0.000000000000000000e+00	1.351861762326102001e-01	7.953145960721005880e-02	3.321796644101248641e-01	2.049385744997468395e-01	9.570121511780167733e-02	4.276374210010970567e-02	1.096991680323956969e-01
1.451331064096585077e+00	1.351457700966421926e-01	7.950428914264351388e-02	3.321747400415290818e-01	2.049779943858958953e-01	9.571886327719830723e-02	4.275139349793476845e-02	1.097269495581498222e-01
2.902662128193170155e+00	1.351086025508878019e-01	7.947929666818177863e-02	3.321793381959380342e-01	2.050185939918087175e-01	9.573706921889650612e-02	4.272222516537445974e-02	1.097548742089028001e-01
4.353993192289754788e+00	1.350746326897236949e-01	7.945642729224107470e-02	3.321934636762756132e-01	2.050602106430507721e-01	9.575576419219980484e-02	4.267661174320767220e-02	1.097828897633151279e-01
5.805324256386340309e+00	1.350438337528639121e-01	7.943564675751427218e-02	3.322167387442849229e-01	2.051026333304480087e-01	9.577485379961803158e-02	4.261539434102879637e-02	1.098108992742460044e-01
7.256655320482926719e+00	1.350161572534446519e-01	7.941690159639926139e-02	3.322487002349102103e-01	2.051457977016172551e-01	9.579431055152905217e-02	4.253923574366109267e-02	1.098388969184455194e-01
8.707986384579509576e+00	1.349916094377575093e-01	7.940017894991381608e-02	3.322890299481113807e-01	2.051896664137751181e-01	9.581412035061823151e-02	4.244850644423224517e-02	1.098668884555851072e-01
1.015931744867609687e+01	1.349701042453059774e-01	7.938540743887984030e-02	3.323368859645531859e-01	2.052342110072673254e-01	9.583426652360720055e-02	4.234424463913299963e-02	1.098948801812523884e-01
1.161064851277268062e+01	1.349516152140117775e-01	7.937256026556724353e-02	3.323916276775127354e-01	2.052791699547380500e-01	9.585463150462140980e-02	4.222768014082507043e-02	1.099227152426971443e-01
1.306197957686926614e+01	1.349321568087855638e-01	7.935929499454413838e-02	3.324491303229593075e-01	2.052539014781983306e-01	9.584108831685339558e-02	4.226696702407389122e-02	1.098974610545608716e-01
1.451331064096584811e+01	1.349234127379342063e-01	7.935242417594627617e-02	3.325184803725704241e-01	2.053708561620012085e-01	9.589626996857107677e-02	4.196008023388812097e-02	1.099784763490904010e-01
1.596464170506243541e+01	1.348308327738933221e-01	7.929652187229588312e-02	3.315067867803334623e-01	2.047903789370420224e-01	9.562116283198453248e-02	4.435965028461718446e-02	1.095946665198362230e-01
1.741597276915901915e+01	1.347622086734878988e-01	7.925464192798438445e-02	3.302069770176871977e-01	2.049284339721859916e-01	9.569337227284352432e-02	4.540342343160926747e-02	1.097509427042048097e-01
1.886730383325560467e+01	1.347165805771017577e-01	7.922634820058277461e-02	3.292418302347904224e-01	2.052204644340175910e-01	9.583316890036837343e-02	4.577415838041679064e-02	1.099874492727214992e-01
2.031863489735219375e+01	1.346819212345798655e-01	7.920459885094105479e-02	3.285641244060639177e-01	2.054735925804899999e-01	9.595158447365524645e-02	4.594857515998868047e-02	1.101756032942667329e-01
2.176996596144877216e+01	1.346522305884123583e-01	7.918585777153656913e-02	3.280689687387527975e-01	2.056693658776548306e-01	9.604193280798209442e-02	4.607536622313408714e-02	1.103062779925105680e-01
2.322129702554536124e+01	1.346268239607193717e-01	7.916971866495134402e-02	3.277048708615937778e-01	2.058223239928905213e-01	9.611165288288865682e-02	4.616507332256616913e-02	1.103995363143567415e-01
2.467262808964194321e+01	1.346058470362382631e-01	7.915626495162028653e-02	3.274538435656828006e-01	2.059353904964220938e-01	9.616251375041845462e-02	4.621766218483178146e-02	1.104684780147380391e-01
2.612395915373852873e+01	1.345872671671037857e-01	7.914429790763910511e-02	3.272607516815606021e-01	2.060250046714967587e-01	9.620250485915451955e-02	4.626249001430263880e-02	1.105176836987506739e-01
2.757529021783512135e+01	1.345711188422348825e-01	7.913383129488826828e-02	3.271151896103127177e-01	2.060954215348902996e-01	9.623365544302367458e-02	4.629708020612335190e-02	1.105537030685129624e-01
2.902662128193169622e+01	1.345557556212905459e-01	7.912389041206842333e-02	3.269697979232347174e-01	2.061677158554731937e-01	9.626539735869439618e-02	4.634121986660164061e-02	1.105762229626100213e-01
3.047795234602828529e+01	1.345437704403709134e-01	7.911601563476290677e-02	3.268854182561689026e-01	2.062126650607606360e-01	9.628499434558773773e-02	4.636110929394352681e-02	1.105960269683855940e-01
3.192928341012487081e+01	1.345347250077752466e-01	7.910995155720071392e-02	3.268532436840196342e-01	2.062315480825627489e-01	9.629312773047521423e-02	4.636246473594264617e-02	1.106149392020435718e-01
3.338061447422144568e+01	1.345259589501203168e-01	7.910413475377658932e-02	3.268012240360805842e-01	2.062607078146733997e-01	9.630572874005316475e-02	4.637649634676467569e-02	1.106257493585247886e-01
3.483194553831803830e+01	1.345185862047104108e-01	7.909924041017946106e-02	3.267583329171366291e-01	2.062854676384340558e-01	9.631639109200031135e-02	4.638869258605751028e-02	1.106332891514767436e-01
3.628327660241462382e+01	1.345126631958470653e-01	7.909533962613669866e-02	3.267270284446985862e-01	2.063041244184766754e-01	9.632439439735221431e-02	4.639770959339140771e-02	1.106387403240760570e-01
3.773460766651120935e+01	1.345080286372626333e-01	7.909239516115336432e-02	3.267028365065197115e-01	2.063188927543553319e-01	9.633071356593993217e-02	4.640505184443949327e-02	1.106420815303384431e-01
3.918593873060779487e+01	1.345046069267359090e-01	7.909048983866320826e-02	3.266842777027652023e-01	2.063303545116197679e-01	9.633560926475470687e-02	4.641105721344165880e-02	1.106436045419959685e-01
4.063726979470438749e+01	1.345026775710118916e-01	7.909008624826158185e-02	3.266770168578872480e-01	2.063349985708098910e-01	9.633756555405548205e-02	4.641352443813148709e-02	1.106441307598376445e-01
4.208860085880096591e+01	1.345021650527549462e-01	7.909205442177121015e-02	3.266662182544151083e-01	2.063405478705436780e-01	9.633992539981803271e-02	4.641770948796827834e-02	1.106413795127215716e-01
4.353993192289755143e+01	1.345082141166124290e-01	7.910508529695607638e-02	3.266776153733347288e-01	2.063271358803905609e-01	9.633398733526479796e-02	4.641382386350786232e-02	1.106341381339155383e-01
4.499126298699413695e+01	1.345799520162137275e-01	7.920762570472184017e-02	3.267598121908307784e-01	2.062131655755610748e-01	9.628383750228924898e-02	4.637741062575174295e-02	1.105781963846105970e-01
4.644259405109072247e+01	1.345890845535090696e-01	7.922651574484654291e-02	3.267598022826312398e-01	2.062006699006202759e-01	9.627810494199919022e-02	4.637289559572237152e-02	1.105729269806532411e-01
4.789392511518730089e+01	1.345819508534208953e-01	7.922492768218901416e-02	3.267459316219767929e-01	2.062105949412819939e-01	9.628219348999385307e-02	4.637550507816792095e-02	1.105788963329568664e-01
4.934525617928388641e+01	1.345620474924697774e-01	7.921481957242550165e-02	3.268026919195412550e-01	2.061966843886503253e-01	9.627569187557584451e-02	4.637313685833220622e-02	1.105749278929872847e-01
5.079658724338047904e+01	1.345491380615889410e-01	7.919739641446650602e-02	3.268215468104989085e-01	2.062018174529312020e-01	9.627762228660838306e-02	4.637438857077504084e-02	1.105780904031036238e-01
5.224791830747705745e+01	1.345371719811410127e-01	7.918388273742733852e-02	3.268229076015821688e-01	2.062126030048508640e-01	9.628217512830652969e-02	4.637710133392466266e-02	1.105841582127469330e-01
5.369924937157365008e+01	1.345264526154338336e-01	7.917281946095404421e-02	3.268184429537382973e-01	2.062238074133451171e-01	9.628731378121475892e-02	4.637932455029741829e-02	1.105918392249866655e-01
5.515058043567024271e+01	1.345166917663196127e-01	7.916336536776952260e-02	3.268080027567187851e-01	2.062374065814873703e-01	9.629319551674614397e-02	4.638283262754626379e-02	1.105985053833923731e-01
5.660191149976681402e+01	1.345079898694229725e-01	7.915497266626259076e-02	3.268084237647810308e-01	2.062429273468844582e-01	9.629682890051793898e-02	4.638634765833257040e-02	1.106025097937755469e-01
5.805324256386339954e+01	1.345007609130704773e-01	7.914619552158075333e-02	3.268527474677788147e-01	2.062293009583686387e-01	9.629130132927822550e-02	4.638331141889685122e-02	1.105963823909988236e-01
5.950457362795999217e+01	1.344953070349738100e-01	7.913883769504141685e-02	3.269124823694992132e-01	2.062073605695969314e-01	9.628211164448760573e-02	4.637746085139781566e-02	1.105864398349781508e-01
6.095590469205657058e+01	1.344914917110169861e-01	7.913280590167201534e-02	3.269917266043021464e-01	2.061754718645088247e-01	9.626847120630341315e-02	4.636833019518115523e-02	1.105717025169902640e-01
6.240723575615316321e+01	1.344892148474908233e-01	7.912801757738809061e-02	3.270969503668186285e-01	2.061308638632585455e-01	9.624913386614616928e-02	4.635524694805301382e-02	1.105505725308150305e-01
6.385856682024974162e+01	1.344883874444796901e-01	7.912438367774859982e-02	3.272368690179784378e-01	2.060699690866471256e-01	9.622239301978183224e-02	4.633720610710231197e-02	1.105207916462392082e-01
6.530989788434632715e+01	1.344889584898221191e-01	7.912184567039087790e-02	3.274240962365884133e-01	2.059874829019984199e-01	9.618577483206973422e-02	4.631287135653425896e-02	1.104789705125756027e-01
6.676122894844290556e+01	1.344910020811644347e-01	7.912041559645587030e-02	3.276766358445647453e-01	2.058763765530471634e-01	9.613594857464814736e-02	4.628051329236037431e-02	1.104191080577265893e-01
6.821256001253949819e+01	1.344946391081415227e-01	7.912013587074427645e-02	3.280250171580274543e-01	2.057239971006646628e-01	9.606673981653611472e-02	4.623684706271682932e-02	1.103326238831463108e-01
6.966389107663607660e+01	1.344999834985194376e-01	7.912104170450487417e-02	3.285153167893218318e-01	2.055108636097176256e-01	9.596845632784441193e-02	4.617699450190749372e-02	1.102073435681487218e-01
7.111522214073266923e+01	1.345064946543033657e-01	7.912278125650494542e-02	3.291923336360362828e-01	2.052185514616989837e-01	9.583133855844283566e-02	4.610718671129545448e-02	1.100213137216932147e-01
7.256655320482924765e+01	1.345145495274178704e-01	7.912555285367953162e-02	3.301582250527830276e-01	2.048031716747914510e-01	9.563382835260252068e-02	4.601706514863706382e-02	1.097476073900498783e-01
7.401788426892584027e+01	1.345256301012096589e-01	7.913020952285688969e-02	3.315866654928458224e-01	2.041960072208358901e-01	9.534025104090861069e-02	4.587588832357589186e-02	1.093453482977380098e-01
7.546921533302243290e+01	1.345234836400555078e-01	7.912723756431122579e-02	3.317181695971564981e-01	2.041486053180015248e-01	9.531452225313923055e-02	4.586394530655252960e-02	1.093040363207533477e-01
7.692054639711901132e+01	1.345193723153401133e-01	7.912322083300944719e-02	3.316070932172545116e-01	2.042044899692176396e-01	9.533982079037407742e-02	4.587409927569410795e-02	1.093319035990821392e-01
7.837187746121560394e+01	1.345153972453137226e-01	7.911937660666854000e-02	3.314968102179984277e-01	2.042605409451633269e-01	9.536429194729351133e-02	4.588278596063600362e-02	1.093607970769029381e-01
7.982320852531218236e+01	1.345118680085389540e-01	7.911588556607977718e-02	3.313881401172281138e-01	2.043178103443083482e-01	9.538948899170579532e-02	4.588557720652908234e-02	1.093912297655749433e-01
8.127453958940877499e+01	1.345086361840028000e-01	7.911264279546816047e-02	3.312810136724150256e-01	2.043772386292799226e-01	9.541476405046338261e-02	4.588399221725935478e-02	1.094217124510921818e-01
8.272587065350533919e+01	1.345055809293013438e-01	7.910957593608697325e-02	3.311755380693801043e-01	2.044380838959632130e-01	9.544060458159880911e-02	4.587790023281343443e-02	1.094527163548265764e-01
8.417720171760193182e+01	1.345026997306522365e-01	7.910667470233864740e-02	3.310721609295409484e-01	2.045009262102335801e-01	9.546716897274545865e-02	4.586586771312081007e-02	1.094845017413287047e-01
8.562853278169852445e+01	1.344999842930222900e-01	7.910393228731137094e-02	3.309711613532270169e-01	2.045664837453531060e-01	9.549481735997322751e-02	4.584609522435616896e-02	1.095175257367305560e-01
8.707986384579510286e+01	1.344974105255907215e-01	7.910132517789898732e-02	3.308727199187074253e-01	2.046355369304433125e-01	9.552386210750860029e-02	4.581682329607930648e-02	1.095523220437449735e-01
8.853119490989169549e+01	1.344949385250278906e-01	7.909882652305340323e-02	3.307771937197079848e-01	2.047089328338209668e-01	9.555446450394526614e-02	4.577617243665051822e-02	1.095894714577739237e-01
8.998252597398827390e+01	1.344925267892894682e-01	7.909641523560868859e-02	3.306848045386832080e-01	2.047871629870108845e-01	9.558747847092285976e-02	4.572188879605288553e-02	1.096297231824093360e-01
9.143385703808483811e+01	1.344900758937717378e-01	7.909403158366955233e-02	3.305951733951900673e-01	2.048673362543985410e-01	9.563065015746217978e-02	4.564845147007531856e-02	1.096742812454054583e-01
9.288518810218144495e+01	1.344875257729022944e-01	7.909163422361749352e-02	3.305091070388099239e-01	2.049527125670401184e-01	9.567811790320329690e-02	4.555843846791630264e-02	1.097224640264582163e-01
9.433651916627800915e+01	1.344847767162081209e-01	7.908916951199976286e-02	3.304268615419349575e-01	2.050418669221324708e-01	9.572930360043198361e-02	4.545440178065852932e-02	1.097736199266035884e-01
9.578785023037458757e+01	1.344818550605381968e-01	7.908665409989509842e-02	3.303485000136263672e-01	2.051358366347165729e-01	9.578303924230359423e-02	4.533610476227177555e-02	1.098280101865928143e-01
9.723918129447119441e+01	1.344794293617243286e-01	7.908448698407763433e-02	3.302678201893950449e-01	2.052634261956513273e-01	9.583132389760253000e-02	4.517699344302716913e-02	1.098965199284881733e-01
9.869051235856777282e+01	1.344750511262221560e-01	7.908123150935401913e-02	3.301975623370808077e-01	2.053304682047055463e-01	9.586270458757167878e-02	4.511688882842248421e-02	1.099360934066056089e-01
1.001418434226643654e+02	1.344702475857065815e-01	7.907779710015858110e-02	3.301322753961187240e-01	2.053815458365115809e-01	9.588662809318501679e-02	4.508485526842085506e-02	1.099666507198542587e-01
1.015931744867609581e+02	1.344652948931098213e-01	7.907435137419166482e-02	3.300716718845870812e-01	2.054235288971820172e-01	9.590646734706177734e-02	4.506674221021395033e-02	1.099919433936026175e-01
1.030445055508575223e+02	1.344602766385641635e-01	7.907096628572407582e-02	3.300164346394435233e-01	2.054564113874752240e-01	9.592209134847493046e-02	4.506205031292420671e-02	1.100117693873703395e-01
1.044958366149541149e+02	1.344552218234580099e-01	7.906768076045410376e-02	3.299683403647524216e-01	2.054767495083802131e-01	9.593149333756102737e-02	4.507653246322971402e-02	1.100239817421199973e-01
1.059471676790506933e+02	1.344504407668747903e-01	7.906470877952714860e-02	3.299256282012213992e-01	2.054991575057978914e-01	9.594209549808624393e-02	4.508064660657028905e-02	1.100373226418796396e-01
1.073984987431473002e+02	1.344458516856472663e-01	7.906196735515796936e-02	3.298888096044719220e-01	2.055154260455339110e-01	9.594944574855354680e-02	4.509187789551077907e-02	1.100466216650738127e-01
1.088498298072438786e+02	1.344415074458620851e-01	7.905995350691490120e-02	3.298618733503829725e-01	2.055230725971253780e-01	9.595352082432465068e-02	4.510899912234934278e-02	1.100510731530040948e-01
1.103011608713404854e+02	1.344376320137852243e-01	7.905874272486833332e-02	3.298431776825851980e-01	2.055218370008820017e-01	9.595308812490124795e-02	4.513570346860097671e-02	1.100498189843431562e-01
1.117524919354370354e+02	1.344350823158338148e-01	7.905985704758267119e-02	3.298403539564510045e-01	2.055152183682212030e-01	9.595011444738853201e-02	4.515427177333664055e-02	1.100451020911460409e-01
1.132038229995336138e+02	1.344378262457114337e-01	7.906991620455747216e-02	3.298848449744434808e-01	2.054938368635907120e-01	9.594009316350739225e-02	4.514275888882610110e-02	1.100307236593189852e-01
1.146551540636302207e+02	1.344679188035141360e-01	7.911498078349041285e-02	3.300812707485988873e-01	2.055046643385108063e-01	9.594393973858361679e-02	4.485528445183627200e-02	1.100319411354147431e-01
1.161064851277267991e+02	1.344795065152532554e-01	7.913125963648011407e-02	3.301215327716342518e-01	2.054655718051475732e-01	9.592538491539311096e-02	4.487217507039145681e-02	1.100045692856554402e-01
1.175578161918234059e+02	1.313592294597389631e-01	8.226241113035107078e-02	3.384564462012081831e-01	2.023683089659875367e-01	9.446574692114058369e-02	4.266846659947323706e-02	1.084193907220522973e-01
1.190091472559199559e+02	1.306019914028330453e-01	8.320804807801453207e-02	3.414289380606970736e-01	2.008442329580406305e-01	9.375677001269203115e-02	4.257618456773708954e-02	1.075838349199248617e-01
1.204604783200165627e+02	1.339500170326583250e-01	7.988469153164617920e-02	3.338637939182939052e-01	2.041891618984995604e-01	9.533590248253653865e-02	4.344531033020141569e-02	1.093311228061245727e-01
1.219118093841131412e+02	1.343016628402166901e-01	7.951569372027872395e-02	3.323359077645128834e-01	2.047238022387985468e-01	9.558292951485958255e-02	4.394595614794367250e-02	1.095940477733468033e-01
1.233631404482097196e+02	1.344075226149895885e-01	7.939598138950569595e-02	3.318587701710431492e-01	2.047375878141030614e-01	9.559012711557363096e-02	4.442377572049418383e-02	1.095862351742356022e-01
1.248144715123063264e+02	1.344580174347900781e-01	7.933029052724738239e-02	3.314822679580979869e-01	2.047185437082442994e-01	9.558144674157578735e-02	4.486292887282569697e-02	1.095665047571689893e-01
1.262658025764029048e+02	1.344849198602664220e-01	7.928871182495815517e-02	3.312075357339372417e-01	2.046885972697198020e-01	9.556821813557497824e-02	4.521198381481527501e-02	1.095500333606753696e-01
1.277171336404994832e+02	1.345005797710359663e-01	7.925973533269686788e-02	3.309901330375412676e-01	2.046729057167781807e-01	9.556184173952739225e-02	4.546754016768168871e-02	1.095472642346946163e-01
1.291684647045960617e+02	1.345102828109666360e-01	7.923842139997218370e-02	3.308105243877832446e-01	2.046746649664394901e-01	9.556355688375922641e-02	4.564604717950272728e-02	1.095565023715266290e-01
1.306197957686926259e+02	1.345149571365303609e-01	7.922143801106826255e-02	3.306779260097930662e-01	2.046672908174688998e-01	9.553001412686777660e-02	4.582622143926106534e-02	1.095621524589545509e-01
1.320711268327892469e+02	1.345200358769156057e-01	7.920914423691459427e-02	3.305480158886155428e-01	2.047035267478929943e-01	9.554381489359523028e-02	4.588968979436947038e-02	1.095857725616416201e-01
1.335224578968858111e+02	1.345221463917333493e-01	7.920062431710639395e-02	3.304600022095834921e-01	2.047289684096459672e-01	9.555404171139933456e-02	4.593172620504171189e-02	1.096024907554357386e-01
1.349737889609824038e+02	1.345182471252464040e-01	7.919708013585062545e-02	3.304654376837433127e-01	2.047160800742007791e-01	9.555286762344052109e-02	4.595143594470641607e-02	1.095988514127582414e-01
1.364251200250789964e+02	1.345137144975425969e-01	7.919275662659791548e-02	3.304703485148534070e-01	2.047053830767435745e-01	9.555409675558546034e-02	4.596668778420496398e-02	1.095970127444135245e-01
1.378764510891755890e+02	1.345087244723020270e-01	7.918784757590172085e-02	3.304754717916372764e-01	2.046984320334839236e-01	9.555433811880584272e-02	4.597893558789862417e-02	1.095962504199131937e-01
1.393277821532721532e+02	1.345033931257886284e-01	7.918250696184060688e-02	3.304810860551137264e-01	2.046935386620868380e-01	9.555455654462403914e-02	4.598875228446692998e-02	1.095961663660250107e-01
1.407791132173687458e+02	1.344978511389797182e-01	7.917689518521600633e-02	3.304875485207357522e-01	2.046898688782168296e-01	9.555474940073085954e-02	4.599667129114535374e-02	1.095964155849179500e-01
1.422304442814653100e+02	1.344922296113519877e-01	7.917116801229528988e-02	3.304952592799585420e-01	2.046867570814981385e-01	9.555483628051181233e-02	4.600303976778000181e-02	1.095967099665439842e-01
1.436817753455619311e+02	1.344866642522849487e-01	7.916547576152055399e-02	3.305045311307980294e-01	2.046838168641457179e-01	9.555467393025050826e-02	4.600805247639666584e-02	1.095967855845459971e-01
1.451331064096584669e+02	1.344813654503357048e-01	7.916000983629276067e-02	3.305158832637189459e-01	2.046803736964173115e-01	9.555442701028707408e-02	4.601077288026837048e-02	1.095971678626225104e-01
1.465844374737550879e+02	1.344763107576155692e-01	7.915480775259006729e-02	3.305295060313942490e-01	2.046746198623974888e-01	9.555428150749639693e-02	4.601203303150053908e-02	1.095984410569429551e-01
1.480357685378516805e+02	1.344715991189441850e-01	7.914997427717508638e-02	3.305451680461044539e-01	2.046667900709897014e-01	9.555424434070501627e-02	4.601194537114279559e-02	1.096002787748770746e-01
1.494870996019482732e+02	1.344673682528803871e-01	7.914563320031378635e-02	3.305631659393556410e-01	2.046530660824252557e-01	9.555616738666439236e-02	4.600823057967483309e-02	1.096063685586341346e-01
1.509384306660448374e+02	1.344633092630159177e-01	7.914162057213955381e-02	3.305821866422082311e-01	2.046485457526933116e-01	9.555198048093598018e-02	4.601104942768857731e-02	1.096013078612584485e-01
1.523897617301414300e+02	1.344597812696321226e-01	7.913818734666114296e-02	3.306038412329017628e-01	2.046436882033367266e-01	9.554646497345717360e-02	4.601323914717635188e-02	1.095947978267773348e-01
1.538410927942380226e+02	1.344568341554756574e-01	7.913538347227519476e-02	3.306279419152144960e-01	2.046357805887963621e-01	9.554139785627510650e-02	4.601372827891789252e-02	1.095889337329814528e-01
1.552924238583345868e+02	1.344544873467003465e-01	7.913323536502708810e-02	3.306544854230101249e-01	2.046258001243717040e-01	9.553607277243605922e-02	4.601314159962410083e-02	1.095827773687668288e-01
1.567437549224311510e+02	1.344527496575150249e-01	7.913175884959709749e-02	3.306834002579158716e-01	2.046140819458354687e-01	9.553025420340600926e-02	4.601174101787779136e-02	1.095760140677890931e-01
1.581950859865277721e+02	1.344516325991225170e-01	7.913097011592290508e-02	3.307147605291573256e-01	2.046006946301009710e-01	9.552382921707916474e-02	4.600962253363596877e-02	1.095684903749206685e-01
1.596464170506243647e+02	1.344511350499263125e-01	7.913087009571323494e-02	3.307484691517558750e-01	2.045857644023093003e-01	9.551675016469092505e-02	4.600686911441422000e-02	1.095601420211300553e-01
1.610977481147209289e+02	1.344509961338662962e-01	7.913116388160278125e-02	3.307835166378109704e-01	2.045700938121249035e-01	9.550956364489002204e-02	4.600362445674268524e-02	1.095510414329040755e-01
1.625490791788175216e+02	1.344519125943401672e-01	7.913265651243749088e-02	3.308229901843771636e-01	2.045513448813204016e-01	9.550058735202052174e-02	4.599960314494889319e-02	1.095409053304882002e-01
1.640004102429141142e+02	1.344525878122959650e-01	7.913387489761233851e-02	3.308619790878197242e-01	2.045333157372635213e-01	9.549228975331973401e-02	4.599548038284642648e-02	1.095304723287738730e-01
1.654517413070107068e+02	1.344541809568806923e-01	7.913612352623529411e-02	3.309048314628458831e-01	2.045129052422461069e-01	9.548277397756467499e-02	4.599070473724493208e-02	1.095184800969151162e-01
1.669030723711072710e+02	1.344566446205098242e-01	7.913938522782927587e-02	3.309511900776400117e-01	2.044897537577178570e-01	9.547184096566474487e-02	4.598537845364107646e-02	1.095058068969285842e-01
1.683544034352038636e+02	1.344588330873854043e-01	7.914232746498849058e-02	3.309977819376329067e-01	2.044670607238379956e-01	9.546125310319215906e-02	4.597992246175994224e-02	1.094928212211372931e-01
1.698057344993004278e+02	1.344611677550763829e-01	7.914543095482402812e-02	3.310461451135412458e-01	2.044435241439724604e-01	9.545025666293818767e-02	4.597413334247130168e-02	1.094793420271070045e-01
1.712570655633970489e+02	1.344635440044400221e-01	7.914857881084033653e-02	3.310959587470336252e-01	2.044193790398136090e-01	9.543895861225858146e-02	4.596807618546227409e-02	1.094655046000747034e-01
1.727083966274936131e+02	1.344658414334757301e-01	7.915163902231520110e-02	3.311467505060425864e-01	2.043949326502138286e-01	9.542750580937807425e-02	4.596183897544892788e-02	1.094514916030489282e-01
1.741597276915902057e+02	1.344679663694213489e-01	7.915450669003074036e-02	3.311981442761116612e-01	2.043704367066546679e-01	9.541602227791366742e-02	4.595549692826655236e-02	1.094374267515334231e-01
1.756110587556867983e+02	1.344698298757003863e-01	7.915708441467900203e-02	3.312496203317643606e-01	2.043462095451827887e-01	9.540468182451675161e-02	4.594916539364943264e-02	1.094234086144380558e-01
1.770623898197833910e+02	1.344713727068654885e-01	7.915930160820906780e-02	3.313008322960071528e-01	2.043224511962695722e-01	9.539355208912109196e-02	4.594285474192688623e-02	1.094096353615331418e-01
1.785137208838799552e+02	1.344725528438024953e-01	7.916110791933750335e-02	3.313515043908593638e-01	2.042993262677059718e-01	9.538270763655810891e-02	4.593660359345989180e-02	1.093961973482009409e-01
1.799650519479765478e+02	1.344733381309467513e-01	7.916246696128628746e-02	3.314013062373943330e-01	2.042770170698740839e-01	9.537222865635158753e-02	4.593045032243826820e-02	1.093831926216352751e-01
1.814163830120731689e+02	1.344737171436160839e-01	7.916336372453287862e-02	3.314500803617020930e-01	2.042556073931998672e-01	9.536215203598320811e-02	4.592441339943097167e-02	1.093706659414611232e-01
1.828677140761696762e+02	1.344736863238665814e-01	7.916379420220255592e-02	3.314976591201431733e-01	2.042351901272147496e-01	9.535251365359601050e-02	4.591850018455926469e-02	1.093586563883405527e-01
1.843190451402662688e+02	1.344732505913804887e-01	7.916376440034325612e-02	3.315438310044312997e-01	2.042158684750777498e-01	9.534335134353563723e-02	4.591271983286634994e-02	1.093472143522905005e-01
1.857703762043628899e+02	1.344724313985161679e-01	7.916329567669529166e-02	3.315884163018792408e-01	2.041977215332076157e-01	9.533469247771608757e-02	4.590707016523537520e-02	1.093363724466710762e-01
1.872217072684594825e+02	1.344712482534153042e-01	7.916241148439553954e-02	3.316310767396076220e-01	2.041809109979202397e-01	9.532659716488432744e-02	4.590155399629267108e-02	1.093262013634090091e-01
1.886730383325560467e+02	1.344697346214557554e-01	7.916114701097796968e-02	3.316715939070959962e-01	2.041655355304201336e-01	9.531909619586356741e-02	4.589615452774672283e-02	1.093167382063597454e-01
1.901243693966526394e+02	1.344679266850301036e-01	7.915954118397391936e-02	3.317098072106021145e-01	2.041516688783621136e-01	9.531220850657966259e-02	4.589084567361594036e-02	1.093080018617554328e-01
1.915757004607492320e+02	1.344658569431515793e-01	7.915763169701271751e-02	3.317455882669810285e-01	2.041393912151721890e-01	9.530595036994032876e-02	4.588558123441148495e-02	1.093000002732466280e-01
1.930270315248458530e+02	1.344635740939764679e-01	7.915546697583117353e-02	3.317791574395064780e-01	2.041286106128284428e-01	9.530026179839816425e-02	4.588027264515175119e-02	1.092926564342303619e-01
1.944783625889423888e+02	1.344611148381018584e-01	7.915308709171373081e-02	3.318106456315983444e-01	2.041193009478509401e-01	9.529511256694578325e-02	4.587482271634692882e-02	1.092859162073623602e-01
1.959296936530389530e+02	1.344585212655602935e-01	7.915053549517003795e-02	3.318402183406202743e-01	2.041114371384130655e-01	9.529046710036218060e-02	4.586910122571052212e-02	1.092797194340815042e-01
1.973810247171356025e+02	1.340311970967794364e-01	7.964426471214688941e-02	3.341401163447370037e-01	2.030642928080613197e-01	9.480081231763318184e-02	4.561538192094533734e-02	1.087039347996193728e-01
1.988323557812321667e+02	1.332334503344059229e-01	8.045396775390087352e-02	3.365743231906313526e-01	2.019682369752765216e-01	9.428696846386494523e-02	4.536574637601516191e-02	1.081173069058221081e-01
2.002836868453287593e+02	1.304218059955092046e-01	8.318126410603217391e-02	3.421258943926397400e-01	1.994916695093528203e-01	9.311644628999712903e-02	4.482532441060926159e-02	1.068375952957751340e-01
2.017350179094252667e+02	1.306786779845332813e-01	8.283623411166819717e-02	3.410676610430430911e-01	2.000127414134528214e-01	9.335649134845239172e-02	4.493157960659530797e-02	1.071166144921732732e-01
2.031863489735219162e+02	1.309449988546813604e-01	8.249992252569819662e-02	3.400022143142393261e-01	2.005311724485452918e-01	9.359502326437439679e-02	4.503306046969499793e-02	1.073936081226814221e-01
2.046376800376184804e+02	1.312184637600811443e-01	8.217360605398783824e-02	3.389381157859228666e-01	2.010442446346670242e-01	9.383070936460871647e-02	4.512769947457096614e-02	1.076671609260794193e-01
2.060890111017150730e+02	1.314968044693361482e-01	8.185827099950548913e-02	3.378830412771233749e-01	2.015499674146865594e-01	9.406256083700065274e-02	4.521307055655590657e-02	1.079362844457058962e-01
2.075403421658116940e+02	1.344393354403251306e-01	7.912966484933633970e-02	3.320275251759776669e-01	2.041061312973673769e-01	9.527195085169479216e-02	4.575516808398759350e-02	1.092702243012278057e-01
2.089916732299082298e+02	1.344378573357784268e-01	7.912761964469121334e-02	3.320464963730571095e-01	2.041192066554513296e-01	9.527405616772902097e-02	4.572019508263405752e-02	1.092745687405712457e-01
2.104430042940047940e+02	1.344368205013585227e-01	7.912587121231384746e-02	3.320648606815487791e-01	2.041384476308706897e-01	9.527845904140659627e-02	4.567346288158996570e-02	1.092820780508233225e-01
2.118943353581013866e+02	1.344390396841298185e-01	7.912609089461680734e-02	3.320845300168671077e-01	2.041097779361796816e-01	9.535673487992087083e-02	4.549346510462234233e-02	1.093903614835763372e-01
2.133456664221980077e+02	1.344387101535002849e-01	7.912482707521578673e-02	3.321006290224216562e-01	2.041425113819063664e-01	9.538169033577606482e-02	4.539918249833446717e-02	1.094124495327562924e-01
2.147969974862946003e+02	1.344498861811734558e-01	7.913049927089804703e-02	3.321362618028095848e-01	2.044946509456862793e-01	9.489765242960307434e-02	4.531623522678673854e-02	1.095748141429548211e-01
2.162483285503911929e+02	1.344404744107140504e-01	7.912394832296330838e-02	3.321356720189431178e-01	2.042734788578245420e-01	9.542516427490826958e-02	4.512516910150021765e-02	1.094760930130540266e-01
2.176996596144877287e+02	1.344465510203266545e-01	7.912669750694366344e-02	3.321584107494623961e-01	2.044821460904562294e-01	9.518268137374091831e-02	4.501446449789981569e-02	1.095890487610856612e-01
2.191509906785843498e+02	1.344467824530025668e-01	7.912596935582784374e-02	3.321694639083810352e-01	2.045636756734354467e-01	9.527767523375810232e-02	4.482184262588556622e-02	1.095945907496208016e-01
2.206023217426809140e+02	1.344484786251101960e-01	7.912605270071597363e-02	3.321759090338182174e-01	2.046513659565928067e-01	9.558879513651480364e-02	4.434156483498975787e-02	1.096678337121709673e-01
2.220536528067775066e+02	1.344523012392991879e-01	7.912755209077441954e-02	3.321900589312243302e-01	2.048442407950891164e-01	9.566561357635526563e-02	4.396626821099625104e-02	1.097539651561698359e-01
2.235049838708740708e+02	1.344564618593858674e-01	7.912930141832535957e-02	3.322033600754426552e-01	2.050724853328340924e-01	9.575451555791364422e-02	4.353183954328592592e-02	1.098520362127218819e-01
2.249563149349706919e+02	1.344607349016909981e-01	7.913117291871499259e-02	3.322156133639911912e-01	2.053314428162846816e-01	9.585342868744349543e-02	4.304792493920003849e-02	1.099596823725805111e-01
2.264076459990672276e+02	1.344566838494795635e-01	7.912831404847779637e-02	3.322199295432150534e-01	2.053312905624580242e-01	9.585202810923049155e-02	4.305421780044939306e-02	1.099575360865934215e-01
2.278589770631638487e+02	1.344525458804755047e-01	7.912548822491013989e-02	3.322234881507079574e-01	2.053158456965913925e-01	9.584499110234730168e-02	4.308821048237908985e-02	1.099494304624981655e-01
2.293103081272604413e+02	1.344488809089800230e-01	7.912301987159051087e-02	3.322269791590137245e-01	2.053031002718707365e-01	9.583921313591015068e-02	4.311597429179132163e-02	1.099428323607516272e-01
2.307616391913570340e+02	1.344456481233239353e-01	7.912088353096852211e-02	3.322305477191772605e-01	2.052927230938571268e-01	9.583453965301219624e-02	4.313807933450647392e-02	1.099375785450575765e-01
2.322129702554535982e+02	1.344428401679189089e-01	7.911907767485144849e-02	3.322343284837301347e-01	2.052845323463822202e-01	9.583088999370234506e-02	4.315476620597740592e-02	1.099335651273399828e-01
2.336643013195501624e+02	1.344404504458368843e-01	7.911759747858307379e-02	3.322385140988363128e-01	2.052784348281542215e-01	9.582822066806552519e-02	4.316603990178927153e-02	1.099307425786443526e-01
2.351156323836468118e+02	1.344384551774733261e-01	7.911642803779586619e-02	3.322431033505647835e-01	2.052742643612931461e-01	9.582644602566772751e-02	4.317233219339391276e-02	1.099289708537171950e-01
2.365669634477433476e+02	1.344368776703571133e-01	7.911558452729973434e-02	3.322481797855071917e-01	2.052720898763886470e-01	9.582560732996853181e-02	4.317335045338420441e-02	1.099283103569947684e-01
2.380182945118399687e+02	1.344357392081107772e-01	7.911507826365521412e-02	3.322537472296180905e-01	2.052720982436695984e-01	9.582578740201125322e-02	4.316871253790487140e-02	1.099288371149336613e-01
2.394696255759365329e+02	1.344350563827937106e-01	7.911491813153370689e-02	3.322597966766367428e-01	2.052742892492699645e-01	9.582700649998573961e-02	4.315831102261087626e-02	1.099306220370728920e-01
2.409209566400331255e+02	1.344348701341571140e-01	7.911512890247070218e-02	3.322664101411123561e-01	2.052788882158051997e-01	9.582933559971407167e-02	4.314173870162155144e-02	1.099336283050191404e-01
2.423722877041296897e+02	1.344351873032807454e-01	7.911570948288722260e-02	3.322736460275343973e-01	2.052858113399845252e-01	9.583276829220077619e-02	4.311893068783395622e-02	1.099379468661820514e-01
2.438236187682262823e+02	1.344359998119102340e-01	7.911665312932775196e-02	3.322815721148551504e-01	2.052948282370361532e-01	9.583720742052873054e-02	4.309029654652857949e-02	1.099434427397147779e-01
2.452749498323228750e+02	1.344287486384607155e-01	7.911302481734132364e-02	3.322830410471879214e-01	2.050791124714890501e-01	9.571929089471044316e-02	4.360387494553007864e-02	1.097729071851798743e-01
2.467262808964194392e+02	1.344213706878676917e-01	7.910936057134797250e-02	3.322843871213353450e-01	2.048722214143785247e-01	9.561084039075147534e-02	4.407927740289359353e-02	1.096225424113239505e-01
2.481776119605160318e+02	1.344149281768247106e-01	7.910626742508243547e-02	3.322865781647799666e-01	2.047013163185625317e-01	9.552532962818977014e-02	4.445632373683543193e-02	1.095092565496255388e-01
2.496289430246126528e+02	1.344093160145639343e-01	7.910368114804454398e-02	3.322895008089488122e-01	2.045611085159682874e-01	9.545850773407871248e-02	4.475296653847985612e-02	1.094249192398137616e-01
2.510802740887091886e+02	1.344044916209478913e-01	7.910157336490503122e-02	3.322931669683775180e-01	2.044475704093795532e-01	9.540704557364629301e-02	4.498298875661620871e-02	1.093631633060229286e-01
2.525316051528058097e+02	1.344003373085536357e-01	7.909987409949426063e-02	3.322975320535486166e-01	2.043553546342905813e-01	9.536729129952868644e-02	4.516164555034790640e-02	1.093179650541403758e-01
2.539829362169024023e+02	1.343967493346023279e-01	7.909851910782308981e-02	3.323024922275821802e-01	2.042802700228664448e-01	9.533648724302135058e-02	4.530060181138360204e-02	1.092848802526186075e-01
2.554342672809989665e+02	1.343936469077645635e-01	7.909745596926194555e-02	3.323080285424111491e-01	2.042190037141768666e-01	9.531251843288197911e-02	4.540877903446261660e-02	1.092605673989337361e-01
2.568855983450955591e+02	1.343909302550239104e-01	7.909662217108556770e-02	3.323141042614250473e-01	2.041684659562673088e-01	9.529358908585400245e-02	4.549378044014817934e-02	1.092425078300893332e-01
2.583369294091920665e+02	1.343885367382551266e-01	7.909597500025929151e-02	3.323207410331476264e-01	2.041265783791599286e-01	9.527849958209666514e-02	4.556071412425682920e-02	1.092289551427234467e-01
2.597882604732887444e+02	1.343864076910429306e-01	7.909547374661560215e-02	3.323278249894449643e-01	2.040917211145321097e-01	9.526635599691997414e-02	4.561359798758708728e-02	1.092186184737475863e-01
2.612395915373852517e+02	1.309477527953162301e-01	8.236395478413474636e-02	3.398984148230142499e-01	2.007505046672163618e-01	9.369026718830843203e-02	4.488501404664207300e-02	1.074640916952615266e-01
2.626909226014818728e+02	1.307899210131737711e-01	8.255026488881730962e-02	3.405155677927544366e-01	2.004303646200142897e-01	9.354525129648409709e-02	4.486737350598901664e-02	1.073012568826556407e-01
2.641422536655784938e+02	1.306414441629789314e-01	8.273224601244331955e-02	3.411087616212838958e-01	2.001270279428930265e-01	9.340747369134512479e-02	4.483746622036893087e-02	1.071455803485757141e-01
2.655935847296750580e+02	1.305482479608222612e-01	8.286307865163090869e-02	3.414179317820367210e-01	1.999489326809179568e-01	9.333332674520684880e-02	4.482614737288022344e-02	1.070623348063986652e-01
2.670449157937716222e+02	1.308465461613648462e-01	8.260340229102061671e-02	3.396189933151855245e-01	2.006250273714900723e-01	9.369065202090069711e-02	4.501181766732903489e-02	1.076035611725952995e-01
2.684962468578682433e+02	1.311452553078868433e-01	8.234383541981651899e-02	3.378789844649933150e-01	2.012614002472645491e-01	9.401998870509781225e-02	4.510806423723252856e-02	1.082424716175952595e-01
2.699475779219648075e+02	1.325721823628916163e-01	8.095923703845958608e-02	3.353057216135875707e-01	2.025091485451533946e-01	9.456830809677382876e-02	4.538933172521081999e-02	1.086960706178147912e-01
2.713989089860614285e+02	1.335442146366468408e-01	7.997512447173690808e-02	3.328350220004995252e-01	2.035641655453209187e-01	9.508563044340306858e-02	4.565074606137893565e-02	1.093450968409006158e-01
2.728502400501579928e+02	1.338920587718842037e-01	7.961424026281248290e-02	3.320186265407141235e-01	2.039627586332667941e-01	9.526286005489231767e-02	4.575559644305918217e-02	1.094938592932605675e-01
2.743015711142545001e+02	1.340408354132717750e-01	7.945718806655308053e-02	3.317428824537125287e-01	2.041078776633992453e-01	9.532465539812866318e-02	4.580081528570024985e-02	1.095257457191195771e-01
2.757529021783511780e+02	1.341199559383124684e-01	7.937380332968375918e-02	3.317445611453925802e-01	2.041251966991704803e-01	9.532790837428409270e-02	4.581502453323150342e-02	1.094935499798167511e-01
2.772042332424477422e+02	1.341683517648090129e-01	7.932427883212286868e-02	3.319421977737095908e-01	2.040544845436830790e-01	9.529029200522581844e-02	4.580792388870354170e-02	1.094124711916356352e-01
2.786555643065443064e+02	1.342011709717652601e-01	7.929297101882408494e-02	3.323101678417157978e-01	2.039090515853603514e-01	9.521745600078353189e-02	4.578308554956850990e-02	1.092860970318706715e-01
2.801068953706408706e+02	1.342254505690689825e-01	7.927263279721316613e-02	3.328527436143625118e-01	2.036886074922596157e-01	9.510873089400592728e-02	4.574103462126594133e-02	1.091108000117033822e-01
2.815582264347374917e+02	1.342481392541725049e-01	7.925092760719688878e-02	3.332335055470652119e-01	2.035349821453451558e-01	9.503271977149568839e-02	4.571319497341426452e-02	1.089865307011913254e-01
2.830095574988340559e+02	1.342707295723983285e-01	7.922117673012905870e-02	3.330875528583746581e-01	2.036013305512346105e-01	9.506387713754835267e-02	4.573251168138797729e-02	1.090228214688107322e-01
2.844608885629306769e+02	1.342882662602958854e-01	7.919671109779824469e-02	3.329603008014602739e-01	2.036595031571486469e-01	9.509117160290597726e-02	4.574933714258076073e-02	1.090547099376969475e-01
2.859122196270272411e+02	1.343020282553972211e-01	7.917622631905087138e-02	3.328475213643787844e-01	2.037113534349756228e-01	9.511547839263231885e-02	4.576420104575526504e-02	1.090831911876947169e-01
2.873635506911238622e+02	1.343128952768218309e-01	7.915883548501541356e-02	3.327465146491715986e-01	2.037580626750109258e-01	9.513735554856303511e-02	4.577744076276285545e-02	1.091088956025369067e-01
2.888148817552204264e+02	1.343214960363332267e-01	7.914386487708979789e-02	3.326549041044635224e-01	2.038006553207515614e-01	9.515728911292731240e-02	4.578941322216915910e-02	1.091323773261481667e-01
