0.000000000000000000e+00 1.000000000000000000e+00 0.000000000000000000e+00 0.000000000000000000e+00 0.000000000000000000e+00 0.000000000000000000e+00 0.000000000000000000e+00 0.000000000000000000e+00
1.015931744867609510e+00 9.997039133973892877e-01 2.815972592748815337e-04 1.110565502086932487e-06 1.275207432796931951e-06 1.644641062455307502e-06 6.871130445166472003e-06 3.587798891793941431e-06
2.031863489735219019e+00 9.988164371411785147e-01 1.125602629114912795e-03 4.475620757429852906e-06 5.105990674720983175e-06 6.587249677601594887e-06 2.745727047163401329e-05 1.433409811460355105e-05
3.047795234602828529e+00 9.973399058089772451e-01 2.529672492580231982e-03 1.019525033316055739e-05 1.150788669507038683e-05 1.485395695201341458e-05 6.167669076845390863e-05 3.218791369131161111e-05
4.063726979470438039e+00 9.952781074878648271e-01 4.489999641776128494e-03 1.843619893228268594e-05 2.050714559451739794e-05 2.648877195172081569e-05 1.093948928374349424e-04 5.706586104817171771e-05
5.079658724338047548e+00 9.926361582419371832e-01 7.001434117565014104e-03 2.943107722166020502e-05 3.214107184235325654e-05 4.155391511551800410e-05 1.704274481402889157e-04 8.885412817921905636e-05
6.095590469205657058e+00 9.894205061499253828e-01 1.005748160248867880e-02 4.347609836508947235e-05 4.645771948688990602e-05 6.012912222649467226e-05 2.445403199942671542e-04 1.274089875171508131e-04
7.111522214073266568e+00 9.856389655811419459e-01 1.365027356639596234e-02 6.092813118412845078e-05 6.351547572920425758e-05 8.231064743404195529e-05 3.314496373249332158e-04 1.725569607863400334e-04
8.127453958940876078e+00 9.813006165697716332e-01 1.777066590835220047e-02 8.220240708161243427e-05 8.338325522784586781e-05 1.082110845612895819e-04 4.308241560589986304e-04 2.240966189513120960e-04
9.143385703808485587e+00 9.764157786331882916e-01 2.240826763184523493e-02 1.077701674411795399e-04 1.061402058202863075e-04 1.379587626475668261e-04 5.422849112516785804e-04 2.817996878097204778e-04
1.015931744867609510e+01 9.709962015047741701e-01 2.755126451859132158e-02 1.381548446642455626e-04 1.318741311742720245e-04 1.716956617673789074e-04 6.653994840019884479e-04 3.454098550232699311e-04
1.117524919354370461e+01 9.650550680575908924e-01 3.318642169759795230e-02 1.739276601891547448e-04 1.606804975872041738e-04 2.095760502255368377e-04 7.996822402949416240e-04 4.146437965147220929e-04
1.219118093841131412e+01 9.586065998165148594e-01 3.929946395786853425e-02 2.157034445928375120e-04 1.926631565978315531e-04 2.517670676526093348e-04 9.446059816709895599e-04 4.891965751134464595e-04
1.320711268327892363e+01 9.516657938760895163e-01 4.587533215045026119e-02 2.641345470244102684e-04 2.279345014259322459e-04 2.984481524604173778e-04 1.099611324483619782e-03 5.687454480620585421e-04
1.422304442814653314e+01 9.442485824286951379e-01 5.289803814632308004e-02 3.199026172646767647e-04 2.666138676789410835e-04 3.498079132278196393e-04 1.264105766145204529e-03 6.529492606664256179e-04
1.523897617301414265e+01 9.363719220026807122e-01 6.035058394856126357e-02 3.837131086219946899e-04 3.088266429057264862e-04 4.060421851373482278e-04 1.437462895802364823e-03 7.414492162913281998e-04
1.625490791788175216e+01 9.280536545243199820e-01 6.821509626837575502e-02 4.562939938194707592e-04 3.547045309473245830e-04 4.673543594339504966e-04 1.619023935300057922e-03 8.338723878103254531e-04
1.727083966274936344e+01 9.193126846964675414e-01 7.647266493408001742e-02 5.383924221821059569e-04 4.043835708148425172e-04 5.339534393554855752e-04 1.808089480069051055e-03 9.298314570440690359e-04
1.828677140761697117e+01 9.101693832428754405e-01 8.510297086064713690e-02 6.307666926663034902e-04 4.580001793670317178e-04 6.060495075075989857e-04 2.003907861096548317e-03 1.028921655841798103e-03
1.930270315248458246e+01 9.006453739993568464e-01 9.408449558087851605e-02 7.341795518602943927e-04 5.156902897725362247e-04 6.838526148473652796e-04 2.205683711325054797e-03 1.130724251965616826e-03
2.031863489735219019e+01 8.907627887041359438e-01 1.033952311747958208e-01 8.493935555134880105e-04 5.775917291840196094e-04 7.675750213027519300e-04 2.412604002291684254e-03 1.234815812776576295e-03
2.133456664221980148e+01 8.805440016632952727e-01 1.130129375479897030e-01 9.771609117892813678e-04 6.438441466026454665e-04 8.574294986825418139e-04 2.623853562682815048e-03 1.340772668960255520e-03
2.235049838708740921e+01 8.700118919589188149e-01 1.229149036559263886e-01 1.118210238249100260e-03 7.145861368894809978e-04 9.536241101818552059e-04 2.838613846704522714e-03 1.448170053127767302e-03
2.336643013195502050e+01 8.591897944784441243e-01 1.330780012848408467e-01 1.273242871757752524e-03 7.899546725136980972e-04 1.056361477397885999e-03 3.056061126959965651e-03 1.556584088076423721e-03
2.438236187682262823e+01 8.481012835878729561e-01 1.434788948362748229e-01 1.442936791194498070e-03 8.700854453686820804e-04 1.165841129987038637e-03 3.275363316084085874e-03 1.665594893211488556e-03
2.539829362169023952e+01 8.367705342992736162e-01 1.540937072669502084e-01 1.627942886202527221e-03 9.551082740872315121e-04 1.282256273501837995e-03 3.495666914545848911e-03 1.774784085425486733e-03
2.641422536655784725e+01 8.252227275441235133e-01 1.648976435536741725e-01 1.828874614120273162e-03 1.045140945804016010e-03 1.405788005307153201e-03 3.716092633242180747e-03 1.883732703732402371e-03
2.743015711142545854e+01 8.134834880023847914e-01 1.758655228084801125e-01 2.046304626040836017e-03 1.140289589669177912e-03 1.536606672031586669e-03 3.935759565528660839e-03 1.992028735864384472e-03
2.844608885629306627e+01 8.015779433340439741e-01 1.869726715124026550e-01 2.280762555689662668e-03 1.240652367352194745e-03 1.674875645588108294e-03 4.153817039340093435e-03 2.099277545593430765e-03
2.946202060116067756e+01 7.895306107021033970e-01 1.981950476616425039e-01 2.532720062214784563e-03 1.346317879074130849e-03 1.820746724193914728e-03 4.369452911156104791e-03 2.205104059616220212e-03
3.047795234602828529e+01 7.773658000305544435e-01 2.095088745544137487e-01 2.802577063519797601e-03 1.457361290107016434e-03 1.974353410836538706e-03 4.581883371487346229e-03 2.309150279079059606e-03
3.149388409089589658e+01 7.651077106104307024e-01 2.208905438272457944e-01 3.090669545271204372e-03 1.573844949777020944e-03 2.135813494068352931e-03 4.790342079210190007e-03 2.411075493996806072e-03
3.250981583576350431e+01 7.527806767495401896e-01 2.323163695772925141e-01 3.397282856556005978e-03 1.695817660981580087e-03 2.305233009195052987e-03 4.994065005799749359e-03 2.510555140624617237e-03
3.352574758063111204e+01 7.404099662635234003e-01 2.437618328773063781e-01 3.722646522266052048e-03 1.823306162028113814e-03 2.482700137411945115e-03 5.192272588336770307e-03 2.607275449138289972e-03
3.454167932549872688e+01 7.280219973704630254e-01 2.552013807346472096e-01 4.066925379855468141e-03 1.956308617956324918e-03 2.668279297200189335e-03 5.384175270400006798e-03 2.700933329487125497e-03
3.555761107036633462e+01 7.156432225773056155e-01 2.666094788341686339e-01 4.430225445907109288e-03 2.094799456929591873e-03 2.862016889751152742e-03 5.569010288577532636e-03 2.791246507369685159e-03
3.657354281523394235e+01 7.032989415464496741e-01 2.779617440544942530e-01 4.812591836772580657e-03 2.238735697776901307e-03 3.063945924242009525e-03 5.746077380484446509e-03 2.877963559782802886e-03
3.758947456010155008e+01 6.910132054854660755e-01 2.892350659432096904e-01 5.213982684250663760e-03 2.388054647788057702e-03 3.274078211327746679e-03 5.914747372427801853e-03 2.960865655524684472e-03
3.860540630496916492e+01 6.788091449054086679e-01 3.004073131946989883e-01 5.634254046951650031e-03 2.542671034392872485e-03 3.492399417727075784e-03 6.074452454399158208e-03 3.039764946419565034e-03
3.962133804983677265e+01 6.667090643082014267e-01 3.114572239604920800e-01 6.073179934272217480e-03 2.702479461095640655e-03 3.718877872281941763e-03 6.224670957174865266e-03 3.114503506467749053e-03
4.063726979470438039e+01 6.547348766845032531e-01 3.223639721614632303e-01 6.530472527336333294e-03 2.867351167136206105e-03 3.953469594295900939e-03 6.364908438694733168e-03 3.184949426557637589e-03
4.165320153957198812e+01 6.429088052212315052e-01 3.331065044406161246e-01 7.005777429938144472e-03 3.037122144530999754e-03 4.196109712199180657e-03 6.494688839376669062e-03 3.250992212104551228e-03
4.266913328443960296e+01 6.312530703812960775e-01 3.436638368981472791e-01 7.498673206084756002e-03 3.211589599217690161e-03 4.446709856661061611e-03 6.613574464478935884e-03 3.312545594121846411e-03
4.368506502930721069e+01 6.197884753523130730e-01 3.540163876081789396e-01 8.008685020625362291e-03 3.390522498244880230e-03 4.705169239814673693e-03 6.721203596125216277e-03 3.369556684695962367e-03
4.470099677417481843e+01 6.085335208940138019e-01 3.641468359944716737e-01 8.535272955321760932e-03 3.573668629750508582e-03 4.971376947020107739e-03 6.817313000888354686e-03 3.422011578541905331e-03
4.571692851904242616e+01 5.975047987977590846e-01 3.740397900113919261e-01 9.077795891121535551e-03 3.760750796376085940e-03 5.245199419477273965e-03 6.901731369773120468e-03 3.469933714107479878e-03
4.673286026391004100e+01 5.867177794372551158e-01 3.836810351653245910e-01 9.635509808184653316e-03 3.951465608370707469e-03 5.526477882780801709e-03 6.974353231790081896e-03 3.513378866298919479e-03
4.774879200877764873e+01 5.761875324203432625e-01 3.930567987120560103e-01 1.020760828741499975e-02 4.145486588891943332e-03 5.815039808256227717e-03 7.035105709866564666e-03 3.552428473167777365e-03
4.876472375364525647e+01 5.659296742115725865e-01 4.021528189018160893e-01 1.079324613675665921e-02 4.342457636376717035e-03 6.110698190360275631e-03 7.083922990446995561e-03 3.587181932672199505e-03
4.978065549851286420e+01 5.559609240837884991e-01 4.109538205910465702e-01 1.139153497005398856e-02 4.541981960434848462e-03 6.413237782946239543e-03 7.120747662771599942e-03 3.617752948971267139e-03
5.079658724338047904e+01 5.462982401970545299e-01 4.194443247150278498e-01 1.200155597827199522e-02 4.743627330610435122e-03 6.722416761973348288e-03 7.145561386975535743e-03 3.644273630093470412e-03
5.181251898824808677e+01 5.369571650737985369e-01 4.276102049041333730e-01 1.262238011371249156e-02 4.946943980764064233e-03 7.037981954464945025e-03 7.158421870660514920e-03 3.666902102466757830e-03
5.282845073311569450e+01 5.279510082564577989e-01 4.354394985488774239e-01 1.325304460687630470e-02 5.151472362839506526e-03 7.359667455761407205e-03 7.159481655812190669e-03 3.685827113374421857e-03
5.384438247798330224e+01 5.192911405659291768e-01 4.429221775926757698e-01 1.389251186978808679e-02 5.356740024359671858e-03 7.687180738450123153e-03 7.148981457687171581e-03 3.701267751097464878e-03
5.486031422285091708e+01 5.109875645224376539e-01 4.500495921869760441e-01 1.453968115432285185e-02 5.562262838892892761e-03 8.020206377144359355e-03 7.127223899044983664e-03 3.713469021172914174e-03
5.587624596771852481e+01 5.030495547369007170e-01 4.568138052270060978e-01 1.519343582216348826e-02 5.767546123025373873e-03 8.358419929422973224e-03 7.094543722588044984e-03 3.722694438894984942e-03
5.689217771258613254e+01 4.954863948595428780e-01 4.632068734078311212e-01 1.585265793153076141e-02 5.972074552588881730e-03 8.701482884926579897e-03 7.051296935025320491e-03 3.729219428556897632e-03
5.790810945745374028e+01 4.883073999794468878e-01 4.692208359018341102e-01 1.651622018800260813e-02 6.175305478044458909e-03 9.049031494884712118e-03 6.997877104549874404e-03 3.733329853238479511e-03
5.892404120232135512e+01 4.815207134489065122e-01 4.748488450289131690e-01 1.718300121337253822e-02 6.376683272231702636e-03 9.400689109170837568e-03 6.934742572414945988e-03 3.735325354985430217e-03
5.993997294718896285e+01 4.751319088351160791e-01 4.800864940160907701e-01 1.785189436147829184e-02 6.575659840609707034e-03 9.756084593613646022e-03 6.862434882184514397e-03 3.735523470901730078e-03
6.095590469205657058e+01 4.691436663263254259e-01 4.849321760896196376e-01 1.852177134113558790e-02 6.771699017613903339e-03 1.011484517925480796e-02 6.781581074540787672e-03 3.734260971512667719e-03
6.197183643692418542e+01 4.635565035767579833e-01 4.893864236022784087e-01 1.919145402919758894e-02 6.964271441774532931e-03 1.047658105947377703e-02 6.692876101515192466e-03 3.731890189002211745e-03
6.298776818179179315e+01 4.583699347267098934e-01 4.934507580499835067e-01 1.985974637928219003e-02 7.152853726739719434e-03 1.084088982811572642e-02 6.597047327750213234e-03 3.728769961410891270e-03
6.400369992665940799e+01 4.535837306858357953e-01 4.971264306704799574e-01 2.052547441493720801e-02 7.336925520582653591e-03 1.120736128034598676e-02 6.494822515013456282e-03 3.725254912808564304e-03
6.501963167152700862e+01 4.491987596956614204e-01 5.004136211744275586e-01 2.118748281723761492e-02 7.515961322194565121e-03 1.157556114318546332e-02 6.386924993484368110e-03 3.721688853804264174e-03
6.603556341639462346e+01 4.452166414303894149e-01 5.033117727218207049e-01 2.184463321145347151e-02 7.689434448157465331e-03 1.194502253620932999e-02 6.274091078384248614e-03 3.718404573582891927e-03
6.705149516126222409e+01 4.416383326871707315e-01 5.058209087399709869e-01 2.249583680446569714e-02 7.856838962747841187e-03 1.231526778685687780e-02 6.157087053104181099e-03 3.715727965679597317e-03
6.806742690612983893e+01 4.384628193230629689e-01 5.079428821833453789e-01 2.314006346593872748e-02 8.017708239797031317e-03 1.268582677327757119e-02 6.036716931606238463e-03 3.713983082981521088e-03
6.908335865099745376e+01 4.356868146446454815e-01 5.096817281230150432e-01 2.377629931822793086e-02 8.171616878400792677e-03 1.305622487568822501e-02 5.913821790185998760e-03 3.713494369846017436e-03
7.009929039586505439e+01 4.333054031920646754e-01 5.110430807472271519e-01 2.440352149785491101e-02 8.318176927854900593e-03 1.342596969680544955e-02 5.789264870010013379e-03 3.714583068180409269e-03
7.111522214073266923e+01 4.313131637031575316e-01 5.120330506168245810e-01 2.502072752696798616e-02 8.457035061985680377e-03 1.379455842559593887e-02 5.663905854253885840e-03 3.717558811218505278e-03
7.213115388560028407e+01 4.297052153039683797e-01 5.126571784482697458e-01 2.562696328368488027e-02 8.587864849470126793e-03 1.416147960991256428e-02 5.538586805362071160e-03 3.722711699338807859e-03
7.314708563046788470e+01 4.284775010085543623e-01 5.129201685607974737e-01 2.622132069268835394e-02 8.710360148776253794e-03 1.452619935407444517e-02 5.414140739496239862e-03 3.730309495601382211e-03
7.416301737533549954e+01 4.276259982587518049e-01 5.128266378827999183e-01 2.680294825186998672e-02 8.824244695749402720e-03 1.488816548659435170e-02 5.291405111011068287e-03 3.740600313220456257e-03
7.517894912020310016e+01 4.271454000504586457e-01 5.123823516623610130e-01 2.737107717974757853e-02 8.929293245076939251e-03 1.524683508078608293e-02 5.171224878425644163e-03 3.753817903138168856e-03
7.619488086507071500e+01 4.270281965707115601e-01 5.115951278003667557e-01 2.792501056842636512e-02 9.025344376495759297e-03 1.560168392446918857e-02 5.054451575231752591e-03 3.770185184305923504e-03
7.721081260993832984e+01 4.272647193843219227e-01 5.104748564836758540e-01 2.846408305476777825e-02 9.112299318523990957e-03 1.595218743705492659e-02 4.941941836620445706e-03 3.789912485036386371e-03
7.822674435480593047e+01 4.278441514276957736e-01 5.090325345939328283e-01 2.898765324016914016e-02 9.190114843926783586e-03 1.629780912428781953e-02 4.834545900615238624e-03 3.813190869368657081e-03
7.924267609967354531e+01 4.287559899729049828e-01 5.072788115872298720e-01 2.949512710465482246e-02 9.258793322792356617e-03 1.663800493111097442e-02 4.733088899712490152e-03 3.840184181597504354e-03
8.025860784454116015e+01 4.299910748902123769e-01 5.052229900600853085e-01 2.998596099145191957e-02 9.318372774967963179e-03 1.697221624032607679e-02 4.638361929179542903e-03 3.871023113771874212e-03
8.127453958940876078e+01 4.315415338705748116e-01 5.028730976689186338e-01 3.045965408930367824e-02 9.368928114457598239e-03 1.729985751878975603e-02 4.551125142432888883e-03 3.905803595533492538e-03
8.229047133427637561e+01 4.333997832644156945e-01 5.002368227394410338e-01 3.091577413904577146e-02 9.410587987363465065e-03 1.762033136986144999e-02 4.472109446671129925e-03 3.944591053203933342e-03
8.330640307914397624e+01 4.355572555100176713e-01 4.973226981335202024e-01 3.135399057304875947e-02 9.443554398898754143e-03 1.793305948329436753e-02 4.402013772646532451e-03 3.987428128572616422e-03
8.432233482401159108e+01 4.380035139838504565e-01 4.941409812606544216e-01 3.177406052487104920e-02 9.468111290996025428e-03 1.823748878136145432e-02 4.341504635955449262e-03 4.034339522317837920e-03
8.533826656887920592e+01 4.407262381983698130e-01 4.907037322994282635e-01 3.217578665879151228e-02 9.484619910975034679e-03 1.853307614161552042e-02 4.291215656728998573e-03 4.085331134089781151e-03
8.635419831374680655e+01 4.437121770982939140e-01 4.870239053502453119e-01 3.255900096203242361e-02 9.493504025827478876e-03 1.881928428687081045e-02 4.251741522601075116e-03 4.140386754135228463e-03
8.737013005861442139e+01 4.469484191895091718e-01 4.831140959695697235e-01 3.292357105110509802e-02 9.495231473028007199e-03 1.909558620478152974e-02 4.223631225376524127e-03 4.199464886622494147e-03
8.838606180348203623e+01 4.504229883796137535e-01 4.789859652122697709e-01 3.326940013640923566e-02 9.490304981449005153e-03 1.936145902143079564e-02 4.207386354772846976e-03 4.262495914055694675e-03
8.940199354834963685e+01 4.541244552418419733e-01 4.746506130984695093e-01 3.359643496948831742e-02 9.479269872059265314e-03 1.961638298971418032e-02 4.203461103454247255e-03 4.329382724971005646e-03
9.041792529321725169e+01 4.580410569103648966e-01 4.701193847222261413e-01 3.390469559395042909e-02 9.462729646270044009e-03 1.985986462753672882e-02 4.212260616643899794e-03 4.400007883003599976e-03
9.143385703808485232e+01 4.621598549501190756e-01 4.654046578860117633e-01 3.419429073519594103e-02 9.441354630309834600e-03 2.009145995027808787e-02 4.234139734590741146e-03 4.474242113490828517e-03
9.244978878295246716e+01 4.664662917254617236e-01 4.605203190568009086e-01 3.446539291524758353e-02 9.415878346749442449e-03 2.031076956016653057e-02 4.269402541984045583e-03 4.551945853595847601e-03
9.346572052782008200e+01 4.709445907181209479e-01 4.554814362454680521e-01 3.471820307722413984e-02 9.387083852422897084e-03 2.051741942940691482e-02 4.318301853968706597e-03 4.632964823375981811e-03
9.448165227268768263e+01 4.755790410495506770e-01 4.503030256249146435e-01 3.495293339179472714e-02 9.355783956218327937e-03 2.071104997272041684e-02 4.381040102503269001e-03 4.717125902301148692e-03
9.549758401755529746e+01 4.803552891747689402e-01 4.449987952163512728e-01 3.516980016401463627e-02 9.322803953213604569e-03 2.089130903215819304e-02 4.457768871073242156e-03 4.804233588423060912e-03
9.651351576242291230e+01 4.852607153823116359e-01 4.395807878731116669e-01 3.536902685214528969e-02 9.288976529434816304e-03 2.105784575259821156e-02 4.548581534336968227e-03 4.894066076061445204e-03
9.752944750729051293e+01 4.902839699953220332e-01 4.340598043249765392e-01 3.555087502205197397e-02 9.255148044493779688e-03 2.121032118490344745e-02 4.653504382949342523e-03 4.986377045311691202e-03
9.854537925215812777e+01 4.954142382648470955e-01 4.284460489221080803e-01 3.571568753823958081e-02 9.222186953501321574e-03 2.134843497461106493e-02 4.772497033092286400e-03 5.080906313605355711e-03
9.956131099702572840e+01 5.006404551623515609e-01 4.227498669361682282e-01 3.586389960829670237e-02 9.190988471262435955e-03 2.147194135247905422e-02 4.905458465673901911e-03 5.177390003769757540e-03
1.005772427418933432e+02 5.059507118125768921e-01 4.169823735395569719e-01 3.599600785055089708e-02 9.162473738395194786e-03 2.158064234161470932e-02 5.052228844764505497e-03 5.275561872535942595e-03
1.015931744867609581e+02 5.113324258034792624e-01 4.111553471325497533e-01 3.611252959564862502e-02 9.137580255766067361e-03 2.167437436301032638e-02 5.212591933945488580e-03 5.375150915598685825e-03
1.026091062316285587e+02 5.167732781160410127e-01 4.052803343492987764e-01 3.621397732949190734e-02 9.117243788443956526e-03 2.175300186960985732e-02 5.386283082385327249e-03 5.475881464733539997e-03
1.036250379764961735e+02 5.222619749317621851e-01 3.993679120941941996e-01 3.630085157913379851e-02 9.102381325893842828e-03 2.181641766246407085e-02 5.572989871049345914e-03 5.577472535505361394e-03
1.046409697213637884e+02 5.277881685881067320e-01 3.934277617811730576e-01 3.637365612150772476e-02 9.093885438200721705e-03 2.186455129296932878e-02 5.772340953705121756e-03 5.679635824339149611e-03
1.056569014662313890e+02 5.333418871476993672e-01 3.874691786697188056e-01 3.643293204603892388e-02 9.092630788980902296e-03 2.189738636002782832e-02 5.983904717203629778e-03 5.782080270334921321e-03
1.066728332110990038e+02 5.389129425314255206e-01 3.815015842487977649e-01 3.647928160920216323e-02 9.099485106991458266e-03 2.191497528264914341e-02 6.207207273552782165e-03 5.884523947384141633e-03
1.076887649559666045e+02 5.444903536471855654e-01 3.755350871594008710e-01 3.651335593239841970e-02 9.115314723202979502e-03 2.191743999615389238e-02 6.441746311566135669e-03 5.986702230088873297e-03
1.087046967008342193e+02 5.500620677614110887e-01 3.695808207450627103e-01 3.653581665672654688e-02 9.140978569808206819e-03 2.190496110366182969e-02 6.686987947285109000e-03 6.088367216044944866e-03
1.097206284457018342e+02 5.556155114788678961e-01 3.636504633495157846e-01 3.654729945747477171e-02 9.177312201233661648e-03 2.187776409267587832e-02 6.942364696619941766e-03 6.189284723606528621e-03
1.107365601905694348e+02 5.611386925820006644e-01 3.577551824150250748e-01 3.654839622006691296e-02 9.225108905482750504e-03 2.183610943686484923e-02 7.207279247300931065e-03 6.289231193253025723e-03
1.117524919354370496e+02 5.666208632794628164e-01 3.519049927116335574e-01 3.653966346082849342e-02 9.285104783555785113e-03 2.178029397463633610e-02 7.481094601269628469e-03 6.387987188619427721e-03
1.127684236803046645e+02 5.720524063898777545e-01 3.461088496667628633e-01 3.652165644912024750e-02 9.357973434967399237e-03 2.171066411745254526e-02 7.763117443567709407e-03 6.485332498252381964e-03
1.137843554251722651e+02 5.774244369021935830e-01 3.403749768708630441e-01 3.649496557039706712e-02 9.444333368263292325e-03 2.162762765563161840e-02 8.052607320387756076e-03 6.581052312266929757e-03
1.148002871700398799e+02 5.827283644723914025e-01 3.347112403896003174e-01 3.646022222999184548e-02 9.544760298978051741e-03 2.153165426001665828e-02 8.348807335340695940e-03 6.674951013683609949e-03
1.158162189149074806e+02 5.879553368967342930e-01 3.291257143323167988e-01 3.641807053554063645e-02 9.659788621926901353e-03 2.142327100664050479e-02 8.650957847104904369e-03 6.766860759737983004e-03
1.168321506597750954e+02 5.930959515478695376e-01 3.236270310657684002e-01 3.636913056105984393e-02 9.789898980121150909e-03 2.130305807007875848e-02 8.958288349764169031e-03 6.856641425333493377e-03
1.178480824046427102e+02 5.981407194847420117e-01 3.182239671565631478e-01 3.631397675369552741e-02 9.935504363694303356e-03 2.117164025824596826e-02 9.270014196015467778e-03 6.944177787041631682e-03
1.188640141495103109e+02 6.030808759198481583e-01 3.129246519797913573e-01 3.625314068519348149e-02 1.009694040107762640e-02 2.102967938597697165e-02 9.585336144383121634e-03 7.029375483739026299e-03
1.198799458943779257e+02 6.079087085642125299e-01 3.077362377141353300e-01 3.618713764642670500e-02 1.027445553185372430e-02 2.087787984051907297e-02 9.903425955096974154e-03 7.112154747767778125e-03
1.208958776392455405e+02 6.126173199316562457e-01 3.026651022877021036e-01 3.611650152358727994e-02 1.046820820723635449e-02 2.071700026565742592e-02 1.022342013470348664e-02 7.192447649461683468e-03
1.219118093841131412e+02 6.172002657674826587e-01 2.977171466332665384e-01 3.604179939521098136e-02 1.067828244746286438e-02 2.054785250807003930e-02 1.054444908021601179e-02 7.270204168297433878e-03
1.229277411289807560e+02 6.216511612017560084e-01 2.928981523446949065e-01 3.596361334093776951e-02 1.090470707005142953e-02 2.037129112424564126e-02 1.086567369797731587e-02 7.345401220337701743e-03
1.239436728738483708e+02 6.259632519151560048e-01 2.882142428920777544e-01 3.588250773222710632e-02 1.114745426724618287e-02 2.018820927611056359e-02 1.118628814958986042e-02 7.418045767612549760e-03
1.249596046187159715e+02 6.301293886201039252e-01 2.836719724802035936e-01 3.579900485065874022e-02 1.140642546011984108e-02 1.999953583945388372e-02 1.150550067566426943e-02 7.488172073791016237e-03
1.259755363635835863e+02 6.341426491588406655e-01 2.792777446915450934e-01 3.571357750704245992e-02 1.168144728336699759e-02 1.980622266318119232e-02 1.182252189222957051e-02 7.555836803794038076e-03
1.269914681084511869e+02 6.379970574747784173e-01 2.750371076222892230e-01 3.562666321656510204e-02 1.197227190402176678e-02 1.960923561733274659e-02 1.213655263359028451e-02 7.621111531417476721e-03
1.280073998533188160e+02 6.416878019269408595e-01 2.709545294660880010e-01 3.553869795262764447e-02 1.227856847346493058e-02 1.940956306596137992e-02 1.244676516995864117e-02 7.684073944955915197e-03
1.290233315981864166e+02 6.452110498194195687e-01 2.670335424842983363e-01 3.545014523692821551e-02 1.259992441978632395e-02 1.920822314472471135e-02 1.275231016802130801e-02 7.744804726827579991e-03
1.300392633430540172e+02 6.485636580853415545e-01 2.632769724072949735e-01 3.536149202709604200e-02 1.293587124619316985e-02 1.900625120716106786e-02 1.305236160750638912e-02 7.803393419402076918e-03
1.310551950879216179e+02 6.517427708151122268e-01 2.596873227822975028e-01 3.527321573550826206e-02 1.328590441493533378e-02 1.880468408987946705e-02 1.334615485497894598e-02 7.859947307285938822e-03
1.320711268327892469e+02 6.547453986481309718e-01 2.562672369872106004e-01 3.518575210487156352e-02 1.364947226855629109e-02 1.860455927389065289e-02 1.363298401279661523e-02 7.914596704547019121e-03
1.330870585776568475e+02 6.575683787037971406e-01 2.530195852812069379e-01 3.509948219217525617e-02 1.402596089696963796e-02 1.840691650875449573e-02 1.391218025055637394e-02 7.967496166526923454e-03
1.341029903225244482e+02 6.602087900676745225e-01 2.499470611156857369e-01 3.501474040225859008e-02 1.441469904248459180e-02 1.821279178945458405e-02 1.418309520039869737e-02 8.018822382046460542e-03
1.351189220673920772e+02 6.626643596978640804e-01 2.470517680526383708e-01 3.493184121257520564e-02 1.481496046493587827e-02 1.802321731148223347e-02 1.444508541974833145e-02 8.068767840761870841e-03
1.361348538122596779e+02 6.649335112396373981e-01 2.443351550050084364e-01 3.485111061806567267e-02 1.522595291186026011e-02 1.783922878689319161e-02 1.469750846172733494e-02 8.117532976801535710e-03
1.371507855571272785e+02 6.670151683113876295e-01 2.417981710079728230e-01 3.477289580483518966e-02 1.564682739235921313e-02 1.766185835480682531e-02 1.493975620245060511e-02 8.165322926189381297e-03
1.381667173019949075e+02 6.689084845930446388e-01 2.394414890953776853e-01 3.469754121895893273e-02 1.607671409606709761e-02 1.749211195543735192e-02 1.517130886655377459e-02 8.212350174556170071e-03
1.391826490468625082e+02 6.706125399038501689e-01 2.372658168052669825e-01 3.462535077168161363e-02 1.651473807041101485e-02 1.733095770326473911e-02 1.539175854624462263e-02 8.258838199274151984e-03
1.401985807917301088e+02 6.721261662358385403e-01 2.352721276877441647e-01 3.455656415055192998e-02 1.696000034680140989e-02 1.717933243073294092e-02 1.560078667525601447e-02 8.305022473073441977e-03
1.412145125365977378e+02 6.734481281398337904e-01 2.334615267448904574e-01 3.449135708839872611e-02 1.741156777407224659e-02 1.703814727199112408e-02 1.579812434593959661e-02 8.351148634871749868e-03
1.422304442814653385e+02 6.745775704233145653e-01 2.318348114120715175e-01 3.442986181949609509e-02 1.786848496310156423e-02 1.690828682594513327e-02 1.598351734579495434e-02 8.397467210284019837e-03
1.432463760263329391e+02 6.755143896741853116e-01 2.303920963997028171e-01 3.437220035102230009e-02 1.832977436968621573e-02 1.679061141266371959e-02 1.615670305048824695e-02 8.444224742244325205e-03
1.442623077712005681e+02 6.762593174257367501e-01 2.291327126569874528e-01 3.431851417552497785e-02 1.879442791127151208e-02 1.668595583765850390e-02 1.631741649457708887e-02 8.491655498241979655e-03
1.452782395160681688e+02 6.768137442778473511e-01 2.280553333735474419e-01 3.426896829606180389e-02 1.926143043052445936e-02 1.659511252518134153e-02 1.646543186178795609e-02 8.539979235046705683e-03
1.462941712609357694e+02 6.771794080073769706e-01 2.271582432871561696e-01 3.422372557443312258e-02 1.972980070088714566e-02 1.651881120972365294e-02 1.660060626633052747e-02 8.589404954096482511e-03
1.473101030058033700e+02 6.773580993744261480e-01 2.264396522144801749e-01 3.418291381733799122e-02 2.019859586669883397e-02 1.645771472606570238e-02 1.672288837201808820e-02 8.640135628971616286e-03
1.483260347506709991e+02 6.773515399874802112e-01 2.258978727120848351e-01 3.414660999486095194e-02 2.066688529452482756e-02 1.641242826510421610e-02 1.683229273061653819e-02 8.692371015327953268e-03
1.493419664955385997e+02 6.771614822827466407e-01 2.255312452045529492e-01 3.411484860415686660e-02 2.113374182639355878e-02 1.638351001691603151e-02 1.692886311782962339e-02 8.746308947397004110e-03
1.503578982404062003e+02 6.767899518884470389e-01 2.253378867334821789e-01 3.408764858989654645e-02 2.159824749321314491e-02 1.637147882169497082e-02 1.701264293515917028e-02 8.802143538108845797e-03
1.513738299852738294e+02 6.762394788718524286e-01 2.253154494030286947e-01 3.406504664504109159e-02 2.205948462148843783e-02 1.637681240946974037e-02 1.708366982514150298e-02 8.860058223975536551e-03
1.523897617301414300e+02 6.755131359753321352e-01 2.254610567084628370e-01 3.404711752168672334e-02 2.251653572150731988e-02 1.639992961939648261e-02 1.714200660834412984e-02 8.920217845274061932e-03
1.534056934750090306e+02 6.746143092695567889e-01 2.257714778617770091e-01 3.403396416281975756e-02 2.296852308794945091e-02 1.644116774390012858e-02 1.718779160040559070e-02 8.982766273590656741e-03
1.544216252198766597e+02 6.735463661754466091e-01 2.262434302193812863e-01 3.402568071308718217e-02 2.341464872752933510e-02 1.650077427511939185e-02 1.722127096743841790e-02 9.047828921993105941e-03
1.554375569647442603e+02 6.723124695624146385e-01 2.268738076291369199e-01 3.402231382821646610e-02 2.385418479643017925e-02 1.657891564657067163e-02 1.724279305609578011e-02 9.115515481126655259e-03
1.564534887096118609e+02 6.709156075895583715e-01 2.276597151158396282e-01 3.402384917059888408e-02 2.428643960170667748e-02 1.667569402915458979e-02 1.725277185626266502e-02 9.185922636888600029e-03
1.574694204544794900e+02 6.693587826778639727e-01 2.285983006384261773e-01 3.403022995792084893e-02 2.471074584275529881e-02 1.679116537194729267e-02 1.725163861732582557e-02 9.259136893761824375e-03
1.584853521993470906e+02 6.676453385224455639e-01 2.296864191181528236e-01 3.404139346727663717e-02 2.512646384237892869e-02 1.692534661876575128e-02 1.723980632551483025e-02 9.335232105465626415e-03
1.595012839442146912e+02 6.657792957778251308e-01 2.309202873598133476e-01 3.405730454680171160e-02 2.553298298957662471e-02 1.707820066705636325e-02 1.721766911183456386e-02 9.414259547096013800e-03
1.605172156890823203e+02 6.637653936340964789e-01 2.322954092217176525e-01 3.407796850631472640e-02 2.592974345564577274e-02 1.724961222470030447e-02 1.718563357147378026e-02 9.496239386041722963e-03
1.615331474339499209e+02 6.616087573076688821e-01 2.338068525078429438e-01 3.410341513509395489e-02 2.631628002058401805e-02 1.743938008786233979e-02 1.714415283089182340e-02 9.581162110062664550e-03
1.625490791788175216e+02 6.593145333283568776e-01 2.354496044532028709e-01 3.413366316696112707e-02 2.669223656834959074e-02 1.764722618403874455e-02 1.709373976928145120e-02 9.668996529814760654e-03
1.635650109236851222e+02 6.568877793611886950e-01 2.372187420418413739e-01 3.416869077241904001e-02 2.705732851930128455e-02 1.787280530313179946e-02 1.703495658540137361e-02 9.759697416719835192e-03
1.645809426685527512e+02 6.543335052858615386e-01 2.391094445130831636e-01 3.420843501133322140e-02 2.741130000131965228e-02 1.811571785194967393e-02 1.696838538119693068e-02 9.853211955256579307e-03
1.655968744134203519e+02 6.516567554759815639e-01 2.411169066671316474e-01 3.425282018646938487e-02 2.775391337321842997e-02 1.837552965068266556e-02 1.689459170637752292e-02 9.949482940134131079e-03
1.666128061582879525e+02 6.488628394579802894e-01 2.432360859281539056e-01 3.430179428595370866e-02 2.808495547773227213e-02 1.865177622706086155e-02 1.681410629551080907e-02 1.004844232760369709e-02
1.676287379031555815e+02 6.459576085248249777e-01 2.454614127532834256e-01 3.435535214127272835e-02 2.840424814008747287e-02 1.894393897274739003e-02 1.672744090101090098e-02 1.014999856677190233e-02
1.686446696480231822e+02 6.429474002334515381e-01 2.477868124229994917e-01 3.441353362412722522e-02 2.871167579586522342e-02 1.925142323900868799e-02 1.663512264812668992e-02 1.025403203642088687e-02
1.696606013928907828e+02 6.398386320409146233e-01 2.502060714422185694e-01 3.447639426137250745e-02 2.900721548658849111e-02 1.957356383053754714e-02 1.653772032802195563e-02 1.036040261035060979e-02
1.706765331377584118e+02 6.366374946609312246e-01 2.527131646161789869e-01 3.454396073715469001e-02 2.929092829458643243e-02 1.990964051699144199e-02 1.643585296959039141e-02 1.046895820456473364e-02
1.716924648826260125e+02 6.333499504772377442e-01 2.553023264582349738e-01 3.461620115976023898e-02 2.956291505295892755e-02 2.025888888897533699e-02 1.633017969597248473e-02 1.057953826685687632e-02
1.727083966274936131e+02 6.299818174780784652e-01 2.579679969008203400e-01 3.469303436532351209e-02 2.982328391572287157e-02 2.062052115380155412e-02 1.622136923210591719e-02 1.069197695415319629e-02
1.737243283723612421e+02 6.265388988479339005e-01 2.607046618204071353e-01 3.477436959968123464e-02 3.007215183182388590e-02 2.099374959412814157e-02 1.611006314912708653e-02 1.080610515689234795e-02
1.747402601172288428e+02 6.230273168890018143e-01 2.635064933109398377e-01 3.486014568210182157e-02 3.030966310133290098e-02 2.137777655652350894e-02 1.599685989947881651e-02 1.092174456061177634e-02
1.757561918620964434e+02 6.194538151951970439e-01 2.663670385900233639e-01 3.495034868086524527e-02 3.053601453723621753e-02 2.177175791034546837e-02 1.588232638048170386e-02 1.103869870584770450e-02
1.767721236069640725e+02 6.158255986925468273e-01 2.692793488872694541e-01 3.504500399720645448e-02 3.075148437406326554e-02 2.217479305482925392e-02 1.576701702954371592e-02 1.115675396453203599e-02
1.777880553518316731e+02 6.121498518968353508e-01 2.722364330521012121e-01 3.514414576677639401e-02 3.095644020529589660e-02 2.258595281238506836e-02 1.565148658954619923e-02 1.127568967705457927e-02
1.788039870966992737e+02 6.084334477918592610e-01 2.752315803252259885e-01 3.524777750245083885e-02 3.115130557348282092e-02 2.300430342452965474e-02 1.553629969656619529e-02 1.139528568589329161e-02
1.798199188415668743e+02 6.046829132050447475e-01 2.782584510984902337e-01 3.535585238214857678e-02 3.133651034722104156e-02 2.342891431429338853e-02 1.542203325064697185e-02 1.151532540216258262e-02
1.808358505864345034e+02 6.009044130614347168e-01 2.813110958011228457e-01 3.546829181757398669e-02 3.151246644347326098e-02 2.385887217110961231e-02 1.530926086379148787e-02 1.163559984149564915e-02
1.818517823313021040e+02 5.971038597193235598e-01 2.843838122031485116e-01 3.558502694847465869e-02 3.167957633917962978e-02 2.429328875501667040e-02 1.519852797505958676e-02 1.175590805980578080e-02
1.828677140761697046e+02 5.932872792209814561e-01 2.874707723939546877e-01 3.570603123616419156e-02 3.183825505986325605e-02 2.473127535832859644e-02 1.509033854577595223e-02 1.187604818492926997e-02
1.838836458210373337e+02 5.894610307653375125e-01 2.905658071158790379e-01 3.583132734450847345e-02 3.198895228784918304e-02 2.517191550703713407e-02 1.498515753308708384e-02 1.199580944630319369e-02
1.848995775659049343e+02 5.856314931537555113e-01 2.936626937074531818e-01 3.596096714564604724e-02 3.213216521065865444e-02 2.561428331376365553e-02 1.488342048705116119e-02 1.211497698167127157e-02
1.859155093107725349e+02 5.818045436390005820e-01 2.967556658174612672e-01 3.609498906206492358e-02 3.226842581003575711e-02 2.605748342186009134e-02 1.478554988592505927e-02 1.223334236365606828e-02
1.869314410556401640e+02 5.779853366013602001e-01 2.998396834603349048e-01 3.623337207903074703e-02 3.239826174672541526e-02 2.650066184015395163e-02 1.469197634710043589e-02 1.235070792529583891e-02
1.879473728005077646e+02 5.741783570869477549e-01 3.029104286377588551e-01 3.637602132091122265e-02 3.252216119130874744e-02 2.694299805397104217e-02 1.460314650120491352e-02 1.246688720789995188e-02
1.889633045453753653e+02 5.703875806209757204e-01 3.059641289269745545e-01 3.652279961318376927e-02 3.264057097533037965e-02 2.738370843081143827e-02 1.451950456420260903e-02 1.258170686852260259e-02
1.899792362902429943e+02 5.666168659162662546e-01 3.089971260506922945e-01 3.667357802964607560e-02 3.275392299186020983e-02 2.782204180058651943e-02 1.444146042631510793e-02 1.269500478463222656e-02
1.909951680351105949e+02 5.628705025806126638e-01 3.120053244933326253e-01 3.682827046320980707e-02 3.286266350153538990e-02 2.825725143592241334e-02 1.436936515598425008e-02 1.280662236940446376e-02
1.920110997799781956e+02 5.591533868346990621e-01 3.149840150229463731e-01 3.698684029010460700e-02 3.296726876645113963e-02 2.868858454166801214e-02 1.430350230400228781e-02 1.291640224013065191e-02
1.930270315248458246e+02 5.554706141175117518e-01 3.179282578613653598e-01 3.714927954589603010e-02 3.306823962074371265e-02 2.911531514079300151e-02 1.424409673879950197e-02 1.302419697489075670e-02
1.940429632697134252e+02 5.518269891210579869e-01 3.208333769431492288e-01 3.731556681533664682e-02 3.316607262215309770e-02 2.953677560461397816e-02 1.419134079958454461e-02 1.312987809409410858e-02
1.950588950145810259e+02 5.482269046554103520e-01 3.236951301153668248e-01 3.748563059236281747e-02 3.326122405829511075e-02 2.995235086665359869e-02 1.414542368920535323e-02 1.323333602270114311e-02
1.960748267594486549e+02 5.446744822961052668e-01 3.265095877077037745e-01 3.765935241258624305e-02 3.335409576977096252e-02 3.036146510565008311e-02 1.410653996985965219e-02 1.333447673832550105e-02
1.970907585043162555e+02 5.411738264446434021e-01 3.292728399527488636e-01 3.783660879165136326e-02 3.344505121910137935e-02 3.076358411391419065e-02 1.407486794346300522e-02 1.343322153447491958e-02
1.981066902491838562e+02 5.377294412149146163e-01 3.319805582219358953e-01 3.801731316054121623e-02 3.353444033342993513e-02 3.115820824677955139e-02 1.405053213086473844e-02 1.352950669153057950e-02
1.991226219940514568e+02 5.343465624378884726e-01 3.346276897320176191e-01 3.820142856467858422e-02 3.362261092764171760e-02 3.154485239380409173e-02 1.403357326013448397e-02 1.362328268382653577e-02
2.001385537389190858e+02 5.310309377629557348e-01 3.372086890278663263e-01 3.838895256195149625e-02 3.370990526605929100e-02 3.192305216934648165e-02 1.402394454599747813e-02 1.371451866581816989e-02
2.011544854837866865e+02 5.277881350336702804e-01 3.397181853304534482e-01 3.857988319058862359e-02 3.379664880485354350e-02 3.229239806417733699e-02 1.402154028556056899e-02 1.380320929069757223e-02
2.021704172286542871e+02 5.246229944342044593e-01 3.421515294012245079e-01 3.877417599810403792e-02 3.388313520292805109e-02 3.265254898362465741e-02 1.402624316569805671e-02 1.388937281421289208e-02
