0.00000000 1.00000000 0.00000000 -0.00000000 0.00000000 0.00000000 0.00000000 0.00000000 
1.00000000 0.99959837 0.00028195 0.00001965 0.00001726 0.00006173 0.00001360 0.00000743 
2.00000000 0.99919719 0.00056358 0.00003929 0.00003450 0.00012339 0.00002719 0.00001486 
3.00000000 0.99879646 0.00084489 0.00005890 0.00005172 0.00018498 0.00004076 0.00002228 
4.00000000 0.99839619 0.00112589 0.00007849 0.00006893 0.00024651 0.00005432 0.00002968 
5.00000000 0.99799636 0.00140657 0.00009805 0.00008611 0.00030796 0.00006786 0.00003709 
6.00000000 0.99759698 0.00168693 0.00011760 0.00010327 0.00036935 0.00008139 0.00004448 
7.00000000 0.99719805 0.00196698 0.00013712 0.00012042 0.00043067 0.00009490 0.00005186 
8.00000000 0.99679956 0.00224671 0.00015662 0.00013755 0.00049191 0.00010840 0.00005924 
9.00000000 0.99640151 0.00252613 0.00017610 0.00015466 0.00055310 0.00012189 0.00006661 
10.00000000 0.99600391 0.00280523 0.00019556 0.00017176 0.00061421 0.00013536 0.00007397 
11.00000000 0.99560674 0.00308401 0.00021500 0.00018884 0.00067526 0.00014882 0.00008133 
12.00000000 0.99521002 0.00336248 0.00023441 0.00020590 0.00073624 0.00016227 0.00008868 
13.00000000 0.99481372 0.00364064 0.00025381 0.00022295 0.00079715 0.00017571 0.00009602 
14.00000000 0.99441786 0.00391848 0.00027318 0.00023999 0.00085801 0.00018913 0.00010336 
15.00000000 0.99402243 0.00419600 0.00029254 0.00025701 0.00091879 0.00020254 0.00011069 
16.00000000 0.99362742 0.00447321 0.00031187 0.00027402 0.00097951 0.00021595 0.00011802 
17.00000000 0.99323283 0.00475011 0.00033119 0.00029102 0.00104017 0.00022934 0.00012534 
18.00000000 0.99283867 0.00502669 0.00035048 0.00030801 0.00110077 0.00024273 0.00013266 
19.00000000 0.99244492 0.00530295 0.00036976 0.00032499 0.00116130 0.00025610 0.00013998 
20.00000000 0.99205159 0.00557890 0.00038901 0.00034196 0.00122177 0.00026947 0.00014729 
21.00000000 0.99165867 0.00585454 0.00040825 0.00035892 0.00128219 0.00028283 0.00015460 
22.00000000 0.99126615 0.00612986 0.00042747 0.00037588 0.00134254 0.00029619 0.00016191 
23.00000000 0.99087404 0.00640487 0.00044667 0.00039283 0.00140283 0.00030954 0.00016921 
24.00000000 0.99048233 0.00667956 0.00046586 0.00040978 0.00146307 0.00032289 0.00017652 
25.00000000 0.99009101 0.00695394 0.00048502 0.00042673 0.00152325 0.00033623 0.00018382 
26.00000000 0.98970008 0.00722800 0.00050417 0.00044368 0.00158337 0.00034956 0.00019113 
27.00000000 0.98930955 0.00750175 0.00052330 0.00046062 0.00164344 0.00036290 0.00019844 
28.00000000 0.98891939 0.00777518 0.00054242 0.00047757 0.00170345 0.00037623 0.00020575 
29.00000000 0.98852962 0.00804830 0.00056152 0.00049452 0.00176341 0.00038956 0.00021306 
30.00000000 0.98814022 0.00832111 0.00058060 0.00051148 0.00182332 0.00040290 0.00022038 
31.00000000 0.98775119 0.00859360 0.00059967 0.00052844 0.00188318 0.00041623 0.00022770 
32.00000000 0.98736253 0.00886577 0.00061873 0.00054540 0.00194298 0.00042956 0.00023503 
33.00000000 0.98697423 0.00913764 0.00063777 0.00056238 0.00200274 0.00044289 0.00024236 
34.00000000 0.98658629 0.00940919 0.00065679 0.00057936 0.00206245 0.00045622 0.00024970 
35.00000000 0.98619871 0.00968042 0.00067581 0.00059636 0.00212210 0.00046956 0.00025704 
36.00000000 0.98581147 0.00995134 0.00069480 0.00061337 0.00218172 0.00048289 0.00026440 
37.00000000 0.98542458 0.01022195 0.00071379 0.00063039 0.00224128 0.00049623 0.00027176 
38.00000000 0.98503804 0.01049225 0.00073276 0.00064743 0.00230081 0.00050958 0.00027914 
39.00000000 0.98465182 0.01076223 0.00075173 0.00066448 0.00236029 0.00052293 0.00028653 
40.00000000 0.98426594 0.01103190 0.00077068 0.00068155 0.00241972 0.00053628 0.00029392 
41.00000000 0.98388039 0.01130126 0.00078962 0.00069864 0.00247912 0.00054963 0.00030134 
42.00000000 0.98349517 0.01157031 0.00080855 0.00071576 0.00253847 0.00056299 0.00030876 
43.00000000 0.98311026 0.01183904 0.00082747 0.00073289 0.00259778 0.00057636 0.00031620 
44.00000000 0.98272566 0.01210747 0.00084638 0.00075005 0.00265706 0.00058973 0.00032366 
45.00000000 0.98234138 0.01237558 0.00086528 0.00076723 0.00271630 0.00060310 0.00033114 
46.00000000 0.98195740 0.01264338 0.00088417 0.00078444 0.00277550 0.00061648 0.00033863 
47.00000000 0.98157373 0.01291087 0.00090305 0.00080168 0.00283466 0.00062987 0.00034614 
48.00000000 0.98119035 0.01317805 0.00092193 0.00081895 0.00289379 0.00064325 0.00035367 
49.00000000 0.98080727 0.01344493 0.00094079 0.00083625 0.00295289 0.00065665 0.00036122 
50.00000000 0.98042447 0.01371149 0.00095966 0.00085358 0.00301196 0.00067005 0.00036880 
51.00000000 0.98004196 0.01397775 0.00097851 0.00087094 0.00307099 0.00068345 0.00037639 
52.00000000 0.97965973 0.01424369 0.00099736 0.00088834 0.00312999 0.00069686 0.00038402 
53.00000000 0.97927778 0.01450933 0.00101620 0.00090578 0.00318896 0.00071028 0.00039166 
54.00000000 0.97889610 0.01477466 0.00103504 0.00092325 0.00324791 0.00072370 0.00039934 
55.00000000 0.97851469 0.01503969 0.00105387 0.00094077 0.00330682 0.00073712 0.00040704 
56.00000000 0.97813354 0.01530441 0.00107270 0.00095832 0.00336571 0.00075055 0.00041476 
57.00000000 0.97775266 0.01556882 0.00109152 0.00097592 0.00342458 0.00076398 0.00042252 
58.00000000 0.97737203 0.01583293 0.00111034 0.00099356 0.00348342 0.00077741 0.00043031 
59.00000000 0.97699165 0.01609674 0.00112916 0.00101125 0.00354223 0.00079085 0.00043813 
60.00000000 0.97661152 0.01636024 0.00114797 0.00102898 0.00360103 0.00080429 0.00044598 
61.00000000 0.97623164 0.01662343 0.00116679 0.00104676 0.00365980 0.00081773 0.00045386 
62.00000000 0.97585199 0.01688633 0.00118560 0.00106459 0.00371855 0.00083117 0.00046178 
63.00000000 0.97547259 0.01714892 0.00120440 0.00108246 0.00377728 0.00084462 0.00046973 
64.00000000 0.97509342 0.01741121 0.00122321 0.00110039 0.00383599 0.00085806 0.00047772 
65.00000000 0.97471448 0.01767320 0.00124202 0.00111838 0.00389468 0.00087151 0.00048574 
66.00000000 0.97433576 0.01793489 0.00126082 0.00113642 0.00395335 0.00088496 0.00049380 
67.00000000 0.97395727 0.01819627 0.00127963 0.00115451 0.00401201 0.00089840 0.00050190 
68.00000000 0.97357900 0.01845736 0.00129843 0.00117266 0.00407066 0.00091185 0.00051004 
69.00000000 0.97320094 0.01871815 0.00131723 0.00119087 0.00412928 0.00092530 0.00051822 
70.00000000 0.97282310 0.01897864 0.00133604 0.00120914 0.00418790 0.00093874 0.00052644 
71.00000000 0.97244547 0.01923883 0.00135484 0.00122748 0.00424650 0.00095218 0.00053470 
72.00000000 0.97206804 0.01949872 0.00137365 0.00124587 0.00430509 0.00096562 0.00054300 
73.00000000 0.97169081 0.01975832 0.00139246 0.00126433 0.00436367 0.00097906 0.00055135 
74.00000000 0.97131379 0.02001762 0.00141127 0.00128285 0.00442224 0.00099250 0.00055974 
75.00000000 0.97093696 0.02027662 0.00143008 0.00130144 0.00448080 0.00100593 0.00056817 
76.00000000 0.97056032 0.02053533 0.00144889 0.00132010 0.00453935 0.00101936 0.00057665 
77.00000000 0.97018387 0.02079374 0.00146770 0.00133883 0.00459790 0.00103278 0.00058517 
78.00000000 0.96980761 0.02105186 0.00148652 0.00135763 0.00465644 0.00104621 0.00059373 
79.00000000 0.96943153 0.02130969 0.00150534 0.00137650 0.00471497 0.00105962 0.00060235 
80.00000000 0.96905564 0.02156722 0.00152416 0.00139545 0.00477350 0.00107304 0.00061101 
81.00000000 0.96867992 0.02182445 0.00154298 0.00141447 0.00483202 0.00108645 0.00061971 
82.00000000 0.96830437 0.02208140 0.00156181 0.00143356 0.00489054 0.00109985 0.00062847 
83.00000000 0.96792899 0.02233805 0.00158064 0.00145274 0.00494906 0.00111325 0.00063727 
84.00000000 0.96755379 0.02259442 0.00159947 0.00147199 0.00500757 0.00112665 0.00064612 
85.00000000 0.96717875 0.02285049 0.00161830 0.00149132 0.00506609 0.00114004 0.00065501 
86.00000000 0.96680387 0.02310627 0.00163714 0.00151073 0.00512461 0.00115343 0.00066396 
87.00000000 0.96642915 0.02336176 0.00165598 0.00153023 0.00518312 0.00116681 0.00067295 
88.00000000 0.96605459 0.02361696 0.00167482 0.00154980 0.00524164 0.00118019 0.00068199 
89.00000000 0.96568018 0.02387187 0.00169367 0.00156947 0.00530016 0.00119356 0.00069108 
90.00000000 0.96530593 0.02412650 0.00171251 0.00158921 0.00535869 0.00120693 0.00070022 
91.00000000 0.96493182 0.02438084 0.00173137 0.00160905 0.00541722 0.00122030 0.00070941 
92.00000000 0.96455787 0.02463489 0.00175022 0.00162897 0.00547575 0.00123366 0.00071864 
93.00000000 0.96418405 0.02488865 0.00176907 0.00164898 0.00553429 0.00124702 0.00072793 
94.00000000 0.96381038 0.02514214 0.00178793 0.00166908 0.00559283 0.00126038 0.00073726 
95.00000000 0.96343684 0.02539533 0.00180679 0.00168928 0.00565139 0.00127373 0.00074664 
96.00000000 0.96306344 0.02564824 0.00182565 0.00170956 0.00570995 0.00128709 0.00075607 
97.00000000 0.96269018 0.02590087 0.00184452 0.00172994 0.00576852 0.00130044 0.00076554 
98.00000000 0.96231705 0.02615322 0.00186338 0.00175041 0.00582709 0.00131378 0.00077506 
99.00000000 0.96194405 0.02640529 0.00188225 0.00177097 0.00588568 0.00132713 0.00078463 
100.00000000 0.96157117 0.02665708 0.00190112 0.00179163 0.00594428 0.00134048 0.00079425 
101.00000000 0.96119842 0.02690858 0.00191999 0.00181239 0.00600289 0.00135382 0.00080391 
102.00000000 0.96082580 0.02715981 0.00193886 0.00183324 0.00606151 0.00136717 0.00081361 
103.00000000 0.96045329 0.02741077 0.00195773 0.00185419 0.00612015 0.00138051 0.00082337 
104.00000000 0.96008091 0.02766144 0.00197660 0.00187523 0.00617879 0.00139386 0.00083316 
105.00000000 0.95970864 0.02791185 0.00199547 0.00189638 0.00623745 0.00140721 0.00084300 
106.00000000 0.95933649 0.02816197 0.00201434 0.00191762 0.00629613 0.00142056 0.00085289 
107.00000000 0.95896445 0.02841183 0.00203321 0.00193896 0.00635482 0.00143391 0.00086281 
108.00000000 0.95859252 0.02866142 0.00205209 0.00196040 0.00641352 0.00144727 0.00087278 
109.00000000 0.95822070 0.02891073 0.00207095 0.00198194 0.00647224 0.00146063 0.00088279 
110.00000000 0.95784900 0.02915978 0.00208982 0.00200358 0.00653098 0.00147399 0.00089284 
111.00000000 0.95747740 0.02940856 0.00210869 0.00202532 0.00658974 0.00148736 0.00090294 
112.00000000 0.95710590 0.02965708 0.00212755 0.00204716 0.00664851 0.00150073 0.00091307 
113.00000000 0.95673452 0.02990533 0.00214641 0.00206910 0.00670729 0.00151411 0.00092324 
114.00000000 0.95636323 0.03015333 0.00216527 0.00209114 0.00676610 0.00152749 0.00093345 
115.00000000 0.95599205 0.03040106 0.00218413 0.00211327 0.00682493 0.00154087 0.00094369 
116.00000000 0.95562097 0.03064853 0.00220298 0.00213551 0.00688377 0.00155427 0.00095397 
117.00000000 0.95524999 0.03089575 0.00222183 0.00215785 0.00694263 0.00156767 0.00096429 
118.00000000 0.95487910 0.03114271 0.00224067 0.00218028 0.00700151 0.00158107 0.00097465 
119.00000000 0.95450832 0.03138942 0.00225951 0.00220281 0.00706042 0.00159448 0.00098503 
120.00000000 0.95413763 0.03163588 0.00227835 0.00222544 0.00711934 0.00160790 0.00099545 
121.00000000 0.95376705 0.03188209 0.00229718 0.00224817 0.00717828 0.00162133 0.00100591 
122.00000000 0.95339655 0.03212806 0.00231600 0.00227099 0.00723724 0.00163476 0.00101639 
123.00000000 0.95302616 0.03237378 0.00233482 0.00229391 0.00729623 0.00164820 0.00102691 
124.00000000 0.95265586 0.03261926 0.00235363 0.00231692 0.00735523 0.00166165 0.00103746 
125.00000000 0.95228565 0.03286450 0.00237243 0.00234003 0.00741426 0.00167511 0.00104803 
126.00000000 0.95191554 0.03310950 0.00239123 0.00236323 0.00747330 0.00168857 0.00105864 
127.00000000 0.95154553 0.03335426 0.00241001 0.00238652 0.00753237 0.00170204 0.00106927 
128.00000000 0.95117561 0.03359880 0.00242879 0.00240990 0.00759146 0.00171552 0.00107993 
129.00000000 0.95080578 0.03384310 0.00244756 0.00243337 0.00765057 0.00172900 0.00109061 
130.00000000 0.95043605 0.03408717 0.00246633 0.00245693 0.00770970 0.00174249 0.00110133 
131.00000000 0.95006642 0.03433102 0.00248508 0.00248058 0.00776885 0.00175599 0.00111206 
132.00000000 0.94969688 0.03457465 0.00250382 0.00250431 0.00782803 0.00176949 0.00112282 
133.00000000 0.94932743 0.03481805 0.00252256 0.00252813 0.00788722 0.00178300 0.00113361 
134.00000000 0.94895808 0.03506124 0.00254128 0.00255203 0.00794644 0.00179652 0.00114441 
135.00000000 0.94858883 0.03530421 0.00255999 0.00257601 0.00800568 0.00181004 0.00115524 
136.00000000 0.94821968 0.03554697 0.00257869 0.00260007 0.00806494 0.00182357 0.00116609 
137.00000000 0.94785062 0.03578952 0.00259738 0.00262421 0.00812422 0.00183710 0.00117696 
138.00000000 0.94748166 0.03603185 0.00261605 0.00264842 0.00818352 0.00185064 0.00118785 
139.00000000 0.94711280 0.03627399 0.00263472 0.00267272 0.00824285 0.00186418 0.00119876 
140.00000000 0.94674404 0.03651592 0.00265337 0.00269708 0.00830219 0.00187772 0.00120968 
141.00000000 0.94637538 0.03675765 0.00267201 0.00272152 0.00836156 0.00189127 0.00122063 
142.00000000 0.94600682 0.03699918 0.00269063 0.00274602 0.00842094 0.00190481 0.00123159 
143.00000000 0.94563837 0.03724051 0.00270925 0.00277060 0.00848035 0.00191836 0.00124257 
144.00000000 0.94527001 0.03748166 0.00272784 0.00279524 0.00853977 0.00193192 0.00125356 
145.00000000 0.94490177 0.03772261 0.00274643 0.00281994 0.00859922 0.00194547 0.00126457 
146.00000000 0.94453363 0.03796337 0.00276500 0.00284471 0.00865868 0.00195902 0.00127560 
147.00000000 0.94416559 0.03820395 0.00278355 0.00286953 0.00871816 0.00197257 0.00128664 
148.00000000 0.94379767 0.03844434 0.00280209 0.00289442 0.00877767 0.00198612 0.00129769 
149.00000000 0.94342985 0.03868455 0.00282062 0.00291936 0.00883719 0.00199967 0.00130876 
150.00000000 0.94306214 0.03892458 0.00283913 0.00294436 0.00889673 0.00201322 0.00131984 
151.00000000 0.94269455 0.03916443 0.00285762 0.00296941 0.00895628 0.00202676 0.00133094 
152.00000000 0.94232707 0.03940411 0.00287610 0.00299451 0.00901586 0.00204030 0.00134205 
153.00000000 0.94195971 0.03964362 0.00289457 0.00301966 0.00907545 0.00205384 0.00135317 
154.00000000 0.94159246 0.03988295 0.00291301 0.00304486 0.00913506 0.00206737 0.00136430 
155.00000000 0.94122533 0.04012212 0.00293144 0.00307010 0.00919468 0.00208089 0.00137544 
156.00000000 0.94085832 0.04036111 0.00294986 0.00309539 0.00925432 0.00209442 0.00138659 
157.00000000 0.94049142 0.04059994 0.00296826 0.00312071 0.00931398 0.00210793 0.00139776 
158.00000000 0.94012466 0.04083861 0.00298664 0.00314608 0.00937365 0.00212144 0.00140893 
159.00000000 0.93975801 0.04107711 0.00300500 0.00317148 0.00943333 0.00213494 0.00142012 
160.00000000 0.93939149 0.04131546 0.00302335 0.00319692 0.00949303 0.00214843 0.00143131 
161.00000000 0.93902510 0.04155364 0.00304169 0.00322240 0.00955274 0.00216192 0.00144251 
162.00000000 0.93865884 0.04179166 0.00306000 0.00324790 0.00961247 0.00217540 0.00145373 
163.00000000 0.93829270 0.04202953 0.00307830 0.00327344 0.00967221 0.00218887 0.00146495 
164.00000000 0.93792670 0.04226724 0.00309658 0.00329900 0.00973196 0.00220233 0.00147618 
165.00000000 0.93756083 0.04250479 0.00311485 0.00332460 0.00979173 0.00221578 0.00148742 
166.00000000 0.93719509 0.04274219 0.00313310 0.00335022 0.00985150 0.00222923 0.00149867 
167.00000000 0.93682949 0.04297944 0.00315133 0.00337586 0.00991129 0.00224266 0.00150993 
168.00000000 0.93646403 0.04321653 0.00316954 0.00340152 0.00997108 0.00225608 0.00152120 
169.00000000 0.93609871 0.04345347 0.00318774 0.00342721 0.01003089 0.00226950 0.00153248 
170.00000000 0.93573353 0.04369026 0.00320593 0.00345292 0.01009071 0.00228290 0.00154376 
171.00000000 0.93536849 0.04392689 0.00322409 0.00347864 0.01015053 0.00229630 0.00155505 
172.00000000 0.93500359 0.04416338 0.00324224 0.00350438 0.01021037 0.00230968 0.00156635 
173.00000000 0.93463884 0.04439971 0.00326038 0.00353014 0.01027021 0.00232306 0.00157766 
174.00000000 0.93427424 0.04463589 0.00327850 0.00355592 0.01033006 0.00233643 0.00158898 
175.00000000 0.93390978 0.04487192 0.00329660 0.00358170 0.01038991 0.00234978 0.00160030 
176.00000000 0.93354548 0.04510779 0.00331469 0.00360750 0.01044977 0.00236313 0.00161163 
177.00000000 0.93318133 0.04534352 0.00333276 0.00363331 0.01050964 0.00237647 0.00162297 
178.00000000 0.93281732 0.04557909 0.00335082 0.00365913 0.01056952 0.00238980 0.00163432 
179.00000000 0.93245348 0.04581451 0.00336886 0.00368496 0.01062939 0.00240312 0.00164568 
180.00000000 0.93208978 0.04604978 0.00338689 0.00371080 0.01068928 0.00241643 0.00165704 
181.00000000 0.93172625 0.04628489 0.00340491 0.00373664 0.01074916 0.00242973 0.00166842 
182.00000000 0.93136287 0.04651984 0.00342291 0.00376250 0.01080905 0.00244303 0.00167980 
183.00000000 0.93099966 0.04675464 0.00344089 0.00378836 0.01086894 0.00245632 0.00169119 
184.00000000 0.93063660 0.04698928 0.00345887 0.00381422 0.01092884 0.00246960 0.00170259 
185.00000000 0.93027371 0.04722377 0.00347683 0.00384010 0.01098873 0.00248287 0.00171399 
186.00000000 0.92991098 0.04745809 0.00349478 0.00386597 0.01104863 0.00249614 0.00172541 
187.00000000 0.92954842 0.04769225 0.00351271 0.00389185 0.01110853 0.00250940 0.00173683 
188.00000000 0.92918603 0.04792625 0.00353064 0.00391774 0.01116842 0.00252266 0.00174827 
189.00000000 0.92882380 0.04816009 0.00354855 0.00394363 0.01122832 0.00253591 0.00175971 
190.00000000 0.92846174 0.04839376 0.00356645 0.00396952 0.01128821 0.00254915 0.00177116 
191.00000000 0.92809986 0.04862726 0.00358435 0.00399541 0.01134811 0.00256239 0.00178262 
192.00000000 0.92773815 0.04886059 0.00360223 0.00402131 0.01140800 0.00257563 0.00179409 
193.00000000 0.92737661 0.04909376 0.00362010 0.00404721 0.01146789 0.00258886 0.00180558 
194.00000000 0.92701524 0.04932675 0.00363796 0.00407311 0.01152777 0.00260210 0.00181707 
195.00000000 0.92665406 0.04955956 0.00365582 0.00409902 0.01158766 0.00261532 0.00182857 
196.00000000 0.92629305 0.04979220 0.00367366 0.00412493 0.01164753 0.00262855 0.00184008 
197.00000000 0.92593222 0.05002466 0.00369150 0.00415084 0.01170740 0.00264177 0.00185161 
198.00000000 0.92557157 0.05025693 0.00370933 0.00417676 0.01176727 0.00265500 0.00186315 
199.00000000 0.92521110 0.05048903 0.00372715 0.00420267 0.01182713 0.00266822 0.00187469 
200.00000000 0.92485082 0.05072094 0.00374497 0.00422859 0.01188699 0.00268144 0.00188625 
201.00000000 0.92449072 0.05095266 0.00376278 0.00425452 0.01194683 0.00269466 0.00189783 
202.00000000 0.92413081 0.05118419 0.00378058 0.00428045 0.01200667 0.00270788 0.00190941 
203.00000000 0.92377109 0.05141553 0.00379838 0.00430638 0.01206650 0.00272110 0.00192101 
204.00000000 0.92341156 0.05164668 0.00381618 0.00433232 0.01212632 0.00273432 0.00193262 
205.00000000 0.92305221 0.05187762 0.00383397 0.00435826 0.01218614 0.00274755 0.00194425 
206.00000000 0.92269306 0.05210837 0.00385176 0.00438421 0.01224594 0.00276077 0.00195589 
207.00000000 0.92233411 0.05233892 0.00386954 0.00441016 0.01230573 0.00277400 0.00196755 
208.00000000 0.92197534 0.05256926 0.00388733 0.00443612 0.01236551 0.00278722 0.00197922 
209.00000000 0.92161678 0.05279939 0.00390511 0.00446208 0.01242528 0.00280045 0.00199091 
210.00000000 0.92125841 0.05302932 0.00392289 0.00448806 0.01248503 0.00281368 0.00200261 
211.00000000 0.92090024 0.05325903 0.00394067 0.00451403 0.01254477 0.00282692 0.00201433 
212.00000000 0.92054227 0.05348853 0.00395845 0.00454002 0.01260450 0.00284015 0.00202607 
213.00000000 0.92018451 0.05371781 0.00397623 0.00456602 0.01266422 0.00285339 0.00203782 
214.00000000 0.91982695 0.05394687 0.00399401 0.00459202 0.01272392 0.00286663 0.00204959 
215.00000000 0.91946959 0.05417571 0.00401180 0.00461803 0.01278360 0.00287987 0.00206139 
216.00000000 0.91911244 0.05440433 0.00402958 0.00464406 0.01284327 0.00289312 0.00207320 
217.00000000 0.91875550 0.05463272 0.00404737 0.00467009 0.01290292 0.00290637 0.00208503 
218.00000000 0.91839877 0.05486088 0.00406516 0.00469614 0.01296256 0.00291962 0.00209687 
219.00000000 0.91804225 0.05508881 0.00408295 0.00472219 0.01302217 0.00293287 0.00210874 
220.00000000 0.91768594 0.05531651 0.00410075 0.00474826 0.01308177 0.00294612 0.00212064 
221.00000000 0.91732985 0.05554397 0.00411856 0.00477434 0.01314135 0.00295938 0.00213255 
222.00000000 0.91697397 0.05577119 0.00413637 0.00480044 0.01320091 0.00297264 0.00214448 
223.00000000 0.91661831 0.05599817 0.00415418 0.00482655 0.01326045 0.00298590 0.00215644 
224.00000000 0.91626287 0.05622491 0.00417200 0.00485267 0.01331997 0.00299917 0.00216842 
225.00000000 0.91590765 0.05645140 0.00418983 0.00487881 0.01337946 0.00301243 0.00218042 
226.00000000 0.91555265 0.05667765 0.00420766 0.00490496 0.01343894 0.00302570 0.00219245 
227.00000000 0.91519787 0.05690364 0.00422550 0.00493113 0.01349839 0.00303897 0.00220450 
228.00000000 0.91484331 0.05712939 0.00424335 0.00495732 0.01355782 0.00305224 0.00221657 
229.00000000 0.91448898 0.05735488 0.00426121 0.00498353 0.01361722 0.00306551 0.00222867 
230.00000000 0.91413488 0.05758012 0.00427908 0.00500975 0.01367660 0.00307878 0.00224080 
231.00000000 0.91378100 0.05780509 0.00429696 0.00503599 0.01373595 0.00309205 0.00225295 
232.00000000 0.91342736 0.05802981 0.00431484 0.00506225 0.01379528 0.00310533 0.00226513 
233.00000000 0.91307394 0.05825427 0.00433274 0.00508853 0.01385458 0.00311860 0.00227733 
234.00000000 0.91272076 0.05847846 0.00435065 0.00511483 0.01391385 0.00313188 0.00228957 
235.00000000 0.91236781 0.05870239 0.00436857 0.00514115 0.01397310 0.00314516 0.00230183 
236.00000000 0.91201510 0.05892605 0.00438650 0.00516749 0.01403231 0.00315844 0.00231411 
237.00000000 0.91166261 0.05914945 0.00440444 0.00519385 0.01409150 0.00317172 0.00232643 
238.00000000 0.91131037 0.05937257 0.00442239 0.00522024 0.01415066 0.00318499 0.00233877 
239.00000000 0.91095836 0.05959542 0.00444036 0.00524665 0.01420979 0.00319827 0.00235115 
240.00000000 0.91060660 0.05981800 0.00445834 0.00527308 0.01426888 0.00321155 0.00236355 
241.00000000 0.91025507 0.06004030 0.00447633 0.00529954 0.01432795 0.00322483 0.00237598 
242.00000000 0.90990378 0.06026233 0.00449433 0.00532602 0.01438698 0.00323812 0.00238844 
243.00000000 0.90955274 0.06048407 0.00451235 0.00535253 0.01444598 0.00325140 0.00240093 
244.00000000 0.90920193 0.06070554 0.00453038 0.00537906 0.01450495 0.00326468 0.00241345 
245.00000000 0.90885137 0.06092673 0.00454842 0.00540562 0.01456389 0.00327796 0.00242600 
246.00000000 0.90850106 0.06114763 0.00456648 0.00543221 0.01462279 0.00329125 0.00243858 
247.00000000 0.90815099 0.06136825 0.00458456 0.00545882 0.01468166 0.00330453 0.00245119 
248.00000000 0.90780117 0.06158859 0.00460264 0.00548546 0.01474049 0.00331782 0.00246383 
249.00000000 0.90745159 0.06180864 0.00462075 0.00551213 0.01479928 0.00333111 0.00247650 
250.00000000 0.90710226 0.06202840 0.00463886 0.00553883 0.01485804 0.00334440 0.00248920 
251.00000000 0.90675318 0.06224787 0.00465699 0.00556556 0.01491677 0.00335770 0.00250194 
252.00000000 0.90640434 0.06246705 0.00467514 0.00559232 0.01497545 0.00337099 0.00251470 
253.00000000 0.90605576 0.06268595 0.00469330 0.00561911 0.01503410 0.00338429 0.00252749 
254.00000000 0.90570743 0.06290454 0.00471148 0.00564593 0.01509271 0.00339760 0.00254031 
255.00000000 0.90535934 0.06312285 0.00472967 0.00567278 0.01515129 0.00341090 0.00255317 
256.00000000 0.90501151 0.06334086 0.00474788 0.00569967 0.01520982 0.00342421 0.00256605 
257.00000000 0.90466393 0.06355858 0.00476610 0.00572659 0.01526832 0.00343753 0.00257896 
258.00000000 0.90431660 0.06377600 0.00478433 0.00575354 0.01532677 0.00345085 0.00259191 
259.00000000 0.90396952 0.06399312 0.00480258 0.00578053 0.01538519 0.00346418 0.00260488 
260.00000000 0.90362269 0.06420994 0.00482085 0.00580756 0.01544356 0.00347751 0.00261788 
261.00000000 0.90327612 0.06442647 0.00483913 0.00583462 0.01550190 0.00349085 0.00263091 
262.00000000 0.90292980 0.06464269 0.00485743 0.00586171 0.01556020 0.00350420 0.00264397 
263.00000000 0.90258373 0.06485862 0.00487574 0.00588884 0.01561845 0.00351755 0.00265706 
264.00000000 0.90223792 0.06507424 0.00489406 0.00591601 0.01567666 0.00353091 0.00267018 
265.00000000 0.90189236 0.06528956 0.00491240 0.00594322 0.01573484 0.00354429 0.00268333 
266.00000000 0.90154706 0.06550458 0.00493076 0.00597047 0.01579297 0.00355767 0.00269650 
267.00000000 0.90120201 0.06571929 0.00494913 0.00599775 0.01585105 0.00357106 0.00270970 
268.00000000 0.90085721 0.06593370 0.00496751 0.00602508 0.01590910 0.00358447 0.00272293 
269.00000000 0.90051267 0.06614781 0.00498591 0.00605245 0.01596710 0.00359788 0.00273619 
270.00000000 0.90016839 0.06636161 0.00500431 0.00607985 0.01602506 0.00361131 0.00274947 
271.00000000 0.89982435 0.06657510 0.00502274 0.00610730 0.01608298 0.00362475 0.00276277 
272.00000000 0.89948058 0.06678828 0.00504117 0.00613479 0.01614086 0.00363821 0.00277611 
273.00000000 0.89913706 0.06700116 0.00505962 0.00616233 0.01619869 0.00365167 0.00278946 
274.00000000 0.89879380 0.06721373 0.00507809 0.00618990 0.01625648 0.00366516 0.00280285 
275.00000000 0.89845079 0.06742600 0.00509656 0.00621752 0.01631422 0.00367866 0.00281625 
276.00000000 0.89810804 0.06763795 0.00511505 0.00624519 0.01637192 0.00369217 0.00282968 
277.00000000 0.89776554 0.06784960 0.00513355 0.00627290 0.01642958 0.00370570 0.00284314 
278.00000000 0.89742330 0.06806094 0.00515206 0.00630065 0.01648719 0.00371925 0.00285661 
279.00000000 0.89708132 0.06827197 0.00517058 0.00632845 0.01654476 0.00373281 0.00287011 
280.00000000 0.89673960 0.06848269 0.00518911 0.00635630 0.01660228 0.00374639 0.00288363 
281.00000000 0.89639813 0.06869310 0.00520765 0.00638419 0.01665976 0.00376000 0.00289717 
282.00000000 0.89605693 0.06890320 0.00522621 0.00641213 0.01671719 0.00377361 0.00291073 
283.00000000 0.89571598 0.06911299 0.00524477 0.00644012 0.01677458 0.00378725 0.00292431 
284.00000000 0.89537528 0.06932247 0.00526334 0.00646815 0.01683193 0.00380091 0.00293792 
285.00000000 0.89503485 0.06953164 0.00528193 0.00649623 0.01688923 0.00381459 0.00295154 
286.00000000 0.89469468 0.06974050 0.00530052 0.00652436 0.01694648 0.00382828 0.00296517 
287.00000000 0.89435477 0.06994906 0.00531912 0.00655254 0.01700369 0.00384200 0.00297883 
288.00000000 0.89401511 0.07015730 0.00533773 0.00658076 0.01706086 0.00385574 0.00299250 
289.00000000 0.89367572 0.07036524 0.00535634 0.00660903 0.01711797 0.00386949 0.00300620 
290.00000000 0.89333659 0.07057287 0.00537497 0.00663735 0.01717505 0.00388327 0.00301990 
291.00000000 0.89299772 0.07078019 0.00539360 0.00666573 0.01723207 0.00389707 0.00303363 
292.00000000 0.89265911 0.07098720 0.00541223 0.00669414 0.01728906 0.00391089 0.00304736 
293.00000000 0.89232077 0.07119390 0.00543088 0.00672261 0.01734599 0.00392473 0.00306112 
294.00000000 0.89198269 0.07140030 0.00544953 0.00675113 0.01740288 0.00393859 0.00307488 
295.00000000 0.89164487 0.07160640 0.00546818 0.00677969 0.01745972 0.00395247 0.00308866 
296.00000000 0.89130732 0.07181218 0.00548685 0.00680830 0.01751652 0.00396636 0.00310246 
297.00000000 0.89097004 0.07201767 0.00550551 0.00683696 0.01757327 0.00398028 0.00311627 
298.00000000 0.89063302 0.07222285 0.00552418 0.00686567 0.01762998 0.00399422 0.00313009 
299.00000000 0.89029627 0.07242772 0.00554286 0.00689443 0.01768663 0.00400818 0.00314392 
300.00000000 0.88995978 0.07263230 0.00556153 0.00692323 0.01774325 0.00402215 0.00315776 
301.00000000 0.88962357 0.07283657 0.00558021 0.00695208 0.01779981 0.00403615 0.00317161 
302.00000000 0.88928762 0.07304054 0.00559890 0.00698098 0.01785633 0.00405016 0.00318548 
303.00000000 0.88895194 0.07324422 0.00561759 0.00700992 0.01791280 0.00406419 0.00319935 
304.00000000 0.88861654 0.07344759 0.00563627 0.00703891 0.01796922 0.00407823 0.00321323 
305.00000000 0.88828140 0.07365067 0.00565496 0.00706794 0.01802560 0.00409230 0.00322713 
306.00000000 0.88794654 0.07385346 0.00567366 0.00709702 0.01808192 0.00410637 0.00324103 
307.00000000 0.88761196 0.07405595 0.00569235 0.00712614 0.01813820 0.00412047 0.00325494 
308.00000000 0.88727764 0.07425814 0.00571104 0.00715530 0.01819444 0.00413458 0.00326886 
309.00000000 0.88694361 0.07446005 0.00572974 0.00718451 0.01825062 0.00414870 0.00328278 
310.00000000 0.88660984 0.07466166 0.00574843 0.00721376 0.01830676 0.00416283 0.00329672 
311.00000000 0.88627636 0.07486299 0.00576712 0.00724305 0.01836285 0.00417698 0.00331066 
312.00000000 0.88594315 0.07506402 0.00578582 0.00727238 0.01841889 0.00419113 0.00332460 
313.00000000 0.88561022 0.07526478 0.00580451 0.00730175 0.01847488 0.00420530 0.00333856 
314.00000000 0.88527757 0.07546524 0.00582320 0.00733116 0.01853082 0.00421948 0.00335252 
315.00000000 0.88494520 0.07566543 0.00584189 0.00736061 0.01858672 0.00423367 0.00336648 
316.00000000 0.88461311 0.07586533 0.00586057 0.00739010 0.01864257 0.00424787 0.00338045 
317.00000000 0.88428131 0.07606495 0.00587926 0.00741962 0.01869837 0.00426207 0.00339443 
318.00000000 0.88394978 0.07626430 0.00589794 0.00744918 0.01875411 0.00427628 0.00340841 
319.00000000 0.88361854 0.07646337 0.00591662 0.00747877 0.01880982 0.00429050 0.00342240 
320.00000000 0.88328758 0.07666216 0.00593529 0.00750839 0.01886547 0.00430472 0.00343639 
321.00000000 0.88295690 0.07686068 0.00595396 0.00753805 0.01892107 0.00431895 0.00345039 
322.00000000 0.88262651 0.07705893 0.00597263 0.00756774 0.01897663 0.00433318 0.00346439 
323.00000000 0.88229640 0.07725691 0.00599129 0.00759746 0.01903213 0.00434741 0.00347839 
324.00000000 0.88196658 0.07745463 0.00600995 0.00762721 0.01908759 0.00436165 0.00349240 
325.00000000 0.88163704 0.07765207 0.00602860 0.00765699 0.01914300 0.00437588 0.00350642 
326.00000000 0.88130779 0.07784926 0.00604725 0.00768679 0.01919835 0.00439012 0.00352044 
327.00000000 0.88097882 0.07804618 0.00606590 0.00771662 0.01925366 0.00440436 0.00353446 
328.00000000 0.88065014 0.07824284 0.00608453 0.00774648 0.01930893 0.00441859 0.00354848 
329.00000000 0.88032175 0.07843924 0.00610317 0.00777636 0.01936414 0.00443283 0.00356251 
330.00000000 0.87999364 0.07863539 0.00612179 0.00780627 0.01941930 0.00444706 0.00357655 
331.00000000 0.87966582 0.07883128 0.00614041 0.00783620 0.01947442 0.00446129 0.00359058 
332.00000000 0.87933828 0.07902693 0.00615902 0.00786614 0.01952949 0.00447551 0.00360463 
333.00000000 0.87901103 0.07922231 0.00617763 0.00789611 0.01958450 0.00448974 0.00361867 
334.00000000 0.87868407 0.07941746 0.00619623 0.00792610 0.01963948 0.00450395 0.00363272 
335.00000000 0.87835738 0.07961235 0.00621482 0.00795611 0.01969440 0.00451816 0.00364677 
336.00000000 0.87803099 0.07980700 0.00623341 0.00798613 0.01974927 0.00453237 0.00366083 
337.00000000 0.87770487 0.08000141 0.00625199 0.00801617 0.01980410 0.00454657 0.00367489 
338.00000000 0.87737905 0.08019557 0.00627056 0.00804623 0.01985888 0.00456076 0.00368895 
339.00000000 0.87705350 0.08038950 0.00628912 0.00807630 0.01991362 0.00457495 0.00370302 
340.00000000 0.87672823 0.08058318 0.00630767 0.00810638 0.01996831 0.00458913 0.00371709 
341.00000000 0.87640325 0.08077664 0.00632622 0.00813648 0.02002295 0.00460330 0.00373116 
342.00000000 0.87607854 0.08096986 0.00634476 0.00816659 0.02007754 0.00461747 0.00374524 
343.00000000 0.87575412 0.08116284 0.00636329 0.00819671 0.02013209 0.00463162 0.00375933 
344.00000000 0.87542997 0.08135560 0.00638181 0.00822684 0.02018660 0.00464577 0.00377342 
345.00000000 0.87510610 0.08154813 0.00640032 0.00825697 0.02024106 0.00465991 0.00378751 
346.00000000 0.87478250 0.08174044 0.00641882 0.00828712 0.02029547 0.00467404 0.00380161 
347.00000000 0.87445918 0.08193252 0.00643732 0.00831728 0.02034985 0.00468816 0.00381571 
348.00000000 0.87413612 0.08212437 0.00645580 0.00834744 0.02040418 0.00470228 0.00382981 
349.00000000 0.87381334 0.08231601 0.00647428 0.00837760 0.02045846 0.00471638 0.00384392 
350.00000000 0.87349083 0.08250743 0.00649275 0.00840778 0.02051270 0.00473047 0.00385804 
351.00000000 0.87316859 0.08269863 0.00651120 0.00843795 0.02056691 0.00474456 0.00387216 
352.00000000 0.87284661 0.08288962 0.00652965 0.00846813 0.02062107 0.00475863 0.00388629 
353.00000000 0.87252490 0.08308039 0.00654809 0.00849832 0.02067519 0.00477270 0.00390042 
354.00000000 0.87220344 0.08327095 0.00656652 0.00852850 0.02072927 0.00478676 0.00391456 
355.00000000 0.87188225 0.08346130 0.00658493 0.00855869 0.02078331 0.00480081 0.00392870 
356.00000000 0.87156132 0.08365145 0.00660334 0.00858888 0.02083731 0.00481485 0.00394285 
357.00000000 0.87124064 0.08384138 0.00662174 0.00861907 0.02089127 0.00482888 0.00395701 
358.00000000 0.87092022 0.08403112 0.00664013 0.00864926 0.02094520 0.00484290 0.00397117 
359.00000000 0.87060004 0.08422065 0.00665851 0.00867945 0.02099909 0.00485692 0.00398534 
360.00000000 0.87028012 0.08440998 0.00667688 0.00870965 0.02105294 0.00487092 0.00399951 
361.00000000 0.86996044 0.08459911 0.00669523 0.00873983 0.02110676 0.00488492 0.00401370 
362.00000000 0.86964101 0.08478805 0.00671358 0.00877002 0.02116054 0.00489891 0.00402788 
363.00000000 0.86932182 0.08497678 0.00673192 0.00880021 0.02121429 0.00491289 0.00404208 
364.00000000 0.86900287 0.08516533 0.00675025 0.00883039 0.02126801 0.00492687 0.00405628 
365.00000000 0.86868416 0.08535368 0.00676856 0.00886057 0.02132170 0.00494083 0.00407050 
366.00000000 0.86836568 0.08554185 0.00678687 0.00889075 0.02137535 0.00495479 0.00408472 
367.00000000 0.86804744 0.08572982 0.00680516 0.00892092 0.02142897 0.00496874 0.00409894 
368.00000000 0.86772942 0.08591761 0.00682345 0.00895109 0.02148256 0.00498268 0.00411318 
369.00000000 0.86741164 0.08610521 0.00684172 0.00898126 0.02153613 0.00499662 0.00412743 
370.00000000 0.86709407 0.08629263 0.00685999 0.00901142 0.02158966 0.00501055 0.00414168 
371.00000000 0.86677673 0.08647986 0.00687824 0.00904158 0.02164317 0.00502447 0.00415594 
372.00000000 0.86645961 0.08666692 0.00689648 0.00907173 0.02169665 0.00503839 0.00417021 
373.00000000 0.86614270 0.08685380 0.00691471 0.00910188 0.02175011 0.00505230 0.00418450 
374.00000000 0.86582601 0.08704050 0.00693294 0.00913202 0.02180354 0.00506620 0.00419879 
375.00000000 0.86550953 0.08722702 0.00695115 0.00916216 0.02185695 0.00508010 0.00421309 
376.00000000 0.86519326 0.08741337 0.00696935 0.00919229 0.02191034 0.00509399 0.00422740 
377.00000000 0.86487719 0.08759955 0.00698753 0.00922242 0.02196370 0.00510787 0.00424173 
378.00000000 0.86456133 0.08778556 0.00700571 0.00925254 0.02201704 0.00512175 0.00425606 
379.00000000 0.86424567 0.08797140 0.00702388 0.00928266 0.02207037 0.00513562 0.00427041 
380.00000000 0.86393020 0.08815707 0.00704204 0.00931277 0.02212367 0.00514948 0.00428477 
381.00000000 0.86361493 0.08834258 0.00706018 0.00934287 0.02217695 0.00516334 0.00429914 
382.00000000 0.86329985 0.08852792 0.00707832 0.00937297 0.02223022 0.00517719 0.00431352 
383.00000000 0.86298497 0.08871310 0.00709645 0.00940306 0.02228347 0.00519104 0.00432792 
384.00000000 0.86267026 0.08889811 0.00711456 0.00943315 0.02233671 0.00520488 0.00434233 
385.00000000 0.86235575 0.08908297 0.00713266 0.00946323 0.02238993 0.00521871 0.00435675 
386.00000000 0.86204141 0.08926766 0.00715076 0.00949331 0.02244314 0.00523254 0.00437119 
387.00000000 0.86172726 0.08945220 0.00716884 0.00952338 0.02249633 0.00524636 0.00438564 
388.00000000 0.86141327 0.08963658 0.00718691 0.00955344 0.02254951 0.00526017 0.00440010 
389.00000000 0.86109947 0.08982081 0.00720497 0.00958350 0.02260268 0.00527398 0.00441458 
390.00000000 0.86078583 0.09000488 0.00722302 0.00961356 0.02265585 0.00528778 0.00442908 
391.00000000 0.86047237 0.09018880 0.00724106 0.00964361 0.02270900 0.00530157 0.00444359 
392.00000000 0.86015906 0.09037256 0.00725909 0.00967366 0.02276214 0.00531536 0.00445812 
393.00000000 0.85984593 0.09055618 0.00727711 0.00970370 0.02281528 0.00532914 0.00447266 
394.00000000 0.85953295 0.09073965 0.00729512 0.00973374 0.02286841 0.00534291 0.00448722 
395.00000000 0.85922013 0.09092296 0.00731312 0.00976378 0.02292154 0.00535667 0.00450180 
396.00000000 0.85890747 0.09110613 0.00733111 0.00979381 0.02297466 0.00537043 0.00451639 
397.00000000 0.85859496 0.09128916 0.00734908 0.00982384 0.02302777 0.00538418 0.00453101 
398.00000000 0.85828260 0.09147203 0.00736705 0.00985387 0.02308089 0.00539792 0.00454564 
399.00000000 0.85797039 0.09165477 0.00738501 0.00988389 0.02313400 0.00541165 0.00456029 
400.00000000 0.85765833 0.09183735 0.00740295 0.00991392 0.02318711 0.00542537 0.00457496 
401.00000000 0.85734641 0.09201980 0.00742089 0.00994394 0.02324022 0.00543909 0.00458965 
402.00000000 0.85703463 0.09220210 0.00743881 0.00997397 0.02329334 0.00545280 0.00460436 
403.00000000 0.85672299 0.09238425 0.00745673 0.01000399 0.02334645 0.00546649 0.00461910 
404.00000000 0.85641148 0.09256627 0.00747463 0.01003402 0.02339957 0.00548018 0.00463385 
405.00000000 0.85610011 0.09274814 0.00749253 0.01006405 0.02345268 0.00549386 0.00464862 
406.00000000 0.85578888 0.09292987 0.00751041 0.01009408 0.02350581 0.00550753 0.00466342 
407.00000000 0.85547777 0.09311146 0.00752828 0.01012412 0.02355894 0.00552120 0.00467824 
408.00000000 0.85516679 0.09329291 0.00754615 0.01015415 0.02361207 0.00553485 0.00469308 
409.00000000 0.85485594 0.09347422 0.00756400 0.01018420 0.02366521 0.00554849 0.00470794 
410.00000000 0.85454521 0.09365539 0.00758184 0.01021425 0.02371836 0.00556213 0.00472283 
411.00000000 0.85423460 0.09383642 0.00759968 0.01024430 0.02377152 0.00557575 0.00473774 
412.00000000 0.85392410 0.09401731 0.00761750 0.01027437 0.02382469 0.00558937 0.00475267 
413.00000000 0.85361373 0.09419806 0.00763531 0.01030444 0.02387786 0.00560297 0.00476763 
414.00000000 0.85330347 0.09437866 0.00765311 0.01033452 0.02393105 0.00561657 0.00478261 
415.00000000 0.85299332 0.09455913 0.00767090 0.01036461 0.02398425 0.00563016 0.00479762 
416.00000000 0.85268329 0.09473946 0.00768869 0.01039472 0.02403746 0.00564374 0.00481266 
417.00000000 0.85237336 0.09491964 0.00770646 0.01042483 0.02409068 0.00565731 0.00482772 
418.00000000 0.85206354 0.09509969 0.00772422 0.01045496 0.02414392 0.00567087 0.00484280 
419.00000000 0.85175383 0.09527959 0.00774197 0.01048511 0.02419717 0.00568443 0.00485792 
420.00000000 0.85144421 0.09545935 0.00775971 0.01051527 0.02425044 0.00569797 0.00487305 
421.00000000 0.85113470 0.09563897 0.00777744 0.01054544 0.02430372 0.00571151 0.00488822 
422.00000000 0.85082529 0.09581844 0.00779516 0.01057564 0.02435702 0.00572504 0.00490341 
423.00000000 0.85051597 0.09599777 0.00781287 0.01060586 0.02441033 0.00573856 0.00491863 
424.00000000 0.85020675 0.09617696 0.00783057 0.01063609 0.02446366 0.00575208 0.00493388 
425.00000000 0.84989762 0.09635600 0.00784826 0.01066635 0.02451702 0.00576558 0.00494916 
426.00000000 0.84958859 0.09653490 0.00786594 0.01069663 0.02457039 0.00577909 0.00496446 
427.00000000 0.84927965 0.09671365 0.00788361 0.01072694 0.02462378 0.00579258 0.00497979 
428.00000000 0.84897079 0.09689225 0.00790127 0.01075727 0.02467719 0.00580607 0.00499515 
429.00000000 0.84866202 0.09707071 0.00791892 0.01078763 0.02473062 0.00581956 0.00501054 
430.00000000 0.84835334 0.09724902 0.00793656 0.01081802 0.02478407 0.00583304 0.00502596 
431.00000000 0.84804474 0.09742717 0.00795419 0.01084844 0.02483754 0.00584651 0.00504140 
432.00000000 0.84773622 0.09760518 0.00797180 0.01087889 0.02489104 0.00585998 0.00505688 
433.00000000 0.84742779 0.09778304 0.00798941 0.01090937 0.02494456 0.00587345 0.00507238 
434.00000000 0.84711943 0.09796074 0.00800701 0.01093989 0.02499810 0.00588692 0.00508791 
435.00000000 0.84681115 0.09813829 0.00802459 0.01097044 0.02505167 0.00590038 0.00510347 
436.00000000 0.84650295 0.09831569 0.00804217 0.01100103 0.02510526 0.00591384 0.00511906 
437.00000000 0.84619483 0.09849293 0.00805973 0.01103166 0.02515887 0.00592730 0.00513468 
438.00000000 0.84588678 0.09867001 0.00807728 0.01106233 0.02521251 0.00594076 0.00515033 
439.00000000 0.84557880 0.09884694 0.00809483 0.01109304 0.02526618 0.00595421 0.00516600 
