0.00000000 1.00000000 0.00000000 0.00000000 0.00000000 0.00000000 0.00000000 0.00000000 
1.00000000 0.99971323 0.00027273 0.00000108 0.00000124 0.00000159 0.00000665 0.00000347 
2.00000000 0.99885416 0.00108973 0.00000433 0.00000494 0.00000638 0.00002658 0.00001388 
3.00000000 0.99742579 0.00244801 0.00000986 0.00001113 0.00001437 0.00005969 0.00003115 
4.00000000 0.99543269 0.00434303 0.00001781 0.00001983 0.00002561 0.00010582 0.00005520 
5.00000000 0.99288097 0.00676874 0.00002839 0.00003106 0.00004015 0.00016478 0.00008591 
6.00000000 0.98977822 0.00971756 0.00004187 0.00004486 0.00005805 0.00023632 0.00012313 
7.00000000 0.98613348 0.01318049 0.00005857 0.00006127 0.00007938 0.00032014 0.00016666 
8.00000000 0.98195723 0.01714711 0.00007887 0.00008035 0.00010425 0.00041588 0.00021630 
9.00000000 0.97726128 0.02160565 0.00010319 0.00010216 0.00013274 0.00052316 0.00027182 
10.00000000 0.97205876 0.02654303 0.00013199 0.00012678 0.00016499 0.00064152 0.00033294 
11.00000000 0.96636404 0.03194495 0.00016577 0.00015426 0.00020110 0.00077050 0.00039939 
12.00000000 0.96019266 0.03779594 0.00020507 0.00018470 0.00024121 0.00090958 0.00047084 
13.00000000 0.95356128 0.04407944 0.00025046 0.00021817 0.00028547 0.00105819 0.00054699 
14.00000000 0.94648761 0.05077785 0.00030253 0.00025478 0.00033400 0.00121575 0.00062748 
15.00000000 0.93899030 0.05787264 0.00036188 0.00029460 0.00038697 0.00138165 0.00071196 
16.00000000 0.93108889 0.06534441 0.00042914 0.00033774 0.00044451 0.00155524 0.00080006 
17.00000000 0.92280376 0.07317297 0.00050493 0.00038429 0.00050679 0.00173586 0.00089140 
18.00000000 0.91415598 0.08133743 0.00058989 0.00043436 0.00057395 0.00192281 0.00098558 
19.00000000 0.90516728 0.08981629 0.00068463 0.00048803 0.00064615 0.00211539 0.00108223 
20.00000000 0.89585997 0.09858750 0.00078976 0.00054540 0.00072352 0.00231289 0.00118095 
21.00000000 0.88625683 0.10762855 0.00090590 0.00060658 0.00080621 0.00251459 0.00128134 
22.00000000 0.87638104 0.11691660 0.00103360 0.00067164 0.00089435 0.00271975 0.00138302 
23.00000000 0.86625611 0.12642849 0.00117343 0.00074067 0.00098808 0.00292763 0.00148559 
24.00000000 0.85590578 0.13614086 0.00132591 0.00081375 0.00108750 0.00313752 0.00158868 
25.00000000 0.84535397 0.14603023 0.00149152 0.00089096 0.00119272 0.00334868 0.00169192 
26.00000000 0.83462465 0.15607309 0.00167072 0.00097236 0.00130385 0.00356039 0.00179495 
27.00000000 0.82374185 0.16624592 0.00186390 0.00105801 0.00142096 0.00377194 0.00189742 
28.00000000 0.81272948 0.17652535 0.00207143 0.00114794 0.00154414 0.00398265 0.00199900 
29.00000000 0.80161137 0.18688815 0.00229363 0.00124220 0.00167343 0.00419184 0.00209938 
30.00000000 0.79041111 0.19731133 0.00253075 0.00134081 0.00180889 0.00439885 0.00219827 
31.00000000 0.77915204 0.20777223 0.00278301 0.00144377 0.00195054 0.00460305 0.00229537 
32.00000000 0.76785717 0.21824853 0.00305055 0.00155107 0.00209839 0.00480384 0.00239044 
33.00000000 0.75654910 0.22871834 0.00333350 0.00166271 0.00225246 0.00500064 0.00248325 
34.00000000 0.74525003 0.23916027 0.00363188 0.00177865 0.00241271 0.00519290 0.00257357 
35.00000000 0.73398162 0.24955343 0.00394569 0.00189883 0.00257912 0.00538010 0.00266122 
36.00000000 0.72276500 0.25987751 0.00427487 0.00202318 0.00275164 0.00556177 0.00274603 
37.00000000 0.71162072 0.27011284 0.00461929 0.00215162 0.00293020 0.00573746 0.00282787 
38.00000000 0.70056870 0.28024037 0.00497878 0.00228406 0.00311474 0.00590676 0.00290660 
39.00000000 0.68962815 0.29024179 0.00535310 0.00242036 0.00330514 0.00606931 0.00298215 
40.00000000 0.67881763 0.30009947 0.00574199 0.00256040 0.00350130 0.00622476 0.00305445 
41.00000000 0.66815492 0.30979658 0.00614512 0.00270401 0.00370310 0.00637284 0.00312344 
42.00000000 0.65765705 0.31931701 0.00656210 0.00285104 0.00391039 0.00651330 0.00318911 
43.00000000 0.64734028 0.32864551 0.00699253 0.00300128 0.00412302 0.00664591 0.00325146 
44.00000000 0.63722002 0.33776760 0.00743594 0.00315455 0.00434083 0.00677053 0.00331052 
45.00000000 0.62731089 0.34666967 0.00789182 0.00331062 0.00456364 0.00688702 0.00336634 
46.00000000 0.61762666 0.35533891 0.00835966 0.00346925 0.00479125 0.00699531 0.00341897 
47.00000000 0.60818022 0.36376339 0.00883887 0.00363021 0.00502346 0.00709533 0.00346853 
48.00000000 0.59898363 0.37193203 0.00932886 0.00379323 0.00526005 0.00718710 0.00351510 
49.00000000 0.59004808 0.37983460 0.00982901 0.00395804 0.00550080 0.00727065 0.00355881 
50.00000000 0.58138387 0.38746174 0.01033868 0.00412437 0.00574548 0.00734604 0.00359982 
51.00000000 0.57300046 0.39480491 0.01085720 0.00429192 0.00599384 0.00741340 0.00363827 
52.00000000 0.56490643 0.40185647 0.01138389 0.00446039 0.00624562 0.00747287 0.00367434 
53.00000000 0.55710948 0.40860957 0.01191806 0.00462950 0.00650057 0.00752462 0.00370820 
54.00000000 0.54961649 0.41505821 0.01245902 0.00479892 0.00675841 0.00756887 0.00374007 
55.00000000 0.54243348 0.42119722 0.01300605 0.00496836 0.00701888 0.00760587 0.00377013 
56.00000000 0.53556563 0.42702221 0.01355846 0.00513751 0.00728170 0.00763589 0.00379860 
57.00000000 0.52901732 0.43252958 0.01411553 0.00530606 0.00754656 0.00765923 0.00382571 
58.00000000 0.52279211 0.43771653 0.01467656 0.00547372 0.00781320 0.00767622 0.00385168 
59.00000000 0.51689277 0.44258097 0.01524086 0.00564017 0.00808130 0.00768721 0.00387672 
60.00000000 0.51132132 0.44712158 0.01580775 0.00580513 0.00835057 0.00769256 0.00390108 
61.00000000 0.50607901 0.45133773 0.01637654 0.00596833 0.00862072 0.00769268 0.00392499 
62.00000000 0.50116639 0.45522948 0.01694659 0.00612949 0.00889143 0.00768796 0.00394867 
63.00000000 0.49658326 0.45879756 0.01751724 0.00628835 0.00916240 0.00767884 0.00397235 
64.00000000 0.49232877 0.46204335 0.01808788 0.00644467 0.00943332 0.00766574 0.00399627 
65.00000000 0.48840141 0.46496884 0.01865789 0.00659822 0.00970389 0.00764912 0.00402063 
66.00000000 0.48479901 0.46757662 0.01922671 0.00674879 0.00997380 0.00762943 0.00404565 
67.00000000 0.48151881 0.46986985 0.01979375 0.00689618 0.01024274 0.00760712 0.00407155 
68.00000000 0.47855746 0.47185222 0.02035850 0.00704023 0.01051040 0.00758267 0.00409852 
69.00000000 0.47591105 0.47352796 0.02092044 0.00718077 0.01077649 0.00755653 0.00412675 
70.00000000 0.47357515 0.47490176 0.02147909 0.00731769 0.01104070 0.00752918 0.00415643 
71.00000000 0.47154479 0.47597881 0.02203398 0.00745086 0.01130274 0.00750108 0.00418773 
72.00000000 0.46981456 0.47676473 0.02258470 0.00758021 0.01156230 0.00747268 0.00422081 
73.00000000 0.46837859 0.47726553 0.02313082 0.00770568 0.01181910 0.00744445 0.00425583 
74.00000000 0.46723056 0.47748763 0.02367199 0.00782723 0.01207286 0.00741683 0.00429291 
75.00000000 0.46636377 0.47743780 0.02420785 0.00794486 0.01232329 0.00739024 0.00433218 
76.00000000 0.46577117 0.47712317 0.02473808 0.00805856 0.01257012 0.00736513 0.00437377 
77.00000000 0.46544533 0.47655115 0.02526239 0.00816839 0.01281310 0.00734190 0.00441776 
78.00000000 0.46537852 0.47572944 0.02578051 0.00827440 0.01305195 0.00732094 0.00446425 
79.00000000 0.46556271 0.47466603 0.02629220 0.00837668 0.01328643 0.00730264 0.00451330 
80.00000000 0.46598962 0.47336911 0.02679725 0.00847535 0.01351630 0.00728737 0.00456499 
81.00000000 0.46665072 0.47184711 0.02729546 0.00857054 0.01374133 0.00727548 0.00461936 
82.00000000 0.46753726 0.47010864 0.02778668 0.00866239 0.01396130 0.00726728 0.00467645 
83.00000000 0.46864030 0.46816247 0.02827076 0.00875110 0.01417600 0.00726310 0.00473628 
84.00000000 0.46995074 0.46601752 0.02874759 0.00883685 0.01438524 0.00726321 0.00479885 
85.00000000 0.47145933 0.46368284 0.02921706 0.00891987 0.01458884 0.00726789 0.00486418 
86.00000000 0.47315670 0.46116757 0.02967910 0.00900037 0.01478662 0.00727738 0.00493225 
87.00000000 0.47503339 0.45848095 0.03013365 0.00907863 0.01497843 0.00729191 0.00500304 
88.00000000 0.47707986 0.45563226 0.03058068 0.00915488 0.01516413 0.00731166 0.00507651 
89.00000000 0.47928652 0.45263083 0.03102017 0.00922943 0.01534360 0.00733683 0.00515263 
90.00000000 0.48164372 0.44948601 0.03145211 0.00930254 0.01551672 0.00736756 0.00523134 
91.00000000 0.48414182 0.44620716 0.03187652 0.00937453 0.01568340 0.00740398 0.00531259 
92.00000000 0.48677119 0.44280362 0.03229343 0.00944568 0.01584357 0.00744620 0.00539630 
93.00000000 0.48952219 0.43928471 0.03270287 0.00951633 0.01599717 0.00749430 0.00548241 
94.00000000 0.49238527 0.43565969 0.03310491 0.00958678 0.01614416 0.00754835 0.00557084 
95.00000000 0.49535089 0.43193777 0.03349960 0.00965735 0.01628451 0.00760837 0.00566150 
96.00000000 0.49840962 0.42812807 0.03388703 0.00972837 0.01641823 0.00767439 0.00575429 
97.00000000 0.50155210 0.42423962 0.03426729 0.00980015 0.01654532 0.00774639 0.00584913 
98.00000000 0.50476908 0.42028135 0.03464047 0.00987300 0.01666582 0.00782436 0.00594593 
99.00000000 0.50805144 0.41626206 0.03500667 0.00994725 0.01677978 0.00790823 0.00604457 
100.00000000 0.51139018 0.41219044 0.03536602 0.01002319 0.01688726 0.00799795 0.00614496 
101.00000000 0.51477646 0.40807501 0.03571862 0.01010113 0.01698838 0.00809342 0.00624699 
102.00000000 0.51820158 0.40392414 0.03606462 0.01018136 0.01708321 0.00819453 0.00635056 
103.00000000 0.52165703 0.39974605 0.03640413 0.01026416 0.01717191 0.00830115 0.00645557 
104.00000000 0.52513448 0.39554877 0.03673730 0.01034980 0.01725460 0.00841315 0.00656192 
105.00000000 0.52862578 0.39134013 0.03706426 0.01043853 0.01733145 0.00853037 0.00666949 
106.00000000 0.53212299 0.38712779 0.03738517 0.01053060 0.01740264 0.00865262 0.00677820 
107.00000000 0.53561838 0.38291919 0.03770016 0.01062625 0.01746836 0.00877972 0.00688794 
108.00000000 0.53910444 0.37872157 0.03800940 0.01072567 0.01752884 0.00891147 0.00699862 
109.00000000 0.54257388 0.37454194 0.03831303 0.01082908 0.01758428 0.00904765 0.00711014 
110.00000000 0.54601966 0.37038709 0.03861122 0.01093664 0.01763494 0.00918804 0.00722241 
111.00000000 0.54943496 0.36626358 0.03890411 0.01104853 0.01768108 0.00933240 0.00733535 
112.00000000 0.55281321 0.36217773 0.03919187 0.01116489 0.01772295 0.00948047 0.00744888 
113.00000000 0.55614810 0.35813562 0.03947466 0.01128585 0.01776085 0.00963202 0.00756291 
114.00000000 0.55943358 0.35414309 0.03975263 0.01141151 0.01779506 0.00978676 0.00767738 
115.00000000 0.56266383 0.35020570 0.04002595 0.01154197 0.01782588 0.00994445 0.00779221 
116.00000000 0.56583333 0.34632881 0.04029478 0.01167730 0.01785364 0.01010480 0.00790734 
117.00000000 0.56893681 0.34251747 0.04055928 0.01181755 0.01787864 0.01026754 0.00802271 
118.00000000 0.57196925 0.33877651 0.04081961 0.01196277 0.01790121 0.01043238 0.00813826 
119.00000000 0.57492593 0.33511048 0.04107594 0.01211296 0.01792169 0.01059904 0.00825395 
120.00000000 0.57780238 0.33152368 0.04132842 0.01226814 0.01794042 0.01076724 0.00836973 
121.00000000 0.58059441 0.32802013 0.04157721 0.01242828 0.01795772 0.01093670 0.00848555 
122.00000000 0.58329810 0.32460361 0.04182248 0.01259336 0.01797396 0.01110712 0.00860137 
123.00000000 0.58590981 0.32127763 0.04206437 0.01276332 0.01798946 0.01127824 0.00871718 
124.00000000 0.58842615 0.31804543 0.04230306 0.01293811 0.01800457 0.01144976 0.00883293 
125.00000000 0.59084401 0.31490999 0.04253869 0.01311765 0.01801963 0.01162142 0.00894860 
126.00000000 0.59316056 0.31187406 0.04277142 0.01330186 0.01803499 0.01179294 0.00906418 
127.00000000 0.59537321 0.30894009 0.04300140 0.01349062 0.01805098 0.01196406 0.00917964 
128.00000000 0.59747967 0.30611030 0.04322880 0.01368383 0.01806792 0.01213451 0.00929498 
129.00000000 0.59947787 0.30338666 0.04345375 0.01388136 0.01808614 0.01230403 0.00941017 
130.00000000 0.60136602 0.30077089 0.04367642 0.01408308 0.01810597 0.01247239 0.00952522 
131.00000000 0.60314259 0.29826445 0.04389694 0.01428885 0.01812770 0.01263934 0.00964013 
132.00000000 0.60480627 0.29586857 0.04411547 0.01449852 0.01815165 0.01280464 0.00975488 
133.00000000 0.60635602 0.29358425 0.04433215 0.01471193 0.01817809 0.01296808 0.00986947 
134.00000000 0.60779104 0.29141224 0.04454713 0.01492891 0.01820731 0.01312945 0.00998392 
135.00000000 0.60911075 0.28935308 0.04476054 0.01514930 0.01823958 0.01328852 0.01009822 
136.00000000 0.61031481 0.28740707 0.04497253 0.01537293 0.01827515 0.01344512 0.01021239 
137.00000000 0.61140311 0.28557430 0.04518323 0.01559962 0.01831426 0.01359906 0.01032641 
138.00000000 0.61237576 0.28385465 0.04539278 0.01582920 0.01835715 0.01375016 0.01044031 
139.00000000 0.61323305 0.28224779 0.04560131 0.01606147 0.01840402 0.01389827 0.01055410 
140.00000000 0.61397553 0.28075319 0.04580896 0.01629627 0.01845507 0.01404322 0.01066777 
141.00000000 0.61460390 0.27937013 0.04601584 0.01653342 0.01851049 0.01418489 0.01078133 
142.00000000 0.61511909 0.27809769 0.04622210 0.01677272 0.01857044 0.01432315 0.01089481 
143.00000000 0.61552220 0.27693480 0.04642784 0.01701402 0.01863508 0.01445787 0.01100820 
144.00000000 0.61581451 0.27588017 0.04663319 0.01725712 0.01870453 0.01458895 0.01112151 
145.00000000 0.61599749 0.27493237 0.04683828 0.01750187 0.01877893 0.01471631 0.01123476 
146.00000000 0.61607274 0.27408982 0.04704320 0.01774808 0.01885836 0.01483986 0.01134794 
147.00000000 0.61604206 0.27335076 0.04724808 0.01799559 0.01894293 0.01495952 0.01146107 
148.00000000 0.61590736 0.27271329 0.04745302 0.01824424 0.01903268 0.01507525 0.01157415 
149.00000000 0.61567074 0.27217540 0.04765812 0.01849387 0.01912768 0.01518700 0.01168719 
150.00000000 0.61533439 0.27173490 0.04786350 0.01874433 0.01922797 0.01529473 0.01180018 
151.00000000 0.61490066 0.27138952 0.04806924 0.01899548 0.01933355 0.01539842 0.01191314 
152.00000000 0.61437200 0.27113685 0.04827544 0.01924716 0.01944444 0.01549805 0.01202606 
153.00000000 0.61375098 0.27097437 0.04848219 0.01949926 0.01956062 0.01559363 0.01213895 
154.00000000 0.61304030 0.27089948 0.04868958 0.01975162 0.01968207 0.01568515 0.01225180 
155.00000000 0.61224271 0.27090946 0.04889770 0.02000414 0.01980874 0.01577265 0.01236461 
156.00000000 0.61136108 0.27100152 0.04910661 0.02025669 0.01994058 0.01585615 0.01247737 
157.00000000 0.61039837 0.27117278 0.04931641 0.02050916 0.02007751 0.01593568 0.01259009 
158.00000000 0.60935759 0.27142030 0.04952715 0.02076144 0.02021946 0.01601129 0.01270276 
159.00000000 0.60824183 0.27174107 0.04973891 0.02101344 0.02036633 0.01608304 0.01281538 
160.00000000 0.60705425 0.27213202 0.04995175 0.02126507 0.02051800 0.01615099 0.01292792 
161.00000000 0.60579804 0.27259004 0.05016572 0.02151623 0.02067436 0.01621522 0.01304040 
162.00000000 0.60447645 0.27311196 0.05038089 0.02176684 0.02083528 0.01627579 0.01315279 
163.00000000 0.60309277 0.27369459 0.05059731 0.02201683 0.02100061 0.01633281 0.01326509 
164.00000000 0.60165030 0.27433471 0.05081502 0.02226612 0.02117021 0.01638635 0.01337729 
165.00000000 0.60015240 0.27502906 0.05103407 0.02251466 0.02134392 0.01643652 0.01348937 
166.00000000 0.59860242 0.27577439 0.05125448 0.02276239 0.02152157 0.01648342 0.01360132 
167.00000000 0.59700373 0.27656743 0.05147631 0.02300924 0.02170298 0.01652717 0.01371314 
168.00000000 0.59535970 0.27740490 0.05169957 0.02325517 0.02188797 0.01656787 0.01382481 
169.00000000 0.59367369 0.27828353 0.05192430 0.02350014 0.02207636 0.01660566 0.01393632 
170.00000000 0.59194908 0.27920006 0.05215052 0.02374410 0.02226795 0.01664063 0.01404765 
171.00000000 0.59018921 0.28015125 0.05237823 0.02398702 0.02246254 0.01667294 0.01415880 
172.00000000 0.58839740 0.28113387 0.05260747 0.02422887 0.02265994 0.01670270 0.01426975 
173.00000000 0.58657696 0.28214472 0.05283824 0.02446961 0.02285994 0.01673004 0.01438048 
174.00000000 0.58473116 0.28318064 0.05307054 0.02470923 0.02306233 0.01675511 0.01449099 
175.00000000 0.58286323 0.28423849 0.05330438 0.02494770 0.02326691 0.01677803 0.01460126 
176.00000000 0.58097637 0.28531518 0.05353975 0.02518501 0.02347346 0.01679894 0.01471129 
177.00000000 0.57907371 0.28640768 0.05377666 0.02542113 0.02368177 0.01681798 0.01482107 
178.00000000 0.57715836 0.28751299 0.05401509 0.02565605 0.02389164 0.01683529 0.01493057 
179.00000000 0.57523335 0.28862818 0.05425503 0.02588978 0.02410284 0.01685101 0.01503981 
180.00000000 0.57330167 0.28975036 0.05449647 0.02612228 0.02431519 0.01686527 0.01514876 
181.00000000 0.57136622 0.29087672 0.05473939 0.02635357 0.02452846 0.01687822 0.01525742 
182.00000000 0.56942987 0.29200451 0.05498377 0.02658364 0.02474245 0.01688998 0.01536578 
183.00000000 0.56749538 0.29313106 0.05522959 0.02681248 0.02495696 0.01690070 0.01547384 
184.00000000 0.56556546 0.29425374 0.05547681 0.02704009 0.02517179 0.01691050 0.01558159 
185.00000000 0.56364274 0.29537005 0.05572542 0.02726648 0.02538674 0.01691953 0.01568904 
186.00000000 0.56172977 0.29647751 0.05597537 0.02749165 0.02560163 0.01692790 0.01579617 
187.00000000 0.55982900 0.29757376 0.05622663 0.02771560 0.02581627 0.01693575 0.01590299 
188.00000000 0.55794281 0.29865651 0.05647918 0.02793834 0.02603046 0.01694320 0.01600950 
189.00000000 0.55607351 0.29972356 0.05673296 0.02815986 0.02624404 0.01695038 0.01611569 
190.00000000 0.55422328 0.30077280 0.05698794 0.02838019 0.02645682 0.01695740 0.01622157 
191.00000000 0.55239423 0.30180219 0.05724408 0.02859932 0.02666866 0.01696437 0.01632715 
192.00000000 0.55058839 0.30280980 0.05750134 0.02881727 0.02687937 0.01697141 0.01643242 
193.00000000 0.54880768 0.30379378 0.05775966 0.02903404 0.02708880 0.01697864 0.01653740 
194.00000000 0.54705393 0.30475238 0.05801901 0.02924965 0.02729681 0.01698614 0.01664208 
195.00000000 0.54532886 0.30568395 0.05827933 0.02946410 0.02750326 0.01699403 0.01674648 
196.00000000 0.54363411 0.30658691 0.05854058 0.02967742 0.02770799 0.01700239 0.01685060 
197.00000000 0.54197122 0.30745980 0.05880271 0.02988960 0.02791089 0.01701133 0.01695445 
198.00000000 0.54034163 0.30830124 0.05906566 0.03010066 0.02811183 0.01702093 0.01705805 
199.00000000 0.53874668 0.30910996 0.05932939 0.03031062 0.02831068 0.01703127 0.01716139 
200.00000000 0.53718761 0.30988475 0.05959385 0.03051949 0.02850735 0.01704244 0.01726451 
201.00000000 0.53566557 0.31062455 0.05985898 0.03072728 0.02870172 0.01705451 0.01736739 
202.00000000 0.53418160 0.31132833 0.06012473 0.03093402 0.02889370 0.01706755 0.01747007 
203.00000000 0.53273666 0.31199521 0.06039105 0.03113971 0.02908320 0.01708163 0.01757255 
204.00000000 0.53133160 0.31262436 0.06065789 0.03134437 0.02927013 0.01709681 0.01767485 
205.00000000 0.52996718 0.31321508 0.06092519 0.03154802 0.02945441 0.01711314 0.01777697 
206.00000000 0.52864407 0.31376673 0.06119291 0.03175067 0.02963598 0.01713069 0.01787894 
207.00000000 0.52736284 0.31427877 0.06146100 0.03195235 0.02981476 0.01714950 0.01798077 
208.00000000 0.52612398 0.31475075 0.06172940 0.03215308 0.02999071 0.01716962 0.01808247 
209.00000000 0.52492787 0.31518230 0.06199806 0.03235286 0.03016376 0.01719109 0.01818407 
210.00000000 0.52377481 0.31557316 0.06226693 0.03255172 0.03033388 0.01721394 0.01828556 
211.00000000 0.52266503 0.31592311 0.06253597 0.03274969 0.03050102 0.01723820 0.01838698 
212.00000000 0.52159864 0.31623205 0.06280513 0.03294678 0.03066516 0.01726391 0.01848834 
213.00000000 0.52057571 0.31649994 0.06307436 0.03314301 0.03082625 0.01729109 0.01858965 
214.00000000 0.51959620 0.31672682 0.06334361 0.03333840 0.03098429 0.01731975 0.01869092 
215.00000000 0.51865999 0.31691282 0.06361285 0.03353298 0.03113926 0.01734992 0.01879217 
216.00000000 0.51776690 0.31705812 0.06388202 0.03372678 0.03129114 0.01738161 0.01889342 
217.00000000 0.51691666 0.31716300 0.06415109 0.03391980 0.03143993 0.01741483 0.01899469 
218.00000000 0.51610894 0.31722777 0.06442002 0.03411208 0.03158564 0.01744958 0.01909598 
219.00000000 0.51534333 0.31725285 0.06468876 0.03430364 0.03172826 0.01748587 0.01919730 
220.00000000 0.51461936 0.31723869 0.06495728 0.03449450 0.03186780 0.01752369 0.01929868 
221.00000000 0.51393651 0.31718581 0.06522554 0.03468470 0.03200429 0.01756303 0.01940013 
222.00000000 0.51329416 0.31709481 0.06549350 0.03487424 0.03213774 0.01760390 0.01950165 
223.00000000 0.51269166 0.31696632 0.06576114 0.03506317 0.03226817 0.01764628 0.01960326 
224.00000000 0.51212831 0.31680104 0.06602841 0.03525150 0.03239561 0.01769016 0.01970497 
225.00000000 0.51160333 0.31659970 0.06629529 0.03543927 0.03252010 0.01773552 0.01980679 
226.00000000 0.51111591 0.31636310 0.06656176 0.03562649 0.03264166 0.01778234 0.01990874 
227.00000000 0.51066518 0.31609208 0.06682777 0.03581319 0.03276035 0.01783060 0.02001081 
228.00000000 0.51025024 0.31578752 0.06709332 0.03599941 0.03287620 0.01788028 0.02011303 
229.00000000 0.50987013 0.31545035 0.06735836 0.03618516 0.03298925 0.01793135 0.02021539 
230.00000000 0.50952387 0.31508152 0.06762289 0.03637047 0.03309957 0.01798378 0.02031791 
231.00000000 0.50921041 0.31468202 0.06788687 0.03655537 0.03320719 0.01803755 0.02042059 
232.00000000 0.50892871 0.31425288 0.06815029 0.03673989 0.03331218 0.01809261 0.02052343 
233.00000000 0.50867767 0.31379515 0.06841314 0.03692405 0.03341460 0.01814894 0.02062645 
234.00000000 0.50845618 0.31330992 0.06867539 0.03710788 0.03351450 0.01820649 0.02072964 
235.00000000 0.50826308 0.31279830 0.06893702 0.03729140 0.03361195 0.01826524 0.02083302 
236.00000000 0.50809720 0.31226140 0.06919804 0.03747464 0.03370701 0.01832514 0.02093657 
237.00000000 0.50795737 0.31170037 0.06945842 0.03765763 0.03379975 0.01838615 0.02104032 
238.00000000 0.50784238 0.31111638 0.06971816 0.03784038 0.03389024 0.01844822 0.02114425 
239.00000000 0.50775100 0.31051059 0.06997724 0.03802293 0.03397855 0.01851133 0.02124837 
240.00000000 0.50768202 0.30988420 0.07023566 0.03820529 0.03406475 0.01857541 0.02135268 
241.00000000 0.50763418 0.30923839 0.07049341 0.03838750 0.03414891 0.01864043 0.02145717 
242.00000000 0.50760624 0.30857437 0.07075049 0.03856958 0.03423112 0.01870634 0.02156186 
243.00000000 0.50759696 0.30789335 0.07100690 0.03875153 0.03431144 0.01877310 0.02166673 
244.00000000 0.50760507 0.30719651 0.07126263 0.03893340 0.03438995 0.01884065 0.02177178 
245.00000000 0.50762934 0.30648508 0.07151768 0.03911520 0.03446673 0.01890894 0.02187702 
246.00000000 0.50766851 0.30576025 0.07177206 0.03929695 0.03454186 0.01897794 0.02198243 
247.00000000 0.50772134 0.30502321 0.07202576 0.03947867 0.03461542 0.01904758 0.02208802 
248.00000000 0.50778659 0.30427515 0.07227878 0.03966038 0.03468749 0.01911783 0.02219378 
249.00000000 0.50786303 0.30351726 0.07253115 0.03984210 0.03475814 0.01918862 0.02229970 
250.00000000 0.50794946 0.30275070 0.07278284 0.04002385 0.03482745 0.01925992 0.02240578 
251.00000000 0.50804467 0.30197662 0.07303388 0.04020563 0.03489551 0.01933166 0.02251202 
252.00000000 0.50814747 0.30119617 0.07328427 0.04038748 0.03496239 0.01940381 0.02261841 
253.00000000 0.50825670 0.30041046 0.07353402 0.04056940 0.03502818 0.01947630 0.02272494 
254.00000000 0.50837121 0.29962061 0.07378313 0.04075141 0.03509294 0.01954910 0.02283160 
255.00000000 0.50848986 0.29882769 0.07403163 0.04093351 0.03515677 0.01962215 0.02293839 
256.00000000 0.50861155 0.29803277 0.07427950 0.04111573 0.03521973 0.01969540 0.02304531 
257.00000000 0.50873519 0.29723690 0.07452678 0.04129808 0.03528190 0.01976881 0.02315234 
258.00000000 0.50885973 0.29644108 0.07477347 0.04148056 0.03534337 0.01984232 0.02325948 
259.00000000 0.50898414 0.29564630 0.07501957 0.04166318 0.03540419 0.01991589 0.02336671 
260.00000000 0.50910740 0.29485354 0.07526512 0.04184596 0.03546446 0.01998948 0.02347404 
261.00000000 0.50922854 0.29406373 0.07551011 0.04202890 0.03552424 0.02006303 0.02358145 
262.00000000 0.50934662 0.29327778 0.07575457 0.04221201 0.03558360 0.02013649 0.02368893 
263.00000000 0.50946072 0.29249656 0.07599850 0.04239529 0.03564261 0.02020984 0.02379648 
264.00000000 0.50956995 0.29172093 0.07624193 0.04257874 0.03570135 0.02028301 0.02390409 
265.00000000 0.50967346 0.29095169 0.07648486 0.04276238 0.03575987 0.02035598 0.02401175 
266.00000000 0.50977044 0.29018964 0.07672732 0.04294621 0.03581825 0.02042868 0.02411946 
267.00000000 0.50986009 0.28943552 0.07696932 0.04313022 0.03587655 0.02050110 0.02422719 
268.00000000 0.50994167 0.28869007 0.07721088 0.04331442 0.03593483 0.02057318 0.02433495 
269.00000000 0.51001447 0.28795395 0.07745201 0.04349881 0.03599316 0.02064488 0.02444273 
270.00000000 0.51007779 0.28722782 0.07769273 0.04368339 0.03605159 0.02071618 0.02455051 
271.00000000 0.51013101 0.28651230 0.07793305 0.04386815 0.03611017 0.02078702 0.02465830 
272.00000000 0.51017350 0.28580797 0.07817300 0.04405311 0.03616897 0.02085738 0.02476608 
273.00000000 0.51020469 0.28511537 0.07841259 0.04423824 0.03622804 0.02092723 0.02487384 
274.00000000 0.51022406 0.28443502 0.07865183 0.04442355 0.03628743 0.02099652 0.02498158 
275.00000000 0.51023110 0.28376740 0.07889075 0.04460904 0.03634719 0.02106524 0.02508929 
276.00000000 0.51022534 0.28311295 0.07912936 0.04479469 0.03640736 0.02113334 0.02519696 
277.00000000 0.51020637 0.28247207 0.07936767 0.04498051 0.03646800 0.02120081 0.02530458 
278.00000000 0.51017378 0.28184513 0.07960572 0.04516648 0.03652913 0.02126760 0.02541215 
279.00000000 0.51012723 0.28123248 0.07984350 0.04535261 0.03659082 0.02133371 0.02551966 
280.00000000 0.51006640 0.28063441 0.08008104 0.04553887 0.03665308 0.02139909 0.02562711 
281.00000000 0.50999099 0.28005120 0.08031835 0.04572527 0.03671596 0.02146374 0.02573448 
282.00000000 0.50990078 0.27948308 0.08055545 0.04591180 0.03677950 0.02152762 0.02584177 
283.00000000 0.50979552 0.27893025 0.08079236 0.04609844 0.03684372 0.02159073 0.02594897 
284.00000000 0.50967506 0.27839288 0.08102909 0.04628519 0.03690866 0.02165304 0.02605609 
285.00000000 0.50953924 0.27787112 0.08126565 0.04647203 0.03697433 0.02171453 0.02616310 
286.00000000 0.50938795 0.27736505 0.08150206 0.04665896 0.03704078 0.02177518 0.02627002 
287.00000000 0.50922111 0.27687477 0.08173834 0.04684596 0.03710801 0.02183500 0.02637682 
288.00000000 0.50903866 0.27640030 0.08197450 0.04703302 0.03717605 0.02189396 0.02648351 
289.00000000 0.50884059 0.27594168 0.08221055 0.04722014 0.03724492 0.02195205 0.02659008 
290.00000000 0.50862691 0.27549887 0.08244650 0.04740729 0.03731463 0.02200926 0.02669653 
291.00000000 0.50839766 0.27507184 0.08268238 0.04759448 0.03738520 0.02206559 0.02680286 
292.00000000 0.50815291 0.27466052 0.08291818 0.04778167 0.03745664 0.02212102 0.02690905 
293.00000000 0.50789276 0.27426481 0.08315393 0.04796887 0.03752896 0.02217557 0.02701510 
294.00000000 0.50761733 0.27388459 0.08338964 0.04815606 0.03760216 0.02222921 0.02712102 
295.00000000 0.50732676 0.27351971 0.08362531 0.04834322 0.03767626 0.02228195 0.02722679 
296.00000000 0.50702124 0.27317000 0.08386095 0.04853034 0.03775125 0.02233380 0.02733242 
297.00000000 0.50670096 0.27283526 0.08409659 0.04871742 0.03782713 0.02238474 0.02743789 
298.00000000 0.50636615 0.27251528 0.08433222 0.04890444 0.03790391 0.02243479 0.02754322 
299.00000000 0.50601704 0.27220982 0.08456785 0.04909137 0.03798159 0.02248394 0.02764839 
300.00000000 0.50565390 0.27191862 0.08480350 0.04927822 0.03806015 0.02253221 0.02775340 
301.00000000 0.50527702 0.27164140 0.08503917 0.04946497 0.03813959 0.02257959 0.02785826 
302.00000000 0.50488669 0.27137788 0.08527488 0.04965161 0.03821990 0.02262610 0.02796295 
303.00000000 0.50448324 0.27112773 0.08551062 0.04983811 0.03830108 0.02267174 0.02806748 
304.00000000 0.50406701 0.27089063 0.08574640 0.05002448 0.03838311 0.02271653 0.02817184 
305.00000000 0.50363835 0.27066623 0.08598223 0.05021069 0.03846598 0.02276048 0.02827603 
306.00000000 0.50319763 0.27045419 0.08621812 0.05039674 0.03854967 0.02280359 0.02838006 
307.00000000 0.50274523 0.27025412 0.08645407 0.05058261 0.03863417 0.02284588 0.02848392 
308.00000000 0.50228154 0.27006564 0.08669009 0.05076830 0.03871945 0.02288738 0.02858760 
309.00000000 0.50180697 0.26988837 0.08692617 0.05095378 0.03880551 0.02292808 0.02869112 
310.00000000 0.50132194 0.26972189 0.08716233 0.05113906 0.03889231 0.02296801 0.02879446 
311.00000000 0.50082686 0.26956580 0.08739856 0.05132411 0.03897985 0.02300719 0.02889763 
312.00000000 0.50032219 0.26941968 0.08763488 0.05150892 0.03906808 0.02304563 0.02900062 
313.00000000 0.49980835 0.26928309 0.08787127 0.05169350 0.03915700 0.02308335 0.02910344 
314.00000000 0.49928579 0.26915561 0.08810775 0.05187782 0.03924658 0.02312038 0.02920609 
315.00000000 0.49875498 0.26903679 0.08834430 0.05206188 0.03933678 0.02315672 0.02930856 
316.00000000 0.49821636 0.26892619 0.08858095 0.05224566 0.03942758 0.02319241 0.02941085 
317.00000000 0.49767039 0.26882337 0.08881767 0.05242916 0.03951896 0.02322747 0.02951297 
318.00000000 0.49711755 0.26872788 0.08905448 0.05261237 0.03961089 0.02326191 0.02961492 
319.00000000 0.49655829 0.26863926 0.08929138 0.05279528 0.03970333 0.02329576 0.02971669 
320.00000000 0.49599308 0.26855708 0.08952836 0.05297789 0.03979625 0.02332905 0.02981829 
321.00000000 0.49542239 0.26848087 0.08976541 0.05316018 0.03988964 0.02336179 0.02991972 
322.00000000 0.49484668 0.26841019 0.09000255 0.05334214 0.03998345 0.02339402 0.03002097 
323.00000000 0.49426641 0.26834460 0.09023976 0.05352378 0.04007765 0.02342574 0.03012205 
324.00000000 0.49368204 0.26828364 0.09047705 0.05370509 0.04017221 0.02345700 0.03022296 
325.00000000 0.49309404 0.26822688 0.09071441 0.05388605 0.04026710 0.02348781 0.03032370 
326.00000000 0.49250284 0.26817389 0.09095184 0.05406667 0.04036229 0.02351820 0.03042427 
327.00000000 0.49190891 0.26812422 0.09118933 0.05424694 0.04045775 0.02354819 0.03052467 
328.00000000 0.49131267 0.26807746 0.09142688 0.05442685 0.04055343 0.02357781 0.03062490 
329.00000000 0.49071457 0.26803317 0.09166449 0.05460640 0.04064932 0.02360709 0.03072497 
330.00000000 0.49011502 0.26799096 0.09190214 0.05478559 0.04074537 0.02363604 0.03082487 
331.00000000 0.48951447 0.26795042 0.09213985 0.05496441 0.04084156 0.02366470 0.03092460 
332.00000000 0.48891331 0.26791114 0.09237759 0.05514286 0.04093785 0.02369308 0.03102417 
333.00000000 0.48831194 0.26787274 0.09261537 0.05532093 0.04103420 0.02372122 0.03112358 
334.00000000 0.48771077 0.26783484 0.09285319 0.05549863 0.04113060 0.02374914 0.03122283 
335.00000000 0.48711018 0.26779707 0.09309102 0.05567595 0.04122701 0.02377685 0.03132192 
336.00000000 0.48651053 0.26775906 0.09332888 0.05585290 0.04132338 0.02380439 0.03142085 
337.00000000 0.48591220 0.26772047 0.09356675 0.05602946 0.04141971 0.02383179 0.03151963 
338.00000000 0.48531554 0.26768096 0.09380462 0.05620564 0.04151595 0.02385905 0.03161824 
339.00000000 0.48472089 0.26764019 0.09404249 0.05638145 0.04161207 0.02388621 0.03171671 
340.00000000 0.48412857 0.26759785 0.09428036 0.05655687 0.04170805 0.02391328 0.03181502 
341.00000000 0.48353891 0.26755364 0.09451821 0.05673191 0.04180386 0.02394029 0.03191318 
342.00000000 0.48295220 0.26750727 0.09475604 0.05690657 0.04189946 0.02396727 0.03201119 
343.00000000 0.48236875 0.26745844 0.09499384 0.05708085 0.04199484 0.02399422 0.03210906 
344.00000000 0.48178883 0.26740689 0.09523161 0.05725475 0.04208996 0.02402118 0.03220678 
345.00000000 0.48121270 0.26735237 0.09546934 0.05742828 0.04218481 0.02404816 0.03230435 
346.00000000 0.48064062 0.26729463 0.09570702 0.05760143 0.04227934 0.02407518 0.03240178 
347.00000000 0.48007284 0.26723344 0.09594464 0.05777421 0.04237355 0.02410225 0.03249907 
348.00000000 0.47950956 0.26716858 0.09618220 0.05794662 0.04246741 0.02412941 0.03259621 
349.00000000 0.47895102 0.26709986 0.09641969 0.05811866 0.04256090 0.02415666 0.03269322 
350.00000000 0.47839740 0.26702706 0.09665710 0.05829034 0.04265398 0.02418402 0.03279010 
351.00000000 0.47784890 0.26695003 0.09689442 0.05846166 0.04274666 0.02421150 0.03288683 
352.00000000 0.47730569 0.26686859 0.09713165 0.05863262 0.04283889 0.02423913 0.03298344 
353.00000000 0.47676791 0.26678258 0.09736879 0.05880322 0.04293067 0.02426691 0.03307991 
354.00000000 0.47623573 0.26669188 0.09760582 0.05897348 0.04302198 0.02429486 0.03317625 
355.00000000 0.47570927 0.26659635 0.09784273 0.05914338 0.04311280 0.02432300 0.03327246 
356.00000000 0.47518865 0.26649588 0.09807953 0.05931295 0.04320312 0.02435133 0.03336854 
357.00000000 0.47467398 0.26639037 0.09831619 0.05948218 0.04329292 0.02437986 0.03346450 
358.00000000 0.47416534 0.26627973 0.09855273 0.05965107 0.04338219 0.02440861 0.03356033 
359.00000000 0.47366282 0.26616388 0.09878912 0.05981964 0.04347091 0.02443759 0.03365604 
360.00000000 0.47316648 0.26604276 0.09902537 0.05998788 0.04355907 0.02446680 0.03375163 
361.00000000 0.47267639 0.26591632 0.09926146 0.06015580 0.04364667 0.02449626 0.03384710 
362.00000000 0.47219257 0.26578452 0.09949739 0.06032341 0.04373369 0.02452596 0.03394245 
363.00000000 0.47171506 0.26564733 0.09973316 0.06049071 0.04382013 0.02455593 0.03403768 
364.00000000 0.47124388 0.26550473 0.09996875 0.06065771 0.04390597 0.02458616 0.03413280 
365.00000000 0.47077904 0.26535671 0.10020417 0.06082441 0.04399122 0.02461665 0.03422780 
366.00000000 0.47032052 0.26520329 0.10043941 0.06099081 0.04407586 0.02464742 0.03432269 
367.00000000 0.46986832 0.26504447 0.10067445 0.06115693 0.04415989 0.02467847 0.03441747 
368.00000000 0.46942241 0.26488029 0.10090930 0.06132276 0.04424331 0.02470979 0.03451213 
369.00000000 0.46898276 0.26471077 0.10114396 0.06148832 0.04432611 0.02474140 0.03460669 
370.00000000 0.46854930 0.26453597 0.10137841 0.06165360 0.04440830 0.02477329 0.03470114 
371.00000000 0.46812200 0.26435593 0.10161264 0.06181862 0.04448987 0.02480546 0.03479548 
372.00000000 0.46770078 0.26417072 0.10184667 0.06198338 0.04457081 0.02483792 0.03488971 
373.00000000 0.46728558 0.26398041 0.10208048 0.06214788 0.04465115 0.02487067 0.03498384 
374.00000000 0.46687630 0.26378508 0.10231406 0.06231213 0.04473086 0.02490369 0.03507787 
375.00000000 0.46647286 0.26358482 0.10254742 0.06247614 0.04480997 0.02493700 0.03517179 
376.00000000 0.46607515 0.26337973 0.10278055 0.06263991 0.04488847 0.02497058 0.03526561 
377.00000000 0.46568308 0.26316990 0.10301344 0.06280345 0.04496636 0.02500444 0.03535933 
378.00000000 0.46529653 0.26295545 0.10324610 0.06296676 0.04504365 0.02503857 0.03545295 
379.00000000 0.46491537 0.26273648 0.10347851 0.06312985 0.04512034 0.02507296 0.03554647 
380.00000000 0.46453949 0.26251313 0.10371069 0.06329272 0.04519645 0.02510762 0.03563990 
381.00000000 0.46416875 0.26228552 0.10394261 0.06345537 0.04527198 0.02514254 0.03573322 
382.00000000 0.46380302 0.26205378 0.10417429 0.06361782 0.04534693 0.02517770 0.03582645 
383.00000000 0.46344214 0.26181805 0.10440572 0.06378007 0.04542132 0.02521312 0.03591958 
384.00000000 0.46308598 0.26157848 0.10463689 0.06394212 0.04549516 0.02524877 0.03601261 
385.00000000 0.46273438 0.26133519 0.10486781 0.06410398 0.04556845 0.02528465 0.03610555 
386.00000000 0.46238719 0.26108835 0.10509847 0.06426565 0.04564120 0.02532075 0.03619839 
387.00000000 0.46204425 0.26083811 0.10532887 0.06442713 0.04571342 0.02535707 0.03629114 
388.00000000 0.46170540 0.26058463 0.10555901 0.06458844 0.04578513 0.02539360 0.03638380 
389.00000000 0.46137047 0.26032805 0.10578889 0.06474957 0.04585634 0.02543032 0.03647636 
390.00000000 0.46103929 0.26006855 0.10601851 0.06491054 0.04592706 0.02546723 0.03656882 
391.00000000 0.46071170 0.25980628 0.10624786 0.06507134 0.04599730 0.02550433 0.03666120 
392.00000000 0.46038753 0.25954141 0.10647695 0.06523197 0.04606707 0.02554159 0.03675348 
393.00000000 0.46006660 0.25927411 0.10670577 0.06539245 0.04613638 0.02557902 0.03684567 
394.00000000 0.45974874 0.25900453 0.10693433 0.06555278 0.04620526 0.02561659 0.03693776 
395.00000000 0.45943378 0.25873285 0.10716263 0.06571295 0.04627371 0.02565431 0.03702977 
396.00000000 0.45912155 0.25845923 0.10739066 0.06587298 0.04634175 0.02569216 0.03712168 
397.00000000 0.45881187 0.25818385 0.10761842 0.06603287 0.04640938 0.02573012 0.03721350 
398.00000000 0.45850456 0.25790686 0.10784592 0.06619261 0.04647663 0.02576820 0.03730522 
399.00000000 0.45819947 0.25762842 0.10807316 0.06635222 0.04654351 0.02580637 0.03739685 
400.00000000 0.45789640 0.25734872 0.10830013 0.06651169 0.04661003 0.02584463 0.03748840 
401.00000000 0.45759520 0.25706790 0.10852684 0.06667104 0.04667621 0.02588297 0.03757984 
402.00000000 0.45729570 0.25678613 0.10875329 0.06683025 0.04674206 0.02592137 0.03767120 
403.00000000 0.45699773 0.25650357 0.10897948 0.06698934 0.04680759 0.02595983 0.03776246 
404.00000000 0.45670112 0.25622037 0.10920541 0.06714830 0.04687283 0.02599833 0.03785363 
405.00000000 0.45640572 0.25593670 0.10943108 0.06730715 0.04693778 0.02603686 0.03794470 
406.00000000 0.45611136 0.25565270 0.10965650 0.06746587 0.04700246 0.02607542 0.03803568 
407.00000000 0.45581789 0.25536853 0.10988166 0.06762448 0.04706688 0.02611399 0.03812657 
408.00000000 0.45552516 0.25508433 0.11010657 0.06778297 0.04713106 0.02615255 0.03821736 
409.00000000 0.45523301 0.25480024 0.11033122 0.06794135 0.04719501 0.02619111 0.03830806 
410.00000000 0.45494129 0.25451641 0.11055563 0.06809961 0.04725875 0.02622965 0.03839866 
411.00000000 0.45464988 0.25423297 0.11077979 0.06825777 0.04732228 0.02626815 0.03848916 
412.00000000 0.45435861 0.25395005 0.11100370 0.06841581 0.04738563 0.02630662 0.03857957 
413.00000000 0.45406737 0.25366779 0.11122737 0.06857375 0.04744880 0.02634503 0.03866988 
414.00000000 0.45377602 0.25338631 0.11145080 0.06873157 0.04751181 0.02638338 0.03876010 
415.00000000 0.45348442 0.25310573 0.11167399 0.06888930 0.04757467 0.02642167 0.03885021 
416.00000000 0.45319247 0.25282617 0.11189695 0.06904691 0.04763740 0.02645987 0.03894023 
417.00000000 0.45290004 0.25254774 0.11211966 0.06920442 0.04770000 0.02649798 0.03903015 
418.00000000 0.45260702 0.25227054 0.11234215 0.06936182 0.04776249 0.02653599 0.03911997 
419.00000000 0.45231330 0.25199469 0.11256441 0.06951912 0.04782489 0.02657390 0.03920969 
420.00000000 0.45201877 0.25172028 0.11278644 0.06967632 0.04788719 0.02661169 0.03929931 
421.00000000 0.45172334 0.25144740 0.11300824 0.06983341 0.04794941 0.02664936 0.03938883 
422.00000000 0.45142692 0.25117615 0.11322982 0.06999039 0.04801157 0.02668690 0.03947825 
423.00000000 0.45112941 0.25090661 0.11345118 0.07014727 0.04807367 0.02672430 0.03956756 
424.00000000 0.45083072 0.25063885 0.11367233 0.07030405 0.04813573 0.02676155 0.03965677 
425.00000000 0.45053079 0.25037296 0.11389326 0.07046072 0.04819774 0.02679865 0.03974588 
426.00000000 0.45022953 0.25010900 0.11411398 0.07061728 0.04825973 0.02683558 0.03983489 
427.00000000 0.44992689 0.24984705 0.11433449 0.07077374 0.04832170 0.02687235 0.03992378 
428.00000000 0.44962278 0.24958715 0.11455479 0.07093008 0.04838366 0.02690895 0.04001258 
429.00000000 0.44931716 0.24932937 0.11477489 0.07108632 0.04844562 0.02694537 0.04010127 
430.00000000 0.44900997 0.24907375 0.11499478 0.07124245 0.04850758 0.02698161 0.04018985 
431.00000000 0.44870116 0.24882034 0.11521448 0.07139848 0.04856956 0.02701766 0.04027833 
432.00000000 0.44839069 0.24856919 0.11543398 0.07155438 0.04863155 0.02705351 0.04036669 
433.00000000 0.44807852 0.24832033 0.11565328 0.07171018 0.04869357 0.02708917 0.04045495 
434.00000000 0.44776461 0.24807378 0.11587239 0.07186586 0.04875562 0.02712462 0.04054311 
435.00000000 0.44744894 0.24782959 0.11609132 0.07202143 0.04881771 0.02715987 0.04063115 
436.00000000 0.44713148 0.24758776 0.11631005 0.07217689 0.04887983 0.02719491 0.04071908 
437.00000000 0.44681220 0.24734833 0.11652860 0.07233222 0.04894201 0.02722974 0.04080690 
438.00000000 0.44649111 0.24711129 0.11674697 0.07248744 0.04900423 0.02726435 0.04089462 
439.00000000 0.44616817 0.24687667 0.11696516 0.07264253 0.04906651 0.02729874 0.04098222 
