0.00000000 1.00000000 0.00000000 0.00000000 0.00000000 0.00000000 0.00000000 0.00000000 
1.00000000 0.99971317 0.00027279 0.00000108 0.00000124 0.00000159 0.00000666 0.00000348 
2.00000000 0.99885369 0.00109017 0.00000433 0.00000494 0.00000638 0.00002659 0.00001388 
3.00000000 0.99742431 0.00244942 0.00000986 0.00001114 0.00001438 0.00005972 0.00003117 
4.00000000 0.99542938 0.00434618 0.00001782 0.00001984 0.00002563 0.00010590 0.00005524 
5.00000000 0.99287487 0.00677454 0.00002841 0.00003108 0.00004018 0.00016493 0.00008599 
6.00000000 0.98976828 0.00972701 0.00004191 0.00004490 0.00005810 0.00023655 0.00012324 
7.00000000 0.98611860 0.01319463 0.00005864 0.00006134 0.00007947 0.00032048 0.00016684 
8.00000000 0.98193631 0.01716698 0.00007897 0.00008045 0.00010437 0.00041636 0.00021655 
9.00000000 0.97723328 0.02163224 0.00010333 0.00010229 0.00013291 0.00052380 0.00027215 
10.00000000 0.97202272 0.02657724 0.00013218 0.00012695 0.00016521 0.00064234 0.00033336 
11.00000000 0.96631917 0.03198752 0.00016602 0.00015448 0.00020138 0.00077152 0.00039991 
12.00000000 0.96013836 0.03784743 0.00020540 0.00018496 0.00024156 0.00091080 0.00047147 
13.00000000 0.95349723 0.04414014 0.00025089 0.00021850 0.00028589 0.00105963 0.00054773 
14.00000000 0.94641380 0.05084775 0.00030306 0.00025516 0.00033450 0.00121740 0.00062833 
15.00000000 0.93890713 0.05795135 0.00036253 0.00029505 0.00038754 0.00138350 0.00071291 
16.00000000 0.93099721 0.06543109 0.00042993 0.00033825 0.00044516 0.00155727 0.00080109 
17.00000000 0.92270493 0.07326629 0.00050587 0.00038486 0.00050752 0.00173802 0.00089250 
18.00000000 0.91405200 0.08143548 0.00059098 0.00043498 0.00057474 0.00192507 0.00098674 
19.00000000 0.90506081 0.08991650 0.00068589 0.00048870 0.00064698 0.00211770 0.00108342 
20.00000000 0.89575441 0.09868660 0.00079120 0.00054612 0.00072438 0.00231517 0.00118212 
21.00000000 0.88615642 0.10772249 0.00090750 0.00060732 0.00080706 0.00251675 0.00128246 
22.00000000 0.87629090 0.11700046 0.00103537 0.00067238 0.00089516 0.00272169 0.00138404 
23.00000000 0.86618234 0.12649643 0.00117534 0.00074139 0.00098878 0.00292924 0.00148647 
24.00000000 0.85585550 0.13618609 0.00132794 0.00081442 0.00108803 0.00313867 0.00158936 
25.00000000 0.84533539 0.14604490 0.00149363 0.00089153 0.00119300 0.00334923 0.00169233 
26.00000000 0.83464713 0.15604825 0.00167284 0.00097279 0.00130377 0.00356018 0.00179503 
27.00000000 0.82381594 0.16617152 0.00186598 0.00105823 0.00142040 0.00377083 0.00189711 
28.00000000 0.81286699 0.17639013 0.00207337 0.00114789 0.00154294 0.00398046 0.00199823 
29.00000000 0.80182534 0.18667966 0.00229533 0.00124180 0.00167141 0.00418839 0.00209807 
30.00000000 0.79071589 0.19701590 0.00253208 0.00133996 0.00180585 0.00439398 0.00219635 
31.00000000 0.77956328 0.20737492 0.00278381 0.00144237 0.00194623 0.00459659 0.00229280 
32.00000000 0.76839182 0.21773319 0.00305066 0.00154902 0.00209255 0.00479562 0.00238715 
33.00000000 0.75722543 0.22806757 0.00333270 0.00165986 0.00224474 0.00499051 0.00247918 
34.00000000 0.74608756 0.23835543 0.00362996 0.00177486 0.00240276 0.00518073 0.00256869 
35.00000000 0.73500112 0.24857471 0.00394239 0.00189395 0.00256653 0.00536579 0.00265551 
36.00000000 0.72398845 0.25870395 0.00426991 0.00201703 0.00273593 0.00554524 0.00273947 
37.00000000 0.71307124 0.26872237 0.00461237 0.00214402 0.00291085 0.00571867 0.00282047 
38.00000000 0.70227045 0.27860989 0.00496958 0.00227480 0.00309116 0.00588572 0.00289840 
39.00000000 0.69160631 0.28834723 0.00534128 0.00240924 0.00327668 0.00604607 0.00297320 
40.00000000 0.68109825 0.29791590 0.00572717 0.00254719 0.00346724 0.00619944 0.00304481 
41.00000000 0.67076485 0.30729825 0.00612693 0.00268848 0.00366264 0.00634562 0.00311323 
42.00000000 0.66062380 0.31647754 0.00654016 0.00283294 0.00386266 0.00648442 0.00317848 
43.00000000 0.65069189 0.32543793 0.00696643 0.00298037 0.00406708 0.00661573 0.00324057 
44.00000000 0.64098494 0.33416452 0.00740530 0.00313056 0.00427563 0.00673946 0.00329959 
45.00000000 0.63151781 0.34264338 0.00785626 0.00328330 0.00448806 0.00685558 0.00335561 
46.00000000 0.62230434 0.35086156 0.00831881 0.00343836 0.00470408 0.00696412 0.00340874 
47.00000000 0.61335737 0.35880712 0.00879239 0.00359549 0.00492340 0.00706513 0.00345911 
48.00000000 0.60468871 0.36646911 0.00927644 0.00375444 0.00514570 0.00715872 0.00350688 
49.00000000 0.59630910 0.37383762 0.00977039 0.00391496 0.00537066 0.00724505 0.00355221 
50.00000000 0.58822824 0.38090375 0.01027364 0.00407679 0.00559796 0.00732431 0.00359529 
51.00000000 0.58045479 0.38765961 0.01078560 0.00423967 0.00582725 0.00739675 0.00363633 
52.00000000 0.57299633 0.39409835 0.01130567 0.00440333 0.00605817 0.00746262 0.00367553 
53.00000000 0.56585939 0.40021411 0.01183324 0.00456750 0.00629037 0.00752225 0.00371314 
54.00000000 0.55904947 0.40600206 0.01236771 0.00473193 0.00652349 0.00757597 0.00374937 
55.00000000 0.55257104 0.41145832 0.01290851 0.00489635 0.00675715 0.00762415 0.00378448 
56.00000000 0.54642752 0.41658002 0.01345503 0.00506053 0.00699098 0.00766719 0.00381873 
57.00000000 0.54062136 0.42136522 0.01400673 0.00522420 0.00722461 0.00770551 0.00385237 
58.00000000 0.53515401 0.42581293 0.01456306 0.00538715 0.00745766 0.00773955 0.00388565 
59.00000000 0.53002596 0.42992305 0.01512347 0.00554915 0.00768975 0.00776977 0.00391884 
60.00000000 0.52523679 0.43369639 0.01568746 0.00571001 0.00792052 0.00779664 0.00395219 
61.00000000 0.52078513 0.43713460 0.01625456 0.00586952 0.00814958 0.00782064 0.00398597 
62.00000000 0.51666878 0.44024016 0.01682428 0.00602751 0.00837659 0.00784225 0.00402042 
63.00000000 0.51288467 0.44301635 0.01739621 0.00618385 0.00860118 0.00786197 0.00405578 
64.00000000 0.50942892 0.44546721 0.01796993 0.00633838 0.00882300 0.00788027 0.00409229 
65.00000000 0.50629690 0.44759751 0.01854506 0.00649099 0.00904171 0.00789764 0.00413019 
66.00000000 0.50348322 0.44941272 0.01912124 0.00664160 0.00925698 0.00791456 0.00416968 
67.00000000 0.50098180 0.45091894 0.01969816 0.00679013 0.00946850 0.00793148 0.00421098 
68.00000000 0.49878592 0.45212293 0.02027550 0.00693654 0.00967597 0.00794886 0.00425427 
69.00000000 0.49688823 0.45303200 0.02085300 0.00708081 0.00987910 0.00796712 0.00429974 
70.00000000 0.49528080 0.45365401 0.02143042 0.00722292 0.01007761 0.00798668 0.00434756 
71.00000000 0.49395520 0.45399733 0.02200752 0.00736291 0.01027126 0.00800791 0.00439787 
72.00000000 0.49290248 0.45407078 0.02258411 0.00750082 0.01045982 0.00803118 0.00445080 
73.00000000 0.49211327 0.45388361 0.02316002 0.00763671 0.01064307 0.00805683 0.00450649 
74.00000000 0.49157779 0.45344545 0.02373509 0.00777067 0.01082082 0.00808515 0.00456503 
75.00000000 0.49128591 0.45276627 0.02430917 0.00790280 0.01099291 0.00811642 0.00462651 
76.00000000 0.49122719 0.45185634 0.02488215 0.00803323 0.01115920 0.00815088 0.00469101 
77.00000000 0.49139090 0.45072622 0.02545391 0.00816210 0.01131956 0.00818872 0.00475859 
78.00000000 0.49176612 0.44938665 0.02602436 0.00828956 0.01147392 0.00823013 0.00482927 
79.00000000 0.49234171 0.44784858 0.02659341 0.00841578 0.01162219 0.00827522 0.00490310 
80.00000000 0.49310641 0.44612312 0.02716098 0.00854095 0.01176435 0.00832411 0.00498009 
81.00000000 0.49404886 0.44422145 0.02772700 0.00866524 0.01190038 0.00837685 0.00506023 
82.00000000 0.49515762 0.44215485 0.02829139 0.00878887 0.01203030 0.00843346 0.00514351 
83.00000000 0.49642123 0.43993464 0.02885408 0.00891202 0.01215417 0.00849394 0.00522991 
84.00000000 0.49782826 0.43757213 0.02941501 0.00903492 0.01227205 0.00855824 0.00531939 
85.00000000 0.49936732 0.43507860 0.02997409 0.00915776 0.01238405 0.00862628 0.00541190 
86.00000000 0.50102709 0.43246527 0.03053125 0.00928074 0.01249031 0.00869795 0.00550739 
87.00000000 0.50279639 0.42974325 0.03108640 0.00940408 0.01259098 0.00877311 0.00560579 
88.00000000 0.50466417 0.42692354 0.03163946 0.00952797 0.01268625 0.00885158 0.00570703 
89.00000000 0.50661958 0.42401698 0.03219031 0.00965259 0.01277634 0.00893316 0.00581104 
90.00000000 0.50865196 0.42103422 0.03273885 0.00977813 0.01286148 0.00901763 0.00591773 
91.00000000 0.51075088 0.41798570 0.03328497 0.00990475 0.01294194 0.00910474 0.00602702 
92.00000000 0.51290620 0.41488163 0.03382851 0.01003262 0.01301800 0.00919421 0.00613881 
93.00000000 0.51510804 0.41173196 0.03436935 0.01016187 0.01308999 0.00928577 0.00625302 
94.00000000 0.51734682 0.40854635 0.03490732 0.01029262 0.01315822 0.00937911 0.00636956 
95.00000000 0.51961331 0.40533417 0.03544227 0.01042500 0.01322304 0.00947390 0.00648832 
96.00000000 0.52189860 0.40210445 0.03597400 0.01055908 0.01328482 0.00956982 0.00660923 
97.00000000 0.52419414 0.39886590 0.03650234 0.01069496 0.01334395 0.00966654 0.00673218 
98.00000000 0.52649177 0.39562686 0.03702708 0.01083268 0.01340080 0.00976371 0.00685710 
99.00000000 0.52878372 0.39239532 0.03754801 0.01097228 0.01345579 0.00986099 0.00698389 
100.00000000 0.53106259 0.38917887 0.03806492 0.01111379 0.01350933 0.00995804 0.00711247 
101.00000000 0.53332140 0.38598470 0.03857759 0.01125720 0.01356182 0.01005451 0.00724278 
102.00000000 0.53555361 0.38281962 0.03908578 0.01140250 0.01361369 0.01015008 0.00737473 
103.00000000 0.53775306 0.37969000 0.03958925 0.01154966 0.01366536 0.01024442 0.00750825 
104.00000000 0.53991404 0.37660181 0.04008778 0.01169863 0.01371724 0.01033721 0.00764329 
105.00000000 0.54203126 0.37356060 0.04058113 0.01184935 0.01376974 0.01042816 0.00777977 
106.00000000 0.54409985 0.37057147 0.04106905 0.01200175 0.01382326 0.01051697 0.00791766 
107.00000000 0.54611537 0.36763911 0.04155131 0.01215573 0.01387820 0.01060338 0.00805690 
108.00000000 0.54807382 0.36476778 0.04202769 0.01231120 0.01393493 0.01068714 0.00819744 
109.00000000 0.54997161 0.36196129 0.04249796 0.01246805 0.01399382 0.01076802 0.00833924 
110.00000000 0.55180555 0.35922307 0.04296190 0.01262618 0.01405521 0.01084581 0.00848228 
111.00000000 0.55357288 0.35655607 0.04341931 0.01278546 0.01411943 0.01092034 0.00862652 
112.00000000 0.55527124 0.35396286 0.04386999 0.01294577 0.01418677 0.01099143 0.00877194 
113.00000000 0.55689865 0.35144560 0.04431377 0.01310699 0.01425752 0.01105897 0.00891850 
114.00000000 0.55845353 0.34900603 0.04475047 0.01326901 0.01433191 0.01112285 0.00906619 
115.00000000 0.55993467 0.34664551 0.04517995 0.01343171 0.01441019 0.01118298 0.00921499 
116.00000000 0.56134120 0.34436501 0.04560207 0.01359497 0.01449252 0.01123933 0.00936489 
117.00000000 0.56267263 0.34216514 0.04601673 0.01375870 0.01457908 0.01129185 0.00951587 
118.00000000 0.56392877 0.34004614 0.04642383 0.01392279 0.01466999 0.01134057 0.00966791 
119.00000000 0.56510977 0.33800790 0.04682331 0.01408717 0.01476534 0.01138551 0.00982100 
120.00000000 0.56621609 0.33604999 0.04721511 0.01425175 0.01486519 0.01142673 0.00997513 
121.00000000 0.56724845 0.33417167 0.04759922 0.01441649 0.01496957 0.01146431 0.01013028 
122.00000000 0.56820788 0.33237190 0.04797562 0.01458133 0.01507847 0.01149836 0.01028644 
123.00000000 0.56909563 0.33064933 0.04834435 0.01474625 0.01519184 0.01152902 0.01044359 
124.00000000 0.56991320 0.32900238 0.04870545 0.01491122 0.01530960 0.01155644 0.01060170 
125.00000000 0.57066233 0.32742920 0.04905899 0.01507627 0.01543164 0.01158081 0.01076075 
126.00000000 0.57134493 0.32592773 0.04940507 0.01524140 0.01555782 0.01160233 0.01092073 
127.00000000 0.57196313 0.32449568 0.04974381 0.01540665 0.01568795 0.01162120 0.01108159 
128.00000000 0.57251918 0.32313058 0.05007534 0.01557208 0.01582183 0.01163768 0.01124330 
129.00000000 0.57301553 0.32182980 0.05039983 0.01573777 0.01595923 0.01165200 0.01140583 
130.00000000 0.57345473 0.32059054 0.05071747 0.01590379 0.01609988 0.01166445 0.01156914 
131.00000000 0.57383944 0.31940987 0.05102847 0.01607026 0.01624350 0.01167529 0.01173318 
132.00000000 0.57417244 0.31828476 0.05133304 0.01623728 0.01638977 0.01168481 0.01189790 
133.00000000 0.57445656 0.31721208 0.05163143 0.01640501 0.01653837 0.01169332 0.01206324 
134.00000000 0.57469470 0.31618862 0.05192391 0.01657357 0.01668894 0.01170111 0.01222915 
135.00000000 0.57488981 0.31521112 0.05221074 0.01674313 0.01684113 0.01170849 0.01239557 
136.00000000 0.57504486 0.31427630 0.05249223 0.01691385 0.01699455 0.01171578 0.01256242 
137.00000000 0.57516284 0.31338084 0.05276866 0.01708590 0.01714883 0.01172328 0.01272964 
138.00000000 0.57524671 0.31252143 0.05304036 0.01725947 0.01730358 0.01173131 0.01289716 
139.00000000 0.57529943 0.31169477 0.05330763 0.01743472 0.01745839 0.01174016 0.01306490 
140.00000000 0.57532392 0.31089762 0.05357083 0.01761185 0.01761287 0.01175015 0.01323278 
141.00000000 0.57532305 0.31012675 0.05383027 0.01779103 0.01776663 0.01176156 0.01340072 
142.00000000 0.57529963 0.30937904 0.05408629 0.01797245 0.01791928 0.01177468 0.01356863 
143.00000000 0.57525639 0.30865143 0.05433924 0.01815628 0.01807043 0.01178979 0.01373643 
144.00000000 0.57519599 0.30794094 0.05458946 0.01834268 0.01821972 0.01180716 0.01390405 
145.00000000 0.57512097 0.30724471 0.05483728 0.01853183 0.01836679 0.01182703 0.01407138 
146.00000000 0.57503377 0.30656003 0.05508305 0.01872386 0.01851130 0.01184965 0.01423835 
147.00000000 0.57493672 0.30588426 0.05532709 0.01891891 0.01865292 0.01187523 0.01440487 
148.00000000 0.57483201 0.30521495 0.05556974 0.01911710 0.01879134 0.01190399 0.01457087 
149.00000000 0.57472171 0.30454979 0.05581131 0.01931854 0.01892630 0.01193611 0.01473625 
150.00000000 0.57460774 0.30388660 0.05605211 0.01952332 0.01905752 0.01197176 0.01490094 
151.00000000 0.57449188 0.30322341 0.05629246 0.01973150 0.01918478 0.01201109 0.01506487 
152.00000000 0.57437575 0.30255840 0.05653264 0.01994313 0.01930788 0.01205425 0.01522796 
153.00000000 0.57426082 0.30188990 0.05677293 0.02015825 0.01942663 0.01210133 0.01539014 
154.00000000 0.57414839 0.30121647 0.05701360 0.02037685 0.01954089 0.01215244 0.01555136 
155.00000000 0.57403960 0.30053683 0.05725492 0.02059894 0.01965053 0.01220764 0.01571155 
156.00000000 0.57393543 0.29984987 0.05749712 0.02082445 0.01975548 0.01226699 0.01587066 
157.00000000 0.57383670 0.29915469 0.05774043 0.02105335 0.01985568 0.01233051 0.01602864 
158.00000000 0.57374404 0.29845058 0.05798508 0.02128554 0.01995109 0.01239822 0.01618544 
159.00000000 0.57365793 0.29773699 0.05823127 0.02152093 0.02004172 0.01247012 0.01634104 
160.00000000 0.57357869 0.29701358 0.05847918 0.02175939 0.02012761 0.01254616 0.01649540 
161.00000000 0.57350646 0.29628017 0.05872899 0.02200077 0.02020881 0.01262630 0.01664849 
162.00000000 0.57344124 0.29553678 0.05898086 0.02224490 0.02028542 0.01271048 0.01680031 
163.00000000 0.57338286 0.29478358 0.05923493 0.02249162 0.02035756 0.01279861 0.01695083 
164.00000000 0.57333100 0.29402092 0.05949135 0.02274071 0.02042535 0.01289059 0.01710006 
165.00000000 0.57328519 0.29324932 0.05975024 0.02299196 0.02048899 0.01298630 0.01724800 
166.00000000 0.57324483 0.29246943 0.06001169 0.02324515 0.02054864 0.01308561 0.01739465 
167.00000000 0.57320917 0.29168208 0.06027582 0.02350002 0.02060453 0.01318836 0.01754003 
168.00000000 0.57317734 0.29088821 0.06054269 0.02375633 0.02065688 0.01329440 0.01768416 
169.00000000 0.57314834 0.29008891 0.06081240 0.02401382 0.02070593 0.01340354 0.01782706 
170.00000000 0.57312106 0.28928538 0.06108500 0.02427221 0.02075196 0.01351562 0.01796877 
171.00000000 0.57309428 0.28847895 0.06136055 0.02453124 0.02079523 0.01363042 0.01810933 
172.00000000 0.57306670 0.28767103 0.06163909 0.02479064 0.02083602 0.01374774 0.01824878 
173.00000000 0.57303689 0.28686314 0.06192067 0.02505012 0.02087464 0.01386738 0.01838716 
174.00000000 0.57300338 0.28605689 0.06220532 0.02530941 0.02091137 0.01398910 0.01852452 
175.00000000 0.57296461 0.28525393 0.06249306 0.02556825 0.02094653 0.01411269 0.01866093 
176.00000000 0.57291895 0.28445601 0.06278392 0.02582637 0.02098042 0.01423791 0.01879643 
177.00000000 0.57286473 0.28366489 0.06307790 0.02608351 0.02101334 0.01436453 0.01893110 
178.00000000 0.57280024 0.28288242 0.06337502 0.02633942 0.02104559 0.01449232 0.01906499 
179.00000000 0.57272373 0.28211043 0.06367528 0.02659388 0.02107748 0.01462104 0.01919816 
180.00000000 0.57263342 0.28135079 0.06397869 0.02684665 0.02110929 0.01475045 0.01933070 
181.00000000 0.57252754 0.28060539 0.06428525 0.02709753 0.02114132 0.01488033 0.01946266 
182.00000000 0.57240428 0.27987608 0.06459496 0.02734631 0.02117383 0.01501043 0.01959411 
183.00000000 0.57226186 0.27916475 0.06490782 0.02759283 0.02120709 0.01514053 0.01972513 
184.00000000 0.57209853 0.27847321 0.06522381 0.02783693 0.02124135 0.01527040 0.01985578 
185.00000000 0.57191253 0.27780327 0.06554294 0.02807845 0.02127685 0.01539983 0.01998613 
186.00000000 0.57170216 0.27715669 0.06586520 0.02831728 0.02131381 0.01552860 0.02011626 
187.00000000 0.57146576 0.27653519 0.06619057 0.02855331 0.02135244 0.01565650 0.02024622 
188.00000000 0.57120170 0.27594041 0.06651907 0.02878646 0.02139294 0.01578334 0.02037608 
189.00000000 0.57090843 0.27537393 0.06685066 0.02901667 0.02143547 0.01590893 0.02050591 
190.00000000 0.57058448 0.27483725 0.06718535 0.02924388 0.02148020 0.01603307 0.02063577 
191.00000000 0.57022843 0.27433179 0.06752313 0.02946808 0.02152726 0.01615560 0.02076571 
192.00000000 0.56983894 0.27385889 0.06786399 0.02968926 0.02157677 0.01627635 0.02089579 
193.00000000 0.56941480 0.27341978 0.06820790 0.02990744 0.02162885 0.01639517 0.02102606 
194.00000000 0.56895485 0.27301558 0.06855488 0.03012264 0.02168356 0.01651192 0.02115658 
195.00000000 0.56845805 0.27264733 0.06890489 0.03033492 0.02174099 0.01662645 0.02128738 
196.00000000 0.56792347 0.27231593 0.06925792 0.03054433 0.02180119 0.01673864 0.02141851 
197.00000000 0.56735030 0.27202219 0.06961396 0.03075098 0.02186418 0.01684839 0.02155001 
198.00000000 0.56673782 0.27176678 0.06997299 0.03095494 0.02192998 0.01695559 0.02168190 
199.00000000 0.56608545 0.27155024 0.07033499 0.03115633 0.02199861 0.01706014 0.02181424 
200.00000000 0.56539273 0.27137303 0.07069993 0.03135528 0.02207004 0.01716196 0.02194703 
201.00000000 0.56465933 0.27123543 0.07106779 0.03155191 0.02214426 0.01726098 0.02208030 
202.00000000 0.56388504 0.27113763 0.07143853 0.03174637 0.02222122 0.01735714 0.02221407 
203.00000000 0.56306978 0.27107968 0.07181212 0.03193880 0.02230088 0.01745038 0.02234836 
204.00000000 0.56221359 0.27106149 0.07218852 0.03212938 0.02238318 0.01754066 0.02248318 
205.00000000 0.56131668 0.27108287 0.07256769 0.03231825 0.02246803 0.01762795 0.02261853 
206.00000000 0.56037935 0.27114347 0.07294958 0.03250559 0.02255538 0.01771222 0.02275442 
207.00000000 0.55940204 0.27124285 0.07333414 0.03269157 0.02264513 0.01779344 0.02289084 
208.00000000 0.55838533 0.27138042 0.07372130 0.03287635 0.02273718 0.01787162 0.02302780 
209.00000000 0.55732992 0.27155549 0.07411101 0.03306011 0.02283144 0.01794675 0.02316528 
210.00000000 0.55623664 0.27176724 0.07450320 0.03324301 0.02292781 0.01801883 0.02330328 
211.00000000 0.55510643 0.27201473 0.07489780 0.03342524 0.02302617 0.01808786 0.02344178 
212.00000000 0.55394036 0.27229692 0.07529471 0.03360694 0.02312643 0.01815388 0.02358076 
213.00000000 0.55273961 0.27261268 0.07569387 0.03378828 0.02322847 0.01821688 0.02372021 
214.00000000 0.55150548 0.27296074 0.07609517 0.03396941 0.02333218 0.01827691 0.02386011 
215.00000000 0.55023936 0.27333977 0.07649852 0.03415048 0.02343745 0.01833400 0.02400042 
216.00000000 0.54894276 0.27374832 0.07690383 0.03433163 0.02354416 0.01838816 0.02414113 
217.00000000 0.54761728 0.27418488 0.07731097 0.03451301 0.02365222 0.01843945 0.02428219 
218.00000000 0.54626459 0.27464783 0.07771985 0.03469472 0.02376151 0.01848790 0.02442359 
219.00000000 0.54488648 0.27513551 0.07813035 0.03487688 0.02387193 0.01853355 0.02456529 
220.00000000 0.54348480 0.27564615 0.07854235 0.03505962 0.02398337 0.01857646 0.02470726 
221.00000000 0.54206146 0.27617796 0.07895571 0.03524302 0.02409575 0.01861665 0.02484945 
222.00000000 0.54061845 0.27672907 0.07937033 0.03542717 0.02420896 0.01865419 0.02499183 
223.00000000 0.53915783 0.27729755 0.07978606 0.03561215 0.02432292 0.01868912 0.02513436 
224.00000000 0.53768168 0.27788146 0.08020277 0.03579804 0.02443755 0.01872150 0.02527701 
225.00000000 0.53619215 0.27847879 0.08062034 0.03598488 0.02455275 0.01875136 0.02541973 
226.00000000 0.53469141 0.27908752 0.08103862 0.03617274 0.02466845 0.01877877 0.02556248 
227.00000000 0.53318166 0.27970561 0.08145748 0.03636166 0.02478459 0.01880377 0.02570522 
228.00000000 0.53166514 0.28033099 0.08187678 0.03655167 0.02490109 0.01882642 0.02584791 
229.00000000 0.53014407 0.28096158 0.08229639 0.03674279 0.02501789 0.01884677 0.02599051 
230.00000000 0.52862070 0.28159532 0.08271617 0.03693504 0.02513493 0.01886488 0.02613297 
231.00000000 0.52709728 0.28223012 0.08313599 0.03712842 0.02525215 0.01888078 0.02627526 
232.00000000 0.52557603 0.28286393 0.08355571 0.03732295 0.02536950 0.01889455 0.02641734 
233.00000000 0.52405918 0.28349470 0.08397521 0.03751862 0.02548693 0.01890622 0.02655915 
234.00000000 0.52254891 0.28412040 0.08439436 0.03771540 0.02560440 0.01891586 0.02670067 
235.00000000 0.52104739 0.28473905 0.08481303 0.03791329 0.02572187 0.01892351 0.02684185 
236.00000000 0.51955675 0.28534868 0.08523112 0.03811227 0.02583928 0.01892923 0.02698266 
237.00000000 0.51807907 0.28594738 0.08564850 0.03831230 0.02595661 0.01893309 0.02712306 
238.00000000 0.51661637 0.28653326 0.08606508 0.03851335 0.02607382 0.01893512 0.02726300 
239.00000000 0.51517063 0.28710451 0.08648073 0.03871540 0.02619086 0.01893540 0.02740247 
240.00000000 0.51374376 0.28765937 0.08689538 0.03891839 0.02630772 0.01893397 0.02754141 
241.00000000 0.51233760 0.28819612 0.08730892 0.03912230 0.02642435 0.01893090 0.02767981 
242.00000000 0.51095392 0.28871314 0.08772127 0.03932707 0.02654073 0.01892625 0.02781762 
243.00000000 0.50959441 0.28920884 0.08813235 0.03953267 0.02665681 0.01892008 0.02795483 
244.00000000 0.50826068 0.28968174 0.08854210 0.03973905 0.02677257 0.01891246 0.02809140 
245.00000000 0.50695424 0.29013042 0.08895044 0.03994616 0.02688798 0.01890346 0.02822731 
246.00000000 0.50567653 0.29055354 0.08935731 0.04015395 0.02700301 0.01889313 0.02836253 
247.00000000 0.50442888 0.29094985 0.08976268 0.04036238 0.02711761 0.01888157 0.02849704 
248.00000000 0.50321251 0.29131819 0.09016649 0.04057140 0.02723176 0.01886883 0.02863082 
249.00000000 0.50202857 0.29165749 0.09056870 0.04078097 0.02734542 0.01885500 0.02876385 
250.00000000 0.50087808 0.29196675 0.09096929 0.04099103 0.02745856 0.01884016 0.02889613 
251.00000000 0.49976198 0.29224511 0.09136823 0.04120155 0.02757113 0.01882438 0.02902762 
252.00000000 0.49868107 0.29249175 0.09176550 0.04141248 0.02768311 0.01880777 0.02915833 
253.00000000 0.49763607 0.29270598 0.09216109 0.04162378 0.02779445 0.01879039 0.02928824 
254.00000000 0.49662759 0.29288722 0.09255499 0.04183540 0.02790511 0.01877234 0.02941735 
255.00000000 0.49565611 0.29303495 0.09294721 0.04204731 0.02801506 0.01875373 0.02954564 
256.00000000 0.49472202 0.29314877 0.09333775 0.04225947 0.02812424 0.01873463 0.02967312 
257.00000000 0.49382559 0.29322838 0.09372661 0.04247185 0.02823263 0.01871515 0.02979979 
258.00000000 0.49296701 0.29327358 0.09411381 0.04268440 0.02834016 0.01869540 0.02992564 
259.00000000 0.49214631 0.29328426 0.09449937 0.04289710 0.02844681 0.01867547 0.03005068 
260.00000000 0.49136348 0.29326040 0.09488331 0.04310990 0.02855253 0.01865546 0.03017491 
261.00000000 0.49061835 0.29320208 0.09526566 0.04332280 0.02865727 0.01863549 0.03029835 
262.00000000 0.48991068 0.29310950 0.09564643 0.04353574 0.02876099 0.01861566 0.03042100 
263.00000000 0.48924014 0.29298290 0.09602565 0.04374871 0.02886365 0.01859608 0.03054286 
264.00000000 0.48860627 0.29282266 0.09640337 0.04396168 0.02896521 0.01857686 0.03066396 
265.00000000 0.48800855 0.29262920 0.09677961 0.04417462 0.02906562 0.01855810 0.03078430 
266.00000000 0.48744636 0.29240307 0.09715439 0.04438751 0.02916484 0.01853991 0.03090391 
267.00000000 0.48691899 0.29214487 0.09752777 0.04460033 0.02926283 0.01852241 0.03102279 
268.00000000 0.48642565 0.29185529 0.09789976 0.04481306 0.02935957 0.01850570 0.03114097 
269.00000000 0.48596549 0.29153508 0.09827040 0.04502567 0.02945500 0.01848989 0.03125847 
270.00000000 0.48553757 0.29118509 0.09863973 0.04523814 0.02954910 0.01847507 0.03137531 
271.00000000 0.48514088 0.29080621 0.09900777 0.04545046 0.02964184 0.01846136 0.03149150 
272.00000000 0.48477435 0.29039940 0.09937456 0.04566260 0.02973318 0.01844884 0.03160707 
273.00000000 0.48443687 0.28996569 0.09974011 0.04587455 0.02982311 0.01843763 0.03172205 
274.00000000 0.48412726 0.28950614 0.10010447 0.04608628 0.02991160 0.01842780 0.03183645 
275.00000000 0.48384427 0.28902190 0.10046765 0.04629779 0.02999863 0.01841945 0.03195031 
276.00000000 0.48358666 0.28851413 0.10082968 0.04650905 0.03008419 0.01841266 0.03206364 
277.00000000 0.48335309 0.28798404 0.10119057 0.04672004 0.03016826 0.01840752 0.03217648 
278.00000000 0.48314225 0.28743288 0.10155035 0.04693075 0.03025084 0.01840409 0.03228884 
279.00000000 0.48295274 0.28686194 0.10190903 0.04714117 0.03033193 0.01840245 0.03240075 
280.00000000 0.48278318 0.28627251 0.10226663 0.04735127 0.03041151 0.01840265 0.03251225 
281.00000000 0.48263216 0.28566594 0.10262315 0.04756103 0.03048961 0.01840477 0.03262334 
282.00000000 0.48249826 0.28504357 0.10297860 0.04777045 0.03056623 0.01840884 0.03273406 
283.00000000 0.48238003 0.28440675 0.10333299 0.04797950 0.03064138 0.01841491 0.03284444 
284.00000000 0.48227606 0.28375685 0.10368632 0.04818818 0.03071507 0.01842303 0.03295448 
285.00000000 0.48218491 0.28309525 0.10403861 0.04839645 0.03078734 0.01843321 0.03306423 
286.00000000 0.48210515 0.28242331 0.10438984 0.04860431 0.03085821 0.01844549 0.03317370 
287.00000000 0.48203537 0.28174238 0.10474001 0.04881173 0.03092771 0.01845989 0.03328291 
288.00000000 0.48197417 0.28105383 0.10508912 0.04901871 0.03099587 0.01847641 0.03339189 
289.00000000 0.48192017 0.28035899 0.10543718 0.04922523 0.03106273 0.01849506 0.03350065 
290.00000000 0.48187203 0.27965917 0.10578417 0.04943126 0.03112834 0.01851583 0.03360921 
291.00000000 0.48182841 0.27895566 0.10613008 0.04963679 0.03119275 0.01853871 0.03371760 
292.00000000 0.48178803 0.27824973 0.10647492 0.04984181 0.03125600 0.01856368 0.03382582 
293.00000000 0.48174962 0.27754263 0.10681867 0.05004631 0.03131815 0.01859073 0.03393390 
294.00000000 0.48171196 0.27683553 0.10716133 0.05025025 0.03137926 0.01861981 0.03404185 
295.00000000 0.48167388 0.27612962 0.10750289 0.05045364 0.03143939 0.01865089 0.03414969 
296.00000000 0.48163424 0.27542601 0.10784335 0.05065644 0.03149861 0.01868393 0.03425742 
297.00000000 0.48159195 0.27472577 0.10818270 0.05085866 0.03155698 0.01871888 0.03436506 
298.00000000 0.48154598 0.27402995 0.10852094 0.05106026 0.03161457 0.01875568 0.03447263 
299.00000000 0.48149533 0.27333953 0.10885806 0.05126125 0.03167145 0.01879427 0.03458012 
300.00000000 0.48143908 0.27265544 0.10919406 0.05146159 0.03172770 0.01883458 0.03468755 
301.00000000 0.48137633 0.27197856 0.10952895 0.05166129 0.03178340 0.01887655 0.03479492 
302.00000000 0.48130628 0.27130972 0.10986272 0.05186033 0.03183861 0.01892010 0.03490224 
303.00000000 0.48122814 0.27064970 0.11019538 0.05205869 0.03189341 0.01896516 0.03500952 
304.00000000 0.48114121 0.26999920 0.11052693 0.05225636 0.03194789 0.01901164 0.03511676 
305.00000000 0.48104483 0.26935889 0.11085739 0.05245334 0.03200213 0.01905946 0.03522396 
306.00000000 0.48093842 0.26872936 0.11118676 0.05264960 0.03205619 0.01910854 0.03533113 
307.00000000 0.48082144 0.26811117 0.11151505 0.05284516 0.03211015 0.01915877 0.03543826 
308.00000000 0.48069340 0.26750479 0.11184228 0.05303998 0.03216410 0.01921009 0.03554536 
309.00000000 0.48055390 0.26691065 0.11216848 0.05323407 0.03221811 0.01926238 0.03565242 
310.00000000 0.48040256 0.26632911 0.11249364 0.05342743 0.03227225 0.01931557 0.03575944 
311.00000000 0.48023909 0.26576049 0.11281781 0.05362004 0.03232659 0.01936956 0.03586642 
312.00000000 0.48006323 0.26520505 0.11314099 0.05381191 0.03238121 0.01942426 0.03597336 
313.00000000 0.47987480 0.26466297 0.11346322 0.05400302 0.03243616 0.01947957 0.03608025 
314.00000000 0.47967364 0.26413441 0.11378453 0.05419339 0.03249152 0.01953542 0.03618709 
315.00000000 0.47945967 0.26361946 0.11410494 0.05438301 0.03254735 0.01959170 0.03629387 
316.00000000 0.47923286 0.26311816 0.11442448 0.05457188 0.03260370 0.01964833 0.03640059 
317.00000000 0.47899320 0.26263050 0.11474319 0.05476001 0.03266063 0.01970522 0.03650723 
318.00000000 0.47874076 0.26215643 0.11506110 0.05494741 0.03271819 0.01976230 0.03661380 
319.00000000 0.47847564 0.26169584 0.11537825 0.05513408 0.03277643 0.01981949 0.03672028 
320.00000000 0.47819797 0.26124860 0.11569467 0.05532003 0.03283538 0.01987670 0.03682667 
321.00000000 0.47790793 0.26081451 0.11601040 0.05550527 0.03289508 0.01993386 0.03693295 
322.00000000 0.47760576 0.26039335 0.11632546 0.05568981 0.03295558 0.01999091 0.03703913 
323.00000000 0.47729170 0.25998487 0.11663991 0.05587368 0.03301689 0.02004777 0.03714518 
324.00000000 0.47696604 0.25958876 0.11695378 0.05605688 0.03307904 0.02010439 0.03725111 
325.00000000 0.47662910 0.25920472 0.11726710 0.05623944 0.03314205 0.02016070 0.03735690 
326.00000000 0.47628122 0.25883238 0.11757990 0.05642138 0.03320594 0.02021665 0.03746254 
327.00000000 0.47592278 0.25847136 0.11789223 0.05660271 0.03327070 0.02027219 0.03756802 
328.00000000 0.47555417 0.25812128 0.11820411 0.05678347 0.03333635 0.02032728 0.03767333 
329.00000000 0.47517581 0.25778170 0.11851559 0.05696367 0.03340289 0.02038187 0.03777846 
330.00000000 0.47478812 0.25745219 0.11882668 0.05714336 0.03347031 0.02043593 0.03788341 
331.00000000 0.47439156 0.25713230 0.11913742 0.05732254 0.03353860 0.02048942 0.03798815 
332.00000000 0.47398658 0.25682156 0.11944784 0.05750127 0.03360774 0.02054232 0.03809269 
333.00000000 0.47357365 0.25651950 0.11975796 0.05767956 0.03367772 0.02059460 0.03819700 
334.00000000 0.47315325 0.25622564 0.12006781 0.05785746 0.03374851 0.02064624 0.03830109 
335.00000000 0.47272587 0.25593949 0.12037741 0.05803499 0.03382009 0.02069722 0.03840494 
336.00000000 0.47229199 0.25566055 0.12068677 0.05821219 0.03389242 0.02074754 0.03850854 
337.00000000 0.47185210 0.25538835 0.12099591 0.05838911 0.03396547 0.02079718 0.03861188 
338.00000000 0.47140668 0.25512240 0.12130485 0.05856577 0.03403920 0.02084615 0.03871495 
339.00000000 0.47095623 0.25486221 0.12161360 0.05874222 0.03411358 0.02089443 0.03881774 
340.00000000 0.47050120 0.25460731 0.12192217 0.05891849 0.03418855 0.02094204 0.03892025 
341.00000000 0.47004209 0.25435722 0.12223056 0.05909462 0.03426407 0.02098897 0.03902246 
342.00000000 0.46957934 0.25411150 0.12253878 0.05927066 0.03434009 0.02103525 0.03912437 
343.00000000 0.46911342 0.25386970 0.12284683 0.05944664 0.03441657 0.02108087 0.03922597 
344.00000000 0.46864476 0.25363137 0.12315471 0.05962260 0.03449345 0.02112585 0.03932726 
345.00000000 0.46817379 0.25339611 0.12346242 0.05979857 0.03457068 0.02117021 0.03942821 
346.00000000 0.46770092 0.25316351 0.12376996 0.05997460 0.03464821 0.02121397 0.03952883 
347.00000000 0.46722655 0.25293318 0.12407731 0.06015072 0.03472598 0.02125714 0.03962912 
348.00000000 0.46675106 0.25270475 0.12438447 0.06032697 0.03480393 0.02129975 0.03972906 
349.00000000 0.46627482 0.25247788 0.12469143 0.06050339 0.03488203 0.02134182 0.03982865 
350.00000000 0.46579815 0.25225222 0.12499818 0.06067999 0.03496020 0.02138337 0.03992788 
351.00000000 0.46532140 0.25202748 0.12530471 0.06085683 0.03503841 0.02142442 0.04002676 
352.00000000 0.46484485 0.25180336 0.12561099 0.06103392 0.03511660 0.02146501 0.04012527 
353.00000000 0.46436881 0.25157959 0.12591702 0.06121130 0.03519472 0.02150515 0.04022341 
354.00000000 0.46389352 0.25135592 0.12622278 0.06138900 0.03527272 0.02154488 0.04032119 
355.00000000 0.46341923 0.25113213 0.12652825 0.06156702 0.03535056 0.02158421 0.04041859 
356.00000000 0.46294616 0.25090801 0.12683342 0.06174541 0.03542820 0.02162317 0.04051562 
357.00000000 0.46247451 0.25068337 0.12713827 0.06192418 0.03550559 0.02166179 0.04061228 
358.00000000 0.46200445 0.25045807 0.12744279 0.06210334 0.03558271 0.02170009 0.04070856 
359.00000000 0.46153614 0.25023194 0.12774695 0.06228292 0.03565950 0.02173808 0.04080446 
360.00000000 0.46106972 0.25000488 0.12805074 0.06246292 0.03573595 0.02177580 0.04089999 
361.00000000 0.46060529 0.24977679 0.12835415 0.06264335 0.03581203 0.02181326 0.04099515 
362.00000000 0.46014294 0.24954758 0.12865715 0.06282423 0.03588770 0.02185047 0.04108993 
363.00000000 0.45968276 0.24931719 0.12895974 0.06300555 0.03596295 0.02188747 0.04118434 
364.00000000 0.45922478 0.24908558 0.12926191 0.06318733 0.03603775 0.02192425 0.04127839 
365.00000000 0.45876906 0.24885273 0.12956363 0.06336956 0.03611211 0.02196084 0.04137207 
366.00000000 0.45831558 0.24861864 0.12986491 0.06355224 0.03618599 0.02199725 0.04146539 
367.00000000 0.45786437 0.24838330 0.13016572 0.06373536 0.03625941 0.02203349 0.04155835 
368.00000000 0.45741539 0.24814676 0.13046607 0.06391892 0.03633234 0.02206956 0.04165096 
369.00000000 0.45696861 0.24790904 0.13076594 0.06410292 0.03640480 0.02210547 0.04174322 
370.00000000 0.45652397 0.24767021 0.13106534 0.06428733 0.03647678 0.02214123 0.04183514 
371.00000000 0.45608141 0.24743034 0.13136425 0.06447215 0.03654830 0.02217683 0.04192672 
372.00000000 0.45564085 0.24718950 0.13166268 0.06465736 0.03661936 0.02221228 0.04201797 
373.00000000 0.45520219 0.24694779 0.13196062 0.06484295 0.03668997 0.02224758 0.04210889 
374.00000000 0.45476533 0.24670532 0.13225808 0.06502890 0.03676015 0.02228271 0.04219950 
375.00000000 0.45433016 0.24646219 0.13255506 0.06521519 0.03682992 0.02231768 0.04228979 
376.00000000 0.45389655 0.24621852 0.13285157 0.06540180 0.03689930 0.02235248 0.04237978 
377.00000000 0.45346436 0.24597446 0.13314760 0.06558871 0.03696831 0.02238709 0.04246947 
378.00000000 0.45303345 0.24573012 0.13344317 0.06577589 0.03703698 0.02242151 0.04255887 
379.00000000 0.45260368 0.24548567 0.13373828 0.06596332 0.03710533 0.02245573 0.04264799 
380.00000000 0.45217488 0.24524123 0.13403295 0.06615098 0.03717340 0.02248972 0.04273684 
381.00000000 0.45174690 0.24499696 0.13432718 0.06633884 0.03724122 0.02252348 0.04282541 
382.00000000 0.45131958 0.24475302 0.13462099 0.06652688 0.03730881 0.02255699 0.04291373 
383.00000000 0.45089275 0.24450956 0.13491438 0.06671507 0.03737622 0.02259022 0.04300179 
384.00000000 0.45046625 0.24426673 0.13520738 0.06690339 0.03744347 0.02262317 0.04308961 
385.00000000 0.45003990 0.24402470 0.13549999 0.06709181 0.03751061 0.02265580 0.04317719 
386.00000000 0.44961353 0.24378363 0.13579222 0.06728030 0.03757766 0.02268811 0.04326454 
387.00000000 0.44918699 0.24354365 0.13608409 0.06746884 0.03764466 0.02272007 0.04335168 
388.00000000 0.44876011 0.24330494 0.13637562 0.06765741 0.03771166 0.02275166 0.04343859 
389.00000000 0.44833272 0.24306764 0.13666682 0.06784598 0.03777867 0.02278286 0.04352531 
390.00000000 0.44790466 0.24283189 0.13695770 0.06803453 0.03784575 0.02281365 0.04361182 
391.00000000 0.44747579 0.24259785 0.13724828 0.06822302 0.03791292 0.02284400 0.04369814 
392.00000000 0.44704596 0.24236564 0.13753856 0.06841145 0.03798021 0.02287390 0.04378428 
393.00000000 0.44661501 0.24213540 0.13782856 0.06859979 0.03804767 0.02290333 0.04387024 
394.00000000 0.44618282 0.24190726 0.13811830 0.06878802 0.03811531 0.02293226 0.04395602 
395.00000000 0.44574925 0.24168134 0.13840778 0.06897611 0.03818318 0.02296069 0.04404165 
396.00000000 0.44531419 0.24145775 0.13869701 0.06916405 0.03825130 0.02298858 0.04412711 
397.00000000 0.44487753 0.24123659 0.13898601 0.06935183 0.03831969 0.02301593 0.04421243 
398.00000000 0.44443915 0.24101796 0.13927478 0.06953941 0.03838839 0.02304271 0.04429759 
399.00000000 0.44399897 0.24080195 0.13956332 0.06972679 0.03845742 0.02306892 0.04438262 
400.00000000 0.44355690 0.24058864 0.13985165 0.06991396 0.03852679 0.02309454 0.04446752 
401.00000000 0.44311286 0.24037810 0.14013977 0.07010089 0.03859653 0.02311957 0.04455228 
402.00000000 0.44266680 0.24017039 0.14042768 0.07028757 0.03866667 0.02314398 0.04463692 
403.00000000 0.44221866 0.23996555 0.14071538 0.07047400 0.03873720 0.02316777 0.04472144 
404.00000000 0.44176839 0.23976364 0.14100288 0.07066015 0.03880815 0.02319094 0.04480584 
405.00000000 0.44131596 0.23956468 0.14129017 0.07084603 0.03887953 0.02321349 0.04489014 
406.00000000 0.44086136 0.23936870 0.14157725 0.07103162 0.03895134 0.02323540 0.04497433 
407.00000000 0.44040458 0.23917569 0.14186413 0.07121690 0.03902361 0.02325668 0.04505842 
408.00000000 0.43994561 0.23898566 0.14215079 0.07140188 0.03909632 0.02327733 0.04514240 
409.00000000 0.43948448 0.23879861 0.14243723 0.07158655 0.03916948 0.02329735 0.04522630 
410.00000000 0.43902120 0.23861450 0.14272345 0.07177090 0.03924310 0.02331676 0.04531010 
411.00000000 0.43855582 0.23843330 0.14300943 0.07195492 0.03931717 0.02333555 0.04539381 
412.00000000 0.43808837 0.23825498 0.14329517 0.07213862 0.03939169 0.02335373 0.04547744 
413.00000000 0.43761893 0.23807947 0.14358067 0.07232198 0.03946665 0.02337132 0.04556098 
414.00000000 0.43714755 0.23790672 0.14386590 0.07250501 0.03954204 0.02338833 0.04564444 
415.00000000 0.43667432 0.23773665 0.14415086 0.07268770 0.03961787 0.02340478 0.04572783 
416.00000000 0.43619932 0.23756918 0.14443554 0.07287005 0.03969410 0.02342067 0.04581113 
417.00000000 0.43572266 0.23740421 0.14471993 0.07305207 0.03977074 0.02343603 0.04589436 
418.00000000 0.43524444 0.23724165 0.14500401 0.07323374 0.03984776 0.02345088 0.04597752 
419.00000000 0.43476477 0.23708138 0.14528777 0.07341507 0.03992516 0.02346524 0.04606060 
420.00000000 0.43428380 0.23692328 0.14557121 0.07359607 0.04000290 0.02347914 0.04614361 
421.00000000 0.43380163 0.23676723 0.14585430 0.07377673 0.04008098 0.02349259 0.04622654 
422.00000000 0.43331843 0.23661309 0.14613703 0.07395705 0.04015937 0.02350562 0.04630941 
423.00000000 0.43283434 0.23646073 0.14641939 0.07413704 0.04023805 0.02351825 0.04639220 
424.00000000 0.43234950 0.23630998 0.14670137 0.07431670 0.04031700 0.02353053 0.04647492 
425.00000000 0.43186409 0.23616070 0.14698296 0.07449604 0.04039619 0.02354246 0.04655756 
426.00000000 0.43137826 0.23601273 0.14726413 0.07467505 0.04047560 0.02355409 0.04664014 
427.00000000 0.43089218 0.23586590 0.14754489 0.07485375 0.04055520 0.02356544 0.04672264 
428.00000000 0.43040604 0.23572004 0.14782522 0.07503214 0.04063496 0.02357654 0.04680506 
429.00000000 0.42992000 0.23557499 0.14810511 0.07521022 0.04071486 0.02358743 0.04688740 
430.00000000 0.42943425 0.23543055 0.14838454 0.07538800 0.04079487 0.02359812 0.04696967 
431.00000000 0.42894896 0.23528656 0.14866351 0.07556548 0.04087497 0.02360867 0.04705185 
432.00000000 0.42846434 0.23514283 0.14894201 0.07574268 0.04095511 0.02361908 0.04713396 
433.00000000 0.42798054 0.23499918 0.14922002 0.07591960 0.04103529 0.02362940 0.04721597 
434.00000000 0.42749777 0.23485542 0.14949755 0.07609625 0.04111545 0.02363966 0.04729790 
435.00000000 0.42701621 0.23471138 0.14977459 0.07627262 0.04119559 0.02364988 0.04737974 
436.00000000 0.42653603 0.23456687 0.15005112 0.07644875 0.04127567 0.02366009 0.04746148 
437.00000000 0.42605743 0.23442171 0.15032714 0.07662462 0.04135565 0.02367033 0.04754312 
438.00000000 0.42558057 0.23427572 0.15060265 0.07680025 0.04143552 0.02368062 0.04762467 
439.00000000 0.42510564 0.23412872 0.15087764 0.07697565 0.04151525 0.02369100 0.04770611 
