0.00000000 1.00000000 0.00000000 0.00000000 0.00000000 0.00000000 0.00000000 0.00000000 
1.00000000 0.99971321 0.00027275 0.00000108 0.00000124 0.00000159 0.00000666 0.00000348 
2.00000000 0.99885389 0.00108999 0.00000433 0.00000494 0.00000638 0.00002659 0.00001388 
3.00000000 0.99742450 0.00244923 0.00000986 0.00001114 0.00001438 0.00005972 0.00003117 
4.00000000 0.99542879 0.00434675 0.00001782 0.00001985 0.00002563 0.00010591 0.00005525 
5.00000000 0.99287168 0.00677757 0.00002843 0.00003110 0.00004020 0.00016500 0.00008602 
6.00000000 0.98975931 0.00973553 0.00004195 0.00004494 0.00005816 0.00023676 0.00012335 
7.00000000 0.98609899 0.01321328 0.00005872 0.00006142 0.00007958 0.00032093 0.00016707 
8.00000000 0.98189918 0.01720229 0.00007914 0.00008061 0.00010459 0.00041720 0.00021699 
9.00000000 0.97716944 0.02169292 0.00010362 0.00010258 0.00013330 0.00052524 0.00027290 
10.00000000 0.97192042 0.02667445 0.00013267 0.00012742 0.00016584 0.00064464 0.00033456 
11.00000000 0.96616385 0.03213509 0.00016681 0.00015520 0.00020236 0.00077498 0.00040170 
12.00000000 0.95991245 0.03806203 0.00020661 0.00018603 0.00024301 0.00091580 0.00047406 
13.00000000 0.95317992 0.04444149 0.00025268 0.00022002 0.00028797 0.00106660 0.00055132 
14.00000000 0.94598090 0.05125876 0.00030564 0.00025727 0.00033741 0.00122683 0.00063318 
15.00000000 0.93833095 0.05849824 0.00036616 0.00029791 0.00039153 0.00139593 0.00071929 
16.00000000 0.93024645 0.06614348 0.00043492 0.00034205 0.00045050 0.00157330 0.00080930 
17.00000000 0.92174461 0.07417725 0.00051261 0.00038983 0.00051453 0.00175831 0.00090286 
18.00000000 0.91284339 0.08258157 0.00059994 0.00044137 0.00058383 0.00195030 0.00099958 
19.00000000 0.90356150 0.09133778 0.00069762 0.00049679 0.00065861 0.00214860 0.00109910 
20.00000000 0.89391827 0.10042656 0.00080636 0.00055625 0.00073906 0.00235250 0.00120101 
21.00000000 0.88393367 0.10982803 0.00092686 0.00061986 0.00082539 0.00256127 0.00130491 
22.00000000 0.87362824 0.11952175 0.00105981 0.00068776 0.00091783 0.00277419 0.00141042 
23.00000000 0.86302303 0.12948683 0.00120588 0.00076008 0.00101656 0.00299049 0.00151713 
24.00000000 0.85213954 0.13970194 0.00136571 0.00083694 0.00112180 0.00320941 0.00162465 
25.00000000 0.84099971 0.15014541 0.00153994 0.00091846 0.00123375 0.00343018 0.00173256 
26.00000000 0.82962579 0.16079522 0.00172915 0.00100475 0.00135258 0.00365201 0.00184048 
27.00000000 0.81804039 0.17162913 0.00193390 0.00109593 0.00147849 0.00387413 0.00194803 
28.00000000 0.80626632 0.18262470 0.00215469 0.00119208 0.00161166 0.00409574 0.00205482 
29.00000000 0.79432663 0.19375931 0.00239199 0.00129329 0.00175224 0.00431606 0.00216048 
30.00000000 0.78224448 0.20501029 0.00264621 0.00139964 0.00190041 0.00453431 0.00226466 
31.00000000 0.77004315 0.21635491 0.00291772 0.00151117 0.00205630 0.00474973 0.00236701 
32.00000000 0.75774595 0.22777048 0.00320683 0.00162794 0.00222004 0.00496155 0.00246721 
33.00000000 0.74537617 0.23923434 0.00351378 0.00174998 0.00239177 0.00516903 0.00256493 
34.00000000 0.73295706 0.25072398 0.00383877 0.00187728 0.00257158 0.00537144 0.00265989 
35.00000000 0.72051175 0.26221706 0.00418190 0.00200985 0.00275957 0.00556807 0.00275181 
36.00000000 0.70806319 0.27369143 0.00454325 0.00214764 0.00295582 0.00575824 0.00284043 
37.00000000 0.69563417 0.28512522 0.00492279 0.00229062 0.00316039 0.00594128 0.00292553 
38.00000000 0.68324719 0.29649688 0.00532047 0.00243870 0.00337333 0.00611655 0.00300689 
39.00000000 0.67092446 0.30778519 0.00573612 0.00259178 0.00359467 0.00628346 0.00308432 
40.00000000 0.65868785 0.31896933 0.00616955 0.00274974 0.00382442 0.00644144 0.00315767 
41.00000000 0.64655885 0.33002893 0.00662047 0.00291243 0.00406259 0.00658994 0.00322679 
42.00000000 0.63455853 0.34094406 0.00708854 0.00307968 0.00430914 0.00672846 0.00329159 
43.00000000 0.62270747 0.35169533 0.00757334 0.00325128 0.00456405 0.00685656 0.00335197 
44.00000000 0.61102579 0.36226388 0.00807439 0.00342702 0.00482725 0.00697380 0.00340787 
45.00000000 0.59953302 0.37263141 0.00859117 0.00360663 0.00509868 0.00707982 0.00345927 
46.00000000 0.58824817 0.38278026 0.00912306 0.00378983 0.00537823 0.00717428 0.00350617 
47.00000000 0.57718962 0.39269337 0.00966941 0.00397632 0.00566580 0.00725691 0.00354858 
48.00000000 0.56637511 0.40235435 0.01022950 0.00416576 0.00596127 0.00732746 0.00358655 
49.00000000 0.55582174 0.41174752 0.01080256 0.00435780 0.00626447 0.00738575 0.00362016 
50.00000000 0.54554590 0.42085785 0.01138779 0.00455206 0.00657524 0.00743164 0.00364951 
51.00000000 0.53556328 0.42967110 0.01198431 0.00474813 0.00689341 0.00746506 0.00367472 
52.00000000 0.52588882 0.43817372 0.01259122 0.00494559 0.00721875 0.00748595 0.00369595 
53.00000000 0.51653672 0.44635295 0.01320758 0.00514399 0.00755105 0.00749435 0.00371337 
54.00000000 0.50752039 0.45419680 0.01383240 0.00534286 0.00789007 0.00749031 0.00372716 
55.00000000 0.49885246 0.46169406 0.01446469 0.00554173 0.00823554 0.00747397 0.00373755 
56.00000000 0.49054475 0.46883430 0.01510340 0.00574011 0.00858718 0.00744550 0.00374477 
57.00000000 0.48260825 0.47560793 0.01574748 0.00593748 0.00894469 0.00740511 0.00374907 
58.00000000 0.47505314 0.48200612 0.01639585 0.00613333 0.00930775 0.00735309 0.00375072 
59.00000000 0.46788874 0.48802090 0.01704743 0.00632714 0.00967602 0.00728976 0.00375001 
60.00000000 0.46112355 0.49364507 0.01770113 0.00651839 0.01004914 0.00721550 0.00374723 
61.00000000 0.45476518 0.49887229 0.01835584 0.00670655 0.01042674 0.00713072 0.00374269 
62.00000000 0.44882044 0.50369700 0.01901047 0.00689109 0.01080841 0.00703589 0.00373671 
63.00000000 0.44329524 0.50811445 0.01966391 0.00707150 0.01119375 0.00693152 0.00372962 
64.00000000 0.43819465 0.51212073 0.02031510 0.00724726 0.01158232 0.00681818 0.00372176 
65.00000000 0.43352291 0.51571268 0.02096296 0.00741789 0.01197366 0.00669644 0.00371346 
66.00000000 0.42928337 0.51888798 0.02160643 0.00758289 0.01236731 0.00656695 0.00370506 
67.00000000 0.42547859 0.52164507 0.02224448 0.00774181 0.01276278 0.00643038 0.00369690 
68.00000000 0.42211024 0.52398315 0.02287610 0.00789420 0.01315956 0.00628741 0.00368933 
69.00000000 0.41917922 0.52590221 0.02350033 0.00803965 0.01355712 0.00613879 0.00368268 
70.00000000 0.41668557 0.52740297 0.02411620 0.00817776 0.01395493 0.00598528 0.00367729 
71.00000000 0.41462856 0.52848688 0.02472280 0.00830820 0.01435242 0.00582766 0.00367347 
72.00000000 0.41300664 0.52915614 0.02531928 0.00843062 0.01474903 0.00566674 0.00367155 
73.00000000 0.41181751 0.52941362 0.02590478 0.00854475 0.01514417 0.00550333 0.00367184 
74.00000000 0.41105810 0.52926288 0.02647852 0.00865035 0.01553724 0.00533829 0.00367462 
75.00000000 0.41072460 0.52870817 0.02703975 0.00874722 0.01592762 0.00517247 0.00368017 
76.00000000 0.41081247 0.52775437 0.02758779 0.00883520 0.01631469 0.00500671 0.00368877 
77.00000000 0.41131648 0.52640700 0.02812197 0.00891418 0.01669780 0.00484190 0.00370066 
78.00000000 0.41223070 0.52467218 0.02864171 0.00898411 0.01707632 0.00467891 0.00371607 
79.00000000 0.41354855 0.52255662 0.02914645 0.00904499 0.01744959 0.00451858 0.00373521 
80.00000000 0.41526279 0.52006762 0.02963571 0.00909684 0.01781695 0.00436180 0.00375828 
81.00000000 0.41736560 0.51721299 0.03010904 0.00913978 0.01817774 0.00420941 0.00378545 
82.00000000 0.41984851 0.51400108 0.03056606 0.00917396 0.01853127 0.00406225 0.00381686 
83.00000000 0.42270254 0.51044076 0.03100644 0.00919958 0.01887689 0.00392116 0.00385264 
84.00000000 0.42591812 0.50654134 0.03142990 0.00921690 0.01921392 0.00378693 0.00389289 
85.00000000 0.42948519 0.50231261 0.03183621 0.00922625 0.01954171 0.00366035 0.00393769 
86.00000000 0.43339318 0.49776477 0.03222520 0.00922799 0.01985957 0.00354219 0.00398710 
87.00000000 0.43763106 0.49290844 0.03259676 0.00922254 0.02016687 0.00343319 0.00404115 
88.00000000 0.44218736 0.48775463 0.03295083 0.00921037 0.02046295 0.00333403 0.00409984 
89.00000000 0.44705021 0.48231467 0.03328737 0.00919201 0.02074719 0.00324539 0.00416315 
90.00000000 0.45220733 0.47660027 0.03360643 0.00916804 0.02101896 0.00316791 0.00423105 
91.00000000 0.45764612 0.47062340 0.03390809 0.00913907 0.02127767 0.00310218 0.00430347 
92.00000000 0.46335361 0.46439636 0.03419247 0.00910575 0.02152273 0.00304875 0.00438032 
93.00000000 0.46931657 0.45793168 0.03445975 0.00906879 0.02175359 0.00300813 0.00446149 
94.00000000 0.47552147 0.45124212 0.03471013 0.00902894 0.02196970 0.00298079 0.00454685 
95.00000000 0.48195454 0.44434067 0.03494388 0.00898695 0.02217058 0.00296714 0.00463625 
96.00000000 0.48860180 0.43724049 0.03516128 0.00894363 0.02235574 0.00296755 0.00472951 
97.00000000 0.49544909 0.42995491 0.03536266 0.00889981 0.02252474 0.00298234 0.00482645 
98.00000000 0.50248206 0.42249740 0.03554838 0.00885634 0.02267718 0.00301178 0.00492685 
99.00000000 0.50968627 0.41488153 0.03571884 0.00881408 0.02281270 0.00305608 0.00503050 
100.00000000 0.51704713 0.40712098 0.03587446 0.00877391 0.02293096 0.00311541 0.00513715 
101.00000000 0.52455000 0.39922948 0.03601568 0.00873674 0.02303170 0.00318986 0.00524655 
102.00000000 0.53218018 0.39122081 0.03614298 0.00870343 0.02311468 0.00327949 0.00535844 
103.00000000 0.53992294 0.38310877 0.03625685 0.00867490 0.02317970 0.00338429 0.00547254 
104.00000000 0.54776356 0.37490717 0.03635780 0.00865203 0.02322665 0.00350422 0.00558858 
105.00000000 0.55568733 0.36662977 0.03644637 0.00863568 0.02325544 0.00363915 0.00570625 
106.00000000 0.56367960 0.35829033 0.03652310 0.00862673 0.02326604 0.00378892 0.00582528 
107.00000000 0.57172580 0.34990249 0.03658854 0.00862601 0.02325848 0.00395332 0.00594536 
108.00000000 0.57981145 0.34147984 0.03664325 0.00863435 0.02323285 0.00413206 0.00606619 
109.00000000 0.58792220 0.33303586 0.03668782 0.00865252 0.02318930 0.00432482 0.00618748 
110.00000000 0.59604383 0.32458389 0.03672283 0.00868128 0.02312804 0.00453123 0.00630891 
111.00000000 0.60416230 0.31613712 0.03674884 0.00872135 0.02304933 0.00475086 0.00643020 
112.00000000 0.61226375 0.30770859 0.03676645 0.00877340 0.02295349 0.00498324 0.00655106 
113.00000000 0.62033455 0.29931115 0.03677623 0.00883807 0.02284094 0.00522786 0.00667120 
114.00000000 0.62836126 0.29095745 0.03677878 0.00891592 0.02271210 0.00548415 0.00679034 
115.00000000 0.63633074 0.28265989 0.03677465 0.00900749 0.02256750 0.00575151 0.00690822 
116.00000000 0.64423007 0.27443068 0.03676443 0.00911324 0.02240772 0.00602929 0.00702458 
117.00000000 0.65204663 0.26628174 0.03674867 0.00923359 0.02223338 0.00631682 0.00713916 
118.00000000 0.65976813 0.25822474 0.03672793 0.00936889 0.02204519 0.00661337 0.00725175 
119.00000000 0.66738256 0.25027105 0.03670275 0.00951944 0.02184388 0.00691821 0.00736211 
120.00000000 0.67487827 0.24243175 0.03667367 0.00968544 0.02163027 0.00723054 0.00747005 
121.00000000 0.68224395 0.23471760 0.03664121 0.00986707 0.02140523 0.00754958 0.00757537 
122.00000000 0.68946865 0.22713904 0.03660587 0.01006440 0.02116965 0.00787448 0.00767790 
123.00000000 0.69654181 0.21970616 0.03656815 0.01027748 0.02092450 0.00820441 0.00777749 
124.00000000 0.70345324 0.21242869 0.03652853 0.01050624 0.02067080 0.00853849 0.00787400 
125.00000000 0.71019318 0.20531602 0.03648748 0.01075058 0.02040958 0.00887585 0.00796731 
126.00000000 0.71675225 0.19837713 0.03644545 0.01101032 0.02014195 0.00921558 0.00805732 
127.00000000 0.72312150 0.19162065 0.03640287 0.01128522 0.01986903 0.00955678 0.00814394 
128.00000000 0.72929244 0.18505479 0.03636016 0.01157495 0.01959197 0.00989855 0.00822712 
129.00000000 0.73525697 0.17868737 0.03631773 0.01187916 0.01931198 0.01023998 0.00830681 
130.00000000 0.74100748 0.17252576 0.03627596 0.01219740 0.01903026 0.01058016 0.00838298 
131.00000000 0.74653680 0.16657697 0.03623523 0.01252918 0.01874804 0.01091817 0.00845562 
132.00000000 0.75183819 0.16084752 0.03619588 0.01287394 0.01846659 0.01125312 0.00852475 
133.00000000 0.75690543 0.15534355 0.03615827 0.01323109 0.01818715 0.01158413 0.00859039 
134.00000000 0.76173272 0.15007072 0.03612272 0.01359996 0.01791100 0.01191031 0.00865259 
135.00000000 0.76631475 0.14503426 0.03608953 0.01397985 0.01763941 0.01223080 0.00871140 
136.00000000 0.77064669 0.14023896 0.03605901 0.01437002 0.01737364 0.01254476 0.00876692 
137.00000000 0.77472418 0.13568915 0.03603143 0.01476968 0.01711497 0.01285138 0.00881921 
138.00000000 0.77854333 0.13138872 0.03600707 0.01517800 0.01686463 0.01314985 0.00886841 
139.00000000 0.78210075 0.12734107 0.03598617 0.01559415 0.01662386 0.01343940 0.00891461 
140.00000000 0.78539349 0.12354918 0.03596899 0.01601723 0.01639387 0.01371930 0.00895795 
141.00000000 0.78841912 0.12001556 0.03595575 0.01644634 0.01617583 0.01398883 0.00899857 
142.00000000 0.79117565 0.11674226 0.03594667 0.01688057 0.01597091 0.01424731 0.00903663 
143.00000000 0.79366157 0.11373087 0.03594197 0.01731898 0.01578021 0.01449412 0.00907228 
144.00000000 0.79587584 0.11098256 0.03594184 0.01776062 0.01560481 0.01472865 0.00910569 
145.00000000 0.79781789 0.10849799 0.03594647 0.01820456 0.01544573 0.01495032 0.00913703 
146.00000000 0.79948759 0.10627743 0.03595604 0.01864985 0.01530397 0.01515863 0.00916648 
147.00000000 0.80088529 0.10432068 0.03597073 0.01909554 0.01518044 0.01535309 0.00919423 
148.00000000 0.80201175 0.10262710 0.03599070 0.01954070 0.01507603 0.01553326 0.00922045 
149.00000000 0.80286821 0.10119563 0.03601611 0.01998443 0.01499153 0.01569876 0.00924533 
150.00000000 0.80345631 0.10002477 0.03604711 0.02042581 0.01492770 0.01584925 0.00926906 
151.00000000 0.80377813 0.09911260 0.03608384 0.02086397 0.01488522 0.01598442 0.00929182 
152.00000000 0.80383616 0.09845680 0.03612645 0.02129807 0.01486470 0.01610402 0.00931380 
153.00000000 0.80363331 0.09805463 0.03617506 0.02172727 0.01486668 0.01620786 0.00933518 
154.00000000 0.80317287 0.09790298 0.03622982 0.02215079 0.01489164 0.01629578 0.00935613 
155.00000000 0.80245853 0.09799832 0.03629084 0.02256788 0.01493995 0.01636767 0.00937681 
156.00000000 0.80149433 0.09833676 0.03635824 0.02297782 0.01501195 0.01642349 0.00939740 
157.00000000 0.80028472 0.09891405 0.03643215 0.02337994 0.01510787 0.01646321 0.00941805 
158.00000000 0.79883446 0.09972558 0.03651267 0.02377362 0.01522786 0.01648689 0.00943892 
159.00000000 0.79714868 0.10076639 0.03659992 0.02415827 0.01537200 0.01649461 0.00946013 
160.00000000 0.79523282 0.10203118 0.03669400 0.02453337 0.01554030 0.01648650 0.00948182 
161.00000000 0.79309265 0.10351436 0.03679502 0.02489843 0.01573267 0.01646275 0.00950411 
162.00000000 0.79073423 0.10521002 0.03690307 0.02525302 0.01594897 0.01642358 0.00952712 
163.00000000 0.78816392 0.10711194 0.03701825 0.02559675 0.01618894 0.01636926 0.00955094 
164.00000000 0.78538834 0.10921364 0.03714066 0.02592932 0.01645228 0.01630010 0.00957566 
165.00000000 0.78241440 0.11150837 0.03727037 0.02625044 0.01673860 0.01621645 0.00960136 
166.00000000 0.77924923 0.11398914 0.03740749 0.02655990 0.01704744 0.01611871 0.00962810 
167.00000000 0.77590019 0.11664870 0.03755208 0.02685752 0.01737826 0.01600731 0.00965595 
168.00000000 0.77237488 0.11947960 0.03770422 0.02714320 0.01773046 0.01588272 0.00968493 
169.00000000 0.76868109 0.12247417 0.03786399 0.02741688 0.01810337 0.01574543 0.00971508 
170.00000000 0.76482679 0.12562457 0.03803146 0.02767854 0.01849625 0.01559598 0.00974641 
171.00000000 0.76082014 0.12892277 0.03820668 0.02792822 0.01890832 0.01543493 0.00977895 
172.00000000 0.75666943 0.13236058 0.03838971 0.02816602 0.01933871 0.01526288 0.00981268 
173.00000000 0.75238311 0.13592968 0.03858061 0.02839206 0.01978652 0.01508043 0.00984758 
174.00000000 0.74796976 0.13962162 0.03877941 0.02860653 0.02025080 0.01488825 0.00988364 
175.00000000 0.74343805 0.14342783 0.03898615 0.02880964 0.02073054 0.01468697 0.00992081 
176.00000000 0.73879676 0.14733966 0.03920086 0.02900166 0.02122470 0.01447730 0.00995906 
177.00000000 0.73405475 0.15134838 0.03942356 0.02918289 0.02173218 0.01425991 0.00999832 
178.00000000 0.72922092 0.15544519 0.03965428 0.02935365 0.02225188 0.01403554 0.01003855 
179.00000000 0.72430423 0.15962126 0.03989300 0.02951432 0.02278264 0.01380488 0.01007966 
180.00000000 0.71931370 0.16386771 0.04013972 0.02966530 0.02332329 0.01356868 0.01012159 
181.00000000 0.71425831 0.16817567 0.04039444 0.02980701 0.02387264 0.01332768 0.01016425 
182.00000000 0.70914710 0.17253626 0.04065713 0.02993988 0.02442946 0.01308261 0.01020755 
183.00000000 0.70398905 0.17694062 0.04092775 0.03006441 0.02499255 0.01283421 0.01025141 
184.00000000 0.69879314 0.18137993 0.04120625 0.03018106 0.02556067 0.01258323 0.01029572 
185.00000000 0.69356830 0.18584542 0.04149259 0.03029034 0.02613257 0.01233040 0.01034038 
186.00000000 0.68832339 0.19032836 0.04178669 0.03039277 0.02670703 0.01207645 0.01038530 
187.00000000 0.68306722 0.19482014 0.04208847 0.03048887 0.02728282 0.01182210 0.01043038 
188.00000000 0.67780850 0.19931220 0.04239784 0.03057917 0.02785872 0.01156807 0.01047550 
189.00000000 0.67255584 0.20379613 0.04271470 0.03066420 0.02843351 0.01131506 0.01052056 
190.00000000 0.66731775 0.20826362 0.04303892 0.03074449 0.02900602 0.01106373 0.01056546 
191.00000000 0.66210261 0.21270647 0.04337039 0.03082059 0.02957507 0.01081477 0.01061011 
192.00000000 0.65691865 0.21711668 0.04370895 0.03089301 0.03013951 0.01056882 0.01065439 
193.00000000 0.65177396 0.22148637 0.04405446 0.03096228 0.03069823 0.01032649 0.01069822 
194.00000000 0.64667648 0.22580783 0.04440674 0.03102891 0.03125014 0.01008840 0.01074150 
195.00000000 0.64163395 0.23007357 0.04476562 0.03109340 0.03179419 0.00985512 0.01078414 
196.00000000 0.63665396 0.23427625 0.04513090 0.03115625 0.03232937 0.00962721 0.01082606 
197.00000000 0.63174388 0.23840876 0.04550238 0.03121792 0.03285470 0.00940518 0.01086718 
198.00000000 0.62691087 0.24246421 0.04587985 0.03127887 0.03336925 0.00918954 0.01090742 
199.00000000 0.62216190 0.24643591 0.04626306 0.03133954 0.03387212 0.00898074 0.01094672 
200.00000000 0.61750369 0.25031742 0.04665179 0.03140036 0.03436249 0.00877923 0.01098502 
201.00000000 0.61294275 0.25410255 0.04704578 0.03146171 0.03483955 0.00858540 0.01102227 
202.00000000 0.60848534 0.25778533 0.04744476 0.03152397 0.03530255 0.00839963 0.01105841 
203.00000000 0.60413747 0.26136008 0.04784848 0.03158750 0.03575081 0.00822225 0.01109341 
204.00000000 0.59990488 0.26482137 0.04825663 0.03165264 0.03618368 0.00805356 0.01112724 
205.00000000 0.59579308 0.26816402 0.04866894 0.03171968 0.03660058 0.00789383 0.01115987 
206.00000000 0.59180729 0.27138316 0.04908510 0.03178890 0.03700096 0.00774329 0.01119129 
207.00000000 0.58795244 0.27447419 0.04950480 0.03186058 0.03738435 0.00760215 0.01122149 
208.00000000 0.58423321 0.27743277 0.04992774 0.03193494 0.03775032 0.00747056 0.01125047 
209.00000000 0.58065398 0.28025488 0.05035358 0.03201218 0.03809848 0.00734865 0.01127824 
210.00000000 0.57721884 0.28293678 0.05078201 0.03209250 0.03842854 0.00723653 0.01130480 
211.00000000 0.57393159 0.28547503 0.05121269 0.03217606 0.03874020 0.00713424 0.01133019 
212.00000000 0.57079574 0.28786646 0.05164529 0.03226299 0.03903327 0.00704182 0.01135443 
213.00000000 0.56781449 0.29010824 0.05207946 0.03235341 0.03930757 0.00695927 0.01137756 
214.00000000 0.56499075 0.29219782 0.05251488 0.03244740 0.03956300 0.00688654 0.01139962 
215.00000000 0.56232711 0.29413293 0.05295119 0.03254505 0.03979949 0.00682356 0.01142067 
216.00000000 0.55982589 0.29591163 0.05338806 0.03264640 0.04001703 0.00677025 0.01144075 
217.00000000 0.55748907 0.29753226 0.05382514 0.03275148 0.04021565 0.00672646 0.01145994 
218.00000000 0.55531835 0.29899347 0.05426211 0.03286030 0.04039543 0.00669205 0.01147829 
219.00000000 0.55331512 0.30029420 0.05469861 0.03297287 0.04055650 0.00666683 0.01149588 
220.00000000 0.55148048 0.30143368 0.05513433 0.03308914 0.04069900 0.00665059 0.01151278 
221.00000000 0.54981520 0.30241143 0.05556893 0.03320910 0.04082316 0.00664311 0.01152908 
222.00000000 0.54831978 0.30322727 0.05600209 0.03333268 0.04092921 0.00664412 0.01154485 
223.00000000 0.54699442 0.30388129 0.05643349 0.03345982 0.04101743 0.00665335 0.01156019 
224.00000000 0.54583901 0.30437387 0.05686284 0.03359045 0.04108813 0.00667051 0.01157519 
225.00000000 0.54485318 0.30470566 0.05728982 0.03372448 0.04114165 0.00669528 0.01158993 
226.00000000 0.54403625 0.30487759 0.05771415 0.03386180 0.04117838 0.00672733 0.01160451 
227.00000000 0.54338727 0.30489082 0.05813554 0.03400233 0.04119870 0.00676632 0.01161902 
228.00000000 0.54290501 0.30474683 0.05855373 0.03414593 0.04120305 0.00681189 0.01163355 
229.00000000 0.54258798 0.30444729 0.05896846 0.03429250 0.04119188 0.00686368 0.01164821 
230.00000000 0.54243441 0.30399416 0.05937949 0.03444192 0.04116566 0.00692129 0.01166307 
231.00000000 0.54244228 0.30338962 0.05978658 0.03459405 0.04112487 0.00698436 0.01167825 
232.00000000 0.54260931 0.30263609 0.06018950 0.03474877 0.04107002 0.00705248 0.01169382 
233.00000000 0.54293299 0.30173621 0.06058807 0.03490595 0.04100164 0.00712526 0.01170987 
234.00000000 0.54341056 0.30069285 0.06098208 0.03506545 0.04092025 0.00720230 0.01172650 
235.00000000 0.54403903 0.29950907 0.06137136 0.03522714 0.04082641 0.00728320 0.01174379 
236.00000000 0.54481517 0.29818815 0.06175576 0.03539090 0.04072065 0.00736755 0.01176182 
237.00000000 0.54573558 0.29673355 0.06213512 0.03555658 0.04060353 0.00745496 0.01178067 
238.00000000 0.54679660 0.29514892 0.06250933 0.03572407 0.04047563 0.00754504 0.01180041 
239.00000000 0.54799441 0.29343809 0.06287827 0.03589324 0.04033750 0.00763738 0.01182111 
240.00000000 0.54932498 0.29160505 0.06324184 0.03606397 0.04018970 0.00773162 0.01184284 
241.00000000 0.55078410 0.28965396 0.06359998 0.03623613 0.04003281 0.00782736 0.01186566 
242.00000000 0.55236740 0.28758910 0.06395261 0.03640963 0.03986739 0.00792425 0.01188963 
243.00000000 0.55407034 0.28541492 0.06429970 0.03658434 0.03969399 0.00802191 0.01191480 
244.00000000 0.55588823 0.28313599 0.06464122 0.03676017 0.03951317 0.00812002 0.01194121 
245.00000000 0.55781623 0.28075700 0.06497716 0.03693701 0.03932547 0.00821822 0.01196891 
246.00000000 0.55984939 0.27828275 0.06530753 0.03711477 0.03913144 0.00831619 0.01199793 
247.00000000 0.56198260 0.27571813 0.06563235 0.03729337 0.03893161 0.00841364 0.01202830 
248.00000000 0.56421067 0.27306816 0.06595165 0.03747272 0.03872650 0.00851026 0.01206005 
249.00000000 0.56652829 0.27033789 0.06626550 0.03765274 0.03851661 0.00860577 0.01209320 
250.00000000 0.56893007 0.26753248 0.06657396 0.03783337 0.03830246 0.00869991 0.01212775 
251.00000000 0.57141052 0.26465715 0.06687711 0.03801454 0.03808451 0.00879243 0.01216373 
252.00000000 0.57396410 0.26171715 0.06717506 0.03819618 0.03786326 0.00888311 0.01220113 
253.00000000 0.57658520 0.25871781 0.06746792 0.03837824 0.03763916 0.00897172 0.01223995 
254.00000000 0.57926815 0.25566446 0.06775580 0.03856067 0.03741266 0.00905808 0.01228019 
255.00000000 0.58200724 0.25256247 0.06803886 0.03874343 0.03718418 0.00914200 0.01232182 
256.00000000 0.58479674 0.24941725 0.06831723 0.03892647 0.03695415 0.00922332 0.01236484 
257.00000000 0.58763091 0.24623417 0.06859108 0.03910975 0.03672297 0.00930190 0.01240921 
258.00000000 0.59050397 0.24301864 0.06886058 0.03929325 0.03649103 0.00937762 0.01245492 
259.00000000 0.59341015 0.23977603 0.06912590 0.03947693 0.03625870 0.00945035 0.01250193 
260.00000000 0.59634371 0.23651172 0.06938724 0.03966077 0.03602633 0.00952002 0.01255021 
261.00000000 0.59929890 0.23323104 0.06964480 0.03984474 0.03579427 0.00958655 0.01259971 
262.00000000 0.60227002 0.22993928 0.06989876 0.04002882 0.03556284 0.00964987 0.01265040 
263.00000000 0.60525141 0.22664172 0.07014936 0.04021300 0.03533236 0.00970994 0.01270222 
264.00000000 0.60823742 0.22334354 0.07039679 0.04039726 0.03510313 0.00976674 0.01275513 
265.00000000 0.61122251 0.22004989 0.07064128 0.04058158 0.03487541 0.00982025 0.01280907 
266.00000000 0.61420118 0.21676585 0.07088306 0.04076595 0.03464949 0.00987048 0.01286399 
267.00000000 0.61716799 0.21349642 0.07112234 0.04095037 0.03442561 0.00991743 0.01291983 
268.00000000 0.62011762 0.21024652 0.07135936 0.04113481 0.03420402 0.00996114 0.01297653 
269.00000000 0.62304480 0.20702097 0.07159435 0.04131928 0.03398494 0.01000164 0.01303403 
270.00000000 0.62594439 0.20382450 0.07182752 0.04150375 0.03376858 0.01003899 0.01309227 
271.00000000 0.62881133 0.20066176 0.07205913 0.04168821 0.03355515 0.01007324 0.01315118 
272.00000000 0.63164071 0.19753724 0.07228938 0.04187267 0.03334483 0.01010447 0.01321069 
273.00000000 0.63442772 0.19445536 0.07251850 0.04205710 0.03313781 0.01013276 0.01327075 
274.00000000 0.63716766 0.19142040 0.07274673 0.04224149 0.03293424 0.01015819 0.01333129 
275.00000000 0.63985600 0.18843652 0.07297427 0.04242583 0.03273428 0.01018086 0.01339223 
276.00000000 0.64248834 0.18550773 0.07320135 0.04261011 0.03253808 0.01020087 0.01345352 
277.00000000 0.64506041 0.18263793 0.07342817 0.04279431 0.03234577 0.01021833 0.01351509 
278.00000000 0.64756811 0.17983085 0.07365494 0.04297841 0.03215749 0.01023334 0.01357687 
279.00000000 0.65000749 0.17709010 0.07388185 0.04316239 0.03197333 0.01024603 0.01363880 
280.00000000 0.65237478 0.17441912 0.07410910 0.04334623 0.03179343 0.01025650 0.01370083 
281.00000000 0.65466636 0.17182121 0.07433688 0.04352992 0.03161787 0.01026488 0.01376288 
282.00000000 0.65687878 0.16929949 0.07456537 0.04371342 0.03144676 0.01027129 0.01382490 
283.00000000 0.65900879 0.16685694 0.07479472 0.04389670 0.03128017 0.01027584 0.01388684 
284.00000000 0.66105328 0.16449637 0.07502511 0.04407975 0.03111820 0.01027867 0.01394863 
285.00000000 0.66300937 0.16222040 0.07525669 0.04426252 0.03096091 0.01027988 0.01401022 
286.00000000 0.66487433 0.16003152 0.07548960 0.04444499 0.03080838 0.01027961 0.01407157 
287.00000000 0.66664564 0.15793201 0.07572399 0.04462711 0.03066067 0.01027795 0.01413263 
288.00000000 0.66832096 0.15592400 0.07595996 0.04480886 0.03051783 0.01027503 0.01419335 
289.00000000 0.66989814 0.15400943 0.07619766 0.04499020 0.03037994 0.01027096 0.01425368 
290.00000000 0.67137523 0.15219007 0.07643717 0.04517108 0.03024703 0.01026583 0.01431359 
291.00000000 0.67275049 0.15046750 0.07667861 0.04535145 0.03011915 0.01025975 0.01437305 
292.00000000 0.67402234 0.14884314 0.07692205 0.04553128 0.02999635 0.01025282 0.01443201 
293.00000000 0.67518944 0.14731821 0.07716758 0.04571052 0.02987866 0.01024512 0.01449045 
294.00000000 0.67625061 0.14589377 0.07741527 0.04588912 0.02976614 0.01023675 0.01454834 
295.00000000 0.67720489 0.14457067 0.07766518 0.04606703 0.02965880 0.01022777 0.01460566 
296.00000000 0.67805151 0.14334961 0.07791737 0.04624420 0.02955667 0.01021826 0.01466237 
297.00000000 0.67878989 0.14223110 0.07817186 0.04642058 0.02945980 0.01020829 0.01471848 
298.00000000 0.67941964 0.14121547 0.07842870 0.04659611 0.02936821 0.01019792 0.01477395 
299.00000000 0.67994058 0.14030288 0.07868791 0.04677074 0.02928191 0.01018719 0.01482878 
300.00000000 0.68035272 0.13949329 0.07894951 0.04694441 0.02920093 0.01017616 0.01488297 
301.00000000 0.68065623 0.13878653 0.07921351 0.04711707 0.02912530 0.01016487 0.01493649 
302.00000000 0.68085149 0.13818222 0.07947991 0.04728867 0.02905501 0.01015335 0.01498936 
303.00000000 0.68093906 0.13767982 0.07974870 0.04745914 0.02899010 0.01014162 0.01504156 
304.00000000 0.68091969 0.13727864 0.08001986 0.04762843 0.02893057 0.01012970 0.01509311 
305.00000000 0.68079427 0.13697781 0.08029339 0.04779648 0.02887643 0.01011761 0.01514401 
306.00000000 0.68056391 0.13677630 0.08056924 0.04796323 0.02882769 0.01010536 0.01519426 
307.00000000 0.68022986 0.13667293 0.08084739 0.04812864 0.02878435 0.01009294 0.01524387 
308.00000000 0.67979355 0.13666636 0.08112780 0.04829265 0.02874642 0.01008036 0.01529286 
309.00000000 0.67925654 0.13675510 0.08141043 0.04845519 0.02871389 0.01006760 0.01534124 
310.00000000 0.67862060 0.13693752 0.08169522 0.04861623 0.02868675 0.01005466 0.01538903 
311.00000000 0.67788759 0.13721184 0.08198213 0.04877570 0.02866500 0.01004150 0.01543623 
312.00000000 0.67705957 0.13757615 0.08227109 0.04893356 0.02864863 0.01002811 0.01548289 
313.00000000 0.67613870 0.13802839 0.08256206 0.04908976 0.02863763 0.01001446 0.01552900 
314.00000000 0.67512731 0.13856640 0.08285495 0.04924426 0.02863196 0.01000051 0.01557461 
315.00000000 0.67402782 0.13918789 0.08314971 0.04939700 0.02863162 0.00998625 0.01561972 
316.00000000 0.67284281 0.13989042 0.08344627 0.04954795 0.02863657 0.00997162 0.01566436 
317.00000000 0.67157497 0.14067148 0.08374455 0.04969706 0.02864679 0.00995659 0.01570856 
318.00000000 0.67022708 0.14152843 0.08404449 0.04984431 0.02866223 0.00994112 0.01575234 
319.00000000 0.66880205 0.14245853 0.08434600 0.04998966 0.02868285 0.00992517 0.01579573 
320.00000000 0.66730289 0.14345895 0.08464902 0.05013307 0.02870862 0.00990869 0.01583876 
321.00000000 0.66573267 0.14452677 0.08495347 0.05027452 0.02873947 0.00989165 0.01588144 
322.00000000 0.66409459 0.14565899 0.08525927 0.05041399 0.02877535 0.00987399 0.01592381 
323.00000000 0.66239191 0.14685252 0.08556635 0.05055146 0.02881619 0.00985567 0.01596589 
324.00000000 0.66062795 0.14810421 0.08587463 0.05068691 0.02886194 0.00983666 0.01600770 
325.00000000 0.65880612 0.14941084 0.08618403 0.05082032 0.02891251 0.00981691 0.01604928 
326.00000000 0.65692987 0.15076912 0.08649447 0.05095170 0.02896782 0.00979638 0.01609063 
327.00000000 0.65500271 0.15217574 0.08680590 0.05108103 0.02902780 0.00977503 0.01613180 
328.00000000 0.65302821 0.15362730 0.08711822 0.05120832 0.02909233 0.00975283 0.01617278 
329.00000000 0.65100996 0.15512040 0.08743137 0.05133358 0.02916132 0.00972975 0.01621362 
330.00000000 0.64895158 0.15665158 0.08774528 0.05145680 0.02923468 0.00970575 0.01625432 
331.00000000 0.64685674 0.15821738 0.08805988 0.05157801 0.02931227 0.00968082 0.01629490 
332.00000000 0.64472910 0.15981428 0.08837511 0.05169722 0.02939399 0.00965492 0.01633538 
333.00000000 0.64257235 0.16143878 0.08869089 0.05181446 0.02947970 0.00962805 0.01637577 
334.00000000 0.64039018 0.16308737 0.08900716 0.05192975 0.02956928 0.00960018 0.01641609 
335.00000000 0.63818627 0.16475652 0.08932386 0.05204313 0.02966258 0.00957130 0.01645634 
336.00000000 0.63596431 0.16644271 0.08964094 0.05215464 0.02975945 0.00954141 0.01649654 
337.00000000 0.63372797 0.16814245 0.08995833 0.05226431 0.02985974 0.00951051 0.01653669 
338.00000000 0.63148088 0.16985225 0.09027597 0.05237219 0.02996330 0.00947861 0.01657680 
339.00000000 0.62922668 0.17156864 0.09059382 0.05247834 0.03006996 0.00944570 0.01661686 
340.00000000 0.62696894 0.17328820 0.09091182 0.05258281 0.03017953 0.00941181 0.01665689 
341.00000000 0.62471122 0.17500752 0.09122993 0.05268565 0.03029186 0.00937696 0.01669687 
342.00000000 0.62245702 0.17672325 0.09154809 0.05278694 0.03040674 0.00934116 0.01673681 
343.00000000 0.62020978 0.17843208 0.09186626 0.05288673 0.03052401 0.00930444 0.01677671 
344.00000000 0.61797292 0.18013074 0.09218439 0.05298510 0.03064345 0.00926685 0.01681655 
345.00000000 0.61574977 0.18181605 0.09250244 0.05308213 0.03076487 0.00922841 0.01685632 
346.00000000 0.61354360 0.18348485 0.09282038 0.05317790 0.03088807 0.00918918 0.01689602 
347.00000000 0.61135760 0.18513408 0.09313816 0.05327248 0.03101285 0.00914919 0.01693564 
348.00000000 0.60919490 0.18676074 0.09345575 0.05336596 0.03113898 0.00910851 0.01697516 
349.00000000 0.60705855 0.18836191 0.09377310 0.05345842 0.03126626 0.00906718 0.01701457 
350.00000000 0.60495151 0.18993473 0.09409020 0.05354997 0.03139447 0.00902528 0.01705384 
351.00000000 0.60287664 0.19147646 0.09440699 0.05364068 0.03152339 0.00898286 0.01709297 
352.00000000 0.60083672 0.19298443 0.09472347 0.05373065 0.03165281 0.00894000 0.01713193 
353.00000000 0.59883444 0.19445605 0.09503958 0.05381999 0.03178248 0.00889677 0.01717070 
354.00000000 0.59687236 0.19588886 0.09535530 0.05390877 0.03191221 0.00885324 0.01720926 
355.00000000 0.59495298 0.19728046 0.09567062 0.05399711 0.03204175 0.00880949 0.01724759 
356.00000000 0.59307866 0.19862859 0.09598548 0.05408509 0.03217090 0.00876562 0.01728566 
357.00000000 0.59125166 0.19993107 0.09629989 0.05417283 0.03229941 0.00872169 0.01732346 
358.00000000 0.58947413 0.20118584 0.09661379 0.05426040 0.03242708 0.00867779 0.01736095 
359.00000000 0.58774811 0.20239094 0.09692719 0.05434792 0.03255369 0.00863402 0.01739812 
360.00000000 0.58607551 0.20354455 0.09724003 0.05443548 0.03267901 0.00859047 0.01743494 
361.00000000 0.58445814 0.20464492 0.09755232 0.05452317 0.03280283 0.00854722 0.01747139 
362.00000000 0.58289768 0.20569045 0.09786402 0.05461110 0.03292495 0.00850438 0.01750743 
363.00000000 0.58139569 0.20667965 0.09817511 0.05469934 0.03304515 0.00846202 0.01754306 
364.00000000 0.57995359 0.20761114 0.09848556 0.05478799 0.03316323 0.00842024 0.01757823 
365.00000000 0.57857272 0.20848369 0.09879537 0.05487714 0.03327900 0.00837915 0.01761294 
366.00000000 0.57725425 0.20929614 0.09910451 0.05496687 0.03339226 0.00833881 0.01764715 
367.00000000 0.57599925 0.21004749 0.09941296 0.05505727 0.03350283 0.00829934 0.01768086 
368.00000000 0.57480866 0.21073686 0.09972069 0.05514841 0.03361053 0.00826082 0.01771403 
369.00000000 0.57368330 0.21136347 0.10002770 0.05524037 0.03371518 0.00822334 0.01774664 
370.00000000 0.57262386 0.21192667 0.10033396 0.05533322 0.03381663 0.00818698 0.01777869 
371.00000000 0.57163090 0.21242594 0.10063946 0.05542702 0.03391470 0.00815183 0.01781015 
372.00000000 0.57070486 0.21286088 0.10094417 0.05552184 0.03400927 0.00811797 0.01784101 
373.00000000 0.56984607 0.21323119 0.10124809 0.05561774 0.03410018 0.00808548 0.01787125 
374.00000000 0.56905472 0.21353671 0.10155120 0.05571476 0.03418730 0.00805444 0.01790086 
375.00000000 0.56833089 0.21377739 0.10185348 0.05581297 0.03427052 0.00802492 0.01792984 
376.00000000 0.56767454 0.21395328 0.10215491 0.05591239 0.03434971 0.00799699 0.01795817 
377.00000000 0.56708552 0.21406457 0.10245549 0.05601308 0.03442479 0.00797071 0.01798584 
378.00000000 0.56656354 0.21411154 0.10275520 0.05611506 0.03449565 0.00794615 0.01801286 
379.00000000 0.56610822 0.21409460 0.10305403 0.05621837 0.03456221 0.00792337 0.01803921 
380.00000000 0.56571905 0.21401424 0.10335197 0.05632302 0.03462440 0.00790242 0.01806490 
381.00000000 0.56539545 0.21387109 0.10364901 0.05642903 0.03468216 0.00788334 0.01808993 
382.00000000 0.56513667 0.21366585 0.10394514 0.05653643 0.03473543 0.00786618 0.01811431 
383.00000000 0.56494192 0.21339934 0.10424035 0.05664520 0.03478419 0.00785098 0.01813802 
384.00000000 0.56481027 0.21307247 0.10453464 0.05675537 0.03482839 0.00783777 0.01816109 
385.00000000 0.56474071 0.21268624 0.10482800 0.05686692 0.03486802 0.00782658 0.01818352 
386.00000000 0.56473211 0.21224177 0.10512043 0.05697985 0.03490307 0.00781744 0.01820533 
387.00000000 0.56478329 0.21174022 0.10541192 0.05709415 0.03493354 0.00781036 0.01822652 
388.00000000 0.56489294 0.21118287 0.10570248 0.05720980 0.03495944 0.00780536 0.01824710 
389.00000000 0.56505970 0.21057107 0.10599210 0.05732679 0.03498080 0.00780244 0.01826710 
390.00000000 0.56528209 0.20990625 0.10628080 0.05744508 0.03499765 0.00780161 0.01828654 
391.00000000 0.56555859 0.20918991 0.10656856 0.05756464 0.03501002 0.00780286 0.01830542 
392.00000000 0.56588759 0.20842362 0.10685540 0.05768546 0.03501798 0.00780618 0.01832377 
393.00000000 0.56626740 0.20760903 0.10714133 0.05780749 0.03502158 0.00781156 0.01834162 
394.00000000 0.56669628 0.20674783 0.10742635 0.05793069 0.03502088 0.00781898 0.01835898 
395.00000000 0.56717242 0.20584179 0.10771048 0.05805502 0.03501598 0.00782842 0.01837589 
396.00000000 0.56769396 0.20489273 0.10799372 0.05818044 0.03500696 0.00783984 0.01839236 
397.00000000 0.56825896 0.20390250 0.10827609 0.05830690 0.03499390 0.00785322 0.01840842 
398.00000000 0.56886546 0.20287304 0.10855761 0.05843436 0.03497692 0.00786850 0.01842411 
399.00000000 0.56951145 0.20180629 0.10883829 0.05856275 0.03495613 0.00788566 0.01843944 
400.00000000 0.57019484 0.20070425 0.10911816 0.05869204 0.03493163 0.00790463 0.01845444 
401.00000000 0.57091356 0.19956896 0.10939724 0.05882217 0.03490355 0.00792537 0.01846915 
402.00000000 0.57166547 0.19840247 0.10967554 0.05895308 0.03487202 0.00794783 0.01848360 
403.00000000 0.57244839 0.19720688 0.10995310 0.05908473 0.03483718 0.00797192 0.01849780 
404.00000000 0.57326015 0.19598430 0.11022994 0.05921705 0.03479915 0.00799760 0.01851180 
405.00000000 0.57409853 0.19473687 0.11050608 0.05935000 0.03475810 0.00802480 0.01852562 
406.00000000 0.57496131 0.19346672 0.11078157 0.05948352 0.03471415 0.00805343 0.01853929 
407.00000000 0.57584625 0.19217603 0.11105643 0.05961756 0.03466747 0.00808344 0.01855284 
408.00000000 0.57675109 0.19086694 0.11133069 0.05975206 0.03461821 0.00811473 0.01856629 
409.00000000 0.57767357 0.18954165 0.11160438 0.05988697 0.03456652 0.00814722 0.01857968 
410.00000000 0.57861145 0.18820230 0.11187756 0.06002225 0.03451257 0.00818084 0.01859303 
411.00000000 0.57956247 0.18685107 0.11215024 0.06015784 0.03445651 0.00821550 0.01860637 
412.00000000 0.58052437 0.18549012 0.11242247 0.06029370 0.03439850 0.00825111 0.01861973 
413.00000000 0.58149492 0.18412159 0.11269429 0.06042979 0.03433872 0.00828757 0.01863312 
414.00000000 0.58247189 0.18274762 0.11296574 0.06056606 0.03427732 0.00832481 0.01864657 
415.00000000 0.58345309 0.18137031 0.11323686 0.06070247 0.03421446 0.00836272 0.01866011 
416.00000000 0.58443631 0.17999175 0.11350769 0.06083898 0.03415031 0.00840122 0.01867375 
417.00000000 0.58541939 0.17861402 0.11377827 0.06097556 0.03408503 0.00844021 0.01868751 
418.00000000 0.58640022 0.17723916 0.11404866 0.06111218 0.03401878 0.00847959 0.01870141 
419.00000000 0.58737667 0.17586917 0.11431888 0.06124880 0.03395172 0.00851928 0.01871548 
420.00000000 0.58834668 0.17450602 0.11458900 0.06138540 0.03388401 0.00855917 0.01872972 
421.00000000 0.58930822 0.17315166 0.11485904 0.06152195 0.03381581 0.00859918 0.01874415 
422.00000000 0.59025929 0.17180797 0.11512906 0.06165843 0.03374725 0.00863921 0.01875878 
423.00000000 0.59119795 0.17047682 0.11539910 0.06179482 0.03367851 0.00867917 0.01877362 
424.00000000 0.59212230 0.16916002 0.11566921 0.06193110 0.03360971 0.00871897 0.01878869 
425.00000000 0.59303047 0.16785933 0.11593942 0.06206726 0.03354102 0.00875851 0.01880399 
426.00000000 0.59392067 0.16657646 0.11620979 0.06220328 0.03347255 0.00879772 0.01881953 
427.00000000 0.59479115 0.16531307 0.11648036 0.06233916 0.03340446 0.00883649 0.01883531 
428.00000000 0.59564021 0.16407078 0.11675116 0.06247488 0.03333688 0.00887475 0.01885133 
429.00000000 0.59646621 0.16285113 0.11702225 0.06261045 0.03326993 0.00891242 0.01886761 
430.00000000 0.59726757 0.16165563 0.11729367 0.06274585 0.03320373 0.00894941 0.01888414 
431.00000000 0.59804279 0.16048569 0.11756545 0.06288110 0.03313841 0.00898565 0.01890092 
432.00000000 0.59879041 0.15934271 0.11783763 0.06301618 0.03307407 0.00902105 0.01891795 
433.00000000 0.59950904 0.15822798 0.11811026 0.06315110 0.03301084 0.00905555 0.01893522 
434.00000000 0.60019736 0.15714277 0.11838337 0.06328586 0.03294882 0.00908908 0.01895274 
435.00000000 0.60085412 0.15608824 0.11865700 0.06342047 0.03288810 0.00912157 0.01897049 
436.00000000 0.60147814 0.15506552 0.11893119 0.06355493 0.03282878 0.00915296 0.01898848 
437.00000000 0.60206830 0.15407566 0.11920596 0.06368926 0.03277095 0.00918318 0.01900669 
438.00000000 0.60262357 0.15311964 0.11948135 0.06382345 0.03271470 0.00921218 0.01902512 
439.00000000 0.60314296 0.15219836 0.11975739 0.06395751 0.03266012 0.00923990 0.01904376 
