1.006256204440298802e+03	2.761677063628797391e-01	1.828682021859088791e-01	2.344102410263568803e-01	1.404751685541927309e-01	6.900651101031150814e-02	2.637667570368940756e-02	7.069549515623724245e-02
1.011093974653954206e+03	2.754827840492085067e-01	1.821219921017109833e-01	2.348682611284518829e-01	1.409942406123201597e-01	6.916093311979498726e-02	2.648765529645697239e-02	7.088413369163293343e-02
1.015931744867609382e+03	2.747928902529325756e-01	1.813881123453757738e-01	2.353271616101813013e-01	1.415037048112202100e-01	6.931394398365983700e-02	2.659795037398440115e-02	7.107623662222231631e-02
1.020769515081264785e+03	2.740985851677164020e-01	1.806660190360939167e-01	2.357867298880220452e-01	1.420040266864165124e-01	6.946560262583349743e-02	2.670757078937503401e-02	7.127146580611896931e-02
1.025607285294920075e+03	2.734003943404713644e-01	1.799551994024385093e-01	2.362467678738080501e-01	1.424956422724006910e-01	6.961596396633062955e-02	2.681652594967626202e-02	7.146950619445091579e-02
1.030445055508575479e+03	2.726988107245030823e-01	1.792551699485070427e-01	2.367070910257773331e-01	1.429789600476047973e-01	6.976507910700922854e-02	2.692482484373408258e-02	7.167006430244088344e-02
1.035282825722230655e+03	2.719942966116475347e-01	1.785654747283960120e-01	2.371675274617604801e-01	1.434543627502194996e-01	6.991299559780017603e-02	2.703247606822034577e-02	7.187286678153238795e-02
1.040120595935886058e+03	2.712872854505143927e-01	1.778856837226130971e-01	2.376279171304366833e-01	1.439222090734568471e-01	7.005975768473046705e-02	2.713948785195370583e-02	7.207765908587121517e-02
1.044958366149541234e+03	2.705781835575363226e-01	1.772153913104102252e-01	2.380881110368519016e-01	1.443828352482834920e-01	7.020540654097150168e-02	2.724586807862725696e-02	7.228420422689577074e-02
1.049796136363196410e+03	2.698673717271313777e-01	1.765542148323750726e-01	2.385479705186420163e-01	1.448365565211143513e-01	7.034998048206107801e-02	2.735162430804843545e-02	7.249228161020419836e-02
1.054633906576851814e+03	2.691552067469148990e-01	1.759017932379524085e-01	2.390073665696381411e-01	1.452836685334576994e-01	7.049351516637046566e-02	2.745676379598962699e-02	7.270168594925324745e-02
1.059471676790506763e+03	2.684420228235482875e-01	1.752577858128807065e-01	2.394661792077487916e-01	1.457244486100363612e-01	7.063604378181617682e-02	2.756129351274148181e-02	7.291222625080465147e-02
1.064309447004162394e+03	2.677281329244837194e-01	1.746218709818255221e-01	2.399242968842171808e-01	1.461591569614745512e-01	7.077759721974831442e-02	2.766522016045481688e-02	7.312372486737235555e-02
1.069147217217817570e+03	2.670138300405553444e-01	1.739937451817690772e-01	2.403816159315428080e-01	1.465880378072344226e-01	7.091820423688524611e-02	2.776855018935123209e-02	7.333601661223837498e-02
1.073984987431472746e+03	2.662993883740773504e-01	1.733731218019775588e-01	2.408380400475331473e-01	1.470113204241067228e-01	7.105789160610524735e-02	2.787128981287734578e-02	7.354894793289910859e-02
1.078822757645127922e+03	2.655850644568334973e-01	1.727597301866140578e-01	2.412934798131189940e-01	1.474292201252076218e-01	7.119668425685166113e-02	2.797344502187249643e-02	7.376237613907817015e-02
1.083660527858783553e+03	2.648710982020870963e-01	1.721533146962968275e-01	2.417478522417204623e-01	1.478419391741023214e-01	7.133460540585689902e-02	2.807502159781517792e-02	7.397616868169781812e-02
1.088498298072438729e+03	2.641577138944961600e-01	1.715536338251213433e-01	2.422010803580970373e-01	1.482496676383695255e-01	7.147167667884317399e-02	2.817602512520911082e-02	7.419020247944027591e-02
1.093336068286093905e+03	2.634451211215917965e-01	1.709604593698694497e-01	2.426530928047501701e-01	1.486525841866324638e-01	7.160791822381344651e-02	2.827646100316584879e-02	7.440436328975345848e-02
1.098173838499749309e+03	2.627335156502607072e-01	1.703735756483227004e-01	2.431038234740731663e-01	1.490508568328144379e-01	7.174334881650477891e-02	2.837633445623701303e-02	7.461854512136389950e-02
1.103011608713404712e+03	2.620230802514721402e-01	1.697927787637784902e-01	2.435532111645618558e-01	1.494446436311265558e-01	7.187798595853774064e-02	2.847565054454570879e-02	7.483264968555415619e-02
1.107849378927059888e+03	2.613139854762986380e-01	1.692178759130393839e-01	2.440011992595103318e-01	1.498340933250616180e-01	7.201184596875929989e-02	2.857441417326347238e-02	7.504658588364390703e-02
1.112687149140715292e+03	2.606063903860997844e-01	1.686486847353065865e-01	2.444477354267182434e-01	1.502193459534496289e-01	7.214494406824333017e-02	2.867263010147590857e-02	7.526026932828319693e-02
1.117524919354370468e+03	2.599004432395704001e-01	1.680850326995602384e-01	2.448927713378342974e-01	1.506005334164282061e-01	7.227729445938124719e-02	2.877030295047740965e-02	7.547362189632485230e-02
1.122362689568025871e+03	2.591962821391957661e-01	1.675267565281523818e-01	2.453362624060493880e-01	1.509777800039895090e-01	7.240891039946639740e-02	2.886743721153260320e-02	7.568657131119070625e-02
1.127200459781681047e+03	2.584940356395050154e-01	1.669737016544720898e-01	2.457781675409375088e-01	1.513512028895896977e-01	7.253980426914814761e-02	2.896403725313975025e-02	7.589905075278455260e-02
1.132038229995336451e+03	2.577938233193766138e-01	1.664257217126689781e-01	2.462184489193221248e-01	1.517209125911405110e-01	7.266998763610647838e-02	2.906010732782886644e-02	7.611099849313322785e-02
1.136876000208991627e+03	2.570957563205131802e-01	1.658826780575401172e-01	2.466570717711178695e-01	1.520870134015481490e-01	7.279947131427426388e-02	2.915565157852529482e-02	7.632235755605795702e-02
1.141713770422646803e+03	2.563999378540815499e-01	1.653444393127972700e-01	2.470940041791673258e-01	1.524496037908214530e-01	7.292826541891178627e-02	2.925067404450733266e-02	7.653307539929005143e-02
1.146551540636302207e+03	2.557064636773950239e-01	1.648108809460367696e-01	2.475292168921565394e-01	1.528087767816356246e-01	7.305637941781796540e-02	2.934517866698461638e-02	7.674310361755026788e-02
1.151389310849957155e+03	2.550154225424034471e-01	1.642818848688331890e-01	2.479626831497525330e-01	1.531646203001133799e-01	7.318382217894318920e-02	2.943916929432230725e-02	7.695239766520869940e-02
1.156227081063612786e+03	2.543268966176557844e-01	1.637573390604715462e-01	2.483943785191632669e-01	1.535172175034671405e-01	7.331060201465075532e-02	2.953264968693426057e-02	7.716091659723389728e-02
1.161064851277267962e+03	2.536409618852978332e-01	1.632371372139203303e-01	2.488242807423716174e-01	1.538666470860377000e-01	7.343672672285725400e-02	2.962562352186704634e-02	7.736862282722493933e-02
1.165902621490923138e+03	2.529576885145788379e-01	1.627211784027298991e-01	2.492523695933446803e-01	1.542129835651615821e-01	7.356220362526645629e-02	2.971809439709506562e-02	7.757548190140017841e-02
1.170740391704578315e+03	2.522771412132531199e-01	1.622093667676194062e-01	2.496786267445658680e-01	1.545562975482049906e-01	7.368703960289682553e-02	2.981006583554577163e-02	7.778146228749067970e-02
1.175578161918233945e+03	2.515993795581800696e-01	1.617016112215873269e-01	2.501030356422790368e-01	1.548966559820126043e-01	7.381124112908911405e-02	2.990154128887267601e-02	7.798653517755586850e-02
1.180415932131889122e+03	2.509244583063504064e-01	1.611978251724505151e-01	2.505255813898744077e-01	1.552341223859368680e-01	7.393481430016794753e-02	2.999252414099268585e-02	7.819067430380384487e-02
1.185253702345544298e+03	2.502524276874943387e-01	1.606979262617806437e-01	2.509462506388836500e-01	1.555687570695361288e-01	7.405776486391919822e-02	3.008301771140323155e-02	7.839385576655946708e-02
1.190091472559199701e+03	2.495833336793574497e-01	1.602018361192684981e-01	2.513650314870859992e-01	1.559006173359569758e-01	7.418009824603433167e-02	3.017302525829357665e-02	7.859605787357984430e-02
1.194929242772855105e+03	2.489172182666686550e-01	1.597094801316032153e-01	2.517819133832596701e-01	1.562297576719493541e-01	7.430181957466229503e-02	3.026254998146377800e-02	7.879726098996971129e-02
1.199767012986510281e+03	2.482541196847620757e-01	1.592207872250080425e-01	2.521968870381444683e-01	1.565562299253997758e-01	7.442293370319999490e-02	3.035159502506386969e-02	7.899744739799850757e-02
1.204604783200165684e+03	2.475940726487590171e-01	1.587356896606247347e-01	2.526099443412084256e-01	1.568800834712087144e-01	7.454344523144372514e-02	3.044016348016501117e-02	7.919660116616712708e-02
1.209442553413820860e+03	2.469371085691628165e-01	1.582541228419864221e-01	2.530210782828388738e-01	1.572013653662844568e-01	7.466335852521527316e-02	3.052825838717354925e-02	7.939470802691540874e-02
1.214280323627476264e+03	2.462832557546688339e-01	1.577760251338638231e-01	2.534302828816032416e-01	1.575201204943728062e-01	7.478267773456862000e-02	3.061588273809822888e-02	7.959175526240122589e-02
1.219118093841131440e+03	2.456325396029442609e-01	1.573013376918116768e-01	2.538375531162478937e-01	1.578363917013962392e-01	7.490140681067637696e-02	3.070303947868011779e-02	7.978773159782018287e-02
1.223955864054786844e+03	2.449849827800887614e-01	1.568300043017827328e-01	2.542428848621245963e-01	1.581502199219295135e-01	7.501954952148766342e-02	3.078973151039416170e-02	7.998262710176931578e-02
1.228793634268442020e+03	2.443406053894440766e-01	1.563619712292131092e-01	2.546462748317556146e-01	1.584616442973981465e-01	7.513710946624350961e-02	3.087596169233070009e-02	8.017643309319155698e-02
1.233631404482097196e+03	2.436994251303824521e-01	1.558971870770188284e-01	2.550477205192661079e-01	1.587707022865474937e-01	7.525409008892945673e-02	3.096173284296472455e-02	8.036914205446765713e-02
1.238469174695752372e+03	2.430614574476648582e-01	1.554356026519762568e-01	2.554472201484315752e-01	1.590774297686925742e-01	7.537049469073980879e-02	3.104704774182016902e-02	8.056074755025144363e-02
1.243306944909407548e+03	2.424267156719274174e-01	1.549771708389901803e-01	2.558447726241032116e-01	1.593818611402265661e-01	7.548632644162298067e-02	3.113190913103595220e-02	8.075124415167031500e-02
1.248144715123063179e+03	2.417952111518194003e-01	1.545218464827826654e-01	2.562403774867909600e-01	1.596840294048327558e-01	7.560158839097230743e-02	3.121631971684021845e-02	8.094062736553830906e-02
1.252982485336718355e+03	2.411669533782865027e-01	1.540695862765638080e-01	2.566340348701972029e-01	1.599839662578160793e-01	7.571628347752255850e-02	3.130028217093857451e-02	8.112889356825195297e-02
1.257820255550373531e+03	2.405419501014636752e-01	1.536203486572708665e-01	2.570257454615084702e-01	1.602817021649425577e-01	7.583041453850808411e-02	3.138379913182194614e-02	8.131603994406108593e-02
1.262658025764028707e+03	2.399202074406140972e-01	1.531740937069872299e-01	2.574155104642653069e-01	1.605772664361491686e-01	7.594398431813485784e-02	3.146687320599916154e-02	8.150206442742687074e-02
1.267495795977684338e+03	2.393017299875260240e-01	1.527307830601752070e-01	2.578033315636407141e-01	1.608706872944625499e-01	7.605699547541465433e-02	3.154950696915909819e-02	8.168696564919845915e-02
1.272333566191339514e+03	2.386865209037531688e-01	1.522903798163788569e-01	2.581892108939708996e-01	1.611619919404428392e-01	7.616945059140697860e-02	3.163170296726689618e-02	8.187074288635708130e-02
1.277171336404994690e+03	2.380745820120639678e-01	1.518528484580728699e-01	2.585731510083901785e-01	1.614512066124474954e-01	7.628135217591039408e-02	3.171346371759847099e-02	8.205339601509331615e-02
1.282009106618650094e+03	2.374659138824411209e-01	1.514181547733528532e-01	2.589551548504335776e-01	1.617383566429909658e-01	7.639270267364274558e-02	3.179479170971720448e-02	8.223492546699820438e-02
1.286846876832305497e+03	2.368605159129543170e-01	1.509862657831805011e-01	2.593352257274775807e-01	1.620234665114573536e-01	7.650350446994659548e-02	3.187568940639651238e-02	8.241533218816383954e-02
1.291684647045960673e+03	2.362583864058090677e-01	1.505571496729143088e-01	2.597133672858994990e-01	1.623065598934063380e-01	7.661375989605374859e-02	3.195615924449172335e-02	8.259461760100203498e-02
1.296522417259616077e+03	2.356595226388573383e-01	1.501307757278714516e-01	2.600895834878435009e-01	1.625876597066968909e-01	7.672347123394059054e-02	3.203620363576446806e-02	8.277278356860254260e-02
1.301360187473271253e+03	2.350639209328380386e-01	1.497071142726829618e-01	2.604638785894877184e-01	1.628667881546379814e-01	7.683264072080350782e-02	3.211582496766254152e-02	8.294983236146402650e-02
1.306197957686926657e+03	2.344715767146004770e-01	1.492861366142173296e-01	2.608362571207147873e-01	1.631439667663625304e-01	7.694127055318182584e-02	3.219502560405809038e-02	8.312576662644176329e-02
1.311035727900581833e+03	2.338824845765480609e-01	1.488678149878608636e-01	2.612067238660946145e-01	1.634192164346064402e-01	7.704936289075360600e-02	3.227380788594666483e-02	8.330058935776657458e-02
1.315873498114237009e+03	2.332966383325263404e-01	1.484521225069571626e-01	2.615752838470928321e-01	1.636925574510640080e-01	7.715691985982811585e-02	3.235217413210966092e-02	8.347430386999873941e-02
1.320711268327892412e+03	2.327140310703655068e-01	1.480390331152174055e-01	2.619419423054260010e-01	1.639640095394787889e-01	7.726394355655680224e-02	3.243012663974237375e-02	8.364691377279001583e-02
1.325549038541547588e+03	2.321346552012757136e-01	1.476285215419264329e-01	2.623067046874880681e-01	1.642335918866187072e-01	7.737043604988347312e-02	3.250766768504976395e-02	8.381842294733472809e-02
1.330386808755202765e+03	2.315585025062812108e-01	1.472205632597791136e-01	2.626695766297786339e-01	1.645013231712743051e-01	7.747639938425253392e-02	3.258479952381203304e-02	8.398883552439911915e-02
1.335224578968857941e+03	2.309855641798689851e-01	1.468151344451907592e-01	2.630305639452671373e-01	1.647672215914099680e-01	7.758183558209313935e-02	3.266152439192178403e-02	8.415815586382524582e-02
1.340062349182513572e+03	2.304158308710165526e-01	1.464122119409354827e-01	2.633896726106331188e-01	1.650313048895892254e-01	7.768674664609562242e-02	3.273784450589449502e-02	8.432638853541256363e-02
1.344900119396168748e+03	2.298492927217543058e-01	1.460117732209748331e-01	2.637469087543242718e-01	1.652935903767875081e-01	7.779113456129561899e-02	3.281376206335405443e-02	8.449353830108648211e-02
1.349737889609823924e+03	2.292859394034085507e-01	1.456137963573465866e-01	2.641022786453798288e-01	1.655540949546976948e-01	7.789500129698001540e-02	3.288927924349468318e-02	8.465961009826976358e-02
1.354575659823479100e+03	2.287257601506623439e-01	1.452182599889922932e-01	2.644557886829688176e-01	1.658128351366275621e-01	7.799834880842808349e-02	3.296439820752083971e-02	8.482460902437725936e-02
1.359413430037134731e+03	2.281687437935636387e-01	1.448251432924082538e-01	2.648074453865976730e-01	1.660698270670810106e-01	7.810117903849991827e-02	3.303912109906635697e-02	8.498854032236043132e-02
1.364251200250789907e+03	2.276148787876025315e-01	1.444344259540124020e-01	2.651572553869425142e-01	1.663250865401093292e-01	7.820349391908386349e-02	3.311345004459407410e-02	8.515140936723258891e-02
1.369088970464445310e+03	2.270641532419716835e-01	1.440460881441256724e-01	2.655052254172662329e-01	1.665786290165129357e-01	7.830529537241325000e-02	3.318738715377706622e-02	8.531322165351042097e-02
1.373926740678100487e+03	2.265165549461178873e-01	1.436601104924715155e-01	2.658513623053823660e-01	1.668304696399686704e-01	7.840658531226256389e-02	3.326093451986267963e-02	8.547398278351149570e-02
1.378764510891755890e+03	2.259720713946861692e-01	1.432764740651045199e-01	2.661956729661299481e-01	1.670806232521527546e-01	7.850736564503206505e-02	3.333409422002026751e-02	8.563369845645148193e-02
1.383602281105411066e+03	2.254306898109514345e-01	1.428951603426832639e-01	2.665381643943258716e-01	1.673291044069250832e-01	7.860763827072937693e-02	3.340686831567364623e-02	8.579237445828855058e-02
1.388440051319066470e+03	2.248923971688276957e-01	1.425161512000077679e-01	2.668788436581649992e-01	1.675759273836358587e-01	7.870740508385601353e-02	3.347925885281914649e-02	8.595001665226571774e-02
1.393277821532721646e+03	2.243571802135390647e-01	1.421394288867467159e-01	2.672177178930377761e-01	1.678211061996120745e-01	7.880666797420617098e-02	3.355126786233007113e-02	8.610663097010533285e-02
1.398115591746377049e+03	2.238250254810320305e-01	1.417649760092843103e-01	2.675547942957386960e-01	1.680646546218767801e-01	7.890542882758444510e-02	3.362289736024837161e-02	8.626222340381256570e-02
1.402953361960032225e+03	2.232959193162036005e-01	1.413927755136201170e-01	2.678900801190406411e-01	1.683065861781515293e-01	7.900368952644903908e-02	3.369414934806425760e-02	8.641679999804803558e-02
1.407791132173687402e+03	2.227698478900157486e-01	1.410228106692599515e-01	2.682235826666106715e-01	1.685469141671882831e-01	7.910145195048619293e-02	3.376502581298439915e-02	8.657036684303195950e-02
1.412628902387342805e+03	2.222467972155622029e-01	1.406550650540387970e-01	2.685553092882462800e-01	1.687856516684744512e-01	7.919871797712116357e-02	3.383552872818940821e-02	8.672293006794487558e-02
1.417466672600997981e+03	2.217267531631497146e-01	1.402895225398211876e-01	2.688852673754104083e-01	1.690228115513515150e-01	7.929548948197109870e-02	3.390566005308115471e-02	8.687449583479210646e-02
1.422304442814653157e+03	2.212097014744524859e-01	1.399261672790265143e-01	2.692134643570464059e-01	1.692584064835856716e-01	7.939176833924412036e-02	3.397542173352049999e-02	8.702507033270147352e-02
1.427142213028308333e+03	2.206956277757947393e-01	1.395649836919309605e-01	2.695399076956548345e-01	1.694924489394256384e-01	7.948755642208932271e-02	3.404481570205598190e-02	8.717465977262572885e-02
1.431979983241963964e+03	2.201845175906134988e-01	1.392059564546997419e-01	2.698646048836153000e-01	1.697249512071806465e-01	7.958285560290138949e-02	3.411384387814388880e-02	8.732327038242274075e-02
1.436817753455619140e+03	2.196763563511496820e-01	1.388490704881068238e-01	2.701875634397374881e-01	1.699559253963502659e-01	7.967766775358380016e-02	3.418250816836027745e-02	8.747090840228881337e-02
1.441655523669274316e+03	2.191711294094141338e-01	1.384943109469015110e-01	2.705087909060265861e-01	1.701853834443342595e-01	7.977199474577389982e-02	3.425081046660528178e-02	8.761758008052156210e-02
1.446493293882929493e+03	2.186688220474711786e-01	1.381416632097829666e-01	2.708282948446493754e-01	1.704133371227498084e-01	7.986583845103308044e-02	3.431875265430013588e-02	8.776329166959068173e-02
1.451331064096585123e+03	2.181694194870806569e-01	1.377911128699478016e-01	2.711460828350884533e-01	1.706397980433817241e-01	7.995920074100520969e-02	3.438633660057736213e-02	8.790804942249608178e-02
1.456168834310240300e+03	2.176729068987363624e-01	1.374426457261759549e-01	2.714621624714718129e-01	1.708647776637884919e-01	8.005208348754572212e-02	3.445356416246433268e-02	8.805185958939455715e-02
1.461006604523895703e+03	2.171792694101370158e-01	1.370962477744235852e-01	2.717765413600676250e-01	1.710882872925870712e-01	8.014448856282414824e-02	3.452043718506073167e-02	8.819472841447699440e-02
1.465844374737550879e+03	2.166884921141234432e-01	1.367519051998928592e-01	2.720892271169323418e-01	1.713103380944364096e-01	8.023641783940242689e-02	3.458695750171005695e-02	8.833666213307962700e-02
1.470682144951206283e+03	2.162005600761137125e-01	1.364096043695504357e-01	2.724002273657035178e-01	1.715309410947391255e-01	8.032787319029101314e-02	3.465312693416557066e-02	8.847766696901375461e-02
1.475519915164861459e+03	2.157154583410664239e-01	1.360693318250681960e-01	2.727095497355275788e-01	1.717501071840797089e-01	8.041885648898497441e-02	3.471894729275090685e-02	8.861774913209935489e-02
1.480357685378516862e+03	2.152331719399998844e-01	1.357310742761612399e-01	2.730172018591141558e-01	1.719678471224154737e-01	8.050936960948174015e-02	3.478442037651562763e-02	8.875691481588904308e-02
1.485195455592172038e+03	2.147536858960940320e-01	1.353948185943000537e-01	2.733231913709085470e-01	1.721841715430363351e-01	8.059941442628240638e-02	3.484954797338601223e-02	8.889517019556976429e-02
1.490033225805827215e+03	2.142769852303997580e-01	1.350605518067739819e-01	2.736275259053757569e-01	1.723990909563082319e-01	8.068899281437803828e-02	3.491433186031116936e-02	8.903252142603021446e-02
1.494870996019482618e+03	2.138030549671791902e-01	1.347282610910861822e-01	2.739302130953877312e-01	1.726126157532135996e-01	8.077810664922248363e-02	3.497877380340489589e-02	8.916897464008304020e-02
1.499708766233137567e+03	2.133318801388989772e-01	1.343979337696600274e-01	2.742312605707085127e-01	1.728247562087018574e-01	8.086675780669308478e-02	3.504287555808331678e-02	8.930453594683140928e-02
1.504546536446793198e+03	2.128634457908970823e-01	1.340695573048384381e-01	2.745306759565704913e-01	1.730355224848620088e-01	8.095494816304039942e-02	3.510663886919852816e-02	8.943921143017027897e-02
1.509384306660448374e+03	2.123977369857430741e-01	1.337431192941594960e-01	2.748284668723361412e-01	1.732449246339284044e-01	8.104267959482829020e-02	3.517006547116849347e-02	8.957300714741329994e-02
1.514222076874103550e+03	2.119347388073098137e-01	1.334186074658914034e-01	2.751246409302401941e-01	1.734529726011304063e-01	8.112995397886516025e-02	3.523315708810331737e-02	8.970592912803687646e-02
1.519059847087758726e+03	2.114744363645740255e-01	1.330960096748119437e-01	2.754192057342065847e-01	1.736596762273953376e-01	8.121677319212759760e-02	3.529591543392804343e-02	8.983798337253363908e-02
1.523897617301414357e+03	2.110168147951618223e-01	1.327753138982179504e-01	2.757121688787361746e-01	1.738650452519143463e-01	8.130313911167709462e-02	3.535834221250212100e-02	8.996917585136772477e-02
1.528735387515069533e+03	2.105618592686548385e-01	1.324565082321509379e-01	2.760035379478604223e-01	1.740690893145794005e-01	8.138905361457074439e-02	3.542043911773574971e-02	9.009951250402513379e-02
1.533573157728724709e+03	2.101095549896708492e-01	1.321395808878269573e-01	2.762933205141573367e-01	1.742718179582995464e-01	8.147451857776678852e-02	3.548220783370314296e-02	9.022899923815257128e-02
1.538410927942380113e+03	2.096598872007327252e-01	1.318245201882577433e-01	2.765815241378253853e-01	1.744732406312040074e-01	8.155953587802541871e-02	3.554365003475292578e-02	9.035764192877898671e-02
1.543248698156035516e+03	2.092128411849384084e-01	1.315113145650524396e-01	2.768681563658119682e-01	1.746733666887390068e-01	8.164410739180580356e-02	3.560476738561570847e-02	9.048544641761380181e-02
1.548086468369690692e+03	2.087684022684437313e-01	1.311999525553894375e-01	2.771532247309935193e-01	1.748722053956648093e-01	8.172823499515967371e-02	3.566556154150898189e-02	9.061241851241701173e-02
1.552924238583346096e+03	2.083265558227694325e-01	1.308904227991478098e-01	2.774367367514031790e-01	1.750697659279591700e-01	8.181192056362215914e-02	3.572603414823950080e-02	9.073856398643587173e-02
1.557762008797001272e+03	2.078872872669430272e-01	1.305827140361895122e-01	2.777186999295043202e-01	1.752660573746332162e-01	8.189516597210021176e-02	3.578618684230309294e-02	9.086388857790379803e-02
1.562599779010656675e+03	2.074505820694852731e-01	1.302768151037832223e-01	2.779991217515059287e-01	1.754610887394643937e-01	8.197797309475921002e-02	3.584602125098221292e-02	9.098839798959698633e-02
1.567437549224311852e+03	2.070164257502510041e-01	1.299727149341614874e-01	2.782780096867181197e-01	1.756548689426523091e-01	8.206034380490813407e-02	3.590553899244112307e-02	9.111209788844507051e-02
1.572275319437967255e+03	2.065848038821324895e-01	1.296704025522036896e-01	2.785553711869454552e-01	1.758474068224014641e-01	8.214227997488356137e-02	3.596474167581892312e-02	9.123499390519167196e-02
1.577113089651622431e+03	2.061557020926342298e-01	1.293698670732370826e-01	2.788312136859151247e-01	1.760387111364357937e-01	8.222378347593295445e-02	3.602363090132043588e-02	9.135709163410160594e-02
1.581950859865277607e+03	2.057291060653268777e-01	1.290710977009492944e-01	2.791055445987384309e-01	1.762287905634486729e-01	8.230485617809737975e-02	3.608220826030509448e-02	9.147839663271144228e-02
1.586788630078933011e+03	2.053050015411871654e-01	1.287740837254056359e-01	2.793783713214033626e-01	1.764176537044927218e-01	8.238549995009429583e-02	3.614047533537379647e-02	9.159891442162020059e-02
1.591626400292587959e+03	2.048833743198313073e-01	1.284788145211651078e-01	2.796497012302967544e-01	1.766053090843123785e-01	8.246571665920018890e-02	3.619843370045394693e-02	9.171865048431754319e-02
1.596464170506243590e+03	2.044642102606480660e-01	1.281852795454895277e-01	2.799195416817537030e-01	1.767917651526231260e-01	8.254550817113363859e-02	3.625608492088257945e-02	9.183761026704663488e-02
1.601301940719898766e+03	2.040474952838376155e-01	1.278934683366400316e-01	2.801879000116334062e-01	1.769770302853402866e-01	8.262487634993885555e-02	3.631343055348779103e-02	9.195579917869926845e-02
1.606139710933553943e+03	2.036332153713619753e-01	1.276033705122562867e-01	2.804547835349194274e-01	1.771611127857603274e-01	8.270382305786999622e-02	3.637047214666839362e-02	9.207322259074088300e-02
1.610977481147209119e+03	2.032213565678124834e-01	1.273149757678130878e-01	2.807201995453427190e-01	1.773440208856975064e-01	8.278235015527626861e-02	3.642721124047196973e-02	9.218988583716325458e-02
1.615815251360864750e+03	2.028119049811990815e-01	1.270282738751504770e-01	2.809841553150269622e-01	1.775257627465782750e-01	8.286045950048810671e-02	3.648364936667133213e-02	9.230579421446299948e-02
1.620653021574519926e+03	2.024048467836668252e-01	1.267432546810726146e-01	2.812466580941539451e-01	1.777063464604962117e-01	8.293815294970452445e-02	3.653978804883937365e-02	9.242095298164379469e-02
1.625490791788175102e+03	2.020001682121432829e-01	1.264599081060115426e-01	2.815077151106485931e-01	1.778857800512291532e-01	8.301543235688166322e-02	3.659562880242248767e-02	9.253536736024063625e-02
1.630328562001830505e+03	2.015978555689217633e-01	1.261782241427523432e-01	2.817673335698822057e-01	1.780640714752212139e-01	8.309229957362285202e-02	3.665117313481248973e-02	9.264904253436448411e-02
1.635166332215485909e+03	2.011978952221839534e-01	1.258981928552158069e-01	2.820255206543931803e-01	1.782412286225314446e-01	8.316875644907005538e-02	3.670642254541718608e-02	9.276198365076571140e-02
1.640004102429141085e+03	2.008002736064657678e-01	1.256198043772956408e-01	2.822822835236235561e-01	1.784172593177509036e-01	8.324480482979691731e-02	3.676137852572953363e-02	9.287419581891499798e-02
1.644841872642796488e+03	2.004049772230700743e-01	1.253430489117466073e-01	2.825376293136716011e-01	1.785921713208899475e-01	8.332044655970342883e-02	3.681604255939547460e-02	9.298568411110023912e-02
1.649679642856451665e+03	2.000119926404293758e-01	1.250679167291212646e-01	2.827915651370583316e-01	1.787659723282373769e-01	8.339568347991231645e-02	3.687041612228054988e-02	9.309645356253812287e-02
1.654517413070107068e+03	1.996213064944217241e-01	1.247943981667520158e-01	2.830440980825086328e-01	1.789386699731931596e-01	8.347051742866715141e-02	3.692450068253519402e-02	9.320650917149954362e-02
1.659355183283762244e+03	1.992329054886427808e-01	1.245224836277761815e-01	2.832952352147444230e-01	1.791102718270756178e-01	8.354495024123224922e-02	3.697829770065885063e-02	9.331585589944732528e-02
1.664192953497417420e+03	1.988467763946366318e-01	1.242521635802015384e-01	2.835449835742911984e-01	1.792807853999051626e-01	8.361898374979445658e-02	3.703180862956294978e-02	9.342449867118550466e-02
1.669030723711072824e+03	1.984629060520882726e-01	1.239834285560099669e-01	2.837933501772956224e-01	1.794502181411649633e-01	8.369261978336675623e-02	3.708503491463265717e-02	9.353244237501924518e-02
1.673868493924728000e+03	1.980812813689795948e-01	1.237162691502971534e-01	2.840403420153543856e-01	1.796185774405407998e-01	8.376586016769373144e-02	3.713797799378761033e-02	9.363969186292421532e-02
1.678706264138383403e+03	1.977018893217118989e-01	1.234506760204462511e-01	2.842859660553538337e-01	1.797858706286400432e-01	8.383870672515904288e-02	3.719063929754151676e-02	9.374625195072495976e-02
1.683544034352038352e+03	1.973247169551964331e-01	1.231866398853335431e-01	2.845302292393192545e-01	1.799521049776916792e-01	8.391116127469472330e-02	3.724302024906072511e-02	9.385212741828119487e-02
1.688381804565693983e+03	1.969497513829155666e-01	1.229241515245644012e-01	2.847731384842739355e-01	1.801172877022279295e-01	8.398322563169247079e-02	3.729512226422174170e-02	9.395732300968151485e-02
1.693219574779349159e+03	1.965769797869558744e-01	1.226632017777377626e-01	2.850147006821069917e-01	1.802814259597485813e-01	8.405490160791682930e-02	3.734694675166781719e-02	9.406184343344370369e-02
1.698057344993004335e+03	1.962063894180154366e-01	1.224037815437375304e-01	2.852549226994500198e-01	1.804445268513686362e-01	8.412619101142039535e-02	3.739849511286449935e-02	9.416569336272107016e-02
1.702895115206659511e+03	1.958379675953868526e-01	1.221458817800494118e-01	2.854938113775617459e-01	1.806065974224502768e-01	8.419709564646081501e-02	3.744976874215428381e-02	9.426887743551422283e-02
1.707732885420315142e+03	1.954717017069174112e-01	1.218894935021018061e-01	2.857313735322204451e-01	1.807676446632199285e-01	8.426761731341989026e-02	3.750076902681032109e-02	9.437140025488777173e-02
1.712570655633970318e+03	1.951075792089482230e-01	1.216346077826294253e-01	2.859676159536239104e-01	1.809276755093710276e-01	8.433775780872444783e-02	3.755149734708925630e-02	9.447326638919140152e-02
1.717408425847625494e+03	1.947455876262332297e-01	1.213812157510581607e-01	2.862025454062961383e-01	1.810866968426530499e-01	8.440751892476924811e-02	3.760195507628318057e-02	9.457448037228477489e-02
1.722246196061280898e+03	1.943857145518399776e-01	1.211293085929105312e-01	2.864361686290008979e-01	1.812447154914477998e-01	8.447690244984172592e-02	3.765214358077072221e-02	9.467504670376614140e-02
1.727083966274936301e+03	1.940279476470330167e-01	1.208788775492299072e-01	2.866684923346621838e-01	1.814017382313330429e-01	8.454591016804863246e-02	3.770206422006732588e-02	9.477496984920372181e-02
1.731921736488591478e+03	1.936722746411410900e-01	1.206299139160231931e-01	2.868995232102897197e-01	1.815577717856345363e-01	8.461454385924457866e-02	3.775171834687474082e-02	9.487425424036996513e-02
1.736759506702246881e+03	1.933186833314093078e-01	1.203824090437203703e-01	2.871292679169114015e-01	1.817128228259665412e-01	8.468280529896235476e-02	3.780110730712966244e-02	9.497290427547813718e-02
1.741597276915902057e+03	1.929671615828374986e-01	1.201363543366503889e-01	2.873577330895106807e-01	1.818668979727616763e-01	8.475069625834519282e-02	3.785023244005163851e-02	9.507092431942081034e-02
1.746435047129557461e+03	1.926176973280051830e-01	1.198917412525322829e-01	2.875849253369691105e-01	1.820200037957901973e-01	8.481821850408069463e-02	3.789909507819025358e-02	9.516831870401012972e-02
1.751272817343212637e+03	1.922702785668847780e-01	1.196485613019808575e-01	2.878108512420148868e-01	1.821721468146695333e-01	8.488537379833675789e-02	3.794769654747155718e-02	9.526509172821945315e-02
1.756110587556867813e+03	1.919248933666432566e-01	1.194068060480261567e-01	2.880355173611752750e-01	1.823233334993641652e-01	8.495216389869901519e-02	3.799603816724372168e-02	9.536124765842618478e-02
1.760948357770523216e+03	1.915815298614333695e-01	1.191664671056457819e-01	2.882589302247344221e-01	1.824735702706764828e-01	8.501859055811024357e-02	3.804412125032209657e-02	9.545679072865541348e-02
1.765786127984178393e+03	1.912401762521751258e-01	1.189275361413097559e-01	2.884810963366951087e-01	1.826228635007285661e-01	8.508465552481137006e-02	3.809194710303352716e-02	9.555172514082437007e-02
1.770623898197833569e+03	1.909008208063284473e-01	1.186900048725368639e-01	2.887020221747452209e-01	1.827712195134359174e-01	8.515036054228417028e-02	3.813951702526000020e-02	9.564605506498721765e-02
1.775461668411488745e+03	1.905634518576570791e-01	1.184538650674621801e-01	2.889217141902283292e-01	1.829186445849727283e-01	8.521570734919568790e-02	3.818683231048167204e-02	9.573978463958016105e-02
1.780299438625144376e+03	1.902280578059851179e-01	1.182191085444151135e-01	2.891401788081179314e-01	1.830651449442294576e-01	8.528069767934430556e-02	3.823389424581922352e-02	9.583291797166670900e-02
1.785137208838799552e+03	1.898946271169461297e-01	1.179857271715074041e-01	2.893574224269958028e-01	1.832107267732629163e-01	8.534533326160734235e-02	3.828070411207561835e-02	9.592545913718268646e-02
1.789974979052454728e+03	1.895631483217258828e-01	1.177537128662305421e-01	2.895734514190336228e-01	1.833553962077390520e-01	8.540961581989035822e-02	3.832726318377727842e-02	9.601741218118121923e-02
1.794812749266109904e+03	1.892336100167988089e-01	1.175230575950622636e-01	2.897882721299786524e-01	1.834991593373685170e-01	8.547354707307790178e-02	3.837357272921458617e-02	9.610878111807717727e-02
1.799650519479765535e+03	1.889060008636589405e-01	1.172937533730815107e-01	2.900018908791426320e-01	1.836420222063358532e-01	8.553712873498592328e-02	3.841963401048189425e-02	9.619956993189120176e-02
1.804488289693420711e+03	1.885803095885456859e-01	1.170657922635915810e-01	2.902143139593933996e-01	1.837839908137217371e-01	8.560036251431560328e-02	3.846544828351691064e-02	9.628978257649305206e-02
1.809326059907075887e+03	1.882565249821649134e-01	1.168391663777508666e-01	2.904255476371504496e-01	1.839250711139192584e-01	8.566325011460870775e-02	3.851101679813956347e-02	9.637942297584424500e-02
1.814163830120731291e+03	1.879346358994057609e-01	1.166138678742111995e-01	2.906355981523828791e-01	1.840652690170436756e-01	8.572579323420437269e-02	3.855634079809031056e-02	9.646849502423979206e-02
1.819001600334386467e+03	1.876146312590534215e-01	1.163898889587628854e-01	2.908444717186107753e-01	1.842045903893365921e-01	8.578799356619735972e-02	3.860142152106792179e-02	9.655700258654907608e-02
1.823839370548041643e+03	1.872965000434982652e-01	1.161672218839866766e-01	2.910521745229089352e-01	1.843430410535641384e-01	8.584985279839768557e-02	3.864626019876672008e-02	9.664494949845561789e-02
1.828677140761696819e+03	1.869802312984420734e-01	1.159458589489118924e-01	2.912587127259135267e-01	1.844806267894097407e-01	8.591137261329166719e-02	3.869085805691336449e-02	9.673233956669580191e-02
1.833514910975352450e+03	1.866658141326008324e-01	1.157257924986807157e-01	2.914640924618315809e-01	1.846173533338612838e-01	8.597255468800422962e-02	3.873521631530309900e-02	9.681917656929631133e-02
1.838352681189008081e+03	1.863532377174053345e-01	1.155070149242182348e-01	2.916683198384525388e-01	1.847532263815932774e-01	8.603340069426267112e-02	3.877933618783554331e-02	9.690546425581045287e-02
1.843190451402663257e+03	1.860424912866991132e-01	1.152895186619080220e-01	2.918714009371625728e-01	1.848882515853436104e-01	8.609391229836163562e-02	3.882321888254997022e-02	9.699120634755309389e-02
1.848028221616318433e+03	1.857335641364344092e-01	1.150732961932729448e-01	2.920733418129612957e-01	1.850224345562856143e-01	8.615409116112937582e-02	3.886686560166015963e-02	9.707640653783421170e-02
1.852865991829973609e+03	1.854264456243662762e-01	1.148583400446610558e-01	2.922741484944804125e-01	1.851557808643951308e-01	8.621393893789532081e-02	3.891027754158877389e-02	9.716106849219109665e-02
1.857703762043628785e+03	1.851211251697448545e-01	1.146446427869362711e-01	2.924738269840050364e-01	1.852882960388127498e-01	8.627345727845878165e-02	3.895345589300131667e-02	9.724519584861901489e-02
1.862541532257283961e+03	1.848175922530065629e-01	1.144321970351737244e-01	2.926723832574968376e-01	1.854199855682018561e-01	8.633264782705894758e-02	3.899640184083962707e-02	9.732879221780044166e-02
1.867379302470939592e+03	1.845158364154637354e-01	1.142209954483595080e-01	2.928698232646192445e-01	1.855508549011017916e-01	8.639151222234602023e-02	3.903911656435497118e-02	9.741186118333272637e-02
1.872217072684594768e+03	1.842158472589933982e-01	1.140110307290945757e-01	2.930661529287649780e-01	1.856809094462768261e-01	8.645005209735347196e-02	3.908160123714069650e-02	9.749440630195412016e-02
1.877054842898249490e+03	1.839176144457250750e-01	1.138022956233028515e-01	2.932613781470849723e-01	1.858101545730608817e-01	8.650826907947148370e-02	3.912385702716451863e-02	9.757643110376833240e-02
1.881892613111905121e+03	1.836211276977280094e-01	1.135947829199431686e-01	2.934555047905196279e-01	1.859385956116980931e-01	8.656616479042150702e-02	3.916588509680033608e-02	9.765793909246735238e-02
1.886730383325560297e+03	1.833263767966977209e-01	1.133884854507249129e-01	2.936485387038319517e-01	1.860662378536792061e-01	8.662374084623186699e-02	3.920768660285975371e-02	9.773893374555266134e-02
1.891568153539215928e+03	1.830333515836422842e-01	1.131833960898273456e-01	2.938404857056419739e-01	1.861930865520741718e-01	8.668099885721439191e-02	3.924926269662314809e-02	9.781941851455476511e-02
1.896405923752871104e+03	1.827420419585681910e-01	1.129795077536223658e-01	2.940313515884632189e-01	1.863191469218606899e-01	8.673794042794220893e-02	3.929061452387039299e-02	9.789939682525104769e-02
1.901243693966526507e+03	1.824524378801661573e-01	1.127768134004005773e-01	2.942211421187408416e-01	1.864444241402490321e-01	8.679456715722841387e-02	3.933174322491119618e-02	9.797887207788189001e-02
1.906081464180181683e+03	1.821645293654969300e-01	1.125753060301006442e-01	2.944098630368911507e-01	1.865689233470032016e-01	8.685088063810586512e-02	3.937264993461513096e-02	9.805784764736510950e-02
1.910919234393836859e+03	1.818783064896771218e-01	1.123749786840416293e-01	2.945975200573431318e-01	1.866926496447582906e-01	8.690688245780789356e-02	3.941333578244124447e-02	9.813632688350869271e-02
1.915757004607492036e+03	1.815937593855652399e-01	1.121758244446584146e-01	2.947841188685808578e-01	1.868156080993343959e-01	8.696257419774995612e-02	3.945380189246738140e-02	9.821431311122172381e-02
1.920594774821147894e+03	1.813108782434481037e-01	1.119778364352400357e-01	2.949696651331878416e-01	1.869378037400469539e-01	8.701795743351224688e-02	3.949404938341914001e-02	9.829180963072361998e-02
1.925432545034802843e+03	1.810296533107274009e-01	1.117810078196707357e-01	2.951541644878926673e-01	1.870592415600137448e-01	8.707303373482325193e-02	3.953407936869852285e-02	9.836881971775160438e-02
1.930270315248458019e+03	1.807500748916070210e-01	1.115853318021736706e-01	2.953376225436159519e-01	1.871799265164584003e-01	8.712780466554416459e-02	3.957389295641225435e-02	9.844534662376647205e-02
1.935108085462113195e+03	1.804721333467806110e-01	1.113908016270573759e-01	2.955200448855188622e-01	1.872998635310106907e-01	8.718227178365417496e-02	3.961349124939977928e-02	9.852139357615651016e-02
1.939945855675768371e+03	1.801958190931200465e-01	1.111974105784646616e-01	2.957014370730523534e-01	1.874190574900034822e-01	8.723643664123666153e-02	3.965287534526093505e-02	9.859696377843979453e-02
1.944783625889424002e+03	1.799211226033643474e-01	1.110051519801239645e-01	2.958818046400087387e-01	1.875375132447666959e-01	8.729030078446620156e-02	3.969204633638338808e-02	9.867206041046462650e-02
1.949621396103079178e+03	1.796480344058094258e-01	1.108140191951031001e-01	2.960611530945732595e-01	1.876552356119178255e-01	8.734386575359638638e-02	3.973100530996970942e-02	9.874668662860830448e-02
1.954459166316734354e+03	1.793765450839986397e-01	1.106240056255653609e-01	2.962394879193775976e-01	1.877722293736497072e-01	8.739713308294842775e-02	3.976975334806415185e-02	9.882084556597407754e-02
1.959296936530389530e+03	1.791066452764142058e-01	1.104351047125277513e-01	2.964168145715546654e-01	1.878884992780150975e-01	8.745010430090066622e-02	3.980829152757925371e-02	9.889454033258641974e-02
1.964134706744044706e+03	1.788383256761696127e-01	1.102473099356215125e-01	2.965931384827936168e-01	1.880040500392081704e-01	8.750278092987869016e-02	3.984662092032199843e-02	9.896777401558454201e-02
1.968972476957700337e+03	1.785715770307026995e-01	1.100606148128547290e-01	2.967684650593970797e-01	1.881188863378432941e-01	8.755516448634632909e-02	3.988474259301984237e-02	9.904054967941421095e-02
