1.015931744867609581e+02	5.065612111252606464e-01	4.166438187930019410e-01	3.787832077043657569e-02	1.156013718409065576e-02	1.903632623849822042e-02	2.812692916215471864e-03	5.507492972454708889e-03
1.064309447004162337e+02	5.256889505902276882e-01	3.938451634846699689e-01	3.929437456289260056e-02	1.290209408328447591e-02	1.943606648582847998e-02	2.991492394838781137e-03	5.841858398216166759e-03
1.112687149140715235e+02	5.382431682476862544e-01	3.775104726392884413e-01	4.077468061224121670e-02	1.425461945173798692e-02	1.985165526279395951e-02	3.175367964983851193e-03	6.190035821226454876e-03
1.161064851277267991e+02	5.462249297156962502e-01	3.656790656897080938e-01	4.229904410733734132e-02	1.560792186099774041e-02	2.027723035284335895e-02	3.362524752183433576e-03	6.549283521191859997e-03
1.209442553413820747e+02	5.510274728588870907e-01	3.569857809272333204e-01	4.385325904743440917e-02	1.695544373972580551e-02	2.070872376494772155e-02	3.551715411951116442e-03	6.917604249778525928e-03
1.257820255550373645e+02	5.536208288630272145e-01	3.504800933982115674e-01	4.542729863833686738e-02	1.829286575553652761e-02	2.114331649227974008e-02	3.742073709098498943e-03	7.293523143467567360e-03
1.306197957686926259e+02	5.546803667158459739e-01	3.455001737208581170e-01	4.701405480926713204e-02	1.961741431642304717e-02	2.157905888762659541e-02	3.932998652233904088e-03	7.675932897703202466e-03
1.354575659823479441e+02	5.546762937339990707e-01	3.415852001306421970e-01	4.860846008965671178e-02	2.092738008458953219e-02	2.201460635117794690e-02	4.124073827493475453e-03	8.063985782398934779e-03
1.402953361960032339e+02	5.539359713016882569e-01	3.384143047627647949e-01	5.020687573527186226e-02	2.222178337406250856e-02	2.244903530572085401e-02	4.315011239774227923e-03	8.457018280675344252e-03
1.451331064096584669e+02	5.526873028971982516e-01	3.357640643193180452e-01	5.180666525893281443e-02	2.350014178372900400e-02	2.288171507271912972e-02	4.505612217251814614e-03	8.854498450808812732e-03
1.499708766233137851e+02	5.510889434888023297e-01	3.334789024711475314e-01	5.340589707540370490e-02	2.476230898070534356e-02	2.331221866989115210e-02	4.695740196082052835e-03	9.255989117925824544e-03
1.548086468369690749e+02	5.492513331621209360e-01	3.314504821990412187e-01	5.500313706632135174e-02	2.600836299241155239e-02	2.374026070820149312e-02	4.885301776511655203e-03	9.661122095349744879e-03
1.596464170506243647e+02	5.472513420163072073e-01	3.296033574804703159e-01	5.659730377458402351e-02	2.723852894075690784e-02	2.416565415701034045e-02	5.074233537765043475e-03	1.006958009306408407e-02
1.644841872642796261e+02	5.451424668349191816e-01	3.278849831155056793e-01	5.818756722566797990e-02	2.845312572969348544e-02	2.458828024627902897e-02	5.262492862273898675e-03	1.048108398561866522e-02
1.693219574779349159e+02	5.429619306303249404e-01	3.262587589557656709e-01	5.977327814404741202e-02	2.965252938469238944e-02	2.500806751549048551e-02	5.450051551201655527e-03	1.089538381843531238e-02
1.741597276915902057e+02	5.407356257792849119e-01	3.246991868703373307e-01	6.135391835087122825e-02	3.083714796181122667e-02	2.542497723096702814e-02	5.636891383197468325e-03	1.131225242348858975e-02
1.789974979052454671e+02	5.384815557348605619e-01	3.231884987283982769e-01	6.292906592666820675e-02	3.200740448903037494e-02	2.583899323715313848e-02	5.823001025917727558e-03	1.173148085792949206e-02
1.838352681189008138e+02	5.362122313553668862e-01	3.217143085936393643e-01	6.449837067077733577e-02	3.316372547819560618e-02	2.625011489499510034e-02	6.008373889211882958e-03	1.215287511777152045e-02
1.886730383325560467e+02	5.339363393738031371e-01	3.202679780375945473e-01	6.606153674551484833e-02	3.430653329477885427e-02	2.665835216964762555e-02	6.193006633749100105e-03	1.257625374486949499e-02
1.935108085462113081e+02	5.316599040869940396e-01	3.188434779699781396e-01	6.761831033748574860e-02	3.543624119401837802e-02	2.706372221457669855e-02	6.376898135810590840e-03	1.300144606109392316e-02
1.983485787598666263e+02	5.293870961933231367e-01	3.174365961745411746e-01	6.916847082603926056e-02	3.655325019493593092e-02	2.746624699745031997e-02	6.560048769510621637e-03	1.342829084415711298e-02
2.031863489735219162e+02	5.271207959537571597e-01	3.160443855462655716e-01	7.071182440676482273e-02	3.765794721637059916e-02	2.786595165129295004e-02	6.742459909858940920e-03	1.385663531564756273e-02
2.080241191871772060e+02	5.248629852977415577e-01	3.146647799195630979e-01	7.224819943678206791e-02	3.875070407502136799e-02	2.826286333052207417e-02	6.924133589424134351e-03	1.428633435090323825e-02
2.128618894008324673e+02	5.226150208300738287e-01	3.132963265835935207e-01	7.377744299062284627e-02	3.983187706787887777e-02	2.865701041842559638e-02	7.105072261789843746e-03	1.471724984757281918e-02
2.176996596144877287e+02	5.203778239137717421e-01	3.119380000423043198e-01	7.529941827014151323e-02	4.090180694659391325e-02	2.904842197924673020e-02	7.285278639221684331e-03	1.514925020867734229e-02
2.225374298281430470e+02	5.181520130161968440e-01	3.105890723420247634e-01	7.681400261959100972e-02	4.196081915058376410e-02	2.943712738049426500e-02	7.464755581867117858e-03	1.558220990919949138e-02
2.273752000417983652e+02	5.159379958553422796e-01	3.092490227848645468e-01	7.832108597202334932e-02	4.300922420689054504e-02	2.982315603369060930e-02	7.643506022706212343e-03	1.601600912443966462e-02
2.322129702554535982e+02	5.137360335565545055e-01	3.079174750649280035e-01	7.982056960543798541e-02	4.404731823346081515e-02	3.020653721750171314e-02	7.821532917271981425e-03	1.645053340480211873e-02
2.370507404691088880e+02	5.115462853212228156e-01	3.065941534979816918e-01	8.131236512351949774e-02	4.507538350242866476e-02	3.058729995814612329e-02	7.998839210501205652e-03	1.688567338615704419e-02
2.418885106827641494e+02	5.093688395267257363e-01	3.052788525451619606e-01	8.279639360119089853e-02	4.609368903381328569e-02	3.096547294960698415e-02	8.175427815403320253e-03	1.732132452805477604e-02
2.467262808964194392e+02	5.072037353790037617e-01	3.039714155928177064e-01	8.427258485290814449e-02	4.710249119963574871e-02	3.134108450148046648e-02	8.351301599854582883e-03	1.775738687425651788e-02
2.515640511100747290e+02	5.050509779873086913e-01	3.026717201770492971e-01	8.574087679396980022e-02	4.810203432510790772e-02	3.171416250599126685e-02	8.526463378952079536e-03	1.819376483157786675e-02
2.564018213237300188e+02	5.029105488590841500e-01	3.013796676954503817e-01	8.720121487373631852e-02	4.909255127814352720e-02	3.208473441827987965e-02	8.700915911146796938e-03	1.863036696411576876e-02
2.612395915373852517e+02	5.007824132060765265e-01	3.000951762431234293e-01	8.865355156567776562e-02	5.007426404161455236e-02	3.245282724585846212e-02	8.874661896920946202e-03	1.906710580068506425e-02
2.660773617510405415e+02	4.986665250302422248e-01	2.988181756240158582e-01	9.009784590338368315e-02	5.104738426495636361e-02	3.281846754438006580e-02	9.047703979154672962e-03	1.950389765382379292e-02
2.709151319646958882e+02	4.965628306638285028e-01	2.975486038768559993e-01	9.153406305462329084e-02	5.201211379321864225e-02	3.318168141773460145e-02	9.220044744591459826e-03	1.994066244910416147e-02
2.757529021783511780e+02	4.944712712331678639e-01	2.962864048556548280e-01	9.296217392761978171e-02	5.296864517267331485e-02	3.354249452108992030e-02	9.391686725995326140e-03	2.037732356375555193e-02
2.805906723920064678e+02	4.923917843731090982e-01	2.950315265444705681e-01	9.438215480516551348e-02	5.391716213277406022e-02	3.390093206591743985e-02	9.562632404720590104e-03	2.081380767379929081e-02
2.854284426056617008e+02	4.903243054197086725e-01	2.937839198834190091e-01	9.579398700323939198e-02	5.485784004471559033e-02	3.425701882633489653e-02	9.732884213503618237e-03	2.125004460903537340e-02
2.902662128193169337e+02	4.882687682396672502e-01	2.925435379506536870e-01	9.719765655152483308e-02	5.579084635713586066e-02	3.461077914630295016e-02	9.902444539347580316e-03	2.168596721532438029e-02
2.951039830329722804e+02	4.862251058068579601e-01	2.913103353922015804e-01	9.859315389375401806e-02	5.671634100968996756e-02	3.496223694735446641e-02	1.007131572641383269e-02	2.212151122368472694e-02
2.999417532466276270e+02	4.841932506027764038e-01	2.900842680243787552e-01	9.998047360618558810e-02	5.763447682533497096e-02	3.531141573663411359e-02	1.023950007886304837e-02	2.255661512578363906e-02
3.047795234602828600e+02	4.821731348944059969e-01	2.888652925563746088e-01	1.013596141328020062e-01	5.854539988222408342e-02	3.565833861509479924e-02	1.040699986360963183e-02	2.299122005544539799e-02
3.096172936739380930e+02	4.801646909267427987e-01	2.876533663965118448e-01	1.027305775360199264e-01	5.944924986613336904e-02	3.600302828574543368e-02	1.057381731296689990e-02	2.342526967583624317e-02
3.144550638875934396e+02	4.781678510559128625e-01	2.864484475167745070e-01	1.040933692618623285e-01	6.034616040434483131e-02	3.634550706187768265e-02	1.073995462717016250e-02	2.385871007201411514e-02
3.192928341012487294e+02	4.761825478409372203e-01	2.852504943579117769e-01	1.054479979186617872e-01	6.123625938189598827e-02	3.668579687522269261e-02	1.090541397677132623e-02	2.429148964855562184e-02
3.241306043149040192e+02	4.742087141067146128e-01	2.840594657628016106e-01	1.067944750684577809e-01	6.211966924108160842e-02	3.702391928400479426e-02	1.107019750490307285e-02	2.472355903199292479e-02
3.289683745285592522e+02	4.722462829869750189e-01	2.828753209294956883e-01	1.081328150303275115e-01	6.299650726506322851e-02	3.735989548087039619e-02	1.123430732941357695e-02	2.515487097781092529e-02
3.338061447422145420e+02	4.702951879532982216e-01	2.816980193779753394e-01	1.094630346949512084e-01	6.386688584640802524e-02	3.769374630067814924e-02	1.139774554487467048e-02	2.558538028177075388e-02
3.386439149558698318e+02	4.683553628344386821e-01	2.805275209264599945e-01	1.107851533497659080e-01	6.473091274134326611e-02	3.802549222814161078e-02	1.156051422446752013e-02	2.601504369533945080e-02
3.434816851695251216e+02	4.664267418289115841e-01	2.793637856743730885e-01	1.120991925141066742e-01	6.558869131047609380e-02	3.835515340531977374e-02	1.172261542175066784e-02	2.644381984501856936e-02
3.483194553831804114e+02	4.645092595128963997e-01	2.782067739899491965e-01	1.134051757837738761e-01	6.644032074669256605e-02	3.868274963895284441e-02	1.188405117231566659e-02	2.687166915537585535e-02
3.531572255968357013e+02	4.626028508448887799e-01	2.770564465010792454e-01	1.147031286845003190e-01	6.728589629091440150e-02	3.900830040764296375e-02	1.204482349533567836e-02	2.729855377559500113e-02
3.579949958104909342e+02	4.607074511680981921e-01	2.759127640884154187e-01	1.159930785338236653e-01	6.812550943635765910e-02	3.933182486888040646e-02	1.220493439501249555e-02	2.772443750936849985e-02
3.628327660241463377e+02	4.588229962112846949e-01	2.747756878800556857e-01	1.172750543108993238e-01	6.895924812190463993e-02	3.965334186591681215e-02	1.236438586192731802e-02	2.814928574796784697e-02
3.676705362378016275e+02	4.569494220885171876e-01	2.736451792473338918e-01	1.185490865338147681e-01	6.978719691516831192e-02	3.997286993448739834e-02	1.252317987430051106e-02	2.857306540633415548e-02
3.725083064514568036e+02	4.550866652981903071e-01	2.725211998013849501e-01	1.198152071439918948e-01	7.060943718579859585e-02	4.029042730938464656e-02	1.268131839916536788e-02	2.899574486204047064e-02
3.773460766651120935e+02	4.532346627215323998e-01	2.714037113902545428e-01	1.210734493972868281e-01	7.142604726955087413e-02	4.060603193088602181e-02	1.283880339346071993e-02	2.941729389698477873e-02
3.821838468787673833e+02	4.513933516207683239e-01	2.702926760963946240e-01	1.223238477614181363e-01	7.223710262360945322e-02	4.091970145103852180e-02	1.299563680504701307e-02	2.983768364168006004e-02
3.870216170924226162e+02	4.495626696370490505e-01	2.691880562344315386e-01	1.235664378193748469e-01	7.304267597363291176e-02	4.123145323980289406e-02	1.315182057365024346e-02	3.025688652201462617e-02
3.918593873060780197e+02	4.477425547882278867e-01	2.680898143491294294e-01	1.248012561784747620e-01	7.384283745296317536e-02	4.154130439106037270e-02	1.330735663173795470e-02	3.067487620836249068e-02
3.966971575197332527e+02	4.459329454665368897e-01	2.669979132134948085e-01	1.260283403847614891e-01	7.463765473441695553e-02	4.184927172848489779e-02	1.346224690533123769e-02	3.109162756692973248e-02
4.015349277333884856e+02	4.441337804362016084e-01	2.659123158269842691e-01	1.272477288424455899e-01	7.542719315505576338e-02	4.215537181128359290e-02	1.361649331475653021e-02	3.150711661322860846e-02
4.063726979470438323e+02	4.423449988310205194e-01	2.648329854137884687e-01	1.284594607381113751e-01	7.621151583430957333e-02	4.245962093980844981e-02	1.377009777534075018e-02	3.192132046757679281e-02
4.112104681606991221e+02	4.405665401519271440e-01	2.637598854211745669e-01	1.296635759694256818e-01	7.699068378580928296e-02	4.276203516104189195e-02	1.392306219805314153e-02	3.233421731252423409e-02
4.160482383743544119e+02	4.387983442645475018e-01	2.626929795178731819e-01	1.308601150780996369e-01	7.776475602326417269e-02	4.306263027395913767e-02	1.407538849009703358e-02	3.274578635211523175e-02
4.208860085880095880e+02	4.370403513967613396e-01	2.616322315925017628e-01	1.320491191868678471e-01	7.853378966070263811e-02	4.336142183476993789e-02	1.422707855545451289e-02	3.315600777289784418e-02
4.257237788016648778e+02	4.352925021362726854e-01	2.605776057520173272e-01	1.332306299402617189e-01	7.929784000737741256e-02	4.365842516204238716e-02	1.437813429538684247e-02	3.356486270659746890e-02
4.305615490153201677e+02	4.335547374281943922e-01	2.595290663201938464e-01	1.344046894489668575e-01	8.005696065762042679e-02	4.395365534171152833e-02	1.452855760889335511e-02	3.397233319437536342e-02
4.353993192289755143e+02	4.318269985726487237e-01	2.584865778361216671e-01	1.355713402375643695e-01	8.081120357591746461e-02	4.424712723197510994e-02	1.467835039313131890e-02	3.437840215259709009e-02
4.402370894426308041e+02	4.301092272223857038e-01	2.574501050527259749e-01	1.367306251954681917e-01	8.156061917745779932e-02	4.453885546807918872e-02	1.482751454379920182e-02	3.478305334003960192e-02
4.450748596562860939e+02	4.284013653804210064e-01	2.564196129353030762e-01	1.378825875308797577e-01	8.230525640440115864e-02	4.482885446699592935e-02	1.497605195548558366e-02	3.518627132646914152e-02
4.499126298699413837e+02	4.267033553976929405e-01	2.553950666600727781e-01	1.390272707275916342e-01	8.304516279809050217e-02	4.511713843199601642e-02	1.512396452198586268e-02	3.558804146252588646e-02
4.547504000835967304e+02	4.250151399707397526e-01	2.543764316127466452e-01	1.401647185044805621e-01	8.378038456742782636e-02	4.540372135711807228e-02	1.527125413658875393e-02	3.598834985085400812e-02
4.595881702972519065e+02	4.233366621393974127e-01	2.533636733871104108e-01	1.412949747775388010e-01	8.451096665361777782e-02	4.568861703153732912e-02	1.541792269233451494e-02	3.638718331841936382e-02
4.644259405109071963e+02	4.216678652845171626e-01	2.523567577836207665e-01	1.424180836243020554e-01	8.523695279147353032e-02	4.597183904383584513e-02	1.556397208224666838e-02	3.678452938995958876e-02
4.692637107245624861e+02	4.200086931257032141e-01	2.513556508080160290e-01	1.435340892505379828e-01	8.595838556746859815e-02	4.625340078617645040e-02	1.570940419953891637e-02	3.718037626251433775e-02
4.741014809382177759e+02	4.183590897190708757e-01	2.503603186699397409e-01	1.446430359590688552e-01	8.667530647470875205e-02	4.653331545838260835e-02	1.585422093779885119e-02	3.757471278098582779e-02
4.789392511518730657e+02	4.167189994550236642e-01	2.493707277815773449e-01	1.457449681206071934e-01	8.738775596498860043e-02	4.681159607192622585e-02	1.599842419114997846e-02	3.796752841468254563e-02
4.837770213655284124e+02	4.150883670560506222e-01	2.483868447563055415e-01	1.468399301464904660e-01	8.809577349808878077e-02	4.708825545382558375e-02	1.614201585439345790e-02	3.835881323480110766e-02
4.886147915791837022e+02	4.134671375745425648e-01	2.474086364073541378e-01	1.479279664632074387e-01	8.879939758846142062e-02	4.736330625045531706e-02	1.628499782313088881e-02	3.874855789280366725e-02
4.934525617928388783e+02	4.118552563906278108e-01	2.464360697464799688e-01	1.490091214886140325e-01	8.949866584944354830e-02	4.763676093127045680e-02	1.642737199386944472e-02	3.913675359965018696e-02
4.982903320064942250e+02	4.102526692100257333e-01	2.454691119826528378e-01	1.500834396097422974e-01	9.019361503513050049e-02	4.790863179244648357e-02	1.656914026411050386e-02	3.952339210584712020e-02
5.031281022201495148e+02	4.086593220619197941e-01	2.445077305207531970e-01	1.511509651621117944e-01	9.088428108003471229e-02	4.817893096043723150e-02	1.671030453242292393e-02	3.990846568227575386e-02
5.079658724338048046e+02	4.070751612968486755e-01	2.435518929602814020e-01	1.522117424104571515e-01	9.157069913664829530e-02	4.844767039545252313e-02	1.685086669850200877e-02	4.029196710176533025e-02
5.128036426474600376e+02	4.055001335846148414e-01	2.426015670940783464e-01	1.532658155307904113e-01	9.225290361102148062e-02	4.871486189485738083e-02	1.699082866321513854e-02	4.067388962137781505e-02
5.176414128611153274e+02	4.039341859122114187e-01	2.416567209070573929e-01	1.543132285937212911e-01	9.293092819646309177e-02	4.898051709649445251e-02	1.713019232863505908e-02	4.105422696537273930e-02
5.224791830747705035e+02	4.023772655817663968e-01	2.407173225749471290e-01	1.553540255489628819e-01	9.360480590546359225e-02	4.924464748193156660e-02	1.726895959806165268e-02	4.143297330882217411e-02
5.273169532884259070e+02	4.008293202085043139e-01	2.397833404630452803e-01	1.563882502109540384e-01	9.427456909993565948e-02	4.950726437963594295e-02	1.740713237603305416e-02	4.181012326184711803e-02
5.321547235020811968e+02	3.992902977187243185e-01	2.388547431249830599e-01	1.574159462455334002e-01	9.494024951986254623e-02	4.976837896807682210e-02	1.754471256832686524e-02	4.218567185444836720e-02
5.369924937157364866e+02	3.977601463477958843e-01	2.379314993015002322e-01	1.584371571576039528e-01	9.560187831043913398e-02	5.002800227875801864e-02	1.768170208195225801e-02	4.255961452190580585e-02
5.418302639293917764e+02	3.962388146381705112e-01	2.370135779192306669e-01	1.594519262797302050e-01	9.625948604778646056e-02	5.028614519918212650e-02	1.781810282513360266e-02	4.293194709072164356e-02
5.466680341430470662e+02	3.947262514374100251e-01	2.361009480894978585e-01	1.604602967616129416e-01	9.691310276331620288e-02	5.054281847574782632e-02	1.795391670728627154e-02	4.330266576508408349e-02
5.515058043567023560e+02	3.932224058962308644e-01	2.351935791071207427e-01	1.614623115603902592e-01	9.756275796681707080e-02	5.079803271658177993e-02	1.808914563898529962e-02	4.367176711382923099e-02
5.563435745703576458e+02	3.917272274665642984e-01	2.342914404492295322e-01	1.624580134317156477e-01	9.820848066833176571e-02	5.105179839430667305e-02	1.822379153192738716e-02	4.403924805787986368e-02
5.611813447840129356e+02	3.902406658996325217e-01	2.333945017740913785e-01	1.634474449215675140e-01	9.885029939888907713e-02	5.130412584874684268e-02	1.835785629888684461e-02	4.440510585814100297e-02
5.660191149976681118e+02	3.887626712440399590e-01	2.325027329199455539e-01	1.644306483587456569e-01	9.948824223015240165e-02	5.155502528957281450e-02	1.849134185366595878e-02	4.476933810383284390e-02
5.708568852113234016e+02	3.872931938438801680e-01	2.316161039038483471e-01	1.654076658480144735e-01	1.001223367930427627e-01	5.180450679888620735e-02	1.862425011104029346e-02	4.513194270124287755e-02
5.756946554249786914e+02	3.858321843368577309e-01	2.307345849205274246e-01	1.663785392638535976e-01	1.007526102953910652e-01	5.205258033374641352e-02	1.875658298669931334e-02	4.549291786287956024e-02
5.805324256386339812e+02	3.843795936524249668e-01	2.298581463412453785e-01	1.673433102447789977e-01	1.013790895386718210e-01	5.229925572864019961e-02	1.888834239718279601e-02	4.585226209701095956e-02
5.853701958522892710e+02	3.829353730099333553e-01	2.289867587126726278e-01	1.683020201882003963e-01	1.020018009338670845e-01	5.254454269789570614e-02	1.901953025981344136e-02	4.620997419757248009e-02
5.902079660659445608e+02	3.814994739167997251e-01	2.281203927557693412e-01	1.692547102457819530e-01	1.026207705165075590e-01	5.278845083804201838e-02	1.915014849262597699e-02	4.656605323442847971e-02
5.950457362795999643e+02	3.800718481666865989e-01	2.272590193646761292e-01	1.702014213192755143e-01	1.032360239609346475e-01	5.303098963011552980e-02	1.928019901429317909e-02	4.692049854397342679e-02
5.998835064932552541e+02	3.786524478376969705e-01	2.264026096056138415e-01	1.711421940567967870e-01	1.038475865938253001e-01	5.327216844191433320e-02	1.940968374404911795e-02	4.727330972005872045e-02
6.047212767069104302e+02	3.772412252905824603e-01	2.255511347157919400e-01	1.720770688495176504e-01	1.044554834070190452e-01	5.351199653020186769e-02	1.953860460160986370e-02	4.762448660523212890e-02
6.095590469205657200e+02	3.758381331669664038e-01	2.247045661023256147e-01	1.730060858287481296e-01	1.050597390696845074e-01	5.375048304286086931e-02	1.966696350709207577e-02	4.797402928227729318e-02
6.143968171342210098e+02	3.744431243875794846e-01	2.238628753411612549e-01	1.739292848633834931e-01	1.056603779398608972e-01	5.398763702099886735e-02	1.979476238092957655e-02	4.832193806604132003e-02
6.192345873478761860e+02	3.730561521505095235e-01	2.230260341760104403e-01	1.748467055576935214e-01	1.062574240754078220e-01	5.422346740100620482e-02	1.992200314378830828e-02	4.866821349553905607e-02
6.240723575615315895e+02	3.716771699294645348e-01	2.221940145172921766e-01	1.757583872494322130e-01	1.068509012443950440e-01	5.445798301656783191e-02	2.004868771647978429e-02	4.901285632632321893e-02
6.289101277751868793e+02	3.703061314720489383e-01	2.213667884410834008e-01	1.766643690082470852e-01	1.074408329349623853e-01	5.469119260062973997e-02	2.017481801987335011e-02	4.935586752310986564e-02
6.337478979888421691e+02	3.689429907980527612e-01	2.205443281880774542e-01	1.775646896343687775e-01	1.080272423646777835e-01	5.492310478732118778e-02	2.030039597480738298e-02	4.969724825264938695e-02
6.385856682024975726e+02	3.675877021977538295e-01	2.197266061625507971e-01	1.784593876575626126e-01	1.086101524894206583e-01	5.515372811383369850e-02	2.042542350199966911e-02	5.003699987683346562e-02
6.434234384161527487e+02	3.662402202302325049e-01	2.189135949313373575e-01	1.793485013363249614e-01	1.091895860118159423e-01	5.538307102225784040e-02	2.054990252195710437e-02	5.037512394602897126e-02
6.482612086298080385e+02	3.649004997216996338e-01	2.181052672228108724e-01	1.802320686573079533e-01	1.097655653892425226e-01	5.561114186137864485e-02	2.067383495488490236e-02	5.071162219263015275e-02
6.530989788434633283e+02	3.635684957638358195e-01	2.173015959258750018e-01	1.811101273349574603e-01	1.103381128414393786e-01	5.583794888843077869e-02	2.079722272059544852e-02	5.104649652482078082e-02
6.579367490571185044e+02	3.622441637121442404e-01	2.165025540889609357e-01	1.819827148113494775e-01	1.109072503577304136e-01	5.606350027081420662e-02	2.092006773841694270e-02	5.137974902053841358e-02
6.627745192707737942e+02	3.609274591843151248e-01	2.157081149190324953e-01	1.828498682562116617e-01	1.114729997038887838e-01	5.628780408777140504e-02	2.104237192710198268e-02	5.171138192163318714e-02
6.676122894844290840e+02	3.596183380586019385e-01	2.149182517805990622e-01	1.837116245671170378e-01	1.120353824286597216e-01	5.651086833202687704e-02	2.116413720473618240e-02	5.204139762821385212e-02
6.724500596980843738e+02	3.583167564722100629e-01	2.141329381947353616e-01	1.845680203698377431e-01	1.125944198699602994e-01	5.673270091138993970e-02	2.128536548864695677e-02	5.236979869317424929e-02
6.772878299117396637e+02	3.570226708196970189e-01	2.133521478381091019e-01	1.854190920188474867e-01	1.131501331607733807e-01	5.695330965032151249e-02	2.140605869531258046e-02	5.269658781689347260e-02
6.821256001253949535e+02	3.557360377513844041e-01	2.125758545420153023e-01	1.862648755979619264e-01	1.137025432347519432e-01	5.717270229146583643e-02	2.152621874027159724e-02	5.302176784210347465e-02
6.869633703390502433e+02	3.544568141717812093e-01	2.118040322914181428e-01	1.871054069211069981e-01	1.142516708315495094e-01	5.739088649714785273e-02	2.164584753803268369e-02	5.334534174891802927e-02
6.918011405527055331e+02	3.531849572380187374e-01	2.110366552239996973e-01	1.879407215332055681e-01	1.147975365018911315e-01	5.760786985083703876e-02	2.176494700198506119e-02	5.366731265001718071e-02
6.966389107663608229e+02	3.519204243582967906e-01	2.102736976292155502e-01	1.887708547111733859e-01	1.153401606123988787e-01	5.782365985857848556e-02	2.188351904430951497e-02	5.398768378598176043e-02
7.014766809800161127e+02	3.506631731903409599e-01	2.095151339473576846e-01	1.895958414650162627e-01	1.158795633501849137e-01	5.803826395039199393e-02	2.200156557589008632e-02	5.430645852077244096e-02
7.063144511936714025e+02	3.494131616398710172e-01	2.087609387686237272e-01	1.904157165390201190e-01	1.164157647272245910e-01	5.825168948163984839e-02	2.211908850622652800e-02	5.462364033734844193e-02
7.111522214073266923e+02	3.481703478590802980e-01	2.080110868321933260e-01	1.912305144130269918e-01	1.169487845845212648e-01	5.846394373436402531e-02	2.223608974334753338e-02	5.493923283342082298e-02
7.159899916209819821e+02	3.469346902451258541e-01	2.072655530253109391e-01	1.920402693037892572e-01	1.174786425960740593e-01	5.867503391859354989e-02	2.235257119372486764e-02	5.525323971733575590e-02
7.208277618346371582e+02	3.457061474386292077e-01	2.065243123823755078e-01	1.928450151663963774e-01	1.180053582726588723e-01	5.888496717362268901e-02	2.246853476218836979e-02	5.556566480408323822e-02
7.256655320482924481e+02	3.444846783221880981e-01	2.057873400840364020e-01	1.936447856957673186e-01	1.185289509654328943e-01	5.909375056926058356e-02	2.258398235184190528e-02	5.587651201142701529e-02
7.305033022619478515e+02	3.432702420188984971e-01	2.050546114562959155e-01	1.944396143282030864e-01	1.190494398693717759e-01	5.930139110705308358e-02	2.269891586398034566e-02	5.618578535615145753e-02
7.353410724756030277e+02	3.420627978908867828e-01	2.043261019696185066e-01	1.952295342429940794e-01	1.195668440265485050e-01	5.950789572147728579e-02	2.281333719800752655e-02	5.649348895042150681e-02
7.401788426892584312e+02	3.408623055378526279e-01	2.036017872380457283e-01	1.960145783640767914e-01	1.200811823292623620e-01	5.971327128110955063e-02	2.292724825135529845e-02	5.679962699825184119e-02
7.450166129029136073e+02	3.396687247956218236e-01	2.028816430183180142e-01	1.967947793617355057e-01	1.205924735230260170e-01	5.991752458976751239e-02	2.304065091940363588e-02	5.710420379208162867e-02
7.498543831165690108e+02	3.384820157347093184e-01	2.021656452090025702e-01	1.975701696543440689e-01	1.211007362094181916e-01	6.012066238762666520e-02	2.315354709540189126e-02	5.740722370945132436e-02
7.546921533302243006e+02	3.373021386588924142e-01	2.014537698496270401e-01	1.983407814101437738e-01	1.216059888488092294e-01	6.032269135231218410e-02	2.326593867039116956e-02	5.770869120977813876e-02
7.595299235438793630e+02	3.361290541037933455e-01	2.007459931198197489e-01	1.991066465490534121e-01	1.221082497629660396e-01	6.052361809996648773e-02	2.337782753312782694e-02	5.800861083122699213e-02
7.643676937575347665e+02	3.349627228354722375e-01	2.000422913384557189e-01	1.998677967445076087e-01	1.226075371375431461e-01	6.072344918629316024e-02	2.348921557000820115e-02	5.830698718767372835e-02
7.692054639711900563e+02	3.338031058490293912e-01	1.993426409628086815e-01	2.006242634253201929e-01	1.231038690244656841e-01	6.092219110757766259e-02	2.360010466499447637e-02	5.860382496575772954e-02
7.740432341848452324e+02	3.326501643672172825e-01	1.986470185877089734e-01	2.013760777775693012e-01	1.235972633442100899e-01	6.111985030168551325e-02	2.371049669954174502e-02	5.889912892202088524e-02
7.788810043985006359e+02	3.315038598390622759e-01	1.979554009447075102e-01	2.021232707465009937e-01	1.240877378879879922e-01	6.131643314903836156e-02	2.382039355252632551e-02	5.919290388013034171e-02
7.837187746121558121e+02	3.303641539384954973e-01	1.972677649012451739e-01	2.028658730384488296e-01	1.245753103198383449e-01	6.151194597356846039e-02	2.392979710017523881e-02	5.948515472818217964e-02
7.885565448258112156e+02	3.292310085629933103e-01	1.965840874598283050e-01	2.036039151227666544e-01	1.250599981786327253e-01	6.170639504365210692e-02	2.403870921599693400e-02	5.977588641608359843e-02
7.933943150394665054e+02	3.281043858322268414e-01	1.959043457572096913e-01	2.043374272337720454e-01	1.255418188799983792e-01	6.189978657302244031e-02	2.414713177071323852e-02	6.006510395301103283e-02
7.982320852531219089e+02	3.269842480867206636e-01	1.952285170635751632e-01	2.050664393726980561e-01	1.260207897181632175e-01	6.209212672166217195e-02	2.425506663219252276e-02	6.035281240494187044e-02
8.030698554667769713e+02	3.258705578865208063e-01	1.945565787817359060e-01	2.057909813096515661e-01	1.264969278677270936e-01	6.228342159667658862e-02	2.436251566538410324e-02	6.063901689225754954e-02
8.079076256804323748e+02	3.247632780098717031e-01	1.938885084463262132e-01	2.065110825855755727e-01	1.269702503853631093e-01	6.247367725314743880e-02	2.446948073225387391e-02	6.092372258741568514e-02
8.127453958940876646e+02	3.236623714519016315e-01	1.932242837230067345e-01	2.072267725142140915e-01	1.274407742114528064e-01	6.266289969496796619e-02	2.457596369172114492e-02	6.120693471268918995e-02
8.175831661077428407e+02	3.225678014233178681e-01	1.925638824076729705e-01	2.079380801840775839e-01	1.279085161716582708e-01	6.285109487565969377e-02	2.468196639959673380e-02	6.148865853797040593e-02
8.224209363213982442e+02	3.214795313491097262e-01	1.919072824256695675e-01	2.086450344604075802e-01	1.283734929784350887e-01	6.303826869917122933e-02	2.478749070852226052e-02	6.176889937863808133e-02
8.272587065350534203e+02	3.203975248672607523e-01	1.912544618310094702e-01	2.093476639871387213e-01	1.288357212324886814e-01	6.322442702065965425e-02	2.489253846791064997e-02	6.204766259348553498e-02
8.320964767487085965e+02	3.193217458274694720e-01	1.906053988055987636e-01	2.100459971888573030e-01	1.292952174241774610e-01	6.340957564725473172e-02	2.499711152388784871e-02	6.232495358270793290e-02
8.369342469623640000e+02	3.182521582898784618e-01	1.899600716584662341e-01	2.107400622727543527e-01	1.297519979348651098e-01	6.359372033880647535e-02	2.510121171923575603e-02	6.260077778594708153e-02
8.417720171760191761e+02	3.171887265238123033e-01	1.893184588249986755e-01	2.114298872305726273e-01	1.302060790382250921e-01	6.377686680861643920e-02	2.520484089333631730e-02	6.287514068039196102e-02
8.466097873896745796e+02	3.161314150065235307e-01	1.886805388661808580e-01	2.121154998405462844e-01	1.306574769014995363e-01	6.395902072415297901e-02	2.530800088211684201e-02	6.314804777893334720e-02
8.514475576033297557e+02	3.150801884219467941e-01	1.880462904678409930e-01	2.127969276693321699e-01	1.311062075867149845e-01	6.414018770775101186e-02	2.541069351799645978e-02	6.341950462837095404e-02
8.562853278169851592e+02	3.140350116594618490e-01	1.874156924399008328e-01	2.134741980739315037e-01	1.315522870518573695e-01	6.432037333729656581e-02	2.551292062983377337e-02	6.368951680767148682e-02
8.611230980306403353e+02	3.129958498126639843e-01	1.867887237156310165e-01	2.141473382036019613e-01	1.319957311520080223e-01	6.449958314689643868e-02	2.561468404287564268e-02	6.395808992627627365e-02
8.659608682442956251e+02	3.119626681781431654e-01	1.861653633509114392e-01	2.148163750017582918e-01	1.324365556404430988e-01	6.467782262753335454e-02	2.571598557870712759e-02	6.422522962245687250e-02
8.707986384579510286e+02	3.109354322542707272e-01	1.855455905234962843e-01	2.154813352078616129e-01	1.328747761696978669e-01	6.485509722770695096e-02	2.581682705520256874e-02	6.449094156171733538e-02
8.756364086716062047e+02	3.099141077399943378e-01	1.849293845322839969e-01	2.161422453592962700e-01	1.333104082925981315e-01	6.503141235406095788e-02	2.591721028647778202e-02	6.475523143524188063e-02
8.804741788852616082e+02	3.088986605336406233e-01	1.843167247965922517e-01	2.167991317932337625e-01	1.337434674632600462e-01	6.520677337199673462e-02	2.601713708284336679e-02	6.501810495838648840e-02
8.853119490989170117e+02	3.078890567317259519e-01	1.837075908554375303e-01	2.174520206484833462e-01	1.341739690380602812e-01	6.538118560627367848e-02	2.611660925075910689e-02	6.527956786921332299e-02
8.901497193125721878e+02	3.068852626277744355e-01	1.831019623668195262e-01	2.181009378673285648e-01	1.346019282765777147e-01	6.555465434159674087e-02	2.621562859278947152e-02	6.553962592706677470e-02
8.949874895262273640e+02	3.058872447111442017e-01	1.824998191070100750e-01	2.187459091973494585e-01	1.350273603425083957e-01	6.572718482319120370e-02	2.631419690756016394e-02	6.579828491118971945e-02
8.998252597398827675e+02	3.048949696658608821e-01	1.819011409698469972e-01	2.193869601932301461e-01	1.354502803045549153e-01	6.589878225736527095e-02	2.641231598971575945e-02	6.605555061937924688e-02
9.046630299535379436e+02	3.039084043694587622e-01	1.813059079660324369e-01	2.200241162185510024e-01	1.358707031372915486e-01	6.606945181206053119e-02	2.650998762987837043e-02	6.631142886668042746e-02
9.095008001671932334e+02	3.029275158918297017e-01	1.807141002224357806e-01	2.206574024475657092e-01	1.362886437220064972e-01	6.623919861739073489e-02	2.660721361460733833e-02	6.656592548411716104e-02
9.143385703808486369e+02	3.019522714940791053e-01	1.801256979814011561e-01	2.212868438669624016e-01	1.367041168475219837e-01	6.640802776616903935e-02	2.670399572635997337e-02	6.681904631745917700e-02
9.191763405945038130e+02	3.009826386273893872e-01	1.795406816000593431e-01	2.219124652776089390e-01	1.371171372109938891e-01	6.657594431442401262e-02	2.680033574345326575e-02	6.707079722602403427e-02
9.240141108081592165e+02	3.000185849318908193e-01	1.789590315496441542e-01	2.225342912962819386e-01	1.375277194186913243e-01	6.674295328190472942e-02	2.689623544002661334e-02	6.732118408151326061e-02
9.288518810218145063e+02	2.990600782355397613e-01	1.783807284148135330e-01	2.231523463573797106e-01	1.379358779867575213e-01	6.690905965257508414e-02	2.699169658600551053e-02	6.757021276688165989e-02
9.336896512354697961e+02	2.981070865530038305e-01	1.778057528929746223e-01	2.237666547146183182e-01	1.383416273419530995e-01	6.707426837509776474e-02	2.708672094706621181e-02	6.781788917523887128e-02
9.385274214491247449e+02	2.971595780845543988e-01	1.772340857936134662e-01	2.243772404427114564e-01	1.387449818223817910e-01	6.723858436330790167e-02	2.718131028460133575e-02	6.806421920878234777e-02
9.433651916627801484e+02	2.962175212149661396e-01	1.766657080376289046e-01	2.249841274390332324e-01	1.391459556782004003e-01	6.740201249667678030e-02	2.727546635568641950e-02	6.830920877776081035e-02
9.482029618764355519e+02	2.952808845124232917e-01	1.761006006566709636e-01	2.255873394252645436e-01	1.395445630723132491e-01	6.756455762076578331e-02	2.736919091304737886e-02	6.855286379946744224e-02
9.530407320900908417e+02	2.943496367274335834e-01	1.755387447924831312e-01	2.261868999490222465e-01	1.399408180810518820e-01	6.772622454767079914e-02	2.746248570502888425e-02	6.879519019726205997e-02
9.578785023037459041e+02	2.934237467917483744e-01	1.749801216962491857e-01	2.267828323854718386e-01	1.403347346948407570e-01	6.788701805645745713e-02	2.755535247556363185e-02	6.903619389962130370e-02
9.627162725174014213e+02	2.925031838172901799e-01	1.744247127279440479e-01	2.273751599389227940e-01	1.407263268188497229e-01	6.804694289358705073e-02	2.764779296414248896e-02	6.927588083921622231e-02
9.675540427310568248e+02	2.915879170950865795e-01	1.738724993556888809e-01	2.279639056444075218e-01	1.411156082736337025e-01	6.820600377333374542e-02	2.773980890578551031e-02	6.951425695201657318e-02
9.723918129447120009e+02	2.906779160942111750e-01	1.733234631551101024e-01	2.285490923692430065e-01	1.415025927957603014e-01	6.836420537819311305e-02	2.783140203101380425e-02	6.975132817642100413e-02
9.772295831583674044e+02	2.897731504607312103e-01	1.727775858087027827e-01	2.291307428145758773e-01	1.418872940384257597e-01	6.852155235928208965e-02	2.792257406582224211e-02	6.998710045241253452e-02
9.820673533720223531e+02	2.888735900166615744e-01	1.722348491051978459e-01	2.297088795169106579e-01	1.422697255720600240e-01	6.867804933673080092e-02	2.801332673165299325e-02	7.022157972073851673e-02
9.869051235856777566e+02	2.879792047589260218e-01	1.716952349389334609e-01	2.302835248496211129e-01	1.426499008849211603e-01	6.883370090006617203e-02	2.810366174536985465e-02	7.045477192211463402e-02
9.917428937993331601e+02	2.870899648583240538e-01	1.711587253092302641e-01	2.308547010244451914e-01	1.430278333836796645e-01	6.898851160858775200e-02	2.819358081923339920e-02	7.068668299645215758e-02
9.965806640129884499e+02	2.862058406585050729e-01	1.706253023197706054e-01	2.314224300929629830e-01	1.434035363939931973e-01	6.914248599173576648e-02	2.828308566087691517e-02	7.091731888210785206e-02
1.001418434226643626e+03	2.853268026749488095e-01	1.700949481779819028e-01	2.319867339480587987e-01	1.437770231610722149e-01	6.929562854945160721e-02	2.837217797328307756e-02	7.114668551515601624e-02
1.006256204440298802e+03	2.844528215939516880e-01	1.695676451944235219e-01	2.325476343253661260e-01	1.441483068502365517e-01	6.944794375253107721e-02	2.846085945476142104e-02	7.137478882868200647e-02
1.011093974653954206e+03	2.835838682716202430e-01	1.690433757821777905e-01	2.331051528046968746e-01	1.445174005474637868e-01	6.959943604297035014e-02	2.854913179892653793e-02	7.160163475209677109e-02
1.015931744867609382e+03	2.827199137328703094e-01	1.685221224562448716e-01	2.336593108114540795e-01	1.448843172599293960e-01	6.975010983430496303e-02	2.863699669467701867e-02	7.182722921047172970e-02
1.020769515081264785e+03	2.818609291704325948e-01	1.680038678329412727e-01	2.342101296180287284e-01	1.452490699165392141e-01	6.989996951194192565e-02	2.872445582617510346e-02	7.205157812389349770e-02
1.025607285294920075e+03	2.810068859438646371e-01	1.674885946293022954e-01	2.347576303451806568e-01	1.456116713684545150e-01	7.004901943348508520e-02	2.881151087282703138e-02	7.227468740683808124e-02
1.030445055508575479e+03	2.801577555785688678e-01	1.669762856624880387e-01	2.353018339634034839e-01	1.459721343896098200e-01	7.019726392905410728e-02	2.889816350926412147e-02	7.249656296756383511e-02
1.035282825722230655e+03	2.793135097648165588e-01	1.664669238491933156e-01	2.358427612942741725e-01	1.463304716772240166e-01	7.034470730159685103e-02	2.898441540532449914e-02	7.271721070752280858e-02
1.040120595935886058e+03	2.784741203567780432e-01	1.659604922050613163e-01	2.363804330117867114e-01	1.466866958523049547e-01	7.049135382719569354e-02	2.907026822603551303e-02	7.293663652078996584e-02
1.044958366149541234e+03	2.776395593715590970e-01	1.654569738441005744e-01	2.369148696436707557e-01	1.470408194601474094e-01	7.063720775536765084e-02	2.915572363159680061e-02	7.315484629350992030e-02
1.049796136363196410e+03	2.768097989882429277e-01	1.649563519781059306e-01	2.374460915726948340e-01	1.473928549708253821e-01	7.078227330935854544e-02	2.924078327736400612e-02	7.337184590336054413e-02
1.054633906576851814e+03	2.759848115469384910e-01	1.644586099160831039e-01	2.379741190379545956e-01	1.477428147796782665e-01	7.092655468643142835e-02	2.932544881383314025e-02	7.358764121903318967e-02
1.059471676790506763e+03	2.751645695478343034e-01	1.639637310636764267e-01	2.384989721361461534e-01	1.480907112077914922e-01	7.107005605814921412e-02	2.940972188662554360e-02	7.380223809972903670e-02
1.064309447004162394e+03	2.743490456502585828e-01	1.634716989226008277e-01	2.390206708228245491e-01	1.484365565024717559e-01	7.121278157065184800e-02	2.949360413647349188e-02	7.401564239467108008e-02
