1.015931744867609382e+03	2.747728176608446593e-01	1.813458139559457616e-01	2.350061611552163865e-01	1.411862380101110703e-01	6.930175483979536533e-02	2.712818190696150364e-02	7.125903247069573232e-02
1.020769515081264785e+03	2.740755227929109750e-01	1.806261099847157048e-01	2.354793899021413450e-01	1.417019171877835770e-01	6.944978049018607491e-02	2.722738912696004432e-02	7.143989051487278918e-02
1.025607285294920075e+03	2.733745764560333025e-01	1.799175122989166709e-01	2.359525942955867095e-01	1.422079487410346788e-01	6.959682217652685132e-02	2.732610567137754715e-02	7.162444036009474324e-02
1.030445055508575479e+03	2.726704558539658207e-01	1.792195491001044860e-01	2.364256102342351396e-01	1.427048019823427272e-01	6.974291040363896077e-02	2.742433751717374135e-02	7.181233490810957909e-02
1.035282825722230655e+03	2.719636085738452169e-01	1.785317753463904755e-01	2.368982852608303991e-01	1.431929165813737581e-01	6.988807340000824375e-02	2.752209030915219942e-02	7.200325052797021397e-02
1.040120595935886058e+03	2.712544543354960536e-01	1.778537711817487210e-01	2.373704777911621322e-01	1.436727045085754717e-01	7.003233728666916069e-02	2.761936938270548314e-02	7.219688551321351566e-02
1.044958366149541234e+03	2.705433866380647645e-01	1.771851404577548528e-01	2.378420563937463372e-01	1.441445518505131973e-01	7.017572623411112709e-02	2.771617978502711674e-02	7.239295864035313888e-02
1.049796136363196410e+03	2.698307743099932487e-01	1.765255093423222510e-01	2.383128991168763089e-01	1.446088205054307518e-01	7.031826260803485107e-02	2.781252629489265257e-02	7.259120782202038713e-02
1.054633906576851814e+03	2.691169629679927566e-01	1.758745250103210256e-01	2.387828928599373401e-01	1.450658497669575775e-01	7.045996710472957059e-02	2.790841344110539524e-02	7.279138884852683067e-02
1.059471676790506763e+03	2.684022763903471942e-01	1.752318544112645149e-01	2.392519327860815059e-01	1.455159578033586310e-01	7.060085887678987926e-02	2.800384551969590033e-02	7.299327421203286037e-02
1.064309447004162394e+03	2.676870178095653863e-01	1.745971831095318449e-01	2.397199217735495047e-01	1.459594430392336661e-01	7.074095564984185514e-02	2.809882660995851114e-02	7.319665200788975923e-02
1.069147217217817570e+03	2.669714711291057418e-01	1.739702141928600732e-01	2.401867699031036418e-01	1.463965854461153349e-01	7.088027383090239608e-02	2.819336058940266621e-02	7.340132490808061461e-02
1.073984987431472746e+03	2.662559020686233180e-01	1.733506672450909336e-01	2.406523939792030164e-01	1.468276477479879272e-01	7.101882860895356031e-02	2.828745114769151345e-02	7.360710920202019614e-02
1.078822757645127922e+03	2.655405592419270433e-01	1.727382773793923465e-01	2.411167170827057948e-01	1.472528765473506140e-01	7.115663404827321514e-02	2.838110179963556148e-02	7.381383390028581348e-02
1.083660527858783553e+03	2.648256751715916124e-01	1.721327943283971207e-01	2.415796681530303081e-01	1.476725033770762974e-01	7.129370317502721488e-02	2.847431589730461954e-02	7.402133989714319851e-02
1.088498298072438729e+03	2.641114672439366373e-01	1.715339815879104168e-01	2.420411815978404380e-01	1.480867456829691453e-01	7.143004805759312070e-02	2.856709664131703783e-02	7.422947918800355815e-02
1.093336068286093905e+03	2.633981386078693143e-01	1.709416156110338536e-01	2.425011969284489588e-01	1.484958077416004274e-01	7.156567988105365374e-02	2.865944709136133972e-02	7.443811413820275447e-02
1.098173838499749309e+03	2.626858790208821404e-01	1.703554850497399353e-01	2.429596584192498521e-01	1.488998815176978685e-01	7.170060901626781891e-02	2.875137017600172540e-02	7.464711679973096148e-02
1.103011608713404712e+03	2.619748656453040336e-01	1.697753900411040351e-01	2.434165147896018011e-01	1.492991474650819106e-01	7.183484508389992307e-02	2.884286870181538426e-02	7.485636827276316574e-02
1.107849378927059888e+03	2.612652637977229686e-01	1.692011415355662018e-01	2.438717189066882673e-01	1.496937752748773720e-01	7.196839701376055165e-02	2.893394536190653510e-02	7.506575810904839163e-02
1.112687149140715292e+03	2.605572276543264842e-01	1.686325606647484099e-01	2.443252275079762503e-01	1.500839245744823580e-01	7.210127309978896226e-02	2.902460274383893493e-02	7.527518375440890586e-02
1.117524919354370468e+03	2.598509009147464965e-01	1.680694781464995291e-01	2.447770009419859838e-01	1.504697455805461270e-01	7.223348105098426064e-02	2.911484333702594324e-02	7.548455002778194090e-02
1.122362689568025871e+03	2.591464174268425236e-01	1.675117337249761584e-01	2.452270029261686135e-01	1.508513797089925113e-01	7.236502803857100541e-02	2.920466953961460554e-02	7.569376863440485659e-02
1.127200459781681047e+03	2.584439017747157674e-01	1.669591756436966390e-01	2.456752003207672563e-01	1.512289601449240684e-01	7.249592073966561190e-02	2.929408366489775692e-02	7.590275771090318480e-02
1.132038229995336451e+03	2.577434698321116602e-01	1.664116601496272163e-01	2.461215629176109199e-01	1.516026123750556509e-01	7.262616537769124581e-02	2.938308794728586651e-02	7.611144140018774595e-02
1.136876000208991627e+03	2.570452292832424712e-01	1.658690510264729245e-01	2.465660632428592069e-01	1.519724546851499991e-01	7.275576775977223021e-02	2.947168454786830427e-02	7.631974945420515188e-02
1.141713770422646803e+03	2.563492801129426124e-01	1.653312191554533739e-01	2.470086763727809831e-01	1.523385986247647039e-01	7.288473331132241939e-02	2.955987555959166055e-02	7.652761686271448982e-02
1.146551540636302207e+03	2.556557150679565904e-01	1.647980421019451525e-01	2.474493797617091650e-01	1.527011494414675929e-01	7.301306710802768496e-02	2.964766301208091731e-02	7.673498350638315035e-02
1.151389310849957155e+03	2.549646200910546945e-01	1.642694037264670892e-01	2.478881530813710210e-01	1.530602064865344281e-01	7.314077390540858759e-02	2.973504887612758024e-02	7.694179383260678351e-02
1.156227081063612786e+03	2.542760747295729207e-01	1.637451938185749689e-01	2.483249780708451371e-01	1.534158635940099102e-01	7.326785816613633207e-02	2.982203506786725022e-02	7.714799655256361632e-02
1.161064851277267962e+03	2.535901525198776540e-01	1.632253077523158902e-01	2.487598383964459980e-01	1.537682094348888917e-01	7.339432408526316842e-02	2.990862345266756539e-02	7.735354435811096774e-02
1.165902621490923138e+03	2.529069213491701440e-01	1.627096461619727819e-01	2.491927195208825108e-01	1.541173278480582054e-01	7.352017561351718855e-02	2.999481584874614387e-02	7.755839365722320966e-02
1.170740391704578315e+03	2.522264437959623185e-01	1.621981146369030069e-01	2.496236085810796257e-01	1.544632981495311086e-01	7.364541647880107345e-02	3.008061403053677654e-02	7.776250432675627100e-02
1.175578161918233945e+03	2.515487774504759910e-01	1.616906234343468973e-01	2.500524942740929846e-01	1.548061954214058622e-01	7.377005020602443730e-02	3.016601973182087698e-02	7.796583948140309306e-02
1.180415932131889122e+03	2.508739752161457948e-01	1.611870872091470397e-01	2.504793667505830213e-01	1.551460907818840718e-01	7.389408013539060238e-02	3.025103464864014116e-02	7.816836525777949574e-02
1.185253702345544298e+03	2.502020855933361210e-01	1.606874247593818583e-01	2.509042175153505250e-01	1.554830516375973748e-01	7.401750943924992332e-02	3.033566044200521408e-02	7.837005061264912253e-02
1.190091472559199701e+03	2.495331529463174769e-01	1.601915587869760238e-01	2.513270393344684273e-01	1.558171419194080143e-01	7.414034113762432709e-02	3.041989874041423070e-02	7.857086713436167713e-02
1.194929242772855105e+03	2.488672177544859754e-01	1.596994156724045877e-01	2.517478261485746049e-01	1.561484223027721219e-01	7.426257811249972751e-02	3.050375114219413750e-02	7.877078886663900492e-02
1.199767012986510281e+03	2.482043168487526874e-01	1.592109252626608962e-01	2.521665729919199128e-01	1.564769504136821476e-01	7.438422312097703326e-02	3.058721921767684065e-02	7.896979214390059676e-02
1.204604783200165684e+03	2.475444836339744659e-01	1.587260206717060473e-01	2.525832759167910835e-01	1.568027810211384820e-01	7.450527880736534936e-02	3.067030451122141829e-02	7.916785543737325792e-02
1.209442553413820860e+03	2.468877482982469174e-01	1.582446380926643137e-01	2.529979319229544443e-01	1.571259662170371163e-01	7.462574771429543452e-02	3.075300854309291274e-02	7.936495921127899311e-02
1.214280323627476264e+03	2.462341380098324872e-01	1.577667166210724448e-01	2.534105388917889390e-01	1.574465555843014009e-01	7.474563229292589817e-02	3.083533281120741723e-02	7.956108578844149626e-02
1.219118093841131440e+03	2.455836771024506038e-01	1.572921980885310655e-01	2.538210955247985900e-01	1.577645963540323104e-01	7.486493491230959696e-02	3.091727879275267543e-02	7.975621922469523783e-02
1.223955864054786844e+03	2.449363872496144456e-01	1.568210269061446616e-01	2.542296012862155785e-01	1.580801335523992213e-01	7.498365786798252830e-02	3.099884794569262095e-02	7.995034519152099950e-02
1.228793634268442020e+03	2.442922876286589551e-01	1.563531499171738059e-01	2.546360563494231011e-01	1.583932101379465773e-01	7.510180338983379889e-02	3.108004171016383321e-02	8.014345086636991133e-02
1.233631404482097196e+03	2.436513950750663071e-01	1.558885162583556749e-01	2.550404615469464842e-01	1.587038671299467463e-01	7.521937364931015335e-02	3.116086150977131000e-02	8.033552483017328272e-02
1.238469174695752372e+03	2.430137242276597942e-01	1.554270772293824820e-01	2.554428183237755778e-01	1.590121437283880390e-01	7.533637076600559201e-02	3.124130875279045039e-02	8.052655697156804737e-02
1.243306944909407548e+03	2.423792876652038630e-01	1.549687861700563829e-01	2.558431286937988824e-01	1.593180774261475918e-01	7.545279681368244340e-02	3.132138483328172213e-02	8.071653839739907632e-02
1.248144715123063179e+03	2.417480960349155938e-01	1.545135983446684624e-01	2.562413951991434069e-01	1.596217041138634218e-01	7.556865382576728740e-02	3.140109113212396358e-02	8.090546134908786768e-02
1.252982485336718355e+03	2.411201581733641852e-01	1.540614708331754235e-01	2.566376208722276897e-01	1.599230581779848837e-01	7.568394380036158609e-02	3.148042901797195453e-02	8.109331912448429491e-02
1.257820255550373531e+03	2.404954812202061420e-01	1.536123624287738798e-01	2.570318092003487931e-01	1.602221725924502238e-01	7.579866870480450602e-02	3.155939984814349480e-02	8.128010600484293635e-02
1.262658025764028707e+03	2.398740707251785509e-01	1.531662335414940290e-01	2.574239640926350714e-01	1.605190790044097038e-01	7.591283047982240462e-02	3.163800496944078888e-02	8.146581718658940652e-02
1.267495795977684338e+03	2.392559307487467646e-01	1.527230461074583767e-01	2.578140898492081168e-01	1.608138078143853400e-01	7.602643104329698254e-02	3.171624571891077521e-02	8.165044871756356459e-02
1.272333566191339514e+03	2.386410639567807523e-01	1.522827635034713356e-01	2.582021911324076102e-01	1.611063882512326351e-01	7.613947229368185632e-02	3.179412342454855656e-02	8.183399743744719512e-02
1.277171336404994690e+03	2.380294717096115842e-01	1.518453504666248954e-01	2.585882729399417990e-01	1.613968484422456939e-01	7.625195611309512622e-02	3.187163940594790051e-02	8.201646092210297667e-02
1.282009106618650094e+03	2.374211541457991181e-01	1.514107730186251000e-01	2.589723405798365907e-01	1.616852154787240259e-01	7.636388437011353003e-02	3.194879497490245995e-02	8.219783743156910960e-02
1.286846876832305497e+03	2.368161102609223356e-01	1.509789983945602210e-01	2.593543996470638047e-01	1.619715154772992105e-01	7.647525892229181665e-02	3.202559143596125923e-02	8.237812586147125193e-02
1.291684647045960673e+03	2.362143379816861732e-01	1.505499949758494771e-01	2.597344560017357806e-01	1.622557736372995385e-01	7.658608161842923867e-02	3.210203008694141602e-02	8.255732569762821993e-02
1.296522417259616077e+03	2.356158342356199364e-01	1.501237322271246899e-01	2.601125157487647610e-01	1.625380142944120032e-01	7.669635430060367520e-02	3.217811221940135302e-02	8.273543697364346694e-02
1.301360187473271253e+03	2.350205950166278923e-01	1.497001806368138677e-01	2.604885852188870698e-01	1.628182609708850315e-01	7.680607880599203685e-02	3.225383911907703238e-02	8.291246023128696907e-02
1.306197957686926657e+03	2.344286154466362904e-01	1.492793116612076698e-01	2.608626709509634933e-01	1.630965364224981895e-01	7.691525696849449423e-02	3.232921206628396049e-02	8.308839648348581575e-02
1.311035727900581833e+03	2.338398898335666554e-01	1.488610976718036938e-01	2.612347796754699303e-01	1.633728626825106389e-01	7.702389062017861443e-02	3.240423233628728084e-02	8.326324717975309986e-02
1.315873498114237009e+03	2.332544117258525118e-01	1.484455119057349892e-01	2.616049182990990984e-01	1.636472611027866841e-01	7.713198159255842123e-02	3.247890119964226552e-02	8.343701417389592923e-02
1.320711268327892412e+03	2.326721739637027664e-01	1.480325284191009172e-01	2.619730938903997441e-01	1.639197523922829580e-01	7.723953171772211801e-02	3.255321992250726632e-02	8.360969969385413647e-02
1.325549038541547588e+03	2.320931687273041777e-01	1.476221220430293801e-01	2.623393136663840775e-01	1.641903566530696079e-01	7.734654282932132419e-02	3.262718976693103345e-02	8.378130631353027102e-02
1.330386808755202765e+03	2.315173875821432137e-01	1.472142683423088572e-01	2.627035849800388179e-01	1.644590934140475469e-01	7.745301676343355202e-02	3.270081199111632420e-02	8.395183692648156004e-02
1.335224578968857941e+03	2.309448215216168832e-01	1.468089435764391160e-01	2.630659153086798430e-01	1.647259816625118167e-01	7.755895535930898421e-02	3.277408784966141103e-02	8.412129472135182473e-02
1.340062349182513572e+03	2.303754610070933295e-01	1.464061246629574931e-01	2.634263122430939852e-01	1.649910398737022832e-01	7.766436046001150284e-02	3.284701859378105770e-02	8.428968315893019259e-02
1.344900119396168748e+03	2.298092960055719836e-01	1.460057891429069887e-01	2.637847834774154077e-01	1.652542860384730861e-01	7.776923391296339250e-02	3.291960547150848959e-02	8.445700595073046824e-02
1.349737889609823924e+03	2.292463160250851617e-01	1.456079151483193057e-01	2.641413367996879313e-01	1.655157376892034127e-01	7.787357757040228035e-02	3.299184972787969766e-02	8.462326703899199221e-02
1.354575659823479100e+03	2.286865101479745033e-01	1.452124813715943707e-01	2.644959800830668506e-01	1.657754119240652524e-01	7.797739328975819562e-02	3.306375260510134584e-02	8.478847057800920073e-02
1.359413430037134731e+03	2.281298670621677294e-01	1.448194670366643455e-01	2.648487212776181599e-01	1.660333254297544359e-01	7.808068293395820092e-02	3.313531534270341972e-02	8.495262091670337246e-02
1.364251200250789907e+03	2.275763750905737681e-01	1.444288518718367664e-01	2.651995684026746680e-01	1.662894945027858784e-01	7.818344837166522898e-02	3.320653917767785179e-02	8.511572258235550192e-02
1.369088970464445310e+03	2.270260222187072130e-01	1.440406160842180039e-01	2.655485295397120860e-01	1.665439350694462861e-01	7.828569147745745305e-02	3.327742534460399748e-02	8.527778026542462420e-02
1.373926740678100487e+03	2.264787961206471134e-01	1.436547403356236430e-01	2.658956128257102813e-01	1.667966627044921435e-01	7.838741413195374208e-02	3.334797507576201664e-02	8.543879880538071681e-02
1.378764510891755890e+03	2.259346841834280195e-01	1.432712057198880229e-01	2.662408264469670049e-01	1.670476926486745284e-01	7.848861822189079351e-02	3.341818960123504184e-02	8.559878317748621790e-02
1.383602281105411066e+03	2.253936735299564009e-01	1.428899937414906673e-01	2.665841786333341679e-01	1.672970398251669988e-01	7.858930564015641218e-02	3.348807014900089668e-02	8.575773848046404357e-02
1.388440051319066470e+03	2.248557510405392312e-01	1.425110862954218349e-01	2.669256776528477482e-01	1.675447188549682720e-01	7.868947828578368164e-02	3.355761794501421758e-02	8.591566992499456712e-02
1.393277821532721646e+03	2.243209033731070334e-01	1.421344656482140534e-01	2.672653318067252926e-01	1.677907440713462539e-01	7.878913806390999697e-02	3.362683421327963135e-02	8.607258282298722862e-02
1.398115591746377049e+03	2.237891169822083803e-01	1.417601144200708596e-01	2.676031494247065323e-01	1.680351295333855355e-01	7.888828688570491410e-02	3.369572017591672408e-02	8.622848257757649570e-02
1.402953361960032225e+03	2.232603781368486529e-01	1.413880155680282691e-01	2.679391388607135771e-01	1.682778890386968929e-01	7.898692666826986897e-02	3.376427705321733558e-02	8.638337467379481049e-02
1.407791132173687402e+03	2.227346729372414735e-01	1.410181523700877182e-01	2.682733084888096475e-01	1.685190361353429700e-01	7.908505933451340231e-02	3.383250606369583857e-02	8.653726466987830823e-02
1.412628902387342805e+03	2.222119873305370141e-01	1.406505084102637193e-01	2.686056666994360853e-01	1.687585841330310477e-01	7.918268681300452694e-02	3.390040842413286765e-02	8.669015818916414595e-02
1.417466672600997981e+03	2.216923071255875732e-01	1.402850675644918554e-01	2.689362218959086004e-01	1.689965461136205549e-01	7.927981103780695760e-02	3.396798534961309457e-02	8.684206091254076387e-02
1.422304442814653157e+03	2.211756180068081001e-01	1.399218139873464606e-01	2.692649824911564349e-01	1.692329349409894268e-01	7.937643394829659027e-02	3.403523805355738313e-02	8.699297857141498336e-02
1.427142213028308333e+03	2.206619055471844282e-01	1.395607320995208289e-01	2.695919569046862363e-01	1.694677632703011916e-01	7.947255748896459027e-02	3.410216774774988552e-02	8.714291694116224618e-02
1.431979983241963964e+03	2.201511552204800659e-01	1.392018065760239065e-01	2.699171535597576499e-01	1.697010435567110342e-01	7.956818360920797639e-02	3.416877564236037862e-02	8.729188183502839538e-02
1.436817753455619140e+03	2.196433524126893133e-01	1.388450223350524149e-01	2.702405808807545884e-01	1.699327880635477239e-01	7.966331426310957475e-02	3.423506294596227045e-02	8.743987909845352124e-02
1.441655523669274316e+03	2.191384824327807235e-01	1.384903645274980777e-01	2.705622472907396880e-01	1.701630088700046284e-01	7.975795140920914628e-02	3.430103086554665143e-02	8.758691460379042226e-02
1.446493293882929493e+03	2.186365305227736533e-01	1.381378185270523418e-01	2.708821612091802389e-01	1.703917178783719011e-01	7.985209701026707574e-02	3.436668060653258472e-02	8.773299424539157676e-02
1.451331064096585123e+03	2.181374818671869276e-01	1.377873699208738423e-01	2.712003310498322661e-01	1.706189268208392618e-01	7.994575303302205171e-02	3.443201337277410068e-02	8.787812393504092212e-02
1.456168834310240300e+03	2.176413216018972530e-01	1.374390045007851391e-01	2.715167652187742142e-01	1.708446472658969872e-01	8.003892144794412522e-02	3.449703036656405486e-02	8.802230959770759866e-02
1.461006604523895703e+03	2.171480348224421875e-01	1.370927082549678877e-01	2.718314721125783540e-01	1.710688906243609531e-01	8.013160422898407687e-02	3.456173278863514109e-02	8.816555716760073047e-02
1.465844374737550879e+03	2.166576065918005556e-01	1.367484673601267464e-01	2.721444601166120303e-01	1.712916681550459563e-01	8.022380335332028600e-02	3.462612183815831635e-02	8.830787258450541188e-02
1.470682144951206283e+03	2.161700219476817009e-01	1.364062681740947081e-01	2.724557376034583145e-01	1.715129909701099131e-01	8.031552080110405945e-02	3.469019871273886640e-02	8.844926179038170577e-02
1.475519915164861459e+03	2.156852659093524693e-01	1.360660972288538495e-01	2.727653129314498437e-01	1.717328700400897468e-01	8.040675855520401649e-02	3.475396460841025797e-02	8.858973072620911215e-02
1.480357685378516862e+03	2.152033234840293463e-01	1.357279412239467686e-01	2.730731944433067437e-01	1.719513161986490069e-01	8.049751860095068212e-02	3.481742071962603408e-02	8.872928532906067256e-02
1.485195455592172038e+03	2.147241796728618646e-01	1.353917870202562823e-01	2.733793904648723072e-01	1.721683401470556207e-01	8.058780292588162142e-02	3.488056823924990529e-02	8.886793152939152785e-02
1.490033225805827215e+03	2.142478194765315425e-01	1.350576216341312641e-01	2.736839093039396542e-01	1.723839524584067917e-01	8.067761351948782300e-02	3.494340835854421734e-02	8.900567524852780188e-02
1.494870996019482618e+03	2.137742279004888613e-01	1.347254322318383324e-01	2.739867592491630477e-01	1.725981635816172810e-01	8.076695237296195595e-02	3.500594226715689206e-02	8.914252239634269659e-02
1.499708766233137567e+03	2.133033899598504868e-01	1.343952061243206264e-01	2.742879485690483121e-01	1.728109838451861446e-01	8.085582147894888883e-02	3.506817115310704308e-02	8.927847886910757202e-02
1.504546536446793198e+03	2.128352906839763303e-01	1.340669307622452400e-01	2.745874855110168045e-01	1.730224234607560252e-01	8.094422283129890094e-02	3.513009620276942579e-02	8.941355054750625697e-02
1.509384306660448374e+03	2.123699151207461000e-01	1.337405937313223270e-01	2.748853783005386631e-01	1.732324925264781545e-01	8.103215842482403009e-02	3.519171860085770764e-02	8.954774329480207073e-02
1.514222076874103550e+03	2.119072483405527729e-01	1.334161827478803353e-01	2.751816351403288952e-01	1.734412010301951412e-01	8.111963025505773695e-02	3.525303953040683641e-02	8.968106295514732818e-02
1.519059847087758726e+03	2.114472754400302523e-01	1.330936856546820757e-01	2.754762642096045266e-01	1.736485588524534496e-01	8.120664031801834437e-02	3.531406017275449255e-02	8.981351535202597436e-02
1.523897617301414357e+03	2.109899815455308081e-01	1.327730904169673043e-01	2.757692736633962638e-01	1.738545757693559513e-01	8.129319060997632074e-02	3.537478170752176437e-02	8.994510628682059195e-02
1.528735387515069533e+03	2.105353518163676774e-01	1.324543851187091337e-01	2.760606716319128906e-01	1.740592614552648743e-01	8.137928312722582380e-02	3.543520531259317097e-02	9.007584153749539913e-02
1.533573157728724709e+03	2.100833714478362590e-01	1.321375579590710059e-01	2.763504662199532391e-01	1.742626254853643086e-01	8.146491986586046341e-02	3.549533216409603287e-02	9.020572685738764696e-02
1.538410927942380113e+03	2.096340256740276964e-01	1.318225972490531805e-01	2.766386655063636235e-01	1.744646773380913174e-01	8.155010282155353285e-02	3.555516343637933618e-02	9.033476797410026904e-02
1.543248698156035516e+03	2.091872997704469495e-01	1.315094914083171362e-01	2.769252775435374070e-01	1.746654263974436461e-01	8.163483398934283375e-02	3.561470030199214570e-02	9.046297058848888628e-02
1.548086468369690692e+03	2.087431790564473477e-01	1.311982289621776987e-01	2.772103103569531490e-01	1.748648819551718858e-01	8.171911536342026106e-02	3.567394393166159472e-02	9.059034037373699111e-02
1.552924238583346096e+03	2.083016488974922809e-01	1.308887985387531816e-01	2.774937719447502227e-01	1.750630532128631678e-01	8.180294893692600933e-02	3.573289549427056261e-02	9.071688297451349636e-02
1.557762008797001272e+03	2.078626947072549358e-01	1.305811888662639642e-01	2.777756702773372943e-01	1.752599492839231055e-01	8.188633670174766399e-02	3.579155615683509567e-02	9.084260400620683407e-02
1.562599779010656675e+03	2.074263019495651839e-01	1.302753887704713731e-01	2.780560132970333331e-01	1.754555791954624244e-01	8.196928064832414984e-02	3.584992708448152959e-02	9.096750905423087175e-02
1.567437549224311852e+03	2.069924561402132768e-01	1.299713871722479874e-01	2.783348089177379858e-01	1.756499518900940526e-01	8.205178276545449512e-02	3.590800944042352866e-02	9.109160367339749764e-02
1.572275319437967255e+03	2.065611428486188728e-01	1.296691730852725932e-01	2.786120650246293740e-01	1.758430762276460002e-01	8.213384504011149445e-02	3.596580438593890983e-02	9.121489338735158658e-02
1.577113089651622431e+03	2.061323476993733861e-01	1.293687356138414901e-01	2.788877894738878704e-01	1.760349609867955523e-01	8.221546945726022904e-02	3.602331308034638357e-02	9.133738368806390562e-02
1.581950859865277607e+03	2.057060563736635983e-01	1.290700639507904590e-01	2.791619900924433573e-01	1.762256148666293265e-01	8.229665799968143014e-02	3.608053668098229472e-02	9.145908003537840669e-02
1.586788630078933011e+03	2.052822546105832480e-01	1.287731473755199529e-01	2.794346746777454094e-01	1.764150464881336366e-01	8.237741264779971373e-02	3.613747634317725221e-02	9.157998785660970142e-02
1.591626400292587959e+03	2.048609282083398986e-01	1.284779752521182372e-01	2.797058509975538509e-01	1.766032643956196857e-01	8.245773537951647802e-02	3.619413322023283530e-02	9.170011254618783136e-02
1.596464170506243590e+03	2.044420630253630522e-01	1.281845370275765672e-01	2.799755267897492406e-01	1.767902770580872807e-01	8.253762817004769992e-02	3.625050846339830657e-02	9.181945946534664227e-02
1.601301940719898766e+03	2.040256449813196982e-01	1.278928222300909079e-01	2.802437097621608419e-01	1.769760928705306491e-01	8.261709299176622778e-02	3.630660322184735278e-02	9.193803394185309785e-02
1.606139710933553943e+03	2.036116600580428759e-01	1.276028204674453659e-01	2.805104075924120255e-01	1.771607201551902711e-01	8.269613181404882052e-02	3.636241864265497836e-02	9.205584126977447990e-02
1.610977481147209119e+03	2.032000943003784976e-01	1.273145214254725599e-01	2.807756279277811573e-01	1.773441671627533633e-01	8.277474660312779398e-02	3.641795587077446134e-02	9.217288670928097671e-02
1.615815251360864750e+03	2.027909338169556486e-01	1.270279148665866553e-01	2.810393783850773652e-01	1.775264420735065130e-01	8.285293932194696953e-02	3.647321604901443415e-02	9.228917548648123137e-02
1.620653021574519926e+03	2.023841647808846955e-01	1.267429906283843444e-01	2.813016665505299607e-01	1.777075529984430968e-01	8.293071193002221619e-02	3.652820031801613798e-02	9.240471279328835164e-02
1.625490791788175102e+03	2.019797734303877823e-01	1.264597386223106357e-01	2.815624999796906835e-01	1.778875079803280967e-01	8.300806638330625320e-02	3.658290981623080196e-02	9.251950378731453595e-02
1.630328562001830505e+03	2.015777460693660983e-01	1.261781488323850398e-01	2.818218861973478262e-01	1.780663149947229185e-01	8.308500463405772696e-02	3.663734567989724439e-02	9.263355359179192838e-02
1.635166332215485909e+03	2.011780690679074723e-01	1.258982113139849590e-01	2.820798326974517378e-01	1.782439819509722967e-01	8.316152863071445134e-02	3.669150904301963362e-02	9.274686729551823161e-02
1.640004102429141085e+03	2.007807288627380393e-01	1.256199161926831731e-01	2.823363469430504868e-01	1.784205166931558117e-01	8.323764031777081129e-02	3.674540103734544316e-02	9.285944995282505166e-02
1.644841872642796488e+03	2.003857119576215873e-01	1.253432536631360616e-01	2.825914363662354045e-01	1.785959270010057109e-01	8.331334163565908002e-02	3.679902279234368440e-02	9.297130658356729527e-02
1.649679642856451665e+03	1.999930049237097496e-01	1.250682139880196220e-01	2.828451083680958988e-01	1.787702205907931996e-01	8.338863452063474679e-02	3.685237543518327802e-02	9.308244217313235702e-02
1.654517413070107068e+03	1.996025943998461505e-01	1.247947874970108950e-01	2.830973703186823731e-01	1.789434051161847561e-01	8.346352090466566120e-02	3.690546009071171002e-02	9.319286167246738917e-02
1.659355183283762244e+03	1.992144670928271133e-01	1.245229645858119683e-01	2.833482295569771381e-01	1.791154881690703582e-01	8.353800271532489663e-02	3.695827788143395826e-02	9.330256999812346075e-02
1.664192953497417420e+03	1.988286097776221228e-01	1.242527357152140854e-01	2.835976933908733733e-01	1.792864772803650641e-01	8.361208187568734684e-02	3.701082992749159944e-02	9.341157203231532924e-02
1.669030723711072824e+03	1.984450092975560687e-01	1.239840914101997538e-01	2.838457690971600833e-01	1.794563799207853638e-01	8.368576030422977818e-02	3.706311734664224228e-02	9.351987262299556181e-02
1.673868493924728000e+03	1.980636525644561829e-01	1.237170222590806834e-01	2.840924639215142711e-01	1.796252035016018544e-01	8.375903991473457322e-02	3.711514125423915483e-02	9.362747658394209027e-02
1.678706264138383403e+03	1.976845265587653111e-01	1.234515189126693807e-01	2.843377850784988281e-01	1.797929553753693788e-01	8.383192261619668018e-02	3.716690276321125280e-02	9.373438869485797853e-02
1.683544034352038352e+03	1.973076183296242070e-01	1.231875720834827298e-01	2.845817397515661984e-01	1.799596428366357359e-01	8.390441031273399020e-02	3.721840298404326813e-02	9.384061370148265302e-02
1.688381804565693983e+03	1.969329149949244906e-01	1.229251725449755778e-01	2.848243350930674822e-01	1.801252731226305193e-01	8.397650490350096197e-02	3.726964302475624380e-02	9.394615631571347214e-02
1.693219574779349159e+03	1.965604037413344329e-01	1.226643111308028389e-01	2.850655782242663139e-01	1.802898534139345532e-01	8.404820828260534116e-02	3.732062399088829224e-02	9.405102121573701013e-02
1.698057344993004335e+03	1.961900718242988451e-01	1.224049787341082440e-01	2.853054762353572915e-01	1.804533908351314830e-01	8.411952233902800224e-02	3.737134698547568690e-02	9.415521304616913945e-02
1.702895115206659511e+03	1.958219065680154025e-01	1.221471663068385838e-01	2.855440361854895692e-01	1.806158924554419620e-01	8.419044895654573257e-02	3.742181310903415492e-02	9.425873641820330107e-02
1.707732885420315142e+03	1.954558953653880993e-01	1.218908648590818350e-01	2.857812651027933915e-01	1.807773652893416849e-01	8.426099001365697228e-02	3.747202345954053077e-02	9.436159590976614386e-02
1.712570655633970318e+03	1.950920256779603568e-01	1.216360654584279083e-01	2.860171699844115123e-01	1.809378162971639337e-01	8.433114738351035755e-02	3.752197913241467342e-02	9.446379606567999188e-02
1.717408425847625494e+03	1.947302850358281767e-01	1.213827592293506563e-01	2.862517577965333349e-01	1.810972523856873018e-01	8.440092293383603950e-02	3.757168122050166814e-02	9.456534139783154269e-02
1.722246196061280898e+03	1.943706610375351140e-01	1.211309373526103517e-01	2.864850354744333805e-01	1.812556804087096241e-01	8.447031852687963971e-02	3.762113081405431964e-02	9.466623638534628349e-02
1.727083966274936301e+03	1.940131413499505686e-01	1.208805910646749554e-01	2.867170099225120894e-01	1.814131071676083062e-01	8.453933601933887043e-02	3.767032900071598522e-02	9.476648547476791695e-02
1.731921736488591478e+03	1.936577137081315625e-01	1.206317116571597042e-01	2.869476880143402298e-01	1.815695394118883588e-01	8.460797726230262494e-02	3.771927686550362313e-02	9.486609308024260279e-02
1.736759506702246881e+03	1.933043659151703897e-01	1.203842904762836286e-01	2.871770765927056934e-01	1.817249838397179129e-01	8.467624410119257983e-02	3.776797549079121546e-02	9.496506358370730705e-02
1.741597276915902057e+03	1.929530858420278883e-01	1.201383189223423631e-01	2.874051824696631785e-01	1.818794470984526623e-01	8.474413837570714259e-02	3.781642595629342019e-02	9.506340133508203727e-02
1.746435047129557461e+03	1.926038614273543614e-01	1.198937884491961675e-01	2.876320124265864808e-01	1.820329357851489804e-01	8.481166191976775848e-02	3.786462933904956307e-02	9.516111065246539436e-02
1.751272817343212637e+03	1.922566806772981474e-01	1.196506905637725465e-01	2.878575732142226729e-01	1.821854564470667404e-01	8.487881656146743781e-02	3.791258671340790032e-02	9.525819582233324700e-02
1.756110587556867813e+03	1.919115316653033088e-01	1.194090168255824702e-01	2.880818715527491136e-01	1.823370155821618932e-01	8.494560412302153141e-02	3.796029915101018642e-02	9.535466109974011228e-02
1.760948357770523216e+03	1.915684025318969419e-01	1.191687588462498198e-01	2.883049141318321795e-01	1.824876196395697758e-01	8.501202642072058779e-02	3.800776772077651966e-02	9.545051070852285380e-02
1.765786127984178393e+03	1.912272814844668822e-01	1.189299082890529491e-01	2.885267076106877160e-01	1.826372750200788986e-01	8.507808526488523648e-02	3.805499348889049283e-02	9.554574884150653091e-02
1.770623898197833569e+03	1.908881567970305559e-01	1.186924568684780273e-01	2.887472586181440426e-01	1.827859880765962119e-01	8.514378245982316684e-02	3.810197751878461464e-02	9.564037966071207986e-02
1.775461668411488745e+03	1.905510168099956436e-01	1.184563963497835409e-01	2.889665737527061240e-01	1.829337651146037691e-01	8.520911980378803596e-02	3.814872087112608501e-02	9.573440729756547973e-02
1.780299438625144376e+03	1.902158499299130556e-01	1.182217185485752303e-01	2.891846595826217392e-01	1.830806123926073115e-01	8.527409908894022228e-02	3.819522460380274376e-02	9.582783585310834795e-02
1.785137208838799552e+03	1.898826446292228853e-01	1.179884153303910332e-01	2.894015226459490386e-01	1.832265361225772216e-01	8.533872210130942493e-02	3.824148977190941490e-02	9.592066939820956262e-02
1.789974979052454728e+03	1.895513894459939230e-01	1.177564786102956174e-01	2.896171694506257110e-01	1.833715424703819541e-01	8.540299062075905334e-02	3.828751742773447986e-02	9.601291197377782860e-02
1.794812749266109904e+03	1.892220729836571191e-01	1.175259003524837531e-01	2.898316064745393716e-01	1.835156375562141673e-01	8.546690642095239321e-02	3.833330862074672829e-02	9.610456759097493751e-02
1.799650519479765535e+03	1.888946839107337461e-01	1.172966725698924156e-01	2.900448401655997821e-01	1.836588274550101374e-01	8.553047126932036837e-02	3.837886439758254192e-02	9.619564023142952724e-02
1.804488289693420711e+03	1.885692109605582034e-01	1.170687873238209498e-01	2.902568769418114036e-01	1.838011181968624008e-01	8.559368692703099579e-02	3.842418580203330047e-02	9.628613384745127179e-02
1.809326059907075887e+03	1.882456429309964097e-01	1.168422367235590759e-01	2.904677231913483371e-01	1.839425157674260958e-01	8.565655514896039491e-02	3.846927387503310675e-02	9.637605236224516814e-02
1.814163830120731291e+03	1.879239686841599477e-01	1.166170129260221400e-01	2.906773852726294294e-01	1.840830261083189756e-01	8.571907768366528180e-02	3.851412965464676152e-02	9.646539967012604522e-02
1.819001600334386467e+03	1.876041771461163521e-01	1.163931081353935526e-01	2.908858695143950457e-01	1.842226551175155935e-01	8.578125627335707326e-02	3.855875417605802297e-02	9.655417963673290638e-02
1.823839370548041643e+03	1.872862573065957881e-01	1.161705146027738611e-01	2.910931822157846738e-01	1.843614086497356863e-01	8.584309265387730925e-02	3.860314847155815743e-02	9.664239609924304975e-02
1.828677140761696819e+03	1.869701982186947331e-01	1.159492246258361503e-01	2.912993296464153614e-01	1.844992925168268960e-01	8.590458855467456023e-02	3.864731357053471927e-02	9.673005286658606372e-02
1.833514910975352450e+03	1.866559889985766607e-01	1.157292305484876466e-01	2.915043180464614303e-01	1.846363124881422735e-01	8.596574569878265293e-02	3.869125049946062211e-02	9.681715371965717021e-02
1.838352681189008081e+03	1.863436188251701986e-01	1.155105247605370949e-01	2.917081536267349118e-01	1.847724742909123141e-01	8.602656580280020060e-02	3.873496028188350149e-02	9.690370241153027642e-02
1.843190451402663257e+03	1.860330769398649275e-01	1.152930996973676459e-01	2.919108425687666486e-01	1.849077836106121642e-01	8.608705057687152107e-02	3.877844393841530651e-02	9.698970266767030501e-02
1.848028221616318433e+03	1.857243526462052652e-01	1.150769478396151818e-01	2.921123910248885625e-01	1.850422460913237754e-01	8.614720172466858172e-02	3.882170248672214830e-02	9.707515818614498304e-02
1.852865991829973609e+03	1.854174353095824623e-01	1.148620617128515570e-01	2.923128051183164766e-01	1.851758673360933971e-01	8.620702094337442944e-02	3.886473694151445363e-02	9.716007263783571490e-02
1.857703762043628785e+03	1.851123143569249063e-01	1.146484338872728326e-01	2.925120909432338268e-01	1.853086529072843491e-01	8.626650992366753645e-02	3.890754831453731993e-02	9.724444966664776147e-02
1.862541532257283961e+03	1.848089792763872585e-01	1.144360569773921338e-01	2.927102545648757603e-01	1.854406083269253269e-01	8.632567034970739517e-02	3.895013761456116164e-02	9.732829288971947546e-02
1.867379302470939592e+03	1.845074196170383429e-01	1.142249236417369057e-01	2.929073020196142907e-01	1.855717390770544040e-01	8.638450389912130656e-02	3.899250584737262715e-02	9.741160589763063482e-02
1.872217072684594768e+03	1.842076249885478412e-01	1.140150265825505688e-01	2.931032393150439508e-01	1.857020506000586768e-01	8.644301224299201503e-02	3.903465401576571014e-02	9.749439225460973524e-02
1.877054842898249490e+03	1.839095850608724880e-01	1.138063585454981291e-01	2.932980724300681130e-01	1.858315482990098300e-01	8.650119704584656455e-02	3.907658311953315922e-02	9.757665549874022792e-02
1.881892613111905121e+03	1.836132895639414897e-01	1.135989123193758554e-01	2.934918073149855311e-01	1.859602375379956762e-01	8.655905996564611238e-02	3.911829415545810956e-02	9.765839914216573048e-02
1.886730383325560297e+03	1.833187282873413593e-01	1.133926807358246885e-01	2.936844498915781032e-01	1.860881236424476171e-01	8.661660265377668644e-02	3.915978811730596448e-02	9.773962667129405812e-02
1.891568153539215928e+03	1.830258910800003913e-01	1.131876566690472735e-01	2.938760060531987461e-01	1.862152118994645500e-01	8.667382675504090028e-02	3.920106599581655443e-02	9.782034154700006146e-02
1.896405923752871104e+03	1.827347678498731087e-01	1.129838330355285858e-01	2.940664816648597135e-01	1.863415075581326963e-01	8.673073390765061175e-02	3.924212877869644872e-02	9.790054720482728456e-02
1.901243693966526507e+03	1.824453485636244043e-01	1.127812027937597772e-01	2.942558825633216912e-01	1.864670158298420144e-01	8.678732574322048365e-02	3.928297745061160029e-02	9.798024705518841582e-02
1.906081464180181683e+03	1.821576232463136547e-01	1.125797589439654772e-01	2.944442145571833924e-01	1.865917418885989221e-01	8.684360388676234943e-02	3.932361299318019171e-02	9.805944448356440635e-02
1.910919234393836859e+03	1.818715819810792222e-01	1.123794945278339952e-01	2.946314834269711525e-01	1.867156908713355767e-01	8.689956995668046691e-02	3.936403638496566160e-02	9.813814285070231180e-02
1.915757004607492036e+03	1.815872149088230136e-01	1.121804026282508110e-01	2.948176949252293566e-01	1.868388678782155476e-01	8.695522556476761866e-02	3.940424860147007102e-02	9.821634549281194060e-02
1.920594774821147894e+03	1.813045122278952037e-01	1.119824763690347308e-01	2.950028547766114229e-01	1.869612779729365737e-01	8.701057231620193400e-02	3.944425061512760178e-02	9.829405572176092010e-02
1.925432545034802843e+03	1.810234641937797095e-01	1.117857089146770677e-01	2.951869686779706736e-01	1.870829261830294632e-01	8.706561180954450196e-02	3.948404339529831136e-02	9.837127682526865258e-02
1.930270315248458019e+03	1.807440611187798862e-01	1.115900934700834873e-01	2.953700422984519292e-01	1.872038175001542182e-01	8.712034563673778931e-02	3.952362790826214473e-02	9.844801206709885566e-02
1.935108085462113195e+03	1.804662933717049444e-01	1.113956232803184621e-01	2.955520812795836005e-01	1.873239568803928556e-01	8.717477538310469676e-02	3.956300511721312640e-02	9.852426468725056230e-02
1.939945855675768371e+03	1.801901513775569508e-01	1.112022916303523762e-01	2.957330912353696717e-01	1.874433492445390925e-01	8.722890262734836475e-02	3.960217598225380248e-02	9.860003790214796893e-02
1.944783625889424002e+03	1.799156256172184942e-01	1.110100918448110319e-01	2.959130777523824585e-01	1.875619994783851163e-01	8.728272894155267303e-02	3.964114146038984904e-02	9.867533490482861824e-02
1.949621396103079178e+03	1.796427066271412687e-01	1.108190172877276114e-01	2.960920463898553123e-01	1.876799124330051638e-01	8.733625589118335086e-02	3.967990250552497905e-02	9.875015886513048569e-02
1.954459166316734354e+03	1.793713849990353215e-01	1.106290613622969848e-01	2.962700026797761566e-01	1.877970929250365184e-01	8.738948503508983667e-02	3.971846006845600185e-02	9.882451292987734504e-02
1.959296936530389530e+03	1.791016513795592735e-01	1.104402175106322936e-01	2.964469521269806895e-01	1.879135457369573436e-01	8.744241792550759562e-02	3.975681509686809778e-02	9.889840022306289891e-02
1.964134706744044706e+03	1.788334964700115381e-01	1.102524792135237547e-01	2.966229002092461431e-01	1.880292756173617685e-01	8.749505610806122824e-02	3.979496853533032868e-02	9.897182384603345207e-02
1.968972476957700337e+03	1.785669110260223735e-01	1.100658399901996015e-01	2.967978523773855959e-01	1.881442872812322253e-01	8.754740112176802314e-02	3.983292132529133583e-02	9.904478687766908596e-02
1.973810247171355968e+03	1.783018858572470167e-01	1.098802933980891211e-01	2.969718140553420094e-01	1.882585854102091782e-01	8.759945449904214809e-02	3.987067440507523902e-02	9.911729237456350095e-02
1.978648017385010689e+03	1.780384118270600946e-01	1.096958330325878000e-01	2.971447906402829298e-01	1.883721746528578822e-01	8.765121776569943790e-02	3.990822870987775772e-02	9.918934337120233202e-02
