1.020769515081264785e+03	2.741533832061492926e-01	1.804886770473538848e-01	2.352833117226412751e-01	1.416547132593113101e-01	6.939236546321819743e-02	2.750224895818115939e-02	7.152530034271406545e-02
1.025607285294920075e+03	2.734437924446529999e-01	1.797879198418143865e-01	2.357668865545663739e-01	1.421611613573393884e-01	6.953976339332240686e-02	2.759509320215953673e-02	7.170538320571412383e-02
1.030445055508575479e+03	2.727315868885302752e-01	1.790973186664774341e-01	2.362498434907713274e-01	1.426584090865339882e-01	6.968628459204705139e-02	2.768756177175206792e-02	7.188899550345705103e-02
1.035282825722230655e+03	2.720171798251849182e-01	1.784164579605495571e-01	2.367320489209085443e-01	1.431468972489758906e-01	6.983195173945963563e-02	2.777965836557020479e-02	7.207580593892047582e-02
1.040120595935886058e+03	2.713009587667194467e-01	1.777449455402582701e-01	2.372133791842924444e-01	1.436270389659904945e-01	6.997678567881494838e-02	2.787138640385573157e-02	7.226550545963793259e-02
1.044958366149541234e+03	2.705832869691330300e-01	1.770824112311923659e-01	2.376937198984906408e-01	1.440992214840285668e-01	7.012080556280995969e-02	2.796274904957113394e-02	7.245780580434359186e-02
1.049796136363196410e+03	2.698645048626098775e-01	1.764285055808932912e-01	2.381729653325586060e-01	1.445638078619817246e-01	7.026402898899271332e-02	2.805374922802330098e-02	7.265243814450976501e-02
1.054633906576851814e+03	2.691449313980878166e-01	1.757828986469931465e-01	2.386510178219697353e-01	1.450211385477345460e-01	7.040647212509652808e-02	2.814438964511959546e-02	7.284915181456799727e-02
1.059471676790506763e+03	2.684248653149945985e-01	1.751452788564702712e-01	2.391277872224859824e-01	1.454715328512410644e-01	7.054814982501673992e-02	2.823467280434872537e-02	7.304771312501200098e-02
1.064309447004162394e+03	2.677045863347555232e-01	1.745153519318531632e-01	2.396031904003958490e-01	1.459152903209332830e-01	7.068907573609797823e-02	2.832460102257271239e-02	7.324790425296091867e-02
1.069147217217817570e+03	2.669843562844068652e-01	1.738928398804462927e-01	2.400771507567154850e-01	1.463526920298202361e-01	7.082926239835334037e-02	2.841417644471040671e-02	7.344952220511685725e-02
1.073984987431472746e+03	2.662644201543975520e-01	1.732774800428827644e-01	2.405495977831069720e-01	1.467840017772182037e-01	7.096872133619358536e-02	2.850340105738772764e-02	7.365237784838271629e-02
1.078822757645127922e+03	2.655450070944237462e-01	1.726690241975239459e-01	2.410204666474160817e-01	1.472094672116600333e-01	7.110746314320427752e-02	2.859227670162472340e-02	7.385629500371675149e-02
1.083660527858783553e+03	2.648263313509166550e-01	1.720672377174305989e-01	2.414896978068689914e-01	1.476293208801672807e-01	7.124549756047143800e-02	2.868080508462484204e-02	7.406110959908969449e-02
1.088498298072438729e+03	2.641085931495930628e-01	1.714718987768215908e-01	2.419572366470977287e-01	1.480437812087266602e-01	7.138283354892098476e-02	2.876898779072751058e-02	7.426666887768197667e-02
1.093336068286093905e+03	2.633919795262786856e-01	1.708827976041172314e-01	2.424230331452833509e-01	1.484530534184935746e-01	7.151947935610504514e-02	2.885682629158089693e-02	7.447283065771075072e-02
1.098173838499749309e+03	2.626766651090288174e-01	1.702997357788339494e-01	2.428870415558195550e-01	1.488573303819480942e-01	7.165544257783762472e-02	2.894432195558808638e-02	7.467946264051340821e-02
1.103011608713404712e+03	2.619628128543926571e-01	1.697225255697571156e-01	2.433492201170044389e-01	1.492567934229497850e-01	7.179073021505415209e-02	2.903147605667617120e-02	7.488644176373525363e-02
1.107849378927059888e+03	2.612505747405020062e-01	1.691509893119703678e-01	2.438095307773662790e-01	1.496516130643786024e-01	7.192534872624277431e-02	2.911828978243455671e-02	7.509365359667498352e-02
1.112687149140715292e+03	2.605400924195100942e-01	1.685849588204605953e-01	2.442679389403208390e-01	1.500419497268059843e-01	7.205930407577135210e-02	2.920476424166562265e-02	7.530099177503504770e-02
1.117524919354370468e+03	2.598314978317569635e-01	1.680242748381522155e-01	2.447244132259444593e-01	1.504279543814136533e-01	7.219260177841051174e-02	2.929090047138797198e-02	7.550835747250381202e-02
1.122362689568025871e+03	2.591249137839001793e-01	1.674687865163496381e-01	2.451789252487266424e-01	1.508097691601657520e-01	7.232524694033261314e-02	2.937669944332982688e-02	7.571565890676494603e-02
1.127200459781681047e+03	2.584204544931192338e-01	1.669183509256860487e-01	2.456314494102408430e-01	1.511875279260423699e-01	7.245724429684639867e-02	2.946216206994762762e-02	7.592281087768709691e-02
1.132038229995336451e+03	2.577182260993781115e-01	1.663728325957871401e-01	2.460819627057426462e-01	1.515613568059573368e-01	7.258859824710851838e-02	2.954728921000242606e-02	7.612973433559344638e-02
1.136876000208991627e+03	2.570183271476151887e-01	1.658321030819640551e-01	2.465304445437695724e-01	1.519313746888110717e-01	7.271931288603653010e-02	2.963208167372461191e-02	7.633635597764860947e-02
1.141713770422646803e+03	2.563208490416207241e-01	1.652960405573487002e-01	2.469768765778777575e-01	1.522976936909673784e-01	7.284939203363131888e-02	2.971654022759535538e-02	7.654260787052838411e-02
1.146551540636302207e+03	2.556258764712582843e-01	1.647645294289775408e-01	2.474212425497084311e-01	1.526604195912934225e-01	7.297883926190272541e-02	2.980066559877123447e-02	7.674842709765800075e-02
1.151389310849957155e+03	2.549334878145914085e-01	1.642374599764170884e-01	2.478635281426296300e-01	1.530196522377600954e-01	7.310765791957782311e-02	2.988445847917683279e-02	7.695375542941679248e-02
1.156227081063612786e+03	2.542437555163837848e-01	1.637147280116078019e-01	2.483037208452494038e-01	1.533754859274700788e-01	7.323585115475893248e-02	2.996791952928825817e-02	7.715853901481146970e-02
1.161064851277267962e+03	2.535567464443571617e-01	1.631962345586798757e-01	2.487418098241420683e-01	1.537280097618570762e-01	7.336342193568586023e-02	3.005104938162913436e-02	7.736272809321860511e-02
1.165902621490923138e+03	2.528725222245087889e-01	1.626818855525678509e-01	2.491777858051743011e-01	1.540773079786852406e-01	7.349037306974645634e-02	3.013384864399903593e-02	7.756627672488811132e-02
1.170740391704578315e+03	2.521911395567154601e-01	1.621715915553200993e-01	2.496116409628563182e-01	1.544234602623711095e-01	7.361670722086868790e-02	3.021631790245310131e-02	7.776914253898503659e-02
1.175578161918233945e+03	2.515126505117781242e-01	1.616652674890630415e-01	2.500433688171835866e-01	1.547665420340498255e-01	7.374242692541806143e-02	3.029845772405017484e-02	7.797128649802691214e-02
1.180415932131889122e+03	2.508371028109953049e-01	1.611628323846425181e-01	2.504729641374682236e-01	1.551066247227141093e-01	7.386753460671514893e-02	3.038026865938572157e-02	7.817267267764867189e-02
1.185253702345544298e+03	2.501645400892878457e-01	1.606642091450205811e-01	2.509004228526930391e-01	1.554437760186672401e-01	7.399203258827978524e-02	3.046175124492465566e-02	7.837326806069654095e-02
1.190091472559199701e+03	2.494950021428399001e-01	1.601693243225608687e-01	2.513257419679527094e-01	1.557780601104495899e-01	7.411592310590052468e-02	3.054290600514815435e-02	7.857304234471799986e-02
1.194929242772855105e+03	2.488285251621626948e-01	1.596781079093866906e-01	2.517489194865741298e-01	1.561095379063220934e-01	7.423920831862114433e-02	3.062373345452759979e-02	7.877196776197536998e-02
1.199767012986510281e+03	2.481651419514362689e-01	1.591904931400434653e-01	2.521699543375363617e-01	1.564382672413189013e-01	7.436189031872884880e-02	3.070423409933789594e-02	7.897001891116796346e-02
1.204604783200165684e+03	2.475048821349329353e-01	1.587064163057423927e-01	2.525888463078346802e-01	1.567643030708148200e-01	7.448397114082283554e-02	3.078440843932154017e-02	7.916717260010056045e-02
1.209442553413820860e+03	2.468477723512800814e-01	1.582258165795045191e-01	2.530055959794578202e-01	1.570876976514911649e-01	7.460545277003613474e-02	3.086425696921413567e-02	7.936340769858589439e-02
1.214280323627476264e+03	2.461938364362755149e-01	1.577486358515651776e-01	2.534202046706686140e-01	1.574085007105256728e-01	7.472633714947829464e-02	3.094378018014114565e-02	7.955870500091537234e-02
1.219118093841131440e+03	2.455430955949262362e-01	1.572748185744350102e-01	2.538326743812990838e-01	1.577267596037776609e-01	7.484662618696105718e-02	3.102297856089523964e-02	7.975304709727555619e-02
1.223955864054786844e+03	2.448955685633431856e-01	1.568043116170502460e-01	2.542430077417907608e-01	1.580425194636891351e-01	7.496632176106531043e-02	3.110185259910269034e-02	7.994641825352855058e-02
1.228793634268442020e+03	2.442512717610865747e-01	1.563370641274780537e-01	2.546512079657280991e-01	1.583558233375751967e-01	7.508542572660258096e-02	3.118040278228692563e-02	8.013880429881242717e-02
1.233631404482097196e+03	2.436102194345222127e-01	1.558730274036737584e-01	2.550572788056301166e-01	1.586667123169330507e-01	7.520393991952066537e-02	3.125862959883662223e-02	8.033019252045342506e-02
1.238469174695752372e+03	2.429724237917161300e-01	1.554121547718169405e-01	2.554612245117808267e-01	1.589752256583571444e-01	7.532186616129929457e-02	3.133653353888530418e-02	8.052057156571422458e-02
1.243306944909407548e+03	2.423378951293641281e-01	1.549544014717802176e-01	2.558630497938938486e-01	1.592814008966100536e-01	7.543920626287813069e-02	3.141411509510891320e-02	8.070993134993456608e-02
1.248144715123063179e+03	2.417066419522236609e-01	1.544997245493121563e-01	2.562627597854199024e-01	1.595852739503621498e-01	7.555596202815635654e-02	3.149137476344733566e-02	8.089826297064835192e-02
1.252982485336718355e+03	2.410786710854880277e-01	1.540480827545387676e-01	2.566603600103188887e-01	1.598868792210796086e-01	7.567213525709998168e-02	3.156831304375550679e-02	8.108555862728923647e-02
1.257820255550373531e+03	2.404539877805173531e-01	1.535994364464125239e-01	2.570558563521300188e-01	1.601862496855088747e-01	7.578772774849032445e-02	3.164493044038931696e-02	8.127181154612163339e-02
1.262658025764028707e+03	2.398325958143162906e-01	1.531537475027590633e-01	2.574492550251849532e-01	1.604834169821762746e-01	7.590274130234468675e-02	3.172122746273110805e-02	8.145701591005770348e-02
1.267495795977684338e+03	2.392144975831254627e-01	1.527109792355922924e-01	2.578405625478182861e-01	1.607784114922940211e-01	7.601717772203751833e-02	3.179720462565933936e-02	8.164116679304318780e-02
1.272333566191339514e+03	2.385996941904726110e-01	1.522710963113881877e-01	2.582297857174405409e-01	1.610712624154381212e-01	7.613103881614857738e-02	3.187286244996659357e-02	8.182426009871542061e-02
1.277171336404994690e+03	2.379881855300086391e-01	1.518340646760256429e-01	2.586169315873476648e-01	1.613619978403399158e-01	7.624432640006227613e-02	3.194820146272979444e-02	8.200629250305614681e-02
1.282009106618650094e+03	2.373799703634349723e-01	1.513998514841198573e-01	2.590020074451481191e-01	1.616506448111103000e-01	7.635704229734054105e-02	3.202322219763635569e-02	8.218726140077996234e-02
1.286846876832305497e+03	2.367750463938106398e-01	1.509684250324900834e-01	2.593850207926988727e-01	1.619372293891949977e-01	7.646918834088997641e-02	3.209792519526951521e-02	8.236716485521604347e-02
1.291684647045960673e+03	2.361734103345104197e-01	1.505397546975183187e-01	2.597659793274470497e-01	1.622217767113396658e-01	7.658076637394212183e-02	3.217231100335611604e-02	8.254600155145645768e-02
1.296522417259616077e+03	2.355750579740897299e-01	1.501138108761702061e-01	2.601448909250816954e-01	1.625043110438251504e-01	7.669177825086445632e-02	3.224638017697967207e-02	8.272377075255914203e-02
1.301360187473271253e+03	2.349799842372967962e-01	1.496905649304630936e-01	2.605217636234065104e-01	1.627848558332164741e-01	7.680222583781824708e-02	3.232013327876145925e-02	8.290047225860747160e-02
1.306197957686926657e+03	2.343881832424586642e-01	1.492699891351777497e-01	2.608966056073495077e-01	1.630634337538528766e-01	7.691211101327787014e-02	3.239357087901215126e-02	8.307610636844126040e-02
1.311035727900581833e+03	2.337996483554539984e-01	1.488520566286236635e-01	2.612694251950331559e-01	1.633400667522914296e-01	7.702143566842549471e-02	3.246669355585637962e-02	8.325067384388593061e-02
1.315873498114237009e+03	2.332143722404737829e-01	1.484367413662779633e-01	2.616402308248316211e-01	1.636147760889030967e-01	7.713020170743342674e-02	3.253950189533229287e-02	8.342417587631789644e-02
1.320711268327892412e+03	2.326323469077581918e-01	1.480240180771291714e-01	2.620090310433476066e-01	1.638875823768064510e-01	7.723841104764556098e-02	3.261199649146828694e-02	8.359661405541479740e-02
1.325549038541547588e+03	2.320535637584881516e-01	1.476138622225661445e-01	2.623758344942462295e-01	1.641585056183131608e-01	7.734606561966875238e-02	3.268417794633861340e-02	8.376799033994895838e-02
1.330386808755202765e+03	2.314780136269985744e-01	1.472062499576633487e-01	2.627406499078865365e-01	1.644275652390465581e-01	7.745316736738346031e-02	3.275604687009978089e-02	8.393830703049173780e-02
1.335224578968857941e+03	2.309056868204707735e-01	1.468011580947208572e-01	2.631034860916960372e-01	1.646947801198855865e-01	7.755971824788268632e-02	3.282760388100922078e-02	8.410756674390491849e-02
1.340062349182513572e+03	2.303365731562528607e-01	1.463985640689265122e-01	2.634643519212373497e-01	1.649601686268749312e-01	7.766572023134721281e-02	3.289884960542780595e-02	8.427577238950334504e-02
1.344900119396168748e+03	2.297706619969471509e-01	1.459984459060160167e-01	2.638232563319192758e-01	1.652237486392346133e-01	7.777117530086459507e-02	3.296978467780757593e-02	8.444292714678079681e-02
1.349737889609823924e+03	2.292079422833966096e-01	1.456007821918124390e-01	2.641802083113070077e-01	1.654855375755916735e-01	7.787608545219883160e-02	3.304040974066599357e-02	8.460903444459751122e-02
1.354575659823479100e+03	2.286484025656933261e-01	1.452055520435356628e-01	2.645352168919913316e-01	1.657455524185504347e-01	7.798045269351649988e-02	3.311072544454790600e-02	8.477409794173498825e-02
1.359413430037134731e+03	2.280920310323261979e-01	1.448127350827769777e-01	2.648882911449771393e-01	1.660038097377087296e-01	7.808427904507543593e-02	3.318073244797627164e-02	8.493812150872941114e-02
1.364251200250789907e+03	2.275388155375769328e-01	1.444223114100409155e-01	2.652394401735561069e-01	1.662603257112214850e-01	7.818756653888081498e-02	3.325043141739282559e-02	8.510110921090106861e-02
1.369088970464445310e+03	2.269887436272680359e-01	1.440342615807628235e-01	2.655886731076287921e-01	1.665151161460056428e-01	7.829031721831336554e-02	3.331982302708946797e-02	8.526306529250207711e-02
1.373926740678100487e+03	2.264418025629590658e-01	1.436485665827143821e-01	2.659359990984458966e-01	1.667681964966749864e-01	7.839253313773407450e-02	3.338890795913137394e-02	8.542399416191039097e-02
1.378764510891755890e+03	2.258979793446835305e-01	1.432652078147162722e-01	2.662814273137395493e-01	1.670195818832872214e-01	7.849421636206910247e-02	3.345768690327257516e-02	8.558390037780200243e-02
1.383602281105411066e+03	2.253572607323119648e-01	1.428841670665807750e-01	2.666249669332159677e-01	1.672692871079799748e-01	7.859536896637846215e-02	3.352616055686481050e-02	8.574278863623831237e-02
1.388440051319066470e+03	2.248196332656220153e-01	1.425054265002120846e-01	2.669666271443866257e-01	1.675173266705682062e-01	7.869599303541162383e-02	3.359432962476033985e-02	8.590066375860935799e-02
1.393277821532721646e+03	2.242850832831523866e-01	1.421289686317961098e-01	2.673064171387118382e-01	1.677637147831702591e-01	7.879609066315292065e-02	3.366219481920931789e-02	8.605753068037742815e-02
1.398115591746377049e+03	2.237535969399116476e-01	1.417547763150160400e-01	2.676443461080363351e-01	1.680084653839251652e-01	7.889566395235918239e-02	3.372975685975238697e-02	8.621339444056946855e-02
1.402953361960032225e+03	2.232251602240099553e-01	1.413828327252329708e-01	2.679804232412959508e-01	1.682515921498604350e-01	7.899471501409230378e-02	3.379701647310903723e-02	8.636826017196956584e-02
1.407791132173687402e+03	2.226997589722772286e-01	1.410131213445752207e-01	2.683146577214761686e-01	1.684931085089648173e-01	7.909324596724824630e-02	3.386397439306217116e-02	8.652213309196642166e-02
1.412628902387342805e+03	2.221773788849272513e-01	1.406456259478826576e-01	2.686470587228045881e-01	1.687330276515180416e-01	7.919125893808488803e-02	3.393063136033943467e-02	8.667501849401339220e-02
1.417466672600997981e+03	2.216580055393244653e-01	1.402803305894560482e-01	2.689776354081616638e-01	1.689713625407249231e-01	7.928875605975001239e-02	3.399698812249168922e-02	8.682692173966140292e-02
1.422304442814653157e+03	2.211416244029061062e-01	1.399172195905639959e-01	2.693063969266931701e-01	1.692081259226991541e-01	7.938573947181114254e-02	3.406304543376903471e-02	8.697784825112758744e-02
1.427142213028308333e+03	2.206282208453098082e-01	1.395562775276627254e-01	2.696333524116104607e-01	1.694433303358386933e-01	7.948221131978833176e-02	3.412880405499477826e-02	8.712780350436531707e-02
1.431979983241963964e+03	2.201177801497536113e-01	1.391974892212873571e-01	2.699585109781658110e-01	1.696769881196318053e-01	7.957817375469133925e-02	3.419426475343763372e-02	8.727679302260266114e-02
1.436817753455619140e+03	2.196102875237120333e-01	1.388408397255747884e-01	2.702818817217889635e-01	1.699091114229306088e-01	7.967362893256187129e-02	3.425942830268254025e-02	8.742482237031938552e-02
1.441655523669274316e+03	2.191057281089310305e-01	1.384863143183813206e-01	2.706034737163750536e-01	1.701397122117264127e-01	7.976857901402212292e-02	3.432429548250027357e-02	8.757189714763394250e-02
1.446493293882929493e+03	2.186040869908195960e-01	1.381338984919600055e-01	2.709232960127115897e-01	1.703688022764587862e-01	7.986302616383011976e-02	3.438886707871625231e-02	8.771802298507386242e-02
1.451331064096585123e+03	2.181053492072556887e-01	1.377835779441647923e-01	2.712413576370351631e-01	1.705963932388883664e-01	7.995697255044273422e-02	3.445314388307865044e-02	8.786320553870474725e-02
1.456168834310240300e+03	2.176094997568410183e-01	1.374353385701508612e-01	2.715576675897089509e-01	1.708224965585616872e-01	8.005042034558676467e-02	3.451712669312613502e-02	8.800745048559471817e-02
1.461006604523895703e+03	2.171165236066371906e-01	1.370891664545416944e-01	2.718722348440110181e-01	1.710471235388936195e-01	8.014337172383877161e-02	3.458081631205534023e-02	8.815076351959245937e-02
1.465844374737550879e+03	2.166264056994139375e-01	1.367450478640354350e-01	2.721850683450272035e-01	1.712702853328926245e-01	8.023582886221390653e-02	3.464421354858836927e-02	8.829315034739859680e-02
1.470682144951206283e+03	2.161391309604386302e-01	1.364029692404253591e-01	2.724961770086389845e-01	1.714919929485511918e-01	8.032779393976410831e-02	3.470731921684037241e-02	8.843461668491142680e-02
1.475519915164861459e+03	2.156546843038337768e-01	1.360629171940094528e-01	2.728055697206010488e-01	1.717122572539231118e-01	8.041926913718598635e-02	3.477013413618747911e-02	8.857516825382914794e-02
1.480357685378516862e+03	2.151730506385287345e-01	1.357248784973666966e-01	2.731132553357015214e-01	1.719310889819074262e-01	8.051025663643859853e-02	3.483265913113509082e-02	8.871481077849199814e-02
1.485195455592172038e+03	2.146942148738289480e-01	1.353888400794785174e-01	2.734192426769977979e-01	1.721484987347581541e-01	8.060075862037124894e-02	3.489489503118680530e-02	8.885354998294864304e-02
1.490033225805827215e+03	2.142181619246262825e-01	1.350547890201750090e-01	2.737235405351242101e-01	1.723644969883368350e-01	8.069077727236136088e-02	3.495684267071396539e-02	8.899139158823239637e-02
1.494870996019482618e+03	2.137448767162712093e-01	1.347227125448873242e-01	2.740261576676650823e-01	1.725790940961243747e-01	8.078031477596256393e-02	3.501850288882599888e-02	8.912834130983357528e-02
1.499708766233137567e+03	2.132743441891269687e-01	1.343925980196875869e-01	2.743271027985879074e-01	1.727923002930077945e-01	8.086937331456313383e-02	3.507987652924162564e-02	8.926440485535511171e-02
1.504546536446793198e+03	2.128065493028248878e-01	1.340644329466003648e-01	2.746263846177338652e-01	1.730041256988558429e-01	8.095795507105446598e-02	3.514096444016104326e-02	8.939958792233974882e-02
1.509384306660448374e+03	2.123414770402384244e-01	1.337382049591690769e-01	2.749240117803594119e-01	1.732145803218968494e-01	8.104606222750991573e-02	3.520176747413911178e-02	8.953389619625747031e-02
1.514222076874103550e+03	2.118791124111927549e-01	1.334139018182628755e-01	2.752199929067267736e-01	1.734236740619116979e-01	8.113369696487364446e-02	3.526228648795966952e-02	8.966733534864283761e-02
1.519059847087758726e+03	2.114194404559257834e-01	1.330915114081097084e-01	2.755143365817386281e-01	1.736314167132532726e-01	8.122086146265955486e-02	3.532252234251102851e-02	8.979991103537225683e-02
1.523897617301414357e+03	2.109624462483149776e-01	1.327710217325426267e-01	2.758070513546140301e-01	1.738378179677033952e-01	8.130755789866019045e-02	3.538247590266259401e-02	8.993162889507243241e-02
1.528735387515069533e+03	2.105081148988845463e-01	1.324524209114464335e-01	2.760981457386025850e-01	1.740428874171774942e-01	8.139378844866530793e-02	3.544214803714287182e-02	9.006249454765105633e-02
1.533573157728724709e+03	2.100564315576057828e-01	1.321356971773935129e-01	2.763876282107334270e-01	1.742466345562866947e-01	8.147955528619031662e-02	3.550153961841871764e-02	9.019251359294193360e-02
1.538410927942380113e+03	2.096073814165029803e-01	1.318208388724573521e-01	2.766755072115970604e-01	1.744490687847660704e-01	8.156486058221402990e-02	3.556065152257591871e-02	9.032169160945703601e-02
1.543248698156035516e+03	2.091609497120764105e-01	1.315078344451935666e-01	2.769617911451570658e-01	1.746501994097778010e-01	8.164970650492589521e-02	3.561948462920119796e-02	9.045003415323843443e-02
1.548086468369690692e+03	2.087171217275537172e-01	1.311966724477789392e-01	2.772464883785896728e-01	1.748500356480964801e-01	8.173409521948225842e-02	3.567803982126558499e-02	9.057754675680371181e-02
1.552924238583346096e+03	2.082758827949794667e-01	1.308873415332987566e-01	2.775296072421483684e-01	1.750485866281844549e-01	8.181802888777173210e-02	3.573631798500921664e-02	9.070423492817837607e-02
1.557762008797001272e+03	2.078372182971530424e-01	1.305798304531741449e-01	2.778111560290523752e-01	1.752458613921638042e-01	8.190150966818927902e-02	3.579432000982763623e-02	9.083010415001005478e-02
1.562599779010656675e+03	2.074011136694237367e-01	1.302741280547212444e-01	2.780911429953971670e-01	1.754418688976913110e-01	8.198453971541885821e-02	3.585204678815945289e-02	9.095515987875854580e-02
1.567437549224311852e+03	2.069675544013516721e-01	1.299702232788344791e-01	2.783695763600843032e-01	1.756366180197426741e-01	8.206712118022446711e-02	3.590949921537559680e-02	9.107940754395714433e-02
1.572275319437967255e+03	2.065365260382427126e-01	1.296681051577868726e-01	2.786464643047699141e-01	1.758301175523111770e-01	8.214925620924944105e-02	3.596667818966996916e-02	9.120285254754027793e-02
1.577113089651622431e+03	2.061080141825646639e-01	1.293677628131403856e-01	2.789218149738303953e-01	1.760223762100264766e-01	8.223094694482355194e-02	3.602358461195163952e-02	9.132550026323327241e-02
1.581950859865277607e+03	2.056820044952524240e-01	1.290691854537599492e-01	2.791956364743434227e-01	1.762134026296982292e-01	8.231219552477801737e-02	3.608021938573851423e-02	9.144735603599980778e-02
1.586788630078933011e+03	2.052584826969085230e-01	1.287723623739255863e-01	2.794679368760832339e-01	1.764032053717890236e-01	8.239300408226793437e-02	3.613658341705250354e-02	9.156842518154363619e-02
1.591626400292587959e+03	2.048374345689049636e-01	1.284772829515361814e-01	2.797387242115291217e-01	1.765917929218212279e-01	8.247337474560220705e-02	3.619267761431621544e-02	9.168871298586059315e-02
1.596464170506243590e+03	2.044188459543932745e-01	1.281839366464004870e-01	2.800080064758860288e-01	1.767791736917214696e-01	8.255330963808039935e-02	3.624850288825112038e-02	9.180822470483768205e-02
1.601301940719898766e+03	2.040027027592277165e-01	1.278923129986097029e-01	2.802757916271161887e-01	1.769653560211066901e-01	8.263281087783666545e-02	3.630406015177725654e-02	9.192696556389622076e-02
1.606139710933553943e+03	2.035889909528067476e-01	1.276024016269870220e-01	2.805420875859809260e-01	1.771503481785153544e-01	8.271188057769034152e-02	3.635935031991437139e-02	9.204494075767573336e-02
1.610977481147209119e+03	2.031776965688383563e-01	1.273141922276100069e-01	2.808069022360916156e-01	1.773341583625867579e-01	8.279052084500299058e-02	3.641437430968458289e-02	9.216215544975622787e-02
1.615815251360864750e+03	2.027688057060334226e-01	1.270276745724014389e-01	2.810702434239692460e-01	1.775167947031920934e-01	8.286873378154185898e-02	3.646913304001655337e-02	9.227861477241600108e-02
1.620653021574519926e+03	2.023623045287317734e-01	1.267428385077844777e-01	2.813321189591117544e-01	1.776982652625196113e-01	8.294652148334935582e-02	3.652362743165103037e-02	9.239432382642266683e-02
1.625490791788175102e+03	2.019581792674648157e-01	1.264596739533988823e-01	2.815925366140685226e-01	1.778785780361168689e-01	8.302388604061849975e-02	3.657785840704798341e-02	9.250928768085514564e-02
1.630328562001830505e+03	2.015564162194588838e-01	1.261781709008745478e-01	2.818515041245210906e-01	1.780577409538926792e-01	8.310082953757402802e-02	3.663182689029510081e-02	9.262351137295443682e-02
1.635166332215485909e+03	2.011570017490827700e-01	1.258983194126589433e-01	2.821090291893700863e-01	1.782357618810807842e-01	8.317735405235915369e-02	3.668553380701777139e-02	9.273699990800125803e-02
1.640004102429141085e+03	2.007599222882431866e-01	1.256201096208959533e-01	2.823651194708272638e-01	1.784126486191678074e-01	8.325346165692748546e-02	3.673898008429045403e-02	9.284975825921866488e-02
1.644841872642796488e+03	2.003651643367307666e-01	1.253435317263522919e-01	2.826197825945124253e-01	1.785884089067874270e-01	8.332915441694038750e-02	3.679216665054951818e-02	9.296179136769798512e-02
1.649679642856451665e+03	1.999727144625204345e-01	1.250685759973897693e-01	2.828730261495552289e-01	1.787630504205826587e-01	8.340443439166901618e-02	3.684509443550745139e-02	9.307310414234626350e-02
1.654517413070107068e+03	1.995825593020285615e-01	1.247952327689799551e-01	2.831248576887001600e-01	1.789365807760383009e-01	8.347930363390143604e-02	3.689776437006846155e-02	9.318370145985400976e-02
1.659355183283762244e+03	1.991946855603294042e-01	1.245234924417596006e-01	2.833752847284158882e-01	1.791090075282848748e-01	8.355376418985427378e-02	3.695017738624548770e-02	9.329358816468140414e-02
1.664192953497417420e+03	1.988090800113339884e-01	1.242533454811238086e-01	2.836243147490075667e-01	1.792803381728760026e-01	8.362781809908891029e-02	3.700233441707852233e-02	9.340276906906211374e-02
1.669030723711072824e+03	1.984257294979333008e-01	1.239847824163554241e-01	2.838719551947321285e-01	1.794505801465406392e-01	8.370146739443193318e-02	3.705423639655432838e-02	9.351124895302311002e-02
1.673868493924728000e+03	1.980446209321081730e-01	1.237177938397882593e-01	2.841182134739163034e-01	1.796197408279113228e-01	8.377471410189989143e-02	3.710588425952746072e-02	9.361903256441948817e-02
1.678706264138383403e+03	1.976657412950081072e-01	1.234523704060022931e-01	2.843630969590767998e-01	1.797878275382300273e-01	8.384756024062792190e-02	3.715727894164261996e-02	9.372612461898310876e-02
1.683544034352038352e+03	1.972890776370008481e-01	1.231885028310493041e-01	2.846066129870428729e-01	1.799548475420329752e-01	8.392000782280241433e-02	3.720842137925831072e-02	9.383252980038417346e-02
1.688381804565693983e+03	1.969146170776945037e-01	1.229261818917068566e-01	2.848487688590807809e-01	1.801208080478149676e-01	8.399205885359731227e-02	3.725931250937176281e-02	9.393825276030473570e-02
1.693219574779349159e+03	1.965423468059344370e-01	1.226653984247594864e-01	2.850895718410197399e-01	1.802857162086749232e-01	8.406371533111405003e-02	3.730995326954515690e-02	9.404329811852317478e-02
1.698057344993004335e+03	1.961722540797760372e-01	1.224061433263052279e-01	2.853290291633793219e-01	1.804495791229435431e-01	8.413497924632495906e-02	3.736034459783309919e-02	9.414767046300880071e-02
1.702895115206659511e+03	1.958043262264350937e-01	1.221484075510862605e-01	2.855671480214985181e-01	1.806124038347936833e-01	8.420585258302006049e-02	3.741048743271131738e-02	9.425137435002609032e-02
1.707732885420315142e+03	1.954385506422173513e-01	1.218921821118424398e-01	2.858039355756656352e-01	1.807741973348346298e-01	8.427633731775700798e-02	3.746038271300661249e-02	9.435441430424733322e-02
1.712570655633970318e+03	1.950749147924286386e-01	1.216374580786861448e-01	2.860393989512494128e-01	1.809349665606911628e-01	8.434643541981413917e-02	3.751003137782796260e-02	9.445679481887352125e-02
1.717408425847625494e+03	1.947134062112666486e-01	1.213842265784977198e-01	2.862735452388307511e-01	1.810947183975679664e-01	8.441614885114651079e-02	3.755943436649891720e-02	9.455852035576248205e-02
1.722246196061280898e+03	1.943540125016956777e-01	1.211324787943399567e-01	2.865063814943353271e-01	1.812534596788002994e-01	8.448547956634487599e-02	3.760859261849106711e-02	9.465959534556379895e-02
1.727083966274936301e+03	1.939967213353056275e-01	1.208822059648909097e-01	2.867379147391669325e-01	1.814111971863915374e-01	8.455442951259728446e-02	3.765750707335872166e-02	9.476002418785998971e-02
1.731921736488591478e+03	1.936415204521562405e-01	1.206333993838939050e-01	2.869681519603411446e-01	1.815679376515381693e-01	8.462300062965340264e-02	3.770617867067475870e-02	9.485981125131337510e-02
1.736759506702246881e+03	1.932883976606072918e-01	1.203860503996239256e-01	2.871971001106196075e-01	1.817236877551430818e-01	8.469119484979142909e-02	3.775460834996755000e-02	9.495896087381815176e-02
1.741597276915902057e+03	1.929373408371362342e-01	1.201401504143693316e-01	2.874247661086443140e-01	1.818784541283175460e-01	8.475901409778734130e-02	3.780279705065904550e-02	9.505747736265723891e-02
1.746435047129557461e+03	1.925883379261438266e-01	1.198956908839283048e-01	2.876511568390727192e-01	1.820322433528721862e-01	8.482646029088666828e-02	3.785074571200391230e-02	9.515536499466345499e-02
1.751272817343212637e+03	1.922413769397485761e-01	1.196526633171191151e-01	2.878762791527125220e-01	1.821850619617981504e-01	8.489353533877830316e-02	3.789845527302982547e-02	9.525262801638464949e-02
1.756110587556867813e+03	1.918964459575709658e-01	1.194110592753035022e-01	2.881001398666568347e-01	1.823369164397380116e-01	8.496024114357070278e-02	3.794592667247877193e-02	9.534927064425238741e-02
1.760948357770523216e+03	1.915535331265080521e-01	1.191708703719226575e-01	2.883227457644194081e-01	1.824878132234477313e-01	8.502657959977007185e-02	3.799316084874942295e-02	9.544529706475392283e-02
1.765786127984178393e+03	1.912126266604992630e-01	1.189320882720448086e-01	2.885441035960696898e-01	1.826377587022494642e-01	8.509255259426054541e-02	3.804015873984053359e-02	9.554071143460698967e-02
1.770623898197833569e+03	1.908737148402839534e-01	1.186947046919241411e-01	2.887642200783681612e-01	1.827867592184760637e-01	8.515816200628632815e-02	3.808692128329542459e-02	9.563551788093724304e-02
1.775461668411488745e+03	1.905367860131512714e-01	1.184587113985704071e-01	2.889831018949013952e-01	1.829348210679070663e-01	8.522340970743573496e-02	3.813344941614739414e-02	9.572972050145804601e-02
1.780299438625144376e+03	1.902018285926831698e-01	1.182241002093284837e-01	2.892007556962171155e-01	1.830819505001972658e-01	8.528829756162686904e-02	3.817974407486619121e-02	9.582332336465229639e-02
1.785137208838799552e+03	1.898688310584908390e-01	1.179908629914676044e-01	2.894171880999588664e-01	1.832281537192974874e-01	8.535282742509515963e-02	3.822580619530543261e-02	9.591633050995602983e-02
1.789974979052454728e+03	1.895377819559451726e-01	1.177589916617798743e-01	2.896324056910007938e-01	1.833734368838684792e-01	8.541700114638246799e-02	3.827163671265097766e-02	9.600874594794368833e-02
1.794812749266109904e+03	1.892086698959017654e-01	1.175284781861871686e-01	2.898464150215821489e-01	1.835178061076875866e-01	8.548082056632776149e-02	3.831723656137032280e-02	9.610057366051474870e-02
1.799650519479765535e+03	1.888814835544208315e-01	1.172993145793564673e-01	2.900592226114415695e-01	1.836612674600490436e-01	8.554428751805928655e-02	3.836260667516286360e-02	9.619181760108143353e-02
1.804488289693420711e+03	1.885562116724827098e-01	1.170714929043230601e-01	2.902708349479509176e-01	1.838038269661578517e-01	8.560740382698828199e-02	3.840774798691107966e-02	9.628248169475757401e-02
1.809326059907075887e+03	1.882328430556989007e-01	1.168450052721211052e-01	2.904812584862492275e-01	1.839454906075174700e-01	8.567017131080394143e-02	3.845266142863273257e-02	9.637256983854811110e-02
1.814163830120731291e+03	1.879113665740194117e-01	1.166198438414214195e-01	2.906904996493758775e-01	1.840862643223116768e-01	8.573259177946981890e-02	3.849734793143384792e-02	9.646208590153945717e-02
1.819001600334386467e+03	1.875917711614364936e-01	1.163960008181760403e-01	2.908985648284039827e-01	1.842261540057806568e-01	8.579466703522149740e-02	3.854180842546262725e-02	9.655103372509020454e-02
1.823839370548041643e+03	1.872740458156854082e-01	1.161734684552691993e-01	2.911054603825731224e-01	1.843651655105917886e-01	8.585639887256545089e-02	3.858604383986425496e-02	9.663941712302226428e-02
1.828677140761696819e+03	1.869581795979421424e-01	1.159522390521746105e-01	2.913111926394218454e-01	1.845033046472049909e-01	8.591778907827909983e-02	3.863005510273653798e-02	9.672723988181228250e-02
1.833514910975352450e+03	1.866441616325187625e-01	1.157323049546185034e-01	2.915157678949197861e-01	1.846405771842329624e-01	8.597883943141200469e-02	3.867384314108639198e-02	9.681450576078309833e-02
1.838352681189008081e+03	1.863319811065562714e-01	1.155136585542484023e-01	2.917191924135996151e-01	1.847769888487965639e-01	8.603955170328815572e-02	3.871740888078720189e-02	9.690121849229529905e-02
1.843190451402663257e+03	1.860216272697156059e-01	1.152962922883073033e-01	2.919214724286884333e-01	1.849125453268753438e-01	8.609992765750927590e-02	3.876075324653695253e-02	9.698738178193862247e-02
1.848028221616318433e+03	1.857130894338666904e-01	1.150801986393129445e-01	2.921226141422389455e-01	1.850472522636534833e-01	8.615996904995912309e-02	3.880387716181721292e-02	9.707299930872316518e-02
1.852865991829973609e+03	1.854063569727761873e-01	1.148653701347420036e-01	2.923226237252600224e-01	1.851811152638612734e-01	8.621967762880876351e-02	3.884678154885286977e-02	9.715807472527036859e-02
1.857703762043628785e+03	1.851014193217934700e-01	1.146517993467191521e-01	2.925215073178474845e-01	1.853141398921122340e-01	8.627905513452277519e-02	3.888946732857274241e-02	9.724261165800360263e-02
1.862541532257283961e+03	1.847982659775359027e-01	1.144394788917104527e-01	2.927192710293137767e-01	1.854463316732359035e-01	8.633810329986628396e-02	3.893193542057085677e-02	9.732661370733829143e-02
1.867379302470939592e+03	1.844968864975728429e-01	1.142284014302212963e-01	2.929159209383176421e-01	1.855776960926067420e-01	8.639682384991285991e-02	3.897418674306857289e-02	9.741008444787156717e-02
1.872217072684594768e+03	1.841972705001087285e-01	1.140185596664983897e-01	2.931114630929936293e-01	1.857082385964687887e-01	8.645521850205328818e-02	3.901622221287740638e-02	9.749302742857134108e-02
1.877054842898249490e+03	1.838994076636660535e-01	1.138099463482357826e-01	2.933059035110807122e-01	1.858379645922567658e-01	8.651328896600496421e-02	3.905804274536267551e-02	9.757544617296470824e-02
1.881892613111905121e+03	1.836032877267673169e-01	1.136025542662846971e-01	2.934992481800509645e-01	1.859668794489131027e-01	8.657103694382220493e-02	3.909964925440774508e-02	9.765734417932565858e-02
1.886730383325560297e+03	1.833089004876168604e-01	1.133963762543671733e-01	2.936915030572377905e-01	1.860949884972014357e-01	8.662846412990714284e-02	3.914104265237914465e-02	9.773872492086213559e-02
1.891568153539215928e+03	1.830162358037825954e-01	1.131914051887931705e-01	2.938826740699636009e-01	1.862222970300165814e-01	8.668557221102134169e-02	3.918222385009229036e-02	9.781959184590219292e-02
1.896405923752871104e+03	1.827252835918773688e-01	1.129876339881812214e-01	2.940727671156669887e-01	1.863488103026908760e-01	8.674236286629807835e-02	3.922319375677792153e-02	9.789994837807937389e-02
1.901243693966526507e+03	1.824360338272405790e-01	1.127850556131822363e-01	2.942617880620301829e-01	1.864745335332972376e-01	8.679883776725524913e-02	3.926395328004927271e-02	9.797979791651710568e-02
1.906081464180181683e+03	1.821484765436199860e-01	1.125836630662066101e-01	2.944497427471052808e-01	1.865994719029488991e-01	8.685499857780880351e-02	3.930450332586988421e-02	9.805914383601239959e-02
1.910919234393836859e+03	1.818626018328534932e-01	1.123834493911544802e-01	2.946366369794407580e-01	1.867236305560957543e-01	8.691084695428691331e-02	3.934484479852209948e-02	9.813798948721838555e-02
1.915757004607492036e+03	1.815783998445515413e-01	1.121844076731487450e-01	2.948224765382073675e-01	1.868470146008175958e-01	8.696638454544446117e-02	3.938497860057620092e-02	9.821633819682598632e-02
1.920594774821147894e+03	1.812958607857797777e-01	1.119865310382711643e-01	2.950072671733234286e-01	1.869696291091143825e-01	8.702161299247830606e-02	3.942490563286023958e-02	9.829419326774462007e-02
1.925432545034802843e+03	1.810149749207423386e-01	1.117898126533011793e-01	2.951910146055802819e-01	1.870914791171932878e-01	8.707653392904281253e-02	3.946462679443043381e-02	9.837155797928172352e-02
1.930270315248458019e+03	1.807357325704655460e-01	1.115942457254573972e-01	2.953737245267666900e-01	1.872125696257528893e-01	8.713114898126603225e-02	3.950414298254227574e-02	9.844843558732130351e-02
1.935108085462113195e+03	1.804581241124826041e-01	1.113998235021416983e-01	2.955554025997935153e-01	1.873329056002642490e-01	8.718545976776628792e-02	3.954345509262222058e-02	9.852482932450150332e-02
1.939945855675768371e+03	1.801821399805186297e-01	1.112065392706859945e-01	2.957360544588178985e-01	1.874524919712495241e-01	8.723946789966918747e-02	3.958256401823995185e-02	9.860074240039091997e-02
1.944783625889424002e+03	1.799077706641767360e-01	1.110143863581011942e-01	2.959156857093666049e-01	1.875713336345573024e-01	8.729317498062502678e-02	3.962147065108133359e-02	9.867617800166395003e-02
1.949621396103079178e+03	1.796350067086248670e-01	1.108233581308289001e-01	2.960943019284594246e-01	1.876894354516355501e-01	8.734658260682670594e-02	3.966017588092187601e-02	9.875113929227483101e-02
1.954459166316734354e+03	1.793638387142836577e-01	1.106334479944950655e-01	2.962719086647322420e-01	1.878068022498015910e-01	8.739969236702792299e-02	3.969868059560084650e-02	9.882562941363078057e-02
1.959296936530389530e+03	1.790942573365151003e-01	1.104446493936662027e-01	2.964485114385596587e-01	1.879234388225096697e-01	8.745250584256178406e-02	3.973698568099592182e-02	9.889965148476378975e-02
1.964134706744044706e+03	1.788262532853122089e-01	1.102569558116076043e-01	2.966241157421770080e-01	1.880393499296158233e-01	8.750502460735973265e-02	3.977509202099841629e-02	9.897320860250133356e-02
1.968972476957700337e+03	1.785598173249898779e-01	1.100703607700438263e-01	2.967987270398024791e-01	1.881545402976401438e-01	8.755725022797089530e-02	3.981300049748907194e-02	9.904630384163588819e-02
1.973810247171355968e+03	1.782949402738767675e-01	1.098848578289211564e-01	2.969723507677584640e-01	1.882690146200264592e-01	8.760918426358162148e-02	3.985071199031438999e-02	9.911894025509336570e-02
1.978648017385010689e+03	1.780316130040082157e-01	1.097004405861722182e-01	2.971449923345927946e-01	1.883827775573998220e-01	8.766082826603543987e-02	3.988822737726353124e-02	9.919112087410018874e-02
1.983485787598666320e+03	1.777698264408205941e-01	1.095171026774824363e-01	2.973166571211996456e-01	1.884958337378212223e-01	8.771218377985330605e-02	3.992554753404573692e-02	9.926284870834931051e-02
