1.035282825722230655e+03	2.725269560910320576e-01	1.778149950567070314e-01	2.360828000295123463e-01	1.435131963251490006e-01	6.935336886451357041e-02	2.837726550577266554e-02	7.233141812687464423e-02
1.040120595935886058e+03	2.717700910065982134e-01	1.771805318421926789e-01	2.365262085024874006e-01	1.439284896381313184e-01	6.958120384129103109e-02	2.844813176873073335e-02	7.256534340012986417e-02
1.044958366149541234e+03	2.710141595537145509e-01	1.765528285151085619e-01	2.369986967609938044e-01	1.443408351263073541e-01	6.977652282108141868e-02	2.851917713947028921e-02	7.279778008288532998e-02
1.049796136363196410e+03	2.702593840352189303e-01	1.759316661817023619e-01	2.374866028961592213e-01	1.447502644101357760e-01	6.995292574839055699e-02	2.859037901632144330e-02	7.302877771163304721e-02
1.054633906576851814e+03	2.695059632533866600e-01	1.753168381444761281e-01	2.379821291814906703e-01	1.451568033483435216e-01	7.011817849079282627e-02	2.866172060409506728e-02	7.325836697697644950e-02
1.059471676790506763e+03	2.687540777062268349e-01	1.747081490345158417e-01	2.384808263767752012e-01	1.455604746039766140e-01	7.027671590788547862e-02	2.873318849953144724e-02	7.348656787064992979e-02
1.064309447004162394e+03	2.680038928466748072e-01	1.741054140613264578e-01	2.389801573276184032e-01	1.459612990980798108e-01	7.043107102214010706e-02	2.880477131144802000e-02	7.371339433227377946e-02
1.069147217217817570e+03	2.672555612184845941e-01	1.735084583447736861e-01	2.394786768106323682e-01	1.463592968289981477e-01	7.058269102712257104e-02	2.887645887168418385e-02	7.393885689786579285e-02
1.073984987431472746e+03	2.665092239344986624e-01	1.729171163080347740e-01	2.399755632368610059e-01	1.467544873301735719e-01	7.073240319890490568e-02	2.894824178338869375e-02	7.416296420769971642e-02
1.078822757645127922e+03	2.657650117641408571e-01	1.723312311186785128e-01	2.404703512562783030e-01	1.471468899221965998e-01	7.088068091318050490e-02	2.902011116193493542e-02	7.438572386315162044e-02
1.083660527858783553e+03	2.650230459833972652e-01	1.717506541697360611e-01	2.409627790713960716e-01	1.475365238480068619e-01	7.102779552910035155e-02	2.909205848583624673e-02	7.460714291208850324e-02
1.088498298072438729e+03	2.642834390756429452e-01	1.711752445953778623e-01	2.414527012469651901e-01	1.479234083419606605e-01	7.117390310673021858e-02	2.916407551048338237e-02	7.482722812240105714e-02
1.093336068286093905e+03	2.635462953345636405e-01	1.706048688174275629e-01	2.419400389166050658e-01	1.483075626616881804e-01	7.131909391671525933e-02	2.923615421776682224e-02	7.504598613479478153e-02
1.098173838499749309e+03	2.628117113991872422e-01	1.700394001199067029e-01	2.424247513425576706e-01	1.486890060992207829e-01	7.146342070563589666e-02	2.930828678620352179e-02	7.526342354684947833e-02
1.103011608713404712e+03	2.620797767388683419e-01	1.694787182493941446e-01	2.429068196680106428e-01	1.490677579807674069e-01	7.160691483170339433e-02	2.938046557278626431e-02	7.547954695803110736e-02
1.107849378927059888e+03	2.613505740990823556e-01	1.689227090393544961e-01	2.433862376315566178e-01	1.494438376604649565e-01	7.174959547496881362e-02	2.945268310154135205e-02	7.569436299259271750e-02
1.112687149140715292e+03	2.606241799148520943e-01	1.683712640568389707e-01	2.438630062573398649e-01	1.498172645111154333e-01	7.189147489345905362e-02	2.952493205593155479e-02	7.590787831002432373e-02
1.117524919354370468e+03	2.599006646962940259e-01	1.678242802701331859e-01	2.443371308156883637e-01	1.501880579136040672e-01	7.203256142181557742e-02	2.959720527346946378e-02	7.612009960855660451e-02
1.122362689568025871e+03	2.591800933894002346e-01	1.672816597360563540e-01	2.448086190805843776e-01	1.505562372459409992e-01	7.217286118111983229e-02	2.966949574160772374e-02	7.633103362485180177e-02
1.127200459781681047e+03	2.584625257143575716e-01	1.667433093057185955e-01	2.452774803280234617e-01	1.509218218724413807e-01	7.231237905298527890e-02	2.974179659437292331e-02	7.654068713166213567e-02
1.132038229995336451e+03	2.577480164832096632e-01	1.662091403476275708e-01	2.457437247578062312e-01	1.512848311333166162e-01	7.245111923369919327e-02	2.981410110943869679e-02	7.674906693446327532e-02
1.136876000208991627e+03	2.570366158983549698e-01	1.656790684871101982e-01	2.462073631574806520e-01	1.516452843348116419e-01	7.258908554870946439e-02	2.988640270546391933e-02	7.695617986763041152e-02
1.141713770422646803e+03	2.563283698331676463e-01	1.651530133610800977e-01	2.466684067049061124e-01	1.520032007399458596e-01	7.272628163039183968e-02	2.995869493959662372e-02	7.716203279047305352e-02
1.146551540636302207e+03	2.556233200958872298e-01	1.646308983872424303e-01	2.471268668503059096e-01	1.523585995598731313e-01	7.286271101786367943e-02	3.003097150508661842e-02	7.736663258330225834e-02
1.151389310849957155e+03	2.549215046778147142e-01	1.641126505468816499e-01	2.475827552440247048e-01	1.527114999458519806e-01	7.299837721239157973e-02	3.010322622897419406e-02	7.756998614362242694e-02
1.156227081063612786e+03	2.542229579867710254e-01	1.635982001804305308e-01	2.480360836906825572e-01	1.530619209818054882e-01	7.313328370754119956e-02	3.017545306983611050e-02	7.777210038249433854e-02
1.161064851277267962e+03	2.535277110667046863e-01	1.630874807950652150e-01	2.484868641186834259e-01	1.534098816774435992e-01	7.326743400499666214e-02	3.024764611557802588e-02	7.797298222108962895e-02
1.165902621490923138e+03	2.528357918042753449e-01	1.625804288836167899e-01	2.489351085587569179e-01	1.537554009619186701e-01	7.340083162228322466e-02	3.031979958126703248e-02	7.817263858744318006e-02
1.170740391704578315e+03	2.521472251231885453e-01	1.620769837541315705e-01	2.493808291279075440e-01	1.540984976779839477e-01	7.353348009594767865e-02	3.039190780700045530e-02	7.837107641340138042e-02
1.175578161918233945e+03	2.514620331670067710e-01	1.615770873694518939e-01	2.498240380166872887e-01	1.544391905766251682e-01	7.366538298222091719e-02	3.046396525580867889e-02	7.856830263176048379e-02
1.180415932131889122e+03	2.507802354711199389e-01	1.610806841962261482e-01	2.502647474785866799e-01	1.547774983121367465e-01	7.379654385631423397e-02	3.053596651159051420e-02	7.876432417358694704e-02
1.185253702345544298e+03	2.501018491245159958e-01	1.605877210627920659e-01	2.507029698208445012e-01	1.551134394376152692e-01	7.392696631100253990e-02	3.060790627708011996e-02	7.895914796571072702e-02
1.190091472559199701e+03	2.494268889219545260e-01	1.600981470254098371e-01	2.511387173962626451e-01	1.554470324008437043e-01	7.405665395486349389e-02	3.067977937184475715e-02	7.915278092838227975e-02
1.194929242772855105e+03	2.487553675071103032e-01	1.596119132423522990e-01	2.515720025957797201e-01	1.557782955405422887e-01	7.418561041037967374e-02	3.075158073031282815e-02	7.934522997308411651e-02
1.199767012986510281e+03	2.480872955072204178e-01	1.591289728553892946e-01	2.520028378416510617e-01	1.561072470829625858e-01	7.431383931201804294e-02	3.082330539983170470e-02	7.953650200048811847e-02
1.204604783200165684e+03	2.474226816597366041e-01	1.586492808782295760e-01	2.524312355811381692e-01	1.564339051388027590e-01	7.444134430434937166e-02	3.089494853875495578e-02	7.972660389854978324e-02
1.209442553413820860e+03	2.467615329314550854e-01	1.581727940915105268e-01	2.528572082806421761e-01	1.567582877004236597e-01	7.456812904023944755e-02	3.096650541455855943e-02	7.991554254073175712e-02
1.214280323627476264e+03	2.461038546305682750e-01	1.576994709439488440e-01	2.532807684202353915e-01	1.570804126393462730e-01	7.469419717912806345e-02	3.103797140198570614e-02	8.010332478434860348e-02
1.219118093841131440e+03	2.454496505120562500e-01	1.572292714592897211e-01	2.537019284885555503e-01	1.574002977040123985e-01	7.481955238540163866e-02	3.110934198121987487e-02	8.028995746902574393e-02
1.223955864054786844e+03	2.447989228768114589e-01	1.567621571487116949e-01	2.541207009780348525e-01	1.577179605177911337e-01	7.494419832686045890e-02	3.118061273608574782e-02	8.047544741526577172e-02
1.228793634268442020e+03	2.441516726648667868e-01	1.562980909283663566e-01	2.545370983804405851e-01	1.580334185772155620e-01	7.506813867327852274e-02	3.125177935227765880e-02	8.065980142311561518e-02
1.233631404482097196e+03	2.435078995430753623e-01	1.558370370417494488e-01	2.549511331827055693e-01	1.583466892504341583e-01	7.519137709505280265e-02	3.132283761561521773e-02	8.084302627092851412e-02
1.238469174695752372e+03	2.428676019875697090e-01	1.553789609866189081e-01	2.553628178630313328e-01	1.586577897758627842e-01	7.531391726193749359e-02	3.139378341032571240e-02	8.102512871421516105e-02
1.243306944909407548e+03	2.422307773613087689e-01	1.549238294461915411e-01	2.557721648872459119e-01	1.589667372610241158e-01	7.543576284185922465e-02	3.146461271735297854e-02	8.120611548457859485e-02
1.248144715123063179e+03	2.415974219870029582e-01	1.544716102243664790e-01	2.561791867054014626e-01	1.592735486815616830e-01	7.555691749980847360e-02	3.153532161269236023e-02	8.138599328872772598e-02
1.252982485336718355e+03	2.409675312156902283e-01	1.540222721847372411e-01	2.565838957485970240e-01	1.595782408804169994e-01	7.567738489680317371e-02	3.160590626575143780e-02	8.156476880756499681e-02
1.257820255550373531e+03	2.403410994912203724e-01	1.535757851931701390e-01	2.569863044260123908e-01	1.598808305671586827e-01	7.579716868892005799e-02	3.167636293773615913e-02	8.174244869534330604e-02
1.262658025764028707e+03	2.397181204108889130e-01	1.531321200637379698e-01	2.573864251221408828e-01	1.601813343174529058e-01	7.591627252639002177e-02	3.174668798006199943e-02	8.191903957888840848e-02
1.267495795977684338e+03	2.390985867824486355e-01	1.526912485078114057e-01	2.577842701942091863e-01	1.604797685726658263e-01	7.603470005275360377e-02	3.181687783278988602e-02	8.209454805688254364e-02
1.272333566191339514e+03	2.384824906777122666e-01	1.522531430861223944e-01	2.581798519697726668e-01	1.607761496395886391e-01	7.615245490407297757e-02	3.188692902308646465e-02	8.226898069920562939e-02
1.277171336404994690e+03	2.378698234829482450e-01	1.518177771636239071e-01	2.585731827444758824e-01	1.610704936902767892e-01	7.626954070819720599e-02	3.195683816370844393e-02	8.244234404633064839e-02
1.282009106618650094e+03	2.372605759462587671e-01	1.513851248669814409e-01	2.589642747799682510e-01	1.613628167619947651e-01	7.638596108407752494e-02	3.202660195151058042e-02	8.261464460876977167e-02
1.286846876832305497e+03	2.366547382221189377e-01	1.509551610445414860e-01	2.593531403019657677e-01	1.616531347572599253e-01	7.650171964112967293e-02	3.209621716597710339e-02	8.278588886656816637e-02
1.291684647045960673e+03	2.360522999132443345e-01	1.505278612286303497e-01	2.597397914984500011e-01	1.619414634439771405e-01	7.661681997864044913e-02	3.216568066777617668e-02	8.295608326884267025e-02
1.296522417259616077e+03	2.354532501099451947e-01	1.501032016000467262e-01	2.601242405179956529e-01	1.622278184556583125e-01	7.673126568521584923e-02	3.223498939733701607e-02	8.312523423336241890e-02
1.301360187473271253e+03	2.348575774271159100e-01	1.496811589546185040e-01	2.605064994682196877e-01	1.625122152917202467e-01	7.684506033826833671e-02	3.230414037344950251e-02	8.329334814616896898e-02
1.306197957686926657e+03	2.342652700389996623e-01	1.492617106717020747e-01	2.608865804143443157e-01	1.627946693178550785e-01	7.695820750354079309e-02	3.237313069188575698e-02	8.346043136123346140e-02
1.311035727900581833e+03	2.336763157118594281e-01	1.488448346845099024e-01	2.612644953778669454e-01	1.630751957664676455e-01	7.707071073466513489e-02	3.244195752404357980e-02	8.362649020014849277e-02
1.315873498114237009e+03	2.330907018346796145e-01	1.484305094521587709e-01	2.616402563353306676e-01	1.633538097371747544e-01	7.718257357275326580e-02	3.251061811561128251e-02	8.379153095185265521e-02
1.320711268327892412e+03	2.325084154480148158e-01	1.480187139333371815e-01	2.620138752171894958e-01	1.636305261973616809e-01	7.729379954601864333e-02	3.257910978525363488e-02	8.395555987238555173e-02
1.325549038541547588e+03	2.319294432710947707e-01	1.476094275614967810e-01	2.623853639067620924e-01	1.639053599827906826e-01	7.740439216942644751e-02	3.264742992331871180e-02	8.411858318467156648e-02
1.330386808755202765e+03	2.313537717272894645e-01	1.472026302214776983e-01	2.627547342392692054e-01	1.641783257982582789e-01	7.751435494437076967e-02	3.271557599056516830e-02	8.428060707833050225e-02
1.335224578968857941e+03	2.307813869680308549e-01	1.467983022274839677e-01	2.631219980009495418e-01	1.644494382182964398e-01	7.762369135837701717e-02	3.278354551690983859e-02	8.444163770951342018e-02
1.340062349182513572e+03	2.302122748952828979e-01	1.463964243023291312e-01	2.634871669282489726e-01	1.647187116879144930e-01	7.773240488482829891e-02	3.285133610019520117e-02	8.460168120076205778e-02
1.344900119396168748e+03	2.296464211826455271e-01	1.459969775578774387e-01	2.638502527070791248e-01	1.649861605233780004e-01	7.784049898271391821e-02	3.291894540497648097e-02	8.476074364089049296e-02
1.349737889609823924e+03	2.290838112951738836e-01	1.455999434766102885e-01	2.642112669721408680e-01	1.652517989130213305e-01	7.794797709639905703e-02	3.298637116132814573e-02	8.491883108488740284e-02
1.354575659823479100e+03	2.285244305079882354e-01	1.452053038942516527e-01	2.645702213063088060e-01	1.655156409180909005e-01	7.805484265541411115e-02	3.305361116366938024e-02	8.507594955383783464e-02
1.359413430037134731e+03	2.279682639237470831e-01	1.448130409833903176e-01	2.649271272400729460e-01	1.657777004736165072e-01	7.816109907426248282e-02	3.312066326960842050e-02	8.523210503486315648e-02
1.364251200250789907e+03	2.274152964890499284e-01	1.444231372380401501e-01	2.652819962510341578e-01	1.660379913893074988e-01	7.826674975224590103e-02	3.318752539880533842e-02	8.538730348107793910e-02
1.369088970464445310e+03	2.268655130098336803e-01	1.440355754590833814e-01	2.656348397634502589e-01	1.662965273504717345e-01	7.837179807330592329e-02	3.325419553185304800e-02	8.554155081156286644e-02
1.373926740678100487e+03	2.263188981658223187e-01	1.436503387405450860e-01	2.659856691478290625e-01	1.665533219189547776e-01	7.847624740588091119e-02	3.332067170917628329e-02	8.569485291135246763e-02
1.378764510891755890e+03	2.257754365240855488e-01	1.432674104566495354e-01	2.663344957205662777e-01	1.668083885340972128e-01	7.858010110277729998e-02	3.338695202994822198e-02	8.584721563143682399e-02
1.383602281105411066e+03	2.252351125517597086e-01	1.428867742496131021e-01	2.666813307436249336e-01	1.670617405137080347e-01	7.868336250105441299e-02	3.345303465102457408e-02	8.599864478877616847e-02
1.388440051319066470e+03	2.246979106279805016e-01	1.425084140181299697e-01	2.670261854242538813e-01	1.673133910550521630e-01	7.878603492192196023e-02	3.351891778589474735e-02	8.614914616632782240e-02
1.393277821532721646e+03	2.241638150550740727e-01	1.421323139065102381e-01	2.673690709147428790e-01	1.675633532358500599e-01	7.888812167064943037e-02	3.358459970364999214e-02	8.629872551308434558e-02
1.398115591746377049e+03	2.236328100690509191e-01	1.417584582944320937e-01	2.677099983122124272e-01	1.678116400152885324e-01	7.898962603648662650e-02	3.365007872796811628e-02	8.644738854412231666e-02
1.402953361960032225e+03	2.231048798494435215e-01	1.413868317872715719e-01	2.680489786584355216e-01	1.680582642350401390e-01	7.909055129259466577e-02	3.371535323611461743e-02	8.659514094066100842e-02
1.407791132173687402e+03	2.225800085285269680e-01	1.410174192069768018e-01	2.683860229396896613e-01	1.683032386202905351e-01	7.919090069598684611e-02	3.378042165795995533e-02	8.674198835013027797e-02
1.412628902387342805e+03	2.220581801999592098e-01	1.406502055834539244e-01	2.687211420866374434e-01	1.685465757807721454e-01	7.929067748747867239e-02	3.384528247501270015e-02	8.688793638624701943e-02
1.417466672600997981e+03	2.215393789268753078e-01	1.402851761464355418e-01	2.690543469742331939e-01	1.687882882118026673e-01	7.938988489164647278e-02	3.390993421946833508e-02	8.703299062909959638e-02
1.422304442814653157e+03	2.210235887494682028e-01	1.399223163178025253e-01	2.693856484216550773e-01	1.690283882953278194e-01	7.948852611679424474e-02	3.397437547327349094e-02	8.717715662523979614e-02
1.427142213028308333e+03	2.205107936920866762e-01	1.395616117043332327e-01	2.697150571922600215e-01	1.692668883009664782e-01	7.958660435492785623e-02	3.403860486720534234e-02	8.732043988778159793e-02
1.431979983241963964e+03	2.200009777698788971e-01	1.392030480908549306e-01	2.700425839935606254e-01	1.695038003870578958e-01	7.968412278173656049e-02	3.410262107996594322e-02	8.746284589650638042e-02
1.436817753455619140e+03	2.194941249950089768e-01	1.388466114337739143e-01	2.703682394772222164e-01	1.697391366017095837e-01	7.978108455658106113e-02	3.416642283729128676e-02	8.760438009797417991e-02
1.441655523669274316e+03	2.189902193824717347e-01	1.384922878549617320e-01	2.706920342390795042e-01	1.699729088838453361e-01	7.987749282248773897e-02	3.423000891107485372e-02	8.774504790564034706e-02
1.446493293882929493e+03	2.184892449555297100e-01	1.381400636359773892e-01	2.710139788191703314e-01	1.702051290642521697e-01	7.997335070614883246e-02	3.429337811850544093e-02	8.788485469997743549e-02
1.451331064096585123e+03	2.179911857507947637e-01	1.377899252126053020e-01	2.713340837017866325e-01	1.704358088666257931e-01	8.006866131792796104e-02	3.435652932121902731e-02	8.802380582860175329e-02
1.456168834310240300e+03	2.174960258229760024e-01	1.374418591696908443e-01	2.716523593155409921e-01	1.706649599086138558e-01	8.016342775187076941e-02	3.441946142446444812e-02	8.816190660640434162e-02
1.461006604523895703e+03	2.170037492493129272e-01	1.370958522362558940e-01	2.719688160334472471e-01	1.708925937028560882e-01	8.025765308572040124e-02	3.448217337628277368e-02	8.829916231568596396e-02
1.465844374737550879e+03	2.165143401337138174e-01	1.367518912808781406e-01	2.722834641730151328e-01	1.711187216580210002e-01	8.035134038093730280e-02	3.454466416669998291e-02	8.843557820629582844e-02
1.470682144951206283e+03	2.160277826106161980e-01	1.364099633073189710e-01	2.725963139963574755e-01	1.713433550798386107e-01	8.044449268272330089e-02	3.460693282693292488e-02	8.857115949577375191e-02
1.475519915164861459e+03	2.155440608485858500e-01	1.360700554503848081e-01	2.729073757103090969e-01	1.715665051721283196e-01	8.053711302004948336e-02	3.466897842860824919e-02	8.870591136949543265e-02
1.480357685378516862e+03	2.150631590536709603e-01	1.357321549720090781e-01	2.732166594665567105e-01	1.717881830378219787e-01	8.062920440568772940e-02	3.473080008299414545e-02	8.883983898082062347e-02
1.485195455592172038e+03	2.145850614725250405e-01	1.353962492575412346e-01	2.735241753617794203e-01	1.720083996799813275e-01	8.072076983624562607e-02	3.479239694024467006e-02	8.897294745124394166e-02
1.490033225805827215e+03	2.141097523953129911e-01	1.350623258122314041e-01	2.738299334377981009e-01	1.722271660028096563e-01	8.081181229220452122e-02	3.485376818865647958e-02	8.910524187054813527e-02
1.494870996019482618e+03	2.136372161584133011e-01	1.347303722578986618e-01	2.741339436817343267e-01	1.724444928126572518e-01	8.090233473796051844e-02	3.491491305393779054e-02	8.923672729695937555e-02
1.499708766233137567e+03	2.131674371469285678e-01	1.344003763297729470e-01	2.744362160261771821e-01	1.726603908190202374e-01	8.099234012186819209e-02	3.497583079848932963e-02	8.936740875730475597e-02
1.504546536446793198e+03	2.127003997970157712e-01	1.340723258734997647e-01	2.747367603493577337e-01	1.728748706355325293e-01	8.108183137628684201e-02	3.503652072069715628e-02	8.949729124717137330e-02
1.509384306660448374e+03	2.122360885980474066e-01	1.337462088422989581e-01	2.750355864753306623e-01	1.730879427809507431e-01	8.117081141762913510e-02	3.509698215423714962e-02	8.962637973106715727e-02
1.514222076874103550e+03	2.117744880946130781e-01	1.334220132942680326e-01	2.753327041741624459e-01	1.732996176801317734e-01	8.125928314641187034e-02	3.515721446739086820e-02	8.975467914258306035e-02
1.519059847087758726e+03	2.113155828883721832e-01	1.330997273898220368e-01	2.756281231621258154e-01	1.735099056650026839e-01	8.134724944730888085e-02	3.521721706237285893e-02	8.988219438455662125e-02
1.523897617301414357e+03	2.108593576397655711e-01	1.327793393892619522e-01	2.759218531018994836e-01	1.737188169755228828e-01	8.143471318920572632e-02	3.527698937466894336e-02	9.000893032923652781e-02
1.528735387515069533e+03	2.104057970695954183e-01	1.324608376504640417e-01	2.762139036027733141e-01	1.739263617606383316e-01	8.152167722525617555e-02	3.533653087238548818e-02	9.013489181844830389e-02
1.533573157728724709e+03	2.099548859604810913e-01	1.321442106266835226e-01	2.765042842208582652e-01	1.741325500792275938e-01	8.160814439294029887e-02	3.539584105560950045e-02	9.026008366376082892e-02
1.538410927942380113e+03	2.095066091581985201e-01	1.318294468644654882e-01	2.767930044593006067e-01	1.743373919010396400e-01	8.169411751412404554e-02	3.545491945577924908e-02	9.038451064665352364e-02
1.543248698156035516e+03	2.090609515729100198e-01	1.315165350016573031e-01	2.770800737685004678e-01	1.745408971076234661e-01	8.177959939512019494e-02	3.551376563506536410e-02	9.050817751868427130e-02
1.548086468369690692e+03	2.086178981802915555e-01	1.312054637655165334e-01	2.773655015463335483e-01	1.747430754932487729e-01	8.186459282675059845e-02	3.557237918576221930e-02	9.063108900165779691e-02
1.552924238583346096e+03	2.081774340225633069e-01	1.308962219709087493e-01	2.776492971383770492e-01	1.749439367658185418e-01	8.194910058440948997e-02	3.563075972968939714e-02	9.075324978779451823e-02
1.557762008797001272e+03	2.077395442094297218e-01	1.305887985185900935e-01	2.779314698381377124e-01	1.751434905477726733e-01	8.203312542812800368e-02	3.568890691760314565e-02	9.087466453989963278e-02
1.562599779010656675e+03	2.073042139189344713e-01	1.302831823935700906e-01	2.782120288872836356e-01	1.753417463769830764e-01	8.211667010263959399e-02	3.574682042861757059e-02	9.099533789153255170e-02
1.567437549224311852e+03	2.068714283982354407e-01	1.299793626635495358e-01	2.784909834758779734e-01	1.755387137076397930e-01	8.219973733744628808e-02	3.580449996963556286e-02	9.111527444717640312e-02
1.572275319437967255e+03	2.064411729643049198e-01	1.296773284774297985e-01	2.787683427426151384e-01	1.757344019111284350e-01	8.228232984688586826e-02	3.586194527478914207e-02	9.123447878240770192e-02
1.577113089651622431e+03	2.060134330045593487e-01	1.293770690638887944e-01	2.790441157750593870e-01	1.759288202768987119e-01	8.236445033019972051e-02	3.591915610488918831e-02	9.135295544406590862e-02
1.581950859865277607e+03	2.055881939774229783e-01	1.290785737300204905e-01	2.793183116098846286e-01	1.761219780133242430e-01	8.244610147160134905e-02	3.597613224688435418e-02	9.147070895042308525e-02
1.586788630078933011e+03	2.051654414128298298e-01	1.287818318600338074e-01	2.795909392331165089e-01	1.763138842485531266e-01	8.252728594034552945e-02	3.603287351332902511e-02	9.158774379135324606e-02
1.591626400292587959e+03	2.047451609126673400e-01	1.284868329140079202e-01	2.798620075803759377e-01	1.765045480313501280e-01	8.260800639079790564e-02	3.608937974186020997e-02	9.170406442850172202e-02
1.596464170506243590e+03	2.043273381511654940e-01	1.281935664267005726e-01	2.801315255371231161e-01	1.766939783319294854e-01	8.268826546250528098e-02	3.614565079468318870e-02	9.181967529545412288e-02
1.601301940719898766e+03	2.039119588752350554e-01	1.279020220064064350e-01	2.803995019389037280e-01	1.768821840427791392e-01	8.276806578026602024e-02	3.620168655806580565e-02	9.193458079790509108e-02
1.606139710933553943e+03	2.034990089047578332e-01	1.276121893338627578e-01	2.806659455715955209e-01	1.770691739794760244e-01	8.284740995420113163e-02	3.625748694184123544e-02	9.204878531382676421e-02
1.610977481147209119e+03	2.030884741328320697e-01	1.273240581611994604e-01	2.809308651716559413e-01	1.772549568814925369e-01	8.292630057982545988e-02	3.631305187891910313e-02	9.216229319363675176e-02
1.615815251360864750e+03	2.026803405259756108e-01	1.270376183109316326e-01	2.811942694263700471e-01	1.774395414129941173e-01	8.300474023811929558e-02	3.636838132480491037e-02	9.227510876036570941e-02
1.620653021574519926e+03	2.022745941242899415e-01	1.267528596749913916e-01	2.814561669740995864e-01	1.776229361636282034e-01	8.308273149560015114e-02	3.642347525712745504e-02	9.238723630982462187e-02
1.625490791788175102e+03	2.018712210415871955e-01	1.264697722137975988e-01	2.817165664045319096e-01	1.778051496493043004e-01	8.316027690439475872e-02	3.647833367517430703e-02	9.249868011077132246e-02
1.630328562001830505e+03	2.014702074654825259e-01	1.261883459553607978e-01	2.819754762589295471e-01	1.779861903129654754e-01	8.323737900231120701e-02	3.653295659943509022e-02	9.260944440507673514e-02
1.635166332215485909e+03	2.010715396574542235e-01	1.259085709944217368e-01	2.822329050303801767e-01	1.781660665253510523e-01	8.331404031291127221e-02	3.658734407115248055e-02	9.271953340789038100e-02
1.640004102429141085e+03	2.006752039528736375e-01	1.256304374916214772e-01	2.824888611640462566e-01	1.783447865857509529e-01	8.339026334558280462e-02	3.664149615188085768e-02	9.282895130780535742e-02
1.644841872642796488e+03	2.002811867610066465e-01	1.253539356727014220e-01	2.827433530574147702e-01	1.785223587227512676e-01	8.346605059561211515e-02	3.669541292305235347e-02	9.293770226702277593e-02
1.649679642856451665e+03	1.998894745649889282e-01	1.250790558277315723e-01	2.829963890605471377e-01	1.786987910949714153e-01	8.354140454425655615e-02	3.674909448555033209e-02	9.304579042151542301e-02
1.654517413070107068e+03	1.995000539217760827e-01	1.248057883103654703e-01	2.832479774763289049e-01	1.788740917917930329e-01	8.361632765881694962e-02	3.680254095929010039e-02	9.315321988119090735e-02
1.659355183283762244e+03	1.991129114620709406e-01	1.245341235371204974e-01	2.834981265607189327e-01	1.790482688340801487e-01	8.369082239271009860e-02	3.685575248280672372e-02	9.325999473005400220e-02
1.664192953497417420e+03	1.987280338902294441e-01	1.242640519866820004e-01	2.837468445229989755e-01	1.792213301748915300e-01	8.376489118554120150e-02	3.690872921284985009e-02	9.336611902636839100e-02
1.669030723711072824e+03	1.983454079841458217e-01	1.239955641992299545e-01	2.839941395260218715e-01	1.793932837001843694e-01	8.383853646317632191e-02	3.696147132398550084e-02	9.347159680281758032e-02
1.673868493924728000e+03	1.979650205951195563e-01	1.237286507757871246e-01	2.842400196864602879e-01	1.795641372295100346e-01	8.391176063781458083e-02	3.701397900820461301e-02	9.357643206666521607e-02
1.678706264138383403e+03	1.975868586477045885e-01	1.234633023775874028e-01	2.844844930750544676e-01	1.797338985167018233e-01	8.398456610806043221e-02	3.706625247453824989e-02	9.368062879991451153e-02
1.683544034352038352e+03	1.972109091395422009e-01	1.231995097254633686e-01	2.847275677168593089e-01	1.799025752505543918e-01	8.405695525899575804e-02	3.711829194867945908e-02	9.378419095946698147e-02
1.688381804565693983e+03	1.968371591411786081e-01	1.229372635992520002e-01	2.849692515914916124e-01	1.800701750554955238e-01	8.412893046225181082e-02	3.717009767261151426e-02	9.388712247728051019e-02
1.693219574779349159e+03	1.964655957958686139e-01	1.226765548372174552e-01	2.852095526333755515e-01	1.802367054922499046e-01	8.420049407608100334e-02	3.722166990424265187e-02	9.398942726052637864e-02
1.698057344993004335e+03	1.960962063193659177e-01	1.224173743354904365e-01	2.854484787319888084e-01	1.804021740584951794e-01	8.427164844542855970e-02	3.727300891704696251e-02	9.409110919174572263e-02
1.702895115206659511e+03	1.957289779997014312e-01	1.221597130475227388e-01	2.856860377321066569e-01	1.805665881895101854e-01	8.434239590200399983e-02	3.732411499971150654e-02	9.419217212900506120e-02
1.707732885420315142e+03	1.953638981969499366e-01	1.219035619835566048e-01	2.859222374340463224e-01	1.807299552588156333e-01	8.441273876435241574e-02	3.737498845578954287e-02	9.429261990605111721e-02
1.712570655633970318e+03	1.950009543429864489e-01	1.216489122101079706e-01	2.861570855939100655e-01	1.808922825788072120e-01	8.448267933792555362e-02	3.742562960335967664e-02	9.439245633246468037e-02
1.717408425847625494e+03	1.946401339412328346e-01	1.213957548494628835e-01	2.863905899238273212e-01	1.810535774013812549e-01	8.455221991515263213e-02	3.747603877469087019e-02	9.449168519381374864e-02
1.722246196061280898e+03	1.942814245663952721e-01	1.211440810791864775e-01	2.866227580921967832e-01	1.812138469185529122e-01	8.462136277551104979e-02	3.752621631591334522e-02	9.459031025180578145e-02
1.727083966274936301e+03	1.939248138641934682e-01	1.208938821316438705e-01	2.868535977239262125e-01	1.813730982630670507e-01	8.469011018559675918e-02	3.757616258669507076e-02	9.468833524443917571e-02
1.731921736488591478e+03	1.935702895510822141e-01	1.206451492935323305e-01	2.870831164006729663e-01	1.815313385090018827e-01	8.475846439919446085e-02	3.762587795992392015e-02	9.478576388615382597e-02
1.736759506702246881e+03	1.932178394139656696e-01	1.203978739054242381e-01	2.873113216610823639e-01	1.816885746723656270e-01	8.482642765734749180e-02	3.767536282139532372e-02	9.488259986798085188e-02
1.741597276915902057e+03	1.928674513099054300e-01	1.201520473613202911e-01	2.875382210010256623e-01	1.818448137116857044e-01	8.489400218842753365e-02	3.772461756950534068e-02	9.497884685769154844e-02
1.746435047129557461e+03	1.925191131658222643e-01	1.199076611082123822e-01	2.877638218738370335e-01	1.820000625285913276e-01	8.496119020820400158e-02	3.777364261494911557e-02	9.507450849994536490e-02
1.751272817343212637e+03	1.921728129781925531e-01	1.196647066456558439e-01	2.879881316905493205e-01	1.821543279683888461e-01	8.502799391991319733e-02	3.782243838042449735e-02	9.516958841643716194e-02
1.756110587556867813e+03	1.918285388127397850e-01	1.194231755253503946e-01	2.882111578201291824e-01	1.823076168206305137e-01	8.509441551432717077e-02	3.787100530034092499e-02	9.526409020604345579e-02
1.760948357770523216e+03	1.914862788041210850e-01	1.191830593507296338e-01	2.884329075897106298e-01	1.824599358196763998e-01	8.516045716982231784e-02	3.791934382053337160e-02	9.535801744496798238e-02
1.765786127984178393e+03	1.911460211556100519e-01	1.189443497765584751e-01	2.886533882848282828e-01	1.826112916452494461e-01	8.522612105244761760e-02	3.796745439798125676e-02	9.545137368688624835e-02
1.770623898197833569e+03	1.908077541387755705e-01	1.187070385085382401e-01	2.888726071496489634e-01	1.827616909229841935e-01	8.529140931599271669e-02	3.801533750053234795e-02	9.554416246308929106e-02
1.775461668411488745e+03	1.904714660931570713e-01	1.184711173029191073e-01	2.890905713872026217e-01	1.829111402249688212e-01	8.535632410205562515e-02	3.806299360663144976e-02	9.563638728262660593e-02
1.780299438625144376e+03	1.901371454259370430e-01	1.182365779661194438e-01	2.893072881596118751e-01	1.830596460702807460e-01	8.542086754011016247e-02	3.811042320505390879e-02	9.572805163244815785e-02
1.785137208838799552e+03	1.898047806116104907e-01	1.180034123543518693e-01	2.895227645883207135e-01	1.832072149255159210e-01	8.548504174757304286e-02	3.815762679464376750e-02	9.581915897754557376e-02
1.789974979052454728e+03	1.894743601916520637e-01	1.177716123732557574e-01	2.897370077543219846e-01	1.833538532053117787e-01	8.554884882987071060e-02	3.820460488405659494e-02	9.590971276109247490e-02
1.794812749266109904e+03	1.891458727741810453e-01	1.175411699775356644e-01	2.899500246983841567e-01	1.834995672728639837e-01	8.561229088050584246e-02	3.825135799150678612e-02	9.599971640458389299e-02
1.799650519479765535e+03	1.888193070336243728e-01	1.173120771706057802e-01	2.901618224212763053e-01	1.836443634404369973e-01	8.567536998112358637e-02	3.829788664451939939e-02	9.608917330797496492e-02
1.804488289693420711e+03	1.884946517103779640e-01	1.170843260042398609e-01	2.903724078839925449e-01	1.837882479698687010e-01	8.573808820157742538e-02	3.834419137968635150e-02	9.617808684981860035e-02
1.809326059907075887e+03	1.881718956104667384e-01	1.168579085782265464e-01	2.905817880079751281e-01	1.839312270730688592e-01	8.580044759999477799e-02	3.839027274242696325e-02	9.626646038740248323e-02
1.814163830120731291e+03	1.878510276052032801e-01	1.166328170400298542e-01	2.907899696753365459e-01	1.840733069125118082e-01	8.586245022284227923e-02	3.843613128675273105e-02	9.635429725688504643e-02
1.819001600334386467e+03	1.875320366308455555e-01	1.164090435844545302e-01	2.909969597290804622e-01	1.842144936017232615e-01	8.592409810499070100e-02	3.848176757503632417e-02	9.644160077343076620e-02
1.823839370548041643e+03	1.872149116882538267e-01	1.161865804533162572e-01	2.912027649733214263e-01	1.843547932057613414e-01	8.598539326977958086e-02	3.852718217778468290e-02	9.652837423134445760e-02
1.828677140761696819e+03	1.868996418425468986e-01	1.159654199351163734e-01	2.914073921735038653e-01	1.844942117416917826e-01	8.604633772908160116e-02	3.857237567341616907e-02	9.661462090420486204e-02
1.833514910975352450e+03	1.865862162227580057e-01	1.157455543647208929e-01	2.916108480566191874e-01	1.846327551790578614e-01	8.610693348336652397e-02	3.861734864804172024e-02	9.670034404499734670e-02
1.838352681189008081e+03	1.862746240214901150e-01	1.155269761230438563e-01	2.918131393114226091e-01	1.847704294403443859e-01	8.616718252176490400e-02	3.866210169524991053e-02	9.678554688624570190e-02
1.843190451402663257e+03	1.859648544945713411e-01	1.153096776367347198e-01	2.920142725886484270e-01	1.849072404014364401e-01	8.622708682213144071e-02	3.870663541589591111e-02	9.687023264014323065e-02
1.848028221616318433e+03	1.856568969607102493e-01	1.150936513778696157e-01	2.922142545012239023e-01	1.850431938920726327e-01	8.628664835110802511e-02	3.875095041789417688e-02	9.695440449868290844e-02
1.852865991829973609e+03	1.853507408011511592e-01	1.148788898636464439e-01	2.924130916244827572e-01	1.851782956962929882e-01	8.634586906418639796e-02	3.879504731601494255e-02	9.703806563378679362e-02
1.857703762043628785e+03	1.850463754593297816e-01	1.146653856560835710e-01	2.926107904963768380e-01	1.853125515528816769e-01	8.640475090577065531e-02	3.883892673168437559e-02	9.712121919743450793e-02
1.862541532257283961e+03	1.847437904405290210e-01	1.144531313617220825e-01	2.928073576176873360e-01	1.854459671558043588e-01	8.646329580923919900e-02	3.888258929278831655e-02	9.720386832179110648e-02
1.867379302470939592e+03	1.844429753115355564e-01	1.142421196313314624e-01	2.930027994522338419e-01	1.855785481546404769e-01	8.652150569700658989e-02	3.892603563347962065e-02	9.728601611933385129e-02
1.872217072684594768e+03	1.841439197002965045e-01	1.140323431596184239e-01	2.931971224270835119e-01	1.857103001550106658e-01	8.657938248058490160e-02	3.896926639398896886e-02	9.736766568297838820e-02
1.877054842898249490e+03	1.838466132955769716e-01	1.138237946849392085e-01	2.933903329327583465e-01	1.858412287189986911e-01	8.663692806064485219e-02	3.901228222043914839e-02	9.744882008620410485e-02
1.881892613111905121e+03	1.835510458466183548e-01	1.136164669890146472e-01	2.935824373234414697e-01	1.859713393655688940e-01	8.669414432707665819e-02	3.905508376466267778e-02	9.752948238317854512e-02
1.886730383325560297e+03	1.832572071627972532e-01	1.134103528966484559e-01	2.937734419171825762e-01	1.861006375709785832e-01	8.675103315905040302e-02	3.909767168402284582e-02	9.760965560888117121e-02
1.891568153539215928e+03	1.829650871132853240e-01	1.132054452754483048e-01	2.939633529961017122e-01	1.862291287691855424e-01	8.680759642507625273e-02	3.914004664123792165e-02	9.768934277922622367e-02
1.896405923752871104e+03	1.826746756267100535e-01	1.130017370355498180e-01	2.941521768065926690e-01	1.863568183522509303e-01	8.686383598306424147e-02	3.918220930420868858e-02	9.776854689118490149e-02
1.901243693966526507e+03	1.823859626908165554e-01	1.127992211293432079e-01	2.943399195595245987e-01	1.864837116707373232e-01	8.691975368038380723e-02	3.922416034584909339e-02	9.784727092290666783e-02
1.906081464180181683e+03	1.820989383521303961e-01	1.125978905512026174e-01	2.945265874304431319e-01	1.866098140341023170e-01	8.697535135392298056e-02	3.926590044392003209e-02	9.792551783383980635e-02
1.910919234393836859e+03	1.818135927156213916e-01	1.123977383372180977e-01	2.947121865597697732e-01	1.867351307110873271e-01	8.703063083014725421e-02	3.930743028086621654e-02	9.800329056485118651e-02
1.915757004607492036e+03	1.815299159443688470e-01	1.121987575649299879e-01	2.948967230530008532e-01	1.868596669301021140e-01	8.708559392515816122e-02	3.934875054365603864e-02	9.808059203834527950e-02
1.920594774821147894e+03	1.812478982592276855e-01	1.120009413530659304e-01	2.950802029809046489e-01	1.869834278796047022e-01	8.714024244475149228e-02	3.938986192362444599e-02	9.815742515838239701e-02
1.925432545034802843e+03	1.809675299384960190e-01	1.118042828612800660e-01	2.952626323797182262e-01	1.871064187084769126e-01	8.719457818447526321e-02	3.943076511631866954e-02	9.823379281079613889e-02
1.930270315248458019e+03	1.806888013175839969e-01	1.116087752898947821e-01	2.954440172513425611e-01	1.872286445263956489e-01	8.724860292968723841e-02	3.947146082134691397e-02	9.830969786331013316e-02
1.935108085462113195e+03	1.804117027886838476e-01	1.114144118796445843e-01	2.956243635635367739e-01	1.873501104041998544e-01	8.730231845561237103e-02	3.951194974222980300e-02	9.838514316565398488e-02
1.939945855675768371e+03	1.801362248004413635e-01	1.112211859114222573e-01	2.958036772501116407e-01	1.874708213742531659e-01	8.735572652739970190e-02	3.955223258625464866e-02	9.846013154967842018e-02
1.944783625889424002e+03	1.798623578576287740e-01	1.110290907060272197e-01	2.959819642111212734e-01	1.875907824308025440e-01	8.740882890017906415e-02	3.959231006433242689e-02	9.853466582946983354e-02
1.949621396103079178e+03	1.795900925208190335e-01	1.108381196239159733e-01	2.961592303130546333e-01	1.877099985303326557e-01	8.746162731911745480e-02	3.963218289085747997e-02	9.860874880146394683e-02
1.954459166316734354e+03	1.793194194060615254e-01	1.106482660649545924e-01	2.963354813890250461e-01	1.878284745919162335e-01	8.751412351947511492e-02	3.967185178356981423e-02	9.868238324455881616e-02
1.959296936530389530e+03	1.790503291845592093e-01	1.104595234681734067e-01	2.965107232389596059e-01	1.879462154975605481e-01	8.756631922666124890e-02	3.971131746342006219e-02	9.875557192022700603e-02
1.964134706744044706e+03	1.787828125823473502e-01	1.102718853115235292e-01	2.966849616297869141e-01	1.880632260925496901e-01	8.761821615628950788e-02	3.975058065443696359e-02	9.882831757262716676e-02
1.968972476957700337e+03	1.785168603799736631e-01	1.100853451116353410e-01	2.968582022956236521e-01	1.881795111857831326e-01	8.766981601423315396e-02	3.978964208359737909e-02	9.890062292871480698e-02
1.973810247171355968e+03	1.782524634121799290e-01	1.098998964235790576e-01	2.970304509379606550e-01	1.882950755501103801e-01	8.772112049667990519e-02	3.982850248069876725e-02	9.897249069835235835e-02
1.978648017385010689e+03	1.779896125675853868e-01	1.097155328406269753e-01	2.972017132258477634e-01	1.884099239226618705e-01	8.777213129018640592e-02	3.986716257823412490e-02	9.904392357441850481e-02
1.983485787598666320e+03	1.777282987883714860e-01	1.095322479940177007e-01	2.973719947960772325e-01	1.885240610051759913e-01	8.782285007173255831e-02	3.990562311126927275e-02	9.911492423291685949e-02
1.988323557812321269e+03	1.774685130699680813e-01	1.093500355527221579e-01	2.975413012533664747e-01	1.886374914643224598e-01	8.787327850877542368e-02	3.994388481732258356e-02	9.918549533308386457e-02
1.993161328025976900e+03	1.772102464607416272e-01	1.091688892232113434e-01	2.977096381705400807e-01	1.887502199320221508e-01	8.792341825930288790e-02	3.998194843624692379e-02	9.925563951749603875e-02
1.997999098239632076e+03	1.769534900616845374e-01	1.089888027492258854e-01	2.978770110887100642e-01	1.888622510057630932e-01	8.797327097188696599e-02	4.001981471011396840e-02	9.932535941217650322e-02
