1.049796136363196410e+03	2.710699116564579958e-01	1.752807107970903999e-01	2.369442429037595943e-01	1.455505039328441608e-01	6.947901489785743290e-02	2.869353364001408016e-02	7.298208217153172306e-02
1.054633906576851814e+03	2.702601358302870183e-01	1.747165382896049279e-01	2.374785710857349741e-01	1.459384469754787805e-01	6.962910086201686000e-02	2.876597436752717507e-02	7.321123258890570307e-02
1.059471676790506763e+03	2.694551321209531225e-01	1.741556770927851217e-01	2.380094075033258316e-01	1.463238082997154743e-01	6.977847470098033633e-02	2.883848982113944304e-02	7.343901046065609561e-02
1.064309447004162394e+03	2.686548718709786954e-01	1.735981075925997485e-01	2.385367803264943354e-01	1.467066069734149492e-01	6.992713824721459581e-02	2.891107153965453286e-02	7.366542344919864427e-02
1.069147217217817570e+03	2.678593266050965926e-01	1.730438102929644228e-01	2.390607174166617666e-01	1.470868619015079370e-01	7.007509335378619975e-02	2.898371124328155690e-02	7.389047918625707423e-02
1.073984987431472746e+03	2.670684680289180379e-01	1.724927658150126331e-01	2.395812463310604823e-01	1.474645918276187018e-01	7.022234189382649261e-02	2.905640083038309521e-02	7.411418527273609669e-02
1.078822757645127922e+03	2.662822680276129006e-01	1.719449548963712104e-01	2.400983943270162957e-01	1.478398153356702827e-01	7.036888576000518980e-02	2.912913237427881483e-02	7.433654927860083861e-02
1.083660527858783553e+03	2.655006986646021860e-01	1.714003583904406547e-01	2.406121883661622718e-01	1.482125508514715029e-01	7.051472686401237533e-02	2.920189812010373642e-02	7.455757874276273955e-02
1.088498298072438729e+03	2.647237321802629606e-01	1.708589572656802058e-01	2.411226551185852718e-01	1.485828166442862142e-01	7.065986713604896496e-02	2.927469048172026342e-02	7.477728117297165189e-02
1.093336068286093905e+03	2.639513409906448782e-01	1.703207326048972459e-01	2.416298209669062447e-01	1.489506308283849445e-01	7.080430852432520461e-02	2.934750203868304042e-02	7.499566404571400557e-02
1.098173838499749309e+03	2.631834976861990305e-01	1.697856656045416968e-01	2.421337120102956264e-01	1.493160113645790044e-01	7.094805299456750924e-02	2.942032553325574229e-02	7.521273480611698203e-02
1.103011608713404712e+03	2.624201750305184544e-01	1.692537375740047478e-01	2.426343540684244016e-01	1.496789760617374676e-01	7.109110252953305953e-02	2.949315386747894743e-02	7.542850086785851671e-02
1.107849378927059888e+03	2.616613459590900748e-01	1.687249299349221909e-01	2.431317726853525207e-01	1.500395425782871106e-01	7.123345912853246142e-02	2.956598010028823123e-02	7.564296961308300538e-02
1.112687149140715292e+03	2.609069835780581381e-01	1.681992242204822241e-01	2.436259931333554229e-01	1.503977284236955592e-01	7.137512480696012185e-02	2.963879744468158120e-02	7.585614839232251994e-02
1.117524919354370468e+03	2.601570611629991370e-01	1.676766020747378627e-01	2.441170404166894958e-01	1.507535509599378376e-01	7.151610159583222937e-02	2.971159926493537398e-02	7.606804452442365860e-02
1.122362689568025871e+03	2.594115521577075589e-01	1.671570452519235972e-01	2.446049392752979723e-01	1.511070274029465421e-01	7.165639154133233990e-02	2.978437907386802946e-02	7.627866529647951699e-02
1.127200459781681047e+03	2.586704301729932376e-01	1.666405356157766582e-01	2.450897141884578467e-01	1.514581748240458325e-01	7.179599670436438708e-02	2.985713053015060306e-02	7.648801796376702988e-02
1.132038229995336451e+03	2.579336689854890285e-01	1.661270551388625005e-01	2.455713893783688928e-01	1.518070101513693537e-01	7.193491916011300613e-02	2.992984743566345918e-02	7.669610974968936457e-02
1.136876000208991627e+03	2.572012425364696431e-01	1.656165859019048114e-01	2.460499888136859770e-01	1.521535501712624472e-01	7.207316099761110206e-02	3.000252373289830771e-02	7.690294784572331011e-02
1.141713770422646803e+03	2.564731249306809735e-01	1.651091100931196543e-01	2.465255362129953609e-01	1.524978115296687364e-01	7.221072431931456481e-02	3.007515350240476046e-02	7.710853941137146839e-02
1.146551540636302207e+03	2.557492904351801322e-01	1.646046100075541363e-01	2.469980550482359372e-01	1.528398107335012246e-01	7.234761124068400662e-02	3.014773096028076915e-02	7.731289157411934398e-02
1.151389310849957155e+03	2.550297134781854269e-01	1.641030680464290736e-01	2.474675685480664244e-01	1.531795641519983209e-01	7.248382388977328561e-02	3.022025045570608109e-02	7.751601142939698597e-02
1.156227081063612786e+03	2.543143686479372167e-01	1.636044667164859856e-01	2.479340997011793835e-01	1.535170880180645736e-01	7.261936440682509319e-02	3.029270646851807414e-02	7.771790604054515383e-02
1.161064851277267962e+03	2.536032306915687595e-01	1.631087886293385858e-01	2.483976712595630243e-01	1.538523984295967206e-01	7.275423494387310563e-02	3.036509360682921113e-02	7.791858243878604928e-02
1.165902621490923138e+03	2.528962745139864965e-01	1.626160165008279368e-01	2.488583057417115274e-01	1.541855113507950570e-01	7.288843766435074145e-02	3.043740660468545120e-02	7.811804762319829454e-02
1.170740391704578315e+03	2.521934751767611060e-01	1.621261331503821013e-01	2.493160254357845440e-01	1.545164426134601754e-01	7.302197474270656630e-02	3.050964031976486149e-02	7.831630856069615731e-02
1.175578161918233945e+03	2.514948078970278833e-01	1.616391215003797899e-01	2.497708524027175414e-01	1.548452079182754959e-01	7.315484836402605384e-02	3.058178973111581531e-02	7.851337218601296686e-02
1.180415932131889122e+03	2.508002480463967787e-01	1.611549645755182003e-01	2.502228084792826879e-01	1.551718228360755847e-01	7.328706072365970270e-02	3.065384993693407931e-02	7.870924540168854067e-02
1.185253702345544298e+03	2.501097711498724840e-01	1.606736455021847698e-01	2.506719152811019424e-01	1.554963028091003452e-01	7.341861402685743998e-02	3.072581615237812702e-02	7.890393507806052475e-02
1.190091472559199701e+03	2.494233528847831227e-01	1.601951475078330078e-01	2.511181942056128769e-01	1.558186631522357202e-01	7.354951048840914496e-02	3.079768370742205774e-02	7.909744805325968908e-02
1.194929242772855105e+03	2.487409690797191542e-01	1.597194539203624086e-01	2.515616664349879517e-01	1.561389190542404326e-01	7.367975233229130672e-02	3.086944804474543724e-02	7.928979113320894223e-02
1.199767012986510281e+03	2.480625957134811044e-01	1.592465481675022776e-01	2.520023529390077455e-01	1.564570855789594039e-01	7.380934179131957984e-02	3.094110471765951220e-02	7.948097109162598206e-02
1.204604783200165684e+03	2.473882089140363449e-01	1.587764137761995542e-01	2.524402744778900254e-01	1.567731776665236831e-01	7.393828110680733534e-02	3.101264938806910787e-02	7.967099467002959623e-02
1.209442553413820860e+03	2.467177849574851145e-01	1.583090343720103543e-01	2.528754516050736867e-01	1.570872101345374694e-01	7.406657252822995696e-02	3.108407782446965043e-02	7.985986857774944603e-02
1.214280323627476264e+03	2.460513002670354776e-01	1.578443936784957868e-01	2.533079046699597270e-01	1.573991976792518399e-01	7.419421831289489677e-02	3.115538589997869992e-02	8.004759949193925028e-02
1.219118093841131440e+03	2.453887314119868601e-01	1.573824755166212397e-01	2.537376538206095877e-01	1.577091548767258489e-01	7.432122072561743453e-02	3.122656959040142829e-02	8.023419405759332768e-02
1.223955864054786844e+03	2.447300551067225771e-01	1.569232638041598293e-01	2.541647190064009187e-01	1.580170961839747479e-01	7.444758203840183552e-02	3.129762497232945612e-02	8.041965888756641423e-02
1.228793634268442020e+03	2.440752482097108267e-01	1.564667425550994584e-01	2.545891199806423755e-01	1.583230359401058274e-01	7.457330453012821214e-02	3.136854822127249642e-02	8.060400056259661716e-02
1.233631404482097196e+03	2.434242877225142876e-01	1.560128958790536757e-01	2.550108763031478376e-01	1.586269883674417402e-01	7.469839048624461741e-02	3.143933560982221237e-02	8.078722563133147738e-02
1.238469174695752372e+03	2.427771507888080438e-01	1.555617079806765057e-01	2.554300073427702711e-01	1.589289675726316409e-01	7.482284219846453699e-02	3.150998350584782032e-02	8.096934061035704344e-02
1.243306944909407548e+03	2.421338146934060576e-01	1.551131631590806081e-01	2.558465322798965658e-01	1.592289875477502503e-01	7.494666196446966855e-02	3.158048837072279652e-02	8.115035198422994311e-02
1.248144715123063179e+03	2.414942568612955254e-01	1.546672458072597400e-01	2.562604701089035153e-01	1.595270621713847647e-01	7.506985208761772499e-02	3.165084675758227800e-02	8.133026620551228603e-02
1.252982485336718355e+03	2.408584548566798100e-01	1.542239404115142987e-01	2.566718396405759939e-01	1.598232052097103284e-01	7.519241487665558055e-02	3.172105530961055048e-02	8.150908969480932798e-02
1.257820255550373531e+03	2.402263863820289780e-01	1.537832315508807779e-01	2.570806595044874410e-01	1.601174303175533775e-01	7.531435264543716313e-02	3.179111075835813760e-02	8.168682884080991080e-02
1.262658025764028707e+03	2.395980292771387465e-01	1.533451038965651381e-01	2.574869481513438196e-01	1.604097510394439097e-01	7.543566771264650916e-02	3.186100992208801275e-02	8.186349000032963619e-02
1.267495795977684338e+03	2.389733615181970361e-01	1.529095422113792013e-01	2.578907238552911596e-01	1.607001808106559848e-01	7.555636240152562022e-02	3.193074970415041292e-02	8.203907949835642643e-02
1.272333566191339514e+03	2.383523612168582384e-01	1.524765313491811547e-01	2.582920047161876287e-01	1.609887329582371240e-01	7.567643903960705187e-02	3.200032709138581066e-02	8.221360362809879141e-02
1.277171336404994690e+03	2.377350066193255063e-01	1.520460562543193561e-01	2.586908086618408542e-01	1.612754207020266617e-01	7.579589995845138761e-02	3.206973915255549590e-02	8.238706865103652410e-02
1.282009106618650094e+03	2.371212761054403984e-01	1.516181019610797209e-01	2.590871534502103835e-01	1.615602571556629952e-01	7.591474749338922301e-02	3.213898303679939977e-02	8.255948079697372766e-02
1.286846876832305497e+03	2.365111481877800181e-01	1.511926535931366056e-01	2.594810566715767264e-01	1.618432553275798436e-01	7.603298398326792384e-02	3.220805597212057086e-02	8.273084626409418774e-02
1.291684647045960673e+03	2.359046015107619521e-01	1.507696963630072717e-01	2.598725357506767031e-01	1.621244281219921257e-01	7.615061177020271410e-02	3.227695526389599834e-02	8.290117121901907637e-02
1.296522417259616077e+03	2.353016148497561466e-01	1.503492155715097089e-01	2.602616079488065948e-01	1.624037883398709858e-01	7.626763319933238527e-02	3.234567829341323392e-02	8.307046179686676524e-02
1.301360187473271253e+03	2.347021671102043905e-01	1.499311966072239266e-01	2.606482903658925432e-01	1.626813486799082997e-01	7.638405061857930778e-02	3.241422251643239633e-02	8.323872410131491484e-02
1.306197957686926657e+03	2.341062373267469299e-01	1.495156249459567432e-01	2.610325999425296417e-01	1.629571217394709948e-01	7.649986637841386938e-02	3.248258546177314882e-02	8.340596420466449279e-02
1.311035727900581833e+03	2.335138046623559949e-01	1.491024861502098231e-01	2.614145534619897182e-01	1.632311200155449615e-01	7.661508283162307698e-02	3.255076472992623343e-02	8.357218814790601247e-02
1.315873498114237009e+03	2.329248484074767089e-01	1.486917658686512378e-01	2.617941675521987532e-01	1.635033559056690566e-01	7.672970233308340493e-02	3.261875799168906243e-02	8.373740194078757582e-02
1.320711268327892412e+03	2.323393479791747707e-01	1.482834498355902753e-01	2.621714586876839337e-01	1.637738417088589471e-01	7.684372723953786233e-02	3.268656298682512396e-02	8.390161156188495617e-02
1.325549038541547588e+03	2.317572829202912132e-01	1.478775238704555517e-01	2.625464431914908414e-01	1.640425896265211014e-01	7.695715990937700146e-02	3.275417752274662614e-02	8.406482295867348520e-02
1.330386808755202765e+03	2.311786328986037697e-01	1.474739738772766207e-01	2.629191372370723867e-01	1.643096117633570941e-01	7.707000270242408968e-02	3.282159947322008109e-02	8.422704204760179947e-02
1.335224578968857941e+03	2.306033777059951495e-01	1.470727858441685798e-01	2.632895568501480432e-01	1.645749201282582230e-01	7.718225797972412539e-02	3.288882677709443342e-02	8.438827471416732173e-02
1.340062349182513572e+03	2.300314972576279204e-01	1.466739458428201470e-01	2.636577179105356050e-01	1.648385266351905520e-01	7.729392810333685082e-02	3.295585743705130299e-02	8.454852681299349082e-02
1.344900119396168748e+03	2.294629715911261358e-01	1.462774400279849285e-01	2.640236361539549659e-01	1.651004431040707099e-01	7.740501543613358126e-02	3.302268951837703664e-02	8.470780416790855971e-02
1.349737889609823924e+03	2.288977808657633450e-01	1.458832546369758232e-01	2.643873271738045871e-01	1.653606812616321142e-01	7.751552234159773958e-02	3.308932114775614552e-02	8.486611257202618386e-02
1.354575659823479100e+03	2.283359053616570711e-01	1.454913759891627301e-01	2.647488064229114313e-01	1.656192527422822580e-01	7.762545118362930430e-02	3.315575051208578816e-02	8.502345778782738339e-02
1.359413430037134731e+03	2.277773254789699775e-01	1.451017904854733920e-01	2.651080892152540280e-01	1.658761690889507256e-01	7.773480432635274107e-02	3.322197585731093139e-02	8.517984554724418456e-02
1.364251200250789907e+03	2.272220217371170303e-01	1.447144846078972924e-01	2.654651907276600609e-01	1.661314417539283828e-01	7.784358413392870879e-02	3.328799548727984225e-02	8.533528155174459340e-02
1.369088970464445310e+03	2.266699747739790716e-01	1.443294449189927997e-01	2.658201260014784739e-01	1.663850820996975177e-01	7.795179297036922139e-02	3.335380776261958474e-02	8.548977147241916541e-02
1.373926740678100487e+03	2.261211653451226378e-01	1.439466580613975033e-01	2.661729099442259883e-01	1.666371013997533235e-01	7.805943319935640390e-02	3.341941109963116052e-02	8.564332095006879642e-02
1.378764510891755890e+03	2.255755743230258847e-01	1.435661107573413808e-01	2.665235573312093043e-01	1.668875108394166640e-01	7.816650718406467635e-02	3.348480396920393287e-02	8.579593559529397062e-02
1.383602281105411066e+03	2.250331826963105630e-01	1.431877898081631850e-01	2.668720828071229900e-01	1.671363215166384031e-01	7.827301728698631000e-02	3.354998489574909787e-02	8.594762098858524380e-02
1.388440051319066470e+03	2.244939715689801274e-01	1.428116820938298559e-01	2.672185008876235557e-01	1.673835444427949903e-01	7.837896586976046687e-02	3.361495245615177957e-02	8.609838268041505871e-02
1.393277821532721646e+03	2.239579221596635916e-01	1.424377745724590694e-01	2.675628259608796577e-01	1.676291905434759699e-01	7.848435529300538949e-02	3.367970527874147163e-02	8.624822619133067081e-02
1.398115591746377049e+03	2.234250158008655451e-01	1.420660542798445058e-01	2.679050722890998215e-01	1.678732706592630797e-01	7.858918791615396304e-02	3.374424204228056168e-02	8.639715701204835063e-02
1.402953361960032225e+03	2.228952339382216652e-01	1.416965083289845884e-01	2.682452540100366822e-01	1.681157955465011899e-01	7.869346609729246933e-02	3.380856147497051517e-02	8.654518060354869646e-02
1.407791132173687402e+03	2.223685581297604463e-01	1.413291239096134966e-01	2.685833851384697435e-01	1.683567758780611101e-01	7.879719219300242161e-02	3.387266235347555915e-02	8.669230239717304332e-02
1.412628902387342805e+03	2.218449700451701478e-01	1.409638882877358168e-01	2.689194795676653205e-01	1.685962222440944847e-01	7.890036855820567463e-02	3.393654350196346342e-02	8.683852779472089889e-02
1.417466672600997981e+03	2.213244514650719030e-01	1.406007888051636623e-01	2.692535510708153890e-01	1.688341451527808068e-01	7.900299754601239344e-02	3.400020379116317631e-02	8.698386216854851749e-02
1.422304442814653157e+03	2.208069842802978799e-01	1.402398128790569021e-01	2.695856133024548962e-01	1.690705550310665772e-01	7.910508150757225576e-02	3.406364213743901664e-02	8.712831086166832051e-02
1.427142213028308333e+03	2.202925504911755761e-01	1.398809480014662210e-01	2.699156797998582547e-01	1.693054622253968577e-01	7.920662279192847155e-02	3.412685750188110267e-02	8.727187918784941323e-02
1.431979983241963964e+03	2.197811322068170536e-01	1.395241817388790384e-01	2.702437639844151862e-01	1.695388770024389979e-01	7.930762374587478625e-02	3.418984888941187239e-02	8.741457243171890656e-02
1.436817753455619140e+03	2.192727116444140312e-01	1.391695017317683414e-01	2.705698791629865818e-01	1.697708095497989789e-01	7.940808671381542616e-02	3.425261534790824403e-02	8.755639584886423799e-02
1.441655523669274316e+03	2.187672711285380545e-01	1.388168956941442933e-01	2.708940385292396558e-01	1.700012699767304569e-01	7.950801403762777775e-02	3.431515596733927809e-02	8.769735466593626960e-02
1.446493293882929493e+03	2.182647930904462741e-01	1.384663514131085349e-01	2.712162551649647257e-01	1.702302683148361195e-01	7.960740805652796737e-02	3.437746987891900780e-02	8.783745408075319117e-02
1.451331064096585123e+03	2.177652600673921357e-01	1.381178567484115383e-01	2.715365420413713982e-01	1.704578145187619076e-01	7.970627110693911943e-02	3.443955625427425754e-02	8.797669926240535287e-02
1.456168834310240300e+03	2.172686547019416770e-01	1.377713996320125978e-01	2.718549120203669345e-01	1.706839184668842990e-01	7.980460552236234850e-02	3.450141430462709546e-02	8.811509535136068105e-02
1.461006604523895703e+03	2.167749597412947371e-01	1.374269680676424021e-01	2.721713778558152441e-01	1.709085899619900151e-01	7.990241363325048529e-02	3.456304327999174669e-02	8.825264745957095425e-02
1.465844374737550879e+03	2.162841580366113570e-01	1.370845501303686875e-01	2.724859521947776142e-01	1.711318387319491208e-01	7.999969776688437006e-02	3.462444246838566886e-02	8.838936067057873158e-02
1.470682144951206283e+03	2.157962325423432304e-01	1.367441339661644717e-01	2.727986475787356202e-01	1.713536744303809367e-01	8.009646024725171343e-02	3.468561119505463725e-02	8.852524003962498889e-02
1.475519915164861459e+03	2.153111663155702071e-01	1.364057077914787308e-01	2.731094764447961620e-01	1.715741066373131507e-01	8.019270339492860777e-02	3.474654882171147180e-02	8.866029059375729604e-02
1.480357685378516862e+03	2.148289425153417365e-01	1.360692598928101849e-01	2.734184511268789586e-01	1.717931448598342681e-01	8.028842952696345348e-02	3.480725474578827416e-02	8.879451733193875762e-02
1.485195455592172038e+03	2.143495444020232787e-01	1.357347786262834421e-01	2.737255838568869448e-01	1.720107985327391509e-01	8.038364095676343857e-02	3.486772839970189719e-02	8.892792522515743925e-02
1.490033225805827215e+03	2.138729553366475189e-01	1.354022524172279751e-01	2.740308867658597380e-01	1.722270770191681177e-01	8.047833999398334992e-02	3.492796925013247344e-02	8.906051921653639070e-02
1.494870996019482618e+03	2.133991587802704648e-01	1.350716697597595661e-01	2.743343718851103952e-01	1.724419896112393269e-01	8.057252894441692403e-02	3.498797679731468352e-02	8.919230422144423798e-02
1.499708766233137567e+03	2.129281382933322919e-01	1.347430192163644458e-01	2.746360511473457389e-01	1.726555455306747755e-01	8.066621010989043217e-02	3.504775057434166702e-02	8.932328512760620565e-02
1.504546536446793198e+03	2.124598775350229340e-01	1.344162894174861511e-01	2.749359363877709739e-01	1.728677539294198873e-01	8.075938578815868019e-02	3.510729014648125701e-02	8.945346679521568034e-02
1.509384306660448374e+03	2.119943602626523926e-01	1.340914690611145765e-01	2.752340393451778722e-01	1.730786238902568275e-01	8.085205827280320112e-02	3.516659511050437836e-02	8.958285405704627391e-02
1.514222076874103550e+03	2.115315703310255702e-01	1.337685469123781057e-01	2.755303716630179145e-01	1.732881644274114341e-01	8.094422985313283470e-02	3.522566509402543650e-02	8.971145171856421963e-02
1.519059847087758726e+03	2.110714916918218220e-01	1.334475118031379637e-01	2.758249448904595003e-01	1.734963844871540706e-01	8.103590281408640239e-02	3.528449975485439122e-02	8.983926455804130962e-02
1.523897617301414357e+03	2.106141083929791158e-01	1.331283526315850396e-01	2.761177704834308910e-01	1.737032929483942612e-01	8.112707943613761685e-02	3.534309878036041852e-02	8.996629732666809598e-02
1.528735387515069533e+03	2.101594045780825482e-01	1.328110583618394569e-01	2.764088598056473889e-01	1.739088986232694145e-01	8.121776199520214234e-02	3.540146188684691747e-02	9.009255474866756375e-02
1.533573157728724709e+03	2.097073644857573582e-01	1.324956180235524750e-01	2.766982241296246370e-01	1.741132102577274687e-01	8.130795276254680626e-02	3.545958881893762626e-02	9.021804152140908140e-02
1.538410927942380113e+03	2.092579724490665205e-01	1.321820207115108614e-01	2.769858746376770986e-01	1.743162365321036522e-01	8.139765400470080903e-02	3.551747934897378500e-02	9.034276231552273995e-02
1.543248698156035516e+03	2.088112128949125568e-01	1.318702555852439839e-01	2.772718224229025474e-01	1.745179860616914158e-01	8.148686798336904347e-02	3.557513327642199130e-02	9.046672177501392798e-02
1.548086468369690692e+03	2.083670703434437610e-01	1.315603118686328177e-01	2.775560784901527911e-01	1.747184673973076752e-01	8.157559695534745414e-02	3.563255042729272098e-02	9.058992451737828133e-02
1.552924238583346096e+03	2.079255294074646709e-01	1.312521788495220054e-01	2.778386537569903503e-01	1.749176890258521411e-01	8.166384317244032576e-02	3.568973065356920160e-02	9.071237513371679939e-02
1.557762008797001272e+03	2.074865747918510361e-01	1.309458458793338886e-01	2.781195590546320928e-01	1.751156593708611819e-01	8.175160888137952830e-02	3.574667383264656245e-02	9.083407818885126661e-02
1.562599779010656675e+03	2.070501912929685884e-01	1.306413023726850642e-01	2.783988051288792120e-01	1.753123867930560242e-01	8.183889632374577450e-02	3.580337986678101825e-02	9.095503822143992390e-02
1.567437549224311852e+03	2.066163637980964751e-01	1.303385378070053557e-01	2.786764026410344375e-01	1.755078795908855127e-01	8.192570773589166744e-02	3.585984868254896152e-02	9.107525974409322322e-02
1.572275319437967255e+03	2.061850772848544677e-01	1.300375417221592278e-01	2.789523621688062005e-01	1.757021460010633473e-01	8.201204534886666342e-02	3.591608023031576946e-02	9.119474724348995698e-02
1.577113089651622431e+03	2.057563168206344162e-01	1.297383037200693368e-01	2.792266942072005875e-01	1.758951941990999357e-01	8.209791138834388047e-02	3.597207448371413790e-02	9.131350518049337339e-02
1.581950859865277607e+03	2.053300675620358950e-01	1.294408134643425523e-01	2.794994091694001370e-01	1.760870322998289161e-01	8.218330807454869713e-02	3.602783143913185909e-02	9.143153799026763895e-02
1.586788630078933011e+03	2.049063147543056795e-01	1.291450606798982825e-01	2.797705173876313123e-01	1.762776683579284354e-01	8.226823762218909986e-02	3.608335111520875882e-02	9.154885008239423139e-02
1.591626400292587959e+03	2.044850437307813851e-01	1.288510351525991859e-01	2.800400291140189291e-01	1.764671103684372078e-01	8.235270224038777898e-02	3.613863355234275127e-02	9.166544584098858250e-02
1.596464170506243590e+03	2.040662399123388537e-01	1.285587267288839930e-01	2.803079545214297030e-01	1.766553662672654956e-01	8.243670413261609820e-02	3.619367881220481725e-02	9.178132962481684587e-02
1.601301940719898766e+03	2.036498888068438706e-01	1.282681253154027978e-01	2.805743037043035293e-01	1.768424439317007879e-01	8.252024549662950736e-02	3.624848697726269081e-02	9.189650576741265064e-02
1.606139710933553943e+03	2.032359760086072387e-01	1.279792208786544316e-01	2.808390866794735485e-01	1.770283511809085664e-01	8.260332852440480100e-02	3.630305815031324018e-02	9.201097857719400808e-02
1.610977481147209119e+03	2.028244871978441555e-01	1.276920034446261121e-01	2.811023133869748891e-01	1.772130957764282144e-01	8.268595540207897276e-02	3.635739245402324488e-02	9.212475233758021798e-02
1.615815251360864750e+03	2.024154081401371985e-01	1.274064630984355628e-01	2.813639936908421402e-01	1.773966854226639023e-01	8.276812830988965197e-02	3.641149003047848554e-02	9.223783130710892786e-02
1.620653021574519926e+03	2.020087246859031127e-01	1.271225899839749374e-01	2.816241373798961112e-01	1.775791277673703372e-01	8.284984942211717773e-02	3.646535104074111883e-02	9.235021971955302555e-02
1.625490791788175102e+03	2.016044227698634284e-01	1.268403743035573517e-01	2.818827541685198224e-01	1.777604304021342396e-01	8.293112090702819961e-02	3.651897566441493492e-02	9.246192178403776774e-02
1.630328562001830505e+03	2.012024884105187983e-01	1.265598063175653043e-01	2.821398536974238369e-01	1.779406008628505731e-01	8.301194492682080484e-02	3.657236409921865022e-02	9.257294168515772803e-02
1.635166332215485909e+03	2.008029077096268322e-01	1.262808763441014559e-01	2.823954455344010461e-01	1.781196466301943615e-01	8.309232363757119988e-02	3.662551656056689531e-02	9.268328358309387005e-02
1.640004102429141085e+03	2.004056668516838446e-01	1.260035747586414068e-01	2.826495391750714625e-01	1.782975751300877043e-01	8.317225918918190464e-02	3.667843328115883567e-02	9.279295161373050937e-02
1.644841872642796488e+03	2.000107521034100999e-01	1.257278919936889172e-01	2.829021440436166324e-01	1.784743937341622122e-01	8.325175372533125118e-02	3.673111451057430726e-02	9.290194988877224780e-02
1.649679642856451665e+03	1.996181498132385823e-01	1.254538185384327376e-01	2.831532694935046113e-01	1.786501097602170018e-01	8.333080938342453392e-02	3.678356051487732814e-02	9.301028249586085206e-02
1.654517413070107068e+03	1.992278464108075409e-01	1.251813449384060750e-01	2.834029248082045038e-01	1.788247304726719999e-01	8.340942829454645047e-02	3.683577157622685422e-02	9.311795349869214644e-02
1.659355183283762244e+03	1.988398284064564203e-01	1.249104617951479756e-01	2.836511192018918992e-01	1.789982630830169452e-01	8.348761258341491631e-02	3.688774799249462666e-02	9.322496693713271110e-02
1.664192953497417420e+03	1.984540823907250950e-01	1.246411597658667048e-01	2.838978618201447035e-01	1.791707147502560327e-01	8.356536436833639225e-02	3.693949007689007608e-02	9.333132682733659424e-02
1.669030723711072824e+03	1.980705950338570442e-01	1.243734295631052506e-01	2.841431617406292021e-01	1.793420925813478672e-01	8.364268576116236364e-02	3.699099815759204074e-02	9.343703716186183006e-02
1.673868493924728000e+03	1.976893530853055247e-01	1.241072619544090622e-01	2.843870279737778506e-01	1.795124036316416150e-01	8.371957886724730458e-02	3.704227257738727103e-02	9.354210190978697048e-02
1.678706264138383403e+03	1.973103433732433243e-01	1.238426477619954946e-01	2.846294694634574074e-01	1.796816549053085743e-01	8.379604578540787718e-02	3.709331369331559519e-02	9.364652501682735330e-02
1.683544034352038352e+03	1.969335528040760952e-01	1.235795778624256408e-01	2.848704950876280173e-01	1.798498533557695012e-01	8.387208860788337994e-02	3.714412187632159384e-02	9.375031040545137029e-02
1.688381804565693983e+03	1.965589683619585470e-01	1.233180431862780091e-01	2.851101136589941909e-01	1.800170058861179923e-01	8.394770942029758376e-02	3.719469751091268594e-02	9.385346197499652710e-02
1.693219574779349159e+03	1.961865771083144416e-01	1.230580347178241857e-01	2.853483339256466800e-01	1.801831193495397054e-01	8.402291030162163665e-02	3.724504099482355002e-02	9.395598360178532282e-02
1.698057344993004335e+03	1.958163661813596412e-01	1.227995434947065784e-01	2.855851645716960263e-01	1.803482005497272223e-01	8.409769332413834231e-02	3.729515273868669323e-02	9.405787913924107402e-02
1.702895115206659511e+03	1.954483227956285152e-01	1.225425606076181312e-01	2.858206142178975062e-01	1.805122562412913301e-01	8.417206055340753501e-02	3.734503316570918219e-02	9.415915241800341950e-02
1.707732885420315142e+03	1.950824342415033719e-01	1.222870771999839262e-01	2.860546914222686365e-01	1.806752931301679188e-01	8.424601404823264805e-02	3.739468271135527877e-02	9.425980724604381134e-02
1.712570655633970318e+03	1.947186878847474989e-01	1.220330844676449089e-01	2.862874046806976325e-01	1.808373178740213250e-01	8.431955586062853114e-02	3.744410182303501561e-02	9.435984740878070043e-02
1.717408425847625494e+03	1.943570711660410344e-01	1.217805736585433479e-01	2.865187624275444822e-01	1.809983370826433735e-01	8.439268803579028089e-02	3.749329095979856558e-02	9.445927666919454180e-02
1.722246196061280898e+03	1.939975716005200856e-01	1.215295360724104462e-01	2.867487730362340281e-01	1.811583573183488671e-01	8.446541261206327866e-02	3.754225059203621789e-02	9.455809876794268876e-02
1.727083966274936301e+03	1.936401767773191507e-01	1.212799630604557005e-01	2.869774448198413319e-01	1.813173850963672173e-01	8.453773162091425541e-02	3.759098120118401637e-02	9.465631742347388466e-02
1.731921736488591478e+03	1.932848743591163709e-01	1.210318460250582456e-01	2.872047860316696011e-01	1.814754268852301899e-01	8.460964708690357772e-02	3.763948327943482386e-02	9.475393633214275468e-02
1.736759506702246881e+03	1.929316520816820035e-01	1.207851764194600996e-01	2.874308048658201775e-01	1.816324891071560144e-01	8.468116102765843589e-02	3.768775732945484763e-02	9.485095916832390894e-02
1.741597276915902057e+03	1.925804977534299745e-01	1.205399457474613106e-01	2.876555094577559757e-01	1.817885781384298016e-01	8.475227545384717009e-02	3.773580386410540360e-02	9.494738958452585142e-02
1.746435047129557461e+03	1.922313992549724571e-01	1.202961455631168797e-01	2.878789078848567606e-01	1.819437003097802708e-01	8.482299236915458174e-02	3.778362340616989168e-02	9.504323121150468068e-02
1.751272817343212637e+03	1.918843445386773094e-01	1.200537674704356267e-01	2.881010081669677647e-01	1.820978619067530058e-01	8.489331377025834124e-02	3.783121648808594056e-02	9.513848765837749910e-02
1.756110587556867813e+03	1.915393216282287314e-01	1.198128031230809298e-01	2.883218182669414764e-01	1.822510691700799101e-01	8.496324164680627011e-02	3.787858365168252084e-02	9.523316251273555855e-02
1.760948357770523216e+03	1.911963186181906416e-01	1.195732442240732551e-01	2.885413460911721573e-01	1.824033282960453584e-01	8.503277798139467769e-02	3.792572544792206096e-02	9.532725934075722551e-02
1.765786127984178393e+03	1.908553236735731073e-01	1.193350825254944625e-01	2.887595994901234753e-01	1.825546454368487947e-01	8.510192474954766939e-02	3.797264243664735112e-02	9.542078168732051613e-02
1.770623898197833569e+03	1.905163250294016619e-01	1.190983098281940267e-01	2.889765862588498657e-01	1.827050267009637519e-01	8.517068391969730146e-02	3.801933518633326264e-02	9.551373307611550623e-02
1.775461668411488745e+03	1.901793109902894519e-01	1.188629179814969655e-01	2.891923141375108974e-01	1.828544781534937047e-01	8.523905745316479043e-02	3.806580427384317206e-02	9.560611700975636673e-02
1.780299438625144376e+03	1.898442699300123826e-01	1.186288988829136831e-01	2.894067908118793664e-01	1.830030058165242612e-01	8.530704730414255532e-02	3.811205028418994389e-02	9.569793696989310761e-02
1.785137208838799552e+03	1.895111902910868729e-01	1.183962444778514367e-01	2.896200239138428389e-01	1.831506156694722443e-01	8.537465541967717564e-02	3.815807381030148632e-02	9.578919641732312751e-02
1.789974979052454728e+03	1.891800605843506622e-01	1.181649467593276631e-01	2.898320210218990889e-01	1.832973136494314426e-01	8.544188373965319605e-02	3.820387545279074065e-02	9.587989879210234712e-02
1.794812749266109904e+03	1.888508693885462553e-01	1.179349977676850542e-01	2.900427896616449286e-01	1.834431056515149483e-01	8.550873419677787468e-02	3.824945581973001468e-02	9.597004751365605102e-02
1.799650519479765535e+03	1.885236053499070863e-01	1.177063895903083662e-01	2.902523373062594336e-01	1.835879975291943023e-01	8.557520871656669470e-02	3.829481552642970826e-02	9.605964598088945205e-02
1.804488289693420711e+03	1.881982571817466809e-01	1.174791143613429650e-01	2.904606713769809501e-01	1.837319950946356417e-01	8.564130921732977797e-02	3.833995519522111900e-02	9.614869757229795033e-02
1.809326059907075887e+03	1.878748136640502608e-01	1.172531642614150771e-01	2.906677992435778290e-01	1.838751041190324065e-01	8.570703761015903421e-02	3.838487545524352923e-02	9.623720564607701755e-02
1.814163830120731291e+03	1.875532636430690958e-01	1.170285315173537760e-01	2.908737282248138878e-01	1.840173303329351306e-01	8.577239579891621224e-02	3.842957694223528287e-02	9.632517354023174827e-02
1.819001600334386467e+03	1.872335960309177982e-01	1.168052084019146758e-01	2.910784655889078754e-01	1.841586794265779869e-01	8.583738568022168669e-02	3.847406029832891455e-02	9.641260457268620299e-02
1.823839370548041643e+03	1.869157998051738656e-01	1.165831872335052477e-01	2.912820185539871098e-01	1.842991570502024168e-01	8.590200914344402194e-02	3.851832617185019236e-02	9.649950204139219612e-02
1.828677140761696819e+03	1.865998640084802485e-01	1.163624603759119275e-01	2.914843942885359529e-01	1.844387688143775961e-01	8.596626807069032705e-02	3.856237521712103933e-02	9.658586922443798684e-02
1.833514910975352450e+03	1.862857777481502219e-01	1.161430202380288046e-01	2.916855999118381226e-01	1.845775202903179313e-01	8.603016433679731845e-02	3.860620809426624361e-02	9.667170938015638704e-02
1.838352681189008081e+03	1.859735301957750886e-01	1.159248592735879491e-01	2.918856424944145100e-01	1.847154170101977244e-01	8.609369980932313204e-02	3.864982546902393651e-02	9.675702574723271665e-02
1.843190451402663257e+03	1.856631105868342679e-01	1.157079699808915146e-01	2.920845290584546672e-01	1.848524644674627015e-01	8.615687634853991250e-02	3.869322801255968558e-02	9.684182154481225935e-02
1.848028221616318433e+03	1.853545082203081062e-01	1.154923449025453408e-01	2.922822665782440210e-01	1.849886681171388492e-01	8.621969580742699923e-02	3.873641640128425156e-02	9.692609997260749621e-02
1.852865991829973609e+03	1.850477124582931010e-01	1.152779766251942478e-01	2.924788619805850920e-01	1.851240333761380585e-01	8.628216003166493120e-02	3.877939131667482164e-02	9.700986421100479817e-02
1.857703762043628785e+03	1.847427127256196233e-01	1.150648577792589139e-01	2.926743221452142718e-01	1.852585656235614386e-01	8.634427085963004844e-02	3.882215344509978849e-02	9.709311742117093802e-02
1.862541532257283961e+03	1.844394985094723327e-01	1.148529810386744177e-01	2.928686539052131055e-01	1.853922702009992707e-01	8.640603012238975977e-02	3.886470347764690164e-02	9.717586274515914446e-02
1.867379302470939592e+03	1.841380593590128956e-01	1.146423391206302933e-01	2.930618640474149661e-01	1.855251524128286311e-01	8.646743964369857371e-02	3.890704210995481888e-02	9.725810330601476761e-02
1.872217072684594768e+03	1.838383848850050628e-01	1.144329247853122372e-01	2.932539593128065114e-01	1.856572175265079616e-01	8.652850123999464294e-02	3.894917004204792588e-02	9.733984220788058361e-02
1.877054842898249490e+03	1.835404647594425231e-01	1.142247308356454105e-01	2.934449463969248106e-01	1.857884707728690299e-01	8.658921672039701645e-02	3.899108797817438937e-02	9.742108253610175239e-02
1.881892613111905121e+03	1.832442887151787825e-01	1.140177501170391572e-01	2.936348319502494197e-01	1.859189173464062261e-01	8.664958788670354406e-02	3.903279662664745769e-02	9.750182735733035899e-02
1.886730383325560297e+03	1.829498465455597633e-01	1.138119755171334846e-01	2.938236225785897937e-01	1.860485624055631670e-01	8.670961653338928043e-02	3.907429669968982139e-02	9.758207971962962191e-02
1.891568153539215928e+03	1.826571281040585693e-01	1.136073999655469319e-01	2.940113248434684246e-01	1.861774110730167187e-01	8.676930444760562466e-02	3.911558891328108939e-02	9.766184265257757402e-02
1.896405923752871104e+03	1.823661233039127472e-01	1.134040164336260620e-01	2.941979452624990388e-01	1.863054684359582713e-01	8.682865340917993169e-02	3.915667398700829055e-02	9.774111916737056316e-02
1.901243693966526507e+03	1.820768221177639368e-01	1.132018179341964387e-01	2.943834903097606870e-01	1.864327395463725445e-01	8.688766519061573435e-02	3.919755264391931032e-02	9.781991225692621139e-02
1.906081464180181683e+03	1.817892145772995460e-01	1.130007975213150884e-01	2.945679664161674483e-01	1.865592294213138935e-01	8.694634155709360379e-02	3.923822561037928341e-02	9.789822489598599964e-02
1.910919234393836859e+03	1.815032907728970912e-01	1.128009482900245858e-01	2.947513799698334713e-01	1.866849430431799517e-01	8.700468426647248177e-02	3.927869361592981751e-02	9.797606004121746370e-02
1.915757004607492036e+03	1.812190408532706742e-01	1.126022633761085412e-01	2.949337373164340748e-01	1.868098853599828024e-01	8.706269506929155411e-02	3.931895739315107580e-02	9.805342063131607111e-02
1.920594774821147894e+03	1.809364550251198189e-01	1.124047359558485171e-01	2.951150447595627391e-01	1.869340612856178196e-01	8.712037570877273485e-02	3.935901767752656571e-02	9.813030958710655671e-02
1.925432545034802843e+03	1.806555235527803338e-01	1.122083592457826379e-01	2.952953085610837136e-01	1.870574757001298993e-01	8.717772792082362221e-02	3.939887520731070319e-02	9.820672981164392523e-02
1.930270315248458019e+03	1.803762367578776726e-01	1.120131265024653933e-01	2.954745349414804045e-01	1.871801334499772762e-01	8.723475343404089866e-02	3.943853072339901372e-02	9.828268419031410685e-02
1.935108085462113195e+03	1.800985850189824877e-01	1.118190310222291484e-01	2.956527300802005431e-01	1.873020393482931478e-01	8.729145396971441095e-02	3.947798496920095629e-02	9.835817559093408546e-02
1.939945855675768371e+03	1.798225587712682094e-01	1.116260661409469446e-01	2.958299001159963582e-01	1.874231981751446063e-01	8.734783124183158332e-02	3.951723869051533555e-02	9.843320686385172158e-02
1.944783625889424002e+03	1.795481485061710680e-01	1.114342252337967992e-01	2.960060511472616396e-01	1.875436146777894886e-01	8.740388695708238564e-02	3.955629263540822588e-02	9.850778084204510343e-02
1.949621396103079178e+03	1.792753447710520309e-01	1.112435017150274347e-01	2.961811892323647499e-01	1.876632935709308392e-01	8.745962281486478751e-02	3.959514755409342807e-02	9.858190034122149559e-02
1.954459166316734354e+03	1.790041381688610711e-01	1.110538890377254367e-01	2.963553203899775834e-01	1.877822395369689867e-01	8.751504050729055906e-02	3.963380419881527839e-02	9.865556815991588513e-02
1.959296936530389530e+03	1.787345193578036562e-01	1.108653806935838426e-01	2.965284505994010278e-01	1.879004572262514272e-01	8.757014171919175194e-02	3.967226332373396946e-02	9.872878707958911149e-02
1.964134706744044706e+03	1.784664790510090415e-01	1.106779702126720472e-01	2.967005858008870400e-01	1.880179512573204870e-01	8.762492812812741616e-02	3.971052568481313327e-02	9.880155986472559382e-02
1.968972476957700337e+03	1.782000080162010613e-01	1.104916511632072218e-01	2.968717318959565588e-01	1.881347262171586543e-01	8.767940140439087204e-02	3.974859203970977639e-02	9.887388926293061431e-02
1.973810247171355968e+03	1.779350970753706684e-01	1.103064171513270519e-01	2.970418947477141414e-01	1.882507866614318015e-01	8.773356321101734301e-02	3.978646314766651204e-02	9.894577800502717124e-02
1.978648017385010689e+03	1.776717371044509164e-01	1.101222618208638759e-01	2.972110801811592151e-01	1.883661371147302144e-01	8.778741520379204633e-02	3.982413976940597788e-02	9.901722880515248515e-02
1.983485787598666320e+03	1.774099190329936071e-01	1.099391788531201980e-01	2.973792939834933868e-01	1.884807820708073456e-01	8.784095903125872795e-02	3.986162266702746731e-02	9.908824436085396370e-02
1.988323557812321269e+03	1.771496338438483253e-01	1.097571619666455334e-01	2.975465419044249771e-01	1.885947259928167086e-01	8.789419633472850268e-02	3.989891260390573957e-02	9.915882735318486130e-02
1.993161328025976900e+03	1.768908725728432774e-01	1.095762049170146690e-01	2.977128296564697796e-01	1.887079733135463289e-01	8.794712874828920779e-02	3.993601034459191845e-02	9.922898044679948071e-02
1.997999098239632076e+03	1.766336263084684055e-01	1.093963014966071595e-01	2.978781629152484900e-01	1.888205284356512526e-01	8.799975789881500643e-02	3.997291665471646577e-02	9.929870629004788896e-02
2.002836868453287707e+03	1.763778861915601681e-01	1.092174455343882800e-01	2.980425473197810260e-01	1.889323957318841396e-01	8.805208540597654621e-02	4.000963230089422951e-02	9.936800751507031404e-02
2.007674638666942428e+03	1.761236434149885399e-01	1.090396308956912835e-01	2.982059884727775723e-01	1.890435795453235257e-01	8.810411288225129811e-02	4.004615805063143491e-02	9.943688673789100041e-02
2.012512408880597604e+03	1.758708892233459831e-01	1.088628514820008802e-01	2.983684919409266278e-01	1.891540841896002523e-01	8.815584193293439508e-02	4.008249467223474333e-02	9.950534655851175914e-02
