1.073984987431472746e+03	2.677929659379268967e-01	1.721415057216653111e-01	2.385959523711680408e-01	1.487747812972604333e-01	7.125480088238667076e-02	2.820501003934103995e-02	7.323498374979642289e-02
1.078822757645127922e+03	2.669997344795788652e-01	1.715987741966057967e-01	2.391334533479564373e-01	1.490910541479716078e-01	7.136020080534938304e-02	2.829216885061590012e-02	7.352461417146684275e-02
1.083660527858783553e+03	2.662111522514313267e-01	1.710591355406361203e-01	2.396672390969450950e-01	1.494077104005527290e-01	7.146663411749466788e-02	2.837916765749867731e-02	7.380896093498627575e-02
1.088498298072438729e+03	2.654271930901238030e-01	1.705225761283463703e-01	2.401973424164852433e-01	1.497246169117004977e-01	7.157402186893496721e-02	2.846600099554909280e-02	7.408824858840495908e-02
1.093336068286093905e+03	2.646478309116270800e-01	1.699890821625559545e-01	2.407237957446725363e-01	1.500416485432919111e-01	7.168228913643265310e-02	2.855266355075804230e-02	7.436268995020683947e-02
1.098173838499749309e+03	2.638730397150547136e-01	1.694586396890537527e-01	2.412466311618653991e-01	1.503586877239014852e-01	7.179136481623438204e-02	2.863915015654802665e-02	7.463248673688727131e-02
1.103011608713404712e+03	2.631027935862170763e-01	1.689312346105106277e-01	2.417658803933399325e-01	1.506756240339631736e-01	7.190118142779605703e-02	2.872545579082378189e-02	7.489783015689438495e-02
1.107849378927059888e+03	2.623370667009323753e-01	1.684068526996089776e-01	2.422815748120681068e-01	1.509923538133067511e-01	7.201167492781965218e-02	2.881157557307260572e-02	7.515890147273651678e-02
1.112687149140715292e+03	2.615758333281082981e-01	1.678854796114318537e-01	2.427937454416080887e-01	1.513087797898673426e-01	7.212278453405376877e-02	2.889750476151391537e-02	7.541587253296171134e-02
1.117524919354370468e+03	2.608190678326066103e-01	1.673671008951511385e-01	2.433024229590959320e-01	1.516248107284306479e-01	7.223445255833935152e-02	2.898323875029750266e-02	7.566890627562376792e-02
1.122362689568025871e+03	2.600667446779029168e-01	1.668517020050531707e-01	2.438076376983281945e-01	1.519403610983381114e-01	7.234662424840962447e-02	2.906877306674997274e-02	7.591815720476294271e-02
1.127200459781681047e+03	2.593188384285530224e-01	1.663392683109374270e-01	2.443094196529261020e-01	1.522553507591330735e-01	7.245924763797927104e-02	2.915410336866883223e-02	7.616377184134728862e-02
1.132038229995336451e+03	2.585753237524763271e-01	1.658297851079219565e-01	2.448077984795722639e-01	1.525697046631844522e-01	7.257227340468302978e-02	2.923922544166365767e-02	7.640588915004339898e-02
1.136876000208991627e+03	2.578361754230670266e-01	1.653232376256881520e-01	2.453028035013114783e-01	1.528833525743755195e-01	7.268565473544717770e-02	2.932413519654380671e-02	7.664464094311192188e-02
1.141713770422646803e+03	2.571013683211421097e-01	1.648196110371948353e-01	2.457944637109080177e-01	1.531962288019948770e-01	7.279934719889960548e-02	2.940882866675208901e-02	7.688015226265358659e-02
1.146551540636302207e+03	2.563708774367355891e-01	1.643188904668903549e-01	2.462828077742518496e-01	1.535082719490120651e-01	7.291330862444524163e-02	2.949330200584383832e-02	7.711254174236618908e-02
1.151389310849957155e+03	2.556446778707476830e-01	1.638210609984502020e-01	2.467678640338068774e-01	1.538194246739655324e-01	7.302749898765358016e-02	2.957755148501077860e-02	7.734192194991043601e-02
1.156227081063612786e+03	2.549227448364567161e-01	1.633261076820655688e-01	2.472496605120953761e-01	1.541296334657305256e-01	7.314188030162378784e-02	2.966157349064911519e-02	7.756839971092405195e-02
1.161064851277267962e+03	2.542050536609017364e-01	1.628340155413074142e-01	2.477282249152114868e-01	1.544388484304750897e-01	7.325641651401072763e-02	2.974536452197127159e-02	7.779207641566746045e-02
1.165902621490923138e+03	2.534915797861433950e-01	1.623447695795887380e-01	2.482035846363595810e-01	1.547470230901483723e-01	7.337107340941227684e-02	2.982892118866063008e-02	7.801304830923215528e-02
1.170740391704578315e+03	2.527822987704093638e-01	1.618583547862475491e-01	2.486757667594113319e-01	1.550541141918817256e-01	7.348581851683394506e-02	2.991224020856873833e-02	7.823140676619252942e-02
1.175578161918233945e+03	2.520771862891310056e-01	1.613747561422701760e-01	2.491447980624769132e-01	1.553600815277152714e-01	7.360062102196245071e-02	2.999531840545435063e-02	7.844723855053500894e-02
1.180415932131889122e+03	2.513762181358781267e-01	1.608939586256753762e-01	2.496107050214859124e-01	1.556648877640947892e-01	7.371545168399375181e-02	3.007815270676369307e-02	7.866062606165362403e-02
1.185253702345544298e+03	2.506793702231965848e-01	1.604159472165770928e-01	2.500735138137734626e-01	1.559684982806132936e-01	7.383028275677470942e-02	3.016074014145139412e-02	7.887164756715872582e-02
1.190091472559199701e+03	2.499866185833553578e-01	1.599407069019436467e-01	2.505332503216682882e-01	1.562708810175001406e-01	7.394508791403066328e-02	3.024307783784143527e-02	7.908037742320571384e-02
1.194929242772855105e+03	2.492979393690072376e-01	1.594682226800697433e-01	2.509899401360783378e-01	1.565720063313866539e-01	7.405984217846298123e-02	3.032516302152755278e-02	7.928688628301272523e-02
1.199767012986510281e+03	2.486133088537688662e-01	1.589984795647770843e-01	2.514436085600712523e-01	1.568718468589030690e-01	7.417452185451228752e-02	3.040699301331250062e-02	7.949124129420022389e-02
1.204604783200165684e+03	2.479327034327246659e-01	1.585314625893582130e-01	2.518942806124458422e-01	1.571703773876853005e-01	7.428910446459394135e-02	3.048856522718553994e-02	7.969350628555178784e-02
1.209442553413820860e+03	2.472560996228586883e-01	1.580671568102777480e-01	2.523419810312927392e-01	1.574675747343926568e-01	7.440356868862282869e-02	3.056987716833759958e-02	7.989374194376304417e-02
1.214280323627476264e+03	2.465834740634189892e-01	1.576055473106443006e-01	2.527867342775402815e-01	1.577634176293588042e-01	7.451789430665375913e-02	3.065092643121352864e-02	8.009200598071557209e-02
1.219118093841131440e+03	2.459148035162182777e-01	1.571466192034653986e-01	2.532285645384845796e-01	1.580578866075190159e-01	7.463206214447366815e-02	3.073171069760079893e-02	8.028835329178338198e-02
1.223955864054786844e+03	2.452500648658746396e-01	1.566903576346976024e-01	2.536674957313002632e-01	1.583509639052756435e-01	7.474605402198992998e-02	3.081222773475415788e-02	8.048283610565296065e-02
1.228793634268442020e+03	2.445892351199957238e-01	1.562367477861024423e-01	2.541035515065303563e-01	1.586426333629815666e-01	7.485985270426789850e-02	3.089247539355555183e-02	8.067550412611161625e-02
1.233631404482097196e+03	2.439322914093102201e-01	1.557857748779198914e-01	2.545367552515536702e-01	1.589328803327395845e-01	7.497344185507809344e-02	3.097245160670886524e-02	8.086640466623483403e-02
1.238469174695752372e+03	2.432792109877488229e-01	1.553374241713681991e-01	2.549671300940275498e-01	1.592216915912304520e-01	7.508680599282135937e-02	3.105215438696880270e-02	8.105558277537992795e-02
1.243306944909407548e+03	2.426299712324788971e-01	1.548916809709803555e-01	2.553946989053045846e-01	1.595090552572991371e-01	7.519993044870691701e-02	3.113158182540340727e-02	8.124308135937181874e-02
1.248144715123063179e+03	2.419845496438946808e-01	1.544485306267860125e-01	2.558194843038212873e-01	1.597949607140426165e-01	7.531280132706515140e-02	3.121073208968967727e-02	8.142894129424568805e-02
1.252982485336718355e+03	2.413429238455661041e-01	1.540079585363473835e-01	2.562415086584585722e-01	1.600793985351560422e-01	7.542540546768310150e-02	3.128960342244162252e-02	8.161320153389228782e-02
1.257820255550373531e+03	2.407050715841488886e-01	1.535699501466569750e-01	2.566607940918717579e-01	1.603623604153081306e-01	7.553773041005666655e-02	3.136819413957035729e-02	8.179589921193236579e-02
1.262658025764028707e+03	2.400709707292578432e-01	1.531344909559050615e-01	2.570773624837894844e-01	1.606438391043281400e-01	7.564976435945912348e-02	3.144650262867558499e-02	8.197706973812993181e-02
1.267495795977684338e+03	2.394405992733061039e-01	1.527015665151240653e-01	2.574912354742804332e-01	1.609238283449986318e-01	7.576149615473085075e-02	3.152452734746799545e-02	8.215674688963700567e-02
1.272333566191339514e+03	2.388139353313122881e-01	1.522711624297163890e-01	2.579024344669874624e-01	1.612023228142596687e-01	7.587291523770021973e-02	3.160226682222197492e-02	8.233496289734705542e-02
1.277171336404994690e+03	2.381909571406773396e-01	1.518432643608725596e-01	2.583109806323273250e-01	1.614793180676398765e-01	7.598401162415041599e-02	3.167971964625820869e-02	8.251174852761927747e-02
1.282009106618650094e+03	2.375716430609333407e-01	1.514178580268854546e-01	2.587168949106564142e-01	1.617548104867404246e-01	7.609477587625161632e-02	3.175688447845557982e-02	8.268713315962208932e-02
1.286846876832305497e+03	2.369559715734657901e-01	1.509949292043665514e-01	2.591201980154017037e-01	1.620287972296068080e-01	7.620519907638173551e-02	3.183376004179187119e-02	8.286114485853052214e-02
1.291684647045960673e+03	2.363439212812112056e-01	1.505744637293696120e-01	2.595209104361553276e-01	1.623012761838323881e-01	7.631527280226367560e-02	3.191034512191280592e-02	8.303381044479997419e-02
1.296522417259616077e+03	2.357354709083318289e-01	1.501564474984271313e-01	2.599190524417341330e-01	1.625722459222460059e-01	7.642498910335032702e-02	3.198663856572882963e-02	8.320515555972675392e-02
1.301360187473271253e+03	2.351305992998684036e-01	1.497408664695039915e-01	2.603146440832022623e-01	1.628417056610441394e-01	7.653434047839245691e-02	3.206263928003929425e-02	8.337520472749444800e-02
1.306197957686926657e+03	2.345292854213730238e-01	1.493277066628735938e-01	2.607077051968574311e-01	1.631096552202349892e-01	7.664331985412796422e-02	3.213834623018344688e-02	8.354398141389458854e-02
1.311035727900581833e+03	2.339315083585231658e-01	1.489169541619203285e-01	2.610982554071799577e-01	1.633760949862696488e-01	7.675192056503428450e-02	3.221375843871773781e-02	8.371150808189993520e-02
1.315873498114237009e+03	2.333372473167182048e-01	1.485085951138726545e-01	2.614863141297451565e-01	1.636410258767420633e-01	7.686013633408873835e-02	3.228887498411905921e-02	8.387780624425926479e-02
1.320711268327892412e+03	2.327464816206595566e-01	1.481026157304707880e-01	2.618719005740980932e-01	1.639044493070453690e-01	7.696796125448460146e-02	3.236369499951339407e-02	8.404289651327333244e-02
1.325549038541547588e+03	2.321591907139158029e-01	1.476990022885728004e-01	2.622550337465912595e-01	1.641663671588791118e-01	7.707538977225350529e-02	3.243821767142942430e-02	8.420679864790323044e-02
1.330386808755202765e+03	2.315753541584735786e-01	1.472977411307022366e-01	2.626357324531848891e-01	1.644267817505066509e-01	7.718241666974706705e-02	3.251244223857664706e-02	8.436953159835408611e-02
1.335224578968857941e+03	2.309949516342755249e-01	1.468988186655410255e-01	2.630140153022095806e-01	1.646856958086679867e-01	7.728903704993367318e-02	3.258636799064760364e-02	8.453111354826978174e-02
1.340062349182513572e+03	2.304179629387461126e-01	1.465022213683704611e-01	2.633899007070921172e-01	1.649431124420583927e-01	7.739524632146799199e-02	3.265999426714366605e-02	8.469156195466649717e-02
1.344900119396168748e+03	2.298443679863061417e-01	1.461079357814634716e-01	2.637634068890435390e-01	1.651990351162875292e-01	7.750104018449371912e-02	3.273332045622409647e-02	8.485089358572676932e-02
1.349737889609823924e+03	2.292741468078770828e-01	1.457159485144308986e-01	2.641345518797103553e-01	1.654534676302391594e-01	7.760641461714165579e-02	3.280634599357781095e-02	8.500912455656831068e-02
1.354575659823479100e+03	2.287072795503757860e-01	1.453262462445241987e-01	2.645033535237887312e-01	1.657064140937548058e-01	7.771136586268731494e-02	3.287907036131761801e-02	8.516627036309688814e-02
1.359413430037134731e+03	2.281437464762005041e-01	1.449388157168975122e-01	2.648698294816014820e-01	1.659578789065699056e-01	7.781589041733438794e-02	3.295149308689626633e-02	8.532234591404534718e-02
1.364251200250789907e+03	2.275835279627087815e-01	1.445536437448311784e-01	2.652339972316388184e-01	1.662078667384341846e-01	7.791998501859175030e-02	3.302361374204413474e-02	8.547736556129664764e-02
1.369088970464445310e+03	2.270266045016880174e-01	1.441707172099188639e-01	2.655958740730622880e-01	1.664563825103517469e-01	7.802364663421383628e-02	3.309543194172803737e-02	8.563134312858268482e-02
1.373926740678100487e+03	2.264729566988193665e-01	1.437900230622208564e-01	2.659554771281728569e-01	1.667034313768800402e-01	7.812687245167541927e-02	3.316694734313076903e-02	8.578429193864614555e-02
1.378764510891755890e+03	2.259225652731353395e-01	1.434115483203848573e-01	2.663128233448427973e-01	1.669490187094300748e-01	7.822965986815358375e-02	3.323815964465106493e-02	8.593622483894776398e-02
1.383602281105411066e+03	2.253754110564720470e-01	1.430352800717369643e-01	2.666679294989115490e-01	1.671931500805131365e-01	7.833200648099108987e-02	3.330906858492348188e-02	8.608715422599719225e-02
1.388440051319066470e+03	2.248314749929163914e-01	1.426612054723438439e-01	2.670208121965469972e-01	1.674358312488827272e-01	7.843391007861641451e-02	3.337967394185795134e-02	8.623709206838116315e-02
1.393277821532721646e+03	2.242907381382485688e-01	1.422893117470483693e-01	2.673714878765707792e-01	1.676770681455225231e-01	7.853536863189759798e-02	3.344997553169857391e-02	8.638604992855901388e-02
1.398115591746377049e+03	2.237531816593807954e-01	1.419195861894800292e-01	2.677199728127496181e-01	1.679168668604344716e-01	7.863638028590766438e-02	3.351997320810128078e-02	8.653403898349155965e-02
1.402953361960032225e+03	2.232187868337923431e-01	1.415520161620417716e-01	2.680662831160514625e-01	1.681552336301830319e-01	7.873694335208070161e-02	3.358966686123005668e-02	8.668107004416607253e-02
1.407791132173687402e+03	2.226875350489613825e-01	1.411865890958746150e-01	2.684104347368679866e-01	1.683921748261545115e-01	7.883705630073918613e-02	3.365905641687132882e-02	8.682715357407648493e-02
1.412628902387342805e+03	2.221594078017940233e-01	1.408232924908014716e-01	2.687524434672032281e-01	1.686276969434921391e-01	7.893671775397335943e-02	3.372814183556621659e-02	8.697229970671507826e-02
1.417466672600997981e+03	2.216343866980511890e-01	1.404621139152512355e-01	2.690923249428289199e-01	1.688618065906700161e-01	7.903592647885547551e-02	3.379692311176028807e-02	8.711651826212844785e-02
1.422304442814653157e+03	2.211124534517731888e-01	1.401030410061648301e-01	2.694300946454064594e-01	1.690945104796709453e-01	7.913468138097144722e-02	3.386540027297049726e-02	8.725981876258820380e-02
1.427142213028308333e+03	2.205935898847028176e-01	1.397460614688836589e-01	2.697657679045769030e-01	1.693258154167348872e-01	7.923298149825457048e-02	3.393357337896893422e-02	8.740221044742384204e-02
1.431979983241963964e+03	2.200777779257069022e-01	1.393911630770222065e-01	2.700993599000180434e-01	1.695557282936467902e-01	7.933082599510582478e-02	3.400144252098317305e-02	8.754370228706269408e-02
1.436817753455619140e+03	2.195649996101969315e-01	1.390383336723254593e-01	2.704308856634698999e-01	1.697842560795342903e-01	7.942821415678655295e-02	3.406900782091279445e-02	8.768430299631969904e-02
1.441655523669274316e+03	2.190552370795486870e-01	1.386875611645121131e-01	2.707603600807288458e-01	1.700114058131471095e-01	7.952514538406994793e-02	3.413626943056180529e-02	8.782402104697710488e-02
1.446493293882929493e+03	2.185484725805214024e-01	1.383388335311046546e-01	2.710877978936104826e-01	1.702371845955917007e-01	7.962161918813839834e-02	3.420322753088673312e-02	8.796286467969233192e-02
1.451331064096585123e+03	2.180446884646766170e-01	1.379921388172468677e-01	2.714132137018818725e-01	1.704615995834957987e-01	7.971763518571463314e-02	3.426988233125996541e-02	8.810084191526995623e-02
1.456168834310240300e+03	2.175438671877970853e-01	1.376474651355100165e-01	2.717366219651636272e-01	1.706846579825798127e-01	7.981319309441493870e-02	3.433623406874811157e-02	8.823796056533209087e-02
1.461006604523895703e+03	2.170459913093055193e-01	1.373048006656881204e-01	2.720580370048020780e-01	1.709063670416118841e-01	7.990829272831349861e-02	3.440228300740515860e-02	8.837422824241947250e-02
1.465844374737550879e+03	2.165510434916839422e-01	1.369641336545830979e-01	2.723774730057118010e-01	1.711267340467256814e-01	8.000293399370761449e-02	3.446802943757996257e-02	8.850965236955361803e-02
1.470682144951206283e+03	2.160590064998934301e-01	1.366254524157806405e-01	2.726949440181894446e-01	1.713457663160811717e-01	8.009711688507364924e-02	3.453347367523805500e-02	8.864424018928929172e-02
1.475519915164861459e+03	2.155698632007946036e-01	1.362887453294173434e-01	2.730104639596985794e-01	1.715634711948488822e-01	8.019084148120465827e-02	3.459861606129719519e-02	8.877799877228442771e-02
1.480357685378516862e+03	2.150835965625690349e-01	1.359540008419395651e-01	2.733240466166265148e-01	1.717798560504998073e-01	8.028410794152049390e-02	3.466345696097669626e-02	8.891093502541359828e-02
1.485195455592172038e+03	2.146001896541415432e-01	1.356212074658550149e-01	2.736357056460130277e-01	1.719949282683843894e-01	8.037691650254229214e-02	3.472799676316001144e-02	8.904305569944935550e-02
1.490033225805827215e+03	2.141196256446038781e-01	1.352903537794770128e-01	2.739454545772523342e-01	1.722086952475840316e-01	8.046926747452309847e-02	3.479223587977050419e-02	8.917436739633484433e-02
1.494870996019482618e+03	2.136418878026395407e-01	1.349614284266624220e-01	2.742533068137669172e-01	1.724211643970200158e-01	8.056116123822718023e-02	3.485617474516005537e-02	8.930487657606961394e-02
1.499708766233137567e+03	2.131669594959499925e-01	1.346344201165437793e-01	2.745592756346558749e-01	1.726323431318058377e-01	8.065259824185082305e-02	3.491981381551025748e-02	8.943458956322919429e-02
1.504546536446793198e+03	2.126948241906826687e-01	1.343093176232554031e-01	2.748633741963163457e-01	1.728422388698289958e-01	8.074357899807775574e-02	3.498315356824602956e-02	8.956351255313854676e-02
1.509384306660448374e+03	2.122254654508605454e-01	1.339861097856549221e-01	2.751656155340393428e-01	1.730508590285493864e-01	8.083410408126279201e-02	3.504619450146130577e-02	8.969165161771748551e-02
1.514222076874103550e+03	2.117588669378132615e-01	1.336647855070396684e-01	2.754660125635801093e-01	1.732582110220025617e-01	8.092417412473740246e-02	3.510893713335667965e-02	8.981901271101611073e-02
1.519059847087758726e+03	2.112950124096105442e-01	1.333453337548590190e-01	2.757645780827034931e-01	1.734643022579958338e-01	8.101378981823163794e-02	3.517138200168863638e-02	8.994560167445662946e-02
1.523897617301414357e+03	2.108338857204971606e-01	1.330277435604227121e-01	2.760613247727045638e-01	1.736691401354867603e-01	8.110295190540664501e-02	3.523352966323031743e-02	9.007142424179757911e-02
1.528735387515069533e+03	2.103754708203302293e-01	1.327120040186055006e-01	2.763562651999052489e-01	1.738727320421336320e-01	8.119166118149255540e-02	3.529538069324339444e-02	9.019648604383516399e-02
1.533573157728724709e+03	2.099197517540184466e-01	1.323981042875486125e-01	2.766494118171266003e-01	1.740750853520081354e-01	8.127991849102694788e-02	3.535693568496103834e-02	9.032079261285595739e-02
1.538410927942380113e+03	2.094667126609636165e-01	1.320860335883580761e-01	2.769407769651380802e-01	1.742762074234611436e-01	8.136772472568885861e-02	3.541819524908162292e-02	9.044434938685431968e-02
1.543248698156035516e+03	2.090163377745043738e-01	1.317757812048006016e-01	2.772303728740834194e-01	1.744761055971330854e-01	8.145508082222413515e-02	3.547916001327300339e-02	9.056716171352713340e-02
1.548086468369690692e+03	2.085686114213624043e-01	1.314673364829967994e-01	2.775182116648836628e-01	1.746747871941001506e-01	8.154198776045763764e-02	3.553983062168717538e-02	9.068923485405792906e-02
1.552924238583346096e+03	2.081235180210906921e-01	1.311606888311122876e-01	2.778043053506182858e-01	1.748722595141493641e-01	8.162844656138838750e-02	3.560020773448511339e-02	9.081057398670161485e-02
1.557762008797001272e+03	2.076810420855245420e-01	1.308558277190470520e-01	2.780886658378837195e-01	1.750685298341746465e-01	8.171445828536375022e-02	3.566029202737154569e-02	9.093118421018051012e-02
1.562599779010656675e+03	2.072411682182349613e-01	1.305527426781227240e-01	2.783713049281305030e-01	1.752636054066869509e-01	8.180002403032897440e-02	3.572008419113952699e-02	9.105107054690207702e-02
1.567437549224311852e+03	2.068038811139844835e-01	1.302514233007688316e-01	2.786522343189793416e-01	1.754574934584322565e-01	8.188514493014867335e-02	3.577958493122459366e-02	9.117023794600755127e-02
1.572275319437967255e+03	2.063691655581856021e-01	1.299518592402074124e-01	2.789314656055157382e-01	1.756502011891108994e-01	8.196982215299691843e-02	3.583879496726832120e-02	9.128869128626092289e-02
1.577113089651622431e+03	2.059370064263618960e-01	1.296540402101366285e-01	2.792090102815641961e-01	1.758417357701925476e-01	8.205405689981282169e-02	3.589771503269105490e-02	9.140643537878664904e-02
1.581950859865277607e+03	2.055073886836116803e-01	1.293579559844136029e-01	2.794848797409426044e-01	1.760321043438213273e-01	8.213785040281859628e-02	3.595634587427371659e-02	9.152347496966425910e-02
1.586788630078933011e+03	2.050802973840744059e-01	1.290635963967363131e-01	2.797590852786958626e-01	1.762213140218057694e-01	8.222120392409733303e-02	3.601468825174847233e-02	9.163981474238763747e-02
1.591626400292587959e+03	2.046557176703995562e-01	1.287709513403249573e-01	2.800316380923107973e-01	1.764093718846885539e-01	8.230411875422767587e-02	3.607274293739801130e-02	9.175545932019622819e-02
1.596464170506243590e+03	2.042336347732185142e-01	1.284800107676028758e-01	2.803025492829112064e-01	1.765962849808918322e-01	8.238659621097302321e-02	3.613051071566344280e-02	9.187041326828493393e-02
1.601301940719898766e+03	2.038140340106190940e-01	1.281907646898772235e-01	2.805718298564340296e-01	1.767820603259330214e-01	8.246863763802265990e-02	3.618799238276041580e-02	9.198468109589939823e-02
1.606139710933553943e+03	2.033969007876227364e-01	1.279032031770193645e-01	2.808394907247873662e-01	1.769667049017075722e-01	8.255024440378251616e-02	3.624518874630355131e-02	9.209826725832280514e-02
1.610977481147209119e+03	2.029822205956645087e-01	1.276173163571451830e-01	2.811055427069896195e-01	1.771502256558343813e-01	8.263141790021351352e-02	3.630210062493877815e-02	9.221117615875989992e-02
1.615815251360864750e+03	2.025699790120759625e-01	1.273330944162957001e-01	2.813699965302910999e-01	1.773326295010602405e-01	8.271215954171529106e-02	3.635872884798358601e-02	9.232341215012399016e-02
1.620653021574519926e+03	2.021601616995708228e-01	1.270505275981176074e-01	2.816328628312776416e-01	1.775139233147197959e-01	8.279247076405318873e-02	3.641507425507500145e-02	9.243497953673190937e-02
1.625490791788175102e+03	2.017527544057332867e-01	1.267696062035441051e-01	2.818941521569568454e-01	1.776941139382477441e-01	8.287235302332689180e-02	3.647113769582507187e-02	9.254588257591203626e-02
1.630328562001830505e+03	2.013477429625093740e-01	1.264903205904762407e-01	2.821538749658276668e-01	1.778732081767401829e-01	8.295180779497866863e-02	3.652692002948380173e-02	9.265612547953007427e-02
1.635166332215485909e+03	2.009451132857010269e-01	1.262126611734645520e-01	2.824120416289326863e-01	1.780512127985618975e-01	8.303083657283971686e-02	3.658242212460929149e-02	9.276571241543687951e-02
1.640004102429141085e+03	2.005448513744629846e-01	1.259366184233914054e-01	2.826686624308941687e-01	1.782281345349970292e-01	8.310944086821267507e-02	3.663764485874509286e-02	9.287464750884266707e-02
1.644841872642796488e+03	2.001469433108026552e-01	1.256621828671537489e-01	2.829237475709339145e-01	1.784039800799406550e-01	8.318762220898916204e-02	3.669258911810442669e-02	9.298293484362149530e-02
1.649679642856451665e+03	1.997513752590825975e-01	1.253893450873468096e-01	2.831773071638770123e-01	1.785787560896281434e-01	8.326538213880048389e-02	3.674725579726129815e-02	9.309057846354976129e-02
1.654517413070107068e+03	1.993581334655260828e-01	1.251180957219482637e-01	2.834293512411401039e-01	1.787524691824007583e-01	8.334272221620020460e-02	3.680164579884833559e-02	9.319758237348234331e-02
1.659355183283762244e+03	1.989672042577254607e-01	1.248484254640034735e-01	2.836798897517042728e-01	1.789251259385046533e-01	8.341964401387756689e-02	3.685576003326115901e-02	9.330395054046955461e-02
1.664192953497417420e+03	1.985785740441531888e-01	1.245803250613115032e-01	2.839289325630725003e-01	1.790967328999214792e-01	8.349614911789983440e-02	3.690959941836920166e-02	9.340968689481843334e-02
1.669030723711072824e+03	1.981922293136758884e-01	1.243137853161120771e-01	2.841764894622128557e-01	1.792672965702284682e-01	8.357223912698298618e-02	3.696316487923286681e-02	9.351479533110100550e-02
1.673868493924728000e+03	1.978081566350712306e-01	1.240487970847734822e-01	2.844225701564865316e-01	1.794368234144862184e-01	8.364791565178922306e-02	3.701645734782683245e-02	9.361927970911256003e-02
1.678706264138383403e+03	1.974263426565476265e-01	1.237853512774816506e-01	2.846671842745618908e-01	1.796053198591525679e-01	8.372318031425030060e-02	3.706947776276947604e-02	9.372314385478260068e-02
1.683544034352038352e+03	1.970467741052666089e-01	1.235234388579301290e-01	2.849103413673140794e-01	1.797727922920205057e-01	8.379803474691556453e-02	3.712222706905819042e-02	9.382639156104105593e-02
1.688381804565693983e+03	1.966694377868684340e-01	1.232630508430113681e-01	2.851520509087111521e-01	1.799392470621788143e-01	8.387248059232382813e-02	3.717470621781055612e-02	9.392902658864196730e-02
1.693219574779349159e+03	1.962943205850000150e-01	1.230041783025090651e-01	2.853923222966864293e-01	1.801046904799941117e-01	8.394651950239793992e-02	3.722691616601124520e-02	9.403105266694729292e-02
1.698057344993004335e+03	1.959214094608460466e-01	1.227468123587916876e-01	2.856311648539975878e-01	1.802691288171124617e-01	8.402015313786129203e-02	3.727885787626444847e-02	9.413247349467260272e-02
1.702895115206659511e+03	1.955506914526628226e-01	1.224909441865073001e-01	2.858685878290722071e-01	1.804325683064796071e-01	8.409338316767529797e-02	3.733053231655190235e-02	9.423329274059692728e-02
1.707732885420315142e+03	1.951821536753146347e-01	1.222365650122796826e-01	2.861046003968412133e-01	1.805950151423785788e-01	8.416621126849711809e-02	3.738194045999618936e-02	9.433351404423867548e-02
1.712570655633970318e+03	1.948157833198133626e-01	1.219836661144055590e-01	2.863392116595587789e-01	1.807564754804830698e-01	8.423863912415660571e-02	3.743308328462936763e-02	9.443314101649936954e-02
1.717408425847625494e+03	1.944515676528606185e-01	1.217322388225533791e-01	2.865724306476102323e-01	1.809169554379262412e-01	8.431066842515198834e-02	3.748396177316674904e-02	9.453217724027690450e-02
1.722246196061280898e+03	1.940894940163926108e-01	1.214822745174632818e-01	2.868042663203078102e-01	1.810764610933830454e-01	8.438230086816338182e-02	3.753457691278574981e-02	9.463062627105020552e-02
1.727083966274936301e+03	1.937295498271278393e-01	1.212337646306485134e-01	2.870347275666741416e-01	1.812349984871658715e-01	8.445353815558358235e-02	3.758492969490968144e-02	9.472849163743643497e-02
1.731921736488591478e+03	1.933717225761175940e-01	1.209867006440981524e-01	2.872638232062139640e-01	1.813925736213320428e-01	8.452438199506530359e-02	3.763502111499642672e-02	9.482577684172258103e-02
1.736759506702246881e+03	1.930159998282990896e-01	1.207410740899812485e-01	2.874915619896744046e-01	1.815491924598025553e-01	8.459483409908433171e-02	3.768485217233188272e-02	9.492248536037259377e-02
1.741597276915902057e+03	1.926623692220514883e-01	1.204968765503525163e-01	2.877179525997934917e-01	1.817048609284911131e-01	8.466489618451802923e-02	3.773442386982803903e-02	9.501862064451145617e-02
1.746435047129557461e+03	1.923108184687544187e-01	1.202540996568592091e-01	2.879430036520379543e-01	1.818595849154429345e-01	8.473456997223853537e-02	3.778373721382568412e-02	9.511418612038743947e-02
1.751272817343212637e+03	1.919613353523492993e-01	1.200127350904497542e-01	2.881667236953296407e-01	1.820133702709822165e-01	8.480385718672013573e-02	3.783279321390155964e-02	9.520918518981359713e-02
1.756110587556867813e+03	1.916139077289034098e-01	1.197727745810835409e-01	2.883891212127613346e-01	1.821662228078679002e-01	8.487275955566030150e-02	3.788159288267993474e-02	9.530362123058981616e-02
1.760948357770523216e+03	1.912685235261765981e-01	1.195342099074423875e-01	2.886102046223017470e-01	1.823181483014569559e-01	8.494127880961380161e-02	3.793013723564846174e-02	9.539749759690632769e-02
1.765786127984178393e+03	1.909251707431905976e-01	1.192970328966433957e-01	2.888299822774902381e-01	1.824691524898745809e-01	8.500941668163955467e-02	3.797842729097827136e-02	9.549081761972960658e-02
1.770623898197833569e+03	1.905838374498010912e-01	1.190612354239533321e-01	2.890484624681213810e-01	1.826192410741908079e-01	8.507717490695965168e-02	3.802646406934819673e-02	9.558358460717181204e-02
1.775461668411488745e+03	1.902445117862723301e-01	1.188268094125045221e-01	2.892656534209189778e-01	1.827684197186028869e-01	8.514455522263007781e-02	3.807424859377307041e-02	9.567580184484446304e-02
1.780299438625144376e+03	1.899071819628543878e-01	1.185937468330121591e-01	2.894815633002006949e-01	1.829166940506230798e-01	8.521155936722281388e-02	3.812178188943595586e-02	9.576747259619726449e-02
1.785137208838799552e+03	1.895718362593630246e-01	1.183620397034931965e-01	2.896962002085328169e-01	1.830640696612712559e-01	8.527818908051885971e-02	3.816906498352431315e-02	9.585860010284287525e-02
1.789974979052454728e+03	1.892384630247622712e-01	1.181316800889868068e-01	2.899095721873753417e-01	1.832105521052717900e-01	8.534444610321180458e-02	3.821609890506993956e-02	9.594918758486836730e-02
1.794812749266109904e+03	1.889070506767493440e-01	1.179026601012761744e-01	2.901216872177177497e-01	1.833561469012548184e-01	8.541033217662144517e-02	3.826288468479269872e-02	9.603923824113413943e-02
1.799650519479765535e+03	1.885775877013423918e-01	1.176749718986120352e-01	2.903325532207053916e-01	1.835008595319605751e-01	8.547584904241742332e-02	3.830942335494783024e-02	9.612875524956075723e-02
1.804488289693420711e+03	1.882500626524705456e-01	1.174486076854375505e-01	2.905421780582572167e-01	1.836446954444474478e-01	8.554099844235205086e-02	3.835571594917693006e-02	9.621774176740464923e-02
1.809326059907075887e+03	1.879244641515667724e-01	1.172235597121148026e-01	2.907505695336741747e-01	1.837876600503026703e-01	8.560578211800255743e-02	3.840176350236240710e-02	9.630620093152300609e-02
1.814163830120731291e+03	1.876007808871630045e-01	1.169998202746527632e-01	2.909577353922390142e-01	1.839297587258556244e-01	8.567020181052188710e-02	3.844756705048538864e-02	9.639413585862864620e-02
1.819001600334386467e+03	1.872790016144879610e-01	1.167773817144368703e-01	2.911636833218076981e-01	1.840709968123933615e-01	8.573425926039823786e-02	3.849312763048699099e-02	9.648154964553522228e-02
1.823839370548041643e+03	1.869591151550672736e-01	1.165562364179599519e-01	2.913684209533918823e-01	1.842113796163783179e-01	8.579795620722260874e-02	3.853844628013292778e-02	9.656844536939340751e-02
1.828677140761696819e+03	1.866411103963263596e-01	1.163363768165549539e-01	2.915719558617334561e-01	1.843509124096674168e-01	8.586129438946453474e-02	3.858352403788131713e-02	9.665482608791836627e-02
1.833514910975352450e+03	1.863249762911954321e-01	1.161177953861288747e-01	2.917742955658709225e-01	1.844896004297329195e-01	8.592427554425527414e-02	3.862836194275370144e-02	9.674069483960923144e-02
1.838352681189008081e+03	1.860107018577173144e-01	1.159004846468984357e-01	2.919754475296978402e-01	1.846274488798843871e-01	8.598690140717857311e-02	3.867296103420914122e-02	9.682605464396079609e-02
1.843190451402663257e+03	1.856982761786573066e-01	1.156844371631271795e-01	2.921754191625126063e-01	1.847644629294916407e-01	8.604917371206853571e-02	3.871732235202139660e-02	9.691090850166785009e-02
1.848028221616318433e+03	1.853876884011158577e-01	1.154696455428640967e-01	2.923742178195617991e-01	1.849006477142085270e-01	8.611109419081444671e-02	3.876144693615905801e-02	9.699525939482273040e-02
1.852865991829973609e+03	1.850789277361433172e-01	1.152561024376837773e-01	2.925718508025749176e-01	1.850360083361974883e-01	8.617266457317232509e-02	3.880533582666859799e-02	9.707911028710614065e-02
1.857703762043628785e+03	1.847719834583572418e-01	1.150438005424280347e-01	2.927683253602918478e-01	1.851705498643542447e-01	8.623388658658291683e-02	3.884899006356034440e-02	9.716246412397192000e-02
1.862541532257283961e+03	1.844668449055621440e-01	1.148327325949490690e-01	2.929636486889833913e-01	1.853042773345329464e-01	8.629476195599602995e-02	3.889241068669718054e-02	9.724532383282578907e-02
1.867379302470939592e+03	1.841635014783713775e-01	1.146228913758540885e-01	2.931578279329639103e-01	1.854371957497716050e-01	8.635529240370094783e-02	3.893559873568606250e-02	9.732769232319858632e-02
1.872217072684594768e+03	1.838619426398316048e-01	1.144142697082514842e-01	2.933508701850974232e-01	1.855693100805171358e-01	8.641547964916260205e-02	3.897855524977217323e-02	9.740957248691417547e-02
1.877054842898249490e+03	1.835621579150493732e-01	1.142068604574984075e-01	2.935427824872965386e-01	1.857006252648505107e-01	8.647532540886365693e-02	3.902128126773577593e-02	9.749096719825237067e-02
1.881892613111905121e+03	1.832641368908202173e-01	1.140006565309499009e-01	2.937335718310143395e-01	1.858311462087115784e-01	8.653483139615188169e-02	3.906377782779158619e-02	9.757187931410711557e-02
1.886730383325560297e+03	1.829678692152598984e-01	1.137956508777094866e-01	2.939232451577299954e-01	1.859608777861233575e-01	8.659399932109305975e-02	3.910604596749073236e-02	9.765231167414008262e-02
1.891568153539215928e+03	1.826733445974380587e-01	1.135918364883811982e-01	2.941118093594272120e-01	1.860898248394160792e-01	8.665283089032888020e-02	3.914808672362515840e-02	9.773226710093002589e-02
1.896405923752871104e+03	1.823805528070140403e-01	1.133892063948231110e-01	2.942992712790665211e-01	1.862179921794503701e-01	8.671132780694001951e-02	3.918990113213448312e-02	9.781174840011812310e-02
1.901243693966526507e+03	1.820894836738749800e-01	1.131877536699023717e-01	2.944856377110510182e-01	1.863453845858397961e-01	8.676949177031392790e-02	3.923149022801519087e-02	9.789075836054936253e-02
1.906081464180181683e+03	1.818001270877762920e-01	1.129874714272515596e-01	2.946709154016858845e-01	1.864720068071728243e-01	8.682732447601745895e-02	3.927285504523224391e-02	9.796929975441037719e-02
1.910919234393836859e+03	1.815124729979841200e-01	1.127883528210266162e-01	2.948551110496317462e-01	1.865978635612336456e-01	8.688482761567392632e-02	3.931399661663285972e-02	9.804737533736375410e-02
1.915757004607492036e+03	1.812265114129202048e-01	1.125903910456661217e-01	2.950382313063518169e-01	1.867229595352222216e-01	8.694200287684464290e-02	3.935491597386261281e-02	9.812498784867902668e-02
1.920594774821147894e+03	1.809422323998088888e-01	1.123935793356521246e-01	2.952202827765533222e-01	1.868472993859733033e-01	8.699885194291474833e-02	3.939561414728370153e-02	9.820214001136060022e-02
1.925432545034802843e+03	1.806596260843262858e-01	1.121979109652722628e-01	2.954012720186226515e-01	1.869708877401742575e-01	8.705537649298319969e-02	3.943609216589534505e-02	9.827883453227267974e-02
1.930270315248458019e+03	1.803786826502517537e-01	1.120033792483834251e-01	2.955812055450550146e-01	1.870937291945821146e-01	8.711157820175674527e-02	3.947635105725629673e-02	9.835507410226136671e-02
1.935108085462113195e+03	1.800993923391211726e-01	1.118099775381767025e-01	2.957600898228786024e-01	1.872158283162390080e-01	8.716745873944782563e-02	3.951639184740939753e-02	9.843086139627400810e-02
1.939945855675768371e+03	1.798217454498828305e-01	1.116176992269438950e-01	2.959379312740726964e-01	1.873371896426867245e-01	8.722301977167631892e-02	3.955621556080816253e-02	9.850619907347611670e-02
1.944783625889424002e+03	1.795457323385551140e-01	1.114265377458452805e-01	2.961147362759805057e-01	1.874578176821799225e-01	8.727826295937485268e-02	3.959582322024533807e-02	9.858108977736577960e-02
1.949621396103079178e+03	1.792713434178864473e-01	1.112364865646788131e-01	2.962905111617168408e-01	1.875777169138977685e-01	8.733318995869776558e-02	3.963521584678336013e-02	9.865553613588576298e-02
1.954459166316734354e+03	1.789985691570171733e-01	1.110475391916508348e-01	2.964652622205701804e-01	1.876968917881548515e-01	8.738780242093351081e-02	3.967439445968676953e-02	9.872954076153346581e-02
1.959296936530389530e+03	1.787274000811438779e-01	1.108596891731479239e-01	2.966389956983994103e-01	1.878153467266099608e-01	8.744210199242045956e-02	3.971336007635638959e-02	9.880310625146873638e-02
1.964134706744044706e+03	1.784578267711852961e-01	1.106729300935103549e-01	2.968117177980260646e-01	1.879330861224741689e-01	8.749609031446581309e-02	3.975211371226539114e-02	9.887623518761970431e-02
1.968972476957700337e+03	1.781898398634508274e-01	1.104872555748067642e-01	2.969834346796205726e-01	1.880501143407170006e-01	8.754976902326790100e-02	3.979065638089714085e-02	9.894893013678672522e-02
1.973810247171355968e+03	1.779234300493104382e-01	1.103026592766101766e-01	2.971541524610843421e-01	1.881664357182714631e-01	8.760313974984133834e-02	3.982898909368468715e-02	9.902119365074452118e-02
1.978648017385010689e+03	1.776585880748672852e-01	1.101191348957755167e-01	2.973238772184267908e-01	1.882820545642373833e-01	8.765620411994534678e-02	3.986711285995208492e-02	9.909302826634255879e-02
1.983485787598666320e+03	1.773953047406318650e-01	1.099366761662183278e-01	2.974926149861373270e-01	1.883969751600834963e-01	8.770896375401483758e-02	3.990502868685728843e-02	9.916443650560385903e-02
1.988323557812321269e+03	1.771335709011984116e-01	1.097552768586948502e-01	2.976603717575527219e-01	1.885112017598478407e-01	8.776142026709436716e-02	3.994273757933673036e-02	9.923542087582212790e-02
1.993161328025976900e+03	1.768733774649232093e-01	1.095749307805834460e-01	2.978271534852198754e-01	1.886247385903367102e-01	8.781357526877482667e-02	3.998024054005143435e-02	9.930598386965749924e-02
1.997999098239632076e+03	1.766147153936048764e-01	1.093956317756673291e-01	2.979929660812541958e-01	1.887375898513222183e-01	8.786543036313276822e-02	4.001753856933479292e-02	9.937612796523077885e-02
2.002836868453287707e+03	1.763575757021665913e-01	1.092173737239186537e-01	2.981578154176932061e-01	1.888497597157381136e-01	8.791698714867225706e-02	4.005463266514180248e-02	9.944585562621632846e-02
2.007674638666942428e+03	1.761019494583403733e-01	1.090401505412837979e-01	2.983217073268458752e-01	1.889612523298741797e-01	8.796824721826933258e-02	4.009152382299979028e-02	9.951516930193363142e-02
2.012512408880597604e+03	1.758478277823532221e-01	1.088639561794700478e-01	2.984846476016373984e-01	1.890720718135691369e-01	8.801921215911884255e-02	4.012821303596066785e-02	9.958407142743772034e-02
2.017350179094252780e+03	1.755952018466152287e-01	1.086887846257335033e-01	2.986466419959501462e-01	1.891822222604018500e-01	8.806988355268358104e-02	4.016470129455457921e-02	9.965256442360816147e-02
2.022187949307908411e+03	1.753440628754095454e-01	1.085146299026683303e-01	2.988076962249598956e-01	1.892917077378812041e-01	8.812026297464586877e-02	4.020098958674495765e-02	9.972065069723717867e-02
2.027025719521564042e+03	1.750944021445842991e-01	1.083414860679972197e-01	2.989678159654685641e-01	1.894005322876343156e-01	8.817035199486117358e-02	4.023707889788499803e-02	9.978833264111645895e-02
2.031863489735218764e+03	1.748462109812464194e-01	1.081693472143630680e-01	2.991270068562320028e-01	1.895086999255930771e-01	8.822015217731400682e-02	4.027297021067539895e-02	9.985561263412304212e-02
2.036701259948874394e+03	1.745994807634572432e-01	1.079982074691221150e-01	2.992852744982846813e-01	1.896162146421793981e-01	8.826966508007599854e-02	4.030866450512351346e-02	9.992249304130403076e-02
