1.078822757645127922e+03	2.669928684658124385e-01	1.717137090355349560e-01	2.390015582568729702e-01	1.494077751696285261e-01	7.158069887875533055e-02	2.811045376164089324e-02	7.319293643129758109e-02
1.083660527858783553e+03	2.662045899045688557e-01	1.711731249786955511e-01	2.395459949034265401e-01	1.496994738691014293e-01	7.167386858008131800e-02	2.820026220410579501e-02	7.350268555956313010e-02
1.088498298072438729e+03	2.654209248993306680e-01	1.706355920918889157e-01	2.400861111358282840e-01	1.499932077501782701e-01	7.176869349116761498e-02	2.828990234852236593e-02	7.380556828262652136e-02
1.093336068286093905e+03	2.646418476183651780e-01	1.701010995914725987e-01	2.406219740517318850e-01	1.502887300429970874e-01	7.186505982242988311e-02	2.837936660046409820e-02	7.410192227208184379e-02
1.098173838499749309e+03	2.638673323029521733e-01	1.695696363198941070e-01	2.411536485144636088e-01	1.505858095227965987e-01	7.196285990807285704e-02	2.846864767451281683e-02	7.439206575685032574e-02
1.103011608713404712e+03	2.630973532716474605e-01	1.690411907740128894e-01	2.416811972596781544e-01	1.508842295851303417e-01	7.206199186697492820e-02	2.855773858181433547e-02	7.467629866028432928e-02
1.107849378927059888e+03	2.623318849242465278e-01	1.685157511317137424e-01	2.422046809962484226e-01	1.511837873754898198e-01	7.216235928289645163e-02	2.864663261822662094e-02	7.495490367072077387e-02
1.112687149140715292e+03	2.615709017454662111e-01	1.679933052769126134e-01	2.427241585017157199e-01	1.514842929701467333e-01	7.226387090289422555e-02	2.873532335302885279e-02	7.522814724937799957e-02
1.117524919354370468e+03	2.608143783083604617e-01	1.674738408230489473e-01	2.432396867126083162e-01	1.517855686052112241e-01	7.236644035288995747e-02	2.882380461816153733e-02	7.549628057926191516e-02
1.122362689568025871e+03	2.600622892774868689e-01	1.669573451351543392e-01	2.437513208099180984e-01	1.520874479510785637e-01	7.246998586940187059e-02	2.891207049796948314e-02	7.575954045853312835e-02
1.127200459781681047e+03	2.593146094118382039e-01	1.664438053505806203e-01	2.442591143000091836e-01	1.523897754296027751e-01	7.257443004650572516e-02	2.900011531942108672e-02	7.601815014158476436e-02
1.132038229995336451e+03	2.585713135675529739e-01	1.659332083984673134e-01	2.447631190912154253e-01	1.526924055714909412e-01	7.267969959714658257e-02	2.908793364277878490e-02	7.627232013089027540e-02
1.136876000208991627e+03	2.578323767004187528e-01	1.654255410180220376e-01	2.452633855663700901e-01	1.529952024115592835e-01	7.278572512797308602e-02	2.917552025269704724e-02	7.652224892250197863e-02
1.141713770422646803e+03	2.570977738681800573e-01	1.649207897756840013e-01	2.457599626514958280e-01	1.532980389196298976e-01	7.289244092691447852e-02	2.926287014972547146e-02	7.676812370791248619e-02
1.146551540636302207e+03	2.563674802326628699e-01	1.644189410812370300e-01	2.462528978808712077e-01	1.536007964649769852e-01	7.299978476276604289e-02	2.934997854219594665e-02	7.701012103483216575e-02
1.151389310849957155e+03	2.556414710617263553e-01	1.639199812029333847e-01	2.467422374586765166e-01	1.539033643123542960e-01	7.310769769609097579e-02	2.943684083847387944e-02	7.724840742928680559e-02
1.156227081063612786e+03	2.549197217310529284e-01	1.634238962816873253e-01	2.472280263174104209e-01	1.542056391477505672e-01	7.321612390078729993e-02	2.952345263955471338e-02	7.748313998129895130e-02
1.161064851277267962e+03	2.542022077257855006e-01	1.629306723443930960e-01	2.477103081732580925e-01	1.545075246321281071e-01	7.332501049570581964e-02	2.960980973198791208e-02	7.771446689628362658e-02
1.165902621490923138e+03	2.534889046420215619e-01	1.624402953164192642e-01	2.481891255785810546e-01	1.548089309815021686e-01	7.343430738574142913e-02	2.969590808111162092e-02	7.794252801416499954e-02
1.170740391704578315e+03	2.527797881881729825e-01	1.619527510333278741e-01	2.486645199716886190e-01	1.551097745718148790e-01	7.354396711185282043e-02	2.978174382458219013e-02	7.816745529810278925e-02
1.175578161918233945e+03	2.520748341861989150e-01	1.614680252518643500e-01	2.491365317240427091e-01	1.554099775671477501e-01	7.365394470949794548e-02	2.986731326618351570e-02	7.838937329460686498e-02
1.180415932131889122e+03	2.513740185727205145e-01	1.609861036602618090e-01	2.496052001850382618e-01	1.557094675699029207e-01	7.376419757500210506e-02	2.995261286990204275e-02	7.860839956671446249e-02
1.185253702345544298e+03	2.506773174000233029e-01	1.605069718878992802e-01	2.500705637244937107e-01	1.560081772916621368e-01	7.387468533940329263e-02	3.003763925425407058e-02	7.882464510180635375e-02
1.190091472559199701e+03	2.499847068369555614e-01	1.600306155143532694e-01	2.505326597729778948e-01	1.563060442435099950e-01	7.398536974934646904e-02	3.012238918685271327e-02	7.903821469554621337e-02
1.194929242772855105e+03	2.492961631697278024e-01	1.595570200778778369e-01	2.509915248600936288e-01	1.566030104446770876e-01	7.409621455462253592e-02	3.020685957920253226e-02	7.924920731334063329e-02
1.199767012986510281e+03	2.486116628026201758e-01	1.590861710833476050e-01	2.514471946508294309e-01	1.568990221484272141e-01	7.420718540197188129e-02	3.029104748171057224e-02	7.945771643063517797e-02
1.204604783200165684e+03	2.479311822586028891e-01	1.586180540096950309e-01	2.518997039800865978e-01	1.571940295841753599e-01	7.431824973479375651e-02	3.037495007890307977e-02	7.966383035328529483e-02
1.209442553413820860e+03	2.472546981798754429e-01	1.581526543168724763e-01	2.523490868854813551e-01	1.574879867148822332e-01	7.442937669842430992e-02	3.045856468483783622e-02	7.986763251916829953e-02
1.214280323627476264e+03	2.465821873283295385e-01	1.576899574523671355e-01	2.527953766385164225e-01	1.577808510088275218e-01	7.454053705066471247e-02	3.054188873870253285e-02	8.006920178213410011e-02
1.219118093841131440e+03	2.459136265859402648e-01	1.572299488572951875e-01	2.532386057742110341e-01	1.580725832249165463e-01	7.465170307726001764e-02	3.062491980059013283e-02	8.026861267932870747e-02
1.223955864054786844e+03	2.452489929550900338e-01	1.567726139721006273e-01	2.536788061192742361e-01	1.583631472107243643e-01	7.476284851204637039e-02	3.070765554744270265e-02	8.046593568286350417e-02
1.228793634268442020e+03	2.445882635588297882e-01	1.563179382418819485e-01	2.541160088188991195e-01	1.586525097125282002e-01	7.487394846150051408e-02	3.079009376915559787e-02	8.066123743674667723e-02
1.233631404482097196e+03	2.439314156410807843e-01	1.558659071213692182e-01	2.545502443622540412e-01	1.589406401966230176e-01	7.498497933344100419e-02	3.087223236483434621e-02	8.085458097993944437e-02
1.238469174695752372e+03	2.432784265667812806e-01	1.554165060795718312e-01	2.549815426067412183e-01	1.592275106812562069e-01	7.509591876964501200e-02	3.095406933919700801e-02	8.104602595634927131e-02
1.243306944909407548e+03	2.426292738219814615e-01	1.549697206041174002e-01	2.554099328010884240e-01	1.595130955785563631e-01	7.520674558215831307e-02	3.103560279911510983e-02	8.123562881252474610e-02
1.248144715123063179e+03	2.419839350138894285e-01	1.545255362052994907e-01	2.558354436073372873e-01	1.597973715458681498e-01	7.531743969308862807e-02	3.111683095028669119e-02	8.142344298377207634e-02
1.252982485336718355e+03	2.413423878708720327e-01	1.540839384198521012e-01	2.562581031217870953e-01	1.600803173459392492e-01	7.542798207768498797e-02	3.119775209403529911e-02	8.160951906937100042e-02
1.257820255550373531e+03	2.407046102424130196e-01	1.536449128144668497e-01	2.566779388949499419e-01	1.603619137154375929e-01	7.553835471051691119e-02	3.127836462422911579e-02	8.179390499752824117e-02
1.262658025764028707e+03	2.400705800990314553e-01	1.532084449890690203e-01	2.570949779505701804e-01	1.606421432413092376e-01	7.564854051457793604e-02	3.135866702431466119e-02	8.197664618066925757e-02
1.267495795977684338e+03	2.394402755321626275e-01	1.527745205798657913e-01	2.575092468037573634e-01	1.609209902445135898e-01	7.575852331314832100e-02	3.143865786445990129e-02	8.215778566163411956e-02
1.272333566191339514e+03	2.388136747540045013e-01	1.523431252621815502e-01	2.579207714782807415e-01	1.611984406707021866e-01	7.586828778426107922e-02	3.151833579880174152e-02	8.233736425130983028e-02
1.277171336404994690e+03	2.381907560973313964e-01	1.519142447530921758e-01	2.583295775230683988e-01	1.614744819874310844e-01	7.597781941762463132e-02	3.159769956279326331e-02	8.251542065820070826e-02
1.282009106618650094e+03	2.375714980152773270e-01	1.514878648138708594e-01	2.587356900279534355e-01	1.617491030875216895e-01	7.608710447386353437e-02	3.167674797064621434e-02	8.269199161040864665e-02
1.286846876832305497e+03	2.369558790810909754e-01	1.510639712522568456e-01	2.591391336387069422e-01	1.620222941982073783e-01	7.619612994594719690e-02	3.175547991286451627e-02	8.286711197046783828e-02
1.291684647045960673e+03	2.363438779878642426e-01	1.506425499245575006e-01	2.595399325713946825e-01	1.622940467957245392e-01	7.630488352268344210e-02	3.183389435386483474e-02	8.304081484345235409e-02
1.296522417259616077e+03	2.357354735482360963e-01	1.502235867375941447e-01	2.599381106260928442e-01	1.625643535250264893e-01	7.641335355416119246e-02	3.191199032968033977e-02	8.321313167875049599e-02
1.301360187473271253e+03	2.351306446940734929e-01	1.498070676505006693e-01	2.603336911999959424e-01	1.628332081243176466e-01	7.652152901903305771e-02	3.198976694574411084e-02	8.338409236587668305e-02
1.306197957686926657e+03	2.345293704761307052e-01	1.493929786763843470e-01	2.607266972999487953e-01	1.631006053541237677e-01	7.662939949353493596e-02	3.206722337474871704e-02	8.355372532467029989e-02
1.311035727900581833e+03	2.339316300636890278e-01	1.489813058838569682e-01	2.611171515544314925e-01	1.633665409306295779e-01	7.673695512214567804e-02	3.214435885457877368e-02	8.372205759021000837e-02
1.315873498114237009e+03	2.333374027441777188e-01	1.485720353984441300e-01	2.615050762250262228e-01	1.636310114630320223e-01	7.684418658979508265e-02	3.222117268631329023e-02	8.388911489275309441e-02
1.320711268327892412e+03	2.327466679227779001e-01	1.481651534038802565e-01	2.618904932173914402e-01	1.638940143946711336e-01	7.695108509553449938e-02	3.229766423229497863e-02	8.405492173299133896e-02
1.325549038541547588e+03	2.321594051220105537e-01	1.477606461432963425e-01	2.622734240917695137e-01	1.641555479477157242e-01	7.705764232758814669e-02	3.237383291426369769e-02	8.421950145289754108e-02
1.330386808755202765e+03	2.315755939813094744e-01	1.473584999203069457e-01	2.626538900730505111e-01	1.644156110711929297e-01	7.716385043970908075e-02	3.244967821155137627e-02	8.438287630242115311e-02
1.335224578968857941e+03	2.309952142565808719e-01	1.469587011000024757e-01	2.630319120604151517e-01	1.646742033921638759e-01	7.726970202876713711e-02	3.252519965933585444e-02	8.454506750227611112e-02
1.340062349182513572e+03	2.304182458197501226e-01	1.465612361098528049e-01	2.634075106365774688e-01	1.649313251698589500e-01	7.737519011350098286e-02	3.260039684695135304e-02	8.470609530304976098e-02
1.344900119396168748e+03	2.298446686582969467e-01	1.461660914405277234e-01	2.637807060766479417e-01	1.651869772525974278e-01	7.748030811436980303e-02	3.267526941625323311e-02	8.486597904084842992e-02
1.349737889609823924e+03	2.292744628747796498e-01	1.457732536466390671e-01	2.641515183566348624e-01	1.654411610373263397e-01	7.758504983444421133e-02	3.274981706003480403e-02	8.502473718968257821e-02
1.354575659823479100e+03	2.287076086863497337e-01	1.453827093474097387e-01	2.645199671616029757e-01	1.656938784316230873e-01	7.768940944127919468e-02	3.282403952049426504e-02	8.518238741078253129e-02
1.359413430037134731e+03	2.281440864242571809e-01	1.449944452272738382e-01	2.648860718935053260e-01	1.659451318180156509e-01	7.779338144971516267e-02	3.289793658774972651e-02	8.533894659902460655e-02
1.364251200250789907e+03	2.275838765333474956e-01	1.446084480364126512e-01	2.652498516787047400e-01	1.661949240204826095e-01	7.789696070555636453e-02	3.297150809840045105e-02	8.549443092663713828e-02
1.369088970464445310e+03	2.270269595715510846e-01	1.442247045912297965e-01	2.656113253752001024e-01	1.664432582730038523e-01	7.800014237007861506e-02	3.304475393413252443e-02	8.564885588434542618e-02
1.373926740678100487e+03	2.264733162093656715e-01	1.438432017747702241e-01	2.659705115795712449e-01	1.666901381900394719e-01	7.810292190532119871e-02	3.311767402036727703e-02	8.580223632010620938e-02
1.378764510891755890e+03	2.259229272293325208e-01	1.434639265370857564e-01	2.663274286336567709e-01	1.669355677388225934e-01	7.820529506012026399e-02	3.319026832495086676e-02	8.595458647557248366e-02
1.383602281105411066e+03	2.253757735255067229e-01	1.430868658955513628e-01	2.666820946309764184e-01	1.671795512133578410e-01	7.830725785684350404e-02	3.326253685688339290e-02	8.610592002042194437e-02
1.388440051319066470e+03	2.248318361029224277e-01	1.427120069351344445e-01	2.670345274229115606e-01	1.674220932100242420e-01	7.840880657878804283e-02	3.333447966508615995e-02	8.625625008467423249e-02
1.393277821532721646e+03	2.242910960770533590e-01	1.423393368086209587e-01	2.673847446246541137e-01	1.676631986046863143e-01	7.850993775820587495e-02	3.340609683720564826e-02	8.640558928911479253e-02
1.398115591746377049e+03	2.237535346732692498e-01	1.419688427368005490e-01	2.677327636209350659e-01	1.679028725312240178e-01	7.861064816492287222e-02	3.347738849845283832e-02	8.655394977393648936e-02
1.402953361960032225e+03	2.232191332262885297e-01	1.416005120086135383e-01	2.680786015715430071e-01	1.681411203613964733e-01	7.871093479551954930e-02	3.354835481047661883e-02	8.670134322570333119e-02
1.407791132173687402e+03	2.226878731796276267e-01	1.412343319812622566e-01	2.684222754166429303e-01	1.683779476859597612e-01	7.881079486304352899e-02	3.361899597027009218e-02	8.684778090273483075e-02
1.412628902387342805e+03	2.221597360850476599e-01	1.408702900802890623e-01	2.687638018819029639e-01	1.686133602969641376e-01	7.891022578722517444e-02	3.368931220910855590e-02	8.699327365900340336e-02
1.417466672600997981e+03	2.216347036019984396e-01	1.405083737996230819e-01	2.691031974834396934e-01	1.688473641711596973e-01	7.900922518516967363e-02	3.375930379151807076e-02	8.713783196663224540e-02
1.422304442814653157e+03	2.211127574970603582e-01	1.401485707015979743e-01	2.694404785325889007e-01	1.690799654544443975e-01	7.910779086250015191e-02	3.382897101427354003e-02	8.728146593707560019e-02
1.427142213028308333e+03	2.205938796433845328e-01	1.397908684169420768e-01	2.697756611405104366e-01	1.693111704472917145e-01	7.920592080492805387e-02	3.389831420542531448e-02	8.742418534105873829e-02
1.431979983241963964e+03	2.200780520201315038e-01	1.394352546447437391e-01	2.701087612226342749e-01	1.695409855910995078e-01	7.930361317022806278e-02	3.396733372335328932e-02	8.756599962735042708e-02
1.436817753455619140e+03	2.195652567119087406e-01	1.390817171523925089e-01	2.704397945029549666e-01	1.697694174554043312e-01	7.940086628059636609e-02	3.403602995584759094e-02	8.770691794043634915e-02
1.441655523669274316e+03	2.190554759082071756e-01	1.387302437754983075e-01	2.707687765181807649e-01	1.699964727259094255e-01	7.949767861537218594e-02	3.410440331921497925e-02	8.784694913715797304e-02
1.446493293882929493e+03	2.185486919028371833e-01	1.383808224177901780e-01	2.710957226217450278e-01	1.702221581932774896e-01	7.959404880410334004e-02	3.417245425741004261e-02	8.798610180237756428e-02
1.451331064096585123e+03	2.180448870933640038e-01	1.380334410509956866e-01	2.714206479876840050e-01	1.704464807426418760e-01	7.968997561993813872e-02	3.424018324119047774e-02	8.812438426372649902e-02
1.456168834310240300e+03	2.175440439805432780e-01	1.376880877147025617e-01	2.717435676143887813e-01	1.706694473437932458e-01	7.978545797332663170e-02	3.430759076729553159e-02	8.826180460549064299e-02
1.461006604523895703e+03	2.170461451677562770e-01	1.373447505162035953e-01	2.720644963282350393e-01	1.708910650420004673e-01	7.988049490601496772e-02	3.437467735764694610e-02	8.839837068168344969e-02
1.465844374737550879e+03	2.165511733604456035e-01	1.370034176303261686e-01	2.723834487870969157e-01	1.711113409494278703e-01	7.997508558531803147e-02	3.444144355857168410e-02	8.853409012835444791e-02
1.470682144951206283e+03	2.160591113655512541e-01	1.366640772992476216e-01	2.727004394837498347e-01	1.713302822371123857e-01	8.006922929865584182e-02	3.450788994004563848e-02	8.866897037517815217e-02
1.475519915164861459e+03	2.155699420909472364e-01	1.363267178322969397e-01	2.730154827491662606e-01	1.715478961274667646e-01	8.016292544834024980e-02	3.457401709495783876e-02	8.880301865636536229e-02
1.480357685378516862e+03	2.150836485448790747e-01	1.359913276057444775e-01	2.733285927557094208e-01	1.717641898872771244e-01	8.025617354659932146e-02	3.463982563839432260e-02	8.893624202093687592e-02
1.485195455592172038e+03	2.146002138354020372e-01	1.356578950625800251e-01	2.736397835202289408e-01	1.719791708211644565e-01	8.034897321082708210e-02	3.470531620694118635e-02	8.906864734239688941e-02
1.490033225805827215e+03	2.141196211698205842e-01	1.353264087122804660e-01	2.739490689070624430e-01	1.721928462654820635e-01	8.044132415904738098e-02	3.477048945800619711e-02	8.920024132784155901e-02
1.494870996019482618e+03	2.136418538541288714e-01	1.349968571305673604e-01	2.742564626309471065e-01	1.724052235826223078e-01	8.053322620558106548e-02	3.483534606915834192e-02	8.933103052653565412e-02
1.499708766233137567e+03	2.131668952924527516e-01	1.346692289591560898e-01	2.745619782598444081e-01	1.726163101557076085e-01	8.062467925690616766e-02	3.489988673748487674e-02	8.946102133798874978e-02
1.504546536446793198e+03	2.126947289864930535e-01	1.343435129054960375e-01	2.748656292176822613e-01	1.728261133836422880e-01	8.071568330770158284e-02	3.496411217896523704e-02	8.959022001956010173e-02
1.509384306660448374e+03	2.122253385349704424e-01	1.340196977425036629e-01	2.751674287870164992e-01	1.730346406765031486e-01	8.080623843706503939e-02	3.502802312786139349e-02	8.971863269362034821e-02
1.514222076874103550e+03	2.117587076330718077e-01	1.336977723082882208e-01	2.754673901116163059e-01	1.732418994512477939e-01	8.089634480489675539e-02	3.509162033612411163e-02	8.984626535429554584e-02
1.519059847087758726e+03	2.112948200718986203e-01	1.333777255058712086e-01	2.757655261989755413e-01	1.734478971277214621e-01	8.098600264844058039e-02	3.515490457281466447e-02	8.997312387381847798e-02
1.523897617301414357e+03	2.108336597379169008e-01	1.330595463028998449e-01	2.760618499227534550e-01	1.736526411249436908e-01	8.107521227897487859e-02	3.521787662354156773e-02	9.009921400851020334e-02
1.528735387515069533e+03	2.103752106124092136e-01	1.327432237313554142e-01	2.763563740251468448e-01	1.738561388576576883e-01	8.116397407864599234e-02	3.528053728991187299e-02	9.022454140441346637e-02
1.533573157728724709e+03	2.099194567709285475e-01	1.324287468872562268e-01	2.766491111191969887e-01	1.740583977331262577e-01	8.125228849743712511e-02	3.534288738899662302e-02	9.034911160259871676e-02
1.538410927942380113e+03	2.094663823827541960e-01	1.321161049303567481e-01	2.769400736910330174e-01	1.742594251481586198e-01	8.134015605026621853e-02	3.540492775281003923e-02	9.047293004416162576e-02
1.543248698156035516e+03	2.090159717103498849e-01	1.318052870838422597e-01	2.772292741020547790e-01	1.744592284863541454e-01	8.142757731420668943e-02	3.546665922780208730e-02	9.059600207493061219e-02
1.548086468369690692e+03	2.085682091088239543e-01	1.314962826340201896e-01	2.775167245910568070e-01	1.746578151155493142e-01	8.151455292582497625e-02	3.552808267436405321e-02	9.071833294990114260e-02
1.552924238583346096e+03	2.081230790253918717e-01	1.311890809300079452e-01	2.778024372762961658e-01	1.748551923854551882e-01	8.160108357862944084e-02	3.558919896634665792e-02	9.083992783741308419e-02
1.557762008797001272e+03	2.076805659988407715e-01	1.308836713834181098e-01	2.780864241575057849e-01	1.750513676254736306e-01	8.168717002062533816e-02	3.565000899059054401e-02	9.096079182308615396e-02
1.562599779010656675e+03	2.072406546589966037e-01	1.305800434680408351e-01	2.783686971178550018e-01	1.752463481426807246e-01	8.177281305197084404e-02	3.571051364646864873e-02	9.108092991352763346e-02
1.567437549224311852e+03	2.068033297261934744e-01	1.302781867195242915e-01	2.786492679258598670e-01	1.754401412199672050e-01	8.185801352272940867e-02	3.577071384544017185e-02	9.120034703982586588e-02
1.572275319437967255e+03	2.063685760107453748e-01	1.299780907350526482e-01	2.789281482372447107e-01	1.756327541143256898e-01	8.194277233071387001e-02	3.583061051061587482e-02	9.131904806084209514e-02
1.577113089651622431e+03	2.059363784124203789e-01	1.296797451730229145e-01	2.792053495967560250e-01	1.758241940552757177e-01	8.202709041941826096e-02	3.589020457633434330e-02	9.143703776631258162e-02
1.581950859865277607e+03	2.055067219199173956e-01	1.293831397527198668e-01	2.794808834399313824e-01	1.760144682434174879e-01	8.211096877603304978e-02	3.594949698774896341e-02	9.155432087977199984e-02
1.586788630078933011e+03	2.050795916103451133e-01	1.290882642539900038e-01	2.797547610948243335e-01	1.762035838491063100e-01	8.219440842954015003e-02	3.600848870042526462e-02	9.167090206130891483e-02
1.591626400292587959e+03	2.046549726487040255e-01	1.287951085169143917e-01	2.800269937836863399e-01	1.763915480112399070e-01	8.227741044888406408e-02	3.606718067994846982e-02	9.178678591016291299e-02
1.596464170506243590e+03	2.042328502873701490e-01	1.285036624414807593e-01	2.802975926246083493e-01	1.765783678361515785e-01	8.235997594121545473e-02	3.612557390154082226e-02	9.190197696717303244e-02
1.601301940719898766e+03	2.038132098655823232e-01	1.282139159872548451e-01	2.805665686331221820e-01	1.767640503966018684e-01	8.244210605020434179e-02	3.618366934968859222e-02	9.201647971708602769e-02
1.606139710933553943e+03	2.033960368089311188e-01	1.279258591730516037e-01	2.808339327237638905e-01	1.769486027308629639e-01	8.252380195441938460e-02	3.624146801777839572e-02	9.213029859073282313e-02
1.610977481147209119e+03	2.029813166288510773e-01	1.276394820766058313e-01	2.810996957115997619e-01	1.771320318418893591e-01	8.260506486577053054e-02	3.629897090774265173e-02	9.224343796708092680e-02
1.615815251360864750e+03	2.025690349221152819e-01	1.273547748342428454e-01	2.813638683137165142e-01	1.773143446965692871e-01	8.268589602801219851e-02	3.635617902971390036e-02	9.235590217517009037e-02
1.620653021574519926e+03	2.021591773703323991e-01	1.270717276405491647e-01	2.816264611506766880e-01	1.774955482250516470e-01	8.276629671530431887e-02	3.641309340168778774e-02	9.246769549593812643e-02
1.625490791788175102e+03	2.017517297394465781e-01	1.267903307480433006e-01	2.818874847479403978e-01	1.776756493201432363e-01	8.284626823082866243e-02	3.646971504919448159e-02	9.257882216394341945e-02
1.630328562001830505e+03	2.013466778792400991e-01	1.265105744668469367e-01	2.821469495372545544e-01	1.778546548367721525e-01	8.292581190545812719e-02	3.652604500497824008e-02	9.268928636899004259e-02
1.635166332215485909e+03	2.009440077228381860e-01	1.262324491643564417e-01	2.824048658580101123e-01	1.780325715915120344e-01	8.300492909647670670e-02	3.658208430868513383e-02	9.279909225766143355e-02
1.640004102429141085e+03	2.005437052862172331e-01	1.259559452649149924e-01	2.826612439585693415e-01	1.782094063621641744e-01	8.308362118634790572e-02	3.663783400655840072e-02	9.290824393476791732e-02
1.644841872642796488e+03	2.001457566677149191e-01	1.256810532494851695e-01	2.829160939975630673e-01	1.783851658873925883e-01	8.316188958152954946e-02	3.669329515114153062e-02	9.301674546471316862e-02
1.649679642856451665e+03	1.997501480475435964e-01	1.254077636553223019e-01	2.831694260451587675e-01	1.785598568664089891e-01	8.323973571133312654e-02	3.674846880098871227e-02	9.312460087278444376e-02
1.654517413070107068e+03	1.993568656873060119e-01	1.251360670756487548e-01	2.834212500843016902e-01	1.787334859587041691e-01	8.331716102682569514e-02	3.680335602038254522e-02	9.323181414637102260e-02
1.659355183283762244e+03	1.989658959295138030e-01	1.248659541593289540e-01	2.836715760119279950e-01	1.789060597838225686e-01	8.339416699977253433e-02	3.685795787905880860e-02	9.333838923611520455e-02
1.664192953497417420e+03	1.985772251971086588e-01	1.245974156105453395e-01	2.839204136401520806e-01	1.790775849211769521e-01	8.347075512161902799e-02	3.691227545193808551e-02	9.344433005699966099e-02
1.669030723711072824e+03	1.981908399929863396e-01	1.243304421884754568e-01	2.841677726974283225e-01	1.792480679099004159e-01	8.354692690250996312e-02	3.696630981886411121e-02	9.354964048937514098e-02
1.673868493924728000e+03	1.978067268995229167e-01	1.240650247069700479e-01	2.844136628296881630e-01	1.794175152487331448e-01	8.362268387034486883e-02	3.702006206434871327e-02	9.365432437993180537e-02
1.678706264138383403e+03	1.974248725781042879e-01	1.238011540342323219e-01	2.846580936014528329e-01	1.795859333959414772e-01	8.369802756986786940e-02	3.707353327732305914e-02	9.375838554261781144e-02
1.683544034352038352e+03	1.970452637686577191e-01	1.235388210924983771e-01	2.849010744969230902e-01	1.797533287692666959e-01	8.377295956179063585e-02	3.712672455089521817e-02	9.386182775950788204e-02
1.688381804565693983e+03	1.966678872891866603e-01	1.232780168577189833e-01	2.851426149210460337e-01	1.799197077459018523e-01	8.384748142194713150e-02	3.717963698211376039e-02	9.396465478162524532e-02
1.693219574779349159e+03	1.962927300353077553e-01	1.230187323592425025e-01	2.853827242005597675e-01	1.800850766624940147e-01	8.392159474047890255e-02	3.723227167173728813e-02	9.406687032971935980e-02
1.698057344993004335e+03	1.959197789797907652e-01	1.227609586794992519e-01	2.856214115850172486e-01	1.802494418151705247e-01	8.399530112104972024e-02	3.728462972400979625e-02	9.416847809500224209e-02
1.702895115206659511e+03	1.955490211721009897e-01	1.225046869536872141e-01	2.858586862477883184e-01	1.804128094595872644e-01	8.406860218008829766e-02	3.733671224644167369e-02	9.426948173984571466e-02
1.707732885420315142e+03	1.951804437379444646e-01	1.222499083694591759e-01	2.860945572870423059e-01	1.805751858109970465e-01	8.414149954605823489e-02	3.738852034959617987e-02	9.436988489844207184e-02
1.712570655633970318e+03	1.948140338788157400e-01	1.219966141666112142e-01	2.863290337267103136e-01	1.807365770443369879e-01	8.421399485875381841e-02	3.744005514688140274e-02	9.446969117742996802e-02
1.717408425847625494e+03	1.944497788715481845e-01	1.217447956367727901e-01	2.865621245174288512e-01	1.808969892943332602e-01	8.428608976862092539e-02	3.749131775434736552e-02	9.456890415648808168e-02
1.722246196061280898e+03	1.940876660678670373e-01	1.214944441230982886e-01	2.867938385374643184e-01	1.810564286556213542e-01	8.435778593610204767e-02	3.754230929048835153e-02	9.466752738889804009e-02
1.727083966274936301e+03	1.937276828939450690e-01	1.212455510199600128e-01	2.870241845936196134e-01	1.812149011828815826e-01	8.442908503100429729e-02	3.759303087605020410e-02	9.476556440207864473e-02
1.731921736488591478e+03	1.933698168499607128e-01	1.209981077726427906e-01	2.872531714221230326e-01	1.813724128909875166e-01	8.449998873188986626e-02	3.764348363384253937e-02	9.486301869809296572e-02
1.736759506702246881e+03	1.930140555096589439e-01	1.207521058770401057e-01	2.874808076894997955e-01	1.815289697551669967e-01	8.457049872548780267e-02	3.769366868855572594e-02	9.495989375413008138e-02
1.741597276915902057e+03	1.926603865199146004e-01	1.205075368793518814e-01	2.877071019934267504e-01	1.816845777111743832e-01	8.464061670612649246e-02	3.774358716658251373e-02	9.505619302296278161e-02
1.746435047129557461e+03	1.923087976002984256e-01	1.202643923757837074e-01	2.879320628635711476e-01	1.818392426554729935e-01	8.471034437518598637e-02	3.779324019584427014e-02	9.515191993338277532e-02
1.751272817343212637e+03	1.919592765426455239e-01	1.200226640122478566e-01	2.881556987624131483e-01	1.819929704454270325e-01	8.477968344056949213e-02	3.784262890562162945e-02	9.524707789061463703e-02
1.756110587556867813e+03	1.916118112106264260e-01	1.197823434840657869e-01	2.883780180860525677e-01	1.821457668995019319e-01	8.484863561619325478e-02	3.789175442638949287e-02	9.534167027670989447e-02
1.760948357770523216e+03	1.912663895393207358e-01	1.195434225356722807e-01	2.885990291650011308e-01	1.822976377974724338e-01	8.491720262149426990e-02	3.794061788965628207e-02	9.543570045092227006e-02
1.765786127984178393e+03	1.909229995347931363e-01	1.193058929603213331e-01	2.888187402649595170e-01	1.824485888806376688e-01	8.498538618095513586e-02	3.798922042780734226e-02	9.552917175006524209e-02
1.770623898197833569e+03	1.905816292736723094e-01	1.190697465997935245e-01	2.890371595875803057e-01	1.825986258520423400e-01	8.505318802364536523e-02	3.803756317395239062e-02	9.562208748885311915e-02
1.775461668411488745e+03	1.902422669027317437e-01	1.188349753441051843e-01	2.892542952712167659e-01	1.827477543767037638e-01	8.512060988277868334e-02	3.808564726177690596e-02	9.571445096022630772e-02
1.780299438625144376e+03	1.899049006384736504e-01	1.186015711312191079e-01	2.894701553916578241e-01	1.828959800818437120e-01	8.518765349528560626e-02	3.813347382539743896e-02	9.580626543566199416e-02
1.785137208838799552e+03	1.895695187667149895e-01	1.183695259467569816e-01	2.896847479628500421e-01	1.830433085571248064e-01	8.525432060140096524e-02	3.818104399922060688e-02	9.589753416547096287e-02
1.789974979052454728e+03	1.892361096421760203e-01	1.181388318237134305e-01	2.898980809376063283e-01	1.831897453548907151e-01	8.532061294426564191e-02	3.822835891780586998e-02	9.598826037908131381e-02
1.794812749266109904e+03	1.889046616880714347e-01	1.179094808421718016e-01	2.901101622083022136e-01	1.833352959904099300e-01	8.538653226954208419e-02	3.827541971573184681e-02	9.607844728530999523e-02
1.799650519479765535e+03	1.885751633957037932e-01	1.176814651290215563e-01	2.903209996075593602e-01	1.834799659421223472e-01	8.545208032504326978e-02	3.832222752746618222e-02	9.616809807262279020e-02
1.804488289693420711e+03	1.882476033240594315e-01	1.174547768576772871e-01	2.905306009089173025e-01	1.836237606518885679e-01	8.551725886037436775e-02	3.836878348723885002e-02	9.625721590938343675e-02
1.809326059907075887e+03	1.879219700994068931e-01	1.172294082477994270e-01	2.907389738274934188e-01	1.837666855252411691e-01	8.558206962658698735e-02	3.841508872891880727e-02	9.634580394409249238e-02
1.814163830120731291e+03	1.875982524148976649e-01	1.170053515650167214e-01	2.909461260206310240e-01	1.839087459316378348e-01	8.564651437584532012e-02	3.846114438589394446e-02	9.643386530561669223e-02
1.819001600334386467e+03	1.872764390301691340e-01	1.167825991206501157e-01	2.911520650885365824e-01	1.840499472047160412e-01	8.571059486110392533e-02	3.850695159095423453e-02	9.652140310340913409e-02
1.823839370548041643e+03	1.869565187709503751e-01	1.165611432714386275e-01	2.913567985749057621e-01	1.841902946425486853e-01	8.577431283579667332e-02	3.855251147617801133e-02	9.660842042772098404e-02
1.828677140761696819e+03	1.866384805286698811e-01	1.163409764192665091e-01	2.915603339675387762e-01	1.843297935079007133e-01	8.583767005353659663e-02	3.859782517282132203e-02	9.669492034980524398e-02
1.833514910975352450e+03	1.863223132600659027e-01	1.161220910108923393e-01	2.917626786989453436e-01	1.844684490284862199e-01	8.590066826782613574e-02	3.864289381121027711e-02	9.678090592211283094e-02
1.838352681189008081e+03	1.860080059867988966e-01	1.159044795376796139e-01	2.919638401469390465e-01	1.846062663972259099e-01	8.596330923177751548e-02	3.868771852063630778e-02	9.686638017848166193e-02
1.843190451402663257e+03	1.856955477950666400e-01	1.156881345353289736e-01	2.921638256352224738e-01	1.847432507725046691e-01	8.602559469784291923e-02	3.873230042925430300e-02	9.695134613431898030e-02
1.848028221616318433e+03	1.853849278352212582e-01	1.154730485836121534e-01	2.923626424339615393e-01	1.848794072784289977e-01	8.608752641755409996e-02	3.877664066398352899e-02	9.703580678677736771e-02
1.852865991829973609e+03	1.850761353213888905e-01	1.152592143061074714e-01	2.925602977603510291e-01	1.850147410050840824e-01	8.614910614127124777e-02	3.882074035041125498e-02	9.711976511492489972e-02
1.857703762043628785e+03	1.847691595310915202e-01	1.150466243699369423e-01	2.927567987791704907e-01	1.851492570087905631e-01	8.621033561794053113e-02	3.886460061269909894e-02	9.720322407990968083e-02
1.862541532257283961e+03	1.844639898048709703e-01	1.148352714855050277e-01	2.929521526033311840e-01	1.852829603123603286e-01	8.627121659486033933e-02	3.890822257349191987e-02	9.728618662511900883e-02
1.867379302470939592e+03	1.841606155459153960e-01	1.146251484062389830e-01	2.931463662944138737e-01	1.854158559053517841e-01	8.633175081745574075e-02	3.895160735382929146e-02	9.736865567633373741e-02
1.872217072684594768e+03	1.838590262196878045e-01	1.144162479283308415e-01	2.933394468631978502e-01	1.855479487443239539e-01	8.639194002906103176e-02	3.899475607305947361e-02	9.745063414187783712e-02
1.877054842898249490e+03	1.835592113535569336e-01	1.142085628904808969e-01	2.935314012701817354e-01	1.856792437530897233e-01	8.645178597071002946e-02	3.903766984875579188e-02	9.753212491276364027e-02
1.881892613111905121e+03	1.832611605364304064e-01	1.140020861736428109e-01	2.937222364260957952e-01	1.858097458229676369e-01	8.651129038093376133e-02	3.908034979663540381e-02	9.761313086283285312e-02
1.886730383325560297e+03	1.829648634183899392e-01	1.137968107007703705e-01	2.939119591924059249e-01	1.859394598130326981e-01	8.657045499556564883e-02	3.912279703048038293e-02	9.769365484889369622e-02
1.891568153539215928e+03	1.826703097103288265e-01	1.135927294365656759e-01	2.941005763818096974e-01	1.860683905503654756e-01	8.662928154755356047e-02	3.916501266206107862e-02	9.777369971085435318e-02
1.896405923752871104e+03	1.823774891835916734e-01	1.133898353872289655e-01	2.942880947587249163e-01	1.861965428302997660e-01	8.668777176677872065e-02	3.920699780106169652e-02	9.785326827185290843e-02
1.901243693966526507e+03	1.820863916696161267e-01	1.131881216002100510e-01	2.944745210397701207e-01	1.863239214166689528e-01	8.674592737988133517e-02	3.924875355500803686e-02	9.793236333838400975e-02
1.906081464180181683e+03	1.817970070595771315e-01	1.129875811639610983e-01	2.946598618942376513e-01	1.864505310420505046e-01	8.680375011009240638e-02	3.929028102919735616e-02	9.801098770042246389e-02
1.910919234393836859e+03	1.815093253040327426e-01	1.127882072076911435e-01	2.948441239445597217e-01	1.865763764080087816e-01	8.686124167707198751e-02	3.933158132663033130e-02	9.808914413154386225e-02
1.915757004607492036e+03	1.812233364125727664e-01	1.125899929011220657e-01	2.950273137667669410e-01	1.867014621853361200e-01	8.691840379675326578e-02	3.937265554794498051e-02	9.816683538904240336e-02
1.920594774821147894e+03	1.809390304534688743e-01	1.123929314542460173e-01	2.952094378909400629e-01	1.868257930142921963e-01	8.697523818119254346e-02	3.941350479135260348e-02	9.824406421404623113e-02
1.925432545034802843e+03	1.806563975533272970e-01	1.121970161170844082e-01	2.953905028016546308e-01	1.869493735048414207e-01	8.703174653842488118e-02	3.945413015257567824e-02	9.832083333163019190e-02
1.930270315248458019e+03	1.803754278967433788e-01	1.120022401794484174e-01	2.955705149384193486e-01	1.870722082368884431e-01	8.708793057232505630e-02	3.949453272478757604e-02	9.839714545092625997e-02
1.935108085462113195e+03	1.800961117259582966e-01	1.118085969707009047e-01	2.957494806961071254e-01	1.871943017605119663e-01	8.714379198247404479e-02	3.953471359855419143e-02	9.847300326523189540e-02
1.939945855675768371e+03	1.798184393405178050e-01	1.116160798595199066e-01	2.959274064253805681e-01	1.873156585961961718e-01	8.719933246403045735e-02	3.957467386177734164e-02	9.854840945211611192e-02
1.944783625889424002e+03	1.795424010969331186e-01	1.114246822536635317e-01	2.961042984331104244e-01	1.874362832350605912e-01	8.725455370760698548e-02	3.961441459963992856e-02	9.862336667352375463e-02
1.949621396103079178e+03	1.792679874083437097e-01	1.112343975997363010e-01	2.962801629827881977e-01	1.875561801390877581e-01	8.730945739915173254e-02	3.965393689455283532e-02	9.869787757587777932e-02
1.954459166316734354e+03	1.789951887441822431e-01	1.110452193829570416e-01	2.964550062949327103e-01	1.876753537413488604e-01	8.736404521983415217e-02	3.969324182610348833e-02	9.877194479017981088e-02
1.959296936530389530e+03	1.787239956298415089e-01	1.108571411269280854e-01	2.966288345474905053e-01	1.877938084462274781e-01	8.741831884593551094e-02	3.973233047100609150e-02	9.884557093210909196e-02
1.964134706744044706e+03	1.784543986463433540e-01	1.106701563934060217e-01	2.968016538762306977e-01	1.879115486296412396e-01	8.747227994874381962e-02	3.977120390305342867e-02	9.891875860211972460e-02
1.968972476957700337e+03	1.781863884300096679e-01	1.104842587820737826e-01	2.969734703751339411e-01	1.880285786392611458e-01	8.752593019445296940e-02	3.980986319307028287e-02	9.899151038553646864e-02
1.973810247171355968e+03	1.779199556721352271e-01	1.102994419303141987e-01	2.971442900967759537e-01	1.881449027947294794e-01	8.757927124406597597e-02	3.984830940886834039e-02	9.906382885264911065e-02
1.978648017385010689e+03	1.776550911186625392e-01	1.101156995129849575e-01	2.973141190527054945e-01	1.882605253878749385e-01	8.763230475330224811e-02	3.988654361520262842e-02	9.913571655880543121e-02
1.983485787598666320e+03	1.773917855698588508e-01	1.099330252421949206e-01	2.974829632138170643e-01	1.883754506829262432e-01	8.768503237250876992e-02	3.992456687372942375e-02	9.920717604450292326e-02
1.988323557812321269e+03	1.771300298799947659e-01	1.097514128670818434e-01	2.976508285107182239e-01	1.884896829167234389e-01	8.773745574657504376e-02	3.996238024296556307e-02	9.927820983547927525e-02
1.993161328025976900e+03	1.768698149570251121e-01	1.095708561735915104e-01	2.978177208340918591e-01	1.886032262989272568e-01	8.778957651485155833e-02	3.999998477824915494e-02	9.934882044280170243e-02
1.997999098239632076e+03	1.766111317622715005e-01	1.093913489842582021e-01	2.979836460350532845e-01	1.887160850122263922e-01	8.784139631107201751e-02	4.003738153170169345e-02	9.941901036295505700e-02
2.002836868453287707e+03	1.763539713101069106e-01	1.092128851579865223e-01	2.981486099255026834e-01	1.888282632125427574e-01	8.789291676327883052e-02	4.007457155219148331e-02	9.948878207792903605e-02
2.007674638666942428e+03	1.760983246676421921e-01	1.090354585898345580e-01	2.983126182784722191e-01	1.889397650292346797e-01	8.794413949375194661e-02	4.011155588529833477e-02	9.955813805530425165e-02
2.012512408880597604e+03	1.758441829544143964e-01	1.088590632107984540e-01	2.984756768284690942e-01	1.890505945652981579e-01	8.799506611894104824e-02	4.014833557327961155e-02	9.962708074833739880e-02
2.017350179094252780e+03	1.755915373420769976e-01	1.086836929875982238e-01	2.986377912718131689e-01	1.891607558975661185e-01	8.804569824940068623e-02	4.018491165503744467e-02	9.969561259604549364e-02
2.022187949307908411e+03	1.753403790540920271e-01	1.085093419224650302e-01	2.987989672669704722e-01	1.892702530769055924e-01	8.809603748972859305e-02	4.022128516608723670e-02	9.976373602328918178e-02
2.027025719521564042e+03	1.750906993654239574e-01	1.083360040529295493e-01	2.989592104348821611e-01	1.893790901284130024e-01	8.814608543850692424e-02	4.025745713852726948e-02	9.983145344085524175e-02
2.031863489735218764e+03	1.748424896022355013e-01	1.081636734516118609e-01	2.991185263592891497e-01	1.894872710516074810e-01	8.819584368824626153e-02	4.029342860100953994e-02	9.989876724553831133e-02
2.036701259948874394e+03	1.745957411415852700e-01	1.079923442260125183e-01	2.992769205870521310e-01	1.895947998206222451e-01	8.824531382533248869e-02	4.032920057871172692e-02	9.996567982022172560e-02
2.041539030162529116e+03	1.743504454111272362e-01	1.078220105183049782e-01	2.994343986284674908e-01	1.897016803843940280e-01	8.829449742997634576e-02	4.036477409331021976e-02	1.000321935339577584e-01
