1.083660527858783553e+03	2.661753100999594834e-01	1.713073839966320067e-01	2.394611528433979730e-01	1.500299354201658220e-01	7.183466458075100924e-02	2.804287524582113611e-02	7.314867781281408909e-02
1.088498298072438729e+03	2.653923087043138507e-01	1.707687590767856811e-01	2.400069981968283306e-01	1.502965869670528642e-01	7.191914610644123407e-02	2.813517564489862594e-02	7.348102530322093984e-02
1.093336068286093905e+03	2.646138781030255016e-01	1.702331430264085732e-01	2.405482323947067957e-01	1.505670253289536908e-01	7.200573863013766396e-02	2.822731895679046407e-02	7.380466355951886825e-02
1.098173838499749309e+03	2.638399930785172431e-01	1.697005281286620704e-01	2.410849403602806362e-01	1.508408758000558403e-01	7.209430203314153018e-02	2.831929266484326663e-02	7.412006793404096738e-02
1.103011608713404712e+03	2.630706284658635430e-01	1.691709060615253502e-01	2.416172037645169801e-01	1.511177883606082406e-01	7.218470397280066231e-02	2.841108496559431942e-02	7.442768440863244128e-02
1.107849378927059888e+03	2.623057591582519943e-01	1.686442679428117042e-01	2.421451011935067399e-01	1.513974361142259306e-01	7.227681943218212945e-02	2.850268472885293669e-02	7.472793142971011215e-02
1.112687149140715292e+03	2.615453601120590332e-01	1.681206043723073029e-01	2.426687083062795403e-01	1.516795138233025253e-01	7.237053029681297933e-02	2.859408146014989424e-02	7.502120162863026853e-02
1.117524919354370468e+03	2.607894063515645566e-01	1.675999054712132286e-01	2.431880979836055778e-01	1.519637365363882553e-01	7.246572495682862547e-02	2.868526526541024038e-02	7.530786343453099718e-02
1.122362689568025871e+03	2.600378729733277550e-01	1.670821609190600576e-01	2.437033404683236482e-01	1.522498383017767687e-01	7.256229793297208630e-02	2.877622681771369734e-02	7.558826258636744400e-02
1.127200459781681047e+03	2.592907351502449775e-01	1.665673599882541434e-01	2.442145034977032114e-01	1.525375709619023468e-01	7.266014952498288382e-02	2.886695732601527939e-02	7.586272355043860438e-02
1.132038229995336451e+03	2.585479681353101689e-01	1.660554915764041184e-01	2.447216524283161998e-01	1.528267030234878865e-01	7.275918548100547556e-02	2.895744850570662610e-02	7.613155084931100269e-02
1.136876000208991627e+03	2.578095472650960840e-01	1.655465442365677553e-01	2.452248503538648761e-01	1.531170185986997223e-01	7.285931668673140127e-02	2.904769255090597010e-02	7.639503030767558212e-02
1.141713770422646803e+03	2.570754479629743239e-01	1.650405062055493588e-01	2.457241582163864624e-01	1.534083164128624555e-01	7.296045887306912281e-02	2.913768210837151817e-02	7.665343022032813924e-02
1.146551540636302207e+03	2.563456457420894008e-01	1.645373654303710631e-01	2.462196349112270310e-01	1.537004088745645980e-01	7.306253234121005968e-02	2.922741025293960557e-02	7.690700244713964684e-02
1.151389310849957155e+03	2.556201162081035982e-01	1.640371095930323875e-01	2.467113373861557213e-01	1.539931212042469910e-01	7.316546170402914162e-02	2.931687046439499303e-02	7.715598343957857930e-02
1.156227081063612786e+03	2.548988350617265586e-01	1.635397261336660468e-01	2.471993207349656996e-01	1.542862906176101778e-01	7.326917564282400819e-02	2.940605660568645571e-02	7.740059520306248608e-02
1.161064851277267962e+03	2.541817781010423660e-01	1.630452022721914640e-01	2.476836382858884633e-01	1.545797655604059795e-01	7.337360667845824191e-02	2.949496290240614590e-02	7.764104619914875827e-02
1.165902621490923138e+03	2.534689212236482247e-01	1.625535250285598809e-01	2.481643416851276041e-01	1.548734049913935706e-01	7.347869095603194733e-02	2.958358392345623172e-02	7.787753219132401150e-02
1.170740391704578315e+03	2.527602404286152238e-01	1.620646812416803584e-01	2.486414809757996058e-01	1.551670777104416088e-01	7.358436804225691741e-02	2.967191456283105322e-02	7.811023703791669659e-02
1.175578161918233945e+03	2.520557118182836787e-01	1.615786575871097641e-01	2.491151046725517404e-01	1.554606617289467918e-01	7.369058073476461579e-02	2.975995002244740881e-02	7.833933343543743322e-02
1.180415932131889122e+03	2.513553115999024312e-01	1.610954405935846601e-01	2.495852598321111615e-01	1.557540436799162709e-01	7.379727488262230461e-02	2.984768579595981075e-02	7.856498361544474174e-02
1.185253702345544298e+03	2.506590160871224326e-01	1.606150166584682792e-01	2.500519921200029527e-01	1.560471182652273248e-01	7.390439921737804174e-02	2.993511765350137174e-02	7.878733999784093278e-02
1.190091472559199701e+03	2.499668017013537691e-01	1.601373720621808716e-01	2.505153458736615879e-01	1.563397877377332990e-01	7.401190519399640511e-02	3.002224162729461715e-02	7.900654580332076848e-02
1.194929242772855105e+03	2.492786449729949283e-01	1.596624929816778948e-01	2.509753641621457754e-01	1.566319614160302520e-01	7.411974684108649236e-02	3.010905399808006325e-02	7.922273562752585319e-02
1.199767012986510281e+03	2.485945225425420513e-01	1.591903655030363074e-01	2.514320888426543887e-01	1.569235552298363368e-01	7.422788061986050623e-02	3.019555128231343408e-02	7.943603597929822790e-02
1.204604783200165684e+03	2.479144111615859680e-01	1.587209756332047805e-01	2.518855606140292247e-01	1.572144912940633688e-01	7.433626529129573612e-02	3.028173022008554677e-02	7.964656578527663788e-02
1.209442553413820860e+03	2.472382876937043450e-01	1.582543093109715637e-01	2.523358190674188650e-01	1.575046975097803559e-01	7.444486179100512357e-02	3.036758776372164986e-02	7.985443686293934584e-02
1.214280323627476264e+03	2.465661291152552170e-01	1.577903524171987981e-01	2.527829027342680668e-01	1.577941071903818659e-01	7.455363311135208837e-02	3.045312106701963256e-02	8.005975436406558010e-02
1.219118093841131440e+03	2.458979125160786205e-01	1.573290907843702680e-01	2.532268491317859471e-01	1.580826587113790260e-01	7.466254419037382517e-02	3.053832747508909706e-02	8.026261719046449972e-02
1.223955864054786844e+03	2.452336151001117681e-01	1.568705102054956668e-01	2.536676948060387904e-01	1.583702951823306448e-01	7.477156180710368971e-02	3.062320451475549279e-02	8.046311838370522052e-02
1.228793634268442020e+03	2.445732141859236486e-01	1.564145964424127067e-01	2.541054753728025917e-01	1.586569641395242924e-01	7.488065448290917581e-02	3.070774988549578727e-02	8.066134549047297708e-02
1.233631404482097196e+03	2.439166872071741876e-01	1.559613352335247061e-01	2.545402255563042893e-01	1.589426172581044627e-01	7.498979238848434148e-02	3.079196145087418832e-02	8.085738090507489650e-02
1.238469174695752372e+03	2.432640117130026036e-01	1.555107123010098513e-01	2.549719792259712015e-01	1.592272100824262682e-01	7.509894725615888500e-02	3.087583723044831641e-02	8.105130219052400498e-02
1.243306944909407548e+03	2.426151653683496223e-01	1.550627133575357974e-01	2.554007694313016885e-01	1.595107017734899713e-01	7.520809229720576417e-02	3.095937539211806103e-02	8.124318237954024358e-02
1.248144715123063179e+03	2.419701259542180183e-01	1.546173241125108067e-01	2.558266284349647868e-01	1.597930548723828503e-01	7.531720212384930557e-02	3.104257424489107256e-02	8.143309025672429424e-02
1.252982485336718355e+03	2.413288713678751751e-01	1.541745302779010951e-01	2.562495877442269587e-01	1.600742350787227875e-01	7.542625267569368075e-02	3.112543223204033635e-02	8.162109062308102458e-02
1.257820255550373531e+03	2.406913796230018832e-01	1.537343175736418377e-01	2.566696781408011607e-01	1.603542110431601941e-01	7.553522115030895934e-02	3.120794792463090633e-02	8.180724454399607160e-02
1.262658025764028707e+03	2.400576288497901778e-01	1.532966717326681994e-01	2.570869297092064354e-01	1.606329541730544541e-01	7.564408593772756206e-02	3.129012001539415583e-02	8.199160958169998681e-02
1.267495795977684338e+03	2.394275972949943543e-01	1.528615785055899567e-01	2.575013718637212956e-01	1.609104384504965735e-01	7.575282655861963199e-02	3.137194731292924921e-02	8.217424001318990312e-02
1.272333566191339514e+03	2.388012633219375735e-01	1.524290236650331087e-01	2.579130333740091707e-01	1.611866402619009098e-01	7.586142360592931788e-02	3.145342873621282537e-02	8.235518703451796818e-02
1.277171336404994690e+03	2.381786054104775840e-01	1.519989930096695419e-01	2.583219423894896338e-01	1.614615382384385900e-01	7.596985868976771639e-02	3.153456330939891777e-02	8.253449895229890421e-02
1.282009106618650094e+03	2.375596021569337524e-01	1.515714723679544296e-01	2.587281264625244104e-01	1.617351131066296355e-01	7.607811438537036286e-02	3.161535015689238143e-02	8.271222136323594376e-02
1.286846876832305497e+03	2.369442322739783446e-01	1.511464476015906278e-01	2.591316125704840601e-01	1.620073475484548331e-01	7.618617418393887342e-02	3.169578849867996789e-02	8.288839732241422287e-02
1.291684647045960673e+03	2.363324745904941127e-01	1.507239046087373580e-01	2.595324271367563385e-01	1.622782260703872770e-01	7.629402244619740148e-02	3.177587764590421304e-02	8.306306750106422221e-02
1.296522417259616077e+03	2.357243080514009881e-01	1.503038293269793879e-01	2.599305960507538593e-01	1.625477348807820854e-01	7.640164435850473057e-02	3.185561699666619728e-02	8.323627033445368806e-02
1.301360187473271253e+03	2.351197117174534390e-01	1.498862077360724465e-01	2.603261446869759577e-01	1.628158617750973258e-01	7.650902589137252574e-02	3.193500603204407068e-02	8.340804216052515041e-02
1.306197957686926657e+03	2.345186647650107092e-01	1.494710258604791675e-01	2.607190979231757133e-01	1.630825960284526532e-01	7.661615376024928648e-02	3.201404431231501951e-02	8.357841734985831106e-02
1.311035727900581833e+03	2.339211464857819112e-01	1.490582697717091065e-01	2.611094801576805402e-01	1.633479282950629496e-01	7.672301538843803725e-02	3.209273147336910020e-02	8.374742842749925698e-02
1.315873498114237009e+03	2.333271362865474985e-01	1.486479255904752661e-01	2.614973153259114724e-01	1.636118505141131163e-01	7.682959887202371607e-02	3.217106722330403956e-02	8.391510618716581382e-02
1.320711268327892412e+03	2.327366136888590065e-01	1.482399794886794797e-01	2.618826269161446674e-01	1.638743558216678442e-01	7.693589294669378464e-02	3.224905133919075961e-02	8.408147979830536689e-02
1.325549038541547588e+03	2.321495583287183917e-01	1.478344176912371744e-01	2.622654379845547612e-01	1.641354384682351397e-01	7.704188695634266171e-02	3.232668366400009291e-02	8.424657690645265262e-02
1.330386808755202765e+03	2.315659499562383872e-01	1.474312264777526416e-01	2.626457711695783792e-01	1.643950937416266689e-01	7.714757082335682581e-02	3.240396410368152208e-02	8.441042372730642174e-02
1.335224578968857941e+03	2.309857684352856211e-01	1.470303921840536987e-01	2.630236487056337724e-01	1.646533178947802156e-01	7.725293502048413696e-02	3.248089262438550590e-02	8.457304513491792353e-02
1.340062349182513572e+03	2.304089937431070823e-01	1.466319012035956770e-01	2.633990924362301644e-01	1.649101080782306439e-01	7.735797054419617236e-02	3.255746924982139134e-02	8.473446474435976372e-02
1.344900119396168748e+03	2.298356059699419029e-01	1.462357399887427856e-01	2.637721238264986723e-01	1.651654622769355985e-01	7.746266888945839424e-02	3.263369405874338991e-02	8.489470498922012387e-02
1.349737889609823924e+03	2.292655853186189863e-01	1.458418950519352331e-01	2.641427639751749989e-01	1.654193792511799987e-01	7.756702202582754779e-02	3.270956718255748491e-02	8.505378719424655509e-02
1.354575659823479100e+03	2.286989121041417827e-01	1.454503529667492689e-01	2.645110336260620421e-01	1.656718584813017259e-01	7.767102237480075222e-02	3.278508880304269874e-02	8.521173164344253426e-02
1.359413430037134731e+03	2.281355667532611320e-01	1.450611003688572764e-01	2.648769531789990084e-01	1.659229001159959749e-01	7.777466278834553604e-02	3.286025915018039173e-02	8.536855764390140211e-02
1.364251200250789907e+03	2.275755298040372243e-01	1.446741239568948845e-01	2.652405427003628469e-01	1.661725049239719809e-01	7.787793652854348159e-02	3.293507850008575016e-02	8.552428358564452548e-02
1.369088970464445310e+03	2.270187819053912925e-01	1.442894104932406774e-01	2.656018219331248154e-01	1.664206742487494839e-01	7.798083724828508423e-02	3.300954717303580116e-02	8.567892699771359477e-02
1.373926740678100487e+03	2.264653038166480614e-01	1.439069468047145250e-01	2.659608103064854956e-01	1.666674099663955633e-01	7.808335897295648476e-02	3.308366553158892387e-02	8.583250460075170230e-02
1.378764510891755890e+03	2.259150764070697870e-01	1.435267197832003072e-01	2.663175269451090732e-01	1.669127144460154921e-01	7.818549608306253618e-02	3.315743397879074988e-02	8.598503235629281760e-02
1.383602281105411066e+03	2.253680806553820803e-01	1.431487163861974998e-01	2.666719906779769222e-01	1.671565905128226392e-01	7.828724329773381618e-02	3.323085295646195647e-02	8.613652551296580029e-02
1.388440051319066470e+03	2.248242976492931255e-01	1.427729236373067034e-01	2.670242200468792015e-01	1.673990414136236338e-01	7.838859565906847182e-02	3.330392294356350480e-02	8.628699864980605982e-02
1.393277821532721646e+03	2.242837085850058754e-01	1.423993286266534986e-01	2.673742333145627814e-01	1.676400707845648597e-01	7.848954851726246129e-02	3.337664445463528473e-02	8.643646571685592583e-02
1.398115591746377049e+03	2.237462947667245017e-01	1.420279185112548748e-01	2.677220484725517657e-01	1.678796826209970616e-01	7.859009751648460274e-02	3.344901803830425957e-02	8.658494007322355135e-02
1.402953361960032225e+03	2.232120376061555722e-01	1.416586805153318973e-01	2.680676832486572625e-01	1.681178812493224484e-01	7.869023858145546280e-02	3.352104427585846785e-02	8.673243452275940235e-02
1.407791132173687402e+03	2.226809186220041203e-01	1.412916019305726356e-01	2.684111551141907248e-01	1.683546713006985607e-01	7.878996790469137979e-02	3.359272377988349600e-02	8.687896134749960309e-02
1.412628902387342805e+03	2.221529194394655238e-01	1.409266701163481572e-01	2.687524812908952399e-01	1.685900576864802214e-01	7.888928193437728942e-02	3.366405719295814669e-02	8.702453233901595586e-02
1.417466672600997981e+03	2.216280217897132754e-01	1.405638724998855560e-01	2.690916787576090874e-01	1.688240455752886837e-01	7.898817736283399171e-02	3.373504518640621508e-02	8.716915882780368330e-02
1.422304442814653157e+03	2.211062075093834234e-01	1.402031965764005128e-01	2.694287642566730590e-01	1.690566403716041444e-01	7.908665111554778748e-02	3.380568845910159742e-02	8.731285171082997509e-02
1.427142213028308333e+03	2.205874585400558752e-01	1.398446299091919698e-01	2.697637543000943605e-01	1.692878476957840883e-01	7.918470034073191166e-02	3.387598773632395643e-02	8.745562147735831682e-02
1.431979983241963964e+03	2.200717569277328700e-01	1.394881601297023876e-01	2.700966651754783676e-01	1.695176733654164269e-01	7.928232239939127235e-02	3.394594376866235524e-02	8.759747823315681969e-02
1.436817753455619140e+03	2.195590848223152036e-01	1.391337749375450572e-01	2.704275129517387244e-01	1.697461233779218592e-01	7.937951485586340616e-02	3.401555733096457007e-02	8.773843172319172046e-02
1.441655523669274316e+03	2.190494244770763155e-01	1.387814621005014071e-01	2.707563134845965003e-01	1.699732038943252699e-01	7.947627546881035066e-02	3.408482922132965304e-02	8.787849135290094760e-02
1.446493293882929493e+03	2.185427582481346831e-01	1.384312094544904170e-01	2.710830824218779522e-01	1.701989212241213634e-01	7.957260218263743912e-02	3.415376026014171895e-02	8.801766620813684938e-02
1.451331064096585123e+03	2.180390685939248285e-01	1.380830049035115525e-01	2.714078352086193857e-01	1.704232818111641456e-01	7.966849311931638311e-02	3.422235128914286051e-02	8.815596507386130876e-02
1.456168834310240300e+03	2.175383380746670481e-01	1.377368364195638573e-01	2.717305870919887179e-01	1.706462922205143617e-01	7.976394657059143745e-02	3.429060317054333229e-02	8.829339645167161299e-02
1.461006604523895703e+03	2.170405493518362539e-01	1.373926920425427023e-01	2.720513531260320139e-01	1.708679591261833830e-01	7.985896099054853869e-02	3.435851678616711619e-02	8.842996857623033891e-02
1.465844374737550879e+03	2.165456851876301769e-01	1.370505598801154690e-01	2.723701481762514920e-01	1.710882892997155347e-01	7.995353498852847407e-02	3.442609303663126535e-02	8.856568943066786548e-02
1.470682144951206283e+03	2.160537284444371264e-01	1.367104281075782468e-01	2.726869869240240996e-01	1.713072895995551015e-01	8.004766732236626159e-02	3.449333284055731974e-02	8.870056676102210103e-02
1.475519915164861459e+03	2.155646620843033323e-01	1.363722849676946292e-01	2.730018838708664908e-01	1.715249669611469685e-01	8.014135689193986611e-02	3.456023713381334989e-02	8.883460808977564072e-02
1.480357685378516862e+03	2.150784691684004823e-01	1.360361187705181052e-01	2.733148533425536209e-01	1.717413283877235741e-01	8.023460273301230572e-02	3.462680686878511632e-02	8.896782072854707291e-02
1.485195455592172038e+03	2.145951328564931482e-01	1.357019178931994086e-01	2.736259094930971747e-01	1.719563809417337941e-01	8.032740401135234076e-02	3.469304301367503313e-02	8.910021178998941971e-02
1.490033225805827215e+03	2.141146364064067109e-01	1.353696707797794330e-01	2.739350663085897142e-01	1.721701317368719564e-01	8.041976001711929889e-02	3.475894655182763110e-02	8.923178819894551916e-02
1.494870996019482618e+03	2.136369631734956753e-01	1.350393659409697134e-01	2.742423376109204836e-01	1.723825879306682407e-01	8.051167015949890760e-02	3.482451848108031323e-02	8.936255670290693676e-02
1.499708766233137567e+03	2.131620966101124837e-01	1.347109919539207223e-01	2.745477370613678691e-01	1.725937567176035470e-01	8.060313396157738064e-02	3.488975981313821584e-02	8.949252388182005191e-02
1.504546536446793198e+03	2.126900202650771066e-01	1.343845374619793143e-01	2.748512781640743974e-01	1.728036453227149993e-01	8.069415105544182343e-02	3.495467157297213467e-02	8.962169615728039773e-02
1.509384306660448374e+03	2.122207177831477720e-01	1.340599911744362605e-01	2.751529742694082681e-01	1.730122609956599999e-01	8.078472117749579962e-02	3.501925479823844028e-02	8.975007980115359829e-02
1.514222076874103550e+03	2.117541729044923327e-01	1.337373418662643199e-01	2.754528385772168630e-01	1.732196110052084403e-01	8.087484416397928977e-02	3.508351053872004605e-02	8.987768094365886085e-02
1.519059847087758726e+03	2.112903694641609376e-01	1.334165783778480663e-01	2.757508841399760602e-01	1.734257026341357588e-01	8.096451994668302232e-02	3.514743985578745039e-02	9.000450558094882925e-02
1.523897617301414357e+03	2.108292913915598144e-01	1.330976896147061939e-01	2.760471238658401827e-01	1.736305431744897265e-01	8.105374854884769831e-02	3.521104382187901366e-02	9.013055958221749542e-02
1.528735387515069533e+03	2.103709227099266332e-01	1.327806645472064118e-01	2.763415705215957474e-01	1.738341399232070372e-01	8.114253008123904765e-02	3.527432351999965077e-02	9.025584869636558982e-02
1.533573157728724709e+03	2.099152475358068703e-01	1.324654922102743160e-01	2.766342367355238974e-01	1.740365001780561638e-01	8.123086473839032096e-02	3.533728004323708621e-02	9.038037855825144240e-02
1.538410927942380113e+03	2.094622500785320030e-01	1.321521617030963491e-01	2.769251350001742384e-01	1.742376312338852484e-01	8.131875279500395959e-02	3.539991449429501225e-02	9.050415469455330708e-02
1.543248698156035516e+03	2.090119146396991201e-01	1.318406621888174590e-01	2.772142776750540216e-01	1.744375403791545709e-01	8.140619460250506090e-02	3.546222798504233137e-02	9.062718252926749152e-02
1.548086468369690692e+03	2.085642256126521987e-01	1.315309828942343717e-01	2.775016769892358348e-01	1.746362348927349983e-01	8.149319058573935293e-02	3.552422163607796279e-02	9.074946738886535691e-02
1.552924238583346096e+03	2.081191674819651283e-01	1.312231131094842296e-01	2.777873450438869130e-01	1.748337220409543202e-01	8.157974123980867021e-02	3.558589657631037323e-02	9.087101450713042095e-02
1.557762008797001272e+03	2.076767248229264839e-01	1.309170421877296764e-01	2.780712938147233415e-01	1.750300090748754533e-01	8.166584712703782445e-02	3.564725394255142260e-02	9.099182902969581155e-02
1.562599779010656675e+03	2.072368823010263261e-01	1.306127595448406120e-01	2.783535351543915959e-01	1.752251032277905018e-01	8.175150887406638922e-02	3.570829487912379613e-02	9.111191601830082032e-02
1.567437549224311852e+03	2.067996246714444708e-01	1.303102546590729494e-01	2.786340807947803588e-01	1.754190117129164062e-01	8.183672716905987521e-02	3.576902053748157867e-02	9.123128045478438863e-02
1.572275319437967255e+03	2.063649367785411470e-01	1.300095170707446512e-01	2.789129423492655024e-01	1.756117417212788301e-01	8.192150275903460621e-02	3.582943207584338846e-02	9.134992724483184667e-02
1.577113089651622431e+03	2.059328035553494307e-01	1.297105363819096580e-01	2.791901313148903441e-01	1.758033004197711024e-01	8.200583644729123045e-02	3.588953065883758453e-02	9.146786122149064280e-02
1.581950859865277607e+03	2.055032100230697600e-01	1.294133022560298718e-01	2.794656590744833968e-01	1.759936949493766944e-01	8.208972909095176018e-02	3.594931745715908983e-02	9.158508714846939902e-02
1.586788630078933011e+03	2.050761412905665049e-01	1.291178044176453654e-01	2.797395368987166675e-01	1.761829324235442695e-01	8.217318159859564319e-02	3.600879364723737208e-02	9.170160972323415649e-02
1.591626400292587959e+03	2.046515825538667566e-01	1.288240326520432300e-01	2.800117759481057789e-01	1.763710199267043144e-01	8.225619492799036980e-02	3.606796041091518690e-02	9.181743357991435650e-02
1.596464170506243590e+03	2.042295190956610607e-01	1.285319768049254519e-01	2.802823872749545808e-01	1.765579645129183584e-01	8.233877008391221608e-02	3.612681893513759734e-02	9.193256329203068622e-02
1.601301940719898766e+03	2.038099362848065643e-01	1.282416267820756794e-01	2.805513818252461933e-01	1.767437732046511778e-01	8.242090811605339018e-02	3.618537041165097168e-02	9.204700337505594687e-02
1.606139710933553943e+03	2.033928195758322177e-01	1.279529725490255176e-01	2.808187704404819796e-01	1.769284529916576032e-01	8.250261011701161273e-02	3.624361603671150817e-02	9.216075828881947762e-02
1.610977481147209119e+03	2.029781545084462790e-01	1.276660041307201010e-01	2.810845638594707818e-01	1.771120108299762130e-01	8.258387722035852307e-02	3.630155701080303721e-02	9.227383243976501614e-02
1.615815251360864750e+03	2.025659267070460956e-01	1.273807116111837223e-01	2.813487727200696953e-01	1.772944536410221705e-01	8.266471059878359451e-02	3.635919453836362197e-02	9.238623018307109969e-02
1.620653021574519926e+03	2.021561218802300497e-01	1.270970851331849893e-01	2.816114075608786016e-01	1.774757883107725143e-01	8.274511146231011693e-02	3.641652982752078410e-02	9.249795582464294397e-02
1.625490791788175102e+03	2.017487258203119471e-01	1.268151148979023424e-01	2.818724788228896272e-01	1.776560216890371580e-01	8.282508105658037412e-02	3.647356408983495890e-02	9.260901362298359918e-02
1.630328562001830505e+03	2.013437244028376816e-01	1.265347911645895995e-01	2.821319968510930254e-01	1.778351605888097708e-01	8.290462066120685147e-02	3.653029854005086091e-02	9.271940779095215468e-02
1.635166332215485909e+03	2.009411035861041472e-01	1.262561042502419462e-01	2.823899718960413696e-01	1.780132117856928486e-01	8.298373158818679596e-02	3.658673439585662102e-02	9.282914249741613943e-02
1.640004102429141085e+03	2.005408494106806772e-01	1.259790445292622019e-01	2.826464141153732790e-01	1.781901820173913686e-01	8.306241518037743576e-02	3.664287287765024409e-02	9.293822186880471015e-02
1.644841872642796488e+03	2.001429479989325910e-01	1.257036024331280311e-01	2.829013335752973979e-01	1.783660779832704490e-01	8.314067281002930632e-02	3.669871520831328310e-02	9.304664999056887209e-02
1.649679642856451665e+03	1.997473855545473798e-01	1.254297684500594312e-01	2.831547402520393497e-01	1.785409063439722943e-01	8.321850587737529559e-02	3.675426261299136882e-02	9.315443090855476949e-02
1.654517413070107068e+03	1.993541483620631383e-01	1.251575331246874978e-01	2.834066440332514425e-01	1.787146737210880132e-01	8.329591580927304950e-02	3.680951631888146336e-02	9.326156863029529120e-02
1.659355183283762244e+03	1.989632227863993297e-01	1.248868870577235640e-01	2.836570547193871805e-01	1.788873866968802573e-01	8.337290405789858638e-02	3.686447755502556684e-02	9.336806712622534865e-02
1.664192953497417420e+03	1.985745952723901031e-01	1.246178209056297836e-01	2.839059820250415811e-01	1.790590518140531551e-01	8.344947209948905265e-02	3.691914755211061355e-02	9.347393033082547487e-02
1.669030723711072824e+03	1.981882523443198318e-01	1.243503253802904496e-01	2.841534355802583511e-01	1.792296755755656834e-01	8.352562143313259357e-02	3.697352754227442584e-02	9.357916214369844943e-02
1.673868493924728000e+03	1.978041806054612606e-01	1.240843912486846723e-01	2.843994249318043677e-01	1.793992644444854512e-01	8.360135357960343794e-02	3.702761875891753124e-02	9.368376643058307085e-02
1.678706264138383403e+03	1.974223667376159008e-01	1.238200093325600853e-01	2.846439595444141268e-01	1.795678248438797864e-01	8.367667008024035069e-02	3.708142243652057246e-02	9.378774702430900390e-02
1.683544034352038352e+03	1.970427975006568688e-01	1.235571705081079247e-01	2.848870488020032177e-01	1.797353631567411847e-01	8.375157249586685781e-02	3.713493981046722681e-02	9.389110772569654595e-02
1.688381804565693983e+03	1.966654597320741660e-01	1.232958657056393847e-01	2.851287020088531521e-01	1.799018857259445381e-01	8.382606240575142531e-02	3.718817211687237834e-02	9.399385230440475414e-02
1.693219574779349159e+03	1.962903403465224572e-01	1.230360859092633069e-01	2.853689283907677177e-01	1.800673988542335624e-01	8.390014140660616293e-02	3.724112059241543871e-02	9.409598449973112511e-02
1.698057344993004335e+03	1.959174263353710976e-01	1.227778221565653666e-01	2.856077370962020190e-01	1.802319088042343420e-01	8.397381111162235956e-02	3.729378647417862930e-02	9.419750802136590828e-02
1.702895115206659511e+03	1.955467047662567126e-01	1.225210655382886343e-01	2.858451371973649291e-01	1.803954217984934383e-01	8.404707314954171227e-02	3.734617099949006508e-02	9.429842655010410579e-02
1.707732885420315142e+03	1.951781627826380816e-01	1.222658071980157052e-01	2.860811376912962833e-01	1.805579440195390073e-01	8.411992916376158369e-02	3.739827540577148057e-02	9.439874373851749045e-02
1.712570655633970318e+03	1.948117876033535201e-01	1.220120383318522295e-01	2.863157475009182051e-01	1.807194816099625956e-01	8.419238081147302488e-02	3.745010093039050775e-02	9.449846321158948681e-02
1.717408425847625494e+03	1.944475665221806204e-01	1.217597501881121369e-01	2.865489754760635055e-01	1.808800406725203369e-01	8.426442976283057829e-02	3.750164881051732541e-02	9.459758856731508014e-02
1.722246196061280898e+03	1.940854869073984079e-01	1.215089340670044149e-01	2.867808303944794357e-01	1.810396272702513576e-01	8.433607770015226490e-02	3.755292028298552048e-02	9.469612337726809881e-02
1.727083966274936301e+03	1.937255362013519666e-01	1.212595813203214690e-01	2.870113209628097350e-01	1.811982474266125576e-01	8.440732631714889522e-02	3.760391658415714738e-02	9.479407118713771563e-02
1.731921736488591478e+03	1.933677019200193414e-01	1.210116833511290513e-01	2.872404558175537526e-01	1.813559071256277688e-01	8.447817731818149656e-02	3.765463894979168696e-02	9.489143551723640269e-02
1.736759506702246881e+03	1.930119716525809381e-01	1.207652316134580073e-01	2.874682435260046409e-01	1.815126123120502366e-01	8.454863241754573266e-02	3.770508861491898844e-02	9.498821986298089382e-02
1.741597276915902057e+03	1.926583330609911715e-01	1.205202176119975488e-01	2.876946925871670113e-01	1.816683688915372574e-01	8.461869333878253852e-02	3.775526681371591670e-02	9.508442769534798666e-02
1.746435047129557461e+03	1.923067738795526671e-01	1.202766329017902897e-01	2.879198114326535496e-01	1.818231827308356696e-01	8.468836181401377672e-02	3.780517477938664939e-02	9.518006246130680803e-02
1.751272817343212637e+03	1.919572819144927944e-01	1.200344690879288773e-01	2.881436084275628695e-01	1.819770596579773081e-01	8.475763958330205516e-02	3.785481374404660315e-02	9.527512758422888861e-02
1.756110587556867813e+03	1.916098450435423928e-01	1.197937178252545115e-01	2.883660918713381038e-01	1.821300054624833131e-01	8.482652839403383160e-02	3.790418493860972515e-02	9.536962646427755985e-02
1.760948357770523216e+03	1.912644512155171617e-01	1.195543708180569903e-01	2.885872699986066214e-01	1.822820258955765438e-01	8.489503000032502800e-02	3.795328959267917079e-02	9.546356247877800516e-02
1.765786127984178393e+03	1.909210884499010774e-01	1.193164198197765730e-01	2.888071509800024250e-01	1.824331266704009580e-01	8.496314616244821094e-02	3.800212893444127049e-02	9.555693898256907570e-02
1.770623898197833569e+03	1.905797448364324742e-01	1.190798566327075647e-01	2.890257429229706743e-01	1.825833134622475429e-01	8.503087864628065817e-02	3.805070419056261893e-02	9.564975930833807816e-02
1.775461668411488745e+03	1.902404085346922069e-01	1.188446731077036633e-01	2.892430538725555000e-01	1.827325919087858797e-01	8.509822922277246460e-02	3.809901658609025910e-02	9.574202676693961689e-02
1.780299438625144376e+03	1.899030677736942563e-01	1.186108611438849159e-01	2.894590918121711653e-01	1.828809676103006765e-01	8.516519966743407721e-02	3.814706734435487773e-02	9.583374464769955914e-02
1.785137208838799552e+03	1.895677108514787212e-01	1.183784126883466459e-01	2.896738646643572945e-01	1.830284461299326038e-01	8.523179175984252343e-02	3.819485768687686661e-02	9.592491621870487262e-02
1.789974979052454728e+03	1.892343261347069483e-01	1.181473197358698657e-01	2.898873802915185593e-01	1.831750329939228761e-01	8.529800728316559721e-02	3.824238883327527039e-02	9.601554472708044574e-02
1.794812749266109904e+03	1.889029020582591589e-01	1.179175743286335759e-01	2.900996464966490995e-01	1.833207336918612762e-01	8.536384802370344804e-02	3.828966200117944058e-02	9.610563339925351500e-02
1.799650519479765535e+03	1.885734271248342420e-01	1.176891685559287998e-01	2.903106710240426214e-01	1.834655536769367878e-01	8.542931577044700353e-02	3.833667840614340266e-02	9.619518544120669867e-02
1.804488289693420711e+03	1.882458899045518219e-01	1.174620945538742828e-01	2.905204615599875084e-01	1.836094983661905600e-01	8.549441231465251811e-02	3.838343926156280450e-02	9.628420403872005318e-02
1.809326059907075887e+03	1.879202790345567975e-01	1.172363445051340103e-01	2.907290257334485539e-01	1.837525731407708141e-01	8.555913944943172034e-02	3.842994577859440430e-02	9.637269235760319297e-02
1.814163830120731291e+03	1.875965832186258786e-01	1.170119106386363905e-01	2.909363711167351485e-01	1.838947833461891390e-01	8.562349896935708693e-02	3.847619916607805668e-02	9.646065354391780700e-02
1.819001600334386467e+03	1.872747912267765658e-01	1.167887852292951723e-01	2.911425052261558677e-01	1.840361342925780075e-01	8.568749267008157755e-02	3.852220063046104398e-02	9.654809072419129334e-02
1.823839370548041643e+03	1.869548918948782945e-01	1.165669605977321527e-01	2.913474355226604584e-01	1.841766312549490692e-01	8.575112234797258037e-02	3.856795137572480853e-02	9.663500700562208112e-02
1.828677140761696819e+03	1.866368741242659390e-01	1.163464291100014536e-01	2.915511694124697240e-01	1.843162794734520271e-01	8.581438979975922199e-02	3.861345260331391915e-02	9.672140547627716689e-02
1.833514910975352450e+03	1.863207268813552864e-01	1.161271831773156571e-01	2.917537142476925305e-01	1.844550841536336527e-01	8.587729682219287508e-02	3.865870551206727901e-02	9.680728920528219872e-02
1.838352681189008081e+03	1.860064391972610365e-01	1.159092152557736205e-01	2.919550773269313226e-01	1.845930504666968008e-01	8.593984521172037816e-02	3.870371129815146360e-02	9.689266124300482952e-02
1.843190451402663257e+03	1.856940001674169394e-01	1.156925178460898596e-01	2.921552658958763149e-01	1.847301835497593414e-01	8.600203676416925958e-02	3.874847115499621686e-02	9.697752462123154782e-02
1.848028221616318433e+03	1.853833989511977920e-01	1.154770834933257634e-01	2.923542871478881922e-01	1.848664885061123142e-01	8.606387327444502133e-02	3.879298627323191084e-02	9.706188235333845782e-02
1.852865991829973609e+03	1.850746247715441550e-01	1.152629047866224332e-01	2.925521482245700411e-01	1.850019704054777225e-01	8.612535653623958065e-02	3.883725784062909414e-02	9.714573743445639731e-02
1.857703762043628785e+03	1.847676669145889017e-01	1.150499743589352003e-01	2.927488562163284569e-01	1.851366342842652446e-01	8.618648834175091089e-02	3.888128704203992064e-02	9.722909284163075427e-02
1.862541532257283961e+03	1.844625147292859590e-01	1.148382848867697814e-01	2.929444181629244914e-01	1.852704851458281954e-01	8.624727048141317409e-02	3.892507505934147960e-02	9.731195153397625974e-02
1.867379302470939592e+03	1.841591576270414088e-01	1.146278290899201274e-01	2.931388410540142764e-01	1.854035279607181841e-01	8.630770474363727573e-02	3.896862307138102000e-02	9.739431645282700667e-02
1.872217072684594768e+03	1.838575850813463919e-01	1.144185997312079373e-01	2.933321318296800428e-01	1.855357676669384948e-01	8.636779291456117558e-02	3.901193225392290964e-02	9.747619052188231936e-02
1.877054842898249490e+03	1.835577866274125114e-01	1.142105896162237122e-01	2.935242973809513711e-01	1.856672091701961902e-01	8.642753677781002397e-02	3.905500377959737757e-02	9.755757664734812651e-02
1.881892613111905121e+03	1.832597518618091503e-01	1.140037915930695589e-01	2.937153445503170035e-01	1.857978573441526060e-01	8.648693811426534650e-02	3.909783881785095644e-02	9.763847771807472598e-02
1.886730383325560297e+03	1.829634704421029268e-01	1.137981985521035327e-01	2.939052801322279973e-01	1.859277170306722071e-01	8.654599870184333243e-02	3.914043853489861807e-02	9.771889660569076097e-02
1.891568153539215928e+03	1.826689320864992860e-01	1.135938034256856050e-01	2.940941108735913856e-01	1.860567930400699455e-01	8.660472031528179682e-02	3.918280409367748407e-02	9.779883616473387942e-02
1.896405923752871104e+03	1.823761265734861747e-01	1.133905991879252811e-01	2.942818434742555667e-01	1.861850901513567580e-01	8.666310472593544145e-02	3.922493665380215322e-02	9.787829923277797939e-02
1.901243693966526507e+03	1.820850437414797962e-01	1.131885788544306909e-01	2.944684845874873114e-01	1.863126131124830942e-01	8.672115370157928993e-02	3.926683737152156933e-02	9.795728863055756797e-02
1.906081464180181683e+03	1.817956734884725034e-01	1.129877354820594537e-01	2.946540408204400552e-01	1.864393666405808059e-01	8.677886900621993582e-02	3.930850739967737401e-02	9.803580716208921964e-02
1.910919234393836859e+03	1.815080057716824957e-01	1.127880621686708773e-01	2.948385187346146408e-01	1.865653554222028720e-01	8.683625239991436817e-02	3.934994788766375123e-02	9.811385761479035628e-02
1.915757004607492036e+03	1.812220306072059584e-01	1.125895520528799043e-01	2.950219248463120114e-01	1.866905841135613475e-01	8.689330563859604117e-02	3.939115998138867369e-02	9.819144275959541812e-02
1.920594774821147894e+03	1.809377380696709503e-01	1.123921983138124886e-01	2.952042656270783549e-01	1.868150573407631465e-01	8.695003047390816031e-02	3.943214482323655762e-02	9.826856535106973101e-02
1.925432545034802843e+03	1.806551182918933740e-01	1.121959941708626646e-01	2.953855475041425316e-01	1.869387797000436890e-01	8.700642865304371310e-02	3.947290355203230544e-02	9.834522812752112542e-02
1.930270315248458019e+03	1.803741614645350544e-01	1.120009328834509349e-01	2.955657768608466185e-01	1.870617557579987156e-01	8.706250191859216114e-02	3.951343730300660440e-02	9.842143381110934897e-02
1.935108085462113195e+03	1.800948578357637608e-01	1.118070077507843235e-01	2.957449600370690157e-01	1.871839900518137145e-01	8.711825200839252992e-02	3.955374720776259206e-02	9.849718510795356374e-02
1.939945855675768371e+03	1.798171977109150887e-01	1.116142121116179553e-01	2.959231033296407798e-01	1.873054870894914348e-01	8.717368065539263244e-02	3.959383439424374318e-02	9.857248470823788689e-02
1.944783625889424002e+03	1.795411714521566449e-01	1.114225393440179956e-01	2.961002129927551296e-01	1.874262513500771499e-01	8.722878958751439926e-02	3.963369998670297767e-02	9.864733528631519643e-02
1.949621396103079178e+03	1.792667694781539256e-01	1.112319828651262554e-01	2.962762952383704018e-01	1.875462872838817574e-01	8.728358052752487051e-02	3.967334510567301076e-02	9.872173950080918858e-02
1.954459166316734354e+03	1.789939822637382494e-01	1.110425361309261144e-01	2.964513562366065669e-01	1.876655993127027411e-01	8.733805519291290564e-02	3.971277086793784106e-02	9.879569999471492225e-02
1.959296936530389530e+03	1.787228003395766873e-01	1.108541926360100821e-01	2.966254021161351950e-01	1.877841918300430513e-01	8.739221529577116676e-02	3.975197838650537663e-02	9.886921939549773997e-02
1.964134706744044706e+03	1.784532142918438258e-01	1.106669459133485939e-01	2.967984389645636489e-01	1.879020692013276816e-01	8.744606254268351420e-02	3.979096877058118514e-02	9.894230031519082869e-02
1.968972476957700337e+03	1.781852147618956383e-01	1.104807895340604862e-01	2.969704728288130036e-01	1.880192357641181644e-01	8.749959863461724552e-02	3.982974312554334040e-02	9.901494535049140677e-02
1.973810247171355968e+03	1.779187924459449954e-01	1.102957171071848042e-01	2.971415097154901930e-01	1.881356958283249281e-01	8.755282526682049704e-02	3.986830255291831659e-02	9.908715708285560642e-02
1.978648017385010689e+03	1.776539380947393942e-01	1.101117222794539691e-01	2.973115555912543284e-01	1.882514536764174351e-01	8.760574412872415562e-02	3.990664815035790264e-02	9.915893807859214870e-02
1.983485787598666320e+03	1.773906425132404097e-01	1.099287987350685003e-01	2.974806163831777428e-01	1.883665135636322652e-01	8.765835690384846113e-02	3.994478101161717115e-02	9.923029088895483907e-02
1.988323557812321269e+03	1.771288965603050047e-01	1.097469401954731250e-01	2.976486979791009291e-01	1.884808797181789786e-01	8.771066526971399435e-02	3.998270222653334260e-02	9.930121805023396642e-02
1.993161328025976900e+03	1.768686911483688118e-01	1.095661404191341504e-01	2.978158062279829266e-01	1.885945563414440085e-01	8.776267089775705021e-02	4.002041288100573191e-02	9.937172208384663363e-02
1.997999098239632076e+03	1.766100172431313287e-01	1.093863932013183771e-01	2.979819469402457122e-01	1.887075476081922776e-01	8.781437545324903560e-02	4.005791405697651381e-02	9.944180549642604727e-02
2.002836868453287707e+03	1.763528658632426693e-01	1.092076923738733440e-01	2.981471258881140396e-01	1.888198576667668438e-01	8.786578059521987782e-02	4.009520683241248051e-02	9.951147077990996070e-02
2.007674638666942428e+03	1.760972280799926737e-01	1.090300318050089340e-01	2.983113488059501162e-01	1.889314906392864368e-01	8.791688797638540220e-02	4.013229228128763898e-02	9.958072041162806254e-02
2.012512408880597604e+03	1.758430950170013218e-01	1.088534053990803385e-01	2.984746213905830614e-01	1.890424506218409129e-01	8.796769924307840105e-02	4.016917147356671713e-02	9.964955685438854627e-02
2.017350179094252780e+03	1.755904578499112856e-01	1.086778070963723697e-01	2.986369493016340915e-01	1.891527416846848220e-01	8.801821603518333870e-02	4.020584547518950280e-02	9.971798255656387500e-02
2.022187949307908411e+03	1.753393078060822285e-01	1.085032308728851175e-01	2.987983381618369849e-01	1.892623678724288383e-01	8.806843998607448432e-02	4.024231534805598753e-02	9.978599995217567187e-02
2.027025719521564042e+03	1.750896361642869103e-01	1.083296707401209952e-01	2.989587935573534416e-01	1.893713332042291364e-01	8.811837272255759745e-02	4.027858215001235004e-02	9.985361146097890273e-02
2.031863489735218764e+03	1.748414342544089561e-01	1.081571207448730060e-01	2.991183210380846114e-01	1.894796416739749634e-01	8.816801586481476383e-02	4.031464693483770984e-02	9.992081948854522611e-02
2.036701259948874394e+03	1.745946934571426801e-01	1.079855749690143973e-01	2.992769261179780704e-01	1.895872972504742404e-01	8.821737102635240912e-02	4.035051075223167888e-02	9.998762642634577424e-02
2.041539030162529116e+03	1.743494052036944353e-01	1.078150275292895505e-01	2.994346142753301354e-01	1.896943038776370549e-01	8.826643981395239369e-02	4.038617464780257238e-02	1.000540346518330737e-01
2.046376800376184747e+03	1.741055609754857680e-01	1.076454725771062992e-01	2.995913909530846797e-01	1.898006654746574873e-01	8.831522382762610479e-02	4.042163966305648698e-02	1.001200465285224106e-01
