1.093336068286093905e+03	2.645646157859022352e-01	1.704645239803811163e-01	2.404915687153124926e-01	1.511840156441114358e-01	7.216703058154000372e-02	2.800682194818832765e-02	7.312142334410089151e-02
1.098173838499749309e+03	2.637915931155110916e-01	1.699302855811856972e-01	2.410339297507662071e-01	1.514054136309404830e-01	7.224297406068642957e-02	2.810277501342110795e-02	7.349302884702556271e-02
1.103011608713404712e+03	2.630230674844235561e-01	1.693989696500670938e-01	2.415713976013192377e-01	1.516338498396856693e-01	7.232153867205624864e-02	2.819856624357958488e-02	7.385261050840516428e-02
1.107849378927059888e+03	2.622590146585330739e-01	1.688705743998307196e-01	2.421040792563725064e-01	1.518687018418781731e-01	7.240255080473156912e-02	2.829417631991615334e-02	7.420090271827436967e-02
1.112687149140715292e+03	2.614994104211149639e-01	1.683450969796698449e-01	2.426320770537469529e-01	1.521093905514864508e-01	7.248584692404473617e-02	2.838958728525060524e-02	7.453859078422300777e-02
1.117524919354370468e+03	2.607442305805380278e-01	1.678225335549021757e-01	2.431554889372175565e-01	1.523553772802063444e-01	7.257127295523360666e-02	2.848478245451920715e-02	7.486631423691966769e-02
1.122362689568025871e+03	2.599934509774240454e-01	1.673028793812526560e-01	2.436744086983624324e-01	1.526061609917715167e-01	7.265868370650124808e-02	2.857974633126413033e-02	7.518466991296057778e-02
1.127200459781681047e+03	2.592470474912913492e-01	1.667861288740516978e-01	2.441889262037308106e-01	1.528612757418599533e-01	7.274794232889600365e-02	2.867446452966574202e-02	7.549421483004105371e-02
1.132038229995336451e+03	2.585049960467171726e-01	1.662722756726928708e-01	2.446991276082663980e-01	1.531202882910761010e-01	7.283891981059935350e-02	2.876892370174709626e-02	7.579546886843763209e-02
1.136876000208991627e+03	2.577672726190505803e-01	1.657613127006706544e-01	2.452050955558619516e-01	1.533827958793328727e-01	7.293149450336969264e-02	2.886311146940473069e-02	7.608891727184616260e-02
1.141713770422646803e+03	2.570338532397064002e-01	1.652532322214974592e-01	2.457069093678634075e-01	1.536484241507436732e-01	7.302555167903926336e-02	2.895701636094319062e-02	7.637501297974327863e-02
1.146551540636302207e+03	2.563047140010671354e-01	1.647480258907793316e-01	2.462046452202878155e-01	1.539168252188698460e-01	7.312098311410133999e-02	2.905062775181224341e-02	7.665417880261897465e-02
1.151389310849957155e+03	2.555798310610197244e-01	1.642456848047096352e-01	2.466983763104709237e-01	1.541876758628522304e-01	7.321768670055453510e-02	2.914393580926604929e-02	7.692680945066356080e-02
1.156227081063612786e+03	2.548591806471510179e-01	1.637461995452242081e-01	2.471881730138113520e-01	1.544606758455946138e-01	7.331556608129315145e-02	2.923693144068232122e-02	7.719327342577998741e-02
1.161064851277267962e+03	2.541427390606248449e-01	1.632495602220434272e-01	2.476741030312368252e-01	1.547355463457617819e-01	7.341453030844528882e-02	2.932960624529706156e-02	7.745391478612741187e-02
1.165902621490923138e+03	2.534304826797618149e-01	1.627557565118127603e-01	2.481562315279758901e-01	1.550120284959106698e-01	7.351449352316666297e-02	2.942195246912696419e-02	7.770905479178187580e-02
1.170740391704578315e+03	2.527223879633412884e-01	1.622647776945379261e-01	2.486346212641813991e-01	1.552898820195904861e-01	7.361537465549661263e-02	2.951396296286673201e-02	7.795899343952217286e-02
1.175578161918233945e+03	2.520184314536447756e-01	1.617766126874986832e-01	2.491093327179155492e-01	1.555688839607309304e-01	7.371709714297496052e-02	2.960563114256286113e-02	7.820401089420891960e-02
1.180415932131889122e+03	2.513185897792568069e-01	1.612912500768116653e-01	2.495804242009747598e-01	1.558488274990876554e-01	7.381958866680438103e-02	2.969695095287879644e-02	7.844436882372260444e-02
1.185253702345544298e+03	2.506228396576409834e-01	1.608086781468020532e-01	2.500479519679999485e-01	1.561295208459349271e-01	7.392278090442325200e-02	2.978791683277872207e-02	7.868031164395679344e-02
1.190091472559199701e+03	2.499311578975042247e-01	1.603288849073330469e-01	2.505119703192900116e-01	1.564107862145864003e-01	7.402660929742875540e-02	2.987852368346882032e-02	7.891206767992539617e-02
1.194929242772855105e+03	2.492435214009650901e-01	1.598518581192312493e-01	2.509725316977091669e-01	1.566924588606907753e-01	7.413101283386010210e-02	2.996876683844566791e-02	7.913985024863463835e-02
1.199767012986510281e+03	2.485599071655379133e-01	1.593775853179375257e-01	2.514296867800532853e-01	1.569743861875897428e-01	7.423593384391669048e-02	3.005864203551146877e-02	7.936385866899008101e-02
1.204604783200165684e+03	2.478802922859459634e-01	1.589060538355040464e-01	2.518834845632169639e-01	1.572564269123435110e-01	7.434131780824722313e-02	3.014814539062526597e-02	7.958427920365376829e-02
1.209442553413820860e+03	2.472046539557742340e-01	1.584372508210496744e-01	2.523339724454812250e-01	1.575384502883253324e-01	7.444711317800255246e-02	3.023727337346798077e-02	7.980128593743578136e-02
1.214280323627476264e+03	2.465329694689730178e-01	1.579711632597786408e-01	2.527811963032211007e-01	1.578203353805630316e-01	7.455327120589805290e-02	3.032602278460736281e-02	8.001504159649559800e-02
1.219118093841131440e+03	2.458652162212221770e-01	1.575077779906601250e-01	2.532252005633130465e-01	1.581019703902634688e-01	7.465974578758077795e-02	3.041439073415652325e-02	8.022569831234076243e-02
1.223955864054786844e+03	2.452013717111649893e-01	1.570470817228600269e-01	2.536660282715041403e-01	1.583832520251959586e-01	7.476649331264320630e-02	3.050237462182684225e-02	8.043339833434169639e-02
1.228793634268442020e+03	2.445414135415208967e-01	1.565890610510097536e-01	2.541037211569890930e-01	1.586640849128349295e-01	7.487347252466811098e-02	3.058997211828269266e-02	8.063827469423132110e-02
1.233631404482097196e+03	2.438853194200847618e-01	1.561337024693912889e-01	2.545383196934237757e-01	1.589443810533716361e-01	7.498064438972981693e-02	3.067718114771162546e-02	8.084045182582384748e-02
1.238469174695752372e+03	2.432330671606202088e-01	1.556809923851124877e-01	2.549698631565909812e-01	1.592240593098989965e-01	7.508797197281438796e-02	3.076399987152937318e-02	8.104004614297030673e-02
1.243306944909407548e+03	2.425846346836546541e-01	1.552309171303410396e-01	2.553983896789198682e-01	1.595030449332561773e-01	7.519542032165663081e-02	3.085042667314450565e-02	8.123716657856387691e-02
1.248144715123063179e+03	2.419400000171817444e-01	1.547834629736620227e-01	2.558239363010473277e-01	1.597812691191888290e-01	7.530295635752444483e-02	3.093646014371253736e-02	8.143191508721987770e-02
1.252982485336718355e+03	2.412991412972782523e-01	1.543386161306182780e-01	2.562465390205981852e-01	1.600586685956388588e-01	7.541054877251189559e-02	3.102209906881400747e-02	8.162438711407733749e-02
1.257820255550373531e+03	2.406620367686406192e-01	1.538963627734895867e-01	2.566662328383497171e-01	1.603351852381258436e-01	7.551816793293056329e-02	3.110734241599538707e-02	8.181467203200508409e-02
1.262658025764028707e+03	2.400286647850467248e-01	1.534566890403628592e-01	2.570830518019355804e-01	1.606107657113187703e-01	7.562578578841600008e-02	3.119218932311580358e-02	8.200285354934114257e-02
1.267495795977684338e+03	2.393990038097478512e-01	1.530195810435415749e-01	2.574970290472342049e-01	1.608853611350257451e-01	7.573337578639040280e-02	3.127663908744633681e-02	8.218901009015075476e-02
1.272333566191339514e+03	2.387730324157957273e-01	1.525850248773399920e-01	2.579081968375784295e-01	1.611589267729490738e-01	7.584091279154656084e-02	3.136069115547224229e-02	8.237321514885491414e-02
1.277171336404994690e+03	2.381507292863087322e-01	1.521530066253037050e-01	2.583165866009132783e-01	1.614314217426640607e-01	7.594837301003910801e-02	3.144434511335168075e-02	8.255553762095640957e-02
1.282009106618650094e+03	2.375320732146815605e-01	1.517235123668967955e-01	2.587222289650223384e-01	1.617028087453844243e-01	7.605573391809032635e-02	3.152760067798773824e-02	8.273604211147385368e-02
1.286846876832305497e+03	2.369170431047421810e-01	1.512965281836911591e-01	2.591251537909342040e-01	1.619730538141742893e-01	7.616297419473590236e-02	3.161045768867332822e-02	8.291478922258598006e-02
1.291684647045960673e+03	2.363056179708595550e-01	1.508720401650929799e-01	2.595253902046151251e-01	1.622421260793567022e-01	7.627007365845410447e-02	3.169291609927127329e-02	8.309183582188732486e-02
1.296522417259616077e+03	2.356977769380055321e-01	1.504500344136376622e-01	2.599229666270456152e-01	1.625099975499539051e-01	7.637701320743847666e-02	3.177497597089441045e-02	8.326723529256149781e-02
1.301360187473271253e+03	2.350934992417741121e-01	1.500304970498830825e-01	2.603179108027743327e-01	1.627766429100721002e-01	7.648377476328944991e-02	3.185663746505287136e-02	8.344103776669113681e-02
1.306197957686926657e+03	2.344927642283608782e-01	1.496134142169291137e-01	2.607102498270360003e-01	1.630420393292181525e-01	7.659034121791466476e-02	3.193790083723781204e-02	8.361329034284049888e-02
1.311035727900581833e+03	2.338955513545052933e-01	1.491987720845885379e-01	2.611000101715147959e-01	1.633061662856029606e-01	7.669669638344141227e-02	3.201876643091312868e-02	8.378403728897106106e-02
1.315873498114237009e+03	2.333018401873986070e-01	1.487865568532340255e-01	2.614872177088295446e-01	1.635690054015509209e-01	7.680282494495731249e-02	3.209923467188828539e-02	8.395332023167843827e-02
1.320711268327892412e+03	2.327116104045596490e-01	1.483767547573432433e-01	2.618718977358135414e-01	1.638305402901940877e-01	7.690871241590661878e-02	3.217930606304743313e-02	8.412117833267253320e-02
1.325549038541547588e+03	2.321248417936806752e-01	1.479693520687629937e-01	2.622540749956552286e-01	1.640907564126846963e-01	7.701434509598123479e-02	3.225898117941148474e-02	8.428764845336082778e-02
1.330386808755202765e+03	2.315415142524454017e-01	1.475643350997120073e-01	2.626337736989638461e-01	1.643496409452125939e-01	7.711971003135525971e-02	3.233826066351139922e-02	8.445276530833666084e-02
1.335224578968857941e+03	2.309616077883212548e-01	1.471616902055402354e-01	2.630110175438199471e-01	1.646071826551612494e-01	7.722479497712171626e-02	3.241714522105245549e-02	8.461656160852036590e-02
1.340062349182513572e+03	2.303851025183274726e-01	1.467614037872619071e-01	2.633858297348659616e-01	1.648633717857815872e-01	7.732958836179912310e-02	3.249563561685048924e-02	8.477906819465075294e-02
1.344900119396168748e+03	2.298119786687810862e-01	1.463634622938778940e-01	2.637582330014895948e-01	1.651181999488051111e-01	7.743407925378381629e-02	3.257373267102244008e-02	8.494031416177737215e-02
1.349737889609823924e+03	2.292422165750218899e-01	1.459678522245019261e-01	2.641282496151502457e-01	1.653716600244561352e-01	7.753825732963204320e-02	3.265143725541472253e-02	8.510032697536037971e-02
1.354575659823479100e+03	2.286757966811183984e-01	1.455745601303047032e-01	2.644959014058939073e-01	1.656237460683603058e-01	7.764211284406262459e-02	3.272875029025391208e-02	8.525913257954349789e-02
1.359413430037134731e+03	2.281126995395557633e-01	1.451835726162883089e-01	2.648612097781009034e-01	1.658744532248802028e-01	7.774563660157862710e-02	3.280567274100543163e-02	8.541675549812810520e-02
1.364251200250789907e+03	2.275529058109074243e-01	1.447948763429030283e-01	2.652241957255073168e-01	1.661237776464403737e-01	7.784881992961226183e-02	3.288220561542674197e-02	8.557321892874020230e-02
1.369088970464445310e+03	2.269963962634909682e-01	1.444084580275174778e-01	2.655848798455392457e-01	1.663717164184342345e-01	7.795165465310342767e-02	3.295834996080249796e-02	8.572854483064953901e-02
1.373926740678100487e+03	2.264431517730102483e-01	1.440243044457524824e-01	2.659432823529956358e-01	1.666182674893326165e-01	7.805413307042795290e-02	3.303410686134989477e-02	8.588275400666858794e-02
1.378764510891755890e+03	2.258931533221840982e-01	1.436424024326882765e-01	2.662994230931146067e-01	1.668634296056394628e-01	7.815624793059688935e-02	3.310947743578329661e-02	8.603586617953082327e-02
1.383602281105411066e+03	2.253463820003630824e-01	1.432627388839538829e-01	2.666533215540551338e-01	1.671072022513640509e-01	7.825799241165284914e-02	3.318446283502791277e-02	8.618790006312047891e-02
1.388440051319066470e+03	2.248028190031349238e-01	1.428853007567072730e-01	2.670049968788249517e-01	1.673495855917020991e-01	7.835936010019431408e-02	3.325906424007289697e-02	8.633887342890095296e-02
1.393277821532721646e+03	2.242624456319196047e-01	1.425100750705136921e-01	2.673544678766825999e-01	1.675905804206379024e-01	7.846034497196283097e-02	3.333328285995501572e-02	8.648880316786566880e-02
1.398115591746377049e+03	2.237252432935551150e-01	1.421370489081297817e-01	2.677017530340417562e-01	1.678301881122004902e-01	7.856094137343221095e-02	3.340711992986451773e-02	8.663770534831341519e-02
1.402953361960032225e+03	2.231911934998742630e-01	1.417662094161998287e-01	2.680468705249019479e-01	1.680684105751236446e-01	7.866114400434255638e-02	3.348057670936534919e-02	8.678559526972975946e-02
1.407791132173687402e+03	2.226602778672736593e-01	1.413975438058708567e-01	2.683898382208306232e-01	1.683052502106772985e-01	7.876094790112526944e-02	3.355365448072253343e-02	8.693248751303710165e-02
1.412628902387342805e+03	2.221324781162749840e-01	1.410310393533322215e-01	2.687306737005192292e-01	1.685407098734535147e-01	7.886034842116895760e-02	3.362635454732984530e-02	8.707839598745849286e-02
1.417466672600997981e+03	2.216077760710800648e-01	1.406666834002848754e-01	2.690693942589341692e-01	1.687747928349046800e-01	7.895934122787853782e-02	3.369867823223143127e-02	8.722333397422347978e-02
1.422304442814653157e+03	2.210861536591192666e-01	1.403044633543460151e-01	2.694060169160825691e-01	1.690075027494455373e-01	7.905792227648344994e-02	3.377062687673144242e-02	8.736731416732899935e-02
1.427142213028308333e+03	2.205675929105946342e-01	1.399443666893930849e-01	2.697405584254128352e-01	1.692388436229434467e-01	7.915608780055294336e-02	3.384220183908610152e-02	8.751034871155420614e-02
1.431979983241963964e+03	2.200520759580177621e-01	1.395863809458521843e-01	2.700730352818675462e-01	1.694688197834330612e-01	7.925383429917944034e-02	3.391340449327304857e-02	8.765244923791420950e-02
1.436817753455619140e+03	2.195395850357431400e-01	1.392304937309346013e-01	2.704034637296049981e-01	1.696974358539025673e-01	7.935115852479296406e-02	3.398423622783308673e-02	8.779362689672588760e-02
1.441655523669274316e+03	2.190301024794973628e-01	1.388766927188254119e-01	2.707318597694065021e-01	1.699246967270096331e-01	7.944805747157208942e-02	3.405469844477981151e-02	8.793389238844645517e-02
1.446493293882929493e+03	2.185236107259045657e-01	1.385249656508276417e-01	2.710582391657836432e-01	1.701506075415942232e-01	7.954452836441876229e-02	3.412479255857283483e-02	8.807325599243555347e-02
1.451331064096585123e+03	2.180200923120084455e-01	1.381753003354652676e-01	2.713826174538009894e-01	1.703751736608647704e-01	7.964056864846644213e-02	3.419451999515073226e-02	8.821172759378062556e-02
1.456168834310240300e+03	2.175195298747913952e-01	1.378276846485484708e-01	2.717050099456260748e-01	1.705984006521423235e-01	7.973617597909270216e-02	3.426388219101988986e-02	8.834931670831645822e-02
1.461006604523895703e+03	2.170219061506910296e-01	1.374821065332033077e-01	2.720254317368213659e-01	1.708202942680557002e-01	7.983134821240919776e-02	3.433288059239587853e-02	8.848603250596079328e-02
1.465844374737550879e+03	2.165272039751143796e-01	1.371385539998693226e-01	2.723438977123891491e-01	1.710408604290872547e-01	7.992608339620345392e-02	3.440151665439406675e-02	8.862188383247963930e-02
1.470682144951206283e+03	2.160354062819500598e-01	1.367970151262668521e-01	2.726604225525809944e-01	1.712601052073762231e-01	8.002037976130860208e-02	3.446979184026644633e-02	8.875687922978811595e-02
1.475519915164861459e+03	2.155464961030786886e-01	1.364574780573366841e-01	2.729750207384828986e-01	1.714780348116927977e-01	8.011423571337827898e-02	3.453770762068183314e-02	8.889102695488607098e-02
1.480357685378516862e+03	2.150604565678818914e-01	1.361199310051542932e-01	2.732877065573868225e-01	1.716946555735017199e-01	8.020764982504557938e-02	3.460526547304679928e-02	8.902433499752022972e-02
1.485195455592172038e+03	2.145772709027501668e-01	1.357843622488202617e-01	2.735984941079568911e-01	1.719099739340402555e-01	8.030062082844577342e-02	3.467246688086484535e-02	8.915681109665925252e-02
1.490033225805827215e+03	2.140969224305896978e-01	1.354507601343293288e-01	2.739073973052013611e-01	1.721239964323399707e-01	8.039314760808422000e-02	3.473931333313146769e-02	8.928846275586144188e-02
1.494870996019482618e+03	2.136193945703283026e-01	1.351191130744192614e-01	2.742144298852581263e-01	1.723367296941271942e-01	8.048522919403136577e-02	3.480580632376303191e-02	8.941929725761026126e-02
1.499708766233137567e+03	2.131446708364211073e-01	1.347894095484013233e-01	2.745196054100019212e-01	1.725481804215406034e-01	8.057686475542821802e-02	3.487194735105725307e-02	8.954932167668712417e-02
1.504546536446793198e+03	2.126727348383555538e-01	1.344616381019739793e-01	2.748229372714817709e-01	1.727583553836095354e-01	8.066805359428640132e-02	3.493773791718358251e-02	8.967854289264665102e-02
1.509384306660448374e+03	2.122035702801565449e-01	1.341357873470211404e-01	2.751244386961957389e-01	1.729672614074398984e-01	8.075879513956787936e-02	3.500317952770152369e-02	8.980696760145480406e-02
1.514222076874103550e+03	2.117371609598911741e-01	1.338118459613961142e-01	2.754241227492097988e-01	1.731749053700581686e-01	8.084908894153015890e-02	3.506827369110538523e-02	8.993460232634671592e-02
1.519059847087758726e+03	2.112734907691739550e-01	1.334898026886926492e-01	2.757220023381288798e-01	1.733812941908677296e-01	8.093893466632391676e-02	3.513302191839371563e-02	9.006145342795671138e-02
1.523897617301414357e+03	2.108125436926721052e-01	1.331696463380040441e-01	2.760180902169247497e-01	1.735864348246745625e-01	8.102833209083022681e-02	3.519742572266215674e-02	9.018752711376976094e-02
1.528735387515069533e+03	2.103543038076113869e-01	1.328513657836714323e-01	2.763123989896281163e-01	1.737903342552425401e-01	8.111728109772567419e-02	3.526148661871816165e-02	9.031282944694031534e-02
1.533573157728724709e+03	2.098987552832824732e-01	1.325349499650223251e-01	2.766049411138901126e-01	1.739929994893410214e-01	8.120578167076407394e-02	3.532520612271646682e-02	9.043736635452111206e-02
1.538410927942380113e+03	2.094458823805478709e-01	1.322203878861000770e-01	2.768957289044192693e-01	1.741944375512501919e-01	8.129383389026439977e-02	3.538858575181391686e-02	9.056114363514189414e-02
1.543248698156035516e+03	2.089956694513497859e-01	1.319076686153850264e-01	2.771847745362984172e-01	1.743946554776918123e-01	8.138143792879461158e-02	3.545162702384268422e-02	9.068416696617535855e-02
1.548086468369690692e+03	2.085481009382186557e-01	1.315967812855085017e-01	2.774720900481870700e-01	1.745936603131557630e-01	8.146859404704222263e-02	3.551433145700077371e-02	9.080644191042470947e-02
1.552924238583346096e+03	2.081031613737828745e-01	1.312877150929601944e-01	2.777576873454143946e-01	1.747914591055936551e-01	8.155530258986241898e-02	3.557670056955872934e-02	9.092797392236541543e-02
1.557762008797001272e+03	2.076608353802796569e-01	1.309804592977893423e-01	2.780415782029658778e-01	1.749880589024543354e-01	8.164156398249551583e-02	3.563873587958177325e-02	9.104876835397118784e-02
1.562599779010656675e+03	2.072211076690666787e-01	1.306750032233005565e-01	2.783237742683700167e-01	1.751834667470363871e-01	8.172737872694542383e-02	3.570043890466638448e-02	9.116883046015228365e-02
1.567437549224311852e+03	2.067839630401352713e-01	1.303713362557450128e-01	2.786042870644872549e-01	1.753776896751355063e-01	8.181274739851186750e-02	3.576181116169051266e-02	9.128816540383238864e-02
1.572275319437967255e+03	2.063493863816249219e-01	1.300694478440072577e-01	2.788831279922060480e-01	1.755707347119652983e-01	8.189767064246897266e-02	3.582285416657674665e-02	9.140677826068858980e-02
1.577113089651622431e+03	2.059173626693389936e-01	1.297693274992881285e-01	2.791603083330502777e-01	1.757626088693323152e-01	8.198214917088347820e-02	3.588356943406757760e-02	9.152467402357704340e-02
1.581950859865277607e+03	2.054878769662620008e-01	1.294709647947844822e-01	2.794358392517002909e-01	1.759533191430470711e-01	8.206618375956606370e-02	3.594395847751221534e-02	9.164185760666572478e-02
1.586788630078933011e+03	2.050609144220783275e-01	1.291743493653659813e-01	2.797097317984316156e-01	1.761428725105537163e-01	8.214977524514983920e-02	3.600402280866425025e-02	9.175833384929407699e-02
1.591626400292587959e+03	2.046364602726926385e-01	1.288794709072492439e-01	2.799819969114752394e-01	1.763312759287631037e-01	8.223292452229005733e-02	3.606376393748954995e-02	9.187410751957797439e-02
1.596464170506243590e+03	2.042144998397517064e-01	1.285863191776700498e-01	2.802526454193011163e-01	1.765185363320742329e-01	8.231563254097952476e-02	3.612318337198391904e-02	9.198918331777727886e-02
1.601301940719898766e+03	2.037950185301680428e-01	1.282948839945534658e-01	2.805216880428292314e-01	1.767046606305705259e-01	8.239790030397466103e-02	3.618228261799985579e-02	9.210356587944203144e-02
1.606139710933553943e+03	2.033780018356452224e-01	1.280051552361826384e-01	2.807891353975703330e-01	1.768896557083780852e-01	8.247972886432720918e-02	3.624106317908208641e-02	9.221725977835225352e-02
1.610977481147209119e+03	2.029634353322048168e-01	1.277171228408663650e-01	2.810549979956991073e-01	1.770735284221743588e-01	8.256111932301665735e-02	3.629952655631124570e-02	9.233026952926537412e-02
1.615815251360864750e+03	2.025513046797153272e-01	1.274307768066054725e-01	2.813192862480624612e-01	1.772562855998358611e-01	8.264207282667924981e-02	3.635767424815538468e-02	9.244259959048417574e-02
1.620653021574519926e+03	2.021415956214228649e-01	1.271461071907588058e-01	2.815820104661254653e-01	1.774379340392152338e-01	8.272259056542921596e-02	3.641550775032884740e-02	9.255425436625754065e-02
1.625490791788175102e+03	2.017342939834835536e-01	1.268631041097084411e-01	2.818431808638571789e-01	1.776184805070373796e-01	8.280267377076806767e-02	3.647302855565810048e-02	9.266523820902530795e-02
1.630328562001830505e+03	2.013293856744979571e-01	1.265817577385246473e-01	2.821028075595587992e-01	1.777979317379064506e-01	8.288232371357830142e-02	3.653023815395424478e-02	9.277555542151763590e-02
1.635166332215485909e+03	2.009268566850474502e-01	1.263020583106309047e-01	2.823609005776359093e-01	1.779762944334152830e-01	8.296154170219775803e-02	3.658713803189176522e-02	9.288521025871893100e-02
1.640004102429141085e+03	2.005266930872323938e-01	1.260239961174689505e-01	2.826174698503173821e-01	1.781535752613494505e-01	8.304032908057124018e-02	3.664372967289325489e-02	9.299420692970541968e-02
1.644841872642796488e+03	2.001288810342124191e-01	1.257475615081638798e-01	2.828725252193223239e-01	1.783297808549788865e-01	8.311868722647602903e-02	3.670001455701981524e-02	9.310254959936478669e-02
1.649679642856451665e+03	1.997334067597485718e-01	1.254727448891898300e-01	2.831260764374781136e-01	1.785049178124306357e-01	8.319661754981821922e-02	3.675599416086679228e-02	9.321024239000606781e-02
1.654517413070107068e+03	1.993402565777476487e-01	1.251995367240361645e-01	2.833781331702894812e-01	1.786789926961362962e-01	8.327412149099674976e-02	3.681166995746467524e-02	9.331728938286723563e-02
1.659355183283762244e+03	1.989494168818081721e-01	1.249279275328742528e-01	2.836287049974626218e-01	1.788520120323487672e-01	8.335120051933254948e-02	3.686704341618477626e-02	9.342369461952707010e-02
1.664192953497417420e+03	1.985608741447690562e-01	1.246579078922250561e-01	2.838778014143838457e-01	1.790239823107225570e-01	8.342785613155975777e-02	3.692211600264958676e-02	9.352946210322829468e-02
1.669030723711072824e+03	1.981746149182596617e-01	1.243894684346275037e-01	2.841254318335560969e-01	1.791949099839532378e-01	8.350408985037666154e-02	3.697688917864749153e-02	9.363459580011751493e-02
1.673868493924728000e+03	1.977906258322522925e-01	1.241225998483080073e-01	2.843716055859935588e-01	1.793648014674709690e-01	8.357990322305378084e-02	3.703136440205163221e-02	9.373909964040798293e-02
1.678706264138383403e+03	1.974088935946166912e-01	1.238572928768508358e-01	2.846163319225768484e-01	1.795336631391841187e-01	8.365529782009685500e-02	3.708554312674280928e-02	9.384297751947003052e-02
1.683544034352038352e+03	1.970294049906766987e-01	1.235935383188697806e-01	2.848596200153699076e-01	1.797015013392689875e-01	8.373027523396224525e-02	3.713942680253613099e-02	9.394623329885447294e-02
1.688381804565693983e+03	1.966521468827689134e-01	1.233313270276809870e-01	2.851014789588990905e-01	1.798683223700019707e-01	8.380483707782297731e-02	3.719301687511124971e-02	9.404887080725310433e-02
1.693219574779349159e+03	1.962771062098035146e-01	1.230706499109770202e-01	2.853419177713972243e-01	1.800341324956306055e-01	8.387898498438295380e-02	3.724631478594606082e-02	9.415089384140092055e-02
1.698057344993004335e+03	1.959042699868271120e-01	1.228114979305023335e-01	2.855809453960130306e-01	1.801989379422805349e-01	8.395272060473783771e-02	3.729932197225369755e-02	9.425230616692374663e-02
1.702895115206659511e+03	1.955336253045880379e-01	1.225538621017300683e-01	2.858185707019869071e-01	1.803627448978953607e-01	8.402604560728033078e-02	3.735203986692264139e-02	9.435311151913503003e-02
1.707732885420315142e+03	1.951651593291034159e-01	1.222977334935403670e-01	2.860548024857945681e-01	1.805255595122066126e-01	8.409896167664827893e-02	3.740446989845978842e-02	9.445331360378533825e-02
1.712570655633970318e+03	1.947988593012285330e-01	1.220431032279001710e-01	2.862896494722601548e-01	1.806873878967314995e-01	8.417147051271398062e-02	3.745661349093639542e-02	9.455291609776762807e-02
1.717408425847625494e+03	1.944347125362282658e-01	1.217899624795444474e-01	2.865231203156389794e-01	1.808482361247958359e-01	8.424357382961278340e-02	3.750847206393673194e-02	9.465192264978129766e-02
1.722246196061280898e+03	1.940727064233509214e-01	1.215383024756591240e-01	2.867552236006711275e-01	1.810081102315802826e-01	8.431527335480969165e-02	3.756004703250936938e-02	9.475033688095789441e-02
1.727083966274936301e+03	1.937128284254038268e-01	1.212881144955655355e-01	2.869859678436074146e-01	1.811670162141874318e-01	8.438657082820236188e-02	3.761133980712091929e-02	9.484816238545100420e-02
1.731921736488591478e+03	1.933550660783313890e-01	1.210393898704064802e-01	2.872153614932082544e-01	1.813249600317285160e-01	8.445746800125908393e-02	3.766235179361215185e-02	9.494540273099266736e-02
1.736759506702246881e+03	1.929994069907951248e-01	1.207921199828339842e-01	2.874434129317164355e-01	1.814819476054274350e-01	8.452796663619038808e-02	3.771308439315643884e-02	9.504206145941873629e-02
1.741597276915902057e+03	1.926458388437560232e-01	1.205462962666987853e-01	2.876701304758045308e-01	1.816379848187408275e-01	8.459806850515293186e-02	3.776353900222027826e-02	9.513814208716518672e-02
1.746435047129557461e+03	1.922943493900588219e-01	1.203019102067413304e-01	2.878955223774979921e-01	1.817930775174926017e-01	8.466777538948455639e-02	3.781371701252603246e-02	9.523364810573727024e-02
1.751272817343212637e+03	1.919449264540186995e-01	1.200589533382846463e-01	2.881195968250746531e-01	1.819472315100215398e-01	8.473708907896908282e-02	3.786361981101654672e-02	9.532858298215346471e-02
1.756110587556867813e+03	1.915975579310099652e-01	1.198174172469288618e-01	2.883423619439415275e-01	1.821004525673407537e-01	8.480601137112993293e-02	3.791324877982175934e-02	9.542295015936586022e-02
1.760948357770523216e+03	1.912522317870567479e-01	1.195772935682476029e-01	2.885638257974895149e-01	1.822527464233078542e-01	8.487454407055131100e-02	3.796260529622711571e-02	9.551675305665854876e-02
1.765786127984178393e+03	1.909089360584262929e-01	1.193385739874858048e-01	2.887839963879266780e-01	1.824041187748047521e-01	8.494268898822596170e-02	3.801169073264375198e-02	9.560999507002550246e-02
1.770623898197833569e+03	1.905676588512238978e-01	1.191012502392596872e-01	2.890028816570909820e-01	1.825545752819258682e-01	8.501044794092854628e-02	3.806050645658036469e-02	9.570267957252939772e-02
1.775461668411488745e+03	1.902283883409903176e-01	1.188653141072581604e-01	2.892204894872432153e-01	1.827041215681742825e-01	8.507782275061352706e-02	3.810905383061671120e-02	9.579480991464250916e-02
1.780299438625144376e+03	1.898911127723011683e-01	1.186307574239462148e-01	2.894368277018404267e-01	1.828527632206645159e-01	8.514481524383678279e-02	3.815733421237861578e-02	9.588638942457099190e-02
1.785137208838799552e+03	1.895558204583685236e-01	1.183975720702699352e-01	2.896519040662907107e-01	1.830005057903314192e-01	8.521142725119992822e-02	3.820534895451457857e-02	9.597742140856363458e-02
1.789974979052454728e+03	1.892224997806446207e-01	1.181657499753633739e-01	2.898657262886898400e-01	1.831473547921443623e-01	8.527766060681664373e-02	3.825309940467371689e-02	9.606790915120613783e-02
1.794812749266109904e+03	1.888911391884276481e-01	1.179352831162571308e-01	2.900783020205409124e-01	1.832933157053261708e-01	8.534351714779993270e-02	3.830058690548512196e-02	9.615785591570176483e-02
1.799650519479765535e+03	1.885617271984696974e-01	1.177061635175887522e-01	2.902896388574562891e-01	1.834383939735759750e-01	8.540899871376987640e-02	3.834781279453855496e-02	9.624726494413950173e-02
1.804488289693420711e+03	1.882342523945869928e-01	1.174783832513148496e-01	2.904997443398437129e-01	1.835825950052956124e-01	8.547410714638080387e-02	3.839477840436641976e-02	9.633613945775032494e-02
1.809326059907075887e+03	1.879087034272718115e-01	1.172519344364250649e-01	2.907086259535761052e-01	1.837259241738189441e-01	8.553884428886733560e-02	3.844148506242694996e-02	9.642448265715250488e-02
1.814163830120731291e+03	1.875850690133069043e-01	1.170268092386577280e-01	2.909162911306465982e-01	1.838683868176437530e-01	8.560321198560855160e-02	3.848793409108856867e-02	9.651229772258659856e-02
1.819001600334386467e+03	1.872633379353819683e-01	1.168029998702172084e-01	2.911227472498081337e-01	1.840099882406655840e-01	8.566721208170956225e-02	3.853412680761542780e-02	9.659958781414088036e-02
1.823839370548041643e+03	1.869434990417118969e-01	1.165804985894932089e-01	2.913280016371986858e-01	1.841507337124132226e-01	8.573084642259996835e-02	3.858006452415397441e-02	9.668635607196778003e-02
1.828677140761696819e+03	1.866255412456575835e-01	1.163592977007816415e-01	2.915320615669528825e-01	1.842906284682856444e-01	8.579411685364839169e-02	3.862574854772063415e-02	9.677260561649196624e-02
1.833514910975352450e+03	1.863094535253483619e-01	1.161393895540073079e-01	2.917349342617995833e-01	1.844296777097896578e-01	8.585702521979275692e-02	3.867118018019052167e-02	9.685833954861049200e-02
1.838352681189008081e+03	1.859952249233068899e-01	1.159207665444482865e-01	2.919366268936468556e-01	1.845678866047783806e-01	8.591957336518545041e-02	3.871636071828704617e-02	9.694356094988577921e-02
1.843190451402663257e+03	1.856828445460758092e-01	1.157034211124620543e-01	2.921371465841536286e-01	1.847052602876899652e-01	8.598176313285300909e-02	3.876129145357254391e-02	9.702827288273169204e-02
1.848028221616318433e+03	1.853723015638465976e-01	1.154873457432133987e-01	2.923365004052896343e-01	1.848418038597863799e-01	8.604359636436977044e-02	3.880597367243978496e-02	9.711247839059312936e-02
1.852865991829973609e+03	1.850635852100905587e-01	1.152725329664039261e-01	2.925346953798828586e-01	1.849775223893923293e-01	8.610507489954487281e-02	3.885040865610438210e-02	9.719618049811976079e-02
1.857703762043628785e+03	1.847566847811916990e-01	1.150589753560033041e-01	2.927317384821558344e-01	1.851124209121334796e-01	8.616620057612230099e-02	3.889459768059798372e-02	9.727938221133407282e-02
1.862541532257283961e+03	1.844515896360816309e-01	1.148466655299822670e-01	2.929276366382504992e-01	1.852465044311744913e-01	8.622697522949326898e-02	3.893854201676238969e-02	9.736208651779418299e-02
1.867379302470939592e+03	1.841482891958766688e-01	1.146355961500472309e-01	2.931223967267420072e-01	1.853797779174559401e-01	8.628740069242080146e-02	3.898224293024436099e-02	9.744429638675181082e-02
1.872217072684594768e+03	1.838467729435168674e-01	1.144257599213766019e-01	2.933160255791421589e-01	1.855122463099308228e-01	8.634747879477568111e-02	3.902570168149125523e-02	9.752601476930551627e-02
1.877054842898249490e+03	1.835470304234069761e-01	1.142171495923587771e-01	2.935085299803926184e-01	1.856439145157997850e-01	8.640721136328373408e-02	3.906891952574734206e-02	9.760724459854974722e-02
1.881892613111905121e+03	1.832490512410595296e-01	1.140097579543317141e-01	2.936999166693480823e-01	1.857747874107452957e-01	8.646660022128374590e-02	3.911189771305087493e-02	9.768798878971980681e-02
1.886730383325560297e+03	1.829528250627398545e-01	1.138035778413243188e-01	2.938901923392496784e-01	1.859048698391645438e-01	8.652564718849581338e-02	3.915463748823184986e-02	9.776825024033300449e-02
1.891568153539215928e+03	1.826583416151131845e-01	1.135986021297992893e-01	2.940793636381893172e-01	1.860341666144010309e-01	8.658435408079960538e-02	3.919714009091039564e-02	9.784803183032626805e-02
1.896405923752871104e+03	1.823655906848935804e-01	1.133948237383976404e-01	2.942674371695644941e-01	1.861626825189746925e-01	8.664272271002240733e-02	3.923940675549580925e-02	9.792733642219046686e-02
1.901243693966526507e+03	1.820745621184948482e-01	1.131922356276849062e-01	2.944544194925247660e-01	1.862904223048106045e-01	8.670075488373625572e-02	3.928143871118622288e-02	9.800616686110150133e-02
1.906081464180181683e+03	1.817852458216837330e-01	1.129908307998988698e-01	2.946403171224091788e-01	1.864173906934658009e-01	8.675845240506412093e-02	3.932323718196891610e-02	9.808452597504849213e-02
1.910919234393836859e+03	1.814976317592345567e-01	1.127906022986989304e-01	2.948251365311757022e-01	1.865435923763549830e-01	8.681581707249466651e-02	3.936480338662110001e-02	9.816241657495924922e-02
1.915757004607492036e+03	1.812117099545861587e-01	1.125915432089170526e-01	2.950088841478223922e-01	1.866690320149738958e-01	8.687285067970540453e-02	3.940613853871135358e-02	9.823984145482300701e-02
1.920594774821147894e+03	1.809274704895006969e-01	1.123936466563102282e-01	2.951915663588008387e-01	1.867937142411213447e-01	8.692955501539371965e-02	3.944724384660155958e-02	9.831680339181088357e-02
1.925432545034802843e+03	1.806449035037243356e-01	1.121969058073146175e-01	2.953731895084220072e-01	1.869176436571193811e-01	8.698593186311573411e-02	3.948812051344938873e-02	9.839330514639382796e-02
1.930270315248458019e+03	1.803639991946499044e-01	1.120013138688011195e-01	2.955537598992543091e-01	1.870408248360315995e-01	8.704198300113255571e-02	3.952876973721126952e-02	9.846934946245852749e-02
1.935108085462113195e+03	1.800847478169813887e-01	1.118068640878325665e-01	2.957332837925151225e-01	1.871632623218795477e-01	8.709771020226372840e-02	3.956919271064583687e-02	9.854493906742117781e-02
1.939945855675768371e+03	1.798071396824003909e-01	1.116135497514224029e-01	2.959117674084544292e-01	1.872849606298573333e-01	8.715311523374753844e-02	3.960939062131788729e-02	9.862007667233937958e-02
1.944783625889424002e+03	1.795311651592345070e-01	1.114213641862949189e-01	2.960892169267327345e-01	1.874059242465442865e-01	8.720819985710807909e-02	3.964936465160280588e-02	9.869476497202210596e-02
1.949621396103079178e+03	1.792568146721275346e-01	1.112303007586469550e-01	2.962656384867912718e-01	1.875261576301156807e-01	8.726296582802861579e-02	3.968911597869134028e-02	9.876900664513800499e-02
1.954459166316734354e+03	1.789840787017115131e-01	1.110403528739111467e-01	2.964410381882168211e-01	1.876456652105516487e-01	8.731741489623127961e-02	3.972864577459495755e-02	9.884280435432203638e-02
1.959296936530389530e+03	1.787129477842807346e-01	1.108515139765206270e-01	2.966154220910993122e-01	1.877644513898440726e-01	8.737154880536265877e-02	3.976795520615147156e-02	9.891616074628052646e-02
1.964134706744044706e+03	1.784434125114676140e-01	1.106637775496752130e-01	2.967887962163839877e-01	1.878825205422016142e-01	8.742536929288510783e-02	3.980704543503115617e-02	9.898907845189471033e-02
1.968972476957700337e+03	1.781754635299202805e-01	1.104771371151090781e-01	2.969611665462174588e-01	1.879998770142526920e-01	8.747887808997364956e-02	3.984591761774323310e-02	9.906156008632302501e-02
1.973810247171355968e+03	1.779090915409821116e-01	1.102915862328598534e-01	2.971325390242879894e-01	1.881165251252466808e-01	8.753207692141821983e-02	3.988457290564272062e-02	9.913360824910184832e-02
1.978648017385010689e+03	1.776442873003730438e-01	1.101071185010392139e-01	2.973029195561603388e-01	1.882324691672530581e-01	8.758496750553104726e-02	3.992301244493766388e-02	9.920522552424509977e-02
1.983485787598666320e+03	1.773810416178728533e-01	1.099237275556048388e-01	2.974723140096047214e-01	1.883477134053587743e-01	8.763755155405898722e-02	3.996123737669671216e-02	9.927641448034262017e-02
1.988323557812321269e+03	1.771193453570058807e-01	1.097414070701338562e-01	2.976407282149211020e-01	1.884622620778635960e-01	8.768983077210071309e-02	3.999924883685702925e-02	9.934717767065734395e-02
1.993161328025976900e+03	1.768591894347281146e-01	1.095601507555977044e-01	2.978081679652577751e-01	1.885761193964735905e-01	8.774180685802837609e-02	4.003704795623256457e-02	9.941751763322141666e-02
1.997999098239632076e+03	1.766005648211155243e-01	1.093799523601383661e-01	2.979746390169253911e-01	1.886892895464926667e-01	8.779348150341383106e-02	4.007463586052260190e-02	9.948743689093118847e-02
2.002836868453287707e+03	1.763434625390545574e-01	1.092008056688459489e-01	2.981401470897055983e-01	1.888017766870124237e-01	8.784485639295912252e-02	4.011201367032065507e-02	9.955693795164130555e-02
2.007674638666942428e+03	1.760878736639341358e-01	1.090227045035378484e-01	2.983046978671552996e-01	1.889135849510999721e-01	8.789593320443099544e-02	4.014918250112363418e-02	9.962602330825774677e-02
2.012512408880597604e+03	1.758337893233397065e-01	1.088456427225390349e-01	2.984682969969062460e-01	1.890247184459838969e-01	8.794671360859951381e-02	4.018614346334136583e-02	9.969469543882991669e-02
2.017350179094252780e+03	1.755812006967487904e-01	1.086696142204638948e-01	2.986309500909597459e-01	1.891351812532386101e-01	8.799719926918045387e-02	4.022289766230628671e-02	9.976295680664191978e-02
2.022187949307908411e+03	1.753300990152284466e-01	1.084946129279993066e-01	2.987926627259775980e-01	1.892449774289666209e-01	8.804739184278131958e-02	4.025944619828352583e-02	9.983080986030290482e-02
2.027025719521564042e+03	1.750804755611343466e-01	1.083206328116891742e-01	2.989534404435681414e-01	1.893541110039792530e-01	8.809729297885104948e-02	4.029579016648113937e-02	9.989825703383670152e-02
2.031863489735218764e+03	1.748323216678116521e-01	1.081476678737201963e-01	2.991132887505684179e-01	1.894625859839754456e-01	8.814690431963301265e-02	4.033193065706071334e-02	9.996530074677044408e-02
2.036701259948874394e+03	1.745856287192976974e-01	1.079757121517090357e-01	2.992722131193222279e-01	1.895704063497188063e-01	8.819622750012136303e-02	4.036786875514813272e-02	1.000319434042226258e-01
2.041539030162529116e+03	1.743403881500261987e-01	1.078047597184907946e-01	2.994302189879542442e-01	1.896775760572131653e-01	8.824526414802057184e-02	4.040360554084462125e-02	1.000981873969903208e-01
2.046376800376184747e+03	1.740965914445333496e-01	1.076348046819087523e-01	2.995873117606401292e-01	1.897840990378760473e-01	8.829401588370799914e-02	4.043914208923798242e-02	1.001640351016356983e-01
2.051214570589840150e+03	1.738542301371653886e-01	1.074658411846054207e-01	2.997434968078729889e-01	1.898899791987107843e-01	8.834248432019939368e-02	4.047447947041413197e-02	1.002294888805718293e-01
2.056052340803495554e+03	1.736132958117881375e-01	1.072978634038150025e-01	2.998987794667262174e-01	1.899952204224767127e-01	8.839067106311727928e-02	4.050961874946877594e-02	1.002945510821478398e-01
