1.098173838499749309e+03	2.637743871051074773e-01	1.700130294115144436e-01	2.410399105185125623e-01	1.516636307827957941e-01	7.229762584129358072e-02	2.803484262229000157e-02	7.317657371801901400e-02
1.103011608713404712e+03	2.630067074050485010e-01	1.694812102092872197e-01	2.415840320166613986e-01	1.518614127627722077e-01	7.236162299564964651e-02	2.813681948930690097e-02	7.356819512080703394e-02
1.107849378927059888e+03	2.622434329774160910e-01	1.689522648594551646e-01	2.421226131236026147e-01	1.520684474008080767e-01	7.242946830605773156e-02	2.823826574313969759e-02	7.394550758905352184e-02
1.112687149140715292e+03	2.614845441080143051e-01	1.684261955751798212e-01	2.426558156973135372e-01	1.522839086422435317e-01	7.250089109080583294e-02	2.833917975273907500e-02	7.430946513323677394e-02
1.117524919354370468e+03	2.607300208177816270e-01	1.679030031383242638e-01	2.431837930232281786e-01	1.525070316334313225e-01	7.257563768023136963e-02	2.843956057808464527e-02	7.466095312845140441e-02
1.122362689568025871e+03	2.599798428889448232e-01	1.673826870115552312e-01	2.437066903400588180e-01	1.527371082683390280e-01	7.265347031567090386e-02	2.853940789555473034e-02	7.500079327940924190e-02
1.127200459781681047e+03	2.592339898893772365e-01	1.668652454422492326e-01	2.442246453315556620e-01	1.529734830580069538e-01	7.273416612203727205e-02	2.863872192990788920e-02	7.532974822639848522e-02
1.132038229995336451e+03	2.584924411952836398e-01	1.663506755587970953e-01	2.447377885864892022e-01	1.532155492994942136e-01	7.281751614897702396e-02	2.873750339234059509e-02	7.564852581815093013e-02
1.136876000208991627e+03	2.577551760123268365e-01	1.658389734598589293e-01	2.452462440289815693e-01	1.534627455226336978e-01	7.290332447591298115e-02	2.883575342412677406e-02	7.595778307569200916e-02
1.141713770422646803e+03	2.570221733953015342e-01	1.653301342970803223e-01	2.457501293211682702e-01	1.537145521944860427e-01	7.299140737660402001e-02	2.893347354538329183e-02	7.625812986950936123e-02
1.146551540636302207e+03	2.562934122664556891e-01	1.648241523517449680e-01	2.462495562400355553e-01	1.539704886628357194e-01	7.308159253915855191e-02	2.903066560854071498e-02	7.655013233076168877e-02
1.151389310849957155e+03	2.555688714325501376e-01	1.643210211058038495e-01	2.467446310301521506e-01	1.542301103214222813e-01	7.317371833772048917e-02	2.912733175613156297e-02	7.683431601575234360e-02
1.156227081063612786e+03	2.548485296007437229e-01	1.638207333076885930e-01	2.472354547338972974e-01	1.544930059808516942e-01	7.326763315230967744e-02	2.922347438253835444e-02	7.711116884150347184e-02
1.161064851277267962e+03	2.541323653933826865e-01	1.633232810332885254e-01	2.477221235006764888e-01	1.547587954302932223e-01	7.336319473354283027e-02	2.931909609937184344e-02	7.738114380897724576e-02
1.165902621490923138e+03	2.534203573617693217e-01	1.628286557424423187e-01	2.482047288765162063e-01	1.550271271761457514e-01	7.346026960918798643e-02	2.941419970417560523e-02	7.764466152929569431e-02
1.170740391704578315e+03	2.527124839989787208e-01	1.623368483312701283e-01	2.486833580753332607e-01	1.552976763448557507e-01	7.355873252971699416e-02	2.950878815217704634e-02	7.790211256720099009e-02
1.175578161918233945e+03	2.520087237517883993e-01	1.618478491806485398e-01	2.491580942330861581e-01	1.555701427379972412e-01	7.365846595021648124e-02	2.960286453082694794e-02	7.815385961496906786e-02
1.180415932131889122e+03	2.513090550317804150e-01	1.613616482011085984e-01	2.496290166459350368e-01	1.558442490285835424e-01	7.375935954620044255e-02	2.969643203689013161e-02	7.840023950903471373e-02
1.185253702345544298e+03	2.506134562256719378e-01	1.608782348744169088e-01	2.500962009934588615e-01	1.561197390883793668e-01	7.386130976103698342e-02	2.978949395586853732e-02	7.864156510070027806e-02
1.190091472559199701e+03	2.499219057049266723e-01	1.603975982920811116e-01	2.505597195479093986e-01	1.563963764367213294e-01	7.396421938286019959e-02	2.988205364355552354e-02	7.887812699147861428e-02
1.194929242772855105e+03	2.492343818346950124e-01	1.599197271910033358e-01	2.510196413704136043e-01	1.566739428020424152e-01	7.406799714898407161e-02	2.997411450953620451e-02	7.911019514285819176e-02
1.199767012986510281e+03	2.485508629821283066e-01	1.594446099864892386e-01	2.514760324949759651e-01	1.569522367879325475e-01	7.417255737597225340e-02	3.006568000246348515e-02	7.933802036957098014e-02
1.204604783200165684e+03	2.478713275241095082e-01	1.589722348028048959e-01	2.519289561010739087e-01	1.572310726361590416e-01	7.427781961364465779e-02	3.015675359695315152e-02	7.956183572478761623e-02
1.209442553413820860e+03	2.471957538544387323e-01	1.585025895014602615e-01	2.523784726755871621e-01	1.575102790796182040e-01	7.438370832141913414e-02	3.024733878195403486e-02	7.978185778505518522e-02
1.214280323627476264e+03	2.465241203905109701e-01	1.580356617073846170e-01	2.528246401647512576e-01	1.577896982786993196e-01	7.449015256549715303e-02	3.033743905046092093e-02	7.999828784222848266e-02
1.219118093841131440e+03	2.458564055795193493e-01	1.575714388331474480e-01	2.532675141167797794e-01	1.580691848350125051e-01	7.459708573550383193e-02	3.042705789044863884e-02	8.021131300912116846e-02
1.223955864054786844e+03	2.451925879042159417e-01	1.571099081013676013e-01	2.537071478157565951e-01	1.583486048768712462e-01	7.470444527928829515e-02	3.051619877691571017e-02	8.042110724511737641e-02
1.228793634268442020e+03	2.445326458882594034e-01	1.566510565654420928e-01	2.541435924073593422e-01	1.586278352113256740e-01	7.481217245467816634e-02	3.060486516493510223e-02	8.062783230753300945e-02
1.233631404482097196e+03	2.438765581011771988e-01	1.561948711287178548e-01	2.545768970169378642e-01	1.589067625379194104e-01	7.492021209706468954e-02	3.069306048361807732e-02	8.083163863409768835e-02
1.238469174695752372e+03	2.432243031629680308e-01	1.557413385622194169e-01	2.550071088604364267e-01	1.591852827196927611e-01	7.502851240177128844e-02	3.078078813090489793e-02	8.103266616153990964e-02
1.243306944909407548e+03	2.425758597483680112e-01	1.552904455210382118e-01	2.554342733486168471e-01	1.594633001072787715e-01	7.513702472022965040e-02	3.086805146910340247e-02	8.123104508489779885e-02
1.248144715123063179e+03	2.419312065908033882e-01	1.548421785594809863e-01	2.558584341850079213e-01	1.597407269122397833e-01	7.524570336905370138e-02	3.095485382110296779e-02	8.142689656184393110e-02
1.252982485336718355e+03	2.412903224860503126e-01	1.543965241450683534e-01	2.562796334579798829e-01	1.600174826260707395e-01	7.535450545116349763e-02	3.104119846719762335e-02	8.162033336600224565e-02
1.257820255550373531e+03	2.406531862956210743e-01	1.539534686714670308e-01	2.566979117273157640e-01	1.602934934815548884e-01	7.546339068816847184e-02	3.112708864245753229e-02	8.181146049294786560e-02
1.262658025764028707e+03	2.400197769498948197e-01	1.535129984704340367e-01	2.571133081056265479e-01	1.605686919533972079e-01	7.557232126327302624e-02	3.121252753459339072e-02	8.200037572231359817e-02
1.267495795977684338e+03	2.393900734510097938e-01	1.530750998228448678e-01	2.575258603349354636e-01	1.608430162952833864e-01	7.568126167401688364e-02	3.129751828226294552e-02	8.218717013917928305e-02
1.272333566191339514e+03	2.387640548755327052e-01	1.526397589688732181e-01	2.579356048587334582e-01	1.611164101107196434e-01	7.579017859420947301e-02	3.138206397377327900e-02	8.237192861769082608e-02
1.277171336404994690e+03	2.381417003769198959e-01	1.522069621173834930e-01	2.583425768897908981e-01	1.613888219551994629e-01	7.589904074446023052e-02	3.146616764613648781e-02	8.255473026964214867e-02
1.282009106618650094e+03	2.375229891877839450e-01	1.517766954545947400e-01	2.587468104739889529e-01	1.616602049674216446e-01	7.600781877074695714e-02	3.154983228444017962e-02	8.273564886055617684e-02
1.286846876832305497e+03	2.369079006219787509e-01	1.513489451520687867e-01	2.591483385504192438e-01	1.619305165274488312e-01	7.611648513050219000e-02	3.163306082149753423e-02	8.291475319561730783e-02
1.291684647045960673e+03	2.362964140765145826e-01	1.509236973740723242e-01	2.595471930079831235e-01	1.621997179398483868e-01	7.622501398573175435e-02	3.171585613774486473e-02	8.309210747763766391e-02
1.296522417259616077e+03	2.356885090333148136e-01	1.505009382843589816e-01	2.599434047387068070e-01	1.624677741400003539e-01	7.633338110271252475e-02	3.179822106135749699e-02	8.326777163908168078e-02
1.301360187473271253e+03	2.350841650608239408e-01	1.500806540524140531e-01	2.603370036879758542e-01	1.627346534218875318e-01	7.644156375784652568e-02	3.188015836855740553e-02	8.344180165002727800e-02
1.306197957686926657e+03	2.344833618154774646e-01	1.496628308592011791e-01	2.607280189018774119e-01	1.630003271858058989e-01	7.654954064927645130e-02	3.196167078408852780e-02	8.361424980380562089e-02
1.311035727900581833e+03	2.338860790430421221e-01	1.492474549024476183e-01	2.611164785718282366e-01	1.632647697045464252e-01	7.665729181389438485e-02	3.204276098183782284e-02	8.378516498193598616e-02
1.315873498114237009e+03	2.332922965798349402e-01	1.488345124015025278e-01	2.615024100766539239e-01	1.635279579067044908e-01	7.676479854939934067e-02	3.212343158558234046e-02	8.395459289985507390e-02
1.320711268327892412e+03	2.327019943538294056e-01	1.484239896017990334e-01	2.618858400222754956e-01	1.637898711758706827e-01	7.687204334108256598e-02	3.220368516984418311e-02	8.412257633483130603e-02
1.325549038541547588e+03	2.321151523856556653e-01	1.480158727789501194e-01	2.622667942791476192e-01	1.640504911645467301e-01	7.697900979304031499e-02	3.228352426083739429e-02	8.428915533735480137e-02
1.330386808755202765e+03	2.315317507895020832e-01	1.476101482425045963e-01	2.626452980175855156e-01	1.643098016217150459e-01	7.708568256353393044e-02	3.236295133749182706e-02	8.445436742719970857e-02
1.335224578968857941e+03	2.309517697739242037e-01	1.472068023393887926e-01	2.630213757411071218e-01	1.645677882330671138e-01	7.719204730423526173e-02	3.244196883254100994e-02	8.461824777526920360e-02
1.340062349182513572e+03	2.303751896425674239e-01	1.468058214570571174e-01	2.633950513179110220e-01	1.648244384729690148e-01	7.729809060311285118e-02	3.252057913366205449e-02	8.478082937225320248e-02
1.344900119396168748e+03	2.298019907948088969e-01	1.464071920263730342e-01	2.637663480106006708e-01	1.650797414673088048e-01	7.740379993073011333e-02	3.259878458465688411e-02	8.494214318505428907e-02
1.349737889609823924e+03	2.292321537263238562e-01	1.460109005242403446e-01	2.641352885042607679e-01	1.653336878664325438e-01	7.750916358974185849e-02	3.267658748666529139e-02	8.510221830186794068e-02
1.354575659823479100e+03	2.286656590295816915e-01	1.456169334760036016e-01	2.645018949329836500e-01	1.655862697274334272e-01	7.761417066738940385e-02	3.275399009940126865e-02	8.526108206673946310e-02
1.359413430037134731e+03	2.281024873942756326e-01	1.452252774576345273e-01	2.648661889049372387e-01	1.658374804051125084e-01	7.771881099080747701e-02	3.283099464240490234e-02	8.541876020436019179e-02
1.364251200250789907e+03	2.275426196076908991e-01	1.448359190977205613e-01	2.652281915260615297e-01	1.660873144509776023e-01	7.782307508496824622e-02	3.290760329630313535e-02	8.557527693581046258e-02
1.369088970464445310e+03	2.269860365550153414e-01	1.444488450792703604e-01	2.655879234224742258e-01	1.663357675196945329e-01	7.792695413309924657e-02	3.298381820407328413e-02	8.573065508590539674e-02
1.373926740678100487e+03	2.264327192195962068e-01	1.440640421413496575e-01	2.659454047616611749e-01	1.665828362824463005e-01	7.803043993942226919e-02	3.305964147230408545e-02	8.588491618275267969e-02
1.378764510891755890e+03	2.258826486831463087e-01	1.436814970805605218e-01	2.663006552725232789e-01	1.668285183466959032e-01	7.813352489407032753e-02	3.313507517244951295e-02	8.603808055008654865e-02
1.383602281105411066e+03	2.253358061259033429e-01	1.433011967523754593e-01	2.666536942643460972e-01	1.670728121818850498e-01	7.823620194004912709e-02	3.321012134207123462e-02	8.619016739290200069e-02
1.388440051319066470e+03	2.247921728267451846e-01	1.429231280723375908e-01	2.670045406447553726e-01	1.673157170506350266e-01	7.833846454211763899e-02	3.328478198606624194e-02	8.634119487687520744e-02
1.393277821532721646e+03	2.242517301632640792e-01	1.425472780171367637e-01	2.673532129367163779e-01	1.675572329450472631e-01	7.844030665747082909e-02	3.335905907787637542e-02	8.649118020202056778e-02
1.398115591746377049e+03	2.237144596118023632e-01	1.421736336255708111e-01	2.676997292946334817e-01	1.677973605277310598e-01	7.854172270811475565e-02	3.343295456067724852e-02	8.664013967100256397e-02
1.402953361960032225e+03	2.231803427474524648e-01	1.418021819994011723e-01	2.680441075196006717e-01	1.680361010772122854e-01	7.864270755483138142e-02	3.350647034854410677e-02	8.678808875249025001e-02
1.407791132173687402e+03	2.226493612440234027e-01	1.414329103041103985e-01	2.683863650738524398e-01	1.682734564374023800e-01	7.874325647263698269e-02	3.357960832759285252e-02	8.693504213991397334e-02
1.412628902387342805e+03	2.221214968739757545e-01	1.410658057695692580e-01	2.687265190944601589e-01	1.685094289708306825e-01	7.884336512764407445e-02	3.365237035709450070e-02	8.708101380595797969e-02
1.417466672600997981e+03	2.215967315083279543e-01	1.407008556906202135e-01	2.690645864063175852e-01	1.687440215153640233e-01	7.894302955524243326e-02	3.372475827056183040e-02	8.722601705309838971e-02
1.422304442814653157e+03	2.210750471165348341e-01	1.403380474275837120e-01	2.694005835344550626e-01	1.689772373441580655e-01	7.904224613952018363e-02	3.379677387680708051e-02	8.737006456047353986e-02
1.427142213028308333e+03	2.205564257663408523e-01	1.399773684066933088e-01	2.697345267157210125e-01	1.692090801286035284e-01	7.914101159385085460e-02	3.386841896096988436e-02	8.751316842735300250e-02
1.431979983241963964e+03	2.200408496236099243e-01	1.396188061204649278e-01	2.700664319098660116e-01	1.694395539040476073e-01	7.923932294257696185e-02	3.393969528551491616e-02	8.765534021345211535e-02
1.436817753455619140e+03	2.195283009521327156e-01	1.392623481280055586e-01	2.703963148100627656e-01	1.696686630380864202e-01	7.933717750372508426e-02	3.401060459119859686e-02	8.779659097632126763e-02
1.441655523669274316e+03	2.190187621134137563e-01	1.389079820552658884e-01	2.707241908528943419e-01	1.698964122012403266e-01	7.943457287269117817e-02	3.408114859800482482e-02	8.793693130602209251e-02
1.446493293882929493e+03	2.185122155664387666e-01	1.385556955952413627e-01	2.710500752278393044e-01	1.701228063398363688e-01	7.953150690683916113e-02	3.415132900604937738e-02	8.807637135728800526e-02
1.451331064096585123e+03	2.180086438674248284e-01	1.382054765081256742e-01	2.713739828862823389e-01	1.703478506509359947e-01	7.962797771095875277e-02	3.422114749645319143e-02	8.821492087935146886e-02
1.456168834310240300e+03	2.175080296695532933e-01	1.378573126214205635e-01	2.716959285500762933e-01	1.705715505591572922e-01	7.972398362353251555e-02	3.429060573218447455e-02	8.835258924360782362e-02
1.461006604523895703e+03	2.170103557226874258e-01	1.375111918300049862e-01	2.720159267196803343e-01	1.707939116952523484e-01	7.981952320376453636e-02	3.435970535886997967e-02	8.848938546927262450e-02
1.465844374737550879e+03	2.165156048730759175e-01	1.371671020961675036e-01	2.723339916818975914e-01	1.710149398763104733e-01	7.991459521932654797e-02	3.442844800557570001e-02	8.862531824717846674e-02
1.470682144951206283e+03	2.160237600630425525e-01	1.368250314496041453e-01	2.726501375172345476e-01	1.712346410874671654e-01	8.000919863477970462e-02	3.449683528555737289e-02	8.876039596184664981e-02
1.475519915164861459e+03	2.155348043306637151e-01	1.364849679873851584e-01	2.729643781069019393e-01	1.714530214650081819e-01	8.010333260063305649e-02	3.456486879698125042e-02	8.889462671195877408e-02
1.480357685378516862e+03	2.150487208094344904e-01	1.361468998738926961e-01	2.732767271394770936e-01	1.716700872807652711e-01	8.019699644300182229e-02	3.463255012361567825e-02	8.902801832934498227e-02
1.485195455592172038e+03	2.145654927279237179e-01	1.358108153407320273e-01	2.735871981172464107e-01	1.718858449277082534e-01	8.029018965383113993e-02	3.469988083549402358e-02	8.916057839659642659e-02
1.490033225805827215e+03	2.140851034094195526e-01	1.354767026866185442e-01	2.738958043622442551e-01	1.721003009066451039e-01	8.038291188165275214e-02	3.476686248954952152e-02	8.929231426340225597e-02
1.494870996019482618e+03	2.136075362715657844e-01	1.351445502772422591e-01	2.742025590220054654e-01	1.723134618139478269e-01	8.047516292284412343e-02	3.483349663022269893e-02	8.942323306170378572e-02
1.499708766233137567e+03	2.131327748259893573e-01	1.348143465451120959e-01	2.745074750750464143e-01	1.725253343302283193e-01	8.056694271336166391e-02	3.489978479004211126e-02	8.955334171975197488e-02
1.504546536446793198e+03	2.126608026779207294e-01	1.344860799893813075e-01	2.748105653360886080e-01	1.727359252098936426e-01	8.065825132092072081e-02	3.496572849017896140e-02	8.968264697514799488e-02
1.509384306660448374e+03	2.121916035258064603e-01	1.341597391756557955e-01	2.751118424610394797e-01	1.729452412715154486e-01	8.074908893759745465e-02	3.503132924097635686e-02	8.981115538694092737e-02
1.514222076874103550e+03	2.117251611609156092e-01	1.338353127357869432e-01	2.754113189517424232e-01	1.731532893889531077e-01	8.083945587282849454e-02	3.509658854245401721e-02	8.993887334685128632e-02
1.519059847087758726e+03	2.112614594669399160e-01	1.335127893676500144e-01	2.757090071605083348e-01	1.733600764831745578e-01	8.092935254678627899e-02	3.516150788478893119e-02	9.006580708968382754e-02
1.523897617301414357e+03	2.108004824195884030e-01	1.331921578349096746e-01	2.760049192944404317e-01	1.735656095147226630e-01	8.101877948410869668e-02	3.522608874877299762e-02	9.019196270298895923e-02
1.528735387515069533e+03	2.103422140861768985e-01	1.328734069667738271e-01	2.762990674195626717e-01	1.737698954767793458e-01	8.110773730796358438e-02	3.529033260624808710e-02	9.031734613602736272e-02
1.533573157728724709e+03	2.098866386252131178e-01	1.325565256577362627e-01	2.765914634647626547e-01	1.739729413887824983e-01	8.119622673442923599e-02	3.535424092051948214e-02	9.044196320808846334e-02
1.538410927942380113e+03	2.094337402859773878e-01	1.322415028673102344e-01	2.768821192255578323e-01	1.741747542905546509e-01	8.128424856717325619e-02	3.541781514674832015e-02	9.056581961621007482e-02
1.543248698156035516e+03	2.089835034080994858e-01	1.319283276197525945e-01	2.771710463676944070e-01	1.743753412369050959e-01	8.137180369241370226e-02	3.548105673232378882e-02	9.068892094234264067e-02
1.548086468369690692e+03	2.085359124211323967e-01	1.316169890037804935e-01	2.774582564305883570e-01	1.745747092926696331e-01	8.145889307414627689e-02	3.554396711721578145e-02	9.081127265999880405e-02
1.552924238583346096e+03	2.080909518441224626e-01	1.313074761722805017e-01	2.777437608306150829e-01	1.747728655281556576e-01	8.154551774962365274e-02	3.560654773430874109e-02	9.093288014042558154e-02
1.557762008797001272e+03	2.076486062851773673e-01	1.309997783420116524e-01	2.780275708642569454e-01	1.749698170149617538e-01	8.163167882507250950e-02	3.566880000971738018e-02	9.105374865833405773e-02
1.562599779010656675e+03	2.072088604410311230e-01	1.306938847933024894e-01	2.783096977111147452e-01	1.751655708221436236e-01	8.171737747163564103e-02	3.573072536308501135e-02	9.117388339721896329e-02
1.567437549224311852e+03	2.067716990966073642e-01	1.303897848697431194e-01	2.785901524367907500e-01	1.753601340127005637e-01	8.180261492152679503e-02	3.579232520786499588e-02	9.129328945429790454e-02
1.572275319437967255e+03	2.063371071245805322e-01	1.300874679778726284e-01	2.788689459956495975e-01	1.755535136403577612e-01	8.188739246438658803e-02	3.585360095158623972e-02	9.141197184509812501e-02
1.577113089651622431e+03	2.059050694849353380e-01	1.297869235868625293e-01	2.791460892334627353e-01	1.757457167466226211e-01	8.197171144382872643e-02	3.591455399610312543e-02	9.152993550771638953e-02
1.581950859865277607e+03	2.054755712245249777e-01	1.294881412281965738e-01	2.794215928899430601e-01	1.759367503580940018e-01	8.205557325416619474e-02	3.597518573783069218e-02	9.164718530677595787e-02
1.586788630078933011e+03	2.050485974766283193e-01	1.291911104953476774e-01	2.796954676011744190e-01	1.761266214840049305e-01	8.213897933730779366e-02	3.603549756796554926e-02	9.176372603710276910e-02
1.591626400292587959e+03	2.046241334605058970e-01	1.288958210434519303e-01	2.799677239019416342e-01	1.763153371139818681e-01	8.222193117981574373e-02	3.609549087269321027e-02	9.187956242714120925e-02
1.596464170506243590e+03	2.042021644809551839e-01	1.286022625889805537e-01	2.802383722279657707e-01	1.765029042160029815e-01	8.230443031011594468e-02	3.615516703338243071e-02	9.199469914212861366e-02
1.601301940719898766e+03	2.037826759278655031e-01	1.283104249094097205e-01	2.805074229180495315e-01	1.766893297345410452e-01	8.238647829585252214e-02	3.621452742676699310e-02	9.210914078704610097e-02
1.606139710933553943e+03	2.033656532757723012e-01	1.280202978428889027e-01	2.807748862161371095e-01	1.768746205888762912e-01	8.246807674137908439e-02	3.627357342511568911e-02	9.222289190936198977e-02
1.610977481147209119e+03	2.029510820834114215e-01	1.277318712879078888e-01	2.810407722732920499e-01	1.770587836715664387e-01	8.254922728537959775e-02	3.633230639639084547e-02	9.233595700158302166e-02
1.615815251360864750e+03	2.025389479932731551e-01	1.274451352029628004e-01	2.813050911495983963e-01	1.772418258470617458e-01	8.262993159861169168e-02	3.639072770439601145e-02	9.244834050362747691e-02
1.620653021574519926e+03	2.021292367311563476e-01	1.271600796062211380e-01	2.815678528159875071e-01	1.774237539504537053e-01	8.271019138176620433e-02	3.644883870891330035e-02	9.256004680503311655e-02
1.625490791788175102e+03	2.017219341057229498e-01	1.268766945751865771e-01	2.818290671559947058e-01	1.776045747863474744e-01	8.279000836343676506e-02	3.650664076583082229e-02	9.267108024701202484e-02
1.630328562001830505e+03	2.013170260080525964e-01	1.265949702463632642e-01	2.820887439674496511e-01	1.777842951278478800e-01	8.286938429819364071e-02	3.656413522726072174e-02	9.278144512436360680e-02
1.635166332215485909e+03	2.009144984111978505e-01	1.263148968149199747e-01	2.823468929641024250e-01	1.779629217156504795e-01	8.294832096475630856e-02	3.662132344164824305e-02	9.289114568725601040e-02
1.640004102429141085e+03	2.005143373697400588e-01	1.260364645343543810e-01	2.826035237771893915e-01	1.781404612572294321e-01	8.302682016425988465e-02	3.667820675387227503e-02	9.300018614288572960e-02
1.644841872642796488e+03	2.001165290193457902e-01	1.257596637161575714e-01	2.828586459569412126e-01	1.783169204261145779e-01	8.310488371861014800e-02	3.673478650533779089e-02	9.310857065702414503e-02
1.649679642856451665e+03	1.997210595763239116e-01	1.254844847294787347e-01	2.831122689740354637e-01	1.784923058612504498e-01	8.318251346892274745e-02	3.679106403406056519e-02	9.321630335545934287e-02
1.654517413070107068e+03	1.993279153371838863e-01	1.252109180007906220e-01	2.833644022209975133e-01	1.786666241664313093e-01	8.325971127404241390e-02	3.684704067474459804e-02	9.332338832534090023e-02
1.659355183283762244e+03	1.989370826781946822e-01	1.249389540135554394e-01	2.836150550135508874e-01	1.788398819098053205e-01	8.333647900913768169e-02	3.690271775885260036e-02	9.342982961643464535e-02
1.664192953497417420e+03	1.985485480549449566e-01	1.246685833078916422e-01	2.838642365919200050e-01	1.790120856234433122e-01	8.341281856436746911e-02	3.695809661466983170e-02	9.353563124229401227e-02
1.669030723711072824e+03	1.981622980019043523e-01	1.243997964802414230e-01	2.841119561220875056e-01	1.791832418029661034e-01	8.348873184361582656e-02	3.701317856736182493e-02	9.364079718135408237e-02
1.673868493924728000e+03	1.977783191319857359e-01	1.241325841830393101e-01	2.843582226970084448e-01	1.793533569072262301e-01	8.356422076329124426e-02	3.706796493902610179e-02	9.374533137795401649e-02
1.678706264138383403e+03	1.973965981361090194e-01	1.238669371243816819e-01	2.846030453377824121e-01	1.795224373580393273e-01	8.363928725118732754e-02	3.712245704873835817e-02	9.384923774329297086e-02
1.683544034352038352e+03	1.970171217827659527e-01	1.236028460676974888e-01	2.848464329947869023e-01	1.796904895399613067e-01	8.371393324540159220e-02	3.717665621259333419e-02	9.395252015632447884e-02
1.688381804565693983e+03	1.966398769175866645e-01	1.233403018314201544e-01	2.850883945487724391e-01	1.798575198001075015e-01	8.378816069330961847e-02	3.723056374374075078e-02	9.405518246459383669e-02
1.693219574779349159e+03	1.962648504629073143e-01	1.230792952886607117e-01	2.853289388119221170e-01	1.800235344480104471e-01	8.386197155059153807e-02	3.728418095241649299e-02	9.415722848502239284e-02
1.698057344993004335e+03	1.958920294173394361e-01	1.228198173668822168e-01	2.855680745288759481e-01	1.801885397555127444e-01	8.393536778030828704e-02	3.733750914596938725e-02	9.425866200464295963e-02
1.702895115206659511e+03	1.955214008553406990e-01	1.225618590475757164e-01	2.858058103777235126e-01	1.803525419566923971e-01	8.400835135202520954e-02	3.739054962888380823e-02	9.435948678128962264e-02
1.707732885420315142e+03	1.951529519267871937e-01	1.223054113659373943e-01	2.860421549709641909e-01	1.805155472478178202e-01	8.408092424098052853e-02	3.744330370279833758e-02	9.445970654424548640e-02
1.712570655633970318e+03	1.947866698565474675e-01	1.220504654105474124e-01	2.862771168564379742e-01	1.806775617873298545e-01	8.415308842729626870e-02	3.749577266652074498e-02	9.455932499485127096e-02
1.717408425847625494e+03	1.944225419440581137e-01	1.217970123230500551e-01	2.865107045182270773e-01	1.808385916958486495e-01	8.422484589522992449e-02	3.754795781603952054e-02	9.465834580707764567e-02
1.722246196061280898e+03	1.940605555629011103e-01	1.215450432978356088e-01	2.867429263775307380e-01	1.809986430562029458e-01	8.429619863246441691e-02	3.759986044453209053e-02	9.475677262806403434e-02
1.727083966274936301e+03	1.937006981603827949e-01	1.212945495817236846e-01	2.869737907935131505e-01	1.811577219134803685e-01	8.436714862943459070e-02	3.765148184237008394e-02	9.485460907862622304e-02
1.731921736488591478e+03	1.933429572571145894e-01	1.210455224736481927e-01	2.872033060641268620e-01	1.813158342750960383e-01	8.443769787868850296e-02	3.770282329712169866e-02	9.495185875373499118e-02
1.736759506702246881e+03	1.929873204465955838e-01	1.207979533243439541e-01	2.874314804269114676e-01	1.814729861108788089e-01	8.450784837428157448e-02	3.775388609355140312e-02	9.504852522296804163e-02
1.741597276915902057e+03	1.926337753947968412e-01	1.205518335360348803e-01	2.876583220597700441e-01	1.816291833531725741e-01	8.457760211120228522e-02	3.780467151361717459e-02	9.514461203093704800e-02
1.746435047129557461e+03	1.922823098397475894e-01	1.203071545621239857e-01	2.878838390817228809e-01	1.817844318969520645e-01	8.464696108482738790e-02	3.785518083646544074e-02	9.524012269769156769e-02
1.751272817343212637e+03	1.919329115911231343e-01	1.200639079068848564e-01	2.881080395536405603e-01	1.819387375999512446e-01	8.471592729040565428e-02	3.790541533842387012e-02	9.533506071910162472e-02
1.756110587556867813e+03	1.915855685298348265e-01	1.198220851251550340e-01	2.883309314789567201e-01	1.820921062828033676e-01	8.478450272256847497e-02	3.795537629299215732e-02	9.542942956722043346e-02
1.760948357770523216e+03	1.912402686076217773e-01	1.195816778220309545e-01	2.885525228043611667e-01	1.822445437291913828e-01	8.485268937486599439e-02	3.800506497083098317e-02	9.552323269062870659e-02
1.765786127984178393e+03	1.908969998466443774e-01	1.193426776525647048e-01	2.887728214204752231e-01	1.823960556860079185e-01	8.492048923932764282e-02	3.805448263974927497e-02	9.561647351476178225e-02
1.770623898197833569e+03	1.905557503390800655e-01	1.191050763214624580e-01	2.889918351625082038e-01	1.825466478635235923e-01	8.498790430604578894e-02	3.810363056468988457e-02	9.570915544222102778e-02
1.775461668411488745e+03	1.902165082467206225e-01	1.188688655827845886e-01	2.892095718108973479e-01	1.826963259355629532e-01	8.505493656278133308e-02	3.815251000771385098e-02	9.580128185307032473e-02
1.780299438625144376e+03	1.898792618005717692e-01	1.186340372396476744e-01	2.894260390919317638e-01	1.828450955396871969e-01	8.512158799459031144e-02	3.820112222798331680e-02	9.589285610511903701e-02
1.785137208838799552e+03	1.895439993004543744e-01	1.184005831439280537e-01	2.896412446783599992e-01	1.829929622773829312e-01	8.518786058347027623e-02	3.824946848174327896e-02	9.598388153419216973e-02
1.789974979052454728e+03	1.892107091146078279e-01	1.181684951959672686e-01	2.898551961899829554e-01	1.831399317142563266e-01	8.525375630802575766e-02	3.829755002230220834e-02	9.607436145438874586e-02
1.794812749266109904e+03	1.888793796792954949e-01	1.179377653442792301e-01	2.900679011942319252e-01	1.832860093802319290e-01	8.531927714315158673e-02	3.834536810001167029e-02	9.616429915832924724e-02
1.799650519479765535e+03	1.885499994984117245e-01	1.177083855852590344e-01	2.902793672067332520e-01	1.834312007697556646e-01	8.538442505973339869e-02	3.839292396224511933e-02	9.625369791739279979e-02
1.804488289693420711e+03	1.882225571430913291e-01	1.174803479628935970e-01	2.904896016918593338e-01	1.835755113420015905e-01	8.544920202436447065e-02	3.844021885337581962e-02	9.634256098194489415e-02
1.809326059907075887e+03	1.878970412513207289e-01	1.172536445684740081e-01	2.906986120632665815e-01	1.837189465210814499e-01	8.551360999907792193e-02	3.848725401475408536e-02	9.643089158155628005e-02
1.814163830120731291e+03	1.875734405275512051e-01	1.170282675403096634e-01	2.909064056844213320e-01	1.838615116962573348e-01	8.557765094109386073e-02	3.853403068468390369e-02	9.651869292521372823e-02
1.819001600334386467e+03	1.872517437423141529e-01	1.168042090634440200e-01	2.911129898691140472e-01	1.840032122221563482e-01	8.564132680258039476e-02	3.858055009839897465e-02	9.660596820152306252e-02
1.823839370548041643e+03	1.869319397318382758e-01	1.165814613693722246e-01	2.913183718819616908e-01	1.841440534189873190e-01	8.570463953042806171e-02	3.862681348803832099e-02	9.669272057890511418e-02
1.828677140761696819e+03	1.866140173976688077e-01	1.163600167357603243e-01	2.915225589388992233e-01	1.842840405727590725e-01	8.576759106603694394e-02	3.867282208262144000e-02	9.677895320578509819e-02
1.833514910975352450e+03	1.862979657062887595e-01	1.161398674861663233e-01	2.917255582076609399e-01	1.844231789354999762e-01	8.583018334511598180e-02	3.871857710802317082e-02	9.686466921077573067e-02
1.838352681189008081e+03	1.859837736887421655e-01	1.159210059897628348e-01	2.919273768082508713e-01	1.845614737254783755e-01	8.589241829749362511e-02	3.876407978694824952e-02	9.694987170285472577e-02
1.843190451402663257e+03	1.856714304402592997e-01	1.157034246610615241e-01	2.921280218134041928e-01	1.846989301274238604e-01	8.595429784693957298e-02	3.880933133890566988e-02	9.703456377153676926e-02
1.848028221616318433e+03	1.853609251198839181e-01	1.154871159596391611e-01	2.923275002490385299e-01	1.848355532927489775e-01	8.601582391099685254e-02	3.885433298018284992e-02	9.711874848704059315e-02
1.852865991829973609e+03	1.850522469501024170e-01	1.152720723898655181e-01	2.925258190946966597e-01	1.849713483397712188e-01	8.607699840082395915e-02	3.889908592381975672e-02	9.720242890045134587e-02
1.857703762043628785e+03	1.847453852164752386e-01	1.150582865006327254e-01	2.927229852839801638e-01	1.851063203539350110e-01	8.613782322104628075e-02	3.894359137958290640e-02	9.728560804387859084e-02
1.862541532257283961e+03	1.844403292672698591e-01	1.148457508850865283e-01	2.929190057049745333e-01	1.852404743880337046e-01	8.619830026961658453e-02	3.898785055393935717e-02	9.736828893061025281e-02
1.867379302470939592e+03	1.841370685130962748e-01	1.146344581803590418e-01	2.931138872006666674e-01	1.853738154624312018e-01	8.625843143768414933e-02	3.903186465003079253e-02	9.745047455526265057e-02
1.872217072684594768e+03	1.838355924265439867e-01	1.144244010673032413e-01	2.933076365693536580e-01	1.855063485652832245e-01	8.631821860947190561e-02	3.907563486764760452e-02	9.753216789392707420e-02
1.877054842898249490e+03	1.835358905418212894e-01	1.142155722702291598e-01	2.935002605650448015e-01	1.856380786527579985e-01	8.637766366216145797e-02	3.911916240320315041e-02	9.761337190431285116e-02
1.881892613111905121e+03	1.832379524543964466e-01	1.140079645566415001e-01	2.936917658978555612e-01	1.857690106492561888e-01	8.643676846578539352e-02	3.916244844970808575e-02	9.769408952588748418e-02
1.886730383325560297e+03	1.829417678206408104e-01	1.138015707369792184e-01	2.938821592343949796e-01	1.858991494476302797e-01	8.649553488312673732e-02	3.920549419674494024e-02	9.777432368001362506e-02
1.891568153539215928e+03	1.826473263574740769e-01	1.135963836643563984e-01	2.940714471981459854e-01	1.860284999094028446e-01	8.655396476962498586e-02	3.924830083044287404e-02	9.785407727008336998e-02
1.896405923752871104e+03	1.823546178420112351e-01	1.133923962343049568e-01	2.942596363698390394e-01	1.861570668649839277e-01	8.661205997328864925e-02	3.929086953345268390e-02	9.793335318165000136e-02
1.901243693966526507e+03	1.820636321112116540e-01	1.131896013845188620e-01	2.944467332878196175e-01	1.862848551138873987e-01	8.666982233461373308e-02	3.933320148492204515e-02	9.801215428255716233e-02
1.906081464180181683e+03	1.817743590615301386e-01	1.129879920945999761e-01	2.946327444484092561e-01	1.864118694249461416e-01	8.672725368650811839e-02	3.937529786047110764e-02	9.809048342306575519e-02
1.910919234393836859e+03	1.814867886485699855e-01	1.127875613858054238e-01	2.948176763062605454e-01	1.865381145365261617e-01	8.678435585422132614e-02	3.941715983216832753e-02	9.816834343597873047e-02
1.915757004607492036e+03	1.812009108867376206e-01	1.125883023207966266e-01	2.950015352747067943e-01	1.866635951567394425e-01	8.684113065527965247e-02	3.945878856850670163e-02	9.824573713676372499e-02
1.920594774821147894e+03	1.809167158488997618e-01	1.123902080033898215e-01	2.951843277261054221e-01	1.867883159636552770e-01	8.689757989942620275e-02	3.950018523438032086e-02	9.832266732367377082e-02
1.925432545034802843e+03	1.806341936660419978e-01	1.121932715783082457e-01	2.953660599921764107e-01	1.869122816055107106e-01	8.695370538856568576e-02	3.954135099106129841e-02	9.839913677786620017e-02
1.930270315248458019e+03	1.803533345269296151e-01	1.119974862309356806e-01	2.955467383643352597e-01	1.870354967009191516e-01	8.700950891671381526e-02	3.958228699617711427e-02	9.847514826351977391e-02
1.935108085462113195e+03	1.800741286777701733e-01	1.118028451870717449e-01	2.957263690940211687e-01	1.871579658390780110e-01	8.706499226995086105e-02	3.962299440368835524e-02	9.855070452795015867e-02
1.939945855675768371e+03	1.797965664218779958e-01	1.116093417126885062e-01	2.959049583930192795e-01	1.872796935799745655e-01	8.712015722637946047e-02	3.966347436386682968e-02	9.862580830172380797e-02
1.944783625889424002e+03	1.795206381193407419e-01	1.114169691136887713e-01	2.960825124337794212e-01	1.874006844545905992e-01	8.717500555608623247e-02	3.970372802327420264e-02	9.870046229877038613e-02
1.949621396103079178e+03	1.792463341866877002e-01	1.112257207356658478e-01	2.962590373497294705e-01	1.875209429651054915e-01	8.722953902110716640e-02	3.974375652474097798e-02	9.877466921649373510e-02
1.954459166316734354e+03	1.789736450965598302e-01	1.110355899636647214e-01	2.964345392355839937e-01	1.876404735850978056e-01	8.728375937539649410e-02	3.978356100734601469e-02	9.884843173588148124e-02
1.959296936530389530e+03	1.787025613773821908e-01	1.108465702219448012e-01	2.966090241476490585e-01	1.877592807597454616e-01	8.733766836479898987e-02	3.982314260639648745e-02	9.892175252161335142e-02
1.964134706744044706e+03	1.784330736130376183e-01	1.106586549737441361e-01	2.967824981041224386e-01	1.878773689060242447e-01	8.739126772702540680e-02	3.986250245340824949e-02	9.899463422216825403e-02
1.968972476957700337e+03	1.781651724425428462e-01	1.104718377210450186e-01	2.969549670853895429e-01	1.879947424129049527e-01	8.744455919163102164e-02	3.990164167608679230e-02	9.906707946993013880e-02
1.973810247171355968e+03	1.778988485597259306e-01	1.102861120043411997e-01	2.971264370343157935e-01	1.881114056415489622e-01	8.749754447999709417e-02	3.994056139830860080e-02	9.913909088129273239e-02
1.978648017385010689e+03	1.776340927129060332e-01	1.101014714024063645e-01	2.972969138565344505e-01	1.882273629255023228e-01	8.755022530531500480e-02	3.997926274010302206e-02	9.921067105676319164e-02
1.983485787598666320e+03	1.773708957045746770e-01	1.099179095320642063e-01	2.974664034207309959e-01	1.883426185708880485e-01	8.760260337257308461e-02	4.001774681763464042e-02	9.928182258106466040e-02
1.988323557812321269e+03	1.771092483910789994e-01	1.097354200479598307e-01	2.976349115589240202e-01	1.884571768565974081e-01	8.765468037854597105e-02	4.005601474318616628e-02	9.935254802323786882e-02
1.993161328025976900e+03	1.768491416823067819e-01	1.095539966423326739e-01	2.978024440667418338e-01	1.885710420344791083e-01	8.770645801178630907e-02	4.009406762514178962e-02	9.942284993674167792e-02
1.997999098239632076e+03	1.765905665413733394e-01	1.093736330447906552e-01	2.979690067036962486e-01	1.886842183295274200e-01	8.775793795261867258e-02	4.013190656797106098e-02	9.949273085955274987e-02
2.002836868453287707e+03	1.763335139843101862e-01	1.091943230220859540e-01	2.981346051934521957e-01	1.887967099400684745e-01	8.780912187313576200e-02	4.016953267221327201e-02	9.956219331426427455e-02
2.007674638666942428e+03	1.760779750797554777e-01	1.090160603778919934e-01	2.982992452240948444e-01	1.889085210379451429e-01	8.786001143719651685e-02	4.020694703446234253e-02	9.963123980818372472e-02
2.012512408880597604e+03	1.758239409486462290e-01	1.088388389525819649e-01	2.984629324483928370e-01	1.890196557687006118e-01	8.791060830042625451e-02	4.024415074735224196e-02	9.969987283342993112e-02
2.017350179094252780e+03	1.755714027639123098e-01	1.086626526230085460e-01	2.986256724840583021e-01	1.891301182517600987e-01	8.796091411021866868e-02	4.028114489954287558e-02	9.976809486702918617e-02
2.022187949307908411e+03	1.753203517501724373e-01	1.084874953022851585e-01	2.987874709140044271e-01	1.892399125806113469e-01	8.801093050573956245e-02	4.031793057570652594e-02	9.983590837101052884e-02
2.027025719521564042e+03	1.750707791834315019e-01	1.083133609395684621e-01	2.989483332865991438e-01	1.893490428229835654e-01	8.806065911793219125e-02	4.035450885651474529e-02	9.990331579250034955e-02
2.031863489735218764e+03	1.748226763907800296e-01	1.081402435198422357e-01	2.991082651159165939e-01	1.894575130210247593e-01	8.811010156952440997e-02	4.039088081862581697e-02	9.997031956381610684e-02
2.036701259948874394e+03	1.745760347500951715e-01	1.079681370637025906e-01	2.992672718819851529e-01	1.895653271914779781e-01	8.815925947503702731e-02	4.042704753467266793e-02	1.000369221025593641e-01
2.041539030162529116e+03	1.743308456897434966e-01	1.077970356271445718e-01	2.994253590310330115e-01	1.896724893258555922e-01	8.820813444079389498e-02	4.046301007325131538e-02	1.001031258117080908e-01
2.046376800376184747e+03	1.740871006882854788e-01	1.076269333013499391e-01	2.995825319757308147e-01	1.897790033906125995e-01	8.825672806493313483e-02	4.049876949890981320e-02	1.001689330797082139e-01
2.051214570589840150e+03	1.738447912741818424e-01	1.074578242124763355e-01	2.997387960954316366e-01	1.898848733273182376e-01	8.830504193741979535e-02	4.053432687213766317e-02	1.002343462805644625e-01
2.056052340803495554e+03	1.736039090255013795e-01	1.072897025214478578e-01	2.998941567364083460e-01	1.899901030528263202e-01	8.835307764005971565e-02	4.056968324935576048e-02	1.002993677739306144e-01
2.060890111017150957e+03	1.733644455696306819e-01	1.071225624237467366e-01	3.000486192120883078e-01	1.900946964594439903e-01	8.840083674651447176e-02	4.060483968290679729e-02	1.003639999051989390e-01
