1.112687149140715292e+03	2.615494963674280249e-01	1.685053619962865179e-01	2.427817590134644932e-01	1.523376275003714420e-01	7.286456603929264420e-02	2.817567789368560088e-02	7.378551118899945305e-02
1.117524919354370468e+03	2.607951381072339259e-01	1.679812375714865302e-01	2.433069841159198055e-01	1.525462158508371080e-01	7.291550577371830322e-02	2.827979352514353728e-02	7.417512505518895904e-02
1.122362689568025871e+03	2.600450693558475912e-01	1.674599725975294828e-01	2.438271848029990307e-01	1.527631020436891474e-01	7.297101351100725164e-02	2.838330930897775203e-02	7.455034837947779880e-02
1.127200459781681047e+03	2.592992732409258316e-01	1.669415677116008190e-01	2.443424989599108643e-01	1.529875279842073665e-01	7.303076802562372127e-02	2.848622525561079685e-02	7.491213882164868276e-02
1.132038229995336451e+03	2.585577324742943106e-01	1.664260222423239455e-01	2.448530571430986291e-01	1.532187917487781159e-01	7.309446889844227468e-02	2.858854200671525139e-02	7.526138548587553434e-02
1.136876000208991627e+03	2.578204293880136388e-01	1.659133343127654481e-01	2.453589830403498095e-01	1.534562435129973867e-01	7.316183512819020296e-02	2.869026076568548592e-02	7.559891385152604781e-02
1.141713770422646803e+03	2.570873459679597350e-01	1.654035009359332009e-01	2.458603939003657368e-01	1.536992817734423866e-01	7.323260383809569729e-02	2.879138323418220513e-02	7.592549034954899911e-02
1.146551540636302207e+03	2.563584638850903707e-01	1.648965181033097971e-01	2.463574009338811155e-01	1.539473498419796083e-01	7.330652907109691530e-02	2.889191155426669086e-02	7.624182660990345972e-02
1.151389310849957155e+03	2.556337645245578827e-01	1.643923808669233988e-01	2.468501096882774193e-01	1.541999325929952203e-01	7.338338066743582688e-02	2.899184825567834370e-02	7.654858340365980340e-02
1.156227081063612786e+03	2.549132290128172107e-01	1.638910834154233553e-01	2.473386203974986819e-01	1.544565534453444799e-01	7.346294321889627887e-02	2.909119620784312785e-02	7.684637430170480898e-02
1.161064851277267962e+03	2.541968382428664852e-01	1.633926191445927989e-01	2.478230283089523367e-01	1.547167715621243222e-01	7.354501509435050488e-02	2.918995857623193912e-02	7.713576907040957387e-02
1.165902621490923138e+03	2.534845728977495050e-01	1.628969807227010624e-01	2.483034239889610750e-01	1.549801792525887789e-01	7.362940753165439500e-02	2.928813878271703183e-02	7.741729682315609540e-02
1.170740391704578315e+03	2.527764134724397316e-01	1.624041601510678723e-01	2.487798936082220302e-01	1.552463995616535364e-01	7.371594379128085239e-02	2.938574046960160460e-02	7.769144894526230916e-02
1.175578161918233945e+03	2.520723402942163793e-01	1.619141488201859824e-01	2.492525192086300356e-01	1.555150840334821871e-01	7.380445836740537335e-02	2.948276746702262890e-02	7.795868180858543661e-02
1.180415932131889122e+03	2.513723335416366278e-01	1.614269375617230218e-01	2.497213789527258643e-01	1.557859106366185353e-01	7.389479625245919114e-02	2.957922376344995774e-02	7.821941929091480450e-02
1.185253702345544298e+03	2.506763732622001584e-01	1.609425166967008991e-01	2.501865473569446774e-01	1.560585818390300417e-01	7.398681225144575213e-02	2.967511347902629382e-02	7.847405511418015234e-02
1.190091472559199701e+03	2.499844393887953042e-01	1.604608760801291834e-01	2.506480955097571961e-01	1.563328228222642946e-01	7.408037034257600184e-02	2.977044084151220932e-02	7.872295501449379229e-02
1.194929242772855105e+03	2.492965117550105247e-01	1.599820051423485046e-01	2.511060912757216990e-01	1.566083798246971359e-01	7.417534308102056995e-02	2.986521016461880090e-02	7.896645875611077448e-02
1.199767012986510281e+03	2.486125701093881979e-01	1.595058929273232007e-01	2.515605994863940875e-01	1.568850186045714912e-01	7.427161104280072257e-02	2.995942582852739386e-02	7.920488200052290539e-02
1.204604783200165684e+03	2.479325941286934787e-01	1.590325281281030345e-01	2.520116821189780643e-01	1.571625230141952545e-01	7.436906230604956036e-02	3.005309226241145021e-02	7.943851804109715309e-02
1.209442553413820860e+03	2.472565634302648641e-01	1.585618991196597605e-01	2.524593984635365995e-01	1.574406936772869692e-01	7.446759196706825845e-02	3.014621392879019909e-02	7.966763941292130669e-02
1.214280323627476264e+03	2.465844575835091923e-01	1.580939939892885282e-01	2.529038052795299363e-01	1.577193467620347789e-01	7.456710168878293021e-02	3.023879530955701084e-02	7.989249938682567442e-02
1.219118093841131440e+03	2.459162561205991415e-01	1.576288005647503432e-01	2.533449569423916192e-01	1.579983128429686967e-01	7.466749927937481324e-02	3.033084089353777629e-02	8.011333335590563320e-02
1.223955864054786844e+03	2.452519385464274615e-01	1.571663064403201471e-01	2.537829055808070722e-01	1.582774358452428975e-01	7.476869829901269804e-02	3.042235516544612370e-02	8.033036012227162681e-02
1.228793634268442020e+03	2.445914843478680656e-01	1.567064990008915637e-01	2.542177012053115082e-01	1.585565720653850097e-01	7.487061769276047440e-02	3.051334259611275176e-02	8.054378309119865353e-02
1.233631404482097196e+03	2.439348730023912504e-01	1.562493654442800584e-01	2.546493918287834890e-01	1.588355892629978450e-01	7.497318144786786764e-02	3.060380763387602482e-02	8.075379137933154372e-02
1.238469174695752372e+03	2.432820839860763140e-01	1.557948928018549617e-01	2.550780235793703166e-01	1.591143658182948284e-01	7.507631827377697631e-02	3.069375469702995476e-02	8.096056084312475143e-02
1.243306944909407548e+03	2.426330967810626793e-01	1.553430679576218720e-01	2.555036408063448006e-01	1.593927899507197876e-01	7.517996130329361593e-02	3.078318816723403864e-02	8.116425503325123969e-02
1.248144715123063179e+03	2.419878908824768804e-01	1.548938776658680683e-01	2.559262861793595856e-01	1.596707589942431005e-01	7.528404781348023433e-02	3.087211238379715741e-02	8.136502608030304895e-02
1.252982485336718355e+03	2.413464458048710792e-01	1.544473085674753776e-01	2.563460007815318575e-01	1.599481787252431120e-01	7.538851896492780591e-02	3.096053163875479505e-02	8.156301551672405503e-02
1.257820255550373531e+03	2.407087410882057799e-01	1.540033472049975871e-01	2.567628241967644387e-01	1.602249627391774955e-01	7.549331955815723194e-02	3.104845017266547394e-02	8.175835503956009609e-02
1.262658025764028707e+03	2.400747563034073551e-01	1.535619800365921606e-01	2.571767945916788589e-01	1.605010318725212937e-01	7.559839780598744119e-02	3.113587217105833957e-02	8.195116721828257789e-02
1.267495795977684338e+03	2.394444710575288626e-01	1.531231934488898883e-01	2.575879487925133438e-01	1.607763136667025861e-01	7.570370512078834768e-02	3.122280176146939937e-02	8.214156615163556441e-02
1.272333566191339514e+03	2.388178649985406299e-01	1.526869737688796302e-01	2.579963223573120135e-01	1.610507418710022953e-01	7.580919591561141591e-02	3.130924301100913160e-02	8.232965807717287920e-02
1.277171336404994690e+03	2.381949178197755035e-01	1.522533072748804839e-01	2.584019496437119368e-01	1.613242559816027710e-01	7.591482741826045821e-02	3.139519992440891610e-02	8.251554193688795391e-02
1.282009106618650094e+03	2.375756092640517458e-01	1.518221802066672677e-01	2.588048638726128114e-01	1.615968008141729362e-01	7.602055949743012631e-02	3.148067644249818303e-02	8.269930990209491128e-02
1.286846876832305497e+03	2.369599191274949501e-01	1.513935787748119377e-01	2.592050971879950039e-01	1.618683261075658797e-01	7.612635450009981597e-02	3.156567644106812037e-02	8.288104786049223238e-02
1.291684647045960673e+03	2.363478272630789301e-01	1.509674891692975585e-01	2.596026807131340819e-01	1.621387861563793054e-01	7.623217709942660403e-02	3.165020373008166354e-02	8.306083586812983144e-02
1.296522417259616077e+03	2.357393135839047082e-01	1.505438975674585622e-01	2.599976446034428235e-01	1.624081394702913961e-01	7.633799415243304465e-02	3.173426205319283822e-02	8.323874856880462969e-02
1.301360187473271253e+03	2.351343580662342836e-01	1.501227901412962862e-01	2.603900180961575828e-01	1.626763484582354480e-01	7.644377456683418282e-02	3.181785508754168823e-02	8.341485558322847549e-02
1.306197957686926657e+03	2.345329407522960818e-01	1.497041530642157781e-01	2.607798295570695202e-01	1.629433791356157679e-01	7.654948917639306516e-02	3.190098644379405629e-02	8.358922187014369842e-02
1.311035727900581833e+03	2.339350417528767156e-01	1.492879725172262528e-01	2.611671065244888235e-01	1.632092008528970017e-01	7.665511062423609190e-02	3.198365966639804547e-02	8.376190806140504375e-02
1.315873498114237009e+03	2.333406412497131821e-01	1.488742346946443640e-01	2.615518757506185565e-01	1.634737860440198254e-01	7.676061325359839760e-02	3.206587823403156401e-02	8.393297077290198804e-02
1.320711268327892412e+03	2.327497194976991535e-01	1.484629258093373705e-01	2.619341632405008391e-01	1.637371099932067309e-01	7.686597300550583600e-02	3.214764556021756925e-02	8.410246289306039236e-02
1.325549038541547588e+03	2.321622568269170184e-01	1.480540320975392010e-01	2.623139942886886233e-01	1.639991506188258341e-01	7.697116732293385333e-02	3.222896499408577087e-02	8.427043385053759050e-02
1.330386808755202765e+03	2.315782336445072753e-01	1.476475398232719172e-01	2.626913935137868972e-01	1.642598882730764709e-01	7.707617506101489824e-02	3.230983982126149623e-02	8.443692986260893651e-02
1.335224578968857941e+03	2.309976304363861588e-01	1.472434352824007475e-01	2.630663848909957636e-01	1.645193055563496098e-01	7.718097640289527106e-02	3.239027326486409314e-02	8.460199416563618513e-02
1.340062349182513572e+03	2.304204277688213787e-01	1.468417048063503094e-01	2.634389917827810179e-01	1.647773871451988226e-01	7.728555278086932101e-02	3.247026848659909093e-02	8.476566722890792327e-02
1.344900119396168748e+03	2.298466062898751050e-01	1.464423347655067487e-01	2.638092369677876303e-01	1.650341196329346283e-01	7.738988680244461571e-02	3.254982858792948575e-02	8.492798695304967782e-02
1.349737889609823924e+03	2.292761467307229406e-01	1.460453115723291950e-01	2.641771426681068791e-01	1.652894913819257239e-01	7.749396218101459177e-02	3.262895661131329922e-02	8.508898885411525503e-02
1.354575659823479100e+03	2.287090299068571808e-01	1.456506216841923218e-01	2.645427305749968871e-01	1.655434923867576957e-01	7.759776367083771886e-02	3.270765554149555193e-02	8.524870623439048667e-02
1.359413430037134731e+03	2.281452367191816599e-01	1.452582516059793827e-01	2.649060218731534855e-01	1.657961141474600941e-01	7.770127700604217980e-02	3.278592830684396581e-02	8.540717034086708903e-02
1.364251200250789907e+03	2.275847481550052342e-01	1.448681878924447664e-01	2.652670372636191098e-01	1.660473495520708165e-01	7.780448884339420668e-02	3.286377778071892380e-02	8.556441051227485495e-02
1.369088970464445310e+03	2.270275452889408407e-01	1.444804171503630552e-01	2.656257969854140533e-01	1.662971927678585093e-01	7.790738670858579629e-02	3.294120678286900639e-02	8.572045431549663030e-02
1.373926740678100487e+03	2.264736092837158488e-01	1.440949260404807697e-01	2.659823208359669011e-01	1.665456391405739922e-01	7.800995894581423673e-02	3.301821808084445808e-02	8.587532767213164331e-02
1.378764510891755890e+03	2.259229213908997835e-01	1.437117012792850923e-01	2.663366281904180899e-01	1.667926851011456990e-01	7.811219467044054621e-02	3.309481439142165915e-02	8.602905497591693817e-02
1.383602281105411066e+03	2.253754629515545838e-01	1.433307296406036158e-01	2.666887380198635915e-01	1.670383280792782366e-01	7.821408372452909319e-02	3.317099838203244749e-02	8.618165920166628857e-02
1.388440051319066470e+03	2.248312153968125005e-01	1.429519979570477717e-01	2.670386689086032828e-01	1.672825664234504628e-01	7.831561663508296300e-02	3.324677267219283694e-02	8.633316200633811555e-02
1.393277821532721646e+03	2.242901602483864665e-01	1.425754931213116250e-01	2.673864390704534522e-01	1.675253993268472352e-01	7.841678457480284747e-02	3.332213983492629539e-02	8.648358382280001144e-02
1.398115591746377049e+03	2.237522791190169336e-01	1.422012020873370530e-01	2.677320663641797882e-01	1.677668267587921758e-01	7.851757932520808669e-02	3.339710239817725995e-02	8.663294394681661514e-02
1.402953361960032225e+03	2.232175537128597287e-01	1.418291118713552457e-01	2.680755683081021967e-01	1.680068494012799396e-01	7.861799324196967753e-02	3.347166284621116289e-02	8.678126061774990574e-02
1.407791132173687402e+03	2.226859658258185937e-01	1.414592095528140470e-01	2.684169620939215739e-01	1.682454685902360081e-01	7.871801922231475013e-02	3.354582362099766540e-02	8.692855109342521869e-02
1.412628902387342805e+03	2.221574973458256830e-01	1.410914822751998532e-01	2.687562645998134991e-01	1.684826862611586984e-01	7.881765067437150607e-02	3.361958712357421969e-02	8.707483171958425860e-02
1.417466672600997981e+03	2.216321302530741000e-01	1.407259172467619224e-01	2.690934924028332009e-01	1.687185048988231462e-01	7.891688148833211902e-02	3.369295571538747508e-02	8.722011799431576839e-02
1.422304442814653157e+03	2.211098466202046087e-01	1.403625017411465892e-01	2.694286617906704318e-01	1.689529274907499712e-01	7.901570600931932808e-02	3.376593171961047440e-02	8.736442462782625928e-02
1.427142213028308333e+03	2.205906286124505733e-01	1.400012230979488514e-01	2.697617887727934982e-01	1.691859574841636515e-01	7.911411901184998985e-02	3.383851742243371846e-02	8.750776559788737974e-02
1.431979983241963964e+03	2.200744584877429577e-01	1.396420687231866298e-01	2.700928890910173075e-01	1.694175987461845057e-01	7.921211567579557189e-02	3.391071507432865534e-02	8.765015420127209023e-02
1.436817753455619140e+03	2.195613185967782988e-01	1.392850260897047221e-01	2.704219782295286811e-01	1.696478555270177213e-01	7.930969156374653717e-02	3.398252689128238718e-02	8.779160310146934265e-02
1.441655523669274316e+03	2.190511913830522628e-01	1.389300827375133662e-01	2.707490714244003560e-01	1.698767324259196076e-01	7.940684259969342518e-02	3.405395505600246342e-02	8.793212437294620210e-02
1.446493293882929493e+03	2.185440593828608113e-01	1.385772262740665450e-01	2.710741836726227039e-01	1.701042343597367612e-01	7.950356504894311171e-02	3.412500171909108038e-02	8.807172954220672534e-02
1.451331064096585123e+03	2.180399052252708358e-01	1.382264443744850024e-01	2.713973297406805929e-01	1.703303665338299633e-01	7.959985549919407211e-02	3.419566900018797262e-02	8.821042962587921643e-02
1.456168834310240300e+03	2.175387116320629532e-01	1.378777247817281060e-01	2.717185241727018696e-01	1.705551344152068660e-01	7.969571084269952421e-02	3.426595898908163518e-02	8.834823516604668747e-02
1.461006604523895703e+03	2.170404614176475733e-01	1.375310553067186081e-01	2.720377812982003873e-01	1.707785437077010693e-01	7.979112825945169907e-02	3.433587374678852278e-02	8.848515626301972636e-02
1.465844374737550879e+03	2.165451374889563740e-01	1.371864238284242754e-01	2.723551152394378394e-01	1.710006003290470700e-01	7.988610520132495563e-02	3.440541530660019137e-02	8.862120260573688735e-02
1.470682144951206283e+03	2.160527228453106574e-01	1.368438182938996051e-01	2.726705399184243817e-01	1.712213103897110844e-01	7.998063937711955007e-02	3.447458567509823629e-02	8.875638349996407828e-02
1.475519915164861459e+03	2.155632005782683880e-01	1.365032267182909043e-01	2.729840690635790268e-01	1.714406801733483754e-01	8.007472873845132566e-02	3.454338683313717961e-02	8.889070789445233101e-02
1.480357685378516862e+03	2.150765538714507763e-01	1.361646371848078130e-01	2.732957162160685183e-01	1.716587161187669297e-01	8.016837146643643330e-02	3.461182073679548027e-02	8.902418440520155907e-02
1.485195455592172038e+03	2.145927660003502380e-01	1.358280378446640735e-01	2.736054947358419476e-01	1.718754248032856868e-01	8.026156595912302405e-02	3.467988931829494442e-02	8.915682133796756781e-02
1.490033225805827215e+03	2.141118203321210611e-01	1.354934169169896008e-01	2.739134178073782122e-01	1.720908129273847342e-01	8.035431081962551847e-02	3.474759448688885533e-02	8.928862670913938204e-02
1.494870996019482618e+03	2.136337003253534483e-01	1.351607626887169622e-01	2.742194984451623019e-01	1.723048873005512127e-01	8.044660484491912567e-02	3.481493812971923896e-02	8.941960826510501892e-02
1.499708766233137567e+03	2.131583895298323206e-01	1.348300635144440152e-01	2.745237494989039573e-01	1.725176548282324474e-01	8.053844701525564309e-02	3.488192211264377202e-02	8.954977350021520177e-02
1.504546536446793198e+03	2.126858715862820493e-01	1.345013078162745346e-01	2.748261836585140783e-01	1.727291224998137864e-01	8.062983648416358062e-02	3.494854828103276939e-02	8.967912967344647546e-02
1.509384306660448374e+03	2.122161302260980875e-01	1.341744840836391894e-01	2.751268134588513159e-01	1.729392973775453202e-01	8.072077256899824749e-02	3.501481846053685482e-02	8.980768382385824478e-02
1.514222076874103550e+03	2.117491492710659173e-01	1.338495808730982839e-01	2.754256512842505056e-01	1.731481865863462311e-01	8.081125474200936964e-02	3.508073445782591837e-02	8.993544278493106892e-02
1.519059847087758726e+03	2.112849126330687832e-01	1.335265868081278173e-01	2.757227093728455980e-01	1.733557973044220213e-01	8.090128262189595632e-02	3.514629806129994372e-02	9.006241319786717492e-02
1.523897617301414357e+03	2.108234043137848790e-01	1.332054905788906674e-01	2.760179998206973573e-01	1.735621367546329175e-01	8.099085596582017432e-02	3.521151104177238506e-02	9.018860152392885188e-02
1.528735387515069533e+03	2.103646084043744036e-01	1.328862809419937840e-01	2.763115345857365956e-01	1.737672121965582461e-01	8.107997466185333513e-02	3.527637515312671140e-02	9.031401405588422582e-02
1.533573157728724709e+03	2.099085090851574298e-01	1.325689467202331717e-01	2.766033254915316042e-01	1.739710309192037674e-01	8.116863872182915329e-02	3.534089213294683979e-02	9.043865692862539107e-02
1.538410927942380113e+03	2.094550906252834743e-01	1.322534768023273244e-01	2.768933842308903270e-01	1.741736002343043099e-01	8.125684827458079518e-02	3.540506370312217210e-02	9.056253612901893346e-02
1.543248698156035516e+03	2.090043373823929629e-01	1.319398601426405859e-01	2.771817223693051613e-01	1.743749274701764662e-01	8.134460355953967992e-02	3.546889157042780460e-02	9.068565750504467560e-02
1.548086468369690692e+03	2.085562338022716455e-01	1.316280857608973787e-01	2.774683513482477104e-01	1.745750199660802138e-01	8.143190492067534092e-02	3.553237742708077740e-02	9.080802677427425584e-02
1.552924238583346096e+03	2.081107644184977679e-01	1.313181427418877723e-01	2.777532824883233165e-01	1.747738850670507993e-01	8.151875280075708552e-02	3.559552295127295374e-02	9.092964953173764131e-02
1.557762008797001272e+03	2.076679138520835244e-01	1.310100202351659748e-01	2.780365269922900340e-01	1.749715301191654693e-01	8.160514773591900917e-02	3.565832980768129934e-02	9.105053125722199769e-02
1.562599779010656675e+03	2.072276668111105169e-01	1.307037074547418853e-01	2.783180959479509275e-01	1.751679624652119072e-01	8.169109035051143330e-02	3.572079964795619317e-02	9.117067732204435504e-02
1.567437549224311852e+03	2.067900080903599946e-01	1.303991936787668726e-01	2.785980003309250774e-01	1.753631894407279845e-01	8.177658135222258540e-02	3.578293411118854683e-02	9.129009299533613619e-02
1.572275319437967255e+03	2.063549225709380985e-01	1.300964682492140589e-01	2.788762510073033996e-01	1.755572183703845435e-01	8.186162152745540821e-02	3.584473482435635711e-02	9.140878344987529713e-02
1.577113089651622431e+03	2.059223952198968588e-01	1.297955205715541904e-01	2.791528587361956082e-01	1.757500565646848145e-01	8.194621173694534300e-02	3.590620340275137851e-02	9.152675376749890013e-02
1.581950859865277607e+03	2.054924110898510292e-01	1.294963401144272053e-01	2.794278341721732617e-01	1.759417113169564895e-01	8.203035291160559739e-02	3.596734145038668617e-02	9.164400894412674803e-02
1.586788630078933011e+03	2.050649553185911744e-01	1.291989164093102216e-01	2.797011878676143315e-01	1.761321899006138003e-01	8.211404604858750511e-02	3.602815056038558700e-02	9.176055389442440424e-02
1.591626400292587959e+03	2.046400131286934543e-01	1.289032390501825276e-01	2.799729302749535131e-01	1.763214995666688989e-01	8.219729220754401489e-02	3.608863231535276023e-02	9.187639345613188291e-02
1.596464170506243590e+03	2.042175698271262163e-01	1.286092976931878240e-01	2.802430717488441081e-01	1.765096475414731636e-01	8.228009250708522015e-02	3.614878828772812025e-02	9.199153239408240645e-02
1.601301940719898766e+03	2.037976108048541735e-01	1.283170820562943015e-01	2.805116225482344183e-01	1.766966410246707253e-01	8.236244812141545191e-02	3.620862004012405377e-02	9.210597540393387905e-02
1.606139710933553943e+03	2.033801215364396398e-01	1.280265819189528032e-01	2.807785928383638718e-01	1.768824871873479199e-01	8.244436027714212301e-02	3.626812912564666980e-02	9.221972711563401759e-02
1.610977481147209119e+03	2.029650875796419895e-01	1.277377871217532657e-01	2.810439926926819321e-01	1.770671931703627355e-01	8.252583025024694263e-02	3.632731708820165911e-02	9.233279209663854126e-02
1.615815251360864750e+03	2.025524945750147576e-01	1.274506875660804117e-01	2.813078320946941768e-01	1.772507660828410436e-01	8.260685936321085499e-02	3.638618546278529764e-02	9.244517485490058584e-02
1.620653021574519926e+03	2.021423282455014903e-01	1.271652732137679709e-01	2.815701209397383775e-01	1.774332130008256792e-01	8.268744898228441720e-02	3.644473577576125278e-02	9.255687984164792659e-02
1.625490791788175102e+03	2.017345743960295701e-01	1.268815340867526509e-01	2.818308690366948532e-01	1.776145409660669361e-01	8.276760051489578940e-02	3.650296954512364384e-02	9.266791145396369167e-02
1.630328562001830505e+03	2.013292189131032084e-01	1.265994602667275537e-01	2.820900861096326540e-01	1.777947569849428477e-01	8.284731540718920373e-02	3.656088828074697400e-02	9.277827403718470756e-02
1.635166332215485909e+03	2.009262477643949663e-01	1.263190418947953142e-01	2.823477817993963468e-01	1.779738680274992324e-01	8.292659514168675139e-02	3.661849348462342668e-02	9.288797188713110442e-02
1.640004102429141085e+03	2.005256469983366652e-01	1.260402691711214329e-01	2.826039656651347376e-01	1.781518810265996511e-01	8.300544123506717331e-02	3.667578665108805341e-02	9.299700925217935232e-02
1.644841872642796488e+03	2.001274027437093816e-01	1.257631323545877478e-01	2.828586471857753026e-01	1.783288028771766731e-01	8.308385523605549272e-02	3.673276926703230444e-02	9.310539033519014962e-02
1.649679642856451665e+03	1.997315012092328312e-01	1.254876217624461832e-01	2.831118357614459957e-01	1.785046404355759841e-01	8.316183872341757766e-02	3.678944281210645706e-02	9.321311929530202989e-02
1.654517413070107068e+03	1.993379286831545583e-01	1.252137277699732765e-01	2.833635407148470953e-01	1.786794005189862034e-01	8.323939330405430437e-02	3.684580875891130258e-02	9.332020024960027693e-02
1.659355183283762244e+03	1.989466715328385982e-01	1.249414408101251900e-01	2.836137712925759780e-01	1.788530899049470269e-01	8.331652061119010355e-02	3.690186857317967473e-02	9.342663727467050150e-02
1.664192953497417420e+03	1.985577162043539734e-01	1.246707513731935973e-01	2.838625366664058736e-01	1.790257153309292859e-01	8.339322230265094893e-02	3.695762371394813867e-02	9.353243440804522024e-02
1.669030723711072824e+03	1.981710492220635222e-01	1.244016500064625136e-01	2.841098459345218208e-01	1.791972834939813131e-01	8.346950005922729177e-02	3.701307563371927789e-02	9.363759564955130565e-02
1.673868493924728000e+03	1.977866571882124780e-01	1.241341273138661938e-01	2.843557081227144900e-01	1.793678010504355935e-01	8.354535558311758370e-02	3.706822577861510620e-02	9.374212496256562055e-02
1.678706264138383403e+03	1.974045267825173811e-01	1.238681739556481143e-01	2.846001321855351485e-01	1.795372746156709831e-01	8.362079059644812740e-02	3.712307558852181305e-02	9.384602627518552620e-02
1.683544034352038352e+03	1.970246447617553520e-01	1.236037806480212720e-01	2.848431270074121002e-01	1.797057107639256357e-01	8.369580683986563296e-02	3.717762649722638341e-02	9.394930348132068954e-02
1.688381804565693983e+03	1.966469979593538087e-01	1.233409381628296775e-01	2.850847014037316551e-01	1.798731160281563934e-01	8.377040607119851101e-02	3.723187993254533507e-02	9.405196044171168501e-02
1.693219574779349159e+03	1.962715732849806272e-01	1.230796373272113747e-01	2.853248641218838477e-01	1.800394968999405321e-01	8.384459006418364113e-02	3.728583731644605909e-02	9.415400098488103942e-02
1.698057344993004335e+03	1.958983577241349416e-01	1.228198690232628204e-01	2.855636238422754603e-01	1.802048598294161141e-01	8.391836060725531288e-02	3.733950006516093684e-02	9.425542890802153517e-02
1.702895115206659511e+03	1.955273383377386376e-01	1.225616241877047902e-01	2.858009891793115154e-01	1.803692112252578694e-01	8.399171950239303630e-02	3.739286958929474713e-02	9.435624797782649065e-02
1.707732885420315142e+03	1.951585022617287057e-01	1.223048938115498807e-01	2.860369686823461266e-01	1.805325574546850220e-01	8.406466856402555754e-02	3.744594729392553001e-02	9.445646193126622236e-02
1.712570655633970318e+03	1.947918367066502898e-01	1.220496689397715800e-01	2.862715708366047052e-01	1.806949048434985383e-01	8.413720961798808184e-02	3.749873457869928872e-02	9.455607447631460272e-02
1.717408425847625494e+03	1.944273289572507057e-01	1.217959406709750447e-01	2.865048040640780780e-01	1.808562596761446872e-01	8.420934450053019216e-02	3.755123283791879374e-02	9.465508929262957116e-02
1.722246196061280898e+03	1.940649663720746265e-01	1.215437001570695841e-01	2.867366767243903491e-01	1.810166281958030809e-01	8.428107505737185423e-02	3.760344346062682863e-02	9.475351003219079082e-02
1.727083966274936301e+03	1.937047363830598778e-01	1.212929386029427264e-01	2.869671971156410595e-01	1.811760166044963649e-01	8.435240314280527396e-02	3.765536783068403059e-02	9.485134031989769787e-02
1.731921736488591478e+03	1.933466264951348712e-01	1.210436472661362284e-01	2.871963734752233655e-01	1.813344310632196421e-01	8.442333061884026157e-02	3.770700732684171413e-02	9.494858375413089968e-02
1.736759506702246881e+03	1.929906242858168142e-01	1.207958174565237908e-01	2.874242139806181817e-01	1.814918776920878829e-01	8.449385935439093775e-02	3.775836332280985141e-02	9.504524390727951688e-02
1.741597276915902057e+03	1.926367174048111142e-01	1.205494405359904819e-01	2.876507267501665077e-01	1.816483625704992111e-01	8.456399122450204697e-02	3.780943718732049375e-02	9.514132432623706448e-02
1.746435047129557461e+03	1.922848935736123643e-01	1.203045079181141869e-01	2.878759198438201050e-01	1.818038917373128449e-01	8.463372810961250492e-02	3.786023028418677994e-02	9.523682853286817573e-02
1.751272817343212637e+03	1.919351405851062453e-01	1.200610110678486664e-01	2.880998012638711359e-01	1.819584711910398611e-01	8.470307189485480615e-02	3.791074397235793397e-02	9.533176002444827823e-02
1.756110587556867813e+03	1.915874463031730368e-01	1.198189415012086423e-01	2.883223789556627614e-01	1.821121068900456441e-01	8.477202446938834901e-02	3.796097960597020343e-02	9.542612227407827608e-02
1.760948357770523216e+03	1.912417986622923505e-01	1.195782907849566867e-01	2.885436608082802001e-01	1.822648047527623827e-01	8.484058772576509588e-02	3.801093853439421050e-02	9.551991873107598674e-02
1.765786127984178393e+03	1.908981856671493615e-01	1.193390505362918880e-01	2.887636546552238004e-01	1.824165706579111423e-01	8.490876355932597264e-02	3.806062210227872250e-02	9.561315282134606741e-02
1.770623898197833569e+03	1.905565953922424283e-01	1.191012124225405422e-01	2.889823682750644052e-01	1.825674104447316259e-01	8.497655386762664742e-02	3.811003164959109873e-02	9.570582794773020707e-02
1.775461668411488745e+03	1.902170159814921824e-01	1.188647681608486772e-01	2.891998093920823409e-01	1.827173299132192896e-01	8.504396054989120379e-02	3.815916851165461476e-02	9.579794749033866685e-02
1.780299438625144376e+03	1.898794356478522571e-01	1.186297095178764222e-01	2.894159856768896422e-01	1.828663348243685927e-01	8.511098550649244532e-02	3.820803401918277525e-02	9.588951480686484785e-02
1.785137208838799552e+03	1.895438426729213477e-01	1.183960283094942501e-01	2.896309047470374542e-01	1.830144309004215764e-01	8.517763063845751326e-02	3.825662949831086512e-02	9.598053323288401051e-02
1.789974979052454728e+03	1.892102254065569922e-01	1.181637164004811780e-01	2.898445741676078380e-01	1.831616238251213835e-01	8.524389784699762385e-02	3.830495627062478065e-02	9.607100608213726967e-02
1.794812749266109904e+03	1.888785722664907962e-01	1.179327657042247846e-01	2.900570014517918072e-01	1.833079192439693028e-01	8.530978903306089822e-02	3.835301565318742500e-02	9.616093664680205877e-02
1.799650519479765535e+03	1.885488717379455725e-01	1.177031681824231568e-01	2.902681940614530998e-01	1.834533227644855047e-01	8.537530609690710537e-02	3.840080895856268911e-02	9.625032819774995141e-02
1.804488289693420711e+03	1.882211123732536184e-01	1.174749158447886965e-01	2.904781594076790707e-01	1.835978399564723307e-01	8.544045093770323562e-02	3.844833749483723279e-02	9.633918398479278389e-02
1.809326059907075887e+03	1.878952827914770196e-01	1.172480007487538556e-01	2.906869048513187059e-01	1.837414763522800532e-01	8.550522545313915534e-02	3.849560256564020511e-02	9.642750723691796699e-02
1.814163830120731291e+03	1.875713716780295359e-01	1.170224149991785506e-01	2.908944377035080908e-01	1.838842374470740781e-01	8.556963153906212149e-02	3.854260547016093857e-02	9.651530116251370861e-02
1.819001600334386467e+03	1.872493677843000692e-01	1.167981507480596870e-01	2.911007652261842216e-01	1.840261286991037859e-01	8.563367108912950387e-02	3.858934750316486001e-02	9.660256894958495211e-02
1.823839370548041643e+03	1.869292599272778244e-01	1.165752001942424038e-01	2.913058946325876586e-01	1.841671555299720930e-01	8.569734599447884071e-02	3.863582995500763201e-02	9.668931376596066884e-02
1.828677140761696819e+03	1.866110369891793852e-01	1.163535555831331503e-01	2.915098330877537447e-01	1.843073233249057918e-01	8.576065814341427007e-02	3.868205411164769847e-02	9.677553875949308770e-02
1.833514910975352450e+03	1.862946879170772896e-01	1.161332092064146920e-01	2.917125877089935537e-01	1.844466374330259728e-01	8.582360942110876800e-02	3.872802125465731743e-02	9.686124705824955550e-02
1.838352681189008081e+03	1.859802017225303528e-01	1.159141534017628650e-01	2.919141655663646251e-01	1.845851031676184195e-01	8.588620170932138864e-02	3.877373266123214368e-02	9.694644177069731972e-02
1.843190451402663257e+03	1.856675674812158228e-01	1.156963805525652172e-01	2.921145736831317063e-01	1.847227258064038924e-01	8.594843688612882615e-02	3.881918960419952769e-02	9.703112598588213566e-02
1.848028221616318433e+03	1.853567743325632844e-01	1.154798830876414273e-01	2.923138190362179478e-01	1.848595105918075798e-01	8.601031682567064629e-02	3.886439335202559325e-02	9.711530277360064245e-02
1.852865991829973609e+03	1.850478114793902007e-01	1.152646534809655399e-01	2.925119085566472155e-01	1.849954627312281330e-01	8.607184339790747984e-02	3.890934516882112865e-02	9.719897518456739605e-02
1.857703762043628785e+03	1.847406681875392587e-01	1.150506842513899369e-01	2.927088491299776329e-01	1.851305873973052851e-01	8.613301846839180320e-02	3.895404631434646464e-02	9.728214625057664267e-02
1.862541532257283961e+03	1.844353337855176578e-01	1.148379679623712235e-01	2.929046475967260754e-01	1.852648897281869156e-01	8.619384389805055668e-02	3.899849804401530479e-02	9.736481898465933205e-02
1.867379302470939592e+03	1.841317976641378973e-01	1.146264972216977235e-01	2.930993107527847807e-01	1.853983748277941990e-01	8.625432154297900389e-02	3.904270160889775076e-02	9.744699638123567598e-02
1.872217072684594768e+03	1.838300492761606175e-01	1.144162646812189182e-01	2.932928453498302446e-01	1.855310477660859214e-01	8.631445325424551285e-02	3.908665825572238406e-02	9.752868141626348797e-02
1.877054842898249490e+03	1.835300781359388844e-01	1.142072630365764813e-01	2.934852580957237889e-01	1.856629135793207985e-01	8.637424087770673164e-02	3.913036922687763985e-02	9.760987704738274817e-02
1.881892613111905121e+03	1.832318738190646945e-01	1.139994850269370752e-01	2.936765556549054690e-01	1.857939772703184056e-01	8.643368625383250625e-02	3.917383576041245236e-02	9.769058621405644904e-02
1.886730383325560297e+03	1.829354259620168677e-01	1.137929234347269947e-01	2.938667446487801538e-01	1.859242438087183036e-01	8.649279121754027688e-02	3.921705909003627560e-02	9.777081183770820749e-02
1.891568153539215928e+03	1.826407242618109661e-01	1.135875710853684328e-01	2.940558316560969443e-01	1.860537181312371391e-01	8.655155759803855042e-02	3.926004044511846591e-02	9.785055682185661574e-02
1.896405923752871104e+03	1.823477584756509062e-01	1.133834208470173854e-01	2.942438232133219311e-01	1.861824051419241621e-01	8.660998721867883832e-02	3.930278105068722022e-02	9.792982405224670561e-02
1.901243693966526507e+03	1.820565184205824305e-01	1.131804656303034146e-01	2.944307258150042905e-01	1.863103097124144680e-01	8.666808189681593499e-02	3.934528212742793157e-02	9.800861639697867889e-02
1.906081464180181683e+03	1.817669939731483830e-01	1.129786983880709667e-01	2.946165459141362741e-01	1.864374366821803242e-01	8.672584344367596787e-02	3.938754489168118378e-02	9.808693670663404252e-02
1.910919234393836859e+03	1.814791750690455951e-01	1.127781121151224530e-01	2.948012899225069261e-01	1.865637908587805538e-01	8.678327366423192746e-02	3.942957055544035055e-02	9.816478781439932910e-02
1.915757004607492036e+03	1.811930517027838528e-01	1.125786998479628709e-01	2.949849642110500270e-01	1.866893770181075329e-01	8.684037435708642783e-02	3.947136032634881997e-02	9.824217253618762469e-02
1.920594774821147894e+03	1.809086139273464455e-01	1.123804546645462143e-01	2.951675751101862089e-01	1.868141999046321888e-01	8.689714731436128103e-02	3.951291540769695521e-02	9.831909367075788997e-02
1.925432545034802843e+03	1.806258518538525482e-01	1.121833696840233707e-01	2.953491289101596862e-01	1.869382642316469723e-01	8.695359432159349700e-02	3.955423699841877777e-02	9.839555399983240802e-02
1.930270315248458019e+03	1.803447556512214056e-01	1.119874380664918206e-01	2.955296318613694351e-01	1.870615746815062486e-01	8.700971715763770875e-02	3.959532629308843560e-02	9.847155628821221973e-02
1.935108085462113195e+03	1.800653155458384058e-01	1.117926530127467816e-01	2.957090901746953771e-01	1.871841359058649679e-01	8.706551759457445416e-02	3.963618448191649074e-02	9.854710328389088003e-02
1.939945855675768371e+03	1.797875218212227066e-01	1.115990077640340167e-01	2.958875100218191223e-01	1.873059525259146429e-01	8.712099739762414752e-02	3.967681275074601971e-02	9.862219771816660430e-02
1.944783625889424002e+03	1.795113648176968890e-01	1.114064956018042674e-01	2.960648975355406609e-01	1.874270291326175231e-01	8.717615832506650508e-02	3.971721228104865137e-02	9.869684230575274941e-02
1.949621396103079178e+03	1.792368349320581367e-01	1.112151098474692262e-01	2.962412588100892252e-01	1.875473702869381309e-01	8.723100212816527199e-02	3.975738424992045217e-02	9.877103974488680993e-02
1.954459166316734354e+03	1.789639226172514974e-01	1.110248438621591061e-01	2.964165999014300446e-01	1.876669805200729679e-01	8.728553055109772307e-02	3.979732983007779057e-02	9.884479271743812356e-02
1.959296936530389530e+03	1.786926183820446434e-01	1.108356910464816936e-01	2.965909268275668254e-01	1.877858643336776934e-01	8.733974533088913195e-02	3.983705018985313207e-02	9.891810388901411955e-02
1.964134706744044706e+03	1.784229127907044632e-01	1.106476448402830548e-01	2.967642455688396241e-01	1.879040262000922223e-01	8.739364819735165324e-02	3.987654649319084116e-02	9.899097590906535959e-02
1.968972476957700337e+03	1.781547964626755964e-01	1.104606987224096698e-01	2.969365620682183904e-01	1.880214705625636584e-01	8.744724087302750692e-02	3.991581989964296945e-02	9.906341141098942704e-02
1.973810247171355968e+03	1.778882600722603569e-01	1.102748462104721633e-01	2.971078822315926793e-01	1.881382018354669228e-01	8.750052507313646477e-02	3.995487156436512699e-02	9.913541301223355307e-02
1.978648017385010689e+03	1.776232943483007642e-01	1.100900808606104786e-01	2.972782119280570345e-01	1.882542244045232460e-01	8.755350250552712543e-02	3.999370263811233284e-02	9.920698331439624373e-02
1.983485787598666320e+03	1.773598900738622419e-01	1.099063962672606615e-01	2.974475569901927630e-01	1.883695426270165785e-01	8.760617487063211695e-02	4.003231426723499048e-02	9.927812490332783846e-02
1.988323557812321269e+03	1.770980380859189240e-01	1.097237860629229900e-01	2.976159232143458233e-01	1.884841608320076134e-01	8.765854386142681032e-02	4.007070759367493268e-02	9.934884034923009699e-02
1.993161328025976900e+03	1.768377292750406837e-01	1.095422439179316865e-01	2.977833163609008849e-01	1.885980833205460616e-01	8.771061116339157193e-02	4.010888375496156344e-02	9.941913220675471785e-02
1.997999098239632076e+03	1.765789545850821596e-01	1.093617635402260313e-01	2.979497421545521108e-01	1.887113143658804004e-01	8.776237845447726338e-02	4.014684388420813876e-02	9.948900301510112121e-02
2.002836868453287707e+03	1.763217050128731422e-01	1.091823386751230307e-01	2.981152062845700002e-01	1.888238582136657351e-01	8.781384740507389153e-02	4.018458911010817231e-02	9.955845529811319095e-02
2.007674638666942428e+03	1.760659716079111259e-01	1.090039631050913616e-01	2.982797144050654548e-01	1.889357190821696897e-01	8.786501967798235335e-02	4.022212055693199367e-02	9.962749156437522569e-02
2.012512408880597604e+03	1.758117454720549977e-01	1.088266306495269536e-01	2.984432721352496820e-01	1.890469011624760498e-01	8.791589692838897019e-02	4.025943934452344553e-02	9.969611430730707102e-02
2.017350179094252780e+03	1.755590177592209478e-01	1.086503351645298349e-01	2.986058850596918779e-01	1.891574086186864345e-01	8.796648080384283919e-02	4.029654658829678882e-02	9.976432600525847461e-02
2.022187949307908411e+03	1.753077796750798500e-01	1.084750705426824613e-01	2.987675587285725798e-01	1.892672455881200255e-01	8.801677294423579379e-02	4.033344339923378152e-02	9.983212912160263630e-02
2.027025719521564042e+03	1.750580224767563087e-01	1.083008307128294490e-01	2.989282986579352985e-01	1.893764161815112979e-01	8.806677498178486219e-02	4.037013088388091003e-02	9.989952610482900897e-02
2.031863489735218764e+03	1.748097374725295083e-01	1.081276096398586795e-01	2.990881103299337651e-01	1.894849244832057245e-01	8.811648854101714057e-02	4.040661014434689113e-02	9.996651938863543307e-02
2.036701259948874394e+03	1.745629160215356190e-01	1.079554013244838212e-01	2.992469991930772899e-01	1.895927745513536211e-01	8.816591523875699776e-02	4.044288227830031973e-02	1.000331113920194664e-01
2.041539030162529116e+03	1.743175495334720326e-01	1.077841998030281828e-01	2.994049706624727913e-01	1.896999704181020208e-01	8.821505668411536161e-02	4.047894837896758025e-02	1.000993045193691866e-01
2.046376800376184747e+03	1.740736294683029872e-01	1.076139991472099544e-01	2.995620301200640490e-01	1.898065160897847437e-01	8.826391447848126737e-02	4.051480953513093841e-02	1.001651011605531744e-01
2.051214570589840150e+03	1.738311473359671899e-01	1.074447934639288366e-01	2.997181829148684029e-01	1.899124155471105801e-01	8.831249021551521028e-02	4.055046683112691064e-02	1.002305036910099145e-01
2.056052340803495554e+03	1.735900946960870217e-01	1.072765768950538906e-01	2.998734343632105670e-01	1.900176727453495584e-01	8.836078548114456588e-02	4.058592134684484848e-02	1.002955144718365166e-01
2.060890111017150957e+03	1.733504631576789634e-01	1.071093436172129154e-01	3.000277897489542211e-01	1.901222916145174358e-01	8.840880185356077281e-02	4.062117415772572432e-02	1.003601358498769497e-01
2.065727881230805451e+03	1.731122443788663812e-01	1.069430878415829761e-01	3.001812543237302733e-01	1.902262760595584690e-01	8.845654090321820873e-02	4.065622633476125014e-02	1.004243701578094450e-01
2.070565651444461309e+03	1.728754300665932553e-01	1.067778038136823204e-01	3.003338333071636224e-01	1.903296299605263808e-01	8.850400419283481479e-02	4.069107894449314200e-02	1.004882197142334815e-01
2.075403421658116713e+03	1.726400119763399910e-01	1.066134858131636276e-01	3.004855318870967573e-01	1.904323571727635500e-01	8.855119327739426061e-02	4.072573304901274532e-02	1.005516868237561201e-01
