1.127200459781681047e+03	2.594090208555565047e-01	1.668202182648767518e-01	2.445402758000548016e-01	1.524314730334603851e-01	7.334372419951078192e-02	2.843109955090704355e-02	7.502418829515553056e-02
1.132038229995336451e+03	2.586670221729639452e-01	1.663050651827679138e-01	2.450485051732973762e-01	1.526996608000679434e-01	7.338508594132363283e-02	2.853603198216222298e-02	7.535862874693879943e-02
1.136876000208991627e+03	2.579292147995764228e-01	1.657928199345642950e-01	2.455520512781513010e-01	1.529715443993934221e-01	7.343162354200755138e-02	2.864019169254552674e-02	7.568255435328338776e-02
1.141713770422646803e+03	2.571955841851140678e-01	1.652834753557622105e-01	2.460510391002164732e-01	1.532467043918884220e-01	7.348297423046133703e-02	2.874359288134442289e-02	7.599662985473490395e-02
1.146551540636302207e+03	2.564661152407102795e-01	1.647770235775676273e-01	2.465455869609984585e-01	1.535247523951753235e-01	7.353879872506058346e-02	2.884624928391062854e-02	7.630147381609889146e-02
1.151389310849957155e+03	2.557407923824455143e-01	1.642734560846219882e-01	2.470358069358621067e-01	1.538053288820442621e-01	7.359877968248669522e-02	2.894817418478503462e-02	7.659766184727617722e-02
1.156227081063612786e+03	2.550195995719433117e-01	1.637727637686087756e-01	2.475218052445568584e-01	1.540881011328245620e-01	7.366262025088915477e-02	2.904938043074818677e-02	7.688572959995094991e-02
1.161064851277267962e+03	2.543025203542275126e-01	1.632749369780290005e-01	2.480036826161534647e-01	1.543727613313626845e-01	7.373004272027980366e-02	2.914988044376584306e-02	7.716617555570341735e-02
1.165902621490923138e+03	2.535895378930246302e-01	1.627799655644149024e-01	2.484815346301078032e-01	1.546590247945886787e-01	7.380078726354497021e-02	2.924968623380275537e-02	7.743946362003796546e-02
1.170740391704578315e+03	2.528806350036845174e-01	1.622878389252307985e-01	2.489554520350497346e-01	1.549466283263490340e-01	7.387461076191431664e-02	2.934880941148102287e-02	7.770602553581230920e-02
1.175578161918233945e+03	2.521757941838791983e-01	1.617985460436945078e-01	2.494255210467875017e-01	1.552353286868330406e-01	7.395128570914777377e-02	2.944726120056245441e-02	7.796626312861720809e-02
1.180415932131889122e+03	2.514749976422299138e-01	1.613120755257350658e-01	2.498918236269168092e-01	1.555249011695231665e-01	7.403059918909461745e-02	2.954505245023703736e-02	7.822055039578504343e-02
1.185253702345544298e+03	2.507782273250014349e-01	1.608284156342879578e-01	2.503544377433288282e-01	1.558151382781612360e-01	7.411235192164486452e-02	2.964219364720216757e-02	7.846923544989514721e-02
1.190091472559199701e+03	2.500854649409942621e-01	1.603475543211149990e-01	2.508134376138246302e-01	1.561058484967448867e-01	7.419635737243393536e-02	2.973869492751953988e-02	7.871264232688944540e-02
1.194929242772855105e+03	2.493966919847548092e-01	1.598694792563228884e-01	2.512688939339614014e-01	1.563968551460552525e-01	7.428244092197897053e-02	2.983456608823861073e-02	7.895107266820970693e-02
1.199767012986510281e+03	2.487118897582176469e-01	1.593941778557426692e-01	2.517208740901794028e-01	1.566879953206691267e-01	7.437043909022068855e-02	2.992981659877751166e-02	7.918480728571461458e-02
1.204604783200165684e+03	2.480310393908838618e-01	1.589216373063199461e-01	2.521694423591878675e-01	1.569791189008296339e-01	7.446019881271989660e-02	3.002445561205390259e-02	7.941410761752645819e-02
1.209442553413820860e+03	2.473541218586346735e-01	1.584518445896568317e-01	2.526146600945227139e-01	1.572700876339417075e-01	7.455157676501406039e-02	3.011849197535984915e-02	7.963921708239174446e-02
1.214280323627476264e+03	2.466811180012708216e-01	1.579847865038351284e-01	2.530565859011250640e-01	1.575607742808229350e-01	7.464443873187805167e-02	3.021193424097614807e-02	7.986036233961336939e-02
1.219118093841131440e+03	2.460120085388637912e-01	1.575204496836425938e-01	2.534952757987356531e-01	1.578510618221794504e-01	7.473865901845555548e-02	3.030479067652278383e-02	8.007775446112165574e-02
1.223955864054786844e+03	2.453467740869976488e-01	1.570588206193143099e-01	2.539307833748432608e-01	1.581408427210925227e-01	7.483411990043449535e-02	3.039706927504338269e-02	8.029159002179581117e-02
1.228793634268442020e+03	2.446853951709760944e-01	1.565998856738946288e-01	2.543631599278776689e-01	1.584300182375949495e-01	7.493071111063277778e-02	3.048877776482243965e-02	8.050205211372274405e-02
1.233631404482097196e+03	2.440278522390635918e-01	1.561436310993168097e-01	2.547924546012906855e-01	1.587184977916894779e-01	7.502832935954020788e-02	3.057992361893510647e-02	8.070931128968536483e-02
1.238469174695752372e+03	2.433741256748247483e-01	1.556900430512909439e-01	2.552187145091250331e-01	1.590061983714162741e-01	7.512687788752961393e-02	3.067051406453000229e-02	8.091352644080461454e-02
1.243306944909407548e+03	2.427241958086225615e-01	1.552391076030850414e-01	2.556419848536307660e-01	1.592930439828124656e-01	7.522626604660609395e-02	3.076055609184641035e-02	8.111484561291779083e-02
1.248144715123063179e+03	2.420780429283311552e-01	1.547908107582769144e-01	2.560623090354524622e-01	1.595789651388274666e-01	7.532640890970820902e-02	3.085005646296767878e-02	8.131340676595721906e-02
1.252982485336718355e+03	2.414356472893151306e-01	1.543451384625502965e-01	2.564797287568729156e-01	1.598638983844621331e-01	7.542722690571047883e-02	3.093902172031331999e-02	8.150933848029685846e-02
1.257820255550373531e+03	2.407969891237246030e-01	1.539020766146030617e-01	2.568942841185689052e-01	1.601477858555906686e-01	7.552864547840192067e-02	3.102745819487277151e-02	8.170276061375920940e-02
1.262658025764028707e+03	2.401620486491511663e-01	1.534616110762302976e-01	2.573060137103029832e-01	1.604305748691014777e-01	7.563059476783293156e-02	3.111537201418418039e-02	8.189378491271812055e-02
1.267495795977684338e+03	2.395308060766871139e-01	1.530237276816409642e-01	2.577149546959467963e-01	1.607122175421582255e-01	7.573300931253205970e-02	3.120276911006205842e-02	8.208251558049400876e-02
1.272333566191339514e+03	2.389032416184274088e-01	1.525884122460627879e-01	2.581211428932051466e-01	1.609926704385357121e-01	7.583582777119572682e-02	3.128965522607779493e-02	8.226904980601656980e-02
1.277171336404994690e+03	2.382793354944516273e-01	1.521556505736861575e-01	2.585246128483862926e-01	1.612718942401279998e-01	7.593899266254902636e-02	3.137603592479747822e-02	8.245347825552259979e-02
1.282009106618650094e+03	2.376590679393197347e-01	1.517254284649936502e-01	2.589253979065386235e-01	1.615498534418591536e-01	7.604245012216379052e-02	3.146191659478164010e-02	8.263588552986457503e-02
1.286846876832305497e+03	2.370424192081142523e-01	1.512977317235197627e-01	2.593235302772558537e-01	1.618265160683508286e-01	7.614614967510234533e-02	3.154730245735168359e-02	8.281635058982639297e-02
1.291684647045960673e+03	2.364293695820584296e-01	1.508725461620810393e-01	2.597190410964293483e-01	1.621018534108156217e-01	7.625004402333238063e-02	3.163219857312802447e-02	8.299494715167624048e-02
1.296522417259616077e+03	2.358198993737385674e-01	1.504498576085146200e-01	2.601119604842103139e-01	1.623758397827520517e-01	7.635408884692929110e-02	3.171660984834499819e-02	8.317174405503124923e-02
1.301360187473271253e+03	2.352139889319563582e-01	1.500296519109605431e-01	2.605023175994255480e-01	1.626484522931171961e-01	7.645824261814908318e-02	3.180054104094775375e-02	8.334680560496457447e-02
1.306197957686926657e+03	2.346116186462359754e-01	1.496119149427205253e-01	2.608901406906752318e-01	1.629196706357448343e-01	7.656246642751683706e-02	3.188399676647645647e-02	8.352019189015121026e-02
1.311035727900581833e+03	2.340127689510080322e-01	1.491966326067235005e-01	2.612754571443252072e-01	1.631894768938638163e-01	7.666672382113368100e-02	3.196698150374305963e-02	8.369195907872371831e-02
1.315873498114237009e+03	2.334174203294920591e-01	1.487837908396262010e-01	2.616582935295937995e-01	1.634578553586510385e-01	7.677098064845863656e-02	3.204949960030608475e-02	8.386215969339311238e-02
1.320711268327892412e+03	2.328255533172972347e-01	1.483733756155754813e-01	2.620386756409173734e-01	1.637247923608282640e-01	7.687520491987226423e-02	3.213155527774872594e-02	8.403084286728158825e-02
1.325549038541547588e+03	2.322371485057594664e-01	1.479653729496560877e-01	2.624166285377693142e-01	1.639902761143814947e-01	7.697936667337527961e-02	3.221315263676567675e-02	8.419805458181353619e-02
1.330386808755202765e+03	2.316521865450325290e-01	1.475597689010475777e-01	2.627921765820943611e-01	1.642542965715457493e-01	7.708343784981935842e-02	3.229429566206405006e-02	8.436383788791723681e-02
1.335224578968857941e+03	2.310706481469491091e-01	1.471565495759103448e-01	2.631653434735090613e-01	1.645168452882586341e-01	7.718739217610751102e-02	3.237498822708372026e-02	8.452823311170250264e-02
1.340062349182513572e+03	2.304925140876667722e-01	1.467557011300213987e-01	2.635361522824107849e-01	1.647779152993415208e-01	7.729120505583940426e-02	3.245523409854227798e-02	8.469127804569871742e-02
1.344900119396168748e+03	2.299177652101130342e-01	1.463572097711776099e-01	2.639046254811268644e-01	1.650375010027194389e-01	7.739485346691216128e-02	3.253503694080994019e-02	8.485300812666186909e-02
1.349737889609823924e+03	2.293463824262423900e-01	1.459610617613832928e-01	2.642707849732276459e-01	1.652955980520389168e-01	7.749831586562005992e-02	3.261440032011949514e-02	8.501345660088918677e-02
1.354575659823479100e+03	2.287783467191178699e-01	1.455672434188382547e-01	2.646346521211186409e-01	1.655522032570881374e-01	7.760157209682724821e-02	3.269332770861642368e-02	8.517265467791440559e-02
1.359413430037134731e+03	2.282136391448282287e-01	1.451757411197405756e-01	2.649962477720205767e-01	1.658073144914654629e-01	7.770460330981579511e-02	3.277182248825409594e-02	8.533063167339623167e-02
1.364251200250789907e+03	2.276522408342517567e-01	1.447865412999178869e-01	2.653555922824369917e-01	1.660609306069811275e-01	7.780739187943842838e-02	3.284988795453912952e-02	8.548741514195556945e-02
1.369088970464445310e+03	2.270941329946763176e-01	1.443996304562997490e-01	2.657127055412049077e-01	1.663130513543137623e-01	7.790992133222975069e-02	3.292752732013159989e-02	8.564303100066472663e-02
1.373926740678100487e+03	2.265392969112853816e-01	1.440149951482428414e-01	2.660676069912158992e-01	1.665636773094761325e-01	7.801217627715298364e-02	3.300474371830490472e-02	8.579750364384262917e-02
1.378764510891755890e+03	2.259877139485182429e-01	1.436326219987198172e-01	2.664203156498908265e-01	1.668128098056763653e-01	7.811414234068088380e-02	3.308154020626993125e-02	8.595085604976467064e-02
1.383602281105411066e+03	2.254393655513131367e-01	1.432524976953819806e-01	2.667708501284846712e-01	1.670604508701903079e-01	7.821580610592930582e-02	3.315791976836802990e-02	8.610310987985322906e-02
1.388440051319066470e+03	2.248942332462403881e-01	1.428746089915053918e-01	2.671192286502943047e-01	1.673066031658867747e-01	7.831715505558102530e-02	3.323388531913722133e-02	8.625428557087551351e-02
1.393277821532721646e+03	2.243522986425328380e-01	1.424989427068285297e-01	2.674654690678363034e-01	1.675512699370737268e-01	7.841817751835443440e-02	3.330943970625609846e-02	8.640440242063865406e-02
1.398115591746377049e+03	2.238135434330204565e-01	1.421254857282903683e-01	2.678095888790579804e-01	1.677944549593561874e-01	7.851886261878840423e-02	3.338458571336939962e-02	8.655347866763771214e-02
1.402953361960032225e+03	2.232779493949748617e-01	1.417542250106759438e-01	2.681516052426412555e-01	1.680361624932185938e-01	7.861920023012938796e-02	3.345932606279963112e-02	8.670153156508075831e-02
1.407791132173687402e+03	2.227454983908701280e-01	1.413851475771762678e-01	2.684915349924540950e-01	1.682763972410647457e-01	7.871918093012147954e-02	3.353366341814861817e-02	8.684857744968513260e-02
1.412628902387342805e+03	2.222161723690645740e-01	1.410182405198696087e-01	2.688293946512014254e-01	1.685151643074671579e-01	7.881879595951289674e-02	3.360760038679285605e-02	8.699463180561188558e-02
1.417466672600997981e+03	2.216899533644095532e-01	1.406534910001296934e-01	2.691652004433248146e-01	1.687524691623953632e-01	7.891803718310480553e-02	3.368113952227660274e-02	8.713970932387959945e-02
1.422304442814653157e+03	2.211668234987891057e-01	1.402908862489666009e-01	2.694989683071945530e-01	1.689883176072086712e-01	7.901689705318018508e-02	3.375428332660621727e-02	8.728382395757504353e-02
1.427142213028308333e+03	2.206467649815954946e-01	1.399304135673055116e-01	2.698307139066392635e-01	1.692227157432143192e-01	7.911536857516046628e-02	3.382703425244953932e-02	8.742698897315581696e-02
1.431979983241963964e+03	2.201297601101445123e-01	1.395720603262080028e-01	2.701604526418500130e-01	1.694556699426060520e-01	7.921344527534861235e-02	3.389939470524355042e-02	8.756921699811967552e-02
1.436817753455619140e+03	2.196157912700345272e-01	1.392158139670406636e-01	2.704881996596985583e-01	1.696871868216111301e-01	7.931112117062562306e-02	3.397136704521395295e-02	8.771052006529594935e-02
1.441655523669274316e+03	2.191048409354530158e-01	1.388616620015949987e-01	2.708139698635030346e-01	1.699172732156860599e-01	7.940839073997692232e-02	3.404295358930971294e-02	8.785090965399666718e-02
1.446493293882929493e+03	2.185968916694336073e-01	1.385095920121621471e-01	2.711377779222751694e-01	1.701459361566125539e-01	7.950524889773283310e-02	3.411415661305589736e-02	8.799039672824818248e-02
1.451331064096585123e+03	2.180919261240673868e-01	1.381595916515667155e-01	2.714596382794787210e-01	1.703731828513557200e-01	7.960169096841487879e-02	3.418497835232781751e-02	8.812899177230915093e-02
1.456168834310240300e+03	2.175899270406709829e-01	1.378116486431623100e-01	2.717795651613282293e-01	1.705990206625568606e-01	7.969771266308696422e-02	3.425542100504940651e-02	8.826670482366562320e-02
1.461006604523895703e+03	2.170908772499144657e-01	1.374657507807920953e-01	2.720975725846554449e-01	1.708234570905411420e-01	7.979331005711691460e-02	3.432548673281889118e-02	8.840354550368134667e-02
1.465844374737550879e+03	2.165947596719115242e-01	1.371218859287176017e-01	2.724136743643680858e-01	1.710464997567305578e-01	7.988847956925985982e-02	3.439517766246429770e-02	8.853952304606836632e-02
1.470682144951206283e+03	2.161015573162746173e-01	1.367800420215176671e-01	2.727278841205249549e-01	1.712681563883584612e-01	7.998321794198105794e-02	3.446449588753170562e-02	8.867464632333180163e-02
1.475519915164861459e+03	2.156112532821369554e-01	1.364402070639605946e-01	2.730402152850500141e-01	1.714884348043913542e-01	8.007752222294085842e-02	3.453344346970872725e-02	8.880892387133172694e-02
1.480357685378516862e+03	2.151238307581440079e-01	1.361023691308515804e-01	2.733506811081055643e-01	1.717073429025686992e-01	8.017138974756939096e-02	3.460202244018581452e-02	8.894236391209514592e-02
1.485195455592172038e+03	2.146392730224160605e-01	1.357665163668572428e-01	2.736592946641449031e-01	1.719248886474787352e-01	8.026481812266371418e-02	3.467023480095776655e-02	8.907497437500173920e-02
1.490033225805827215e+03	2.141575634424841557e-01	1.354326369863097790e-01	2.739660688576618930e-01	1.721410800595943591e-01	8.035780521094396112e-02	3.473808252606779695e-02	8.920676291645826539e-02
1.494870996019482618e+03	2.136786854752006082e-01	1.351007192729919426e-01	2.742710164286557561e-01	1.723559252051974633e-01	8.045034911650930654e-02	3.480556756279649250e-02	8.933773693816862704e-02
1.499708766233137567e+03	2.132026226666263458e-01	1.347707515799048961e-01	2.745741499578269185e-01	1.725694321871265868e-01	8.054244817113870303e-02	3.487269183279777945e-02	8.946790360409896670e-02
1.504546536446793198e+03	2.127293586518964330e-01	1.344427223290203532e-01	2.748754818715183346e-01	1.727816091362864570e-01	8.063410092138426077e-02	3.493945723318406249e-02	8.959726985623026052e-02
1.509384306660448374e+03	2.122588771550648901e-01	1.341166200110184836e-01	2.751750244464179485e-01	1.729924642038629667e-01	8.072530611640899023e-02	3.500586563756252767e-02	8.972584242918434094e-02
1.514222076874103550e+03	2.117911619889306096e-01	1.337924331850127158e-01	2.754727898140347797e-01	1.732020055541907411e-01	8.081606269652348573e-02	3.507191889702464954e-02	8.985362786380318711e-02
1.519059847087758726e+03	2.113261970548455104e-01	1.334701504782631332e-01	2.757687899649612917e-01	1.734102413582245261e-01	8.090636978237905619e-02	3.513761884109072031e-02	8.998063251975593757e-02
1.523897617301414357e+03	2.108639663425060928e-01	1.331497605858787681e-01	2.760630367529346985e-01	1.736171797875692702e-01	8.099622666477747368e-02	3.520296727861129543e-02	9.010686258724252828e-02
1.528735387515069533e+03	2.104044539297295069e-01	1.328312522705109022e-01	2.763555418987072021e-01	1.738228290090267913e-01	8.108563279506021682e-02	3.526796599862724174e-02	9.023232409785830743e-02
1.533573157728724709e+03	2.099476439822151874e-01	1.325146143620374029e-01	2.766463169937363742e-01	1.740271971796198136e-01	8.117458777604207032e-02	3.533261677119017147e-02	9.035702293467917645e-02
1.538410927942380113e+03	2.094935207532931942e-01	1.321998357572395644e-01	2.769353735037056730e-01	1.742302924420573718e-01	8.126309135345669010e-02	3.539692134814483720e-02	9.048096484162292119e-02
1.543248698156035516e+03	2.090420685836598125e-01	1.318869054194719559e-01	2.772227227718838116e-01	1.744321229206081958e-01	8.135114340788326959e-02	3.546088146387507689e-02	9.060415543213810874e-02
1.548086468369690692e+03	2.085932719011019121e-01	1.315758123783263012e-01	2.775083760223319707e-01	1.746326967173506550e-01	8.143874394712570519e-02	3.552449883601481451e-02	9.072660019726874747e-02
1.552924238583346096e+03	2.081471152202102048e-01	1.312665457292899185e-01	2.777923443629674582e-01	1.748320219087705907e-01	8.152589309901732417e-02	3.558777516612562919e-02	9.084830451313903599e-02
1.557762008797001272e+03	2.077035831420825096e-01	1.309590946333992478e-01	2.780746387884902582e-01	1.750301065426801694e-01	8.161259110462595889e-02	3.565071214034219033e-02	9.096927364789975101e-02
1.562599779010656675e+03	2.072626603540179968e-01	1.306534483168894922e-01	2.783552701831819576e-01	1.752269586354331388e-01	8.169883831183576139e-02	3.571331142998701580e-02	9.108951276817478515e-02
1.567437549224311852e+03	2.068243316292022460e-01	1.303495960708405399e-01	2.786342493235812179e-01	1.754225861694133359e-01	8.178463516928347055e-02	3.577557469215581626e-02	9.120902694504354202e-02
1.572275319437967255e+03	2.063885818263848926e-01	1.300475272508198055e-01	2.789115868810447818e-01	1.756169970907750788e-01	8.186998222062852326e-02	3.583750357027459810e-02	9.132782115959253710e-02
1.577113089651622431e+03	2.059553958895494752e-01	1.297472312765224345e-01	2.791872934241982351e-01	1.758101993074159541e-01	8.195488009913734495e-02	3.589909969462988515e-02	9.144590030806695746e-02
1.581950859865277607e+03	2.055247588475766496e-01	1.294486976314093429e-01	2.794613794212830737e-01	1.760022006871635736e-01	8.203932952256356992e-02	3.596036468287305138e-02	9.156326920665104618e-02
1.586788630078933011e+03	2.050966558139010187e-01	1.291519158623434804e-01	2.797338552424055158e-01	1.761930090561593665e-01	8.212333128830701101e-02	3.602130014049999274e-02	9.167993259590392907e-02
1.591626400292587959e+03	2.046710719861621064e-01	1.288568755792247056e-01	2.800047311616919998e-01	1.763826321974235056e-01	8.220688626883523864e-02	3.608190766130711657e-02	9.179589514487564161e-02
1.596464170506243590e+03	2.042479926458500017e-01	1.285635664546234125e-01	2.802740173593559758e-01	1.765710778495869493e-01	8.228999540735275342e-02	3.614218882782475190e-02	9.191116145492643497e-02
1.601301940719898766e+03	2.038274031579461743e-01	1.282719782234136574e-01	2.805417239236808746e-01	1.767583537057766108e-01	8.237265971370334727e-02	3.620214521172888944e-02	9.202573606327076050e-02
1.606139710933553943e+03	2.034092889705596541e-01	1.279821006824054808e-01	2.808078608529230857e-01	1.769444674126415262e-01	8.245488026049248298e-02	3.626177837423229938e-02	9.213962344626573653e-02
1.610977481147209119e+03	2.029936356145591592e-01	1.276939236899772567e-01	2.810724380571398284e-01	1.771294265695084746e-01	8.253665817941706340e-02	3.632108986645579685e-02	9.225282802246269342e-02
1.615815251360864750e+03	2.025804287032013928e-01	1.274074371657077931e-01	2.813354653599445254e-01	1.773132387276562250e-01	8.261799465779087748e-02	3.638008122978065445e-02	9.236535415543881133e-02
1.620653021574519926e+03	2.021696539317559826e-01	1.271226310900090140e-01	2.815969525001942309e-01	1.774959113896985852e-01	8.269889093525459312e-02	3.643875399618291822e-02	9.247720615642490705e-02
1.625490791788175102e+03	2.017612970771274217e-01	1.268394955037585314e-01	2.818569091336122212e-01	1.776774520090675380e-01	8.277934830065995786e-02	3.649710968855050114e-02	9.258838828674406662e-02
1.630328562001830505e+03	2.013553439974739012e-01	1.265580205079333553e-01	2.821153448343486358e-01	1.778578679895872205e-01	8.285936808911845142e-02	3.655514982098373444e-02	9.269890476007491831e-02
1.635166332215485909e+03	2.009517806318240063e-01	1.262781962632440191e-01	2.823722690964827198e-01	1.780371666851317813e-01	8.293895167920507794e-02	3.661287589908018836e-02	9.280875974455232713e-02
1.640004102429141085e+03	2.005505929996909409e-01	1.260000129897697607e-01	2.826276913354693332e-01	1.782153553993595652e-01	8.301810049030876326e-02	3.667028942020447713e-02	9.291795736471729350e-02
1.644841872642796488e+03	2.001517672006846993e-01	1.257234609665947300e-01	2.828816208895320594e-01	1.783924413855166313e-01	8.309681598012129411e-02	3.672739187374366582e-02	9.302650170332701918e-02
1.649679642856451665e+03	1.997552894141227109e-01	1.254485305314453625e-01	2.831340670210061305e-01	1.785684318463042486e-01	8.317509964225698604e-02	3.678418474134901445e-02	9.313439680303561841e-02
1.654517413070107068e+03	1.993611458986386809e-01	1.251752120803290291e-01	2.833850389176332807e-01	1.787433339338039551e-01	8.325295300399591925e-02	3.684066949716458678e-02	9.324164666795461964e-02
1.659355183283762244e+03	1.989693229917903206e-01	1.249034960671741440e-01	2.836345456938103582e-01	1.789171547494553538e-01	8.333037762414413629e-02	3.689684760804345237e-02	9.334825526510222293e-02
1.664192953497417420e+03	1.985798071096658013e-01	1.246333730034717285e-01	2.838825963917950834e-01	1.790899013440816478e-01	8.340737509100416835e-02	3.695272053375193294e-02	9.345422652574957023e-02
1.669030723711072824e+03	1.981925847464893198e-01	1.243648334579184472e-01	2.841291999828694514e-01	1.792615807179586962e-01	8.348394702045011662e-02	3.700828972716254522e-02	9.355956434667135613e-02
1.673868493924728000e+03	1.978076424742258310e-01	1.240978680560614889e-01	2.843743653684638883e-01	1.794321998209229552e-01	8.356009505410150195e-02	3.706355663443608450e-02	9.366427259130812033e-02
1.678706264138383403e+03	1.974249669421851983e-01	1.238324674799449465e-01	2.846181013812438265e-01	1.796017655525153078e-01	8.363582085759055373e-02	3.711852269519343162e-02	9.376835509084653630e-02
1.683544034352038352e+03	1.970445448766259267e-01	1.235686224677581824e-01	2.848604167861597536e-01	1.797702847621565625e-01	8.371112611891805277e-02	3.717318934267752756e-02	9.387181564522383004e-02
1.688381804565693983e+03	1.966663630803584251e-01	1.233063238134857603e-01	2.851013202814631775e-01	1.799377642493517893e-01	8.378601254689273248e-02	3.722755800390598752e-02	9.397465802406189395e-02
1.693219574779349159e+03	1.962904084323483511e-01	1.230455623665594883e-01	2.853408204996898956e-01	1.801042107639205525e-01	8.386048186965014417e-02	3.728163009981482617e-02	9.407688596753652210e-02
1.698057344993004335e+03	1.959166678873195400e-01	1.227863290315122785e-01	2.855789260086114556e-01	1.802696310062501528e-01	8.393453583324640699e-02	3.733540704539366206e-02	9.417850318718626323e-02
1.702895115206659511e+03	1.955451284753572938e-01	1.225286147676338949e-01	2.858156453121573071e-01	1.804340316275695466e-01	8.400817620032316468e-02	3.738889024981290055e-02	9.427951336666565152e-02
1.707732885420315142e+03	1.951757773015117547e-01	1.222724105886288382e-01	2.860509868513078091e-01	1.805974192302413350e-01	8.408140474883987747e-02	3.744208111654317300e-02	9.437992016244689530e-02
1.712570655633970318e+03	1.948086015454016384e-01	1.220177075622760204e-01	2.862849590049603155e-01	1.807598003680704335e-01	8.415422327086986842e-02	3.749498104346757343e-02	9.447972720447382622e-02
1.717408425847625494e+03	1.944435884608179677e-01	1.217644968100907582e-01	2.865175700907688361e-01	1.809211815466265083e-01	8.422663357145694640e-02	3.754759142298678964e-02	9.457893809677177244e-02
1.722246196061280898e+03	1.940807253753288886e-01	1.215127695069885272e-01	2.867488283659591630e-01	1.810815692235792362e-01	8.429863746752933040e-02	3.759991364211784370e-02	9.467755641801658961e-02
1.727083966274936301e+03	1.937199996898846532e-01	1.212625168809509796e-01	2.869787420281193491e-01	1.812409698090442223e-01	8.437023678686801642e-02	3.765194908258637230e-02	9.477558572206594423e-02
1.731921736488591478e+03	1.933613988784232129e-01	1.210137302126939735e-01	2.872073192159682598e-01	1.813993896659385485e-01	8.444143336712661707e-02	3.770369912091306452e-02	9.487302953845581921e-02
1.736759506702246881e+03	1.930049104874767274e-01	1.207664008353377255e-01	2.874345680101015876e-01	1.815568351103442057e-01	8.451222905490018977e-02	3.775516512849438205e-02	9.496989137286467042e-02
1.741597276915902057e+03	1.926505221357788511e-01	1.205205201340790316e-01	2.876604964337171055e-01	1.817133124118781862e-01	8.458262570484052778e-02	3.780634847167798490e-02	9.506617470754782917e-02
1.746435047129557461e+03	1.922982215138727413e-01	1.202760795458655829e-01	2.878851124533197692e-01	1.818688277940685993e-01	8.465262517881537441e-02	3.785725051183298773e-02	9.516188300174437120e-02
1.751272817343212637e+03	1.919479963837202041e-01	1.200330705590724606e-01	2.881084239794080570e-01	1.820233874347350622e-01	8.472222934510967307e-02	3.790787260541544912e-02	9.525701969205857544e-02
1.756110587556867813e+03	1.915998345783115064e-01	1.197914847131806432e-01	2.883304388671410479e-01	1.821769974663728919e-01	8.479144007766629965e-02	3.795821610402923957e-02	9.535158819281780440e-02
1.760948357770523216e+03	1.912537240012766870e-01	1.195513135984577480e-01	2.885511649169887338e-01	1.823296639765401017e-01	8.486025925536466730e-02	3.800828235448263509e-02	9.544559189640886010e-02
1.765786127984178393e+03	1.909096526264974780e-01	1.193125488556407432e-01	2.887706098753646256e-01	1.824813930082466451e-01	8.492868876133509437e-02	3.805807269884075444e-02	9.553903417359412009e-02
1.770623898197833569e+03	1.905676084977207529e-01	1.190751821756209083e-01	2.889887814352425921e-01	1.826321905603445206e-01	8.499673048230713124e-02	3.810758847447411751e-02	9.563191837380931315e-02
1.775461668411488745e+03	1.902275797281730574e-01	1.188392052991307790e-01	2.892056872367582132e-01	1.827820625879191252e-01	8.506438630799037504e-02	3.815683101410358158e-02	9.572424782544421140e-02
1.780299438625144376e+03	1.898895545001761942e-01	1.186046100164332567e-01	2.894213348677943665e-01	1.829310150026803028e-01	8.513165813048588493e-02	3.820580164584175265e-02	9.581602583610754342e-02
1.785137208838799552e+03	1.895535210647643354e-01	1.183713881670127449e-01	2.896357318645536028e-01	1.830790536733531149e-01	8.519854784372687950e-02	3.825450169323114241e-02	9.590725569287748831e-02
1.789974979052454728e+03	1.892194677413023829e-01	1.181395316392684636e-01	2.898488857121155338e-01	1.832261844260679728e-01	8.526505734294714811e-02	3.830293247527920275e-02	9.599794066253865277e-02
1.794812749266109904e+03	1.888873829171056062e-01	1.179090323702097071e-01	2.900608038449818959e-01	1.833724130447489664e-01	8.533118852417595490e-02	3.835109530649049442e-02	9.608808399180673865e-02
1.799650519479765535e+03	1.885572550470606401e-01	1.176798823451533221e-01	2.902714936476082919e-01	1.835177452715010260e-01	8.539694328375802002e-02	3.839899149689603164e-02	9.617768890754195554e-02
1.804488289693420711e+03	1.882290726532481751e-01	1.174520735974230318e-01	2.904809624549241076e-01	1.836621868069947261e-01	8.546232351789741222e-02	3.844662235208007317e-02	9.626675861695177527e-02
1.809326059907075887e+03	1.879028243245666752e-01	1.172255982080510212e-01	2.906892175528399958e-01	1.838057433108488958e-01	8.552733112222414558e-02	3.849398917320448477e-02	9.635529630778406907e-02
1.814163830120731291e+03	1.875784987163578998e-01	1.170004483054813971e-01	2.908962661787447557e-01	1.839484204020105651e-01	8.559196799138249490e-02	3.854109325703074240e-02	9.644330514851140457e-02
1.819001600334386467e+03	1.872560845500337301e-01	1.167766160652757013e-01	2.911021155219907786e-01	1.840902236591322738e-01	8.565623601863986414e-02	3.858793589593983997e-02	9.653078828850708559e-02
1.823839370548041643e+03	1.869355706127046046e-01	1.165540937098204638e-01	2.913067727243690563e-01	1.842311586209460783e-01	8.572013709551526417e-02	3.863451837795011529e-02	9.661774885821362846e-02
1.828677140761696819e+03	1.866169457568095102e-01	1.163328735080367271e-01	2.915102448805744206e-01	1.843712307866344768e-01	8.578367311142642837e-02	3.868084198673324425e-02	9.670418996930435496e-02
1.833514910975352450e+03	1.863001988997474989e-01	1.161129477750915406e-01	2.917125390386605122e-01	1.845104456161979767e-01	8.584684595335480284e-02	3.872690800162832681e-02	9.679011471483849050e-02
1.838352681189008081e+03	1.859853190235106757e-01	1.158943088721113984e-01	2.919136622004856463e-01	1.846488085308190807e-01	8.590965750552743974e-02	3.877271769765447407e-02	9.687552616941043360e-02
1.843190451402663257e+03	1.856722951743190742e-01	1.156769492058977028e-01	2.921136213221495748e-01	1.847863249132226937e-01	8.597210964911494724e-02	3.881827234552167466e-02	9.696042738929357141e-02
1.848028221616318433e+03	1.853611164622566976e-01	1.154608612286440322e-01	2.923124233144214767e-01	1.849230001080327257e-01	8.603420426194487158e-02	3.886357321164031486e-02	9.704482141257912697e-02
1.852865991829973609e+03	1.850517720609097527e-01	1.152460374376555186e-01	2.925100750431595675e-01	1.850588394221249766e-01	8.609594321822978957e-02	3.890862155812926243e-02	9.712871125931044070e-02
1.857703762043628785e+03	1.847442512070059106e-01	1.150324703750699451e-01	2.927065833297224362e-01	1.851938481249760793e-01	8.615732838830925111e-02	3.895341864282277078e-02	9.721209993161292195e-02
1.862541532257283961e+03	1.844385432000557601e-01	1.148201526275808848e-01	2.929019549513727227e-01	1.853280314490085012e-01	8.621836163840509992e-02	3.899796571927611338e-02	9.729499041382025371e-02
1.867379302470939592e+03	1.841346374019954824e-01	1.146090768261626286e-01	2.930961966416731346e-01	1.854613945899315497e-01	8.627904483038945083e-02	3.904226403677018425e-02	9.737738567259691946e-02
1.872217072684594768e+03	1.838325232368315520e-01	1.143992356457969595e-01	2.932893150908749691e-01	1.855939427070784353e-01	8.633937982156476842e-02	3.908631484031509923e-02	9.745928865705751065e-02
1.877054842898249490e+03	1.835321901902868813e-01	1.141906218052018834e-01	2.934813169462998639e-01	1.857256809237393391e-01	8.639936846445549212e-02	3.913011937065280499e-02	9.754070229888299470e-02
1.881892613111905121e+03	1.832336278094487680e-01	1.139832280665621506e-01	2.936722088127143859e-01	1.858566143274902049e-01	8.645901260661066623e-02	3.917367886425889706e-02	9.762162951243412434e-02
1.886730383325560297e+03	1.829368257024183986e-01	1.137770472352615247e-01	2.938619972526984592e-01	1.859867479705177851e-01	8.651831409041699228e-02	3.921699455334358431e-02	9.770207319486243214e-02
1.891568153539215928e+03	1.826417735379622376e-01	1.135720721596169408e-01	2.940506887870066310e-01	1.861160868699405502e-01	8.657727475292206765e-02	3.926006766585198038e-02	9.778203622621872704e-02
1.896405923752871104e+03	1.823484610451650001e-01	1.133682957306144379e-01	2.942382898949241210e-01	1.862446360081254915e-01	8.663589642566692228e-02	3.930289942546369431e-02	9.786152146955949538e-02
1.901243693966526507e+03	1.820568780130843722e-01	1.131657108816468554e-01	2.944248070146158747e-01	1.863724003330009815e-01	8.669418093452789520e-02	3.934549105159182436e-02	9.794053177105133123e-02
1.906081464180181683e+03	1.817670142904074526e-01	1.129643105882533055e-01	2.946102465434707329e-01	1.864993847583657216e-01	8.675213009956705967e-02	3.938784375938143845e-02	9.801906996007342388e-02
1.910919234393836859e+03	1.814788597851088314e-01	1.127640878678603659e-01	2.947946148384393839e-01	1.866255941641934979e-01	8.680974573489105839e-02	3.942995875970749242e-02	9.809713884931851868e-02
1.915757004607492036e+03	1.811924044641105291e-01	1.125650357795251050e-01	2.949779182163669300e-01	1.867510333969343850e-01	8.686702964851775177e-02	3.947183725917237374e-02	9.817474123489208782e-02
1.920594774821147894e+03	1.809076383529435450e-01	1.123671474236796614e-01	2.951601629543205152e-01	1.868757072698116750e-01	8.692398364225049912e-02	3.951348046010298709e-02	9.825187989641025188e-02
1.925432545034802843e+03	1.806245515354111819e-01	1.121704159418776686e-01	2.953413552899114558e-01	1.869996205631152542e-01	8.698060951155969778e-02	3.955488956054754868e-02	9.832855759709629995e-02
1.930270315248458019e+03	1.803431341532540366e-01	1.119748345165423181e-01	2.955215014216126534e-01	1.871227780244910099e-01	8.703690904547102536e-02	3.959606575427201264e-02	9.840477708387594669e-02
1.935108085462113195e+03	1.800633764058167940e-01	1.117803963707161147e-01	2.957006075090712338e-01	1.872451843692265749e-01	8.709288402646052363e-02	3.963701023075628244e-02	9.848054108747150703e-02
1.939945855675768371e+03	1.797852685497166314e-01	1.115870947678122976e-01	2.958786796734160229e-01	1.873668442805331846e-01	8.714853623035578867e-02	3.967772417519013078e-02	9.855585232249494676e-02
1.944783625889424002e+03	1.795088008985134820e-01	1.113949230113678579e-01	2.960557239975612487e-01	1.874877624098241213e-01	8.720386742624323950e-02	3.971820876846900855e-02	9.863071348754004486e-02
1.949621396103079178e+03	1.792339638223819642e-01	1.112038744447983313e-01	2.962317465265051908e-01	1.876079433769893001e-01	8.725887937638103498e-02	3.975846518718959000e-02	9.870512726527354286e-02
1.954459166316734354e+03	1.789607477477850317e-01	1.110139424511540074e-01	2.964067532676251115e-01	1.877273917706664130e-01	8.731357383611758338e-02	3.979849460364529717e-02	9.877909632252551697e-02
1.959296936530389530e+03	1.786891431571492328e-01	1.108251204528779843e-01	2.965807501909673571e-01	1.878461121485085761e-01	8.736795255381521463e-02	3.983829818582163007e-02	9.885262331037893146e-02
1.964134706744044706e+03	1.784191405885419135e-01	1.106374019115656387e-01	2.967537432295341282e-01	1.879641090374484236e-01	8.742201727077882067e-02	3.987787709739149672e-02	9.892571086425847038e-02
1.968972476957700337e+03	1.781507306353498910e-01	1.104507803277257616e-01	2.969257382795658096e-01	1.880813869339589273e-01	8.747576972118932537e-02	3.991723249771046006e-02	9.899836160401867535e-02
1.973810247171355968e+03	1.778839039459600979e-01	1.102652492405432200e-01	2.970967412008198583e-01	1.881979503043105795e-01	8.752921163204173405e-02	3.995636554181199868e-02	9.907057813403136182e-02
1.978648017385010689e+03	1.776186512234416703e-01	1.100808022276433262e-01	2.972667578168454172e-01	1.883138035848256620e-01	8.758234472308742968e-02	3.999527738040273978e-02	9.914236304327257721e-02
1.983485787598666320e+03	1.773549632252299224e-01	1.098974329048574422e-01	2.974357939152550978e-01	1.884289511821289897e-01	8.763517070678075727e-02	4.003396915985772686e-02	9.921371890540882366e-02
1.988323557812321269e+03	1.770928307628119591e-01	1.097151349259904984e-01	2.976038552479926547e-01	1.885433974733956020e-01	8.768769128822945236e-02	4.007244202221577761e-02	9.928464827888280886e-02
1.993161328025976900e+03	1.768322447014139542e-01	1.095339019825897625e-01	2.977709475315973298e-01	1.886571468065951218e-01	8.773990816514903868e-02	4.011069710517484871e-02	9.935515370699873894e-02
1.997999098239632076e+03	1.765731959596902600e-01	1.093537278037152033e-01	2.979370764474648103e-01	1.887702035007332579e-01	8.779182302782070901e-02	4.014873554208753942e-02	9.942523771800700072e-02
2.002836868453287707e+03	1.763156755094140160e-01	1.091746061557113540e-01	2.981022476421054113e-01	1.888825718460901693e-01	8.784343755905271722e-02	4.018655846195665765e-02	9.949490282518841378e-02
2.007674638666942428e+03	1.760596743751695059e-01	1.089965308419807016e-01	2.982664667273984827e-01	1.889942561044558600e-01	8.789475343414514252e-02	4.022416698943092478e-02	9.956415152693810777e-02
2.012512408880597604e+03	1.758051836340463747e-01	1.088194957027584786e-01	2.984297392808438198e-01	1.891052605093625771e-01	8.794577232085769303e-02	4.026156224480082618e-02	9.963298630684885859e-02
2.017350179094252780e+03	1.755521944153352054e-01	1.086434946148889247e-01	2.985920708458105199e-01	1.892155892663144878e-01	8.799649587938072892e-02	4.029874534399458669e-02	9.970140963379406362e-02
2.022187949307908411e+03	1.753006979002250110e-01	1.084685214916030760e-01	2.987534669317824521e-01	1.893252465530143869e-01	8.804692576230900569e-02	4.033571739857433336e-02	9.976942396201030072e-02
2.027025719521564042e+03	1.750506853215023362e-01	1.082945702822978584e-01	2.989139330146006190e-01	1.894342365195876565e-01	8.809706361461822066e-02	4.037247951573236932e-02	9.983703173117955409e-02
2.031863489735218764e+03	1.748021479632518582e-01	1.081216349723167769e-01	2.990734745367035208e-01	1.895425632888035616e-01	8.814691107364429346e-02	4.040903279828773204e-02	9.990423536651094061e-02
2.036701259948874394e+03	1.745550771605588747e-01	1.079497095827319092e-01	2.992320969073639647e-01	1.896502309562938526e-01	8.819646976906504732e-02	4.044537834468284881e-02	9.997103727882217239e-02
2.041539030162529116e+03	1.743094642992133458e-01	1.077787881701272737e-01	2.993898055029238781e-01	1.897572435907687316e-01	8.824574132288437456e-02	4.048151724898044201e-02	1.000374398646206031e-01
2.046376800376184747e+03	1.740653008154155190e-01	1.076088648263837239e-01	2.995466056670259003e-01	1.898636052342301817e-01	8.829472734941869183e-02	4.051745060086065636e-02	1.001034455061839551e-01
2.051214570589840150e+03	1.738225781954832738e-01	1.074399336784651049e-01	2.997025027108427553e-01	1.899693199021828260e-01	8.834342945528557423e-02	4.055317948561835972e-02	1.001690565716406855e-01
2.056052340803495554e+03	1.735812879755611049e-01	1.072719888882058409e-01	2.998575019133040143e-01	1.900743915838423725e-01	8.839184923939454042e-02	4.058870498416070061e-02	1.002342754150499504e-01
2.060890111017150957e+03	1.733414217413305480e-01	1.071050246520998811e-01	3.000116085213206385e-01	1.901788242423414488e-01	8.843998829293978070e-02	4.062402817300490160e-02	1.002991043764813461e-01
2.065727881230805451e+03	1.731029711277224381e-01	1.069390352010909928e-01	3.001648277500066353e-01	1.902826218149331616e-01	8.848784819939485569e-02	4.065915012427627484e-02	1.003635457820941795e-01
2.070565651444461309e+03	1.728659278186307491e-01	1.067740148003643447e-01	3.003171647828988267e-01	1.903857882131922696e-01	8.853543053450924072e-02	4.069407190570649424e-02	1.004276019442165435e-01
2.075403421658116713e+03	1.726302835466279051e-01	1.066099577491395611e-01	3.004686247721744530e-01	1.904883273232139684e-01	8.858273686630653565e-02	4.072879458063208974e-02	1.004912751614239347e-01
2.080241191871772116e+03	1.723960300926818123e-01	1.064468583804649704e-01	3.006192128388657236e-01	1.905902430058106500e-01	8.862976875508447872e-02	4.076331920799321912e-02	1.005545677186176490e-01
2.085078962085427065e+03	1.721631592858744453e-01	1.062847110610131290e-01	3.007689340730729244e-01	1.906915390967061641e-01	8.867652775341640370e-02	4.079764684233268962e-02	1.006174818871027193e-01
2.089916732299082469e+03	1.719316630031220150e-01	1.061235101908778317e-01	3.009177935341753041e-01	1.907922194067279975e-01	8.872301540615434856e-02	4.083177853379522243e-02	1.006800199246657285e-01
