1.132038229995336451e+03	2.586471641492506524e-01	1.663002511991401033e-01	2.450719224363456794e-01	1.524903445096061072e-01	7.341172225006228902e-02	2.854408763336108504e-02	7.553450782175326339e-02
1.136876000208991627e+03	2.579095326412945699e-01	1.657879568592559028e-01	2.455736920141501911e-01	1.527795351125552925e-01	7.345614168094186103e-02	2.865005897076698324e-02	7.584308272055440003e-02
1.141713770422646803e+03	2.571760716947557590e-01	1.652785824559972749e-01	2.460709949104605276e-01	1.530706962469079446e-01	7.350553564962788999e-02	2.875510377501449069e-02	7.614301526675529286e-02
1.146551540636302207e+03	2.564467666242696287e-01	1.647721182887077196e-01	2.465639447510480087e-01	1.533635391142273430e-01	7.355955546938416911e-02	2.885924813180094917e-02	7.643482762008142750e-02
1.151389310849957155e+03	2.557216022265591526e-01	1.642685541618947864e-01	2.470526492010401420e-01	1.536577962035899914e-01	7.361787477891981735e-02	2.896251679501677181e-02	7.671900663249855978e-02
1.156227081063612786e+03	2.550005628220247678e-01	1.637678794268079552e-01	2.475372103343007890e-01	1.539532198144593911e-01	7.368018809369857036e-02	2.906493326192844534e-02	7.699600624629932000e-02
1.161064851277267962e+03	2.542836322935773663e-01	1.632700830201164743e-01	2.480177249789722316e-01	1.542495806805118941e-01	7.374620945258644755e-02	2.916651984391946048e-02	7.726624972983535400e-02
1.165902621490923138e+03	2.535707941228971252e-01	1.627751534998849170e-01	2.484942850407456105e-01	1.545466666875620620e-01	7.381567115350695651e-02	2.926729773306238624e-02	7.753013176186018818e-02
1.170740391704578315e+03	2.528620314242878142e-01	1.622830790790311117e-01	2.489669778053208993e-01	1.548442816791971988e-01	7.388832257219533906e-02	2.936728706477804290e-02	7.778802037470880504e-02
1.175578161918233945e+03	2.521573269762854008e-01	1.617938476564378669e-01	2.494358862214221539e-01	1.551422443441645704e-01	7.396392905853786670e-02	2.946650697682141884e-02	7.804025876584998189e-02
1.180415932131889122e+03	2.514566632511686106e-01	1.613074468458789157e-01	2.499010891656418265e-01	1.554403871799563130e-01	7.404227090535019096e-02	2.956497566481886344e-02	7.828716698670459828e-02
1.185253702345544298e+03	2.507600224425104440e-01	1.608238640029085176e-01	2.503626616903047442e-01	1.557385555274140299e-01	7.412314238479199291e-02	2.966271043456688433e-02	7.852904351702268138e-02
1.190091472559199701e+03	2.500673864908990462e-01	1.603430862498539111e-01	2.508206752554628660e-01	1.560366066715250799e-01	7.420635084793586467e-02	2.975972775128958234e-02	7.876616673255300294e-02
1.194929242772855105e+03	2.493787371079484172e-01	1.598651004990400415e-01	2.512751979460581264e-01	1.563344090039092693e-01	7.429171588330690801e-02	2.985604328603938193e-02	7.899879627321720887e-02
1.199767012986510281e+03	2.486940557987123157e-01	1.593898934743679385e-01	2.517262946752231167e-01	1.566318412427998574e-01	7.437906853048852074e-02	2.995167195941408553e-02	7.922717431851350467e-02
1.204604783200165684e+03	2.480133238826051911e-01	1.589174517313594326e-01	2.521740273746237992e-01	1.569287917066064797e-01	7.446825054515029962e-02	3.004662798275238231e-02	7.945152677642176864e-02
1.209442553413820860e+03	2.473365225129294243e-01	1.584477616757730134e-01	2.526184551726901040e-01	1.572251576374124882e-01	7.455911371209643368e-02	3.014092489695986352e-02	7.967206439165809562e-02
1.214280323627476264e+03	2.466636326950993607e-01	1.579808095808890867e-01	2.530596345615230280e-01	1.575208445710073180e-01	7.465151920316007161e-02	3.023457560910798592e-02	7.988898377873268619e-02
1.219118093841131440e+03	2.459946353036486233e-01	1.575165816035560551e-01	2.534976195532157583e-01	1.578157657502830269e-01	7.474533697697986756e-02	3.032759242693960910e-02	8.010246838489659682e-02
1.223955864054786844e+03	2.453295110981000837e-01	1.570550637990816290e-01	2.539324618262777666e-01	1.581098415790410938e-01	7.484044521789284810e-02	3.041998709140637108e-02	8.031268938771969623e-02
1.228793634268442020e+03	2.446682407377728796e-01	1.565962421350497735e-01	2.543642108628041409e-01	1.584029991134539017e-01	7.493672981136154099e-02	3.051177080735532551e-02	8.051980653172197133e-02
1.233631404482097196e+03	2.440108047955966697e-01	1.561401025041359858e-01	2.547929140769913392e-01	1.586951715886136260e-01	7.503408385352490495e-02	3.060295427247511357e-02	8.072396890818192561e-02
1.238469174695752372e+03	2.433571837709977426e-01	1.556866307359908441e-01	2.552186169355609713e-01	1.589862979777743046e-01	7.513240719262331835e-02	3.069354770460493501e-02	8.092531568196752179e-02
1.243306944909407548e+03	2.427073581019179027e-01	1.552358126082553080e-01	2.556413630706149132e-01	1.592763225820559292e-01	7.523160600019714039e-02	3.078356086750329984e-02	8.112397676897510623e-02
1.248144715123063179e+03	2.420613081760228380e-01	1.547876338567681920e-01	2.560611943854124162e-01	1.595651946485305284e-01	7.533159237009814935e-02	3.087300309516757130e-02	8.132007346751991828e-02
1.252982485336718355e+03	2.414190143411529543e-01	1.543420801850210189e-01	2.564781511535256797e-01	1.598528680147511816e-01	7.543228394348315546e-02	3.096188331478961359e-02	8.151371904679603764e-02
1.257820255550373531e+03	2.407804569150661100e-01	1.538991372729126283e-01	2.568922721118025998e-01	1.601393007779168820e-01	7.553360355808100279e-02	3.105021006842771658e-02	8.170501929531270857e-02
1.262658025764028707e+03	2.401456161945187684e-01	1.534587907848516952e-01	2.573035945475350972e-01	1.604244549869885406e-01	7.563547892013751384e-02	3.113799153346997681e-02	8.189407303201810817e-02
1.267495795977684338e+03	2.395144724637281730e-01	1.530210263772524004e-01	2.577121543802067261e-01	1.607082963561861644e-01	7.573784229754849939e-02	3.122523554195977616e-02	8.208097258263803708e-02
1.272333566191339514e+03	2.388870060022566799e-01	1.525858297054654422e-01	2.581179862381679513e-01	1.609907939984034642e-01	7.584063023279023763e-02	3.131194959884959356e-02	8.226580422358641120e-02
1.277171336404994690e+03	2.382631970923550779e-01	1.521531864301831627e-01	2.585211235305655553e-01	1.612719201771762867e-01	7.594378327434878062e-02	3.139814089924546775e-02	8.244864859564547677e-02
1.282009106618650094e+03	2.376430260258009242e-01	1.517230822233557874e-01	2.589215985148298760e-01	1.615516500759327512e-01	7.604724572543550276e-02	3.148381634470057838e-02	8.262958108946447111e-02
1.286846876832305497e+03	2.370264731102639522e-01	1.512955027736522240e-01	2.593194423600052034e-01	1.618299615833413141e-01	7.615096540885664400e-02	3.156898255861282504e-02	8.280867220478775603e-02
1.291684647045960673e+03	2.364135186752303885e-01	1.508704337914977267e-01	2.597146852061892330e-01	1.621068350936512026e-01	7.625489344697973515e-02	3.165364590077806434e-02	8.298598788519361003e-02
1.296522417259616077e+03	2.358041430775134617e-01	1.504478610137174877e-01	2.601073562203297107e-01	1.623822533209972885e-01	7.635898405580955617e-02	3.173781248114745240e-02	8.316158983000503102e-02
1.301360187473271253e+03	2.351983267063784411e-01	1.500277702078136322e-01	2.604974836486113610e-01	1.626562011267093100e-01	7.646319435225165662e-02	3.182148817283452641e-02	8.333553578492106095e-02
1.306197957686926657e+03	2.345960499883059935e-01	1.496101471759018475e-01	2.608850948656499802e-01	1.629286653587321831e-01	7.656748417370250193e-02	3.190467862441476177e-02	8.350787981281274086e-02
1.311035727900581833e+03	2.339972933914182818e-01	1.491949777583304881e-01	2.612702164206968103e-01	1.631996347023242921e-01	7.667181590916206935e-02	3.198738927155798245e-02	8.367867254603010563e-02
1.315873498114237009e+03	2.334020374295889266e-01	1.487822478370055268e-01	2.616528740810433185e-01	1.634690995412572401e-01	7.677615434111800807e-02	3.206962534803144138e-02	8.384796142147556142e-02
1.320711268327892412e+03	2.328102626662579278e-01	1.483719433384410036e-01	2.620330928728037967e-01	1.637370518287945553e-01	7.688046649749982753e-02	3.215139189610913273e-02	8.401579089961379310e-02
1.325549038541547588e+03	2.322219497179702496e-01	1.479640502365550669e-01	2.624108971192414819e-01	1.640034849677746154e-01	7.698472151304812383e-02	3.223269377642089956e-02	8.418220266850967581e-02
1.330386808755202765e+03	2.316370792576560866e-01	1.475585545552291211e-01	2.627863104767941271e-01	1.642683936991699012e-01	7.708889049948672301e-02	3.231353567727286019e-02	8.434723583391127988e-02
1.335224578968857941e+03	2.310556320176696266e-01	1.471554423706469550e-01	2.631593559689437978e-01	1.645317739985379113e-01	7.719294642392644790e-02	3.239392212346866445e-02	8.451092709632675171e-02
1.340062349182513572e+03	2.304775887926017175e-01	1.467546998134294234e-01	2.635300560180662832e-01	1.647936229798180052e-01	7.729686399496615845e-02	3.247385748465964755e-02	8.467331091597897486e-02
1.344900119396168748e+03	2.299029304418812591e-01	1.463563130705791970e-01	2.638984324753880228e-01	1.650539388059663604e-01	7.740061955599258914e-02	3.255334598325003437e-02	8.483441966646276811e-02
1.349737889609823924e+03	2.293316378921788634e-01	1.459602683872489592e-01	2.642645066491686734e-01	1.653127206059560039e-01	7.750419098521284245e-02	3.263239170188191041e-02	8.499428377787299205e-02
1.354575659823479100e+03	2.287636921396254963e-01	1.455665520683458725e-01	2.646282993312205623e-01	1.655699683977006065e-01	7.760755760198415065e-02	3.271099859052332276e-02	8.515293187012025478e-02
1.359413430037134731e+03	2.281990742518582027e-01	1.451751504799838888e-01	2.649898308218689436e-01	1.658256830164917817e-01	7.771070007903417565e-02	3.278917047318131300e-02	8.531039087710196034e-02
1.364251200250789907e+03	2.276377653699038772e-01	1.447860500507946180e-01	2.653491209534509232e-01	1.660798660485666434e-01	7.781360036019192850e-02	3.286691105426058079e-02	8.546668616235168769e-02
1.369088970464445310e+03	2.270797467099118228e-01	1.443992372731074114e-01	2.657061891124428143e-01	1.663325197694498214e-01	7.791624158327388472e-02	3.294422392458728338e-02	8.562184162674725540e-02
1.373926740678100487e+03	2.265249995647442560e-01	1.440146987040074600e-01	2.660610542603025208e-01	1.665836470867373964e-01	7.801860800779372718e-02	3.302111256711616483e-02	8.577587980881870577e-02
1.378764510891755890e+03	2.259735053054348908e-01	1.436324209662813711e-01	2.664137349531056631e-01	1.668332514870137229e-01	7.812068494718549250e-02	3.309758036233838990e-02	8.592882197816067991e-02
1.383602281105411066e+03	2.254252453825229818e-01	1.432523907492578019e-01	2.667642493600504427e-01	1.670813369866129827e-01	7.822245870525024181e-02	3.317363059340633358e-02	8.608068822241948803e-02
1.388440051319066470e+03	2.248802013272716838e-01	1.428745948095511420e-01	2.671126152809006893e-01	1.673279080859572665e-01	7.832391651655565279e-02	3.324926645099066103e-02	8.623149752829320502e-02
1.393277821532721646e+03	2.243383547527778021e-01	1.424990199717153794e-01	2.674588501624333703e-01	1.675729697272212715e-01	7.842504649053502752e-02	3.332449103788413802e-02	8.638126785695333931e-02
1.398115591746377049e+03	2.237996873549799870e-01	1.421256531288144220e-01	2.678029711139505720e-01	1.678165272550908305e-01	7.852583755904941898e-02	3.339930737336589683e-02	8.653001621426917311e-02
1.402953361960032225e+03	2.232641809135721134e-01	1.417544812429152867e-01	2.681449949219140705e-01	1.680585863803986391e-01	7.862627942719145613e-02	3.347371839733897375e-02	8.667775871618975392e-02
1.407791132173687402e+03	2.227318172928275386e-01	1.413854913455097340e-01	2.684849380637558958e-01	1.682991531464352875e-01	7.872636252712433835e-02	3.354772697425325440e-02	8.682451064961428655e-02
1.412628902387342805e+03	2.222025784423403705e-01	1.410186705378698446e-01	2.688228167209149033e-01	1.685382338977478855e-01	7.882607797476237632e-02	3.362133589682533147e-02	8.697028652905965107e-02
1.417466672600997981e+03	2.216764463976889643e-01	1.406540059913421736e-01	2.691586467911470382e-01	1.687758352512510329e-01	7.892541752911268194e-02	3.369454788956605801e-02	8.711510014941241387e-02
1.422304442814653157e+03	2.211534032810265893e-01	1.402914849475853654e-01	2.694924439001527006e-01	1.690119640694874581e-01	7.902437355410885100e-02	3.376736561212600324e-02	8.725896463503336753e-02
1.427142213028308333e+03	2.206334313016040383e-01	1.399310947187553944e-01	2.698242234125628469e-01	1.692466274358866429e-01	7.912293898277872328e-02	3.383979166246849773e-02	8.740189248546428868e-02
1.431979983241963964e+03	2.201165127562285939e-01	1.395728226876424283e-01	2.701540004423221841e-01	1.694798326318799619e-01	7.922110728359829657e-02	3.391182857987932314e-02	8.754389561796967201e-02
1.436817753455619140e+03	2.196026300296633760e-01	1.392166563077629760e-01	2.704817898625064831e-01	1.697115871157413303e-01	7.931887242889397449e-02	3.398347884782165762e-02	8.768498540713062783e-02
1.441655523669274316e+03	2.190917655949710663e-01	1.388625831034106806e-01	2.708076063146073187e-01	1.699418985030307083e-01	7.941622886516354340e-02	3.405474489664443022e-02	8.782517272169269862e-02
1.446493293882929493e+03	2.185839020138055089e-01	1.385105906696691980e-01	2.711314642173157097e-01	1.701707745485266654e-01	7.951317148519521094e-02	3.412562910615172390e-02	8.796446795885647096e-02
1.451331064096585123e+03	2.180790219366543492e-01	1.381606666723899923e-01	2.714533777748357468e-01	1.703982231295420591e-01	7.960969560187163008e-02	3.419613380804049224e-02	8.810288107618625963e-02
1.456168834310240300e+03	2.175771081030365428e-01	1.378127988481376021e-01	2.717733609847550191e-01	1.706242522305242149e-01	7.970579692355313217e-02	3.426626128821346623e-02	8.824042162130057987e-02
1.461006604523895703e+03	2.170781433416567596e-01	1.374669750041054572e-01	2.720914276454986513e-01	1.708488699288476520e-01	7.980147153094119261e-02	3.433601378897373213e-02	8.837709875949710525e-02
1.465844374737550879e+03	2.165821105705204308e-01	1.371231830180039690e-01	2.724075913633915436e-01	1.710720843817140902e-01	7.989671585532961973e-02	3.440539351110707966e-02	8.851292129945385889e-02
1.470682144951206283e+03	2.160889927970110480e-01	1.367814108379238613e-01	2.727218655593514063e-01	1.712939038140803005e-01	7.999152665815670304e-02	3.447440261585797000e-02	8.864789771713928179e-02
1.475519915164861459e+03	2.155987731179332678e-01	1.364416464821759656e-01	2.730342634752349618e-01	1.715143365075397774e-01	8.008590101177748277e-02	3.454304322680455674e-02	8.878203617805456582e-02
1.480357685378516862e+03	2.151114347195228760e-01	1.361038780391100877e-01	2.733447981798570181e-01	1.717333907900894518e-01	8.017983628138014573e-02	3.461131743163799179e-02	8.891534455792307612e-02
1.485195455592172038e+03	2.146269608774267756e-01	1.357680936669144467e-01	2.736534825747016786e-01	1.719510750267173871e-01	8.027333010797549351e-02	3.467922728385092884e-02	8.904783046193404106e-02
1.490033225805827215e+03	2.141453349566543318e-01	1.354342815933972100e-01	2.739603293993436162e-01	1.721673976107522819e-01	8.036638039239316078e-02	3.474677480433981114e-02	8.917950124264037437e-02
1.494870996019482618e+03	2.136665404115025146e-01	1.351024301157518759e-01	2.742653512365960666e-01	1.723823669559189919e-01	8.045898528022227270e-02	3.481396198292547456e-02	8.931036401660354118e-02
1.499708766233137567e+03	2.131905607854559792e-01	1.347725276003078343e-01	2.745685605174015831e-01	1.725959914890488056e-01	8.055114314763839323e-02	3.488079077979603509e-02	8.944042567987207926e-02
1.504546536446793198e+03	2.127173797110641085e-01	1.344445624822673546e-01	2.748699695254796516e-01	1.728082796433967616e-01	8.064285258806211387e-02	3.494726312687625180e-02	8.956969292237446090e-02
1.509384306660448374e+03	2.122469809097965732e-01	1.341185232654303339e-01	2.751695904017458782e-01	1.730192398525211561e-01	8.073411239959830954e-02	3.501338092912687633e-02	8.969817224130162414e-02
1.514222076874103550e+03	2.117793481918787413e-01	1.337943985219078313e-01	2.754674351485149608e-01	1.732288805446842994e-01	8.082492157320822490e-02	3.507914606577771516e-02	8.982586995354899240e-02
1.519059847087758726e+03	2.113144654561083802e-01	1.334721768918255003e-01	2.757635156335007665e-01	1.734372101377355813e-01	8.091527928156962146e-02	3.514456039149759653e-02	8.995279220728337466e-02
1.523897617301414357e+03	2.108523166896546785e-01	1.331518470830180823e-01	2.760578435936236197e-01	1.736442370344415120e-01	8.100518486858289402e-02	3.520962573750454488e-02	9.007894499269548938e-02
1.528735387515069533e+03	2.103928859678413366e-01	1.328333978707152696e-01	2.763504306386369014e-01	1.738499696182293774e-01	8.109463783948415994e-02	3.527434391261916741e-02	9.020433415199463623e-02
1.533573157728724709e+03	2.099361574539139741e-01	1.325168180972204623e-01	2.766412882545823404e-01	1.740544162493136426e-01	8.118363785152812873e-02	3.533871670426400741e-02	9.032896538869830683e-02
1.538410927942380113e+03	2.094821153987939111e-01	1.322020966715829193e-01	2.769304278070837677e-01	1.742575852611761567e-01	8.127218470520659876e-02	3.540274587941169560e-02	9.045284427626582024e-02
1.543248698156035516e+03	2.090307441408185418e-01	1.318892225692636644e-01	2.772178605444882704e-01	1.744594849573743167e-01	8.136027833596998216e-02	3.546643318548442503e-02	9.057597626612172437e-02
1.548086468369690692e+03	2.085820281054695247e-01	1.315781848317966463e-01	2.775035976008630723e-01	1.746601236086512965e-01	8.144791880642174298e-02	3.552978035120715056e-02	9.069836669511147087e-02
1.552924238583346096e+03	2.081359518050897028e-01	1.312689725664448193e-01	2.777876499988567449e-01	1.748595094503263558e-01	8.153510629895728556e-02	3.559278908741689285e-02	9.082002079242913750e-02
1.557762008797001272e+03	2.076924998385893395e-01	1.309615749458523659e-01	2.780700286524310227e-01	1.750576506799434162e-01	8.162184110882056420e-02	3.565546108783026330e-02	9.094094368605400158e-02
1.562599779010656675e+03	2.072516568911428603e-01	1.306559812076933391e-01	2.783507443694709371e-01	1.752545554551581397e-01	8.170812363755372565e-02	3.571779802977139567e-02	9.106114040873052040e-02
1.567437549224311852e+03	2.068134077338761312e-01	1.303521806543172790e-01	2.786298078542805978e-01	1.754502318918451653e-01	8.179395438681609509e-02	3.577980157486215090e-02	9.118061590352349866e-02
1.572275319437967255e+03	2.063777372235456875e-01	1.300501626523921095e-01	2.789072297099689512e-01	1.756446880624084328e-01	8.187933395255071745e-02	3.584147336967653807e-02	9.129937502897847446e-02
1.577113089651622431e+03	2.059446303022101077e-01	1.297499166325448983e-01	2.791830204407332872e-01	1.758379319942787733e-01	8.196426301947776216e-02	3.590281504636112786e-02	9.141742256391495458e-02
1.581950859865277607e+03	2.055140719968941987e-01	1.294514320890008396e-01	2.794571904540448237e-01	1.760299716685838622e-01	8.204874235589564024e-02	3.596382822322311684e-02	9.153476321187833942e-02
1.586788630078933011e+03	2.050860474192466032e-01	1.291546985792207392e-01	2.797297500627421440e-01	1.762208150189773781e-01	8.213277280877161191e-02	3.602451450528770110e-02	9.165140160527458779e-02
1.591626400292587959e+03	2.046605417651912728e-01	1.288597057235373045e-01	2.800007094870368141e-01	1.764104699306143220e-01	8.221635529910477358e-02	3.608487548482619545e-02	9.176734230921013147e-02
1.596464170506243590e+03	2.042375403145734736e-01	1.285664432047905481e-01	2.802700788564363443e-01	1.765989442392606190e-01	8.229949081754575624e-02	3.614491274185648723e-02	9.188258982505763395e-02
1.601301940719898766e+03	2.038170284308004065e-01	1.282749007679628295e-01	2.805378682115886591e-01	1.767862457305267865e-01	8.238218042025792498e-02	3.620462784461705996e-02	9.199714859376718901e-02
1.606139710933553943e+03	2.033989915604774434e-01	1.279850682198133138e-01	2.808040875060520691e-01	1.769723821392150676e-01	8.246442522500604944e-02	3.626402235001598140e-02	9.211102299894098622e-02
1.610977481147209119e+03	2.029834152330398378e-01	1.276969354285125424e-01	2.810687466079944130e-01	1.771573611487706479e-01	8.254622640745942763e-02	3.632309780405606342e-02	9.222421736968802741e-02
1.615815251360864750e+03	2.025702850603806338e-01	1.274104923232770303e-01	2.813318553018254731e-01	1.773411903908287401e-01	8.262758519769682064e-02	3.638185574223738034e-02	9.233673598327486742e-02
1.620653021574519926e+03	2.021595867364748833e-01	1.271257288940042529e-01	2.815934232897657763e-01	1.775238774448492929e-01	8.270850287690177660e-02	3.644029768993831131e-02	9.244858306758663158e-02
1.625490791788175102e+03	2.017513060370008937e-01	1.268426351909078820e-01	2.818534601933551098e-01	1.777054298378317188e-01	8.278898077423726964e-02	3.649842516277609916e-02	9.255976280341193796e-02
1.630328562001830505e+03	2.013454288189582275e-01	1.265612013241541600e-01	2.821119755549035824e-01	1.778858550441031749e-01	8.286902026388948128e-02	3.655623966694798027e-02	9.267027932656432543e-02
1.635166332215485909e+03	2.009419410202834266e-01	1.262814174634985798e-01	2.823689788388884514e-01	1.780651604851737346e-01	8.294862276227099596e-02	3.661374269955389171e-02	9.278013672985191418e-02
1.640004102429141085e+03	2.005408286594630995e-01	1.260032738379238959e-01	2.826244794332992694e-01	1.782433535296526761e-01	8.302778972537441793e-02	3.667093574890158830e-02	9.288933906490609571e-02
1.644841872642796488e+03	2.001420778351452323e-01	1.257267607352789973e-01	2.828784866509338469e-01	1.784204414932206162e-01	8.310652264626783303e-02	3.672782029479509242e-02	9.299789034387946629e-02
1.649679642856451665e+03	1.997456747257483900e-01	1.254518685019190283e-01	2.831310097306476981e-01	1.785964316386521311e-01	8.318482305272412169e-02	3.678439780880735782e-02	9.310579454102238528e-02
1.654517413070107068e+03	1.993516055890696137e-01	1.251785875423467864e-01	2.833820578385587430e-01	1.787713311758846457e-01	8.326269250497664309e-02	3.684066975453779286e-02	9.321305559414692909e-02
1.659355183283762244e+03	1.989598567618907077e-01	1.249069083188555779e-01	2.836316400692101003e-01	1.789451472621289008e-01	8.334013259359406012e-02	3.689663758785555886e-02	9.331967740598637318e-02
1.664192953497417420e+03	1.985704146595834441e-01	1.246368213511734324e-01	2.838797654466924114e-01	1.791178870020171954e-01	8.341714493746782422e-02	3.695230275712924756e-02	9.342566384545776537e-02
1.669030723711072824e+03	1.981832657757137406e-01	1.243683172161089145e-01	2.841264429257282509e-01	1.792895574477861298e-01	8.349373118190593634e-02	3.700766670344367293e-02	9.353101874883466837e-02
1.673868493924728000e+03	1.977983966816451999e-01	1.241013865471986138e-01	2.843716813927196774e-01	1.794601655994897405e-01	8.356989299682718308e-02	3.706273086080438817e-02	9.363574592083652448e-02
1.678706264138383403e+03	1.974157940261417887e-01	1.238360200343562034e-01	2.846154896667613676e-01	1.796297184052404183e-01	8.364563207505008868e-02	3.711749665633056611e-02	9.373984913564087362e-02
1.683544034352038352e+03	1.970354445349702111e-01	1.235722084235233026e-01	2.848578765006204994e-01	1.797982227614748907e-01	8.372095013067165636e-02	3.717196551043686764e-02	9.384333213782393435e-02
1.688381804565693983e+03	1.966573350105017826e-01	1.233099425163221297e-01	2.850988505816852148e-01	1.799656855132421018e-01	8.379584889753073640e-02	3.722613883700471443e-02	9.394619864323473790e-02
1.693219574779349159e+03	1.962814523313143045e-01	1.230492131697099034e-01	2.853384205328827750e-01	1.801321134545110780e-01	8.387033012775153840e-02	3.728001804354374310e-02	9.404845233980806130e-02
1.698057344993004335e+03	1.959077834517938821e-01	1.227900112956352430e-01	2.855765949135695148e-01	1.802975133284960840e-01	8.394439559036286080e-02	3.733360453134366291e-02	9.415009688832019774e-02
1.702895115206659511e+03	1.955363154017366323e-01	1.225323278606963578e-01	2.858133822203927643e-01	1.804618918279975170e-01	8.401804706998890204e-02	3.738689969561723170e-02	9.425113592309203314e-02
1.707732885420315142e+03	1.951670352859506963e-01	1.222761538858012365e-01	2.860487908881272356e-01	1.806252555957562900e-01	8.409128636560786463e-02	3.743990492563464140e-02	9.435157305264346705e-02
1.712570655633970318e+03	1.947999302838585578e-01	1.220214804458297081e-01	2.862828292904860406e-01	1.807876112248200662e-01	8.416411528937468856e-02	3.749262160484990308e-02	9.445141186030248104e-02
1.717408425847625494e+03	1.944349876490996942e-01	1.217682986692976144e-01	2.865155057409081163e-01	1.809489652589197084e-01	8.423653566550437510e-02	3.754505111101948123e-02	9.455065590477246262e-02
1.722246196061280898e+03	1.940721947091338107e-01	1.215165997380228680e-01	2.867468284933226697e-01	1.811093241928547759e-01	8.430854932921282019e-02	3.759719481631371846e-02	9.464930872066079637e-02
1.727083966274936301e+03	1.937115388648445735e-01	1.212663748867936486e-01	2.869768057428919716e-01	1.812686944728862382e-01	8.438015812571189600e-02	3.764905408742135612e-02	9.474737381897177513e-02
1.731921736488591478e+03	1.933530075901440104e-01	1.210176154030384449e-01	2.872054456267332245e-01	1.814270824971357665e-01	8.445136390925622738e-02	3.770063028564746288e-02	9.484485468756630178e-02
1.736759506702246881e+03	1.929965884315776870e-01	1.207703126264983440e-01	2.874327562246207224e-01	1.815844946159897999e-01	8.452216854223851272e-02	3.775192476700528488e-02	9.494175479159110143e-02
1.741597276915902057e+03	1.926422690079307998e-01	1.205244579489012230e-01	2.876587455596685827e-01	1.817409371325080791e-01	8.459257389433114116e-02	3.780293888230209370e-02	9.503807757387955357e-02
1.746435047129557461e+03	1.922900370098348521e-01	1.202800428136380634e-01	2.878834215989955481e-01	1.818964163028353731e-01	8.466258184167169132e-02	3.785367397721955268e-02	9.513382645532648951e-02
1.751272817343212637e+03	1.919398801993756343e-01	1.200370587154412777e-01	2.881067922543719684e-01	1.820509383366152034e-01	8.473219426608977201e-02	3.790413139238883039e-02	9.522900483523885629e-02
1.756110587556867813e+03	1.915917864097020640e-01	1.197954972000651874e-01	2.883288653828505743e-01	1.822045093974057062e-01	8.480141305437328969e-02	3.795431246346068349e-02	9.532361609166403738e-02
1.760948357770523216e+03	1.912457435446361098e-01	1.195553498639684714e-01	2.885496487873804861e-01	1.823571356030960211e-01	8.487024009757199172e-02	3.800421852117081417e-02	9.541766358169771756e-02
1.765786127984178393e+03	1.909017395782837134e-01	1.193166083539986405e-01	2.887691502174062341e-01	1.825088230263230971e-01	8.493867729033643954e-02	3.805385089140086302e-02	9.551115064177263803e-02
1.770623898197833569e+03	1.905597625546470719e-01	1.190792643670787881e-01	2.889873773694521808e-01	1.826595776948881089e-01	8.500672653029049675e-02	3.810321089523504429e-02	9.560408058792994879e-02
1.775461668411488745e+03	1.902198005872381970e-01	1.188433096498960756e-01	2.892043378876923421e-01	1.828094055921721250e-01	8.507438971743565281e-02	3.815229984901288146e-02	9.569645671607440729e-02
1.780299438625144376e+03	1.898818418586933621e-01	1.186087359985925627e-01	2.894200393645068314e-01	1.829583126575504703e-01	8.514166875358560038e-02	3.820111906437815424e-02	9.578828230221464457e-02
1.785137208838799552e+03	1.895458746203893263e-01	1.183755352584578563e-01	2.896344893410253696e-01	1.831063047868054239e-01	8.520856554182955345e-02	3.824966984832428585e-02	9.587956060268976177e-02
1.789974979052454728e+03	1.892118871920605849e-01	1.181436993236239796e-01	2.898476953076579710e-01	1.832533878325367238e-01	8.527508198602264111e-02	3.829795350323634412e-02	9.597029485438335339e-02
1.794812749266109904e+03	1.888798679614181186e-01	1.179132201367621147e-01	2.900596647046136400e-01	1.833995676045697409e-01	8.534121999030234995e-02	3.834597132692990629e-02	9.606048827492572051e-02
1.799650519479765535e+03	1.885498053837695032e-01	1.176840896887814264e-01	2.902704049224077432e-01	1.835448498703609321e-01	8.540698145862943291e-02	3.839372461268687753e-02	9.615014406288560633e-02
1.804488289693420711e+03	1.882216879816405730e-01	1.174563000185299688e-01	2.904799233023581118e-01	1.836892403554002684e-01	8.547236829435216066e-02	3.844121464928855481e-02	9.623926539795196744e-02
1.809326059907075887e+03	1.878955043443983064e-01	1.172298432124974504e-01	2.906882271370698767e-01	1.838327447436105544e-01	8.553738239979277735e-02	3.848844272104599146e-02	9.632785544110665510e-02
1.814163830120731291e+03	1.875712431278755143e-01	1.170047114045201370e-01	2.908953236709110879e-01	1.839753686777431674e-01	8.560202567585500910e-02	3.853541010782787074e-02	9.641591733478886705e-02
1.819001600334386467e+03	1.872488930539968621e-01	1.167808967754875998e-01	2.911012201004773980e-01	1.841171177597702990e-01	8.566630002165162572e-02	3.858211808508600626e-02	9.650345420305192490e-02
1.823839370548041643e+03	1.869284429104064726e-01	1.165583915530515324e-01	2.913059235750475873e-01	1.842579975512735058e-01	8.573020733415102901e-02	3.862856792387867749e-02	9.659046915171297376e-02
1.828677140761696819e+03	1.866098815500970842e-01	1.163371880113364398e-01	2.915094411970300947e-01	1.843980135738281234e-01	8.579374950784195153e-02	3.867476089089180724e-02	9.667696526849632599e-02
1.833514910975352450e+03	1.862931978910409014e-01	1.161172784706524103e-01	2.917117800224000579e-01	1.845371713093839905e-01	8.585692843441539157e-02	3.872069824845825875e-02	9.676294562317082348e-02
1.838352681189008081e+03	1.859783809158218615e-01	1.158986552972096074e-01	2.919129470611285249e-01	1.846754762006417860e-01	8.591974600246296556e-02	3.876638125457528006e-02	9.684841326768182934e-02
1.843190451402663257e+03	1.856654196712695937e-01	1.156813109028348441e-01	2.921129492776027292e-01	1.848129336514255094e-01	8.598220409719080359e-02	3.881181116292019284e-02	9.693337123627815410e-02
1.848028221616318433e+03	1.853543032680951275e-01	1.154652377446900441e-01	2.923117935910389820e-01	1.849495490270503528e-01	8.604430460014829418e-02	3.885698922286454776e-02	9.701782254563456886e-02
1.852865991829973609e+03	1.850450208805280716e-01	1.152504283249925210e-01	2.925094868758872368e-01	1.850853276546864379e-01	8.610604938897095662e-02	3.890191667948668386e-02	9.710177019497003015e-02
1.857703762043628785e+03	1.847375617459555142e-01	1.150368751907372283e-01	2.927060359622289387e-01	1.852202748237183616e-01	8.616744033713676088e-02	3.894659477358297650e-02	9.718521716616215778e-02
1.862541532257283961e+03	1.844319151645627541e-01	1.148245709334207720e-01	2.929014476361671560e-01	1.853543957861001346e-01	8.622847931373525676e-02	3.899102474167769755e-02	9.726816642385818779e-02
1.867379302470939592e+03	1.841280704989753936e-01	1.146135081887673934e-01	2.930957286402098849e-01	1.854876957567059559e-01	8.628916818324884608e-02	3.903520781603171674e-02	9.735062091558276121e-02
1.872217072684594768e+03	1.838260171739033721e-01	1.144036796364566594e-01	2.932888856736468597e-01	1.856201799136764918e-01	8.634950880534575379e-02	3.907914522465000956e-02	9.743258357184275686e-02
1.877054842898249490e+03	1.835257446757866395e-01	1.141950779998531229e-01	2.934809253929198114e-01	1.857518533987607134e-01	8.640950303468392102e-02	3.912283819128818674e-02	9.751405730622947354e-02
1.881892613111905121e+03	1.832272425524425208e-01	1.139876960457376631e-01	2.936718544119861773e-01	1.858827213176535709e-01	8.646915272072558389e-02	3.916628793545793435e-02	9.759504501551845290e-02
1.886730383325560297e+03	1.829305004127146639e-01	1.137815265840406570e-01	2.938616793026770924e-01	1.860127887403290881e-01	8.652845970756177507e-02	3.920949567243164902e-02	9.767554957976697094e-02
1.891568153539215928e+03	1.826355079261239855e-01	1.135765624675770524e-01	2.940504065950493295e-01	1.861420607013692385e-01	8.658742583374648416e-02	3.925246261324616404e-02	9.775557386240960045e-02
1.896405923752871104e+03	1.823422548225211437e-01	1.133727965917830233e-01	2.942380427777315788e-01	1.862705422002885747e-01	8.664605293213990811e-02	3.929518996470578174e-02	9.783512071035185831e-02
1.901243693966526507e+03	1.820507308917407030e-01	1.131702218944545119e-01	2.944245942982653408e-01	1.863982382018543604e-01	8.670434282976030582e-02	3.933767892938449390e-02	9.791419295406224299e-02
1.906081464180181683e+03	1.817609259832571600e-01	1.129688313554874229e-01	2.946100675634400479e-01	1.865251536364027629e-01	8.676229734764426271e-02	3.937993070562762626e-02	9.799279340766264834e-02
1.910919234393836859e+03	1.814728300058426336e-01	1.127686179966196495e-01	2.947944689396237994e-01	1.866512934001506585e-01	8.681991830071486560e-02	3.942194648755287939e-02	9.807092486901751449e-02
1.915757004607492036e+03	1.811864329272263041e-01	1.125695748811747499e-01	2.949778047530880465e-01	1.867766623555032757e-01	8.687720749765730222e-02	3.946372746505079354e-02	9.814859011982153547e-02
1.920594774821147894e+03	1.809017247737555734e-01	1.123716951138073461e-01	2.951600812903284465e-01	1.869012653313578132e-01	8.693416674080176043e-02	3.950527482378473482e-02	9.822579192568639539e-02
1.925432545034802843e+03	1.806186956300588897e-01	1.121749718402501178e-01	2.953413047983801665e-01	1.870251071234029783e-01	8.699079782601315536e-02	3.954658974519045106e-02	9.830253303622633887e-02
1.930270315248458019e+03	1.803373356387105164e-01	1.119793982470626698e-01	2.955214814851290228e-01	1.871481924944144726e-01	8.704710254258732349e-02	3.958767340647523225e-02	9.837881618514278392e-02
1.935108085462113195e+03	1.800576349998968817e-01	1.117849675613818844e-01	2.957006175196181808e-01	1.872705261745466754e-01	8.710308267315358677e-02	3.962852698061664763e-02	9.845464409030818542e-02
1.939945855675768371e+03	1.797795839710845944e-01	1.115916730506739812e-01	2.958787190323501348e-01	1.873921128616202192e-01	8.715873999358322854e-02	3.966915163636105385e-02	9.853001945384885774e-02
1.944783625889424002e+03	1.795031728666904303e-01	1.113995080224882278e-01	2.960557921155849148e-01	1.875129572214057627e-01	8.721407627290360398e-02	3.970954853822177694e-02	9.860494496222736716e-02
1.949621396103079178e+03	1.792283920577527334e-01	1.112084658242122465e-01	2.962318428236340173e-01	1.876330638879042390e-01	8.726909327321777377e-02	3.974971884647705150e-02	9.867942328632405002e-02
1.954459166316734354e+03	1.789552319716049833e-01	1.110185398428289449e-01	2.964068771731502849e-01	1.877524374636229954e-01	8.732379274962920324e-02	3.978966371716774475e-02	9.875345708151805901e-02
1.959296936530389530e+03	1.786836830915506380e-01	1.108297235046750151e-01	2.965809011434139553e-01	1.878710825198485201e-01	8.737817645017149915e-02	3.982938430209490704e-02	9.882704898776772939e-02
1.964134706744044706e+03	1.784137359565399761e-01	1.106420102752011109e-01	2.967539206766151572e-01	1.879890035969154771e-01	8.743224611574286487e-02	3.986888174881721841e-02	9.890020162969054285e-02
1.968972476957700337e+03	1.781453811608485482e-01	1.104553936587334417e-01	2.969259416781323546e-01	1.881062052044721600e-01	8.748600348004501037e-02	3.990815720064821298e-02	9.897291761664264720e-02
1.973810247171355968e+03	1.778786093537574609e-01	1.102698671982370593e-01	2.970969700168074601e-01	1.882226918217425604e-01	8.753945026952641983e-02	3.994721179665352423e-02	9.904519954279783489e-02
1.978648017385010689e+03	1.776134112392353248e-01	1.100854244750806288e-01	2.972670115252175060e-01	1.883384678977849114e-01	8.759258820332971318e-02	3.998604667164798454e-02	9.911704998722627169e-02
1.983485787598666320e+03	1.773497775756218975e-01	1.099020591088027410e-01	2.974360719999426528e-01	1.884535378517468163e-01	8.764541899324287955e-02	4.002466295619269698e-02	9.918847151397269801e-02
1.988323557812321269e+03	1.770876991753133345e-01	1.097197647568797646e-01	2.976041572018310877e-01	1.885679060731172141e-01	8.769794434365438263e-02	4.006306177659213485e-02	9.925946667213446373e-02
1.993161328025976900e+03	1.768271669044494676e-01	1.095385351144951974e-01	2.977712728562608158e-01	1.886815769219749028e-01	8.775016595151176324e-02	4.010124425489115102e-02	9.933003799593913274e-02
1.997999098239632076e+03	1.765681716826023040e-01	1.093583639143104747e-01	2.979374246533979531e-01	1.887945547292340931e-01	8.780208550628362807e-02	4.013921150887209133e-02	9.940018800482185168e-02
2.002836868453287707e+03	1.763107044824667735e-01	1.091792449262373732e-01	2.981026182484524112e-01	1.889068437968864922e-01	8.785370468992499682e-02	4.017696465205188028e-02	9.946991920350242711e-02
2.007674638666942428e+03	1.760547563295526974e-01	1.090011719572117899e-01	2.982668592619300285e-01	1.890184483982406960e-01	8.790502517684577188e-02	4.021450479367921077e-02	9.953923408206213908e-02
2.012512408880597604e+03	1.758003183018787829e-01	1.088241388509689489e-01	2.984301532798822598e-01	1.891293727781581946e-01	8.795604863388205297e-02	4.025183303873177548e-02	9.960813511602034653e-02
2.017350179094252780e+03	1.755473815296679507e-01	1.086481394878202472e-01	2.985925058541527566e-01	1.892396211532866301e-01	8.800677672027050480e-02	4.028895048791358152e-02	9.967662476641071800e-02
2.022187949307908411e+03	1.752959371950447987e-01	1.084731677844313485e-01	2.987539225026211165e-01	1.893491977122900571e-01	8.805721108762523675e-02	4.032585823765237609e-02	9.974470547985749003e-02
2.027025719521564042e+03	1.750459765317342598e-01	1.082992176936017625e-01	2.989144087094440794e-01	1.894581066160763716e-01	8.810735337991749960e-02	4.036255738009721095e-02	9.981237968865128152e-02
2.031863489735218764e+03	1.747974908247622028e-01	1.081262832040459226e-01	2.990739699252940587e-01	1.895663519980217981e-01	8.815720523345764448e-02	4.039904900311606234e-02	9.987964981082478322e-02
2.036701259948874394e+03	1.745504714101578092e-01	1.079543583401755408e-01	2.992326115675947862e-01	1.896739379641928513e-01	8.820676827687966293e-02	4.043533419029363835e-02	9.994651825022825287e-02
2.041539030162529116e+03	1.743049096746571436e-01	1.077834371618835024e-01	2.993903390207546256e-01	1.897808685935652995e-01	8.825604413112780877e-02	4.047141402092935963e-02	1.000129873966047744e-01
2.046376800376184747e+03	1.740607970554089168e-01	1.076135137643290107e-01	2.995471576363974986e-01	1.898871479382408245e-01	8.830503440944553750e-02	4.050728957003539576e-02	1.000790596256653509e-01
2.051214570589840150e+03	1.738181250396813871e-01	1.074445822777241877e-01	2.997030727335909805e-01	1.899927800236606568e-01	8.835374071736643020e-02	4.054296190833498598e-02	1.001447372991638440e-01
2.056052340803495554e+03	1.735768851645713706e-01	1.072766368671220216e-01	2.998580895990725637e-01	1.900977688488169892e-01	8.840216465270711588e-02	4.057843210226085018e-02	1.002100227649715819e-01
2.060890111017150957e+03	1.733370690167145012e-01	1.071096717322057024e-01	3.000122134874728119e-01	1.902021183864617271e-01	8.845030780556205341e-02	4.061370121395380811e-02	1.002749183571518821e-01
2.065727881230805451e+03	1.730986682319973491e-01	1.069436811070791776e-01	3.001654496215370171e-01	1.903058325833127395e-01	8.849817175830018701e-02	4.064877030126158586e-02	1.003394263960343952e-01
2.070565651444461309e+03	1.728616744952709838e-01	1.067786592600592499e-01	3.003178031923440794e-01	1.904089153602578910e-01	8.854575808556326699e-02	4.068364041773783746e-02	1.004035491882891845e-01
2.075403421658116713e+03	1.726260795400662573e-01	1.066146004934687974e-01	3.004692793595233336e-01	1.905113706125563244e-01	8.859306835426582205e-02	4.071831261264133306e-02	1.004672890270006391e-01
2.080241191871772116e+03	1.723918751483107248e-01	1.064514991434314661e-01	3.006198832514693220e-01	1.906132022100378298e-01	8.864010412359672741e-02	4.075278793093532748e-02	1.005306481917411787e-01
2.085078962085427065e+03	1.721590531500468979e-01	1.062893495796675136e-01	3.007696199655541802e-01	1.907144139972996866e-01	8.868686694502224410e-02	4.078706741328725488e-02	1.005936289486448060e-01
2.089916732299082469e+03	1.719276054231526352e-01	1.061281462052910823e-01	3.009184945683383572e-01	1.908150097939011747e-01	8.873335836229050144e-02	4.082115209606848594e-02	1.006562335504803812e-01
2.094754502512737417e+03	1.716975238930623926e-01	1.059678834566087358e-01	3.010665120957788377e-01	1.909149933945561706e-01	8.877957991143736738e-02	4.085504301135441108e-02	1.007184642367247862e-01
