1.141713770422646803e+03	2.570579062638154166e-01	1.654024519481872846e-01	2.459010263083120928e-01	1.528273797997335981e-01	7.340210765304411300e-02	2.878117279874010948e-02	7.662795522768316159e-02
1.146551540636302207e+03	2.563284909009811985e-01	1.648946454186147603e-01	2.463944881143741716e-01	1.531516112664448592e-01	7.346831503184605983e-02	2.888181823259597381e-02	7.688063103465873904e-02
1.151389310849957155e+03	2.556032728720411540e-01	1.643898099748582753e-01	2.468838167823526608e-01	1.534747002549635975e-01	7.353774031078560980e-02	2.898190451769364073e-02	7.712875528682081039e-02
1.156227081063612786e+03	2.548822323694432401e-01	1.638879293765912737e-01	2.473691013214281975e-01	1.537965948208555866e-01	7.361016986223045677e-02	2.908143536319326636e-02	7.737253688577373778e-02
1.161064851277267962e+03	2.541653494410547331e-01	1.633889873864825260e-01	2.478504267385176485e-01	1.541172469755247854e-01	7.368540210010440794e-02	2.918041440589530522e-02	7.761217295193631460e-02
1.165902621490923138e+03	2.534526040054588258e-01	1.628929677759937134e-01	2.483278742538222172e-01	1.544366124483160241e-01	7.376324680423630709e-02	2.927884521397206355e-02	7.784784949771650364e-02
1.170740391704578315e+03	2.527439758663506120e-01	1.623998543307994813e-01	2.488015215043599959e-01	1.547546504623704688e-01	7.384352448279345171e-02	2.937673129048054554e-02	7.807974206236108217e-02
1.175578161918233945e+03	2.520394447260837500e-01	1.619096308558518049e-01	2.492714427361591989e-01	1.550713235234485732e-01	7.392606577064669837e-02	2.947407607666918325e-02	7.830801631065649471e-02
1.180415932131889122e+03	2.513389901984159902e-01	1.614222811801094559e-01	2.497377089857504284e-01	1.553865972209790280e-01	7.401071086163676926e-02	2.957088295509043355e-02	7.853282859753360490e-02
1.185253702345544298e+03	2.506425918204990833e-01	1.609377891609523603e-01	2.502003882515597688e-01	1.557004400406354350e-01	7.409730897282566786e-02	2.966715525253046590e-02	7.875432650051289452e-02
1.190091472559199701e+03	2.499502290641555380e-01	1.604561386882992491e-01	2.506595456557707546e-01	1.560128231877810634e-01	7.418571783892580207e-02	2.976289624276657816e-02	7.897264932181671804e-02
1.194929242772855105e+03	2.492618813464827499e-01	1.599773136884455882e-01	2.511152435971912844e-01	1.563237204211605502e-01	7.427580323520177608e-02	2.985810914916233599e-02	7.918792856187138740e-02
1.199767012986510281e+03	2.485775280398229703e-01	1.595012981276388575e-01	2.515675418956312415e-01	1.566331078962520662e-01	7.436743852723606829e-02	2.995279714710986224e-02	7.940028836582464777e-02
1.204604783200165684e+03	2.478971484811346715e-01	1.590280760154062223e-01	2.520164979282673023e-01	1.569409640177271414e-01	7.446050424604101770e-02	3.004696336632815823e-02	7.960984594461122110e-02
1.209442553413820860e+03	2.472207219807993905e-01	1.585576314076491966e-01	2.524621667584463491e-01	1.572472693004966504e-01	7.455488768708531944e-02	3.014061089302585636e-02	7.981671197201296863e-02
1.214280323627476264e+03	2.465482278308961661e-01	1.580899484095193153e-01	2.529046012573508140e-01	1.575520062388514053e-01	7.465048253188433236e-02	3.023374277193630055e-02	8.002099095907731774e-02
1.219118093841131440e+03	2.458796453129736548e-01	1.576250111780873875e-01	2.533438522189281894e-01	1.578551591832332568e-01	7.474718849087981509e-02	3.032636200823237219e-02	8.022278160718092355e-02
1.223955864054786844e+03	2.452149537053484596e-01	1.571628039248188224e-01	2.537799684684615142e-01	1.581567142241998014e-01	7.484491096640683017e-02	3.041847156932812185e-02	8.042217714095205305e-02
1.228793634268442020e+03	2.445541322899565662e-01	1.567033109178664341e-01	2.542129969651387711e-01	1.584566590831697486e-01	7.494356073461364010e-02	3.051007438657377807e-02	8.061926562219670633e-02
1.233631404482097196e+03	2.438971603587831438e-01	1.562465164841915777e-01	2.546429828989572597e-01	1.587549830095605352e-01	7.504305364526461797e-02	3.060117335685041268e-02	8.081413024590812511e-02
1.238469174695752372e+03	2.432440172198951367e-01	1.557924050115237491e-01	2.550699697822811363e-01	1.590516766839507323e-01	7.514331033841638308e-02	3.069177134407010885e-02	8.100684961937842932e-02
1.243306944909407548e+03	2.425946822030983774e-01	1.553409609501686939e-01	2.554939995363511573e-01	1.593467321269219916e-01	7.524425597701503432e-02	3.078187118058715518e-02	8.119749802537321037e-02
1.248144715123063179e+03	2.419491346652412611e-01	1.548921688146733533e-01	2.559151125730306231e-01	1.596401426132538215e-01	7.534581999451572809e-02	3.087147566852554634e-02	8.138614567027525892e-02
1.252982485336718355e+03	2.413073539951848534e-01	1.544460131853569451e-01	2.563333478720532521e-01	1.599319025911637715e-01	7.544793585667691760e-02	3.096058758102763001e-02	8.157285891805221567e-02
1.257820255550373531e+03	2.406693196184581940e-01	1.540024787097158121e-01	2.567487430540256188e-01	1.602220076063031184e-01	7.555054083672951837e-02	3.104920966342860147e-02	8.175770051085472223e-02
1.262658025764028707e+03	2.400350110016169491e-01	1.535615501037098929e-01	2.571613344494218523e-01	1.605104542302341342e-01	7.565357580316628416e-02	3.113734463436118940e-02	8.194072977700528337e-02
1.267495795977684338e+03	2.394044076563223711e-01	1.531232121529375878e-01	2.575711571637943620e-01	1.607972399931313634e-01	7.575698501943969876e-02	3.122499518679460948e-02	8.212200282709561372e-02
1.272333566191339514e+03	2.387774891431560242e-01	1.526874497137062914e-01	2.579782451394127540e-01	1.610823633204633842e-01	7.586071595489661534e-02	3.131216398901174452e-02	8.230157273886881675e-02
1.277171336404994690e+03	2.381542350751858772e-01	1.522542477140045036e-01	2.583826312135303338e-01	1.613658234734260399e-01	7.596471910631590052e-02	3.139885368552814554e-02	8.247948973152485763e-02
1.282009106618650094e+03	2.375346251212975268e-01	1.518235911543817651e-01	2.587843471734668777e-01	1.616476204929104266e-01	7.606894782945154698e-02	3.148506689795630559e-02	8.265580133005123731e-02
1.286846876832305497e+03	2.369186390093042105e-01	1.513954651087419390e-01	2.591834238086853093e-01	1.619277551468021326e-01	7.617335818001676195e-02	3.157080622581844714e-02	8.283055252014688563e-02
1.291684647045960673e+03	2.363062565288479855e-01	1.509698547250551137e-01	2.595798909600304794e-01	1.622062288804192731e-01	7.627790876357729011e-02	3.165607424731092800e-02	8.300378589427465092e-02
1.296522417259616077e+03	2.356974575341041767e-01	1.505467452259934003e-01	2.599737775662878114e-01	1.624830437699079089e-01	7.638256059385163665e-02	3.174087352002307599e-02	8.317554178934770392e-02
1.301360187473271253e+03	2.350922219463003060e-01	1.501261219094949528e-01	2.603651117082120270e-01	1.627582024784242631e-01	7.648727695894462497e-02	3.182520658161318988e-02	8.334585841652636384e-02
1.306197957686926657e+03	2.344905297560599400e-01	1.497079701492609327e-01	2.607539206501665041e-01	1.630317082149420893e-01	7.659202329506718809e-02	3.190907595044430861e-02	8.351477198357482035e-02
1.311035727900581833e+03	2.338923610255816132e-01	1.492922753951894110e-01	2.611402308795065519e-01	1.633035646955335596e-01	7.669676706732102278e-02	3.199248412618203863e-02	8.368231681020153745e-02
1.315873498114237009e+03	2.332976958906624043e-01	1.488790231737504577e-01	2.615240681438324999e-01	1.635737761069803731e-01	7.680147765714984143e-02	3.207543359035685410e-02	8.384852543678329717e-02
1.320711268327892412e+03	2.327065145625746845e-01	1.484681990883057467e-01	2.619054574862302864e-01	1.638423470725798858e-01	7.690612625608229946e-02	3.215792680689288918e-02	8.401342872684995633e-02
1.325549038541547588e+03	2.321187973298047547e-01	1.480597888193763423e-01	2.622844232786126217e-01	1.641092826200190313e-01	7.701068576541203470e-02	3.223996622260527634e-02	8.417705596368568743e-02
1.330386808755202765e+03	2.315345245596612256e-01	1.476537781248620784e-01	2.626609892532658641e-01	1.643745881511956553e-01	7.711513070148101612e-02	3.232155426766794570e-02	8.433943494138197716e-02
1.335224578968857941e+03	2.309536766997604684e-01	1.472501528402153925e-01	2.630351785327016967e-01	1.646382694138746883e-01	7.721943710625059354e-02	3.240269335605362039e-02	8.450059205065921231e-02
1.340062349182513572e+03	2.303762342793966578e-01	1.468488988785727201e-01	2.634070136579087507e-01	1.649003324750718813e-01	7.732358246286311076e-02	3.248338588594769372e-02	8.466055235975485094e-02
1.344900119396168748e+03	2.298021779108023188e-01	1.464500022308459215e-01	2.637765166150921048e-01	1.651607836960646281e-01	7.742754561591305706e-02	3.256363424013766772e-02	8.481933969065992562e-02
1.349737889609823924e+03	2.292314882903063455e-01	1.460534489657769885e-01	2.641437088609848161e-01	1.654196297089352841e-01	7.753130669616330184e-02	3.264344078637945734e-02	8.497697669096943018e-02
1.354575659823479100e+03	2.286641461993952074e-01	1.456592252299574453e-01	2.645086113468106959e-01	1.656768773945573592e-01	7.763484704945614046e-02	3.272280787774210775e-02	8.513348490159665383e-02
1.359413430037134731e+03	2.281001325056825901e-01	1.452673172478156083e-01	2.648712445409729943e-01	1.659325338619403456e-01	7.773814916958382559e-02	3.280173785293222927e-02	8.528888482058805121e-02
1.364251200250789907e+03	2.275394281637934113e-01	1.448777113215734547e-01	2.652316284505389365e-01	1.661866064288538281e-01	7.784119663489569296e-02	3.288023303659930868e-02	8.544319596326099830e-02
1.369088970464445310e+03	2.269820142161665666e-01	1.444903938311752623e-01	2.655897826415875018e-01	1.664391026036561028e-01	7.794397404843232680e-02	3.295829573962313214e-02	8.559643691887475203e-02
1.373926740678100487e+03	2.264278717937815155e-01	1.441053512341896603e-01	2.659457262584826176e-01	1.666900300682562508e-01	7.804646698138852090e-02	3.303592825938444361e-02	8.574862540403263567e-02
1.378764510891755890e+03	2.258769821168129799e-01	1.437225700656875049e-01	2.662994780421309438e-01	1.669393966621438574e-01	7.814866191971819864e-02	3.311313288001977578e-02	8.589977831300235622e-02
1.383602281105411066e+03	2.253293264952178909e-01	1.433420369380964121e-01	2.666510563472810902e-01	1.671872103674230947e-01	7.825054621370500230e-02	3.318991187266154275e-02	8.604991176513054896e-02
1.388440051319066470e+03	2.247848863292586652e-01	1.429637385410342520e-01	2.670004791589160598e-01	1.674334792947924366e-01	7.835210803033204607e-02	3.326626749566421321e-02	8.619904114951788821e-02
1.393277821532721646e+03	2.242436431099664729e-01	1.425876616411227704e-01	2.673477641077892097e-01	1.676782116704141068e-01	7.845333630829401383e-02	3.334220199481748720e-02	8.634718116711148639e-02
1.398115591746377049e+03	2.237055784195480235e-01	1.422137930817827522e-01	2.676929284851510271e-01	1.679214158236209120e-01	7.855422071550326180e-02	3.341771760354726034e-02	8.649434587036232414e-02
1.402953361960032225e+03	2.231706739317390609e-01	1.418421197830121439e-01	2.680359892567109048e-01	1.681631001754108623e-01	7.865475160895027407e-02	3.349281654310515971e-02	8.664054870058716940e-02
1.407791132173687402e+03	2.226389114121080648e-01	1.414726287411483818e-01	2.683769630758757185e-01	1.684032732276831978e-01	7.875491999678646549e-02	3.356750102274734526e-02	8.678580252316639432e-02
1.412628902387342805e+03	2.221102727183125736e-01	1.411053070286159006e-01	2.687158662963052835e-01	1.686419435531717748e-01	7.885471750250488965e-02	3.364177323990323598e-02	8.693011966070186836e-02
1.417466672600997981e+03	2.215847398003113478e-01	1.407401417936601229e-01	2.690527149838218834e-01	1.688791197860342042e-01	7.895413633110145990e-02	3.371563538033489626e-02	8.707351192425163977e-02
1.422304442814653157e+03	2.210622947005349836e-01	1.403771202600688495e-01	2.693875249277087880e-01	1.691148106130581641e-01	7.905316923710566102e-02	3.378908961828751278e-02	8.721599064275166457e-02
1.427142213028308333e+03	2.205429195540170306e-01	1.400162297268822131e-01	2.697203116514316767e-01	1.693490247654479142e-01	7.915180949437630731e-02	3.386213811663164874e-02	8.735756669072877734e-02
1.431979983241963964e+03	2.200265965884885544e-01	1.396574575680917529e-01	2.700510904228145548e-01	1.695817710111564014e-01	7.925005086756366224e-02	3.393478302699782373e-02	8.749825051440282553e-02
1.436817753455619140e+03	2.195133081244379780e-01	1.393007912323297459e-01	2.703798762636988595e-01	1.698130581477302892e-01	7.934788758514457752e-02	3.400702648990377303e-02	8.763805215627032408e-02
1.441655523669274316e+03	2.190030365751381991e-01	1.389462182425496850e-01	2.707066839591152352e-01	1.700428949956373226e-01	7.944531431394299958e-02	3.407887063487496232e-02	8.777698127825714347e-02
1.446493293882929493e+03	2.184957644466433424e-01	1.385937261956980415e-01	2.710315280659933435e-01	1.702712903920471643e-01	7.954232613505270166e-02	3.415031758055879496e-02	8.791504718352211034e-02
1.451331064096585123e+03	2.179914743377567021e-01	1.382433027623789779e-01	2.713544229214354675e-01	1.704982531850380845e-01	7.963891852108404001e-02	3.422136943483288646e-02	8.805225883698931943e-02
1.456168834310240300e+03	2.174901489399716503e-01	1.378949356865118159e-01	2.716753826505771130e-01	1.707237922282039966e-01	7.973508731466086297e-02	3.429202829490781562e-02	8.818862488468222349e-02
1.461006604523895703e+03	2.169917710373872877e-01	1.375486127849823714e-01	2.719944211740571438e-01	1.709479163756380260e-01	7.983082870809773968e-02	3.436229624742466460e-02	8.832415367192826550e-02
1.465844374737550879e+03	2.164963235066003355e-01	1.372043219472884878e-01	2.723115522151186019e-01	1.711706344772690458e-01	7.992613922419192218e-02	3.443217536854773636e-02	8.845885326049936215e-02
1.470682144951206283e+03	2.160037893165746570e-01	1.368620511351805458e-01	2.726267893063599734e-01	1.713919553745304747e-01	8.002101569806767400e-02	3.450166772405283827e-02	8.859273144474931472e-02
1.475519915164861459e+03	2.155141515284900167e-01	1.365217883822973377e-01	2.729401457961554978e-01	1.716118878963406869e-01	8.011545526001463691e-02	3.457077536941122187e-02	8.872579576680607316e-02
1.480357685378516862e+03	2.150273932955710232e-01	1.361835217937975295e-01	2.732516348547632257e-01	1.718304408553761320e-01	8.020945531926464145e-02	3.463950034986971321e-02	8.885805353087324054e-02
1.485195455592172038e+03	2.145434978628978362e-01	1.358472395459879023e-01	2.735612694801361489e-01	1.720476230446191801e-01	8.030301354865496122e-02	3.470784470052710319e-02	8.898951181669238764e-02
1.490033225805827215e+03	2.140624485671997757e-01	1.355129298859476805e-01	2.738690625034537196e-01	1.722634432341640931e-01	8.039612787012866135e-02	3.477581044640715158e-02	8.912017749221443075e-02
1.494870996019482618e+03	2.135842288366326946e-01	1.351805811311506955e-01	2.741750265943874720e-01	1.724779101682647475e-01	8.048879644102549524e-02	3.484339960252838542e-02	8.925005722552593890e-02
1.499708766233137567e+03	2.131088221905413083e-01	1.348501816690844124e-01	2.744791742661162326e-01	1.726910325626096754e-01	8.058101764111956500e-02	3.491061417397095523e-02	8.937915749607325266e-02
1.504546536446793198e+03	2.126362122392075338e-01	1.345217199568671251e-01	2.747815178801027991e-01	1.729028191018098515e-01	8.067279006036214006e-02	3.497745615594072266e-02	8.950748460522522931e-02
1.509384306660448374e+03	2.121663826835855082e-01	1.341951845208631255e-01	2.750820696506459662e-01	1.731132784370864597e-01	8.076411248729074843e-02	3.504392753383075293e-02	8.963504468621281973e-02
1.514222076874103550e+03	2.116993173150245877e-01	1.338705639562965399e-01	2.753808416492193323e-01	1.733224191841457595e-01	8.085498389806737574e-02	3.511003028328044118e-02	8.976184371348140678e-02
1.519059847087758726e+03	2.112350000149806617e-01	1.335478469268636670e-01	2.756778458086076578e-01	1.735302499212295901e-01	8.094540344611118876e-02	3.517576637023241831e-02	8.988788751149026646e-02
1.523897617301414357e+03	2.107734147547168646e-01	1.332270221643445107e-01	2.759730939268527639e-01	1.737367791873302147e-01	8.103537045229267100e-02	3.524113775098736828e-02	9.001318176299101526e-02
1.528735387515069533e+03	2.103145455949943787e-01	1.329080784682134808e-01	2.762665976710177440e-01	1.739420154805594310e-01	8.112488439565823661e-02	3.530614637225695795e-02	9.013773201681522795e-02
1.533573157728724709e+03	2.098583766857538557e-01	1.325910047052495377e-01	2.765583685807792569e-01	1.741459672566617600e-01	8.121394490465605465e-02	3.537079417121495595e-02	9.026154369519999443e-02
1.538410927942380113e+03	2.094048922657884004e-01	1.322757898091461159e-01	2.768484180718579490e-01	1.743486429276630001e-01	8.130255174883518898e-02	3.543508307554672776e-02	9.038462210067806091e-02
1.543248698156035516e+03	2.089540766624084778e-01	1.319624227801208805e-01	2.771367574392937239e-01	1.745500508606449563e-01	8.139070483099232478e-02	3.549901500349718353e-02	9.050697242255793806e-02
1.548086468369690692e+03	2.085059142910993535e-01	1.316508926845255945e-01	2.774233978605755713e-01	1.747501993766386319e-01	8.147840417974099025e-02	3.556259186391733107e-02	9.062859974301801236e-02
1.552924238583346096e+03	2.080603896551718179e-01	1.313411886544562923e-01	2.777083503986326196e-01	1.749490967496279692e-01	8.156564994248033384e-02	3.562581555630948971e-02	9.074950904283694830e-02
1.557762008797001272e+03	2.076174873454062764e-01	1.310332998873637300e-01	2.779916260046939591e-01	1.751467512056571751e-01	8.165244237874126620e-02	3.568868797087131062e-02	9.086970520678176733e-02
1.562599779010656675e+03	2.071771920396913991e-01	1.307272156456645296e-01	2.782732355210234543e-01	1.753431709220344414e-01	8.173878185388938622e-02	3.575121098853868001e-02	9.098919302867354564e-02
1.567437549224311852e+03	2.067394885026569429e-01	1.304229252563530450e-01	2.785531896835370391e-01	1.755383640266262590e-01	8.182466883316494299e-02	3.581338648102758843e-02	9.110797721614959099e-02
1.572275319437967255e+03	2.063043615853019930e-01	1.301204181106139224e-01	2.788314991243074359e-01	1.757323385972358321e-01	8.191010387604140408e-02	3.587521631087502855e-02	9.122606239513983417e-02
1.577113089651622431e+03	2.058717962246181810e-01	1.298196836634357698e-01	2.791081743739627363e-01	1.759251026610602064e-01	8.199508763088522723e-02	3.593670233147904652e-02	9.134345311407425505e-02
1.581950859865277607e+03	2.054417774432091837e-01	1.295207114332258547e-01	2.793832258639842858e-01	1.761166641942208677e-01	8.207962082990025166e-02	3.599784638713796753e-02	9.146015384783703905e-02
1.586788630078933011e+03	2.050142903489061974e-01	1.292234910014258831e-01	2.796566639289082001e-01	1.763070311213627006e-01	8.216370428434116580e-02	3.605865031308887192e-02	9.157616900148241035e-02
1.591626400292587959e+03	2.045893201343799150e-01	1.289280120121291950e-01	2.799284988084366765e-01	1.764962113153167311e-01	8.224733887998138260e-02	3.611911593554539834e-02	9.169150291372611672e-02
1.596464170506243590e+03	2.041668520767493111e-01	1.286342641716992363e-01	2.801987406494624855e-01	1.766842125968222377e-01	8.233052557282140305e-02	3.617924507173494314e-02	9.180615986022580555e-02
1.601301940719898766e+03	2.037468715371877903e-01	1.283422372483894180e-01	2.804673995080116944e-01	1.768710427343040126e-01	8.241326538502452559e-02	3.623903952993522831e-02	9.192014405666273924e-02
1.606139710933553943e+03	2.033293639605265879e-01	1.280519210719644752e-01	2.807344853511086202e-01	1.770567094437011380e-01	8.249555940106764740e-02	3.629850110951043235e-02	9.203345966163645198e-02
1.610977481147209119e+03	2.029143148748559222e-01	1.277633055333237122e-01	2.810000080585665083e-01	1.772412203883434734e-01	8.257740876409526420e-02	3.635763160094675900e-02	9.214611077938368588e-02
1.615815251360864750e+03	2.025017098911241764e-01	1.274763805841253872e-01	2.812639774247083224e-01	1.774245831788723582e-01	8.265881467246580239e-02	3.641643278588761745e-02	9.225810146233169584e-02
1.620653021574519926e+03	2.020915347027351650e-01	1.271911362364131493e-01	2.815264031600201999e-01	1.776068053732026419e-01	8.273977837647977784e-02	3.647490643716838621e-02	9.236943571349592874e-02
1.625490791788175102e+03	2.016837750851439570e-01	1.269075625622442249e-01	2.817872948927422350e-01	1.777878944765227398e-01	8.282030117527994229e-02	3.653305431885085774e-02	9.248011748873127824e-02
1.630328562001830505e+03	2.012784168954513675e-01	1.266256496933190756e-01	2.820466621703979215e-01	1.779678579413299100e-01	8.290038441391400781e-02	3.659087818625725991e-02	9.259015069884565796e-02
1.635166332215485909e+03	2.008754460719970325e-01	1.263453878206133862e-01	2.823045144612668644e-01	1.781467031674983936e-01	8.298002948055142880e-02	3.664837978600411078e-02	9.269953921158398391e-02
1.640004102429141085e+03	2.004748486339518743e-01	1.260667671940115253e-01	2.825608611558026451e-01	1.783244375023775030e-01	8.305923780384560917e-02	3.670556085603570579e-02	9.280828685349037932e-02
1.644841872642796488e+03	2.000766106809095390e-01	1.257897781219421418e-01	2.828157115679985623e-01	1.785010682409178817e-01	8.313801085043388828e-02	3.676242312565738968e-02	9.291639741165588773e-02
1.649679642856451665e+03	1.996807183924772522e-01	1.255144109710156219e-01	2.830690749367041348e-01	1.786766026258231610e-01	8.321635012256788089e-02	3.681896831556864119e-02	9.302387463535860546e-02
1.654517413070107068e+03	1.992871580278663401e-01	1.252406561656635720e-01	2.833209604268944748e-01	1.788510478477253751e-01	8.329425715586713519e-02	3.687519813789594259e-02	9.313072223760243684e-02
1.659355183283762244e+03	1.988959159254823361e-01	1.249685041877802300e-01	2.835713771308947528e-01	1.790244110453821647e-01	8.337173351718944747e-02	3.693111429622546876e-02	9.323694389656088377e-02
1.664192953497417420e+03	1.985069785025148081e-01	1.246979455763660705e-01	2.838203340695618082e-01	1.791966993058937974e-01	8.344878080261169950e-02	3.698671848563563763e-02	9.334254325693143450e-02
1.669030723711072824e+03	1.981203322545274093e-01	1.244289709271731992e-01	2.840678401934255692e-01	1.793679196649384799e-01	8.352540063551519567e-02	3.704201239272952861e-02	9.344752393120583922e-02
1.673868493924728000e+03	1.977359637550478166e-01	1.241615708923530514e-01	2.843139043837910607e-01	1.795380791070245452e-01	8.360159466477001811e-02	3.709699769566713462e-02	9.355188950086165689e-02
1.678706264138383403e+03	1.973538596551578095e-01	1.238957361801060475e-01	2.845585354538038292e-01	1.797071845657574884e-01	8.367736456301298753e-02	3.715167606419759322e-02	9.365564351747951433e-02
1.683544034352038352e+03	1.969740066830839298e-01	1.236314575543332878e-01	2.848017421494802859e-01	1.798752429241212147e-01	8.375271202501452517e-02	3.720604915969123738e-02	9.375878950379080978e-02
1.688381804565693983e+03	1.965963916437883097e-01	1.233687258342905241e-01	2.850435331507039094e-01	1.800422610147716374e-01	8.382763876612928100e-02	3.726011863517162542e-02	9.386133095466001053e-02
1.693219574779349159e+03	1.962210014185600260e-01	1.231075318942440738e-01	2.852839170721898632e-01	1.802082456203417393e-01	8.390214652082653157e-02	3.731388613534748766e-02	9.396327133800558284e-02
1.698057344993004335e+03	1.958478229646071767e-01	1.228478666631288990e-01	2.855229024644189151e-01	1.803732034737567658e-01	8.397623704129573985e-02	3.736735329664458288e-02	9.406461409566320431e-02
1.702895115206659511e+03	1.954768433146496232e-01	1.225897211242088641e-01	2.857604978145419361e-01	1.805371412585587421e-01	8.404991209612364123e-02	3.742052174723756175e-02	9.416536264419494984e-02
1.707732885420315142e+03	1.951080495765123435e-01	1.223330863147389924e-01	2.859967115472566435e-01	1.807000656092391244e-01	8.412317346903883108e-02	3.747339310708173304e-02	9.426552037564767117e-02
1.712570655633970318e+03	1.947414289327197567e-01	1.220779533256300120e-01	2.862315520256579759e-01	1.808619831115786669e-01	8.419602295772039835e-02	3.752596898794482300e-02	9.436509065826370612e-02
1.717408425847625494e+03	1.943769686400910468e-01	1.218243133011148588e-01	2.864650275520623790e-01	1.810229003029940054e-01	8.426846237266737150e-02	3.757825099343870684e-02	9.446407683714698467e-02
1.722246196061280898e+03	1.940146560293361799e-01	1.215721574384174553e-01	2.866971463688084421e-01	1.811828236728895702e-01	8.434049353612553535e-02	3.763024071905110568e-02	9.456248223488705751e-02
1.727083966274936301e+03	1.936544785046532546e-01	1.213214769874234600e-01	2.869279166590337771e-01	1.813417596630146622e-01	8.441211828106889858e-02	3.768193975217728336e-02	9.466031015214396160e-02
1.731921736488591478e+03	1.932964235433267675e-01	1.210722632503533347e-01	2.871573465474300257e-01	1.814997146678246909e-01	8.448333845023264788e-02	3.773334967215170865e-02	9.475756386819610133e-02
1.736759506702246881e+03	1.929404786953271278e-01	1.208245075814372987e-01	2.873854441009762728e-01	1.816566950348458553e-01	8.455415589519527098e-02	3.778447205027973127e-02	9.485424664145371276e-02
1.741597276915902057e+03	1.925866315829112829e-01	1.205782013865925734e-01	2.876122173296522533e-01	1.818127070650430999e-01	8.462457247550703165e-02	3.783530844986921632e-02	9.495036170993979840e-02
1.746435047129557461e+03	1.922348699002246475e-01	1.203333361231026660e-01	2.878376741871320754e-01	1.819677570131902622e-01	8.469459005786245109e-02	3.788586042626223421e-02	9.504591229174091938e-02
1.751272817343212637e+03	1.918851814129043931e-01	1.200899032992987503e-01	2.880618225714592362e-01	1.821218510882422204e-01	8.476421051531460304e-02	3.793612952686668122e-02	9.514090158542937159e-02
1.756110587556867813e+03	1.915375539576838759e-01	1.198478944742430857e-01	2.882846703257038179e-01	1.822749954537086214e-01	8.483343572652904396e-02	3.798611729118794161e-02	9.523533277045886924e-02
1.760948357770523216e+03	1.911919754419987016e-01	1.196073012574147276e-01	2.885062252386022541e-01	1.824271962280284709e-01	8.490226757507522704e-02	3.803582525086057070e-02	9.532920900753530380e-02
1.765786127984178393e+03	1.908484338435939842e-01	1.193681153083970270e-01	2.887264950451810530e-01	1.825784594849453601e-01	8.497070794875367927e-02	3.808525492967991533e-02	9.542253343896424378e-02
1.770623898197833569e+03	1.905069172101330754e-01	1.191303283365674065e-01	2.889454874273647000e-01	1.827287912538829440e-01	8.503875873895691551e-02	3.813440784363379688e-02	9.551530918897642441e-02
1.775461668411488745e+03	1.901674136588079045e-01	1.188939321007890793e-01	2.891632100145681838e-01	1.828781975203202792e-01	8.510642184006249333e-02	3.818328550093419427e-02	9.560753936403316999e-02
1.780299438625144376e+03	1.898299113759507883e-01	1.186589184091049187e-01	2.893796703842749785e-01	1.830266842261667748e-01	8.517369914885654369e-02	3.823188940204890612e-02	9.569922705311241506e-02
1.785137208838799552e+03	1.894943986166475469e-01	1.184252791184332576e-01	2.895948760626017027e-01	1.831742572701362815e-01	8.524059256398625051e-02	3.828022103973322682e-02	9.579037532797710086e-02
1.789974979052454728e+03	1.891608637043524777e-01	1.181930061342657962e-01	2.898088345248485131e-01	1.833209225081203486e-01	8.530710398543973894e-02	3.832828189906163641e-02	9.588098724342680734e-02
1.794812749266109904e+03	1.888292950305048012e-01	1.179620914103674811e-01	2.900215531960376181e-01	1.834666857535600104e-01	8.537323531405209553e-02	3.837607345745949750e-02	9.597106583753389764e-02
1.799650519479765535e+03	1.884996810541465506e-01	1.177325269484783832e-01	2.902330394514383016e-01	1.836115527778161283e-01	8.543898845103614637e-02	3.842359718473473823e-02	9.606061413186510467e-02
1.804488289693420711e+03	1.881720103015423751e-01	1.175043047980176142e-01	2.904433006170813458e-01	1.837555293105382626e-01	8.550436529753673021e-02	3.847085454310954222e-02	9.614963513168953146e-02
1.809326059907075887e+03	1.878462713658007044e-01	1.172774170557891321e-01	2.906523439702607958e-01	1.838986210400312682e-01	8.556936775420737051e-02	3.851784698725205236e-02	9.623813182617405038e-02
1.814163830120731291e+03	1.875224529064966894e-01	1.170518558656896413e-01	2.908601767400257332e-01	1.840408336136200862e-01	8.563399772080813876e-02	3.856457596430808848e-02	9.632610718856692011e-02
1.819001600334386467e+03	1.872005436492969188e-01	1.168276134184183662e-01	2.910668061076607804e-01	1.841821726380123148e-01	8.569825709582382101e-02	3.861104291393280957e-02	9.641356417637027276e-02
1.823839370548041643e+03	1.868805323855856071e-01	1.166046819511887267e-01	2.912722392071567801e-01	1.843226436796580603e-01	8.576214777610109696e-02	3.865724926832242447e-02	9.650050573150256716e-02
1.828677140761696819e+03	1.865624079720925865e-01	1.163830537474420251e-01	2.914764831256715372e-01	1.844622522651077901e-01	8.582567165650412111e-02	3.870319645224588878e-02	9.658693478045134173e-02
1.833514910975352450e+03	1.862461593305229923e-01	1.161627211365630630e-01	2.916795449039811250e-01	1.846010038813671872e-01	8.588883062958725667e-02	3.874888588307658782e-02	9.667285423441716874e-02
1.838352681189008081e+03	1.859317754471887241e-01	1.159436764935975472e-01	2.918814315369218648e-01	1.847389039762492857e-01	8.595162658528458788e-02	3.879431897082399883e-02	9.675826698944935134e-02
1.843190451402663257e+03	1.856192453726415170e-01	1.157259122389715233e-01	2.920821499738242566e-01	1.848759579587239965e-01	8.601406141061480881e-02	3.883949711816537392e-02	9.684317592657390450e-02
1.848028221616318433e+03	1.853085582213079563e-01	1.155094208382125426e-01	2.922817071189371951e-01	1.850121711992645523e-01	8.607613698940126679e-02	3.888442172047738149e-02	9.692758391191445833e-02
1.852865991829973609e+03	1.849997031711258788e-01	1.152941948016728141e-01	2.924801098318451920e-01	1.851475490301910387e-01	8.613785520200607781e-02	3.892909416586779608e-02	9.701149379680654161e-02
1.857703762043628785e+03	1.846926694631828847e-01	1.150802266842541888e-01	2.926773649278769374e-01	1.852820967460107604e-01	8.619921792507785618e-02	3.897351583520706347e-02	9.709490841790566207e-02
1.862541532257283961e+03	1.843874464013564307e-01	1.148675090851348779e-01	2.928734791785065350e-01	1.854158196037556106e-01	8.626022703131219771e-02	3.901768810215996280e-02	9.717783059728977990e-02
1.867379302470939592e+03	1.840840233519555891e-01	1.146560346474981562e-01	2.930684593117472425e-01	1.855487228233162755e-01	8.632088438922443097e-02	3.906161233321717857e-02	9.726026314255650784e-02
1.872217072684594768e+03	1.837823897433649156e-01	1.144457960582627026e-01	2.932623120125382177e-01	1.856808115877731924e-01	8.638119186293416463e-02	3.910528988772688647e-02	9.734220884691534292e-02
1.877054842898249490e+03	1.834825350656896226e-01	1.142367860478149255e-01	2.934550439231241037e-01	1.858120910437242868e-01	8.644115131196074275e-02	3.914872211792628370e-02	9.742367048927544348e-02
1.881892613111905121e+03	1.831844488704029716e-01	1.140289973897428422e-01	2.936466616434283416e-01	1.859425663016094354e-01	8.650076459102938597e-02	3.919191036897315406e-02	9.750465083432932611e-02
1.886730383325560297e+03	1.828881207699950273e-01	1.138224229005719568e-01	2.938371717314195442e-01	1.860722424360316263e-01	8.656003354988743570e-02	3.923485597897730798e-02	9.758515263263255191e-02
1.891568153539215928e+03	1.825935404376234639e-01	1.136170554395027760e-01	2.940265807034720402e-01	1.862011244860749537e-01	8.661896003313007686e-02	3.927756027903210601e-02	9.766517862067998490e-02
1.896405923752871104e+03	1.823006976067660656e-01	1.134128879081500313e-01	2.942148950347203140e-01	1.863292174556190617e-01	8.667754588003540039e-02	3.932002459324585725e-02	9.774473152097876150e-02
1.901243693966526507e+03	1.820095820708750312e-01	1.132099132502837197e-01	2.944021211594069487e-01	1.864565263136503948e-01	8.673579292440793120e-02	3.936225023877325258e-02	9.782381404211822062e-02
1.906081464180181683e+03	1.817201836830328598e-01	1.130081244515718647e-01	2.945882654712260740e-01	1.865830559945701739e-01	8.679370299443073256e-02	3.940423852584670067e-02	9.790242887883714162e-02
1.910919234393836859e+03	1.814324923556103197e-01	1.128075145393248740e-01	2.947733343236601522e-01	1.867088113984988751e-01	8.685127791252526819e-02	3.944599075780769876e-02	9.798057871208835923e-02
1.915757004607492036e+03	1.811464980599260255e-01	1.126080765822416729e-01	2.949573340303120461e-01	1.868337973915776273e-01	8.690851949521893882e-02	3.948750823113807845e-02	9.805826620910119973e-02
1.920594774821147894e+03	1.808621908259077371e-01	1.124098036901575587e-01	2.951402708652316464e-01	1.869580188062660298e-01	8.696542955301969635e-02	3.952879223549127935e-02	9.813549402344162731e-02
1.925432545034802843e+03	1.805795607417554627e-01	1.122126890137935401e-01	2.953221510632377811e-01	1.870814804416368604e-01	8.702200989029768019e-02	3.956984405372357405e-02	9.821226479507061402e-02
1.930270315248458019e+03	1.802985979536064765e-01	1.120167257445075365e-01	2.955029808202349062e-01	1.872041870636674266e-01	8.707826230517336230e-02	3.961066496192516134e-02	9.828858115040066401e-02
1.935108085462113195e+03	1.800192926652017800e-01	1.118219071140471310e-01	2.956827662935250789e-01	1.873261434055275010e-01	8.713418858941195111e-02	3.965125622945135653e-02	9.836444570235075568e-02
1.939945855675768371e+03	1.797416351375547283e-01	1.116282263943038783e-01	2.958615136021154335e-01	1.874473541678643163e-01	8.718979052832376286e-02	3.969161911895360134e-02	9.843986105039984058e-02
1.944783625889424002e+03	1.794656156886210441e-01	1.114356768970693606e-01	2.960392288270212724e-01	1.875678240190840340e-01	8.724506990067038004e-02	3.973175488641047387e-02	9.851482978063898222e-02
1.949621396103079178e+03	1.791912246929708852e-01	1.112442519737927016e-01	2.962159180115645496e-01	1.876875575956300779e-01	8.730002847857620818e-02	3.977166478115867071e-02	9.858935446582242634e-02
1.954459166316734354e+03	1.789184525814623561e-01	1.110539450153398000e-01	2.963915871616683573e-01	1.878065595022583856e-01	8.735466802744522308e-02	3.981135004592388504e-02	9.866343766541744997e-02
1.959296936530389530e+03	1.786472898409171561e-01	1.108647494517540633e-01	2.965662422461470826e-01	1.879248343123092746e-01	8.740899030588276941e-02	3.985081191685167085e-02	9.873708192565340547e-02
1.964134706744044706e+03	1.783777270137975046e-01	1.106766587520187500e-01	2.967398891969926233e-01	1.880423865679764772e-01	8.746299706562206400e-02	3.989005162353818912e-02	9.881028977956980708e-02
1.968972476957700337e+03	1.781097546978851753e-01	1.104896664238207427e-01	2.969125339096567728e-01	1.881592207805727057e-01	8.751669005145525093e-02	3.992907038906098188e-02	9.888306374706370971e-02
1.973810247171355968e+03	1.778433635459622519e-01	1.103037660133160680e-01	2.970841822433297197e-01	1.882753414307924977e-01	8.757007100116880050e-02	3.996786943000957271e-02	9.895540633493639382e-02
1.978648017385010689e+03	1.775785442654932156e-01	1.101189511048967923e-01	2.972548400212148834e-01	1.883907529689717031e-01	8.762314164548311302e-02	4.000644995651611580e-02	9.902732003693952290e-02
1.983485787598666320e+03	1.773152876183092530e-01	1.099352153209594424e-01	2.974245130308000862e-01	1.885054598153440841e-01	8.767590370799595301e-02	4.004481317228588549e-02	9.909880733382069040e-02
1.988323557812321269e+03	1.770535844202940079e-01	1.097525523216749815e-01	2.975932070241250615e-01	1.886194663602950572e-01	8.772835890512983847e-02	4.008296027462776578e-02	9.916987069336861971e-02
1.993161328025976900e+03	1.767934255410710809e-01	1.095709558047602422e-01	2.977609277180461311e-01	1.887327769646123254e-01	8.778050894608301069e-02	4.012089245448462183e-02	9.924051257045791996e-02
1.997999098239632076e+03	1.765348019036932503e-01	1.093904195052508715e-01	2.979276807944967742e-01	1.888453959597334586e-01	8.783235553278380403e-02	4.015861089646362986e-02	9.931073540709357828e-02
2.002836868453287707e+03	1.762777044843334417e-01	1.092109371952757341e-01	2.980934719007451994e-01	1.889573276479909747e-01	8.788390035984844362e-02	4.019611677886653078e-02	9.938054163245507722e-02
2.007674638666942428e+03	1.760221243119773071e-01	1.090325026838327438e-01	2.982583066496489743e-01	1.890685763028542021e-01	8.793514511454192384e-02	4.023341127371978659e-02	9.944993366294047066e-02
2.012512408880597604e+03	1.757680524681174972e-01	1.088551098165661674e-01	2.984221906199063246e-01	1.891791461691685883e-01	8.798609147674202324e-02	4.027049554680471599e-02	9.951891390221009881e-02
2.017350179094252780e+03	1.755154800864497933e-01	1.086787524755453427e-01	2.985851293563042685e-01	1.892890414633920104e-01	8.803674111890619214e-02	4.030737075768747735e-02	9.958748474123024774e-02
2.022187949307908411e+03	1.752643983525705995e-01	1.085034245790449103e-01	2.987471283699642544e-01	1.893982663738285332e-01	8.808709570604117411e-02	4.034403805974903084e-02	9.965564855831682278e-02
2.027025719521564042e+03	1.750147985036764331e-01	1.083291200813263216e-01	2.989081931385841329e-01	1.895068250608593352e-01	8.813715689567540312e-02	4.038049860021501736e-02	9.972340771917875824e-02
2.031863489735218764e+03	1.747666718282647746e-01	1.081558329724208040e-01	2.990683291066779659e-01	1.896147216571709704e-01	8.818692633783384305e-02	4.041675352018550549e-02	9.979076457696156588e-02
2.036701259948874394e+03	1.745200096658368893e-01	1.079835572779137970e-01	2.992275416858128367e-01	1.897219602679810768e-01	8.823640567501535303e-02	4.045280395466473861e-02	9.985772147229074469e-02
2.041539030162529116e+03	1.742748034066019802e-01	1.078122870587306659e-01	2.993858362548428853e-01	1.898285449712613926e-01	8.828559654217235653e-02	4.048865103259072229e-02	9.992428073331537097e-02
2.046376800376184747e+03	1.740310444911832288e-01	1.076420164109238159e-01	2.995432181601409005e-01	1.899344798179582738e-01	8.833450056669278627e-02	4.052429587686477708e-02	9.999044467575154971e-02
2.051214570589840150e+03	1.737887244103254181e-01	1.074727394654611951e-01	2.996996927158268598e-01	1.900397688322106315e-01	8.838311936838412486e-02	4.055973960438097325e-02	1.000562156029261296e-01
2.056052340803495554e+03	1.735478347046039704e-01	1.073044503880160871e-01	2.998552652039944699e-01	1.901444160115653703e-01	8.843145455945956857e-02	4.059498332605551707e-02	1.001215958058203209e-01
2.060890111017150957e+03	1.733083669641360403e-01	1.071371433787583760e-01	3.000099408749348773e-01	1.902484253271904402e-01	8.847950774452609246e-02	4.063002814685597736e-02	1.001865875631135494e-01
2.065727881230805451e+03	1.730703128282927439e-01	1.069708126721469338e-01	3.001637249473581015e-01	1.903518007240852794e-01	8.852728052057448616e-02	4.066487516583054684e-02	1.002511931412273100e-01
2.070565651444461309e+03	1.728336639854133050e-01	1.068054525367235358e-01	3.003166226086118606e-01	1.904545461212892032e-01	8.857477447697115203e-02	4.069952547613706756e-02	1.003154147943692703e-01
2.075403421658116713e+03	1.725984121725207820e-01	1.066410572749079411e-01	3.004686390148985087e-01	1.905566654120871006e-01	8.862199119545161041e-02	4.073398016507207703e-02	1.003792547645773747e-01
2.080241191871772116e+03	1.723645491750392111e-01	1.064776212227943608e-01	3.006197792914891975e-01	1.906581624642129102e-01	8.866893225011573954e-02	4.076824031409970878e-02	1.004427152817641972e-01
2.085078962085427065e+03	1.721320668265125531e-01	1.063151387499491618e-01	3.007700485329361517e-01	1.907590411200509595e-01	8.871559920742455585e-02	4.080230699888050955e-02	1.005057985637614337e-01
2.089916732299082469e+03	1.719009570083250560e-01	1.061536042592098605e-01	3.009194518032823895e-01	1.908593051968348053e-01	8.876199362619856259e-02	4.083618128930018715e-02	1.005685068163645057e-01
2.094754502512737417e+03	1.716712116494232276e-01	1.059930121864854635e-01	3.010679941362696121e-01	1.909589584868440770e-01	8.880811705761748609e-02	4.086986424949821256e-02	1.006308422333772878e-01
2.099592272726392821e+03	1.714428227260395288e-01	1.058333570005579038e-01	3.012156805355438727e-01	1.910580047575989593e-01	8.885397104522152478e-02	4.090335693789638738e-02	1.006928069966571970e-01
2.104430042940048224e+03	1.712157822614173153e-01	1.056746332028849489e-01	3.013625159748591353e-01	1.911564477520526772e-01	8.889955712491383333e-02	4.093666040722726551e-02	1.007544032761601843e-01
