1.146551540636302207e+03	2.562819166349179500e-01	1.649738685391776427e-01	2.462069780669531305e-01	1.531014125382963720e-01	7.333227336564029919e-02	2.891793459662356930e-02	7.718561625790380798e-02
1.151389310849957155e+03	2.555565079857904376e-01	1.644682027110230815e-01	2.467007225367029988e-01	1.534276277960232304e-01	7.341608530716911551e-02	2.901226961120172143e-02	7.741858405160215173e-02
1.156227081063612786e+03	2.548353313523804564e-01	1.639654854520610217e-01	2.471905258520833704e-01	1.537526175044517385e-01	7.350188260069866197e-02	2.910626980520342882e-02	7.764788743263406623e-02
1.161064851277267962e+03	2.541183637391589700e-01	1.634657015740264840e-01	2.476764568622823182e-01	1.540763244729870529e-01	7.358952631849771664e-02	2.919992984334357153e-02	7.787369718921662021e-02
1.165902621490923138e+03	2.534055821769901073e-01	1.629688358198330411e-01	2.481585817853070863e-01	1.543986963262694023e-01	7.367888535715706733e-02	2.929324474237680193e-02	7.809617379157918204e-02
1.170740391704578315e+03	2.526969637294099180e-01	1.624748728742803905e-01	2.486369643425320741e-01	1.547196851893586356e-01	7.376983598930254848e-02	2.938620985239625075e-02	7.831546802223283976e-02
1.175578161918233945e+03	2.519924854984857965e-01	1.619837973740572146e-01	2.491116658857165933e-01	1.550392473924822878e-01	7.386226144156278484e-02	2.947882083917825399e-02	7.853172156802964987e-02
1.180415932131889122e+03	2.512921246302810552e-01	1.614955939170832633e-01	2.495827455169304376e-01	1.553573431941539518e-01	7.395605149723472049e-02	2.957107366751232994e-02	7.874506757631681564e-02
1.185253702345544298e+03	2.505958583199490719e-01	1.610102470712303502e-01	2.500502602017978804e-01	1.556739365215407400e-01	7.405110212218246613e-02	2.966296458545922970e-02	7.895563117735279746e-02
1.190091472559199701e+03	2.499036638164789936e-01	1.605277413824617583e-01	2.505142648764480118e-01	1.559889947270263477e-01	7.414731511259296803e-02	2.975449010948322953e-02	7.916352997502124067e-02
1.194929242772855105e+03	2.492155184271142299e-01	1.600480613824247778e-01	2.509748125485350423e-01	1.563024883599803405e-01	7.424459776329361826e-02	2.984564701040804888e-02	7.936887450775646780e-02
1.199767012986510281e+03	2.485313995214636917e-01	1.595711915955309035e-01	2.514319543926717970e-01	1.566143909528036060e-01	7.434286255541455724e-02	2.993643230014880058e-02	7.957176868147911031e-02
1.204604783200165684e+03	2.478512845353239569e-01	1.590971165455551395e-01	2.518857398405986991e-01	1.569246788203770004e-01	7.444202686225075138e-02	3.002684321917507490e-02	7.977231017623183373e-02
1.209442553413820860e+03	2.471751509742302344e-01	1.586258207617839422e-01	2.523362166663919437e-01	1.572333308720924305e-01	7.454201267224729033e-02	3.011687722466304187e-02	7.997059082810356601e-02
1.214280323627476264e+03	2.465029764167523951e-01	1.581572887847401132e-01	2.527834310669965223e-01	1.575403284356958478e-01	7.464274632809558829e-02	3.020653197929686756e-02	8.016669698793515986e-02
1.219118093841131440e+03	2.458347385175515820e-01	1.576915051715106486e-01	2.532274277383529948e-01	1.578456550922177348e-01	7.474415828098834869e-02	3.029580534068207834e-02	8.036070985820906176e-02
1.223955864054786844e+03	2.451704150102118895e-01	1.572284545007024137e-01	2.536682499473712493e-01	1.581492965213115720e-01	7.484618285913803570e-02	3.038469535133575192e-02	8.055270580944150216e-02
1.228793634268442020e+03	2.445099837098608786e-01	1.567681213770485138e-01	2.541059395999888393e-01	1.584512403563607952e-01	7.494875804971683209e-02	3.047320022922042973e-02	8.074275667731616035e-02
1.233631404482097196e+03	2.438534225155915558e-01	1.563104904356872882e-01	2.545405373055387721e-01	1.587514760487545862e-01	7.505182529342618869e-02	3.056131835879060538e-02	8.093093004172341454e-02
1.238469174695752372e+03	2.432007094126981406e-01	1.558555463461343826e-01	2.549720824376379147e-01	1.590499947407685022e-01	7.515532929095136705e-02	3.064904828252253480e-02	8.111728948879955159e-02
1.243306944909407548e+03	2.425518224747368057e-01	1.554032738159671079e-01	2.554006131917935241e-01	1.593467891465207009e-01	7.525921782060039644e-02	3.073638869289974443e-02	8.130189485699408636e-02
1.248144715123063179e+03	2.419067398654221046e-01	1.549536575942386807e-01	2.558261666399165302e-01	1.596418534405064094e-01	7.536344156646899994e-02	3.082333842482825811e-02	8.148480246813138983e-02
1.252982485336718355e+03	2.412654398403690781e-01	1.545066824746400280e-01	2.562487787819162643e-01	1.599351831532434542e-01	7.546795395651159644e-02	3.090989644845714909e-02	8.166606534437473308e-02
1.257820255550373531e+03	2.406279007486907817e-01	1.540623332984242533e-01	2.566684845945434446e-01	1.602267750735903995e-01	7.557271100993603885e-02	3.099606186238137648e-02	8.184573341194602281e-02
1.262658025764028707e+03	2.399941010344594505e-01	1.536205949571090579e-01	2.570853180776367375e-01	1.605166271573248982e-01	7.567767119337377724e-02	3.108183388720523951e-02	8.202385369240314250e-02
1.267495795977684338e+03	2.393640192380402376e-01	1.531814523949711904e-01	2.574993122979204463e-01	1.608047384415960124e-01	7.578279528531006726e-02	3.116721185944606662e-02	8.220047048222829666e-02
1.272333566191339514e+03	2.387376339973051320e-01	1.527448906113458571e-01	2.579104994304913800e-01	1.610911089648860983e-01	7.588804624828932033e-02	3.125219522575894970e-02	8.237562552143559702e-02
1.277171336404994690e+03	2.381149240487344110e-01	1.523108946627435845e-01	2.583189107981251342e-01	1.613757396921420562e-01	7.599338910843961292e-02	3.133678353746439244e-02	8.254935815186312253e-02
1.282009106618650094e+03	2.374958682284125655e-01	1.518794496647959125e-01	2.587245769085252389e-01	1.616586324447547851e-01	7.609879084188704568e-02	3.142097644536191725e-02	8.272170546577481409e-02
1.286846876832305497e+03	2.368804454729253328e-01	1.514505407940410220e-01	2.591275274896296388e-01	1.619397898350861398e-01	7.620422026765692747e-02	3.150477369481352596e-02	8.289270244535965060e-02
1.291684647045960673e+03	2.362686348201635256e-01	1.510241532895595096e-01	2.595277915230844168e-01	1.622192152052608638e-01	7.630964794668161633e-02	3.158817512108195308e-02	8.306238209368035919e-02
1.296522417259616077e+03	2.356604154100401527e-01	1.506002724544694693e-01	2.599253972759867914e-01	1.624969125699579631e-01	7.641504608655826092e-02	3.167118064490948709e-02	8.323077555759010593e-02
1.301360187473271253e+03	2.350557664851254669e-01	1.501788836572907071e-01	2.603203723309939210e-01	1.627728865629527177e-01	7.652038845172046133e-02	3.175379026832392954e-02	8.339791224310504070e-02
1.306197957686926657e+03	2.344546673912056567e-01	1.497599723331854427e-01	2.607127436148889421e-01	1.630471423871749648e-01	7.662565027870765766e-02	3.183600407065912546e-02	8.356381992369038558e-02
1.311035727900581833e+03	2.338570975777693739e-01	1.493435239850844642e-01	2.611025374256898401e-01	1.633196857680644654e-01	7.673080819623512294e-02	3.191782220477815124e-02	8.372852484189070854e-02
1.315873498114237009e+03	2.332630365984272036e-01	1.489295241847054529e-01	2.614897794583814772e-01	1.635905229100168556e-01	7.683584014978460386e-02	3.199924489348790480e-02	8.389205180470860057e-02
1.320711268327892412e+03	2.326724641112676850e-01	1.485179585734707208e-01	2.618744948293475483e-01	1.638596604557267522e-01	7.694072533045279161e-02	3.208027242613468999e-02	8.405442427311188291e-02
1.325549038541547588e+03	2.320853598791544903e-01	1.481088128633310241e-01	2.622567080995739097e-01	1.641271054482462688e-01	7.704544410780950203e-02	3.216090515537064348e-02	8.421566444602618384e-02
1.330386808755202765e+03	2.315017037699679814e-01	1.477020728375013636e-01	2.626364432966907803e-01	1.643928652955883307e-01	7.714997796653312589e-02	3.224114349408186558e-02	8.437579333914861646e-02
1.335224578968857941e+03	2.309214757567947252e-01	1.472977243511145451e-01	2.630137239359178203e-01	1.646569477377146096e-01	7.725430944660367782e-02	3.232098791246923453e-02	8.453483085889747228e-02
1.340062349182513572e+03	2.303446559180686859e-01	1.468957533317981623e-01	2.633885730399718739e-01	1.649193608157580593e-01	7.735842208684748367e-02	3.240043893527367463e-02	8.469279587179416591e-02
1.344900119396168748e+03	2.297712244376666213e-01	1.464961457801798317e-01	2.637610131579941619e-01	1.651801128433385002e-01	7.746230037163925886e-02	3.247949713913802355e-02	8.484970626955570805e-02
1.349737889609823924e+03	2.292011616049610123e-01	1.460988877703255362e-01	2.641310663835502170e-01	1.654392123798392178e-01	7.756592968057894610e-02	3.255816315009808781e-02	8.500557903015915073e-02
1.354575659823479100e+03	2.286344478148330805e-01	1.457039654501154635e-01	2.644987543717526313e-01	1.656966682055201756e-01	7.766929624097138052e-02	3.263643764119596169e-02	8.516043027512344710e-02
1.359413430037134731e+03	2.280710635676485298e-01	1.453113650415615021e-01	2.648640983555549666e-01	1.659524892983514910e-01	7.777238708294721692e-02	3.271432133020889949e-02	8.531427532323952734e-02
1.364251200250789907e+03	2.275109894691983159e-01	1.449210728410705584e-01	2.652271191612602386e-01	1.662066848124570950e-01	7.787518999707254697e-02	3.279181497748775986e-02	8.546712874096551449e-02
1.369088970464445310e+03	2.269542062306070251e-01	1.445330752196572477e-01	2.655878372232872708e-01	1.664592640580666583e-01	7.797769349430426489e-02	3.286891938389898543e-02	8.561900438969051452e-02
1.373926740678100487e+03	2.264006946682106947e-01	1.441473586231090398e-01	2.659462725982340570e-01	1.667102364828789707e-01	7.807988676815599827e-02	3.294563538886469134e-02	8.576991547005850813e-02
1.378764510891755890e+03	2.258504357034059051e-01	1.437639095721078564e-01	2.663024449782762093e-01	1.669596116547464593e-01	7.818175965894799684e-02	3.302196386849565179e-02	8.591987456353190888e-02
1.383602281105411066e+03	2.253034103624730333e-01	1.433827146623103399e-01	2.666563737039351345e-01	1.672073992455961888e-01	7.828330262002126949e-02	3.309790573381227868e-02	8.606889367136381919e-02
1.388440051319066470e+03	2.247595997763738307e-01	1.430037605643902365e-01	2.670080777762505186e-01	1.674536090165075486e-01	7.838450668580346226e-02	3.317346192904895713e-02	8.621698425113744069e-02
1.393277821532721646e+03	2.242189851805266865e-01	1.426270340240453904e-01	2.673575758683874315e-01	1.676982508038723785e-01	7.848536344162090894e-02	3.324863343003740118e-02	8.636415725102178365e-02
1.398115591746377049e+03	2.236815479145597974e-01	1.422525218619716258e-01	2.677048863367084142e-01	1.679413345065669527e-01	7.858586499515672619e-02	3.332342124266482464e-02	8.651042314188360505e-02
1.402953361960032225e+03	2.231472694220445752e-01	1.418802109738060979e-01	2.680500272313389165e-01	1.681828700740707894e-01	7.868600394946148602e-02	3.339782640140315229e-02	8.665579194738697033e-02
1.407791132173687402e+03	2.226161312502103751e-01	1.415100883300422219e-01	2.683930163062513974e-01	1.684228674954702520e-01	7.878577337742800890e-02	3.347184996790553146e-02	8.680027327220413147e-02
1.412628902387342805e+03	2.220881150496415712e-01	1.411421409759183454e-01	2.687338710288952881e-01	1.686613367892895732e-01	7.888516679764688566e-02	3.354549302966664676e-02	8.694387632845357317e-02
1.417466672600997981e+03	2.215632025739588395e-01	1.407763560312818296e-01	2.690726085893936359e-01	1.688982879940947868e-01	7.898417815156474897e-02	3.361875669874368061e-02	8.708660996047427882e-02
1.422304442814653157e+03	2.210413756794852580e-01	1.404127206904306480e-01	2.694092459093311853e-01	1.691337311598201942e-01	7.908280178187124254e-02	3.369164211053467944e-02	8.722848266803856498e-02
1.427142213028308333e+03	2.205226163248985016e-01	1.400512222219339187e-01	2.697437996501537150e-01	1.693676763397691798e-01	7.918103241204528520e-02	3.376415042261157046e-02	8.736950262809954626e-02
1.431979983241963964e+03	2.200069065708701588e-01	1.396918479684332026e-01	2.700762862211986137e-01	1.696001335832457990e-01	7.927886512699540422e-02	3.383628281360489404e-02	8.750967771516363070e-02
1.436817753455619140e+03	2.194942285796931125e-01	1.393345853464257877e-01	2.704067217873759033e-01	1.698311129287740362e-01	7.937629535473222919e-02	3.390804048213779537e-02	8.764901552037276944e-02
1.441655523669274316e+03	2.189845646148979308e-01	1.389794218460315423e-01	2.707351222765171928e-01	1.700606243978667054e-01	7.947331884901528976e-02	3.397942464580674948e-02	8.778752336937617473e-02
1.446493293882929493e+03	2.184778970408588206e-01	1.386263450307446687e-01	2.710615033864094414e-01	1.702886779893063307e-01	7.956993167291946667e-02	3.405043654020668137e-02	8.792520833906615485e-02
1.451331064096585123e+03	2.179742083223905058e-01	1.382753425371712475e-01	2.713858805915292938e-01	1.705152836739042554e-01	7.966613018326949847e-02	3.412107741799830229e-02	8.806207727324848189e-02
1.456168834310240300e+03	2.174734810243361127e-01	1.379264020747540120e-01	2.717082691494929203e-01	1.707404513897054776e-01	7.976191101589415189e-02	3.419134854801562928e-02	8.819813679731322575e-02
1.461006604523895703e+03	2.169756978111474222e-01	1.375795114254853846e-01	2.720286841072360740e-01	1.709641910376089313e-01	7.985727107165421779e-02	3.426125121441159910e-02	8.833339333196782439e-02
1.465844374737550879e+03	2.164808414464574893e-01	1.372346584436098249e-01	2.723471403069369634e-01	1.711865124773749025e-01	7.995220750320138070e-02	3.433078671584006286e-02	8.846785310609082964e-02
1.470682144951206283e+03	2.159888947926467129e-01	1.368918310553159101e-01	2.726636523916950439e-01	1.714074255239934619e-01	8.004671770242735573e-02	3.439995636467229473e-02	8.860152216876068798e-02
1.475519915164861459e+03	2.154998408104027985e-01	1.365510172584196991e-01	2.729782348109778267e-01	1.716269399443885457e-01	8.014079928856503166e-02	3.446876148624639785e-02	8.873440640051105666e-02
1.480357685378516862e+03	2.150136625582751426e-01	1.362122051220400198e-01	2.732909018258470324e-01	1.718450654544348422e-01	8.023445009690559349e-02	3.453720341814805334e-02	8.886651152386065844e-02
1.485195455592172038e+03	2.145303431922241100e-01	1.358753827862658192e-01	2.736016675139742449e-01	1.720618117162653615e-01	8.032766816809770727e-02	3.460528350952106480e-02	8.899784311316294438e-02
1.490033225805827215e+03	2.140498659651658142e-01	1.355405384618173781e-01	2.739105457744571703e-01	1.722771883358498735e-01	8.042045173799662605e-02	3.467300312040633159e-02	8.912840660381805835e-02
1.494870996019482618e+03	2.135722142265125412e-01	1.352076604297009210e-01	2.742175503324451036e-01	1.724912048608246429e-01	8.051279922803331046e-02	3.474036362110790449e-02	8.925820730088682153e-02
1.499708766233137567e+03	2.130973714217098691e-01	1.348767370408581467e-01	2.745226947435834841e-01	1.727038707785558402e-01	8.060470923607468419e-02	3.480736639158487494e-02	8.938725038714429028e-02
1.504546536446793198e+03	2.126253210917699588e-01	1.345477567158105681e-01	2.748259923982863118e-01	1.729151955144198616e-01	8.069618052774869821e-02	3.487401282086787652e-02	8.951554093060794248e-02
1.509384306660448374e+03	2.121560468728023174e-01	1.342207079442998274e-01	2.751274565258430838e-01	1.731251884302850153e-01	8.078721202820854375e-02	3.494030430649901209e-02	8.964308389157348012e-02
1.514222076874103550e+03	2.116895324955417879e-01	1.338955792849237103e-01	2.754271001983699119e-01	1.733338588231800592e-01	8.087780281431229679e-02	3.500624225399432549e-02	8.976988412918912585e-02
1.519059847087758726e+03	2.112257617848743441e-01	1.335723593647693275e-01	2.757249363346111481e-01	1.735412159241357388e-01	8.096795210719559543e-02	3.507182807632752697e-02	8.989594640759754340e-02
1.523897617301414357e+03	2.107647186593608335e-01	1.332510368790428557e-01	2.760209777035981804e-01	1.737472688971865853e-01	8.105765926521589504e-02	3.513706319343423701e-02	9.002127540167266517e-02
1.528735387515069533e+03	2.103063871307590538e-01	1.329316005906969467e-01	2.763152369281729470e-01	1.739520268385212065e-01	8.114692377724860850e-02	3.520194903173567980e-02	9.014587570237680980e-02
1.533573157728724709e+03	2.098507513035444971e-01	1.326140393300559717e-01	2.766077264883813891e-01	1.741554987757699124e-01	8.123574525631599430e-02	3.526648702368105626e-02	9.026975182176245893e-02
1.538410927942380113e+03	2.093977953744300680e-01	1.322983419944393224e-01	2.768984587247433349e-01	1.743576936674188227e-01	8.132412343353108419e-02	3.533067860730770837e-02	9.039290819764088381e-02
1.543248698156035516e+03	2.089475036318844958e-01	1.319844975477834914e-01	2.771874458414044229e-01	1.745586204023415466e-01	8.141205815233996945e-02	3.539452522581832544e-02	9.051534919793889633e-02
1.548086468369690692e+03	2.084998604556505541e-01	1.316724950202624589e-01	2.774746999091751709e-01	1.747582877994385553e-01	8.149954936304620867e-02	3.545802832717447062e-02	9.063707912476366702e-02
1.552924238583346096e+03	2.080548503162623630e-01	1.313623235079077467e-01	2.777602328684622424e-01	1.749567046073761400e-01	8.158659711760300748e-02	3.552118936370560892e-02	9.075810221819399781e-02
1.557762008797001272e+03	2.076124577745626087e-01	1.310539721722273898e-01	2.780440565320967394e-01	1.751538795044169927e-01	8.167320156465836256e-02	3.558400979173315104e-02	9.087842265981581347e-02
1.562599779010656675e+03	2.071726674812199021e-01	1.307474302398246857e-01	2.783261825880644080e-01	1.753498210983351069e-01	8.175936294484038858e-02	3.564649107120868715e-02	9.099804457601792795e-02
1.567437549224311852e+03	2.067354641762455814e-01	1.304426870020167495e-01	2.786066226021414738e-01	1.755445379264078121e-01	8.184508158626986607e-02	3.570863466536594588e-02	9.111697204106371240e-02
1.572275319437967255e+03	2.063008326885114319e-01	1.301397318144529025e-01	2.788853880204404945e-01	1.757380384554788899e-01	8.193035790028845022e-02	3.577044204038588165e-02	9.123520907995300022e-02
1.577113089651622431e+03	2.058687579352673214e-01	1.298385540967337271e-01	2.791624901718706142e-01	1.759303310820865829e-01	8.201519237739093859e-02	3.583191466507418960e-02	9.135275967108766326e-02
1.581950859865277607e+03	2.054392249216595578e-01	1.295391433320299823e-01	2.794379402705146620e-01	1.761214241326508334e-01	8.209958558335132828e-02	3.589305401055100514e-02	9.146962774875369573e-02
1.586788630078933011e+03	2.050122187402498297e-01	1.292414890667023530e-01	2.797117494179279795e-01	1.763113258637146741e-01	8.218353815553254560e-02	3.595386154995204586e-02	9.158581720543161608e-02
1.591626400292587959e+03	2.045877245705349512e-01	1.289455809099219752e-01	2.799839286053616427e-01	1.765000444622351061e-01	8.226705079937023102e-02	3.601433875814083474e-02	9.170133189394628903e-02
1.596464170506243590e+03	2.041657276784674957e-01	1.286514085332915724e-01	2.802544887159131859e-01	1.766875880459184978e-01	8.235012428502190562e-02	3.607448711143157460e-02	9.181617562946677025e-02
1.601301940719898766e+03	2.037462134159774285e-01	1.283589616704678416e-01	2.805234405266082143e-01	1.768739646635966445e-01	8.243275944417283174e-02	3.613430808732218114e-02	9.193035219136583280e-02
1.606139710933553943e+03	2.033291672204947942e-01	1.280682301167847259e-01	2.807907947104154589e-01	1.770591822956396610e-01	8.251495716699076832e-02	3.619380316423712052e-02	9.204386532494850115e-02
1.610977481147209119e+03	2.029145746144735696e-01	1.277792037288780491e-01	2.810565618381980491e-01	1.772432488544017637e-01	8.259671839922197445e-02	3.625297382127962847e-02	9.215671874305803035e-02
1.615815251360864750e+03	2.025024212049169603e-01	1.274918724243112589e-01	2.813207523806040555e-01	1.774261721846968343e-01	8.267804413942136943e-02	3.631182153799297763e-02	9.226891612756761563e-02
1.620653021574519926e+03	2.020926926829038905e-01	1.272062261812028916e-01	2.815833767098979701e-01	1.776079600643006018e-01	8.275893543630999383e-02	3.637034779413043928e-02	9.238046113076527066e-02
1.625490791788175102e+03	2.016853748231168808e-01	1.269222550378551750e-01	2.818444451017365626e-01	1.777886202044763053e-01	8.283939338625359583e-02	3.642855406943350943e-02	9.249135737663904955e-02
1.630328562001830505e+03	2.012804534833715631e-01	1.266399490923844351e-01	2.821039677368899490e-01	1.779681602505216176e-01	8.291941913085611182e-02	3.648644184341828106e-02	9.260160846206909324e-02
1.635166332215485909e+03	2.008779146041477781e-01	1.263592985023530013e-01	2.823619547029115329e-01	1.781465877823338595e-01	8.299901385466247616e-02	3.654401259516942835e-02	9.271121795793292597e-02
1.640004102429141085e+03	2.004777442081220606e-01	1.260802934844029166e-01	2.826184159957579323e-01	1.783239103149913685e-01	8.307817878296525071e-02	3.660126780314164330e-02	9.282018941012981639e-02
1.644841872642796488e+03	2.000799283997021505e-01	1.258029243138912845e-01	2.828733615213608887e-01	1.785001352993489665e-01	8.315691517970999480e-02	3.665820894496827492e-02	9.292852634052946315e-02
1.649679642856451665e+03	1.996844533645629194e-01	1.255271813245276147e-01	2.831268010971532689e-01	1.786752701226455298e-01	8.323522434549460169e-02	3.671483749727674772e-02	9.303623224785038948e-02
1.654517413070107068e+03	1.992913053691842684e-01	1.252530549080126954e-01	2.833787444535510458e-01	1.788493221091217444e-01	8.331310761565791090e-02	3.677115493551071784e-02	9.314331060847268196e-02
1.659355183283762244e+03	1.989004707603908295e-01	1.249805355136796997e-01	2.836292012353926473e-01	1.790222985206463280e-01	8.339056635845341903e-02	3.682716273375854360e-02	9.324976487718955598e-02
1.664192953497417420e+03	1.985119359648934156e-01	1.247096136481370549e-01	2.838781810033374486e-01	1.791942065573493559e-01	8.346760197330370390e-02	3.688286236458792472e-02	9.335559848790207782e-02
1.669030723711072824e+03	1.981256874888324970e-01	1.244402798749133093e-01	2.841256932352248521e-01	1.793650533582610007e-01	8.354421588913206465e-02	3.693825529888647430e-02	9.346081485426077640e-02
1.673868493924728000e+03	1.977417119173235371e-01	1.241725248141039850e-01	2.843717473273955076e-01	1.795348460019546566e-01	8.362040956276725612e-02	3.699334300570798761e-02	9.356541737025807215e-02
1.678706264138383403e+03	1.973599959140044657e-01	1.239063391420204274e-01	2.846163525959759522e-01	1.797035915071928946e-01	8.369618447741823675e-02	3.704812695212430368e-02	9.366940941077468719e-02
1.683544034352038352e+03	1.969805262205847896e-01	1.236417135908408488e-01	2.848595182781285540e-01	1.798712968335755835e-01	8.377154214121527998e-02	3.710260860308235709e-02	9.377279433208353387e-02
1.688381804565693983e+03	1.966032896563971732e-01	1.233786389482631890e-01	2.851012535332670961e-01	1.800379688821885371e-01	8.384648408581456269e-02	3.715678942126647566e-02	9.387557547231392685e-02
1.693219574779349159e+03	1.962282731179506856e-01	1.231171060571603360e-01	2.853415674442400518e-01	1.802036144962523290e-01	8.392101186506310817e-02	3.721067086696558390e-02	9.397775615187888010e-02
1.698057344993004335e+03	1.958554635784863773e-01	1.228571058152371775e-01	2.855804690184823302e-01	1.803682404617701351e-01	8.399512705372128019e-02	3.726425439794517347e-02	9.407933967386840346e-02
1.702895115206659511e+03	1.954848480875348293e-01	1.225986291746899437e-01	2.858179671891370455e-01	1.805318535081739395e-01	8.406883124624023318e-02	3.731754146932393656e-02	9.418032932441092187e-02
1.707732885420315142e+03	1.951164137704758106e-01	1.223416671418676438e-01	2.860540708161473655e-01	1.806944603089681578e-01	8.414212605559169555e-02	3.737053353345481943e-02	9.428072837300535691e-02
1.712570655633970318e+03	1.947501478281001563e-01	1.220862107769355165e-01	2.862887886873207721e-01	1.808560674823703196e-01	8.421501311214768526e-02	3.742323203981041957e-02	9.438054007282598024e-02
1.717408425847625494e+03	1.943860375361735615e-01	1.218322511935407554e-01	2.865221295193659534e-01	1.810166815919481975e-01	8.428749406260793720e-02	3.747563843487251162e-02	9.447976766100189827e-02
1.722246196061280898e+03	1.940240702450028998e-01	1.215797795584802471e-01	2.867541019589033291e-01	1.811763091472525233e-01	8.435957056897283590e-02	3.752775416202561859e-02	9.457841435887336112e-02
1.727083966274936301e+03	1.936642333790042358e-01	1.213287870913705574e-01	2.869847145834504842e-01	1.813349566044451522e-01	8.443124430755966081e-02	3.757958066145448972e-02	9.467648337222617227e-02
1.731921736488591478e+03	1.933065144362734189e-01	1.210792650643199159e-01	2.872139759023827899e-01	1.814926303669223417e-01	8.450251696806049262e-02	3.763111937004531143e-02	9.477397789150644736e-02
1.736759506702246881e+03	1.929509009881586468e-01	1.208312048016024765e-01	2.874418943578705976e-01	1.816493367859322028e-01	8.457339025263958809e-02	3.768237172129056817e-02	9.487090109201666566e-02
1.741597276915902057e+03	1.925973806788352505e-01	1.205845976793346180e-01	2.876684783257933420e-01	1.818050821611865986e-01	8.464386587506868287e-02	3.773333914519742122e-02	9.496725613409484623e-02
1.746435047129557461e+03	1.922459412248827548e-01	1.203394351251533406e-01	2.878937361166319375e-01	1.819598727414667994e-01	8.471394555989840425e-02	3.778402306819952927e-02	9.506304616327794499e-02
1.751272817343212637e+03	1.918965704148640206e-01	1.200957086178969513e-01	2.881176759763396933e-01	1.821137147252228083e-01	8.478363104166435071e-02	3.783442491307209554e-02	9.515827431045084661e-02
1.756110587556867813e+03	1.915492561089065515e-01	1.198534096872876514e-01	2.883403060871920776e-01	1.822666142611660545e-01	8.485292406412611732e-02	3.788454609885016922e-02	9.525294369198210320e-02
1.760948357770523216e+03	1.912039862382862720e-01	1.196125299136164000e-01	2.885616345686175532e-01	1.824185774488552014e-01	8.492182637953797630e-02	3.793438804075002085e-02	9.534705740984732170e-02
1.765786127984178393e+03	1.908607488050132195e-01	1.193730609274298027e-01	2.887816694780078741e-01	1.825696103392749903e-01	8.499033974794986679e-02	3.798395215009346682e-02	9.544061855174153230e-02
1.770623898197833569e+03	1.905195318814196515e-01	1.191349944092190832e-01	2.890004188115106176e-01	1.827197189354079765e-01	8.505846593653713927e-02	3.803323983423517046e-02	9.553363019118105148e-02
1.775461668411488745e+03	1.901803236097501792e-01	1.188983220891111636e-01	2.892178905048033988e-01	1.828689091927988841e-01	8.512620671895819446e-02	3.808225249649269117e-02	9.562609538759615779e-02
1.780299438625144376e+03	1.898431122017542605e-01	1.186630357465618540e-01	2.894340924338502097e-01	1.830171870201115769e-01	8.519356387473846215e-02	3.813099153607923258e-02	9.571801718641503864e-02
1.785137208838799552e+03	1.895078859382808845e-01	1.184291272100510273e-01	2.896490324156412721e-01	1.831645582796786464e-01	8.526053918867976256e-02	3.817945834803909699e-02	9.580939861913995159e-02
1.789974979052454728e+03	1.891746331688753113e-01	1.181965883567799164e-01	2.898627182089160703e-01	1.833110287880433953e-01	8.532713445029410648e-02	3.822765432318565859e-02	9.590024270341616919e-02
1.794812749266109904e+03	1.888433423113781429e-01	1.179654111123703969e-01	2.900751575148707850e-01	1.834566043164942706e-01	8.539335145326061582e-02	3.827558084804176530e-02	9.599055244309458168e-02
1.799650519479765535e+03	1.885140018515267524e-01	1.177355874505663647e-01	2.902863579778501291e-01	1.836012905915916094e-01	8.545919199490481510e-02	3.832323930478261781e-02	9.608033082828820737e-02
1.804488289693420711e+03	1.881866003425585465e-01	1.175071093929370425e-01	2.904963271860242502e-01	1.837450932956868621e-01	8.552465787569926703e-02	3.837063107118093841e-02	9.616958083542358204e-02
1.809326059907075887e+03	1.878611264048166418e-01	1.172799690085823410e-01	2.907050726720511458e-01	1.838880180674340448e-01	8.558975089878467779e-02	3.841775752055436727e-02	9.625830542728719408e-02
1.814163830120731291e+03	1.875375687253577894e-01	1.170541584138403007e-01	2.909126019137250885e-01	1.840300705022937522e-01	8.565447286951068107e-02	3.846462002171509992e-02	9.634650755306764514e-02
1.819001600334386467e+03	1.872159160575622983e-01	1.168296697719963112e-01	2.911189223346113963e-01	1.841712561530292891e-01	8.571882559499542642e-02	3.851121993892158563e-02	9.643419014839400838e-02
1.823839370548041643e+03	1.868961572207462618e-01	1.166064952929944387e-01	2.913240413046678801e-01	1.843115805301955568e-01	8.578281088370322272e-02	3.855755863183234905e-02	9.652135613537060621e-02
1.828677140761696819e+03	1.865782810997758390e-01	1.163846272331507115e-01	2.915279661408536338e-01	1.844510491026200849e-01	8.584643054503945936e-02	3.860363745546175479e-02	9.660800842260873489e-02
1.833514910975352450e+03	1.862622766446840050e-01	1.161640578948682778e-01	2.917307041077253915e-01	1.845896672978768194e-01	8.590968638896225029e-02	3.864945776013773565e-02	9.669414990525576625e-02
1.838352681189008081e+03	1.859481328702890235e-01	1.159447796263544522e-01	2.919322624180212822e-01	1.847274405027522770e-01	8.597258022560999580e-02	3.869502089146137358e-02	9.677978346502173757e-02
1.843190451402663257e+03	1.856358388558154160e-01	1.157267848213398426e-01	2.921326482332339824e-01	1.848643740637045396e-01	8.603511386494415436e-02	3.874032819026836105e-02	9.686491197020383193e-02
1.848028221616318433e+03	1.853253837445168195e-01	1.155100659187991985e-01	2.923318686641711572e-01	1.850004732873147539e-01	8.609728911640689153e-02	3.878538099259213473e-02	9.694953827570919336e-02
1.852865991829973609e+03	1.850167567433012583e-01	1.152946154026742026e-01	2.925299307715056862e-01	1.851357434407314428e-01	8.615910778859268981e-02	3.883018062962883404e-02	9.703366522307603492e-02
1.857703762043628785e+03	1.847099471223582756e-01	1.150804258015981213e-01	2.927268415663150103e-01	1.852701897521077390e-01	8.622057168893360046e-02	3.887472842770386267e-02	9.711729564049344232e-02
1.862541532257283961e+03	1.844049442147884521e-01	1.148674896886223845e-01	2.929226080106099306e-01	1.854038174110315129e-01	8.628168262339752648e-02	3.891902570824006674e-02	9.720043234282012279e-02
1.867379302470939592e+03	1.841017374162347009e-01	1.146557996809448310e-01	2.931172370178532494e-01	1.855366315689485346e-01	8.634244239619898176e-02	3.896307378772752988e-02	9.728307813160226580e-02
1.872217072684594768e+03	1.838003161845160049e-01	1.144453484396399795e-01	2.933107354534683631e-01	1.856686373395785572e-01	8.640285280952182678e-02	3.900687397769483922e-02	9.736523579509050175e-02
1.877054842898249490e+03	1.835006700392631251e-01	1.142361286693909517e-01	2.935031101353389182e-01	1.857998397993250173e-01	8.646291566325370326e-02	3.905042758468187103e-02	9.744690810825652749e-02
1.881892613111905121e+03	1.832027885615563345e-01	1.140281331182232821e-01	2.936943678342983644e-01	1.859302439876774904e-01	8.652263275473145998e-02	3.909373591021399197e-02	9.752809783280921851e-02
1.886730383325560297e+03	1.829066613935652064e-01	1.138213545772404356e-01	2.938845152746110134e-01	1.860598549076080133e-01	8.658200587849732011e-02	3.913680025077766883e-02	9.760880771721043569e-02
1.891568153539215928e+03	1.826122782381907061e-01	1.136157858803612392e-01	2.940735591344439404e-01	1.861886775259606885e-01	8.664103682606526247e-02	3.917962189779743837e-02	9.768904049669077660e-02
1.896405923752871104e+03	1.823196288587090597e-01	1.134114199040588272e-01	2.942615060463306120e-01	1.863167167738347396e-01	8.669972738569735327e-02	3.922220213761418162e-02	9.776879889326521578e-02
1.901243693966526507e+03	1.820287030784178417e-01	1.132082495671015432e-01	2.944483625976258567e-01	1.864439775469616256e-01	8.675807934218952855e-02	3.926454225146468191e-02	9.784808561574888375e-02
1.906081464180181683e+03	1.817394907802840909e-01	1.130062678302955065e-01	2.946341353309528399e-01	1.865704647060755506e-01	8.681609447666650825e-02	3.930664351546242496e-02	9.792690335977299876e-02
1.910919234393836859e+03	1.814519819065943951e-01	1.128054676962287617e-01	2.948188307446422685e-01	1.866961830772782827e-01	8.687377456638557816e-02	3.934850720057960632e-02	9.800525480780106213e-02
1.915757004607492036e+03	1.811661664586070586e-01	1.126058422090173150e-01	2.950024552931636568e-01	1.868211374523975066e-01	8.693112138454876792e-02	3.939013457263031842e-02	9.808314262914535897e-02
1.920594774821147894e+03	1.808820344962062399e-01	1.124073844540527667e-01	2.951850153875493210e-01	1.869453325893397355e-01	8.698813670012317534e-02	3.943152689225486174e-02	9.816056947998388904e-02
1.925432545034802843e+03	1.805995761375581710e-01	1.122100875577515672e-01	2.953665173958111012e-01	1.870687732124370894e-01	8.704482227766920099e-02	3.947268541490516619e-02	9.823753800337778341e-02
1.930270315248458019e+03	1.803187815587692366e-01	1.120139446873060218e-01	2.955469676433495341e-01	1.871914640127886054e-01	8.710117987717622134e-02	3.951361139083130886e-02	9.831405082928915129e-02
1.935108085462113195e+03	1.800396409935462183e-01	1.118189490504368777e-01	2.957263724133567528e-01	1.873134096485959410e-01	8.715721125390564483e-02	3.955430606506903785e-02	9.839011057459959297e-02
1.939945855675768371e+03	1.797621447328583699e-01	1.116250938951475757e-01	2.959047379472121708e-01	1.874346147454934441e-01	8.721291815824089300e-02	3.959477067742833700e-02	9.846571984312925407e-02
1.944783625889424002e+03	1.794862831246014645e-01	1.114323725094800016e-01	2.960820704448720031e-01	1.875550838968729483e-01	8.726830233554414007e-02	3.963500646248294124e-02	9.854088122565654584e-02
1.949621396103079178e+03	1.792120465732639500e-01	1.112407782212720547e-01	2.962583760652516829e-01	1.876748216642034062e-01	8.732336552601950574e-02	3.967501464956086493e-02	9.861559729993855938e-02
1.954459166316734354e+03	1.789394255395947986e-01	1.110503043979166604e-01	2.964336609266028377e-01	1.877938325773451378e-01	8.737810946458261785e-02	3.971479646273581854e-02	9.868987063073210442e-02
1.959296936530389530e+03	1.786684105402735201e-01	1.108609444461223087e-01	2.966079311068837709e-01	1.879121211348591391e-01	8.743253588073607308e-02	3.975435312081952027e-02	9.876370376981558064e-02
1.964134706744044706e+03	1.783989921475820362e-01	1.106726918116753416e-01	2.967811926441240034e-01	1.880296918043113663e-01	8.748664649845069863e-02	3.979368583735493070e-02	9.883709925601151525e-02
1.968972476957700337e+03	1.781311609890783854e-01	1.104855399792035869e-01	2.969534515367830974e-01	1.881465490225721071e-01	8.754044303605255928e-02	3.983279582061027141e-02	9.891005961520986378e-02
1.973810247171355968e+03	1.778649077472723716e-01	1.102994824719416844e-01	2.971247137441038744e-01	1.882626971961107176e-01	8.759392720611516858e-02	3.987168427357392492e-02	9.898258736039208805e-02
1.978648017385010689e+03	1.776002231593031555e-01	1.101145128514978422e-01	2.972949851864601922e-01	1.883781407012854736e-01	8.764710071535695979e-02	3.991035239395013950e-02	9.905468499165608065e-02
1.983485787598666320e+03	1.773370980166187882e-01	1.099306247176222023e-01	2.974642717456990049e-01	1.884928838846289811e-01	8.769996526454380825e-02	3.994880137415546262e-02	9.912635499624168622e-02
1.988323557812321269e+03	1.770755231646573835e-01	1.097478117079765808e-01	2.976325792654774816e-01	1.886069310631289520e-01	8.775252254839630006e-02	3.998703240131597225e-02	9.919759984855723578e-02
1.993161328025976900e+03	1.768154895025304818e-01	1.095660674979058308e-01	2.977999135515951856e-01	1.887202865245047323e-01	8.780477425550170523e-02	4.002504665726525773e-02	9.926842201020674716e-02
1.997999098239632076e+03	1.765569879827079136e-01	1.093853858002105939e-01	2.979662803723207576e-01	1.888329545274793908e-01	8.785672206823041952e-02	4.006284531854307357e-02	9.933882393001787492e-02
2.002836868453287707e+03	1.763000096107047998e-01	1.092057603649215086e-01	2.981316854587140464e-01	1.889449393020476431e-01	8.790836766265666680e-02	4.010042955639471496e-02	9.940880804407070670e-02
2.007674638666942428e+03	1.760445454447703006e-01	1.090271849790749592e-01	2.982961345049435220e-01	1.890562450497394742e-01	8.795971270848343404e-02	4.013780053677105941e-02	9.947837677572733683e-02
2.012512408880597604e+03	1.757905865955780855e-01	1.088496534664901982e-01	2.984596331685988591e-01	1.891668759438800418e-01	8.801075886897143097e-02	4.017495942032925371e-02	9.954753253566220317e-02
2.017350179094252780e+03	1.755381242259186902e-01	1.086731596875479267e-01	2.986221870709991899e-01	1.892768361298451663e-01	8.806150780087185215e-02	4.021190736243406699e-02	9.961627772189317331e-02
2.022187949307908411e+03	1.752871495503937616e-01	1.084976975389702614e-01	2.987838017974966398e-01	1.893861297253133236e-01	8.811196115436290000e-02	4.024864551315982669e-02	9.968461471981335253e-02
2.027025719521564042e+03	1.750376538351119948e-01	1.083232609536021462e-01	2.989444828977757540e-01	1.894947608205135858e-01	8.816212057298991600e-02	4.028517501729295125e-02	9.975254590222372431e-02
2.031863489735218764e+03	1.747896283973867926e-01	1.081498439001941925e-01	2.991042358861487060e-01	1.896027334784699259e-01	8.821198769360898140e-02	4.032149701433510730e-02	9.982007362936641537e-02
2.036701259948874394e+03	1.745430646054358381e-01	1.079774403831867680e-01	2.992630662418461762e-01	1.897100517352418025e-01	8.826156414633386238e-02	4.035761263850688729e-02	9.988720024895876570e-02
2.041539030162529116e+03	1.742979538780824733e-01	1.078060444424956688e-01	2.994209794093043442e-01	1.898167196001613044e-01	8.831085155448614721e-02	4.039352301875204915e-02	9.995392809622806463e-02
2.046376800376184747e+03	1.740542876844585751e-01	1.076356501532989701e-01	2.995779807984480514e-01	1.899227410560666296e-01	8.835985153454854746e-02	4.042922927874231104e-02	1.000202594939469808e-01
2.051214570589840150e+03	1.738120575437094029e-01	1.074662516258253347e-01	2.997340757849697446e-01	1.900281200595322073e-01	8.840856569612115523e-02	4.046473253688258331e-02	1.000861967524696305e-01
2.056052340803495554e+03	1.735712550247002217e-01	1.072978430051436532e-01	2.998892697106048111e-01	1.901328605410955164e-01	8.845699564188058694e-02	4.050003390631681799e-02	1.001517421697684374e-01
2.060890111017150957e+03	1.733318717457242863e-01	1.071304184709539198e-01	3.000435678834035280e-01	1.902369664054805454e-01	8.850514296754201371e-02	4.053513449493425375e-02	1.002168980314714630e-01
2.065727881230805451e+03	1.730938993742131005e-01	1.069639722373796759e-01	3.001969755779987925e-01	1.903404415318181164e-01	8.855300926182368970e-02	4.057003540537614666e-02	1.002816666109004884e-01
2.070565651444461309e+03	1.728573296264477865e-01	1.067984985527614394e-01	3.003494980358709654e-01	1.904432897738628783e-01	8.860059610641426997e-02	4.060473773504300055e-02	1.003460501691096768e-01
2.075403421658116713e+03	1.726221542672727316e-01	1.066339916994517301e-01	3.005011404656085516e-01	1.905455149602074683e-01	8.864790507594250135e-02	4.063924257610219276e-02	1.004100509549248066e-01
2.080241191871772116e+03	1.723883651098103986e-01	1.064704459936111625e-01	3.006519080431663826e-01	1.906471208944935380e-01	8.869493773794938363e-02	4.067355101549605112e-02	1.004736712049831421e-01
2.085078962085427065e+03	1.721559540151780532e-01	1.063078557850060252e-01	3.008018059121194687e-01	1.907481113556196983e-01	8.874169565286264827e-02	4.070766413495035402e-02	1.005369131437737901e-01
2.089916732299082469e+03	1.719249128922063496e-01	1.061462154568069138e-01	3.009508391839145758e-01	1.908484900979468823e-01	8.878818037397345764e-02	4.074158301098318447e-02	1.005997789836786810e-01
2.094754502512737417e+03	1.716952336971591664e-01	1.059855194253888910e-01	3.010990129381179714e-01	1.909482608515005175e-01	8.883439344741524135e-02	4.077530871491425596e-02	1.006622709250140357e-01
2.099592272726392821e+03	1.714669084334553562e-01	1.058257621401326454e-01	3.012463322226602291e-01	1.910474273221702268e-01	8.888033641214469760e-02	4.080884231287455755e-02	1.007243911560723182e-01
2.104430042940048224e+03	1.712399291513921062e-01	1.056669380832270522e-01	3.013928020540782571e-01	1.911459931919066713e-01	8.892601079992472346e-02	4.084218486581639440e-02	1.007861418531647568e-01
2.109267813153704083e+03	1.710142879478697975e-01	1.055090417694729138e-01	3.015384274177540513e-01	1.912439621189157835e-01	8.897141813530934362e-02	4.087533742952374760e-02	1.008475251806642825e-01
