1.151389310849957155e+03	2.555373476524970822e-01	1.645241319188807672e-01	2.464862140845322513e-01	1.534009786889338756e-01	7.324518350334480177e-02	2.907372265964910940e-02	7.773242149167389203e-02
1.156227081063612786e+03	2.548157781025672253e-01	1.640209652817733454e-01	2.469798134923384958e-01	1.537322897105924957e-01	7.334021708180774035e-02	2.916629024797920064e-02	7.794464608245325887e-02
1.161064851277267962e+03	2.540984405133158153e-01	1.635207440642895693e-01	2.474695139683913969e-01	1.540617905164832213e-01	7.343662561336398997e-02	2.925852353315810603e-02	7.815436179050957999e-02
1.165902621490923138e+03	2.533853109623022681e-01	1.630234520406253496e-01	2.479553796732075766e-01	1.543894665917678599e-01	7.353430448975112332e-02	2.935041890008721621e-02	7.836166734177021920e-02
1.170740391704578315e+03	2.526763656051622675e-01	1.625290729994794958e-01	2.484374724825784697e-01	1.547153053763076491e-01	7.363315484520910337e-02	2.944197294536337467e-02	7.856665574541130126e-02
1.175578161918233945e+03	2.519715806789480927e-01	1.620375907490738399e-01	2.489158520981711309e-01	1.550392961347606957e-01	7.373308324044236528e-02	2.953318246797953170e-02	7.876941463013599487e-02
1.180415932131889122e+03	2.512709325052274179e-01	1.615489891218398755e-01	2.493905761522374753e-01	1.553614298345224742e-01	7.383400136427377414e-02	2.962404446047446974e-02	7.897002656093612960e-02
1.185253702345544298e+03	2.505743974929537932e-01	1.610632519787905115e-01	2.498617003067584441e-01	1.556816990310502802e-01	7.393582575198978657e-02	2.971455610050800430e-02	7.916856933746078961e-02
1.190091472559199701e+03	2.498819521411225764e-01	1.605803632135965053e-01	2.503292783473300975e-01	1.560000977601390948e-01	7.403847751943337663e-02	2.980471474283936245e-02	7.936511627505060673e-02
1.194929242772855105e+03	2.491935730412254968e-01	1.601003067563845084e-01	2.507933622720818767e-01	1.563166214367413542e-01	7.414188211195456291e-02	2.989451791168774158e-02	7.955973646943605149e-02
1.199767012986510281e+03	2.485092368795150941e-01	1.596230665772733204e-01	2.512540023759012864e-01	1.566312667599469299e-01	7.424596906737911117e-02	2.998396329345506470e-02	7.975249504604083051e-02
1.204604783200165684e+03	2.478289204390906608e-01	1.591486266896640911e-01	2.517112473302229314e-01	1.569440316237608046e-01	7.435067179220369860e-02	3.007304872979217961e-02	7.994345339477727796e-02
1.209442553413820860e+03	2.471526006018162080e-01	1.586769711532986515e-01	2.521651442586266834e-01	1.572549150333387991e-01	7.445592735027066478e-02	3.016177221099069355e-02	8.013266939116997500e-02
1.214280323627476264e+03	2.464802543500802801e-01	1.582080840771002694e-01	2.526157388084744881e-01	1.575639170263589406e-01	7.456167626321823227e-02	3.025013186968361634e-02	8.032019760459581381e-02
1.219118093841131440e+03	2.458118587684075262e-01	1.577419496218093464e-01	2.530630752188037791e-01	1.578710385992271314e-01	7.466786232204150608e-02	3.033812597483892190e-02	8.050608949438345374e-02
1.223955864054786844e+03	2.451473910449303018e-01	1.572785520024266026e-01	2.535071963846821652e-01	1.581762816378311787e-01	7.477443240913790590e-02	3.042575292603099876e-02	8.069039359447253978e-02
1.228793634268442020e+03	2.444868284727289287e-01	1.568178754904751560e-01	2.539481439182179057e-01	1.584796488525753722e-01	7.488133633024579572e-02	3.051301124797574718e-02	8.087315568729278037e-02
1.233631404482097196e+03	2.438301484510486672e-01	1.563599044160924600e-01	2.543859582064080249e-01	1.587811437174423967e-01	7.498852665571892340e-02	3.059989958531589282e-02	8.105441896748534492e-02
1.238469174695752372e+03	2.431773284864004736e-01	1.559046231699619811e-01	2.548206784659975965e-01	1.590807704128443523e-01	7.509595857061061863e-02	3.068641669764379104e-02	8.123422419605286215e-02
1.243306944909407548e+03	2.425283461935529572e-01	1.554520162050947452e-01	2.552523427955126212e-01	1.593785337720386441e-01	7.520358973307196548e-02	3.077256145474968271e-02	8.141260984549109070e-02
1.248144715123063179e+03	2.418831792964215299e-01	1.550020680384692762e-01	2.556809882246204313e-01	1.596744392308972749e-01	7.531138014059576835e-02	3.085833283208402195e-02	8.158961223642341443e-02
1.252982485336718355e+03	2.412418056288616608e-01	1.545547632525390014e-01	2.561066507609632836e-01	1.599684927808303070e-01	7.541929200366516428e-02	3.094372990642311333e-02	8.176526566622915881e-02
1.257820255550373531e+03	2.406042031353717581e-01	1.541100864966148121e-01	2.565293654346019192e-01	1.602607009246760361e-01	7.552728962639045085e-02	3.102875185172784822e-02	8.193960253012892714e-02
1.262658025764028707e+03	2.399703498717107863e-01	1.536680224881304124e-01	2.569491663401984871e-01	1.605510706353816819e-01	7.563533929374127718e-02	3.111339793518588456e-02	8.211265343516321868e-02
1.267495795977684338e+03	2.393402240054366692e-01	1.532285560137977842e-01	2.573660866770619005e-01	1.608396093173074803e-01	7.574340916500395260e-02	3.119766751342820457e-02	8.228444730747570823e-02
1.272333566191339514e+03	2.387138038163696685e-01	1.527916719306591786e-01	2.577801587871703104e-01	1.611263247699982748e-01	7.585146917311416659e-02	3.128156002891132464e-02	8.245501149328879342e-02
1.277171336404994690e+03	2.380910676969856532e-01	1.523573551670421300e-01	2.581914141912799998e-01	1.614112251542745291e-01	7.595949092953552251e-02	3.136507500645702162e-02	8.262437185393683992e-02
1.282009106618650094e+03	2.374719941527436429e-01	1.519255907234235703e-01	2.585998836232240028e-01	1.616943189605043185e-01	7.606744763437282841e-02	3.144821204994183855e-02	8.279255285530148778e-02
1.286846876832305497e+03	2.368565618023514285e-01	1.514963636732084562e-01	2.590055970624974835e-01	1.619756149789250144e-01	7.617531399142679627e-02	3.153097083912900778e-02	8.295957765197355116e-02
1.291684647045960673e+03	2.362447493779735730e-01	1.510696591634282104e-01	2.594085837652214677e-01	1.622551222718920105e-01	7.628306612791312113e-02	3.161335112663586633e-02	8.312546816644750258e-02
1.296522417259616077e+03	2.356365357253848714e-01	1.506454624153640287e-01	2.598088722935728012e-01	1.625328501479380017e-01	7.639068151858509348e-02	3.169535273503017864e-02	8.329024516363676967e-02
1.301360187473271253e+03	2.350318998040731855e-01	1.502237587250997985e-01	2.602064905437609377e-01	1.628088081375340390e-01	7.649813891401313626e-02	3.177697555404912499e-02	8.345392832098151581e-02
1.306197957686926657e+03	2.344308206872947331e-01	1.498045334640086823e-01	2.606014657726299366e-01	1.630830059704493629e-01	7.660541827278889715e-02	3.185821953793507161e-02	8.361653629440507496e-02
1.311035727900581833e+03	2.338332775620846071e-01	1.493877720791780273e-01	2.609938246229585590e-01	1.633554535546130893e-01	7.671250069743461297e-02	3.193908470288253643e-02	8.377808678036030576e-02
1.315873498114237009e+03	2.332392497292256894e-01	1.489734600937761000e-01	2.613835931475276264e-01	1.636261609563871844e-01	7.681936837381081462e-02	3.201957112459098004e-02	8.393859657419329434e-02
1.320711268327892412e+03	2.326487166031785958e-01	1.485615831073645587e-01	2.617707968320200362e-01	1.638951383821642127e-01	7.692600451382707039e-02	3.209967893591852278e-02	8.409808162503867868e-02
1.325549038541547588e+03	2.320616577119749835e-01	1.481521267961598831e-01	2.621554606168147172e-01	1.641623961612098670e-01	7.703239330127176210e-02	3.217940832463166839e-02	8.425655708744872463e-02
1.330386808755202765e+03	2.314780526970769137e-01	1.477450769132473141e-01	2.625376089177338668e-01	1.644279447296737029e-01	7.713851984058686662e-02	3.225875953124669737e-02	8.441403736994626539e-02
1.335224578968857941e+03	2.308978813132042673e-01	1.473404192887501352e-01	2.629172656457970381e-01	1.646917946156969959e-01	7.724437010842385987e-02	3.233773284695826145e-02	8.457053618068106904e-02
1.340062349182513572e+03	2.303211234281324071e-01	1.469381398299572372e-01	2.632944542260360343e-01	1.649539564255502189e-01	7.734993090782606162e-02	3.241632861165128637e-02	8.472606657035847144e-02
1.344900119396168748e+03	2.297477590224620558e-01	1.465382245214116308e-01	2.636691976154179051e-01	1.652144408307368861e-01	7.745518982489132953e-02	3.249454721199219326e-02	8.488064097259970242e-02
1.349737889609823924e+03	2.291777681893634455e-01	1.461406594249628210e-01	2.640415183199243954e-01	1.654732585560040603e-01	7.756013518777722660e-02	3.257238907959590646e-02	8.503427124188384090e-02
1.354575659823479100e+03	2.286111311342962082e-01	1.457454306797846266e-01	2.644114384108304239e-01	1.657304203682036792e-01	7.766475602791886312e-02	3.264985468926509538e-02	8.518696868921278587e-02
1.359413430037134731e+03	2.280478281747068681e-01	1.453525245023617185e-01	2.647789795402238355e-01	1.659859370659516886e-01	7.776904204333656700e-02	3.272694455729836804e-02	8.533874411563269202e-02
1.364251200250789907e+03	2.274878397397053220e-01	1.449619271864461267e-01	2.651441629558057289e-01	1.662398194700355214e-01	7.787298356391748888e-02	3.280365923986434951e-02	8.548960784373718647e-02
1.369088970464445310e+03	2.269311463697220865e-01	1.445736251029863251e-01	2.655070095150086629e-01	1.664920784145232091e-01	7.797657151856221547e-02	3.287999933143861964e-02	8.563956974727070237e-02
1.373926740678100487e+03	2.263777287161473639e-01	1.441876047000303640e-01	2.658675396984670480e-01	1.667427247385300793e-01	7.807979740409279334e-02	3.295596546330070709e-02	8.578863927894346542e-02
1.378764510891755890e+03	2.258275675409533723e-01	1.438038525026050229e-01	2.662257736228743066e-01	1.669917692786020980e-01	7.818265325582528236e-02	3.303155830208853727e-02	8.593682549656309066e-02
1.383602281105411066e+03	2.252806437163014097e-01	1.434223551125726748e-01	2.665817310532571649e-01	1.672392228616764731e-01	7.828513161971464851e-02	3.310677854840766293e-02	8.608413708758168303e-02
1.388440051319066470e+03	2.247369382241340141e-01	1.430430992084670561e-01	2.669354314146972773e-01	1.674850962985833802e-01	7.838722552598538507e-02	3.318162693549298048e-02	8.623058239215160292e-02
1.393277821532721646e+03	2.241964321557543549e-01	1.426660715453101913e-01	2.672868938035280473e-01	1.677294003780545051e-01	7.848892846416617719e-02	3.325610422792057985e-02	8.637616942477784054e-02
1.398115591746377049e+03	2.236591067113931908e-01	1.422912589544108319e-01	2.676361369980337357e-01	1.679721458612057072e-01	7.859023435945113045e-02	3.333021122036756989e-02	8.652090589464961345e-02
1.402953361960032225e+03	2.231249431997644195e-01	1.419186483431465196e-01	2.679831794686753366e-01	1.682133434764639390e-01	7.869113755031471868e-02	3.340394873641781837e-02	8.666479922472904163e-02
1.407791132173687402e+03	2.225939230376103584e-01	1.415482266947301337e-01	2.683280393878679781e-01	1.684530039149093883e-01	7.879163276731185328e-02	3.347731762741159439e-02	8.680785656967053565e-02
1.412628902387342805e+03	2.220660277492373935e-01	1.411799810679620348e-01	2.686707346393312212e-01	1.686911378260065597e-01	7.889171511299764017e-02	3.355031877133726054e-02	8.695008483263971799e-02
1.417466672600997981e+03	2.215412389660429693e-01	1.408138985969692170e-01	2.690112828270346812e-01	1.689277558136985102e-01	7.899138004290594262e-02	3.362295307176330766e-02	8.709149068109728331e-02
1.422304442814653157e+03	2.210195384260343066e-01	1.404499664909318046e-01	2.693497012837584026e-01	1.691628684328409793e-01	7.909062334752854639e-02	3.369522145680887287e-02	8.723208056160899893e-02
1.427142213028308333e+03	2.205009079733402377e-01	1.400881720337986969e-01	2.696860070792875264e-01	1.693964861859540150e-01	7.918944113524044315e-02	3.376712487815128338e-02	8.737186071373967411e-02
1.431979983241963964e+03	2.199853295577160750e-01	1.397285025839924977e-01	2.700202170282592906e-01	1.696286195202700575e-01	7.928782981611946779e-02	3.383866431006904429e-02	8.751083718308548531e-02
1.436817753455619140e+03	2.194727852340423446e-01	1.393709455741050929e-01	2.703523476976792406e-01	1.698592788250589680e-01	7.938578608661160663e-02	3.390984074851872282e-02	8.764901583349594960e-02
1.441655523669274316e+03	2.189632571618184975e-01	1.390154885105843174e-01	2.706824154141230232e-01	1.700884744292117667e-01	7.948330691499608247e-02	3.398065521024449392e-02	8.778640235853377161e-02
1.446493293882929493e+03	2.184567276046512907e-01	1.386621189734126014e-01	2.710104362706395320e-01	1.703162165990650678e-01	7.958038952760651541e-02	3.405110873191884852e-02	8.792300229221812480e-02
1.451331064096585123e+03	2.179531789297391442e-01	1.383108246157782051e-01	2.713364261333690575e-01	1.705425155364508338e-01	7.967703139576738647e-02	3.412120236931335399e-02	8.805882101909401349e-02
1.456168834310240300e+03	2.174525936073523624e-01	1.379615931637399318e-01	2.716604006478910427e-01	1.707673813769553794e-01	7.977323022340690462e-02	3.419093719649816954e-02	8.819386378366811385e-02
1.461006604523895703e+03	2.169549542103099138e-01	1.376144124158854842e-01	2.719823752453144894e-01	1.709908241883739688e-01	7.986898393530972307e-02	3.426031430506919218e-02	8.832813569924918840e-02
1.465844374737550879e+03	2.164602434134532127e-01	1.372692702429844647e-01	2.723023651481223384e-01	1.712128539693468232e-01	7.996429066597494917e-02	3.432933480340173010e-02	8.846164175622849013e-02
1.470682144951206283e+03	2.159684439931174871e-01	1.369261545876362673e-01	2.726203853757829809e-01	1.714334806481646323e-01	8.005914874904679346e-02	3.439799981592967654e-02	8.859438682983412916e-02
1.475519915164861459e+03	2.154795388266005363e-01	1.365850534639135305e-01	2.729364507501393922e-01	1.716527140817312169e-01	8.015355670728711857e-02	3.446631048244919865e-02	8.872637568739094593e-02
1.480357685378516862e+03	2.149935108916297966e-01	1.362459549570014250e-01	2.732505759005859902e-01	1.718705640546725477e-01	8.024751324306057809e-02	3.453426795744592159e-02	8.885761299511568678e-02
1.485195455592172038e+03	2.145103432658278519e-01	1.359088472228335009e-01	2.735627752690436565e-01	1.720870402785813491e-01	8.034101722930510336e-02	3.460187340944484435e-02	8.898810332447562588e-02
1.490033225805827215e+03	2.140300191261766127e-01	1.355737184877242318e-01	2.738730631147427430e-01	1.723021523913879360e-01	8.043406770096146741e-02	3.466912802038190494e-02	8.911785115813705693e-02
1.494870996019482618e+03	2.135525217484803839e-01	1.352405570479988106e-01	2.741814535188221713e-01	1.725159099568478460e-01	8.052666384683758449e-02	3.473603298499658432e-02	8.924686089552852364e-02
1.499708766233137567e+03	2.130778345068285728e-01	1.349093512696204200e-01	2.744879603887542263e-01	1.727283224641375237e-01	8.061880500188428611e-02	3.480258951024462616e-02	8.937513685804222840e-02
1.504546536446793198e+03	2.126059408730575917e-01	1.345800895878154491e-01	2.747925974626017065e-01	1.729393993275507302e-01	8.071049063986066030e-02	3.486879881473016474e-02	8.950268329389561572e-02
1.509384306660448374e+03	2.121368244162125938e-01	1.342527605066968222e-01	2.750953783131167008e-01	1.731491498862871015e-01	8.080172036636823485e-02	3.493466212815653227e-02	8.962950438267393294e-02
1.514222076874103550e+03	2.116704688020095704e-01	1.339273525988859959e-01	2.753963163516869317e-01	1.733575834043266373e-01	8.089249391223442276e-02	3.500018069079505190e-02	8.975560423957333611e-02
1.519059847087758726e+03	2.112068577922970869e-01	1.336038545051335125e-01	2.756954248321373258e-01	1.735647090703832940e-01	8.098281112722685582e-02	3.506535575297115015e-02	8.988098691936270701e-02
1.523897617301414357e+03	2.107459752445188517e-01	1.332822549339387208e-01	2.759927168543933607e-01	1.737705359979311026e-01	8.107267197408092596e-02	3.513018857456718519e-02	9.000565642008176437e-02
1.528735387515069533e+03	2.102878051111767010e-01	1.329625426611686090e-01	2.762882053680119632e-01	1.739750732252976217e-01	8.116207652282421414e-02	3.519468042454135248e-02	9.012961668649147051e-02
1.533573157728724709e+03	2.098323314392942507e-01	1.326447065296762762e-01	2.765819031755860080e-01	1.741783297158188692e-01	8.125102494538212483e-02	3.525883258046211971e-02	9.025287161329223484e-02
1.538410927942380113e+03	2.093795383698817125e-01	1.323287354489190715e-01	2.768738229360286907e-01	1.743803143580509030e-01	8.133951751044987688e-02	3.532264632805758725e-02	9.037542504812412503e-02
1.543248698156035516e+03	2.089294101374013501e-01	1.320146183945763996e-01	2.771639771677418262e-01	1.745810359660331101e-01	8.142755457861707014e-02	3.538612296077935093e-02	9.049728079436286654e-02
1.548086468369690692e+03	2.084819310692345995e-01	1.317023444081678596e-01	2.774523782516745696e-01	1.747805032795990698e-01	8.151513659773154674e-02	3.544926377938020096e-02	9.061844261372413445e-02
1.552924238583346096e+03	2.080370855851500778e-01	1.313919025966715504e-01	2.777390384342761642e-01	1.749787249647305476e-01	8.160226409849001550e-02	3.551207009150532390e-02	9.073891422868823886e-02
1.557762008797001272e+03	2.075948581967732853e-01	1.310832821321426811e-01	2.780239698303482720e-01	1.751757096139509862e-01	8.168893769024379581e-02	3.557454321129646657e-02	9.085869932475645894e-02
1.562599779010656675e+03	2.071552335070577788e-01	1.307764722513325983e-01	2.783071844258002137e-01	1.753714657467547178e-01	8.177515805700839857e-02	3.563668445900858989e-02	9.097780155254964196e-02
1.567437549224311852e+03	2.067181962097579262e-01	1.304714622553088677e-01	2.785886940803122824e-01	1.755660018100687059e-01	8.186092595366650793e-02	3.569849516063865885e-02	9.109622452975896234e-02
1.572275319437967255e+03	2.062837310889034104e-01	1.301682415090757439e-01	2.788685105299105738e-01	1.757593261787435412e-01	8.194624220235426082e-02	3.575997664756609684e-02	9.121397184295824967e-02
1.577113089651622431e+03	2.058518230182755648e-01	1.298667994411956406e-01	2.791466453894570487e-01	1.759514471560708060e-01	8.203110768902156791e-02	3.582113025620452251e-02	9.133104704928673989e-02
1.581950859865277607e+03	2.054224569608857631e-01	1.295671255434118208e-01	2.794231101550579965e-01	1.761423729743240851e-01	8.211552336015728870e-02	3.588195732766442242e-02	9.144745367801045133e-02
1.586788630078933011e+03	2.049956179684555568e-01	1.292692093702719758e-01	2.796979162063956137e-01	1.763321117953211559e-01	8.219949021967118408e-02	3.594245920742633604e-02	9.156319523196995713e-02
1.591626400292587959e+03	2.045712911808988399e-01	1.289730405387531087e-01	2.799710748089843104e-01	1.765206717110049117e-01	8.228300932592430561e-02	3.600263724502427570e-02	9.167827518892200656e-02
1.596464170506243590e+03	2.041494618258063720e-01	1.286786087278875557e-01	2.802425971163559626e-01	1.767080607440407736e-01	8.236608178890048038e-02	3.606249279373899969e-02	9.179269700278162858e-02
1.601301940719898766e+03	2.037301152179323005e-01	1.283859036783905616e-01	2.805124941721763854e-01	1.768942868484287001e-01	8.244870876751159150e-02	3.612202721030078473e-02	9.190646410477143480e-02
1.606139710933553943e+03	2.033132367586828471e-01	1.280949151922892992e-01	2.807807769122961927e-01	1.770793579101277715e-01	8.253089146703010415e-02	3.618124185460151049e-02	9.201957990448396407e-02
1.610977481147209119e+03	2.028988119356074649e-01	1.278056331325531925e-01	2.810474561667387627e-01	1.772632817476915978e-01	8.261263113664213398e-02	3.624013808941558418e-02	9.213204779086293927e-02
1.615815251360864750e+03	2.024868263218920772e-01	1.275180474227259053e-01	2.813125426616270852e-01	1.774460661129131089e-01	8.269392906711527103e-02	3.629871728012958043e-02	9.224387113310866804e-02
1.620653021574519926e+03	2.020772655758548142e-01	1.272321480465589405e-01	2.815760470210531552e-01	1.776277186914767825e-01	8.277478658857517768e-02	3.635698079448020786e-02	9.235505328151265292e-02
1.625490791788175102e+03	2.016701154404441643e-01	1.269479250476469590e-01	2.818379797688907451e-01	1.778082471036174506e-01	8.285520506838579824e-02	3.641493000230040800e-02	9.246559756822618492e-02
1.630328562001830505e+03	2.012653617427393737e-01	1.266653685290649034e-01	2.820983513305553303e-01	1.779876589047838797e-01	8.293518590912769828e-02	3.647256627527326739e-02	9.257550730796722249e-02
1.635166332215485909e+03	2.008629903934535388e-01	1.263844686530063710e-01	2.823571720347119451e-01	1.781659615863063761e-01	8.301473054666995421e-02	3.652989098669360418e-02	9.268478579866984424e-02
1.640004102429141085e+03	2.004629873864391121e-01	1.261052156404245117e-01	2.826144521149333566e-01	1.783431625760668882e-01	8.309384044833080518e-02	3.658690551123680579e-02	9.279343632208009174e-02
1.644841872642796488e+03	2.000653387981956022e-01	1.258275997706742311e-01	2.828702017113111089e-01	1.785192692391709968e-01	8.317251711112273738e-02	3.664361122473493160e-02	9.290146214430194949e-02
1.649679642856451665e+03	1.996700307873804092e-01	1.255516113811563361e-01	2.831244308720201608e-01	1.786942888786203498e-01	8.325076206007790691e-02	3.670000950395962275e-02	9.300886651629675095e-02
1.654517413070107068e+03	1.992770495943216591e-01	1.252772408669638460e-01	2.833771495548397246e-01	1.788682287359852630e-01	8.332857684664983500e-02	3.675610172641179119e-02	9.311565267433939697e-02
1.659355183283762244e+03	1.988863815405339242e-01	1.250044786805297181e-01	2.836283676286316391e-01	1.790410959920762934e-01	8.340596304718786436e-02	3.681188927011778966e-02	9.322182384043430081e-02
1.664192953497417420e+03	1.984980130282363586e-01	1.247333153312770171e-01	2.838780948747776089e-01	1.792128977676140655e-01	8.348292226148064377e-02	3.686737351343186142e-02	9.332738322269398812e-02
1.669030723711072824e+03	1.981119305398734709e-01	1.244637413852706792e-01	2.841263409885775304e-01	1.793836411238969031e-01	8.355945611136539330e-02	3.692255583484473080e-02	9.343233401568284968e-02
1.673868493924728000e+03	1.977281206376386158e-01	1.241957474648713727e-01	2.843731155806094590e-01	1.795533330634654090e-01	8.363556623939982781e-02	3.697743761279810581e-02	9.353667940072871168e-02
1.678706264138383403e+03	1.973465699629999015e-01	1.239293242483913843e-01	2.846184281780533287e-01	1.797219805307637697e-01	8.371125430759360220e-02	3.703202022550495381e-02	9.364042254620451311e-02
1.683544034352038352e+03	1.969672652362288723e-01	1.236644624697523648e-01	2.848622882259794764e-01	1.798895904127967849e-01	8.378652199619657237e-02	3.708630505077534223e-02	9.374356660778206118e-02
1.688381804565693983e+03	1.965901932559316889e-01	1.234011529181451711e-01	2.851047050886028611e-01	1.800561695397825956e-01	8.386137100254112409e-02	3.714029346584770547e-02	9.384611472866036253e-02
1.693219574779349159e+03	1.962153408985831682e-01	1.231393864376917335e-01	2.853456880505049198e-01	1.802217246858005550e-01	8.393580303993582181e-02	3.719398684722535764e-02	9.394807003976994586e-02
1.698057344993004335e+03	1.958426951180631259e-01	1.228791539271088390e-01	2.855852463178239486e-01	1.803862625694338806e-01	8.400981983660830987e-02	3.724738657051811230e-02	9.404943565995535493e-02
1.702895115206659511e+03	1.954722429451956345e-01	1.226204463393740784e-01	2.858233890194143978e-01	1.805497898544065616e-01	8.408342313469485685e-02	3.730049401028887046e-02	9.415021469613719940e-02
1.707732885420315142e+03	1.951039714872907505e-01	1.223632546813936822e-01	2.860601252079775225e-01	1.807123131502145486e-01	8.415661468927439215e-02	3.735331053990500333e-02	9.425041024345566509e-02
1.712570655633970318e+03	1.947378679276889624e-01	1.221075700136724229e-01	2.862954638611632796e-01	1.808738390127507534e-01	8.422939626744520292e-02	3.740583753139438417e-02	9.435002538539653816e-02
1.717408425847625494e+03	1.943739195253082475e-01	1.218533834499856694e-01	2.865294138826446346e-01	1.810343739449235545e-01	8.430176964744190427e-02	3.745807635530602753e-02	9.444906319390153349e-02
1.722246196061280898e+03	1.940121136141937097e-01	1.216006861570532172e-01	2.867619841031656125e-01	1.811939243972688629e-01	8.437373661779121181e-02	3.751002838057504452e-02	9.454752672946384329e-02
1.727083966274936301e+03	1.936524376030698824e-01	1.213494693542154085e-01	2.869931832815640904e-01	1.813524967685552491e-01	8.444529897650447647e-02	3.756169497439194871e-02	9.464541904121043236e-02
1.731921736488591478e+03	1.932948789748957508e-01	1.210997243131110845e-01	2.872230201057690557e-01	1.815100974063821870e-01	8.451645853030538558e-02	3.761307750207608380e-02	9.474274316697199605e-02
1.736759506702246881e+03	1.929394252864221337e-01	1.208514423573577024e-01	2.874515031937745491e-01	1.816667326077712474e-01	8.458721709389120658e-02	3.766417732695308274e-02	9.483950213334159385e-02
1.741597276915902057e+03	1.925860641677519525e-01	1.206046148622332975e-01	2.876786410945906813e-01	1.818224086197500755e-01	8.465757648922614398e-02	3.771499581023628894e-02	9.493569895572309680e-02
1.746435047129557461e+03	1.922347833219028856e-01	1.203592332543606397e-01	2.879044422891715027e-01	1.819771316399290406e-01	8.472753854486511638e-02	3.776553431091198704e-02	9.503133663837033673e-02
1.751272817343212637e+03	1.918855705243727172e-01	1.201152890113933169e-01	2.881289151913221658e-01	1.821309078170705031e-01	8.479710509530685725e-02	3.781579418562829031e-02	9.512641817441759573e-02
1.756110587556867813e+03	1.915384136227073764e-01	1.198727736617037354e-01	2.883520681485844395e-01	1.822837432516507539e-01	8.486627798037491011e-02	3.786577678858768503e-02	9.522094654590249063e-02
1.760948357770523216e+03	1.911933005360712257e-01	1.196316787840732837e-01	2.885739094431024609e-01	1.824356439964143484e-01	8.493505904462513023e-02	3.791548347144305803e-02	9.531492472378186309e-02
1.765786127984178393e+03	1.908502192548203469e-01	1.193919960073842879e-01	2.887944472924685591e-01	1.825866160569209473e-01	8.500345013677879091e-02	3.796491558319717297e-02	9.540835566794134137e-02
1.770623898197833569e+03	1.905091578400779917e-01	1.191537170103141030e-01	2.890136898505499818e-01	1.827366653920847461e-01	8.507145310917998970e-02	3.801407447010533847e-02	9.550124232719929551e-02
1.775461668411488745e+03	1.901701044233128357e-01	1.189168335210310651e-01	2.892316452082979716e-01	1.828857979147061885e-01	8.513906981727627221e-02	3.806296147558145548e-02	9.559358763930567160e-02
1.780299438625144376e+03	1.898330472059197027e-01	1.186813373168925240e-01	2.894483213945379663e-01	1.830340194919963248e-01	8.520630211912152974e-02	3.811157794010707617e-02	9.568539453093634350e-02
1.785137208838799552e+03	1.894979744588027315e-01	1.184472202241446115e-01	2.896637263767434800e-01	1.831813359460935098e-01	8.527315187490012993e-02	3.815992520114354358e-02	9.577666591768348170e-02
1.789974979052454728e+03	1.891648745219611238e-01	1.182144741176242020e-01	2.898778680617924985e-01	1.833277530545726619e-01	8.533962094647148944e-02	3.820800459304712210e-02	9.586740470404236936e-02
1.794812749266109904e+03	1.888337358040775016e-01	1.179830909204626216e-01	2.900907542967081088e-01	1.834732765509471397e-01	8.540571119693399216e-02	3.825581744698697273e-02	9.595761378339515146e-02
1.799650519479765535e+03	1.885045467821084564e-01	1.177530626037913142e-01	2.903023928693831968e-01	1.836179121251630408e-01	8.547142449020764254e-02	3.830336509086593177e-02	9.604729603799191939e-02
1.804488289693420711e+03	1.881772960008779860e-01	1.175243811864494364e-01	2.905127915092898250e-01	1.837616654240862568e-01	8.553676269063446858e-02	3.835064884924403034e-02	9.613645433892945014e-02
1.809326059907075887e+03	1.878519720726730402e-01	1.172970387346933818e-01	2.907219578881742317e-01	1.839045420519821172e-01	8.560172766259603605e-02	3.839767004326464367e-02	9.622509154612804427e-02
1.814163830120731291e+03	1.875285636768417308e-01	1.170710273619081088e-01	2.909298996207365096e-01	1.840465475709879006e-01	8.566632127014732478e-02	3.844442999058324956e-02	9.631321050830668473e-02
1.819001600334386467e+03	1.872070595593938735e-01	1.168463392283203839e-01	2.911366242652974612e-01	1.841876875015779069e-01	8.573054537666623121e-02	3.849093000529868469e-02	9.640081406295694655e-02
1.823839370548041643e+03	1.868874485326039447e-01	1.166229665407138988e-01	2.913421393244511326e-01	1.843279673230218130e-01	8.579440184451807283e-02	3.853717139788680190e-02	9.648790503631576865e-02
1.828677140761696819e+03	1.865697194746166465e-01	1.164009015521462048e-01	2.915464522457046348e-01	1.844673924738354232e-01	8.585789253473452565e-02	3.858315547513657684e-02	9.657448624333749010e-02
1.833514910975352450e+03	1.862538613290546652e-01	1.161801365616674658e-01	2.917495704221045316e-01	1.846059683522250361e-01	8.592101930670616172e-02	3.862888354008847669e-02	9.666056048766522024e-02
1.838352681189008081e+03	1.859398631046288719e-01	1.159606639140411677e-01	2.919515011928516812e-01	1.847437003165243730e-01	8.598378401788843439e-02	3.867435689197506327e-02	9.674613056160198676e-02
1.843190451402663257e+03	1.856277138747509659e-01	1.157424759994664515e-01	2.921522518439034766e-01	1.848805936856251220e-01	8.604618852352012570e-02	3.871957682616383734e-02	9.683119924608160622e-02
1.848028221616318433e+03	1.853174027771484489e-01	1.155255652533023619e-01	2.923518296085644286e-01	1.850166537394004884e-01	8.610823467635399242e-02	3.876454463410218543e-02	9.691576931063966560e-02
1.852865991829973609e+03	1.850089190134818207e-01	1.153099241557938581e-01	2.925502416680655360e-01	1.851518857191222500e-01	8.616992432639908328e-02	3.880926160326437363e-02	9.699984351338458710e-02
1.857703762043628785e+03	1.847022518489643828e-01	1.150955452317996425e-01	2.927474951521323310e-01	1.852862948278712618e-01	8.623125932067415844e-02	3.885372901710060223e-02	9.708342460096905380e-02
1.862541532257283961e+03	1.843973906119840966e-01	1.148824210505216686e-01	2.929435971395424887e-01	1.854198862309413276e-01	8.629224150297189200e-02	3.889794815498801017e-02	9.716651530856197649e-02
1.867379302470939592e+03	1.840943246937278566e-01	1.146705442252364399e-01	2.931385546586724455e-01	1.855526650562369095e-01	8.635287271363331629e-02	3.894192029218358775e-02	9.724911835982096020e-02
1.872217072684594768e+03	1.837930435478081770e-01	1.144599074130281113e-01	2.933323746880343030e-01	1.856846363946645095e-01	8.641315478933207783e-02	3.898564669977892805e-02	9.733123646686546449e-02
1.877054842898249490e+03	1.834935366898919062e-01	1.142505033145232024e-01	2.935250641568025731e-01	1.858158053005179167e-01	8.647308956286831050e-02	3.902912864465681725e-02	9.741287233025081038e-02
1.881892613111905121e+03	1.831957936973314938e-01	1.140423246736270990e-01	2.937166299453315976e-01	1.859461767918572650e-01	8.653267886297144607e-02	3.907236738944958737e-02	9.749402863894310323e-02
1.886730383325560297e+03	1.828998042087981168e-01	1.138353642772622770e-01	2.939070788856629202e-01	1.860757558508822351e-01	8.659192451411189262e-02	3.911536419249918295e-02	9.757470807029496040e-02
1.891568153539215928e+03	1.826055579239175830e-01	1.136296149551081214e-01	2.940964177620242759e-01	1.862045474242992882e-01	8.665082833632097026e-02	3.915812030781885139e-02	9.765491329002248810e-02
1.896405923752871104e+03	1.823130446029080642e-01	1.134250695793425356e-01	2.942846533113190333e-01	1.863325564236831267e-01	8.670939214501902081e-02	3.920063698505653338e-02	9.773464695218325726e-02
1.901243693966526507e+03	1.820222540662200794e-01	1.132217210643851335e-01	2.944717922236074203e-01	1.864597877258325209e-01	8.676761775085119199e-02	3.924291546945979370e-02	9.781391169915538975e-02
1.906081464180181683e+03	1.817331761941787804e-01	1.130195623666421095e-01	2.946578411425790911e-01	1.865862461731204736e-01	8.682550695953071551e-02	3.928495700184227168e-02	9.789271016161794903e-02
1.910919234393836859e+03	1.814458009266284866e-01	1.128185864842527891e-01	2.948428066660176983e-01	1.867119365738389714e-01	8.688306157168924904e-02	3.932676281855168599e-02	9.797104495853252437e-02
1.915757004607492036e+03	1.811601182625791340e-01	1.126187864568377467e-01	2.950266953462567510e-01	1.868368637025382140e-01	8.694028338273419865e-02	3.936833415143924791e-02	9.804891869712606400e-02
1.920594774821147894e+03	1.808761182598551676e-01	1.124201553652485613e-01	2.952095136906287554e-01	1.869610323003606522e-01	8.699717418271256386e-02	3.940967222783051810e-02	9.812633397287516546e-02
1.925432545034802843e+03	1.805937910347464037e-01	1.122226863313192102e-01	2.953912681619056957e-01	1.870844470753697253e-01	8.705373575618118032e-02	3.945077827049765090e-02	9.820329336949149002e-02
1.930270315248458019e+03	1.803131267616611411e-01	1.120263725176189884e-01	2.955719651787329094e-01	1.872071127028736015e-01	8.710996988208308256e-02	3.949165349763295724e-02	9.827979945890875924e-02
1.935108085462113195e+03	1.800341156727811032e-01	1.118312071272071218e-01	2.957516111160550798e-01	1.873290338257437015e-01	8.716587833362968163e-02	3.953229912282380659e-02	9.835585480127094493e-02
1.939945855675768371e+03	1.797567480577190180e-01	1.116371834033887955e-01	2.959302123055357336e-01	1.874502150547284196e-01	8.722146287818867416e-02	3.957271635502879886e-02	9.843146194492194412e-02
1.944783625889424002e+03	1.794810142631777794e-01	1.114442946294729037e-01	2.961077750359693561e-01	1.875706609687620985e-01	8.727672527717736384e-02	3.961290639855517826e-02	9.850662342639665559e-02
1.949621396103079178e+03	1.792069046926118847e-01	1.112525341285311858e-01	2.962843055536872328e-01	1.876903761152690087e-01	8.733166728596117312e-02	3.965287045303741292e-02	9.858134177041341650e-02
1.954459166316734354e+03	1.789344098058909538e-01	1.110618952631590578e-01	2.964598100629562971e-01	1.878093650104628864e-01	8.738629065375727589e-02	3.969260971341700972e-02	9.865561948986779905e-02
1.959296936530389530e+03	1.786635201189653022e-01	1.108723714352378570e-01	2.966342947263719276e-01	1.879276321396417260e-01	8.744059712354296243e-02	3.973212536992346000e-02	9.872945908582794750e-02
1.964134706744044706e+03	1.783942262035335680e-01	1.106839560856986426e-01	2.968077656652445828e-01	1.880451819574782413e-01	8.749458843196879221e-02	3.977141860805626788e-02	9.880286304753112259e-02
1.968972476957700337e+03	1.781265186867121986e-01	1.104966426942874114e-01	2.969802289599797196e-01	1.881620188883058042e-01	8.754826630927613207e-02	3.981049060856808874e-02	9.887583385238185585e-02
1.973810247171355968e+03	1.778603882507071854e-01	1.103104247793319781e-01	2.971516906504526045e-01	1.882781473264000804e-01	8.760163247921913532e-02	3.984934254744891546e-02	9.894837396595125567e-02
1.978648017385010689e+03	1.775958256324876028e-01	1.101252958975101753e-01	2.973221567363769080e-01	1.883935716362565571e-01	8.765468865899073148e-02	3.988797559591130554e-02	9.902048584197782610e-02
1.983485787598666320e+03	1.773328216234612842e-01	1.099412496436196485e-01	2.974916331776674139e-01	1.885082961528637413e-01	8.770743655915275161e-02	3.992639092037657267e-02	9.909217192236963179e-02
1.988323557812321269e+03	1.770713670691523856e-01	1.097582796503489694e-01	2.976601258947977335e-01	1.886223251819723612e-01	8.775987788356987007e-02	3.996458968246199145e-02	9.916343463720773965e-02
1.993161328025976900e+03	1.768114528688808362e-01	1.095763795880502628e-01	2.978276407691521355e-01	1.887356630003606817e-01	8.781201432934722384e-02	4.000257303896891797e-02	9.923427640475103451e-02
1.997999098239632076e+03	1.765530699754440103e-01	1.093955431645133453e-01	2.979941836433721569e-01	1.888483138560956842e-01	8.786384758677172335e-02	4.004034214187185414e-02	9.930469963144231138e-02
2.002836868453287707e+03	1.762962093947999520e-01	1.092157641247411409e-01	2.981597603216986081e-01	1.889602819687906388e-01	8.791537933925666626e-02	4.007789813830837239e-02	9.937470671191572791e-02
2.007674638666942428e+03	1.760408621857529055e-01	1.090370362507266655e-01	2.983243765703076367e-01	1.890715715298587341e-01	8.796661126328977898e-02	4.011524217056997021e-02	9.944430002900547794e-02
2.012512408880597604e+03	1.757870194596404256e-01	1.088593533612312592e-01	2.984880381176425734e-01	1.891821867027631277e-01	8.801754502838442240e-02	4.015237537609371576e-02	9.951348195375565864e-02
2.017350179094252780e+03	1.755346723800226549e-01	1.086827093115643600e-01	2.986507506547407265e-01	1.892921316232633600e-01	8.806818229703387846e-02	4.018929888745473300e-02	9.958225484543141437e-02
2.022187949307908411e+03	1.752838121623732370e-01	1.085070979933645680e-01	2.988125198355555123e-01	1.894014103996582432e-01	8.811852472466863428e-02	4.022601383235951955e-02	9.965062105153138505e-02
2.027025719521564042e+03	1.750344300737723124e-01	1.083325133343820967e-01	2.989733512772738688e-01	1.895100271130251424e-01	8.816857395961646970e-02	4.026252133364001395e-02	9.971858290780122314e-02
2.031863489735218764e+03	1.747865174326013737e-01	1.081589492982625994e-01	2.991332505606290049e-01	1.896179858174560917e-01	8.821833164306536190e-02	4.029882250924843312e-02	9.978614273824822078e-02
2.036701259948874394e+03	1.745400656082396751e-01	1.079863998843323958e-01	2.992922232302095420e-01	1.897252905402903589e-01	8.826779940902904076e-02	4.033491847225283838e-02	9.985330285515724158e-02
2.041539030162529116e+03	1.742950660207629177e-01	1.078148591273849766e-01	2.994502747947631605e-01	1.898319452823439002e-01	8.831697888431506993e-02	4.037081033083343706e-02	9.992006555910763754e-02
2.046376800376184747e+03	1.740515101406434062e-01	1.076443210974688119e-01	2.996074107274971920e-01	1.899379540181354298e-01	8.836587168849542595e-02	4.040649918827957099e-02	9.998643313899127638e-02
2.051214570589840150e+03	1.738093894884522039e-01	1.074747798996766174e-01	2.997636364663741615e-01	1.900433206961096022e-01	8.841447943387940878e-02	4.044198614298739197e-02	1.000524078720316928e-01
2.056052340803495554e+03	1.735686956345630638e-01	1.073062296739357990e-01	2.999189574144039971e-01	1.901480492388568366e-01	8.846280372548896709e-02	4.047727228845818953e-02	1.001179920238041837e-01
2.060890111017150957e+03	1.733294201988581085e-01	1.071386645948003008e-01	3.000733789399318008e-01	1.902521435433303376e-01	8.851084616103603586e-02	4.051235871329735699e-02	1.001831878482570409e-01
2.065727881230805451e+03	1.730915548504352863e-01	1.069720788712436865e-01	3.002269063769220092e-01	1.903556074810600907e-01	8.855860833090221929e-02	4.054724650121400292e-02	1.002479975877336449e-01
2.070565651444461309e+03	1.728550913073175765e-01	1.068064667464534989e-01	3.003795450252388921e-01	1.904584448983639156e-01	8.860609181812031943e-02	4.058193673102115234e-02	1.003124234729955988e-01
2.075403421658116713e+03	1.726200213361640534e-01	1.066418224976270201e-01	3.005313001509228310e-01	1.905606596165556887e-01	8.865329819835802982e-02	4.061643047663653777e-02	1.003764677232468067e-01
2.080241191871772116e+03	1.723863367519826995e-01	1.064781404357680733e-01	3.006821769864636007e-01	1.906622554321508456e-01	8.870022903990337770e-02	4.065072880708397313e-02	1.004401325461583838e-01
2.085078962085427065e+03	1.721540294178447450e-01	1.063154149054853503e-01	3.008321807310697094e-01	1.907632361170691904e-01	8.874688590365206742e-02	4.068483278649526191e-02	1.005034201378946085e-01
2.089916732299082469e+03	1.719230912446009507e-01	1.061536402847917809e-01	3.009813165509344079e-01	1.908636054188347642e-01	8.879327034309666966e-02	4.071874347411270217e-02	1.005663326831396087e-01
2.094754502512737417e+03	1.716935141905995554e-01	1.059928109849052336e-01	3.011295895794983135e-01	1.909633670607734646e-01	8.883938390431733723e-02	4.075246192429204245e-02	1.006288723551248820e-01
2.099592272726392821e+03	1.714652902614057506e-01	1.058329214500505072e-01	3.012770049177085352e-01	1.910625247422079176e-01	8.888522812597432488e-02	4.078598918650599980e-02	1.006910413156577727e-01
2.104430042940048224e+03	1.712384115095232084e-01	1.056739661572623779e-01	3.014235676342747472e-01	1.911610821386496573e-01	8.893080453930199414e-02	4.081932630534827744e-02	1.007528417151505734e-01
2.109267813153704083e+03	1.710128700341168595e-01	1.055159396161899910e-01	3.015692827659218200e-01	1.912590429019891958e-01	8.897611466810444181e-02	4.085247432053801253e-02	1.008142756926505013e-01
2.114105583367359031e+03	1.707886579807376681e-01	1.053588363689024615e-01	3.017141553176397317e-01	1.913564106606833737e-01	8.902116002875244682e-02	4.088543426692475141e-02	1.008753453758703816e-01
