1.156227081063612786e+03	2.548410941164038768e-01	1.640305412612551583e-01	2.467770131260646482e-01	1.536857634863594280e-01	7.314744573076065182e-02	2.926701699710608506e-02	7.825112528156046021e-02
1.161064851277267962e+03	2.541227876223789983e-01	1.635303286616319185e-01	2.472656174592402500e-01	1.540203082920771072e-01	7.326034981680613900e-02	2.935636850618690910e-02	7.844423964118903136e-02
1.165902621490923138e+03	2.534087171845329500e-01	1.630330540895760516e-01	2.477507179444747021e-01	1.543526905539227279e-01	7.337349211714798425e-02	2.944542165588884264e-02	7.863590645396707768e-02
1.170740391704578315e+03	2.526988579131062562e-01	1.625387005424028530e-01	2.482323534744428073e-01	1.546829199645014252e-01	7.348683413005621667e-02	2.953417347122203745e-02	7.882616050377870554e-02
1.175578161918233945e+03	2.519931850498426940e-01	1.620472510908962660e-01	2.487105621198210381e-01	1.550110066240137641e-01	7.360033930448808825e-02	2.962262110398028794e-02	7.901503470646813188e-02
1.180415932131889122e+03	2.512916739683619394e-01	1.615586888805981003e-01	2.491853811570537425e-01	1.553369610054482486e-01	7.371397294195711214e-02	2.971076182911529598e-02	7.920256021697588689e-02
1.185253702345544298e+03	2.505943001744602716e-01	1.610729971329889210e-01	2.496568470949240282e-01	1.556607939219130654e-01	7.382770210352093687e-02	2.979859304122328689e-02	7.938876653047982623e-02
1.190091472559199701e+03	2.499010393063438307e-01	1.605901591465678790e-01	2.501249956999876956e-01	1.559825164959849630e-01	7.394149552161481675e-02	2.988611225113981321e-02	7.957368157787132745e-02
1.194929242772855105e+03	2.492118671347977044e-01	1.601101582978368132e-01	2.505898620209257022e-01	1.563021401309598324e-01	7.405532351647284295e-02	2.997331708263874586e-02	7.975733181587862930e-02
1.199767012986510281e+03	2.485267595632958959e-01	1.596329780421943401e-01	2.510514804118668675e-01	1.566196764838967692e-01	7.416915791689213111e-02	3.006020526923164349e-02	7.993974231213266113e-02
1.204604783200165684e+03	2.478456926280548367e-01	1.591586019147449294e-01	2.515098845547308337e-01	1.569351374403525345e-01	7.428297198510898369e-02	3.014677465106381862e-02	8.012093682545437523e-02
1.209442553413820860e+03	2.471686424980348573e-01	1.586870135310286256e-01	2.519651074806382174e-01	1.572485350907094903e-01	7.439674034556836846e-02	3.023302317190368696e-02	8.030093788162703805e-02
1.214280323627476264e+03	2.464955854748921149e-01	1.582181965876751084e-01	2.524171815904328042e-01	1.575598817080056391e-01	7.451043891737951785e-02	3.031894887622195792e-02	8.047976684490312782e-02
1.219118093841131440e+03	2.458264979928847238e-01	1.577521348629874476e-01	2.528661386743573658e-01	1.578691897271799482e-01	7.462404485026202794e-02	3.040454990635753710e-02	8.065744398548119198e-02
1.223955864054786844e+03	2.451613566187353377e-01	1.572888122174593284e-01	2.533120099309245643e-01	1.581764717256514130e-01	7.473753646379704962e-02	3.048982449976706671e-02	8.083398854317545845e-02
1.228793634268442020e+03	2.445001380514539580e-01	1.568282125942293548e-01	2.537548259850199162e-01	1.584817404051546419e-01	7.485089318980833739e-02	3.057477098635514798e-02	8.100941878748885161e-02
1.233631404482097196e+03	2.438428191221223840e-01	1.563703200194769549e-01	2.541946169052734517e-01	1.587850085747594675e-01	7.496409551770719104e-02	3.065938778588245608e-02	8.118375207428833729e-02
1.238469174695752372e+03	2.431893767936436634e-01	1.559151186027627201e-01	2.546314122207344877e-01	1.590862891350053043e-01	7.507712494264434655e-02	3.074367340544905541e-02	8.135700489927062684e-02
1.243306944909407548e+03	2.425397881604586525e-01	1.554625925373168960e-01	2.550652409368820428e-01	1.593855950630858054e-01	7.518996391632035148e-02	3.082762643705031641e-02	8.152919294839612585e-02
1.248144715123063179e+03	2.418940304482314896e-01	1.550127261002788859e-01	2.554961315510018149e-01	1.596829393990220891e-01	7.530259580031374578e-02	3.091124555520296732e-02	8.170033114545915964e-02
1.252982485336718355e+03	2.412520810135067306e-01	1.545655036528910953e-01	2.559241120669589753e-01	1.599783352327671104e-01	7.541500482179401554e-02	3.099452951463894934e-02	8.187043369695326533e-02
1.257820255550373531e+03	2.406139173433394229e-01	1.541209096406494228e-01	2.563492100093949233e-01	1.602717956921863307e-01	7.552717603149367021e-02	3.107747714806472286e-02	8.203951413438161089e-02
1.262658025764028707e+03	2.399795170549004764e-01	1.536789285934136162e-01	2.567714524373744811e-01	1.605633339318630060e-01	7.563909526382009418e-02	3.116008736398389461e-02	8.220758535415456647e-02
1.267495795977684338e+03	2.393488578950586920e-01	1.532395451254794372e-01	2.571908659575082856e-01	1.608529631226797985e-01	7.575074909899448539e-02	3.124235914458107360e-02	8.237465965520841815e-02
1.272333566191339514e+03	2.387219177399413639e-01	1.528027439356153816e-01	2.576074767365749696e-01	1.611406964421304155e-01	7.586212482711128524e-02	3.132429154366490193e-02	8.254074877447188652e-02
1.277171336404994690e+03	2.380986745944749516e-01	1.523685098070660937e-01	2.580213105136650031e-01	1.614265470653183099e-01	7.597321041401704222e-02	3.140588368466836616e-02	8.270586392030042366e-02
1.282009106618650094e+03	2.374791065919070465e-01	1.519368276075243884e-01	2.584323926118687886e-01	1.617105281566010577e-01	7.608399446891321583e-02	3.148713475870452971e-02	8.287001580399123990e-02
1.286846876832305497e+03	2.368631919933112395e-01	1.515076822890738806e-01	2.588407479495282160e-01	1.619926528618424455e-01	7.619446621359232674e-02	3.156804402267588544e-02	8.303321466948622442e-02
1.291684647045960673e+03	2.362509091870761413e-01	1.510810588881046634e-01	2.592464010510727723e-01	1.622729343012352665e-01	7.630461545322207717e-02	3.164861079743562511e-02	8.319547032136367926e-02
1.296522417259616077e+03	2.356422366883796637e-01	1.506569425252027583e-01	2.596493760574569154e-01	1.625513855626609105e-01	7.641443254859611733e-02	3.172883446599916724e-02	8.335679215121459540e-02
1.301360187473271253e+03	2.350371531386500068e-01	1.502353184050160273e-01	2.600496967362180278e-01	1.628280196955530501e-01	7.652390838977506105e-02	3.180871447180440986e-02	8.351718916249356583e-02
1.306197957686926657e+03	2.344356373050138498e-01	1.498161718160973543e-01	2.604473864911701630e-01	1.631028497052350590e-01	7.663303437104493354e-02	3.188825031701909840e-02	8.367666999392968374e-02
1.311035727900581833e+03	2.338376680797334406e-01	1.493994881307270928e-01	2.608424683717510129e-01	1.633758885477022416e-01	7.674180236712435654e-02	3.196744156089388611e-02	8.383524294157808365e-02
1.315873498114237009e+03	2.332432244796331933e-01	1.489852528047158620e-01	2.612349650820359193e-01	1.636471491248216170e-01	7.685020471055550861e-02	3.204628781815973410e-02	8.399291597958834232e-02
1.320711268327892412e+03	2.326522856455164601e-01	1.485734513771891363e-01	2.616248989894338628e-01	1.639166442799238899e-01	7.695823417021711854e-02	3.212478875746817980e-02	8.414969677976154305e-02
1.325549038541547588e+03	2.320648308415739491e-01	1.481640694703548478e-01	2.620122921330797494e-01	1.641843867937629597e-01	7.706588393090134381e-02	3.220294409987328049e-02	8.430559272996414333e-02
1.330386808755202765e+03	2.314808394547840098e-01	1.477570927892551678e-01	2.623971662319344311e-01	1.644503893808207107e-01	7.717314757389923119e-02	3.228075361735383703e-02	8.446061095146289999e-02
1.335224578968857941e+03	2.309002909943059789e-01	1.473525071215035787e-01	2.627795426926068378e-01	1.647146646859351526e-01	7.728001905854244014e-02	3.235821713137482930e-02	8.461475831524151170e-02
1.340062349182513572e+03	2.303231650908667272e-01	1.469502983370083171e-01	2.631594426169082679e-01	1.649772252812319040e-01	7.738649270465192131e-02	3.243533451148682134e-02	8.476804145735633567e-02
1.344900119396168748e+03	2.297494414961418208e-01	1.465504523876829945e-01	2.635368868091517158e-01	1.652380836633397521e-01	7.749256317584647669e-02	3.251210567396218415e-02	8.492046679338539905e-02
1.349737889609823924e+03	2.291791000821311042e-01	1.461529553071455323e-01	2.639118957832049528e-01	1.654972522508726396e-01	7.759822546366705598e-02	3.258853058046708162e-02	8.507204053202192806e-02
1.354575659823479100e+03	2.286121208405301752e-01	1.457577932104062723e-01	2.642844897693098494e-01	1.657547433821605631e-01	7.770347487247453167e-02	3.266460923676822031e-02	8.522276868786070325e-02
1.359413430037134731e+03	2.280484838820975579e-01	1.453649522935458460e-01	2.646546887206754906e-01	1.660105693132138127e-01	7.780830700508142850e-02	3.274034169147323203e-02	8.537265709342295450e-02
1.364251200250789907e+03	2.274881694360182949e-01	1.449744188333838280e-01	2.650225123198561850e-01	1.662647422159055643e-01	7.791271774907967962e-02	3.281572803480383577e-02	8.552171141046295555e-02
1.369088970464445310e+03	2.269311578492647918e-01	1.445861791871388691e-01	2.653879799849216403e-01	1.665172741763582820e-01	7.801670326382893761e-02	3.289076839740073116e-02	8.566993714059714660e-02
1.373926740678100487e+03	2.263774295859549146e-01	1.442002197920807249e-01	2.657511108754288531e-01	1.667681771935207724e-01	7.812025996807150929e-02	3.296546294915942560e-02	8.581733963529418474e-02
1.378764510891755890e+03	2.258269652267080874e-01	1.438165271651752619e-01	2.661119238982031510e-01	1.670174631779235697e-01	7.822338452814191212e-02	3.303981189809602342e-02	8.596392410526242089e-02
1.383602281105411066e+03	2.252797454679994482e-01	1.434350879027228021e-01	2.664704377129359369e-01	1.672651439506001592e-01	7.832607384674089568e-02	3.311381548924212381e-02	8.610969562926909515e-02
1.388440051319066470e+03	2.247357511215128667e-01	1.430558886799901397e-01	2.668266707376068525e-01	1.675112312421637994e-01	7.842832505224495154e-02	3.318747400356814731e-02	8.625465916242368303e-02
1.393277821532721646e+03	2.241949631134930176e-01	1.426789162508373676e-01	2.671806411537371306e-01	1.677557366920283954e-01	7.853013548852429138e-02	3.326078775693408485e-02	8.639881954395613184e-02
1.398115591746377049e+03	2.236573624840965391e-01	1.423041574473394855e-01	2.675323669114803016e-01	1.679986718477646246e-01	7.863150270524350838e-02	3.333375709906707257e-02	8.654218150451886693e-02
1.402953361960032225e+03	2.231229303867429958e-01	1.419315991794035114e-01	2.678818657345574672e-01	1.682400481645811574e-01	7.873242444862041389e-02	3.340638241256500829e-02	8.668474967303986534e-02
1.407791132173687402e+03	2.225916480874657877e-01	1.415612284343813754e-01	2.682291551250423067e-01	1.684798770049227290e-01	7.883289865261998430e-02	3.347866411192541164e-02	8.682652858315273448e-02
1.412628902387342805e+03	2.220634969642632517e-01	1.411930322766794255e-01	2.685742523680024196e-01	1.687181696381766793e-01	7.893292343056157456e-02	3.355060264259898672e-02	8.696752267922804036e-02
1.417466672600997981e+03	2.215384585064501533e-01	1.408269978473642159e-01	2.689171745360013355e-01	1.689549372404802741e-01	7.903249706711834577e-02	3.362219848006705453e-02	8.710773632202903349e-02
1.422304442814653157e+03	2.210165143140100374e-01	1.404631123637658241e-01	2.692579384934678521e-01	1.691901908946214506e-01	7.913161801068961665e-02	3.369345212894234165e-02	8.724717379401331074e-02
1.427142213028308333e+03	2.204976460969483021e-01	1.401013631190783371e-01	2.695965609009365882e-01	1.694239415900263834e-01	7.923028486612719579e-02	3.376436412209237597e-02	8.738583930430122992e-02
1.431979983241963964e+03	2.199818356746466030e-01	1.397417374819581448e-01	2.699330582191653560e-01	1.696562002228270971e-01	7.932849638779811141e-02	3.383493501978501738e-02	8.752373699333004797e-02
1.436817753455619140e+03	2.194690649752183975e-01	1.393842228961203189e-01	2.702674467131331304e-01	1.698869775960034634e-01	7.942625147296708543e-02	3.390516540885540886e-02	8.766087093721250389e-02
1.441655523669274316e+03	2.189593160348661249e-01	1.390288068799333809e-01	2.705997424559238862e-01	1.701162844195937829e-01	7.952354915548261183e-02	3.397505590189379976e-02	8.779724515181677735e-02
1.446493293882929493e+03	2.184525709972399699e-01	1.386754770260126834e-01	2.709299613324993028e-01	1.703441313109683997e-01	7.962038859975190119e-02	3.404460713645380415e-02	8.793286359658426810e-02
1.451331064096585123e+03	2.179488121127986233e-01	1.383242210008126249e-01	2.712581190433661638e-01	1.705705287951617688e-01	7.971676909499018915e-02	3.411381977428038642e-02	8.806773017810055892e-02
1.456168834310240300e+03	2.174480217381716263e-01	1.379750265442181434e-01	2.715842311081402838e-01	1.707954873052580924e-01	7.981269004973097492e-02	3.418269450055715780e-02	8.820184875343405062e-02
1.461006604523895703e+03	2.169501823355242665e-01	1.376278814691353491e-01	2.719083128690119033e-01	1.710190171828259442e-01	7.990815098658439475e-02	3.425123202317249121e-02	8.833522313325600783e-02
1.465844374737550879e+03	2.164552764719245015e-01	1.372827736610818805e-01	2.722303794941156041e-01	1.712411286783982189e-01	8.000315153723143446e-02	3.431943307200389232e-02	8.846785708475485288e-02
1.470682144951206283e+03	2.159632868187121024e-01	1.369396910777768706e-01	2.725504459808084090e-01	1.714618319519930489e-01	8.009769143764258748e-02	3.438729839822019657e-02	8.859975433435712810e-02
1.475519915164861459e+03	2.154741961508705173e-01	1.365986217487309973e-01	2.728685271588588979e-01	1.716811370736724685e-01	8.019177052350995316e-02	3.445482877360117602e-02	8.873091857026629836e-02
1.480357685378516862e+03	2.149879873464010382e-01	1.362595537748366170e-01	2.731846376935506693e-01	1.718990540241349674e-01	8.028538872588242281e-02	3.452202498987398671e-02	8.886135344483057918e-02
1.485195455592172038e+03	2.145046433856998003e-01	1.359224753279580089e-01	2.734987920887028134e-01	1.721155926953394644e-01	8.037854606699408599e-02	3.458888785806614463e-02	8.899106257674986586e-02
1.490033225805827215e+03	2.140241473509373882e-01	1.355873746505221744e-01	2.738110046896109484e-01	1.723307628911570910e-01	8.047124265627651762e-02	3.465541820787457206e-02	8.912004955313146404e-02
1.494870996019482618e+03	2.135464824254411642e-01	1.352542400551102475e-01	2.741212896859106518e-01	1.725445743280480670e-01	8.056347868654614719e-02	3.472161688705025645e-02	8.924831793140365621e-02
1.499708766233137567e+03	2.130716318930807873e-01	1.349230599240494044e-01	2.744296611143661191e-01	1.727570366357614740e-01	8.065525443035823083e-02	3.478748476079820962e-02	8.937587124109591663e-02
1.504546536446793198e+03	2.125995791376562583e-01	1.345938227090058004e-01	2.747361328615873233e-01	1.729681593580552068e-01	8.074657023651954368e-02	3.485302271119225526e-02	8.950271298549374033e-02
1.509384306660448374e+03	2.121303076422892397e-01	1.342665169305782003e-01	2.750407186666769532e-01	1.731779519534336897e-01	8.083742652675213192e-02	3.491823163660434659e-02	8.962884664317558037e-02
1.514222076874103550e+03	2.116638009888173466e-01	1.339411311778928859e-01	2.753434321238098503e-01	1.733864237959016619e-01	8.092782379250093583e-02	3.498311245114799767e-02	8.975427566943951219e-02
1.519059847087758726e+03	2.112000428571914612e-01	1.336176541081994240e-01	2.756442866847476081e-01	1.735935841757316189e-01	8.101776259187862261e-02	3.504766608413550227e-02	8.987900349762596719e-02
1.523897617301414357e+03	2.107390170248763517e-01	1.332960744464679048e-01	2.759432956612897225e-01	1.737994423002432454e-01	8.110724354674102299e-02	3.511189347954858653e-02	9.000303354034333569e-02
1.528735387515069533e+03	2.102807073662542603e-01	1.329763809849873191e-01	2.762404722276640689e-01	1.740040072945932270e-01	8.119626733988695444e-02	3.517579559552218293e-02	9.012636919060218466e-02
1.533573157728724709e+03	2.098250978520318499e-01	1.326585625829653226e-01	2.765358294228576486e-01	1.742072882025736680e-01	8.128483471237685221e-02	3.523937340384093037e-02	9.024901382286391882e-02
1.538410927942380113e+03	2.093721725486503427e-01	1.323426081661295828e-01	2.768293801528906029e-01	1.744092939874176962e-01	8.137294646096442097e-02	3.530262788944818486e-02	9.037097079400936706e-02
1.543248698156035516e+03	2.089219156176990166e-01	1.320285067263304024e-01	2.771211371930345502e-01	1.746100335326108421e-01	8.146060343563614470e-02	3.536556004996716657e-02	9.049224344423198452e-02
1.548086468369690692e+03	2.084743113153318672e-01	1.317162473211452300e-01	2.774111131899774096e-01	1.748095156427068864e-01	8.154780653725376971e-02	3.542817089523396523e-02	9.061283509786093038e-02
1.552924238583346096e+03	2.080293439916875708e-01	1.314058190734845866e-01	2.776993206639358780e-01	1.750077490441470929e-01	8.163455671529473712e-02	3.549046144684211285e-02	9.073274906411801788e-02
1.557762008797001272e+03	2.075869980903129464e-01	1.310972111711997401e-01	2.779857720107178354e-01	1.752047423860815245e-01	8.172085496568637364e-02	3.555243273769841811e-02	9.085198863781319967e-02
1.562599779010656675e+03	2.071472581475897190e-01	1.307904128666920740e-01	2.782704795037352907e-01	1.754005042411915516e-01	8.180670232872927494e-02	3.561408581158986841e-02	9.097055709998218276e-02
1.567437549224311852e+03	2.067101087921645042e-01	1.304854134765244533e-01	2.785534552959707533e-01	1.755950431065126383e-01	8.189209988710612065e-02	3.567542172276119000e-02	9.108845771847028094e-02
1.572275319437967255e+03	2.062755347443822884e-01	1.301822023810340623e-01	2.788347114218968636e-01	1.757883674042562960e-01	8.197704876397170215e-02	3.573644153550291358e-02	9.120569374846571042e-02
1.577113089651622431e+03	2.058435208157233520e-01	1.298807690239474621e-01	2.791142597993518382e-01	1.759804854826308163e-01	8.206155012112070768e-02	3.579714632374973726e-02	9.132226843298590913e-02
1.581950859865277607e+03	2.054140519082434113e-01	1.295811029119972313e-01	2.793921122313713923e-01	1.761714056166594211e-01	8.214560515722979517e-02	3.585753717068874968e-02	9.143818500331980792e-02
1.586788630078933011e+03	2.049871130140172026e-01	1.292831936145407978e-01	2.796682804079789197e-01	1.763611360089957225e-01	8.222921510617048346e-02	3.591761516837748552e-02	9.155344667942917625e-02
1.591626400292587959e+03	2.045626892145856190e-01	1.289870307631810209e-01	2.799427759079347600e-01	1.765496847907356004e-01	8.231238123538975326e-02	3.597738141737143180e-02	9.166805667031163729e-02
1.596464170506243590e+03	2.041407656804059001e-01	1.286926040513888259e-01	2.802156102004458305e-01	1.767370600222248622e-01	8.239510484435544346e-02	3.603683702636081843e-02	9.178201817432808662e-02
1.601301940719898766e+03	2.037213276703056519e-01	1.283999032341278934e-01	2.804867946468370676e-01	1.769232696938622118e-01	8.247738726306344526e-02	3.609598311181649172e-02	9.189533437949697070e-02
1.606139710933553943e+03	2.033043605309398927e-01	1.281089181274812916e-01	2.807563405021852865e-01	1.771083217268971388e-01	8.255922985060405728e-02	3.615482079764459344e-02	9.200800846375754849e-02
1.610977481147209119e+03	2.028898496962515952e-01	1.278196386082800784e-01	2.810242589169166250e-01	1.772922239742222017e-01	8.264063399378490660e-02	3.621335121484985792e-02	9.212004359520452323e-02
1.615815251360864750e+03	2.024777806869356989e-01	1.275320546137342081e-01	2.812905609383694050e-01	1.774749842211591766e-01	8.272160110580789594e-02	3.627157550120736762e-02	9.223144293229600110e-02
1.620653021574519926e+03	2.020681391099062585e-01	1.272461561410652420e-01	2.815552575123221879e-01	1.776566101862390168e-01	8.280213262499803994e-02	3.632949480094248979e-02	9.234220962403660860e-02
1.625490791788175102e+03	2.016609106577672839e-01	1.269619332471411677e-01	2.818183594844883566e-01	1.778371095219748732e-01	8.288223001358162312e-02	3.638711026441884822e-02	9.245234681013764222e-02
1.630328562001830505e+03	2.012560811082866330e-01	1.266793760481134401e-01	2.820798776019793341e-01	1.780164898156283149e-01	8.296189475651188916e-02	3.644442304783414993e-02	9.256185762115601290e-02
1.635166332215485909e+03	2.008536363238733191e-01	1.263984747190560753e-01	2.823398225147351059e-01	1.781947585899683051e-01	8.304112836033999967e-02	3.650143431292361684e-02	9.267074517861335903e-02
1.640004102429141085e+03	2.004535622510582871e-01	1.261192194936067712e-01	2.825982047769248218e-01	1.783719233040223506e-01	8.311993235212949971e-02	3.655814522667094613e-02	9.277901259509706289e-02
1.644841872642796488e+03	2.000558449199784095e-01	1.258416006636100259e-01	2.828550348483178101e-01	1.785479913538203511e-01	8.319830827841231957e-02	3.661455696102650093e-02	9.288666297434432229e-02
1.649679642856451665e+03	1.996604704438636468e-01	1.255656085787627552e-01	2.831103230956248940e-01	1.787229700731302884e-01	8.327625770418467521e-02	3.667067069263265505e-02	9.299369941131081785e-02
1.654517413070107068e+03	1.992674250185277329e-01	1.252912336462616016e-01	2.833640797938123956e-01	1.788968667341858665e-01	8.335378221194107706e-02	3.672648760255606271e-02	9.310012499222501681e-02
1.659355183283762244e+03	1.988766949218620517e-01	1.250184663304525490e-01	2.836163151273878302e-01	1.790696885484060752e-01	8.343088340074507336e-02	3.678200887602676300e-02	9.320594279462941778e-02
1.664192953497417420e+03	1.984882665133326229e-01	1.247472971524827001e-01	2.838670391916597313e-01	1.792414426671063432e-01	8.350756288533485450e-02	3.683723570218384868e-02	9.331115588740969413e-02
1.669030723711072824e+03	1.981021262334806410e-01	1.244777166899539433e-01	2.841162619939708867e-01	1.794121361822012817e-01	8.358382229526266360e-02	3.689216927382765049e-02	9.341576733081276285e-02
1.673868493924728000e+03	1.977182606034258716e-01	1.242097155765790190e-01	2.843639934549065384e-01	1.795817761268988788e-01	8.365966327406641756e-02	3.694681078717827055e-02	9.351978017645483365e-02
1.678706264138383403e+03	1.973366562243736022e-01	1.239432845018394319e-01	2.846102434094778255e-01	1.797503694763862570e-01	8.373508747847219214e-02	3.700116144164020821e-02	9.362319746732021553e-02
1.683544034352038352e+03	1.969572997771245615e-01	1.236784142106456402e-01	2.848550216082814668e-01	1.799179231485067143e-01	8.381009657762650278e-02	3.705522243957306422e-02	9.372602223775171326e-02
1.688381804565693983e+03	1.965801780215880867e-01	1.234150955029992558e-01	2.850983377186356305e-01	1.800844440044280237e-01	8.388469225235702098e-02	3.710899498606812924e-02	9.382825751343348841e-02
1.693219574779349159e+03	1.962052777962984829e-01	1.231533192336573684e-01	2.853402013256932657e-01	1.802499388493022103e-01	8.395887619446057437e-02	3.716248028873073150e-02	9.392990631136691193e-02
1.698057344993004335e+03	1.958325860179344624e-01	1.228930763117989239e-01	2.855806219335333407e-01	1.804144144329166699e-01	8.403265010601754237e-02	3.721567955746814954e-02	9.403097163984042162e-02
1.702895115206659511e+03	1.954620896808417496e-01	1.226343577006931973e-01	2.858196089662303208e-01	1.805778774503362660e-01	8.410601569873128736e-02	3.726859400428312458e-02	9.413145649839357865e-02
1.707732885420315142e+03	1.950937758565587377e-01	1.223771544173703901e-01	2.860571717689022742e-01	1.807403345425371843e-01	8.417897469329201077e-02	3.732122484307255628e-02	9.423136387777633627e-02
1.712570655633970318e+03	1.947276316933453100e-01	1.221214575322941698e-01	2.862933196087390497e-01	1.809017922970318493e-01	8.425152881876368793e-02	3.737357328943161083e-02	9.433069675990378433e-02
1.717408425847625494e+03	1.943636444157147425e-01	1.218672581690364159e-01	2.865280616760098042e-01	1.810622572484852089e-01	8.432367981199352658e-02	3.742564056046278342e-02	9.442945811780693866e-02
1.722246196061280898e+03	1.940018013239684647e-01	1.216145475039539514e-01	2.867614070850512675e-01	1.812217358793226096e-01	8.439542941704275547e-02	3.747742787459008157e-02	9.452765091558024135e-02
1.727083966274936301e+03	1.936420897937340679e-01	1.213633167658672435e-01	2.869933648752370781e-01	1.813802346203287896e-01	8.446677938463825752e-02	3.752893645137800327e-02	9.462527810832593866e-02
1.731921736488591478e+03	1.932844972755062007e-01	1.211135572357412149e-01	2.872239440119280229e-01	1.815377598512388224e-01	8.453773147164390933e-02	3.758016751135529604e-02	9.472234264209594690e-02
1.736759506702246881e+03	1.929290112941905166e-01	1.208652602463681225e-01	2.874531533874045697e-01	1.816943179013201515e-01	8.460828744055116923e-02	3.763112227584339275e-02	9.481884745383148405e-02
1.741597276915902057e+03	1.925756194486505091e-01	1.206184171820522816e-01	2.876810018217817455e-01	1.818499150499465478e-01	8.467844905898798402e-02	3.768180196678934391e-02	9.491479547130092509e-02
1.746435047129557461e+03	1.922243094112574824e-01	1.203730194782969692e-01	2.879074980639064196e-01	1.820045575271636573e-01	8.474821809924541760e-02	3.773220780660325319e-02	9.501018961303610288e-02
1.751272817343212637e+03	1.918750689274431043e-01	1.201290586214932288e-01	2.881326507922380431e-01	1.821582515142462499e-01	8.481759633782126606e-02	3.778234101799997358e-02	9.510503278826742957e-02
1.756110587556867813e+03	1.915278858152552610e-01	1.198865261486106448e-01	2.883564686157125689e-01	1.823110031442473633e-01	8.488658555498014568e-02	3.783220282384509164e-02	9.519932789685819907e-02
1.760948357770523216e+03	1.911827479649165495e-01	1.196454136468901308e-01	2.885789600745907735e-01	1.824628185025393701e-01	8.495518753432935999e-02	3.788179444700503357e-02	9.529307782923804315e-02
1.765786127984178393e+03	1.908396433383857116e-01	1.194057127535386731e-01	2.888001336412905906e-01	1.826137036273470238e-01	8.502340406240989357e-02	3.793111711020121651e-02	9.538628546633617922e-02
1.770623898197833569e+03	1.904985599689219267e-01	1.191674151554259348e-01	2.890199977212041804e-01	1.827636645102725665e-01	8.509123692830211638e-02	3.798017203586812746e-02	9.547895367951440837e-02
1.775461668411488745e+03	1.901594859606519083e-01	1.189305125887829551e-01	2.892385606535002873e-01	1.829127070968130375e-01	8.515868792324562953e-02	3.802896044601528774e-02	9.557108533050012733e-02
1.780299438625144376e+03	1.898224094881399426e-01	1.186949968389025972e-01	2.894558307119116658e-01	1.830608372868698375e-01	8.522575884027264181e-02	3.807748356209295082e-02	9.566268327131957627e-02
1.785137208838799552e+03	1.894873187959603966e-01	1.184608597398420782e-01	2.896718161055084617e-01	1.832080609352506884e-01	8.529245147385451642e-02	3.812574260486151917e-02	9.575375034423146137e-02
1.789974979052454728e+03	1.891542021982734745e-01	1.182280931741272745e-01	2.898865249794578269e-01	1.833543838521639602e-01	8.535876761956090464e-02	3.817373879426450706e-02	9.584428938166121570e-02
1.794812749266109904e+03	1.888230480784032217e-01	1.179966890724589296e-01	2.900999654157694341e-01	1.834998118037055592e-01	8.542470907373117539e-02	3.822147334930506291e-02	9.593430320613580142e-02
1.799650519479765535e+03	1.884938448884185824e-01	1.177666394134208039e-01	2.903121454340283902e-01	1.836443505123386832e-01	8.549027763315741879e-02	3.826894748792587786e-02	9.602379463021951111e-02
1.804488289693420711e+03	1.881665811487171214e-01	1.175379362231896430e-01	2.905230729921144395e-01	1.837880056573659993e-01	8.555547509477894053e-02	3.831616242689249441e-02	9.611276645645061567e-02
1.809326059907075887e+03	1.878412454476114102e-01	1.173105715752469913e-01	2.907327559869092859e-01	1.839307828753949103e-01	8.562030325538765030e-02	3.836311938167982077e-02	9.620122147727912243e-02
1.814163830120731291e+03	1.875178264409179951e-01	1.170845375900929075e-01	2.909412022549908716e-01	1.840726877607957168e-01	8.568476391134401127e-02	3.840981956636191352e-02	9.628916247500574066e-02
1.819001600334386467e+03	1.871963128515491959e-01	1.168598264349614141e-01	2.911484195733158309e-01	1.842137258661527555e-01	8.574885885830318966e-02	3.845626419350481329e-02	9.637659222172197115e-02
1.823839370548041643e+03	1.868766934691074022e-01	1.166364303235378347e-01	2.913544156598900647e-01	1.843539027027087662e-01	8.581258989095096046e-02	3.850245447406248911e-02	9.646351347925163910e-02
1.828677140761696819e+03	1.865589571494820631e-01	1.164143415156779493e-01	2.915591981744276584e-01	1.844932237408025422e-01	8.587595880274924431e-02	3.854839161727575264e-02	9.654992899909392579e-02
1.833514910975352450e+03	1.862430928144492015e-01	1.161935523171288287e-01	2.917627747189988074e-01	1.846316944102998903e-01	8.593896738569074822e-02	3.859407683057403116e-02	9.663584152236755209e-02
1.838352681189008081e+03	1.859290894512735937e-01	1.159740550792516117e-01	2.919651528386663641e-01	1.847693201010180974e-01	8.600161743006243253e-02	3.863951131948006185e-02	9.672125377975690497e-02
1.843190451402663257e+03	1.856169361123134187e-01	1.157558421987459341e-01	2.921663400221113926e-01	1.849061061631439573e-01	8.606391072421758215e-02	3.868469628751729228e-02	9.680616849145941283e-02
1.848028221616318433e+03	1.853066219146275451e-01	1.155389061173761334e-01	2.923663437022490652e-01	1.850420579076453853e-01	8.612584905435614890e-02	3.872963293612002866e-02	9.689058836713473899e-02
1.852865991829973609e+03	1.849981360395853147e-01	1.153232393216992308e-01	2.925651712568327900e-01	1.851771806066768444e-01	8.618743420431305979e-02	3.877432246454624865e-02	9.697451610585551551e-02
1.857703762043628785e+03	1.846914677324786591e-01	1.151088343427946470e-01	2.927628300090496793e-01	1.853114794939788312e-01	8.624866795535428288e-02	3.881876606979296762e-02	9.705795439605986730e-02
1.862541532257283961e+03	1.843866063021370738e-01	1.148956837559955563e-01	2.929593272281053040e-01	1.854449597652710058e-01	8.630955208598029005e-02	3.886296494651415162e-02	9.714090591550561538e-02
1.867379302470939592e+03	1.840835411205446470e-01	1.146837801806220858e-01	2.931546701297985669e-01	1.855776265786396040e-01	8.637008837173677789e-02	3.890692028694108656e-02	9.722337333122618719e-02
1.872217072684594768e+03	1.837822616224598082e-01	1.144731162797160834e-01	2.933488658770880830e-01	1.857094850549190490e-01	8.643027858503243843e-02	3.895063328080519000e-02	9.730535929948833096e-02
1.877054842898249490e+03	1.834827573050374361e-01	1.142636847597776895e-01	2.935419215806482907e-01	1.858405402780675675e-01	8.649012449496330801e-02	3.899410511526314044e-02	9.738686646575157868e-02
1.881892613111905121e+03	1.831850177274533531e-01	1.140554783705034353e-01	2.937338442994170129e-01	1.859707972955375321e-01	8.654962786714381906e-02	3.903733697482432430e-02	9.746789746462952708e-02
1.886730383325560297e+03	1.828890325105312908e-01	1.138484899045261178e-01	2.939246410411341381e-01	1.861002611186400313e-01	8.660879046354408306e-02	3.908033004128054488e-02	9.754845491985283945e-02
1.891568153539215928e+03	1.825947913363720754e-01	1.136427121971562842e-01	2.941143187628715294e-01	1.862289367229038872e-01	8.666761404233321031e-02	3.912308549363788940e-02	9.762854144423409319e-02
1.896405923752871104e+03	1.823022839479853940e-01	1.134381381261253957e-01	2.943028843715545517e-01	1.863568290484297896e-01	8.672610035772866655e-02	3.916560450805078170e-02	9.770815963963437600e-02
1.901243693966526507e+03	1.820115001489237272e-01	1.132347606113305316e-01	2.944903447244749950e-01	1.864839430002386000e-01	8.678425115985131943e-02	3.920788825775809588e-02	9.778731209693167226e-02
1.906081464180181683e+03	1.817224298029187224e-01	1.130325726145807730e-01	2.946767066297962256e-01	1.866102834486148832e-01	8.684206819458595294e-02	3.924993791302133078e-02	9.786600139599109516e-02
1.910919234393836859e+03	1.814350628335197890e-01	1.128315671393451680e-01	2.948619768470501223e-01	1.867358552294451357e-01	8.689955320344718015e-02	3.929175464106477583e-02	9.794423010563677034e-02
1.915757004607492036e+03	1.811493892237350523e-01	1.126317372305023490e-01	2.950461620876264623e-01	1.868606631445512978e-01	8.695670792345057409e-02	3.933333960601762685e-02	9.802200078362556523e-02
1.920594774821147894e+03	1.808653990156745550e-01	1.124330759740915925e-01	2.952292690152545362e-01	1.869847119620190179e-01	8.701353408698873915e-02	3.937469396885800998e-02	9.809931597662248370e-02
1.925432545034802843e+03	1.805830823101958194e-01	1.122355764970656006e-01	2.954113042464771022e-01	1.871080064165213108e-01	8.707003342171229510e-02	3.941581888735887218e-02	9.817617822017793427e-02
1.930270315248458019e+03	1.803024292665513506e-01	1.120392319670447251e-01	2.955922743511174011e-01	1.872305512096376079e-01	8.712620765041559356e-02	3.945671551603565502e-02	9.825259003870658037e-02
1.935108085462113195e+03	1.800234301020388061e-01	1.118440355920728435e-01	2.957721858527387893e-01	1.873523510101678391e-01	8.718205849092694470e-02	3.949738500609577957e-02	9.832855394546788363e-02
1.939945855675768371e+03	1.797460750916530514e-01	1.116499806203746364e-01	2.959510452290973204e-01	1.874734104544423241e-01	8.723758765600325704e-02	3.953782850538985205e-02	9.840407244254845143e-02
1.944783625889424002e+03	1.794703545677405199e-01	1.114570603401145582e-01	2.961288589125876114e-01	1.875937341466268060e-01	8.729279685322896554e-02	3.957804715836454879e-02	9.847914802084588304e-02
1.949621396103079178e+03	1.791962589196557099e-01	1.112652680791571536e-01	2.963056332906818247e-01	1.877133266590235161e-01	8.734768778491910912e-02	3.961804210601717335e-02	9.855378316005440620e-02
1.954459166316734354e+03	1.789237785934200131e-01	1.110745972048290536e-01	2.964813747063621552e-01	1.878321925323674924e-01	8.740226214802641891e-02	3.965781448585178198e-02	9.862798032865197073e-02
1.959296936530389530e+03	1.786529040913824029e-01	1.108850411236822486e-01	2.966560894585468233e-01	1.879503362761190399e-01	8.745652163405230606e-02	3.969736543183694649e-02	9.870174198388910469e-02
1.964134706744044706e+03	1.783836259718824813e-01	1.106965932812590953e-01	2.968297838025097946e-01	1.880677623687517508e-01	8.751046792896151338e-02	3.973669607436500911e-02	9.877507057177918603e-02
1.968972476957700337e+03	1.781159348489156913e-01	1.105092471618585037e-01	2.970024639502941710e-01	1.881844752580366931e-01	8.756410271310061111e-02	3.977580754021284304e-02	9.884796852709029635e-02
1.973810247171355968e+03	1.778498213918003057e-01	1.103229962883039289e-01	2.971741360711195878e-01	1.883004793613223260e-01	8.761742766111985103e-02	3.981470095250408403e-02	9.892043827333865669e-02
1.978648017385010689e+03	1.775852763248469413e-01	1.101378342217125411e-01	2.973448062917838364e-01	1.884157790658106679e-01	8.767044444189849017e-02	3.985337743067280530e-02	9.899248222278347886e-02
1.983485787598666320e+03	1.773222904270297384e-01	1.099537545612659095e-01	2.975144806970582145e-01	1.885303787288295507e-01	8.772315471847351442e-02	3.989183809042855244e-02	9.906410277642331563e-02
1.988323557812321269e+03	1.770608545316598725e-01	1.097707509439821566e-01	2.976831653300776592e-01	1.886442826781010440e-01	8.777556014797151251e-02	3.993008404372278691e-02	9.913530232399385411e-02
1.993161328025976900e+03	1.768009595260610634e-01	1.095888170444895837e-01	2.978508661927247170e-01	1.887574952120062155e-01	8.782766238154360305e-02	3.996811639871661326e-02	9.920608324396706923e-02
1.997999098239632076e+03	1.765425963512469998e-01	1.094079465748015595e-01	2.980175892460086851e-01	1.888700205998462833e-01	8.787946306430360899e-02	4.000593625974986633e-02	9.927644790355183435e-02
2.002836868453287707e+03	1.762857560016009018e-01	1.092281332840928793e-01	2.981833404104390350e-01	1.889818630820999934e-01	8.793096383526885496e-02	4.004354472731135733e-02	9.934639865869583641e-02
2.007674638666942428e+03	1.760304295245570250e-01	1.090493709584775955e-01	2.983481255663932297e-01	1.890930268706776662e-01	8.798216632730404552e-02	4.008094289801049370e-02	9.941593785408876782e-02
2.012512408880597604e+03	1.757766080202841086e-01	1.088716534207881254e-01	2.985119505544799878e-01	1.892035161491716633e-01	8.803307216706786342e-02	4.011813186455001623e-02	9.948506782316703101e-02
2.017350179094252780e+03	1.755242826413709323e-01	1.086949745303557591e-01	2.986748211758971094e-01	1.893133350731036058e-01	8.808368297496209365e-02	4.015511271569990881e-02	9.955379088811938670e-02
2.022187949307908411e+03	1.752734445925137052e-01	1.085193281827925571e-01	2.988367431927841933e-01	1.894224877701680965e-01	8.813400036508349522e-02	4.019188653627254332e-02	9.962210935989417038e-02
2.027025719521564042e+03	1.750240851302055367e-01	1.083447083097745511e-01	2.989977223285710251e-01	1.895309783404732773e-01	8.818402594517806004e-02	4.022845440709883064e-02	9.969002553820749402e-02
2.031863489735218764e+03	1.747761955624275720e-01	1.081711088788263747e-01	2.991577642683205807e-01	1.896388108567780839e-01	8.823376131659785293e-02	4.026481740500555823e-02	9.975754171155275241e-02
2.036701259948874394e+03	1.745297672483422657e-01	1.079985238931070873e-01	2.993168746590677554e-01	1.897459893647265861e-01	8.828320807426004446e-02	4.030097660279376159e-02	9.982466015721128128e-02
2.041539030162529116e+03	1.742847915979886808e-01	1.078269473911974974e-01	2.994750591101530968e-01	1.898525178830788585e-01	8.833236780660833065e-02	4.033693306921812965e-02	9.989138314126411178e-02
2.046376800376184747e+03	1.740412600719793701e-01	1.076563734468886646e-01	2.996323231935525966e-01	1.899584004039391871e-01	8.838124209557655930e-02	4.037268786896744399e-02	9.995771291860486296e-02
2.051214570589840150e+03	1.737991641811992838e-01	1.074867961689717627e-01	2.997886724442024309e-01	1.900636408929810284e-01	8.842983251655449350e-02	4.040824206264599650e-02	1.000236517329536889e-01
2.056052340803495554e+03	1.735584954865065643e-01	1.073182097010292740e-01	2.999441123603197035e-01	1.901682432896691921e-01	8.847814063835558740e-02	4.044359670675598539e-02	1.000892018168723224e-01
2.060890111017150957e+03	1.733192455984351177e-01	1.071506082212273364e-01	3.000986484037190816e-01	1.902722115074791387e-01	8.852616802318695466e-02	4.047875285368087578e-02	1.001543653917801036e-01
2.065727881230805451e+03	1.730814061768991552e-01	1.069839859421095746e-01	3.002522860001248795e-01	1.903755494341132781e-01	8.857391622662109942e-02	4.051371155166959975e-02	1.002191446679710357e-01
2.070565651444461309e+03	1.728449689308994286e-01	1.068183371103920559e-01	3.004050305394789788e-01	1.904782609317149100e-01	8.862138679756965953e-02	4.054847384482177658e-02	1.002835418446317850e-01
2.075403421658116713e+03	1.726099256182313246e-01	1.066536560067595507e-01	3.005568873762453630e-01	1.905803498370789162e-01	8.866858127825902325e-02	4.058304077307370999e-02	1.003475591098606651e-01
2.080241191871772116e+03	1.723762680451948470e-01	1.064899369456630135e-01	3.007078618297099881e-01	1.906818199618602327e-01	8.871550120420761132e-02	4.061741337218528064e-02	1.004111986406875656e-01
2.085078962085427065e+03	1.721439880663061250e-01	1.063271742751183968e-01	3.008579591842772682e-01	1.907826750927794357e-01	8.876214810420494927e-02	4.065159267372769197e-02	1.004744626030946719e-01
2.089916732299082469e+03	1.719130775840110592e-01	1.061653623765066029e-01	3.010071846897625081e-01	1.908829189918258007e-01	8.880852350029244668e-02	4.068557970507197252e-02	1.005373531520382113e-01
2.094754502512737417e+03	1.716835285484004658e-01	1.060044956643747122e-01	3.011555435616803944e-01	1.909825553964580314e-01	8.885462890774575850e-02	4.071937548937831775e-02	1.005998724314709075e-01
2.099592272726392821e+03	1.714553329569270534e-01	1.058445685862384605e-01	3.013030409815304900e-01	1.910815880198022121e-01	8.890046583505875621e-02	4.075298104558620210e-02	1.006620225743653785e-01
2.104430042940048224e+03	1.712284828541242032e-01	1.056855756223858550e-01	3.014496820970786195e-01	1.911800205508474848e-01	8.894603578392895615e-02	4.078639738840520584e-02	1.007238057027382144e-01
2.109267813153704083e+03	1.710029703313263871e-01	1.055275112856820519e-01	3.015954720226344810e-01	1.912778566546393666e-01	8.899134024924454378e-02	4.081962552830663282e-02	1.007852239276750134e-01
2.114105583367359031e+03	1.707787875263912791e-01	1.053703701213754285e-01	3.017404158393267033e-01	1.913750999724706525e-01	8.903638071907270246e-02	4.085266647151578751e-02	1.008462793493559301e-01
2.118943353581013525e+03	1.705559266234237814e-01	1.052141467069047931e-01	3.018845185953732968e-01	1.914717541220699037e-01	8.908115867464941329e-02	4.088552122000500139e-02	1.009069740570822105e-01
