1.161064851277267991e+02	5.531661548780719695e-01	3.596584960591680535e-01	4.295085788930233517e-02	1.445076347703364884e-02	2.029760684253575920e-02	3.292052334639086579e-03	6.184068519202191687e-03
1.209442553413820747e+02	5.510668183503857342e-01	3.577685558859067805e-01	4.443867633004115747e-02	1.593809256025313301e-02	2.073125811095771071e-02	3.482092745637603744e-03	6.574506016771004650e-03
1.257820255550373645e+02	5.489530459464373457e-01	3.559137339127662614e-01	4.593930507396987856e-02	1.739054854168846712e-02	2.116237542449280265e-02	3.671380131625235146e-03	6.969610968973220452e-03
1.306197957686926259e+02	5.468272291188797096e-01	3.540917175177350495e-01	4.745082034573366858e-02	1.881034654774690895e-02	2.159094320086100624e-02	3.859922291581933083e-03	7.369020977414928938e-03
1.354575659823479441e+02	5.446915444699850228e-01	3.523003911221963547e-01	4.897145858549417641e-02	2.019953196832966619e-02	2.201694962647019263e-02	4.047726495479081997e-03	7.772397731998809123e-03
1.402953361960032339e+02	5.425479724972651629e-01	3.505378190576531328e-01	5.049960367767451774e-02	2.155999371485721461e-02	2.244038629810648708e-02	4.234799522900071361e-03	8.179425231496631477e-03
1.451331064096584669e+02	5.403983147069852944e-01	3.488022299242160007e-01	5.203377519204319818e-02	2.289347644018289302e-02	2.286124789554426495e-02	4.421147699103546158e-03	8.589808141878041425e-03
1.499708766233137851e+02	5.382442092376312770e-01	3.470920023109699826e-01	5.357261755690668342e-02	2.420159180173247354e-02	2.327953188246051699e-02	4.606776928683844162e-03	9.003270281568496666e-03
1.548086468369690749e+02	5.360871451230355689e-01	3.454056517596428288e-01	5.511489009054472421e-02	2.548582884283191741e-02	2.369523823325866974e-02	4.791692726975073195e-03	9.419553223664610050e-03
1.596464170506243647e+02	5.339284753135706829e-01	3.437418188633215022e-01	5.665945782288204363e-02	2.674756356130997617e-02	2.410836918360904219e-02	4.975900249337555925e-03	9.838415005922645715e-03
1.644841872642796261e+02	5.317694285635178320e-01	3.420992584013878846e-01	5.820528304478352066e-02	2.798806772904726195e-02	2.451892900269780559e-02	5.159404318457886177e-03	1.025962894006121097e-02
1.693219574779349159e+02	5.296111202833070353e-01	3.404768294204482681e-01	5.975141752732567035e-02	2.920851702115324217e-02	2.492692378534566017e-02	5.342209449786673725e-03	1.068298251258697172e-02
1.741597276915902057e+02	5.274545624467336102e-01	3.388734861788875730e-01	6.129699535796816895e-02	3.040999850885343220e-02	2.533236126231242294e-02	5.524319875231148598e-03	1.110827636996718909e-02
1.789974979052454671e+02	5.253006726354174649e-01	3.372882698798498335e-01	6.284122634475752811e-02	3.159351756593071353e-02	2.573525062724561774e-02	5.705739565213222182e-03	1.153532338153918577e-02
1.838352681189008138e+02	5.231502822956057841e-01	3.357203011239936474e-01	6.438338994356898604e-02	3.276000423465837835e-02	2.613560237886113427e-02	5.886472249197275894e-03	1.196394777406833108e-02
1.886730383325560467e+02	5.210041442758874819e-01	3.341687730193486638e-01	6.592282966695936497e-02	3.391031909356265195e-02	2.653342817706298706e-02	6.066521434785948630e-03	1.239398433234638157e-02
1.935108085462113081e+02	5.188629397084171258e-01	3.326329448910554931e-01	6.745894793648721244e-02	3.504525866603473705e-02	2.692874071181820816e-02	6.245890425476440140e-03	1.282527766066425025e-02
1.983485787598666263e+02	5.167272842907980612e-01	3.311121365387537652e-01	6.899120134337934085e-02	3.616556040575467923e-02	2.732155358370264714e-02	6.424582337164411704e-03	1.325768150040056853e-02
2.031863489735219162e+02	5.145977340208002238e-01	3.296057229939307609e-01	7.051909628520630635e-02	3.727190729207153358e-02	2.771188119512488918e-02	6.602600113477357854e-03	1.369105809934245341e-02
2.080241191871772060e+02	5.124747904315465341e-01	3.281131297336949415e-01	7.204218494879115198e-02	3.836493206588710569e-02	2.809973865131909498e-02	6.779946540014422304e-03	1.412527762870032823e-02
2.128618894008324673e+02	5.103589053706555356e-01	3.266338283112297236e-01	7.356006161193526238e-02	3.944522113419716286e-02	2.848514167027427907e-02	6.956624257564933585e-03	1.456021764409671550e-02
2.176996596144877287e+02	5.082504853630424035e-01	3.251673323666431359e-01	7.507235923871681538e-02	4.051331816923810225e-02	2.886810650083766402e-02	7.132635774373543604e-03	1.499576258710193059e-02
2.225374298281430470e+02	5.061498955936247768e-01	3.237131939850887430e-01	7.657874634511700751e-02	4.156972742615399480e-02	2.924864984829402340e-02	7.307983477515640411e-03	1.543180332415938945e-02
2.273752000417983652e+02	5.040574635430249417e-01	3.222710003719165828e-01	7.807892411357048035e-02	4.261491680122539427e-02	2.962678880678178833e-02	7.482669643442764300e-03	1.586823671999172680e-02
2.322129702554535982e+02	5.019734823064785356e-01	3.208403708172472002e-01	7.957262373673118505e-02	4.364932065097442554e-02	3.000254079796060153e-02	7.656696447754021521e-03	1.630496524280782011e-02
2.370507404691088880e+02	4.998982136235317064e-01	3.194209539247651608e-01	8.105960397230592418e-02	4.467334239086920289e-02	3.037592351539434438e-02	7.830065974245939767e-03	1.674189659884153802e-02
2.418885106827641494e+02	4.978318906437064761e-01	3.180124250817225051e-01	8.253964889224481294e-02	4.568735689088392754e-02	3.074695487415884942e-02	8.002780223289913605e-03	1.717894339394725189e-02
2.467262808964194392e+02	4.957747204511222527e-01	3.166144841491475015e-01	8.401256581090067732e-02	4.669171268381919898e-02	3.111565296522501162e-02	8.174841119583220461e-03	1.761602282015586191e-02
2.515640511100747290e+02	4.937268863690609244e-01	3.152268533530813710e-01	8.547818337798800126e-02	4.768673400104107146e-02	3.148203601420578035e-02	8.346250519316653418e-03	1.805305636525988619e-02
2.564018213237300188e+02	4.916885500636357098e-01	3.138492753593376539e-01	8.693634982329363770e-02	4.867272264914951352e-02	3.184612234409037873e-02	8.517010216799045935e-03	1.848996954364771211e-02
2.612395915373852517e+02	4.896598534640559941e-01	3.124815115158010581e-01	8.838693134112418637e-02	4.964995974002820583e-02	3.220793034162084539e-02	8.687121950576297269e-03	1.892669164674700560e-02
2.660773617510405415e+02	4.876409205154577653e-01	3.111233402476761278e-01	8.982981060342605517e-02	5.061870728575261491e-02	3.256747842699510287e-02	8.856587409080129980e-03	1.936315551156579315e-02
2.709151319646958882e+02	4.856318587788782115e-01	3.097745555923658300e-01	9.126488539138993827e-02	5.157920966893427689e-02	3.292478502660748513e-02	9.025408235839429971e-03	1.979929730593840698e-02
2.757529021783511780e+02	4.836327608916858867e-01	3.084349658618198986e-01	9.269206733615753535e-02	5.253169499825067340e-02	3.327986854856206100e-02	9.193586034284891018e-03	2.023505632919260153e-02
2.805906723920064678e+02	4.816437059006166699e-01	3.071043924212523701e-01	9.411128075999102005e-02	5.347637635814658785e-02	3.363274736071650284e-02	9.361122372175626621e-03	2.067037482705476326e-02
2.854284426056617008e+02	4.796647604785094221e-01	3.057826685740936967e-01	9.552246160994923296e-02	5.441345296098906714e-02	3.398343977103471247e-02	9.528018785674533322e-03	2.110519781970278397e-02
2.902662128193169337e+02	4.776959800348697383e-01	3.044696385439261133e-01	9.692555647674409858e-02	5.534311120930956313e-02	3.433196401004519338e-02	9.694276783097349054e-03	2.153947294196148846e-02
2.951039830329722804e+02	4.757374097295061777e-01	3.031651565449556829e-01	9.832052169203044090e-02	5.626552567516888287e-02	3.467833821521944943e-02	9.859897848358755920e-03	2.197315029471417699e-02
2.999417532466276270e+02	4.737890853976822192e-01	3.018690859333115206e-01	9.970732249791638968e-02	5.718086000312978812e-02	3.502258041710023390e-02	1.002488344413718889e-02	2.240618230667624361e-02
3.047795234602828600e+02	4.718510343944882779e-01	3.005812984321322157e-01	1.010859322829724821e-01	5.808926774281422678e-02	3.536470852702414819e-02	1.018923501477866575e-02	2.283852360574355200e-02
3.096172936739380930e+02	4.699232763654705991e-01	2.993016734240135923e-01	1.024563318794709521e-01	5.899089311655410228e-02	3.570474032629612077e-02	1.035295398895846528e-02	2.327013089918972960e-02
3.144550638875934396e+02	4.680058239499380601e-01	2.980300973049527236e-01	1.038185089170027137e-01	5.988587172721322044e-02	3.604269345668545399e-02	1.051604178211829402e-02	2.370096286204315117e-02
3.192928341012487294e+02	4.660986834228122433e-01	2.967664628944307603e-01	1.051724572280040571e-01	6.077433121086042028e-02	3.637858541212427022e-02	1.067849979869525852e-02	2.413098003302659861e-02
3.241306043149040192e+02	4.642018552803729436e-01	2.955106688967473749e-01	1.065181763010779742e-01	6.165639183860750772e-02	3.671243353149918065e-02	1.084032943415797964e-02	2.456014471749058334e-02
3.289683745285592522e+02	4.623153347747858688e-01	2.942626194091427783e-01	1.078556707783207974e-01	6.253216707158791576e-02	3.704425499243653441e-02	1.100153207686397662e-02	2.498842089681569886e-02
3.338061447422145420e+02	4.604391124018746839e-01	2.930222234726324038e-01	1.091849499931643735e-01	6.340176407274063231e-02	3.737406680598991116e-02	1.116210910975159315e-02	2.541577414380000871e-02
3.386439149558698318e+02	4.585731743462099774e-01	2.917893946618358991e-01	1.105060275455201357e-01	6.426528417877715171e-02	3.770188581214637541e-02	1.132206191187873877e-02	2.584217154358531623e-02
3.434816851695251216e+02	4.567175028872340059e-01	2.905640507104034209e-01	1.118189209112656485e-01	6.512282333544483492e-02	3.802772867607524809e-02	1.148139185981989982e-02	2.626758161971054842e-02
3.483194553831804114e+02	4.548720767698150591e-01	2.893461131689401555e-01	1.131236510833479453e-01	6.597447249895620203e-02	3.835161188504958296e-02	1.164010032893205218e-02	2.669197426491257130e-02
3.531572255968357013e+02	4.530368715423315762e-01	2.881355070925989414e-01	1.144202422419940135e-01	6.682031800622902085e-02	3.867355174597653794e-02	1.179818869449938273e-02	2.711532067632409920e-02
3.579949958104909342e+02	4.512118598651140289e-01	2.869321607557573373e-01	1.157087214517168727e-01	6.766044191637535232e-02	3.899356438347841014e-02	1.195565833276599453e-02	2.753759329474550141e-02
3.628327660241463377e+02	4.493970117918287821e-01	2.857360053914210218e-01	1.169891183829887410e-01	6.849492232568654693e-02	3.931166573847102302e-02	1.211251062186517735e-02	2.795876574769221717e-02
3.676705362378016275e+02	4.475922950261601585e-01	2.845469749532003045e-01	1.182614650566211345e-01	6.932383365818543808e-02	3.962787156719075471e-02	1.226874694265313662e-02	2.837881279594259981e-02
3.725083064514568036e+02	4.457976751559452611e-01	2.833650058978944841e-01	1.195257956090464702e-01	7.014724693365481656e-02	3.994219744062583316e-02	1.242436867945459315e-02	2.879771028333211538e-02
3.773460766651120935e+02	4.440131158667250943e-01	2.821900369868894365e-01	1.207821460768391253e-01	7.096523001490206983e-02	4.025465874431125024e-02	1.257937722072709208e-02	2.921543508955950011e-02
3.821838468787673833e+02	4.422385791365071039e-01	2.810220091047307966e-01	1.220305541989448461e-01	7.177784783588189721e-02	4.056527067845021317e-02	1.273377395965036643e-02	2.963196508578836916e-02
3.870216170924226162e+02	4.404740254133758803e-01	2.798608650933773756e-01	1.232710592352086881e-01	7.258516261217216881e-02	4.087404825832834793e-02	1.288756029464666747e-02	3.004727909284443665e-02
3.918593873060780197e+02	4.387194137774486635e-01	2.787065496007693488e-01	1.245037017999032630e-01	7.338723403518110366e-02	4.118100631498974873e-02	1.304073762983754860e-02	3.046135684182385214e-02
3.966971575197332527e+02	4.369747020885392796e-01	2.775590089424654350e-01	1.257285237090619012e-01	7.418411945135597318e-02	4.148615949614670173e-02	1.319330737544214399e-02	3.087417893694216139e-02
4.015349277333884856e+02	4.352398471207768460e-01	2.764181909752114197e-01	1.269455678405154442e-01	7.497587402756428210e-02	4.178952226729745756e-02	1.334527094812168815e-02	3.128572682046654868e-02
4.063726979470438323e+02	4.335148046853176118e-01	2.752840449814013546e-01	1.281548780056190606e-01	7.576255090372666090e-02	4.209110891302859231e-02	1.349662977127463748e-02	3.169598273958582069e-02
4.112104681606991221e+02	4.317995297421877154e-01	2.741565215634833019e-01	1.293564988317355002e-01	7.654420133369631285e-02	4.239093353848066154e-02	1.364738527528641665e-02	3.210492971508387833e-02
4.160482383743544119e+02	4.300939765022046002e-01	2.730355725474445383e-01	1.305504756546148060e-01	7.732087481530210138e-02	4.268901007095771138e-02	1.379753889773758721e-02	3.251255151169239049e-02
4.208860085880095880e+02	4.283980985198436731e-01	2.719211508945856837e-01	1.317368544198791180e-01	7.809261921040042131e-02	4.298535226166299433e-02	1.394709208357385044e-02	3.291883261000791427e-02
4.257237788016648778e+02	4.267118487778391867e-01	2.708132106208624990e-01	1.329156815928834723e-01	7.885948085571521660e-02	4.327997368754474272e-02	1.409604628524117192e-02	3.332375817986733824e-02
4.305615490153201677e+02	4.250351797642411000e-01	2.697117067231372123e-01	1.340870040762811299e-01	7.962150466518425063e-02	4.357288775323745617e-02	1.424440296278894555e-02	3.372731405508352931e-02
4.353993192289755143e+02	4.233680435425865585e-01	2.686165951117380213e-01	1.352508691346756831e-01	8.037873422447369687e-02	4.386410769308530383e-02	1.439216358394400895e-02	3.412948670945033930e-02
4.402370894426308041e+02	4.217103918157863451e-01	2.675278325487783770e-01	1.364073243257905854e-01	8.113121187827143643e-02	4.415364657323571362e-02	1.453932962415801014e-02	3.453026323393310754e-02
4.450748596562860939e+02	4.200621759842761427e-01	2.664453765917346173e-01	1.375564174376318893e-01	8.187897881092155716e-02	4.444151729379201832e-02	1.468590256663052963e-02	3.492963131496683304e-02
4.499126298699413837e+02	4.184233471989322606e-01	2.653691855418248702e-01	1.386981964311621573e-01	8.262207512091856998e-02	4.472773259101539556e-02	1.483188390231011435e-02	3.532757921379016397e-02
4.547504000835967304e+02	4.167938564092101839e-01	2.642992183967722286e-01	1.398327093880405991e-01	8.336053988973957107e-02	4.501230503956698409e-02	1.497727512987525635e-02	3.572409574674865335e-02
4.595881702972519065e+02	4.151736544069227208e-01	2.632354348075701123e-01	1.409600044630211768e-01	8.409441124545474766e-02	4.529524705478206459e-02	1.512207775569716223e-02	3.611917026650545565e-02
4.644259405109071963e+02	4.135626918660390561e-01	2.621777950389029277e-01	1.420801298406311475e-01	8.482372642152283260e-02	4.557657089496897074e-02	1.526629329378606688e-02	3.651279264410245418e-02
4.692637107245624861e+02	4.119609193788526524e-01	2.611262599329036149e-01	1.431931336957841805e-01	8.554852181114552812e-02	4.585628866372605528e-02	1.540992326572263732e-02	3.690495325181886860e-02
4.741014809382177759e+02	4.103682874888353038e-01	2.600807908759587561e-01	1.442990641580081668e-01	8.626883301752644173e-02	4.613441231227068118e-02	1.555296920057598273e-02	3.729564294677818054e-02
4.789392511518730657e+02	4.087847467204677177e-01	2.590413497682962363e-01	1.453979692789943434e-01	8.698469490035272422e-02	4.641095364177486721e-02	1.569543263480957865e-02	3.768485305525794832e-02
4.837770213655284124e+02	4.072102476063105270e-01	2.580078989961138713e-01	1.464898970031970060e-01	8.769614161879255021e-02	4.668592430570278617e-02	1.583731511217640470e-02	3.807257535766024603e-02
4.886147915791837022e+02	4.056447407115579273e-01	2.569804014060283470e-01	1.475748951412344245e-01	8.840320667127915533e-02	4.695933581214558478e-02	1.597861818360439209e-02	3.845880207410354301e-02
4.934525617928388783e+02	4.040881766562940403e-01	2.559588202816433511e-01	1.486530113458625346e-01	8.910592293233064731e-02	4.723119952614982658e-02	1.611934340707327912e-02	3.884352585059967083e-02
4.982903320064942250e+02	4.025405061356538416e-01	2.549431193220528802e-01	1.497242930903093239e-01	8.980432268663539330e-02	4.750152667203589446e-02	1.625949234748385111e-02	3.922673974578207851e-02
5.031281022201495148e+02	4.010016799380717867e-01	2.539332626221119105e-01	1.507887876487769563e-01	9.049843766061491102e-02	4.777032833570329928e-02	1.639906657652043243e-02	3.960843721815398427e-02
5.079658724338048046e+02	3.994716489617857191e-01	2.529292146543210551e-01	1.518465420789318898e-01	9.118829905165969085e-02	4.803761546692015411e-02	1.653806767250749418e-02	3.998861211382725989e-02
5.128036426474600376e+02	3.979503642297504418e-01	2.519309402521859864e-01	1.528976032062186186e-01	9.187393755521795768e-02	4.830339888159428802e-02	1.667649722026111336e-02	4.036725865472490932e-02
5.176414128611153274e+02	3.964377769030991150e-01	2.509384045949229480e-01	1.539420176098461324e-01	9.255538338990344782e-02	4.856768926402385556e-02	1.681435681093599796e-02	4.074437142722184269e-02
5.224791830747705035e+02	3.949338382932808811e-01	2.499515731933947271e-01	1.549798316103075668e-01	9.323266632077531479e-02	4.883049716912558208e-02	1.695164804186869226e-02	4.111994537120051973e-02
5.273169532884259070e+02	3.934384998729915650e-01	2.489704118771700891e-01	1.560110912583045073e-01	9.390581568093119003e-02	4.909183302463881321e-02	1.708837251641759716e-02	4.149397576949952204e-02
5.321547235020811968e+02	3.919517132860024788e-01	2.479948867826097525e-01	1.570358423249582636e-01	9.457486039154373858e-02	4.935170713330411935e-02	1.722453184380028438e-02	4.186645823773461894e-02
5.369924937157364866e+02	3.904734303559855291e-01	2.470249643418902241e-01	1.580541302931999514e-01	9.523982898046050305e-02	4.961012967501501197e-02	1.736012763892865601e-02	4.223738871447337700e-02
5.418302639293917764e+02	3.890036030944228340e-01	2.460606112728842831e-01	1.590660003502388786e-01	9.590074959947769706e-02	4.986711070894179337e-02	1.749516152224234872e-02	4.260676345174548713e-02
5.466680341430470662e+02	3.875421837076812315e-01	2.451017945698246159e-01	1.600714973810178077e-01	9.655765004038999177e-02	5.012266017562652665e-02	1.762963511954085058e-02	4.297457900587225293e-02
5.515058043567023560e+02	3.860891246033265611e-01	2.441484814946826565e-01	1.610706659625707471e-01	9.721055774991033127e-02	5.037678789904848770e-02	1.776355006181465357e-02	4.334083222859982237e-02
5.563435745703576458e+02	3.846443783957433360e-01	2.432006395692014877e-01	1.620635503592051940e-01	9.785949984354648523e-02	5.062950358865930117e-02	1.789690798507582656e-02	4.370552025852159073e-02
5.611813447840129356e+02	3.832078979111232520e-01	2.422582365675260974e-01	1.630501945184377743e-01	9.850450311851431662e-02	5.088081684138730243e-02	1.802971053018827610e-02	4.406864051277625122e-02
5.660191149976681118e+02	3.817796361918770476e-01	2.413212405093798085e-01	1.640306420676172772e-01	9.914559406576141376e-02	5.113073714361075772e-02	1.816195934269805926e-02	4.443019067900891989e-02
5.708568852113234016e+02	3.803595465005216725e-01	2.403896196537403662e-01	1.650049363111751322e-01	9.978279888116924068e-02	5.137927387309958183e-02	1.829365607266390456e-02	4.479016870758332353e-02
5.756946554249786914e+02	3.789475823230897267e-01	2.394633424929721033e-01	1.659731202284473739e-01	1.004161434759964361e-01	5.162643630092528940e-02	1.842480237448826733e-02	4.514857280403398315e-02
5.805324256386339812e+02	3.775436973721028044e-01	2.385423777473759388e-01	1.669352364720172455e-01	1.010456534866209788e-01	5.187223359333910377e-02	1.855539990674906492e-02	4.550540142174800545e-02
5.853701958522892710e+02	3.761478455891489880e-01	2.376266943601206549e-01	1.678913273665317840e-01	1.016713542836347045e-01	5.211667481361813292e-02	1.868545033203232453e-02	4.586065325486656657e-02
5.902079660659445608e+02	3.747599811470987974e-01	2.367162614925239494e-01	1.688414349079486731e-01	1.022932709803393014e-01	5.235976892387959880e-02	1.881495531676590643e-02	4.621432723139694970e-02
5.950457362795999643e+02	3.733800584519928467e-01	2.358110485196522610e-01	1.697856007631748931e-01	1.029114284406891233e-01	5.260152478686313388e-02	1.894391653105444856e-02	4.656642250652646975e-02
5.998835064932552541e+02	3.720080321446306293e-01	2.349110250262134159e-01	1.707238662700593657e-01	1.035258512867226199e-01	5.284195116768135303e-02	1.907233564851566754e-02	4.691693845613009728e-02
6.047212767069104302e+02	3.706438571018870198e-01	2.340161608027162832e-01	1.716562724377077020e-01	1.041365639055210901e-01	5.308105673553868697e-02	1.920021434611817943e-02	4.726587467046414887e-02
6.095590469205657200e+02	3.692874884377816413e-01	2.331264258418755675e-01	1.725828599470871361e-01	1.047435904557302566e-01	5.331885006541885186e-02	1.932755430402089900e-02	4.761323094803876499e-02
6.143968171342210098e+02	3.679388815043231897e-01	2.322417903352405333e-01	1.735036691518943575e-01	1.053469548736774841e-01	5.355533963974106609e-02	1.945435720541414254e-02	4.795900728966234761e-02
6.192345873478761860e+02	3.665979918921494773e-01	2.313622246700290097e-01	1.744187400796601839e-01	1.059466808791149767e-01	5.379053384998531973e-02	1.958062473636253131e-02	4.830320389265157360e-02
6.240723575615315895e+02	3.652647754309822359e-01	2.304876994261494949e-01	1.753281124330670904e-01	1.065427919806169049e-01	5.402444099828692531e-02	1.970635858564975113e-02	4.864582114520072526e-02
6.289101277751868793e+02	3.639391881899124437e-01	2.296181853733954004e-01	1.762318255914583354e-01	1.071353114806561507e-01	5.425706929900079439e-02	1.983156044462523748e-02	4.898685962090478657e-02
6.337478979888421691e+02	3.626211864775334970e-01	2.287536534687973355e-01	1.771299186125185332e-01	1.077242624803845805e-01	5.448842688023568942e-02	1.995623200705286260e-02	4.932632007343069891e-02
6.385856682024975726e+02	3.613107268419354368e-01	2.278940748541198047e-01	1.780224302341072984e-01	1.083096678841386357e-01	5.471852178535876327e-02	2.008037496896165897e-02	4.966420343133155085e-02
6.434234384161527487e+02	3.600077660705732208e-01	2.270394208534911029e-01	1.789093988762296417e-01	1.088915504036906956e-01	5.494736197447089993e-02	2.020399102849859685e-02	5.000051079299902557e-02
6.482612086298080385e+02	3.587122611900210312e-01	2.261896629711545592e-01	1.797908626431271029e-01	1.094699325622646158e-01	5.517495532585313389e-02	2.032708188578352324e-02	5.033524342174917204e-02
6.530989788434633283e+02	3.574241694656234980e-01	2.253447728893320512e-01	1.806668593254766031e-01	1.100448366983330095e-01	5.540130963738460618e-02	2.044964924276620674e-02	5.066840274103721203e-02
6.579367490571185044e+02	3.561434484010536639e-01	2.245047224661896323e-01	1.815374264026829165e-01	1.106162849692118588e-01	5.562643262793243865e-02	2.057169480308556134e-02	5.099999032979720542e-02
6.627745192707737942e+02	3.548700557377862386e-01	2.236694837338979169e-01	1.824026010452542146e-01	1.111842993544674280e-01	5.585033193871393603e-02	2.069322027193106275e-02	5.133000791790242462e-02
6.676122894844290840e+02	3.536039494544955808e-01	2.228390288967788679e-01	1.832624201172491918e-01	1.117489016591488582e-01	5.607301513463164994e-02	2.081422735590636452e-02	5.165845738174274643e-02
6.724500596980843738e+02	3.523450877663836245e-01	2.220133303295324378e-01	1.841169201787862253e-01	1.123101135168590031e-01	5.629448970558157544e-02	2.093471776289509631e-02	5.198534073991533527e-02
6.772878299117396637e+02	3.510934291244471872e-01	2.211923605755364564e-01	1.849661374886054366e-01	1.128679563926751062e-01	5.651476306773504238e-02	2.105469320192890695e-02	5.231066014902519684e-02
6.821256001253949535e+02	3.498489322146888791e-01	2.203760923452140197e-01	1.858101080066759669e-01	1.134224515859299232e-01	5.673384256479468979e-02	2.117415538305769673e-02	5.263441789959219519e-02
6.869633703390502433e+02	3.486115559572781630e-01	2.195644985144632466e-01	1.866488673968402789e-01	1.139736202328631987e-01	5.695173546922497471e-02	2.129310601722207361e-02	5.295661641206147324e-02
6.918011405527055331e+02	3.473812595056676722e-01	2.187575521231441833e-01	1.874824510294892110e-01	1.145214833091525997e-01	5.716844898345768006e-02	2.141154681612800204e-02	5.327725823291408480e-02
6.966389107663608229e+02	3.461580022456690608e-01	2.179552263736188877e-01	1.883108939842615404e-01	1.150660616323324198e-01	5.738399024107281032e-02	2.152947949212366541e-02	5.359634603087505555e-02
7.014766809800161127e+02	3.449417437944933829e-01	2.171574946293400310e-01	1.891342310527621418e-01	1.156073758641078808e-01	5.759836630795539536e-02	2.164690575807850723e-02	5.391388259321604204e-02
7.063144511936714025e+02	3.437324439997593295e-01	2.163643304134849343e-01	1.899524967412939969e-01	1.161454465125722757e-01	5.781158418342855626e-02	2.176382732726443031e-02	5.422987082214982685e-02
7.111522214073266923e+02	3.425300629384728235e-01	2.155757074076311564e-01	1.907657252735990849e-01	1.166802939343335177e-01	5.802365080136335368e-02	2.188024591323919563e-02	5.454431373131421457e-02
7.159899916209819821e+02	3.413345609159816885e-01	2.147915994504709936e-01	1.915739505936041309e-01	1.172119383365560485e-01	5.823457303126578638e-02	2.199616322973193053e-02	5.485721444234272631e-02
7.208277618346371582e+02	3.401458984649082806e-01	2.140119805365614802e-01	1.923772063681674083e-01	1.177403997789241569e-01	5.844435767934141879e-02	2.211158099053077072e-02	5.516857618151981696e-02
7.256655320482924481e+02	3.389640363440619697e-01	2.132368248151078338e-01	1.931755259898230159e-01	1.182656981755315639e-01	5.865301148953807470e-02	2.222650090937262901e-02	5.547840227651826273e-02
7.305033022619478515e+02	3.377889355373352442e-01	2.124661065887777922e-01	1.939689425795195210e-01	1.187878532967023143e-01	5.886054114456692327e-02	2.234092469983501444e-02	5.578669615321651953e-02
7.353410724756030277e+02	3.366205572525844403e-01	2.116998003125444561e-01	1.947574889893504968e-01	1.193068847707474123e-01	5.906695326690254710e-02	2.245485407522995400e-02	5.609346133259397044e-02
7.401788426892584312e+02	3.354588629204980355e-01	2.109378805925559708e-01	1.955411978052737643e-01	1.198228120856612705e-01	5.927225441976223530e-02	2.256829074849993691e-02	5.639870142770201517e-02
7.450166129029136073e+02	3.343038141934535079e-01	2.101803221850301329e-01	1.963201013498178382e-01	1.203356545907619951e-01	5.947645110806502183e-02	2.268123643211587825e-02	5.670242014070889236e-02
7.498543831165690108e+02	3.331553729443652023e-01	2.094270999951719781e-01	1.970942316847728304e-01	1.208454314982787409e-01	5.967954977937085792e-02	2.279369283797708437e-02	5.700462126001656221e-02
7.546921533302243006e+02	3.320135012655244799e-01	2.086781890761133518e-01	1.978636206138646714e-01	1.213521618848897032e-01	5.988155682480027220e-02	2.290566167731318201e-02	5.730530865744758867e-02
7.595299235438793630e+02	3.308781614674332627e-01	2.079335646278727412e-01	1.986282996854102645e-01	1.218558646932136613e-01	6.008247857993494895e-02	2.301714466058800423e-02	5.760448628550036282e-02
7.643676937575347665e+02	3.297493160776323595e-01	2.071932019963339255e-01	1.993883001949531830e-01	1.223565587332578475e-01	6.028232132569963375e-02	2.312814349740538108e-02	5.790215817467091186e-02
7.692054639711900563e+02	3.286269278395261839e-01	2.064570766722426676e-01	2.001436531878774128e-01	1.228542626838248913e-01	6.048109128922567190e-02	2.323865989641684532e-02	5.819832843083960067e-02
7.740432341848452324e+02	3.275109597112040860e-01	2.057251642902202526e-01	2.008943894619989734e-01	1.233489950938810170e-01	6.067879464469669304e-02	2.334869556523116313e-02	5.849300123272115071e-02
7.788810043985006359e+02	3.264013748642598522e-01	2.049974406277925709e-01	2.016405395701341696e-01	1.238407743838879915e-01	6.087543751417661547e-02	2.345825221032576957e-02	5.878618082937639433e-02
7.837187746121558121e+02	3.252981366826102616e-01	2.042738816044344097e-01	2.023821338226433619e-01	1.243296188471006702e-01	6.107102596842055309e-02	2.356733153695995259e-02	5.907787153778420314e-02
7.885565448258112156e+02	3.242012087613127536e-01	2.035544632806275400e-01	2.031192022899498961e-01	1.248155466508323319e-01	6.126556602766879134e-02	2.367593524908987931e-02	5.936807774047225816e-02
7.933943150394665054e+02	3.231105549053839288e-01	2.028391618569323207e-01	2.038517748050333589e-01	1.252985758376892189e-01	6.145906366242432500e-02	2.378406504928534324e-02	5.965680388320501043e-02
7.982320852531219089e+02	3.220261391286186603e-01	2.021279536730718196e-01	2.045798809658965767e-01	1.257787243267763089e-01	6.165152479421424220e-02	2.389172263864826340e-02	5.994405447272767307e-02
8.030698554667769713e+02	3.209479256524108148e-01	2.014208152070278979e-01	2.053035501380063022e-01	1.262560099148755943e-01	6.184295529633528771e-02	2.399890971673289061e-02	6.022983407456478783e-02
8.079076256804323748e+02	3.198758789045760831e-01	2.007177230741487295e-01	2.060228114567066449e-01	1.267304502775984110e-01	6.203336099458395259e-02	2.410562798146768243e-02	6.051414731087201987e-02
8.127453958940876646e+02	3.188099635181772529e-01	2.000186540262672563e-01	2.067376938296054123e-01	1.272020629705132300e-01	6.222274766797143697e-02	2.421187912907885390e-02	6.079699885834004280e-02
8.175831661077428407e+02	3.177501443303525908e-01	1.993235849508295798e-01	2.074482259389330008e-01	1.276708654302498858e-01	6.241112104942378447e-02	2.431766485401551728e-02	6.107839344614911931e-02
8.224209363213982442e+02	3.166963863811470548e-01	1.986324928700338999e-01	2.081544362438735585e-01	1.281368749755816550e-01	6.259848682646751428e-02	2.442298684887646287e-02	6.135833585397335033e-02
8.272587065350534203e+02	3.156486549123477814e-01	1.979453549399782242e-01	2.088563529828686149e-01	1.286001088084861022e-01	6.278485064190103548e-02	2.452784680433849063e-02	6.163683091003324677e-02
8.320964767487085965e+02	3.146069153663230145e-01	1.972621484498177646e-01	2.095540041758927607e-01	1.290605840151857753e-01	6.297021809445220442e-02	2.463224640908629609e-02	6.191388348919565215e-02
8.369342469623640000e+02	3.135711333848658633e-01	1.965828508209305214e-01	2.102474176267015715e-01	1.295183175671695830e-01	6.315459473942226787e-02	2.473618734974386557e-02	6.218949851111978122e-02
8.417720171760191761e+02	3.125412748080417247e-01	1.959074396060916934e-01	2.109366209250519708e-01	1.299733263221957702e-01	6.333798608931652530e-02	2.483967131080739785e-02	6.246368093844838210e-02
8.466097873896745796e+02	3.115173056730411449e-01	1.952358924886557767e-01	2.116216414488945596e-01	1.304256270252774352e-01	6.352039761446194588e-02	2.494269997457966917e-02	6.273643577504295354e-02
8.514475576033297557e+02	3.104991922130372339e-01	1.945681872817467961e-01	2.123025063665386625e-01	1.308752363096508942e-01	6.370183474361208742e-02	2.504527502110584503e-02	6.300776806426194865e-02
8.562853278169851592e+02	3.094869008560482415e-01	1.939043019274559188e-01	2.129792426387897841e-01	1.313221706977282521e-01	6.388230286453949747e-02	2.514739812811073172e-02	6.327768288728101431e-02
8.611230980306403353e+02	3.084803982238053521e-01	1.932442144960462849e-01	2.136518770210597273e-01	1.317664466020342096e-01	6.406180732461604077e-02	2.524907097093741573e-02	6.354618536145437147e-02
8.659608682442956251e+02	3.074796511306258084e-01	1.925879031851649714e-01	2.143204360654497043e-01	1.322080803261282411e-01	6.424035343138118082e-02	2.535029522248727352e-02	6.381328063871619105e-02
8.707986384579510286e+02	3.064846265822916971e-01	1.919353463190618392e-01	2.149849461228063863e-01	1.326470880655122586e-01	6.441794645309867340e-02	2.545107255316132397e-02	6.407897390402121640e-02
8.756364086716062047e+02	3.054952917749338970e-01	1.912865223478150967e-01	2.156454333447513916e-01	1.330834859085246180e-01	6.459459161930179716e-02	2.555140463080291316e-02	6.434327037382372994e-02
8.804741788852616082e+02	3.045116140939221894e-01	1.906414098465631368e-01	2.163019236856841832e-01	1.335172898372208317e-01	6.477029412132749575e-02	2.565129312064171399e-02	6.460617529459385111e-02
8.853119490989170117e+02	3.035335611127610300e-01	1.899999875147428963e-01	2.169544429047588208e-01	1.339485157282415129e-01	6.494505911283955657e-02	2.575073968523898180e-02	6.486769394137048561e-02
8.901497193125721878e+02	3.025611005919910945e-01	1.893622341753342653e-01	2.176030165678348449e-01	1.343771793536680248e-01	6.511889171034107582e-02	2.584974598443406588e-02	6.512783161634994045e-02
8.949874895262273640e+02	3.015942004780962638e-01	1.887281287741105762e-01	2.182476700494022370e-01	1.348032963818661112e-01	6.529179699367654299e-02	2.594831367529218044e-02	6.538659364750942782e-02
8.998252597398827675e+02	3.006328289024173817e-01	1.880976503788948095e-01	2.188884285344812053e-01	1.352268823783179807e-01	6.546378000652369744e-02	2.604644441205336211e-02	6.564398538726483323e-02
9.046630299535379436e+02	2.996769541800716197e-01	1.874707781788218230e-01	2.195253170204967963e-01	1.356479528064434281e-01	6.563484575687532352e-02	2.614413984608262437e-02	6.590001221116167929e-02
9.095008001671932334e+02	2.987265448088774478e-01	1.868474914836059098e-01	2.201583603191287208e-01	1.360665230284098526e-01	6.580499921751135906e-02	2.624140162582129857e-02	6.615467951659875778e-02
9.143385703808486369e+02	2.977815694682861558e-01	1.862277697228141016e-01	2.207875830581365884e-01	1.364826083059320072e-01	6.597424532646140038e-02	2.633823139673948863e-02	6.640799272158356970e-02
9.191763405945038130e+02	2.968419970183195367e-01	1.856115924451446630e-01	2.214130096831611605e-01	1.368962238010614230e-01	6.614258898745790927e-02	2.643463080128968454e-02	6.665995726351894857e-02
9.240141108081592165e+02	2.959077964985129539e-01	1.849989393177111918e-01	2.220346644595015129e-01	1.373073845769659795e-01	6.631003507038013556e-02	2.653060147886145137e-02	6.691057859802007624e-02
9.288518810218145063e+02	2.949789371268651816e-01	1.843897901253315763e-01	2.226525714738687989e-01	1.377161055986999838e-01	6.647658841168929689e-02	2.662614506573725628e-02	6.715986219776122479e-02
9.336896512354697961e+02	2.940553882987940182e-01	1.837841247698223657e-01	2.232667546361166155e-01	1.381224017339647003e-01	6.664225381485483490e-02	2.672126319504928779e-02	6.740781355135157249e-02
9.385274214491247449e+02	2.931371195860977830e-01	1.831819232692980248e-01	2.238772376809486653e-01	1.385262877538598614e-01	6.680703605077221996e-02	2.681595749673740953e-02	6.765443816223941365e-02
9.433651916627801484e+02	2.922241007359234199e-01	1.825831657574752132e-01	2.244840441696036859e-01	1.389277783336263783e-01	6.697093985817237360e-02	2.691022959750805424e-02	6.789974154764419345e-02
9.482029618764355519e+02	2.913163016697401519e-01	1.819878324829820593e-01	2.250871974915180374e-01	1.393268880533803378e-01	6.713396994402287543e-02	2.700408112079421413e-02	6.814372923751560451e-02
9.530407320900908417e+02	2.904136924823195742e-01	1.813959038086719322e-01	2.256867208659665280e-01	1.397236313988384493e-01	6.729613098392121795e-02	2.709751368671634020e-02	6.838640677351923158e-02
9.578785023037459041e+02	2.895162434407212992e-01	1.808073602109422640e-01	2.262826373436815364e-01	1.401180227620354990e-01	6.745742762248019275e-02	2.719052891204428238e-02	6.862777970804818939e-02
9.627162725174014213e+02	2.886239249832853182e-01	1.802221822790580075e-01	2.268749698084506494e-01	1.405100764420335047e-01	6.761786447370567166e-02	2.728312841016014567e-02	6.886785360325994865e-02
9.675540427310568248e+02	2.877367077186296918e-01	1.796403507144796463e-01	2.274637409786936515e-01	1.408998066456231546e-01	6.777744612136683833e-02	2.737531379102210727e-02	6.910663403013814210e-02
9.723918129447120009e+02	2.868545624246547909e-01	1.790618463301956731e-01	2.280489734090184462e-01	1.412872274880175860e-01	6.793617711935921732e-02	2.746708666112912881e-02	6.934412656757840687e-02
9.772295831583674044e+02	2.859774600475529782e-01	1.784866500500597863e-01	2.286306894917569943e-01	1.416723529935385029e-01	6.809406199206044508e-02	2.755844862348660190e-02	6.958033680149793010e-02
9.820673533720223531e+02	2.851053717008246724e-01	1.779147429081325005e-01	2.292089114584808518e-01	1.420551970962950772e-01	6.825110523467904644e-02	2.764940127757285759e-02	6.981527032396825372e-02
9.869051235856777566e+02	2.842382686643000200e-01	1.773461060480268914e-01	2.297836613814973339e-01	1.424357736408555231e-01	6.840731131359645278e-02	2.773994621930657434e-02	7.004893273237050577e-02
9.917428937993331601e+02	2.833761223831666176e-01	1.767807207222591714e-01	2.303549611753257786e-01	1.428140963829116761e-01	6.856268466670223383e-02	2.783008504101499789e-02	7.028132962857282229e-02
9.965806640129884499e+02	2.825189044670030625e-01	1.762185682916031504e-01	2.309228325981551588e-01	1.431901789899365784e-01	6.871722970372289019e-02	2.791981933140304933e-02	7.051246661812937688e-02
1.001418434226643626e+03	2.816665866888184433e-01	1.756596302244490260e-01	2.314872972532824869e-01	1.435640350418354028e-01	6.887095080654416501e-02	2.800915067552322071e-02	7.074234930950054623e-02
1.006256204440298802e+03	2.808191409840972708e-01	1.751038880961664768e-01	2.320483765905330398e-01	1.439356780315894924e-01	6.902385232952713834e-02	2.809808065474630676e-02	7.097098331329358689e-02
1.011093974653954206e+03	2.799765394498505700e-01	1.745513235884720293e-01	2.326060919076619049e-01	1.443051213658940735e-01	6.917593859981818749e-02	2.818661084673291031e-02	7.119837424152367089e-02
1.015931744867609382e+03	2.791387543436724683e-01	1.740019184888003112e-01	2.331604643517378728e-01	1.446723783657894724e-01	6.932721391765296615e-02	2.827474282540572495e-02	7.142452770689448893e-02
1.020769515081264785e+03	2.783057580828028899e-01	1.734556546896794393e-01	2.337115149205096776e-01	1.450374622672860325e-01	6.947768255665454085e-02	2.836247816092261204e-02	7.164944932209812989e-02
1.025607285294920075e+03	2.774775232431951899e-01	1.729125141881106276e-01	2.342592644637545851e-01	1.454003862219827581e-01	6.962734876412590701e-02	2.844981841965040295e-02	7.187314469913390347e-02
1.030445055508575479e+03	2.766540225585901180e-01	1.723724790849515687e-01	2.348037336846102163e-01	1.457611632976799076e-01	6.977621676133666240e-02	2.853676516413943334e-02	7.209561944864545380e-02
1.035282825722230655e+03	2.758352289195951101e-01	1.718355315843039799e-01	2.353449431408892456e-01	1.461198064789857864e-01	6.992429074380450416e-02	2.862331995309881638e-02	7.231687917927596965e-02
1.040120595935886058e+03	2.750211153727691316e-01	1.713016539929049509e-01	2.358829132463776124e-01	1.464763286679172938e-01	7.007157488157118863e-02	2.870948434137243765e-02	7.253692949704082515e-02
1.044958366149541234e+03	2.742116551197131269e-01	1.707708287195221497e-01	2.364176642721165511e-01	1.468307426844950303e-01	7.021807331947334252e-02	2.879525987991560926e-02	7.275577600471756778e-02
1.049796136363196410e+03	2.734068215161661319e-01	1.702430382743530257e-01	2.369492163476684676e-01	1.471830612673325211e-01	7.036379017740811148e-02	2.888064811577244553e-02	7.297342430125260127e-02
1.054633906576851814e+03	2.726065880711065481e-01	1.697182652684278703e-01	2.374775894623669670e-01	1.475332970742198602e-01	7.050872955059386826e-02	2.896565059205388759e-02	7.318987998118434146e-02
1.059471676790506763e+03	2.718109284458588015e-01	1.691964924130164305e-01	2.380028034665515047e-01	1.478814626827018031e-01	7.065289550982603584e-02	2.905026884791639744e-02	7.340514863408234558e-02
1.064309447004162394e+03	2.710198164532060527e-01	1.686777025190384915e-01	2.385248780727866891e-01	1.482275705906505314e-01	7.079629210172805331e-02	2.913450441854129047e-02	7.361923584400217879e-02
1.069147217217817570e+03	2.702332260565075139e-01	1.681618784964781232e-01	2.390438328570665127e-01	1.485716332168330600e-01	7.093892334899774832e-02	2.921835883511472026e-02	7.383214718895557416e-02
1.073984987431472746e+03	2.694511313688217058e-01	1.676490033538015623e-01	2.395596872600038729e-01	1.489136629014732038e-01	7.108079325064908804e-02	2.930183362480826698e-02	7.404388824039556671e-02
1.078822757645127922e+03	2.686735066520344883e-01	1.671390601973790080e-01	2.400724605880053819e-01	1.492536719068084938e-01	7.122190578224950330e-02	2.938493031076013992e-02	7.425446456271624085e-02
