1.161064851277267962e+03	2.542165798216663997e-01	1.634655911786087878e-01	2.471084323054318910e-01	1.539475144180598443e-01	7.304040283505307263e-02	2.950276229492328900e-02	7.871871714576170187e-02
1.165902621490923138e+03	2.535002165273435026e-01	1.629691453138710500e-01	2.476052563125202000e-01	1.542833396273568525e-01	7.316946433904202018e-02	2.958853242806806089e-02	7.888404545130334178e-02
1.170740391704578315e+03	2.527881398189629203e-01	1.624756166457199946e-01	2.480979537594650286e-01	1.546167829888428491e-01	7.329796027620055776e-02	2.967407676057508617e-02	7.904946974973861562e-02
1.175578161918233945e+03	2.520803218962448522e-01	1.619849877936111460e-01	2.485865956639437824e-01	1.549478696717288828e-01	7.342589062220811202e-02	2.975938998214875883e-02	7.921494436961952490e-02
1.180415932131889122e+03	2.513767352216618178e-01	1.614972414880004314e-01	2.490712507818894639e-01	1.552766243174462379e-01	7.355325542065012379e-02	2.984446700931952731e-02	7.938042576053754018e-02
1.185253702345544298e+03	2.506773525149924575e-01	1.610123605693544180e-01	2.495519856944005688e-01	1.556030710570751874e-01	7.368005478086223081e-02	2.992930297737912346e-02	7.954587240544115645e-02
1.190091472559199701e+03	2.499821467480631554e-01	1.605303279871796440e-01	2.500288648911860312e-01	1.559272335281079169e-01	7.380628887584381181e-02	3.001389323261587777e-02	7.971124473650868791e-02
1.194929242772855105e+03	2.492910911396694074e-01	1.600511267990702424e-01	2.505019508506838855e-01	1.562491348905716004e-01	7.393195794023867118e-02	3.009823332483848105e-02	7.987650505443280591e-02
1.199767012986510281e+03	2.486041591506703563e-01	1.595747401697737156e-01	2.509713041169875924e-01	1.565687978425369942e-01	7.405706226838026929e-02	3.018231900017701377e-02	8.004161745097912450e-02
1.204604783200165684e+03	2.479213244792497495e-01	1.591011513702737246e-01	2.514369833737081783e-01	1.568862446350373085e-01	7.418160221239915308e-02	3.026614619415050195e-02	8.020654773468649523e-02
1.209442553413820860e+03	2.472425610563364073e-01	1.586303437768897817e-01	2.518990455148951146e-01	1.572014970864202554e-01	7.430557818039063012e-02	3.034971102499067069e-02	8.037126335958230672e-02
1.214280323627476264e+03	2.465678430411787359e-01	1.581623008703929301e-01	2.523575457131341793e-01	1.575145765961560862e-01	7.442899063464020193e-02	3.043300978721201477e-02	8.053573335679102552e-02
1.219118093841131440e+03	2.458971448170663432e-01	1.576970062351372437e-01	2.528125374849360396e-01	1.578255041581229923e-01	7.455184008990495270e-02	3.051603894541863454e-02	8.069992826891894677e-02
1.223955864054786844e+03	2.452304409871939594e-01	1.572344435582062883e-01	2.532640727535233616e-01	1.581343003733906849e-01	7.467412711174879758e-02	3.059879512833876131e-02	8.086382008710329972e-02
1.228793634268442020e+03	2.445677063706613308e-01	1.567745966285741810e-01	2.537122019091219705e-01	1.584409854625218050e-01	7.479585231492975883e-02	3.068127512307810764e-02	8.102738219061790537e-02
1.233631404482097196e+03	2.439089159986045086e-01	1.563174493362809725e-01	2.541569738668557066e-01	1.587455792774105645e-01	7.491701636183738244e-02	3.076347586958370559e-02	8.119058928893220506e-02
1.238469174695752372e+03	2.432540451104528989e-01	1.558629856716216011e-01	2.545984361223408987e-01	1.590481013126764931e-01	7.503761996097850495e-02	3.084539445531006910e-02	8.135341736612457242e-02
1.243306944909407548e+03	2.426030691503075210e-01	1.554111897243480589e-01	2.550366348050738252e-01	1.593485707166311938e-01	7.515766386550983003e-02	3.092702811007992311e-02	8.151584362755470714e-02
1.248144715123063179e+03	2.419559637634356997e-01	1.549620456828846304e-01	2.554716147296983153e-01	1.596470063018348706e-01	7.527714887181552461e-02	3.100837420113206414e-02	8.167784644870400290e-02
1.252982485336718355e+03	2.413127047928776969e-01	1.545155378335554275e-01	2.559034194452398103e-01	1.599434265552586720e-01	7.539607581812830805e-02	3.108943022834911515e-02	8.183940532609608465e-02
1.257820255550373531e+03	2.406732682761609787e-01	1.540716505598239416e-01	2.563320912823868203e-01	1.602378496480687253e-01	7.551444558319261868e-02	3.117019381965832267e-02	8.200050083021372116e-02
1.262658025764028707e+03	2.400376304421178997e-01	1.536303683415444210e-01	2.567576713988981019e-01	1.605302934450463515e-01	7.563225908496828964e-02	3.125066272659879352e-02	8.216111456033120541e-02
1.267495795977684338e+03	2.394057677078030022e-01	1.531916757542244878e-01	2.571801998232112751e-01	1.608207755136591977e-01	7.574951727937340173e-02	3.133083482004875298e-02	8.232122910118494508e-02
1.272333566191339514e+03	2.387776566755059060e-01	1.527555574682988304e-01	2.575997154963239888e-01	1.611093131327966388e-01	7.586622115906491159e-02	3.141070808610677001e-02	8.248082798140794758e-02
1.277171336404994690e+03	2.381532741298563183e-01	1.523219982484134427e-01	2.580162563120184105e-01	1.613959233011830474e-01	7.598237175225590334e-02	3.149028062212105156e-02	8.263989563365684021e-02
1.282009106618650094e+03	2.375325970350175286e-01	1.518909829527203270e-01	2.584298591554937685e-01	1.616806227454811729e-01	7.609797012156803431e-02	3.156955063286118884e-02	8.279841735636300770e-02
1.286846876832305497e+03	2.369156025319648917e-01	1.514624965321822447e-01	2.588405599404722812e-01	1.619634279280982303e-01	7.621301736291805073e-02	3.164851642682690175e-02	8.295637927704245518e-02
1.291684647045960673e+03	2.363022679358464662e-01	1.510365240298869871e-01	2.592483936448386483e-01	1.622443550547059965e-01	7.632751460443737423e-02	3.172717641268863603e-02	8.311376831710091950e-02
1.296522417259616077e+03	2.356925707334222020e-01	1.506130505803714437e-01	2.596533943448725568e-01	1.625234200814864305e-01	7.644146300542331574e-02	3.180552909585494803e-02	8.327057215807412427e-02
1.301360187473271253e+03	2.350864885805789561e-01	1.501920614089546357e-01	2.600555952481299338e-01	1.628006387221132834e-01	7.655486375532119525e-02	3.188357307516195144e-02	8.342677920924509993e-02
1.306197957686926657e+03	2.344839992999185052e-01	1.497735418310797151e-01	2.604550287250275709e-01	1.630760264544802718e-01	7.666771807273610462e-02	3.196130703968010078e-02	8.358237857658276648e-02
1.311035727900581833e+03	2.338850808784156132e-01	1.493574772516647609e-01	2.608517263391831875e-01	1.633495985271856688e-01	7.678002720447348051e-02	3.203872976563402336e-02	8.373736003294836305e-02
1.315873498114237009e+03	2.332897114651436288e-01	1.489438531644617925e-01	2.612457188765600069e-01	1.636213699657827203e-01	7.689179242460733588e-02	3.211584011343100037e-02	8.389171398951854319e-02
1.320711268327892412e+03	2.326978693690650024e-01	1.485326551514242477e-01	2.616370363734650817e-01	1.638913555788052145e-01	7.700301503357551147e-02	3.219263702479408656e-02	8.404543146837589740e-02
1.325549038541547588e+03	2.321095330568845316e-01	1.481238688820822047e-01	2.620257081434453350e-01	1.641595699635767791e-01	7.711369635730078165e-02	3.226911951999590633e-02	8.419850407621953803e-02
1.330386808755202765e+03	2.315246811509624747e-01	1.477174801129255144e-01	2.624117628031275018e-01	1.644260275118125114e-01	7.722383774633710674e-02	3.234528669518937916e-02	8.435092397915056051e-02
1.335224578968857941e+03	2.309432924272857290e-01	1.473134746867943989e-01	2.627952282970429931e-01	1.646907424150210741e-01	7.733344057504031033e-02	3.242113771983164833e-02	8.450268387848887397e-02
1.340062349182513572e+03	2.303653458134948262e-01	1.469118385322775999e-01	2.631761319214784289e-01	1.649537286697145555e-01	7.744250624076204348e-02	3.249667183419788219e-02	8.465377698757967084e-02
1.344900119396168748e+03	2.297908203869646337e-01	1.465125576631172433e-01	2.635545003473913073e-01	1.652150000824343101e-01	7.755103616306675829e-02	3.257188834698141605e-02	8.480419700954937301e-02
1.349737889609823924e+03	2.292196953729364883e-01	1.461156181776213092e-01	2.639303596424276144e-01	1.654745702745992753e-01	7.765903178297049736e-02	3.264678663297714695e-02	8.495393811597268252e-02
1.354575659823479100e+03	2.286519501427005385e-01	1.457210062580823196e-01	2.643037352920780125e-01	1.657324526871841452e-01	7.776649456220112444e-02	3.272136613084501711e-02	8.510299492641400232e-02
1.359413430037134731e+03	2.280875642118255775e-01	1.453287081702029360e-01	2.646746522200060237e-01	1.659886605852333441e-01	7.787342598247908032e-02	3.279562634095061630e-02	8.525136248880753331e-02
1.364251200250789907e+03	2.275265172384353940e-01	1.449387102625281087e-01	2.650431348075827920e-01	1.662432070622180957e-01	7.797982754481828926e-02	3.286956682328006502e-02	8.539903626064233866e-02
1.369088970464445310e+03	2.269687890215294213e-01	1.445509989658832484e-01	2.654092069126584574e-01	1.664961050442417545e-01	7.808570076884618905e-02	3.294318719542638912e-02	8.554601209091962366e-02
1.373926740678100487e+03	2.264143594993462405e-01	1.441655607928187255e-01	2.657728918876019475e-01	1.667473672940997242e-01	7.819104719214263477e-02	3.301648713064479768e-02	8.569228620285103404e-02
1.378764510891755890e+03	2.258632087477684680e-01	1.437823823370602827e-01	2.661342125966378869e-01	1.669970064151994893e-01	7.829586836959685769e-02	3.308946635597424107e-02	8.583785517726788550e-02
1.383602281105411066e+03	2.253153169787673049e-01	1.434014502729654694e-01	2.664931914325086582e-01	1.672450348553461141e-01	7.840016587278215987e-02	3.316212465042288338e-02	8.598271593671255597e-02
1.388440051319066470e+03	2.247706645388855007e-01	1.430227513549856000e-01	2.668498503324885363e-01	1.674914649103985409e-01	7.850394128934740090e-02	3.323446184321511565e-02	8.612686573018447922e-02
1.393277821532721646e+03	2.242292319077572871e-01	1.426462724171332075e-01	2.672042107937764310e-01	1.677363087278012366e-01	7.860719622242520743e-02	3.330647781209782748e-02	8.627030211851398345e-02
1.398115591746377049e+03	2.236909996966638114e-01	1.422720003724553539e-01	2.675562938882907749e-01	1.679795783099965745e-01	7.870993229005603109e-02	3.337817248170380641e-02	8.641302296033878672e-02
1.402953361960032225e+03	2.231559486471230980e-01	1.418999222125118809e-01	2.679061202768918126e-01	1.682212855177219468e-01	7.881215112462776340e-02	3.344954582197013498e-02	8.655502639865848835e-02
1.407791132173687402e+03	2.226240596295128993e-01	1.415300250068590726e-01	2.682537102230528880e-01	1.684614420731963824e-01	7.891385437233039424e-02	3.352059784660961494e-02	8.669631084794382492e-02
1.412628902387342805e+03	2.220953136417256335e-01	1.411622959025382318e-01	2.685990836060039300e-01	1.687000595632007771e-01	7.901504369262521421e-02	3.359132861163328237e-02	8.683687498177800057e-02
1.417466672600997981e+03	2.215696918078541022e-01	1.407967221235695288e-01	2.689422599333667896e-01	1.689371494420557340e-01	7.911572075772813073e-02	3.366173821392211274e-02	8.697671772100862286e-02
1.422304442814653157e+03	2.210471753769068792e-01	1.404332909704504584e-01	2.692832583533041335e-01	1.691727230345009825e-01	7.921588725210676474e-02	3.373182678984624344e-02	8.711583822238955221e-02
1.427142213028308333e+03	2.205277457215522596e-01	1.400719898196592372e-01	2.696220976662000446e-01	1.694067915384802614e-01	7.931554487199078685e-02	3.380159451392984044e-02	8.725423586769258388e-02
1.431979983241963964e+03	2.200113843368901589e-01	1.397128061231627527e-01	2.699587963358917597e-01	1.696393660278348037e-01	7.941469532489515981e-02	3.387104159756013089e-02	8.739191025327024132e-02
1.436817753455619140e+03	2.194980728392504077e-01	1.393557274079292030e-01	2.702933725004702525e-01	1.698704574549095569e-01	7.951334032915585714e-02	3.394016828773884636e-02	8.752886118005095972e-02
1.441655523669274316e+03	2.189877929650168586e-01	1.390007412754451499e-01	2.706258439826663698e-01	1.701000766530746666e-01	7.961148161347786356e-02	3.400897486587470958e-02	8.766508864394947920e-02
1.446493293882929493e+03	2.184805265694764187e-01	1.386478354012370129e-01	2.709562282998399518e-01	1.703282343391662179e-01	7.970912091649480502e-02	3.407746164661536181e-02	8.780059282667528053e-02
1.451331064096585123e+03	2.179762556256922557e-01	1.382969975343968649e-01	2.712845426735865928e-01	1.705549411158486517e-01	7.980625998634015283e-02	3.414562897671741259e-02	8.793537408692310431e-02
1.456168834310240300e+03	2.174749622233998481e-01	1.379482154971123642e-01	2.716108040389781930e-01	1.707802074739019904e-01	7.990290058022950226e-02	3.421347723395320312e-02	8.806943295192988519e-02
1.461006604523895703e+03	2.169766285679256279e-01	1.376014771842010709e-01	2.719350290534513492e-01	1.710040437944369829e-01	7.999904446405359248e-02	3.428100682605302735e-02	8.820277010938334938e-02
1.465844374737550879e+03	2.164812369791272173e-01	1.372567705626484558e-01	2.722572341053576817e-01	1.712264603510404992e-01	8.009469341198185988e-02	3.434821818968146478e-02	8.833538639966781458e-02
1.470682144951206283e+03	2.159887698903546760e-01	1.369140836711502385e-01	2.725774353221896429e-01	1.714474673118538406e-01	8.018984920607626077e-02	3.441511178944672150e-02	8.846728280843361991e-02
1.475519915164861459e+03	2.154992098474317330e-01	1.365734046196585283e-01	2.728956485784945207e-01	1.716670747415867115e-01	8.028451363591480872e-02	3.448168811694173747e-02	8.859846045947698812e-02
1.480357685378516862e+03	2.150125395076567525e-01	1.362347215889317398e-01	2.732118895034891803e-01	1.718852926034689366e-01	8.037868849822485395e-02	3.454794768981601233e-02	8.872892060791762181e-02
1.485195455592172038e+03	2.145287416388223789e-01	1.358980228300883664e-01	2.735261734883872031e-01	1.721021307611425299e-01	8.047237559652568872e-02	3.461389105087697010e-02	8.885866463366196011e-02
1.490033225805827215e+03	2.140477991182536677e-01	1.355632966641644732e-01	2.738385156934501352e-01	1.723175989804960340e-01	8.056557674078024256e-02	3.467951876721995369e-02	8.898769403514057708e-02
1.494870996019482618e+03	2.135696949318636184e-01	1.352305314816747706e-01	2.741489310547735037e-01	1.725317069314436236e-01	8.065829374705553445e-02	3.474483142938571134e-02	8.911601042330828670e-02
1.499708766233137567e+03	2.130944121732259999e-01	1.348997157421773507e-01	2.744574342908180919e-01	1.727444641896505595e-01	8.075052843719186801e-02	3.480982965054457701e-02	8.924361551589665709e-02
1.504546536446793198e+03	2.126219340426645510e-01	1.345708379738418670e-01	2.747640399086967444e-01	1.729558802382073768e-01	8.084228263848014517e-02	3.487451406570627604e-02	8.937051113190813689e-02
1.509384306660448374e+03	2.121522438463582239e-01	1.342438867730213203e-01	2.750687622102264696e-01	1.731659644692545019e-01	8.093355818334754814e-02	3.493888533095455134e-02	8.949669918634253762e-02
1.514222076874103550e+03	2.116853249954618599e-01	1.339188508038270109e-01	2.753716152977546683e-01	1.733747261855591859e-01	8.102435690905099297e-02	3.500294412270568700e-02	8.962218168514578254e-02
1.519059847087758726e+03	2.112211610052419086e-01	1.335957187977072080e-01	2.756726130797689245e-01	1.735821746020463074e-01	8.111468065737821587e-02	3.506669113699022178e-02	8.974696072037240124e-02
1.523897617301414357e+03	2.107597354942266632e-01	1.332744795530287352e-01	2.759717692762986285e-01	1.737883188472850171e-01	8.120453127435652008e-02	3.513012708875692253e-02	8.987103846555273556e-02
1.528735387515069533e+03	2.103010321833703733e-01	1.329551219346621072e-01	2.762690974241165942e-01	1.739931679649326379e-01	8.129391060996857266e-02	3.519325271119836535e-02	8.999441717125652995e-02
1.533573157728724709e+03	2.098450348952313471e-01	1.326376348735696653e-01	2.765646108817489401e-01	1.741967309151374044e-01	8.138282051787554261e-02	3.525606875509727789e-02	9.011709916084495453e-02
1.538410927942380113e+03	2.093917275531627376e-01	1.323220073663970708e-01	2.768583228343003411e-01	1.743990165759015942e-01	8.147126285514685873e-02	3.531857598819305305e-02	9.023908682640346957e-02
1.543248698156035516e+03	2.089410941805166511e-01	1.320082284750676849e-01	2.771502462981020876e-01	1.746000337444063022e-01	8.155923948199690632e-02	3.538077519456771236e-02	9.036038262484785699e-02
1.548086468369690692e+03	2.084931188998600804e-01	1.316962873263801681e-01	2.774403941251900596e-01	1.747997911382995762e-01	8.164675226152821874e-02	3.544266717405057665e-02	9.048098907419656334e-02
1.552924238583346096e+03	2.080477859322034384e-01	1.313861731116091058e-01	2.777287790076192753e-01	1.749982973969488043e-01	8.173380305948088620e-02	3.550425274164114436e-02	9.060090875000260946e-02
1.557762008797001272e+03	2.076050795962403883e-01	1.310778750861084363e-01	2.780154134816213984e-01	1.751955610826589071e-01	8.182039374398840381e-02	3.556553272694949752e-02	9.072014428193822533e-02
1.562599779010656675e+03	2.071649843075990538e-01	1.307713825689180709e-01	2.783003099316112006e-01	1.753915906818575288e-01	8.190652618533934837e-02	3.562650797365363164e-02	9.083869835052632569e-02
1.567437549224311852e+03	2.067274845781042480e-01	1.304666849423731512e-01	2.785834805940484715e-01	1.755863946062483361e-01	8.199220225574513354e-02	3.568717933897323086e-02	9.095657368401259546e-02
1.572275319437967255e+03	2.062925650150503054e-01	1.301637716517164145e-01	2.788649375611599868e-01	1.757799811939335377e-01	8.207742382911333012e-02	3.574754769315919428e-02	9.107377305537245338e-02
1.577113089651622431e+03	2.058602103204843770e-01	1.298626322047131132e-01	2.791446927845281922e-01	1.759723587105067599e-01	8.216219278082670385e-02	3.580761391899858759e-02	9.119029927944746761e-02
1.581950859865277607e+03	2.054304052904996625e-01	1.295632561712689867e-01	2.794227580785516585e-01	1.761635353501173062e-01	8.224651098752763789e-02	3.586737891133433970e-02	9.130615521020570002e-02
1.586788630078933011e+03	2.050031348145384680e-01	1.292656331830507044e-01	2.796991451237810233e-01	1.763535192365067450e-01	8.233038032690792596e-02	3.592684357659924749e-02	9.142134373812121906e-02
1.591626400292587959e+03	2.045783838747046723e-01	1.289697529331092496e-01	2.799738654701373064e-01	1.765423184240189070e-01	8.241380267750365862e-02	3.598600883236393461e-02	9.153586778766759080e-02
1.596464170506243590e+03	2.041561375450855476e-01	1.286756051755058861e-01	2.802469305400155930e-01	1.767299408985841536e-01	8.249677991849527214e-02	3.604487560689811215e-02	9.164973031492078259e-02
1.601301940719898766e+03	2.037363809910824053e-01	1.283831797249407047e-01	2.805183516312790837e-01	1.769163945786787484e-01	8.257931392951248228e-02	3.610344483874486365e-02	9.176293430526709372e-02
1.606139710933553943e+03	2.033190994687500697e-01	1.280924664563838911e-01	2.807881399201481720e-01	1.771016873162602756e-01	8.266140659044395045e-02	3.616171747630746863e-02	9.187548277121149187e-02
1.610977481147209119e+03	2.029042783241447601e-01	1.278034553047096289e-01	2.810563064639882702e-01	1.772858268976798823e-01	8.274305978125177929e-02	3.621969447744836923e-02	9.198737875028265010e-02
1.615815251360864750e+03	2.024919029926803837e-01	1.275161362643321694e-01	2.813228622040001015e-01	1.774688210445720393e-01	8.282427538179044924e-02	3.627737680909990520e-02	9.209862530303028483e-02
1.620653021574519926e+03	2.020819589984924891e-01	1.272304993888449531e-01	2.815878179678167892e-01	1.776506774147230683e-01	8.290505527163033461e-02	3.633476544688638010e-02	9.220922551111127019e-02
1.625490791788175102e+03	2.016744319538105457e-01	1.269465347906619523e-01	2.818511844720109627e-01	1.778314036029182976e-01	8.298540132988546647e-02	3.639186137475720201e-02	9.231918247546082312e-02
1.630328562001830505e+03	2.012693075583375235e-01	1.266642326406612895e-01	2.821129723245156540e-01	1.780110071417693174e-01	8.306531543504563908e-02	3.644866558463065453e-02	9.242849931454510948e-02
1.635166332215485909e+03	2.008665715986368006e-01	1.263835831678318256e-01	2.823731920269620943e-01	1.781894955025217775e-01	8.314479946481263817e-02	3.650517907604801382e-02	9.253717916269203758e-02
1.640004102429141085e+03	2.004662099475267301e-01	1.261045766589214689e-01	2.826318539769375748e-01	1.783668760958441735e-01	8.322385529594049369e-02	3.656140285583763666e-02	9.264522516849710287e-02
1.644841872642796488e+03	2.000682085634817586e-01	1.258272034580884269e-01	2.828889684701670904e-01	1.785431562725985077e-01	8.330248480407972944e-02	3.661733793778877005e-02	9.275264049330085581e-02
1.649679642856451665e+03	1.996725534900408716e-01	1.255514539665545937e-01	2.831445457026207646e-01	1.787183433245933262e-01	8.338068986362545676e-02	3.667298534233471435e-02	9.285942830973543949e-02
1.654517413070107068e+03	1.992792308552222835e-01	1.252773186422612428e-01	2.833985957725504989e-01	1.788924444853196849e-01	8.345847234756922917e-02	3.672834609624511804e-02	9.296559180033700520e-02
1.659355183283762244e+03	1.988882268709451784e-01	1.250047879995270783e-01	2.836511286824588973e-01	1.790654669306707969e-01	8.353583412735460234e-02	3.678342123232703625e-02	9.307113415622145225e-02
1.664192953497417420e+03	1.984995278324573620e-01	1.247338526087085481e-01	2.839021543410019666e-01	1.792374177796454970e-01	8.361277707273631621e-02	3.683821178913458672e-02	9.317605857582084150e-02
1.669030723711072824e+03	1.981131201177693812e-01	1.244645030958624055e-01	2.841516825648293665e-01	1.794083040950363306e-01	8.368930305164291872e-02	3.689271881068676567e-02	9.328036826367791523e-02
1.673868493924728000e+03	1.977289901870948330e-01	1.241967301424105885e-01	2.843997230803639309e-01	1.795781328841029867e-01	8.376541393004288683e-02	3.694694334619343795e-02	9.338406642929637791e-02
1.678706264138383403e+03	1.973471245822963072e-01	1.239305244848071530e-01	2.846462855255229574e-01	1.797469110992309382e-01	8.384111157181414753e-02	3.700088644978899444e-02	9.348715628604450933e-02
1.683544034352038352e+03	1.969675099263374918e-01	1.236658769142075925e-01	2.848913794513833198e-01	1.799146456385762316e-01	8.391639783861674917e-02	3.705454918027357991e-02	9.358964105011008394e-02
1.688381804565693983e+03	1.965901329227406069e-01	1.234027782761401709e-01	2.851350143237926238e-01	1.800813433466968705e-01	8.399127458976886340e-02	3.710793260086162060e-02	9.369152393950427871e-02
1.693219574779349159e+03	1.962149803550496674e-01	1.231412194701794610e-01	2.853771995249292925e-01	1.802470110151708216e-01	8.406574368212584025e-02	3.716103777893749877e-02	9.379280817311251572e-02
1.698057344993004335e+03	1.958420390862989635e-01	1.228811914496220209e-01	2.856179443548116370e-01	1.804116553832015579e-01	8.413980696996237185e-02	3.721386578581800664e-02	9.389349696979051862e-02
1.702895115206659511e+03	1.954712960584870651e-01	1.226226852211642349e-01	2.858572580327600199e-01	1.805752831382111678e-01	8.421346630485766760e-02	3.726641769652155878e-02	9.399359354750339013e-02
1.707732885420315142e+03	1.951027382920557662e-01	1.223656918445820835e-01	2.860951496988122789e-01	1.807379009164215289e-01	8.428672353558344654e-02	3.731869458954384378e-02	9.409310112250610092e-02
1.712570655633970318e+03	1.947363528853744141e-01	1.221102024324131757e-01	2.863316284150950186e-01	1.808995153034240189e-01	8.435958050799499675e-02	3.737069754663975563e-02	9.419202290856366899e-02
1.717408425847625494e+03	1.943721270142288460e-01	1.218562081496406546e-01	2.865667031671522147e-01	1.810601328347379024e-01	8.443203906492480204e-02	3.742242765261140358e-02	9.429036211620918373e-02
1.722246196061280898e+03	1.940100479313155990e-01	1.216037002133792955e-01	2.868003828652325726e-01	1.812197599963579764e-01	8.450410104607911088e-02	3.747388599510211027e-02	9.438812195203832855e-02
1.727083966274936301e+03	1.936501029657405060e-01	1.213526698925635194e-01	2.870326763455375851e-01	1.813784032252915845e-01	8.457576828793700319e-02	3.752507366439605807e-02	9.448530561803866745e-02
1.731921736488591478e+03	1.932922795225222867e-01	1.211031085076374192e-01	2.872635923714316197e-01	1.815360689100854741e-01	8.464704262365223275e-02	3.757599175322357682e-02	9.458191631095230756e-02
1.736759506702246881e+03	1.929365650821005529e-01	1.208550074302467969e-01	2.874931396346148693e-01	1.816927633913427154e-01	8.471792588295755377e-02	3.762664135657182302e-02	9.467795722167064720e-02
1.741597276915902057e+03	1.925829471998483644e-01	1.206083580829331175e-01	2.877213267562617194e-01	1.818484929622299628e-01	8.478841989207150376e-02	3.767702357150073261e-02	9.477343153465959957e-02
1.746435047129557461e+03	1.922314135055891715e-01	1.203631519388294602e-01	2.879481622881248093e-01	1.820032638689753901e-01	8.485852647360780932e-02	3.772713949696405306e-02	9.486834242741423728e-02
1.751272817343212637e+03	1.918819517031181421e-01	1.201193805213583710e-01	2.881736547136067861e-01	1.821570823113577708e-01	8.492824744648698465e-02	3.777699023363537134e-02	9.496269306994155335e-02
1.756110587556867813e+03	1.915345495697274858e-01	1.198770354039316172e-01	2.883978124488001393e-01	1.823099544431863173e-01	8.499758462585044194e-02	3.782657688373890909e-02	9.505648662427003404e-02
1.760948357770523216e+03	1.911891949557364967e-01	1.196361082096518563e-01	2.886206438434973376e-01	1.824618863727723861e-01	8.506653982297680827e-02	3.787590055088507074e-02	9.514972624398501666e-02
1.765786127984178393e+03	1.908458757840250097e-01	1.193965906110162067e-01	2.888421571821713218e-01	1.826128841633926636e-01	8.513511484520051853e-02	3.792496233991047433e-02	9.524241507378880534e-02
1.770623898197833569e+03	1.905045800495713537e-01	1.191584743296216081e-01	2.890623606849282989e-01	1.827629538337443571e-01	8.520331149583258712e-02	3.797376335672245085e-02	9.533455624908428183e-02
1.775461668411488745e+03	1.901652958189939957e-01	1.189217511358721668e-01	2.892812625084336120e-01	1.829121013583925592e-01	8.527113157408364175e-02	3.802230470814782493e-02	9.542615289558120661e-02
1.780299438625144376e+03	1.898280112300972378e-01	1.186864128486881526e-01	2.894988707468109101e-01	1.830603326682098131e-01	8.533857687498885847e-02	3.807058750178586581e-02	9.551720812892408596e-02
1.785137208838799552e+03	1.894927144914206885e-01	1.184524513352170211e-01	2.897151934325172262e-01	1.832076536508086551e-01	8.540564918933520044e-02	3.811861284586529758e-02	9.560772505434084190e-02
1.789974979052454728e+03	1.891593938817922316e-01	1.182198585105460609e-01	2.899302385371932411e-01	1.833540701509664139e-01	8.547235030359046082e-02	3.816638184910528531e-02	9.569770676631120243e-02
1.794812749266109904e+03	1.888280377498850748e-01	1.179886263374169686e-01	2.901440139724903999e-01	1.834995879710435429e-01	8.553868199983444276e-02	3.821389562058023076e-02	9.578715634825420155e-02
1.799650519479765535e+03	1.884986345137780739e-01	1.177587468259421316e-01	2.903565275908758792e-01	1.836442128713947353e-01	8.560464605569202690e-02	3.826115526958832891e-02	9.587607687223373421e-02
1.804488289693420711e+03	1.881711726605199420e-01	1.175302120333226591e-01	2.905677871864154604e-01	1.837879505707735728e-01	8.567024424426805673e-02	3.830816190552372574e-02	9.596447139868152787e-02
1.809326059907075887e+03	1.878456407456965960e-01	1.173030140635682589e-01	2.907778004955361983e-01	1.839308067467306518e-01	8.573547833408425023e-02	3.835491663775226351e-02	9.605234297613671202e-02
1.814163830120731291e+03	1.875220273930022774e-01	1.170771450672187380e-01	2.909865751977687154e-01	1.840727870360055196e-01	8.580035008901773508e-02	3.840142057549059129e-02	9.613969464100131923e-02
1.819001600334386467e+03	1.872003212938139205e-01	1.168525972410673353e-01	2.911941189164700683e-01	1.842138970349123661e-01	8.586486126824151299e-02	3.844767482768868955e-02	9.622652941731103804e-02
1.823839370548041643e+03	1.868805112067688512e-01	1.166293628278856354e-01	2.914004392195280735e-01	1.843541422997198309e-01	8.592901362616660321e-02	3.849368050291561427e-02	9.631285031652039863e-02
1.828677140761696819e+03	1.865625859573457890e-01	1.164074341161503157e-01	2.916055436200476469e-01	1.844935283470248988e-01	8.599280891238592073e-02	3.853943870924841225e-02	9.639866033730198902e-02
1.833514910975352450e+03	1.862465344374492349e-01	1.161868034397715299e-01	2.918094395770201577e-01	1.846320606541212439e-01	8.605624887161979208e-02	3.858495055416412411e-02	9.648396246535892451e-02
1.838352681189008081e+03	1.859323456049968570e-01	1.159674631778229159e-01	2.920121344959752951e-01	1.847697446593619952e-01	8.611933524366309489e-02	3.863021714443480581e-02	9.656875967325004306e-02
1.843190451402663257e+03	1.856200084835101238e-01	1.157494057542733379e-01	2.922136357296175047e-01	1.849065857625171450e-01	8.618206976333411817e-02	3.867523958602545053e-02	9.665305492022731315e-02
1.848028221616318433e+03	1.853095121617080454e-01	1.155326236377202387e-01	2.924139505784467130e-01	1.850425893251256004e-01	8.624445416042486601e-02	3.872001898399474867e-02	9.673685115208478791e-02
1.852865991829973609e+03	1.850008457931039685e-01	1.153171093411246018e-01	2.926130862913637332e-01	1.851777606708423229e-01	8.630649015965294324e-02	3.876455644239867881e-02	9.682015130101871703e-02
1.857703762043628785e+03	1.846939985956053687e-01	1.151028554215476341e-01	2.928110500662616800e-01	1.853121050857802765e-01	8.636817948061499550e-02	3.880885306419671471e-02	9.690295828549830293e-02
1.862541532257283961e+03	1.843889598511166961e-01	1.148898544798889892e-01	2.930078490506028976e-01	1.854456278188475471e-01	8.642952383774150926e-02	3.885290995116071761e-02	9.698527501014657382e-02
1.867379302470939592e+03	1.840857189051451348e-01	1.146780991606265315e-01	2.932034903419830640e-01	1.855783340820797989e-01	8.649052494025319393e-02	3.889672820378638207e-02	9.706710436563088795e-02
1.872217072684594768e+03	1.837842651664090554e-01	1.144675821515578895e-01	2.933979809886813617e-01	1.857102290509679010e-01	8.655118449211873788e-02	3.894030892120715209e-02	9.714844922856286091e-02
1.877054842898249490e+03	1.834845881064497974e-01	1.142582961835433980e-01	2.935913279901989914e-01	1.858413178647813357e-01	8.661150419201391060e-02	3.898365320111058657e-02	9.722931246140699424e-02
1.881892613111905121e+03	1.831866772592457282e-01	1.140502340302506634e-01	2.937835382977849186e-01	1.859716056268867768e-01	8.667148573328203875e-02	3.902676213965711877e-02	9.730969691239774177e-02
1.886730383325560297e+03	1.828905222208295211e-01	1.138433885079007390e-01	2.939746188149504058e-01	1.861010974050626154e-01	8.673113080389587004e-02	3.906963683140103616e-02	9.738960541546477778e-02
1.891568153539215928e+03	1.825961126489080433e-01	1.136377524750157714e-01	2.941645763979716666e-01	1.862297982318091571e-01	8.679044108642067212e-02	3.911227836921384732e-02	9.746904079016578681e-02
1.896405923752871104e+03	1.823034382624848793e-01	1.134333188321682839e-01	2.943534178563819159e-01	1.863577131046547375e-01	8.684941825797867776e-02	3.915468784420968879e-02	9.754800584162670596e-02
1.901243693966526507e+03	1.820124888414855480e-01	1.132300805217318351e-01	2.945411499534530408e-01	1.864848469864577030e-01	8.690806399021472339e-02	3.919686634567300793e-02	9.762650336048898925e-02
1.906081464180181683e+03	1.817232542263856332e-01	1.130280305276333414e-01	2.947277794066665568e-01	1.866112048057045891e-01	8.696637994926312287e-02	3.923881496098821642e-02	9.770453612286342238e-02
1.910919234393836859e+03	1.814357243178411350e-01	1.128271618751068295e-01	2.949133128881749610e-01	1.867367914568041631e-01	8.702436779571584569e-02	3.928053477557144624e-02	9.778210689029045999e-02
1.915757004607492036e+03	1.811498890763218739e-01	1.126274676304486883e-01	2.950977570252537041e-01	1.868616118003780802e-01	8.708202918459173603e-02	3.932202687280426240e-02	9.785921840970657204e-02
1.920594774821147894e+03	1.808657385217469216e-01	1.124289409007743906e-01	2.952811184007435030e-01	1.869856706635474874e-01	8.713936576530693923e-02	3.936329233396930471e-02	9.793587341341636332e-02
1.925432545034802843e+03	1.805832627331230844e-01	1.122315748337767843e-01	2.954634035534842718e-01	1.871089728402161867e-01	8.719637918164650781e-02	3.940433223818780306e-02	9.801207461907025797e-02
1.930270315248458019e+03	1.803024518481855520e-01	1.120353626174856732e-01	2.956446189787400036e-01	1.872315230913501882e-01	8.725307107173700671e-02	3.944514766235897307e-02	9.808782472964747146e-02
1.935108085462113195e+03	1.800232960630411827e-01	1.118402974800290356e-01	2.958247711286154380e-01	1.873533261452538512e-01	8.730944306802039534e-02	3.948573968110113963e-02	9.816312643344385358e-02
1.939945855675768371e+03	1.797457856318141478e-01	1.116463726893955760e-01	2.960038664124645114e-01	1.874743866978425544e-01	8.736549679722874218e-02	3.952610936669467140e-02	9.823798240406467208e-02
1.944783625889424002e+03	1.794699108662941578e-01	1.114535815531987328e-01	2.961819111972913698e-01	1.875947094129120918e-01	8.742123388036017462e-02	3.956625778902653906e-02	9.831239530042186481e-02
1.949621396103079178e+03	1.791956621355868251e-01	1.112619174184421300e-01	2.963589118081433327e-01	1.877142989224047931e-01	8.747665593265570305e-02	3.960618601553665685e-02	9.838636776673556628e-02
1.954459166316734354e+03	1.789230298657665807e-01	1.110713736712864441e-01	2.965348745284968612e-01	1.878331598266723967e-01	8.753176456357716906e-02	3.964589511116572290e-02	9.845990243253982532e-02
1.959296936530389530e+03	1.786520045395321443e-01	1.108819437368176314e-01	2.967098056006362006e-01	1.879512966947359254e-01	8.758656137678615117e-02	3.968538613830471101e-02	9.853300191269223629e-02
1.964134706744044706e+03	1.783825766958636594e-01	1.106936210788166258e-01	2.968837112260256372e-01	1.880687140645422861e-01	8.764104797012370329e-02	3.972466015674589596e-02	9.860566880738717843e-02
1.968972476957700337e+03	1.781147369296829097e-01	1.105063991995303974e-01	2.970565975656742075e-01	1.881854164432181509e-01	8.769522593559127277e-02	3.976371822363539144e-02	9.867790570217271906e-02
1.973810247171355968e+03	1.778484758915153119e-01	1.103202716394443422e-01	2.972284707404946880e-01	1.883014083073205058e-01	8.774909685933229841e-02	3.980256139342712440e-02	9.874971516797080573e-02
1.978648017385010689e+03	1.775837842871543226e-01	1.101352319770560889e-01	2.973993368316562025e-01	1.884166941030846476e-01	8.780266232161489104e-02	3.984119071783830818e-02	9.882109976110065030e-02
1.983485787598666320e+03	1.773206528773280111e-01	1.099512738286507335e-01	2.975692018809305561e-01	1.885312782466691539e-01	8.785592389681527725e-02	3.987960724580626171e-02	9.889206202330509676e-02
1.988323557812321269e+03	1.770590724773679903e-01	1.097683908480772269e-01	2.977380718910329072e-01	1.886451651243981065e-01	8.790888315340222858e-02	3.991781202344660273e-02	9.896260448178001434e-02
1.993161328025976900e+03	1.767990339568804026e-01	1.095865767265263024e-01	2.979059528259565548e-01	1.887583590930005939e-01	8.796154165392225388e-02	3.995580609401282873e-02	9.903272964920618870e-02
1.997999098239632076e+03	1.765405282394190700e-01	1.094058251923096942e-01	2.980728506113021203e-01	1.888708644798475500e-01	8.801390095498561050e-02	3.999359049785711911e-02	9.910244002378396089e-02
2.002836868453287707e+03	1.762835463021608651e-01	1.092261300106406041e-01	2.982387711346017878e-01	1.889826855831858721e-01	8.806596260725327308e-02	4.003116627239249742e-02	9.917173808927019774e-02
2.007674638666942428e+03	1.760280791755832186e-01	1.090474849834155435e-01	2.984037202456379934e-01	1.890938266723699857e-01	8.811772815542451287e-02	4.006853445205615927e-02	9.924062631501769094e-02
2.012512408880597604e+03	1.757741179431435985e-01	1.088698839489975062e-01	2.985677037567570080e-01	1.892042919880909391e-01	8.816919913822537924e-02	4.010569606827407707e-02	9.930910715601659611e-02
2.017350179094252780e+03	1.755216537409612088e-01	1.086933207820003910e-01	2.987307274431778570e-01	1.893140857426028612e-01	8.822037708839795822e-02	4.014265214942673576e-02	9.937718305293806453e-02
2.022187949307908411e+03	1.752706777575007424e-01	1.085177893930747428e-01	2.988927970432962988e-01	1.894232121199471985e-01	8.827126353269028336e-02	4.017940372081607592e-02	9.944485643217976234e-02
2.027025719521564042e+03	1.750211812332581884e-01	1.083432837286947975e-01	2.990539182589840861e-01	1.895316752761741497e-01	8.832185999184710701e-02	4.021595180463352626e-02	9.951212970591323537e-02
2.031863489735218764e+03	1.747731554604485260e-01	1.081697977709467628e-01	2.992140967558841180e-01	1.896394793395621836e-01	8.837216798060129608e-02	4.025229741992917415e-02	9.957900527213302266e-02
2.036701259948874394e+03	1.745265917826956947e-01	1.079973255373183477e-01	2.993733381637008750e-01	1.897466284108348666e-01	8.842218900766600498e-02	4.028844158258195612e-02	9.964548551470742144e-02
2.041539030162529116e+03	1.742814815947243690e-01	1.078258610804896517e-01	2.995316480764864120e-01	1.898531265633755238e-01	8.847192457572747304e-02	4.032438530527099330e-02	9.971157280343075080e-02
2.046376800376184747e+03	1.740378163420537305e-01	1.076553984881252479e-01	2.996890320529228546e-01	1.899589778434397913e-01	8.852137618143855746e-02	4.036012959744787049e-02	9.977726949407712820e-02
2.051214570589840150e+03	1.737955875206932677e-01	1.074859318826674182e-01	2.998454956166003993e-01	1.900641862703656981e-01	8.857054531541291853e-02	4.039567546530995618e-02	9.984257792845556423e-02
2.056052340803495554e+03	1.735547866768405167e-01	1.073174554211308307e-01	3.000010442562913160e-01	1.901687558367817499e-01	8.861943346221981543e-02	4.043102391177470778e-02	9.990750043446629258e-02
2.060890111017150957e+03	1.733154054065806637e-01	1.071499632948982178e-01	3.001556834262206208e-01	1.902726905088127918e-01	8.866804210037962375e-02	4.046617593645491368e-02	9.997203932615841837e-02
2.065727881230805451e+03	1.730774353555880885e-01	1.069834497295174963e-01	3.003094185463326404e-01	1.903759942262837623e-01	8.871637270235982475e-02	4.050113253563489973e-02	1.000361969037885795e-01
2.070565651444461309e+03	1.728408682188298795e-01	1.068179089844999152e-01	3.004622550025539685e-01	1.904786709029213376e-01	8.876442673457181354e-02	4.053589470224762403e-02	1.000999754538807185e-01
2.075403421658116713e+03	1.726056957402711256e-01	1.066533353531194661e-01	3.006141981470533131e-01	1.905807244265537159e-01	8.881220565736813732e-02	4.057046342585267362e-02	1.001633772492868113e-01
2.080241191871772116e+03	1.723719097125821775e-01	1.064897231622135843e-01	3.007652532984974036e-01	1.906821586593081264e-01	8.885971092504038604e-02	4.060483969261515641e-02	1.002264045492484434e-01
2.085078962085427065e+03	1.721395019768475754e-01	1.063270667719849183e-01	3.009154257423037881e-01	1.907829774378065335e-01	8.890694398581765190e-02	4.063902448528538408e-02	1.002890595994594264e-01
2.089916732299082469e+03	1.719084644222771130e-01	1.061653605758043073e-01	3.010647207308905782e-01	1.908831845733592880e-01	8.895390628186553017e-02	4.067301878317947789e-02	1.003513446321289554e-01
2.094754502512737417e+03	1.716787889859184013e-01	1.060045990000150484e-01	3.012131434839228072e-01	1.909827838521570009e-01	8.900059924928570287e-02	4.070682356216070302e-02	1.004132618660456416e-01
2.099592272726392821e+03	1.714504676523715410e-01	1.058447765037381222e-01	3.013606991885554587e-01	1.910817790354602808e-01	8.904702431811606367e-02	4.074043979462164261e-02	1.004748135066422243e-01
2.104430042940048224e+03	1.712234924535052383e-01	1.056858875786787777e-01	3.015073929996741064e-01	1.911801738597879163e-01	8.909318291233127296e-02	4.077386844946716271e-02	1.005360017460608518e-01
2.109267813153704083e+03	1.709978554681750584e-01	1.055279267489341449e-01	3.016532300401321143e-01	1.912779720371029779e-01	8.913907644984399303e-02	4.080711049209809205e-02	1.005968287632189317e-01
2.114105583367359031e+03	1.707735488219433162e-01	1.053708885708020959e-01	3.017982154009850038e-01	1.913751772549971975e-01	8.918470634250648399e-02	4.084016688439565806e-02	1.006572967238754945e-01
2.118943353581013525e+03	1.705505646868005487e-01	1.052147676325911468e-01	3.019423541417224355e-01	1.914717931768735726e-01	8.923007399611275481e-02	4.087303858470668627e-02	1.007174077806981261e-01
2.123781123794669384e+03	1.703288952808888757e-01	1.050595585544315536e-01	3.020856512904968039e-01	1.915678234421272219e-01	8.927518081040120013e-02	4.090572654782945183e-02	1.007771640733301638e-01
