1.180415932131889122e+03	2.523186710668126054e-01	1.604215132448926218e-01	2.491359799712954404e-01	1.554128467894918264e-01	7.221050294880475284e-02	3.075403641890852094e-02	7.974644955929148515e-02
1.185253702345544298e+03	2.516085880887960480e-01	1.599461239759101538e-01	2.496278815075391455e-01	1.556641552453684185e-01	7.243861691486501442e-02	3.082229249559901435e-02	7.989234177141953108e-02
1.190091472559199701e+03	2.509028233896606341e-01	1.594735550566333815e-01	2.501153619666762751e-01	1.559261423212976172e-01	7.265196422265110532e-02	3.089064099231900173e-02	8.003951205025924831e-02
1.194929242772855105e+03	2.502013424742122183e-01	1.590037846661150889e-01	2.505985153167806234e-01	1.561965886751103538e-01	7.285292986794535131e-02	3.095906032906168420e-02	8.018777867027192252e-02
1.199767012986510281e+03	2.495041121971857956e-01	1.585367919299965622e-01	2.510774303954942388e-01	1.564736621456971066e-01	7.304348907997247620e-02	3.102753139568031199e-02	8.033698285547069551e-02
1.204604783200165684e+03	2.488111005722174751e-01	1.580725567774512452e-01	2.515521914596293707e-01	1.567558508641485882e-01	7.322527795656304239e-02	3.109603716492848058e-02	8.048698520455895011e-02
1.209442553413820860e+03	2.481222766129637936e-01	1.576110598225335391e-01	2.520228786524859044e-01	1.570419079048862854e-01	7.339965191871139494e-02	3.116456237105419760e-02	8.063766271686201303e-02
1.214280323627476264e+03	2.474376102008503941e-01	1.571522822657313856e-01	2.524895684025849074e-01	1.573308054864175076e-01	7.356773408515736301e-02	3.123309324268234294e-02	8.078890631607325845e-02
1.219118093841131440e+03	2.467570719748826136e-01	1.566962058122457757e-01	2.529523337651751191e-01	1.576216970746156798e-01	7.373045530534684533e-02	3.130161728066146315e-02	8.094061878656964859e-02
1.223955864054786844e+03	2.460806332397375562e-01	1.562428126041189302e-01	2.534112447159305170e-01	1.579138860254934440e-01	7.388858728933017650e-02	3.137012307315745208e-02	8.109271305172904842e-02
1.228793634268442020e+03	2.454082658890076596e-01	1.557920851638299464e-01	2.538663684046487679e-01	1.582067996395122855e-01	7.404277002506383376e-02	3.143860014160630018e-02	8.124511073582837972e-02
1.233631404482097196e+03	2.447399423410052677e-01	1.553440063473867372e-01	2.543177693754322122e-01	1.584999676940058999e-01	7.419353446827442466e-02	3.150703881223836794e-02	8.139774096115427737e-02
1.238469174695752372e+03	2.440756354849834830e-01	1.548985593052823739e-01	2.547655097587321338e-01	1.587930046812799090e-01	7.434132132014405203e-02	3.157543010879727136e-02	8.155053934027796381e-02
1.243306944909407548e+03	2.434153186359974130e-01	1.544557274499657740e-01	2.552096494397235737e-01	1.590855951131706081e-01	7.448649656747743930e-02	3.164376566283021164e-02	8.170344713033220185e-02
1.248144715123063179e+03	2.427589654969356803e-01	1.540154944287091543e-01	2.556502462067235526e-01	1.593774813630909337e-01	7.462936434366047866e-02	3.171203763855007240e-02	8.185641052182739130e-02
1.252982485336718355e+03	2.421065501265045605e-01	1.535778441009468254e-01	2.560873558827403973e-01	1.596684536078239458e-01	7.477017757243470397e-02	3.178023866978597206e-02	8.200938003926089293e-02
1.257820255550373531e+03	2.414580469121568318e-01	1.531427605193196317e-01	2.565210324427225075e-01	1.599583415068216719e-01	7.490914677683213618e-02	3.184836180696611757e-02	8.216231003467842908e-02
1.262658025764028707e+03	2.408134305471300862e-01	1.527102279137912688e-01	2.569513281186459608e-01	1.602470073192446831e-01	7.504644736967747143e-02	3.191640047243024525e-02	8.231515825857754765e-02
1.267495795977684338e+03	2.401726760109028636e-01	1.522802306783115345e-01	2.573782934942245304e-01	1.605343402106798600e-01	7.518222568749746704e-02	3.198434842266182493e-02	8.246788549521921752e-02
1.272333566191339514e+03	2.395357585524955368e-01	1.518527533595918078e-01	2.578019775907298139e-01	1.608202515442590796e-01	7.531660398452179328e-02	3.205219971627219083e-02	8.262045525162702020e-02
1.277171336404994690e+03	2.389026536761413022e-01	1.514277806476337362e-01	2.582224279451659221e-01	1.611046709863082627e-01	7.544968456609114915e-02	3.211994868676924103e-02	8.277283349138755963e-02
1.282009106618650094e+03	2.382733371289334767e-01	1.510052973677124266e-01	2.586396906818382857e-01	1.613875432859561698e-01	7.558155320986469083e-02	3.218758991930949220e-02	8.292498840588262421e-02
1.286846876832305497e+03	2.376477848901230039e-01	1.505852884735681962e-01	2.590538105781892697e-01	1.616688256123786915e-01	7.571228199762797262e-02	3.225511823076927798e-02	8.307689021684076802e-02
1.291684647045960673e+03	2.370259731617956889e-01	1.501677390416022440e-01	2.594648311256330109e-01	1.619484853534202407e-01	7.584193165932515135e-02	3.232252865258494756e-02	8.322851100513585509e-02
1.296522417259616077e+03	2.364078783607047873e-01	1.497526342659071252e-01	2.598727945860053179e-01	1.622264982959374657e-01	7.597055351341457097e-02	3.238981641590578386e-02	8.337982456162212896e-02
1.301360187473271253e+03	2.357934771110724859e-01	1.493399594539919495e-01	2.602777420441481637e-01	1.625028471219516213e-01	7.609819107314315378e-02	3.245697693868132561e-02	8.353080625650841085e-02
1.306197957686926657e+03	2.351827462382062861e-01	1.489297000230862256e-01	2.606797134570690289e-01	1.627775201660665860e-01	7.622488137633426364e-02	3.252400581436935834e-02	8.368143292436536207e-02
1.311035727900581833e+03	2.345756627628011182e-01	1.485218414969259049e-01	2.610787477000465207e-01	1.630505103890191598e-01	7.635065608635127621e-02	3.259089880200422007e-02	8.383168276234892469e-02
1.315873498114237009e+03	2.339722038958213235e-01	1.481163695029421024e-01	2.614748826100002921e-01	1.633218145300152080e-01	7.647554240368009681e-02	3.265765181740921258e-02	8.398153523962882672e-02
1.320711268327892412e+03	2.333723470338731343e-01	1.477132697697862707e-01	2.618681550263954327e-01	1.635914324069489001e-01	7.659956382077254267e-02	3.272426092537367159e-02	8.413097101634708919e-02
1.325549038541547588e+03	2.327760697549942359e-01	1.473125281251370655e-01	2.622586008299129801e-01	1.638593663389339428e-01	7.672274074716348147e-02	3.279072233264546110e-02	8.427997187070990215e-02
1.330386808755202765e+03	2.321833498147987118e-01	1.469141304937431891e-01	2.626462549790867795e-01	1.641256206699896192e-01	7.684509102721669149e-02	3.285703238161483825e-02	8.442852063304726040e-02
1.335224578968857941e+03	2.315941651429263004e-01	1.465180628956648801e-01	2.630311515450785564e-01	1.643902013763744174e-01	7.696663036900025512e-02	3.292318754458651436e-02	8.457660112586623535e-02
1.340062349182513572e+03	2.310084938397528320e-01	1.461243114446820757e-01	2.634133237447412457e-01	1.646531157430830283e-01	7.708737269960158622e-02	3.298918441855377276e-02	8.472419810908257687e-02
1.344900119396168748e+03	2.304263141733264297e-01	1.457328623468439610e-01	2.637928039721018081e-01	1.649143720975217164e-01	7.720733045955306684e-02	3.305501972040304770e-02	8.487129722974712243e-02
1.349737889609823924e+03	2.298476045764994702e-01	1.453437018991376450e-01	2.641696238283764986e-01	1.651739795904471897e-01	7.732651484685416909e-02	3.312069028248915137e-02	8.501788497569304215e-02
1.354575659823479100e+03	2.292723436442309359e-01	1.449568164882581167e-01	2.645438141506222252e-01	1.654319480159656408e-01	7.744493601926853710e-02	3.318619304853095281e-02	8.516394863262082005e-02
1.359413430037134731e+03	2.287005101310385924e-01	1.445721925894648541e-01	2.649154050391111515e-01	1.656882876638055557e-01	7.756260326207811695e-02	3.325152506978574368e-02	8.530947624421326980e-02
1.364251200250789907e+03	2.281320829485825319e-01	1.441898167655118468e-01	2.652844258835107549e-01	1.659430091982505018e-01	7.767952512723841352e-02	3.331668350146720081e-02	8.545445657493602742e-02
1.369088970464445310e+03	2.275670411633659851e-01	1.438096756656416786e-01	2.656509053879390070e-01	1.661961235590879160e-01	7.779570954885442480e-02	3.338166559937733729e-02	8.559887907523086592e-02
1.373926740678100487e+03	2.270053639945399104e-01	1.434317560246336776e-01	2.660148715949611220e-01	1.664476418807328828e-01	7.791116393904880255e-02	3.344646871672766336e-02	8.574273384885321148e-02
1.378764510891755890e+03	2.264470308118011477e-01	1.430560446619001391e-01	2.663763519085846632e-01	1.666975754263497200e-01	7.802589526759208527e-02	3.351109030112853909e-02	8.588601162214097584e-02
1.383602281105411066e+03	2.258920211333747263e-01	1.426825284806235994e-01	2.667353731163081276e-01	1.669459355343446139e-01	7.813991012808427228e-02	3.357552789172904562e-02	8.602870371503285041e-02
1.388440051319066470e+03	2.253403146240726684e-01	1.423111944669305240e-01	2.670919614102706396e-01	1.671927335750560961e-01	7.825321479299625349e-02	3.363977911649217861e-02	8.617080201367889603e-02
1.393277821532721646e+03	2.247918910934224856e-01	1.419420296890968047e-01	2.674461424075479932e-01	1.674379809158473009e-01	7.836581525948206617e-02	3.370384168959269372e-02	8.631229894450792584e-02
1.398115591746377049e+03	2.242467304938595696e-01	1.415750212967818999e-01	2.677979411696366774e-01	1.676816888931152993e-01	7.847771728754363019e-02	3.376771340892638362e-02	8.645318744963376156e-02
1.402953361960032225e+03	2.237048129189785628e-01	1.412101565202880660e-01	2.681473822211645763e-01	1.679238687899893001e-01	7.858892643185748372e-02	3.383139215372165526e-02	8.659346096349752886e-02
1.407791132173687402e+03	2.231661186018392973e-01	1.408474226698423482e-01	2.684944895678636478e-01	1.681645318187041938e-01	7.869944806834715256e-02	3.389487588224497638e-02	8.673311339065559178e-02
1.412628902387342805e+03	2.226306279133235533e-01	1.404868071348991942e-01	2.688392867138383324e-01	1.684036891068103059e-01	7.880928741639886548e-02	3.395816262959342607e-02	8.687213908463352341e-02
1.417466672600997981e+03	2.220983213605392803e-01	1.401282973834614975e-01	2.691817966781616112e-01	1.686413516865282736e-01	7.891844955746328549e-02	3.402125050556797925e-02	8.701053282777529430e-02
1.422304442814653157e+03	2.215691795852691992e-01	1.397718809614188484e-01	2.695220420108272452e-01	1.688775304866761973e-01	7.902693945065859815e-02	3.408413769262230719e-02	8.714828981202484004e-02
1.427142213028308333e+03	2.210431833624615372e-01	1.394175454919013846e-01	2.698600448080869518e-01	1.691122363266977791e-01	7.913476194588418833e-02	3.414682244388232008e-02	8.728540562058309527e-02
1.431979983241963964e+03	2.205203135987600926e-01	1.390652786746481573e-01	2.701958267271981073e-01	1.693454799124020083e-01	7.924192179486690135e-02	3.420930308123223962e-02	8.742187621038984002e-02
1.436817753455619140e+03	2.200005513310717420e-01	1.387150682853889316e-01	2.705294090006070684e-01	1.695772718330931239e-01	7.934842366048912299e-02	3.427157799346352424e-02	8.755769789538386805e-02
1.441655523669274316e+03	2.194838777251697515e-01	1.383669021752383654e-01	2.708608124495921476e-01	1.698076225598259825e-01	7.945427212468833544e-02	3.433364563448330908e-02	8.769286733049944105e-02
1.446493293882929493e+03	2.189702740743305620e-01	1.380207682701022343e-01	2.711900574973881151e-01	1.700365424445691165e-01	7.955947169516763839e-02	3.439550452157932176e-02	8.782738149636035163e-02
1.451331064096585123e+03	2.184597217980030759e-01	1.376766545700943423e-01	2.715171641818133752e-01	1.702640417200956269e-01	7.966402681111618700e-02	3.445715323373853972e-02	8.796123768463619264e-02
1.456168834310240300e+03	2.179522024405086966e-01	1.373345491489642578e-01	2.718421521674206365e-01	1.704901305004545287e-01	7.976794184810409583e-02	3.451859041001721640e-02	8.809443348402795637e-02
1.461006604523895703e+03	2.174476976697706510e-01	1.369944401535346801e-01	2.721650407571903907e-01	1.707148187819009511e-01	7.987122112228832449e-02	3.457981474795985416e-02	8.822696676685259920e-02
1.465844374737550879e+03	2.169461892760717880e-01	1.366563158031483260e-01	2.724858489037851883e-01	1.709381164441860501e-01	7.997386889404281551e-02	3.464082500206518839e-02	8.835883567619810808e-02
1.470682144951206283e+03	2.164476591708394404e-01	1.363201643891238379e-01	2.728045952203827507e-01	1.711600332521247825e-01	8.007588937110679539e-02	3.470161998229712164e-02	8.849003861362271517e-02
1.475519915164861459e+03	2.159520893854561252e-01	1.359859742742201560e-01	2.731212979911047389e-01	1.713805788573750100e-01	8.017728671132906548e-02	3.476219855263890796e-02	8.862057422737339152e-02
1.480357685378516862e+03	2.154594620700954477e-01	1.356537338921091351e-01	2.734359751810571670e-01	1.715997628003733122e-01	8.027806502507314756e-02	3.482255962968885260e-02	8.875044140110031898e-02
1.485195455592172038e+03	2.149697594925820132e-01	1.353234317468560710e-01	2.737486444459977797e-01	1.718175945123834869e-01	8.037822837733675507e-02	3.488270218129600059e-02	8.887963924304530250e-02
1.490033225805827215e+03	2.144829640372745427e-01	1.349950564124077490e-01	2.740593231416455500e-01	1.720340833176212392e-01	8.047778078963060966e-02	3.494262522523434306e-02	8.900816707568337538e-02
1.494870996019482618e+03	2.139990582039711930e-01	1.346685965320877920e-01	2.743680283326463964e-01	1.722492384354264439e-01	8.057672624165344855e-02	3.500232782791410507e-02	8.913602442579807161e-02
1.499708766233137567e+03	2.135180246068367205e-01	1.343440408180991974e-01	2.746747768012077762e-01	1.724630689824591667e-01	8.067506867279411464e-02	3.506180910312885896e-02	8.926321101497160238e-02
1.504546536446793198e+03	2.130398459733502670e-01	1.340213780510334241e-01	2.749795850554168086e-01	1.726755839749007371e-01	8.077281198348684743e-02	3.512106821083720021e-02	8.938972675047218708e-02
1.509384306660448374e+03	2.125645051432731025e-01	1.337005970793860854e-01	2.752824693372528664e-01	1.728867923306449672e-01	8.086996003644071618e-02	3.518010435597777874e-02	8.951557171652198275e-02
1.514222076874103550e+03	2.120919850676362128e-01	1.333816868190791649e-01	2.755834456303070112e-01	1.730967028714675282e-01	8.096651665776151419e-02	3.523891678731663757e-02	8.964074616592943023e-02
1.519059847087758726e+03	2.116222688077461223e-01	1.330646362529890880e-01	2.758825296672207106e-01	1.733053243251642672e-01	8.106248563798093554e-02	3.529750479632568633e-02	8.976525051207068229e-02
1.523897617301414357e+03	2.111553395342091743e-01	1.327494344304811502e-01	2.761797369368529376e-01	1.735126653276514996e-01	8.115787073300557986e-02	3.535586771609137285e-02	8.988908532120579165e-02
1.528735387515069533e+03	2.106911805259732706e-01	1.324360704669493016e-01	2.764750826911881454e-01	1.737187344250225585e-01	8.125267566499623506e-02	3.541400492025251201e-02	9.001225130511550376e-02
1.533573157728724709e+03	2.102297751693865957e-01	1.321245335433617607e-01	2.767685819519936641e-01	1.739235400755569094e-01	8.134690412318648645e-02	3.547191582196638354e-02	9.013474931404567847e-02
1.538410927942380113e+03	2.097711069572728293e-01	1.318148129058119844e-01	2.770602495172377333e-01	1.741270906516787231e-01	8.144055976464777136e-02	3.552959987290217614e-02	9.025658032994628155e-02
1.543248698156035516e+03	2.093151594880221233e-01	1.315068978650751896e-01	2.773500999672756095e-01	1.743293944418631281e-01	8.153364621500736042e-02	3.558705656226091724e-02	9.037774545999319176e-02
1.548086468369690692e+03	2.088619164646976500e-01	1.312007777961695654e-01	2.776381476708147944e-01	1.745304596524889507e-01	8.162616706912463604e-02	3.564428541582104204e-02	9.049824593038094389e-02
1.552924238583346096e+03	2.084113616941569991e-01	1.308964421379228138e-01	2.779244067906663229e-01	1.747302944096373600e-01	8.171812589172984531e-02	3.570128599500883848e-02	9.061808308037540283e-02
1.557762008797001272e+03	2.079634790861881188e-01	1.305938803925435210e-01	2.782088912892913823e-01	1.749289067608363613e-01	8.180952621802954627e-02	3.575805789599301177e-02	9.073725835661568262e-02
1.562599779010656675e+03	2.075182526526592464e-01	1.302930821251972182e-01	2.784916149341503111e-01	1.751263046767513876e-01	8.190037155428181448e-02	3.581460074880257749e-02	9.085577330765508275e-02
1.567437549224311852e+03	2.070756665066823821e-01	1.299940369635870230e-01	2.787725913028626934e-01	1.753224960528227128e-01	8.199066537834392987e-02	3.587091421646741024e-02	9.097362957873147971e-02
1.572275319437967255e+03	2.066357048617902259e-01	1.296967345975389152e-01	2.790518337881846556e-01	1.755174887108504334e-01	8.208041114019523632e-02	3.592699799418078155e-02	9.109082890675739008e-02
1.577113089651622431e+03	2.061983520311256868e-01	1.294011647785913155e-01	2.793293556028111913e-01	1.757112904005281584e-01	8.216961226243696403e-02	3.598285180848318637e-02	9.120737311552118420e-02
1.581950859865277607e+03	2.057635924266437988e-01	1.291073173195888824e-01	2.796051697840101213e-01	1.759039088009264340e-01	8.225827214077115201e-02	3.603847541646683361e-02	9.132326411109052688e-02
1.586788630078933011e+03	2.053314105583259608e-01	1.288151820942806391e-01	2.798792891980937947e-01	1.760953515219273180e-01	8.234639414445989181e-02	3.609386860500023164e-02	9.143850387740991292e-02
1.591626400292587959e+03	2.049017910334056947e-01	1.285247490369221535e-01	2.801517265447353022e-01	1.762856261056114093e-01	8.243398161676661340e-02	3.614903118997220277e-02	9.155309447208441476e-02
1.596464170506243590e+03	2.044747185556058944e-01	1.282360081418815467e-01	2.804224943611344778e-01	1.764747400275987199e-01	8.252103787538039859e-02	3.620396301555484087e-02	9.166703802234196785e-02
1.601301940719898766e+03	2.040501779243871217e-01	1.279489494632496116e-01	2.806916050260399587e-01	1.766627006983447212e-01	8.260756621282469570e-02	3.625866395348478072e-02	9.178033672116693575e-02
1.606139710933553943e+03	2.036281540342066154e-01	1.276635631144535654e-01	2.809590707636330231e-01	1.768495154643932588e-01	8.269356989685104631e-02	3.631313390236228650e-02	9.189299282359808529e-02
1.610977481147209119e+03	2.032086318737878761e-01	1.273798392678745228e-01	2.812249036472774799e-01	1.770351916095874167e-01	8.277905217081894806e-02	3.636737278696767356e-02	9.200500864318399141e-02
1.615815251360864750e+03	2.027915965254002972e-01	1.270977681544689097e-01	2.814891156031417152e-01	1.772197363562400263e-01	8.286401625406271398e-02	3.642138055759450849e-02	9.211638654858977926e-02
1.620653021574519926e+03	2.023770331641487341e-01	1.268173400633929582e-01	2.817517184136973385e-01	1.774031568662652047e-01	8.294846534224567525e-02	3.647515718939914331e-02	9.222712896034887531e-02
1.625490791788175102e+03	2.019649270572727862e-01	1.265385453416310035e-01	2.820127237210993676e-01	1.775854602422720918e-01	8.303240260770283765e-02	3.652870268176611201e-02	9.233723834775374451e-02
1.630328562001830505e+03	2.015552635634553502e-01	1.262613743936270849e-01	2.822721430304516166e-01	1.777666535286224758e-01	8.311583119977225542e-02	3.658201705768895917e-02	9.244671722588014562e-02
1.635166332215485909e+03	2.011480281321402219e-01	1.259858176809199315e-01	2.825299877129631709e-01	1.779467437124532814e-01	8.319875424511581630e-02	3.663510036316603574e-02	9.255556815273931204e-02
1.640004102429141085e+03	2.007432063028588842e-01	1.257118657217811963e-01	2.827862690089984476e-01	1.781257377246654727e-01	8.328117484802989579e-02	3.668795266661085269e-02	9.266379372655293711e-02
1.644841872642796488e+03	2.003407837045655671e-01	1.254395090908569099e-01	2.830409980310258922e-01	1.783036424408805110e-01	8.336309609074639415e-02	3.674057405827663159e-02	9.277139658314581538e-02
1.649679642856451665e+03	1.999407460549808835e-01	1.251687384188118757e-01	2.832941857664688090e-01	1.784804646823656138e-01	8.344452103372455853e-02	3.679296464969457336e-02	9.287837939345142124e-02
1.654517413070107068e+03	1.995430791599438758e-01	1.248995443919775489e-01	2.835458430804619345e-01	1.786562112169288730e-01	8.352545271593404819e-02	3.684512457312556083e-02	9.298474486112587312e-02
1.659355183283762244e+03	1.991477689127717776e-01	1.246319177520025384e-01	2.837959807185178041e-01	1.788308887597856167e-01	8.360589415512950651e-02	3.689705398102484379e-02	9.309049572026563413e-02
1.664192953497417420e+03	1.987548012936277142e-01	1.243658492955063560e-01	2.840446093091050783e-01	1.790045039743969890e-01	8.368584834811723661e-02	3.694875304551945017e-02	9.319563473322492464e-02
1.669030723711072824e+03	1.983641623688960354e-01	1.241013298737358161e-01	2.842917393661439363e-01	1.791770634732814949e-01	8.376531827101399430e-02	3.700022195789785112e-02	9.330016468852861400e-02
1.673868493924728000e+03	1.979758382905650038e-01	1.238383503922245166e-01	2.845373812914198663e-01	1.793485738188012601e-01	8.384430687949855077e-02	3.705146092811168607e-02	9.340408839887684445e-02
1.678706264138383403e+03	1.975898152956168108e-01	1.235769018104550115e-01	2.847815453769201866e-01	1.795190415239232284e-01	8.392281710905610814e-02	3.710247018428910332e-02	9.350740869923732101e-02
1.683544034352038352e+03	1.972060797054245862e-01	1.233169751415237048e-01	2.850242418070952910e-01	1.796884730529567098e-01	8.400085187521590113e-02	3.715324997225950832e-02	9.361012844502203389e-02
1.688381804565693983e+03	1.968246179251564587e-01	1.230585614518085319e-01	2.852654806610482319e-01	1.798568748222681424e-01	8.407841407378234544e-02	3.720380055508933775e-02	9.371225051034470788e-02
1.693219574779349159e+03	1.964454164431861105e-01	1.228016518606392243e-01	2.855052719146544682e-01	1.800242532009736496e-01	8.415550658105992732e-02	3.725412221262860979e-02	9.381377778635578701e-02
1.698057344993004335e+03	1.960684618305102156e-01	1.225462375399702791e-01	2.857436254426150568e-01	1.801906145116106417e-01	8.423213225407202853e-02	3.730421524106796588e-02	9.391471317965156829e-02
1.702895115206659511e+03	1.956937407401720674e-01	1.222923097140563992e-01	2.859805510204454504e-01	1.803559650307890727e-01	8.430829393077401979e-02	3.735407995250591973e-02	9.401505961075477813e-02
1.707732885420315142e+03	1.953212399066917293e-01	1.220398596591304730e-01	2.862160583264022340e-01	1.805203109898231018e-01	8.438399443026085855e-02	3.740371667452604965e-02	9.411482001266326114e-02
1.712570655633970318e+03	1.949509461455022075e-01	1.217888787030841080e-01	2.864501569433500761e-01	1.806836585753439639e-01	8.445923655296926069e-02	3.745312574978385683e-02	9.421399732946429684e-02
1.717408425847625494e+03	1.945828463523914809e-01	1.215393582251505511e-01	2.866828563605713920e-01	1.808460139298948277e-01	8.453402308087480665e-02	3.750230753560309521e-02	9.431259451501158853e-02
1.722246196061280898e+03	1.942169275029508868e-01	1.212912896555900233e-01	2.869141659755206630e-01	1.810073831525082777e-01	8.460835677768414886e-02	3.755126240358126755e-02	9.441061453166253725e-02
1.727083966274936301e+03	1.938531766520286970e-01	1.210446644753774142e-01	2.871440950955249094e-01	1.811677722992670325e-01	8.468224038902241735e-02	3.759999073920410745e-02	9.450806034907320574e-02
1.731921736488591478e+03	1.934915809331898273e-01	1.207994742158924328e-01	2.873726529394333706e-01	1.813271873838486481e-01	8.475567664261612899e-02	3.764849294146877662e-02	9.460493494304851592e-02
1.736759506702246881e+03	1.931321275581807662e-01	1.205557104586118256e-01	2.875998486392173925e-01	1.814856343780548442e-01	8.482866824847168363e-02	3.769676942251557611e-02	9.470124129444563998e-02
1.741597276915902057e+03	1.927748038164000255e-01	1.203133648348040791e-01	2.878256912415222413e-01	1.816431192123257599e-01	8.490121789904961358e-02	3.774482060726796345e-02	9.479698238812805933e-02
1.746435047129557461e+03	1.924195970743737272e-01	1.200724290252262599e-01	2.880501897091735097e-01	1.817996477762402474e-01	8.497332826943479467e-02	3.779264693308066747e-02	9.489216121196848708e-02
1.751272817343212637e+03	1.920664947752367679e-01	1.198328947598230193e-01	2.882733529226389479e-01	1.819552259190020949e-01	8.504500201750282706e-02	3.784024884939567179e-02	9.498678075589836456e-02
1.756110587556867813e+03	1.917154844382185641e-01	1.195947538174279012e-01	2.884951896814473282e-01	1.821098594499132584e-01	8.511624178408247476e-02	3.788762681740591443e-02	9.508084401100226624e-02
1.760948357770523216e+03	1.913665536581340976e-01	1.193579980254666495e-01	2.887157087055663984e-01	1.822635541388343272e-01	8.518705019311467730e-02	3.793478130972647439e-02	9.517435396865507602e-02
1.765786127984178393e+03	1.910196901048798468e-01	1.191226192596627070e-01	2.889349186367410893e-01	1.824163157166326932e-01	8.525742985180792544e-02	3.798171281007310662e-02	9.526731361970033896e-02
1.770623898197833569e+03	1.906748815229343808e-01	1.188886094437447832e-01	2.891528280397934192e-01	1.825681498756189514e-01	8.532738335079033398e-02	3.802842181294789625e-02	9.535972595366799809e-02
1.775461668411488745e+03	1.903321157308636713e-01	1.186559605491564612e-01	2.893694454038852060e-01	1.827190622699721712e-01	8.539691326425846718e-02	3.807490882333187943e-02	9.545159395802994828e-02
1.780299438625144376e+03	1.899913806208311795e-01	1.184246645947679144e-01	2.895847791437455854e-01	1.828690585161539817e-01	8.546602215012301385e-02	3.812117435638449903e-02	9.554292061749164455e-02
1.785137208838799552e+03	1.896526641581122441e-01	1.181947136465894971e-01	2.897988376008639455e-01	1.830181441933124153e-01	8.553471255015154817e-02	3.816721893714964536e-02	9.563370891331850199e-02
1.789974979052454728e+03	1.893159543806130496e-01	1.179660998174874020e-01	2.900116290446500544e-01	1.831663248436755376e-01	8.560298699010825130e-02	3.821304310026819862e-02	9.572396182269539422e-02
1.794812749266109904e+03	1.889812393983938965e-01	1.177388152669013033e-01	2.902231616735613806e-01	1.833136059729353062e-01	8.567084797989092670e-02	3.825864738969695505e-02	9.581368231811809855e-02
1.799650519479765535e+03	1.886485073931969125e-01	1.175128522005638443e-01	2.904334436162007704e-01	1.834599930506222998e-01	8.573829801366529557e-02	3.830403235843360399e-02	9.590287336681505015e-02
1.804488289693420711e+03	1.883177466179777604e-01	1.172882028702221108e-01	2.906424829323836501e-01	1.836054915104712582e-01	8.580533956999668310e-02	3.834919856824783868e-02	9.599153793019848946e-02
1.809326059907075887e+03	1.879889453964415647e-01	1.170648595733609215e-01	2.908502876141763616e-01	1.837501067507779917e-01	8.587197511197922073e-02	3.839414658941832370e-02	9.607967896334343449e-02
1.814163830120731291e+03	1.876620921225829464e-01	1.168428146529280898e-01	2.910568655869073540e-01	1.838938441347478803e-01	8.593820708736257807e-02	3.843887700047537992e-02	9.616729941449350672e-02
1.819001600334386467e+03	1.873371752602301099e-01	1.166220604970614055e-01	2.912622247101514517e-01	1.840367089908366283e-01	8.600403792867643282e-02	3.848339038794931777e-02	9.625440222459238915e-02
1.823839370548041643e+03	1.870141833425926214e-01	1.164025895388175191e-01	2.914663727786880321e-01	1.841787066130828321e-01	8.606947005335259526e-02	3.852768734612426610e-02	9.634099032683988983e-02
1.828677140761696819e+03	1.866931049718134616e-01	1.161843942559026149e-01	2.916693175234344459e-01	1.843198422614334420e-01	8.613450586384500951e-02	3.857176847679730236e-02	9.642706664627143098e-02
1.833514910975352450e+03	1.863739288185243814e-01	1.159674671704048893e-01	2.918710666123556785e-01	1.844601211620619241e-01	8.619914774774765920e-02	3.861563438904288409e-02	9.651263409936025606e-02
1.838352681189008081e+03	1.860566436214054487e-01	1.157518008485287214e-01	2.920716276513502518e-01	1.845995485076794007e-01	8.626339807791044700e-02	3.865928569898236661e-02	9.659769559364100866e-02
1.843190451402663257e+03	1.857412381867480367e-01	1.155373879003306625e-01	2.922710081851139785e-01	1.847381294578393507e-01	8.632725921255302026e-02	3.870272302955850979e-02	9.668225402735405871e-02
1.848028221616318433e+03	1.854277013880215597e-01	1.153242209794571455e-01	2.924692156979820656e-01	1.848758691392355380e-01	8.639073349537687574e-02	3.874594701031486982e-02	9.676631228910963223e-02
1.852865991829973609e+03	1.851160221654435112e-01	1.151122927828838877e-01	2.926662576147500139e-01	1.850127726459941113e-01	8.645382325567539661e-02	3.878895827718001343e-02	9.684987325757078713e-02
1.857703762043628785e+03	1.848061895255534715e-01	1.149015960506569733e-01	2.928621413014745878e-01	1.851488450399594587e-01	8.651653080844240451e-02	3.883175747225632579e-02	9.693293980115449959e-02
1.862541532257283961e+03	1.844981925407901957e-01	1.146921235656356564e-01	2.930568740662550797e-01	1.852840913509744281e-01	8.657885845447868545e-02	3.887434524361342569e-02	9.701551477775018084e-02
1.867379302470939592e+03	1.841920203490724217e-01	1.144838681532367453e-01	2.932504631599958111e-01	1.854185165771548571e-01	8.664080848049716954e-02	3.891672224508604949e-02	9.709760103445463919e-02
1.872217072684594768e+03	1.838876621533826194e-01	1.142768226811807508e-01	2.934429157771496488e-01	1.855521256851590250e-01	8.670238315922626504e-02	3.895888913607627874e-02	9.717920140732307088e-02
1.877054842898249490e+03	1.835851072213545432e-01	1.140709800592395601e-01	2.936342390564452010e-01	1.856849236104515521e-01	8.676358474951174904e-02	3.900084658136001442e-02	9.726031872113508059e-02
1.881892613111905121e+03	1.832843448848636703e-01	1.138663332389857757e-01	2.938244400815955282e-01	1.858169152575625260e-01	8.682441549641718714e-02	3.904259525089767008e-02	9.734095578917534297e-02
1.886730383325560297e+03	1.829853645396211093e-01	1.136628752135436099e-01	2.940135258819913666e-01	1.859481055003418259e-01	8.688487763132281272e-02	3.908413581964889638e-02	9.742111541302807265e-02
1.891568153539215928e+03	1.826881556447705335e-01	1.134605990173414153e-01	2.942015034333776424e-01	1.860784991822087286e-01	8.694497337202310161e-02	3.912546896739135110e-02	9.750080038238485847e-02
1.896405923752871104e+03	1.823927077224883619e-01	1.132594977258657432e-01	2.943883796585152757e-01	1.862081011163969901e-01	8.700470492282284807e-02	3.916659537854329937e-02	9.758001347486518207e-02
1.901243693966526507e+03	1.820990103575868546e-01	1.130595644554169554e-01	2.945741614278270526e-01	1.863369160861956808e-01	8.706407447463206106e-02	3.920751574199010658e-02	9.765875745584901013e-02
1.906081464180181683e+03	1.818070531971205106e-01	1.128607923628664189e-01	2.947588555600300642e-01	1.864649488451857462e-01	8.712308420505952833e-02	3.924823075091440905e-02	9.773703507832112725e-02
1.910919234393836859e+03	1.815168259499952419e-01	1.126631746454152122e-01	2.949424688227532121e-01	1.865922041174725432e-01	8.718173627850508978e-02	3.928874110262998293e-02	9.781484908272651546e-02
1.915757004607492036e+03	1.812283183865806835e-01	1.124667045403543036e-01	2.951250079331420029e-01	1.867186865979146015e-01	8.724003284625075905e-02	3.932904749841914516e-02	9.789220219683626711e-02
1.920594774821147894e+03	1.809415203383253345e-01	1.122713753248262419e-01	2.953064795584495750e-01	1.868444009523483051e-01	8.729797604655073484e-02	3.936915064337371400e-02	9.796909713562385047e-02
1.925432545034802843e+03	1.806564216973745585e-01	1.120771803155884289e-01	2.954868903166153471e-01	1.869693518178091873e-01	8.735556800472012162e-02	3.940905124623934191e-02	9.804553660115082614e-02
1.930270315248458019e+03	1.803730124161917192e-01	1.118841128687777103e-01	2.956662467768309543e-01	1.870935438027495623e-01	8.741281083322270662e-02	3.944875001926322761e-02	9.812152328246195876e-02
1.935108085462113195e+03	1.800912825071816215e-01	1.116921663796765773e-01	2.958445554600949157e-01	1.872169814872528815e-01	8.746970663175758498e-02	3.948824767804508251e-02	9.819705985548919658e-02
1.939945855675768371e+03	1.798112220423173091e-01	1.115013342824807269e-01	2.960218228397551998e-01	1.873396694232444815e-01	8.752625748734479960e-02	3.952754494139136543e-02	9.827214898296396384e-02
1.944783625889424002e+03	1.795328211527692230e-01	1.113116100500680661e-01	2.961980553420408557e-01	1.874616121346994457e-01	8.758246547440992624e-02	3.956664253117259805e-02	9.834679331433768268e-02
1.949621396103079178e+03	1.792560700285373010e-01	1.111229871937692154e-01	2.963732593465827070e-01	1.875828141178473019e-01	8.763833265486767332e-02	3.960554117218378911e-02	9.842099548570987233e-02
1.954459166316734354e+03	1.789809589180855753e-01	1.109354592631393438e-01	2.965474411869232219e-01	1.877032798413735271e-01	8.769386107820464904e-02	3.964424159200788389e-02	9.849475811976360351e-02
1.959296936530389530e+03	1.787074781279796298e-01	1.107490198457314612e-01	2.967206071510172238e-01	1.878230137466183058e-01	8.774905278156100441e-02	3.968274452088213500e-02	9.856808382570812765e-02
1.964134706744044706e+03	1.784356180225264710e-01	1.105636625668710987e-01	2.968927634817211669e-01	1.879420202477725677e-01	8.780390978981134076e-02	3.972105069156738749e-02	9.864097519922790380e-02
1.968972476957700337e+03	1.781653690234172305e-01	1.103793810894323213e-01	2.970639163772741953e-01	1.880603037320710269e-01	8.785843411564470129e-02	3.975916083922017424e-02	9.871343482243830070e-02
1.973810247171355968e+03	1.778967216093722270e-01	1.101961691136152111e-01	2.972340719917691554e-01	1.881778685599828915e-01	8.791262775964366061e-02	3.979707570126761462e-02	9.878546526384719695e-02
1.978648017385010689e+03	1.776296663157886646e-01	1.100140203767246139e-01	2.974032364356148372e-01	1.882947190653997682e-01	8.796649271036262319e-02	3.983479601728497771e-02	9.885706907832249313e-02
1.983485787598666320e+03	1.773641937343908848e-01	1.098329286529503152e-01	2.975714157759892231e-01	1.884108595558211252e-01	8.802003094440533082e-02	3.987232252887595862e-02	9.892824880706510560e-02
1.988323557812321269e+03	1.771002945128829498e-01	1.096528877531484925e-01	2.977386160372847423e-01	1.885262943125374790e-01	8.807324442650152352e-02	3.990965597955550836e-02	9.899900697758723389e-02
1.993161328025976900e+03	1.768379593546038908e-01	1.094738915246245281e-01	2.979048432015445891e-01	1.886410275908111944e-01	8.812613510958293428e-02	3.994679711463523797e-02	9.906934610369561023e-02
1.997999098239632076e+03	1.765771790181850931e-01	1.092959338509171818e-01	2.980701032088916014e-01	1.887550636200547305e-01	8.817870493485836791e-02	3.998374668111133456e-02	9.913926868547967564e-02
2.002836868453287707e+03	1.763179443172104843e-01	1.091190086515839985e-01	2.982344019579489802e-01	1.888684066040072218e-01	8.823095583188823865e-02	4.002050542755489909e-02	9.920877720930415533e-02
2.007674638666942428e+03	1.760602461198787216e-01	1.089431098819880761e-01	2.983977453062537366e-01	1.889810607209084503e-01	8.828288971865827506e-02	4.005707410400470569e-02	9.927787414780601949e-02
2.012512408880597604e+03	1.758040753486679320e-01	1.087682315330861238e-01	2.985601390706624780e-01	1.890930301236709299e-01	8.833450850165253110e-02	4.009345346186226483e-02	9.934656195989566285e-02
2.017350179094252780e+03	1.755494229800027284e-01	1.085943676312177697e-01	2.987215890277505337e-01	1.892043189400499925e-01	8.838581407592580041e-02	4.012964425378925254e-02	9.941484309076185910e-02
2.022187949307908411e+03	1.752962800439235302e-01	1.084215122378961310e-01	2.988821009142035301e-01	1.893149312728118483e-01	8.843680832517525348e-02	4.016564723360713934e-02	9.948271997188051774e-02
2.027025719521564042e+03	1.750446376237582147e-01	1.082496594495997444e-01	2.990416804272026385e-01	1.894248711998997026e-01	8.848749312181151960e-02	4.020146315619906735e-02	9.955019502102699369e-02
2.031863489735218764e+03	1.747944868557959885e-01	1.080788033975656620e-01	2.992003332248033276e-01	1.895341427745981522e-01	8.853787032702910287e-02	4.023709277741385759e-02	9.961727064229181083e-02
2.036701259948874394e+03	1.745458189289634254e-01	1.079089382475838244e-01	2.993580649263073434e-01	1.896427500256955556e-01	8.858794179087613185e-02	4.027253685397217536e-02	9.968394922609946640e-02
2.041539030162529116e+03	1.742986250845028062e-01	1.077400581997926821e-01	2.995148811126286947e-01	1.897506969576449321e-01	8.863770935232359593e-02	4.030779614337474948e-02	9.975023314923042728e-02
2.046376800376184747e+03	1.740528966156527635e-01	1.075721574884760251e-01	2.996707873266539202e-01	1.898579875507228343e-01	8.868717483933391543e-02	4.034287140381263154e-02	9.981612477484583246e-02
2.051214570589840150e+03	1.738086248673307299e-01	1.074052303818610193e-01	2.998257890735959164e-01	1.899646257611868061e-01	8.873634006892894277e-02	4.037776339407946752e-02	9.988162645251508209e-02
2.056052340803495554e+03	1.735658012358179680e-01	1.072392711819175476e-01	2.999798918213423260e-01	1.900706155214310078e-01	8.878520684725736689e-02	4.041247287348571221e-02	9.994674051824598005e-02
2.060890111017150957e+03	1.733244171684465151e-01	1.070742742241586332e-01	3.001331010007986522e-01	1.901759607401404817e-01	8.883377696966167358e-02	4.044700060177476575e-02	1.000114692945172634e-01
2.065727881230805451e+03	1.730844641632881542e-01	1.069102338774421540e-01	3.002854220062251001e-01	1.902806653024435857e-01	8.888205222074437029e-02	4.048134733904100446e-02	1.000758150903135746e-01
2.070565651444461309e+03	1.728459337688456054e-01	1.067471445437737226e-01	3.004368601955693663e-01	1.903847330700632334e-01	8.893003437443393333e-02	4.051551384564961583e-02	1.001397802011624732e-01
2.075403421658116713e+03	1.726088175837458827e-01	1.065850006581106901e-01	3.005874208907930445e-01	1.904881678814664137e-01	8.897772519404993641e-02	4.054950088215830001e-02	1.002033669091737383e-01
2.080241191871772116e+03	1.723731072564354538e-01	1.064237966881674130e-01	3.007371093781938121e-01	1.905909735520122938e-01	8.902512643236787371e-02	4.058330920924067831e-02	1.002665774830804740e-01
2.085078962085427065e+03	1.721387944848776497e-01	1.062635271342216303e-01	3.008859309087226208e-01	1.906931538740991583e-01	8.907223983168338632e-02	4.061693958761149886e-02	1.003294141782821031e-01
2.089916732299082469e+03	1.719058710162519044e-01	1.061041865289220204e-01	3.010338906982958362e-01	1.907947126173095975e-01	8.911906712387601681e-02	4.065039277795348682e-02	1.003918792368891783e-01
2.094754502512737417e+03	1.716743286466551888e-01	1.059457694370968817e-01	3.011809939281029913e-01	1.908956535285547540e-01	8.916561003047251965e-02	4.068366954084591536e-02	1.004539748877697897e-01
2.099592272726392821e+03	1.714441592208053311e-01	1.057882704555639791e-01	3.013272457449098773e-01	1.909959803322169858e-01	8.921187026270956111e-02	4.071677063669477958e-02	1.005157033465975264e-01
2.104430042940048224e+03	1.712153546317462249e-01	1.056316842129415290e-01	3.014726512613574161e-01	1.910956967302912812e-01	8.925784952159608598e-02	4.074969682566458029e-02	1.005770668159009368e-01
2.109267813153704083e+03	1.709879068205550634e-01	1.054760053694603072e-01	3.016172155562559798e-01	1.911948064025255356e-01	8.930354949797514319e-02	4.078244886761168281e-02	1.006380674851143214e-01
2.114105583367359031e+03	1.707618077760514608e-01	1.053212286167768824e-01	3.017609436748756591e-01	1.912933130065595511e-01	8.934897187258535045e-02	4.081502752201923018e-02	1.006987075306298995e-01
2.118943353581013525e+03	1.705370495345086557e-01	1.051673486777879030e-01	3.019038406292324228e-01	1.913912201780627320e-01	8.939411831612172066e-02	4.084743354793353431e-02	1.007589891158510997e-01
2.123781123794669384e+03	1.703136241793662409e-01	1.050143603064456060e-01	3.020459113983701704e-01	1.914885315308708091e-01	8.943899048929625228e-02	4.087966770390200760e-02	1.008189143912470026e-01
2.128618894008324787e+03	1.700915238409451968e-01	1.048622582875743392e-01	3.021871609286389537e-01	1.915852506571211755e-01	8.948359004289796470e-02	4.091173074791246839e-02	1.008784854944079212e-01
2.133456664221980191e+03	1.698707406961645350e-01	1.047110374366881785e-01	3.023275941339695350e-01	1.916813811273873069e-01	8.952791861785258654e-02	4.094362343733395221e-02	1.009377045501019116e-01
2.138294434435635139e+03	1.696512669682596897e-01	1.045606925998096987e-01	3.024672158961438373e-01	1.917769264908119886e-01	8.957197784528170281e-02	4.097534652885884837e-02	1.009965736703321848e-01
2.143132204649290543e+03	1.694330949265031583e-01	1.044112186532897141e-01	3.026060310650620644e-01	1.918718902752394317e-01	8.961576934656163840e-02	4.100690077844647285e-02	1.010550949543954496e-01
