1.199767012986510281e+03	2.497946291004131958e-01	1.580439943192051833e-01	2.513103176797558125e-01	1.570279055296595616e-01	7.182832141449203844e-02	3.173937560494115295e-02	8.025545635102446229e-02
1.204604783200165684e+03	2.490972289190065136e-01	1.575832428200594770e-01	2.517785741478786310e-01	1.569763531824320824e-01	7.238647403086717613e-02	3.179323623582681196e-02	8.038489066342065226e-02
1.209442553413820860e+03	2.484043571202970979e-01	1.571254978048448603e-01	2.522427463820288707e-01	1.570465163643971762e-01	7.281094638843833844e-02	3.184795766557074748e-02	8.052197827391423257e-02
1.214280323627476264e+03	2.477158781032722801e-01	1.566706463133236138e-01	2.527029969802983000e-01	1.571980408540676333e-01	7.314480497002721904e-02	3.190330547549571211e-02	8.066432730300651666e-02
1.219118093841131440e+03	2.470316917763558939e-01	1.562186066773513793e-01	2.531594527921422477e-01	1.574036907515057870e-01	7.341713360103160890e-02	3.195911841416327476e-02	8.081030598694101397e-02
1.223955864054786844e+03	2.463517220967362531e-01	1.557693184018630883e-01	2.536122160573573425e-01	1.576450875668307106e-01	7.364757460757573315e-02	3.201528470854522052e-02	8.095879656058285745e-02
1.228793634268442020e+03	2.456759093306714048e-01	1.553227353315695392e-01	2.540613719442421092e-01	1.579098331773570452e-01	7.384939510532761986e-02	3.207172606689875916e-02	8.110902904342474906e-02
1.233631404482097196e+03	2.450042048263132155e-01	1.548788210362572193e-01	2.545069936557616264e-01	1.581895672011129628e-01	7.403155742567860131e-02	3.212838687529938342e-02	8.126046897906823163e-02
1.238469174695752372e+03	2.443365674830716983e-01	1.544375456941575464e-01	2.549491458929531440e-01	1.584786553072435322e-01	7.420011711458128489e-02	3.218522690109659745e-02	8.141274160638745094e-02
1.243306944909407548e+03	2.436729613665529204e-01	1.539988839868650927e-01	2.553878872085071916e-01	1.587733035476488752e-01	7.435916689429572513e-02	3.224221636437207827e-02	8.156558063124930147e-02
1.248144715123063179e+03	2.430133540970450534e-01	1.535628136772950736e-01	2.558232716103963078e-01	1.590709603465648436e-01	7.451147404969171717e-02	3.229933260837557912e-02	8.171879361012267251e-02
1.252982485336718355e+03	2.423577157603516996e-01	1.531293146488633128e-01	2.562553496585656121e-01	1.593699127223290046e-01	7.465891080828680748e-02	3.235655784967529647e-02	8.187223855141952111e-02
1.257820255550373531e+03	2.417060181713560074e-01	1.526983682561119937e-01	2.566841692187977197e-01	1.596690136583351349e-01	7.480274494520794404e-02	3.241387765740345178e-02	8.202580809227898173e-02
1.262658025764028707e+03	2.410582343757849411e-01	1.522699568856482888e-01	2.571097759845827890e-01	1.599674980282395076e-01	7.494383600897971953e-02	3.247127992485007025e-02	8.217941879140590322e-02
1.267495795977684338e+03	2.404143383128398703e-01	1.518440636591086024e-01	2.575322138418497664e-01	1.602648583144485051e-01	7.508276782040265718e-02	3.252875417354678111e-02	8.233300387729500236e-02
1.272333566191339514e+03	2.397743045864746403e-01	1.514206722320380616e-01	2.579515251271229936e-01	1.605607606998966652e-01	7.521993794157305624e-02	3.258629108189936563e-02	8.248650833048640219e-02
1.277171336404994690e+03	2.391381083100609095e-01	1.509997666575503272e-01	2.583677508132638523e-01	1.608549884203482327e-01	7.535561809012897294e-02	3.264388216548357036e-02	8.263988554265523645e-02
1.282009106618650094e+03	2.385057250006317464e-01	1.505813312937444304e-01	2.587809306458808134e-01	1.611474035232238200e-01	7.548999493499514157e-02	3.270151955978865821e-02	8.279309504122651930e-02
1.286846876832305497e+03	2.378771305066254838e-01	1.501653507406819354e-01	2.591911032460110231e-01	1.614379210545611454e-01	7.562319764519898069e-02	3.275919587217612783e-02	8.294610093423644692e-02
1.291684647045960673e+03	2.372523009582735154e-01	1.497518097973386253e-01	2.595983061896263155e-01	1.617264916373901962e-01	7.575531649398012379e-02	3.281690408061283676e-02	8.309887084226952325e-02
1.296522417259616077e+03	2.366312127333002890e-01	1.493406934320574697e-01	2.600025760711034417e-01	1.620130897158572336e-01	7.588641542314775168e-02	3.287463746402477516e-02	8.325137516000014060e-02
1.301360187473271253e+03	2.360138424329841500e-01	1.489319867621312909e-01	2.604039485554958677e-01	1.622977056246845684e-01	7.601654052917532212e-02	3.293238955403806484e-02	8.340358654098181668e-02
1.306197957686926657e+03	2.354001668652353496e-01	1.485256750395628489e-01	2.608024584228869625e-01	1.625803402412923926e-01	7.614572579547498887e-02	3.299015410119614244e-02	8.355547953384240278e-02
1.311035727900581833e+03	2.347901630324322197e-01	1.481217436410089128e-01	2.611981396070539030e-01	1.628610013815143809e-01	7.627399696514643168e-02	3.304792505098555488e-02	8.370703032134962918e-02
1.315873498114237009e+03	2.341838081224899559e-01	1.477201780605610082e-01	2.615910252299605276e-01	1.631397013723622780e-01	7.640137415805015042e-02	3.310569652651750711e-02	8.385821652954952854e-02
1.320711268327892412e+03	2.335810795021309727e-01	1.473209639044535391e-01	2.619811476331168620e-01	1.634164554193062446e-01	7.652787363994040248e-02	3.316346281573525484e-02	8.400901708480761065e-02
1.325549038541547588e+03	2.329819547116595557e-01	1.469240868870842487e-01	2.623685384065193027e-01	1.636912805097871515e-01	7.665350901897265146e-02	3.322121836170804227e-02	8.415941210375989245e-02
1.330386808755202765e+03	2.323864114607705478e-01	1.465295328279315745e-01	2.627532284156643416e-01	1.639641946785712623e-01	7.677829205548672431e-02	3.327895775503891818e-02	8.430938280602746915e-02
1.335224578968857941e+03	2.317944276250724356e-01	1.461372876490879824e-01	2.631352478269806672e-01	1.642352165172056566e-01	7.690223321059319606e-02	3.333667572772850557e-02	8.445891144282231811e-02
1.340062349182513572e+03	2.312059812431097594e-01	1.457473373732192379e-01	2.635146261319236682e-01	1.645043648480808696e-01	7.702534201832443583e-02	3.339436714804960848e-02	8.460798123678321681e-02
1.344900119396168748e+03	2.306210505137376576e-01	1.453596681218208286e-01	2.638913921699062026e-01	1.647716585094344544e-01	7.714762733858604449e-02	3.345202701613127216e-02	8.475657632987428081e-02
1.349737889609823924e+03	2.300396137937502639e-01	1.449742661136842747e-01	2.642655741501956923e-01	1.650371162150659765e-01	7.726909752955786470e-02	3.350965046004778652e-02	8.490468173718880573e-02
1.354575659823479100e+03	2.294616495956943170e-01	1.445911176635142348e-01	2.646371996728721920e-01	1.653007564643091953e-01	7.738976056564393635e-02	3.356723273227388282e-02	8.505228330518284363e-02
1.359413430037134731e+03	2.288871365858226592e-01	1.442102091806557462e-01	2.650062957489224269e-01	1.655625974857568017e-01	7.750962411859660395e-02	3.362476920641140066e-02	8.519936767332486616e-02
1.364251200250789907e+03	2.283160535821552595e-01	1.438315271679044549e-01	2.653728888195296398e-01	1.658226572036000379e-01	7.762869561371815719e-02	3.368225537412291443e-02	8.534592223846002024e-02
1.369088970464445310e+03	2.277483795526265287e-01	1.434550582203806268e-01	2.657370047746062669e-01	1.660809532190705151e-01	7.774698226917949040e-02	3.373968684222788950e-02	8.549193512139914575e-02
1.373926740678100487e+03	2.271840936133032174e-01	1.430807890244539526e-01	2.660986689706122954e-01	1.663375028019176138e-01	7.786449112388657556e-02	3.379705932993064266e-02	8.563739513538616566e-02
1.378764510891755890e+03	2.266231750266624601e-01	1.427087063567103742e-01	2.664579062476931659e-01	1.665923228885072827e-01	7.798122905756357803e-02	3.385436866615870038e-02	8.578229175619483948e-02
1.383602281105411066e+03	2.260656031999222215e-01	1.423387970829540494e-01	2.668147409461705810e-01	1.668454300842424631e-01	7.809720280553211769e-02	3.391161078699636566e-02	8.592661509367259531e-02
1.388440051319066470e+03	2.255113576834185951e-01	1.419710481572401262e-01	2.671691969224133656e-01	1.670968406687585728e-01	7.821241896986252939e-02	3.396878173320275196e-02	8.607035586459436949e-02
1.393277821532721646e+03	2.249604181690258720e-01	1.416054466209351048e-01	2.675212975641163560e-01	1.673465706028552935e-01	7.832688402803091032e-02	3.402587764780613117e-02	8.621350536672064968e-02
1.398115591746377049e+03	2.244127644886158846e-01	1.412419796018020701e-01	2.678710658050105220e-01	1.675946355364688334e-01	7.844060433984878511e-02	3.408289477376875293e-02	8.635605545397549709e-02
1.402953361960032225e+03	2.238683766125547092e-01	1.408806343131090433e-01	2.682185241390283581e-01	1.678410508172197280e-01	7.855358615318540350e-02	3.413982945171745165e-02	8.649799851267568618e-02
1.407791132173687402e+03	2.233272346482340631e-01	1.405213980527589279e-01	2.685636946339459707e-01	1.680858314992277891e-01	7.866583560883491644e-02	3.419667811773638433e-02	8.663932743875228659e-02
1.412628902387342805e+03	2.227893188386359802e-01	1.401642582024396899e-01	2.689065989445233451e-01	1.683289923519901421e-01	7.877735874476823885e-02	3.425343730121883229e-02	8.678003561591414450e-02
1.417466672600997981e+03	2.222546095609294892e-01	1.398092022267939938e-01	2.692472583251606655e-01	1.685705478691896519e-01	7.888816149993278792e-02	3.431010362277554099e-02	8.692011689470821589e-02
1.422304442814653157e+03	2.217230873250974899e-01	1.394562176726072411e-01	2.695856936420921168e-01	1.688105122773486677e-01	7.899824971771174376e-02	3.436667379219730811e-02	8.705956557243577087e-02
1.427142213028308333e+03	2.211947327725930779e-01	1.391052921680131504e-01	2.699219253851331546e-01	1.690488995442741560e-01	7.910762914911984023e-02	3.442314460646988400e-02	8.719837637388705431e-02
1.431979983241963964e+03	2.206695266750240136e-01	1.387564134217165457e-01	2.702559736789997280e-01	1.692857233872628320e-01	7.921630545578861593e-02	3.447951294783929699e-02	8.733654443285925051e-02
1.436817753455619140e+03	2.201474499328644474e-01	1.384095692222321594e-01	2.705878582942153887e-01	1.695209972810485521e-01	7.932428421277851194e-02	3.453577578192598002e-02	8.747406527442519453e-02
1.441655523669274316e+03	2.196284835741929287e-01	1.380647474371392569e-01	2.709175986576227158e-01	1.697547344654836698e-01	7.943157091124408709e-02	3.459193015588607478e-02	8.761093479792152194e-02
1.446493293882929493e+03	2.191126087534556455e-01	1.377219360123513592e-01	2.712452138625138787e-01	1.699869479529526051e-01	7.953817096097119677e-02	3.464797319661842845e-02	8.774714926062711362e-02
1.451331064096585123e+03	2.185998067502543107e-01	1.373811229714007598e-01	2.715707226783951600e-01	1.702176505355199598e-01	7.964408969280035999e-02	3.470390210901596467e-02	8.788270526210360811e-02
1.456168834310240300e+03	2.180900589681579183e-01	1.370422964147367528e-01	2.718941435603998702e-01	1.704468547918178145e-01	7.974933236094655653e-02	3.475971417425990917e-02	8.801759972917130859e-02
1.461006604523895703e+03	2.175833469335368697e-01	1.367054445190378775e-01	2.722154946583624224e-01	1.706745730936787830e-01	7.985390414522360036e-02	3.481540674815571806e-02	8.815182990149483810e-02
1.465844374737550879e+03	2.170796522944200835e-01	1.363705555365369582e-01	2.725347938255673341e-01	1.709008176125223766e-01	7.995781015317973695e-02	3.487097725950944610e-02	8.828539331775418775e-02
1.470682144951206283e+03	2.165789568193728920e-01	1.360376177943591613e-01	2.728520586271850346e-01	1.711256003255026137e-01	8.006105542214965454e-02	3.492642320854328492e-02	8.841828780237745433e-02
1.475519915164861459e+03	2.160812423963962281e-01	1.357066196938721825e-01	2.731673063484070241e-01	1.713489330214248429e-01	8.016364492122760033e-02	3.498174216534921666e-02	8.855051145281299385e-02
1.480357685378516862e+03	2.155864910318457395e-01	1.353775497100482561e-01	2.734805540022912651e-01	1.715708273064406875e-01	8.026558355316530668e-02	3.503693176837961026e-02	8.868206262731918865e-02
1.485195455592172038e+03	2.150946848493703600e-01	1.350503963908378513e-01	2.737918183373295178e-01	1.717912946095287718e-01	8.036687615619850233e-02	3.509198972297374736e-02	8.881293993325126146e-02
1.490033225805827215e+03	2.146058060888700880e-01	1.347251483565542751e-01	2.741011158447468343e-01	1.720103461877693918e-01	8.046752750580510316e-02	3.514691379991916054e-02	8.894314221582522162e-02
1.494870996019482618e+03	2.141198371054717497e-01	1.344017942992691839e-01	2.744084627655431485e-01	1.722279931314213974e-01	8.056754231639789987e-02	3.520170183404688208e-02	8.907266854733977834e-02
1.499708766233137567e+03	2.136367603685226935e-01	1.340803229822185028e-01	2.747138750972880628e-01	1.724442463688084515e-01	8.066692524295474009e-02	3.525635172285957603e-02	8.920151821683794391e-02
1.504546536446793198e+03	2.131565584606018304e-01	1.337607232392182544e-01	2.750173686006764928e-01	1.726591166710222669e-01	8.076568088258856415e-02	3.531086142519166554e-02	8.932969072019086854e-02
1.509384306660448374e+03	2.126792140765470795e-01	1.334429839740905455e-01	2.753189588058554960e-01	1.728726146564498745e-01	8.086381377605980636e-02	3.536522895990051873e-02	8.945718575058669852e-02
1.514222076874103550e+03	2.122047100224992155e-01	1.331270941600984081e-01	2.756186610185304420e-01	1.730847507951319697e-01	8.096132840923350726e-02	3.541945240458784644e-02	8.958400318940855367e-02
1.519059847087758726e+03	2.117330292149615378e-01	1.328130428393904938e-01	2.759164903258594648e-01	1.732955354129587233e-01	8.105822921448327389e-02	3.547352989435044457e-02	8.971014309748602533e-02
1.523897617301414357e+03	2.112641546798744996e-01	1.325008191224540666e-01	2.762124616021431334e-01	1.735049786957094387e-01	8.115452057204429470e-02	3.552745962055953860e-02	8.983560570670494350e-02
1.528735387515069533e+03	2.107980695517054914e-01	1.321904121875768778e-01	2.765065895143186125e-01	1.737130906929424679e-01	8.125020681131721323e-02	3.558123982966785587e-02	8.996039141196147948e-02
1.533573157728724709e+03	2.103347570725525584e-01	1.318818112803173404e-01	2.767988885272640309e-01	1.739198813217408268e-01	8.134529221212513650e-02	3.563486882204371098e-02	9.008450076344642898e-02
1.538410927942380113e+03	2.098742005912625774e-01	1.315750057129829176e-01	2.770893729089216606e-01	1.741253603703194763e-01	8.143978100592522140e-02	3.568834495083137576e-02	9.020793445924678300e-02
1.543248698156035516e+03	2.094163835625626746e-01	1.312699848641161460e-01	2.773780567352459037e-01	1.743295375014997095e-01	8.153367737697694850e-02	3.574166662083703289e-02	9.033069333825161085e-02
1.548086468369690692e+03	2.089612895462047149e-01	1.309667381779883177e-01	2.776649538949830798e-01	1.745324222560556138e-01	8.162698546346863759e-02	3.579483228743951528e-02	9.045277837335012616e-02
1.552924238583346096e+03	2.085089022061231145e-01	1.306652551641005744e-01	2.779500780942890659e-01	1.747340240559377422e-01	8.171970935860367602e-02	3.584784045552538018e-02	9.057419066491036175e-02
1.557762008797001272e+03	2.080592053096044225e-01	1.303655253966923555e-01	2.782334428611911714e-01	1.749343522073789903e-01	8.181185311164848595e-02	3.590068967844742276e-02	9.069493143452700412e-02
1.562599779010656675e+03	2.076121827264695019e-01	1.300675385142565088e-01	2.785150615498997451e-01	1.751334159038870075e-01	8.190342072894318814e-02	3.595337855700620616e-02	9.081500201902768799e-02
1.567437549224311852e+03	2.071678184282672586e-01	1.297712842190613669e-01	2.787949473449753968e-01	1.753312242291276690e-01	8.199441617487682188e-02	3.600590573845391384e-02	9.093440386472742554e-02
1.572275319437967255e+03	2.067260964874797768e-01	1.294767522766791523e-01	2.790731132653573865e-01	1.755277861597041578e-01	8.208484337282827281e-02	3.605826991551990685e-02	9.105313852192112312e-02
1.577113089651622431e+03	2.062870010767386963e-01	1.291839325155212381e-01	2.793495721682580646e-01	1.757231105678352390e-01	8.217470620607429665e-02	3.611046982545751405e-02	9.117120763960467889e-02
1.581950859865277607e+03	2.058505164680524691e-01	1.288928148263790985e-01	2.796243367529282486e-01	1.759172062239370282e-01	8.226400851866604025e-02	3.616250424911144484e-02	9.128861296041541895e-02
1.586788630078933011e+03	2.054166270320439414e-01	1.286033891619715042e-01	2.798974195642988105e-01	1.761100817991119172e-01	8.235275411627511477e-02	3.621437201000527600e-02	9.140535631578319831e-02
1.591626400292587959e+03	2.049853172371983723e-01	1.283156455364977411e-01	2.801688329965026369e-01	1.763017458675484039e-01	8.244094676701048396e-02	3.626607197344853400e-02	9.152143962128352073e-02
1.596464170506243590e+03	2.045565716491214714e-01	1.280295740251961301e-01	2.804385892962820703e-01	1.764922069088350476e-01	8.252859020220727759e-02	3.631760304566291481e-02	9.163686487218472565e-02
1.601301940719898766e+03	2.041303749298070402e-01	1.277451647639086529e-01	2.807067005662848280e-01	1.766814733101921553e-01	8.261568811718865424e-02	3.636896417292702355e-02	9.175163413918129007e-02
1.606139710933553943e+03	2.037067118369141894e-01	1.274624079486504358e-01	2.809731787682540061e-01	1.768695533686241994e-01	8.270224417200171263e-02	3.642015434073929414e-02	9.186574956430586247e-02
1.610977481147209119e+03	2.032855672230538258e-01	1.271812938351847000e-01	2.812380357261148878e-01	1.770564552929963509e-01	8.278826199212846459e-02	3.647117257299860998e-02	9.197921335701278456e-02
1.615815251360864750e+03	2.028669260350841330e-01	1.269018127386031536e-01	2.815012831289632200e-01	1.772421872060377379e-01	8.287374516917295209e-02	3.652201793120213313e-02	9.209202779042627296e-02
1.620653021574519926e+03	2.024507733134147947e-01	1.266239550329108232e-01	2.817629325339580104e-01	1.774267571462744553e-01	8.295869726152510504e-02	3.657268951365992560e-02	9.220419519774648853e-02
1.625490791788175102e+03	2.020370941913198770e-01	1.263477111506160488e-01	2.820229953691225644e-01	1.776101730698950998e-01	8.304312179500272784e-02	3.662318645472602968e-02	9.231571796880723435e-02
1.630328562001830505e+03	2.016258738942589834e-01	1.260730715823253356e-01	2.822814829360572597e-01	1.777924428525514411e-01	8.312702226347193357e-02	3.667350792404548698e-02	9.242659854677914844e-02
1.635166332215485909e+03	2.012170977392067073e-01	1.258000268763424523e-01	2.825384064125670003e-01	1.779735742910965313e-01	8.321040212944727510e-02	3.672365312581697683e-02	9.253683942501257642e-02
1.640004102429141085e+03	2.008107511339899121e-01	1.255285676382724147e-01	2.827937768552068465e-01	1.781535751052630845e-01	8.329326482467211412e-02	3.677362129807072721e-02	9.264644314401433711e-02
1.644841872642796488e+03	2.004068195766330052e-01	1.252586845306296881e-01	2.830476052017481536e-01	1.783324529392841251e-01	8.337561375068010261e-02	3.682341171196120561e-02	9.275541228855314901e-02
1.649679642856451665e+03	2.000052886547103725e-01	1.249903682724506498e-01	2.832999022735690486e-01	1.785102153634580135e-01	8.345745227933844268e-02	3.687302367107438833e-02	9.286374948488844427e-02
1.654517413070107068e+03	1.996061440447068347e-01	1.247236096389103266e-01	2.835506787779711879e-01	1.786868698756606810e-01	8.353878375337356332e-02	3.692245651074913676e-02	9.297145739811754628e-02
1.659355183283762244e+03	1.992093715113849306e-01	1.244583994609431699e-01	2.837999453104259051e-01	1.788624239028062390e-01	8.361961148688011602e-02	3.697170959741242352e-02	9.307853872963645081e-02
1.664192953497417420e+03	1.988149569071594180e-01	1.241947286248678423e-01	2.840477123567518580e-01	1.790368848022586279e-01	8.369993876581369174e-02	3.702078232792804097e-02	9.318499621470974215e-02
1.669030723711072824e+03	1.984228861714787406e-01	1.239325880720159034e-01	2.842939902952273945e-01	1.792102598631957477e-01	8.377976884846793926e-02	3.706967412895850050e-02	9.329083262014495337e-02
1.673868493924728000e+03	1.980331453302132394e-01	1.236719687983643262e-01	2.845387893986392469e-01	1.793825563079283480e-01	8.385910496593675101e-02	3.711838445633977579e-02	9.339605074206748514e-02
1.678706264138383403e+03	1.976457204950499147e-01	1.234128618541716765e-01	2.847821198362701645e-01	1.795537812931749799e-01	8.393795032256204380e-02	3.716691279446869556e-02	9.350065340379168366e-02
1.683544034352038352e+03	1.972605978628939327e-01	1.231552583436180265e-01	2.850239916758277592e-01	1.797239419112949266e-01	8.401630809636762010e-02	3.721525865570247948e-02	9.360464345378434470e-02
1.688381804565693983e+03	1.968777637152762383e-01	1.228991494244484201e-01	2.852644148853163419e-01	1.798930451914808049e-01	8.409418143947983149e-02	3.726342157977042407e-02	9.370802376371700770e-02
1.693219574779349159e+03	1.964972044177673849e-01	1.226445263076197112e-01	2.855033993348541910e-01	1.800610981009121703e-01	8.417157347853518323e-02	3.731140113319723201e-02	9.381079722660314035e-02
1.698057344993004335e+03	1.961189064193976372e-01	1.223913802569509823e-01	2.857409547984379738e-01	1.802281075458717630e-01	8.424848731507590671e-02	3.735919690873780452e-02	9.391296675501697999e-02
1.702895115206659511e+03	1.957428562520828474e-01	1.221397025887772381e-01	2.859770909556558771e-01	1.803940803728258380e-01	8.432492602593333331e-02	3.740680852482326790e-02	9.401453527939071519e-02
1.707732885420315142e+03	1.953690405300562427e-01	1.218894846716062769e-01	2.862118173933520526e-01	1.805590233694698565e-01	8.440089266360012443e-02	3.745423562501790093e-02	9.411550574638667677e-02
1.712570655633970318e+03	1.949974459493060142e-01	1.216407179257789489e-01	2.864451436072433799e-01	1.807229432657409263e-01	8.447639025659127443e-02	3.750147787748682460e-02	9.421588111734167936e-02
1.717408425847625494e+03	1.946280592870184289e-01	1.213933938231324255e-01	2.866770790034905980e-01	1.808858467347984333e-01	8.455142180979466349e-02	3.754853497447410704e-02	9.431566436678037735e-02
1.722246196061280898e+03	1.942608674010263825e-01	1.211475038866665910e-01	2.869076329002249737e-01	1.810477403939735053e-01	8.462599030481145201e-02	3.759540663179111730e-02	9.441485848099497036e-02
1.727083966274936301e+03	1.938958572292635019e-01	1.209030396902134458e-01	2.871368145290327245e-01	1.812086308056893302e-01	8.470009870028653853e-02	3.764209258831489879e-02	9.451346645668849689e-02
1.731921736488591478e+03	1.935330157892233560e-01	1.206599928581094938e-01	2.873646330363982537e-01	1.813685244783526385e-01	8.477374993222971944e-02	3.768859260549634743e-02	9.461149129967910687e-02
1.736759506702246881e+03	1.931723301774240231e-01	1.204183550648710022e-01	2.875910974851075275e-01	1.815274278672181218e-01	8.484694691432760616e-02	3.773490646687788219e-02	9.470893602366280140e-02
1.741597276915902057e+03	1.928137875688776537e-01	1.201781180348721334e-01	2.878162168556130940e-01	1.816853473752261250e-01	8.491969253824700747e-02	3.778103397762058030e-02	9.480580364903233581e-02
1.746435047129557461e+03	1.924573752165650020e-01	1.199392735420258954e-01	2.880400000473625766e-01	1.818422893538153284e-01	8.499198967392967985e-02	3.782697496404044402e-02	9.490209720174994090e-02
1.751272817343212637e+03	1.921030804509150369e-01	1.197018134094677277e-01	2.882624558800907510e-01	1.819982601037110070e-01	8.506384116987912580e-02	3.787272927315359777e-02	9.499781971227160005e-02
1.756110587556867813e+03	1.917508906792891321e-01	1.194657295092419885e-01	2.884835930950775951e-01	1.821532658756894185e-01	8.513524985343945417e-02	3.791829677223031853e-02	9.509297421452087007e-02
1.760948357770523216e+03	1.914007933854701138e-01	1.192310137619908977e-01	2.887034203563729751e-01	1.823073128713201818e-01	8.520621853106685739e-02	3.796367734835759400e-02	9.518756374491010863e-02
1.765786127984178393e+03	1.910527761291560545e-01	1.189976581366462005e-01	2.889219462519890258e-01	1.824604072436863955e-01	8.527674998859369193e-02	3.800887090801015333e-02	9.528159134140726239e-02
1.770623898197833569e+03	1.907068265454584244e-01	1.187656546501232868e-01	2.891391792950612771e-01	1.826125550980841616e-01	8.534684699148571696e-02	3.805387737662968561e-02	9.537506004264625914e-02
1.775461668411488745e+03	1.903629323444048227e-01	1.185349953670180034e-01	2.893551279249802488e-01	1.827637624927018756e-01	8.541651228509250515e-02	3.809869669821210059e-02	9.546797288707929707e-02
1.780299438625144376e+03	1.900210813104462881e-01	1.183056723993057141e-01	2.895698005084934579e-01	1.829140354392800871e-01	8.548574859489145583e-02	3.814332883490272746e-02	9.556033291216911585e-02
1.785137208838799552e+03	1.896812613019685789e-01	1.180776779060429826e-01	2.897832053407798369e-01	1.830633799037527376e-01	8.555455862672554923e-02	3.818777376659918815e-02	9.565214315361993125e-02
1.789974979052454728e+03	1.893434602508081988e-01	1.178510040930715319e-01	2.899953506464966746e-01	1.832118018068703558e-01	8.562294506703502228e-02	3.823203149056186162e-02	9.574340664464509043e-02
1.794812749266109904e+03	1.890076661617722253e-01	1.176256432127246593e-01	2.902062445808006319e-01	1.833593070248061008e-01	8.569091058308332676e-02	3.827610202103174514e-02	9.583412641527008780e-02
1.799650519479765535e+03	1.886738671121623578e-01	1.174015875635358308e-01	2.904158952303430019e-01	1.835059013897449298e-01	8.575845782317746691e-02	3.831998538885556665e-02	9.592430549166955367e-02
1.804488289693420711e+03	1.883420512513032663e-01	1.171788294899497596e-01	2.906243106142411547e-01	1.836515906904569451e-01	8.582558941688292475e-02	3.836368164111802342e-02	9.601394689553664763e-02
1.809326059907075887e+03	1.880122068000746050e-01	1.169573613820354824e-01	2.908314986850255579e-01	1.837963806728551697e-01	8.589230797523346450e-02	3.840719084078096646e-02	9.610305364348353807e-02
1.814163830120731291e+03	1.876843220504471887e-01	1.167371756752018791e-01	2.910374673295642034e-01	1.839402770405383358e-01	8.595861609093582989e-02	3.845051306632939203e-02	9.619162874647189942e-02
1.819001600334386467e+03	1.873583853650230280e-01	1.165182648499152596e-01	2.912422243699651081e-01	1.840832854553196007e-01	8.602451633856973701e-02	3.849364841142415006e-02	9.627967520927181722e-02
1.823839370548041643e+03	1.870343851765790821e-01	1.163006214314191294e-01	2.914457775644568871e-01	1.842254115377411905e-01	8.609001127478307924e-02	3.853659698456117499e-02	9.636719602994814338e-02
1.828677140761696819e+03	1.867123099876149273e-01	1.160842379894560378e-01	2.916481346082487880e-01	1.843666608675758600e-01	8.615510343848273300e-02	3.857935890873712831e-02	9.645419419937316385e-02
1.833514910975352450e+03	1.863921483699039205e-01	1.158691071379916032e-01	2.918493031343709632e-01	1.845070389843155023e-01	8.621979535102096415e-02	3.862193432112138308e-02	9.654067270076438501e-02
1.838352681189008081e+03	1.860738889640482785e-01	1.156552215349404972e-01	2.920492907144943695e-01	1.846465513876474063e-01	8.628408951637769886e-02	3.866432337273405240e-02	9.662663450924641184e-02
1.843190451402663257e+03	1.857575204790376244e-01	1.154425738818945224e-01	2.922481048597329600e-01	1.847852035379185798e-01	8.634798842133878383e-02	3.870652622813022803e-02	9.671208259143597441e-02
1.848028221616318433e+03	1.854430316918109223e-01	1.152311569238526900e-01	2.924457530214271128e-01	1.849230008565886652e-01	8.641149453567020799e-02	3.874854306509001312e-02	9.679701990504901987e-02
1.852865991829973609e+03	1.851304114468223516e-01	1.150209634489532673e-01	2.926422425919092407e-01	1.850599487266716137e-01	8.647461031228877160e-02	3.879037407431437656e-02	9.688144939852899595e-02
1.857703762043628785e+03	1.848196486556101525e-01	1.148119862882077818e-01	2.928375809052525258e-01	1.851960524931668961e-01	8.653733818742895267e-02	3.883201945912675285e-02	9.696537401069554862e-02
1.862541532257283961e+03	1.845107322963691621e-01	1.146042183152369276e-01	2.930317752380032226e-01	1.853313174634803051e-01	8.659968058080635966e-02	3.887347943518017213e-02	9.704879667041245439e-02
1.867379302470939592e+03	1.842036514135266811e-01	1.143976524460084548e-01	2.932248328098966406e-01	1.854657489078347654e-01	8.666163989577775617e-02	3.891475423016991370e-02	9.713172029627434312e-02
1.872217072684594768e+03	1.838983951173215337e-01	1.141922816385767953e-01	2.934167607845579728e-01	1.855993520596717905e-01	8.672321851949781057e-02	3.895584408355146078e-02	9.721414779631117054e-02
1.877054842898249490e+03	1.835949525833865670e-01	1.139880988928246575e-01	2.936075662701874145e-01	1.857321321160434746e-01	8.678441882307276478e-02	3.899674924626377048e-02	9.729608206770984369e-02
1.881892613111905121e+03	1.832933130523342613e-01	1.137850972502065239e-01	2.937972563202314036e-01	1.858640942379956584e-01	8.684524316171091107e-02	3.903746998045767858e-02	9.737752599655200014e-02
1.886730383325560297e+03	1.829934658293455307e-01	1.135832697934937296e-01	2.939858379340392625e-01	1.859952435509426016e-01	8.690569387487029340e-02	3.907800655922937655e-02	9.745848245756767725e-02
1.891568153539215928e+03	1.826954002837616886e-01	1.133826096465215122e-01	2.941733180575060169e-01	1.861255851450331900e-01	8.696577328640331395e-02	3.911835926635887084e-02	9.753895431390374737e-02
1.896405923752871104e+03	1.823991058486796601e-01	1.131831099739378232e-01	2.943597035837025588e-01	1.862551240755092596e-01	8.702548370469888328e-02	3.915852839605325070e-02	9.761894441690682767e-02
1.901243693966526507e+03	1.821045720205499430e-01	1.129847639809538201e-01	2.945450013534920974e-01	1.863838653630560949e-01	8.708482742282165623e-02	3.919851425269482714e-02	9.769845560591980393e-02
1.906081464180181683e+03	1.818117883587779260e-01	1.127875649130960917e-01	2.947292181561344537e-01	1.865118139941454867e-01	8.714380671864876970e-02	3.923831715059387243e-02	9.777749070809159393e-02
1.910919234393836859e+03	1.815207444853279839e-01	1.125915060559606329e-01	2.949123607298783645e-01	1.866389749213717142e-01	8.720242385500415194e-02	3.927793741374601549e-02	9.785605253819930349e-02
1.915757004607492036e+03	1.812314300843307080e-01	1.123965807349685125e-01	2.950944357625415737e-01	1.867653530637804205e-01	8.726068107979031985e-02	3.931737537559412687e-02	9.793414389848256740e-02
1.920594774821147894e+03	1.809438349016927461e-01	1.122027823151231785e-01	2.952754498920797110e-01	1.868909533071906603e-01	8.731858062611788651e-02	3.935663137879463758e-02	9.801176757848929777e-02
1.925432545034802843e+03	1.806579487447100285e-01	1.120101042007694003e-01	2.954554097071444563e-01	1.870157805045108423e-01	8.737612471243280665e-02	3.939570577498818782e-02	9.808892635493240975e-02
1.930270315248458019e+03	1.803737614816833534e-01	1.118185398353539334e-01	2.956343217476299357e-01	1.871398394760479256e-01	8.743331554264140160e-02	3.943459892457455707e-02	9.816562299155706661e-02
1.935108085462113195e+03	1.800912630415370530e-01	1.116280827011877086e-01	2.958121925052093482e-01	1.872631350098109271e-01	8.749015530623331649e-02	3.947331119649177822e-02	9.824186023901802789e-02
1.939945855675768371e+03	1.798104434134404628e-01	1.114387263192097161e-01	2.959890284238614888e-01	1.873856718618082118e-01	8.754664617840242358e-02	3.951184296799935269e-02	9.831764083476650373e-02
1.944783625889424002e+03	1.795312926464319725e-01	1.112504642487524009e-01	2.961648359003867803e-01	1.875074547563395366e-01	8.760279032016560219e-02	3.955019462446549700e-02	9.839296750294629357e-02
1.949621396103079178e+03	1.792538008490459633e-01	1.110632900873085444e-01	2.963396212849145894e-01	1.876284883862822384e-01	8.765858987847982564e-02	3.958836655915832364e-02	9.846784295429862610e-02
1.954459166316734354e+03	1.789779581889423821e-01	1.108771974702999763e-01	2.965133908813998853e-01	1.877487774133722864e-01	8.771404698635712482e-02	3.962635917304094257e-02	9.854226988607542315e-02
1.959296936530389530e+03	1.787037548925389796e-01	1.106921800708475928e-01	2.966861509481124037e-01	1.878683264684801735e-01	8.776916376297798361e-02	3.966417287457036506e-02	9.861625098196055705e-02
1.964134706744044706e+03	1.784311812446462142e-01	1.105082315995428721e-01	2.968579076981154863e-01	1.879871401518818375e-01	8.782394231380274974e-02	3.970180807950011992e-02	9.868978891199878256e-02
1.968972476957700337e+03	1.781602275881047359e-01	1.103253458042211393e-01	2.970286672997373145e-01	1.881052230335248654e-01	8.787838473068149137e-02	3.973926521068657514e-02	9.876288633253192673e-02
1.973810247171355968e+03	1.778908843234254522e-01	1.101435164697360525e-01	2.971984358770335399e-01	1.882225796532898121e-01	8.793249309196220220e-02	3.977654469789885378e-02	9.883554588614210101e-02
1.978648017385010689e+03	1.776231419084321472e-01	1.099627374177357397e-01	2.973672195102415317e-01	1.883392145212473834e-01	8.798626946259729964e-02	3.981364697763228183e-02	9.890777020160158861e-02
1.983485787598666320e+03	1.773569908579066268e-01	1.097830025064403525e-01	2.975350242362271858e-01	1.884551321179107897e-01	8.803971589424861022e-02	3.985057249292534021e-02	9.897956189382904613e-02
1.988323557812321269e+03	1.770924217432364167e-01	1.096043056304210755e-01	2.977018560489233523e-01	1.885703368944844083e-01	8.809283442539092568e-02	3.988732169317998205e-02	9.905092356385176988e-02
1.993161328025976900e+03	1.768294251920647930e-01	1.094266407203805386e-01	2.978677208997616566e-01	1.886848332731078659e-01	8.814562708141390757e-02	3.992389503398534323e-02	9.912185779877377700e-02
1.997999098239632076e+03	1.765679918879435040e-01	1.092500017429347686e-01	2.980326246980962157e-01	1.887986256470964574e-01	8.819809587472279833e-02	3.996029297694473487e-02	9.919236717174940987e-02
2.002836868453287707e+03	1.763081125699876572e-01	1.090743827003964189e-01	2.981965733116205830e-01	1.889117183811776235e-01	8.825024280483756423e-02	3.999651598950586251e-02	9.926245424196218636e-02
2.007674638666942428e+03	1.760497780325331052e-01	1.088997776305594273e-01	2.983595725667780307e-01	1.890241158117237641e-01	8.830206985849070600e-02	4.003256454479418858e-02	9.933212155460864612e-02
2.012512408880597604e+03	1.757929791247963835e-01	1.087261806064851871e-01	2.985216282491646722e-01	1.891358222469811667e-01	8.835357900972387601e-02	4.006843912144946590e-02	9.940137164088706789e-02
2.017350179094252780e+03	1.755377067505366762e-01	1.085535857362899259e-01	2.986827461039262555e-01	1.892468419672959645e-01	8.840477221998310764e-02	4.010414020346530356e-02	9.947020701799057230e-02
2.022187949307908411e+03	1.752839518677204167e-01	1.083819871629335685e-01	2.988429318361484066e-01	1.893571792253361252e-01	8.845565143821287890e-02	4.013966828003173032e-02	9.953863018910477645e-02
2.027025719521564042e+03	1.750317054881878609e-01	1.082113790640098910e-01	2.990021911112407116e-01	1.894668382463104428e-01	8.850621860094887161e-02	4.017502384538072097e-02	9.960664364340938992e-02
2.031863489735218764e+03	1.747809586773224622e-01	1.080417556515380489e-01	2.991605295553149135e-01	1.895758232281843647e-01	8.855647563240964804e-02	4.021020739863460924e-02	9.967424985608387689e-02
2.036701259948874394e+03	1.745317025537218847e-01	1.078731111717553814e-01	2.993179527555567820e-01	1.896841383418925164e-01	8.860642444458720346e-02	4.024521944365738041e-02	9.974145128831675422e-02
2.041539030162529116e+03	1.742839282888716812e-01	1.077054399049116734e-01	2.994744662605926533e-01	1.897917877315482560e-01	8.865606693733629751e-02	4.028006048890870466e-02	9.980825038731858112e-02
2.046376800376184747e+03	1.740376271068211911e-01	1.075387361650645413e-01	2.996300755808498639e-01	1.898987755146504808e-01	8.870540499846278626e-02	4.031473104730079471e-02	9.987464958633815448e-02
2.051214570589840150e+03	1.737927902838614092e-01	1.073729942998762760e-01	2.997847861889119114e-01	1.900051057822873257e-01	8.875444050381085803e-02	4.034923163605787927e-02	9.994065130468210434e-02
2.056052340803495554e+03	1.735494091482051859e-01	1.072082086904118242e-01	2.999386035198685074e-01	1.901107825993372524e-01	8.880317531734928382e-02	4.038356277657837584e-02	1.000062579477373620e-01
2.060890111017150957e+03	1.733074750796694818e-01	1.070443737509381849e-01	3.000915329716598023e-01	1.902158100046673073e-01	8.885161129125657142e-02	4.041772499429966553e-02	1.000714719069966813e-01
2.065727881230805451e+03	1.730669795093600638e-01	1.068814839287250129e-01	3.002435799054161691e-01	1.903201920113289092e-01	8.889975026600527297e-02	4.045171881856540752e-02	1.001362955600868659e-01
2.070565651444461309e+03	1.728279139193578950e-01	1.067195337038464586e-01	3.003947496457921029e-01	1.904239326067510563e-01	8.894759407044522392e-02	4.048554478249536542e-02	1.002007312707995507e-01
2.075403421658116713e+03	1.725902698424078840e-01	1.065585175889843389e-01	3.005450474812964012e-01	1.905270357529309511e-01	8.899514452188586611e-02	4.051920342285773857e-02	1.002647813891245077e-01
2.080241191871772116e+03	1.723540388616096874e-01	1.063984301292323909e-01	3.006944786646165158e-01	1.906295053866221556e-01	8.904240342617776582e-02	4.055269527994386641e-02	1.003284482512852988e-01
2.085078962085427065e+03	1.721192126101105946e-01	1.062392659019019275e-01	3.008430484129388516e-01	1.907313454195207758e-01	8.908937257779306340e-02	4.058602089744535457e-02	1.003917341797771479e-01
2.089916732299082469e+03	1.718857827708003827e-01	1.060810195163285896e-01	3.009907619082642372e-01	1.908325597384488148e-01	8.913605375990522883e-02	4.061918082233350463e-02	1.004546414834069229e-01
2.094754502512737417e+03	1.716537410760081983e-01	1.059236856136803739e-01	3.011376242977192863e-01	1.909331522055357777e-01	8.918244874446787374e-02	4.065217560474110314e-02	1.005171724573350606e-01
2.099592272726392821e+03	1.714230793072015757e-01	1.057672588667668279e-01	3.012836406938629863e-01	1.910331266583977783e-01	8.922855929229268901e-02	4.068500579784638249e-02	1.005793293831194340e-01
2.104430042940048224e+03	1.711937892946873430e-01	1.056117339798494509e-01	3.014288161749891781e-01	1.911324869103146473e-01	8.927438715312675799e-02	4.071767195775929937e-02	1.006411145287609277e-01
2.109267813153704083e+03	1.709658629173145816e-01	1.054571056884532620e-01	3.015731557854253175e-01	1.912312367504049593e-01	8.931993406572881489e-02	4.075017464340990186e-02	1.007025301487508018e-01
2.114105583367359031e+03	1.707392921021794463e-01	1.053033687591795747e-01	3.017166645358261290e-01	1.913293799437990883e-01	8.936520175794498977e-02	4.078251441643892389e-02	1.007635784841194454e-01
2.118943353581013525e+03	1.705140688243319547e-01	1.051505179895198538e-01	3.018593474034648172e-01	1.914269202318102658e-01	8.941019194678359594e-02	4.081469184109039194e-02	1.008242617624868220e-01
2.123781123794669384e+03	1.702901851064847483e-01	1.049985482076708360e-01	3.020012093325186164e-01	1.915238613321036121e-01	8.945490633848929285e-02	4.084670748410641067e-02	1.008845821981141783e-01
2.128618894008324787e+03	1.700676330187238794e-01	1.048474542723507874e-01	3.021422552343521195e-01	1.916202069388634743e-01	8.949934662861644408e-02	4.087856191462387045e-02	1.009445419919571679e-01
2.133456664221980191e+03	1.698464046782211800e-01	1.046972310726167754e-01	3.022824899877957217e-01	1.917159607229589058e-01	8.954351450210182306e-02	4.091025570407322981e-02	1.010041433317200865e-01
2.138294434435635139e+03	1.696264922489488791e-01	1.045478735276832022e-01	3.024219184394212334e-01	1.918111263321072013e-01	8.958741163333659718e-02	4.094178942607923366e-02	1.010633883919113685e-01
2.143132204649290543e+03	1.694078879413957184e-01	1.043993765867414075e-01	3.025605454038134967e-01	1.919057073910357680e-01	8.963103968623761797e-02	4.097316365636354679e-02	1.011222793339001252e-01
2.147969974862945492e+03	1.691905840122852056e-01	1.042517352287804372e-01	3.026983756638384482e-01	1.919997075016424970e-01	8.967440031431808678e-02	4.100437897264930243e-02	1.011808183059737520e-01
2.152807745076601350e+03	1.689745727642956441e-01	1.041049444624087827e-01	3.028354139709078519e-01	1.920931302431540533e-01	8.971749516075747111e-02	4.103543595456751042e-02	1.012390074433963949e-01
2.157645515290255844e+03	1.687598465457818553e-01	1.039589993256774397e-01	3.029716650452409787e-01	1.921859791722829169e-01	8.976032585847089351e-02	4.106633518356527651e-02	1.012968488684683616e-01
2.162483285503912157e+03	1.685463977504987887e-01	1.038138948859038402e-01	3.031071335761225116e-01	1.922782578233826201e-01	8.980289403017777117e-02	4.109707724281584651e-02	1.013543446905863510e-01
