1.204604783200165684e+03	2.489265614428099183e-01	1.577073712398530114e-01	2.517550616777218808e-01	1.572209018670726877e-01	7.206204086553517907e-02	3.183448062400732331e-02	8.049358228248805480e-02
1.209442553413820860e+03	2.482352733502826425e-01	1.572481024849509967e-01	2.522216198579003144e-01	1.571421609558813492e-01	7.263487846285576754e-02	3.188841345032088215e-02	8.062955143729606811e-02
1.214280323627476264e+03	2.475484634082277535e-01	1.567917884767495995e-01	2.526841859336174667e-01	1.572148682644620710e-01	7.304776741034109400e-02	3.194313426793726762e-02	8.076979223815269893e-02
1.219118093841131440e+03	2.468659844214403931e-01	1.563383203864914528e-01	2.531428757273561092e-01	1.573810287249459983e-01	7.336049167077629551e-02	3.199840137048635264e-02	8.091289769799142606e-02
1.223955864054786844e+03	2.461877346917532849e-01	1.558876240102400890e-01	2.535977832020917533e-01	1.576044967393938068e-01	7.361033392895929839e-02	3.205406047932131408e-02	8.105796694772847422e-02
1.228793634268442020e+03	2.455136409770399264e-01	1.554396467880864996e-01	2.540489880542488588e-01	1.578627497417990633e-01	7.382054676262879422e-02	3.211001192143004418e-02	8.120441575425474401e-02
1.233631404482097196e+03	2.448436478642564695e-01	1.549943497093886902e-01	2.544965604716646901e-01	1.581417588973869914e-01	7.400563456373124294e-02	3.216619016176173323e-02	8.135185833129809918e-02
1.238469174695752372e+03	2.441777111417937074e-01	1.545517022645676863e-01	2.549405641229564035e-01	1.584327909170391846e-01	7.417464690996106169e-02	3.222255103881682681e-02	8.150003360435301158e-02
1.243306944909407548e+03	2.435157936655154565e-01	1.541116792965138427e-01	2.553810580432432364e-01	1.587304139529437941e-01	7.433323204267218431e-02	3.227906380342786263e-02	8.164875919517144975e-02
1.248144715123063179e+03	2.428578627796996181e-01	1.536742590364636729e-01	2.558180978308676745e-01	1.590312542579459532e-01	7.448491725051918644e-02	3.233570615248571728e-02	8.179790269150599702e-02
1.252982485336718355e+03	2.422038887075330382e-01	1.532394218784432216e-01	2.562517364136880360e-01	1.593332209577214276e-01	7.463190721588898457e-02	3.239246113013764805e-02	8.194736369607545645e-02
1.257820255550373531e+03	2.415538435461839772e-01	1.528071496142496544e-01	2.566820245461999273e-01	1.596350226983447029e-01	7.477558180298107815e-02	3.244931519345619492e-02	8.209706259807227069e-02
1.262658025764028707e+03	2.409077006388818665e-01	1.523774249556135996e-01	2.571090111380641696e-01	1.599358662823521793e-01	7.491680644258887078e-02	3.250625700424376180e-02	8.224693353774337190e-02
1.267495795977684338e+03	2.402654341821084949e-01	1.519502312354507334e-01	2.575327434767845647e-01	1.602352687770418338e-01	7.505612566762129290e-02	3.256327667366118450e-02	8.239691998681966667e-02
1.272333566191339514e+03	2.396270189794252881e-01	1.515255522208042160e-01	2.579532673836855694e-01	1.605329403740226590e-01	7.519388379097399766e-02	3.262036528926366002e-02	8.254697196131235981e-02
1.277171336404994690e+03	2.389924302867685868e-01	1.511033719954531507e-01	2.583706273276292209e-01	1.608287113628004417e-01	7.533030015524840028e-02	3.267751461818400177e-02	8.269704425340393406e-02
1.282009106618650094e+03	2.383616437148138589e-01	1.506836748859830821e-01	2.587848665117358782e-01	1.611224866096827579e-01	7.546551605706894317e-02	3.273471692020635954e-02	8.284709529999687017e-02
1.286846876832305497e+03	2.377346351669588909e-01	1.502664454149786333e-01	2.591960269426533126e-01	1.614142171862157360e-01	7.559962400985190123e-02	3.279196482941586221e-02	8.299708644941336533e-02
1.291684647045960673e+03	2.371113807995498812e-01	1.498516682711493742e-01	2.596041494883497558e-01	1.617038826901696091e-01	7.573268599412130708e-02	3.284925127866193673e-02	8.314698147748576795e-02
1.296522417259616077e+03	2.364918569960096362e-01	1.494393282900353670e-01	2.600092739281801846e-01	1.619914802330566506e-01	7.586474484119919148e-02	3.290656945077007761e-02	8.329674626023650386e-02
1.301360187473271253e+03	2.358760403496651670e-01	1.490294104413293907e-01	2.604114389975870081e-01	1.622770175839130524e-01	7.599583133526917333e-02	3.296391274648335923e-02	8.344634854524042578e-02
1.306197957686926657e+03	2.352639076520301464e-01	1.486218998203449326e-01	2.608106824289294634e-01	1.625605089041682882e-01	7.612596864560927656e-02	3.302127476288489044e-02	8.359575778552059966e-02
1.311035727900581833e+03	2.346554358845180377e-01	1.482167816420873752e-01	2.612070409893937906e-01	1.628419720977050955e-01	7.625517509398212213e-02	3.307864927840340613e-02	8.374494501339774244e-02
1.315873498114237009e+03	2.340506022123221008e-01	1.478140412369671752e-01	2.616005505165988620e-01	1.631214271676392491e-01	7.638346588381549063e-02	3.313603024196979524e-02	8.389388274017481328e-02
1.320711268327892412e+03	2.334493839796740744e-01	1.474136640475539328e-01	2.619912459522993342e-01	1.633988952004421236e-01	7.651085418189519649e-02	3.319341176480655742e-02	8.404254487281637154e-02
1.325549038541547588e+03	2.328517587059881211e-01	1.470156356259962604e-01	2.623791613744553830e-01	1.636743977408733342e-01	7.663735179619809990e-02	3.325078811390209943e-02	8.419090664207438957e-02
1.330386808755202765e+03	2.322577040825824501e-01	1.466199416318731963e-01	2.627643300278561522e-01	1.639479564102555853e-01	7.676296960177667050e-02	3.330815370657712327e-02	8.433894453856649598e-02
1.335224578968857941e+03	2.316671979697849937e-01	1.462265678303300287e-01	2.631467843534288087e-01	1.642195926761567670e-01	7.688771780941976164e-02	3.336550310577228451e-02	8.448663625459497395e-02
1.340062349182513572e+03	2.310802183943020116e-01	1.458355000904065224e-01	2.635265560163328469e-01	1.644893277161688649e-01	7.701160613615765094e-02	3.342283101582428639e-02	8.463396063029543503e-02
1.344900119396168748e+03	2.304967435467730197e-01	1.454467243834992873e-01	2.639036759329177473e-01	1.647571823400625080e-01	7.713464391444567470e-02	3.348013227858406826e-02	8.478089760320525747e-02
1.349737889609823924e+03	2.299167517794637183e-01	1.450602267819220692e-01	2.642781742966073821e-01	1.650231769480567101e-01	7.725684016299871892e-02	3.353740186978447502e-02	8.492742816065447509e-02
1.354575659823479100e+03	2.293402216040656416e-01	1.446759934575397866e-01	2.646500806027653474e-01	1.652873315113347341e-01	7.737820363360423115e-02	3.359463489559851718e-02	8.507353429457928384e-02
1.359413430037134731e+03	2.287671316895824036e-01	1.442940106804618539e-01	2.650194236725892938e-01	1.655496655661700955e-01	7.749874284285224180e-02	3.365182658935012006e-02	8.521919895848144300e-02
1.364251200250789907e+03	2.281974608602897192e-01	1.439142648177846318e-01	2.653862316760770002e-01	1.658101982162885346e-01	7.761846609435961442e-02	3.370897230835273595e-02	8.536440602633521557e-02
1.369088970464445310e+03	2.276311880937592624e-01	1.435367423323762881e-01	2.657505321541040466e-01	1.660689481401250167e-01	7.773738149497012861e-02	3.376606753085910351e-02	8.550914025329359180e-02
1.373926740678100487e+03	2.270682925189412560e-01	1.431614297816995729e-01	2.661123520396504460e-01	1.663259336009025591e-01	7.785549696710550305e-02	3.382310785311085088e-02	8.565338723807722210e-02
1.378764510891755890e+03	2.265087534143002956e-01	1.427883138166693155e-01	2.664717176782112062e-01	1.665811724582491049e-01	7.797282025862688204e-02	3.388008898647978245e-02	8.579713338695085789e-02
1.383602281105411066e+03	2.259525502060013014e-01	1.424173811805419521e-01	2.668286548474234077e-01	1.668346821805618829e-01	7.808935895105834080e-02	3.393700675469480538e-02	8.594036587920567127e-02
1.388440051319066470e+03	2.253996624661430692e-01	1.420486187078353613e-01	2.671831887759426039e-01	1.670864798576337240e-01	7.820512046670696771e-02	3.399385709114977755e-02	8.608307263407591337e-02
1.393277821532721646e+03	2.248500699110365930e-01	1.416820133232772894e-01	2.675353441615967998e-01	1.673365822132477088e-01	7.832011207501579642e-02	3.405063603628843971e-02	8.622524227902481075e-02
1.398115591746377049e+03	2.243037523995265459e-01	1.413175520407813357e-01	2.678851451888490387e-01	1.675850056175647029e-01	7.843434089836276435e-02	3.410733973506314964e-02	8.636686411933992835e-02
1.402953361960032225e+03	2.237606899313541176e-01	1.409552219624486402e-01	2.682326155455945216e-01	1.678317660992018900e-01	7.854781391744158903e-02	3.416396443446449716e-02	8.650792810898222385e-02
1.407791132173687402e+03	2.232208626455595701e-01	1.405950102775950228e-01	2.685777784393194034e-01	1.680768793569460684e-01	7.866053797631220035e-02	3.422050648111924637e-02	8.664842482263598877e-02
1.412628902387342805e+03	2.226842508189227632e-01	1.402369042618017980e-01	2.689206566126468578e-01	1.683203607710739291e-01	7.877251978717818293e-02	3.427696231895411422e-02	8.678834542890988268e-02
1.417466672600997981e+03	2.221508348644407049e-01	1.398808912759900991e-01	2.692612723582940015e-01	1.685622254142680743e-01	7.888376593492989197e-02	3.433332848692320638e-02	8.692768166464151514e-02
1.422304442814653157e+03	2.216205953298404918e-01	1.395269587655171284e-01	2.695996475334641040e-01	1.688024880621288859e-01	7.899428288147977706e-02	3.438960161679689015e-02	8.706642581026020900e-02
1.427142213028308333e+03	2.210935128961263596e-01	1.391750942592940576e-01	2.699358035736951766e-01	1.690411632032880473e-01	7.910407696990896798e-02	3.444577843101018222e-02	8.720457066616466024e-02
1.431979983241963964e+03	2.205695683761597914e-01	1.388252853689244115e-01	2.702697615061878111e-01	1.692782650491333474e-01	7.921315442843962495e-02	3.450185574056854887e-02	8.734210953007387479e-02
1.436817753455619140e+03	2.200487427132714613e-01	1.384775197878624631e-01	2.706015419626317531e-01	1.695138075431564528e-01	7.932152137424411387e-02	3.455783044300942547e-02	8.747903617531171960e-02
1.441655523669274316e+03	2.195310169799039035e-01	1.381317852905906418e-01	2.709311651915515262e-01	1.697478043699366390e-01	7.942918381710015185e-02	3.461369952041758180e-02	8.761534482998689644e-02
1.446493293882929493e+03	2.190163723762838244e-01	1.377880697318155379e-01	2.712586510701905373e-01	1.699802689637730235e-01	7.953614766289990312e-02	3.466946003749256378e-02	8.775103015703188125e-02
1.451331064096585123e+03	2.185047902291231137e-01	1.374463610456816698e-01	2.715840191159509809e-01	1.702112145169792645e-01	7.964241871701982500e-02	3.472510913966667112e-02	8.788608723506569076e-02
1.456168834310240300e+03	2.179962519903474449e-01	1.371066472450024054e-01	2.719072884974075288e-01	1.704406539878533522e-01	7.974800268755766197e-02	3.478064405127183345e-02	8.802051154004696121e-02
1.461006604523895703e+03	2.174907392358516045e-01	1.367689164205074526e-01	2.722284780449119590e-01	1.706686001083352333e-01	7.985290518844216645e-02	3.483606207375378877e-02	8.815429892768503195e-02
1.465844374737550879e+03	2.169882336642808829e-01	1.364331567401063094e-01	2.725476062608039318e-01	1.708950653913647866e-01	7.995713174242108368e-02	3.489136058393216971e-02	8.828744561657811407e-02
1.470682144951206283e+03	2.164887170958371132e-01	1.360993564481671192e-01	2.728646913292446241e-01	1.711200621379521392e-01	8.006068778393235497e-02	3.494653703230504033e-02	8.841994817204895662e-02
1.475519915164861459e+03	2.159921714711089680e-01	1.357675038648104848e-01	2.731797511256867650e-01	1.713436024439717043e-01	8.016357866186352155e-02	3.500158894139648869e-02	8.855180349064938061e-02
1.480357685378516862e+03	2.154985788499257926e-01	1.354375873852175782e-01	2.734928032259964503e-01	1.715656982066911806e-01	8.026580964220367265e-02	3.505651390414597779e-02	8.868300878530663289e-02
1.485195455592172038e+03	2.150079214102335601e-01	1.351095954789520159e-01	2.738038649152397808e-01	1.717863611310460614e-01	8.036738591059253145e-02	3.511130958233817101e-02	8.881356157108515059e-02
1.490033225805827215e+03	2.145201814469930024e-01	1.347835166892952519e-01	2.741129531961474797e-01	1.720056027356700601e-01	8.046831257477070343e-02	3.516597370507199699e-02	8.894345965153870048e-02
1.494870996019482618e+03	2.140353413710987251e-01	1.344593396325948487e-01	2.744200847972707025e-01	1.722234343586911964e-01	8.056859466693516714e-02	3.522050406726772581e-02	8.907270110562878762e-02
1.499708766233137567e+03	2.135533837083188058e-01	1.341370529976252390e-01	2.747252761808390842e-01	1.724398671633029512e-01	8.066823714600383777e-02	3.527489852821100863e-02	8.920128427518626835e-02
1.504546536446793198e+03	2.130742910982539873e-01	1.338166455449603109e-01	2.750285435503339593e-01	1.726549121431196210e-01	8.076724489979281163e-02	3.532915501013268039e-02	8.932920775289376891e-02
1.509384306660448374e+03	2.125980462933162174e-01	1.334981061063581775e-01	2.753299028577868013e-01	1.728685801273247558e-01	8.086562274710994147e-02	3.538327149682325701e-02	8.945647037076802366e-02
1.514222076874103550e+03	2.121246321577255067e-01	1.331814235841566052e-01	2.756293698108140400e-01	1.730808817856205328e-01	8.096337543976797613e-02	3.543724603228119024e-02	8.958307118912127442e-02
1.519059847087758726e+03	2.116540316665248833e-01	1.328665869506797659e-01	2.759269598793988587e-01	1.732918276329868112e-01	8.106050766452058132e-02	3.549107671939379788e-02	8.970900948598239943e-02
1.523897617301414357e+03	2.111862279046126667e-01	1.325535852476552034e-01	2.762226883024292423e-01	1.735014280342566384e-01	8.115702404492439181e-02	3.554476171864988376e-02	8.983428474695906440e-02
1.528735387515069533e+03	2.107212040657915064e-01	1.322424075856411529e-01	2.765165700940018234e-01	1.737096932085165912e-01	8.125292914313002324e-02	3.559829924688326375e-02	8.995889665552264658e-02
1.533573157728724709e+03	2.102589434518337963e-01	1.319330431434637685e-01	2.768086200495014637e-01	1.739166332333383080e-01	8.134822746160480511e-02	3.565168757604612881e-02	9.008284508369873711e-02
1.538410927942380113e+03	2.097994294715628538e-01	1.316254811676636494e-01	2.770988527514640087e-01	1.741222580488480387e-01	8.144292344479026058e-02	3.570492503201151691e-02	9.020613008314669334e-02
1.543248698156035516e+03	2.093426456399494484e-01	1.313197109719516920e-01	2.773872825752315419e-01	1.743265774616413744e-01	8.153702148069665034e-02	3.575800999340395664e-02	9.032875187661226768e-02
1.548086468369690692e+03	2.088885755772232622e-01	1.310157219366738790e-01	2.776739236944083533e-01	1.745296011485485688e-01	8.163052590243730089e-02	3.581094089045754048e-02	9.045071084973804743e-02
1.552924238583346096e+03	2.084372030079985616e-01	1.307135035082847840e-01	2.779587900861237859e-01	1.747313386602569185e-01	8.172344098970510395e-02	3.586371620390064324e-02	9.057200754321713398e-02
1.557762008797001272e+03	2.079885117604139133e-01	1.304130451988292638e-01	2.782418955361117829e-01	1.749317994247960861e-01	8.181577097019347711e-02	3.591633446386650885e-02	9.069264264527589214e-02
1.562599779010656675e+03	2.075424857652857502e-01	1.301143365854323386e-01	2.785232536436120232e-01	1.751309927508913067e-01	8.190752002096407525e-02	3.596879424882896970e-02	9.081261698447244679e-02
1.567437549224311852e+03	2.070991090552745939e-01	1.298173673097969827e-01	2.788028778261010809e-01	1.753289278311905286e-01	8.199869226976327918e-02	3.602109418456266726e-02	9.093193152279781255e-02
1.572275319437967255e+03	2.066583657640644889e-01	1.295221270777093814e-01	2.790807813238591617e-01	1.755256137453698184e-01	8.208929179628966788e-02	3.607323294312696216e-02	9.105058734906743001e-02
1.577113089651622431e+03	2.062202401255546491e-01	1.292286056585517373e-01	2.793569772043792976e-01	1.757210594631226364e-01	8.217932263341432009e-02	3.612520924187302696e-02	9.116858567259118751e-02
1.581950859865277607e+03	2.057847164730632339e-01	1.289367928848221267e-01	2.796314783666247750e-01	1.759152738470370070e-01	8.226878876835598542e-02	3.617702184247337943e-02	9.128592781711034054e-02
1.586788630078933011e+03	2.053517792385427254e-01	1.286466786516612115e-01	2.799042975451409010e-01	1.761082656553654424e-01	8.235769414381266529e-02	3.622866954997326638e-02	9.140261521499067066e-02
1.591626400292587959e+03	2.049214129518067140e-01	1.283582529163859176e-01	2.801754473140260493e-01	1.763000435446919756e-01	8.244604265905167151e-02	3.628015121186339842e-02	9.151864940166111462e-02
1.596464170506243590e+03	2.044936022397681186e-01	1.280715056980293864e-01	2.804449400907683687e-01	1.764906160725001338e-01	8.253383817095963360e-02	3.633146571717323775e-02	9.163403201028794132e-02
1.601301940719898766e+03	2.040683318256874268e-01	1.277864270768874766e-01	2.807127881399524294e-01	1.766799916996460718e-01	8.262108449505407848e-02	3.638261199558453368e-02	9.174876476667480352e-02
1.606139710933553943e+03	2.036455865284320654e-01	1.275030071940712328e-01	2.809790035768409688e-01	1.768681787927405547e-01	8.270778540645816468e-02	3.643358901656445353e-02	9.186284948437932474e-02
1.610977481147209119e+03	2.032253512617456792e-01	1.272212362510655170e-01	2.812435983708369003e-01	1.770551856264435120e-01	8.279394464084000038e-02	3.648439578851772613e-02	9.197628806003740887e-02
1.615815251360864750e+03	2.028076110335272630e-01	1.269411045092933288e-01	2.815065843488293584e-01	1.772410203856746302e-01	8.287956589531805807e-02	3.653503135795741624e-02	9.208908246888668214e-02
1.620653021574519926e+03	2.023923509451200919e-01	1.266626022896857884e-01	2.817679731984291669e-01	1.774256911677432047e-01	8.296465282933386531e-02	3.658549480869376785e-02	9.220123476048089350e-02
1.625490791788175102e+03	2.019795561906097825e-01	1.263857199722576985e-01	2.820277764710967250e-01	1.776092059844008308e-01	8.304920906549344284e-02	3.663578526104069311e-02	9.231274705458752949e-02
1.630328562001830505e+03	2.015692120561319578e-01	1.261104479956883517e-01	2.822860055851679206e-01	1.777915727638195720e-01	8.313323819037869711e-02	3.668590187103937250e-02	9.242362153726088603e-02
1.635166332215485909e+03	2.011613039191881835e-01	1.258367768569074452e-01	2.825426718287800676e-01	1.779727993524989338e-01	8.321674375532987777e-02	3.673584382969857787e-02	9.253386045708363039e-02
1.640004102429141085e+03	2.007558172479712022e-01	1.255646971106862964e-01	2.827977863627034183e-01	1.781528935171043382e-01	8.329972927720036280e-02	3.678561036225136416e-02	9.264346612156976191e-02
1.644841872642796488e+03	2.003527376006981331e-01	1.252941993692338329e-01	2.830513602230802506e-01	1.783318629462397609e-01	8.338219823908481210e-02	3.683520072742752643e-02	9.275244089372243483e-02
1.649679642856451665e+03	1.999520506249522211e-01	1.250252743017972734e-01	2.833034043240763578e-01	1.785097152521575303e-01	8.346415409102178606e-02	3.688461421674158608e-02	9.286078718874002380e-02
1.654517413070107068e+03	1.995537420570324683e-01	1.247579126342675815e-01	2.835539294604473293e-01	1.786864579724069813e-01	8.354560025067182816e-02	3.693385015379585523e-02	9.296850747086472799e-02
1.659355183283762244e+03	1.991577977213112860e-01	1.244921051487895558e-01	2.838029463100227856e-01	1.788620985714254319e-01	8.362654010397191362e-02	3.698290789359821168e-02	9.307560425036753848e-02
1.664192953497417420e+03	1.987642035295994480e-01	1.242278426833761523e-01	2.840504654361125647e-01	1.790366444420730396e-01	8.370697700576737454e-02	3.703178682189416787e-02	9.318208008066394821e-02
1.669030723711072824e+03	1.983729454805189529e-01	1.239651161315272476e-01	2.842964972898361919e-01	1.792101029071139773e-01	8.378691428042205069e-02	3.708048635451298425e-02	9.328793755555522815e-02
1.673868493924728000e+03	1.979840096588828535e-01	1.237039164418525378e-01	2.845410522123804631e-01	1.793824812206461228e-01	8.386635522240751262e-02	3.712900593672737587e-02	9.339317930658980194e-02
1.678706264138383403e+03	1.975973822350822473e-01	1.234442346176986421e-01	2.847841404371856955e-01	1.795537865694812052e-01	8.394530309687231462e-02	3.717734504262654172e-02	9.349780800054000029e-02
1.683544034352038352e+03	1.972130494644804555e-01	1.231860617167800653e-01	2.850257720920649773e-01	1.797240260744775997e-01	8.402376114019201314e-02	3.722550317450219054e-02	9.360182633698929666e-02
1.688381804565693983e+03	1.968309976868136690e-01	1.229293888508142113e-01	2.852659572012581912e-01	1.798932067918271038e-01	8.410173256050061663e-02	3.727347986224719550e-02	9.370523704602555515e-02
1.693219574779349159e+03	1.964512133255984228e-01	1.226742071851601168e-01	2.855047056874229217e-01	1.800613357142984150e-01	8.417922053820431350e-02	3.732127466276664862e-02	9.380804288603572516e-02
1.698057344993004335e+03	1.960736828875455362e-01	1.224205079384609735e-01	2.857420273735650218e-01	1.802284197724379200e-01	8.425622822647815813e-02	3.736888715940095418e-02	9.391024664159802748e-02
1.702895115206659511e+03	1.956983929619803830e-01	1.221682823822902442e-01	2.859779319849110601e-01	1.803944658357304331e-01	8.433275875174635339e-02	3.741631696136073215e-02	9.401185112146739908e-02
1.707732885420315142e+03	1.953253302202693220e-01	1.219175218408013739e-01	2.862124291507244234e-01	1.805594807137210212e-01	8.440881521414678179e-02	3.746356370317319856e-02	9.411285915665044965e-02
1.712570655633970318e+03	1.949544814152523453e-01	1.216682176903809975e-01	2.864455284060675178e-01	1.807234711570994135e-01	8.448440068798042379e-02	3.751062704413980070e-02	9.421327359856609962e-02
1.717408425847625494e+03	1.945858333806814722e-01	1.214203613593054093e-01	2.866772391935115682e-01	1.808864438587485246e-01	8.455951822214621827e-02	3.755750666780478114e-02	9.431309731728855505e-02
1.722246196061280898e+03	1.942193730306651100e-01	1.211739443274005984e-01	2.869075708647965683e-01	1.810484054547587818e-01	8.463417084056203132e-02	3.760420228143449006e-02	9.441233319986891415e-02
1.727083966274936301e+03	1.938550873591180779e-01	1.209289581257053103e-01	2.871365326824423247e-01	1.812093625254090623e-01	8.470836154257210815e-02	3.765071361550716839e-02	9.451098414873240761e-02
1.731921736488591478e+03	1.934929634392171527e-01	1.206853943361374665e-01	2.873641338213132057e-01	1.813693215961160177e-01	8.478209330334170180e-02	3.769704042321294496e-02	9.460905308014797011e-02
1.736759506702246881e+03	1.931329884228621396e-01	1.204432445911635952e-01	2.875903833701374812e-01	1.815282891383528940e-01	8.485536907423933684e-02	3.774318247996378412e-02	9.470654292276718678e-02
1.741597276915902057e+03	1.927751495401422432e-01	1.202025005734713436e-01	2.878152903329838641e-01	1.816862715705388209e-01	8.492819178320709650e-02	3.778913958291329339e-02	9.480345661622970044e-02
1.746435047129557461e+03	1.924194340988077401e-01	1.199631540156450571e-01	2.880388636306955852e-01	1.818432752589001222e-01	8.500056433511950227e-02	3.783491155048596122e-02	9.489979710983237338e-02
1.751272817343212637e+03	1.920658294837468694e-01	1.197251966998441469e-01	2.882611121022843892e-01	1.819993065183042602e-01	8.507248961213138838e-02	3.788049822191583843e-02	9.499556736125942813e-02
1.756110587556867813e+03	1.917143231564674977e-01	1.194886204574845262e-01	2.884820445062855621e-01	1.821543716130680224e-01	8.514397047401525698e-02	3.792589945679424035e-02	9.509077033537118029e-02
1.760948357770523216e+03	1.913649026545841403e-01	1.192534171689226680e-01	2.887016695220753770e-01	1.823084767577404230e-01	8.521500975848839143e-02	3.797111513462641391e-02	9.518540900304882368e-02
1.765786127984178393e+03	1.910175555913094236e-01	1.190195787631426055e-01	2.889199957511524586e-01	1.824616281178617627e-01	8.528561028153025525e-02	3.801614515439693393e-02	9.527948634009276996e-02
1.770623898197833569e+03	1.906722696549505991e-01	1.187870972174454726e-01	2.891370317183839522e-01	1.826138318106993175e-01	8.535577483769048179e-02	3.806098943414359947e-02	9.537300532617280779e-02
1.775461668411488745e+03	1.903290326084105810e-01	1.185559645571418880e-01	2.893527858732179991e-01	1.827650939059609903e-01	8.542550620038784348e-02	3.810564791053967781e-02	9.546596894382716747e-02
1.780299438625144376e+03	1.899878322886937865e-01	1.183261728552468250e-01	2.895672665908639587e-01	1.829154204264875350e-01	8.549480712220053347e-02	3.815012053848432227e-02	9.555838017750914459e-02
1.785137208838799552e+03	1.896486566064161106e-01	1.180977142321771450e-01	2.897804821734407121e-01	1.830648173489242414e-01	8.556368033514803739e-02	3.819440729070096296e-02	9.565024201267888215e-02
1.789974979052454728e+03	1.893114935453198422e-01	1.178705808554515455e-01	2.899924408510949347e-01	1.832132906043727194e-01	8.563212855096513643e-02	3.823850815734350372e-02	9.574155743493846515e-02
1.794812749266109904e+03	1.889763311617924102e-01	1.176447649393930622e-01	2.902031507830899471e-01	1.833608460790239203e-01	8.570015446136802773e-02	3.828242314561013798e-02	9.583232942920866249e-02
1.799650519479765535e+03	1.886431575843898478e-01	1.174202587448339996e-01	2.904126200588664775e-01	1.835074896147726731e-01	8.576776073831307579e-02	3.832615227936470720e-02	9.592256097894540090e-02
1.804488289693420711e+03	1.883119610133640875e-01	1.171970545788232898e-01	2.906208566990758912e-01	1.836532270098148456e-01	8.583495003424840286e-02	3.836969559876531738e-02	9.601225506539437515e-02
1.809326059907075887e+03	1.879827297201947800e-01	1.169751447943361278e-01	2.908278686565869409e-01	1.837980640192273807e-01	8.590172498235867926e-02	3.841305315990013042e-02	9.610141466688214285e-02
1.814163830120731291e+03	1.876554520471248322e-01	1.167545217899859933e-01	2.910336638174674806e-01	1.839420063555322615e-01	8.596808819680315517e-02	3.845622503443022616e-02	9.619004275814223293e-02
1.819001600334386467e+03	1.873301164067001368e-01	1.165351780097388795e-01	2.912382500019409237e-01	1.840850596892447399e-01	8.603404227294746132e-02	3.849921130923922297e-02	9.627814230967472742e-02
1.823839370548041643e+03	1.870067112813132704e-01	1.163171059426298531e-01	2.914416349653194960e-01	1.842272296494066319e-01	8.609958978758922021e-02	3.854201208608971224e-02	9.636571628713791471e-02
1.828677140761696819e+03	1.866852252227508280e-01	1.161002981224817515e-01	2.916438263989139523e-01	1.843685218241048751e-01	8.616473329917777313e-02	3.858462748128626413e-02	9.645276765077057113e-02
1.833514910975352450e+03	1.863656468517449483e-01	1.158847471276261420e-01	2.918448319309214778e-01	1.845089417609764859e-01	8.622947534802821723e-02	3.862705762534483778e-02	9.653929935484384384e-02
1.838352681189008081e+03	1.860479648575282530e-01	1.156704455806263354e-01	2.920446591272918280e-01	1.846484949676998055e-01	8.629381845653005811e-02	3.866930266266856153e-02	9.662531434714109746e-02
1.843190451402663257e+03	1.857321679973926165e-01	1.154573861480024943e-01	2.922433154925727639e-01	1.847871869124731448e-01	8.635776512935043614e-02	3.871136275122961240e-02	9.671081556846482241e-02
1.848028221616318433e+03	1.854182450962515993e-01	1.152455615399589767e-01	2.924408084707354472e-01	1.849250230244807447e-01	8.642131785363249552e-02	3.875323806225727113e-02	9.679580595216936978e-02
1.852865991829973609e+03	1.851061850462064617e-01	1.150349645101135104e-01	2.926371454459801846e-01	1.850620086943469134e-01	8.648447909918868803e-02	3.879492877993181987e-02	9.688028842371827765e-02
1.857703762043628785e+03	1.847959768061156194e-01	1.148255878552286030e-01	2.928323337435237983e-01	1.851981492745786162e-01	8.654725131868956645e-02	3.883643510108428232e-02	9.696426590026537007e-02
1.862541532257283961e+03	1.844876094011677348e-01	1.146174244149447824e-01	2.930263806303681218e-01	1.853334500799969919e-01	8.660963694784784561e-02	3.887775723490188851e-02	9.704774129025846297e-02
1.867379302470939592e+03	1.841810719224581394e-01	1.144104670715158228e-01	2.932192933160516213e-01	1.854679163881581550e-01	8.667163840559824473e-02	3.891889540263909764e-02	9.713071749306469160e-02
1.872217072684594768e+03	1.838763535265686422e-01	1.142047087495460383e-01	2.934110789533833086e-01	1.856015534397637834e-01	8.673325809427318012e-02	3.895984983733407486e-02	9.721319739861661313e-02
1.877054842898249490e+03	1.835734434351507516e-01	1.140001424157293664e-01	2.936017446391607777e-01	1.857343664390617710e-01	8.679449839977419756e-02	3.900062078353059430e-02	9.729518388707816823e-02
1.881892613111905121e+03	1.832723309345120344e-01	1.137967610785903388e-01	2.937912974148716438e-01	1.858663605542372477e-01	8.685536169173972698e-02	3.904120849700510459e-02	9.737667982852953041e-02
1.886730383325560297e+03	1.829730053752059160e-01	1.135945577882269686e-01	2.939797442673799388e-01	1.859975409177945793e-01	8.691585032370890973e-02	3.908161324449904717e-02	9.745768808267023242e-02
1.891568153539215928e+03	1.826754561716244507e-01	1.133935256360554811e-01	2.941670921295975183e-01	1.861279126269304030e-01	8.697596663328194255e-02	3.912183530345615667e-02	9.753821149853968142e-02
1.896405923752871104e+03	1.823796728015945612e-01	1.131936577545568090e-01	2.943533478811404813e-01	1.862574807438980296e-01	8.703571294227685495e-02	3.916187496176475047e-02	9.761825291425414719e-02
1.901243693966526507e+03	1.820856448059770816e-01	1.129949473170249047e-01	2.945385183489722669e-01	1.863862502963638812e-01	8.709509155688285875e-02	3.920173251750484755e-02	9.769781515675977912e-02
1.906081464180181683e+03	1.817933617882690756e-01	1.127973875373168566e-01	2.947226103080325399e-01	1.865142262777557125e-01	8.715410476781054738e-02	3.924140827870006148e-02	9.777690104160083329e-02
1.910919234393836859e+03	1.815028134142090965e-01	1.126009716696046714e-01	2.949056304818531427e-01	1.866414136476033103e-01	8.721275485043891718e-02	3.928090256307418399e-02	9.785551337270236016e-02
1.915757004607492036e+03	1.812139894113855010e-01	1.124056930081289013e-01	2.950875855431608907e-01	1.867678173318718382e-01	8.727104406495934941e-02	3.932021569781228576e-02	9.793365494216686729e-02
1.920594774821147894e+03	1.809268795688477316e-01	1.122115448869539373e-01	2.952684821144687111e-01	1.868934422232880199e-01	8.732897465651670577e-02	3.935934801932637617e-02	9.801132853008420742e-02
1.925432545034802843e+03	1.806414737367204315e-01	1.120185206797249255e-01	2.954483267686536796e-01	1.870182931816593841e-01	8.738654885534752337e-02	3.939829987302544828e-02	9.808853690435424821e-02
1.930270315248458019e+03	1.803577618258205562e-01	1.118266137994264053e-01	2.956271260295245673e-01	1.871423750341870140e-01	8.744376887691565625e-02	3.943707161308980524e-02	9.816528282052165710e-02
1.935108085462113195e+03	1.800757338072772606e-01	1.116358176981426392e-01	2.958048863723768407e-01	1.872656925757719137e-01	8.750063692204509969e-02	3.947566360224964710e-02	9.824156902162226035e-02
1.939945855675768371e+03	1.797953797121547015e-01	1.114461258668195398e-01	2.959816142245376702e-01	1.873882505693149902e-01	8.755715517705030260e-02	3.951407621156783484e-02	9.831739823804060141e-02
1.944783625889424002e+03	1.795166896310774751e-01	1.112575318350281922e-01	2.961573159658996701e-01	1.875100537460113181e-01	8.761332581386423179e-02	3.955230982022673453e-02	9.839277318737793543e-02
1.949621396103079178e+03	1.792396537138590262e-01	1.110700291707300280e-01	2.963319979294447015e-01	1.876311068056384923e-01	8.766915099016382718e-02	3.959036481531900964e-02	9.846769657433049328e-02
1.954459166316734354e+03	1.789642621691324431e-01	1.108836114800435257e-01	2.965056664017571286e-01	1.877514144168395405e-01	8.772463284949320872e-02	3.962824159164238247e-02	9.854217109057736290e-02
1.959296936530389530e+03	1.786905052639843061e-01	1.106982724070124796e-01	2.966783276235278044e-01	1.878709812174003679e-01	8.777977352138481570e-02	3.966594055149823966e-02	9.861619941467759942e-02
1.964134706744044706e+03	1.784183733235910063e-01	1.105140056333759058e-01	2.968499877900481754e-01	1.879898118145220121e-01	8.783457512147826995e-02	3.970346210449401947e-02	9.868978421197617534e-02
1.968972476957700337e+03	1.781478567308577565e-01	1.103308048783393780e-01	2.970206530516956711e-01	1.881079107850880117e-01	8.788903975163719906e-02	3.974080666734930434e-02	9.876292813451828523e-02
1.973810247171355968e+03	1.778789459260600725e-01	1.101486638983479455e-01	2.971903295144093238e-01	1.882252826759268360e-01	8.794316950006406119e-02	3.977797466370554258e-02	9.883563382097182437e-02
1.978648017385010689e+03	1.776116314064880020e-01	1.099675764868604938e-01	2.973590232401576716e-01	1.883419320040695677e-01	8.799696644141309643e-02	3.981496652393936436e-02	9.890790389655743087e-02
1.983485787598666320e+03	1.773459037260927962e-01	1.097875364741256604e-01	2.975267402473975586e-01	1.884578632570031720e-01	8.805043263690126576e-02	3.985178268497936022e-02	9.897974097298584129e-02
1.988323557812321269e+03	1.770817534951361349e-01	1.096085377269592070e-01	2.976934865115247741e-01	1.885730808929193536e-01	8.810357013441753871e-02	3.988842359012636368e-02	9.905114764840231012e-02
1.993161328025976900e+03	1.768191713798417941e-01	1.094305741485228217e-01	2.978592679653168651e-01	1.886875893409592220e-01	8.815638096863026574e-02	3.992488968887707157e-02	9.912212650733760733e-02
1.997999098239632076e+03	1.765581481020498666e-01	1.092536396781043778e-01	2.980240904993683992e-01	1.888013930014535435e-01	8.820886716109302417e-02	3.996118143675098100e-02	9.919268012066538576e-02
2.002836868453287707e+03	1.762986744388733151e-01	1.090777282908996781e-01	2.981879599625180122e-01	1.889144962461596355e-01	8.826103072034865993e-02	3.999729929512058080e-02	9.926281104556568258e-02
2.007674638666942428e+03	1.760407412223569945e-01	1.089028339977955590e-01	2.983508821622686269e-01	1.890269034184938468e-01	8.831287364203177503e-02	4.003324373104473477e-02	9.933252182549406895e-02
2.012512408880597604e+03	1.757843393391390341e-01	1.087289508451543957e-01	2.985128628652003457e-01	1.891386188337604302e-01	8.836439790896979951e-02	4.006901521710525688e-02	9.940181499015639244e-02
2.017350179094252780e+03	1.755294597301146620e-01	1.085560729146000380e-01	2.986739077973763479e-01	1.892496467793771675e-01	8.841560549128232860e-02	4.010461423124644237e-02	9.947069305548869589e-02
2.022187949307908411e+03	1.752760933901022222e-01	1.083841943228051469e-01	2.988340226447421810e-01	1.893599915150970259e-01	8.846649834647918320e-02	4.014004125661775613e-02	9.953915852364218775e-02
2.027025719521564042e+03	1.750242313675117178e-01	1.082133092212798353e-01	2.989932130535180588e-01	1.894696572732267048e-01	8.851707841955702705e-02	4.017529678141942145e-02	9.960721388297287537e-02
2.031863489735218764e+03	1.747738647640154075e-01	1.080434117961617119e-01	2.991514846305851627e-01	1.895786482588419364e-01	8.856734764309459607e-02	4.021038129875091627e-02	9.967486160803586126e-02
2.036701259948874394e+03	1.745249847342207894e-01	1.078744962680072694e-01	2.993088429438654496e-01	1.896869686499993990e-01	8.861730793734653999e-02	4.024529530646234893e-02	9.974210415958378873e-02
2.041539030162529116e+03	1.742775824853459166e-01	1.077065568915845650e-01	2.994652935226952417e-01	1.897946225979455503e-01	8.866696121033612599e-02	4.028003930700865820e-02	9.980894398456945094e-02
2.046376800376184747e+03	1.740316492768967938e-01	1.075395879556673290e-01	2.996208418581931543e-01	1.899016142273228236e-01	8.871630935794649897e-02	4.031461380730653327e-02	9.987538351615231347e-02
2.051214570589840150e+03	1.737871764203470504e-01	1.073735837828302120e-01	2.997754934036219177e-01	1.900079476363724929e-01	8.876535426401095663e-02	4.034901931859409541e-02	9.994142517370871448e-02
2.056052340803495554e+03	1.735441552788197783e-01	1.072085387292455311e-01	2.999292535747447030e-01	1.901136268971349019e-01	8.881409780040176727e-02	4.038325635629318872e-02	1.000070713628455760e-01
2.060890111017150957e+03	1.733025772667715625e-01	1.070444471844811396e-01	3.000821277501759532e-01	1.902186560556469175e-01	8.886254182711809946e-02	4.041732543987431453e-02	1.000723244754174179e-01
2.065727881230805451e+03	1.730624338496786208e-01	1.068813035712997128e-01	3.002341212717268282e-01	1.903230391321368287e-01	8.891068819237266108e-02	4.045122709272413325e-02	1.001371868895466616e-01
2.070565651444461309e+03	1.728237165437251366e-01	1.067191023454591436e-01	3.003852394447451002e-01	1.904267801212165268e-01	8.895853873267729750e-02	4.048496184201547804e-02	1.002016609696467914e-01
2.075403421658116713e+03	1.725864169154934513e-01	1.065578379955143956e-01	3.005354875384504965e-01	1.905298829920711590e-01	8.900609527292761836e-02	4.051853021857981102e-02	1.002657490664484868e-01
2.080241191871772116e+03	1.723505265816568099e-01	1.063975050426204105e-01	3.006848707862646020e-01	1.906323516886465619e-01	8.905335962648647241e-02	4.055193275678221215e-02	1.003294535170283774e-01
2.085078962085427065e+03	1.721160372086736889e-01	1.062380980403364178e-01	3.008333943861358217e-01	1.907341901298339470e-01	8.910033359526647878e-02	4.058516999439863021e-02	1.003927766448404341e-01
2.089916732299082469e+03	1.718829405124844278e-01	1.060796115744313678e-01	3.009810635008600133e-01	1.908354022096526714e-01	8.914701896981158669e-02	4.061824247249556236e-02	1.004557207597497476e-01
2.094754502512737417e+03	1.716512282582098592e-01	1.059220402626905727e-01	3.011278832583960674e-01	1.909359917974305099e-01	8.919341752937769152e-02	4.065115073531202355e-02	1.005182881580686249e-01
2.099592272726392821e+03	1.714208922598519647e-01	1.057653787547237073e-01	3.012738587521769373e-01	1.910359627379818181e-01	8.923953104201229336e-02	4.068389533014376419e-02	1.005804811225948364e-01
2.104430042940048224e+03	1.711919243799963075e-01	1.056096217317737951e-01	3.014189950414167263e-01	1.911353188517835033e-01	8.928536126463329503e-02	4.071647680722970813e-02	1.006423019226519028e-01
2.109267813153704083e+03	1.709643165295169076e-01	1.054547639065275821e-01	3.015632971514127791e-01	1.912340639351490235e-01	8.933090994310688426e-02	4.074889571964059043e-02	1.007037528141314087e-01
2.114105583367359031e+03	1.707380606672825873e-01	1.053008000229269658e-01	3.017067700738438329e-01	1.913322017604003611e-01	8.937617881232459704e-02	4.078115262316974604e-02	1.007648360395370785e-01
2.118943353581013525e+03	1.705131487998654549e-01	1.051477248559816446e-01	3.018494187670642259e-01	1.914297360760378597e-01	8.942116959627947892e-02	4.081324807622596640e-02	1.008255538280305452e-01
2.123781123794669384e+03	1.702895729812514414e-01	1.049955332115829615e-01	3.019912481563934992e-01	1.915266706069083391e-01	8.946588400814151076e-02	4.084518263972849311e-02	1.008859083954789099e-01
2.128618894008324787e+03	1.700673253125525308e-01	1.048442199263188157e-01	3.021322631344026677e-01	1.916230090543712683e-01	8.951032375033224353e-02	4.087695687700398234e-02	1.009459019445036188e-01
2.133456664221980191e+03	1.698463979417209613e-01	1.046937798672898656e-01	3.022724685611963280e-01	1.917187550964630782e-01	8.955449051459854481e-02	4.090857135368550224e-02	1.010055366645309233e-01
2.138294434435635139e+03	1.696267830632653406e-01	1.045442079319267026e-01	3.024118692646906026e-01	1.918139123880596431e-01	8.959838598208565152e-02	4.094002663761347333e-02	1.010648147318437134e-01
2.143132204649290543e+03	1.694084729179687332e-01	1.043954990478082462e-01	3.025504700408881975e-01	1.919084845610372625e-01	8.964201182340952867e-02	4.097132329873855866e-02	1.011237383096345033e-01
2.147969974862945492e+03	1.691914597926083008e-01	1.042476481724813331e-01	3.026882756541490749e-01	1.920024752244316735e-01	8.968536969872843712e-02	4.100246190902645527e-02	1.011823095480597484e-01
2.152807745076601350e+03	1.689757360196769143e-01	1.041006502932812494e-01	3.028252908374579055e-01	1.920958879645954798e-01	8.972846125781380744e-02	4.103344304236449663e-02	1.012405305842951908e-01
2.157645515290255844e+03	1.687612939771066523e-01	1.039545004271535400e-01	3.029615202926879691e-01	1.921887263453539996e-01	8.977128814012043379e-02	4.106426727447013564e-02	1.012984035425922441e-01
2.162483285503912157e+03	1.685481260879941046e-01	1.038091936204768029e-01	3.030969686908618344e-01	1.922809939081595587e-01	8.981385197485597383e-02	4.109493518280121771e-02	1.013559305343354339e-01
2.167321055717567106e+03	1.683362248203273404e-01	1.036647249488866218e-01	3.032316406724083202e-01	1.923726941722442019e-01	8.985615438104976871e-02	4.112544734646800260e-02	1.014131136581006426e-01
