1.209442553413820860e+03	2.480189901210694270e-01	1.574121139478290299e-01	2.521836152256616836e-01	1.573469652027393584e-01	7.242508821559569265e-02	3.184011458912171244e-02	8.077311269746763334e-02
1.214280323627476264e+03	2.473344124382114428e-01	1.569536197488035079e-01	2.526488521617953342e-01	1.572793761534833357e-01	7.298201839383004763e-02	3.189582841568675692e-02	8.090589268767413300e-02
1.219118093841131440e+03	2.466542060375961076e-01	1.564981979317015270e-01	2.531100629862713669e-01	1.573854876859371310e-01	7.335660872722296610e-02	3.195216988115041901e-02	8.104326674960507515e-02
1.223955864054786844e+03	2.459782310526225091e-01	1.560456693498387393e-01	2.535673658534499109e-01	1.575867787266267139e-01	7.362955798512701988e-02	3.200891603943809005e-02	8.118348099238159588e-02
1.228793634268442020e+03	2.453063982061365611e-01	1.555959271175258729e-01	2.540208535066431073e-01	1.578397193307128910e-01	7.384562977804905171e-02	3.206593908321354880e-02	8.132553297720356011e-02
1.233631404482097196e+03	2.446386463843383818e-01	1.551489044906225467e-01	2.544706037864268300e-01	1.581201852390770046e-01	7.402965767316510570e-02	3.212316408135168500e-02	8.146883834450306672e-02
1.238469174695752372e+03	2.439749301971459172e-01	1.547045570517197599e-01	2.549166854886230626e-01	1.584148141382070718e-01	7.419542171744064607e-02	3.218054553678172808e-02	8.161304586956645568e-02
1.243306944909407548e+03	2.433152130771612798e-01	1.542628528287788015e-01	2.553591616420083921e-01	1.587162118210709849e-01	7.435057140866842273e-02	3.223805438230224057e-02	8.175793483949451990e-02
1.248144715123063179e+03	2.426594634504366244e-01	1.538237668137429071e-01	2.557980913538573375e-01	1.590202935208124280e-01	7.449935600711093953e-02	3.229567076544516413e-02	8.190335808807924778e-02
1.252982485336718355e+03	2.420076526109354864e-01	1.533872779214324467e-01	2.562335308601137451e-01	1.593248094207920795e-01	7.464413878733894281e-02	3.235338004407044971e-02	8.204921035480150504e-02
1.257820255550373531e+03	2.413597535399305272e-01	1.529533673018694251e-01	2.566655341334012075e-01	1.596285269137730500e-01	7.478623685712344760e-02	3.241117056273986469e-02	8.219541069064704997e-02
1.262658025764028707e+03	2.407157402495243292e-01	1.525220174032550779e-01	2.570941532448075550e-01	1.599307770966113540e-01	7.492638693226162661e-02	3.246903241680865193e-02	8.234189265621610909e-02
1.267495795977684338e+03	2.400755874169051562e-01	1.520932114512965894e-01	2.575194385881482417e-01	1.602312032710059841e-01	7.506500366447052541e-02	3.252695676439616018e-02	8.248859884326201208e-02
1.272333566191339514e+03	2.394392701798983281e-01	1.516669331594754644e-01	2.579414390270381996e-01	1.605296214771047281e-01	7.520232291793449431e-02	3.258493544229568162e-02	8.263547779573776619e-02
1.277171336404994690e+03	2.388067640220227217e-01	1.512431665674278669e-01	2.583602019982643716e-01	1.608259431604192602e-01	7.533848123755512716e-02	3.264296075053019913e-02	8.278248226326513637e-02
1.282009106618650094e+03	2.381780447072358586e-01	1.508218959504061818e-01	2.587757735900720335e-01	1.611201322975475692e-01	7.547355992855629692e-02	3.270102533051693489e-02	8.292956819514982203e-02
1.286846876832305497e+03	2.375530882422828838e-01	1.504031057681909922e-01	2.591881986057208431e-01	1.614121816323159930e-01	7.560760950913113232e-02	3.275912209522198471e-02	8.307669414662084695e-02
1.291684647045960673e+03	2.369318708543994845e-01	1.499867806359101163e-01	2.595975206180860528e-01	1.617020995100757197e-01	7.574066327764830686e-02	3.281724418822042078e-02	8.322382091514454738e-02
1.296522417259616077e+03	2.363143689775731582e-01	1.495729053070334602e-01	2.600037820185401305e-01	1.619899025892333755e-01	7.587274484251477213e-02	3.287538495885650863e-02	8.337091130573319464e-02
1.301360187473271253e+03	2.357005592435924834e-01	1.491614646631460595e-01	2.604070240619386634e-01	1.622756118117928137e-01	7.600387230348212841e-02	3.293353794639961030e-02	8.351792996913288969e-02
1.306197957686926657e+03	2.350904184757914850e-01	1.487524437075046502e-01	2.608072869087506018e-01	1.625592501808506007e-01	7.613406057561973583e-02	3.299169686925331607e-02	8.366484328171426565e-02
1.311035727900581833e+03	2.344839236843273278e-01	1.483458275607162646e-01	2.612046096649381921e-01	1.628408415397474274e-01	7.626332268300234363e-02	3.304985561702900726e-02	8.381161924972414801e-02
1.315873498114237009e+03	2.338810520623449685e-01	1.479416014576158955e-01	2.615990304199475314e-01	1.631204099062733559e-01	7.639167048080508504e-02	3.310800824426771150e-02	8.395822742823016993e-02
1.320711268327892412e+03	2.332817809826696343e-01	1.475397507448308609e-01	2.619905862830370080e-01	1.633979791142580185e-01	7.651911506020672715e-02	3.316614896513376404e-02	8.410463884934873957e-02
1.325549038541547588e+03	2.326860879948258742e-01	1.471402608787471256e-01	2.623793134180924524e-01	1.636735726252054046e-01	7.664566697720053001e-02	3.322427214870292411e-02	8.425082595671037899e-02
1.330386808755202765e+03	2.320939508222707170e-01	1.467431174237183444e-01	2.627652470770365234e-01	1.639472134338215425e-01	7.677133638357436229e-02	3.328237231463391371e-02	8.439676254442929348e-02
1.335224578968857941e+03	2.315053473597775968e-01	1.463483060504285616e-01	2.631484216319130987e-01	1.642189240252169280e-01	7.689613310347091779e-02	3.334044412910424499e-02	8.454242369957334913e-02
1.340062349182513572e+03	2.309202556709339382e-01	1.459558125343592416e-01	2.635288706057143937e-01	1.644887263603860561e-01	7.702006667961061592e-02	3.339848240094262649e-02	8.468778574753776933e-02
1.344900119396168748e+03	2.303386539857315007e-01	1.455656227543314640e-01	2.639066267020083734e-01	1.647566418770026464e-01	7.714314640253973343e-02	3.345648207791864642e-02	8.483282619995227702e-02
1.349737889609823924e+03	2.297605206982363812e-01	1.451777226911071250e-01	2.642817218334179707e-01	1.650226914983569382e-01	7.726538133032068156e-02	3.351443824316615444e-02	8.497752370487933471e-02
1.354575659823479100e+03	2.291858343643304596e-01	1.447920984260396005e-01	2.646541871490010189e-01	1.652868956464707551e-01	7.738678030278375863e-02	3.357234611172581901e-02	8.512185799913320194e-02
1.359413430037134731e+03	2.286145736995187083e-01	1.444087361397671521e-01	2.650240530605752487e-01	1.655492742572050868e-01	7.750735195263046273e-02	3.363020102719709720e-02	8.526580986259089945e-02
1.364251200250789907e+03	2.280467175767984522e-01	1.440276221109458576e-01	2.653913492680309849e-01	1.658098467961618694e-01	7.762710471466365003e-02	3.368799845849287933e-02	8.540936107439089930e-02
1.369088970464445310e+03	2.274822450245872762e-01	1.436487427150190399e-01	2.657561047836724533e-01	1.660686322747273458e-01	7.774604683385728798e-02	3.374573399669150708e-02	8.555249437092973808e-02
1.373926740678100487e+03	2.269211352247068603e-01	1.432720844230207513e-01	2.661183479556256670e-01	1.663256492659069830e-01	7.786418637266559473e-02	3.380340335198191853e-02	8.569519340557688047e-02
1.378764510891755890e+03	2.263633675104207710e-01	1.428976338004123714e-01	2.664781064903509189e-01	1.665809159197702560e-01	7.798153121779827224e-02	3.386100235069822162e-02	8.583744271003385107e-02
1.383602281105411066e+03	2.258089213645237403e-01	1.425253775059500128e-01	2.668354074742947946e-01	1.668344499784145674e-01	7.809808908659185422e-02	3.391852693244036543e-02	8.597922765726946637e-02
1.388440051319066470e+03	2.252577764174805153e-01	1.421553022905822083e-01	2.671902773947154031e-01	1.670862687904090538e-01	7.821386753305395456e-02	3.397597314727783535e-02	8.612053442596580288e-02
1.393277821532721646e+03	2.247099124456128638e-01	1.417873949963761593e-01	2.675427421597151301e-01	1.673363893247070133e-01	7.832887395362678196e-02	3.403333715303349244e-02	8.626134996641328379e-02
1.398115591746377049e+03	2.241653093693323773e-01	1.414216425554718215e-01	2.678928271175101683e-01	1.675848281840299214e-01	7.844311559269975809e-02	3.409061521264478145e-02	8.640166196779590357e-02
1.402953361960032225e+03	2.236239472514177373e-01	1.410580319890624434e-01	2.682405570749682999e-01	1.678316016177344161e-01	7.855659954789186161e-02	3.414780369159978179e-02	8.654145882681021917e-02
1.407791132173687402e+03	2.230858062953350041e-01	1.406965504064008610e-01	2.685859563154436302e-01	1.680767255341774902e-01	7.866933277511839462e-02	3.420489905544545073e-02	8.668072961756391470e-02
1.412628902387342805e+03	2.225508668435989545e-01	1.403371850038303559e-01	2.689290486159359173e-01	1.683202155125972932e-01	7.878132209345406478e-02	3.426189786736576204e-02	8.681946406270243943e-02
1.417466672600997981e+03	2.220191093761743339e-01	1.399799230638393566e-01	2.692698572636008647e-01	1.685620868145266404e-01	7.889257418980255565e-02	3.431879678582742260e-02	8.695765250571356464e-02
1.422304442814653157e+03	2.214905145089156313e-01	1.396247519541391757e-01	2.696084050716375247e-01	1.688023543947579364e-01	7.900309562338103664e-02	3.437559256229084231e-02	8.709528588436267482e-02
1.427142213028308333e+03	2.209650629920437981e-01	1.392716591267633142e-01	2.699447143945766792e-01	1.690410329118763044e-01	7.911289283002771733e-02	3.443228203898433121e-02	8.723235570521269133e-02
1.431979983241963964e+03	2.204427357086588546e-01	1.389206321171887748e-01	2.702788071429945149e-01	1.692781367383784652e-01	7.922197212634002339e-02	3.448886214673935885e-02	8.736885401918492722e-02
1.436817753455619140e+03	2.199235136732867468e-01	1.385716585434770554e-01	2.706107047976735736e-01	1.695136799703937380e-01	7.933033971365006931e-02	3.454532990288498168e-02	8.750477339811872646e-02
1.441655523669274316e+03	2.194073780304600096e-01	1.382247261054355414e-01	2.709404284232331817e-01	1.697476764370230151e-01	7.943800168184432520e-02	3.460168240919941213e-02	8.764010691228946159e-02
1.446493293882929493e+03	2.188943100533299879e-01	1.378798225837975788e-01	2.712679986812497335e-01	1.699801397093109734e-01	7.954496401303363939e-02	3.465791684991696014e-02	8.777484810884608746e-02
1.451331064096585123e+03	2.183842911423106437e-01	1.375369358394211150e-01	2.715934358428874207e-01	1.702110831088664566e-01	7.965123258507973703e-02	3.471403048978857764e-02	8.790899099113104465e-02
1.456168834310240300e+03	2.178773028237521170e-01	1.371960538125047702e-01	2.719167598010581166e-01	1.704405197161450169e-01	7.975681317498395373e-02	3.477002067219418791e-02	8.804252999884687458e-02
1.461006604523895703e+03	2.173733267486430421e-01	1.368571645218212562e-01	2.722379900821292331e-01	1.706684623784072985e-01	7.986171146214372796e-02	3.482588481730527347e-02	8.817545998903517090e-02
1.465844374737550879e+03	2.168723446913413122e-01	1.365202560639670881e-01	2.725571458571972583e-01	1.708949237173660041e-01	7.996593303148227805e-02	3.488162042029607779e-02	8.830777621783503228e-02
1.470682144951206283e+03	2.163743385483314352e-01	1.361853166126283377e-01	2.728742459529434061e-01	1.711199161365342669e-01	8.006948337645636293e-02	3.493722504960181108e-02	8.843947432298945865e-02
1.475519915164861459e+03	2.158792903370082283e-01	1.358523344178616532e-01	2.731893088620886423e-01	1.713434518282874741e-01	8.017236790194721963e-02	3.499269634522251399e-02	8.857055030706935395e-02
1.480357685378516862e+03	2.153871821944857989e-01	1.355212978053899342e-01	2.735023527534631294e-01	1.715655427806496713e-01	8.027459192703935431e-02	3.504803201707106658e-02	8.870100052138618629e-02
1.485195455592172038e+03	2.148979963764307555e-01	1.351921951759125218e-01	2.738133954817052462e-01	1.717862007838159011e-01	8.037616068769148914e-02	3.510322984336396862e-02	8.883082165056520318e-02
1.490033225805827215e+03	2.144117152559190942e-01	1.348650150044291562e-01	2.741224545966050585e-01	1.720054374364212157e-01	8.047707933930425828e-02	3.515828766905355895e-02	8.896001069775276437e-02
1.494870996019482618e+03	2.139283213223159286e-01	1.345397458395770074e-01	2.744295473521052298e-01	1.722232641515661355e-01	8.057735295918863616e-02	3.521320340430045964e-02	8.908856497043174394e-02
1.499708766233137567e+03	2.134477971801770901e-01	1.342163763029808610e-01	2.747346907149739170e-01	1.724396921626085710e-01	8.067698654893917798e-02	3.526797502298494036e-02	8.921648206682059046e-02
1.504546536446793198e+03	2.129701255481723787e-01	1.338948950886155731e-01	2.750379013731611977e-01	1.726547325287318690e-01	8.077598503671577779e-02	3.532260056125600955e-02	8.934375986283236981e-02
1.509384306660448374e+03	2.124952892580291852e-01	1.335752909621805984e-01	2.753391957438523496e-01	1.728683961402971980e-01	8.087435327943773289e-02	3.537707811611713604e-02	8.947039649957098939e-02
1.514222076874103550e+03	2.120232712534963759e-01	1.332575527604860088e-01	2.756385899812290874e-01	1.730806937239897092e-01	8.097209606489359779e-02	3.543140584404743526e-02	8.959639037134289885e-02
1.519059847087758726e+03	2.115540545893271063e-01	1.329416693908498370e-01	2.759360999839508555e-01	1.732916358477665231e-01	8.106921811377011677e-02	3.548558195965730022e-02	8.972174011416338135e-02
1.523897617301414357e+03	2.110876224302807302e-01	1.326276298305063273e-01	2.762317414023656714e-01	1.735012329256140906e-01	8.116572408160363516e-02	3.553960473437738771e-02	8.984644459473727085e-02
1.528735387515069533e+03	2.106239580501426678e-01	1.323154231260244562e-01	2.765255296454626754e-01	1.737094952221231170e-01	8.126161856065698685e-02	3.559347249518002299e-02	8.997050289989509675e-02
1.533573157728724709e+03	2.101630448307619248e-01	1.320050383927366955e-01	2.768174798875754350e-01	1.739164328568882367e-01	8.135690608172488347e-02	3.564718362333201690e-02	9.009391432646580988e-02
1.538410927942380113e+03	2.097048662611054326e-01	1.316964648141776550e-01	2.771076070748454412e-01	1.741220558087391568e-01	8.145159111587066403e-02	3.570073655317800715e-02	9.021667837156868708e-02
1.543248698156035516e+03	2.092494059363291248e-01	1.313896916415321359e-01	2.773959259314559556e-01	1.743263739198102347e-01	8.154567807609712504e-02	3.575412977095331762e-02	9.033879472330726135e-02
1.548086468369690692e+03	2.087966475568646674e-01	1.310847081930923141e-01	2.776824509656440343e-01	1.745293968994552913e-01	8.163917131895415125e-02	3.580736181362567661e-02	9.046026325184905459e-02
1.552924238583346096e+03	2.083465749275220935e-01	1.307815038537240571e-01	2.779671964755002223e-01	1.747311343280132101e-01	8.173207514608561708e-02	3.586043126776471829e-02	9.058108400087522272e-02
1.557762008797001272e+03	2.078991719566070373e-01	1.304800680743414543e-01	2.782501765545637995e-01	1.749315956604308164e-01	8.182439380571795984e-02	3.591333676843865008e-02	9.070125717938541665e-02
1.562599779010656675e+03	2.074544226550526782e-01	1.301803903713900645e-01	2.785314050972207411e-01	1.751307902297484509e-01	8.191613149409283923e-02	3.596607699813719056e-02	9.082078315384317646e-02
1.567437549224311852e+03	2.070123111355659795e-01	1.298824603263380451e-01	2.788108958039128282e-01	1.753287272504540084e-01	8.200729235684608986e-02	3.601865068572008416e-02	9.093966244064809190e-02
1.572275319437967255e+03	2.065728216117872496e-01	1.295862675851750800e-01	2.790886621861652372e-01	1.755254158217104676e-01	8.209788049033509005e-02	3.607105660539040165e-02	9.105789569892153157e-02
1.577113089651622431e+03	2.061359383974633586e-01	1.292918018579190254e-01	2.793647175714389919e-01	1.757208649304619896e-01	8.218789994291660073e-02	3.612329357569204341e-02	9.117548372359303432e-02
1.581950859865277607e+03	2.057016459056336677e-01	1.289990529181298529e-01	2.796390751078148273e-01	1.759150834544236375e-01	8.227735471617712848e-02	3.617536045853058518e-02	9.129242743877538646e-02
1.586788630078933011e+03	2.052699286478284757e-01	1.287080106024306447e-01	2.799117477685159616e-01	1.761080801649591021e-01	8.236624876611760293e-02	3.622725615821699441e-02	9.140872789141631094e-02
1.591626400292587959e+03	2.048407712332797614e-01	1.284186648100356098e-01	2.801827483562747134e-01	1.762998637298514026e-01	8.245458600429432516e-02	3.627897962053344000e-02	9.152438624521581911e-02
1.596464170506243590e+03	2.044141583681435559e-01	1.281310055022848171e-01	2.804520895075501286e-01	1.764904427159698919e-01	8.254237029891775546e-02	3.633052983182067514e-02	9.163940377479826149e-02
1.601301940719898766e+03	2.039900748547341103e-01	1.278450227021852570e-01	2.807197836966007776e-01	1.766798255918388960e-01	8.262960547591104155e-02	3.638190581808630614e-02	9.175378186012872472e-02
1.606139710933553943e+03	2.035685055907687502e-01	1.275607064939585644e-01	2.809858432394198302e-01	1.768680207301110141e-01	8.271629531992968909e-02	3.643310664413348943e-02	9.186752198116385215e-02
1.610977481147209119e+03	2.031494355686241093e-01	1.272780470225944871e-01	2.812502802975364591e-01	1.770550364099491292e-01	8.280244357534401189e-02	3.648413141270941129e-02	9.198062571272752619e-02
1.615815251360864750e+03	2.027328498746024110e-01	1.269970344934107098e-01	2.815131068816895676e-01	1.772408808193212393e-01	8.288805394718591624e-02	3.653497926367303000e-02	9.209309471960235027e-02
1.620653021574519926e+03	2.023187336882084353e-01	1.267176591716180634e-01	2.817743348553774507e-01	1.774255620572106340e-01	8.297313010206128214e-02	3.658564937318155297e-02	9.220493075182781273e-02
1.625490791788175102e+03	2.019070722814361729e-01	1.264399113818917841e-01	2.820339759382895495e-01	1.776090881357458018e-01	8.305767566902948207e-02	3.663614095289523254e-02	9.231613564019723606e-02
1.630328562001830505e+03	2.014978510180653881e-01	1.261637815079478531e-01	2.822920417096236312e-01	1.777914669822525384e-01	8.314169424045114720e-02	3.668645324919982825e-02	9.242671129194489354e-02
1.635166332215485909e+03	2.010910553529673961e-01	1.258892599921249689e-01	2.825485436112931126e-01	1.779727064412318094e-01	8.322518937280566631e-02	3.673658554244643021e-02	9.253665968661585473e-02
1.640004102429141085e+03	2.006866708314204162e-01	1.256163373349716006e-01	2.828034929510289119e-01	1.781528142762658362e-01	8.330816458747945796e-02	3.678653714620808840e-02	9.264598287211091299e-02
1.644841872642796488e+03	2.002846830884334184e-01	1.253450040948378419e-01	2.830569009053792162e-01	1.783317981718560152e-01	8.339062337152620963e-02	3.683630740655281788e-02	9.275468296089971199e-02
1.649679642856451665e+03	1.998850778480790735e-01	1.250752508874726776e-01	2.833087785226113264e-01	1.785096657351944449e-01	8.347256917840026325e-02	3.688589570133261192e-02	9.286276212639475724e-02
1.654517413070107068e+03	1.994878409228351412e-01	1.248070683856255247e-01	2.835591367255196338e-01	1.786864244978724758e-01	8.355400542866414648e-02	3.693530143948793587e-02	9.297022259948028999e-02
1.659355183283762244e+03	1.990929582129340181e-01	1.245404473186526445e-01	2.838079863141421688e-01	1.788620819175284204e-01	8.363493551067124887e-02	3.698452406036743800e-02	9.307706666518925087e-02
1.664192953497417420e+03	1.987004157057204456e-01	1.242753784721280924e-01	2.840553379683903312e-01	1.790366453794368651e-01	8.371536278122473917e-02	3.703356303306236386e-02	9.318329665952246321e-02
1.669030723711072824e+03	1.983101994750171015e-01	1.240118526874590954e-01	2.843012022505940761e-01	1.792101221980418879e-01	8.379529056621357053e-02	3.708241785575537575e-02	9.328891496640423497e-02
1.673868493924728000e+03	1.979222956804979616e-01	1.237498608615056062e-01	2.845455896079664981e-01	1.793825196184367088e-01	8.387472216122646151e-02	3.713108805508340965e-02	9.339392401476874495e-02
1.678706264138383403e+03	1.975366905670689344e-01	1.234893939462042012e-01	2.847885103749900892e-01	1.795538448177912971e-01	8.395366083214483854e-02	3.717957318551414619e-02	9.349832627577187028e-02
1.683544034352038352e+03	1.971533704642560725e-01	1.232304429481959618e-01	2.850299747757281676e-01	1.797241049067304919e-01	8.403210981571550275e-02	3.722787282873583209e-02	9.360212426012338993e-02
1.688381804565693983e+03	1.967723217856008067e-01	1.229729989284584213e-01	2.852699929260634759e-01	1.798933069306645205e-01	8.411007232010371537e-02	3.727598659306009116e-02	9.370532051553440156e-02
1.693219574779349159e+03	1.963935310280622015e-01	1.227170530019413286e-01	2.855085748358676678e-01	1.800614578710736935e-01	8.418755152542765907e-02	3.732391411283737109e-02	9.380791762427558023e-02
1.698057344993004335e+03	1.960169847714259006e-01	1.224625963372063392e-01	2.857457304111031826e-01	1.802285646467489122e-01	8.426455058427498312e-02	3.737165504788479697e-02	9.390991820084144959e-02
1.702895115206659511e+03	1.956426696777199270e-01	1.222096201560702866e-01	2.859814694558608927e-01	1.803946341149901267e-01	8.434107262220193191e-02	3.741920908292598741e-02	9.401132488971640500e-02
1.707732885420315142e+03	1.952705724906368678e-01	1.219581157332522009e-01	2.862158016743351907e-01	1.805596730727641874e-01	8.441712073821601436e-02	3.746657592704273620e-02	9.411214036323838072e-02
1.712570655633970318e+03	1.949006800349624979e-01	1.217080743960237549e-01	2.864487366727389572e-01	1.807236882578236448e-01	8.449269800524267238e-02	3.751375531313805994e-02	9.421236731955598409e-02
1.717408425847625494e+03	1.945329792160105098e-01	1.214594875238633048e-01	2.866802839611610754e-01	1.808866863497880506e-01	8.456780747057668357e-02	3.756074699741048656e-02	9.431200848067550213e-02
1.722246196061280898e+03	1.941674570190634053e-01	1.212123465481132062e-01	2.869104529553677674e-01	1.810486739711894555e-01	8.464245215631882591e-02	3.760755075883926574e-02	9.441106659059375628e-02
1.727083966274936301e+03	1.938041005088193269e-01	1.209666429516405295e-01	2.871392529785504744e-01	1.812096576884830446e-01	8.471663505979841469e-02	3.765416639868024440e-02	9.450954441351362700e-02
1.731921736488591478e+03	1.934428968288447459e-01	1.207223682685009680e-01	2.873666932630220550e-01	1.813696440130249110e-01	8.479035915398223933e-02	3.770059373997213664e-02	9.460744473213857086e-02
1.736759506702246881e+03	1.930838332010328673e-01	1.204795140836060069e-01	2.875927829518626355e-01	1.815286394020176608e-01	8.486362738787052440e-02	3.774683262705295916e-02	9.470477034604300737e-02
1.741597276915902057e+03	1.927268969250674202e-01	1.202380720323930341e-01	2.878175311005177206e-01	1.816866502594254029e-01	8.493644268688024801e-02	3.779288292508640318e-02	9.480152407011541160e-02
1.746435047129557461e+03	1.923720753778921377e-01	1.199980338004987129e-01	2.880409466783498962e-01	1.818436829368593188e-01	8.500880795321649752e-02	3.783874451959788610e-02	9.489770873307114274e-02
1.751272817343212637e+03	1.920193560131856214e-01	1.197593911234351438e-01	2.882630385701456799e-01	1.819997437344348934e-01	8.508072606623218181e-02	3.788441731602009560e-02	9.499332717603203857e-02
1.756110587556867813e+03	1.916687263608411462e-01	1.195221357862690792e-01	2.884838155775790169e-01	1.821548389016020009e-01	8.515219988277658580e-02	3.792990123924772777e-02	9.508838225117018095e-02
1.760948357770523216e+03	1.913201740264519335e-01	1.192862596233039141e-01	2.887032864206335869e-01	1.823089746379486231e-01	8.522323223753337784e-02	3.797519623320131515e-02	9.518287682041295938e-02
1.765786127984178393e+03	1.909736866908013364e-01	1.190517545177646047e-01	2.889214597389848649e-01	1.824621570939798099e-01	8.529382594334812551e-02	3.802030226039986027e-02	9.527681375420714305e-02
1.770623898197833569e+03	1.906292521093578829e-01	1.188186124014851824e-01	2.891383440933431581e-01	1.826143923718720752e-01	8.536398379154604144e-02	3.806521930154210809e-02	9.537019593033928266e-02
1.775461668411488745e+03	1.902868581117753977e-01	1.185868252545991541e-01	2.893539479667596170e-01	1.827656865262048402e-01	8.543370855224018123e-02	3.810994735509623532e-02	9.546302623281031907e-02
1.780299438625144376e+03	1.899464926013975929e-01	1.183563851052323868e-01	2.895682797658960528e-01	1.829160455646695049e-01	8.550300297463059307e-02	3.815448643689776931e-02	9.555530755076194205e-02
1.785137208838799552e+03	1.896081435547674332e-01	1.181272840291986703e-01	2.897813478222598937e-01	1.830654754487569535e-01	8.557186978729448834e-02	3.819883657975560454e-02	9.564704277745274263e-02
1.789974979052454728e+03	1.892717990211413293e-01	1.178995141496979177e-01	2.899931603934059465e-01	1.832139820944245767e-01	8.564031169846816893e-02	3.824299783306588790e-02	9.573823480928193852e-02
1.794812749266109904e+03	1.889374471220073570e-01	1.176730676370167372e-01	2.902037256641052387e-01	1.833615713727433927e-01	8.570833139632068332e-02	3.828697026243356449e-02	9.582888654485879898e-02
1.799650519479765535e+03	1.886050760506083612e-01	1.174479367082315318e-01	2.904130517474828310e-01	1.835082491105260449e-01	8.577593154921973884e-02	3.833075394930149371e-02	9.591900088411584036e-02
1.804488289693420711e+03	1.882746740714689726e-01	1.172241136269140671e-01	2.906211466861253756e-01	1.836540210909365645e-01	8.584311480599003674e-02	3.837434899058694837e-02	9.600858072746387695e-02
1.809326059907075887e+03	1.879462295199272603e-01	1.170015907028394420e-01	2.908280184531596424e-01	1.837988930540824517e-01	8.590988379616447401e-02	3.841775549832526782e-02	9.609762897498728973e-02
1.814163830120731291e+03	1.876197308016703813e-01	1.167803602916962086e-01	2.910336749533027900e-01	1.839428706975897443e-01	8.597624113022828141e-02	3.846097359932059562e-02	9.618614852567790308e-02
1.819001600334386467e+03	1.872951663922742538e-01	1.165604147947990887e-01	2.912381240238851032e-01	1.840859596771618201e-01	8.604218939985652792e-02	3.850400343480352844e-02	9.627414227670558211e-02
1.823839370548041643e+03	1.869725248367474779e-01	1.163417466588037158e-01	2.914413734358471952e-01	1.842281656071226292e-01	8.610773117814517208e-02	3.854684516009545397e-02	9.636161312272431556e-02
1.828677140761696819e+03	1.866517947490791973e-01	1.161243483754238054e-01	2.916434308947109533e-01	1.843694940609445776e-01	8.617286901983592373e-02	3.858949894427955024e-02	9.644856395521204939e-02
1.833514910975352450e+03	1.863329648117907356e-01	1.159082124811503245e-01	2.918443040415264478e-01	1.845099505717620048e-01	8.623760546153515227e-02	3.863196496987823109e-02	9.653499766184311937e-02
1.838352681189008081e+03	1.860160237754912294e-01	1.156933315569730197e-01	2.920440004537953604e-01	1.846495406328708400e-01	8.630194302192702172e-02	3.867424343253689223e-02	9.662091712589164494e-02
1.843190451402663257e+03	1.857009604584368978e-01	1.154796982281039719e-01	2.922425276463708199e-01	1.847882696982146578e-01	8.636588420198113014e-02	3.871633454071387453e-02	9.670632522566470490e-02
1.848028221616318433e+03	1.853877637460942529e-01	1.152673051637032597e-01	2.924398930723354217e-01	1.849261431828576330e-01	8.642943148515484786e-02	3.875823851537648496e-02	9.679122483396412902e-02
1.852865991829973609e+03	1.850764225907068627e-01	1.150561450766066779e-01	2.926361041238580984e-01	1.850631664634454498e-01	8.649258733759050688e-02	3.879995558970294328e-02	9.687561881757553173e-02
1.857703762043628785e+03	1.847669260108655842e-01	1.148462107230555779e-01	2.928311681330297844e-01	1.851993448786539154e-01	8.655535420830763604e-02	3.884148600879010899e-02	9.695951003678351943e-02
1.862541532257283961e+03	1.844592630910825704e-01	1.146374949024286105e-01	2.930250923726792633e-01	1.853346837296261096e-01	8.661773452939056095e-02	3.888283002936697430e-02	9.704290134491194708e-02
1.867379302470939592e+03	1.841534229813688028e-01	1.144299904569755777e-01	2.932178840571699197e-01	1.854691882803985170e-01	8.667973071617132708e-02	3.892398791951363207e-02	9.712579558788828060e-02
1.872217072684594768e+03	1.838493948968147884e-01	1.142236902715531022e-01	2.934095503431770058e-01	1.856028637583163332e-01	8.674134516740819589e-02	3.896495995838579474e-02	9.720819560383076041e-02
1.877054842898249490e+03	1.835471681171750580e-01	1.140185872733622818e-01	2.936000983304478673e-01	1.857357153544385298e-01	8.680258026546008865e-02	3.900574643594455215e-02	9.729010422265768621e-02
1.881892613111905121e+03	1.832467319864556354e-01	1.138146744316883424e-01	2.937895350625431834e-01	1.858677482239330658e-01	8.686343837645668642e-02	3.904634765269145852e-02	9.737152426571778208e-02
1.886730383325560297e+03	1.829480759125049760e-01	1.136119447576419556e-01	2.939778675275627196e-01	1.859989674864624132e-01	8.692392185046479702e-02	3.908676391940869854e-02	9.745245854544064279e-02
1.891568153539215928e+03	1.826511893666083464e-01	1.134103913039026940e-01	2.941651026588534834e-01	1.861293782265599772e-01	8.698403302165083617e-02	3.912699555690428432e-02	9.753290986500656734e-02
1.896405923752871104e+03	1.823560618830851465e-01	1.132100071644640271e-01	2.943512473357026704e-01	1.862589854939976641e-01	8.704377420843967261e-02	3.916704289576216497e-02	9.761288101803479444e-02
1.901243693966526507e+03	1.820626830588893963e-01	1.130107854743802875e-01	2.945363083840148999e-01	1.863877943041448715e-01	8.710314771366996223e-02	3.920690627609717954e-02	9.769237478828950161e-02
1.906081464180181683e+03	1.817710425532135798e-01	1.128127194095154689e-01	2.947202925769744075e-01	1.865158096383191522e-01	8.716215582474604040e-02	3.924658604731472850e-02	9.777139394940273509e-02
1.910919234393836859e+03	1.814811300870953492e-01	1.126158021862936204e-01	2.949032066356928605e-01	1.866430364441292178e-01	8.722080081378658090e-02	3.928608256787505942e-02	9.784994126461342423e-02
1.915757004607492036e+03	1.811929354430274475e-01	1.124200270614510999e-01	2.950850572298433505e-01	1.867694796358099485e-01	8.727908493777009058e-02	3.932539620506211170e-02	9.792801948652204991e-02
1.920594774821147894e+03	1.809064484645704352e-01	1.122253873317905909e-01	2.952658509782806195e-01	1.868951440945502696e-01	8.733701043867733715e-02	3.936452733475680199e-02	9.800563135686003735e-02
1.925432545034802843e+03	1.806216590559685253e-01	1.120318763339366169e-01	2.954455944496481856e-01	1.870200346688138393e-01	8.739457954363086256e-02	3.940347634121468129e-02	9.808277960627337366e-02
1.930270315248458019e+03	1.803385571817683886e-01	1.118394874440929720e-01	2.956242941629724785e-01	1.871441561746529647e-01	8.745179446503163756e-02	3.944224361684784547e-02	9.815946695411978395e-02
1.935108085462113195e+03	1.800571328664406501e-01	1.116482140778017190e-01	2.958019565882450963e-01	1.872675133960156613e-01	8.750865740069295462e-02	3.948082956201106469e-02	9.823569610827893872e-02
1.939945855675768371e+03	1.797773761940044124e-01	1.114580496897037837e-01	2.959785881469924607e-01	1.873901110850466900e-01	8.756517053397176731e-02	3.951923458479197904e-02	9.831146976497497081e-02
1.944783625889424002e+03	1.794992773076544978e-01	1.112689877733012284e-01	2.961541952128345367e-01	1.875119539623820719e-01	8.762133603389736514e-02	3.955745910080537414e-02	9.838679060861099668e-02
1.949621396103079178e+03	1.792228264093915779e-01	1.110810218607211353e-01	2.963287841120315069e-01	1.876330467174379679e-01	8.767715605529768919e-02	3.959550353299138431e-02	9.846166131161482316e-02
1.954459166316734354e+03	1.789480137596549114e-01	1.108941455224811135e-01	2.965023611240200641e-01	1.877533940086936193e-01	8.773263273892314973e-02	3.963336831141754668e-02	9.853608453429571479e-02
1.959296936530389530e+03	1.786748296769579414e-01	1.107083523672562075e-01	2.966749324819388245e-01	1.878730004639689033e-01	8.778776821156827892e-02	3.967105387308469955e-02	9.861006292471134749e-02
1.964134706744044706e+03	1.784032645375263904e-01	1.105236360416476521e-01	2.968465043731434161e-01	1.879918706806963657e-01	8.784256458619106589e-02	3.970856066173656523e-02	9.868359911854472644e-02
1.968972476957700337e+03	1.781333087749391864e-01	1.103399902299528890e-01	2.970170829397120182e-01	1.881100092261883128e-01	8.789702396203018242e-02	3.974588912767301752e-02	9.875669573899063802e-02
1.973810247171355968e+03	1.778649528797720258e-01	1.101574086539373470e-01	2.971866742789400773e-01	1.882274206378986570e-01	8.795114842472016858e-02	3.978303972756690871e-02	9.882935539665110847e-02
1.978648017385010689e+03	1.775981873992432958e-01	1.099758850726075127e-01	2.973552844438269727e-01	1.883441094236801838e-01	8.800494004640448120e-02	3.982001292428443556e-02	9.890158068943945280e-02
1.983485787598666320e+03	1.773330029368628546e-01	1.097954132819856238e-01	2.975229194435523028e-01	1.884600800620370720e-01	8.805840088584679370e-02	3.985680918670894690e-02	9.897337420249273376e-02
1.988323557812321269e+03	1.770693901520830338e-01	1.096159871148858489e-01	2.976895852439442325e-01	1.885753370023728892e-01	8.811153298854026983e-02	3.989342898956809574e-02	9.904473850809192292e-02
1.993161328025976900e+03	1.768073397599524976e-01	1.094376004406919373e-01	2.978552877679384037e-01	1.886898846652342032e-01	8.816433838681510260e-02	3.992987281326439153e-02	9.911567616558975002e-02
1.997999098239632076e+03	1.765468425307722966e-01	1.092602471651362289e-01	2.980200328960289635e-01	1.888037274425501122e-01	8.821681909994424919e-02	3.996614114370892340e-02	9.918618972134560230e-02
2.002836868453287707e+03	1.762878892897544181e-01	1.090839212300801775e-01	2.981838264667109883e-01	1.889168696978675566e-01	8.826897713424747272e-02	4.000223447215833089e-02	9.925628170866741817e-02
2.007674638666942428e+03	1.760304709166829185e-01	1.089086166132963301e-01	2.983466742769155244e-01	1.890293157665828283e-01	8.832081448319381578e-02	4.003815329505490406e-02	9.932595464776007577e-02
2.012512408880597604e+03	1.757745783455772759e-01	1.087343273282516676e-01	2.985085820824361913e-01	1.891410699561691944e-01	8.837233312750235326e-02	4.007389811386974365e-02	9.939521104567995702e-02
2.017350179094252780e+03	1.755202025643582686e-01	1.085610474238923318e-01	2.986695555983489569e-01	1.892521365464008565e-01	8.842353503524150171e-02	4.010946943494894668e-02	9.946405339629559028e-02
2.022187949307908411e+03	1.752673346145159905e-01	1.083887709844297553e-01	2.988296004994239752e-01	1.893625197895733581e-01	8.847442216192677455e-02	4.014486776936274787e-02	9.953248418025388566e-02
2.027025719521564042e+03	1.750159655907805034e-01	1.082174921291282205e-01	2.989887224205308724e-01	1.894722239107204387e-01	8.852499645061713551e-02	4.018009363275757556e-02	9.960050586495185210e-02
2.031863489735218764e+03	1.747660866407943492e-01	1.080472050120937361e-01	2.991469269570364853e-01	1.895812531078276963e-01	8.857525983200992270e-02	4.021514754521099411e-02	9.966812090451346307e-02
2.036701259948874394e+03	1.745176889647879204e-01	1.078779038220641917e-01	2.993042196651966025e-01	1.896896115520428638e-01	8.862521422453437103e-02	4.025003003108935246e-02	9.973533173977140731e-02
2.041539030162529116e+03	1.742707638152564686e-01	1.077095827822010521e-01	2.994606060625403798e-01	1.897973033878831151e-01	8.867486153444387176e-02	4.028474161890827770e-02	9.980214079825355800e-02
2.046376800376184747e+03	1.740253024966397777e-01	1.075422361498821200e-01	2.996160916282489817e-01	1.899043327334390963e-01	8.872420365590698299e-02	4.031928284119584011e-02	9.986855049417392438e-02
2.051214570589840150e+03	1.737812963650039733e-01	1.073758582164958397e-01	2.997706818035275611e-01	1.900107036805761540e-01	8.877324247109708022e-02	4.035365423435831322e-02	9.993456322842783623e-02
2.056052340803495554e+03	1.735387368277252762e-01	1.072104433072367941e-01	2.999243819919713561e-01	1.901164202951327042e-01	8.882197985028086884e-02	4.038785633854861945e-02	1.000001813885911667e-01
2.060890111017150957e+03	1.732976153431762256e-01	1.070459857809024778e-01	3.000771975599259012e-01	1.902214866171157426e-01	8.887041765190573095e-02	4.042188969753725269e-02	1.000654073489234269e-01
2.065727881230805451e+03	1.730579234204139005e-01	1.068824800296914596e-01	3.002291338368415774e-01	1.903259066608937455e-01	8.891855772268590641e-02	4.045575485858574072e-02	1.001302434703745109e-01
2.070565651444461309e+03	1.728196526188703064e-01	1.067199204790027223e-01	3.003801961156218892e-01	1.904296844153867962e-01	8.896640189768761919e-02	4.048945237232256383e-02	1.001946921005949509e-01
2.075403421658116713e+03	1.725827945480447045e-01	1.065583015872362815e-01	3.005303896529674668e-01	1.905328238442544619e-01	8.901395200041301026e-02	4.052298279262149527e-02	1.002587555739494762e-01
2.080241191871772116e+03	1.723473408671983564e-01	1.063976178455951216e-01	3.006797196697134633e-01	1.906353288860808126e-01	8.906120984288320996e-02	4.055634667648227998e-02	1.003224362115336527e-01
2.085078962085427065e+03	1.721132832850510996e-01	1.062378637778882556e-01	3.008281913511627881e-01	1.907372034545573580e-01	8.910817722572017541e-02	4.058954458391367953e-02	1.003857363211936304e-01
2.089916732299082469e+03	1.718806135594798945e-01	1.060790339403351601e-01	3.009758098474133448e-01	1.908384514386635700e-01	8.915485593822769506e-02	4.062257707781875143e-02	1.004486581975486126e-01
2.094754502512737417e+03	1.716493234972196746e-01	1.059211229213713468e-01	3.011225802736810508e-01	1.909390767028450175e-01	8.920124775847140808e-02	4.065544472388244596e-02	1.005112041220161123e-01
2.099592272726392821e+03	1.714194049535659736e-01	1.057641253414551424e-01	3.012685077106176945e-01	1.910390830871894208e-01	8.924735445335782447e-02	4.068814809046132630e-02	1.005733763628397087e-01
2.104430042940048224e+03	1.711908498320796057e-01	1.056080358528757035e-01	3.014135972046240175e-01	1.911384744076005671e-01	8.929317777871247086e-02	4.072068774847550227e-02	1.006351771751192586e-01
2.109267813153704083e+03	1.709636500842934281e-01	1.054528491395622519e-01	3.015578537681582461e-01	1.912372544559700627e-01	8.933871947935718982e-02	4.075306427130268028e-02	1.006966088008433013e-01
2.114105583367359031e+03	1.707377977094208521e-01	1.052985599168944353e-01	3.017012823800402366e-01	1.913354270003470858e-01	8.938398128918643992e-02	4.078527823467426733e-02	1.007576734689238085e-01
2.118943353581013525e+03	1.705132847540665186e-01	1.051451629315139080e-01	3.018438879857512358e-01	1.914329957851061692e-01	8.942896493124292967e-02	4.081733021657357047e-02	1.008183733952328631e-01
2.123781123794669384e+03	1.702901033119386121e-01	1.049926529611371062e-01	3.019856754977288671e-01	1.915299645311130672e-01	8.947367211779228002e-02	4.084922079713594611e-02	1.008787107826413093e-01
2.128618894008324787e+03	1.700682455235634771e-01	1.048410248143690632e-01	3.021266497956587305e-01	1.916263369358887914e-01	8.951810455039697911e-02	4.088095055855100329e-02	1.009386878210592337e-01
2.133456664221980191e+03	1.698477035760017351e-01	1.046902733305185434e-01	3.022668157267610067e-01	1.917221166737715921e-01	8.956226391998947656e-02	4.091252008496667342e-02	1.009983066874781954e-01
2.138294434435635139e+03	1.696284697025664812e-01	1.045403933794141899e-01	3.024061781060740639e-01	1.918173073960775243e-01	8.960615190694457000e-02	4.094392996239520910e-02	1.010575695460151635e-01
2.143132204649290543e+03	1.694105361825432310e-01	1.043913798612219057e-01	3.025447417167331232e-01	1.919119127312589601e-01	8.964977018115105611e-02	4.097518077862109809e-02	1.011164785479578138e-01
2.147969974862945492e+03	1.691938953409118929e-01	1.042432277062632778e-01	3.026825113102457054e-01	1.920059362850615736e-01	8.969312040208259063e-02	4.100627312311070499e-02	1.011750358318114773e-01
2.152807745076601350e+03	1.689785395480703500e-01	1.040959318748350959e-01	3.028194916067633025e-01	1.920993816406794952e-01	8.973620421886785437e-02	4.103720758692384896e-02	1.012332435233473521e-01
2.157645515290255844e+03	1.687644612195598193e-01	1.039494873570301903e-01	3.029556872953489965e-01	1.921922523589091603e-01	8.977902327036008101e-02	4.106798476262706055e-02	1.012911037356520189e-01
2.162483285503912157e+03	1.685516528157923744e-01	1.038038891725590745e-01	3.030911030342420820e-01	1.922845519783012158e-01	8.982157918520583539e-02	4.109860524420859418e-02	1.013486185691781366e-01
2.167321055717567106e+03	1.683401068417798019e-01	1.036591323705728929e-01	3.032257434511186900e-01	1.923762840153112608e-01	8.986387358191312569e-02	4.112906962699518915e-02	1.014057901117963872e-01
2.172158825931222509e+03	1.681298158468645110e-01	1.035152120294873940e-01	3.033596131433490273e-01	1.924674519644486437e-01	8.990590806891896047e-02	4.115937850757045435e-02	1.014626204388483360e-01
