1.219118093841131440e+03	2.461568452967367315e-01	1.568735727211151287e-01	2.530389907979552211e-01	1.575139377591838474e-01	7.334568282146738949e-02	3.163315170206468241e-02	8.143781890095844189e-02
1.223955864054786844e+03	2.454862664293215035e-01	1.564172054108523557e-01	2.535023347977224395e-01	1.577427227081373284e-01	7.359155917344224751e-02	3.169598841423607039e-02	8.156392306576952522e-02
1.228793634268442020e+03	2.448197743765207213e-01	1.559636117537112343e-01	2.539615249502554795e-01	1.579946428474818532e-01	7.380874277403333406e-02	3.175895811726079515e-02	8.169274518021814313e-02
1.233631404482097196e+03	2.441573260496152087e-01	1.555127548328743559e-01	2.544166626186369351e-01	1.582626826259632691e-01	7.400482088765447664e-02	3.182202796564341518e-02	8.182372501909393470e-02
1.238469174695752372e+03	2.434988831807021192e-01	1.550646033320944583e-01	2.548678389344901096e-01	1.585417595299934423e-01	7.418530441783659224e-02	3.188517199598445151e-02	8.195643860838039418e-02
1.243306944909407548e+03	2.428444110657960453e-01	1.546191300370355626e-01	2.553151370774515150e-01	1.588281939345766447e-01	7.435419696120108835e-02	3.194836930438435529e-02	8.209056161903635629e-02
1.248144715123063179e+03	2.421938776512122526e-01	1.541763107468062943e-01	2.557586339488609473e-01	1.591193242813744024e-01	7.451440788432556195e-02	3.201160272153177888e-02	8.222584276537041326e-02
1.252982485336718355e+03	2.415472528691767484e-01	1.537361234832683721e-01	2.561984014049933367e-01	1.594132277486780547e-01	7.466805217739294620e-02	3.207485784912150750e-02	8.236208446685071294e-02
1.257820255550373531e+03	2.409045081543870204e-01	1.532985479165166753e-01	2.566345071698681313e-01	1.597085174970869215e-01	7.481666811949076734e-02	3.213812235862051336e-02	8.249912878351173262e-02
1.262658025764028707e+03	2.402656160919610928e-01	1.528635649472939173e-01	2.570670155147956604e-01	1.600041955007632521e-01	7.496137528363847058e-02	3.220138548052975391e-02	8.263684718049964240e-02
1.267495795977684338e+03	2.396305501607962074e-01	1.524311564033406508e-01	2.574959877679564024e-01	1.602995457276372993e-01	7.510298923457950360e-02	3.226463763198218759e-02	8.277513307318956626e-02
1.272333566191339514e+03	2.389992845462189097e-01	1.520013048184652160e-01	2.579214826999833843e-01	1.605940566083763343e-01	7.524210478994033946e-02	3.232787014481274673e-02	8.291389639168490755e-02
1.277171336404994690e+03	2.383717940029667637e-01	1.515739932716761440e-01	2.583435568189404452e-01	1.608873647655914008e-01	7.537915646157791749e-02	3.239107506661272756e-02	8.305305961211646715e-02
1.282009106618650094e+03	2.377480537547368156e-01	1.511492052699272282e-01	2.587622645989602344e-01	1.611792141754236074e-01	7.551446233203237823e-02	3.245424501481376095e-02	8.319255485358777180e-02
1.286846876832305497e+03	2.371280394203085229e-01	1.507269246625356773e-01	2.591776586601768351e-01	1.614694265311054644e-01	7.564825590650540998e-02	3.251737306931434118e-02	8.333232174953562887e-02
1.291684647045960673e+03	2.365117269589860349e-01	1.503071355786047836e-01	2.595897899127733166e-01	1.617578797376786337e-01	7.578070923623883570e-02	3.258045269313115250e-02	8.347230588206916435e-02
1.296522417259616077e+03	2.358990926300931212e-01	1.498898223811589159e-01	2.599987076744739167e-01	1.620444923087858702e-01	7.591194970575775025e-02	3.264347767343881573e-02	8.361245762577357299e-02
1.301360187473271253e+03	2.352901129626956411e-01	1.494749696334221611e-01	2.604044597682700357e-01	1.623292120474676137e-01	7.604207222066075578e-02	3.270644207745305315e-02	8.375273128951273016e-02
1.306197957686926657e+03	2.346847647327744701e-01	1.490625620739244039e-01	2.608070926053289162e-01	1.626120078364250710e-01	7.617114805661071020e-02	3.276934021913089495e-02	8.389308447528757984e-02
1.311035727900581833e+03	2.340830249458322743e-01	1.486525845980267990e-01	2.612066512566939558e-01	1.628928636851678935e-01	7.629923128463160509e-02	3.283216663376348210e-02	8.403347759536602957e-02
1.315873498114237009e+03	2.334848708234689985e-01	1.482450222441182297e-01	2.616031795164152629e-01	1.631717744151718885e-01	7.642636343698577805e-02	3.289491605833730348e-02	8.417387350498455045e-02
1.320711268327892412e+03	2.328902797928613100e-01	1.478398601832134618e-01	2.619967199580414685e-01	1.634487425338173872e-01	7.655257689582782576e-02	3.295758341612058800e-02	8.431423721960001894e-02
1.325549038541547588e+03	2.322992294783732536e-01	1.474370837110308141e-01	2.623873139858903802e-01	1.637237759710250540e-01	7.667789735466215562e-02	3.302016380435323500e-02	8.445453569414725081e-02
1.330386808755202765e+03	2.317116976947352358e-01	1.470366782418799922e-01	2.627750018821443101e-01	1.639968864418950290e-01	7.680234560668962318e-02	3.308265248422483790e-02	8.459473764791311523e-02
1.335224578968857941e+03	2.311276624413829972e-01	1.466386293038733912e-01	2.631598228505425130e-01	1.642680882635435824e-01	7.692593884448548081e-02	3.314504487254762294e-02	8.473481342310652809e-02
1.340062349182513572e+03	2.305471018976583686e-01	1.462429225351075390e-01	2.635418150572466089e-01	1.645373975014319812e-01	7.704869160489645485e-02	3.320733653469256502e-02	8.487473486844855641e-02
1.344900119396168748e+03	2.299699944186554545e-01	1.458495436805579692e-01	2.639210156693101994e-01	1.648048313546731647e-01	7.717061645634806788e-02	3.326952317847418211e-02	8.501447524146302226e-02
1.349737889609823924e+03	2.293963185315540942e-01	1.454584785895002841e-01	2.642974608910794720e-01	1.650704077146195603e-01	7.729172449911488052e-02	3.333160064875449052e-02	8.515400912485932006e-02
1.354575659823479100e+03	2.288260529323250247e-01	1.450697132133218492e-01	2.646711859987743720e-01	1.653341448490507626e-01	7.741202572976950413e-02	3.339356492259863002e-02	8.529331235364200070e-02
1.359413430037134731e+03	2.282591764827226477e-01	1.446832336036248945e-01	2.650422253734433520e-01	1.655960611773567015e-01	7.753152930699010181e-02	3.345541210485936806e-02	8.543236195048507786e-02
1.364251200250789907e+03	2.276956682075032545e-01	1.442990259105491890e-01	2.654106125324442456e-01	1.658561751116035266e-01	7.765024374571644072e-02	3.351713842410062455e-02	8.557113606756487634e-02
1.369088970464445310e+03	2.271355072918231077e-01	1.439170763812614162e-01	2.657763801595722231e-01	1.661145049452604772e-01	7.776817705924869706e-02	3.357874022879354242e-02	8.570961393352265201e-02
1.373926740678100487e+03	2.265786730787831549e-01	1.435373713585727240e-01	2.661395601339349715e-01	1.663710687763660101e-01	7.788533686351394036e-02	3.364021398373617106e-02	8.584777580457514379e-02
1.378764510891755890e+03	2.260251450670946460e-01	1.431598972796565283e-01	2.665001835576564782e-01	1.666258844555423280e-01	7.800173045382795267e-02	3.370155626666027776e-02	8.598560291904391861e-02
1.383602281105411066e+03	2.254749029088479739e-01	1.427846406748455588e-01	2.668582807824796954e-01	1.668789695519022620e-01	7.811736486165064830e-02	3.376276376499798282e-02	8.612307745475805687e-02
1.388440051319066470e+03	2.249279264073697215e-01	1.424115881664931305e-01	2.672138814353283154e-01	1.671303413318041553e-01	7.823224689677987786e-02	3.382383327278753321e-02	8.626018248891939577e-02
1.393277821532721646e+03	2.243841955151577860e-01	1.420407264678872628e-01	2.675670144428808350e-01	1.673800167467994482e-01	7.834638317893725945e-02	3.388476168770249153e-02	8.639690196011706735e-02
1.398115591746377049e+03	2.238436903318862248e-01	1.416720423822089014e-01	2.679177080552035406e-01	1.676280124281239181e-01	7.845978016161758717e-02	3.394554600819209983e-02	8.653322063224994087e-02
1.402953361960032225e+03	2.233063911024732451e-01	1.413055228015285270e-01	2.682659898684860433e-01	1.678743446858151356e-01	7.857244415028757922e-02	3.400618333072331217e-02	8.666912406016837045e-02
1.407791132173687402e+03	2.227722782152074255e-01	1.409411547058357639e-01	2.686118868469188348e-01	1.681190295110691346e-01	7.868438131644940603e-02	3.406667084711668958e-02	8.680459855688506254e-02
1.412628902387342805e+03	2.222413321999276159e-01	1.405789251620984948e-01	2.689554253437484443e-01	1.683620825808337940e-01	7.879559770867031188e-02	3.412700584197012055e-02	8.693963116223359100e-02
1.417466672600997981e+03	2.217135337262536587e-01	1.402188213233489522e-01	2.692966311215452269e-01	1.686035192639158964e-01	7.890609926137907848e-02	3.418718569016501035e-02	8.707420961287451466e-02
1.422304442814653157e+03	2.211888636018647381e-01	1.398608304277938752e-01	2.696355293717154766e-01	1.688433546280812547e-01	7.901589180201175344e-02	3.424720785445063698e-02	8.720832231356454023e-02
1.427142213028308333e+03	2.206673027708227208e-01	1.395049397979475636e-01	2.699721447332877888e-01	1.690816034477740926e-01	7.912498105693047123e-02	3.430706988310289890e-02	8.734195830961670459e-02
1.431979983241963964e+03	2.201488323119387414e-01	1.391511368397859438e-01	2.703065013110026449e-01	1.693182802121881991e-01	7.923337265642446670e-02	3.436676940765408944e-02	8.747510726048815521e-02
1.436817753455619140e+03	2.196334334371807806e-01	1.387994090419205073e-01	2.706386226927329219e-01	1.695533991334996493e-01	7.934107213901814282e-02	3.442630414069071387e-02	8.760775941443953163e-02
1.441655523669274316e+03	2.191210874901208527e-01	1.384497439747910952e-01	2.709685319662607506e-01	1.697869741551265854e-01	7.944808495525110259e-02	3.448567187371665704e-02	8.773990558421518315e-02
1.446493293882929493e+03	2.186117759444196618e-01	1.381021292898767239e-01	2.712962517354362002e-01	1.700190189599217472e-01	7.955441647105042369e-02	3.454487047507919656e-02	8.787153712369830116e-02
1.451331064096585123e+03	2.181054804023480065e-01	1.377565527189233696e-01	2.716218041357409407e-01	1.702495469782331350e-01	7.966007197078328605e-02	3.460389788795559946e-02	8.800264590549786159e-02
1.456168834310240300e+03	2.176021825933428522e-01	1.374130020731882673e-01	2.719452108492809161e-01	1.704785713957886195e-01	7.976505666005551110e-02	3.466275212839807496e-02	8.813322429942793690e-02
1.461006604523895703e+03	2.171018643725974306e-01	1.370714652426998359e-01	2.722664931192283477e-01	1.707061051613757985e-01	7.986937566830358548e-02	3.472143128343506413e-02	8.826326515184210186e-02
1.465844374737550879e+03	2.166045077196834812e-01	1.367319301955328137e-01	2.725856717637358262e-01	1.709321609942992537e-01	7.997303405121627962e-02	3.477993350922698595e-02	8.839276176578753086e-02
1.470682144951206283e+03	2.161100947372052439e-01	1.363943849770979100e-01	2.729027671893411999e-01	1.711567513916050776e-01	8.007603679301239508e-02	3.483825702927451085e-02	8.852170788194584083e-02
1.475519915164861459e+03	2.156186076494834292e-01	1.360588177094455564e-01	2.732177994038837432e-01	1.713798886350680339e-01	8.017838880859497197e-02	3.489640013267770319e-02	8.865009766032877492e-02
1.480357685378516862e+03	2.151300288012686635e-01	1.357252165905831198e-01	2.735307880289494231e-01	1.716015847979409092e-01	8.028009494559723569e-02	3.495436117244429819e-02	8.877792566269862573e-02
1.485195455592172038e+03	2.146443406564829681e-01	1.353935698938052989e-01	2.738417523118637509e-01	1.718218517514677468e-01	8.038115998633235670e-02	3.501213856384544770e-02	8.890518683568472691e-02
1.490033225805827215e+03	2.141615257969887443e-01	1.350638659670370390e-01	2.741507111372493144e-01	1.720407011711652112e-01	8.048158864965615500e-02	3.506973078281756112e-02	8.903187649456834052e-02
1.494870996019482618e+03	2.136815669213839031e-01	1.347360932321886862e-01	2.744576830381640353e-01	1.722581445428773006e-01	8.058138559275031254e-02	3.512713636440858295e-02	8.915799030770955869e-02
1.499708766233137567e+03	2.132044468438226703e-01	1.344102401845229389e-01	2.747626862068369702e-01	1.724741931686092078e-01	8.068055541283210286e-02	3.518435390126732620e-02	8.928352428159115617e-02
1.504546536446793198e+03	2.127301484928609820e-01	1.340862953920333167e-01	2.750657385050159776e-01	1.726888581721472693e-01	8.077910264879549496e-02	3.524138204217453635e-02	8.940847474645481630e-02
1.509384306660448374e+03	2.122586549103258058e-01	1.337642474948334548e-01	2.753668574739423502e-01	1.729021505044715801e-01	8.087703178278810023e-02	3.529821949061433262e-02	8.953283834250684581e-02
1.514222076874103550e+03	2.117899492502073877e-01	1.334440852045571946e-01	2.756660603439667900e-01	1.731140809489684074e-01	8.097434724172726528e-02	3.535486500338468063e-02	8.965661200667073005e-02
1.519059847087758726e+03	2.113240147775739264e-01	1.331257973037690834e-01	2.759633640438201585e-01	1.733246601264493703e-01	8.107105339875879391e-02	3.541131738924576527e-02	8.977979295986537878e-02
1.523897617301414357e+03	2.108608348675078681e-01	1.328093726453847545e-01	2.762587852095515495e-01	1.735338984999843237e-01	8.116715457466081030e-02	3.546757550760501476e-02	8.990237869478825972e-02
1.528735387515069533e+03	2.104003930040629633e-01	1.324948001521010499e-01	2.765523401931468395e-01	1.737418063795547196e-01	8.126265503919560818e-02	3.552363826723763107e-02	9.002436696418376905e-02
1.533573157728724709e+03	2.099426727792417513e-01	1.321820688158355517e-01	2.768440450708398726e-01	1.739483939265344115e-01	8.135755901241152610e-02	3.557950462504157890e-02	9.014575576957782610e-02
1.538410927942380113e+03	2.094876578919925569e-01	1.318711676971751345e-01	2.771339156511273827e-01	1.741536711580039254e-01	8.145187066589729130e-02	3.563517358482582581e-02	9.026654335046038757e-02
1.543248698156035516e+03	2.090353321472253334e-01	1.315620859248335106e-01	2.774219674824988657e-01	1.743576479509048038e-01	8.154559412399059459e-02	3.569064419613100780e-02	9.038672817389845071e-02
1.548086468369690692e+03	2.085856794548460458e-01	1.312548126951170180e-01	2.777082158608925599e-01	1.745603340460401276e-01	8.163873346494295025e-02	3.574591555308131996e-02	9.050630892456260068e-02
1.552924238583346096e+03	2.081386838288089292e-01	1.309493372713989856e-01	2.779926758368875817e-01	1.747617390519268510e-01	8.173129272204252005e-02	3.580098679326679939e-02	9.062528449515097617e-02
1.557762008797001272e+03	2.076943293861857054e-01	1.306456489836020085e-01	2.782753622226422086e-01	1.749618724485060839e-01	8.182327588469659463e-02	3.585585709665504994e-02	9.074365397719505455e-02
1.562599779010656675e+03	2.072526003462518418e-01	1.303437372276879391e-01	2.785562895985875809e-01	1.751607435907160948e-01	8.191468689947545290e-02	3.591052568453147881e-02	9.086141665223232411e-02
1.567437549224311852e+03	2.068134810295888248e-01	1.300435914651556502e-01	2.788354723198865348e-01	1.753583617119341409e-01	8.200552967111893188e-02	3.596499181846719850e-02	9.097857198333147988e-02
1.572275319437967255e+03	2.063769558572020602e-01	1.297452012225457918e-01	2.791129245226658950e-01	1.755547359272915109e-01	8.209580806350735838e-02	3.601925479931378238e-02	9.109511960695633459e-02
1.577113089651622431e+03	2.059430093496543712e-01	1.294485560909530986e-01	2.793886601300309414e-01	1.757498752368670814e-01	8.218552590059806373e-02	3.607331396622402708e-02	9.121105932515523318e-02
1.581950859865277607e+03	2.055116261262137922e-01	1.291536457255453019e-01	2.796626928578699323e-01	1.759437885287638281e-01	8.227468696732898046e-02	3.612716869569797956e-02	9.132639109806303668e-02
1.586788630078933011e+03	2.050827909040160713e-01	1.288604598450887873e-01	2.799350362204574560e-01	1.761364845820729552e-01	8.236329501049050039e-02	3.618081840065345833e-02	9.144111503670369900e-02
1.591626400292587959e+03	2.046564884972409404e-01	1.285689882314809129e-01	2.802057035358626602e-01	1.763279720697300268e-01	8.245135373956680169e-02	3.623426252952027804e-02	9.155523139608134908e-02
1.596464170506243590e+03	2.042327038163017916e-01	1.282792207292885733e-01	2.804747079311709634e-01	1.765182595612671268e-01	8.253886682754796311e-02	3.628750056535766377e-02	9.166874056854891484e-02
1.601301940719898766e+03	2.038114218670486200e-01	1.279911472452928689e-01	2.807420623475254118e-01	1.767073555254652650e-01	8.262583791171378145e-02	3.634053202499391844e-02	9.178164307744308970e-02
1.606139710933553943e+03	2.033926277499835955e-01	1.277047577480399099e-01	2.810077795449950067e-01	1.768952683329105546e-01	8.271227059439062446e-02	3.639335645818791987e-02	9.189393957097534427e-02
1.610977481147209119e+03	2.029763066594889032e-01	1.274200422673973654e-01	2.812718721072757222e-01	1.770820062584582688e-01	8.279816844368212414e-02	3.644597344681162199e-02	9.200563081636890794e-02
1.615815251360864750e+03	2.025624438830667673e-01	1.271369908941165916e-01	2.815343524462312619e-01	1.772675774836081075e-01	8.288353499417493164e-02	3.649838260405312979e-02	9.211671769423220024e-02
1.620653021574519926e+03	2.021510248005909671e-01	1.268555937794004218e-01	2.817952328062783840e-01	1.774519900987942267e-01	8.296837374762032480e-02	3.655058357363957094e-02	9.222720119315913623e-02
1.625490791788175102e+03	2.017420348835697319e-01	1.265758411344762580e-01	2.820545252686243454e-01	1.776352521055929723e-01	8.305268817359270916e-02	3.660257602907934782e-02	9.233708240454770177e-02
1.630328562001830505e+03	2.013354596944196273e-01	1.262977232301743247e-01	2.823122417553599606e-01	1.778173714188522325e-01	8.313648171012576193e-02	3.665435967292312441e-02	9.244636251762806956e-02
1.635166332215485909e+03	2.009312848857502110e-01	1.260212303965110858e-01	2.825683940334150490e-01	1.779983558687445455e-01	8.321975776432724570e-02	3.670593423604301409e-02	9.255504281469202621e-02
1.640004102429141085e+03	2.005294961996589576e-01	1.257463530222775738e-01	2.828229937183803777e-01	1.781782132027476540e-01	8.330251971297324143e-02	3.675729947692953081e-02	9.266312466651584201e-02
1.644841872642796488e+03	2.001300794670363981e-01	1.254730815546326317e-01	2.830760522782023170e-01	1.783569510875547270e-01	8.338477090308253625e-02	3.680845518100566566e-02	9.277060952796897797e-02
1.649679642856451665e+03	1.997330206068809733e-01	1.252014064987007069e-01	2.833275810367529846e-01	1.785345771109175250e-01	8.346651465247194313e-02	3.685940115995776228e-02	9.287749893380140009e-02
1.654517413070107068e+03	1.993383056256237407e-01	1.249313184171742808e-01	2.835775911772827063e-01	1.787110987834244769e-01	8.354775425029334346e-02	3.691013725108257398e-02	9.298379449460214552e-02
1.659355183283762244e+03	1.989459206164621019e-01	1.246628079299208630e-01	2.838260937457573463e-01	1.788865235402166409e-01	8.362849295755314660e-02	3.696066331665014831e-02	9.308949789292295107e-02
1.664192953497417420e+03	1.985558517587026617e-01	1.243958657135942336e-01	2.840730996540856146e-01	1.790608587426439635e-01	8.370873400761473515e-02	3.701097924328208139e-02	9.319461087955996370e-02
1.669030723711072824e+03	1.981680853171131074e-01	1.241304825012499585e-01	2.843186196832399038e-01	1.792341116798635281e-01	8.378848060668464548e-02	3.706108494134466996e-02	9.329913526998748208e-02
1.673868493924728000e+03	1.977826076412824430e-01	1.238666490819651522e-01	2.845626644862753185e-01	1.794062895703829319e-01	8.386773593428301088e-02	3.711098034435658666e-02	9.340307294093787294e-02
1.678706264138383403e+03	1.973994051649898274e-01	1.236043563004620843e-01	2.848052445912498953e-01	1.795773995635501219e-01	8.394650314369907218e-02	3.716066540841069660e-02	9.350642582712166695e-02
1.683544034352038352e+03	1.970184644055813228e-01	1.233435950567359912e-01	2.850463704040497870e-01	1.797474487409921606e-01	8.402478536243206120e-02	3.721014011160959228e-02	9.360919591808247731e-02
1.688381804565693983e+03	1.966397719633548868e-01	1.230843563056866347e-01	2.852860522111231312e-01	1.799164441180047813e-01	8.410258569261810924e-02	3.725940445351449276e-02	9.371138525518138418e-02
1.693219574779349159e+03	1.962633145209529140e-01	1.228266310567535519e-01	2.855243001821256565e-01	1.800843926448946752e-01	8.417990721144381905e-02	3.730845845460715321e-02	9.381299592870562254e-02
1.698057344993004335e+03	1.958890788427624929e-01	1.225704103735551637e-01	2.857611243724816341e-01	1.802513012082760380e-01	8.425675297154690269e-02	3.735730215576437557e-02	9.391403007509677159e-02
1.702895115206659511e+03	1.955170517743227976e-01	1.223156853735314076e-01	2.859965347258625612e-01	1.804171766323237613e-01	8.433312600140430160e-02	3.740593561774491899e-02	9.401448987429363024e-02
1.707732885420315142e+03	1.951472202417400270e-01	1.220624472275898542e-01	2.862305410765872971e-01	1.805820256799840762e-01	8.440902930570849672e-02	3.745435892068828265e-02	9.411437754718532389e-02
1.712570655633970318e+03	1.947795712511091182e-01	1.218106871597553903e-01	2.864631531519460927e-01	1.807458550541451436e-01	8.448446586573216122e-02	3.750257216362525708e-02	9.421369535317015986e-02
1.717408425847625494e+03	1.944140918879423419e-01	1.215603964468232184e-01	2.866943805744514018e-01	1.809086713987684003e-01	8.455943863968191920e-02	3.755057546399974411e-02	9.431244558781633203e-02
1.722246196061280898e+03	1.940507693166046710e-01	1.213115664180150904e-01	2.869242328640179696e-01	1.810704812999826274e-01	8.463395056304123809e-02	3.759836895720167910e-02	9.441063058062007518e-02
1.727083966274936301e+03	1.936895907797557548e-01	1.210641884546389824e-01	2.871527194400749217e-01	1.812312912871420767e-01	8.470800454890323183e-02	3.764595279611070849e-02	9.450825269285768881e-02
1.731921736488591478e+03	1.933305435977980546e-01	1.208182539897516977e-01	2.873798496236122935e-01	1.813911078338497629e-01	8.478160348829359705e-02	3.769332715065033812e-02	9.460531431552765547e-02
1.736759506702246881e+03	1.929736151683313083e-01	1.205737545078247319e-01	2.876056326391643325e-01	1.815499373589475607e-01	8.485475025048395958e-02	3.774049220735233717e-02	9.470181786737916219e-02
1.741597276915902057e+03	1.926187929656133224e-01	1.203306815444131900e-01	2.878300776167315722e-01	1.817077862274744104e-01	8.492744768329610339e-02	3.778744816893101627e-02	9.479776579302377770e-02
1.746435047129557461e+03	1.922660645400263990e-01	1.200890266858275629e-01	2.880531935936443411e-01	1.818646607515934654e-01	8.499969861339747024e-02	3.783419525386727544e-02	9.489316056112689912e-02
1.751272817343212637e+03	1.919154175175497024e-01	1.198487815688085989e-01	2.882749895163694842e-01	1.820205671914896794e-01	8.507150584658818016e-02	3.788073369600206824e-02	9.498800466267574849e-02
1.756110587556867813e+03	1.915668395992375095e-01	1.196099378802048530e-01	2.884954742422625174e-01	1.821755117562388893e-01	8.514287216807975289e-02	3.792706374413902515e-02	9.508230060932103267e-02
1.760948357770523216e+03	1.912203185607026512e-01	1.193724873566532341e-01	2.887146565412666011e-01	1.823295006046495026e-01	8.521380034276623827e-02	3.797318566165612530e-02	9.517605093178917175e-02
1.765786127984178393e+03	1.908758422516059483e-01	1.191364217842622308e-01	2.889325450975614440e-01	1.824825398460778458e-01	8.528429311548758884e-02	3.801909972612606964e-02	9.526925817836245924e-02
1.770623898197833569e+03	1.905333985951503661e-01	1.189017329982977877e-01	2.891491485111623017e-01	1.826346355412178379e-01	8.535435321128578834e-02	3.806480622894518190e-02	9.536192491342428135e-02
1.775461668411488745e+03	1.901929755875809425e-01	1.186684128828719986e-01	2.893644752994724567e-01	1.827857937028665447e-01	8.542398333565406898e-02	3.811030547497061549e-02	9.545405371606691114e-02
1.780299438625144376e+03	1.898545612976895169e-01	1.184364533706342704e-01	2.895785338987892366e-01	1.829360202966661408e-01	8.549318617477925930e-02	3.815559778216566500e-02	9.554564717875947688e-02
1.785137208838799552e+03	1.895181438663246232e-01	1.182058464424651095e-01	2.897913326657665656e-01	1.830853212418230846e-01	8.556196439577773427e-02	3.820068348125300189e-02	9.563670790607343986e-02
1.789974979052454728e+03	1.891837115059061825e-01	1.179765841271725041e-01	2.900028798788348849e-01	1.832337024118058655e-01	8.563032064692505108e-02	3.824556291537560548e-02	9.572723851346350010e-02
1.794812749266109904e+03	1.888512524999451103e-01	1.177486585011906506e-01	2.902131837395799385e-01	1.833811696350214626e-01	8.569825755787960353e-02	3.829023643976521563e-02	9.581724162610176510e-02
1.799650519479765535e+03	1.885207552025675859e-01	1.175220616882811930e-01	2.904222523740819240e-01	1.835277286954717646e-01	8.576577773990042008e-02	3.833470442141809209e-02	9.590671987776280827e-02
1.804488289693420711e+03	1.881922080380440954e-01	1.172967858592369739e-01	2.906300938342169515e-01	1.836733853333906707e-01	8.583288378605938296e-02	3.837896723877798344e-02	9.599567590975778553e-02
1.809326059907075887e+03	1.878655995003226664e-01	1.170728232315878664e-01	2.908367160989209776e-01	1.838181452458625964e-01	8.589957827144806268e-02	3.842302528142602092e-02	9.608411236991568072e-02
1.814163830120731291e+03	1.875409181525670155e-01	1.168501660693091887e-01	2.910421270754185441e-01	1.839620140874226595e-01	8.596586375337936237e-02	3.846687894977750266e-02	9.617203191160959841e-02
1.819001600334386467e+03	1.872181526266986362e-01	1.166288066825322961e-01	2.912463346004172116e-01	1.841049974706399361e-01	8.603174277158416594e-02	3.851052865478524212e-02	9.625943719282639699e-02
1.823839370548041643e+03	1.868972916229435233e-01	1.164087374272574499e-01	2.914493464412683532e-01	1.842471009666838966e-01	8.609721784840314307e-02	3.855397481764945983e-02	9.634633087527806616e-02
1.828677140761696819e+03	1.865783239093828372e-01	1.161899507050688785e-01	2.916511702970965292e-01	1.843883301058747148e-01	8.616229148897396051e-02	3.859721786953402428e-02	9.643271562355291981e-02
1.833514910975352450e+03	1.862612383215078715e-01	1.159724389628520036e-01	2.918518137998977191e-01	1.845286903782184518e-01	8.622696618141385827e-02	3.864025825128881986e-02	9.651859410430514707e-02
1.838352681189008081e+03	1.859460237617790168e-01	1.157561946925129148e-01	2.920512845156073567e-01	1.846681872339270281e-01	8.629124439699813187e-02	3.868309641317824177e-02	9.660396898548125055e-02
1.843190451402663257e+03	1.856326691991887212e-01	1.155412104306997728e-01	2.922495899451399426e-01	1.848068260839241250e-01	8.635512859033428468e-02	3.872573281461551276e-02	9.668884293558165088e-02
1.848028221616318433e+03	1.853211636688281982e-01	1.153274787585265582e-01	2.924467375254006796e-01	1.849446123003372355e-01	8.641862119953215571e-02	3.876816792390279376e-02	9.677321862295637511e-02
1.852865991829973609e+03	1.850114962714584088e-01	1.151149923012986104e-01	2.926427346302701293e-01	1.850815512169764476e-01	8.648172464637034207e-02	3.881040221797694284e-02	9.685709871513309421e-02
1.857703762043628785e+03	1.847036561730844018e-01	1.149037437282404289e-01	2.928375885715629456e-01	1.852176481298003496e-01	8.654444133645868009e-02	3.885243618216072808e-02	9.694048587817648277e-02
1.862541532257283961e+03	1.843976326045334568e-01	1.146937257522252784e-01	2.930313065999611832e-01	1.853529082973698339e-01	8.660677365939725703e-02	3.889427030991943202e-02	9.702338277607748529e-02
1.867379302470939592e+03	1.840934148610371413e-01	1.144849311295069311e-01	2.932238959059239591e-01	1.854873369412898820e-01	8.666872398893189777e-02	3.893590510262272264e-02	9.710579207017136505e-02
1.872217072684594768e+03	1.837909923018165859e-01	1.142773526594532546e-01	2.934153636205729665e-01	1.856209392466399710e-01	8.673029468310629320e-02	3.897734106931158987e-02	9.718771641858330035e-02
1.877054842898249490e+03	1.834903543496716194e-01	1.140709831842816879e-01	2.936057168165554510e-01	1.857537203623934041e-01	8.679148808441092267e-02	3.901857872647038900e-02	9.726915847570044571e-02
1.881892613111905121e+03	1.831914904905732056e-01	1.138658155887967982e-01	2.937949625088858152e-01	1.858856854018262894e-01	8.685230651992881246e-02	3.905961859780367196e-02	9.735012089166938942e-02
1.886730383325560297e+03	1.828943902732593219e-01	1.136618428001294895e-01	2.939831076557651302e-01	1.860168394429159711e-01	8.691275230147826880e-02	3.910046121401787589e-02	9.743060631191793886e-02
1.891568153539215928e+03	1.825990433088342246e-01	1.134590577874782236e-01	2.941701591593809395e-01	1.861471875287298294e-01	8.697282772575280763e-02	3.914110711260766068e-02	9.751061737670031759e-02
1.896405923752871104e+03	1.823054392703711835e-01	1.132574535618519201e-01	2.943561238666868030e-01	1.862767346678044778e-01	8.703253507445810055e-02	3.918155683764682623e-02	9.759015672066471969e-02
1.901243693966526507e+03	1.820135678925181855e-01	1.130570231758148275e-01	2.945410085701626879e-01	1.864054858345159382e-01	8.709187661444633966e-02	3.922181093958369835e-02	9.766922697244238838e-02
1.906081464180181683e+03	1.817234189711070813e-01	1.128577597232330171e-01	2.947248200085569314e-01	1.865334459694408809e-01	8.715085459784797928e-02	3.926186997504087922e-02	9.774783075425733103e-02
1.910919234393836859e+03	1.814349823627658675e-01	1.126596563390227651e-01	2.949075648676102723e-01	1.866606199797093413e-01	8.720947126220079948e-02	3.930173450661927914e-02	9.782597068155576836e-02
1.915757004607492036e+03	1.811482479845340499e-01	1.124627061989005722e-01	2.950892497807624526e-01	1.867870127393495283e-01	8.726772883057669350e-02	3.934140510270632551e-02	9.790364936265454066e-02
1.920594774821147894e+03	1.808632058134810594e-01	1.122669025191349867e-01	2.952698813298418878e-01	1.869126290896241382e-01	8.732562951170602661e-02	3.938088233728826576e-02	9.798086939840773557e-02
1.925432545034802843e+03	1.805798458863278055e-01	1.120722385563000661e-01	2.954494660457396282e-01	1.870374738393597580e-01	8.738317550009969126e-02	3.942016678976643235e-02	9.805763338189077416e-02
1.930270315248458019e+03	1.802981582990711151e-01	1.118787076070305309e-01	2.956280104090666661e-01	1.871615517652683580e-01	8.744036897616891402e-02	3.945925904477746993e-02	9.813394389810110863e-02
1.935108085462113195e+03	1.800181332066112250e-01	1.116863030077785979e-01	2.958055208507968659e-01	1.872848676122619849e-01	8.749721210634303636e-02	3.949815969201735111e-02	9.820980352367505994e-02
1.939945855675768371e+03	1.797397608223821608e-01	1.114950181345725211e-01	2.959820037528947956e-01	1.874074260937605152e-01	8.755370704318511665e-02	3.953686932606913229e-02	9.828521482661994879e-02
1.944783625889424002e+03	1.794630314179848085e-01	1.113048464027765749e-01	2.961574654489290137e-01	1.875292318919927204e-01	8.760985592550563084e-02	3.957538854623440100e-02	9.836018036606100634e-02
1.949621396103079178e+03	1.791879353228231220e-01	1.111157812668528005e-01	2.963319122246721449e-01	1.876502896582911972e-01	8.766566087847417477e-02	3.961371795636829674e-02	9.843470269200238487e-02
1.954459166316734354e+03	1.789144629237428008e-01	1.109278162201243756e-01	2.965053503186871331e-01	1.877706040133809151e-01	8.772112401372926527e-02	3.965185816471798047e-02	9.850878434510165760e-02
1.959296936530389530e+03	1.786426046646730492e-01	1.107409447945403996e-01	2.966777859229003944e-01	1.878901795476619063e-01	8.777624742948639258e-02	3.968980978376463603e-02	9.858242785645733586e-02
1.964134706744044706e+03	1.783723510462708051e-01	1.105551605604423587e-01	2.968492251831627571e-01	1.880090208214862668e-01	8.783103321064436586e-02	3.972757343006873276e-02	9.865563574740882080e-02
1.968972476957700337e+03	1.781036926255677166e-01	1.103704571263320888e-01	2.970196741997981338e-01	1.881271323654295224e-01	8.788548342888984066e-02	3.976514972411862581e-02	9.872841052934816508e-02
1.973810247171355968e+03	1.778366200156198396e-01	1.101868281386413212e-01	2.971891390281402590e-01	1.882445186805567494e-01	8.793960014280019499e-02	3.980253929018237602e-02	9.880075470354338085e-02
1.978648017385010689e+03	1.775711238851599150e-01	1.100042672815026712e-01	2.973576256790578798e-01	1.883611842386834767e-01	8.799338539794497593e-02	3.983974275616267852e-02	9.887267076097257246e-02
1.983485787598666320e+03	1.773071949582522011e-01	1.098227682765221258e-01	2.975251401194691780e-01	1.884771334826315370e-01	8.804684122698566706e-02	3.987676075345490678e-02	9.894416118216854683e-02
1.988323557812321269e+03	1.770448240139498863e-01	1.096423248825531271e-01	2.976916882728453118e-01	1.885923708264803100e-01	8.809996964977395706e-02	3.991359391680815438e-02	9.901522843707347143e-02
1.993161328025976900e+03	1.767840018859550000e-01	1.094629308954719604e-01	2.978572760197032987e-01	1.887069006558129425e-01	8.815277267344862056e-02	3.995024288418926733e-02	9.908587498490314949e-02
1.997999098239632076e+03	1.765247194622808491e-01	1.092845801479547241e-01	2.980219091980891299e-01	1.888207273279585152e-01	8.820525229253095567e-02	3.998670829664970061e-02	9.915610327402041291e-02
2.002836868453287707e+03	1.762669676849169254e-01	1.091072665092556737e-01	2.981855936040507249e-01	1.889338551722294368e-01	8.825741048901888930e-02	4.002299079819528899e-02	9.922591574181741092e-02
2.007674638666942428e+03	1.760107375494961712e-01	1.089309838849870510e-01	2.983483349921016159e-01	1.890462884901548679e-01	8.830924923247970848e-02	4.005909103565872403e-02	9.929531481460619757e-02
2.012512408880597604e+03	1.757560201049647441e-01	1.087557262169002725e-01	2.985101390756754736e-01	1.891580315557100656e-01	8.836077048014150115e-02	4.009500965857477894e-02	9.936430290751754879e-02
2.017350179094252780e+03	1.755028064532540844e-01	1.085814874826685622e-01	2.986710115275711952e-01	1.892690886155415642e-01	8.841197617698345890e-02	4.013074731905819093e-02	9.943288242440735669e-02
2.022187949307908411e+03	1.752510877489553143e-01	1.084082616956709710e-01	2.988309579803897220e-01	1.893794638891889426e-01	8.846286825582483360e-02	4.016630467168413876e-02	9.950105575777040690e-02
2.027025719521564042e+03	1.750008551989962191e-01	1.082360429047777295e-01	2.989899840269624187e-01	1.894891615693025111e-01	8.851344863741283930e-02	4.020168237337128081e-02	9.956882528866137227e-02
2.031863489735218764e+03	1.747521000623200593e-01	1.080648251941370569e-01	2.991480952207707933e-01	1.895981858218576122e-01	8.856371923050923578e-02	4.023688108326730489e-02	9.963619338662234315e-02
2.036701259948874394e+03	1.745048136495670199e-01	1.078946026829632338e-01	2.993052970763588339e-01	1.897065407863653963e-01	8.861368193197605159e-02	4.027190146263689291e-02	9.970316240961703269e-02
2.041539030162529116e+03	1.742589873227578245e-01	1.077253695253260340e-01	2.994615950697370743e-01	1.898142305760804338e-01	8.866333862686001654e-02	4.030674417475212101e-02	9.976973470397099142e-02
2.046376800376184747e+03	1.740146124949795148e-01	1.075571199099416009e-01	2.996169946387796101e-01	1.899212592782047737e-01	8.871269118847602275e-02	4.034140988478517043e-02	9.983591260431783077e-02
2.051214570589840150e+03	1.737716806300734773e-01	1.073898480599644600e-01	2.997715011836133425e-01	1.900276309540890884e-01	8.876174147848964191e-02	4.037589925970341137e-02	9.990169843355110879e-02
2.056052340803495554e+03	1.735301832423256085e-01	1.072235482327810047e-01	2.999251200670006168e-01	1.901333496394307099e-01	8.881049134699843528e-02	4.041021296816663805e-02	9.996709450278153108e-02
2.060890111017150957e+03	1.732901118961586995e-01	1.070582147198041595e-01	3.000778566147144222e-01	1.902384193444687788e-01	8.885894263261256976e-02	4.044435168042659345e-02	1.000321031112993281e-01
2.065727881230805451e+03	1.730514582058269302e-01	1.068938418462694329e-01	3.002297161159073191e-01	1.903428440541763411e-01	8.890709716253429595e-02	4.047831606822865913e-02	1.000967265465416700e-01
2.070565651444461309e+03	1.728142138351122792e-01	1.067304239710321900e-01	3.003807038234734827e-01	1.904466277284498354e-01	8.895495675263662139e-02	4.051210680471563352e-02	1.001609670840646477e-01
2.075403421658116713e+03	1.725783704970234034e-01	1.065679554863661893e-01	3.005308249544048071e-01	1.905497743022958324e-01	8.900252320754099833e-02	4.054572456433359201e-02	1.002248269875198328e-01
2.080241191871772116e+03	1.723439199534962663e-01	1.064064308177634366e-01	3.006800846901405699e-01	1.906522876860152760e-01	8.904979832069420675e-02	4.057917002273980778e-02	1.002883085086350989e-01
2.085078962085427065e+03	1.721108540150970145e-01	1.062458444237351918e-01	3.008284881769109353e-01	1.907541717653849223e-01	8.909678387444439074e-02	4.061244385671266416e-02	1.003514138871995642e-01
2.089916732299082469e+03	1.718791645407266033e-01	1.060861907956143213e-01	3.009760405260749061e-01	1.908554304018366954e-01	8.914348164011626219e-02	4.064554674406351681e-02	1.004141453510524057e-01
2.094754502512737417e+03	1.716488434373277527e-01	1.059274644573587748e-01	3.011227468144525576e-01	1.909560674326342133e-01	8.918989337808547191e-02	4.067847936355047794e-02	1.004765051160754485e-01
2.099592272726392821e+03	1.714198826595937641e-01	1.057696599653563940e-01	3.012686120846515547e-01	1.910560866710473982e-01	8.923602083785225902e-02	4.071124239479409490e-02	1.005384953861892944e-01
2.104430042940048224e+03	1.711922742096791961e-01	1.056127719082308458e-01	3.014136413453883390e-01	1.911554919065245051e-01	8.928186575811423997e-02	4.074383651819485364e-02	1.006001183533528215e-01
2.109267813153704083e+03	1.709660101369126772e-01	1.054567949066487070e-01	3.015578395718042093e-01	1.912542869048622363e-01	8.932742986683853137e-02	4.077626241485248632e-02	1.006613761975659466e-01
2.114105583367359031e+03	1.707410825375114127e-01	1.053017236131279927e-01	3.017012117057761289e-01	1.913524754083736068e-01	8.937271488133308184e-02	4.080852076648708998e-02	1.007222710868754673e-01
2.118943353581013525e+03	1.705174835542979384e-01	1.051475527118475167e-01	3.018437626562226472e-01	1.914500611360535620e-01	8.941772250831742097e-02	4.084061225536193135e-02	1.007828051773838052e-01
2.123781123794669384e+03	1.702952053764183737e-01	1.049942769184576963e-01	3.019854972994048259e-01	1.915470477837429020e-01	8.946245444399250624e-02	4.087253756420797940e-02	1.008429806132605938e-01
2.128618894008324787e+03	1.700742402390628405e-01	1.048418909798924242e-01	3.021264204792225017e-01	1.916434390242900132e-01	8.950691237411007029e-02	4.090429737615011718e-02	1.009027995267568756e-01
2.133456664221980191e+03	1.698545804231877121e-01	1.046903896741820938e-01	3.022665370075061642e-01	1.917392385077108519e-01	8.955109797404116334e-02	4.093589237463499120e-02	1.009622640382219078e-01
2.138294434435635139e+03	1.696362182552395015e-01	1.045397678102677336e-01	3.024058516643039485e-01	1.918344498613469007e-01	8.959501290884415436e-02	4.096732324336041509e-02	1.010213762561222584e-01
2.143132204649290543e+03	1.694191461068808024e-01	1.043900202278164324e-01	3.025443691981644645e-01	1.919290766900214606e-01	8.963865883333207996e-02	4.099859066620642478e-02	1.010801382770633028e-01
2.147969974862945492e+03	1.692033563947179242e-01	1.042411417970377091e-01	3.026820943264154073e-01	1.920231225761940830e-01	8.968203739213927161e-02	4.102969532716780471e-02	1.011385521858128578e-01
2.152807745076601350e+03	1.689888415800303578e-01	1.040931274185011440e-01	3.028190317354377270e-01	1.921165910801133081e-01	8.972515021978751115e-02	4.106063791028818910e-02	1.011966200553268136e-01
2.157645515290255844e+03	1.687755941685021022e-01	1.039459720229550521e-01	3.029551860809361341e-01	1.922094857399677947e-01	8.976799894075149222e-02	4.109141909959559968e-02	1.012543439467768480e-01
2.162483285503912157e+03	1.685636067099544333e-01	1.037996705711463213e-01	3.030905619882053315e-01	1.923018100720357559e-01	8.981058516952372672e-02	4.112203957903946133e-02	1.013117259095799721e-01
2.167321055717567106e+03	1.683528717980808109e-01	1.036542180536412922e-01	3.032251640523924707e-01	1.923935675708328408e-01	8.985291051067886836e-02	4.115250003242903326e-02	1.013687679814297138e-01
2.172158825931222509e+03	1.681433820701833670e-01	1.035096094906477610e-01	3.033589968387556124e-01	1.924847617092583785e-01	8.989497655893746719e-02	4.118280114337324882e-02	1.014254721883291605e-01
2.176996596144877003e+03	1.679351302069110874e-01	1.033658399318381077e-01	3.034920648829190215e-01	1.925753959387402348e-01	8.993678489922928010e-02	4.121294359522190837e-02	1.014818405446254596e-01
2.181834366358532861e+03	1.677281089319995477e-01	1.032229044561734227e-01	3.036243726911241336e-01	1.926654736893780862e-01	8.997833710675583185e-02	4.124292807100824604e-02	1.015378750530458868e-01
