1.219118093841131440e+03	2.461568452967367315e-01	1.568735727211151287e-01	2.530389907979552211e-01	1.575139377591838474e-01	7.334568282146738949e-02	3.163315170206468241e-02	8.143781890095844189e-02
1.233631404482097196e+03	2.441572887860292140e-01	1.555125768988363244e-01	2.544173072702383687e-01	1.582444083558741665e-01	7.402136614955273641e-02	3.182199299079344762e-02	8.182505954815713634e-02
1.248144715123063179e+03	2.421938074726266432e-01	1.541760180070959052e-01	2.557598367688593277e-01	1.591030504558547665e-01	7.452739231062679992e-02	3.201155647952202976e-02	8.222833850489597030e-02
1.262658025764028707e+03	2.402655050753971788e-01	1.528631647103597391e-01	2.570686947506323761e-01	1.599914206897246061e-01	7.496983608916620023e-02	3.220132227093048388e-02	8.264005641327094864e-02
1.277171336404994690e+03	2.383716375590976544e-01	1.515734836718775902e-01	2.583456295928858171e-01	1.608765901840161217e-01	7.538499430343822971e-02	3.239099017826391202e-02	8.305667450990220080e-02
1.291684647045960673e+03	2.365115242525648032e-01	1.503065154800182768e-01	2.595921774163375551e-01	1.617478771192348841e-01	7.578540491810070723e-02	3.258034563920710752e-02	8.347615517401815732e-02
1.306197957686926657e+03	2.346845169919012652e-01	1.490618321399132529e-01	2.608097238641319815e-01	1.626021284354774998e-01	7.617550812189392839e-02	3.276921316198968398e-02	8.389707728417389321e-02
1.320711268327892412e+03	2.328899890639046788e-01	1.478390223450674890e-01	2.619995332217179285e-01	1.634387158141238361e-01	7.655697687559624709e-02	3.295743964497606371e-02	8.431832303409529661e-02
1.335224578968857941e+03	2.311273309365605710e-01	1.466376862239963386e-01	2.631627655366479690e-01	1.642578367860001998e-01	7.693053199506666440e-02	3.314488794034885916e-02	8.473896058086093086e-02
1.349737889609823924e+03	2.293959483431774748e-01	1.454574333306651868e-01	2.643004888669362451e-01	1.650599400878689227e-01	7.729656084571069619e-02	3.333143397426150539e-02	8.515819455086152956e-02
1.364251200250789907e+03	2.276952612068778303e-01	1.442978817562664551e-01	2.654136891713730906e-01	1.658455331974235669e-01	7.765532880841960472e-02	3.351696514058330467e-02	8.557534071853767355e-02
1.378764510891755890e+03	2.260247028863514029e-01	1.431586576382472276e-01	2.665032787748948806e-01	1.666151195754009828e-01	7.800705206884224474e-02	3.370137918499734042e-02	8.598980987074748839e-02
1.393277821532721646e+03	2.243837195625424386e-01	1.420393948185512678e-01	2.675701037956492723e-01	1.673691797412212856e-01	7.835192312557090477e-02	3.388458330720120482e-02	8.640109564874516590e-02
1.407791132173687402e+03	2.227717697016254050e-01	1.409397345652156908e-01	2.686149507267188707e-01	1.681081669948601975e-01	7.869012012801360201e-02	3.406649338345251604e-02	8.680876449959525065e-02
1.422304442814653157e+03	2.211883235693501426e-01	1.398593253268102243e-01	2.696385522926937894e-01	1.688325078832756398e-01	7.902181063959207163e-02	3.424703327162201966e-02	8.721244701613761752e-02
1.436817753455619140e+03	2.196328627856763138e-01	1.387978225081843708e-01	2.706415926704315300e-01	1.695426040688957636e-01	7.934715343989923175e-02	3.442613418179106544e-02	8.761183034460318098e-02
1.451331064096585123e+03	2.181048799136113825e-01	1.377548882625739823e-01	2.716247121474308357e-01	1.702388344866380410e-01	7.966629960267089527e-02	3.460373410296448821e-02	8.800665148359172740e-02
1.465844374737550879e+03	2.166038780781188999e-01	1.367301912974730749e-01	2.725885112810296218e-01	1.709215574317255459e-01	7.997939327683650790e-02	3.477977727941759106e-02	8.839669135488016638e-02
1.480357685378516862e+03	2.151293706118534432e-01	1.357234066925778471e-01	2.735335546138934482e-01	1.715911124753686789e-01	8.028657232170513525e-02	3.495421373154126987e-02	8.878176955254163394e-02
1.494870996019482618e+03	2.136808807249814535e-01	1.347342157285071063e-01	2.744603739948408561e-01	1.722478221899715334e-01	8.058796885271549137e-02	3.512699881681181219e-02	8.916173969165321067e-02
1.509384306660448374e+03	2.122579411966957208e-01	1.337623057252165237e-01	2.753694715485009992e-01	1.728919936924283585e-01	8.088370972141320503e-02	3.529809282704346463e-02	8.953648528818318464e-02
1.523897617301414357e+03	2.108600940863080420e-01	1.328073698891678867e-01	2.762613223324253409e-01	1.735239200215670796e-01	8.117391694166647964e-02	3.546746061850480219e-02	8.990591610984179083e-02
1.538410927942380113e+03	2.094868904620397765e-01	1.318691071684257310e-01	2.771363767159640279e-01	1.741438813668652885e-01	8.145870806972099754e-02	3.563507127184042250e-02	9.026996494462512233e-02
1.552924238583346096e+03	2.081378901458334485e-01	1.309472221149471372e-01	2.779950625113950524e-01	1.747521461646173724e-01	8.173819654379826938e-02	3.580089777905479109e-02	9.062858473983534391e-02
1.567437549224311852e+03	2.068126614726906176e-01	1.300414247534113221e-01	2.788377868844011953e-01	1.753489720762422266e-01	8.201249198794582917e-02	3.596491675509480568e-02	9.098174606969547384e-02
1.581950859865277607e+03	2.055107810632008092e-01	1.291514304560071602e-01	2.796649380679789298e-01	1.759346068618826697e-01	8.228170048419641835e-02	3.612710817181642720e-02	9.132943489439912521e-02
1.596464170506243590e+03	2.042318336080683749e-01	1.282769598226601027e-01	2.804768869011868837e-01	1.765092891610047787e-01	8.254592481659622782e-02	3.628745511234284654e-02	9.167165057762236002e-02
1.610977481147209119e+03	2.029754116635714978e-01	1.274177385662354778e-01	2.812739882117663015e-01	1.770732491904013495e-01	8.280526469024726555e-02	3.644594354402005271e-02	9.200840413323969902e-02
1.625490791788175102e+03	2.017411154569994924e-01	1.265734974023050297e-01	2.820565820595556383e-01	1.776267093688367327e-01	8.305981692814963513e-02	3.660256210835283186e-02	9.233971667528226290e-02
1.640004102429141085e+03	2.005285527012146685e-01	1.257439719431081571e-01	2.828249948557475246e-01	1.781698848765321530e-01	8.330967564831492922e-02	3.675730192646275291e-02	9.266561804810144465e-02
1.654517413070107068e+03	1.993373384175749496e-01	1.249289025953774779e-01	2.835795403713696206e-01	1.787029841567675525e-01	8.355493242334281756e-02	3.691015641875147052e-02	9.298614561629771347e-02
1.669030723711072824e+03	1.981670947665318816e-01	1.241280344617345099e-01	2.843205206468935597e-01	1.792262093660575983e-01	8.379567642440574615e-02	3.706112113757973475e-02	9.330134319627851613e-02
1.683544034352038352e+03	1.970174508852897965e-01	1.233411172453906385e-01	2.850482268135612340e-01	1.797397567786323813e-01	8.403199455136770024e-02	3.721019361188591251e-02	9.361126011335392516e-02
1.698057344993004335e+03	1.958880427319744655e-01	1.225679051579173645e-01	2.857629398358494388e-01	1.802438171503076836e-01	8.426397155056897237e-02	3.735737320276998064e-02	9.391595037009370373e-02
1.712570655633970318e+03	1.947785129358161615e-01	1.218081568298735318e-01	2.864649311834583378e-01	1.807385760462577318e-01	8.449169012163573744e-02	3.750266096916004405e-02	9.421547191328007165e-02
1.727083966274936301e+03	1.936885106529014633e-01	1.210616352240989069e-01	2.871544634402852236e-01	1.812242141366949832e-01	8.471523101452083093e-02	3.764605954276058902e-02	9.450988598821963294e-02
1.741597276915902057e+03	1.926176914270927854e-01	1.203281075515031384e-01	2.878317908570276473e-01	1.817009074640100474e-01	8.493467311784595741e-02	3.778757301155500486e-02	9.479925657044689646e-02
1.756110587556867813e+03	1.915657170557545086e-01	1.196073451891959544e-01	2.884971598533310755e-01	1.821688276845260801e-01	8.515009353949537507e-02	3.792720681120131943e-02	9.508364986597718505e-02
1.770623898197833569e+03	1.905322554599592488e-01	1.188991236008198060e-01	2.891508094747488600e-01	1.826281422876652738e-01	8.536156768030367381e-02	3.806496762371910925e-02	9.536313387226555416e-02
1.785137208838799552e+03	1.895169805588806933e-01	1.182032222589596421e-01	2.897929718092085993e-01	1.830790147950113744e-01	8.556916930158625645e-02	3.820086328291945332e-02	9.563777799291552084e-02
1.799650519479765535e+03	1.885195721481061626e-01	1.175194245695167367e-01	2.904238723671662137e-01	1.835216049414716555e-01	8.577297058717586742e-02	3.833490268607757379e-02	9.590765269996733011e-02
1.814163830120731291e+03	1.875397157816280358e-01	1.168475177979440977e-01	2.910437304291748073e-01	1.839560688404940914e-01	8.597304220055511370e-02	3.846709571139133449e-02	9.617282923829408026e-02
1.828677140761696819e+03	1.865771026572956570e-01	1.161872929972504187e-01	2.916527593641913829e-01	1.843825591350755633e-01	8.616945333760731018e-02	3.859745314080799405e-02	9.643337936725315807e-02
1.843190451402663257e+03	1.856314295055291330e-01	1.155385449376882673e-01	2.922511669215857033e-01	1.848012251361010327e-01	8.636227177545045819e-02	3.872598658783661663e-02	9.668937513529027306e-02
1.857703762043628785e+03	1.847023984811140551e-01	1.149010720380496675e-01	2.928391554994939083e-01	1.852122129493809499e-01	8.655156391776608338e-02	3.885270842999588581e-02	9.694088868368097578e-02
1.872217072684594768e+03	1.837897170579136652e-01	1.142746762984989256e-01	2.934169223918773883e-01	1.856156655925999266e-01	8.673739483698894581e-02	3.897763174557548893e-02	9.718799207602719925e-02
1.886730383325560297e+03	1.828930979263475309e-01	1.136591632348788045e-01	2.939846600163930068e-01	1.860117231032536733e-01	8.691982831368233464e-02	3.910077025441571763e-02	9.743075715051048580e-02
1.901243693966526507e+03	1.820122588934997288e-01	1.130543418144309975e-01	2.945425561249562230e-01	1.864005226385299363e-01	8.709892687338738337e-02	3.922213826243336338e-02	9.766925539224398378e-02
1.915757004607492036e+03	1.811469227857313291e-01	1.124600243928774584e-01	2.950907939986774919e-01	1.867821985679816998e-01	8.727475182120233987e-02	3.934175060964361509e-02	9.790355782336768176e-02
1.930270315248458019e+03	1.802968173536814434e-01	1.118760266528124880e-01	2.956295526286758513e-01	1.871568825597461072e-01	8.744736327431945622e-02	3.945962262144708105e-02	9.813373490879921668e-02
1.944783625889424002e+03	1.794616751795510834e-01	1.113021675433601976e-01	2.961590068841118417e-01	1.875247036609775653e-01	8.761682019272139244e-02	3.957577006296882777e-02	9.835985647579069402e-02
1.959296936530389530e+03	1.786412335865721623e-01	1.107382692210546055e-01	2.966793276686441883e-01	1.878857883730888356e-01	8.778318040821653234e-02	3.969020909625244758e-02	9.858199164565284445e-02
1.973810247171355968e+03	1.778352345505717913e-01	1.101841569919031621e-01	2.971906820663849369e-01	1.882402607223273572e-01	8.794650065197281985e-02	3.980295624012689798e-02	9.880020877619463682e-02
1.988323557812321269e+03	1.770434246135481893e-01	1.096396592545973298e-01	2.976932334783192746e-01	1.885882423261546759e-01	8.810683658069191904e-02	3.991402833257716443e-02	9.901457541359316716e-02
2.002836868453287707e+03	1.762655547991811289e-01	1.091046074448357578e-01	2.981871417500525090e-01	1.889298524558453707e-01	8.826424280154956947e-02	4.002344249546225391e-02	9.922515825255513733e-02
2.017350179094252780e+03	1.755013805302055030e-01	1.085788359807282749e-01	2.986725632916616968e-01	1.892652080956747085e-01	8.841877289601421386e-02	4.013121610143499662e-02	9.943202310376229869e-02
2.031863489735218764e+03	1.747506615475809821e-01	1.080621822092509010e-01	2.991496511903453115e-01	1.895944239990232649e-01	8.857047944264390127e-02	4.023736674292848620e-02	9.963523486770885229e-02
2.046376800376184747e+03	1.740131618313954520e-01	1.075544863537235274e-01	2.996185553164980031e-01	1.899176127416902504e-01	8.871941403894975653e-02	4.034191220308346038e-02	9.983485751414128417e-02
2.060890111017150957e+03	1.732886495234442215e-01	1.070555914622838140e-01	3.000794224237710028e-01	1.902348847726753611e-01	8.886562732240532725e-02	4.044487042849939651e-02	1.000309540664025970e-01
2.075403421658116713e+03	1.725768968514305446e-01	1.065653433573322956e-01	3.005323962436239338e-01	1.905463484626594983e-01	8.900916899067212729e-02	4.054625950370011750e-02	1.002235865900631961e-01
2.089916732299082469e+03	1.718776800547362482e-01	1.060835905859247724e-01	3.009776175748226090e-01	1.908521101503894146e-01	8.915008782110409036e-02	4.064609762721201058e-02	1.004128161852925472e-01
2.104430042940048224e+03	1.711907793117142251e-01	1.056101843710895993e-01	3.014152243682933219e-01	1.911522741871493902e-01	8.928843168958680576e-02	4.074440308915957404e-02	1.005987029824887691e-01
2.118943353581013525e+03	1.705159786684576351e-01	1.051449785640482248e-01	3.018453518077025555e-01	1.914469429794821709e-01	8.942424758876153790e-02	4.084119425028930744e-02	1.007813061407402538e-01
2.133456664221980191e+03	1.698530659690030975e-01	1.046878295973185519e-01	3.022681323860964553e-01	1.917362170303041347e-01	8.955758164567864665e-02	4.093648952233858856e-02	1.009606838487422525e-01
2.147969974862945492e+03	1.692018327869268535e-01	1.042385964386814273e-01	3.026836959789016013e-01	1.920201949785436957e-01	8.968847913892012691e-02	4.103030734967156451e-02	1.011368933278364857e-01
2.162483285503912157e+03	1.685620743582962044e-01	1.037971405459915952e-01	3.030921699135595837e-01	1.922989736374181025e-01	8.981698451522712734e-02	4.112266619210887264e-02	1.013099908368802898e-01
2.176996596144877003e+03	1.679335895159393133e-01	1.033633258228149332e-01	3.034936790360425185e-01	1.925726480314513545e-01	8.994314140566425642e-02	4.121358450888260722e-02	1.014800316786868550e-01
2.191509906785843214e+03	1.673161806249986450e-01	1.029370185748746114e-01	3.038883457744742111e-01	1.928413114323246913e-01	9.006699264134920835e-02	4.130308074365206944e-02	1.016470702078084570e-01
2.206023217426809424e+03	1.667096535197353790e-01	1.025180874672895620e-01	3.042762902000589187e-01	1.931050553936421721e-01	9.018858026877379919e-02	4.139117331051996029e-02	1.018111598394621370e-01
2.220536528067775180e+03	1.661138174415525692e-01	1.021064034825888700e-01	3.046576300855041164e-01	1.933639697846841476e-01	9.030794556473903389e-02	4.147788058099192987e-02	1.019723530594212751e-01
2.235049838708740936e+03	1.655284849782076295e-01	1.017018398794867634e-01	3.050324809611040244e-01	1.936181428232145452e-01	9.042512905092547904e-02	4.156322087182619252e-02	1.021307014347173636e-01
2.249563149349706237e+03	1.649534720041847813e-01	1.013042721524028966e-01	3.054009561686372720e-01	1.938676611074009459e-01	9.054017050811735690e-02	4.164721243372272730e-02	1.022862556250159483e-01
2.264076459990672902e+03	1.643885976221997336e-01	1.009135779917132020e-01	3.057631669132199193e-01	1.941126096469000251e-01	9.065310899009762502e-02	4.172987344080478223e-02	1.024390653945466551e-01
2.278589770631638203e+03	1.638336841058102011e-01	1.005296372447173348e-01	3.061192223132387924e-01	1.943530718931561763e-01	9.076398283722911242e-02	4.181122198084786384e-02	1.025891796244823989e-01
2.293103081272604413e+03	1.632885568431066969e-01	1.001523318773086535e-01	3.064692294484846480e-01	1.945891297689558708e-01	9.087282968973586783e-02	4.189127604621427359e-02	1.027366463256758206e-01
2.307616391913570169e+03	1.627530442814588141e-01	9.978154593633339897e-02	3.068132934065903039e-01	1.948208636972763863e-01	9.097968650069715446e-02	4.197005352545340323e-02	1.028815126516724465e-01
2.322129702554535925e+03	1.622269778732930989e-01	9.941716551262605450e-02	3.071515173278722699e-01	1.950483526294637671e-01	9.108458954876594293e-02	4.204757219553029862e-02	1.030238249119304478e-01
2.336643013195502135e+03	1.617101920228802281e-01	9.905907870470788412e-02	3.074840024486670820e-01	1.952716740727715172e-01	9.118757445062215805e-02	4.212384971464718658e-02	1.031636285851857959e-01
2.351156323836467891e+03	1.612025240341088128e-01	9.870717558313653328e-02	3.078108481432434984e-01	1.954909041172886996e-01	9.128867617317035221e-02	4.219890361562459585e-02	1.033009683329094291e-01
2.365669634477433647e+03	1.607038140592244591e-01	9.836134815549431309e-02	3.081321519643682727e-01	1.957061174622831412e-01	9.138792904549089546e-02	4.227275129981043073e-02	1.034358880128104230e-01
2.380182945118399402e+03	1.602139050485138771e-01	9.802149033200346917e-02	3.084480096825960027e-01	1.959173874419837535e-01	9.148536677055252309e-02	4.234541003148732663e-02	1.035684306923449344e-01
2.394696255759364703e+03	1.597326427009135574e-01	9.768749789175674991e-02	3.087585153243475600e-01	1.961247860508234242e-01	9.158102243669406783e-02	4.241689693275000478e-02	1.036986386621965572e-01
2.409209566400331823e+03	1.592598754155235830e-01	9.735926844955197779e-02	3.090637612088378283e-01	1.963283839681622123e-01	9.167492852888212140e-02	4.248722897882608457e-02	1.038265534496981696e-01
2.423722877041296670e+03	1.587954542440080941e-01	9.703670142331959070e-02	3.093638379839089847e-01	1.965282505825089732e-01	9.176711693975128648e-02	4.255642299381505456e-02	1.039522158321700002e-01
2.438236187682262880e+03	1.583392328438638086e-01	9.671969800213232882e-02	3.096588346608209474e-01	1.967244540152583987e-01	9.185761898043290352e-02	4.262449564682175424e-02	1.040756658501519188e-01
2.452749498323228636e+03	1.578910674325388896e-01	9.640816111478632544e-02	3.099488386480469537e-01	1.969170611439584606e-01	9.194646539117812267e-02	4.269146344846159319e-02	1.041969428205117426e-01
2.467262808964194392e+03	1.574508167423849803e-01	9.610199539894344334e-02	3.102339357841202849e-01	1.971061376251229402e-01	9.203368635178027501e-02	4.275734274771640642e-02	1.043160853494137785e-01
2.481776119605160602e+03	1.570183419764257238e-01	9.580110717082437888e-02	3.105142103695727185e-01	1.972917479166021448e-01	9.211931149180191403e-02	4.282214972912060102e-02	1.044331313451346277e-01
2.496289430246126358e+03	1.565935067649247281e-01	9.550540439544288884e-02	3.107897451980054515e-01	1.974739552995241343e-01	9.220336990061094029e-02	4.288590041025850536e-02	1.045481180307154812e-01
2.510802740887092114e+03	1.561761771227382911e-01	9.521479665737107856e-02	3.110606215863276347e-01	1.976528218998179209e-01	9.228589013723037526e-02	4.294861063955488639e-02	1.046610819564420397e-01
2.525316051528057415e+03	1.557662214074362617e-01	9.492919513202636994e-02	3.113269194041976551e-01	1.978284087093297450e-01	9.236690024000600296e-02	4.301029609434144085e-02	1.047720590121447581e-01
2.539829362169024080e+03	1.553635102781764643e-01	9.464851255747058767e-02	3.115887171026998081e-01	1.980007756065425006e-01	9.244642773609587638e-02	4.307097227918306459e-02	1.048810844393139874e-01
2.554342672809989381e+03	1.549679166553179499e-01	9.437266320671215680e-02	3.118460917422852807e-01	1.981699813769075003e-01	9.252449965078549110e-02	4.313065452444846820e-02	1.049881928430254491e-01
2.568855983450955591e+03	1.545793156807584723e-01	9.410156286050208596e-02	3.120991190200074761e-01	1.983360837327983739e-01	9.260114251663242868e-02	4.318935798511069901e-02	1.050934182036728365e-01
2.583369294091921347e+03	1.541975846789825910e-01	9.383512878061513185e-02	3.123478732960767168e-01	1.984991393330951537e-01	9.267638238244371718e-02	4.324709763976367083e-02	1.051967938885053910e-01
2.597882604732887103e+03	1.538226031188061615e-01	9.357327968360729109e-02	3.125924276197618590e-01	1.986592038024068696e-01	9.275024482208957255e-02	4.330388828984169797e-02	1.052983526629689415e-01
2.612395915373853313e+03	1.534542525758044174e-01	9.331593571504109841e-02	3.128328537546600785e-01	1.988163317499407334e-01	9.282275494315669895e-02	4.335974455902963376e-02	1.053981267018498091e-01
2.626909226014819069e+03	1.530924166954102661e-01	9.306301842417034897e-02	3.130692222033595873e-01	1.989705767880247667e-01	9.289393739544407613e-02	4.341468089285191456e-02	1.054961476002215237e-01
2.641422536655784825e+03	1.527369811566701985e-01	9.281445073907604315e-02	3.133016022315153748e-01	1.991219915502918103e-01	9.296381637930464792e-02	4.346871155842943479e-02	1.055924463841950156e-01
2.655935847296750580e+03	1.523878336366451536e-01	9.257015694224544899e-02	3.135300618913586246e-01	1.992706277095312450e-01	9.303241565383546519e-02	4.352185064439360179e-02	1.056870535214729928e-01
2.670449157937716336e+03	1.520448637754445442e-01	9.233006264658634443e-02	3.137546680446589575e-01	1.994165359952152494e-01	9.309975854491946146e-02	4.357411206094784217e-02	1.057799989317101952e-01
2.684962468578682547e+03	1.517079631418812025e-01	9.209409477186865367e-02	3.139754863851575428e-01	1.995597662107058134e-01	9.316586795312145619e-02	4.362550954006687992e-02	1.058713119966810667e-01
2.699475779219648302e+03	1.513770251997356986e-01	9.186218152158584505e-02	3.141925814604889511e-01	1.997003672501490856e-01	9.323076636144109197e-02	4.367605663582500158e-02	1.059610215702569691e-01
2.713989089860614058e+03	1.510519452746189595e-01	9.163425236022856857e-02	3.144060166936071266e-01	1.998383871150625213e-01	9.329447584292542561e-02	4.372576672484481536e-02	1.060491559881952400e-01
2.728502400501579814e+03	1.507326205214213621e-01	9.141023799096319180e-02	3.146158544037326310e-01	1.999738729306210772e-01	9.335701806814365733e-02	4.377465300685844801e-02	1.061357430777423172e-01
2.743015711142545115e+03	1.504189498923382828e-01	9.119007033370785109e-02	3.148221558268345932e-01	2.001068709616478924e-01	9.341841431252653760e-02	4.382272850537360931e-02	1.062208101670539251e-01
2.757529021783511780e+03	1.501108341054605000e-01	9.097368250359923192e-02	3.150249811356631291e-01	2.002374266283148407e-01	9.347868546357289421e-02	4.387000606843739769e-02	1.063043840944347396e-01
2.772042332424477081e+03	1.498081756139200693e-01	9.076100878984270925e-02	3.152243894593443896e-01	2.003655845215584763e-01	9.353785202792565256e-02	4.391649836949090835e-02	1.063864912174005001e-01
2.786555643065443292e+03	1.495108785755804581e-01	9.055198463493925598e-02	3.154204389025526134e-01	2.004913884182166761e-01	9.359593413831972242e-02	4.396221790830832921e-02	1.064671574215657335e-01
2.801068953706408593e+03	1.492188488232613075e-01	9.034654661428218048e-02	3.156131865642704537e-01	2.006148812958907512e-01	9.365295156040399915e-02	4.400717701201438403e-02	1.065464081293596710e-01
2.815582264347374803e+03	1.489319938354886075e-01	9.014463241611749000e-02	3.158026885561505681e-01	2.007361053475382184e-01	9.370892369943981115e-02	4.405138783617434245e-02	1.066242683085736748e-01
2.830095574988341014e+03	1.486502227077594607e-01	8.994618082186071895e-02	3.159890000204891303e-01	2.008551019958010053e-01	9.376386960687793648e-02	4.409486236595115682e-02	1.067007624807433247e-01
2.844608885629306769e+03	1.483734461243133296e-01	8.975113168676449038e-02	3.161721751478221987e-01	2.009719119070739191e-01	9.381780798681632616e-02	4.413761241732453572e-02	1.067759147293678990e-01
2.859122196270272525e+03	1.481015763303994703e-01	8.955942592093017740e-02	3.163522671941564335e-01	2.010865750053180134e-01	9.387075720234075438e-02	4.417964963836708975e-02	1.068497487079706904e-01
2.873635506911238281e+03	1.478345271050324483e-01	8.937100547065762735e-02	3.165293284978428212e-01	2.011991304856233231e-01	9.392273528175040798e-02	4.422098551057299098e-02	1.069222876480030171e-01
2.888148817552204036e+03	1.475722137342259654e-01	8.918581330012687047e-02	3.167034104961041208e-01	2.013096168275255171e-01	9.397375992467044137e-02	4.426163135023463563e-02	1.069935543665950506e-01
2.902662128193170247e+03	1.473145529846973389e-01	8.900379337340591501e-02	3.168745637412250793e-01	2.014180718080809951e-01	9.402384850805357852e-02	4.430159830986332009e-02	1.070635712741564299e-01
2.917175438834136003e+03	1.470614630780331389e-01	8.882489063677878605e-02	3.170428379164139110e-01	2.015245325147043132e-01	9.407301809207264942e-02	4.434089737964998224e-02	1.071323603818298970e-01
2.931688749475101758e+03	1.468128636653084629e-01	8.864905100138802119e-02	3.172082818513446978e-01	2.016290353577725458e-01	9.412128542590608715e-02	4.437953938896230938e-02	1.071999433088005327e-01
2.946202060116067514e+03	1.465686758021511327e-01	8.847622132618619684e-02	3.173709435373878174e-01	2.017316160830007754e-01	9.416866695341807869e-02	4.441753500787478520e-02	1.072663412894638568e-01
2.960715370757033725e+03	1.463288219242432076e-01	8.830634940119064247e-02	3.175308701425370028e-01	2.018323097835923730e-01	9.421517881873558986e-02	4.445489474872831026e-02	1.073315751804555518e-01
2.975228681397999480e+03	1.460932258232515712e-01	8.813938393103624980e-02	3.176881080260408052e-01	2.019311509121683723e-01	9.426083687172379100e-02	4.449162896771637760e-02	1.073956654675456007e-01
2.989741992038964781e+03	1.458618126231802092e-01	8.797527451882078409e-02	3.178427027527456206e-01	2.020281732924798512e-01	9.430565667336175684e-02	4.452774786649486144e-02	1.074586322723997123e-01
3.004255302679930992e+03	1.456345087571365715e-01	8.781397165023768769e-02	3.179946991071575524e-01	2.021234101309071773e-01	9.434965350102039738e-02	4.456326149381259483e-02	1.075204953592107937e-01
3.018768613320896748e+03	1.454112419445044713e-01	8.765542667799104681e-02	3.181441411072302161e-01	2.022168940277496163e-01	9.439284235364411857e-02	4.459817974716027977e-02	1.075812741412030121e-01
3.033281923961862958e+03	1.451919411685163586e-01	8.749959180648786417e-02	3.182910720178846464e-01	2.023086569883095209e-01	9.443523795683803068e-02	4.463251237443511404e-02	1.076409876870112747e-01
3.047795234602828714e+03	1.449765366542177802e-01	8.734642007680243347e-02	3.184355343642683023e-01	2.023987304337743209e-01	9.447685476786238379e-02	4.466626897561896264e-02	1.076996547269386262e-01
3.062308545243794470e+03	1.447649598468173093e-01	8.719586535190819443e-02	3.185775699447590537e-01	2.024871452119004211e-01	9.451770698053599262e-02	4.469945900446781889e-02	1.077572936590940472e-01
3.076821855884760225e+03	1.445571433904144498e-01	8.704788230217218314e-02	3.187172198437204784e-01	2.025739316075018115e-01	9.455780853005012199e-02	4.473209177021056360e-02	1.078139225554132358e-01
3.091335166525725526e+03	1.443530211070997438e-01	8.690242639110734579e-02	3.188545244440139093e-01	2.026591193527474966e-01	9.459717309769444249e-02	4.476417643925505868e-02	1.078695591675648269e-01
3.105848477166692192e+03	1.441525279764194756e-01	8.675945386137814963e-02	3.189895234392734480e-01	2.027427376372709644e-01	9.463581411549676359e-02	4.479572203689981963e-02	1.079242209327442026e-01
3.120361787807657493e+03	1.439556001151992282e-01	8.661892172105500887e-02	3.191222558459486103e-01	2.028248151180950254e-01	9.467374477077797335e-02	4.482673744904953905e-02	1.079779249793575285e-01
3.134875098448624158e+03	1.437621747577194631e-01	8.648078773011289022e-02	3.192527600151205958e-01	2.029053799293753513e-01	9.471097801062373922e-02	4.485723142393280988e-02	1.080306881325980572e-01
3.149388409089589004e+03	1.435721902362374069e-01	8.634501038717004584e-02	3.193810736440971798e-01	2.029844596919658795e-01	9.474752654627456583e-02	4.488721257382075058e-02	1.080825269199170990e-01
3.163901719730555214e+03	1.433855859618485551e-01	8.621154891646228002e-02	3.195072337877906676e-01	2.030620815228094678e-01	9.478340285743544480e-02	4.491668937674485329e-02	1.081334575763916034e-01
3.178415030371521425e+03	1.432023024056819915e-01	8.608036325504872521e-02	3.196312768698849061e-01	2.031382720441567147e-01	9.481861919650677595e-02	4.494567017821299304e-02	1.081834960499907655e-01
3.192928341012487181e+03	1.430222810804239186e-01	8.595141404024481124e-02	3.197532386937942950e-01	2.032130573926163586e-01	9.485318759273786426e-02	4.497416319292221742e-02	1.082326580067434901e-01
3.207441651653452936e+03	1.428454645221632069e-01	8.582466259727861146e-02	3.198731544534208493e-01	2.032864632280397266e-01	9.488711985630447765e-02	4.500217650646723411e-02	1.082809588358089187e-01
3.221954962294418237e+03	1.426717962725534972e-01	8.570007092716633301e-02	3.199910587437133080e-01	2.033585147422428685e-01	9.492042758231167277e-02	4.502971807704352070e-02	1.083284136544518522e-01
3.236468272935384903e+03	1.425012208612861375e-01	8.557760169480327361e-02	3.201069855710321210e-01	2.034292366675689578e-01	9.495312215472342943e-02	4.505679573714404390e-02	1.083750373129251515e-01
3.250981583576350204e+03	1.423336837888687367e-01	8.545721821726606771e-02	3.202209683633248649e-01	2.034986532852937069e-01	9.498521475022028704e-02	4.508341719524863039e-02	1.084208443992608906e-01
3.265494894217316414e+03	1.421691315097037001e-01	8.533888445232279407e-02	3.203330399801159190e-01	2.035667884338770717e-01	9.501671634198638472e-02	4.510959003750518448e-02	1.084658492439721789e-01
3.280008204858282170e+03	1.420075114154614460e-01	8.522256498714703143e-02	3.204432327223147858e-01	2.036336655170635224e-01	9.504763770342708473e-02	4.513532172940190601e-02	1.085100659246674565e-01
3.294521515499247926e+03	1.418487718187434465e-01	8.510822502723217053e-02	3.205515783418462217e-01	2.036993075118341823e-01	9.507798941181846986e-02	4.516061961742974529e-02	1.085535082705790244e-01
3.309034826140214136e+03	1.416928619370296794e-01	8.499583038550261038e-02	3.206581080511061166e-01	2.037637369762127781e-01	9.510778185189014411e-02	4.518549093073444267e-02	1.085961898670075448e-01
3.323548136781179892e+03	1.415397318769056612e-01	8.488534747161814720e-02	3.207628525322468449e-01	2.038269760569290101e-01	9.513702521934211398e-02	4.520994278275748679e-02	1.086381240596840797e-01
3.338061447422145648e+03	1.413893326185641230e-01	8.477674328146811433e-02	3.208658419462958600e-01	2.038890464969408123e-01	9.516572952429742938e-02	4.523398217286535294e-02	1.086793239590516102e-01
3.352574758063111403e+03	1.412416160005764421e-01	8.466998538685203968e-02	3.209671059421102535e-01	2.039499696428192510e-01	9.519390459469140309e-02	4.525761598796661928e-02	1.087198024444672451e-01
3.367088068704076704e+03	1.410965347049292218e-01	8.456504192534325393e-02	3.210666736651711650e-01	2.040097664519975318e-01	9.522156007959878266e-02	4.528085100411627373e-02	1.087595721683270733e-01
3.381601379345043824e+03	1.409540422423213313e-01	8.446188159033227172e-02	3.211645737662207623e-01	2.040684574998871681e-01	9.524870545249994325e-02	4.530369388810684406e-02	1.087986455601149399e-01
3.396114689986008671e+03	1.408140929377168782e-01	8.436047362124698967e-02	3.212608344097458435e-01	2.041260629868637544e-01	9.527535001448708685e-02	4.532615119904596923e-02	1.088370348303767943e-01
3.410628000626974881e+03	1.406766419161493697e-01	8.426078779394603757e-02	3.213554832823102281e-01	2.041826027451241476e-01	9.530150289741171066e-02	4.534822938991994734e-02	1.088747519746219583e-01
3.425141311267940637e+03	1.405416450887732316e-01	8.416279441128265981e-02	3.214485476007390430e-01	2.042380962454182214e-01	9.532717306697441328e-02	4.536993480914293386e-02	1.089118087771529242e-01
3.439654621908906392e+03	1.404090591391577159e-01	8.406646429383574093e-02	3.215400541201587359e-01	2.042925626036569686e-01	9.535236932575794078e-02	4.539127370209150580e-02	1.089482168148248331e-01
3.454167932549872603e+03	1.402788415098195351e-01	8.397176877080528290e-02	3.216300291418943691e-01	2.043460205873990632e-01	9.537710031620466600e-02	4.541225221262425171e-02	1.089839874607363424e-01
3.468681243190838359e+03	1.401509503889895591e-01	8.387867967106917011e-02	3.217184985212276915e-01	2.043984886222186548e-01	9.540137452353945891e-02	4.543287638458620714e-02	1.090191318878528659e-01
3.483194553831804114e+03	1.400253446976098270e-01	8.378716931439840476e-02	3.218054876750188198e-01	2.044499847979560914e-01	9.542520027863890530e-02	4.545315216329781638e-02	1.090536610725637706e-01
3.497707864472769415e+03	1.399019840765568512e-01	8.369721050282810659e-02	3.218910215891936377e-01	2.045005268748540106e-01	9.544858576084795654e-02	4.547308539702828167e-02	1.090875857981747216e-01
3.512221175113736081e+03	1.397808288740869376e-01	8.360877651218129314e-02	3.219751248261003562e-01	2.045501322895806884e-01	9.547153900074489830e-02	4.549268183845311952e-02	1.091209166583363560e-01
3.526734485754701382e+03	1.396618401334999426e-01	8.352184108374277605e-02	3.220578215317362325e-01	2.045988181611427814e-01	9.549406788285555447e-02	4.551194714609573672e-02	1.091536640604106601e-01
3.541247796395667592e+03	1.395449795810177196e-01	8.343637841608073091e-02	3.221391354428488896e-01	2.046466012966894621e-01	9.551618014831783632e-02	4.553088688575293586e-02	1.091858382287761303e-01
3.555761107036633348e+03	1.394302096138732572e-01	8.335236315701290144e-02	3.222190898939128467e-01	2.046934981972103329e-01	9.553788339749721970e-02	4.554950653190421167e-02	1.092174492080729836e-01
3.570274417677599104e+03	1.393174932886068473e-01	8.326977039571514805e-02	3.222977078239849802e-01	2.047395250631281471e-01	9.555918509255451054e-02	4.556781146910473396e-02	1.092485068663894554e-01
3.584787728318565314e+03	1.392067943095661176e-01	8.318857565496969031e-02	3.223750117834399131e-01	2.047846977997892781e-01	9.558009255996625930e-02	4.558580699336199638e-02	1.092790208983904915e-01
3.599301038959531070e+03	1.390980770176057923e-01	8.310875488355062846e-02	3.224510239405892209e-01	2.048290320228532968e-01	9.560061299299912885e-02	4.560349831349604782e-02	1.093090008283896658e-01
3.613814349600496826e+03	1.389913063789839642e-01	8.303028444874420433e-02	3.225257660881845068e-01	2.048725430635833789e-01	9.562075345413878491e-02	4.562089055248325781e-02	1.093384560133657257e-01
3.628327660241463036e+03	1.388864479744515990e-01	8.295314112900137316e-02	3.225992596498086784e-01	2.049152459740397614e-01	9.564052087747434983e-02	4.563798874878356032e-02	1.093673956459245422e-01
3.642840970882427882e+03	1.387834679885315559e-01	8.287730210672052122e-02	3.226715256861558689e-01	2.049571555321779703e-01	9.565992207103896083e-02	4.565479785765128723e-02	1.093958287572076721e-01
3.657354281523394548e+03	1.386823331989842922e-01	8.280274496115780369e-02	3.227425849012031112e-01	2.049982862468531231e-01	9.567896371910764031e-02	4.567132275242944545e-02	1.094237642197484206e-01
3.671867592164359849e+03	1.385830109664565324e-01	8.272944766146289597e-02	3.228124576482750419e-01	2.050386523627324986e-01	9.569765238445279709e-02	4.568756822582753507e-02	1.094512107502765563e-01
3.686380902805326514e+03	1.384854692243099872e-01	8.265738855983791045e-02	3.228811639360039676e-01	2.050782678651180413e-01	9.571599451055856633e-02	4.570353899118297092e-02	1.094781769124724136e-01
3.700894213446291815e+03	1.383896764686270708e-01	8.258654638481739696e-02	3.229487234341871793e-01	2.051171464846802128e-01	9.573399642379443186e-02	4.571923968370604496e-02	1.095046711196715900e-01
3.715407524087257570e+03	1.382956017483902011e-01	8.251690023466706769e-02	3.230151554795431812e-01	2.051553017021048864e-01	9.575166433554910261e-02	4.573467486170857549e-02	1.095307016375209747e-01
3.729920834728223781e+03	1.382032146558319075e-01	8.244842957089923430e-02	3.230804790813692207e-01	2.051927467526551974e-01	9.576900434432511489e-02	4.574984900781624980e-02	1.095562765865870786e-01
3.744434145369189537e+03	1.381124853169529709e-01	8.238111421190302819e-02	3.231447129271010632e-01	2.052294946306492673e-01	9.578602243779524295e-02	4.576476653016473689e-02	1.095814039449176380e-01
3.758947456010155292e+03	1.380233843822051831e-01	8.231493432668701704e-02	3.232078753877775101e-01	2.052655580938561597e-01	9.580272449482114816e-02	4.577943176357966715e-02	1.096060915505572136e-01
3.773460766651120593e+03	1.379358830173361139e-01	8.224987042873253829e-02	3.232699845234110470e-01	2.053009496678109835e-01	9.581911628743494669e-02	4.579384897074053468e-02	1.096303471040177557e-01
3.787974077292087259e+03	1.378499528943934183e-01	8.218590336995557077e-02	3.233310580882660656e-01	2.053356816500506998e-01	9.583520348278459777e-02	4.580802234332864015e-02	1.096541781707049551e-01
3.802487387933053014e+03	1.377655661828851297e-01	8.212301433477532664e-02	3.233911135360472699e-01	2.053697661142724618e-01	9.585099164504352898e-02	4.582195600315917133e-02	1.096775921833011147e-01
3.817000698574018315e+03	1.376826955410939413e-01	8.206118483428766208e-02	3.234501680249984856e-01	2.054032149144154329e-01	9.586648623728546981e-02	4.583565400329747686e-02	1.097005964441055276e-01
3.831514009214984981e+03	1.376013141075426716e-01	8.200039670054133645e-02	3.235082384229147623e-01	2.054360396886678319e-01	9.588169262332471576e-02	4.584912032915972740e-02	1.097231981273329299e-01
3.846027319855950282e+03	1.375213954926076954e-01	8.194063208091539874e-02	3.235653413120684885e-01	2.054682518634005917e-01	9.589661606952282202e-02	4.586235889959801998e-02	1.097454042813710007e-01
3.860540630496916037e+03	1.374429137702786741e-01	8.188187343259580031e-02	3.236214929940512408e-01	2.054998626570286313e-01	9.591126174656218473e-02	4.587537356797005694e-02	1.097672218309974773e-01
3.875053941137881793e+03	1.373658434700615050e-01	8.182410351714962393e-02	3.236767094945330325e-01	2.055308830838014078e-01	9.592563473118717599e-02	4.588816812319353178e-02	1.097886575795578301e-01
3.889567251778848004e+03	1.372901595690218801e-01	8.176730539519501406e-02	3.237310065679403492e-01	2.055613239575241891e-01	9.593974000791335999e-02	4.590074629078536722e-02	1.098097182111039821e-01
3.904080562419813759e+03	1.372158374839674566e-01	8.171146242116526792e-02	3.237843997020544706e-01	2.055911958952106044e-01	9.595358247070540081e-02	4.591311173388586825e-02	1.098304102924951148e-01
3.918593873060779970e+03	1.371428530637659737e-01	8.165655823816519998e-02	3.238369041225308553e-01	2.056205093206688594e-01	9.596716692462432807e-02	4.592526805426808134e-02	1.098507402754608786e-01
3.933107183701745726e+03	1.370711825817970131e-01	8.160257677291839207e-02	3.238885347973423090e-01	2.056492744680216145e-01	9.598049808744464617e-02	4.593721879333224206e-02	1.098707144986280221e-01
3.947620494342711936e+03	1.370008027285347652e-01	8.154950223080358052e-02	3.239393064411456580e-01	2.056775013851618039e-01	9.599358059124177278e-02	4.594896743308579667e-02	1.098903391895108828e-01
3.962133804983676782e+03	1.369316906042604143e-01	8.149731909097852889e-02	3.239892335195747042e-01	2.057051999371448392e-01	9.600641898395050056e-02	4.596051739710876882e-02	1.099096204664665039e-01
3.976647115624642538e+03	1.368638237119007561e-01	8.144601210158997073e-02	3.240383302534597942e-01	2.057323798095187783e-01	9.601901773089499548e-02	4.597187205150496392e-02	1.099285643406150703e-01
3.991160426265608749e+03	1.367971799499916319e-01	8.139556627506799868e-02	3.240866106229755017e-01	2.057590505115935720e-01	9.603138121629065105e-02	4.598303470583887942e-02	1.099471767177261500e-01
4.005673736906575414e+03	1.367317376057638478e-01	8.134596688350348437e-02	3.241340883717180876e-01	2.057852213796501628e-01	9.604351374471867264e-02	4.599400861405864710e-02	1.099654634000715309e-01
4.020187047547540715e+03	1.366674753483492488e-01	8.129719945410691928e-02	3.241807770107135722e-01	2.058109015800910491e-01	9.605541954257354464e-02	4.600479697540511836e-02	1.099834300882450433e-01
4.034700358188505561e+03	1.366043722221050305e-01	8.124924976474734439e-02	3.242266898223574723e-01	2.058361001125331158e-01	9.606710275948415756e-02	4.601540293530718279e-02	1.100010823829502271e-01
4.049213668829472226e+03	1.365424076400544307e-01	8.120210383956996680e-02	3.242718398642879252e-01	2.058608258128435953e-01	9.607856746970880324e-02	4.602582958626358356e-02	1.100184257867562881e-01
4.063726979470437527e+03	1.364815613774412184e-01	8.115574794469089526e-02	3.243162399731926437e-01	2.058850873561208772e-01	9.608981767350480152e-02	4.603607996871126457e-02	1.100354657058228436e-01
4.078240290111404192e+03	1.364218135653966490e-01	8.111016858396785656e-02	3.243599027685518665e-01	2.059088932596203347e-01	9.610085729847310521e-02	4.604615707188052659e-02	1.100522074515941778e-01
4.092753600752369493e+03	1.363631446847163864e-01	8.106535249484536632e-02	3.244028406563171929e-01	2.059322518856268602e-01	9.611169020087818871e-02	4.605606383463704823e-02	1.100686562424635084e-01
4.107266911393336159e+03	1.363055355597459772e-01	8.102128664427302174e-02	3.244450658325282455e-01	2.059551714442747206e-01	9.612232016694402525e-02	4.606580314631097961e-02	1.100848172054076646e-01
