1.223955864054786844e+03	2.452342463092373193e-01	1.566296009079695406e-01	2.534464790877704599e-01	1.575887369386464731e-01	7.381624279422355217e-02	3.148518171946071420e-02	8.179951224217056616e-02
1.228793634268442020e+03	2.445706852568215461e-01	1.561740319525509457e-01	2.539076612458672777e-01	1.579056498795032848e-01	7.396758078941839676e-02	3.155242646478369217e-02	8.192196441053348210e-02
1.233631404482097196e+03	2.439111088943971550e-01	1.557211700996023462e-01	2.543647522607487277e-01	1.582203437323320139e-01	7.411714700035131054e-02	3.161965187371893610e-02	8.204582613832821225e-02
1.238469174695752372e+03	2.432554905269632695e-01	1.552709979594423528e-01	2.548178290077507957e-01	1.585328338865492903e-01	7.426500172290080581e-02	3.168684994680642103e-02	8.217099694906580820e-02
1.243306944909407548e+03	2.426038037522183499e-01	1.548234983045113089e-01	2.552669657981435081e-01	1.588431359481536909e-01	7.441120223399455558e-02	3.175401294852734507e-02	8.229738101392994332e-02
1.248144715123063179e+03	2.419560224529597736e-01	1.543786540658595441e-01	2.557122344832570837e-01	1.591512657102703843e-01	7.455580294586759693e-02	3.182113339873432478e-02	8.242488694253001513e-02
1.252982485336718355e+03	2.413121207897918064e-01	1.539364483297690211e-01	2.561537045540931423e-01	1.594572391256555699e-01	7.469885555259790644e-02	3.188820406439338978e-02	8.255342758317794905e-02
1.257820255550373531e+03	2.406720731941286440e-01	1.534968643345026862e-01	2.565914432366234177e-01	1.597610722810496597e-01	7.484040916929943221e-02	3.195521795162517553e-02	8.268291983224991537e-02
1.262658025764028707e+03	2.400358543614789231e-01	1.530598854671757492e-01	2.570255155829681004e-01	1.600627813732741489e-01	7.498051046433448774e-02	3.202216829803342796e-02	8.281328445221412815e-02
1.267495795977684338e+03	2.394034392449991555e-01	1.526254952607436766e-01	2.574559845586391615e-01	1.603623826869721158e-01	7.511920378488963490e-02	3.208904856530937766e-02	8.294444589792586420e-02
1.272333566191339514e+03	2.387748030493036799e-01	1.521936773911016783e-01	2.578829111260230178e-01	1.606598925738982331e-01	7.525653127624246097e-02	3.215585243210103417e-02	8.307633215080885425e-02
1.277171336404994690e+03	2.381499212245200281e-01	1.517644156742909145e-01	2.583063543242714033e-01	1.609553274336686657e-01	7.539253299503058392e-02	3.222257378713683229e-02	8.320887456056058618e-02
1.282009106618650094e+03	2.375287694605783262e-01	1.513376940638067880e-01	2.587263713457594871e-01	1.612487036958864806e-01	7.552724701681905184e-02	3.228920672259371488e-02	8.334200769403518616e-02
1.286846876832305497e+03	2.369113236817244339e-01	1.509134966480046580e-01	2.591430176092652804e-01	1.615400378035623252e-01	7.566070953824810541e-02	3.235574552769989592e-02	8.347566919097429428e-02
1.291684647045960673e+03	2.362975600412468569e-01	1.504918076475991462e-01	2.595563468300150500e-01	1.618293461977543812e-01	7.579295497402915860e-02	3.242218468256316544e-02	8.360979962627124173e-02
1.296522417259616077e+03	2.356874549164076904e-01	1.500726114132527045e-01	2.599664110867341282e-01	1.621166453033562882e-01	7.592401604904389090e-02	3.248851885221588215e-02	8.374434237846847817e-02
1.301360187473271253e+03	2.350809849035685184e-01	1.496558924232495313e-01	2.603732608858366215e-01	1.624019515159646765e-01	7.605392388578896545e-02	3.255474288086818851e-02	8.387924350420257469e-02
1.306197957686926657e+03	2.344781268135029129e-01	1.492416352812514224e-01	2.607769452228805296e-01	1.626852811897623319e-01	7.618270808739704969e-02	3.262085178636137811e-02	8.401445161832350739e-02
1.311035727900581833e+03	2.338788576668866526e-01	1.488298247141317809e-01	2.611775116414087883e-01	1.629666506263563464e-01	7.631039681645328254e-02	3.268684075481358836e-02	8.414991777942870677e-02
1.315873498114237009e+03	2.332831546899584441e-01	1.484204455698845959e-01	2.615750062892928107e-01	1.632460760645134679e-01	7.643701686981604904e-02	3.275270513545041479e-02	8.428559538056341893e-02
1.320711268327892412e+03	2.326909953103428741e-01	1.480134828156050297e-01	2.619694739726881050e-01	1.635235736707386367e-01	7.656259374964022313e-02	3.281844043561332747e-02	8.442144004485103992e-02
1.325549038541547588e+03	2.321023571530291818e-01	1.476089215355387285e-01	2.623609582077079394e-01	1.637991595306450554e-01	7.668715173079164449e-02	3.288404231593902022e-02	8.455740952582772862e-02
1.330386808755202765e+03	2.315172180364982457e-01	1.472067469291966912e-01	2.627495012699150312e-01	1.640728496410674975e-01	7.681071392483235227e-02	3.294950658570315605e-02	8.469346361226624820e-02
1.335224578968857941e+03	2.309355559689918180e-01	1.468069443095332549e-01	2.631351442417281250e-01	1.643446599028729194e-01	7.693330234074699514e-02	3.301482919832224999e-02	8.482956403728382500e-02
1.340062349182513572e+03	2.303573491449174282e-01	1.464094991011840596e-01	2.635179270578340005e-01	1.646146061144247719e-01	7.705493794257299578e-02	3.308000624700760395e-02	8.496567439153834833e-02
1.344900119396168748e+03	2.297825759413830993e-01	1.460143968387618008e-01	2.638978885486938375e-01	1.648827039656601268e-01	7.717564070408852728e-02	3.314503396056562440e-02	8.510176004032617147e-02
1.349737889609823924e+03	2.292112149148562428e-01	1.456216231652073256e-01	2.642750664822264839e-01	1.651489690327413995e-01	7.729542966070507282e-02	3.320990869933885398e-02	8.523778804440378110e-02
1.354575659823479100e+03	2.286432447979410976e-01	1.452311638301936048e-01	2.646494976037492841e-01	1.654134167732451977e-01	7.741432295870427638e-02	3.327462695128254044e-02	8.537372708436317958e-02
1.359413430037134731e+03	2.280786444962699944e-01	1.448430046885801070e-01	2.650212176742519077e-01	1.656760625218546557e-01	7.753233790195160346e-02	3.333918532817156666e-02	8.550954738839938729e-02
1.364251200250789907e+03	2.275173930855028948e-01	1.444571316989161913e-01	2.653902615070767856e-01	1.659369214865221431e-01	7.764949099621294704e-02	3.340358056193287045e-02	8.564522066331531347e-02
1.369088970464445310e+03	2.269594698084310413e-01	1.440735309219907667e-01	2.657566630030755994e-01	1.661960087450718437e-01	7.776579799119426317e-02	3.346780950109871922e-02	8.578072002861690526e-02
1.373926740678100487e+03	2.264048540721797786e-01	1.436921885194266946e-01	2.661204551843074362e-01	1.664533392422129776e-01	7.788127392041810371e-02	3.353186910737625259e-02	8.591601995355784005e-02
1.378764510891755890e+03	2.258535254455066865e-01	1.433130907523177400e-01	2.664816702263432813e-01	1.667089277869366892e-01	7.799593313904577829e-02	3.359575645232911606e-02	8.605109619699978507e-02
1.383602281105411066e+03	2.253054636561905300e-01	1.429362239799067125e-01	2.668403394892367442e-01	1.669627890502701495e-01	7.810978935974778603e-02	3.365946871416689024e-02	8.618592574996035427e-02
1.388440051319066470e+03	2.247606485885072780e-01	1.425615746583027976e-01	2.671964935472186387e-01	1.672149375633643353e-01	7.822285568672095180e-02	3.372300317463849256e-02	8.632048678072672121e-02
1.393277821532721646e+03	2.242190602807897226e-01	1.421891293392365252e-01	2.675501622171719829e-01	1.674653877158917004e-01	7.833514464794519294e-02	3.378635721602562397e-02	8.645475858241843947e-02
1.398115591746377049e+03	2.236806789230666170e-01	1.418188746688510415e-01	2.679013745859386564e-01	1.677141537547328920e-01	7.844666822576860932e-02	3.384952831823270086e-02	8.658872152288867030e-02
1.402953361960032225e+03	2.231454848547781700e-01	1.414507973865277712e-01	2.682501590365095612e-01	1.679612497829315043e-01	7.855743788590499599e-02	3.391251405596967805e-02	8.672235699685761079e-02
1.407791132173687402e+03	2.226134585625650364e-01	1.410848843237455241e-01	2.685965432731450830e-01	1.682066897588980758e-01	7.866746460492385351e-02	3.397531209602445285e-02	8.685564738017725883e-02
1.412628902387342805e+03	2.220845806781270027e-01	1.407211224029714380e-01	2.689405543454740921e-01	1.684504874958451803e-01	7.877675889630909867e-02	3.403792019462156815e-02	8.698857598613099484e-02
1.417466672600997981e+03	2.215588319761488401e-01	1.403594986365824249e-01	2.692822186716128385e-01	1.686926566614364020e-01	7.888533083515858468e-02	3.410033619486418227e-02	8.712112702367610928e-02
1.422304442814653157e+03	2.210361933722906347e-01	1.400000001258162874e-01	2.696215620603480412e-01	1.689332107776335412e-01	7.899319008159333411e-02	3.416255802425618993e-02	8.725328555754133242e-02
1.427142213028308333e+03	2.205166459212392904e-01	1.396426140597505638e-01	2.699586097324233602e-01	1.691721632207267845e-01	7.910034590294177936e-02	3.422458369230180208e-02	8.738503747009584988e-02
1.431979983241963964e+03	2.200001708148194846e-01	1.392873277143088506e-01	2.702933863409673898e-01	1.694095272215335179e-01	7.920680719476097531e-02	3.428641128817963568e-02	8.751636942490963189e-02
1.436817753455619140e+03	2.194867493801607172e-01	1.389341284512929930e-01	2.706259159911008627e-01	1.696453158657529603e-01	7.931258250075402805e-02	3.434803897848888454e-02	8.764726883192905382e-02
1.441655523669274316e+03	2.189763630779189563e-01	1.385830037174400342e-01	2.709562222587573732e-01	1.698795420944636814e-01	7.941768003163962586e-02	3.440946500506481681e-02	8.777772381419500503e-02
1.446493293882929493e+03	2.184689935005499073e-01	1.382339410435035054e-01	2.712843282087512575e-01	1.701122187047524603e-01	7.952210768302711563e-02	3.447068768286132984e-02	8.790772317603391672e-02
1.451331064096585123e+03	2.179646223706322994e-01	1.378869280433574762e-01	2.716102564121251617e-01	1.703433583504633808e-01	7.962587305234754276e-02	3.453170539789807147e-02	8.803725637265567838e-02
1.456168834310240300e+03	2.174632315392387161e-01	1.375419524131228366e-01	2.719340289628069951e-01	1.705729735430569216e-01	7.972898345488912963e-02	3.459251660527006000e-02	8.816631348109503497e-02
1.461006604523895703e+03	2.169648029843525006e-01	1.371990019303147568e-01	2.722556674936069676e-01	1.708010766525693280e-01	7.983144593898261476e-02	3.465311982721736711e-02	8.829488517243617995e-02
1.465844374737550879e+03	2.164693188093284315e-01	1.368580644530108525e-01	2.725751931915814108e-01	1.710276799086629107e-01	7.993326730038002870e-02	3.471351365125307370e-02	8.842296268526304848e-02
1.470682144951206283e+03	2.159767612413956428e-01	1.365191279190387519e-01	2.728926268127904176e-01	1.712527954017592224e-01	8.003445409586823489e-02	3.477369672834727810e-02	8.855053780028027122e-02
1.475519915164861459e+03	2.154871126302008999e-01	1.361821803451825075e-01	2.732079886964757232e-01	1.714764350842467311e-01	8.013501265615632918e-02	3.483366777116532476e-02	8.867760281605227557e-02
1.480357685378516862e+03	2.150003554463908173e-01	1.358472098264076888e-01	2.735212987786821981e-01	1.716986107717556886e-01	8.023494909807432629e-02	3.489342555235838694e-02	8.880415052581067115e-02
1.485195455592172038e+03	2.145164722802312407e-01	1.355142045351033775e-01	2.738325766053471000e-01	1.719193341444932022e-01	8.033426933611838294e-02	3.495296890290462005e-02	8.893017419528188861e-02
1.490033225805827215e+03	2.140354458402625726e-01	1.351831527203412320e-01	2.741418413448789559e-01	1.721386167486319285e-01	8.043297909337628060e-02	3.501229671049915781e-02	8.905566754148966369e-02
1.494870996019482618e+03	2.135572589519893760e-01	1.348540427071510117e-01	2.744491118002480023e-01	1.723564699977462311e-01	8.053108391186507287e-02	3.507140791799134849e-02	8.918062471248874856e-02
1.499708766233137567e+03	2.130818945566029521e-01	1.345268628958112556e-01	2.747544064206081105e-01	1.725729051742904141e-01	8.062858916231123441e-02	3.513030152186752408e-02	8.930504026798827266e-02
1.504546536446793198e+03	2.126093357097357528e-01	1.342016017611553369e-01	2.750577433124699600e-01	1.727879334311132609e-01	8.072550005340228818e-02	3.518897657077798419e-02	8.942890916082513186e-02
1.509384306660448374e+03	2.121395655802462699e-01	1.338782478518917574e-01	2.753591402504445562e-01	1.730015657930041584e-01	8.082182164053691720e-02	3.524743216410651525e-02	8.955222671924954747e-02
1.514222076874103550e+03	2.116725674490329834e-01	1.335567897899386514e-01	2.756586146875740773e-01	1.732138131582663665e-01	8.091755883409999794e-02	3.530566745058112688e-02	8.967498862998654618e-02
1.519059847087758726e+03	2.112083247078768988e-01	1.332372162697712803e-01	2.759561837652682592e-01	1.734246863003127137e-01	8.101271640728693879e-02	3.536368162692469369e-02	8.979719092203897191e-02
1.523897617301414357e+03	2.107468208583108404e-01	1.329195160577830159e-01	2.762518643228619175e-01	1.736341958692800558e-01	8.110729900350091559e-02	3.542147393654405951e-02	8.991882995119897248e-02
1.528735387515069533e+03	2.102880395105149181e-01	1.326036779916583974e-01	2.765456729068095365e-01	1.738423523936587223e-01	8.120131114334515343e-02	3.547904366825646583e-02	9.003990238523659762e-02
1.533573157728724709e+03	2.098319643822370295e-01	1.322896909797583453e-01	2.768376257795320261e-01	1.740491662819334540e-01	8.129475723123157083e-02	3.553639015505202087e-02	9.016040518973537921e-02
1.538410927942380113e+03	2.093785792977374549e-01	1.319775440005170608e-01	2.771277389279296899e-01	1.742546478242325836e-01	8.138764156162567320e-02	3.559351277289107135e-02	9.028033561454629208e-02
1.543248698156035516e+03	2.089278681867567655e-01	1.316672261018501100e-01	2.774160280715755045e-01	1.744588071939826568e-01	8.147996832494686092e-02	3.565041093953532497e-02	9.039969118083263089e-02
1.548086468369690692e+03	2.084798150835059649e-01	1.313587264005731947e-01	2.777025086706014778e-01	1.746616544495656342e-01	8.157174161314220684e-02	3.570708411341164817e-02	9.051846966867972688e-02
1.552924238583346096e+03	2.080344041256781962e-01	1.310520340818315532e-01	2.779871959332907982e-01	1.748631995359763158e-01	8.166296542495091182e-02	3.576353179250750525e-02	9.063666910524455222e-02
1.557762008797001272e+03	2.075916195534812381e-01	1.307471383985392144e-01	2.782701048233881536e-01	1.750634522864773224e-01	8.175364367087571693e-02	3.581975351329699797e-02	9.075428775342121723e-02
1.562599779010656675e+03	2.071514457086897354e-01	1.304440286708282160e-01	2.785512500671389335e-01	1.752624224242499973e-01	8.184378017787670434e-02	3.587574884969658290e-02	9.087132410099973967e-02
1.567437549224311852e+03	2.067138670337170248e-01	1.301426942855070379e-01	2.788306461600690844e-01	1.754601195640387301e-01	8.193337869380222516e-02	3.593151741204946709e-02	9.098777685029636741e-02
1.572275319437967255e+03	2.062788680707052791e-01	1.298431246955281948e-01	2.791083073735158293e-01	1.756565532137873697e-01	8.202244289157097079e-02	3.598705884613784961e-02	9.110364490823444350e-02
1.577113089651622431e+03	2.058464334606335544e-01	1.295453094194647936e-01	2.793842477609193020e-01	1.758517327762657012e-01	8.211097637311827457e-02	3.604237283222206517e-02	9.121892737685628749e-02
1.581950859865277607e+03	2.054165479424431284e-01	1.292492380409951958e-01	2.796584811638848644e-01	1.760456675506847923e-01	8.219898267311917528e-02	3.609745908410585263e-02	9.133362354424694185e-02
1.586788630078933011e+03	2.049891963521796312e-01	1.289549002083962559e-01	2.799310212180255442e-01	1.762383667342994897e-01	8.228646526250041338e-02	3.615231734822688808e-02	9.144773287585172827e-02
1.591626400292587959e+03	2.045643636221508854e-01	1.286622856340443599e-01	2.802018813585928636e-01	1.764298394239972867e-01	8.237342755175230957e-02	3.620694740277183993e-02	9.156125500617040558e-02
1.596464170506243590e+03	2.041420347801005675e-01	1.283713840939241513e-01	2.804710748259053310e-01	1.766200946178719533e-01	8.245987289405157239e-02	3.626134905681518972e-02	9.167418973081126188e-02
1.601301940719898766e+03	2.037221949483967454e-01	1.280821854271448068e-01	2.807386146705818653e-01	1.768091412167811516e-01	8.254580458820488797e-02	3.631552214948105539e-02	9.178653699888952855e-02
1.606139710933553943e+03	2.033048293432348219e-01	1.277946795354634180e-01	2.810045137585889252e-01	1.769969880258872585e-01	8.263122588142331193e-02	3.636946654912735083e-02	9.189829690575500309e-02
1.610977481147209119e+03	2.028899232738545222e-01	1.275088563828153110e-01	2.812687847761077276e-01	1.771836437561803701e-01	8.271613997193622003e-02	3.642318215255159475e-02	9.200946968603436471e-02
1.615815251360864750e+03	2.024774621417703979e-01	1.272247059948515002e-01	2.815314402342295463e-01	1.773691170259826255e-01	8.280055001145379678e-02	3.647666888421768894e-02	9.212005570697465173e-02
1.620653021574519926e+03	2.020674314400152660e-01	1.269422184584821645e-01	2.817924924734852010e-01	1.775534163624336581e-01	8.288445910748616641e-02	3.652992669550311072e-02	9.223005546207450889e-02
1.625490791788175102e+03	2.016598167523964702e-01	1.266613839214270065e-01	2.820519536682165040e-01	1.777365502029563393e-01	8.296787032552704888e-02	3.658295556396582576e-02	9.233946956499090863e-02
1.630328562001830505e+03	2.012546037527641329e-01	1.263821925917714417e-01	2.823098358307937761e-01	1.779185268967021505e-01	8.305078669110911582e-02	3.663575549263034525e-02	9.244829874370910638e-02
1.635166332215485909e+03	2.008517782042914257e-01	1.261046347375289201e-01	2.825661508156880886e-01	1.780993547059762094e-01	8.313321119173847085e-02	3.668832650929244876e-02	9.255654383496454696e-02
1.640004102429141085e+03	2.004513259587660801e-01	1.258287006862090773e-01	2.828209103234017308e-01	1.782790418076412031e-01	8.321514677871447163e-02	3.674066866584186491e-02	9.266420577890568944e-02
1.644841872642796488e+03	2.000532329558931954e-01	1.255543808243915205e-01	2.830741259042639513e-01	1.784575962945001149e-01	8.329659636884152729e-02	3.679278203760256993e-02	9.277128561398727269e-02
1.649679642856451665e+03	1.996574852226086216e-01	1.252816655973051363e-01	2.833258089620963038e-01	1.786350261766574410e-01	8.337756284603865808e-02	3.684466672268998932e-02	9.287778447208408505e-02
1.654517413070107068e+03	1.992640688724026943e-01	1.250105455084125627e-01	2.835759707577530375e-01	1.788113393828588971e-01	8.345804906285259062e-02	3.689632284138481821e-02	9.298370357381562090e-02
1.659355183283762244e+03	1.988729701046543508e-01	1.247410111190001142e-01	2.838246224125416939e-01	1.789865437618091137e-01	8.353805784187968986e-02	3.694775053552278726e-02	9.308904422407247858e-02
1.664192953497417420e+03	1.984841752039745721e-01	1.244730530477725500e-01	2.840717749115279078e-01	1.791606470834675724e-01	8.361759197710182112e-02	3.699894996790006191e-02	9.319380780773582618e-02
1.669030723711072824e+03	1.980976705395595949e-01	1.242066619704528529e-01	2.843174391067291862e-01	1.793336570403224473e-01	8.369665423514099922e-02	3.704992132169368513e-02	9.329799578558158057e-02
1.673868493924728000e+03	1.977134425645533378e-01	1.239418286193866292e-01	2.845616257202024380e-01	1.795055812486425761e-01	8.377524735643743226e-02	3.710066479989683474e-02	9.340160969036116756e-02
1.678706264138383403e+03	1.973314778154185156e-01	1.236785437831513651e-01	2.848043453470282538e-01	1.796764272497073933e-01	8.385337405635509556e-02	3.715118062476822913e-02	9.350465112305159088e-02
1.683544034352038352e+03	1.969517629113166635e-01	1.234167983061700558e-01	2.850456084581969307e-01	1.798462025110150742e-01	8.393103702621923512e-02	3.720146903729550786e-02	9.360712174926708040e-02
1.688381804565693983e+03	1.965742845534962924e-01	1.231565830883292328e-01	2.852854254033994064e-01	1.800149144274686419e-01	8.400823893428929767e-02	3.725153029667199051e-02	9.370902329582568580e-02
1.693219574779349159e+03	1.961990295246897054e-01	1.228978890846013916e-01	2.855238064137269327e-01	1.801825703225404807e-01	8.408498242667135358e-02	3.730136467978661940e-02	9.381035754746402944e-02
1.698057344993004335e+03	1.958259846885170852e-01	1.226407073046714979e-01	2.857607616042830978e-01	1.803491774494151434e-01	8.416127012817326003e-02	3.735097248072662135e-02	9.391112634369377932e-02
1.702895115206659511e+03	1.954551369888988810e-01	1.223850288125676311e-01	2.859963009767109154e-01	1.805147429921108437e-01	8.423710464310582569e-02	3.740035401029249973e-02	9.401133157579391608e-02
1.707732885420315142e+03	1.950864734494754393e-01	1.221308447262955121e-01	2.862304344216389795e-01	1.806792740665794095e-01	8.431248855603326597e-02	3.744950959552510728e-02	9.411097518393284067e-02
1.712570655633970318e+03	1.947199811730338515e-01	1.218781462174770430e-01	2.864631717210492368e-01	1.808427777217854193e-01	8.438742443247583547e-02	3.749843957924444554e-02	9.421005915441479917e-02
1.717408425847625494e+03	1.943556473409421836e-01	1.216269245109925512e-01	2.866945225505693751e-01	1.810052609407641899e-01	8.446191481956723257e-02	3.754714431959979559e-02	9.430858551704529580e-02
1.722246196061280898e+03	1.939934592125904522e-01	1.213771708846267533e-01	2.869244964816928811e-01	1.811667306416593903e-01	8.453596224666977410e-02	3.759562418963095093e-02	9.440655634261040097e-02
1.727083966274936301e+03	1.936334041248383153e-01	1.211288766687183133e-01	2.871531029839292093e-01	1.813271936787398397e-01	8.460956922594956020e-02	3.764387957684021957e-02	9.450397374046509702e-02
1.731921736488591478e+03	1.932754694914694815e-01	1.208820332458129393e-01	2.873803514268866710e-01	1.814866568433964877e-01	8.468273825291411372e-02	3.769191088277491775e-02	9.460083985622598501e-02
1.736759506702246881e+03	1.929196428026521970e-01	1.206366320503198947e-01	2.876062510822906537e-01	1.816451268651192164e-01	8.475547180691464511e-02	3.773971852262005683e-02	9.469715686956396705e-02
1.741597276915902057e+03	1.925659116244064217e-01	1.203926645681719920e-01	2.878308111259397783e-01	1.818026104124539910e-01	8.482777235161514939e-02	3.778730292480093900e-02	9.479292699209243556e-02
1.746435047129557461e+03	1.922142635980767511e-01	1.201501223364887239e-01	2.880540406396014386e-01	1.819591140939408047e-01	8.489964233543033367e-02	3.783466453059542572e-02	9.488815246534727799e-02
1.751272817343212637e+03	1.918646864398113050e-01	1.199089969432427377e-01	2.882759486128503301e-01	1.821146444590323321e-01	8.497108419193413753e-02	3.788180379375561541e-02	9.498283555885436713e-02
1.756110587556867813e+03	1.915171679400466676e-01	1.196692800269293921e-01	2.884965439448504143e-01	1.822692079989938485e-01	8.504210034024078935e-02	3.792872118013868032e-02	9.507697856828110916e-02
1.760948357770523216e+03	1.911716959629980173e-01	1.194309632762394768e-01	2.887158354460838128e-01	1.824228111477847192e-01	8.511269318535998052e-02	3.797541716734656458e-02	9.517058381366833020e-02
1.765786127984178393e+03	1.908282584461552800e-01	1.191940384297349165e-01	2.889338318400277439e-01	1.825754602829214868e-01	8.518286511852778131e-02	3.802189224437444587e-02	9.526365363773921235e-02
1.770623898197833569e+03	1.904868433997842780e-01	1.189584972755273612e-01	2.891505417647817766e-01	1.827271617263231118e-01	8.525261851751482489e-02	3.806814691126755162e-02	9.535619040428190696e-02
1.775461668411488745e+03	1.901474389064333748e-01	1.187243316509598856e-01	2.893659737746466232e-01	1.828779217451386996e-01	8.532195574691317508e-02	3.811418167878629498e-02	9.544819649660274408e-02
1.780299438625144376e+03	1.898100331204451430e-01	1.184915334422912969e-01	2.895801363416570240e-01	1.830277465525578795e-01	8.539087915840312681e-02	3.815999706807939040e-02	9.553967431604702687e-02
1.785137208838799552e+03	1.894746142674731404e-01	1.182600945843833851e-01	2.897930378570695575e-01	1.831766423086040596e-01	8.545939109100141040e-02	3.820559361036472701e-02	9.563062628058457970e-02
1.789974979052454728e+03	1.891411706440035423e-01	1.180300070603908791e-01	2.900046866328080397e-01	1.833246151209113051e-01	8.552749387129177094e-02	3.825097184661797184e-02	9.572105482345735772e-02
1.794812749266109904e+03	1.888096906168817146e-01	1.178012629014540541e-01	2.902150909028665682e-01	1.834716710454845079e-01	8.559518981363921364e-02	3.829613232726846589e-02	9.581096239188638397e-02
1.799650519479765535e+03	1.884801626228433113e-01	1.175738541863940168e-01	2.904242588246729317e-01	1.836178160874437915e-01	8.566248122038887247e-02	3.834107561190241292e-02	9.590035144583557158e-02
1.804488289693420711e+03	1.881525751680502012e-01	1.173477730414105441e-01	2.906321984804133840e-01	1.837630562017529556e-01	8.572937038205062643e-02	3.838580226897309738e-02	9.598922445683009952e-02
1.809326059907075887e+03	1.878269168276306689e-01	1.171230116397825177e-01	2.908389178783199469e-01	1.839073972939327395e-01	8.579585957747021263e-02	3.843031287551795794e-02	9.607758390682687166e-02
1.814163830120731291e+03	1.875031762452242790e-01	1.168995622015707309e-01	2.910444249539219652e-01	1.840508452207585688e-01	8.586195107398796045e-02	3.847460801688237786e-02	9.616543228713508862e-02
1.819001600334386467e+03	1.871813421325309035e-01	1.166774169933233185e-01	2.912487275712623558e-01	1.841934057909440092e-01	8.592764712758584056e-02	3.851868828644991471e-02	9.625277209738461459e-02
1.823839370548041643e+03	1.868614032688641347e-01	1.164565683277834635e-01	2.914518335240811608e-01	1.843350847658092873e-01	8.599294998302361992e-02	3.856255428537903179e-02	9.633960584454026588e-02
1.828677140761696819e+03	1.865433485007087222e-01	1.162370085635995309e-01	2.916537505369660721e-01	1.844758878599357110e-01	8.605786187396502473e-02	3.860620662234588718e-02	9.642593604196003643e-02
1.833514910975352450e+03	1.862271667412822573e-01	1.160187301050375069e-01	2.918544862664718131e-01	1.846158207418064079e-01	8.612238502309434163e-02	3.864964591329324989e-02	9.651176520849544249e-02
1.838352681189008081e+03	1.859128469701007147e-01	1.158017254016957681e-01	2.920540483022095457e-01	1.847548890344330730e-01	8.618652164222437295e-02	3.869287278118530710e-02	9.659709586763222389e-02
1.843190451402663257e+03	1.856003782325480744e-01	1.155859869482220303e-01	2.922524441679071328e-01	1.848930983159697561e-01	8.625027393239624585e-02	3.873588785576819599e-02	9.668193054666956998e-02
1.848028221616318433e+03	1.852897496394496635e-01	1.153715072840326289e-01	2.924496813224409242e-01	1.850304541203133257e-01	8.631364408397167176e-02	3.877869177333614914e-02	9.676627177593660756e-02
1.852865991829973609e+03	1.849809503666494104e-01	1.151582789930338663e-01	2.926457671608407307e-01	1.851669619376914711e-01	8.637663427671822547e-02	3.882128517650316329e-02	9.685012208804412437e-02
1.857703762043628785e+03	1.846739696545907361e-01	1.149462947033456084e-01	2.928407090152680414e-01	1.853026272152380471e-01	8.643924667988815702e-02	3.886366871397994166e-02	9.693348401717045981e-02
1.862541532257283961e+03	1.843687968079011641e-01	1.147355470870268790e-01	2.930345141559695388e-01	1.854374553575563467e-01	8.650148345229122238e-02	3.890584304035606122e-02	9.701636009837984187e-02
1.867379302470939592e+03	1.840654211949804275e-01	1.145260288598037024e-01	2.932271897922053006e-01	1.855714517272703257e-01	8.656334674236196292e-02	3.894780881588728871e-02	9.709875286697206009e-02
1.872217072684594768e+03	1.837638322475924346e-01	1.143177327807988891e-01	2.934187430731537427e-01	1.857046216455644494e-01	8.662483868822191957e-02	3.898956670628776766e-02	9.718066485786192032e-02
1.877054842898249490e+03	1.834640194604600372e-01	1.141106516522638337e-01	2.936091810887936915e-01	1.858369703927119365e-01	8.668596141773711461e-02	3.903111738252709739e-02	9.726209860498744031e-02
1.881892613111905121e+03	1.831659723908640180e-01	1.139047783193123803e-01	2.937985108707637516e-01	1.859685032085920953e-01	8.674671704857123133e-02	3.907246152063214434e-02	9.734305664074548170e-02
1.886730383325560297e+03	1.828696806582449375e-01	1.137001056696566592e-01	2.939867393932008577e-01	1.860992252931966684e-01	8.680710768823485246e-02	3.911359980149344689e-02	9.742354149545369435e-02
1.891568153539215928e+03	1.825751339438083098e-01	1.134966266333447826e-01	2.941738735735576205e-01	1.862291418071256310e-01	8.686713543413100702e-02	3.915453291067610975e-02	9.750355569683767654e-02
1.896405923752871104e+03	1.822823219901332781e-01	1.132943341825005390e-01	2.943599202733997444e-01	1.863582578720726912e-01	8.692680237359740048e-02	3.919526153823516684e-02	9.758310176954232418e-02
1.901243693966526507e+03	1.819912346007842296e-01	1.130932213310649886e-01	2.945448862991841277e-01	1.864865785713006319e-01	8.698611058394568885e-02	3.923578637853514933e-02	9.766218223466628656e-02
1.906081464180181683e+03	1.817018616399257158e-01	1.128932811345397663e-01	2.947287784030181435e-01	1.866141089501069661e-01	8.704506213249792179e-02	3.927610813007390705e-02	9.774079960931870981e-02
1.910919234393836859e+03	1.814141930319404794e-01	1.126945066897324932e-01	2.949116032834004364e-01	1.867408540162796560e-01	8.710365907662045992e-02	3.931622749531049621e-02	9.781895640619713006e-02
1.915757004607492036e+03	1.811282187610504246e-01	1.124968911345037431e-01	2.950933675859446770e-01	1.868668187405437553e-01	8.716190346375569942e-02	3.935614518049709160e-02	9.789665513318583645e-02
1.920594774821147894e+03	1.808439288709407511e-01	1.123004276475159796e-01	2.952740779040856078e-01	1.869920080569987542e-01	8.721979733145164559e-02	3.939586189551474993e-02	9.797389829297377395e-02
1.925432545034802843e+03	1.805613134643869466e-01	1.121051094479842136e-01	2.954537407797691029e-01	1.871164268635470695e-01	8.727734270738976563e-02	3.943537835371307282e-02	9.805068838269109799e-02
1.930270315248458019e+03	1.802803627028846667e-01	1.119109297954283683e-01	2.956323627041261837e-01	1.872400800223136819e-01	8.733454160941109268e-02	3.947469527175351267e-02	9.812702789356371469e-02
1.935108085462113195e+03	1.800010668062828056e-01	1.117178819894274200e-01	2.958099501181312707e-01	1.873629723600573616e-01	8.739139604554094221e-02	3.951381336945637701e-02	9.820291931058505730e-02
1.939945855675768371e+03	1.797234160524188717e-01	1.115259593693753160e-01	2.959865094132456131e-01	1.874851086685735968e-01	8.744790801401224056e-02	3.955273336965135778e-02	9.827836511220428006e-02
1.944783625889424002e+03	1.794474007767576651e-01	1.113351553142383765e-01	2.961620469320463411e-01	1.876064937050893888e-01	8.750407950328772944e-02	3.959145599803153698e-02	9.835336777003023112e-02
1.949621396103079178e+03	1.791730113720325646e-01	1.111454632423146266e-01	2.963365689688411408e-01	1.877271321926501646e-01	8.755991249208133764e-02	3.962998198301082020e-02	9.842792974855063548e-02
1.954459166316734354e+03	1.789002382878892849e-01	1.109568766109945981e-01	2.965100817702696068e-01	1.878470288204990846e-01	8.761540894937835944e-02	3.966831205558465911e-02	9.850205350486575251e-02
1.959296936530389530e+03	1.786290720305328539e-01	1.107693889165238116e-01	2.966825915358909382e-01	1.879661882444486620e-01	8.767057083445524424e-02	3.970644694919399365e-02	9.857574148843586959e-02
1.964134706744044706e+03	1.783595031623766980e-01	1.105829936937669095e-01	2.968541044187593125e-01	1.880846150872453326e-01	8.772540009689849816e-02	3.974438739959241379e-02	9.864899614084221557e-02
1.968972476957700337e+03	1.780915223016947269e-01	1.103976845159733294e-01	2.970246265259866014e-01	1.882023139389265576e-01	8.777989867662316925e-02	3.978213414471640924e-02	9.872181989556062798e-02
1.973810247171355968e+03	1.778251201222758593e-01	1.102134549945446573e-01	2.971941639192928197e-01	1.883192893571711823e-01	8.783406850389095799e-02	3.981968792455860967e-02	9.879421517774739092e-02
1.978648017385010689e+03	1.775602873530811032e-01	1.100302987788033537e-01	2.973627226155451386e-01	1.884355458676431061e-01	8.788791149932793922e-02	3.985704948104400180e-02	9.886618440403679986e-02
1.983485787598666320e+03	1.772970147779031336e-01	1.098482095557632848e-01	2.975303085872856856e-01	1.885510879643280957e-01	8.794142957394202043e-02	3.989421955790906776e-02	9.893772998235010607e-02
1.988323557812321269e+03	1.770352932350285902e-01	1.096671810499015715e-01	2.976969277632480204e-01	1.886659201098642158e-01	8.799462462914026117e-02	3.993119890058371285e-02	9.900885431171500828e-02
1.993161328025976900e+03	1.767751136169025128e-01	1.094872070229320621e-01	2.978625860288629523e-01	1.887800467358661249e-01	8.804749855674615100e-02	3.996798825607597583e-02	9.907955978209564973e-02
1.997999098239632076e+03	1.765164668697953854e-01	1.093082812735802767e-01	2.980272892267541995e-01	1.888934722432431268e-01	8.810005323901673457e-02	4.000458837285942454e-02	9.914984877423237142e-02
2.002836868453287707e+03	1.762593439934725670e-01	1.091303976373598078e-01	2.981910431572237785e-01	1.890062010025112815e-01	8.815229054865988956e-02	4.004100000076324384e-02	9.921972365949099926e-02
2.007674638666942428e+03	1.760037360408661378e-01	1.089535499863502621e-01	2.983538535787279011e-01	1.891182373540996609e-01	8.820421234885156281e-02	4.007722389086484233e-02	9.928918679972120742e-02
2.012512408880597604e+03	1.757496341177490484e-01	1.087777322289766035e-01	2.985157262083431018e-01	1.892295856086509687e-01	8.825582049325329803e-02	4.011326079538502648e-02	9.935824054712359688e-02
2.017350179094252780e+03	1.754970293824115457e-01	1.086029383097899537e-01	2.986766667222231497e-01	1.893402500473166661e-01	8.830711682602974955e-02	4.014911146758563809e-02	9.942688724412498957e-02
2.022187949307908411e+03	1.752459130453400404e-01	1.084291622092498353e-01	2.988366807560471350e-01	1.894502349220466841e-01	8.835810318186652912e-02	4.018477666166958562e-02	9.949512922326188280e-02
2.027025719521564042e+03	1.749962763688980016e-01	1.082563979435078177e-01	2.989957739054590058e-01	1.895595444558738629e-01	8.840878138598831648e-02	4.022025713268329722e-02	9.956296880707138364e-02
2.031863489735218764e+03	1.747481106670094042e-01	1.080846395641925500e-01	2.991539517264983905e-01	1.896681828431932004e-01	8.845915325417717801e-02	4.025555363642142892e-02	9.963040830798956804e-02
2.036701259948874394e+03	1.745014073048442027e-01	1.079138811581961954e-01	2.993112197360229820e-01	1.897761542500364107e-01	8.850922059279127396e-02	4.029066692933384181e-02	9.969745002825679270e-02
2.041539030162529116e+03	1.742561576985059424e-01	1.077441168474622818e-01	2.994675834121238167e-01	1.898834628143411807e-01	8.855898519878387110e-02	4.032559776843482047e-02	9.976409625982977925e-02
2.046376800376184747e+03	1.740123533147218127e-01	1.075753407887748703e-01	2.996230481945316715e-01	1.899901126462160972e-01	8.860844885972264662e-02	4.036034691121443557e-02	9.983034928430012389e-02
2.051214570589840150e+03	1.737699856705345602e-01	1.074075471735490839e-01	2.997776194850169107e-01	1.900961078282006056e-01	8.865761335380956121e-02	4.039491511555202280e-02	9.989621137281889940e-02
2.056052340803495554e+03	1.735290463329967059e-01	1.072407302276229824e-01	2.999313026477812283e-01	1.902014524155208608e-01	8.870648044990092629e-02	4.042930313963171568e-02	9.996168478602726615e-02
2.060890111017150957e+03	1.732895269188667320e-01	1.070748842110507415e-01	3.000841030098426732e-01	1.903061504363408318e-01	8.875505190752801254e-02	4.046351174186006705e-02	1.000267717739926343e-01
2.065727881230805451e+03	1.730514190943076569e-01	1.069100034178972342e-01	3.002360258614136246e-01	1.904102058920092710e-01	8.880332947691804701e-02	4.049754168078556482e-02	1.000914745761503077e-01
2.070565651444461309e+03	1.728147145745871638e-01	1.067460821760338602e-01	3.003870764562720508e-01	1.905136227573026031e-01	8.885131489901566815e-02	4.053139371502016003e-02	1.001557954212502627e-01
2.075403421658116713e+03	1.725794051237803106e-01	1.065831148469355977e-01	3.005372600121260507e-01	1.906164049806635674e-01	8.889900990550475557e-02	4.056506860316264063e-02	1.002197365273088947e-01
2.080241191871772116e+03	1.723454825544738500e-01	1.064210958254794559e-01	3.006865817109722339e-01	1.907185564844360581e-01	8.894641621883081495e-02	4.059856710372389266e-02	1.002833001015655257e-01
2.085078962085427065e+03	1.721129387274727973e-01	1.062600195397442049e-01	3.008350466994476058e-01	1.908200811650960782e-01	8.899353555222377921e-02	4.063188997505397249e-02	1.003464883404434627e-01
2.089916732299082469e+03	1.718817655515089693e-01	1.060998804508112153e-01	3.009826600891755133e-01	1.909209828934788078e-01	8.904036960972118442e-02	4.066503797527096231e-02	1.004093034295152759e-01
2.094754502512737417e+03	1.716519549829512437e-01	1.059406730525667695e-01	3.011294269571058169e-01	1.910212655150021477e-01	8.908692008619201186e-02	4.069801186219153266e-02	1.004717475434724616e-01
2.099592272726392821e+03	1.714234990255180668e-01	1.057823918715054268e-01	3.012753523458489568e-01	1.911209328498866544e-01	8.913318866736076596e-02	4.073081239326324654e-02	1.005338228460988803e-01
2.104430042940048224e+03	1.711963897299917658e-01	1.056250314665347356e-01	3.014204412640048014e-01	1.912199886933719506e-01	8.917917702983214900e-02	4.076344032549851504e-02	1.005955314902481079e-01
2.109267813153704083e+03	1.709706191939347197e-01	1.054685864287811109e-01	3.015646986864857770e-01	1.913184368159297488e-01	8.922488684111616608e-02	4.079589641541019052e-02	1.006568756178243540e-01
2.114105583367359031e+03	1.707461795614075017e-01	1.053130513813970021e-01	3.017081295548346698e-01	1.914162809634734896e-01	8.927031975965372956e-02	4.082818141894872799e-02	1.007178573597669186e-01
2.118943353581013525e+03	1.705230630226888255e-01	1.051584209793691438e-01	3.018507387775376527e-01	1.915135248575649263e-01	8.931547743484261059e-02	4.086029609144094937e-02	1.007784788360379657e-01
2.123781123794669384e+03	1.703012618139973788e-01	1.050046899093280972e-01	3.019925312303314846e-01	1.916101721956173787e-01	8.936036150706397341e-02	4.089224118753028575e-02	1.008387421556134339e-01
2.128618894008324787e+03	1.700807682172155444e-01	1.048518528893589291e-01	3.021335117565066564e-01	1.917062266510960178e-01	8.940497360770922886e-02	4.092401746111856697e-02	1.008986494164770681e-01
2.133456664221980191e+03	1.698615745596148974e-01	1.046999046688131402e-01	3.022736851672049307e-01	1.918016918737151244e-01	8.944931535920740140e-02	4.095562566530926846e-02	1.009582027056172282e-01
2.138294434435635139e+03	1.696436732135833958e-01	1.045488400281216479e-01	3.024130562417128854e-01	1.918965714896324060e-01	8.949338837505299571e-02	4.098706655235215962e-02	1.010174040990265976e-01
2.143132204649290543e+03	1.694270565963546804e-01	1.043986537786090046e-01	3.025516297277501820e-01	1.919908691016403712e-01	8.953719425983407143e-02	4.101834087358936093e-02	1.010762556617044589e-01
2.147969974862945492e+03	1.692117171697387901e-01	1.042493407623087398e-01	3.026894103417541171e-01	1.920845882893551515e-01	8.958073460926098408e-02	4.104944937940283034e-02	1.011347594476615513e-01
2.152807745076601350e+03	1.689976474398547923e-01	1.041008958517798816e-01	3.028264027691593419e-01	1.921777326094023519e-01	8.962401101019536187e-02	4.108039281916309182e-02	1.011929174999273706e-01
2.157645515290255844e+03	1.687848399568651625e-01	1.039533139499245612e-01	3.029626116646733647e-01	1.922703055956005158e-01	8.966702504067956825e-02	4.111117194117940021e-02	1.012507318505595777e-01
2.162483285503912157e+03	1.685732873147119948e-01	1.038065899898067690e-01	3.030980416525482224e-01	1.923623107591416470e-01	8.970977826996649751e-02	4.114178749265109958e-02	1.013082045206559478e-01
2.167321055717567106e+03	1.683629821508546565e-01	1.036607189344722207e-01	3.032326973268474890e-01	1.924537515887696504e-01	8.975227225854982838e-02	4.117224021962029995e-02	1.013653375203680679e-01
2.172158825931222509e+03	1.681539171460093851e-01	1.035156957767692926e-01	3.033665832517100647e-01	1.925446315509558581e-01	8.979450855819461064e-02	4.120253086692574063e-02	1.014221328489173096e-01
2.176996596144877003e+03	1.679460850238904679e-01	1.033715155391711910e-01	3.034997039616095793e-01	1.926349540900724744e-01	8.983648871196812935e-02	4.123266017815791634e-02	1.014785924946125101e-01
2.181834366358532861e+03	1.677394785509531694e-01	1.032281732735990248e-01	3.036320639616102990e-01	1.927247226285635495e-01	8.987821425427129640e-02	4.126262889561534142e-02	1.015347184348696224e-01
2.186672136572187810e+03	1.675340905361380750e-01	1.030856640612460989e-01	3.037636677276192021e-01	1.928139405671137063e-01	8.991968671087022247e-02	4.129243776026201435e-02	1.015905126362330047e-01
