1.228793634268442020e+03	2.443376405034862753e-01	1.564019857920825873e-01	2.538309405644860739e-01	1.576563626282202479e-01	7.426085730649427397e-02	3.135784345265208578e-02	8.215436975205497871e-02
1.233631404482097196e+03	2.436804698938436486e-01	1.559467440046137521e-01	2.542968647202578647e-01	1.579866895761656842e-01	7.438887290294611543e-02	3.142856821716637911e-02	8.227179068448309263e-02
1.238469174695752372e+03	2.430272509266266090e-01	1.554942071902769563e-01	2.547581938388857603e-01	1.583140579554616345e-01	7.451628138663474177e-02	3.149921717982966801e-02	8.239079152176113918e-02
1.243306944909407548e+03	2.423779565281601878e-01	1.550443582100310136e-01	2.552150322812641869e-01	1.586385221389611522e-01	7.464308239624244112e-02	3.156978283648394223e-02	8.251126560833356438e-02
1.248144715123063179e+03	2.417325599440647010e-01	1.545971800729132317e-01	2.556674805907204751e-01	1.589601346819435879e-01	7.476927570506307352e-02	3.164025796421052195e-02	8.263311104056081380e-02
1.252982485336718355e+03	2.410910347307466395e-01	1.541526559332367929e-01	2.561156356490305042e-01	1.592789463952445916e-01	7.489486121503893812e-02	3.171063561126064023e-02	8.275623046491828450e-02
1.257820255550373531e+03	2.404533547472158250e-01	1.537107690878850297e-01	2.565595908259250546e-01	1.595950064153350556e-01	7.501983895104599731e-02	3.178090908737360443e-02	8.288053088469589380e-02
1.262658025764028707e+03	2.398194941472154285e-01	1.532715029736993473e-01	2.569994361223600365e-01	1.599083622714774222e-01	7.514420905541656370e-02	3.185107195446681277e-02	8.300592347484087030e-02
1.267495795977684338e+03	2.391894273716518027e-01	1.528348411649561589e-01	2.574352583078127199e-01	1.602190599500818435e-01	7.526797178268998523e-02	3.192111801768270779e-02	8.313232340460126324e-02
1.272333566191339514e+03	2.385631291413119470e-01	1.524007673709300847e-01	2.578671410518527662e-01	1.605271439563797087e-01	7.539112749458155849e-02	3.199104131677824037e-02	8.325964966764226594e-02
1.277171336404994690e+03	2.379405744498564179e-01	1.519692654335391968e-01	2.582951650502291474e-01	1.608326573735273102e-01	7.551367665516045546e-02	3.206083611784300152e-02	8.338782491932099361e-02
1.282009106618650094e+03	2.373217385570768334e-01	1.515403193250692837e-01	2.587194081457031003e-01	1.611356419192474243e-01	7.563561982622829527e-02	3.213049690533288649e-02	8.351677532081867861e-02
1.286846876832305497e+03	2.367065969824064531e-01	1.511139131459739715e-01	2.591399454438457206e-01	1.614361380001121948e-01	7.575695766288956245e-02	3.220001837440653741e-02	8.364643038984198586e-02
1.291684647045960673e+03	2.360951254986741188e-01	1.506900311227475919e-01	2.595568494240128032e-01	1.617341847635661300e-01	7.587769090930616966e-02	3.226939542355242857e-02	8.377672285761711413e-02
1.296522417259616077e+03	2.354873001260908705e-01	1.502686576058677725e-01	2.599701900456981019e-01	1.620298201477845534e-01	7.599782039462826821e-02	3.233862314749494371e-02	8.390758853191193634e-02
1.301360187473271253e+03	2.348830971264601053e-01	1.498497770678048902e-01	2.603800348504586304e-01	1.623230809294574917e-01	7.611734702909417338e-02	3.240769683036826693e-02	8.403896616583290957e-02
1.306197957686926657e+03	2.342824929976020376e-01	1.494333741010960559e-01	2.607864490595981355e-01	1.626140027695872348e-01	7.623627180029207695e-02	3.247661193914739425e-02	8.417079733215353243e-02
1.311035727900581833e+03	2.336854644679835502e-01	1.490194334164806345e-01	2.611894956677857094e-01	1.629026202573816140e-01	7.635459576957701056e-02	3.254536411732592005e-02	8.430302630294210509e-02
1.315873498114237009e+03	2.330919884915449991e-01	1.486079398410948826e-01	2.615892355327798513e-01	1.631889669523239605e-01	7.647232006863655118e-02	3.261394917883083527e-02	8.443559993426540122e-02
1.320711268327892412e+03	2.325020422427162281e-01	1.481988783167236534e-01	2.619857274614217912e-01	1.634730754244957951e-01	7.658944589619892662e-02	3.268236310216483809e-02	8.456846755575525565e-02
1.325549038541547588e+03	2.319156031116134942e-01	1.477922338981064454e-01	2.623790282920533401e-01	1.637549772932254122e-01	7.670597451487774776e-02	3.275060202476708093e-02	8.470158086483302318e-02
1.330386808755202765e+03	2.313326486994104203e-01	1.473879917512959103e-01	2.627691929735095910e-01	1.640347032641328862e-01	7.682190724814756677e-02	3.281866223758374973e-02	8.483489382539644019e-02
1.335224578968857941e+03	2.307531568138755651e-01	1.469861371520667370e-01	2.631562746408297460e-01	1.643122831646386950e-01	7.693724547744493214e-02	3.288654017984004446e-02	8.496836257078083099e-02
1.340062349182513572e+03	2.301771054650699755e-01	1.465866554843726910e-01	2.635403246878235128e-01	1.645877459780002439e-01	7.705199063938952819e-02	3.295423243400564389e-02	8.510194531081498315e-02
1.344900119396168748e+03	2.296044728611979224e-01	1.461895322388501450e-01	2.639213928366243023e-01	1.648611198759382113e-01	7.716614422312056965e-02	3.302173572094597304e-02	8.523560224279942699e-02
1.349737889609823924e+03	2.290352374046051853e-01	1.457947530113659906e-01	2.642995272043560662e-01	1.651324322499118091e-01	7.727970776774358008e-02	3.308904689525189735e-02	8.536929546624202891e-02
1.354575659823479100e+03	2.284693776879179739e-01	1.454023035016084597e-01	2.646747743670337383e-01	1.654017097410994952e-01	7.739268285988291918e-02	3.315616294074085618e-02	8.550298890119302497e-02
1.359413430037134731e+03	2.279068724903175469e-01	1.450121695117191079e-01	2.650471794208139609e-01	1.656689782691397328e-01	7.750507113133571491e-02	3.322308096612262146e-02	8.563664821002768546e-02
1.364251200250789907e+03	2.273477007739447553e-01	1.446243369449639604e-01	2.654167860407060098e-01	1.659342630596832846e-01	7.761687425682307906e-02	3.328979820082324237e-02	8.577024072253194853e-02
1.369088970464445310e+03	2.267918416804292348e-01	1.442387918044428785e-01	2.657836365368498321e-01	1.661975886708073891e-01	7.772809395183424841e-02	3.335631199096092403e-02	8.590373536415178701e-02
1.373926740678100487e+03	2.262392745275378925e-01	1.438555201918351456e-01	2.661477719084627269e-01	1.664589790183391704e-01	7.783873197056014048e-02	3.342261979546789358e-02	8.603710258727326199e-02
1.378764510891755890e+03	2.256899788059385237e-01	1.434745083061803039e-01	2.665092318955524231e-01	1.667184574001341901e-01	7.794879010391246588e-02	3.348871918235257067e-02	8.617031430540571246e-02
1.383602281105411066e+03	2.251439341760734236e-01	1.430957424426923252e-01	2.668680550284895925e-01	1.669760465193537158e-01	7.805827017762473341e-02	3.355460782509647050e-02	8.630334383014597044e-02
1.388440051319066470e+03	2.246011204651383597e-01	1.427192089916063666e-01	2.672242786755293920e-01	1.672317685067829796e-01	7.816717405043192846e-02	3.362028349918067677e-02	8.643616581080645900e-02
1.393277821532721646e+03	2.240615176641635731e-01	1.423448944370565017e-01	2.675779390883681885e-01	1.674856449422304494e-01	7.827550361232550602e-02	3.368574407873675680e-02	8.656875617659513800e-02
1.398115591746377049e+03	2.235251059251914529e-01	1.419727853559833441e-01	2.679290714458171796e-01	1.677376968750463326e-01	7.838326078288057608e-02	3.375098753331730317e-02	8.670109208123986944e-02
1.402953361960032225e+03	2.229918655585480802e-01	1.416028684170703988e-01	2.682777098956715678e-01	1.679879448437978928e-01	7.849044750965226969e-02	3.381601192478149442e-02	8.683315184995435421e-02
1.407791132173687402e+03	2.224617770302041719e-01	1.412351303797080015e-01	2.686238875948512295e-01	1.682364088951360526e-01	7.859706576663855193e-02	3.388081540429113692e-02	8.696491492864696915e-02
1.412628902387342805e+03	2.219348209592221788e-01	1.408695580929838764e-01	2.689676367478844865e-01	1.684831086018878654e-01	7.870311755280644250e-02	3.394539620941300351e-02	8.709636183527826037e-02
1.417466672600997981e+03	2.214109781152860668e-01	1.405061384946992842e-01	2.693089886438047031e-01	1.687280630804069981e-01	7.880860489067938179e-02	3.400975266132327118e-02	8.722747411327642919e-02
1.422304442814653157e+03	2.208902294163104241e-01	1.401448586104096228e-01	2.696479736915256553e-01	1.689712910072129204e-01	7.891352982498288371e-02	3.407388316211020646e-02	8.735823428692443549e-02
1.427142213028308333e+03	2.203725559261255351e-01	1.397857055524887315e-01	2.699846214537594546e-01	1.692128106349494732e-01	7.901789442134629637e-02	3.413778619217129606e-02	8.748862581863539600e-02
1.431979983241963964e+03	2.198579388522358125e-01	1.394286665192160379e-01	2.703189606795377009e-01	1.694526398076902085e-01	7.912170076505815886e-02	3.420146030770111756e-02	8.761863306803707729e-02
1.436817753455619140e+03	2.193463595436483393e-01	1.390737287938855204e-01	2.706510193353945937e-01	1.696907959756187578e-01	7.922495095987314162e-02	3.426490413826661918e-02	8.774824125278909981e-02
1.441655523669274316e+03	2.188377994887688860e-01	1.387208797439355712e-01	2.709808246352670702e-01	1.699272962091099848e-01	7.932764712686822539e-02	3.432811638446635338e-02	8.787743641105999481e-02
1.446493293882929493e+03	2.183322403133626244e-01	1.383701068200996753e-01	2.713084030691663151e-01	1.701621572122365977e-01	7.942979140334627264e-02	3.439109581567049295e-02	8.800620536559411455e-02
1.451331064096585123e+03	2.178296637785770984e-01	1.380213975555759087e-01	2.716337804306716563e-01	1.703953953357263684e-01	7.953138594178489618e-02	3.445384126783858358e-02	8.813453568930160187e-02
1.456168834310240300e+03	2.173300517790250352e-01	1.376747395652158368e-01	2.719569818432957531e-01	1.706270265893914673e-01	7.963243290882882075e-02	3.451635164141204914e-02	8.826241567230713736e-02
1.461006604523895703e+03	2.168333863409244167e-01	1.373301205447312878e-01	2.722780317857684262e-01	1.708570666540533134e-01	7.973293448432394737e-02	3.457862589927862551e-02	8.838983429039605488e-02
1.465844374737550879e+03	2.163396496202937280e-01	1.369875282699185570e-01	2.725969541162843734e-01	1.710855308929831176e-01	7.983289286039137178e-02	3.464066306480602375e-02	8.851678117479892804e-02
1.470682144951206283e+03	2.158488239012002208e-01	1.366469505958994579e-01	2.729137720957572344e-01	1.713124343628789070e-01	7.993231024053971956e-02	3.470246221994218588e-02	8.864324658325839490e-02
1.475519915164861459e+03	2.153608915940590784e-01	1.363083754563787220e-01	2.732285084101225281e-01	1.715377918243980171e-01	8.003118883881420176e-02	3.476402250337962130e-02	8.876922137232395871e-02
1.480357685378516862e+03	2.148758352339816269e-01	1.359717908629166361e-01	2.735411851917282089e-01	1.717616177522638954e-01	8.012953087898098958e-02	3.482534310878148548e-02	8.889469697082326427e-02
1.485195455592172038e+03	2.143936374791703126e-01	1.356371849042172506e-01	2.738518240398512549e-01	1.719839263449648159e-01	8.022733859374525656e-02	3.488642328306701401e-02	8.901966535446012574e-02
1.490033225805827215e+03	2.139142811093592278e-01	1.353045457454306877e-01	2.741604460403768706e-01	1.722047315340616003e-01	8.032461422400169471e-02	3.494726232475409838e-02	8.914411902149184386e-02
1.494870996019482618e+03	2.134377490242976572e-01	1.349738616274696046e-01	2.744670717846744434e-01	1.724240469931208608e-01	8.042136001811603374e-02	3.500785958235699130e-02	8.926805096944046003e-02
1.499708766233137567e+03	2.129640242422758400e-01	1.346451208663392018e-01	2.747717213877047815e-01	1.726418861462888366e-01	8.051757823123636970e-02	3.506821445283688637e-02	8.939145467279407953e-02
1.504546536446793198e+03	2.124930898986906458e-01	1.343183118524801933e-01	2.750744145053898304e-01	1.728582621765215876e-01	8.061327112463312350e-02	3.512832638010367214e-02	8.951432406165693578e-02
1.509384306660448374e+03	2.120249292446499123e-01	1.339934230501243773e-01	2.753751703512757332e-01	1.730731880334852035e-01	8.070844096506622767e-02	3.518819485356671634e-02	8.963665350130783915e-02
1.514222076874103550e+03	2.115595256456139772e-01	1.336704429966623087e-01	2.756740077125188204e-01	1.732866764411401805e-01	8.080309002417877806e-02	3.524781940673305664e-02	8.975843777262886014e-02
1.519059847087758726e+03	2.110968625800729304e-01	1.333493603020226848e-01	2.759709449652227309e-01	1.734987399050230694e-01	8.089722057791570720e-02	3.530719961585120081e-02	8.987967205336765131e-02
1.523897617301414357e+03	2.106369236382581722e-01	1.330301636480631655e-01	2.762660000891533074e-01	1.737093907192376330e-01	8.099083490596678536e-02	3.536633509859882230e-02	9.000035190019804732e-02
1.528735387515069533e+03	2.101796925208871680e-01	1.327128417879719080e-01	2.765591906818575252e-01	1.739186409731683647e-01	8.108393529123264498e-02	3.542522551281281767e-02	9.012047323154546985e-02
1.533573157728724709e+03	2.097251530379399265e-01	1.323973835456798698e-01	2.768505339722108771e-01	1.741265025579271930e-01	8.117652401931312045e-02	3.548387055526015799e-02	9.024003231114474666e-02
1.538410927942380113e+03	2.092732891074661761e-01	1.320837778152831876e-01	2.771400468334173084e-01	1.743329871725447788e-01	8.126860337801690426e-02	3.554226996044801412e-02	9.035902573229953605e-02
1.543248698156035516e+03	2.088240847544217960e-01	1.317720135604753540e-01	2.774277457954842374e-01	1.745381063299172308e-01	8.136017565689164510e-02	3.560042349947182411e-02	9.047745040281374163e-02
1.548086468369690692e+03	2.083775241095341124e-01	1.314620798139891633e-01	2.777136470571946458e-01	1.747418713625180919e-01	8.145124314677358590e-02	3.565833097889985204e-02	9.059530353056644003e-02
1.552924238583346096e+03	2.079335914081938408e-01	1.311539656770476237e-01	2.779977664975965546e-01	1.749442934278852557e-01	8.154180813935624217e-02	3.571599223969298270e-02	9.071258260970348208e-02
1.557762008797001272e+03	2.074922709893738948e-01	1.308476603188238885e-01	2.782801196870307581e-01	1.751453835138927495e-01	8.163187292677683005e-02	3.577340715615841271e-02	9.082928540741934398e-02
1.562599779010656675e+03	2.070535472945733146e-01	1.305431529759099318e-01	2.785607218977156352e-01	1.753451524438158493e-01	8.172143980122029139e-02	3.583057563493617648e-02	9.094540995130459549e-02
1.567437549224311852e+03	2.066174048667855367e-01	1.302404329517933557e-01	2.788395881139069110e-01	1.755436108811980478e-01	8.181051105453976402e-02	3.588749761401716781e-02	9.106095451723504597e-02
1.572275319437967255e+03	2.061838283494902002e-01	1.299394896163424129e-01	2.791167330416505221e-01	1.757407693345283128e-01	8.189908897789305309e-02	3.594417306179163718e-02	9.117591761777961434e-02
1.577113089651622431e+03	2.057528024856678239e-01	1.296403124052988576e-01	2.793921711181458489e-01	1.759366381617366026e-01	8.198717586139439573e-02	3.600060197612708207e-02	9.129029799110513488e-02
1.581950859865277607e+03	2.053243121168357999e-01	1.293428908197783167e-01	2.796659165207342479e-01	1.761312275745149647e-01	8.207477399378092231e-02	3.605678438347449666e-02	9.140409459035708784e-02
1.586788630078933011e+03	2.048983421821060635e-01	1.290472144257780729e-01	2.799379831755292591e-01	1.763245476424712965e-01	8.216188566209316202e-02	3.611272033800193987e-02	9.151730657349602116e-02
1.591626400292587959e+03	2.044748777172624987e-01	1.287532728536920079e-01	2.802083847657037552e-01	1.765166082971233175e-01	8.224851315136907925e-02	3.616840992075449901e-02	9.162993329357063677e-02
1.596464170506243590e+03	2.040539038538582983e-01	1.284610557978322909e-01	2.804771347394468539e-01	1.767074193357385525e-01	8.233465874435108578e-02	3.622385323883978159e-02	9.174197428940888965e-02
1.601301940719898766e+03	2.036354058183319216e-01	1.281705530159578665e-01	2.807442463176055836e-01	1.768969904250274061e-01	8.242032472120548736e-02	3.627905042463793611e-02	9.185342927670955837e-02
1.606139710933553943e+03	2.032193689311413420e-01	1.278817543288095493e-01	2.810097325010233460e-01	1.770853311046947931e-01	8.250551335925389307e-02	3.633400163503548025e-02	9.196429813951734200e-02
1.610977481147209119e+03	2.028057786059158374e-01	1.275946496196511681e-01	2.812736060775886116e-01	1.772724507908568226e-01	8.259022693271607374e-02	3.638870705068199263e-02	9.207458092206521894e-02
1.615815251360864750e+03	2.023946203486247375e-01	1.273092288338170674e-01	2.815358796290049481e-01	1.774583587793275019e-01	8.267446771246381165e-02	3.644316687526900217e-02	9.218427782096859369e-02
1.620653021574519926e+03	2.019858797567624931e-01	1.270254819782654365e-01	2.817965655372945966e-01	1.776430642487812350e-01	8.275823796578536673e-02	3.649738133483021452e-02	9.229338917775629925e-02
1.625490791788175102e+03	2.015795425185495371e-01	1.267433991211373012e-01	2.820556759910461397e-01	1.778265762637958880e-01	8.284153995616000410e-02	3.655135067706244412e-02	9.240191547172428577e-02
1.630328562001830505e+03	2.011755944121483286e-01	1.264629703913214553e-01	2.823132229914168678e-01	1.780089037777818350e-01	8.292437594304225001e-02	3.660507517066645400e-02	9.250985731309828430e-02
1.635166332215485909e+03	2.007740213048942735e-01	1.261841859780245267e-01	2.825692183579003314e-01	1.781900556358011478e-01	8.300674818165566793e-02	3.665855510470713424e-02	9.261721543649240052e-02
1.640004102429141085e+03	2.003748091525404951e-01	1.259070361303463448e-01	2.828236737338682416e-01	1.783700405772817299e-01	8.308865892279530818e-02	3.671179078799225587e-02	9.272399069465103727e-02
1.644841872642796488e+03	1.999779439985168439e-01	1.256315111568608311e-01	2.830766005918963213e-01	1.785488672386306985e-01	8.317011041263903948e-02	3.676478254846930749e-02	9.283018405246233618e-02
1.649679642856451665e+03	1.995834119732018408e-01	1.253576014252013870e-01	2.833280102388827659e-01	1.787265441557512602e-01	8.325110489256698498e-02	3.681753073263967224e-02	9.293579658123143905e-02
1.654517413070107068e+03	1.991911992932073883e-01	1.250852973616514985e-01	2.835779138209684747e-01	1.789030797664666883e-01	8.333164459898892429e-02	3.687003570498970789e-02	9.304082945320263365e-02
1.659355183283762244e+03	1.988012922606762489e-01	1.248145894507400877e-01	2.838263223282661007e-01	1.790784824128554276e-01	8.341173176317945304e-02	3.692229784743805004e-02	9.314528393631989200e-02
1.664192953497417420e+03	1.984136772625910705e-01	1.245454682348413195e-01	2.840732465994069145e-01	1.792527603435012384e-01	8.349136861112024799e-02	3.697431755879870829e-02	9.324916138921569841e-02
1.669030723711072824e+03	1.980283407700954568e-01	1.242779243137790562e-01	2.843186973259120287e-01	1.794259217156613240e-01	8.357055736334952079e-02	3.702609525425937242e-02	9.335246325641841092e-02
1.673868493924728000e+03	1.976452693378258629e-01	1.240119483444356019e-01	2.845626850563960364e-01	1.795979745973561859e-01	8.364930023481816079e-02	3.707763136487442213e-02	9.345519106376887208e-02
1.678706264138383403e+03	1.972644496032546768e-01	1.237475310403648582e-01	2.848052202006091105e-01	1.797689269693841796e-01	8.372759943475240052e-02	3.712892633707226553e-02	9.355734641403760932e-02
1.683544034352038352e+03	1.968858682860436526e-01	1.234846631714094783e-01	2.850463130333249495e-01	1.799387867272641550e-01	8.380545716652267052e-02	3.717998063217636817e-02	9.365893098273388173e-02
1.688381804565693983e+03	1.965095121874075590e-01	1.232233355633223226e-01	2.852859736980799532e-01	1.801075616831086246e-01	8.388287562751844950e-02	3.723079472593974343e-02	9.375994651409849667e-02
1.693219574779349159e+03	1.961353681894877354e-01	1.229635390973916470e-01	2.855242122107711777e-01	1.802752595674307345e-01	8.395985700902890148e-02	3.728136910809229376e-02	9.386039481727265210e-02
1.698057344993004335e+03	1.957634232547351694e-01	1.227052647100703858e-01	2.857610384631169009e-01	1.804418880308876205e-01	8.403640349612902238e-02	3.733170428190069751e-02	9.396027776263533859e-02
1.702895115206659511e+03	1.953936644253028154e-01	1.224485033926090843e-01	2.859964622259872358e-01	1.806074546459625063e-01	8.411251726757103253e-02	3.738180076374039013e-02	9.405959727830202899e-02
1.707732885420315142e+03	1.950260788224469910e-01	1.221932461906925504e-01	2.862304931526090668e-01	1.807719669085882941e-01	8.418820049568094543e-02	3.743165908267930692e-02	9.415835534677788332e-02
1.712570655633970318e+03	1.946606536459374315e-01	1.219394842040802118e-01	2.864631407816505271e-01	1.809354322397148940e-01	8.426345534626000777e-02	3.748127978007297079e-02	9.425655400175897425e-02
1.717408425847625494e+03	1.942973761734757276e-01	1.216872085862498870e-01	2.866944145401901789e-01	1.810978579868226801e-01	8.433828397849084391e-02	3.753066340917060595e-02	9.435419532507503815e-02
1.722246196061280898e+03	1.939362337601221176e-01	1.214364105440451230e-01	2.869243237465756158e-01	1.812592514253841269e-01	8.441268854484813844e-02	3.757981053473190280e-02	9.445128144376799262e-02
1.727083966274936301e+03	1.935772138377300222e-01	1.211870813373258221e-01	2.871528776131756500e-01	1.814196197602755412e-01	8.448667119101367640e-02	3.762872173265414955e-02	9.454781452730016966e-02
1.731921736488591478e+03	1.932203039143884915e-01	1.209392122786222823e-01	2.873800852490308588e-01	1.815789701271415812e-01	8.456023405579547736e-02	3.767739758960935575e-02	9.464379678488699099e-02
1.736759506702246881e+03	1.928654915738720887e-01	1.206927947327923745e-01	2.876059556624062097e-01	1.817373095937135363e-01	8.463337927105110681e-02	3.772583870269109046e-02	9.473923046294861761e-02
1.741597276915902057e+03	1.925127644750980194e-01	1.204478201166819251e-01	2.878304977632499817e-01	1.818946451610839732e-01	8.470610896161473446e-02	3.777404567907079180e-02	9.483411784267559153e-02
1.746435047129557461e+03	1.921621103515903650e-01	1.202042798987882494e-01	2.880537203655627043e-01	1.820509837649390839e-01	8.477842524522791190e-02	3.782201913566312496e-02	9.492846123770357081e-02
1.751272817343212637e+03	1.918135170109511456e-01	1.199621655989267094e-01	2.882756321896797758e-01	1.822063322767506488e-01	8.485033023247398609e-02	3.786975969880025661e-02	9.502226299189250880e-02
1.756110587556867813e+03	1.914669723343383201e-01	1.197214687879002010e-01	2.884962418644709259e-01	1.823606975049290591e-01	8.492182602671588532e-02	3.791726800391473362e-02	9.511552547720586448e-02
1.760948357770523216e+03	1.911224642759498382e-01	1.194821810871715823e-01	2.887155579294611307e-01	1.825140861959390348e-01	8.499291472403722181e-02	3.796454469523061204e-02	9.520825109168554179e-02
1.765786127984178393e+03	1.907799808625145754e-01	1.192442941685390723e-01	2.889335888368738670e-01	1.826665050353796782e-01	8.506359841318660020e-02	3.801159042546276706e-02	9.530044225751845011e-02
1.770623898197833569e+03	1.904395101927887635e-01	1.190077997538143556e-01	2.891503429536023129e-01	1.828179606490297759e-01	8.513387917552490969e-02	3.805840585552403010e-02	9.539210141919084174e-02
1.775461668411488745e+03	1.901010404370591933e-01	1.187726896145034350e-01	2.893658285631097171e-01	1.829684596038604893e-01	8.520375908497564155e-02	3.810499165423988227e-02	9.548323104172658227e-02
1.780299438625144376e+03	1.897645598366516084e-01	1.185389555714902871e-01	2.895800538672625990e-01	1.831180084090160143e-01	8.527324020797800996e-02	3.815134849807062800e-02	9.557383360900580105e-02
1.785137208838799552e+03	1.894300567034450100e-01	1.183065894947231272e-01	2.897930269880988341e-01	1.832666135167639598e-01	8.534232460344270965e-02	3.819747707084069493e-02	9.566391162216060506e-02
1.789974979052454728e+03	1.890975194193917353e-01	1.180755833029032559e-01	2.900047559695341226e-01	1.834142813234162506e-01	8.541101432271039351e-02	3.824337806347492819e-02	9.575346759804427565e-02
1.794812749266109904e+03	1.887669364360424762e-01	1.178459289631765688e-01	2.902152487790084501e-01	1.835610181702221344e-01	8.547931140951260665e-02	3.828905217374162923e-02	9.584250406777115872e-02
1.799650519479765535e+03	1.884382962740770440e-01	1.176176184908274830e-01	2.904245133090752606e-01	1.837068303442339623e-01	8.554721789993517678e-02	3.833450010600223529e-02	9.593102357532384827e-02
1.804488289693420711e+03	1.881115875228398793e-01	1.173906439489754011e-01	2.906325573789362293e-01	1.838517240791472385e-01	8.561473582238389446e-02	3.837972257096729234e-02	9.601902867622512383e-02
1.809326059907075887e+03	1.877867988398808363e-01	1.171649974482736334e-01	2.908393887359222996e-01	1.839957055561154409e-01	8.568186719755242764e-02	3.842472028545873552e-02	9.610652193627160222e-02
1.814163830120731291e+03	1.874639189505007131e-01	1.169406711466107196e-01	2.910450150569252048e-01	1.841387809045411939e-01	8.574861403839248442e-02	3.846949397217814398e-02	9.619350593032652275e-02
1.819001600334386467e+03	1.871429366473016942e-01	1.167176572488139857e-01	2.912494439497790855e-01	1.842809562028440429e-01	8.581497835008596031e-02	3.851404435948089372e-02	9.627998324116929241e-02
1.823839370548041643e+03	1.868238407897422348e-01	1.164959480063556818e-01	2.914526829545964204e-01	1.844222374792063857e-01	8.588096213001909784e-02	3.855837218115596571e-02	9.636595645839904356e-02
1.828677140761696819e+03	1.865066203036968573e-01	1.162755357170611320e-01	2.916547395450587166e-01	1.845626307122980037e-01	8.594656736775858896e-02	3.860247817621133976e-02	9.645142817739016383e-02
1.833514910975352450e+03	1.861912641810198887e-01	1.160564127248192717e-01	2.918556211296639002e-01	1.847021418319799158e-01	8.601179604502956488e-02	3.864636308866478687e-02	9.653640099829741139e-02
1.838352681189008081e+03	1.858777614791141120e-01	1.158385714192955163e-01	2.920553350529326297e-01	1.848407767199889418e-01	8.607665013569527901e-02	3.869002766733985882e-02	9.662087752510845062e-02
1.843190451402663257e+03	1.855661013205032739e-01	1.156220042356464889e-01	2.922538885965744737e-01	1.849785412106029758e-01	8.614113160573859396e-02	3.873347266566701946e-02	9.670486036474194858e-02
1.848028221616318433e+03	1.852562728924089241e-01	1.154067036542372887e-01	2.924512889806165084e-01	1.851154410912882742e-01	8.620524241324506454e-02	3.877669884148970958e-02	9.678835212618895623e-02
1.852865991829973609e+03	1.849482654463313058e-01	1.151926622003606043e-01	2.926475433644947222e-01	1.852514821033290626e-01	8.626898450838765831e-02	3.881970695687525508e-02	9.687135541969607577e-02
1.857703762043628785e+03	1.846420682976342154e-01	1.149798724439580616e-01	2.928426588481102821e-01	1.853866699424403797e-01	8.633235983341297493e-02	3.886249777793047283e-02	9.695387285598827676e-02
1.862541532257283961e+03	1.843376708251336926e-01	1.147683269993435701e-01	2.930366424728520491e-01	1.855210102593647103e-01	8.639537032262896432e-02	3.890507207462181455e-02	9.703590704552988999e-02
1.867379302470939592e+03	1.840350624706908189e-01	1.145580185249287092e-01	2.932295012225863418e-01	1.856545086604528827e-01	8.645801790239406037e-02	3.894743062060003480e-02	9.711746059782186413e-02
1.872217072684594768e+03	1.837342327388078456e-01	1.143489397229501547e-01	2.934212420246156694e-01	1.857871707082301704e-01	8.652030449110767463e-02	3.898957419302909178e-02	9.719853612073404980e-02
1.877054842898249490e+03	1.834351711962282638e-01	1.141410833391990898e-01	2.936118717506074338e-01	1.859190019219477130e-01	8.658223199920202229e-02	3.903150357241937096e-02	9.727913621987072101e-02
1.881892613111905121e+03	1.831378674715405386e-01	1.139344421627525306e-01	2.938013972174933208e-01	1.860500077781201134e-01	8.664380232913525270e-02	3.907321954246491258e-02	9.735926349796790447e-02
1.886730383325560297e+03	1.828423112547850338e-01	1.137290090257065955e-01	2.939898251883414915e-01	1.861801937110496574e-01	8.670501737538571785e-02	3.911472288988473989e-02	9.743892055432135102e-02
1.891568153539215928e+03	1.825484922970647406e-01	1.135247768029117588e-01	2.941771623732015728e-01	1.863095651133375164e-01	8.676587902444753142e-02	3.915601440426798308e-02	9.751810998424351173e-02
1.896405923752871104e+03	1.822564004101592527e-01	1.133217384117098242e-01	2.943634154299243355e-01	1.864381273363825697e-01	8.682638915482715491e-02	3.919709487792292363e-02	9.759683437854858867e-02
1.901243693966526507e+03	1.819660254661421284e-01	1.131198868116729123e-01	2.945485909649564471e-01	1.865658856908682939e-01	8.688654963704123269e-02	3.923796510572959140e-02	9.767509632306400902e-02
1.906081464180181683e+03	1.816773573970013878e-01	1.129192150043442505e-01	2.947326955341119659e-01	1.866928454472379928e-01	8.694636233361527355e-02	3.927862588499608787e-02	9.775289839816765636e-02
1.910919234393836859e+03	1.813903861942633422e-01	1.127197160329806991e-01	2.949157356433203536e-01	1.868190118361589824e-01	8.700582909908358142e-02	3.931907801531836499e-02	9.783024317834934647e-02
1.915757004607492036e+03	1.811051019086195868e-01	1.125213829822971356e-01	2.950977177493528947e-01	1.869443900489760335e-01	8.706495177998999080e-02	3.935932229844343877e-02	9.790713323179563166e-02
1.920594774821147894e+03	1.808214946495571018e-01	1.123242089782126307e-01	2.952786482605281315e-01	1.870689852381544060e-01	8.712373221488958763e-02	3.939935953813591962e-02	9.798357111999694835e-02
1.925432545034802843e+03	1.805395545849912686e-01	1.121281871875983577e-01	2.954585335373966504e-01	1.871928025177130306e-01	8.718217223435148489e-02	3.943919054004786651e-02	9.805955939737602545e-02
1.930270315248458019e+03	1.802592719409020217e-01	1.119333108180271957e-01	2.956373798934067709e-01	1.873158469636480028e-01	8.724027366096225033e-02	3.947881611159170800e-02	9.813510061093674852e-02
1.935108085462113195e+03	1.799806370009728596e-01	1.117395731175251095e-01	2.958151935955509182e-01	1.874381236143466967e-01	8.729803830933034747e-02	3.951823706181636225e-02	9.821019729993239744e-02
1.939945855675768371e+03	1.797036401062328259e-01	1.115469673743241935e-01	2.959919808649943418e-01	1.875596374709931069e-01	8.735546798609133967e-02	3.955745420128631284e-02	9.828485199555259122e-02
1.944783625889424002e+03	1.794282716547012935e-01	1.113554869166173966e-01	2.961677478776860162e-01	1.876803934979645039e-01	8.741256448991388539e-02	3.959646834196364068e-02	9.835906722062795482e-02
1.949621396103079178e+03	1.791545221010355238e-01	1.111651251123148831e-01	2.963425007649533316e-01	1.878003966232196509e-01	8.746932961150651054e-02	3.963528029709292855e-02	9.843284548935184175e-02
1.954459166316734354e+03	1.788823819561811690e-01	1.109758753688020877e-01	2.965162456140800207e-01	1.879196517386790277e-01	8.752576513362511634e-02	3.967389088108897593e-02	9.850618930701827980e-02
1.959296936530389530e+03	1.786118417870250497e-01	1.107877311326993935e-01	2.966889884688691525e-01	1.880381637005972828e-01	8.758187283108112564e-02	3.971230090942724777e-02	9.857910116977545989e-02
1.964134706744044706e+03	1.783428922160511521e-01	1.106006858896233236e-01	2.968607353301906948e-01	1.881559373299281357e-01	8.763765447075040627e-02	3.975051119853698078e-02	9.865158356439401866e-02
1.968972476957700337e+03	1.780755239209989849e-01	1.104147331639494523e-01	2.970314921565147537e-01	1.882729774126822297e-01	8.769311181158280510e-02	3.978852256569690576e-02	9.872363896804954575e-02
1.973810247171355968e+03	1.778097276345244615e-01	1.102298665185768300e-01	2.972012648644313249e-01	1.883892887002775740e-01	8.774824660461237602e-02	3.982633582893350260e-02	9.879526984811862200e-02
1.978648017385010689e+03	1.775454941438635303e-01	1.100460795546939485e-01	2.973700593291562777e-01	1.885048759098835458e-01	8.780306059296805188e-02	3.986395180692172552e-02	9.886647866198770840e-02
1.983485787598666320e+03	1.772828142904981363e-01	1.098633659115463151e-01	2.975378813850243498e-01	1.886197437247582043e-01	8.785755551188513535e-02	3.990137131888819161e-02	9.893726785687445568e-02
1.988323557812321269e+03	1.770216789698249027e-01	1.096817192662055546e-01	2.977047368259702620e-01	1.887338967945793311e-01	8.791173308871721992e-02	3.993859518451668700e-02	9.900763986966085173e-02
1.993161328025976900e+03	1.767620791308260331e-01	1.095011333333398840e-01	2.978706314059975102e-01	1.888473397357691430e-01	8.796559504294866605e-02	3.997562422385601139e-02	9.907759712673748498e-02
1.997999098239632076e+03	1.765040057757428504e-01	1.093216018649863508e-01	2.980355708396356107e-01	1.889600771318135364e-01	8.801914308620764626e-02	4.001245925723008467e-02	9.914714204385866037e-02
2.002836868453287707e+03	1.762474499597513899e-01	1.091431186503242778e-01	2.981995608023865207e-01	1.890721135335749203e-01	8.807237892227968989e-02	4.004910110515020466e-02	9.921627702600781251e-02
2.007674638666942428e+03	1.759924027906407396e-01	1.089656775154504292e-01	2.983626069311596796e-01	1.891834534596001094e-01	8.812530424712169963e-02	4.008555058822953210e-02	9.928500446727255013e-02
2.012512408880597604e+03	1.757388554284935178e-01	1.087892723231554809e-01	2.985247148246979454e-01	1.892941013964224983e-01	8.817792074887648157e-02	4.012180852709961582e-02	9.935332675072923447e-02
2.017350179094252780e+03	1.754867990853685722e-01	1.086138969727019760e-01	2.986858900439920417e-01	1.894040617988590747e-01	8.823023010788771936e-02	4.015787574232902030e-02	9.942124624833634239e-02
2.022187949307908411e+03	1.752362250249861197e-01	1.084395453996037650e-01	2.988461381126866212e-01	1.895133390903025183e-01	8.828223399671533689e-02	4.019375305434391005e-02	9.948876532083639201e-02
2.027025719521564042e+03	1.749871245624149141e-01	1.082662115754068205e-01	2.990054645174766157e-01	1.896219376630082221e-01	8.833393408015140225e-02	4.022944128335061847e-02	9.955588631766602858e-02
2.031863489735218764e+03	1.747394890637618270e-01	1.080938895074715078e-01	2.991638747084943706e-01	1.897298618783766766e-01	8.838533201523632310e-02	4.026494124926017354e-02	9.962261157687372914e-02
2.036701259948874394e+03	1.744933099458635117e-01	1.079225732387561060e-01	2.993213740996884531e-01	1.898371160672313041e-01	8.843642945127552779e-02	4.030025377161461364e-02	9.968894342504502903e-02
2.041539030162529116e+03	1.742485786759802036e-01	1.077522568476020209e-01	2.994779680691944113e-01	1.899437045300916560e-01	8.848722802985645175e-02	4.033537966951517006e-02	9.975488417723464563e-02
2.046376800376184747e+03	1.740052867714916573e-01	1.075829344475200400e-01	2.996336619596967066e-01	1.900496315374424761e-01	8.853772938486598187e-02	4.037031976155229518e-02	9.982043613690547157e-02
2.051214570589840150e+03	1.737634257995952503e-01	1.074146001869781264e-01	2.997884610787834303e-01	1.901549013299984325e-01	8.858793514250819234e-02	4.040507486573732820e-02	9.988560159587382692e-02
2.056052340803495554e+03	1.735229873770061104e-01	1.072472482491906159e-01	2.999423706992936367e-01	1.902595181189649376e-01	8.863784692132239962e-02	4.043964579943597204e-02	9.995038283426087300e-02
2.060890111017150957e+03	1.732839631696593274e-01	1.070808728519085790e-01	3.000953960596569603e-01	1.903634860862947753e-01	8.868746633220167541e-02	4.047403337930337297e-02	1.000147821204498272e-01
2.065727881230805451e+03	1.730463448924142167e-01	1.069154682472116952e-01	3.002475423642264607e-01	1.904668093849410659e-01	8.873679497841148456e-02	4.050823842122087265e-02	1.000788017110486872e-01
2.070565651444461309e+03	1.728101243087604988e-01	1.067510287213013359e-01	3.003988147836047506e-01	1.905694921391064556e-01	8.878583445560885024e-02	4.054226174023434909e-02	1.001424438508582287e-01
2.075403421658116713e+03	1.725752932305265885e-01	1.065875485942949230e-01	3.005492184549636292e-01	1.906715384444885586e-01	8.883458635186160246e-02	4.057610415049410502e-02	1.002057107728450552e-01
2.080241191871772116e+03	1.723418435175897989e-01	1.064250222200217588e-01	3.006987584823569981e-01	1.907729523685221251e-01	8.888305224766808454e-02	4.060976646519629668e-02	1.002686046981193652e-01
2.085078962085427065e+03	1.721097670775884603e-01	1.062634439858199803e-01	3.008474399370282826e-01	1.908737379506175447e-01	8.893123371597698446e-02	4.064324949652586144e-02	1.003311278359173137e-01
2.089916732299082469e+03	1.718790558656360101e-01	1.061028083123348870e-01	3.009952678577113017e-01	1.909738992023961024e-01	8.897913232220761026e-02	4.067655405560090254e-02	1.003932823835876065e-01
2.094754502512737417e+03	1.716497018840371092e-01	1.059431096533184208e-01	3.011422472509259207e-01	1.910734401079219602e-01	8.902674962427020722e-02	4.070968095241848245e-02	1.004550705265823407e-01
2.099592272726392821e+03	1.714216971820052837e-01	1.057843424954300615e-01	3.012883830912678196e-01	1.911723646239310015e-01	8.907408717258670505e-02	4.074263099580185954e-02	1.005164944384516756e-01
2.104430042940048224e+03	1.711950338553828721e-01	1.056265013580389017e-01	3.014336803216930427e-01	1.912706766800567060e-01	8.912114651011164568e-02	4.077540499334905005e-02	1.005775562808421536e-01
2.109267813153704083e+03	1.709697040463624973e-01	1.054695807930269014e-01	3.015781438537975534e-01	1.913683801790526939e-01	8.916792917235322191e-02	4.080800375138275010e-02	1.006382582034986983e-01
2.114105583367359031e+03	1.707456999432105937e-01	1.053135753845934469e-01	3.017217785680914033e-01	1.914654789970127169e-01	8.921443668739470478e-02	4.084042807490155524e-02	1.006986023442698885e-01
2.118943353581013525e+03	1.705230137799925716e-01	1.051584797490611317e-01	3.018645893142680170e-01	1.915619769835877062e-01	8.926067057591603737e-02	4.087267876753247764e-02	1.007585908291163262e-01
2.123781123794669384e+03	1.703016378362998684e-01	1.050042885346827437e-01	3.020065809114693689e-01	1.916578779621998241e-01	8.930663235121552579e-02	4.090475663148470525e-02	1.008182257721222386e-01
2.128618894008324787e+03	1.700815644369787771e-01	1.048509964214493773e-01	3.021477581485458308e-01	1.917531857302541276e-01	8.935232351923184935e-02	4.093666246750457538e-02	1.008775092755097441e-01
2.133456664221980191e+03	1.698627859518610228e-01	1.046985981208998912e-01	3.022881257843120228e-01	1.918479040593473739e-01	8.939774557856619563e-02	4.096839707483176940e-02	1.009364434296559920e-01
2.138294434435635139e+03	1.696452947954960877e-01	1.045470883759314074e-01	3.024276885477983345e-01	1.919420366954743551e-01	8.944290002050461763e-02	4.099996125115668022e-02	1.009950303131127436e-01
2.143132204649290543e+03	1.694290834268852575e-01	1.043964619606111005e-01	3.025664511384982824e-01	1.920355873592316243e-01	8.948778832904048797e-02	4.103135579257891769e-02	1.010532719926285211e-01
2.147969974862945492e+03	1.692141443492173880e-01	1.042467136799890420e-01	3.027044182266115935e-01	1.921285597460189454e-01	8.953241198089724462e-02	4.106258149356693116e-02	1.011111705231729774e-01
2.152807745076601350e+03	1.690004701096064488e-01	1.040978383699123211e-01	3.028415944532837911e-01	1.922209575262381065e-01	8.957677244555116436e-02	4.109363914691875619e-02	1.011687279479635271e-01
2.157645515290255844e+03	1.687880532988304261e-01	1.039498308968402479e-01	3.029779844308416181e-01	1.923127843454895958e-01	8.962087118525431662e-02	4.112452954372384367e-02	1.012259462984939906e-01
2.162483285503912157e+03	1.685768865510724746e-01	1.038026861576607091e-01	3.031135927430250177e-01	1.924040438247668627e-01	8.966470965505776713e-02	4.115525347332588818e-02	1.012828275945652917e-01
2.167321055717567106e+03	1.683669625436630957e-01	1.036563990795076745e-01	3.032484239452153951e-01	1.924947395606484146e-01	8.970828930283478164e-02	4.118581172328677348e-02	1.013393738443178760e-01
2.172158825931222509e+03	1.681582739968244811e-01	1.035109646195798011e-01	3.033824825646603274e-01	1.925848751254877478e-01	8.975161156930429318e-02	4.121620507935143396e-02	1.013955870442659751e-01
2.176996596144877003e+03	1.679508136734160217e-01	1.033663777649602572e-01	3.035157731006951631e-01	1.926744540676009199e-01	8.979467788805436945e-02	4.124643432541379162e-02	1.014514691793334811e-01
2.181834366358532861e+03	1.677445743786818433e-01	1.032226335324374772e-01	3.036483000249614039e-01	1.927634799114523734e-01	8.983748968556591608e-02	4.127650024348359509e-02	1.015070222228914437e-01
2.186672136572187810e+03	1.675395489599995902e-01	1.030797269683272205e-01	3.037800677816211992e-01	1.928519561578384833e-01	8.988004838123639373e-02	4.130640361365426477e-02	1.015622481367969010e-01
2.191509906785843214e+03	1.673357303066311252e-01	1.029376531482955742e-01	3.039110807875696207e-01	1.929398862840690787e-01	8.992235538740375733e-02	4.133614521407161235e-02	1.016171488714332771e-01
