1.238469174695752372e+03	2.426281771698994283e-01	1.559972277983478484e-01	2.545494655709494847e-01	1.577816390271864211e-01	7.498480227027513878e-02	3.127992781752626100e-02	8.277876034528858229e-02
1.243306944909407548e+03	2.419988004269534865e-01	1.555259710302074327e-01	2.550167838642292129e-01	1.581220760182257545e-01	7.510008679078522542e-02	3.135576055179159494e-02	8.288052131728047833e-02
1.248144715123063179e+03	2.413723743311642078e-01	1.550582682784032440e-01	2.554791040322679230e-01	1.584592884099721155e-01	7.521505009185233681e-02	3.143137772002071312e-02	8.298453713579267976e-02
1.252982485336718355e+03	2.407489238621602912e-01	1.545940565455006799e-01	2.559365547480698666e-01	1.587933363424285926e-01	7.532968441386403424e-02	3.150677612605418121e-02	8.309066796139553956e-02
1.257820255550373531e+03	2.401284714565381784e-01	1.541332755075071892e-01	2.563892596436530003e-01	1.591242779962415699e-01	7.544398235743625392e-02	3.158195269846626740e-02	8.319878033963078179e-02
1.262658025764028707e+03	2.395110371589087572e-01	1.536758673705782008e-01	2.568373375234996869e-01	1.594521696702884128e-01	7.555793686902478878e-02	3.165690448674794710e-02	8.330874692042547491e-02
1.267495795977684338e+03	2.388966387642995626e-01	1.532217767356988947e-01	2.572809025689207219e-01	1.597770658560546397e-01	7.567154122715252784e-02	3.173162865761646606e-02	8.342044618973042114e-02
1.272333566191339514e+03	2.382852919524066637e-01	1.527709504708925081e-01	2.577200645337159313e-01	1.600990193089334990e-01	7.578478902922437810e-02	3.180612249144702114e-02	8.353376221285324643e-02
1.277171336404994690e+03	2.376770104141618378e-01	1.523233375905332365e-01	2.581549289314982176e-01	1.604180811165757947e-01	7.589767417890333490e-02	3.188038337882209694e-02	8.364858438897869453e-02
1.282009106618650094e+03	2.370718059710549552e-01	1.518788891413632158e-01	2.585855972150352122e-01	1.607343007644119470e-01	7.601019087402259566e-02	3.195440881719439213e-02	8.376480721639088800e-02
1.286846876832305497e+03	2.364696886876248849e-01	1.514375580948374711e-01	2.590121669479447664e-01	1.610477261984642749e-01	7.612233359500944485e-02	3.202819640765929010e-02	8.388233006793310853e-02
1.291684647045960673e+03	2.358706669775094689e-01	1.509992992454415317e-01	2.594347319690689657e-01	1.613584038855613856e-01	7.623409709379803945e-02	3.210174385183287016e-02	8.400105697626095158e-02
1.296522417259616077e+03	2.352747477034230483e-01	1.505640691146459265e-01	2.598533825498363647e-01	1.616663788710634708e-01	7.634547638320916818e-02	3.217504894883185806e-02	8.412089642846337645e-02
1.301360187473271253e+03	2.346819362714076540e-01	1.501318258601815891e-01	2.602682055449094256e-01	1.619716948342014295e-01	7.645646672677604283e-02	3.224810959235183822e-02	8.424176116964526839e-02
1.306197957686926657e+03	2.340922367196856257e-01	1.497025291903375799e-01	2.606792845364022670e-01	1.622743941411293744e-01	7.656706362899622087e-02	3.232092376784022336e-02	8.436356801508207437e-02
1.311035727900581833e+03	2.335056518024215821e-01	1.492761402829993755e-01	2.610866999719413939e-01	1.625745178957855308e-01	7.667726282599068854e-02	3.239348954976065120e-02	8.448623767057419909e-02
1.315873498114237009e+03	2.329221830686847017e-01	1.488526217091623860e-01	2.614905292968305872e-01	1.628721059886530653e-01	7.678706027655197996e-02	3.246580509894561595e-02	8.460969456064507122e-02
1.320711268327892412e+03	2.323418309368851520e-01	1.484319373606694525e-01	2.618908470805706434e-01	1.631671971435083301e-01	7.689645215356390173e-02	3.253786866003414296e-02	8.473386666424169433e-02
1.325549038541547588e+03	2.317645947649432103e-01	1.480140523819360177e-01	2.622877251379737151e-01	1.634598289622401779e-01	7.700543483577662607e-02	3.260967855899153667e-02	8.485868535761202647e-02
1.330386808755202765e+03	2.311904729164344918e-01	1.475989331054399500e-01	2.626812326451016255e-01	1.637500379678209494e-01	7.711400489992124851e-02	3.268123320070833587e-02	8.498408526404672980e-02
1.335224578968857941e+03	2.306194628229413235e-01	1.471865469907648327e-01	2.630714362502490911e-01	1.640378596455063787e-01	7.722215911314875281e-02	3.275253106667565944e-02	8.511000411018727896e-02
1.340062349182513572e+03	2.300515610428263413e-01	1.467768625669986782e-01	2.634584001801822395e-01	1.643233284823381324e-01	7.732989442577928307e-02	3.282357071273425686e-02	8.523638258861440664e-02
1.344900119396168748e+03	2.294867633166327303e-01	1.463698493782998045e-01	2.638421863418341506e-01	1.646064780050199572e-01	7.743720796434783171e-02	3.289435076689469634e-02	8.536316422644414648e-02
1.349737889609823924e+03	2.289250646193033978e-01	1.459654779324533191e-01	2.642228544196519313e-01	1.648873408162353227e-01	7.754409702493354761e-02	3.296486992722615778e-02	8.549029525966973797e-02
1.354575659823479100e+03	2.283664592094008239e-01	1.455637196522510945e-01	2.646004619687789550e-01	1.651659486294715928e-01	7.765055906675995268e-02	3.303512695981152686e-02	8.561772451299951014e-02
1.359413430037134731e+03	2.278109406754984800e-01	1.451645468295374997e-01	2.649750645042516228e-01	1.654423323024133974e-01	7.775659170605443704e-02	3.310512069676632696e-02	8.574540328495174057e-02
1.364251200250789907e+03	2.272585019799051032e-01	1.447679325817722573e-01	2.653467155863794003e-01	1.657165218689645725e-01	7.786219271015556997e-02	3.317485003431940027e-02	8.587328523797718716e-02
1.369088970464445310e+03	2.267091354998739816e-01	1.443738508109700391e-01	2.657154669024712756e-01	1.659885465699565965e-01	7.796735999185755439e-02	3.324431393095310383e-02	8.600132629339092560e-02
1.373926740678100487e+03	2.261628330664408049e-01	1.439822761648842930e-01	2.660813683450646838e-01	1.662584348825976999e-01	7.807209160398127790e-02	3.331351140560104285e-02	8.612948453090366052e-02
1.378764510891755890e+03	2.256195860010250243e-01	1.435931840003100979e-01	2.664444680868062187e-01	1.665262145487159950e-01	7.817638573416246794e-02	3.338244153590121110e-02	8.625772009255240624e-02
1.383602281105411066e+03	2.250793851499224563e-01	1.432065503483884450e-01	2.668048126521271879e-01	1.667919126018467813e-01	7.828024069984708400e-02	3.345110345650275513e-02	8.638599509083880190e-02
1.388440051319066470e+03	2.245422209168089489e-01	1.428223518818000359e-01	2.671624469858505102e-01	1.670555553932122628e-01	7.838365494348548124e-02	3.351949635742447475e-02	8.651427352089176293e-02
1.393277821532721646e+03	2.240080832933692978e-01	1.424405658837440969e-01	2.675174145188610741e-01	1.673171686166403105e-01	7.848662702791640855e-02	3.358761948246322127e-02	8.664252117647909535e-02
1.398115591746377049e+03	2.234769618881570497e-01	1.420611702186023173e-01	2.678697572309640673e-01	1.675767773324663146e-01	7.858915563193283327e-02	3.365547212765057639e-02	8.677070556970034598e-02
1.402953361960032225e+03	2.229488459537871670e-01	1.416841433041947929e-01	2.682195157110524031e-01	1.678344059904610941e-01	7.869123954602171012e-02	3.372305363975606346e-02	8.689879585420033636e-02
1.407791132173687402e+03	2.224237244125557011e-01	1.413094640855391826e-01	2.685667292146978191e-01	1.680900784518252200e-01	7.879287766827036688e-02	3.379036341483538514e-02	8.702676275174994758e-02
1.412628902387342805e+03	2.219015858805767905e-01	1.409371120100300634e-01	2.689114357192761706e-01	1.683438180102890258e-01	7.889406900043216542e-02	3.385740089682212628e-02	8.715457848204734292e-02
1.417466672600997981e+03	2.213824186905205271e-01	1.405670670039592396e-01	2.692536719767326669e-01	1.685956474123558313e-01	7.899481264414492943e-02	3.392416557616139555e-02	8.728221669559906026e-02
1.422304442814653157e+03	2.208662109130326012e-01	1.401993094503030668e-01	2.695934735640878599e-01	1.688455888767240176e-01	7.909510779729533869e-02	3.399065698848405259e-02	8.740965240954670645e-02
1.427142213028308333e+03	2.203529503769095510e-01	1.398338201677061521e-01	2.699308749317813616e-01	1.690936641129222873e-01	7.919495375052339192e-02	3.405687471332012606e-02	8.753686194631078721e-02
1.431979983241963964e+03	2.198426246881014234e-01	1.394705803905957886e-01	2.702659094499455517e-01	1.693398943391914990e-01	7.929434988386073468e-02	3.412281837285011110e-02	8.766382287492860415e-02
1.436817753455619140e+03	2.193352212476083196e-01	1.391095717503639528e-01	2.705986094526987018e-01	1.695843002996437476e-01	7.939329566349744016e-02	3.418848763069287644e-02	8.779051395496866028e-02
1.441655523669274316e+03	2.188307272683334137e-01	1.387507762575581616e-01	2.709290062805422283e-01	1.698269022807299689e-01	7.949179063867166384e-02	3.425388219072889040e-02	8.791691508290928880e-02
1.446493293882929493e+03	2.183291297909527306e-01	1.383941762850254276e-01	2.712571303209429519e-01	1.700677201270440475e-01	7.958983443867706509e-02	3.431900179595771816e-02	8.804300724087366081e-02
1.451331064096585123e+03	2.178304156988566942e-01	1.380397545519564118e-01	2.715830110471785241e-01	1.703067732564917669e-01	7.968742676998316621e-02	3.438384622738854812e-02	8.816877244761844867e-02
1.456168834310240300e+03	2.173345717322170967e-01	1.376874941087804782e-01	2.719066770555209622e-01	1.705440806748510507e-01	7.978456741346368064e-02	3.444841530296265109e-02	8.829419371167766817e-02
1.461006604523895703e+03	2.168415845012287013e-01	1.373373783228643563e-01	2.722281561008289552e-01	1.707796609897485607e-01	7.988125622172861928e-02	3.451270887650682850e-02	8.841925498656758031e-02
1.465844374737550879e+03	2.163514404985729667e-01	1.369893908649704173e-01	2.725474751306177779e-01	1.710135324240777133e-01	7.997749311655565074e-02	3.457672683671668412e-02	8.854394112796248884e-02
1.470682144951206283e+03	2.158641261111474974e-01	1.366435156964324604e-01	2.728646603176718699e-01	1.712457128288807917e-01	8.007327808641670486e-02	3.464046910616884467e-02	8.866823785275548819e-02
1.475519915164861459e+03	2.153796276311040758e-01	1.362997370570096789e-01	2.731797370912630862e-01	1.714762196957181350e-01	8.016861118409575326e-02	3.470393564036111655e-02	8.879213169992171417e-02
1.480357685378516862e+03	2.148979312662332719e-01	1.359580394533816128e-01	2.734927301670340705e-01	1.717050701685452485e-01	8.026349252439425597e-02	3.476712642677976667e-02	8.891560999310527125e-02
1.485195455592172038e+03	2.144190231497342392e-01	1.356184076482483125e-01	2.738036635756043169e-01	1.719322810551187908e-01	8.035792228192048525e-02	3.483004148399292121e-02	8.903866080485450807e-02
1.490033225805827215e+03	2.139428893494034756e-01	1.352808266500035161e-01	2.741125606899535994e-01	1.721578688379509225e-01	8.045190068895928526e-02	3.489268086076932618e-02	8.916127292243353208e-02
1.494870996019482618e+03	2.134695158762764389e-01	1.349452817029481166e-01	2.744194442516362797e-01	1.723818496848308346e-01	8.054542803341910306e-02	3.495504463522167149e-02	8.928343581514117111e-02
1.499708766233137567e+03	2.129988886927529357e-01	1.346117582780154143e-01	2.747243363958756235e-01	1.726042394589317464e-01	8.063850465685307167e-02	3.501713291397358374e-02	8.940513960307119867e-02
1.504546536446793198e+03	2.125309937202353450e-01	1.342802420639794825e-01	2.750272586755866944e-01	1.728250537285202504e-01	8.073113095255120275e-02	3.507894583134961441e-02	8.952637502725104002e-02
1.509384306660448374e+03	2.120658168463081250e-01	1.339507189591201686e-01	2.753282320843739028e-01	1.730443077762847670e-01	8.082330736370073321e-02	3.514048354858755052e-02	8.964713342109839611e-02
1.514222076874103550e+03	2.116033439314838616e-01	1.336231750633203597e-01	2.756272770785477833e-01	1.732620166082990965e-01	8.091503438161193329e-02	3.520174625307217336e-02	8.976740668313834548e-02
1.519059847087758726e+03	2.111435608155413091e-01	1.332975966705712001e-01	2.759244135982026891e-01	1.734781949626360842e-01	8.100631254400682268e-02	3.526273415758995888e-02	8.988718725092555151e-02
1.523897617301414357e+03	2.106864533234781012e-01	1.329739702618632780e-01	2.762196610873954294e-01	1.736928573176459434e-01	8.109714243336801909e-02	3.532344749960394936e-02	9.000646807611888123e-02
1.528735387515069533e+03	2.102320072711005572e-01	1.326522824984429083e-01	2.765130385134648705e-01	1.739060178999131678e-01	8.118752467534576245e-02	3.538388654054822058e-02	9.012524260065810089e-02
1.533573157728724709e+03	2.097802084702707348e-01	1.323325202154131963e-01	2.768045643855282512e-01	1.741176906919055800e-01	8.127745993722029771e-02	3.544405156514134070e-02	9.024350473399418704e-02
1.538410927942380113e+03	2.093310427338307689e-01	1.320146704156615891e-01	2.770942567721899619e-01	1.743278894393278933e-01	8.136694892641790910e-02	3.550394288071818255e-02	9.036124883132724828e-02
1.543248698156035516e+03	2.088844958802225371e-01	1.316987202640956811e-01	2.773821333184973703e-01	1.745366276581925558e-01	8.145599238907806627e-02	3.556356081657958274e-02	9.047846967280781527e-02
1.548086468369690692e+03	2.084405537378200834e-01	1.313846570821708970e-01	2.776682112621748355e-01	1.747439186416191170e-01	8.154459110867005867e-02	3.562290572335927857e-02	9.059516244365935222e-02
1.552924238583346096e+03	2.079992021489913412e-01	1.310724683426941206e-01	2.779525074491686620e-01	1.749497754663736360e-01	8.163274590465675884e-02	3.568197797240754698e-02	9.071132271518161927e-02
1.557762008797001272e+03	2.075604269739045327e-01	1.307621416648880042e-01	2.782350383485308609e-01	1.751542109991587604e-01	8.172045763120419637e-02	3.574077795519114281e-02	9.082694642659623618e-02
1.562599779010656675e+03	2.071242140940935395e-01	1.304536648097023577e-01	2.785158200666716932e-01	1.753572379026649419e-01	8.180772717593468024e-02	3.579930608270892600e-02	9.094202986769756025e-02
1.567437549224311852e+03	2.066905494157964818e-01	1.301470256753589627e-01	2.787948683610075307e-01	1.755588686413923349e-01	8.189455545872208198e-02	3.585756278492280985e-02	9.105656966227348992e-02
1.572275319437967255e+03	2.062594188730799971e-01	1.298422122931168210e-01	2.790721986530300125e-01	1.757591154872532591e-01	8.198094343052757249e-02	3.591554851020348910e-02	9.117056275226258222e-02
1.577113089651622431e+03	2.058308084307616526e-01	1.295392128232469575e-01	2.793478260408215341e-01	1.759579905249638587e-01	8.206689207227416127e-02	3.597326372479058704e-02	9.128400638261498223e-02
1.581950859865277607e+03	2.054047040871421759e-01	1.292380155512043161e-01	2.796217653110413259e-01	1.761555056572340627e-01	8.215240239375883047e-02	3.603070891226665268e-02	9.139689808682645300e-02
1.586788630078933011e+03	2.049810918765580525e-01	1.289386088839868938e-01	2.798940309504041046e-01	1.763516726097635878e-01	8.223747543260048753e-02	3.608788457304482056e-02	9.150923567311586293e-02
1.591626400292587959e+03	2.045599578717651190e-01	1.286409813466717622e-01	2.801646371566741678e-01	1.765465029360526183e-01	8.232211225322265402e-02	3.614479122386952265e-02	9.162101721121800046e-02
1.596464170506243590e+03	2.041412881861623951e-01	1.283451215791185929e-01	2.804335978491947490e-01	1.767400080220341840e-01	8.240631394586943326e-02	3.620142939732996779e-02	9.173224101976451550e-02
1.601301940719898766e+03	2.037250689758656474e-01	1.280510183328315565e-01	2.807009266789737834e-01	1.769321990905358966e-01	8.249008162565360514e-02	3.625779964138604872e-02	9.184290565422736918e-02
1.606139710933553943e+03	2.033112864416392329e-01	1.277586604679711857e-01	2.809666370383439027e-01	1.771230872055778727e-01	8.257341643163555733e-02	3.631390251890619786e-02	9.195300989539992309e-02
1.610977481147209119e+03	2.028999268306942161e-01	1.274680369505081512e-01	2.812307420702168104e-01	1.773126832765135885e-01	8.265631952593194276e-02	3.636973860721698371e-02	9.206255273839220044e-02
1.615815251360864750e+03	2.024909764383605593e-01	1.271791368495115149e-01	2.814932546769470800e-01	1.775009980620201600e-01	8.273879209285299463e-02	3.642530849766403150e-02	9.217153338211753200e-02
1.620653021574519926e+03	2.020844216096405466e-01	1.268919493345640470e-01	2.817541875288246955e-01	1.776880421739438776e-01	8.282083533806744446e-02	3.648061279518396288e-02	9.227995121924922883e-02
1.625490791788175102e+03	2.016802487406502420e-01	1.266064636732979476e-01	2.820135530722107098e-01	1.778738260810074634e-01	8.290245048779394665e-02	3.653565211788706302e-02	9.238780582662638186e-02
1.630328562001830505e+03	2.012784442799554763e-01	1.263226692290447262e-01	2.822713635373319541e-01	1.780583601123839899e-01	8.298363878801814919e-02	3.659042709665028675e-02	9.249509695608919280e-02
1.635166332215485909e+03	2.008789947298084133e-01	1.260405554585927734e-01	2.825276309457492863e-01	1.782416544611434561e-01	8.306440150373439746e-02	3.664493837472047183e-02	9.260182452572497669e-02
1.640004102429141085e+03	2.004818866472905803e-01	1.257601119100473785e-01	2.827823671175139220e-01	1.784237191875767681e-01	8.314473991821126619e-02	3.669918660732734289e-02	9.270798861150655878e-02
1.644841872642796488e+03	2.000871066453673019e-01	1.254813282207875025e-01	2.830355836780246714e-01	1.786045642224022567e-01	8.322465533227997592e-02	3.675317246130604953e-02	9.281358943930603789e-02
1.649679642856451665e+03	1.996946413938592291e-01	1.252041941155142557e-01	2.832872920645994053e-01	1.787841993698596754e-01	8.330414906364493055e-02	3.680689661472903024e-02	9.291862737726729049e-02
1.654517413070107068e+03	1.993044776203353741e-01	1.249286994043861676e-01	2.835375035327726834e-01	1.789626343106957562e-01	8.338322244621555746e-02	3.686035975654693153e-02	9.302310292852142282e-02
1.659355183283762244e+03	1.989166021109321780e-01	1.246548339812368622e-01	2.837862291623319266e-01	1.791398786050460157e-01	8.346187682945872821e-02	3.691356258623826325e-02	9.312701672423000232e-02
1.664192953497417420e+03	1.985310017111032999e-01	1.243825878218705883e-01	2.840334798631025670e-01	1.793159416952170293e-01	8.354011357777103852e-02	3.696650581346767189e-02	9.323036951694180230e-02
1.669030723711072824e+03	1.981476633263037634e-01	1.241119509824317457e-01	2.842792663804937225e-01	1.794908329083729770e-01	8.361793406987018396e-02	3.701919015775247818e-02	9.333316217424915406e-02
1.673868493924728000e+03	1.977665739226122377e-01	1.238429135978443146e-01	2.845235993008145559e-01	1.796645614591301787e-01	8.369533969820484864e-02	3.707161634813736090e-02	9.343539567273059787e-02
1.678706264138383403e+03	1.973877205272953905e-01	1.235754658803176476e-01	2.847664890563705864e-01	1.798371364520637283e-01	8.377233186838241308e-02	3.712378512287690946e-02	9.353707109216737037e-02
1.683544034352038352e+03	1.970110902293175370e-01	1.233095981179152811e-01	2.850079459303503371e-01	1.800085668841294451e-01	8.384891199861393973e-02	3.717569722912580921e-02	9.363818961002164099e-02
1.688381804565693983e+03	1.966366701797985506e-01	1.230453006731832694e-01	2.852479800615106975e-01	1.801788616470043347e-01	8.392508151917570103e-02	3.722735342263654157e-02	9.373875249616479832e-02
1.693219574779349159e+03	1.962644475924235354e-01	1.227825639818349995e-01	2.854866014486699410e-01	1.803480295293491686e-01	8.400084187188687490e-02	3.727875446746434923e-02	9.383876110784498958e-02
1.698057344993004335e+03	1.958944097438066467e-01	1.225213785514897707e-01	2.857238199550163338e-01	1.805160792189961505e-01	8.407619450960265861e-02	3.732990113567925816e-02	9.393821688488306065e-02
1.702895115206659511e+03	1.955265439738120836e-01	1.222617349604620124e-01	2.859596453122407733e-01	1.806830193050643629e-01	8.415114089572248157e-02	3.738079420708501771e-02	9.403712134508715459e-02
1.707732885420315142e+03	1.951608376858345595e-01	1.220036238565989500e-01	2.861940871245007845e-01	1.808488582800062416e-01	8.422568250371260945e-02	3.743143446894475757e-02	9.413547607987599042e-02
1.712570655633970318e+03	1.947972783470417191e-01	1.217470359561638044e-01	2.864271548722230332e-01	1.810136045415874362e-01	8.429982081664290361e-02	3.748182271571316726e-02	9.423328275010181554e-02
1.717408425847625494e+03	1.944358534885808898e-01	1.214919620427625246e-01	2.866588579157512418e-01	1.811772663948030548e-01	8.437355732673694486e-02	3.753195974877506641e-02	9.433054308206413607e-02
1.722246196061280898e+03	1.940765507057520545e-01	1.212383929663116283e-01	2.868892054988464446e-01	1.813398520537323477e-01	8.444689353493545214e-02	3.758184637619019913e-02	9.442725886370574584e-02
1.727083966274936301e+03	1.937193576581493215e-01	1.209863196420452314e-01	2.871182067520454129e-01	1.815013696433344925e-01	8.451983095047224670e-02	3.763148341244403755e-02	9.452343194098310197e-02
1.731921736488591478e+03	1.933642620697724746e-01	1.207357330495589937e-01	2.873458706958843534e-01	1.816618272011877311e-01	8.459237109046251202e-02	3.768087167820457356e-02	9.461906421440319237e-02
1.736759506702246881e+03	1.930112517291106833e-01	1.204866242318894387e-01	2.875722062439922122e-01	1.818212326791741051e-01	8.466451547950291923e-02	3.773001200008475886e-02	9.471415763571969237e-02
1.741597276915902057e+03	1.926603144891999575e-01	1.202389842946267051e-01	2.877972222060602991e-01	1.819795939451117062e-01	8.473626564928327110e-02	3.777890521041062100e-02	9.480871420478119427e-02
1.746435047129557461e+03	1.923114382676558431e-01	1.199928044050589393e-01	2.880209272906935070e-01	1.821369187843366599e-01	8.480762313820915110e-02	3.782755214699483337e-02	9.490273596652484822e-02
1.751272817343212637e+03	1.919646110466829980e-01	1.197480757913470112e-01	2.882433301081470112e-01	1.822932149012366776e-01	8.487858949103548045e-02	3.787595365291560739e-02	9.499622500810901704e-02
1.756110587556867813e+03	1.916198208730630070e-01	1.195047897417278043e-01	2.884644391729550006e-01	1.824484899207380884e-01	8.494916625851042791e-02	3.792411057630080268e-02	9.508918345617868584e-02
1.760948357770523216e+03	1.912770558581216862e-01	1.192629376037446787e-01	2.886842629064549914e-01	1.826027513897481025e-01	8.501935499702938104e-02	3.797202377011710261e-02	9.518161347425783958e-02
1.765786127984178393e+03	1.909363041776775405e-01	1.190225107835040236e-01	2.889028096392124434e-01	1.827560067785538589e-01	8.508915726829870130e-02	3.801969409196413047e-02	9.527351726026306311e-02
1.770623898197833569e+03	1.905975540719717365e-01	1.187835007449561248e-01	2.891200876133500630e-01	1.829082634821803111e-01	8.515857463900908253e-02	3.806712240387341573e-02	9.536489704413306234e-02
1.775461668411488745e+03	1.902607938455816716e-01	1.185458990091997067e-01	2.893361049847856248e-01	1.830595288217078953e-01	8.522760868051787453e-02	3.811430957211203729e-02	9.545575508556894406e-02
1.780299438625144376e+03	1.899260118673186393e-01	1.183096971538084852e-01	2.895508698253826951e-01	1.832098100455521184e-01	8.529626096854053818e-02	3.816125646699092960e-02	9.554609367188038327e-02
1.785137208838799552e+03	1.895931965701105060e-01	1.180748868121791334e-01	2.897643901250172571e-01	1.833591143307061189e-01	8.536453308285052444e-02	3.820796396267757411e-02	9.563591511593268202e-02
1.789974979052454728e+03	1.892623364508708994e-01	1.178414596728990932e-01	2.899766737935646210e-01	1.835074487839475910e-01	8.543242660698767421e-02	3.825443293701318026e-02	9.572522175419080626e-02
1.794812749266109904e+03	1.889334200703551014e-01	1.176094074791337596e-01	2.901877286628092856e-01	1.836548204430115128e-01	8.549994312797466745e-02	3.830066427133408530e-02	9.581401594485547402e-02
1.799650519479765535e+03	1.886064360530040895e-01	1.173787220280318594e-01	2.903975624882816353e-01	1.838012362777301234e-01	8.556708423604134084e-02	3.834665885029733823e-02	9.590230006608753410e-02
1.804488289693420711e+03	1.882813730867770874e-01	1.171493951701481212e-01	2.906061829510241945e-01	1.839467031911408146e-01	8.563385152435670777e-02	3.839241756171033609e-02	9.599007651431668009e-02
1.809326059907075887e+03	1.879582199229735684e-01	1.169214188088825851e-01	2.908135976592907124e-01	1.840912280205637130e-01	8.570024658876826407e-02	3.843794129636450563e-02	9.607734770263065549e-02
1.814163830120731291e+03	1.876369653760454614e-01	1.166947848999355525e-01	2.910198141501805780e-01	1.842348175386496201e-01	8.576627102754869059e-02	3.848323094787280824e-02	9.616411605924131412e-02
1.819001600334386467e+03	1.873175983234000863e-01	1.164694854507777183e-01	2.912248398912117286e-01	1.843774784543997791e-01	8.583192644114932823e-02	3.852828741251107525e-02	9.625038402602432985e-02
1.823839370548041643e+03	1.870001077051945404e-01	1.162455125201344169e-01	2.914286822818343836e-01	1.845192174141580821e-01	8.589721443196056405e-02	3.857311158906303467e-02	9.633615405712900315e-02
1.828677140761696819e+03	1.866844825241220085e-01	1.160228582174836071e-01	2.916313486548882672e-01	1.846600410025770744e-01	8.596213660407879542e-02	3.861770437866899469e-02	9.642142861765520823e-02
1.833514910975352450e+03	1.863707118451908562e-01	1.158015147025669017e-01	2.918328462780055976e-01	1.847999557435584528e-01	8.602669456307975027e-02	3.866206668467802449e-02	9.650621018239434468e-02
1.838352681189008081e+03	1.860587847954964791e-01	1.155814741849129218e-01	2.920331823549622841e-01	1.849389681011691100e-01	8.609088991579802452e-02	3.870619941250361129e-02	9.659050123463161497e-02
1.843190451402663257e+03	1.857486905639870456e-01	1.153627289233725983e-01	2.922323640269788858e-01	1.850770844805333937e-01	8.615472427011273970e-02	3.875010346948273843e-02	9.667430426500663032e-02
1.848028221616318433e+03	1.854404184012231616e-01	1.151452712256656602e-01	2.924303983739751644e-01	1.852143112287029103e-01	8.621819923473897362e-02	3.879377976473816214e-02	9.675762177042998569e-02
1.852865991829973609e+03	1.851339576191320668e-01	1.149290934479380577e-01	2.926272924157778399e-01	1.853506546355039586e-01	8.628131641902492266e-02	3.883722920904404685e-02	9.684045625305309768e-02
1.857703762043628785e+03	1.848292975907567526e-01	1.147141879943295584e-01	2.928230531132853809e-01	1.854861209343639517e-01	8.634407743275468450e-02	3.888045271469465353e-02	9.692281021928900175e-02
1.862541532257283961e+03	1.845264277500001660e-01	1.145005473165512516e-01	2.930176873695907180e-01	1.856207163031174667e-01	8.640648388595630058e-02	3.892345119537618525e-02	9.700468617888181877e-02
1.867379302470939592e+03	1.842253375913656399e-01	1.142881639134725735e-01	2.932112020310640998e-01	1.857544468647921720e-01	8.646853738871514150e-02	3.896622556604158183e-02	9.708608664402269828e-02
1.872217072684594768e+03	1.839260166696926324e-01	1.140770303307171718e-01	2.934036038883972575e-01	1.858873186883759909e-01	8.653023955099241327e-02	3.900877674278831198e-02	9.716701412851012909e-02
1.877054842898249490e+03	1.836284545998894402e-01	1.138671391602675276e-01	2.935948996776110986e-01	1.860193377895656974e-01	8.659159198244852085e-02	3.905110564273903823e-02	9.724747114695261874e-02
1.881892613111905121e+03	1.833326410566621378e-01	1.136584830400776680e-01	2.937850960810280965e-01	1.861505101314977761e-01	8.665259629227137217e-02	3.909321318392508515e-02	9.732746021401179892e-02
1.886730383325560297e+03	1.830385657742407413e-01	1.134510546536939973e-01	2.939741997282109276e-01	1.862808416254620181e-01	8.671325408900927567e-02	3.913510028517266925e-02	9.740698384368427776e-02
1.891568153539215928e+03	1.827462185461024013e-01	1.132448467298834832e-01	2.941622171968688582e-01	1.864103381315985741e-01	8.677356698040852856e-02	3.917676786599184197e-02	9.748604454862026814e-02
1.896405923752871104e+03	1.824555892246922661e-01	1.130398520422691566e-01	2.943491550137327106e-01	1.865390054595788827e-01	8.683353657325536268e-02	3.921821684646804168e-02	9.756464483947750732e-02
1.901243693966526507e+03	1.821666677211419560e-01	1.128360634089726339e-01	2.945350196554010203e-01	1.866668493692710540e-01	8.689316447322226189e-02	3.925944814715624787e-02	9.764278722430878854e-02
1.906081464180181683e+03	1.818794440049860128e-01	1.126334736922631474e-01	2.947198175491567151e-01	1.867938755713903776e-01	8.695245228471849830e-02	3.930046268897766787e-02	9.772047420798157802e-02
1.910919234393836859e+03	1.815939081038765723e-01	1.124320757982130714e-01	2.949035550737573730e-01	1.869200897281351748e-01	8.701140161074476242e-02	3.934126139311881071e-02	9.779770829162831580e-02
1.915757004607492036e+03	1.813100501032963163e-01	1.122318626763595395e-01	2.950862385601987214e-01	1.870454974538087178e-01	8.707001405275183181e-02	3.938184518093310743e-02	9.787449197212588770e-02
1.920594774821147894e+03	1.810278601462702586e-01	1.120328273193719887e-01	2.952678742924534916e-01	1.871701043154273547e-01	8.712829121050309766e-02	3.942221497384477275e-02	9.795082774160315808e-02
1.925432545034802843e+03	1.807473284330757546e-01	1.118349627627252957e-01	2.954484685081861794e-01	1.872939158333158938e-01	8.718623468194090786e-02	3.946237169325504668e-02	9.802671808697503708e-02
1.930270315248458019e+03	1.804684452209521228e-01	1.116382620843783952e-01	2.956280273994445484e-01	1.874169374816897771e-01	8.724384606305661538e-02	3.950231626045066363e-02	9.810216548950198567e-02
1.935108085462113195e+03	1.801912008238087948e-01	1.114427184044580743e-01	2.958065571133292049e-01	1.875391746892253741e-01	8.730112694776424875e-02	3.954204959651456269e-02	9.817717242437383474e-02
1.939945855675768371e+03	1.799155856119329655e-01	1.112483248849478745e-01	2.959840637526421903e-01	1.876606328396179246e-01	8.735807892777763817e-02	3.958157262223874207e-02	9.825174136031677996e-02
1.944783625889424002e+03	1.796415900116966058e-01	1.110550747293816837e-01	2.961605533765147569e-01	1.877813172721283508e-01	8.741470359249106648e-02	3.962088625803920905e-02	9.832587475922245634e-02
1.949621396103079178e+03	1.793692045052628359e-01	1.108629611825421718e-01	2.963360320010163806e-01	1.879012332821185516e-01	8.747100252886315375e-02	3.965999142387307413e-02	9.839957507579799589e-02
1.954459166316734354e+03	1.790984196302921327e-01	1.106719775301635983e-01	2.965105055997444561e-01	1.880203861215759553e-01	8.752697732130404473e-02	3.969888903915761574e-02	9.847284475723640240e-02
1.959296936530389530e+03	1.788292259796481209e-01	1.104821170986389489e-01	2.966839801043964497e-01	1.881387809996276084e-01	8.758262955156587148e-02	3.973758002269132256e-02	9.854568624290595269e-02
1.964134706744044706e+03	1.785616142011033636e-01	1.102933732547312362e-01	2.968564614053246231e-01	1.882564230830440499e-01	8.763796079863610256e-02	3.977606529257692730e-02	9.861810196405798590e-02
1.968972476957700337e+03	1.782955749970451254e-01	1.101057394052889077e-01	2.970279553520746019e-01	1.883733174967331669e-01	8.769297263863411185e-02	3.981434576614633486e-02	9.869009434355208166e-02
1.973810247171355968e+03	1.780310991241809415e-01	1.099192089969650288e-01	2.971984677539077913e-01	1.884894693242246677e-01	8.774766664471056465e-02	3.985242235988737530e-02	9.876166579559797487e-02
1.978648017385010689e+03	1.777681773932447140e-01	1.097337755159402961e-01	2.973680043803088036e-01	1.886048836081451463e-01	8.780204438694977354e-02	3.989029598937240267e-02	9.883281872551326341e-02
1.983485787598666320e+03	1.775068006687028077e-01	1.095494324876496589e-01	2.975365709614781751e-01	1.887195653506840431e-01	8.785610743227477426e-02	3.992796756918867013e-02	9.890355552949632589e-02
1.988323557812321269e+03	1.772469598684605352e-01	1.093661734765123544e-01	2.977041731888112053e-01	1.888335195140509182e-01	8.790985734435520504e-02	3.996543801287052305e-02	9.897387859441364455e-02
1.993161328025976900e+03	1.769886459635691411e-01	1.091839920856654961e-01	2.978708167153634734e-01	1.889467510209243695e-01	8.796329568351780870e-02	4.000270823283318122e-02	9.904379029760085329e-02
1.997999098239632076e+03	1.767318499779330920e-01	1.090028819567008256e-01	2.980365071563031987e-01	1.890592647548923755e-01	8.801642400665961319e-02	4.003977914030828339e-02	9.911329300667698350e-02
2.002836868453287707e+03	1.764765629880179765e-01	1.088228367694046989e-01	2.982012500893512219e-01	1.891710655608847269e-01	8.806924386716356856e-02	4.007665164528104174e-02	9.918238907937117210e-02
2.007674638666942428e+03	1.762227761225590439e-01	1.086438502415010554e-01	2.983650510552095514e-01	1.892821582455978535e-01	8.812175681481673739e-02	4.011332665642901307e-02	9.925108086336123514e-02
2.012512408880597604e+03	1.759704805622704094e-01	1.084659161283975382e-01	2.985279155579778632e-01	1.893925475779117962e-01	8.817396439573081668e-02	4.014980508106244517e-02	9.931937069612367663e-02
2.017350179094252780e+03	1.757196675395548691e-01	1.082890282229343748e-01	2.986898490655596206e-01	1.895022382892999624e-01	8.822586815226514390e-02	4.018608782506615656e-02	9.938726090479446662e-02
2.022187949307908411e+03	1.754703283382146317e-01	1.081131803551360626e-01	2.988508570100571471e-01	1.896112350742316932e-01	8.827746962295196509e-02	4.022217579284290828e-02	9.945475380604013038e-02
2.027025719521564042e+03	1.752224542931627438e-01	1.079383663919659397e-01	2.990109447881570404e-01	1.897195425905678356e-01	8.832877034242397896e-02	4.025806988725828817e-02	9.952185170593870478e-02
2.031863489735218764e+03	1.749760367901353475e-01	1.077645802370831990e-01	2.991701177615054830e-01	1.898271654599495151e-01	8.837977184134397646e-02	4.029377100958699692e-02	9.958855689986996496e-02
2.036701259948874394e+03	1.747310672654050767e-01	1.075918158306025940e-01	2.993283812570743940e-01	1.899341082681803849e-01	8.843047564633681190e-02	4.032928005946062600e-02	9.965487167241458832e-02
2.041539030162529116e+03	1.744875372054951190e-01	1.074200671488566988e-01	2.994857405675185880e-01	1.900403755656023264e-01	8.848088327992333080e-02	4.036459793481671221e-02	9.972079829726172850e-02
2.046376800376184747e+03	1.742454381468943325e-01	1.072493282041604018e-01	2.996422009515240514e-01	1.901459718674651522e-01	8.853099626045643489e-02	4.039972553184926346e-02	9.978633903712488817e-02
2.051214570589840150e+03	1.740047616757734728e-01	1.070795930445780503e-01	2.997977676341483377e-01	1.902509016542899001e-01	8.858081610205909007e-02	4.043466374496051952e-02	9.985149614366510551e-02
2.056052340803495554e+03	1.737654994277023357e-01	1.069108557536926907e-01	2.999524458071528010e-01	1.903551693722263516e-01	8.863034431456438822e-02	4.046941346671407980e-02	9.991627185742178729e-02
2.060890111017150957e+03	1.735276430873681219e-01	1.067431104503776401e-01	3.001062406293267260e-01	1.904587794334048900e-01	8.867958240345744092e-02	4.050397558778929402e-02	9.998066840775030051e-02
2.065727881230805451e+03	1.732911843882946334e-01	1.065763512885702785e-01	3.002591572268049069e-01	1.905617362162825013e-01	8.872853186981909113e-02	4.053835099693688798e-02	1.000446880127662114e-01
2.070565651444461309e+03	1.730561151125629138e-01	1.064105724570479500e-01	3.004112006933769563e-01	1.906640440659833902e-01	8.877719421027165103e-02	4.057254058093581750e-02	1.001083328792958388e-01
2.075403421658116713e+03	1.728224270905328042e-01	1.062457681792059322e-01	3.005623760907910613e-01	1.907657072946344345e-01	8.882557091692626361e-02	4.060654522455131588e-02	1.001716052028327752e-01
2.080241191871772116e+03	1.725901122005658317e-01	1.060819327128375289e-01	3.007126884490499696e-01	1.908667301816950046e-01	8.887366347733198502e-02	4.064036581049414176e-02	1.002345071675001115e-01
2.085078962085427065e+03	1.723591623687490693e-01	1.059190603499160915e-01	3.008621427667017012e-01	1.909671169742821195e-01	8.892147337442671273e-02	4.067400321938094421e-02	1.002970409460180179e-01
2.089916732299082469e+03	1.721295695686203553e-01	1.057571454163789698e-01	3.010107440111229882e-01	1.910668718874903582e-01	8.896900208648970965e-02	4.070745832969577954e-02	1.003592086996764887e-01
2.094754502512737417e+03	1.719013258208948736e-01	1.055961822719134885e-01	3.011584971187977744e-01	1.911659991047070239e-01	8.901625108709571021e-02	4.074073201775272463e-02	1.004210125783129987e-01
2.099592272726392821e+03	1.716744231931925935e-01	1.054361653097446311e-01	3.013054069955897751e-01	1.912645027779226736e-01	8.906322184507069195e-02	4.077382515765955173e-02	1.004824547202946700e-01
2.104430042940048224e+03	1.714488537997672923e-01	1.052770889564246803e-01	3.014514785170090971e-01	1.913623870280367900e-01	8.910991582444917347e-02	4.080673862128249285e-02	1.005435372525050192e-01
2.109267813153704083e+03	1.712246098012366602e-01	1.051189476716246213e-01	3.015967165284742513e-01	1.914596559451592350e-01	8.915633448443301134e-02	4.083947327821203094e-02	1.006042622903347006e-01
2.114105583367359031e+03	1.710016834043137923e-01	1.049617359479272094e-01	3.017411258455687251e-01	1.915563135889070401e-01	8.920247927935175125e-02	4.087202999572966261e-02	1.006646319376762883e-01
2.118943353581013525e+03	1.707800668615399586e-01	1.048054483106218571e-01	3.018847112542925593e-01	1.916523639886971442e-01	8.924835165862435304e-02	4.090440963877575720e-02	1.007246482869228466e-01
2.123781123794669384e+03	1.705597524710184554e-01	1.046500793175011990e-01	3.020274775113094834e-01	1.917478111440347466e-01	8.929395306672240074e-02	4.093661306991826926e-02	1.007843134189699563e-01
2.128618894008324787e+03	1.703407325761501223e-01	1.044956235586592258e-01	3.021694293441892776e-01	1.918426590247974406e-01	8.933928494313461699e-02	4.096864114932249890e-02	1.008436294032212521e-01
2.133456664221980191e+03	1.701229995653699700e-01	1.043420756562911667e-01	3.023105714516458042e-01	1.919369115715157670e-01	8.938434872233290418e-02	4.100049473472174716e-02	1.009025982975970404e-01
2.138294434435635139e+03	1.699065458718849175e-01	1.041894302644948422e-01	3.024509085037708211e-01	1.920305726956493819e-01	8.942914583373950954e-02	4.103217468138888047e-02	1.009612221485459982e-01
2.143132204649290543e+03	1.696913639734133616e-01	1.040376820690736698e-01	3.025904451422636865e-01	1.921236462798595612e-01	8.947367770169557810e-02	4.106368184210880401e-02	1.010195029910597175e-01
2.147969974862945492e+03	1.694774463919255514e-01	1.038868257873410833e-01	3.027291859806567897e-01	1.922161361782780686e-01	8.951794574543105176e-02	4.109501706715181640e-02	1.010774428486900245e-01
2.152807745076601350e+03	1.692647856933857109e-01	1.037368561679266887e-01	3.028671356045375407e-01	1.923080462167721660e-01	8.956195137903569248e-02	4.112618120424781087e-02	1.011350437335687691e-01
2.157645515290255844e+03	1.690533744874951616e-01	1.035877679905836679e-01	3.030042985717666948e-01	1.923993801932060710e-01	8.960569601143132668e-02	4.115717509856135770e-02	1.011923076464300991e-01
2.162483285503912157e+03	1.688432054274370819e-01	1.034395560659977648e-01	3.031406794126927373e-01	1.924901418776988615e-01	8.964918104634538032e-02	4.118799959266752908e-02	1.012492365766350377e-01
2.167321055717567106e+03	1.686342712096223495e-01	1.032922152355977147e-01	3.032762826303628811e-01	1.925803350128791336e-01	8.969240788228545480e-02	4.121865552652864695e-02	1.013058325021981981e-01
2.172158825931222509e+03	1.684265645734368266e-01	1.031457403713670340e-01	3.034111127007311781e-01	1.926699633141359946e-01	8.973537791251509632e-02	4.124914373747171070e-02	1.013620973898165106e-01
2.176996596144877003e+03	1.682200783009902001e-01	1.030001263756572111e-01	3.035451740728626890e-01	1.927590304698669210e-01	8.977809252503067550e-02	4.127946506016667155e-02	1.014180331948999619e-01
2.181834366358532861e+03	1.680148052168657369e-01	1.028553681810023407e-01	3.036784711691351002e-01	1.928475401417223678e-01	8.982055310253933555e-02	4.130962032660542155e-02	1.014736418616040414e-01
2.186672136572187810e+03	1.678107381878717053e-01	1.027114607499350352e-01	3.038110083854369536e-01	1.929354959648471035e-01	8.986276102243798136e-02	4.133961036608160139e-02	1.015289253228640193e-01
2.191509906785843214e+03	1.676078701227940726e-01	1.025683990748036539e-01	3.039427900913629910e-01	1.930229015481185750e-01	8.990471765679335092e-02	4.136943600517103276e-02	1.015838855004307234e-01
2.196347676999498617e+03	1.674061939721505632e-01	1.024261781775909624e-01	3.040738206304068325e-01	1.931097604743821083e-01	8.994642437232309995e-02	4.139909806771292777e-02	1.016385243049079262e-01
2.201185447213154021e+03	1.672057027279458818e-01	1.022847931097339430e-01	3.042041043201507700e-01	1.931960763006831672e-01	8.998788253037776075e-02	4.142859737479179238e-02	1.016928436357910637e-01
