1.243306944909407548e+03	2.418299492618604107e-01	1.557852344914756326e-01	2.548943987084280605e-01	1.578690595196805269e-01	7.524715737939385862e-02	3.134625397618584497e-02	8.302794666244690813e-02
1.248144715123063179e+03	2.412171673300507191e-01	1.553040565882735369e-01	2.553658610838531184e-01	1.582133946816794423e-01	7.535639682849337717e-02	3.142497160618226010e-02	8.311815188093871209e-02
1.252982485336718355e+03	2.406065290654934574e-01	1.548271212423861232e-01	2.558317752031603054e-01	1.585543403157801956e-01	7.546547866799661886e-02	3.150324032236025834e-02	8.321151518229424893e-02
1.257820255550373531e+03	2.399981049762464069e-01	1.543543250784275012e-01	2.562923111031181200e-01	1.588919648954034702e-01	7.557439024517667581e-02	3.158107128406947850e-02	8.330783241702953423e-02
1.262658025764028707e+03	2.393919604289088121e-01	1.538855697236384545e-01	2.567476310682739737e-01	1.592263344098949485e-01	7.568311944816348558e-02	3.165847498684103839e-02	8.340690993375041162e-02
1.267495795977684338e+03	2.387881559479815285e-01	1.534207615308243733e-01	2.571978900089728626e-01	1.595575124759289198e-01	7.579165468312135112e-02	3.173546129953636746e-02	8.350856405310574937e-02
1.272333566191339514e+03	2.381867474981151367e-01	1.529598113169319262e-01	2.576432358207924600e-01	1.598855604436189570e-01	7.589998485249305205e-02	3.181203949954990173e-02	8.361262056796973929e-02
1.277171336404994690e+03	2.375877867502240726e-01	1.525026341163780996e-01	2.580838097263071229e-01	1.602105374975910101e-01	7.600809933425745069e-02	3.188821830616478392e-02	8.371891426854864704e-02
1.282009106618650094e+03	2.369913213323888712e-01	1.520491489482942160e-01	2.585197466000486166e-01	1.605325007532615589e-01	7.611598796215048035e-02	3.196400591215562553e-02	8.382728849117179748e-02
1.286846876832305497e+03	2.363973950664157164e-01	1.515992785968964252e-01	2.589511752774892317e-01	1.608515053485518320e-01	7.622364100680162347e-02	3.203941001372776626e-02	8.393759468958854331e-02
1.291684647045960673e+03	2.358060481908731132e-01	1.511529494042383737e-01	2.593782188488321649e-01	1.611676045312581684e-01	7.633104915774065191e-02	3.211443783887776848e-02	8.404969202765094627e-02
1.296522417259616077e+03	2.352173175713777320e-01	1.507100910746445588e-01	2.598009949383554007e-01	1.614808497422877687e-01	7.643820350623165005e-02	3.218909617425592951e-02	8.416344699231816107e-02
1.301360187473271253e+03	2.346312368988585084e-01	1.502706364901619240e-01	2.602196159700204126e-01	1.617912906949587337e-01	7.654509552889354751e-02	3.226339139060717398e-02	8.427873302597088667e-02
1.306197957686926657e+03	2.340478368764853101e-01	1.498345215364057514e-01	2.606341894200193687e-01	1.620989754505545444e-01	7.665171707206841489e-02	3.233732946686310172e-02	8.439543017707469563e-02
1.311035727900581833e+03	2.334671453959094589e-01	1.494016849382113210e-01	2.610448180569037158e-01	1.624039504903129760e-01	7.675806033690087127e-02	3.241091601295414265e-02	8.451342476827866657e-02
1.315873498114237009e+03	2.328891877034270641e-01	1.489720681045352824e-01	2.614516001699050962e-01	1.627062607840213115e-01	7.686411786509353417e-02	3.248415629140740529e-02	8.463260908108144465e-02
1.320711268327892412e+03	2.323139865566400952e-01	1.485456149820836291e-01	2.618546297860286365e-01	1.630059498553812491e-01	7.696988252530563568e-02	3.255705523779243299e-02	8.475288105623957069e-02
1.325549038541547588e+03	2.317415623721579832e-01	1.481222719171718105e-01	2.622539968764711071e-01	1.633030598442990478e-01	7.707534750016323266e-02	3.262961748007386920e-02	8.487414400913426138e-02
1.330386808755202765e+03	2.311719333648512842e-01	1.477019875253513248e-01	2.626497875528896464e-01	1.635976315662490133e-01	7.718050627385120155e-02	3.270184735692727857e-02	8.499630635935159773e-02
1.335224578968857941e+03	2.306051156791397161e-01	1.472847125683629521e-01	2.630420842540194815e-01	1.638897045688510745e-01	7.728535262025876262e-02	3.277374893507128267e-02	8.511928137376811865e-02
1.340062349182513572e+03	2.300411235127690635e-01	1.468703998380025133e-01	2.634309659231161560e-01	1.641793171857963696e-01	7.738988059165156919e-02	3.284532602566664350e-02	8.524298692246910780e-02
1.344900119396168748e+03	2.294799692335059982e-01	1.464590040465075516e-01	2.638165081766735698e-01	1.644665065882488508e-01	7.749408450784488200e-02	3.291658219983027017e-02	8.536734524686034886e-02
1.349737889609823924e+03	2.289216634891546864e-01	1.460504817230965924e-01	2.641987834648475975e-01	1.647513088338437293e-01	7.759795894585355680e-02	3.298752080330981384e-02	8.549228273936554379e-02
1.354575659823479100e+03	2.283662153112763493e-01	1.456447911163130104e-01	2.645778612239929051e-01	1.650337589133989979e-01	7.770149872999591867e-02	3.305814497036205224e-02	8.561772973413234178e-02
1.359413430037134731e+03	2.278136322129714064e-01	1.452418921018451270e-01	2.649538080217019309e-01	1.653138907954490866e-01	7.780469892242945773e-02	3.312845763687626011e-02	8.574362030819829283e-02
1.364251200250789907e+03	2.272639202810624315e-01	1.448417460955133129e-01	2.653266876947148467e-01	1.655917374687061738e-01	7.790755481409789018e-02	3.319846155278147887e-02	8.586989209259540679e-02
1.369088970464445310e+03	2.267170842629977201e-01	1.444443159711318037e-01	2.656965614800516629e-01	1.658673309825480224e-01	7.801006191606964235e-02	3.326815929377484327e-02	8.599648609289785306e-02
1.373926740678100487e+03	2.261731276487768116e-01	1.440495659829699737e-01	2.660634881396998774e-01	1.661407024856276227e-01	7.811221595124911987e-02	3.333755327240599253e-02	8.612334651874219149e-02
1.378764510891755890e+03	2.256320527481812388e-01	1.436574616925533621e-01	2.664275240791759147e-01	1.664118822626943495e-01	7.821401284644298457e-02	3.340664574855109481e-02	8.625042062187265879e-02
1.383602281105411066e+03	2.250938607635789568e-01	1.432679698995593387e-01	2.667887234602613900e-01	1.666808997697126205e-01	7.831544872476456365e-02	3.347543883930806374e-02	8.637765854228668383e-02
1.388440051319066470e+03	2.245585518585547224e-01	1.428810585765759589e-01	2.671471383082011375e-01	1.669477836673599891e-01	7.841651989836029291e-02	3.354393452834310979e-02	8.650501316207639957e-02
1.393277821532721646e+03	2.240261252226040389e-01	1.424966968075063456e-01	2.675028186136363950e-01	1.672125618529817781e-01	7.851722286144306728e-02	3.361213467471717287e-02	8.663243996658272217e-02
1.398115591746377049e+03	2.234965791321157358e-01	1.421148547294125986e-01	2.678558124295323251e-01	1.674752614910767490e-01	7.861755428361788534e-02	3.368004102121930493e-02	8.675989691249685887e-02
1.402953361960032225e+03	2.229699110078543767e-01	1.417355034776053013e-01	2.682061659633460105e-01	1.677359090423836963e-01	7.871751100348610419e-02	3.374765520223280135e-02	8.688734430256313257e-02
1.407791132173687402e+03	2.224461174691423071e-01	1.413586151337954400e-01	2.685539236646701799e-01	1.679945302916363847e-01	7.881709002251521823e-02	3.381497875115840185e-02	8.701474466655351181e-02
1.412628902387342805e+03	2.219251943849291364e-01	1.409841626771363154e-01	2.688991283085751527e-01	1.682511503740501124e-01	7.891628849916182409e-02	3.388201310741786182e-02	8.714206264820104075e-02
1.417466672600997981e+03	2.214071369219265950e-01	1.406121199379919973e-01	2.692418210748614982e-01	1.685057938006008227e-01	7.901510374323582331e-02	3.394875962305976547e-02	8.726926489779490703e-02
1.422304442814653157e+03	2.208919395899755778e-01	1.402424615542792186e-01	2.695820416234245287e-01	1.687584844821542751e-01	7.911353321049469089e-02	3.401521956898857779e-02	8.739631997015463727e-02
1.427142213028308333e+03	2.203795962848033307e-01	1.398751629302373012e-01	2.699198281659218601e-01	1.690092457525002867e-01	7.921157449745730439e-02	3.408139414083665580e-02	8.752319822771477409e-02
1.431979983241963964e+03	2.198701003283197175e-01	1.395102001974896089e-01	2.702552175339276164e-01	1.692581003903442516e-01	7.930922533642698058e-02	3.414728446449806498e-02	8.764987174846526619e-02
1.436817753455619140e+03	2.193634445065922867e-01	1.391475501782671598e-01	2.705882452437453067e-01	1.695050706403057328e-01	7.940648359071413032e-02	3.421289160134204782e-02	8.777631423850486281e-02
1.441655523669274316e+03	2.188596211056330065e-01	1.387871903506728566e-01	2.709189455580441885e-01	1.697501782329711162e-01	7.950334725004964964e-02	3.427821655312306842e-02	8.790250094897762712e-02
1.446493293882929493e+03	2.183586219451210120e-01	1.384290988158715652e-01	2.712473515444764893e-01	1.699934444040458181e-01	7.959981442617983238e-02	3.434326026660349668e-02	8.802840859717334099e-02
1.451331064096585123e+03	2.178604384101790192e-01	1.380732542670973229e-01	2.715734951314233148e-01	1.702348899126485682e-01	7.969588334863500489e-02	3.440802363790419760e-02	8.815401529158410632e-02
1.456168834310240300e+03	2.173650614813144033e-01	1.377196359603759523e-01	2.718974071610117393e-01	1.704745350587886232e-01	7.979155236066380608e-02	3.447250751659745871e-02	8.827930046071955084e-02
1.461006604523895703e+03	2.168724817626295209e-01	1.373682236868660478e-01	2.722191174395366953e-01	1.707123997000646876e-01	7.988681991532556315e-02	3.453671270955602224e-02	8.840424478549299692e-02
1.465844374737550879e+03	2.163826895083996726e-01	1.370189977467277109e-01	2.725386547854166674e-01	1.709485032676225369e-01	7.998168457173378265e-02	3.460063998457121870e-02	8.852883013499995846e-02
1.470682144951206283e+03	2.158956746481119904e-01	1.366719389244331617e-01	2.728560470748035982e-01	1.711828647814063742e-01	8.007614499144390108e-02	3.466429007375256000e-02	8.865303950551989276e-02
1.475519915164861459e+03	2.154114268100527640e-01	1.363270284654379272e-01	2.731713212849639638e-01	1.714155028647374179e-01	8.017019993497895292e-02	3.472766367672049104e-02	8.877685696257994752e-02
1.480357685378516862e+03	2.149299353435259463e-01	1.359842480541365028e-01	2.734845035355396026e-01	1.716464357582515587e-01	8.026384825848677240e-02	3.479076146360348537e-02	8.890026758592763090e-02
1.485195455592172038e+03	2.144511893397807734e-01	1.356435797930300724e-01	2.737956191277936546e-01	1.718756813332263100e-01	8.035708891052331659e-02	3.485358407784998336e-02	8.902325741726735409e-02
1.490033225805827215e+03	2.139751776517222481e-01	1.353050061830387285e-01	2.741046925819410340e-01	1.721032571043258907e-01	8.044992092895612845e-02	3.491613213886510941e-02	8.914581341062241537e-02
1.494870996019482618e+03	2.135018889124733754e-01	1.349685101048929692e-01	2.744117476726570803e-01	1.723291802417918905e-01	8.054234343798298557e-02	3.497840624448182723e-02	8.926792338519137782e-02
1.499708766233137567e+03	2.130313115528551238e-01	1.346340748015454059e-01	2.747168074628553724e-01	1.725534675831056075e-01	8.063435564526051647e-02	3.504040697327534537e-02	8.938957598057413467e-02
1.504546536446793198e+03	2.125634338178453708e-01	1.343016838615438968e-01	2.750198943358185821e-01	1.727761356441470664e-01	8.072595683913806608e-02	3.510213488672948162e-02	8.951076061424911856e-02
1.509384306660448374e+03	2.120982437820751465e-01	1.339713212033135370e-01	2.753210300257648568e-01	1.729972006298737264e-01	8.081714638599228617e-02	3.516359053126289630e-02	8.963146744118914711e-02
1.514222076874103550e+03	2.116357293644170467e-01	1.336429710602955734e-01	2.756202356469264481e-01	1.732166784445423879e-01	8.090792372765805152e-02	3.522477444012304254e-02	8.975168731550905998e-02
1.519059847087758726e+03	2.111758783417174989e-01	1.333166179668959228e-01	2.759175317212132494e-01	1.734345847014949482e-01	8.099828837895163558e-02	3.528568713515499444e-02	8.987141175404335380e-02
1.523897617301414357e+03	2.107186783617217285e-01	1.329922467451975232e-01	2.762129382045321324e-01	1.736509347325284891e-01	8.108823992528221836e-02	3.534632912845211278e-02	8.999063290175744745e-02
1.528735387515069533e+03	2.102641169552370848e-01	1.326698424923941910e-01	2.765064745118272493e-01	1.738657435968693765e-01	8.117777802034784052e-02	3.540670092389505696e-02	9.010934349890076245e-02
1.533573157728724709e+03	2.098121815475788854e-01	1.323493905689049621e-01	2.767981595409054751e-01	1.740790260897698283e-01	8.126690238391245935e-02	3.546680301858536055e-02	9.022753684981452138e-02
1.538410927942380113e+03	2.093628594693388578e-01	1.320308765871317236e-01	2.770880116951054406e-01	1.742907967507440758e-01	8.135561279966053994e-02	3.552663590417946132e-02	9.034520679331137227e-02
1.543248698156035516e+03	2.089161379665152307e-01	1.317142864008233882e-01	2.773760489048683886e-01	1.745010698714613562e-01	8.144390911312597570e-02	3.558620006812873715e-02	9.046234767454841563e-02
1.548086468369690692e+03	2.084720042100407511e-01	1.313996060950130829e-01	2.776622886482642549e-01	1.747098595033114987e-01	8.153179122969241022e-02	3.564549599483079340e-02	9.057895431831868016e-02
1.552924238583346096e+03	2.080304453047431279e-01	1.310868219764963205e-01	2.779467479705249877e-01	1.749171794646581790e-01	8.161925911266169897e-02	3.570452416669715745e-02	9.069502200369004841e-02
1.557762008797001272e+03	2.075914482977697373e-01	1.307759205648200695e-01	2.782294435026331225e-01	1.751230433477943271e-01	8.170631278138798526e-02	3.576328506514192540e-02	9.081054643992432507e-02
1.562599779010656675e+03	2.071550001865079815e-01	1.304668885837539372e-01	2.785103914790132418e-01	1.753274645256134578e-01	8.179295230947469797e-02	3.582177917149598212e-02	9.092552374361220768e-02
1.567437549224311852e+03	2.067210879260291678e-01	1.301597129532166552e-01	2.787896077543695061e-01	1.755304561580099953e-01	8.187917782303175129e-02	3.588000696785102056e-02	9.103995041696344437e-02
1.572275319437967255e+03	2.062896984360838570e-01	1.298543807816326667e-01	2.790671078197118904e-01	1.757320311980209993e-01	8.196498949899064246e-02	3.593796893783741259e-02	9.115382332719410008e-02
1.577113089651622431e+03	2.058608186076735791e-01	1.295508793586947205e-01	2.793429068176110919e-01	1.759322023977211991e-01	8.205038756347510231e-02	3.599566556733972689e-02	9.126713968695614188e-02
1.581950859865277607e+03	2.054344353092238395e-01	1.292491961485098262e-01	2.796170195567194150e-01	1.761309823138826613e-01	8.213537229022514763e-02	3.605309734515351611e-02	9.137989703575707945e-02
1.586788630078933011e+03	2.050105353923805940e-01	1.289493187831071974e-01	2.798894605255947687e-01	1.763283833134096090e-01	8.221994399907230078e-02	3.611026476358686343e-02	9.149209322232004782e-02
1.591626400292587959e+03	2.045891056974517563e-01	1.286512350562882823e-01	2.801602439058611393e-01	1.765244175785590230e-01	8.230410305446406172e-02	3.616716831900983892e-02	9.160372638783727262e-02
1.596464170506243590e+03	2.041701330585143637e-01	1.283549329177996190e-01	2.804293835847384564e-01	1.767190971119562970e-01	8.238784986403568933e-02	3.622380851235500882e-02	9.171479495007198168e-02
1.601301940719898766e+03	2.037536043082061044e-01	1.280604004678105867e-01	2.806968931669733269e-01	1.769124337414156589e-01	8.247118487722740476e-02	3.628018584957191234e-02	9.182529758826640798e-02
1.606139710933553943e+03	2.033395062822195565e-01	1.277676259516794810e-01	2.809627859861994481e-01	1.771044391245739369e-01	8.255410858394535145e-02	3.633630084203822580e-02	9.193523322881538840e-02
1.610977481147209119e+03	2.029278258235159005e-01	1.274765977549912332e-01	2.812270751157561199e-01	1.772951247533461061e-01	8.263662151326460481e-02	3.639215400693026486e-02	9.204460103166711704e-02
1.615815251360864750e+03	2.025185497862744266e-01	1.271873043988524798e-01	2.814897733789912260e-01	1.774845019582106942e-01	8.271872423217260795e-02	3.644774586755523960e-02	9.215340037741469315e-02
1.620653021574519926e+03	2.021116650395923808e-01	1.268997345354289652e-01	2.817508933590743836e-01	1.776725819123327055e-01	8.280041734435147904e-02	3.650307695364770483e-02	9.226163085504375527e-02
1.625490791788175102e+03	2.017071584709502485e-01	1.266138769437127332e-01	2.820104474083438006e-01	1.778593756355311695e-01	8.288170148899787204e-02	3.655814780163226668e-02	9.236929225030332535e-02
1.630328562001830505e+03	2.013050169894552988e-01	1.263297205255054512e-01	2.822684476572102086e-01	1.780448939980984191e-01	8.296257733967882242e-02	3.661295895485478652e-02	9.247638453466842934e-02
1.635166332215485909e+03	2.009052275288763234e-01	1.260472543016066260e-01	2.825249060226394660e-01	1.782291477244775935e-01	8.304304560322241235e-02	3.666751096378399744e-02	9.258290785486505969e-02
1.640004102429141085e+03	2.005077770504814783e-01	1.257664674081950262e-01	2.827798342162341494e-01	1.784121473968046379e-01	8.312310701864181195e-02	3.672180438618534437e-02	9.268886252292904415e-02
1.644841872642796488e+03	2.001126525456906058e-01	1.254873490933927638e-01	2.830332437519346156e-01	1.785939034583208795e-01	8.320276235609154469e-02	3.677583978726896990e-02	9.279424900677209209e-02
1.649679642856451665e+03	1.997198410385525591e-01	1.252098887140019878e-01	2.832851459533571870e-01	1.787744262166618692e-01	8.328201241585496406e-02	3.682961773981338616e-02	9.289906792122949730e-02
1.654517413070107068e+03	1.993293295880577132e-01	1.249340757324046425e-01	2.835355519607880015e-01	1.789537258470275116e-01	8.336085802736158124e-02	3.688313882426645651e-02	9.300332001956540529e-02
1.659355183283762244e+03	1.989411052902951282e-01	1.246598997136161985e-01	2.837844727378492915e-01	1.791318123952396202e-01	8.343930004823328639e-02	3.693640362882523454e-02	9.310700618541255247e-02
1.664192953497417420e+03	1.985551552804629138e-01	1.243873503224850879e-01	2.840319190778535785e-01	1.793086957806905857e-01	8.351733936335846431e-02	3.698941274949599928e-02	9.321012742512467530e-02
1.669030723711072824e+03	1.981714667347411751e-01	1.241164173210297511e-01	2.842779016098616607e-01	1.794843857991889335e-01	8.359497688399307458e-02	3.704216679013586783e-02	9.331268486052085587e-02
1.673868493924728000e+03	1.977900268720342303e-01	1.238470905659056903e-01	2.845224308044589367e-01	1.796588921257055715e-01	8.367221354688755830e-02	3.709466636247724103e-02	9.341467972200218073e-02
1.678706264138383403e+03	1.974108229555905647e-01	1.235793600059954256e-01	2.847655169792630558e-01	1.798322243170253909e-01	8.374905031343894690e-02	3.714691208613626200e-02	9.351611334202175607e-02
1.683544034352038352e+03	1.970338422945074608e-01	1.233132156801146767e-01	2.850071703041772153e-01	1.800043918143079680e-01	8.382548816886709053e-02	3.719890458860643928e-02	9.361698714889057915e-02
1.688381804565693983e+03	1.966590722451262985e-01	1.230486477148283464e-01	2.852474008064003752e-01	1.801754039455614742e-01	8.390152812141428440e-02	3.725064450523844772e-02	9.371730266090221029e-02
1.693219574779349159e+03	1.962865002123257985e-01	1.227856463223703787e-01	2.854862183752068794e-01	1.803452699280334581e-01	8.397717120156746040e-02	3.730213247920721037e-02	9.381706148076020269e-02
1.698057344993004335e+03	1.959161136507183987e-01	1.225242017986616638e-01	2.857236327665070297e-01	1.805139988705218579e-01	8.405241846130229177e-02	3.735336916146704545e-02	9.391626529029314940e-02
1.702895115206659511e+03	1.955479000657556754e-01	1.222643045214208829e-01	2.859596536071978834e-01	1.806815997756098802e-01	8.412727097334841975e-02	3.740435521069596786e-02	9.401491584544273417e-02
1.707732885420315142e+03	1.951818470147480833e-01	1.220059449483629072e-01	2.861942903993168752e-01	1.808480815418277154e-01	8.420172983047494175e-02	3.745509129322982522e-02	9.411301497151110251e-02
1.712570655633970318e+03	1.948179421078039819e-01	1.217491136154804920e-01	2.864275525240053688e-01	1.810134529657441149e-01	8.427579614479581427e-02	3.750557808298714269e-02	9.421056455865457757e-02
1.717408425847625494e+03	1.944561730086925566e-01	1.214938011354041447e-01	2.866594492452929077e-01	1.811777227439911320e-01	8.434947104709429599e-02	3.755581626138540519e-02	9.430756655761107776e-02
1.722246196061280898e+03	1.940965274356351300e-01	1.212399981958363210e-01	2.868899897137108801e-01	1.813408994752241377e-01	8.442275568616589010e-02	3.760580651724949874e-02	9.440402297564967626e-02
1.727083966274936301e+03	1.937389931620291661e-01	1.209876955580558716e-01	2.871191829697428144e-01	1.815029916620205797e-01	8.449565122817917495e-02	3.765554954671295612e-02	9.449993587273095019e-02
1.731921736488591478e+03	1.933835580171086865e-01	1.207368840554888939e-01	2.873470379471205205e-01	1.816640077127191777e-01	8.456815885605405148e-02	3.770504605311261054e-02	9.459530735786762790e-02
1.736759506702246881e+03	1.930302098865449567e-01	1.204875545923423247e-01	2.875735634759723491e-01	1.818239559432026642e-01	8.464027976885662996e-02	3.775429674687733744e-02	9.469013958567527867e-02
1.741597276915902057e+03	1.926789367129909392e-01	1.202396981422970690e-01	2.877987682858323404e-01	1.819828445786258464e-01	8.471201518121054819e-02	3.780330234541130069e-02	9.478443475310351085e-02
1.746435047129557461e+03	1.923297264965728448e-01	1.199933057472573200e-01	2.880226610085148686e-01	1.821406817550916268e-01	8.478336632272392981e-02	3.785206357297234842e-02	9.487819509633858839e-02
1.751272817343212637e+03	1.919825672953317519e-01	1.197483685161531697e-01	2.882452501808634437e-01	1.822974755212767028e-01	8.485433443743173321e-02	3.790058116054599580e-02	9.497142288786883380e-02
1.756110587556867813e+03	1.916374472256184569e-01	1.195048776237935262e-01	2.884665442473778318e-01	1.824532338400092213e-01	8.492492078325278304e-02	3.794885584571543874e-02	9.506412043370440768e-02
1.760948357770523216e+03	1.912943544624442493e-01	1.192628243097667573e-01	2.886865515627273227e-01	1.826079645897999981e-01	8.499512663146134572e-02	3.799688837252804263e-02	9.515629007074395684e-02
1.765786127984178393e+03	1.909532772397900258e-01	1.190221998773865197e-01	2.889052803941539738e-01	1.827616755663295789e-01	8.506495326617245778e-02	3.804467949135876409e-02	9.524793416428035953e-02
1.770623898197833569e+03	1.906142038508767400e-01	1.187829956926802766e-01	2.891227389237716605e-01	1.829143744838924446e-01	8.513440198384089608e-02	3.809222995877081797e-02	9.533905510563882302e-02
1.775461668411488745e+03	1.902771226483987999e-01	1.185452031834183101e-01	2.893389352507667045e-01	1.830660689768001392e-01	8.520347409277323480e-02	3.813954053737394351e-02	9.542965530994053369e-02
1.780299438625144376e+03	1.899420220447231578e-01	1.183088138381810511e-01	2.895538773935036891e-01	1.832167666007450957e-01	8.527217091265265614e-02	3.818661199568068598e-02	9.551973721398535067e-02
1.785137208838799552e+03	1.896088905120562051e-01	1.180738192054627683e-01	2.897675732915414581e-01	1.833664748341264639e-01	8.534049377407609827e-02	3.823344510796092971e-02	9.560930327424776998e-02
1.789974979052454728e+03	1.892777165825797747e-01	1.178402108928095771e-01	2.899800308075642374e-01	1.835152010793394961e-01	8.540844401810350484e-02	3.828004065409496698e-02	9.569835596498015018e-02
1.794812749266109904e+03	1.889484888485588876e-01	1.176079805659901167e-01	2.901912577292307671e-01	1.836629526640297660e-01	8.547602299581856522e-02	3.832639941942549838e-02	9.578689777641802294e-02
1.799650519479765535e+03	1.886211959624225498e-01	1.173771199481970784e-01	2.904012617709464950e-01	1.838097368423138034e-01	8.554323206790097334e-02	3.837252219460863395e-02	9.587493121308210409e-02
1.804488289693420711e+03	1.882958266368192635e-01	1.171476208192779589e-01	2.906100505755613850e-01	1.839555607959668937e-01	8.561007260420964993e-02	3.841840977546431835e-02	9.596245879217217556e-02
1.809326059907075887e+03	1.879723696446488901e-01	1.169194750149936263e-01	2.908176317159981150e-01	1.841004316355799586e-01	8.567654598337659522e-02	3.846406296282626341e-02	9.604948304204813381e-02
1.814163830120731291e+03	1.876508138190724206e-01	1.166926744263031834e-01	2.910240126968132168e-01	1.842443564016859603e-01	8.574265359241126094e-02	3.850948256239169337e-02	9.613600650079383303e-02
1.819001600334386467e+03	1.873311480535005125e-01	1.164672109986737980e-01	2.912292009556942673e-01	1.843873420658575790e-01	8.580839682631492826e-02	3.855466938457104142e-02	9.622203171485944895e-02
1.823839370548041643e+03	1.870133613015630414e-01	1.162430767314140412e-01	2.914332038648965728e-01	1.845293955317766077e-01	8.587377708770509155e-02	3.859962424433781292e-02	9.630756123777839406e-02
1.828677140761696819e+03	1.866974425770598911e-01	1.160202636770299028e-01	2.916360287326222878e-01	1.846705236362764790e-01	8.593879578644927908e-02	3.864434796107871217e-02	9.639259762895499573e-02
1.833514910975352450e+03	1.863833809538947839e-01	1.157987639406020119e-01	2.918376828043440230e-01	1.848107331503589523e-01	8.600345433930818573e-02	3.868884135844433136e-02	9.647714345251925949e-02
1.838352681189008081e+03	1.860711655659928743e-01	1.155785696791829381e-01	2.920381732640764394e-01	1.849500307801854870e-01	8.606775416958803437e-02	3.873310526420038064e-02	9.656120127624544247e-02
1.843190451402663257e+03	1.857607856072034935e-01	1.153596731012139498e-01	2.922375072355975489e-01	1.850884231680443859e-01	8.613169670680155543e-02	3.877714051007971618e-02	9.664477367053096735e-02
1.848028221616318433e+03	1.854522303311886833e-01	1.151420664659597443e-01	2.924356917836225533e-01	1.852259168932949285e-01	8.619528338633769549e-02	3.882094793163522184e-02	9.672786320743279043e-02
1.852865991829973609e+03	1.851454890512984897e-01	1.149257420829606635e-01	2.926327339149323858e-01	1.853625184732884956e-01	8.625851564913968039e-02	3.886452836809369676e-02	9.681047245975822613e-02
1.857703762043628785e+03	1.848405511404340174e-01	1.147106923115011889e-01	2.928286405794587877e-01	1.854982343642682663e-01	8.632139494139115521e-02	3.890788266221083258e-02	9.689260400020734132e-02
1.862541532257283961e+03	1.845374060308990760e-01	1.144969095600942427e-01	2.930234186713284728e-01	1.856330709622477371e-01	8.638392271421030388e-02	3.895101166012739091e-02	9.697426040056435215e-02
1.867379302470939592e+03	1.842360432142408633e-01	1.142843862859801302e-01	2.932170750298676021e-01	1.857670346038690357e-01	8.644610042335171274e-02	3.899391621122663687e-02	9.705544423093559470e-02
1.872217072684594768e+03	1.839364522410808778e-01	1.140731149946397904e-01	2.934096164405690654e-01	1.859001315672413890e-01	8.650792952891575571e-02	3.903659716799318807e-02	9.713615805903154377e-02
1.877054842898249490e+03	1.836386227209361732e-01	1.138630882393213278e-01	2.936010496360240141e-01	1.860323680727608564e-01	8.656941149506527933e-02	3.907905538587325145e-02	9.721640444949065929e-02
1.881892613111905121e+03	1.833425443220322859e-01	1.136542986205794359e-01	2.937913812968194760e-01	1.861637502839115499e-01	8.663054778974947634e-02	3.912129172313640046e-02	9.729618596324297874e-02
1.886730383325560297e+03	1.830482067711077798e-01	1.134467387858268533e-01	2.939806180524029422e-01	1.862942843080492017e-01	8.669133988443472605e-02	3.916330704073887892e-02	9.737550515691120734e-02
1.891568153539215928e+03	1.827555998532112702e-01	1.132404014288974636e-01	2.941687664819168657e-01	1.864239761971674125e-01	8.675178925384227635e-02	3.920510220218861169e-02	9.745436458224768228e-02
1.896405923752871104e+03	1.824647134114917302e-01	1.130352792896204134e-01	2.943558331150027407e-01	1.865528319486474129e-01	8.681189737569243448e-02	3.924667807341175596e-02	9.753276678560510171e-02
1.901243693966526507e+03	1.821755373469819972e-01	1.128313651534046946e-01	2.945418244325773705e-01	1.866808575059916708e-01	8.687166573045534967e-02	3.928803552262110504e-02	9.761071430743939459e-02
1.906081464180181683e+03	1.818880616183763677e-01	1.126286518508337192e-01	2.947267468675824897e-01	1.868080587595419562e-01	8.693109580110798540e-02	3.932917542018616458e-02	9.768820968184292741e-02
1.910919234393836859e+03	1.816022762418026126e-01	1.124271322572694687e-01	2.949106068057081864e-01	1.869344415471821397e-01	8.699018907289737812e-02	3.937009863850503971e-02	9.776525543610678493e-02
1.915757004607492036e+03	1.813181712905890253e-01	1.122267992924656371e-01	2.950934105860922307e-01	1.870600116550266145e-01	8.704894703310972481e-02	3.941080605187816110e-02	9.784185409031023739e-02
1.920594774821147894e+03	1.810357368950264445e-01	1.120276459201896280e-01	2.952751645019957016e-01	1.871847748180943127e-01	8.710737117084545178e-02	3.945129853638384976e-02	9.791800815693625648e-02
1.925432545034802843e+03	1.807549632421261432e-01	1.118296651478525860e-01	2.954558748014566305e-01	1.873087367209690379e-01	8.716546297679994559e-02	3.949157696975575532e-02	9.799372014051156710e-02
1.930270315248458019e+03	1.804758405753734696e-01	1.116328500261475065e-01	2.956355476879220512e-01	1.874319029984464480e-01	8.722322394304987681e-02	3.953164223126217486e-02	9.806899253727006938e-02
1.935108085462113195e+03	1.801983591944781027e-01	1.114371936486948239e-01	2.958141893208597328e-01	1.875542792361682420e-01	8.728065556284494986e-02	3.957149520158731448e-02	9.814382783483836803e-02
1.939945855675768371e+03	1.799225094551206161e-01	1.112426891516951621e-01	2.959918058163506505e-01	1.876758709712435247e-01	8.733775933040491268e-02	3.961113676271443840e-02	9.821822851194213222e-02
1.944783625889424002e+03	1.796482817686962663e-01	1.110493297135891205e-01	2.961684032476625816e-01	1.877966836928582350e-01	8.739453674072183986e-02	3.965056779781095386e-02	9.829219703813245335e-02
1.949621396103079178e+03	1.793756666020557000e-01	1.108571085547234714e-01	2.963439876458060507e-01	1.879167228428724745e-01	8.745098928936739791e-02	3.968978919111541825e-02	9.836573587353091008e-02
1.954459166316734354e+03	1.791046544772433857e-01	1.106660189370237551e-01	2.965185650000735085e-01	1.880359938164065381e-01	8.750711847230514817e-02	3.972880182782656533e-02	9.843884746859248025e-02
1.959296936530389530e+03	1.788352359712335471e-01	1.104760541636729682e-01	2.966921412585619700e-01	1.881545019624158155e-01	8.756292578570756824e-02	3.976760659399417724e-02	9.851153426388535583e-02
1.964134706744044706e+03	1.785674017156641813e-01	1.102872075787958567e-01	2.968647223286803305e-01	1.882722525842545347e-01	8.761841272577779172e-02	3.980620437641196885e-02	9.858379868988664807e-02
1.968972476957700337e+03	1.783011423965692732e-01	1.100994725671489149e-01	2.970363140776419719e-01	1.883892509402293747e-01	8.767358078857605264e-02	3.984459606251237324e-02	9.865564316679337198e-02
1.973810247171355968e+03	1.780364487541090945e-01	1.099128425538156567e-01	2.972069223329427134e-01	1.885055022441424200e-01	8.772843146985052909e-02	3.988278254026331182e-02	9.872707010434764174e-02
1.978648017385010689e+03	1.777733115822993648e-01	1.097273110039068966e-01	2.973765528828257176e-01	1.886210116658244007e-01	8.778296626487264165e-02	3.992076469806685179e-02	9.879808190167550797e-02
1.983485787598666320e+03	1.775117217287390803e-01	1.095428714222660138e-01	2.975452114767331291e-01	1.887357843316581352e-01	8.783718666827650123e-02	3.995854342465982034e-02	9.886868094713865962e-02
1.988323557812321269e+03	1.772516700943371215e-01	1.093595173531788367e-01	2.977129038257456117e-01	1.888498253250924241e-01	8.789109417390282564e-02	3.999611960901633401e-02	9.893886961819825521e-02
1.993161328025976900e+03	1.769931476330380560e-01	1.091772423800881076e-01	2.978796356030092296e-01	1.889631396871469526e-01	8.794469027464660305e-02	4.003349414025222236e-02	9.900865028129025858e-02
1.997999098239632076e+03	1.767361453515471637e-01	1.089960401253122352e-01	2.980454124441518360e-01	1.890757324169080877e-01	8.799797646230905768e-02	4.007066790753134600e-02	9.907802529171171046e-02
2.002836868453287707e+03	1.764806543090547963e-01	1.088159042497681556e-01	2.982102399476880272e-01	1.891876084720160445e-01	8.805095422745332079e-02	4.010764179997384354e-02	9.914699699351724183e-02
2.007674638666942428e+03	1.762266656169602097e-01	1.086368284526983696e-01	2.983741236754138826e-01	1.892987727691433364e-01	8.810362505926408461e-02	4.014441670656614808e-02	9.921556771942544040e-02
2.012512408880597604e+03	1.759741704385950622e-01	1.084588064714016586e-01	2.985370691527912124e-01	1.894092301844653714e-01	8.815599044541080898e-02	4.018099351607298808e-02	9.928373979073433497e-02
2.017350179094252780e+03	1.757231599889465534e-01	1.082818320809676299e-01	2.986990818693232019e-01	1.895189855541224710e-01	8.820805187191478602e-02	4.021737311695112310e-02	9.935151551724565044e-02
2.022187949307908411e+03	1.754736255343805895e-01	1.081058990940148012e-01	2.988601672789197861e-01	1.896280436746744236e-01	8.825981082301956326e-02	4.025355639726491824e-02	9.941889719719732010e-02
2.027025719521564042e+03	1.752255583923647275e-01	1.079310013604321966e-01	2.990203308002546412e-01	1.897364093035472099e-01	8.831126878106503042e-02	4.028954424460380601e-02	9.948588711720375566e-02
2.031863489735218764e+03	1.749789499311912855e-01	1.077571327671242030e-01	2.991795778171139619e-01	1.898440871594722079e-01	8.836242722636480917e-02	4.032533754600140657e-02	9.955248755220350021e-02
2.036701259948874394e+03	1.747337915697005917e-01	1.075842872377586884e-01	2.993379136787366335e-01	1.899510819229180969e-01	8.841328763708701521e-02	4.036093718785652151e-02	9.961870076541379238e-02
2.041539030162529116e+03	1.744900747770043448e-01	1.074124587325182845e-01	2.994953437001470209e-01	1.900573982365158510e-01	8.846385148913826768e-02	4.039634405585580679e-02	9.968452900829181951e-02
2.046376800376184747e+03	1.742477910722092516e-01	1.072416412478545411e-01	2.996518731624800425e-01	1.901630407054764604e-01	8.851412025605084888e-02	4.043155903489823594e-02	9.974997452050199387e-02
2.051214570589840150e+03	1.740069320241414419e-01	1.070718288162451765e-01	2.998075073132990820e-01	1.902680138980020752e-01	8.856409540887312526e-02	4.046658300902118005e-02	9.981503952988927952e-02
2.056052340803495554e+03	1.737674892510708002e-01	1.069030155059540188e-01	2.999622513669070178e-01	1.903723223456904867e-01	8.861377841606279948e-02	4.050141686132830571e-02	9.987972625245790381e-02
2.060890111017150957e+03	1.735294544204361022e-01	1.067351954207937104e-01	3.001161105046508681e-01	1.904759705439330875e-01	8.866317074338329884e-02	4.053606147391900644e-02	9.994403689235534238e-02
2.065727881230805451e+03	1.732928192485707619e-01	1.065683626998910477e-01	3.002690898752193860e-01	1.905789629523065298e-01	8.871227385380298092e-02	4.057051772781954807e-02	1.000079736418612031e-01
2.070565651444461309e+03	1.730575755004290228e-01	1.064025115174549174e-01	3.004211945949353813e-01	1.906813039949581956e-01	8.876108920739729513e-02	4.060478650291583086e-02	1.000715386813807867e-01
2.075403421658116713e+03	1.728237149893130375e-01	1.062376360825467436e-01	3.005724297480416030e-01	1.907829980609858089e-01	8.880961826125360892e-02	4.063886867788776142e-02	1.001347341794429635e-01
2.080241191871772116e+03	1.725912295766005577e-01	1.060737306388532669e-01	3.007228003869807931e-01	1.908840495048106933e-01	8.885786246937882327e-02	4.067276513014516509e-02	1.001975622927021858e-01
2.085078962085427065e+03	1.723601111714734568e-01	1.059107894644617381e-01	3.008723115326710773e-01	1.909844626465458384e-01	8.890582328260968059e-02	4.070647673576528736e-02	1.002600251659444136e-01
2.089916732299082469e+03	1.721303517306470854e-01	1.057488068716374158e-01	3.010209681747752497e-01	1.910842417723577769e-01	8.895350214852555670e-02	4.074000436943180786e-02	1.003221249320966207e-01
2.094754502512737417e+03	1.719019432581004314e-01	1.055877772066032699e-01	3.011687752719652833e-01	1.911833911348234105e-01	8.900090051136391733e-02	4.077334890437540188e-02	1.003838637122398125e-01
2.099592272726392821e+03	1.716748778048073631e-01	1.054276948493217264e-01	3.013157377521821778e-01	1.912819149532810348e-01	8.904801981193828653e-02	4.080651121231575196e-02	1.004452436156252210e-01
2.104430042940048224e+03	1.714491474684684824e-01	1.052685542132787699e-01	3.014618605128909223e-01	1.913798174141763675e-01	8.909486148755846324e-02	4.083949216340503757e-02	1.005062667396935394e-01
2.109267813153704083e+03	1.712247443932444491e-01	1.051103497452698793e-01	3.016071484213306841e-01	1.914771026714033320e-01	8.914142697195334697e-02	4.087229262617287501e-02	1.005669351700970160e-01
2.114105583367359031e+03	1.710016607694897772e-01	1.049530759251880024e-01	3.017516063147612226e-01	1.915737748466397050e-01	8.918771769519596992e-02	4.090491346747266582e-02	1.006272509807242255e-01
2.118943353581013525e+03	1.707798888334879917e-01	1.047967272658136551e-01	3.018952390007045850e-01	1.916698380296777138e-01	8.923373508363083295e-02	4.093735555242936780e-02	1.006872162337274224e-01
2.123781123794669384e+03	1.705594208671878109e-01	1.046412983126066426e-01	3.020380512571827492e-01	1.917652962787502469e-01	8.927948055980344799e-02	4.096961974438861204e-02	1.007468329795520451e-01
2.128618894008324787e+03	1.703402491979402744e-01	1.044867836434998642e-01	3.021800478329517148e-01	1.918601536208516811e-01	8.932495554239211488e-02	4.100170690486718700e-02	1.008061032569687182e-01
2.133456664221980191e+03	1.701223661982371738e-01	1.043331778686948652e-01	3.023212334477312635e-01	1.919544140520545450e-01	8.937016144614180757e-02	4.103361789350486871e-02	1.008650290931070448e-01
2.138294434435635139e+03	1.699057642854504002e-01	1.041804756304591517e-01	3.024616127924316111e-01	1.920480815378212691e-01	8.941509968180008650e-02	4.106535356801752079e-02	1.009236125034915499e-01
2.143132204649290543e+03	1.696904359215725411e-01	1.040286716029252545e-01	3.026011905293760074e-01	1.921411600133118569e-01	8.945977165605514814e-02	4.109691478415152671e-02	1.009818554920792477e-01
2.147969974862945492e+03	1.694763736129586973e-01	1.038777604918915271e-01	3.027399712925202269e-01	1.922336533836867534e-01	8.950417877147581747e-02	4.112830239563945722e-02	1.010397600512990685e-01
2.152807745076601350e+03	1.692635699100693003e-01	1.037277370346245675e-01	3.028779596876687297e-01	1.923255655244057727e-01	8.954832242645348328e-02	4.115951725415698675e-02	1.010973281620927283e-01
2.157645515290255844e+03	1.690520174072143167e-01	1.035785959996632505e-01	3.030151602926872689e-01	1.924169002815225571e-01	8.959220401514597643e-02	4.119056020928102413e-02	1.011545617939571401e-01
2.162483285503912157e+03	1.688417087422985907e-01	1.034303321866244102e-01	3.031515776577128896e-01	1.925076614719751222e-01	8.963582492742327990e-02	4.122143210844907146e-02	1.012114629049881698e-01
2.167321055717567106e+03	1.686326365965682694e-01	1.032829404260101752e-01	3.032872163053604297e-01	1.925978528838722392e-01	8.967918654881509855e-02	4.125213379691972798e-02	1.012680334419256006e-01
2.172158825931222509e+03	1.684247936943585877e-01	1.031364155790166076e-01	3.034220807309264689e-01	1.926874782767758476e-01	8.972229026046017741e-02	4.128266611773435263e-02	1.013242753401994434e-01
2.176996596144877003e+03	1.682181728028429579e-01	1.029907525373440352e-01	3.035561754025904446e-01	1.927765413819796103e-01	8.976513743905742415e-02	4.131302991167992711e-02	1.013801905239771206e-01
2.181834366358532861e+03	1.680127667317830586e-01	1.028459462230088828e-01	3.036895047616125498e-01	1.928650459027836661e-01	8.980772945681866903e-02	4.134322601725290425e-02	1.014357809062118448e-01
2.186672136572187810e+03	1.678085683332803946e-01	1.027019915881568768e-01	3.038220732225294096e-01	1.929529955147656073e-01	8.985006768142313194e-02	4.137325527062429148e-02	1.014910483886918152e-01
2.191509906785843214e+03	1.676055705015290775e-01	1.025588836148776384e-01	3.039538851733473712e-01	1.930403938660478769e-01	8.989215347597354078e-02	4.140311850560571272e-02	1.015459948620903302e-01
2.196347676999498617e+03	1.674037661725697734e-01	1.024166173150207887e-01	3.040849449757325185e-01	1.931272445775613911e-01	8.993398819895379037e-02	4.143281655361658739e-02	1.016006222060167052e-01
2.201185447213154021e+03	1.672031483240449534e-01	1.022751877300135115e-01	3.042152569651989658e-01	1.932135512433056923e-01	8.997557320418826665e-02	4.146235024365228783e-02	1.016549322890678425e-01
2.206023217426809424e+03	1.670037099749555332e-01	1.021345899306792260e-01	3.043448254512944873e-01	1.932993174306057715e-01	9.001690984080257252e-02	4.149172040225335839e-02	1.017089269688805364e-01
