1.257820255550373645e+02	5.782068420160088040e-01	3.277639050842113821e-01	4.579201553904303779e-02	1.702236205341940353e-02	2.026808203144364953e-02	4.318749640948693624e-03	6.628043634874447414e-03
1.306197957686926259e+02	5.746345648114855598e-01	3.272616391391884871e-01	4.739061197977887524e-02	1.842405766047877647e-02	2.075640658043878886e-02	4.492996560039964025e-03	7.039723268538972643e-03
1.354575659823479441e+02	5.711179234925648496e-01	3.267313481758291616e-01	4.898616093887302875e-02	1.980402984189015558e-02	2.123916069120264025e-02	4.666766800410094250e-03	7.454610059179433458e-03
1.402953361960032339e+02	5.676554049317337203e-01	3.261742379417263971e-01	5.057832750304588204e-02	2.116299851229057338e-02	2.171649153315195757e-02	4.840056650564444896e-03	7.872482927436502687e-03
1.451331064096584669e+02	5.642455452568948537e-01	3.255914717954933035e-01	5.216679517894552004e-02	2.250165401026354983e-02	2.218854078841434735e-02	5.012862621762191953e-03	8.293130348175681982e-03
1.499708766233137851e+02	5.608869281866162293e-01	3.249841721569294295e-01	5.375126506544747329e-02	2.382065834230052623e-02	2.265544486875565797e-02	5.185181437381211622e-03	8.716349942518828581e-03
1.548086468369690749e+02	5.575781834221484878e-01	3.243534219076965597e-01	5.533145506140071945e-02	2.512064637465724962e-02	2.311733512389185785e-02	5.357010022783280194e-03	9.141948087371240886e-03
1.596464170506243647e+02	5.543179850942676623e-01	3.237002657441958586e-01	5.690709910733034171e-02	2.640222697527470214e-02	2.357433804152714654e-02	5.528345495656934380e-03	9.569739541696894655e-03
1.644841872642796261e+02	5.511050502630655545e-01	3.230257114842816080e-01	5.847794645966938876e-02	2.766598410784408199e-02	2.402657543944651530e-02	5.699185156816324524e-03	9.999547088826100244e-03
1.693219574779349159e+02	5.479381374688763184e-01	3.223307313293884979e-01	6.004376099615178070e-02	2.891247788000937333e-02	2.447416464997797733e-02	5.869526481435326411e-03	1.043120119411020813e-02
1.741597276915902057e+02	5.448160453325868735e-01	3.216162630835979197e-01	6.160432055105506677e-02	3.014224554761830641e-02	2.491721869712714560e-02	6.039367110697126291e-03	1.086453967726708041e-02
1.789974979052454671e+02	5.417376112036423885e-01	3.208832113311130829e-01	6.315941627903655375e-02	3.135580247685329502e-02	2.535584646667485287e-02	6.208704843840312515e-03	1.129940739878893333e-02
1.838352681189008138e+02	5.387017098541145854e-01	3.201324485735669856e-01	6.470885204635853927e-02	3.255364306599810298e-02	2.579015286951700722e-02	6.377537630583396226e-03	1.173565595981078229e-02
1.886730383325560467e+02	5.357072522172562357e-01	3.193648163285330854e-01	6.625244384834856615e-02	3.373624162852306013e-02	2.622023899851473258e-02	6.545863563910434696e-03	1.217314341486335112e-02
1.935108085462113081e+02	5.327531841690200665e-01	3.185811261905664438e-01	6.779001925198881173e-02	3.490405323910195090e-02	2.664620227911233125e-02	6.713680873201218445e-03	1.261173399695872388e-02
1.983485787598666263e+02	5.298384853510730297e-01	3.177821608560541522e-01	6.932141686257459190e-02	3.605751454410671686e-02	2.706813661397028045e-02	6.880987917690212750e-03	1.305129785448054525e-02
2.031863489735219162e+02	5.269621680338857361e-01	3.169686751131123303e-01	7.084648581342661844e-02	3.719704453806203792e-02	2.748613252185070840e-02	7.047783180239132819e-03	1.349171079937295549e-02
2.080241191871772060e+02	5.241232760185268180e-01	3.161413967977227957e-01	7.236508527768346910e-02	3.832304530748025656e-02	2.790027727098345553e-02	7.214065261408715395e-03	1.393285406614402921e-02
2.128618894008324673e+02	5.213208835758390558e-01	3.153010277172630382e-01	7.387708400124165520e-02	3.943590274343826418e-02	2.831065500713166733e-02	7.379832873815868853e-03	1.437461408122006623e-02
2.176996596144877287e+02	5.185540944217191806e-01	3.144482445425426098e-01	7.538235985594952948e-02	4.053598722420137523e-02	2.871734687656725057e-02	7.545084836763019630e-03	1.481688224220681013e-02
2.225374298281430470e+02	5.158220407272662289e-01	3.135836996694220113e-01	7.688079941219871927e-02	4.162365426914502176e-02	2.912043114415818409e-02	7.709820071127044400e-03	1.525955470663259081e-02
2.273752000417983652e+02	5.131238821626084023e-01	3.127080220510520814e-01	7.837229753009221367e-02	4.269924516517320523e-02	2.951998330676166779e-02	7.874037594495746431e-03	1.570253218976649934e-02
2.322129702554535982e+02	5.104588049732551314e-01	3.118218180017371943e-01	7.985675696840283111e-02	4.376308756678282119e-02	2.991607620210937069e-02	8.037736516540348874e-03	1.614571977112201281e-02
2.370507404691088880e+02	5.078260210878653425e-01	3.109256719733906604e-01	8.133408801056855875e-02	4.481549607087522563e-02	3.030878011336371469e-02	8.200916034613044137e-03	1.658902670927313652e-02
2.418885106827641494e+02	5.052247672563556780e-01	3.100201473055186341e-01	8.280420810700273027e-02	4.585677276737062935e-02	3.069816286951694909e-02	8.363575429559049618e-03	1.703236626462597061e-02
2.467262808964194392e+02	5.026543042173151621e-01	3.091057869496350308e-01	8.426704153302717881e-02	4.688720776663710121e-02	3.108428994179809890e-02	8.525714061733177807e-03	1.747565552980394690e-02
2.515640511100747290e+02	5.001139158937225604e-01	3.081831141689809761e-01	8.572251906176542313e-02	4.790707970470384214e-02	3.146722453624614668e-02	8.687331367211295619e-03	1.791881526731944549e-02
2.564018213237300188e+02	4.976029086160017600e-01	3.072526332143910022e-01	8.717057765136101977e-02	4.891665622718806283e-02	3.184702768260173900e-02	8.848426854187550067e-03	1.836176975421856261e-02
2.612395915373852517e+02	4.951206103714801965e-01	3.063148299771198957e-01	8.861116014591213785e-02	4.991619445282625966e-02	3.222375831966343279e-02	9.009000099548598178e-03	1.880444663339914113e-02
2.660773617510405415e+02	4.926663700793494360e-01	3.053701726194168464e-01	9.004421498953950331e-02	5.090594141746343504e-02	3.259747337724897692e-02	9.169050745616486725e-03	1.924677677131499121e-02
2.709151319646958882e+02	4.902395568902568890e-01	3.044191121836051228e-01	9.146969595302904821e-02	5.188613449931860078e-02	3.296822785489632313e-02	9.328578497052215923e-03	1.968869412179150707e-02
2.757529021783511780e+02	4.878395595096879367e-01	3.034620831804013541e-01	9.288756187251406837e-02	5.285700182631045824e-02	3.333607489743380808e-02	9.487583117912373395e-03	2.013013559568962302e-02
2.805906723920064678e+02	4.854657855443267334e-01	3.024995041571823529e-01	9.429777639968386915e-02	5.381876266619486232e-02	3.370106586754392092e-02	9.646064428851559500e-03	2.057104093616630644e-02
2.854284426056617008e+02	4.831176608706102549e-01	3.015317782468829866e-01	9.570030776302793085e-02	5.477162780023426408e-02	3.406325041543994958e-02	9.804022304463647780e-03	2.101135259929058988e-02
2.902662128193169337e+02	4.807946290247198662e-01	3.005592936981859031e-01	9.709512853964463730e-02	5.571579988108926740e-02	3.442267654577021302e-02	9.961456670755299003e-03	2.145101563978438555e-02
2.951039830329722804e+02	4.784961506132777154e-01	2.995824243876416548e-01	9.848221543716377535e-02	5.665147377559380526e-02	3.477939068185996463e-02	1.011836750274534846e-02	2.188997760166729034e-02
2.999417532466276270e+02	4.762217027440420192e-01	2.986015303143340627e-01	9.986154908535080366e-02	5.757883689304783836e-02	3.513343772739673659e-02	1.027475482218406615e-02	2.232818841359400855e-02
3.047795234602828600e+02	4.739707784759188414e-01	2.976169580776874546e-01	1.012331138369789579e-01	5.849806949963504143e-02	3.548486112566068967e-02	1.043061869538649405e-02	2.276560028868206478e-02
3.096172936739380930e+02	4.717428862876317797e-01	2.966290413389891523e-01	1.025968975775729125e-01	5.940934501954768521e-02	3.583370291639748767e-02	1.058595923117439802e-02	2.320216762863616319e-02
3.144550638875934396e+02	4.695375495644129593e-01	2.956381012671833175e-01	1.039528915436439410e-01	6.031283032337659417e-02	3.618000379042735082e-02	1.074077657892154661e-02	2.363784693198389339e-02
3.192928341012487294e+02	4.673543061021009359e-01	2.946444469694717294e-01	1.053010901490531032e-01	6.120868600430088430e-02	3.652380314208024392e-02	1.089507092669733321e-02	2.407259670624536246e-02
3.241306043149040192e+02	4.651927076280519824e-01	2.936483759072396338e-01	1.066414908191535560e-01	6.209706664258975856e-02	3.686513911954366479e-02	1.104884249950396045e-02	2.450637738386699307e-02
3.289683745285592522e+02	4.630523193382914404e-01	2.926501742978068199e-01	1.079740938323784372e-01	6.297812105890736312e-02	3.720404867320583481e-02	1.120209155760259687e-02	2.493915124175700992e-02
3.338061447422145420e+02	4.609327194503516911e-01	2.916501175024866499e-01	1.092989021689544787e-01	6.385199255689123776e-02	3.754056760207415133e-02	1.135481839492421922e-02	2.537088232426713136e-02
3.386439149558698318e+02	4.588334987712620050e-01	2.906484704014197229e-01	1.106159213664349300e-01	6.471881915545522890e-02	3.787473059834527145e-02	1.150702333756091836e-02	2.580153636947157825e-02
3.434816851695251216e+02	4.567542602801738516e-01	2.896454877556333130e-01	1.119251593817585100e-01	6.557873381124877665e-02	3.820657129020037235e-02	1.165870674233376522e-02	2.623108073860107303e-02
3.483194553831804114e+02	4.546946187251233451e-01	2.886414145567611222e-01	1.132266264595533090e-01	6.643186463168677947e-02	3.853612228289621938e-02	1.180986899543344341e-02	2.665948434849543455e-02
3.531572255968357013e+02	4.526542002334484893e-01	2.876364863648439574e-01	1.145203350064165071e-01	6.727833507894656617e-02	3.886341519821965435e-02	1.196051051113005380e-02	2.708671760694439726e-02
3.579949958104909342e+02	4.506326419353964829e-01	2.866309296346177260e-01	1.158062994709119914e-01	6.811826416531223394e-02	3.918848071237075736e-02	1.211063173054864606e-02	2.751275235079181369e-02
3.628327660241463377e+02	4.486295916004716666e-01	2.856249620306801074e-01	1.170845362290391101e-01	6.895176664023057456e-02	3.951134859233709773e-02	1.226023312050723672e-02	2.793756178668376638e-02
3.676705362378016275e+02	4.466447072860904033e-01	2.846187927319159816e-01	1.183550634749360037e-01	6.977895316942762938e-02	3.983204773081910205e-02	1.240931517241416517e-02	2.836112043434630553e-02
3.725083064514568036e+02	4.446776569981233940e-01	2.836126227255455490e-01	1.196179011165909023e-01	7.059993050642027201e-02	4.015060617976421581e-02	1.255787840122183155e-02	2.878340407228344167e-02
3.773460766651120935e+02	4.427281183629208083e-01	2.826066450911507988e-01	1.208730706763447710e-01	7.141480165674335412e-02	4.046705118256520295e-02	1.270592334443398572e-02	2.920438968579069927e-02
3.821838468787673833e+02	4.407957783104297644e-01	2.816010452750195570e-01	1.221205951959771219e-01	7.222366603519943251e-02	4.078140920497575622e-02	1.285345056116385908e-02	2.962405541718410307e-02
3.870216170924226162e+02	4.388803327680253497e-01	2.805960013551385135e-01	1.233604991461766803e-01	7.302661961642523125e-02	4.109370596479446081e-02	1.300046063124056343e-02	3.004238051814873967e-02
3.918593873060780197e+02	4.369814863646922509e-01	2.795916842971521432e-01	1.245928083402056546e-01	7.382375507905689083e-02	4.140396646036616224e-02	1.314695415436133337e-02	3.045934530411522484e-02
3.966971575197332527e+02	4.350989521452026110e-01	2.785882582015958286e-01	1.258175498515758384e-01	7.461516194376396904e-02	4.171221499794782600e-02	1.329293174928724078e-02	3.087493111057630635e-02
4.015349277333884856e+02	4.332324512939524364e-01	2.775858805427008358e-01	1.270347519355614352e-01	7.540092670541097275e-02	4.201847521798406093e-02	1.343839405308018715e-02	3.128912025125966251e-02
4.063726979470438323e+02	4.313817128681253221e-01	2.765847023990568587e-01	1.282444439543814207e-01	7.618113295959449971e-02	4.232277012033584113e-02	1.358334172037904512e-02	3.170189597807659271e-02
4.112104681606991221e+02	4.295464735398680789e-01	2.755848686764099109e-01	1.294466563058914998e-01	7.695586152379345346e-02	4.262512208850395556e-02	1.372777542271292825e-02	3.211324244276970302e-02
4.160482383743544119e+02	4.277264773471711745e-01	2.745865183228634043e-01	1.306414203556317266e-01	7.772519055335999627e-02	4.292555291288745190e-02	1.387169584784968442e-02	3.252314466018609018e-02
4.208860085880095880e+02	4.259214754531573943e-01	2.735897845367405434e-01	1.318287683720836267e-01	7.848919565256924635e-02	4.322408381311534237e-02	1.401510369917776007e-02	3.293158847310569126e-02
4.257237788016648778e+02	4.241312259134933371e-01	2.725947949673583337e-01	1.330087334649955599e-01	7.924794998093667719e-02	4.352073545948861866e-02	1.415799969511973184e-02	3.333856051855739466e-02
4.305615490153201677e+02	4.223554934516474679e-01	2.716016719089540121e-01	1.341813495266422629e-01	8.000152435500350323e-02	4.381552799356795702e-02	1.430038456857581596e-02	3.374404819555869295e-02
4.353993192289755143e+02	4.205940492417276633e-01	2.706105324879970464e-01	1.353466511758892321e-01	8.074998734578153758e-02	4.410848104794132946e-02	1.444225906639579407e-02	3.414803963421701727e-02
4.402370894426308041e+02	4.188466706986412325e-01	2.696214888441118007e-01	1.365046737049389058e-01	8.149340537204166623e-02	4.439961376520399489e-02	1.458362394887786559e-02	3.455052366613412668e-02
4.450748596562860939e+02	4.171131412753273371e-01	2.686346483048282496e-01	1.376554530286400735e-01	8.223184278962145100e-02	4.468894481618251868e-02	1.472447998929298819e-02	3.495148979605690320e-02
4.499126298699413837e+02	4.153932502668227777e-01	2.676501135543709053e-01	1.387990256362480745e-01	8.296536197692086501e-02	4.497649241743280346e-02	1.486482797343335015e-02	3.535092817472072768e-02
4.547504000835967304e+02	4.136867926209280566e-01	2.666679827966882965e-01	1.399354285455267077e-01	8.369402341674762880e-02	4.526227434804119126e-02	1.500466869918369930e-02	3.574882957283383178e-02
4.595881702972519065e+02	4.119935687552497838e-01	2.656883499129198967e-01	1.410646992590890436e-01	8.441788577466667609e-02	4.554630796575646901e-02	1.514400297611427464e-02	3.614518535615328376e-02
4.644259405109071963e+02	4.103133843804027681e-01	2.647113046134882963e-01	1.421868757228771651e-01	8.513700597400233883e-02	4.582861022247937399e-02	1.528283162509421790e-02	3.653998746160530553e-02
4.692637107245624861e+02	4.086460503291624025e-01	2.637369325850009716e-01	1.433019962866865782e-01	8.585143926763497135e-02	4.610919767913538442e-02	1.542115547792431013e-02	3.693322837440480427e-02
4.741014809382177759e+02	4.069913823913656192e-01	2.627653156321373973e-01	1.444100996666437819e-01	8.656123930672827982e-02	4.638808651995534466e-02	1.555897537698801986e-02	3.732490110613095186e-02
4.789392511518730657e+02	4.053492011543645135e-01	2.617965318146918685e-01	1.455112249095506516e-01	8.726645820651747487e-02	4.666529256618758698e-02	1.569629217491982920e-02	3.771499917371735899e-02
4.837770213655284124e+02	4.037193318488451754e-01	2.608306555799375648e-01	1.466054113590115615e-01	8.796714660928332818e-02	4.694083128926430926e-02	1.583310673428992704e-02	3.810351657931744518e-02
4.886147915791837022e+02	4.021016041998280999e-01	2.598677578904700636e-01	1.476926986232643402e-01	8.866335374463146790e-02	4.721471782344392742e-02	1.596941992730431178e-02	3.849044779100704861e-02
4.934525617928388783e+02	4.004958522826758682e-01	2.589079063476851794e-01	1.487731265446383400e-01	8.935512748719165455e-02	4.748696697795047605e-02	1.610523263551951953e-02	3.887578772428821466e-02
4.982903320064942250e+02	3.989019143839370174e-01	2.579511653110382330e-01	1.498467351705667361e-01	9.004251441184665805e-02	4.775759324863002725e-02	1.624054574957109129e-02	3.925953172435951016e-02
5.031281022201495148e+02	3.973196328668621713e-01	2.569975960132294679e-01	1.509135647260833601e-01	9.072555984659588790e-02	4.802661082914355672e-02	1.637536016891505408e-02	3.964167554911975089e-02
5.079658724338048046e+02	3.957488540414343392e-01	2.560472566714536713e-01	1.519736555877368722e-01	9.140430792315445974e-02	4.829403362171472841e-02	1.650967680158166653e-02	4.002221535287352194e-02
5.128036426474600376e+02	3.941894280387600036e-01	2.551002025948472252e-01	1.530270482588587666e-01	9.207880162538403801e-02	4.855987524745041667e-02	1.664349656394073854e-02	4.040114767070816792e-02
5.176414128611153274e+02	3.926412086896725051e-01	2.541564862882628728e-01	1.540737833461236495e-01	9.274908283564793632e-02	4.882414905625110518e-02	1.677682038047786581e-02	4.077846940351338018e-02
5.224791830747705035e+02	3.911040534074060604e-01	2.532161575524967678e-01	1.551139015373435015e-01	9.341519237917890461e-02	4.908686813632753138e-02	1.690964918358095481e-02	4.115417780361556310e-02
5.273169532884259070e+02	3.895778230742011905e-01	2.522792635810878759e-01	1.561474435804396932e-01	9.407717006654425784e-02	4.934804532333934152e-02	1.704198391333642051e-02	4.152827046100056319e-02
5.321547235020811968e+02	3.880623819317084444e-01	2.513458490538070800e-01	1.571744502635391838e-01	9.473505473428961432e-02	4.960769320917097353e-02	1.717382551733455040e-02	4.190074529009948229e-02
5.369924937157364866e+02	3.865575974750627974e-01	2.504159562269480110e-01	1.581949623961439177e-01	9.538888428383889007e-02	4.986582415035915872e-02	1.730517495048344845e-02	4.227160051711313649e-02
5.418302639293917764e+02	3.850633403505024921e-01	2.494896250205283772e-01	1.592090207913239852e-01	9.603869571872505895e-02	5.012245027618614235e-02	1.743603317483110107e-02	4.264083466785221349e-02
5.466680341430470662e+02	3.835794842564136387e-01	2.485668931025072359e-01	1.602166662488877236e-01	9.668452518022296882e-02	5.037758349645194561e-02	1.756640115939501340e-02	4.300844655607084094e-02
5.515058043567023560e+02	3.821059058476837800e-01	2.476477959701192111e-01	1.612179395394840731e-01	9.732640798145233973e-02	5.063123550893852687e-02	1.769627987999907587e-02	4.337443527227240886e-02
5.563435745703576458e+02	3.806424846432522879e-01	2.467323670284237436e-01	1.622128813895939992e-01	9.796437864001666940e-02	5.088341780657825580e-02	1.782567031911712341e-02	4.373880017296729456e-02
5.611813447840129356e+02	3.791891029367499555e-01	2.458206376661642156e-01	1.632015324673701806e-01	9.859847090924038493e-02	5.113414168433853824e-02	1.795457346572285062e-02	4.410154087036325526e-02
5.660191149976681118e+02	3.777456457101219800e-01	2.449126373290284320e-01	1.641839333692853287e-01	9.922871780806422071e-02	5.138341824583390893e-02	1.808299031514568750e-02	4.446265722246978830e-02
5.708568852113234016e+02	3.763120005501345844e-01	2.440083935903984702e-01	1.651601246075520002e-01	9.985515164965659551e-02	5.163125840967667385e-02	1.821092186893224704e-02	4.482214932359879916e-02
5.756946554249786914e+02	3.748880575676664106e-01	2.431079322196756654e-01	1.661301465982776004e-01	1.004778040687955148e-01	5.187767291557645460e-02	1.833836913471302912e-02	4.518001749524464677e-02
5.805324256386339812e+02	3.734737093196916491e-01	2.422112772482628018e-01	1.670940396503206304e-01	1.010967060480740948e-01	5.212267233019882151e-02	1.846533312607405442e-02	4.553626227732725240e-02
5.853701958522892710e+02	3.720688507338626438e-01	2.413184510332834487e-01	1.680518439548147613e-01	1.017118879429798478e-01	5.236626705279261162e-02	1.859181486243311962e-02	4.589088441978287497e-02
5.902079660659445608e+02	3.706733790356045999e-01	2.404294743191150163e-01	1.690035995753300657e-01	1.023233795058962892e-01	5.260846732059529934e-02	1.871781536892037218e-02	4.624388487448765489e-02
5.950457362795999643e+02	3.692871936776372377e-01	2.395443662968103904e-01	1.699493464386408192e-01	1.029312099090728683e-01	5.284928321402532214e-02	1.884333567626296155e-02	4.659526478749973638e-02
5.998835064932552541e+02	3.679101962718414609e-01	2.386631446614791985e-01	1.708891243260711457e-01	1.035354077666077455e-01	5.308872466166985465e-02	1.896837682067348957e-02	4.694502549160644439e-02
6.047212767069104302e+02	3.665422905233914896e-01	2.377858256676987636e-01	1.718229728653916655e-01	1.041360011554856024e-01	5.332680144507635084e-02	1.909293984374200309e-02	4.729316849916351262e-02
6.095590469205657200e+02	3.651833821670754654e-01	2.369124241830212474e-01	1.727509315232403087e-01	1.047330176357113424e-01	5.356352320335572292e-02	1.921702579233135547e-02	4.763969549521394897e-02
6.143968171342210098e+02	3.638333789057316969e-01	2.360429537396419308e-01	1.736730395980422836e-01	1.053264842695783715e-01	5.379889943760471360e-02	1.934063571847566276e-02	4.798460833087475619e-02
6.192345873478761860e+02	3.624921903507276055e-01	2.351774265842910550e-01	1.745893362134056659e-01	1.059164276401087235e-01	5.403293951515472648e-02	1.946377067928167434e-02	4.832790901698004460e-02
6.240723575615315895e+02	3.611597279644131464e-01	2.343158537264096175e-01	1.754998603119691525e-01	1.065028738687007620e-01	5.426565267365414391e-02	1.958643173683288080e-02	4.866959971796974010e-02
6.289101277751868793e+02	3.598359050044820373e-01	2.334582449846675511e-01	1.764046506496806666e-01	1.070858486320185737e-01	5.449704802499085593e-02	1.970861995809616851e-02	4.900968274601358310e-02
6.337478979888421691e+02	3.585206364701757353e-01	2.326046090318804327e-01	1.773037457904851066e-01	1.076653771781555663e-01	5.472713455906133562e-02	1.983033641483084031e-02	4.934816055536039164e-02
6.385856682024975726e+02	3.572138390502683225e-01	2.317549534383794019e-01	1.781971841014022839e-01	1.082414843421038164e-01	5.495592114739255435e-02	1.995158218349987050e-02	4.968503573690311037e-02
6.434234384161527487e+02	3.559154310727721815e-01	2.309092847138867755e-01	1.790850037479749801e-01	1.088141945605589772e-01	5.518341654662263507e-02	2.007235834518322423e-02	5.002031101295069393e-02
6.482612086298080385e+02	3.546253324563057863e-01	2.300676083479479272e-01	1.799672426900694178e-01	1.093835318860893607e-01	5.540962940184586405e-02	2.019266598549311273e-02	5.035398923219798484e-02
6.530989788434633283e+02	3.533434646630685405e-01	2.292299288489691722e-01	1.808439386780107128e-01	1.099495200006967849e-01	5.563456824982770249e-02	2.031250619449104927e-02	5.068607336488540477e-02
6.579367490571185044e+02	3.520697506533675414e-01	2.283962497819081172e-01	1.817151292490364056e-01	1.105121822287954414e-01	5.585824152209482168e-02	2.043188006660657738e-02	5.101656649814047956e-02
6.627745192707737942e+02	3.508041148416434218e-01	2.275665738046631359e-01	1.825808517240523898e-01	1.110715415496338482e-01	5.608065754790544227e-02	2.055078870055757415e-02	5.134547183149357902e-02
6.676122894844290840e+02	3.495464830539465884e-01	2.267409027032057101e-01	1.834411432046757218e-01	1.116276206091840889e-01	5.630182455710455725e-02	2.066923319927200381e-02	5.167279267256072450e-02
6.724500596980843738e+02	3.482967824868126727e-01	2.259192374254986313e-01	1.842960405705504900e-01	1.121804417315213492e-01	5.652175068286894449e-02	2.078721466981102439e-02	5.199853243288637961e-02
6.772878299117396637e+02	3.470549416674913457e-01	2.251015781142410854e-01	1.851455804769220337e-01	1.127300269297157875e-01	5.674044396434619469e-02	2.090473422329337458e-02	5.232269462393970838e-02
6.821256001253949535e+02	3.458208904154828622e-01	2.242879241384807543e-01	1.859897993524569637e-01	1.132763979162579454e-01	5.695791234919220236e-02	2.102179297482090203e-02	5.264528285325786178e-02
6.869633703390502433e+02	3.445945598053373193e-01	2.234782741241315707e-01	1.868287333972960262e-01	1.138195761130378625e-01	5.717416369601111686e-02	2.113839204340522623e-02	5.296630082073031792e-02
6.918011405527055331e+02	3.433758821306751585e-01	2.226726259834337085e-01	1.876624185813277612e-01	1.143595826608972965e-01	5.738920577670176409e-02	2.125453255189538662e-02	5.328575231501836429e-02
6.966389107663608229e+02	3.421647908693866702e-01	2.218709769433927226e-01	1.884908906426715214e-01	1.148964384287735063e-01	5.760304627871425109e-02	2.137021562690645873e-02	5.360364121010422617e-02
7.014766809800161127e+02	3.409612206499719744e-01	2.210733235732316448e-01	1.893141850863591380e-01	1.154301640224524583e-01	5.781569280722047982e-02	2.148544239874903075e-02	5.391997146196458868e-02
7.063144511936714025e+02	3.397651072189818988e-01	2.202796618108903426e-01	1.901323371832039921e-01	1.159607797929482625e-01	5.802715288720197706e-02	2.160021400135952313e-02	5.423474710536328042e-02
7.111522214073266923e+02	3.385763874095233938e-01	2.194899869886041133e-01	1.909453819688485265e-01	1.164883058445252695e-01	5.823743396545837808e-02	2.171453157223123334e-02	5.454797225075842110e-02
7.159899916209819821e+02	3.373949991107932367e-01	2.187042938575928519e-01	1.917533542429796234e-01	1.170127620423782322e-01	5.844654341253986696e-02	2.182839625234615430e-02	5.485965108131926615e-02
7.208277618346371582e+02	3.362208812386062173e-01	2.179225766118914054e-01	1.925562885687037151e-01	1.175341680199855493e-01	5.865448852460653645e-02	2.194180918610738953e-02	5.516978785004838376e-02
7.256655320482924481e+02	3.350539737068828350e-01	2.171448289113498964e-01	1.933542192720720809e-01	1.180525431861496333e-01	5.886127652521769282e-02	2.205477152127222062e-02	5.547838687700488297e-02
7.305033022619478515e+02	3.338942174000657515e-01	2.163710439038323829e-01	1.941471804417485847e-01	1.185679067317382263e-01	5.906691456705397830e-02	2.216728440888575402e-02	5.578545254662459901e-02
7.353410724756030277e+02	3.327415541464327498e-01	2.156012142466416093e-01	1.949352059288118888e-01	1.190802776361396809e-01	5.927140973357492015e-02	2.227934900321508829e-02	5.609098930513338466e-02
7.401788426892584312e+02	3.315959266922767212e-01	2.148353321271952721e-01	1.957183293466843721e-01	1.195896746734445848e-01	5.947476904061462649e-02	2.239096646168398444e-02	5.639500165804975373e-02
7.450166129029136073e+02	3.304572786769230386e-01	2.140733892829801421e-01	1.964965840711809242e-01	1.200961164183657198e-01	5.967699943791808515e-02	2.250213794480803581e-02	5.669749416777339346e-02
7.498543831165690108e+02	3.293255546085562813e-01	2.133153770208080502e-01	1.972700032406703996e-01	1.205996212519078736e-01	5.987810781062047338e-02	2.261286461613024393e-02	5.699847145125599979e-02
7.546921533302243006e+02	3.282006998408293352e-01	2.125612862353979948e-01	1.980386197563434592e-01	1.211002073667983431e-01	6.007810098067181692e-02	2.272314764215705232e-02	5.729793817775131332e-02
7.595299235438793630e+02	3.270826605502283324e-01	2.118111074273066607e-01	1.988024662825806643e-01	1.215978927726886066e-01	6.027698570820920476e-02	2.283298819229472032e-02	5.759589906664112219e-02
7.643676937575347665e+02	3.259713837141682280e-01	2.110648307202303009e-01	1.995615752474143856e-01	1.220926953011372135e-01	6.047476869287862766e-02	2.294238743878610973e-02	5.789235888533439400e-02
7.692054639711900563e+02	3.248668170897944796e-01	2.103224458776986605e-01	2.003159788430797505e-01	1.225846326103834372e-01	6.067145657510860518e-02	2.305134655664780804e-02	5.818732244723651831e-02
7.740432341848452324e+02	3.237689091934666252e-01	2.095839423191823703e-01	2.010657090266483038e-01	1.230737221899209366e-01	6.086705593733741232e-02	2.315986672360757781e-02	5.848079460978602290e-02
7.788810043985006359e+02	3.226776092809019447e-01	2.088493091356330711e-01	2.018107975207399096e-01	1.235599813648801115e-01	6.106157330519590420e-02	2.326794912004213553e-02	5.877278027255613407e-02
7.837187746121558121e+02	3.215928673279560002e-01	2.081185351044761433e-01	2.025512758143079017e-01	1.240434273002274795e-01	6.125501514864769431e-02	2.337559492891522553e-02	5.906328437541871756e-02
7.885565448258112156e+02	3.205146340120194615e-01	2.073916087040743594e-01	2.032871751634925395e-01	1.245240770047904288e-01	6.144738788308838628e-02	2.348280533571598175e-02	5.935231189676805352e-02
7.933943150394665054e+02	3.194428606940095672e-01	2.066685181276807781e-01	2.040185265925387736e-01	1.250019473351145494e-01	6.163869787040555936e-02	2.358958152839758793e-02	5.963986785180238476e-02
7.982320852531219089e+02	3.183774994009378467e-01	2.059492512968980060e-01	2.047453608947739090e-01	1.254770549991612860e-01	6.182895142000113115e-02	2.369592469731617718e-02	5.992595729086083733e-02
8.030698554667769713e+02	3.173185028090333426e-01	2.052337958746607849e-01	2.054677086336409997e-01	1.259494165598527560e-01	6.201815478977750623e-02	2.380183603517002991e-02	6.021058529781373597e-02
8.079076256804323748e+02	3.162658242274034581e-01	2.045221392777582248e-01	2.061856001437845365e-01	1.264190484384705715e-01	6.220631418708913452e-02	2.390731673693898690e-02	6.049375698850424643e-02
8.127453958940876646e+02	3.152194175822142785e-01	2.038142686889111987e-01	2.068990655321845396e-01	1.268859669179147887e-01	6.239343576966074889e-02	2.401236799982415029e-02	6.077547750923947140e-02
8.175831661077428407e+02	3.141792374013728795e-01	2.031101710684203587e-01	2.076081346793356153e-01	1.273501881458297402e-01	6.257952564647367710e-02	2.411699102318780666e-02	6.105575203532907086e-02
8.224209363213982442e+02	3.131452387996953024e-01	2.024098331653989558e-01	2.083128372404681183e-01	1.278117281376018599e-01	6.276458987862161554e-02	2.422118700849359638e-02	6.133458576966972775e-02
8.272587065350534203e+02	3.121173774645429888e-01	2.017132415286052582e-01	2.090132026468074500e-01	1.282706027792358539e-01	6.294863448013690577e-02	2.432495715924693283e-02	6.161198394137373108e-02
8.320964767487085965e+02	3.110956096419132955e-01	2.010203825168875857e-01	2.097092601068695772e-01	1.287268278301141877e-01	6.313166541878871552e-02	2.442830268093563323e-02	6.188795180444008753e-02
8.369342469623640000e+02	3.100798921229677707e-01	2.003312423092557526e-01	2.104010386077891648e-01	1.291804189256450797e-01	6.331368861685413019e-02	2.453122478097080963e-02	6.216249463646651707e-02
8.417720171760191761e+02	3.090701822309840363e-01	1.996458069145910785e-01	2.110885669166779333e-01	1.296313915798039673e-01	6.349470995186325128e-02	2.463372466862799245e-02	6.243561773740097937e-02
8.466097873896745796e+02	3.080664378087177302e-01	1.989640621810080945e-01	2.117718735820109943e-01	1.300797611875732507e-01	6.367473525731949524e-02	2.473580355498846209e-02	6.270732642833122539e-02
8.514475576033297557e+02	3.070686172061594110e-01	1.982859938048789905e-01	2.124509869350382496e-01	1.305255430272848072e-01	6.385377032339589753e-02	2.483746265288085120e-02	6.297762605031100025e-02
8.562853278169851592e+02	3.060766792686749893e-01	1.976115873395328792e-01	2.131259350912189099e-01	1.309687522628692757e-01	6.403182089760858786e-02	2.493870317682296903e-02	6.324652196322171072e-02
8.611230980306403353e+02	3.050905833255149191e-01	1.969408282036408664e-01	2.137967459516768587e-01	1.314094039460166063e-01	6.420889268546810247e-02	2.503952634296386509e-02	6.351401954466805166e-02
8.659608682442956251e+02	3.041102891786823248e-01	1.962737016892976138e-01	2.144634472046749452e-01	1.318475130182517330e-01	6.438499135110981042e-02	2.513993336902613229e-02	6.378012418890675883e-02
8.707986384579510286e+02	3.031357570921452416e-01	1.956101929698097486e-01	2.151260663271060414e-01	1.322830943129290615e-01	6.456012251790387013e-02	2.523992547424846328e-02	6.404484130580696821e-02
8.756364086716062047e+02	3.021669477813841431e-01	1.949502871072011922e-01	2.157846305859991987e-01	1.327161625571491588e-01	6.473429176904588189e-02	2.533950387932843579e-02	6.430817631984132865e-02
8.804741788852616082e+02	3.012038224032621003e-01	1.942939690594453206e-01	2.164391670400391265e-01	1.331467323736016395e-01	6.490750464812884701e-02	2.543866980636557557e-02	6.457013466910668797e-02
8.853119490989170117e+02	3.002463425462069124e-01	1.936412236874327231e-01	2.170897025410972736e-01	1.335748182823370822e-01	6.507976665969721075e-02	2.553742447880465519e-02	6.483072180437345067e-02
8.901497193125721878e+02	2.992944702206954966e-01	1.929920357616842219e-01	2.177362637357730668e-01	1.340004347024710829e-01	6.525108326978372453e-02	2.563576912137926003e-02	6.508994318816242741e-02
8.949874895262273640e+02	2.983481678500300438e-01	1.923463899688174772e-01	2.183788770669437829e-01	1.344235959538239988e-01	6.542145990642980746e-02	2.573370496005559366e-02	6.534780429384855205e-02
8.998252597398827675e+02	2.974073982613962830e-01	1.917042709177759208e-01	2.190175687753214973e-01	1.348443162584985200e-01	6.559090196019015662e-02	2.583123322197658847e-02	6.560431060479028631e-02
9.046630299535379436e+02	2.964721246771945817e-01	1.910656631458278187e-01	2.196523649010161394e-01	1.352626097423984541e-01	6.575941478462206391e-02	2.592835513540626621e-02	6.585946761348393519e-02
9.095008001671932334e+02	2.955423107066348920e-01	1.904305511243437332e-01	2.202832912851030722e-01	1.356784904366908351e-01	6.592700369676017524e-02	2.602507192967436558e-02	6.611328082074220680e-02
9.143385703808486369e+02	2.946179203375864364e-01	1.897989192643595724e-01	2.209103735711941963e-01	1.360919722792144626e-01	6.609367397757735796e-02	2.612138483512127865e-02	6.636575573489598978e-02
9.191763405945038130e+02	2.936989179286744744e-01	1.891707519219329725e-01	2.215336372070113857e-01	1.365030691158365117e-01	6.625943087243192642e-02	2.621729508304324399e-02	6.661689787101877924e-02
9.240141108081592165e+02	2.927852682016148234e-01	1.885460334032998952e-01	2.221531074459613675e-01	1.369117947017601811e-01	6.642427959150222494e-02	2.631280390563784516e-02	6.686671275017290472e-02
9.288518810218145063e+02	2.918769362337796380e-01	1.879247479698381573e-01	2.227688093487107945e-01	1.373181627027853791e-01	6.658822531020860969e-02	2.640791253594981444e-02	6.711520589867686626e-02
9.336896512354697961e+02	2.909738874509853468e-01	1.873068798428449144e-01	2.233807677847608197e-01	1.377221866965241681e-01	6.675127316962368995e-02	2.650262220781710726e-02	6.736238284739320958e-02
9.385274214491247449e+02	2.900760876204966365e-01	1.866924132081341503e-01	2.239890074340202264e-01	1.381238801735736599e-01	6.691342827687099537e-02	2.659693415581732348e-02	6.760824913103621880e-02
9.433651916627801484e+02	2.891835028442388267e-01	1.860813322204605269e-01	2.245935527883761995e-01	1.385232565386475545e-01	6.707469570551288784e-02	2.669084961521439245e-02	6.785281028749874654e-02
9.482029618764355519e+02	2.882960995522114711e-01	1.854736210077756464e-01	2.251944281532621273e-01	1.389203291116687389e-01	6.723508049592780145e-02	2.678436982190563267e-02	6.809607185719772360e-02
9.530407320900908417e+02	2.874138444960971928e-01	1.848692636753219987e-01	2.257916576492214333e-01	1.393151111288243593e-01	6.739458765567739318e-02	2.687749601236907523e-02	6.833803938243769582e-02
9.578785023037459041e+02	2.865367047430586456e-01	1.842682443095710054e-01	2.263852652134674126e-01	1.397076157435850896e-01	6.755322215986404866e-02	2.697022942361114450e-02	6.857871840679181930e-02
9.627162725174014213e+02	2.856646476697183856e-01	1.836705469820097414e-01	2.269752746014373768e-01	1.400978560276901763e-01	6.771098895147896479e-02	2.706257129311465809e-02	6.881811447449982799e-02
9.675540427310568248e+02	2.847976409563142686e-01	1.830761557527821881e-01	2.275617093883414987e-01	1.404858449721001212e-01	6.786789294174135068e-02	2.715452285878718758e-02	6.905623312988247442e-02
9.723918129447120009e+02	2.839356525810258769e-01	1.824850546741894064e-01	2.281445929707053566e-01	1.408715954879178056e-01	6.802393901042903812e-02	2.724608535890972114e-02	6.929307991677183254e-02
9.772295831583674044e+02	2.830786508144655378e-01	1.818972277940540672e-01	2.287239485679055939e-01	1.412551204072800826e-01	6.817913200620072389e-02	2.733726003208570426e-02	6.952866037795728260e-02
9.820673533720223531e+02	2.822266042143288800e-01	1.813126591589537817e-01	2.292997992236985028e-01	1.416364324842207534e-01	6.833347674691039875e-02	2.742804811719039976e-02	6.976298005464631746e-02
9.869051235856777566e+02	2.813794816201998228e-01	1.807313328173274780e-01	2.298721678077407515e-01	1.420155443955063435e-01	6.848697801991400491e-02	2.751845085332064317e-02	6.999604448594004547e-02
9.917428937993331601e+02	2.805372521485044457e-01	1.801532328224599022e-01	2.304410770171020362e-01	1.423924687414459822e-01	6.863964058236887711e-02	2.760846947974491400e-02	7.022785920832290418e-02
9.965806640129884499e+02	2.796998851876095760e-01	1.795783432353478259e-01	2.310065493777692658e-01	1.427672180466763863e-01	6.879146916152605040e-02	2.769810523585380588e-02	7.045842975516611317e-02
1.001418434226643626e+03	2.788673503930605979e-01	1.790066481274522892e-01	2.315686072461418388e-01	1.431398047609231949e-01	6.894246845501585119e-02	2.778735936111084714e-02	7.068776165624444940e-02
1.006256204440298802e+03	2.780396176829543764e-01	1.784381315833408199e-01	2.321272728105176486e-01	1.435102412597394905e-01	6.909264313112688238e-02	2.787623309500368574e-02	7.091586043726615107e-02
1.011093974653954206e+03	2.772166572334429646e-01	1.778727777032235724e-01	2.326825680925698747e-01	1.438785398452227804e-01	6.924199782907881906e-02	2.796472767699566958e-02	7.114273161941533918e-02
1.015931744867609382e+03	2.763984394743637663e-01	1.773105706053867692e-01	2.332345149488134761e-01	1.442447127467111623e-01	6.939053715928916732e-02	2.805284434647779129e-02	7.136838071890688751e-02
1.020769515081264785e+03	2.755849350849914337e-01	1.767514944285272505e-01	2.337831350720621371e-01	1.446087721214599497e-01	6.953826570363415283e-02	2.814058434272102491e-02	7.159281324655306089e-02
1.025607285294920075e+03	2.747761149899086708e-01	1.761955333339915164e-01	2.343284499928744713e-01	1.449707300552991462e-01	6.968518801570418308e-02	2.822794890482903038e-02	7.181603470734197747e-02
1.030445055508575479e+03	2.739719503549910562e-01	1.756426715079225931e-01	2.348704810809901511e-01	1.453305985632729058e-01	6.983130862105373093e-02	2.831493927169129871e-02	7.203805060002728411e-02
1.035282825722230655e+03	2.731724125835027217e-01	1.750928931633177199e-01	2.354092495467549062e-01	1.456883895902618686e-01	6.997663201744626360e-02	2.840155668193661623e-02	7.225886641672887856e-02
1.040120595935886058e+03	2.723774733122993341e-01	1.745461825420004109e-01	2.359447764425349481e-01	1.460441150115889264e-01	7.012116267509402312e-02	2.848780237388699038e-02	7.247848764254435916e-02
1.044958366149541234e+03	2.715871044081342722e-01	1.740025239165093052e-01	2.364770826641201251e-01	1.463977866336091116e-01	7.026490503689317157e-02	2.857367758551193973e-02	7.269691975517095228e-02
1.049796136363196410e+03	2.708012779640657230e-01	1.734619015919072749e-01	2.370061889521162535e-01	1.467494161942846098e-01	7.040786351865425952e-02	2.865918355438320728e-02	7.291416822453751501e-02
1.054633906576851814e+03	2.700199662959601454e-01	1.729242999075132625e-01	2.375321158933255405e-01	1.470990153637452280e-01	7.055004250932821186e-02	2.874432151762984847e-02	7.313023851244664086e-02
1.059471676790506763e+03	2.692431419390903247e-01	1.723897032385593442e-01	2.380548839221160173e-01	1.474465957448351239e-01	7.069144637122812269e-02	2.882909271189376677e-02	7.334513607222618858e-02
1.064309447004162394e+03	2.684707776448239658e-01	1.718580959977761558e-01	2.385745133217793690e-01	1.477921688736464623e-01	7.083207944024690061e-02	2.891349837328563085e-02	7.355886634839042815e-02
1.069147217217817570e+03	2.677028463774003275e-01	1.713294626369089579e-01	2.390910242258770246e-01	1.481357462200402209e-01	7.097194602607091729e-02	2.899753973734121512e-02	7.377143477631022128e-02
1.073984987431472746e+03	2.669393213107920659e-01	1.708037876481664774e-01	2.396044366195747011e-01	1.484773391881553106e-01	7.111105041238992286e-02	2.908121803897815646e-02	7.398284678189225028e-02
1.078822757645127922e+03	2.661801758256493455e-01	1.702810555656053271e-01	2.401147703409650669e-01	1.488169591169059836e-01	7.124939685710314496e-02	2.916453451245312745e-02	7.419310778126687878e-02
1.083660527858783553e+03	2.654253835063239975e-01	1.697612509664521152e-01	2.406220450823786383e-01	1.491546172804682213e-01	7.138698959252191834e-02	2.924749039131941883e-02	7.440222318048461680e-02
1.088498298072438729e+03	2.646749181379704496e-01	1.692443584723652972e-01	2.411262803916829345e-01	1.494903248887555491e-01	7.152383282556891431e-02	2.933008690838495580e-02	7.461019837522081533e-02
