1.252982485336718355e+03	2.403771420149516114e-01	1.552184456168959059e-01	2.556562836248159054e-01	1.580902438134133003e-01	7.565980622148744950e-02	3.156484600542269064e-02	8.343323270247797463e-02
1.257820255550373531e+03	2.397868213221842626e-01	1.547262953558561083e-01	2.560932961697245935e-01	1.584898914333531250e-01	7.577117052118341467e-02	3.164043450677785085e-02	8.349209069038547593e-02
1.262658025764028707e+03	2.391977047921912125e-01	1.542392340935267170e-01	2.565272918068071673e-01	1.588818486101021832e-01	7.588140094335613095e-02	3.171553259204507036e-02	8.355698716143632188e-02
1.267495795977684338e+03	2.386099128128754965e-01	1.537571097770547568e-01	2.569582743778602851e-01	1.592664610321928575e-01	7.599058257127636051e-02	3.179016173024545172e-02	8.362749769795961574e-02
1.272333566191339514e+03	2.380235579624830622e-01	1.532797780700455859e-01	2.573862501675071579e-01	1.596440545117863707e-01	7.609879314642550852e-02	3.186434179889139490e-02	8.370322434232572995e-02
1.277171336404994690e+03	2.374387454483751214e-01	1.528071019264257979e-01	2.578112276759415011e-01	1.600149361899841916e-01	7.620610361738359984e-02	3.193809119149012415e-02	8.378379394986444628e-02
1.282009106618650094e+03	2.368555735216532898e-01	1.523389511879942315e-01	2.582332174085134602e-01	1.603793956676023147e-01	7.631257865067758717e-02	3.201142691810131974e-02	8.386885664492259307e-02
1.286846876832305497e+03	2.362741338689525739e-01	1.518752022043490524e-01	2.586522316810049293e-01	1.607377060660674650e-01	7.641827710612585089e-02	3.208436469939124347e-02	8.395808437357371590e-02
1.291684647045960673e+03	2.356945119826473478e-01	1.514157374739512063e-01	2.590682844395181816e-01	1.610901250228006509e-01	7.652325247904885608e-02	3.215691905459771432e-02	8.405116954690086684e-02
1.296522417259616077e+03	2.351167875106468796e-01	1.509604453051526241e-01	2.594813910939728907e-01	1.614368956251797660e-01	7.662755331156125005e-02	3.222910338379388062e-02	8.414782376915753981e-02
1.301360187473271253e+03	2.345410345868952362e-01	1.505092194960819529e-01	2.598915683642717966e-01	1.617782472869147559e-01	7.673122357501575841e-02	3.230093004481441460e-02	8.424777664547089540e-02
1.306197957686926657e+03	2.339673221436284756e-01	1.500619590323426233e-01	2.602988341382587167e-01	1.621143965704286427e-01	7.683430302553402591e-02	3.237241042518433642e-02	8.435077466408802405e-02
1.311035727900581833e+03	2.333957142063866341e-01	1.496185678015340415e-01	2.607032073406500006e-01	1.624455479586114914e-01	7.693682753443246980e-02	3.244355500936933756e-02	8.445658014848089756e-02
1.315873498114237009e+03	2.328262701727229766e-01	1.491789543236629878e-01	2.611047078121753739e-01	1.627718945791028216e-01	7.703882939523287732e-02	3.251437344164619103e-02	8.456497027492164420e-02
1.320711268327892412e+03	2.322590450755023517e-01	1.487430314965625666e-01	2.615033561982143540e-01	1.630936188840604872e-01	7.714033760883662327e-02	3.258487458487283051e-02	8.467573615141565924e-02
1.325549038541547588e+03	2.316940898316325881e-01	1.483107163554854557e-01	2.618991738462618790e-01	1.634108932881871978e-01	7.724137814833763327e-02	3.265506657541999286e-02	8.478868195414000775e-02
1.330386808755202765e+03	2.311314514770264616e-01	1.478819298460840592e-01	2.622921827116026505e-01	1.637238807676129337e-01	7.734197420485219854e-02	3.272495687450968638e-02	8.490362411777678531e-02
1.335224578968857941e+03	2.305711733885488779e-01	1.474565966100334080e-01	2.626824052706124291e-01	1.640327354220679490e-01	7.744214641565312640e-02	3.279455231619015504e-02	8.502039057635886465e-02
1.340062349182513572e+03	2.300132954936628671e-01	1.470346447825943703e-01	2.630698644411468834e-01	1.643376030026287016e-01	7.754191307581083381e-02	3.286385915216247233e-02	8.513882005145874399e-02
1.344900119396168748e+03	2.294578544684495458e-01	1.466160058014531475e-01	2.634545835095115085e-01	1.646386214071755005e-01	7.764129033446463823e-02	3.293288309366023542e-02	8.525876138475026178e-02
1.349737889609823924e+03	2.289048839246397016e-01	1.462006142262099739e-01	2.638365860635429327e-01	1.649359211455670993e-01	7.774029237677348991e-02	3.300162935057098651e-02	8.538007291216068162e-02
1.354575659823479100e+03	2.283544145862610453e-01	1.457884075679242719e-01	2.642158959313609667e-01	1.652296257764114262e-01	7.783893159252575078e-02	3.307010266797603265e-02	8.550262187700535810e-02
1.359413430037134731e+03	2.278064744564713417e-01	1.453793261281570437e-01	2.645925371253831648e-01	1.655198523171943492e-01	7.793721873232303810e-02	3.313830736027414958e-02	8.562628387966171595e-02
1.364251200250789907e+03	2.272610889751173202e-01	1.449733128469816723e-01	2.649665337912191498e-01	1.658067116294174859e-01	7.803516305219240778e-02	3.320624734304412906e-02	8.575094236149274907e-02
1.369088970464445310e+03	2.267182811675294285e-01	1.445703131594635871e-01	2.653379101610883750e-01	1.660903087802934053e-01	7.813277244742428129e-02	3.327392616279126192e-02	8.587648812087456118e-02
1.373926740678100487e+03	2.261780717850345457e-01	1.441702748601377815e-01	2.657066905114311428e-01	1.663707433824493653e-01	7.823005357638096458e-02	3.334134702471357181e-02	8.600281885931752857e-02
1.378764510891755890e+03	2.256404794376431211e-01	1.437731479750377073e-01	2.660728991244016295e-01	1.666481099129999144e-01	7.832701197497053680e-02	3.340851281861516309e-02	8.612983875579684201e-02
1.383602281105411066e+03	2.251055207193417285e-01	1.433788846408557138e-01	2.664365602529560340e-01	1.669224980132636704e-01	7.842365216243499249e-02	3.347542614308572639e-02	8.625745806752704858e-02
1.388440051319066470e+03	2.245732103263984869e-01	1.429874389908370180e-01	2.667976980892672323e-01	1.671939927703204598e-01	7.851997773905793065e-02	3.354208932805788357e-02	8.638559275552591676e-02
1.393277821532721646e+03	2.240435611690668738e-01	1.425987670470318103e-01	2.671563367362163599e-01	1.674626749815291138e-01	7.861599147635675577e-02	3.360850445584670498e-02	8.651416413341730949e-02
1.398115591746377049e+03	2.235165844770521937e-01	1.422128266185515300e-01	2.675125001817277304e-01	1.677286214030578315e-01	7.871169540028666312e-02	3.367467338076941125e-02	8.664309853801967221e-02
1.402953361960032225e+03	2.229922898990847613e-01	1.418295772054936066e-01	2.678662122757312636e-01	1.679919049834118494e-01	7.880709086794793206e-02	3.374059774743674162e-02	8.677232702035890533e-02
1.407791132173687402e+03	2.224706855969257047e-01	1.414489799082192800e-01	2.682174967095509177e-01	1.682525950828828720e-01	7.890217863825553513e-02	3.380627900780178163e-02	8.690178505582897561e-02
1.412628902387342805e+03	2.219517783341126982e-01	1.410709973416852669e-01	2.685663769975306092e-01	1.685107576797866824e-01	7.899695893699867910e-02	3.387171843704663010e-02	8.703141227230451471e-02
1.417466672600997981e+03	2.214355735597365316e-01	1.406955935545474434e-01	2.689128764607239264e-01	1.687664555643010877e-01	7.909143151668954208e-02	3.393691714838204671e-02	8.716115219508448198e-02
1.422304442814653157e+03	2.209220754875234893e-01	1.403227339527702566e-01	2.692570182124852107e-01	1.690197485206663686e-01	7.918559571157310351e-02	3.400187610683050310e-02	8.729095200761613493e-02
1.427142213028308333e+03	2.204112871704830279e-01	1.399523852274900115e-01	2.695988251458106832e-01	1.692706934984624101e-01	7.927945048814513673e-02	3.406659614205855696e-02	8.742076232701520566e-02
1.431979983241963964e+03	2.199032105713664975e-01	1.395845152868948613e-01	2.699383199222900043e-01	1.695193447736328962e-01	7.937299449150160557e-02	3.413107796032030516e-02	8.755053699345892448e-02
1.436817753455619140e+03	2.193978466291688079e-01	1.392190931918969310e-01	2.702755249625373168e-01	1.697657540998841197e-01	7.946622608782094588e-02	3.419532215556965460e-02	8.768023287258737419e-02
1.441655523669274316e+03	2.188951953218923607e-01	1.388560890953849103e-01	2.706104624379810919e-01	1.700099708510486862e-01	7.955914340326011858e-02	3.425932921979552015e-02	8.780980967010243443e-02
1.446493293882929493e+03	2.183952557257805571e-01	1.384954741848567483e-01	2.709431542639005874e-01	1.702520421549660878e-01	7.965174435952612764e-02	3.432309955263063844e-02	8.793922975780436857e-02
1.451331064096585123e+03	2.178980260712164718e-01	1.381372206282440729e-01	2.712736220936033948e-01	1.704920130193988970e-01	7.974402670636684953e-02	3.438663347028134837e-02	8.806845801035402543e-02
1.456168834310240300e+03	2.174035037954719085e-01	1.377813015227496440e-01	2.716018873136488709e-01	1.707299264504704983e-01	7.983598805120831199e-02	3.444993121382274731e-02	8.819746165209303712e-02
1.461006604523895703e+03	2.169116855924815568e-01	1.374276908465292268e-01	2.719279710400265282e-01	1.709658235640808266e-01	7.992762588614979458e-02	3.451299295690079399e-02	8.832621011329626348e-02
1.465844374737550879e+03	2.164225674598078131e-01	1.370763634130594266e-01	2.722518941152060612e-01	1.711997436907276848e-01	8.001893761251377413e-02	3.457581881288025044e-02	8.845467489526996629e-02
1.470682144951206283e+03	2.159361447429519465e-01	1.367272948280408018e-01	2.725736771059825148e-01	1.714317244741349888e-01	8.010992056313402665e-02	3.463840884147478816e-02	8.858282944374594459e-02
1.475519915164861459e+03	2.154524121771592415e-01	1.363804614486947286e-01	2.728933403020443182e-01	1.716618019640647197e-01	8.020057202255245765e-02	3.470076305489345342e-02	8.871064903005612678e-02
1.480357685378516862e+03	2.149713639268577559e-01	1.360358403453201248e-01	2.732109037151982389e-01	1.718900107036654135e-01	8.029088924528347826e-02	3.476288142353531341e-02	8.883811063960467269e-02
1.485195455592172038e+03	2.144929936228620326e-01	1.356934092649835222e-01	2.735263870791903584e-01	1.721163838116890055e-01	8.038086947229354517e-02	3.482476388126214129e-02	8.896519286718439223e-02
1.490033225805827215e+03	2.140172943974661957e-01	1.353531465972232506e-01	2.738398098500652855e-01	1.723409530598866979e-01	8.047050994583332395e-02	3.488641033027707616e-02	8.909187581871318151e-02
1.494870996019482618e+03	2.135442589175444716e-01	1.350150313416550452e-01	2.741511912070120349e-01	1.725637489458757001e-01	8.055980792275016511e-02	3.494782064563544538e-02	8.921814101899215588e-02
1.499708766233137567e+03	2.130738794157692739e-01	1.346790430773726066e-01	2.744605500536480003e-01	1.727848007617505677e-01	8.064876068639970086e-02	3.500899467941213927e-02	8.934397132511263939e-02
1.504546536446793198e+03	2.126061477200526795e-01	1.343451619340429171e-01	2.747679050196958350e-01	1.730041366586962948e-01	8.073736555726689079e-02	3.506993226454851315e-02	8.946935084516179082e-02
1.509384306660448374e+03	2.121410552813096928e-01	1.340133685646009432e-01	2.750732744630120519e-01	1.732217837078439682e-01	8.082561990239901795e-02	3.513063321840019515e-02	8.959426486189904504e-02
1.514222076874103550e+03	2.116785931996374159e-01	1.336836441194550473e-01	2.753766764719294824e-01	1.734377679575951070e-01	8.091352114374605886e-02	3.519109734600583267e-02	8.971869976109592137e-02
1.519059847087758726e+03	2.112187522489980818e-01	1.333559702221175647e-01	2.756781288678784581e-01	1.736521144876277678e-01	8.100106676549678753e-02	3.525132444309560936e-02	8.984264296425069352e-02
1.523897617301414357e+03	2.107615229004898838e-01	1.330303289461817751e-01	2.759776492082534061e-01	1.738648474597827842e-01	8.108825432049257542e-02	3.531131429885699807e-02	8.996608286540756783e-02
1.528735387515069533e+03	2.103068953442844002e-01	1.327067027935690258e-01	2.762752547894967159e-01	1.740759901660180464e-01	8.117508143579549307e-02	3.537106669847417395e-02	9.008900877182711431e-02
1.533573157728724709e+03	2.098548595103049419e-01	1.323850746739755613e-01	2.765709626503710106e-01	1.742855650736059858e-01	8.126154581748104566e-02	3.543058142545653377e-02	9.021141084826994616e-02
1.538410927942380113e+03	2.094054050877164896e-01	1.320654278854516139e-01	2.768647895753951760e-01	1.744935938677390497e-01	8.134764525472126806e-02	3.548985826377056008e-02	9.033328006467092330e-02
1.543248698156035516e+03	2.089585215432935017e-01	1.317477460960492230e-01	2.771567520984215549e-01	1.747000974916984029e-01	8.143337762321889439e-02	3.554889699978856094e-02	9.045460814699493590e-02
1.548086468369690692e+03	2.085141981387286514e-01	1.314320133264794133e-01	2.774468665063320461e-01	1.749050961847309349e-01	8.151874088804909879e-02	3.560769742406678928e-02	9.057538753107816087e-02
1.552924238583346096e+03	2.080724239469414483e-01	1.311182139337217778e-01	2.777351488428346782e-01	1.751086095177707136e-01	8.160373310596076568e-02	3.566625933296477952e-02	9.069561131927102171e-02
1.557762008797001272e+03	2.076331878674431142e-01	1.308063325955333422e-01	2.780216149123423408e-01	1.753106564271333656e-01	8.168835242718569534e-02	3.572458253011677465e-02	9.081527323971058663e-02
1.562599779010656675e+03	2.071964786408102277e-01	1.304963542958064160e-01	2.783062802839180172e-01	1.755112552463038711e-01	8.177259709680052835e-02	3.578266682776560376e-02	9.093436760806056229e-02
1.567437549224311852e+03	2.067622848623177634e-01	1.301882643107278859e-01	2.785891602952706991e-01	1.757104237359300714e-01	8.185646545568257826e-02	3.584051204796862011e-02	9.105288929156755973e-02
1.572275319437967255e+03	2.063305949947777940e-01	1.298820481956950990e-01	2.788702700567898263e-01	1.759081791121287486e-01	8.193995594109797220e-02	3.589811802368460952e-02	9.117083367529116300e-02
1.577113089651622431e+03	2.059013973806292641e-01	1.295776917729456468e-01	2.791496244556046502e-01	1.761045380732033372e-01	8.202306708695739079e-02	3.595548459975014821e-02	9.128819663037472665e-02
1.581950859865277607e+03	2.054746802533204963e-01	1.292751811198618594e-01	2.794272381596588639e-01	1.762995168248673028e-01	8.210579752377193674e-02	3.601261163375321650e-02	9.140497448423144655e-02
1.586788630078933011e+03	2.050504317480240646e-01	1.289745025579114024e-01	2.797031256217888950e-01	1.764931311040610074e-01	8.218814597833948299e-02	3.606949899681138882e-02	9.152116399252885337e-02
1.591626400292587959e+03	2.046286399117219768e-01	1.286756426421890587e-01	2.799773010837978138e-01	1.766853962014444945e-01	8.227011127318903383e-02	3.612614657426152509e-02	9.163676231286127516e-02
1.596464170506243590e+03	2.042092927126961388e-01	1.283785881515256688e-01	2.802497785805159736e-01	1.768763269826439666e-01	8.235169232580893950e-02	3.618255426626725696e-02	9.175176698000724052e-02
1.601301940719898766e+03	2.037923780494579062e-01	1.280833260791325034e-01	2.805205719438420009e-01	1.770659379083250884e-01	8.243288814768238992e-02	3.623872198835034059e-02	9.186617588267495527e-02
1.606139710933553943e+03	2.033778837591482258e-01	1.277898436237514812e-01	2.807896948067559739e-01	1.772542430531610369e-01	8.251369784315205902e-02	3.629464967185148244e-02	9.197998724164491158e-02
1.610977481147209119e+03	2.029657976254380103e-01	1.274981281812825329e-01	2.810571606073000162e-01	1.774412561237604102e-01	8.259412060813378642e-02	3.635033726432573831e-02	9.209319958922457250e-02
1.615815251360864750e+03	2.025561073859572236e-01	1.272081673368615495e-01	2.813229825925210315e-01	1.776269904756150597e-01	8.267415572869769858e-02	3.640578472987749531e-02	9.220581174993500162e-02
1.620653021574519926e+03	2.021488007392789887e-01	1.269199488573638512e-01	2.815871738223696963e-01	1.778114591291247992e-01	8.275380257953360297e-02	3.646099204943949873e-02	9.231782282235451165e-02
1.625490791788175102e+03	2.017438653514840308e-01	1.266334606843093902e-01	2.818497471735534332e-01	1.779946747847526989e-01	8.283306062231626798e-02	3.651595922100023955e-02	9.242923216204892989e-02
1.630328562001830505e+03	2.013412888623290486e-01	1.263486909271469005e-01	2.821107153433377590e-01	1.781766498373607843e-01	8.291192940398445232e-02	3.657068625978362325e-02	9.254003936552240850e-02
1.635166332215485909e+03	2.009410588910414963e-01	1.260656278568963173e-01	2.823700908532947307e-01	1.783573963897738535e-01	8.299040855494704827e-02	3.662517319838462515e-02	9.265024425512691231e-02
1.640004102429141085e+03	2.005431630417617295e-01	1.257842599001292028e-01	2.826278860529940484e-01	1.785369262656156253e-01	8.306849778722796840e-02	3.667942008686443656e-02	9.275984686487195874e-02
1.644841872642796488e+03	2.001475889086526960e-01	1.255045756332681950e-01	2.828841131236358719e-01	1.787152510214589374e-01	8.314619689256058654e-02	3.673342699280822410e-02	9.286884742708050033e-02
1.649679642856451665e+03	1.997543240806958775e-01	1.252265637771879103e-01	2.831387840816222412e-01	1.788923819583293495e-01	8.322350574044180826e-02	3.678719400134863871e-02	9.297724635983918573e-02
1.654517413070107068e+03	1.993633561461910786e-01	1.249502131921002568e-01	2.833919107820665473e-01	1.790683301325993182e-01	8.330042427615458323e-02	3.684072121515780812e-02	9.308504425519539827e-02
1.659355183283762244e+03	1.989746726969774393e-01	1.246755128727085743e-01	2.836435049222386096e-01	1.792431063663071922e-01	8.337695251876715841e-02	3.689400875441036648e-02	9.319224186805570576e-02
1.664192953497417420e+03	1.985882613323906587e-01	1.244024519436153081e-01	2.838935780449448609e-01	1.794167212569342529e-01	8.345309055911642737e-02	3.694705675672006751e-02	9.329884010574346354e-02
1.669030723711072824e+03	1.982041096629722499e-01	1.241310196549692546e-01	2.841421415418431407e-01	1.795891851866703026e-01	8.352883855778209243e-02	3.699986537705220180e-02	9.340484001817579707e-02
1.673868493924728000e+03	1.978222053139442604e-01	1.238612053783390288e-01	2.843892066566906518e-01	1.797605083311965835e-01	8.360419674305784310e-02	3.705243478761394149e-02	9.351024278862274386e-02
1.678706264138383403e+03	1.974425359284632531e-01	1.235929986028000555e-01	2.846347844885252498e-01	1.799307006680136711e-01	8.367916540892487987e-02	3.710476517772454130e-02	9.361504972501334676e-02
1.683544034352038352e+03	1.970650891706658137e-01	1.233263889312233713e-01	2.848788859947799512e-01	1.800997719843396294e-01	8.375374491303276547e-02	3.715685675366728336e-02	9.371926225175614134e-02
1.688381804565693983e+03	1.966898527285176890e-01	1.230613660767548578e-01	2.851215219943301071e-01	1.802677318846026000e-01	8.382793567469204454e-02	3.720870973852487273e-02	9.382288190204278455e-02
1.693219574779349159e+03	1.963168143164776003e-01	1.227979198594743165e-01	2.853627031704737971e-01	1.804345897975506985e-01	8.390173817288261449e-02	3.726032437199978953e-02	9.392591031060612550e-02
1.698057344993004335e+03	1.959459616779864188e-01	1.225360402032245194e-01	2.856024400738457758e-01	1.806003549830003108e-01	8.397515294428128940e-02	3.731170091022120022e-02	9.402834920690547604e-02
1.702895115206659511e+03	1.955772825877915566e-01	1.222757171326006448e-01	2.858407431252646402e-01	1.807650365382432456e-01	8.404818058131169334e-02	3.736283962553971216e-02	9.413020040871342142e-02
1.707732885420315142e+03	1.952107648541163143e-01	1.220169407700913561e-01	2.860776226185149929e-01	1.809286434041314506e-01	8.412082173021935561e-02	3.741374080631122007e-02	9.423146581608024541e-02
1.712570655633970318e+03	1.948463963206825134e-01	1.217597013333630435e-01	2.863130887230634913e-01	1.810911843708570279e-01	8.419307708917421473e-02	3.746440475667116993e-02	9.433214740565344647e-02
1.717408425847625494e+03	1.944841648685954327e-01	1.215039891326790827e-01	2.865471514867112823e-01	1.812526680834447568e-01	8.426494740640293191e-02	3.751483179630017012e-02	9.443224722533123672e-02
1.722246196061280898e+03	1.941240584180985163e-01	1.212497945684471168e-01	2.867798208381820979e-01	1.814131030469725570e-01	8.433643347835251269e-02	3.756502226018208074e-02	9.453176738923005362e-02
1.727083966274936301e+03	1.937660649302056226e-01	1.209971081288867406e-01	2.870111065896474578e-01	1.815724976315351014e-01	8.440753614788709669e-02	3.761497649835550405e-02	9.463071007294741877e-02
1.731921736488591478e+03	1.934101724082175899e-01	1.207459203878113174e-01	2.872410184391904764e-01	1.817308600769643179e-01	8.447825630251903917e-02	3.766469487565955732e-02	9.472907750910271318e-02
1.736759506702246881e+03	1.930563688991301374e-01	1.204962220025175140e-01	2.874695659732075526e-01	1.818881984973202415e-01	8.454859487267558926e-02	3.771417777147464956e-02	9.482687198313932697e-02
1.741597276915902057e+03	1.927046424949389603e-01	1.202480037117764494e-01	2.876967586687509404e-01	1.820445208851647900e-01	8.461855283000187244e-02	3.776342557945921996e-02	9.492409582937280654e-02
1.746435047129557461e+03	1.923549813338483183e-01	1.200012563339211136e-01	2.879226058958116452e-01	1.821998351156297324e-01	8.468813118570110710e-02	3.781243870728291656e-02	9.502075142727020585e-02
1.751272817343212637e+03	1.920073736013885590e-01	1.197559707650245608e-01	2.881471169195444770e-01	1.823541489502907564e-01	8.475733098891244377e-02	3.786121757635697166e-02	9.511684119794733272e-02
1.756110587556867813e+03	1.916618075314477365e-01	1.195121379771639514e-01	2.883703009024360941e-01	1.825074700408571282e-01	8.482615332512702389e-02	3.790976262156237064e-02	9.521236760087078976e-02
1.760948357770523216e+03	1.913182714072226009e-01	1.192697490167658053e-01	2.885921669064174244e-01	1.826598059326875467e-01	8.489459931464245213e-02	3.795807429097634855e-02	9.530733313075291646e-02
1.765786127984178393e+03	1.909767535620933154e-01	1.190287950030278347e-01	2.888127238949211861e-01	1.828111640681411298e-01	8.496267011105580746e-02	3.800615304559765151e-02	9.540174031462819726e-02
1.770623898197833569e+03	1.906372423804267024e-01	1.187892671264133143e-01	2.890319807348856185e-01	1.829615517897724697e-01	8.503036689979534546e-02	3.805399935907116671e-02	9.549559170910049133e-02
1.775461668411488745e+03	1.902997262983117943e-01	1.185511566472139400e-01	2.892499461987063647e-01	1.831109763433788340e-01	8.509769089669073916e-02	3.810161371741222630e-02	9.558888989775114753e-02
1.780299438625144376e+03	1.899641938042321565e-01	1.183144548941774260e-01	2.894666289661365077e-01	1.832594448809075072e-01	8.516464334658177537e-02	3.814899661873105696e-02	9.568163748869858154e-02
1.785137208838799552e+03	1.896306334396779536e-01	1.180791532631964014e-01	2.896820376261368124e-01	1.834069644632305152e-01	8.523122552196528423e-02	3.819614857295768745e-02	9.577383711230036401e-02
1.789974979052454728e+03	1.892990337997021988e-01	1.178452432160551344e-01	2.898961806786767292e-01	1.835535420627937286e-01	8.529743872167995511e-02	3.824307010156766107e-02	9.586549141898959014e-02
1.794812749266109904e+03	1.889693835334238237e-01	1.176127162792310193e-01	2.901090665364878252e-01	1.836991845661468670e-01	8.536328426962885851e-02	3.828976173730888610e-02	9.595660307723771765e-02
1.799650519479765535e+03	1.886416713444807325e-01	1.173815640427478824e-01	2.903207035267703628e-01	1.838438987763607313e-01	8.542876351353893838e-02	3.833622402392985323e-02	9.604717477163654538e-02
1.804488289693420711e+03	1.883158859914363104e-01	1.171517781590782070e-01	2.905310998928540833e-01	1.839876914153373011e-01	8.549387782375729439e-02	3.838245751590952520e-02	9.613720920109231072e-02
1.809326059907075887e+03	1.879920162881415502e-01	1.169233503420915865e-01	2.907402637958153013e-01	1.841305691260183564e-01	8.555862859208362980e-02	3.842846277818904449e-02	9.622670907712546629e-02
1.814163830120731291e+03	1.876700511040559072e-01	1.166962723660471962e-01	2.909482033160498693e-01	1.842725384744978712e-01	8.562301723063833747e-02	3.847424038590559897e-02	9.631567712227009914e-02
1.819001600334386467e+03	1.873499793645288514e-01	1.164705360646275667e-01	2.911549264548043414e-01	1.844136059520429249e-01	8.568704517076559946e-02	3.851979092412849415e-02	9.640411606856709448e-02
1.823839370548041643e+03	1.870317900510450881e-01	1.162461333300115890e-01	2.913604411356658375e-01	1.845537779770279885e-01	8.575071386197093137e-02	3.856511498759770951e-02	9.649202865614571467e-02
1.828677140761696819e+03	1.867154722014350288e-01	1.160230561119847542e-01	2.915647552060120495e-01	1.846930608967869425e-01	8.581402477089250525e-02	3.861021318046503614e-02	9.657941763188858386e-02
1.833514910975352450e+03	1.864010149100530922e-01	1.158012964170843373e-01	2.917678764384220580e-01	1.848314609893868254e-01	8.587697938030564027e-02	3.865508611603793443e-02	9.666628574817505426e-02
1.838352681189008081e+03	1.860884073279253648e-01	1.155808463077780263e-01	2.919698125320492332e-01	1.849689844653274740e-01	8.593957918815976760e-02	3.869973441652627133e-02	9.675263576169874924e-02
1.843190451402663257e+03	1.857776386628689769e-01	1.153616979016739152e-01	2.921705711139574446e-01	1.851056374691706086e-01	8.600182570664713366e-02	3.874415871279204837e-02	9.683847043235471741e-02
1.848028221616318433e+03	1.854686981795843070e-01	1.151438433707604458e-01	2.923701597404208541e-01	1.852414260811019175e-01	8.606372046130258968e-02	3.878835964410212722e-02	9.692379252219257557e-02
1.852865991829973609e+03	1.851615751997222059e-01	1.149272749406743954e-01	2.925685858981891818e-01	1.853763563184295526e-01	8.612526499013375969e-02	3.883233785788417491e-02	9.700860479443154660e-02
1.857703762043628785e+03	1.848562591019274892e-01	1.147119848899957745e-01	2.927658570057187770e-01	1.855104341370220622e-01	8.618646084278090702e-02	3.887609400948579402e-02	9.709291001253400610e-02
1.862541532257283961e+03	1.845527393218603651e-01	1.144979655495679677e-01	2.929619804143707706e-01	1.856436654326887037e-01	8.624730957970566658e-02	3.891962876193695575e-02	9.717671093933431814e-02
1.867379302470939592e+03	1.842510053521969615e-01	1.142852093018420223e-01	2.931569634095771426e-01	1.857760560425052443e-01	8.630781277140810170e-02	3.896294278571575675e-02	9.726001033621953229e-02
1.872217072684594768e+03	1.839510467426103690e-01	1.140737085802434603e-01	2.933508132119753142e-01	1.859076117460874145e-01	8.636797199767119737e-02	3.900603675851759683e-02	9.734281096235937458e-02
1.877054842898249490e+03	1.836528530997334485e-01	1.138634558685608922e-01	2.935435369785128201e-01	1.860383382668151508e-01	8.642778884683226248e-02	3.904891136502778443e-02	9.742511557398232658e-02
1.881892613111905121e+03	1.833564140871045134e-01	1.136544437003550040e-01	2.937351418035223372e-01	1.861682412730093772e-01	8.648726491508026970e-02	3.909156729669755609e-02	9.750692692369562764e-02
1.886730383325560297e+03	1.830617194250968582e-01	1.134466646583869170e-01	2.939256347197681252e-01	1.862973263790640710e-01	8.654640180577875819e-02	3.913400525152364862e-02	9.758824775984631383e-02
1.891568153539215928e+03	1.827687588908334937e-01	1.132401113740648946e-01	2.941150226994647121e-01	1.864255991465355866e-01	8.660520112881338328e-02	3.917622593383130597e-02	9.766908082592128115e-02
1.896405923752871104e+03	1.824775223180878647e-01	1.130347765269086729e-01	2.943033126552686007e-01	1.865530650851912886e-01	8.666366449996341925e-02	3.921823005406084584e-02	9.774942885998401387e-02
1.901243693966526507e+03	1.821879995971710797e-01	1.128306528440301826e-01	2.944905114412438851e-01	1.866797296540192441e-01	8.672179354029665999e-02	3.926001832855768869e-02	9.782929459414602125e-02
1.906081464180181683e+03	1.819001806748073713e-01	1.126277330996301451e-01	2.946766258538021654e-01	1.868055982622011391e-01	8.677958987558694048e-02	3.930159147936598124e-02	9.790868075407095639e-02
1.910919234393836859e+03	1.816140555539978163e-01	1.124260101145094504e-01	2.948616626326185375e-01	1.869306762700499169e-01	8.683705513575376567e-02	3.934295023402568231e-02	9.798759005850958548e-02
1.915757004607492036e+03	1.813296142938733979e-01	1.122254767555948690e-01	2.950456284615225466e-01	1.870549689899136669e-01	8.689419095432307505e-02	3.938409532537318763e-02	9.806602521886406687e-02
1.920594774821147894e+03	1.810468470095381865e-01	1.120261259354780742e-01	2.952285299693669374e-01	1.871784816870476764e-01	8.695099896790892124e-02	3.942502749134543794e-02	9.814398893877954166e-02
1.925432545034802843e+03	1.807657438719031673e-01	1.118279506119676525e-01	2.954103737308734212e-01	1.873012195804558411e-01	8.700748081571524351e-02	3.946574747478748257e-02	9.822148391376198107e-02
1.930270315248458019e+03	1.804862951075115185e-01	1.116309437876531335e-01	2.955911662674563511e-01	1.874231878437029042e-01	8.706363813905688975e-02	3.950625602326358898e-02	9.829851283082036151e-02
1.935108085462113195e+03	1.802084909983557304e-01	1.114350985094806623e-01	2.957709140480258014e-01	1.875443916056988292e-01	8.711947258089976220e-02	3.954655388887171052e-02	9.837507836813222384e-02
1.939945855675768371e+03	1.799323218816873404e-01	1.112404078683397052e-01	2.959496234897694422e-01	1.876648359514566100e-01	8.717498578541911514e-02	3.958664182806145154e-02	9.845118319473104840e-02
1.944783625889424002e+03	1.796577781498196469e-01	1.110468649986601219e-01	2.961273009589149852e-01	1.877845259228248243e-01	8.723017939757553296e-02	3.962652060145536309e-02	9.852682997021430800e-02
1.949621396103079178e+03	1.793848502499240105e-01	1.108544630780193552e-01	2.963039527714728671e-01	1.879034665191956777e-01	8.728505506270814451e-02	3.966619097367363872e-02	9.860202134447111633e-02
1.954459166316734354e+03	1.791135286838203555e-01	1.106631953267590285e-01	2.964795851939604487e-01	1.880216626981900951e-01	8.733961442614432413e-02	3.970565371316216868e-02	9.867675995742840322e-02
1.959296936530389530e+03	1.788438040077618418e-01	1.104730550076105655e-01	2.966542044441078385e-01	1.881391193763206626e-01	8.739385913282553264e-02	3.974490959202386930e-02	9.875104843881447880e-02
1.964134706744044706e+03	1.785756668322147911e-01	1.102840354253295657e-01	2.968278166915462313e-01	1.882558414296332805e-01	8.744779082694856265e-02	3.978395938585330138e-02	9.882488940793905663e-02
1.968972476957700337e+03	1.783091078216336167e-01	1.100961299263381737e-01	2.970004280584789269e-01	1.883718336943286109e-01	8.750141115162193839e-02	3.982280387357452905e-02	9.889828547348900045e-02
1.973810247171355968e+03	1.780441176942315629e-01	1.099093318983755257e-01	2.971720446203358623e-01	1.884871009673642905e-01	8.755472174853672074e-02	3.986144383728215668e-02	9.897123923333869810e-02
1.978648017385010689e+03	1.777806872217476408e-01	1.097236347701554815e-01	2.973426724064120452e-01	1.886016480070383805e-01	8.760772425765137039e-02	3.989988006208557841e-02	9.904375327437441034e-02
1.983485787598666320e+03	1.775188072292095132e-01	1.095390320110316423e-01	2.975123174004902227e-01	1.887154795335552748e-01	8.766042031689014191e-02	3.993811333595632257e-02	9.911583017233176196e-02
1.988323557812321269e+03	1.772584685946934080e-01	1.093555171306690721e-01	2.976809855414489503e-01	1.888286002295745947e-01	8.771281156185468941e-02	3.997614444957850455e-02	9.918747249164568125e-02
1.993161328025976900e+03	1.769996622490809246e-01	1.091730836787225822e-01	2.978486827238550627e-01	1.889410147407437623e-01	8.776489962554809288e-02	4.001397419620231211e-02	9.925868278531214950e-02
1.997999098239632076e+03	1.767423791758128415e-01	1.089917252445212620e-01	2.980154147985429325e-01	1.890527276762150599e-01	8.781668613811131896e-02	4.005160337150050209e-02	9.932946359476098330e-02
2.002836868453287707e+03	1.764866104106408706e-01	1.088114354567588787e-01	2.981811875731790185e-01	1.891637436091476165e-01	8.786817272657133915e-02	4.008903277342790866e-02	9.939981744973920563e-02
2.007674638666942428e+03	1.762323470413766358e-01	1.086322079831901072e-01	2.983460068128137577e-01	1.892740670771954903e-01	8.791936101460064157e-02	4.012626320208381725e-02	9.946974686820436728e-02
2.012512408880597604e+03	1.759795802076390414e-01	1.084540365303320597e-01	2.985098782404199680e-01	1.893837025829815113e-01	8.797025262228778952e-02	4.016329545957728064e-02	9.953925435622718032e-02
2.017350179094252780e+03	1.757283011005995599e-01	1.082769148431711459e-01	2.986728075374190383e-01	1.894926545945583019e-01	8.802084916591841612e-02	4.020013034989522449e-02	9.960834240790313043e-02
2.022187949307908411e+03	1.754785009627260473e-01	1.081008367048749141e-01	2.988348003441946843e-01	1.896009275458567511e-01	8.807115225776664114e-02	4.023676867877341856e-02	9.967701350527244375e-02
2.027025719521564042e+03	1.752301710875251162e-01	1.079257959365086533e-01	2.989958622605948246e-01	1.897085258371219996e-01	8.812116350589617453e-02	4.027321125357017501e-02	9.974527011824803335e-02
2.031863489735218764e+03	1.749833028192831208e-01	1.077517863967566297e-01	2.991559988464224662e-01	1.898154538353382104e-01	8.817088451397094018e-02	4.030945888314274583e-02	9.981311470455088430e-02
2.036701259948874394e+03	1.747378875528064202e-01	1.075788019816477231e-01	2.993152156219146542e-01	1.899217158746421275e-01	8.822031688107494218e-02	4.034551237772646820e-02	9.988054970965265511e-02
2.041539030162529116e+03	1.744939167331603647e-01	1.074068366242853650e-01	2.994735180682115416e-01	1.900273162567255314e-01	8.826946220154086031e-02	4.038137254881645627e-02	9.994757756672491278e-02
2.046376800376184747e+03	1.742513818554075888e-01	1.072358842945814322e-01	2.996309116278140783e-01	1.901322592512280085e-01	8.831832206478718028e-02	4.041704020905197148e-02	1.000142006965947239e-01
2.051214570589840150e+03	1.740102744643458599e-01	1.070659389989941923e-01	2.997874017050324302e-01	1.902365490961193395e-01	8.836689805516347029e-02	4.045251617210327694e-02	1.000804215077062964e-01
2.056052340803495554e+03	1.737705861542453156e-01	1.068969947802699272e-01	2.999429936664240182e-01	1.903401899980726453e-01	8.841519175180369283e-02	4.048780125256105228e-02	1.001462423960882558e-01
2.060890111017150957e+03	1.735323085685852029e-01	1.067290457171882062e-01	3.000976928412218414e-01	1.904431861328282627e-01	8.846320472848688554e-02	4.052289626582822324e-02	1.002116657453263199e-01
2.065727881230805451e+03	1.732954333997905605e-01	1.065620859243107260e-01	3.002515045217541423e-01	1.905455416455488771e-01	8.851093855350536388e-02	4.055780202801428924e-02	1.002766939265409968e-01
2.070565651444461309e+03	1.730599523889687075e-01	1.063961095517333838e-01	3.004044339638546890e-01	1.906472606511663281e-01	8.855839478953975163e-02	4.059251935583197551e-02	1.003413292983701549e-01
2.075403421658116713e+03	1.728258573256455377e-01	1.062311107848417785e-01	3.005564863872643988e-01	1.907483472347199505e-01	8.860557499354104749e-02	4.062704906649625830e-02	1.004055742069560192e-01
2.080241191871772116e+03	1.725931400475020361e-01	1.060670838440696817e-01	3.007076669760245236e-01	1.908488054516875032e-01	8.865248071661896434e-02	4.066139197762570767e-02	1.004694309859366086e-01
2.085078962085427065e+03	1.723617924401109336e-01	1.059040229846606174e-01	3.008579808788615084e-01	1.909486393283081895e-01	8.869911350393669403e-02	4.069554890714608547e-02	1.005329019564410314e-01
2.089916732299082469e+03	1.721318064366732792e-01	1.057419224964323279e-01	3.010074332095642458e-01	1.910478528618985705e-01	8.874547489461166727e-02	4.072952067319614289e-02	1.005959894270888055e-01
2.094754502512737417e+03	1.719031740177557888e-01	1.055807767035441685e-01	3.011560290473532242e-01	1.911464500211615680e-01	8.879156642162204516e-02	4.076330809403565236e-02	1.006586956939926059e-01
2.099592272726392821e+03	1.716758872110281386e-01	1.054205799642671387e-01	3.013037734372422394e-01	1.912444347464885008e-01	8.883738961171894211e-02	4.079691198795555584e-02	1.007210230407645929e-01
2.104430042940048224e+03	1.714499380910009529e-01	1.052613266707565359e-01	3.014506713903928881e-01	1.913418109502547926e-01	8.888294598534385305e-02	4.083033317319025024e-02	1.007829737385258217e-01
2.109267813153704083e+03	1.712253187787641795e-01	1.051030112488273160e-01	3.015967278844622901e-01	1.914385825171093514e-01	8.892823705655129862e-02	4.086357246783189900e-02	1.008445500459187738e-01
2.114105583367359031e+03	1.710020214417260764e-01	1.049456281577318267e-01	3.017419478639432606e-01	1.915347533042578432e-01	8.897326433293648029e-02	4.089663068974684623e-02	1.009057542091227888e-01
2.118943353581013525e+03	1.707800382933526706e-01	1.047891718899399277e-01	3.018863362404984318e-01	1.916303271417402754e-01	8.901802931556765386e-02	4.092950865649397363e-02	1.009665884618721338e-01
2.123781123794669384e+03	1.705593615929082152e-01	1.046336369709215813e-01	3.020298978932878242e-01	1.917253078327027793e-01	8.906253349892298554e-02	4.096220718524502813e-02	1.010270550254766947e-01
2.128618894008324787e+03	1.703399836451959248e-01	1.044790179589316220e-01	3.021726376692896454e-01	1.918196991536639806e-01	8.910677837083197383e-02	4.099472709270692017e-02	1.010871561088450138e-01
2.133456664221980191e+03	1.701218968002999321e-01	1.043253094447967599e-01	3.023145603836156492e-01	1.919135048547762623e-01	8.915076541242093755e-02	4.102706919504583993e-02	1.011468939085097551e-01
2.138294434435635139e+03	1.699050934533276047e-01	1.041725060517046664e-01	3.024556708198201105e-01	1.920067286600816991e-01	8.919449609806266721e-02	4.105923430781328182e-02	1.012062706086550856e-01
2.143132204649290543e+03	1.696895660441530007e-01	1.040206024349953212e-01	3.025959737302033603e-01	1.920993742677633842e-01	8.923797189532990670e-02	4.109122324587388686e-02	1.012652883811462901e-01
2.147969974862945492e+03	1.694753070571611842e-01	1.038695932819542339e-01	3.027354738361093256e-01	1.921914453503916487e-01	8.928119426495251254e-02	4.112303682333502686e-02	1.013239493855612045e-01
2.152807745076601350e+03	1.692623090209932346e-01	1.037194733116076489e-01	3.028741758282181284e-01	1.922829455551661737e-01	8.932416466077830464e-02	4.115467585347821339e-02	1.013822557692234116e-01
2.157645515290255844e+03	1.690505645082924779e-01	1.035702372745198191e-01	3.030120843668330233e-01	1.923738785041530508e-01	8.936688452973728936e-02	4.118614114869215831e-02	1.014402096672371995e-01
2.162483285503912157e+03	1.688400661354514665e-01	1.034218799525919857e-01	3.031492040821625045e-01	1.924642477945182062e-01	8.940935531180917162e-02	4.121743352040754815e-02	1.014978132025240731e-01
2.167321055717567106e+03	1.686308065623602082e-01	1.032743961588633713e-01	3.032855395745969740e-01	1.925540569987561068e-01	8.945157843999401726e-02	4.124855377903350467e-02	1.015550684858607805e-01
2.172158825931222509e+03	1.684227784921550619e-01	1.031277807373137956e-01	3.034210954149810235e-01	1.926433096649147747e-01	8.949355534028599624e-02	4.127950273389560665e-02	1.016119776159186555e-01
2.176996596144877003e+03	1.682159746709689374e-01	1.029820285626682347e-01	3.035558761448808318e-01	1.927320093168169157e-01	8.953528743164997084e-02	4.131028119317555619e-02	1.016685426793044467e-01
2.181834366358532861e+03	1.680103878876826051e-01	1.028371345402028653e-01	3.036898862768470098e-01	1.928201594542769681e-01	8.957677612600088712e-02	4.134088996385235776e-02	1.017247657506022279e-01
2.186672136572187810e+03	1.678060109736768946e-01	1.026930936055529819e-01	3.038231302946726720e-01	1.929077635533148483e-01	8.961802282818581711e-02	4.137132985164510002e-02	1.017806488924165587e-01
2.191509906785843214e+03	1.676028368025861415e-01	1.025499007245224692e-01	3.039556126536479552e-01	1.929948250663660048e-01	8.965902893596852663e-02	4.140160166095715327e-02	1.018361941554166983e-01
2.196347676999498617e+03	1.674008582900526620e-01	1.024075508928948969e-01	3.040873377808092082e-01	1.930813474224878645e-01	8.969979584001661066e-02	4.143170619482192812e-02	1.018914035783818339e-01
2.201185447213154021e+03	1.672000683934824206e-01	1.022660391362461563e-01	3.042183100751851832e-01	1.931673340275632533e-01	8.974032492389077964e-02	4.146164425484998028e-02	1.019462791882472935e-01
2.206023217426809424e+03	1.670004601118017795e-01	1.021253605097586503e-01	3.043485339080385099e-01	1.932527882645004302e-01	8.978061756403647731e-02	4.149141664117760725e-02	1.020008230001516053e-01
2.210860987640464373e+03	1.668020264852156376e-01	1.019855100980370521e-01	3.044780136231034495e-01	1.933377134934299302e-01	8.982067512977773283e-02	4.152102415241681888e-02	1.020550370174844318e-01
2.215698757854119776e+03	1.666047605949663446e-01	1.018464830149254097e-01	3.046067535368202073e-01	1.934221130518983811e-01	8.986049898331283092e-02	4.155046758560663328e-02	1.021089232319352669e-01
