1.257820255550373531e+03	2.397290419758035529e-01	1.548311965031136384e-01	2.561064285335288848e-01	1.582021205584010770e-01	7.587099403929162267e-02	3.165240537468800436e-02	8.360781301463818260e-02
1.262658025764028707e+03	2.391440436038907713e-01	1.543392845077423137e-01	2.565450090371979019e-01	1.586160146803783921e-01	7.597286394071885163e-02	3.172901414121688524e-02	8.365377008831978434e-02
1.267495795977684338e+03	2.385601394955386978e-01	1.538525618951478435e-01	2.569802573144161495e-01	1.590208408672885154e-01	7.607410168825827490e-02	3.180494480878972435e-02	8.370715393002559068e-02
1.272333566191339514e+03	2.379774536094732551e-01	1.533708708645209751e-01	2.574121912628067887e-01	1.594170583089703774e-01	7.617477377592718479e-02	3.188023588840825651e-02	8.376741628935793771e-02
1.277171336404994690e+03	2.373961020394070587e-01	1.528940616061228996e-01	2.578408310523265801e-01	1.598050974452657758e-01	7.627493938628844561e-02	3.195492297877342708e-02	8.383404549128053995e-02
1.282009106618650094e+03	2.368161934446905703e-01	1.524219918642828742e-01	2.582661988574572742e-01	1.601853618445599481e-01	7.637465101897671083e-02	3.202903897106221948e-02	8.390656399843504643e-02
1.286846876832305497e+03	2.362378294581407301e-01	1.519545265243121834e-01	2.586883186120699230e-01	1.605582299576487348e-01	7.647395507077960064e-02	3.210261423972250727e-02	8.398452613679097123e-02
1.291684647045960673e+03	2.356611050722221545e-01	1.514915372220409784e-01	2.591072157852392088e-01	1.609240567552781553e-01	7.657289237081169042e-02	3.217567682023315945e-02	8.406751597363926187e-02
1.296522417259616077e+03	2.350861090046976187e-01	1.510329019747521095e-01	2.595229171764116827e-01	1.612831752571414479e-01	7.667149867406819475e-02	3.224825257471240769e-02	8.415514533768110594e-02
1.301360187473271253e+03	2.345129240448098895e-01	1.505785048323518005e-01	2.599354507284435956e-01	1.616358979595940715e-01	7.676980511641195992e-02	3.232036534619797674e-02	8.424705197165523185e-02
1.306197957686926657e+03	2.339416273810033253e-01	1.501282355476787345e-01	2.603448453571355903e-01	1.619825181688586135e-01	7.686783863383002402e-02	3.239203710236657902e-02	8.434289780859162422e-02
1.311035727900581833e+03	2.333722909111437815e-01	1.496819892649122463e-01	2.607511307959879954e-01	1.623233112460368555e-01	7.696562234859456730e-02	3.246328806940849271e-02	8.444236736338056604e-02
1.315873498114237009e+03	2.328049815361476482e-01	1.492396662250952133e-01	2.611543374549952223e-01	1.626585357698203671e-01	7.706317592477461564e-02	3.253413685672458533e-02	8.454516623190684588e-02
1.320711268327892412e+03	2.322397614378843844e-01	1.488011714878405833e-01	2.615544962923834760e-01	1.629884346223963165e-01	7.716051589537076261e-02	3.260460057306795167e-02	8.465101969052096775e-02
1.325549038541547588e+03	2.316766883421743917e-01	1.483664146683400242e-01	2.619516386982762013e-01	1.633132360036743114e-01	7.725765596318233397e-02	3.267469493471025083e-02	8.475967138910692200e-02
1.330386808755202765e+03	2.311158157676611313e-01	1.479353096888404995e-01	2.623457963893462419e-01	1.636331543786170573e-01	7.735460727736541420e-02	3.274443436617360120e-02	8.487088213146047611e-02
1.335224578968857941e+03	2.305571932612991148e-01	1.475077745437998467e-01	2.627370013135824078e-01	1.639483913621355426e-01	7.745137868749983612e-02	3.281383209403232470e-02	8.498442873711528622e-02
1.340062349182513572e+03	2.300008666211593999e-01	1.470837310779742613e-01	2.631252855643635979e-01	1.642591365457104768e-01	7.754797697685245073e-02	3.288290023425468472e-02	8.510010297914952226e-02
1.344900119396168748e+03	2.294468781072201424e-01	1.466631047767311125e-01	2.635106813030922979e-01	1.645655682696217093e-01	7.764440707640256345e-02	3.295164987352293406e-02	8.521771059287366890e-02
1.349737889609823924e+03	2.288952666407752246e-01	1.462458245679188473e-01	2.638932206896950627e-01	1.648678543444080102e-01	7.774067226108252737e-02	3.302009114494047076e-02	8.533707035064423685e-02
1.354575659823479100e+03	2.283460679930613135e-01	1.458318226346614066e-01	2.642729358203498857e-01	1.651661527249354000e-01	7.783677432958156783e-02	3.308823329850707484e-02	8.545801319836766885e-02
1.359413430037134731e+03	2.277993149636735326e-01	1.454210342384788524e-01	2.646498586718464274e-01	1.654606121402264485e-01	7.793271376896340752e-02	3.315608476671758065e-02	8.558038144955799897e-02
1.364251200250789907e+03	2.272550375493099239e-01	1.450133975521687435e-01	2.650240210520316553e-01	1.657513726819914157e-01	7.802848990525725059e-02	3.322365322561517120e-02	8.570402803309000450e-02
1.369088970464445310e+03	2.267132631033577095e-01	1.446088535019124099e-01	2.653954545558332434e-01	1.660385663546052881e-01	7.812410104109798747e-02	3.329094565160817948e-02	8.582881579104933989e-02
1.373926740678100487e+03	2.261740164868076830e-01	1.442073456181003077e-01	2.657641905263914417e-01	1.663223175890904681e-01	7.821954458141254507e-02	3.335796837433838841e-02	8.595461682332329600e-02
1.378764510891755890e+03	2.256373202109572818e-01	1.438088198943979490e-01	2.661302600208669267e-01	1.666027437234939568e-01	7.831481714807697614e-02	3.342472712586921219e-02	8.608131187580177202e-02
1.383602281105411066e+03	2.251031945723405425e-01	1.434132246545988254e-01	2.664936937805231776e-01	1.668799554518878847e-01	7.840991468440108858e-02	3.349122708644412111e-02	8.620878976926840687e-02
1.388440051319066470e+03	2.245716577802985003e-01	1.430205104268368610e-01	2.668545222047141730e-01	1.671540572440728678e-01	7.850483255023457674e-02	3.355747292704869267e-02	8.633694686625835446e-02
1.393277821532721646e+03	2.240427260775835760e-01	1.426306298247533300e-01	2.672127753284355145e-01	1.674251477379249120e-01	7.859956560843046891e-02	3.362346884899388572e-02	8.646568657334237351e-02
1.398115591746377049e+03	2.235164138543702661e-01	1.422435374352352400e-01	2.675684828031240081e-01	1.676933201061967249e-01	7.869410830334702678e-02	3.368921862072338236e-02	8.659491887646736386e-02
1.402953361960032225e+03	2.229927337560251299e-01	1.418591897123634427e-01	2.679216738804152120e-01	1.679586623994631933e-01	7.878845473201964711e-02	3.375472561203411020e-02	8.672455990714322827e-02
1.407791132173687402e+03	2.224716967849706961e-01	1.414775448772279398e-01	2.682723773985900562e-01	1.682212578667880987e-01	7.888259870858677081e-02	3.381999282588638023e-02	8.685453153741393151e-02
1.412628902387342805e+03	2.219533123969602284e-01	1.410985628232871991e-01	2.686206217714641187e-01	1.684811852555837541e-01	7.897653382251099141e-02	3.388502292796796711e-02	8.698476100168955893e-02
1.417466672600997981e+03	2.214375885920637499e-01	1.407222050269653635e-01	2.689664349794911313e-01	1.687385190920370481e-01	7.907025349109597645e-02	3.394981827416540532e-02	8.711518054364517094e-02
1.422304442814653157e+03	2.209245320006499591e-01	1.403484344631979464e-01	2.693098445628716586e-01	1.689933299433838410e-01	7.916375100676240062e-02	3.401438093608551150e-02	8.724572708651255615e-02
1.427142213028308333e+03	2.204141479646335444e-01	1.399772155256535089e-01	2.696508776164732724e-01	1.692456846632278689e-01	7.925701957951156174e-02	3.407871272476027669e-02	8.737634192520379872e-02
1.431979983241963964e+03	2.199064406142435535e-01	1.396085139513716933e-01	2.699895607863851965e-01	1.694956466210213175e-01	7.935005237497289032e-02	3.414281521265933456e-02	8.750697043880982517e-02
1.436817753455619140e+03	2.194014129405539582e-01	1.392422967495746677e-01	2.703259202679434425e-01	1.697432759167488980e-01	7.944284254840178194e-02	3.420668975412591295e-02	8.763756182211510093e-02
1.441655523669274316e+03	2.188990668640064530e-01	1.388785321344201407e-01	2.706599818050770545e-01	1.699886295817886195e-01	7.953538327496650906e-02	3.427033750434415466e-02	8.776806883486085176e-02
1.446493293882929493e+03	2.183994032991415646e-01	1.385171894614784238e-01	2.709917706908367974e-01	1.702317617668575311e-01	7.962766777663707329e-02	3.433375943693842136e-02	8.789844756757393684e-02
1.451331064096585123e+03	2.179024222157441293e-01	1.381582391677269595e-01	2.713213117689812215e-01	1.704727239178897846e-01	7.971968934596500300e-02	3.439695636029856118e-02	8.802865722285808936e-02
1.456168834310240300e+03	2.174081226965969560e-01	1.378016527148676618e-01	2.716486294365023646e-01	1.707115649406392432e-01	7.981144136702117420e-02	3.445992893271850044e-02	8.815865991111780653e-02
1.461006604523895703e+03	2.169165029920276655e-01	1.374474025357829421e-01	2.719737476469861748e-01	1.709483313547446592e-01	7.990291733373791616e-02	3.452267767642969165e-02	8.828842045975461572e-02
1.465844374737550879e+03	2.164275605714221506e-01	1.370954619839561683e-01	2.722966899147096220e-01	1.711830674379479500e-01	7.999411086588278930e-02	3.458520299060563463e-02	8.841790623493933632e-02
1.470682144951206283e+03	2.159412921718702472e-01	1.367458052856924955e-01	2.726174793193856249e-01	1.714158153611091695e-01	8.008501572287388126e-02	3.464750516340807385e-02	8.854708697512410354e-02
1.475519915164861459e+03	2.154576938440994904e-01	1.363984074949841918e-01	2.729361385114748018e-01	1.716466153146199991e-01	8.017562581562975854e-02	3.470958438314116629e-02	8.867593463551411148e-02
1.480357685378516862e+03	2.149767609958451731e-01	1.360532444508741334e-01	2.732526897179888836e-01	1.718755056267766701e-01	8.026593521663252795e-02	3.477144074857510536e-02	8.880442324277096344e-02
1.485195455592172038e+03	2.144984884327959807e-01	1.357102927371785506e-01	2.735671547487188437e-01	1.721025228746372038e-01	8.035593816836812675e-02	3.483307427849662019e-02	8.893252875926814516e-02
1.490033225805827215e+03	2.140228703972484325e-01	1.353695296444377971e-01	2.738795550028251813e-01	1.723277019878522442e-01	8.044562909029497055e-02	3.489448492053991158e-02	8.906022895626493352e-02
1.494870996019482618e+03	2.135499006045945836e-01	1.350309331339715757e-01	2.741899114757352374e-01	1.725510763459269792e-01	8.053500258448018090e-02	3.495567255934782513e-02	8.918750329540711674e-02
1.499708766233137567e+03	2.130795722777620582e-01	1.346944818039215452e-01	2.744982447662950298e-01	1.727726778693410015e-01	8.062405344003149843e-02	3.501663702410990481e-02	8.931433281800243984e-02
1.504546536446793198e+03	2.126118781797185497e-01	1.343601548571707605e-01	2.748045750841304202e-01	1.729925371049250149e-01	8.071277663644241263e-02	3.507737809552048669e-02	8.944070004155574294e-02
1.509384306660448374e+03	2.121468106441467549e-01	1.340279320710354993e-01	2.751089222571752035e-01	1.732106833058667250e-01	8.080116734595881034e-02	3.513789551219741181e-02	8.956658886308296874e-02
1.514222076874103550e+03	2.116843616043899423e-01	1.336977937686310014e-01	2.754113057393274278e-01	1.734271445066942474e-01	8.088922093506649424e-02	3.519818897659884177e-02	8.969198446875541186e-02
1.519059847087758726e+03	2.112245226207638271e-01	1.333697207918178584e-01	2.757117446182006382e-01	1.736419475935615797e-01	8.097693296519054007e-02	3.525825816047342687e-02	8.981687324945542006e-02
1.523897617301414357e+03	2.107672849063237097e-01	1.330436944756409334e-01	2.760102576229387927e-01	1.738551183701401714e-01	8.106429919269042550e-02	3.531810270987641165e-02	8.994124272185284596e-02
1.528735387515069533e+03	2.103126393511724757e-01	1.327196966241778742e-01	2.763068631320662050e-01	1.740666816193997546e-01	8.115131556822735570e-02	3.537772224978225077e-02	9.006508145463736070e-02
1.533573157728724709e+03	2.098605765453894212e-01	1.323977094877187843e-01	2.766015791813487557e-01	1.742766611615439720e-01	8.123797823557399322e-02	3.543711638832205968e-02	9.018837899956633208e-02
1.538410927942380113e+03	2.094110868006563431e-01	1.320777157412024172e-01	2.768944234716430031e-01	1.744850799083478288e-01	8.132428352993095744e-02	3.549628472067242052e-02	9.031112582701027180e-02
1.543248698156035516e+03	2.089641601706523910e-01	1.317596984638393920e-01	2.771854133767140960e-01	1.746919599141288637e-01	8.141022797580871329e-02	3.555522683262022504e-02	9.043331326569957473e-02
1.548086468369690692e+03	2.085197864702855730e-01	1.314436411198559862e-01	2.774745659510037821e-01	1.748973224235676471e-01	8.149580828452851478e-02	3.561394230382648046e-02	9.055493344639525821e-02
1.552924238583346096e+03	2.080779552938256671e-01	1.311295275402961646e-01	2.777618979373338570e-01	1.751011879165799978e-01	8.158102135139144728e-02	3.567243071081055428e-02	9.067597924922554675e-02
1.557762008797001272e+03	2.076386560319990193e-01	1.308173419058225040e-01	2.780474257745301769e-01	1.753035761504296297e-01	8.166586425256013027e-02	3.573069162967479340e-02	9.079644425444693967e-02
1.562599779010656675e+03	2.072018778881022927e-01	1.305070687304607790e-01	2.783311656049562988e-01	1.755045061992574484e-01	8.175033424169379781e-02	3.578872463858808611e-02	9.091632269640446962e-02
1.567437549224311852e+03	2.067676098931904849e-01	1.301986928462353088e-01	2.786131332819443140e-01	1.757039964911926710e-01	8.183442874637368580e-02	3.584652932004573495e-02	9.103560942048088966e-02
1.572275319437967255e+03	2.063358409203893962e-01	1.298921993886453241e-01	2.788933443771159371e-01	1.759020648431997846e-01	8.191814536435236549e-02	3.590410526292171084e-02	9.115429984283852927e-02
1.577113089651622431e+03	2.059065596983820079e-01	1.295875737829355057e-01	2.791718141875838000e-01	1.760987284938054231e-01	8.200148185965742964e-02	3.596145206432840857e-02	9.127238991277041025e-02
1.581950859865277607e+03	2.054797548241142080e-01	1.292848017311163111e-01	2.794485577430278478e-01	1.762940041338398045e-01	8.208443615857727305e-02	3.601856933129779503e-02	9.138987607748960684e-02
1.586788630078933011e+03	2.050554147747634670e-01	1.289838691996925135e-01	2.797235898126401166e-01	1.764879079353189884e-01	8.216700634555373917e-02	3.607545668229707875e-02	9.150675524919693604e-02
1.591626400292587959e+03	2.046335279190110157e-01	1.286847624080597885e-01	2.799969249119333981e-01	1.766804555785852215e-01	8.224919065900437865e-02	3.613211374859101599e-02	9.162302477427790304e-02
1.596464170506243590e+03	2.042140825276570204e-01	1.283874678175330464e-01	2.802685773094108490e-01	1.768716622778158942e-01	8.233098748709435921e-02	3.618854017546214996e-02	9.173868240448940226e-02
1.601301940719898766e+03	2.037970667836148386e-01	1.280919721209700657e-01	2.805385610330918267e-01	1.770615428050037465e-01	8.241239536347649830e-02	3.624473562329949550e-02	9.185372627000629175e-02
1.606139710933553943e+03	2.033824687913188545e-01	1.277982622329582318e-01	2.808068898768933397e-01	1.772501115125049709e-01	8.249341296301571091e-02	3.630069976856555025e-02	9.196815485420607728e-02
1.610977481147209119e+03	2.029702765855792290e-01	1.275063252805323510e-01	2.810735774068644499e-01	1.774373823542449990e-01	8.257403909751251381e-02	3.635643230465066683e-02	9.208196697007849096e-02
1.615815251360864750e+03	2.025604781399139021e-01	1.272161485943940074e-01	2.813386369672729592e-01	1.776233689056662124e-01	8.265427271143854782e-02	3.641193294262334845e-02	9.219516173815377191e-02
1.620653021574519926e+03	2.021530613743871829e-01	1.269277197006046243e-01	2.816020816865433263e-01	1.778080843824965118e-01	8.273411287769590061e-02	3.646720141188435071e-02	9.230773856585079706e-02
1.625490791788175102e+03	2.017480141629828527e-01	1.266410263127255853e-01	2.818639244830467572e-01	1.779915416584126331e-01	8.281355879341033288e-02	3.652223746073195859e-02	9.241969712815263638e-02
1.630328562001830505e+03	2.013453243405372850e-01	1.263560563243805446e-01	2.821241780707424707e-01	1.781737532816664860e-01	8.289260977576760892e-02	3.657704085684526651e-02	9.253103734952303205e-02
1.635166332215485909e+03	2.009449797092578427e-01	1.260727978022164464e-01	2.823828549646723030e-01	1.783547314907401315e-01	8.297126525790074481e-02	3.663161138769188696e-02	9.264175938698332446e-02
1.640004102429141085e+03	2.005469680448492831e-01	1.257912389792408270e-01	2.826399674863083189e-01	1.785344882290887669e-01	8.304952478483523803e-02	3.668594886086594398e-02	9.275186361427428805e-02
1.644841872642796488e+03	2.001512771022705417e-01	1.255113682485145266e-01	2.828955277687558167e-01	1.787130351590286992e-01	8.312738800949827367e-02	3.674005310436195826e-02	9.286135060703273880e-02
1.649679642856451665e+03	1.997578946211426287e-01	1.252331741571799661e-01	2.831495477618129475e-01	1.788903836748235721e-01	8.320485468879700031e-02	3.679392396678964755e-02	9.297022112891677181e-02
1.654517413070107068e+03	1.993668083308268446e-01	1.249566454008062127e-01	2.834020392368885588e-01	1.790665449150174449e-01	8.328192467977030278e-02	3.684756131753449959e-02	9.307847611861863601e-02
1.659355183283762244e+03	1.989780059551924940e-01	1.246817708180332079e-01	2.836530137917808725e-01	1.792415297740619085e-01	8.335859793581791577e-02	3.690096504686853768e-02	9.318611667770745899e-02
1.664192953497417420e+03	1.985914752170913067e-01	1.244085393854985067e-01	2.839024828553187163e-01	1.794153489132803980e-01	8.343487450300976493e-02	3.695413506601533810e-02	9.329314405924835074e-02
1.669030723711072824e+03	1.982072038425547467e-01	1.241369402130306637e-01	2.841504576918676417e-01	1.795880127712100038e-01	8.351075451647820003e-02	3.700707130717321991e-02	9.339955965714788477e-02
1.673868493924728000e+03	1.978251795647306410e-01	1.238669625390946133e-01	2.843969494057038139e-01	1.797595315733593324e-01	8.358623819689503520e-02	3.705977372350011123e-02	9.350536499617878583e-02
1.678706264138383403e+03	1.974453901275730894e-01	1.235985957264747193e-01	2.846419689452580615e-01	1.799299153414177233e-01	8.366132584703492303e-02	3.711224228906342959e-02	9.361056172264040076e-02
1.683544034352038352e+03	1.970678232893001147e-01	1.233318292581824793e-01	2.848855271072324724e-01	1.800991739019492111e-01	8.373601784842617246e-02	3.716447699875796706e-02	9.371515159561386032e-02
1.688381804565693983e+03	1.966924668256320174e-01	1.230666527335763510e-01	2.851276345405929225e-01	1.802673168946028193e-01	8.381031465808971848e-02	3.721647786819481246e-02	9.381913647877362927e-02
1.693219574779349159e+03	1.963193085328226728e-01	1.228030558646816955e-01	2.853683017504394792e-01	1.804343537798679675e-01	8.388421680536671532e-02	3.726824493356376694e-02	9.392251833271997308e-02
1.698057344993004335e+03	1.959483362304960674e-01	1.225410284727000421e-01	2.856075391017581233e-01	1.806002938464029151e-01	8.395772488883469775e-02	3.731977825147177880e-02	9.402529920779863215e-02
1.702895115206659511e+03	1.955795377642984834e-01	1.222805604846967792e-01	2.858453568230567843e-01	1.807651462179615809e-01	8.403083957331218545e-02	3.737107789875972197e-02	9.412748123737667283e-02
1.707732885420315142e+03	1.952129010083772653e-01	1.220216419304576833e-01	2.860817650098877452e-01	1.809289198599432491e-01	8.410356158695131423e-02	3.742214397229962075e-02	9.422906663154526075e-02
1.712570655633970318e+03	1.948484138676959687e-01	1.217642629395046250e-01	2.863167736282603015e-01	1.810916235855871970e-01	8.417589171841780016e-02	3.747297658877418031e-02	9.433005767122207286e-02
1.717408425847625494e+03	1.944860642801949646e-01	1.215084137382618501e-01	2.865503925179456179e-01	1.812532660618338676e-01	8.424783081415740393e-02	3.752357588444060754e-02	9.443045670262781299e-02
1.722246196061280898e+03	1.941258402188067167e-01	1.212540846473642575e-01	2.867826313956776119e-01	1.814138558148724600e-01	8.431937977574793797e-02	3.757394201488020724e-02	9.453026613211290563e-02
1.727083966274936301e+03	1.937677296933336402e-01	1.210012660791000283e-01	2.870134998582519748e-01	1.815734012353930615e-01	8.439053955733558099e-02	3.762407515473553676e-02	9.462948842131227445e-02
1.731921736488591478e+03	1.934117207521969251e-01	1.207499485349799312e-01	2.872430073855259947e-01	1.817319105835614179e-01	8.446131116315434839e-02	3.767397549743636831e-02	9.472812608260704204e-02
1.736759506702246881e+03	1.930578014840627910e-01	1.205001226034265183e-01	2.874711633433235103e-01	1.818893919937322190e-01	8.453169564512716394e-02	3.772364325491588122e-02	9.482618167487395777e-02
1.741597276915902057e+03	1.927059600193545552e-01	1.202517789575763690e-01	2.876979769862453296e-01	1.820458534789163585e-01	8.460169410054717287e-02	3.777307865731832637e-02	9.492365779950390214e-02
1.746435047129557461e+03	1.923561845316557606e-01	1.200049083531892768e-01	2.879234574603901642e-01	1.822013029350168511e-01	8.467130766983776979e-02	3.782228195269926596e-02	9.502055709667286965e-02
1.751272817343212637e+03	1.920084632390114676e-01	1.197595016266583823e-01	2.881476138059873016e-01	1.823557481448467021e-01	8.474053753438960668e-02	3.787125340671947116e-02	9.511688224184904061e-02
1.756110587556867813e+03	1.916627844051332630e-01	1.195155496931157441e-01	2.883704549599442335e-01	1.825091967819411076e-01	8.480938491447294336e-02	3.791999330233343513e-02	9.521263594252124540e-02
1.760948357770523216e+03	1.913191363405136458e-01	1.192730435446279769e-01	2.885919897583119620e-01	1.826616564141765875e-01	8.487785106722364747e-02	3.796850193947338969e-02	9.530782093513480435e-02
1.765786127984178393e+03	1.909775074034548159e-01	1.190319742484772514e-01	2.888122269386698138e-01	1.828131345072077085e-01	8.494593728470115068e-02	3.801677963472968602e-02	9.540243998222155963e-02
1.770623898197833569e+03	1.906378860010173315e-01	1.187923329455226051e-01	2.890311751424333164e-01	1.829636384277319727e-01	8.501364489201640451e-02	3.806482672102826093e-02	9.549649586971206694e-02
1.775461668411488745e+03	1.903002605898926891e-01	1.185541108486373729e-01	2.892488429170866349e-01	1.831131754465928352e-01	8.508097524552818425e-02	3.811264354730591747e-02	9.558999140441827580e-02
1.780299438625144376e+03	1.899646196772045437e-01	1.183172992412186153e-01	2.894652387183427877e-01	1.832617527417299275e-01	8.514792973110595076e-02	3.816023047818405817e-02	9.568292941167604038e-02
1.785137208838799552e+03	1.896309518212428435e-01	1.180818894757643539e-01	2.896803709122328097e-01	1.834093774009854516e-01	8.521450976245738274e-02	3.820758789364142594e-02	9.577531273313762139e-02
1.789974979052454728e+03	1.892992456321346273e-01	1.178478729725151025e-01	2.898942477771276893e-01	1.835560564247745996e-01	8.528071677951880314e-02	3.825471618868649115e-02	9.586714422470452024e-02
1.794812749266109904e+03	1.889694897724551181e-01	1.176152412181561413e-01	2.901068775056940274e-01	1.837017967286278808e-01	8.534655224690672337e-02	3.830161577302985954e-02	9.595842675459204107e-02
1.799650519479765535e+03	1.886416729577828633e-01	1.173839857645772450e-01	2.903182682067860787e-01	1.838466051456124351e-01	8.541201765242870114e-02	3.834828707075720738e-02	9.604916320151726805e-02
1.804488289693420711e+03	1.883157839572020265e-01	1.171540982276864790e-01	2.905284279072763987e-01	1.839904884286391318e-01	8.547711450565174951e-02	3.839473052000325765e-02	9.613935645300271393e-02
1.809326059907075887e+03	1.879918115937549705e-01	1.169255702862755930e-01	2.907373645538269824e-01	1.841334532526619772e-01	8.554184433652659014e-02	3.844094657262696335e-02	9.622900940378870116e-02
1.814163830120731291e+03	1.876697447448481548e-01	1.166983936809337652e-01	2.909450860146027829e-01	1.842755062167754088e-01	8.560620869406594668e-02	3.848693569388848823e-02	9.631812495434725896e-02
1.819001600334386467e+03	1.873495723426141235e-01	1.164725602130073090e-01	2.911516000809297178e-01	1.844166538462157501e-01	8.567020914507521290e-02	3.853269836212805388e-02	9.640670600949162450e-02
1.823839370548041643e+03	1.870312833742319714e-01	1.162480617436028596e-01	2.913569144688992196e-01	1.845569025942713770e-01	8.573384727293388574e-02	3.857823506844715311e-02	9.649475547707531131e-02
1.828677140761696819e+03	1.867148668822090629e-01	1.160248901926314996e-01	2.915610368209207715e-01	1.846962588441072306e-01	8.579712467642595930e-02	3.862354631639228209e-02	9.658227626677498567e-02
1.833514910975352450e+03	1.864003119646261142e-01	1.158030375378918952e-01	2.917639747072243162e-01	1.848347289105078117e-01	8.586004296861789176e-02	3.866863262164139947e-02	9.666927128895227983e-02
1.838352681189008081e+03	1.860876077753481073e-01	1.155824958141900838e-01	2.919657356273147597e-01	1.849723190415435425e-01	8.592260377578234132e-02	3.871349451169337624e-02	9.675574345358947670e-02
1.843190451402663257e+03	1.857767435242025644e-01	1.153632571124942191e-01	2.921663270113791788e-01	1.851090354201642973e-01	8.598480873636626942e-02	3.875813252556063043e-02	9.684169566929451411e-02
1.848028221616318433e+03	1.854677084771279016e-01	1.151453135791220689e-01	2.923657562216494532e-01	1.852448841657241552e-01	8.604665950000188468e-02	3.880254721346507868e-02	9.692713084237106203e-02
1.852865991829973609e+03	1.851604919562928886e-01	1.149286574149597923e-01	2.925640305537215990e-01	1.853798713354411487e-01	8.610815772655885936e-02	3.884673913653755029e-02	9.701205187594977297e-02
1.857703762043628785e+03	1.848550833401897131e-01	1.147132808747103050e-01	2.927611572378324145e-01	1.855140029257950907e-01	8.616930508523652776e-02	3.889070886652083725e-02	9.709646166917672294e-02
1.862541532257283961e+03	1.845514720637016770e-01	1.144991762661694834e-01	2.929571434400964347e-01	1.856472848738673631e-01	8.623010325369448448e-02	3.893445698547644274e-02	9.718036311645572578e-02
1.867379302470939592e+03	1.842496476181474385e-01	1.142863359495288333e-01	2.931519962637035848e-01	1.857797230586250292e-01	8.629055391722036117e-02	3.897798408549520838e-02	9.726375910674114889e-02
1.872217072684594768e+03	1.839495995513031890e-01	1.140747523367034166e-01	2.933457227500788633e-01	1.859113233021527645e-01	8.635065876793338036e-02	3.902129076841179961e-02	9.734665252287809378e-02
1.877054842898249490e+03	1.836513174674039850e-01	1.138644178906833698e-01	2.935383298800062213e-01	1.860420913708350776e-01	8.641041950402243710e-02	3.906437764552320863e-02	9.742904624098719379e-02
1.881892613111905121e+03	1.833547910271257353e-01	1.136553251249079605e-01	2.937298245747168579e-01	1.861720329764912085e-01	8.646983782901737636e-02	3.910724533731136515e-02	9.751094312989100343e-02
1.886730383325560297e+03	1.830600099475488129e-01	1.134474666026610984e-01	2.939202136969441548e-01	1.863011537774655058e-01	8.652891545109231419e-02	3.914989447316974402e-02	9.759234605057988399e-02
1.891568153539215928e+03	1.827669640021049313e-01	1.132408349364869421e-01	2.941095040519456916e-01	1.864294593796753940e-01	8.658765408239978145e-02	3.919232569113424713e-02	9.767325785571454033e-02
1.896405923752871104e+03	1.824756430205076441e-01	1.130354227876247397e-01	2.942977023884940091e-01	1.865569553376189849e-01	8.664605543843460767e-02	3.923453963761818625e-02	9.775368138916327998e-02
1.901243693966526507e+03	1.821860368886683013e-01	1.128312228654619748e-01	2.944848153998371743e-01	1.866836471553445509e-01	8.670412123742622656e-02	3.927653696715151244e-02	9.783361948557173227e-02
1.906081464180181683e+03	1.818981355485976559e-01	1.126282279270045678e-01	2.946708497246295355e-01	1.868095402873836408e-01	8.676185319975866783e-02	3.931831834212427823e-02	9.791307496996307091e-02
1.910919234393836859e+03	1.816119289982946472e-01	1.124264307763636339e-01	2.948558119478351114e-01	1.869346401396498047e-01	8.681925304741679172e-02	3.935988443253433250e-02	9.799205065736706077e-02
1.915757004607492036e+03	1.813274072916228330e-01	1.122258242642576870e-01	2.950397086016031678e-01	1.870589520703044850e-01	8.687632250345807272e-02	3.940123591573927581e-02	9.807054935247580540e-02
1.920594774821147894e+03	1.810445605381755529e-01	1.120264012875296505e-01	2.952225461661179273e-01	1.871824813905917095e-01	8.693306329150879419e-02	3.944237347621265544e-02	9.814857384932504369e-02
1.925432545034802843e+03	1.807633789031302118e-01	1.118281547886778859e-01	2.954043310704227432e-01	1.873052333656433088e-01	8.698947713528372427e-02	3.948329780530437927e-02	9.822612693099908032e-02
1.930270315248458019e+03	1.804838526070929872e-01	1.116310777554004874e-01	2.955850696932202371e-01	1.874272132152556558e-01	8.704556575812842645e-02	3.952400960100537625e-02	9.830321136935812887e-02
1.935108085462113195e+03	1.802059719259339610e-01	1.114351632201522752e-01	2.957647683636487890e-01	1.875484261146400655e-01	8.710133088258317779e-02	3.956450956771647570e-02	9.837982992478656874e-02
1.939945855675768371e+03	1.799297271906137863e-01	1.112404042597138071e-01	2.959434333620363788e-01	1.876688771951470491e-01	8.715677422996777335e-02	3.960479841602147777e-02	9.845598534596106122e-02
1.944783625889424002e+03	1.796551087870024432e-01	1.110467939947718113e-01	2.961210709206323899e-01	1.877885715449668647e-01	8.721189751998635609e-02	3.964487686246434550e-02	9.853168036963706744e-02
1.949621396103079178e+03	1.793821071556903068e-01	1.108543255895104718e-01	2.962976872243190951e-01	1.879075142098064755e-01	8.726670247035142602e-02	3.968474562933059502e-02	9.860691772045286629e-02
1.954459166316734354e+03	1.791107127917924979e-01	1.106629922512131492e-01	2.964732884113019384e-01	1.880257101935445818e-01	8.732119079642634840e-02	3.972440544443274490e-02	9.868170011074993420e-02
1.959296936530389530e+03	1.788409162447468781e-01	1.104727872298737895e-01	2.966478805737808866e-01	1.881431644588656416e-01	8.737536421088545890e-02	3.976385704089988038e-02	9.875603024040863209e-02
1.964134706744044706e+03	1.785727081181057996e-01	1.102837038178178797e-01	2.968214697586026851e-01	1.882598819278737678e-01	8.742922442339122469e-02	3.980310115697122120e-02	9.882991079669849188e-02
1.968972476957700337e+03	1.783060790693228870e-01	1.100957353493322299e-01	2.969940619678950178e-01	1.883758674826875035e-01	8.748277314028779506e-02	3.984213853579372105e-02	9.890334445414196429e-02
1.973810247171355968e+03	1.780410198095341845e-01	1.099088752003032632e-01	2.971656631596827358e-01	1.884911259660164151e-01	8.753601206430991488e-02	3.988096992522355971e-02	9.897633387439096209e-02
1.978648017385010689e+03	1.777775211033349456e-01	1.097231167878634922e-01	2.973362792484882666e-01	1.886056621817200352e-01	8.758894289430711744e-02	3.991959607763168050e-02	9.904888170611547693e-02
1.983485787598666320e+03	1.775155737685521762e-01	1.095384535700456713e-01	2.975059161059143142e-01	1.887194808953502889e-01	8.764156732498207258e-02	3.995801774971304704e-02	9.912099058490342340e-02
1.988323557812321269e+03	1.772551686760130418e-01	1.093548790454443170e-01	2.976745795612117940e-01	1.888325868346780734e-01	8.769388704664286827e-02	3.999623570229986214e-02	9.919266313317101624e-02
1.993161328025976900e+03	1.769962967493097505e-01	1.091723867528842928e-01	2.978422754018323348e-01	1.889449846902044872e-01	8.774590374496836487e-02	4.003425070017843646e-02	9.926390196008329225e-02
1.997999098239632076e+03	1.767389489645612155e-01	1.089909702710961520e-01	2.980090093739661272e-01	1.890566791156575166e-01	8.779761910078624776e-02	4.007206351190994303e-02	9.933470966148372217e-02
2.002836868453287707e+03	1.764831163501714706e-01	1.088106232183978644e-01	2.981747871830657259e-01	1.891676747284750659e-01	8.784903478986323677e-02	4.010967490965471755e-02	9.940508881983287082e-02
2.007674638666942428e+03	1.762287899865854490e-01	1.086313392523826776e-01	2.983396144943562533e-01	1.892779761102742209e-01	8.790015248270688364e-02	4.014708566900028475e-02	9.947504200415521747e-02
2.012512408880597604e+03	1.759759610060424584e-01	1.084531120696128753e-01	2.985034969333323351e-01	1.893875878073081886e-01	8.795097384437843002e-02	4.018429656879293072e-02	9.954457176999371992e-02
2.017350179094252780e+03	1.757246205923271853e-01	1.082759354053191708e-01	2.986664400862426572e-01	1.894965143309108868e-01	8.800150053431642083e-02	4.022130839097283472e-02	9.961368065937170613e-02
2.022187949307908411e+03	1.754747599805187297e-01	1.080998030331054155e-01	2.988284495005623098e-01	1.896047601579298192e-01	8.805173420617036506e-02	4.025812192041264975e-02	9.968237120076160751e-02
2.027025719521564042e+03	1.752263704567378899e-01	1.079247087646584835e-01	2.989895306854526980e-01	1.897123297311477108e-01	8.810167650764431924e-02	4.029473794475955939e-02	9.975064590906014550e-02
2.031863489735218764e+03	1.749794433578929220e-01	1.077506464494632082e-01	2.991496891122111812e-01	1.898192274596935680e-01	8.815132908034971349e-02	4.033115725428070703e-02	9.981850728556952712e-02
2.036701259948874394e+03	1.747339700714236332e-01	1.075776099745218428e-01	2.993089302147087238e-01	1.899254577194433025e-01	8.820069355966701774e-02	4.036738064171191409e-02	9.988595781798435824e-02
2.041539030162529116e+03	1.744899420350445873e-01	1.074055932640781974e-01	2.994672593898176083e-01	1.900310248534105573e-01	8.824977157461620647e-02	4.040340890210975672e-02	9.995299998038384426e-02
2.046376800376184747e+03	1.742473507364870888e-01	1.072345902793461203e-01	2.996246819978285458e-01	1.901359331721279577e-01	8.829856474773513375e-02	4.043924283270679265e-02	1.000196362332290839e-01
2.051214570589840150e+03	1.740061877132401402e-01	1.070645950182421147e-01	2.997812033628582951e-01	1.902401869540193691e-01	8.834707469496590193e-02	4.047488323277001476e-02	1.000858690233648873e-01
2.056052340803495554e+03	1.737664445522908441e-01	1.068956015151220074e-01	2.999368287732473437e-01	1.903437904457633278e-01	8.839530302554857166e-02	4.051033090346240623e-02	1.001517007840261875e-01
2.060890111017150957e+03	1.735281128898640557e-01	1.067276038405215177e-01	3.000915634819488198e-01	1.904467478626481192e-01	8.844325134192218552e-02	4.054558664770757659e-02	1.002171339348484763e-01
2.065727881230805451e+03	1.732911844111616473e-01	1.065605961009004898e-01	3.002454127069079104e-01	1.905490633889187213e-01	8.849092123963239742e-02	4.058065127005742317e-02	1.002821708818821267e-01
2.070565651444461309e+03	1.730556508501015223e-01	1.063945724383907193e-01	3.003983816314335087e-01	1.906507411781160066e-01	8.853831430724579121e-02	4.061552557656274848e-02	1.003468140176104056e-01
2.075403421658116713e+03	1.728215039890558802e-01	1.062295270305472217e-01	3.005504754045608684e-01	1.907517853534085872e-01	8.858543212627043029e-02	4.065021037464684045e-02	1.004110657209707907e-01
2.080241191871772116e+03	1.725887356585900645e-01	1.060654540901028869e-01	3.007016991414067641e-01	1.908522000079171943e-01	8.863227627108222206e-02	4.068470647298186305e-02	1.004749283573796170e-01
2.085078962085427065e+03	1.723573377372007165e-01	1.059023478647262290e-01	3.008520579235163805e-01	1.909519892050324241e-01	8.867884830885713887e-02	4.071901468136811253e-02	1.005384042787595966e-01
2.089916732299082469e+03	1.721273021510543733e-01	1.057402026367823683e-01	3.010015567992033181e-01	1.910511569787255726e-01	8.872514979950871239e-02	4.075313581061604240e-02	1.006014958235701695e-01
2.094754502512737417e+03	1.718986208737261212e-01	1.055790127230968878e-01	3.011502007838818828e-01	1.911497073338532249e-01	8.877118229563084328e-02	4.078707067243099449e-02	1.006642053168404910e-01
2.099592272726392821e+03	1.716712859259383883e-01	1.054187724747225885e-01	3.012979948603929925e-01	1.912476442464555171e-01	8.881694734244544032e-02	4.082082007930061540e-02	1.007265350702048895e-01
2.104430042940048224e+03	1.714452893753001805e-01	1.052594762767090908e-01	3.014449439793223107e-01	1.913449716640484577e-01	8.886244647775484728e-02	4.085438484438490975e-02	1.007884873819405447e-01
2.109267813153704083e+03	1.712206233360465124e-01	1.051011185478751275e-01	3.015910530593131078e-01	1.914416935059105873e-01	8.890768123189876637e-02	4.088776578140884688e-02	1.008500645370073584e-01
2.114105583367359031e+03	1.709972799687784484e-01	1.049436937405833770e-01	3.017363269873718501e-01	1.915378136633638650e-01	8.895265312771540034e-02	4.092096370455752807e-02	1.009112688070898378e-01
2.118943353581013525e+03	1.707752514802035604e-01	1.047871963405179463e-01	3.018807706191680151e-01	1.916333360000493924e-01	8.899736368050678581e-02	4.095397942837382399e-02	1.009721024506407827e-01
2.123781123794669384e+03	1.705545301228769961e-01	1.046316208664642283e-01	3.020243887793281345e-01	1.917282643521977248e-01	8.904181439800797071e-02	4.098681376765846152e-02	1.010325677129267630e-01
2.128618894008324787e+03	1.703351081949431578e-01	1.044769618700911173e-01	3.021671862617238968e-01	1.918226025288944647e-01	8.908600678035991094e-02	4.101946753737249762e-02	1.010926668260752059e-01
2.133456664221980191e+03	1.701169780398779086e-01	1.043232139357356814e-01	3.023091678297549212e-01	1.919163543123407201e-01	8.912994232008586426e-02	4.105194155254217325e-02	1.011524020091229548e-01
2.138294434435635139e+03	1.699001320462318609e-01	1.041703716801898744e-01	3.024503382166259802e-01	1.920095234581089272e-01	8.917362250207129526e-02	4.108423662816600846e-02	1.012117754680662979e-01
2.143132204649290543e+03	1.696845626473739710e-01	1.040184297524895801e-01	3.025907021256190044e-01	1.921021136953943997e-01	8.921704880354679179e-02	4.111635357912424987e-02	1.012707893959122196e-01
2.147969974862945492e+03	1.694702623212363535e-01	1.038673828337056820e-01	3.027302642303603686e-01	1.921941287272621035e-01	8.926022269407425658e-02	4.114829322009046914e-02	1.013294459727309138e-01
2.152807745076601350e+03	1.692572235900596245e-01	1.037172256367373674e-01	3.028690291750832930e-01	1.922855722308893789e-01	8.930314563553576335e-02	4.118005636544536108e-02	1.013877473657093936e-01
2.157645515290255844e+03	1.690454390201393542e-01	1.035679529061071802e-01	3.030070015748847490e-01	1.923764478578046111e-01	8.934581908212539669e-02	4.121164382919270674e-02	1.014456957292061284e-01
2.162483285503912157e+03	1.688349012215732137e-01	1.034195594177582944e-01	3.031441860159792001e-01	1.924667592341217925e-01	8.938824448034358994e-02	4.124305642487737650e-02	1.015032932048067077e-01
2.167321055717567106e+03	1.686256028480093150e-01	1.032720399788534249e-01	3.032805870559464045e-01	1.925565099607712272e-01	8.943042326899405814e-02	4.127429496550544946e-02	1.015605419213802679e-01
2.172158825931222509e+03	1.684175365963952731e-01	1.031253894275758892e-01	3.034162092239763298e-01	1.926457036137265710e-01	8.947235687918297931e-02	4.130536026346631057e-02	1.016174439951368080e-01
2.176996596144877003e+03	1.682106952067284611e-01	1.029796026329322933e-01	3.035510570211086834e-01	1.927343437442281537e-01	8.951404673432054870e-02	4.133625313045672517e-02	1.016740015296852401e-01
2.181834366358532861e+03	1.680050714618072927e-01	1.028346744945570490e-01	3.036851349204693351e-01	1.928224338790027748e-01	8.955549425012460096e-02	4.136697437740689820e-02	1.017302166160921201e-01
2.186672136572187810e+03	1.678006581869832536e-01	1.026905999425185567e-01	3.038184473675023534e-01	1.929099775204801415e-01	8.959670083462635548e-02	4.139752481440834436e-02	1.017860913329409756e-01
2.191509906785843214e+03	1.675974482499144602e-01	1.025473739371272480e-01	3.039509987801983781e-01	1.929969781470059209e-01	8.963766788817797981e-02	4.142790525064371510e-02	1.018416277463922714e-01
2.196347676999498617e+03	1.673954345603199390e-01	1.024049914687450852e-01	3.040827935493191636e-01	1.930834392130515165e-01	8.967839680346205433e-02	4.145811649431840190e-02	1.018968279102437785e-01
2.201185447213154021e+03	1.671946100697351278e-01	1.022634475575968510e-01	3.042138360386188456e-01	1.931693641494208746e-01	8.971888896550275772e-02	4.148815935259392990e-02	1.019516938659914829e-01
2.206023217426809424e+03	1.669949677712685432e-01	1.021227372535829236e-01	3.043441305850614897e-01	1.932547563634540444e-01	8.975914575167871778e-02	4.151803463152311385e-02	1.020062276428909676e-01
2.210860987640464373e+03	1.667965006993595567e-01	1.019828556360936472e-01	3.044736814990352536e-01	1.933396192392279889e-01	8.979916853173734725e-02	4.154774313598696978e-02	1.020604312580190159e-01
2.215698757854119776e+03	1.665992019295372273e-01	1.018437978138251737e-01	3.046024930645636064e-01	1.934239561377541217e-01	8.983895866781073380e-02	4.157728566963322936e-02	1.021143067163357010e-01
2.220536528067775180e+03	1.664030645781804374e-01	1.017055589245968866e-01	3.047305695395128300e-01	1.935077703971734842e-01	8.987851751443289017e-02	4.160666303481658918e-02	1.021678560107466549e-01
