1.262658025764028707e+03	2.391393874120812668e-01	1.543646432972645421e-01	2.565956507622504379e-01	1.583396662105001629e-01	7.610660853426372274e-02	3.169006726853416944e-02	8.376397651456686522e-02
1.267495795977684338e+03	2.385550777126130284e-01	1.538774055919568950e-01	2.570344446844147202e-01	1.587668020917886724e-01	7.619997721787663547e-02	3.176914343730527501e-02	8.379714926350589899e-02
1.272333566191339514e+03	2.379720391094666543e-01	1.533952048234935028e-01	2.574696102841581569e-01	1.591834005675370756e-01	7.629312111216506043e-02	3.184725221005771378e-02	8.383937189258303113e-02
1.277171336404994690e+03	2.373903816966673186e-01	1.529178921638315036e-01	2.579011813845143997e-01	1.595900586650954578e-01	7.638609466658213831e-02	3.192445940279306504e-02	8.388993201997729798e-02
1.282009106618650094e+03	2.368102087351653395e-01	1.524453261803385973e-01	2.583291937368870639e-01	1.599873325077915409e-01	7.647894447500865056e-02	3.200082561889198984e-02	8.394816874537798512e-02
1.286846876832305497e+03	2.362316170049448827e-01	1.519773724404299142e-01	2.587536847156525210e-01	1.603757402219285477e-01	7.657171004586831031e-02	3.207640663877912163e-02	8.401346893185789033e-02
1.291684647045960673e+03	2.356546971403943314e-01	1.515139031370923428e-01	2.591746930423837192e-01	1.607557646344944524e-01	7.666442450661065111e-02	3.215125378103955711e-02	8.408526375744609926e-02
1.296522417259616077e+03	2.350795339496381253e-01	1.510547967342288078e-01	2.595922585371961411e-01	1.611278557767549247e-01	7.675711524780216843e-02	3.222541423706976743e-02	8.416302551677118382e-02
1.301360187473271253e+03	2.345062067185077481e-01	1.505999376308064797e-01	2.600064218949160733e-01	1.614924332077975755e-01	7.684980451166154025e-02	3.229893138119377394e-02	8.424626465457801805e-02
1.306197957686926657e+03	2.339347894998096145e-01	1.501492158428434087e-01	2.604172244839527139e-01	1.618498881710708215e-01	7.694250992950195378e-02	3.237184505803455264e-02	8.433452701424809517e-02
1.311035727900581833e+03	2.333653513885264874e-01	1.497025267023135986e-01	2.608247081659272881e-01	1.622005855960120813e-01	7.703524501219745357e-02	3.244419184880005524e-02	8.442739128568417517e-02
1.315873498114237009e+03	2.327979567835674612e-01	1.492597705720965229e-01	2.612289151342631066e-01	1.625448659559800557e-01	7.712801959747168923e-02	3.251600531802208149e-02	8.452446663806018057e-02
1.320711268327892412e+03	2.322326656366609232e-01	1.488208525761396395e-01	2.616298877700899972e-01	1.628830469928896629e-01	7.722084025751219105e-02	3.258731624217422324e-02	8.462539052399448147e-02
1.325549038541547588e+03	2.316695336889640910e-01	1.483856823440437289e-01	2.620276685139442119e-01	1.632154253181926085e-01	7.731371067014081166e-02	3.265815282149079485e-02	8.472982664268483011e-02
1.330386808755202765e+03	2.311086126959417675e-01	1.479541737693201575e-01	2.624222997518705913e-01	1.635422778991454662e-01	7.740663195651904804e-02	3.272854087621261676e-02	8.483746305045140879e-02
1.335224578968857941e+03	2.305499506410464972e-01	1.475262447806062194e-01	2.628138237146452338e-01	1.638638634386566373e-01	7.749960298813438064e-02	3.279850402839575019e-02	8.494801040797632374e-02
1.340062349182513572e+03	2.299935919387131045e-01	1.471018171251606554e-01	2.632022823889407781e-01	1.641804236564018693e-01	7.759262066559891036e-02	3.286806387033661819e-02	8.506120035430905779e-02
1.344900119396168748e+03	2.294395776271593024e-01	1.466808161639958641e-01	2.635877174393540523e-01	1.644921844783388820e-01	7.768568017159251105e-02	3.293724012059022488e-02	8.517678399843012227e-02
1.349737889609823924e+03	2.288879455514669092e-01	1.462631706780346819e-01	2.639701701403023293e-01	1.647993571412338654e-01	7.777877520009991719e-02	3.300605076848671382e-02	8.529453051983651446e-02
1.354575659823479100e+03	2.283387305373970333e-01	1.458488126847115318e-01	2.643496813168780823e-01	1.651021392183326941e-01	7.787189816392146857e-02	3.307451220798580949e-02	8.541422587023429769e-02
1.359413430037134731e+03	2.277919645563764861e-01	1.454376772644671023e-01	2.647262912938257440e-01	1.654007155718641153e-01	7.796504038228076194e-02	3.314263936164713042e-02	8.553567156899957724e-02
1.364251200250789907e+03	2.272476768820727300e-01	1.450297023966129750e-01	2.651000398518745804e-01	1.656952592376502442e-01	7.805819225020828311e-02	3.321044579543808162e-02	8.565868358560400908e-02
1.369088970464445310e+03	2.267058942389590381e-01	1.446248288040702101e-01	2.654709661907251328e-01	1.659859322467159282e-01	7.815134339124640839e-02	3.327794382504802723e-02	8.578309130269611005e-02
1.373926740678100487e+03	2.261666409432532554e-01	1.442229998065109597e-01	2.658391088980456840e-01	1.662728863884348207e-01	7.824448279489841507e-02	3.334514461432893512e-02	8.590873655398875708e-02
1.378764510891755890e+03	2.256299390365983093e-01	1.438241611814562171e-01	2.662045059238890010e-01	1.665562639194203276e-01	7.833759894013046787e-02	3.341205826643747073e-02	8.603547273152900576e-02
1.383602281105411066e+03	2.250958084128354686e-01	1.434282610329060126e-01	2.665671945599911719e-01	1.668361982220651352e-01	7.843067990613036833e-02	3.347869390821146818e-02	8.616316395732118161e-02
1.388440051319066470e+03	2.245642669382079126e-01	1.430352496671003226e-01	2.669272114234574333e-01	1.671128144163495921e-01	7.852371347143062563e-02	3.354505976827512614e-02	8.629168431463977995e-02
1.393277821532721646e+03	2.240353305653149940e-01	1.426450794750297180e-01	2.672845924443855714e-01	1.673862299282776189e-01	7.861668720241382635e-02	3.361116324933098587e-02	8.642091713470807790e-02
1.398115591746377049e+03	2.235090134411252816e-01	1.422577048213342077e-01	2.676393728570139463e-01	1.676565550180552089e-01	7.870958853213590178e-02	3.367701099506353185e-02	8.655075433473281843e-02
1.402953361960032225e+03	2.229853280093417045e-01	1.418730819392480802e-01	2.679915871940173888e-01	1.679238932709014309e-01	7.880240483032727172e-02	3.374260895204832245e-02	8.668109580357667709e-02
1.407791132173687402e+03	2.224642851073989902e-01	1.414911688312663063e-01	2.683412692836090740e-01	1.681883420531725681e-01	7.889512346536138587e-02	3.380796242703174026e-02	8.681184883162078314e-02
1.412628902387342805e+03	2.219458940583608209e-01	1.411119251752245563e-01	2.686884522491336247e-01	1.684499929362862358e-01	7.898773185891592996e-02	3.387307613991998728e-02	8.694292758161970003e-02
1.417466672600997981e+03	2.214301627579718101e-01	1.407353122355015085e-01	2.690331685108673376e-01	1.687089320907525503e-01	7.908021753399241405e-02	3.393795427279113625e-02	8.707425259758413971e-02
1.422304442814653157e+03	2.209170977571078831e-01	1.403612927790675313e-01	2.693754497897651312e-01	1.689652406524526640e-01	7.917256815690468241e-02	3.400260051522139421e-02	8.720575034894161026e-02
1.427142213028308333e+03	2.204067043398568737e-01	1.399898309961176146e-01	2.697153271129186236e-01	1.692189950631505235e-01	7.926477157379679950e-02	3.406701810619529314e-02	8.733735280742509210e-02
1.431979983241963964e+03	2.198989865974502189e-01	1.396208924250414984e-01	2.700528308205102923e-01	1.694702673870800702e-01	7.935681584220373452e-02	3.413120987285006569e-02	8.746899705432494010e-02
1.436817753455619140e+03	2.193939474982566917e-01	1.392544438814951324e-01	2.703879905740689260e-01	1.697191256053172947e-01	7.944868925812570426e-02	3.419517826628614560e-02	8.760062491591089073e-02
1.441655523669274316e+03	2.188915889540386517e-01	1.388904533913526418e-01	2.707208353658496769e-01	1.699656338895234875e-01	7.954038037904721803e-02	3.425892539465882902e-02	8.773218262499021813e-02
1.446493293882929493e+03	2.183919118826619932e-01	1.385288901273269424e-01	2.710513935291788967e-01	1.702098528565310076e-01	7.963187804329570352e-02	3.432245305375059008e-02	8.786362050671558954e-02
1.451331064096585123e+03	2.178949162674411189e-01	1.381697243490606353e-01	2.713796927496184841e-01	1.704518398051376171e-01	7.972317138610095222e-02	3.438576275520879855e-02	8.799489268689313082e-02
1.456168834310240300e+03	2.174006012132927435e-01	1.378129273464980264e-01	2.717057600768195691e-01	1.706916489363762834e-01	7.981424985268593952e-02	3.444885575262034150e-02	8.812595682116787510e-02
1.461006604523895703e+03	2.169089649998624247e-01	1.374584713863598318e-01	2.720296219369469082e-01	1.709293315584368700e-01	7.990510320869095851e-02	3.451173306558209808e-02	8.825677384358168731e-02
1.465844374737550879e+03	2.164200051317809459e-01	1.371063296615515903e-01	2.723513041455678518e-01	1.711649362773310090e-01	7.999572154820715209e-02	3.457439550191455241e-02	8.838730773310762845e-02
1.470682144951206283e+03	2.159337183861990139e-01	1.367564762433454428e-01	2.726708319209111275e-01	1.713985091743127631e-01	8.008609529967143648e-02	3.463684367815519916e-02	8.851752529686576776e-02
1.475519915164861459e+03	2.154501008577421883e-01	1.364088860361841460e-01	2.729882298974078969e-01	1.716300939709955453e-01	8.017621522985272919e-02	3.469907803845845295e-02	8.864739596881977823e-02
1.480357685378516862e+03	2.149691480010202660e-01	1.360635347349638535e-01	2.733035221394404246e-01	1.718597321830377944e-01	8.026607244613911951e-02	3.476109887201942611e-02	8.877689162283976254e-02
1.485195455592172038e+03	2.144908546708192698e-01	1.357203987846602733e-01	2.736167321552280263e-01	1.720874632632072576e-01	8.035565839731698135e-02	3.482290632913052214e-02	8.890598639909827461e-02
1.490033225805827215e+03	2.140152151600973329e-01	1.353794553421693858e-01	2.739278829107898439e-01	1.723133247345755570e-01	8.044496487301595888e-02	3.488450043597181305e-02	8.903465654284073438e-02
1.494870996019482618e+03	2.135422232358997752e-01	1.350406822402419882e-01	2.742369968439301586e-01	1.725373523145410093e-01	8.053398400197807339e-02	3.494588110822872268e-02	8.916288025464089162e-02
1.499708766233137567e+03	2.130718721733032284e-01	1.347040579533969051e-01	2.745440958781978913e-01	1.727595800303277640e-01	8.062270824929451685e-02	3.500704816362391197e-02	8.929063755131647073e-02
1.504546536446793198e+03	2.126041547874924775e-01	1.343695615657041209e-01	2.748492014367776015e-01	1.729800403265621955e-01	8.071113041274094457e-02	3.506800133344369075e-02	8.941791013673962285e-02
1.509384306660448374e+03	2.121390634640692441e-01	1.340371727403354418e-01	2.751523344562751272e-01	1.731987641654856025e-01	8.079924361832933888e-02	3.512874027313371561e-02	8.954468128183211417e-02
1.514222076874103550e+03	2.116765901876860867e-01	1.337068716907852395e-01	2.754535154003645570e-01	1.734157811203211053e-01	8.088704131518402451e-02	3.518926457203289809e-02	8.967093571308663857e-02
1.519059847087758726e+03	2.112167265690948759e-01	1.333786391536695703e-01	2.757527642732684470e-01	1.736311194622763288e-01	8.097451726983857789e-02	3.524957376230990203e-02	8.979665950900285465e-02
1.523897617301414357e+03	2.107594638706939971e-01	1.330524563630164636e-01	2.760501006330464135e-01	1.738448062416291517e-01	8.106166556004165691e-02	3.530966732716145362e-02	8.992184000387147547e-02
1.528735387515069533e+03	2.103047930306543578e-01	1.327283050259658315e-01	2.763455436046710623e-01	1.740568673633111352e-01	8.114848056815066046e-02	3.536954470832768399e-02	9.004646569837986003e-02
1.533573157728724709e+03	2.098527046857003031e-01	1.324061672998005368e-01	2.766391118928736015e-01	1.742673276573746266e-01	8.123495697418463279e-02	3.542920531297553272e-02	9.017052617655131608e-02
1.538410927942380113e+03	2.094031891926173838e-01	1.320860257702357321e-01	2.769308237947429308e-01	1.744762109447011711e-01	8.132108974860079165e-02	3.548864851999759124e-02	9.029401202856494890e-02
1.543248698156035516e+03	2.089562366485550882e-01	1.317678634308969143e-01	2.772206972120667134e-01	1.746835400982839348e-01	8.140687414485196782e-02	3.554787368577029538e-02	9.041691477903569807e-02
1.548086468369690692e+03	2.085118369101895131e-01	1.314516636639204983e-01	2.775087496634039419e-01	1.748893371003930330e-01	8.149230569177688677e-02	3.560688014941209428e-02	9.053922682036466552e-02
1.552924238583346096e+03	2.080699796118075928e-01	1.311374102216160131e-01	2.777949982958800024e-01	1.750936230959106443e-01	8.157738018586935258e-02	3.566566723757941954e-02	9.066094135079764971e-02
1.557762008797001272e+03	2.076306541823702279e-01	1.308250872091300532e-01	2.780794598966991327e-01	1.752964184421023641e-01	8.166209368346755149e-02	3.572423426883531566e-02	9.078205231685607113e-02
1.562599779010656675e+03	2.071938498616105739e-01	1.305146790680570823e-01	2.783621509043684439e-01	1.754977427550725722e-01	8.174644249290037579e-02	3.578258055762319895e-02	9.090255435982852461e-02
1.567437549224311852e+03	2.067595557152187014e-01	1.302061705609449116e-01	2.786430874196311747e-01	1.756976149531337128e-01	8.183042316662289539e-02	3.584070541787574837e-02	9.102244276603370376e-02
1.572275319437967255e+03	2.063277606491628891e-01	1.298995467566448070e-01	2.789222852161067912e-01	1.758960532973033453e-01	8.191403249337016190e-02	3.589860816628681617e-02	9.114171342058600966e-02
1.577113089651622431e+03	2.058984534231940167e-01	1.295947930164597639e-01	2.791997597506381545e-01	1.760930754291275546e-01	8.199726749035447793e-02	3.595628812527206647e-02	9.126036276441479300e-02
1.581950859865277607e+03	2.054716226635775467e-01	1.292918949810466234e-01	2.794755261733446461e-01	1.762886984060154372e-01	8.208012539552834996e-02	3.601374462564236462e-02	9.137838775430592864e-02
1.586788630078933011e+03	2.050472568750952573e-01	1.289908385580302852e-01	2.797495993373839696e-01	1.764829387342558564e-01	8.216260365993273418e-02	3.607097700901196885e-02	9.149578582575072783e-02
1.591626400292587959e+03	2.046253444523566667e-01	1.286916099102904110e-01	2.800219938084246296e-01	1.766758123998765639e-01	8.224469994014715901e-02	3.612798462996214682e-02	9.161255485840323620e-02
1.596464170506243590e+03	2.042058736904574512e-01	1.283941954448833966e-01	2.802927238738306959e-01	1.768673348974930393e-01	8.232641209085650447e-02	3.618476685797912540e-02	9.172869314396060736e-02
1.601301940719898766e+03	2.037888327950209411e-01	1.280985818025642820e-01	2.805618035515641262e-01	1.770575212572857160e-01	8.240773815754674769e-02	3.624132307918415119e-02	9.184419935629488385e-02
1.606139710933553943e+03	2.033742098916565544e-01	1.278047558478755119e-01	2.808292465988071474e-01	1.772463860702329919e-01	8.248867636934005543e-02	3.629765269787184334e-02	9.195907252367671592e-02
1.610977481147209119e+03	2.029619930348668666e-01	1.275127046597707148e-01	2.810950665203102994e-01	1.774339435117195385e-01	8.256922513197842428e-02	3.635375513787206248e-02	9.207331200294291418e-02
1.615815251360864750e+03	2.025521702164336801e-01	1.272224155227440756e-01	2.813592765764701964e-01	1.776202073636303225e-01	8.264938302096278000e-02	3.640962984374924993e-02	9.218691745547052951e-02
1.620653021574519926e+03	2.021447293733121542e-01	1.269338759184370224e-01	2.816218897911426655e-01	1.778051910350336440e-01	8.272914877485361418e-02	3.646527628185225467e-02	9.229988882482959012e-02
1.625490791788175102e+03	2.017396583950594458e-01	1.266470735176958573e-01	2.818829189591964823e-01	1.779889075815486998e-01	8.280852128873766871e-02	3.652069394122663820e-02	9.241222631599610438e-02
1.630328562001830505e+03	2.013369451308242575e-01	1.263619961730552410e-01	2.821423766538141975e-01	1.781713697234869054e-01	8.288749960786435944e-02	3.657588233440061537e-02	9.252393037601532033e-02
1.635166332215485909e+03	2.009365773959209123e-01	1.260786319116237730e-01	2.824002752335442734e-01	1.783525898628496587e-01	8.296608292145433994e-02	3.663084099805490046e-02	9.263500167601300406e-02
1.640004102429141085e+03	2.005385429780114082e-01	1.257969689283492953e-01	2.826566268491126910e-01	1.785325800992600132e-01	8.304427055668187063e-02	3.668556949358604824e-02	9.274544109445964635e-02
1.644841872642796488e+03	2.001428296429170473e-01	1.255169955796429371e-01	2.829114434499979680e-01	1.787113522448993130e-01	8.312206197283179832e-02	3.674006740757206069e-02	9.285524970159983460e-02
1.649679642856451665e+03	1.997494251400801502e-01	1.252387003773420826e-01	2.831647367907781376e-01	1.788889178385162093e-01	8.319945675563139575e-02	3.679433435214850279e-02	9.296442874496449460e-02
1.654517413070107068e+03	1.993583172076952015e-01	1.249620719829928339e-01	2.834165184372537949e-01	1.790652881585697576e-01	8.327645461175647856e-02	3.684836996530262143e-02	9.307297963589031276e-02
1.659355183283762244e+03	1.989694935775281337e-01	1.246870992024350366e-01	2.836667997723547052e-01	1.792404742355644676e-01	8.335305536351077238e-02	3.690217391109252426e-02	9.318090393697534002e-02
1.664192953497417420e+03	1.985829419794408746e-01	1.244137709806722586e-01	2.839155920018360812e-01	1.794144868636311507e-01	8.342925894367705930e-02	3.695574587979789938e-02	9.328820335040563516e-02
1.669030723711072824e+03	1.981986501456375616e-01	1.241420763970115249e-01	2.841629061597703010e-01	1.795873366114036918e-01	8.350506539053824395e-02	3.700908558800819481e-02	9.339487970709139941e-02
1.673868493924728000e+03	1.978166058146482997e-01	1.238720046604572939e-01	2.844087531138410063e-01	1.797590338322381243e-01	8.358047484306581343e-02	3.706219277865387129e-02	9.350093495655655007e-02
1.678706264138383403e+03	1.974367967350647013e-01	1.236035451053459633e-01	2.846531435704446888e-01	1.799295886738177808e-01	8.365548753627338741e-02	3.711506722098582151e-02	9.360637115752869220e-02
1.683544034352038352e+03	1.970592106690416956e-01	1.233366871872072501e-01	2.848960880796068684e-01	1.800990110871844296e-01	8.373010379673233305e-02	3.716770871050768810e-02	9.371119046918074957e-02
1.688381804565693983e+03	1.966838353955779883e-01	1.230714204788399962e-01	2.851375970397184156e-01	1.802673108352338960e-01	8.380432403824630838e-02	3.722011706886547283e-02	9.381539514297894400e-02
1.693219574779349159e+03	1.963106587135883818e-01	1.228077346665903818e-01	2.853776807020974582e-01	1.804344975007102225e-01	8.387814875768148659e-02	3.727229214369844057e-02	9.391898751509465681e-02
1.698057344993004335e+03	1.959396684447790027e-01	1.225456195468214576e-01	2.856163491753834216e-01	1.806005804937317605e-01	8.395157853094911693e-02	3.732423380845512062e-02	9.402196999934112065e-02
1.702895115206659511e+03	1.955708524363370948e-01	1.222850650225631441e-01	2.858536124297683112e-01	1.807655690588794717e-01	8.402461400913675826e-02	3.737594196217777776e-02	9.412434508059841498e-02
1.707732885420315142e+03	1.952041985634453969e-01	1.220260611003330248e-01	2.860894803010708975e-01	1.809294722818756140e-01	8.409725591478445228e-02	3.742741652925858642e-02	9.422611530869293150e-02
1.712570655633970318e+03	1.948396947316313188e-01	1.217685978871179964e-01	2.863239624946596340e-01	1.810922990958795387e-01	8.416950503830229746e-02	3.747865745917045022e-02	9.432728329269966794e-02
1.717408425847625494e+03	1.944773288789602705e-01	1.215126655875083533e-01	2.865570685892285807e-01	1.812540582874249406e-01	8.424136223452545480e-02	3.752966472617511734e-02	9.442785169563817915e-02
1.722246196061280898e+03	1.941170889780816644e-01	1.212582545009755070e-01	2.867888080404329965e-01	1.814147585020217945e-01	8.431282841940278272e-02	3.758043832901114545e-02	9.452782322953502681e-02
1.727083966274936301e+03	1.937589630381362782e-01	1.210053550192854710e-01	2.870191901843880955e-01	1.815744082494444023e-01	8.438390456681545138e-02	3.763097829056403359e-02	9.462720065082715071e-02
1.731921736488591478e+03	1.934029391065330006e-01	1.207539576240406892e-01	2.872482242410371867e-01	1.817330159087252872e-01	8.445459170552126194e-02	3.768128465752054734e-02	9.472598675608294438e-02
1.736759506702246881e+03	1.930490052706017590e-01	1.205040528843430436e-01	2.874759193173927474e-01	1.818905897328736976e-01	8.452489091622142348e-02	3.773135750000934652e-02	9.482418437801892752e-02
1.741597276915902057e+03	1.926971496591303734e-01	1.202556314545712990e-01	2.877022844106562061e-01	1.820471378533363993e-01	8.459480332874540209e-02	3.778119691122953233e-02	9.492179638179175372e-02
1.746435047129557461e+03	1.923473604437918039e-01	1.200086840722666831e-01	2.879273284112200404e-01	1.822026682842163847e-01	8.466433011935048381e-02	3.783080300706892496e-02	9.501882566154662424e-02
1.751272817343212637e+03	1.919996258404676193e-01	1.197632015561207325e-01	2.881510601055574106e-01	1.823571889262652068e-01	8.473347250813212383e-02	3.788017592571348707e-02	9.511527513720445526e-02
1.756110587556867813e+03	1.916539341104743499e-01	1.195191748040595886e-01	2.883734881790022131e-01	1.825107075706626503e-01	8.480223175654139078e-02	3.792931582724933665e-02	9.521114775147151987e-02
1.760948357770523216e+03	1.913102735616979133e-01	1.192765947914196101e-01	2.885946212184253290e-01	1.826632319025973117e-01	8.487060916500603625e-02	3.797822289325863965e-02	9.530644646705617451e-02
1.765786127984178393e+03	1.909686325496413595e-01	1.190354525692091520e-01	2.888144677148097861e-01	1.828147695046599963e-01	8.493860607065147061e-02	3.802689732641051368e-02	9.540117426407872248e-02
1.770623898197833569e+03	1.906289994783909869e-01	1.187957392624517383e-01	2.890330360657293318e-01	1.829653278600617827e-01	8.500622384511814789e-02	3.807533935004808745e-02	9.549533413766096712e-02
1.775461668411488745e+03	1.902913628015057701e-01	1.185574460686063120e-01	2.892503345777335810e-01	1.831149143556871639e-01	8.507346389247215368e-02	3.812354920777258349e-02	9.558892909568345031e-02
1.780299438625144376e+03	1.899557110228344281e-01	1.183205642560602316e-01	2.894663714686439016e-01	1.832635362849927840e-01	8.514032764720538826e-02	3.817152716302552040e-02	9.568196215669873272e-02
1.785137208838799552e+03	1.896220326972640202e-01	1.180850851626910059e-01	2.896811548697632577e-01	1.834112008507605696e-01	8.520681657232220818e-02	3.821927349866965917e-02	9.577443634799021055e-02
1.789974979052454728e+03	1.892903164314046482e-01	1.178510001944930580e-01	2.898946928280032864e-01	1.835579151677144694e-01	8.527293215750936239e-02	3.826678851656953317e-02	9.586635470376662915e-02
1.794812749266109904e+03	1.889605508842134574e-01	1.176183008242659284e-01	2.901069933079314933e-01	1.837036862650087421e-01	8.533867591738608649e-02	3.831407253717228345e-02	9.595772026348296790e-02
1.799650519479765535e+03	1.886327247675619045e-01	1.173869785903605828e-01	2.903180641937431194e-01	1.838485210885956178e-01	8.540404938983131578e-02	3.836112589908936832e-02	9.604853607027910578e-02
1.804488289693420711e+03	1.883068268467492368e-01	1.171570250954807046e-01	2.905279132911584572e-01	1.839924265034793283e-01	8.546905413438507515e-02	3.840794895867973013e-02	9.613880516952852395e-02
1.809326059907075887e+03	1.879828459409657315e-01	1.169284320055358206e-01	2.907365483292505548e-01	1.841354092958633892e-01	8.553369173072133957e-02	3.845454208963492576e-02	9.622853060748934317e-02
1.814163830120731291e+03	1.876607709237083366e-01	1.167011910485436649e-01	2.909439769622048644e-01	1.842774761751972967e-01	8.559796377718931204e-02	3.850090568256672036e-02	9.631771543005092362e-02
1.819001600334386467e+03	1.873405907231516787e-01	1.164752940135788811e-01	2.911502067710143304e-01	1.844186337761284933e-01	8.566187188942074593e-02	3.854704014459749833e-02	9.640636268156953237e-02
1.823839370548041643e+03	1.870222943224773005e-01	1.162507327497657728e-01	2.913552452651113067e-01	1.845588886603651002e-01	8.572541769900049458e-02	3.859294589895394950e-02	9.649447540378720822e-02
1.828677140761696819e+03	1.867058707601630674e-01	1.160274991653126309e-01	2.915590998839405756e-01	1.846982473184546891e-01	8.578860285219791493e-02	3.863862338456430096e-02	9.658205663482795356e-02
1.833514910975352450e+03	1.863913091302356884e-01	1.158055852265852254e-01	2.917617779984741366e-01	1.848367161714836726e-01	8.585142900875655791e-02	3.868407305565947640e-02	9.666910940826638210e-02
1.838352681189008081e+03	1.860785985824882915e-01	1.155849829572177662e-01	2.919632869126710939e-01	1.849743015727020878e-01	8.591389784073986957e-02	3.872929538137832167e-02	9.675563675226374338e-02
1.843190451402663257e+03	1.857677283226650544e-01	1.153656844372588641e-01	2.921636338648846420e-01	1.851110098090777423e-01	8.597601103143068246e-02	3.877429084537733356e-02	9.684164168876686907e-02
1.848028221616318433e+03	1.854586876126151362e-01	1.151476818023509235e-01	2.923628260292182035e-01	1.852468471027839403e-01	8.603777027428212432e-02	3.881905994544491284e-02	9.692712723276590558e-02
1.852865991829973609e+03	1.851514657704179112e-01	1.149309672429410512e-01	2.925608705168326051e-01	1.853818196126242601e-01	8.609917727191808423e-02	3.886360319312047451e-02	9.701209639160676690e-02
1.857703762043628785e+03	1.848460521704804738e-01	1.147155330035218995e-01	2.927577743772066809e-01	1.855159334353979894e-01	8.616023373518089112e-02	3.890792111331844300e-02	9.709655216435472691e-02
1.862541532257283961e+03	1.845424362436100807e-01	1.145013713819007656e-01	2.929535445993530218e-01	1.856491946072096055e-01	8.622094138222444193e-02	3.895201424395745154e-02	9.718049754120580697e-02
1.867379302470939592e+03	1.842406074770623903e-01	1.142884747284954178e-01	2.931481881129902600e-01	1.857816091047249651e-01	8.628130193765082279e-02	3.899588313559470415e-02	9.726393550294261392e-02
1.872217072684594768e+03	1.839405554145675248e-01	1.140768354456553890e-01	2.933417117896744974e-01	1.859131828463776170e-01	8.634131713168860522e-02	3.903952835106566654e-02	9.734686902043185319e-02
1.877054842898249490e+03	1.836422696563347057e-01	1.138664459870072782e-01	2.935341224438908214e-01	1.860439216935275419e-01	8.640098869941098547e-02	3.908295046512921117e-02	9.742930105416057474e-02
1.881892613111905121e+03	1.833457398590374599e-01	1.136572988568228526e-01	2.937254268341068508e-01	1.861738314515748727e-01	8.646031837999212932e-02	3.912615006411822305e-02	9.751123455380870941e-02
1.886730383325560297e+03	1.830509557357800632e-01	1.134493866094086895e-01	2.939156316637897004e-01	1.863029178710312594e-01	8.651930791600014048e-02	3.916912774559578453e-02	9.759267245785545331e-02
1.891568153539215928e+03	1.827579070560468866e-01	1.132427018485163278e-01	2.941047435823880840e-01	1.864311866485508229e-01	8.657795905272487602e-02	3.921188411801689727e-02	9.767361769321719622e-02
1.896405923752871104e+03	1.824665836456353107e-01	1.130372372267718917e-01	2.942927691862806672e-01	1.865586434279229433e-01	8.663627353753940163e-02	3.925441980039592188e-02	9.775407317491495440e-02
1.901243693966526507e+03	1.821769753865735697e-01	1.128329854451239900e-01	2.944797150196924451e-01	1.866852938010288288e-01	8.669425311929337963e-02	3.929673542197956865e-02	9.783404180576940612e-02
1.906081464180181683e+03	1.818890722170243557e-01	1.126299392523091303e-01	2.946655875755797571e-01	1.868111433087636108e-01	8.675189954773708523e-02	3.933883162192560595e-02	9.791352647612157345e-02
1.910919234393836859e+03	1.816028641311751568e-01	1.124280914443337998e-01	2.948503932964864904e-01	1.869361974419259942e-01	8.680921457297480215e-02	3.938070904898720997e-02	9.799253006357763751e-02
1.915757004607492036e+03	1.813183411791162436e-01	1.122274348639721447e-01	2.950341385753709744e-01	1.870604616420767363e-01	8.686619994494602925e-02	3.942236836120297655e-02	9.807105543277597204e-02
1.920594774821147894e+03	1.810354934667067761e-01	1.120279624002786384e-01	2.952168297564060073e-01	1.871839413023679843e-01	8.692285741293369339e-02	3.946381022559256047e-02	9.814910543517542385e-02
1.925432545034802843e+03	1.807543111554306414e-01	1.118296669881148897e-01	2.953984731357526261e-01	1.873066417683441898e-01	8.697918872509777244e-02	3.950503531785796302e-02	9.822668290886296671e-02
1.930270315248458019e+03	1.804747844622416331e-01	1.116325416076899835e-01	2.955790749623090630e-01	1.874285683387169610e-01	8.703519562803346821e-02	3.954604432209037762e-02	9.830379067837961837e-02
1.935108085462113195e+03	1.801969036593996376e-01	1.114365792841135600e-01	2.957586414384349993e-01	1.875497262661140752e-01	8.709087986635262457e-02	3.958683793048261429e-02	9.838043155456359379e-02
1.939945855675768371e+03	1.799206590742979395e-01	1.112417730869610794e-01	2.959371787206532822e-01	1.876701207578048425e-01	8.714624318228755828e-02	3.962741684304706136e-02	9.845660833440923743e-02
1.944783625889424002e+03	1.796460410892823933e-01	1.110481161298506880e-01	2.961146929203295475e-01	1.877897569764022390e-01	8.720128731531613664e-02	3.966778176733912892e-02	9.853232380094090193e-02
1.949621396103079178e+03	1.793730401414629916e-01	1.108556015700309927e-01	2.962911901043296381e-01	1.879086400405433899e-01	8.725601400180717226e-02	3.970793341818609073e-02	9.860758072310076006e-02
1.954459166316734354e+03	1.791016467225185205e-01	1.106642226079793678e-01	2.964666762956580381e-01	1.880267750255489312e-01	8.731042497468531616e-02	3.974787251742133154e-02	9.868238185564959242e-02
1.959296936530389530e+03	1.788318513784946939e-01	1.104739724870102413e-01	2.966411574740751567e-01	1.881441669640628866e-01	8.736452196311440821e-02	3.978759979362395810e-02	9.875672993907971819e-02
1.964134706744044706e+03	1.785636447095962087e-01	1.102848444928928029e-01	2.968146395766973478e-01	1.882608208466732824e-01	8.741830669219863292e-02	3.982711598186364915e-02	9.883062769953916693e-02
1.968972476957700337e+03	1.782970173699733041e-01	1.100968319534777751e-01	2.969871284985776128e-01	1.883767416225147762e-01	8.747178088270034235e-02	3.986642182345070951e-02	9.890407784876657782e-02
1.973810247171355968e+03	1.780319600675030478e-01	1.099099282383328019e-01	2.971586300932698710e-01	1.884919341998539666e-01	8.752494625077424095e-02	3.990551806569132137e-02	9.897708308403579958e-02
1.978648017385010689e+03	1.777684635635660149e-01	1.097241267583860674e-01	2.973291501733762998e-01	1.886064034466582162e-01	8.757780450771672498e-02	3.994440546164787498e-02	9.904964608810991333e-02
1.983485787598666320e+03	1.775065186728186362e-01	1.095394209655775886e-01	2.974986945110783543e-01	1.887201541911486813e-01	8.763035735973000173e-02	3.998308476990427435e-02	9.912176952920363771e-02
1.988323557812321269e+03	1.772461162629613840e-01	1.093558043525182100e-01	2.976672688386530208e-01	1.888331912223382147e-01	8.768260650770014208e-02	4.002155675433628074e-02	9.919345606095394952e-02
1.993161328025976900e+03	1.769872472545033493e-01	1.091732704521555242e-01	2.978348788489742494e-01	1.889455192905547809e-01	8.773455364698842796e-02	4.005982218388671329e-02	9.926470832239807363e-02
1.997999098239632076e+03	1.767299026205236823e-01	1.089918128374466888e-01	2.980015301960001750e-01	1.890571431079511311e-01	8.778620046723539794e-02	4.009788183234543751e-02	9.933552893795857819e-02
2.002836868453287707e+03	1.764740733864294531e-01	1.088114251210377526e-01	2.981672284952466279e-01	1.891680673490011566e-01	8.783754865217706376e-02	4.013573647813417633e-02	9.940592051743492308e-02
2.007674638666942428e+03	1.762197506297112914e-01	1.086321009549491429e-01	2.983319793242477647e-01	1.892782966509834186e-01	8.788859987947254815e-02	4.017338690409593543e-02	9.947588565600105903e-02
2.012512408880597604e+03	1.759669254796961679e-01	1.084538340302671211e-01	2.984957882230042658e-01	1.893878356144527431e-01	8.793935582054281108e-02	4.021083389728907775e-02	9.954542693420884159e-02
2.017350179094252780e+03	1.757155891172981488e-01	1.082766180768408998e-01	2.986586606944197642e-01	1.894966888036999642e-01	8.798981814041977045e-02	4.024807824878596368e-02	9.961454691799656591e-02
2.022187949307908411e+03	1.754657327747667916e-01	1.081004468629852555e-01	2.988206022047246724e-01	1.896048607472003988e-01	8.803998849760545642e-02	4.028512075347597671e-02	9.968324815870251154e-02
2.027025719521564042e+03	1.752173477354339315e-01	1.079253141951883321e-01	2.989816181838902964e-01	1.897123559380518021e-01	8.808986854394057486e-02	4.032196220987299684e-02	9.975153319308313615e-02
2.031863489735218764e+03	1.749704253334589121e-01	1.077512139178243428e-01	2.991417140260314578e-01	1.898191788344015529e-01	8.813945992448217470e-02	4.035860341992722478e-02	9.981940454333546042e-02
2.036701259948874394e+03	1.747249569535722080e-01	1.075781399128712124e-01	2.993008950897987908e-01	1.899253338598643481e-01	8.818876427738990553e-02	4.039504518884120404e-02	9.988686471712343584e-02
2.041539030162529116e+03	1.744809340308179635e-01	1.074060860996327443e-01	2.994591666987618250e-01	1.900308254039299871e-01	8.823778323382044930e-02	4.043128832489004121e-02	9.995391620760807339e-02
2.046376800376184747e+03	1.742383480502953386e-01	1.072350464344651311e-01	2.996165341417820205e-01	1.901356578223621918e-01	8.828651841782976517e-02	4.046733363924574084e-02	1.000205614934809445e-01
2.051214570589840150e+03	1.739971905468990498e-01	1.070650149105078081e-01	2.997730026733767539e-01	1.902398354375883782e-01	8.833497144628267572e-02	4.050318194580557196e-02	1.000868030390009711e-01
2.056052340803495554e+03	1.737574531050589677e-01	1.068959855574183604e-01	2.999285775140748678e-01	1.903433625390809625e-01	8.838314392876957248e-02	4.053883406102441050e-02	1.001526432940341299e-01
2.060890111017150957e+03	1.735191273584792970e-01	1.067279524411112041e-01	3.000832638507633932e-01	1.904462433837305624e-01	8.843103746752987993e-02	4.057429080375094671e-02	1.002180846940959325e-01
2.065727881230805451e+03	1.732822049898773420e-01	1.065609096635002501e-01	3.002370668370266116e-01	1.905484821962110942e-01	8.847865365738175059e-02	4.060955299506776445e-02	1.002831296603964722e-01
2.070565651444461309e+03	1.730466777307214099e-01	1.063948513622450520e-01	3.003899915934766240e-01	1.906500831693373477e-01	8.852599408565788031e-02	4.064462145813511895e-02	1.003477805998878175e-01
2.075403421658116713e+03	1.728125373609691040e-01	1.062297717105004230e-01	3.005420432080773141e-01	1.907510504644151228e-01	8.857306033214713825e-02	4.067949701803848239e-02	1.004120399053136797e-01
2.080241191871772116e+03	1.725797757088050055e-01	1.060656649166694804e-01	3.006932267364602063e-01	1.908513882115843441e-01	8.861985396904160928e-02	4.071418050163958663e-02	1.004759099552610252e-01
2.085078962085427065e+03	1.723483846503785222e-01	1.059025252241600074e-01	3.008435472022338297e-01	1.909511005101551806e-01	8.866637656088885433e-02	4.074867273743117829e-02	1.005393931142136293e-01
2.089916732299082469e+03	1.721183561095417647e-01	1.057403469111437705e-01	3.009930095972864206e-01	1.910501914289376435e-01	8.871262966454906973e-02	4.078297455539510452e-02	1.006024917326073659e-01
2.094754502512737417e+03	1.718896820575876172e-01	1.055791242903189597e-01	3.011416188820819628e-01	1.911486650065646886e-01	8.875861482915700651e-02	4.081708678686391673e-02	1.006652081468870502e-01
2.099592272726392821e+03	1.716623545129878359e-01	1.054188517086755844e-01	3.012893799859497346e-01	1.912465252518091297e-01	8.880433359608824739e-02	4.085101026438581889e-02	1.007275446795648371e-01
2.104430042940048224e+03	1.714363655411317022e-01	1.052595235472636587e-01	3.014362978073686361e-01	1.913437761438946672e-01	8.884978749892978589e-02	4.088474582159283555e-02	1.007895036392798815e-01
2.109267813153704083e+03	1.712117072540649265e-01	1.051011342209640653e-01	3.015823772142450787e-01	1.914404216328008668e-01	8.889497806345457442e-02	4.091829429307228261e-02	1.008510873208593311e-01
2.114105583367359031e+03	1.709883718102289951e-01	1.049436781782621814e-01	3.017276230441854334e-01	1.915364656395628362e-01	8.893990680759987499e-02	4.095165651424138853e-02	1.009122980053804020e-01
2.118943353581013525e+03	1.707663514142011008e-01	1.047871499010239599e-01	3.018720401047630397e-01	1.916319120565652123e-01	8.898457524144921804e-02	4.098483332122499628e-02	1.009731379602335499e-01
2.123781123794669384e+03	1.705456383164346001e-01	1.046315439042745793e-01	3.020156331737804400e-01	1.917267647478308468e-01	8.902898486721774751e-02	4.101782555073630460e-02	1.010336094391865169e-01
2.128618894008324787e+03	1.703262248129999989e-01	1.044768547359794103e-01	3.021584069995261745e-01	1.918210275493046901e-01	8.907313717924085494e-02	4.105063403996062066e-02	1.010937146824493205e-01
2.133456664221980191e+03	1.701081032453268804e-01	1.043230769768274807e-01	3.023003663010265241e-01	1.919147042691323746e-01	8.911703366396578341e-02	4.108325962644200635e-02	1.011534559167399788e-01
2.138294434435635139e+03	1.698912659999462782e-01	1.041702052400170359e-01	3.024415157682934785e-01	1.920077986879342447e-01	8.916067579994625680e-02	4.111570314797278330e-02	1.012128353553509719e-01
2.143132204649290543e+03	1.696757055082339927e-01	1.040182341710434027e-01	3.025818600625672095e-01	1.921003145590743921e-01	8.920406505783980144e-02	4.114796544248589677e-02	1.012718551982163262e-01
2.147969974862945492e+03	1.694614142461546846e-01	1.038671584474890192e-01	3.027214038165548793e-01	1.921922556089256384e-01	8.924720290040759341e-02	4.118004734794995791e-02	1.013305176319792694e-01
2.152807745076601350e+03	1.692483847340067737e-01	1.037169727788154611e-01	3.028601516346647871e-01	1.922836255371297431e-01	8.929009078251690101e-02	4.121194970226704085e-02	1.013888248300603978e-01
2.157645515290255844e+03	1.690366095361682808e-01	1.035676719061576628e-01	3.029981080932366844e-01	1.923744280168533660e-01	8.933273015114573390e-02	4.124367334317306788e-02	1.014467789527263020e-01
2.162483285503912157e+03	1.688260812608436412e-01	1.034192506021199276e-01	3.031352777407682608e-01	1.924646666950401153e-01	8.937512244538974027e-02	4.127521910814082456e-02	1.015043821471586089e-01
2.167321055717567106e+03	1.686167925598112682e-01	1.032717036705739777e-01	3.032716650981375772e-01	1.925543451926583216e-01	8.941726909647121357e-02	4.130658783428547975e-02	1.015616365475232874e-01
2.172158825931222509e+03	1.684087361281723927e-01	1.031250259464589619e-01	3.034072746588219460e-01	1.926434671049449265e-01	8.945917152774994496e-02	4.133778035827258973e-02	1.016185442750403428e-01
2.176996596144877003e+03	1.682019047041005966e-01	1.029792122955831002e-01	3.035421108891133146e-01	1.927320360016457068e-01	8.950083115473607409e-02	4.136879751622856566e-02	1.016751074380537051e-01
2.181834366358532861e+03	1.679962910685927346e-01	1.028342576144273407e-01	3.036761782283299849e-01	1.928200554272516409e-01	8.954224938510454979e-02	4.139964014365347250e-02	1.017313281321014090e-01
2.186672136572187810e+03	1.677918880452205219e-01	1.026901568299506268e-01	3.038094810890251130e-01	1.929075289012315564e-01	8.958342761871131155e-02	4.143030907533616636e-02	1.017872084399857741e-01
2.191509906785843214e+03	1.675886884998835646e-01	1.025469048993969262e-01	3.039420238571923782e-01	1.929944599182615850e-01	8.962436724761101148e-02	4.146080514527175631e-02	1.018427504318439314e-01
2.196347676999498617e+03	1.673866853405631683e-01	1.024044968101039538e-01	3.040738108924675998e-01	1.930808519484507324e-01	8.966506965607615176e-02	4.149112918658124510e-02	1.018979561652182536e-01
2.201185447213154021e+03	1.671858715170775611e-01	1.022629275793135173e-01	3.042048465283282987e-01	1.931667084375636445e-01	8.970553622061762378e-02	4.152128203143339025e-02	1.019528276851270343e-01
2.206023217426809424e+03	1.669862400208379505e-01	1.021221922539834459e-01	3.043351350722899307e-01	1.932520328072395155e-01	8.974576831000656563e-02	4.155126451096868845e-02	1.020073670241350011e-01
2.210860987640464373e+03	1.667877838846059668e-01	1.019822859106011559e-01	3.044646808060988419e-01	1.933368284552083038e-01	8.978576728529731599e-02	4.158107745522549026e-02	1.020615762024240231e-01
2.215698757854119776e+03	1.665904961822520236e-01	1.018432036549987568e-01	3.045934879859232836e-01	1.934210987555036454e-01	8.982553449985170024e-02	4.161072169306810620e-02	1.021154572278636513e-01
2.220536528067775180e+03	1.663943700285151484e-01	1.017049406221695457e-01	3.047215608425408728e-01	1.935048470586726299e-01	8.986507129936419092e-02	4.164019805211696679e-02	1.021690120960817572e-01
2.225374298281430583e+03	1.661993985787637851e-01	1.015674919760861383e-01	3.048489035815244441e-01	1.935880766919829410e-01	8.990437902188813668e-02	4.166950735868074629e-02	1.022222427905349479e-01
