1.291684647045960673e+03	2.366264170421286395e-01	1.504443987791851400e-01	2.594128761200055200e-01	1.607229990553747934e-01	7.696802612374895047e-02	3.200806650197648984e-02	8.381721637702933825e-02
1.296522417259616077e+03	2.360117316222229422e-01	1.500251615354991908e-01	2.598283066800695096e-01	1.610611339882705995e-01	7.705106885237283931e-02	3.208210172110746022e-02	8.394049559990635068e-02
1.301360187473271253e+03	2.354007341188550650e-01	1.496084179299430328e-01	2.602400733663464139e-01	1.613954042958737345e-01	7.713461184166804652e-02	3.215590547904536439e-02	8.406485296771719351e-02
1.306197957686926657e+03	2.347934000609332994e-01	1.491941517815495721e-01	2.606482552690310150e-01	1.617258966439701351e-01	7.721862323559167129e-02	3.222947422656512878e-02	8.419019878180805661e-02
1.311035727900581833e+03	2.341897052459049611e-01	1.487823470635780132e-01	2.610529284052591770e-01	1.620526948219377650e-01	7.730307227237956380e-02	3.230280459673768451e-02	8.431644759365165831e-02
1.315873498114237009e+03	2.335896257326108838e-01	1.483729879002423924e-01	2.614541658533015567e-01	1.623758798523190772e-01	7.738792924719690991e-02	3.237589339744098571e-02	8.444351801633702415e-02
1.320711268327892412e+03	2.329931378344280712e-01	1.479660585635565739e-01	2.618520378808573690e-01	1.626955300959810613e-01	7.747316547614398197e-02	3.244873760419001579e-02	8.457133254429176350e-02
1.325549038541547588e+03	2.324002181126880728e-01	1.475615434702915452e-01	2.622466120677065526e-01	1.630117213530463127e-01	7.755875326156511096e-02	3.252133435327176497e-02	8.469981738087946355e-02
1.330386808755202765e+03	2.318108433703590932e-01	1.471594271790396535e-01	2.626379534229674184e-01	1.633245269597699556e-01	7.764466585861057313e-02	3.259368093517208548e-02	8.482890227353005741e-02
1.335224578968857941e+03	2.312249906459802606e-01	1.467596943873820114e-01	2.630261244971948131e-01	1.636340178815304802e-01	7.773087744300351265e-02	3.266577478828158049e-02	8.495852035607620589e-02
1.340062349182513572e+03	2.306426372078374809e-01	1.463623299291544333e-01	2.634111854895454519e-01	1.639402628020950881e-01	7.781736307996563184e-02	3.273761349286843925e-02	8.508860799798240171e-02
1.344900119396168748e+03	2.300637605483700221e-01	1.459673187718083520e-01	2.637931943502254128e-01	1.642433282093135882e-01	7.790409869425743428e-02	3.280919476530663736e-02	8.521910466016750785e-02
1.349737889609823924e+03	2.294883383787981179e-01	1.455746460138624410e-01	2.641722068784269628e-01	1.645432784773885049e-01	7.799106104129045758e-02	3.288051645254833066e-02	8.534995275713408436e-02
1.354575659823479100e+03	2.289163486239619849e-01	1.451842968824415547e-01	2.645482768159518328e-01	1.648401759458622551e-01	7.807822767927075081e-02	3.295157652682983301e-02	8.548109752513072257e-02
1.359413430037134731e+03	2.283477694173629557e-01	1.447962567308989923e-01	2.649214559367094601e-01	1.651340809954574274e-01	7.816557694233426667e-02	3.302237308060113063e-02	8.561248689608472184e-02
1.364251200250789907e+03	2.277825790963980968e-01	1.444105110365195010e-01	2.652917941322718298e-01	1.654250521208990299e-01	7.825308791463674030e-02	3.309290432166905188e-02	8.574407137705469806e-02
1.369088970464445310e+03	2.272207561977800661e-01	1.440270453982989141e-01	2.656593394936566654e-01	1.657131460008436086e-01	7.834074040536173622e-02	3.316316856854492623e-02	8.587580393496292708e-02
1.373926740678100487e+03	2.266622794531339691e-01	1.436458455347980889e-01	2.660241383895048939e-01	1.659984175650339178e-01	7.842851492461229423e-02	3.323316424598786456e-02	8.600763988637780133e-02
1.378764510891755890e+03	2.261071277847637728e-01	1.432668972820673181e-01	2.663862355408097571e-01	1.662809200587931080e-01	7.851639266015278396e-02	3.330288988073501488e-02	8.613953679212703329e-02
1.383602281105411066e+03	2.255552803015808128e-01	1.428901865916392955e-01	2.667456740923497827e-01	1.665607051049678156e-01	7.860435545496904930e-02	3.337234409741094560e-02	8.627145435653107985e-02
1.388440051319066470e+03	2.250067162951873700e-01	1.425156995285871975e-01	2.671024956809692208e-01	1.668378227634246813e-01	7.869238578561600639e-02	3.344152561460805168e-02	8.640335433105625351e-02
1.393277821532721646e+03	2.244614152361090742e-01	1.421434222696455751e-01	2.674567405008443366e-01	1.671123215882007462e-01	7.878046674132330174e-02	3.351043324113089222e-02	8.653520042219489672e-02
1.398115591746377049e+03	2.239193567701688869e-01	1.417733411013915035e-01	2.678084473658684517e-01	1.673842486824034526e-01	7.886858200383055351e-02	3.357906587239714580e-02	8.666695820338879419e-02
1.402953361960032225e+03	2.233805207149975047e-01	1.414054424184835734e-01	2.681576537692817452e-01	1.676536497509527046e-01	7.895671582792504473e-02	3.364742248698841809e-02	8.679859503081983896e-02
1.407791132173687402e+03	2.228448870566733520e-01	1.410397127219564506e-01	2.685043959406664960e-01	1.679205691512527243e-01	7.904485302265573665e-02	3.371550214334451123e-02	8.693007996289957295e-02
1.412628902387342805e+03	2.223124359464876132e-01	1.406761386175687800e-01	2.688487089004238384e-01	1.681850499418787726e-01	7.913297893319826137e-02	3.378330397659488893e-02	8.706138368329663368e-02
1.417466672600997981e+03	2.217831476978279759e-01	1.403147068142022447e-01	2.691906265118431674e-01	1.684471339293590886e-01	7.922107942334701003e-02	3.385082719552134217e-02	8.719247842734795251e-02
1.422304442814653157e+03	2.212570027831766706e-01	1.399554041223099454e-01	2.695301815308683846e-01	1.687068617131302073e-01	7.930914085861093255e-02	3.391807107964626977e-02	8.732333791170635018e-02
1.427142213028308333e+03	2.207339818312175628e-01	1.395982174524119934e-01	2.698674056536642385e-01	1.689642727287394841e-01	7.939715008989080280e-02	3.398503497644112664e-02	8.745393726708357296e-02
1.431979983241963964e+03	2.202140656240476058e-01	1.392431338136364827e-01	2.702023295620777366e-01	1.692194052893666312e-01	7.948509443771666072e-02	3.405171829864980793e-02	8.758425297395394660e-02
1.436817753455619140e+03	2.196972350944883801e-01	1.388901403123041500e-01	2.705349829670882777e-01	1.694722966257320995e-01	7.957296167702450351e-02	3.411812052172203541e-02	8.771426280108943208e-02
1.441655523669274316e+03	2.191834713234933063e-01	1.385392241505548905e-01	2.708653946503349341e-01	1.697229829244579768e-01	7.966074002245285279e-02	3.418424118135204859e-02	8.784394574680286227e-02
1.446493293882929493e+03	2.186727555376463406e-01	1.381903726250147679e-01	2.711935925038046480e-01	1.699714993649440731e-01	7.974841811413990733e-02	3.425007987111794439e-02	8.797328198278120404e-02
1.451331064096585123e+03	2.181650691067486270e-01	1.378435731255014396e-01	2.715196035677631681e-01	1.702178801548192011e-01	7.983598500400301834e-02	3.431563624021741893e-02	8.810225280039599149e-02
1.456168834310240300e+03	2.176603935414888058e-01	1.374988131337669395e-01	2.718434540670061073e-01	1.704621585640255510e-01	7.992343014248305677e-02	3.438090999129578967e-02	8.823084055938265613e-02
1.461006604523895703e+03	2.171587104911936739e-01	1.371560802222763498e-01	2.721651694455032855e-01	1.707043669575910583e-01	8.001074336573665846e-02	3.444590087836221087e-02	8.835902863878566937e-02
1.465844374737550879e+03	2.166600017416560331e-01	1.368153620530206394e-01	2.724847743995084670e-01	1.709445368271427512e-01	8.009791488326008235e-02	3.451060870479039783e-02	8.848680139007059076e-02
1.470682144951206283e+03	2.161642492130359527e-01	1.364766463763628646e-01	2.728022929092004945e-01	1.711826988212120093e-01	8.018493526592926357e-02	3.457503332140018232e-02	8.861414409230815303e-02
1.475519915164861459e+03	2.156714349578327528e-01	1.361399210299159279e-01	2.731177482689224889e-01	1.714188827743802490e-01	8.027179543444071252e-02	3.463917462461644364e-02	8.874104290934041461e-02
1.480357685378516862e+03	2.151815411589241833e-01	1.358051739374510070e-01	2.734311631160791234e-01	1.716531177353114168e-01	8.035848664813916020e-02	3.470303255470209153e-02	8.886748484884196553e-02
1.485195455592172038e+03	2.146945501276707469e-01	1.354723931078354870e-01	2.737425594587527544e-01	1.718854319937164477e-01	8.044500049421784982e-02	3.476660709406195066e-02	8.899345772319372516e-02
1.490033225805827215e+03	2.142104443020815263e-01	1.351415666339991217e-01	2.740519587020935344e-01	1.721158531062920716e-01	8.053132887727822153e-02	3.482989826561449370e-02	8.911895011208999240e-02
1.494870996019482618e+03	2.137292062450395769e-01	1.348126826919274490e-01	2.743593816735390711e-01	1.723444079216753522e-01	8.061746400923604228e-02	3.489290613122846690e-02	8.924395132680303100e-02
1.499708766233137567e+03	2.132508186425839114e-01	1.344857295396814367e-01	2.746648486469141504e-01	1.725711226044530922e-01	8.070339839956169881e-02	3.495563079022179220e-02	8.936845137603285916e-02
1.504546536446793198e+03	2.127752643022462475e-01	1.341606955164423853e-01	2.749683793654608133e-01	1.727960226582641867e-01	8.078912484584283016e-02	3.501807237791992877e-02	8.949244093327264615e-02
1.509384306660448374e+03	2.123025261514394080e-01	1.338375690415808672e-01	2.752699930638454195e-01	1.730191329480305351e-01	8.087463642465772540e-02	3.508023106427125143e-02	8.961591130562379659e-02
1.514222076874103550e+03	2.118325872358960138e-01	1.335163386137495634e-01	2.755697084891888804e-01	1.732404777213519265e-01	8.095992648274857872e-02	3.514210705251696876e-02	8.973885440399700930e-02
1.519059847087758726e+03	2.113654307181547509e-01	1.331969928099981104e-01	2.758675439211623615e-01	1.734600806290976516e-01	8.104498862848395768e-02	3.520370057791332580e-02	8.986126271463878989e-02
1.523897617301414357e+03	2.109010398760927663e-01	1.328795202849097634e-01	2.761635171911899223e-01	1.736779647452268704e-01	8.112981672360036756e-02	3.526501190650379453e-02	8.998312927192542165e-02
1.528735387515069533e+03	2.104393981015017789e-01	1.325639097697590973e-01	2.764576457007985599e-01	1.738941525858685444e-01	8.121440487521298934e-02	3.532604133393921209e-02	9.010444763236880039e-02
1.533573157728724709e+03	2.099804888987061302e-01	1.322501500716896372e-01	2.767499464391520725e-01	1.741086661276897984e-01	8.129874742808637644e-02	3.538678918434375736e-02	9.022521184978112008e-02
1.538410927942380113e+03	2.095242958832216618e-01	1.319382300729109725e-01	2.770404359998063781e-01	1.743215268255815797e-01	8.138283895715574257e-02	3.544725580922492014e-02	9.034541645154764433e-02
1.543248698156035516e+03	2.090708027804526192e-01	1.316281387299144678e-01	2.773291305967192644e-01	1.745327556296877025e-01	8.146667426029034764e-02	3.550744158642550607e-02	9.046505641595900538e-02
1.548086468369690692e+03	2.086199934244261922e-01	1.313198650727070704e-01	2.776160460795489282e-01	1.747423730018039523e-01	8.155024835129037752e-02	3.556734691911597745e-02	9.058412715055644271e-02
1.552924238583346096e+03	2.081718517565621929e-01	1.310133982040622980e-01	2.779011979482723937e-01	1.749503989311715635e-01	8.163355645310937936e-02	3.562697223482541586e-02	9.070262447144575302e-02
1.557762008797001272e+03	2.077263618244769572e-01	1.307087272987882132e-01	2.781846013671536166e-01	1.751568529496890236e-01	8.171659399129437007e-02	3.568631798450948300e-02	9.082054458353738813e-02
1.562599779010656675e+03	2.072835077808198867e-01	1.304058416030111911e-01	2.784662711780910294e-01	1.753617541465652685e-01	8.179935658763602679e-02	3.574538464165379764e-02	9.093788406167192806e-02
1.567437549224311852e+03	2.068432738821413541e-01	1.301047304334755350e-01	2.787462219133710062e-01	1.755651211824356961e-01	8.188184005402196486e-02	3.580417270141130620e-02	9.105463983259222405e-02
1.572275319437967255e+03	2.064056444877906404e-01	1.298053831768579969e-01	2.790244678078550589e-01	1.757669723029624265e-01	8.196404038648584522e-02	3.586268267977218982e-02	9.117080915772493577e-02
1.577113089651622431e+03	2.059706040588424880e-01	1.295077892890967308e-01	2.793010228106242998e-01	1.759673253519388192e-01	8.204595375944583047e-02	3.592091511276491317e-02	9.128638961673594954e-02
1.581950859865277607e+03	2.055381371570516869e-01	1.292119382947343464e-01	2.795759005961068744e-01	1.761661977839175108e-01	8.212757652012576959e-02	3.597887055568723541e-02	9.140137909182559361e-02
1.586788630078933011e+03	2.051082284438338343e-01	1.289178197862742847e-01	2.798491145747102338e-01	1.763636066763805688e-01	8.220890518315308870e-02	3.603654958236579553e-02	9.151577575273117660e-02
1.591626400292587959e+03	2.046808626792718244e-01	1.286254234235502669e-01	2.801206779029811189e-01	1.765595687414696913e-01	8.228993642532710096e-02	3.609395278444319649e-02	9.162957804240572102e-02
1.596464170506243590e+03	2.042560247211465396e-01	1.283347389331084831e-01	2.803906034933137392e-01	1.767541003372933017e-01	8.237066708055226782e-02	3.615108077069142251e-02	9.174278466334313820e-02
1.601301940719898766e+03	2.038336995239911908e-01	1.280457561076017159e-01	2.806589040232265186e-01	1.769472174788271346e-01	8.245109413493058315e-02	3.620793416635044448e-02	9.185539456452135321e-02
1.606139710933553943e+03	2.034138721381680281e-01	1.277584648051952043e-01	2.809255919442266713e-01	1.771389358484238841e-01	8.253121472200790343e-02	3.626451361249105609e-02	9.196740692893615177e-02
1.610977481147209119e+03	2.029965277089668119e-01	1.274728549489841101e-01	2.811906794902812035e-01	1.773292708059470979e-01	8.261102611816896479e-02	3.632081976540092738e-02	9.207882116169979758e-02
1.615815251360864750e+03	2.025816514757238229e-01	1.271889165264216692e-01	2.814541786859113270e-01	1.775182373985437212e-01	8.269052573817603502e-02	3.637685329599289058e-02	9.218963687867945400e-02
1.620653021574519926e+03	2.021692287709612457e-01	1.269066395887579191e-01	2.817161013539276615e-01	1.777058503700692238e-01	8.276971113084667653e-02	3.643261488923457692e-02	9.229985389565163734e-02
1.625490791788175102e+03	2.017592450195452580e-01	1.266260142504888053e-01	2.819764591228222095e-01	1.778921241701787725e-01	8.284857997486558268e-02	3.648810524359852314e-02	9.240947221794978961e-02
1.630328562001830505e+03	2.013516857378626623e-01	1.263470306888153094e-01	2.822352634338322064e-01	1.780770729630969385e-01	8.292713007472636566e-02	3.654332507053192208e-02	9.251849203058346016e-02
1.635166332215485909e+03	2.009465365330155295e-01	1.260696791431119290e-01	2.824925255476907204e-01	1.782607106360785121e-01	8.300535935679884125e-02	3.659827509394524003e-02	9.262691368880802967e-02
1.640004102429141085e+03	2.005437831020324690e-01	1.257939499144043183e-01	2.827482565510780477e-01	1.784430508075722233e-01	8.308326586551764703e-02	3.665295604971890303e-02	9.273473770912518677e-02
1.644841872642796488e+03	2.001434112310963298e-01	1.255198333648564757e-01	2.830024673627870024e-01	1.786241068350983840e-01	8.316084775968828058e-02	3.670736868522730956e-02	9.284196476069501991e-02
1.649679642856451665e+03	1.997454067947878331e-01	1.252473199172658980e-01	2.832551687396154816e-01	1.788038918228516960e-01	8.323810330890663023e-02	3.676151375887958678e-02	9.294859565714162775e-02
1.654517413070107068e+03	1.993497557553441935e-01	1.249764000545676851e-01	2.835063712819982373e-01	1.789824186290394081e-01	8.331503089008829299e-02	3.681539203967622992e-02	9.305463134873472042e-02
1.659355183283762244e+03	1.989564441619322832e-01	1.247070643193465000e-01	2.837560854393892384e-01	1.791596998729649282e-01	8.339162898410405755e-02	3.686900430678120844e-02	9.316007291493057230e-02
1.664192953497417420e+03	1.985654581499358973e-01	1.244393033133566334e-01	2.840043215154063327e-01	1.793357479418665745e-01	8.346789617251815230e-02	3.692235134910872019e-02	9.326492155725649158e-02
1.669030723711072824e+03	1.981767839402563958e-01	1.241731076970494785e-01	2.842510896727488134e-01	1.795105749975206277e-01	8.354383113442594155e-02	3.697543396492416340e-02	9.336917859252341634e-02
1.673868493924728000e+03	1.977904078386265030e-01	1.239084681891085976e-01	2.844963999378976593e-01	1.796841929826174244e-01	8.361943264338769777e-02	3.702825296145870193e-02	9.347284544635225956e-02
1.678706264138383403e+03	1.974063162349364020e-01	1.236453755659920051e-01	2.847402622056088850e-01	1.798566136269192650e-01	8.369469956445545200e-02	3.708080915453686177e-02	9.357592364699990339e-02
1.683544034352038352e+03	1.970244956025720418e-01	1.233838206614812361e-01	2.849826862432088825e-01	1.800278484532083223e-01	8.376963085128995290e-02	3.713310336821674246e-02	9.367841481947157545e-02
1.688381804565693983e+03	1.966449324977650182e-01	1.231237943662374101e-01	2.852236816947004150e-01	1.801979087830319626e-01	8.384422554336470879e-02	3.718513643444219807e-02	9.378032067990695053e-02
1.693219574779349159e+03	1.962676135589535298e-01	1.228652876273636507e-01	2.854632580846888090e-01	1.803668057422537219e-01	8.391848276325451772e-02	3.723690919270673805e-02	9.388164303022770996e-02
1.698057344993004335e+03	1.958925255061543802e-01	1.226082914479739994e-01	2.857014248221349528e-01	1.805345502664164603e-01	8.399240171400543242e-02	3.728842248972843998e-02	9.398238375303495651e-02
1.702895115206659511e+03	1.955196551403450833e-01	1.223527968867685056e-01	2.859381912039446472e-01	1.807011531059253551e-01	8.406598167658409226e-02	3.733967717913568019e-02	9.408254480674534126e-02
1.707732885420315142e+03	1.951489893428561551e-01	1.220987950576142705e-01	2.861735664183999717e-01	1.808666248310567548e-01	8.413922200740328594e-02	3.739067412116311301e-02	9.418212822095523018e-02
1.712570655633970318e+03	1.947805150747731473e-01	1.218462771291323743e-01	2.864075595484412151e-01	1.810309758367998900e-01	8.421212213592180196e-02	3.744141418235757968e-02	9.428113609202277978e-02
1.717408425847625494e+03	1.944142193763479520e-01	1.215952343242905076e-01	2.866401795748053649e-01	1.811942163475372680e-01	8.428468156231606889e-02	3.749189823529351651e-02	9.437957057885816570e-02
1.722246196061280898e+03	1.940500893664191262e-01	1.213456579200009600e-01	2.868714353790275395e-01	1.813563564215697754e-01	8.435689985522110135e-02	3.754212715829760572e-02	9.447743389891270771e-02
1.727083966274936301e+03	1.936881122418409040e-01	1.210975392467242007e-01	2.871013357463124138e-01	1.815174059554922614e-01	8.442877664953898909e-02	3.759210183518217618e-02	9.457472832435787069e-02
1.731921736488591478e+03	1.933282752769207580e-01	1.208508696880774419e-01	2.873298893682803001e-01	1.816773746884249863e-01	8.450031164431240360e-02	3.764182315498712517e-02	9.467145617844574534e-02
1.736759506702246881e+03	1.929705658228650089e-01	1.206056406804484615e-01	2.875571048455948242e-01	1.818362722061062919e-01	8.457150460066131803e-02	3.769129201173003485e-02	9.476761983204284867e-02
1.741597276915902057e+03	1.926149713072322911e-01	1.203618437126142277e-01	2.877829906904763591e-01	1.819941079448513244e-01	8.464235533978095583e-02	3.774050930416412292e-02	9.486322170032951417e-02
1.746435047129557461e+03	1.922614792333947609e-01	1.201194703253643664e-01	2.880075553291074897e-01	1.821508911953820808e-01	8.471286374099894212e-02	3.778947593554382589e-02	9.495826423965733620e-02
1.751272817343212637e+03	1.919100771800063554e-01	1.198785121111293622e-01	2.882308071039348385e-01	1.823066311065331402e-01	8.478302973988986746e-02	3.783819281339761975e-02	9.505274994455763238e-02
1.756110587556867813e+03	1.915607528004786564e-01	1.196389607136132127e-01	2.884527542758717478e-01	1.824613366888375443e-01	8.485285332644554313e-02	3.788666084930793904e-02	9.514668134489413787e-02
1.760948357770523216e+03	1.912134938224632486e-01	1.194008078274306356e-01	2.886734050264068707e-01	1.826150168179974387e-01	8.492233454329925491e-02	3.793488095869784055e-02	9.524006100315343670e-02
1.765786127984178393e+03	1.908682880473410171e-01	1.191640451977484805e-01	2.888927674596227235e-01	1.827676802382434129e-01	8.499147348400212798e-02	3.798285406062420350e-02	9.533289151186681576e-02
1.770623898197833569e+03	1.905251233497176622e-01	1.189286646199314845e-01	2.891108496041279730e-01	1.829193355655863440e-01	8.506027029135018735e-02	3.803058107757722323e-02	9.542517549115785147e-02
1.775461668411488745e+03	1.901839876769258197e-01	1.186946579391919832e-01	2.893276594149082337e-01	1.830699912909662108e-01	8.512872515576069832e-02	3.807806293528601116e-02	9.551691558640977575e-02
1.780299438625144376e+03	1.898448690485330659e-01	1.184620170502437841e-01	2.895432047750978177e-01	1.832196557833009332e-01	8.519683831369581628e-02	3.812530056253003036e-02	9.560811446604738917e-02
1.785137208838799552e+03	1.895077555558557503e-01	1.182307338969599136e-01	2.897574934976772099e-01	1.833683372924389543e-01	8.526461004613258843e-02	3.817229489095615852e-02	9.569877481942822006e-02
1.789974979052454728e+03	1.891726353614789080e-01	1.180008004720340536e-01	2.899705333270994334e-01	1.835160439520193698e-01	8.533204067707766960e-02	3.821904685490125353e-02	9.578889935483814178e-02
1.794812749266109904e+03	1.888394966987812784e-01	1.177722088166459347e-01	2.901823319408476931e-01	1.836627837822422116e-01	8.539913057212533687e-02	3.826555739121994398e-02	9.587849079758647974e-02
1.799650519479765535e+03	1.885083278714661248e-01	1.175449510201301423e-01	2.903928969509285141e-01	1.838085646925526895e-01	8.546588013705763709e-02	3.831182743911749899e-02	9.596755188819625082e-02
1.804488289693420711e+03	1.881791172530970779e-01	1.173190192196486847e-01	2.906022359053027637e-01	1.839533944842420832e-01	8.553228981648530738e-02	3.835785793998765236e-02	9.605608538068527436e-02
1.809326059907075887e+03	1.878518532866390867e-01	1.170944055998668354e-01	2.908103562892575544e-01	1.840972808529683091e-01	8.559836009252826117e-02	3.840364983725509662e-02	9.614409404093370026e-02
1.814163830120731291e+03	1.875265244840045586e-01	1.168711023926325698e-01	2.910172655267215247e-01	1.842402313911987999e-01	8.566409148353444636e-02	3.844920407622258451e-02	9.623158064513437360e-02
1.819001600334386467e+03	1.872031194256040254e-01	1.166491018766591531e-01	2.912229709815264411e-01	1.843822535905787763e-01	8.572948454283592368e-02	3.849452160392246441e-02	9.631854797832208048e-02
1.823839370548041643e+03	1.868816267599017200e-01	1.164283963772110991e-01	2.914274799586172304e-01	1.845233548442272442e-01	8.579453985754108281e-02	3.853960336897248318e-02	9.640499883297799777e-02
1.828677140761696819e+03	1.865620352029755957e-01	1.162089782657932252e-01	2.916307997052132728e-01	1.846635424489631583e-01	8.585925804736181666e-02	3.858445032143568293e-02	9.649093600770614065e-02
1.833514910975352450e+03	1.862443335380819798e-01	1.159908399598428563e-01	2.918329374119223441e-01	1.848028236074645003e-01	8.592363976347473786e-02	3.862906341268435712e-02	9.657636230597813065e-02
1.838352681189008081e+03	1.859285106152243072e-01	1.157739739224251524e-01	2.920339002138103712e-01	1.849412054303622432e-01	8.598768568741541052e-02	3.867344359526782294e-02	9.666128053494357775e-02
1.843190451402663257e+03	1.856145553507264345e-01	1.155583726619311691e-01	2.922336951914284997e-01	1.850786949382715596e-01	8.605139653000440370e-02	3.871759182278394079e-02	9.674569350430280157e-02
1.848028221616318433e+03	1.853024567268097278e-01	1.153440287317791663e-01	2.924323293717994154e-01	1.852152990637626617e-01	8.611477303030463937e-02	3.876150904975426970e-02	9.682960402523889398e-02
1.852865991829973609e+03	1.849922037911743700e-01	1.151309347301185115e-01	2.926298097293648093e-01	1.853510246532728833e-01	8.617781595460864696e-02	3.880519623150268521e-02	9.691301490940681940e-02
1.857703762043628785e+03	1.846837856565846647e-01	1.149190832995364980e-01	2.928261431868960929e-01	1.854858784689623619e-01	8.624052609545522496e-02	3.884865432403745295e-02	9.699592896797638863e-02
1.862541532257283961e+03	1.843771915004580042e-01	1.147084671267679795e-01	2.930213366163695321e-01	1.856198671905152642e-01	8.630290427067437153e-02	3.889188428393650088e-02	9.707834901072706635e-02
1.867379302470939592e+03	1.840724105644576392e-01	1.144990789424074895e-01	2.932153968398077404e-01	1.857529974168881104e-01	8.636495132245984585e-02	3.893488706823593215e-02	9.716027784519191968e-02
1.872217072684594768e+03	1.837694321540893350e-01	1.142909115206242332e-01	2.934083306300894201e-01	1.858852756680071383e-01	8.642666811646843028e-02	3.897766363432160486e-02	9.724171827584845995e-02
1.877054842898249490e+03	1.834682456383012195e-01	1.140839576788795218e-01	2.936001447117280172e-01	1.860167083864166515e-01	8.648805554094517178e-02	3.902021493982368167e-02	9.732267310335433741e-02
1.881892613111905121e+03	1.831688404490875166e-01	1.138782102776468158e-01	2.937908457616211777e-01	1.861473019388794614e-01	8.654911450587385313e-02	3.906254194251409378e-02	9.740314512382564072e-02
1.886730383325560297e+03	1.828712060810953610e-01	1.136736622201342389e-01	2.939804404097726698e-01	1.862770626179316991e-01	8.660984594215184740e-02	3.910464560020679436e-02	9.748313712815588616e-02
1.891568153539215928e+03	1.825753320912353594e-01	1.134703064520095617e-01	2.941689352399871615e-01	1.864059966433929683e-01	8.667025080078888388e-02	3.914652687066074582e-02	9.756265190137378140e-02
1.896405923752871104e+03	1.822812080982950944e-01	1.132681359611275723e-01	2.943563367905400741e-01	1.865341101638335886e-01	8.673033005212874014e-02	3.918818671148555088e-02	9.764169222203786247e-02
1.901243693966526507e+03	1.819888237825560695e-01	1.130671437772597931e-01	2.945426515548229540e-01	1.866614092580002326e-01	8.679008468509345764e-02	3.922962608004960244e-02	9.772026086166640813e-02
1.906081464180181683e+03	1.816981688854135968e-01	1.128673229718266391e-01	2.947278859819659202e-01	1.867878999362015124e-01	8.684951570644920682e-02	3.927084593339079388e-02	9.779836058420084133e-02
1.910919234393836859e+03	1.814092332090001536e-01	1.126686666576316581e-01	2.949120464774377948e-01	1.869135881416547629e-01	8.690862414009344061e-02	3.931184722812959553e-02	9.787599414550107735e-02
1.915757004607492036e+03	1.811220066158113762e-01	1.124711679885981863e-01	2.950951394036257502e-01	1.870384797517949671e-01	8.696741102636237897e-02	3.935263092038446958e-02	9.795316429287137527e-02
1.920594774821147894e+03	1.808364790283352730e-01	1.122748201595081263e-01	2.952771710803940852e-01	1.871625805795477382e-01	8.702587742135863003e-02	3.939319796568959559e-02	9.802987376461504143e-02
1.925432545034802843e+03	1.805526404286841857e-01	1.120796164057429739e-01	2.954581477856247917e-01	1.872858963745668848e-01	8.708402439629800429e-02	3.943354931891476789e-02	9.810612528961688839e-02
1.930270315248458019e+03	1.802704808582299145e-01	1.118855500030268429e-01	2.956380757557390271e-01	1.874084328244380593e-01	8.714185303687529971e-02	3.947368593418749960e-02	9.818192158695182581e-02
1.935108085462113195e+03	1.799899904172413134e-01	1.116926142671717387e-01	2.958169611862019877e-01	1.875301955558495159e-01	8.719936444264819730e-02	3.951360876481714579e-02	9.825726536551858403e-02
1.939945855675768371e+03	1.797111592645249667e-01	1.115008025538248154e-01	2.959948102320101304e-01	1.876511901357310608e-01	8.725655972643911462e-02	3.955331876322110835e-02	9.833215932369723800e-02
1.944783625889424002e+03	1.794339776170683076e-01	1.113101082582176743e-01	2.961716290081639613e-01	1.877714220723620542e-01	8.731344001375408725e-02	3.959281688085300455e-02	9.840660614902931036e-02
1.949621396103079178e+03	1.791584357496856794e-01	1.111205248149176872e-01	2.963474235901242260e-01	1.878908968164497983e-01	8.737000644221865064e-02	3.963210406813275771e-02	9.848060851791953785e-02
1.954459166316734354e+03	1.788845239946668664e-01	1.109320456975813052e-01	2.965222000142547776e-01	1.880096197621789200e-01	8.742626016102975073e-02	3.967118127437856134e-02	9.855416909535813508e-02
1.959296936530389530e+03	1.786122327414282895e-01	1.107446644187092821e-01	2.966959642782510675e-01	1.881275962482327480e-01	8.748220233042375282e-02	3.971004944774061268e-02	9.862729053466258444e-02
1.964134706744044706e+03	1.783415524361667559e-01	1.105583745294038273e-01	2.968687223415557019e-01	1.882448315587877952e-01	8.753783412115960505e-02	3.974870953513673366e-02	9.869997547723795284e-02
1.968972476957700337e+03	1.780724735815155113e-01	1.103731696191276312e-01	2.970404801257616745e-01	1.883613309244819845e-01	8.759315671401708692e-02	3.978716248218959473e-02	9.877222655235486093e-02
1.973810247171355968e+03	1.778049867362032910e-01	1.101890433154647936e-01	2.972112435150032761e-01	1.884770995233574498e-01	8.764817129930949080e-02	3.982540923316568032e-02	9.884404637694432783e-02
1.978648017385010689e+03	1.775390825147152574e-01	1.100059892838835263e-01	2.973810183563358467e-01	1.885921424817787739e-01	8.770287907641055591e-02	3.986345073091587810e-02	9.891543755540850580e-02
1.983485787598666320e+03	1.772747515869566026e-01	1.098240012275007033e-01	2.975498104601043692e-01	1.887064648753274398e-01	8.775728125329496088e-02	3.990128791681767095e-02	9.898640267944651405e-02
1.988323557812321269e+03	1.770119846779184825e-01	1.096430728868482141e-01	2.977176256003022936e-01	1.888200717296732722e-01	8.781137904609226386e-02	3.993892173071886265e-02	9.905694432789483028e-02
1.993161328025976900e+03	1.767507725673463648e-01	1.094631980396410104e-01	2.978844695149195920e-01	1.889329680214233698e-01	8.786517367865377681e-02	3.997635311088283683e-02	9.912706506658124084e-02
1.997999098239632076e+03	1.764911060894104877e-01	1.092843705005469845e-01	2.980503479062820427e-01	1.890451586789496097e-01	8.791866638213204077e-02	4.001358299393524554e-02	9.919676744819176661e-02
2.002836868453287707e+03	1.762329761323788158e-01	1.091065841209584164e-01	2.982152664413809662e-01	1.891566485831950029e-01	8.797185839457261070e-02	4.005061231481223116e-02	9.926605401215014834e-02
2.007674638666942428e+03	1.759763736382921051e-01	1.089298327887652934e-01	2.983792307521947462e-01	1.892674425684597594e-01	8.802475096051756709e-02	4.008744200670995295e-02	9.933492728450871168e-02
2.012512408880597604e+03	1.757212896026412452e-01	1.087541104281301574e-01	2.985422464360020234e-01	1.893775454231676481e-01	8.807734533062090698e-02	4.012407300103553592e-02	9.940338977785061203e-02
2.017350179094252780e+03	1.754677150740466263e-01	1.085794109992646445e-01	2.987043190556867844e-01	1.894869618906132869e-01	8.812964276127488450e-02	4.016050622735931747e-02	9.947144399120252944e-02
2.022187949307908411e+03	1.752156411539400882e-01	1.084057284982077041e-01	2.988654541400361797e-01	1.895956966696908108e-01	8.818164451424750916e-02	4.019674261336846077e-02	9.953909240995731378e-02
2.027025719521564042e+03	1.749650589962485070e-01	1.082330569566053030e-01	2.990256571840310129e-01	1.897037544156046918e-01	8.823335185633061906e-02	4.023278308482176185e-02	9.960633750580626111e-02
2.031863489735218764e+03	1.747159598070796571e-01	1.080613904414918364e-01	2.991849336491295142e-01	1.898111397405629341e-01	8.828476605899823748e-02	4.026862856550575409e-02	9.967318173668014702e-02
2.036701259948874394e+03	1.744683348444104609e-01	1.078907230550730650e-01	2.993432889635446736e-01	1.899178572144537003e-01	8.833588839807510196e-02	4.030427997719201322e-02	9.973962754669904451e-02
2.041539030162529116e+03	1.742221754177768200e-01	1.077210489345105798e-01	2.995007285225149141e-01	1.900239113655052270e-01	8.838672015341496324e-02	4.033973823959560723e-02	9.980567736612995511e-02
2.046376800376184747e+03	1.739774728879658339e-01	1.075523622517078476e-01	2.996572576885689898e-01	1.901293066809300325e-01	8.843726260858829347e-02	4.037500427033476058e-02	9.987133361135225318e-02
2.051214570589840150e+03	1.737342186667099053e-01	1.073846572130977006e-01	2.998128817917855016e-01	1.902340476075536080e-01	8.848751705057936179e-02	4.041007898489160782e-02	9.993659868483029118e-02
2.056052340803495554e+03	1.734924042163827340e-01	1.072179280594313666e-01	2.999676061300465824e-01	1.903381385524281766e-01	8.853748476949224733e-02	4.044496329657405048e-02	1.000014749750928189e-01
2.060890111017150957e+03	1.732520210496976409e-01	1.070521690655689834e-01	3.001214359692861433e-01	1.904415838834318531e-01	8.858716705826563675e-02	4.047965811647873113e-02	1.000659648567189253e-01
2.065727881230805451e+03	1.730130607294073086e-01	1.068873745402715847e-01	3.002743765437339007e-01	1.905443879298540089e-01	8.863656521239611508e-02	4.051416435345500666e-02	1.001300706903300447e-01
2.070565651444461309e+03	1.727755148680059361e-01	1.067235388259944601e-01	3.004264330561536855e-01	1.906465549829663986e-01	8.868568052966974147e-02	4.054848291406998317e-02	1.001937948225877784e-01
2.075403421658116713e+03	1.725393751274331144e-01	1.065606562986820549e-01	3.005776106780779777e-01	1.907480892965815189e-01	8.873451430990166033e-02	4.058261470257453624e-02	1.002571395861971137e-01
2.080241191871772116e+03	1.723046332187795349e-01	1.063987213675641891e-01	3.007279145500375561e-01	1.908489950875978947e-01	8.878306785468356721e-02	4.061656062087037194e-02	1.003201072999148624e-01
2.085078962085427065e+03	1.720712809019946943e-01	1.062377284749537049e-01	3.008773497817872622e-01	1.909492765365326805e-01	8.883134246713879356e-02	4.065032156847794842e-02	1.003827002685628855e-01
2.089916732299082469e+03	1.718393099855962669e-01	1.060776720960455860e-01	3.010259214525275451e-01	1.910489377880423834e-01	8.887933945168474681e-02	4.068389844250543119e-02	1.004449207830459545e-01
2.094754502512737417e+03	1.716087123263817238e-01	1.059185467387172702e-01	3.011736346111222873e-01	1.911479829514315665e-01	8.892706011380262232e-02	4.071729213761852290e-02	1.005067711203738723e-01
2.099592272726392821e+03	1.713794798291411736e-01	1.057603469433304744e-01	3.013204942763129668e-01	1.912464161011501740e-01	8.897450575981410981e-02	4.075050354601118807e-02	1.005682535436877023e-01
2.104430042940048224e+03	1.711516044463725628e-01	1.056030672825342964e-01	3.014665054369292663e-01	1.913442412772796419e-01	8.902167769666488595e-02	4.078353355737730779e-02	1.006293703022897723e-01
2.109267813153704083e+03	1.709250781779983741e-01	1.054467023610696635e-01	3.016116730520961298e-01	1.914414624860083791e-01	8.906857723171476837e-02	4.081638305888313223e-02	1.006901236316773418e-01
2.114105583367359031e+03	1.706998930710840467e-01	1.052912468155750708e-01	3.017560020514378216e-01	1.915380837000963954e-01	8.911520567253432279e-02	4.084905293514060759e-02	1.007505157535795309e-01
2.118943353581013525e+03	1.704760412195584496e-01	1.051366953143936661e-01	3.018994973352789324e-01	1.916341088593299657e-01	8.916156432670770127e-02	4.088154406818152176e-02	1.008105488759975521e-01
2.123781123794669384e+03	1.702535147639357982e-01	1.049830425573815562e-01	3.020421637748421095e-01	1.917295418709663857e-01	8.920765450164166999e-02	4.091385733743248959e-02	1.008702251932478006e-01
2.128618894008324787e+03	1.700323058910394591e-01	1.048302832757174868e-01	3.021840062124430681e-01	1.918243866101688455e-01	8.925347750438053507e-02	4.094599361969064599e-02	1.009295468860077899e-01
2.133456664221980191e+03	1.698124068337274195e-01	1.046784122317136745e-01	3.023250294616829925e-01	1.919186469204321455e-01	8.929903464142677216e-02	4.097795378910020631e-02	1.009885161213646826e-01
2.138294434435635139e+03	1.695938098706193942e-01	1.045274242186279984e-01	3.024652383076379958e-01	1.920123266139990847e-01	8.934432721856742921e-02	4.100973871712972063e-02	1.010471350528662493e-01
2.143132204649290543e+03	1.693765073258257647e-01	1.043773140604773719e-01	3.026046375070464145e-01	1.921054294722682187e-01	8.938935654070588599e-02	4.104134927255009835e-02	1.011054058205741180e-01
2.147969974862945492e+03	1.691604915686781285e-01	1.042280766118523078e-01	3.027432317884932167e-01	1.921979592461927067e-01	8.943412391169895670e-02	4.107278632141334734e-02	1.011633305511190767e-01
2.152807745076601350e+03	1.689457550134614017e-01	1.040797067577328566e-01	3.028810258525926336e-01	1.922899196566710822e-01	8.947863063419919660e-02	4.110405072703204182e-02	1.012209113577585001e-01
2.157645515290255844e+03	1.687322901191475877e-01	1.039321994133055732e-01	3.030180243721679045e-01	1.923813143949295867e-01	8.952287800950220475e-02	4.113514334995943544e-02	1.012781503404354827e-01
2.162483285503912157e+03	1.685200893891314056e-01	1.037855495237816617e-01	3.031542319924291351e-01	1.924721471228966752e-01	8.956686733739886719e-02	4.116606504797032384e-02	1.013350495858396788e-01
2.167321055717567106e+03	1.683091453709672503e-01	1.036397520642166198e-01	3.032896533311492671e-01	1.925624214735698059e-01	8.961059991603234631e-02	4.119681667604253861e-02	1.013916111674698223e-01
2.172158825931222509e+03	1.680994506561079016e-01	1.034948020393306467e-01	3.034242929788378840e-01	1.926521410513748478e-01	8.965407704175971937e-02	4.122739908633907269e-02	1.014478371456976197e-01
2.176996596144877003e+03	1.678909978796447600e-01	1.033506944833304658e-01	3.035581554989125741e-01	1.927413094325177989e-01	8.969730000901811329e-02	4.125781312819092050e-02	1.015037295678330453e-01
2.181834366358532861e+03	1.676837797200497193e-01	1.032074244597322027e-01	3.036912454278692941e-01	1.928299301653298714e-01	8.974027011019522493e-02	4.128805964808043849e-02	1.015592904681908437e-01
2.186672136572187810e+03	1.674777888989187336e-01	1.030649870611855118e-01	3.038235672754502903e-01	1.929180067706052770e-01	8.978298863550415732e-02	4.131813948962540645e-02	1.016145218681582113e-01
2.191509906785843214e+03	1.672730181807165761e-01	1.029233774092986886e-01	3.039551255248103545e-01	1.930055427419324343e-01	8.982545687286233593e-02	4.134805349356367871e-02	1.016694257762634779e-01
2.196347676999498617e+03	1.670694603725234872e-01	1.027825906544650308e-01	3.040859246326816367e-01	1.930925415460186256e-01	8.986767610777457449e-02	4.137780249773838348e-02	1.017240041882457730e-01
2.201185447213154021e+03	1.668671083237832642e-01	1.026426219756902403e-01	3.042159690295366259e-01	1.931790066230081870e-01	8.990964762321995707e-02	4.140738733708373975e-02	1.017782590871255249e-01
2.206023217426809424e+03	1.666659549260527395e-01	1.025034665804210043e-01	3.043452631197493541e-01	1.932649413867945365e-01	8.995137269954261994e-02	4.143680884361140154e-02	1.018321924432758346e-01
2.210860987640464373e+03	1.664659931127530357e-01	1.023651197043745492e-01	3.044738112817556019e-01	1.933503492253261791e-01	8.999285261434625260e-02	4.146606784639741972e-02	1.018858062144944593e-01
2.215698757854119776e+03	1.662672158589220406e-01	1.022275766113694140e-01	3.046016178682111053e-01	1.934352335009066892e-01	9.003408864239219322e-02	4.149516517156968259e-02	1.019391023460764489e-01
2.220536528067775180e+03	1.660696161809685767e-01	1.020908325931572103e-01	3.047286872061483742e-01	1.935195975504890309e-01	9.007508205550109059e-02	4.152410164229591166e-02	1.019920827708873795e-01
2.225374298281430583e+03	1.658731871364279020e-01	1.019548829692555336e-01	3.048550235971325129e-01	1.936034446859643821e-01	9.011583412245792457e-02	4.155287807877220546e-02	1.020447494094370855e-01
2.230212068495085077e+03	1.656779218237189044e-01	1.018197230867818187e-01	3.049806313174153183e-01	1.936867781944451861e-01	9.015634610892048206e-02	4.158149529821204837e-02	1.020971041699537812e-01
2.235049838708740936e+03	1.654838133819024892e-01	1.016853483202884156e-01	3.051055146180880473e-01	1.937696013385433458e-01	9.019661927733092777e-02	4.160995411483584677e-02	1.021491489484585569e-01
2.239887608922396339e+03	1.652908549904415769e-01	1.015517540715984851e-01	3.052296777252329618e-01	1.938519173566427556e-01	9.023665488683063618e-02	4.163825533986096478e-02	1.022008856288403045e-01
2.244725379136052197e+03	1.650990398689625160e-01	1.014189357696431287e-01	3.053531248400737641e-01	1.939337294631671427e-01	9.027645419317810449e-02	4.166639978149223877e-02	1.022523160829307276e-01
2.249563149349706237e+03	1.649083612770179119e-01	1.012868888702994630e-01	3.054758601391248107e-01	1.940150408488429956e-01	9.031601844866976592e-02	4.169438824491290829e-02	1.023034421705797670e-01
2.254400919563362095e+03	1.647188125138508707e-01	1.011556088562297062e-01	3.055978877743388278e-01	1.940958546809573304e-01	9.035534890206380065e-02	4.172222153227608810e-02	1.023542657397310263e-01
