1.306197957686926657e+03	2.356071309317427642e-01	1.488766707045523496e-01	2.600488537536904676e-01	1.627475712893350357e-01	7.698110506689795351e-02	3.279020635910457476e-02	8.294846189411782256e-02
1.311035727900581833e+03	2.349923714161032962e-01	1.484695375912745974e-01	2.604528705950305278e-01	1.630355275503173329e-01	7.707413971767937411e-02	3.284685069239618588e-02	8.312870243663963987e-02
1.315873498114237009e+03	2.343813268352020751e-01	1.480647725253567970e-01	2.608541421482765688e-01	1.633212013497785386e-01	7.716729352253690055e-02	3.290362114696409462e-02	8.330764247132599332e-02
1.320711268327892412e+03	2.337739739845821063e-01	1.476623616688238771e-01	2.612526926123181492e-01	1.636046218219437964e-01	7.726054786394900842e-02	3.296050833434242128e-02	8.348529371348162309e-02
1.325549038541547588e+03	2.331702898200466445e-01	1.472622912652967186e-01	2.616485458774832074e-01	1.638858175044578536e-01	7.735388471203578920e-02	3.301750308443137522e-02	8.366166773568937953e-02
1.330386808755202765e+03	2.325702514562622558e-01	1.468645476394914995e-01	2.620417255308175597e-01	1.641648163533669658e-01	7.744728660835363543e-02	3.307459644112204639e-02	8.383677597002704707e-02
1.335224578968857941e+03	2.319738361653794767e-01	1.464691171967225647e-01	2.624322548612585959e-01	1.644416457577039525e-01	7.754073665012516103e-02	3.313177965800589292e-02	8.401062971024543524e-02
1.340062349182513572e+03	2.313810213756700707e-01	1.460759864224093207e-01	2.628201568647066666e-01	1.647163325536873391e-01	7.763421847489264394e-02	3.318904419416724566e-02	8.418324011390783401e-02
1.344900119396168748e+03	2.307917846701810771e-01	1.456851418815862109e-01	2.632054542489957738e-01	1.649889030385449096e-01	7.772771624558380554e-02	3.324638171005728920e-02	8.435461820449205450e-02
1.349737889609823924e+03	2.302061037854052361e-01	1.452965702184166041e-01	2.635881694387654517e-01	1.652593829839717199e-01	7.782121463597872768e-02	3.330378406344789571e-02	8.452477487345552709e-02
1.354575659823479100e+03	2.296239566099675666e-01	1.449102581557098757e-01	2.639683245802362799e-01	1.655277976492322278e-01	7.791469881656738761e-02	3.336124330546380579e-02	8.469372088226405360e-02
1.359413430037134731e+03	2.290453211833276270e-01	1.445261924944420684e-01	2.643459415458913608e-01	1.657941717939160620e-01	7.800815444078733341e-02	3.341875167669165758e-02	8.486146686438517106e-02
1.364251200250789907e+03	2.284701756944974571e-01	1.441443601132799401e-01	2.647210419390650937e-01	1.660585296903568653e-01	7.810156763163116078e-02	3.347630160336431682e-02	8.502802332724646028e-02
1.369088970464445310e+03	2.278984984807749803e-01	1.437647479681084806e-01	2.650936470984418536e-01	1.663208951357229293e-01	7.819492496861422948e-02	3.353388569361911292e-02	8.519340065415971497e-02
1.373926740678100487e+03	2.273302680264923104e-01	1.433873430915614811e-01	2.654637781024659637e-01	1.665812914637888331e-01	7.828821347509277995e-02	3.359149673382860052e-02	8.535760910621141562e-02
1.378764510891755890e+03	2.267654629617789352e-01	1.430121325925556020e-01	2.658314557736651262e-01	1.668397415563959707e-01	7.838142060592311056e-02	3.364912768500233353e-02	8.552065882412024367e-02
1.383602281105411066e+03	2.262040620613395003e-01	1.426391036558278536e-01	2.661967006828895310e-01	1.670962678546110691e-01	7.847453423545275308e-02	3.370677167925834744e-02	8.568255983006219101e-02
1.388440051319066470e+03	2.256460442432461355e-01	1.422682435414757973e-01	2.665595331534674761e-01	1.673508923695900541e-01	7.856754264583488967e-02	3.376442201636305207e-02	8.584332202946386159e-02
1.393277821532721646e+03	2.250913885677446047e-01	1.418995395845015217e-01	2.669199732652798862e-01	1.676036366931555055e-01	7.866043451565703226e-02	3.382207216033816105e-02	8.600295521276463129e-02
1.398115591746377049e+03	2.245400742360746660e-01	1.415329791943582827e-01	2.672780408587556167e-01	1.678545220080953915e-01	7.875319890887601260e-02	3.387971573613331872e-02	8.616146905714811011e-02
1.402953361960032225e+03	2.239920805893038935e-01	1.411685498545006689e-01	2.676337555387889311e-01	1.681035690981903807e-01	7.884582526405073399e-02	3.393734652636331423e-02	8.631887312824355896e-02
1.407791132173687402e+03	2.234473871071751550e-01	1.408062391219375153e-01	2.679871366785805953e-01	1.683507983579769496e-01	7.893830338386496892e-02	3.399495846810846045e-02	8.647517688179787165e-02
1.412628902387342805e+03	2.229059734069673004e-01	1.404460346267881188e-01	2.683382034234045865e-01	1.685962298022536388e-01	7.903062342493230585e-02	3.405254564977706899e-02	8.663038966531848295e-02
1.417466672600997981e+03	2.223678192423688138e-01	1.400879240718413687e-01	2.686869746943020831e-01	1.688398830753368718e-01	7.912277588787577920e-02	3.411010230802872384e-02	8.678452071968789650e-02
1.422304442814653157e+03	2.218329045023643975e-01	1.397318952321179031e-01	2.690334691917032894e-01	1.690817774600734680e-01	7.921475160767485479e-02	3.416762282475725027e-02	8.693757918075033231e-02
1.427142213028308333e+03	2.213012092101342421e-01	1.393779359544351781e-01	2.693777053989803161e-01	1.693219318866161505e-01	7.930654174427254066e-02	3.422510172413217866e-02	8.708957408087096563e-02
1.431979983241963964e+03	2.207727135219655912e-01	1.390260341569755365e-01	2.697197015859306157e-01	1.695603649409682667e-01	7.939813777343576739e-02	3.428253366969765542e-02	8.724051435046818737e-02
1.436817753455619140e+03	2.202473977261767968e-01	1.386761778288572444e-01	2.700594758121940275e-01	1.697970948733040220e-01	7.948953147786223805e-02	3.433991346152757279e-02	8.739040881951966322e-02
1.441655523669274316e+03	2.197252422420532258e-01	1.383283550297082221e-01	2.703970459306042629e-01	1.700321396060704149e-01	7.958071493852714173e-02	3.439723603343596003e-02	8.753926621904230265e-02
1.446493293882929493e+03	2.192062276187951575e-01	1.379825538892428538e-01	2.707324295904756095e-01	1.702655167418762883e-01	7.967168052626331931e-02	3.445449645024151186e-02	8.768709518254684532e-02
1.451331064096585123e+03	2.186903345344773375e-01	1.376387626068413250e-01	2.710656442408270195e-01	1.704972435711743783e-01	7.976242089356870568e-02	3.451168990508522716e-02	8.783390424746757852e-02
1.456168834310240300e+03	2.181775437950201901e-01	1.372969694511321503e-01	2.713967071335448011e-01	1.707273370797421919e-01	7.985292896663484519e-02	3.456881171680011022e-02	8.797970185656736608e-02
1.461006604523895703e+03	2.176678363331720489e-01	1.369571627595770891e-01	2.717256353264846380e-01	1.709558139559665124e-01	7.994319793759070703e-02	3.462585732733197003e-02	8.812449635931876579e-02
1.465844374737550879e+03	2.171611932075028228e-01	1.366193309380590304e-01	2.720524456865148211e-01	1.711826905979372260e-01	8.003322125695602751e-02	3.468282229921032522e-02	8.826829601326148522e-02
1.470682144951206283e+03	2.166575956014088478e-01	1.362834624604725986e-01	2.723771548925015273e-01	1.714079831203553228e-01	8.012299262629839214e-02	3.473970231306847123e-02	8.841110898533661999e-02
1.475519915164861459e+03	2.161570248221278967e-01	1.359495458683172842e-01	2.726997794382376994e-01	1.716317073612602107e-01	8.021250599108890877e-02	3.479649316521168934e-02	8.855294335319818799e-02
1.480357685378516862e+03	2.156594622997656530e-01	1.356175697702934335e-01	2.730203356353159139e-01	1.718538788885809465e-01	8.030175553375092090e-02	3.485319076523275134e-02	8.869380710650222321e-02
1.485195455592172038e+03	2.151648895863321753e-01	1.352875228419007925e-01	2.733388396159477374e-01	1.720745130065164386e-01	8.039073566689673711e-02	3.490979113367379677e-02	8.883370814817409533e-02
1.490033225805827215e+03	2.146732883547888548e-01	1.349593938250396863e-01	2.736553073357295696e-01	1.722936247617487537e-01	8.047944102674726985e-02	3.496629039973367381e-02	8.897265429565406891e-02
1.494870996019482618e+03	2.141846403981056135e-01	1.346331715276147256e-01	2.739697545763559172e-01	1.725112289494942219e-01	8.056786646672967067e-02	3.502268479901984172e-02	8.911065328212196268e-02
1.499708766233137567e+03	2.136989276283281503e-01	1.343088448231412046e-01	2.742821969482825417e-01	1.727273401193967495e-01	8.065600705124838232e-02	3.507897067134407854e-02	8.924771275770088108e-02
1.504546536446793198e+03	2.132161320756549849e-01	1.339864026503540528e-01	2.745926498933392024e-01	1.729419725812673947e-01	8.074385804962470881e-02	3.513514445856100871e-02	8.938384029064061487e-02
1.509384306660448374e+03	2.127362358875243831e-01	1.336658340128191458e-01	2.749011286872937165e-01	1.731551404106742853e-01	8.083141493020060131e-02	3.519120270244877058e-02	8.951904336848107158e-02
1.514222076874103550e+03	2.122592213277107731e-01	1.333471279785472530e-01	2.752076484423676694e-01	1.733668574543871244e-01	8.091867335460217747e-02	3.524714204263092870e-02	8.965332939919601341e-02
1.519059847087758726e+03	2.117850707754307393e-01	1.330302736796106500e-01	2.755122241097057723e-01	1.735771373356797265e-01	8.100562917215869962e-02	3.530295921453883295e-02	8.978670571231756048e-02
1.523897617301414357e+03	2.113137667244582574e-01	1.327152603117616736e-01	2.758148704817988128e-01	1.737859934594949418e-01	8.109227841447284868e-02	3.535865104741371667e-02	8.991917956004172319e-02
1.528735387515069533e+03	2.108452917822491168e-01	1.324020771340543301e-01	2.761156021948621420e-01	1.739934390174750489e-01	8.117861729013833849e-02	3.541421446234769427e-02	9.005075811831536603e-02
1.533573157728724709e+03	2.103796286690745032e-01	1.320907134684678463e-01	2.764144337311694177e-01	1.741994869928616962e-01	8.126464217960074898e-02	3.546964647036297130e-02	9.018144848790492218e-02
1.538410927942380113e+03	2.099167602171633784e-01	1.317811586995328854e-01	2.767113794213437172e-01	1.744041501652685011e-01	8.135034963015796983e-02	3.552494417052849685e-02	9.031125769544715021e-02
1.543248698156035516e+03	2.094566693698536597e-01	1.314734022739601493e-01	2.770064534466062378e-01	1.746074411153300532e-01	8.143573635109629949e-02	3.558010474811334339e-02	9.044019269448234921e-02
1.548086468369690692e+03	2.089993391807523637e-01	1.311674337002711188e-01	2.772996698409833094e-01	1.748093722292301533e-01	8.152079920895870246e-02	3.563512547277611353e-02	9.056826036647033784e-02
1.552924238583346096e+03	2.085447528129037997e-01	1.308632425484313744e-01	2.775910424934731058e-01	1.750099557031131736e-01	8.160553522294167195e-02	3.569000369678969331e-02	9.069546752178930804e-02
1.557762008797001272e+03	2.080928935379665889e-01	1.305608184494860269e-01	2.778805851501726099e-01	1.752092035473808429e-01	8.168994156041720078e-02	3.574473685330065847e-02	9.082182090071823366e-02
1.562599779010656675e+03	2.076437447353988996e-01	1.302601510951977570e-01	2.781683114163652215e-01	1.754071275908782868e-01	8.177401553257655775e-02	3.579932245462269513e-02	9.094732717440273673e-02
1.567437549224311852e+03	2.071972898916516204e-01	1.299612302376868533e-01	2.784542347585710065e-01	1.756037394849716826e-01	8.185775459019267730e-02	3.585375809056329938e-02	9.107199294580509141e-02
1.572275319437967255e+03	2.067535125993699985e-01	1.296640456890734983e-01	2.787383685065587535e-01	1.757990507075208042e-01	8.194115631949772105e-02	3.590804142678324928e-02	9.119582475063824079e-02
1.577113089651622431e+03	2.063123965566030782e-01	1.293685873211225801e-01	2.790207258553217828e-01	1.759930725667490370e-01	8.202421843817310487e-02	3.596217020318809299e-02	9.131882905828460351e-02
1.581950859865277607e+03	2.058739255660208267e-01	1.290748450648904755e-01	2.793013198670181163e-01	1.761858162050136956e-01	8.210693879144863316e-02	3.601614223235114626e-02	9.144101227269936516e-02
1.586788630078933011e+03	2.054380835341391431e-01	1.287828089103741636e-01	2.795801634728751206e-01	1.763772926024793353e-01	8.218931534830813124e-02	3.606995539796727795e-02	9.156238073329908689e-02
1.591626400292587959e+03	2.050048544705526388e-01	1.284924689061625325e-01	2.798572694750596224e-01	1.765675125806964174e-01	8.227134619779838398e-02	3.612360765333699764e-02	9.168294071583563132e-02
1.596464170506243590e+03	2.045742224871746340e-01	1.282038151590898234e-01	2.801326505485148832e-01	1.767564868060882144e-01	8.235302954543889664e-02	3.617709701988023469e-02	9.180269843325555845e-02
1.601301940719898766e+03	2.041461717974848156e-01	1.279168378338911560e-01	2.804063192427639351e-01	1.769442257933480367e-01	8.243436370972966054e-02	3.623042158567918447e-02	9.192166003654549111e-02
1.606139710933553943e+03	2.037206867157839718e-01	1.276315271528603856e-01	2.806782879836807743e-01	1.771307399087494738e-01	8.251534711875431471e-02	3.628357950404972193e-02	9.203983161556360260e-02
1.610977481147209119e+03	2.032977516564564158e-01	1.273478733955100139e-01	2.809485690752298037e-01	1.773160393733716200e-01	8.259597830687612219e-02	3.633656899214084829e-02	9.215721919985744859e-02
1.615815251360864750e+03	2.028773511332389867e-01	1.270658668982330985e-01	2.812171747011740774e-01	1.775001342662419768e-01	8.267625591152423514e-02	3.638938832956154640e-02	9.227382875946843477e-02
1.620653021574519926e+03	2.024594697584972958e-01	1.267854980539673548e-01	2.814841169267531806e-01	1.776830345273988643e-01	8.275617867006798689e-02	3.644203585703460757e-02	9.238966620572305888e-02
1.625490791788175102e+03	2.020440922425091046e-01	1.265067573118613398e-01	2.817494077003313557e-01	1.778647499608755622e-01	8.283574541677667102e-02	3.649450997507688865e-02	9.250473739201142687e-02
1.630328562001830505e+03	2.016312033927541991e-01	1.262296351769427449e-01	2.820130588550158190e-01	1.780452902376085944e-01	8.291495507986268443e-02	3.654680914270543729e-02	9.261904811455287656e-02
1.635166332215485909e+03	2.012207881132111742e-01	1.259541222097885771e-01	2.822750821102472663e-01	1.782246648982714343e-01	8.299380667860556393e-02	3.659893187616912458e-02	9.273260411314934726e-02
1.640004102429141085e+03	2.008128314036608519e-01	1.256802090261974481e-01	2.825354890733613455e-01	1.784028833560364347e-01	8.307229932055501531e-02	3.665087674770505649e-02	9.284541107192637033e-02
1.644841872642796488e+03	2.004073183589963614e-01	1.254078862968640296e-01	2.827942912411233189e-01	1.785799548992665353e-01	8.315043219881061709e-02	3.670264238431958370e-02	9.295747462006211104e-02
1.649679642856451665e+03	2.000042341685394631e-01	1.251371447470552012e-01	2.830515000012354121e-01	1.787558886941383596e-01	8.322820458937628396e-02	3.675422746659320200e-02	9.306880033250466977e-02
1.654517413070107068e+03	1.996035641153634799e-01	1.248679751562885298e-01	2.833071266338175742e-01	1.789306937871989467e-01	8.330561584858732493e-02	3.680563072750901721e-02	9.317939373067772590e-02
1.659355183283762244e+03	1.992052935756225274e-01	1.246003683580124005e-01	2.835611823128625364e-01	1.791043791078577307e-01	8.338266541060831982e-02	3.685685095130421945e-02	9.328926028317485741e-02
1.664192953497417420e+03	1.988094080178867962e-01	1.243343152392884093e-01	2.838136781076654458e-01	1.792769534708152646e-01	8.345935278499977406e-02	3.690788697234426846e-02	9.339840540644263334e-02
1.669030723711072824e+03	1.984158930024841061e-01	1.240698067404753524e-01	2.840646249842283533e-01	1.794484255784309645e-01	8.353567755435181708e-02	3.695873767401917226e-02	9.350683446545279831e-02
1.673868493924728000e+03	1.980247341808475392e-01	1.238068338549155184e-01	2.843140338066405537e-01	1.796188040230306815e-01	8.361163937198301532e-02	3.700940198766163036e-02	9.361455277436366018e-02
1.678706264138383403e+03	1.976359172948689846e-01	1.235453876286226188e-01	2.845619153384347788e-01	1.797880972891562623e-01	8.368723795970274548e-02	3.705987889148641690e-02	9.372156559717083335e-02
1.683544034352038352e+03	1.972494281762586510e-01	1.232854591599717303e-01	2.848082802439200201e-01	1.799563137557586290e-01	8.376247310563515736e-02	3.711016740955078858e-02	9.382787814834771256e-02
1.688381804565693983e+03	1.968652527459103518e-01	1.230270395993910970e-01	2.850531390894913697e-01	1.801234616983355130e-01	8.383734466210336633e-02	3.716026661073538323e-02	9.393349559347560773e-02
1.693219574779349159e+03	1.964833770132726198e-01	1.227701201490558613e-01	2.852965023449173243e-01	1.802895492910157882e-01	8.391185254357197421e-02	3.721017560774526889e-02	9.403842304986391454e-02
1.698057344993004335e+03	1.961037870757254831e-01	1.225146920625835856e-01	2.855383803846047730e-01	1.804545846085912619e-01	8.398599672464655830e-02	3.725989355613072707e-02	9.414266558716039013e-02
1.702895115206659511e+03	1.957264691179627925e-01	1.222607466447315910e-01	2.857787834888426137e-01	1.806185756284979238e-01	8.405977723812854685e-02	3.730941965332744414e-02	9.424622822795186705e-02
1.707732885420315142e+03	1.953514094113801558e-01	1.220082752510962959e-01	2.860177218450239423e-01	1.807815302327475393e-01	8.413319417312389858e-02	3.735875313771567369e-02	9.434911594835528048e-02
1.712570655633970318e+03	1.949785943134682287e-01	1.217572692878141905e-01	2.862552055488474245e-01	1.809434562098110599e-01	8.420624767320430970e-02	3.740789328769805050e-02	9.445133367859952223e-02
1.717408425847625494e+03	1.946080102672117507e-01	1.215077202112647414e-01	2.864912446054982409e-01	1.811043612564550986e-01	8.427893793461928296e-02	3.745683942079567480e-02	9.455288630359798274e-02
1.722246196061280898e+03	1.942396438004933279e-01	1.212596195277750588e-01	2.867258489308091574e-01	1.812642529795328583e-01	8.435126520455805965e-02	3.750559089276211955e-02	9.465377866351221137e-02
1.727083966274936301e+03	1.938734815255030719e-01	1.210129587933262835e-01	2.869590283524016128e-01	1.814231388977304293e-01	8.442322977945965201e-02	3.755414709671502788e-02	9.475401555430666700e-02
1.731921736488591478e+03	1.935095101381531235e-01	1.207677296132618344e-01	2.871907926108080433e-01	1.815810264432700383e-01	8.449483200337006006e-02	3.760250746228496754e-02	9.485360172829472580e-02
1.736759506702246881e+03	1.931477164174972283e-01	1.205239236419973770e-01	2.874211513605747781e-01	1.817379229635708582e-01	8.456607226634509089e-02	3.765067145478116079e-02	9.495254189467623729e-02
1.741597276915902057e+03	1.927880872251557520e-01	1.202815325827325810e-01	2.876501141713470600e-01	1.818938357228690184e-01	8.463695100289785056e-02	3.769863857437385363e-02	9.505084072006667051e-02
1.746435047129557461e+03	1.924306095047453591e-01	1.200405481871645169e-01	2.878776905289351373e-01	1.820487719037976182e-01	8.470746869048938199e-02	3.774640835529288058e-02	9.514850282901794742e-02
1.751272817343212637e+03	1.920752702813137702e-01	1.198009622552028836e-01	2.881038898363633138e-01	1.822027386089278278e-01	8.477762584806156076e-02	3.779398036504227898e-02	9.524553280453122717e-02
1.756110587556867813e+03	1.917220566607795162e-01	1.195627666346868873e-01	2.883287214149011235e-01	1.823557428622721854e-01	8.484742303461102753e-02	3.784135420363046037e-02	9.534193518856173832e-02
1.760948357770523216e+03	1.913709558293762991e-01	1.193259532211038421e-01	2.885521945050772974e-01	1.825077916107508968e-01	8.491686084780297739e-02	3.788852950281580700e-02	9.543771448251582579e-02
1.765786127984178393e+03	1.910219550531022936e-01	1.190905139573094212e-01	2.887743182676774656e-01	1.826588917256224687e-01	8.498593992262377939e-02	3.793550592536727023e-02	9.553287514774025380e-02
1.770623898197833569e+03	1.906750416771741674e-01	1.188564408332496852e-01	2.889951017847247061e-01	1.828090500038792587e-01	8.505466093007144068e-02	3.798228316433973489e-02	9.562742160600397334e-02
1.775461668411488745e+03	1.903302031254856808e-01	1.186237258856846222e-01	2.892145540604444953e-01	1.829582731696090536e-01	8.512302457588279136e-02	3.802886094236392067e-02	9.572135823997252047e-02
1.780299438625144376e+03	1.899874269000708660e-01	1.183923611979135204e-01	2.894326840222133379e-01	1.831065678753233950e-01	8.519103159929646008e-02	3.807523901095039021e-02	9.581468939367510096e-02
1.785137208838799552e+03	1.896467005805718420e-01	1.181623388995018259e-01	2.896495005214925200e-01	1.832539407032540424e-01	8.525868277185072452e-02	3.812141714980758073e-02	9.590741937296452801e-02
1.789974979052454728e+03	1.893080118237111809e-01	1.179336511660097342e-01	2.898650123347459862e-01	1.834003981666174898e-01	8.532597889621512666e-02	3.816739516617340816e-02	9.599955244597012383e-02
1.794812749266109904e+03	1.889713483627684931e-01	1.177062902187223786e-01	2.900792281643436166e-01	1.835459467108494225e-01	8.539292080505517246e-02	3.821317289416035351e-02	9.609109284354366842e-02
1.799650519479765535e+03	1.886366980070615651e-01	1.174802483243816142e-01	2.902921566394495723e-01	1.836905927148090867e-01	8.545950935992896458e-02	3.825875019411360822e-02	9.618204475969871492e-02
1.804488289693420711e+03	1.883040486414319370e-01	1.172555177949194255e-01	2.905038063168965956e-01	1.838343424919547386e-01	8.552574545021524033e-02	3.830412695198216755e-02	9.627241235204296588e-02
1.809326059907075887e+03	1.879733882257345057e-01	1.170320909871929022e-01	2.907141856820461556e-01	1.839772022914910043e-01	8.559162999207158007e-02	3.834930307870253186e-02	9.636219974220443241e-02
1.814163830120731291e+03	1.876447047943315127e-01	1.168099603027208389e-01	2.909233031496342159e-01	1.841191782994886506e-01	8.565716392742224461e-02	3.839427850959478694e-02	9.645141101625084867e-02
1.819001600334386467e+03	1.873179864555907514e-01	1.165891181874218197e-01	2.911311670646044014e-01	1.842602766399775438e-01	8.572234822297479517e-02	3.843905320377088985e-02	9.654005022510292466e-02
1.823839370548041643e+03	1.869932213913879093e-01	1.163695571313539401e-01	2.913377857029267881e-01	1.844005033760137691e-01	8.578718386926457995e-02	3.848362714355482717e-02	9.662812138494135394e-02
1.828677140761696819e+03	1.866703978566129074e-01	1.161512696684561252e-01	2.915431672724044243e-01	1.845398645107211022e-01	8.585167187972655989e-02	3.852800033391447915e-02	9.671562847760767356e-02
1.833514910975352450e+03	1.863495041786804030e-01	1.159342483762907661e-01	2.917473199134664741e-01	1.846783659883079742e-01	8.591581328979351617e-02	3.857217280190498171e-02	9.680257545099915650e-02
1.838352681189008081e+03	1.860305287570441224e-01	1.157184858757882018e-01	2.919502516999495367e-01	1.848160136950603438e-01	8.597960915602004262e-02	3.861614459612327382e-02	9.688896621945780607e-02
1.843190451402663257e+03	1.857134600627154963e-01	1.155039748309924924e-01	2.921519706398655325e-01	1.849528134603110330e-01	8.604306055523165686e-02	3.865991578617373331e-02	9.697480466415347999e-02
1.848028221616318433e+03	1.853982866377857364e-01	1.152907079488086906e-01	2.923524846761583751e-01	1.850887710573864697e-01	8.610616858369819770e-02	3.870348646214458177e-02	9.706009463346142174e-02
1.852865991829973609e+03	1.850849970949521583e-01	1.150786779787518616e-01	2.925518016874484317e-01	1.852238922045309766e-01	8.616893435633106446e-02	3.874685673409495462e-02	9.714483994333406036e-02
1.857703762043628785e+03	1.847735801170482528e-01	1.148678777126972417e-01	2.927499294887652148e-01	1.853581825658095206e-01	8.623135900590345182e-02	3.879002673155228231e-02	9.722904437766749508e-02
1.862541532257283961e+03	1.844640244565773912e-01	1.146582999846321865e-01	2.929468758322690269e-01	1.854916477519895079e-01	8.629344368229308060e-02	3.883299660301996192e-02	9.731271168866234555e-02
1.867379302470939592e+03	1.841563189352502794e-01	1.144499376704094240e-01	2.931426484079608374e-01	1.856242933214018176e-01	8.635518955174675826e-02	3.887576651549499995e-02	9.739584559717941181e-02
1.872217072684594768e+03	1.838504524435263798e-01	1.142427836875018060e-01	2.933372548443814454e-01	1.857561247807820448e-01	8.641659779616622794e-02	3.891833665399546671e-02	9.747844979309017166e-02
1.877054842898249490e+03	1.835464139401587480e-01	1.140368309947585451e-01	2.935307027092998178e-01	1.858871475860922051e-01	8.647766961241468153e-02	3.896070722109755413e-02	9.756052793562193515e-02
1.881892613111905121e+03	1.832441924517424769e-01	1.138320725921628251e-01	2.937229995103909919e-01	1.860173671433235920e-01	8.653840621164335389e-02	3.900287843648212599e-02	9.764208365369816955e-02
1.886730383325560297e+03	1.829437770722668888e-01	1.136285015205909105e-01	2.939141526959029860e-01	1.861467888092808720e-01	8.659880881863780966e-02	3.904485053649044135e-02	9.772312054627367572e-02
1.891568153539215928e+03	1.826451569626710292e-01	1.134261108615727126e-01	2.941041696553141072e-01	1.862754178923486104e-01	8.665887867118307608e-02	3.908662377368904428e-02	9.780364218266505982e-02
1.896405923752871104e+03	1.823483213504030198e-01	1.132248937370536612e-01	2.942930577199797115e-01	1.864032596532400332e-01	8.671861701944753864e-02	3.912819841644347985e-02	9.788365210287625073e-02
1.901243693966526507e+03	1.820532595289824640e-01	1.130248433091580323e-01	2.944808241637696944e-01	1.865303193057287201e-01	8.677802512538465574e-02	3.916957474850077392e-02	9.796315381791941002e-02
1.906081464180181683e+03	1.817599608575665993e-01	1.128259527799537615e-01	2.946674762036957107e-01	1.866566020173637541e-01	8.683710426215231204e-02	3.921075306858047560e-02	9.804215081013116506e-02
1.910919234393836859e+03	1.814684147605196418e-01	1.126282153912185335e-01	2.948530210005292918e-01	1.867821129101686628e-01	8.689585571354921378e-02	3.925173368997408180e-02	9.812064653348433196e-02
1.915757004607492036e+03	1.811786107269856005e-01	1.124316244242073021e-01	2.950374656594105804e-01	1.869068570613247049e-01	8.695428077346784024e-02	3.929251694015268442e-02	9.819864441389504484e-02
1.920594774821147894e+03	1.808905383104643660e-01	1.122361731994211687e-01	2.952208172304477407e-01	1.870308395038386418e-01	8.701238074536356282e-02	3.933310316038270832e-02	9.827614784952561078e-02
1.925432545034802843e+03	1.806041871283910749e-01	1.120418550763776083e-01	2.954030827093075406e-01	1.871540652271955207e-01	8.707015694173947384e-02	3.937349270534956647e-02	9.835316021108302109e-02
1.930270315248458019e+03	1.803195468617187769e-01	1.118486634533821800e-01	2.955842690377970539e-01	1.872765391779971644e-01	8.712761068364645312e-02	3.941368594278907289e-02	9.842968484211311875e-02
1.935108085462113195e+03	1.800366072545042662e-01	1.116565917673013608e-01	2.957643831044368676e-01	1.873982662605861160e-01	8.718474330019813923e-02	3.945368325312643976e-02	9.850572505929067191e-02
1.939945855675768371e+03	1.797553581134970491e-01	1.114656334933369214e-01	2.959434317450255758e-01	1.875192513376559844e-01	8.724155612810029214e-02	3.949348502912279624e-02	9.858128415270527023e-02
1.944783625889424002e+03	1.794757893077316702e-01	1.112757821448015216e-01	2.961214217431958895e-01	1.876394992308483278e-01	8.729805051119425563e-02	3.953309167552898629e-02	9.865636538614329376e-02
1.949621396103079178e+03	1.791978907681227862e-01	1.110870312728956671e-01	2.962983598309629762e-01	1.877590147213362148e-01	8.735422780001408927e-02	3.957250360874654121e-02	9.873097199736570462e-02
1.954459166316734354e+03	1.789216524870637648e-01	1.108993744664859699e-01	2.964742526892641394e-01	1.878778025503952120e-01	8.741008935135700930e-02	3.961172125649573689e-02	9.880510719838216105e-02
1.959296936530389530e+03	1.786470645180279482e-01	1.107128053518847410e-01	2.966491069484911702e-01	1.879958674199617708e-01	8.746563652786668031e-02	3.965074505749050654e-02	9.887877417572112082e-02
1.964134706744044706e+03	1.783741169751732192e-01	1.105273175926308332e-01	2.968229291890146504e-01	1.881132139931795955e-01	8.752087069762924665e-02	3.968957546112013984e-02	9.895197609069625311e-02
1.968972476957700337e+03	1.781028000329493988e-01	1.103429048892718145e-01	2.969957259417004836e-01	1.882298468949341053e-01	8.757579323378142377e-02	3.972821292713762248e-02	9.902471607966907563e-02
1.973810247171355968e+03	1.778331039257086965e-01	1.101595609791474056e-01	2.971675036884192100e-01	1.883457707123754321e-01	8.763040551413066315e-02	3.976665792535448440e-02	9.909699725430799744e-02
1.978648017385010689e+03	1.775650189473189644e-01	1.099772796361742494e-01	2.973382688625481607e-01	1.884609899954300671e-01	8.768470892078676637e-02	3.980491093534201108e-02	9.916882270184369796e-02
1.983485787598666320e+03	1.772985354507799760e-01	1.097960546706318180e-01	2.975080278494657282e-01	1.885755092573016545e-01	8.773870483980482360e-02	3.984297244613876909e-02	9.924019548532110602e-02
1.988323557812321269e+03	1.770336438478425645e-01	1.096158799289497221e-01	2.976767869870393657e-01	1.886893329749612658e-01	8.779239466083910148e-02	3.988084295596418943e-02	9.931111864384772892e-02
1.993161328025976900e+03	1.767703346086305916e-01	1.094367492934961716e-01	2.978445525661057580e-01	1.888024655896269888e-01	8.784577977680750605e-02	3.991852297193823618e-02	9.938159519283867871e-02
1.997999098239632076e+03	1.765085982612656923e-01	1.092586566823677552e-01	2.980113308309450537e-01	1.889149115072336904e-01	8.789886158356653711e-02	3.995601300980692466e-02	9.945162812425833998e-02
2.002836868453287707e+03	1.762484253914947396e-01	1.090815960491803571e-01	2.981771279797476581e-01	1.890266750988926769e-01	8.795164147959623480e-02	3.999331359367366834e-02	9.952122040685865145e-02
2.007674638666942428e+03	1.759898066423203344e-01	1.089055613828614488e-01	2.983419501650749206e-01	1.891377607013419171e-01	8.800412086569490977e-02	4.003042525573627386e-02	9.959037498641425123e-02
2.012512408880597604e+03	1.757327327136337936e-01	1.087305467074434484e-01	2.985058034943128269e-01	1.892481726173867174e-01	8.805630114468342151e-02	4.006734853602951507e-02	9.965909478595433302e-02
2.017350179094252780e+03	1.754771943618508301e-01	1.085565460818584266e-01	2.986686940301200299e-01	1.893579151163314600e-01	8.810818372111875463e-02	4.010408398217313319e-02	9.972738270599142141e-02
2.022187949307908411e+03	1.752231823995501758e-01	1.083835535997338950e-01	2.988306277908689412e-01	1.894669924344023204e-01	8.815977000101654637e-02	4.014063214912519384e-02	9.979524162474699700e-02
2.027025719521564042e+03	1.749706876951144796e-01	1.082115633891898854e-01	2.989916107510809939e-01	1.895754087751613526e-01	8.821106139158245429e-02	4.017699359894073147e-02	9.986267439837412385e-02
2.031863489735218764e+03	1.747197011723741478e-01	1.080405696126372078e-01	2.991516488418559661e-01	1.896831683099121091e-01	8.826205930095197549e-02	4.021316890053548698e-02	9.992968386117709323e-02
2.036701259948874394e+03	1.744702138102536548e-01	1.078705664665768754e-01	2.993107479512951419e-01	1.897902751780969899e-01	8.831276513793852312e-02	4.024915862945467604e-02	9.999627282582811139e-02
2.041539030162529116e+03	1.742222166424203800e-01	1.077015481814006942e-01	2.994689139249189225e-01	1.898967334876865420e-01	8.836318031178969079e-02	4.028496336764676722e-02	1.000624440835810314e-01
2.046376800376184747e+03	1.739757007569361913e-01	1.075335090211930467e-01	2.996261525660780523e-01	1.900025473155611266e-01	8.841330623195121918e-02	4.032058370324203417e-02	1.001282004044823787e-01
2.051214570589840150e+03	1.737306572959113338e-01	1.073664432835337995e-01	2.997824696363603492e-01	1.901077207078846198e-01	8.846314430783862315e-02	4.035602023033590252e-02	1.001935445375794348e-01
2.056052340803495554e+03	1.734870774551610095e-01	1.072003452993024880e-01	2.999378708559908291e-01	1.902122576804709253e-01	8.851269594861628509e-02	4.039127354877692505e-02	1.002584792111256423e-01
2.060890111017150957e+03	1.732449524838642341e-01	1.070352094324834857e-01	3.000923619042269452e-01	1.903161622191431313e-01	8.856196256298363989e-02	4.042634426395936426e-02	1.003230071327833317e-01
2.065727881230805451e+03	1.730042736842253570e-01	1.068710300799724233e-01	3.002459484197484985e-01	1.904194382800856178e-01	8.861094555896840974e-02	4.046123298662023665e-02	1.003871309898236447e-01
2.070565651444461309e+03	1.727650324111379976e-01	1.067078016713837174e-01	3.003986360010417744e-01	1.905220897901892529e-01	8.865964634372670850e-02	4.049594033264072163e-02	1.004508534493240013e-01
2.075403421658116713e+03	1.725272200718512006e-01	1.065455186688592099e-01	3.005504302067795175e-01	1.906241206473898164e-01	8.870806632334966857e-02	4.053046692285188629e-02	1.005141771583628885e-01
2.080241191871772116e+03	1.722908281256381735e-01	1.063841755668779587e-01	3.007013365561946872e-01	1.907255347210000396e-01	8.875620690267653490e-02	4.056481338284468469e-02	1.005771047442121230e-01
2.085078962085427065e+03	1.720558480834673276e-01	1.062237668920671674e-01	3.008513605294500515e-01	1.908263358520350117e-01	8.880406948511404552e-02	4.059898034278401624e-02	1.006396388145266302e-01
2.089916732299082469e+03	1.718222715076756779e-01	1.060642872030141126e-01	3.010005075680025066e-01	1.909265278535314525e-01	8.885165547246182127e-02	4.063296843722689206e-02	1.007017819575317663e-01
2.094754502512737417e+03	1.715900900116444916e-01	1.059057310900792942e-01	3.011487830749629002e-01	1.910261145108610448e-01	8.889896626474375063e-02	4.066677830494454249e-02	1.007635367422082262e-01
2.099592272726392821e+03	1.713592952594774343e-01	1.057480931752106529e-01	3.012961924154505255e-01	1.911250995820375498e-01	8.894600326004506452e-02	4.070041058874845907e-02	1.008249057184745501e-01
2.104430042940048224e+03	1.711298789656807706e-01	1.055913681117588293e-01	3.014427409169437300e-01	1.912234867980183439e-01	8.899276785435498993e-02	4.073386593532025285e-02	1.008858914173672849e-01
2.109267813153704083e+03	1.709018328948458953e-01	1.054355505842935609e-01	3.015884338696253608e-01	1.913212798630002931e-01	8.903926144141488530e-02	4.076714499504523193e-02	1.009464963512189117e-01
2.114105583367359031e+03	1.706751488613343082e-01	1.052806353084211194e-01	3.017332765267239925e-01	1.914184824547100205e-01	8.908548541257159392e-02	4.080024842184967054e-02	1.010067230138333855e-01
2.118943353581013525e+03	1.704498187289645028e-01	1.051266170306028175e-01	3.018772741048505459e-01	1.915150982246889566e-01	8.913144115663597378e-02	4.083317687304169330e-02	1.010665738806595798e-01
2.123781123794669384e+03	1.702258344107011601e-01	1.049734905279746250e-01	3.020204317843308561e-01	1.916111307985729761e-01	8.917713005974636786e-02	4.086593100915568433e-02	1.011260514089624279e-01
2.128618894008324787e+03	1.700031878683466169e-01	1.048212506081677847e-01	3.021627547095336319e-01	1.917065837763670400e-01	8.922255350523697337e-02	4.089851149380010348e-02	1.011851580379919124e-01
2.133456664221980191e+03	1.697818711122344726e-01	1.046698921091305245e-01	3.023042479891944745e-01	1.918014607327148680e-01	8.926771287351083217e-02	4.093091899350879970e-02	1.012438961891500566e-01
2.138294434435635139e+03	1.695618762009253044e-01	1.045194098989507686e-01	3.024449166967355662e-01	1.918957652171636996e-01	8.931260954191752588e-02	4.096315417759555794e-02	1.013022682661556123e-01
2.143132204649290543e+03	1.693431952409044094e-01	1.043697988756799311e-01	3.025847658705815291e-01	1.919895007544241972e-01	8.935724488463515913e-02	4.099521771801194897e-02	1.013602766552068879e-01
2.147969974862945492e+03	1.691258203862817944e-01	1.042210539671577507e-01	3.027238005144708977e-01	1.920826708446260189e-01	8.940162027255683930e-02	4.102711028920837111e-02	1.014179237251423837e-01
2.152807745076601350e+03	1.689097438384942751e-01	1.040731701308380414e-01	3.028620255977642062e-01	1.921752789635685355e-01	8.944573707318119460e-02	4.105883256799821440e-02	1.014752118275996096e-01
2.157645515290255844e+03	1.686949578460094357e-01	1.039261423536156498e-01	3.029994460557477454e-01	1.922673285629673823e-01	8.948959665050709722e-02	4.109038523342509186e-02	1.015321432971717230e-01
2.162483285503912157e+03	1.684814547040318911e-01	1.037799656516542185e-01	3.031360667899336558e-01	1.923588230706966551e-01	8.953320036493223055e-02	4.112176896663312375e-02	1.015887204515624059e-01
2.167321055717567106e+03	1.682692267542114373e-01	1.036346350702151697e-01	3.032718926683564131e-01	1.924497658910267195e-01	8.957654957315561162e-02	4.115298445074009465e-02	1.016449455917387834e-01
2.172158825931222509e+03	1.680582663843531999e-01	1.034901456834875222e-01	3.034069285258654269e-01	1.925401604048581627e-01	8.961964562808387436e-02	4.118403237071358719e-02	1.017008210020824699e-01
2.176996596144877003e+03	1.678485660281298919e-01	1.033464925944187485e-01	3.035411791644143098e-01	1.926300099699517210e-01	8.966248987874102239e-02	4.121491341324988456e-02	1.017563489505387414e-01
2.181834366358532861e+03	1.676401181647959038e-01	1.032036709345466458e-01	3.036746493533462044e-01	1.927193179211541263e-01	8.970508367018190099e-02	4.124562826665566923e-02	1.018115316887639038e-01
2.186672136572187810e+03	1.674329153189034747e-01	1.030616758638322888e-01	3.038073438296759465e-01	1.928080875706202069e-01	8.974742834340901365e-02	4.127617762073249041e-02	1.018663714522709263e-01
2.191509906785843214e+03	1.672269500600208625e-01	1.029205025704936771e-01	3.039392672983686206e-01	1.928963222080314621e-01	8.978952523529265539e-02	4.130656216666384051e-02	1.019208704605732430e-01
2.196347676999498617e+03	1.670222150024521235e-01	1.027801462708406860e-01	3.040704244326147832e-01	1.929840251008106689e-01	8.983137567849436289e-02	4.133678259690486828e-02	1.019750309173268477e-01
2.201185447213154021e+03	1.668187028049593068e-01	1.026406022091107539e-01	3.042008198741022462e-01	1.930711994943332677e-01	8.987298100139337609e-02	4.136683960507464564e-02	1.020288550104706954e-01
2.206023217426809424e+03	1.666164061704860921e-01	1.025018656573056658e-01	3.043304582332847508e-01	1.931578486121350025e-01	8.991434252801631943e-02	4.139673388585100172e-02	1.020823449123654386e-01
2.210860987640464373e+03	1.664153178458835369e-01	1.023639319150291688e-01	3.044593440896473102e-01	1.932439756561163680e-01	8.995546157796974196e-02	4.142646613486773710e-02	1.021355027799304288e-01
2.215698757854119776e+03	1.662154306216375999e-01	1.022267963093256848e-01	3.045874819919683896e-01	1.933295838067436712e-01	8.999633946637553006e-02	4.145603704861431510e-02	1.021883307547791775e-01
2.220536528067775180e+03	1.660167373315986905e-01	1.020904541945198141e-01	3.047148764585787539e-01	1.934146762232468453e-01	9.003697750380916520e-02	4.148544732433789156e-02	1.022408309633531659e-01
2.225374298281430583e+03	1.658192308527127734e-01	1.019549009520569066e-01	3.048415319776179855e-01	1.934992560438142106e-01	9.007737699624071559e-02	4.151469765994766220e-02	1.022930055170541003e-01
2.230212068495085077e+03	1.656229041047544148e-01	1.018201319903445090e-01	3.049674530072868373e-01	1.935833263857840436e-01	9.011753924497842294e-02	4.154378875392149978e-02	1.023448565123745990e-01
2.235049838708740936e+03	1.654277500500618558e-01	1.016861427445947125e-01	3.050926439760976994e-01	1.936668903458331759e-01	9.015746554661482892e-02	4.157272130521481174e-02	1.023963860310273394e-01
2.239887608922396339e+03	1.652337616932733899e-01	1.015529286766674727e-01	3.052171092831211796e-01	1.937499510001627068e-01	9.019715719297548284e-02	4.160149601317155582e-02	1.024475961400726776e-01
2.244725379136052197e+03	1.650409320810660718e-01	1.014204852749148039e-01	3.053408532982306856e-01	1.938325114046807185e-01	9.023661547106993919e-02	4.163011357743742064e-02	1.024984888920448256e-01
2.249563149349706237e+03	1.648492543018956757e-01	1.012888080540259861e-01	3.054638803623435650e-01	1.939145745951823818e-01	9.027584166304519764e-02	4.165857469787509482e-02	1.025490663250765988e-01
2.254400919563362095e+03	1.646587214857387071e-01	1.011578925548735214e-01	3.055861947876595819e-01	1.939961435875270923e-01	9.031483704614137742e-02	4.168688007448160399e-02	1.025993304630225672e-01
2.259238689777017044e+03	1.644693268038361356e-01	1.010277343443600900e-01	3.057078008578968942e-01	1.940772213778131083e-01	9.035360289264962597e-02	4.171503040730762529e-02	1.026492833155809581e-01
2.264076459990672902e+03	1.642810634684387650e-01	1.008983290152663526e-01	3.058287028285248121e-01	1.941578109425494414e-01	9.039214046987213702e-02	4.174302639637880036e-02	1.026989268784140458e-01
2.268914230204327851e+03	1.640939247325542139e-01	1.007696721860997791e-01	3.059489049269946137e-01	1.942379152388252761e-01	9.043045104008426427e-02	4.177086874161898417e-02	1.027482631332672647e-01
