1.311035727900581833e+03	2.352682772839826686e-01	1.484113083834839031e-01	2.602707700626906151e-01	1.632548871669847468e-01	7.704381387937750403e-02	3.311182248280902796e-02	8.263912074011313391e-02
1.315873498114237009e+03	2.346531411003502932e-01	1.480073184440842959e-01	2.606757613645385163e-01	1.635355115033312046e-01	7.713915367563917158e-02	3.315996178946692408e-02	8.282915212203115218e-02
1.320711268327892412e+03	2.340417514677356203e-01	1.476056739591941336e-01	2.610779534160203030e-01	1.638140000462010026e-01	7.723451627894814542e-02	3.320843616101894907e-02	8.301766867032346620e-02
1.325549038541547588e+03	2.334340845050504598e-01	1.472063612763413465e-01	2.614773719093974602e-01	1.640903783367631263e-01	7.732988597538159592e-02	3.325723145976717393e-02	8.320468653674048531e-02
1.330386808755202765e+03	2.328301165050599697e-01	1.468093668225731729e-01	2.618740421906212701e-01	1.643646714152543209e-01	7.742524755649726753e-02	3.330633386992165601e-02	8.339022163951402555e-02
1.335224578968857941e+03	2.322298239327064140e-01	1.464146771039914197e-01	2.622679892655307432e-01	1.646369038333459767e-01	7.752058630542407736e-02	3.335572989101698999e-02	8.357428966742599941e-02
1.340062349182513572e+03	2.316331834234559017e-01	1.460222787052908311e-01	2.626592378059238730e-01	1.649070996661868294e-01	7.761588798332381967e-02	3.340540633146003163e-02	8.375690608380044477e-02
1.344900119396168748e+03	2.310401717816676914e-01	1.456321582892999567e-01	2.630478121555043236e-01	1.651752825241292744e-01	7.771113881621412312e-02	3.345535030220617156e-02	8.393808613042018363e-02
1.349737889609823924e+03	2.304507659789857832e-01	1.452443025965251822e-01	2.634337363357074357e-01	1.654414755641485379e-01	7.780632548214326538e-02	3.350554921056163316e-02	8.411784483136985902e-02
1.354575659823479100e+03	2.298649431527526321e-01	1.448586984446970094e-01	2.638170340514067735e-01	1.657057015009623380e-01	7.790143509870722793e-02	3.355599075410924115e-02	8.429619699680646061e-02
1.359413430037134731e+03	2.292826806044440113e-01	1.444753327283196387e-01	2.641977286965045413e-01	1.659679826178590278e-01	7.799645521090016465e-02	3.360666291475528783e-02	8.447315722665903193e-02
1.364251200250789907e+03	2.287039557981251081e-01	1.440941924182225498e-01	2.645758433594087022e-01	1.662283407772421340e-01	7.809137377928943025e-02	3.365755395289505431e-02	8.464873991425871103e-02
1.369088970464445310e+03	2.281287463589273812e-01	1.437152645611154134e-01	2.649514008283984645e-01	1.664867974308988363e-01	7.818617916850637006e-02	3.370865240169462068e-02	8.482295924990063130e-02
1.373926740678100487e+03	2.275570300715457350e-01	1.433385362791453899e-01	2.653244235968809095e-01	1.667433736299994695e-01	7.828086013604475257e-02	3.375994706148664759e-02	8.499582922433884802e-02
1.378764510891755890e+03	2.269887848787559004e-01	1.429639947694569257e-01	2.656949338685414275e-01	1.669980900348352060e-01	7.837540582135854583e-02	3.381142699427796411e-02	8.516736363221573403e-02
1.383602281105411066e+03	2.264239888799511602e-01	1.425916273037545756e-01	2.660629535623897368e-01	1.672509669243014696e-01	7.846980573525112745e-02	3.386308151836659591e-02	8.533757607542703794e-02
1.388440051319066470e+03	2.258626203296986990e-01	1.422214212278679890e-01	2.664285043177039847e-01	1.675020242051327435e-01	7.856404974954828146e-02	3.391490020306620057e-02	8.550647996642379844e-02
1.393277821532721646e+03	2.253046576363147979e-01	1.418533639613197561e-01	2.667916074988752606e-01	1.677512814208964309e-01	7.865812808704730763e-02	3.396687286353570340e-02	8.567408853145247472e-02
1.398115591746377049e+03	2.247500793604587932e-01	1.414874429968958625e-01	2.671522842001541886e-01	1.679987577607515714e-01	7.875203131173501292e-02	3.401898955571205224e-02	8.584041481373438920e-02
1.402953361960032225e+03	2.241988642137452969e-01	1.411236459002184196e-01	2.675105552503022066e-01	1.682444720679786565e-01	7.884575031926752131e-02	3.407124057134405110e-02	8.600547167658567638e-02
1.407791132173687402e+03	2.236509910573745430e-01	1.407619603093214211e-01	2.678664412171496978e-01	1.684884428482870400e-01	7.893927632770489367e-02	3.412361643312534359e-02	8.616927180647890316e-02
1.412628902387342805e+03	2.231064389007804127e-01	1.404023739342283028e-01	2.682199624120622516e-01	1.687306882779052442e-01	7.903260086849374366e-02	3.417610788992442306e-02	8.633182771604748507e-02
1.417466672600997981e+03	2.225651869002958361e-01	1.400448745565328057e-01	2.685711388943173294e-01	1.689712262114605734e-01	7.912571577769131337e-02	3.422870591210993435e-02	8.649315174703406384e-02
1.422304442814653157e+03	2.220272143578355117e-01	1.396894500289817820e-01	2.689199904753939996e-01	1.692100741896528926e-01	7.921861318742473568e-02	3.428140168696917206e-02	8.665325607318373480e-02
1.427142213028308333e+03	2.214925007195950868e-01	1.393360882750606378e-01	2.692665367231766305e-01	1.694472494467288148e-01	7.931128551757901657e-02	3.433418661421815815e-02	8.681215270308346998e-02
1.431979983241963964e+03	2.209610255747674890e-01	1.389847772885811628e-01	2.696107969660744841e-01	1.696827689177610454e-01	7.940372546770789464e-02	3.438705230160125220e-02	8.696985348294854201e-02
1.436817753455619140e+03	2.204327686542748577e-01	1.386355051332719690e-01	2.699527902970596527e-01	1.699166492457380995e-01	7.949592600916148555e-02	3.443999056057871211e-02	8.712637009935711441e-02
1.441655523669274316e+03	2.199077098295170452e-01	1.382882599423712056e-01	2.702925355776246152e-01	1.701489067884697504e-01	7.958788037742502153e-02	3.449299340210032483e-02	8.728171408193396985e-02
1.446493293882929493e+03	2.193858291111353831e-01	1.379430299182217434e-01	2.706300514416611347e-01	1.703795576253127886e-01	7.967958206466323190e-02	3.454605303246350428e-02	8.743589680598422287e-02
1.451331064096585123e+03	2.188671066477923810e-01	1.375998033318686087e-01	2.709653562992621612e-01	1.706086175637218927e-01	7.977102481246460541e-02	3.459916184925410781e-02	8.758892949507826597e-02
1.456168834310240300e+03	2.183515227249661905e-01	1.372585685226590801e-01	2.712984683404488506e-01	1.708361021456304418e-01	7.986220260478055222e-02	3.465231243736834055e-02	8.774082322358858765e-02
1.461006604523895703e+03	2.178390577637603076e-01	1.369193138978448410e-01	2.716294055388234208e-01	1.710620266536655720e-01	7.995310966105406703e-02	3.470549756511422806e-02	8.789158891917966954e-02
1.465844374737550879e+03	2.173296923197279296e-01	1.365820279321866004e-01	2.719581856551502308e-01	1.712864061172020003e-01	8.004374042953291135e-02	3.475871018039091570e-02	8.804123736525154564e-02
1.470682144951206283e+03	2.168234070817107451e-01	1.362466991675611583e-01	2.722848262408663067e-01	1.715092553182587520e-01	8.013408958076261024e-02	3.481194340694444139e-02	8.818977920333825882e-02
1.475519915164861459e+03	2.163201828706919072e-01	1.359133162125704675e-01	2.726093446415224220e-01	1.717305887972431777e-01	8.022415200125414259e-02	3.486519054069830287e-02	8.833722493546183885e-02
1.480357685378516862e+03	2.158200006386631342e-01	1.355818677421534446e-01	2.729317580001573984e-01	1.719504208585460880e-01	8.031392278732199519e-02	3.491844504615745914e-02	8.848358492644277373e-02
1.485195455592172038e+03	2.153228414675053548e-01	1.352523424971996679e-01	2.732520832606052941e-01	1.721687655759920887e-01	8.040339723908793146e-02	3.497170055288421897e-02	8.862886940616776510e-02
1.490033225805827215e+03	2.148286865678831481e-01	1.349247292841654344e-01	2.735703371707384757e-01	1.723856367981488891e-01	8.049257085464603390e-02	3.502495085204467701e-02	8.877308847181564211e-02
1.494870996019482618e+03	2.143375172781523397e-01	1.345990169746923149e-01	2.738865362856470198e-01	1.726010481534994145e-01	8.058143932438485701e-02	3.507818989302421975e-02	8.891625209004216934e-02
1.499708766233137567e+03	2.138493150632806705e-01	1.342751945052275686e-01	2.742006969707561637e-01	1.728150130554801100e-01	8.066999852546237471e-02	3.513141178011077587e-02	8.905837009912463687e-02
1.504546536446793198e+03	2.133640615137814001e-01	1.339532508766471397e-01	2.745128354048830821e-01	1.730275447073894302e-01	8.075824451642985013e-02	3.518461076924447872e-02	8.919945221106687083e-02
1.509384306660448374e+03	2.128817383446597045e-01	1.336331751538805679e-01	2.748229675832341012e-01	1.732386561071694586e-01	8.084617353200042322e-02	3.523778126483240875e-02	8.933950801366552508e-02
1.514222076874103550e+03	2.124023273943713153e-01	1.333149564655382868e-01	2.751311093203439029e-01	1.734483600520644042e-01	8.093378197795889073e-02	3.529091781662709731e-02	8.947854697253837530e-02
1.519059847087758726e+03	2.119258106237935646e-01	1.329985840035410316e-01	2.754372762529571084e-01	1.736566691431589704e-01	8.102106642620859889e-02	3.534401511666759171e-02	8.961657843311543470e-02
1.523897617301414357e+03	2.114521701152085875e-01	1.326840470227514945e-01	2.757414838428551840e-01	1.738635957897999018e-01	8.110802360995202076e-02	3.539706799628177664e-02	8.975361162259334891e-02
1.528735387515069533e+03	2.109813880712980705e-01	1.323713348406080348e-01	2.760437473796278907e-01	1.740691522139039826e-01	8.119465041900143787e-02	3.545007142314880733e-02	8.988965565185409734e-02
1.533573157728724709e+03	2.105134468141502124e-01	1.320604368367605252e-01	2.763440819833915540e-01	1.742733504541549849e-01	8.128094389521615948e-02	3.550302049842040536e-02	9.002471951734845879e-02
1.538410927942380113e+03	2.100483287842776770e-01	1.317513424527083921e-01	2.766425026074552096e-01	1.744762023700931197e-01	8.136690122806311543e-02	3.555591045389985133e-02	9.015881210294497683e-02
1.543248698156035516e+03	2.095860165396471742e-01	1.314440411914409301e-01	2.769390240409349002e-01	1.746777196460992942e-01	8.145251975029726976e-02	3.560873664927759197e-02	9.029194218174514674e-02
1.548086468369690692e+03	2.091264927547201169e-01	1.311385226170792007e-01	2.772336609113188466e-01	1.748779137952775065e-01	8.153779693375894089e-02	3.566149456942228207e-02	9.042411841786542059e-02
1.552924238583346096e+03	2.086697402195041573e-01	1.308347763545207043e-01	2.775264276869823798e-01	1.750767961632374858e-01	8.162273038528478075e-02	3.571417982172617189e-02	9.055534936818668279e-02
1.557762008797001272e+03	2.082157418386156589e-01	1.305327920890855808e-01	2.778173386796555233e-01	1.752743779317807171e-01	8.170731784272938780e-02	3.576678813350377129e-02	9.068564348407173736e-02
1.562599779010656675e+03	2.077644806303527159e-01	1.302325595661651958e-01	2.781064080468432786e-01	1.754706701224921506e-01	8.179155717109465318e-02	3.581931534944278461e-02	9.081500911305158408e-02
1.567437549224311852e+03	2.073159397257786085e-01	1.299340685908725868e-01	2.783936497942001154e-01	1.756656836002400413e-01	8.187544635876393972e-02	3.587175742910615056e-02	9.094345450048098300e-02
1.572275319437967255e+03	2.068701023678155837e-01	1.296373090276950191e-01	2.786790777778586636e-01	1.758594290765866097e-01	8.195898351383842928e-02	3.592411044448431262e-02	9.107098779116383491e-02
1.577113089651622431e+03	2.064269519103487105e-01	1.293422708001487342e-01	2.789627057067148863e-01	1.760519171131117444e-01	8.204216686057261287e-02	3.597637057759668633e-02	9.119761703094905747e-02
1.581950859865277607e+03	2.059864718173400056e-01	1.290489438904353081e-01	2.792445471446697858e-01	1.762431581246517720e-01	8.212499473590673116e-02	3.602853411814124773e-02	9.132335016829752627e-02
1.586788630078933011e+03	2.055486456619518565e-01	1.287573183391004517e-01	2.795246155128286447e-01	1.764331623824561823e-01	8.220746558609318133e-02	3.608059746119148675e-02	9.144819505582059416e-02
1.591626400292587959e+03	2.051134571256806594e-01	1.284673842446945879e-01	2.798029240916585225e-01	1.766219400172637788e-01	8.228957796341460074e-02	3.613255710493955969e-02	9.157215945179063288e-02
1.596464170506243590e+03	2.046808899974996709e-01	1.281791317634353167e-01	2.800794860231060057e-01	1.768095010223008356e-01	8.237133052299124014e-02	3.618440964848492619e-02	9.169525102162436048e-02
1.601301940719898766e+03	2.042509281730112702e-01	1.278925511088720435e-01	2.803543143126741577e-01	1.769958552562032605e-01	8.245272201967492054e-02	3.623615178966744371e-02	9.181747733933928735e-02
1.606139710933553943e+03	2.038235556536085180e-01	1.276076325515524135e-01	2.806274218314612212e-01	1.771810124458645386e-01	8.253375130502775547e-02	3.628778032294407291e-02	9.193884588898382226e-02
1.610977481147209119e+03	2.033987565456458757e-01	1.273243664186908264e-01	2.808988213181609073e-01	1.773649821892117617e-01	8.261441732438300212e-02	3.633929213730834745e-02	9.205936406604166289e-02
1.615815251360864750e+03	2.029765150596187229e-01	1.270427430938387559e-01	2.811685253810251028e-01	1.775477739579112146e-01	8.269471911398595942e-02	3.639068421425176864e-02	9.217903917881084541e-02
1.620653021574519926e+03	2.025568155093518119e-01	1.267627530165570393e-01	2.814365464997906074e-01	1.777293971000060147e-01	8.277465579821288721e-02	3.644195362576620884e-02	9.229787844975780031e-02
1.625490791788175102e+03	2.021396423111964102e-01	1.264843866820900276e-01	2.817028970275693989e-01	1.779098608424868055e-01	8.285422658686569797e-02	3.649309753238666465e-02	9.241588901684735791e-02
1.630328562001830505e+03	2.017249799832360191e-01	1.262076346410416772e-01	2.819675891927040934e-01	1.780891742937980027e-01	8.293343077254054785e-02	3.654411318127339520e-02	9.253307793484857879e-02
1.635166332215485909e+03	2.013128131445003355e-01	1.259324874990536136e-01	2.822306351005892111e-01	1.782673464462807555e-01	8.301226772806830079e-02	3.659499790433276556e-02	9.264945217661733901e-02
1.640004102429141085e+03	2.009031265141879019e-01	1.256589359164849151e-01	2.824920467354582465e-01	1.784443861785546259e-01	8.309073690402485335e-02	3.664574911637602517e-02	9.276501863435575312e-02
1.644841872642796488e+03	2.004959049108965830e-01	1.253869706080937563e-01	2.827518359621383759e-01	1.786203022578394806e-01	8.316883782630968280e-02	3.669636431331521620e-02	9.287978412084925417e-02
1.649679642856451665e+03	2.000911332518623131e-01	1.251165823427210499e-01	2.830100145277724133e-01	1.787951033422190972e-01	8.324657009379064776e-02	3.674684107039554587e-02	9.299375537068130249e-02
1.654517413070107068e+03	1.996887965522056718e-01	1.248477619429757685e-01	2.832665940635094581e-01	1.789687979828483433e-01	8.332393337601315397e-02	3.679717704046341076e-02	9.310693904142659794e-02
1.659355183283762244e+03	1.992888799241863407e-01	1.245805002849222493e-01	2.835215860861642345e-01	1.791413946261048162e-01	8.340092741097232532e-02	3.684736995226946948e-02	9.321934171482292031e-02
1.664192953497417420e+03	1.988913685764653605e-01	1.243147882977691937e-01	2.837750019998465656e-01	1.793129016156871092e-01	8.347755200294613986e-02	3.689741760880597965e-02	9.333096989792204201e-02
1.669030723711072824e+03	1.984962478133748265e-01	1.240506169635604561e-01	2.840268530975604833e-01	1.794833271946605358e-01	8.355380702038810170e-02	3.694731788567775371e-02	9.344183002422025430e-02
1.673868493924728000e+03	1.981035030341952163e-01	1.237879773168677755e-01	2.842771505627746942e-01	1.796526795074522009e-01	8.362969239387778309e-02	3.699706872950614400e-02	9.355192845476865970e-02
1.678706264138383403e+03	1.977131197324400180e-01	1.235268604444851731e-01	2.845259054709644020e-01	1.798209666017961117e-01	8.370520811412779372e-02	3.704666815636521032e-02	9.366127147926385510e-02
1.683544034352038352e+03	1.973250834951476573e-01	1.232672574851251118e-01	2.847731287911249853e-01	1.799881964306304094e-01	8.378035423004551174e-02	3.709611425024966075e-02	9.376986531711922757e-02
1.688381804565693983e+03	1.969393800021805863e-01	1.230091596291165157e-01	2.850188313872588641e-01	1.801543768539473622e-01	8.385513084684825813e-02	3.714540516157374683e-02	9.387771611851726539e-02
1.693219574779349159e+03	1.965559950255315602e-01	1.227525581181044823e-01	2.852630240198346101e-01	1.803195156405976718e-01	8.392953812423037396e-02	3.719453910570064137e-02	9.398482996544325896e-02
1.698057344993004335e+03	1.961749144286367152e-01	1.224974442447517436e-01	2.855057173472206888e-01	1.804836204700501767e-01	8.400357627458095167e-02	3.724351436150157013e-02	9.409121287270076628e-02
1.702895115206659511e+03	1.957961241656955842e-01	1.222438093524418207e-01	2.857469219270930560e-01	1.806466989341082297e-01	8.407724556125069360e-02	3.729232926994419800e-02	9.419687078890905119e-02
1.707732885420315142e+03	1.954196102809979130e-01	1.219916448349840504e-01	2.859866482178173297e-01	1.808087585385838025e-01	8.415054629686676002e-02	3.734098223270970046e-02	9.430180959748306335e-02
1.712570655633970318e+03	1.950453589082572214e-01	1.217409421363200711e-01	2.862249065798068148e-01	1.809698067049304304e-01	8.422347884169419097e-02	3.738947171083781967e-02	9.440603511759614042e-02
1.717408425847625494e+03	1.946733562699506648e-01	1.214916927502322636e-01	2.864617072768557149e-01	1.811298507718361595e-01	8.429604360204270841e-02	3.743779622339953733e-02	9.450955310512568208e-02
1.722246196061280898e+03	1.943035886766658060e-01	1.212438882200537887e-01	2.866970604774490283e-01	1.812888979967773873e-01	8.436824102871776088e-02	3.748595434619662881e-02	9.461236925358240679e-02
1.727083966274936301e+03	1.939360425264534393e-01	1.209975201383802074e-01	2.869309762560489641e-01	1.814469555575349280e-01	8.444007161551440876e-02	3.753394471048773773e-02	9.471448919502316321e-02
1.731921736488591478e+03	1.935707043041869080e-01	1.207525801467829035e-01	2.871634645943588748e-01	1.816040305536728017e-01	8.451153589775323161e-02	3.758176600174031184e-02	9.481591850094779617e-02
1.736759506702246881e+03	1.932075605809275842e-01	1.205090599355242015e-01	2.873945353825645421e-01	1.817601300079814131e-01	8.458263445085675847e-02	3.762941695840797685e-02	9.491666268318037225e-02
1.741597276915902057e+03	1.928465980132965385e-01	1.202669512432739674e-01	2.876241984205537561e-01	1.819152608678851757e-01	8.465336788896567211e-02	3.767689637073275144e-02	9.501672719473497342e-02
1.746435047129557461e+03	1.924878033428522872e-01	1.200262458568280149e-01	2.878524634191143572e-01	1.820694300068164684e-01	8.472373686359353784e-02	3.772420307957172897e-02	9.511611743066643310e-02
1.751272817343212637e+03	1.921311633954743137e-01	1.197869356108280381e-01	2.880793400011116834e-01	1.822226442255559797e-01	8.479374206231903022e-02	3.777133597524761494e-02	9.521483872890625089e-02
1.756110587556867813e+03	1.917766650807526951e-01	1.195490123874832777e-01	2.883048377026445341e-01	1.823749102535409672e-01	8.486338420751468603e-02	3.781829399642277351e-02	9.531289637108393553e-02
1.760948357770523216e+03	1.914242953913836143e-01	1.193124681162936601e-01	2.885289659741822055e-01	1.825262347501417359e-01	8.493266405511135098e-02	3.786507612899617237e-02	9.541029558333413707e-02
1.765786127984178393e+03	1.910740414025703104e-01	1.190772947737746834e-01	2.887517341816806526e-01	1.826766243059075867e-01	8.500158239339700161e-02	3.791168140502292755e-02	9.550704153708977628e-02
1.770623898197833569e+03	1.907258902714297766e-01	1.188434843831837756e-01	2.889731516076799456e-01	1.828260854437827598e-01	8.507014004184937361e-02	3.795810890165585844e-02	9.560313934986143514e-02
1.775461668411488745e+03	1.903798292364053957e-01	1.186110290142483870e-01	2.891932274523824620e-01	1.829746246202933746e-01	8.513833785000138321e-02	3.800435774010870599e-02	9.569859408600327189e-02
1.780299438625144376e+03	1.900358456166844345e-01	1.183799207828954703e-01	2.894119708347125397e-01	1.831222482267058638e-01	8.520617669633835656e-02	3.805042708464059786e-02	9.579341075746575229e-02
1.785137208838799552e+03	1.896939268116216715e-01	1.181501518509827098e-01	2.896293907933578105e-01	1.832689625901579578e-01	8.527365748722631755e-02	3.809631614156118451e-02	9.588759432453534959e-02
1.789974979052454728e+03	1.893540603001677980e-01	1.179217144260312350e-01	2.898454962877929919e-01	1.834147739747626626e-01	8.534078115587050151e-02	3.814202415825626580e-02	9.598114969656157403e-02
1.794812749266109904e+03	1.890162336403033994e-01	1.176946007609597916e-01	2.900602961992856388e-01	1.835596885826860647e-01	8.540754866130327583e-02	3.818755042223333923e-02	9.607408173267151241e-02
1.799650519479765535e+03	1.886804344684782087e-01	1.174688031538206334e-01	2.902737993318850740e-01	1.837037125551997108e-01	8.547396098740059345e-02	3.823289426018667420e-02	9.616639524247207194e-02
1.804488289693420711e+03	1.883466504990553847e-01	1.172443139475368573e-01	2.904860144133945554e-01	1.838468519737079532e-01	8.554001914192634060e-02	3.827805503708166246e-02	9.625809498674023357e-02
1.809326059907075887e+03	1.880148695237608414e-01	1.170211255296411818e-01	2.906969500963264563e-01	1.839891128607513693e-01	8.560572415560374626e-02	3.832303215525786899e-02	9.634918567810150936e-02
1.814163830120731291e+03	1.876850794111377119e-01	1.167992303320164182e-01	2.909066149588419581e-01	1.841305011809864500e-01	8.567107708121315945e-02	3.836782505355057493e-02	9.643967198169677013e-02
1.819001600334386467e+03	1.873572681060056699e-01	1.165786208306372473e-01	2.911150175056743117e-01	1.842710228421423069e-01	8.573607899271550037e-02	3.841243320643034781e-02	9.652955851583776281e-02
1.823839370548041643e+03	1.870314236289252752e-01	1.163592895453136877e-01	2.913221661690366115e-01	1.844106836959551465e-01	8.580073098440058055e-02	3.845685612316034757e-02	9.661884985265144221e-02
1.828677140761696819e+03	1.867075340756670088e-01	1.161412290394359254e-01	2.915280693095150255e-01	1.845494895390809020e-01	8.586503417005986183e-02	3.850109334697093127e-02	9.670755051871343655e-02
1.833514910975352450e+03	1.863855876166850556e-01	1.159244319197206274e-01	2.917327352169459820e-01	1.846874461139867973e-01	8.592898968218272426e-02	3.854514445425129970e-02	9.679566499567060500e-02
1.838352681189008081e+03	1.860655724965960545e-01	1.157088908359587553e-01	2.919361721112794794e-01	1.848245591098218732e-01	8.599259867117575729e-02	3.858900905375781121e-02	9.688319772085328407e-02
1.843190451402663257e+03	1.857474770336620951e-01	1.154945984807649040e-01	2.921383881434279628e-01	1.849608341632679454e-01	8.605586230460451902e-02	3.863268678583858806e-02	9.697015308787700072e-02
1.848028221616318433e+03	1.854312896192785998e-01	1.152815475893279734e-01	2.923393913961007673e-01	1.850962768593705787e-01	8.611878176645693106e-02	3.867617732167418637e-02	9.705653544723409631e-02
1.852865991829973609e+03	1.851169987174665910e-01	1.150697309391633671e-01	2.925391898846248506e-01	1.852308927323510213e-01	8.618135825642797565e-02	3.871948036253389930e-02	9.714234910687541413e-02
1.857703762043628785e+03	1.848045928643696489e-01	1.148591413498665920e-01	2.927377915577524803e-01	1.853646872663997081e-01	8.624359298922497363e-02	3.876259563904749239e-02	9.722759833278221686e-02
1.862541532257283961e+03	1.844940606677548667e-01	1.146497716828683150e-01	2.929352042984549875e-01	1.854976658964515301e-01	8.630548719389292966e-02	3.880552291049198244e-02	9.731228734952847292e-02
1.867379302470939592e+03	1.841853908065186063e-01	1.144416148411908085e-01	2.931314359247039203e-01	1.856298340089435339e-01	8.636704211315937574e-02	3.884826196409318227e-02	9.739642034083369204e-02
1.872217072684594768e+03	1.838785720301963633e-01	1.142346637692058520e-01	2.933264941902390399e-01	1.857611969425552734e-01	8.642825900279825502e-02	3.889081261434174791e-02	9.748000145010660145e-02
1.877054842898249490e+03	1.835735931584768221e-01	1.140289114523940078e-01	2.935203867853242721e-01	1.858917599889327033e-01	8.648913913101226314e-02	3.893317470232338789e-02	9.756303478097970439e-02
1.881892613111905121e+03	1.832704430807201301e-01	1.138243509171052298e-01	2.937131213374912231e-01	1.860215283933955299e-01	8.654968377783314737e-02	3.897534809506295744e-02	9.764552439783498461e-02
1.886730383325560297e+03	1.829691107554806129e-01	1.136209752303210391e-01	2.939047054122702618e-01	1.861505073556287138e-01	8.660989423453954728e-02	3.901733268488229156e-02	9.772747432632072906e-02
1.891568153539215928e+03	1.826695852100331807e-01	1.134187774994178804e-01	2.940951465139104437e-01	1.862787020303586227e-01	8.666977180309182183e-02	3.905912838877124982e-02	9.780888855385999614e-02
1.896405923752871104e+03	1.823718555399040375e-01	1.132177508719319631e-01	2.942844520860873891e-01	1.864061175280139204e-01	8.672931779558351595e-02	3.910073514777194503e-02	9.788977103015043812e-02
1.901243693966526507e+03	1.820759109084051919e-01	1.130178885353254475e-01	2.944726295126000037e-01	1.865327589153719656e-01	8.678853353370878654e-02	3.914215292637578114e-02	9.797012566765597730e-02
1.906081464180181683e+03	1.817817405461732982e-01	1.128191837167540068e-01	2.946596861180559856e-01	1.866586312161907235e-01	8.684742034824571855e-02	3.918338171193305047e-02	9.804995634209043298e-02
1.910919234393836859e+03	1.814893337507119675e-01	1.126216296828356361e-01	2.948456291685461750e-01	1.867837394118268268e-01	8.690597957855469846e-02	3.922442151407487532e-02	9.812926689289304394e-02
1.915757004607492036e+03	1.811986798859381853e-01	1.124252197394209341e-01	2.950304658723089113e-01	1.869080884418399813e-01	8.696421257209173417e-02	3.926527236414721622e-02	9.820806112369626084e-02
1.920594774821147894e+03	1.809097683817324220e-01	1.122299472313646740e-01	2.952142033803831223e-01	1.870316832045842981e-01	8.702212068393619382e-02	3.930593431465671111e-02	9.828634280278585045e-02
1.925432545034802843e+03	1.806225887334927394e-01	1.120358055422986526e-01	2.953968487872512538e-01	1.871545285577864703e-01	8.707970527633258906e-02	3.934640743872813012e-02	9.836411566355345026e-02
1.930270315248458019e+03	1.803371305016923387e-01	1.118427880944058844e-01	2.955784091314724304e-01	1.872766293191116260e-01	8.713696771824605558e-02	3.938669182957318937e-02	9.844138340494178185e-02
1.935108085462113195e+03	1.800533833114408844e-01	1.116508883481961562e-01	2.957588913963053456e-01	1.873979902667168018e-01	8.719390938493104537e-02	3.942678759997049476e-02	9.851814969188253668e-02
1.939945855675768371e+03	1.797713368520496013e-01	1.114600998022828027e-01	2.959383025103217157e-01	1.875186161397925100e-01	8.725053165751303630e-02	3.946669488175643531e-02	9.859441815572719814e-02
1.944783625889424002e+03	1.794909808765998704e-01	1.112704159931608011e-01	2.961166493480096862e-01	1.876385116390925922e-01	8.730683592258273173e-02	3.950641382532675550e-02	9.867019239467086922e-02
1.949621396103079178e+03	1.792123052015152096e-01	1.110818304949862251e-01	2.962939387303684668e-01	1.877576814274530270e-01	8.736282357180265301e-02	3.954594459914860527e-02	9.874547597416913347e-02
1.954459166316734354e+03	1.789352997061370854e-01	1.108943369193568784e-01	2.964701774254933642e-01	1.878761301302993014e-01	8.741849600152544475e-02	3.958528738928290824e-02	9.882027242734836570e-02
1.959296936530389530e+03	1.786599543323040273e-01	1.107079289150942197e-01	2.966453721491518203e-01	1.879938623361433470e-01	8.747385461242394855e-02	3.962444239891674269e-02	9.889458525540922862e-02
1.964134706744044706e+03	1.783862590839341011e-01	1.105226001680266606e-01	2.968195295653509591e-01	1.881108825970697340e-01	8.752890080913237891e-02	3.966340984790564517e-02	9.896841792802382742e-02
1.968972476957700337e+03	1.781142040266109616e-01	1.103383444007739328e-01	2.969926562868960285e-01	1.882271954292119021e-01	8.758363599989855974e-02	3.970218997232556613e-02	9.904177388372638335e-02
1.973810247171355968e+03	1.778437792871731538e-01	1.101551553725328564e-01	2.971647588759404046e-01	1.883428053132181479e-01	8.763806159624681902e-02	3.974078302403430407e-02	9.911465653029770395e-02
1.978648017385010689e+03	1.775749750533066607e-01	1.099730268788643439e-01	2.973358438445274365e-01	1.884577166947081217e-01	8.769217901265116688e-02	3.977918927024222395e-02	9.918706924514349155e-02
1.983485787598666320e+03	1.773077815731409768e-01	1.097919527514815558e-01	2.975059176551237972e-01	1.885719339847198306e-01	8.774598966621866003e-02	3.981740899309208631e-02	9.925901537566655941e-02
1.988323557812321269e+03	1.770421891548480953e-01	1.096119268580393324e-01	2.976749867211452294e-01	1.886854615601472329e-01	8.779949497638254996e-02	3.985544248924781374e-02	9.933049823963328862e-02
1.993161328025976900e+03	1.767781881662450205e-01	1.094329431019248622e-01	2.978430574074737436e-01	1.887983037641690343e-01	8.785269636460490972e-02	3.989329006949196565e-02	9.940152112553406194e-02
1.997999098239632076e+03	1.765157690343991947e-01	1.092549954220495417e-01	2.980101360309675429e-01	1.889104649066687680e-01	8.790559525408861430e-02	3.993095205833183114e-02	9.947208729293813279e-02
2.002836868453287707e+03	1.762549222452372832e-01	1.090780777926420725e-01	2.981762288609633438e-01	1.890219492646460497e-01	8.795819306949834160e-02	3.996842879361384160e-02	9.954219997284276256e-02
2.007674638666942428e+03	1.759956383431568738e-01	1.089021842230426806e-01	2.983413421197708137e-01	1.891327610826197547e-01	8.801049123669028862e-02	4.000572062614627528e-02	9.961186236801700122e-02
2.012512408880597604e+03	1.757379079306413960e-01	1.087273087574986558e-01	2.985054819831602368e-01	1.892429045730230075e-01	8.806249118245045027e-02	4.004282791933001101e-02	9.968107765333994452e-02
2.017350179094252780e+03	1.754817216678779268e-01	1.085534454749609717e-01	2.986686545808424076e-01	1.893523839165901779e-01	8.811419433424130809e-02	4.007975104879717143e-02	9.974984897613374535e-02
2.022187949307908411e+03	1.752270702723781604e-01	1.083805884888821569e-01	2.988308659969419745e-01	1.894612032627362719e-01	8.816560211995642937e-02	4.011649040205750305e-02	9.981817945649129609e-02
2.027025719521564042e+03	1.749739445186022369e-01	1.082087319470153020e-01	2.989921222704631787e-01	1.895693667299286900e-01	8.821671596768299040e-02	4.015304637815237526e-02	9.988607218759901207e-02
2.031863489735218764e+03	1.747223352375855410e-01	1.080378700312141643e-01	2.991524293957498748e-01	1.896768784060517410e-01	8.826753730547198806e-02	4.018941938731615537e-02	9.995353023605431375e-02
2.036701259948874394e+03	1.744722333165684425e-01	1.078679969572346325e-01	2.993117933229376693e-01	1.897837423487639674e-01	8.831806756111577894e-02	4.022560985064493888e-02	1.000205566421783904e-01
2.041539030162529116e+03	1.742236296986287847e-01	1.076991069745371205e-01	2.994702199584002300e-01	1.898899625858484486e-01	8.836830816193291804e-02	4.026161819977236433e-02	1.000871544203240510e-01
2.046376800376184747e+03	1.739765153823174537e-01	1.075311943660902519e-01	2.996277151651887682e-01	1.899955431155563312e-01	8.841826053455996426e-02	4.029744487655243651e-02	1.001533265591787597e-01
2.051214570589840150e+03	1.737308814212965291e-01	1.073642534481756422e-01	2.997842847634656915e-01	1.901004879069437548e-01	8.846792610475018304e-02	4.033309033274922600e-02	1.002190760220630222e-01
2.056052340803495554e+03	1.734867189239803764e-01	1.071982785701938029e-01	2.999399345309313736e-01	1.902048009002022255e-01	8.851730629717882715e-02	4.036855502973324406e-02	1.002844057472242201e-01
2.060890111017150957e+03	1.732440190531793212e-01	1.070332641144711716e-01	3.000946702032455393e-01	1.903084860069828577e-01	8.856640253525482898e-02	4.040383943818447177e-02	1.003493186481258931e-01
2.065727881230805451e+03	1.730027730257463481e-01	1.068692044960683346e-01	3.002484974744419888e-01	1.904115471107142299e-01	8.861521624093895988e-02	4.043894403780171065e-02	1.004138176137325950e-01
2.070565651444461309e+03	1.727629721122261042e-01	1.067060941625891934e-01	3.004014219973378252e-01	1.905139880669143027e-01	8.866374883456783207e-02	4.047386931701842105e-02	1.004779055087904605e-01
2.075403421658116713e+03	1.725246076365069270e-01	1.065439275939914499e-01	3.005534493839370214e-01	1.906158127034967009e-01	8.871200173468404837e-02	4.050861577272459046e-02	1.005415851741034011e-01
2.080241191871772116e+03	1.722876709754753710e-01	1.063826993023980344e-01	3.007045852058278235e-01	1.907170248210709185e-01	8.875997635787202800e-02	4.054318390999477745e-02	1.006048594268051238e-01
2.085078962085427065e+03	1.720521535586732875e-01	1.062224038319097702e-01	3.008548349945752709e-01	1.908176281932372487e-01	8.880767411859939731e-02	4.057757424182203282e-02	1.006677310606271109e-01
2.089916732299082469e+03	1.718180468679577078e-01	1.060630357584188832e-01	3.010042042421073316e-01	1.909176265668760808e-01	8.885509642906394556e-02	4.061178728885771888e-02	1.007302028461624921e-01
2.094754502512737417e+03	1.715853424371628355e-01	1.059045896894239280e-01	3.011526984010967078e-01	1.910170236624320894e-01	8.890224469904578486e-02	4.064582357915695610e-02	1.007922775311259067e-01
2.099592272726392821e+03	1.713540318517652594e-01	1.057470602638454771e-01	3.013003228853364801e-01	1.911158231741930114e-01	8.894912033576474197e-02	4.067968364792968333e-02	1.008539578406095483e-01
2.104430042940048224e+03	1.711241067485510525e-01	1.055904421518431280e-01	3.014470830701112547e-01	1.912140287705636488e-01	8.899572474374263520e-02	4.071336803729726228e-02	1.009152464773352270e-01
2.109267813153704083e+03	1.708955588152857030e-01	1.054347300546333993e-01	3.015929842925627047e-01	1.913116440943347096e-01	8.904205932467056106e-02	4.074687729605435543e-02	1.009761461219028655e-01
2.114105583367359031e+03	1.706683797903863764e-01	1.052799187043087781e-01	3.017380318520502813e-01	1.914086727629469298e-01	8.908812547728085784e-02	4.078021197943610537e-02	1.010366594330350948e-01
2.118943353581013525e+03	1.704425614625967034e-01	1.051260028636577804e-01	3.018822310105070406e-01	1.915051183687504766e-01	8.913392459722357941e-02	4.081337264889049049e-02	1.010967890478183528e-01
2.123781123794669384e+03	1.702180956706638437e-01	1.049729773259860527e-01	3.020255869927909731e-01	1.916009844792599393e-01	8.917945807694759031e-02	4.084635987185568362e-02	1.011565375819403617e-01
2.128618894008324787e+03	1.699949743030181593e-01	1.048208369149385422e-01	3.021681049870307834e-01	1.916962746374046289e-01	8.922472730558593523e-02	4.087917422154241365e-02	1.012159076299240373e-01
2.133456664221980191e+03	1.697731892974549683e-01	1.046695764843227350e-01	3.023097901449677272e-01	1.917909923617745760e-01	8.926973366884534411e-02	4.091181627672110105e-02	1.012749017653580275e-01
2.138294434435635139e+03	1.695527326408189095e-01	1.045191909179327694e-01	3.024506475822927309e-01	1.918851411468624202e-01	8.931447854890003923e-02	4.094428662151378823e-02	1.013335225411238910e-01
2.143132204649290543e+03	1.693335963686903867e-01	1.043696751293747699e-01	3.025906823789786260e-01	1.919787244633008871e-01	8.935896332428934496e-02	4.097658584519073277e-02	1.013917724896197664e-01
2.147969974862945492e+03	1.691157725650745680e-01	1.042210240618930694e-01	3.027298995796086079e-01	1.920717457580964627e-01	8.940318936981926645e-02	4.100871454197153182e-02	1.014496541229810561e-01
2.152807745076601350e+03	1.688992533620924108e-01	1.040732326881974451e-01	3.028683041936996445e-01	1.921642084548590146e-01	8.944715805646775986e-02	4.104067331083070813e-02	1.015071699332976002e-01
2.157645515290255844e+03	1.686840309396741566e-01	1.039262960102914496e-01	3.030059011960222759e-01	1.922561159540274456e-01	8.949087075129376345e-02	4.107246275530768848e-02	1.015643223928278938e-01
2.162483285503912157e+03	1.684700975252548250e-01	1.037802090593015897e-01	3.031426955269156398e-01	1.923474716330916823e-01	8.953432881734972593e-02	4.110408348332106332e-02	1.016211139542101821e-01
2.167321055717567106e+03	1.682574453934720937e-01	1.036349668953076980e-01	3.032786920925989449e-01	1.924382788468110284e-01	8.957753361359756250e-02	4.113553610698703761e-02	1.016775470506703777e-01
2.172158825931222509e+03	1.680460668658664003e-01	1.034905646071740681e-01	3.034138957654783364e-01	1.925285409274287984e-01	8.962048649482799723e-02	4.116682124244198937e-02	1.017336240962271321e-01
2.176996596144877003e+03	1.678359543105830409e-01	1.033469973123817554e-01	3.035483113844502645e-01	1.926182611848835380e-01	8.966318881158319432e-02	4.119793950966910145e-02	1.017893474858938690e-01
2.181834366358532861e+03	1.676271001420764906e-01	1.032042601568617379e-01	3.036819437552004675e-01	1.927074429070167183e-01	8.970564191008245647e-02	4.122889153232885129e-02	1.018447195958779861e-01
2.186672136572187810e+03	1.674194968208169154e-01	1.030623483148291192e-01	3.038147976504997905e-01	1.927960893597771286e-01	8.974784713215114285e-02	4.125967793759347663e-02	1.018997427837771419e-01
2.191509906785843214e+03	1.672131368529987394e-01	1.029212569886183010e-01	3.039468778104952862e-01	1.928842037874220761e-01	8.978980581515243198e-02	4.129029935598513279e-02	1.019544193887728517e-01
2.196347676999498617e+03	1.670080127902511813e-01	1.027809814085189483e-01	3.040781889429983731e-01	1.929717894127151723e-01	8.983151929192208229e-02	4.132075642121782466e-02	1.020087517318212511e-01
2.201185447213154021e+03	1.668041172293511787e-01	1.026415168326131888e-01	3.042087357237690526e-01	1.930588494371212327e-01	8.987298889070599595e-02	4.135104977004295385e-02	1.020627421158412096e-01
2.206023217426809424e+03	1.666014428119380053e-01	1.025028585466135067e-01	3.043385227967966844e-01	1.931453870409980400e-01	8.991421593510043331e-02	4.138118004209840467e-02	1.021163928258997378e-01
2.210860987640464373e+03	1.663999822242301085e-01	1.023650018637017323e-01	3.044675547745768762e-01	1.932314053837849988e-01	8.995520174399503077e-02	4.141114787976116207e-02	1.021697061293948550e-01
2.215698757854119776e+03	1.661997281967439177e-01	1.022279421243689201e-01	3.045958362383852647e-01	1.933169076041891254e-01	8.999594763151827492e-02	4.144095392800330874e-02	1.022226842762359172e-01
2.220536528067775180e+03	1.660006735040147063e-01	1.020916746962560739e-01	3.047233717385477991e-01	1.934018968203679856e-01	9.003645490698554410e-02	4.147059883425137372e-02	1.022753294990212808e-01
2.225374298281430583e+03	1.658028109643192305e-01	1.019561949739960227e-01	3.048501657947073618e-01	1.934863761301099105e-01	9.007672487484957857e-02	4.150008324824897704e-02	1.023276440132136478e-01
2.230212068495085077e+03	1.656061334394006712e-01	1.018214983790559358e-01	3.049762228960877231e-01	1.935703486110115779e-01	9.011675883465330994e-02	4.152940782192269392e-02	1.023796300173129420e-01
2.235049838708740936e+03	1.654106338341950200e-01	1.016875803595809480e-01	3.051015475017535561e-01	1.936538173206527602e-01	9.015655808098492485e-02	4.155857320925099990e-02	1.024312896930267419e-01
2.239887608922396339e+03	1.652163050965599345e-01	1.015544363902386865e-01	3.052261440408676751e-01	1.937367852967686044e-01	9.019612390343528796e-02	4.158758006613639396e-02	1.024826252054383824e-01
2.244725379136052197e+03	1.650231402170051209e-01	1.014220619720645894e-01	3.053500169129451103e-01	1.938192555574194953e-01	9.023545758655741877e-02	4.161642905028045680e-02	1.025336387031728080e-01
2.249563149349706237e+03	1.648311322284247427e-01	1.012904526323081672e-01	3.054731704881040177e-01	1.939012311011580614e-01	9.027456040982803631e-02	4.164512082106190671e-02	1.025843323185600953e-01
2.254400919563362095e+03	1.646402742058316049e-01	1.011596039242802642e-01	3.055956091073134817e-01	1.939827149071941259e-01	9.031343364761129644e-02	4.167365603941752816e-02	1.026347081677967538e-01
2.259238689777017044e+03	1.644505592660933935e-01	1.010295114272010131e-01	3.057173370826384295e-01	1.940637099355571327e-01	9.035207856912436108e-02	4.170203536772595920e-02	1.026847683511048076e-01
2.264076459990672902e+03	1.642619805676704403e-01	1.009001707460489283e-01	3.058383586974816049e-01	1.941442191272561846e-01	9.039049643840488257e-02	4.173025946969425443e-02	1.027345149528888224e-01
2.268914230204327851e+03	1.640745313103557090e-01	1.007715775114106094e-01	3.059586782068225430e-01	1.942242454044380007e-01	9.042868851428050025e-02	4.175832901024710553e-02	1.027839500418906843e-01
2.273752000417983254e+03	1.638882047350160853e-01	1.006437273793314990e-01	3.060782998374539932e-01	1.943037916705424861e-01	9.046665605033993307e-02	4.178624465541885130e-02	1.028330756713423111e-01
