1.325549038541547588e+03	2.340666190144395920e-01	1.470437389467836309e-01	2.612278681801171176e-01	1.642291741659369919e-01	7.733534394276958546e-02	3.385946705352696484e-02	8.223778869586051421e-02
1.330386808755202765e+03	2.334547520490252714e-01	1.466480323636320804e-01	2.616299840914677599e-01	1.644728366447004986e-01	7.743272914775292670e-02	3.389504607489257637e-02	8.246661962796324186e-02
1.335224578968857941e+03	2.328466567236216478e-01	1.462545874726147999e-01	2.620292011306492030e-01	1.647161902481719120e-01	7.752978832892365446e-02	3.393125628774576463e-02	8.269231980770735957e-02
1.340062349182513572e+03	2.322423076787863971e-01	1.458633929392060269e-01	2.624255514603570094e-01	1.649591804989838095e-01	7.762652625065644130e-02	3.396807430567668623e-02	8.291496686576797781e-02
1.344900119396168748e+03	2.316416797888765089e-01	1.454744374187408318e-01	2.628190665846228402e-01	1.652017556875411963e-01	7.772294723739055222e-02	3.400547739650720130e-02	8.313463588575518981e-02
1.349737889609823924e+03	2.310447481580251983e-01	1.450877095594769739e-01	2.632097773687496756e-01	1.654438667546332675e-01	7.781905519917800551e-02	3.404344346316083569e-02	8.335139949621030164e-02
1.354575659823479100e+03	2.304514881162333662e-01	1.447031980055215050e-01	2.635977140585441525e-01	1.656854671788170197e-01	7.791485365602900115e-02	3.408195102514587072e-02	8.356532795914342615e-02
1.359413430037134731e+03	2.298618752155711931e-01	1.443208913996276432e-01	2.639829062988720554e-01	1.659265128683811985e-01	7.801034576110638108e-02	3.412097920063044548e-02	8.377648925524547319e-02
1.364251200250789907e+03	2.292758852264866754e-01	1.439407783858672463e-01	2.643653831515629937e-01	1.661669620577078399e-01	7.810553432281856778e-02	3.416050768908911878e-02	8.398494916590190651e-02
1.369088970464445310e+03	2.286934941342168570e-01	1.435628476121834085e-01	2.647451731126881369e-01	1.664067752078549900e-01	7.820042182585879020e-02	3.420051675450109380e-02	8.419077135213108576e-02
1.373926740678100487e+03	2.281146781352985375e-01	1.431870877328282887e-01	2.651223041292338212e-01	1.666459149111915450e-01	7.829501045123615777e-02	3.424098720908114873e-02	8.439401743056482164e-02
1.378764510891755890e+03	2.275394136341748197e-01	1.428134874106906926e-01	2.654968036151949540e-01	1.668843457999222013e-01	7.838930209534207549e-02	3.428190039752489204e-02	8.459474704658473398e-02
1.383602281105411066e+03	2.269676772398945275e-01	1.424420353195176847e-01	2.658686984671078668e-01	1.671220344583462247e-01	7.848329838809418868e-02	3.432323818175070373e-02	8.479301794472317300e-02
1.388440051319066470e+03	2.263994457629010804e-01	1.420727201460346700e-01	2.662380150790452094e-01	1.673589493387007687e-01	7.857700071019793620e-02	3.436498292612133465e-02	8.498888603643341144e-02
1.393277821532721646e+03	2.258346962119077428e-01	1.417055305919676378e-01	2.666047793570918700e-01	1.675950606804447462e-01	7.867041020956407060e-02	3.440711748312871160e-02	8.518240546532966639e-02
1.398115591746377049e+03	2.252734057908565568e-01	1.413404553759719517e-01	2.669690167333211850e-01	1.678303404328453374e-01	7.876352781691935145e-02	3.444962517952619013e-02	8.537362866999388678e-02
1.402953361960032225e+03	2.247155518959579323e-01	1.409774832354710461e-01	2.673307521792904207e-01	1.680647621807344338e-01	7.885635426064549480e-02	3.449248980289305877e-02	8.556260644444212138e-02
1.407791132173687402e+03	2.241611121128081474e-01	1.406166029284087182e-01	2.676900102190726272e-01	1.682983010733081763e-01	7.894889008088051829e-02	3.453569558861644545e-02	8.574938799633981257e-02
1.412628902387342805e+03	2.236100642135825101e-01	1.402578032349187098e-01	2.680468149418429036e-01	1.685309337558469067e-01	7.904113564291465055e-02	3.457922720727666516e-02	8.593402100305208569e-02
1.417466672600997981e+03	2.230623861543009345e-01	1.399010729589144630e-01	2.684011900140343410e-01	1.687626383042384604e-01	7.913309114991246007e-02	3.462306975242225582e-02	8.611655166561150987e-02
1.422304442814653157e+03	2.225180560721642942e-01	1.395464009296026597e-01	2.687531586910804071e-01	1.689933941621922231e-01	7.922475665499047193e-02	3.466720872872154635e-02	8.629702476068282224e-02
1.427142213028308333e+03	2.219770522829586090e-01	1.391937760029233750e-01	2.691027438287585949e-01	1.692231820810355669e-01	7.931613207267926291e-02	3.471163004047813500e-02	8.647548369060086004e-02
1.431979983241963964e+03	2.214393532785252083e-01	1.388431870629198428e-01	2.694499678941503773e-01	1.694519840619886641e-01	7.940721718979724952e-02	3.475631998049800997e-02	8.665197053155504481e-02
1.436817753455619140e+03	2.209049377242943701e-01	1.384946230230407749e-01	2.697948529762305148e-01	1.696797833008186207e-01	7.949801167576242555e-02	3.480126521929651634e-02	8.682652607999116756e-02
1.441655523669274316e+03	2.203737844568805782e-01	1.381480728273776215e-01	2.701374207961008134e-01	1.699065641347763111e-01	7.958851509236726518e-02	3.484645279463383094e-02	8.699918989729796270e-02
1.446493293882929493e+03	2.198458724817373422e-01	1.378035254518399366e-01	2.704776927168798806e-01	1.701323119917244331e-01	7.967872690304078631e-02	3.489187010136803047e-02	8.717000035284401538e-02
1.451331064096585123e+03	2.193211809708693061e-01	1.374609699052707079e-01	2.708156897532624230e-01	1.703570133413686016e-01	7.976864648162100557e-02	3.493750488161506684e-02	8.733899466542731360e-02
1.456168834310240300e+03	2.187996892606004218e-01	1.371203952305046492e-01	2.711514325807597436e-01	1.705806556485063019e-01	7.985827312065965633e-02	3.498334521520559542e-02	8.750620894319807719e-02
1.461006604523895703e+03	2.182813768493957196e-01	1.367817905053713701e-01	2.714849415446329850e-01	1.708032273282127367e-01	7.994760603928049991e-02	3.502937951042871256e-02	8.767167822211244244e-02
1.465844374737550879e+03	2.177662233957352311e-01	1.364451448436457270e-01	2.718162366685307751e-01	1.710247177028850207e-01	8.003664439061158875e-02	3.507559649505318650e-02	8.783543650297297167e-02
1.470682144951206283e+03	2.172542087160384272e-01	1.361104473959478534e-01	2.721453376628410470e-01	1.712451169610701429e-01	8.012538726881059115e-02	3.512198520761706383e-02	8.799751678710941716e-02
1.475519915164861459e+03	2.167453127826375336e-01	1.357776873505942006e-01	2.724722639327684104e-01	1.714644161180043369e-01	8.021383371570216247e-02	3.516853498897677677e-02	8.815795111075110102e-02
1.480357685378516862e+03	2.162395157217978647e-01	1.354468539344023947e-01	2.727970345861467916e-01	1.716826069777946939e-01	8.030198272704482110e-02	3.521523547410724403e-02	8.831677057814080190e-02
1.485195455592172038e+03	2.157367978117840368e-01	1.351179364134509342e-01	2.731196684409959996e-01	1.718996820971769590e-01	8.038983325844466232e-02	3.526207658414479834e-02	8.847400539343718007e-02
1.490033225805827215e+03	2.152371394809707017e-01	1.347909240937966713e-01	2.734401840328329336e-01	1.721156347507852291e-01	8.047738423093202254e-02	3.530904851866501631e-02	8.862968489145205131e-02
1.494870996019482618e+03	2.147405213059957185e-01	1.344658063221503275e-01	2.737585996217448692e-01	1.723304588978729623e-01	8.056463453621688642e-02	3.535614174818776240e-02	8.878383756726608567e-02
1.499708766233137567e+03	2.142469240099552641e-01	1.341425724865133728e-01	2.740749331992343718e-01	1.725441491504259850e-01	8.065158304163785874e-02	3.540334700690215414e-02	8.893649110476561925e-02
1.504546536446793198e+03	2.137563284606389113e-01	1.338212120167763808e-01	2.743892024948437203e-01	1.727567007426114298e-01	8.073822859481914749e-02	3.545065528560426699e-02	8.908767240414085242e-02
1.509384306660448374e+03	2.132687156688037877e-01	1.335017143852816890e-01	2.747014249825662779e-01	1.729681095015082604e-01	8.082457002804917245e-02	3.549805782484069527e-02	8.923740760838483332e-02
1.514222076874103550e+03	2.127840667864866198e-01	1.331840691073507832e-01	2.750116178870533057e-01	1.731783718190677279e-01	8.091060616239395542e-02	3.554554610825151617e-02	8.938572212883084955e-02
1.519059847087758726e+03	2.123023631053521099e-01	1.328682657417785407e-01	2.753197981896227109e-01	1.733874846252532742e-01	8.099633581155793460e-02	3.559311185610596756e-02	8.953264066976422686e-02
1.523897617301414357e+03	2.118235860550770067e-01	1.325542938912955826e-01	2.756259826340772823e-01	1.735954453623125282e-01	8.108175778550399948e-02	3.564074701902494868e-02	8.967818725214343756e-02
1.528735387515069533e+03	2.113477172017684813e-01	1.322421432029996791e-01	2.759301877323391272e-01	1.738022519601349347e-01	8.116687089384450049e-02	3.568844377188424427e-02	8.982238523646392248e-02
1.533573157728724709e+03	2.108747382464157272e-01	1.319318033687579550e-01	2.762324297699063624e-01	1.740079028126512717e-01	8.125167394901401663e-02	3.573619450789271290e-02	8.996525734479680902e-02
1.538410927942380113e+03	2.104046310233740336e-01	1.316232641255809244e-01	2.765327248111392744e-01	1.742123967552325903e-01	8.133616576923459462e-02	3.578399183283993007e-02	9.010682568203348675e-02
1.543248698156035516e+03	2.099373774988801677e-01	1.313165152559693793e-01	2.768310887043810009e-01	1.744157330430473329e-01	8.142034518128335452e-02	3.583182855950792917e-02	9.024711175636569715e-02
1.548086468369690692e+03	2.094729597695979273e-01	1.310115465882353836e-01	2.771275370869191734e-01	1.746179113303384378e-01	8.150421102307223165e-02	3.587969770224183619e-02	9.038613649902990654e-02
1.552924238583346096e+03	2.090113600611935851e-01	1.307083479967986461e-01	2.774220853897939598e-01	1.748189316505822100e-01	8.158776214604890331e-02	3.592759247167437442e-02	9.052392028334320384e-02
1.557762008797001272e+03	2.085525607269394510e-01	1.304069094024589981e-01	2.777147488424578925e-01	1.750187943974935434e-01	8.167099741742792074e-02	3.597550626959949288e-02	9.066048294305756317e-02
1.562599779010656675e+03	2.080965442463456327e-01	1.301072207726459706e-01	2.780055424772926997e-01	1.752175003068423276e-01	8.175391572226026193e-02	3.602343268399037235e-02	9.079584379005754824e-02
1.567437549224311852e+03	2.076432932238184148e-01	1.298092721216468348e-01	2.782944811339880808e-01	1.754150504390485643e-01	8.183651596534943784e-02	3.607136548415734723e-02	9.093002163142617500e-02
1.572275319437967255e+03	2.071927903873448940e-01	1.295130535108134640e-01	2.785815794637873655e-01	1.756114461625234990e-01	8.191879707302192337e-02	3.611929861604135789e-02	9.106303478590239975e-02
1.577113089651622431e+03	2.067450185872029833e-01	1.292185550487494616e-01	2.788668519336043872e-01	1.758066891377273455e-01	8.200075799475917138e-02	3.616722619763879099e-02	9.119490109975281200e-02
1.581950859865277607e+03	2.062999607946960912e-01	1.289257668914777222e-01	2.791503128300166781e-01	1.760007813019131007e-01	8.208239770469819008e-02	3.621514251455358602e-02	9.132563796207955609e-02
1.586788630078933011e+03	2.058576001009116418e-01	1.286346792425901442e-01	2.794319762631388149e-01	1.761937248545291101e-01	8.216371520300760900e-02	3.626304201567270152e-02	9.145526231958495122e-02
1.591626400292587959e+03	2.054179197155029390e-01	1.283452823533792753e-01	2.797118561703795248e-01	1.763855222432531289e-01	8.224470951714536737e-02	3.631091930896115233e-02	9.158379069081358514e-02
1.596464170506243590e+03	2.049809029654935111e-01	1.280575665229536364e-01	2.799899663200879907e-01	1.765761761506316752e-01	8.232537970300451979e-02	3.635876915737300263e-02	9.171123917989075502e-02
1.601301940719898766e+03	2.045465332941032999e-01	1.277715220983364763e-01	2.802663203150916882e-01	1.767656894813002255e-01	8.240572484595264091e-02	3.640658647487467203e-02	9.183762348977607404e-02
1.606139710933553943e+03	2.041147942595965548e-01	1.274871394745493991e-01	2.805409315961306937e-01	1.769540653497601868e-01	8.248574406177068552e-02	3.645436632257717524e-02	9.196295893505034014e-02
1.610977481147209119e+03	2.036856695341499046e-01	1.272044090946812533e-01	2.808138134451910184e-01	1.771413070686894964e-01	8.256543649749654989e-02	3.650210390497408974e-02	9.208726045425265350e-02
1.615815251360864750e+03	2.032591429027409691e-01	1.269233214499427553e-01	2.810849789887410188e-01	1.773274181377652858e-01	8.264480133217848301e-02	3.654979456628186518e-02	9.221054262178456085e-02
1.620653021574519926e+03	2.028351982620563987e-01	1.266438670797078447e-01	2.813544412008738838e-01	1.775124022329769846e-01	8.272383777754314937e-02	3.659743378687953935e-02	9.233281965939711677e-02
1.625490791788175102e+03	2.024138196194188166e-01	1.263660365715420231e-01	2.816222129063597479e-01	1.776962631964101591e-01	8.280254507858310353e-02	3.664501717984480766e-02	9.245410544727629409e-02
1.630328562001830505e+03	2.019949910917326064e-01	1.260898205612182854e-01	2.818883067836100986e-01	1.778790050264810740e-01	8.288092251406792288e-02	3.669254048758353870e-02	9.257441353474143986e-02
1.635166332215485909e+03	2.015786969044472687e-01	1.258152097327215335e-01	2.821527353675576943e-01	1.780606318686037692e-01	8.295896939698360617e-02	3.673999957855000192e-02	9.269375715057108500e-02
1.640004102429141085e+03	2.011649213905387368e-01	1.255421948182414427e-01	2.824155110524547707e-01	1.782411480062714992e-01	8.303668507490379047e-02	3.678739044405503200e-02	9.281214921296965237e-02
1.644841872642796488e+03	2.007536489895074550e-01	1.252707665981548091e-01	2.826766460945920323e-01	1.784205578525353830e-01	8.311406893029710252e-02	3.683470919515959008e-02	9.292960233918849677e-02
1.649679642856451665e+03	2.003448642463930562e-01	1.250009159009974335e-01	2.829361526149419270e-01	1.785988659418637770e-01	8.319112038077394744e-02	3.688195205965111995e-02	9.304612885481358675e-02
1.654517413070107068e+03	1.999385518108054149e-01	1.247326336034262906e-01	2.831940426017273138e-01	1.787760769223666335e-01	8.326783887927656502e-02	3.692911537910033987e-02	9.316174080273231795e-02
1.659355183283762244e+03	1.995346964359711039e-01	1.244659106301723578e-01	2.834503279129194087e-01	1.789521955483695248e-01	8.334422391421544840e-02	3.697619560599600674e-02	9.327644995179101839e-02
1.664192953497417420e+03	1.991332829777953672e-01	1.242007379539844664e-01	2.837050202786667863e-01	1.791272266733228979e-01	8.342027500955546959e-02	3.702318930095541138e-02	9.339026780515448378e-02
1.669030723711072824e+03	1.987342963939389695e-01	1.239371065955645612e-01	2.839581313036573240e-01	1.793011752430324068e-01	8.349599172485469567e-02	3.707009313000846074e-02	9.350320560837845074e-02
1.673868493924728000e+03	1.983377217429096173e-01	1.236750076234949397e-01	2.842096724694161414e-01	1.794740462891970534e-01	8.357137365525874051e-02	3.711690386195305030e-02	9.361527435720533308e-02
1.678706264138383403e+03	1.979435441831673137e-01	1.234144321541577050e-01	2.844596551365408676e-01	1.796458449232422594e-01	8.364642043145355255e-02	3.716361836577976308e-02	9.372648480509342128e-02
1.683544034352038352e+03	1.975517489722437847e-01	1.231553713516467669e-01	2.847080905468767908e-01	1.798165763304354348e-01	8.372113171957910882e-02	3.721023360816392428e-02	9.383684747048909314e-02
1.688381804565693983e+03	1.971623214658750900e-01	1.228978164276728069e-01	2.849549898256337199e-01	1.799862457642723013e-01	8.379550722110665206e-02	3.725674665102288174e-02	9.394637264385154174e-02
1.693219574779349159e+03	1.967752471171475837e-01	1.226417586414615957e-01	2.852003639834461701e-01	1.801548585411223424e-01	8.386954667268171904e-02	3.730315464913688817e-02	9.405507039443869455e-02
1.698057344993004335e+03	1.963905114756564763e-01	1.223871892996458988e-01	2.854442239183794805e-01	1.803224200351230544e-01	8.394324984593533323e-02	3.734945484783153136e-02	9.416295057686326075e-02
1.702895115206659511e+03	1.960081001866768591e-01	1.221340997561512209e-01	2.856865804178825852e-01	1.804889356733117844e-01	8.401661654726552686e-02	3.739564458072009573e-02	9.427002283742698385e-02
1.707732885420315142e+03	1.956279989903468852e-01	1.218824814120758881e-01	2.859274441606900474e-01	1.806544109309856927e-01	8.408964661759116277e-02	3.744172126750410640e-02	9.437629662024127342e-02
1.712570655633970318e+03	1.952501937208629412e-01	1.216323257155655368e-01	2.861668257186744113e-01	1.808188513272799836e-01	8.416233993208005471e-02	3.748768241183039751e-02	9.448178117314173785e-02
1.717408425847625494e+03	1.948746703056861151e-01	1.213836241616823852e-01	2.864047355586509247e-01	1.809822624209551645e-01	8.423469639985327329e-02	3.753352559920303949e-02	9.458648555340413988e-02
1.722246196061280898e+03	1.945014147647602387e-01	1.211363682922696333e-01	2.866411840441357439e-01	1.811446498063845612e-01	8.430671596366726139e-02	3.757924849494877206e-02	9.469041863326888020e-02
1.727083966274936301e+03	1.941304132097406987e-01	1.208905496958109782e-01	2.868761814370590635e-01	1.813060191097335405e-01	8.437839859957571575e-02	3.762484884223419451e-02	9.479358910528092041e-02
1.731921736488591478e+03	1.937616518432341006e-01	1.206461600072858131e-01	2.871097378994355021e-01	1.814663759853222258e-01	8.444974431657251146e-02	3.767032446013340863e-02	9.489600548745157071e-02
1.736759506702246881e+03	1.933951169580485629e-01	1.204031909080200552e-01	2.873418634949916339e-01	1.816257261121640154e-01	8.452075315621736251e-02	3.771567324174468494e-02	9.499767612824878971e-02
1.741597276915902057e+03	1.930307949364539477e-01	1.201616341255331288e-01	2.875725681907533304e-01	1.817840751906724117e-01	8.459142519224564782e-02	3.776089315235475058e-02	9.509860921142190837e-02
1.746435047129557461e+03	1.926686722494523607e-01	1.199214814333808832e-01	2.878018618585934107e-01	1.819414289395286655e-01	8.466176053016369329e-02	3.780598222764942895e-02	9.519881276066670395e-02
1.751272817343212637e+03	1.923087354560584217e-01	1.196827246509951925e-01	2.880297542767408792e-01	1.820977930927039079e-01	8.473175930683086998e-02	3.785093857196925038e-02	9.529829464413659690e-02
1.756110587556867813e+03	1.919509712025889714e-01	1.194453556435199210e-01	2.882562551312538024e-01	1.822531733966285261e-01	8.480142169002966024e-02	3.789576035660892350e-02	9.539706257880536944e-02
1.760948357770523216e+03	1.915953662219621045e-01	1.192093663216437921e-01	2.884813740174554386e-01	1.824075756075029531e-01	8.487074787802492692e-02	3.794044581815936290e-02	9.549512413468659588e-02
1.765786127984178393e+03	1.912419073330055563e-01	1.189747486414301780e-01	2.887051204413362271e-01	1.825610054887434608e-01	8.493973809911349593e-02	3.798499325689113498e-02	9.559248673891510006e-02
1.770623898197833569e+03	1.908905814397737766e-01	1.187414946041440711e-01	2.889275038209218605e-01	1.827134688085572944e-01	8.500839261116492629e-02	3.802940103517818415e-02	9.568915767969503328e-02
1.775461668411488745e+03	1.905413755308738855e-01	1.185095962560762939e-01	2.891485334876086610e-01	1.828649713376414576e-01	8.507671170115473080e-02	3.807366757596077761e-02	9.578514411011945784e-02
1.780299438625144376e+03	1.901942766787999839e-01	1.182790456883652114e-01	2.893682186874670936e-01	1.830155188469999028e-01	8.514469568469069938e-02	3.811779136124654466e-02	9.588045305186586320e-02
1.785137208838799552e+03	1.898492720392760680e-01	1.180498350368160282e-01	2.895865685825151914e-01	1.831651171058738259e-01	8.521234490553339369e-02	3.816177093064863218e-02	9.597509139877213880e-02
1.789974979052454728e+03	1.895063488506069926e-01	1.178219564817179210e-01	2.898035922519616170e-01	1.833137718797803184e-01	8.527965973511160425e-02	3.820560487995991461e-02	9.606906592029694492e-02
1.794812749266109904e+03	1.891654944330372623e-01	1.175954022476590199e-01	2.900192986934200245e-01	1.834614889286543538e-01	8.534664057203349141e-02	3.824929185976238405e-02	9.616238326486881149e-02
1.799650519479765535e+03	1.888266961881180372e-01	1.173701646033393636e-01	2.902336968240952775e-01	1.836082740050901940e-01	8.541328784159425702e-02	3.829283057407063817e-02	9.625504996312758688e-02
1.804488289693420711e+03	1.884899415980813564e-01	1.171462358613821753e-01	2.904467954819430764e-01	1.837541328526768880e-01	8.547960199528087388e-02	3.833621977900872335e-02	9.634707243106223340e-02
1.809326059907075887e+03	1.881552182252221594e-01	1.169236083781433483e-01	2.906586034268023866e-01	1.838990712044248355e-01	8.554558351027483076e-02	3.837945828151926447e-02	9.643845697304845310e-02
1.814163830120731291e+03	1.878225137112877474e-01	1.167022745535192946e-01	2.908691293415028856e-01	1.840430947812784490e-01	8.561123288895314265e-02	3.842254493810418059e-02	9.652920978478962688e-02
1.819001600334386467e+03	1.874918157768738491e-01	1.164822268307533631e-01	2.910783818329473194e-01	1.841862092907117221e-01	8.567655065838850059e-02	3.846547865359604274e-02	9.661933695616450879e-02
1.823839370548041643e+03	1.871631122208284870e-01	1.162634576962409683e-01	2.912863694331700448e-01	1.843284204254026781e-01	8.574153736984904683e-02	3.850825837995931755e-02	9.670884447398479800e-02
1.828677140761696819e+03	1.868363909196623929e-01	1.160459596793333575e-01	2.914931006003715908e-01	1.844697338619833982e-01	8.580619359829819159e-02	3.855088311512069876e-02	9.679773822466576638e-02
1.833514910975352450e+03	1.865116398269659470e-01	1.158297253521402281e-01	2.916985837199312925e-01	1.846101552598622131e-01	8.587051994189498494e-02	3.859335190182774239e-02	9.688602399681295330e-02
1.838352681189008081e+03	1.861888469728332496e-01	1.156147473293313854e-01	2.919028271053973334e-01	1.847496902601147295e-01	8.593451702149566829e-02	3.863566382653510489e-02	9.697370748372782789e-02
1.843190451402663257e+03	1.858680004632923544e-01	1.154010182679372498e-01	2.921058389994556359e-01	1.848883444844407198e-01	8.599818548015654429e-02	3.867781801831762789e-02	9.706079428583516688e-02
1.848028221616318433e+03	1.855490884797419970e-01	1.151885308671486419e-01	2.923076275748776598e-01	1.850261235341838506e-01	8.606152598263880349e-02	3.871981364780960333e-02	9.714728991303478445e-02
1.852865991829973609e+03	1.852320992783944298e-01	1.149772778681157487e-01	2.925082009354483814e-01	1.851630329894112803e-01	8.612453921491564079e-02	3.876164992616946275e-02	9.723319978698037602e-02
1.857703762043628785e+03	1.849170211897246119e-01	1.147672520537462576e-01	2.927075671168744564e-01	1.852990784080509323e-01	8.618722588368188386e-02	3.880332610406938415e-02	9.731852924328779353e-02
1.862541532257283961e+03	1.846038426179252290e-01	1.145584462485030181e-01	2.929057340876732862e-01	1.854342653250830308e-01	8.624958671586652192e-02	3.884484147070900451e-02	9.740328353367525005e-02
1.867379302470939592e+03	1.842925520403678741e-01	1.143508533182010234e-01	2.931027097500434886e-01	1.855685992517840111e-01	8.631162245814853751e-02	3.888619535285275236e-02	9.748746782803774380e-02
1.872217072684594768e+03	1.839831380070695022e-01	1.141444661698039209e-01	2.932985019407176597e-01	1.857020856750201954e-01	8.637333387647617988e-02	3.892738711389006484e-02	9.757108721645794958e-02
1.877054842898249490e+03	1.836755891401651297e-01	1.139392777512201055e-01	2.934931184317973174e-01	1.858347300565891258e-01	8.643472175559004100e-02	3.896841615291807975e-02	9.765414671115571488e-02
1.881892613111905121e+03	1.833698941333857524e-01	1.137352810510985079e-01	2.936865669315710248e-01	1.859665378326058882e-01	8.649578689855005886e-02	3.900928190384604644e-02	9.773665124837828400e-02
1.886730383325560297e+03	1.830660417515419525e-01	1.135324690986239810e-01	2.938788550853157489e-01	1.860975144129329295e-01	8.655653012626682297e-02	3.904998383452101124e-02	9.781860569023315133e-02
1.891568153539215928e+03	1.827640208300127522e-01	1.133308349633125878e-01	2.940699904760824546e-01	1.862276651806509253e-01	8.661695227703726518e-02	3.909052144587420868e-02	9.790001482646550068e-02
1.896405923752871104e+03	1.824638202742396853e-01	1.131303717548065718e-01	2.942599806254654893e-01	1.863569954915689775e-01	8.667705420608498579e-02	3.913089427108769336e-02	9.798088337618234001e-02
1.901243693966526507e+03	1.821654290592263081e-01	1.129310726226692568e-01	2.944488329943574789e-01	1.864855106737721702e-01	8.673683678510535344e-02	3.917110187478054645e-02	9.806121598952462215e-02
1.906081464180181683e+03	1.818688362290425964e-01	1.127329307561799610e-01	2.946365549836888476e-01	1.866132160272048479e-01	8.679630090181554569e-02	3.921114385221435850e-02	9.814101724928958603e-02
1.910919234393836859e+03	1.815740308963342819e-01	1.125359393841287164e-01	2.948231539351531816e-01	1.867401168232877828e-01	8.685544745950973811e-02	3.925101982851736393e-02	9.822029167250467818e-02
1.915757004607492036e+03	1.812810022418374356e-01	1.123400917746111560e-01	2.950086371319183276e-01	1.868662183045677327e-01	8.691427737661945596e-02	3.929072945792684568e-02	9.829904371195483104e-02
1.920594774821147894e+03	1.809897395138974352e-01	1.121453812348234547e-01	2.951930117993241676e-01	1.869915256843978080e-01	8.697279158627922724e-02	3.933027242304930338e-02	9.837727775766443028e-02
1.925432545034802843e+03	1.807002320279932073e-01	1.119518011108573269e-01	2.953762851055666827e-01	1.871160441466470647e-01	8.703099103589784225e-02	3.936964843413794796e-02	9.845499813833581693e-02
1.930270315248458019e+03	1.804124691662656321e-01	1.117593447874951906e-01	2.955584641623695830e-01	1.872397788454380207e-01	8.708887668673492843e-02	3.940885722838715494e-02	9.853220912274537890e-02
1.935108085462113195e+03	1.801264403770508893e-01	1.115680056880055809e-01	2.957395560256429468e-01	1.873627349049107327e-01	8.714644951348336777e-02	3.944789856924335592e-02	9.860891492109895295e-02
1.939945855675768371e+03	1.798421351744181329e-01	1.113777772739387856e-01	2.959195676961298149e-01	1.874849174190121037e-01	8.720371050385723743e-02	3.948677224573206301e-02	9.868511968634764708e-02
1.944783625889424002e+03	1.795595431377118578e-01	1.111886530449227167e-01	2.960985061200404611e-01	1.876063314513090330e-01	8.726066065818562090e-02	3.952547807180055439e-02	9.876082751546555460e-02
1.949621396103079178e+03	1.792786539110982069e-01	1.110006265384591156e-01	2.962763781896755044e-01	1.877269820348245744e-01	8.731730098901216430e-02	3.956401588567585309e-02	9.883604245069038674e-02
1.954459166316734354e+03	1.789994572031160247e-01	1.108136913297200765e-01	2.964531907440374203e-01	1.878468741718954393e-01	8.737363252070053099e-02	3.960238554923770082e-02	9.891076848072856420e-02
1.959296936530389530e+03	1.787219427862319909e-01	1.106278410313449867e-01	2.966289505694310602e-01	1.879660128340503999e-01	8.742965628904575404e-02	3.964058694740604100e-02	9.898500954192555878e-02
1.964134706744044706e+03	1.784461004963996955e-01	1.104430692932378000e-01	2.968036644000532354e-01	1.880844029619079816e-01	8.748537334089145912e-02	3.967861998754274727e-02	9.905876951940292829e-02
1.968972476957700337e+03	1.781719202326231544e-01	1.102593698023648094e-01	2.969773389185719759e-01	1.882020494650927522e-01	8.754078473375315195e-02	3.971648459886718829e-02	9.913205224816291905e-02
1.973810247171355968e+03	1.778993919565242110e-01	1.100767362825528228e-01	2.971499807566955198e-01	1.883189572221690700e-01	8.759589153544727891e-02	3.975418073188535795e-02	9.920486151416167686e-02
1.978648017385010689e+03	1.776285056919139071e-01	1.098951624942878791e-01	2.973215964957313662e-01	1.884351310805917334e-01	8.765069482372650489e-02	3.979170835783221033e-02	9.927720105535234318e-02
1.983485787598666320e+03	1.773592515243677670e-01	1.097146422345143812e-01	2.974921926671353911e-01	1.885505758566720369e-01	8.770519568592079207e-02	3.982906746812685944e-02	9.934907456269867487e-02
1.988323557812321269e+03	1.770916196008049670e-01	1.095351693364349094e-01	2.976617757530517494e-01	1.886652963355591184e-01	8.775939521858448777e-02	3.986625807384038683e-02	9.942048568116028384e-02
1.993161328025976900e+03	1.768256001290711421e-01	1.093567376693103804e-01	2.978303521868432835e-01	1.887792972712353246e-01	8.781329452714943529e-02	3.990328020517589641e-02	9.949143801065044035e-02
1.997999098239632076e+03	1.765611833775253270e-01	1.091793411382609852e-01	2.979979283536128842e-01	1.888925833865248705e-01	8.786689472558396885e-02	3.994013391096059434e-02	9.956193510696725868e-02
2.002836868453287707e+03	1.762983596746301451e-01	1.090029736840676111e-01	2.981645105907163584e-01	1.890051593731152668e-01	8.792019693605791775e-02	3.997681925814951243e-02	9.963198048269911178e-02
2.007674638666942428e+03	1.760371194085459112e-01	1.088276292829738617e-01	2.983301051882662480e-01	1.891170298915907655e-01	8.797320228861345293e-02	4.001333633134070145e-02	9.970157760810502423e-02
2.012512408880597604e+03	1.757774530267280644e-01	1.086533019464888117e-01	2.984947183896276002e-01	1.892281995714769072e-01	8.802591192084188720e-02	4.004968523230154759e-02	9.977072991197113994e-02
2.017350179094252780e+03	1.755193510355284314e-01	1.084799857211903445e-01	2.986583563919054107e-01	1.893386730112959770e-01	8.807832697756629026e-02	4.008586607950597597e-02	9.983944078244352816e-02
2.022187949307908411e+03	1.752628039997997655e-01	1.083076746885291153e-01	2.988210253464240185e-01	1.894484547786323136e-01	8.813044861052996004e-02	4.012187900768227761e-02	9.990771356783854917e-02
2.027025719521564042e+03	1.750078025425037265e-01	1.081363629646332342e-01	2.989827313591987279e-01	1.895575494102072489e-01	8.818227797809065349e-02	4.015772416737132394e-02	9.997555157743111265e-02
2.031863489735218764e+03	1.747543373443222470e-01	1.079660447001137280e-01	2.991434804913998269e-01	1.896659614119628745e-01	8.823381624492061814e-02	4.019340172449491211e-02	1.000429580822217723e-01
2.036701259948874394e+03	1.745023991432723687e-01	1.077967140798705703e-01	2.993032787598091660e-01	1.897736952591542736e-01	8.828506458171224425e-02	4.022891185993398427e-02	1.001099363156832539e-01
2.041539030162529116e+03	1.742519787343241311e-01	1.076283653228995718e-01	2.994621321372695211e-01	1.898807553964496353e-01	8.833602416488955944e-02	4.026425476911654755e-02	1.001764894744869433e-01
2.046376800376184747e+03	1.740030669690218745e-01	1.074609926820998262e-01	2.996200465531264068e-01	1.899871462380377518e-01	8.838669617632503861e-02	4.029943066161497528e-02	1.002426207192100710e-01
2.051214570589840150e+03	1.737556547551086517e-01	1.072945904440821274e-01	2.997770278936635058e-01	1.900928721677425104e-01	8.843708180306231181e-02	4.033443976075259951e-02	1.003083331750242030e-01
2.056052340803495554e+03	1.735097330561538864e-01	1.071291529289779415e-01	2.999330820025313260e-01	1.901979375391439353e-01	8.848718223704415964e-02	4.036928230321921302e-02	1.003736299323655240e-01
2.060890111017150957e+03	1.732652928911840029e-01	1.069646744902493091e-01	3.000882146811684192e-01	1.903023466757052806e-01	8.853699867484600416e-02	4.040395853869544612e-02	1.004385140475875238e-01
2.065727881230805451e+03	1.730223253343162459e-01	1.068011495144993994e-01	3.002424316892171596e-01	1.904061038709058407e-01	8.858653231741495104e-02	4.043846872948569926e-02	1.005029885435966552e-01
2.070565651444461309e+03	1.727808215143955273e-01	1.066385724212839115e-01	3.003957387449324168e-01	1.905092133883791450e-01	8.863578436981393860e-02	4.047281315015943681e-02	1.005670564104714504e-01
2.075403421658116713e+03	1.725407726146341303e-01	1.064769376629233349e-01	3.005481415255845667e-01	1.906116794620560384e-01	8.868475604097138254e-02	4.050699208720072442e-02	1.006307206060655934e-01
2.080241191871772116e+03	1.723021698722546347e-01	1.063162397243158364e-01	3.006996456678557861e-01	1.907135062963124239e-01	8.873344854343595545e-02	4.054100583866575291e-02	1.006939840565953675e-01
2.085078962085427065e+03	1.720650045781353943e-01	1.061564731227511021e-01	3.008502567682311835e-01	1.908146980661212799e-01	8.878186309313645941e-02	4.057485471384816855e-02	1.007568496572121830e-01
2.089916732299082469e+03	1.718292680764591518e-01	1.059976324077250009e-01	3.009999803833834364e-01	1.909152589172087577e-01	8.883000090914704161e-02	4.060853903295208456e-02	1.008193202725603671e-01
2.094754502512737417e+03	1.715949517643644562e-01	1.058397121607550229e-01	3.011488220305521546e-01	1.910151929662137760e-01	8.887786321345715612e-02	4.064205912677251037e-02	1.008813987373208265e-01
2.099592272726392821e+03	1.713620470915997729e-01	1.056827069951964820e-01	3.012967871879176918e-01	1.911145043008511957e-01	8.892545123074670210e-02	4.067541533638312223e-02	1.009430878567408735e-01
2.104430042940048224e+03	1.711305455601806191e-01	1.055266115560597046e-01	3.014438812949694069e-01	1.912131969800781039e-01	8.897276618816603311e-02	4.070860801283113228e-02	1.010043904071508819e-01
2.109267813153704083e+03	1.709004387240490308e-01	1.053714205198279796e-01	3.015901097528684294e-01	1.913112750342627622e-01	8.901980931512075423e-02	4.074163751683913814e-02	1.010653091364677875e-01
2.114105583367359031e+03	1.706717181887360824e-01	1.052171285942762879e-01	3.017354779248057062e-01	1.914087424653564684e-01	8.906658184306137649e-02	4.077450421851380735e-02	1.011258467646861253e-01
2.118943353581013525e+03	1.704443756110270158e-01	1.050637305182910430e-01	3.018799911363543309e-01	1.915056032470677239e-01	8.911308500527763410e-02	4.080720849706114678e-02	1.011860059843569803e-01
2.123781123794669384e+03	1.702184026986288123e-01	1.049112210616905266e-01	3.020236546758174323e-01	1.916018613250383973e-01	8.915932003669745087e-02	4.083975074050835014e-02	1.012457894610548775e-01
2.128618894008324787e+03	1.699937912098405668e-01	1.047595950250462815e-01	3.021664737945709556e-01	1.916975206170222212e-01	8.920528817369054175e-02	4.087213134543193210e-02	1.013051998338334592e-01
2.133456664221980191e+03	1.697705329532263885e-01	1.046088472395052676e-01	3.023084537074014477e-01	1.917925850130645649e-01	8.925099065387645525e-02	4.090435071669214218e-02	1.013642397156697544e-01
2.138294434435635139e+03	1.695486197872907996e-01	1.044589725666130176e-01	3.024495995928395131e-01	1.918870583756843440e-01	8.929642871593714004e-02	4.093640926717339451e-02	1.014229116938978603e-01
2.143132204649290543e+03	1.693280436201567429e-01	1.043099658981375549e-01	3.025899165934884394e-01	1.919809445400568471e-01	8.934160359943379981e-02	4.096830741753067218e-02	1.014812183306319920e-01
2.147969974862945492e+03	1.691087964092458651e-01	1.041618221558942015e-01	3.027294098163486047e-01	1.920742473141980877e-01	8.938651654462818896e-02	4.100004559594169762e-02	1.015391621631793473e-01
2.152807745076601350e+03	1.688908701609616869e-01	1.040145362915712440e-01	3.028680843331370554e-01	1.921669704791501010e-01	8.943116879230797456e-02	4.103162423786478608e-02	1.015967457044431310e-01
2.157645515290255844e+03	1.686742569303746053e-01	1.038681032865565318e-01	3.030059451806030868e-01	1.922591177891671554e-01	8.947556158361648360e-02	4.106304378580226400e-02	1.016539714433158659e-01
2.162483285503912157e+03	1.684589488209098374e-01	1.037225181517648920e-01	3.031429973608393280e-01	1.923506929719028258e-01	8.951969615988634998e-02	4.109430468906927203e-02	1.017108418450635293e-01
2.167321055717567106e+03	1.682449379840373904e-01	1.035777759274663368e-01	3.032792458415889958e-01	1.924416997285974817e-01	8.956357376247743585e-02	4.112540740356789015e-02	1.017673593517004482e-01
2.172158825931222509e+03	1.680322166189646138e-01	1.034338716831153943e-01	3.034146955565490966e-01	1.925321417342665264e-01	8.960719563261851373e-02	4.115635239156642533e-02	1.018235263823554226e-01
2.176996596144877003e+03	1.678207769723308318e-01	1.032908005171810362e-01	3.035493514056690767e-01	1.926220226378889400e-01	8.965056301125301497e-02	4.118714012148377152e-02	1.018793453336294119e-01
2.181834366358532861e+03	1.676106113379044471e-01	1.031485575569776325e-01	3.036832182554461412e-01	1.927113460625958785e-01	8.969367713888855287e-02	4.121777106767873788e-02	1.019348185799447415e-01
2.186672136572187810e+03	1.674017120562824312e-01	1.030071379584967944e-01	3.038163009392165215e-01	1.928001156058597176e-01	8.973653925545022059e-02	4.124824571024416492e-02	1.019899484738863438e-01
2.191509906785843214e+03	1.671940715145917022e-01	1.028665369062399804e-01	3.039486042574430225e-01	1.928883348396829844e-01	8.977915060013767767e-02	4.127856453480582832e-02	1.020447373465350749e-01
2.196347676999498617e+03	1.669876821461929728e-01	1.027267496130521152e-01	3.040801329779988516e-01	1.929760073107871510e-01	8.982151241128581709e-02	4.130872803232594342e-02	1.020991875077934818e-01
2.201185447213154021e+03	1.667825364303867630e-01	1.025877713199559449e-01	3.042108918364477832e-01	1.930631365408015665e-01	8.986362592622905432e-02	4.133873669891119373e-02	1.021533012467040202e-01
2.206023217426809424e+03	1.665786268921216617e-01	1.024495972959873907e-01	3.043408855363209931e-01	1.931497260264517790e-01	8.990549238116907205e-02	4.136859103562521428e-02	1.022070808317602358e-01
2.210860987640464373e+03	1.663759461017045027e-01	1.023122228380316662e-01	3.044701187493900063e-01	1.932357792397478291e-01	8.994711301104622858e-02	4.139829154830533542e-02	1.022605285112107576e-01
2.215698757854119776e+03	1.661744866745129556e-01	1.021756432706604073e-01	3.045985961159365929e-01	1.933212996281720442e-01	8.998848904941411653e-02	4.142783874738364264e-02	1.023136465133566153e-01
2.220536528067775180e+03	1.659742412707099490e-01	1.020398539459694970e-01	3.047263222450191100e-01	1.934062906148662775e-01	9.002962172831759091e-02	4.145723314771209561e-02	1.023664370468418544e-01
2.225374298281430583e+03	1.657752025949603969e-01	1.019048502434179021e-01	3.048533017147356805e-01	1.934907555988188144e-01	9.007051227817407246e-02	4.148647526839176897e-02	1.024189023009377114e-01
2.230212068495085077e+03	1.655773633961500069e-01	1.017706275696673296e-01	3.049795390724839295e-01	1.935746979550504454e-01	9.011116192765805666e-02	4.151556563260597188e-02	1.024710444458205860e-01
2.235049838708740936e+03	1.653807164671057817e-01	1.016371813584227429e-01	3.051050388352178344e-01	1.936581210348000959e-01	9.015157190358875916e-02	4.154450476745730203e-02	1.025228656328438237e-01
2.239887608922396339e+03	1.651852546443189906e-01	1.015045070702736973e-01	3.052298054897012447e-01	1.937410281657094557e-01	9.019174343082088374e-02	4.157329320380843962e-02	1.025743679948036419e-01
2.244725379136052197e+03	1.649909708076698900e-01	1.013726001925366882e-01	3.053538434927583478e-01	1.938234226520071379e-01	9.023167773213842946e-02	4.160193147612669534e-02	1.026255536461992274e-01
2.249563149349706237e+03	1.647978578801545246e-01	1.012414562390981654e-01	3.054771572715210826e-01	1.939053077746918374e-01	9.027137602815146766e-02	4.163042012233211797e-02	1.026764246834872829e-01
2.254400919563362095e+03	1.646059088276133342e-01	1.011110707502585609e-01	3.055997512236739433e-01	1.939866867917145743e-01	9.031083953719586110e-02	4.165875968364916859e-02	1.027269831853310778e-01
2.259238689777017044e+03	1.644151166584618962e-01	1.009814392925771354e-01	3.057216297176953979e-01	1.940675629381602429e-01	9.035006947523580023e-02	4.168695070446189893e-02	1.027772312128441279e-01
2.264076459990672902e+03	1.642254744234234731e-01	1.008525574587176288e-01	3.058427970930968631e-01	1.941479394264279401e-01	9.038906705576922607e-02	4.171499373217243956e-02	1.028271708098288939e-01
2.268914230204327851e+03	1.640369752152635308e-01	1.007244208672947866e-01	3.059632576606586274e-01	1.942278194464105157e-01	9.042783348973598700e-02	4.174288931706287425e-02	1.028768040030101916e-01
2.273752000417983254e+03	1.638496121685260598e-01	1.005970251627218148e-01	3.060830157026628862e-01	1.943072061656729577e-01	9.046636998542864627e-02	4.177063801216030631e-02	1.029261328022638838e-01
2.278589770631638203e+03	1.636633784592718133e-01	1.004703660150585431e-01	3.062020754731245575e-01	1.943861027296297506e-01	9.050467774840602331e-02	4.179824037310513052e-02	1.029751592008407435e-01
2.283427540845293606e+03	1.634782673048184587e-01	1.003444391198605318e-01	3.063204411980191000e-01	1.944645122617211785e-01	9.054275798140926090e-02	4.182569695802237225e-02	1.030238851755856389e-01
2.288265311058949010e+03	1.632942719634824236e-01	1.002192401980290526e-01	3.064381170755076655e-01	1.945424378635885188e-01	9.058061188428048749e-02	4.185300832739610039e-02	1.030723126871522788e-01
