1.335224578968857941e+03	2.331428438995928054e-01	1.461054074834142458e-01	2.620517554416431083e-01	1.647705870534441897e-01	7.754638442083314209e-02	3.393935455431380116e-02	8.244366714618860115e-02
1.340062349182513572e+03	2.324747061046130436e-01	1.457678978690096494e-01	2.624570816701597420e-01	1.649831589071377169e-01	7.763149624034751395e-02	3.397518782040557378e-02	8.271047138775669549e-02
1.344900119396168748e+03	2.318132275590949753e-01	1.454300275523475738e-01	2.628590900852729173e-01	1.651990526431443562e-01	7.771660079145711886e-02	3.401180367505721169e-02	8.297019769305588599e-02
1.349737889609823924e+03	2.311582746346235451e-01	1.450918864721502943e-01	2.632578265335945855e-01	1.654178806816359315e-01	7.780172933582588102e-02	3.404916209098685087e-02	8.322324025061293706e-02
1.354575659823479100e+03	2.305097176742407217e-01	1.447535607153698500e-01	2.636533360704272910e-01	1.656392853704118928e-01	7.788690815731433292e-02	3.408722503466508902e-02	8.346996697700091727e-02
1.359413430037134731e+03	2.298674308697553903e-01	1.444151326698094595e-01	2.640456629564108537e-01	1.658629367762581852e-01	7.797215902980103586e-02	3.412595634747830203e-02	8.371072134991691671e-02
1.364251200250789907e+03	2.292312921422303973e-01	1.440766811704499717e-01	2.644348506563223844e-01	1.660885306374307868e-01	7.805749964726492462e-02	3.416532163477309370e-02	8.394582411095857788e-02
1.369088970464445310e+03	2.286011830256211574e-01	1.437382816397636265e-01	2.648209418398081993e-01	1.663157864655623319e-01	7.814294401899675446e-02	3.420528816223355334e-02	8.417557484744452034e-02
1.373926740678100487e+03	2.279769885535351259e-01	1.434000062222835215e-01	2.652039783838446851e-01	1.665444457861387784e-01	7.822850283259512316e-02	3.424582475908170831e-02	8.440025346195122180e-02
1.378764510891755890e+03	2.273585971490760804e-01	1.430619239136837750e-01	2.655840013767431507e-01	1.667742705074791998e-01	7.831418378720642059e-02	3.428690172762816762e-02	8.462012153761343247e-02
1.383602281105411066e+03	2.267459005177330233e-01	1.427241006846124149e-01	2.659610511235279695e-01	1.670050414088820045e-01	7.839999189928513468e-02	3.432849075873312117e-02	8.483542360665657922e-02
1.388440051319066470e+03	2.261387935432703500e-01	1.423865995995079736e-01	2.663351671525321374e-01	1.672365567392773977e-01	7.848592978298200851e-02	3.437056485276916012e-02	8.504638832909122703e-02
1.393277821532721646e+03	2.255371741865715152e-01	1.420494809306182826e-01	2.667063882230681915e-01	1.674686309183536226e-01	7.857199790711102971e-02	3.441309824570652071e-02	8.525322958800114759e-02
1.398115591746377049e+03	2.249409433873871822e-01	1.417128022674299936e-01	2.670747523340434859e-01	1.677010933327074127e-01	7.865819483050073835e-02	3.445606633996785989e-02	8.545614750739362331e-02
1.402953361960032225e+03	2.243500049689352571e-01	1.413766186217081944e-01	2.674402967334009729e-01	1.679337872201088766e-01	7.874451741740116917e-02	3.449944563972492939e-02	8.565532939815094504e-02
1.407791132173687402e+03	2.237642655452990736e-01	1.410409825283335805e-01	2.678030579282769108e-01	1.681665686354718026e-01	7.883096103449271919e-02	3.454321369033248185e-02	8.585095063722379682e-02
1.412628902387342805e+03	2.231836344315680232e-01	1.407059441421182888e-01	2.681630716957761340e-01	1.683993054925863042e-01	7.891751973092794858e-02	3.458734902161633012e-02	8.604317548483739198e-02
1.417466672600997981e+03	2.226080235566638699e-01	1.403715513307710605e-01	2.685203730942745115e-01	1.686318766761003007e-01	7.900418640273013104e-02	3.463183109475245075e-02	8.623215784413806873e-02
1.422304442814653157e+03	2.220373473787947138e-01	1.400378497641755760e-01	2.688749964751667165e-01	1.688641712186376986e-01	7.909095294277337929e-02	3.467664025249239668e-02	8.641804196738993304e-02
1.427142213028308333e+03	2.214715228034781214e-01	1.397048830001371700e-01	2.692269754949839777e-01	1.690960875383109019e-01	7.917781037747700923e-02	3.472175767250784695e-02	8.660096311253542845e-02
1.431979983241963964e+03	2.209104691040744417e-01	1.393726925667467254e-01	2.695763431278145328e-01	1.693275327322298907e-01	7.926474899126212392e-02	3.476716532364263618e-02	8.678104815366020908e-02
1.436817753455619140e+03	2.203541078447703860e-01	1.390413180415032146e-01	2.699231316779648893e-01	1.695584219219296307e-01	7.935175843973897580e-02	3.481284592487587926e-02	8.695841614864761870e-02
1.441655523669274316e+03	2.198023628059543322e-01	1.387107971273299489e-01	2.702673727928066594e-01	1.697886776469324510e-01	7.943882785252116829e-02	3.485878290681330982e-02	8.713317886707276638e-02
1.446493293882929493e+03	2.192551599119226535e-01	1.383811657256134586e-01	2.706090974757578982e-01	1.700182293029377234e-01	7.952594592649490923e-02	3.490496037553689895e-02	8.730544128116711489e-02
1.451331064096585123e+03	2.187124271608589798e-01	1.380524580063881290e-01	2.709483360993542589e-01	1.702470126213853630e-01	7.961310101030862063e-02	3.495136307865458203e-02	8.747530202248075815e-02
1.456168834310240300e+03	2.181740945570267154e-01	1.377247064757840256e-01	2.712851184183685538e-01	1.704749691873756468e-01	7.970028118079067192e-02	3.499797637340319734e-02	8.764285380668188075e-02
1.461006604523895703e+03	2.176400940451167221e-01	1.373979420408502905e-01	2.716194735829423612e-01	1.707020459931475609e-01	7.978747431194888051e-02	3.504478619666761413e-02	8.780818382875726913e-02
1.465844374737550879e+03	2.171103594466922415e-01	1.370721940718610254e-01	2.719514301516964272e-01	1.709281950245205850e-01	7.987466813715578262e-02	3.509177903678897120e-02	8.797137413071569323e-02
1.470682144951206283e+03	2.165848263986735744e-01	1.367474904622064946e-01	2.722810161047906630e-01	1.711533728778935060e-01	7.996185030507765856e-02	3.513894190704352355e-02	8.813250194374530611e-02
1.475519915164861459e+03	2.160634322938065899e-01	1.364238576859673202e-01	2.726082588569073706e-01	1.713775404055686846e-01	8.004900842986263643e-02	3.518626232068191445e-02	8.829164000663626555e-02
1.480357685378516862e+03	2.155461162230585259e-01	1.361013208532654839e-01	2.729331852701343819e-01	1.716006623873323478e-01	8.013613013606353530e-02	3.523372826742629527e-02	8.844885686215019083e-02
1.485195455592172038e+03	2.150328189198871254e-01	1.357799037634815353e-01	2.732558216667276829e-01	1.718227072263720512e-01	8.022320309873484656e-02	3.528132819132988318e-02	8.860421713289763634e-02
1.490033225805827215e+03	2.145234827063285388e-01	1.354596289564238276e-01	2.735761938417349826e-01	1.720436466677513765e-01	8.031021507910919566e-02	3.532905096990998639e-02	8.875778177817289505e-02
1.494870996019482618e+03	2.140180514408514811e-01	1.351405177615315756e-01	2.738943270754644610e-01	1.722634555377920706e-01	8.039715395622729077e-02	3.537688589447191001e-02	8.890960833309199951e-02
1.499708766233137567e+03	2.135164704679252956e-01	1.348225903451902297e-01	2.742102461457853746e-01	1.724821115028334351e-01	8.048400775486663772e-02	3.542482265154656140e-02	8.905975113128329623e-02
1.504546536446793198e+03	2.130186865692514087e-01	1.345058657562342719e-01	2.745239753402472505e-01	1.726995948459498498e-01	8.057076467008718323e-02	3.547285130537003450e-02	8.920826151229080403e-02
1.509384306660448374e+03	2.125246479166079949e-01	1.341903619697092931e-01	2.748355384680088442e-01	1.729158882603111791e-01	8.065741308868741577e-02	3.552096228133837935e-02	8.935518801476770301e-02
1.514222076874103550e+03	2.120343040262590850e-01	1.338760959289621300e-01	2.751449588715667582e-01	1.731309766579658405e-01	8.074394160784138796e-02	3.556914635037525946e-02	8.950057655646032062e-02
1.519059847087758726e+03	2.115476057148805156e-01	1.335630835861249532e-01	2.754522594382775580e-01	1.733448469929156910e-01	8.083033905116614182e-02	3.561739461415448088e-02	8.964447060191148287e-02
1.523897617301414357e+03	2.110645050569560643e-01	1.332513399410564792e-01	2.757574626116663374e-01	1.735574880974337375e-01	8.091659448244896413e-02	3.566569849112331825e-02	8.978691131874598497e-02
1.528735387515069533e+03	2.105849553435980570e-01	1.329408790788010053e-01	2.760605904025174029e-01	1.737688905306525311e-01	8.100269721724612237e-02	3.571404970327628214e-02	8.992793772333942948e-02
1.533573157728724709e+03	2.101089110427485085e-01	1.326317142056229192e-01	2.763616643997432454e-01	1.739790464385216617e-01	8.108863683254771693e-02	3.576244026363229606e-02	9.006758681661451715e-02
1.538410927942380113e+03	2.096363277607167230e-01	1.323238576836723301e-01	2.766607057810285264e-01	1.741879494242981607e-01	8.117440317468788136e-02	3.581086246437154008e-02	9.020589371065576567e-02
1.543248698156035516e+03	2.091671622050118307e-01	1.320173210643353634e-01	2.769577353232473005e-01	1.743955944287954862e-01	8.125998636566506006e-02	3.585930886559104275e-02	9.034289174678486467e-02
1.548086468369690692e+03	2.087013721484288209e-01	1.317121151203199669e-01	2.772527734126523091e-01	1.746019776196722217e-01	8.134537680802407522e-02	3.590777228464099580e-02	9.047861260569259323e-02
1.552924238583346096e+03	2.082389163943480226e-01	1.314082498765263007e-01	2.775458400548354021e-01	1.748070962890944657e-01	8.143056518843913572e-02	3.595624578600617460e-02	9.061308641018150922e-02
1.557762008797001272e+03	2.077797547432091441e-01	1.311057346397485057e-01	2.778369548844596970e-01	1.750109487591547941e-01	8.151554248012589377e-02	3.600472267169931018e-02	9.074634182103376301e-02
1.562599779010656675e+03	2.073238479601217654e-01	1.308045780272533154e-01	2.781261371747635880e-01	1.752135342944749763e-01	8.160029994419996935e-02	3.605319647213544448e-02	9.087840612648212524e-02
1.567437549224311852e+03	2.068711577435759508e-01	1.305047879942784206e-01	2.784134058468379913e-01	1.754148530214622026e-01	8.168482913008982826e-02	3.610166093745840327e-02	9.100930532572834575e-02
1.572275319437967255e+03	2.064216466952164264e-01	1.302063718604923870e-01	2.786987794786783823e-01	1.756149058537270491e-01	8.176912187510300412e-02	3.615011002929235245e-02	9.113906420692155508e-02
1.577113089651622431e+03	2.059752782906460744e-01	1.299093363354555664e-01	2.789822763140133999e-01	1.758136944232066567e-01	8.185317030323627230e-02	3.619853791289322220e-02	9.126770641997999922e-02
1.581950859865277607e+03	2.055320168512247414e-01	1.296136875431205537e-01	2.792639142709125166e-01	1.760112210165715452e-01	8.193696682331287617e-02	3.624693894967645491e-02	9.139525454461254472e-02
1.586788630078933011e+03	2.050918275168305827e-01	1.293194310454089668e-01	2.795437109501753836e-01	1.762074885165233473e-01	8.202050412652292510e-02	3.629530769009910174e-02	9.152173015387096711e-02
1.591626400292587959e+03	2.046546762195519120e-01	1.290265718648994364e-01	2.798216836435057364e-01	1.764025003476212550e-01	8.210377518343654757e-02	3.634363886687558970e-02	9.164715387354083198e-02
1.596464170506243590e+03	2.042205296582791096e-01	1.287351145066607805e-01	2.800978493414728043e-01	1.765962604263003055e-01	8.218677324055338740e-02	3.639192738850809822e-02	9.177154543765693451e-02
1.601301940719898766e+03	2.037893552741658898e-01	1.284450629792632248e-01	2.803722247412635538e-01	1.767887731147697872e-01	8.226949181644656328e-02	3.644016833311336523e-02	9.189492374040905687e-02
1.606139710933553943e+03	2.033611212269317015e-01	1.281564208149983675e-01	2.806448262542295402e-01	1.769800431785029105e-01	8.235192469755425737e-02	3.648835694252920009e-02	9.201730688468541530e-02
1.610977481147209119e+03	2.029357963719763402e-01	1.278691910893381967e-01	2.809156700132318107e-01	1.771700757470497933e-01	8.243406593366707502e-02	3.653648861668496589e-02	9.213871222748322432e-02
1.615815251360864750e+03	2.025133502382799600e-01	1.275833764396617498e-01	2.811847718797871321e-01	1.773588762779257921e-01	8.251590983315541805e-02	3.658455890822120971e-02	9.225915642240016534e-02
1.620653021574519926e+03	2.020937530070615884e-01	1.272989790832773915e-01	2.814521474510205401e-01	1.775464505233450285e-01	8.259745095797685344e-02	3.663256351734470173e-02	9.237865545940533718e-02
1.625490791788175102e+03	2.016769754911710288e-01	1.270160008347669955e-01	2.817178120664268204e-01	1.777328044995863388e-01	8.267868411850003152e-02	3.668049828690594927e-02	9.249722470207430436e-02
1.630328562001830505e+03	2.012629891151887229e-01	1.267344431226778978e-01	2.819817808144458593e-01	1.779179444587940251e-01	8.275960436817797472e-02	3.672835919768703550e-02	9.261487892245999498e-02
1.635166332215485909e+03	2.008517658962100660e-01	1.264543070055869078e-01	2.822440685388552528e-01	1.781018768630306670e-01	8.284020699810096255e-02	3.677614236388845881e-02	9.273163233375922299e-02
1.640004102429141085e+03	2.004432784252902777e-01	1.261755931875601089e-01	2.825046898449850019e-01	1.782846083604125442e-01	8.292048753145607465e-02	3.682384402880434227e-02	9.284749862092328554e-02
1.644841872642796488e+03	2.000374998495280943e-01	1.258983020330312619e-01	2.827636591057570148e-01	1.784661457631706305e-01	8.300044171791771952e-02	3.687146056067594491e-02	9.296249096935095546e-02
1.649679642856451665e+03	1.996344038547656075e-01	1.256224335811203519e-01	2.830209904675555777e-01	1.786464960274919134e-01	8.308006552799150624e-02	3.691898844871426694e-02	9.307662209179244639e-02
1.654517413070107068e+03	1.992339646488836546e-01	1.253479875594137871e-01	2.832766978559301818e-01	1.788256662350063697e-01	8.315935514733117928e-02	3.696642429928276991e-02	9.318990425358375518e-02
1.659355183283762244e+03	1.988361569456723876e-01	1.250749633972255970e-01	2.835307949811374795e-01	1.790036635757946692e-01	8.323830697104653287e-02	3.701376483223210723e-02	9.330234929632302832e-02
1.664192953497417420e+03	1.984409559492566200e-01	1.248033602383600144e-01	2.837832953435242000e-01	1.791804953328013372e-01	8.331691759801837516e-02	3.706100687737902410e-02	9.341396866009225863e-02
1.669030723711072824e+03	1.980483373390579116e-01	1.245331769533932903e-01	2.840342122387565227e-01	1.793561688675463783e-01	8.339518382523475326e-02	3.710814737112215489e-02	9.352477340432092945e-02
1.673868493924728000e+03	1.976582772552737399e-01	1.242644121514931005e-01	2.842835587628987359e-01	1.795306916070360526e-01	8.347310264216116493e-02	3.715518335318795246e-02	9.363477422738122891e-02
1.678706264138383403e+03	1.972707522848567152e-01	1.239970641917927385e-01	2.845313478173464583e-01	1.797040710317813483e-01	8.355067122515630329e-02	3.720211196350013683e-02	9.374398148499842043e-02
1.683544034352038352e+03	1.968857394479762712e-01	1.237311311943366104e-01	2.847775921136161403e-01	1.798763146648392486e-01	8.362788693194288248e-02	3.724893043916682051e-02	9.385240520755422367e-02
1.688381804565693983e+03	1.965032161849459003e-01	1.234666110506131981e-01	2.850223041779973432e-01	1.800474300617978807e-01	8.370474729614285625e-02	3.729563611157938469e-02	9.396005511635562024e-02
1.693219574779349159e+03	1.961231603436003057e-01	1.232035014336905487e-01	2.852654963560694035e-01	1.802174248016332747e-01	8.378125002188437087e-02	3.734222640361792300e-02	9.406694063893647484e-02
1.698057344993004335e+03	1.957455501671063192e-01	1.229417998079694180e-01	2.855071808170866476e-01	1.803863064783695069e-01	8.385739297848737728e-02	3.738869882695809721e-02	9.417307092345499064e-02
1.702895115206659511e+03	1.953703642821928710e-01	1.226815034385680542e-01	2.857473695582368745e-01	1.805540826934810827e-01	8.393317419523353695e-02	3.743505097947466553e-02	9.427845485224536914e-02
1.707732885420315142e+03	1.949975816877852486e-01	1.224226094003523779e-01	2.859860744087751594e-01	1.807207610489785787e-01	8.400859185622557013e-02	3.748128054273716647e-02	9.438310105457844990e-02
1.712570655633970318e+03	1.946271817440297092e-01	1.221651145866247540e-01	2.862233070340372554e-01	1.808863491411253910e-01	8.408364429534007090e-02	3.752738527959355308e-02	9.448701791868183153e-02
1.717408425847625494e+03	1.942591441616945414e-01	1.219090157174840955e-01	2.864590789393364201e-01	1.810508545547349912e-01	8.415832999127753622e-02	3.757336303183774623e-02	9.459021360306726911e-02
1.722246196061280898e+03	1.938934489919348914e-01	1.216543093478692911e-01	2.866934014737456127e-01	1.812142848580040322e-01	8.423264756271230114e-02	3.761921171795737373e-02	9.469269604720918776e-02
1.727083966274936301e+03	1.935300766164081421e-01	1.214009918752978756e-01	2.869262858337697786e-01	1.813766475978382808e-01	8.430659576354485041e-02	3.766492933095808016e-02	9.479447298161572388e-02
1.731921736488591478e+03	1.931690077377281878e-01	1.211490595473112275e-01	2.871577430669107756e-01	1.815379502956326885e-01	8.438017347825836623e-02	3.771051393626104892e-02	9.489555193733054117e-02
1.736759506702246881e+03	1.928102233702459756e-01	1.208985084686371170e-01	2.873877840751279389e-01	1.816982004434693765e-01	8.445337971738063609e-02	3.775596366967057943e-02	9.499594025490130933e-02
1.741597276915902057e+03	1.924537048311456555e-01	1.206493346080800694e-01	2.876164196181977828e-01	1.818574055006997869e-01	8.452621361305268088e-02	3.780127673540865929e-02	9.509564509284836042e-02
1.746435047129557461e+03	1.920994337318448486e-01	1.204015338051496742e-01	2.878436603169753916e-01	1.820155728908807446e-01	8.459867441470425575e-02	3.784645140421373510e-02	9.519467343566447026e-02
1.751272817343212637e+03	1.917473919696883466e-01	1.201551017764364571e-01	2.880695166565605536e-01	1.821727099990350096e-01	8.467076148483675124e-02	3.789148601150089946e-02	9.529303210137507474e-02
1.756110587556867813e+03	1.913975617199253354e-01	1.199100341217448074e-01	2.882939989893719135e-01	1.823288241692107570e-01	8.474247429491327255e-02	3.793637895558103768e-02	9.539072774868605220e-02
1.760948357770523216e+03	1.910499254279596770e-01	1.196663263299917040e-01	2.885171175381306963e-01	1.824839227023148380e-01	8.481381242135559162e-02	3.798112869593641555e-02	9.548776688374432942e-02
1.765786127984178393e+03	1.907044658018640093e-01	1.194239737848802052e-01	2.887388823987582231e-01	1.826380128541978953e-01	8.488477554164744476e-02	3.802573375155046675e-02	9.558415586653500051e-02
1.770623898197833569e+03	1.903611658051483357e-01	1.191829717703558056e-01	2.889593035431889945e-01	1.827911018339700155e-01	8.495536343054334305e-02	3.807019269928956645e-02	9.567990091693726051e-02
1.775461668411488745e+03	1.900200086497740304e-01	1.189433154758536559e-01	2.891783908221015054e-01	1.829431968025280186e-01	8.502557595638178534e-02	3.811450417233475108e-02	9.577500812045958156e-02
1.780299438625144376e+03	1.896809777894049032e-01	1.187050000013446655e-01	2.893961539675705130e-01	1.830943048712763699e-01	8.509541307750204120e-02	3.815866685866139280e-02	9.586948343367353298e-02
1.785137208838799552e+03	1.893440569128864714e-01	1.184680203621875927e-01	2.896126025956416439e-01	1.832444331010255612e-01	8.516487483876278297e-02	3.820267949956496212e-02	9.596333268936438343e-02
1.789974979052454728e+03	1.890092299379461382e-01	1.182323714937944248e-01	2.898277462088323375e-01	1.833935885010526678e-01	8.523396136816152602e-02	3.824654088823113002e-02	9.605656160141523570e-02
1.794812749266109904e+03	1.886764810051058394e-01	1.179980482561160671e-01	2.900415941985595714e-01	1.835417780283100098e-01	8.530267287355304540e-02	3.829024986834846100e-02	9.614917576944048694e-02
1.799650519479765535e+03	1.883457944717999155e-01	1.177650454379546713e-01	2.902541558474985295e-01	1.836890085867694256e-01	8.537100963946535337e-02	3.833380533276216362e-02	9.624118068318338048e-02
1.804488289693420711e+03	1.880171549066912973e-01	1.175333577611094027e-01	2.904654403318727707e-01	1.838352870268898098e-01	8.543897202401135038e-02	3.837720622216732325e-02	9.633258172669156849e-02
1.809326059907075887e+03	1.876905470841784274e-01	1.173029798843614330e-01	2.906754567236784492e-01	1.839806201451972267e-01	8.550656045589441479e-02	3.842045152384016699e-02	9.642338418228342534e-02
1.814163830120731291e+03	1.873659559790865903e-01	1.170739064073043484e-01	2.908842139928455861e-01	1.841250146839674973e-01	8.557377543150622434e-02	3.846354027040595897e-02	9.651359323431732418e-02
1.819001600334386467e+03	1.870433667615372109e-01	1.168461318740255384e-01	2.910917210093368901e-01	1.842684773310018231e-01	8.564061751211468621e-02	3.850647153864224931e-02	9.660321397277521482e-02
1.823839370548041643e+03	1.867227647919884326e-01	1.166196507766441293e-01	2.912979865451867934e-01	1.844110147194869820e-01	8.570708732114022677e-02	3.854924444831613062e-02	9.669225139667096680e-02
1.828677140761696819e+03	1.864041356164414798e-01	1.163944575587108343e-01	2.915030192764827000e-01	1.845526334279321834e-01	8.577318554151845686e-02	3.859185816105440564e-02	9.678071041729366386e-02
1.833514910975352450e+03	1.860874649618064758e-01	1.161705466184746322e-01	2.917068277852898905e-01	1.846933399801752307e-01	8.583891291314718619e-02	3.863431187924541710e-02	9.686859586129491217e-02
1.838352681189008081e+03	1.857727387314226097e-01	1.159479123120213812e-01	2.919094205615219706e-01	1.848331408454514935e-01	8.590427023041583010e-02	3.867660484497148499e-02	9.695591247362907172e-02
1.843190451402663257e+03	1.854599430007264627e-01	1.157265489562889771e-01	2.921108060047584720e-01	1.849720424385192241e-01	8.596925833981533538e-02	3.871873633897088274e-02	9.704266492035454328e-02
1.848028221616318433e+03	1.851490640130642185e-01	1.155064508319636751e-01	2.923109924260116066e-01	1.851100511198359444e-01	8.603387813762639058e-02	3.876070567962838775e-02	9.712885779130370212e-02
1.852865991829973609e+03	1.848400881756418201e-01	1.152876121862620867e-01	2.925099880494430593e-01	1.852471731957804901e-01	8.609813056768417239e-02	3.880251222199340017e-02	9.721449560262893086e-02
1.857703762043628785e+03	1.845330020556087969e-01	1.150700272356026954e-01	2.927078010140332642e-01	1.853834149189158287e-01	8.616201661921751853e-02	3.884415535682467918e-02	9.729958279923116293e-02
1.862541532257283961e+03	1.842277923762707936e-01	1.148536901681714711e-01	2.929044393752038844e-01	1.855187824882885694e-01	8.622553732476068156e-02	3.888563450966095458e-02	9.738412375707765356e-02
1.867379302470939592e+03	1.839244460134262238e-01	1.146385951463851638e-01	2.930999111063952167e-01	1.856532820497608927e-01	8.628869375813549847e-02	3.892694913991635169e-02	9.746812278541472363e-02
1.872217072684594768e+03	1.836229499918229646e-01	1.144247363092561476e-01	2.932942241006001871e-01	1.857869196963712055e-01	8.635148703250240809e-02	3.896809874000008861e-02	9.755158412888106922e-02
1.877054842898249490e+03	1.833232914817304882e-01	1.142121077746625496e-01	2.934873861718561017e-01	1.859197014687204719e-01	8.641391829847801243e-02	3.900908283445938401e-02	9.763451196952707689e-02
1.881892613111905121e+03	1.830254577956236806e-01	1.140007036415269515e-01	2.936794050566950975e-01	1.860516333553807466e-01	8.647598874231765542e-02	3.904990097914505520e-02	9.771691042874498800e-02
1.886730383325560297e+03	1.827294363849740477e-01	1.137905179919073834e-01	2.938702884155552364e-01	1.861827212933231390e-01	8.653769958416090979e-02	3.909055276039898746e-02	9.779878356911447801e-02
1.891568153539215928e+03	1.824352148371453097e-01	1.135815448930034693e-01	2.940600438341530731e-01	1.863129711683629008e-01	8.659905207633837587e-02	3.913103779426280876e-02	9.788013539616829961e-02
1.896405923752871104e+03	1.821427808723884434e-01	1.133737783990812487e-01	2.942486788248189766e-01	1.864423888156188647e-01	8.666004750173780802e-02	3.917135572570711738e-02	9.796096986008182017e-02
1.901243693966526507e+03	1.818521223409339804e-01	1.131672125533193657e-01	2.944362008277964793e-01	1.865709800199854551e-01	8.672068717222797263e-02	3.921150622788061035e-02	9.804129085729053339e-02
1.906081464180181683e+03	1.815632272201772313e-01	1.129618413895797369e-01	2.946226172125064324e-01	1.866987505166150252e-01	8.678097242713836423e-02	3.925148900137850894e-02	9.812110223203916737e-02
1.910919234393836859e+03	1.812760836119537422e-01	1.127576589341054980e-01	2.948079352787776330e-01	1.868257059914087415e-01	8.684090463179336417e-02	3.929130377352975378e-02	9.820040777786583075e-02
1.915757004607492036e+03	1.809906797399014056e-01	1.125546592071487995e-01	2.949921622580442548e-01	1.869518520815146578e-01	8.690048517609876011e-02	3.933095029770232454e-02	9.827921123902438882e-02
1.920594774821147894e+03	1.807070039469064193e-01	1.123528362245311274e-01	2.951753053145120265e-01	1.870771943758312017e-01	8.695971547317950245e-02	3.937042835262616336e-02	9.835751631184819210e-02
1.925432545034802843e+03	1.804250446926301266e-01	1.121521839991388020e-01	2.953573715462930460e-01	1.872017384155147401e-01	8.701859695806669903e-02	3.940973774173318900e-02	9.843532664605809945e-02
1.930270315248458019e+03	1.801447905511137371e-01	1.119526965423557341e-01	2.955383679865111191e-01	1.873254896944902548e-01	8.707713108643259925e-02	3.944887829251398498e-02	9.851264584601736318e-02
1.935108085462113195e+03	1.798662302084584608e-01	1.117543678654361605e-01	2.957183016043780088e-01	1.874484536599636264e-01	8.713531933337191615e-02	3.948784985589045421e-02	9.858947747193623490e-02
1.939945855675768371e+03	1.795893524605782776e-01	1.115571919808192036e-01	2.958971793062418199e-01	1.875706357129350021e-01	8.719316319222800149e-02	3.952665230560425264e-02	9.866582504102831830e-02
1.944783625889424002e+03	1.793141462110226236e-01	1.113611629033877948e-01	2.960750079366081811e-01	1.876920412087119405e-01	8.725066417346263870e-02	3.956528553762033579e-02	9.874169202862138894e-02
1.949621396103079178e+03	1.790406004688669672e-01	1.111662746516737937e-01	2.962517942791348946e-01	1.878126754574216406e-01	8.730782380356774675e-02	3.960374946954529907e-02	9.881708186922458226e-02
1.954459166316734354e+03	1.787687043466684444e-01	1.109725212490112606e-01	2.964275450576016047e-01	1.879325437245217001e-01	8.736464362401787087e-02	3.964204404006000521e-02	9.889199795755404532e-02
1.959296936530389530e+03	1.784984470584847216e-01	1.107798967246401561e-01	2.966022669368539866e-01	1.880516512313085420e-01	8.742112519026212780e-02	3.968016920836624217e-02	9.896644364951918960e-02
1.964134706744044706e+03	1.782298179179532538e-01	1.105883951147619559e-01	2.967759665237248989e-01	1.881700031554228436e-01	8.747727007075416228e-02	3.971812495364681478e-02	9.904042226317100184e-02
1.968972476957700337e+03	1.779628063364298018e-01	1.103980104635491344e-01	2.969486503679314993e-01	1.882876046313520235e-01	8.753307984601897684e-02	3.975591127453891038e-02	9.911393707961457800e-02
1.973810247171355968e+03	1.776974018211830153e-01	1.102087368241102122e-01	2.971203249629504883e-01	1.884044607509283709e-01	8.758855610775549694e-02	3.979352818862019747e-02	9.918699134388725414e-02
1.978648017385010689e+03	1.774335939736439716e-01	1.100205682594121437e-01	2.972909967468708725e-01	1.885205765638232889e-01	8.764370045797344189e-02	3.983097573190741425e-02	9.925958826580395800e-02
1.983485787598666320e+03	1.771713724877085616e-01	1.098334988431613896e-01	2.974606721032262979e-01	1.886359570780369310e-01	8.769851450816357197e-02	3.986825395836705171e-02	9.933173102077128003e-02
1.988323557812321269e+03	1.769107271480904464e-01	1.096475226606455772e-01	2.976293573618065125e-01	1.887506072603827856e-01	8.775299987850017358e-02	3.990536293943782592e-02	9.940342275057173493e-02
1.993161328025976900e+03	1.766516478287235015e-01	1.094626338095368578e-01	2.977970587994489549e-01	1.888645320369672365e-01	8.780715819707449188e-02	3.994230276356464104e-02	9.947466656411937946e-02
1.997999098239632076e+03	1.763941244912115291e-01	1.092788264006586824e-01	2.979637826408110257e-01	1.889777362936636562e-01	8.786099109915836147e-02	3.997907353574368244e-02	9.954546553818817423e-02
2.002836868453287707e+03	1.761381471833237677e-01	1.090960945587172576e-01	2.981295350591238180e-01	1.890902248765807259e-01	8.791450022649682783e-02	4.001567537707841071e-02	9.961582271811429690e-02
2.007674638666942428e+03	1.758837060375347539e-01	1.089144324229989469e-01	2.982943221769279174e-01	1.892020025925253424e-01	8.796768722662871853e-02	4.005210842434606122e-02	9.968574111847343378e-02
2.012512408880597604e+03	1.756307912696066231e-01	1.087338341480350995e-01	2.984581500667908283e-01	1.893130742094593644e-01	8.802055375223437339e-02	4.008837282957454506e-02	9.975522372373431257e-02
2.017350179094252780e+03	1.753793931772130166e-01	1.085542939042352800e-01	2.986210247520085237e-01	1.894234444569503628e-01	8.807310146050950639e-02	4.012446875962927956e-02	9.982427348888923968e-02
2.022187949307908411e+03	1.751295021386023443e-01	1.083758058784903278e-01	2.987829522072892874e-01	1.895331180266162097e-01	8.812533201256424198e-02	4.016039639580983034e-02	9.989289334006289101e-02
2.027025719521564042e+03	1.748811086112996571e-01	1.081983642747463004e-01	2.989439383594227340e-01	1.896420995725636716e-01	8.817724707284660401e-02	4.019615593345607363e-02	9.996108617510014727e-02
2.031863489735218764e+03	1.746342031308456277e-01	1.080219633145502595e-01	2.991039890879319540e-01	1.897503937118205086e-01	8.822884830858947203e-02	4.023174758156358721e-02	1.000288548641338759e-01
2.036701259948874394e+03	1.743887763095713916e-01	1.078465972375692306e-01	2.992631102257115594e-01	1.898580050247614948e-01	8.828013738928017218e-02	4.026717156240811057e-02	1.000962022501333815e-01
2.041539030162529116e+03	1.741448188354077775e-01	1.076722603020831837e-01	2.994213075596509066e-01	1.899649380555279710e-01	8.833111598615207838e-02	4.030242811117877577e-02	1.001631311494346477e-01
2.046376800376184747e+03	1.739023214707280940e-01	1.074989467854530617e-01	2.995785868312428324e-01	1.900711973124414034e-01	8.838178577169727990e-02	4.033751747561992868e-02	1.002296443522528030e-01
2.051214570589840150e+03	1.736612750512231962e-01	1.073266509845648004e-01	2.997349537371786221e-01	1.901767872684102523e-01	8.843214841919960767e-02	4.037243991568131157e-02	1.002957446231776267e-01
2.056052340803495554e+03	1.734216704848076107e-01	1.071553672162502691e-01	2.998904139299299332e-01	1.902817123613309569e-01	8.848220560228736709e-02	4.040719570317633652e-02	1.003614347016529434e-01
2.060890111017150957e+03	1.731834987505557477e-01	1.069850898176860077e-01	3.000449730183175068e-01	1.903859769944823976e-01	8.853195899450498618e-02	4.044178512144840781e-02	1.004267173024403631e-01
2.065727881230805451e+03	1.729467508976671453e-01	1.068158131467706884e-01	3.001986365680672231e-01	1.904895855369144186e-01	8.858141026890301029e-02	4.047620846504488418e-02	1.004915951160680748e-01
2.070565651444461309e+03	1.727114180444599967e-01	1.066475315824818998e-01	3.003514101023539995e-01	1.905925423238299388e-01	8.863056109764563817e-02	4.051046603939864599e-02	1.005560708092653466e-01
2.075403421658116713e+03	1.724774913773914897e-01	1.064802395252133216e-01	3.005032991023339206e-01	1.906948516569612340e-01	8.867941315163534177e-02	4.054455816051702466e-02	1.006201470253831887e-01
2.080241191871772116e+03	1.722449621501045414e-01	1.063139313970928174e-01	3.006543090076645997e-01	1.907965178049400579e-01	8.872796810015383395e-02	4.057848515467789990e-02	1.006838263848018056e-01
2.085078962085427065e+03	1.720138216824998456e-01	1.061486016422823891e-01	3.008044452170145489e-01	1.908975450036617671e-01	8.877622761051880140e-02	4.061224735813279835e-02	1.007471114853254329e-01
2.089916732299082469e+03	1.717840613598321520e-01	1.059842447272604793e-01	3.009537130885616141e-01	1.909979374566437016e-01	8.882419334775595865e-02	4.064584511681686163e-02	1.008100049025648232e-01
2.094754502512737417e+03	1.715556726318304692e-01	1.058208551410874249e-01	3.011021179404808623e-01	1.910976993353775966e-01	8.887186697428564597e-02	4.067927878606545505e-02	1.008725091903081156e-01
2.099592272726392821e+03	1.713286470118409732e-01	1.056584273956547859e-01	3.012496650514220331e-01	1.911968347796764167e-01	8.891925014962369367e-02	4.071254873033728489e-02	1.009346268808803959e-01
2.104430042940048224e+03	1.711029760759918417e-01	1.054969560259189643e-01	3.013963596609774420e-01	1.912953478980153610e-01	8.896634453009574783e-02	4.074565532294387171e-02	1.009963604854924035e-01
2.109267813153704083e+03	1.708786514623795161e-01	1.053364355901199312e-01	3.015422069701397256e-01	1.913932427678675385e-01	8.901315176856491873e-02	4.077859894578523409e-02	1.010577124945788025e-01
2.114105583367359031e+03	1.706556648702758083e-01	1.051768606699855502e-01	3.016872121417504826e-01	1.914905234360338993e-01	8.905967351417187761e-02	4.081137998909158127e-02	1.011186853781265022e-01
2.118943353581013525e+03	1.704340080593543805e-01	1.050182258709220495e-01	3.018313803009397556e-01	1.915871939189680295e-01	8.910591141208727695e-02	4.084399885117097340e-02	1.011792815859932360e-01
2.123781123794669384e+03	1.702136728489370976e-01	1.048605258221912834e-01	3.019747165355564644e-01	1.916832582030954801e-01	8.915186710327577257e-02	4.087645593816269241e-02	1.012395035482169109e-01
2.128618894008324787e+03	1.699946511172585051e-01	1.047037551770750724e-01	3.021172258965905133e-01	1.917787202451279593e-01	8.919754222427145329e-02	4.090875166379624728e-02	1.012993536753160340e-01
2.133456664221980191e+03	1.697769348007484302e-01	1.045479086130274710e-01	3.022589133985860155e-01	1.918735839723724190e-01	8.924293840696406743e-02	4.094088644915588882e-02	1.013588343585815205e-01
2.138294434435635139e+03	1.695605158933322365e-01	1.043929808318151548e-01	3.023997840200469134e-01	1.919678532830350615e-01	8.928805727839568551e-02	4.097286072245048816e-02	1.014179479703602171e-01
2.143132204649290543e+03	1.693453864457475366e-01	1.042389665596465120e-01	3.025398427038344384e-01	1.920615320465205722e-01	8.933290046056754918e-02	4.100467491878866805e-02	1.014766968643304734e-01
2.147969974862945492e+03	1.691315385648774205e-01	1.040858605472898823e-01	3.026790943575566883e-01	1.921546241037262459e-01	8.937746957025649586e-02	4.103632947995900643e-02	1.015350833757700522e-01
2.152807745076601350e+03	1.689189644130992818e-01	1.039336575701813731e-01	3.028175438539509323e-01	1.922471332673316158e-01	8.942176621884080634e-02	4.106782485421527074e-02	1.015931098218165601e-01
2.157645515290255844e+03	1.687076562076488817e-01	1.037823524285227256e-01	3.029551960312585335e-01	1.923390633220833090e-01	8.946579201213498977e-02	4.109916149606653718e-02	1.016507785017208981e-01
2.162483285503912157e+03	1.684976062199992908e-01	1.036319399473694391e-01	3.030920556935928767e-01	1.924304180250754059e-01	8.950954855023318668e-02	4.113033986607205622e-02	1.017080916970936472e-01
2.167321055717567106e+03	1.682888067752537908e-01	1.034824149767098050e-01	3.032281276113003021e-01	1.925212011060252748e-01	8.955303742736098194e-02	4.116136043064078792e-02	1.017650516721450293e-01
2.172158825931222509e+03	1.680812502515527385e-01	1.033337723915350864e-01	3.033634165213142664e-01	1.926114162675450492e-01	8.959626023173505871e-02	4.119222366183550310e-02	1.018216606739183738e-01
2.176996596144877003e+03	1.678749290794936955e-01	1.031860070919011080e-01	3.034979271275031198e-01	1.927010671854088031e-01	8.963921854543066559e-02	4.122293003718128374e-02	1.018779209325174490e-01
2.181834366358532861e+03	1.676698357415646323e-01	1.030391140029818103e-01	3.036316641010113893e-01	1.927901575088155073e-01	8.968191394425649443e-02	4.125348003947843650e-02	1.019338346613278823e-01
2.186672136572187810e+03	1.674659627715892052e-01	1.028930880751149357e-01	3.037646320805951206e-01	1.928786908606479888e-01	8.972434799763653879e-02	4.128387415661958354e-02	1.019894040572328353e-01
2.191509906785843214e+03	1.672633027541845785e-01	1.027479242838402473e-01	3.038968356729508380e-01	1.929666708377276163e-01	8.976652226849891891e-02	4.131411288141094429e-02	1.020446313008231409e-01
2.196347676999498617e+03	1.670618483242306551e-01	1.026036176299305880e-01	3.040282794530387855e-01	1.930541010110652378e-01	8.980843831317121551e-02	4.134419671139766272e-02	1.020995185566022090e-01
2.201185447213154021e+03	1.668615921663505752e-01	1.024601631394159718e-01	3.041589679644007282e-01	1.931409849261081502e-01	8.985009768128215946e-02	4.137412614869309668e-02	1.021540679731856444e-01
2.206023217426809424e+03	1.666625270144025395e-01	1.023175558636012922e-01	3.042889057194718694e-01	1.932273261029833489e-01	8.989150191566931680e-02	4.140390169981195828e-02	1.022082816834959801e-01
2.210860987640464373e+03	1.664646456509818462e-01	1.021757908790773550e-01	3.044180971998873275e-01	1.933131280367370863e-01	8.993265255229274113e-02	4.143352387550727767e-02	1.022621618049526643e-01
2.215698757854119776e+03	1.662679409069333647e-01	1.020348632877262074e-01	3.045465468567836731e-01	1.933983941975707388e-01	8.997355112015407996e-02	4.146299319061105132e-02	1.023157104396573286e-01
2.220536528067775180e+03	1.660724056608739729e-01	1.018947682167204855e-01	3.046742591110946363e-01	1.934831280310730373e-01	9.001419914122116284e-02	4.149231016387850551e-02	1.023689296745746713e-01
2.225374298281430583e+03	1.658780328387246816e-01	1.017555008185172111e-01	3.048012383538430403e-01	1.935673329584489677e-01	9.005459813035775196e-02	4.152147531783589862e-02	1.024218215817089689e-01
2.230212068495085077e+03	1.656848154132520290e-01	1.016170562708463426e-01	3.049274889464264615e-01	1.936510123767453406e-01	9.009474959525824722e-02	4.155048917863177205e-02	1.024743882182764521e-01
2.235049838708740936e+03	1.654927464036184126e-01	1.014794297766941494e-01	3.050530152208989487e-01	1.937341696590727802e-01	9.013465503638710963e-02	4.157935227589160815e-02	1.025266316268736433e-01
2.239887608922396339e+03	1.653018188749414419e-01	1.013426165642817983e-01	3.051778214802483014e-01	1.938168081548246324e-01	9.017431594692298935e-02	4.160806514257578415e-02	1.025785538356418225e-01
2.244725379136052197e+03	1.651120259378616173e-01	1.012066118870392079e-01	3.053019119986677410e-01	1.938989311898926537e-01	9.021373381270708647e-02	4.163662831484073179e-02	1.026301568584276902e-01
2.249563149349706237e+03	1.649233607481183361e-01	1.010714110235745589e-01	3.054252910218246408e-01	1.939805420668795910e-01	9.025291011219586934e-02	4.166504233190331669e-02	1.026814426949404641e-01
2.254400919563362095e+03	1.647358165061337254e-01	1.009370092776393363e-01	3.055479627671237042e-01	1.940616440653086250e-01	9.029184631641772041e-02	4.169330773590823602e-02	1.027324133309054088e-01
2.259238689777017044e+03	1.645493864566044406e-01	1.008034019780895407e-01	3.056699314239667564e-01	1.941422404418298997e-01	9.033054388893359266e-02	4.172142507179852494e-02	1.027830707382139802e-01
2.264076459990672902e+03	1.643640638881008198e-01	1.006705844788429033e-01	3.057912011540080410e-01	1.942223344304241373e-01	9.036900428580126043e-02	4.174939488718892866e-02	1.028334168750707073e-01
2.268914230204327851e+03	1.641798421326732538e-01	1.005385521588322562e-01	3.059117760914056294e-01	1.943019292426033384e-01	9.040722895554327565e-02	4.177721773224226526e-02	1.028834536861368554e-01
2.273752000417983254e+03	1.639967145654658842e-01	1.004073004219556420e-01	3.060316603430689453e-01	1.943810280676086244e-01	9.044521933911814360e-02	4.180489415954852933e-02	1.029331831026710636e-01
2.278589770631638203e+03	1.638146746043369351e-01	1.002768246970227733e-01	3.061508579889027359e-01	1.944596340726056360e-01	9.048297686989505151e-02	4.183242472400683365e-02	1.029826070426669987e-01
2.283427540845293606e+03	1.636337157094856498e-01	1.001471204376983420e-01	3.062693730820467142e-01	1.945377504028766857e-01	9.052050297363146980e-02	4.185980998270999454e-02	1.030317274109880943e-01
2.288265311058949010e+03	1.634538313830858902e-01	1.000181831224423584e-01	3.063872096491123687e-01	1.946153801820109108e-01	9.055779906845397298e-02	4.188705049483184423e-02	1.030805460994995565e-01
2.293103081272604413e+03	1.632750151689258411e-01	9.989000825444736831e-02	3.065043716904157778e-01	1.946925265120913462e-01	9.059486656484182221e-02	4.191414682151707594e-02	1.031290649871976495e-01
2.297940851486259817e+03	1.630972606520538215e-01	9.976259136157303309e-02	3.066208631802069262e-01	1.947691924738798597e-01	9.063170686561336509e-02	4.194109952577362160e-02	1.031772859403363440e-01
