1.340062349182513572e+03	2.326467737572243955e-01	1.456607175761022721e-01	2.624704431225636792e-01	1.650661425559797058e-01	7.767962780475315410e-02	3.384730088582478535e-02	8.262899429698006282e-02
1.344900119396168748e+03	2.319733827328729625e-01	1.453329430532536992e-01	2.628667243010337495e-01	1.652744317629044057e-01	7.776526922775343909e-02	3.388834530228980457e-02	8.289890361932000795e-02
1.349737889609823924e+03	2.313071543130623131e-01	1.450043214777461120e-01	2.632598643354779333e-01	1.654860521332562062e-01	7.785129732429060812e-02	3.392998706430596506e-02	8.316132335128900710e-02
1.354575659823479100e+03	2.306479299644468017e-01	1.446749653829211835e-01	2.636499165386952948e-01	1.657006412125639483e-01	7.793768183228556856e-02	3.397219285526086735e-02	8.341667221325456405e-02
1.359413430037134731e+03	2.299955561249268920e-01	1.443449825745114767e-01	2.640369321503513445e-01	1.659178625971087229e-01	7.802439359534998897e-02	3.401493104613045187e-02	8.366534191104940676e-02
1.364251200250789907e+03	2.293498840495994673e-01	1.440144763075982270e-01	2.644209604493723553e-01	1.661374041498350773e-01	7.811140452245080024e-02	3.405817159596205568e-02	8.390769892461032164e-02
1.369088970464445310e+03	2.287107696603160045e-01	1.436835454573391346e-01	2.648020488595642097e-01	1.663589763370224295e-01	7.819868754919512277e-02	3.410188595871497391e-02	8.414408617727639483e-02
1.373926740678100487e+03	2.280780733988666542e-01	1.433522846836639553e-01	2.651802430488831019e-01	1.665823106775767837e-01	7.828621660066241439e-02	3.414604699603990962e-02	8.437482459373550625e-02
1.378764510891755890e+03	2.274516600837962477e-01	1.430207845901304842e-01	2.655555870227586102e-01	1.668071582973501554e-01	7.837396655571426951e-02	3.419062889560656182e-02	8.460021455407203128e-02
1.383602281105411066e+03	2.268313987708482637e-01	1.426891318771295047e-01	2.659281232118443916e-01	1.670332885814063417e-01	7.846191321271601959e-02	3.423560709461464374e-02	8.482053725086920182e-02
1.388440051319066470e+03	2.262171626170245142e-01	1.423574094896217501e-01	2.662978925545455011e-01	1.672604879176280424e-01	7.855003325660728231e-02	3.428095820814781175e-02	8.503605595585346510e-02
1.393277821532721646e+03	2.256088287482388155e-01	1.420256967595861508e-01	2.666649345746507360e-01	1.674885585255048159e-01	7.863830422726197922e-02	3.432665996205268300e-02	8.524701720213316569e-02
1.398115591746377049e+03	2.250062781305373905e-01	1.416940695433528963e-01	2.670292874543758188e-01	1.677173173643567161e-01	7.872670448908108964e-02	3.437269113004633170e-02	8.545365188767806153e-02
1.402953361960032225e+03	2.244093954448506678e-01	1.413626003539912857e-01	2.673909881031050206e-01	1.679465951156335068e-01	7.881521320176441969e-02	3.441903147477525654e-02	8.565617630530812654e-02
1.407791132173687402e+03	2.238180689652372879e-01	1.410313584889168192e-01	2.677500722220981788e-01	1.681762352342922873e-01	7.890381029221003872e-02	3.446566169256721351e-02	8.585479310410641662e-02
1.412628902387342805e+03	2.232321904405746016e-01	1.407004101528776807e-01	2.681065743654152955e-01	1.684060930645912002e-01	7.899247642749275544e-02	3.451256336163460031e-02	8.604969218684212218e-02
1.417466672600997981e+03	2.226516549796463129e-01	1.403698185764768458e-01	2.684605279972926972e-01	1.686360350159512578e-01	7.908119298887526794e-02	3.455971889350398923e-02	8.624105154768181569e-02
1.422304442814653157e+03	2.220763609395748350e-01	1.400396441303805584e-01	2.688119655461914115e-01	1.688659377948313056e-01	7.916994204680782854e-02	3.460711148746140747e-02	8.642903805418082619e-02
1.427142213028308333e+03	2.215062098175412941e-01	1.397099444353602504e-01	2.691609184557223200e-01	1.690956876888340399e-01	7.925870633687437383e-02	3.465472508781693856e-02	8.661380817727898362e-02
1.431979983241963964e+03	2.209411061457345615e-01	1.393807744683104310e-01	2.695074172326417106e-01	1.693251798995154822e-01	7.934746923664530438e-02	3.470254434380520142e-02	8.679550867277555093e-02
1.436817753455619140e+03	2.203809573894678631e-01	1.390521866643811555e-01	2.698514914920970287e-01	1.695543179206080997e-01	7.943621474339845889e-02	3.475055457195040665e-02	8.697427721752520879e-02
1.441655523669274316e+03	2.198256738483998496e-01	1.387242310153587455e-01	2.701931700002916381e-01	1.697830129585895798e-01	7.952492745267232543e-02	3.479874172073615241e-02	8.715024300337993746e-02
1.446493293882929493e+03	2.192751685607950973e-01	1.383969551644252394e-01	2.705324807147263533e-01	1.700111833927351046e-01	7.961359253761669807e-02	3.484709233743051721e-02	8.732352729169920447e-02
1.451331064096585123e+03	2.187293572107583128e-01	1.380704044974224443e-01	2.708694508221662356e-01	1.702387542719850655e-01	7.970219572910765271e-02	3.489559353692706783e-02	8.749424393106144948e-02
1.456168834310240300e+03	2.181881580383752683e-01	1.377446222307427692e-01	2.712041067744707101e-01	1.704656568461383748e-01	7.979072329659570029e-02	3.494423297247151866e-02	8.766249984063392842e-02
1.461006604523895703e+03	2.176514917526927440e-01	1.374196494959653014e-01	2.715364743224170097e-01	1.706918281290508710e-01	7.987916202965679446e-02	3.499299880815238267e-02	8.782839546149316667e-02
1.465844374737550879e+03	2.171192814474696420e-01	1.370955254213516439e-01	2.718665785476387931e-01	1.709172104916733825e-01	7.996749922021768875e-02	3.504187969304210087e-02	8.799202517803504653e-02
1.470682144951206283e+03	2.165914525196313833e-01	1.367722872103123988e-01	2.721944438927926813e-01	1.711417512829107868e-01	8.005572264542833161e-02	3.509086473688242946e-02	8.815347771147019618e-02
1.475519915164861459e+03	2.160679325903588355e-01	1.364499702169518214e-01	2.725200941900615681e-01	1.713654024764190431e-01	8.014382055115511216e-02	3.513994348721510841e-02	8.831283648726676039e-02
1.480357685378516862e+03	2.155486514287445199e-01	1.361286080187942282e-01	2.728435526880916839e-01	1.715881203415844658e-01	8.023178163607007363e-02	3.518910590786514248e-02	8.847017997827809344e-02
1.485195455592172038e+03	2.150335408779478208e-01	1.358082324867933843e-01	2.731648420774602792e-01	1.718098651370472130e-01	8.031959503631243280e-02	3.523834235869029163e-02	8.862558202517671624e-02
1.490033225805827215e+03	2.145225347837828866e-01	1.354888738527210701e-01	2.734839845147594151e-01	1.720306008252424634e-01	8.040725031069934081e-02	3.528764357651591882e-02	8.877911213570707782e-02
1.494870996019482618e+03	2.140155689256718341e-01	1.351705607740296411e-01	2.738010016453788498e-01	1.722502948065345874e-01	8.049473742646462426e-02	3.533700065717980399e-02	8.893083576416888070e-02
1.499708766233137567e+03	2.135125809498978899e-01	1.348533203962792026e-01	2.741159146250659595e-01	1.724689176716166505e-01	8.058204674550425994e-02	3.538640503861635589e-02	8.908081457244786117e-02
1.504546536446793198e+03	2.130135103050939671e-01	1.345371784132172732e-01	2.744287441403339689e-01	1.726864429709363546e-01	8.066916901110901539e-02	3.543584848491435069e-02	8.922910667382326355e-02
1.509384306660448374e+03	2.125182981799014215e-01	1.342221591245956469e-01	2.747395104277866040e-01	1.729028469999937534e-01	8.075609533516536764e-02	3.548532307128665630e-02	8.937576686069874377e-02
1.514222076874103550e+03	2.120268874427371497e-01	1.339082854918066390e-01	2.750482332924235607e-01	1.731181085994335234e-01	8.084281718580610399e-02	3.553482116989441914e-02	8.952084681732674909e-02
1.519059847087758726e+03	2.115392225836061624e-01	1.335955791914180679e-01	2.753549321249853521e-01	1.733322089689277035e-01	8.092932637549375696e-02	3.558433543647186725e-02	8.966439531852521405e-02
1.523897617301414357e+03	2.110552496578988746e-01	1.332840606666833017e-01	2.756596259183942133e-01	1.735451314939120693e-01	8.101561504951984571e-02	3.563385879770165215e-02	8.980645841531814666e-02
1.528735387515069533e+03	2.105749162321133572e-01	1.329737491771002811e-01	2.759623332833436304e-01	1.737568615843030906e-01	8.110167567490420004e-02	3.568338443929360698e-02	8.994707960836993699e-02
1.533573157728724709e+03	2.100981713314439836e-01	1.326646628460909361e-01	2.762630724630851797e-01	1.739673865243811235e-01	8.118750102967911553e-02	3.573290579472311601e-02	9.008630001002462806e-02
1.538410927942380113e+03	2.096249653891786857e-01	1.323568187068700497e-01	2.765618613474599141e-01	1.741766953330801393e-01	8.127308419254371252e-02	3.578241653458802407e-02	9.022415849570755708e-02
1.543248698156035516e+03	2.091552501978488909e-01	1.320502327465697678e-01	2.768587174862168765e-01	1.743847786339765005e-01	8.135841853287451020e-02	3.583191055654572077e-02	9.036069184539591292e-02
1.548086468369690692e+03	2.086889788620770736e-01	1.317449199486840083e-01	2.771536581016597056e-01	1.745916285343161178e-01	8.144349770107889297e-02	3.588138197579458094e-02	9.049593487581776563e-02
1.552924238583346096e+03	2.082261057530684079e-01	1.314408943338950808e-01	2.774467001006601929e-01	1.747972385124648698e-01	8.152831561927847970e-02	3.593082511606615626e-02	9.062992056399496454e-02
1.557762008797001272e+03	2.077665864646936478e-01	1.311381689993414978e-01	2.777378600860739288e-01	1.750016033132076598e-01	8.161286647231039137e-02	3.598023450109680277e-02	9.076268016270420957e-02
1.562599779010656675e+03	2.073103777711125806e-01	1.308367561563855697e-01	2.780271543675924550e-01	1.752047188503615405e-01	8.169714469903426035e-02	3.602960484654938594e-02	9.089424330839239452e-02
1.567437549224311852e+03	2.068574375858878434e-01	1.305366671669355716e-01	2.783145989720631208e-01	1.754065821162037186e-01	8.178114498393396214e-02	3.607893105235765452e-02	9.102463812204635019e-02
1.572275319437967255e+03	2.064077249225408639e-01	1.302379125783765523e-01	2.786002096533070627e-01	1.756071910972489547e-01	8.186486224900314801e-02	3.612820819546761625e-02	9.115389130348398872e-02
1.577113089651622431e+03	2.059611998565019642e-01	1.299405021571615748e-01	2.788840019014630078e-01	1.758065446959432565e-01	8.194829164590405890e-02	3.617743152295187226e-02	9.128202821950237578e-02
1.581950859865277607e+03	2.055178234884095789e-01	1.296444449211130168e-01	2.791659909518829918e-01	1.760046426578686096e-01	8.203142854838978149e-02	3.622659644547453206e-02	9.140907298628961342e-02
1.586788630078933011e+03	2.050775579087126543e-01	1.293497491704819480e-01	2.794461917936051365e-01	1.762014855040825445e-01	8.211426854498032890e-02	3.627569853108558728e-02	9.153504854647991074e-02
1.591626400292587959e+03	2.046403661635337046e-01	1.290564225178124913e-01	2.797246191774266366e-01	1.763970744682405722e-01	8.219680743188335914e-02	3.632473349932515555e-02	9.165997674120621164e-02
1.596464170506243590e+03	2.042062122217491171e-01	1.287644719166552432e-01	2.800012876235991599e-01	1.765914114381739175e-01	8.227904120615063543e-02	3.637369721561919261e-02	9.178387837748089306e-02
1.601301940719898766e+03	2.037750609432468218e-01	1.284739036891732189e-01	2.802762114291664219e-01	1.767844989016170987e-01	8.236096605906188806e-02	3.642258568594934631e-02	9.190677329121335615e-02
1.606139710933553943e+03	2.033468780483201899e-01	1.281847235526817619e-01	2.805494046749644754e-01	1.769763398958006662e-01	8.244257836972775089e-02	3.647139505178097207e-02	9.202868040615232170e-02
1.610977481147209119e+03	2.029216300881603596e-01	1.278969366451622458e-01	2.808208812323019776e-01	1.771669379606435057e-01	8.252387469890416771e-02	3.652012158523403051e-02	9.214961778902190648e-02
1.615815251360864750e+03	2.024992844164085481e-01	1.276105475497885666e-01	2.810906547693379776e-01	1.773562970952972384e-01	8.260485178301062159e-02	3.656876168448288528e-02	9.226960270110236284e-02
1.620653021574519926e+03	2.020798091617326264e-01	1.273255603185031448e-01	2.813587387571735432e-01	1.775444217178124284e-01	8.268550652834495696e-02	3.661731186937163679e-02	9.238865164648986383e-02
1.625490791788175102e+03	2.016631732013919320e-01	1.270419784946784647e-01	2.816251464756724943e-01	1.777313166277108558e-01	8.276583600548793884e-02	3.666576877723266847e-02	9.250678041725383938e-02
1.630328562001830505e+03	2.012493461357565960e-01	1.267598051348986510e-01	2.818898910190248963e-01	1.779169869712642627e-01	8.284583744389083237e-02	3.671412915889671336e-02	9.262400413569628344e-02
1.635166332215485909e+03	2.008382982637477721e-01	1.264790428298941949e-01	2.821529853010674160e-01	1.781014382092921955e-01	8.292550822663959098e-02	3.676238987488357479e-02	9.274033729390340763e-02
1.640004102429141085e+03	2.004300005591665990e-01	1.261996937246620543e-01	2.824144420603738603e-01	1.782846760873051384e-01	8.300484588538951936e-02	3.681054789176330805e-02	9.285579379076758233e-02
1.644841872642796488e+03	2.000244246478809773e-01	1.259217595378017973e-01	2.826742738651261688e-01	1.784667066078307052e-01	8.308384809546440208e-02	3.685860027867828015e-02	9.297038696664583490e-02
1.649679642856451665e+03	1.996215427858397951e-01	1.256452415800972389e-01	2.829324931177784608e-01	1.786475360047712901e-01	8.316251267111447742e-02	3.690654420401710822e-02	9.308412963580969812e-02
1.654517413070107068e+03	1.992213278378854313e-01	1.253701407723729344e-01	2.831891120595254052e-01	1.788271707196528726e-01	8.324083756092777453e-02	3.695437693223212194e-02	9.319703411683150085e-02
1.659355183283762244e+03	1.988237532573363386e-01	1.250964576626522051e-01	2.834441427745827968e-01	1.790056173796329697e-01	8.331882084338940175e-02	3.700209582079239112e-02	9.330911226104189604e-02
1.664192953497417420e+03	1.984287930663121702e-01	1.248241924426437416e-01	2.836975971942918839e-01	1.791828827771460020e-01	8.339646072258392884e-02	3.704969831726498408e-02	9.342037547918526086e-02
1.669030723711072824e+03	1.980364218367752505e-01	1.245533449635822520e-01	2.839494871010553867e-01	1.793589738510714959e-01	8.347375552403570043e-02	3.709718195651746236e-02	9.353083476639043048e-02
1.673868493924728000e+03	1.976466146722626605e-01	1.242839147514475800e-01	2.841998241321138652e-01	1.795338976693191257e-01	8.355070369068261227e-02	3.714454435803512394e-02	9.364050072556698301e-02
1.678706264138383403e+03	1.972593471902842621e-01	1.240159010215860919e-01	2.844486197831706531e-01	1.797076614127315897e-01	8.362730377897868717e-02	3.719178322334684011e-02	9.374938358932981275e-02
1.683544034352038352e+03	1.968745955053627650e-01	1.237493026927571627e-01	2.846958854118724069e-01	1.798802723602128950e-01	8.370355445512103754e-02	3.723889633355380313e-02	9.385749324054783183e-02
1.688381804565693983e+03	1.964923362126927142e-01	1.234841184006266190e-01	2.849416322411526536e-01	1.800517378749964814e-01	8.377945449139717615e-02	3.728588154695573059e-02	9.396483923160656171e-02
1.693219574779349159e+03	1.961125463723961404e-01	1.232203465107282597e-01	2.851858713624451092e-01	1.802220653919725246e-01	8.385500276264852559e-02	3.733273679676944734e-02	9.407143080246799238e-02
1.698057344993004335e+03	1.957352034943530272e-01	1.229579851309138827e-01	2.854286137387729294e-01	1.803912624060004799e-01	8.393019824284615737e-02	3.737946008893522354e-02	9.417727689760621579e-02
1.702895115206659511e+03	1.953602855235864744e-01	1.226970321233113032e-01	2.856698702077204999e-01	1.805593364611368656e-01	8.400504000177511088e-02	3.742604950000615743e-02	9.428238618189152542e-02
1.707732885420315142e+03	1.949877708261815168e-01	1.224374851158092220e-01	2.859096514842919268e-01	1.807262951407138940e-01	8.407952720182360062e-02	3.747250317511660600e-02	9.438676705549113588e-02
1.712570655633970318e+03	1.946176381757189211e-01	1.221793415130870836e-01	2.861479681636638350e-01	1.808921460582083862e-01	8.415365909487368401e-02	3.751881932602560421e-02	9.449042766785042957e-02
1.717408425847625494e+03	1.942498667402047796e-01	1.219225985072073942e-01	2.863848307238350821e-01	1.810568968488452113e-01	8.422743501928993404e-02	3.756499622923160225e-02	9.459337593081387774e-02
1.722246196061280898e+03	1.938844360694780833e-01	1.216672530877872804e-01	2.866202495281805485e-01	1.812205551618826516e-01	8.430085439700296668e-02	3.761103222415494024e-02	9.469561953094142448e-02
1.727083966274936301e+03	1.935213260830784820e-01	1.214133020517654121e-01	2.868542348279116139e-01	1.813831286535309839e-01	8.437391673068457554e-02	3.765692571138484768e-02	9.479716594107197303e-02
1.731921736488591478e+03	1.931605170585579401e-01	1.211607420127798623e-01	2.870867967644487595e-01	1.815446249804592016e-01	8.444662160101161497e-02	3.770267515098784522e-02	9.489802243118271308e-02
1.736759506702246881e+03	1.928019896202191052e-01	1.209095694101719326e-01	2.873179453717100706e-01	1.817050517938473830e-01	8.451896866401552300e-02	3.774827906087458579e-02	9.499819607858935033e-02
1.741597276915902057e+03	1.924457247282658490e-01	1.206597805176302662e-01	2.875476905783193038e-01	1.818644167339456830e-01	8.459095764851487509e-02	3.779373601522242193e-02	9.509769377752955166e-02
1.746435047129557461e+03	1.920917036683497114e-01	1.204113714514890993e-01	2.877760422097375703e-01	1.820227274251030036e-01	8.466258835362808211e-02	3.783904464295108350e-02	9.519652224816936570e-02
1.751272817343212637e+03	1.917399080414985690e-01	1.201643381786940551e-01	2.880030099903216345e-01	1.821799914712316504e-01	8.473386064636385939e-02	3.788420362624907861e-02	9.529468804506915913e-02
1.756110587556867813e+03	1.913903197544126189e-01	1.199186765244482228e-01	2.882286035453122675e-01	1.823362164516759976e-01	8.480477445928651103e-02	3.792921169914838242e-02	9.539219756514395743e-02
1.760948357770523216e+03	1.910429210101151354e-01	1.196743821795509533e-01	2.884528324027563206e-01	1.824914099174558824e-01	8.487532978825418351e-02	3.797406764614538049e-02	9.548905705515009501e-02
1.765786127984178393e+03	1.906976942989435930e-01	1.194314507074411696e-01	2.886757059953645177e-01	1.826455793878568323e-01	8.494552669022722990e-02	3.801877030086591586e-02	9.558527261872869218e-02
1.770623898197833569e+03	1.903546223898697765e-01	1.191898775509565439e-01	2.888972336623084058e-01	1.827987323473423686e-01	8.501536528114464475e-02	3.806331854477253140e-02	9.568085022303365883e-02
1.775461668411488745e+03	1.900136883221358874e-01	1.189496580388197805e-01	2.891174246509589651e-01	1.829508762427636270e-01	8.508484573386648764e-02	3.810771130591210365e-02	9.577579570497099515e-02
1.780299438625144376e+03	1.896748753971952695e-01	1.187107873918623324e-01	2.893362881185695956e-01	1.831020184808450635e-01	8.515396827617988107e-02	3.815194755770207058e-02	9.587011477707363394e-02
1.785137208838799552e+03	1.893381671709463143e-01	1.184732607289957079e-01	2.895538331339052029e-01	1.832521664259250394e-01	8.522273318886675053e-02	3.819602631775370627e-02	9.596381303303513910e-02
1.789974979052454728e+03	1.890035474462485876e-01	1.182370730729404157e-01	2.897700686788207691e-01	1.834013273979324954e-01	8.529114080383139174e-02	3.823994664673077692e-02	9.605689595292345173e-02
1.794812749266109904e+03	1.886710002657111251e-01	1.180022193557216242e-01	2.899850036497904071e-01	1.835495086705817291e-01	8.535919150228574170e-02	3.828370764724225300e-02	9.614936890809500092e-02
1.799650519479765535e+03	1.883405099047420761e-01	1.177686944239408340e-01	2.901986468593898416e-01	1.836967174697689276e-01	8.542688571299072997e-02	3.832730846276756476e-02	9.624123716582788646e-02
1.804488289693420711e+03	1.880120608648504221e-01	1.175364930438320826e-01	2.904110070377338149e-01	1.838429609721549118e-01	8.549422391055180870e-02	3.837074827661317300e-02	9.633250589369173056e-02
1.809326059907075887e+03	1.876856378671900583e-01	1.173056099061112190e-01	2.906220928338702492e-01	1.839882463039196892e-01	8.556120661376696857e-02	3.841402631089916447e-02	9.642318016367061595e-02
1.814163830120731291e+03	1.873612258463378810e-01	1.170760396306260998e-01	2.908319128171333312e-01	1.841325805396757942e-01	8.562783438402561675e-02	3.845714182557472688e-02	9.651326495605447309e-02
1.819001600334386467e+03	1.870388099442959751e-01	1.168477767708157172e-01	2.910404754784569614e-01	1.842759707015279302e-01	8.569410782375669333e-02	3.850009411746135174e-02	9.660276516311332162e-02
1.823839370548041643e+03	1.867183755047105431e-01	1.166208158179854182e-01	2.912477892316497341e-01	1.844184237582672525e-01	8.576002757492448558e-02	3.854288251932273812e-02	9.669168559256774431e-02
1.828677140761696819e+03	1.863999080672991415e-01	1.163951512054055559e-01	2.914538624146338353e-01	1.845599466246901077e-01	8.582559431757064150e-02	3.858550639896037721e-02	9.678003097086822215e-02
1.833514910975352450e+03	1.860833933624781444e-01	1.161707773122404308e-01	2.916587032906487464e-01	1.847005461610306265e-01	8.589080876840089751e-02	3.862796515833383237e-02	9.686780594629514074e-02
1.838352681189008081e+03	1.857688173061833870e-01	1.159476884673140834e-01	2.918623200494211978e-01	1.848402291724987045e-01	8.595567167941524367e-02	3.867025823270485441e-02	9.695501509189033418e-02
1.843190451402663257e+03	1.854561659948765207e-01	1.157258789527193799e-01	2.920647208083027579e-01	1.849790024089141560e-01	8.602018383657994427e-02	3.871238508980448523e-02	9.704166290823056096e-02
1.848028221616318433e+03	1.851454257007300042e-01	1.155053430072764814e-01	2.922659136133763380e-01	1.851168725644297686e-01	8.608434605854044241e-02	3.875434522902219264e-02	9.712775382605259855e-02
1.852865991829973609e+03	1.848365828669843169e-01	1.152860748298465826e-01	2.924659064405327746e-01	1.852538462773352657e-01	8.614815919537353872e-02	3.879613818061643932e-02	9.721329220873886623e-02
1.857703762043628785e+03	1.845296241034707074e-01	1.150680685825065525e-01	2.926647071965187696e-01	1.853899301299359315e-01	8.621162412737791436e-02	3.883776350494585333e-02	9.729828235467206932e-02
1.862541532257283961e+03	1.842245361822933691e-01	1.148513183935900295e-01	2.928623237199568519e-01	1.855251306484990148e-01	8.627474176390148575e-02	3.887922079172023704e-02	9.738272849946676135e-02
1.867379302470939592e+03	1.839213060336650496e-01	1.146358183606001058e-01	2.930587637823390268e-01	1.856594543032624445e-01	8.633751304220493861e-02	3.892050965927084522e-02	9.746663481808526264e-02
1.872217072684594768e+03	1.836199207418902357e-01	1.144215625529985542e-01	2.932540350889946690e-01	1.857929075085003323e-01	8.639993892635979000e-02	3.896162975383923172e-02	9.755000542684481857e-02
1.877054842898249490e+03	1.833203675414905587e-01	1.142085450148767334e-01	2.934481452800334900e-01	1.859254966226400740e-01	8.646202040618022888e-02	3.900258074888404702e-02	9.763284438532252030e-02
1.881892613111905121e+03	1.830226338134668673e-01	1.139967597675125288e-01	2.936411019312649695e-01	1.860572279484264679e-01	8.652375849618773596e-02	3.904336234440520387e-02	9.771515569816392743e-02
1.886730383325560297e+03	1.827267070816929739e-01	1.137862008118179086e-01	2.938329125550948051e-01	1.861881077331284939e-01	8.658515423460723393e-02	3.908397426628489740e-02	9.779694331680140185e-02
1.891568153539215928e+03	1.824325750094360488e-01	1.135768621306813830e-01	2.940235846013993792e-01	1.863181421687848116e-01	8.664620868239410190e-02	3.912441626564484159e-02	9.787821114108709308e-02
1.896405923752871104e+03	1.821402253959990281e-01	1.133687376912096423e-01	2.942131254583786326e-01	1.864473373924842581e-01	8.670692292229080500e-02	3.916468811821935403e-02	9.795896302084590446e-02
1.901243693966526507e+03	1.818496461734802339e-01	1.131618214468720768e-01	2.944015424533885650e-01	1.865756994866777096e-01	8.676729805791251471e-02	3.920478962374363691e-02	9.803920275735290846e-02
1.906081464180181683e+03	1.815608254036459035e-01	1.129561073395521920e-01	2.945888428537538073e-01	1.867032344795185039e-01	8.682733521286063738e-02	3.924472060535692808e-02	9.811893410473963850e-02
1.910919234393836859e+03	1.812737512749116042e-01	1.127515893015096776e-01	2.947750338675612647e-01	1.868299483452279808e-01	8.688703552986354328e-02	3.928448090901997397e-02	9.819816077133348975e-02
1.915757004607492036e+03	1.809884120994279810e-01	1.125482612572562963e-01	2.949601226444352742e-01	1.869558470044840881e-01	8.694640016994352461e-02	3.932407040294645661e-02	9.827688642093394822e-02
1.920594774821147894e+03	1.807047963102672850e-01	1.123461171253494900e-01	2.951441162762942771e-01	1.870809363248298607e-01	8.700543031160935803e-02	3.936348897704793764e-02	9.835511467402932584e-02
1.925432545034802843e+03	1.804228924587067961e-01	1.121451508201065234e-01	2.953270217980912271e-01	1.872052221211000511e-01	8.706412715007361136e-02	3.940273654239189599e-02	9.843284910895734596e-02
1.930270315248458019e+03	1.801426892116053946e-01	1.119453562532425894e-01	2.955088461885367890e-01	1.873287101558632761e-01	8.712249189649388936e-02	3.944181303067256089e-02	9.851009326301288227e-02
1.935108085462113195e+03	1.798641753488700312e-01	1.117467273354357249e-01	2.956895963708063291e-01	1.874514061398781517e-01	8.718052577723738039e-02	3.948071839369406838e-02	9.858685063350565436e-02
1.939945855675768371e+03	1.795873397610082689e-01	1.115492579778216142e-01	2.958692792132318061e-01	1.875733157325611133e-01	8.723823003316802382e-02	3.951945260286569145e-02	9.866312467877079440e-02
1.944783625889424002e+03	1.793121714467642014e-01	1.113529420934208092e-01	2.960479015299781747e-01	1.876944445424649777e-01	8.729560591895554889e-02	3.955801564870870674e-02	9.873891881913496316e-02
1.949621396103079178e+03	1.790386595108341972e-01	1.111577735985013193e-01	2.962254700817052444e-01	1.878147981277658307e-01	8.735265470240576036e-02	3.959640754037468957e-02	9.881423643784030542e-02
1.954459166316734354e+03	1.787667931616597206e-01	1.109637464138789609e-01	2.964019915762161062e-01	1.879343819967575768e-01	8.740937766381143281e-02	3.963462830517485574e-02	9.888908088192872869e-02
1.959296936530389530e+03	1.784965617092942602e-01	1.107708544661580308e-01	2.965774726690907914e-01	1.880532016083524549e-01	8.746577609532316111e-02	3.967267798812008223e-02	9.896345546308861485e-02
1.964134706744044706e+03	1.782279545633414231e-01	1.105790916889146519e-01	2.967519199643076644e-01	1.881712623725863565e-01	8.752185130033970917e-02	3.971055665147151664e-02	9.903736345846600453e-02
1.968972476957700337e+03	1.779609612309618893e-01	1.103884520238250788e-01	2.969253400148517685e-01	1.882885696511280571e-01	8.757760459291707988e-02	3.974826437430127590e-02	9.911080811144215574e-02
1.973810247171355968e+03	1.776955713149461769e-01	1.101989294217411708e-01	2.970977393233105168e-01	1.884051287577911404e-01	8.763303729719590374e-02	3.978580125206314377e-02	9.918379263237929455e-02
1.978648017385010689e+03	1.774317745118512979e-01	1.100105178437151277e-01	2.972691243424575580e-01	1.885209449590477537e-01	8.768815074684642441e-02	3.982316739617285106e-02	9.925632019933636196e-02
1.983485787598666320e+03	1.771695606101982567e-01	1.098232112619755840e-01	2.974395014758250966e-01	1.886360234745436404e-01	8.774294628453088718e-02	3.986036293359784821e-02	9.932839395875610322e-02
1.988323557812321269e+03	1.769089194887288052e-01	1.096370036608568937e-01	2.976088770782647219e-01	1.887503694776132002e-01	8.779742526138240022e-02	3.989738800645616784e-02	9.940001702612520640e-02
1.993161328025976900e+03	1.766498411147188474e-01	1.094518890376835890e-01	2.977772574564975239e-01	1.888639880957941330e-01	8.785158903650013007e-02	3.993424277162430786e-02	9.947119248660889201e-02
1.997999098239632076e+03	1.763923155423460509e-01	1.092678614036117629e-01	2.979446488696534390e-01	1.889768844113412505e-01	8.790543897646008187e-02	3.997092740035377428e-02	9.954192339566109160e-02
2.002836868453287707e+03	1.761363329111105824e-01	1.090849147844291378e-01	2.981110575298000498e-01	1.890890634617384825e-01	8.795897645484121452e-02	4.000744207789612428e-02	9.961221277961176956e-02
2.007674638666942428e+03	1.758818834443060253e-01	1.089030432213154986e-01	2.982764896024621692e-01	1.892005302402088029e-01	8.801220285176630798e-02	4.004378700313632883e-02	9.968206363623220712e-02
2.012512408880597604e+03	1.756289574475391746e-01	1.087222407715649347e-01	2.984409512071306558e-01	1.893112896962215186e-01	8.806511955345719400e-02	4.007996238823417767e-02	9.975147893527966381e-02
2.017350179094252780e+03	1.753775453072966284e-01	1.085425015092717216e-01	2.986044484177625691e-01	1.894213467359966152e-01	8.811772795180396189e-02	4.011596845827360147e-02	9.982046161902220771e-02
2.022187949307908411e+03	1.751276374895565646e-01	1.083638195259810366e-01	2.987669872632718326e-01	1.895307062230056350e-01	8.817002944394759789e-02	4.015180545091964065e-02	9.988901460274493549e-02
2.027025719521564042e+03	1.748792245384439559e-01	1.081861889313061181e-01	2.989285737280111821e-01	1.896393729784687510e-01	8.822202543187583623e-02	4.018747361608300539e-02	9.995714077523833174e-02
2.031863489735218764e+03	1.746322970749275560e-01	1.080096038535130892e-01	2.990892137522453420e-01	1.897473517818479283e-01	8.827371732203172228e-02	4.022297321559186595e-02	1.000248429992696836e-01
2.036701259948874394e+03	1.743868457955573825e-01	1.078340584400749036e-01	2.992489132326155987e-01	1.898546473713355054e-01	8.832510652493456849e-02	4.025830452287089412e-02	1.000921241120383554e-01
2.041539030162529116e+03	1.741428614712406120e-01	1.076595468581955373e-01	2.994076780225966572e-01	1.899612644443385290e-01	8.837619445481281755e-02	4.029346782262720889e-02	1.001589869256157977e-01
2.046376800376184747e+03	1.739003349460553072e-01	1.074860632953057449e-01	2.995655139329451710e-01	1.900672076579581204e-01	8.842698252924874325e-02	4.032846341054323325e-02	1.002254342273708326e-01
2.051214570589840150e+03	1.736592571360997261e-01	1.073136019595314350e-01	2.997224267321405011e-01	1.901724816294638742e-01	8.847747216883428134e-02	4.036329159297612212e-02	1.002914687803811711e-01
2.056052340803495554e+03	1.734196190283762984e-01	1.071421570801359552e-01	2.998784221468184796e-01	1.902770909367631491e-01	8.852766479683794876e-02	4.039795268666380307e-02	1.003570933238314700e-01
2.060890111017150957e+03	1.731814116797092684e-01	1.069717229079371335e-01	3.000335058621969031e-01	1.903810401188651691e-01	8.857756183888240709e-02	4.043244701843728278e-02	1.004223105733989124e-01
2.065727881230805451e+03	1.729446262156940362e-01	1.068022937157002417e-01	3.001876835224948081e-01	1.904843336763396844e-01	8.862716472263239276e-02	4.046677492493925415e-02	1.004871232216266036e-01
2.070565651444461309e+03	1.727092538296778057e-01	1.066338637985079496e-01	3.003409607313443641e-01	1.905869760717700812e-01	8.867647487749261148e-02	4.050093675234872626e-02	1.005515339382854617e-01
2.075403421658116713e+03	1.724752857817697660e-01	1.064664274741080607e-01	3.004933430521959381e-01	1.906889717302009957e-01	8.872549373431552755e-02	4.053493285611161484e-02	1.006155453707251179e-01
2.080241191871772116e+03	1.722427133978801372e-01	1.062999790832399455e-01	3.006448360087166649e-01	1.907903250395803774e-01	8.877422272511849288e-02	4.056876360067712683e-02	1.006791601442142969e-01
2.085078962085427065e+03	1.720115280687867232e-01	1.061345129899407408e-01	3.007954450851826333e-01	1.908910403511957787e-01	8.882266328281018808e-02	4.060242935923985552e-02	1.007423808622710942e-01
2.089916732299082469e+03	1.717817212492283308e-01	1.059700235818320235e-01	3.009451757268648553e-01	1.909911219801047610e-01	8.887081684092594525e-02	4.063593051348737828e-02	1.008052101069837198e-01
2.094754502512737417e+03	1.715532844570236137e-01	1.058065052703876519e-01	3.010940333404088509e-01	1.910905742055598877e-01	8.891868483337170281e-02	4.066926745335332216e-02	1.008676504393219847e-01
2.099592272726392821e+03	1.713262092722147856e-01	1.056439524911838290e-01	3.012420232942086273e-01	1.911894012714276669e-01	8.896626869417641192e-02	4.070244057677569610e-02	1.009297043994399762e-01
2.104430042940048224e+03	1.711004873362350354e-01	1.054823597041320143e-01	3.013891509187744400e-01	1.912876073866019433e-01	8.901356985725268622e-02	4.073545028946046892e-02	1.009913745069703356e-01
2.109267813153704083e+03	1.708761103510990642e-01	1.053217213936951807e-01	3.015354215070955024e-01	1.913851967254113218e-01	8.906058975616529261e-02	4.076829700465015721e-02	1.010526632613104187e-01
2.114105583367359031e+03	1.706530700786155763e-01	1.051620320690885568e-01	3.016808403149963680e-01	1.914821734280208743e-01	8.910732982390739965e-02	4.080098114289746475e-02	1.011135731419007255e-01
2.118943353581013525e+03	1.704313583396211418e-01	1.050032862644651177e-01	3.018254125614885375e-01	1.915785416008282949e-01	8.915379149268423675e-02	4.083350313184370278e-02	1.011741066084959617e-01
2.123781123794669384e+03	1.702109670132347652e-01	1.048454785390866423e-01	3.019691434291165155e-01	1.916743053168541155e-01	8.919997619370416408e-02	4.086586340600199124e-02	1.012342661014288131e-01
2.128618894008324787e+03	1.699918880361319939e-01	1.046886034774809765e-01	3.021120380642988157e-01	1.917694686161263429e-01	8.924588535697669522e-02	4.089806240654517144e-02	1.012940540418670460e-01
2.133456664221980191e+03	1.697741134018382059e-01	1.045326556895860015e-01	3.022541015776639139e-01	1.918640355060594327e-01	8.929152041111737548e-02	4.093010058109815968e-02	1.013534728320639594e-01
2.138294434435635139e+03	1.695576351600404374e-01	1.043776298108808481e-01	3.023953390443812062e-01	1.919580099618277136e-01	8.933688278315934927e-02	4.096197838353485277e-02	1.014125248556025233e-01
2.143132204649290543e+03	1.693424454159168924e-01	1.042235205025051348e-01	3.025357555044874691e-01	1.920513959267332038e-01	8.938197389837139462e-02	4.099369627377936337e-02	1.014712124776334795e-01
2.147969974862945492e+03	1.691285363294833810e-01	1.040703224513663538e-01	3.026753559632079371e-01	1.921441973125679603e-01	8.942679518008218864e-02	4.102525471761150205e-02	1.015295380451075591e-01
2.152807745076601350e+03	1.689159001149564410e-01	1.039180303702363362e-01	3.028141453912738257e-01	1.922364179999709044e-01	8.947134804951072107e-02	4.105665418647646420e-02	1.015875038870021618e-01
2.157645515290255844e+03	1.687045290401324171e-01	1.037666389978368769e-01	3.029521287252343598e-01	1.923280618387794572e-01	8.951563392560256405e-02	4.108789515729861785e-02	1.016451123145425545e-01
2.162483285503912157e+03	1.684944154257816407e-01	1.036161430989153698e-01	3.030893108677650827e-01	1.924191326483756237e-01	8.955965422487197070e-02	4.111897811229926064e-02	1.017023656214179061e-01
2.167321055717567106e+03	1.682855516450576794e-01	1.034665374643105318e-01	3.032256966879716131e-01	1.925096342180269149e-01	8.960341036124945535e-02	4.114990353881831098e-02	1.017592660839923419e-01
2.172158825931222509e+03	1.680779301229207434e-01	1.033178169110088446e-01	3.033612910216892944e-01	1.925995703072221343e-01	8.964690374593491107e-02	4.118067192913987123e-02	1.018158159615111247e-01
2.176996596144877003e+03	1.678715433355747189e-01	1.031699762821922384e-01	3.034960986717786247e-01	1.926889446460018918e-01	8.969013578725584801e-02	4.121128378032147543e-02	1.018720174963021335e-01
2.181834366358532861e+03	1.676663838099178017e-01	1.030230104472770331e-01	3.036301244084168571e-01	1.927777609352842592e-01	8.973310789053087766e-02	4.124173959402710476e-02	1.019278729139730388e-01
2.186672136572187810e+03	1.674624441230057326e-01	1.028769143019448995e-01	3.037633729693854923e-01	1.928660228471851812e-01	8.977582145793806812e-02	4.127203987636374888e-02	1.019833844236038844e-01
2.191509906785843214e+03	1.672597169015274388e-01	1.027316827681659939e-01	3.038958490603540508e-01	1.929537340253341393e-01	8.981827788838817050e-02	4.130218513772150601e-02	1.020385542179357286e-01
2.196347676999498617e+03	1.670581948212927215e-01	1.025873107942146673e-01	3.040275573551599608e-01	1.930408980851849310e-01	8.986047857740246669e-02	4.133217589261715258e-02	1.020933844735551072e-01
2.201185447213154021e+03	1.668578706067312956e-01	1.024437933546780560e-01	3.041585024960848926e-01	1.931275186143217304e-01	8.990242491699527994e-02	4.136201265954108502e-02	1.021478773510746119e-01
2.206023217426809424e+03	1.666587370304032090e-01	1.023011254504579554e-01	3.042886890941273736e-01	1.932135991727602642e-01	8.994411829556070437e-02	4.139169596080760627e-02	1.022020349953097762e-01
2.210860987640464373e+03	1.664607869125197814e-01	1.021593021087661562e-01	3.044181217292720176e-01	1.932991432932446296e-01	8.998556009776383091e-02	4.142122632240839708e-02	1.022558595354521593e-01
2.215698757854119776e+03	1.662640131204750071e-01	1.020183183831136486e-01	3.045468049507549235e-01	1.933841544815391444e-01	9.002675170443595609e-02	4.145060427386924873e-02	1.023093530852390992e-01
2.220536528067775180e+03	1.660684085683870048e-01	1.018781693532939542e-01	3.046747432773260766e-01	1.934686362167162277e-01	9.006769449247395420e-02	4.147983034810982794e-02	1.023625177431199684e-01
2.225374298281430583e+03	1.658739662166492101e-01	1.017388501253607691e-01	3.048019411975083082e-01	1.935525919514395343e-01	9.010838983474352137e-02	4.150890508130657824e-02	1.024153555924190440e-01
2.230212068495085077e+03	1.656806790714907829e-01	1.016003558316003613e-01	3.049284031698529240e-01	1.936360251122427323e-01	9.014883909998623601e-02	4.153782901275856337e-02	1.024678687014953515e-01
2.235049838708740936e+03	1.654885401845460902e-01	1.014626816304987772e-01	3.050541336231920586e-01	1.937189390998042271e-01	9.018904365273031076e-02	4.156660268475621117e-02	1.025200591238992487e-01
2.239887608922396339e+03	1.652975426524330993e-01	1.013258227067041634e-01	3.051791369568880863e-01	1.938013372892174735e-01	9.022900485320489716e-02	4.159522664245297874e-02	1.025719288985261768e-01
2.244725379136052197e+03	1.651076796163399030e-01	1.011897742709845782e-01	3.053034175410799245e-01	1.938832230302574011e-01	9.026872405725798465e-02	4.162370143373983478e-02	1.026234800497673044e-01
2.249563149349706237e+03	1.649189442616197099e-01	1.010545315601812655e-01	3.054269797169258394e-01	1.939645996476425105e-01	9.030820261627757473e-02	4.165202760912244812e-02	1.026747145876575895e-01
2.254400919563362095e+03	1.647313298173934404e-01	1.009200898371577643e-01	3.055498277968441978e-01	1.940454704412932496e-01	9.034744187711624130e-02	4.168020572160108933e-02	1.027256345080209271e-01
2.259238689777017044e+03	1.645448295561603713e-01	1.007864443907450502e-01	3.056719660647505554e-01	1.941258386865862828e-01	9.038644318201873029e-02	4.170823632655322466e-02	1.027762417926126604e-01
2.264076459990672902e+03	1.643594367934156364e-01	1.006535905356828881e-01	3.057933987762921912e-01	1.942057076346050404e-01	9.042520786855282044e-02	4.173611998161861486e-02	1.028265384092596491e-01
2.268914230204327851e+03	1.641751448872752761e-01	1.005215236125575062e-01	3.059141301590798112e-01	1.942850805123864655e-01	9.046373726954311245e-02	4.176385724658703003e-02	1.028765263119977014e-01
2.273752000417983254e+03	1.639919472381079213e-01	1.003902389877358720e-01	3.060341644129163097e-01	1.943639605231640144e-01	9.050203271300773233e-02	4.179144868328839996e-02	1.029262074412066741e-01
2.278589770631638203e+03	1.638098372881734155e-01	1.002597320532967462e-01	3.061535057100231993e-01	1.944423508466071315e-01	9.054009552209787981e-02	4.181889485548543478e-02	1.029755837237431582e-01
2.283427540845293606e+03	1.636288085212676824e-01	1.001299982269586025e-01	3.062721581952641547e-01	1.945202546390569498e-01	9.057792701504011057e-02	4.184619632876861867e-02	1.030246570730708744e-01
2.288265311058949010e+03	1.634488544623739770e-01	1.000010329520046176e-01	3.063901259863658910e-01	1.945976750337586880e-01	9.061552850508139412e-02	4.187335367045352807e-02	1.030734293893888764e-01
2.293103081272604413e+03	1.632699686773201875e-01	9.987283169720488629e-02	3.065074131741366559e-01	1.946746151410905512e-01	9.065290130043657246e-02	4.190036744948046066e-02	1.031219025597576305e-01
2.297940851486259817e+03	1.630921447724419382e-01	9.974538995673597197e-02	3.066240238226822235e-01	1.947510780487891335e-01	9.069004670423846948e-02	4.192723823631634011e-02	1.031700784582228608e-01
2.302778621699914765e+03	1.629153763942514932e-01	9.961870325009804239e-02	3.067399619696191126e-01	1.948270668221716295e-01	9.072696601449044274e-02	4.195396660285873741e-02	1.032179589459374658e-01
