1.354575659823479100e+03	2.310209068642005703e-01	1.444117978637295407e-01	2.637297674626430943e-01	1.661736627247749065e-01	7.814672260273980431e-02	3.337389422824744295e-02	8.314324825308361255e-02
1.359413430037134731e+03	2.303215229723439006e-01	1.441226127508300203e-01	2.641219349730190014e-01	1.663561080038626072e-01	7.822595476409344162e-02	3.342679867064474175e-02	8.342506786462521029e-02
1.364251200250789907e+03	2.296326571529389293e-01	1.438295556392033547e-01	2.645107472788458258e-01	1.665442742371137375e-01	7.830507728608961104e-02	3.348015843870041225e-02	8.369752996652714272e-02
1.369088970464445310e+03	2.289539104857080398e-01	1.435329511292130211e-01	2.648962627232388511e-01	1.667375225163176822e-01	7.838415477563805134e-02	3.353393573930200239e-02	8.396126263000135148e-02
1.373926740678100487e+03	2.282849039129636326e-01	1.432331057439701072e-01	2.652785381484482619e-01	1.669352693252965092e-01	7.846324246852433293e-02	3.358809519404815092e-02	8.421684520616798397e-02
1.378764510891755890e+03	2.276252772378148659e-01	1.429303088921017872e-01	2.656576289137857483e-01	1.671369818696358811e-01	7.854238717136985404e-02	3.364260366488392578e-02	8.446481224982689551e-02
1.383602281105411066e+03	2.269746881707144504e-01	1.426248337802545341e-01	2.660335889165817425e-01	1.673421737973830037e-01	7.862162811912137839e-02	3.369743009329708577e-02	8.470565712206674924e-02
1.388440051319066470e+03	2.263328114222291909e-01	1.423169382778856074e-01	2.664064706157129314e-01	1.675504012780723584e-01	7.870099775532127251e-02	3.375254535198359690e-02	8.493983529821395873e-02
1.393277821532721646e+03	2.256993378399896610e-01	1.420068657367727916e-01	2.667763250572885991e-01	1.677612594101617338e-01	7.878052244179863106e-02	3.380792210797999020e-02	8.516776740542743307e-02
1.398115591746377049e+03	2.250739735878471981e-01	1.416948457675540896e-01	2.671432019021268145e-01	1.679743789294562140e-01	7.886022310386124612e-02	3.386353469634208191e-02	8.538984201223118187e-02
1.402953361960032225e+03	2.244564393653361856e-01	1.413810949754964186e-01	2.675071494546920059e-01	1.681894231933838690e-01	7.894011581655477339e-02	3.391935900352496119e-02	8.560641819043057765e-02
1.407791132173687402e+03	2.238464696656120023e-01	1.410658176575834699e-01	2.678682146932019337e-01	1.684060854180839117e-01	7.902021233708526882e-02	3.397537235968792896e-02	8.581782786816427588e-02
1.412628902387342805e+03	2.232438120701023265e-01	1.407492064629115025e-01	2.682264433006426030e-01	1.686240861471888508e-01	7.910052058807029440e-02	3.403155343921155512e-02	8.602437799129161733e-02
1.417466672600997981e+03	2.226482265781789538e-01	1.404314430182819207e-01	2.685818796964620780e-01	1.688431709329435981e-01	7.918104509588887174e-02	3.408788216877203098e-02	8.622635250889118530e-02
1.422304442814653157e+03	2.220594849702235418e-01	1.401126985207863662e-01	2.689345670687376955e-01	1.690631082119199990e-01	7.926178738803867085e-02	3.414433964237138103e-02	8.642401419734098422e-02
1.427142213028308333e+03	2.214773702025252533e-01	1.397931342990913484e-01	2.692845474066365985e-01	1.692836873590636282e-01	7.934274635307776713e-02	3.420090804277102492e-02	8.661760633625301131e-02
1.431979983241963964e+03	2.209016758325134666e-01	1.394729023450422545e-01	2.696318615330123292e-01	1.695047169051677738e-01	7.942391856642419534e-02	3.425757056882099832e-02	8.680735424843760706e-02
1.436817753455619140e+03	2.203322054728884816e-01	1.391521458171277315e-01	2.699765491369970349e-01	1.697260229041123170e-01	7.950529858500868241e-02	3.431431136821846278e-02	8.699346671506591466e-02
1.441655523669274316e+03	2.197687722732755422e-01	1.388309995172658518e-01	2.703186488064687198e-01	1.699474474373449673e-01	7.958687921352100569e-02	3.437111547526697924e-02	8.717613727627553100e-02
1.446493293882929493e+03	2.192111984280840087e-01	1.385095903423011199e-01	2.706581980602881798e-01	1.701688472441277578e-01	7.966865174475712408e-02	3.442796875324259653e-02	8.735554542661781718e-02
1.451331064096585123e+03	2.186593147093114919e-01	1.381880377115306258e-01	2.709952333802131963e-01	1.703900924670291583e-01	7.975060617636031690e-02	3.448485784100487755e-02	8.753185771396893022e-02
1.456168834310240300e+03	2.181129600230868049e-01	1.378664539715104831e-01	2.713297902424132713e-01	1.706110655030196877e-01	7.983273140605372242e-02	3.454177010352006000e-02	8.770522874981451222e-02
1.461006604523895703e+03	2.175719809887986245e-01	1.375449447793312685e-01	2.716619031485161817e-01	1.708316599513343692e-01	7.991501540728254693e-02	3.459869358599056838e-02	8.787580213816489905e-02
1.465844374737550879e+03	2.170362315397083297e-01	1.372236094654887550e-01	2.719916056561307860e-01	1.710517796500024834e-01	7.999744538701972218e-02	3.465561697130959545e-02	8.804371132975884195e-02
1.470682144951206283e+03	2.165055725439941348e-01	1.369025413774205280e-01	2.723189304087976215e-01	1.712713377936211645e-01	8.008000792733835360e-02	3.471252954058233475e-02	8.820908040766439751e-02
1.475519915164861459e+03	2.159798714452219603e-01	1.365818282047231158e-01	2.726439091653287683e-01	1.714902561255696178e-01	8.016268911221689775e-02	3.476942113647593646e-02	8.837202480988219644e-02
1.480357685378516862e+03	2.154590019212833385e-01	1.362615522870126716e-01	2.729665728285044501e-01	1.717084641984283067e-01	8.024547464091645599e-02	3.482628212917964622e-02	8.853265199409360298e-02
1.485195455592172038e+03	2.149428435608853327e-01	1.359417909053425300e-01	2.732869514731009475e-01	1.719258986968882352e-01	8.032834992915420524e-02	3.488310338477390582e-02	8.869106204927335035e-02
1.490033225805827215e+03	2.144312815567196440e-01	1.356226165580438070e-01	2.736050743732301171e-01	1.721425028179131289e-01	8.041130019919161265e-02	3.493987623582343188e-02	8.884734825849673057e-02
1.494870996019482618e+03	2.139242064144785682e-01	1.353040972218113036e-01	2.739209700289761407e-01	1.723582257033542953e-01	8.049431055985863115e-02	3.499659245402394342e-02	8.900159761691560367e-02
1.499708766233137567e+03	2.134215136769242183e-01	1.349862965988128938e-01	2.742346661923190654e-01	1.725730219206191851e-01	8.057736607744708790e-02	3.505324422474592055e-02	8.915389130855008726e-02
1.504546536446793198e+03	2.129231036622555584e-01	1.346692743505619738e-01	2.745461898923395871e-01	1.727868509873620451e-01	8.066045183832497301e-02	3.510982412333122499e-02	8.930430514524299868e-02
1.509384306660448374e+03	2.124288812160528284e-01	1.343530863192530789e-01	2.748555674597021881e-01	1.729996769365024500e-01	8.074355300404920111e-02	3.516632509300973014e-02	8.945290997084877349e-02
1.514222076874103550e+03	2.119387554761138492e-01	1.340377847372244968e-01	2.751628245504170733e-01	1.732114679181855077e-01	8.082665485968668073e-02	3.522274042431389890e-02	8.959977203347668784e-02
1.519059847087758726e+03	2.114526396495291227e-01	1.337234184251777924e-01	2.754679861688843490e-01	1.734221958355811055e-01	8.090974285599097926e-02	3.527906373587865602e-02	8.974495332837621742e-02
1.523897617301414357e+03	2.109704508013746926e-01	1.334100329797500983e-01	2.757710766902263799e-01	1.736318360116787807e-01	8.099280264602529145e-02	3.533528895652298524e-02	8.988851191384004957e-02
1.528735387515069533e+03	2.104921096544310199e-01	1.330976709510057754e-01	2.760721198819149347e-01	1.738403668844726302e-01	8.107582011677030853e-02	3.539141030851778585e-02	9.003050220230582323e-02
1.533573157728724709e+03	2.100175403993657375e-01	1.327863720103819034e-01	2.763711389247034411e-01	1.740477697281488101e-01	8.115878141620790076e-02	3.544742229195198963e-02	9.017097522865843984e-02
1.538410927942380113e+03	2.095466705148448794e-01	1.324761731095965567e-01	2.766681564328746790e-01	1.742540283980871241e-01	8.124167297632797768e-02	3.550331967011588485e-02	9.030997889757107211e-02
1.543248698156035516e+03	2.090794305970639921e-01	1.321671086310008125e-01	2.769631944738155660e-01	1.744591290976721387e-01	8.132448153246618627e-02	3.555909745582697817e-02	9.044755821157243747e-02
1.548086468369690692e+03	2.086157541982151531e-01	1.318592105298297124e-01	2.772562745869329714e-01	1.746630601650771553e-01	8.140719413934353887e-02	3.561475089862947696e-02	9.058375548139013800e-02
1.552924238583346096e+03	2.081555776734303476e-01	1.315525084687850788e-01	2.775474178019233240e-01	1.748658118783368298e-01	8.148979818414593679e-02	3.567027547280390842e-02	9.071861051999266512e-02
1.557762008797001272e+03	2.076988400357639153e-01	1.312470299453588618e-01	2.778366446564121683e-01	1.750673762771669806e-01	8.157228139695084368e-02	3.572566686612823478e-02	9.085216082163710682e-02
1.562599779010656675e+03	2.072454828187987597e-01	1.309428004122847045e-01	2.781239752129772147e-01	1.752677470001177129e-01	8.165463185878077401e-02	3.578092096933650074e-02	9.098444172712241707e-02
1.567437549224311852e+03	2.067954499464822182e-01	1.306398433914851276e-01	2.784094290755713685e-01	1.754669191357656477e-01	8.173683800753789308e-02	3.583603386622512960e-02	9.111548657635064330e-02
1.572275319437967255e+03	2.063486876098162837e-01	1.303381805818618899e-01	2.786930254053617273e-01	1.756648890867583968e-01	8.181888864205036360e-02	3.589100182436073816e-02	9.124532684920856618e-02
1.577113089651622431e+03	2.059051441500467095e-01	1.300378319612591205e-01	2.789747829360000320e-01	1.758616544456250153e-01	8.190077292444042367e-02	3.594582128634712936e-02	9.137399229569954928e-02
1.581950859865277607e+03	2.054647699480126044e-01	1.297388158829111404e-01	2.792547199883411713e-01	1.760572138813562282e-01	8.198248038100428015e-02	3.600048886161205663e-02	9.150151105618045677e-02
1.586788630078933011e+03	2.050275173193361611e-01	1.294411491666705161e-01	2.795328544846260033e-01	1.762515670358427156e-01	8.206400090177663753e-02	3.605500131867765690e-02	9.162790977248824742e-02
1.591626400292587959e+03	2.045933404151472901e-01	1.291448471852960078e-01	2.798092039621445370e-01	1.764447144293353198e-01	8.214532473893611242e-02	3.610935557788092637e-02	9.175321369067772348e-02
1.596464170506243590e+03	2.041621951280547242e-01	1.288499239460653700e-01	2.800837855863958503e-01	1.766366573741620372e-01	8.222644250419330891e-02	3.616354870451329862e-02	9.187744675603337630e-02
1.601301940719898766e+03	2.037340390030884241e-01	1.285563921679640509e-01	2.803566161637601195e-01	1.768273978960004655e-01	8.230734516528977196e-02	3.621757790235077129e-02	9.200063170096431375e-02
1.606139710933553943e+03	2.033088311533534920e-01	1.282642633546871858e-01	2.806277121536996932e-01	1.770169386620634167e-01	8.238802404172383687e-02	3.627144050754801258e-02	9.212279012634223829e-02
1.610977481147209119e+03	2.028865321801482657e-01	1.279735478636797874e-01	2.808970896805037532e-01	1.772052829156091636e-01	8.246847079980783313e-02	3.632513398287193912e-02	9.224394257679713327e-02
1.615815251360864750e+03	2.024671040973120284e-01	1.276842549714282127e-01	2.811647645445918275e-01	1.773924344162380040e-01	8.254867744715160827e-02	3.637865591225220713e-02	9.236410861044394571e-02
1.620653021574519926e+03	2.020505102595805402e-01	1.273963929352042168e-01	2.814307522333926448e-01	1.775783973854808961e-01	8.262863632665717883e-02	3.643200399562743913e-02	9.248330686347494556e-02
1.625490791788175102e+03	2.016367152947377839e-01	1.271099690514526648e-01	2.816950679318110939e-01	1.777631764572287498e-01	8.270834011010150255e-02	3.648517604406791709e-02	9.260155511001812167e-02
1.630328562001830505e+03	2.012256850393646657e-01	1.268249897110035052e-01	2.819577265322993909e-01	1.779467766325881217e-01	8.278778179137624704e-02	3.653816997515659665e-02	9.271887031762934828e-02
1.635166332215485909e+03	2.008173864779941586e-01	1.265414604512789809e-01	2.822187426445451619e-01	1.781292032387845059e-01	8.286695467944657501e-02	3.659098380861180999e-02	9.283526869875656506e-02
1.640004102429141085e+03	2.004117876854939195e-01	1.262593860056579198e-01	2.824781306047918217e-01	1.783104618917658590e-01	8.294585239108456798e-02	3.664361566213620441e-02	9.295076575848737477e-02
1.644841872642796488e+03	2.000088577725050165e-01	1.259787703501504263e-01	2.827359044848027358e-01	1.784905584621887253e-01	8.302446884342692957e-02	3.669606374747740735e-02	9.306537633886638461e-02
1.649679642856451665e+03	1.996085668337759800e-01	1.256996167475278037e-01	2.829920781004834907e-01	1.786694990444959441e-01	8.310279824640154356e-02	3.674832636668724090e-02	9.317911466004560883e-02
1.654517413070107068e+03	1.992108858992380771e-01	1.254219277890452899e-01	2.832466650201747038e-01	1.788472899288194029e-01	8.318083509506235540e-02	3.680040190856709303e-02	9.329199435851068256e-02
1.659355183283762244e+03	1.988157868876771761e-01	1.251457054338870889e-01	2.834996785726273116e-01	1.790239375754643369e-01	8.325857416186814575e-02	3.685228884528782972e-02	9.340402852260572264e-02
1.664192953497417420e+03	1.984232425628643381e-01	1.248709510464570543e-01	2.837511318546725447e-01	1.791994485917512148e-01	8.333601048893615748e-02	3.690398572917370779e-02	9.351522972556262914e-02
1.669030723711072824e+03	1.980332264920144358e-01	1.245976654316309634e-01	2.840010377385980833e-01	1.793738297110115953e-01	8.341313938029849828e-02	3.695549118964029656e-02	9.362561005622369037e-02
1.673868493924728000e+03	1.976457130064497580e-01	1.243258488680809987e-01	2.842494088792415496e-01	1.795470877735504400e-01	8.348995639418570203e-02	3.700680393027713788e-02	9.373518114763192133e-02
1.678706264138383403e+03	1.972606771643505286e-01	1.240555011397761059e-01	2.844962577208121624e-01	1.797192297094039048e-01	8.356645733535891796e-02	3.705792272606667909e-02	9.384395420364931295e-02
1.683544034352038352e+03	1.968780947154822603e-01	1.237866215657571767e-01	2.847415965034504337e-01	1.798902625227357943e-01	8.364263824750955978e-02	3.710884642073127709e-02	9.395194002375106823e-02
1.688381804565693983e+03	1.964979420677942235e-01	1.235192090282803551e-01	2.849854372695378446e-01	1.800601932777295411e-01	8.371849540574277659e-02	3.715957392420107114e-02	9.405914902613178585e-02
1.693219574779349159e+03	1.961201962557894418e-01	1.232532619994164969e-01	2.852277918697637138e-01	1.802290290858444277e-01	8.379402530915885938e-02	3.721010421019552844e-02	9.416559126924910206e-02
1.698057344993004335e+03	1.957448349105719854e-01	1.229887785661906013e-01	2.854686719689607521e-01	1.803967770943161186e-01	8.386922467354505917e-02	3.726043631391238314e-02	9.427127647192061477e-02
1.702895115206659511e+03	1.953718362314820489e-01	1.227257564543401402e-01	2.857080890517174065e-01	1.805634444757915902e-01	8.394409042418791989e-02	3.731056932981782065e-02	9.437621403208054649e-02
1.707732885420315142e+03	1.950011789592340783e-01	1.224641930507670978e-01	2.859460544277758198e-01	1.807290384189983723e-01	8.401861968881521592e-02	3.736050240953233542e-02	9.448041304429455334e-02
1.712570655633970318e+03	1.946328423504778138e-01	1.222040854247545133e-01	2.861825792372241772e-01	1.808935661203559808e-01	8.409280979067471073e-02	3.741023475980692625e-02	9.458388231612338548e-02
1.717408425847625494e+03	1.942668061537061452e-01	1.219454303480143748e-01	2.864176744554913223e-01	1.810570347764457744e-01	8.416665824175594002e-02	3.745976564058479952e-02	9.468663038341910976e-02
1.722246196061280898e+03	1.939030505864381138e-01	1.216882243136304248e-01	2.866513508981516356e-01	1.812194515772625192e-01	8.424016273615986261e-02	3.750909436314388279e-02	9.478866552463098560e-02
1.727083966274936301e+03	1.935415563136084760e-01	1.214324635539555386e-01	2.868836192255476147e-01	1.813808237001770518e-01	8.431332114362036223e-02	3.755822028831595771e-02	9.488999577419240938e-02
1.731921736488591478e+03	1.931823044270996326e-01	1.211781440575206148e-01	2.871144899472373169e-01	1.815411583045466737e-01	8.438613150318029221e-02	3.760714282477826964e-02	9.499062893505458294e-02
1.736759506702246881e+03	1.928252764263547192e-01	1.209252615850084783e-01	2.873439734262741019e-01	1.817004625269137419e-01	8.445859201702461683e-02	3.765586142741393638e-02	9.509057259042777432e-02
1.741597276915902057e+03	1.924704542000140739e-01	1.206738116843436293e-01	2.875720798833246161e-01	1.818587434767396926e-01	8.453070104447149569e-02	3.770437559573758257e-02	9.518983411478629253e-02
1.746435047129557461e+03	1.921178200085200960e-01	1.204237897049456746e-01	2.877988194006323441e-01	1.820160082326250373e-01	8.460245709612244924e-02	3.775268487238290366e-02	9.528842068418887090e-02
1.751272817343212637e+03	1.917673564676389553e-01	1.201751908111921563e-01	2.880242019258323349e-01	1.821722638389707549e-01	8.467385882817148046e-02	3.780078884164900926e-02	9.538633928596271239e-02
1.756110587556867813e+03	1.914190465328496349e-01	1.199280099951334361e-01	2.882482372756232092e-01	1.823275173030404483e-01	8.474490503687284737e-02	3.784868712810269403e-02	9.548359672779507812e-02
1.760948357770523216e+03	1.910728734845542065e-01	1.196822420885004928e-01	2.884709351393024424e-01	1.824817755923857088e-01	8.481559465316672319e-02	3.789637939523387428e-02	9.558019964627387233e-02
1.765786127984178393e+03	1.907288209140652058e-01	1.194378817740439080e-01	2.886923050821700865e-01	1.826350456326006622e-01	8.488592673746127304e-02	3.794386534416155365e-02	9.567615451491470746e-02
1.770623898197833569e+03	1.903868727103281977e-01	1.191949235962405651e-01	2.889123565488059264e-01	1.827873343053749988e-01	8.495590047456977323e-02	3.799114471238800722e-02	9.577146765170986564e-02
1.775461668411488745e+03	1.900470130473406183e-01	1.189533619714022994e-01	2.891310988662266768e-01	1.829386484468167318e-01	8.502551516880084426e-02	3.803821727259880381e-02	9.586614522623136680e-02
1.780299438625144376e+03	1.897092263722289784e-01	1.187131911972192228e-01	2.893485412469255502e-01	1.830889948460189542e-01	8.509477023919956307e-02	3.808508283150661977e-02	9.596019326631841095e-02
1.785137208838799552e+03	1.893734973939495692e-01	1.184744054617683090e-01	2.895646927918016922e-01	1.832383802438470877e-01	8.516366521493708153e-02	3.813174122873667221e-02	9.605361766437692239e-02
1.789974979052454728e+03	1.890398110725787229e-01	1.182369988520164950e-01	2.897795624929815350e-01	1.833868113319250537e-01	8.523219973084630863e-02	3.817819233575208554e-02	9.614642418331710572e-02
1.794812749266109904e+03	1.887081526091619610e-01	1.180009653618457610e-01	2.899931592365379562e-01	1.835342947518008583e-01	8.530037352310079757e-02	3.822443605481715828e-02	9.623861846215282789e-02
1.799650519479765535e+03	1.883785074360904144e-01	1.177662988996262400e-01	2.902054918051107935e-01	1.836808370942736024e-01	8.536818642503397891e-02	3.827047231799702437e-02	9.633020602128516963e-02
1.804488289693420711e+03	1.880508612079780650e-01	1.175329932953620149e-01	2.904165688804327683e-01	1.838264448988658206e-01	8.543563836309596426e-02	3.831630108619199504e-02	9.642119226749054639e-02
1.809326059907075887e+03	1.877251997930114158e-01	1.173010423074329622e-01	2.906263990457643720e-01	1.839711246534261324e-01	8.550272935294453425e-02	3.836192234820510333e-02	9.651158249863263372e-02
1.814163830120731291e+03	1.874015092647472180e-01	1.170704396289544702e-01	2.908349907882417651e-01	1.841148827938488830e-01	8.556945949566759080e-02	3.840733611984143564e-02	9.660138190811580483e-02
1.819001600334386467e+03	1.870797758943335554e-01	1.168411788937760987e-01	2.910423525011411328e-01	1.842577257038985061e-01	8.563582897413353490e-02	3.845254244303786262e-02	9.669059558909647023e-02
1.823839370548041643e+03	1.867599861431319397e-01	1.166132536821388177e-01	2.912484924860625490e-01	1.843996597151274786e-01	8.570183804946662764e-02	3.849754138502191336e-02	9.677922853846782081e-02
1.828677140761696819e+03	1.864421266557189094e-01	1.163866575260093933e-01	2.914534189550367915e-01	1.845406911068775413e-01	8.576748705764399017e-02	3.854233303749857176e-02	9.686728566063192158e-02
1.833514910975352450e+03	1.861261842532463406e-01	1.161613839141097115e-01	2.916571400325582153e-01	1.846808261063553336e-01	8.583277640621109206e-02	3.858691751586380142e-02	9.695477177107261757e-02
1.838352681189008081e+03	1.858121459271417086e-01	1.159374262966575281e-01	2.918596637575465724e-01	1.848200708887736410e-01	8.589770657111238383e-02	3.863129495844381395e-02	9.704169159974151970e-02
1.843190451402663257e+03	1.854999988331297311e-01	1.157147780898345468e-01	2.920609980852404974e-01	1.849584315775510135e-01	8.596227809363400640e-02	3.867546552575894248e-02	9.712804979426835350e-02
1.848028221616318433e+03	1.851897302855583793e-01	1.154934326799967464e-01	2.922611508890259335e-01	1.850959142445628147e-01	8.602649157745539954e-02	3.871942939981115606e-02	9.721385092300659225e-02
1.852865991829973609e+03	1.848813277520126030e-01	1.152733834276408881e-01	2.924601299622011652e-01	1.852325249104374294e-01	8.609034768580640928e-02	3.876318678339433360e-02	9.729909947792417246e-02
1.857703762043628785e+03	1.845747788482006990e-01	1.150546236711408460e-01	2.926579430196817877e-01	1.853682695448917728e-01	8.615384713872706324e-02	3.880673789942635371e-02	9.738379987734849252e-02
1.862541532257283961e+03	1.842700713330984452e-01	1.148371467302660570e-01	2.928545976996475009e-01	1.855031540671014112e-01	8.621699071042686346e-02	3.885008299030217466e-02	9.746795646857449313e-02
1.867379302470939592e+03	1.839671931043372899e-01	1.146209459094942873e-01	2.930501015651335583e-01	1.856371843461004090e-01	8.627977922674039124e-02	3.889322231726710655e-02	9.755157353034382695e-02
1.872217072684594768e+03	1.836661321938234115e-01	1.144060145011297769e-01	2.932444621055685374e-01	1.857703662012066825e-01	8.634221356267648972e-02	3.893615615980948463e-02	9.763465527520250042e-02
1.877054842898249490e+03	1.833668767635754093e-01	1.141923457882375453e-01	2.934376867382605392e-01	1.859027054024691983e-01	8.640429464005787430e-02	3.897888481507209152e-02	9.771720585174421825e-02
1.881892613111905121e+03	1.830694151017687177e-01	1.139799330474040445e-01	2.936297828098344276e-01	1.860342076711338777e-01	8.646602342524849216e-02	3.902140859728149558e-02	9.779922934674581403e-02
1.886730383325560297e+03	1.827737356189759188e-01	1.137687695513333874e-01	2.938207575976217178e-01	1.861648786801242961e-01	8.652740092696564744e-02	3.906372783719479214e-02	9.788072978720109563e-02
1.891568153539215928e+03	1.824798268445922689e-01	1.135588485712885759e-01	2.940106183110042792e-01	1.862947240545357597e-01	8.658842819417428283e-02	3.910584288156303268e-02	9.796171114225861454e-02
1.896405923752871104e+03	1.821876774234365004e-01	1.133501633793859015e-01	2.941993720927152944e-01	1.864237493721388750e-01	8.664910631406058661e-02	3.914775409261072453e-02	9.804217732506891048e-02
1.901243693966526507e+03	1.818972761125176862e-01	1.131427072507508874e-01	2.943870260200971978e-01	1.865519601638915004e-01	8.670943641008242719e-02	3.918946184753090145e-02	9.812213219454617164e-02
1.906081464180181683e+03	1.816086117779592279e-01	1.129364734655431413e-01	2.945735871063198119e-01	1.866793619144564709e-01	8.676941964009400599e-02	3.923096653799510586e-02	9.820157955704897357e-02
1.910919234393836859e+03	1.813216733920714197e-01	1.127314553108574452e-01	2.947590623015595157e-01	1.868059600627235417e-01	8.682905719454221682e-02	3.927226856967790114e-02	9.828052316798467636e-02
1.915757004607492036e+03	1.810364500305648994e-01	1.125276460825080233e-01	2.949434584941411086e-01	1.869317600023338855e-01	8.688835029473217231e-02	3.931336836179524785e-02	9.835896673334140750e-02
1.920594774821147894e+03	1.807529308698971604e-01	1.123250390867021886e-01	2.951267825116434818e-01	1.870567670822059492e-01	8.694730019115991249e-02	3.935426634665638995e-02	9.843691391115166889e-02
1.925432545034802843e+03	1.804711051847452952e-01	1.121236276416096855e-01	2.953090411219714828e-01	1.871809866070611172e-01	8.700590816190936772e-02	3.939496296922873758e-02	9.851436831289109297e-02
1.930270315248458019e+03	1.801909623455981713e-01	1.119234050788333601e-01	2.954902410343936414e-01	1.873044238379483195e-01	8.706417551111204911e-02	3.943545868671528842e-02	9.859133350481583125e-02
1.935108085462113195e+03	1.799124918164616560e-01	1.117243647447866556e-01	2.956703889005492525e-01	1.874270839927663912e-01	8.712210356746666329e-02	3.947575396814421295e-02	9.866781300924180875e-02
1.939945855675768371e+03	1.796356831526705333e-01	1.115265000019831365e-01	2.958494913154234296e-01	1.875489722467836018e-01	8.717969368281701381e-02	3.951584929397015250e-02	9.874381030576882823e-02
1.944783625889424002e+03	1.793605259988021727e-01	1.113298042302428431e-01	2.960275548182935701e-01	1.876700937331532149e-01	8.723694723078574687e-02	3.955574515568686250e-02	9.881932883245227173e-02
1.949621396103079178e+03	1.790870100866858994e-01	1.111342708278200836e-01	2.962045858936471765e-01	1.877904535434250233e-01	8.729386560546238683e-02	3.959544205545085377e-02	9.889437198692525854e-02
1.954459166316734354e+03	1.788151252335031804e-01	1.109398932124571191e-01	2.963805909720723109e-01	1.879100567280514722e-01	8.735045022014326088e-02	3.963494050571560873e-02	9.896894312747367417e-02
1.959296936530389530e+03	1.785448613399739370e-01	1.107466648223677103e-01	2.965555764311219034e-01	1.880289082968887027e-01	8.740670250612184167e-02	3.967424102887607412e-02	9.904304557406641563e-02
1.964134706744044706e+03	1.782762083886241244e-01	1.105545791171546194e-01	2.967295485961525814e-01	1.881470132196915446e-01	8.746262391152750948e-02	3.971334415692313879e-02	9.911668260934307362e-02
1.968972476957700337e+03	1.780091564421306394e-01	1.103636295786644822e-01	2.969025137411392956e-01	1.882643764266022923e-01	8.751821590021097164e-02	3.975225043110766632e-02	9.918985747956123034e-02
1.973810247171355968e+03	1.777436956417391967e-01	1.101738097117838100e-01	2.970744780894664649e-01	1.883810028086329857e-01	8.757347995067479851e-02	3.979096040161388820e-02	9.926257339550541292e-02
1.978648017385010689e+03	1.774798162057514006e-01	1.099851130451792863e-01	2.972454478146965839e-01	1.884968972181410019e-01	8.762841755504713337e-02	3.982947462724181764e-02	9.933483353335929855e-02
1.983485787598666320e+03	1.772175084280773194e-01	1.097975331319853975e-01	2.974154290413172919e-01	1.886120644692974302e-01	8.768303021809739639e-02	3.986779367509839939e-02	9.940664103554325282e-02
1.988323557812321269e+03	1.769567626768501212e-01	1.096110635504424780e-01	2.975844278454671810e-01	1.887265093385486758e-01	8.773731945629213713e-02	3.990591812029713192e-02	9.947799901151875568e-02
1.993161328025976900e+03	1.766975693930997737e-01	1.094256979044878758e-01	2.977524502556415098e-01	1.888402365650704851e-01	8.779128679688960601e-02	3.994384854566593313e-02	9.954891053856122773e-02
1.997999098239632076e+03	1.764399190894820613e-01	1.092414298243028631e-01	2.979195022533790982e-01	1.889532508512149211e-01	8.784493377707178197e-02	3.998158554146290927e-02	9.961937866250279716e-02
2.002836868453287707e+03	1.761838023490607807e-01	1.090582529668178424e-01	2.980855897739295157e-01	1.890655568629496797e-01	8.789826194311226026e-02	4.001912970509988177e-02	9.968940639844649232e-02
2.007674638666942428e+03	1.759292098241397040e-01	1.088761610161781690e-01	2.982507187069030619e-01	1.891771592302902150e-01	8.795127284957869607e-02	4.005648164087340785e-02	9.975899673145312285e-02
2.012512408880597604e+03	1.756761322351421684e-01	1.086951476841726688e-01	2.984148948969033155e-01	1.892880625477243450e-01	8.800396805856876281e-02	4.009364195970305939e-02	9.982815261720202893e-02
2.017350179094252780e+03	1.754245603695353539e-01	1.085152067106272961e-01	2.985781241441424205e-01	1.893982713746294178e-01	8.805634913897797400e-02	4.013061127887672386e-02	9.989687698262714188e-02
2.022187949307908411e+03	1.751744850807974707e-01	1.083363318637655115e-01	2.987404122050407729e-01	1.895077902356820942e-01	8.810841766579846634e-02	4.016739022180276092e-02	9.996517272652920283e-02
2.027025719521564042e+03	1.749258972874250806e-01	1.081585169405375607e-01	2.989017647928110533e-01	1.896166236212608602e-01	8.816017521944752300e-02	4.020397941776879952e-02	1.000330427201654715e-01
2.031863489735218764e+03	1.746787879719786662e-01	1.079817557669202482e-01	2.990621875780269390e-01	1.897247759878412099e-01	8.821162338512457401e-02	4.024037950170697431e-02	1.001004898078177718e-01
2.036701259948874394e+03	1.744331481801648931e-01	1.078060421981889977e-01	2.992216861891776603e-01	1.898322517583836411e-01	8.826276375219577197e-02	4.027659111396544867e-02	1.001675168073399014e-01
2.041539030162529116e+03	1.741889690199528162e-01	1.076313701191637939e-01	2.993802662132088455e-01	1.899390553227145451e-01	8.831359791360506029e-02	4.031261490008591908e-02	1.002341265106853480e-01
2.046376800376184747e+03	1.739462416607230055e-01	1.074577334444302978e-01	2.995379331960490998e-01	1.900451910379000464e-01	8.836412746531054074e-02	4.034845151058713553e-02	1.003003216844161882e-01
2.051214570589840150e+03	1.737049573324476459e-01	1.072851261185378269e-01	2.996946926431244274e-01	1.901506632286129317e-01	8.841435400574552961e-02	4.038410160075409094e-02	1.003661050701938756e-01
2.056052340803495554e+03	1.734651073248998643e-01	1.071135421161753948e-01	2.998505500198596074e-01	1.902554761874928058e-01	8.846427913530292841e-02	4.041956583043278262e-02	1.004314793852529447e-01
2.060890111017150957e+03	1.732266829868910341e-01	1.069429754423270873e-01	3.000055107521677478e-01	1.903596341754994758e-01	8.851390445584246536e-02	4.045484486383039979e-02	1.004964473228581456e-01
2.065727881230805451e+03	1.729896757255346418e-01	1.067734201324079535e-01	3.001595802269278468e-01	1.904631414222597297e-01	8.856323157021951664e-02	4.048993936932077792e-02	1.005610115527458687e-01
2.070565651444461309e+03	1.727540770055351615e-01	1.066048702523816200e-01	3.003127637924514759e-01	1.905660021264077852e-01	8.861226208183493880e-02	4.052485001925494601e-02	1.006251747215504283e-01
2.075403421658116713e+03	1.725198783485006049e-01	1.064373198988606134e-01	3.004650667589381374e-01	1.906682204559193294e-01	8.866099759420505155e-02	4.055957748977663535e-02	1.006889394532159698e-01
2.080241191871772116e+03	1.722870713322781355e-01	1.062707631991904739e-01	3.006164943989203531e-01	1.907698005484392278e-01	8.870943971055091082e-02	4.059412246064269397e-02	1.007523083493945260e-01
2.085078962085427065e+03	1.720556475903106119e-01	1.061051943115184915e-01	3.007670519476987603e-01	1.908707465116032953e-01	8.875759003340619180e-02	4.062848561504811551e-02	1.008152839898308478e-01
2.089916732299082469e+03	1.718255988110141963e-01	1.059406074248481905e-01	3.009167446037666616e-01	1.909710624233540710e-01	8.880545016424297444e-02	4.066266763945566853e-02	1.008778689327345240e-01
2.094754502512737417e+03	1.715969167371747262e-01	1.057769967590801025e-01	3.010655775292260250e-01	1.910707523322507650e-01	8.885302170311466796e-02	4.069666922343000842e-02	1.009400657151399983e-01
2.099592272726392821e+03	1.713695931653629601e-01	1.056143565650399657e-01	3.012135558501934374e-01	1.911698202577734318e-01	8.890030624831544992e-02	4.073049105947606358e-02	1.010018768532549294e-01
2.104430042940048224e+03	1.711436199453672258e-01	1.054526811244947820e-01	3.013606846571980080e-01	1.912682701906216476e-01	8.894730539605555375e-02	4.076413384288168906e-02	1.010633048427973246e-01
2.109267813153704083e+03	1.709189889796426387e-01	1.052919647501578543e-01	3.015069690055696694e-01	1.913661060930077762e-01	8.899402074015184960e-02	4.079759827156436564e-02	1.011243521593220701e-01
2.114105583367359031e+03	1.706956922227762241e-01	1.051322017856829855e-01	3.016524139158202056e-01	1.914633318989447663e-01	8.904045387173296910e-02	4.083088504592190943e-02	1.011850212585371500e-01
2.118943353581013525e+03	1.704737216809671108e-01	1.049733866056489356e-01	3.017970243740154546e-01	1.915599515145289811e-01	8.908660637895858547e-02	4.086399486868708131e-02	1.012453145766100127e-01
2.123781123794669384e+03	1.702530694115210463e-01	1.048155136155344835e-01	3.019408053321403496e-01	1.916559688182177534e-01	8.913247984675214119e-02	4.089692844478595019e-02	1.013052345304645274e-01
2.128618894008324787e+03	1.700337275223584577e-01	1.046585772516847035e-01	3.020837617084556892e-01	1.917513876611020296e-01	8.917807585654656533e-02	4.092968648119994779e-02	1.013647835180688100e-01
2.133456664221980191e+03	1.698156881715357502e-01	1.045025719812691239e-01	3.022258983878485239e-01	1.918462118671743766e-01	8.922339598604245303e-02	4.096226968683150393e-02	1.014239639187144715e-01
2.138294434435635139e+03	1.695989435667785705e-01	1.043474923022320588e-01	3.023672202221747707e-01	1.919404452335919942e-01	8.926844180897823555e-02	4.099467877237317898e-02	1.014827780932873735e-01
2.143132204649290543e+03	1.693834859650272806e-01	1.041933327432358475e-01	3.025077320305952222e-01	1.920340915309353691e-01	8.931321489491178545e-02	4.102691445018018940e-02	1.015412283845304742e-01
2.147969974862945492e+03	1.691693076719933408e-01	1.040400878635972109e-01	3.026474385999050054e-01	1.921271545034623496e-01	8.935771680901308245e-02	4.105897743414625017e-02	1.015993171172989568e-01
2.152807745076601350e+03	1.689564010417263507e-01	1.038877522532174330e-01	3.027863446848565454e-01	1.922196378693578622e-01	8.940194911186746807e-02	4.109086843958262986e-02	1.016570465988079069e-01
2.157645515290255844e+03	1.687447584761916641e-01	1.037363205325064763e-01	3.029244550084762566e-01	1.923115453209793824e-01	8.944591335928905873e-02	4.112258818310037672e-02	1.017144191188729258e-01
2.162483285503912157e+03	1.685343724248572483e-01	1.035857873523015477e-01	3.030617742623755162e-01	1.924028805250983520e-01	8.948961110214388726e-02	4.115413738249557030e-02	1.017714369501439564e-01
2.167321055717567106e+03	1.683252353842901450e-01	1.034361473937807224e-01	3.031983071070553093e-01	1.924936471231374069e-01	8.953304388618246734e-02	4.118551675663759820e-02	1.018281023483324360e-01
2.172158825931222509e+03	1.681173398977615085e-01	1.032873953683714069e-01	3.033340581722055451e-01	1.925838487314036895e-01	8.957621325188132311e-02	4.121672702536029881e-02	1.018844175524322576e-01
2.176996596144877003e+03	1.679106785548605263e-01	1.031395260176545398e-01	3.034690320569988775e-01	1.926734889413184437e-01	8.961912073429308123e-02	4.124776890935598350e-02	1.019403847849345984e-01
2.181834366358532861e+03	1.677052439911157766e-01	1.029925341132644223e-01	3.036032333303789188e-01	1.927625713196428059e-01	8.966176786290494527e-02	4.127864313007219288e-02	1.019960062520370025e-01
2.186672136572187810e+03	1.675010288876248588e-01	1.028464144567848293e-01	3.037366665313436798e-01	1.928510994086998775e-01	8.970415616150498317e-02	4.130935040961117299e-02	1.020512841438466767e-01
2.191509906785843214e+03	1.672980259706911832e-01	1.027011618796412756e-01	3.038693361692236805e-01	1.929390767265933282e-01	8.974628714805610308e-02	4.133989147063193981e-02	1.021062206345785817e-01
2.196347676999498617e+03	1.670962280114677567e-01	1.025567712429900219e-01	3.040012467239552318e-01	1.930265067674225565e-01	8.978816233457732887e-02	4.137026703625493185e-02	1.021608178827482505e-01
2.201185447213154021e+03	1.668956278256076564e-01	1.024132374376039156e-01	3.041324026463492203e-01	1.931133930014944378e-01	8.982978322703204233e-02	4.140047782996919556e-02	1.022150780313596241e-01
2.206023217426809424e+03	1.666962182729212205e-01	1.022705553837552767e-01	3.042628083583549525e-01	1.931997388755317402e-01	8.987115132522296990e-02	4.143052457554192297e-02	1.022690032080880024e-01
2.210860987640464373e+03	1.664979922570392068e-01	1.021287200310961457e-01	3.043924682533197257e-01	1.932855478128784332e-01	8.991226812269360880e-02	4.146040799693044565e-02	1.023225955254585401e-01
2.215698757854119776e+03	1.663009427250817518e-01	1.019877263585359933e-01	3.045213866962440674e-01	1.933708232137018868e-01	8.995313510663575929e-02	4.149012881819650472e-02	1.023758570810200941e-01
2.220536528067775180e+03	1.661050626673334085e-01	1.018475693741171667e-01	3.046495680240327575e-01	1.934555684551918509e-01	8.999375375780312158e-02	4.151968776342278983e-02	1.024287899575149208e-01
2.225374298281430583e+03	1.659103451169231525e-01	1.017082441148882271e-01	3.047770165457416858e-01	1.935397868917566877e-01	9.003412555043036058e-02	4.154908555663169856e-02	1.024813962230441272e-01
2.230212068495085077e+03	1.657167831495101051e-01	1.015697456467752613e-01	3.049037365428208246e-01	1.936234818552165227e-01	9.007425195215776337e-02	4.157832292170622612e-02	1.025336779312292640e-01
2.235049838708740936e+03	1.655243698829736154e-01	1.014320690644514855e-01	3.050297322693530377e-01	1.937066566549937863e-01	9.011413442396110085e-02	4.160740058231298527e-02	1.025856371213699630e-01
2.239887608922396339e+03	1.653330984771088641e-01	1.012952094912052264e-01	3.051550079522896697e-01	1.937893145783007864e-01	9.015377442008631892e-02	4.163631926182723153e-02	1.026372758185979533e-01
2.244725379136052197e+03	1.651429621333265207e-01	1.011591620788063611e-01	3.052795677916818606e-01	1.938714588903246994e-01	9.019317338798918393e-02	4.166507968325992850e-02	1.026885960340274545e-01
2.249563149349706237e+03	1.649539540943573412e-01	1.010239220073714389e-01	3.054034159609088084e-01	1.939530928344100902e-01	9.023233276827945237e-02	4.169368256918675603e-02	1.027395997649021980e-01
2.254400919563362095e+03	1.647660676439604843e-01	1.008894844852275263e-01	3.055265566069021443e-01	1.940342196322385193e-01	9.027125399466935651e-02	4.172212864167899882e-02	1.027902889947390763e-01
2.259238689777017044e+03	1.645792961066364357e-01	1.007558447487750530e-01	3.056489938503672010e-01	1.941148424840060949e-01	9.030993849392639217e-02	4.175041862223634326e-02	1.028406656934686136e-01
2.264076459990672902e+03	1.643936328473436514e-01	1.006229980623495474e-01	3.057707317860008933e-01	1.941949645685982218e-01	9.034838768583002000e-02	4.177855323172140894e-02	1.028907318175723701e-01
2.268914230204327851e+03	1.642090712712190315e-01	1.004909397180826086e-01	3.058917744827064356e-01	1.942745890437622414e-01	9.038660298313228036e-02	4.180653319029618148e-02	1.029404893102173479e-01
2.273752000417983254e+03	1.640256048233021680e-01	1.003596650357619496e-01	3.060121259838046726e-01	1.943537190462776010e-01	9.042458579152211351e-02	4.183435921736000651e-02	1.029899401013875809e-01
2.278589770631638203e+03	1.638432269882630632e-01	1.002291693626909119e-01	3.061317903072428570e-01	1.944323576921239138e-01	9.046233750959309372e-02	4.186203203148943647e-02	1.030390861080128229e-01
2.283427540845293606e+03	1.636619312901332335e-01	1.000994480735472453e-01	3.062507714458000962e-01	1.945105080766466044e-01	9.049985952881461904e-02	4.188955235037961078e-02	1.030879292340947245e-01
2.288265311058949010e+03	1.634817112920403381e-01	9.997049657024147107e-02	3.063690733672898570e-01	1.945881732747206105e-01	9.053715323350629285e-02	4.191692089078729450e-02	1.031364713708302766e-01
2.293103081272604413e+03	1.633025605959457227e-01	9.984231028177477374e-02	3.064867000147599163e-01	1.946653563409118659e-01	9.057422000081542801e-02	4.194413836847549204e-02	1.031847143967329072e-01
2.297940851486259817e+03	1.631244728423852652e-01	9.971488466409650364e-02	3.066036553066894821e-01	1.947420603096368108e-01	9.061106120069740977e-02	4.197120549815958057e-02	1.032326601777510122e-01
2.302778621699914765e+03	1.629474417102131922e-01	9.958821519996143012e-02	3.067199431371834262e-01	1.948182881953197665e-01	9.064767819589895914e-02	4.199812299345496297e-02	1.032803105673843341e-01
2.307616391913570169e+03	1.627714609163485870e-01	9.946229739878677256e-02	3.068355673761641311e-01	1.948940429925485052e-01	9.068407234194404698e-02	4.202489156682612248e-02	1.033276674067978573e-01
2.312454162127225118e+03	1.625965242155250901e-01	9.933712679650903710e-02	3.069505318695606721e-01	1.949693276762278216e-01	9.072024498712237539e-02	4.205151192953722472e-02	1.033747325249337878e-01
2.317291932340880976e+03	1.624226254000429581e-01	9.921269895544078399e-02	3.070648404394955566e-01	1.950441452017311617e-01	9.075619747248031555e-02	4.207798479160400340e-02	1.034215077386212434e-01
