1.359413430037134731e+03	2.303917601296598117e-01	1.440538628207303495e-01	2.641269326721574773e-01	1.666164241076697472e-01	7.833478049409293986e-02	3.325067093859995077e-02	8.322556883650836235e-02
1.364251200250789907e+03	2.296985105146869821e-01	1.437654798878875984e-01	2.645576018519799621e-01	1.667770335547198168e-01	7.837273032130878669e-02	3.330551074658817667e-02	8.352313312224737829e-02
1.369088970464445310e+03	2.290156581751262854e-01	1.434732920690567348e-01	2.649808069511003228e-01	1.669447314941052418e-01	7.841508411251441046e-02	3.336097327260718198e-02	8.380945392490851686e-02
1.373926740678100487e+03	2.283428082520806701e-01	1.431776204929123830e-01	2.653969221766436792e-01	1.671188016180952807e-01	7.846151632755678229e-02	3.341700023378165602e-02	8.408533089834814567e-02
1.378764510891755890e+03	2.276795855886276088e-01	1.428787683508364603e-01	2.658062982705075017e-01	1.672985873617369446e-01	7.851172185922385138e-02	3.347353752662659415e-02	8.435150104185959452e-02
1.383602281105411066e+03	2.270256337357370036e-01	1.425770218545415191e-01	2.662092639702454133e-01	1.674834869725987663e-01	7.856541485116949608e-02	3.353053491370106692e-02	8.460864370142524848e-02
1.388440051319066470e+03	2.263806140059540783e-01	1.422726511436300245e-01	2.666061273833731371e-01	1.676729489888226787e-01	7.862232757551067264e-02	3.358794573440813253e-02	8.485738516771980378e-02
1.393277821532721646e+03	2.257442045727933722e-01	1.419659111456291201e-01	2.669971772797707921e-01	1.678664680915131491e-01	7.868220936801034737e-02	3.364572663805241032e-02	8.509830290364933658e-02
1.398115591746377049e+03	2.251160996138537040e-01	1.416570423909205845e-01	2.673826843066523518e-01	1.680635813003319434e-01	7.874482561871862241e-02	3.370383733741582483e-02	8.533192943152552445e-02
1.402953361960032225e+03	2.244960084957307034e-01	1.413462717848667227e-01	2.677629021303710721e-01	1.682638644837661512e-01	7.880995681592323221e-02	3.376224038124977372e-02	8.555875590751094162e-02
1.407791132173687402e+03	2.238836549988670599e-01	1.410338133393223281e-01	2.681380685091330762e-01	1.684669291579210526e-01	7.887739764125586972e-02	3.382090094420815707e-02	8.577923540871103258e-02
1.412628902387342805e+03	2.232787765805483715e-01	1.407198688656153551e-01	2.685084063004991028e-01	1.686724195498705281e-01	7.894695611380968259e-02	3.387978663286221603e-02	8.599378595621327837e-02
1.417466672600997981e+03	2.226811236743153066e-01	1.404046286309769409e-01	2.688741244073670766e-01	1.688800099035981661e-01	7.901845278114497106e-02	3.393886730654516876e-02	8.620279329547085589e-02
1.422304442814653157e+03	2.220904590241278009e-01	1.400882719803037968e-01	2.692354186659476345e-01	1.690894020083943405e-01	7.909171995509101105e-02	3.399811491187332280e-02	8.640661345368061408e-02
1.427142213028308333e+03	2.215065570516805415e-01	1.397709679250430104e-01	2.695924726790676074e-01	1.693003229312534108e-01	7.916660099029132480e-02	3.405750332988088241e-02	8.660557509220175032e-02
1.431979983241963964e+03	2.209292032553299701e-01	1.394528757008998976e-01	2.699454585979703114e-01	1.695125229363530772e-01	7.924294960348607364e-02	3.411700823478940742e-02	8.679998167058980418e-02
1.436817753455619140e+03	2.203581936391555418e-01	1.391341452959854730e-01	2.702945378556137479e-01	1.697257735761077135e-01	7.932062923157684464e-02	3.417660696350975635e-02	8.699011343746954061e-02
1.441655523669274316e+03	2.197933341707356547e-01	1.388149179509386988e-01	2.706398618543152113e-01	1.699398659395787992e-01	7.939951242657476704e-02	3.423627839504497089e-02	8.717622926223050905e-02
1.446493293882929493e+03	2.192344402662787239e-01	1.384953266324818744e-01	2.709815726104372602e-01	1.701546090452096538e-01	7.947948028559274902e-02	3.429600283902805441e-02	8.735856832039028130e-02
1.451331064096585123e+03	2.186813363018048351e-01	1.381754964817937803e-01	2.713198033586669000e-01	1.703698283659352553e-01	7.956042191410350739e-02	3.435576193268834871e-02	8.753735164442594252e-02
1.456168834310240300e+03	2.181338551491291133e-01	1.378555452390156366e-01	2.716546791183011567e-01	1.705853644757133192e-01	7.964223392074899766e-02	3.441553854559571690e-02	8.771278355091460810e-02
1.461006604523895703e+03	2.175918377354517652e-01	1.375355836451380986e-01	2.719863172238201066e-01	1.708010718074321199e-01	7.972481994205106448e-02	3.447531669158243606e-02	8.788505295394302697e-02
1.465844374737550879e+03	2.170551326254103186e-01	1.372157158224537876e-01	2.723148278219024720e-01	1.710168175129867518e-01	7.980809019543774752e-02	3.453508144728978380e-02	8.805433457393771479e-02
1.470682144951206283e+03	2.165235956245012416e-01	1.368960396347004838e-01	2.726403143369184323e-01	1.712324804170796966e-01	7.989196105906490319e-02	3.459481887682940709e-02	8.822079005032441856e-02
1.475519915164861459e+03	2.159970894028244437e-01	1.365766470279609901e-01	2.729628739068195586e-01	1.714479500570035564e-01	7.997635467697690459e-02	3.465451596208930091e-02	8.838456896574375943e-02
1.480357685378516862e+03	2.154754831381534286e-01	1.362576243533328568e-01	2.732825977912375914e-01	1.716631258013056605e-01	8.006119858821403312e-02	3.471416053825092385e-02	8.854580978892404031e-02
1.485195455592172038e+03	2.149586521773760583e-01	1.359390526723280035e-01	2.735995717534984717e-01	1.718779160408247242e-01	8.014642537853683413e-02	3.477374123411774293e-02	8.870464074273665123e-02
1.490033225805827215e+03	2.144464777153973767e-01	1.356210080459128720e-01	2.739138764181618946e-01	1.720922374461285320e-01	8.023197235349924239e-02	3.483324741688652304e-02	8.886118060343196901e-02
1.494870996019482618e+03	2.139388464906346321e-01	1.353035618080538349e-01	2.742255876056010622e-01	1.723060142858772459e-01	8.031778123166177785e-02	3.489266914102147343e-02	8.901553943656835555e-02
1.499708766233137567e+03	2.134356504962774959e-01	1.349867808245864276e-01	2.745347766450497717e-01	1.725191778010907451e-01	8.040379785679525881e-02	3.495199710091756451e-02	8.916781927470110447e-02
1.504546536446793198e+03	2.129367867065227182e-01	1.346707277381858081e-01	2.748415106674607089e-01	1.727316656307146259e-01	8.048997192798118538e-02	3.501122258706384355e-02	8.931811474148949881e-02
1.509384306660448374e+03	2.124421568170318797e-01	1.343554612001747195e-01	2.751458528794373248e-01	1.729434212842600183e-01	8.057625674657070691e-02	3.507033744543994191e-02	8.946651362650381856e-02
1.514222076874103550e+03	2.119516669988941726e-01	1.340410360898674491e-01	2.754478628194289569e-01	1.731543936576431242e-01	8.066260897901622595e-02	3.512933403989951936e-02	8.961309741466891299e-02
1.519059847087758726e+03	2.114652276654119534e-01	1.337275037221117013e-01	2.757475965973055776e-01	1.733645365886702372e-01	8.074898843464133058e-02	3.518820521731364642e-02	8.975794177396392848e-02
1.523897617301414357e+03	2.109827532510582526e-01	1.334149120436556868e-01	2.760451071183626648e-01	1.735738084489079625e-01	8.083535785746341629e-02	3.524694427526448015e-02	8.990111700470589107e-02
1.528735387515069533e+03	2.105041620019879045e-01	1.331033058189351193e-01	2.763404442927426263e-01	1.737821717689485568e-01	8.092168273123082067e-02	3.530554493209593636e-02	9.004268845347734862e-02
1.533573157728724709e+03	2.100293757775122672e-01	1.327927268058436694e-01	2.766336552312000374e-01	1.739895928943261394e-01	8.100793109688121663e-02	3.536400129914278601e-02	9.018271689451227979e-02
1.538410927942380113e+03	2.095583198619780096e-01	1.324832139220208649e-01	2.769247844280794957e-01	1.741960416695672864e-01	8.109407338167134993e-02	3.542230785497357815e-02	9.032125888112786660e-02
1.543248698156035516e+03	2.090909227865161146e-01	1.321748034021631713e-01	2.772138739323247170e-01	1.744014911480668839e-01	8.118008223926960476e-02	3.548045942149534449e-02	9.045836706958257367e-02
1.548086468369690692e+03	2.086271161601544466e-01	1.318675289468379253e-01	2.775009635072840375e-01	1.746059173256705455e-01	8.126593240014227948e-02	3.553845114177969083e-02	9.059409051754949149e-02
1.552924238583346096e+03	2.081668345098118544e-01	1.315614218632540355e-01	2.777860907800317469e-01	1.748092988960192606e-01	8.135160053160209181e-02	3.559627845948077490e-02	9.072847495921863847e-02
1.557762008797001272e+03	2.077100151287155638e-01	1.312565111984195787e-01	2.780692913808802125e-01	1.750116170258734782e-01	8.143706510692325096e-02	3.565393709972561331e-02	9.086156305888065665e-02
1.562599779010656675e+03	2.072565979328063190e-01	1.309528238650940202e-01	2.783505990737155100e-01	1.752128551487791563e-01	8.152230628296144865e-02	3.571142305136617429e-02	9.099339464469573258e-02
1.567437549224311852e+03	2.068065253247176882e-01	1.306503847609209179e-01	2.786300458777485889e-01	1.754129987755744524e-01	8.160730578574984517e-02	3.576873255049135142e-02	9.112400692421550319e-02
1.572275319437967255e+03	2.063597420649364578e-01	1.303492168811063723e-01	2.789076621812393020e-01	1.756120353203584894e-01	8.169204680357243509e-02	3.582586206510465082e-02	9.125343468310065376e-02
1.577113089651622431e+03	2.059161951497708309e-01	1.300493414249898061e-01	2.791834768477128859e-01	1.758099539406574319e-01	8.177651388704569591e-02	3.588280828088059871e-02	9.138171046836104927e-02
1.581950859865277607e+03	2.054758336957716314e-01	1.297507778968347847e-01	2.794575173151582770e-01	1.760067453906271895e-01	8.186069285576699772e-02	3.593956808791948926e-02	9.150886475733992220e-02
1.586788630078933011e+03	2.050386088302702525e-01	1.294535442011501281e-01	2.797298096886639551e-01	1.762024018862271835e-01	8.194457071111448110e-02	3.599613856842633075e-02	9.163492611356595374e-02
1.591626400292587959e+03	2.046044735877135534e-01	1.291576567328354685e-01	2.800003788269208593e-01	1.763969169813873750e-01	8.202813555480788221e-02	3.605251698524540582e-02	9.175992133050771271e-02
1.596464170506243590e+03	2.041733828114923877e-01	1.288631304624294482e-01	2.802692484229925007e-01	1.765902854542710787e-01	8.211137651286327943e-02	3.610870077118711469e-02	9.188387556418244062e-02
1.601301940719898766e+03	2.037452930609758572e-01	1.285699790167241507e-01	2.805364410797278052e-01	1.767825032028095822e-01	8.219428366459700930e-02	3.616468751908853002e-02	9.200681245549527376e-02
1.606139710933553943e+03	2.033201625234782872e-01	1.282782147549951235e-01	2.808019783801682934e-01	1.769735671487521478e-01	8.227684797635477498e-02	3.622047497255363041e-02	9.212875424311602057e-02
1.610977481147209119e+03	2.028979509308993234e-01	1.279878488410831627e-01	2.810658809532776137e-01	1.771634751495375082e-01	8.235906123966199588e-02	3.627606101732320371e-02	9.224972186763545634e-02
1.615815251360864750e+03	2.024786194807916273e-01	1.276988913115515989e-01	2.813281685353024586e-01	1.773522259173491156e-01	8.244091601350980736e-02	3.633144367322823504e-02	9.236973506768537956e-02
1.620653021574519926e+03	2.020621307616228546e-01	1.274113511401303855e-01	2.815888600270511355e-01	1.775398189447692232e-01	8.252240557050913305e-02	3.638662108668400813e-02	9.248881246865153782e-02
1.625490791788175102e+03	2.016484486820103172e-01	1.271252362986474982e-01	2.818479735473601311e-01	1.777262544364942021e-01	8.260352384666154457e-02	3.644159152368552784e-02	9.260697166455907070e-02
1.630328562001830505e+03	2.012375384037191073e-01	1.268405538146374079e-01	2.821055264829999687e-01	1.779115332466184030e-01	8.268426539451123602e-02	3.649635336326773755e-02	9.272422929366440358e-02
1.635166332215485909e+03	2.008293662782242306e-01	1.265573098258055973e-01	2.823615355352564471e-01	1.780956568210329827e-01	8.276462533945759537e-02	3.655090509139669042e-02	9.284060110824474132e-02
1.640004102429141085e+03	2.004238997866483740e-01	1.262755096315194836e-01	2.826160167634064191e-01	1.782786271445241655e-01	8.284459933902106610e-02	3.660524529526058141e-02	9.295610203903816038e-02
1.644841872642796488e+03	2.000211074828965596e-01	1.259951577414860080e-01	2.828689856252951662e-01	1.784604466921890231e-01	8.292418354486870424e-02	3.665937265793167005e-02	9.307074625475116048e-02
1.649679642856451665e+03	1.996209589398176831e-01	1.257162579217683263e-01	2.831204570152068833e-01	1.786411183848178041e-01	8.300337456741753439e-02	3.671328595337246953e-02	9.318454721701760479e-02
1.654517413070107068e+03	1.992234246982331480e-01	1.254388132382856236e-01	2.833704452992083511e-01	1.788206455479208756e-01	8.308216944284586847e-02	3.676698404176141632e-02	9.329751773116302938e-02
1.659355183283762244e+03	1.988284762186791899e-01	1.251628260979316953e-01	2.836189643481344391e-01	1.789990318741045139e-01	8.316056560235311756e-02	3.682046586511522612e-02	9.340966999310013064e-02
1.664192953497417420e+03	1.984360858357196999e-01	1.248882982874419262e-01	2.838660275683714818e-01	1.791762813885235950e-01	8.323856084351904938e-02	3.687373044318673770e-02	9.352101563265577400e-02
1.669030723711072824e+03	1.980462267146917421e-01	1.246152310101300981e-01	2.841116479305864084e-01	1.793523984171619956e-01	8.331615330362308891e-02	3.692677686961869793e-02	9.363156575360626066e-02
1.673868493924728000e+03	1.976588728107549209e-01	1.243436249206106847e-01	2.843558379965374638e-01	1.795273875577110267e-01	8.339334143479311401e-02	3.697960430833533568e-02	9.374133097067573195e-02
1.678706264138383403e+03	1.972739988301215885e-01	1.240734801576157953e-01	2.845986099440959149e-01	1.797012536528355964e-01	8.347012398086153806e-02	3.703221199015505755e-02	9.385032144373278706e-02
1.683544034352038352e+03	1.968915801933515397e-01	1.238047963750100317e-01	2.848399755905969277e-01	1.798740017656349222e-01	8.354649995581459043e-02	3.708459920960853473e-02	9.395854690940178000e-02
1.688381804565693983e+03	1.965115930006008094e-01	1.235375727711009036e-01	2.850799464146329121e-01	1.800456371571191871e-01	8.362246862372796352e-02	3.713676532194801899e-02	9.406601671028846923e-02
1.693219574779349159e+03	1.961340139987208242e-01	1.232718081163376167e-01	2.853185335763921415e-01	1.802161652655402679e-01	8.369802948008907284e-02	3.718870974033445381e-02	9.417273982200391469e-02
1.698057344993004335e+03	1.957588205501080425e-01	1.230075007794853015e-01	2.855557479366409579e-01	1.803855916874250731e-01	8.377318223441257428e-02	3.724043193319002965e-02	9.427872487815631974e-02
1.702895115206659511e+03	1.953859906032115179e-01	1.227446487523577989e-01	2.857916000744403218e-01	1.805539221601747679e-01	8.384792679406191662e-02	3.729193142170485198e-02	9.438398019346716517e-02
1.707732885420315142e+03	1.950155026646090139e-01	1.224832496731869808e-01	2.860261003036813632e-01	1.807211625461027649e-01	8.392226324919553615e-02	3.734320777748705023e-02	9.448851378515567279e-02
1.712570655633970318e+03	1.946473357725678199e-01	1.222233008487031009e-01	2.862592586885195356e-01	1.808873188177951008e-01	8.399619185876149030e-02	3.739426062034657827e-02	9.459233339272475616e-02
1.717408425847625494e+03	1.942814694720108315e-01	1.219647992749957888e-01	2.864910850577812029e-01	1.810523970446865916e-01	8.406971303746961499e-02	3.744508961620355431e-02	9.469544649627083255e-02
1.722246196061280898e+03	1.939178837908125674e-01	1.217077416572223264e-01	2.867215890184114380e-01	1.812164033807541208e-01	8.414282734367457828e-02	3.749569447511275772e-02	9.479786033343062801e-02
1.727083966274936301e+03	1.935565592173538463e-01	1.214521244282256579e-01	2.869507799680280358e-01	1.813793440532370793e-01	8.421553546810803259e-02	3.754607494939646989e-02	9.489958191506928098e-02
1.731921736488591478e+03	1.931974766792673714e-01	1.211979437661216685e-01	2.871786671066416385e-01	1.815412253523016883e-01	8.428783822340188414e-02	3.759623083187840081e-02	9.500061803980582031e-02
1.736759506702246881e+03	1.928406175233106645e-01	1.209451956109115905e-01	2.874052594475973166e-01	1.817020536215732951e-01	8.435973653434884756e-02	3.764616195421194300e-02	9.510097530746484951e-02
1.741597276915902057e+03	1.924859634963055621e-01	1.206938756801728407e-01	2.876305658277918953e-01	1.818618352494660584e-01	8.443123142884943755e-02	3.769586818529659794e-02	9.520066013153606621e-02
1.746435047129557461e+03	1.921334967270872940e-01	1.204439794838783051e-01	2.878545949172136575e-01	1.820205766612460474e-01	8.450232402949900412e-02	3.774534942977673946e-02	9.529967875071747307e-02
1.751272817343212637e+03	1.917831997094083252e-01	1.201955023383916021e-01	2.880773552278512728e-01	1.821782843117681350e-01	8.457301554577030533e-02	3.779460562661735717e-02	9.539803723961154391e-02
1.756110587556867813e+03	1.914350552857462806e-01	1.199484393796832887e-01	2.882988551220145856e-01	1.823349646788325895e-01	8.464330726675098338e-02	3.784363674775177711e-02	9.549574151863900184e-02
1.760948357770523216e+03	1.910890466319672132e-01	1.197027855758103082e-01	2.885191028201062879e-01	1.824906242571110171e-01	8.471320055439776620e-02	3.789244279679674504e-02	9.559279736322920384e-02
1.765786127984178393e+03	1.907451572427977249e-01	1.194585357386990648e-01	2.887381064078816117e-01	1.826452695525956349e-01	8.478269683727156225e-02	3.794102380783064693e-02	9.568921041234224045e-02
1.770623898197833569e+03	1.904033709180631695e-01	1.192156845352699557e-01	2.889558738432311258e-01	1.827989070775300484e-01	8.485179760472051635e-02	3.798937984423072373e-02	9.578498617637294654e-02
1.775461668411488745e+03	1.900636717496500816e-01	1.189742264979392616e-01	2.891724129625181106e-01	1.829515433457818419e-01	8.492050440147970447e-02	3.803751099756571413e-02	9.588013004448375787e-02
1.780299438625144376e+03	1.897260441091543626e-01	1.187341560345325925e-01	2.893877314865009875e-01	1.831031848686219266e-01	8.498881882265896248e-02	3.808541738654043496e-02	9.597464729140926798e-02
1.785137208838799552e+03	1.893904726361778645e-01	1.184954674376417078e-01	2.896018370258684471e-01	1.832538381508773129e-01	8.505674250909164846e-02	3.813309915598906558e-02	9.606854308377248131e-02
1.789974979052454728e+03	1.890569422272389555e-01	1.182581548934554111e-01	2.898147370864139760e-01	1.834035096874273851e-01	8.512427714301944170e-02	3.818055647591415275e-02	9.616182248594923321e-02
1.794812749266109904e+03	1.887254380252634534e-01	1.180222124900929814e-01	2.900264390738734321e-01	1.835522059600155631e-01	8.519142444408958625e-02	3.822778954056865741e-02	9.625449046551491639e-02
1.799650519479765535e+03	1.883959454096250929e-01	1.177876342254675635e-01	2.902369502984487593e-01	1.836999334343511203e-01	8.525818616564309615e-02	3.827479856757834420e-02	9.634655189830458599e-02
1.804488289693420711e+03	1.880684499867058823e-01	1.175544140147049971e-01	2.904462779790393800e-01	1.838466985574772894e-01	8.532456409127325836e-02	3.832158379710220997e-02	9.643801157311557293e-02
1.809326059907075887e+03	1.877429375809480661e-01	1.173225456971425523e-01	2.906544292471997526e-01	1.839925077553843935e-01	8.539056003163586483e-02	3.836814549102869620e-02	9.652887419607929231e-02
1.814163830120731291e+03	1.874193942263716051e-01	1.170920230429304959e-01	2.908614111508431854e-01	1.841373674308477149e-01	8.545617582149332703e-02	3.841448393220552038e-02	9.661914439472679694e-02
1.819001600334386467e+03	1.870978061585317209e-01	1.168628397592582080e-01	2.910672306577078983e-01	1.842812839614721976e-01	8.552141331697640791e-02	3.846059942370134294e-02	9.670882672177096018e-02
1.823839370548041643e+03	1.867781598068930515e-01	1.166349894962254302e-01	2.912718946586013713e-01	1.844242636979269989e-01	8.558627439304815343e-02	3.850649228809734786e-02	9.679792565862636866e-02
1.828677140761696819e+03	1.864604417875981301e-01	1.164084658523780180e-01	2.914754099704389145e-01	1.845663129623542065e-01	8.565076094115592342e-02	3.855216286680707150e-02	9.688644561868642313e-02
1.833514910975352450e+03	1.861446388966082333e-01	1.161832623799267245e-01	2.916777833390889474e-01	1.847074380469380661e-01	8.571487486705822723e-02	3.859761151942298074e-02	9.697439095037550805e-02
1.838352681189008081e+03	1.858307381031973904e-01	1.159593725896661126e-01	2.918790214420390328e-01	1.848476452126208980e-01	8.577861808881404038e-02	3.864283862308824646e-02	9.706176593999293889e-02
1.843190451402663257e+03	1.855187265437801825e-01	1.157367899556104585e-01	2.920791308908943784e-01	1.849869406879540712e-01	8.584199253492300064e-02	3.868784457189240744e-02	9.714857481436416087e-02
1.848028221616318433e+03	1.852085915160550655e-01	1.155155079193616458e-01	2.922781182337198524e-01	1.851253306680733235e-01	8.590500014260606110e-02	3.873262977628962045e-02	9.723482174331314620e-02
1.852865991829973609e+03	1.849003204734468164e-01	1.152955198942242215e-01	2.924759899572364485e-01	1.852628213137871016e-01	8.596764285621640023e-02	3.877719466253830294e-02	9.732051084196938207e-02
1.857703762043628785e+03	1.845939010198314467e-01	1.150768192690812680e-01	2.926727524888819709e-01	1.853994187507700953e-01	8.602992262577141558e-02	3.882153967216109974e-02	9.740564617292148120e-02
1.862541532257283961e+03	1.842893209045286529e-01	1.148593994120441358e-01	2.928684121987442657e-01	1.855351290688518062e-01	8.609184140559728027e-02	3.886566526142409828e-02	9.749023174822854521e-02
1.867379302470939592e+03	1.839865680175475082e-01	1.146432536738888064e-01	2.930629754013769350e-01	1.856699583213934912e-01	8.615340115307781876e-02	3.890957190083426526e-02	9.757427153129996644e-02
1.872217072684594768e+03	1.836856303850714911e-01	1.144283753912901797e-01	2.932564483575040293e-01	1.858039125247452350e-01	8.621460382750061047e-02	3.895326007465434170e-02	9.765776943865288329e-02
1.877054842898249490e+03	1.833864961651700543e-01	1.142147578898657506e-01	2.934488372756220431e-01	1.859369976577771588e-01	8.627545138899299360e-02	3.899673028043419004e-02	9.774072934155648984e-02
1.881892613111905121e+03	1.830891536437247724e-01	1.140023944870390132e-01	2.936401483135059887e-01	1.860692196614780469e-01	8.633594579754172438e-02	3.903998302855786473e-02	9.782315506757124912e-02
1.886730383325560297e+03	1.827935912305581889e-01	1.137912784947324452e-01	2.938303875796252629e-01	1.862005844386160902e-01	8.639608901209032410e-02	3.908301884180569868e-02	9.790505040199068421e-02
1.891568153539215928e+03	1.824997974557547586e-01	1.135814032218996766e-01	2.940195611344762483e-01	1.863310978534562234e-01	8.645588298970841024e-02	3.912583825493061440e-02	9.798641908919275556e-02
1.896405923752871104e+03	1.822077609661633679e-01	1.133727619769055034e-01	2.942076749918368095e-01	1.864607657315296707e-01	8.651532968482790464e-02	3.916844181424806309e-02	9.806726483390737492e-02
1.901243693966526507e+03	1.819174705220718002e-01	1.131653480697621950e-01	2.943947351199479034e-01	1.865895938594506476e-01	8.657443104854126159e-02	3.921083007723896036e-02	9.814759130240598151e-02
1.906081464180181683e+03	1.816289149940438774e-01	1.129591548142301338e-01	2.945807474426266892e-01	1.867175879847768616e-01	8.663318902795723309e-02	3.925300361216504247e-02	9.822740212361891210e-02
1.910919234393836859e+03	1.813420833599105331e-01	1.127541755297901127e-01	2.947657178403167988e-01	1.868447538159095089e-01	8.669160556561006370e-02	3.929496299769606737e-02	9.830670089018564428e-02
1.915757004607492036e+03	1.810569647019064921e-01	1.125504035434945066e-01	2.949496521510791003e-01	1.869710970220296031e-01	8.674968259891810418e-02	3.933670882254841628e-02	9.838549115944258960e-02
1.920594774821147894e+03	1.807735482039450059e-01	1.123478321917038975e-01	2.951325561715265056e-01	1.870966232330674439e-01	8.680742205968833280e-02	3.937824168513454764e-02	9.846377645435311354e-02
1.925432545034802843e+03	1.804918231490228731e-01	1.121464548217156604e-01	2.953144356577079299e-01	1.872213380397023674e-01	8.686482587366349539e-02	3.941956219322283878e-02	9.854156026438365412e-02
1.930270315248458019e+03	1.802117789167492212e-01	1.119462647932904092e-01	2.954952963259435683e-01	1.873452469933897524e-01	8.692189596010861663e-02	3.946067096360749565e-02	9.861884604632978335e-02
1.935108085462113195e+03	1.799334049809909186e-01	1.117472554800817974e-01	2.956751438536148746e-01	1.874683556064133116e-01	8.697863423143402384e-02	3.950156862178800382e-02	9.869563722509590298e-02
1.939945855675768371e+03	1.796566909076287577e-01	1.115494202709753635e-01	2.958539838799126853e-01	1.875906693519602542e-01	8.703504259285235745e-02	3.954225580165780796e-02	9.877193719443158604e-02
1.944783625889424002e+03	1.793816263524184440e-01	1.113527525713412097e-01	2.960318220065458750e-01	1.877121936642169031e-01	8.709112294206680649e-02	3.958273314520182468e-02	9.884774931762771444e-02
1.949621396103079178e+03	1.791082010589506168e-01	1.111572458042054956e-01	2.962086637984132076e-01	1.878329339384833818e-01	8.714687716898845971e-02	3.962300130220248323e-02	9.892307692817517428e-02
1.954459166316734354e+03	1.788364048567047115e-01	1.109628934113449233e-01	2.963845147842406602e-01	1.879528955313050920e-01	8.720230715548053790e-02	3.966306092995399574e-02	9.899792333038881509e-02
1.959296936530389530e+03	1.785662276591919173e-01	1.107696888543090452e-01	2.965593804571869940e-01	1.880720837606199014e-01	8.725741477512756472e-02	3.970291269298444753e-02	9.907229179999881008e-02
1.964134706744044706e+03	1.782976594621819844e-01	1.105776256153739451e-01	2.967332662754186834e-01	1.881905039059190987e-01	8.731220189302747736e-02	3.974255726278554807e-02	9.914618558471195719e-02
1.968972476957700337e+03	1.780306903420097453e-01	1.103866971984311801e-01	2.969061776626573668e-01	1.883081612084208933e-01	8.736667036560512301e-02	3.978199531754966767e-02	9.921960790474473879e-02
1.973810247171355968e+03	1.777653104539571316e-01	1.101968971298160072e-01	2.970781200087004303e-01	1.884250608712553787e-01	8.742082204044547555e-02	3.982122754191400743e-02	9.929256195333026336e-02
1.978648017385010689e+03	1.775015100307066607e-01	1.100082189590777249e-01	2.972490986699173887e-01	1.885412080596596540e-01	8.747465875614504616e-02	3.986025462671154151e-02	9.936505089720062966e-02
1.983485787598666320e+03	1.772392793808624245e-01	1.098206562596957814e-01	2.974191189697231730e-01	1.886566079011818831e-01	8.752818234218018301e-02	3.989907726872859994e-02	9.943707787704658685e-02
1.988323557812321269e+03	1.769786088875351659e-01	1.096342026297444372e-01	2.975881861990296584e-01	1.887712654858937356e-01	8.758139461879088650e-02	3.993769617046878662e-02	9.950864600795593373e-02
1.993161328025976900e+03	1.767194890069881119e-01	1.094488516925091748e-01	2.977563056166773192e-01	1.888851858666099337e-01	8.763429739687904341e-02	3.997611203992310069e-02	9.957975837983190637e-02
1.997999098239632076e+03	1.764619102673401219e-01	1.092645970970571312e-01	2.979234824498478984e-01	1.889983740591141825e-01	8.768689247791995600e-02	4.001432559034602543e-02	9.965041805779324691e-02
2.002836868453287707e+03	1.762058632673235148e-01	1.090814325187646344e-01	2.980897218944591476e-01	1.891108350423910123e-01	8.773918165388611135e-02	4.005233754003734853e-02	9.972062808255680033e-02
2.007674638666942428e+03	1.759513386750931330e-01	1.088993516598038003e-01	2.982550291155435240e-01	1.892225737588622281e-01	8.779116670718221938e-02	4.009014861212966546e-02	9.979039147080398520e-02
2.012512408880597604e+03	1.756983272270846441e-01	1.087183482495908959e-01	2.984194092476107896e-01	1.893335951146281060e-01	8.784284941059082585e-02	4.012775953438119797e-02	9.985971121553210983e-02
2.017350179094252780e+03	1.754468197269187790e-01	1.085384160451983993e-01	2.985828673949964540e-01	1.894439039797121138e-01	8.789423152722733446e-02	4.016517103897399021e-02	9.992859028639154706e-02
2.022187949307908411e+03	1.751968070443497838e-01	1.083595488317328354e-01	2.987454086321962299e-01	1.895535051883089628e-01	8.794531481050400779e-02	4.020238386231710093e-02	9.999703163000968342e-02
2.027025719521564042e+03	1.749482801142552280e-01	1.081817404226804447e-01	2.989070380041880526e-01	1.896624035390354901e-01	8.799610100410219793e-02	4.023939874485480545e-02	1.000650381703023784e-01
2.031863489735218764e+03	1.747012299356652809e-01	1.080049846602224306e-01	2.990677605267417771e-01	1.897706037951835678e-01	8.804659184195190447e-02	4.027621643087959946e-02	1.001326128087739742e-01
2.036701259948874394e+03	1.744556475708294030e-01	1.078292754155215222e-01	2.992275811867179391e-01	1.898781106849752043e-01	8.809678904821839629e-02	4.031283766834986571e-02	1.001997584248062317e-01
2.041539030162529116e+03	1.742115241443184248e-01	1.076546065889815024e-01	2.993865049423551916e-01	1.899849289018191723e-01	8.814669433729506454e-02	4.034926320871206479e-02	1.002664778759371073e-01
2.046376800376184747e+03	1.739688508421601554e-01	1.074809721104813126e-01	2.995445367235489154e-01	1.900910631045685251e-01	8.819630941380218747e-02	4.038549380672735306e-02	1.003327739981300093e-01
2.051214570589840150e+03	1.737276189110070757e-01	1.073083659395851208e-01	2.997016814321193379e-01	1.901965179177793897e-01	8.824563597259105219e-02	4.042153022030249565e-02	1.003986496060340072e-01
2.056052340803495554e+03	1.734878196573339804e-01	1.071367820657297132e-01	2.998579439420715476e-01	1.903012979319699260e-01	8.829467569875285027e-02	4.045737321032493589e-02	1.004641074932355743e-01
2.060890111017150957e+03	1.732494444466643468e-01	1.069662145083906529e-01	3.000133290998470148e-01	1.904054077038799253e-01	8.834343026763226414e-02	4.049302354050192398e-02	1.005291504325023649e-01
2.065727881230805451e+03	1.730124847028239321e-01	1.067966573172283162e-01	3.001678417245675079e-01	1.905088517567304629e-01	8.839190134484502248e-02	4.052848197720360784e-02	1.005937811760196088e-01
2.070565651444461309e+03	1.727769319072203213e-01	1.066281045722149989e-01	3.003214866082713486e-01	1.906116345804832746e-01	8.844009058629927200e-02	4.056374928930998880e-02	1.006580024556192471e-01
2.075403421658116713e+03	1.725427775981466239e-01	1.064605503837442457e-01	3.004742685161430615e-01	1.907137606320998824e-01	8.848799963822032155e-02	4.059882624806156887e-02	1.007218169830027821e-01
2.080241191871772116e+03	1.723100133701086500e-01	1.062939888927233872e-01	3.006261921867363074e-01	1.908152343358002212e-01	8.853563013717868913e-02	4.063371362691370337e-02	1.007852274499574652e-01
2.085078962085427065e+03	1.720786308731741820e-01	1.061284142706503397e-01	3.007772623321908756e-01	1.909160600833207655e-01	8.858298371012078565e-02	4.066841220139452706e-02	1.008482365285669480e-01
2.089916732299082469e+03	1.718486218123430331e-01	1.059638207196754861e-01	3.009274836384436824e-01	1.910162422341714905e-01	8.863006197440238820e-02	4.070292274896627344e-02	1.009108468714160906e-01
2.094754502512737417e+03	1.716199779469371189e-01	1.058002024726496376e-01	3.010768607654345508e-01	1.911157851158921672e-01	8.867686653782425044e-02	4.073724604889006340e-02	1.009730611117906629e-01
2.099592272726392821e+03	1.713926910900094580e-01	1.056375537931588671e-01	3.012253983473063279e-01	1.912146930243075471e-01	8.872339899867016932e-02	4.077138288209392059e-02	1.010348818638720642e-01
2.104430042940048224e+03	1.711667531077709914e-01	1.054758689755469631e-01	3.013731009926011728e-01	1.913129702237813257e-01	8.876966094574660626e-02	4.080533403104407569e-02	1.010963117229272124e-01
2.109267813153704083e+03	1.709421559190347217e-01	1.053151423449262686e-01	3.015199732844507929e-01	1.914106209474687459e-01	8.881565395842437594e-02	4.083910027961934475e-02	1.011573532654940905e-01
2.114105583367359031e+03	1.707188914946757285e-01	1.051553682571776394e-01	3.016660197807635724e-01	1.915076493975680638e-01	8.886137960668169522e-02	4.087268241298862986e-02	1.012180090495630735e-01
2.118943353581013525e+03	1.704969518571069764e-01	1.049965410989401188e-01	3.018112450144066483e-01	1.916040597455704597e-01	8.890683945114874476e-02	4.090608121749137599e-02	1.012782816147540788e-01
2.123781123794669384e+03	1.702763290797695839e-01	1.048386552875910233e-01	3.019556534933848790e-01	1.916998561325082839e-01	8.895203504315347953e-02	4.093929748052094891e-02	1.013381734824901348e-01
2.128618894008324787e+03	1.700570152866371643e-01	1.046817052712170210e-01	3.020992497010155375e-01	1.917950426692020260e-01	8.899696792476850804e-02	4.097233199041090679e-02	1.013976871561671489e-01
2.133456664221980191e+03	1.698390026517332674e-01	1.045256855285766617e-01	3.022420380960995634e-01	1.918896234365054798e-01	8.904163962885901229e-02	4.100518553632403335e-02	1.014568251213202876e-01
2.138294434435635139e+03	1.696222833986617273e-01	1.043705905690550384e-01	3.023840231130895950e-01	1.919836024855492151e-01	8.908605167913158374e-02	4.103785890814402176e-02	1.015155898457871242e-01
2.143132204649290543e+03	1.694068498001488066e-01	1.042164149326108985e-01	3.025252091622549488e-01	1.920769838379823846e-01	8.913020559018375311e-02	4.107035289636998265e-02	1.015739837798675937e-01
2.147969974862945492e+03	1.691926941775969695e-01	1.040631531897169559e-01	3.026656006298431012e-01	1.921697714862127815e-01	8.917410286755422799e-02	4.110266829201338762e-02	1.016320093564809929e-01
2.152807745076601350e+03	1.689798089006495363e-01	1.039107999412934719e-01	3.028052018782387833e-01	1.922619693936450658e-01	8.921774500777372718e-02	4.113480588649763570e-02	1.016896689913201479e-01
2.157645515290255844e+03	1.687681863867656895e-01	1.037593498186358820e-01	3.029440172461203007e-01	1.923535814949172973e-01	8.926113349841632849e-02	4.116676647156009006e-02	1.017469650830028077e-01
2.162483285503912157e+03	1.685578191008055005e-01	1.036087974833366232e-01	3.030820510486127439e-01	1.924446116961353037e-01	8.930426981815116350e-02	4.119855083915653637e-02	1.018039000132204969e-01
2.167321055717567106e+03	1.683486995546243370e-01	1.034591376272016167e-01	3.032193075774394231e-01	1.925350638751055499e-01	8.934715543679457028e-02	4.123015978136800735e-02	1.018604761468848569e-01
2.172158825931222509e+03	1.681408203066763196e-01	1.033103649721618389e-01	3.033557911010702490e-01	1.926249418815660086e-01	8.938979181536241270e-02	4.126159409030991099e-02	1.019166958322715727e-01
2.176996596144877003e+03	1.679341739616265483e-01	1.031624742701800768e-01	3.034915058648683939e-01	1.927142495374150055e-01	8.943218040612276043e-02	4.129285455804349025e-02	1.019725614011620096e-01
2.181834366358532861e+03	1.677287531699711842e-01	1.030154603031535332e-01	3.036264560912346200e-01	1.928029906369382596e-01	8.947432265264856910e-02	4.132394197648940615e-02	1.020280751689827264e-01
2.186672136572187810e+03	1.675245506276658303e-01	1.028693178828122834e-01	3.037606459797490555e-01	1.928911689470341195e-01	8.951621998987069340e-02	4.135485713734358276e-02	1.020832394349427269e-01
2.191509906785843214e+03	1.673215590757610727e-01	1.027240418506139980e-01	3.038940797073117484e-01	1.929787882074366634e-01	8.955787384413077534e-02	4.138560083199509243e-02	1.021380564821688652e-01
2.196347676999498617e+03	1.671197713000455443e-01	1.025796270776350855e-01	3.040267614282808895e-01	1.930658521309370768e-01	8.959928563323427131e-02	4.141617385144619884e-02	1.021925285778391146e-01
2.201185447213154021e+03	1.669191801306953993e-01	1.024360684644587266e-01	3.041586952746092032e-01	1.931523644036030052e-01	8.964045676650347905e-02	4.144657698623431530e-02	1.022466579733140452e-01
2.206023217426809424e+03	1.667197784419307549e-01	1.022933609410598133e-01	3.042898853559786732e-01	1.932383286849958803e-01	8.968138864483043982e-02	4.147681102635607936e-02	1.023004469042664982e-01
2.210860987640464373e+03	1.665215591516782667e-01	1.021514994666870985e-01	3.044203357599336579e-01	1.933237486083866641e-01	8.972208266072988214e-02	4.150687676119329400e-02	1.023538975908093868e-01
2.215698757854119776e+03	1.663245152212396161e-01	1.020104790297427649e-01	3.045500505520118972e-01	1.934086277809692334e-01	8.976254019839197129e-02	4.153677497944074926e-02	1.024070122376219555e-01
2.220536528067775180e+03	1.661286396549660205e-01	1.018702946476596205e-01	3.046790337758749634e-01	1.934929697840723217e-01	8.980276263373493384e-02	4.156650646903600060e-02	1.024597930340742924e-01
2.225374298281430583e+03	1.659339254999380175e-01	1.017309413667761286e-01	3.048072894534361033e-01	1.935767781733691850e-01	8.984275133445759898e-02	4.159607201709084046e-02	1.025122421543502166e-01
2.230212068495085077e+03	1.657403658456508000e-01	1.015924142622093573e-01	3.049348215849873034e-01	1.936600564790855183e-01	8.988250766009169002e-02	4.162547240982464314e-02	1.025643617575687783e-01
2.235049838708740936e+03	1.655479538237042136e-01	1.014547084377261099e-01	3.050616341493246342e-01	1.937428082062055412e-01	8.992203296205394936e-02	4.165470843249944460e-02	1.026161539879041212e-01
2.239887608922396339e+03	1.653566826074981955e-01	1.013178190256123906e-01	3.051877311038725393e-01	1.938250368346761676e-01	8.996132858369808305e-02	4.168378086935667359e-02	1.026676209747039159e-01
2.244725379136052197e+03	1.651665454119325416e-01	1.011817411865412603e-01	3.053131163848065710e-01	1.939067458196091776e-01	9.000039586036638617e-02	4.171269050355560365e-02	1.027187648326064462e-01
2.249563149349706237e+03	1.649775354931111437e-01	1.010464701094393042e-01	3.054377939071749037e-01	1.939879385914817511e-01	9.003923611944118777e-02	4.174143811711342883e-02	1.027695876616562670e-01
2.254400919563362095e+03	1.647896461480508890e-01	1.009120010113518096e-01	3.055617675650187381e-01	1.940686185563350596e-01	9.007785068039604603e-02	4.177002449084691454e-02	1.028200915474185850e-01
2.259238689777017044e+03	1.646028707143943060e-01	1.007783291373068879e-01	3.056850412314913168e-01	1.941487890959710527e-01	9.011624085484662428e-02	4.179845040431563741e-02	1.028702785610922932e-01
2.264076459990672902e+03	1.644172025701265416e-01	1.006454497601783904e-01	3.058076187589760520e-01	1.942284535681472746e-01	9.015440794660138646e-02	4.182671663576675858e-02	1.029201507596217147e-01
2.268914230204327851e+03	1.642326351332961398e-01	1.005133581805480181e-01	3.059295039792033211e-01	1.943076153067702094e-01	9.019235325171182094e-02	4.185482396208129591e-02	1.029697101858072228e-01
2.273752000417983254e+03	1.640491618617394565e-01	1.003820497265665718e-01	3.060507007033663740e-01	1.943862776220865451e-01	9.023007805852258090e-02	4.188277315872183937e-02	1.030189588684146396e-01
2.278589770631638203e+03	1.638667762528086824e-01	1.002515197538144803e-01	3.061712127222359636e-01	1.944644438008727438e-01	9.026758364772113907e-02	4.191056499968170979e-02	1.030678988222832465e-01
2.283427540845293606e+03	1.636854718431034472e-01	1.001217636451616627e-01	3.062910438062740326e-01	1.945421171066229193e-01	9.030487129238726207e-02	4.193820025743558166e-02	1.031165320484330322e-01
2.288265311058949010e+03	1.635052422082056145e-01	9.999277681062690437e-02	3.064101977057466231e-01	1.946193007797349106e-01	9.034194225804208223e-02	4.196567970289141747e-02	1.031648605341704550e-01
2.293103081272604413e+03	1.633260809624174081e-01	9.986455468723670625e-02	3.065286781508352876e-01	1.946959980376946897e-01	9.037879780269687802e-02	4.199300410534373418e-02	1.032128862531933727e-01
2.297940851486259817e+03	1.631479817585026193e-01	9.973709273888378690e-02	3.066464888517481668e-01	1.947722120752588826e-01	9.041543917690154919e-02	4.202017423242827843e-02	1.032606111656947240e-01
2.302778621699914765e+03	1.629709382874309498e-01	9.961038645618522369e-02	3.067636334988300129e-01	1.948479460646358741e-01	9.045186762379271717e-02	4.204719085007792984e-02	1.033080372184652790e-01
2.307616391913570169e+03	1.627949442781251310e-01	9.948443135634037204e-02	3.068801157626707132e-01	1.949232031556649980e-01	9.048808437914158953e-02	4.207405472247984640e-02	1.033551663449952945e-01
2.312454162127225118e+03	1.626199934972108463e-01	9.935922298298860422e-02	3.069959392942138154e-01	1.949979864759942283e-01	9.052409067140131105e-02	4.210076661203390747e-02	1.034020004655752389e-01
2.317291932340880976e+03	1.624460797487696229e-01	9.923475690606688160e-02	3.071111077248635524e-01	1.950722991312559829e-01	9.055988772175416202e-02	4.212732727931235710e-02	1.034485414873953929e-01
2.322129702554535925e+03	1.622731968740941944e-01	9.911102872166731304e-02	3.072256246665912571e-01	1.951461442052415951e-01	9.059547674415836804e-02	4.215373748302059242e-02	1.034947913046445900e-01
