1.364251200250789907e+03	2.297006231886287997e-01	1.437439091949460346e-01	2.645023634495738962e-01	1.670810104298083021e-01	7.854179497739430249e-02	3.317459184160028579e-02	8.325570691746528307e-02
1.378764510891755890e+03	2.276814422622375766e-01	1.428590550011439864e-01	2.658096075565272165e-01	1.675209064067517406e-01	7.861599082906582658e-02	3.334425485646734522e-02	8.416874308722326059e-02
1.393277821532721646e+03	2.257457108410614033e-01	1.419478511370480811e-01	2.670382572590031534e-01	1.680276341018826503e-01	7.874318103367247690e-02	3.351956970313450801e-02	8.497779592361469347e-02
1.407791132173687402e+03	2.238847638727216871e-01	1.410172207784108900e-01	2.682022108174559327e-01	1.685824644952760853e-01	7.891019286068211291e-02	3.369889373909685376e-02	8.570425343577332822e-02
1.422304442814653157e+03	2.220911560948526375e-01	1.400729791610489661e-01	2.693123471573259931e-01	1.691710317568062838e-01	7.910683467154104587e-02	3.388093679909780220e-02	8.636471435874414071e-02
1.436817753455619140e+03	2.203584861897021629e-01	1.391200021206208115e-01	2.703771941467856821e-01	1.697823327714769737e-01	7.932522855510398818e-02	3.406468345838049860e-02	8.697207275734679388e-02
1.451331064096585123e+03	2.186812453969985415e-01	1.381623694690755355e-01	2.714034486934392421e-01	1.704079558090162705e-01	7.955929171516731846e-02	3.424933273764021319e-02	8.753635617807975500e-02
1.465844374737550879e+03	2.170546874394038983e-01	1.372034868793381712e-01	2.723963815054684101e-01	1.710414858184168829e-01	7.980433357702446107e-02	3.443425131012460561e-02	8.806537346964048163e-02
1.480357685378516862e+03	2.154747169524879324e-01	1.362461894341257806e-01	2.733601520916948413e-01	1.716780458788350339e-01	8.005674288772950120e-02	3.461893716384999153e-02	8.856521559069380212e-02
1.494870996019482618e+03	2.139377939313399368e-01	1.352928295466067632e-01	2.742980539102769511e-01	1.723139436202876518e-01	8.031374478253275329e-02	3.480299136185179693e-02	8.904064284652103700e-02
1.509384306660448374e+03	2.124408520032564640e-01	1.343453515723616321e-01	2.752127051634150612e-01	1.729463985779608748e-01	8.057321223078200978e-02	3.498609607680502886e-02	8.949538437483585407e-02
1.523897617301414357e+03	2.109812286077096810e-01	1.334053550967033153e-01	2.761061972993354985e-01	1.735733319529045582e-01	8.083351973451560757e-02	3.516799748879895909e-02	8.993236981944935371e-02
1.538410927942380113e+03	2.095566054101971887e-01	1.324741485923866813e-01	2.769802106074697456e-01	1.741932044967494930e-01	8.109342984774213503e-02	3.534849245400380202e-02	9.035390859086790682e-02
1.552924238583346096e+03	2.081649574960197091e-01	1.315527948941938030e-01	2.778361042100865319e-01	1.748048915092980105e-01	8.135200518252741486e-02	3.552741809865184175e-02	9.076182860863958590e-02
1.567437549224311852e+03	2.068045100847408779e-01	1.306421497235544793e-01	2.786749861326183186e-01	1.754075864590184664e-01	8.160854020107057016e-02	3.570464368357437884e-02	9.115758371483979883e-02
1.581950859865277607e+03	2.054737016777301029e-01	1.297428943135621460e-01	2.794977678734094639e-01	1.760007266798029602e-01	8.186250836363835603e-02	3.588006423216166807e-02	9.154233685911219998e-02
1.596464170506243590e+03	2.041711527016963346e-01	1.288555630283307607e-01	2.803052069119948420e-01	1.765839360954280512e-01	8.211352119065321031e-02	3.605359552884249835e-02	9.191702454247123455e-02
1.610977481147209119e+03	2.028956388424939805e-01	1.279805667369733890e-01	2.810979398312813959e-01	1.771569810781194743e-01	8.236129656587075354e-02	3.622517018358229618e-02	9.228240676109562834e-02
1.625490791788175102e+03	2.016460683777131224e-01	1.271182125883906500e-01	2.818765081348466039e-01	1.777197364381415956e-01	8.260563420513565569e-02	3.639473452632722289e-02	9.263910572886210892e-02
1.640004102429141085e+03	2.004214629155647853e-01	1.262687207357678643e-01	2.826413783783716660e-01	1.782721592280170630e-01	8.284639667962465093e-02	3.656224614829908792e-02	9.298763591377186277e-02
1.654517413070107068e+03	1.992209410331254593e-01	1.254322384767971310e-01	2.833929578747080846e-01	1.788142685745414961e-01	8.308349474333150131e-02	3.672767194807093072e-02	9.332842734884229385e-02
1.669030723711072824e+03	1.980437043807532771e-01	1.246088522050869951e-01	2.841316069524384424e-01	1.793461301601737556e-01	8.331687599484664808e-02	3.689098657212927512e-02	9.366184373398848961e-02
1.683544034352038352e+03	1.968890258829295026e-01	1.237985975082075696e-01	2.848576485302898864e-01	1.798678442903968999e-01	8.354651612115301940e-02	3.705217116424871365e-02	9.398819650219124300e-02
1.698057344993004335e+03	1.957562397202417537e-01	1.230014676968037984e-01	2.855713756005957005e-01	1.803795367266356475e-01	8.377241214014974346e-02	3.721121235708415437e-02	9.430775575790600884e-02
1.712570655633970318e+03	1.946447328239113428e-01	1.222174210058681321e-01	2.862730570834210453e-01	1.808813516517620290e-01	8.399457718977711151e-02	3.736810145417779339e-02	9.462075879049937355e-02
1.727083966274936301e+03	1.935539376542199097e-01	1.214463866724624919e-01	2.869629424106324711e-01	1.813734462798311242e-01	8.421303651339046015e-02	3.752283376204918613e-02	9.492741670683114974e-02
1.741597276915902057e+03	1.924833260683430913e-01	1.206882700629459126e-01	2.876412651195857095e-01	1.818559867332562030e-01	8.442782436998119699e-02	3.767540804093633122e-02	9.522791960436835512e-02
1.756110587556867813e+03	1.914324041122545950e-01	1.199429569962676967e-01	2.883082456741833943e-01	1.823291448967138684e-01	8.463898165907085547e-02	3.782582604966353013e-02	9.552244061126285990e-02
1.770623898197833569e+03	1.904007075962312334e-01	1.192103173874164285e-01	2.889640936828825613e-01	1.827930960234892543e-01	8.484655409757482780e-02	3.797409216547623090e-02	9.581113904634631917e-02
1.785137208838799552e+03	1.893877983346780314e-01	1.184902083160679770e-01	2.896090096457490382e-01	1.832480169212228061e-01	8.505059082272642401e-02	3.812021306385098701e-02	9.609416289512161258e-02
1.799650519479765535e+03	1.883932609490324983e-01	1.177824766093337749e-01	2.902431863334922202e-01	1.836940845835674518e-01	8.525114332366279246e-02	3.826419744652947291e-02	9.637165075379873491e-02
1.814163830120731291e+03	1.874167001478536654e-01	1.170869610138362271e-01	2.908668098787128842e-01	1.841314751647835646e-01	8.544826462635907172e-02	3.840605580854689061e-02	9.664373335932464892e-02
1.828677140761696819e+03	1.864577384112505731e-01	1.164034940207552687e-01	2.914800606419293838e-01	1.845603632178493547e-01	8.564200867369990700e-02	3.854580023698853108e-02	9.691053479694392014e-02
1.843190451402663257e+03	1.855160140178906680e-01	1.157319033976832168e-01	2.920831139011884070e-01	1.849809211348378279e-01	8.583242985571780392e-02	3.868344423573862739e-02	9.717217345636039449e-02
1.857703762043628785e+03	1.845911793622446173e-01	1.150720134728217409e-01	2.926761404033544900e-01	1.853933187423356665e-01	8.601958265527269443e-02	3.881900257167971574e-02	9.742876279170799292e-02
1.872217072684594768e+03	1.836828995177150758e-01	1.144236462100277352e-01	2.932593068068247710e-01	1.857977230155017367e-01	8.620352138237494244e-02	3.895249113873343327e-02	9.768041192823917473e-02
1.886730383325560297e+03	1.827908510080780424e-01	1.137866221072671019e-01	2.938327760389125021e-01	1.861942978827140494e-01	8.638429997648205960e-02	3.908392683686354868e-02	9.792722614909953049e-02
1.901243693966526507e+03	1.819147207554156209e-01	1.131607609460040104e-01	2.943967075860723925e-01	1.865832040991971252e-01	8.656197186083845752e-02	3.921332746373362710e-02	9.816930728815558005e-02
1.915757004607492036e+03	1.810542051775952954e-01	1.125458824147956977e-01	2.949512577311875772e-01	1.869645991729936285e-01	8.673658983658763533e-02	3.934071161716070492e-02	9.840675404909628166e-02
1.930270315248458019e+03	1.802090094124821629e-01	1.119418066267622996e-01	2.954965797490522461e-01	1.873386373304798125e-01	8.690820600721443911e-02	3.946609860685930393e-02	9.863966226656657732e-02
1.944783625889424002e+03	1.793788466495725986e-01	1.113483545475552061e-01	2.960328240687774559e-01	1.877054695115824567e-01	8.707687172605643733e-02	3.958950837424855124e-02	9.886812512162414246e-02
1.959296936530389530e+03	1.785634375527032636e-01	1.107653483478724388e-01	2.965601384099657567e-01	1.880652433871373708e-01	8.724263756130778980e-02	3.971096141931526602e-02	9.909223332111494198e-02
1.973810247171355968e+03	1.777625097600011583e-01	1.101926116923913346e-01	2.970786678980316120e-01	1.884181033925885762e-01	8.740555327423712995e-02	3.983047873370045705e-02	9.931207524846659418e-02
1.988323557812321269e+03	1.769757974493668951e-01	1.096299699751478035e-01	2.975885551628943970e-01	1.887641907735843894e-01	8.756566780734097166e-02	3.994808173931564677e-02	9.952773709176677974e-02
2.002836868453287707e+03	1.762030409595842784e-01	1.090772505098343143e-01	2.980899404243729234e-01	1.891036436400711784e-01	8.772302927992475796e-02	4.006379223190639771e-02	9.973930295372300525e-02
2.017350179094252780e+03	1.754439864586720688e-01	1.085342826821736051e-01	2.985829615669046699e-01	1.894365970262918974e-01	8.787768498919584781e-02	4.017763232906972765e-02	9.994685494710904561e-02
2.031863489735218764e+03	1.746983856523845191e-01	1.080008980704119659e-01	2.990677542056612848e-01	1.897631829547155313e-01	8.802968141540851166e-02	4.028962442230383384e-02	1.001504732785311602e-01
2.046376800376184747e+03	1.739659955268575142e-01	1.074769305390364804e-01	2.995444517456994915e-01	1.900835305024018429e-01	8.817906422995090698e-02	4.039979113272692407e-02	1.003502363227437022e-01
2.060890111017150957e+03	1.732465781203204047e-01	1.069622163100257956e-01	3.000131854354448624e-01	1.903977658686719088e-01	8.832587830553191577e-02	4.050815527014970524e-02	1.005462206892722282e-01
2.075403421658116713e+03	1.725399003195751679e-01	1.064565940152725904e-01	3.004740844155409096e-01	1.907060124432378712e-01	8.847016772783164451e-02	4.061473979522507022e-02	1.007385012827335807e-01
2.089916732299082469e+03	1.718457336776045008e-01	1.059599047332486360e-01	3.009272757638816742e-01	1.910083908741604941e-01	8.861197580813684471e-02	4.071956778443083791e-02	1.009271513579538537e-01
2.104430042940048224e+03	1.711638542492294746e-01	1.054719920125037347e-01	3.013728845374843979e-01	1.913050191351703122e-01	8.875134509660209670e-02	4.082266239766862287e-02	1.011122425707582650e-01
2.118943353581013525e+03	1.704940424422098089e-01	1.049927018841850801e-01	3.018110338117237501e-01	1.915960125920142809e-01	8.888831739586980363e-02	4.092404684828442052e-02	1.012938450251297112e-01
2.133456664221980191e+03	1.698360828815798640e-01	1.045218828654211896e-01	3.022418447173494949e-01	1.918814840675865940e-01	8.902293377485132053e-02	4.102374437533566620e-02	1.014720273172927817e-01
2.147969974862945492e+03	1.691897642853505690e-01	1.040593859551253858e-01	3.026654364756225513e-01	1.921615439056774677e-01	8.915523458252477829e-02	4.112177821794618660e-02	1.016468565771699167e-01
2.162483285503912157e+03	1.685548793499946074e-01	1.036050646235298633e-01	3.030819264318453943e-01	1.924363000332277862e-01	8.928525946164489469e-02	4.121817159160429123e-02	1.018183985075699904e-01
2.176996596144877003e+03	1.679312246443725454e-01	1.031587747965549001e-01	3.034914300875048987e-01	1.927058580210217476e-01	8.941304736229055417e-02	4.131294766627187365e-02	1.019867174214003080e-01
2.191509906785843214e+03	1.673186005109627561e-01	1.027203748359438312e-01	3.038940611312092588e-01	1.929703211427802878e-01	8.953863655519835041e-02	4.140612954618276553e-02	1.021518762771395361e-01
2.206023217426809424e+03	1.667168109734307180e-01	1.022897255159469082e-01	3.042899314685652001e-01	1.932297904326426286e-01	8.966206464484755001e-02	4.149774025121850951e-02	1.023139367127651883e-01
2.220536528067775180e+03	1.661256636497194239e-01	1.018666899972133083e-01	3.046791512511157762e-01	1.934843647410405820e-01	8.978336858227428663e-02	4.158780269975773797e-02	1.024729590782956223e-01
2.235049838708740936e+03	1.655449696699657636e-01	1.014511337984454614e-01	3.050618289044385034e-01	1.937341407889830724e-01	8.990258467760213479e-02	4.167633969290315821e-02	1.026290024670786505e-01
2.249563149349706237e+03	1.649745435986531283e-01	1.010429247662815028e-01	3.054380711554864347e-01	1.939792132207782682e-01	9.001974861228326241e-02	4.176337389999687510e-02	1.027821247459372173e-01
2.264076459990672902e+03	1.644142033604981956e-01	1.006419330437965526e-01	3.058079830592405068e-01	1.942196746552267150e-01	9.013489545104877432e-02	4.184892784534084698e-02	1.029323825842651252e-01
2.278589770631638203e+03	1.638637701696450677e-01	1.002480310379509770e-01	3.061716680247303923e-01	1.944556157353231340e-01	9.024805965357096671e-02	4.193302389604496028e-02	1.030798314821512601e-01
2.293103081272604413e+03	1.633230684618025841e-01	9.986109338625989706e-02	3.065292278404737059e-01	1.946871251765085187e-01	9.035927508584207235e-02	4.201568425093034354e-02	1.032245257975996366e-01
2.307616391913570169e+03	1.627919258290153048e-01	9.948099692291401119e-02	3.068807626993734217e-01	1.949142898135145796e-01	9.046857503127611611e-02	4.209693093042009282e-02	1.033665187729032320e-01
2.322129702554535925e+03	1.622701729568025719e-01	9.910762064454331499e-02	3.072263712231094179e-01	1.951371946458442808e-01	9.057599220154122222e-02	4.217678576735413298e-02	1.035058625602218313e-01
2.336643013195502135e+03	1.617576435634393850e-01	9.874084567578356175e-02	3.075661504860540685e-01	1.953559228819322369e-01	9.068155874713078324e-02	4.225527039866867896e-02	1.036426082464080717e-01
2.351156323836467891e+03	1.612541743411849693e-01	9.838055523477860775e-02	3.079001960387384718e-01	1.955705559820278550e-01	9.078530626768158140e-02	4.233240625788474432e-02	1.037768058771205842e-01
2.365669634477433647e+03	1.607596048992921689e-01	9.802663459872856810e-02	3.082286019308915215e-01	1.957811736998443242e-01	9.088726582204781357e-02	4.240821456835335013e-02	1.039085044802590396e-01
2.380182945118399402e+03	1.602737777086545856e-01	9.767897106957504350e-02	3.085514607340724136e-01	1.959878541230150317e-01	9.098746793813898559e-02	4.248271633720846624e-02	1.040377520887522805e-01
2.394696255759364703e+03	1.597965380479674236e-01	9.733745393989845507e-02	3.088688635639134650e-01	1.961906737123976230e-01	9.108594262253055795e-02	4.255593234998158308e-02	1.041645957627276714e-01
2.409209566400331823e+03	1.593277339512954027e-01	9.700197445908861904e-02	3.091809001019898973e-01	1.963897073402658400e-01	9.118271936985482273e-02	4.262788316583469850e-02	1.042890816110875057e-01
2.423722877041296670e+03	1.588672161569547603e-01	9.667242579983890971e-02	3.094876586173293531e-01	1.965850283274266641e-01	9.127782717198013041e-02	4.269858911337110624e-02	1.044112548125158413e-01
2.438236187682262880e+03	1.584148380576287929e-01	9.634870302500413153e-02	3.097892259875746346e-01	1.967767084792998722e-01	9.137129452698575238e-02	4.276807028698574598e-02	1.045311596359377593e-01
2.452749498323228636e+03	1.579704556516461356e-01	9.603070305485451874e-02	3.100856877198109318e-01	1.969648181209953663e-01	9.146314944793956792e-02	4.283634654371926143e-02	1.046488394604509209e-01
2.467262808964194392e+03	1.575339274953600488e-01	9.571832463475152264e-02	3.103771279710669240e-01	1.971494261314226393e-01	9.155341947148511184e-02	4.290343750058199512e-02	1.047643367947484333e-01
2.481776119605160602e+03	1.571051146565744516e-01	9.541146830326516226e-02	3.106636295685006321e-01	1.973305999764649876e-01	9.164213166624469997e-02	4.296936253231624370e-02	1.048776932960504837e-01
2.496289430246126358e+03	1.566838806689679897e-01	9.511003636074809309e-02	3.109452740292772410e-01	1.975084057412503646e-01	9.172931264104466909e-02	4.303414076956692258e-02	1.049889497885613393e-01
2.510802740887092114e+03	1.562700914874737834e-01	9.481393283837756536e-02	3.112221415801481039e-01	1.976829081615489592e-01	9.181498855296837958e-02	4.309779109743263475e-02	1.050981462814671863e-01
2.525316051528057415e+03	1.558636154445763866e-01	9.452306346767309908e-02	3.114943111767372041e-01	1.978541706543268108e-01	9.189918511524272637e-02	4.316033215437075493e-02	1.052053219864896583e-01
2.539829362169024080e+03	1.554643232074911507e-01	9.423733565049488559e-02	3.117618605225428996e-01	1.980222553474836056e-01	9.198192760496327891e-02	4.322178233143177117e-02	1.053105153350090695e-01
2.554342672809989381e+03	1.550720877361958794e-01	9.395665842952573288e-02	3.120248660876605573e-01	1.981872231088014635e-01	9.206324087066297679e-02	4.328215977179961094e-02	1.054137639947704680e-01
2.568855983450955591e+03	1.546867842422854911e-01	9.368094245923733188e-02	3.122834031272328503e-01	1.983491335741302541e-01	9.214314933972934940e-02	4.334148237061603848e-02	1.055151048861853597e-01
2.583369294091921347e+03	1.543082901486248493e-01	9.341009997734006642e-02	3.125375456996327128e-01	1.985080451748348351e-01	9.222167702567446446e-02	4.339976777506854289e-02	1.056145741982412040e-01
2.597882604732887103e+03	1.539364850497754178e-01	9.314404477671435478e-02	3.127873666843846712e-01	1.986640151645275854e-01	9.229884753526207408e-02	4.345703338472240579e-02	1.057122074040301590e-01
2.612395915373853313e+03	1.535712506731743698e-01	9.288269217782034459e-02	3.130329377998296025e-01	1.988170996451093520e-01	9.237468407549610794e-02	4.351329635207875496e-02	1.058080392759081362e-01
2.626909226014819069e+03	1.532124708410458613e-01	9.262595900158204776e-02	3.132743296205370842e-01	1.989673535921407665e-01	9.244920946047416321e-02	4.356857358334159658e-02	1.059021039002950720e-01
2.641422536655784825e+03	1.528600314330252896e-01	9.237376354274096091e-02	3.135116115944713844e-01	1.991148308795651356e-01	9.252244611810986341e-02	4.362288173937768632e-02	1.059944346921262714e-01
2.655935847296750580e+03	1.525138203494793565e-01	9.212602554367421703e-02	3.137448520599132040e-01	1.992595843038028891e-01	9.259441609672769413e-02	4.367623723685429976e-02	1.060850644089649797e-01
2.670449157937716336e+03	1.521737274755046165e-01	9.188266616867116210e-02	3.139741182621434978e-01	1.994016656072377103e-01	9.266514107153356328e-02	4.372865624954068442e-02	1.061740251647853572e-01
2.684962468578682547e+03	1.518396446455896331e-01	9.164360797866250019e-02	3.141994763698921500e-01	1.995411255011126928e-01	9.273464235096438857e-02	4.378015470976002327e-02	1.062613484434351552e-01
2.699475779219648302e+03	1.515114656089249778e-01	9.140877490639555403e-02	3.144209914915554460e-01	1.996780136878545941e-01	9.280294088291982102e-02	4.383074830997928106e-02	1.063470651117868204e-01
2.713989089860614058e+03	1.511890859953473609e-01	9.117809223204896563e-02	3.146387276911861708e-01	1.998123788828439773e-01	9.287005726087903257e-02	4.388045250452546342e-02	1.064312054325854823e-01
2.728502400501579814e+03	1.508724032819043492e-01	9.095148655928028680e-02	3.148527480042597748e-01	1.999442688356473929e-01	9.293601172990550996e-02	4.392928251141717949e-02	1.065137990770019388e-01
2.743015711142545115e+03	1.505613167600260982e-01	9.072888579169932632e-02	3.150631144532203276e-01	2.000737303507282294e-01	9.300082419254246391e-02	4.397725331430128726e-02	1.065948751368987202e-01
2.757529021783511780e+03	1.502557275032922746e-01	9.051021910976064788e-02	3.152698880628089229e-01	2.002008093076514117e-01	9.306451421460157358e-02	4.402437966448498330e-02	1.066744621368165835e-01
2.772042332424477081e+03	1.499555383357816241e-01	9.029541694806809959e-02	3.154731288751784768e-01	2.003255506807971598e-01	9.312710103084759217e-02	4.407067608305434425e-02	1.067525880456891008e-01
2.786555643065443292e+03	1.496606538009926657e-01	9.008441097308457490e-02	3.156728959647972510e-01	2.004479985585977675e-01	9.318860355058114497e-02	4.411615686307075040e-02	1.068292802882922637e-01
2.801068953706408593e+03	1.493709801313245489e-01	8.987713406123983007e-02	3.158692474531444860e-01	2.005681961623119736e-01	9.324904036312207933e-02	4.416083607183745458e-02	1.069045657564360735e-01
2.815582264347374803e+03	1.490864252181064720e-01	8.967352027742978016e-02	3.160622405232014209e-01	2.006861858643493590e-01	9.330842974319580874e-02	4.420472755322871206e-02	1.069784708199048306e-01
2.830095574988341014e+03	1.488068985821658086e-01	8.947350485390030694e-02	3.162519314337398635e-01	2.008020092061587047e-01	9.336678965622452475e-02	4.424784493007461600e-02	1.070510213371525521e-01
2.844608885629306769e+03	1.485323113449240062e-01	8.927702416950877851e-02	3.164383755334113091e-01	2.009157069156918274e-01	9.342413776352553878e-02	4.429020160659521282e-02	1.071222426657597177e-01
2.859122196270272525e+03	1.482625762000107927e-01	8.908401572935657764e-02	3.166216272746394389e-01	2.010273189244554670e-01	9.348049142741877982e-02	4.433181077087767347e-02	1.071921596726576609e-01
2.873635506911238281e+03	1.479976073853863650e-01	8.889441814478624138e-02	3.168017402273185512e-01	2.011368843841626897e-01	9.353586771624530782e-02	4.437268539739103873e-02	1.072607967441261412e-01
2.888148817552204036e+03	1.477373206559625118e-01	8.870817111373641151e-02	3.169787670923207012e-01	2.012444416829947957e-01	9.359028340929882728e-02	4.441283824953311254e-02	1.073281777955700511e-01
2.902662128193170247e+03	1.474816332567129296e-01	8.852521540144832335e-02	3.171527597148132704e-01	2.013500284614846703e-01	9.364375500167183841e-02	4.445228188220463894e-02	1.073943262810807125e-01
2.917175438834136003e+03	1.472304638962641798e-01	8.834549282151757388e-02	3.173237690973906844e-01	2.014536816280321219e-01	9.369629870901856339e-02	4.449102864440616922e-02	1.074592652027871464e-01
2.931688749475101758e+03	1.469837327209577715e-01	8.816894621728470216e-02	3.174918454130215562e-01	2.015554373740608973e-01	9.374793047223584086e-02	4.452909068185325475e-02	1.075230171200024787e-01
2.946202060116067514e+03	1.467413612893750385e-01	8.799551944355871180e-02	3.176570380178144193e-01	2.016553311888275579e-01	9.379866596206409834e-02	4.456647993960604487e-02	1.075856041581705475e-01
2.960715370757033725e+03	1.465032725473165431e-01	8.782515734866744306e-02	3.178193954636039931e-01	2.017533978738914602e-01	9.384852058360972082e-02	4.460320816470954991e-02	1.076470480176177358e-01
2.975228681397999480e+03	1.462693908032272616e-01	8.765780575682868836e-02	3.179789655103597013e-01	2.018496715572546119e-01	9.389750948079056414e-02	4.463928690884112066e-02	1.077073699821145397e-01
2.989741992038964781e+03	1.460396417040594197e-01	8.749341145083652793e-02	3.181357951384203853e-01	2.019441857071807012e-01	9.394564754070586221e-02	4.467472753096184135e-02	1.077665909272518263e-01
3.004255302679930992e+03	1.458139522115654285e-01	8.733192215505690414e-02	3.182899305605554341e-01	2.020369731457015428e-01	9.399294939793231829e-02	4.470954119996903980e-02	1.078247313286358894e-01
3.018768613320896748e+03	1.455922505790126775e-01	8.717328651872711942e-02	3.184414172338559390e-01	2.021280660618192393e-01	9.403942943874754601e-02	4.474373889734695880e-02	1.078818112699070769e-01
3.033281923961862958e+03	1.453744663283127181e-01	8.701745409955334576e-02	3.185902998714572054e-01	2.022174960244118580e-01	9.408510180528235900e-02	4.477733141981312531e-02	1.079378504505859732e-01
3.047795234602828714e+03	1.451605302275573162e-01	8.686437534760112211e-02	3.187366224540950643e-01	2.023052939948507267e-01	9.412998039960318586e-02	4.481032938195804449e-02	1.079928681937511736e-01
3.062308545243794470e+03	1.449503742689540187e-01	8.671400158947330239e-02	3.188804282414979818e-01	2.023914903393362608e-01	9.417407888772606761e-02	4.484274321887599807e-02	1.080468834535530387e-01
3.076821855884760225e+03	1.447439316471540449e-01	8.656628501277033316e-02	3.190217597836170760e-01	2.024761148409600642e-01	9.421741070356323688e-02	4.487458318878495556e-02	1.080999148225669365e-01
3.091335166525725526e+03	1.445411367379651479e-01	8.642117865082769856e-02	3.191606589316960951e-01	2.025591967115002168e-01	9.425998905280386087e-02	4.490585937563367630e-02	1.081519805389899724e-01
3.105848477166692192e+03	1.443419250774429785e-01	8.627863636772549472e-02	3.192971668491831894e-01	2.026407646029560750e-01	9.430182691672980844e-02	4.493658169169438554e-02	1.082030984936847573e-01
3.120361787807657493e+03	1.441462333413539576e-01	8.613861284356531811e-02	3.194313240224862516e-01	2.027208466188298308e-01	9.434293705596789870e-02	4.496675988013938002e-02	1.082532862370740451e-01
3.134875098448624158e+03	1.439539993250026351e-01	8.600106356000945806e-02	3.195631702715746592e-01	2.027994703251607966e-01	9.438333201417964391e-02	4.499640351760010593e-02	1.083025609858893623e-01
3.149388409089589004e+03	1.437651619234175115e-01	8.586594478607779968e-02	3.196927447604281380e-01	2.028766627613186879e-01	9.442302412168963877e-02	4.502552201670744630e-02	1.083509396297774319e-01
3.163901719730555214e+03	1.435796611118886346e-01	8.573321356419766337e-02	3.198200860073355800e-01	2.029524504505619831e-01	9.446202549905360901e-02	4.505412462861200368e-02	1.083984387377672359e-01
3.178415030371521425e+03	1.433974379268505295e-01	8.560282769650212620e-02	3.199452318950450902e-01	2.030268594103670776e-01	9.450034806056728520e-02	4.508222044548321900e-02	1.084450745646014513e-01
3.192928341012487181e+03	1.432184344471046089e-01	8.547474573137218978e-02	3.200682196807675961e-01	2.030999151625338395e-01	9.453800351771714239e-02	4.510981840298646656e-02	1.084908630569349219e-01
3.207441651653452936e+03	1.430425937753747323e-01	8.534892695021861764e-02	3.201890860060355726e-01	2.031716427430733107e-01	9.457500338257401884e-02	4.513692728273704241e-02	1.085358198594034984e-01
3.221954962294418237e+03	1.428698600201898650e-01	8.522533135449880670e-02	3.203078669064185480e-01	2.032420667118825797e-01	9.461135897113046034e-02	4.516355571473039399e-02	1.085799603205661462e-01
3.236468272935384903e+03	1.427001782780884520e-01	8.510391965296473793e-02	3.204245978210975010e-01	2.033112111622121521e-01	9.464708140658301128e-02	4.518971217974779297e-02	1.086232994987231526e-01
3.250981583576350204e+03	1.425334946161380678e-01	8.498465324913771768e-02	3.205393136023000356e-01	2.033790997299306791e-01	9.468218162256014647e-02	4.521540501173684085e-02	1.086658521676132916e-01
3.265494894217316414e+03	1.423697560547653174e-01	8.486749422900589923e-02	3.206520485245974994e-01	2.034457556025921765e-01	9.471667036629703718e-02	4.524064240016614780e-02	1.087076328219927501e-01
3.280008204858282170e+03	1.422089105508902718e-01	8.475240534894031008e-02	3.207628362940661004e-01	2.035112015283101761e-01	9.475055820175780352e-02	4.526543239235381044e-02	1.087486556830983692e-01
3.294521515499247926e+03	1.420509069813595260e-01	8.463935002382598494e-02	3.208717100573142411e-01	2.035754598244437219e-01	9.478385551270632203e-02	4.528978289576914007e-02	1.087889347039978916e-01
3.309034826140214136e+03	1.418956951266734934e-01	8.452829231540369415e-02	3.209787024103768482e-01	2.036385523860993196e-01	9.481657250572642082e-02	4.531370168030729451e-02	1.088284835748297152e-01
3.323548136781179892e+03	1.417432256550018033e-01	8.441919692081908955e-02	3.210838454074790849e-01	2.037005006944534735e-01	9.484871921319219801e-02	4.533719638053648054e-02	1.088673157279346354e-01
3.338061447422145648e+03	1.415934501064821105e-01	8.431202916137506276e-02	3.211871705696706658e-01	2.037613258248998638e-01	9.488030549618954590e-02	4.536027449791746324e-02	1.089054443428820462e-01
3.352574758063111403e+03	1.414463208777970160e-01	8.420675497148399913e-02	3.212887088933327751e-01	2.038210484550255219e-01	9.491134104738942201e-02	4.538294340299515311e-02	1.089428823513928501e-01
3.367088068704076704e+03	1.413017912070246018e-01	8.410334088781613870e-02	3.213884908585591393e-01	2.038796888724195289e-01	9.494183539387388016e-02	4.540521033756206304e-02	1.089796424421613646e-01
3.381601379345043824e+03	1.411598151587570849e-01	8.400175403864065804e-02	3.214865464374126458e-01	2.039372669823186768e-01	9.497179789991551380e-02	4.542708241679356551e-02	1.090157370655785857e-01
3.396114689986008671e+03	1.410203476094833430e-01	8.390196213335593400e-02	3.215829051020591689e-01	2.039938023150933144e-01	9.500123776971121370e-02	4.544856663135472125e-02	1.090511784383589866e-01
3.410628000626974881e+03	1.408833442332302621e-01	8.380393345220557566e-02	3.216775958327808271e-01	2.040493140335777333e-01	9.503016405007083667e-02	4.546966984947876933e-02	1.090859785480726984e-01
3.425141311267940637e+03	1.407487614874584347e-01	8.370763683617714335e-02	3.217706471258688361e-01	2.041038209402479264e-01	9.505858563306168740e-02	4.549039881901711935e-02	1.091201491575855137e-01
3.439654621908906392e+03	1.406165565992076871e-01	8.361304167707991897e-02	3.218620870013993440e-01	2.041573414842507983e-01	9.508651125860945186e-02	4.551076016946092873e-02	1.091537018094085459e-01
3.454167932549872603e+03	1.404866875514881319e-01	8.352011790779874378e-02	3.219519430108918612e-01	2.042098937682878534e-01	9.511394951705628986e-02	4.553076041393424450e-02	1.091866478299595294e-01
3.468681243190838359e+03	1.403591130699119449e-01	8.342883599272085671e-02	3.220402422448536139e-01	2.042614955553568312e-01	9.514090885167685030e-02	4.555040595115882746e-02	1.092189983337377435e-01
3.483194553831804114e+03	1.402337926095620635e-01	8.333916691833236079e-02	3.221270113402099899e-01	2.043121642753544798e-01	9.516739756115287496e-02	4.556970306739061005e-02	1.092507642274143237e-01
3.497707864472769415e+03	1.401106863420934212e-01	8.325108218398154236e-02	3.222122764876230727e-01	2.043619170315436051e-01	9.519342380200697395e-02	4.558865793832809349e-02	1.092819562138400147e-01
3.512221175113736081e+03	1.399897551430624443e-01	8.316455379280598970e-02	3.222960634386999867e-01	2.044107706068874486e-01	9.521899559099644694e-02	4.560727663099261447e-02	1.093125847959718067e-01
3.526734485754701382e+03	1.398709605794809241e-01	8.307955424282051360e-02	3.223783975130921076e-01	2.044587414702542238e-01	9.524412080746762210e-02	4.562556510558073847e-02	1.093426602807206216e-01
3.541247796395667592e+03	1.397542648975902135e-01	8.299605651816310825e-02	3.224593036054866912e-01	2.045058457824950604e-01	9.526880719567132338e-02	4.564352921728891815e-02	1.093721927827214502e-01
3.555761107036633348e+03	1.396396310108518612e-01	8.291403408049605184e-02	3.225388061924926442e-01	2.045520994023976857e-01	9.529306236704039590e-02	4.566117471811055595e-02	1.094011922280276605e-01
3.570274417677599104e+03	1.395270224881508259e-01	8.283346086055946855e-02	3.226169293394210991e-01	2.045975178925190374e-01	9.531689380242942822e-02	4.567850725860575500e-02	1.094296683577311857e-01
3.584787728318565314e+03	1.394164035422075787e-01	8.275431124987440989e-02	3.226936967069636286e-01	2.046421165248993868e-01	9.534030885431779567e-02	4.569553238964385589e-02	1.094576307315101860e-01
3.599301038959531070e+03	1.393077390181950426e-01	8.267656009259323480e-02	3.227691315577675413e-01	2.046859102866601943e-01	9.536331474897624672e-02	4.571225556411907809e-02	1.094850887311055593e-01
3.613814349600496826e+03	1.392009943825572860e-01	8.260018267749412446e-02	3.228432567629113126e-01	2.047289138854889445e-01	9.538591858859771233e-02	4.572868213863939130e-02	1.095120515637281189e-01
3.628327660241463036e+03	1.390961357120259201e-01	8.252515473011763636e-02	3.229160948082809846e-01	2.047711417550127644e-01	9.540812735339310180e-02	4.574481737518902580e-02	1.095385282653975334e-01
3.642840970882427882e+03	1.389931296828309792e-01	8.245145240504236916e-02	3.229876678008480329e-01	2.048126080600637666e-01	9.542994790365236235e-02	4.576066644276463591e-02	1.095645277042148064e-01
3.657354281523394548e+03	1.388919435601025931e-01	8.237905227829758759e-02	3.230579974748518102e-01	2.048533267018382009e-01	9.545138698177157988e-02	4.577623441898563683e-02	1.095900585835695579e-01
3.671867592164359849e+03	1.387925451874602312e-01	8.230793133991026744e-02	3.231271051978859554e-01	2.048933113229516323e-01	9.547245121424657865e-02	4.579152629167875660e-02	1.096151294452835101e-01
3.686380902805326514e+03	1.386949029767862718e-01	8.223806698658396586e-02	3.231950119768915441e-01	2.049325753123928395e-01	9.549314711363360297e-02	4.580654696043723328e-02	1.096397486726914949e-01
3.700894213446291815e+03	1.385989858981803713e-01	8.216943701450751814e-02	3.232617384640572578e-01	2.049711318103780988e-01	9.551348108047751084e-02	4.582130123815483791e-02	1.096639244936613300e-01
3.715407524087257570e+03	1.385047634700915797e-01	8.210201961229103562e-02	3.233273049626288476e-01	2.050089937131083506e-01	9.553345940520815982e-02	4.583579385253509775e-02	1.096876649835538536e-01
3.729920834728223781e+03	1.384122057496250391e-01	8.203579335402690076e-02	3.233917314326281711e-01	2.050461736774311927e-01	9.555308827000535965e-02	4.585002944757590043e-02	1.097109780681243679e-01
3.744434145369189537e+03	1.383212833230202943e-01	8.197073719247370549e-02	3.234550374964835773e-01	2.050826841254098087e-01	9.557237375063304397e-02	4.586401258502988132e-02	1.097338715263666969e-01
3.758947456010155292e+03	1.382319672962978585e-01	8.190683045236089865e-02	3.235172424445726946e-01	2.051185372488007752e-01	9.559132181824292473e-02	4.587774774584080922e-02	1.097563529933010679e-01
3.773460766651120593e+03	1.381442292860713128e-01	8.184405282381181090e-02	3.235783652406794553e-01	2.051537450134426066e-01	9.560993834114842049e-02	4.589123933155632440e-02	1.097784299627070498e-01
3.787974077292087259e+03	1.380580414105220532e-01	8.178238435588325306e-02	3.236384245273654092e-01	2.051883191635572867e-01	9.562822908656908039e-02	4.590449166571729245e-02	1.098001097898025635e-01
3.802487387933053014e+03	1.379733762805334107e-01	8.172180545021946740e-02	3.236974386312576613e-01	2.052222712259660908e-01	9.564619972234605916e-02	4.591750899522407253e-02	1.098213996938702114e-01
3.817000698574018315e+03	1.378902069909817840e-01	8.166229685481826706e-02	3.237554255682535409e-01	2.052556125142219745e-01	9.566385581862930920e-02	4.593029549168010234e-02	1.098423067608319675e-01
3.831514009214984981e+03	1.378085071121818161e-01	8.160383965790768412e-02	3.238124030486444482e-01	2.052883541326601669e-01	9.568120284953651744e-02	4.594285525271292470e-02	1.098628379457733117e-01
3.846027319855950282e+03	1.377282506814828111e-01	8.154641528193085076e-02	3.238683884821590420e-01	2.053205069803685778e-01	9.569824619478473071e-02	4.595519230327312771e-02	1.098830000754177638e-01
3.860540630496916037e+03	1.376494121950137817e-01	8.149000547763743385e-02	3.239233989829268245e-01	2.053520817550796851e-01	9.571499114129469743e-02	4.596731059691144122e-02	1.099027998505530401e-01
3.875053941137881793e+03	1.375719665995744634e-01	8.143459231827954170e-02	3.239774513743643447e-01	2.053830889569860096e-01	9.573144288476861941e-02	4.597921401703426031e-02	1.099222438484096787e-01
3.889567251778848004e+03	1.374958892846699365e-01	8.138015819391039574e-02	3.240305621939840175e-01	2.054135388924798744e-01	9.574760653124167464e-02	4.599090637813796345e-02	1.099413385249930486e-01
3.904080562419813759e+03	1.374211560746856908e-01	8.132668580578389372e-02	3.240827476981271715e-01	2.054434416778201933e-01	9.576348709860768582e-02	4.600239142702230999e-02	1.099600902173699241e-01
3.918593873060779970e+03	1.373477432212015792e-01	8.127415816085321876e-02	3.241340238666222673e-01	2.054728072427267072e-01	9.577908951811944793e-02	4.601367284398319435e-02	1.099785051459104268e-01
3.933107183701745726e+03	1.372756273954412742e-01	8.122255856636675930e-02	3.241844064073696186e-01	2.055016453339038873e-01	9.579441863586399264e-02	4.602475424398508319e-02	1.099965894164861846e-01
3.947620494342711936e+03	1.372047856808555344e-01	8.117187062455979984e-02	3.242339107608532833e-01	2.055299655184957552e-01	9.580947921421331670e-02	4.603563917781343384e-02	1.100143490226256626e-01
3.962133804983676782e+03	1.371351955658364485e-01	8.112207822743987273e-02	3.242825521045814563e-01	2.055577771874729787e-01	9.582427593325093529e-02	4.604633113320742016e-02	1.100317898476276535e-01
3.976647115624642538e+03	1.370668349365604943e-01	8.107316555166467487e-02	3.243303453574563622e-01	2.055850895589538263e-01	9.583881339217460715e-02	4.605683353597318092e-02	1.100489176666336472e-01
3.991160426265608749e+03	1.369996820699583562e-01	8.102511705351023164e-02	3.243773051840745936e-01	2.056119116814600911e-01	9.585309611067566182e-02	4.606714975107800009e-02	1.100657381486598863e-01
4.005673736906575414e+03	1.369337156268087552e-01	8.097791746392840606e-02	3.244234459989591701e-01	2.056382524371095921e-01	9.586712853029527581e-02	4.607728308372560644e-02	1.100822568585900912e-01
4.020187047547540715e+03	1.368689146449546257e-01	8.093155178369164371e-02	3.244687819707237630e-01	2.056641205447462817e-01	9.588091501575814191e-02	4.608723678041297400e-02	1.100984792591294531e-01
4.034700358188505561e+03	1.368052585326391402e-01	8.088600527862359335e-02	3.245133270261709169e-01	2.056895245630097346e-01	9.589445985628382296e-02	4.609701402996880387e-02	1.101144107127208921e-01
4.049213668829472226e+03	1.367427270619595292e-01	8.084126347491424336e-02	3.245570948543241574e-01	2.057144728933445466e-01	9.590776726687609555e-02	4.610661796457413836e-02	1.101300564834241658e-01
4.063726979470437527e+03	1.366813003624367806e-01	8.079731215451772808e-02	3.246000989103961509e-01	2.057389737829514176e-01	9.592084138959092177e-02	4.611605166076519768e-02	1.101454217387586726e-01
4.078240290111404192e+03	1.366209589146987757e-01	8.075413735063165233e-02	3.246423524196929700e-01	2.057630353276810597e-01	9.593368629478289666e-02	4.612531814041884864e-02	1.101605115515106592e-01
4.092753600752369493e+03	1.365616835442753918e-01	8.071172534325635195e-02	3.246838683814556314e-01	2.057866654748717883e-01	9.594630598233117036e-02	4.613442037172096888e-02	1.101753309015055943e-01
4.107266911393336159e+03	1.365034554155030722e-01	8.067006265483264715e-02	3.247246595726401841e-01	2.058098720261322123e-01	9.595870438284445636e-02	4.614336127011792882e-02	1.101898846773463198e-01
4.121780222034301914e+03	1.364462560255373103e-01	8.062913604595681183e-02	3.247647385516370666e-01	2.058326626400701631e-01	9.597088535884620852e-02	4.615214369925150356e-02	1.102041776781177429e-01
4.136293532675267670e+03	1.363900671984709378e-01	8.058893251117121848e-02	3.248041176619300141e-01	2.058550448349688589e-01	9.598285270593960583e-02	4.616077047187750609e-02	1.102182146150586795e-01
4.150806843316233426e+03	1.363348710795562746e-01	8.054943927482956234e-02	3.248428090356967890e-01	2.058770259914111389e-01	9.599461015395313601e-02	4.616924435076830840e-02	1.102320001132016114e-01
4.165320153957199182e+03	1.362806501295296957e-01	8.051064378703506885e-02	3.248808245973510700e-01	2.058986133548534048e-01	9.600616136806698619e-02	4.617756804959965294e-02	1.102455387129809422e-01
4.179833464598164937e+03	1.362273871190362029e-01	8.047253371965060187e-02	3.249181760670277752e-01	2.059198140381496567e-01	9.601750994992033772e-02	4.618574423382190014e-02	1.102588348718102768e-01
4.194346775239130693e+03	1.361750651231529163e-01	8.043509696237931272e-02	3.249548749640114864e-01	2.059406350240271244e-01	9.602865943870024512e-02	4.619377552151605199e-02	1.102718929656295865e-01
4.208860085880096449e+03	1.361236675160089060e-01	8.039832161891458107e-02	3.249909326101096396e-01	2.059610831675141862e-01	9.603961331221209929e-02	4.620166448423468353e-02	1.102847172904225653e-01
4.223373396521062205e+03	1.360731779655006968e-01	8.036219600315806788e-02	3.250263601329709817e-01	2.059811651983215475e-01	9.605037498793204953e-02	4.620941364782819860e-02	1.102973120637050913e-01
4.237886707162027960e+03	1.360235804281006711e-01	8.032670863550452067e-02	3.250611684693503478e-01	2.060008877231777058e-01	9.606094782404181465e-02	4.621702549325653470e-02	1.103096814259850733e-01
4.252400017802994626e+03	1.359748591437575926e-01	8.029184823919247038e-02	3.250953683683198148e-01	2.060202572281197853e-01	9.607133512044596646e-02	4.622450245738657371e-02	1.103218294421944440e-01
