1.373926740678100487e+03	2.282242263596857557e-01	1.432047306200585901e-01	2.651906701106598874e-01	1.680698462210568622e-01	7.897844593218257547e-02	3.312911475261032246e-02	8.320296600315968405e-02
1.378764510891755890e+03	2.276501235661132494e-01	1.428326512892581501e-01	2.656652589424334243e-01	1.681505566209581803e-01	7.894474791832564731e-02	3.318842664412888915e-02	8.356823501819614364e-02
1.383602281105411066e+03	2.270795190113244766e-01	1.424624667335258055e-01	2.661238993522656027e-01	1.682452610850346808e-01	7.892555999708536496e-02	3.324850642144019930e-02	8.391478739873754755e-02
1.388440051319066470e+03	2.265123836502060950e-01	1.420941911908085165e-01	2.665680862832460751e-01	1.683526550398605492e-01	7.891926483882237553e-02	3.330926446061942964e-02	8.424415453585064328e-02
1.393277821532721646e+03	2.259486897163038022e-01	1.417278366164455849e-01	2.669991562116689199e-01	1.684715398345664472e-01	7.892442131447030551e-02	3.337061884364037057e-02	8.455773746231826093e-02
1.398115591746377049e+03	2.253884105719894393e-01	1.413634128820873137e-01	2.674183042857982140e-01	1.686008146681476916e-01	7.893974507913574523e-02	3.343249470072922475e-02	8.485681781152600023e-02
1.402953361960032225e+03	2.248315205772950798e-01	1.410009279582207786e-01	2.678265995850663828e-01	1.687394690730056046e-01	7.896409131973641804e-02	3.349482360817600951e-02	8.514256787791334158e-02
1.407791132173687402e+03	2.242779949751211033e-01	1.406403880815995100e-01	2.682249987083383802e-01	1.688865759244306819e-01	7.899643942314713008e-02	3.355754303703224750e-02	8.541605984974455501e-02
1.412628902387342805e+03	2.237278097908049490e-01	1.402817979087769840e-01	2.686143578764769724e-01	1.690412849461645772e-01	7.903587934894908129e-02	3.362059584848692967e-02	8.567827427975412136e-02
1.417466672600997981e+03	2.231809417442806587e-01	1.399251606568550355e-01	2.689954437136917731e-01	1.692028166828357660e-01	7.908159951534900201e-02	3.368392983204882701e-02	8.593010785435253873e-02
1.422304442814653157e+03	2.226373681732744803e-01	1.395704782324734272e-01	2.693689428537499597e-01	1.693704569108980540e-01	7.913287602851401537e-02	3.374749728297391643e-02	8.617238051752976191e-02
1.427142213028308333e+03	2.220970669661718466e-01	1.392177513499901209e-01	2.697354705007962705e-01	1.695435514606691285e-01	7.918906310477528965e-02	3.381125461566401869e-02	8.640584200134686366e-02
1.431979983241963964e+03	2.215600165033559110e-01	1.388669796397275780e-01	2.700955780600470257e-01	1.697215014231324426e-01	7.924958455217202824e-02	3.387516201002779143e-02	8.663117781095072689e-02
1.436817753455619140e+03	2.210261956059656197e-01	1.385181617470937487e-01	2.704497599407664765e-01	1.699037587162968710e-01	7.931392619288861467e-02	3.393918308803980238e-02	8.684901470836228765e-02
1.441655523669274316e+03	2.204955834911493662e-01	1.381712954233237090e-01	2.707984596225290752e-01	1.700898219870845274e-01	7.938162912150253936e-02	3.400328461795937979e-02	8.705992573586482375e-02
1.446493293882929493e+03	2.199681597330030436e-01	1.378263776085285608e-01	2.711420750656469703e-01	1.702792328259119525e-01	7.945228370580693922e-02	3.406743624387862518e-02	8.726443481663731516e-02
1.451331064096585123e+03	2.194439042284815344e-01	1.374834045076848421e-01	2.714809635376570496e-01	1.704715722723316729e-01	7.952552424747111326e-02	3.413161023846082720e-02	8.746302096732649911e-02
1.456168834310240300e+03	2.189227971676594720e-01	1.371423716601477549e-01	2.718154459197824613e-01	1.706664575912915094e-01	7.960102422911101427e-02	3.419578127690698494e-02	8.765612215451439038e-02
1.461006604523895703e+03	2.184048190077941543e-01	1.368032740032245342e-01	2.721458105502029268e-01	1.708635393007435777e-01	7.967849208259424054e-02	3.425992623035047091e-02	8.784413882450368971e-02
1.465844374737550879e+03	2.178899504507108842e-01	1.364661059303015622e-01	2.724723166546762498e-01	1.710624984324771447e-01	7.975766742072119830e-02	3.432402397702942476e-02	8.802743713349708843e-02
1.470682144951206283e+03	2.173781724230904044e-01	1.361308613439792814e-01	2.727951974094684484e-01	1.712630440091613693e-01	7.983831768091344261e-02	3.438805522972386564e-02	8.820635190307675455e-02
1.475519915164861459e+03	2.168694660592897783e-01	1.357975337046320174e-01	2.731146626765878493e-01	1.714649107216529023e-01	7.992023513529480927e-02	3.445200237807081317e-02	8.838118932388537574e-02
1.480357685378516862e+03	2.163638126863746958e-01	1.354661160747767101e-01	2.734309014469098464e-01	1.716678567916523346e-01	8.000323422665547857e-02	3.451584934448687775e-02	8.855222942855750512e-02
1.485195455592172038e+03	2.158611938110798212e-01	1.351366011596020211e-01	2.737440840228634875e-01	1.718716620057754718e-01	8.008714919431740575e-02	3.457958145253436921e-02	8.871972835324092033e-02
1.490033225805827215e+03	2.153615911084504897e-01	1.348089813439816154e-01	2.740543639688682309e-01	1.720761259080409444e-01	8.017183195793667339e-02	3.464318530666484625e-02	8.888392040547067607e-02
1.494870996019482618e+03	2.148649864119492880e-01	1.344832487262687670e-01	2.743618798546188509e-01	1.722810661386648401e-01	8.025715023084302457e-02	3.470664868236413014e-02	8.904501995470451292e-02
1.499708766233137567e+03	2.143713617048379483e-01	1.341593951491440451e-01	2.746667568135635618e-01	1.724863169078941494e-01	8.034298583767986168e-02	3.476996042580505347e-02	8.920322316048889810e-02
1.504546536446793198e+03	2.138806991126691315e-01	1.338374122277668499e-01	2.749691079364762203e-01	1.726917275944045149e-01	8.042923321391588776e-02	3.483311036219002149e-02	8.935870955199086418e-02
1.509384306660448374e+03	2.133929808967438280e-01	1.335172913754591739e-01	2.752690355178520343e-01	1.728971614585371741e-01	8.051579806729110278e-02	3.489608921203488784e-02	8.951164347149527523e-02
1.514222076874103550e+03	2.129081894484073090e-01	1.331990238271324178e-01	2.755666321709180355e-01	1.731024944613525074e-01	8.060259618347219435e-02	3.495888851470924791e-02	8.966217539342170861e-02
1.519059847087758726e+03	2.124263072840739952e-01	1.328826006606495524e-01	2.758619818253332245e-01	1.733076141811385473e-01	8.068955236015734611e-02	3.502150055860664413e-02	8.981044312945407615e-02
1.523897617301414357e+03	2.119473170408841534e-01	1.325680128162992077e-01	2.761551606201226305e-01	1.735124188196301709e-01	8.077659945561356525e-02	3.508391831737150274e-02	8.995657292949216233e-02
1.528735387515069533e+03	2.114712014729091816e-01	1.322552511145435039e-01	2.764462377030256213e-01	1.737168162907740399e-01	8.086367753917989010e-02	3.514613539165883233e-02	9.010068048732228219e-02
1.533573157728724709e+03	2.109979434478317095e-01	1.319443062721878113e-01	2.767352759462303746e-01	1.739207233854132562e-01	8.095073313264515569e-02	3.520814595594737306e-02	9.024287185915762233e-02
1.538410927942380113e+03	2.105275259440366753e-01	1.316351689171079142e-01	2.770223325873851228e-01	1.741240650057696016e-01	8.103771853263171121e-02	3.526994470996812348e-02	9.038324430251414021e-02
1.543248698156035516e+03	2.100599320480578958e-01	1.313278296016590074e-01	2.773074598038175465e-01	1.743267734640705224e-01	8.112459120520267020e-02	3.533152683434766933e-02	9.052188704225795635e-02
1.548086468369690692e+03	2.095951449523318910e-01	1.310222788148800999e-01	2.775907052270386588e-01	1.745287878401032000e-01	8.121131324487536329e-02	3.539288795010031574e-02	9.065888197008373228e-02
1.552924238583346096e+03	2.091331479532165250e-01	1.307185069935979660e-01	2.778721124038452950e-01	1.747300533928845823e-01	8.129785089108157448e-02	3.545402408163449148e-02	9.079430428315278523e-02
1.557762008797001272e+03	2.086739244492379908e-01	1.304165045325258454e-01	2.781517212096578651e-01	1.749305210220114537e-01	8.138417409587798967e-02	3.551493162296761458e-02	9.092822306713450875e-02
1.562599779010656675e+03	2.082174579395345559e-01	1.301162617934439880e-01	2.784295682191234578e-01	1.751301467746047280e-01	8.147025613738777261e-02	3.557560730687029521e-02	9.106070182844844263e-02
1.567437549224311852e+03	2.077637320224691997e-01	1.298177691135417589e-01	2.787056870384792551e-01	1.753288913940841964e-01	8.155607327405772766e-02	3.563604817668455244e-02	9.119179898009652230e-02
1.572275319437967255e+03	2.073127303943874122e-01	1.295210168129942163e-01	2.789801086036868272e-01	1.755267199073105577e-01	8.164160443535106726e-02	3.569625156058312682e-02	9.132156828510001878e-02
1.577113089651622431e+03	2.068644368484993668e-01	1.292259952018396663e-01	2.792528614479231064e-01	1.757236012469080566e-01	8.172683094497328049e-02	3.575621504805681639e-02	9.145005926121294038e-02
1.581950859865277607e+03	2.064188352738686172e-01	1.289326945862193652e-01	2.795239719416309221e-01	1.759195079058366029e-01	8.181173627315252439e-02	3.581593646843563711e-02	9.157731755026958520e-02
1.586788630078933011e+03	2.059759096544916679e-01	1.286411052740349115e-01	2.797934645079911409e-01	1.761144156215200263e-01	8.189630581487387928e-02	3.587541387126607501e-02	9.170338525523549777e-02
1.591626400292587959e+03	2.055356440684552033e-01	1.283512175800742006e-01	2.800613618163759755e-01	1.763083030870543910e-01	8.198052669130258263e-02	3.593464550838242066e-02	9.182830124776847347e-02
1.596464170506243590e+03	2.050980226871591816e-01	1.280630218306524903e-01	2.803276849560704664e-01	1.765011516872223296e-01	8.206438757193057487e-02	3.599362981752418644e-02	9.195210144885399006e-02
1.601301940719898766e+03	2.046630297745963556e-01	1.277765083678113756e-01	2.805924535923093321e-01	1.766929452572254255e-01	8.214787851524708862e-02	3.605236540736438122e-02	9.207481908485926070e-02
1.606139710933553943e+03	2.042306496866788945e-01	1.274916675531139187e-01	2.808556861064587795e-01	1.768836698622173187e-01	8.223099082597096210e-02	3.611085104382546346e-02	9.219648492114791705e-02
1.610977481147209119e+03	2.038008668706054738e-01	1.272084897710720752e-01	2.811173997219811316e-01	1.770733135958785232e-01	8.231371692709371635e-02	3.616908563757014611e-02	9.231712747521213236e-02
1.615815251360864750e+03	2.033736658642623374e-01	1.269269654322383589e-01	2.813776106176482661e-01	1.772618663964191099e-01	8.239605024517056286e-02	3.622706823256454517e-02	9.243677321111007372e-02
1.620653021574519926e+03	2.029490312956523934e-01	1.266470849759916417e-01	2.816363340293147055e-01	1.774493198785291048e-01	8.247798510746388867e-02	3.628479799561967062e-02	9.255544671684184932e-02
1.625490791788175102e+03	2.025269478823487623e-01	1.263688388730437595e-01	2.818935843414264730e-01	1.776356671799193820e-01	8.255951664969368720e-02	3.634227420682579340e-02	9.267317086615545207e-02
1.630328562001830505e+03	2.021074004309678651e-01	1.260922176276922102e-01	2.821493751693160412e-01	1.778209028212088816e-01	8.264064073328176996e-02	3.639949625080150797e-02	9.278996696614504047e-02
1.635166332215485909e+03	2.016903738366593868e-01	1.258172117798407319e-01	2.824037194332270628e-01	1.780050225780182294e-01	8.272135387109622040e-02	3.645646360868630420e-02	9.290585489188535329e-02
1.640004102429141085e+03	2.012758530826098957e-01	1.255438119068089942e-01	2.826566294249120981e-01	1.781880233642252342e-01	8.280165316080741189e-02	3.651317585081147871e-02	9.302085320923822453e-02
1.644841872642796488e+03	2.008638232395578982e-01	1.252720086249496101e-01	2.829081168675601221e-01	1.783699031254252498e-01	8.288153622506221063e-02	3.656963262999023134e-02	9.313497928686798044e-02
1.649679642856451665e+03	2.004542694653183854e-01	1.250017925910903438e-01	2.831581929697326028e-01	1.785506607417202407e-01	8.296100115776647299e-02	3.662583367537267098e-02	9.324824939841261373e-02
1.654517413070107068e+03	2.000471770043149022e-01	1.247331545038162931e-01	2.834068684739151633e-01	1.787302959390344725e-01	8.304004647584146970e-02	3.668177878681640192e-02	9.336067881567466920e-02
1.659355183283762244e+03	1.996425311871180275e-01	1.244660851046068828e-01	2.836541537002309488e-01	1.789088092082220249e-01	8.311867107588702397e-02	3.673746782972769215e-02	9.347228189362080664e-02
1.664192953497417420e+03	1.992403174299888780e-01	1.242005751788406859e-01	2.839000585858048042e-01	1.790862017312941645e-01	8.319687419524332550e-02	3.679290073033200659e-02	9.358307214790956285e-02
1.669030723711072824e+03	1.988405212344269146e-01	1.239366155566796468e-01	2.841445927202161936e-01	1.792624753141515703e-01	8.327465537699778320e-02	3.684807747133658079e-02	9.369306232560477288e-02
1.673868493924728000e+03	1.984431281867208019e-01	1.236741971138438090e-01	2.843877653774358749e-01	1.794376323252584726e-01	8.335201443853020031e-02	3.690299808795066694e-02	9.380226446967364351e-02
1.678706264138383403e+03	1.980481239575021812e-01	1.234133107722864137e-01	2.846295855445991618e-01	1.796116756397439507e-01	8.342895144323247969e-02	3.695766266423244906e-02	9.391068997781677752e-02
1.683544034352038352e+03	1.976554943013015819e-01	1.231539475007781548e-01	2.848700619479333507e-01	1.797846085884598766e-01	8.350546667507718901e-02	3.701207132973401148e-02	9.401834965612919370e-02
1.688381804565693983e+03	1.972652250561059972e-01	1.228960983154092773e-01	2.851092030761239182e-01	1.799564349115646000e-01	8.358156061574333051e-02	3.706622425641857566e-02	9.412525376804768695e-02
1.693219574779349159e+03	1.968773021429179315e-01	1.226397542800163748e-01	2.853470172013762296e-01	1.801271587162388832e-01	8.365723392403778824e-02	3.712012165582621176e-02	9.423141207899991822e-02
1.698057344993004335e+03	1.964917115653155300e-01	1.223849065065414909e-01	2.855835123984026835e-01	1.802967844381745122e-01	8.373248741737850109e-02	3.717376377646650770e-02	9.433683389713415357e-02
1.702895115206659511e+03	1.961084394090137906e-01	1.221315461553290488e-01	2.858186965615407971e-01	1.804653168065062097e-01	8.380732205512950173e-02	3.722715090141857919e-02	9.444152811047538953e-02
1.707732885420315142e+03	1.957274718414265535e-01	1.218796644353668246e-01	2.860525774201900795e-01	1.806327608118866723e-01	8.388173892359969408e-02	3.728028334612032424e-02	9.454550322082311276e-02
1.712570655633970318e+03	1.953487951112292398e-01	1.216292526044757960e-01	2.862851625527328414e-01	1.807991216774297027e-01	8.395573922253676824e-02	3.733316145633067129e-02	9.464876737467818602e-02
1.717408425847625494e+03	1.949723955479222837e-01	1.213803019694539298e-01	2.865164593990899844e-01	1.809644048322708865e-01	8.402932425296505414e-02	3.738578560624988834e-02	9.475132839146120645e-02
1.722246196061280898e+03	1.945982595613951760e-01	1.211328038861777395e-01	2.867464752720471077e-01	1.811286158875161090e-01	8.410249540623146447e-02	3.743815619678425577e-02	9.485319378926140854e-02
1.727083966274936301e+03	1.942263736414911457e-01	1.208867497596661095e-01	2.869752173674720019e-01	1.812917606143687466e-01	8.417525415413810996e-02	3.749027365394281414e-02	9.495437080833436794e-02
1.731921736488591478e+03	1.938567243575726184e-01	1.206421310441095768e-01	2.872026927735327750e-01	1.814538449242442952e-01	8.424760204005209141e-02	3.754213842735472373e-02	9.505486643254722201e-02
1.736759506702246881e+03	1.934892983580873693e-01	1.203989392428683747e-01	2.874289084790158100e-01	1.816148748506975219e-01	8.431954067089444949e-02	3.759375098889704281e-02	9.515468740895277611e-02
1.741597276915902057e+03	1.931240823701350362e-01	1.201571659084423871e-01	2.876538713808311498e-01	1.817748565330029042e-01	8.439107170992045381e-02	3.764511183142343204e-02	9.525384026565796025e-02
1.746435047129557461e+03	1.927610631990350765e-01	1.199168026424155126e-01	2.878775882907859685e-01	1.819337962012424481e-01	8.446219687021180866e-02	3.769622146758516701e-02	9.535233132813729362e-02
1.751272817343212637e+03	1.924002277278950845e-01	1.196778410953770466e-01	2.881000659416973475e-01	1.820917001627681830e-01	8.453291790881004020e-02	3.774708042873674285e-02	9.545016673412880237e-02
1.756110587556867813e+03	1.920415629171799976e-01	1.194402729668223306e-01	2.883213109929093632e-01	1.822485747899178221e-01	8.460323662142715806e-02	3.779768926391884054e-02	9.554735244723777665e-02
1.760948357770523216e+03	1.916850558042825226e-01	1.192040900050345409e-01	2.885413300352727695e-01	1.824044265088727579e-01	8.467315483767605400e-02	3.784804853891209075e-02	9.564389426936251160e-02
1.765786127984178393e+03	1.913306935030944789e-01	1.189692840069496854e-01	2.887601295956400138e-01	1.825592617895574477e-01	8.474267441676956725e-02	3.789815883535583435e-02	9.573979785204619897e-02
1.770623898197833569e+03	1.909784632035792518e-01	1.187358468180064741e-01	2.889777161409222694e-01	1.827130871364876785e-01	8.481179724364126815e-02	3.794802074992632140e-02	9.583506870684996293e-02
1.775461668411488745e+03	1.906283521713453000e-01	1.185037703319823943e-01	2.891940960817517836e-01	1.828659090804839460e-01	8.488052522544677070e-02	3.799763489356951240e-02	9.592971221483348465e-02
1.780299438625144376e+03	1.902803477472210514e-01	1.182730464908177681e-01	2.894092757757882328e-01	1.830177341711723971e-01	8.494886028840771541e-02	3.804700189078383948e-02	9.602373363522220817e-02
1.785137208838799552e+03	1.899344373468309366e-01	1.180436672844286522e-01	2.896232615307028913e-01	1.831685689702040321e-01	8.501680437496499099e-02	3.809612237894896558e-02	9.611713811333279234e-02
1.789974979052454728e+03	1.895906084601729213e-01	1.178156247505101478e-01	2.898360596068725314e-01	1.833184200451277168e-01	8.508435944121067740e-02	3.814499700769663493e-02	9.620993068782263125e-02
1.794812749266109904e+03	1.892488486511973711e-01	1.175889109743308708e-01	2.900476762198115899e-01	1.834672939638588018e-01	8.515152745457132966e-02	3.819362643832032583e-02	9.630211629732303436e-02
1.799650519479765535e+03	1.889091455573873035e-01	1.173635180885196916e-01	2.902581175423671889e-01	1.836151972896901963e-01	8.521831039171814948e-02	3.824201134322043755e-02	9.639369978651041171e-02
1.804488289693420711e+03	1.885714868893402785e-01	1.171394382728455918e-01	2.904673897067008848e-01	1.837621365767973247e-01	8.528471023668178497e-02	3.829015240538226339e-02	9.648468591166528552e-02
1.809326059907075887e+03	1.882358604303517036e-01	1.169166637539915121e-01	2.906754988060774036e-01	1.839081183661926966e-01	8.535072897915189916e-02	3.833805031788410644e-02	9.657507934576409214e-02
1.814163830120731291e+03	1.879022540359999160e-01	1.166951868053227037e-01	2.908824508964791278e-01	1.840531491820897314e-01	8.541636861294343852e-02	3.838570578343315082e-02	9.666488468314528293e-02
1.819001600334386467e+03	1.875706556337328468e-01	1.164749997466504872e-01	2.910882519980634853e-01	1.841972355286391194e-01	8.548163113461344775e-02	3.843311951392690967e-02	9.675410644378704128e-02
1.823839370548041643e+03	1.872410532224562385e-01	1.162560949439919167e-01	2.912929080964780648e-01	1.843403838870041056e-01	8.554651854221384522e-02	3.848029223003830018e-02	9.684274907723083858e-02
1.828677140761696819e+03	1.869134348721237515e-01	1.160384648093258086e-01	2.914964251440480547e-01	1.844826007127440548e-01	8.561103283416696130e-02	3.852722466082247194e-02	9.693081696618228993e-02
1.833514910975352450e+03	1.865877887233287902e-01	1.158221018003457309e-01	2.916988090608473860e-01	1.846238924334783760e-01	8.567517600825197421e-02	3.857391754334380668e-02	9.701831442981732889e-02
1.838352681189008081e+03	1.862641029868981613e-01	1.156069984202104939e-01	2.919000657356658479e-01	1.847642654468057144e-01	8.573895006069159885e-02	3.862037162232152127e-02	9.710524572681999977e-02
1.843190451402663257e+03	1.859423659434873977e-01	1.153931472172923384e-01	2.921002010268816673e-01	1.849037261184547920e-01	8.580235698532939770e-02	3.866658764979249985e-02	9.719161505817522362e-02
1.848028221616318433e+03	1.856225659431780528e-01	1.151805407849232354e-01	2.922992207632490458e-01	1.850422807806460235e-01	8.586539877288879019e-02	3.871256638479012718e-02	9.727742656973803470e-02
1.852865991829973609e+03	1.853046914050768545e-01	1.149691717611398267e-01	2.924971307446088131e-01	1.851799357306446459e-01	8.592807741030625279e-02	3.875830859303790177e-02	9.736268435459910497e-02
1.857703762043628785e+03	1.849887308169167188e-01	1.147590328284270322e-01	2.926939367425296923e-01	1.853166972294877646e-01	8.599039488013124344e-02	3.880381504665682268e-02	9.744739245526415350e-02
1.862541532257283961e+03	1.846746727346596506e-01	1.145501167134609088e-01	2.928896445008872806e-01	1.854525715008694120e-01	8.605235315998679968e-02	3.884908652388559952e-02	9.753155486566375543e-02
1.867379302470939592e+03	1.843625057821016711e-01	1.143424161868506483e-01	2.930842597363865210e-01	1.855875647301689080e-01	8.611395422208473205e-02	3.889412380881269310e-02	9.761517553300826100e-02
1.872217072684594768e+03	1.840522186504794933e-01	1.141359240628802840e-01	2.932777881390331021e-01	1.857216830636094773e-01	8.617520003279037499e-02	3.893892769111952090e-02	9.769825835950121662e-02
1.877054842898249490e+03	1.837438000980793906e-01	1.139306331992500643e-01	2.934702353725591739e-01	1.858549326075348285e-01	8.623609255223210757e-02	3.898349896583398755e-02	9.778080720392393066e-02
1.881892613111905121e+03	1.834372389498478140e-01	1.137265364968178399e-01	2.936616070748078733e-01	1.859873194277927855e-01	8.629663373395145276e-02	3.902783843309366729e-02	9.786282588310209196e-02
1.886730383325560297e+03	1.831325240970040902e-01	1.135236268993405351e-01	2.938519088580802685e-01	1.861188495492160089e-01	8.635682552458974481e-02	3.907194689791806258e-02	9.794431817326486323e-02
1.891568153539215928e+03	1.828296444966550915e-01	1.133218973932158397e-01	2.940411463094490530e-01	1.862495289551905076e-01	8.641666986360817260e-02	3.911582516998932807e-02	9.802528781130563640e-02
1.896405923752871104e+03	1.825285891714119035e-01	1.131213410072244019e-01	2.942293249910419850e-01	1.863793635873036980e-01	8.647616868303763249e-02	3.915947406344091886e-02	9.810573849595313756e-02
1.901243693966526507e+03	1.822293472090084077e-01	1.129219508122724785e-01	2.944164504402981830e-01	1.865083593450645449e-01	8.653532390725604539e-02	3.920289439665374659e-02	9.818567388886030589e-02
1.906081464180181683e+03	1.819319077619219460e-01	1.127237199211352237e-01	2.946025281701997733e-01	1.866365220856887885e-01	8.659413745279014030e-02	3.924608699205931611e-02	9.826509761561842693e-02
1.910919234393836859e+03	1.816362600469960120e-01	1.125266414882006988e-01	2.947875636694822221e-01	1.867638576239430415e-01	8.665261122813963657e-02	3.928905267594952344e-02	9.834401326670251520e-02
1.915757004607492036e+03	1.813423933450648007e-01	1.123307087092147716e-01	2.949715624028240724e-01	1.868903717320417601e-01	8.671074713362157682e-02	3.933179227829266406e-02	9.842242439835409418e-02
1.920594774821147894e+03	1.810502970005798129e-01	1.121359148210268331e-01	2.951545298110196391e-01	1.870160701395923997e-01	8.676854706123303396e-02	3.937430663255533925e-02	9.850033453340666101e-02
1.925432545034802843e+03	1.807599604212387356e-01	1.119422531013365418e-01	2.953364713111359396e-01	1.871409585335836179e-01	8.682601289453036053e-02	3.941659657552995522e-02	9.857774716205860988e-02
1.930270315248458019e+03	1.804713730776157377e-01	1.117497168684416231e-01	2.955173922966548017e-01	1.872650425584124756e-01	8.688314650852348164e-02	3.945866294716750960e-02	9.865466574259815213e-02
1.935108085462113195e+03	1.801845245027944575e-01	1.115582994809866668e-01	2.956972981376028153e-01	1.873883278159464427e-01	8.693994976958384358e-02	3.950050659041540874e-02	9.873109370208421609e-02
1.939945855675768371e+03	1.798994042920024072e-01	1.113679943377131887e-01	2.958761941806697382e-01	1.875108198656168512e-01	8.699642453536460263e-02	3.954212835105999635e-02	9.880703443698705957e-02
1.944783625889424002e+03	1.796160021022477071e-01	1.111787948772108015e-01	2.960540857493169087e-01	1.876325242245406588e-01	8.705257265473212436e-02	3.958352907757368977e-02	9.888249131379193979e-02
1.949621396103079178e+03	1.793343076519576529e-01	1.109906945776696768e-01	2.962309781438765000e-01	1.877534463676672205e-01	8.710839596770753035e-02	3.962470962096643207e-02	9.895746766956887985e-02
1.954459166316734354e+03	1.790543107206194751e-01	1.108036869566341731e-01	2.964068766416425582e-01	1.878735917279476531e-01	8.716389630541744593e-02	3.966567083464121041e-02	9.903196681251133504e-02
1.959296936530389530e+03	1.787760011484227640e-01	1.106177655707579061e-01	2.965817864969555462e-01	1.879929656965244889e-01	8.721907549005314397e-02	3.970641357425359896e-02	9.910599202244639583e-02
1.964134706744044706e+03	1.784993688359041986e-01	1.104329240155600272e-01	2.967557129412798922e-01	1.881115736229389268e-01	8.727393533483719656e-02	3.974693869757504189e-02	9.917954655131860919e-02
1.968972476957700337e+03	1.782244037435939399e-01	1.102491559251828762e-01	2.969286611832763767e-01	1.882294208153541537e-01	8.732847764399689905e-02	3.978724706435973757e-02	9.925263362364998565e-02
1.973810247171355968e+03	1.779510958916643015e-01	1.100664549721509927e-01	2.971006364088693008e-01	1.883465125407927654e-01	8.738270421274405009e-02	3.982733953621502704e-02	9.932525643697752427e-02
1.978648017385010689e+03	1.776794353595801679e-01	1.098848148671315583e-01	2.972716437813097690e-01	1.884628540253864837e-01	8.743661682726024120e-02	3.986721697647512691e-02	9.939741816227061488e-02
1.983485787598666320e+03	1.774094122857513833e-01	1.097042293586961981e-01	2.974416884412349193e-01	1.885784504546367535e-01	8.749021726468729498e-02	3.990688025007801953e-02	9.946912194432940002e-02
1.988323557812321269e+03	1.771410168671871954e-01	1.095246922330841838e-01	2.976107755067237681e-01	1.886933069736849988e-01	8.754350729312233848e-02	3.994633022344548645e-02	9.954037090216606709e-02
1.993161328025976900e+03	1.768742393591524742e-01	1.093461973139670668e-01	2.977789100733503891e-01	1.888074286875910668e-01	8.759648867161703989e-02	3.998556776436611171e-02	9.961116812936993137e-02
1.997999098239632076e+03	1.766090700748260967e-01	1.091687384622147261e-01	2.979460972142346509e-01	1.889208206616188879e-01	8.764916315018064785e-02	4.002459374188113705e-02	9.968151669445793339e-02
2.002836868453287707e+03	1.763454993849610519e-01	1.089923095756629157e-01	2.981123419800907892e-01	1.890334879215283537e-01	8.770153246978648620e-02	4.006340902617309963e-02	9.975141964121139737e-02
2.007674638666942428e+03	1.760835177175465172e-01	1.088169045888821573e-01	2.982776493992741473e-01	1.891454354538723570e-01	8.775359836238158517e-02	4.010201448845720357e-02	9.982087998900017467e-02
2.012512408880597604e+03	1.758231155574718485e-01	1.086425174729480914e-01	2.984420244778264175e-01	1.892566682062982453e-01	8.780536255089914366e-02	4.014041100087523822e-02	9.988990073309511608e-02
2.017350179094252780e+03	1.755642834461925983e-01	1.084691422352133811e-01	2.986054721995199390e-01	1.893671910878529097e-01	8.785682674927350333e-02	4.017859943639203596e-02	9.995848484496973330e-02
2.022187949307908411e+03	1.753070119813981143e-01	1.082967729190808664e-01	2.987679975259005527e-01	1.894770089692909276e-01	8.790799266245749588e-02	4.021658066869439330e-02	1.000266352725917435e-01
2.027025719521564042e+03	1.750512918166813869e-01	1.081254036037783417e-01	2.989296053963299560e-01	1.895861266833849534e-01	8.795886198644184417e-02	4.025435557209236515e-02	1.000943549407052324e-01
2.031863489735218764e+03	1.747971136612105902e-01	1.079550284041347064e-01	2.990903007280273918e-01	1.896945490252378852e-01	8.800943640827657566e-02	4.029192502142280724e-02	1.001616467511041858e-01
2.036701259948874394e+03	1.745444682794023428e-01	1.077856414703575044e-01	2.992500884161107266e-01	1.898022807525964750e-01	8.805971760609399013e-02	4.032928989195522923e-02	1.002285135828978740e-01
2.041539030162529116e+03	1.742933464905971896e-01	1.076172369878119484e-01	2.994089733336374737e-01	1.899093265861656887e-01	8.810970724913333441e-02	4.036645105929982658e-02	1.002949582927686739e-01
2.046376800376184747e+03	1.740437391687366109e-01	1.074498091768014141e-01	2.995669603316456486e-01	1.900156912099232875e-01	8.815940699776683709e-02	4.040340939931757330e-02	1.003609837152227985e-01
2.051214570589840150e+03	1.737956372420420004e-01	1.072833522923493238e-01	2.997240542391941820e-01	1.901213792714348816e-01	8.820881850352697839e-02	4.044016578803245887e-02	1.004265926628343936e-01
2.056052340803495554e+03	1.735490316926955601e-01	1.071178606239823611e-01	2.998802598634038863e-01	1.902263953821683728e-01	8.825794340913492575e-02	4.047672110154567487e-02	1.004917879264835279e-01
2.060890111017150957e+03	1.733039135565227762e-01	1.069533284955153096e-01	3.000355819894982012e-01	1.903307441178079262e-01	8.830678334853006572e-02	4.051307621595180014e-02	1.005565722755882158e-01
2.065727881230805451e+03	1.730602739226770603e-01	1.067897502648370994e-01	3.001900253808445496e-01	1.904344300185671912e-01	8.835533994690041026e-02	4.054923200725692872e-02	1.006209484583311248e-01
2.070565651444461309e+03	1.728181039333257785e-01	1.066271203236984072e-01	3.003435947789954708e-01	1.905374575895013023e-01	8.840361482071384946e-02	4.058518935129859506e-02	1.006849192018809541e-01
2.075403421658116713e+03	1.725773947833384447e-01	1.064654330975005198e-01	3.004962949037307540e-01	1.906398313008177692e-01	8.845160957775019539e-02	4.062094912366759347e-02	1.007484872126091363e-01
2.080241191871772116e+03	1.723381377199764697e-01	1.063046830450857100e-01	3.006481304530992382e-01	1.907415555881857572e-01	8.849932581713387814e-02	4.065651219963158092e-02	1.008116551763018481e-01
2.085078962085427065e+03	1.721003240425848235e-01	1.061448646585289313e-01	3.007991061034616664e-01	1.908426348530437300e-01	8.854676512936728028e-02	4.069187945406037982e-02	1.008744257583676779e-01
2.089916732299082469e+03	1.718639451022853926e-01	1.059859724629309136e-01	3.009492265095339847e-01	1.909430734629053439e-01	8.859392909636458480e-02	4.072705176135302946e-02	1.009368016040412402e-01
2.094754502512737417e+03	1.716289923016720842e-01	1.058280010162125917e-01	3.010984963044308627e-01	1.910428757516634546e-01	8.864081929148615036e-02	4.076202999536648885e-02	1.009987853385828638e-01
2.099592272726392821e+03	1.713954570945077638e-01	1.056709449089109631e-01	3.012469200997100471e-01	1.911420460198920146e-01	8.868743727957330292e-02	4.079681502934597720e-02	1.010603795674745592e-01
2.104430042940048224e+03	1.711633309854228291e-01	1.055147987639761809e-01	3.013945024854169930e-01	1.912405885351457779e-01	8.873378461698351594e-02	4.083140773585691718e-02	1.011215868766124348e-01
2.109267813153704083e+03	1.709326055296156721e-01	1.053595572365701449e-01	3.015412480301306597e-01	1.913385075322580342e-01	8.877986285162592361e-02	4.086580898671843265e-02	1.011824098324957677e-01
2.114105583367359031e+03	1.707032723325546120e-01	1.052052150138662739e-01	3.016871612810096415e-01	1.914358072136355948e-01	8.882567352299722274e-02	4.090001965293839359e-02	1.012428509824129241e-01
2.118943353581013525e+03	1.704753230496817706e-01	1.050517668148507333e-01	3.018322467638385742e-01	1.915324917495518642e-01	8.887121816221768555e-02	4.093404060464996691e-02	1.013029128546240609e-01
2.123781123794669384e+03	1.702487493861186696e-01	1.048992073901248989e-01	3.019765089830758753e-01	1.916285652784370797e-01	8.891649829206757505e-02	4.096787271104959660e-02	1.013625979585410369e-01
2.128618894008324787e+03	1.700235430963732142e-01	1.047475315217091529e-01	3.021199524219015387e-01	1.917240319071663590e-01	8.896151542702368520e-02	4.100151684033646188e-02	1.014219087849043410e-01
2.133456664221980191e+03	1.697996959840488151e-01	1.045967340228479425e-01	3.022625815422661510e-01	1.918188957113449722e-01	8.900627107329601995e-02	4.103497385965337169e-02	1.014808478059574526e-01
2.138294434435635139e+03	1.695771999015548426e-01	1.044468097378162957e-01	3.024044007849399640e-01	1.919131607355914759e-01	8.905076672886470812e-02	4.106824463502898453e-02	1.015394174756184542e-01
2.143132204649290543e+03	1.693560467498188282e-01	1.042977535417273366e-01	3.025454145695632979e-01	1.920068309938176843e-01	8.909500388351700162e-02	4.110133003132142304e-02	1.015976202296492020e-01
2.147969974862945492e+03	1.691362284780003888e-01	1.041495603403413822e-01	3.026856272946970017e-01	1.920999104695063908e-01	8.913898401888439849e-02	4.113423091216322075e-02	1.016554584858220395e-01
2.152807745076601350e+03	1.689177370832068426e-01	1.040022250698760253e-01	3.028250433378740225e-01	1.921924031159864266e-01	8.918270860847982151e-02	4.116694813990753182e-02	1.017129346440841658e-01
2.157645515290255844e+03	1.687005646102102407e-01	1.038557426968176878e-01	3.029636670556513645e-01	1.922843128567051363e-01	8.922617911773494948e-02	4.119948257557570076e-02	1.017700510867197150e-01
2.162483285503912157e+03	1.684847031511664261e-01	1.037101082177343397e-01	3.031015027836629350e-01	1.923756435854979685e-01	8.926939700403749289e-02	4.123183507880600479e-02	1.018268101785096691e-01
2.167321055717567106e+03	1.682701448453352289e-01	1.035653166590893848e-01	3.032385548366726691e-01	1.924663991668556784e-01	8.931236371676858077e-02	4.126400650780370771e-02	1.018832142668895657e-01
2.172158825931222509e+03	1.680568818788027718e-01	1.034213630770569603e-01	3.033748275086287638e-01	1.925565834361886997e-01	8.935508069734014736e-02	4.129599771929222396e-02	1.019392656821052345e-01
2.176996596144877003e+03	1.678449064842048866e-01	1.032782425573382651e-01	3.035103250727182456e-01	1.926462002000890461e-01	8.939754937923237443e-02	4.132780956846556636e-02	1.019949667373664104e-01
2.181834366358532861e+03	1.676342109404526104e-01	1.031359502149791774e-01	3.036450517814221484e-01	1.927352532365893545e-01	8.943977118803111970e-02	4.135944290894192493e-02	1.020503197289984176e-01
2.186672136572187810e+03	1.674247875724588774e-01	1.029944811941891220e-01	3.037790118665715244e-01	1.928237462954195680e-01	8.948174754146528964e-02	4.139089859271832816e-02	1.021053269365920363e-01
2.191509906785843214e+03	1.672166287508671523e-01	1.028538306681610753e-01	3.039122095394036771e-01	1.929116830982607611e-01	8.952347984944419856e-02	4.142217747012653939e-02	1.021599906231513699e-01
2.196347676999498617e+03	1.670097268917811739e-01	1.027139938388927920e-01	3.040446489906195038e-01	1.929990673389963829e-01	8.956496951409501084e-02	4.145328038978993851e-02	1.022143130352399787e-01
2.201185447213154021e+03	1.668040744564967814e-01	1.025749659370091688e-01	3.041763343904408945e-01	1.930859026839610859e-01	8.960621792980007216e-02	4.148420819858156944e-02	1.022682964031252223e-01
2.206023217426809424e+03	1.665996639512349331e-01	1.024367422215857609e-01	3.043072698886691296e-01	1.931721927721867793e-01	8.964722648323410203e-02	4.151496174158322144e-02	1.023219429409208542e-01
2.210860987640464373e+03	1.663964879268763908e-01	1.022993179799736030e-01	3.044374596147435552e-01	1.932579412156462673e-01	8.968799655340153887e-02	4.154554186204548888e-02	1.023752548467279366e-01
2.215698757854119776e+03	1.661945389786979588e-01	1.021626885276250146e-01	3.045669076778008133e-01	1.933431515994942229e-01	8.972852951167364921e-02	4.157594940134896888e-02	1.024282343027741460e-01
2.220536528067775180e+03	1.659938097461102213e-01	1.020268492079205863e-01	3.046956181667348496e-01	1.934278274823056365e-01	8.976882672182573408e-02	4.160618519896638196e-02	1.024808834755513570e-01
2.225374298281430583e+03	1.657942929123968068e-01	1.018917953919974001e-01	3.048235951502571428e-01	1.935119723963119598e-01	8.980888954007415492e-02	4.163625009242565705e-02	1.025332045159516869e-01
2.230212068495085077e+03	1.655959812044551505e-01	1.017575224785782356e-01	3.049508426769575453e-01	1.935955898476345305e-01	8.984871931511329013e-02	4.166614491727406444e-02	1.025851995594020682e-01
2.235049838708740936e+03	1.653988673925388120e-01	1.016240258938020530e-01	3.050773647753656781e-01	1.936786833165156096e-01	8.988831738815250549e-02	4.169587050704323672e-02	1.026368707259970869e-01
2.239887608922396339e+03	1.652029442900011802e-01	1.014913010910553914e-01	3.052031654540127148e-01	1.937612562575470321e-01	8.992768509295295809e-02	4.172542769321513356e-02	1.026882201206305439e-01
2.244725379136052197e+03	1.650082047530409268e-01	1.013593435508051283e-01	3.053282487014938873e-01	1.938433120998964143e-01	8.996682375586434466e-02	4.175481730518890849e-02	1.027392498331253928e-01
2.249563149349706237e+03	1.648146416804485426e-01	1.012281487804319868e-01	3.054526184865309357e-01	1.939248542475309200e-01	9.000573469586160835e-02	4.178404017024871936e-02	1.027899619383623175e-01
2.254400919563362095e+03	1.646222480133547050e-01	1.010977123140655298e-01	3.055762787580354467e-01	1.940058860794386941e-01	9.004441922458147896e-02	4.181309711353236452e-02	1.028403584964068529e-01
2.259238689777017044e+03	1.644310167349798679e-01	1.009680297124199017e-01	3.056992334451724136e-01	1.940864109498480761e-01	9.008287864635895759e-02	4.184198895800080725e-02	1.028904415526350896e-01
2.264076459990672902e+03	1.642409408703854323e-01	1.008390965626308339e-01	3.058214864574243519e-01	1.941664321884442046e-01	9.012111425826374589e-02	4.187071652440855357e-02	1.029402131378580471e-01
2.268914230204327851e+03	1.640520134862263613e-01	1.007109084780936359e-01	3.059430416846555256e-01	1.942459531005836237e-01	9.015912735013648094e-02	4.189928063127485586e-02	1.029896752684446998e-01
2.273752000417983254e+03	1.638642276905051820e-01	1.005834610983022404e-01	3.060639029971770064e-01	1.943249769675064187e-01	9.019691920462494239e-02	4.192768209485574910e-02	1.030388299464436302e-01
2.278589770631638203e+03	1.636775766323274317e-01	1.004567500886893450e-01	3.061840742458117881e-01	1.944035070465462423e-01	9.023449109722012085e-02	4.195592172911685042e-02	1.030876791597033909e-01
2.283427540845293606e+03	1.634920535016585186e-01	1.003307711404675256e-01	3.063035592619602343e-01	1.944815465713379543e-01	9.027184429629225848e-02	4.198400034570701211e-02	1.031362248819916450e-01
2.288265311058949010e+03	1.633076515290820818e-01	1.002055199704714739e-01	3.064223618576660813e-01	1.945590987520232629e-01	9.030898006312663984e-02	4.201191875393265468e-02	1.031844690731129055e-01
2.293103081272604413e+03	1.631243639855596284e-01	1.000809923210011498e-01	3.065404858256827181e-01	1.946361667754540614e-01	9.034589965195941041e-02	4.203967776073298107e-02	1.032324136790251784e-01
2.297940851486259817e+03	1.629421841821916683e-01	9.995718395966605996e-02	3.066579349395395782e-01	1.947127538053936013e-01	9.038260431001318707e-02	4.206727817065582936e-02	1.032800606319552589e-01
2.302778621699914765e+03	1.627611054699801829e-01	9.983409067923047775e-02	3.067747129536091411e-01	1.947888629827155826e-01	9.041909527753264064e-02	4.209472078583430948e-02	1.033274118505128625e-01
2.307616391913570169e+03	1.625811212395924799e-01	9.971170829745960862e-02	3.068908236031742676e-01	1.948644974256013018e-01	9.045537378781988436e-02	4.212200640596414081e-02	1.033744692398035764e-01
2.312454162127225118e+03	1.624022249211265201e-01	9.959003265696700358e-02	3.070062706044952572e-01	1.949396602297343573e-01	9.049144106726977888e-02	4.214913582828172522e-02	1.034212346915406172e-01
2.317291932340880976e+03	1.622244099838774656e-01	9.946905962506258359e-02	3.071210576548780713e-01	1.950143544684937169e-01	9.052729833540515414e-02	4.217610984754285863e-02	1.034677100841553676e-01
2.322129702554535925e+03	1.620476699361056983e-01	9.934878509360202392e-02	3.072351884327421123e-01	1.950885831931444270e-01	9.056294680491185078e-02	4.220292925600218487e-02	1.035138972829069276e-01
2.326967472768191783e+03	1.618719983248060879e-01	9.922920497883677693e-02	3.073486665976885579e-01	1.951623494330265163e-01	9.059838768167370604e-02	4.222959484339324637e-02	1.035597981399903611e-01
2.331805242981846732e+03	1.616973887354787309e-01	9.911031522126534377e-02	3.074614957905687507e-01	1.952356561957418746e-01	9.063362216480735922e-02	4.225610739690926348e-02	1.036054144946439437e-01
2.336643013195502135e+03	1.615238347919009942e-01	9.899211178548530943e-02	3.075736796335531431e-01	1.953085064673390769e-01	9.066865144669698784e-02	4.228246770118449654e-02	1.036507481732552721e-01
