1.383602281105411066e+03	2.267390586335542302e-01	1.427138473146832287e-01	2.659357590537438365e-01	1.688973244260149054e-01	7.948936306498859128e-02	3.304217036309944205e-02	8.318247714332406562e-02
1.388440051319066470e+03	2.261757905394782275e-01	1.423434510961855970e-01	2.664547302545675622e-01	1.689318121679550810e-01	7.939885188575447617e-02	3.310258053649856730e-02	8.359278351896877457e-02
1.393277821532721646e+03	2.256160062191187587e-01	1.419748934248901973e-01	2.669480162628910525e-01	1.689845141222014180e-01	7.933337529140357947e-02	3.316396129855665731e-02	8.397923338034668506e-02
1.398115591746377049e+03	2.250596638209108047e-01	1.416081941275511569e-01	2.674187202447740330e-01	1.690538027152974354e-01	7.928953532061511211e-02	3.322619641039123439e-02	8.434388735986858565e-02
1.402953361960032225e+03	2.245067250692136807e-01	1.412433703583834133e-01	2.678695373988554951e-01	1.691381687539354750e-01	7.926439260531813191e-02	3.328918012772329876e-02	8.468862568597879115e-02
1.407791132173687402e+03	2.239571547443482413e-01	1.408804368027960219e-01	2.683028096412178320e-01	1.692362154224457960e-01	7.925540381762632980e-02	3.335281627627972173e-02	8.501516329469432920e-02
1.412628902387342805e+03	2.234109202386309889e-01	1.405194058698077675e-01	2.687205728641918756e-01	1.693466521157308557e-01	7.926036771877451037e-02	3.341701740544231192e-02	8.532506378682991333e-02
1.417466672600997981e+03	2.228679911774536226e-01	1.401602878730897617e-01	2.691245977870777017e-01	1.694682882260692969e-01	7.927737862035412475e-02	3.348170401403551683e-02	8.561975230132827519e-02
1.422304442814653157e+03	2.223283390960180406e-01	1.398030912007424686e-01	2.695164252762754509e-01	1.696000269765806368e-01	7.930478623334359656e-02	3.354680384254057901e-02	8.590052737390753423e-02
1.427142213028308333e+03	2.217919371636799530e-01	1.394478224740416661e-01	2.698973968913188082e-01	1.697408593729565485e-01	7.934116102262586678e-02	3.361225122640718738e-02	8.616857184837829753e-02
1.431979983241963964e+03	2.212587599490040691e-01	1.390944866954810233e-01	2.702686813090666718e-01	1.698898583276229335e-01	7.938526430708907344e-02	3.367798650550368755e-02	8.642496290564080641e-02
1.436817753455619140e+03	2.207287832196221933e-01	1.387430873865104775e-01	2.706312971885109220e-01	1.700461729962017277e-01	7.943602245077700796e-02	3.374395548509984827e-02	8.667068127268601208e-02
1.441655523669274316e+03	2.202019837718328932e-01	1.383936267154159960e-01	2.709861329612878733e-01	1.702090233544842901e-01	7.949250458126901064e-02	3.381010894411295986e-02	8.690661967100520024e-02
1.446493293882929493e+03	2.196783392856073991e-01	1.380461056158201472e-01	2.713339639663141512e-01	1.703776950346807262e-01	7.955390334956821685e-02	3.387640218666619629e-02	8.713359056075142828e-02
1.451331064096585123e+03	2.191578282012904277e-01	1.377005238963009137e-01	2.716754672895188572e-01	1.705515344321052451e-01	7.961951831301955496e-02	3.394279463330875796e-02	8.735233323386457083e-02
1.456168834310240300e+03	2.186404296148185822e-01	1.373568803416335138e-01	2.720112346201291609e-01	1.707299440873915053e-01	7.968874158067863755e-02	3.400924944852953824e-02	8.756352030622738258e-02
1.461006604523895703e+03	2.181261231887372531e-01	1.370151728061601015e-01	2.723417833922903153e-01	1.709123783445423150e-01	7.976104541041030560e-02	3.407573320146056739e-02	8.776776365580749029e-02
1.465844374737550879e+03	2.176148890766898270e-01	1.366753982997844785e-01	2.726675664440099123e-01	1.710983392813856807e-01	7.983597148993121229e-02	3.414221555691361598e-02	8.796561985069355216e-02
1.470682144951206283e+03	2.171067078593893751e-01	1.363375530670772606e-01	2.729889803937010639e-01	1.712873729061493711e-01	7.991312167098839347e-02	3.420866899412358664e-02	8.815759510797924192e-02
1.475519915164861459e+03	2.166015604903719083e-01	1.360016326599606251e-01	2.733063729072455761e-01	1.714790656117247403e-01	7.999214995771442016e-02	3.427506855078642917e-02	8.834414982160467000e-02
1.480357685378516862e+03	2.160994282500768304e-01	1.356676320044229445e-01	2.736200490049184308e-01	1.716730408776341033e-01	8.007275557763278429e-02	3.434139159017820381e-02	8.852570269454505814e-02
1.485195455592172038e+03	2.156002927070122810e-01	1.353355454616942122e-01	2.739302765371686710e-01	1.718689562086389566e-01	8.015467698741933489e-02	3.440761758932567305e-02	8.870263450814923345e-02
1.490033225805827215e+03	2.151041356849441866e-01	1.350053668842895738e-01	2.742372909407065906e-01	1.720665002982331160e-01	8.023768668588472652e-02	3.447372794636949234e-02	8.887529155898074573e-02
1.494870996019482618e+03	2.146109392352032186e-01	1.346770896673080697e-01	2.745412993712071925e-01	1.722653904048832563e-01	8.032158672418418521e-02	3.453970580541783353e-02	8.904398879120466181e-02
1.499708766233137567e+03	2.141206856133362479e-01	1.343507067953499112e-01	2.748424842958784864e-01	1.724653699287419517e-01	8.040620481837597311e-02	3.460553589733351976e-02	8.920901265039236916e-02
1.504546536446793198e+03	2.136333572594429908e-01	1.340262108853932099e-01	2.751410066178662239e-01	1.726662061766157663e-01	8.049139098247554136e-02	3.467120439503132423e-02	8.937062368258341660e-02
1.509384306660448374e+03	2.131489367816355729e-01	1.337035942259502397e-01	2.754370083947377812e-01	1.728676883031773637e-01	8.057701461137828369e-02	3.473669878198460542e-02	8.952905890054457805e-02
1.514222076874103550e+03	2.126674069421420066e-01	1.333828488128009915e-01	2.757306152048850656e-01	1.730696254167302106e-01	8.066296195270054870e-02	3.480200773275374249e-02	8.968453393739582447e-02
1.519059847087758726e+03	2.121887506456453243e-01	1.330639663815813001e-01	2.760219382084315165e-01	1.732718448382403742e-01	8.074913391492966053e-02	3.486712100445218954e-02	8.983724500612796926e-02
1.523897617301414357e+03	2.117129509295114509e-01	1.327469384374843075e-01	2.763110759429622809e-01	1.734741905028137354e-01	8.083544416646604169e-02	3.493202933816122457e-02	8.998737068200934885e-02
1.528735387515069533e+03	2.112399909556101074e-01	1.324317562823131844e-01	2.765981158889843639e-01	1.736765214933031487e-01	8.092181748634125205e-02	3.499672436939149645e-02	9.013507352346480928e-02
1.533573157728724709e+03	2.107698540034782519e-01	1.321184110391074862e-01	2.768831358353465721e-01	1.738787106962604856e-01	8.100818833274392450e-02	3.506119854676931213e-02	9.028050154570232966e-02
1.538410927942380113e+03	2.103025234646122010e-01	1.318068936745472874e-01	2.771662050708058045e-01	1.740806435709915112e-01	8.109449960009795788e-02	3.512544505819877039e-02	9.042378956015480196e-02
1.543248698156035516e+03	2.098379828377079648e-01	1.314971950193240258e-01	2.774473854244342563e-01	1.742822170230172718e-01	8.118070153941638056e-02	3.518945776381735002e-02	9.056506039169114064e-02
1.548086468369690692e+03	2.093762157246963906e-01	1.311893057866520274e-01	2.777267321745385820e-01	1.744833383737854349e-01	8.126675082008717743e-02	3.525323113512405376e-02	9.070442598452473082e-02
1.552924238583346096e+03	2.089172058274430810e-01	1.308832165890809474e-01	2.780042948431519223e-01	1.746839244190038776e-01	8.135260971420951726e-02	3.531676019971449060e-02	9.084198840680454690e-02
1.557762008797001272e+03	2.084609369450031446e-01	1.305789179537565070e-01	2.782801178908960171e-01	1.748839005684820203e-01	8.143824538715578598e-02	3.538004049110862054e-02	9.097784076300628742e-02
1.562599779010656675e+03	2.080073929713379677e-01	1.302764003362650302e-01	2.785542413250569060e-01	1.750832000608585071e-01	8.152362928024103894e-02	3.544306800320314726e-02	9.111206802244577185e-02
1.567437549224311852e+03	2.075565578934156497e-01	1.299756541331854309e-01	2.788267012320240212e-01	1.752817632470669851e-01	8.160873657328751585e-02	3.550583914892289222e-02	9.124474777150581861e-02
1.572275319437967255e+03	2.071084157896287969e-01	1.296766696934632535e-01	2.790975302437753713e-01	1.754795369368404578e-01	8.169354571651657460e-02	3.556835072268429987e-02	9.137595089649949709e-02
1.577113089651622431e+03	2.066629508284741901e-01	1.293794373287107391e-01	2.793667579468229745e-01	1.756764738029802098e-01	8.177803802262169353e-02	3.563059986631929993e-02	9.150574220347915122e-02
1.581950859865277607e+03	2.062201472674476121e-01	1.290839473225282030e-01	2.796344112409316907e-01	1.758725318385165881e-01	8.186219731110401521e-02	3.569258403813989344e-02	9.163418098074012363e-02
1.586788630078933011e+03	2.057799894521143425e-01	1.287901899389349847e-01	2.799005146539725875e-01	1.760676738622662385e-01	8.194600959801197348e-02	3.575430098485299357e-02	9.176132150925501996e-02
1.591626400292587959e+03	2.053424618153228964e-01	1.284981554299888806e-01	2.801650906184421363e-01	1.762618670686427746e-01	8.202946282514397836e-02	3.581574871606177379e-02	9.188721352580564439e-02
1.596464170506243590e+03	2.049075488765341735e-01	1.282078340426676955e-01	2.804281597144660521e-01	1.764550826179094034e-01	8.211254662356534673e-02	3.587692548111383328e-02	9.201190264315153855e-02
1.601301940719898766e+03	2.044752352412435303e-01	1.279192160250796073e-01	2.806897408834802543e-01	1.766472952633670601e-01	8.219525210697595230e-02	3.593782974807859659e-02	9.213543073118303506e-02
1.606139710933553943e+03	2.040455056004764345e-01	1.276322916320629108e-01	2.809498516162441395e-01	1.768384830122605167e-01	8.227757169105762158e-02	3.599846018465641118e-02	9.225783626264993931e-02
1.610977481147209119e+03	2.036183447303422378e-01	1.273470511302308705e-01	2.812085081183721691e-01	1.770286268174474653e-01	8.235949893544340650e-02	3.605881564083999319e-02	9.237915462673175482e-02
1.615815251360864750e+03	2.031937374916330252e-01	1.270634848025124219e-01	2.814657254561614974e-01	1.772177102971230489e-01	8.244102840539420385e-02	3.611889513316536571e-02	9.249941841341836890e-02
1.620653021574519926e+03	2.027716688294567415e-01	1.267815829522345450e-01	2.817215176851400882e-01	1.774057194801191839e-01	8.252215555065268993e-02	3.617869783040465054e-02	9.261865767140008143e-02
1.625490791788175102e+03	2.023521237728960198e-01	1.265013359067887755e-01	2.819758979634532370e-01	1.775926425745073256e-01	8.260287659927659232e-02	3.623822304056656396e-02	9.273690014191947328e-02
1.630328562001830505e+03	2.019350874346854396e-01	1.262227340209198523e-01	2.822288786519365766e-01	1.777784697574278372e-01	8.268318846454207616e-02	3.629747019908303313e-02	9.285417147081315159e-02
1.635166332215485909e+03	2.015205450109016916e-01	1.259457676796716941e-01	2.824804714024923280e-01	1.779631929842462879e-01	8.276308866325696179e-02	3.635643885807153530e-02	9.297049540076743335e-02
1.640004102429141085e+03	2.011084817806616520e-01	1.256704273010219308e-01	2.827306872361829426e-01	1.781468058153017620e-01	8.284257524404026185e-02	3.641512867657315661e-02	9.308589394562623298e-02
1.644841872642796488e+03	2.006988831058253153e-01	1.253967033382345497e-01	2.829795366122779265e-01	1.783293032586627525e-01	8.292164672431194539e-02	3.647353941167540137e-02	9.320038754842011053e-02
1.649679642856451665e+03	2.002917344306998637e-01	1.251245862819562460e-01	2.832270294893387552e-01	1.785106816274440733e-01	8.300030203489949798e-02	3.653167091043756781e-02	9.331399522463203200e-02
1.654517413070107068e+03	1.998870212817434600e-01	1.248540666620809730e-01	2.834731753792895104e-01	1.786909384103659848e-01	8.307854047130892872e-02	3.658952310254391660e-02	9.342673469207529724e-02
1.659355183283762244e+03	1.994847292672665418e-01	1.245851350494040083e-01	2.837179833953055175e-01	1.788700721543521888e-01	8.315636165083070686e-02	3.664709599361693632e-02	9.353862248863208106e-02
1.664192953497417420e+03	1.990848440771294803e-01	1.243177820570853520e-01	2.839614622942507327e-01	1.790480823580703484e-01	8.323376547475705434e-02	3.670438965912931756e-02	9.364967407898565355e-02
1.669030723711072824e+03	1.986873514824356868e-01	1.240519983419405975e-01	2.842036205143026462e-01	1.792249693754161821e-01	8.331075209507973756e-02	3.676140423885895098e-02	9.375990395137415168e-02
1.673868493924728000e+03	1.982922373352197232e-01	1.237877746055752043e-01	2.844444662083289166e-01	1.794007343280311362e-01	8.338732188511792376e-02	3.681813993183642719e-02	9.386932570529861464e-02
1.678706264138383403e+03	1.978994875681297227e-01	1.235251015953773707e-01	2.846840072735098426e-01	1.795753790260253835e-01	8.346347541359507016e-02	3.687459699173935290e-02	9.397795213103123102e-02
1.683544034352038352e+03	1.975090881941040655e-01	1.232639701053826198e-01	2.849222513776410448e-01	1.797489058961521669e-01	8.353921342174487619e-02	3.693077572269196085e-02	9.408579528169119799e-02
1.688381804565693983e+03	1.971210253060425299e-01	1.230043709770225757e-01	2.851592059824994418e-01	1.799213179167473975e-01	8.361453680307928682e-02	3.698667647543241871e-02	9.419286653858423286e-02
1.693219574779349159e+03	1.967352850764714223e-01	1.227462950997686431e-01	2.853948783646094167e-01	1.800926185588107020e-01	8.368944658549724858e-02	3.704229964381376000e-02	9.429917667043670459e-02
1.698057344993004335e+03	1.963518537572033207e-01	1.224897334116810121e-01	2.856292756337061589e-01	1.802628117326601775e-01	8.376394391545312346e-02	3.709764566160749649e-02	9.440473588709663577e-02
1.702895115206659511e+03	1.959707176789914629e-01	1.222346768998719413e-01	2.858624047491578057e-01	1.804319017396451286e-01	8.383803004393883263e-02	3.715271499958196916e-02	9.450955388822075698e-02
1.707732885420315142e+03	1.955918632511791933e-01	1.219811166008915038e-01	2.860942725345774762e-01	1.805998932284482716e-01	8.391170631406377756e-02	3.720750816283002749e-02	9.461363990741761265e-02
1.712570655633970318e+03	1.952152769613444971e-01	1.217290436010435156e-01	2.863248856908290341e-01	1.807667911555505824e-01	8.398497415004375910e-02	3.726202568832304857e-02	9.471700275227339094e-02
1.717408425847625494e+03	1.948409453749401776e-01	1.214784490366381531e-01	2.865542508076070471e-01	1.809326007494722333e-01	8.405783504743284673e-02	3.731626814267038905e-02	9.481965084064696014e-02
1.722246196061280898e+03	1.944688551349299799e-01	1.212293240941878375e-01	2.867823743737494269e-01	1.810973274784379583e-01	8.413029056445252285e-02	3.737023612006548645e-02	9.492159223358456743e-02
1.727083966274936301e+03	1.940989929614211074e-01	1.209816600105515227e-01	2.870092627864248014e-01	1.812609770211471572e-01	8.420234231429032934e-02	3.742393024040135269e-02	9.502283466517152943e-02
1.731921736488591478e+03	1.937313456512931575e-01	1.207354480730328111e-01	2.872349223593177459e-01	1.814235552403596075e-01	8.427399195825555078e-02	3.747735114754003477e-02	9.512338556960893421e-02
1.736759506702246881e+03	1.933659000778241988e-01	1.204906796194363250e-01	2.874593593299238914e-01	1.815850681590324700e-01	8.434524119969283307e-02	3.753049950772195664e-02	9.522325210577609056e-02
1.741597276915902057e+03	1.930026431903141826e-01	1.202473460380865666e-01	2.876825798660520017e-01	1.817455219387706655e-01	8.441609177856716772e-02	3.758337600810231910e-02	9.532244117951488294e-02
1.746435047129557461e+03	1.926415620137058304e-01	1.200054387678129580e-01	2.879045900716192818e-01	1.819049228603732971e-01	8.448654546664291498e-02	3.763598135540311557e-02	9.542095946385042993e-02
1.751272817343212637e+03	1.922826436482036605e-01	1.197649492979045993e-01	2.881253959918179119e-01	1.820632773062794696e-01	8.455660406318994682e-02	3.768831627467020967e-02	9.551881341734200226e-02
1.756110587556867813e+03	1.919258752688911551e-01	1.195258691680377017e-01	2.883450036177209741e-01	1.822205917447351220e-01	8.462626939115699964e-02	3.774038150812602382e-02	9.561600930073978211e-02
1.760948357770523216e+03	1.915712441253464293e-01	1.192881899681786789e-01	2.885634188903878350e-01	1.823768727155188896e-01	8.469554329375968138e-02	3.779217781410915133e-02	9.571255319210712764e-02
1.765786127984178393e+03	1.912187375412568724e-01	1.190519033384652287e-01	2.887806477045235520e-01	1.825321268170798927e-01	8.476442763143676729e-02	3.784370596609323845e-02	9.580845100055226937e-02
1.770623898197833569e+03	1.908683429140326515e-01	1.188170009690678458e-01	2.889966959117404310e-01	1.826863606949547247e-01	8.483292427913385891e-02	3.789496675177792678e-02	9.590370847870043070e-02
1.775461668411488745e+03	1.905200477144195215e-01	1.185834746000338780e-01	2.892115693234639240e-01	1.828395810313424852e-01	8.490103512387792151e-02	3.794596097224550019e-02	9.599833123402459756e-02
1.780299438625144376e+03	1.901738394861112458e-01	1.183513160211158849e-01	2.894252737135216691e-01	1.829917945357284470e-01	8.496876206261078091e-02	3.799668944117742808e-02	9.609232473914235129e-02
1.785137208838799552e+03	1.898297058453616848e-01	1.181205170715860092e-01	2.896378148204485359e-01	1.831430079364570196e-01	8.503610700025313052e-02	3.804715298412553182e-02	9.618569434117585359e-02
1.789974979052454728e+03	1.894876344805966895e-01	1.178910696400380931e-01	2.898491983495389279e-01	1.832932279731640524e-01	8.510307184797384628e-02	3.809735243783295838e-02	9.627844527026309385e-02
1.794812749266109904e+03	1.891476131520261617e-01	1.176629656641786925e-01	2.900594299746728222e-01	1.834424613899870438e-01	8.516965852164234962e-02	3.814728864960072185e-02	9.637058264729990442e-02
1.799650519479765535e+03	1.888096296912563365e-01	1.174361971306084329e-01	2.902685153399390261e-01	1.835907149294787599e-01	8.523586894044410389e-02	3.819696247669573247e-02	9.646211149098529725e-02
1.804488289693420711e+03	1.884736720009022870e-01	1.172107560745946631e-01	2.904764600610786340e-01	1.837379953271579824e-01	8.530170502564192458e-02	3.824637478579688554e-02	9.655303672423527772e-02
1.809326059907075887e+03	1.881397280542012607e-01	1.169866345798367402e-01	2.906832697267660581e-01	1.838843093066360179e-01	8.536716869946719966e-02	3.829552645247592119e-02	9.664336318002442194e-02
1.814163830120731291e+03	1.878077858946264056e-01	1.167638247782245148e-01	2.908889498997458412e-01	1.840296635752644572e-01	8.543226188412739175e-02	3.834441836071009885e-02	9.673309560670891039e-02
1.819001600334386467e+03	1.874778336355012176e-01	1.165423188495911117e-01	2.910935061178405725e-01	1.841740648202537800e-01	8.549698650091730467e-02	3.839305140242402908e-02	9.682223867287963193e-02
1.823839370548041643e+03	1.871498594596152087e-01	1.163221090214607290e-01	2.912969438948425638e-01	1.843175197052181746e-01	8.556134446942334493e-02	3.844142647705830335e-02	9.691079697178930918e-02
1.828677140761696819e+03	1.868238516188400200e-01	1.161031875687919962e-01	2.914992687213033284e-01	1.844600348671052714e-01	8.562533770681080014e-02	3.848954449116262500e-02	9.699877502539361318e-02
1.833514910975352450e+03	1.864997984337470327e-01	1.158855468137177797e-01	2.917004860652295806e-01	1.846016169134738760e-01	8.568896812718564127e-02	3.853740635801156111e-02	9.708617728804218305e-02
1.838352681189008081e+03	1.861776882932258959e-01	1.156691791252816709e-01	2.919006013726976878e-01	1.847422724200861455e-01	8.575223764102279933e-02	3.858501299724097916e-02	9.717300814985246893e-02
1.843190451402663257e+03	1.858575096541042748e-01	1.154540769191719496e-01	2.920996200683937949e-01	1.848820079287837592e-01	8.581514815465439427e-02	3.863236533450364885e-02	9.725927193979581886e-02
1.848028221616318433e+03	1.855392510407688211e-01	1.152402326574532981e-01	2.922975475560882219e-01	1.850208299456205518e-01	8.587770156981136549e-02	3.867946430114244799e-02	9.734497292852285766e-02
1.852865991829973609e+03	1.852229010447876967e-01	1.150276388482968093e-01	2.924943892190511874e-01	1.851587449392267382e-01	8.593989978321321666e-02	3.872631083387974987e-02	9.743011533095212451e-02
1.857703762043628785e+03	1.849084483245342081e-01	1.148162880457084950e-01	2.926901504204157956e-01	1.852957593393819713e-01	8.600174468620089274e-02	3.877290587452195125e-02	9.751470330864421554e-02
1.862541532257283961e+03	1.845958816048119677e-01	1.146061728492567960e-01	2.928848365034940060e-01	1.854318795357771665e-01	8.606323816440837604e-02	3.881925036967776715e-02	9.759874097198138754e-02
1.867379302470939592e+03	1.842851896764816644e-01	1.143972859037993006e-01	2.930784527920515248e-01	1.855671118769460504e-01	8.612438209746903217e-02	3.886534527048950832e-02	9.768223238217040028e-02
1.872217072684594768e+03	1.839763613960890831e-01	1.141896198992089217e-01	2.932710045905445595e-01	1.857014626693501702e-01	8.618517835875323663e-02	3.891119153237621031e-02	9.776518155308523694e-02
1.877054842898249490e+03	1.836693856854949847e-01	1.139831675700998942e-01	2.934624971843239893e-01	1.858349381766020714e-01	8.624562881513422874e-02	3.895679011478790643e-02	9.784759245296431596e-02
1.881892613111905121e+03	1.833642515315062338e-01	1.137779216955536743e-01	2.936529358398097811e-01	1.859675446188127357e-01	8.630573532677904280e-02	3.900214198097020496e-02	9.792946900597565563e-02
1.886730383325560297e+03	1.830609479855088984e-01	1.135738750988450202e-01	2.938423258046394815e-01	1.860992881720509862e-01	8.636549974696244858e-02	3.904724809773845590e-02	9.801081509366210698e-02
1.891568153539215928e+03	1.827594641631025973e-01	1.133710206471683080e-01	2.940306723077927842e-01	1.862301749679037555e-01	8.642492392190116723e-02	3.909210943526095217e-02	9.809163455627778472e-02
1.896405923752871104e+03	1.824597892437369029e-01	1.131693512513645555e-01	2.942179805596963349e-01	1.863602110931268374e-01	8.648400969060672516e-02	3.913672696685043667e-02	9.817193119402549406e-02
1.901243693966526507e+03	1.821619124703491022e-01	1.129688598656488630e-01	2.944042557523097736e-01	1.864894025893770735e-01	8.654275888475476686e-02	3.918110166876354050e-02	9.825170876820421562e-02
1.906081464180181683e+03	1.818658231490036803e-01	1.127695394873386575e-01	2.945895030591955122e-01	1.866177554530175087e-01	8.660117332856957784e-02	3.922523452000751393e-02	9.833097100227487786e-02
1.910919234393836859e+03	1.815715106485338570e-01	1.125713831565828826e-01	2.947737276355746339e-01	1.867452756349882170e-01	8.665925483872199964e-02	3.926912650215391709e-02	9.840972158285181404e-02
1.915757004607492036e+03	1.812789644001843170e-01	1.123743839560920610e-01	2.949569346183703034e-01	1.868719690407357192e-01	8.671700522423952950e-02	3.931277859915880551e-02	9.848796416062657877e-02
1.920594774821147894e+03	1.809881738972560772e-01	1.121785350108694818e-01	2.951391291262399075e-01	1.869978415301949970e-01	8.677442628642759170e-02	3.935619179718903571e-02	9.856570235123021662e-02
1.925432545034802843e+03	1.806991286947529363e-01	1.119838294879434981e-01	2.953203162595978704e-01	1.871228989178186086e-01	8.683151981880060655e-02	3.939936708445437169e-02	9.864293973603949217e-02
1.930270315248458019e+03	1.804118184090295618e-01	1.117902605961009904e-01	2.955005011006297533e-01	1.872471469726477711e-01	8.688828760702213549e-02	3.944230545104501773e-02	9.871967986293209152e-02
1.935108085462113195e+03	1.801262327174416589e-01	1.115978215856221201e-01	2.956796887132999152e-01	1.873705914184207733e-01	8.694473142885315864e-02	3.948500788877441076e-02	9.879592624699524983e-02
1.939945855675768371e+03	1.798423613579975822e-01	1.114065057480164156e-01	2.958578841433518458e-01	1.874932379337148070e-01	8.700085305410770742e-02	3.952747539102687002e-02	9.887168237119199621e-02
1.944783625889424002e+03	1.795601941290117798e-01	1.112163064157602882e-01	2.960350924183041132e-01	1.876150921521174131e-01	8.705665424461508928e-02	3.956970895260991661e-02	9.894695168698867949e-02
1.949621396103079178e+03	1.792797208887599858e-01	1.110272169620357685e-01	2.962113185474408716e-01	1.877361596624241569e-01	8.711213675418817692e-02	3.961170956961107548e-02	9.902173761494721671e-02
1.954459166316734354e+03	1.790009315551364943e-01	1.108392308004708532e-01	2.963865675217993711e-01	1.878564460088595900e-01	8.716730232859719318e-02	3.965347823925888943e-02	9.909604354528485370e-02
1.959296936530389530e+03	1.787238161053125440e-01	1.106523413848813225e-01	2.965608443141536377e-01	1.879759566913186963e-01	8.722215270554842248e-02	3.969501595978796454e-02	9.916987283840464351e-02
1.964134706744044706e+03	1.784483645753972003e-01	1.104665422090139182e-01	2.967341538789957656e-01	1.880946971656263789e-01	8.727668961466730768e-02	3.973632373030790144e-02	9.924322882539871049e-02
1.968972476957700337e+03	1.781745670600994313e-01	1.102818268062912554e-01	2.969065011525151565e-01	1.882126728438127949e-01	8.733091477748572418e-02	3.977740255067593877e-02	9.931611480852690910e-02
1.973810247171355968e+03	1.779024137123922655e-01	1.100981887495580958e-01	2.970778910525755379e-01	1.883298890944024584e-01	8.738482990743295931e-02	3.981825342137312179e-02	9.938853406167273696e-02
1.978648017385010689e+03	1.776318947431785589e-01	1.099156216508292289e-01	2.972483284786918145e-01	1.884463512427153598e-01	8.743843670982982819e-02	3.985887734338387778e-02	9.946048983077850070e-02
1.983485787598666320e+03	1.773630004209586497e-01	1.097341191610390065e-01	2.974178183120047003e-01	1.885620645711784948e-01	8.749173688188613407e-02	3.989927531807890143e-02	9.953198533426128869e-02
1.988323557812321269e+03	1.770957210714996233e-01	1.095536749697923889e-01	2.975863654152556825e-01	1.886770343196461364e-01	8.754473211270066835e-02	3.993944834710114883e-02	9.960302376341148567e-02
1.993161328025976900e+03	1.768300470775063804e-01	1.093742828051175731e-01	2.977539746327614312e-01	1.887912656857279325e-01	8.759742408326384733e-02	3.997939743225489839e-02	9.967360828277502249e-02
1.997999098239632076e+03	1.765659688782945380e-01	1.091959364332202448e-01	2.979206507903879309e-01	1.889047638251233063e-01	8.764981446646251395e-02	4.001912357539774007e-02	9.974374203052079058e-02
2.002836868453287707e+03	1.763034769694649950e-01	1.090186296582394548e-01	2.980863986955251121e-01	1.890175338519608228e-01	8.770190492708691832e-02	4.005862777833538169e-02	9.981342811879437282e-02
2.007674638666942428e+03	1.760425619025801913e-01	1.088423563220050211e-01	2.982512231370615385e-01	1.891295808391425248e-01	8.775369712183962723e-02	4.009791104271922396e-02	9.988266963405896537e-02
2.012512408880597604e+03	1.757832142848421153e-01	1.086671103037966657e-01	2.984151288853600370e-01	1.892409098186912109e-01	8.780519269934600191e-02	4.013697436994654449e-02	9.995146963742457258e-02
2.017350179094252780e+03	1.755254247787722266e-01	1.084928855201045955e-01	2.985781206922334952e-01	1.893515257821006548e-01	8.785639330016646598e-02	4.017581876106329081e-02	1.000198311649664468e-01
2.022187949307908411e+03	1.752691841018927943e-01	1.083196759243918034e-01	2.987402032909220462e-01	1.894614336806879074e-01	8.790730055680998078e-02	4.021444521666933669e-02	1.000877572280333416e-01
2.027025719521564042e+03	1.750144830264102058e-01	1.081474755068579374e-01	2.989013813960706978e-01	1.895706384259467636e-01	8.795791609374903341e-02	4.025285473682615328e-02	1.001552508135463981e-01
2.031863489735218764e+03	1.747613123788998024e-01	1.079762782942047389e-01	2.990616597037084601e-01	1.896791448899022847e-01	8.800824152743573492e-02	4.029104832096683936e-02	1.002223148842893291e-01
2.036701259948874394e+03	1.745096630399925464e-01	1.078060783494030894e-01	2.992210428912283615e-01	1.897869579054652645e-01	8.805827846631898714e-02	4.032902696780840679e-02	1.002889523791904575e-01
2.041539030162529116e+03	1.742595259440633537e-01	1.076368697714616546e-01	2.993795356173686306e-01	1.898940822667871675e-01	8.810802851086271814e-02	4.036679167526634193e-02	1.003551662135972328e-01
2.046376800376184747e+03	1.740108920789211200e-01	1.074686466951971231e-01	2.995371425221951545e-01	1.900005227296138743e-01	8.815749325356501964e-02	4.040434344037124870e-02	1.004209592795435729e-01
2.051214570589840150e+03	1.737637524855002724e-01	1.073014032910059173e-01	2.996938682270854915e-01	1.901062840116391206e-01	8.820667427897807555e-02	4.044168325918765655e-02	1.004863344460105862e-01
2.056052340803495554e+03	1.735180982575543762e-01	1.071351337646375967e-01	2.998497173347139388e-01	1.902113707928563546e-01	8.825557316372895089e-02	4.047881212673483386e-02	1.005512945591810203e-01
2.060890111017150957e+03	1.732739205413509620e-01	1.069698323569697601e-01	3.000046944290384876e-01	1.903157877159092903e-01	8.830419147654099132e-02	4.051573103690961353e-02	1.006158424426879527e-01
2.065727881230805451e+03	1.730312105353684071e-01	1.068054933437844328e-01	3.001588040752885544e-01	1.904195393864406560e-01	8.835253077825595824e-02	4.055244098241118228e-02	1.006799808978578320e-01
2.070565651444461309e+03	1.727899594899941771e-01	1.066421110355461332e-01	3.003120508199547123e-01	1.905226303734391391e-01	8.840059262185669120e-02	4.058894295466773661e-02	1.007437127039483710e-01
2.075403421658116713e+03	1.725501587072249821e-01	1.064796797771813824e-01	3.004644391907796419e-01	1.906250652095839715e-01	8.844837855249040870e-02	4.062523794376503988e-02	1.008070406183814854e-01
2.080241191871772116e+03	1.723117995403682656e-01	1.063181939478596988e-01	3.006159736967508600e-01	1.907268483915874335e-01	8.849589010749234208e-02	4.066132693837672812e-02	1.008699673769715977e-01
2.085078962085427065e+03	1.720748733937455810e-01	1.061576479607761886e-01	3.007666588280943909e-01	1.908279843805347764e-01	8.854312881641007715e-02	4.069721092569643373e-02	1.009324956941494850e-01
2.089916732299082469e+03	1.718393717223975492e-01	1.059980362629355660e-01	3.009164990562705477e-01	1.909284776022215357e-01	8.859009620102811788e-02	4.073289089137163699e-02	1.009946282631819237e-01
2.094754502512737417e+03	1.716052860317903717e-01	1.058393533349377136e-01	3.010654988339710458e-01	1.910283324474882360e-01	8.863679377539292192e-02	4.076836781943920379e-02	1.010563677563873081e-01
2.099592272726392821e+03	1.713726078775241191e-01	1.056815936907647552e-01	3.012136625951172819e-01	1.911275532725523474e-01	8.868322304583828308e-02	4.080364269226254698e-02	1.011177168253474673e-01
2.104430042940048224e+03	1.711413288650422415e-01	1.055247518775694893e-01	3.013609947548605006e-01	1.912261443993371335e-01	8.872938551101110238e-02	4.083871649047044611e-02	1.011786781011158737e-01
2.109267813153704083e+03	1.709114406493431604e-01	1.053688224754653624e-01	3.015074997095834042e-01	1.913241101157977797e-01	8.877528266189738115e-02	4.087359019289743545e-02	1.012392541944222152e-01
2.114105583367359031e+03	1.706829349346931923e-01	1.052138000973179138e-01	3.016531818369029838e-01	1.914214546762445790e-01	8.882091598184854719e-02	4.090826477652573928e-02	1.012994476958737899e-01
2.118943353581013525e+03	1.704558034743409722e-01	1.050596793885375663e-01	3.017980454956751823e-01	1.915181823016627316e-01	8.886628694660805849e-02	4.094274121642871994e-02	1.013592611761535006e-01
2.123781123794669384e+03	1.702300380702337634e-01	1.049064550268739709e-01	3.019420950260006120e-01	1.916142971800294248e-01	8.891139702433820124e-02	4.097702048571581074e-02	1.014186971862149206e-01
2.128618894008324787e+03	1.700056305727350725e-01	1.047541217222116572e-01	3.020853347492321594e-01	1.917098034666275541e-01	8.895624767564713764e-02	4.101110355547890607e-02	1.014777582574742654e-01
2.133456664221980191e+03	1.697825728803438738e-01	1.046026742163671530e-01	3.022277689679834234e-01	1.918047052843564193e-01	8.900084035361616186e-02	4.104499139474018787e-02	1.015364469019995330e-01
2.138294434435635139e+03	1.695608569394154996e-01	1.044521072828875213e-01	3.023694019661391508e-01	1.918990067240392561e-01	8.904517650382715033e-02	4.107868497040131905e-02	1.015947656126967857e-01
2.143132204649290543e+03	1.693404747438840008e-01	1.043024157268502283e-01	3.025102380088668386e-01	1.919927118447275483e-01	8.908925756439016463e-02	4.111218524719401080e-02	1.016527168634939055e-01
2.147969974862945492e+03	1.691214183349859512e-01	1.041535943846643719e-01	3.026502813426295013e-01	1.920858246740021480e-01	8.913308496597123487e-02	4.114549318763195684e-02	1.017103031095215604e-01
2.152807745076601350e+03	1.689036798009860563e-01	1.040056381238734090e-01	3.027895361951998821e-01	1.921783492082713429e-01	8.917666013182026785e-02	4.117860975196403761e-02	1.017675267872917427e-01
2.157645515290255844e+03	1.686872512769039822e-01	1.038585418429590901e-01	3.029280067756761063e-01	1.922702894130656204e-01	8.921998447779917740e-02	4.121153589812882184e-02	1.018243903148738916e-01
2.162483285503912157e+03	1.684721249442429347e-01	1.037123004711468233e-01	3.030656972744986688e-01	1.923616492233294062e-01	8.926305941241000075e-02	4.124427258171034505e-02	1.018808960920685458e-01
2.167321055717567106e+03	1.682582930307196245e-01	1.035669089682123151e-01	3.032026118634683631e-01	1.924524325437093897e-01	8.930588633682320920e-02	4.127682075589510918e-02	1.019370465005786791e-01
2.172158825931222509e+03	1.680457478099957602e-01	1.034223623242896128e-01	3.033387546957658776e-01	1.925426432488401007e-01	8.934846664490621315e-02	4.130918137143027580e-02	1.019928439041788287e-01
2.176996596144877003e+03	1.678344816014110397e-01	1.032786555596804101e-01	3.034741299059723341e-01	1.926322851836260452e-01	8.939080172325172824e-02	4.134135537658308046e-02	1.020482906488820174e-01
2.181834366358532861e+03	1.676244867697176677e-01	1.031357837246646703e-01	3.036087416100910485e-01	1.927213621635208152e-01	8.943289295120651627e-02	4.137334371710136433e-02	1.021033890631045382e-01
2.186672136572187810e+03	1.674157557248164008e-01	1.029937418993125131e-01	3.037425939055706792e-01	1.928098779748032010e-01	8.947474170089994572e-02	4.140514733617529919e-02	1.021581414578285468e-01
2.191509906785843214e+03	1.672082809214937849e-01	1.028525251932974061e-01	3.038756908713294291e-01	1.928978363748501679e-01	8.951634933727285748e-02	4.143676717440015339e-02	1.022125501267627662e-01
2.196347676999498617e+03	1.670020548591613918e-01	1.027121287457107290e-01	3.040080365677800822e-01	1.929852410924068062e-01	8.955771721810630581e-02	4.146820416974024426e-02	1.022666173465009987e-01
2.201185447213154021e+03	1.667970700815958607e-01	1.025725477248774081e-01	3.041396350368568147e-01	1.930720958278532851e-01	8.959884669405045188e-02	4.149945925749388975e-02	1.023203453766788340e-01
2.206023217426809424e+03	1.665933191766809651e-01	1.024337773281729647e-01	3.042704903020423957e-01	1.931584042534688073e-01	8.963973910865356831e-02	4.153053337025944258e-02	1.023737364601283589e-01
2.210860987640464373e+03	1.663907947761507911e-01	1.022958127818417301e-01	3.044006063683969421e-01	1.932441700136926233e-01	8.968039579839094666e-02	4.156142743790237210e-02	1.024267928230310626e-01
2.215698757854119776e+03	1.661894895553344964e-01	1.021586493408163099e-01	3.045299872225876170e-01	1.933293967253820467e-01	8.972081809269394359e-02	4.159214238752329679e-02	1.024795166750687575e-01
2.220536528067775180e+03	1.659893962329023476e-01	1.020222822885383657e-01	3.046586368329189942e-01	1.934140879780677225e-01	8.976100731397909649e-02	4.162267914342709235e-02	1.025319102095728213e-01
2.225374298281430583e+03	1.657905075706134768e-01	1.018867069367803968e-01	3.047865591493649773e-01	1.934982473342058140e-01	8.980096477767715579e-02	4.165303862709290872e-02	1.025839756036716344e-01
2.230212068495085077e+03	1.655928163730647773e-01	1.017519186254689789e-01	3.049137581036013289e-01	1.935818783294276368e-01	8.984069179226224222e-02	4.168322175714515160e-02	1.026357150184362410e-01
2.235049838708740936e+03	1.653963154874411867e-01	1.016179127225090018e-01	3.050402376090392553e-01	1.936649844727861280e-01	8.988018965928101789e-02	4.171322944932540772e-02	1.026871305990243316e-01
2.239887608922396339e+03	1.652009978032677462e-01	1.014846846236092254e-01	3.051660015608598786e-01	1.937475692469998456e-01	8.991945967338185741e-02	4.174306261646529292e-02	1.027382244748225315e-01
2.244725379136052197e+03	1.650068562521625204e-01	1.013522297521089188e-01	3.052910538360497084e-01	1.938296361086939978e-01	8.995850312234397739e-02	4.177272216846020236e-02	1.027889987595870802e-01
2.249563149349706237e+03	1.648138838075914325e-01	1.012205435588057756e-01	3.054153982934368350e-01	1.939111884886389747e-01	8.999732128710667689e-02	4.180220901224390023e-02	1.028394555515827757e-01
2.254400919563362095e+03	1.646220734846240707e-01	1.010896215217848837e-01	3.055390387737283442e-01	1.939922297919859928e-01	9.003591544179859185e-02	4.183152405176401856e-02	1.028895969337204619e-01
2.259238689777017044e+03	1.644314183396910767e-01	1.009594591462488616e-01	3.056619790995481756e-01	1.940727633985001588e-01	9.007428685376679678e-02	4.186066818795838862e-02	1.029394249736928502e-01
2.264076459990672902e+03	1.642419114703428940e-01	1.008300519643492571e-01	3.057842230754760360e-01	1.941527926627909795e-01	9.011243678360611464e-02	4.188964231873217037e-02	1.029889417241088984e-01
2.268914230204327851e+03	1.640535460150098213e-01	1.007013955350189033e-01	3.059057744880868679e-01	1.942323209145401797e-01	9.015036648518826023e-02	4.191844733893585612e-02	1.030381492226264684e-01
2.273752000417983254e+03	1.638663151527633421e-01	1.005734854438055242e-01	3.060266371059916501e-01	1.943113514587269941e-01	9.018807720569106678e-02	4.194708414034402366e-02	1.030870494920837627e-01
2.278589770631638203e+03	1.636802121030790924e-01	1.004463173027064227e-01	3.061468146798781986e-01	1.943898875758510447e-01	9.022557018562765707e-02	4.197555361163485960e-02	1.031356445406290401e-01
2.283427540845293606e+03	1.634952301256008267e-01	1.003198867500042085e-01	3.062663109425535213e-01	1.944679325221524979e-01	9.026284665887569780e-02	4.200385663837052225e-02	1.031839363618490268e-01
2.288265311058949010e+03	1.633113625199058838e-01	1.001941894501037905e-01	3.063851296089861176e-01	1.945454895298299181e-01	9.029990785270648745e-02	4.203199410297816380e-02	1.032319269348958846e-01
2.293103081272604413e+03	1.631286026252720123e-01	1.000692210933702281e-01	3.065032743763497769e-01	1.946225618072557062e-01	9.033675498781411350e-02	4.205996688473175732e-02	1.032796182246126654e-01
2.297940851486259817e+03	1.629469438204453891e-01	9.994497739596790165e-02	3.066207489240672102e-01	1.946991525391890132e-01	9.037338927834463742e-02	4.208777585973458996e-02	1.033270121816575460e-01
2.302778621699914765e+03	1.627663795234101096e-01	9.982145409970057115e-02	3.067375569138551250e-01	1.947752648869862935e-01	9.040981193192516863e-02	4.211542190090252630e-02	1.033741107426265349e-01
2.307616391913570169e+03	1.625869031911588158e-01	9.969864697185261415e-02	3.068537019897694118e-01	1.948509019888097493e-01	9.044602414969291071e-02	4.214290587794788240e-02	1.034209158301749309e-01
2.312454162127225118e+03	1.624085083194647394e-01	9.957655180503129089e-02	3.069691877782513290e-01	1.949260669598330831e-01	9.048202712632431866e-02	4.217022865736408388e-02	1.034674293531374217e-01
2.317291932340880976e+03	1.622311884426550777e-01	9.945516441700999466e-02	3.070840178881741878e-01	1.950007628924452507e-01	9.051782205006397852e-02	4.219739110241087915e-02	1.035136532066468912e-01
2.322129702554535925e+03	1.620549371333854238e-01	9.933448065057264020e-02	3.071981959108904259e-01	1.950749928564518010e-01	9.055341010275373692e-02	4.222439407310027426e-02	1.035595892722518813e-01
2.326967472768191783e+03	1.618797480024157243e-01	9.921449637335903737e-02	3.073117254202796245e-01	1.951487598992741879e-01	9.058879245986160844e-02	4.225123842618309228e-02	1.036052394180328878e-01
2.331805242981846732e+03	1.617056146983874565e-01	9.909520747771129179e-02	3.074246099727968584e-01	1.952220670461465857e-01	9.062397029051066921e-02	4.227792501513613632e-02	1.036506054987172548e-01
2.336643013195502135e+03	1.615325309076019178e-01	9.897660988052120468e-02	3.075368531075213241e-01	1.952949173003108163e-01	9.065894475750800596e-02	4.230445469014999099e-02	1.036956893557929721e-01
2.341480783409156629e+03	1.613604903537999846e-01	9.885869952307874131e-02	3.076484583462064104e-01	1.953673136432089452e-01	9.069371701737351243e-02	4.233082829811743442e-02	1.037404928176211549e-01
2.346318553622812487e+03	1.611894867979429824e-01	9.874147237092145701e-02	3.077594291933293813e-01	1.954392590346739067e-01	9.072828822036871355e-02	4.235704668262239153e-02	1.037850176995473717e-01
