1.393277821532721646e+03	2.253619750435255920e-01	1.422685721987472784e-01	2.667511140899315736e-01	1.692989528847618497e-01	8.010671980028444272e-02	3.277574837730905938e-02	8.343691760484354958e-02
1.398115591746377049e+03	2.248083353832431297e-01	1.418990548780181271e-01	2.673356126705626612e-01	1.693163831680122577e-01	7.992506939940183242e-02	3.284197237341816844e-02	8.387357212674713403e-02
1.402953361960032225e+03	2.242582293241185687e-01	1.415313334991866734e-01	2.678777037285227647e-01	1.693546702468654297e-01	7.978755819881334921e-02	3.290918868366444344e-02	8.428131631823204684e-02
1.407791132173687402e+03	2.237115900040265726e-01	1.411654351885533176e-01	2.683837602742861761e-01	1.694119623350198722e-01	7.968705836824446775e-02	3.297729721249245682e-02	8.466289661678043366e-02
1.412628902387342805e+03	2.231683589928484257e-01	1.408013837309146088e-01	2.688591454951847481e-01	1.694865167593881672e-01	7.961759240373426916e-02	3.304620093910193290e-02	8.502080167823117263e-02
1.417466672600997981e+03	2.226284848750519907e-01	1.404391997834651129e-01	2.693083749504809887e-01	1.695767028729051606e-01	7.957414620061026289e-02	3.311580682631819206e-02	8.535728449057163048e-02
1.422304442814653157e+03	2.220919220704176966e-01	1.400789010913849053e-01	2.697352524884891745e-01	1.696810022852528188e-01	7.955251264573447167e-02	3.318602643171414401e-02	8.567438298641011363e-02
1.427142213028308333e+03	2.215586298531858067e-01	1.397205027009350009e-01	2.701429841676983301e-01	1.697980070852083412e-01	7.954916073083238837e-02	3.325677628558292714e-02	8.597393917596052315e-02
1.431979983241963964e+03	2.210285715364956882e-01	1.393640171669816852e-01	2.705342737634832684e-01	1.699264165929363080e-01	7.956112600890821729e-02	3.332797808808325019e-02	8.625761684251494199e-02
1.436817753455619140e+03	2.205017137944910444e-01	1.390094547527459534e-01	2.709114028564546528e-01	1.700650330700290980e-01	7.958591890117780454e-02	3.339955876779696770e-02	8.652691785670793556e-02
1.441655523669274316e+03	2.199780260990574776e-01	1.386568236202659621e-01	2.712762980089407638e-01	1.702127567250877882e-01	7.962144793477476945e-02	3.347145043567058970e-02	8.678319717560606383e-02
1.446493293882929493e+03	2.194574802519904388e-01	1.383061300106032954e-01	2.716305871267543082e-01	1.703685802795058546e-01	7.966595547022159440e-02	3.354359026154428436e-02	8.702767659878354878e-02
1.451331064096585123e+03	2.189400499965877545e-01	1.379573784132472336e-01	2.719756467611053607e-01	1.705315832988753832e-01	7.971796387777367598e-02	3.361592029494227946e-02	8.726145735687157456e-02
1.456168834310240300e+03	2.184257106953274297e-01	1.376105717244963389e-01	2.723126418192787779e-01	1.707009264475987387e-01	7.977623045616615005e-02	3.368838724728954320e-02	8.748553160924638084e-02
1.461006604523895703e+03	2.179144390625157301e-01	1.372657113948436425e-01	2.726425589132986382e-01	1.708758457858039759e-01	7.983970966681738779e-02	3.376094224905275276e-02	8.770079292707114171e-02
1.465844374737550879e+03	2.174062129426453938e-01	1.369227975655764873e-01	2.729662343755749898e-01	1.710556471968371628e-01	7.990752149019238193e-02	3.383354059232851485e-02	8.790804583624839408e-02
1.470682144951206283e+03	2.169010111267507257e-01	1.365818291949351948e-01	2.732843778030374926e-01	1.712397010090342953e-01	7.997892490634202212e-02	3.390614146699622022e-02	8.810801449230738769e-02
1.475519915164861459e+03	2.163988132003358822e-01	1.362428041742695661e-01	2.735975918511535099e-01	1.714274368560121109e-01	8.005329566490880511e-02	3.397870769661417989e-02	8.830135055610927042e-02
1.480357685378516862e+03	2.158995994175285649e-01	1.359057194346946496e-01	2.739063888820014725e-01	1.716183388043991120e-01	8.013010764638830996e-02	3.405120547868158154e-02	8.848864033570968957e-02
1.485195455592172038e+03	2.154033505970074369e-01	1.355705710447854817e-01	2.742112049724855227e-01	1.718119407659835507e-01	8.020891723055753597e-02	3.412360413264588221e-02	8.867041125593795592e-02
1.490033225805827215e+03	2.149100480359984466e-01	1.352373542998699663e-01	2.745124117066990443e-01	1.720078222020305914e-01	8.028935018339930507e-02	3.419587585804746005e-02	8.884713771335850385e-02
1.494870996019482618e+03	2.144196734392587178e-01	1.349060638034826620e-01	2.748103261077460280e-01	1.722056041204943211e-01	8.037109065363740035e-02	3.426799550441381181e-02	8.901924637037041121e-02
1.499708766233137567e+03	2.139322088604841687e-01	1.345766935415379506e-01	2.751052190068279391e-01	1.724049453615858485e-01	8.045387193671600656e-02	3.433994035390500188e-02	8.918712093834642307e-02
1.504546536446793198e+03	2.134476366540104531e-01	1.342492369497640947e-01	2.753973220992664839e-01	1.726055391633035674e-01	8.053746871985348332e-02	3.441168991723830145e-02	8.935110649596705867e-02
1.509384306660448374e+03	2.129659394350358892e-01	1.339236869749217962e-01	2.756868338968218590e-01	1.728071099957957379e-01	8.062169056846632542e-02	3.448322574305683758e-02	8.951151338530506651e-02
1.514222076874103550e+03	2.124871000468951387e-01	1.336000361303053552e-01	2.759739247519173433e-01	1.730094106515741859e-01	8.070637645329170606e-02	3.455453124063265907e-02	8.966862072478713752e-02
1.519059847087758726e+03	2.120111015341616389e-01	1.332782765459985530e-01	2.762587411011052096e-01	1.732122195774393192e-01	8.079139015018864389e-02	3.462559151559164300e-02	8.982267957491851806e-02
1.523897617301414357e+03	2.115379271205645728e-01	1.329584000143287925e-01	2.765414090514272671e-01	1.734153384333563530e-01	8.087661637191330410e-02	3.469639321820117139e-02	8.997391578961204395e-02
1.528735387515069533e+03	2.110675601908793275e-01	1.326403980309344977e-01	2.768220374134779949e-01	1.736185898633147706e-01	8.096195751401900897e-02	3.476692440366017933e-02	9.012253258311778148e-02
1.533573157728724709e+03	2.105999842760930274e-01	1.323242618318322128e-01	2.771007202683470338e-01	1.738218154633075219e-01	8.104733091615530516e-02	3.483717440376492280e-02	9.026871283990350880e-02
1.538410927942380113e+03	2.101351830412676591e-01	1.320099824268415323e-01	2.773775391416771763e-01	1.740248739319024407e-01	8.113266655604559063e-02	3.490713370928544973e-02	9.041262119238369088e-02
1.543248698156035516e+03	2.096731402756214224e-01	1.316975506296989284e-01	2.776525648463833429e-01	1.742276393893807396e-01	8.121790510681808906e-02	3.497679386237028537e-02	9.055440588913070410e-02
1.548086468369690692e+03	2.092138398844323177e-01	1.313869570851653734e-01	2.779258590457769906e-01	1.744299998520374984e-01	8.130299629957864205e-02	3.504614735829590655e-02	9.069420047411677621e-02
1.552924238583346096e+03	2.087572658824360383e-01	1.310781922934076693e-01	2.781974755806146393e-01	1.746318558489335926e-01	8.138789754250209951e-02	3.511518755588854263e-02	9.083212529562091631e-02
1.557762008797001272e+03	2.083034023884473562e-01	1.307712466319102818e-01	2.784674615966902245e-01	1.748331191691289144e-01	8.147257275558017486e-02	3.518390859596570025e-02	9.096828886168092931e-02
1.562599779010656675e+03	2.078522336209815136e-01	1.304661103751526552e-01	2.787358585037963410e-01	1.750337117281871857e-01	8.155699138674754600e-02	3.525230532717109344e-02	9.110278905736726718e-02
1.567437549224311852e+03	2.074037438946910450e-01	1.301627737122662276e-01	2.790027027920186642e-01	1.752335645435061373e-01	8.164112758062283537e-02	3.532037323860696271e-02	9.123571423769179234e-02
1.572275319437967255e+03	2.069579176174663748e-01	1.298612267628659056e-01	2.792680267272399375e-01	1.754326168087775584e-01	8.172495947572140651e-02	3.538810839870087238e-02	9.136714420863155384e-02
1.577113089651622431e+03	2.065147392880750388e-01	1.295614595912347733e-01	2.795318589443002155e-01	1.756308150586115557e-01	8.180846860986878966e-02	3.545550739977862409e-02	9.149715110753463276e-02
1.581950859865277607e+03	2.060741934942366127e-01	1.292634622190224625e-01	2.797942249533723058e-01	1.758281124150608554e-01	8.189163941678825887e-02	3.552256730784966038e-02	9.162580019307343948e-02
1.586788630078933011e+03	2.056362649110493601e-01	1.289672246366043440e-01	2.800551475726880679e-01	1.760244679084471686e-01	8.197445879955726766e-02	3.558928561714609640e-02	9.175315055391128349e-02
1.591626400292587959e+03	2.052009382996994036e-01	1.286727368132341842e-01	2.803146472987078086e-01	1.762198458655227229e-01	8.205691576890786210e-02	3.565566020899037930e-02	9.187925574434119280e-02
1.596464170506243590e+03	2.047681985063959098e-01	1.283799887061104206e-01	2.805727426231092725e-01	1.764142153585918082e-01	8.213900113626042276e-02	3.572168931459909075e-02	9.200416435433658724e-02
1.601301940719898766e+03	2.043380304614861309e-01	1.280889702684651077e-01	2.808294503045256074e-01	1.766075497097696900e-01	8.222070725298478988e-02	3.578737148146176467e-02	9.212792052071044901e-02
1.606139710933553943e+03	2.039104191787129150e-01	1.277996714567737890e-01	2.810847856017427149e-01	1.767998260450714398e-01	8.230202778873066394e-02	3.585270554296306894e-02	9.225056438540898962e-02
1.610977481147209119e+03	2.034853497545842382e-01	1.275120822371749174e-01	2.813387624740411042e-01	1.769910248934986607e-01	8.238295754279975625e-02	3.591769059094460786e-02	9.237213250636032436e-02
1.615815251360864750e+03	2.030628073678298062e-01	1.272261925911795655e-01	2.815913937534993972e-01	1.771811298267327861e-01	8.246349228348209826e-02	3.598232595092854674e-02	9.249265822575143681e-02
1.620653021574519926e+03	2.026427772789250181e-01	1.269419925207431188e-01	2.818426912933471584e-01	1.773701271354475306e-01	8.254362861107711336e-02	3.604661115974978902e-02	9.261217200011398476e-02
1.625490791788175102e+03	2.022252448296661398e-01	1.266594720527645379e-01	2.820926660958368859e-01	1.775580055386259126e-01	8.262336384098992181e-02	3.611054594536573792e-02	9.273070169615454938e-02
1.630328562001830505e+03	2.018101954427840294e-01	1.263786212430716982e-01	2.823413284225844144e-01	1.777447559226070228e-01	8.270269590385802283e-02	3.617413020863365081e-02	9.284827285586484680e-02
1.635166332215485909e+03	2.013976146215859797e-01	1.260994301799458484e-01	2.825886878898847820e-01	1.779303711068992710e-01	8.278162326013635552e-02	3.623736400686478065e-02	9.296490893408661249e-02
1.640004102429141085e+03	2.009874879496176547e-01	1.258218889872327884e-01	2.828347535511397948e-01	1.781148456340810038e-01	8.286014482696896222e-02	3.630024753898215134e-02	9.308063151138136482e-02
1.644841872642796488e+03	2.005798010903387940e-01	1.255459878270832608e-01	2.830795339682153355e-01	1.782981755813677904e-01	8.293825991551020960e-02	3.636278113212502994e-02	9.319546048476323730e-02
1.649679642856451665e+03	2.001745397868077980e-01	1.252717169023615240e-01	2.833230372732818969e-01	1.784803583916617920e-01	8.301596817714210208e-02	3.642496522955796651e-02	9.330941423859059891e-02
1.654517413070107068e+03	1.997716898613710879e-01	1.249990664587563999e-01	2.835652712224614458e-01	1.786613927221112619e-01	8.309326955727192043e-02	3.648680037975576829e-02	9.342250979767582897e-02
1.659355183283762244e+03	1.993712372153546575e-01	1.247280267866258535e-01	2.838062432424146020e-01	1.788412783084034896e-01	8.317016425559585480e-02	3.654828722654820949e-02	9.353476296446107396e-02
1.664192953497417420e+03	1.989731678287553485e-01	1.244585882226032225e-01	2.840459604708363561e-01	1.790200158431893285e-01	8.324665269188348538e-02	3.660942650021942191e-02	9.364618844191652247e-02
1.669030723711072824e+03	1.985774677599306814e-01	1.241907411509901166e-01	2.842844297916904406e-01	1.791976068671972400e-01	8.332273547648094691e-02	3.667021900946712543e-02	9.375679994364714831e-02
1.673868493924728000e+03	1.981841231452854402e-01	1.239244760049583866e-01	2.845216578658938400e-01	1.793740536717383094e-01	8.339841338485168287e-02	3.673066563413621144e-02	9.386661029253982880e-02
1.678706264138383403e+03	1.977931201989548970e-01	1.236597832675814523e-01	2.847576511580626746e-01	1.795493592114343617e-01	8.347368733557580800e-02	3.679076731864949767e-02	9.397563150914500785e-02
1.683544034352038352e+03	1.974044452124838755e-01	1.233966534727131692e-01	2.849924159598443141e-01	1.797235270261180184e-01	8.354855837131489049e-02	3.685052506606610601e-02	9.408387489086331157e-02
1.688381804565693983e+03	1.970180845545016213e-01	1.231350772057303727e-01	2.852259584102872503e-01	1.798965611709605061e-01	8.362302764232310004e-02	3.690993993270490214e-02	9.419135108289601599e-02
1.693219574779349159e+03	1.966340246703918992e-01	1.228750451041536601e-01	2.854582845136380831e-01	1.800684661539780629e-01	8.369709639214631403e-02	3.696901302327647992e-02	9.429807014181926239e-02
1.698057344993004335e+03	1.962522520819590943e-01	1.226165478581597162e-01	2.856894001549012407e-01	1.802392468801542191e-01	8.377076594520435626e-02	3.702774548647305014e-02	9.440404159255205707e-02
1.702895115206659511e+03	1.958727533870898707e-01	1.223595762109965929e-01	2.859193111134508691e-01	1.804089086014928067e-01	8.384403769599528544e-02	3.708613851097043029e-02	9.450927447940790649e-02
1.707732885420315142e+03	1.954955152594110290e-01	1.221041209593126536e-01	2.861480230749453013e-01	1.805774568723863827e-01	8.391691309969873114e-02	3.714419332180105005e-02	9.461377741184860690e-02
1.712570655633970318e+03	1.951205244479433110e-01	1.218501729534084560e-01	2.863755416417612665e-01	1.807448975097485366e-01	8.398939366398747164e-02	3.720191117706108525e-02	9.471755860549362083e-02
1.717408425847625494e+03	1.947477677767521231e-01	1.215977230974201184e-01	2.866018723421351888e-01	1.809112365574134240e-01	8.406148094188348185e-02	3.725929336491831667e-02	9.482062591888106018e-02
1.722246196061280898e+03	1.943772321445948192e-01	1.213467623494417086e-01	2.868270206381744458e-01	1.810764802543588237e-01	8.413317652551817460e-02	3.731634120089102197e-02	9.492298688642475391e-02
1.727083966274936301e+03	1.940089045245652621e-01	1.210972817215932029e-01	2.870509919328805282e-01	1.812406350063530680e-01	8.420448204067615405e-02	3.737305602537087379e-02	9.502464874796476280e-02
1.731921736488591478e+03	1.936427719637359990e-01	1.208492722800404151e-01	2.872737915763061700e-01	1.814037073606685480e-01	8.427539914201891136e-02	3.742943920136580088e-02	9.512561847526805614e-02
1.736759506702246881e+03	1.932788215827980494e-01	1.206027251449720145e-01	2.874954248709545301e-01	1.815657039835409936e-01	8.434592950889908958e-02	3.748549211244108642e-02	9.522590279579809525e-02
1.741597276915902057e+03	1.929170405756991113e-01	1.203576314905386857e-01	2.877158970765130164e-01	1.817266316400861781e-01	8.441607484168849040e-02	3.754121616083919838e-02	9.532550821403923402e-02
1.746435047129557461e+03	1.925574162092797137e-01	1.201139825447585380e-01	2.879352134140029107e-01	1.818864971764171945e-01	8.448583685855326486e-02	3.759661276576088673e-02	9.542444103063141281e-02
1.751272817343212637e+03	1.921999358229084520e-01	1.198717695893929680e-01	2.881533790694167374e-01	1.820453075037304635e-01	8.455521729261915309e-02	3.765168336179176151e-02	9.552270735954442038e-02
1.756110587556867813e+03	1.918445868281160593e-01	1.196309839597961416e-01	2.883703991969043812e-01	1.822030695841534709e-01	8.462421788947693813e-02	3.770642939746023797e-02	9.562031314349672684e-02
1.760948357770523216e+03	1.914913567082285883e-01	1.193916170447413549e-01	2.885862789215631330e-01	1.823597904181691876e-01	8.469284040498528676e-02	3.776085233391418550e-02	9.571726416780231006e-02
1.765786127984178393e+03	1.911402330180000109e-01	1.191536602862270366e-01	2.888010233418785155e-01	1.825154770334500576e-01	8.476108660333370182e-02	3.781495364370481699e-02	9.581356607280995530e-02
1.770623898197833569e+03	1.907912033832446508e-01	1.189171051792648481e-01	2.890146375318584648e-01	1.826701364749532541e-01	8.482895825533316725e-02	3.786873480966759103e-02	9.590922436508216020e-02
1.775461668411488745e+03	1.904442555004691173e-01	1.186819432716520878e-01	2.892271265428966176e-01	1.828237757961437004e-01	8.489645713690648077e-02	3.792219732389095349e-02	9.600424442744523446e-02
1.780299438625144376e+03	1.900993771365045160e-01	1.184481661637303840e-01	2.894384954053972892e-01	1.829764020512250067e-01	8.496358502775383514e-02	3.797534268676457797e-02	9.609863152802858299e-02
1.785137208838799552e+03	1.897565561281387148e-01	1.182157655081326059e-01	2.896487491301902861e-01	1.831280222882719633e-01	8.503034371017220705e-02	3.802817240609969451e-02	9.619239082839872723e-02
1.789974979052454728e+03	1.894157803817489438e-01	1.179847330095191854e-01	2.898578927097607005e-01	1.832786435431680294e-01	8.509673496801012371e-02	3.808068799631485896e-02	9.628552739088241941e-02
1.794812749266109904e+03	1.890770378729347556e-01	1.177550604243056964e-01	2.900659311193147794e-01	1.834282728342628010e-01	8.516276058574151486e-02	3.813289097768110536e-02	9.637804618516362942e-02
1.799650519479765535e+03	1.887403166461517900e-01	1.175267395603826759e-01	2.902728693177022978e-01	1.835769171576720482e-01	8.522842234764460567e-02	3.818478287562104834e-02	9.646995209422977446e-02
1.804488289693420711e+03	1.884056048143460671e-01	1.172997622768288950e-01	2.904787122482114237e-01	1.837245834831520708e-01	8.529372203707322186e-02	3.823636522005719601e-02	9.656124991973542848e-02
1.809326059907075887e+03	1.880728905585890287e-01	1.170741204836191207e-01	2.906834648392513376e-01	1.838712787504864776e-01	8.535866143580984888e-02	3.828763954480492865e-02	9.665194438684357459e-02
1.814163830120731291e+03	1.877421621277137187e-01	1.168498061413271311e-01	2.908871320049364328e-01	1.840170098663306275e-01	8.542324232349086943e-02	3.833860738700632653e-02	9.674204014859927314e-02
1.819001600334386467e+03	1.874134078379516288e-01	1.166268112608249696e-01	2.910897186455827512e-01	1.841617837014641879e-01	8.548746647709561108e-02	3.838927028660130830e-02	9.683154178988394312e-02
1.823839370548041643e+03	1.870866160725709049e-01	1.164051279029789526e-01	2.912912296481281471e-01	1.843056070884079300e-01	8.555133567049180709e-02	3.843962978583277679e-02	9.692045383099386069e-02
1.828677140761696819e+03	1.867617752815153576e-01	1.161847481783432195e-01	2.914916698864843392e-01	1.844484868193653482e-01	8.561485167403114216e-02	3.848968742878300375e-02	9.700878073088195497e-02
1.833514910975352450e+03	1.864388739810449724e-01	1.159656642468512161e-01	2.916910442218293431e-01	1.845904296444535186e-01	8.567801625418916545e-02	3.853944476093860982e-02	9.709652689009751203e-02
1.838352681189008081e+03	1.861179007533773633e-01	1.157478683175058726e-01	2.918893575028476128e-01	1.847314422701919756e-01	8.574083117324450554e-02	3.858890332878180812e-02	9.718369665345523434e-02
1.843190451402663257e+03	1.857988442463307521e-01	1.155313526480685471e-01	2.920866145659237190e-01	1.848715313582212638e-01	8.580329818899298799e-02	3.863806467940578832e-02	9.727029431246136948e-02
1.848028221616318433e+03	1.854816931729680873e-01	1.153161095447474971e-01	2.922828202352959481e-01	1.850107035242256059e-01	8.586541905449283918e-02	3.868693036015236758e-02	9.735632410752213806e-02
1.852865991829973609e+03	1.851664363112426603e-01	1.151021313618860314e-01	2.924779793231737646e-01	1.851489653370377575e-01	8.592719551783750687e-02	3.873550191827016681e-02	9.744179022995659578e-02
1.857703762043628785e+03	1.848530625036450548e-01	1.148894105016505796e-01	2.926720966298248516e-01	1.852863233179051772e-01	8.598862932195298903e-02	3.878378090059168837e-02	9.752669682383413585e-02
1.862541532257283961e+03	1.845415606568515943e-01	1.146779394137191904e-01	2.928651769436340646e-01	1.854227839398999433e-01	8.604972220441715891e-02	3.883176885322803251e-02	9.761104798765456170e-02
1.867379302470939592e+03	1.842319197413741505e-01	1.144677105949704760e-01	2.930572250411389579e-01	1.855583536274560130e-01	8.611047589729847740e-02	3.887946732127983696e-02	9.769484777588664792e-02
1.872217072684594768e+03	1.839241287912114498e-01	1.142587165891734008e-01	2.932482456870448284e-01	1.856930387560195572e-01	8.617089212701209422e-02	3.892687784856332239e-02	9.777810020037988603e-02
1.877054842898249490e+03	1.836181769035019617e-01	1.140509499866777798e-01	2.934382436342214406e-01	1.858268456517994105e-01	8.623097261419170045e-02	3.897400197735045868e-02	9.786080923166179391e-02
1.881892613111905121e+03	1.833140532381782317e-01	1.138444034241062053e-01	2.936272236236840416e-01	1.859597805916060886e-01	8.629071907357492577e-02	3.902084124812214144e-02	9.794297880013289048e-02
1.886730383325560297e+03	1.830117470176228223e-01	1.136390695840469311e-01	2.938151903845612756e-01	1.860918498027691326e-01	8.635013321390147545e-02	3.906739719933373378e-02	9.802461279716918885e-02
1.891568153539215928e+03	1.827112475263255875e-01	1.134349411947482150e-01	2.940021486340511636e-01	1.862230594631237857e-01	8.640921673782211987e-02	3.911367136719194615e-02	9.810571507614170017e-02
1.896405923752871104e+03	1.824125441105428902e-01	1.132320110298142279e-01	2.941881030773675354e-01	1.863534157010583447e-01	8.646797134181780087e-02	3.915966528544253394e-02	9.818628945336120573e-02
1.901243693966526507e+03	1.821156261779579566e-01	1.130302719079023660e-01	2.943730584076776902e-01	1.864829245956153014e-01	8.652639871612759215e-02	3.920538048516800794e-02	9.826633970895565229e-02
1.906081464180181683e+03	1.818204831973431190e-01	1.128297166924223521e-01	2.945570193060332853e-01	1.866115921766395291e-01	8.658450054468463941e-02	3.925081849459485794e-02	9.834586958768684606e-02
1.910919234393836859e+03	1.815271046982235015e-01	1.126303382912370310e-01	2.947399904412950633e-01	1.867394244249677149e-01	8.664227850505934470e-02	3.929598083890963739e-02	9.842488279971241261e-02
1.915757004607492036e+03	1.812354802705423151e-01	1.124321296563648709e-01	2.949219764700528601e-01	1.868664272726538456e-01	8.669973426840890673e-02	3.934086904008356200e-02	9.850338302129831025e-02
1.920594774821147894e+03	1.809455995643277915e-01	1.122350837836844223e-01	2.951029820365417278e-01	1.869926066032260858e-01	8.675686949943288429e-02	3.938548461670497713e-02	9.858137389548678187e-02
1.925432545034802843e+03	1.806574522893615586e-01	1.120391937126405529e-01	2.952830117725545045e-01	1.871179682519709953e-01	8.681368585633372770e-02	3.942982908381939544e-02	9.865885903272389457e-02
1.930270315248458019e+03	1.803710282148487665e-01	1.118444525259527228e-01	2.954620702973523860e-01	1.872425180062412542e-01	8.687018499078225098e-02	3.947390395277668163e-02	9.873584201145056694e-02
1.935108085462113195e+03	1.800863171690897935e-01	1.116508533493250216e-01	2.956401622175733324e-01	1.873662616057837349e-01	8.692636854788719780e-02	3.951771073108498872e-02	9.881232637866059487e-02
1.939945855675768371e+03	1.798033090391534528e-01	1.114583893511583712e-01	2.958172921271393085e-01	1.874892047430849473e-01	8.698223816616881821e-02	3.956125092227115447e-02	9.888831565042867366e-02
1.944783625889424002e+03	1.795219937705518909e-01	1.112670537422646017e-01	2.959934646071627484e-01	1.876113530637312787e-01	8.703779547753580370e-02	3.960452602574725256e-02	9.896381331241110857e-02
1.949621396103079178e+03	1.792423613669170412e-01	1.110768397755825948e-01	2.961686842258529628e-01	1.877327121667817234e-01	8.709304210726538653e-02	3.964753753668298630e-02	9.903882282032200335e-02
1.954459166316734354e+03	1.789644018896786593e-01	1.108877407458963432e-01	2.963429555384219372e-01	1.878532876051509926e-01	8.714797967398646428e-02	3.969028694588360578e-02	9.911334760038673086e-02
1.959296936530389530e+03	1.786881054577438288e-01	1.106997499895552017e-01	2.965162830869910726e-01	1.879730848860012016e-01	8.720260978966504206e-02	3.973277573967327891e-02	9.918739104977511434e-02
1.964134706744044706e+03	1.784134622471784948e-01	1.105128608841960264e-01	2.966886714004980941e-01	1.880921094711406338e-01	8.725693405959231153e-02	3.977500539978347238e-02	9.926095653701572097e-02
1.968972476957700337e+03	1.781404624908899670e-01	1.103270668484673811e-01	2.968601249946053455e-01	1.882103667774278621e-01	8.731095408237474209e-02	3.981697740324626617e-02	9.933404740239321074e-02
1.973810247171355968e+03	1.778690964783114226e-01	1.101423613417558123e-01	2.970306483716088075e-01	1.883278621771802552e-01	8.736467144992615674e-02	3.985869322229236567e-02	9.940666695832998945e-02
1.978648017385010689e+03	1.775993545550879904e-01	1.099587378639140522e-01	2.972002460203483909e-01	1.884446009985856207e-01	8.741808774746162580e-02	3.990015432425358943e-02	9.947881848975348440e-02
1.983485787598666320e+03	1.773312271227640013e-01	1.097761899549914572e-01	2.973689224161202294e-01	1.885605885261160131e-01	8.747120455349302603e-02	3.994136217146971451e-02	9.955050525445033327e-02
1.988323557812321269e+03	1.770647046384724033e-01	1.095947111949661656e-01	2.975366820205897489e-01	1.886758300009425404e-01	8.752402343982604305e-02	3.998231822119945045e-02	9.962173048340842996e-02
1.993161328025976900e+03	1.767997776146252864e-01	1.094142952034795058e-01	2.977035292817071244e-01	1.887903306213510879e-01	8.757654597155856147e-02	4.002302392553543781e-02	9.969249738114781267e-02
1.997999098239632076e+03	1.765364366186061573e-01	1.092349356395722476e-01	2.978694686336241793e-01	1.889040955431574575e-01	8.762877370708049840e-02	4.006348073132309090e-02	9.976280912604119921e-02
2.002836868453287707e+03	1.762746722724636561e-01	1.090566262014229654e-01	2.980345044966135060e-01	1.890171298801219535e-01	8.768070819807455285e-02	4.010369008008314584e-02	9.983266887062501593e-02
2.007674638666942428e+03	1.760144752526071055e-01	1.088793606260882590e-01	2.981986412769893069e-01	1.891294387043626068e-01	8.773235098951817634e-02	4.014365340793779602e-02	9.990207974190157270e-02
2.012512408880597604e+03	1.757558362895031423e-01	1.087031326892450578e-01	2.983618833670302339e-01	1.892410270467664302e-01	8.778370361968665381e-02	4.018337214554028314e-02	9.997104484163304994e-02
2.017350179094252780e+03	1.754987461673743476e-01	1.085279362049347829e-01	2.985242351449045040e-01	1.893518998973988399e-01	8.783476762015685058e-02	4.022284771800782588e-02	1.000395672466277835e-01
2.022187949307908411e+03	1.752431957238991533e-01	1.083537650253094536e-01	2.986857009745969571e-01	1.894620622059101922e-01	8.788554451581208349e-02	4.026208154485774043e-02	1.001076500090193749e-01
2.027025719521564042e+03	1.749891758499133032e-01	1.081806130403797639e-01	2.988462852058385022e-01	1.895715188819398767e-01	8.793603582484763037e-02	4.030107503994673213e-02	1.001752961565391259e-01
2.031863489735218764e+03	1.747366774891130348e-01	1.080084741777650736e-01	2.990059921740374493e-01	1.896802747955169122e-01	8.798624305877708607e-02	4.033982961141309442e-02	1.002425086927822839e-01
2.036701259948874394e+03	1.744856916377593992e-01	1.078373424024452604e-01	2.991648262002131742e-01	1.897883347774575735e-01	8.803616772243934296e-02	4.037834666162194719e-02	1.003092905974683063e-01
2.041539030162529116e+03	1.742362093443844961e-01	1.076672117165144021e-01	2.993227915909317249e-01	1.898957036197592985e-01	8.808581131400633479e-02	4.041662758711316028e-02	1.003756448266955731e-01
2.046376800376184747e+03	1.739882217094990136e-01	1.074980761589364731e-01	2.994798926382440940e-01	1.900023860759911809e-01	8.813517532499126617e-02	4.045467377855205965e-02	1.004415743131908956e-01
2.051214570589840150e+03	1.737417198853012379e-01	1.073299298053026901e-01	2.996361336196262659e-01	1.901083868616803840e-01	8.818426124025750823e-02	4.049248662068281185e-02	1.005070819665540433e-01
2.056052340803495554e+03	1.734966950753877302e-01	1.071627667675909279e-01	2.997915187979214857e-01	1.902137106546949175e-01	8.823307053802803557e-02	4.053006749228425798e-02	1.005721706734975934e-01
2.060890111017150957e+03	1.732531385344653063e-01	1.069965811939267292e-01	2.999460524212846924e-01	1.903183620956223066e-01	8.828160468989534881e-02	4.056741776612827338e-02	1.006368432980822708e-01
2.065727881230805451e+03	1.730110415680645441e-01	1.068313672683462306e-01	3.000997387231294500e-01	1.904223457881441817e-01	8.832986516083189688e-02	4.060453880894052126e-02	1.007011026819480820e-01
2.070565651444461309e+03	1.727703955322549834e-01	1.066671192105608790e-01	3.002525819220763781e-01	1.905256662994068151e-01	8.837785340920095711e-02	4.064143198136353774e-02	1.007649516445413562e-01
2.075403421658116713e+03	1.725311918333615191e-01	1.065038312757238537e-01	3.004045862219042462e-01	1.906283281603874669e-01	8.842557088676794574e-02	4.067809863792199582e-02	1.008283929833379416e-01
2.080241191871772116e+03	1.722934219276822942e-01	1.063414977541983497e-01	3.005557558115028449e-01	1.907303358662565951e-01	8.847301903871213069e-02	4.071454012699022434e-02	1.008914294740625994e-01
2.085078962085427065e+03	1.720570773212083404e-01	1.061801129713274700e-01	3.007060948648279664e-01	1.908316938767357085e-01	8.852019930363881628e-02	4.075075779076177407e-02	1.009540638709049837e-01
2.089916732299082469e+03	1.718221495693442458e-01	1.060196712872059632e-01	3.008556075408587160e-01	1.909324066164513056e-01	8.856711311359181937e-02	4.078675296522105836e-02	1.010162989067320133e-01
2.094754502512737417e+03	1.715886302766306548e-01	1.058601670964535446e-01	3.010042979835563237e-01	1.910324784752842620e-01	8.861376189406627857e-02	4.082252698011698544e-02	1.010781372932970934e-01
2.099592272726392821e+03	1.713565110964679616e-01	1.057015948279900336e-01	3.011521703218254520e-01	1.911319138087152480e-01	8.866014706402190748e-02	4.085808115893845016e-02	1.011395817214460757e-01
2.104430042940048224e+03	1.711257837308416685e-01	1.055439489448120743e-01	3.012992286694770594e-01	1.912307169381658734e-01	8.870627003589651172e-02	4.089341681889176877e-02	1.012006348613201795e-01
2.109267813153704083e+03	1.708964399300488546e-01	1.053872239437715769e-01	3.014454771251935394e-01	1.913288921513356389e-01	8.875213221561982502e-02	4.092853527087984139e-02	1.012612993625558733e-01
2.114105583367359031e+03	1.706684714924263380e-01	1.052314143553557679e-01	3.015909197724954138e-01	1.914264437025348653e-01	8.879773500262765074e-02	4.096343781948313251e-02	1.013215778544819951e-01
2.118943353581013525e+03	1.704418702640801975e-01	1.050765147434688518e-01	3.017355606797102463e-01	1.915233758130133190e-01	8.884307978987630861e-02	4.099812576294227517e-02	1.013814729463139580e-01
2.123781123794669384e+03	1.702166281386167102e-01	1.049225197052154057e-01	3.018794038999431661e-01	1.916196926712849524e-01	8.888816796385727581e-02	4.103260039314237523e-02	1.014409872273452778e-01
2.128618894008324787e+03	1.699927370568746210e-01	1.047694238706851633e-01	3.020224534710492792e-01	1.917153984334484251e-01	8.893300090461223051e-02	4.106686299559889064e-02	1.015001232671365744e-01
2.133456664221980191e+03	1.697701890066589114e-01	1.046172219027396433e-01	3.021647134156078551e-01	1.918104972235037120e-01	8.897757998574824800e-02	4.110091484944501661e-02	1.015588836157018116e-01
2.138294434435635139e+03	1.695489760224759002e-01	1.044659084968000973e-01	3.023061877408983467e-01	1.919049931336647974e-01	8.902190657445324673e-02	4.113475722742063884e-02	1.016172708036922057e-01
2.143132204649290543e+03	1.693290901852696206e-01	1.043154783806371916e-01	3.024468804388780740e-01	1.919988902246682894e-01	8.906598203151172566e-02	4.116839139586268848e-02	1.016752873425776083e-01
2.147969974862945492e+03	1.691105236221600860e-01	1.041659263141621744e-01	3.025867954861614084e-01	1.920921925260783703e-01	8.910980771132070988e-02	4.120181861469691259e-02	1.017329357248255572e-01
2.152807745076601350e+03	1.688932685061821648e-01	1.040172470892195555e-01	3.027259368440010090e-01	1.921849040365876671e-01	8.915338496190586270e-02	4.123504013743099078e-02	1.017902184240779828e-01
2.157645515290255844e+03	1.686773170560265100e-01	1.038694355293812988e-01	3.028643084582703371e-01	1.922770287243145693e-01	8.919671512493786147e-02	4.126805721114901182e-02	1.018471378953256790e-01
2.162483285503912157e+03	1.684626615357813495e-01	1.037224864897425408e-01	3.030019142594481130e-01	1.923685705270966884e-01	8.923979953574900925e-02	4.130087107650717848e-02	1.019036965750804574e-01
2.167321055717567106e+03	1.682492942546760795e-01	1.035763948567188231e-01	3.031387581626038275e-01	1.924595333527806262e-01	8.928263952334997144e-02	4.133348296773080299e-02	1.019598968815453033e-01
2.172158825931222509e+03	1.680372075668257748e-01	1.034311555478446554e-01	3.032748440673854184e-01	1.925499210795081628e-01	8.932523641044673446e-02	4.136589411261246130e-02	1.020157412147822407e-01
2.176996596144877003e+03	1.678263938709774472e-01	1.032867635115737870e-01	3.034101758580081687e-01	1.926397375559988356e-01	8.936759151345771701e-02	4.139810573251131998e-02	1.020712319568782139e-01
2.181834366358532861e+03	1.676168456102573867e-01	1.031432137270806293e-01	3.035447574032448248e-01	1.927289866018289943e-01	8.940970614253118676e-02	4.143011904235360116e-02	1.021263714721089150e-01
2.186672136572187810e+03	1.674085552719199177e-01	1.030005012040633577e-01	3.036785925564177147e-01	1.928176720077072470e-01	8.945158160156263527e-02	4.146193525063414376e-02	1.021811621071005427e-01
2.191509906785843214e+03	1.672015153870974880e-01	1.028586209825483322e-01	3.038116851553918640e-01	1.929057975357466592e-01	8.949321918821249999e-02	4.149355555941895701e-02	1.022356061909897446e-01
2.196347676999498617e+03	1.669957185305521452e-01	1.027175681326958634e-01	3.039440390225696120e-01	1.929933669197335389e-01	8.953462019392399718e-02	4.152498116434889114e-02	1.022897060355814486e-01
2.201185447213154021e+03	1.667911573204280962e-01	1.025773377546075338e-01	3.040756579648870028e-01	1.930803838653926408e-01	8.957578590394105200e-02	4.155621325464421700e-02	1.023434639355049747e-01
2.206023217426809424e+03	1.665878244180059864e-01	1.024379249781347395e-01	3.042065457738106216e-01	1.931668520506494013e-01	8.961671759732647846e-02	4.158725301311019806e-02	1.023968821683681613e-01
2.210860987640464373e+03	1.663857125274580129e-01	1.022993249626886758e-01	3.043367062253367061e-01	1.932527751258887594e-01	8.965741654698015928e-02	4.161810161614359904e-02	1.024499629949097712e-01
2.215698757854119776e+03	1.661848143956047574e-01	1.021615328970516823e-01	3.044661430799909252e-01	1.933381567142107849e-01	8.969788401965751723e-02	4.164876023374002728e-02	1.025027086591500103e-01
2.220536528067775180e+03	1.659851228116730193e-01	1.020245439991899622e-01	3.045948600828299324e-01	1.934230004116831714e-01	8.973812127598804200e-02	4.167923002950222472e-02	1.025551213885393803e-01
2.225374298281430583e+03	1.657866306070551465e-01	1.018883535160675646e-01	3.047228609634434759e-01	1.935073097875907311e-01	8.977812957049399745e-02	4.170951216064914396e-02	1.026072033941056727e-01
2.230212068495085077e+03	1.655893306550694499e-01	1.017529567234616988e-01	3.048501494359585062e-01	1.935910883846817254e-01	8.981791015160915659e-02	4.173960777802581540e-02	1.026589568705994354e-01
2.235049838708740936e+03	1.653932158707220601e-01	1.016183489257794503e-01	3.049767291990437834e-01	1.936743397194111149e-01	8.985746426169773093e-02	4.176951802611405390e-02	1.027103839966375803e-01
2.239887608922396339e+03	1.651982792104700060e-01	1.014845254558756626e-01	3.051026039359160946e-01	1.937570672821811169e-01	8.989679313707349406e-02	4.179924404304385943e-02	1.027614869348455057e-01
2.244725379136052197e+03	1.650045136719855698e-01	1.013514816748722208e-01	3.052277773143475259e-01	1.938392745375786264e-01	8.993589800801876644e-02	4.182878696060561563e-02	1.028122678319974559e-01
2.249563149349706237e+03	1.648119122939217251e-01	1.012192129719785005e-01	3.053522529866736224e-01	1.939209649246098066e-01	8.997478009880387206e-02	4.185814790426289206e-02	1.028627288191553829e-01
2.254400919563362095e+03	1.646204681556792948e-01	1.010877147643132190e-01	3.054760345898029916e-01	1.940021418569317924e-01	9.001344062770633148e-02	4.188732799316603750e-02	1.029128720118061974e-01
2.259238689777017044e+03	1.644301743771746371e-01	1.009569824967274099e-01	3.055991257452276844e-01	1.940828087230819232e-01	9.005188080703044329e-02	4.191632834016634224e-02	1.029626995099974518e-01
2.264076459990672902e+03	1.642410241186093856e-01	1.008270116416287165e-01	3.057215300590347407e-01	1.941629688867037851e-01	9.009010184312676861e-02	4.194515005183088729e-02	1.030122133984715666e-01
2.268914230204327851e+03	1.640530105802407990e-01	1.006977976988069068e-01	3.058432511219189021e-01	1.942426256867708922e-01	9.012810493641180976e-02	4.197379422845796265e-02	1.030614157467985292e-01
2.273752000417983254e+03	1.638661270021536109e-01	1.005693361952605530e-01	3.059642925091961563e-01	1.943217824378075664e-01	9.016589128138778608e-02	4.200226196409312385e-02	1.031103086095070676e-01
2.278589770631638203e+03	1.636803666640330446e-01	1.004416226850250449e-01	3.060846577808180591e-01	1.944004424301071510e-01	9.020346206666246536e-02	4.203055434654573430e-02	1.031588940262143650e-01
2.283427540845293606e+03	1.634957228849392152e-01	1.003146527490016704e-01	3.062043504813874994e-01	1.944786089299478660e-01	9.024081847496903674e-02	4.205867245740615296e-02	1.032071740217544581e-01
2.288265311058949010e+03	1.633121890230824214e-01	1.001884219947879323e-01	3.063233741401751309e-01	1.945562851798058324e-01	9.027796168318608094e-02	4.208661737206335213e-02	1.032551506063051350e-01
2.293103081272604413e+03	1.631297584755998786e-01	1.000629260565091133e-01	3.064417322711368019e-01	1.946334743985658478e-01	9.031489286235774849e-02	4.211439015972311822e-02	1.033028257755134044e-01
2.297940851486259817e+03	1.629484246783336476e-01	9.993816059465093771e-02	3.065594283729315972e-01	1.947101797817295255e-01	9.035161317771384093e-02	4.214199188342670349e-02	1.033502015106197020e-01
2.302778621699914765e+03	1.627681811056096717e-01	9.981412129589335713e-02	3.066764659289411554e-01	1.947864045016211576e-01	9.038812378869000297e-02	4.216942360006992185e-02	1.033972797785806114e-01
2.307616391913570169e+03	1.625890212700181192e-01	9.969080387294564083e-02	3.067928484072898199e-01	1.948621517075910803e-01	9.042442584894803959e-02	4.219668636042276516e-02	1.034440625321904061e-01
2.312454162127225118e+03	1.624109387221947254e-01	9.956820406438242343e-02	3.069085792608652330e-01	1.949374245262166794e-01	9.046052050639627473e-02	4.222378120914935945e-02	1.034905517102011341e-01
2.317291932340880976e+03	1.622339270506034936e-01	9.944631763448098793e-02	3.070236619273402634e-01	1.950122260615011482e-01	9.049640890320991005e-02	4.225070918482842081e-02	1.035367492374415221e-01
2.322129702554535925e+03	1.620579798813205907e-01	9.932514037305970045e-02	3.071380998291953213e-01	1.950865593950700250e-01	9.053209217585152235e-02	4.227747131997405122e-02	1.035826570249345213e-01
2.326967472768191783e+03	1.618830908778192135e-01	9.920466809531744423e-02	3.072518963737416731e-01	1.951604275863652316e-01	9.056757145509161666e-02	4.230406864105695774e-02	1.036282769700136303e-01
2.331805242981846732e+03	1.617092537407557318e-01	9.908489664167426103e-02	3.073650549531454779e-01	1.952338336728371704e-01	9.060284786602912366e-02	4.233050216852601855e-02	1.036736109564380115e-01
2.336643013195502135e+03	1.615364622077571088e-01	9.896582187761301941e-02	3.074775789444525453e-01	1.953067806701345721e-01	9.063792252811207761e-02	4.235677291683016127e-02	1.037186608545062894e-01
2.341480783409156629e+03	1.613647100532092649e-01	9.884743969352222104e-02	3.075894717096140929e-01	1.953792715722920403e-01	9.067279655515826653e-02	4.238288189444067849e-02	1.037634285211692375e-01
2.346318553622812487e+03	1.611939910880467175e-01	9.872974600453983396e-02	3.077007365955125584e-01	1.954513093519157085e-01	9.070747105537597943e-02	4.240883010387374447e-02	1.038079158001412594e-01
2.351156323836467891e+03	1.610242991595433604e-01	9.861273675039829156e-02	3.078113769339889116e-01	1.955228969603665934e-01	9.074194713138472590e-02	4.243461854171333425e-02	1.038521245220106332e-01
2.355994094050123294e+03	1.608556281511043240e-01	9.849640789527036588e-02	3.079213960418699658e-01	1.955940373279421163e-01	9.077622588023601113e-02	4.246024819863438576e-02	1.038960565043486606e-01
