1.402953361960032339e+02	5.983050084455149298e-01	2.968969205088314856e-01	4.987808046300615944e-02	2.114098469173852912e-02	1.997751978030471928e-02	6.360807333515005116e-03	7.440678777034179237e-03
1.451331064096584669e+02	5.917424084503195569e-01	2.991599571687361681e-01	5.151324009769422257e-02	2.260390929827052475e-02	2.058802046542261219e-02	6.505514403380921115e-03	7.886950116121057425e-03
1.499708766233137851e+02	5.854909400365591043e-01	3.011651876178008114e-01	5.315155656743835583e-02	2.402222613789040118e-02	2.118458886187110993e-02	6.650110324342996780e-03	8.335390454042253261e-03
1.548086468369690749e+02	5.795297228074990370e-01	3.029311927186471576e-01	5.479066968793541020e-02	2.540022848575678588e-02	2.176785181380755732e-02	6.794600043296126698e-03	8.785734443002880811e-03
1.596464170506243647e+02	5.738393278680231635e-01	3.044752522886659540e-01	5.642858899607327422e-02	2.674169340814029280e-02	2.233840987224132782e-02	6.938986964604978644e-03	9.237740602196087628e-03
1.644841872642796261e+02	5.684016767875786913e-01	3.058134359423579363e-01	5.806364055354336362e-02	2.804994766042628179e-02	2.289683733670887233e-02	7.083273135803233415e-03	9.691188583526664374e-03
1.693219574779349159e+02	5.631999475746587436e-01	3.069606875980764871e-01	5.969442119395463459e-02	2.932792491383456879e-02	2.344368251926276167e-02	7.227459412744964388e-03	1.014587678741297495e-02
1.741597276915902057e+02	5.582184871794276804e-01	3.079309040902240002e-01	6.131975918550836707e-02	3.057821547087928929e-02	2.397946818524988172e-02	7.371545606570007077e-03	1.060162028208590408e-02
1.789974979052454671e+02	5.534427300739889199e-01	3.087370082973617258e-01	6.293868042231948179e-02	3.180310947303348346e-02	2.450469213259635209e-02	7.515530614557756547e-03	1.105824898608735382e-02
1.838352681189008138e+02	5.488591224905017274e-01	3.093910171682024424e-01	6.455037937921369318e-02	3.300463446873137113e-02	2.501982787750046955e-02	7.659412536692999061e-03	1.151560607910241500e-02
1.886730383325560467e+02	5.444550519260250576e-01	3.099041050009334053e-01	6.615419416992179835e-02	3.418458809285220001e-02	2.552532541970971638e-02	7.803188779548400622e-03	1.197354661095447435e-02
1.935108085462113081e+02	5.402187815497246914e-01	3.102866623066239948e-01	6.774958513930690041e-02	3.534456650768994651e-02	2.602161206505129720e-02	7.946856148896942057e-03	1.243193628265123508e-02
1.983485787598666263e+02	5.361393891730410477e-01	3.105483505644854314e-01	6.933611649855980774e-02	3.648598916797030078e-02	2.650909328670952858e-02	8.090410932300267505e-03	1.289065037687864117e-02
2.031863489735219162e+02	5.322067104667069781e-01	3.106981531553523745e-01	7.091344057987834792e-02	3.761012039686929820e-02	2.698815360999208893e-02	8.233848972772545016e-03	1.334957281837340949e-02
2.080241191871772060e+02	5.284112861302214803e-01	3.107444227398396541e-01	7.248128434547114474e-02	3.871808819461015905e-02	2.745915750808317415e-02	8.377165734491268806e-03	1.380859534722811942e-02
2.128618894008324673e+02	5.247443127396371754e-01	3.106949253290887669e-01	7.403943783606101170e-02	3.981090064467698864e-02	2.792245029861576550e-02	8.520356361414042554e-03	1.426761679045115624e-02
2.176996596144877287e+02	5.211975970183995166e-01	3.105568812787658506e-01	7.558774428749789887e-02	4.088946023378675632e-02	2.837835903286753392e-02	8.663415729561887296e-03	1.472654241906554834e-02
2.225374298281430470e+02	5.177635132935725082e-01	3.103370034209149697e-01	7.712609168157104345e-02	4.195457635946720637e-02	2.882719337104860599e-02	8.806338493643098980e-03	1.518528337972745341e-02
2.273752000417983652e+02	5.144349639161900356e-01	3.100415325333280014e-01	7.865440552944681640e-02	4.300697626250315347e-02	2.926924643854842897e-02	8.949119128615649552e-03	1.564375619131267922e-02
2.322129702554535982e+02	5.112053424397492440e-01	3.096762703321849219e-01	8.017264271405726006e-02	4.404731458986194115e-02	2.970479565918275958e-02	9.091751966719296973e-03	1.610188229818934613e-02
2.370507404691088880e+02	5.080684993651056747e-01	3.092466101607783679e-01	8.168078624183164327e-02	4.507618176632314372e-02	3.013410356246286337e-02	9.234231230449687841e-03	1.655958767299333181e-02
2.418885106827641494e+02	5.050187102732947020e-01	3.087575655350945358e-01	8.317884077492161687e-02	4.609411132933897981e-02	3.055741856272627122e-02	9.376551061894868033e-03	1.701680246267370938e-02
2.467262808964194392e+02	5.020506461801574893e-01	3.082137966958167219e-01	8.466682883297584061e-02	4.710158636114154113e-02	3.097497570864602215e-02	9.518705548808868711e-03	1.747346067239820971e-02
2.515640511100747290e+02	4.991593459581598058e-01	3.076196353058935906e-01	8.614478756896001843e-02	4.809904513435929452e-02	3.138699740219449280e-02	9.660688747756610711e-03	1.792949988262082864e-02
2.564018213237300188e+02	4.963401906815100850e-01	3.069791074231120742e-01	8.761276603683205988e-02	4.908688607203516574e-02	3.179369408659631774e-02	9.802494704628636826e-03	1.838486099523031769e-02
2.612395915373852517e+02	4.935888797606618472e-01	3.062959548680895261e-01	8.907082288036073658e-02	5.006547210962962458e-02	3.219526490317817236e-02	9.944117472792585177e-03	1.883948800523218420e-02
2.660773617510405415e+02	4.909014087415807803e-01	3.055736550997019685e-01	9.051902438227150960e-02	5.103513453506636210e-02	3.259189831732450110e-02	1.008555112912027513e-02	1.929332779487928987e-02
2.709151319646958882e+02	4.882740486538076352e-01	3.048154397021523021e-01	9.195744282143096526e-02	5.199617637289399158e-02	3.298377271398865440e-02	1.022678978810442896e-02	1.974632994756666399e-02
2.757529021783511780e+02	4.857033267994042003e-01	3.040243115806131602e-01	9.338615509313141771e-02	5.294887536998702654e-02	3.337105696339841276e-02	1.036782761425697995e-02	2.019844657915343539e-02
2.805906723920064678e+02	4.831860088823681787e-01	3.032030609556160550e-01	9.480524155386900464e-02	5.389348663271339296e-02	3.375391095774120387e-02	1.050865883296130641e-02	2.064963218467552944e-02
2.854284426056617008e+02	4.807190823850839290e-01	3.023542802400674412e-01	9.621478505746342003e-02	5.483024495899782580e-02	3.413248611972512919e-02	1.064927773993321579e-02	2.109984349867370657e-02
2.902662128193169337e+02	4.782997411048736103e-01	3.014803778769183928e-01	9.761487015406548895e-02	5.575936690307693039e-02	3.450692588399251887e-02	1.078967870942999958e-02	2.154903936758776825e-02
2.951039830329722804e+02	4.759253707697601588e-01	3.005835912100697227e-01	9.900558242764324890e-02	5.668105260585576399e-02	3.487736615241879279e-02	1.092985620133290342e-02	2.199718063286407177e-02
2.999417532466276270e+02	4.735935356581841837e-01	2.996659984560285928e-01	1.003870079510200825e-01	5.759548741953715578e-02	3.524393572436484989e-02	1.106980476721602588e-02	2.244423002359374059e-02
3.047795234602828600e+02	4.713019661526535731e-01	2.987295298391197118e-01	1.017592328405342167e-01	5.850284335151671733e-02	3.560675670296999801e-02	1.120951905550348314e-02	2.289015205764701258e-02
3.096172936739380930e+02	4.690485471621811397e-01	2.977759779486705560e-01	1.031223428949677307e-01	5.940328034934355683e-02	3.596594487857739109e-02	1.134899381580679878e-02	2.333491295039747879e-02
3.144550638875934396e+02	4.668313073529032353e-01	2.968070073725124214e-01	1.044764233056099806e-01	6.029694744577372006e-02	3.632161009037796623e-02	1.148822390252549758e-02	2.377848053024176483e-02
3.192928341012487294e+02	4.646484091304919350e-01	2.958241636573436528e-01	1.058215584262270637e-01	6.118398378053478692e-02	3.667385656734404448e-02	1.162720427778594565e-02	2.422082416021716436e-02
3.241306043149040192e+02	4.624981393219045334e-01	2.948288816429740500e-01	1.071578315933473108e-01	6.206451951332642158e-02	3.702278324950186716e-02	1.176593001378625596e-02	2.466191466510412808e-02
3.289683745285592522e+02	4.603789005076688312e-01	2.938224932141857981e-01	1.084853249886802151e-01	6.293867664076159552e-02	3.736848409056524323e-02	1.190439629460860772e-02	2.510172426347420660e-02
3.338061447422145420e+02	4.582892029593040872e-01	2.928062345108921050e-01	1.098041195366949302e-01	6.380656972837005225e-02	3.771104834292107744e-02	1.204259841755452205e-02	2.554022650420776502e-02
3.386439149558698318e+02	4.562276571396424729e-01	2.917812526344342183e-01	1.111142948314218226e-01	6.466830656740751859e-02	3.805056082592329914e-02	1.218053179405337999e-02	2.597739620706183625e-02
3.434816851695251216e+02	4.541929667267620152e-01	2.907486118852155021e-01	1.124159290874305744e-01	6.552398876501454306e-02	3.838710217841524719e-02	1.231819195018974376e-02	2.641320940691694805e-02
3.483194553831804114e+02	4.521839221249797092e-01	2.897092995644122149e-01	1.137090991107009841e-01	6.637371227522370631e-02	3.872074909636301354e-02	1.245557452689071386e-02	2.684764330137428059e-02
3.531572255968357013e+02	4.501993944289046090e-01	2.886642313702150187e-01	1.149938802857564807e-01	6.721756787740258698e-02	3.905157455644350795e-02	1.259267527981077807e-02	2.728067620141164454e-02
3.579949958104909342e+02	4.482383298089218648e-01	2.876142564169273386e-01	1.162703465759900995e-01	6.805564160792558492e-02	3.937964802639251638e-02	1.272949007894801782e-02	2.771228748483913623e-02
3.628327660241463377e+02	4.462997442886843524e-01	2.865601619032698277e-01	1.175385705345912690e-01	6.888801515017349553e-02	3.970503566287949399e-02	1.286601490802242488e-02	2.814245755232373108e-02
3.676705362378016275e+02	4.443827188872425116e-01	2.855026774543975021e-01	1.187986233238912254e-01	6.971476618735465702e-02	4.002780049763759312e-02	1.300224586364416395e-02	2.857116778577692418e-02
3.725083064514568036e+02	4.424863951003524254e-01	2.844424791604275304e-01	1.200505747412944635e-01	7.053596872211127800e-02	4.034800261254051224e-02	1.313817915429707321e-02	2.899840050892138477e-02
3.773460766651120935e+02	4.406099706972781416e-01	2.833801933326794975e-01	1.212944932502618561e-01	7.135169336641204729e-02	4.066569930428114849e-02	1.327381109916025981e-02	2.942413894987165601e-02
3.821838468787673833e+02	4.387526958110591901e-01	2.823163999973527516e-01	1.225304460150650893e-01	7.216200760482628651e-02	4.098094523927194727e-02	1.340913812678853033e-02	2.984836720558079956e-02
3.870216170924226162e+02	4.369138693017480812e-01	2.812516361449845514e-01	1.237584989382490147e-01	7.296697603391996689e-02	4.129379259935281321e-02	1.354415677367048175e-02	3.027107020801968890e-02
3.918593873060780197e+02	4.350928353735577514e-01	2.801863987527531963e-01	1.249787166999215687e-01	7.376666058020241168e-02	4.160429121885983461e-02	1.367886368268120441e-02	3.069223369196873163e-02
3.966971575197332527e+02	4.332889804281853663e-01	2.791211475954973875e-01	1.261911627981478767e-01	7.456112069877919579e-02	4.191248871357658445e-02	1.381325560144503785e-02	3.111184416431326052e-02
4.015349277333884856e+02	4.315017301378197279e-01	2.780563078602153460e-01	1.273958995898568092e-01	7.535041355462654411e-02	4.221843060205985459e-02	1.394732938062227638e-02	3.152988887474408169e-02
4.063726979470438323e+02	4.297305467224892261e-01	2.769922725777740347e-01	1.285929883317806499e-01	7.613459418819146229e-02	4.252216041980311917e-02	1.408108197213242541e-02	3.194635578777368229e-02
4.112104681606991221e+02	4.279749264174788070e-01	2.759294048846016589e-01	1.297824892210424630e-01	7.691371566683602445e-02	4.282371982667365629e-02	1.421451042732536051e-02	3.236123355598652385e-02
4.160482383743544119e+02	4.262343971175425184e-01	2.748680401262429407e-01	1.309644614350855829e-01	7.768782922348026199e-02	4.312314870803354849e-02	1.434761189511063982e-02	3.277451149444905037e-02
4.208860085880095880e+02	4.245085161855614020e-01	2.738084878138272726e-01	1.321389631707063639e-01	7.845698438365385219e-02	4.342048526993010776e-02	1.448038362005421055e-02	3.318617955621130933e-02
4.257237788016648778e+02	4.227968684141639732e-01	2.727510334437276418e-01	1.333060516820070429e-01	7.922122908203903247e-02	4.371576612871815731e-02	1.461282294045082412e-02	3.359622830883774586e-02
4.305615490153201677e+02	4.210990641296229464e-01	2.716959401899707305e-01	1.344657833171324646e-01	7.998060976947443668e-02	4.400902639545449524e-02	1.474492728637962109e-02	3.400464891190973366e-02
4.353993192289755143e+02	4.194147374280925433e-01	2.706434504782890826e-01	1.356182135536925237e-01	8.073517151128960234e-02	4.430029975538421483e-02	1.487669417774960604e-02	3.441143309544694717e-02
4.402370894426308041e+02	4.177435445349417797e-01	2.695937874500872189e-01	1.367633970328053783e-01	8.148495807775153754e-02	4.458961854281887766e-02	1.500812122234097996e-02	3.481657313919878094e-02
4.450748596562860939e+02	4.160851622785865511e-01	2.685471563240142689e-01	1.379013875917214360e-01	8.223001202732588277e-02	4.487701381168816839e-02	1.513920611384774254e-02	3.522006185276050499e-02
4.499126298699413837e+02	4.144392866708221934e-01	2.675037456622983423e-01	1.390322382950105462e-01	8.297037478338575855e-02	4.516251540202909781e-02	1.526994662992628773e-02	3.562189255647229408e-02
4.547504000835967304e+02	4.128056315862181358e-01	2.664637285484982576e-01	1.401560014643120911e-01	8.370608670493900894e-02	4.544615200266061833e-02	1.540034063025428127e-02	3.602205906306212707e-02
4.595881702972519065e+02	4.111839275336554578e-01	2.654272636828627352e-01	1.412727287066612714e-01	8.443718715188919255e-02	4.572795121027597998e-02	1.553038605460358226e-02	3.642055565999629402e-02
4.644259405109071963e+02	4.095739205135701666e-01	2.643944964010562226e-01	1.423824709414165945e-01	8.516371454529672591e-02	4.600793958517081228e-02	1.566008092093050183e-02	3.681737709250353791e-02
4.692637107245624861e+02	4.079753709549172047e-01	2.633655596216047945e-01	1.434852784258217884e-01	8.588570642306188330e-02	4.628614270381108814e-02	1.578942332348637692e-02	3.721251854724134250e-02
4.741014809382177759e+02	4.063880527262856424e-01	2.623405747270464716e-01	1.445812007792419418e-01	8.660319949141227769e-02	4.656258520843267745e-02	1.591841143095093503e-02	3.760597563657457759e-02
4.789392511518730657e+02	4.048117522159857540e-01	2.613196523834159235e-01	1.456702870061192256e-01	8.731622967254218382e-02	4.683729085385188867e-02	1.604704348459077765e-02	3.799774438343873212e-02
4.837770213655284124e+02	4.032462674762912758e-01	2.603028933023762703e-01	1.467525855176959326e-01	8.802483214871899275e-02	4.711028255165541218e-02	1.617531779644481790e-02	3.838782120676167281e-02
4.886147915791837022e+02	4.016914074273542079e-01	2.592903889500046688e-01	1.478281441525564066e-01	8.872904140314409605e-02	4.738158241192732406e-02	1.630323274753836191e-02	3.877620290741924658e-02
4.934525617928388783e+02	4.001469911166254390e-01	2.582822222059601991e-01	1.488970101960393755e-01	8.942889125782943482e-02	4.765121178266105983e-02	1.643078678612721819e-02	3.916288665470162023e-02
4.982903320064942250e+02	3.986128470299033499e-01	2.572784679765027227e-01	1.499592303985737285e-01	9.012441490872812044e-02	4.791919128699497626e-02	1.655797842597302866e-02	3.954786997326846520e-02
5.031281022201495148e+02	3.970888124504045047e-01	2.562791937645877982e-01	1.510148509929906402e-01	9.081564495833688300e-02	4.818554085840141138e-02	1.668480624465075446e-02	3.993115073057241365e-02
5.079658724338048046e+02	3.955747328625028314e-01	2.552844602000374219e-01	1.520639177108639994e-01	9.150261344596896662e-02	4.845027977395095081e-02	1.681126888188914231e-02	4.031272712473110698e-02
5.128036426474600376e+02	3.940704613970160697e-01	2.542943215325780826e-01	1.531064757979305746e-01	9.218535187587931223e-02	4.871342668576619794e-02	1.693736503794471965e-02	4.069259767282945583e-02
5.176414128611153274e+02	3.925758583151390257e-01	2.533088260903406663e-01	1.541425700286399025e-01	9.286389124340850565e-02	4.897499965077194845e-02	1.706309347200988050e-02	4.107076119963447292e-02
5.224791830747705035e+02	3.910907905283232400e-01	2.523280167062370016e-01	1.551722447198824462e-01	9.353826205929807736e-02	4.923501615884218890e-02	1.718845300065527729e-02	4.144721682670616386e-02
5.273169532884259070e+02	3.896151311515929083e-01	2.513519311144585267e-01	1.561955437439429828e-01	9.420849437231673673e-02	4.949349315943801092e-02	1.731344249630679955e-02	4.182196396188844062e-02
5.321547235020811968e+02	3.881487590879620364e-01	2.503806023191849639e-01	1.572125105407241596e-01	9.487461779032622944e-02	4.975044708682458544e-02	1.743806088575720892e-02	4.219500228916521489e-02
5.369924937157364866e+02	3.866915586417797868e-01	2.494140589374466976e-01	1.582231881292836262e-01	9.553666149990447387e-02	5.000589388395011020e-02	1.756230714871242007e-02	4.256633175886728043e-02
5.418302639293917764e+02	3.852434191589848012e-01	2.484523255179465206e-01	1.592276191187257384e-01	9.619465428463448708e-02	5.025984902506418217e-02	1.768618031637233731e-02	4.293595257821628680e-02
5.466680341430470662e+02	3.838042346923883907e-01	2.474954228375224885e-01	1.602258457184873586e-01	9.684862454215859007e-02	5.051232753714852974e-02	1.780967947004608032e-02	4.330386520219291213e-02
5.515058043567023560e+02	3.823739036902386035e-01	2.465433681768139929e-01	1.612179097480552770e-01	9.749860030008992984e-02	5.076334402022839032e-02	1.793280373980133194e-02	4.367007032471677264e-02
5.563435745703576458e+02	3.809523287064402464e-01	2.455961755765859178e-01	1.622038526461500596e-01	9.814460923086563982e-02	5.101291266662862089e-02	1.805555230314755816e-02	4.403456887012624499e-02
5.611813447840129356e+02	3.795394161309171843e-01	2.446538560760623815e-01	1.631837154794107403e-01	9.878667866561961775e-02	5.126104727923475046e-02	1.817792438375266661e-02	4.439736198494689812e-02
5.660191149976681118e+02	3.781350759387117622e-01	2.437164179345285009e-01	1.641575389506113869e-01	9.942483560714659996e-02	5.150776128881546373e-02	1.829991925019276017e-02	4.475845102993776525e-02
5.708568852113234016e+02	3.767392214565115638e-01	2.427838668373696329e-01	1.651253634064397402e-01	1.000591067420241176e-01	5.175306777045955015e-02	1.842153621473451020e-02	4.511783757240506870e-02
5.756946554249786914e+02	3.753517691453879257e-01	2.418562060876366382e-01	1.660872288448661527e-01	1.006895184519531888e-01	5.199697945917705622e-02	1.854277463214965005e-02	4.547552337877358575e-02
5.805324256386339812e+02	3.739726383986129998e-01	2.409334367841488578e-01	1.670431749221291395e-01	1.013160968243744381e-01	5.223950876471158966e-02	1.866363389856111332e-02	4.583151040740610777e-02
5.853701958522892710e+02	3.726017513535035408e-01	2.400155579870766609e-01	1.679932409593624942e-01	1.019388676624118084e-01	5.248066778560751822e-02	1.878411345032022367e-02	4.618580080166204138e-02
5.902079660659445608e+02	3.712390327163113679e-01	2.391025668718786690e-01	1.689374659488877273e-01	1.025578564941921622e-01	5.272046832257352988e-02	1.890421276291442271e-02	4.653839688318642254e-02
5.950457362795999643e+02	3.698844095992501746e-01	2.381944588724083378e-01	1.698758885601933111e-01	1.031730885815853038e-01	5.295892189118128757e-02	1.902393134990490453e-02	4.688930114542096128e-02
5.998835064932552541e+02	3.685378113688108637e-01	2.372912278139473752e-01	1.708085471456216031e-01	1.037845889284059048e-01	5.319603973393567664e-02	1.914326876189359830e-02	4.723851624732929022e-02
6.047212767069104302e+02	3.671991695045776494e-01	2.363928660368704304e-01	1.717354797457824045e-01	1.043923822881153152e-01	5.343183283175099996e-02	1.926222458551884661e-02	4.758604500732863812e-02
6.095590469205657200e+02	3.658684174678122347e-01	2.354993645115963374e-01	1.726567240947116944e-01	1.049964931710588578e-01	5.366631191486530283e-02	1.938079844247921416e-02	4.793189039742067753e-02
6.143968171342210098e+02	3.645454905791233324e-01	2.346107129454355622e-01	1.735723176247917221e-01	1.055969458512712594e-01	5.389948747322333145e-02	1.949898998858473620e-02	4.827605553751441320e-02
6.192345873478761860e+02	3.632303259045883137e-01	2.337268998819005128e-01	1.744822974714489716e-01	1.061937643728805142e-01	5.413136976635654629e-02	1.961679891283504146e-02	4.861854368993445003e-02
6.240723575615315895e+02	3.619228621497366238e-01	2.328479127930062897e-01	1.753867004776440974e-01	1.067869725561384209e-01	5.436196883278717612e-02	1.973422493652364149e-02	4.895935825410809017e-02
6.289101277751868793e+02	3.606230395608464034e-01	2.319737381650520125e-01	1.762855631981676274e-01	1.073765940031038979e-01	5.459129449898161845e-02	1.985126781236783849e-02	4.929850276142498655e-02
6.337478979888421691e+02	3.593307998330436126e-01	2.311043615783390792e-01	1.771789219037547269e-01	1.079626521030030012e-01	5.481935638787698017e-02	1.996792732366355072e-02	4.963598087026342004e-02
6.385856682024975726e+02	3.580460860247299260e-01	2.302397677812504928e-01	1.780668125850304595e-01	1.085451700372883355e-01	5.504616392700330957e-02	2.008420328346445516e-02	4.997179636117740631e-02
6.434234384161527487e+02	3.567688424778964196e-01	2.293799407590860207e-01	1.789492709562969797e-01	1.091241707844184533e-01	5.527172635622256552e-02	2.020009553378481273e-02	5.030595313223910903e-02
6.482612086298080385e+02	3.554990147439140991e-01	2.285248637980198949e-01	1.798263324591727330e-01	1.096996771243766294e-01	5.549605273510442582e-02	2.031560394482538612e-02	5.063845519453118171e-02
6.530989788434633283e+02	3.542365495144174647e-01	2.276745195445229464e-01	1.806980322660937388e-01	1.102717116429469124e-01	5.571915194995757242e-02	2.043072841422177363e-02	5.096930666778394514e-02
6.579367490571185044e+02	3.529813945569275080e-01	2.268288900605659741e-01	1.815644052836856703e-01	1.108402967357638713e-01	5.594103272053431442e-02	2.054546886631463190e-02	5.129851177615247365e-02
6.627745192707737942e+02	3.517334986548817932e-01	2.259879568749003920e-01	1.824254861560152263e-01	1.114054546121517331e-01	5.616170360642524367e-02	2.065982525144111764e-02	5.162607484412882336e-02
6.676122894844290840e+02	3.504928115517666476e-01	2.251517010306904321e-01	1.832813092677285927e-01	1.119672072987671213e-01	5.638117301315968832e-02	2.077379754524699695e-02	5.195200029258487118e-02
6.724500596980843738e+02	3.492592838990625781e-01	2.243201031297522852e-01	1.841319087470840443e-01	1.125255766430584142e-01	5.659944919802689656e-02	2.088738574801884268e-02	5.227629263494125433e-02
6.772878299117396637e+02	3.480328672077396823e-01	2.234931433736380979e-01	1.849773184688858207e-01	1.130805843165545582e-01	5.681654027563203674e-02	2.100058988403575091e-02	5.259895647345833730e-02
6.821256001253949535e+02	3.468135138030539744e-01	2.226708016017855396e-01	1.858175720573252421e-01	1.136322518179943702e-01	5.703245422320018382e-02	2.111341000093997639e-02	5.291999649564496644e-02
6.869633703390502433e+02	3.456011767824146985e-01	2.218530573269388573e-01	1.866527028887350892e-01	1.141806004763072230e-01	5.724719888564108738e-02	2.122584616912600100e-02	5.323941747078122372e-02
6.918011405527055331e+02	3.443958099761098013e-01	2.210398897680320163e-01	1.874827440942624102e-01	1.147256514534548827e-01	5.746078198038630236e-02	2.133789848114744231e-02	5.355722424655126601e-02
6.966389107663608229e+02	3.431973679106887776e-01	2.202312778807123395e-01	1.883077285624651653e-01	1.152674257471437147e-01	5.767321110201012457e-02	2.144956705114130918e-02	5.387342174578264170e-02
7.014766809800161127e+02	3.420058057748187608e-01	2.194272003856697906e-01	1.891276889418370688e-01	1.158059441934158745e-01	5.788449372664480203e-02	2.156085201426907738e-02	5.418801496328864986e-02
7.063144511936714025e+02	3.408210793874417166e-01	2.186276357949254734e-01	1.899426576432651503e-01	1.163412274691273118e-01	5.809463721620010401e-02	2.167175352617407846e-02	5.450100896281023094e-02
7.111522214073266923e+02	3.396431451680715918e-01	2.178325624362228152e-01	1.907526668424239791e-01	1.168732960943200810e-01	5.830364882239678220e-02	2.178227176245471977e-02	5.481240887405412765e-02
7.159899916209819821e+02	3.384719601090835361e-01	2.170419584756542730e-01	1.915577484821105181e-01	1.174021704344956341e-01	5.851153569062279847e-02	2.189240691815301856e-02	5.512221988982431847e-02
7.208277618346371582e+02	3.373074817498556421e-01	2.162558019386474906e-01	1.923579342745227461e-01	1.179278707027957701e-01	5.871830486362095841e-02	2.200215920725805824e-02	5.543044726324344862e-02
7.256655320482924481e+02	3.361496681526349728e-01	2.154740707294255375e-01	1.931532557034854880e-01	1.184504169620968772e-01	5.892396328501588176e-02	2.211152886222381500e-02	5.573709630506151758e-02
7.305033022619478515e+02	3.349984778800072505e-01	2.146967426490491160e-01	1.939437440266267021e-01	1.189698291270231412e-01	5.912851780268803259e-02	2.222051613350097682e-02	5.604217238104889504e-02
7.353410724756030277e+02	3.338538699738593518e-01	2.139237954121393503e-01	1.947294302775062769e-01	1.194861269658838293e-01	5.933197517200200499e-02	2.232912128908230709e-02	5.634568090947097291e-02
7.401788426892584312e+02	3.327158039357303032e-01	2.131552066623745301e-01	1.955103452677009190e-01	1.199993301025393949e-01	5.953434205889592684e-02	2.243734461406110547e-02	5.664762735864180970e-02
7.450166129029136073e+02	3.315842397084547422e-01	2.123909539868464869e-01	1.962865195888467695e-01	1.205094580182008712e-01	5.973562504283849717e-02	2.254518641020236691e-02	5.694801724455421377e-02
7.498543831165690108e+02	3.304591376590084173e-01	2.116310149293568199e-01	1.970579836146422181e-01	1.210165300531666627e-01	5.993583061965976344e-02	2.265264699552627103e-02	5.724685612858381595e-02
7.546921533302243006e+02	3.293404585624726266e-01	2.108753670027277982e-01	1.978247675028130259e-01	1.215205654085005776e-01	6.013496520426159231e-02	2.275972670390355446e-02	5.754414961526482103e-02
7.595299235438793630e+02	3.282281635870401559e-01	2.101239877001964407e-01	1.985869011970419207e-01	1.220215831476547247e-01	6.033303513321328776e-02	2.286642588466244325e-02	5.783990335013503709e-02
7.643676937575347665e+02	3.271222142799899424e-01	2.093768545059571662e-01	1.993444144288638031e-01	1.225196021980405059e-01	6.053004666723770660e-02	2.297274490220673621e-02	5.813412301764809414e-02
7.692054639711900563e+02	3.260225725545637943e-01	2.086339449049121331e-01	2.000973367195289232e-01	1.230146413525509269e-01	6.072600599359282564e-02	2.307868413564470589e-02	5.842681433915063172e-02
7.740432341848452324e+02	3.249292006776816066e-01	2.078952363916856949e-01	2.008456973818351643e-01	1.235067192710370132e-01	6.092091922835354140e-02	2.318424397842848775e-02	5.871798307092242902e-02
7.788810043985006359e+02	3.238420612584384517e-01	2.071607064789541541e-01	2.015895255219309623e-01	1.239958544817410802e-01	6.111479241859821970e-02	2.328942483800355498e-02	5.900763500227754199e-02
7.837187746121558121e+02	3.227611172373280879e-01	2.064303327051396075e-01	2.023288500410902191e-01	1.244820653826892859e-01	6.130763154450427632e-02	2.339422713546803270e-02	5.929577595372440696e-02
7.885565448258112156e+02	3.216863318761434276e-01	2.057040926415124316e-01	2.030636996374605152e-01	1.249653702430459229e-01	6.149944252135691042e-02	2.349865130524149762e-02	5.958241177518320414e-02
7.933943150394665054e+02	3.206176687485067789e-01	2.049819638987439296e-01	2.037941028077854544e-01	1.254457872044314748e-01	6.169023120147484884e-02	2.360269779474295088e-02	5.986754834425851712e-02
7.982320852531219089e+02	3.195550917309861183e-01	2.042639241329483879e-01	2.045200878491027219e-01	1.259233342822065060e-01	6.188000337605675805e-02	2.370636706407767968e-02	6.015119156456574800e-02
8.030698554667769713e+02	3.184985649947575936e-01	2.035499510512503996e-01	2.052416828604183285e-01	1.263980293667234800e-01	6.206876477695196653e-02	2.380965958573270577e-02	6.043334736410944236e-02
8.079076256804323748e+02	3.174480529977757870e-01	2.028400224169106814e-01	2.059589157443584839e-01	1.268698902245477544e-01	6.225652107835866894e-02	2.391257584428058136e-02	6.071402169371200447e-02
8.127453958940876646e+02	3.164035204774171550e-01	2.021341160540421900e-01	2.066718142087992371e-01	1.273389344996500028e-01	6.244327789845297016e-02	2.401511633609119956e-02	6.099322052549122075e-02
8.175831661077428407e+02	3.153649324435640611e-01	2.014322098519449600e-01	2.073804057684755786e-01	1.278051797145712265e-01	6.262904080095166304e-02	2.411728156905142140e-02	6.127094985138508559e-02
8.224209363213982442e+02	3.143322541720987018e-01	2.007342817690870862e-01	2.080847177465700859e-01	1.282686432715617608e-01	6.281381529661178575e-02	2.421907206229221080e-02	6.154721568172241003e-02
8.272587065350534203e+02	3.133054511987791724e-01	2.000403098367567467e-01	2.087847772762818910e-01	1.287293424536957442e-01	6.299760684466951255e-02	2.432048834592307265e-02	6.182202404383788791e-02
8.320964767487085965e+02	3.122844893134712474e-01	1.993502721624084706e-01	2.094806113023770511e-01	1.291872944259623290e-01	6.318042085422118093e-02	2.442153096077355826e-02	6.209538098073020401e-02
8.369342469623640000e+02	3.112693345547110635e-01	1.986641469327257714e-01	2.101722465827202957e-01	1.296425162363345485e-01	6.336226268554892571e-02	2.452220045814155688e-02	6.236729254976187964e-02
8.417720171760191761e+02	3.102599532045769437e-01	1.979819124164197142e-01	2.108597096897891765e-01	1.300950248168172840e-01	6.354313765139323056e-02	2.462249739954821062e-02	6.263776482139953028e-02
8.466097873896745796e+02	3.092563117838479370e-01	1.973035469667828168e-01	2.115430270121711476e-01	1.305448369844748879e-01	6.372305101817470063e-02	2.472242235649921988e-02	6.290680387799338358e-02
8.514475576033297557e+02	3.082583770474308649e-01	1.966290290240153560e-01	2.122222247560434649e-01	1.309919694424399039e-01	6.390200800716730467e-02	2.482197591025230368e-02	6.317441581259482242e-02
8.562853278169851592e+02	3.072661159800365582e-01	1.959583371173402311e-01	2.128973289466374041e-01	1.314364387809033308e-01	6.408001379562508482e-02	2.492115865159065524e-02	6.344060672781072496e-02
8.611230980306403353e+02	3.062794957920881855e-01	1.952914498669219012e-01	2.135683654296861023e-01	1.318782614780875662e-01	6.425707351786434651e-02	2.501997118060219141e-02	6.370538273469367185e-02
8.659608682442956251e+02	3.052984839158469077e-01	1.946283459856029407e-01	2.142353598728573838e-01	1.323174539012025308e-01	6.443319226630317420e-02	2.511841410646435679e-02	6.396874995166669520e-02
8.707986384579510286e+02	3.043230480017389827e-01	1.939690042804717018e-01	2.148983377671711548e-01	1.327540323073859996e-01	6.460837509246011856e-02	2.521648804723438178e-02	6.423071450348168121e-02
8.756364086716062047e+02	3.033531559148714973e-01	1.933134036542727419e-01	2.155573244284023915e-01	1.331880128446283895e-01	6.478262700791383166e-02	2.531419362964475867e-02	6.449128252021044116e-02
8.804741788852616082e+02	3.023887757317231251e-01	1.926615231066718392e-01	2.162123449984695300e-01	1.336194115526833093e-01	6.495595298522512107e-02	2.541153148890378660e-02	6.475046013626731267e-02
8.853119490989170117e+02	3.014298757369991422e-01	1.920133417353855620e-01	2.168634244468090055e-01	1.340482443639635923e-01	6.512835795882318535e-02	2.550850226850103972e-02	6.500825348946251414e-02
8.901497193125721878e+02	3.004764244206383772e-01	1.913688387371856037e-01	2.175105875717357196e-01	1.344745271044240353e-01	6.529984682585752986e-02	2.560510662001756060e-02	6.526466872008519771e-02
8.949874895262273640e+02	2.995283904749632131e-01	1.907279934087865725e-01	2.181538590017902957e-01	1.348982754944312301e-01	6.547042444701670072e-02	2.570134520294064390e-02	6.551971197001536795e-02
8.998252597398827675e+02	2.985857427919615947e-01	1.900907851476260346e-01	2.187932631970730124e-01	1.353195051496206835e-01	6.564009564731572433e-02	2.579721868448310584e-02	6.577338938186388928e-02
9.046630299535379436e+02	2.976484504606938253e-01	1.894571934525441925e-01	2.194288244505646357e-01	1.357382315817420304e-01	6.580886521685307133e-02	2.589272773940681088e-02	6.602570709813949945e-02
9.095008001671932334e+02	2.967164827648143821e-01	1.888271979243709986e-01	2.200605668894346778e-01	1.361544701994925333e-01	6.597673791153868539e-02	2.598787304985039279e-02	6.627667126044238521e-02
9.143385703808486369e+02	2.957898091802021456e-01	1.882007782664271434e-01	2.206885144763369166e-01	1.365682363093394525e-01	6.614371845379427017e-02	2.608265530516100036e-02	6.652628800868319592e-02
9.191763405945038130e+02	2.948683993726908814e-01	1.875779142849453296e-01	2.213126910106927858e-01	1.369795451163314526e-01	6.630981153322679233e-02	2.617707520172995669e-02	6.677456348032692612e-02
9.240141108081592165e+02	2.939522231958946463e-01	1.869585858894176333e-01	2.219331201299625800e-01	1.373884117248996561e-01	6.647502180727653254e-02	2.627113344283218618e-02	6.702150380966091781e-02
9.288518810218145063e+02	2.930412506891205138e-01	1.863427730928746140e-01	2.225498253109045588e-01	1.377948511396484277e-01	6.663935390184061447e-02	2.636483073846931230e-02	6.726711512708619112e-02
9.336896512354697961e+02	2.921354520753636219e-01	1.857304560121007253e-01	2.231628298708226432e-01	1.381988782661363602e-01	6.680281241187303876e-02	2.645816780521630801e-02	6.751140355843153473e-02
9.385274214491247449e+02	2.912347977593794934e-01	1.851216148677915507e-01	2.237721569688021217e-01	1.386005079116477967e-01	6.696540190196216547e-02	2.655114536607156364e-02	6.775437522428952308e-02
9.433651916627801484e+02	2.903392583258275761e-01	1.845162299846563048e-01	2.243778296069343370e-01	1.389997547859549709e-01	6.712712690688663053e-02	2.664376415031031661e-02	6.799603623937408581e-02
9.482029618764355519e+02	2.894488045374823404e-01	1.839142817914704853e-01	2.249798706315297714e-01	1.393966335020711544e-01	6.728799193215058427e-02	2.673602489334124532e-02	6.823639271189863020e-02
9.530407320900908417e+02	2.885634073335072713e-01	1.833157508210818687e-01	2.255783027343202518e-01	1.397911585769951726e-01	6.744800145449893203e-02	2.682792833656626186e-02	6.847545074297446688e-02
9.578785023037459041e+02	2.876830378277875355e-01	1.827206177103736784e-01	2.261731484536501080e-01	1.401833444324472322e-01	6.760715992241368710e-02	2.691947522724326761e-02	6.871321642602871982e-02
9.627162725174014213e+02	2.868076673073177707e-01	1.821288632001882568e-01	2.267644301756564507e-01	1.405732053955966732e-01	6.776547175659192179e-02	2.701066631835188567e-02	6.894969584624130454e-02
9.675540427310568248e+02	2.859372672306415564e-01	1.815404681352137672e-01	2.273521701354389857e-01	1.409607556997814204e-01	6.792294135040627401e-02	2.710150236846201044e-02	6.918489508000026655e-02
9.723918129447120009e+02	2.850718092263392345e-01	1.809554134638375333e-01	2.279363904182190037e-01	1.413460094852196924e-01	6.807957307034856465e-02	2.719198414160513971e-02	6.941882019437504991e-02
9.772295831583674044e+02	2.842112650915612493e-01	1.803736802379679871e-01	2.285171129604880724e-01	1.417289807997139939e-01	6.823537125645735835e-02	2.728211240714834354e-02	6.965147724660722406e-02
9.820673533720223531e+02	2.833556067906036202e-01	1.797952496128277788e-01	2.290943595511464592e-01	1.421096835993475027e-01	6.839034022273000890e-02	2.737188793967086989e-02	6.988287228361803050e-02
9.869051235856777566e+02	2.825048064535235492e-01	1.792201028467207968e-01	2.296681518326311733e-01	1.424881317491732968e-01	6.854448425751986929e-02	2.746131151884323440e-02	7.011301134153234693e-02
9.917428937993331601e+02	2.816588363747927204e-01	1.786482213007744291e-01	2.302385113020343488e-01	1.428643390238962252e-01	6.869780762391926310e-02	2.755038392930875268e-02	7.034190044521855534e-02
9.965806640129884499e+02	2.808176690119854602e-01	1.780795864386596761e-01	2.308054593122110532e-01	1.432383191085478402e-01	6.885031456012884188e-02	2.763910596056745606e-02	7.056954560784396702e-02
1.001418434226643626e+03	2.799812769845002047e-01	1.775141798262906134e-01	2.313690170728778250e-01	1.436100855991544467e-01	6.900200927981370302e-02	2.772747840686229023e-02	7.079595283044516629e-02
1.006256204440298802e+03	2.791496330723120534e-01	1.769519831315049252e-01	2.319292056517011369e-01	1.439796520033983784e-01	6.915289597244711484e-02	2.781550206706754486e-02	7.102112810151305078e-02
1.011093974653954206e+03	2.783227102147546317e-01	1.763929781237272010e-01	2.324860459753762820e-01	1.443470317412726689e-01	6.930297880364204299e-02	2.790317774457945141e-02	7.124507739659197147e-02
1.015931744867609382e+03	2.775004815093292110e-01	1.758371466736161071e-01	2.330395588306967969e-01	1.447122381457293383e-01	6.945226191547114458e-02	2.799050624720888364e-02	7.146780667789270902e-02
1.020769515081264785e+03	2.766829202105407504e-01	1.752844707526974022e-01	2.335897648656142800e-01	1.450752844633211580e-01	6.960074942677568766e-02	2.807748838707609454e-02	7.168932189391878651e-02
1.025607285294920075e+03	2.758699997287573091e-01	1.747349324329834364e-01	2.341366845902890792e-01	1.454361838548373642e-01	6.974844543346375714e-02	2.816412498050743438e-02	7.190962897910579965e-02
1.030445055508575479e+03	2.750616936290933290e-01	1.741885138865806038e-01	2.346803383781315699e-01	1.457949493959329879e-01	6.989535400879828830e-02	2.825041684793400468e-02	7.212873385347338961e-02
1.035282825722230655e+03	2.742579756303146210e-01	1.736451973852857766e-01	2.352207464668341907e-01	1.461515940777525779e-01	7.004147920367528868e-02	2.833636481379217184e-02	7.234664242228949771e-02
1.040120595935886058e+03	2.734588196037640029e-01	1.731049653001727751e-01	2.357579289593947636e-01	1.465061308075475133e-01	7.018682504689262303e-02	2.842196970642590914e-02	7.256336057574654108e-02
1.044958366149541234e+03	2.726641995723063094e-01	1.725678001011697049e-01	2.362919058251305160e-01	1.468585724092878186e-01	7.033139554540977778e-02	2.850723235799090469e-02	7.277889418864909310e-02
1.049796136363196410e+03	2.718740897092921660e-01	1.720336843566281082e-01	2.368226969006833049e-01	1.472089316242682355e-01	7.047519468459899350e-02	2.859215360436037981e-02	7.299324912011298516e-02
1.054633906576851814e+03	2.710884643375391923e-01	1.715026007328847024e-01	2.373503218910159585e-01	1.475572211117085197e-01	7.061822642848802900e-02	2.867673428503260055e-02	7.320643121327519154e-02
1.059471676790506763e+03	2.703072979283297483e-01	1.709745319938164032e-01	2.378748003704001801e-01	1.479034534493482711e-01	7.076049471999502904e-02	2.876097524303999897e-02	7.341844629501446950e-02
1.064309447004162394e+03	2.695305651004247238e-01	1.704494610003895738e-01	2.383961517833955990e-01	1.482476411340363787e-01	7.090200348115566209e-02	2.884487732485988346e-02	7.362930017568228291e-02
1.069147217217817570e+03	2.687582406190918705e-01	1.699273707102036679e-01	2.389143954458202435e-01	1.485897965823149702e-01	7.104275661334295833e-02	2.892844138032668599e-02	7.383899864884370390e-02
1.073984987431472746e+03	2.679902993951489565e-01	1.694082441770302649e-01	2.394295505457126327e-01	1.489299321309981439e-01	7.118275799748013943e-02	2.901166826254572215e-02	7.404754749102825107e-02
1.078822757645127922e+03	2.672267164840202436e-01	1.688920645503479423e-01	2.399416361442855139e-01	1.492680600377453981e-01	7.132201149424662046e-02	2.909455882780840122e-02	7.425495246148998418e-02
1.083660527858783553e+03	2.664674670848056204e-01	1.683788150748736778e-01	2.404506711768713556e-01	1.496041924816299551e-01	7.146052094427755852e-02	2.917711393550885199e-02	7.446121930197704963e-02
1.088498298072438729e+03	2.657125265393626146e-01	1.678684790900906165e-01	2.409566744538594041e-01	1.499383415637021710e-01	7.159829016835722593e-02	2.925933444806196396e-02	7.466635373651005214e-02
1.093336068286093905e+03	2.649618703314000623e-01	1.673610400297733947e-01	2.414596646616247733e-01	1.502705193075475898e-01	7.173532296760637417e-02	2.934122123082274353e-02	7.487036147116911400e-02
1.098173838499749309e+03	2.642154740855827688e-01	1.668564814215110492e-01	2.419596603634494025e-01	1.506007376598403336e-01	7.187162312366388028e-02	2.942277515200700938e-02	7.507324819388952464e-02
1.103011608713404712e+03	2.634733135666472714e-01	1.663547868862280399e-01	2.424566800004351041e-01	1.509290084908916918e-01	7.200719439886292539e-02	2.950399708261336809e-02	7.527501957426553647e-02
