1.402953361960032225e+03	2.241896793463525606e-01	1.417860758813283550e-01	2.675922849922888203e-01	1.692048948868134228e-01	8.075852450889148271e-02	3.239037852692484148e-02	8.407816185679933829e-02
1.407791132173687402e+03	2.236432499903270310e-01	1.414170960519579023e-01	2.682458273537978166e-01	1.692943586174981974e-01	8.046804632044562977e-02	3.247893003147090535e-02	8.445249163390131097e-02
1.412628902387342805e+03	2.231004747179056169e-01	1.410500372066438579e-01	2.688363805644166105e-01	1.693940951228227187e-01	8.024670550024667892e-02	3.256673139469586781e-02	8.480557549266741491e-02
1.417466672600997981e+03	2.225612475134806367e-01	1.406849084533579042e-01	2.693749076050042657e-01	1.695038301176038376e-01	8.008195010486961196e-02	3.265391371358963846e-02	8.513924249149278090e-02
1.422304442814653157e+03	2.220254789249980210e-01	1.403217182309918765e-01	2.698704029737909460e-01	1.696231494039471266e-01	7.996350279512738635e-02	3.274057373048971931e-02	8.545517394005361367e-02
1.427142213028308333e+03	2.214930930176518264e-01	1.399604741032159094e-01	2.703302485165223201e-01	1.697515436252324816e-01	7.988294760357703139e-02	3.282678123566622197e-02	8.575491189753291221e-02
1.431979983241963964e+03	2.209640248871368728e-01	1.396011826242714582e-01	2.707605046991504727e-01	1.698884429331297685e-01	7.983339188433950795e-02	3.291258500545857918e-02	8.603986796591199526e-02
1.436817753455619140e+03	2.204382186300341828e-01	1.392438492601369981e-01	2.711661490596659063e-01	1.700332435993874847e-01	7.980918975581646757e-02	3.299801755442836881e-02	8.631133213992921160e-02
1.441655523669274316e+03	2.199156256876146631e-01	1.388884783518669896e-01	2.715512714395182936e-01	1.701853282144773494e-01	7.980571584059494017e-02	3.308309892808251190e-02	8.657048153724396233e-02
1.446493293882929493e+03	2.193962034946450590e-01	1.385350731106231026e-01	2.719192338479608506e-01	1.703440807984730465e-01	7.981918014616790069e-02	3.316783972038789274e-02	8.681838888114082331e-02
1.451331064096585123e+03	2.188799143772850453e-01	1.381836356361062501e-01	2.722728013837066308e-01	1.705088978923052223e-01	7.984647659786364704e-02	3.325224346578535550e-02	8.705603064634648280e-02
1.456168834310240300e+03	2.183667246543871676e-01	1.378341669518607926e-01	2.726142494695348861e-01	1.706791964887509339e-01	7.988505909928156346e-02	3.333630852728192151e-02	8.728429480830139642e-02
1.461006604523895703e+03	2.178566039048667746e-01	1.374866670523398060e-01	2.729454516995404312e-01	1.708544194931978233e-01	7.993284011094849151e-02	3.342002957928251472e-02	8.750398815922286189e-02
1.465844374737550879e+03	2.173495243706407565e-01	1.371411349577548178e-01	2.732679518168074084e-01	1.710340392670360310e-01	7.998810765011565849e-02	3.350339876515745496e-02	8.771584317188665936e-02
1.470682144951206283e+03	2.168454604702149680e-01	1.367975687736427692e-01	2.735830226997134629e-01	1.712175596954906009e-01	8.004945736064351947e-02	3.358640659434782710e-02	8.792052440534565971e-02
1.475519915164861459e+03	2.163443884025644803e-01	1.364559657528063852e-01	2.738917147119088180e-01	1.714045171319349969e-01	8.011573691204634806e-02	3.366904263144679388e-02	8.811863445669096406e-02
1.480357685378516862e+03	2.158462858246791016e-01	1.361163223578605586e-01	2.741948953430598523e-01	1.715944804982410254e-01	8.018600048575739991e-02	3.375129601964028253e-02	8.831071947016065626e-02
1.485195455592172038e+03	2.153511315891943889e-01	1.357786343230726889e-01	2.744932817173654227e-01	1.717870507622808740e-01	8.025947151477397234e-02	3.383315587271795016e-02	8.849727421999349641e-02
1.490033225805827215e+03	2.148589055310194118e-01	1.354428967145451523e-01	2.747874672604646018e-01	1.719818599666571302e-01	8.033551217661270838e-02	3.391461156322714277e-02	8.867874678687258372e-02
1.494870996019482618e+03	2.143695882939063158e-01	1.351091039880690237e-01	2.750779435810540852e-01	1.721785699449462359e-01	8.041359841248947593e-02	3.399565292895489338e-02	8.885554284997872199e-02
1.499708766233137567e+03	2.138831611895701534e-01	1.347772500441987709e-01	2.753651184318504086e-01	1.723768708314446507e-01	8.049329946890976251e-02	3.407627041555302133e-02	8.902802961787192881e-02
1.504546536446793198e+03	2.133996060833262820e-01	1.344473282802666758e-01	2.756493304576962400e-01	1.725764794461792928e-01	8.057426114047130938e-02	3.415645516958119160e-02	8.919653942187763529e-02
1.509384306660448374e+03	2.129189053013211264e-01	1.341193316391863510e-01	2.759308613102851027e-01	1.727771376176226725e-01	8.065619204204713122e-02	3.423619909337689837e-02	8.936137299555931002e-02
1.514222076874103550e+03	2.124410415553395770e-01	1.337932526549933110e-01	2.762099456039753820e-01	1.729786104901978594e-01	8.073885236068960303e-02	3.431549487084407241e-02	8.952280246335886371e-02
1.519059847087758726e+03	2.119659978819119217e-01	1.334690834951434146e-01	2.764867791012370901e-01	1.731806848514975683e-01	8.082204463753028811e-02	3.439433597138123744e-02	8.968107406069716903e-02
1.523897617301414357e+03	2.114937575930487812e-01	1.331468159996442302e-01	2.767615254459532825e-01	1.733831675045576226e-01	8.090560621169400057e-02	3.447271663766163924e-02	8.983641060683909829e-02
1.528735387515069533e+03	2.110243042364243482e-01	1.328264417171323153e-01	2.770343217052450568e-01	1.735858837030079815e-01	8.098940302511341283e-02	3.455063186176335344e-02	8.998901375071215181e-02
1.533573157728724709e+03	2.105576215632335990e-01	1.325079519380352455e-01	2.773052829333784164e-01	1.737886756610703687e-01	8.107332454183097115e-02	3.462807735317169344e-02	9.013906600867828411e-02
1.538410927942380113e+03	2.100936935022759688e-01	1.321913377249737398e-01	2.775745059327511810e-01	1.739914011458430221e-01	8.115727958012404486e-02	3.470504950139418482e-02	9.028673261203648548e-02
1.543248698156035516e+03	2.096325041390877109e-01	1.318765899405690278e-01	2.778420723553853833e-01	1.741939321558457487e-01	8.124119289239764563e-02	3.478154533530263687e-02	9.043216318081044591e-02
1.548086468369690692e+03	2.091740376991640393e-01	1.315636992728242693e-01	2.781080512625034307e-01	1.743961536871749263e-01	8.132500235774130226e-02	3.485756248081787328e-02	9.057549323917275796e-02
1.552924238583346096e+03	2.087182785344903757e-01	1.312526562582481404e-01	2.783725012385978581e-01	1.745979625866622698e-01	8.140865667655147742e-02	3.493309911815621616e-02	9.071684558669217135e-02
1.557762008797001272e+03	2.082652111127483718e-01	1.309434513028864266e-01	2.786354721390705280e-01	1.747992664900037685e-01	8.149211347667258132e-02	3.500815393954241628e-02	9.085633153847436083e-02
1.562599779010656675e+03	2.078148200086805675e-01	1.306360747014209400e-01	2.788970065363172712e-01	1.749999828418103698e-01	8.157533775691629130e-02	3.508272610804641367e-02	9.099405204620659993e-02
1.567437549224311852e+03	2.073670898971949339e-01	1.303305166544893312e-01	2.791571409175004348e-01	1.752000379938434271e-01	8.165830060724584005e-02	3.515681521800678028e-02	9.113009871111769911e-02
1.572275319437967255e+03	2.069220055478694364e-01	1.300267672843704314e-01	2.794159066777215927e-01	1.753993663772565326e-01	8.174097815589952132e-02	3.523042125735251218e-02	9.126455469892832961e-02
1.577113089651622431e+03	2.064795518205806424e-01	1.297248166491721533e-01	2.796733309444931481e-01	1.755979097444196613e-01	8.182335070272074573e-02	3.530354457201771712e-02	9.139749556599426061e-02
1.581950859865277607e+03	2.060397136620328307e-01	1.294246547556498206e-01	2.799294372630055650e-01	1.757956164757983331e-01	8.190540200532324400e-02	3.537618583255393995e-02	9.152899000503461613e-02
1.586788630078933011e+03	2.056024761030070258e-01	1.291262715707739428e-01	2.801842461664355577e-01	1.759924409473710427e-01	8.198711869074543079e-02	3.544834600297715188e-02	9.165910051808819070e-02
1.591626400292587959e+03	2.051678242561838506e-01	1.288296570321587065e-01	2.804377756512352327e-01	1.761883429541540869e-01	8.206848977018098290e-02	3.552002631183559522e-02	9.178788402364984611e-02
1.596464170506243590e+03	2.047357433144216809e-01	1.285348010574527133e-01	2.806900415738091681e-01	1.763832871855510742e-01	8.214950623841207888e-02	3.559122822544776715e-02	9.191539240430379731e-02
1.601301940719898766e+03	2.043062185493954297e-01	1.282416935527866397e-01	2.809410579820876830e-01	1.765772427484282037e-01	8.223016074287901878e-02	3.566195342323350004e-02	9.204167300058781198e-02
1.606139710933553943e+03	2.038792353105189914e-01	1.279503244203644696e-01	2.811908373931251703e-01	1.767701827340287801e-01	8.231044731002878923e-02	3.573220377504306849e-02	9.216676905628898298e-02
1.610977481147209119e+03	2.034547790240901766e-01	1.276606835652777105e-01	2.814393910258975451e-01	1.769620838250666461e-01	8.239036111880408686e-02	3.580198132037785974e-02	9.229072011988420643e-02
1.615815251360864750e+03	2.030328351926084518e-01	1.273727609016152562e-01	2.816867289968682520e-01	1.771529259395711597e-01	8.246989831295178930e-02	3.587128824938964899e-02	9.241356240639368724e-02
1.620653021574519926e+03	2.026133893942262953e-01	1.270865463579351484e-01	2.819328604845716679e-01	1.773426919082915776e-01	8.254905584531987972e-02	3.594012688554271140e-02	9.253532912351096484e-02
1.625490791788175102e+03	2.021964272823026376e-01	1.268020298821594949e-01	2.821777938683785458e-01	1.775313671826983519e-01	8.262783134853195210e-02	3.600849966982322403e-02	9.265605076550392782e-02
1.630328562001830505e+03	2.017819345850332124e-01	1.265192014459468328e-01	2.824215368457158037e-01	1.777189395708437814e-01	8.270622302742938747e-02	3.607640914638254176e-02	9.277575537804662320e-02
1.635166332215485909e+03	2.013698971051384456e-01	1.262380510485927587e-01	2.826640965312758880e-01	1.779053989985577566e-01	8.278422956949171851e-02	3.614385794950459446e-02	9.289446879683702085e-02
1.640004102429141085e+03	2.009603007195928659e-01	1.259585687205043991e-01	2.829054795411491408e-01	1.780907372936600119e-01	8.286185007011874493e-02	3.621084879179249649e-02	9.301221486258055837e-02
1.644841872642796488e+03	2.005531313793839643e-01	1.256807445262896616e-01	2.831456920643106168e-01	1.782749479910612223e-01	8.293908397020971490e-02	3.627738445347461482e-02	9.312901561466843670e-02
1.649679642856451665e+03	2.001483751092912322e-01	1.254045685674995136e-01	2.833847399234825648e-01	1.784580261568066706e-01	8.301593100392803959e-02	3.634346777273644857e-02	9.324489146565373421e-02
1.654517413070107068e+03	1.997460180076774672e-01	1.251300309850568448e-01	2.836226286270545627e-01	1.786399682292841018e-01	8.309239115491220962e-02	3.640910163699028618e-02	9.335986135842273825e-02
1.659355183283762244e+03	1.993460462462872396e-01	1.248571219614026950e-01	2.838593634134609633e-01	1.788207718759742271e-01	8.316846461949832514e-02	3.647428897500092082e-02	9.347394290777377712e-02
1.664192953497417420e+03	1.989484460700481350e-01	1.245858317223882822e-01	2.840949492891854389e-01	1.790004358642658666e-01	8.324415177577139391e-02	3.653903274979138083e-02	9.358715252794769235e-02
1.669030723711072824e+03	1.985532037968712193e-01	1.243161505389373950e-01	2.843293910613678976e-01	1.791789599449923609e-01	8.331945315746794312e-02	3.660333595225848807e-02	9.369950554750283711e-02
1.673868493924728000e+03	1.981603058174491450e-01	1.240480687285024641e-01	2.845626933658322866e-01	1.793563447474677275e-01	8.339436943192285456e-02	3.666720159543360863e-02	9.381101631279004094e-02
1.678706264138383403e+03	1.977697385950494269e-01	1.237815766563346298e-01	2.847948606912193981e-01	1.795325916849140613e-01	8.346890138139205495e-02	3.673063270932898361e-02	9.392169828115956576e-02
1.683544034352038352e+03	1.973814886653025846e-01	1.235166647365867204e-01	2.850258973998006096e-01	1.797077028692742884e-01	8.354304988719848946e-02	3.679363233631516295e-02	9.403156410492029271e-02
1.688381804565693983e+03	1.969955426359836781e-01	1.232533234332655048e-01	2.852558077454573349e-01	1.798816810344989747e-01	8.361681591624249565e-02	3.685620352697972085e-02	9.414062570697045995e-02
1.693219574779349159e+03	1.966118871867875428e-01	1.229915432610489273e-01	2.854845958892334723e-01	1.800545294674819330e-01	8.369020050949635414e-02	3.691834933642148403e-02	9.424889434892844142e-02
1.698057344993004335e+03	1.962305090690972253e-01	1.227313147859816489e-01	2.857122659128067954e-01	1.802262519458969481e-01	8.376320477216671334e-02	3.698007282093883352e-02	9.435638069250998350e-02
1.702895115206659511e+03	1.958513951057455071e-01	1.224726286260613833e-01	2.859388218301707751e-01	1.803968526822601615e-01	8.383582986526202929e-02	3.704137703507413143e-02	9.446309485482418111e-02
1.707732885420315142e+03	1.954745321907700173e-01	1.222154754517270209e-01	2.861642675977746908e-01	1.805663362736068811e-01	8.390807699834568201e-02	3.710226502897991802e-02	9.456904645819395883e-02
1.712570655633970318e+03	1.950999072891619612e-01	1.219598459862589468e-01	2.863886071233329167e-01	1.807347076562303423e-01	8.397994742329202567e-02	3.716273984607541825e-02	9.467424467504649555e-02
1.717408425847625494e+03	1.947275074366088821e-01	1.217057310061001457e-01	2.866118442734826299e-01	1.809019720649838181e-01	8.405144242889253658e-02	3.722280452096516506e-02	9.477869826836486655e-02
1.722246196061280898e+03	1.943573197392317875e-01	1.214531213411065430e-01	2.868339828804432612e-01	1.810681349966950515e-01	8.412256333618413351e-02	3.728246207759378789e-02	9.488241562814345165e-02
1.727083966274936301e+03	1.939893313733169200e-01	1.212020078747338830e-01	2.870550267478090278e-01	1.812332021772868340e-01	8.419331149439220063e-02	3.734171552761378354e-02	9.498540480424534638e-02
1.731921736488591478e+03	1.936235295850428362e-01	1.209523815441676253e-01	2.872749796555874591e-01	1.813971795322360248e-01	8.426368827739848244e-02	3.740056786894497415e-02	9.508767353602064210e-02
1.736759506702246881e+03	1.932599016902027678e-01	1.207042333404021311e-01	2.874938453645794478e-01	1.815600731600406081e-01	8.433369508065789721e-02	3.745902208450668791e-02	9.518922927900849706e-02
1.741597276915902057e+03	1.928984350739230413e-01	1.204575543082740813e-01	2.877116276201863720e-01	1.817218893083953624e-01	8.440333331850008447e-02	3.751708114110526709e-02	9.529007922901387706e-02
1.746435047129557461e+03	1.925391171903779175e-01	1.202123355464552873e-01	2.879283301557140629e-01	1.818826343528069933e-01	8.447260442176189599e-02	3.757474798846127673e-02	9.539023034382067279e-02
1.751272817343212637e+03	1.921819355625007941e-01	1.199685682074092263e-01	2.881439566952375686e-01	1.820423147774062056e-01	8.454150983570490885e-02	3.763202555836234198e-02	9.548968936277703323e-02
1.756110587556867813e+03	1.918268777816926618e-01	1.197262434973150186e-01	2.883585109560801718e-01	1.822009371577373027e-01	8.461005101817911656e-02	3.768891676392882584e-02	9.558846282446499532e-02
1.760948357770523216e+03	1.914739315075277282e-01	1.194853526759624973e-01	2.885719966509536771e-01	1.823585081453281409e-01	8.467822943799974134e-02	3.774542449898085628e-02	9.568655708264546533e-02
1.765786127984178393e+03	1.911230844674566554e-01	1.192458870566216050e-01	2.887844174898009930e-01	1.825150344538628566e-01	8.474604657350903736e-02	3.780155163749630842e-02	9.578397832065055351e-02
1.770623898197833569e+03	1.907743244565079099e-01	1.190078380058888774e-01	2.889957771813772558e-01	1.826705228467968567e-01	8.481350391129889588e-02	3.785730103315034650e-02	9.588073256437787406e-02
1.775461668411488745e+03	1.904276393369870868e-01	1.187711969435135545e-01	2.892060794345992503e-01	1.828249801262697427e-01	8.488060294507378256e-02	3.791267551892818499e-02	9.597682569402636588e-02
1.780299438625144376e+03	1.900830170381747619e-01	1.185359553422057483e-01	2.894153279596927142e-01	1.829784131231864674e-01	8.494734517463614631e-02	3.796767790680331128e-02	9.607226345469882522e-02
1.785137208838799552e+03	1.897404455560228465e-01	1.183021047274286086e-01	2.896235264691592870e-01	1.831308286883492620e-01	8.501373210497928379e-02	3.802231098747443916e-02	9.616705146598425458e-02
1.789974979052454728e+03	1.893999129528501080e-01	1.180696366771764455e-01	2.898306786785860845e-01	1.832822336845348898e-01	8.507976524547418429e-02	3.807657753015488561e-02	9.626119523062133532e-02
1.794812749266109904e+03	1.890614073570363873e-01	1.178385428217404995e-01	2.900367883073152742e-01	1.834326349794226374e-01	8.514544610913943323e-02	3.813048028240897946e-02	9.635470014233477043e-02
1.799650519479765535e+03	1.887249169627164269e-01	1.176088148434637215e-01	2.902418590789899722e-01	1.835820394392870536e-01	8.521077621198390462e-02	3.818402197003030463e-02	9.644757149292662590e-02
1.804488289693420711e+03	1.883904300294726719e-01	1.173804444764861427e-01	2.904458947219922260e-01	1.837304539233785006e-01	8.527575707241411007e-02	3.823720529695742720e-02	9.653981447869688926e-02
1.809326059907075887e+03	1.880579348820279606e-01	1.171534235064817797e-01	2.906488989697845193e-01	1.838778852789225982e-01	8.534039021069841913e-02	3.829003294522291545e-02	9.663143420625974755e-02
1.814163830120731291e+03	1.877274199099377983e-01	1.169277437703884898e-01	2.908508755611662333e-01	1.840243403366755848e-01	8.540467714848190561e-02	3.834250757493207901e-02	9.672243569781578676e-02
1.819001600334386467e+03	1.873988735672824368e-01	1.167033971561314554e-01	2.910518282404559454e-01	1.841698259069798060e-01	8.546861940834601934e-02	3.839463182426817306e-02	9.681282389593408311e-02
1.823839370548041643e+03	1.870722843723587325e-01	1.164803756023413267e-01	2.912517607576073364e-01	1.843143487762685662e-01	8.553221851340826742e-02	3.844640830952097965e-02	9.690260366789268942e-02
1.828677140761696819e+03	1.867476409073722809e-01	1.162586710980678950e-01	2.914506768682677551e-01	1.844579157039749062e-01	8.559547598695739501e-02	3.849783962513626812e-02	9.699177980962142565e-02
1.833514910975352450e+03	1.864249318181293857e-01	1.160382756824897693e-01	2.916485803337851568e-01	1.846005334198032866e-01	8.565839335212027672e-02	3.854892834378365052e-02	9.708035704928637266e-02
1.838352681189008081e+03	1.861041458137296378e-01	1.158191814446208751e-01	2.918454749211706889e-01	1.847422086213272308e-01	8.572097213155734086e-02	3.859967701644069493e-02	9.716834005055134671e-02
1.843190451402663257e+03	1.857852716662583559e-01	1.156013805230144270e-01	2.920413644030218636e-01	1.848829479718799018e-01	8.578321384718330667e-02	3.865008817249143691e-02	9.725573341554848150e-02
1.848028221616318433e+03	1.854682982104795819e-01	1.153848651054645430e-01	2.922362525574113690e-01	1.850227580987077458e-01	8.584512001991070895e-02	3.870016431983742955e-02	9.734254168758640913e-02
1.852865991829973609e+03	1.851532143435295485e-01	1.151696274287062755e-01	2.924301431677458485e-01	1.851616455913601134e-01	8.590669216941392017e-02	3.874990794501993741e-02	9.742876935362214386e-02
1.857703762043628785e+03	1.848400090246105076e-01	1.149556597781144773e-01	2.926230400225988681e-01	1.852996170002907395e-01	8.596793181391161609e-02	3.879932151335178936e-02	9.751442084651980313e-02
1.862541532257283961e+03	1.845286712746851410e-01	1.147429544874015578e-01	2.928149469155211793e-01	1.854366788356495988e-01	8.602884046996575607e-02	3.884840746905756509e-02	9.759950054711699630e-02
1.867379302470939592e+03	1.842191901761716932e-01	1.145315039383147798e-01	2.930058676448312749e-01	1.855728375662452356e-01	8.608941965229560678e-02	3.889716823542121310e-02	9.768401278611801852e-02
1.872217072684594768e+03	1.839115548726394378e-01	1.143213005603333082e-01	2.931958060133893484e-01	1.857080996186600275e-01	8.614967087360524134e-02	3.894560621493984437e-02	9.776796184583055882e-02
1.877054842898249490e+03	1.836057545685051140e-01	1.141123368303650909e-01	2.933847658283571525e-01	1.858424713765026437e-01	8.620959564442333412e-02	3.899372378948297996e-02	9.785135196176136807e-02
1.881892613111905121e+03	1.833017785287300028e-01	1.139046052724440872e-01	2.935727509009454228e-01	1.859759591797832956e-01	8.626919547295398838e-02	3.904152332045637136e-02	9.793418732408450122e-02
1.886730383325560297e+03	1.829996160785175019e-01	1.136980984574278569e-01	2.937597650461511445e-01	1.861085693243991479e-01	8.632847186493765312e-02	3.908900714896965112e-02	9.801647207899470693e-02
1.891568153539215928e+03	1.826992566030118670e-01	1.134928090026957326e-01	2.939458120824867682e-01	1.862403080617180684e-01	8.638742632352121309e-02	3.913617759600723778e-02	9.809821032995683088e-02
1.896405923752871104e+03	1.824006895469974521e-01	1.132887295718477266e-01	2.941308958317019329e-01	1.863711815982506959e-01	8.644606034913637771e-02	3.918303696260184987e-02	9.817940613886159962e-02
1.901243693966526507e+03	1.821039044145990327e-01	1.130858528744045216e-01	2.943150201185004144e-01	1.865011960954011949e-01	8.650437543938577223e-02	3.922958753001015014e-02	9.826006352709654168e-02
1.906081464180181683e+03	1.818088907689826839e-01	1.128841716655082650e-01	2.944981887702521339e-01	1.866303576692883992e-01	8.656237308893578730e-02	3.927583155989003427e-02	9.834018647654028944e-02
1.910919234393836859e+03	1.815156382320577411e-01	1.126836787456246686e-01	2.946804056167023900e-01	1.867586723906299595e-01	8.662005478941600667e-02	3.932177129447918945e-02	9.841977893048763082e-02
1.915757004607492036e+03	1.812241364841797320e-01	1.124843669602463708e-01	2.948616744896784270e-01	1.868861462846824473e-01	8.667742202932426920e-02	3.936740895677449253e-02	9.849884479451184727e-02
1.920594774821147894e+03	1.809343752638540304e-01	1.122862291995975481e-01	2.950419992227951704e-01	1.870127853312313626e-01	8.673447629393718494e-02	3.941274675071201883e-02	9.857738793727027771e-02
1.925432545034802843e+03	1.806463443674404812e-01	1.120892583983400526e-01	2.952213836511598521e-01	1.871385954646258842e-01	8.679121906522560548e-02	3.945778686134725211e-02	9.865541219125840977e-02
1.930270315248458019e+03	1.803600336488590528e-01	1.118934475352809377e-01	2.953998316110771905e-01	1.872635825738530879e-01	8.684765182177447973e-02	3.950253145503534319e-02	9.873292135351748045e-02
1.935108085462113195e+03	1.800754330192964880e-01	1.116987896330816632e-01	2.955773469397544595e-01	1.873877525026469981e-01	8.690377603870703960e-02	3.954698267961111180e-02	9.880991918629981885e-02
1.939945855675768371e+03	1.797925324469136776e-01	1.115052777579687987e-01	2.957539334750086124e-01	1.875111110496293365e-01	8.695959318761281587e-02	3.959114266456865289e-02	9.888640941769569204e-02
1.944783625889424002e+03	1.795113219565543650e-01	1.113129050194464620e-01	2.959295950549744036e-01	1.876336639684773600e-01	8.701510473647923460e-02	3.963501352124032540e-02	9.896239574222547020e-02
1.949621396103079178e+03	1.792317916294545732e-01	1.111216645700103395e-01	2.961043355178147318e-01	1.877554169681164009e-01	8.707031214962651644e-02	3.967859734297495694e-02	9.903788182140009499e-02
1.954459166316734354e+03	1.789539316029531979e-01	1.109315496048635385e-01	2.962781587014335360e-01	1.878763757129336132e-01	8.712521688764576777e-02	3.972189620531520193e-02	9.911287128425272375e-02
1.959296936530389530e+03	1.786777320702035710e-01	1.107425533616341329e-01	2.964510684431912457e-01	1.879965458230108688e-01	8.717982040733988913e-02	3.976491216617378949e-02	9.918736772784417233e-02
1.964134706744044706e+03	1.784031832798858852e-01	1.105546691200944703e-01	2.966230685796230060e-01	1.881159328743739201e-01	8.723412416166717587e-02	3.980764726600871661e-02	9.926137471774446053e-02
1.968972476957700337e+03	1.781302755359210344e-01	1.103678902018823405e-01	2.967941629461606223e-01	1.882345423992562716e-01	8.728812959968750007e-02	3.985010352799719241e-02	9.933489578849258317e-02
1.973810247171355968e+03	1.778589991971851747e-01	1.101822099702238489e-01	2.969643553768576139e-01	1.883523798863755150e-01	8.734183816651090726e-02	3.989228295820828468e-02	9.940793444403625556e-02
1.978648017385010689e+03	1.775893446772252582e-01	1.099976218296581792e-01	2.971336497041175972e-01	1.884694507812205433e-01	8.739525130324826696e-02	3.993418754577413715e-02	9.948049415815356233e-02
1.983485787598666320e+03	1.773213024439760643e-01	1.098141192257642562e-01	2.973020497584268340e-01	1.885857604863483139e-01	8.744837044696424089e-02	3.997581926305986827e-02	9.955257837485789740e-02
1.988323557812321269e+03	1.770548630194777318e-01	1.096316956448890600e-01	2.974695593680907191e-01	1.887013143616884658e-01	8.750119703063208298e-02	4.001718006583185328e-02	9.962419050878756899e-02
1.993161328025976900e+03	1.767900169795947884e-01	1.094503446138779396e-01	2.976361823589736555e-01	1.888161177248548206e-01	8.755373248309041012e-02	4.005827189342459765e-02	9.969533394558136030e-02
1.997999098239632076e+03	1.765267549537359870e-01	1.092700596998067153e-01	2.978019225542432591e-01	1.889301758514627949e-01	8.760597822900165199e-02	4.009909666890595220e-02	9.976601204224119779e-02
2.002836868453287707e+03	1.762650676245753056e-01	1.090908345097156285e-01	2.979667837741192260e-01	1.890434939754513377e-01	8.765793568881229125e-02	4.013965629924077377e-02	9.983622812748295383e-02
2.007674638666942428e+03	1.760049457277741702e-01	1.089126626903451495e-01	2.981307698356254754e-01	1.891560772894088638e-01	8.770960627871465798e-02	4.017995267545301785e-02	9.990598550207616113e-02
2.012512408880597604e+03	1.757463800517043706e-01	1.087355379278735629e-01	2.982938845523472327e-01	1.892679309449023517e-01	8.776099141061020903e-02	4.021998767278608250e-02	9.997528743917369343e-02
2.017350179094252780e+03	1.754893614371723920e-01	1.085594539476565507e-01	2.984561317341916098e-01	1.893790600528088841e-01	8.781209249207438949e-02	4.025976315086160495e-02	1.000441371846319816e-01
2.022187949307908411e+03	1.752338807771448015e-01	1.083844045139683993e-01	2.986175151871535149e-01	1.894894696836487979e-01	8.786291092632277089e-02	4.029928095383653736e-02	1.001125379573225699e-01
2.027025719521564042e+03	1.749799290164744670e-01	1.082103834297452050e-01	2.987780387130848370e-01	1.895991648679203334e-01	8.791344811217853550e-02	4.033854291055858493e-02	1.001804929494354568e-01
2.031863489735218764e+03	1.747274971516282471e-01	1.080373845363297863e-01	2.989377061094682930e-01	1.897081505964348103e-01	8.796370544404136238e-02	4.037755083471994411e-02	1.002480053267750110e-01
2.036701259948874394e+03	1.744765762304153478e-01	1.078654017132184839e-01	2.990965211691956616e-01	1.898164318206523316e-01	8.801368431185736807e-02	4.041630652500938226e-02	1.003150782290487542e-01
2.041539030162529116e+03	1.742271573517172045e-01	1.076944288778097364e-01	2.992544876803505116e-01	1.899240134530171820e-01	8.806338610109037957e-02	4.045481176526264516e-02	1.003817147701496770e-01
2.046376800376184747e+03	1.739792316652180593e-01	1.075244599851544330e-01	2.994116094259942074e-01	1.900309003672928931e-01	8.811281219269428977e-02	4.049306832461120609e-02	1.004479180384321851e-01
2.051214570589840150e+03	1.737327903711368970e-01	1.073554890277080842e-01	2.995678901839574082e-01	1.901370973988966429e-01	8.816196396308646765e-02	4.053107795762933563e-02	1.005136910969824104e-01
2.056052340803495554e+03	1.734878247199604095e-01	1.071875100350847404e-01	2.997233337266347886e-01	1.902426093452324884e-01	8.821084278412233415e-02	4.056884240447950624e-02	1.005790369838830134e-01
2.060890111017150957e+03	1.732443260121769579e-01	1.070205170738127293e-01	2.998779438207843651e-01	1.903474409660233513e-01	8.825945002307088172e-02	4.060636339105617304e-02	1.006439587124727808e-01
2.065727881230805451e+03	1.730022855980118679e-01	1.068545042470920303e-01	3.000317242273310980e-01	1.904515969836416689e-01	8.830778704259120704e-02	4.064364262912790321e-02	1.007084592716014776e-01
2.070565651444461309e+03	1.727616948771634742e-01	1.066894656945535508e-01	3.001846787011741013e-01	1.905550820834381875e-01	8.835585520071000121e-02	4.068068181647789550e-02	1.007725416258799522e-01
2.075403421658116713e+03	1.725225452985406360e-01	1.065253955920200113e-01	3.003368109909985706e-01	1.906579009140690895e-01	8.840365585080006694e-02	4.071748263704284831e-02	1.008362087159258985e-01
2.080241191871772116e+03	1.722848283600010577e-01	1.063622881512686080e-01	3.004881248390909310e-01	1.907600580878210383e-01	8.845119034155955740e-02	4.075404676105028740e-02	1.008994634586055511e-01
2.085078962085427065e+03	1.720485356080909412e-01	1.062001376197953401e-01	3.006386239811588146e-01	1.908615581809340600e-01	8.849846001699231135e-02	4.079037584515425585e-02	1.009623087472712732e-01
2.089916732299082469e+03	1.718136586377854991e-01	1.060389382805810715e-01	3.007883121461544240e-01	1.909624057339223968e-01	8.854546621638884063e-02	4.082647153256941525e-02	1.010247474519953420e-01
2.094754502512737417e+03	1.715801890922308282e-01	1.058786844518593007e-01	3.009371930561017816e-01	1.910626052518927809e-01	8.859221027430833062e-02	4.086233545320368948e-02	1.010867824198002779e-01
2.099592272726392821e+03	1.713481186624866703e-01	1.057193704868855250e-01	3.010852704259281976e-01	1.911621612048605978e-01	8.863869352056129303e-02	4.089796922378925031e-02	1.011484164748854830e-01
2.104430042940048224e+03	1.711174390872703954e-01	1.055609907737083131e-01	3.012325479632991243e-01	1.912610780280633305e-01	8.868491728019317621e-02	4.093337444801204567e-02	1.012096524188506180e-01
2.109267813153704083e+03	1.708881421527019551e-01	1.054035397349420561e-01	3.013790293684570631e-01	1.913593601222717266e-01	8.873088287346858616e-02	4.096855271663979448e-02	1.012704930309157730e-01
2.114105583367359031e+03	1.706602196920501968e-01	1.052470118275412453e-01	3.015247183340641346e-01	1.914570118540979971e-01	8.877659161585632619e-02	4.100350560764850355e-02	1.013309410681384748e-01
2.118943353581013525e+03	1.704336635854799831e-01	1.050914015425765402e-01	3.016696185450479795e-01	1.915540375563019038e-01	8.882204481801525553e-02	4.103823468634747867e-02	1.013909992656277653e-01
2.123781123794669384e+03	1.702084657598005035e-01	1.049367034050122383e-01	3.018137336784516012e-01	1.916504415280936846e-01	8.886724378578068906e-02	4.107274150550292019e-02	1.014506703367552554e-01
2.128618894008324787e+03	1.699846181882148088e-01	1.047829119734855485e-01	3.019570674032865942e-01	1.917462280354347293e-01	8.891218982015167138e-02	4.110702760546004059e-02	1.015099569733635271e-01
2.133456664221980191e+03	1.697621128900703158e-01	1.046300218400872950e-01	3.020996233803899811e-01	1.918414013113352024e-01	8.895688421727877826e-02	4.114109451426375963e-02	1.015688618459716364e-01
2.138294434435635139e+03	1.695409419306103949e-01	1.044780276301442851e-01	3.022414052622843239e-01	1.919359655561492239e-01	8.900132826845269518e-02	4.117494374777800475e-02	1.016273876039780616e-01
2.143132204649290543e+03	1.693210974207270958e-01	1.043269240020031768e-01	3.023824166930415003e-01	1.920299249378670248e-01	8.904552326009343433e-02	4.120857680980363064e-02	1.016855368758611128e-01
2.147969974862945492e+03	1.691025715167150945e-01	1.041767056468159702e-01	3.025226613081494764e-01	1.921232835924047144e-01	8.908947047374016215e-02	4.124199519219492321e-02	1.017433122693766484e-01
2.152807745076601350e+03	1.688853564200264723e-01	1.040273672883269551e-01	3.026621427343825776e-01	1.922160456238909687e-01	8.913317118604163758e-02	4.127520037497477839e-02	1.018007163717535718e-01
2.157645515290255844e+03	1.686694443770267449e-01	1.038789036826612000e-01	3.028008645896750894e-01	1.923082151049513022e-01	8.917662666874728861e-02	4.130819382644855542e-02	1.018577517498867602e-01
2.162483285503912157e+03	1.684548276787520560e-01	1.037313096181145533e-01	3.029388304829978562e-01	1.923997960769892601e-01	8.921983818869891336e-02	4.134097700331653552e-02	1.019144209505277177e-01
2.167321055717567106e+03	1.682414986606672325e-01	1.035845799149452684e-01	3.030760440142381551e-01	1.924907925504651951e-01	8.926280700782286692e-02	4.137355135078517321e-02	1.019707265004730079e-01
2.172158825931222509e+03	1.680294497024250877e-01	1.034387094251668915e-01	3.032125087740825675e-01	1.925812085051721301e-01	8.930553438312296977e-02	4.140591830267698753e-02	1.020266709067503136e-01
2.176996596144877003e+03	1.678186732276268633e-01	1.032936930323427455e-01	3.033482283439029592e-01	1.926710478905089285e-01	8.934802156667381867e-02	4.143807928153917658e-02	1.020822566568024559e-01
2.181834366358532861e+03	1.676091617035836423e-01	1.031495256513819264e-01	3.034832062956455689e-01	1.927603146257509115e-01	8.939026980561479152e-02	4.147003569875101769e-02	1.021374862186691518e-01
2.186672136572187810e+03	1.674009076410787888e-01	1.030062022283366602e-01	3.036174461917227063e-01	1.928490126003176153e-01	8.943228034214449618e-02	4.150178895463001172e-02	1.021923620411667316e-01
2.191509906785843214e+03	1.671939035941316931e-01	1.028637177402011438e-01	3.037509515849078912e-01	1.929371456740379964e-01	8.947405441351570510e-02	4.153334043853677826e-02	1.022468865540657884e-01
2.196347676999498617e+03	1.669881421597624316e-01	1.027220671947118025e-01	3.038837260182332689e-01	1.930247176774129991e-01	8.951559325203098383e-02	4.156469152897875746e-02	1.023010621682667737e-01
2.201185447213154021e+03	1.667836159777574268e-01	1.025812456301489761e-01	3.040157730248901902e-01	1.931117324118754031e-01	8.955689808503865257e-02	4.159584359371273909e-02	1.023548912759736085e-01
2.206023217426809424e+03	1.665803177304364113e-01	1.024412481151399934e-01	3.041470961281326213e-01	1.931981936500471730e-01	8.959797013492926121e-02	4.162679798984617041e-02	1.024083762508653933e-01
2.210860987640464373e+03	1.663782401424203916e-01	1.023020697484636338e-01	3.042776988411828309e-01	1.932841051359940887e-01	8.963881061913268888e-02	4.165755606393734684e-02	1.024615194482660641e-01
2.215698757854119776e+03	1.661773759804004158e-01	1.021637056588560605e-01	3.044075846671403518e-01	1.933694705854779594e-01	8.967942075011553493e-02	4.168811915209440916e-02	1.025143232053122855e-01
2.220536528067775180e+03	1.659777180529079521e-01	1.020261510048179332e-01	3.045367570988931072e-01	1.934542936862061746e-01	8.971980173537909276e-02	4.171848858007325134e-02	1.025667898411195128e-01
2.225374298281430583e+03	1.657792592100857665e-01	1.018894009744231027e-01	3.046652196190313133e-01	1.935385780980788395e-01	8.975995477745775386e-02	4.174866566337429030e-02	1.026189216569459717e-01
2.230212068495085077e+03	1.655819923434602159e-01	1.017534507851284853e-01	3.047929756997639350e-01	1.936223274534332739e-01	8.979988107391781438e-02	4.177865170733813943e-02	1.026707209363551532e-01
2.235049838708740936e+03	1.653859103857145130e-01	1.016182956835854356e-01	3.049200288028376393e-01	1.937055453572862074e-01	8.983958181735676729e-02	4.180844800724015792e-02	1.027221899453762549e-01
2.239887608922396339e+03	1.651910063104631565e-01	1.014839309454522442e-01	3.050463823794580809e-01	1.937882353875733099e-01	8.987905819540306651e-02	4.183805584838400787e-02	1.027733309326631372e-01
2.244725379136052197e+03	1.649972731320270836e-01	1.013503518752081195e-01	3.051720398702137405e-01	1.938704010953865575e-01	8.991831139071615464e-02	4.186747650619405958e-02	1.028241461296512810e-01
2.249563149349706237e+03	1.648047039052103202e-01	1.012175538059684465e-01	3.052970047050021507e-01	1.939520460052089612e-01	8.995734258098707359e-02	4.189671124630680449e-02	1.028746377507132048e-01
2.254400919563362095e+03	1.646132917250774097e-01	1.010855320993012951e-01	3.054212803029584533e-01	1.940331736151470476e-01	8.999615293893933887e-02	4.192576132466123429e-02	1.029248079933122034e-01
2.259238689777017044e+03	1.644230297267319230e-01	1.009542821450451905e-01	3.055448700723861211e-01	1.941137873971608419e-01	9.003474363233036903e-02	4.195462798758818612e-02	1.029746590381543647e-01
2.264076459990672902e+03	1.642339110850961903e-01	1.008237993611282857e-01	3.056677774106900114e-01	1.941938907972917960e-01	9.007311582395312322e-02	4.198331247189868165e-02	1.030241930493389774e-01
2.268914230204327851e+03	1.640459290146917271e-01	1.006940791933886442e-01	3.057900057043116959e-01	1.942734872358880538e-01	9.011127067163822446e-02	4.201181600497128771e-02	1.030734121745073700e-01
2.273752000417983254e+03	1.638590767694212413e-01	1.005651171153959106e-01	3.059115583286671214e-01	1.943525801078277437e-01	9.014920932825644384e-02	4.204013980483847779e-02	1.031223185449900853e-01
2.278589770631638203e+03	1.636733476423510858e-01	1.004369086282741602e-01	3.060324386480858250e-01	1.944311727827397751e-01	9.018693294172150376e-02	4.206828508027206370e-02	1.031709142759525688e-01
2.283427540845293606e+03	1.634887349654951805e-01	1.003094492605259430e-01	3.061526500157531472e-01	1.945092686052225794e-01	9.022444265499329763e-02	4.209625303086760723e-02	1.032192014665391927e-01
2.288265311058949010e+03	1.633052321095998793e-01	1.001827345678576453e-01	3.062721957736537215e-01	1.945868708950604931e-01	9.026173960608138702e-02	4.212404484712799213e-02	1.032671822000158918e-01
2.293103081272604413e+03	1.631228324839296695e-01	1.000567601330060313e-01	3.063910792525171845e-01	1.946639829474380301e-01	9.029882492804890137e-02	4.215166171054596927e-02	1.033148585439112310e-01
2.297940851486259817e+03	1.629415295360541749e-01	9.993152156556597832e-02	3.065093037717662727e-01	1.947406080331520739e-01	9.033569974901674293e-02	4.217910479368582738e-02	1.033622325501558914e-01
2.302778621699914765e+03	1.627613167516361037e-01	9.980701450181936329e-02	3.066268726394666411e-01	1.948167493988217092e-01	9.037236519216812480e-02	4.220637526026414788e-02	1.034093062552208508e-01
2.307616391913570169e+03	1.625821876542201117e-01	9.968323460456524066e-02	3.067437891522784010e-01	1.948924102670961112e-01	9.040882237575340041e-02	4.223347426522972015e-02	1.034560816802539973e-01
2.312454162127225118e+03	1.624041358050227202e-01	9.956017756295115761e-02	3.068600565954097692e-01	1.949675938368602701e-01	9.044507241309528156e-02	4.226040295484246451e-02	1.035025608312153539e-01
2.317291932340880976e+03	1.622271548027234833e-01	9.943783909230556606e-02	3.069756782425725472e-01	1.950423032834386894e-01	9.048111641259423688e-02	4.228716246675161966e-02	1.035487456990109023e-01
2.322129702554535925e+03	1.620512382832568210e-01	9.931621493397146949e-02	3.070906573559395447e-01	1.951165417587970019e-01	9.051695547773433437e-02	4.231375393007295177e-02	1.035946382596249077e-01
2.326967472768191783e+03	1.618763799196051845e-01	9.919530085514123574e-02	3.072049971861035012e-01	1.951903123917415883e-01	9.055259070708927827e-02	4.234017846546519331e-02	1.036402404742509942e-01
2.331805242981846732e+03	1.617025734215929988e-01	9.907509264869249210e-02	3.073187009720381724e-01	1.952636182881171689e-01	9.058802319432872341e-02	4.236643718520561458e-02	1.036855542894218191e-01
2.336643013195502135e+03	1.615298125356817438e-01	9.895558613302517237e-02	3.074317719410607497e-01	1.953364625310023417e-01	9.062325402822496434e-02	4.239253119326476943e-02	1.037305816371373035e-01
2.341480783409156629e+03	1.613580910447660055e-01	9.883677715189966018e-02	3.075442133087961660e-01	1.954088481809032607e-01	9.065828429265981869e-02	4.241846158538044309e-02	1.037753244349916698e-01
2.346318553622812487e+03	1.611874027679705279e-01	9.871866157427615363e-02	3.076560282791431788e-01	1.954807782759454826e-01	9.069311506663181588e-02	4.244422944913076728e-02	1.038197845862990770e-01
2.351156323836467891e+03	1.610177415604483742e-01	9.860123529415497357e-02	3.077672200442418959e-01	1.955522558320636206e-01	9.072774742426362171e-02	4.246983586400658595e-02	1.038639639802179937e-01
2.355994094050123294e+03	1.608491013131798097e-01	9.848449423041810702e-02	3.078777917844429668e-01	1.956232838431892773e-01	9.076218243480967118e-02	4.249528190148298828e-02	1.039078644918742522e-01
2.360831864263778243e+03	1.606814759527724623e-01	9.836843432667179143e-02	3.079877466682784948e-01	1.956938652814370627e-01	9.079642116266424534e-02	4.252056862509009938e-02	1.039514879824828680e-01
2.365669634477433647e+03	1.605148594412624252e-01	9.825305155109011201e-02	3.080970878524343926e-01	1.957640030972888912e-01	9.083046466736954816e-02	4.254569709048307974e-02	1.039948362994685960e-01
