1.417466672600997981e+03	2.228332985888324680e-01	1.407080592269814023e-01	2.690868325569921726e-01	1.683658891895658261e-01	8.138665642601604355e-02	3.208286008161024411e-02	8.553640392939457215e-02
1.422304442814653157e+03	2.222919749345926010e-01	1.403468489049351231e-01	2.696670798106300948e-01	1.686359733308832876e-01	8.108152456360247229e-02	3.221488801394473828e-02	8.576171044080428685e-02
1.427142213028308333e+03	2.217543203670357677e-01	1.399873373684832611e-01	2.702007091343558987e-01	1.689003877141435628e-01	8.083619258059791812e-02	3.234213850818436209e-02	8.597891432659181266e-02
1.431979983241963964e+03	2.212202430962284805e-01	1.396295778512992580e-01	2.706945739858577227e-01	1.691597547025485981e-01	8.064168312254541005e-02	3.246517457424274306e-02	8.618899266667037762e-02
1.436817753455619140e+03	2.206896624388587080e-01	1.392736138520569988e-01	2.711545045477243843e-01	1.694146054815274527e-01	8.049035642682844660e-02	3.258447749646198321e-02	8.639277975593460945e-02
1.441655523669274316e+03	2.201625071757243590e-01	1.389194805953414547e-01	2.715854602482460356e-01	1.696653936302243426e-01	8.037571104433709201e-02	3.270045897036328447e-02	8.659098833515599392e-02
1.446493293882929493e+03	2.196387141539247467e-01	1.385672062748443123e-01	2.719916595571556517e-01	1.699125066711490994e-01	8.029221425089282105e-02	3.281347143195881971e-02	8.678422765946708362e-02
1.451331064096585123e+03	2.191182270972961699e-01	1.382168131112807563e-01	2.723766904420821255e-01	1.701562758992161417e-01	8.023515772504281884e-02	3.292381684889415100e-02	8.697301887558042677e-02
1.456168834310240300e+03	2.186009955940648730e-01	1.378683182526325435e-01	2.727436043670475319e-01	1.703969847465187926e-01	8.020053472786255189e-02	3.303175420257304512e-02	8.715780810869326600e-02
1.461006604523895703e+03	2.180869742353132856e-01	1.375217345402086899e-01	2.730949962850607871e-01	1.706348759009936322e-01	8.018493558124684117e-02	3.313750585627633222e-02	8.733897760029298019e-02
1.465844374737550879e+03	2.175761218817889031e-01	1.371770711605153903e-01	2.734330727115334425e-01	1.708701573646277949e-01	8.018545871845272899e-02	3.324126297523238849e-02	8.751685518724194868e-02
1.470682144951206283e+03	2.170684010399332176e-01	1.368343341999486151e-01	2.737597096543488151e-01	1.711030076092009411e-01	8.019963498683173320e-02	3.334319013987163682e-02	8.769172236925767971e-02
1.475519915164861459e+03	2.165637773308577430e-01	1.364935271167876663e-01	2.740765019118381329e-01	1.713335799640168522e-01	8.022536322834848688e-02	3.344342927245602670e-02	8.786382117508759193e-02
1.480357685378516862e+03	2.160622190384178798e-01	1.361546511428111117e-01	2.743848050247606474e-01	1.715620063500459258e-01	8.026085545764335971e-02	3.354210297936761898e-02	8.803336000634594261e-02
1.485195455592172038e+03	2.155636967245989077e-01	1.358177056250206016e-01	2.746857709767703271e-01	1.717884004578530133e-01	8.030459020773104972e-02	3.363931739610198646e-02	8.820051861131648907e-02
1.490033225805827215e+03	2.150681829021848790e-01	1.354826883163963158e-01	2.749803785747897966e-01	1.720128604521785343e-01	8.035527282646523495e-02	3.373516460904339709e-02	8.836545231833414782e-02
1.494870996019482618e+03	2.145756517561747123e-01	1.351495956232774687e-01	2.752694593019402447e-01	1.722354712736926807e-01	8.041180168819692109e-02	3.382972471706274104e-02	8.852829563904755783e-02
1.499708766233137567e+03	2.140860789066821035e-01	1.348184228158307296e-01	2.755537193175813249e-01	1.724563065979378973e-01	8.047323943934155122e-02	3.392306758658706484e-02	8.868916533543161340e-02
1.504546536446793198e+03	2.135994412071377246e-01	1.344891642071064097e-01	2.758337581785160753e-01	1.726754305025321456e-01	8.053878852786928999e-02	3.401525434579681650e-02	8.884816303043382990e-02
1.509384306660448374e+03	2.131157165725331704e-01	1.341618133053621154e-01	2.761100847698863547e-01	1.728928988860967686e-01	8.060777037847204063e-02	3.410633865680500615e-02	8.900537743023677340e-02
1.514222076874103550e+03	2.126348838332302316e-01	1.338363629436376545e-01	2.763831308615019577e-01	1.731087606758973385e-01	8.067960767025017521e-02	3.419636779888403366e-02	8.916088621599083108e-02
1.519059847087758726e+03	2.121569226105254613e-01	1.335128053899701794e-01	2.766532626434042297e-01	1.733230588556746721e-01	8.075380925468615689e-02	3.428538359087965337e-02	8.931475765425184177e-02
1.523897617301414357e+03	2.116818132107282646e-01	1.331911324411345077e-01	2.769207905417539473e-01	1.735358313404542496e-01	8.082995732053840920e-02	3.437342317675958631e-02	8.946705196802323679e-02
1.528735387515069533e+03	2.112095365349932752e-01	1.328713355023631026e-01	2.771859775712733343e-01	1.737471117211303595e-01	8.090769647089562921e-02	3.446051969467641557e-02	8.961782250406002959e-02
1.533573157728724709e+03	2.107400740025592301e-01	1.325534056551352369e-01	2.774490464422976199e-01	1.739569298982256706e-01	8.098672442750642908e-02	3.454670284688858561e-02	8.976711672677942233e-02
1.538410927942380113e+03	2.102734074853961632e-01	1.322373337148127492e-01	2.777101856080023690e-01	1.741653126213359160e-01	8.106678411994337752e-02	3.463199938529927524e-02	8.991497706460233053e-02
1.543248698156035516e+03	2.098095192525605557e-01	1.319231102796356581e-01	2.779695544097275373e-01	1.743722839483103360e-01	8.114765695328120254e-02	3.471643352517438802e-02	9.006144163070253783e-02
1.548086468369690692e+03	2.093483919228113221e-01	1.316107257723650725e-01	2.782272874547880304e-01	1.745778656361243464e-01	8.122915707870770330e-02	3.480002729772942865e-02	9.020654483686631198e-02
1.552924238583346096e+03	2.088900084242553135e-01	1.313001704756689703e-01	2.784834983411406117e-01	1.747820774736203453e-01	8.131112651764546562e-02	3.488280085068280051e-02	9.035031791637876397e-02
1.557762008797001272e+03	2.084343519599744787e-01	1.309914345621835396e-01	2.787382828262338075e-01	1.749849375647761496e-01	8.139343101222425159e-02	3.496477270451769925e-02	9.049278936948232377e-02
1.562599779010656675e+03	2.079814059787427061e-01	1.306845081200436187e-01	2.789917215228702174e-01	1.751864625698701383e-01	8.147595649388919559e-02	3.504595997104162364e-02	9.063398534293463926e-02
1.567437549224311852e+03	2.075311541500733936e-01	1.303793811745573850e-01	2.792438821925669057e-01	1.753866679108151139e-01	8.155860607805241747e-02	3.512637853985093456e-02	9.077392995347591254e-02
1.572275319437967255e+03	2.070835803429525168e-01	1.300760437066000030e-01	2.794948216963986098e-01	1.755855679459975838e-01	8.164129750641631322e-02	3.520604323747279080e-02	9.091264556355428683e-02
1.577113089651622431e+03	2.066386686077064661e-01	1.297744856682155890e-01	2.797445876543721566e-01	1.757831761191645803e-01	8.172396097027315176e-02	3.528496796324578910e-02	9.105015301641440628e-02
1.581950859865277607e+03	2.061964031605383330e-01	1.294746969958434080e-01	2.799932198567735564e-01	1.759795050862233701e-01	8.180653725802206067e-02	3.536316580539594634e-02	9.118647183659545075e-02
1.586788630078933011e+03	2.057567683703336869e-01	1.291766676215225507e-01	2.802407514644565945e-01	1.761745668232437001e-01	8.188897617860127487e-02	3.544064914024962903e-02	9.132162040098473765e-02
1.591626400292587959e+03	2.053197487473974181e-01	1.288803874823765683e-01	2.804872100295343618e-01	1.763683727184612859e-01	8.197123521972940474e-02	3.551742971708721219e-02	9.145561608480591576e-02
1.596464170506243590e+03	2.048853289338338213e-01	1.285858465286347785e-01	2.807326183632467553e-01	1.765609336506657467e-01	8.205327840597384514e-02	3.559351873076815193e-02	9.158847538626903317e-02
1.601301940719898766e+03	2.044534936953240345e-01	1.282930347304080954e-01	2.809769952737882215e-01	1.767522600559998380e-01	8.213507532687672197e-02	3.566892688394102118e-02	9.172021403305410936e-02
1.606139710933553943e+03	2.040242279140927484e-01	1.280019420834056509e-01	2.812203561934851770e-01	1.769423619848954077e-01	8.221660030980329492e-02	3.574366444038204471e-02	9.185084707332771825e-02
1.610977481147209119e+03	2.035975165828860789e-01	1.277125586137498880e-01	2.814627137118229094e-01	1.771312491506146225e-01	8.229783171595278501e-02	3.581774127077577002e-02	9.198038895358995326e-02
1.615815251360864750e+03	2.031733447998100850e-01	1.274248743820247942e-01	2.817040780283643353e-01	1.773189309706460492e-01	8.237875134118376186e-02	3.589116689205604921e-02	9.210885358530694622e-02
1.620653021574519926e+03	2.027516977639007567e-01	1.271388794866721850e-01	2.819444573375089469e-01	1.775054166020185176e-01	8.245934390603947006e-02	3.596395050125908432e-02	9.223625440199309522e-02
1.625490791788175102e+03	2.023325607713163665e-01	1.268545640668327368e-01	2.821838581552617020e-01	1.776907149714386236e-01	8.253959662168497413e-02	3.603610100469854111e-02	9.236260440815904915e-02
1.630328562001830505e+03	2.019159192120592305e-01	1.265719183047153140e-01	2.824222855966647683e-01	1.778748348010213698e-01	8.261949882044793136e-02	3.610762704315230442e-02	9.248791622133101242e-02
1.635166332215485909e+03	2.015017585671474709e-01	1.262909324275646727e-01	2.826597436112557871e-01	1.780577846302697220e-01	8.269904164133916324e-02	3.617853701364786428e-02	9.261220210816716036e-02
1.640004102429141085e+03	2.010900644061690279e-01	1.260115967092882150e-01	2.828962351828200883e-01	1.782395728348608321e-01	8.277821776236338192e-02	3.624883908834595353e-02	9.273547401554432801e-02
1.644841872642796488e+03	2.006808223851616613e-01	1.257339014717919479e-01	2.831317624987683690e-01	1.784202076427136019e-01	8.285702117265014710e-02	3.631854123094779146e-02	9.285774359735823880e-02
1.649679642856451665e+03	2.002740182447688977e-01	1.254578370860703618e-01	2.833663270936788159e-01	1.785996971477418482e-01	8.293544697847392289e-02	3.638765121098812283e-02	9.297902223766971175e-02
1.654517413070107068e+03	1.998696378086311232e-01	1.251833939730860878e-01	2.835999299708646393e-01	1.787780493216365452e-01	8.301349123811549435e-02	3.645617661632229167e-02	9.309932107073555507e-02
1.659355183283762244e+03	1.994676669819765713e-01	1.249105626044714201e-01	2.838325717052526120e-01	1.789552720239701022e-01	8.309115082126908303e-02	3.652412486406992481e-02	9.321865099838201607e-02
1.664192953497417420e+03	1.990680917503817871e-01	1.246393335030786115e-01	2.840642525303701538e-01	1.791313730108714253e-01	8.316842328933944650e-02	3.659150321023872665e-02	9.333702270511157195e-02
1.669030723711072824e+03	1.986708981786763362e-01	1.243696972434013004e-01	2.842949724118186139e-01	1.793063599424842003e-01	8.324530679351802021e-02	3.665831875821878166e-02	9.345444667127449090e-02
1.673868493924728000e+03	1.982760724099698335e-01	1.241016444518868167e-01	2.845247311092585774e-01	1.794802403893880072e-01	8.332179998799034426e-02	3.672457846630949874e-02	9.357093318458853393e-02
1.678706264138383403e+03	1.978836006647829715e-01	1.238351658071558670e-01	2.847535282286299263e-01	1.796530218381366950e-01	8.339790195602179990e-02	3.679028915441723280e-02	9.368649235024706368e-02
1.683544034352038352e+03	1.974934692402666170e-01	1.235702520401433524e-01	2.849813632660712637e-01	1.798247116960439707e-01	8.347361214700409204e-02	3.685545751004134368e-02	9.380113409982079875e-02
1.688381804565693983e+03	1.971056645094958759e-01	1.233068939341727677e-01	2.852082356447879219e-01	1.799953172953278890e-01	8.354893032283054743e-02	3.692009009364883437e-02	9.391486819912750472e-02
1.693219574779349159e+03	1.967201729208277461e-01	1.230450823249738951e-01	2.854341447459279313e-01	1.801648458967084754e-01	8.362385651221174165e-02	3.698419334352304882e-02	9.402770425521847497e-02
1.698057344993004335e+03	1.963369809973121716e-01	1.227848081006527037e-01	2.856590899343700585e-01	1.803333046925395811e-01	8.369839097174934517e-02	3.704777358015923228e-02	9.413965172260815861e-02
1.702895115206659511e+03	1.959560753361491992e-01	1.225260622016208223e-01	2.858830705801916339e-01	1.805007008095430576e-01	8.377253415276264548e-02	3.711083701026903631e-02	9.425071990885479367e-02
1.707732885420315142e+03	1.955774426081844375e-01	1.222688356204907484e-01	2.861060860764695901e-01	1.806670413112039519e-01	8.384628667301149973e-02	3.717338973044686384e-02	9.436091797958402749e-02
1.712570655633970318e+03	1.952010695574374621e-01	1.220131194019421772e-01	2.863281358539710442e-01	1.808323331998762384e-01	8.391964929258752259e-02	3.723543773054331651e-02	9.447025496303342040e-02
1.717408425847625494e+03	1.948269430006576708e-01	1.217589046425640309e-01	2.865492193932058229e-01	1.809965834186413602e-01	8.399262289335331089e-02	3.729698689678415113e-02	9.457873975418483459e-02
1.722246196061280898e+03	1.944550498269036753e-01	1.215061824906760318e-01	2.867693362342439989e-01	1.811597988529558834e-01	8.406520846140241865e-02	3.735804301466779526e-02	9.468638111854132955e-02
1.727083966274936301e+03	1.940853769971425113e-01	1.212549441461330119e-01	2.869884859846398295e-01	1.813219863321185732e-01	8.413740707209070580e-02	3.741861177166937863e-02	9.479318769559712254e-02
1.731921736488591478e+03	1.937179115438654176e-01	1.210051808601149415e-01	2.872066683257534780e-01	1.814831526305830944e-01	8.420921987725710212e-02	3.747869875977538623e-02	9.489916800204167835e-02
1.736759506702246881e+03	1.933526405707176599e-01	1.207568839349047879e-01	2.874238830177181514e-01	1.816433044691387610e-01	8.428064809430863003e-02	3.753830947786948591e-02	9.500433043473359429e-02
1.741597276915902057e+03	1.929895512521405121e-01	1.205100447236566313e-01	2.876401299032625980e-01	1.818024485159778769e-01	8.435169299689269928e-02	3.759744933398702360e-02	9.510868327347379858e-02
1.746435047129557461e+03	1.926286308330228680e-01	1.202646546301552460e-01	2.878554089105679892e-01	1.819605913876662928e-01	8.442235590692126479e-02	3.765612364745326429e-02	9.521223468360417996e-02
1.751272817343212637e+03	1.922698666283614577e-01	1.200207051085690341e-01	2.880697200553124504e-01	1.821177396500303636e-01	8.449263818774618851e-02	3.771433765091833368e-02	9.531499271845321475e-02
1.756110587556867813e+03	1.919132460229281412e-01	1.197781876631973941e-01	2.882830634420302518e-01	1.822738998189723514e-01	8.456254123831541403e-02	3.777209649229983091e-02	9.541696532164761768e-02
1.760948357770523216e+03	1.915587564709430035e-01	1.195370938482135520e-01	2.884954392648972910e-01	1.824290783612242395e-01	8.463206648816441746e-02	3.782940523664272969e-02	9.551816032930578182e-02
1.765786127984178393e+03	1.912063854957524178e-01	1.192974152674037835e-01	2.887068478080356826e-01	1.825832816950481718e-01	8.470121539311956105e-02	3.788626886790461001e-02	9.561858547212674642e-02
1.770623898197833569e+03	1.908561206895114937e-01	1.190591435739038473e-01	2.889172894454166141e-01	1.827365161908911240e-01	8.476998943160789224e-02	3.794269229067342292e-02	9.571824837738654446e-02
1.775461668411488745e+03	1.905079497128696342e-01	1.188222704699331417e-01	2.891267646404289127e-01	1.828887881719995778e-01	8.483839010148416793e-02	3.799868033182367960e-02	9.581715657085179694e-02
1.780299438625144376e+03	1.901618602946592573e-01	1.185867877065273912e-01	2.893352739451701128e-01	1.830401039149997799e-01	8.490641891729854007e-02	3.805423774211651178e-02	9.591531747861932466e-02
1.785137208838799552e+03	1.898178402315869595e-01	1.183526870832699446e-01	2.895428179995088724e-01	1.831904696504479124e-01	8.497407740794014896e-02	3.810936919774804421e-02	9.601273842888903565e-02
1.789974979052454728e+03	1.894758773879263447e-01	1.181199604480225457e-01	2.897493975299598734e-01	1.833398915633540627e-01	8.504136711460141829e-02	3.816407930184999298e-02	9.610942665367661064e-02
1.794812749266109904e+03	1.891359596952130739e-01	1.178885996966554800e-01	2.899550133484056769e-01	1.834883757936832671e-01	8.510828958901600627e-02	3.821837258594602132e-02	9.620538929047126042e-02
1.799650519479765535e+03	1.887980751519407752e-01	1.176585967727776239e-01	2.901596663506955665e-01	1.836359284368361267e-01	8.517484639193034779e-02	3.827225351136682302e-02	9.630063338384350913e-02
1.804488289693420711e+03	1.884622118232585353e-01	1.174299436674667574e-01	2.903633575151452484e-01	1.837825555441119918e-01	8.524103909177468963e-02	3.832572647062654908e-02	9.639516588700690336e-02
1.809326059907075887e+03	1.881283578406691415e-01	1.172026324189999191e-01	2.905660879009606679e-01	1.839282631231562715e-01	8.530686926350461441e-02	3.837879578876286085e-02	9.648899366333724137e-02
1.814163830120731291e+03	1.877965014017280720e-01	1.169766551125844545e-01	2.907678586466011517e-01	1.840730571383934477e-01	8.537233848758846166e-02	3.843146572464269800e-02	9.658212348785240320e-02
1.819001600334386467e+03	1.874666307697434586e-01	1.167520038800895915e-01	2.909686709680990857e-01	1.842169435114480447e-01	8.543744834911937147e-02	3.848374047223551697e-02	9.667456204865555736e-02
1.823839370548041643e+03	1.871387342734765202e-01	1.165286708997787662e-01	2.911685261573476735e-01	1.843599281215539398e-01	8.550220043703418704e-02	3.853562416185567219e-02	9.676631594834377015e-02
1.828677140761696819e+03	1.868128003068423582e-01	1.163066483960429193e-01	2.913674255803679336e-01	1.845020168059537946e-01	8.556659634342393683e-02	3.858712086137521674e-02	9.685739170538437692e-02
1.833514910975352450e+03	1.864888173286111950e-01	1.160859286391345280e-01	2.915653706755634844e-01	1.846432153602891868e-01	8.563063766292278167e-02	3.863823457740860751e-02	9.694779575546075279e-02
1.838352681189008081e+03	1.861667738621103074e-01	1.158665039449028877e-01	2.917623629519711659e-01	1.847835295389821664e-01	8.569432599216460222e-02	3.868896925647027918e-02	9.703753445278910650e-02
1.843190451402663257e+03	1.858466584949259037e-01	1.156483666745302952e-01	2.919584039875134929e-01	1.849229650556095395e-01	8.575766292929737356e-02	3.873932878610625991e-02	9.712661407140757430e-02
1.848028221616318433e+03	1.855284598786057226e-01	1.154315092342695220e-01	2.921534954272581586e-01	1.850615275832695472e-01	8.582065007354773567e-02	3.878931699600068200e-02	9.721504080643909862e-02
1.852865991829973609e+03	1.852121667283614936e-01	1.152159240751823299e-01	2.923476389816886956e-01	1.851992227549423831e-01	8.588328902482852967e-02	3.883893765905815226e-02	9.730282077532889651e-02
1.857703762043628785e+03	1.848977678227721189e-01	1.150016036928792756e-01	2.925408364249906801e-01	1.853360561638442983e-01	8.594558138338358189e-02	3.888819449246270349e-02	9.738996001905780853e-02
1.862541532257283961e+03	1.845852520034867994e-01	1.147885406272607517e-01	2.927330895933555888e-01	1.854720333637761565e-01	8.600752874946492044e-02	3.893709115871405585e-02	9.747646450333215251e-02
1.867379302470939592e+03	1.842746081749287168e-01	1.145767274622592619e-01	2.929244003833051391e-01	1.856071598694663261e-01	8.606913272303785833e-02	3.898563126664197215e-02	9.756234011975109532e-02
1.872217072684594768e+03	1.839658253039987978e-01	1.143661568255830707e-01	2.931147707500377786e-01	1.857414411569087986e-01	8.613039490351044603e-02	3.903381837239918578e-02	9.764759268695219485e-02
1.877054842898249490e+03	1.836588924197798955e-01	1.141568213884610050e-01	2.933042027057993772e-01	1.858748826636962836e-01	8.619131688948426795e-02	3.908165598043365774e-02	9.773222795173570898e-02
1.881892613111905121e+03	1.833537986132412478e-01	1.139487138653887538e-01	2.934926983182786220e-01	1.860074897893486123e-01	8.625190027852377983e-02	3.912914754444058590e-02	9.781625159016853199e-02
1.886730383325560297e+03	1.830505330369432138e-01	1.137418270138763343e-01	2.936802597090289457e-01	1.861392678956368119e-01	8.631214666694202176e-02	3.917629646829477730e-02	9.789966920866800815e-02
1.891568153539215928e+03	1.827490849047423982e-01	1.135361536341970151e-01	2.938668890519166577e-01	1.862702223069030161e-01	8.637205764960070864e-02	3.922310610696385508e-02	9.798248634506641352e-02
1.896405923752871104e+03	1.824494434914971375e-01	1.133316865691374881e-01	2.940525885715971066e-01	1.864003583103760742e-01	8.643163481972310214e-02	3.926957976740275136e-02	9.806470846965645305e-02
1.901243693966526507e+03	1.821515981327733180e-01	1.131284187037494143e-01	2.942373605420173233e-01	1.865296811564834956e-01	8.649087976871812355e-02	3.931572070943002012e-02	9.814634098621836944e-02
1.906081464180181683e+03	1.818555382245506113e-01	1.129263429651023443e-01	2.944212072849479167e-01	1.866581960591593425e-01	8.654979408601462532e-02	3.936153214658624777e-02	9.822738923302888614e-02
1.910919234393836859e+03	1.815612532229290144e-01	1.127254523220379556e-01	2.946041311685418940e-01	1.867859081961484868e-01	8.660837935890462747e-02	3.940701724697520669e-02	9.830785848385270587e-02
1.915757004607492036e+03	1.812687326438359725e-01	1.125257397849256102e-01	2.947861346059216792e-01	1.869128227093073691e-01	8.666663717239474207e-02	3.945217913408788357e-02	9.838775394891662029e-02
1.920594774821147894e+03	1.809779660627338083e-01	1.123271984054192846e-01	2.949672200537938327e-01	1.870389447049011500e-01	8.672456910906492511e-02	3.949702088760997931e-02	9.846708077586686925e-02
1.925432545034802843e+03	1.806889431143277602e-01	1.121298212762159158e-01	2.951473900110916926e-01	1.871642792538973921e-01	8.678217674893393130e-02	3.954154554421314416e-02	9.854584405070994368e-02
1.930270315248458019e+03	1.804016534922743276e-01	1.119336015308148718e-01	2.953266470176454939e-01	1.872888313922566050e-01	8.683946166933081967e-02	3.958575609833035053e-02	9.862404879873729047e-02
1.935108085462113195e+03	1.801160869488902250e-01	1.117385323432790317e-01	2.955049936528792442e-01	1.874126061212192662e-01	8.689642544477216290e-02	3.962965550291568800e-02	9.870169998543416867e-02
1.939945855675768371e+03	1.798322332948618374e-01	1.115446069279969338e-01	2.956824325345348559e-01	1.875356084075898433e-01	8.695306964684426654e-02	3.967324667018904544e-02	9.877880251737296280e-02
1.944783625889424002e+03	1.795500823989552575e-01	1.113518185394464788e-01	2.958589663174228668e-01	1.876578431840176808e-01	8.700939584409030092e-02	3.971653247236581197e-02	9.885536124309132755e-02
1.949621396103079178e+03	1.792696241877267671e-01	1.111601604719598541e-01	2.960345976921990863e-01	1.877793153492746392e-01	8.706540560190184630e-02	3.975951574237213126e-02	9.893138095395542786e-02
1.954459166316734354e+03	1.789908486452340686e-01	1.109696260594897066e-01	2.962093293841672192e-01	1.879000297685298193e-01	8.712110048241458737e-02	3.980219927454584083e-02	9.900686638500853787e-02
1.959296936530389530e+03	1.787137458127479039e-01	1.107802086753767457e-01	2.963831641521070259e-01	1.880199912736214840e-01	8.717648204440785198e-02	3.984458582532349191e-02	9.908182221580533189e-02
1.964134706744044706e+03	1.784383057884645352e-01	1.105919017321186221e-01	2.965561047871272393e-01	1.881392046633256765e-01	8.723155184320799393e-02	3.988667811391371359e-02	9.915625307123197840e-02
1.968972476957700337e+03	1.781645187272186126e-01	1.104046986811400982e-01	2.967281541115435184e-01	1.882576747036224796e-01	8.728631143059509268e-02	3.992847882295723350e-02	9.923016352231264769e-02
1.973810247171355968e+03	1.778923748401968763e-01	1.102185930125644947e-01	2.968993149777803819e-01	1.883754061279589165e-01	8.734076235471299743e-02	3.996999059917379776e-02	9.930355808700219722e-02
1.978648017385010689e+03	1.776218643946523845e-01	1.100335782549865110e-01	2.970695902672965127e-01	1.884924036375096312e-01	8.739490615998261880e-02	4.001121605399623332e-02	9.937644123096578408e-02
1.983485787598666320e+03	1.773529777136195751e-01	1.098496479752461702e-01	2.972389828895342090e-01	1.886086719014342938e-01	8.744874438701806529e-02	4.005215776419204787e-02	9.944881736834527974e-02
1.988323557812321269e+03	1.770857051756299094e-01	1.096667957782042763e-01	2.974074957808913178e-01	1.887242155571328128e-01	8.750227857254576358e-02	4.009281827247267171e-02	9.952069086251286167e-02
1.993161328025976900e+03	1.768200372144282106e-01	1.094850153065189263e-01	2.975751319037158171e-01	1.888390392104974946e-01	8.755551024932634041e-02	4.013320008809069528e-02	9.959206602681211495e-02
1.997999098239632076e+03	1.765559643186899175e-01	1.093043002404234243e-01	2.977418942453223805e-01	1.889531474361628716e-01	8.760844094607904420e-02	4.017330568742528973e-02	9.966294712528665778e-02
2.002836868453287707e+03	1.762934770317388378e-01	1.091246442975054159e-01	2.979077858170307014e-01	1.890665447777528652e-01	8.766107218740895601e-02	4.021313751455615065e-02	9.973333837339667940e-02
2.007674638666942428e+03	1.760325659512658458e-01	1.089460412324873145e-01	2.980728096532251903e-01	1.891792357481252851e-01	8.771340549373639328e-02	4.025269798182605496e-02	9.980324393872354316e-02
2.012512408880597604e+03	1.757732217290482457e-01	1.087684848370078783e-01	2.982369688104353767e-01	1.892912248296141353e-01	8.776544238122890862e-02	4.029198947039238504e-02	9.987266794166270445e-02
2.017350179094252780e+03	1.755154350706700228e-01	1.085919689394051479e-01	2.984002663664369615e-01	1.894025164742692002e-01	8.781718436173549525e-02	4.033101433076778652e-02	9.994161445610508232e-02
2.022187949307908411e+03	1.752591967352427893e-01	1.084164874045005916e-01	2.985627054193726315e-01	1.895131151040931605e-01	8.786863294272315161e-02	4.036977488335019570e-02	1.000100875101072040e-01
2.027025719521564042e+03	1.750044975351275900e-01	1.082420341333844294e-01	2.987242890868929135e-01	1.896230251112766274e-01	8.791978962721545832e-02	4.040827341894252800e-02	1.000780910865501638e-01
2.031863489735218764e+03	1.747513283356575131e-01	1.080686030632022621e-01	2.988850205053162346e-01	1.897322508584304568e-01	8.797065591373337545e-02	4.044651219926204133e-02	1.001456291237877716e-01
2.036701259948874394e+03	1.744996800548612448e-01	1.078961881669428940e-01	2.990449028288075795e-01	1.898407966788160095e-01	8.802123329623812165e-02	4.048449345743983241e-02	1.002127055162839592e-01
2.041539030162529116e+03	1.742495436631872341e-01	1.077247834532272935e-01	2.992039392285760213e-01	1.899486668765729414e-01	8.807152326407599596e-02	4.052221939851047283e-02	1.002793241152396403e-01
2.046376800376184747e+03	1.740009101832289962e-01	1.075543829660988854e-01	2.993621328920902935e-01	1.900558657269447727e-01	8.812152730192518435e-02	4.055969219989209035e-02	1.003454887292093145e-01
2.051214570589840150e+03	1.737537706894511091e-01	1.073849807848149679e-01	2.995194870223122363e-01	1.901623974765022651e-01	8.817124688974437019e-02	4.059691401185707565e-02	1.004112031247074988e-01
2.056052340803495554e+03	1.735081163079161271e-01	1.072165710236393649e-01	2.996760048369473961e-01	1.902682663433644950e-01	8.822068350272337101e-02	4.063388695799355355e-02	1.004764710268051392e-01
2.060890111017150957e+03	1.732639382160124364e-01	1.070491478316362294e-01	2.998316895677132776e-01	1.903734765174178722e-01	8.826983861123539887e-02	4.067061313565786818e-02	1.005412961197163085e-01
2.065727881230805451e+03	1.730212276421828343e-01	1.068827053924650688e-01	2.999865444596238051e-01	1.904780321605329119e-01	8.831871368079123596e-02	4.070709461641824900e-02	1.006056820473752444e-01
2.070565651444461309e+03	1.727799758656543838e-01	1.067172379241769498e-01	3.001405727702904369e-01	1.905819374067788952e-01	8.836731017199499216e-02	4.074333344648981003e-02	1.006696324140039234e-01
2.075403421658116713e+03	1.725401742161687679e-01	1.065527396790117848e-01	3.002937777692393229e-01	1.906851963626364777e-01	8.841562954050162515e-02	4.077933164716107672e-02	1.007331507846704055e-01
2.080241191871772116e+03	1.723018140737137549e-01	1.063892049431969661e-01	3.004461627372443933e-01	1.907878131072081318e-01	8.846367323697602869e-02	4.081509121521223471e-02	1.007962406858379789e-01
2.085078962085427065e+03	1.720648868682556898e-01	1.062266280367469284e-01	3.005977309656754914e-01	1.908897916924268134e-01	8.851144270705381401e-02	4.085061412332525316e-02	1.008589056059054911e-01
2.089916732299082469e+03	1.718293840794728189e-01	1.060650033132640863e-01	3.007484857558621050e-01	1.909911361432622134e-01	8.855893939130354831e-02	4.088590232048600059e-02	1.009211489957386187e-01
2.094754502512737417e+03	1.715952972364895857e-01	1.059043251597408114e-01	3.008984304184716407e-01	1.910918504579253163e-01	8.860616472519057540e-02	4.092095773237860307e-02	1.009829742691928239e-01
2.099592272726392821e+03	1.713626179176117315e-01	1.057445879963624935e-01	3.010475682729022995e-01	1.911919386080709327e-01	8.865312013904233512e-02	4.095578226177212788e-02	1.010443848036274711e-01
2.104430042940048224e+03	1.711313377500628397e-01	1.055857862763118910e-01	3.011959026466897171e-01	1.912914045389982054e-01	8.869980705801504273e-02	4.099037778889980110e-02	1.011053839404118665e-01
2.109267813153704083e+03	1.709014484097211017e-01	1.054279144855744532e-01	3.013434368749288161e-01	1.913902521698492842e-01	8.874622690206190878e-02	4.102474617183087674e-02	1.011659749854229434e-01
2.114105583367359031e+03	1.706729416208578598e-01	1.052709671427449062e-01	3.014901742997074807e-01	1.914884853938061682e-01	8.879238108590266354e-02	4.105888924683533808e-02	1.012261612095349261e-01
2.118943353581013525e+03	1.704458091558765653e-01	1.051149387988348366e-01	3.016361182695553866e-01	1.915861080782854664e-01	8.883827101899445522e-02	4.109280882874150054e-02	1.012859458491011111e-01
2.123781123794669384e+03	1.702200428350528760e-01	1.049598240370814561e-01	3.017812721389047659e-01	1.916831240651316048e-01	8.888389810550409442e-02	4.112650671128679353e-02	1.013453321064277657e-01
2.128618894008324787e+03	1.699956345262758906e-01	1.048056174727574757e-01	3.019256392675643275e-01	1.917795371708078955e-01	8.892926374428153369e-02	4.115998466746172146e-02	1.014043231502405051e-01
2.133456664221980191e+03	1.697725761447902437e-01	1.046523137529820485e-01	3.020692230202059458e-01	1.918753511865861350e-01	8.897436932883466543e-02	4.119324444984723971e-02	1.014629221161430922e-01
2.138294434435635139e+03	1.695508596529392564e-01	1.044999075565328367e-01	3.022120267658633397e-01	1.919705698787342041e-01	8.901921624730536886e-02	4.122628779094561491e-02	1.015211321070688399e-01
2.143132204649290543e+03	1.693304770599090014e-01	1.043483935936590778e-01	3.023540538774429631e-01	1.920651969887019472e-01	8.906380588244669494e-02	4.125911640350496401e-02	1.015789561937247842e-01
2.147969974862945492e+03	1.691114204214735905e-01	1.041977666058959417e-01	3.024953077312468874e-01	1.921592362333053583e-01	8.910813961160123087e-02	4.129173198083752744e-02	1.016363974150287786e-01
2.152807745076601350e+03	1.688936818397412665e-01	1.040480213658797337e-01	3.026357917065071179e-01	1.922526913049091846e-01	8.915221880668064425e-02	4.132413619713187769e-02	1.016934587785394417e-01
2.157645515290255844e+03	1.686772534629016607e-01	1.038991526771642915e-01	3.027755091849307911e-01	1.923455658716075045e-01	8.919604483414646234e-02	4.135633070775913273e-02	1.017501432608793610e-01
2.162483285503912157e+03	1.684621274849739392e-01	1.037511553740383952e-01	3.029144635502574179e-01	1.924378635774030011e-01	8.923961905499165626e-02	4.138831714957328517e-02	1.018064538081515091e-01
2.167321055717567106e+03	1.682482961455561976e-01	1.036040243213443013e-01	3.030526581878258963e-01	1.925295880423843753e-01	8.928294282472361287e-02	4.142009714120585551e-02	1.018623933363489581e-01
2.172158825931222509e+03	1.680357517295755498e-01	1.034577544142973038e-01	3.031900964841532931e-01	1.926207428629022056e-01	8.932601749334791175e-02	4.145167228335487619e-02	1.019179647317580983e-01
2.176996596144877003e+03	1.678244865670396324e-01	1.033123405783062804e-01	3.033267818265230065e-01	1.927113316117430863e-01	8.936884440535333707e-02	4.148304415906839404e-02	1.019731708513554602e-01
2.181834366358532861e+03	1.676144930327889415e-01	1.031677777687954045e-01	3.034627176025840867e-01	1.928013578383024063e-01	8.941142489969766682e-02	4.151421433402254640e-02	1.020280145231981794e-01
2.186672136572187810e+03	1.674057635462501969e-01	1.030240609710267319e-01	3.035979071999596601e-01	1.928908250687553505e-01	8.945376030979462767e-02	4.154518435679439153e-02	1.020824985468082868e-01
2.191509906785843214e+03	1.671982905711907608e-01	1.028811851999240218e-01	3.037323540058657900e-01	1.929797368062264595e-01	8.949585196350166860e-02	4.157595575912952091e-02	1.021366256935509476e-01
2.196347676999498617e+03	1.669920666154743327e-01	1.027391454998974052e-01	3.038660614067398846e-01	1.930680965309575781e-01	8.953770118310874770e-02	4.160653005620460615e-02	1.021903987070066355e-01
2.201185447213154021e+03	1.667870842308172841e-01	1.025979369446691492e-01	3.039990327878778209e-01	1.931559077004743608e-01	8.957930928532796544e-02	4.163690874688500548e-02	1.022438203033374932e-01
2.206023217426809424e+03	1.665833360125463791e-01	1.024575546371004481e-01	3.041312715330814487e-01	1.932431737497512514e-01	8.962067758128414163e-02	4.166709331397745047e-02	1.022968931716479041e-01
2.210860987640464373e+03	1.663808145993573850e-01	1.023179937090191866e-01	3.042627810243138664e-01	1.933298980913750464e-01	8.966180737650616961e-02	4.169708522447796578e-02	1.023496199743392926e-01
2.215698757854119776e+03	1.661795126730748196e-01	1.021792493210487429e-01	3.043935646413644114e-01	1.934160841157068211e-01	8.970269997091936953e-02	4.172688592981516065e-02	1.024020033474595109e-01
2.220536528067775180e+03	1.659794229584127256e-01	1.020413166624377643e-01	3.045236257615218101e-01	1.935017351910426620e-01	8.974335665883843849e-02	4.175649686608887134e-02	1.024540459010465643e-01
2.225374298281430583e+03	1.657805382227364732e-01	1.019041909508909272e-01	3.046529677592558771e-01	1.935868546637727061e-01	8.978377872896145528e-02	4.178591945430435578e-02	1.025057502194670206e-01
2.230212068495085077e+03	1.655828512758256710e-01	1.017678674324007521e-01	3.047815940059076523e-01	1.936714458585390430e-01	8.982396746436445423e-02	4.181515510060206109e-02	1.025571188617491747e-01
2.235049838708740936e+03	1.653863549696380775e-01	1.016323413810802656e-01	3.049095078693875305e-01	1.937555120783919782e-01	8.986392414249694260e-02	4.184420519648313075e-02	1.026081543619108832e-01
2.239887608922396339e+03	1.651910421980746502e-01	1.014976080989967999e-01	3.050367127138812751e-01	1.938390566049451313e-01	8.990365003517795939e-02	4.187307111903059570e-02	1.026588592292823759e-01
2.244725379136052197e+03	1.649969058967455660e-01	1.013636629160066666e-01	3.051632118995639131e-01	1.939220826985289248e-01	8.994314640859311927e-02	4.190175423112653397e-02	1.027092359488240014e-01
2.249563149349706237e+03	1.648039390427374074e-01	1.012305011895907880e-01	3.052890087823211807e-01	1.940045935983431280e-01	8.998241452329212853e-02	4.193025588166508083e-02	1.027592869814390047e-01
2.254400919563362095e+03	1.646121346543814035e-01	1.010981183046913562e-01	3.054141067134783505e-01	1.940865925226075150e-01	9.002145563418711971e-02	4.195857740576152545e-02	1.028090147642814478e-01
2.259238689777017044e+03	1.644214857910224759e-01	1.009665096735493650e-01	3.055385090395364989e-01	1.941680826687117445e-01	9.006027099055170793e-02	4.198672012495750089e-02	1.028584217110593974e-01
2.264076459990672902e+03	1.642319855527898109e-01	1.008356707355431564e-01	3.056622191019158219e-01	1.942490672133635743e-01	9.009886183602053289e-02	4.201468534742231614e-02	1.029075102123333807e-01
2.268914230204327851e+03	1.640436270803681262e-01	1.007055969570279097e-01	3.057852402367061129e-01	1.943295493127360218e-01	9.013722940858957811e-02	4.204247436815061051e-02	1.029562826358101785e-01
2.273752000417983254e+03	1.638564035547701025e-01	1.005762838311760193e-01	3.059075757744236235e-01	1.944095321026130807e-01	9.017537494061714232e-02	4.207008846915633038e-02	1.030047413266322182e-01
2.278589770631638203e+03	1.636703081971098983e-01	1.004477268778184440e-01	3.060292290397751414e-01	1.944890186985342995e-01	9.021329965882531055e-02	4.209752891966305616e-02	1.030528886076623185e-01
2.283427540845293606e+03	1.634853342683778299e-01	1.003199216432869578e-01	3.061502033514284515e-01	1.945680121959380560e-01	9.025100478430209128e-02	4.212479697629088748e-02	1.031007267797642013e-01
2.288265311058949010e+03	1.633014750692158013e-01	1.001928637002574007e-01	3.062705020217889595e-01	1.946465156703036381e-01	9.028849153250412263e-02	4.215189388323985209e-02	1.031482581220786315e-01
2.293103081272604413e+03	1.631187239396941491e-01	1.000665486475937616e-01	3.063901283567831424e-01	1.947245321772921589e-01	9.032576111325993362e-02	4.217882087246992151e-02	1.031954848922953111e-01
2.297940851486259817e+03	1.629370742590893484e-01	9.994097211019317695e-02	3.065090856556476062e-01	1.948020647528861116e-01	9.036281473077378834e-02	4.220557916387773778e-02	1.032424093269206367e-01
2.302778621699914765e+03	1.627565194456629116e-01	9.981612973883188800e-02	3.066273772107243056e-01	1.948791164135278697e-01	9.039965358363001580e-02	4.223216996547007884e-02	1.032890336415413363e-01
2.307616391913570169e+03	1.625770529564410372e-01	9.969201721001211269e-02	3.067450063072620359e-01	1.949556901562570776e-01	9.043627886479788103e-02	4.225859447353415288e-02	1.033353600310841225e-01
2.312454162127225118e+03	1.623986682869957565e-01	9.956863022580970946e-02	3.068619762232231429e-01	1.950317889588466524e-01	9.047269176163702520e-02	4.228485387280479096e-02	1.033813906700712937e-01
2.317291932340880976e+03	1.622213589712269144e-01	9.944596451372286761e-02	3.069782902290962290e-01	1.951074157799378983e-01	9.050889345590326651e-02	4.231094933662857271e-02	1.034271277128726019e-01
2.322129702554535925e+03	1.620451185811450645e-01	9.932401582652160277e-02	3.070939515877141868e-01	1.951825735591742883e-01	9.054488512375509501e-02	4.233688202712492660e-02	1.034725732939531240e-01
2.326967472768191783e+03	1.618699407266556978e-01	9.920277994209816819e-02	3.072089635540778962e-01	1.952572652173341916e-01	9.058066793576040332e-02	4.236265309534438528e-02	1.035177295281175108e-01
2.331805242981846732e+03	1.616958190553442476e-01	9.908225266331828485e-02	3.073233293751850281e-01	1.953314936564625182e-01	9.061624305690381409e-02	4.238826368142387807e-02	1.035625985107504476e-01
2.336643013195502135e+03	1.615227472522625107e-01	9.896242981787335691e-02	3.074370522898637881e-01	1.954052617600013086e-01	9.065161164659445159e-02	4.241371491473924088e-02	1.036071823180535617e-01
2.341480783409156629e+03	1.613507190397155955e-01	9.884330725813346430e-02	3.075501355286122673e-01	1.954785723929191033e-01	9.068677485867411570e-02	4.243900791405498529e-02	1.036514830072786525e-01
2.346318553622812487e+03	1.611797281770505352e-01	9.872488086100122961e-02	3.076625823134424009e-01	1.955514284018392557e-01	9.072173384142581676e-02	4.246414378767134762e-02	1.036955026169575494e-01
2.351156323836467891e+03	1.610097684604454016e-01	9.860714652776660094e-02	3.077743958577288108e-01	1.956238326151674145e-01	9.075648973758287941e-02	4.248912363356868727e-02	1.037392431671283477e-01
2.355994094050123294e+03	1.608408337226997498e-01	9.849010018396241184e-02	3.078855793660623674e-01	1.956957878432175890e-01	9.079104368433829619e-02	4.251394853954926917e-02	1.037827066595584241e-01
2.360831864263778243e+03	1.606729178330260632e-01	9.837373777922081564e-02	3.079961360341086363e-01	1.957672968783374379e-01	9.082539681335452530e-02	4.253861958337654126e-02	1.038258950779639700e-01
2.365669634477433647e+03	1.605060146968422530e-01	9.825805528713062176e-02	3.081060690484705433e-01	1.958383624950325863e-01	9.085955025077370462e-02	4.256313783291187230e-02	1.038688103882263597e-01
2.370507404691088595e+03	1.603401182555651006e-01	9.814304870509538148e-02	3.082153815865557034e-01	1.959089874500895279e-01	9.089350511722815718e-02	4.258750434624887504e-02	1.039114545386051747e-01
2.375345174904743999e+03	1.601752224864048391e-01	9.802871405419232020e-02	3.083240768164479118e-01	1.959791744826980542e-01	9.092726252785127139e-02	4.261172017184534228e-02	1.039538294599481744e-01
2.380182945118399402e+03	1.600113214021606223e-01	9.791504737903222733e-02	3.084321578967830768e-01	1.960489263145722416e-01	9.096082359228882530e-02	4.263578634865277522e-02	1.039959370658980614e-01
