1.431979983241963964e+03	2.215197777763023290e-01	1.394706128595002426e-01	2.707657784879435869e-01	1.674550715118564015e-01	8.101020838099043386e-02	3.281742060411076134e-02	8.696113037868193063e-02
1.436817753455619140e+03	2.209853817553550925e-01	1.391145632576936131e-01	2.710977409566730501e-01	1.678629678946640114e-01	8.089430257571364469e-02	3.292725850025055023e-02	8.711778505903561287e-02
1.441655523669274316e+03	2.204542733608966520e-01	1.387604720170774464e-01	2.714256591807703289e-01	1.682544116426872016e-01	8.079753989463760167e-02	3.303426380225187725e-02	8.727338010106448773e-02
1.446493293882929493e+03	2.199264255970890536e-01	1.384083404791038030e-01	2.717497606337077598e-01	1.686307123714025080e-01	8.071820111037787682e-02	3.313864135806959127e-02	8.742791844963494763e-02
1.451331064096585123e+03	2.194018122757744882e-01	1.380581688421994857e-01	2.720702534903762793e-01	1.689930666925532621e-01	8.065471673369922767e-02	3.324057846960443152e-02	8.758140349517834489e-02
1.456168834310240300e+03	2.188804079553295923e-01	1.377099562673332611e-01	2.723873283043791171e-01	1.693425680275745249e-01	8.060565400012430215e-02	3.334024641582401804e-02	8.773383902882067598e-02
1.461006604523895703e+03	2.183621878847806230e-01	1.373637009743708948e-01	2.727011595395422150e-01	1.696802155683560798e-01	8.056970498732164698e-02	3.343780184354322449e-02	8.788522920147073814e-02
1.465844374737550879e+03	2.178471279527232907e-01	1.370194003300189423e-01	2.730119069683088484e-01	1.700069224594321915e-01	8.054567576501685255e-02	3.353338803736332502e-02	8.803557848652197870e-02
1.470682144951206283e+03	2.173352046406294424e-01	1.366770509280877954e-01	2.733197169485860889e-01	1.703235232692497936e-01	8.053247648770847644e-02	3.362713607927007159e-02	8.818489164585380236e-02
1.475519915164861459e+03	2.168263949801602086e-01	1.363366486627422269e-01	2.736247235896054897e-01	1.706307808122882463e-01	8.052911234826616582e-02	3.371916590747855297e-02	8.833317369884453873e-02
1.480357685378516862e+03	2.163206765141374721e-01	1.359981887953488622e-01	2.739270498164423917e-01	1.709293923784360181e-01	8.053467531760692688e-02	3.380958728327949220e-02	8.848042989413423820e-02
1.485195455592172038e+03	2.158180272608560268e-01	1.356616660154769949e-01	2.742268083419999725e-01	1.712199954211286457e-01	8.054833660214531788e-02	3.389850067388095606e-02	8.862666568389740429e-02
1.490033225805827215e+03	2.153184256814466568e-01	1.353270744965613115e-01	2.745241025544997715e-01	1.715031727512768833e-01	8.056933975664844205e-02	3.398599805854489453e-02	8.877188670040730978e-02
1.494870996019482618e+03	2.148218506500251812e-01	1.349944079466904590e-01	2.748190273278203755e-01	1.717794572799278552e-01	8.059699439554597611e-02	3.407216366468349134e-02	8.891609873469184799e-02
1.499708766233137567e+03	2.143282814263854641e-01	1.346636596549453668e-01	2.751116697613900097e-01	1.720493363488698468e-01	8.063067045069419181e-02	3.415707464000137389e-02	8.905930771709891225e-02
1.504546536446793198e+03	2.138376976310160937e-01	1.343348225336739310e-01	2.754021098557535296e-01	1.723132556849852060e-01	8.066979292811096713e-02	3.424080166624083460e-02	8.920151969960467275e-02
1.509384306660448374e+03	2.133500792222384479e-01	1.340078891570558595e-01	2.756904211294047280e-01	1.725716230110442007e-01	8.071383712032512148e-02	3.432340951960421299e-02	8.934274083971260882e-02
1.514222076874103550e+03	2.128654064752828756e-01	1.336828517962801166e-01	2.759766711819877094e-01	1.728248113427920396e-01	8.076232423475072919e-02	3.440495758248687808e-02	8.948297738580486549e-02
1.519059847087758726e+03	2.123836599631339639e-01	1.333597024516291751e-01	2.762609222085281591e-01	1.730731619995868886e-01	8.081481740193663388e-02	3.448550031075149624e-02	8.962223566381888329e-02
1.523897617301414357e+03	2.119048205389923445e-01	1.330384328817396933e-01	2.765432314689503790e-01	1.733169873534793071e-01	8.087091803068309492e-02	3.456508766040678610e-02	8.976052206513368548e-02
1.528735387515069533e+03	2.114288693202119596e-01	1.327190346302848378e-01	2.768236517167652622e-01	1.735565733394597021e-01	8.093026247988531485e-02	3.464376547721803590e-02	8.989784303556022649e-02
1.533573157728724709e+03	2.109557876735856374e-01	1.324014990503025457e-01	2.771022315904785871e-01	1.737921817476261177e-01	8.099251901958255673e-02	3.472157585247053618e-02	9.003420506533933720e-02
1.538410927942380113e+03	2.104855572018615728e-01	1.320858173263746160e-01	2.773790159709588754e-01	1.740240523162212560e-01	8.105738505608310607e-02	3.479855744782681115e-02	9.016961468005903202e-02
1.543248698156035516e+03	2.100181597313840187e-01	1.317719804948436213e-01	2.776540463077229459e-01	1.742524046428415574e-01	8.112458459821879353e-02	3.487474579196326446e-02	9.030407843241104737e-02
1.548086468369690692e+03	2.095535773007613234e-01	1.314599794622382245e-01	2.779273609168410597e-01	1.744774399296168677e-01	8.119386594377656086e-02	3.495017355143830579e-02	9.043760289471289293e-02
1.552924238583346096e+03	2.090917921504715227e-01	1.311498050220629152e-01	2.781989952529278498e-01	1.746993425767876529e-01	8.126499956697555427e-02	3.502487077803113219e-02	9.057019465212858000e-02
1.557762008797001272e+03	2.086327867133247749e-01	1.308414478700944683e-01	2.784689821574717894e-01	1.749182816378517524e-01	8.133777618952001132e-02	3.509886513459559848e-02	9.070186029652677062e-02
1.562599779010656675e+03	2.081765436057084473e-01	1.305348986183152149e-01	2.787373520855589981e-01	1.751344121483092986e-01	8.141200501927675637e-02	3.517218210129608585e-02	9.083260642092035042e-02
1.567437549224311852e+03	2.077230456195468256e-01	1.302301478076016428e-01	2.790041333128697731e-01	1.753478763389884343e-01	8.148751214201183091e-02	3.524484516393001227e-02	9.096243961443659098e-02
1.572275319437967255e+03	2.072722757149138006e-01	1.299271859192768774e-01	2.792693521246625288e-01	1.755588047439808064e-01	8.156413905288642519e-02	3.531687598589350330e-02	9.109136645777117514e-02
1.577113089651622431e+03	2.068242170132421065e-01	1.296260033856255767e-01	2.795330329883103371e-01	1.757673172123437599e-01	8.164174131556814484e-02	3.538829456521152411e-02	9.121939351908360527e-02
1.581950859865277607e+03	2.063788527910773163e-01	1.293265905994624154e-01	2.797951987108201477e-01	1.759735238319310446e-01	8.172018733786870492e-02	3.545911937793021218e-02	9.134652735029522019e-02
1.586788630078933011e+03	2.059361664743296072e-01	1.290289379228357070e-01	2.800558705826398653e-01	1.761775257729867039e-01	8.179935725378244260e-02	3.552936750905644897e-02	9.147277448375421005e-02
1.591626400292587959e+03	2.054961416329805224e-01	1.287330356949420718e-01	2.803150685089454419e-01	1.763794160584741533e-01	8.187914190268062720e-02	3.559905477212670782e-02	9.159814142923544678e-02
1.596464170506243590e+03	2.050587619762049840e-01	1.284388742393208493e-01	2.805728111294958360e-01	1.765792802675057449e-01	8.195944189721887652e-02	3.566819581839319325e-02	9.172263467124552871e-02
1.601301940719898766e+03	2.046240113478729750e-01	1.281464438703909525e-01	2.808291159280503768e-01	1.767771971776860296e-01	8.204016677224941489e-02	3.573680423652939725e-02	9.184626066660589450e-02
1.606139710933553943e+03	2.041918737223984148e-01	1.278557348993875353e-01	2.810839993322550856e-01	1.769732393516760538e-01	8.212123420769922022e-02	3.580489264367898994e-02	9.196902584228972000e-02
1.610977481147209119e+03	2.037623332009047272e-01	1.275667376397509323e-01	2.813374768048276797e-01	1.771674736728248711e-01	8.220256931898706210e-02	3.587247276860001249e-02	9.209093659348974170e-02
1.615815251360864750e+03	2.033353740076802307e-01	1.272794424120154699e-01	2.815895629267965439e-01	1.773599618342940332e-01	8.228410400911044531e-02	3.593955552759143385e-02	9.221199928189682815e-02
1.620653021574519926e+03	2.029109804868984290e-01	1.269938395482420601e-01	2.818402714734855041e-01	1.775507607857155501e-01	8.236577637704405042e-02	3.600615109382909046e-02	9.233222023417028690e-02
1.625490791788175102e+03	2.024891370995801076e-01	1.267099193960342651e-01	2.820896154838746228e-01	1.777399231410730918e-01	8.244753017755626634e-02	3.607226896068366218e-02	9.245160574058292058e-02
1.630328562001830505e+03	2.020698284207767259e-01	1.264276723221741949e-01	2.823376073239134976e-01	1.779274975511754842e-01	8.252931432797606937e-02	3.613791799954366862e-02	9.257016205382527507e-02
1.635166332215485909e+03	2.016530391369561193e-01	1.261470887159116816e-01	2.825842587443122556e-01	1.781135290437987906e-01	8.261108245783041482e-02	3.620310651262090978e-02	9.268789538795470240e-02
1.640004102429141085e+03	2.012387540435731370e-01	1.258681589919368737e-01	2.828295809332911359e-01	1.782980593343060360e-01	8.269279249762696848e-02	3.626784228117425207e-02	9.280481191747640135e-02
1.644841872642796488e+03	2.008269580428091172e-01	1.255908735930639508e-01	2.830735845647270321e-01	1.784811271093096896e-01	8.277440630338070426e-02	3.633213260954996221e-02	9.292091777654433449e-02
1.649679642856451665e+03	2.004176361414662377e-01	1.253152229926513817e-01	2.833162798420968964e-01	1.786627682857185595e-01	8.285588931377829702e-02	3.639598436540202042e-02	9.303621905827141880e-02
1.654517413070107068e+03	2.000107734490030875e-01	1.250411976967817917e-01	2.835576765385842690e-01	1.788430162473081397e-01	8.293721023714434315e-02	3.645940401642432105e-02	9.315072181413892871e-02
1.659355183283762244e+03	1.996063551756997456e-01	1.247687882462224229e-01	2.837977840336819990e-01	1.790219020607668465e-01	8.301834076561975806e-02	3.652239766389789311e-02	9.326443205349614629e-02
1.664192953497417420e+03	1.992043666309411265e-01	1.244979852181855029e-01	2.840366113465971343e-01	1.791994546730014959e-01	8.309925531418763112e-02	3.658497107332979448e-02	9.337735574314208475e-02
1.669030723711072824e+03	1.988047932216086833e-01	1.242287792279061498e-01	2.842741671667344261e-01	1.793757010913297756e-01	8.317993078238758442e-02	3.664712970243642204e-02	9.348949880698163850e-02
1.673868493924728000e+03	1.984076204505711705e-01	1.239611609300537987e-01	2.845104598815147989e-01	1.795506665480466890e-01	8.326034633674686547e-02	3.670887872670199753e-02	9.360086712574937351e-02
1.678706264138383403e+03	1.980128339152660844e-01	1.236951210199918605e-01	2.847454976017586570e-01	1.797243746507224682e-01	8.334048321212805810e-02	3.677022306272279689e-02	9.371146653679471306e-02
1.683544034352038352e+03	1.976204193063643144e-01	1.234306502348988671e-01	2.849792881848479120e-01	1.798968475194712979e-01	8.342032453034978201e-02	3.683116738952964264e-02	9.382130283392280112e-02
1.688381804565693983e+03	1.972303624065108174e-01	1.231677393547635085e-01	2.852118392558583015e-01	1.800681059123229732e-01	8.349985513457908182e-02	3.689171616806422027e-02	9.393038176728574218e-02
1.693219574779349159e+03	1.968426490891349023e-01	1.229063792032645819e-01	2.854431582268401324e-01	1.802381693397305251e-01	8.357906143812519895e-02	3.695187365896966669e-02	9.403870904331959601e-02
1.698057344993004335e+03	1.964572653173245753e-01	1.226465606485460519e-01	2.856732523144079883e-01	1.804070561691581698e-01	8.365793128638328302e-02	3.701164393884184139e-02	9.414629032472271453e-02
1.702895115206659511e+03	1.960741971427590880e-01	1.223882746038965075e-01	2.859021285557866721e-01	1.805747837206106987e-01	8.373645383078510973e-02	3.707103091507506221e-02	9.425313123047145136e-02
1.707732885420315142e+03	1.956934307046955535e-01	1.221315120283416183e-01	2.861297938234481641e-01	1.807413683538914573e-01	8.381461941371373681e-02	3.713003833942436771e-02	9.435923733586969175e-02
1.712570655633970318e+03	1.953149522290044959e-01	1.218762639271571552e-01	2.863562548384620543e-01	1.809068255483071430e-01	8.389241946342902712e-02	3.718866982039585600e-02	9.446461417262887184e-02
1.717408425847625494e+03	1.949387480272506690e-01	1.216225213523098453e-01	2.865815181826718017e-01	1.810711699754757043e-01	8.396984639813424856e-02	3.724692883456689335e-02	9.456926722897547599e-02
1.722246196061280898e+03	1.945648044958152301e-01	1.213702754028322950e-01	2.868055903097990744e-01	1.812344155658362488e-01	8.404689353838937227e-02	3.730481873692911149e-02	9.467320194978331993e-02
1.727083966274936301e+03	1.941931081150563010e-01	1.211195172251380986e-01	2.870284775555693724e-01	1.813965755694079418e-01	8.412355502714563560e-02	3.736234277033916029e-02	9.477642373672805209e-02
1.731921736488591478e+03	1.938236454485040838e-01	1.208702380132823523e-01	2.872501861469451967e-01	1.815576626112973546e-01	8.419982575673916336e-02	3.741950407415468860e-02	9.487893794846172235e-02
1.736759506702246881e+03	1.934564031420883401e-01	1.206224290091726520e-01	2.874707222105429838e-01	1.817176887424103437e-01	8.427570130223881184e-02	3.747630569212626744e-02	9.498074990080515589e-02
1.741597276915902057e+03	1.930913679233955682e-01	1.203760815027347802e-01	2.876900917803067448e-01	1.818766654857849052e-01	8.435117786059606604e-02	3.753275057960998862e-02	9.508186486695648088e-02
1.746435047129557461e+03	1.927285266009531040e-01	1.201311868320375648e-01	2.879083008045023040e-01	1.820346038789253384e-01	8.442625219509271306e-02	3.758884161015970532e-02	9.518228807771382527e-02
1.751272817343212637e+03	1.923678660635385618e-01	1.198877363833802667e-01	2.881253551520916445e-01	1.821915145124846092e-01	8.450092158462588210e-02	3.764458158155272599e-02	9.528202472171082293e-02
1.756110587556867813e+03	1.920093732795121189e-01	1.196457215913461353e-01	2.883412606185419835e-01	1.823474075656124904e-01	8.457518377741009286e-02	3.769997322129828993e-02	9.538107994566343006e-02
1.760948357770523216e+03	1.916530352961701988e-01	1.194051339388252780e-01	2.885560229311178171e-01	1.825022928382584730e-01	8.464903694871238338e-02	3.775501919167364301e-02	9.547945885462674753e-02
1.765786127984178393e+03	1.912988392391190007e-01	1.191659649570094154e-01	2.887696477537026185e-01	1.826561797806941223e-01	8.472247966227003380e-02	3.780972209432877790e-02	9.557716651226053073e-02
1.770623898197833569e+03	1.909467723116658744e-01	1.189282062253614325e-01	2.889821406911903257e-01	1.828090775204962160e-01	8.479551083507066989e-02	3.786408447449726711e-02	9.567420794110267912e-02
1.775461668411488745e+03	1.905968217942274889e-01	1.186918493715619222e-01	2.891935072934846418e-01	1.829609948872108205e-01	8.486812970520288268e-02	3.791810882484746015e-02	9.577058812284926226e-02
1.780299438625144376e+03	1.902489750437537930e-01	1.184568860714348831e-01	2.894037530591401786e-01	1.831119404348999224e-01	8.494033580250996696e-02	3.797179758900517260e-02	9.586631199864054098e-02
1.785137208838799552e+03	1.899032194931661588e-01	1.182233080488546140e-01	2.896128834386774153e-01	1.832619224627542454e-01	8.501212892180359804e-02	3.802515316477645541e-02	9.596138446935194299e-02
1.789974979052454728e+03	1.895595426508088210e-01	1.179911070756355512e-01	2.898209038375996749e-01	1.834109490339398962e-01	8.508350909841461140e-02	3.807817790709647904e-02	9.605581039588945158e-02
1.794812749266109904e+03	1.892179320999127501e-01	1.177602749714067448e-01	2.900278196191378166e-01	1.835590279928323576e-01	8.515447658587799173e-02	3.813087413072822895e-02	9.614959459948856091e-02
1.799650519479765535e+03	1.888783754980710994e-01	1.175308036034722892e-01	2.902336361067480164e-01	1.837061669807775743e-01	8.522503183556630335e-02	3.818324411273282121e-02	9.624274186201633996e-02
1.804488289693420711e+03	1.885408605767251722e-01	1.173026848866594446e-01	2.904383585863823947e-01	1.838523734505079221e-01	8.529517547810235023e-02	3.823529009473124185e-02	9.633525692627591119e-02
1.809326059907075887e+03	1.882053751406605746e-01	1.170759107831552681e-01	2.906419923085540313e-01	1.839976546793297418e-01	8.536490830639643923e-02	3.828701428497551656e-02	9.642714449631287210e-02
1.814163830120731291e+03	1.878719070675124170e-01	1.168504733023331549e-01	2.908445424902139642e-01	1.841420177811888825e-01	8.543423126016674862e-02	3.833841886024597773e-02	9.651840923772334047e-02
1.819001600334386467e+03	1.875404443072793692e-01	1.166263645005703592e-01	2.910460143164560476e-01	1.842854697177118417e-01	8.550314541181416872e-02	3.838950596758956835e-02	9.660905577796309596e-02
1.823839370548041643e+03	1.872109748818458208e-01	1.164035764810572027e-01	2.912464129420665460e-01	1.844280173083106822e-01	8.557165195353376441e-02	3.844027772591315090e-02	9.669908870665731848e-02
1.828677140761696819e+03	1.868834868845115349e-01	1.161821013935990521e-01	2.914457434929300650e-01	1.845696672394336879e-01	8.563975218555505697e-02	3.849073622744418610e-02	9.678851257591096491e-02
1.833514910975352450e+03	1.865579684795286575e-01	1.159619314344117608e-01	2.916440110673061414e-01	1.847104260730350334e-01	8.570744750541352264e-02	3.854088353907043907e-02	9.687733190061897925e-02
1.838352681189008081e+03	1.862344079016452214e-01	1.157430588459113507e-01	2.918412207369875944e-01	1.848503002543317175e-01	8.577473939816306070e-02	3.859072170356912107e-02	9.696555115877647513e-02
1.843190451402663257e+03	1.859127934556550343e-01	1.155254759164984629e-01	2.920373775483505741e-01	1.849892961189089080e-01	8.584162942744796854e-02	3.864025274073507737e-02	9.705317479178844631e-02
1.848028221616318433e+03	1.855931135159536727e-01	1.153091749803383526e-01	2.922324865233064672e-01	1.851274198992307329e-01	8.590811922735962225e-02	3.868947864841673634e-02	9.714020720477885285e-02
1.852865991829973609e+03	1.852753565260998603e-01	1.150941484171367768e-01	2.924265526601642629e-01	1.852646777306075354e-01	8.597421049500945933e-02	3.873840140346784811e-02	9.722665276689868019e-02
1.857703762043628785e+03	1.849595109983822872e-01	1.148803886519124684e-01	2.926195809344113163e-01	1.854010756566668305e-01	8.603990498375604923e-02	3.878702296262227789e-02	9.731251581163317954e-02
1.862541532257283961e+03	1.846455655133916185e-01	1.146678881547664730e-01	2.928115762994197846e-01	1.855366196343707919e-01	8.610520449702945001e-02	3.883534526329848052e-02	9.739780063710774816e-02
1.867379302470939592e+03	1.843335087195970834e-01	1.144566394406489190e-01	2.930025436870857813e-01	1.856713155386195413e-01	8.617011088270074004e-02	3.888337022433982493e-02	9.748251150639249130e-02
1.872217072684594768e+03	1.840233293329276987e-01	1.142466350691233867e-01	2.931924880084064156e-01	1.858051691664760752e-01	8.623462602794929044e-02	3.893109974669624329e-02	9.756665264780528535e-02
1.877054842898249490e+03	1.837150161363579060e-01	1.140378676441294870e-01	2.933814141540014298e-01	1.859381862410454944e-01	8.629875185458459053e-02	3.897853571405227036e-02	9.765022825521325889e-02
1.881892613111905121e+03	1.834085579794972332e-01	1.138303298137436220e-01	2.935693269945834905e-01	1.860703724150383209e-01	8.636249031478300531e-02	3.902567999340617738e-02	9.773324248833252514e-02
1.886730383325560297e+03	1.831039437781842583e-01	1.136240142699386918e-01	2.937562313813824044e-01	1.862017332740452669e-01	8.642584338720328552e-02	3.907253443560434331e-02	9.781569947302616586e-02
1.891568153539215928e+03	1.828011625140838481e-01	1.134189137483424398e-01	2.939421321465269799e-01	1.863322743395482428e-01	8.648881307344792602e-02	3.911910087583476969e-02	9.789760330160023061e-02
1.896405923752871104e+03	1.825002032342884772e-01	1.132150210279950775e-01	2.941270341033890290e-01	1.864620010716904752e-01	8.655140139484024386e-02	3.916538113408322280e-02	9.797895803309786267e-02
1.901243693966526507e+03	1.822010550509230165e-01	1.130123289311062429e-01	2.943109420468921766e-01	1.865909188718265499e-01	8.661361038948969804e-02	3.921137701555530569e-02	9.805976769359139866e-02
1.906081464180181683e+03	1.819037071407527406e-01	1.128108303228115145e-01	2.944938607537893605e-01	1.867190330848707835e-01	8.667544210962033202e-02	3.925709031106727059e-02	9.814003627647234496e-02
1.910919234393836859e+03	1.816081487447946952e-01	1.126105181109286757e-01	2.946757949829117429e-01	1.868463490014622419e-01	8.673689861913941312e-02	3.930252279740838878e-02	9.821976774273918909e-02
1.915757004607492036e+03	1.813143691679323100e-01	1.124113852457137713e-01	2.948567494753914775e-01	1.869728718599611705e-01	8.679798199142525761e-02	3.934767623767718159e-02	9.829896602128321281e-02
1.920594774821147894e+03	1.810223577785329829e-01	1.122134247196173995e-01	2.950367289548608274e-01	1.870986068482920206e-01	8.685869430731539553e-02	3.939255238159392047e-02	9.837763500917186266e-02
1.925432545034802843e+03	1.807321040080685781e-01	1.120166295670408929e-01	2.952157381276303560e-01	1.872235591056459203e-01	8.691903765327727016e-02	3.943715296579129032e-02	9.845577857193008042e-02
1.930270315248458019e+03	1.804435973507390045e-01	1.118209928640930134e-01	2.953937816828476337e-01	1.873477337240545826e-01	8.697901411974577612e-02	3.948147971408512424e-02	9.853340054381927449e-02
1.935108085462113195e+03	1.801568273630983763e-01	1.116265077283469243e-01	2.955708642926381247e-01	1.874711357498468900e-01	8.703862579961306467e-02	3.952553433772697938e-02	9.861050472811398737e-02
1.939945855675768371e+03	1.798717836636841427e-01	1.114331673185976479e-01	2.957469906122308090e-01	1.875937701849981765e-01	8.709787478685719619e-02	3.956931853564001761e-02	9.868709489737635676e-02
1.944783625889424002e+03	1.795884559326486329e-01	1.112409648346201624e-01	2.959221652800690938e-01	1.877156419883808380e-01	8.715676317529769124e-02	3.961283399463964849e-02	9.876317479372818953e-02
1.949621396103079178e+03	1.793068339113934317e-01	1.110498935169280249e-01	2.960963929179092347e-01	1.878367560769256817e-01	8.721529305746683614e-02	3.965608238964023896e-02	9.883874812912073204e-02
1.954459166316734354e+03	1.790269074022060591e-01	1.108599466465328837e-01	2.962696781309070437e-01	1.879571173267005624e-01	8.727346652358647372e-02	3.969906538384907618e-02	9.891381858560212292e-02
1.959296936530389530e+03	1.787486662678993976e-01	1.106711175447046419e-01	2.964420255076936628e-01	1.880767305739140249e-01	8.733128566064135567e-02	3.974178462894864539e-02	9.898838981558247263e-02
1.964134706744044706e+03	1.784721004314533677e-01	1.104833995727325657e-01	2.966134396204428980e-01	1.881956006158501393e-01	8.738875255154038291e-02	3.978424176526817319e-02	9.906246544209669491e-02
1.968972476957700337e+03	1.781971998756591569e-01	1.102967861316872106e-01	2.967839250249291738e-01	1.883137322117402201e-01	8.744586927435805956e-02	3.982643842194547035e-02	9.913604905906489573e-02
1.973810247171355968e+03	1.779239546427656693e-01	1.101112706621833470e-01	2.969534862605788250e-01	1.884311300835768144e-01	8.750263790164933275e-02	3.986837621707974011e-02	9.920914423155052786e-02
1.978648017385010689e+03	1.776523548341282233e-01	1.099268466441438857e-01	2.971221278505136176e-01	1.885477989168750923e-01	8.755906049983108730e-02	3.991005675787617779e-02	9.928175449601613078e-02
1.983485787598666320e+03	1.773823906098598302e-01	1.097435075965647044e-01	2.972898543015893846e-01	1.886637433613856385e-01	8.761513912862475828e-02	3.995148164078309722e-02	9.935388336057683623e-02
1.988323557812321269e+03	1.771140521884843333e-01	1.095612470772807517e-01	2.974566701044281669e-01	1.887789680317630281e-01	8.767087584055441307e-02	3.999265245162206273e-02	9.942553430525152836e-02
1.993161328025976900e+03	1.768473298465920163e-01	1.093800586827330251e-01	2.976225797334465240e-01	1.888934775081936024e-01	8.772627268049568161e-02	4.003357076571178313e-02	9.949671078221164477e-02
1.997999098239632076e+03	1.765822139184972384e-01	1.091999360477368120e-01	2.977875876468791261e-01	1.890072763369862463e-01	8.778133168527089969e-02	4.007423814798613537e-02	9.956741621602778480e-02
2.002836868453287707e+03	1.763186947958983175e-01	1.090208728452509573e-01	2.979516982867985164e-01	1.891203690311290264e-01	8.783605488328645461e-02	4.011465615310692151e-02	9.963765400391400018e-02
2.007674638666942428e+03	1.760567629275394397e-01	1.088428627861483949e-01	2.981149160791320418e-01	1.892327600708142432e-01	8.789044429420865556e-02	4.015482632557165060e-02	9.970742751596976816e-02
2.012512408880597604e+03	1.757964088188746499e-01	1.086658996189877741e-01	2.982772454336755086e-01	1.893444539039350616e-01	8.794450192867463156e-02	4.019475019981687963e-02	9.977674009541973033e-02
2.017350179094252780e+03	1.755376230317340081e-01	1.084899771297863219e-01	2.984386907441044512e-01	1.894554549465554405e-01	8.799822978803523155e-02	4.023442930031742581e-02	9.984559505885128028e-02
2.022187949307908411e+03	1.752803961839917157e-01	1.083150891417938577e-01	2.985992563879836248e-01	1.895657675833562206e-01	8.805162986412716497e-02	4.027386514168176251e-02	9.991399569644981993e-02
2.027025719521564042e+03	1.750247189492361855e-01	1.081412295152680975e-01	2.987589467267739440e-01	1.896753961680586187e-01	8.810470413907164899e-02	4.031305922874389019e-02	9.998194527223183692e-02
2.031863489735218764e+03	1.747705820564423862e-01	1.079683921472511104e-01	2.989177661058382562e-01	1.897843450238274610e-01	8.815745458509721688e-02	4.035201305665205712e-02	1.000494470242758033e-01
2.036701259948874394e+03	1.745179762896456599e-01	1.077965709713470804e-01	2.990757188544457823e-01	1.898926184436555975e-01	8.820988316438481414e-02	4.039072811095444082e-02	1.001165041649508675e-01
2.041539030162529116e+03	1.742668924876180359e-01	1.076257599575012602e-01	2.992328092857757804e-01	1.900002206907308866e-01	8.826199182893271211e-02	4.042920586768213725e-02	1.001831198811434509e-01
2.046376800376184747e+03	1.740173215435461829e-01	1.074559531117801614e-01	2.993890416969193224e-01	1.901071559987874415e-01	8.831378252043992072e-02	4.046744779342961035e-02	1.002492973344815685e-01
2.051214570589840150e+03	1.737692544047113596e-01	1.072871444761530207e-01	2.995444203688816254e-01	1.902134285724419172e-01	8.836525717020629611e-02	4.050545534543281700e-02	1.003150396615571788e-01
2.056052340803495554e+03	1.735226820721711971e-01	1.071193281282745574e-01	2.996989495665827730e-01	1.903190425875166125e-01	8.841641769904766412e-02	4.054322997164514636e-02	1.003803499741462990e-01
2.060890111017150957e+03	1.732775956004434792e-01	1.069524981812688680e-01	2.998526335388586594e-01	1.904240021913497782e-01	8.846726601722491867e-02	4.058077311081141614e-02	1.004452313594271645e-01
2.065727881230805451e+03	1.730339860971916999e-01	1.067866487835146816e-01	3.000054765184616001e-01	1.905283115030945995e-01	8.851780402438555462e-02	4.061808619253996083e-02	1.005096868801961113e-01
2.070565651444461309e+03	1.727918447229125354e-01	1.066217741184318640e-01	3.001574827220609420e-01	1.906319746140074933e-01	8.856803360951677473e-02	4.065517063737304065e-02	1.005737195750816132e-01
2.075403421658116713e+03	1.725511626906251483e-01	1.064578684042690876e-01	3.003086563502428419e-01	1.907349955877265246e-01	8.861795665090883845e-02	4.069202785685568230e-02	1.006373324587561541e-01
2.080241191871772116e+03	1.723119312655622404e-01	1.062949258938929026e-01	3.004590015875114317e-01	1.908373784605406631e-01	8.866757501612795855e-02	4.072865925360297928e-02	1.007005285221461155e-01
2.085078962085427065e+03	1.720741417648630756e-01	1.061329408745778913e-01	3.006085226022890966e-01	1.909391272416506857e-01	8.871689056199773271e-02	4.076506622136603919e-02	1.007633107326397076e-01
2.089916732299082469e+03	1.718377855572682245e-01	1.059719076677981681e-01	3.007572235469175292e-01	1.910402459134223629e-01	8.876590513458840204e-02	4.080125014509667497e-02	1.008256820342928461e-01
2.094754502512737417e+03	1.716028540628159460e-01	1.058118206290202257e-01	3.009051085576589513e-01	1.911407384316320401e-01	8.881462056921310411e-02	4.083721240101086114e-02	1.008876453480330726e-01
2.099592272726392821e+03	1.713693387525405953e-01	1.056526741474967390e-01	3.010521817546977230e-01	1.912406087257058074e-01	8.886303869043063464e-02	4.087295435665110749e-02	1.009492035718615732e-01
2.104430042940048224e+03	1.711372311481726416e-01	1.054944626460619234e-01	3.011984472421423420e-01	1.913398606989522854e-01	8.891116131205396844e-02	4.090847737094773645e-02	1.010103595810532828e-01
2.109267813153704083e+03	1.709065228218405175e-01	1.053371805809279194e-01	3.013439091080281074e-01	1.914384982287893611e-01	8.895899023716404008e-02	4.094378279427921680e-02	1.010711162283549902e-01
2.114105583367359031e+03	1.706772053957740787e-01	1.051808224414824966e-01	3.014885714243201731e-01	1.915365251669658708e-01	8.900652725812829846e-02	4.097887196853156749e-02	1.011314763441816811e-01
2.118943353581013525e+03	1.704492705420099508e-01	1.050253827500880199e-01	3.016324382469171006e-01	1.916339453397777615e-01	8.905377415662360518e-02	4.101374622715685953e-02	1.011914427368108271e-01
2.123781123794669384e+03	1.702227099820984579e-01	1.048708560618814845e-01	3.017755136156552997e-01	1.917307625482798650e-01	8.910073270366297704e-02	4.104840689523096137e-02	1.012510181925750652e-01
2.128618894008324787e+03	1.699975154868123284e-01	1.047172369645759521e-01	3.019178015543139137e-01	1.918269805684928442e-01	8.914740465962583960e-02	4.108285528951045873e-02	1.013102054760528087e-01
2.133456664221980191e+03	1.697736788758570925e-01	1.045645200782630568e-01	3.020593060706201483e-01	1.919226031516063080e-01	8.919379177429152816e-02	4.111709271848885960e-02	1.013690073302571659e-01
2.138294434435635139e+03	1.695511920175831466e-01	1.044127000552168422e-01	3.022000311562557107e-01	1.920176340241777635e-01	8.923989578687556434e-02	4.115112048245210541e-02	1.014274264768230543e-01
2.143132204649290543e+03	1.693300468286993987e-01	1.042617715796986672e-01	3.023399807868637490e-01	1.921120768883279317e-01	8.928571842606849995e-02	4.118493987353344377e-02	1.014854656161924551e-01
2.147969974862945492e+03	1.691102352739888015e-01	1.041117293677634031e-01	3.024791589220565680e-01	1.922059354219326222e-01	8.933126141007710630e-02	4.121855217576766983e-02	1.015431274277980300e-01
2.152807745076601350e+03	1.688917493660252733e-01	1.039625681670667962e-01	3.026175695054236781e-01	1.922992132788112762e-01	8.937652644666756185e-02	4.125195866514471538e-02	1.016004145702448652e-01
2.157645515290255844e+03	1.686745811648924787e-01	1.038142827566739673e-01	3.027552164645412880e-01	1.923919140889125412e-01	8.942151523321061057e-02	4.128516060966277296e-02	1.016573296814905353e-01
2.162483285503912157e+03	1.684587227779040797e-01	1.036668679468691623e-01	3.028921037109819081e-01	1.924840414584965687e-01	8.946622945672817739e-02	4.131815926938078865e-02	1.017138753790234745e-01
2.167321055717567106e+03	1.682441663593257641e-01	1.035203185789666108e-01	3.030282351403251195e-01	1.925755989703149262e-01	8.951067079394162129e-02	4.135095589647046904e-02	1.017700542600396274e-01
2.172158825931222509e+03	1.680309041100986611e-01	1.033746295251225522e-01	3.031636146321688430e-01	1.926665901837877060e-01	8.955484091132118185e-02	4.138355173526780950e-02	1.018258689016174195e-01
2.176996596144877003e+03	1.678189282775645885e-01	1.032297956881485235e-01	3.032982460501413291e-01	1.927570186351779680e-01	8.959874146513660542e-02	4.141594802232408112e-02	1.018813218608910776e-01
2.181834366358532861e+03	1.676082311551927995e-01	1.030858120013255913e-01	3.034321332419142037e-01	1.928468878377640472e-01	8.964237410150879826e-02	4.144814598645642223e-02	1.019364156752222972e-01
2.186672136572187810e+03	1.673988050823083384e-01	1.029426734282199302e-01	3.035652800392160122e-01	1.929362012820093619e-01	8.968574045646234005e-02	4.148014684879793024e-02	1.019911528623703295e-01
2.191509906785843214e+03	1.671906424438217298e-01	1.028003749624993995e-01	3.036976902578464865e-01	1.930249624357302241e-01	8.972884215597874691e-02	4.151195182284735108e-02	1.020455359206602908e-01
2.196347676999498617e+03	1.669837356699607478e-01	1.026589116277513980e-01	3.038293676976917546e-01	1.931131747442613178e-01	8.977168081605051142e-02	4.154356211451835229e-02	1.020995673291501538e-01
2.201185447213154021e+03	1.667780772360032415e-01	1.025182784773016331e-01	3.039603161427402722e-01	1.932008416306193743e-01	8.981425804273553137e-02	4.157497892218833813e-02	1.021532495477958519e-01
2.206023217426809424e+03	1.665736596620117915e-01	1.023784705940341960e-01	3.040905393610991991e-01	1.932879664956648480e-01	8.985657543221220456e-02	4.160620343674696631e-02	1.022065850176150786e-01
2.210860987640464373e+03	1.663704755125696988e-01	1.022394830902126767e-01	3.042200411050118847e-01	1.933745527182616775e-01	8.989863457083480114e-02	4.163723684164419292e-02	1.022595761608493803e-01
2.215698757854119776e+03	1.661685173965188334e-01	1.021013111073023477e-01	3.043488251108757425e-01	1.934606036554353814e-01	8.994043703518928012e-02	4.166808031293797732e-02	1.023122253811247356e-01
2.220536528067775180e+03	1.659677779666985653e-01	1.019639498157935004e-01	3.044768950992612910e-01	1.935461226425292669e-01	8.998198439214928623e-02	4.169873501934164006e-02	1.023645350636106927e-01
2.225374298281430583e+03	1.657682499196865278e-01	1.018273944150258903e-01	3.046042547749314156e-01	1.936311129933591668e-01	9.002327819893242433e-02	4.172920212227082537e-02	1.024165075751779647e-01
2.230212068495085077e+03	1.655699259955408231e-01	1.016916401330141273e-01	3.047309078268616300e-01	1.937155780003663175e-01	9.006432000315664488e-02	4.175948277589014435e-02	1.024681452645544999e-01
2.235049838708740936e+03	1.653727989775436447e-01	1.015566822262743557e-01	3.048568579282609492e-01	1.937995209347689041e-01	9.010511134289679591e-02	4.178957812715949210e-02	1.025194504624801078e-01
2.239887608922396339e+03	1.651768616919463695e-01	1.014225159796518089e-01	3.049821087365933714e-01	1.938829450467119686e-01	9.014565374674118892e-02	4.181948931587996937e-02	1.025704254818596423e-01
2.244725379136052197e+03	1.649821070077162333e-01	1.012891367061495712e-01	3.051066638936002495e-01	1.939658535654157911e-01	9.018594873384822019e-02	4.184921747473954734e-02	1.026210726179147548e-01
2.249563149349706237e+03	1.647885278362845041e-01	1.011565397467582839e-01	3.052305270253230507e-01	1.940482496993230221e-01	9.022599781400300611e-02	4.187876372935835090e-02	1.026713941483341913e-01
2.254400919563362095e+03	1.645961171312958771e-01	1.010247204702870299e-01	3.053537017421270594e-01	1.941301366362442049e-01	9.026580248767389347e-02	4.190812919833368511e-02	1.027213923334226592e-01
2.259238689777017044e+03	1.644048678883595627e-01	1.008936742731950803e-01	3.054761916387256360e-01	1.942115175435020213e-01	9.030536424606902535e-02	4.193731499328468004e-02	1.027710694162483340e-01
2.264076459990672902e+03	1.642147731448018178e-01	1.007633965794249020e-01	3.055980002942048634e-01	1.942923955680742887e-01	9.034468457119268492e-02	4.196632221889670666e-02	1.028204276227890068e-01
2.268914230204327851e+03	1.640258259794196982e-01	1.006338828402360136e-01	3.057191312720491938e-01	1.943727738367355684e-01	9.038376493590161154e-02	4.199515197296541796e-02	1.028694691620767460e-01
2.273752000417983254e+03	1.638380195122364213e-01	1.005051285340399503e-01	3.058395881201675381e-01	1.944526554561974152e-01	9.042260680396110861e-02	4.202380534644054727e-02	1.029181962263413519e-01
2.278589770631638203e+03	1.636513469042580049e-01	1.003771291662361870e-01	3.059593743709198010e-01	1.945320435132475989e-01	9.046121163010102662e-02	4.205228342346935960e-02	1.029666109911523686e-01
2.283427540845293606e+03	1.634658013572316271e-01	1.002498802690492408e-01	3.060784935411443586e-01	1.946109410748879109e-01	9.049958086007155178e-02	4.208058728143988098e-02	1.030147156155597626e-01
2.288265311058949010e+03	1.632813761134049857e-01	1.001233774013664951e-01	3.061969491321859804e-01	1.946893511884709160e-01	9.053771593069877277e-02	4.210871799102377383e-02	1.030625122422333673e-01
2.293103081272604413e+03	1.630980644552872671e-01	9.999761614857731462e-02	3.063147446299241405e-01	1.947672768818354827e-01	9.057561826994008081e-02	4.213667661621897653e-02	1.031100029976009663e-01
2.297940851486259817e+03	1.629158597054116142e-01	9.987259212241295092e-02	3.064318835048021050e-01	1.948447211634410370e-01	9.061328929693931999e-02	4.216446421439201675e-02	1.031571899919851154e-01
2.302778621699914765e+03	1.627347552260986208e-01	9.974830096078753094e-02	3.065483692118566861e-01	1.949216870225009279e-01	9.065073042208168785e-02	4.219208183632009584e-02	1.032040753197385891e-01
2.307616391913570169e+03	1.625547444192215474e-01	9.962473832763998893e-02	3.066642051907480515e-01	1.949981774291145165e-01	9.068794304704844156e-02	4.221953052623287489e-02	1.032506610593787316e-01
2.312454162127225118e+03	1.623758207259727027e-01	9.950189991277696988e-02	3.067793948657905889e-01	1.950741953343981538e-01	9.072492856487127111e-02	4.224681132185398313e-02	1.032969492737204481e-01
2.317291932340880976e+03	1.621979776266313789e-01	9.937978143171675993e-02	3.068939416459841030e-01	1.951497436706151889e-01	9.076168835998645046e-02	4.227392525444225585e-02	1.033429420100079738e-01
2.322129702554535925e+03	1.620212086403328144e-01	9.925837862553409108e-02	3.070078489250454012e-01	1.952248253513048926e-01	9.079822380828875272e-02	4.230087334883272931e-02	1.033886413000453947e-01
2.326967472768191783e+03	1.618455073248387666e-01	9.913768726070597281e-02	3.071211200814407127e-01	1.952994432714101614e-01	9.083453627718501844e-02	4.232765662347735131e-02	1.034340491603260581e-01
2.331805242981846732e+03	1.616708672763093879e-01	9.901770312895839810e-02	3.072337584784181064e-01	1.953736003074046101e-01	9.087062712564748790e-02	4.235427609048543485e-02	1.034791675921606369e-01
2.336643013195502135e+03	1.614972821290763250e-01	9.889842204711407625e-02	3.073457674640407977e-01	1.954472993174180828e-01	9.090649770426681431e-02	4.238073275566382747e-02	1.035239985818041525e-01
2.341480783409156629e+03	1.613247455554171761e-01	9.877983985694109570e-02	3.074571503712208442e-01	1.955205431413616080e-01	9.094214935530479937e-02	4.240702761855687924e-02	1.035685441005816387e-01
2.346318553622812487e+03	1.611532512653313098e-01	9.866195242500239160e-02	3.075679105177531736e-01	1.955933346010512719e-01	9.097758341274686522e-02	4.243316167248609855e-02	1.036128061050129029e-01
2.351156323836467891e+03	1.609827930063169321e-01	9.854475564250633757e-02	3.076780512063502226e-01	1.956656765003309817e-01	9.101280120235415161e-02	4.245913590458957193e-02	1.036567865369358299e-01
2.355994094050123294e+03	1.608133645631494024e-01	9.842824542515808683e-02	3.077875757246768540e-01	1.957375716251942566e-01	9.104780404171539110e-02	4.248495129586114111e-02	1.037004873236287983e-01
2.360831864263778243e+03	1.606449597576610488e-01	9.831241771301195420e-02	3.078964873453859941e-01	1.958090227439053532e-01	9.108259324029842341e-02	4.251060882118934403e-02	1.037439103779317917e-01
2.365669634477433647e+03	1.604775724485220378e-01	9.819726847032458905e-02	3.080047893261541048e-01	1.958800326071191145e-01	9.111717009950141832e-02	4.253610944939607147e-02	1.037870575983665389e-01
2.370507404691088595e+03	1.603111965310225207e-01	9.808279368540913368e-02	3.081124849097178209e-01	1.959506039480000961e-01	9.115153591270384881e-02	4.256145414327498072e-02	1.038299308692554324e-01
2.375345174904743999e+03	1.601458259368562786e-01	9.796898937049025591e-02	3.082195773239105319e-01	1.960207394823406390e-01	9.118569196531700616e-02	4.258664385962970117e-02	1.038725320608393510e-01
2.380182945118399402e+03	1.599814546339054511e-01	9.785585156156005604e-02	3.083260697816994078e-01	1.960904419086781925e-01	9.121963953483440413e-02	4.261167954931174146e-02	1.039148630293945247e-01
2.385020715332054806e+03	1.598180766260263730e-01	9.774337631823491745e-02	3.084319654812227030e-01	1.961597139084116093e-01	9.125337989088175283e-02	4.263656215725821624e-02	1.039569256173481782e-01
2.389858485545710209e+03	1.596556859528371064e-01	9.763155972361310664e-02	3.085372676058280028e-01	1.962285581459165262e-01	9.128691429526657186e-02	4.266129262252928156e-02	1.039987216533931474e-01
2.394696255759364703e+03	1.594942766895056374e-01	9.752039788413346955e-02	3.086419793241100828e-01	1.962969772686600223e-01	9.132024400202765069e-02	4.268587187834537583e-02	1.040402529526015390e-01
