1.436817753455619140e+03	2.210146289652242801e-01	1.391184867612417497e-01	2.712990951898872627e-01	1.672887944414679917e-01	8.066998749263026847e-02	3.326254867049747987e-02	8.734645847843497402e-02
1.441655523669274316e+03	2.204811228283601598e-01	1.387653108941148683e-01	2.716390145216696084e-01	1.677670952085956735e-01	8.040620239393431179e-02	3.334297675639517206e-02	8.759827739631417809e-02
1.446493293882929493e+03	2.199511061600172013e-01	1.384136801467303612e-01	2.719700508542786110e-01	1.682088707335269440e-01	8.020853781349017442e-02	3.342293276775502864e-02	8.782482152358563054e-02
1.451331064096585123e+03	2.194245141430872237e-01	1.380636860085635853e-01	2.722935264924367660e-01	1.686200375866716838e-01	8.006510949048807613e-02	3.350241901461285116e-02	8.803070726352384134e-02
1.456168834310240300e+03	2.189012898600607993e-01	1.377154013555120793e-01	2.726105295889936775e-01	1.690054736428142079e-01	7.996615054339747952e-02	3.358143788252544032e-02	8.821971712608034366e-02
1.461006604523895703e+03	2.183813829220116465e-01	1.373688837850529088e-01	2.729219558413199520e-01	1.693692025603240059e-01	7.990363421550672474e-02	3.365999181609218016e-02	8.839494885907657473e-02
1.465844374737550879e+03	2.178647483410008912e-01	1.370241783568085792e-01	2.732285427589744575e-01	1.697145454136448350e-01	7.987096384199962595e-02	3.373808330543550532e-02	8.855893798152013330e-02
1.470682144951206283e+03	2.173513456025602253e-01	1.366813198444826738e-01	2.735308978263278346e-01	1.700442453309570501e-01	7.986271806031863818e-02	3.381571487511269430e-02	8.871375845962484186e-02
1.475519915164861459e+03	2.168411379026347618e-01	1.363403345862448379e-01	2.738295216479593730e-01	1.703605699461958334e-01	7.987444141998957525e-02	3.389288907502539111e-02	8.886110542133424106e-02
1.480357685378516862e+03	2.163340915197116410e-01	1.360012420051260607e-01	2.741248269708039254e-01	1.706653956176962250e-01	7.990247230217169261e-02	3.396960847297066100e-02	8.900236311090389818e-02
1.485195455592172038e+03	2.158301752980759380e-01	1.356640558582354050e-01	2.744171543177303385e-01	1.709602766615181124e-01	7.994380150072008528e-02	3.404587564854070353e-02	8.913866071456358342e-02
1.490033225805827215e+03	2.153293602224207459e-01	1.353287852631271659e-01	2.747067848363198284e-01	1.712465022687695293e-01	7.999595600120307237e-02	3.412169318813068619e-02	8.927091821941310346e-02
1.494870996019482618e+03	2.148316190675607917e-01	1.349954355410365181e-01	2.749939508590278914e-01	1.715251433006366455e-01	8.005690346787690259e-02	3.419706368085690534e-02	8.939988408238849771e-02
1.499708766233137567e+03	2.143369261098930778e-01	1.346640089096238779e-01	2.752788445824991270e-01	1.717970907639668199e-01	8.012497374869849420e-02	3.427198971522289056e-02	8.952616616947994821e-02
1.504546536446793198e+03	2.138452568896272443e-01	1.343345050520509953e-01	2.755616252011462985e-01	1.720630874490356454e-01	8.019879436596888400e-02	3.434647387639978150e-02	8.965025716515534482e-02
1.509384306660448374e+03	2.133565880147635929e-01	1.340069215844326977e-01	2.758424247703912813e-01	1.723237539471506596e-01	8.027723750054736873e-02	3.442051874401143297e-02	8.977255543808716765e-02
1.514222076874103550e+03	2.128708969994023981e-01	1.336812544397790736e-01	2.761213530258939119e-01	1.725796100488020679e-01	8.035937642163933081e-02	3.449412689033391766e-02	8.989338217353351479e-02
1.519059847087758726e+03	2.123881621302897149e-01	1.333574981833154927e-01	2.763985013447674000e-01	1.728310923447860248e-01	8.044444967909472610e-02	3.456730087883545105e-02	9.001299543829537064e-02
1.523897617301414357e+03	2.119083623565893026e-01	1.330356462714140375e-01	2.766739460016370833e-01	1.730785687062073308e-01	8.053183167505967299e-02	3.464004326299582881e-02	9.013160172548090321e-02
1.528735387515069533e+03	2.114314771987624297e-01	1.327156912641903885e-01	2.769477508451620995e-01	1.733223501988577220e-01	8.062100847828926331e-02	3.471235658535527097e-02	9.024936542876700607e-02
1.533573157728724709e+03	2.109574866731703802e-01	1.323976250000279964e-01	2.772199694982576124e-01	1.735627008885096412e-01	8.071155794697622288e-02	3.478424337675170563e-02	9.036641661569067008e-02
1.538410927942380113e+03	2.104863712296166089e-01	1.320814387388190292e-01	2.774906471668603380e-01	1.737998459123412942e-01	8.080313339240534354e-02	3.485570615571258191e-02	9.048285740362899121e-02
1.543248698156035516e+03	2.100181116995407382e-01	1.317671232795020186e-01	2.777598221269627077e-01	1.740339781248750606e-01	8.089545015253742088e-02	3.492674742797354653e-02	9.059876718799268758e-02
1.548086468369690692e+03	2.095526892529834817e-01	1.314546690564805942e-01	2.780275269472183286e-01	1.742652635718846543e-01	8.098827455704493694e-02	3.499736968610114157e-02	9.071420692767107052e-02
1.552924238583346096e+03	2.090900853627762346e-01	1.311440662186917627e-01	2.782937894942109636e-01	1.744938460005878433e-01	8.108141485770838097e-02	3.506757540920082267e-02	9.082922265620817226e-02
1.557762008797001272e+03	2.086302817746833460e-01	1.308353046944197851e-01	2.785586337590906791e-01	1.747198505773434607e-01	8.117471377400595212e-02	3.513736706269485199e-02	9.094384835714607040e-02
1.562599779010656675e+03	2.081732604824518273e-01	1.305283742443998085e-01	2.788220805373828326e-01	1.749433869535844399e-01	8.126804236612469867e-02	3.520674709815746484e-02	9.105810831728311516e-02
1.567437549224311852e+03	2.077190037069079342e-01	1.302232645053024718e-01	2.790841479881112086e-01	1.751645517956616771e-01	8.136129499889768746e-02	3.527571795319695003e-02	9.117201905130621620e-02
1.572275319437967255e+03	2.072674938783939380e-01	1.299199650253171634e-01	2.793448520937187873e-01	1.753834308736825220e-01	8.145438520231201851e-02	3.534428205137601225e-02	9.128559087458365529e-02
1.577113089651622431e+03	2.068187136219626632e-01	1.296184652932460546e-01	2.796042070384417988e-01	1.756001007875026831e-01	8.154724226886279903e-02	3.541244180216351900e-02	9.139882918720459992e-02
1.581950859865277607e+03	2.063726457448512297e-01	1.293187547622686728e-01	2.798622255196484554e-01	1.758146303941225397e-01	8.163980845648888263e-02	3.548019960091183117e-02	9.151173552109259646e-02
1.586788630078933011e+03	2.059292732258399539e-01	1.290208228693301984e-01	2.801189190040686561e-01	1.760270819893071104e-01	8.173203668921436016e-02	3.554755782885495735e-02	9.162430839276897165e-02
1.591626400292587959e+03	2.054885792061722505e-01	1.287246590509371347e-01	2.803742979387163770e-01	1.762375122868538591e-01	8.182388866684132955e-02	3.561451885312373611e-02	9.173654399673948634e-02
1.596464170506243590e+03	2.050505469817683613e-01	1.284302527560034768e-01	2.806283719245605823e-01	1.764459732312110840e-01	8.191533331083500347e-02	3.568108502677479199e-02	9.184843676823090108e-02
1.601301940719898766e+03	2.046151599965130297e-01	1.281375934562759833e-01	2.808811498595664147e-01	1.766525126728028250e-01	8.200634548652462052e-02	3.574725868883064234e-02	9.195997983887066463e-02
1.606139710933553943e+03	2.041824018364360449e-01	1.278466706547733700e-01	2.811326400565489769e-01	1.768571749302007001e-01	8.209690495241082908e-02	3.581304216432888710e-02	9.207116540468532340e-02
1.610977481147209119e+03	2.037522562246364133e-01	1.275574738925960017e-01	2.813828503403122405e-01	1.770600012589947647e-01	8.218699549613849020e-02	3.587843776437865673e-02	9.218198502232752278e-02
1.615815251360864750e+03	2.033247070168268666e-01	1.272699927543993748e-01	2.816317881277507484e-01	1.772610302436921081e-01	8.227660422389836137e-02	3.594344778622289571e-02	9.229242984659374871e-02
1.620653021574519926e+03	2.028997381973972891e-01	1.269842168727719489e-01	2.818794604939356963e-01	1.774602981260751944e-01	8.236572097594287156e-02	3.600807451330527431e-02	9.240249081995581537e-02
1.625490791788175102e+03	2.024773338759130736e-01	1.267001359317157516e-01	2.821258742266701813e-01	1.776578390810706898e-01	8.245433784576711167e-02	3.607232021534081262e-02	9.251215882290649006e-02
1.630328562001830505e+03	2.020574782839794081e-01	1.264177396693913769e-01	2.823710358715558755e-01	1.778536854492219488e-01	8.254244878450534006e-02	3.613618714838939122e-02	9.262142479234077019e-02
1.635166332215485909e+03	2.016401557724139815e-01	1.261370178802615760e-01	2.826149517692496671e-01	1.780478679332502534e-01	8.263004927538014632e-02	3.619967755493146838e-02	9.273027981389707353e-02
1.640004102429141085e+03	2.012253508086806753e-01	1.258579604167424648e-01	2.828576280862911130e-01	1.782404157648657672e-01	8.271713606574192246e-02	3.626279366394553200e-02	9.283871519311664988e-02
1.644841872642796488e+03	2.008130479745454389e-01	1.255805571904526352e-01	2.830990708406354028e-01	1.784313568469024780e-01	8.280370694645663998e-02	3.632553769098681440e-02	9.294672250940469449e-02
1.649679642856451665e+03	2.004032319639211801e-01	1.253047981731338634e-01	2.833392859228247018e-01	1.786207178749568691e-01	8.288976057022340305e-02	3.638791183826693004e-02	9.305429365605713543e-02
1.654517413070107068e+03	1.999958875808749981e-01	1.250306733973038098e-01	2.835782791135657011e-01	1.788085244419749809e-01	8.297529630190315919e-02	3.644991829473411687e-02	9.316142086902734487e-02
1.659355183283762244e+03	1.995909997377751932e-01	1.247581729566910741e-01	2.838160560983439273e-01	1.789948011286270346e-01	8.306031409517163067e-02	3.651155923615391485e-02	9.326809674662131511e-02
1.664192953497417420e+03	1.991885534535594027e-01	1.244872870064926279e-01	2.840526224795947297e-01	1.791795715818125523e-01	8.314481439082216374e-02	3.657283682518998325e-02	9.337431426191264427e-02
1.669030723711072824e+03	1.987885338521077350e-01	1.242180057634876683e-01	2.842879837868568238e-01	1.793628585832290068e-01	8.322879803287658307e-02	3.663375321148502201e-02	9.348006676934139669e-02
1.673868493924728000e+03	1.983909261607085250e-01	1.239503195060350782e-01	2.845221454852602250e-01	1.795446841096005608e-01	8.331226619934561928e-02	3.669431053174159602e-02	9.358534800669261744e-02
1.678706264138383403e+03	1.979957157086050246e-01	1.236842185739769340e-01	2.847551129826386140e-01	1.797250693858870041e-01	8.339522034504330550e-02	3.675451090980275809e-02	9.369015209343065087e-02
1.683544034352038352e+03	1.976028879256142290e-01	1.234196933684666292e-01	2.849868916355018378e-01	1.799040349325642940e-01	8.347766215432067538e-02	3.681435645673242912e-02	9.379447352618423828e-02
1.688381804565693983e+03	1.972124283408096812e-01	1.231567343517366575e-01	2.852174867540667180e-01	1.800816006078812537e-01	8.355959350196483226e-02	3.687384927089544517e-02	9.389830717202973798e-02
1.693219574779349159e+03	1.968243225812618957e-01	1.228953320468182259e-01	2.854469036065062082e-01	1.802577856458420225e-01	8.364101642082065469e-02	3.693299143803722984e-02	9.400164826009810293e-02
1.698057344993004335e+03	1.964385563708306026e-01	1.226354770372229813e-01	2.856751474225500131e-01	1.804326086905364279e-01	8.372193307494940617e-02	3.699178503136305723e-02	9.410449237193184435e-02
1.702895115206659511e+03	1.960551155290039538e-01	1.223771599665949700e-01	2.859022233965465842e-01	1.806060878273365311e-01	8.380234573734893222e-02	3.705023211161680152e-02	9.420683543093659462e-02
1.707732885420315142e+03	1.956739859697807227e-01	1.221203715383396560e-01	2.861281366900759737e-01	1.807782406113897233e-01	8.388225677143371084e-02	3.710833472715930476e-02	9.430867369120524146e-02
1.712570655633970318e+03	1.952951537005918337e-01	1.218651025152353851e-01	2.863528924341891546e-01	1.809490840937688638e-01	8.396166861561514538e-02	3.716609491404616189e-02	9.441000372593777445e-02
1.717408425847625494e+03	1.949186048212580569e-01	1.216113437190316782e-01	2.865764957313340910e-01	1.811186348455801620e-01	8.404058377043965855e-02	3.722351469610508945e-02	9.451082241563557584e-02
1.722246196061280898e+03	1.945443255229812318e-01	1.213590860300382268e-01	2.867989516570202402e-01	1.812869089802814082e-01	8.411900478783847224e-02	3.728059608501264888e-02	9.461112693621205605e-02
1.727083966274936301e+03	1.941723020873667160e-01	1.211083203867072272e-01	2.870202652612631189e-01	1.814539221744227993e-01	8.419693426212179754e-02	3.733734108037058130e-02	9.471091474713211333e-02
1.731921736488591478e+03	1.938025208854749493e-01	1.208590377852116621e-01	2.872404415698432412e-01	1.816196896869895216e-01	8.427437482241524613e-02	3.739375166978149007e-02	9.481018357966825016e-02
1.736759506702246881e+03	1.934349683769001071e-01	1.206112292790213064e-01	2.874594855854091247e-01	1.817842263774978318e-01	8.435132912629003665e-02	3.744982982892409995e-02	9.490893142534180538e-02
1.741597276915902057e+03	1.930696311088745676e-01	1.203648859784779840e-01	2.876774022884473481e-01	1.819475467229733634e-01	8.442779985438199353e-02	3.750557752162787806e-02	9.500715652460119121e-02
1.746435047129557461e+03	1.927064957153971914e-01	1.201199990503713649e-01	2.878941966381398654e-01	1.821096648339215196e-01	8.450378970583070914e-02	3.756099669994721058e-02	9.510485735577649258e-02
1.751272817343212637e+03	1.923455489163847232e-01	1.198765597175163455e-01	2.881098735731246752e-01	1.822705944693844560e-01	8.457930139440021644e-02	3.761608930423498282e-02	9.520203262433897529e-02
1.756110587556867813e+03	1.919867775168443980e-01	1.196345592583325373e-01	2.883244380121742223e-01	1.824303490511656467e-01	8.465433764516640258e-02	3.767085726321567352e-02	9.529868125248543154e-02
1.760948357770523216e+03	1.916301684060673638e-01	1.193939890064267817e-01	2.885378948548024125e-01	1.825889416772922269e-01	8.472890119167686418e-02	3.772530249405792874e-02	9.539480236906072719e-02
1.765786127984178393e+03	1.912757085568412563e-01	1.191548403501788284e-01	2.887502489818096763e-01	1.827463851347762291e-01	8.480299477350541903e-02	3.777942690244655982e-02	9.549039529982635000e-02
1.770623898197833569e+03	1.909233850246815911e-01	1.189171047323307751e-01	2.889615052557747976e-01	1.829026919117282823e-01	8.487662113413671494e-02	3.783323238265409727e-02	9.558545955807806749e-02
1.775461668411488745e+03	1.905731849470804484e-01	1.186807736495805593e-01	2.891716685214994476e-01	1.830578742088708466e-01	8.494978301912824159e-02	3.788672081761176175e-02	9.567999483561298590e-02
1.780299438625144376e+03	1.902250955427724488e-01	1.184458386521793360e-01	2.893807436064118610e-01	1.832119439504923120e-01	8.502248317450544768e-02	3.793989407897999794e-02	9.577400099404284606e-02
1.785137208838799552e+03	1.898791041110165223e-01	1.182122913435333517e-01	2.895887353209339321e-01	1.833649127948792923e-01	8.509472434535383933e-02	3.799275402721844636e-02	9.586747805644887932e-02
1.789974979052454728e+03	1.895351980308932760e-01	1.179801233798100507e-01	2.897956484588158355e-01	1.835167921442601158e-01	8.516650927457793119e-02	3.804530251165545024e-02	9.596042619937159013e-02
1.794812749266109904e+03	1.891933647606171831e-01	1.177493264695486375e-01	2.900014877974419480e-01	1.836675931542894880e-01	8.523784070180215333e-02	3.809754137055708367e-02	9.605284574512777673e-02
1.799650519479765535e+03	1.888535918368628441e-01	1.175198923732750089e-01	2.902062580981110140e-01	1.838173267431011393e-01	8.530872136239274484e-02	3.814947243119563153e-02	9.614473715444595003e-02
1.804488289693420711e+03	1.885158668741047927e-01	1.172918129031210593e-01	2.904099641062929393e-01	1.839660035999531873e-01	8.537915398658371680e-02	3.820109750991765307e-02	9.623610101941104666e-02
1.809326059907075887e+03	1.881801775639705965e-01	1.170650799224484673e-01	2.906126105518643254e-01	1.841136341934885845e-01	8.544914129869227160e-02	3.825241841221154598e-02	9.632693805670863862e-02
1.814163830120731291e+03	1.878465116746062813e-01	1.168396853454767431e-01	2.908142021493251295e-01	1.842602287796313298e-01	8.551868601641181289e-02	3.830343693277462463e-02	9.641724910115855030e-02
1.819001600334386467e+03	1.875148570500539957e-01	1.166156211369155649e-01	2.910147435979976716e-01	1.844057974091372620e-01	8.558779085017238775e-02	3.835415485557974041e-02	9.650703509952787695e-02
1.823839370548041643e+03	1.871852016096410554e-01	1.163928793116013327e-01	2.912142395822097662e-01	1.845503499348174203e-01	8.565645850256022042e-02	3.840457395394145101e-02	9.659629710461321850e-02
1.828677140761696819e+03	1.868575333473803668e-01	1.161714519341379148e-01	2.914126947714631988e-01	1.846938960184500989e-01	8.572469166778927396e-02	3.845469599058170401e-02	9.668503626958195596e-02
1.833514910975352450e+03	1.865318403313815376e-01	1.159513311185413897e-01	2.916101138205882681e-01	1.848364451373967210e-01	8.579249303121870562e-02	3.850452271769510409e-02	9.677325384256278695e-02
1.838352681189008081e+03	1.862081107032722282e-01	1.157325090278888968e-01	2.918065013698865062e-01	1.849780065909363280e-01	8.585986526891130344e-02	3.855405587701370845e-02	9.686095116147556972e-02
1.843190451402663257e+03	1.858863326776296343e-01	1.155149778739713168e-01	2.920018620452613511e-01	1.851185895063315046e-01	8.592681104722846297e-02	3.860329719987137115e-02	9.694812964909099717e-02
1.848028221616318433e+03	1.855664945414214895e-01	1.152987299169498103e-01	2.921962004583379402e-01	1.852582028446387585e-01	8.599333302245812383e-02	3.865224840726769195e-02	9.703479080831078907e-02
1.852865991829973609e+03	1.852485846534564773e-01	1.150837574650162426e-01	2.923895212065737437e-01	1.853968554062749297e-01	8.605943384047248790e-02	3.870091120993145867e-02	9.712093621765929830e-02
1.857703762043628785e+03	1.849325914438433305e-01	1.148700528740570770e-01	2.925818288733587624e-01	1.855345558363512282e-01	8.612511613641266051e-02	3.874928730838372165e-02	9.720656752697780234e-02
1.862541532257283961e+03	1.846185034134588676e-01	1.146576085473210854e-01	2.927731280281082316e-01	1.856713126297849514e-01	8.619038253439809116e-02	3.879737839300043817e-02	9.729168645331294496e-02
1.867379302470939592e+03	1.843063091334242176e-01	1.144464169350904448e-01	2.929634232263461646e-01	1.858071341361994255e-01	8.625523564725853798e-02	3.884518614407463794e-02	9.737629477699115410e-02
1.872217072684594768e+03	1.839959972445890102e-01	1.142364705343554138e-01	2.931527190097823476e-01	1.859420285646214976e-01	8.631967807628690426e-02	3.889271223187824866e-02	9.746039433787120898e-02
1.877054842898249490e+03	1.836875564570235875e-01	1.140277618884922017e-01	2.933410199063813950e-01	1.860760039879855443e-01	8.638371241101126807e-02	3.893995831672342894e-02	9.754398703176719865e-02
1.881892613111905121e+03	1.833809755495185712e-01	1.138202835869443902e-01	2.935283304304259211e-01	1.862090683474526831e-01	8.644734122898480033e-02	3.898692604902357500e-02	9.762707480703462781e-02
1.886730383325560297e+03	1.830762433690916458e-01	1.136140282649074074e-01	2.937146550825733282e-01	1.863412294565533478e-01	8.651056709559219737e-02	3.903361706935382786e-02	9.770965966131275882e-02
1.891568153539215928e+03	1.827733488305015863e-01	1.134089886030162642e-01	2.938999983499065438e-01	1.864724950051610541e-01	8.657339256387161508e-02	3.908003300851126821e-02	9.779174363841612594e-02
1.896405923752871104e+03	1.824722809157689196e-01	1.132051573270363015e-01	2.940843647059799837e-01	1.866028725633044894e-01	8.663582017435104976e-02	3.912617548757467423e-02	9.787332882536910195e-02
1.901243693966526507e+03	1.821730286737031912e-01	1.130025272075571019e-01	2.942677586108596866e-01	1.867323695848255305e-01	8.669785245489827763e-02	3.917204611796384212e-02	9.795441734957692492e-02
1.906081464180181683e+03	1.818755812194367272e-01	1.128010910596892735e-01	2.944501845111595073e-01	1.868609934108893533e-01	8.675949192058350634e-02	3.921764650149858755e-02	9.803501137612763427e-02
1.910919234393836859e+03	1.815799277339644191e-01	1.126008417427641906e-01	2.946316468400724808e-01	1.869887512733534041e-01	8.682074107355393366e-02	3.926297823045730995e-02	9.811511310521880969e-02
1.915757004607492036e+03	1.812860574636896982e-01	1.124017721600366060e-01	2.948121500173983556e-01	1.871156502980012293e-01	8.688160240291964431e-02	3.930804288763520282e-02	9.819472476970382557e-02
1.920594774821147894e+03	1.809939597199759775e-01	1.122038752583900262e-01	2.949916984495669636e-01	1.872416975076470202e-01	8.694207838465004001e-02	3.935284204640205480e-02	9.827384863275248628e-02
1.925432545034802843e+03	1.807036238787041449e-01	1.120071440280448194e-01	2.951702965296582049e-01	1.873668998251166451e-01	8.700217148148037261e-02	3.939737727075969670e-02	9.835248698562067127e-02
1.930270315248458019e+03	1.804150393798352181e-01	1.118115715022690859e-01	2.953479486374189777e-01	1.874912640761100258e-01	8.706188414282761689e-02	3.944165011539906007e-02	9.843064214552456337e-02
1.935108085462113195e+03	1.801281957269783573e-01	1.116171507570921095e-01	2.955246591392763911e-01	1.876147969919506886e-01	8.712121880471548896e-02	3.948566212575686796e-02	9.850831645361461664e-02
1.939945855675768371e+03	1.798430824869640954e-01	1.114238749110204041e-01	2.957004323883488106e-01	1.877375052122265964e-01	8.718017788970774951e-02	3.952941483807194401e-02	9.858551227304496178e-02
1.944783625889424002e+03	1.795596892894224805e-01	1.112317371247562858e-01	2.958752727244536862e-01	1.878593952873274242e-01	8.723876380684959797e-02	3.957290977944119548e-02	9.866223198713390541e-02
1.949621396103079178e+03	1.792780058263661602e-01	1.110407306009190270e-01	2.960491844741132694e-01	1.879804736808825538e-01	8.729697895161668553e-02	3.961614846787519378e-02	9.873847799761174826e-02
1.954459166316734354e+03	1.789980218517780164e-01	1.108508485837682994e-01	2.962221719505579443e-01	1.881007467721040882e-01	8.735482570587127515e-02	3.965913241235338726e-02	9.881425272295174533e-02
1.959296936530389530e+03	1.787197271812036026e-01	1.106620843589302267e-01	2.963942394537271707e-01	1.882202208580387448e-01	8.741230643782521570e-02	3.970186311287901559e-02	9.888955859678071059e-02
1.964134706744044706e+03	1.784431116913479387e-01	1.104744312531256156e-01	2.965653912702693185e-01	1.883389021557330401e-01	8.746942350200939686e-02	3.974434206053362867e-02	9.896439806636579684e-02
1.968972476957700337e+03	1.781681653196766080e-01	1.102878826339006163e-01	2.967356316735385025e-01	1.884567968043146247e-01	8.752617923924935206e-02	3.978657073753124468e-02	9.903877359117378709e-02
1.973810247171355968e+03	1.778948780640210170e-01	1.101024319093596299e-01	2.969049649235909749e-01	1.885739108669943209e-01	8.758257597664659277e-02	3.982855061727218204e-02	9.911268764149998300e-02
1.978648017385010689e+03	1.776232399821880692e-01	1.099180725279004928e-01	2.970733952671792966e-01	1.886902503329913328e-01	8.763861602756552183e-02	3.987028316439654441e-02	9.918614269716341525e-02
1.983485787598666320e+03	1.773532411915734464e-01	1.097347979779517979e-01	2.972409269377453978e-01	1.888058211193856528e-01	8.769430169162548139e-02	3.991176983483737256e-02	9.925914124626553092e-02
1.988323557812321269e+03	1.770848718687790813e-01	1.095526017877125197e-01	2.974075641554123628e-01	1.889206290729001925e-01	8.774963525469778314e-02	3.995301207587341474e-02	9.933168578400933257e-02
1.993161328025976900e+03	1.768181222492343219e-01	1.093714775248936094e-01	2.975733111269752151e-01	1.890346799716158543e-01	8.780461898890747074e-02	3.999401132618160548e-02	9.940377881157662354e-02
1.997999098239632076e+03	1.765529826268208424e-01	1.091914187964618255e-01	2.977381720458905923e-01	1.891479795266225727e-01	8.785925515263932895e-02	4.003476901588920445e-02	9.947542283506032035e-02
2.002836868453287707e+03	1.762894433535011074e-01	1.090124192483855892e-01	2.979021510922655880e-01	1.892605333836085146e-01	8.791354599054837515e-02	4.007528656662558142e-02	9.954662036444984763e-02
2.007674638666942428e+03	1.760274948389504990e-01	1.088344725653829087e-01	2.980652524328460951e-01	1.893723471243906609e-01	8.796749373357404256e-02	4.011556539157366819e-02	9.961737391266678454e-02
2.012512408880597604e+03	1.757671275501927755e-01	1.086575724706712182e-01	2.982274802210035936e-01	1.894834262683887105e-01	8.802110059895831840e-02	4.015560689552113288e-02	9.968768599464887525e-02
2.017350179094252780e+03	1.755083320112390544e-01	1.084817127257193536e-01	2.983888385967225498e-01	1.895937762740450283e-01	8.807436879026740717e-02	4.019541247491115882e-02	9.975755912648007206e-02
2.022187949307908411e+03	1.752510988027297656e-01	1.083068871300013475e-01	2.985493316865864277e-01	1.897034025401929946e-01	8.812730049741659966e-02	4.023498351789296656e-02	9.982699582456454335e-02
2.027025719521564042e+03	1.749954185615802960e-01	1.081330895207521930e-01	2.987089636037635887e-01	1.898123104073753398e-01	8.817989789669861134e-02	4.027432140437197522e-02	9.989599860484266181e-02
2.031863489735218764e+03	1.747412819806293260e-01	1.079603137727255247e-01	2.988677384479928034e-01	1.899205051591153492e-01	8.823216315081469641e-02	4.031342750605965836e-02	9.996456998204726607e-02
2.036701259948874394e+03	1.744886798082906643e-01	1.077885537979531572e-01	2.990256603055687079e-01	1.900279920231423281e-01	8.828409840890863447e-02	4.035230318652308773e-02	1.000327124689981140e-01
2.041539030162529116e+03	1.742376028482076622e-01	1.076178035455064852e-01	2.991827332493265379e-01	1.901347761725734331e-01	8.833570580660347893e-02	4.039094980123417167e-02	1.001004285759329593e-01
2.046376800376184747e+03	1.739880419589109883e-01	1.074480570012596309e-01	2.993389613386272519e-01	1.902408627270537889e-01	8.838698746604084500e-02	4.042936869761854651e-02	1.001677208098736838e-01
2.051214570589840150e+03	1.737399880534791219e-01	1.072793081876544791e-01	2.994943486193423765e-01	1.903462567538564687e-01	8.843794549592240428e-02	4.046756121510423215e-02	1.002345916740256526e-01
2.056052340803495554e+03	1.734934320992015389e-01	1.071115511634674750e-01	2.996488991238387412e-01	1.904509632689441179e-01	8.848858199155384963e-02	4.050552868516989896e-02	1.003010436672090860e-01
2.060890111017150957e+03	1.732483651172449235e-01	1.069447800235780732e-01	2.998026168709634343e-01	1.905549872379937726e-01	8.853889903489084445e-02	4.054327243139287801e-02	1.003670792833207814e-01
2.065727881230805451e+03	1.730047781823219333e-01	1.067789888987390606e-01	2.999555058660285378e-01	1.906583335773863741e-01	8.858889869458695665e-02	4.058079376949688677e-02	1.004327010108249235e-01
2.070565651444461309e+03	1.727626624223627949e-01	1.066141719553484885e-01	3.001075701007964724e-01	1.907610071551625042e-01	8.863858302604356310e-02	4.061809400739938014e-02	1.004979113322715251e-01
2.075403421658116713e+03	1.725220090181892596e-01	1.064503233952232841e-01	3.002588135534649538e-01	1.908630127919456465e-01	8.868795407146129461e-02	4.065517444525872104e-02	1.005627127238415547e-01
2.080241191871772116e+03	1.722828092031915281e-01	1.062874374553746532e-01	3.004092401886526154e-01	1.909643552618344176e-01	8.873701385989343771e-02	4.069203637552093467e-02	1.006271076549171417e-01
2.085078962085427065e+03	1.720450542630071467e-01	1.061255084077849242e-01	3.005588539573847973e-01	1.910650392932650432e-01	8.878576440730057140e-02	4.072868108296623380e-02	1.006910985876759979e-01
2.089916732299082469e+03	1.718087355352030388e-01	1.059645305591861986e-01	3.007076587970793913e-01	1.911650695698450808e-01	8.883420771660682780e-02	4.076510984475527344e-02	1.007546879767088482e-01
2.094754502512737417e+03	1.715738444089594528e-01	1.058044982508405257e-01	3.008556586315332404e-01	1.912644507311600239e-01	8.888234577775745715e-02	4.080132393047504469e-02	1.008178782686588448e-01
2.099592272726392821e+03	1.713403723247565458e-01	1.056454058583216615e-01	3.010028573709089827e-01	1.913631873735533451e-01	8.893018056777762803e-02	4.083732460218458121e-02	1.008806719018818937e-01
2.104430042940048224e+03	1.711083107740632159e-01	1.054872477912984219e-01	3.011492589117217844e-01	1.914612840508814473e-01	8.897771405083243490e-02	4.087311311446026330e-02	1.009430713061270635e-01
2.109267813153704083e+03	1.708776512990284324e-01	1.053300184933196465e-01	3.012948671368271825e-01	1.915587452752444131e-01	8.902494817828798812e-02	4.090869071444093452e-02	1.010050789022360895e-01
2.114105583367359031e+03	1.706483854921745646e-01	1.051737124416005226e-01	3.014396859154088726e-01	1.916555755176936049e-01	8.907188488877343380e-02	4.094405864187269928e-02	1.010666971018610166e-01
2.118943353581013525e+03	1.704205049960932639e-01	1.050183241468106571e-01	3.015837191029671627e-01	1.917517792089168671e-01	8.911852610824404219e-02	4.097921812915344270e-02	1.011279283071992163e-01
2.123781123794669384e+03	1.701940015031433440e-01	1.048638481528634259e-01	3.017269705413080927e-01	1.918473607399024949e-01	8.916487375004512883e-02	4.101417040137705916e-02	1.011887749107451134e-01
2.128618894008324787e+03	1.699688667551508547e-01	1.047102790367070574e-01	3.018694440585323324e-01	1.919423244625826641e-01	8.921092971497671109e-02	4.104891667637746572e-02	1.012492392950575387e-01
2.133456664221980191e+03	1.697450925431114310e-01	1.045576114081169239e-01	3.020111434690256891e-01	1.920366746904572097e-01	8.925669589135890036e-02	4.108345816477224771e-02	1.013093238325423195e-01
2.138294434435635139e+03	1.695226707068945016e-01	1.044058399094895118e-01	3.021520725734490598e-01	1.921304156991982814e-01	8.930217415509811296e-02	4.111779607000612402e-02	1.013690308852490951e-01
2.143132204649290543e+03	1.693015931349499403e-01	1.042549592156376687e-01	3.022922351587301049e-01	1.922235517272372907e-01	8.934736636975371127e-02	4.115193158839407922e-02	1.014283628046819541e-01
2.147969974862945492e+03	1.690818517640164664e-01	1.041049640335874049e-01	3.024316349980541441e-01	1.923160869763340108e-01	8.939227438660535263e-02	4.118586590916425982e-02	1.014873219316230757e-01
2.152807745076601350e+03	1.688634385788321535e-01	1.039558491023760273e-01	3.025702758508570511e-01	1.924080256121292742e-01	8.943690004472074073e-02	4.121960021450060685e-02	1.015459105959688607e-01
2.157645515290255844e+03	1.686463456118469095e-01	1.038076091928516742e-01	3.027081614628177042e-01	1.924993717646813762e-01	8.948124517102393205e-02	4.125313567958519001e-02	1.016041311165779282e-01
2.162483285503912157e+03	1.684305649429371221e-01	1.036602391074742946e-01	3.028452955658513246e-01	1.925901295289872694e-01	8.952531158036396153e-02	4.128647347264031986e-02	1.016619858011304084e-01
2.167321055717567106e+03	1.682160886991219129e-01	1.035137336801179586e-01	3.029816818781038701e-01	1.926803029654886867e-01	8.956910107558389844e-02	4.131961475497039626e-02	1.017194769459980053e-01
2.172158825931222509e+03	1.680029090542815851e-01	1.033680877758744870e-01	3.031173241039463173e-01	1.927698961005643030e-01	8.961261544759020758e-02	4.135256068100345850e-02	1.017766068361244114e-01
2.176996596144877003e+03	1.677910182288778751e-01	1.032232962908585100e-01	3.032522259339701654e-01	1.928589129270078806e-01	8.965585647542240189e-02	4.138531239833251330e-02	1.018333777449154098e-01
2.181834366358532861e+03	1.675804084896759250e-01	1.030793541520138440e-01	3.033863910449834944e-01	1.929473574044935913e-01	8.969882592632291707e-02	4.141787104775662004e-02	1.018897919341383573e-01
2.186672136572187810e+03	1.673710721494684472e-01	1.029362563169210348e-01	3.035198231000073577e-01	1.930352334600285713e-01	8.974152555580719448e-02	4.145023776332166371e-02	1.019458516538304937e-01
2.191509906785843214e+03	1.671630015668013058e-01	1.027939977736064964e-01	3.036525257482731721e-01	1.931225449883930967e-01	8.978395710773397209e-02	4.148241367236094046e-02	1.020015591422157586e-01
2.196347676999498617e+03	1.669561891457012615e-01	1.026525735403526762e-01	3.037845026252205538e-01	1.932092958525694903e-01	8.982612231437570038e-02	4.151439989553546567e-02	1.020569166256296428e-01
2.201185447213154021e+03	1.667506273354052160e-01	1.025119786655096649e-01	3.039157573524958189e-01	1.932954898841594826e-01	8.986802289648901376e-02	4.154619754687401134e-02	1.021119263184516179e-01
2.206023217426809424e+03	1.665463086300914552e-01	1.023722082273079981e-01	3.040462935379513731e-01	1.933811308837907750e-01	8.990966056338532686e-02	4.157780773381294925e-02	1.021665904230449756e-01
2.210860987640464373e+03	1.663432255686123906e-01	1.022332573336727640e-01	3.041761147756454897e-01	1.934662226215133618e-01	8.995103701300151411e-02	4.160923155723579570e-02	1.022209111297034956e-01
2.215698757854119776e+03	1.661413707342293544e-01	1.020951211220389870e-01	3.043052246458429755e-01	1.935507688371856938e-01	8.999215393197051993e-02	4.164047011151254807e-02	1.022748906166047883e-01
2.220536528067775180e+03	1.659407367543486167e-01	1.019577947591681216e-01	3.044336267150162811e-01	1.936347732408512934e-01	9.003301299569202443e-02	4.167152448453874392e-02	1.023285310497698136e-01
2.225374298281430583e+03	1.657413163002596224e-01	1.018212734409659481e-01	3.045613245358473886e-01	1.937182395131060164e-01	9.007361586840306744e-02	4.170239575777433955e-02	1.023818345830285054e-01
2.230212068495085077e+03	1.655431020868745329e-01	1.016855523923015647e-01	3.046883216472304756e-01	1.938011713054565432e-01	9.011396420324865875e-02	4.173308500628226947e-02	1.024348033579908779e-01
2.235049838708740936e+03	1.653460868724695998e-01	1.015506268668276285e-01	3.048146215742750242e-01	1.938835722406699047e-01	9.015405964235220782e-02	4.176359329876684623e-02	1.024874395040237113e-01
2.239887608922396339e+03	1.651502634584279816e-01	1.014164921468018038e-01	3.049402278283097623e-01	1.939654459131152642e-01	9.019390381688599523e-02	4.179392169761186188e-02	1.025397451382321912e-01
2.244725379136052197e+03	1.649556246889844757e-01	1.012831435429093624e-01	3.050651439068872706e-01	1.940467958890972899e-01	9.023349834714142204e-02	4.182407125891850208e-02	1.025917223654465166e-01
2.249563149349706237e+03	1.647621634509716104e-01	1.011505763940870606e-01	3.051893732937889236e-01	1.941276257071820055e-01	9.027284484259917585e-02	4.185404303254299657e-02	1.026433732782130875e-01
2.254400919563362095e+03	1.645698726735673190e-01	1.010187860673480154e-01	3.053129194590310513e-01	1.942079388785151739e-01	9.031194490199928593e-02	4.188383806213404753e-02	1.026946999567900226e-01
2.259238689777017044e+03	1.643787453280443900e-01	1.008877679576078434e-01	3.054357858588711006e-01	1.942877388871336597e-01	9.035080011341087292e-02	4.191345738517004288e-02	1.027457044691469645e-01
2.264076459990672902e+03	1.641887744275213334e-01	1.007575174875119939e-01	3.055579759358152403e-01	1.943670291902697411e-01	9.038941205430191250e-02	4.194290203299599201e-02	1.027963888709686746e-01
2.268914230204327851e+03	1.639999530267147176e-01	1.006280301072641770e-01	3.056794931186256337e-01	1.944458132186488442e-01	9.042778229160862435e-02	4.197217303086032969e-02	1.028467552056625128e-01
2.273752000417983254e+03	1.638122742216932548e-01	1.004993012944557784e-01	3.058003408223293196e-01	1.945240943767809205e-01	9.046591238180480554e-02	4.200127139795138687e-02	1.028968055043692903e-01
2.278589770631638203e+03	1.636257311496332467e-01	1.003713265538966892e-01	3.059205224482270391e-01	1.946018760432456918e-01	9.050380387097076151e-02	4.203019814743370886e-02	1.029465417859776327e-01
2.283427540845293606e+03	1.634403169885754181e-01	1.002441014174470235e-01	3.060400413839028944e-01	1.946791615709717038e-01	9.054145829486218156e-02	4.205895428648410983e-02	1.029959660571414942e-01
2.288265311058949010e+03	1.632560249571836375e-01	1.001176214438499606e-01	3.061589010032346181e-01	1.947559542875097471e-01	9.057887717897869506e-02	4.208754081632753302e-02	1.030450803123006132e-01
2.293103081272604413e+03	1.630728483145046925e-01	9.999188221856576686e-02	3.062771046664048424e-01	1.948322574953008091e-01	9.061606203863212250e-02	4.211595873227271664e-02	1.030938865337038962e-01
2.297940851486259817e+03	1.628907803597296200e-01	9.986687935360688551e-02	3.063946557199123677e-01	1.949080744719385583e-01	9.065301437901449044e-02	4.214420902374754058e-02	1.031423866914354254e-01
2.302778621699914765e+03	1.627098144319568396e-01	9.974260848737399876e-02	3.065115574965843193e-01	1.949834084704266113e-01	9.068973569526579681e-02	4.217229267433429685e-02	1.031905827434430739e-01
2.307616391913570169e+03	1.625299439099562038e-01	9.961906528449331055e-02	3.066278133155890262e-01	1.950582627194308583e-01	9.072622747254149855e-02	4.220021066180460606e-02	1.032384766355694539e-01
2.312454162127225118e+03	1.623511622119348519e-01	9.949624543565482870e-02	3.067434264824492884e-01	1.951326404235268486e-01	9.076249118607962463e-02	4.222796395815423681e-02	1.032860703015852782e-01
2.317291932340880976e+03	1.621734627953043684e-01	9.937414465745163239e-02	3.068584002890563656e-01	1.952065447634426520e-01	9.079852830126770857e-02	4.225555352963763361e-02	1.033333656632246800e-01
2.322129702554535925e+03	1.619968391564492460e-01	9.925275869222027758e-02	3.069727380136842987e-01	1.952799788962969463e-01	9.083434027370926311e-02	4.228298033680225748e-02	1.033803646302227097e-01
2.326967472768191783e+03	1.618212848304969032e-01	9.913208330788220168e-02	3.070864429210055091e-01	1.953529459558330239e-01	9.086992854929006047e-02	4.231024533452275305e-02	1.034270691003545961e-01
2.331805242981846732e+03	1.616467933910889776e-01	9.901211429778616901e-02	3.071995182621059528e-01	1.954254490526482202e-01	9.090529456424403798e-02	4.233734947203483118e-02	1.034734809594769489e-01
2.336643013195502135e+03	1.614733584501540642e-01	9.889284748055167384e-02	3.073119672745014963e-01	1.954974912744195381e-01	9.094043974521885676e-02	4.236429369296901282e-02	1.035196020815705303e-01
2.341480783409156629e+03	1.613009736576817843e-01	9.877427869991353693e-02	3.074237931821547365e-01	1.955690756861250823e-01	9.097536550934119670e-02	4.239107893538413691e-02	1.035654343287846502e-01
2.346318553622812487e+03	1.611296327014981322e-01	9.865640382456725144e-02	3.075349991954926532e-01	1.956402053302617461e-01	9.101007326428162125e-02	4.241770613180066707e-02	1.036109795514831150e-01
2.351156323836467891e+03	1.609593293070423758e-01	9.853921874801552239e-02	3.076455885114237621e-01	1.957108832270591792e-01	9.104456440831916464e-02	4.244417620923380402e-02	1.036562395882914267e-01
2.355994094050123294e+03	1.607900572371449288e-01	9.842271938841574974e-02	3.077555643133571550e-01	1.957811123746900361e-01	9.107884033040553051e-02	4.247049008922636898e-02	1.037012162661454101e-01
2.360831864263778243e+03	1.606218102918070267e-01	9.830690168842844134e-02	3.078649297712212629e-01	1.958508957494769220e-01	9.111290241022897141e-02	4.249664868788152750e-02	1.037459114003410343e-01
2.365669634477433647e+03	1.604545823079812639e-01	9.819176161506666667e-02	3.079736880414831734e-01	1.959202363060956187e-01	9.114675201827780737e-02	4.252265291589526347e-02	1.037903267945853580e-01
2.370507404691088595e+03	1.602883671593537118e-01	9.807729515954645427e-02	3.080818422671687817e-01	1.959891369777753967e-01	9.118039051590351440e-02	4.254850367858872134e-02	1.038344642410486129e-01
2.375345174904743999e+03	1.601231587561271485e-01	9.796349833713814681e-02	3.081893955778831073e-01	1.960576006764958301e-01	9.121381925538356306e-02	4.257420187594027072e-02	1.038783255204171196e-01
2.380182945118399402e+03	1.599589510448058138e-01	9.785036718701869973e-02	3.082963510898314441e-01	1.961256302931806139e-01	9.124703957998384074e-02	4.259974840261746692e-02	1.039219124019473139e-01
2.385020715332054806e+03	1.597957380079812473e-01	9.773789777212497920e-02	3.084027119058405653e-01	1.961932286978884943e-01	9.128005282402068543e-02	4.262514414800872009e-02	1.039652266435205086e-01
2.389858485545710209e+03	1.596335136641193198e-01	9.762608617900797592e-02	3.085084811153809281e-01	1.962603987400009797e-01	9.131286031292258631e-02	4.265038999625483940e-02	1.040082699916985431e-01
2.394696255759364703e+03	1.594722720673487915e-01	9.751492851768789327e-02	3.086136617945890448e-01	1.963271432484075263e-01	9.134546336329145422e-02	4.267548682628037604e-02	1.040510441817801002e-01
2.399534025973020562e+03	1.593120073072509246e-01	9.740442092151026243e-02	3.087182570062901310e-01	1.963934650316877528e-01	9.137786328296358673e-02	4.270043551182475111e-02	1.040935509378576873e-01
