1.441655523669274316e+03	2.204811914738447620e-01	1.387949374118897516e-01	2.718090829748952553e-01	1.672360230235480916e-01	8.025470457318129025e-02	3.375233360288756868e-02	8.767172693913619086e-02
1.446493293882929493e+03	2.199517001898426416e-01	1.384402403983457652e-01	2.721195287339619462e-01	1.679118820875643570e-01	7.988061823487008217e-02	3.382912164884966516e-02	8.786690870594850156e-02
1.451331064096585123e+03	2.194257564824347584e-01	1.380875666736139928e-01	2.724251802995297234e-01	1.684804505540406505e-01	7.963352078659430289e-02	3.390545721052320299e-02	8.804206799264630012e-02
1.456168834310240300e+03	2.189032472839007315e-01	1.377369334056380290e-01	2.727268588076016687e-01	1.689687258862928032e-01	7.948041180845277776e-02	3.398134290595332396e-02	8.820247990154365947e-02
1.461006604523895703e+03	2.183840836502569382e-01	1.373883497815450438e-01	2.730251782098367941e-01	1.693967577127904189e-01	7.939680652368703850e-02	3.405678136122509275e-02	8.835204276004170187e-02
1.465844374737550879e+03	2.178681945840277023e-01	1.370418191017248044e-01	2.733205985342043176e-01	1.697794392461328961e-01	7.936453920442057552e-02	3.413177520400003523e-02	8.849363412487268321e-02
1.470682144951206283e+03	2.173555224492577931e-01	1.366973403328835823e-01	2.736134654171801794e-01	1.701278366677050624e-01	7.937013315804195002e-02	3.420632705875964463e-02	8.862937491555483716e-02
1.475519915164861459e+03	2.168460195681211067e-01	1.363549092596604839e-01	2.739040394480378171e-01	1.704501756504135379e-01	7.940359115394117484e-02	3.428043954331468773e-02	8.876082537589431720e-02
1.480357685378516862e+03	2.163396456943983970e-01	1.360145193383871520e-01	2.741925179525833145e-01	1.707525734534591222e-01	7.945749784476638378e-02	3.435411526625294781e-02	8.888913044953584974e-02
1.485195455592172038e+03	2.158363661376929143e-01	1.356761623298539665e-01	2.744790511660258892e-01	1.710395822131204335e-01	7.952635370816944771e-02	3.442735682508263340e-02	8.901512761943787544e-02
1.490033225805827215e+03	2.153361503705784052e-01	1.353398287681172873e-01	2.747637542418073786e-01	1.713145921269903782e-01	7.960608079195236053e-02	3.450016680489115251e-02	8.913942689504622541e-02
1.494870996019482618e+03	2.148389709941530279e-01	1.350055083076706075e-01	2.750467161700500540e-01	1.715801306684884842e-01	7.969365594856264723e-02	3.457254777738558160e-02	8.926247013307272993e-02
1.499708766233137567e+03	2.143448029695921853e-01	1.346731899803837451e-01	2.753280064023705953e-01	1.718380846476484369e-01	7.978683867496597082e-02	3.464450230021574872e-02	8.938457502420649181e-02
1.504546536446793198e+03	2.138536230471247968e-01	1.343428623855129067e-01	2.756076797743166051e-01	1.720898650175061440e-01	7.988396915580585345e-02	3.471603291650624673e-02	8.950596770261068369e-02
1.509384306660448374e+03	2.133654093415444097e-01	1.340145138300723460e-01	2.758857801641976248e-01	1.723365291927750897e-01	7.998381840188241443e-02	3.478714215454292713e-02	8.962680691436845926e-02
1.514222076874103550e+03	2.128801410164904151e-01	1.336881324323969944e-01	2.761623432139239109e-01	1.725788718387331055e-01	8.008547704663922240e-02	3.485783252757331668e-02	8.974720192362636850e-02
1.519059847087758726e+03	2.123977980494743401e-01	1.333637061984154215e-01	2.764373983534951784e-01	1.728174922618857245e-01	8.018827282928701894e-02	3.492810653369100155e-02	8.986722577313463467e-02
1.523897617301414357e+03	2.119183610568525222e-01	1.330412230776953364e-01	2.767109703084711381e-01	1.730528444366213336e-01	8.029170936515057921e-02	3.499796665578178145e-02	8.998692509881062174e-02
1.528735387515069533e+03	2.114418111633106223e-01	1.327206710045017723e-01	2.769830802235117018e-01	1.732852741456969714e-01	8.039542071238893473e-02	3.506741536151500305e-02	9.010632738845834877e-02
1.533573157728724709e+03	2.109681299044042779e-01	1.324020379277547343e-01	2.772537465007626767e-01	1.735150465574569201e-01	8.049913766052010922e-02	3.513645510336799171e-02	9.022544634511663053e-02
1.538410927942380113e+03	2.104972991536545046e-01	1.320853118327701137e-01	2.775229854263973617e-01	1.737423667056425536e-01	8.060266271715672837e-02	3.520508831867443650e-02	9.034428584508771842e-02
1.543248698156035516e+03	2.100293010678875028e-01	1.317704807569223535e-01	2.777908116397264648e-01	1.739673947016670552e-01	8.070585154925147275e-02	3.527331742969011530e-02	9.046284285423845939e-02
1.548086468369690692e+03	2.095641180461353670e-01	1.314575328008151800e-01	2.780572384852679768e-01	1.741902570372828862e-01	8.080859921388391931e-02	3.534114484367100600e-02	9.058110957232708149e-02
1.552924238583346096e+03	2.091017326986207570e-01	1.311464561361365133e-01	2.783222782777591275e-01	1.744110549853523096e-01	8.091082994307768894e-02	3.540857295296003654e-02	9.069907500547698398e-02
1.557762008797001272e+03	2.086421278232447607e-01	1.308372390110693895e-01	2.785859425023704539e-01	1.746298708465457428e-01	8.101248956582306204e-02	3.547560413507991339e-02	9.081672611525005989e-02
1.562599779010656675e+03	2.081852863876617887e-01	1.305298697539051256e-01	2.788482419666508672e-01	1.748467725969369557e-01	8.111353988696554107e-02	3.554224075283003714e-02	9.093404865443306673e-02
1.567437549224311852e+03	2.077311915155183319e-01	1.302243367753377901e-01	2.791091869164778472e-01	1.750618173483516338e-01	8.121395451810914379e-02	3.560848515438589518e-02	9.105102777120277491e-02
1.572275319437967255e+03	2.072798264757989284e-01	1.299206285697941665e-01	2.793687871251305244e-01	1.752750539271250851e-01	8.131371578590684823e-02	3.567433967340002954e-02	9.116764844222788322e-02
1.577113089651622431e+03	2.068311746744943835e-01	1.296187337160615849e-01	2.796270519622601203e-01	1.754865247981147180e-01	8.141281243974431148e-02	3.573980662910376804e-02	9.128389577960462076e-02
1.581950859865277607e+03	2.063852196480087664e-01	1.293186408774082419e-01	2.798839904477923302e-01	1.756962675023295284e-01	8.151123795253248372e-02	3.580488832640908725e-02	9.139975524490301373e-02
1.586788630078933011e+03	2.059419450578715283e-01	1.290203388013387575e-01	2.801396112945064298e-01	1.759043157331391105e-01	8.160898926153649369e-02	3.586958705601026726e-02	9.151521279498087136e-02
1.591626400292587959e+03	2.055013346864323354e-01	1.287238163190911888e-01	2.803939229420761015e-01	1.761107001438166619e-01	8.170606583565553915e-02	3.593390509448504688e-02	9.163025497782667506e-02
1.596464170506243590e+03	2.050633724332983632e-01	1.284290623449532709e-01	2.806469335846461521e-01	1.763154489552708482e-01	8.180246898487031348e-02	3.599784470439501560e-02	9.174486899194965461e-02
1.601301940719898766e+03	2.046280423123356951e-01	1.281360658754552850e-01	2.808986511934912222e-01	1.765185884150824447e-01	8.189820134931780071e-02	3.606140813438520054e-02	9.185904271931602527e-02
1.606139710933553943e+03	2.041953284491012099e-01	1.278448159884817137e-01	2.811490835359088947e-01	1.767201431457994798e-01	8.199326652158840656e-02	3.612459761928260571e-02	9.197276473922137707e-02
1.610977481147209119e+03	2.037652150786055660e-01	1.275553018423320195e-01	2.813982381912095709e-01	1.769201364106746388e-01	8.208766876781370403e-02	3.618741538019387693e-02	9.208602432855432507e-02
1.615815251360864750e+03	2.033376865433329239e-01	1.272675126747532526e-01	2.816461225644477651e-01	1.771185903177785737e-01	8.218141282199722952e-02	3.624986362460180106e-02	9.219881145247223186e-02
1.620653021574519926e+03	2.029127272914616753e-01	1.269814378019603063e-01	2.818927438983788170e-01	1.773155259780412885e-01	8.227450373463393585e-02	3.631194454646077124e-02	9.231111674844691417e-02
1.625490791788175102e+03	2.024903218752445444e-01	1.266970666176558402e-01	2.821381092840054561e-01	1.775109636287800219e-01	8.236694676155605077e-02	3.637366032629119755e-02	9.242293150585059736e-02
1.630328562001830505e+03	2.020704549495160041e-01	1.264143885920575028e-01	2.823822256699888844e-01	1.777049227313061697e-01	8.245874728257288067e-02	3.643501313127286284e-02	9.253424764266940383e-02
1.635166332215485909e+03	2.016531112703037198e-01	1.261333932709385874e-01	2.826250998711333229e-01	1.778974220490046332e-01	8.254991074216611047e-02	3.649600511533717534e-02	9.264505768050017298e-02
1.640004102429141085e+03	2.012382756935254813e-01	1.258540702746855922e-01	2.828667385761035047e-01	1.780884797106429551e-01	8.264044260650074691e-02	3.655663841925845675e-02	9.275535471866699910e-02
1.644841872642796488e+03	2.008259331737580755e-01	1.255764092973757629e-01	2.831071483544965739e-01	1.782781132624557396e-01	8.273034833249486020e-02	3.661691517074414093e-02	9.286513240805861769e-02
1.649679642856451665e+03	2.004160687630670290e-01	1.253004001058756478e-01	2.833463356633635910e-01	1.784663397116483530e-01	8.281963334579167668e-02	3.667683748452400805e-02	9.297438492511335417e-02
1.654517413070107068e+03	2.000086676098896399e-01	1.250260325389620231e-01	2.835843068532545308e-01	1.786531755632941587e-01	8.290830302529422768e-02	3.673640746243847510e-02	9.308310694625061832e-02
1.659355183283762244e+03	1.996037149579636127e-01	1.247532965064649807e-01	2.838210681738445595e-01	1.788386368521030778e-01	8.299636269252802512e-02	3.679562719352585942e-02	9.319129362295355823e-02
1.664192953497417420e+03	1.992011961452976321e-01	1.244821819884336100e-01	2.840566257791888316e-01	1.790227391701689208e-01	8.308381760454724985e-02	3.685449875410879567e-02	9.329894055763855720e-02
1.669030723711072824e+03	1.988010966031784066e-01	1.242126790343238557e-01	2.842909857326437195e-01	1.792054976915282150e-01	8.317067294943278344e-02	3.691302420787966748e-02	9.340604378039692179e-02
1.673868493924728000e+03	1.984034018552115475e-01	1.239447777622081082e-01	2.845241540114845646e-01	1.793869271941588295e-01	8.325693384367792438e-02	3.697120560598519956e-02	9.351259972665743048e-02
1.678706264138383403e+03	1.980080975163933110e-01	1.236784683580058747e-01	2.847561365112465381e-01	1.795670420798946287e-01	8.334260533094112189e-02	3.702904498711018927e-02	9.361860521579191963e-02
1.683544034352038352e+03	1.976151692922108738e-01	1.234137410747350588e-01	2.849869390498107613e-01	1.797458563926182529e-01	8.342769238178084079e-02	3.708654437756037092e-02	9.372405743066744566e-02
1.688381804565693983e+03	1.972246029777691145e-01	1.231505862317829464e-01	2.852165673712536709e-01	1.799233838350098869e-01	8.351219989408875666e-02	3.714370579134448208e-02	9.382895389813478149e-02
1.693219574779349159e+03	1.968363844569421262e-01	1.228889942141964259e-01	2.854450271494768376e-01	1.800996377840666796e-01	8.359613269401199032e-02	3.720053123025547637e-02	9.393329247043415153e-02
1.698057344993004335e+03	1.964504997015481258e-01	1.226289554719904307e-01	2.856723239916311163e-01	1.802746313055599292e-01	8.367949553721062972e-02	3.725702268395102157e-02	9.403707130749243415e-02
1.702895115206659511e+03	1.960669347705463472e-01	1.223704605194741862e-01	2.858984634413485604e-01	1.804483771675609860e-01	8.376229311033801805e-02	3.731318213003317896e-02	9.414028886008235508e-02
1.707732885420315142e+03	1.956856758092544446e-01	1.221134999345943190e-01	2.861234509817935923e-01	1.806208878531415651e-01	8.384453003266112425e-02	3.736901153412734711e-02	9.424294385381129513e-02
1.712570655633970318e+03	1.953067090485858803e-01	1.218580643582942574e-01	2.863472920385435883e-01	1.807921755723319590e-01	8.392621085776129364e-02	3.742451284996049787e-02	9.434503527390625255e-02
1.717408425847625494e+03	1.949300208043056315e-01	1.216041444938892879e-01	2.865699919823095909e-01	1.809622522734072869e-01	8.400734007527221880e-02	3.747968801943866307e-02	9.444656235076097361e-02
1.722246196061280898e+03	1.945555974763040208e-01	1.213517311064564175e-01	2.867915561315059203e-01	1.811311296535584592e-01	8.408792211262382243e-02	3.753453897272372025e-02	9.454752454621127844e-02
1.727083966274936301e+03	1.941834255478870341e-01	1.211008150222387253e-01	2.870119897546760668e-01	1.812988191689967055e-01	8.416796133677054148e-02	3.758906762830953319e-02	9.464792154050512274e-02
1.731921736488591478e+03	1.938134915850829310e-01	1.208513871280633284e-01	2.872312980727840248e-01	1.814653320445329399e-01	8.424746205588838632e-02	3.764327589309735683e-02	9.474775321993474109e-02
1.736759506702246881e+03	1.934457822359642587e-01	1.206034383707726004e-01	2.874494862613782287e-01	1.816306792826682115e-01	8.432642852103057474e-02	3.769716566247064554e-02	9.484701966509923032e-02
1.741597276915902057e+03	1.930802842299843280e-01	1.203569597566679500e-01	2.876665594526336966e-01	1.817948716722266322e-01	8.440486492773487115e-02	3.775073882036918127e-02	9.494572113976708361e-02
1.746435047129557461e+03	1.927169843773278435e-01	1.201119423509657003e-01	2.878825227372807660e-01	1.819579197965592032e-01	8.448277541757853726e-02	3.780399723936257728e-02	9.504385808030912930e-02
1.751272817343212637e+03	1.923558695682747177e-01	1.198683772772646122e-01	2.880973811664248596e-01	1.821198340413439920e-01	8.456016407967853477e-02	3.785694278072315733e-02	9.514143108567392482e-02
1.756110587556867813e+03	1.919969267725769591e-01	1.196262557170244684e-01	2.883111397532639453e-01	1.822806246020056697e-01	8.463703495213607819e-02	3.790957729449824509e-02	9.523844090787841887e-02
1.760948357770523216e+03	1.916401430388474936e-01	1.193855689090554117e-01	2.885238034747092395e-01	1.824403014907758358e-01	8.471339202342556551e-02	3.796190261958182904e-02	9.533488844298841636e-02
1.765786127984178393e+03	1.912855054939607558e-01	1.191463081490174852e-01	2.887353772729135404e-01	1.825988745434135030e-01	8.478923923372874705e-02	3.801392058378565142e-02	9.543077472256412952e-02
1.770623898197833569e+03	1.909330013424647143e-01	1.189084647889300100e-01	2.889458660567126858e-01	1.827563534256039512e-01	8.486458047621521505e-02	3.806563300390974902e-02	9.552610090554741751e-02
1.775461668411488745e+03	1.905826178660033898e-01	1.186720302366904151e-01	2.891552747029849657e-01	1.829127476390531304e-01	8.493941959827075450e-02	3.811704168581235563e-02	9.562086827056867633e-02
1.780299438625144376e+03	1.902343424227497248e-01	1.184369959556021701e-01	2.893636080579318759e-01	1.830680665272931273e-01	8.501376040267545620e-02	3.816814842447933259e-02	9.571507820865200744e-02
1.785137208838799552e+03	1.898881624468484186e-01	1.182033534639113509e-01	2.895708709382853741e-01	1.832223192812137968e-01	8.508760664873321611e-02	3.821895500409300261e-02	9.580873221629851444e-02
1.789974979052454728e+03	1.895440654478680875e-01	1.179710943343517532e-01	2.897770681324452480e-01	1.833755149443347110e-01	8.516096205335466074e-02	3.826946319810044239e-02	9.590183188892874300e-02
1.794812749266109904e+03	1.892020390102626681e-01	1.177402101936979029e-01	2.899822044015499256e-01	1.835276624178303062e-01	8.523383029209562201e-02	3.831967476928126864e-02	9.599437891466595929e-02
1.799650519479765535e+03	1.888620707928413966e-01	1.175106927223258935e-01	2.901862844804849462e-01	1.836787704653209952e-01	8.530621500015261871e-02	3.836959146981487601e-02	9.608637506844300291e-02
1.804488289693420711e+03	1.885241485282473095e-01	1.172825336537817453e-01	2.903893130788316457e-01	1.838288477174417068e-01	8.537811977331777324e-02	3.841921504134720999e-02	9.617782220641635238e-02
1.809326059907075887e+03	1.881882600224437097e-01	1.170557247743568841e-01	2.905912948817602759e-01	1.839779026761996228e-01	8.544954816889469007e-02	3.846854721505694324e-02	9.626872226067165195e-02
1.814163830120731291e+03	1.878543931542083767e-01	1.168302579226705717e-01	2.907922345508693884e-01	1.841259437191309911e-01	8.552050370657700296e-02	3.851758971172126317e-02	9.635907723420614190e-02
1.819001600334386467e+03	1.875225358746352156e-01	1.166061249892590274e-01	2.909921367249754254e-01	1.842729791032675646e-01	8.559098986929176978e-02	3.856634424178107673e-02	9.644888919617369827e-02
1.823839370548041643e+03	1.871926762066431771e-01	1.163833179161709863e-01	2.911910060208540707e-01	1.844190169689217673e-01	8.566101010400885285e-02	3.861481250540577809e-02	9.653816027737920080e-02
1.828677140761696819e+03	1.868648022444919232e-01	1.161618286965694219e-01	2.913888470339373593e-01	1.845640653432999434e-01	8.573056782251814445e-02	3.866299619255754438e-02	9.662689266600955895e-02
1.833514910975352450e+03	1.865389021533042369e-01	1.159416493743393728e-01	2.915856643389674874e-01	1.847081321439520418e-01	8.579966640217612239e-02	3.871089698305511112e-02	9.671508860358947468e-02
1.838352681189008081e+03	1.862149641685948154e-01	1.157227720437014606e-01	2.917814624906111542e-01	1.848512251820658980e-01	8.586830918662324841e-02	3.875851654663713119e-02	9.680275038115018771e-02
1.843190451402663257e+03	1.858929765958051150e-01	1.155051888488310141e-01	2.919762460240349355e-01	1.849933521656136892e-01	8.593649948647336112e-02	3.880585654302504128e-02	9.688988033560072544e-02
1.848028221616318433e+03	1.855729278098444957e-01	1.152888919834826192e-01	2.921700194554452401e-01	1.851345207023581685e-01	8.600424057997668736e-02	3.885291862198551882e-02	9.697648084629109655e-02
1.852865991829973609e+03	1.852548062546366670e-01	1.150738736906199433e-01	2.923627872825942942e-01	1.852747383027252559e-01	8.607153571365755429e-02	3.889970442339242551e-02	9.706255433175771385e-02
1.857703762043628785e+03	1.849386004426719354e-01	1.148601262620504576e-01	2.925545539852534849e-01	1.854140123825498143e-01	8.613838810292794024e-02	3.894621557728839001e-02	9.714810324664180374e-02
1.862541532257283961e+03	1.846242989545648361e-01	1.146476420380652672e-01	2.927453240256568390e-01	1.855523502657008272e-01	8.620480093267821053e-02	3.899245370394585630e-02	9.723313007877196212e-02
1.867379302470939592e+03	1.843118904386168433e-01	1.144364134070834788e-01	2.929351018489155245e-01	1.856897591865918351e-01	8.627077735784595414e-02	3.903842041392778517e-02	9.731763734640241914e-02
1.872217072684594768e+03	1.840013636103840222e-01	1.142264328053013006e-01	2.931238918834052076e-01	1.858262462925822645e-01	8.633632050396397584e-02	3.908411730814790458e-02	9.740162759559914396e-02
1.877054842898249490e+03	1.836927072522497317e-01	1.140176927163455145e-01	2.933116985411283184e-01	1.859618186462750900e-01	8.640143346768844324e-02	3.912954597793049522e-02	9.748510339776628175e-02
1.881892613111905121e+03	1.833859102130019070e-01	1.138101856709312770e-01	2.934985262180511700e-01	1.860964832277159364e-01	8.646611931730821543e-02	3.917470800506983597e-02	9.756806734730555375e-02
1.886730383325560297e+03	1.830809614074148661e-01	1.136039042465240984e-01	2.936843792944193732e-01	1.862302469364982005e-01	8.653038109323607507e-02	3.921960496188914985e-02	9.765052205940209784e-02
1.891568153539215928e+03	1.827778498158355858e-01	1.133988410670059427e-01	2.938692621350511569e-01	1.863631165937791601e-01	8.659422180848271033e-02	3.926423841129923764e-02	9.773247016793011610e-02
1.896405923752871104e+03	1.824765644837741674e-01	1.131949888023451589e-01	2.940531790896102060e-01	1.864950989442110407e-01	8.665764444911447373e-02	3.930860990685661888e-02	9.781391432347225079e-02
1.901243693966526507e+03	1.821770945214985504e-01	1.129923401682703665e-01	2.942361344928599576e-01	1.866262006577915633e-01	8.672065197469537579e-02	3.935272099282132591e-02	9.789485719144680465e-02
1.906081464180181683e+03	1.818794291036331112e-01	1.127908879259480190e-01	2.944181326648993569e-01	1.867564283316374696e-01	8.678324731871424336e-02	3.939657320421429548e-02	9.797530145033744864e-02
1.910919234393836859e+03	1.815835574687613696e-01	1.125906248816635341e-01	2.945991779113819042e-01	1.868857884916851064e-01	8.684543338899766707e-02	3.944016806687435095e-02	9.805524979002001873e-02
1.915757004607492036e+03	1.812894689190322484e-01	1.123915438865060318e-01	2.947792745237186041e-01	1.870142875943214822e-01	8.690721306810934854e-02	3.948350709751483056e-02	9.813470491018144726e-02
1.920594774821147894e+03	1.809971528197702739e-01	1.121936378360565006e-01	2.949584267792655368e-01	1.871419320279491816e-01	8.696858921373652740e-02	3.952659180377979253e-02	9.821366951882620766e-02
1.925432545034802843e+03	1.807065985990892465e-01	1.119968996700792391e-01	2.951366389414978864e-01	1.872687281144881921e-01	8.702956465906401540e-02	3.956942368429985923e-02	9.829214633086559572e-02
1.930270315248458019e+03	1.804177957475093796e-01	1.118013223722166549e-01	2.953139152601700901e-01	1.873946821108178618e-01	8.709014221313655935e-02	3.961200422874770755e-02	9.837013806678583661e-02
1.935108085462113195e+03	1.801307338175778261e-01	1.116068989696871183e-01	2.954902599714633871e-01	1.875198002101620132e-01	8.715032466120979648e-02	3.965433491789314285e-02	9.844764745139082673e-02
1.939945855675768371e+03	1.798454024234926729e-01	1.114136225329860619e-01	2.956656772981220427e-01	1.876440885434194072e-01	8.721011476509053784e-02	3.969641722365784692e-02	9.852467721261555511e-02
1.944783625889424002e+03	1.795617912407301286e-01	1.112214861755899814e-01	2.958401714495778601e-01	1.877675531804427755e-01	8.726951526346674037e-02	3.973825260916974411e-02	9.860123008040690140e-02
1.949621396103079178e+03	1.792798900056747080e-01	1.110304830536634757e-01	2.960137466220648106e-01	1.878902001312684478e-01	8.732852887222769533e-02	3.977984252881697907e-02	9.867730878566802200e-02
1.954459166316734354e+03	1.789996885152527750e-01	1.108406063657691037e-01	2.961864069987232284e-01	1.880120353472993777e-01	8.738715828477486292e-02	3.982118842830159600e-02	9.875291605926315996e-02
1.959296936530389530e+03	1.787211766265688062e-01	1.106518493525800728e-01	2.963581567496958447e-01	1.881330647224430941e-01	8.744540617232363089e-02	3.986229174469278075e-02	9.882805463107993682e-02
1.964134706744044706e+03	1.784443442565448179e-01	1.104642052965957300e-01	2.965290000322137742e-01	1.882532940942074906e-01	8.750327518419663553e-02	3.990315390647986710e-02	9.890272722914583703e-02
1.968972476957700337e+03	1.781691813815625969e-01	1.102776675218597457e-01	2.966989409906759523e-01	1.883727292447559265e-01	8.756076794810878361e-02	3.994377633362486413e-02	9.897693657879629014e-02
1.973810247171355968e+03	1.778956780371087898e-01	1.100922293936808377e-01	2.968679837567198554e-01	1.884913759019238022e-01	8.761788707044447511e-02	3.998416043761470612e-02	9.905068540189174153e-02
1.978648017385010689e+03	1.776238243174225739e-01	1.099078843183562415e-01	2.970361324492855615e-01	1.886092397401983034e-01	8.767463513652735962e-02	4.002430762151319016e-02	9.912397641608097776e-02
1.983485787598666320e+03	1.773536103751462978e-01	1.097246257428975136e-01	2.972033911746735924e-01	1.887263263816630898e-01	8.773101471088276537e-02	4.006421928001249050e-02	9.919681233410845844e-02
1.988323557812321269e+03	1.770850264209786196e-01	1.095424471547589984e-01	2.973697640265957065e-01	1.888426413969095941e-01	8.778702833749350842e-02	4.010389679948443697e-02	9.926919586316336475e-02
1.993161328025976900e+03	1.768180627233301716e-01	1.093613420815686132e-01	2.975352550862206957e-01	1.889581903059165402e-01	8.784267854004877696e-02	4.014334155803132853e-02	9.934112970426811628e-02
1.997999098239632076e+03	1.765527096079819447e-01	1.091813040908610616e-01	2.976998684222143532e-01	1.890729785788989037e-01	8.789796782218704807e-02	4.018255492553657326e-02	9.941261655170439970e-02
2.002836868453287707e+03	1.762889574577459484e-01	1.090023267898133363e-01	2.978636080907747230e-01	1.891870116371280608e-01	8.795289866773270404e-02	4.022153826371484969e-02	9.948365909247472438e-02
2.007674638666942428e+03	1.760267967121285915e-01	1.088244038249825824e-01	2.980264781356622983e-01	1.893002948537242380e-01	8.800747354092697261e-02	4.026029292616204597e-02	9.955426000579761792e-02
2.012512408880597604e+03	1.757662178669962549e-01	1.086475288820461238e-01	2.981884825882264445e-01	1.894128335544226771e-01	8.806169488665330225e-02	4.029882025840483828e-02	9.962442196263469885e-02
2.017350179094252780e+03	1.755072114742432243e-01	1.084716956855438230e-01	2.983496254674271042e-01	1.895246330183146255e-01	8.811556513065743612e-02	4.033712159794992924e-02	9.969414762524816953e-02
2.022187949307908411e+03	1.752497681414621478e-01	1.082968979986224795e-01	2.985099107798533380e-01	1.896356984785643185e-01	8.816908667976226799e-02	4.037519827433301567e-02	9.976343964678674459e-02
2.027025719521564042e+03	1.749938785316165202e-01	1.081231296227824767e-01	2.986693425197381457e-01	1.897460351231029796e-01	8.822226192207785478e-02	4.041305160916738859e-02	9.983230067089894633e-02
2.031863489735218764e+03	1.747395333627156377e-01	1.079503843976263866e-01	2.988279246689701796e-01	1.898556480953010883e-01	8.827509322720676621e-02	4.045068291619225570e-02	9.990073333137203249e-02
2.036701259948874394e+03	1.744867234074915507e-01	1.077786562006098625e-01	2.989856611971021816e-01	1.899645424946198036e-01	8.832758294644484087e-02	4.048809350132075852e-02	9.996874025179534884e-02
2.041539030162529116e+03	1.742354394930784867e-01	1.076079389467942959e-01	2.991425560613573675e-01	1.900727233772422087e-01	8.837973341297761243e-02	4.052528466268763563e-02	1.000363240452467883e-01
2.046376800376184747e+03	1.739856725006940497e-01	1.074382265886016929e-01	2.992986132066325911e-01	1.901801957566857382e-01	8.843154694207255861e-02	4.056225769069664311e-02	1.001034873140011355e-01
2.051214570589840150e+03	1.737374133653228070e-01	1.072695131155713966e-01	2.994538365654998424e-01	1.902869646043963137e-01	8.848302583126735343e-02	4.059901386806761409e-02	1.001702326492591444e-01
2.056052340803495554e+03	1.734906530754018739e-01	1.071017925541186966e-01	2.996082300582050273e-01	1.903930348503251324e-01	8.853417236055419193e-02	4.063555446988322689e-02	1.002365626308963087e-01
2.060890111017150957e+03	1.732453826725086077e-01	1.069350589672956181e-01	2.997617975926654132e-01	1.904984113834886916e-01	8.858498879256053449e-02	4.067188076363553728e-02	1.003024798272301177e-01
2.065727881230805451e+03	1.730015932510501897e-01	1.067693064545531673e-01	2.999145430644649668e-01	1.906030990525130475e-01	8.863547737272602089e-02	4.070799400927212902e-02	1.003679867948049920e-01
2.070565651444461309e+03	1.727592759579552883e-01	1.066045291515058530e-01	3.000664703568483582e-01	1.907071026661628366e-01	8.868564032947626186e-02	4.074389545924200079e-02	1.004330860781939144e-01
2.075403421658116713e+03	1.725184219923678319e-01	1.064407212296977073e-01	3.002175833407132455e-01	1.908104269938557251e-01	8.873547987439302231e-02	4.077958635854119634e-02	1.004977802098157985e-01
2.080241191871772116e+03	1.722790226053423357e-01	1.062778768963703463e-01	3.003678858746016700e-01	1.909130767661629813e-01	8.878499820238136553e-02	4.081506794475808775e-02	1.005620717097677613e-01
2.085078962085427065e+03	1.720410690995416436e-01	1.061159903942325983e-01	3.005173818046898981e-01	1.910150566752965573e-01	8.883419749183371628e-02	4.085034144811841572e-02	1.006259630856716492e-01
2.089916732299082469e+03	1.718045528289362522e-01	1.059550560012320897e-01	3.006660749647777631e-01	1.911163713755837656e-01	8.888307990479080156e-02	4.088540809153000388e-02	1.006894568325338440e-01
2.094754502512737417e+03	1.715694651985056329e-01	1.057950680303283569e-01	3.008139691762765078e-01	1.912170254839291872e-01	8.893164758709989903e-02	4.092026909062723011e-02	1.007525554326176992e-01
2.099592272726392821e+03	1.713357976639412472e-01	1.056360208292678599e-01	3.009610682481964061e-01	1.913170235802655050e-01	8.897990266857022656e-02	4.095492565381519262e-02	1.008152613553280480e-01
2.104430042940048224e+03	1.711035417313517548e-01	1.054779087803604937e-01	3.011073759771334957e-01	1.914163702079926532e-01	8.902784726312559793e-02	4.098937898231358457e-02	1.008775770571069402e-01
2.109267813153704083e+03	1.708726889569695262e-01	1.053207263002579608e-01	3.012528961472555888e-01	1.915150698744063351e-01	8.907548346895460822e-02	4.102363027020032582e-02	1.009395049813401474e-01
2.114105583367359031e+03	1.706432309468594866e-01	1.051644678397335581e-01	3.013976325302881731e-01	1.916131270511162998e-01	8.912281336865827963e-02	4.105768070445488943e-02	1.010010475582737849e-01
2.118943353581013525e+03	1.704151593566293477e-01	1.050091278834638375e-01	3.015415888854995896e-01	1.917105461744547379e-01	8.916983902939518147e-02	4.109153146500137133e-02	1.010622072049404130e-01
2.123781123794669384e+03	1.701884658911417547e-01	1.048547009498116273e-01	3.016847689596860449e-01	1.918073316458750177e-01	8.921656250302439917e-02	4.112518372475127554e-02	1.011229863250942967e-01
2.128618894008324787e+03	1.699631423042281264e-01	1.047011815906108700e-01	3.018271764871565677e-01	1.919034878323415960e-01	8.926298582624611622e-02	4.115863864964604268e-02	1.011833873091551178e-01
2.133456664221980191e+03	1.697391803984042435e-01	1.045485643909528223e-01	3.019688151897175765e-01	1.919990190667107688e-01	8.930911102073997576e-02	4.119189739869929395e-02	1.012434125341597768e-01
2.138294434435635139e+03	1.695165720245876140e-01	1.043968439689739180e-01	3.021096887766573369e-01	1.920939296481034564e-01	8.935494009330141596e-02	4.122496112403881141e-02	1.013030643637218980e-01
2.143132204649290543e+03	1.692953090818163919e-01	1.042460149756451182e-01	3.022498009447307510e-01	1.921882238422696620e-01	8.940047503597592371e-02	4.125783097094827545e-02	1.013623451479983423e-01
2.147969974862945492e+03	1.690753835169699903e-01	1.040960720945628831e-01	3.023891553781438701e-01	1.922819058819451588e-01	8.944571782619122058e-02	4.129050807790873162e-02	1.014212572236626725e-01
2.152807745076601350e+03	1.688567873244915529e-01	1.039470100417414500e-01	3.025277557485384072e-01	1.923749799672008487e-01	8.949067042688756135e-02	4.132299357663976602e-02	1.014798029138849478e-01
2.157645515290255844e+03	1.686395125461117028e-01	1.037988235654067615e-01	3.026656057149769707e-01	1.924674502657848785e-01	8.953533478664614520e-02	4.135528859214047254e-02	1.015379845283175958e-01
2.162483285503912157e+03	1.684235512705743176e-01	1.036515074457917684e-01	3.028027089239278546e-01	1.925593209134577877e-01	8.957971283981577826e-02	4.138739424273010781e-02	1.015958043630868918e-01
2.167321055717567106e+03	1.682088956333636365e-01	1.035050564949332036e-01	3.029390690092504945e-01	1.926505960143211627e-01	8.962380650663757942e-02	4.141931164008855193e-02	1.016532647007899193e-01
2.172158825931222509e+03	1.679955378164330604e-01	1.033594655564698123e-01	3.030746895921808681e-01	1.927412796411396845e-01	8.966761769336817345e-02	4.145104188929644995e-02	1.017103678104965409e-01
2.176996596144877003e+03	1.677834700479356178e-01	1.032147295054420127e-01	3.032095742813176176e-01	1.928313758356570706e-01	8.971114829240105226e-02	4.148258608887515214e-02	1.017671159477560733e-01
2.181834366358532861e+03	1.675726846019558736e-01	1.030708432480929304e-01	3.033437266726080606e-01	1.929208886089063268e-01	8.975440018238639572e-02	4.151394533082639754e-02	1.018235113546085840e-01
2.186672136572187810e+03	1.673631737982435863e-01	1.029278017216708196e-01	3.034771503493352562e-01	1.930098219415137262e-01	8.979737522834924102e-02	4.154512070067171992e-02	1.018795562596002402e-01
2.191509906785843214e+03	1.671549300019485318e-01	1.027855998942328597e-01	3.036098488821047381e-01	1.930981797839978753e-01	8.984007528180619484e-02	4.157611327749164559e-02	1.019352528778027234e-01
2.196347676999498617e+03	1.669479456233573800e-01	1.026442327644503938e-01	3.037418258288322459e-01	1.931859660570629522e-01	8.988250218088059129e-02	4.160692413396460676e-02	1.019906034108364334e-01
2.201185447213154021e+03	1.667422131176317657e-01	1.025036953614154728e-01	3.038730847347316244e-01	1.932731846518870311e-01	8.992465775041608156e-02	4.163755433640563275e-02	1.020456100468970506e-01
2.206023217426809424e+03	1.665377249845479135e-01	1.023639827444486616e-01	3.040036291323033879e-01	1.933598394304053836e-01	8.996654380208907176e-02	4.166800494480481232e-02	1.021002749607854559e-01
2.210860987640464373e+03	1.663344737682378727e-01	1.022250900029083032e-01	3.041334625413237847e-01	1.934459342255889225e-01	9.000816213451943992e-02	4.169827701286549226e-02	1.021546003139408021e-01
2.215698757854119776e+03	1.661324520569321117e-01	1.020870122560010307e-01	3.042625884688345272e-01	1.935314728417181773e-01	9.004951453338015666e-02	4.172837158804225399e-02	1.022085882544763735e-01
2.220536528067775180e+03	1.659316524827036954e-01	1.019497446525935852e-01	3.043910104091326896e-01	1.936164590546524122e-01	9.009060277150543472e-02	4.175828971157864028e-02	1.022622409172182500e-01
2.225374298281430583e+03	1.657320677212138493e-01	1.018132823710258955e-01	3.045187318437615476e-01	1.937008966120947473e-01	9.013142860899758801e-02	4.178803241854466693e-02	1.023155604237464267e-01
2.230212068495085077e+03	1.655336904914592455e-01	1.016776206189255460e-01	3.046457562415018083e-01	1.937847892338528943e-01	9.017199379333273868e-02	4.181760073787404303e-02	1.023685488824384454e-01
2.235049838708740936e+03	1.653365135555201759e-01	1.015427546330233688e-01	3.047720870583638386e-01	1.938681406120958961e-01	9.021230005946512254e-02	4.184699569240126621e-02	1.024212083885150809e-01
2.239887608922396339e+03	1.651405297183108078e-01	1.014086796789703954e-01	3.048977277375797268e-01	1.939509544116067574e-01	9.025234912993040925e-02	4.187621829889837805e-02	1.024735410240882327e-01
2.244725379136052197e+03	1.649457318273304385e-01	1.012753910511560440e-01	3.050226817095969545e-01	1.940332342700315238e-01	9.029214271494755140e-02	4.190526956811156667e-02	1.025255488582106911e-01
2.249563149349706237e+03	1.647521127724163592e-01	1.011428840725274447e-01	3.051469523920716242e-01	1.941149837981243353e-01	9.033168251251974534e-02	4.193415050479747802e-02	1.025772339469277067e-01
2.254400919563362095e+03	1.645596654854981633e-01	1.010111540944101521e-01	3.052705431898635191e-01	1.941962065799890669e-01	9.037097020853411544e-02	4.196286210775937442e-02	1.026285983333303509e-01
2.259238689777017044e+03	1.643683829403531915e-01	1.008801964963299269e-01	3.053934574950307179e-01	1.942769061733174152e-01	9.041000747686030181e-02	4.199140536988298089e-02	1.026796440476102495e-01
2.264076459990672902e+03	1.641782581523636708e-01	1.007500066858358218e-01	3.055156986868254876e-01	1.943570861096235725e-01	9.044879597944804894e-02	4.201978127817221353e-02	1.027303731071158993e-01
2.268914230204327851e+03	1.639892841782752131e-01	1.006205800983243775e-01	3.056372701316907858e-01	1.944367498944757633e-01	9.048733736642361469e-02	4.204799081378458175e-02	1.027807875164103574e-01
2.273752000417983254e+03	1.638014541159563964e-01	1.004919121968650131e-01	3.057581751832573747e-01	1.945159010077242012e-01	9.052563327618522171e-02	4.207603495206645172e-02	1.028308892673300279e-01
2.278589770631638203e+03	1.636147611041600392e-01	1.003639984720267192e-01	3.058784171823412668e-01	1.945945429037263807e-01	9.056368533549746802e-02	4.210391466258803228e-02	1.028806803390447527e-01
2.283427540845293606e+03	1.634291983222857236e-01	1.002368344417057383e-01	3.059979994569425044e-01	1.946726790115690109e-01	9.060149515958468291e-02	4.213163090917818737e-02	1.029301626981188600e-01
2.288265311058949010e+03	1.632447589901435681e-01	1.001104156509544929e-01	3.061169253222437714e-01	1.947503127352870900e-01	9.063906435222343627e-02	4.215918464995901255e-02	1.029793382985732669e-01
2.293103081272604413e+03	1.630614363677195533e-01	9.998473767181163818e-02	3.062351980806108376e-01	1.948274474540802603e-01	9.067639450583386829e-02	4.218657683738018249e-02	1.030282090819483742e-01
2.297940851486259817e+03	1.628792237549418764e-01	9.985979610313325261e-02	3.063528210215921144e-01	1.949040865225260544e-01	9.071348720157035306e-02	4.221380841825312508e-02	1.030767769773679177e-01
2.302778621699914765e+03	1.626981144914489141e-01	9.973558657042522202e-02	3.064697974219205978e-01	1.949802332707906982e-01	9.075034400941094093e-02	4.224088033378494561e-02	1.031250439016034165e-01
2.307616391913570169e+03	1.625181019563584628e-01	9.961210472567653962e-02	3.065861305455149788e-01	1.950558910048370564e-01	9.078696648824610693e-02	4.226779351961217068e-02	1.031730117591394269e-01
2.312454162127225118e+03	1.623391795680380056e-01	9.948934624719396602e-02	3.067018236434824741e-01	1.951310630066301899e-01	9.082335618596651394e-02	4.229454890583424914e-02	1.032206824422392671e-01
2.317291932340880976e+03	1.621613407838767562e-01	9.936730683943764686e-02	3.068168799541218239e-01	1.952057525343401934e-01	9.085951463954988760e-02	4.232114741704689348e-02	1.032680578310115338e-01
2.322129702554535925e+03	1.619845791000585344e-01	9.924598223285784060e-02	3.069313027029267338e-01	1.952799628225425910e-01	9.089544337514707251e-02	4.234758997237515754e-02	1.033151397934768123e-01
2.326967472768191783e+03	1.618088880513362249e-01	9.912536818373271497e-02	3.070450951025907593e-01	1.953536970824165386e-01	9.093114390816711690e-02	4.237387748550636851e-02	1.033619301856350259e-01
2.331805242981846732e+03	1.616342612108072896e-01	9.900546047400728134e-02	3.071582603530121913e-01	1.954269585019403344e-01	9.096661774336173290e-02	4.240001086472280217e-02	1.034084308515331591e-01
2.336643013195502135e+03	1.614606921896908354e-01	9.888625491113336996e-02	3.072708016412996068e-01	1.954997502460848469e-01	9.100186637490870201e-02	4.242599101293419162e-02	1.034546436233332589e-01
2.341480783409156629e+03	1.612881746371056801e-01	9.876774732791056277e-02	3.073827221417783639e-01	1.955720754570046960e-01	9.103689128649465612e-02	4.245181882771002779e-02	1.035005703213807415e-01
2.346318553622812487e+03	1.611167022398498350e-01	9.864993358232836129e-02	3.074940250159978739e-01	1.956439372542271293e-01	9.107169395139691481e-02	4.247749520131164497e-02	1.035462127542730315e-01
2.351156323836467891e+03	1.609462687221810961e-01	9.853280955740922886e-02	3.076047134127387062e-01	1.957153387348387619e-01	9.110627583256462880e-02	4.250302102072413268e-02	1.035915727189282709e-01
2.355994094050123294e+03	1.607768678455989975e-01	9.841637116105277083e-02	3.077147904680211932e-01	1.957862829736703170e-01	9.114063838269913231e-02	4.252839716768803263e-02	1.036366520006543335e-01
2.360831864263778243e+03	1.606084934086279836e-01	9.830061432588087234e-02	3.078242593051143672e-01	1.958567730234792303e-01	9.117478304433351832e-02	4.255362451873085511e-02	1.036814523732178667e-01
2.365669634477433647e+03	1.604411392466018049e-01	9.818553500908394627e-02	3.079331230345453418e-01	1.959268119151301724e-01	9.120871124991142276e-02	4.257870394519838037e-02	1.037259755989135557e-01
2.370507404691088595e+03	1.602747992314489667e-01	9.807112919226802783e-02	3.080413847541095262e-01	1.959964026577737661e-01	9.124242442186518420e-02	4.260363631328576567e-02	1.037702234286333458e-01
2.375345174904743999e+03	1.601094672714797329e-01	9.795739288130310418e-02	3.081490475488813385e-01	1.960655482390230853e-01	9.127592397269311542e-02	4.262842248406850665e-02	1.038141976019357482e-01
2.380182945118399402e+03	1.599451373111739627e-01	9.784432210617219350e-02	3.082561144912253082e-01	1.961342516251285972e-01	9.130921130503621974e-02	4.265306331353315578e-02	1.038578998471151454e-01
2.385020715332054806e+03	1.597818033309704178e-01	9.773191292082160364e-02	3.083625886408085104e-01	1.962025157611509418e-01	9.134228781175407486e-02	4.267755965260786044e-02	1.039013318812711251e-01
2.389858485545710209e+03	1.596194593470571244e-01	9.762016140301209288e-02	3.084684730446126677e-01	1.962703435711321276e-01	9.137515487600009201e-02	4.270191234719275530e-02	1.039444954103776741e-01
2.394696255759364703e+03	1.594580994111629568e-01	9.750906365417098820e-02	3.085737707369474170e-01	1.963377379582646742e-01	9.140781387129601199e-02	4.272612223819009791e-02	1.039873921293524295e-01
2.399534025973020562e+03	1.592977176103504977e-01	9.739861579924528889e-02	3.086784847394638542e-01	1.964047018050592008e-01	9.144026616160580434e-02	4.275019016153427942e-02	1.040300237221257196e-01
2.404371796186675965e+03	1.591383080668098138e-01	9.728881398655576940e-02	3.087826180611689120e-01	1.964712379735101822e-01	9.147251310140883107e-02	4.277411694822162019e-02	1.040723918617096067e-01
