1.446493293882929493e+03	2.199249035640858663e-01	1.384979953752045467e-01	2.722962371539863202e-01	1.673359621127935570e-01	7.978675144028021804e-02	3.423015875923435258e-02	8.792799159379498242e-02
1.451331064096585123e+03	2.193997263970482170e-01	1.381422276219961276e-01	2.725903716330165816e-01	1.679977601311566371e-01	7.952781240724184075e-02	3.429666070855139082e-02	8.804544110036907623e-02
1.456168834310240300e+03	2.188780001384802165e-01	1.377888740365510178e-01	2.728826962453503868e-01	1.685580752899397128e-01	7.936458296696000114e-02	3.436051822658302973e-02	8.816725309551562417e-02
1.461006604523895703e+03	2.183596291323255945e-01	1.374378578631666736e-01	2.731733075298587443e-01	1.690418000112500208e-01	7.927280649251226829e-02	3.442240642442542797e-02	8.829219254584128040e-02
1.465844374737550879e+03	2.178445370502961609e-01	1.370891180905356999e-01	2.734622801311464291e-01	1.694675931858594664e-01	7.923431155491814093e-02	3.448282898467111557e-02	8.841933100195301098e-02
1.470682144951206283e+03	2.173326620778879281e-01	1.367426055343249069e-01	2.737496722164289853e-01	1.698494428591334759e-01	7.923548615724239352e-02	3.454216120317630395e-02	8.854796995118606462e-02
1.475519915164861459e+03	2.168239533069511449e-01	1.363982799014620551e-01	2.740355295382584933e-01	1.701978371281755442e-01	7.926613451044479952e-02	3.460068223778506313e-02	8.867758337630299303e-02
1.480357685378516862e+03	2.163183680323207403e-01	1.360561075900109107e-01	2.743198884824085693e-01	1.705206414788033031e-01	7.931862044037506221e-02	3.465859927008187874e-02	8.880777470537966345e-02
1.485195455592172038e+03	2.158158697258544534e-01	1.357160600402214368e-01	2.746027783551674428e-01	1.708237561632084123e-01	7.938722556192173707e-02	3.471606560777876910e-02	8.893824454522784861e-02
1.490033225805827215e+03	2.153164265180508574e-01	1.353781124985779238e-01	2.748842231005513836e-01	1.711116087660362328e-01	7.946766837399396599e-02	3.477319424698229605e-02	8.906876649518749578e-02
1.494870996019482618e+03	2.148200100599985674e-01	1.350422430913099936e-01	2.751642425901953404e-01	1.713875232800486370e-01	7.955674392931261218e-02	3.483006803268016982e-02	8.919916901583481439e-02
1.499708766233137567e+03	2.143265946703112323e-01	1.347084321297901677e-01	2.754428535928939992e-01	1.716539966525452432e-01	7.965205384850543302e-02	3.488674727038262174e-02	8.932932183495147227e-02
1.504546536446793198e+03	2.138361566956062665e-01	1.343766615896903049e-01	2.757200705039535293e-01	1.719129060011746202e-01	7.975180402736603558e-02	3.494327542800466924e-02	8.945912575358480612e-02
1.509384306660448374e+03	2.133486740309983032e-01	1.340469147203434130e-01	2.759959058944249088e-01	1.721656638814387241e-01	7.985465306521130624e-02	3.499968340684336127e-02	8.958850500012023599e-02
1.514222076874103550e+03	2.128641257604975690e-01	1.337191757516753010e-01	2.762703709252357087e-01	1.724133346301308933e-01	7.995959869749499904e-02	3.505599274044442909e-02	8.971740149390135255e-02
1.519059847087758726e+03	2.123824918872594669e-01	1.333934296742539105e-01	2.765434756599574051e-01	1.726567215435307889e-01	8.006589270419259274e-02	3.511221799019519085e-02	8.984577053999094620e-02
1.523897617301414357e+03	2.119037531311664668e-01	1.330696620741334546e-01	2.768152293014936594e-01	1.728964322024660050e-01	8.017297715444898776e-02	3.516836853907639310e-02	8.997357759659541099e-02
1.528735387515069533e+03	2.114278907768691040e-01	1.327478590087644295e-01	2.770856403716412397e-01	1.731329274230732074e-01	8.028043663799420970e-02	3.522444993450169620e-02	9.010079584653658824e-02
1.533573157728724709e+03	2.109548865596425626e-01	1.324280069136823390e-01	2.773547168477298874e-01	1.733665579384510991e-01	8.038796247505608505e-02	3.528046489333142022e-02	9.022740437148708825e-02
1.538410927942380113e+03	2.104847225795854204e-01	1.321100925322666042e-01	2.776224662669919963e-01	1.735975918871548174e-01	8.049532590145211386e-02	3.533641405379303602e-02	9.035338677813657682e-02
1.543248698156035516e+03	2.100173812370613180e-01	1.317941028627936662e-01	2.778888958066461079e-01	1.738262354132891208e-01	8.060235797853497475e-02	3.539229653779580459e-02	9.047873016325957973e-02
1.548086468369690692e+03	2.095528451840650008e-01	1.314800251184561342e-01	2.781540123456843205e-01	1.740526481051173358e-01	8.070893454186858773e-02	3.544811037120831204e-02	9.060342433298092246e-02
1.552924238583346096e+03	2.090910972875260621e-01	1.311678466971047674e-01	2.784178225128541295e-01	1.742769545661378428e-01	8.081496492525815090e-02	3.550385279774020963e-02	9.072746121275945819e-02
1.557762008797001272e+03	2.086321206015641083e-01	1.308575551582826790e-01	2.786803327242059480e-01	1.744992530881677717e-01	8.092038351351309167e-02	3.555952051313255452e-02	9.085083440051441861e-02
1.562599779010656675e+03	2.081758983464568336e-01	1.305491382057306915e-01	2.789415492127358953e-01	1.747196221528963811e-01	8.102514341466041103e-02	3.561510983966482274e-02	9.097353882723556440e-02
1.567437549224311852e+03	2.077224138926438146e-01	1.302425836739984077e-01	2.792014780520233330e-01	1.749381253062380903e-01	8.112921172015970239e-02	3.567061685596941562e-02	9.109557049834784981e-02
1.572275319437967255e+03	2.072716507485087567e-01	1.299378795181387602e-01	2.794601251752915072e-01	1.751548148133460214e-01	8.123256595491773480e-02	3.572603749338499474e-02	9.121692629579286615e-02
1.577113089651622431e+03	2.068235925509986084e-01	1.296350138057187629e-01	2.797174963909637158e-01	1.753697343998929514e-01	8.133519141874030745e-02	3.578136760726332438e-02	9.133760382580301262e-02
1.581950859865277607e+03	2.063782230583727229e-01	1.293339747105718696e-01	2.799735973955237989e-01	1.755829213086102791e-01	8.143707919566603448e-02	3.583660302953365490e-02	9.145760130110228148e-02
1.586788630078933011e+03	2.059355261445535712e-01	1.290347505078614510e-01	2.802284337842895767e-01	1.757944078426662837e-01	8.153822466367940947e-02	3.589173960724741791e-02	9.157691744908295906e-02
1.591626400292587959e+03	2.054954857946815761e-01	1.287373295701318143e-01	2.804820110605585337e-01	1.760042225244514702e-01	8.163862637929815425e-02	3.594677323064110475e-02	9.169555143961796717e-02
1.596464170506243590e+03	2.050580861015769696e-01	1.284417003641049604e-01	2.807343346434743592e-01	1.762123909661079124e-01	8.173828524299885101e-02	3.600169985336750672e-02	9.181350282775009586e-02
1.601301940719898766e+03	2.046233112628855488e-01	1.281478514480414166e-01	2.809854098748756912e-01	1.764189365239892948e-01	8.183720387502360638e-02	3.605651550688022261e-02	9.193077150768490247e-02
1.606139710933553943e+03	2.041911455787407959e-01	1.278557714695283953e-01	2.812352420253299012e-01	1.766238807911440500e-01	8.193538614877710069e-02	3.611121631045817459e-02	9.204735767540228597e-02
1.610977481147209119e+03	2.037615734498171571e-01	1.275654491635937193e-01	2.814838362995026322e-01	1.768272439683545860e-01	8.203283684226114758e-02	3.616579847798328390e-02	9.216326179786821227e-02
1.615815251360864750e+03	2.033345793756800302e-01	1.272768733510678263e-01	2.817311978409811069e-01	1.770290451441072777e-01	8.212956137791219136e-02	3.622025832230488240e-02	9.227848458732741677e-02
1.620653021574519926e+03	2.029101479533617358e-01	1.269900329371368708e-01	2.819773317366415233e-01	1.772293025062544602e-01	8.222556562863911345e-02	3.627459225781475699e-02	9.239302697953225008e-02
1.625490791788175102e+03	2.024882638761104914e-01	1.267049169100431527e-01	2.822222430206297039e-01	1.774280335024270572e-01	8.232085577342641847e-02	3.632879680169971010e-02	9.250689011504405201e-02
1.630328562001830505e+03	2.020689119322723326e-01	1.264215143399003427e-01	2.824659366780110648e-01	1.776252549619813104e-01	8.241543819004079618e-02	3.638286857422091264e-02	9.262007532295384038e-02
1.635166332215485909e+03	2.016520770042757316e-01	1.261398143775985803e-01	2.827084176481312050e-01	1.778209831890614490e-01	8.250931937550454176e-02	3.643680429828129869e-02	9.273258410652777950e-02
1.640004102429141085e+03	2.012377440676966223e-01	1.258598062537817364e-01	2.829496908277231992e-01	1.780152340339601069e-01	8.260250588734173449e-02	3.649060079847604027e-02	9.284441813040120173e-02
1.644841872642796488e+03	2.008258981903865148e-01	1.255814792778814082e-01	2.831897610737881821e-01	1.782080229481599609e-01	8.269500430035812977e-02	3.654425499977191627e-02	9.295557920903455007e-02
1.649679642856451665e+03	2.004165245316506527e-01	1.253048228371984596e-01	2.834286332062723179e-01	1.783993650270932763e-01	8.278682117503027849e-02	3.659776392592421768e-02	9.306606929621144553e-02
1.654517413070107068e+03	2.000096083414669157e-01	1.250298263960230583e-01	2.836663120105585301e-01	1.785892750436451348e-01	8.287796303456484992e-02	3.665112469771222847e-02	9.317589047540993097e-02
1.659355183283762244e+03	1.996051349597373903e-01	1.247564794947872285e-01	2.839028022397890871e-01	1.787777674746708900e-01	8.296843634842705761e-02	3.670433453105344246e-02	9.328504495091560766e-02
1.664192953497417420e+03	1.992030898155674190e-01	1.244847717492454653e-01	2.841381086170316483e-01	1.789648565222304311e-01	8.305824752069008998e-02	3.675739073504124405e-02	9.339353503957437130e-02
1.669030723711072824e+03	1.988034584265676308e-01	1.242146928496794811e-01	2.843722358373017012e-01	1.791505561308169014e-01	8.314740288197175477e-02	3.681029070993910995e-02	9.350136316310415918e-02
1.673868493924728000e+03	1.984062263981754837e-01	1.239462325601242143e-01	2.846051885694493855e-01	1.793348800015397426e-01	8.323590868403497878e-02	3.686303194515569426e-02	9.360853184090126011e-02
1.678706264138383403e+03	1.980113794229940993e-01	1.236793807176131688e-01	2.848369714579218059e-01	1.795178416039820701e-01	8.332377109636128487e-02	3.691561201721862279e-02	9.371504368328970047e-02
1.683544034352038352e+03	1.976189032801457801e-01	1.234141272314409760e-01	2.850675891244074944e-01	1.796994541862745320e-01	8.341099620418042371e-02	3.696802858776006284e-02	9.382090138517146238e-02
1.688381804565693983e+03	1.972287838346392652e-01	1.231504620824420415e-01	2.852970461693703497e-01	1.798797307837930182e-01	8.349759000757003835e-02	3.702027940152346347e-02	9.392610772004253428e-02
1.693219574779349159e+03	1.968410070367489495e-01	1.228883753222839853e-01	2.855253471734803261e-01	1.800586842267870302e-01	8.358355842133662061e-02	3.707236228439799580e-02	9.403066553434577535e-02
1.698057344993004335e+03	1.964555589214053988e-01	1.226278570727749317e-01	2.857524966989464787e-01	1.802363271471702499e-01	8.366890727546270889e-02	3.712427514148557151e-02	9.413457774213537799e-02
1.702895115206659511e+03	1.960724256075960237e-01	1.223688975251840255e-01	2.859784992907576928e-01	1.804126719846483873e-01	8.375364231595938680e-02	3.717601595520343000e-02	9.423784732003177844e-02
1.707732885420315142e+03	1.956915932977753292e-01	1.221114869395742986e-01	2.862033594778374268e-01	1.805877309923163976e-01	8.383776920600477522e-02	3.722758278342439692e-02	9.434047730244810026e-02
1.712570655633970318e+03	1.953130482772845455e-01	1.218556156441474997e-01	2.864270817741159658e-01	1.807615162418257926e-01	8.392129352727958902e-02	3.727897375765611143e-02	9.444247077707121352e-02
1.717408425847625494e+03	1.949367769137794193e-01	1.216012740346002485e-01	2.866496706795259586e-01	1.809340396281987062e-01	8.400422078143379712e-02	3.733018708125969420e-02	9.454383088058287976e-02
1.722246196061280898e+03	1.945627656566663310e-01	1.213484525734911529e-01	2.868711306809247352e-01	1.811053128743471130e-01	8.408655639163595263e-02	3.738122102770824462e-02	9.464456079460718818e-02
1.727083966274936301e+03	1.941910010365461570e-01	1.210971417896184871e-01	2.870914662529480132e-01	1.812753475353424404e-01	8.416830570416894419e-02	3.743207393888481338e-02	9.474466374187189011e-02
1.731921736488591478e+03	1.938214696646653468e-01	1.208473322774081121e-01	2.873106818587986000e-01	1.814441550024704086e-01	8.424947399004625859e-02	3.748274422341958678e-02	9.484414298257243248e-02
1.736759506702246881e+03	1.934541582323744402e-01	1.205990146963111104e-01	2.875287819509737552e-01	1.816117465070982984e-01	8.433006644662954798e-02	3.753323035506579003e-02	9.494300181092783786e-02
1.741597276915902057e+03	1.930890535105931893e-01	1.203521797702111346e-01	2.877457709719345447e-01	1.817781331243759901e-01	8.441008819923362383e-02	3.758353087111350466e-02	9.504124355191879980e-02
1.746435047129557461e+03	1.927261423492823700e-01	1.201068182868408885e-01	2.879616533547206814e-01	1.819433257767879009e-01	8.448954430270939897e-02	3.763364437084081027e-02	9.513887155819870933e-02
1.751272817343212637e+03	1.923654116769220324e-01	1.198629210972076697e-01	2.881764335235139085e-01	1.821073352375692511e-01	8.456843974299768640e-02	3.768356951400132770e-02	9.523588920716888340e-02
1.756110587556867813e+03	1.920068484999957192e-01	1.196204791150276420e-01	2.883901158941524767e-01	1.822701721339981817e-01	8.464677943864939991e-02	3.773330501934752529e-02	9.533229989820980743e-02
1.760948357770523216e+03	1.916504399024808181e-01	1.193794833161686830e-01	2.886027048745999912e-01	1.824318469505725737e-01	8.472456824230914507e-02	3.778284966318875421e-02	9.542810705006082861e-02
1.765786127984178393e+03	1.912961730453446307e-01	1.191399247381013243e-01	2.888142048653709604e-01	1.825923700320794818e-01	8.480181094216029947e-02	3.783220227798331226e-02	9.552331409834083353e-02
1.770623898197833569e+03	1.909440351660460222e-01	1.189017944793579057e-01	2.890246202599157654e-01	1.827517515865636766e-01	8.487851226333094357e-02	3.788136175096364772e-02	9.561792449320297149e-02
1.775461668411488745e+03	1.905940135780425093e-01	1.186650836989995295e-01	2.892339554449669947e-01	1.829100016882009294e-01	8.495467686926001794e-02	3.793032702279391238e-02	9.571194169711703947e-02
1.780299438625144376e+03	1.902460956703026507e-01	1.184297836160905781e-01	2.894422148008502504e-01	1.830671302800812583e-01	8.503030936302409526e-02	3.797909708625899633e-02	9.580536918277310354e-02
1.785137208838799552e+03	1.899002689068234884e-01	1.181958855091808230e-01	2.896494027017604278e-01	1.832231471769061593e-01	8.510541428862529456e-02	3.802767098498426729e-02	9.589821043110045851e-02
1.789974979052454728e+03	1.895565208261530132e-01	1.179633807157946385e-01	2.898555235160065191e-01	1.833780620676041528e-01	8.517999613224094824e-02	3.807604781218532075e-02	9.599046892939641640e-02
1.794812749266109904e+03	1.892148390409174596e-01	1.177322606319274323e-01	2.900605816062260534e-01	1.835318845178679215e-01	8.525405932343609050e-02	3.812422670944679709e-02	9.608214816955935877e-02
1.799650519479765535e+03	1.888752112373533187e-01	1.175025167115488905e-01	2.902645813295717803e-01	1.836846239726168117e-01	8.532760823633958602e-02	3.817220686552972447e-02	9.617325164642107072e-02
1.804488289693420711e+03	1.885376251748439314e-01	1.172741404661130221e-01	2.904675270378717089e-01	1.838362897583873390e-01	8.540064719078517552e-02	3.821998751520647164e-02	9.626378285617348540e-02
1.809326059907075887e+03	1.882020686854605218e-01	1.170471234640747954e-01	2.906694230777646104e-01	1.839868910856548023e-01	8.547318045341834036e-02	3.826756793812283175e-02	9.635374529488523188e-02
1.814163830120731291e+03	1.878685296735077004e-01	1.168214573304131587e-01	2.908702737908118729e-01	1.841364370510884252e-01	8.554521223877024905e-02	3.831494745768630056e-02	9.644314245710339240e-02
1.819001600334386467e+03	1.875369961150729625e-01	1.165971337461603474e-01	2.910700835135883180e-01	1.842849366397429356e-01	8.561674671029984030e-02	3.836212543998010482e-02	9.653197783453661140e-02
1.823839370548041643e+03	1.872074560575806013e-01	1.163741444479373666e-01	2.912688565777518113e-01	1.844323987271887511e-01	8.568778798140512520e-02	3.840910129270221768e-02	9.662025491481522621e-02
1.828677140761696819e+03	1.868798976193494776e-01	1.161524812274954965e-01	2.914665973100949437e-01	1.845788320815829886e-01	8.575834011640480481e-02	3.845587446412872257e-02	9.670797718032472789e-02
1.833514910975352450e+03	1.865543089891548434e-01	1.159321359312635580e-01	2.916633100325779493e-01	1.847242453656834371e-01	8.582840713149127165e-02	3.850244444210103312e-02	9.679514810710909689e-02
1.838352681189008081e+03	1.862306784257939662e-01	1.157131004599009638e-01	2.918589990623459696e-01	1.848686471388078512e-01	8.589799299565600843e-02	3.854881075303622645e-02	9.688177116384019683e-02
1.843190451402663257e+03	1.859089942576555854e-01	1.154953667678564472e-01	2.920536687117303298e-01	1.850120458587400096e-01	8.596710163158839679e-02	3.859497296096004587e-02	9.696784981085029842e-02
1.848028221616318433e+03	1.855892448822928642e-01	1.152789268629321878e-01	2.922473232882361605e-01	1.851544498835849262e-01	8.603573691654878286e-02	3.864093066656193454e-02	9.705338749922433339e-02
1.852865991829973609e+03	1.852714187660001732e-01	1.150637728058533371e-01	2.924399670945157514e-01	1.852958674735744604e-01	8.610390268321689577e-02	3.868668350627157970e-02	9.713838766994904728e-02
1.857703762043628785e+03	1.849555044433932316e-01	1.148498967098428025e-01	2.926316044283305828e-01	1.854363067928256614e-01	8.617160272051634096e-02	3.873223115135648875e-02	9.722285375311615074e-02
1.862541532257283961e+03	1.846414905169928844e-01	1.146372907402011115e-01	2.928222395825014757e-01	1.855757759110530369e-01	8.623884077441613949e-02	3.877757330703998639e-02	9.730678916717670768e-02
1.867379302470939592e+03	1.843293656568120720e-01	1.144259471138915352e-01	2.930118768448478628e-01	1.857142828052362193e-01	8.630562054871010469e-02	3.882270971163923751e-02	9.739019731824428983e-02
1.872217072684594768e+03	1.840191185999461299e-01	1.142158580991297773e-01	2.932005204981183999e-01	1.858518353612451102e-01	8.637194570577484687e-02	3.886764013572275439e-02	9.747308159944435835e-02
1.877054842898249490e+03	1.837107381501665304e-01	1.140070160149788681e-01	2.933881748199111406e-01	1.859884413754232801e-01	8.643781986730705857e-02	3.891236438128696518e-02	9.755544539030751305e-02
1.881892613111905121e+03	1.834042131775175666e-01	1.137994132309485124e-01	2.935748440825869943e-01	1.861241085561315678e-01	8.650324661504102397e-02	3.895688228095129518e-02	9.763729205620443052e-02
1.886730383325560297e+03	1.830995326179162830e-01	1.135930421665993229e-01	2.937605325531743028e-01	1.862588445252527647e-01	8.656822949144687973e-02	3.900119369717146983e-02	9.771862494782043718e-02
1.891568153539215928e+03	1.827966854727553214e-01	1.133878952911513971e-01	2.939452444932675879e-01	1.863926568196588862e-01	8.663277200041037684e-02	3.904529852147043539e-02	9.779944740066744135e-02
1.896405923752871104e+03	1.824956608085091803e-01	1.131839651230974325e-01	2.941289841589195264e-01	1.865255528926423878e-01	8.669687760789471231e-02	3.908919667368662698e-02	9.787976273463162846e-02
1.901243693966526507e+03	1.821964477563429718e-01	1.129812442298202685e-01	2.943117558005271528e-01	1.866575401153121039e-01	8.676054974258516628e-02	3.913288810123907724e-02	9.795957425355479586e-02
1.906081464180181683e+03	1.818990355117241775e-01	1.127797252272147166e-01	2.944935636627132314e-01	1.867886257779555470e-01	8.682379179651707191e-02	3.917637277840900489e-02	9.803888524484781486e-02
1.910919234393836859e+03	1.816034133340375667e-01	1.125794007793134432e-01	2.946744119842029663e-01	1.869188170913681224e-01	8.688660712568760380e-02	3.921965070563755706e-02	9.811769897913434624e-02
1.915757004607492036e+03	1.813095705462025309e-01	1.123802635979172238e-01	2.948543049976962704e-01	1.870481211881508121e-01	8.694899905065220369e-02	3.926272190883918489e-02	9.819601870992343551e-02
1.920594774821147894e+03	1.810174965342933873e-01	1.121823064422291100e-01	2.950332469297367588e-01	1.871765451239769673e-01	8.701097085710578216e-02	3.930558643873041658e-02	9.827384767330923920e-02
1.925432545034802843e+03	1.807271807471623470e-01	1.119855221184925947e-01	2.952112420005774673e-01	1.873040958788293187e-01	8.707252579644957080e-02	3.934824437017363230e-02	9.835118908769673041e-02
1.930270315248458019e+03	1.804386126960652592e-01	1.117899034796336899e-01	2.953882944240433517e-01	1.874307803582082599e-01	8.713366708634380509e-02	3.939069580153550798e-02	9.842804615355177367e-02
1.935108085462113195e+03	1.801517819542897414e-01	1.115954434249069455e-01	2.955644084073918432e-01	1.875566053943120148e-01	8.719439791124700134e-02	3.943294085405971150e-02	9.850442205317440358e-02
1.939945855675768371e+03	1.798666781567861694e-01	1.114021348995450356e-01	2.957395881511710733e-01	1.876815777471896596e-01	8.725472142294206368e-02	3.947497967125365020e-02	9.858031995049403029e-02
1.944783625889424002e+03	1.795832909998011095e-01	1.112099708944122162e-01	2.959138378490763222e-01	1.878057041058682208e-01	8.731464074104958173e-02	3.951681241828886026e-02	9.865574299088536447e-02
1.949621396103079178e+03	1.793016102405131651e-01	1.110189444456614050e-01	2.960871616878053558e-01	1.879289910894539062e-01	8.737415895352904083e-02	3.955843928141475341e-02	9.873069430100406274e-02
1.954459166316734354e+03	1.790216256966714603e-01	1.108290486343948000e-01	2.962595638469122106e-01	1.880514452482087984e-01	8.743327911716811118e-02	3.959986046738542959e-02	9.880517698864083043e-02
1.959296936530389530e+03	1.787433272462366218e-01	1.106402765863280097e-01	2.964310484986605321e-01	1.881730730646037075e-01	8.749200425806036296e-02	3.964107620289920864e-02	9.887919414259319084e-02
1.964134706744044706e+03	1.784667048270239254e-01	1.104526214714576654e-01	2.966016198078759714e-01	1.882938809543476533e-01	8.755033737207193467e-02	3.968208673405067971e-02	9.895274883255376908e-02
1.968972476957700337e+03	1.781917484363490511e-01	1.102660765037324908e-01	2.967712819317986916e-01	1.884138752673946704e-01	8.760828142529748785e-02	3.972289232579490764e-02	9.902584410901427159e-02
1.973810247171355968e+03	1.779184481306760324e-01	1.100806349407275619e-01	2.969400390199354867e-01	1.885330622889291041e-01	8.766583935450555920e-02	3.976349326142357421e-02	9.909848300318428727e-02
1.978648017385010689e+03	1.776467940252677569e-01	1.098962900833219958e-01	2.971078952139118989e-01	1.886514482403292559e-01	8.772301406757399000e-02	3.980388984205272818e-02	9.917066852692398016e-02
1.983485787598666320e+03	1.773767762938384951e-01	1.097130352753798860e-01	2.972748546473250597e-01	1.887690392801105732e-01	8.777980844391544690e-02	3.984408238612199143e-02	9.924240367269011875e-02
1.988323557812321269e+03	1.771083851682088428e-01	1.095308639034342640e-01	2.974409214455969175e-01	1.888858415048488559e-01	8.783622533489354733e-02	3.988407122890482576e-02	9.931369141349438712e-02
1.993161328025976900e+03	1.768416109379628287e-01	1.093497693963743772e-01	2.976060997258277441e-01	1.890018609500838942e-01	8.789226756422964526e-02	3.992385672202972136e-02	9.938453470287351987e-02
1.997999098239632076e+03	1.765764439501072425e-01	1.091697452251359363e-01	2.977703935966510840e-01	1.891171035912041776e-01	8.794793792840091551e-02	3.996343923301206441e-02	9.945493647487037292e-02
2.002836868453287707e+03	1.763128746087333776e-01	1.089907849023944580e-01	2.979338071580892588e-01	1.892315753443132298e-01	8.800323919702954245e-02	4.000281914479633660e-02	9.952489964402555511e-02
2.007674638666942428e+03	1.760508933746804672e-01	1.088128819822615639e-01	2.980963445014104263e-01	1.893452820670782633e-01	8.805817411326379018e-02	4.004199685530855646e-02	9.959442710537864951e-02
2.012512408880597604e+03	1.757904907652017845e-01	1.086360300599842205e-01	2.982580097089865268e-01	1.894582295595610977e-01	8.811274539415064888e-02	4.008097277701867106e-02	9.966352173447877438e-02
2.017350179094252780e+03	1.755316573536323532e-01	1.084602227716468942e-01	2.984188068541527294e-01	1.895704235650325364e-01	8.816695573100082062e-02	4.011974733651261366e-02	9.973218638740377617e-02
2.022187949307908411e+03	1.752743837690591278e-01	1.082854537938765516e-01	2.985787400010685433e-01	1.896818697707700341e-01	8.822080778974593362e-02	4.015832097407403406e-02	9.980042390078747161e-02
2.027025719521564042e+03	1.750186606959931723e-01	1.081117168435504622e-01	2.987378132045803714e-01	1.897925738088395986e-01	8.827430421128830418e-02	4.019669414327516760e-02	9.986823709185461972e-02
2.031863489735218764e+03	1.747644788740436717e-01	1.079390056775068468e-01	2.988960305100858417e-01	1.899025412568619287e-01	8.832744761184350979e-02	4.023486731057696053e-02	9.993562875846295768e-02
2.036701259948874394e+03	1.745118290975942177e-01	1.077673140922581208e-01	2.990533959533998587e-01	1.900117776387636181e-01	8.838024058327589860e-02	4.027284095493802174e-02	1.000026016791519951e-01
2.041539030162529116e+03	1.742607022154810392e-01	1.075966359237068987e-01	2.992099135606226534e-01	1.901202884255134284e-01	8.843268569342736807e-02	4.031061556743232438e-02	1.000691586131980809e-01
2.046376800376184747e+03	1.740110891306731467e-01	1.074269650468646919e-01	2.993655873480094431e-01	1.902280790358444884e-01	8.848478548643934349e-02	4.034819165087546317e-02	1.001353023006752718e-01
2.051214570589840150e+03	1.737629807999543918e-01	1.072582953755731316e-01	2.995204213218427003e-01	1.903351548369620339e-01	8.853654248306858099e-02	4.038556971945919671e-02	1.002010354625217509e-01
2.056052340803495554e+03	1.735163682336078039e-01	1.070906208622278838e-01	2.996744194783058646e-01	1.904415211452381573e-01	8.858795918099643396e-02	4.042275029839423328e-02	1.002663608006113677e-01
2.060890111017150957e+03	1.732712424951015351e-01	1.069239354975049100e-01	2.998275858033595531e-01	1.905471832268927912e-01	8.863903805513217993e-02	4.045973392356092685e-02	1.003312809978299247e-01
2.065727881230805451e+03	1.730275947007766379e-01	1.067582333100894343e-01	2.999799242726196025e-01	1.906521462986620619e-01	8.868978155791042151e-02	4.049652114116784191e-02	1.003957987181558487e-01
2.070565651444461309e+03	1.727854160195372024e-01	1.065935083664072830e-01	3.001314388512377751e-01	1.907564155284538765e-01	8.874019211958265874e-02	4.053311250741795796e-02	1.004599166067451643e-01
2.075403421658116713e+03	1.725446976725419634e-01	1.064297547703586672e-01	3.002821334937841868e-01	1.908599960359913528e-01	8.879027214850335192e-02	4.056950858818234029e-02	1.005236372900200764e-01
2.080241191871772116e+03	1.723054309328978240e-01	1.062669666630543658e-01	3.004320121441326208e-01	1.909628928934442860e-01	8.884002403141044724e-02	4.060570995868117289e-02	1.005869633757612708e-01
2.085078962085427065e+03	1.720676071253554595e-01	1.061051382225542683e-01	3.005810787353473956e-01	1.910651111260489310e-01	8.888945013370060100e-02	4.064171720317187597e-02	1.006498974532034490e-01
2.089916732299082469e+03	1.718312176260065050e-01	1.059442636636082902e-01	3.007293371895732870e-01	1.911666557127163490e-01	8.893855279969929695e-02	4.067753091464435672e-02	1.007124420931338887e-01
2.094754502512737417e+03	1.715962538619826838e-01	1.057843372373995783e-01	3.008767914179273362e-01	1.912675315866297077e-01	8.898733435292585647e-02	4.071315169452303234e-02	1.007745998479938621e-01
2.099592272726392821e+03	1.713627073111567145e-01	1.056253532312899646e-01	3.010234453203929350e-01	1.913677436358307837e-01	8.903579709635355000e-02	4.074858015237559083e-02	1.008363732519824835e-01
2.104430042940048224e+03	1.711305695018449924e-01	1.054673059685676678e-01	3.011693027857170746e-01	1.914672967037958362e-01	8.908394331266505928e-02	4.078381690562835060e-02	1.008977648211630690e-01
2.109267813153704083e+03	1.708998320125120762e-01	1.053101898081972992e-01	3.013143676913088154e-01	1.915661955900012092e-01	8.913177526450306865e-02	4.081886257928803163e-02	1.009587770535715912e-01
2.114105583367359031e+03	1.706704864714769232e-01	1.051539991445718664e-01	3.014586439031410880e-01	1.916644450504788322e-01	8.917929519471649857e-02	4.085371780566980637e-02	1.010194124293270906e-01
2.118943353581013525e+03	1.704425245566207892e-01	1.049987284072671917e-01	3.016021352756543816e-01	1.917620497983620054e-01	8.922650532660221512e-02	4.088838322413157478e-02	1.010796734107438644e-01
2.123781123794669384e+03	1.702159379950970441e-01	1.048443720607982327e-01	3.017448456516633182e-01	1.918590145044214990e-01	8.927340786414250662e-02	4.092285948081422070e-02	1.011395624424452216e-01
2.128618894008324787e+03	1.699907185630424866e-01	1.046909246043776498e-01	3.018867788622648374e-01	1.919553437975921872e-01	8.932000499223825829e-02	4.095714722838775246e-02	1.011990819514788226e-01
2.133456664221980191e+03	1.697668580852905451e-01	1.045383805716763592e-01	3.020279387267496007e-01	1.920510422654908012e-01	8.936629887693814389e-02	4.099124712580330676e-02	1.012582343474331820e-01
2.138294434435635139e+03	1.695443484350861452e-01	1.043867345305861533e-01	3.021683290525152832e-01	1.921461144549244660e-01	8.941229166566372344e-02	4.102515983805073152e-02	1.013170220225553392e-01
2.143132204649290543e+03	1.693231815338022139e-01	1.042359810829844718e-01	3.023079536349825291e-01	1.922405648723906624e-01	8.945798548743066902e-02	4.105888603592173364e-02	1.013754473518696103e-01
2.147969974862945492e+03	1.691033493506577112e-01	1.040861148645010198e-01	3.024468162575128516e-01	1.923343979845686114e-01	8.950338245306616036e-02	4.109242639577845302e-02	1.014335126932971454e-01
2.152807745076601350e+03	1.688848439024375758e-01	1.039371305442863685e-01	3.025849206913294731e-01	1.924276182188022488e-01	8.954848465542264435e-02	4.112578159932733096e-02	1.014912203877762903e-01
2.157645515290255844e+03	1.686676572532143092e-01	1.037890228247826674e-01	3.027222706954400544e-01	1.925202299635752623e-01	8.959329416958788928e-02	4.115895233339819659e-02	1.015485727593835735e-01
2.162483285503912157e+03	1.684517815140709196e-01	1.036417864414960893e-01	3.028588700165619763e-01	1.926122375689778843e-01	8.963781305309143077e-02	4.119193928972839785e-02	1.016055721154552616e-01
2.167321055717567106e+03	1.682372088428257806e-01	1.034954161627712477e-01	3.029947223890499530e-01	1.927036453471660526e-01	8.968204334610771489e-02	4.122474316475195633e-02	1.016622207467092892e-01
2.172158825931222509e+03	1.680239314437588782e-01	1.033499067895676388e-01	3.031298315348257000e-01	1.927944575728128551e-01	8.972598707165578558e-02	4.125736465939353753e-02	1.017185209273676061e-01
2.176996596144877003e+03	1.678119415673399728e-01	1.032052531552376945e-01	3.032642011633100987e-01	1.928846784835526185e-01	8.976964623579558600e-02	4.128980447886724386e-02	1.017744749152786898e-01
2.181834366358532861e+03	1.676012315099578709e-01	1.030614501253068888e-01	3.033978349713578604e-01	1.929743122804176703e-01	8.981302282782120672e-02	4.132206333248007735e-02	1.018300849520403228e-01
2.186672136572187810e+03	1.673917936136517515e-01	1.029184925972555092e-01	3.035307366431936327e-01	1.930633631282679674e-01	8.985611882045081711e-02	4.135414193343991268e-02	1.018853532631223691e-01
2.191509906785843214e+03	1.671836202658437132e-01	1.027763755003023027e-01	3.036629098503512703e-01	1.931518351562135638e-01	8.989893617001358528e-02	4.138604099866800834e-02	1.019402820579895369e-01
2.196347676999498617e+03	1.669767038990731256e-01	1.026350937951899661e-01	3.037943582516145491e-01	1.932397324580306386e-01	8.994147681663361427e-02	4.141776124861587527e-02	1.019948735302241838e-01
2.201185447213154021e+03	1.667710369907324519e-01	1.024946424739721640e-01	3.039250854929607115e-01	1.933270590925703636e-01	8.998374268441088064e-02	4.144930340708644773e-02	1.020491298576489125e-01
2.206023217426809424e+03	1.665666120628044866e-01	1.023550165598025308e-01	3.040550952075056212e-01	1.934138190841616922e-01	9.002573568159925876e-02	4.148066820105941049e-02	1.021030532024489873e-01
2.210860987640464373e+03	1.663634216816012590e-01	1.022162111067252410e-01	3.041843910154511388e-01	1.935000164230073483e-01	9.006745770078183888e-02	4.151185636052069639e-02	1.021566457112945553e-01
2.215698757854119776e+03	1.661614584575044073e-01	1.020782211994673422e-01	3.043129765240347728e-01	1.935856550655737640e-01	9.010891061904338639e-02	4.154286861829598054e-02	1.022099095154624521e-01
2.220536528067775180e+03	1.659607150447071633e-01	1.019410419532326834e-01	3.044408553274814966e-01	1.936707389349748565e-01	9.015009629814012271e-02	4.157370570988808134e-02	1.022628467309577571e-01
2.225374298281430583e+03	1.657611841409575848e-01	1.018046685134975926e-01	3.045680310069572294e-01	1.937552719213495867e-01	9.019101658466693872e-02	4.160436837331830257e-02	1.023154594586349192e-01
2.230212068495085077e+03	1.655628584873035380e-01	1.016690960558081502e-01	3.046945071305247055e-01	1.938392578822340229e-01	9.023167331022192983e-02	4.163485734897146712e-02	1.023677497843183820e-01
2.235049838708740936e+03	1.653657308678390114e-01	1.015343197855790719e-01	3.048202872531010632e-01	1.939227006429271039e-01	9.027206829156843304e-02	4.166517337944466992e-02	1.024197197789228214e-01
2.239887608922396339e+03	1.651697941094519562e-01	1.014003349378942292e-01	3.049453749164176553e-01	1.940056039968512946e-01	9.031220333079462148e-02	4.169531720939970848e-02	1.024713714985727164e-01
2.244725379136052197e+03	1.649750410815735702e-01	1.012671367773087389e-01	3.050697736489815237e-01	1.940879717059072751e-01	9.035208021547061485e-02	4.172528958541896205e-02	1.025227069847215317e-01
2.249563149349706237e+03	1.647814646959291085e-01	1.011347205976525915e-01	3.051934869660389849e-01	1.941698075008233271e-01	9.039170071880330004e-02	4.175509125586483045e-02	1.025737282642701503e-01
2.254400919563362095e+03	1.645890579062899428e-01	1.010030817218358495e-01	3.053165183695409346e-01	1.942511150814995591e-01	9.043106659978873696e-02	4.178472297074250358e-02	1.026244373496847245e-01
2.259238689777017044e+03	1.643978137082273139e-01	1.008722155016554406e-01	3.054388713481104856e-01	1.943318981173467186e-01	9.047017960336231623e-02	4.181418548156608933e-02	1.026748362391139285e-01
2.264076459990672902e+03	1.642077251388672499e-01	1.007421173176033524e-01	3.055605493770115477e-01	1.944121602476198973e-01	9.050904146054676580e-02	4.184347954122798890e-02	1.027249269165054629e-01
2.268914230204327851e+03	1.640187852766471222e-01	1.006127825786764102e-01	3.056815559181201292e-01	1.944919050817474071e-01	9.054765388859783992e-02	4.187260590387144321e-02	1.027747113517219341e-01
2.273752000417983254e+03	1.638309872410734780e-01	1.004842067221875246e-01	3.058018944198967470e-01	1.945711361996544930e-01	9.058601859114798205e-02	4.190156532476622953e-02	1.028241915006558593e-01
2.278589770631638203e+03	1.636443241924812608e-01	1.003563852135784529e-01	3.059215683173609479e-01	1.946498571520823562e-01	9.062413725834776723e-02	4.193035856018741125e-02	1.028733693053440618e-01
2.283427540845293606e+03	1.634587893317946961e-01	1.002293135462338503e-01	3.060405810320674935e-01	1.947280714609025132e-01	9.066201156700545716e-02	4.195898636729703673e-02	1.029222466940812458e-01
2.288265311058949010e+03	1.632743759002889539e-01	1.001029872412970007e-01	3.061589359720839898e-01	1.948057826194264375e-01	9.069964318072436249e-02	4.198744950402880094e-02	1.029708255815327961e-01
2.293103081272604413e+03	1.630910771793539493e-01	9.997740184748678260e-02	3.062766365319704032e-01	1.948829940927105375e-01	9.073703375003835947e-02	4.201574872897559376e-02	1.030191078688467710e-01
2.297940851486259817e+03	1.629088864902589195e-01	9.985255294091606448e-02	3.063936860927602424e-01	1.949597093178569440e-01	9.077418491254532484e-02	4.204388480127978223e-02	1.030670954437650638e-01
2.302778621699914765e+03	1.627277971939186385e-01	9.972843612491166798e-02	3.065100880219432389e-01	1.950359317043098006e-01	9.081109829303887770e-02	4.207185848052631683e-02	1.031147901807338146e-01
2.307616391913570169e+03	1.625478026906608531e-01	9.960504702983548342e-02	3.066258456734495264e-01	1.951116646341470029e-01	9.084777550363808130e-02	4.209967052663847464e-02	1.031621939410129057e-01
2.312454162127225118e+03	1.623688964199951901e-01	9.948238131290708386e-02	3.067409623876355962e-01	1.951869114623682178e-01	9.088421814391539622e-02	4.212732169977627394e-02	1.032093085727845833e-01
2.317291932340880976e+03	1.621910718603833679e-01	9.936043465802764374e-02	3.068554414912715300e-01	1.952616755171783236e-01	9.092042780102274624e-02	4.215481276023742147e-02	1.032561359112613569e-01
2.322129702554535925e+03	1.620143225290105460e-01	9.923920277560523140e-02	3.069692862975297309e-01	1.953359601002672141e-01	9.095640604981601596e-02	4.218214446836081322e-02	1.033026777787929007e-01
2.326967472768191783e+03	1.618386419815582844e-01	9.911868140238142000e-02	3.070825001059753756e-01	1.954097684870850782e-01	9.099215445297761939e-02	4.220931758443251941e-02	1.033489359849721484e-01
2.331805242981846732e+03	1.616640238119786133e-01	9.899886630125913356e-02	3.071950862025581430e-01	1.954831039271143767e-01	9.102767456113748656e-02	4.223633286859412861e-02	1.033949123267405429e-01
2.336643013195502135e+03	1.614904616522694902e-01	9.887975326113197794e-02	3.073070478596052757e-01	1.955559696441374895e-01	9.106296791299234306e-02	4.226319108075352049e-02	1.034406085884923415e-01
2.341480783409156629e+03	1.613179491722516179e-01	9.876133809671461261e-02	3.074183883358160285e-01	1.956283688365007822e-01	9.109803603542342143e-02	4.228989298049791457e-02	1.034860265421780334e-01
2.346318553622812487e+03	1.611464800793462882e-01	9.864361664837455190e-02	3.075291108762578385e-01	1.957003046773752031e-01	9.113288044361245177e-02	4.231643932700920180e-02	1.035311679474069380e-01
2.351156323836467891e+03	1.609760481183547254e-01	9.852658478196525682e-02	3.076392187123630495e-01	1.957717803150128555e-01	9.116750264115619506e-02	4.234283087898150361e-02	1.035760345515488873e-01
2.355994094050123294e+03	1.608066470712388452e-01	9.841023838866036488e-02	3.077487150619279133e-01	1.958427988730001290e-01	9.120190412017940840e-02	4.236906839454088886e-02	1.036206280898349791e-01
2.360831864263778243e+03	1.606382707569028456e-01	9.829457338478916895e-02	3.078576031291120341e-01	1.959133634505075272e-01	9.123608636144624195e-02	4.239515263116720029e-02	1.036649502854574689e-01
2.365669634477433647e+03	1.604709130309765197e-01	9.817958571167348381e-02	3.079658861044397011e-01	1.959834771225358596e-01	9.127005083447015110e-02	4.242108434561800423e-02	1.037090028496687882e-01
2.370507404691088595e+03	1.603045677855995110e-01	9.806527133546540098e-02	3.080735671648018315e-01	1.960531429401590753e-01	9.130379899762244844e-02	4.244686429385455956e-02	1.037527874818796603e-01
2.375345174904743999e+03	1.601392289492068743e-01	9.795162624698666720e-02	3.081806494734596336e-01	1.961223639307638766e-01	9.133733229823934319e-02	4.247249323096976420e-02	1.037963058697563140e-01
2.380182945118399402e+03	1.599748904863159960e-01	9.783864646156881228e-02	3.082871361800493260e-01	1.961911430982860027e-01	9.137065217272745399e-02	4.249797191111806538e-02	1.038395596893168099e-01
2.385020715332054806e+03	1.598115463973146244e-01	9.772632801889481746e-02	3.083930304205878548e-01	1.962594834234431818e-01	9.140376004666825316e-02	4.252330108744727805e-02	1.038825506050264913e-01
2.389858485545710209e+03	1.596491907182501779e-01	9.761466698284174126e-02	3.084983353174797771e-01	1.963273878639652525e-01	9.143665733492077619e-02	4.254848151203227680e-02	1.039252802698925476e-01
2.394696255759364703e+03	1.594878175206202453e-01	9.750365944132456664e-02	3.086030539795253103e-01	1.963948593548209276e-01	9.146934544172327652e-02	4.257351393581051968e-02	1.039677503255577451e-01
2.399534025973020562e+03	1.593274209111642525e-01	9.739330150614117221e-02	3.087071895019296019e-01	1.964619008084416418e-01	9.150182576079342323e-02	4.259839910851934142e-02	1.040099624023931579e-01
2.404371796186675965e+03	1.591679950316564618e-01	9.728358931281848310e-02	3.088107449663128889e-01	1.965285151149422926e-01	9.153409967542727732e-02	4.262313777863503683e-02	1.040519181195901643e-01
2.409209566400331823e+03	1.590095340587000805e-01	9.717451902045966261e-02	3.089137234407215993e-01	1.965947051423392877e-01	9.156616855859688042e-02	4.264773069331358885e-02	1.040936190852514848e-01
