1.451331064096584669e+02	5.999087548233799083e-01	2.915017136922640750e-01	5.128735059244189654e-02	2.249662277469196767e-02	1.996911232675928002e-02	7.060222493515620409e-03	7.776223296887842945e-03
1.499708766233137851e+02	5.929756527234800734e-01	2.941324258707548878e-01	5.295975987644128274e-02	2.390898147179890826e-02	2.061046668365175763e-02	7.189242423643865849e-03	8.223470950169970567e-03
1.548086468369690749e+02	5.863922352009847128e-01	2.964694673335626640e-01	5.462778833821473057e-02	2.528362549320439107e-02	2.123546257079350283e-02	7.318603843552233187e-03	8.672817219628507421e-03
1.596464170506243647e+02	5.801340336716418467e-01	2.985347194798230186e-01	5.629018466413607258e-02	2.662381768965122603e-02	2.184492780979456483e-02	7.448293369977382859e-03	9.124023314916693619e-03
1.644841872642796261e+02	5.741783469454712074e-01	3.003484740711604428e-01	5.794591173643142551e-02	2.793245587932552398e-02	2.243964533307978362e-02	7.578297080137230517e-03	9.576868954335189532e-03
1.693219574779349159e+02	5.685041133322520368e-01	3.019295484555685749e-01	5.959411497641445982e-02	2.921211699545643928e-02	2.302035512831547559e-02	7.708600628632957669e-03	1.003115048330080125e-02
1.741597276915902057e+02	5.630917919904023794e-01	3.032953924445910276e-01	6.123409515615085841e-02	3.046509564819087704e-02	2.358775619301209728e-02	7.839189349681113805e-03	1.048667921791236746e-02
1.789974979052454671e+02	5.579232528530027047e-01	3.044621874479210843e-01	6.286528506156285889e-02	3.169343782710047630e-02	2.414250847914753417e-02	7.970048346422363428e-03	1.094327998478379291e-02
1.838352681189008138e+02	5.529816745124932487e-01	3.054449384258792199e-01	6.448722947421176022e-02	3.289897037470821545e-02	2.468523481169801470e-02	8.101162568840363995e-03	1.140078983211000561e-02
1.886730383325560467e+02	5.482514494899568547e-01	3.062575591797171426e-01	6.609956801179452113e-02	3.408332677824607582e-02	2.521652276836639298e-02	8.232516881638111961e-03	1.185905689022174331e-02
1.935108085462113081e+02	5.437180963561258906e-01	3.069129514621030674e-01	6.770202043030525141e-02	3.524796975475924521e-02	2.573692651065386319e-02	8.364096123256359663e-03	1.231793936273711809e-02
1.983485787598666263e+02	5.393681782095457455e-01	3.074230783552638901e-01	6.929437404518112853e-02	3.639421104217248348e-02	2.624696855881068075e-02	8.495885157076277228e-03	1.277730463189067668e-02
2.031863489735219162e+02	5.351892270528842976e-01	3.077990323318961496e-01	7.087647297573185234e-02	3.752322875474635444e-02	2.674714150519341346e-02	8.627868915723925849e-03	1.323702846376482133e-02
2.080241191871772060e+02	5.311696736414062148e-01	3.080510983839285233e-01	7.244820895774135849e-02	3.863608261436245889e-02	2.723790966220934057e-02	8.760032439284944419e-03	1.369699430100808010e-02
2.128618894008324673e+02	5.272987824082865371e-01	3.081888125763586062e-01	7.400951350419739116e-02	3.973372732832512744e-02	2.771971064239351148e-02	8.892360908142164094e-03	1.415709263223770796e-02
2.176996596144877287e+02	5.235665910999149908e-01	3.082210163575391237e-01	7.556035122439473672e-02	4.081702434901905707e-02	2.819295686928460776e-02	9.024839671064946445e-03	1.461722042872360718e-02
2.225374298281430470e+02	5.199638547807703404e-01	3.081559069333057455e-01	7.710071413782032534e-02	4.188675222009535792e-02	2.865803701867897929e-02	9.157454269105394853e-03	1.507728064016490566e-02
2.273752000417983652e+02	5.164819938919813502e-01	3.080010839900923503e-01	7.863061684182216793e-02	4.294361568724849171e-02	2.911531739058009771e-02	9.290190455791937432e-03	1.553718174242461891e-02
2.322129702554535982e+02	5.131130460704723673e-01	3.077635930315358315e-01	8.015009241157289299e-02	4.398825372855219573e-02	2.956514321275093005e-02	9.423034214053884264e-03	1.599683733100282917e-02
2.370507404691088880e+02	5.098496214567310725e-01	3.074499655739277304e-01	8.165918892768159187e-02	4.502124663927432879e-02	3.000783987724221086e-02	9.555971770260582657e-03	1.645616575482352142e-02
2.418885106827641494e+02	5.066848612388632489e-01	3.070662564281012030e-01	8.315796654134652299e-02	4.604312228868415874e-02	3.044371411163070487e-02	9.688989605714815392e-03	1.691508978560038456e-02
2.467262808964194392e+02	5.036123991988135096e-01	3.066180782788670567e-01	8.464649499948904976e-02	4.705436165124822490e-02	3.087305508697531925e-02	9.822074465901225668e-03	1.737353631864663878e-02
2.515640511100747290e+02	5.006263260435348528e-01	3.061106337578201053e-01	8.612485156313637313e-02	4.805540370147855928e-02	3.129613546469968421e-02	9.955213367756478998e-03	1.783143610151513569e-02
2.564018213237300188e+02	4.977211563195783617e-01	3.055487451911589325e-01	8.759311926166142570e-02	4.904664975028634466e-02	3.171321238475020843e-02	1.008839360519762397e-02	1.828872348730824215e-02
2.612395915373852517e+02	4.948917977241366617e-01	3.049368821910045657e-01	8.905138543354519653e-02	5.002846729077598670e-02	3.212452839746912647e-02	1.022160275311853085e-02	1.874533620989109195e-02
2.660773617510405415e+02	4.921335226390796680e-01	3.042791872464994940e-01	9.049974051127378238e-02	5.100119341279134993e-02	3.253031234167143987e-02	1.035482867004072945e-02	1.920121517858477608e-02
2.709151319646958882e+02	4.894419417270637895e-01	3.035794994596492380e-01	9.193827701397210006e-02	5.196513783802658715e-02	3.293078017143081376e-02	1.048805949958415105e-02	1.965630429021452200e-02
2.757529021783511780e+02	4.868129794404263966e-01	3.028413765603663044e-01	9.336708871653821851e-02	5.292058562098879426e-02	3.332613573406861818e-02	1.062128367090484082e-02	2.011055025664795770e-02
2.805906723920064678e+02	4.842428513043725569e-01	3.020681153254344276e-01	9.478626996848958652e-02	5.386779955542141118e-02	3.371657150180779050e-02	1.075448989823040227e-02	2.056390244618491736e-02
2.854284426056617008e+02	4.817280428459762009e-01	3.012627705170777270e-01	9.619591513956339546e-02	5.480702232085289671e-02	3.410226925950361754e-02	1.088766717960941606e-02	2.101631273735774658e-02
2.902662128193169337e+02	4.792652900498126645e-01	3.004281724484348937e-01	9.759611817241202469e-02	5.573847839962869227e-02	3.448340075080120332e-02	1.102080479497826587e-02	2.146773538387328900e-02
2.951039830329722804e+02	4.768515612296593265e-01	2.995669432754654027e-01	9.898697222557299724e-02	5.666237579103190758e-02	3.486012828499623906e-02	1.115389230363734475e-02	2.191812688957789704e-02
2.999417532466276270e+02	4.744840402137036062e-01	2.986815121076021318e-01	1.003685693923358907e-01	5.757890754582680598e-02	3.523260530679603320e-02	1.128691954121852081e-02	2.236744589245811751e-02
3.047795234602828600e+02	4.721601107481165904e-01	2.977741290227767790e-01	1.017410004832288162e-01	5.848825314170543604e-02	3.560097693109254280e-02	1.141987661621665998e-02	2.281565305680430256e-02
3.096172936739380930e+02	4.698773420307381654e-01	2.968468780662366635e-01	1.031043548616527999e-01	5.939057971762817800e-02	3.596538044477053109e-02	1.155275390615001681e-02	2.326271097276470801e-02
3.144550638875934396e+02	4.676334752930075278e-01	2.959016893068189269e-01	1.044587203237435924e-01	6.028604318287462266e-02	3.632594577748403386e-02	1.168554205340710181e-02	2.370858406260528337e-02
3.192928341012487294e+02	4.654264113541974335e-01	2.949403500190078686e-01	1.058041830148720719e-01	6.117478921472205983e-02	3.668279594324312665e-02	1.181823196083128455e-02	2.415323849306730969e-02
3.241306043149040192e+02	4.632541990775112528e-01	2.939645150541497776e-01	1.071408273763375801e-01	6.205695415700876461e-02	3.703604745456288289e-02	1.195081478708865871e-02	2.459664209328226922e-02
3.289683745285592522e+02	4.611150246627001570e-01	2.929757164596064056e-01	1.084687361167884362e-01	6.293266583038716055e-02	3.738581071083692253e-02	1.208328194185966271e-02	2.503876427776251246e-02
3.338061447422145420e+02	4.590072017145901961e-01	2.919753724003674167e-01	1.097879902037435657e-01	6.380204426380103877e-02	3.773219036251067998e-02	1.221562508089033515e-02	2.547957597403809754e-02
3.386439149558698318e+02	4.569291620312979640e-01	2.909647954336916365e-01	1.110986688713086062e-01	6.466520235560799246e-02	3.807528565254423430e-02	1.234783610093507719e-02	2.591904955455585913e-02
3.434816851695251216e+02	4.548794470599855644e-01	2.899452001836802517e-01	1.124008496407946922e-01	6.552224647179276384e-02	3.841519073657212457e-02	1.247990713461915625e-02	2.635715877249683939e-02
3.483194553831804114e+02	4.528566999717823505e-01	2.889177104592862699e-01	1.136946083514738803e-01	6.637327698786141261e-02	3.875199498308806723e-02	1.261183054524588759e-02	2.679387870120358839e-02
3.531572255968357013e+02	4.508596583110051625e-01	2.878833658561101294e-01	1.149800191991543347e-01	6.721838878025530872e-02	3.908578325490583844e-02	1.274359892157059596e-02	2.722918567694005212e-02
3.579949958104909342e+02	4.488871471770585209e-01	2.868431278794084660e-01	1.162571547806408451e-01	6.805767167246402904e-02	3.941663617307451101e-02	1.287520507256077057e-02	2.766305724473428276e-02
3.628327660241463377e+02	4.469380729004112651e-01	2.857978856230271036e-01	1.175260861424722719e-01	6.889121084043640930e-02	3.974463036435625651e-02	1.300664202215956120e-02	2.809547210707857845e-02
3.676705362378016275e+02	4.450114171768430049e-01	2.847484610364561797e-01	1.187868828326051063e-01	6.971908718137817540e-02	4.006983869330817821e-02	1.313790300406762063e-02	2.852641007528319492e-02
3.725083064514568036e+02	4.431062316267482815e-01	2.836956138098688518e-01	1.200396129539473694e-01	7.054137764957504886e-02	4.039233047994649634e-02	1.326898145655646712e-02	2.895585202329893984e-02
3.773460766651120935e+02	4.412216327486912504e-01	2.826400459048419855e-01	1.212843432188471238e-01	7.135815556248423230e-02	4.071217170391117773e-02	1.339987101732480895e-02	2.938377984384093339e-02
3.821838468787673833e+02	4.393567972386379639e-01	2.815824057564478289e-01	1.225211390038082326e-01	7.216949087998664192e-02	4.102942519599221682e-02	1.353056551840781802e-02	2.981017640666085503e-02
3.870216170924226162e+02	4.375109576483617313e-01	2.805232921705453908e-01	1.237500644038488640e-01	7.297545045938398645e-02	4.134415081782507467e-02	1.366105898114795131e-02	3.023502551882857950e-02
3.918593873060780197e+02	4.356833983584394443e-01	2.794632579383699023e-01	1.249711822860384985e-01	7.377609828845109463e-02	4.165640563051185158e-02	1.379134561123472602e-02	3.065831188689599127e-02
3.966971575197332527e+02	4.338734518430364395e-01	2.784028131889197955e-01	1.261845543418495530e-01	7.457149569861232230e-02	4.196624405287707055e-02	1.392141979381975384e-02	3.108002108082659823e-02
4.015349277333884856e+02	4.320804952053308168e-01	2.773424284981518273e-01	1.273902411380444244e-01	7.536170156009637522e-02	4.227371801002160340e-02	1.405127608871241905e-02	3.150013949958408582e-02
4.063726979470438323e+02	4.303039469639609593e-01	2.762825377726189635e-01	1.285883021658894010e-01	7.614677246073391081e-02	4.257887707279605499e-02	1.418090922566062756e-02	3.191865433828164345e-02
4.112104681606991221e+02	4.285432640723012554e-01	2.752235409239052188e-01	1.297787958885447401e-01	7.692676286989344470e-02	4.288176858877484204e-02	1.431031409972035630e-02	3.233555355680162863e-02
4.160482383743544119e+02	4.267979391536895206e-01	2.741658063490274855e-01	1.309617797865296474e-01	7.770172528890091634e-02	4.318243780527485087e-02	1.443948576671699909e-02	3.275082584980206629e-02
4.208860085880095880e+02	4.250674979369530870e-01	2.731096732308733177e-01	1.321373104011993316e-01	7.847171038915456975e-02	4.348092798492736444e-02	1.456841943880090098e-02	3.316446061803288159e-02
4.257237788016648778e+02	4.233514968777150611e-01	2.720554536717251226e-01	1.333054433762052571e-01	7.923676713902806645e-02	4.377728051427885042e-02	1.469711048009888880e-02	3.357644794089024304e-02
4.305615490153201677e+02	4.216495209520142451e-01	2.710034346719731313e-01	1.344662334969344564e-01	7.999694292054820854e-02	4.407153500586541428e-02	1.482555440246315949e-02	3.398677855014282240e-02
4.353993192289755143e+02	4.199611816097487682e-01	2.699538799652440590e-01	1.356197347279465837e-01	8.075228363673868370e-02	4.436372939417674438e-02	1.495374686131840415e-02	3.439544380476820817e-02
4.402370894426308041e+02	4.182861148763578063e-01	2.689070317203564597e-01	1.367660002484426540e-01	8.150283381043671449e-02	4.465390002589812030e-02	1.508168365160766737e-02	3.480243566684210199e-02
4.450748596562860939e+02	4.166239795919968736e-01	2.678631121197605491e-01	1.379050824858132906e-01	8.224863667531330524e-02	4.494208174479379786e-02	1.520936070383713604e-02	3.520774667842670180e-02
4.499126298699413837e+02	4.149744557782397147e-01	2.668223248234192768e-01	1.390370331473239074e-01	8.298973425975947338e-02	4.522830797157130489e-02	1.533677408021967732e-02	3.561136993940827722e-02
4.547504000835967304e+02	4.133372431230631916e-01	2.657848563264382236e-01	1.401619032500024120e-01	8.372616746423999778e-02	4.551261077904390079e-02	1.546391997091671293e-02	3.601329908623718962e-02
4.595881702972519065e+02	4.117120595755411894e-01	2.647508772181487724e-01	1.412797431487987088e-01	8.445797613266105286e-02	4.579502096288776830e-02	1.559079469037781031e-02	3.641352827152639221e-02
4.644259405109071963e+02	4.100986400422949041e-01	2.637205433497917806e-01	1.423906025630906347e-01	8.518519911824881663e-02	4.607556810827100058e-02	1.571739467377708879e-02	3.681205214446742896e-02
4.692637107245624861e+02	4.084967351783236889e-01	2.626939969174302836e-01	1.434945306016121580e-01	8.590787434439138559e-02	4.635428065261348179e-02	1.584371647354540502e-02	3.720886583202524106e-02
4.741014809382177759e+02	4.069061102653754314e-01	2.616713674662379252e-01	1.445915757858798056e-01	8.662603886085636085e-02	4.663118594471953732e-02	1.596975675599717273e-02	3.760396492087540732e-02
4.789392511518730657e+02	4.053265441715104833e-01	2.606527728218658302e-01	1.456817860721953961e-01	8.733972889576004095e-02	4.690631030050972095e-02	1.609551229805039618e-02	3.799734544004973458e-02
4.837770213655284124e+02	4.037578283859746264e-01	2.596383199541764109e-01	1.467652088722996573e-01	8.804897990363158566e-02	4.717967905556298691e-02	1.622097998403852423e-02	3.838900384425782825e-02
4.886147915791837022e+02	4.021997661239212207e-01	2.586281057782489068e-01	1.478418910727520852e-01	8.875382660988556660e-02	4.745131661466703982e-02	1.634615680261256032e-02	3.877893699785427833e-02
4.934525617928388783e+02	4.006521714959207503e-01	2.576222178972061849e-01	1.489118790531092085e-01	8.945430305198956433e-02	4.772124649856149259e-02	1.647103984373178218e-02	3.916714215942271315e-02
4.982903320064942250e+02	3.991148687375606907e-01	2.566207352910822026e-01	1.499752187029718964e-01	9.015044261758940747e-02	4.798949138804656234e-02	1.659562629574140927e-02	3.955361696694956186e-02
5.031281022201495148e+02	3.975876914947806262e-01	2.556237289556440584e-01	1.510319554379692120e-01	9.084227807983197289e-02	4.825607316561878607e-02	1.671991344253537931e-02	3.993835942356172702e-02
5.079658724338048046e+02	3.960704821609026816e-01	2.546312624947978942e-01	1.520821342147443134e-01	9.152984163010571828e-02	4.852101295478480208e-02	1.684389866080252679e-02	4.032136788380387415e-02
5.128036426474600376e+02	3.945630912616104879e-01	2.536433926699455665e-01	1.531257995450042153e-01	9.221316490840078539e-02	4.878433115719429947e-02	1.696757941735424144e-02	4.070264104043222475e-02
5.176414128611153274e+02	3.930653768844007412e-01	2.526601699094147002e-01	1.541629955086933901e-01	9.289227903147388721e-02	4.904604748772436323e-02	1.709095326653179564e-02	4.108217791170289818e-02
5.224791830747705035e+02	3.915772041492849298e-01	2.516816387808575861e-01	1.551937657663472747e-01	9.356721461898785674e-02	4.930618100763864420e-02	1.721401784769144641e-02	4.145997782913406204e-02
5.273169532884259070e+02	3.900984447177502368e-01	2.507078384293056073e-01	1.562181535706794189e-01	9.423800181778205221e-02	4.956475015593707345e-02	1.733677088276538297e-02	4.183604042572201809e-02
5.321547235020811968e+02	3.886289763372078876e-01	2.497388029833702561e-01	1.572362017774528997e-01	9.490467032441723960e-02	4.982177277900426415e-02	1.745921017389669150e-02	4.221036562459253710e-02
5.369924937157364866e+02	3.871686824183561138e-01	2.487745619319011448e-01	1.582479528556841319e-01	9.556724940612670860e-02	5.007726615865786685e-02	1.758133360114640803e-02	4.258295362806946427e-02
5.418302639293917764e+02	3.857174516430724176e-01	2.478151404732443219e-01	1.592534488972237872e-01	9.622576792029528814e-02	5.033124703869169825e-02	1.770313912027073402e-02	4.295380490714360844e-02
5.466680341430470662e+02	3.842751776006229081e-01	2.468605598390885558e-01	1.602527316257577883e-01	9.688025433257792252e-02	5.058373165000236427e-02	1.782462476056664163e-02	4.332292019132570615e-02
5.515058043567023560e+02	3.828417584501360160e-01	2.459108375947430536e-01	1.612458424052678474e-01	9.753073673376061459e-02	5.083473573438254678e-02	1.794578862278390849e-02	4.369030045886793806e-02
5.563435745703576458e+02	3.814170966074376667e-01	2.449659879175562494e-01	1.622328222479891557e-01	9.817724285545885443e-02	5.108427456705881553e-02	1.806662887710180562e-02	4.405594692733940526e-02
5.611813447840129356e+02	3.800010984544818782e-01	2.440260218550620863e-01	1.632137118219006700e-01	9.881980008474056110e-02	5.133236297804689291e-02	1.818714376116860321e-02	4.441986104454128531e-02
5.660191149976681118e+02	3.785936740697401492e-01	2.430909475643238116e-01	1.641885514577803296e-01	9.945843547775440330e-02	5.157901537239278911e-02	1.830733157820210733e-02	4.478204447974842850e-02
5.708568852113234016e+02	3.771947369780299653e-01	2.421607705338403582e-01	1.651573811558562088e-01	1.000931757724376620e-01	5.182424574936387446e-02	1.842719069514944796e-02	4.514249911526451581e-02
5.756946554249786914e+02	3.758042039183748795e-01	2.412354937892796647e-01	1.661202405920822744e-01	1.007240474003722741e-01	5.206806772064995203e-02	1.854671954090442859e-02	4.550122703827849668e-02
5.805324256386339812e+02	3.744219946285885503e-01	2.403151180842133527e-01	1.670771691240656442e-01	1.013510764978522438e-01	5.231049452763075758e-02	1.866591660458068527e-02	4.585823053301069790e-02
5.853701958522892710e+02	3.730480316453716472e-01	2.393996420769403388e-01	1.680282057966701326e-01	1.019742889162208732e-01	5.255153905776267093e-02	1.878478043383900384e-02	4.621351207313727921e-02
5.902079660659445608e+02	3.716822401187973579e-01	2.384890624944093485e-01	1.689733893473195359e-01	1.025937102315317567e-01	5.279121386013432143e-02	1.890330963326716796e-02	4.656707431448249557e-02
5.950457362795999643e+02	3.703245476401433867e-01	2.375833742841762797e-01	1.699127582110221968e-01	1.032093657535834569e-01	5.302953116023755714e-02	1.902150286281072827e-02	4.691892008796840624e-02
5.998835064932552541e+02	3.689748840821028275e-01	2.366825707552650537e-01	1.708463505251372749e-01	1.038212805343737694e-01	5.326650287399758987e-02	1.913935883625312445e-02	4.726905239281227467e-02
6.047212767069104302e+02	3.676331814504781859e-01	2.357866437087372813e-01	1.717742041339011816e-01	1.044294793760160572e-01	5.350214062110327656e-02	1.925687631974362657e-02	4.761747438996233317e-02
6.095590469205657200e+02	3.662993737465253807e-01	2.348955835587171748e-01	1.726963565927316924e-01	1.050339868381572755e-01	5.373645573767611705e-02	1.937405413037160060e-02	4.796418939576278101e-02
6.143968171342210098e+02	3.649733968391773442e-01	2.340093794445653741e-01	1.736128451723261690e-01	1.056348272449336573e-01	5.396945928831425876e-02	1.949089113478565116e-02	4.830920087583960576e-02
6.192345873478761860e+02	3.636551883464314572e-01	2.331280193348436169e-01	1.745237068625686006e-01	1.062320246914980060e-01	5.420116207754547416e-02	1.960738624785618445e-02	4.865251243919881119e-02
6.240723575615315895e+02	3.623446875252365196e-01	2.322514901236661933e-01	1.754289783762595090e-01	1.068256030501493897e-01	5.443157466072118256e-02	1.972353843138007629e-02	4.899412783252927311e-02
6.289101277751868793e+02	3.610418351692642469e-01	2.313797777199915195e-01	1.763286961526818186e-01	1.074155859760944215e-01	5.466070735438161021e-02	1.983934669282599178e-02	4.933405093470253494e-02
6.337478979888421691e+02	3.597465735139942500e-01	2.305128671303654508e-01	1.772228963610144592e-01	1.080019969128661605e-01	5.488857024612039948e-02	1.995481008411913518e-02	4.967228575146234726e-02
6.385856682024975726e+02	3.584588461485825883e-01	2.296507425355926446e-01	1.781116149036046925e-01	1.085848590974257816e-01	5.511517320397539554e-02	2.006992770046410468e-02	5.000883641029699178e-02
6.434234384161527487e+02	3.571785979340232342e-01	2.287933873617766789e-01	1.789948874191099326e-01	1.091641955649695073e-01	5.534052588537060474e-02	2.018469867920461708e-02	5.034370715548761033e-02
6.482612086298080385e+02	3.559057749271463678e-01	2.279407843461375704e-01	1.798727492855181631e-01	1.097400291534619682e-01	5.556463774563301372e-02	2.029912219871889828e-02	5.067690234332623139e-02
6.530989788434633283e+02	3.546403243100311742e-01	2.270929155979864722e-01	1.807452356230556667e-01	1.103123825079155573e-01	5.578751804610651566e-02	2.041319747734957404e-02	5.100842643749723543e-02
6.579367490571185044e+02	3.533821943244412900e-01	2.262497626552092689e-01	1.816123812969905882e-01	1.108812780844338070e-01	5.600917586188392666e-02	2.052692377236689861e-02	5.133828400461636771e-02
6.627745192707737942e+02	3.521313342109193556e-01	2.254113065365848378e-01	1.824742209203396581e-01	1.114467381540355101e-01	5.622962008917687521e-02	2.064030037896424571e-02	5.166647970992171990e-02
6.676122894844290840e+02	3.508876941522030002e-01	2.245775277902413436e-01	1.833307888564848775e-01	1.120087848062751440e-01	5.644885945234210528e-02	2.075332662928475874e-02	5.199301831311101130e-02
6.724500596980843738e+02	3.496512252206506743e-01	2.237484065385306198e-01	1.841821192217068526e-01	1.125674399526739727e-01	5.666690251058192906e-02	2.086600189147815379e-02	5.231790466432009040e-02
6.772878299117396637e+02	3.484218793293858973e-01	2.229239225195812357e-01	1.850282458876406633e-01	1.131227253299749852e-01	5.688375766433528130e-02	2.097832556878661409e-02	5.264114370023764006e-02
6.821256001253949535e+02	3.471996091868920775e-01	2.221040551257716100e-01	1.858692024836594847e-01	1.136746625032341446e-01	5.709943316137511965e-02	2.109029709865888058e-02	5.296274044035106238e-02
6.869633703390502433e+02	3.459843682548072730e-01	2.212887834393470754e-01	1.867050223991913449e-01	1.142232728687593013e-01	5.731393710262687458e-02	2.120191595189151526e-02	5.328269998331908175e-02
6.918011405527055331e+02	3.447761107086885768e-01	2.204780862653883400e-01	1.875357387859734049e-01	1.147685776569072613e-01	5.752727744772197227e-02	2.131318163179644204e-02	5.360102750346645850e-02
6.966389107663608229e+02	3.435747914015305216e-01	2.196719421623242463e-01	1.883613845602484793e-01	1.153105979347490567e-01	5.773946202029958674e-02	2.142409367339390830e-02	5.391772824739658743e-02
7.014766809800161127e+02	3.423803658298389951e-01	2.188703294701674074e-01	1.891819924049070178e-01	1.158493546086120929e-01	5.795049851306911110e-02	2.153465164262996154e-02	5.423280753071784560e-02
7.063144511936714025e+02	3.411927901020752607e-01	2.180732263366380597e-01	1.899975947715789593e-01	1.163848684265079980e-01	5.816039449264501227e-02	2.164485513561763969e-02	5.454627073487956779e-02
7.111522214073266923e+02	3.400120209092997170e-01	2.172806107413300658e-01	1.908082238826784016e-01	1.169171599804537526e-01	5.836915740416545595e-02	2.175470377790104937e-02	5.485812330411406895e-02
7.159899916209819821e+02	3.388380154978560266e-01	2.164924605180616191e-01	1.916139117334042519e-01	1.174462497086933149e-01	5.857679457570495740e-02	2.186419722374160005e-02	5.516837074248077261e-02
7.208277618346371582e+02	3.376707316439480633e-01	2.157087533755422393e-01	1.924146900936998528e-01	1.179721578978265573e-01	5.878331322249123053e-02	2.197333515542554752e-02	5.547701861100905879e-02
7.256655320482924481e+02	3.365101276299731770e-01	2.149294669164796279e-01	1.932105905101739185e-01	1.184949046848516319e-01	5.898872045093561667e-02	2.208211728259222226e-02	5.578407252493639001e-02
7.305033022619478515e+02	3.353561622224850436e-01	2.141545786552389030e-01	1.940016443079854991e-01	1.190145100591266242e-01	5.919302326248599561e-02	2.219054334158216887e-02	5.608953815103837753e-02
7.353410724756030277e+02	3.342087946516686947e-01	2.133840660341604911e-01	1.947878825926948887e-01	1.195309938642556691e-01	5.939622855731069989e-02	2.229861309480454801e-02	5.639342120504765160e-02
7.401788426892584312e+02	3.330679845922178695e-01	2.126179064386340134e-01	1.955693362520829204e-01	1.200443757999046651e-01	5.959834313782147452e-02	2.240632633012312400e-02	5.669572744915856582e-02
7.450166129029136073e+02	3.319336921455148248e-01	2.118560772110189561e-01	1.963460359579399794e-01	1.205546754235510970e-01	5.979937371204299690e-02	2.251368286026023124e-02	5.699646268961459927e-02
7.498543831165690108e+02	3.308058778230171249e-01	2.110985556634960847e-01	1.971180121678270392e-01	1.210619121521722408e-01	5.999932689683626363e-02	2.262068252221804618e-02	5.729563277437590280e-02
7.546921533302243006e+02	3.296845025307659216e-01	2.103453190899280123e-01	1.978852951268098848e-01	1.215661052638756096e-01	6.019820922098266525e-02	2.272732517671666175e-02	5.759324359086404749e-02
7.595299235438793630e+02	3.285695275549339045e-01	2.095963447768005306e-01	1.986479148691680241e-01	1.220672738994754841e-01	6.039602712813517404e-02	2.283361070764830525e-02	5.788930106378144952e-02
7.643676937575347665e+02	3.274609145483386441e-01	2.088516100133124553e-01	1.994059012200799230e-01	1.225654370640188312e-01	6.059278697964289723e-02	2.293953902154719296e-02	5.818381115300292478e-02
7.692054639711900563e+02	3.263586255178517193e-01	2.081110921006757708e-01	2.001592837972853423e-01	1.230606136282637736e-01	6.078849505725477526e-02	2.304511004707446645e-02	5.847677985153699326e-02
7.740432341848452324e+02	3.252626228126387353e-01	2.073747683606841363e-01	2.009080920127263026e-01	1.235528223301134432e-01	6.098315756570804602e-02	2.315032373451772138e-02	5.876821318355446994e-02
7.788810043985006359e+02	3.241728691131712803e-01	2.066426161436025477e-01	2.016523550741673998e-01	1.240420817760082284e-01	6.117678063520664428e-02	2.325518005530460147e-02	5.905811720248217017e-02
7.837187746121558121e+02	3.230893274209546973e-01	2.059146128354287231e-01	2.023921019867966076e-01	1.245284104422785532e-01	6.136937032379468498e-02	2.335967900152999266e-02	5.934649798915957175e-02
7.885565448258112156e+02	3.220119610489209361e-01	2.051907358645714274e-01	2.031273615548074285e-01	1.250118266764608521e-01	6.156093261962963803e-02	2.346382058549634567e-02	5.963336165005621997e-02
7.933943150394665054e+02	3.209407336124376897e-01	2.044709627079888126e-01	2.038581623829630041e-01	1.254923486985787262e-01	6.175147344315992659e-02	2.356760483926669675e-02	5.991871431554801619e-02
7.982320852531219089e+02	3.198756090208909608e-01	2.037552708968261850e-01	2.045845328781431549e-01	1.259699946023914441e-01	6.194099864921100845e-02	2.367103181422991476e-02	6.020256213825023878e-02
8.030698554667769713e+02	3.188165514697988145e-01	2.030436380215900893e-01	2.053065012508747955e-01	1.264447823566114959e-01	6.212951402898429093e-02	2.377410158067782414e-02	6.048491129140556866e-02
8.079076256804323748e+02	3.177635254334193471e-01	2.023360417368924580e-01	2.060240955168465005e-01	1.269167298060930316e-01	6.231702531197257783e-02	2.387681422739372158e-02	6.076576796732525293e-02
8.127453958940876646e+02	3.167164956578162882e-01	2.016324597657964124e-01	2.067373434984077774e-01	1.273858546729929042e-01	6.250353816779587179e-02	2.397916986125197408e-02	6.104513837588165098e-02
8.175831661077428407e+02	3.156754271543505408e-01	2.009328699037934707e-01	2.074462728260534627e-01	1.278521745579056790e-01	6.268905820796107087e-02	2.408116860682826127e-02	6.132302874305044227e-02
8.224209363213982442e+02	3.146402851935670153e-01	2.002372500224384178e-01	2.081509109398936297e-01	1.283157069409739948e-01	6.287359098754882747e-02	2.418281060602015323e-02	6.159944530950094144e-02
8.272587065350534203e+02	3.136110352994481709e-01	1.995455780726679840e-01	2.088512850911097285e-01	1.287764691829757502e-01	6.305714200683086579e-02	2.428409601767763173e-02	6.187439432923285548e-02
8.320964767487085965e+02	3.125876432440087838e-01	1.988578320878257866e-01	2.095474223433972383e-01	1.292344785263890572e-01	6.323971671282081763e-02	2.438502501724327393e-02	6.214788206825803962e-02
8.369342469623640000e+02	3.115700750422068510e-01	1.981739901864157660e-01	2.102393495743949681e-01	1.296897520964365169e-01	6.342132050076143557e-02	2.448559779640168549e-02	6.241991480332576697e-02
8.417720171760191761e+02	3.105582969471491483e-01	1.974940305746040736e-01	2.109270934771015071e-01	1.301423069021092893e-01	6.360195871555095193e-02	2.458581456273798219e-02	6.269049882069005486e-02
8.466097873896745796e+02	3.095522754455695136e-01	1.968179315484876180e-01	2.116106805612794628e-01	1.305921598371723724e-01	6.378163665311134545e-02	2.468567553940493459e-02	6.295964041491773633e-02
8.514475576033297557e+02	3.085519772535614269e-01	1.961456714961472281e-01	2.122901371548470695e-01	1.310393276811519514e-01	6.396035956170083303e-02	2.478518096479851579e-02	6.322734588773594455e-02
8.562853278169851592e+02	3.075573693125463470e-01	1.954772288995006713e-01	2.129654894052580016e-01	1.314838271003054282e-01	6.413813264317320961e-02	2.488433109224158848e-02	6.349362154691774729e-02
8.611230980306403353e+02	3.065684187854612608e-01	1.948125823359709852e-01	2.136367632808693351e-01	1.319256746485751586e-01	6.431496105418622877e-02	2.498312618967542253e-02	6.375847370520462687e-02
8.659608682442956251e+02	3.055850930531501808e-01	1.941517104799835303e-01	2.143039845722981562e-01	1.323648867685263686e-01	6.449084990736116130e-02	2.508156653935883149e-02	6.402190867926478568e-02
8.707986384579510286e+02	3.046073597109449915e-01	1.934945921043045025e-01	2.149671788937666805e-01	1.328014797922704993e-01	6.466580427239577988e-02	2.517965243757462612e-02	6.428393278868593796e-02
8.756364086716062047e+02	3.036351865654227100e-01	1.928412060812330353e-01	2.156263716844361300e-01	1.332354699423737299e-01	6.483982917713264349e-02	2.527738419434318387e-02	6.454455235500163035e-02
8.804741788852616082e+02	3.026685416313260046e-01	1.921915313836576045e-01	2.162815882097299525e-01	1.336668733327521508e-01	6.501292960858462422e-02	2.537476213314289117e-02	6.480377370074989762e-02
8.853119490989170117e+02	3.017073931286369248e-01	1.915455470859866727e-01	2.169328535626459109e-01	1.340957059695535580e-01	6.518511051391945310e-02	2.547178659063721942e-02	6.506160314856339333e-02
8.901497193125721878e+02	3.007517094797917956e-01	1.909032323649638152e-01	2.175801926650576534e-01	1.345219837520266470e-01	6.535637680140517214e-02	2.556845791640824025e-02	6.531804702028984333e-02
8.949874895262273640e+02	2.998014593070281730e-01	1.902645665003750430e-01	2.182236302690058471e-01	1.349457224733779936e-01	6.552673334131801919e-02	2.566477647269634760e-02	6.557311163614186478e-02
8.998252597398827675e+02	2.988566114298545351e-01	1.896295288756570108e-01	2.188631909579786261e-01	1.353669378216174612e-01	6.569618496681435549e-02	2.576074263414600968e-02	6.582680331387534556e-02
9.046630299535379436e+02	2.979171348626343807e-01	1.889980989784137977e-01	2.194988991481821028e-01	1.357856453803921448e-01	6.586473647476817628e-02	2.585635678755734274e-02	6.607912836799539891e-02
9.095008001671932334e+02	2.969829988122767439e-01	1.883702564008486180e-01	2.201307790898004435e-01	1.362018606298095458e-01	6.603239262657568942e-02	2.595161933164332607e-02	6.633009310898897726e-02
9.143385703808486369e+02	2.960541726760256842e-01	1.877459808401173436e-01	2.207588548682460905e-01	1.366155989472500887e-01	6.619915814892828043e-02	2.604653067679247105e-02	6.657970384258342367e-02
9.191763405945038130e+02	2.951306260393420366e-01	1.871252520986098900e-01	2.213831504053997701e-01	1.370268756081695627e-01	6.636503773455530719e-02	2.614109124483679492e-02	6.682796686903008654e-02
9.240141108081592165e+02	2.942123286738714261e-01	1.865080500841645450e-01	2.220036894608409250e-01	1.374357057868917653e-01	6.653003604293780682e-02	2.623530146882488423e-02	6.707488848241213719e-02
9.288518810218145063e+02	2.932992505354924395e-01	1.858943548102209298e-01	2.226204956330681273e-01	1.378421045573914594e-01	6.669415770099459961e-02	2.632916179279993704e-02	6.732047496997599356e-02
9.336896512354697961e+02	2.923913617624395722e-01	1.852841463959159773e-01	2.232335923607100259e-01	1.382460868940681431e-01	6.685740730374158114e-02	2.642267267158261018e-02	6.756473261148558673e-02
9.385274214491247449e+02	2.914886326734958399e-01	1.846774050661275923e-01	2.238430029237263585e-01	1.386476676725109103e-01	6.701978941492578445e-02	2.651583457055851217e-02	6.780766767859852662e-02
9.433651916627801484e+02	2.905910337662506171e-01	1.840741111514698214e-01	2.244487504445997761e-01	1.390468616702545401e-01	6.718130856763482317e-02	2.660864796547019948e-02	6.804928643426380597e-02
9.482029618764355519e+02	2.896985357154181484e-01	1.834742450882435594e-01	2.250508578895179801e-01	1.394436835675269271e-01	6.734196926488303370e-02	2.670111334221356852e-02	6.828959513214027943e-02
9.530407320900908417e+02	2.888111093712132371e-01	1.828777874183464269e-01	2.256493480695465348e-01	1.398381479479886558e-01	6.750177598017520486e-02	2.679323119663845967e-02	6.852860001603502949e-02
9.578785023037459041e+02	2.879287257577791137e-01	1.822847187891443732e-01	2.262442436417924363e-01	1.402302692994640276e-01	6.766073315804875532e-02	2.688500203435338284e-02	6.876630731936146657e-02
9.627162725174014213e+02	2.870513560716657087e-01	1.816950199533091670e-01	2.268355671105582727e-01	1.406200620146646485e-01	6.781884521459535797e-02	2.697642637053422263e-02	6.900272326461615036e-02
9.675540427310568248e+02	2.861789716803540551e-01	1.811086717686233583e-01	2.274233408284873081e-01	1.410075403919052173e-01	6.797611653796288567e-02	2.706750472973681876e-02	6.923785406287388811e-02
9.723918129447120009e+02	2.853115441208237124e-01	1.805256551977564849e-01	2.280075869976994352e-01	1.413927186358116816e-01	6.813255148883831658e-02	2.715823764571327972e-02	6.947170591330066591e-02
9.772295831583674044e+02	2.844490450981613239e-01	1.799459513080136630e-01	2.285883276709179124e-01	1.417756108580224272e-01	6.828815440091262623e-02	2.724862566123195315e-02	6.970428500268371907e-02
9.820673533720223531e+02	2.835914464842067551e-01	1.793695412710600567e-01	2.291655847525874423e-01	1.421562310778820004e-01	6.844292958132826288e-02	2.733866932790089688e-02	6.993559750497826966e-02
9.869051235856777566e+02	2.827387203162353146e-01	1.787964063626222844e-01	2.297393799999828679e-01	1.425345932231280310e-01	6.859688131110991405e-02	2.742836920599482295e-02	7.016564958087045945e-02
9.917428937993331601e+02	2.818908387956732264e-01	1.782265279621692844e-01	2.303097350243094310e-01	1.429107111305711886e-01	6.875001384557938300e-02	2.751772586428532022e-02	7.039444737735588153e-02
9.965806640129884499e+02	2.810477742868442985e-01	1.776598875525741417e-01	2.308766712917938446e-01	1.432845985467685601e-01	6.890233141475517187e-02	2.760673987987434866e-02	7.062199702733337747e-02
1.001418434226643626e+03	2.802094993157464020e-01	1.770964667197585940e-01	2.314402101247667598e-01	1.436562691286903948e-01	6.905383822373727110e-02	2.769541183803085962e-02	7.084830464921351711e-02
1.006256204440298802e+03	2.793759865688553723e-01	1.765362471523216070e-01	2.320003727027365736e-01	1.440257364443803256e-01	6.920453845307809881e-02	2.778374233203044844e-02	7.107337634654140035e-02
1.011093974653954206e+03	2.785472088919551115e-01	1.759792106411537937e-01	2.325571800634545216e-01	1.443930139736093188e-01	6.935443625913974286e-02	2.787173196299800107e-02	7.129721820763333662e-02
1.015931744867609382e+03	2.777231392889923933e-01	1.754253390790384282e-01	2.331106531039711105e-01	1.447581151085234885e-01	6.950353577443840747e-02	2.795938133975320664e-02	7.151983630522680546e-02
1.020769515081264785e+03	2.769037509209542613e-01	1.748746144602406905e-01	2.336608125816841686e-01	1.451210531542856674e-01	6.965184110797648098e-02	2.804669107865886621e-02	7.174123669614372589e-02
1.025607285294920075e+03	2.760890171047675756e-01	1.743270188800862264e-01	2.342076791153783200e-01	1.454818413297110646e-01	6.979935634556265478e-02	2.813366180347193560e-02	7.196142542096610473e-02
1.030445055508575479e+03	2.752789113122192100e-01	1.737825345345296868e-01	2.347512731862559932e-01	1.458404927678969565e-01	6.994608555012074569e-02	2.822029414519722224e-02	7.218040850372409167e-02
1.035282825722230655e+03	2.744734071688954002e-01	1.732411437197147464e-01	2.352916151389602140e-01	1.461970205168465764e-01	7.009203276198752719e-02	2.830658874194363905e-02	7.239819195159585830e-02
1.040120595935886058e+03	2.736724784531393562e-01	1.727028288315259619e-01	2.358287251825889330e-01	1.465514375400874258e-01	7.023720199920018004e-02	2.839254623878299452e-02	7.261478175461914819e-02
1.044958366149541234e+03	2.728760990950266363e-01	1.721675723651337475e-01	2.363626233917012209e-01	1.469037567172837289e-01	7.038159725777365372e-02	2.847816728761120089e-02	7.283018388541380450e-02
1.049796136363196410e+03	2.720842431753566770e-01	1.716353569145328550e-01	2.368933297073151090e-01	1.472539908448435297e-01	7.052522251196852165e-02	2.856345254701188330e-02	7.304440429891537190e-02
1.054633906576851814e+03	2.712968849246600866e-01	1.711061651720752752e-01	2.374208639378975472e-01	1.476021526365202952e-01	7.066808171454942722e-02	2.864840268212228216e-02	7.325744893211909303e-02
1.059471676790506763e+03	2.705139987222201503e-01	1.705799799279981988e-01	2.379452457603460358e-01	1.479482547240089929e-01	7.081017879703493945e-02	2.873301836450142810e-02	7.346932370383420230e-02
1.064309447004162394e+03	2.697355590951096560e-01	1.700567840699475086e-01	2.384664947209622354e-01	1.482923096575371191e-01	7.095151766993877673e-02	2.881730027200050948e-02	7.368003451444815610e-02
1.069147217217817570e+03	2.689615407172397665e-01	1.695365605824973587e-01	2.389846302364178332e-01	1.486343299064502577e-01	7.109210222300299531e-02	2.890124908863538067e-02	7.388958724570039716e-02
1.073984987431472746e+03	2.681919184084223251e-01	1.690192925466666996e-01	2.394996715947122490e-01	1.489743278597926712e-01	7.123193632542333675e-02	2.898486550446116236e-02	7.409798776046558344e-02
1.078822757645127922e+03	2.674266671334442624e-01	1.685049631394326397e-01	2.400116379561226809e-01	1.493123158268825912e-01	7.137102382606726192e-02	2.906815021544887842e-02	7.430524190254575445e-02
1.083660527858783553e+03	2.666657620011533281e-01	1.679935556332416424e-01	2.405205483541461575e-01	1.496483060378827612e-01	7.150936855368464351e-02	2.915110392336407383e-02	7.451135549647144862e-02
1.088498298072438729e+03	2.659091782635554235e-01	1.674850533955185017e-01	2.410264216964339568e-01	1.499823106443657628e-01	7.164697431711178344e-02	2.923372733564737896e-02	7.471633434731123069e-02
1.093336068286093905e+03	2.651568913149218165e-01	1.669794398881738473e-01	2.415292767657184481e-01	1.503143417198746501e-01	7.178384490546875496e-02	2.931602116529696822e-02	7.492018424048955960e-02
1.098173838499749309e+03	2.644088766909071242e-01	1.664766986671102067e-01	2.420291322207319962e-01	1.506444112604785890e-01	7.191998408835058310e-02	2.939798613075285047e-02	7.512291094161270555e-02
1.103011608713404712e+03	2.636651100676765669e-01	1.659768133817273172e-01	2.425260065971186207e-01	1.509725311853238328e-01	7.205539561601222165e-02	2.947962295578297753e-02	7.532452019630245243e-02
1.107849378927059888e+03	2.629255672610431582e-01	1.654797677744264395e-01	2.430199183083380510e-01	1.512987133371799520e-01	7.219008321954789587e-02	2.956093236937109778e-02	7.552501773003741925e-02
