1.461006604523895703e+03	2.182380796048991600e-01	1.376420655566755469e-01	2.736283724960851260e-01	1.684444364123307003e-01	7.838499518541196254e-02	3.530408549155647502e-02	8.835796525241586263e-02
1.465844374737550879e+03	2.177232463876180857e-01	1.372893066369005044e-01	2.738926968997986156e-01	1.687940555054942560e-01	7.850280839517020937e-02	3.534174356217802127e-02	8.845614261221516894e-02
1.470682144951206283e+03	2.172115768512853651e-01	1.369387964298685034e-01	2.741563206771407413e-01	1.691357061936673567e-01	7.861998813895614002e-02	3.537952145473165222e-02	8.855809025372499144e-02
1.475519915164861459e+03	2.167030467727094067e-01	1.365905142245463222e-01	2.744192400816077848e-01	1.694698324142257517e-01	7.873652958454109563e-02	3.541744189532233106e-02	8.866339502642206494e-02
1.480357685378516862e+03	2.161976324917783132e-01	1.362444399058714284e-01	2.746814506826469326e-01	1.697968446866512660e-01	7.885242863876534836e-02	3.545552430074767197e-02	8.877167929291374104e-02
1.485195455592172038e+03	2.156953108739909364e-01	1.359005539150971720e-01	2.749429474585215472e-01	1.701171228143005532e-01	7.896768188461386617e-02	3.549378509012190291e-02	8.888259796272872382e-02
1.490033225805827215e+03	2.151960592760234492e-01	1.355588372132967845e-01	2.752037248805790925e-01	1.704310183637517129e-01	7.908228652350889065e-02	3.553223796977710014e-02	8.899583577243759536e-02
1.494870996019482618e+03	2.146998555140813003e-01	1.352192712477666703e-01	2.754637769896570165e-01	1.707388569401289968e-01	7.919624032238734013e-02	3.557089419367748251e-02	8.911110479167581866e-02
1.499708766233137567e+03	2.142066778348059863e-01	1.348818379210908747e-01	2.757230974652972177e-01	1.710409402752817720e-01	7.930954156516659137e-02	3.560976280139670214e-02	8.922814213633550873e-02
1.504546536446793198e+03	2.137165048885258101e-01	1.345465195626488475e-01	2.759816796883859391e-01	1.713375481442963033e-01	7.942218900823502792e-02	3.564885083553782918e-02	8.934670787174486817e-02
1.509384306660448374e+03	2.132293157046572241e-01	1.342132989023655798e-01	2.762395167977836907e-01	1.716289401245362223e-01	7.953418183963392729e-02	3.568816354031929122e-02	8.946658309007862742e-02
1.514222076874103550e+03	2.127450896690787352e-01	1.338821590465211486e-01	2.764966017414619559e-01	1.719153572102319616e-01	7.964551964162489006e-02	3.572770454290688513e-02	8.958756814754896547e-02
1.519059847087758726e+03	2.122638065033153332e-01	1.335530834554505275e-01	2.767529273226205788e-01	1.721970232945608525e-01	7.975620235636246558e-02	3.576747601894054301e-02	8.970948104812423440e-02
1.523897617301414357e+03	2.117854462453834796e-01	1.332260559229791475e-01	2.770084862412209303e-01	1.724741465301710408e-01	7.986623025441448587e-02	3.580747884358395638e-02	8.983215596162154315e-02
1.528735387515069533e+03	2.113099892321599893e-01	1.329010605574528769e-01	2.772632711313313680e-01	1.727469205781943795e-01	7.997560390589444901e-02	3.584771272931475822e-02	8.995544186502672790e-02
1.533573157728724709e+03	2.108374160831492095e-01	1.325780817642317477e-01	2.775172745946506425e-01	1.730155257549625125e-01	8.008432415398955562e-02	3.588817635157159208e-02	9.007920129681928900e-02
1.538410927942380113e+03	2.103677076855329786e-01	1.322571042295280219e-01	2.777704892305423723e-01	1.732801300848763881e-01	8.019239209068583507e-02	3.592886746328142339e-02	9.020330921492759890e-02
1.543248698156035516e+03	2.099008451803980879e-01	1.319381129054794377e-01	2.780229076628864537e-01	1.735408902671805864e-01	8.029980903450850693e-02	3.596978299920533528e-02	9.032765194971621725e-02
1.548086468369690692e+03	2.094368099500440450e-01	1.316210929963571030e-01	2.782745225640276265e-01	1.737979525637514122e-01	8.040657651011068330e-02	3.601091917096280182e-02	9.045212624412092561e-02
1.552924238583346096e+03	2.089755836062822669e-01	1.313060299458153335e-01	2.785253266760776558e-01	1.740514536144193991e-01	8.051269622955715966e-02	3.605227155352280083e-02	9.057663837369989146e-02
1.557762008797001272e+03	2.085171479796453509e-01	1.309929094250995019e-01	2.787753128298057215e-01	1.743015211858068292e-01	8.061817007516314249e-02	3.609383516388450786e-02	9.070110333996943275e-02
1.562599779010656675e+03	2.080614851094311768e-01	1.306817173221337114e-01	2.790244739613321201e-01	1.745482748591660194e-01	8.072300008375896119e-02	3.613560453260993705e-02	9.082544413094253977e-02
1.567437549224311852e+03	2.076085772345138136e-01	1.303724397314175443e-01	2.792728031268224553e-01	1.747918266622497663e-01	8.082718843226281702e-02	3.617757376881567538e-02	9.094959104329246313e-02
1.572275319437967255e+03	2.071584067848576960e-01	1.300650629446661322e-01	2.795202935153618951e-01	1.750322816498290635e-01	8.093073742445310026e-02	3.621973661918025111e-02	9.107348106102640395e-02
1.577113089651622431e+03	2.067109563736779787e-01	1.297595734421335967e-01	2.797669384601751963e-01	1.752697384370913158e-01	8.103364947884114655e-02	3.626208652147714512e-02	9.119705728597812810e-02
1.581950859865277607e+03	2.062662087901934727e-01	1.294559578845653203e-01	2.800127314483427110e-01	1.755042896898015015e-01	8.113592711755311659e-02	3.630461665310089764e-02	9.132026841581748766e-02
1.586788630078933011e+03	2.058241469929240897e-01	1.291542031057278384e-01	2.802576661291505400e-01	1.757360225747880700e-01	8.123757295613763529e-02	3.634731997501468997e-02	9.144306826563165791e-02
1.591626400292587959e+03	2.053847541034878876e-01	1.288542961054702507e-01	2.805017363212020665e-01	1.759650191740201319e-01	8.133858969422240459e-02	3.639018927151191352e-02	9.156541532945981776e-02
1.596464170506243590e+03	2.049480134008571652e-01	1.285562240432749914e-01	2.807449360184051668e-01	1.761913568652729023e-01	8.143898010694956835e-02	3.643321718615156329e-02	9.168727237846306666e-02
1.601301940719898766e+03	2.045139083160358862e-01	1.282599742322582392e-01	2.809872593949415687e-01	1.764151086721294781e-01	8.153874703712540861e-02	3.647639625419690085e-02	9.180860609268687300e-02
1.606139710933553943e+03	2.040824224271239606e-01	1.279655341335845520e-01	2.812287008093150575e-01	1.766363435858407938e-01	8.163789338802517059e-02	3.651971893185954054e-02	9.192938672362523100e-02
1.610977481147209119e+03	2.036535394547372702e-01	1.276728913512627517e-01	2.814692548075661827e-01	1.768551268613562100e-01	8.173642211679889302e-02	3.656317762262555060e-02	9.204958778502739247e-02
1.615815251360864750e+03	2.032272432577539312e-01	1.273820336272926401e-01	2.817089161257352870e-01	1.770715202896465668e-01	8.183433622842835320e-02	3.660676470091706047e-02	9.216918576960035636e-02
1.620653021574519926e+03	2.028035178293606522e-01	1.270929488371352056e-01	2.819476796916465799e-01	1.772855824482656995e-01	8.193163877018970476e-02	3.665047253332161248e-02	9.228815988945475446e-02
1.625490791788175102e+03	2.023823472933745926e-01	1.268056249854803974e-01	2.821855406260812549e-01	1.774973689319358783e-01	8.202833282657978620e-02	3.669429349760185144e-02	9.240649183832047586e-02
1.630328562001830505e+03	2.019637159008185745e-01	1.265200502022893470e-01	2.824224942434012675e-01	1.777069325647946951e-01	8.212442151466789464e-02	3.673821999968049368e-02	9.252416557372195038e-02
1.635166332215485909e+03	2.015476080267289694e-01	1.262362127390896649e-01	2.826585360516796763e-01	1.779143235958061120e-01	8.221990797983776134e-02	3.678224448877883551e-02	9.264116711745321031e-02
1.640004102429141085e+03	2.011340081671774971e-01	1.259541009655038291e-01	2.828936617523888919e-01	1.781195898787136800e-01	8.231479539188736594e-02	3.682635947087223305e-02	9.275748437283064252e-02
1.644841872642796488e+03	2.007229009364897843e-01	1.256737033659927061e-01	2.831278672396941309e-01	1.783227770378007504e-01	8.240908694145715474e-02	3.687055752061221825e-02	9.287310695732743648e-02
1.649679642856451665e+03	2.003142710646446389e-01	1.253950085367974143e-01	2.833611485993937085e-01	1.785239286206172782e-01	8.250278583675937916e-02	3.691483129185200301e-02	9.298802604930977989e-02
1.654517413070107068e+03	1.999081033948396646e-01	1.251180051830646511e-01	2.835935021075464690e-01	1.787230862387378383e-01	8.259589530058369933e-02	3.695917352690099994e-02	9.310223424770083800e-02
1.659355183283762244e+03	1.995043828812099185e-01	1.248426821161409545e-01	2.838249242288210517e-01	1.789202896975271018e-01	8.268841856755618225e-02	3.700357706462288621e-02	9.321572544349604472e-02
1.664192953497417420e+03	1.991030945866873181e-01	1.245690282510232560e-01	2.840554116145987407e-01	1.791155771158087773e-01	8.278035888163082223e-02	3.704803484748241116e-02	9.332849470214280019e-02
1.669030723711072824e+03	1.987042236809893336e-01	1.242970326039539164e-01	2.842849611008609334e-01	1.793089850362596938e-01	8.287171949379423808e-02	3.709253992763694718e-02	9.344053815587906320e-02
1.673868493924728000e+03	1.983077554387273067e-01	1.240266842901491667e-01	2.845135697058862045e-01	1.795005485272836154e-01	8.296250365996601928e-02	3.713708547216078293e-02	9.355185290520101615e-02
1.678706264138383403e+03	1.979136752376239872e-01	1.237579725216511606e-01	2.847412346277829465e-01	1.796903012770563191e-01	8.305271463907849816e-02	3.718166476748255289e-02	9.366243692869859194e-02
1.683544034352038352e+03	1.975219685568327110e-01	1.234908866052941978e-01	2.849679532418782912e-01	1.798782756803773142e-01	8.314235569132120973e-02	3.722627122310941811e-02	9.377228900056083782e-02
1.688381804565693983e+03	1.971326209753493097e-01	1.232254159407769334e-01	2.851937230979846305e-01	1.800645029189105739e-01	8.323143007653631409e-02	3.727089837470522887e-02	9.388140861511103108e-02
1.693219574779349159e+03	1.967456181705099783e-01	1.229615500188324245e-01	2.854185419175608307e-01	1.802490130353489872e-01	8.331994105275254692e-02	3.731553988658427995e-02	9.398979591778497400e-02
1.698057344993004335e+03	1.963609459165681637e-01	1.226992784194893271e-01	2.856424075907859628e-01	1.804318350019935846e-01	8.340789187484630440e-02	3.736018955367674532e-02	9.409745164201391288e-02
1.702895115206659511e+03	1.959785900833444505e-01	1.224385908104172332e-01	2.858653181735595905e-01	1.806129967841971218e-01	8.349528579331935707e-02	3.740484130301732074e-02	9.420437705151890606e-02
1.707732885420315142e+03	1.955985366349438093e-01	1.221794769453503487e-01	2.860872718844422735e-01	1.807925253990858572e-01	8.358212605318347810e-02	3.744948919480393934e-02	9.431057388756422522e-02
1.712570655633970318e+03	1.952207716285348227e-01	1.219219266625838072e-01	2.863082671015490521e-01	1.809704469699388862e-01	8.366841589294322923e-02	3.749412742306948432e-02	9.441604432075467734e-02
1.717408425847625494e+03	1.948452812131861445e-01	1.216659298835376102e-01	2.865283023594067946e-01	1.811467867765723938e-01	8.375415854366877189e-02	3.753875031600563406e-02	9.452079090699666564e-02
1.722246196061280898e+03	1.944720516287563039e-01	1.214114766113832816e-01	2.867473763457848990e-01	1.813215693020493458e-01	8.383935722815134828e-02	3.758335233597462355e-02	9.462481654727424030e-02
1.727083966274936301e+03	1.941010692048318886e-01	1.211585569297292109e-01	2.869654878985094526e-01	1.814948182760074413e-01	8.392401516013447971e-02	3.762792807924152105e-02	9.472812445092006206e-02
1.731921736488591478e+03	1.937323203597115517e-01	1.209071610013602444e-01	2.871826360022677882e-01	1.816665567148744442e-01	8.400813554361472035e-02	3.767247227545681559e-02	9.483071810208847097e-02
1.736759506702246881e+03	1.933657915994314302e-01	1.206572790670282502e-01	2.873988197854117077e-01	1.818368069592185277e-01	8.409172157220623500e-02	3.771697978691641862e-02	9.493260122916148680e-02
1.741597276915902057e+03	1.930014695168296157e-01	1.204089014442899647e-01	2.876140385167648139e-01	1.820055907084603686e-01	8.417477642856387166e-02	3.776144560762386554e-02	9.503377777684157701e-02
1.746435047129557461e+03	1.926393407906462352e-01	1.201620185263891777e-01	2.878282916024411109e-01	1.821729290531553802e-01	8.425730328385994117e-02	3.780586486217721309e-02	9.513425188070499805e-02
1.751272817343212637e+03	1.922793921846570053e-01	1.199166207811802054e-01	2.880415785826790920e-01	1.823388425050374850e-01	8.433930529731034631e-02	3.785023280450122707e-02	9.523402784400866739e-02
1.756110587556867813e+03	1.919216105468376510e-01	1.196726987500901507e-01	2.882538991286959784e-01	1.825033510250002045e-01	8.442078561574581363e-02	3.789454481644351225e-02	9.533311011656067646e-02
1.760948357770523216e+03	1.915659828085566896e-01	1.194302430471172877e-01	2.884652530395672154e-01	1.826664740491763250e-01	8.450174737322470320e-02	3.793879640625157784e-02	9.543150327548022283e-02
1.765786127984178393e+03	1.912124959837951665e-01	1.191892443578635441e-01	2.886756402391332799e-01	1.828282305132643837e-01	8.458219369068382953e-02	3.798298320694633995e-02	9.552921200768747789e-02
1.770623898197833569e+03	1.908611371683907876e-01	1.189496934385987637e-01	2.888850607729386288e-01	1.829886388752384185e-01	8.466212767562421304e-02	3.802710097460611227e-02	9.562624109397709071e-02
1.775461668411488745e+03	1.905118935393052271e-01	1.187115811153548889e-01	2.890935148052045656e-01	1.831477171365656076e-01	8.474155242182895842e-02	3.807114558657374859e-02	9.572259539454104627e-02
1.780299438625144376e+03	1.901647523539128359e-01	1.184748982830484132e-01	2.893010026158386316e-01	1.833054828620469812e-01	8.482047100911040138e-02	3.811511303959864982e-02	9.581827983581815700e-02
1.785137208838799552e+03	1.898197009493091947e-01	1.182396359046291312e-01	2.895075245974830236e-01	1.834619531983869845e-01	8.489888650308434481e-02	3.815899944792405102e-02	9.591329939855731956e-02
1.789974979052454728e+03	1.894767267416383461e-01	1.180057850102540357e-01	2.897130812526036991e-01	1.836171448915883686e-01	8.497680195496902511e-02	3.820280104132910137e-02	9.600765910699145256e-02
1.794812749266109904e+03	1.891358172254374581e-01	1.177733366964845707e-01	2.899176731906212834e-01	1.837710743032622829e-01	8.505422040140683815e-02	3.824651416313433472e-02	9.610136401902726055e-02
1.799650519479765535e+03	1.887969599729977244e-01	1.175422821255062977e-01	2.901213011250858287e-01	1.839237574259349195e-01	8.513114486430678474e-02	3.829013526817833662e-02	9.619441921736412993e-02
1.804488289693420711e+03	1.884601426337402796e-01	1.173126125243693640e-01	2.903239658708963167e-01	1.840752098974265116e-01	8.520757835070620623e-02	3.833366092077256787e-02	9.628682980146278936e-02
1.809326059907075887e+03	1.881253529336066876e-01	1.170843191842490388e-01	2.905256683415651797e-01	1.842254470143718237e-01	8.528352385264993674e-02	3.837708779264075581e-02	9.637860088029065464e-02
1.814163830120731291e+03	1.877925786744623626e-01	1.168573934597249148e-01	2.907264095465295628e-01	1.843744837449459162e-01	8.535898434708565075e-02	3.842041266084848805e-02	9.646973756577720271e-02
1.819001600334386467e+03	1.874618077335129807e-01	1.166318267680782061e-01	2.909261905885091037e-01	1.845223347408534997e-01	8.543396279577394892e-02	3.846363240572814313e-02	9.656024496691821557e-02
1.823839370548041643e+03	1.871330280627323817e-01	1.164076105886057144e-01	2.911250126609109534e-01	1.846690143486364732e-01	8.550846214521201638e-02	3.850674400880380044e-02	9.665012818447279996e-02
1.828677140761696819e+03	1.868062276883016570e-01	1.161847364619501555e-01	2.913228770452821470e-01	1.848145366203485518e-01	8.558248532656963226e-02	3.854974455072013306e-02	9.673939230620182128e-02
1.833514910975352450e+03	1.864813947100585900e-01	1.159631959894457248e-01	2.915197851088102143e-01	1.849589153236429195e-01	8.565603525563679488e-02	3.859263120917916928e-02	9.682804240260066420e-02
1.838352681189008081e+03	1.861585173009572547e-01	1.157429808324783177e-01	2.917157383018704198e-01	1.851021639513152350e-01	8.572911483278154721e-02	3.863540125688794125e-02	9.691608352308336838e-02
1.843190451402663257e+03	1.858375837065366354e-01	1.155240827118596686e-01	2.919107381556215186e-01	1.852442957303401250e-01	8.580172694291764157e-02	3.867805205952017100e-02	9.700352069257837939e-02
1.848028221616318433e+03	1.855185822443981281e-01	1.153064934072147857e-01	2.921047862796486427e-01	1.853853236304371654e-01	8.587387445548089193e-02	3.872058107369445029e-02	9.709035890850012396e-02
1.852865991829973609e+03	1.852015013036915903e-01	1.150902047563822500e-01	2.922978843596533705e-01	1.855252603721993243e-01	8.594556022441357523e-02	3.876298584497121086e-02	9.717660313806283923e-02
1.857703762043628785e+03	1.848863293446091349e-01	1.148752086548265328e-01	2.924900341551912031e-01	1.856641184348135354e-01	8.601678708815634067e-02	3.880526400587055308e-02	9.726225831590683268e-02
1.862541532257283961e+03	1.845730548978865015e-01	1.146614970550620116e-01	2.926812374974551156e-01	1.858019100634019927e-01	8.608755786964687740e-02	3.884741327391263988e-02	9.734732934200893140e-02
1.867379302470939592e+03	1.842616665643117269e-01	1.144490619660882974e-01	2.928714962871057925e-01	1.859386472760093112e-01	8.615787537632479953e-02	3.888943144968219634e-02	9.743182107985197404e-02
1.872217072684594768e+03	1.839521530142403938e-01	1.142378954528361634e-01	2.930608124921474933e-01	1.860743418702594520e-01	8.622774240014219327e-02	3.893131641491844736e-02	9.751573835482996166e-02
1.877054842898249490e+03	1.836445029871176804e-01	1.140279896356238831e-01	2.932491881458493266e-01	1.862090054297045050e-01	8.629716171757949306e-02	3.897306613063160341e-02	9.759908595286762023e-02
1.881892613111905121e+03	1.833387052910065429e-01	1.138193366896234071e-01	2.934366253447111550e-01	1.863426493298850906e-01	8.636613608966613176e-02	3.901467863524693547e-02	9.768186861923482123e-02
1.886730383325560297e+03	1.830347488021217550e-01	1.136119288443361991e-01	2.936231262464741865e-01	1.864752847441213390e-01	8.643466826200549291e-02	3.905615204277717439e-02	9.776409105753795792e-02
1.891568153539215928e+03	1.827326224643698316e-01	1.134057583830782590e-01	2.938086930681744757e-01	1.866069226490515154e-01	8.650276096480405408e-02	3.909748454102390802e-02	9.784575792887215129e-02
1.896405923752871104e+03	1.824323152888942257e-01	1.132008176424739720e-01	2.939933280842402241e-01	1.867375738299340837e-01	8.657041691290405516e-02	3.913867438980860036e-02	9.792687385111906173e-02
1.901243693966526507e+03	1.821338163536261878e-01	1.129970990119585628e-01	2.941770336246311568e-01	1.868672488857281988e-01	8.663763880581966392e-02	3.917971991923358682e-02	9.800744339837687280e-02
1.906081464180181683e+03	1.818371148028402329e-01	1.127945949332888886e-01	2.943598120730196444e-01	1.869959582339661419e-01	8.670442932777612521e-02	3.922061952797336465e-02	9.808747110050985984e-02
1.910919234393836859e+03	1.815421998467147413e-01	1.125932979000622003e-01	2.945416658650131803e-01	1.871237121154297189e-01	8.677079114775185231e-02	3.926137168159649776e-02	9.816696144280606662e-02
1.915757004607492036e+03	1.812490607608972792e-01	1.123932004572426452e-01	2.947225974864171594e-01	1.872505205986431942e-01	8.683672691952304401e-02	3.930197491091821926e-02	9.824591886573273702e-02
1.920594774821147894e+03	1.809576868860744425e-01	1.121942952006953348e-01	2.949026094715373469e-01	1.873763935841928074e-01	8.690223928171057766e-02	3.934242781038380099e-02	9.832434776477992633e-02
1.925432545034802843e+03	1.806680676275461694e-01	1.119965747767275865e-01	2.950817044015218715e-01	1.875013408088830880e-01	8.696733085782923367e-02	3.938272903648273870e-02	9.840225249038354882e-02
1.930270315248458019e+03	1.803801924548039670e-01	1.118000318816374239e-01	2.952598849027411321e-01	1.876253718497393197e-01	8.703200425633877968e-02	3.942287730619368352e-02	9.847963734791986834e-02
1.935108085462113195e+03	1.800940509011138557e-01	1.116046592612687099e-01	2.954371536452058411e-01	1.877484961278647058e-01	8.709626207069683101e-02	3.946287139545997386e-02	9.855650659776424294e-02
1.939945855675768371e+03	1.798096325631029502e-01	1.114104497105730673e-01	2.956135133410218718e-01	1.878707229121598377e-01	8.716010687941343205e-02	3.950271013769571932e-02	9.863286445540736525e-02
1.944783625889424002e+03	1.795269271003498424e-01	1.112173960731782374e-01	2.957889667428814651e-01	1.879920613229125737e-01	8.722354124610705306e-02	3.954239242232204798e-02	9.870871509162298940e-02
1.949621396103079178e+03	1.792459242349792314e-01	1.110254912409627537e-01	2.959635166425904629e-01	1.881125203352646269e-01	8.728656771956197491e-02	3.958191719333351705e-02	9.878406263268169063e-02
1.954459166316734354e+03	1.789666137512596900e-01	1.108347281536366941e-01	2.961371658696298481e-01	1.882321087825613026e-01	8.734918883378696430e-02	3.962128344789420803e-02	9.885891116060553652e-02
1.959296936530389530e+03	1.786889854952054824e-01	1.106450997983284834e-01	2.963099172897523670e-01	1.883508353595907403e-01	8.741140710807492054e-02	3.966049023496334008e-02	9.893326471345889606e-02
1.964134706744044706e+03	1.784130293741816864e-01	1.104565992091773724e-01	2.964817738036121253e-01	1.884687086257178235e-01	8.747322504706370183e-02	3.969953665394998499e-02	9.900712728567159782e-02
1.968972476957700337e+03	1.781387353565126175e-01	1.102692194669315923e-01	2.966527383454274913e-01	1.885857370079179474e-01	8.753464514079770109e-02	3.973842185339659938e-02	9.908050282839027390e-02
1.973810247171355968e+03	1.778660934710939723e-01	1.100829536985522689e-01	2.968228138816763062e-01	1.887019288037157794e-01	8.759566986479043471e-02	3.977714502969098564e-02	9.915339524985447572e-02
1.978648017385010689e+03	1.775950938070079144e-01	1.098977950768223744e-01	2.969920034098225137e-01	1.888172921840328977e-01	8.765630168008770040e-02	3.981570542580625816e-02	9.922580841579459188e-02
1.983485787598666320e+03	1.773257265131414351e-01	1.097137368199611190e-01	2.971603099570737094e-01	1.889318351959494713e-01	8.771654303333152602e-02	3.985410233006849573e-02	9.929774614984843151e-02
1.988323557812321269e+03	1.770579817978080450e-01	1.095307721912435056e-01	2.973277365791696103e-01	1.890455657653827837e-01	8.777639635682467356e-02	3.989233507495155290e-02	9.936921223399401704e-02
1.993161328025976900e+03	1.767918499283722966e-01	1.093488944986247963e-01	2.974942863591993891e-01	1.891584916996870980e-01	8.783586406859565654e-02	3.993040303589872470e-02	9.944021040899624075e-02
1.997999098239632076e+03	1.765273212308773598e-01	1.091680970943699203e-01	2.976599624064488192e-01	1.892706206901780819e-01	8.789494857246424320e-02	3.996830563017075844e-02	9.951074437486501223e-02
2.002836868453287707e+03	1.762643860896757897e-01	1.089883733746877109e-01	2.978247678552753963e-01	1.893819603145848185e-01	8.795365225810745924e-02	4.000604231571978919e-02	9.958081779132327283e-02
2.007674638666942428e+03	1.760030349470629030e-01	1.088097167793697084e-01	2.979887058640115494e-01	1.894925180394327335e-01	8.801197750112585427e-02	4.004361259008878265e-02	9.965043427828278177e-02
2.012512408880597604e+03	1.757432583029132356e-01	1.086321207914337367e-01	2.981517796138948295e-01	1.896023012223600201e-01	8.806992666311011519e-02	4.008101598933600657e-02	9.971959741632632768e-02
2.017350179094252780e+03	1.754850467143197479e-01	1.084555789367717404e-01	2.983139923080254663e-01	1.897113171143705590e-01	8.812750209170802651e-02	4.011825208698411444e-02	9.978831074719472782e-02
2.022187949307908411e+03	1.752283907952355835e-01	1.082800847838021330e-01	2.984753471703489036e-01	1.898195728620253320e-01	8.818470612069161108e-02	4.015532049299333495e-02	9.985657777427746351e-02
2.027025719521564042e+03	1.749732812161190199e-01	1.081056319431265428e-01	2.986358474446649258e-01	1.899270755095752994e-01	8.824154107002445124e-02	4.019222085275840628e-02	9.992440196310566070e-02
2.031863489735218764e+03	1.747197087035806118e-01	1.079322140671904878e-01	2.987954963936610975e-01	1.900338320010377113e-01	8.829800924592932920e-02	4.022895284612872796e-02	9.999178674184638904e-02
2.036701259948874394e+03	1.744676640400333045e-01	1.077598248499484629e-01	2.989542972979705726e-01	1.901398491822176295e-01	8.835411294095574242e-02	4.026551618645129310e-02	1.000587355017973357e-01
2.041539030162529116e+03	1.742171380633448508e-01	1.075884580265328710e-01	2.991122534552544399e-01	1.902451338026773520e-01	8.840985443404783539e-02	4.030191061963601939e-02	1.001252515978809793e-01
2.046376800376184747e+03	1.739681216664931140e-01	1.074181073729270214e-01	2.992693681793064941e-01	1.903496925176549892e-01	8.846523599061219267e-02	4.033813592324294456e-02	1.001913383491375847e-01
2.051214570589840150e+03	1.737206057972237871e-01	1.072487667056419708e-01	2.994256447991814896e-01	1.904535318899343299e-01	8.852025986258577062e-02	4.037419190559093235e-02	1.002569990392160881e-01
2.056052340803495554e+03	1.734745814577104139e-01	1.070804298813971961e-01	2.995810866583453747e-01	1.905566583916675771e-01	8.857492828850385691e-02	4.041007840488734099e-02	1.003222369168626088e-01
2.060890111017150957e+03	1.732300397042171314e-01	1.069130907968049715e-01	2.997356971138474546e-01	1.906590784061526489e-01	8.862924349356808562e-02	4.044579528837840415e-02	1.003870551964057001e-01
2.065727881230805451e+03	1.729869716467636320e-01	1.067467433880584099e-01	2.998894795355138143e-01	1.907607982295662641e-01	8.868320768971436896e-02	4.048134245151966543e-02	1.004514570582381722e-01
2.070565651444461309e+03	1.727453684487927910e-01	1.065813816306231676e-01	3.000424373051617244e-01	1.908618240726547288e-01	8.873682307568085681e-02	4.051671981716626486e-02	1.005154456492947379e-01
2.075403421658116713e+03	1.725052213268403745e-01	1.064169995389326329e-01	3.001945738158341426e-01	1.909621620623833671e-01	8.879009183707586850e-02	4.055192733478251571e-02	1.005790240835254118e-01
2.080241191871772116e+03	1.722665215502072189e-01	1.062535911660865140e-01	3.003458924710540878e-01	1.910618182435462054e-01	8.884301614644569967e-02	4.058696497967039657e-02	1.006421954423641490e-01
2.085078962085427065e+03	1.720292604406337134e-01	1.060911506035529667e-01	3.004963966840990541e-01	1.911607985803370768e-01	8.889559816334244302e-02	4.062183275221660506e-02	1.007049627751924192e-01
2.089916732299082469e+03	1.717934293719766692e-01	1.059296719808739268e-01	3.006460898772934653e-01	1.912591089578832004e-01	8.894784003439168418e-02	4.065653067715768731e-02	1.007673290997976312e-01
2.094754502512737417e+03	1.715590197698882435e-01	1.057691494653738712e-01	3.007949754813205590e-01	1.913567551837424829e-01	8.899974389336007263e-02	4.069105880286296578e-02	1.008292974028260625e-01
2.099592272726392821e+03	1.713260231114972221e-01	1.056095772618716455e-01	3.009430569345519779e-01	1.914537429893657938e-01	8.905131186122285103e-02	4.072541720063471010e-02	1.008908706402300570e-01
2.104430042940048224e+03	1.710944309250925777e-01	1.054509496123956502e-01	3.010903376823950151e-01	1.915500780315248508e-01	8.910254604623119024e-02	4.075960596402539160e-02	1.009520517377096027e-01
2.109267813153704083e+03	1.708642347898090275e-01	1.052932607959018579e-01	3.012368211766575099e-01	1.916457658937071595e-01	8.915344854397949659e-02	4.079362520817141763e-02	1.010128435911478439e-01
2.114105583367359031e+03	1.706354263353149492e-01	1.051365051279952167e-01	3.013825108749293435e-01	1.917408120874786459e-01	8.920402143747244161e-02	4.082747506914312374e-02	1.010732490670405992e-01
2.118943353581013525e+03	1.704079972415023236e-01	1.049806769606538154e-01	3.015274102399807532e-01	1.918352220538150077e-01	8.925426679719195011e-02	4.086115570331066982e-02	1.011332710029198140e-01
2.123781123794669384e+03	1.701819392381787588e-01	1.048257706819561569e-01	3.016715227391764120e-01	1.919290011644027849e-01	8.930418668116402170e-02	4.089466728672538909e-02	1.011929122077708104e-01
2.128618894008324787e+03	1.699572441047617899e-01	1.046717807158112218e-01	3.018148518439056627e-01	1.920221547229106485e-01	8.935378313502533032e-02	4.092801001451630560e-02	1.012521754624433890e-01
2.133456664221980191e+03	1.697339036699750114e-01	1.045187015216914872e-01	3.019574010290279054e-01	1.921146879662321560e-01	8.940305819208971272e-02	4.096118410030146623e-02	1.013110635200565462e-01
2.138294434435635139e+03	1.695119098115465683e-01	1.043665275943687076e-01	3.020991737723330850e-01	1.922066060657005304e-01	8.945201387341447652e-02	4.099418977561379573e-02	1.013695791063971285e-01
2.143132204649290543e+03	1.692912544559092569e-01	1.042152534636524019e-01	3.022401735540169443e-01	1.922979141282760984e-01	8.950065218786645849e-02	4.102702728934105175e-02	1.014277249203120734e-01
2.147969974862945492e+03	1.690719295779031794e-01	1.040648736941312685e-01	3.023804038561704877e-01	1.923886171977072512e-01	8.954897513218795790e-02	4.105969690717961584e-02	1.014855036340944761e-01
2.152807745076601350e+03	1.688539272004799252e-01	1.039153828849169875e-01	3.025198681622837671e-01	1.924787202556657861e-01	8.959698469106247565e-02	4.109219891110184320e-02	1.015429178938634519e-01
2.157645515290255844e+03	1.686372393944089165e-01	1.037667756693908955e-01	3.026585699567628240e-01	1.925682282228570463e-01	8.964468283718025898e-02	4.112453359883657539e-02	1.015999703199377269e-01
2.162483285503912157e+03	1.684218582779857809e-01	1.036190467149531447e-01	3.027965127244605648e-01	1.926571459601055525e-01	8.969207153130352717e-02	4.115670128336258032e-02	1.016566635072031349e-01
2.167321055717567106e+03	1.682077760167425828e-01	1.034721907227743737e-01	3.029336999502202921e-01	1.927454782694168478e-01	8.973915272233166929e-02	4.118870229241456543e-02	1.017130000254739541e-01
2.172158825931222509e+03	1.679949848231598875e-01	1.033262024275500152e-01	3.030701351184322268e-01	1.928332298950162227e-01	8.978592834736612294e-02	4.122053696800157679e-02	1.017689824198482196e-01
2.176996596144877003e+03	1.677834769563810169e-01	1.031810765972569627e-01	3.032058217126022970e-01	1.929204055243645966e-01	8.983240033177500306e-02	4.125220566593735400e-02	1.018246132110570135e-01
2.181834366358532861e+03	1.675732447219278887e-01	1.030368080329127078e-01	3.033407632149332511e-01	1.930070097891525005e-01	8.987857058925763365e-02	4.128370875538246720e-02	1.018798948958077460e-01
2.186672136572187810e+03	1.673642804714188248e-01	1.028933915683368922e-01	3.034749631059175390e-01	1.930930472662725772e-01	8.992444102190874644e-02	4.131504661839795894e-02	1.019348299471216496e-01
2.191509906785843214e+03	1.671565766022883592e-01	1.027508220699151209e-01	3.036084248639416838e-01	1.931785224787709587e-01	8.997001352028245746e-02	4.134621964951015749e-02	1.019894208146654158e-01
2.196347676999498617e+03	1.669501255575086829e-01	1.026090944363653029e-01	3.037411519649022007e-01	1.932634398967782996e-01	9.001528996345611877e-02	4.137722825528647452e-02	1.020436699250770463e-01
2.201185447213154021e+03	1.667449198253130038e-01	1.024682035985060441e-01	3.038731478818325615e-01	1.933478039384207980e-01	9.006027221909378155e-02	4.140807285392188175e-02	1.020975796822861104e-01
2.206023217426809424e+03	1.665409519389206838e-01	1.023281445190274003e-01	3.040044160845403742e-01	1.934316189707118439e-01	9.010496214350961763e-02	4.143875387483583056e-02	1.021511524678284100e-01
2.210860987640464373e+03	1.663382144762643178e-01	1.021889121922639060e-01	3.041349600392560526e-01	1.935148893104245149e-01	9.014936158173086911e-02	4.146927175827942041e-02	1.022043906411550518e-01
2.215698757854119776e+03	1.661367000597182841e-01	1.020505016439696572e-01	3.042647832082910897e-01	1.935976192249456440e-01	9.019347236756075636e-02	4.149962695495244130e-02	1.022572965399362183e-01
2.220536528067775180e+03	1.659364013558293771e-01	1.019129079310956976e-01	3.043938890497063232e-01	1.936798129331118723e-01	9.023729632364106690e-02	4.152981992563022084e-02	1.023098724803594428e-01
2.225374298281430583e+03	1.657373110750489931e-01	1.017761261415693480e-01	3.045222810169905814e-01	1.937614746060277726e-01	9.028083526151450822e-02	4.155985114079997766e-02	1.023621207574227920e-01
2.230212068495085077e+03	1.655394219714670934e-01	1.016401513940758256e-01	3.046499625587480997e-01	1.938426083678670142e-01	9.032409098168676931e-02	4.158972108030637577e-02	1.024140436452227187e-01
2.235049838708740936e+03	1.653427268425479713e-01	1.015049788378417361e-01	3.047769371183960407e-01	1.939232182966565410e-01	9.036706527368842945e-02	4.161943023300621741e-02	1.024656433972369052e-01
2.239887608922396339e+03	1.651472185288675454e-01	1.013706036524207460e-01	3.049032081338706179e-01	1.940033084250444295e-01	9.040975991613656171e-02	4.164897909643192758e-02	1.025169222466020408e-01
2.244725379136052197e+03	1.649528899138524851e-01	1.012370210474810989e-01	3.050287790373422681e-01	1.940828827410515378e-01	9.045217667679605889e-02	4.167836817646369124e-02	1.025678824063867844e-01
2.249563149349706237e+03	1.647597339235210290e-01	1.011042262625953120e-01	3.051536532549393721e-01	1.941619451888076109e-01	9.049431731264076517e-02	4.170759798701004911e-02	1.026185260698597307e-01
2.254400919563362095e+03	1.645677435262254129e-01	1.009722145670316484e-01	3.052778342064809691e-01	1.942404996692720653e-01	9.053618356991433025e-02	4.173666904969666747e-02	1.026688554107527684e-01
2.259238689777017044e+03	1.643769117323958528e-01	1.008409812595475186e-01	3.054013253052170751e-01	1.943185500409397859e-01	9.057777718419079971e-02	4.176558189356320561e-02	1.027188725835196381e-01
2.264076459990672902e+03	1.641872315942863036e-01	1.007105216681848797e-01	3.055241299575773284e-01	1.943961001205323780e-01	9.061909988043498343e-02	4.179433705476797573e-02	1.027685797235900339e-01
2.268914230204327851e+03	1.639986962057219111e-01	1.005808311500673985e-01	3.056462515629275734e-01	1.944731536836750430e-01	9.066015337306254640e-02	4.182293507630029800e-02	1.028179789476190570e-01
2.273752000417983254e+03	1.638112987018478239e-01	1.004519050911995004e-01	3.057676935133342155e-01	1.945497144655596589e-01	9.070093936599982198e-02	4.185137650770031498e-02	1.028670723537324500e-01
2.278589770631638203e+03	1.636250322588798101e-01	1.003237389062671958e-01	3.058884591933358488e-01	1.946257861615941775e-01	9.074145955274340314e-02	4.187966190478610573e-02	1.029158620217672238e-01
2.283427540845293606e+03	1.634398900938564270e-01	1.001963280384407379e-01	3.060085519797223208e-01	1.947013724280386160e-01	9.078171561641944221e-02	4.190779182938793312e-02	1.029643500135082601e-01
2.288265311058949010e+03	1.632558654643926910e-01	1.000696679591789873e-01	3.061279752413209043e-01	1.947764768826283355e-01	9.082170922984272865e-02	4.193576684908944391e-02	1.030125383729206257e-01
2.293103081272604413e+03	1.630729516684353841e-01	9.994375416803559509e-02	3.062467323387895179e-01	1.948511031051842757e-01	9.086144205557551701e-02	4.196358753697563421e-02	1.030604291263778338e-01
2.297940851486259817e+03	1.628911420440197488e-01	9.981858219246679542e-02	3.063648266244166640e-01	1.949252546382109763e-01	9.090091574598602175e-02	4.199125447138750411e-02	1.031080242828860405e-01
2.302778621699914765e+03	1.627104299690280975e-01	9.969414758764102991e-02	3.064822614419280278e-01	1.949989349874824696e-01	9.094013194330673178e-02	4.201876823568308217e-02	1.031553258343042845e-01
2.307616391913570169e+03	1.625308088609495327e-01	9.957044593625009876e-02	3.065990401262996823e-01	1.950721476226162376e-01	9.097909227969239176e-02	4.204612941800484754e-02	1.032023357555609394e-01
2.312454162127225118e+03	1.623522721766413879e-01	9.944747284832206047e-02	3.067151660035772331e-01	1.951448959776356518e-01	9.101779837727780320e-02	4.207333861105328615e-02	1.032490560048663492e-01
2.317291932340880976e+03	1.621748134120921114e-01	9.932522396103568574e-02	3.068306423907015690e-01	1.952171834515209481e-01	9.105625184823529228e-02	4.210039641186645587e-02	1.032954885239216331e-01
2.322129702554535925e+03	1.619984261021858163e-01	9.920369493853660459e-02	3.069454725953404961e-01	1.952890134087493512e-01	9.109445429483195578e-02	4.212730342160540126e-02	1.033416352381240355e-01
2.326967472768191783e+03	1.618231038204679395e-01	9.908288147175495220e-02	3.070596599157260909e-01	1.953603891798241232e-01	9.113240730948662938e-02	4.215406024534534835e-02	1.033874980567685287e-01
2.331805242981846732e+03	1.616488401789127893e-01	9.896277927822465237e-02	3.071732076404977141e-01	1.954313140617933431e-01	9.117011247482662006e-02	4.218066749187244363e-02	1.034330788732460288e-01
2.336643013195502135e+03	1.614756288276922580e-01	9.884338410190411650e-02	3.072861190485510763e-01	1.955017913187580003e-01	9.120757136374409157e-02	4.220712577348596090e-02	1.034783795652381155e-01
2.341480783409156629e+03	1.613034634549461166e-01	9.872469171299867730e-02	3.073983974088920768e-01	1.955718241823701797e-01	9.124478553945235271e-02	4.223343570580584405e-02	1.035234019949084067e-01
2.346318553622812487e+03	1.611323377865537254e-01	9.860669790778431310e-02	3.075100459804966380e-01	1.956414158523213653e-01	9.128175655554165990e-02	4.225959790758542639e-02	1.035681480090905882e-01
2.351156323836467891e+03	1.609622455859071044e-01	9.848939850843299593e-02	3.076210680121751473e-01	1.957105694968209741e-01	9.131848595603493657e-02	4.228561300052925687e-02	1.036126194394732941e-01
2.355994094050123294e+03	1.607931806536855301e-01	9.837278936283939956e-02	3.077314667424423944e-01	1.957792882530655088e-01	9.135497527544322871e-02	4.231148160911579748e-02	1.036568181027817809e-01
2.360831864263778243e+03	1.606251368276315483e-01	9.825686634444923129e-02	3.078412453993920606e-01	1.958475752276985227e-01	9.139122603882070262e-02	4.233720436042506113e-02	1.037007458009564648e-01
2.365669634477433647e+03	1.604581079823281797e-01	9.814162535208878491e-02	3.079504072005763704e-01	1.959154334972613432e-01	9.142723976181964252e-02	4.236278188397084310e-02	1.037444043213284345e-01
2.370507404691088595e+03	1.602920880289777639e-01	9.802706230979602031e-02	3.080589553528899627e-01	1.959828661086352453e-01	9.146301795074500418e-02	4.238821481153764309e-02	1.037877954367919520e-01
2.375345174904743999e+03	1.601270709151820515e-01	9.791317316665303083e-02	3.081668930524588679e-01	1.960498760794746609e-01	9.149856210260874645e-02	4.241350377702203522e-02	1.038309209059741223e-01
2.380182945118399402e+03	1.599630506247236850e-01	9.779995389661988447e-02	3.082742234845337048e-01	1.961164663986322554e-01	9.153387370518396848e-02	4.243864941627838866e-02	1.038737824734015935e-01
2.385020715332054806e+03	1.598000211773489554e-01	9.768740049836979744e-02	3.083809498233870960e-01	1.961826400265755943e-01	9.156895423705868620e-02	4.246365236696889728e-02	1.039163818696644953e-01
2.389858485545710209e+03	1.596379766285520307e-01	9.757550899512566767e-02	3.084870752322155241e-01	1.962483998957956222e-01	9.160380516768937276e-02	4.248851326841776577e-02	1.039587208115775874e-01
2.394696255759364703e+03	1.594769110693605996e-01	9.746427543449798225e-02	3.085926028630449069e-01	1.963137489112073975e-01	9.163842795745433256e-02	4.251323276146946190e-02	1.040008010023388413e-01
2.399534025973020562e+03	1.593168186261225416e-01	9.735369588832398779e-02	3.086975358566411143e-01	1.963786899505430561e-01	9.167282405770671438e-02	4.253781148835092396e-02	1.040426241316851769e-01
2.404371796186675965e+03	1.591576934602941529e-01	9.724376645250812357e-02	3.088018773424233698e-01	1.964432258647372254e-01	9.170699491082721921e-02	4.256225009253764707e-02	1.040841918760457702e-01
2.409209566400331823e+03	1.589995297682296749e-01	9.713448324686384250e-02	3.089056304383820395e-01	1.965073594783049160e-01	9.174094195027673870e-02	4.258654921862353726e-02	1.041255058986927245e-01
2.414047336613986317e+03	1.588423217809719901e-01	9.702584241495659789e-02	3.090087982510001940e-01	1.965710935897124201e-01	9.177466660064848014e-02	4.261070951219447789e-02	1.041665678498893549e-01
2.418885106827641721e+03	1.586860637640447047e-01	9.691784012394813463e-02	3.091113838751783360e-01	1.966344309717409089e-01	9.180817027772006367e-02	4.263473161970542102e-02	1.042073793670359599e-01
2.423722877041296670e+03	1.585307500172455919e-01	9.681047256444200166e-02	3.092133903941634010e-01	1.966973743718431200e-01	9.184145438850524479e-02	4.265861618836106622e-02	1.042479420748131935e-01
