1.475519915164861459e+03	2.169527495302668030e-01	1.363838872263501145e-01	2.748501717611611106e-01	1.696576522562802669e-01	7.786723343186416346e-02	3.569774975826851826e-02	8.859055603517737576e-02
1.480357685378516862e+03	2.164441787491880320e-01	1.360381446869171063e-01	2.750924717372651429e-01	1.699688698066805781e-01	7.807933951723367016e-02	3.572901776086768316e-02	8.864797774121611906e-02
1.485195455592172038e+03	2.159387180286351238e-01	1.356947750360909810e-01	2.753349271406190790e-01	1.702745138243549616e-01	7.828081152851580626e-02	3.576018754542572425e-02	8.871606689572661408e-02
1.490033225805827215e+03	2.154363457000036397e-01	1.353537356999323094e-01	2.755774824075006291e-01	1.705748884341359850e-01	7.847277373337471773e-02	3.579134600690965506e-02	8.879342801751137493e-02
1.494870996019482618e+03	2.149370405049541299e-01	1.350149874709034303e-01	2.758200855846775768e-01	1.708702682654540950e-01	7.865621959072084668e-02	3.582256709670557371e-02	8.887883148595261684e-02
1.499708766233137567e+03	2.144407815620082425e-01	1.346784941266078450e-01	2.760626879995791705e-01	1.711609017799873567e-01	7.883202712983324034e-02	3.585391341482993544e-02	8.897119398652250655e-02
1.504546536446793198e+03	2.139475483369318309e-01	1.343442220932181408e-01	2.763052439667719185e-01	1.714470142111315099e-01	7.900097251885425387e-02	3.588543761306953184e-02	8.906956125939108349e-02
1.509384306660448374e+03	2.134573206164615544e-01	1.340121401483345132e-01	2.765477105265313762e-01	1.717288101609053264e-01	7.916374203586838687e-02	3.591718363135027597e-02	8.917309287991682931e-02
1.514222076874103550e+03	2.129700784849836159e-01	1.336822191586336528e-01	2.767900472117935107e-01	1.720064758945372974e-01	7.932094263066959139e-02	3.594918778700796624e-02	8.928104883174266260e-02
1.519059847087758726e+03	2.124858023038192212e-01	1.333544318482150770e-01	2.770322158402063750e-01	1.722801813682433014e-01	7.947311124317048281e-02	3.598147973431688879e-02	8.939277766139697157e-02
1.523897617301414357e+03	2.120044726928124179e-01	1.330287525940335169e-01	2.772741803283871875e-01	1.725500820215249975e-01	7.962072302486433717e-02	3.601408330958746906e-02	8.950770602815837085e-02
1.528735387515069533e+03	2.115260705139511144e-01	1.327051572452310479e-01	2.775159065258290814e-01	1.728163203616324695e-01	7.976419859250993838e-02	3.604701727534055655e-02	8.962532948487407503e-02
1.533573157728724709e+03	2.110505768567839946e-01	1.323836229635583783e-01	2.777573620662006637e-01	1.730790273645811950e-01	7.990391042799836752e-02	3.608029597547447037e-02	8.974520434477128994e-02
1.538410927942380113e+03	2.105779730254242199e-01	1.320641280824045860e-01	2.779985162340468108e-01	1.733383237142439581e-01	8.004018852494095004e-02	3.611392991193711904e-02	8.986694050637070164e-02
1.543248698156035516e+03	2.101082405269549813e-01	1.317466519822479976e-01	2.782393398451320499e-01	1.735943208985058217e-01	8.017332537067874132e-02	3.614792625217686656e-02	8.999019512367195661e-02
1.548086468369690692e+03	2.096413610610738110e-01	1.314311749805969209e-01	2.784798051388718831e-01	1.738471221792368127e-01	8.030358034196834194e-02	3.618228927555308672e-02	9.011466702206755164e-02
1.552924238583346096e+03	2.091773165108321286e-01	1.311176782347177605e-01	2.787198856814820935e-01	1.740968234508656343e-01	8.043118358338373353e-02	3.621702076592336894e-02	9.024009177216373023e-02
1.557762008797001272e+03	2.087160889343420700e-01	1.308061436556472446e-01	2.789595562786328364e-01	1.743435140005994421e-01	8.055633942934414815e-02	3.625212035677383149e-02	9.036623734402879360e-02
1.562599779010656675e+03	2.082576605573398798e-01	1.304965538321632978e-01	2.791987928965389276e-01	1.745872771817996161e-01	8.067922942350493065e-02	3.628758583450863995e-02	9.049290027351308829e-02
1.567437549224311852e+03	2.078020137665057554e-01	1.301888919635446618e-01	2.794375725905386965e-01	1.748281910106710968e-01	8.080001498292056772e-02	3.632341340485294168e-02	9.061990228033463268e-02
1.572275319437967255e+03	2.073491311034532658e-01	1.298831418000872540e-01	2.796758734403286262e-01	1.750663286952277575e-01	8.091883974880650920e-02	3.635959792673934543e-02	9.074708728472556662e-02
1.577113089651622431e+03	2.068989952593115744e-01	1.295792875904666075e-01	2.799136744911136510e-01	1.753017591044426227e-01	8.103583166080037536e-02	3.639613311753296665e-02	9.087431877570058270e-02
1.581950859865277607e+03	2.064515890698317424e-01	1.292773140351430594e-01	2.801509557000210204e-01	1.755345471845631000e-01	8.115110478727859122e-02	3.643301173299545725e-02	9.100147748953542337e-02
1.586788630078933011e+03	2.060068955109576605e-01	1.289772062451008949e-01	2.803876978872019143e-01	1.757647543287498004e-01	8.126476094045005649e-02	3.647022572498748172e-02	9.112845936192055796e-02
1.591626400292587959e+03	2.055648976948082074e-01	1.286789497052958919e-01	2.806238826911096607e-01	1.759924387054751793e-01	8.137689110156680339e-02	3.650776637955534254e-02	9.125517372155732276e-02
1.596464170506243590e+03	2.051255788660239221e-01	1.283825302422593184e-01	2.808594925275039733e-01	1.762176555504788578e-01	8.148757667860725973e-02	3.654562443773536062e-02	9.138154169675977156e-02
1.601301940719898766e+03	2.046889223984368622e-01	1.280879339953717999e-01	2.810945105517824727e-01	1.764404574265135972e-01	8.159689061615554850e-02	3.658379020113430857e-02	9.150749480997384666e-02
1.606139710933553943e+03	2.042549117920271495e-01	1.277951473913772618e-01	2.813289206242863827e-01	1.766608944546185778e-01	8.170489837487737717e-02	3.662225362410127111e-02	9.163297373808042268e-02
1.610977481147209119e+03	2.038235306701337013e-01	1.275041571217576664e-01	2.815627072782677098e-01	1.768790145202183972e-01	8.181165879594422263e-02	3.666100439409209627e-02	9.175792721895460746e-02
1.615815251360864750e+03	2.033947627768913080e-01	1.272149501226344237e-01	2.817958556902414591e-01	1.770948634569591285e-01	8.191722486394968639e-02	3.670003200163839130e-02	9.188231108705401107e-02
1.620653021574519926e+03	2.029685919748679401e-01	1.269275135569011004e-01	2.820283516524778600e-01	1.773084852108509635e-01	8.202164438026718352e-02	3.673932580116655994e-02	9.200608742283683528e-02
1.625490791788175102e+03	2.025450022428809949e-01	1.266418347983270243e-01	2.822601815474174991e-01	1.775199219869864342e-01	8.212496055739072764e-02	3.677887506376493337e-02	9.212922380260082922e-02
1.630328562001830505e+03	2.021239776739721938e-01	1.263579014174020243e-01	2.824913323238171237e-01	1.777292143808369418e-01	8.222721254355959408e-02	3.681866902286747706e-02	9.225169263691304633e-02
1.635166332215485909e+03	2.017055024735241453e-01	1.260757011687194118e-01	2.827217914744550309e-01	1.779364014958957352e-01	8.232843588587217265e-02	3.685869691370799450e-02	9.237347058719391768e-02
1.640004102429141085e+03	2.012895609575029443e-01	1.257952219797182913e-01	2.829515470152451084e-01	1.781415210492285073e-01	8.242866293912830267e-02	3.689894800729773966e-02	9.249453805124750738e-02
1.644841872642796488e+03	2.008761375508134051e-01	1.255164519406274104e-01	2.831805874656248001e-01	1.783446094663107551e-01	8.252792322678680070e-02	3.693941163959033047e-02	9.261487870961492008e-02
1.649679642856451665e+03	2.004652167857550737e-01	1.252393792954708818e-01	2.834089018300975371e-01	1.785457019663688749e-01	8.262624375967285439e-02	3.698007723641912742e-02	9.273447912558401007e-02
1.654517413070107068e+03	2.000567833005680862e-01	1.249639924340130159e-01	2.836364795808241634e-01	1.787448326393006048e-01	8.272364931740669447e-02	3.702093433472303241e-02	9.285332839253272741e-02
1.659355183283762244e+03	1.996508218380596555e-01	1.246902798845335447e-01	2.838633106411679874e-01	1.789420345151244707e-01	8.282016269693913413e-02	3.706197260051553172e-02	9.297141782302803525e-02
1.664192953497417420e+03	1.992473172443028906e-01	1.244182303073375906e-01	2.840893853701098593e-01	1.791373396267974538e-01	8.291580493206360258e-02	3.710318184399766933e-02	9.308874067475923775e-02
1.669030723711072824e+03	1.988462544674006738e-01	1.241478324889156576e-01	2.843146945474591680e-01	1.793307790671419266e-01	8.301059548731849758e-02	3.714455203216825152e-02	9.320529190896413574e-02
1.673868493924728000e+03	1.984476185563077422e-01	1.238790753366790509e-01	2.845392293597922562e-01	1.795223830405373311e-01	8.310455242929158659e-02	3.718607329924254051e-02	9.332106797751778260e-02
1.678706264138383403e+03	1.980513946597057540e-01	1.236119478742048888e-01	2.847629813870603543e-01	1.797121809099551382e-01	8.319769257798377560e-02	3.722773595515367628e-02	9.343606663530469592e-02
1.683544034352038352e+03	1.976575680249257061e-01	1.233464392369323370e-01	2.849859425898129128e-01	1.799002012398491224e-01	8.329003164057659225e-02	3.726953049237834853e-02	9.355028677489329869e-02
1.688381804565693983e+03	1.972661239969135116e-01	1.230825386682589950e-01	2.852081052969887009e-01	1.800864718353531457e-01	8.338158432967181233e-02	3.731144759129958327e-02	9.366372828088259661e-02
1.693219574779349159e+03	1.968770480172344628e-01	1.228202355159917630e-01	2.854294621942325971e-01	1.802710197781869361e-01	8.347236446782786701e-02	3.735347812429391789e-02	9.377639190160087790e-02
1.698057344993004335e+03	1.964903256231132489e-01	1.225595192291124985e-01	2.856500063126988231e-01	1.804538714596233273e-01	8.356238508000313203e-02	3.739561315870804092e-02	9.388827913610933718e-02
1.702895115206659511e+03	1.961059424465063372e-01	1.223003793548227275e-01	2.858697310183073159e-01	1.806350526108305432e-01	8.365165847532660126e-02	3.743784395887005123e-02	9.399939213470488719e-02
1.707732885420315142e+03	1.957238842132034973e-01	1.220428055358365876e-01	2.860886300014214290e-01	1.808145883308660828e-01	8.374019631944903952e-02	3.748016198726313031e-02	9.410973361132875248e-02
1.712570655633970318e+03	1.953441367419566366e-01	1.217867875078939566e-01	2.863066972669198185e-01	1.809925031125678985e-01	8.382800969858031359e-02	3.752255890497408625e-02	9.421930676647580216e-02
1.717408425847625494e+03	1.949666859436332556e-01	1.215323150974698119e-01	2.865239271246368680e-01	1.811688208665602484e-01	8.391510917618848209e-02	3.756502657151558622e-02	9.432811521936422527e-02
1.722246196061280898e+03	1.945915178203925233e-01	1.212793782196581321e-01	2.867403141801492250e-01	1.813435649435660990e-01	8.400150484322133071e-02	3.760755704410912587e-02	9.443616294827206215e-02
1.727083966274936301e+03	1.942186184648825031e-01	1.210279668762112015e-01	2.869558533258875221e-01	1.815167581551972165e-01	8.408720636260978709e-02	3.765014257650498714e-02	9.454345423807526683e-02
1.731921736488591478e+03	1.938479740594566958e-01	1.207780711537176505e-01	2.871705397325555187e-01	1.816884227933727725e-01	8.417222300872304053e-02	3.769277561740638771e-02	9.464999363413638400e-02
1.736759506702246881e+03	1.934795708754086241e-01	1.205296812219044111e-01	2.873843688408381780e-01	1.818585806485011336e-01	8.425656370236676851e-02	3.773544880855679573e-02	9.475578590179253857e-02
1.741597276915902057e+03	1.931133952722231262e-01	1.202827873320491958e-01	2.875973363533847471e-01	1.820272530265430455e-01	8.434023704184592796e-02	3.777815498254194493e-02	9.486083599078042050e-02
1.746435047129557461e+03	1.927494336968432198e-01	1.200373798154922567e-01	2.878094382270517948e-01	1.821944607650629877e-01	8.442325133055232633e-02	3.782088716035212489e-02	9.496514900401373249e-02
1.751272817343212637e+03	1.923876726829515382e-01	1.197934490822367137e-01	2.880206706653935522e-01	1.823602242483617908e-01	8.450561460148303672e-02	3.786363854874428420e-02	9.506873017019754069e-02
1.756110587556867813e+03	1.920280988502656716e-01	1.195509856196286941e-01	2.882310301113875095e-01	1.825245634217746715e-01	8.458733463904802297e-02	3.790640253743894628e-02	9.517158481982494755e-02
1.760948357770523216e+03	1.916706989038459985e-01	1.193099799911091358e-01	2.884405132403847216e-01	1.826874978052087650e-01	8.466841899848312480e-02	3.794917269618221928e-02	9.527371836415446382e-02
1.765786127984178393e+03	1.913154596334161461e-01	1.190704228350299571e-01	2.886491169532746093e-01	1.828490465059863235e-01	8.474887502314712440e-02	3.799194277169960776e-02	9.537513627681468154e-02
1.770623898197833569e+03	1.909623679126943585e-01	1.188323048635285678e-01	2.888568383698546516e-01	1.830092282310527563e-01	8.482870985994940549e-02	3.803470668456489928e-02	9.547584407772376214e-02
1.775461668411488745e+03	1.906114106987361334e-01	1.185956168614549083e-01	2.890636748223970875e-01	1.831680612986023304e-01	8.490793047312525377e-02	3.807745852600431108e-02	9.557584731904845976e-02
1.780299438625144376e+03	1.902625750312871566e-01	1.183603496853460751e-01	2.892696238494032457e-01	1.833255636491681884e-01	8.498654365655039511e-02	3.812019255465358414e-02	9.567515157295983230e-02
1.785137208838799552e+03	1.899158480321458398e-01	1.181264942624442593e-01	2.894746831895404493e-01	1.834817528562189826e-01	8.506455604476409471e-02	3.816290319328342895e-02	9.577376242097139503e-02
1.789974979052454728e+03	1.895712169045355999e-01	1.178940415897539035e-01	2.896788507757517839e-01	1.836366461362999858e-01	8.514197412284986444e-02	3.820558502550651381e-02	9.587168544467077058e-02
1.794812749266109904e+03	1.892286689324857440e-01	1.176629827331349132e-01	2.898821247295341741e-01	1.837902603587518724e-01	8.521880423530593662e-02	3.824823279247768770e-02	9.596892621767812159e-02
1.799650519479765535e+03	1.888881914802212070e-01	1.174333088264283287e-01	2.900845033553781094e-01	1.839426120550380350e-01	8.529505259402116180e-02	3.829084138959723549e-02	9.606549029868435841e-02
1.804488289693420711e+03	1.885497719915605608e-01	1.172050110706123194e-01	2.902859851353630227e-01	1.840937174277074151e-01	8.537072528545956718e-02	3.833340586322584592e-02	9.616138322543969774e-02
1.809326059907075887e+03	1.882133979893219067e-01	1.169780807329855732e-01	2.904865687239033822e-01	1.842435923590171609e-01	8.544582827714372608e-02	3.837592140741866165e-02	9.625661050957795561e-02
1.814163830120731291e+03	1.878790570747364830e-01	1.167525091463762210e-01	2.906862529426400554e-01	1.843922524192378176e-01	8.552036742351716569e-02	3.841838336068468390e-02	9.635117763217600217e-02
1.819001600334386467e+03	1.875467369268695172e-01	1.165282877083741592e-01	2.908850367754722277e-01	1.845397128746601723e-01	8.559434847125610424e-02	3.846078720277690960e-02	9.644509003995926921e-02
1.823839370548041643e+03	1.872164253020486557e-01	1.163054078805851321e-01	2.910829193637258783e-01	1.846859886953226837e-01	8.566777706409321735e-02	3.850312855151771796e-02	9.653835314207513674e-02
1.828677140761696819e+03	1.868881100332988321e-01	1.160838611879050492e-01	2.912799000014530404e-01	1.848310945624751511e-01	8.574065874720798730e-02	3.854540315966339253e-02	9.663097230736490684e-02
1.833514910975352450e+03	1.865617790297842138e-01	1.158636392178130636e-01	2.914759781308599029e-01	1.849750448757939980e-01	8.581299897123265130e-02	3.858760691181094271e-02	9.672295286207355236e-02
1.838352681189008081e+03	1.862374202762566155e-01	1.156447336196822495e-01	2.916711533378574805e-01	1.851178537603624386e-01	8.588480309591636774e-02	3.862973582134983375e-02	9.681430008794335296e-02
1.843190451402663257e+03	1.859150218325099913e-01	1.154271361041068061e-01	2.918654253477329652e-01	1.852595350734279889e-01	8.595607639348548656e-02	3.867178602746081106e-02	9.690501922064433116e-02
1.848028221616318433e+03	1.855945718328415872e-01	1.152108384422445841e-01	2.920587940209370403e-01	1.854001024109485918e-01	8.602682405173356361e-02	3.871375379216358131e-02	9.699511544849949429e-02
1.852865991829973609e+03	1.852760584855187298e-01	1.149958324651743080e-01	2.922512593489842159e-01	1.855395691139376801e-01	8.609705117687053988e-02	3.875563549741465469e-02	9.708459391146824491e-02
1.857703762043628785e+03	1.849594700722517193e-01	1.147821100632664543e-01	2.924428214504633528e-01	1.856779482746178100e-01	8.616676279615716194e-02	3.879742764225643098e-02	9.717345970035544400e-02
1.862541532257283961e+03	1.846447949476721084e-01	1.145696631855672304e-01	2.926334805671537698e-01	1.858152527423913292e-01	8.623596386034793060e-02	3.883912684001828569e-02	9.726171785621777477e-02
1.867379302470939592e+03	1.843320215388170591e-01	1.143584838391949049e-01	2.928232370602454337e-01	1.859514951296364071e-01	8.630465924596260330e-02	3.888072981557013502e-02	9.734937336994194113e-02
1.872217072684594768e+03	1.840211383446186955e-01	1.141485640887477948e-01	2.930120914066596249e-01	1.860866878173360051e-01	8.637285375740483273e-02	3.892223340262884052e-02	9.743643118197273245e-02
1.877054842898249490e+03	1.837121339353991745e-01	1.139398960557235774e-01	2.932000441954672465e-01	1.862208429605461679e-01	8.644055212894327656e-02	3.896363454111752972e-02	9.752289618217156730e-02
1.881892613111905121e+03	1.834049969523707524e-01	1.137324719179492738e-01	2.933870961244023357e-01	1.863539724937108011e-01	8.650775902656972216e-02	3.900493027457784673e-02	9.760877320978789129e-02
1.886730383325560297e+03	1.830997161071410417e-01	1.135262839090214887e-01	2.935732479964675012e-01	1.864860881358283429e-01	8.657447904974650832e-02	3.904611774763487586e-02	9.769406705352889908e-02
1.891568153539215928e+03	1.827962801812232363e-01	1.133213243177564888e-01	2.937585007166299556e-01	1.866172013954762177e-01	8.664071673305442922e-02	3.908719420351454421e-02	9.777878245171374438e-02
1.896405923752871104e+03	1.824946780255514156e-01	1.131175854876497744e-01	2.939428552886046986e-01	1.867473235756983985e-01	8.670647654775059943e-02	3.912815698161299649e-02	9.786292409250083035e-02
1.901243693966526507e+03	1.821948985600004012e-01	1.129150598163446706e-01	2.941263128117224124e-01	1.868764657787605477e-01	8.677176290324534191e-02	3.916900351511760220e-02	9.794649661417778597e-02
1.906081464180181683e+03	1.818969307729105811e-01	1.127137397551098291e-01	2.943088744778807886e-01	1.870046389107780649e-01	8.683658014850549611e-02	3.920973132867888039e-02	9.802950460550513556e-02
1.910919234393836859e+03	1.816007637206172864e-01	1.125136178083251393e-01	2.944905415685760697e-01	1.871318536862208171e-01	8.690093257339100152e-02	3.925033803613292571e-02	9.811195260610561242e-02
1.915757004607492036e+03	1.813063865269845809e-01	1.123146865329758132e-01	2.946713154520131384e-01	1.872581206322988523e-01	8.696482440993083540e-02	3.929082133827346140e-02	9.819384510689216361e-02
1.920594774821147894e+03	1.810137883829438243e-01	1.121169385381546035e-01	2.948511975802919904e-01	1.873834500932331504e-01	8.702825983354366135e-02	3.933117902067297111e-02	9.827518655052869256e-02
1.925432545034802843e+03	1.807229585460363441e-01	1.119203664845713903e-01	2.950301894866684815e-01	1.875078522344149345e-01	8.709124296420790723e-02	3.937140895155211151e-02	9.835598133191773840e-02
1.930270315248458019e+03	1.804338863399605475e-01	1.117249630840706637e-01	2.952082927828875714e-01	1.876313370464572083e-01	8.715377786758546352e-02	3.941150907969660777e-02	9.843623379871083157e-02
1.935108085462113195e+03	1.801465611541233081e-01	1.115307210991559606e-01	2.953855091565869007e-01	1.877539143491416818e-01	8.721586855610295730e-02	3.945147743242090332e-02	9.851594825183718207e-02
1.939945855675768371e+03	1.798609724431954049e-01	1.113376333425215164e-01	2.955618403687694240e-01	1.878755937952642230e-01	8.727751898999365487e-02	3.949131211357773119e-02	9.859512894604693933e-02
1.944783625889424002e+03	1.795771097266712357e-01	1.111456926765907738e-01	2.957372882513422119e-01	1.879963848743825550e-01	8.733873307830318511e-02	3.953101130161271182e-02	9.867378009046624820e-02
1.949621396103079178e+03	1.792949625884323328e-01	1.109548920130615651e-01	2.959118547047210335e-01	1.881162969164680288e-01	8.739951467986178946e-02	3.957057324766332512e-02	9.875190584916093695e-02
1.954459166316734354e+03	1.790145206763150698e-01	1.107652243124579855e-01	2.960855416954978891e-01	1.882353390954651096e-01	8.745986760422515272e-02	3.960999627370122289e-02	9.882951034170661675e-02
1.959296936530389530e+03	1.787357737016822268e-01	1.105766825836883849e-01	2.962583512541707709e-01	1.883535204327609902e-01	8.751979561258642348e-02	3.964927877071715984e-02	9.890659764376313889e-02
1.964134706744044706e+03	1.784587114389982188e-01	1.103892598836098971e-01	2.964302854729331527e-01	1.884708498005678023e-01	8.757930241866086762e-02	3.968841919694771764e-02	9.898317178765145274e-02
1.968972476957700337e+03	1.781833237254082658e-01	1.102029493165988111e-01	2.966013465035225449e-01	1.885873359252200621e-01	8.763839168954518088e-02	3.972741607614289905e-02	9.905923676293140745e-02
1.973810247171355968e+03	1.779096004603214209e-01	1.100177440341269797e-01	2.967715365551255591e-01	1.887029873903895705e-01	8.769706704655282070e-02	3.976626799587389821e-02	9.913479651697891526e-02
1.978648017385010689e+03	1.776375316049969844e-01	1.098336372343441669e-01	2.969408578923393716e-01	1.888178126402202395e-01	8.775533206602680047e-02	3.980497360588004102e-02	9.920985495556156053e-02
1.983485787598666320e+03	1.773671071821346368e-01	1.096506221616658505e-01	2.971093128331868671e-01	1.889318199823848965e-01	8.781319028013119532e-02	3.984353161645425717e-02	9.928441594341151644e-02
1.988323557812321269e+03	1.770983172754682367e-01	1.094686921063667689e-01	2.972769037471845732e-01	1.890450175910663166e-01	8.787064517762248339e-02	3.988194079686617488e-02	9.935848330479468693e-02
1.993161328025976900e+03	1.768311520293630035e-01	1.092878404041798812e-01	2.974436330534623862e-01	1.891574135098644527e-01	8.792770020460166647e-02	3.992019997382207502e-02	9.943206082407572699e-02
1.997999098239632076e+03	1.765656016484163093e-01	1.091080604359006695e-01	2.976095032189333689e-01	1.892690156546318614e-01	8.798435876524818289e-02	3.995830802996089282e-02	9.950515224627792810e-02
2.002836868453287707e+03	1.763016563970615513e-01	1.089293456269966182e-01	2.977745167565120088e-01	1.893798318162394634e-01	8.804062422253647324e-02	3.999626390238552459e-02	9.957776127763759422e-02
2.007674638666942428e+03	1.760393065991757988e-01	1.087516894472219386e-01	2.979386762233806052e-01	1.894898696632740520e-01	8.809649989893576782e-02	4.003406658122862088e-02	9.964989158615250586e-02
2.012512408880597604e+03	1.757785426376904658e-01	1.085750854102371654e-01	2.981019842193015634e-01	1.895991367446698828e-01	8.815198907709409504e-02	4.007171510825219274e-02	9.972154680212395872e-02
2.017350179094252780e+03	1.755193549542053422e-01	1.083995270732338034e-01	2.982644433849753196e-01	1.897076404922757309e-01	8.820709500050682994e-02	4.010920857548021939e-02	9.979273051869212707e-02
2.022187949307908411e+03	1.752617340486058439e-01	1.082250080365637912e-01	2.984260564004418970e-01	1.898153882233591661e-01	8.826182087417067113e-02	4.014654612386352878e-02	9.986344629236443282e-02
2.027025719521564042e+03	1.750056704786834838e-01	1.080515219433736407e-01	2.985868259835258720e-01	1.899223871430497923e-01	8.831616986522330959e-02	4.018372694197630546e-02	9.993369764353690621e-02
2.031863489735218764e+03	1.747511548597593667e-01	1.078790624792432817e-01	2.987467548883224744e-01	1.900286443467231745e-01	8.837014510356951125e-02	4.022075026474344894e-02	1.000034880570080803e-01
2.036701259948874394e+03	1.744981778643107384e-01	1.077076233718294307e-01	2.989058459037249871e-01	1.901341668223265335e-01	8.842374968249397393e-02	4.025761537219810920e-02	1.000728209824855580e-01
2.041539030162529116e+03	1.742467302216008929e-01	1.075371983905134693e-01	2.990641018519917260e-01	1.902389614526482087e-01	8.847698665926133355e-02	4.029432158826876109e-02	1.001416998350849880e-01
2.046376800376184747e+03	1.739968027173116605e-01	1.073677813460537228e-01	2.992215255873514890e-01	1.903430350175320251e-01	8.852985905570387448e-02	4.033086827959512372e-02	1.002101279958214908e-01
2.051214570589840150e+03	1.737483861931791995e-01	1.071993660902420126e-01	2.993781199946470295e-01	1.904463941960382878e-01	8.858236985879718028e-02	4.036725485437224481e-02	1.002781088120934666e-01
2.056052340803495554e+03	1.735014715466325075e-01	1.070319465155644828e-01	2.995338879880150018e-01	1.905490455685523721e-01	8.863452202122408530e-02	4.040348076122219495e-02	1.003456455981587558e-01
2.060890111017150957e+03	1.732560497304348746e-01	1.068655165548665492e-01	2.996888325096020433e-01	1.906509956188427168e-01	8.868631846192741308e-02	4.043954548809265692e-02	1.004127416356031671e-01
2.065727881230805451e+03	1.730121117523283625e-01	1.067000701810219554e-01	2.998429565283151632e-01	1.907522507360691066e-01	8.873776206665155708e-02	4.047544856118184126e-02	1.004794001738014697e-01
2.070565651444461309e+03	1.727696486746807814e-01	1.065356014066058538e-01	2.999962630386067697e-01	1.908528172167427428e-01	8.878885568847343090e-02	4.051118954388915894e-02	1.005456244303706836e-01
2.075403421658116713e+03	1.725286516141356918e-01	1.063721042835718139e-01	3.001487550592925602e-01	1.909527012666393797e-01	8.883960214832294089e-02	4.054676803579100597e-02	1.006114175916160286e-01
2.080241191871772116e+03	1.722891117412651829e-01	1.062095729029326752e-01	3.003004356324014967e-01	1.910519090026663869e-01	8.889000423549324459e-02	4.058218367164110468e-02	1.006767828129692954e-01
2.085078962085427065e+03	1.720510202802251198e-01	1.060480013944452710e-01	3.004513078220576450e-01	1.911504464546854576e-01	8.894006470814112830e-02	4.061743612039486750e-02	1.007417232194198625e-01
2.089916732299082469e+03	1.718143685084132510e-01	1.058873839262987754e-01	3.006013747133925440e-01	1.912483195672915193e-01	8.898978629377765626e-02	4.065252508425720029e-02	1.008062419059384401e-01
2.094754502512737417e+03	1.715791477561299516e-01	1.057277147048068522e-01	3.007506394114871084e-01	1.913455342015493721e-01	8.903917168974932739e-02	4.068745029775321792e-02	1.008703419378935984e-01
2.099592272726392821e+03	1.713453494062415206e-01	1.055689879741033149e-01	3.008991050403431178e-01	1.914420961366889162e-01	8.908822356371005891e-02	4.072221152682137940e-02	1.009340263514611202e-01
2.104430042940048224e+03	1.711129648938460868e-01	1.054111980158413953e-01	3.010467747418830164e-01	1.915380110717600504e-01	8.913694455408412154e-02	4.075680856792843199e-02	1.009972981540263465e-01
2.109267813153704083e+03	1.708819857059421521e-01	1.052543391488964947e-01	3.011936516749769699e-01	1.916332846272483237e-01	8.918533727052019300e-02	4.079124124720579642e-02	1.010601603245795815e-01
2.114105583367359031e+03	1.706524033810994656e-01	1.050984057290722806e-01	3.013397390144973431e-01	1.917279223466522575e-01	8.923340429433676557e-02	4.082550941960675500e-02	1.011226158141046161e-01
2.118943353581013525e+03	1.704242095091325904e-01	1.049433921488102800e-01	3.014850399503993805e-01	1.918219296980233357e-01	8.928114817895924094e-02	4.085961296808410942e-02	1.011846675459606437e-01
2.123781123794669384e+03	1.701973957307767460e-01	1.047892928369026505e-01	3.016295576868269213e-01	1.919153120754696351e-01	8.932857145034862889e-02	4.089355180278769764e-02	1.012463184162573637e-01
2.128618894008324787e+03	1.699719537373662881e-01	1.046361022582083661e-01	3.017732954412437052e-01	1.920080748006239291e-01	8.937567660742221087e-02	4.092732586028142994e-02	1.013075712942237000e-01
2.133456664221980191e+03	1.697478752705154081e-01	1.044838149133723859e-01	3.019162564435891039e-01	1.921002231240771518e-01	8.942246612246626536e-02	4.096093510277928895e-02	1.013684290225700668e-01
2.138294434435635139e+03	1.695251521218013868e-01	1.043324253385482653e-01	3.020584439354564998e-01	1.921917622267782233e-01	8.946894244154113274e-02	4.099437951739991898e-02	1.014288944178442786e-01
2.143132204649290543e+03	1.693037761324498736e-01	1.041819281051235557e-01	3.021998611692960357e-01	1.922826972214010666e-01	8.951510798487856413e-02	4.102765911543937438e-02	1.014889702707812841e-01
2.147969974862945492e+03	1.690837391930230249e-01	1.040323178194484666e-01	3.023405114076388456e-01	1.923730331536792904e-01	8.956096514727171498e-02	4.106077393166158301e-02	1.015486593466468357e-01
2.152807745076601350e+03	1.688650332431094192e-01	1.038835891225674546e-01	3.024803979223439354e-01	1.924627750037099516e-01	8.960651629845792221e-02	4.109372402360609439e-02	1.016079643855751086e-01
2.157645515290255844e+03	1.686476502710164971e-01	1.037357366899537281e-01	3.026195239938655468e-01	1.925519276872266483e-01	8.965176378349419550e-02	4.112650947091277265e-02	1.016668881029005045e-01
2.162483285503912157e+03	1.684315823134653334e-01	1.035887552312467069e-01	3.027578929105425032e-01	1.926404960568428859e-01	8.969670992312593627e-02	4.115913037466296248e-02	1.017254331894836133e-01
2.167321055717567106e+03	1.682168214552873520e-01	1.034426394899923413e-01	3.028955079679067075e-01	1.927284849032666059e-01	8.974135701414859279e-02	4.119158685673682957e-02	1.017836023120315264e-01
2.172158825931222509e+03	1.680033598291235386e-01	1.032973842433860812e-01	3.030323724680121233e-01	1.928158989564862924e-01	8.978570732976284829e-02	4.122387905918643847e-02	1.018413981134126262e-01
2.176996596144877003e+03	1.677911896151255966e-01	1.031529843020188852e-01	3.031684897187828520e-01	1.929027428869296845e-01	8.982976311992296736e-02	4.125600714362420013e-02	1.018988232129657973e-01
2.181834366358532861e+03	1.675803030406594063e-01	1.030094345096256858e-01	3.033038630333794727e-01	1.929890213065955651e-01	8.987352661167904988e-02	4.128797129062639071e-02	1.019558802068044057e-01
2.186672136572187810e+03	1.673706923800105384e-01	1.028667297428366850e-01	3.034384957295846452e-01	1.930747387701592654e-01	8.991700000951263760e-02	4.131977169915129061e-02	1.020125716681148931e-01
2.191509906785843214e+03	1.671623499540919600e-01	1.027248649109312184e-01	3.035723911292055877e-01	1.931598997760528291e-01	8.996018549566640876e-02	4.135140858597174257e-02	1.020689001474503338e-01
2.196347676999498617e+03	1.669552681301535724e-01	1.025838349555941859e-01	3.037055525574942627e-01	1.932445087675200013e-01	9.000308523046766929e-02	4.138288218512162220e-02	1.021248681730187596e-01
2.201185447213154021e+03	1.667494393214942749e-01	1.024436348506751748e-01	3.038379833425847720e-01	1.933285701336471818e-01	9.004570135264591824e-02	4.141419274735604755e-02	1.021804782509666831e-01
2.206023217426809424e+03	1.665448559871756662e-01	1.023042596019498596e-01	3.039696868149468489e-01	1.934120882103705363e-01	9.008803597964470944e-02	4.144534053962492526e-02	1.022357328656575831e-01
2.210860987640464373e+03	1.663415106317377989e-01	1.021657042468840787e-01	3.041006663068553939e-01	1.934950672814599593e-01	9.013009120792762896e-02	4.147632584455952093e-02	1.022906344799457828e-01
2.215698757854119776e+03	1.661393958049172392e-01	1.020279638544002443e-01	3.042309251518758861e-01	1.935775115794806100e-01	9.017186911327887411e-02	4.150714895997181103e-02	1.023451855354454570e-01
2.220536528067775180e+03	1.659385041013668183e-01	1.018910335246461657e-01	3.043604666843650053e-01	1.936594252867325228e-01	9.021337175109822581e-02	4.153781019836622762e-02	1.023993884527951426e-01
2.225374298281430583e+03	1.657388281603773827e-01	1.017549083887662187e-01	3.044892942389859636e-01	1.937408125361685385e-01	9.025460115669069194e-02	4.156830988646357389e-02	1.024532456319176971e-01
2.230212068495085077e+03	1.655403606656015714e-01	1.016195836086748600e-01	3.046174111502384374e-01	1.938216774122915598e-01	9.029555934555089092e-02	4.159864836473681216e-02	1.025067594522758863e-01
2.235049838708740936e+03	1.653430943447796175e-01	1.014850543768324315e-01	3.047448207520025432e-01	1.939020239520313216e-01	9.033624831364227281e-02	4.162882598695841208e-02	1.025599322731235025e-01
2.239887608922396339e+03	1.651470219694666230e-01	1.013513159160231991e-01	3.048715263770964135e-01	1.939818561456011781e-01	9.037667003767128893e-02	4.165884311975904392e-02	1.026127664337523893e-01
2.244725379136052197e+03	1.649521363547623021e-01	1.012183634791355563e-01	3.049975313568474844e-01	1.940611779373357937e-01	9.041682647535662087e-02	4.168870014219726999e-02	1.026652642537351362e-01
2.249563149349706237e+03	1.647584303590421684e-01	1.010861923489445591e-01	3.051228390206765506e-01	1.941399932265094608e-01	9.045671956569348304e-02	4.171839744534012323e-02	1.027174280331638184e-01
2.254400919563362095e+03	1.645658968836907210e-01	1.009547978378964733e-01	3.052474526956946987e-01	1.942183058681363483e-01	9.049635122921320662e-02	4.174793543185408018e-02	1.027692600528846145e-01
2.259238689777017044e+03	1.643745288728364062e-01	1.008241752878954733e-01	3.053713757063126200e-01	1.942961196737525154e-01	9.053572336823818845e-02	4.177731451560642850e-02	1.028207625747284970e-01
2.264076459990672902e+03	1.641843193130885226e-01	1.006943200700924912e-01	3.054946113738616353e-01	1.943734384121804659e-01	9.057483786713223239e-02	4.180653512127664728e-02	1.028719378417381897e-01
2.268914230204327851e+03	1.639952612332757353e-01	1.005652275846760368e-01	3.056171630162268782e-01	1.944502658102764958e-01	9.061369659254636666e-02	4.183559768397759199e-02	1.029227880783911003e-01
2.273752000417983254e+03	1.638073477041865900e-01	1.004368932606651416e-01	3.057390339474917451e-01	1.945266055536614136e-01	9.065230139366028950e-02	4.186450264888625511e-02	1.029733154908188120e-01
2.278589770631638203e+03	1.636205718383115237e-01	1.003093125557041609e-01	3.058602274775937269e-01	1.946024612874347748e-01	9.069065410241952674e-02	4.189325047088388043e-02	1.030235222670227296e-01
2.283427540845293606e+03	1.634349267895868207e-01	1.001824809558597013e-01	3.059807469119905643e-01	1.946778366168734342e-01	9.072875653376832883e-02	4.192184161420521582e-02	1.030734105770862441e-01
2.288265311058949010e+03	1.632504057531403430e-01	1.000563939754193915e-01	3.061005955513376176e-01	1.947527351081144720e-01	9.076661048587846004e-02	4.195027655209666861e-02	1.031229825733833982e-01
2.293103081272604413e+03	1.630670019650387326e-01	9.993104715669258453e-02	3.062197766911750607e-01	1.948271602888228538e-01	9.080421774037387983e-02	4.197855576648318321e-02	1.031722403907841118e-01
2.297940851486259817e+03	1.628847087020364459e-01	9.980643606981294547e-02	3.063382936216253460e-01	1.949011156488445751e-01	9.084158006255144135e-02	4.200667974764359103e-02	1.032211861468560338e-01
2.302778621699914765e+03	1.627035192813267306e-01	9.968255631254292759e-02	3.064561496271004937e-01	1.949746046408450950e-01	9.087869920159774573e-02	4.203464899389428716e-02	1.032698219420630781e-01
2.307616391913570169e+03	1.625234270602936848e-01	9.955940351008003841e-02	3.065733479860188737e-01	1.950476306809339477e-01	9.091557689080213833e-02	4.206246401128097695e-02	1.033181498599607534e-01
2.312454162127225118e+03	1.623444254362665373e-01	9.943697331486490987e-02	3.066898919705308701e-01	1.951201971492754761e-01	9.095221484776588872e-02	4.209012531327837453e-02	1.033661719673883428e-01
2.317291932340880976e+03	1.621665078462752874e-01	9.931526140639118649e-02	3.068057848462543147e-01	1.951923073906863260e-01	9.098861477460779001e-02	4.211763342049760356e-02	1.034138903146579191e-01
2.322129702554535925e+03	1.619896677668078988e-01	9.919426349101714835e-02	3.069210298720180807e-01	1.952639647152197011e-01	9.102477835816613627e-02	4.214498886040110581e-02	1.034613069357403492e-01
2.326967472768191783e+03	1.618138987135695206e-01	9.907397530177904088e-02	3.070356302996146147e-01	1.953351723987369892e-01	9.106070727019707767e-02	4.217219216702496748e-02	1.035084238484482166e-01
2.331805242981846732e+03	1.616391942412426785e-01	9.895439259820619504e-02	3.071495893735606830e-01	1.954059336834668426e-01	9.109640316756961731e-02	4.219924388070839250e-02	1.035552430546160391e-01
2.336643013195502135e+03	1.614655479432495766e-01	9.883551116613766008e-02	3.072629103308663345e-01	1.954762517785522402e-01	9.113186769245719410e-02	4.222614454783019111e-02	1.036017665402772792e-01
2.341480783409156629e+03	1.612929534515157026e-01	9.871732681754075145e-02	3.073755964008115238e-01	1.955461298605856713e-01	9.116710247252583776e-02	4.225289472055215184e-02	1.036479962758388301e-01
2.346318553622812487e+03	1.611214044362351272e-01	9.859983539033093103e-02	3.074876508047308943e-01	1.956155710741326326e-01	9.120210912111918755e-02	4.227949495656906781e-02	1.036939342162526007e-01
2.351156323836467891e+03	1.609508946056371903e-01	9.848303274819363018e-02	3.075990767558057781e-01	1.956845785322440245e-01	9.123688923744019408e-02	4.230594581886528566e-02	1.037395823011843521e-01
2.355994094050123294e+03	1.607814177057548255e-01	9.836691478040733572e-02	3.077098774588633567e-01	1.957531553169574445e-01	9.127144440672985137e-02	4.233224787547765211e-02	1.037849424551800098e-01
2.360831864263778243e+03	1.606129675201944662e-01	9.825147740166852162e-02	3.078200561101834265e-01	1.958213044797876834e-01	9.130577620044259823e-02	4.235840169926465004e-02	1.038300165878291575e-01
2.365669634477433647e+03	1.604455378699072288e-01	9.813671655191802401e-02	3.079296158973115483e-01	1.958890290422068137e-01	9.133988617641901342e-02	4.238440786768165464e-02	1.038748065939262416e-01
2.370507404691088595e+03	1.602791226129618163e-01	9.802262819616887335e-02	3.080385599988794687e-01	1.959563319961141192e-01	9.137377587905527732e-02	4.241026696256203210e-02	1.039193143536290276e-01
2.375345174904743999e+03	1.601137156443187826e-01	9.790920832433576415e-02	3.081468915844316481e-01	1.960232163042957276e-01	9.140744683946988580e-02	4.243597956990411563e-02	1.039635417326146977e-01
2.380182945118399402e+03	1.599493108956062393e-01	9.779645295106595415e-02	3.082546138142586156e-01	1.960896849008749443e-01	9.144090057566749141e-02	4.246154627966376716e-02	1.040074905822335610e-01
2.385020715332054806e+03	1.597859023348972562e-01	9.768435811557156512e-02	3.083617298392363204e-01	1.961557406917526225e-01	9.147413859269994119e-02	4.248696768555249026e-02	1.040511627396603633e-01
2.389858485545710209e+03	1.596234839664882610e-01	9.757291988146352124e-02	3.084682428006714217e-01	1.962213865550385683e-01	9.150716238282466386e-02	4.251224438484086515e-02	1.040945600280432232e-01
2.394696255759364703e+03	1.594620498306793255e-01	9.746213433658676428e-02	3.085741558301528520e-01	1.962866253414736473e-01	9.153997342566023987e-02	4.253737697816729890e-02	1.041376842566503896e-01
2.399534025973020562e+03	1.593015940035555911e-01	9.735199759285687038e-02	3.086794720494088762e-01	1.963514598748432316e-01	9.157257318833944559e-02	4.256236606935186878e-02	1.041805372210146963e-01
2.404371796186675965e+03	1.591421105967701366e-01	9.724250578609817952e-02	3.087841945701697011e-01	1.964158929523818764e-01	9.160496312565971633e-02	4.258721226521516162e-02	1.042231207030758361e-01
2.409209566400331823e+03	1.589835937573283453e-01	9.713365507588321568e-02	3.088883264940357476e-01	1.964799273451696138e-01	9.163714468023105575e-02	4.261191617540202592e-02	1.042654364713205412e-01
2.414047336613986317e+03	1.588260376673736318e-01	9.702544164537353633e-02	3.089918709123513074e-01	1.965435657985199758e-01	9.166911928262151676e-02	4.263647841221005624e-02	1.043074862809205278e-01
2.418885106827641721e+03	1.586694365439744459e-01	9.691786170116183097e-02	3.090948309060828070e-01	1.966068110323600238e-01	9.170088835150018436e-02	4.266089959042273366e-02	1.043492718738685127e-01
2.423722877041296670e+03	1.585137846389127747e-01	9.681091147311543521e-02	3.091972095457027336e-01	1.966696657416024674e-01	9.173245329377788249e-02	4.268518032714711807e-02	1.043907949791121059e-01
2.428560647254952528e+03	1.583590762384738115e-01	9.670458721422109383e-02	3.092990098910782804e-01	1.967321325965102341e-01	9.176381550474545234e-02	4.270932124165596755e-02	1.044320573126857749e-01
2.433398417468607477e+03	1.582053056632371779e-01	9.659888520043106996e-02	3.094002349913642091e-01	1.967942142430534058e-01	9.179497636820981021e-02	4.273332295523414592e-02	1.044730605778408095e-01
2.438236187682262880e+03	1.580524672678693954e-01	9.649380173051044784e-02	3.095008878849014322e-01	1.968559133032589115e-01	9.182593725662770157e-02	4.275718609102933249e-02	1.045138064651733728e-01
