1.480357685378516862e+03	2.166135849878447206e-01	1.359007483900185886e-01	2.752232003752413392e-01	1.699704540748663562e-01	7.793336974481246404e-02	3.570013555062862692e-02	8.865850687595309976e-02
1.485195455592172038e+03	2.161064286177730442e-01	1.355583814525698760e-01	2.754613334946585113e-01	1.702774235117485158e-01	7.814536484840441111e-02	3.573200415556808396e-02	8.871906391864285701e-02
1.490033225805827215e+03	2.156023712807058901e-01	1.352183662143384424e-01	2.756996334533147186e-01	1.705790434953473877e-01	7.834671895612957404e-02	3.576378804655912236e-02	8.879007855297019192e-02
1.494870996019482618e+03	2.151013916274335247e-01	1.348806600888393104e-01	2.759380535997145167e-01	1.708755959061871443e-01	7.853856599336682398e-02	3.579557222435004321e-02	8.887016055947401239e-02
1.499708766233137567e+03	2.146034686997368435e-01	1.345452238998909866e-01	2.761765495957859140e-01	1.711673354460705732e-01	7.872190650234206499e-02	3.582742881348931208e-02	8.895808704204970219e-02
1.504546536446793198e+03	2.141085818985188349e-01	1.342120214908741616e-01	2.764150792447398475e-01	1.714544927289278764e-01	7.889762350832146831e-02	3.585941866663259342e-02	8.905278246135067688e-02
1.509384306660448374e+03	2.136167109555950905e-01	1.338810193803339210e-01	2.766536023367019426e-01	1.717372770070507704e-01	7.906649649551533710e-02	3.589159277601835368e-02	8.915330104815011314e-02
1.514222076874103550e+03	2.131278359087092344e-01	1.335521864584061913e-01	2.768920805100712479e-01	1.720158785760663722e-01	7.922921371795529910e-02	3.592399351512988448e-02	8.925881131302737526e-02
1.519059847087758726e+03	2.126419370793916352e-01	1.332254937192075273e-01	2.771304771267993350e-01	1.722904708968426846e-01	7.938638304376183230e-02	3.595665573081743838e-02	8.936858240254519359e-02
1.523897617301414357e+03	2.121589950533239455e-01	1.329009140249066134e-01	2.773687571599987023e-01	1.725612124679671011e-01	7.953854150757391772e-02	3.598960770373751950e-02	8.948197208185788842e-02
1.528735387515069533e+03	2.116789906629137630e-01	1.325784218977055229e-01	2.776068870924756626e-01	1.728282484784338102e-01	7.968616372508434409e-02	3.602287199283724095e-02	8.959841614991537195e-02
1.533573157728724709e+03	2.112019049718173169e-01	1.322579933364087801e-01	2.778448348249504818e-01	1.730917122666456864e-01	7.982966930527832239e-02	3.605646617773677204e-02	8.971741911652846013e-02
1.538410927942380113e+03	2.107277192611805017e-01	1.319396056546533469e-01	2.780825695928715313e-01	1.733517266087280795e-01	7.996942937981389721e-02	3.609040351121104578e-02	8.983854599090748683e-02
1.543248698156035516e+03	2.102564150173951707e-01	1.316232373382225374e-01	2.783200618908601709e-01	1.736084048564132121e-01	8.010577235474870827e-02	3.612469349251724166e-02	8.996141504920890375e-02
1.548086468369690692e+03	2.097879739211921113e-01	1.313088679191723451e-01	2.785572834039358181e-01	1.738618519423418829e-01	8.023898897728022617e-02	3.615934237103303472e-02	9.008569146441058884e-02
1.552924238583346096e+03	2.093223778379131872e-01	1.309964778647709216e-01	2.787942069447698623e-01	1.741121652685043986e-01	8.036933679912354467e-02	3.619435358854186657e-02	9.021108169574224012e-02
1.557762008797001272e+03	2.088596088088239822e-01	1.306860484794888089e-01	2.790308063963070628e-01	1.743594354916710443e-01	8.049704410842301039e-02	3.622972816750762853e-02	9.033732854714451865e-02
1.562599779010656675e+03	2.083996490433447646e-01	1.303775618184882801e-01	2.792670566591675674e-01	1.746037472180141659e-01	8.062231339352672610e-02	3.626546505180496677e-02	9.046420681501961270e-02
1.567437549224311852e+03	2.079424809120918316e-01	1.300710006112444639e-01	2.795029336033144074e-01	1.748451796176713202e-01	8.074532439440527953e-02	3.630156140560065331e-02	9.059151945503814141e-02
1.572275319437967255e+03	2.074880869406346695e-01	1.297663481940946606e-01	2.797384140235285588e-01	1.750838069687198906e-01	8.086623679084888050e-02	3.633801287540167069e-02	9.071909420613781527e-02
1.577113089651622431e+03	2.070364498038850531e-01	1.294635884506541990e-01	2.799734755982888901e-01	1.753196991389071036e-01	8.098519257072168964e-02	3.637481381968751121e-02	9.084678061722170628e-02
1.581950859865277607e+03	2.065875523210444209e-01	1.291627057591652472e-01	2.802080968516997284e-01	1.755529220124867340e-01	8.110231811639451172e-02	3.641195751001710668e-02	9.097444742855849420e-02
1.586788630078933011e+03	2.061413774510446884e-01	1.288636849459549594e-01	2.804422571181505730e-01	1.757835378686387895e-01	8.121772604293421571e-02	3.644943630703641885e-02	9.110198026560663298e-02
1.591626400292587959e+03	2.056979082884250742e-01	1.285665112442780922e-01	2.806759365094295688e-01	1.760116057171796367e-01	8.133151681762657015e-02	3.648724181440392289e-02	9.122927960802344749e-02
1.596464170506243590e+03	2.052571280595946179e-01	1.282711702579051039e-01	2.809091158840425484e-01	1.762371815965904642e-01	8.144378018688462617e-02	3.652536501329118473e-02	9.135625900105781572e-02
1.601301940719898766e+03	2.048190201194358129e-01	1.279776479288934898e-01	2.811417768185197619e-01	1.764603188387946497e-01	8.155459643349025067e-02	3.656379637979813996e-02	9.148284348043432546e-02
1.606139710933553943e+03	2.043835679482102485e-01	1.276859305090461416e-01	2.813739015805159505e-01	1.766810683045887120e-01	8.166403748438159915e-02	3.660252598734372448e-02	9.160896818528010965e-02
1.610977481147209119e+03	2.039507551487316495e-01	1.273960045346204661e-01	2.816054731035320668e-01	1.768994785931669589e-01	8.177216788679082804e-02	3.664154359584608639e-02	9.173457713667845792e-02
1.615815251360864750e+03	2.035205654437757250e-01	1.271078568039034629e-01	2.818364749631063204e-01	1.771155962287718766e-01	8.187904566841436305e-02	3.668083872928992739e-02	9.185962216210478981e-02
1.620653021574519926e+03	2.030929826737000454e-01	1.268214743573138070e-01	2.820668913543390999e-01	1.773294658271425961e-01	8.198472309542960412e-02	3.672040074308773744e-02	9.198406194835358207e-02
1.625490791788175102e+03	2.026679907942503245e-01	1.265368444597322339e-01	2.822967070706312587e-01	1.775411302441161909e-01	8.208924734052538974e-02	3.676021888247336944e-02	9.210786120763773954e-02
1.630328562001830505e+03	2.022455738745320419e-01	1.262539545847975730e-01	2.825259074835292927e-01	1.777506307084578130e-01	8.219266107166406377e-02	3.680028233301837343e-02	9.223098994336738354e-02
1.635166332215485909e+03	2.018257160951291707e-01	1.259727924009364231e-01	2.827544785235820979e-01	1.779580069407493137e-01	8.229500297101537132e-02	3.684058026423105842e-02	9.235342280372313417e-02
1.640004102429141085e+03	2.014084017463532716e-01	1.256933457589222425e-01	2.829824066621247636e-01	1.781632972599494769e-01	8.239630819237786508e-02	3.688110186708343230e-02	9.247513851255560746e-02
1.644841872642796488e+03	2.009936152266093290e-01	1.254156026807841107e-01	2.832096788939131304e-01	1.783665386790476426e-01	8.249660876441226864e-02	3.692183638620984837e-02	9.259611936839030888e-02
1.649679642856451665e+03	2.005813410408650022e-01	1.251395513499065637e-01	2.834362827205428315e-01	1.785677669910650245e-01	8.259593394613885808e-02	3.696277314743222353e-02	9.271635080341610047e-02
1.654517413070107068e+03	2.001715637992124153e-01	1.248651801021810753e-01	2.836622061345913104e-01	1.787670168465086695e-01	8.269431054038160755e-02	3.700390158118808948e-02	9.283582099530345022e-02
1.659355183283762244e+03	1.997642682155125748e-01	1.245924774180854899e-01	2.838874376044296932e-01	1.789643218232535582e-01	8.279176317016508080e-02	3.704521124236870994e-02	9.295452052555149003e-02
1.664192953497417420e+03	1.993594391061136450e-01	1.243214319155838826e-01	2.841119660596558849e-01	1.791597144897126570e-01	8.288831452247358289e-02	3.708669182701354594e-02	9.307244207881339160e-02
1.669030723711072824e+03	1.989570613886353923e-01	1.240520323437504374e-01	2.843357808771054263e-01	1.793532264620534555e-01	8.298398556325628506e-02	3.712833318625383128e-02	9.318958017831178997e-02
1.673868493924728000e+03	1.985571200808129155e-01	1.237842675770336187e-01	2.845588718674010864e-01	1.795448884561302860e-01	8.307879572709984950e-02	3.717012533785068323e-02	9.330593095303818529e-02
1.678706264138383403e+03	1.981596002993940009e-01	1.235181266100862651e-01	2.847812292620062191e-01	1.797347303347229253e-01	8.317276308458185219e-02	3.721205847563174851e-02	9.342149193294362053e-02
1.683544034352038352e+03	1.977644872590840763e-01	1.232535985530961858e-01	2.850028437007500748e-01	1.799227811506028674e-01	8.326590448995986604e-02	3.725412297709367049e-02	9.353626186877998794e-02
1.688381804565693983e+03	1.973717662715346877e-01	1.229906726275594303e-01	2.852237062197964246e-01	1.801090691858870385e-01	8.335823571153408440e-02	3.729630940940539818e-02	9.365024057364970678e-02
1.693219574779349159e+03	1.969814227443711929e-01	1.227293381624458002e-01	2.854438082400296839e-01	1.802936219880854063e-01	8.344977154674368403e-02	3.733860853401910901e-02	9.376342878367194267e-02
1.698057344993004335e+03	1.965934421802557619e-01	1.224695845907113889e-01	2.856631415558347209e-01	1.804764664032011412e-01	8.354052592381071285e-02	3.738101131007038475e-02	9.387582803548275012e-02
1.702895115206659511e+03	1.962078101759825444e-01	1.222114014461187087e-01	2.858816983242492560e-01	1.806576286062004100e-01	8.363051199153020976e-02	3.742350889672725611e-02	9.398744055855846879e-02
1.707732885420315142e+03	1.958245124216021482e-01	1.219547783603298491e-01	2.860994710544692565e-01	1.808371341291316325e-01	8.371974219861397226e-02	3.746609265462855221e-02	9.409826918059147061e-02
1.712570655633970318e+03	1.954435346995728739e-01	1.216997050602415115e-01	2.863164525976891750e-01	1.810150078871416990e-01	8.380822836382838259e-02	3.750875414653465079e-02	9.420831724435865806e-02
1.717408425847625494e+03	1.950648628839362908e-01	1.214461713655352187e-01	2.865326361372612651e-01	1.811912742026084155e-01	8.389598173801847414e-02	3.755148513729887616e-02	9.431758853470846582e-02
1.722246196061280898e+03	1.946884829395150729e-01	1.211941671864184139e-01	2.867480151791588217e-01	1.813659568275824419e-01	8.398301305898078772e-02	3.759427759325462831e-02	9.442608721445686082e-02
1.727083966274936301e+03	1.943143809211317075e-01	1.209436825215356726e-01	2.869625835427291882e-01	1.815390789647101932e-01	8.406933260003250641e-02	3.763712368110144063e-02	9.453381776812629089e-02
1.731921736488591478e+03	1.939425429728460493e-01	1.206947074560312527e-01	2.871763353517242101e-01	1.817106632867894755e-01	8.415495021302379919e-02	3.768001576636318545e-02	9.464078495258901325e-02
1.736759506702246881e+03	1.935729553272102776e-01	1.204472321597465784e-01	2.873892650255964187e-01	1.818807319550922175e-01	8.423987536645105578e-02	3.772294641148242478e-02	9.474699375378801969e-02
1.741597276915902057e+03	1.932056043045402016e-01	1.202012468855381960e-01	2.876013672710496794e-01	1.820493066365734269e-01	8.432411717925077099e-02	3.776590837360713215e-02	9.485244934880762702e-02
1.746435047129557461e+03	1.928404763122020249e-01	1.199567419677033397e-01	2.878126370738343098e-01	1.822164085200718986e-01	8.440768445078433713e-02	3.780889460211890596e-02	9.495715707265225958e-02
1.751272817343212637e+03	1.924775578439125723e-01	1.197137078205017385e-01	2.880230696907778443e-01	1.823820583315968191e-01	8.449058568746380116e-02	3.785189823594570235e-02	9.506112238916875068e-02
1.756110587556867813e+03	1.921168354790533661e-01	1.194721349367639240e-01	2.882326606420411164e-01	1.825462763487830098e-01	8.457282912641450601e-02	3.789491260069666884e-02	9.516435086561468581e-02
1.760948357770523216e+03	1.917582958819967209e-01	1.192320138865769208e-01	2.884414057035933898e-01	1.827090824145892467e-01	8.465442275652405868e-02	3.793793120565200350e-02	9.526684815043494348e-02
1.765786127984178393e+03	1.914019258014436065e-01	1.189933353160395751e-01	2.886493008998972098e-01	1.828704959503052729e-01	8.473537433718486556e-02	3.798094774063646289e-02	9.536861995386025637e-02
1.770623898197833569e+03	1.910477120697725018e-01	1.187560899460808478e-01	2.888563424967960924e-01	1.830305359679263721e-01	8.481569141500146236e-02	3.802395607280154022e-02	9.546967203098846722e-02
1.775461668411488745e+03	1.906956416023985745e-01	1.185202685713345333e-01	2.890625269945986120e-01	1.831892210819472400e-01	8.489538133870125347e-02	3.806695024333801858e-02	9.557001016704907981e-02
1.780299438625144376e+03	1.903457013971429357e-01	1.182858620590654108e-01	2.892678511213518933e-01	1.833465695206224766e-01	8.497445127245904783e-02	3.810992446413793283e-02	9.566964016458764930e-02
1.785137208838799552e+03	1.899978785336109699e-01	1.180528613481418299e-01	2.894723118262986228e-01	1.835025991367349174e-01	8.505290820782081262e-02	3.815287311442223245e-02	9.576856783233800297e-02
1.789974979052454728e+03	1.896521601725799644e-01	1.178212574480503871e-01	2.896759062735115298e-01	1.836573274179090498e-01	8.513075897438993067e-02	3.819579073734846036e-02	9.586679897557807972e-02
1.794812749266109904e+03	1.893085335553950088e-01	1.175910414379492952e-01	2.898786318357000624e-01	1.838107714965030726e-01	8.520801024941994373e-02	3.823867203661070191e-02	9.596433938778943518e-02
1.799650519479765535e+03	1.889669860033731663e-01	1.173622044657565561e-01	2.900804860881833758e-01	1.839629481591094351e-01	8.528466856644055516e-02	3.828151187304243419e-02	9.606119484346202497e-02
1.804488289693420711e+03	1.886275049172155271e-01	1.171347377472704843e-01	2.902814668030256895e-01	1.841138738556908350e-01	8.536074032302885806e-02	3.832430526123137976e-02	9.615737109190483634e-02
1.809326059907075887e+03	1.882900777764267841e-01	1.169086325653196368e-01	2.904815719433277432e-01	1.842635647083755990e-01	8.543623178782414063e-02	3.836704736615415001e-02	9.625287385193960488e-02
1.814163830120731291e+03	1.879546921387422187e-01	1.166838802689399712e-01	2.906807996576708519e-01	1.844120365199345968e-01	8.551114910687315773e-02	3.840973349983743679e-02	9.634770880736943932e-02
1.819001600334386467e+03	1.876213356395613208e-01	1.164604722725769287e-01	2.908791482747090096e-01	1.845593047819591992e-01	8.558549830938261271e-02	3.845235911805127554e-02	9.644188160312731906e-02
1.823839370548041643e+03	1.872899959913887358e-01	1.162384000553108032e-01	2.910766162979039340e-01	1.847053846827581003e-01	8.565928531294607351e-02	3.849491981703932753e-02	9.653539784202069818e-02
1.828677140761696819e+03	1.869606609832814292e-01	1.160176551601035666e-01	2.912732024004000553e-01	1.848502911149891570e-01	8.573251592830506695e-02	3.853741133029010835e-02	9.662826308199835845e-02
1.833514910975352450e+03	1.866333184803022072e-01	1.157982291930658297e-01	2.914689054200347296e-01	1.849940386830409844e-01	8.580519586369671214e-02	3.857982952535247978e-02	9.672048283387485457e-02
1.838352681189008081e+03	1.863079564229795371e-01	1.155801138227424002e-01	2.916637243544804581e-01	1.851366417101777684e-01	8.587733072883417529e-02	3.862217040069831214e-02	9.681206255945515315e-02
1.843190451402663257e+03	1.859845628267734474e-01	1.153633007794154230e-01	2.918576583565151705e-01	1.852781142454590080e-01	8.594892603856084390e-02	3.866443008263432957e-02	9.690300767000964433e-02
1.848028221616318433e+03	1.856631257815471170e-01	1.151477818544238974e-01	2.920507067294167425e-01	1.854184700704459565e-01	8.601998721621416377e-02	3.870660482226517818e-02	9.699332352505486698e-02
1.852865991829973609e+03	1.853436334510441819e-01	1.149335488994987498e-01	2.922428689224791931e-01	1.855577227057046141e-01	8.609051959673094667e-02	3.874869099250893151e-02	9.708301543140133993e-02
1.857703762043628785e+03	1.850260740723717601e-01	1.147205938261124519e-01	2.924341445266462891e-01	1.856958854171147921e-01	8.616052842952214019e-02	3.879068508516623354e-02	9.717208864243423450e-02
1.862541532257283961e+03	1.847104359554886666e-01	1.145089086048424465e-01	2.926245332702604451e-01	1.858329712219938534e-01	8.623001888114194269e-02	3.883258370804373166e-02	9.726054835759685713e-02
1.867379302470939592e+03	1.843967074826990959e-01	1.142984852647477845e-01	2.928140350149224247e-01	1.859689928950430948e-01	8.629899603777289874e-02	3.887438358213238937e-02	9.734839972205029668e-02
1.872217072684594768e+03	1.840848771081514124e-01	1.140893158927580864e-01	2.930026497514603978e-01	1.861039629741244039e-01	8.636746490754648731e-02	3.891608153884097698e-02	9.743564782648625466e-02
1.877054842898249490e+03	1.837749333573419908e-01	1.138813926330745491e-01	2.931903775960045810e-01	1.862378937658735467e-01	8.643543042271617516e-02	3.895767451728474745e-02	9.752229770707242229e-02
1.881892613111905121e+03	1.834668648266240543e-01	1.136747076865821798e-01	2.933772187861645731e-01	1.863707973511573857e-01	8.650289744169792350e-02	3.899915956162935959e-02	9.760835434551250189e-02
1.886730383325560297e+03	1.831606601827213965e-01	1.134692533102729939e-01	2.935631736773073319e-01	1.865026855903798020e-01	8.656987075099158158e-02	3.904053381848968801e-02	9.769382266920521862e-02
1.891568153539215928e+03	1.828563081622466557e-01	1.132650218166795508e-01	2.937482427389323525e-01	1.866335701286430393e-01	8.663635506699492173e-02	3.908179453438329065e-02	9.777870755148818094e-02
1.896405923752871104e+03	1.825537975712245853e-01	1.130620055733185803e-01	2.939324265511423229e-01	1.867634624007689648e-01	8.670235503772064090e-02	3.912293905323812465e-02	9.786301381195483540e-02
1.901243693966526507e+03	1.822531172846195702e-01	1.128601970021442247e-01	2.941157258012058739e-01	1.868923736361854659e-01	8.676787524442569621e-02	3.916396481395383045e-02	9.794674621683346905e-02
1.906081464180181683e+03	1.819542562458679458e-01	1.126595885790105944e-01	2.942981412802107011e-01	1.870203148636825907e-01	8.683292020316105142e-02	3.920486934801616780e-02	9.802990947941907229e-02
1.910919234393836859e+03	1.816572034664143964e-01	1.124601728331433015e-01	2.944796738798047819e-01	1.871472969160427879e-01	8.689749436624913392e-02	3.924565027716379884e-02	9.811250826054997154e-02
1.915757004607492036e+03	1.813619480252529059e-01	1.122619423466196392e-01	2.946603245890226375e-01	1.872733304345491900e-01	8.696160212369533071e-02	3.928630531110678670e-02	9.819454716912172365e-02
1.920594774821147894e+03	1.810684790684720102e-01	1.120648897538571859e-01	2.948400944911949706e-01	1.873984258733763231e-01	8.702524780453935183e-02	3.932683224529601174e-02	9.827603076263236037e-02
1.925432545034802843e+03	1.807767858088039359e-01	1.118690077411105266e-01	2.950189847609399063e-01	1.875225935038665193e-01	8.708843567815140185e-02	3.936722895874272821e-02	9.835696354775315398e-02
1.930270315248458019e+03	1.804868575251781793e-01	1.116742890459760662e-01	2.951969966612327800e-01	1.876458434186957236e-01	8.715116995547772527e-02	3.940749341188739402e-02	9.843734998092031063e-02
1.935108085462113195e+03	1.801986835622789163e-01	1.114807264569041972e-01	2.953741315405530865e-01	1.877681855359321639e-01	8.721345479023953629e-02	3.944762364451707276e-02	9.851719446894324772e-02
1.939945855675768371e+03	1.799122533301064919e-01	1.112883128127191978e-01	2.955503908301065352e-01	1.878896296029910207e-01	8.727529428008883039e-02	3.948761777373031856e-02	9.859650136962584688e-02
1.944783625889424002e+03	1.796275563035427958e-01	1.110970410021463184e-01	2.957257760411202141e-01	1.880101852004881224e-01	8.733669246772440831e-02	3.952747399194888461e-02	9.867527499239751865e-02
1.949621396103079178e+03	1.793445820219203568e-01	1.109069039633459181e-01	2.959002887622089184e-01	1.881298617459958578e-01	8.739765334197069357e-02	3.956719056497525616e-02	9.875351959895124765e-02
1.954459166316734354e+03	1.790633200885955179e-01	1.107178946834545680e-01	2.960739306568109241e-01	1.882486684977037195e-01	8.745818083882218874e-02	3.960676583009518220e-02	9.883123940388612028e-02
1.959296936530389530e+03	1.787837601705250523e-01	1.105300061981327880e-01	2.962467034606913185e-01	1.883666145579867557e-01	8.751827884245558242e-02	3.964619819422428304e-02	9.890843857535244754e-02
1.964134706744044706e+03	1.785058919978465553e-01	1.103432315911194589e-01	2.964186089795112222e-01	1.884837088768839819e-01	8.757795118621171382e-02	3.968548613209785247e-02	9.898512123569747079e-02
1.968972476957700337e+03	1.782297053634625261e-01	1.101575639937925205e-01	2.965896490864612933e-01	1.885999602554896404e-01	8.763720165354910163e-02	3.972462818450304273e-02	9.906129146211015146e-02
1.973810247171355968e+03	1.779551901226280319e-01	1.099729965847360963e-01	2.967598257199575706e-01	1.887153773492596387e-01	8.769603397897086927e-02	3.976362295655241214e-02	9.913695328726374045e-02
1.978648017385010689e+03	1.776823361925416178e-01	1.097895225893135845e-01	2.969291408813986011e-01	1.888299686712353875e-01	8.775445184892627370e-02	3.980246911599813475e-02	9.921211069995486409e-02
1.983485787598666320e+03	1.774111335519399646e-01	1.096071352792468701e-01	2.970975966329815754e-01	1.889437425951874805e-01	8.781245890268844778e-02	3.984116539158592818e-02	9.928676764573822477e-02
1.988323557812321269e+03	1.771415722406959325e-01	1.094258279722012950e-01	2.972651950955766953e-01	1.890567073586812419e-01	8.787005873320946625e-02	3.987971057144781839e-02	9.936092802755608355e-02
1.993161328025976900e+03	1.768736423594198248e-01	1.092455940313763751e-01	2.974319384466577731e-01	1.891688710660663353e-01	8.792725488795372080e-02	3.991810350153298520e-02	9.943459570636159484e-02
1.997999098239632076e+03	1.766073340690639815e-01	1.090664268651022201e-01	2.975978289182875658e-01	1.892802416913925423e-01	8.798405086971083922e-02	3.995634308407577939e-02	9.950777450173572958e-02
2.002836868453287707e+03	1.763426375905308707e-01	1.088883199264413099e-01	2.977628687951571762e-01	1.893908270812532657e-01	8.804045013738887038e-02	3.999442827610017598e-02	9.958046819249702364e-02
2.007674638666942428e+03	1.760795432042840947e-01	1.087112667127957399e-01	2.979270604126771915e-01	1.895006349575594218e-01	8.809645610678867866e-02	4.003235808795978234e-02	9.965268051730379051e-02
2.012512408880597604e+03	1.758180412499628087e-01	1.085352607655197671e-01	2.980904061551197803e-01	1.896096729202448317e-01	8.815207215136025565e-02	4.007013158191269353e-02	9.972441517524856247e-02
2.017350179094252780e+03	1.755581221259990832e-01	1.083602956695374070e-01	2.982529084538105835e-01	1.897179484499053603e-01	8.820730160294165678e-02	4.010774787073034808e-02	9.979567582644427448e-02
2.022187949307908411e+03	1.752997762892385403e-01	1.081863650529652360e-01	2.984145697853687329e-01	1.898254689103732185e-01	8.826214775248131250e-02	4.014520611633962122e-02	9.986646609260213525e-02
2.027025719521564042e+03	1.750429942545640161e-01	1.080134625867400083e-01	2.985753926699935001e-01	1.899322415512285644e-01	8.831661385074413007e-02	4.018250552849749607e-02	9.993678955760110227e-02
2.031863489735218764e+03	1.747877665945221370e-01	1.078415819842513113e-01	2.987353796697978514e-01	1.900382735102495169e-01	8.837070310900214942e-02	4.021964536349745961e-02	1.000066497680484751e-01
2.036701259948874394e+03	1.745340839389528942e-01	1.076707170009788550e-01	2.988945333871855237e-01	1.901435718158026311e-01	8.842441869971005841e-02	4.025662492290703331e-02	1.000760502338319535e-01
2.041539030162529116e+03	1.742819369746222702e-01	1.075008614341344676e-01	2.990528564632725650e-01	1.902481433891750895e-01	8.847776375716624730e-02	4.029344355233554359e-02	1.001449944286628146e-01
2.046376800376184747e+03	1.740313164448576699e-01	1.073320091223087802e-01	2.992103515763508415e-01	1.903519950468501032e-01	8.853074137815970801e-02	4.033010064023166003e-02	1.002134857906102766e-01
2.051214570589840150e+03	1.737822131491860989e-01	1.071641539451223535e-01	2.993670214403930663e-01	1.904551335027272752e-01	8.858335462260334692e-02	4.036659561670988272e-02	1.002815277226270646e-01
2.056052340803495554e+03	1.735346179429755054e-01	1.069972898228811892e-01	2.995228688035980746e-01	1.905575653702890337e-01	8.863560651415389180e-02	4.040292795240531948e-02	1.003491235930661502e-01
2.060890111017150957e+03	1.732885217370785935e-01	1.068314107162366272e-01	2.996778964469753448e-01	1.906592971647146362e-01	8.868750004081901728e-02	4.043909715735615612e-02	1.004162767361888170e-01
2.065727881230805451e+03	1.730439154974794669e-01	1.066665106258495588e-01	2.998321071829680440e-01	1.907603353049431849e-01	8.873903815555184149e-02	4.047510277991318156e-02	1.004829904526639422e-01
2.070565651444461309e+03	1.728007902449431588e-01	1.065025835920587055e-01	2.999855038541130448e-01	1.908606861156867118e-01	8.879022377683329359e-02	4.051094440567565985e-02	1.005492680100587011e-01
2.075403421658116713e+03	1.725591370546676329e-01	1.063396236945531037e-01	3.001380893317374676e-01	1.909603558293948289e-01	8.884105978924249081e-02	4.054662165645306349e-02	1.006151126433206811e-01
2.080241191871772116e+03	1.723189470559385594e-01	1.061776250520485992e-01	3.002898665146908064e-01	1.910593505881720833e-01	8.889154904401566637e-02	4.058213418925193938e-02	1.006805275552516143e-01
2.085078962085427065e+03	1.720802114317867837e-01	1.060165818219682837e-01	3.004408383281111927e-01	1.911576764456492661e-01	8.894169435959364822e-02	4.061748169528745650e-02	1.007455159169726444e-01
2.089916732299082469e+03	1.718429214186480980e-01	1.058564882001268442e-01	3.005910077222258003e-01	1.912553393688097569e-01	8.899149852215848533e-02	4.065266389901893429e-02	1.008100808683814326e-01
2.094754502512737417e+03	1.716070683060259838e-01	1.056973384204186739e-01	3.007403776711833898e-01	1.913523452397721258e-01	8.904096428615917991e-02	4.068768055720892868e-02	1.008742255186010905e-01
2.099592272726392821e+03	1.713726434361566020e-01	1.055391267545098405e-01	3.008889511719196053e-01	1.914486998575301024e-01	8.909009437482701133e-02	4.072253145800516089e-02	1.009379529464210640e-01
2.104430042940048224e+03	1.711396382036763641e-01	1.053818475115336356e-01	3.010367312430528575e-01	1.915444089396508565e-01	8.913889148068063206e-02	4.075721642004493522e-02	1.010012662007301609e-01
2.109267813153704083e+03	1.709080440552920022e-01	1.052254950377898152e-01	3.011837209238105162e-01	1.916394781239329215e-01	8.918735826602106065e-02	4.079173529158138661e-02	1.010641683009417258e-01
2.114105583367359031e+03	1.706778524894531079e-01	1.050700637164474621e-01	3.013299232729850230e-01	1.917339129700244560e-01	8.923549736341698790e-02	4.082608794963114157e-02	1.011266622374112217e-01
2.118943353581013525e+03	1.704490550560270046e-01	1.049155479672510966e-01	3.014753413679187033e-01	1.918277189610030631e-01	8.928331137618050750e-02	4.086027429914278197e-02	1.011887509718462919e-01
2.123781123794669384e+03	1.702216433559760322e-01	1.047619422462305605e-01	3.016199783035164450e-01	1.919209015049179734e-01	8.933080287883343740e-02	4.089429427218575080e-02	1.012504374377093397e-01
2.128618894008324787e+03	1.699956090410373599e-01	1.046092410454139560e-01	3.017638371912859108e-01	1.920134659362958129e-01	8.937797441756456518e-02	4.092814782715915173e-02	1.013117245406128242e-01
2.133456664221980191e+03	1.697709438134048232e-01	1.044574388925442049e-01	3.019069211584045620e-01	1.921054175176105105e-01	8.942482851067798388e-02	4.096183494801994979e-02	1.013726151587075047e-01
2.138294434435635139e+03	1.695476394254135100e-01	1.043065303507986069e-01	3.020492333468125512e-01	1.921967614407185110e-01	8.947136764903261541e-02	4.099535564353019856e-02	1.014331121430636085e-01
2.143132204649290543e+03	1.693256876792260390e-01	1.041565100185117554e-01	3.021907769123307608e-01	1.922875028282600429e-01	8.951759429647321298e-02	4.102870994652280112e-02	1.014932183180451003e-01
2.147969974862945492e+03	1.691050804265217811e-01	1.040073725289015760e-01	3.023315550238035443e-01	1.923776467350273023e-01	8.956351089025302303e-02	4.106189791318530513e-02	1.015529364816771529e-01
2.152807745076601350e+03	1.688858095681878280e-01	1.038591125497985296e-01	3.024715708622659482e-01	1.924671981493005779e-01	8.960911984144817599e-02	4.109491962236149626e-02	1.016122694060070664e-01
2.157645515290255844e+03	1.686678670540124048e-01	1.037117247833776873e-01	3.026108276201340264e-01	1.925561619941526526e-01	8.965442353536423603e-02	4.112777517487013063e-02	1.016712198374585402e-01
2.162483285503912157e+03	1.684512448823802799e-01	1.035652039658939150e-01	3.027493285004178025e-01	1.926445431287227561e-01	8.969942433193467402e-02	4.116046469284059123e-02	1.017297904971796729e-01
2.167321055717567106e+03	1.682359350999706737e-01	1.034195448674200823e-01	3.028870767159568267e-01	1.927323463494607092e-01	8.974412456611183253e-02	4.119298831906497566e-02	1.017879840813846332e-01
2.172158825931222509e+03	1.680219298014569707e-01	1.032747422915880481e-01	3.030240754886772692e-01	1.928195763913417016e-01	8.978852654825041080e-02	4.122534621636626817e-02	1.018458032616891690e-01
2.176996596144877003e+03	1.678092211292086799e-01	1.031307910753324619e-01	3.031603280488702756e-01	1.929062379290528151e-01	8.983263256448333067e-02	4.125753856698219368e-02	1.019032506854400943e-01
2.181834366358532861e+03	1.675978012729956168e-01	1.029876860886376061e-01	3.032958376344906393e-01	1.929923355781519578e-01	8.987644487709076091e-02	4.128956557196439281e-02	1.019603289760389053e-01
2.186672136572187810e+03	1.673876624696940540e-01	1.028454222342866514e-01	3.034306074904757899e-01	1.930778738961995700e-01	8.991996572486181394e-02	4.132142745059254330e-02	1.020170407332594981e-01
2.191509906785843214e+03	1.671787970029948722e-01	1.027039944476138972e-01	3.035646408680842123e-01	1.931628573838641005e-01	8.996319732344942866e-02	4.135312443980312253e-02	1.020733885335602942e-01
2.196347676999498617e+03	1.669711972031138747e-01	1.025633976962596061e-01	3.036979410242529598e-01	1.932472904860018381e-01	9.000614186571853637e-02	4.138465679363238781e-02	1.021293749303907594e-01
2.201185447213154021e+03	1.667648554465041566e-01	1.024236269799273791e-01	3.038305112209735426e-01	1.933311775927115950e-01	9.004880152208749600e-02	4.141602478267330384e-02	1.021850024544924268e-01
2.206023217426809424e+03	1.665597641555702779e-01	1.022846773301442358e-01	3.039623547246863566e-01	1.934145230403651605e-01	9.009117844086318716e-02	4.144722869354608430e-02	1.022402736141946322e-01
2.210860987640464373e+03	1.663559157983844905e-01	1.021465438100231937e-01	3.040934748056921544e-01	1.934973311126136908e-01	9.013327474856965005e-02	4.147826882838193119e-02	1.022951908957049211e-01
2.215698757854119776e+03	1.661533028884050744e-01	1.020092215140282615e-01	3.042238747375809460e-01	1.935796060413711439e-01	9.017509255027049420e-02	4.150914550431981931e-02	1.023497567633943478e-01
2.220536528067775180e+03	1.659519179841964232e-01	1.018727055677420557e-01	3.043535577966779981e-01	1.936613520077747341e-01	9.021663392988528429e-02	4.153985905301589565e-02	1.024039736600777517e-01
2.225374298281430583e+03	1.657517536891512377e-01	1.017369911276356786e-01	3.044825272615053202e-01	1.937425731431236808e-01	9.025790095049995854e-02	4.157040982016520225e-02	1.024578440072890784e-01
2.230212068495085077e+03	1.655528026512144146e-01	1.016020733808410959e-01	3.046107864122598041e-01	1.938232735297962250e-01	9.029889565467133505e-02	4.160079816503550049e-02	1.025113702055518300e-01
2.235049838708740936e+03	1.653550575626089592e-01	1.014679475449258572e-01	3.047383385303063519e-01	1.939034572021454961e-01	9.033962006472595618e-02	4.163102446001284290e-02	1.025645546346447556e-01
2.239887608922396339e+03	1.651585111595637589e-01	1.013346088676700396e-01	3.048651868976863799e-01	1.939831281473751445e-01	9.038007618305331226e-02	4.166108909015864975e-02	1.026173996538630590e-01
2.244725379136052197e+03	1.649631562220431058e-01	1.012020526268455067e-01	3.049913347966405341e-01	1.940622903063948801e-01	9.042026599239356977e-02	4.169099245277798488e-02	1.026699076022747348e-01
2.249563149349706237e+03	1.647689855734782438e-01	1.010702741299974866e-01	3.051167855091465597e-01	1.941409475746565250e-01	9.046019145611995660e-02	4.172073495699880896e-02	1.027220807989727425e-01
2.254400919563362095e+03	1.645759920805005827e-01	1.009392687142282585e-01	3.052415423164700492e-01	1.942191038029710271e-01	9.049985451851581819e-02	4.175031702336191169e-02	1.027739215433226688e-01
2.259238689777017044e+03	1.643841686526766321e-01	1.008090317459830049e-01	3.053656084987299013e-01	1.942967627983070156e-01	9.053925710504656665e-02	4.177973908342126619e-02	1.028254321152060335e-01
2.264076459990672902e+03	1.641935082422449066e-01	1.006795586208379112e-01	3.054889873344758255e-01	1.943739283245710658e-01	9.057840112262656451e-02	4.180900157935460437e-02	1.028766147752595284e-01
2.268914230204327851e+03	1.640040038438546344e-01	1.005508447632902230e-01	3.056116821002797246e-01	1.944506041033706722e-01	9.061728845988108183e-02	4.183810496358392889e-02	1.029274717651101206e-01
2.273752000417983254e+03	1.638156484943059377e-01	1.004228856265505232e-01	3.057336960703391782e-01	1.945267938147597353e-01	9.065592098740334059e-02	4.186704969840569779e-02	1.029780053076059798e-01
2.278589770631638203e+03	1.636284352722920110e-01	1.002956766923369658e-01	3.058550325160931949e-01	1.946025010979672010e-01	9.069430055800686841e-02	4.189583625563055719e-02	1.030282176070436567e-01
2.283427540845293606e+03	1.634423572981428818e-01	1.001692134706714948e-01	3.059756947058497323e-01	1.946777295521097406e-01	9.073242900697321700e-02	4.192446511623222627e-02	1.030781108493911968e-01
2.288265311058949010e+03	1.632574077335709195e-01	1.000434914996781444e-01	3.060956859044253742e-01	1.947524827368879163e-01	9.077030815229503169e-02	4.195293677000553473e-02	1.031276872025075897e-01
2.293103081272604413e+03	1.630735797814180932e-01	9.991850634538322617e-02	3.062150093727956657e-01	1.948267641732671640e-01	9.080793979491480483e-02	4.198125171523316157e-02	1.031769488163584159e-01
2.297940851486259817e+03	1.628908666854047838e-01	9.979425360151746027e-02	3.063336683677567729e-01	1.949005773441435108e-01	9.084532571895910513e-02	4.200941045836104754e-02	1.032258978232279134e-01
2.302778621699914765e+03	1.627092617298802890e-01	9.967072888931997887e-02	3.064516661415979115e-01	1.949739256949941935e-01	9.088246769196865749e-02	4.203741351368218276e-02	1.032745363379274223e-01
2.307616391913570169e+03	1.625287582395751051e-01	9.954792785734424554e-02	3.065690059417840452e-01	1.950468126345142883e-01	9.091936746512407908e-02	4.206526140302859623e-02	1.033228664580003592e-01
2.312454162127225118e+03	1.623493495793546793e-01	9.942584618126579232e-02	3.066856910106489087e-01	1.951192415352386578e-01	9.095602677346766030e-02	4.209295465547132492e-02	1.033708902639237232e-01
2.317291932340880976e+03	1.621710291539747439e-01	9.930447956369171936e-02	3.068017245850980790e-01	1.951912157341506304e-01	9.099244733612109337e-02	4.212049380702822393e-02	1.034186098193062425e-01
2.322129702554535925e+03	1.619937904078385116e-01	9.918382373397206797e-02	3.069171098963213717e-01	1.952627385332769971e-01	9.102863085649909314e-02	4.214787940037937469e-02	1.034660271710833024e-01
2.326967472768191783e+03	1.618176268247551730e-01	9.906387444801295628e-02	3.070318501695147861e-01	1.953338132002699623e-01	9.106457902251940961e-02	4.217511198458995941e-02	1.035131443497085413e-01
2.331805242981846732e+03	1.616425319277001726e-01	9.894462748809135233e-02	3.071459486236115533e-01	1.954044429689761608e-01	9.110029350680885762e-02	4.220219211484036587e-02	1.035599633693423255e-01
2.336643013195502135e+03	1.614684992785768991e-01	9.882607866267167918e-02	3.072594084710223994e-01	1.954746310399935738e-01	9.113577596690573823e-02	4.222912035216336984e-02	1.036064862280371701e-01
2.341480783409156629e+03	1.612955224779800689e-01	9.870822380622404357e-02	3.073722329173840806e-01	1.955443805812157598e-01	9.117102804545862416e-02	4.225589726318827039e-02	1.036527149079199822e-01
2.346318553622812487e+03	1.611235951649605258e-01	9.859105877904414394e-02	3.074844251613167989e-01	1.956136947283646510e-01	9.120605137042152311e-02	4.228252341989176960e-02	1.036986513753715006e-01
2.351156323836467891e+03	1.609527110167915942e-01	9.847457946707481591e-02	3.075959883941892792e-01	1.956825765855115806e-01	9.124084755524562718e-02	4.230899939935539589e-02	1.037442975812026685e-01
2.355994094050123294e+03	1.607828637487369872e-01	9.835878178172921538e-02	3.077069257998926166e-01	1.957510292255868478e-01	9.127541819906762055e-02	4.233532578352942194e-02	1.037896554608282451e-01
2.360831864263778243e+03	1.606140471138202686e-01	9.824366165971561149e-02	3.078172405546213408e-01	1.958190556908785684e-01	9.130976488689462878e-02	4.236150315900295837e-02	1.038347269344375712e-01
2.365669634477433647e+03	1.604462549025955642e-01	9.812921506286369222e-02	3.079269358266623069e-01	1.958866589935205349e-01	9.134388918978599003e-02	4.238753211678030625e-02	1.038795139071625184e-01
2.370507404691088595e+03	1.602794809429200773e-01	9.801543797795250756e-02	3.080360147761911360e-01	1.959538421159695565e-01	9.137779266503161246e-02	4.241341325206314516e-02	1.039240182692428988e-01
2.375345174904743999e+03	1.601137190997277970e-01	9.790232641653985601e-02	3.081444805550755395e-01	1.960206080114726968e-01	9.141147685632741715e-02	4.243914716403864723e-02	1.039682418961890564e-01
2.380182945118399402e+03	1.599489632748047341e-01	9.778987641479328086e-02	3.082523363066858590e-01	1.960869596045243524e-01	9.144494329394753374e-02	4.246473445567321148e-02	1.040121866489420177e-01
2.385020715332054806e+03	1.597852074065657935e-01	9.767808403332250977e-02	3.083595851657125464e-01	1.961528997913137007e-01	9.147819349491356777e-02	4.249017573351181881e-02	1.040558543740310316e-01
2.389858485545710209e+03	1.596224454698327022e-01	9.756694535701330995e-02	3.084662302579903037e-01	1.962184314401624607e-01	9.151122896316087052e-02	4.251547160748273685e-02	1.040992469037286122e-01
2.394696255759364703e+03	1.594606714756137134e-01	9.745645649486289752e-02	3.085722747003282751e-01	1.962835573919534116e-01	9.154405118970192212e-02	4.254062269070757463e-02	1.041423660562031533e-01
2.399534025973020562e+03	1.592998794708845034e-01	9.734661357981674867e-02	3.086777216003472324e-01	1.963482804605499732e-01	9.157666165278691150e-02	4.256562959931643048e-02	1.041852136356691688e-01
2.404371796186675965e+03	1.591400635383705131e-01	9.723741276860682625e-02	3.087825740563222565e-01	1.964126034332066562e-01	9.160906181806145743e-02	4.259049295226809834e-02	1.042277914325351745e-01
2.409209566400331823e+03	1.589812177963307593e-01	9.712885024159111091e-02	3.088868351570319692e-01	1.964765290709710455e-01	9.164125313872167888e-02	4.261521337117524233e-02	1.042701012235492664e-01
2.414047336613986317e+03	1.588233363983428681e-01	9.702092220259463107e-02	3.089905079816129274e-01	1.965400601090774024e-01	9.167323705566654546e-02	4.263979148013423426e-02	1.043121447719424916e-01
2.418885106827641721e+03	1.586664135330895509e-01	9.691362487875183895e-02	3.090935955994206785e-01	1.966031992573317455e-01	9.170501499764767417e-02	4.266422790555979283e-02	1.043539238275698749e-01
2.423722877041296670e+03	1.585104434241465243e-01	9.680695452035030513e-02	3.091961010698950907e-01	1.966659492004891874e-01	9.173658838141648952e-02	4.268852327602410540e-02	1.043954401270494603e-01
2.428560647254952528e+03	1.583554203297716234e-01	9.670090740067568968e-02	3.092980274424321219e-01	1.967283125986233061e-01	9.176795861186891334e-02	4.271267822210046000e-02	1.044366953938991177e-01
2.433398417468607477e+03	1.582013385426953300e-01	9.659547981585808740e-02	3.093993777562601966e-01	1.967902920874877448e-01	9.179912708218757045e-02	4.273669337621111702e-02	1.044776913386712691e-01
2.438236187682262880e+03	1.580481923899125229e-01	9.649066808471964962e-02	3.095001550403219115e-01	1.968518902788705116e-01	9.183009517398163513e-02	4.276056937247953160e-02	1.045184296590855877e-01
2.443073957895918284e+03	1.578959762324757543e-01	9.638646854862346902e-02	3.096003623131606264e-01	1.969131097609407854e-01	9.186086425742430450e-02	4.278430684658664912e-02	1.045589120401597544e-01
