1.490033225805827215e+03	2.159720472575145100e-01	1.350154328603196396e-01	2.758926172521648512e-01	1.706155448396767249e-01	7.819198166089727509e-02	3.557163199107897522e-02	8.874074413771217140e-02
1.494870996019482618e+03	2.154648027548074218e-01	1.346814158735154809e-01	2.761234916343648926e-01	1.709053143243612349e-01	7.841313485942742745e-02	3.560702418236046107e-02	8.880481637052717314e-02
1.499708766233137567e+03	2.149608590088079030e-01	1.343495573824953770e-01	2.763546053445389838e-01	1.711909379412058507e-01	7.862111300903387723e-02	3.564229544251318327e-02	8.888063187076891691e-02
1.504546536446793198e+03	2.144601660847834934e-01	1.340198314863439433e-01	2.765859185047147561e-01	1.714725788972659148e-01	7.881753662361781765e-02	3.567754131192798356e-02	8.896642709071023170e-02
1.509384306660448374e+03	2.139626784367548440e-01	1.336922138440192476e-01	2.768173923263512193e-01	1.717503855477577612e-01	7.900380924404094840e-02	3.571284129429385529e-02	8.906067930614625094e-02
1.514222076874103550e+03	2.134683543265488426e-01	1.333666814844068349e-01	2.770489890981036596e-01	1.720244932370002811e-01	7.918114675709075900e-02	3.574826110879016777e-02	8.916207398742359569e-02
1.519059847087758726e+03	2.129771553214398205e-01	1.330432126417079586e-01	2.772806721716351563e-01	1.722950258945034341e-01	7.935060274758312659e-02	3.578385463548870715e-02	8.926947658700590260e-02
1.523897617301414357e+03	2.124890458597420984e-01	1.327217866127431978e-01	2.775124059458331516e-01	1.725620974192282886e-01	7.951309042042747910e-02	3.581966559553156210e-02	8.938190814585833532e-02
1.528735387515069533e+03	2.120039928751565328e-01	1.324023836332129944e-01	2.777441558497381058e-01	1.728258128805772731e-01	7.966940155682995794e-02	3.585572900202464719e-02	8.949852420182465018e-02
1.533573157728724709e+03	2.115219654719187603e-01	1.320849847703579605e-01	2.779758883244478063e-01	1.730862695608115509e-01	7.982022290599273540e-02	3.589207241272164561e-02	8.961859655311370243e-02
1.538410927942380113e+03	2.110429346438725262e-01	1.317695718298073360e-01	2.782075708042236473e-01	1.733435578602519622e-01	7.996615035935106253e-02	3.592871701136673979e-02	8.974149749049087355e-02
1.543248698156035516e+03	2.105668730315226889e-01	1.314561272747034049e-01	2.784391716969897845e-01	1.735977620837337587e-01	8.010770120742398415e-02	3.596567854092728306e-02	8.986668616406325028e-02
1.548086468369690692e+03	2.100937547119273163e-01	1.311446341554474426e-01	2.786706603643912539e-01	1.738489611242869104e-01	8.024532473874522454e-02	3.600296810880253967e-02	8.999369679576348091e-02
1.552924238583346096e+03	2.096235550169827933e-01	1.308350760486377273e-01	2.789020071015501090e-01	1.740972290578564063e-01	8.037941140522658623e-02	3.604059288137551054e-02	9.012212848773497320e-02
1.557762008797001272e+03	2.091562503762596226e-01	1.305274370039621878e-01	2.791331831166390387e-01	1.743426356610086048e-01	8.051030074794468527e-02	3.607855668292337531e-02	9.025163641062658448e-02
1.562599779010656675e+03	2.086918181810646367e-01	1.302217014979764054e-01	2.793641605103727166e-01	1.745852468619560616e-01	8.063828825108874943e-02	3.611686051186919350e-02	9.038192418503637748e-02
1.567437549224311852e+03	2.082302366668564164e-01	1.299178543938416530e-01	2.795949122555028143e-01	1.748251251338374113e-01	8.076363126910737766e-02	3.615550298559953857e-02	9.051273729461886686e-02
1.572275319437967255e+03	2.077714848115295165e-01	1.296158809062234185e-01	2.798254121763880109e-01	1.750623298379815618e-01	8.088655415246408242e-02	3.619448072355278129e-02	9.064385739122460262e-02
1.577113089651622431e+03	2.073155422474189102e-01	1.293157665706579640e-01	2.800556349286990043e-01	1.752969175238416055e-01	8.100725268043959537e-02	3.623378867696857436e-02	9.077509737133833412e-02
1.581950859865277607e+03	2.068623891851670282e-01	1.290174972167887346e-01	2.802855559793089313e-01	1.755289421913814596e-01	8.112589789474446145e-02	3.627342041255258304e-02	9.090629711942078972e-02
1.586788630078933011e+03	2.064120063478476486e-01	1.287210589449551135e-01	2.805151515864111045e-01	1.757584555209178445e-01	8.124263941501619346e-02	3.631336835632807680e-02	9.103731982788804133e-02
1.591626400292587959e+03	2.059643749139577207e-01	1.284264381056854920e-01	2.807443987798976526e-01	1.759855070747448624e-01	8.135760830630364704e-02	3.635362400309640613e-02	9.116804881567827645e-02
1.596464170506243590e+03	2.055194764680759734e-01	1.281336212817079656e-01	2.809732753420275952e-01	1.762101444742853462e-01	8.147091955915473915e-02	3.639417809619371197e-02	9.129838477791875351e-02
1.601301940719898766e+03	2.050772929581510529e-01	1.278425952721429226e-01	2.812017597884063358e-01	1.764324135560080553e-01	8.158267423472004287e-02	3.643502078159625152e-02	9.142824340833946573e-02
1.606139710933553943e+03	2.046378066585203548e-01	1.275533470785883139e-01	2.814298313492947234e-01	1.766523585089135318e-01	8.169296132019261691e-02	3.647614173987739905e-02	9.155755334397712442e-02
1.610977481147209119e+03	2.042010001378843920e-01	1.272658638928465535e-01	2.816574699512618962e-01	1.768700219960137876e-01	8.180185933377090435e-02	3.651753029904461489e-02	9.168625438854192955e-02
1.615815251360864750e+03	2.037668562315648746e-01	1.269801330860762800e-01	2.818846561991913413e-01	1.770854452619047004e-01	8.190943771302888754e-02	3.655917553087415645e-02	9.181429597672381704e-02
1.620653021574519926e+03	2.033353580174667996e-01	1.266961421991814329e-01	2.821113713586488325e-01	1.772986682282480242e-01	8.201575801599217397e-02	3.660106633300622136e-02	9.194163584682053802e-02
1.625490791788175102e+03	2.029064887952423679e-01	1.264138789342746649e-01	2.823375973386169080e-01	1.775097295787352036e-01	8.212087496025406719e-02	3.664319149875646525e-02	9.206823889348431100e-02
1.630328562001830505e+03	2.024802320682234369e-01	1.261333311470752283e-01	2.825633166745987745e-01	1.777186668348942900e-01	8.222483732203728080e-02	3.668553977633422919e-02	9.219407617620070661e-02
1.635166332215485909e+03	2.020565715277471142e-01	1.258544868401192673e-01	2.827885125120931376e-01	1.779255164239191001e-01	8.232768871414269940e-02	3.672809991892863474e-02	9.231912406241400693e-02
1.640004102429141085e+03	2.016354910395504185e-01	1.255773341566771839e-01	2.830131685904395122e-01	1.781303137395408576e-01	8.242946825916361298e-02	3.677086072692514751e-02	9.244336348706723439e-02
1.644841872642796488e+03	2.012169746319537322e-01	1.253018613752871768e-01	2.832372692270325176e-01	1.783330931968269972e-01	8.253021117212747115e-02	3.681381108334379204e-02	9.256677931279228000e-02
1.649679642856451665e+03	2.008010064855901833e-01	1.250280569048257684e-01	2.834607993019029326e-01	1.785338882816729922e-01	8.262994926481072311e-02	3.685693998344183320e-02	9.268935977711952046e-02
1.654517413070107068e+03	2.003875709244720693e-01	1.247559092800470809e-01	2.836837442426614064e-01	1.787327315956509788e-01	8.272871138231575883e-02	3.690023655929564744e-02	9.281109601492101846e-02
1.659355183283762244e+03	1.999766524082128294e-01	1.244854071575314386e-01	2.839060900098011042e-01	1.789296548967904688e-01	8.282652378106573898e-02	3.694369010006557513e-02	9.293198164589674959e-02
1.664192953497417420e+03	1.995682355252477169e-01	1.242165393119923494e-01	2.841278230823546247e-01	1.791246891367906935e-01	8.292341045613439710e-02	3.698729006855175361e-02	9.305201241829244574e-02
1.669030723711072824e+03	1.991623049869179762e-01	1.239492946328970557e-01	2.843489304438990284e-01	1.793178644950964573e-01	8.301939342475696260e-02	3.703102611456608045e-02	9.317118590123038557e-02
1.673868493924728000e+03	1.987588456223016997e-01	1.236836621213622811e-01	2.845693995689048683e-01	1.795092104102136987e-01	8.311449297194167807e-02	3.707488808557389548e-02	9.328950121906584569e-02
1.678706264138383403e+03	1.983578423736895024e-01	1.234196308872917008e-01	2.847892184094214518e-01	1.796987556085904714e-01	8.320872786330064941e-02	3.711886603499688075e-02	9.340695882207325496e-02
1.683544034352038352e+03	1.979592802926183337e-01	1.231571901467261448e-01	2.850083753820936705e-01	1.798865281313463682e-01	8.330211552952648812e-02	3.716295022851547752e-02	9.352356028853739400e-02
1.688381804565693983e+03	1.975631445363869587e-01	1.228963292193814283e-01	2.852268593555028486e-01	1.800725553590964700e-01	8.339467222634211474e-02	3.720713114866243398e-02	9.363930815399164331e-02
1.693219574779349159e+03	1.971694203649882460e-01	1.226370375263518692e-01	2.854446596378258927e-01	1.802568640350837859e-01	8.348641317323324262e-02	3.725139949795944205e-02	9.375420576392143324e-02
1.698057344993004335e+03	1.967780931384018606e-01	1.223793045879605634e-01	2.856617659648054142e-01	1.804394802868062586e-01	8.357735267382586375e-02	3.729574620081419628e-02	9.386825714674972010e-02
1.702895115206659511e+03	1.963891483141979588e-01	1.221231200217400142e-01	2.858781684880251639e-01	1.806204296463000958e-01	8.366750422038331247e-02	3.734016240436505846e-02	9.398146690435227324e-02
1.707732885420315142e+03	1.960025714454101120e-01	1.218684735405286407e-01	2.860938577634827285e-01	1.807997370692209782e-01	8.375688058456326468e-02	3.738463947843513602e-02	9.409384011772300993e-02
1.712570655633970318e+03	1.956183481786408218e-01	1.216153549506707038e-01	2.863088247404541042e-01	1.809774269528461044e-01	8.384549389628517813e-02	3.742916901473487129e-02	9.420538226573199614e-02
1.717408425847625494e+03	1.952364642523681248e-01	1.213637541503089917e-01	2.865230607506429328e-01	1.811535231531045953e-01	8.393335571230885195e-02	3.747374282543308732e-02	9.431609915519721665e-02
1.722246196061280898e+03	1.948569054954258917e-01	1.211136611277604108e-01	2.867365574976072362e-01	1.813280490007301848e-01	8.402047707590792891e-02	3.751835294119990755e-02	9.442599686073220588e-02
1.727083966274936301e+03	1.944796578256343389e-01	1.208650659599666832e-01	2.869493070464586570e-01	1.815010273166185462e-01	8.410686856883539675e-02	3.756299160881032551e-02	9.453508167303978360e-02
1.731921736488591478e+03	1.941047072485606040e-01	1.206179588110124490e-01	2.871613018138262641e-01	1.816724804264611692e-01	8.419254035661599689e-02	3.760765128838489124e-02	9.464336005450241229e-02
1.736759506702246881e+03	1.937320398563912305e-01	1.203723299307049160e-01	2.873725345580788737e-01	1.818424301747191829e-01	8.427750222806114355e-02	3.765232465033330200e-02	9.475083860107512412e-02
1.741597276915902057e+03	1.933616418269021586e-01	1.201281696532092019e-01	2.875829983698008907e-01	1.820108979379923275e-01	8.436176362978002607e-02	3.769700457205715088e-02	9.485752400962203790e-02
1.746435047129557461e+03	1.929934994225123990e-01	1.198854683957346484e-01	2.877926866625131752e-01	1.821779046378327049e-01	8.444533369635703890e-02	3.774168413446040565e-02	9.496342304995343542e-02
1.751272817343212637e+03	1.926275989894104257e-01	1.196442166572680016e-01	2.880015931636349946e-01	1.823434707530456056e-01	8.452822127677434016e-02	3.778635661830893888e-02	9.506854254092143852e-02
1.756110587556867813e+03	1.922639269567432141e-01	1.194044050173493493e-01	2.882097119056805656e-01	1.825076163315163535e-01	8.461043495758061028e-02	3.783101550047470590e-02	9.517288933001893936e-02
1.760948357770523216e+03	1.919024698358598457e-01	1.191660241348879573e-01	2.884170372176831365e-01	1.826703610015964485e-01	8.469198308323939994e-02	3.787565445009481724e-02	9.527647027600216756e-02
1.765786127984178393e+03	1.915432142196020204e-01	1.189290647470147566e-01	2.886235637168427237e-01	1.828317239830792029e-01	8.477287377403160129e-02	3.792026732467147776e-02	9.537929223412193458e-02
1.770623898197833569e+03	1.911861467816353410e-01	1.186935176679690951e-01	2.888292863003910083e-01	1.829917240977917969e-01	8.485311494183672698e-02	3.796484816613471952e-02	9.548136204360509194e-02
1.775461668411488745e+03	1.908312542758158481e-01	1.184593737880174080e-01	2.890342001376673409e-01	1.831503797798272049e-01	8.493271430407310640e-02	3.800939119688670487e-02	9.558268651707620134e-02
1.780299438625144376e+03	1.904785235355871964e-01	1.182266240724017536e-01	2.892383006624018593e-01	1.833077090854377811e-01	8.501167939603981871e-02	3.805389081584348299e-02	9.568327243165186680e-02
1.785137208838799552e+03	1.901279414734043938e-01	1.179952595603165066e-01	2.894415835651996116e-01	1.834637297026093794e-01	8.509001758187058340e-02	3.809834159448750868e-02	9.578312652147574768e-02
1.789974979052454728e+03	1.897794950801803548e-01	1.177652713639114612e-01	2.896440447862206891e-01	1.836184589603334083e-01	8.516773606428086618e-02	3.814273827294231700e-02	9.588225547149473171e-02
1.794812749266109904e+03	1.894331714247527443e-01	1.175366506673199418e-01	2.898456805080510956e-01	1.837719138375924210e-01	8.524484189326590744e-02	3.818707575607863808e-02	9.598066591230305922e-02
1.799650519479765535e+03	1.890889576533680561e-01	1.173093887257107421e-01	2.900464871487606899e-01	1.839241109720734790e-01	8.532134197388556440e-02	3.823134910966000111e-02	9.607836441590524024e-02
1.804488289693420711e+03	1.887468409891810417e-01	1.170834768643625318e-01	2.902464613551417605e-01	1.840750666686219450e-01	8.539724307325365082e-02	3.827555355653417674e-02	9.617535749226863162e-02
1.809326059907075887e+03	1.884068087317670170e-01	1.168589064777597053e-01	2.904455999961249590e-01	1.842247969074478076e-01	8.547255182683415053e-02	3.831968447287594642e-02	9.627165158655415222e-02
1.814163830120731291e+03	1.880688482566461595e-01	1.166356690287088382e-01	2.906439001563673186e-01	1.843733173520948065e-01	8.554727474413219290e-02	3.836373738448543846e-02	9.636725307692900477e-02
1.819001600334386467e+03	1.877329470148176027e-01	1.164137560474747674e-01	2.908413591300080814e-01	1.845206433571829896e-01	8.562141821385663154e-02	3.840770796314559032e-02	9.646216827287812379e-02
1.823839370548041643e+03	1.873990925323027190e-01	1.161931591309354195e-01	2.910379744145882852e-01	1.846667899759329712e-01	8.569498850862034001e-02	3.845159202304151980e-02	9.655640341394258752e-02
1.828677140761696819e+03	1.870672724096959227e-01	1.159738699417548063e-01	2.912337437051297773e-01	1.848117719674811366e-01	8.576799178923548428e-02	3.849538551724378949e-02	9.664996466882293247e-02
1.833514910975352450e+03	1.867374743217226907e-01	1.157558802075734639e-01	2.914286648883692155e-01	1.849556038039931738e-01	8.584043410865385693e-02	3.853908453425737568e-02	9.674285813479402418e-02
1.838352681189008081e+03	1.864096860168035774e-01	1.155391817202155030e-01	2.916227360371438371e-01	1.850982996775834000e-01	8.591232141559511370e-02	3.858268529463727836e-02	9.683508983738511877e-02
1.843190451402663257e+03	1.860838953166237819e-01	1.153237663349120923e-01	2.918159554049238325e-01	1.852398735070468483e-01	8.598365955790034099e-02	3.862618414767158420e-02	9.692666573028531352e-02
1.848028221616318433e+03	1.857600901157074047e-01	1.151096259695403856e-01	2.920083214204894362e-01	1.853803389444102778e-01	8.605445428564371946e-02	3.866957756813244051e-02	9.701759169544015016e-02
1.852865991829973609e+03	1.854382583809963958e-01	1.148967526038776471e-01	2.921998326827469628e-01	1.855197093813084064e-01	8.612471125402990091e-02	3.871286215309497486e-02	9.710787354330963073e-02
1.857703762043628785e+03	1.851183881514333052e-01	1.146851382788701412e-01	2.923904879556813441e-01	1.856579979551910009e-01	8.619443602610210586e-02	3.875603461882404233e-02	9.719751701326202753e-02
1.862541532257283961e+03	1.848004675375476136e-01	1.144747750959161231e-01	2.925802861634418939e-01	1.857952175553661822e-01	8.626363407528175875e-02	3.879909179772859235e-02	9.728652777408175467e-02
1.867379302470939592e+03	1.844844847210455330e-01	1.142656552161626787e-01	2.927692263855572463e-01	1.859313808288850511e-01	8.633231078775834011e-02	3.884203063538303746e-02	9.737491142457205262e-02
1.872217072684594768e+03	1.841704279544026379e-01	1.140577708598158602e-01	2.929573078522759166e-01	1.860665001862724655e-01	8.640047146474556794e-02	3.888484818761510364e-02	9.746267349423638759e-02
1.877054842898249490e+03	1.838582855604594946e-01	1.138511143054640046e-01	2.931445299400300408e-01	1.862005878071089637e-01	8.646812132461761946e-02	3.892754161765932253e-02	9.754981944402447980e-02
1.881892613111905121e+03	1.835480459320198154e-01	1.136456778894135988e-01	2.933308921670186864e-01	1.863336556454675552e-01	8.653526550493789715e-02	3.897010819337539539e-02	9.763635466713091460e-02
1.886730383325560297e+03	1.832396975314511678e-01	1.134414540050374398e-01	2.935163941889075701e-01	1.864657154352105106e-01	8.660190906439071967e-02	3.901254528453047821e-02	9.772228448983596993e-02
1.891568153539215928e+03	1.829332288902877357e-01	1.132384351021348129e-01	2.937010357946425176e-01	1.865967786951492347e-01	8.666805698462538843e-02	3.905485036014440248e-02	9.780761417237977817e-02
1.896405923752871104e+03	1.826286286088357469e-01	1.130366136863033416e-01	2.938848169023729473e-01	1.867268567340720775e-01	8.673371417202052625e-02	3.909702098589680486e-02	9.789234890986238391e-02
1.901243693966526507e+03	1.823258853557806480e-01	1.128359823183222171e-01	2.940677375554838768e-01	1.868559606556429997e-01	8.679888545937604338e-02	3.913905482159512478e-02	9.797649383316291150e-02
1.906081464180181683e+03	1.820249878677963618e-01	1.126365336135464190e-01	2.942497979187322921e-01	1.869841013631753368e-01	8.686357560753864282e-02	3.918094961870226267e-02	9.806005400987244380e-02
1.910919234393836859e+03	1.817259249491567363e-01	1.124382602413118992e-01	2.944309982744860443e-01	1.871112895642837171e-01	8.692778930696661022e-02	3.922270321792291348e-02	9.814303444523590769e-02
1.915757004607492036e+03	1.814286854713485220e-01	1.122411549243510914e-01	2.946113390190619463e-01	1.872375357754175740e-01	8.699153117923844047e-02	3.926431354684734726e-02	9.822544008309885832e-02
1.920594774821147894e+03	1.811332583726867618e-01	1.120452104382189118e-01	2.947908206591614566e-01	1.873628503262797784e-01	8.705480577850968626e-02	3.930577861765148506e-02	9.830727580685576228e-02
1.925432545034802843e+03	1.808396326579312374e-01	1.118504196107285992e-01	2.949694438084005110e-01	1.874872433641329716e-01	8.711761759292162288e-02	3.934709652485219450e-02	9.838854644039674024e-02
1.930270315248458019e+03	1.805477973979054684e-01	1.116567753213974501e-01	2.951472091839315581e-01	1.876107248579971243e-01	8.717997104596514335e-02	3.938826544311651440e-02	9.846925674905061820e-02
1.935108085462113195e+03	1.802577417291170436e-01	1.114642705009021156e-01	2.953241176031552451e-01	1.877333046027409857e-01	8.724187049780275649e-02	3.942928362512386486e-02	9.854941144052190016e-02
1.939945855675768371e+03	1.799694548533797012e-01	1.112728981305431547e-01	2.955001699805194226e-01	1.878549922230703939e-01	8.730332024655119982e-02	3.947014939947987577e-02	9.862901516582019135e-02
1.944783625889424002e+03	1.796829260374373516e-01	1.110826512417187051e-01	2.956753673244034708e-01	1.879757971774159153e-01	8.736432452952712369e-02	3.951086116868090387e-02	9.870807252018043432e-02
1.949621396103079178e+03	1.793981446125896828e-01	1.108935229154070778e-01	2.958497107340853916e-01	1.880957287617230356e-01	8.742488752445778943e-02	3.955141740712796866e-02	9.878658804397298654e-02
1.954459166316734354e+03	1.791150999743194028e-01	1.107055062816580671e-01	2.960232013967897258e-01	1.882147961131467317e-01	8.748501335065873852e-02	3.959181665918912185e-02	9.886456622360223490e-02
1.959296936530389530e+03	1.788337815819213417e-01	1.105185945190927388e-01	2.961958405848140186e-01	1.883330082136535910e-01	8.754470607017997286e-02	3.963205753730902198e-02	9.894201149239334470e-02
1.964134706744044706e+03	1.785541789581331917e-01	1.103327808544114219e-01	2.963676296527323895e-01	1.884503738935336403e-01	8.760396968892228409e-02	3.967213872016483317e-02	9.901892823146633826e-02
1.968972476957700337e+03	1.782762816887678015e-01	1.101480585619099561e-01	2.965385700346731546e-01	1.885669018348241910e-01	8.766280815772499457e-02	3.971205895086720589e-02	9.909532077059687860e-02
1.973810247171355968e+03	1.780000794223473848e-01	1.099644209630037950e-01	2.967086632416696679e-01	1.886826005746480850e-01	8.772122537342638693e-02	3.975181703520537513e-02	9.917119338906350834e-02
1.978648017385010689e+03	1.777255618697393402e-01	1.097818614257597553e-01	2.968779108590821059e-01	1.887974785084685081e-01	8.777922517989794615e-02	3.979141183993541858e-02	9.924655031648117742e-02
1.983485787598666320e+03	1.774527188037936243e-01	1.096003733644355799e-01	2.970463145440876418e-01	1.889115438932627844e-01	8.783681136905341358e-02	3.983084229111057140e-02	9.932139573362064322e-02
1.988323557812321269e+03	1.771815400589820677e-01	1.094199502390266754e-01	2.972138760232386212e-01	1.890248048506169842e-01	8.789398768183369348e-02	3.987010737245265390e-02	9.939573377321364589e-02
1.993161328025976900e+03	1.769120155310389964e-01	1.092405855548201909e-01	2.973805970900858520e-01	1.891372693697432328e-01	8.795075780916833397e-02	3.990920612376366861e-02	9.946956852074403943e-02
1.997999098239632076e+03	1.766441351766041556e-01	1.090622728619561749e-01	2.975464796028658432e-01	1.892489453104223840e-01	8.800712539291460912e-02	3.994813763937661577e-02	9.954290401522453147e-02
2.002836868453287707e+03	1.763778890128666343e-01	1.088850057549956701e-01	2.977115254822501056e-01	1.893598404058733919e-01	8.806309402677467424e-02	3.998690106664459093e-02	9.961574424995929544e-02
2.007674638666942428e+03	1.761132671172110087e-01	1.087087778724955128e-01	2.978757367091550701e-01	1.894699622655513782e-01	8.811866725719175175e-02	4.002549560446724830e-02	9.968809317329239972e-02
2.012512408880597604e+03	1.758502596268649576e-01	1.085335828965897920e-01	2.980391153226112366e-01	1.895793183778763935e-01	8.817384858422593064e-02	4.006392050185379056e-02	9.975995468934227561e-02
2.017350179094252780e+03	1.755888567385486543e-01	1.083594145525778457e-01	2.982016634176892778e-01	1.896879161128947611e-01	8.822864146241006511e-02	4.010217505652156206e-02	9.983133265872226603e-02
2.022187949307908411e+03	1.753290487081257398e-01	1.081862666085185720e-01	2.983633831434825967e-01	1.897957627248742229e-01	8.828304930158650810e-02	4.014025861352946145e-02	9.990223089924732403e-02
2.027025719521564042e+03	1.750708258502562398e-01	1.080141328748308177e-01	2.985242767011443421e-01	1.899028653548352485e-01	8.833707546772524843e-02	4.017817056394527159e-02	9.997265318662726385e-02
2.031863489735218764e+03	1.748141785380509516e-01	1.078430072039000126e-01	2.986843463419773248e-01	1.900092310330196432e-01	8.839072328372378495e-02	4.021591034354617816e-02	1.000426032551465505e-01
2.036701259948874394e+03	1.745590972027276366e-01	1.076728834896906462e-01	2.988435943655758931e-01	1.901148666812984278e-01	8.844399603018943123e-02	4.025347743155157504e-02	1.001120847983308221e-01
2.041539030162529116e+03	1.743055723332690710e-01	1.075037556673645867e-01	2.990020231180182120e-01	1.902197791155201267e-01	8.849689694620442582e-02	4.029087134938750397e-02	1.001811014696004504e-01
2.046376800376184747e+03	1.740535944760824849e-01	1.073356177129050903e-01	2.991596349901076146e-01	1.903239750478015191e-01	8.854942923007430577e-02	4.032809165948194469e-02	1.002496568829113893e-01
2.051214570589840150e+03	1.738031542346610836e-01	1.071684636427463755e-01	2.993164324156616929e-01	1.904274610887619068e-01	8.860159604006000167e-02	4.036513796409008786e-02	1.003177546133832559e-01
2.056052340803495554e+03	1.735542422692470388e-01	1.070022875134085671e-01	2.994724178698480732e-01	1.905302437497024826e-01	8.865340049509402853e-02	4.040200990414906379e-02	1.003853981979151988e-01
2.060890111017150957e+03	1.733068492964962015e-01	1.068370834211381515e-01	2.996275938675657113e-01	1.906323294447323513e-01	8.870484567548124477e-02	4.043870715816125921e-02	1.004525911357895263e-01
2.065727881230805451e+03	1.730609660891447299e-01	1.066728455015534816e-01	2.997819629618703741e-01	1.907337244928422326e-01	8.875593462358444263e-02	4.047522944110566734e-02	1.005193368892635247e-01
2.070565651444461309e+03	1.728165834756772434e-01	1.065095679292954872e-01	2.999355277424428645e-01	1.908344351199276201e-01	8.880667034449529762e-02	4.051157650337648686e-02	1.005856388841494947e-01
2.075403421658116713e+03	1.725736923399967260e-01	1.063472449176833673e-01	3.000882908340997135e-01	1.909344674607621750e-01	8.885705580669081560e-02	4.054774812974833165e-02	1.006515005103833099e-01
2.080241191871772116e+03	1.723322836210963160e-01	1.061858707183752082e-01	3.002402548953443384e-01	1.910338275609232694e-01	8.890709394267592991e-02	4.058374413836750294e-02	1.007169251225818879e-01
2.085078962085427065e+03	1.720923483127325404e-01	1.060254396210333072e-01	3.003914226169583368e-01	1.911325213786700949e-01	8.895678764961224838e-02	4.061956437976859541e-02	1.007819160405894060e-01
2.089916732299082469e+03	1.718538774631004351e-01	1.058659459529944086e-01	3.005417967206311380e-01	1.912305547867763911e-01	8.900613978993347775e-02	4.065520873591581957e-02	1.008464765500128868e-01
2.094754502512737417e+03	1.716168621745103873e-01	1.057073840789442831e-01	3.006913799576280133e-01	1.913279335743183207e-01	8.905515319194787227e-02	4.069067711926854097e-02	1.009106099027471809e-01
2.099592272726392821e+03	1.713812936030666423e-01	1.055497484005969849e-01	3.008401751074943342e-01	1.914246634484189080e-01	8.910383065042781769e-02	4.072596947187036298e-02	1.009743193174895415e-01
2.104430042940048224e+03	1.711471629583475040e-01	1.053930333563785487e-01	3.009881849767960804e-01	1.915207500359501491e-01	8.915217492718700842e-02	4.076108576446119819e-02	1.010376079802440957e-01
2.109267813153704083e+03	1.709144615030872838e-01	1.052372334211148786e-01	3.011354123978950414e-01	1.916161988851937670e-01	8.920018875164546779e-02	4.079602599561181486e-02	1.011004790448163104e-01
2.114105583367359031e+03	1.706831805528600254e-01	1.050823431057239521e-01	3.012818602277581026e-01	1.917110154674616929e-01	8.924787482138271666e-02	4.083079019088026174e-02	1.011629356332978125e-01
2.118943353581013525e+03	1.704533114757647017e-01	1.049283569569122720e-01	3.014275313467995598e-01	1.918052051786775236e-01	8.929523580267920146e-02	4.086537840198967847e-02	1.012249808365416476e-01
2.123781123794669384e+03	1.702248456921123809e-01	1.047752695568752446e-01	3.015724286577559088e-01	1.918987733409193708e-01	8.934227433104656446e-02	4.089979070602695749e-02	1.012866177146281854e-01
2.128618894008324787e+03	1.699977746741148932e-01	1.046230755230015685e-01	3.017165550845919419e-01	1.919917252039259059e-01	8.938899301174661749e-02	4.093402720466174372e-02	1.013478492973219486e-01
2.133456664221980191e+03	1.697720899455753829e-01	1.044717695075816632e-01	3.018599135714374326e-01	1.920840659465657962e-01	8.943539442029967146e-02	4.096808802338530037e-02	1.014086785845194488e-01
2.138294434435635139e+03	1.695477830815803610e-01	1.043213461975197320e-01	3.020025070815535728e-01	1.921758006782718353e-01	8.948148110298209668e-02	4.100197331076874119e-02	1.014691085466883497e-01
2.143132204649290543e+03	1.693248457081935610e-01	1.041718003140497950e-01	3.021443385963287764e-01	1.922669344404406289e-01	8.952725557731369688e-02	4.103568323774017118e-02	1.015291421252980109e-01
2.147969974862945492e+03	1.691032695021514320e-01	1.040231266124552606e-01	3.022854111143026268e-01	1.923574722077985577e-01	8.957272033253485533e-02	4.106921799688023622e-02	1.015887822332417201e-01
2.152807745076601350e+03	1.688830461905602709e-01	1.038753198817921330e-01	3.024257276502168579e-01	1.924474188897351279e-01	8.961787783007384156e-02	4.110257780173575543e-02	1.016480317552506674e-01
2.157645515290255844e+03	1.686641675505952398e-01	1.037283749446158143e-01	3.025652912340942025e-01	1.925367793316042631e-01	8.966273050400438982e-02	4.113576288615079790e-02	1.017068935482999675e-01
2.162483285503912157e+03	1.684466254092007731e-01	1.035822866567112921e-01	3.027041049103424419e-01	1.926255583159945384e-01	8.970728076149392383e-02	4.116877350361496102e-02	1.017653704420067307e-01
2.167321055717567106e+03	1.682304116427927876e-01	1.034370499068268251e-01	3.028421717368845467e-01	1.927137605639690499e-01	8.975153098324244183e-02	4.120160992662833671e-02	1.018234652390206524e-01
2.172158825931222509e+03	1.680155181769626416e-01	1.032926596164109034e-01	3.029794947843131303e-01	1.928013907362758350e-01	8.979548352391246435e-02	4.123427244608281195e-02	1.018811807154068466e-01
2.176996596144877003e+03	1.678019369861825372e-01	1.031491107393525120e-01	3.031160771350695504e-01	1.928884534345292057e-01	8.983914071255011402e-02	4.126676137065923150e-02	1.019385196210215172e-01
2.181834366358532861e+03	1.675896600935127823e-01	1.030063982617245993e-01	3.032519218826459917e-01	1.929749532023632419e-01	8.988250485299749404e-02	4.129907702624011773e-02	1.019954846798804132e-01
2.186672136572187810e+03	1.673786795703105235e-01	1.028645172015306558e-01	3.033870321308111961e-01	1.930608945265578635e-01	8.992557822429676773e-02	4.133121975533753101e-02	1.020520785905201094e-01
2.191509906785843214e+03	1.671689875359403665e-01	1.027234626084544689e-01	3.035214109928577320e-01	1.931462818381380064e-01	8.996836308108588365e-02	4.136318991653568228e-02	1.021083040263526254e-01
2.196347676999498617e+03	1.669605761574862179e-01	1.025832295636128488e-01	3.036550615908712447e-01	1.932311195134470971e-01	9.001086165398623773e-02	4.139498788394797152e-02	1.021641636360131056e-01
2.201185447213154021e+03	1.667534376494653470e-01	1.024438131793113105e-01	3.037879870550214689e-01	1.933154118751948536e-01	9.005307614998256382e-02	4.142661404668809139e-02	1.022196600437010328e-01
2.206023217426809424e+03	1.665475642735435025e-01	1.023052085988028076e-01	3.039201905228728906e-01	1.933991631934807442e-01	9.009500875279495558e-02	4.145806880835484209e-02	1.022747958495149462e-01
2.210860987640464373e+03	1.663429483382518892e-01	1.021674109960490906e-01	3.040516751387161709e-01	1.934823776867928558e-01	9.013666162324343589e-02	4.148935258653032448e-02	1.023295736297808872e-01
2.215698757854119776e+03	1.661395821987059207e-01	1.020304155754851311e-01	3.041824440529189433e-01	1.935650595229836679e-01	9.017803689960517122e-02	4.152046581229119904e-02	1.023839959373746417e-01
2.220536528067775180e+03	1.659374582563252487e-01	1.018942175717861692e-01	3.043125004212954843e-01	1.936472128202227361e-01	9.021913669796441382e-02	4.155140892973268468e-02	1.024380653020379589e-01
2.225374298281430583e+03	1.657365689585556245e-01	1.017588122496374536e-01	3.044418474044953138e-01	1.937288416479271136e-01	9.025996311255544968e-02	4.158218239550494355e-02	1.024917842306888038e-01
2.230212068495085077e+03	1.655369067985922871e-01	1.016241949035067149e-01	3.045704881674093367e-01	1.938099500276700693e-01	9.030051821609866303e-02	4.161278667836162265e-02	1.025451552077259604e-01
2.235049838708740936e+03	1.653384643151049882e-01	1.014903608574192345e-01	3.046984258785941369e-01	1.938905419340684055e-01	9.034080406012980069e-02	4.164322225872023331e-02	1.025981806953278480e-01
2.239887608922396339e+03	1.651412340919645172e-01	1.013573054647354532e-01	3.048256637097129795e-01	1.939706212956491538e-01	9.038082267532274172e-02	4.167348962823400060e-02	1.026508631337458566e-01
2.244725379136052197e+03	1.649452087579708071e-01	1.012250241079310775e-01	3.049522048349934678e-01	1.940501919956962862e-01	9.042057607180570278e-02	4.170358928937501625e-02	1.027032049415923243e-01
2.249563149349706237e+03	1.647503809865826507e-01	1.010935121983797119e-01	3.050780524307021291e-01	1.941292578730775265e-01	9.046006623947125402e-02	4.173352175502836187e-02	1.027552085161230200e-01
2.254400919563362095e+03	1.645567434956490827e-01	1.009627651761379058e-01	3.052032096746337686e-01	1.942078227230520926e-01	9.049929514828013166e-02	4.176328754809691124e-02	1.028068762335147129e-01
2.259238689777017044e+03	1.643642890471420370e-01	1.008327785097326013e-01	3.053276797456170866e-01	1.942858902980597879e-01	9.053826474855905526e-02	4.179288720111658251e-02	1.028582104491374272e-01
2.264076459990672902e+03	1.641730104468908658e-01	1.007035476959508152e-01	3.054514658230348401e-01	1.943634643084917457e-01	9.057697697129254988e-02	4.182232125588180444e-02	1.029092134978219081e-01
2.268914230204327851e+03	1.639829005443181331e-01	1.005750682596317780e-01	3.055745710863588260e-01	1.944405484234436321e-01	9.061543372840917543e-02	4.185159026308085672e-02	1.029598876941221069e-01
2.273752000417983254e+03	1.637939522321772146e-01	1.004473357534612643e-01	3.056969987146990198e-01	1.945171462714511690e-01	9.065363691306196903e-02	4.188069478194095946e-02	1.030102353325729608e-01
2.278589770631638203e+03	1.636061584462911445e-01	1.003203457577681590e-01	3.058187518863663135e-01	1.945932614412091977e-01	9.069158839990346110e-02	4.190963537988279253e-02	1.030602586879435095e-01
2.283427540845293606e+03	1.634195121652932681e-01	1.001940938803231318e-01	3.059398337784493549e-01	1.946688974822738949e-01	9.072929004535527919e-02	4.193841263218421600e-02	1.031099600154854884e-01
2.288265311058949010e+03	1.632340064103691146e-01	1.000685757561395606e-01	3.060602475664038757e-01	1.947440579057492516e-01	9.076674368787253366e-02	4.196702712165302496e-02	1.031593415511773970e-01
2.293103081272604413e+03	1.630496342449999636e-01	9.994378704727653606e-02	3.061799964236550653e-01	1.948187461849574809e-01	9.080395114820291602e-02	4.199547943830841956e-02	1.032084055119642935e-01
2.297940851486259817e+03	1.628663887747080208e-01	9.981972344264394836e-02	3.062990835212126561e-01	1.948929657560947437e-01	9.084091422964093998e-02	4.202377017907107937e-02	1.032571540959932449e-01
2.302778621699914765e+03	1.626842631468027600e-01	9.969638065780955793e-02	3.064175120272976671e-01	1.949667200188714145e-01	9.087763471827710327e-02	4.205189994746154347e-02	1.033055894828446009e-01
2.307616391913570169e+03	1.625032505501290137e-01	9.957375443480814825e-02	3.065352851069810258e-01	1.950400123371381356e-01	9.091411438324230321e-02	4.207986935330673001e-02	1.033537138337592559e-01
2.312454162127225118e+03	1.623233442148165062e-01	9.945184054195256584e-02	3.066524059218340703e-01	1.951128460394977171e-01	9.095035497694747839e-02	4.210767901245442840e-02	1.034015292918618462e-01
2.317291932340880976e+03	1.621445374120306926e-01	9.933063477364678651e-02	3.067688776295897646e-01	1.951852244199031305e-01	9.098635823531879552e-02	4.213532954649548690e-02	1.034490379823799627e-01
2.322129702554535925e+03	1.619668234537254004e-01	9.921013295020082723e-02	3.068847033838150162e-01	1.952571507382420413e-01	9.102212587802807620e-02	4.216282158249357037e-02	1.034962420128597155e-01
2.326967472768191783e+03	1.617901956923964712e-01	9.909033091764751777e-02	3.069998863335937078e-01	1.953286282209082125e-01	9.105765960871903264e-02	4.219015575272225260e-02	1.035431434733773831e-01
2.331805242981846732e+03	1.616146475208372901e-01	9.897122454756125676e-02	3.071144296232198867e-01	1.953996600613603085e-01	9.109296111522909023e-02	4.221733269440933883e-02	1.035897444367474135e-01
2.336643013195502135e+03	1.614401723718955073e-01	9.885280973687836370e-02	3.072283363919008914e-01	1.954702494206678742e-01	9.112803206980696347e-02	4.224435304948812725e-02	1.036360469587268712e-01
2.341480783409156629e+03	1.612667637182312597e-01	9.873508240771936006e-02	3.073416097734705255e-01	1.955403994280454083e-01	9.116287412932620737e-02	4.227121746435553301e-02	1.036820530782163602e-01
2.346318553622812487e+03	1.610944150720767520e-01	9.861803850721299891e-02	3.074542528961115573e-01	1.956101131813744176e-01	9.119748893549460556e-02	4.229792658963685975e-02	1.037277648174574352e-01
2.351156323836467891e+03	1.609231199849975036e-01	9.850167400732197376e-02	3.075662688820876012e-01	1.956793937477139533e-01	9.123187811505971412e-02	4.232448107995707975e-02	1.037731841822267520e-01
2.355994094050123294e+03	1.607528720476546769e-01	9.838598490467040381e-02	3.076776608474840469e-01	1.957482441637997395e-01	9.126604328001047817e-02	4.235088159371838690e-02	1.038183131620267902e-01
2.360831864263778243e+03	1.605836648895690444e-01	9.827096722037283183e-02	3.077884319019575377e-01	1.958166674365325599e-01	9.129998602777510130e-02	4.237712879288400847e-02	1.038631537302734387e-01
2.365669634477433647e+03	1.604154921788862598e-01	9.815661699986510946e-02	3.078985851484941638e-01	1.958846665434554601e-01	9.133370794141519589e-02	4.240322334276797056e-02	1.039077078444803348e-01
2.370507404691088595e+03	1.602483476221435721e-01	9.804293031273667025e-02	3.080081236831760383e-01	1.959522444332209845e-01	9.136721058981629728e-02	4.242916591183074071e-02	1.039519774464401358e-01
2.375345174904743999e+03	1.600822249640379002e-01	9.792990325256457906e-02	3.081170505949559213e-01	1.960194040260476722e-01	9.140049552787492260e-02	4.245495717148060205e-02	1.039959644624027929e-01
2.380182945118399402e+03	1.599171179871952675e-01	9.781753193674905256e-02	3.082253689654395612e-01	1.960861482141670331e-01	9.143356429668207663e-02	4.248059779588064105e-02	1.040396708032508277e-01
2.385020715332054806e+03	1.597530205119416236e-01	9.770581250635050619e-02	3.083330818686758068e-01	1.961524798622603927e-01	9.146641842370339948e-02	4.250608846176111288e-02	1.040830983646716390e-01
2.389858485545710209e+03	1.595899263960750547e-01	9.759474112592821105e-02	3.084401923709544358e-01	1.962184018078866055e-01	9.149905942295605277e-02	4.253142984823714973e-02	1.041262490273270058e-01
2.394696255759364703e+03	1.594278295346393537e-01	9.748431398338046339e-02	3.085467035306106998e-01	1.962839168619002483e-01	9.153148879518226144e-02	4.255662263663162470e-02	1.041691246570198293e-01
2.399534025973020562e+03	1.592667238596988388e-01	9.737452728978610028e-02	3.086526183978376414e-01	1.963490278088609597e-01	9.156370802801976072e-02	4.258166751030308117e-02	1.042117271048581262e-01
2.404371796186675965e+03	1.591066033401146718e-01	9.726537727924759735e-02	3.087579400145044617e-01	1.964137374074338138e-01	9.159571859616914835e-02	4.260656515447855397e-02	1.042540582074162892e-01
2.409209566400331823e+03	1.589474619813223133e-01	9.715686020873551265e-02	3.088626714139823259e-01	1.964780483907812569e-01	9.162752196155815598e-02	4.263131625609117153e-02	1.042961197868937512e-01
2.414047336613986317e+03	1.587892938251106445e-01	9.704897235793449872e-02	3.089668156209762762e-01	1.965419634669464677e-01	9.165911957350296457e-02	4.265592150362249035e-02	1.043379136512711525e-01
2.418885106827641721e+03	1.586320929494019760e-01	9.694171002909048040e-02	3.090703756513635270e-01	1.966054853192287510e-01	9.169051286886659158e-02	4.268038158694929807e-02	1.043794415944638565e-01
2.423722877041296670e+03	1.584758534680336117e-01	9.683506954685937307e-02	3.091733545120380899e-01	1.966686166065508279e-01	9.172170327221448871e-02	4.270469719719494073e-02	1.044207053964731485e-01
2.428560647254952528e+03	1.583205695305408001e-01	9.672904725815710536e-02	3.092757552007610600e-01	1.967313599638183808e-01	9.175269219596732251e-02	4.272886902658491054e-02	1.044617068235349222e-01
2.433398417468607477e+03	1.581662353219407680e-01	9.662363953201096034e-02	3.093775807060171745e-01	1.967937180022718835e-01	9.178348104055100709e-02	4.275289776830670796e-02	1.045024476282660070e-01
2.438236187682262880e+03	1.580128450625181702e-01	9.651884275941227664e-02	3.094788340068768129e-01	1.968556933098311590e-01	9.181407119454412791e-02	4.277678411637375611e-02	1.045429295498082195e-01
2.443073957895918284e+03	1.578603930076118433e-01	9.641465335317038476e-02	3.095795180728633245e-01	1.969172884514326927e-01	9.184446403482270094e-02	4.280052876549339524e-02	1.045831543139701530e-01
2.447911728109573687e+03	1.577088734474028364e-01	9.631106774776784785e-02	3.096796358638261304e-01	1.969785059693599238e-01	9.187466092670240614e-02	4.282413241093873529e-02	1.046231236333666770e-01
2.452749498323228636e+03	1.575582807067035240e-01	9.620808239921696536e-02	3.097791903298187655e-01	1.970393483835663762e-01	9.190466322407833677e-02	4.284759574842431779e-02	1.046628392075562991e-01
