1.494870996019482618e+03	2.156147731798268297e-01	1.346773234521757290e-01	2.761952444701825660e-01	1.709568083164032803e-01	7.832175156339868383e-02	3.546647394487612709e-02	8.876762507249411072e-02
1.499708766233137567e+03	2.151092967394607203e-01	1.343453062183032065e-01	2.764255322259942527e-01	1.712493368474920230e-01	7.851297040062492349e-02	3.550423763677568179e-02	8.885331993070644252e-02
1.504546536446793198e+03	2.146069739323153147e-01	1.340154639349711296e-01	2.766559455995593053e-01	1.715372483129548875e-01	7.869638515089268094e-02	3.554221996277819734e-02	8.894576310588574175e-02
1.509384306660448374e+03	2.141077817015221152e-01	1.336877644656392639e-01	2.768864547656827435e-01	1.718207414002244637e-01	7.887272790465053862e-02	3.558044112941163850e-02	8.904408863222651460e-02
1.514222076874103550e+03	2.136116974085507936e-01	1.333621778599463070e-01	2.771170301243458534e-01	1.720999985886996486e-01	7.904265271975483009e-02	3.561891723887287975e-02	8.914752605918691009e-02
1.519059847087758726e+03	2.131186988045679909e-01	1.330386761259700623e-01	2.773476423696522031e-01	1.723751877863300697e-01	7.920674406597287553e-02	3.565766078359539765e-02	8.925539006326863034e-02
1.523897617301414357e+03	2.126287640046924388e-01	1.327172330271118583e-01	2.775782625488644184e-01	1.726464637916718670e-01	7.936552435363328217e-02	3.569668108601196238e-02	8.936707118737140243e-02
1.528735387515069533e+03	2.121418714648357073e-01	1.323978239009344637e-01	2.778088621126698632e-01	1.729139696002734705e-01	7.951946064578729878e-02	3.573598468948416956e-02	8.948202758537231183e-02
1.533573157728724709e+03	2.116579999608527995e-01	1.320804254975726511e-01	2.780394129576853612e-01	1.731778375722047014e-01	7.966897064246429572e-02	3.577557570572227619e-02	8.959977766285526224e-02
1.538410927942380113e+03	2.111771285697557898e-01	1.317650158355932188e-01	2.782698874621029050e-01	1.734381904757209270e-01	7.981442801599329673e-02	3.581545612344055191e-02	8.971989351675065116e-02
1.543248698156035516e+03	2.106992366527701277e-01	1.314515740734126525e-01	2.785002585152768217e-01	1.736951424204296601e-01	7.995616716779409272e-02	3.585562608247801902e-02	8.984199508719600824e-02
1.548086468369690692e+03	2.102243038400380126e-01	1.311400803945847737e-01	2.787304995419653264e-01	1.739487996918774870e-01	8.009448746940284192e-02	3.589608411715500269e-02	8.996574494433393077e-02
1.552924238583346096e+03	2.097523100167935639e-01	1.308305159054544697e-01	2.789605845218612878e-01	1.741992614981853205e-01	8.022965704368703599e-02	3.593682737222637230e-02	9.009084364114931798e-02
1.557762008797001272e+03	2.092832353108537158e-01	1.305228625438368817e-01	2.791904880049750348e-01	1.744466206382074835e-01	8.036191613613387352e-02	3.597785179442694603e-02	9.021702557092335650e-02
1.562599779010656675e+03	2.088170600812856714e-01	1.302171029975263683e-01	2.794201851233719114e-01	1.746909640996643920e-01	8.049148012068352287e-02	3.601915230227949877e-02	9.034405527454592022e-02
1.567437549224311852e+03	2.083537649081266541e-01	1.299132206315694316e-01	2.796496515997091703e-01	1.749323735947832803e-01	8.061854217975385206e-02	3.606072293654505323e-02	9.047172414886982261e-02
1.572275319437967255e+03	2.078933305830450995e-01	1.296111994233520859e-01	2.798788637529690537e-01	1.751709260401658752e-01	8.074327569380156111e-02	3.610255699343689617e-02	9.059984751258666480e-02
1.577113089651622431e+03	2.074357381008445356e-01	1.293110239046539878e-01	2.801077985017395577e-01	1.754066939868740016e-01	8.086583637192977514e-02	3.614464714248896704e-02	9.072826199082639764e-02
1.581950859865277607e+03	2.069809686517217751e-01	1.290126791099145964e-01	2.803364333653552976e-01	1.756397460060763194e-01	8.098636415163346092e-02	3.618698553076359070e-02	9.085682318389215473e-02
1.586788630078933011e+03	2.065290036142008456e-01	1.287161505300381537e-01	2.805647464631762511e-01	1.758701470350206297e-01	8.110498489272600919e-02	3.622956387490045005e-02	9.098540358929488314e-02
1.591626400292587959e+03	2.060798245486721303e-01	1.284214240711372135e-01	2.807927165122499624e-01	1.760979586875808522e-01	8.122181188777358174e-02	3.627237354234521399e-02	9.111389074959826140e-02
1.596464170506243590e+03	2.056334131914744345e-01	1.281284860176797047e-01	2.810203228235761408e-01	1.763232395331686686e-01	8.133694720894092678e-02	3.631540562295055424e-02	9.124218560156678592e-02
1.601301940719898766e+03	2.051897514494635255e-01	1.278373229995626303e-01	2.812475452971665568e-01	1.765460453473891855e-01	8.145048290899330190e-02	3.635865099201257555e-02	9.137020100476941908e-02
1.606139710933553943e+03	2.047488213950174607e-01	1.275479219626869942e-01	2.814743644160722646e-01	1.767664293374555662e-01	8.156250209227375314e-02	3.640210036568987395e-02	9.149786043016129577e-02
1.610977481147209119e+03	2.043106052614340751e-01	1.272602701426548966e-01	2.817007612395296401e-01	1.769844423450509796e-01	8.167307986975858025e-02	3.644574434964922144e-02	9.162509679127979478e-02
1.615815251360864750e+03	2.038750854386806033e-01	1.269743550412509026e-01	2.819267173953596828e-01	1.772001330290366161e-01	8.178228421076409738e-02	3.648957348169005327e-02	9.175185140257526017e-02
1.620653021574519926e+03	2.034422444694601317e-01	1.266901644054061193e-01	2.821522150717394317e-01	1.774135480301446410e-01	8.189017670251308445e-02	3.653357826901781208e-02	9.187807305107599520e-02
1.625490791788175102e+03	2.030120650455627396e-01	1.264076862083766128e-01	2.823772370084504102e-01	1.776247321195651985e-01	8.199681322755386637e-02	3.657774922076322682e-02	9.200371716908511965e-02
1.630328562001830505e+03	2.025845300044734065e-01	1.261269086328965228e-01	2.826017664876965263e-01	1.778337283331295204e-01	8.210224456794042169e-02	3.662207687627939967e-02	9.212874509694136960e-02
1.635166332215485909e+03	2.021596223262106806e-01	1.258478200560923521e-01	2.828257873245734744e-01	1.780405780926084813e-01	8.220651694411558463e-02	3.666655182969048160e-02	9.225312342606611926e-02
1.640004102429141085e+03	2.017373251303740678e-01	1.255704090359679170e-01	2.830492838572613579e-01	1.782453213154819582e-01	8.230967249557760712e-02	3.671116475111415450e-02	9.237682341358019467e-02
1.644841872642796488e+03	2.013176216733795210e-01	1.252946642992906479e-01	2.832722409370033723e-01	1.784479965143883351e-01	8.241174970964246227e-02	3.675590640493368172e-02	9.249982046071930641e-02
1.649679642856451665e+03	2.009004953458648213e-01	1.250205747307275295e-01	2.834946439179272248e-01	1.786486408873333986e-01	8.251278380392908229e-02	3.680076766545450212e-02	9.262209364812078183e-02
1.654517413070107068e+03	2.004859296702490579e-01	1.247481293630960664e-01	2.837164786467564204e-01	1.788472903996221886e-01	8.261280706758458714e-02	3.684573953024340709e-02	9.274362532180568941e-02
1.659355183283762244e+03	2.000739082984310246e-01	1.244773173686095913e-01	2.839377314524555995e-01	1.790439798583728648e-01	8.271184916572196788e-02	3.689081313141590740e-02	9.286440072435045434e-02
1.664192953497417420e+03	1.996644150096143211e-01	1.242081280510103636e-01	2.841583891358460123e-01	1.792387429803807553e-01	8.280993741105771577e-02	3.693597974510808013e-02	9.298440766634015475e-02
1.669030723711072824e+03	1.992574337082470282e-01	1.239405508384940902e-01	2.843784389592239337e-01	1.794316124540173696e-01	8.290709700630419232e-02	3.698123079934338697e-02	9.310363623372742981e-02
1.673868493924728000e+03	1.988529484220655508e-01	1.236745752773412421e-01	2.845978686360103316e-01	1.796226199957760283e-01	8.300335126048589973e-02	3.702655788048173080e-02	9.322207852719670285e-02
1.678706264138383403e+03	1.984509433002335510e-01	1.234101910261787560e-01	2.848166663204559912e-01	1.798117964020107817e-01	8.309872178200500281e-02	3.707195273841744354e-02	9.333972843005595987e-02
1.683544034352038352e+03	1.980514026115675341e-01	1.231473878508047015e-01	2.850348205974232441e-01	1.799991715963562278e-01	8.319322865097504571e-02	3.711740729067455197e-02	9.345658140155621574e-02
1.688381804565693983e+03	1.976543107428414270e-01	1.228861556195151722e-01	2.852523204722621775e-01	1.801847746732640199e-01	8.328689057306855326e-02	3.716291362553117428e-02	9.357263429287507317e-02
1.693219574779349159e+03	1.972596521971636541e-01	1.226264842988797898e-01	2.854691553607968113e-01	1.803686339380458636e-01	8.337972501688034610e-02	3.720846400429053680e-02	9.368788518330065096e-02
1.698057344993004335e+03	1.968674115924203272e-01	1.223683639499176801e-01	2.856853150794347318e-01	1.805507769437707521e-01	8.347174833659173898e-02	3.725405086280286771e-02	9.380233323441958260e-02
1.702895115206659511e+03	1.964775736597797473e-01	1.221117847246310090e-01	2.859007898354108401e-01	1.807312305253271634e-01	8.356297588152662714e-02	3.729966681233094078e-02	9.391597856035142911e-02
1.707732885420315142e+03	1.960901232422525287e-01	1.218567368628581948e-01	2.861155702171742643e-01	1.809100208309288305e-01	8.365342209401839535e-02	3.734530463984180038e-02	9.402882211228374976e-02
1.712570655633970318e+03	1.957050452933037088e-01	1.216032106894123638e-01	2.863296471849268721e-01	1.810871733513125525e-01	8.374310059685220742e-02	3.739095730779783133e-02	9.414086557575226943e-02
1.717408425847625494e+03	1.953223248755122654e-01	1.213511966114749346e-01	2.865430120613188802e-01	1.812627129468500908e-01	8.383202427141051016e-02	3.743661795351228838e-02	9.425211127927891896e-02
1.722246196061280898e+03	1.949419471592750974e-01	1.211006851162171744e-01	2.867556565223065568e-01	1.814366638727737957e-01	8.392020532752693385e-02	3.748227988812703748e-02	9.436256211313134856e-02
1.727083966274936301e+03	1.945638974215516681e-01	1.208516667686257012e-01	2.869675725881765671e-01	1.816090498026935451e-01	8.400765536594498317e-02	3.752793659526375281e-02	9.447222145710171270e-02
1.731921736488591478e+03	1.941881610446468953e-01	1.206041322095100371e-01	2.871787526147392411e-01	1.817798938505648665e-01	8.409438543418064349e-02	3.757358172939406771e-02	9.458109311632212357e-02
1.736759506702246881e+03	1.938147235150294023e-01	1.203580721536735287e-01	2.873891892846930363e-01	1.819492185912507942e-01	8.418040607650123519e-02	3.761920911396897382e-02	9.468918126424097359e-02
1.741597276915902057e+03	1.934435704221828256e-01	1.201134773882301943e-01	2.875988755991610302e-01	1.821170460798055557e-01	8.426572737865591078e-02	3.766481273934319668e-02	9.479649039197925176e-02
1.746435047129557461e+03	1.930746874574880423e-01	1.198703387710520901e-01	2.878078048694017732e-01	1.822833978695949653e-01	8.435035900792393904e-02	3.771038676052618221e-02	9.490302526337100752e-02
1.751272817343212637e+03	1.927080604131344577e-01	1.196286472293339592e-01	2.880159707086922816e-01	1.824482950293562500e-01	8.443431024898592763e-02	3.775592549478765797e-02	9.500879087506747256e-02
1.756110587556867813e+03	1.923436751810585210e-01	1.193883937582627397e-01	2.882233670243847246e-01	1.826117581592895944e-01	8.451759003606795773e-02	3.780142341914256854e-02	9.511379242115187982e-02
1.760948357770523216e+03	1.919815177519078597e-01	1.191495694197811511e-01	2.884299880101350855e-01	1.827738074062645879e-01	8.460020698176021203e-02	3.784687516773716648e-02	9.521803526177195776e-02
1.765786127984178393e+03	1.916215742140293665e-01	1.189121653414356300e-01	2.886358281383026858e-01	1.829344624782158479e-01	8.468216940286796279e-02	3.789227552915563901e-02	9.532152489535079820e-02
1.770623898197833569e+03	1.912638307524806569e-01	1.186761727153002183e-01	2.888408821525196291e-01	1.830937426577948224e-01	8.476348534361398401e-02	3.793761944366418060e-02	9.542426693398442517e-02
1.775461668411488745e+03	1.909082736480627596e-01	1.184415827969682866e-01	2.890451450604275552e-01	1.832516668153378048e-01	8.484416259647692415e-02	3.798290200040763120e-02	9.552626708167702430e-02
1.780299438625144376e+03	1.905548892763733460e-01	1.182083869046056807e-01	2.892486121265804844e-01	1.834082534212049254e-01	8.492420872091949180e-02	3.802811843457164220e-02	9.562753111510245707e-02
1.785137208838799552e+03	1.902036641068797496e-01	1.179765764180589066e-01	2.894512788655113633e-01	1.835635205575383566e-01	8.500363106023248183e-02	3.807326412452213815e-02	9.572806486661503134e-02
1.789974979052454728e+03	1.898545847020103872e-01	1.177461427780127912e-01	2.896531410349600377e-01	1.837174859294840312e-01	8.508243675669656392e-02	3.811833458893201798e-02	9.582787420926222599e-02
1.794812749266109904e+03	1.895076377162638603e-01	1.175170774851930222e-01	2.898541946292597649e-01	1.838701668759167851e-01	8.516063276524155068e-02	3.816332548390414386e-02	9.592696504357899057e-02
1.799650519479765535e+03	1.891628098953353210e-01	1.172893720996090045e-01	2.900544358728799343e-01	1.840215803797045080e-01	8.523822586576375315e-02	3.820823260009810485e-02	9.602534328596742941e-02
1.804488289693420711e+03	1.888200880752588240e-01	1.170630182398331026e-01	2.902538612141231655e-01	1.841717430775440811e-01	8.531522267424432315e-02	3.825305185986777046e-02	9.612301485848681604e-02
1.809326059907075887e+03	1.884794591815652232e-01	1.168380075823129971e-01	2.904524673189722850e-01	1.843206712693983007e-01	8.539162965279613327e-02	3.829777931441516459e-02	9.621998567989796525e-02
1.814163830120731291e+03	1.881409102284553325e-01	1.166143318607138074e-01	2.906502510650859628e-01	1.844683809275605713e-01	8.546745311875321438e-02	3.834241114096595404e-02	9.631626165782319893e-02
1.819001600334386467e+03	1.878044283179869378e-01	1.163919828652874300e-01	2.908472095359397880e-01	1.846148877053714055e-01	8.554269925290393373e-02	3.838694363997075670e-02	9.641184868189781043e-02
1.823839370548041643e+03	1.874700006392762131e-01	1.161709524422664119e-01	2.910433400151090089e-01	1.847602069456087959e-01	8.561737410695863248e-02	3.843137323233605102e-02	9.650675261780292113e-02
1.828677140761696819e+03	1.871376144677122100e-01	1.159512324932802652e-01	2.912386399806916049e-01	1.849043536885726091e-01	8.569148361033225580e-02	3.847569645668778848e-02	9.660097930208132178e-02
1.833514910975352450e+03	1.868072571641841151e-01	1.157328149747922086e-01	2.914331070998675832e-01	1.850473426798808219e-01	8.576503357631422297e-02	3.851990996667046391e-02	9.669453453764863260e-02
1.838352681189008081e+03	1.864789161743212464e-01	1.155156918975545760e-01	2.916267392235921685e-01	1.851891883779945847e-01	8.583802970768958374e-02	3.856401052828389853e-02	9.678742408992196955e-02
1.843190451402663257e+03	1.861525790277448744e-01	1.152998553260812936e-01	2.918195343814199982e-01	1.853299049614871019e-01	8.591047760186883153e-02	3.860799501725949850e-02	9.687965368349639450e-02
1.848028221616318433e+03	1.858282333373318107e-01	1.150852973781359145e-01	2.920114907764573275e-01	1.854695063360705387e-01	8.598238275557751331e-02	3.865186041647766801e-02	9.697122899930724071e-02
1.852865991829973609e+03	1.855058667984892662e-01	1.148720102242341834e-01	2.922026067804394112e-01	1.856080061413930282e-01	8.605375056915122445e-02	3.869560381342751487e-02	9.706215567222334362e-02
1.857703762043628785e+03	1.851854671884408110e-01	1.146599860871597154e-01	2.923928809289306763e-01	1.857454177576184640e-01	8.612458635047672006e-02	3.873922239770980630e-02	9.715243928902177195e-02
1.862541532257283961e+03	1.848670223655227429e-01	1.144492172414919295e-01	2.925823119166443553e-01	1.858817543117988469e-01	8.619489531861551646e-02	3.878271345858400054e-02	9.724208538670058022e-02
1.867379302470939592e+03	1.845505202684909474e-01	1.142396960131453060e-01	2.927708985928791363e-01	1.860170286840500398e-01	8.626468260714224845e-02	3.882607438255980536e-02	9.733109945109047478e-02
1.872217072684594768e+03	1.842359489158378882e-01	1.140314147789190657e-01	2.929586399570703881e-01	1.861512535135393664e-01	8.633395326722688445e-02	3.886930265103368670e-02	9.741948691573067143e-02
1.877054842898249490e+03	1.839232964051191743e-01	1.138243659660566620e-01	2.931455351544527410e-01	1.862844412042940212e-01	8.640271227048662572e-02	3.891239583797048707e-02	9.750725316097824669e-02
1.881892613111905121e+03	1.836125509122900623e-01	1.136185420518142919e-01	2.933315834718318582e-01	1.864166039308379486e-01	8.647096451163037434e-02	3.895535160763021615e-02	9.759440351332332453e-02
1.886730383325560297e+03	1.833037006910506472e-01	1.134139355630379153e-01	2.935167843334626769e-01	1.865477536436644657e-01	8.653871481091668372e-02	3.899816771233999280e-02	9.768094324488572899e-02
1.891568153539215928e+03	1.829967340722007119e-01	1.132105390757482399e-01	2.937011372970318446e-01	1.866779020745517603e-01	8.660596791644321890e-02	3.904084199031095104e-02	9.776687757307137017e-02
1.896405923752871104e+03	1.826916394630029861e-01	1.130083452147331302e-01	2.938846420497414624e-01	1.868070607417271767e-01	8.667272850628456038e-02	3.908337236349984645e-02	9.785221166036890683e-02
1.901243693966526507e+03	1.823884053465553989e-01	1.128073466531470809e-01	2.940672984044919169e-01	1.869352409548863669e-01	8.673900119049264557e-02	3.912575683551512695e-02	9.793695061426950510e-02
1.906081464180181683e+03	1.820870202811712690e-01	1.126075361121172957e-01	2.942491062961616333e-01	1.870624538200731379e-01	8.680479051297328164e-02	3.916799348956691296e-02	9.802109948729449684e-02
1.910919234393836859e+03	1.817874728997681544e-01	1.124089063603560951e-01	2.944300657779809760e-01	1.871887102444248219e-01	8.687010095325028991e-02	3.921008048646060229e-02	9.810466327711710177e-02
1.915757004607492036e+03	1.814897519092644185e-01	1.122114502137792208e-01	2.946101770179985757e-01	1.873140209407881673e-01	8.693493692812784279e-02	3.925201606263346160e-02	9.818764692676634764e-02
1.920594774821147894e+03	1.811938460899838732e-01	1.120151605351298457e-01	2.947894402956371951e-01	1.874383964322106633e-01	8.699930279326033300e-02	3.929379852823375319e-02	9.827005532490232231e-02
1.925432545034802843e+03	1.808997442950679435e-01	1.118200302336080088e-01	2.949678559983379134e-01	1.875618470563109874e-01	8.706320284463822667e-02	3.933542626524179353e-02	9.835189330615316805e-02
1.930270315248458019e+03	1.806074354498954371e-01	1.116260522645051295e-01	2.951454246182888541e-01	1.876843829695335197e-01	8.712664131999739436e-02	3.937689772563229135e-02	9.843316565150549147e-02
1.935108085462113195e+03	1.803169085515093639e-01	1.114332196288435883e-01	2.953221467492385677e-01	1.878060141512901127e-01	8.718962240015858123e-02	3.941821142957737528e-02	9.851387708874057014e-02
1.939945855675768371e+03	1.800281526680514166e-01	1.112415253730209969e-01	2.954980230833899602e-01	1.879267504079932261e-01	8.725215021030317819e-02	3.945936596368972843e-02	9.859403229290966686e-02
1.944783625889424002e+03	1.797411569382031671e-01	1.110509625884589791e-01	2.956730544083742696e-01	1.880466013769835909e-01	8.731422882119055373e-02	3.950035997930495535e-02	9.867363588684269216e-02
1.949621396103079178e+03	1.794559105706341473e-01	1.108615244112564485e-01	2.958472416043019804e-01	1.881655765303562045e-01	8.737586225032191456e-02	3.954119219080276526e-02	9.875269244168474736e-02
1.954459166316734354e+03	1.791724028434567573e-01	1.106732040218470769e-01	2.960205856408898994e-01	1.882836851786872379e-01	8.743705446305498341e-02	3.958186137396608323e-02	9.883120647745614884e-02
1.959296936530389530e+03	1.788906231036877237e-01	1.104859946446608426e-01	2.961930875746615066e-01	1.884009364746656034e-01	8.749780937367333811e-02	3.962236636437749260e-02	9.890918246363167299e-02
1.964134706744044706e+03	1.786105607667161088e-01	1.102998895477897007e-01	2.963647485462194142e-01	1.885173394166311800e-01	8.755813084641404787e-02	3.966270605585228010e-02	9.898662481973545535e-02
1.968972476957700337e+03	1.783322053157775644e-01	1.101148820426569030e-01	2.965355697775878818e-01	1.886329028520234152e-01	8.761802269645667385e-02	3.970287939890743134e-02	9.906353791594836589e-02
1.973810247171355968e+03	1.780555463014347750e-01	1.099309654836901767e-01	2.967055525696238316e-01	1.887476354807422485e-01	8.767748869087643726e-02	3.974288539926581348e-02	9.913992607372501542e-02
1.978648017385010689e+03	1.777805733410641742e-01	1.097481332679986071e-01	2.968746982994943107e-01	1.888615458584242124e-01	8.773653254956421954e-02	3.978272311639487885e-02	9.921579356641786751e-02
1.983485787598666320e+03	1.775072761183484615e-01	1.095663788350529216e-01	2.970430084182195118e-01	1.889746423996362668e-01	8.779515794611557344e-02	3.982239166207925118e-02	9.929114461990633245e-02
1.988323557812321269e+03	1.772356443827750039e-01	1.093856956663694369e-01	2.972104844482784669e-01	1.890869333809891695e-01	8.785336850869097935e-02	3.986189019902639658e-02	9.936598341322895600e-02
1.993161328025976900e+03	1.769656679491400375e-01	1.092060772851971423e-01	2.973771279812771895e-01	1.891984269441734368e-01	8.791116782084895664e-02	3.990121793950483081e-02	9.944031407921681553e-02
1.997999098239632076e+03	1.766973366970584214e-01	1.090275172562083367e-01	2.975429406756771589e-01	1.893091310989194476e-01	8.796855942235402848e-02	3.994037414401408609e-02	9.951414070512694388e-02
2.002836868453287707e+03	1.764306405704791636e-01	1.088500091851922619e-01	2.977079242545820903e-01	1.894190537258839679e-01	8.802554680996090009e-02	3.997935811998580558e-02	9.958746733327424050e-02
2.007674638666942428e+03	1.761655695772059993e-01	1.086735467187521093e-01	2.978720805035825481e-01	1.895282025794653158e-01	8.808213343817622443e-02	4.001816922051532749e-02	9.966029796166092636e-02
2.012512408880597604e+03	1.759021137884235475e-01	1.084981235440050373e-01	2.980354112686562917e-01	1.896365852905487204e-01	8.813832271999935686e-02	4.005680684312313417e-02	9.973263654460239047e-02
2.017350179094252780e+03	1.756402633382287415e-01	1.083237333882850900e-01	2.981979184541232453e-01	1.897442093691841802e-01	8.819411802764307029e-02	4.009527042854537510e-02	9.980448699334877605e-02
2.022187949307908411e+03	1.753800084231671719e-01	1.081503700188493344e-01	2.983596040206536459e-01	1.898510822071984849e-01	8.824952269323539655e-02	4.013355945955308229e-02	9.987585317670140406e-02
2.027025719521564042e+03	1.751213393017746756e-01	1.079780272425867882e-01	2.985204699833276520e-01	1.899572110807429548e-01	8.830454000950356541e-02	4.017167345979924531e-02	9.994673892162359019e-02
2.031863489735218764e+03	1.748642462941238096e-01	1.078066989057302472e-01	2.986805184097463539e-01	1.900626031527789528e-01	8.835917323044076288e-02	4.020961199269322550e-02	1.000171480138451335e-01
2.036701259948874394e+03	1.746087197813751268e-01	1.076363788935708748e-01	2.988397514181911352e-01	1.901672654755025282e-01	8.841342557195669416e-02	4.024737466030190586e-02	1.000870841984601578e-01
2.041539030162529116e+03	1.743547502053333920e-01	1.074670611301756784e-01	2.989981711758318839e-01	1.902712049927100801e-01	8.846730021251252019e-02	4.028496110227698657e-02	1.001565511805178749e-01
2.046376800376184747e+03	1.741023280680082386e-01	1.072987395781076492e-01	2.991557798969813331e-01	1.903744285421063998e-01	8.852080029374093106e-02	4.032237099480784348e-02	1.002255526256059515e-01
2.051214570589840150e+03	1.738514439311796833e-01	1.071314082381485677e-01	2.993125798413959759e-01	1.904769428575565915e-01	8.857392892105195314e-02	4.035960404959935272e-02	1.002940921604262708e-01
2.056052340803495554e+03	1.736020884159680810e-01	1.069650611490245012e-01	2.994685733126205562e-01	1.905787545712832598e-01	8.862668916422507259e-02	4.039666001287418873e-02	1.003621733733627841e-01
2.060890111017150957e+03	1.733542522024085208e-01	1.067996923871338544e-01	2.996237626563767464e-01	1.906798702160108494e-01	8.867908405798816118e-02	4.043353866439899913e-02	1.004297998150413679e-01
2.065727881230805451e+03	1.731079260290295241e-01	1.066352960662780153e-01	2.997781502589939584e-01	1.907802962270578329e-01	8.873111660258371780e-02	4.047023981653392888e-02	1.004969749988815497e-01
2.070565651444461309e+03	1.728631006924363500e-01	1.064718663373945134e-01	2.999317385458812879e-01	1.908800389443786327e-01	8.878278976432282810e-02	4.050676331330498731e-02	1.005637024016399067e-01
2.075403421658116713e+03	1.726197670468981316e-01	1.063093973882927173e-01	3.000845299800400379e-01	1.909791046145562499e-01	8.883410647612746680e-02	4.054310902949870982e-02	1.006299854639453040e-01
2.080241191871772116e+03	1.723779160039393410e-01	1.061478834433918217e-01	3.002365270606150438e-01	1.910774993927469578e-01	8.888506963806119821e-02	4.057927686977864934e-02	1.006958275908256262e-01
2.085078962085427065e+03	1.721375385319355578e-01	1.059873187634614855e-01	3.003877323214848571e-01	1.911752293445784789e-01	8.893568211784892708e-02	4.061526676782317019e-02	1.007612321522262239e-01
2.089916732299082469e+03	1.718986256557128445e-01	1.058276976453646490e-01	3.005381483298887324e-01	1.912723004480024191e-01	8.898594675138594978e-02	4.065107868548406556e-02	1.008262024835200610e-01
2.094754502512737417e+03	1.716611684561515361e-01	1.056690144218027927e-01	3.006877776850903072e-01	1.913687185951025715e-01	8.903586634323654159e-02	4.068671261196559613e-02	1.008907418860094246e-01
2.099592272726392821e+03	1.714251580697935540e-01	1.055112634610635841e-01	3.008366230170765321e-01	1.914644895938598379e-01	8.908544366712256579e-02	4.072216856302331850e-02	1.009548536274193914e-01
2.104430042940048224e+03	1.711905856884536614e-01	1.053544391667705499e-01	3.009846869852915718e-01	1.915596191698751838e-01	8.913468146640222967e-02	4.075744658018243954e-02	1.010185409423830644e-01
2.109267813153704083e+03	1.709574425588346880e-01	1.051985359776354129e-01	3.011319722774039587e-01	1.916541129680514599e-01	8.918358245453934796e-02	4.079254672997514181e-02	1.010818070329186080e-01
2.114105583367359031e+03	1.707257199821461680e-01	1.050435483672122472e-01	3.012784816081068850e-01	1.917479765542352554e-01	8.923214931556333607e-02	4.082746910319645650e-02	1.011446550688982482e-01
2.118943353581013525e+03	1.704954093137268090e-01	1.048894708436540896e-01	3.014242177179505267e-01	1.918412154168196160e-01	8.928038470452019648e-02	4.086221381417828175e-02	1.012070881885091117e-01
2.123781123794669384e+03	1.702665019626704301e-01	1.047362979494716323e-01	3.015691833722055626e-01	1.919338349683089029e-01	8.932829124791467901e-02	4.089678100008111578e-02	1.012691094987062668e-01
2.128618894008324787e+03	1.700389893914557027e-01	1.045840242612940257e-01	3.017133813597572822e-01	1.920258405468466267e-01	8.937587154414398938e-02	4.093117082020311659e-02	1.013307220756578808e-01
2.133456664221980191e+03	1.698128631155789436e-01	1.044326443896319151e-01	3.018568144920291130e-01	1.921172374177069209e-01	8.942312816392299080e-02	4.096538345530605085e-02	1.013919289651826067e-01
2.138294434435635139e+03	1.695881147031907676e-01	1.042821529786424062e-01	3.019994856019356244e-01	1.922080307747510708e-01	8.947006365070143963e-02	4.099941910695780595e-02	1.014527331831793777e-01
2.143132204649290543e+03	1.693647357747358750e-01	1.041325447058961962e-01	3.021413975428631771e-01	1.922982257418494878e-01	8.951668052107310258e-02	4.103327799689097249e-02	1.015131377160497089e-01
2.147969974862945492e+03	1.691427180025961707e-01	1.039838142821467026e-01	3.022825531876784377e-01	1.923878273742702372e-01	8.956298126517726887e-02	4.106696036637727532e-02	1.015731455211124623e-01
2.152807745076601350e+03	1.689220531107372691e-01	1.038359564511012328e-01	3.024229554277637066e-01	1.924768406600350368e-01	8.960896834709250469e-02	4.110046647561736016e-02	1.016327595270114653e-01
2.157645515290255844e+03	1.687027328743581633e-01	1.036889659891940818e-01	3.025626071720782795e-01	1.925652705212433369e-01	8.965464420522314959e-02	4.113379660314565867e-02	1.016919826341158573e-01
2.162483285503912157e+03	1.684847491195440305e-01	1.035428377053616428e-01	3.027015113462456775e-01	1.926531218153653968e-01	8.970001125267849929e-02	4.116695104524992210e-02	1.017508177149133719e-01
2.167321055717567106e+03	1.682680937229221740e-01	1.033975664408194189e-01	3.028396708916651359e-01	1.927403993365049972e-01	8.974507187764496630e-02	4.119993011540512562e-02	1.018092676143966674e-01
2.172158825931222509e+03	1.680527586113212679e-01	1.032531470688410058e-01	3.029770887646479061e-01	1.928271078166328978e-01	8.978982844375120453e-02	4.123273414372141676e-02	1.018673351504428698e-01
2.176996596144877003e+03	1.678387357614331832e-01	1.031095744945388776e-01	3.031137679355766501e-01	1.929132519267912071e-01	8.983428329042655869e-02	4.126536347640572672e-02	1.019250231141863305e-01
2.181834366358532861e+03	1.676260171994783110e-01	1.029668436546471166e-01	3.032497113880886497e-01	1.929988362782699141e-01	8.987843873325283839e-02	4.129781847523682908e-02	1.019823342703848196e-01
2.186672136572187810e+03	1.674145950008735506e-01	1.028249495173059330e-01	3.033849221182808864e-01	1.930838654237559682e-01	8.992229706430963920e-02	4.133009951705336749e-02	1.020392713577792515e-01
2.191509906785843214e+03	1.672044612899031835e-01	1.026838870818480576e-01	3.035194031339366605e-01	1.931683438584557433e-01	8.996586055251326597e-02	4.136220699325474093e-02	1.020958370894469863e-01
2.196347676999498617e+03	1.669956082393927732e-01	1.025436513785868420e-01	3.036531574537746914e-01	1.932522760211913548e-01	9.000913144394953602e-02	4.139414130931440283e-02	1.021520341531489684e-01
2.201185447213154021e+03	1.667880280703858409e-01	1.024042374686063017e-01	3.037861881067182024e-01	1.933356662954717753e-01	9.005211196220033742e-02	4.142590288430537254e-02	1.022078652116706343e-01
2.206023217426809424e+03	1.665817130518233435e-01	1.022656404435528243e-01	3.039184981311843781e-01	1.934185190105389973e-01	9.009480430866446954e-02	4.145749215043762620e-02	1.022633329031568672e-01
2.210860987640464373e+03	1.663766555002257341e-01	1.021278554254284876e-01	3.040500905743936944e-01	1.935008384423902716e-01	9.013721066287236350e-02	4.148890955260706864e-02	1.023184398414409557e-01
2.215698757854119776e+03	1.661728477793779357e-01	1.019908775663863343e-01	3.041809684916986223e-01	1.935826288147765584e-01	9.017933318279534871e-02	4.152015554795591284e-02	1.023731886163678911e-01
2.220536528067775180e+03	1.659702823000170080e-01	1.018547020485272292e-01	3.043111349459310389e-01	1.936638943001783575e-01	9.022117400514913232e-02	4.155123060544408525e-02	1.024275817941118077e-01
2.225374298281430583e+03	1.657689515195222008e-01	1.017193240836983675e-01	3.044405930067679567e-01	1.937446390207587243e-01	9.026273524569192186e-02	4.158213520543149050e-02	1.024816219174879972e-01
2.230212068495085077e+03	1.655688479416079772e-01	1.015847389132934903e-01	3.045693457501151835e-01	1.938248670492948300e-01	9.030401899951712164e-02	4.161286983927079547e-02	1.025353115062592885e-01
2.235049838708740936e+03	1.653699641160192302e-01	1.014509418080547509e-01	3.046973962575083017e-01	1.939045824100878723e-01	9.034502734134078339e-02	4.164343500891056621e-02	1.025886530574372235e-01
2.239887608922396339e+03	1.651722926382292733e-01	1.013179280678761507e-01	3.048247476155306335e-01	1.939837890798526143e-01	9.038576232578389436e-02	4.167383122650846622e-02	1.026416490455778069e-01
2.244725379136052197e+03	1.649758261491402478e-01	1.011856930216085831e-01	3.049514029152476935e-01	1.940624909885861615e-01	9.042622598764957220e-02	4.170405901405430799e-02	1.026943019230722037e-01
2.249563149349706237e+03	1.647805573347861097e-01	1.010542320268665445e-01	3.050773652516582946e-01	1.941406920204173936e-01	9.046642034219545825e-02	4.173411890300269406e-02	1.027466141204323030e-01
2.254400919563362095e+03	1.645864789260378103e-01	1.009235404698363703e-01	3.052026377231602527e-01	1.942183960144368837e-01	9.050634738540103141e-02	4.176401143391505338e-02	1.027985880465713681e-01
2.259238689777017044e+03	1.643935836983110854e-01	1.007936137650859293e-01	3.053272234310326350e-01	1.942956067655081387e-01	9.054600909423038413e-02	4.179373715611081619e-02	1.028502260890797465e-01
2.264076459990672902e+03	1.642018644712765763e-01	1.006644473553759966e-01	3.054511254789322727e-01	1.943723280250601870e-01	9.058540742689022429e-02	4.182329662732757469e-02	1.029015306144959035e-01
2.268914230204327851e+03	1.640113141085722814e-01	1.005360367114730424e-01	3.055743469724048755e-01	1.944485635018627090e-01	9.062454432308332530e-02	4.185269041338991747e-02	1.029525039685726118e-01
2.273752000417983254e+03	1.638219255175182298e-01	1.004083773319635470e-01	3.056968910184105215e-01	1.945243168627833474e-01	9.066342170425749358e-02	4.188191908788686801e-02	1.030031484765387417e-01
2.278589770631638203e+03	1.636336916488336513e-01	1.002814647430698564e-01	3.058187607248628592e-01	1.945995917335281433e-01	9.070204147385023397e-02	4.191098323185758756e-02	1.030534664433564590e-01
2.283427540845293606e+03	1.634466054963561177e-01	1.001552944984673843e-01	3.059399592001819101e-01	1.946743916993652623e-01	9.074040551752898809e-02	4.193988343348524495e-02	1.031034601539738971e-01
2.288265311058949010e+03	1.632606600967631272e-01	1.000298621791033682e-01	3.060604895528598046e-01	1.947487203058325955e-01	9.077851570342727883e-02	4.196862028779878295e-02	1.031531318735737918e-01
2.293103081272604413e+03	1.630758485292958804e-01	9.990516339301705462e-02	3.061803548910396189e-01	1.948225810594295115e-01	9.081637388237659425e-02	4.199719439638249785e-02	1.032024838478175499e-01
2.297940851486259817e+03	1.628921639154851109e-01	9.978119377516118937e-02	3.062995583221064799e-01	1.948959774282931212e-01	9.085398188813437192e-02	4.202560636709312680e-02	1.032515183030853489e-01
2.302778621699914765e+03	1.627095994188790529e-01	9.965794898722507567e-02	3.064181029522907718e-01	1.949689128428594431e-01	9.089134153760788926e-02	4.205385681378435297e-02	1.033002374467121565e-01
2.307616391913570169e+03	1.625281482447737402e-01	9.953542471745890907e-02	3.065359918862835542e-01	1.950413906965099975e-01	9.092845463107429582e-02	4.208194635603850625e-02	1.033486434672197252e-01
2.312454162127225118e+03	1.623478036399451097e-01	9.941361668049950029e-02	3.066532282268630838e-01	1.951134143462041060e-01	9.096532295239689869e-02	4.210987561890534858e-02	1.033967385345446188e-01
2.317291932340880976e+03	1.621685588923835186e-01	9.929252061719738565e-02	3.067698150745331032e-01	1.951849871130969805e-01	9.100194826923763136e-02	4.213764523264764555e-02	1.034445248002624496e-01
2.322129702554535925e+03	1.619904073310297898e-01	9.917213229444526990e-02	3.068857555271715665e-01	1.952561122831442675e-01	9.103833233326587282e-02	4.216525583249354503e-02	1.034920043978083959e-01
2.326967472768191783e+03	1.618133423255138925e-01	9.905244750500781514e-02	3.070010526796905781e-01	1.953267931076934083e-01	9.107447688036367228e-02	4.219270805839545058e-02	1.035391794426939183e-01
2.331805242981846732e+03	1.616373572858951224e-01	9.893346206735267878e-02	3.071157096237063788e-01	1.953970328040617321e-01	9.111038363082747671e-02	4.222000255479529257e-02	1.035860520327199913e-01
2.336643013195502135e+03	1.614624456624046411e-01	9.881517182548295308e-02	3.072297294472197127e-01	1.954668345561022536e-01	9.114605428956640276e-02	4.224713997039606511e-02	1.036326242481866583e-01
2.341480783409156629e+03	1.612886009451895974e-01	9.869757264877085379e-02	3.073431152343059081e-01	1.955362015147565913e-01	9.118149054629703931e-02	4.227412095793944835e-02	1.036788981520992137e-01
2.346318553622812487e+03	1.611158166640594136e-01	9.858066043179261606e-02	3.074558700648149512e-01	1.956051367985963407e-01	9.121669407573507193e-02	4.230094617398935664e-02	1.037248757903709295e-01
2.351156323836467891e+03	1.609440863882340145e-01	9.846443109416473660e-02	3.075679970140805519e-01	1.956736434943521508e-01	9.125166653778352122e-02	4.232761627872131532e-02	1.037705591920224379e-01
2.355994094050123294e+03	1.607734037260936388e-01	9.834888058038147862e-02	3.076794991526385914e-01	1.957417246574317815e-01	9.128640957771787245e-02	4.235413193571749280e-02	1.038159503693778518e-01
2.360831864263778243e+03	1.606037623249310375e-01	9.823400485965350093e-02	3.077903795459545622e-01	1.958093833124266159e-01	9.132092482636798569e-02	4.238049381176729746e-02	1.038610513182576800e-01
2.365669634477433647e+03	1.604351558707049485e-01	9.811979992574781928e-02	3.079006412541596127e-01	1.958766224536073186e-01	9.135521390029707756e-02	4.240670257667332466e-02	1.039058640181685922e-01
2.370507404691088595e+03	1.602675780877956535e-01	9.800626179682893346e-02	3.080102873317950296e-01	1.959434450454087817e-01	9.138927840197755281e-02	4.243275890306259790e-02	1.039503904324900890e-01
2.375345174904743999e+03	1.601010227387625329e-01	9.789338651530117563e-02	3.081193208275651019e-01	1.960098540229046893e-01	9.142311991996400489e-02	4.245866346620295190e-02	1.039946325086581469e-01
2.380182945118399402e+03	1.599354836241031197e-01	9.778117014765223824e-02	3.082277447840979234e-01	1.960758522922718405e-01	9.145674002906316324e-02	4.248441694382443928e-02	1.040385921783459205e-01
2.385020715332054806e+03	1.597709545820138188e-01	9.766960878429777060e-02	3.083355622377141336e-01	1.961414427312446196e-01	9.149014029050119012e-02	4.251002001594561541e-02	1.040822713576414760e-01
2.389858485545710209e+03	1.596074294881528743e-01	9.755869853942739089e-02	3.084427762182032073e-01	1.962066281895596953e-01	9.152332225208810457e-02	4.253547336470463874e-02	1.041256719472227477e-01
2.394696255759364703e+03	1.594449022554044748e-01	9.744843555085153097e-02	3.085493897486073500e-01	1.962714114893912287e-01	9.155628744837941702e-02	4.256077767419503416e-02	1.041687958325296787e-01
2.399534025973020562e+03	1.592833668336449682e-01	9.733881597984968270e-02	3.086554058450124427e-01	1.963357954257768934e-01	9.158903740083522427e-02	4.258593363030595269e-02	1.042116448839336129e-01
2.404371796186675965e+03	1.591228172095106308e-01	9.722983601101964357e-02	3.087608275163461480e-01	1.963997827670349305e-01	9.162157361797657051e-02	4.261094192056693458e-02	1.042542209569039258e-01
2.409209566400331823e+03	1.589632474061670742e-01	9.712149185212790026e-02	3.088656577641831213e-01	1.964633762551722118e-01	9.165389759553932425e-02	4.263580323399700917e-02	1.042965258921721844e-01
2.414047336613986317e+03	1.588046514830804001e-01	9.701377973396113630e-02	3.089698995825564398e-01	1.965265786062839193e-01	9.168601081662543228e-02	4.266051826095798583e-02	1.043385615158935603e-01
2.418885106827641721e+03	1.586470235357899383e-01	9.690669591017876672e-02	3.090735559577759139e-01	1.965893925109447604e-01	9.171791475185175901e-02	4.268508769301191524e-02	1.043803296398057995e-01
2.423722877041296670e+03	1.584903576956825100e-01	9.680023665716669390e-02	3.091766298682530056e-01	1.966518206345918840e-01	9.174961085949655260e-02	4.270951222278253356e-02	1.044218320613856943e-01
2.428560647254952528e+03	1.583346481297684682e-01	9.669439827389199327e-02	3.092791242843312416e-01	1.967138656178999689e-01	9.178110058564342699e-02	4.273379254382070336e-02	1.044630705640031132e-01
2.433398417468607477e+03	1.581798890404592928e-01	9.658917708175873695e-02	3.093810421681231770e-01	1.967755300771484028e-01	9.181238536432308195e-02	4.275792935047360854e-02	1.045040469170725739e-01
2.438236187682262880e+03	1.580260746653467108e-01	9.648456942446487217e-02	3.094823864733532992e-01	1.968368166045808831e-01	9.184346661765266373e-02	4.278192333775777956e-02	1.045447628762026099e-01
2.443073957895918284e+03	1.578731992769832337e-01	9.638057166786009877e-02	3.095831601452064263e-01	1.968977277687576077e-01	9.187434575597301645e-02	4.280577520123570595e-02	1.045852201833427503e-01
2.447911728109573687e+03	1.577212571826645815e-01	9.627718019980480157e-02	3.096833661201817134e-01	1.969582661148999991e-01	9.190502417798356027e-02	4.282948563689601557e-02	1.046254205669281956e-01
2.452749498323228636e+03	1.575702427242132997e-01	9.617439143003003732e-02	3.097830073259520423e-01	1.970184341652286841e-01	9.193550327087514351e-02	4.285305534103717867e-02	1.046653657420224676e-01
2.457587268536884039e+03	1.574201502777640704e-01	9.607220178999850702e-02	3.098820866812291297e-01	1.970782344192942570e-01	9.196578441046072971e-02	4.287648501015454278e-02	1.047050574104576165e-01
