1.548086468369690749e+02	5.959936619565627813e-01	2.875491934453599518e-01	5.419907059568920826e-02	2.512952020444497031e-02	2.024727351805342274e-02	8.314506778730029399e-03	8.566773501094896229e-03
1.596464170506243647e+02	5.888851341441850851e-01	2.903988255109420935e-01	5.595762102521091574e-02	2.645285616668448594e-02	2.086346816417864250e-02	8.398920164264122093e-03	9.043174824469890974e-03
1.644841872642796261e+02	5.821581332001443121e-01	2.929240517939735722e-01	5.769535277804573731e-02	2.775285201187782311e-02	2.146635680016217157e-02	8.484926540895713909e-03	9.518326874835865772e-03
1.693219574779349159e+02	5.757844944280041677e-01	2.951502196164201841e-01	5.941326102714592633e-02	2.903065174892058981e-02	2.205660249198148834e-02	8.572477231882966175e-03	9.992293455579779812e-03
1.741597276915902057e+02	5.697381947293678195e-01	2.971007403633928456e-01	6.111226413959139347e-02	3.028732243518818257e-02	2.263482467070044094e-02	8.661524574482302313e-03	1.046512908721208314e-02
1.789974979052454671e+02	5.639951893852968023e-01	2.987972370853238524e-01	6.279320970480903319e-02	3.152385976108446758e-02	2.320160227390478253e-02	8.752021912065513845e-03	1.093687987745050466e-02
1.838352681189008138e+02	5.585332612795035345e-01	3.002596808481951540e-01	6.445688009662989271e-02	3.274119321783345443e-02	2.375747665302751360e-02	8.843923585001897680e-03	1.140758431974346274e-02
1.886730383325560467e+02	5.533318816148903307e-01	3.015065166895555815e-01	6.610399760493824994e-02	3.394019087999280981e-02	2.430295426425127525e-02	8.937184920450758074e-03	1.187727402585599806e-02
1.935108085462113081e+02	5.483720812473086292e-01	3.025547799726783782e-01	6.773522916993436616e-02	3.512166383177799112e-02	2.483850915933147677e-02	9.031762221197061138e-03	1.234597439770711118e-02
1.983485787598666263e+02	5.436363318271982825e-01	3.034202038708100901e-01	6.935119074950864271e-02	3.628637026407723759e-02	2.536458529144264631e-02	9.127612753651478256e-03	1.281370524324661371e-02
2.031863489735219162e+02	5.391084360014598564e-01	3.041173186576653364e-01	7.095245134789364416e-02	3.743501926699768084e-02	2.588159865000363297e-02	9.224694735125407025e-03	1.328048134078948714e-02
2.080241191871772060e+02	5.347734259849082905e-01	3.046595434287788784e-01	7.253953673160673521e-02	3.856827434089745571e-02	2.638993923737788586e-02	9.322967320481788389e-03	1.374631295588413585e-02
2.128618894008324673e+02	5.306174698633032705e-01	3.050592708307122147e-01	7.411293285670740583e-02	3.968675664711736328e-02	2.688997289936605542e-02	9.422390588253521521e-03	1.421120631447537162e-02
2.176996596144877287e+02	5.266277850385857606e-01	3.053279453311284475e-01	7.567308902955591221e-02	4.079104801801639729e-02	2.738204302050391975e-02	9.522925526313027675e-03	1.467516403583170835e-02
2.225374298281430470e+02	5.227925582718780939e-01	3.054761355221162766e-01	7.722042082156251042e-02	4.188169374442870380e-02	2.786647209434297764e-02	9.624534017168893604e-03	1.513818552843765319e-02
2.273752000417983652e+02	5.191008718213072637e-01	3.055136009116110607e-01	7.875531275684979904e-02	4.295920515728599703e-02	2.834356317811918824e-02	9.727178822958544580e-03	1.560026735180332358e-02
2.322129702554535982e+02	5.155426352100490606e-01	3.054493536230877271e-01	8.027812079030215153e-02	4.402406201888030279e-02	2.881360124050193899e-02	9.830823570199471659e-03	1.606140354691456412e-02
2.370507404691088880e+02	5.121085221954099209e-01	3.052917153916694382e-01	8.178917459213949637e-02	4.507671473806910273e-02	2.927685441045648623e-02	9.935432734355631110e-03	1.652158593783509613e-02
2.418885106827641494e+02	5.087899125424755198e-01	3.050483702152095300e-01	8.328877965391710825e-02	4.611758642264167374e-02	2.973357513464414820e-02	1.004097162427025278e-02	1.698080440677688166e-02
2.467262808964194392e+02	5.055788382360802968e-01	3.047264129915702169e-01	8.477721922971252766e-02	4.714707478106419658e-02	3.018400125022201175e-02	1.014740636651128430e-02	1.743904714477459428e-02
2.515640511100747290e+02	5.024679337927713263e-01	3.043323944480718635e-01	8.625475612520679125e-02	4.816555388489622558e-02	3.062835697938418034e-02	1.025470388967116876e-02	1.789630087993349453e-02
2.564018213237300188e+02	4.994503903602284245e-01	3.038723626457650040e-01	8.772163434639401736e-02	4.917337580231641997e-02	3.106685385150621814e-02	1.036283190865844826e-02	1.835255108506657351e-02
2.612395915373852517e+02	4.965199133154279965e-01	3.033519013196266378e-01	8.917808061875441561e-02	5.017087211240564559e-02	3.149969155831087997e-02	1.047175890901487494e-02	1.880778216639474379e-02
2.660773617510405415e+02	4.936706830948465186e-01	3.027761652958828043e-01	9.062430578689546767e-02	5.115835530910601420e-02	3.192705874706306540e-02	1.058145413128819615e-02	1.926197763485314879e-02
2.709151319646958882e+02	4.908973190103300133e-01	3.021499132092696494e-01	9.206050610389940325e-02	5.213612010309981448e-02	3.234913375642311378e-02	1.069188755548753332e-02	1.971512026142574134e-02
2.757529021783511780e+02	4.881948458230363497e-01	3.014775377260611733e-01	9.348686441890639853e-02	5.310444462922957187e-02	3.276608529923765584e-02	1.080302988564537693e-02	2.016719221781876348e-02
2.805906723920064678e+02	4.855586628652072134e-01	3.007630934630020070e-01	9.490355127080962738e-02	5.406359156650444864e-02	3.317807309622359396e-02	1.091485253450748608e-02	2.061817520368093570e-02
2.854284426056617008e+02	4.829845155155527148e-01	3.000103227777887183e-01	9.631072589533298811e-02	5.501380917720635061e-02	3.358524846420195276e-02	1.102732760836954221e-02	2.106805056148308361e-02
2.902662128193169337e+02	4.804684688488363165e-01	2.992226795933542460e-01	9.770853715220553792e-02	5.595533227111736813e-02	3.398775486226228437e-02	1.114042789207713748e-02	2.151679938008241658e-02
2.951039830329722804e+02	4.780068832939255996e-01	2.984033514058411218e-01	9.909712437863044121e-02	5.688838310043594498e-02	3.438572839898298983e-02	1.125412683420363470e-02	2.196440258791566846e-02
2.999417532466276270e+02	4.755963921472057820e-01	2.975552796147229451e-01	1.004766181747708542e-01	5.781317219052927586e-02	3.477929830359712676e-02	1.136839853241857282e-02	2.241084103669085600e-02
3.047795234602828600e+02	4.732338807999270092e-01	2.966811783029801308e-01	1.018471411265354509e-01	5.872989911128147222e-02	3.516858736377545536e-02	1.148321771905753096e-02	2.285609557637842751e-02
3.096172936739380930e+02	4.709164675488337615e-01	2.957835515854839725e-01	1.032088084705402864e-01	5.963875319343854564e-02	3.555371233249682295e-02	1.159855974690288290e-02	2.330014712223918774e-02
3.144550638875934396e+02	4.686414858693878083e-01	2.948647096347375984e-01	1.045617287057489103e-01	6.053991419401980739e-02	3.593478430629037240e-02	1.171440057518335909e-02	2.374297671456767830e-02
3.192928341012487294e+02	4.664064680400930030e-01	2.939267834848005578e-01	1.059060041559464899e-01	6.143355291455915995e-02	3.631190907696148218e-02	1.183071675579916611e-02	2.418456557177574989e-02
3.241306043149040192e+02	4.642091300149314148e-01	2.929717387065393086e-01	1.072417314868839427e-01	6.231983177565662141e-02	3.668518745875502807e-02	1.194748541977811232e-02	2.462489513739115829e-02
3.289683745285592522e+02	4.620473574487699020e-01	2.920013880402445583e-01	1.085690021816326095e-01	6.319890535105905649e-02	3.705471559276213994e-02	1.206468426396721527e-02	2.506394712150004922e-02
3.338061447422145420e+02	4.599191927878489849e-01	2.910174030650973798e-01	1.098879029774176841e-01	6.407092086424706623e-02	3.742058523024131833e-02	1.218229153796327770e-02	2.550170353711974855e-02
3.386439149558698318e+02	4.578228233441656303e-01	2.900213249789077574e-01	1.111985162669468508e-01	6.493601865028190978e-02	3.778288399639902206e-02	1.230028603128502721e-02	2.593814673194929851e-02
3.434816851695251216e+02	4.557565702787503836e-01	2.890145745559516421e-01	1.125009204670174151e-01	6.579433258545938634e-02	3.814169563605904895e-02	1.241864706078866544e-02	2.637325941590895270e-02
3.483194553831804114e+02	4.537188784245568818e-01	2.879984613455626175e-01	1.137951903569714568e-01	6.664599048712707696e-02	3.849710024254288793e-02	1.253735445832791784e-02	2.680702468484671974e-02
3.531572255968357013e+02	4.517083068849616079e-01	2.869741921693571562e-01	1.150813973893696357e-01	6.749111448584485529e-02	3.884917447098393956e-02	1.265638855865908532e-02	2.723942604075934096e-02
3.579949958104909342e+02	4.497235203487526256e-01	2.859428789705612539e-01	1.163596099750713181e-01	6.832982137190528327e-02	3.919799173720735219e-02	1.277573018759097651e-02	2.767044740884685300e-02
3.628327660241463377e+02	4.477632810669912033e-01	2.849055460648295957e-01	1.176298937447399495e-01	6.916222291807982980e-02	3.954362240322219918e-02	1.289536065037912016e-02	2.810007315169383429e-02
3.676705362378016275e+02	4.458264414412940746e-01	2.838631368381837050e-01	1.188923117886360181e-01	6.998842618031779483e-02	3.988613395029475678e-02	1.301526172036316688e-02	2.852828808084640483e-02
3.725083064514568036e+02	4.439119371769299494e-01	2.828165199342170810e-01	1.201469248764162889e-01	7.080853377799534165e-02	4.022559114049926998e-02	1.313541562784601574e-02	2.895507746603200039e-02
3.773460766651120935e+02	4.420187809576770488e-01	2.817664949695034005e-01	1.213937916585248605e-01	7.162264415519375982e-02	4.056205616757568161e-02	1.325580504921278387e-02	2.938042704224845189e-02
3.821838468787673833e+02	4.401460566026694776e-01	2.807137978131731271e-01	1.226329688506383325e-01	7.243085182437518366e-02	4.089558879786216877e-02	1.337641309628749206e-02	2.980432301493026251e-02
3.870216170924226162e+02	4.382929136684927118e-01	2.796591054638857266e-01	1.238645114025145461e-01	7.323324759372268344e-02	4.122624650201300173e-02	1.349722330592493733e-02	3.022675206338251014e-02
3.918593873060780197e+02	4.364585624625887950e-01	2.786030405548888256e-01	1.250884726524892354e-01	7.402991877931740239e-02	4.155408457815967099e-02	1.361821962983510680e-02	3.064770134265704798e-02
3.966971575197332527e+02	4.346422694366193773e-01	2.775461755155178567e-01	1.263049044687682698e-01	7.482094940323835708e-02	4.187915626712419154e-02	1.373938642463716324e-02	3.106715848403082333e-02
4.015349277333884856e+02	4.328433529308235994e-01	2.764890364153268498e-01	1.275138573785744023e-01	7.560642037859000020e-02	4.220151286024846626e-02	1.386070844213989871e-02	3.148511159423281192e-02
4.063726979470438323e+02	4.310611792426173317e-01	2.754321065150456271e-01	1.287153806861240923e-01	7.638640968238834261e-02	4.252120380036183978e-02	1.398217081984536037e-02	3.190154925355343646e-02
4.112104681606991221e+02	4.292951589947178181e-01	2.743758295467140784e-01	1.299095225803348630e-01	7.716099251716761198e-02	4.283827677637035841e-02	1.410375907167223802e-02	3.231646051295906236e-02
4.160482383743544119e+02	4.275447437799632655e-01	2.733206127436393906e-01	1.310963302330933333e-01	7.793024146210561498e-02	4.315277781191553114e-02	1.422545907889547628e-02	3.272983489032350868e-02
4.208860085880095880e+02	4.258094230617359699e-01	2.722668296392497522e-01	1.322758498888481626e-01	7.869422661440744760e-02	4.346475134851750244e-02	1.434725708129844755e-02	3.314166236587887809e-02
4.257237788016648778e+02	4.240887213105072329e-01	2.712148226524625505e-01	1.334481269462341746e-01	7.945301572163240844e-02	4.377424032358687156e-02	1.446913966853399965e-02	3.355193337697903039e-02
4.305615490153201677e+02	4.223821953585045197e-01	2.701649054758429314e-01	1.346132060323770585e-01	8.020667430559891287e-02	4.408128624366130371e-02	1.459109377169058239e-02	3.396063881226094733e-02
4.353993192289755143e+02	4.206894319558767137e-01	2.691173652815882500e-01	1.357711310704777241e-01	8.095526577845554850e-02	4.438592925319684301e-02	1.471310665505961950e-02	3.436777000528155879e-02
4.402370894426308041e+02	4.190100455129974755e-01	2.680724647592258036e-01	1.369219453412291732e-01	8.169885155146308642e-02	4.468820819921982129e-02	1.483516590810027118e-02	3.477331872770069582e-02
4.450748596562860939e+02	4.173436760147197777e-01	2.670304439978551381e-01	1.380656915385733152e-01	8.243749113699302966e-02	4.498816069212282359e-02	1.495725943759769472e-02	3.517727718207457749e-02
4.499126298699413837e+02	4.156899870934750441e-01	2.659915222247863920e-01	1.392024118202677407e-01	8.317124224421067191e-02	4.528582316286752091e-02	1.507937546001090687e-02	3.557963799431822227e-02
4.547504000835967304e+02	4.140486642491093550e-01	2.649558994115227550e-01	1.403321478536929678e-01	8.390016086887709668e-02	4.558123091683811273e-02	1.520150249400634493e-02	3.598039420588988735e-02
4.595881702972519065e+02	4.124194132042733885e-01	2.639237577572015603e-01	1.414549408572986222e-01	8.462430137767265603e-02	4.587441818457137915e-02	1.532362935317322164e-02	3.637953926574574726e-02
4.644259405109071963e+02	4.108019583850329726e-01	2.628952630588360928e-01	1.425708316380538687e-01	8.534371658741551903e-02	4.616541816957304284e-02	1.544574513891682106e-02	3.677706702210830486e-02
4.692637107245624861e+02	4.091960415171569387e-01	2.618705659769890448e-01	1.436798606252401855e-01	8.605845783952160988e-02	4.645426309341486870e-02	1.556783923352584101e-02	3.717297171408816964e-02
4.741014809382177759e+02	4.076014203292652183e-01	2.608498032048505721e-01	1.447820679008957334e-01	8.676857507002731784e-02	4.674098423829311372e-02	1.568990129340996215e-02	3.756724796319465404e-02
4.789392511518730657e+02	4.060178673546932515e-01	2.598330985480848399e-01	1.458774932271978408e-01	8.747411687547347603e-02	4.702561198721576935e-02	1.581192124250387770e-02	3.795989076476753710e-02
4.837770213655284124e+02	4.044451688245474519e-01	2.588205639222493359e-01	1.469661760710458953e-01	8.817513057492708251e-02	4.730817586197418045e-02	1.593388926583394830e-02	3.835089547935872922e-02
4.886147915791837022e+02	4.028831236450031161e-01	2.578123002740715375e-01	1.480481556260866693e-01	8.887166226839800232e-02	4.758870455904339741e-02	1.605579580324385455e-02	3.874025782409001861e-02
4.934525617928388783e+02	4.013315424524233066e-01	2.568083984323884517e-01	1.491234708324044034e-01	8.956375689188937617e-02	4.786722598354548053e-02	1.617763154327548844e-02	3.912797386401008215e-02
4.982903320064942250e+02	3.997902467403681159e-01	2.558089398941115200e-01	1.501921603940805372e-01	9.025145826930296156e-02	4.814376728140024736e-02	1.629938741720154613e-02	3.951404000347170237e-02
5.031281022201495148e+02	3.982590680530146421e-01	2.548139975501725885e-01	1.512542627948105789e-01	9.093480916140565806e-02	4.841835486977930092e-02	1.642105459320614483e-02	3.989845297754773118e-02
5.079658724338048046e+02	3.967378472399276657e-01	2.538236363560256170e-01	1.523098163117516390e-01	9.161385131204834165e-02	4.869101446597099564e-02	1.654262447071006698e-02	4.028120984350233580e-02
5.128036426474600376e+02	3.952264337675040484e-01	2.528379139509333018e-01	1.533588590277590036e-01	9.228862549181471309e-02	4.896177111475630978e-02	1.666408867483707562e-02	4.066230797233224420e-02
5.176414128611153274e+02	3.937246850827728628e-01	2.518568812299427639e-01	1.544014288421580450e-01	9.295917153926551435e-02	4.923064921438870950e-02	1.678543905101794950e-02	4.104174504039086874e-02
5.224791830747705035e+02	3.922324660255606665e-01	2.508805828721589748e-01	1.554375634801851702e-01	9.362552839993178166e-02	4.949767254126457433e-02	1.690666765972887592e-02	4.141951902110665301e-02
5.273169532884259070e+02	3.907496482853364261e-01	2.499090578286476128e-01	1.564673005012213458e-01	9.428773416320002099e-02	4.976286427336470281e-02	1.702776677136093667e-02	4.179562817680569642e-02
5.321547235020811968e+02	3.892761098993313684e-01	2.489423397730462229e-01	1.574906773059305820e-01	9.494582609722214406e-02	5.002624701254183154e-02	1.714872886121743267e-02	4.217007105064716349e-02
5.369924937157364866e+02	3.878117347887884980e-01	2.479804575177275427e-01	1.585077311424075430e-01	9.559984068197416307e-02	5.028784280572403537e-02	1.726954660463594568e-02	4.254284645867903447e-02
5.418302639293917764e+02	3.863564123304355502e-01	2.470234353981421993e-01	1.595184991114289574e-01	9.624981364057852429e-02	5.054767316509899133e-02	1.739021287223197973e-02	4.291395348202045601e-02
5.466680341430470662e+02	3.849100369604988581e-01	2.460712936277668350e-01	1.605230181708962867e-01	9.689577996899763346e-02	5.080575908733964835e-02	1.751072072526120918e-02	4.328339145917622227e-02
5.515058043567023560e+02	3.834725078087764527e-01	2.451240486259000928e-01	1.615213251395490879e-01	9.753777396419809065e-02	5.106212107192781985e-02	1.763106341109732522e-02	4.365115997848779267e-02
5.563435745703576458e+02	3.820437283604822820e-01	2.441817133203769974e-01	1.625134567000228458e-01	9.817582925087912915e-02	5.131677913862831009e-02	1.775123435882258391e-02	4.401725887072454463e-02
5.611813447840129356e+02	3.806236061437438534e-01	2.432442974271145364e-01	1.634994494013174149e-01	9.880997880685168933e-02	5.156975284416268068e-02	1.787122717492820381e-02	4.438168820181830759e-02
5.660191149976681118e+02	3.792120524407996407e-01	2.423118077082559163e-01	1.644793396607383273e-01	9.944025498714907652e-02	5.182106129812846101e-02	1.799103563912190368e-02	4.474444826574339867e-02
5.708568852113234016e+02	3.778089820210902561e-01	2.413842482105454101e-01	1.654531637653659792e-01	1.000666895469447953e-01	5.207072317820662238e-02	1.811065370023973511e-02	4.510553957754392940e-02
5.756946554249786914e+02	3.764143128945754424e-01	2.404616204854422290e-01	1.664209578731048744e-01	1.006893136633476848e-01	5.231875674469720072e-02	1.823007547225965683e-02	4.546496286650954927e-02
5.805324256386339812e+02	3.750279660837364526e-01	2.395439237923659426e-01	1.673827580133590565e-01	1.013081579561402601e-01	5.256517985442041990e-02	1.834929523041423094e-02	4.582271906950029228e-02
5.853701958522892710e+02	3.736498654128392327e-01	2.386311552863602803e-01	1.683386000873767496e-01	1.019232525075215029e-01	5.281000997401816277e-02	1.846830740739988444e-02	4.617880932442081782e-02
5.902079660659445608e+02	3.722799373131451817e-01	2.377233101913643898e-01	1.692885198683030945e-01	1.025346268809112921e-01	5.305326419268847210e-02	1.858710658968027590e-02	4.653323496384394881e-02
5.950457362795999643e+02	3.709181106428532937e-01	2.368203819601889248e-01	1.702325530009764776e-01	1.031423101388702079e-01	5.329495923438349464e-02	1.870568751388134582e-02	4.688599750878291728e-02
5.998835064932552541e+02	3.695643165206523584e-01	2.359223624222118176e-01	1.711707350015009843e-01	1.037463308601846435e-01	5.353511146949951893e-02	1.882404506327571905e-02	4.723709866261167900e-02
6.047212767069104302e+02	3.682184881718463809e-01	2.350292419197303473e-01	1.721031012566240637e-01	1.043467171561638929e-01	5.377373692608578004e-02	1.894217426435410023e-02	4.758654030513216615e-02
6.095590469205657200e+02	3.668805607860959883e-01	2.341410094338352565e-01	1.730296870229464379e-01	1.049434966861933355e-01	5.401085130059713607e-02	1.906007028348147281e-02	4.793432448678715263e-02
6.143968171342210098e+02	3.655504713858904742e-01	2.332576527006063605e-01	1.739505274259884882e-01	1.055366966725841821e-01	5.424646996821404915e-02	1.917772842363588137e-02	4.828045342301732351e-02
6.192345873478761860e+02	3.642281587049341907e-01	2.323791583183682508e-01	1.748656574591352375e-01	1.061263439147587390e-01	5.448060799275196431e-02	1.929514412122769473e-02	4.862492948876068893e-02
6.240723575615315895e+02	3.629135630756918363e-01	2.315055118466883832e-01	1.757751119824794428e-01	1.067124648028066614e-01	5.471328013618061148e-02	1.941231294299719523e-02	4.896775521309267715e-02
6.289101277751868793e+02	3.616066263253953084e-01	2.306366978977476556e-01	1.766789257215816700e-01	1.072950853304460994e-01	5.494450086777283998e-02	1.952923058298857220e-02	4.930893327400471399e-02
6.337478979888421691e+02	3.603072916798681358e-01	2.297727002206658986e-01	1.775771332661629232e-01	1.078742311074213645e-01	5.517428437290101267e-02	1.964589285959822060e-02	4.964846649331928347e-02
6.385856682024975726e+02	3.590155036745727446e-01	2.289135017793198501e-01	1.784697690687448157e-01	1.084499273713665501e-01	5.540264456149814748e-02	1.976229571269553023e-02	4.998635783173922126e-02
6.434234384161527487e+02	3.577312080723293874e-01	2.280590848241504931e-01	1.793568674432508003e-01	1.090221989991631002e-01	5.562959507620001548e-02	1.987843520081418805e-02	5.032261038402886799e-02
6.482612086298080385e+02	3.564543517872007516e-01	2.272094309584186400e-01	1.802384625635798931e-01	1.095910705178174543e-01	5.585514930018312812e-02	1.999430749841224486e-02	5.065722737432477168e-02
6.530989788434633283e+02	3.551848828140716785e-01	2.263645211993327577e-01	1.811145884621639113e-01	1.101565661148830033e-01	5.607932036471311582e-02	2.010990889319909380e-02	5.099021215157340664e-02
6.579367490571185044e+02	3.539227501634911177e-01	2.255243360344404702e-01	1.819852790285175492e-01	1.107187096484499034e-01	5.630212115641673731e-02	2.022523578352767790e-02	5.132156818509350099e-02
6.627745192707737942e+02	3.526679038013765255e-01	2.246888554736455323e-01	1.828505680077901208e-01	1.112775246567239279e-01	5.652356432429029437e-02	2.034028467585017805e-02	5.165129906026042633e-02
6.676122894844290840e+02	3.514202945932092259e-01	2.238580590971844531e-01	1.837104889993262657e-01	1.118330343672151311e-01	5.674366228645637972e-02	2.045505218223559948e-02	5.197940847430999184e-02
6.724500596980843738e+02	3.501798742523810071e-01	2.230319260998712971e-01	1.845650754552424222e-01	1.123852617055553643e-01	5.696242723668017149e-02	2.056953501794759123e-02	5.230590023225922119e-02
6.772878299117396637e+02	3.489465952923749836e-01	2.222104353318960501e-01	1.854143606790250032e-01	1.129342293039626438e-01	5.717987115065600173e-02	2.068372999908096865e-02	5.263077824294144086e-02
6.821256001253949535e+02	3.477204109824896805e-01	2.213935653364394740e-01	1.862583778241556076e-01	1.134799595093697183e-01	5.739600579207412845e-02	2.079763404025539511e-02	5.295404651515313310e-02
6.869633703390502433e+02	3.465012753068367757e-01	2.205812943843482865e-01	1.870971598927675950e-01	1.140224743912324895e-01	5.761084271847736332e-02	2.091124415236476214e-02	5.327570915390990314e-02
6.918011405527055331e+02	3.452891429263638123e-01	2.197736005060947906e-01	1.879307397343383257e-01	1.145617957490338429e-01	5.782439328691643676e-02	2.102455744038081789e-02	5.359577035680914564e-02
6.966389107663608229e+02	3.440839691436718972e-01	2.189704615212292316e-01	1.887591500444202042e-01	1.150979451194968778e-01	5.803666865941262132e-02	2.113757110120962485e-02	5.391423441049671139e-02
7.014766809800161127e+02	3.428857098704163331e-01	2.181718550655159239e-01	1.895824233634134659e-01	1.156309437835212617e-01	5.824767980823569030e-02	2.125028242159949024e-02	5.423110568723510383e-02
7.063144511936714025e+02	3.416943215970929537e-01	2.173777586159308939e-01	1.904005920753835124e-01	1.161608127728553097e-01	5.845743752100484442e-02	2.136268877609904041e-02	5.454638864157072137e-02
7.111522214073266923e+02	3.405097613650308608e-01	2.165881495136841584e-01	1.912136884069245979e-01	1.166875728765160436e-01	5.866595240561988528e-02	2.147478762506413799e-02	5.486008780709764054e-02
7.159899916209819821e+02	3.393319867404219203e-01	2.158030049854182397e-01	1.920217444260715889e-01	1.172112446469683461e-01	5.887323489502939433e-02	2.158657651271236877e-02	5.517220779331546976e-02
7.208277618346371582e+02	3.381609557902343077e-01	2.150223021627220288e-01	1.928247920412612393e-01	1.177318484060743548e-01	5.907929525184254377e-02	2.169805306522390800e-02	5.548275328257894212e-02
7.256655320482924481e+02	3.369966270598656055e-01	2.142460181000895025e-01	1.936228630003442308e-01	1.182494042508230314e-01	5.928414357279070818e-02	2.180921498888752433e-02	5.579172902713675636e-02
7.305033022619478515e+02	3.358389595524044480e-01	2.134741297914419245e-01	1.944159888896485056e-01	1.187639320588497471e-01	5.948778979304474024e-02	2.192006006829058315e-02	5.609913984625745226e-02
7.353410724756030277e+02	3.346879127093788098e-01	2.127066141853237446e-01	1.952042011330945015e-01	1.192754514937550553e-01	5.969024369039349631e-02	2.203058616455190119e-02	5.640499062343989206e-02
7.401788426892584312e+02	3.335434463928774185e-01	2.119434481988740904e-01	1.959875309913630126e-01	1.197839820102311742e-01	5.989151488928903810e-02	2.214079121359640440e-02	5.670928630370623835e-02
7.450166129029136073e+02	3.324055208689412622e-01	2.111846087306673281e-01	1.967660095611152293e-01	1.202895428590047139e-01	6.009161286476345093e-02	2.225067322447041654e-02	5.701203189097505536e-02
7.498543831165690108e+02	3.312740967921279367e-01	2.104300726725094606e-01	1.975396677742654039e-01	1.207921530916033354e-01	6.029054694622223987e-02	2.236023027769663135e-02	5.731323244551244506e-02
7.546921533302243006e+02	3.301491351911615690e-01	2.096798169202708784e-01	1.983085363973058346e-01	1.212918315649536283e-01	6.048832632111877244e-02	2.246946052366770655e-02	5.761289308145912946e-02
7.595299235438793630e+02	3.290305974555842172e-01	2.089338183838288232e-01	1.990726460306836976e-01	1.217885969458176454e-01	6.068496003851432674e-02	2.257836218107749093e-02	5.791101896443130725e-02
7.643676937575347665e+02	3.279184453233348617e-01	2.081920539961887306e-01	1.998320271082294208e-01	1.222824677150745193e-01	6.088045701252781106e-02	2.268693353538893051e-02	5.820761530919326548e-02
7.692054639711900563e+02	3.268126408691848228e-01	2.074545007218463466e-01	2.005867098966360451e-01	1.227734621718536007e-01	6.107482602567920055e-02	2.279517293733774111e-02	5.850268737739979658e-02
7.740432341848452324e+02	3.257131464939651555e-01	2.067211355644504034e-01	2.013367244949887946e-01	1.232615984375253215e-01	6.126807573213058355e-02	2.290307880147087263e-02	5.879624047540646381e-02
7.788810043985006359e+02	3.246199249145261256e-01	2.059919355738184521e-01	2.020821008343444414e-01	1.237468944595555148e-01	6.146021466082832868e-02	2.301064960471896348e-02	5.908827995214571693e-02
7.837187746121558121e+02	3.235329391543742550e-01	2.052668778523564774e-01	2.028228686773592415e-01	1.242293680152285890e-01	6.165125121855002249e-02	2.311788388500184144e-02	5.937881119706712313e-02
7.885565448258112156e+02	3.224521525349348106e-01	2.045459395609274533e-01	2.035590576179646671e-01	1.247090367152450113e-01	6.184119369285950157e-02	2.322478023986629392e-02	5.966783963813983988e-02
7.933943150394665054e+02	3.213775286673933862e-01	2.038290979242121104e-01	2.042906970810902667e-01	1.251859180071979993e-01	6.203005025497301816e-02	2.333133732515525055e-02	5.995537073991553251e-02
7.982320852531219089e+02	3.203090314450727782e-01	2.031163302356005229e-01	2.050178163224324890e-01	1.256600291789341517e-01	6.221782896253989781e-02	2.343755385370760794e-02	6.024141000165007115e-02
8.030698554667769713e+02	3.192466250363050206e-01	2.024076138616507925e-01	2.057404444282683875e-01	1.261313873618028214e-01	6.240453776234033967e-02	2.354342859408791594e-02	6.052596295548225841e-02
8.079076256804323748e+02	3.181902738777609985e-01	2.017029262461486061e-01	2.064586103153132068e-01	1.266000095337981302e-01	6.259018449290340569e-02	2.364896036934515181e-02	6.080903516466800579e-02
8.127453958940876646e+02	3.171399426682041667e-01	2.010022449137980893e-01	2.071723427306210175e-01	1.270659125225983566e-01	6.277477688704775904e-02	2.375414805579989519e-02	6.109063222186830733e-02
8.175831661077428407e+02	3.160955963626354004e-01	2.003055474735726815e-01	2.078816702515268455e-01	1.275291130085061952e-01	6.295832257434787194e-02	2.385899058185913385e-02	6.137075974748951862e-02
8.224209363213982442e+02	3.150572001668008881e-01	1.996128116217528448e-01	2.085866212856296031e-01	1.279896275272939254e-01	6.314082908352799950e-02	2.396348692685807552e-02	6.164942338807430366e-02
8.272587065350534203e+02	3.140247195320354789e-01	1.989240151446738936e-01	2.092872240708145704e-01	1.284474724729569306e-01	6.332230384478659824e-02	2.406763611992820268e-02	6.192662881474193803e-02
8.320964767487085965e+02	3.129981201504159483e-01	1.982391359212073434e-01	2.099835066753142354e-01	1.289026641003793994e-01	6.350275419205320127e-02	2.417143723889100815e-02	6.220238172167644186e-02
8.369342469623640000e+02	3.119773679502019226e-01	1.975581519249961504e-01	2.106754969978063552e-01	1.293552185279152056e-01	6.368218736518019285e-02	2.427488940917670729e-02	6.247668782466105769e-02
8.417720171760191761e+02	3.109624290915425360e-01	1.968810412264631049e-01	2.113632227675481812e-01	1.298051517398869925e-01	6.386061051207143902e-02	2.437799180276731259e-02	6.274955285965794216e-02
8.466097873896745796e+02	3.099532699624295562e-01	1.962077819946099755e-01	2.120467115445459350e-01	1.302524795890072085e-01	6.403803069074988363e-02	2.448074363716349136e-02	6.302098258143151721e-02
8.514475576033297557e+02	3.089498571748776623e-01	1.955383524986238353e-01	2.127259907197578681e-01	1.306972177987231198e-01	6.421445487136620556e-02	2.458314417437459584e-02	6.329098276221434283e-02
8.562853278169851592e+02	3.079521575613166640e-01	1.948727311093055858e-01	2.134010875153303788e-01	1.311393819654893544e-01	6.438988993815013273e-02	2.468519271993130024e-02	6.355955919041421376e-02
8.611230980306403353e+02	3.069601381711788979e-01	1.942108963003348898e-01	2.140720289848656865e-01	1.315789875609701121e-01	6.456434269130653658e-02	2.478688862192027914e-02	6.382671766936121038e-02
8.659608682442956251e+02	3.059737662676675352e-01	1.935528266493839189e-01	2.147388420137202047e-01	1.320160499341740123e-01	6.473781984885793039e-02	2.488823127004038960e-02	6.409246401609366983e-02
8.707986384579510286e+02	3.049930093246928098e-01	1.928985008390921574e-01	2.154015533193325282e-01	1.324505843135235783e-01	6.491032804843500925e-02	2.498922009467982250e-02	6.435680406018180755e-02
8.756364086716062047e+02	3.040178350239639005e-01	1.922478976579132526e-01	2.160601894515797039e-01	1.328826058088623807e-01	6.508187384901700789e-02	2.508985456601372024e-02	6.461974364258786518e-02
8.804741788852616082e+02	3.030482112522244198e-01	1.916009960008438207e-01	2.167147767931611735e-01	1.333121294134013979e-01	6.525246373262338917e-02	2.519013419312174720e-02	6.488128861456184115e-02
8.853119490989170117e+02	3.020841060986225735e-01	1.909577748700437838e-01	2.173653415600091121e-01	1.337391700056073662e-01	6.542210410595827863e-02	2.529005852312511682e-02	6.514144483657152707e-02
8.901497193125721878e+02	3.011254878522042766e-01	1.903182133753566485e-01	2.180119098017240520e-01	1.341637423510346760e-01	6.559080130200928282e-02	2.538962714034263476e-02	6.540021817726614228e-02
8.949874895262273640e+02	3.001723249995219001e-01	1.896822907347380516e-01	2.186545074020349588e-01	1.345858611041034214e-01	6.575856158160198195e-02	2.548883966546524465e-02	6.565761451247222047e-02
8.998252597398827675e+02	2.992245862223490427e-01	1.890499862745995685e-01	2.192931600792830948e-01	1.350055408098247423e-01	6.592539113491151237e-02	2.558769575474868080e-02	6.591363972422110973e-02
9.046630299535379436e+02	2.982822403954953905e-01	1.884212794300747784e-01	2.199278933869279473e-01	1.354227959054764008e-01	6.609129608293255742e-02	2.568619509922374922e-02	6.616829969980692061e-02
9.095008001671932334e+02	2.973452565847124474e-01	1.877961497452140249e-01	2.205587327140751674e-01	1.358376407222291471e-01	6.625628247890898159e-02	2.578433742392381017e-02	6.642160033087413096e-02
9.143385703808486369e+02	2.964136040446856968e-01	1.871745768731132020e-01	2.211857032860249372e-01	1.362500894867264556e-01	6.642035630972439875e-02	2.588212248712909447e-02	6.667354751253393164e-02
9.191763405945038130e+02	2.954872522171051452e-01	1.865565405759825601e-01	2.218088301648402094e-01	1.366601563226192140e-01	6.658352349725479846e-02	2.597955007962738164e-02	6.692414714250852215e-02
9.240141108081592165e+02	2.945661707288105835e-01	1.859420207251596957e-01	2.224281382499340154e-01	1.370678552520561977e-01	6.674578989968438236e-02	2.607662002399069312e-02	6.717340512030238464e-02
9.288518810218145063e+02	2.936503293900049605e-01	1.853309973010720535e-01	2.230436522786747033e-01	1.374732001971329665e-01	6.690716131278580392e-02	2.617333217386760488e-02	6.742132734639985636e-02
9.336896512354697961e+02	2.927396981925317054e-01	1.847234503931528271e-01	2.236553968270086623e-01	1.378762049812998491e-01	6.706764347116583869e-02	2.626968641329080131e-02	6.766791972148829271e-02
9.385274214491247449e+02	2.918342473082116695e-01	1.841193601997138107e-01	2.242633963100993943e-01	1.382768833307304879e-01	6.722724204947735926e-02	2.636568265599949223e-02	6.791318814570576623e-02
9.433651916627801484e+02	2.909339470872350231e-01	1.835187070277794485e-01	2.248676749829823518e-01	1.386752488756528290e-01	6.738596266359894726e-02	2.646132084477639118e-02	6.815713851791295463e-02
9.482029618764355519e+02	2.900387680566053894e-01	1.829214712928848019e-01	2.254682569412347071e-01	1.390713151516432822e-01	6.754381087178282228e-02	2.655660095079883168e-02	6.839977673498814914e-02
9.530407320900908417e+02	2.891486809186312179e-01	1.823276335188409314e-01	2.260651661216594444e-01	1.394650956008855192e-01	6.770079217577218422e-02	2.665152297300375436e-02	6.864110869114498081e-02
9.578785023037459041e+02	2.882636565494628433e-01	1.817371743374701643e-01	2.266584263029827462e-01	1.398566035733952995e-01	6.785691202188880167e-02	2.674608693746621801e-02	6.888114027727199051e-02
9.627162725174014213e+02	2.873836659976709562e-01	1.811500744883141056e-01	2.272480611065644807e-01	1.402458523282121838e-01	6.801217580209176217e-02	2.684029289679106672e-02	6.911987738029351513e-02
9.675540427310568248e+02	2.865086804828642641e-01	1.805663148183166422e-01	2.278340939971205403e-01	1.406328550345596062e-01	6.816658885500820331e-02	2.693414092951754157e-02	6.935732588255119624e-02
9.723918129447120009e+02	2.856386713943440681e-01	1.799858762814842694e-01	2.284165482834569216e-01	1.410176247729738874e-01	6.832015646693694044e-02	2.702763113953642743e-02	6.959349166120554209e-02
9.772295831583674044e+02	2.847736102897921451e-01	1.794087399385255466e-01	2.289954471192144625e-01	1.414001745364038831e-01	6.847288387282561561e-02	2.712076365551953014e-02	6.982838058765687694e-02
9.820673533720223531e+02	2.839134688939918272e-01	1.788348869564720112e-01	2.295708135036238773e-01	1.417805172312816275e-01	6.862477625722236685e-02	2.721353863036111986e-02	7.006199852698519193e-02
9.869051235856777566e+02	2.830582190975782786e-01	1.782642986082817183e-01	2.301426702822705339e-01	1.421586656785654990e-01	6.877583875520251744e-02	2.730595624063113236e-02	7.029435133740834230e-02
9.917428937993331601e+02	2.822078329558170839e-01	1.776969562724275142e-01	2.307110401478680572e-01	1.425346326147564624e-01	6.892607645327125665e-02	2.739801668603978821e-02	7.052544486975791116e-02
9.965806640129884499e+02	2.813622826874093152e-01	1.771328414324711831e-01	2.312759456410406755e-01	1.429084306928883052e-01	6.907549439024275595e-02	2.748972018891343225e-02	7.075528496697237879e-02
1.001418434226643626e+03	2.805215406733214678e-01	1.765719356766251025e-01	2.318374091511134216e-01	1.432800724834930872e-01	6.922409755809667831e-02	2.758106699368127399e-02	7.098387746360702855e-02
1.006256204440298802e+03	2.796855794556384334e-01	1.760142206973023260e-01	2.323954529169096617e-01	1.436495704755422487e-01	6.937189090281252468e-02	2.767205736637282087e-02	7.121122818536000654e-02
1.011093974653954206e+03	2.788543717364387331e-01	1.754596782906565899e-01	2.329500990275557570e-01	1.440169370773644042e-01	6.951887932518253932e-02	2.776269159412572338e-02	7.143734294861429912e-02
1.015931744867609382e+03	2.780278903766900678e-01	1.749082903561130775e-01	2.335013694232920267e-01	1.443821846175404044e-01	6.966506768160379837e-02	2.785296998470382368e-02	7.166222755999483718e-02
1.020769515081264785e+03	2.772061083951647964e-01	1.743600388958911340e-01	2.340492858962896494e-01	1.447453253457767763e-01	6.981046078485005080e-02	2.794289286602516520e-02	7.188588781594047739e-02
1.025607285294920075e+03	2.763889989673734560e-01	1.738149060145194602e-01	2.345938700914731723e-01	1.451063714337577359e-01	6.995506340482390839e-02	2.803246058569972346e-02	7.210832950229055516e-02
1.030445055508575479e+03	2.755765354245157117e-01	1.732728739183453104e-01	2.351351435073480434e-01	1.454653349759771341e-01	7.009888026929003702e-02	2.812167351057664327e-02	7.232955839388517660e-02
1.035282825722230655e+03	2.747686912524480163e-01	1.727339249150373901e-01	2.356731274968326684e-01	1.458222279905503072e-01	7.024191606458962678e-02	2.821053202630077056e-02	7.254958025417923562e-02
1.040120595935886058e+03	2.739654400906666454e-01	1.721980414130845349e-01	2.362078432680948248e-01	1.461770624200070812e-01	7.038417543633709861e-02	2.829903653687828105e-02	7.276840083486962873e-02
1.044958366149541234e+03	2.731667557313054995e-01	1.716652059212893933e-01	2.367393118853918232e-01	1.465298501320661806e-01	7.052566299009904727e-02	2.838718746425116998e-02	7.298602587553509879e-02
1.049796136363196410e+03	2.723726121181478388e-01	1.711354010482589172e-01	2.372675542699141382e-01	1.468806029203917340e-01	7.066638329205647551e-02	2.847498524788041885e-02	7.320246110328867961e-02
1.054633906576851814e+03	2.715829833456520626e-01	1.706086095018914672e-01	2.377925912006319809e-01	1.472293325053325996e-01	7.080634086965029161e-02	2.856243034433765537e-02	7.341771223244211719e-02
1.059471676790506763e+03	2.707978436579892012e-01	1.700848140888612525e-01	2.383144433151448693e-01	1.475760505346450369e-01	7.094554021221081974e-02	2.864952322690510547e-02	7.363178496418189278e-02
1.064309447004162394e+03	2.700171674480931205e-01	1.695639977141006616e-01	2.388331311105332810e-01	1.479207685841989472e-01	7.108398577157183651e-02	2.873626438518363593e-02	7.384468498625679223e-02
1.069147217217817570e+03	2.692409292567221057e-01	1.690461433802807611e-01	2.393486749442122752e-01	1.482634981586686829e-01	7.122168196266930040e-02	2.882265432470874564e-02	7.405641797267638327e-02
1.073984987431472746e+03	2.684691037715317141e-01	1.685312341872906294e-01	2.398610950347872528e-01	1.486042506922086726e-01	7.135863316412549562e-02	2.890869356657430056e-02	7.426698958342019263e-02
1.078822757645127922e+03	2.677016658261579529e-01	1.680192533317154124e-01	2.403704114629105770e-01	1.489430375491144487e-01	7.149484371881877076e-02	2.899438264706383217e-02	7.447640546415733309e-02
1.083660527858783553e+03	2.669385903993105047e-01	1.675101841063138808e-01	2.408766441721397478e-01	1.492798700244692411e-01	7.163031793443945527e-02	2.907972211728926740e-02	7.468467124597620577e-02
1.088498298072438729e+03	2.661798526138761112e-01	1.670040098994957090e-01	2.413798129697961037e-01	1.496147593447773039e-01	7.176506008403221726e-02	2.916471254283690626e-02	7.489179254512391692e-02
1.093336068286093905e+03	2.654254277360308389e-01	1.665007141947984493e-01	2.418799375278242458e-01	1.499477166685835028e-01	7.189907440652539006e-02	2.924935450342047369e-02	7.509777496275540920e-02
1.098173838499749309e+03	2.646752911743614489e-01	1.660002805703648665e-01	2.423770373836515446e-01	1.502787530870804411e-01	7.203236510724730923e-02	2.933364859254111723e-02	7.530262408469159952e-02
1.103011608713404712e+03	2.639294184789956477e-01	1.655026926984205227e-01	2.428711319410479796e-01	1.506078796247027618e-01	7.216493635843053422e-02	2.941759541715418397e-02	7.550634548118662082e-02
1.107849378927059888e+03	2.631877853407404433e-01	1.650079343447522495e-01	2.433622404709854803e-01	1.509351072397097648e-01	7.229679229970382981e-02	2.950119559734263458e-02	7.570894470670380683e-02
1.112687149140715292e+03	2.624503675902285504e-01	1.645159893681871488e-01	2.438503821124969329e-01	1.512604468247561451e-01	7.242793703857247634e-02	2.958444976599693133e-02	7.591042729970000347e-02
1.117524919354370468e+03	2.617171411970727890e-01	1.640268417200727025e-01	2.443355758735345773e-01	1.515839092074514616e-01	7.255837465088720017e-02	2.966735856850130637e-02	7.611079878241822083e-02
