1.581950859865277607e+03	2.053191738265866817e-01	1.328060672106082252e-01	2.801336417782370747e-01	1.747217806639987103e-01	8.167041326452573191e-02	3.541644856677854392e-02	8.993247468858665827e-02
1.596464170506243590e+03	2.043502177630149019e-01	1.315076691784177743e-01	2.807418243476054731e-01	1.754933862702483527e-01	8.168831742441681754e-02	3.557485207119188281e-02	9.064373294442643059e-02
1.610977481147209119e+03	2.033377605914008512e-01	1.302842830257822659e-01	2.813595864965421911e-01	1.762410999718197202e-01	8.181508056460626288e-02	3.574012961305225028e-02	9.122205973611811902e-02
1.625490791788175102e+03	2.022937501093377277e-01	1.291257454685489081e-01	2.819849811511610516e-01	1.769631290558453252e-01	8.200595614754592477e-02	3.590907752401915204e-02	9.171736054286362683e-02
1.640004102429141085e+03	2.012277310924320828e-01	1.280236177499604056e-01	2.826161663021299342e-01	1.776591520334921959e-01	8.223375210313307870e-02	3.607972022120435607e-02	9.215986049696971161e-02
1.654517413070107068e+03	2.001473738017561232e-01	1.269708739433949851e-01	2.832514426328529566e-01	1.783296781461487512e-01	8.248194345841912412e-02	3.625082802389282405e-02	9.256785999285699340e-02
1.669030723711072824e+03	1.990588659666224780e-01	1.259616500033036435e-01	2.838892673315214221e-01	1.789756632401725556e-01	8.274048995375123117e-02	3.642162494603030931e-02	9.295243855792009735e-02
1.683544034352038352e+03	1.979672097911961137e-01	1.249910401668165860e-01	2.845282545320729772e-01	1.795982810395971574e-01	8.300329580780785310e-02	3.659161168374141376e-02	9.332030697808969821e-02
1.698057344993004335e+03	1.968764512619174123e-01	1.240549307945339880e-01	2.851671685843557014e-01	1.801987885085852004e-01	8.326666647034830504e-02	3.676045842912756961e-02	9.367553595045370607e-02
1.712570655633970318e+03	1.957898600204878992e-01	1.231498641572680575e-01	2.858049137965968378e-01	1.807784480789757231e-01	8.352837072839913723e-02	3.692793999034833102e-02	9.402060322724589692e-02
1.727083966274936301e+03	1.947100723066614858e-01	1.222729263942654993e-01	2.864405227575563262e-01	1.813384841436598838e-01	8.378707042232838575e-02	3.709389652872746579e-02	9.435702744612281534e-02
1.741597276915902057e+03	1.936392057376245257e-01	1.214216551199954752e-01	2.870731444276434785e-01	1.818800600992558081e-01	8.404197344114251733e-02	3.725820979509410907e-02	9.468575137856596879e-02
1.756110587556867813e+03	1.925789522221789118e-01	1.205939630891677550e-01	2.877020326430311248e-01	1.824042676172349664e-01	8.429262236977376477e-02	3.742078873418136498e-02	9.500737332375398803e-02
1.770623898197833569e+03	1.915306536435503748e-01	1.197880750392385368e-01	2.883265353561533240e-01	1.829121231006584081e-01	8.453876558212075620e-02	3.758156074392191709e-02	9.532228653367860738e-02
1.785137208838799552e+03	1.904953637965816071e-01	1.190024753795198842e-01	2.889460847501883478e-01	1.834045682754261164e-01	8.478027846914465426e-02	3.774046634269111189e-02	9.563076298577022349e-02
1.799650519479765535e+03	1.894738992538284594e-01	1.182358648286686992e-01	2.895601882599684318e-01	1.838824730752650349e-01	8.501711517678103847e-02	3.789745588628159328e-02	9.593300351852870889e-02
1.814163830120731291e+03	1.884668812477145738e-01	1.174871244470532122e-01	2.901684204744727769e-01	1.843466397151567182e-01	8.524927893019246250e-02	3.805248751481684483e-02	9.622916766991540527e-02
1.828677140761696819e+03	1.874747702205655786e-01	1.167552857878896427e-01	2.907704158669401906e-01	1.847978072947438211e-01	8.547680369735610739e-02	3.820552583577645211e-02	9.651939129605019430e-02
1.843190451402663257e+03	1.864978943646804499e-01	1.160395061159947144e-01	2.913658622858385505e-01	1.852366565445776880e-01	8.569974278491308828e-02	3.835654104645713075e-02	9.680379685686033020e-02
1.857703762043628785e+03	1.855364732201897626e-01	1.153390478265077096e-01	2.919544951363851615e-01	1.856638144926182343e-01	8.591816168418493771e-02	3.850550831827749543e-02	9.708249932115865788e-02
1.872217072684594768e+03	1.845906371989544936e-01	1.146532613463114303e-01	2.925360921838180972e-01	1.860798589279620829e-01	8.613213353331136690e-02	3.865240733713252996e-02	9.735560947183202751e-02
1.886730383325560297e+03	1.836604437442488913e-01	1.139815709245224074e-01	2.931104689137122854e-01	1.864853225987673779e-01	8.634173619847715364e-02	3.879722193718439238e-02	9.762323568240960370e-02
1.901243693966526507e+03	1.827458907087004536e-01	1.133234628203367567e-01	2.936774743898805107e-01	1.868806971172319031e-01	8.654705036459289791e-02	3.893993979135468991e-02	9.788548480722493450e-02
1.915757004607492036e+03	1.818469274299282512e-01	1.126784754806845479e-01	2.942369875559903147e-01	1.872664365656811769e-01	8.674815826156923038e-02	3.908055213721892129e-02	9.814246256824976644e-02
1.930270315248458019e+03	1.809634638993822819e-01	1.120461913697490125e-01	2.947889139325201024e-01	1.876429608100771140e-01	8.694514279597666262e-02	3.921905352614802470e-02	9.839427366546904530e-02
1.944783625889424002e+03	1.800953783511758666e-01	1.114262301700269520e-01	2.953331826658468495e-01	1.880106585340677872e-01	8.713808694553940026e-02	3.935544158890785099e-02	9.864102174375756482e-02
1.959296936530389530e+03	1.792425235412509477e-01	1.108182431223420084e-01	2.958697438909978494e-01	1.883698900102063201e-01	8.732707332751452056e-02	3.948971681403323081e-02	9.888280929297735278e-02
1.973810247171355968e+03	1.784047319407149890e-01	1.102219083117913778e-01	2.963985663738832321e-01	1.887209896264798736e-01	8.751218388488220257e-02	3.962188233705505463e-02	9.911973752451552766e-02
1.988323557812321269e+03	1.775818200288013515e-01	1.096369267394185498e-01	2.969196354026604201e-01	1.890642681866121222e-01	8.769349965451889162e-02	3.975194373962789157e-02	9.935190624768300283e-02
2.002836868453287707e+03	1.767735918391762084e-01	1.090630190466235910e-01	2.974329509012939021e-01	1.894000150022261963e-01	8.787110059406412488e-02	3.987990885811268371e-02	9.957941375782558557e-02
2.017350179094252780e+03	1.759798418870547887e-01	1.084999227819051087e-01	2.979385257413976196e-01	1.897284997941819651e-01	8.804506545201704060e-02	4.000578760141133838e-02	9.980235674135445878e-02
2.031863489735218764e+03	1.752003575828428028e-01	1.079473901182686768e-01	2.984363842311253956e-01	1.900499744194196483e-01	8.821547167053404859e-02	4.012959177794538090e-02	1.000208301991863946e-01
2.046376800376184747e+03	1.744349212199960697e-01	1.074051859451902319e-01	2.989265607622411114e-01	1.903646744385610323e-01	8.838239531355249201e-02	4.025133493168705362e-02	1.002349273880943081e-01
2.060890111017150957e+03	1.736833116098500385e-01	1.068730862719326491e-01	2.994090985985923270e-01	1.906728205384145558e-01	8.854591101491765537e-02	4.037103218712924380e-02	1.004447397784858920e-01
2.075403421658116713e+03	1.729453054237799492e-01	1.063508768897306889e-01	2.998840487910600094e-01	1.909746198224379077e-01	8.870609194255280050e-02	4.048870010304220224e-02	1.006503570267188452e-01
2.089916732299082469e+03	1.722206782927737378e-01	1.058383522492558071e-01	3.003514692056938329e-01	1.912702669811611189e-01	8.886300977564201564e-02	4.060435653482321466e-02	1.008518669599727108e-01
2.104430042940048224e+03	1.715092057059725283e-01	1.053353145171583016e-01	3.008114236531890806e-01	1.915599453535731800e-01	8.901673469244680836e-02	4.071802050520609284e-02	1.010493555717764669e-01
2.118943353581013525e+03	1.708106637426586583e-01	1.048415727816163073e-01	3.012639811091438746e-01	1.918438278895385207e-01	8.916733536684928740e-02	4.082971208306414301e-02	1.012429070264517089e-01
2.133456664221980191e+03	1.701248296662992709e-01	1.043569423819124126e-01	3.017092150156723829e-01	1.921220780224342783e-01	8.931487897206616400e-02	4.093945227001365844e-02	1.014326036709243817e-01
2.147969974862945492e+03	1.694514824043826529e-01	1.038812443412863024e-01	3.021472026559584023e-01	1.923948504603878729e-01	8.945943119024793444e-02	4.104726289450517929e-02	1.016185260525542533e-01
2.162483285503912157e+03	1.687904029337401191e-01	1.034143048858219838e-01	3.025780245942291113e-01	1.926622919037461190e-01	8.960105622689042149e-02	4.115316651307641266e-02	1.018007529418184925e-01
2.176996596144877003e+03	1.681413745876916832e-01	1.029559550350427483e-01	3.030017641744254253e-01	1.929245416957165171e-01	8.973981682915715963e-02	4.125718631843290629e-02	1.019793613588562270e-01
2.191509906785843214e+03	1.675041832985689205e-01	1.025060302523081029e-01	3.034185070715536559e-01	1.931817324124891766e-01	8.987577430735169126e-02	4.135934605401914155e-02	1.021544266030320058e-01
2.206023217426809424e+03	1.668786177868573362e-01	1.020643701451168645e-01	3.038283408903337812e-01	1.934339903985670961e-01	9.000898855889562233e-02	4.145966993474377305e-02	1.023260222848083045e-01
2.220536528067775180e+03	1.662644697062826415e-01	1.016308182070899541e-01	3.042313548063216855e-01	1.936814362525029198e-01	9.013951809426683226e-02	4.155818257352651701e-02	1.024942203593321166e-01
2.235049838708740936e+03	1.656615337525746134e-01	1.012052215947934347e-01	3.046276392451846005e-01	1.939241852677559275e-01	9.026742006443506938e-02	4.165490891334072687e-02	1.026590911612383500e-01
2.249563149349706237e+03	1.650696077423197961e-01	1.007874309337140201e-01	3.050172855962538510e-01	1.941623478329412011e-01	9.039275028940305101e-02	4.174987416443406985e-02	1.028207034402567610e-01
2.264076459990672902e+03	1.644884926672202374e-01	1.003773001486554239e-01	3.054003859568825141e-01	1.943960297953420679e-01	9.051556328752212444e-02	4.184310374641996011e-02	1.029791243972804915e-01
2.278589770631638203e+03	1.639179927281643467e-01	9.997468631461996214e-02	3.057770329044877666e-01	1.946253327911900144e-01	9.063591230530292087e-02	4.193462323494307614e-02	1.031344197206147117e-01
2.293103081272604413e+03	1.633579153527617844e-01	9.957944952489877766e-02	3.061473192934818233e-01	1.948503545458848130e-01	9.075384934748650934e-02	4.202445831263451614e-02	1.032866536221745957e-01
2.307616391913570169e+03	1.628080711993684093e-01	9.919145277364364854e-02	3.065113380745754235e-01	1.950711891470256198e-01	9.086942520717952720e-02	4.211263472408426772e-02	1.034358888734458748e-01
2.322129702554535925e+03	1.622682741501075832e-01	9.881056185064897301e-02	3.068691821341990034e-01	1.952879272928496057e-01	9.098268949588990406e-02	4.219917823457124129e-02	1.035821868410564534e-01
2.336643013195502135e+03	1.617383412949625066e-01	9.843664524645139025e-02	3.072209441520108442e-01	1.955006565184268241e-01	9.109369067332788450e-02	4.228411459230408537e-02	1.037256075218392359e-01
2.351156323836467891e+03	1.612180929086571568e-01	9.806957406616953477e-02	3.075667164746703208e-01	1.957094614017348411e-01	9.120247607686152169e-02	4.236746949393822154e-02	1.038662095772911742e-01
2.365669634477433647e+03	1.607073524217469407e-01	9.770922195076824079e-02	3.079065910042359522e-01	1.959144237515319520e-01	9.130909195053674154e-02	4.244926855314741510e-02	1.040040503673556049e-01
2.380182945118399402e+03	1.602059463870935396e-01	9.735546500464911657e-02	3.082406590997134876e-01	1.961156227787646533e-01	9.141358347358928549e-02	4.252953727204018125e-02	1.041391859834725764e-01
2.394696255759364703e+03	1.597137044426945318e-01	9.700818172865065259e-02	3.085690114904288683e-01	1.963131352530764484e-01	9.151599478839222979e-02	4.260830101522312258e-02	1.042716712808570423e-01
2.409209566400331823e+03	1.592304592716692058e-01	9.666725295769146298e-02	3.088917382000305190e-01	1.965070356458348544e-01	9.161636902779460301e-02	4.268558498632504805e-02	1.044015599099772651e-01
2.423722877041296670e+03	1.587560465600617865e-01	9.633256180241542288e-02	3.092089284800482729e-01	1.966973962609563642e-01	9.171474834181854441e-02	4.276141420680658334e-02	1.045289043472159562e-01
2.438236187682262880e+03	1.582903049530063888e-01	9.600399359430211721e-02	3.095206707520414824e-01	1.968842873546854388e-01	9.181117392369152197e-02	4.283581349689059847e-02	1.046537559247053828e-01
2.452749498323228636e+03	1.578330760097021446e-01	9.568143583379232209e-02	3.098270525574651213e-01	1.970677772453719445e-01	9.190568603519783109e-02	4.290880745845911809e-02	1.047761648593344974e-01
2.467262808964194392e+03	1.573842041575668205e-01	9.536477814105094597e-02	3.101281605144697862e-01	1.972479324141908352e-01	9.199832403134106107e-02	4.298042045977192027e-02	1.048961802809316862e-01
2.481776119605160602e+03	1.569435366458707959e-01	9.505391220904979566e-02	3.104240802809302147e-01	1.974248175976555109e-01	9.208912638431379638e-02	4.305067662187117561e-02	1.050138502596318080e-01
2.496289430246126358e+03	1.565109234990986753e-01	9.474873175870268671e-02	3.107148965230649984e-01	1.975984958726956231e-01	9.217813070677632892e-02	4.311959980654551938e-02	1.051292218324392930e-01
2.510802740887092114e+03	1.560862174702403460e-01	9.444913249582748138e-02	3.110006928890748368e-01	1.977690287349935794e-01	9.226537377444961330e-02	4.318721360573493651e-02	1.052423410290023315e-01
2.525316051528057415e+03	1.556692739941754611e-01	9.415501206974428994e-02	3.112815519872827452e-01	1.979364761712087140e-01	9.235089154803083344e-02	4.325354133226580466e-02	1.053532528966152626e-01
2.539829362169024080e+03	1.552599511412846023e-01	9.386627003334825636e-02	3.115575553683103682e-01	1.981008967256560616e-01	9.243471919444287699e-02	4.331860601181287962e-02	1.054620015244680520e-01
2.554342672809989381e+03	1.548581095713940647e-01	9.358280780451978809e-02	3.118287835108716211e-01	1.982623475619523512e-01	9.251689110743041566e-02	4.338243037599188306e-02	1.055686300671629801e-01
2.568855983450955591e+03	1.544636124881406392e-01	9.330452862875521225e-02	3.120953158108048520e-01	1.984208845200924054e-01	9.259744092751773237e-02	4.344503685649302172e-02	1.056731807675193313e-01
2.583369294091921347e+03	1.540763255938245868e-01	9.303133754291802171e-02	3.123572305730025755e-01	1.985765621693743876e-01	9.267640156134389351e-02	4.350644758017176150e-02	1.057756949786879674e-01
2.597882604732887103e+03	1.536961170448047087e-01	9.276314134002493217e-02	3.126146050059327441e-01	1.987294338575519848e-01	9.275380520039228083e-02	4.356668436501932862e-02	1.058762131855972011e-01
2.612395915373853313e+03	1.533228574074777251e-01	9.249984853499322590e-02	3.128675152184728359e-01	1.988795517565551119e-01	9.282968333913196868e-02	4.362576871694034270e-02	1.059747750257520327e-01
2.626909226014819069e+03	1.529564196148735788e-01	9.224136933128528060e-02	3.131160362188079582e-01	1.990269669050882817e-01	9.290406679258894629e-02	4.368372182727058711e-02	1.060714193094086655e-01
2.641422536655784825e+03	1.525966789238911991e-01	9.198761558839524399e-02	3.133602419151682028e-01	1.991717292483856927e-01	9.297698571336504569e-02	4.374056457097235534e-02	1.061661840391456418e-01
2.655935847296750580e+03	1.522435128731915444e-01	9.173850079012947634e-02	3.136002051182014139e-01	1.993138876753753619e-01	9.304846960812328260e-02	4.379631750544946134e-02	1.062591064288528481e-01
2.670449157937716336e+03	1.518968012417602209e-01	9.149394001363844731e-02	3.138359975447990169e-01	1.994534900534809807e-01	9.311854735355729051e-02	4.385100086992808899e-02	1.063502229221593848e-01
2.684962468578682547e+03	1.515564260081466719e-01	9.125384989916263123e-02	3.140676898232097614e-01	1.995905832612676345e-01	9.318724721186302795e-02	4.390463458535355523e-02	1.064395692103201757e-01
2.699475779219648302e+03	1.512222713103839322e-01	9.101814862045976007e-02	3.142953514992924968e-01	1.997252132191184026e-01	9.325459684573057795e-02	4.395723825475684327e-02	1.065271802495814657e-01
2.713989089860614058e+03	1.508942234065894505e-01	9.078675585588348584e-02	3.145190510437747000e-01	1.998574249181108153e-01	9.332062333287312328e-02	4.400883116404803036e-02	1.066130902780439288e-01
2.728502400501579814e+03	1.505721706362453394e-01	9.055959276008751502e-02	3.147388558603950726e-01	1.999872624472462668e-01	9.338535318011033370e-02	4.405943228319680882e-02	1.066973328320421632e-01
2.743015711142545115e+03	1.502560033821550012e-01	9.033658193633108124e-02	3.149548322948222401e-01	2.001147690191707740e-01	9.344881233702249934e-02	4.410906026776368477e-02	1.067799407620582119e-01
2.757529021783511780e+03	1.499456140330698850e-01	9.011764740936437090e-02	3.151670456442508539e-01	2.002399869945127864e-01	9.351102620919159170e-02	4.415773346074757660e-02	1.068609462481865113e-01
2.772042332424477081e+03	1.496408969469807948e-01	8.990271459887423655e-02	3.153755601675870546e-01	2.003629579049513443e-01	9.357201967104469831e-02	4.420546989471871996e-02	1.069403808151667412e-01
2.786555643065443292e+03	1.493417484150661168e-01	8.969171029347210167e-02	3.155804390961441941e-01	2.004837224751181701e-01	9.363181707831494394e-02	4.425228729420768031e-02	1.070182753470003412e-01
2.801068953706408593e+03	1.490480666262885556e-01	8.948456262520748661e-02	3.157817446447768739e-01	2.006023206434262574e-01	9.369044228013438669e-02	4.429820307832382092e-02	1.070946601011661670e-01
2.815582264347374803e+03	1.487597516326316927e-01	8.928120104459165429e-02	3.159795380233885176e-01	2.007187915819104995e-01	9.374791863077271137e-02	4.434323436357850978e-02	1.071695647224500114e-01
2.830095574988341014e+03	1.484767053149672611e-01	8.908155629611719251e-02	3.161738794487552462e-01	2.008331737151566321e-01	9.380426900103550070e-02	4.438739796689025047e-02	1.072430182564015622e-01
2.844608885629306769e+03	1.481988313495434251e-01	8.888556039426004363e-02	3.163648281566137088e-01	2.009455047383882920e-01	9.385951578933456052e-02	4.443071040875079536e-02	1.073150491624328962e-01
2.859122196270272525e+03	1.479260351750841529e-01	8.869314659995113093e-02	3.165524424139658510e-01	2.010558216347758387e-01	9.391368093244312210e-02	4.447318791653286779e-02	1.073856853265708067e-01
2.873635506911238281e+03	1.476582239604899427e-01	8.850424939750618780e-02	3.167367795315590429e-01	2.011641606920240299e-01	9.396678591594739838e-02	4.451484642792172264e-02	1.074549540738754805e-01
2.888148817552204036e+03	1.473953065731297141e-01	8.831880447200207707e-02	3.169178958765029863e-01	2.012705575182912043e-01	9.401885178440619328e-02	4.455570159445419037e-02	1.075228821805375157e-01
2.902662128193170247e+03	1.471371935477136239e-01	8.813674868708899768e-02	3.170958468849904843e-01	2.013750470574872664e-01	9.406989915122933310e-02	4.459576878515014720e-02	1.075894958856640216e-01
2.917175438834136003e+03	1.468837970557369810e-01	8.795802006322855915e-02	3.172706870750913177e-01	2.014776636039941338e-01	9.411994820828524511e-02	4.463506309022267915e-02	1.076548209027650277e-01
2.931688749475101758e+03	1.466350308754852116e-01	8.778255775634762059e-02	3.174424700595914750e-01	2.015784408168475039e-01	9.416901873524784194e-02	4.467359932485409635e-02	1.077188824309502357e-01
2.946202060116067514e+03	1.463908103625893298e-01	8.761030203689901263e-02	3.176112485588549195e-01	2.016774117334163563e-01	9.421713010869210703e-02	4.471139203302639670e-02	1.077817051658459535e-01
2.960715370757033725e+03	1.461510524211229733e-01	8.744119426931958039e-02	3.177770744136841352e-01	2.017746087826129131e-01	9.426430131094745701e-02	4.474845549139543771e-02	1.078433133102415925e-01
2.975228681397999480e+03	1.459156754752305163e-01	8.727517689187742900e-02	3.179399985981621879e-01	2.018700637976622858e-01	9.431055093871776318e-02	4.478480371319909503e-02	1.079037305844747774e-01
2.989741992038964781e+03	1.456845994412765410e-01	8.711219339689968422e-02	3.181000712324576485e-01	2.019638080284601456e-01	9.435589721147605302e-02	4.482045045219053975e-02	1.079629802365634772e-01
3.004255302679930992e+03	1.454577457005077068e-01	8.695218831137288551e-02	3.182573415955769480e-01	2.020558721535423985e-01	9.440035797964207998e-02	4.485540920658850905e-02	1.080210850520935822e-01
3.018768613320896748e+03	1.452350370722171602e-01	8.679510717790811514e-02	3.184118581380516178e-01	2.021462862916904302e-01	9.444395073255017203e-02	4.488969322303722892e-02	1.080780673638694206e-01
3.033281923961862958e+03	1.450163977874023846e-01	8.664089653606332764e-02	3.185636684945474806e-01	2.022350800131920978e-01	9.448669260621461730e-02	4.492331550056918171e-02	1.081339490613349996e-01
3.047795234602828714e+03	1.448017534629073566e-01	8.648950390401566324e-02	3.187128194963854688e-01	2.023222823507783152e-01	9.452860039089959476e-02	4.495628879456465415e-02	1.081887515997730503e-01
3.062308545243794470e+03	1.445910310760400164e-01	8.634087776057648711e-02	3.188593571839639651e-01	2.024079218102523559e-01	9.456969053850007578e-02	4.498862562070250759e-02	1.082424960092886468e-01
3.076821855884760225e+03	1.443841589396566427e-01	8.619496752754227109e-02	3.190033268190760052e-01	2.024920263808279997e-01	9.460997916974003830e-02	4.502033825889715374e-02	1.082952029035839786e-01
3.091335166525725526e+03	1.441810666777036953e-01	8.605172355237465653e-02	3.191447728971122388e-01	2.025746235451915678e-01	9.464948208119419726e-02	4.505143875721715624e-02	1.083468924885306744e-01
3.105848477166692192e+03	1.439816852012095749e-01	8.591109709120305082e-02	3.192837391591445417e-01	2.026557402893013338e-01	9.468821475213866357e-02	4.508193893578143346e-02	1.083975845705455604e-01
3.120361787807657493e+03	1.437859466847173084e-01	8.577304029214351255e-02	3.194202686038848937e-01	2.027354031119371347e-01	9.472619235123633241e-02	4.511185039062930169e-02	1.084472985647756682e-01
3.134875098448624158e+03	1.435937845431502768e-01	8.563750617892754158e-02	3.195544034995139726e-01	2.028136380340112288e-01	9.476342974306205258e-02	4.514118449756106960e-02	1.084960535030980028e-01
3.149388409089589004e+03	1.434051334091027419e-01	8.550444863483486202e-02	3.196861853953763544e-01	2.028904706076518072e-01	9.479994149447268370e-02	4.516995241594629756e-02	1.085438680419394397e-01
3.163901719730555214e+03	1.432199291105476779e-01	8.537382238692414749e-02	3.198156551335382680e-01	2.029659259250685965e-01	9.483574188082685708e-02	4.519816509249698772e-02	1.085907604699216933e-01
3.178415030371521425e+03	1.430381086489537767e-01	8.524558299055598476e-02	3.199428528602058508e-01	2.030400286272097954e-01	9.487084489205893645e-02	4.522583326500341505e-02	1.086367487153364619e-01
3.192928341012487181e+03	1.428596101778042693e-01	8.511968681420241378e-02	3.200678180370008508e-01	2.031128029122192535e-01	9.490526423861175842e-02	4.525296746603053172e-02	1.086818503534551505e-01
3.207441651653452936e+03	1.426843729815100159e-01	8.499609102453747900e-02	3.201905894520923890e-01	2.031842725437011388e-01	9.493901335723209378e-02	4.527957802657312653e-02	1.087260826136779990e-01
3.221954962294418237e+03	1.425123374547096755e-01	8.487475357180356006e-02	3.203112052311826718e-01	2.032544608588001955e-01	9.497210541663327066e-02	4.530567507966812985e-02	1.087694623865266969e-01
3.236468272935384903e+03	1.423434450819497099e-01	8.475563317544795860e-02	3.204297028483469867e-01	2.033233907761037296e-01	9.500455332302835953e-02	4.533126856396272469e-02	1.088120062304847591e-01
3.250981583576350204e+03	1.421776384177371455e-01	8.463868931002474505e-02	3.205461191367252050e-01	2.033910848033723684e-01	9.503636972553802797e-02	4.535636822723704970e-02	1.088537303786897004e-01
3.265494894217316414e+03	1.420148610669583478e-01	8.452388219135685554e-02	3.206604902990662365e-01	2.034575650451050932e-01	9.506756702147642346e-02	4.538098362988050860e-02	1.088946507454807977e-01
3.280008204858282170e+03	1.418550576656569528e-01	8.441117276295334593e-02	3.207728519181238247e-01	2.035228532099444820e-01	9.509815736151848442e-02	4.540512414832081900e-02	1.089347829328063400e-01
3.294521515499247926e+03	1.416981738621643228e-01	8.430052268267716753e-02	3.208832389669046270e-01	2.035869706179271876e-01	9.512815265475216275e-02	4.542879897840516878e-02	1.089741422364936124e-01
3.309034826140214136e+03	1.415441562985759738e-01	8.419189430965845489e-02	3.209916858187683020e-01	2.036499382075847020e-01	9.515756457361848608e-02	4.545201713873279342e-02	1.090127436523855159e-01
3.323548136781179892e+03	1.413929525925677055e-01	8.408525069144907882e-02	3.210982262573802148e-01	2.037117765428990424e-01	9.518640455874265160e-02	4.547478747393874504e-02	1.090506018823467760e-01
3.338061447422145648e+03	1.412445113195450741e-01	8.398055555141352435e-02	3.212028934865174268e-01	2.037725058201176054e-01	9.521468382365895489e-02	4.549711865792830517e-02	1.090877313401432958e-01
3.352574758063111403e+03	1.410987819951199929e-01	8.387777327635194402e-02	3.213057201397285789e-01	2.038321458744316583e-01	9.524241335943252340e-02	4.551901919706199950e-02	1.091241461571974686e-01
3.367088068704076704e+03	1.409557150579086870e-01	8.377686890435087630e-02	3.214067382898485592e-01	2.038907161865218809e-01	9.526960393918038061e-02	4.554049743329099953e-02	1.091598601882227126e-01
3.381601379345043824e+03	1.408152618526447575e-01	8.367780811285749354e-02	3.215059794583692288e-01	2.039482358889750380e-01	9.529626612249458839e-02	4.556156154724292501e-02	1.091948870167400581e-01
3.396114689986008671e+03	1.406773746136018854e-01	8.358055720697295243e-02	3.216034746246667630e-01	2.040047237725750862e-01	9.532241025976993798e-02	4.558221956125804025e-02	1.092292399604794656e-01
3.410628000626974881e+03	1.405420064483198783e-01	8.348508310796118326e-02	3.216992542350873840e-01	2.040601982924722113e-01	9.534804649643850716e-02	4.560247934237600387e-02	1.092629320766689005e-01
3.425141311267940637e+03	1.404091113216295594e-01	8.339135334196851046e-02	3.217933482118926491e-01	2.041146775742327668e-01	9.537318477711372033e-02	4.562234860527331765e-02	1.092959761672135655e-01
3.439654621908906392e+03	1.402786440399695911e-01	8.329933602895085720e-02	3.218857859620649631e-01	2.041681794197733324e-01	9.539783484964579896e-02	4.564183491515170360e-02	1.093283847837679124e-01
3.454167932549872603e+03	1.401505602359910951e-01	8.320899987180400970e-02	3.219765963859757552e-01	2.042207213131815580e-01	9.542200626909108641e-02	4.566094569057774222e-02	1.093601702327029607e-01
3.468681243190838359e+03	1.400248163534441315e-01	8.312031414569361065e-02	3.220658078859172102e-01	2.042723204264267345e-01	9.544570840159719016e-02	4.567968820627401477e-02	1.093913445799713502e-01
3.483194553831804114e+03	1.399013696323408440e-01	8.303324868758112098e-02	3.221534483744990518e-01	2.043229936249626177e-01	9.546895042820605082e-02	4.569806959586220074e-02	1.094219196558723628e-01
3.497707864472769415e+03	1.397801780943905836e-01	8.294777388594187784e-02	3.222395452829119322e-01	2.043727574732251417e-01	9.549174134857688068e-02	4.571609685455854666e-02	1.094519070597192861e-01
3.512221175113736081e+03	1.396612005287015956e-01	8.286386067067183503e-02	3.223241255690594276e-01	2.044216282400271589e-01	9.551408998463090105e-02	4.573377684182204639e-02	1.094813181644112843e-01
3.526734485754701382e+03	1.395443964777445534e-01	8.278148050317955808e-02	3.224072157255594151e-01	2.044696219038530383e-01	9.553600498411982112e-02	4.575111628395592267e-02	1.095101641209118709e-01
3.541247796395667592e+03	1.394297262235731916e-01	8.270060536665999051e-02	3.224888417876175528e-01	2.045167541580547865e-01	9.555749482411965423e-02	4.576812177666284009e-02	1.095384558626361915e-01
3.555761107036633348e+03	1.393171507742971826e-01	8.262120775654654969e-02	3.225690293407730835e-01	2.045630404159523297e-01	9.557856781445173144e-02	4.578479978755441854e-02	1.095662041097489464e-01
3.570274417677599104e+03	1.392066318508026757e-01	8.254326067113830490e-02	3.226478035285201273e-01	2.046084958158396472e-01	9.559923210103271618e-02	4.580115665861552582e-02	1.095934193733751616e-01
3.584787728318565314e+03	1.390981318737159744e-01	8.246673760239910111e-02	3.227251890598055728e-01	2.046531352258991465e-01	9.561949566915491083e-02	4.581719860862396021e-02	1.096201119597254026e-01
3.599301038959531070e+03	1.389916139506058579e-01	8.239161252692529802e-02	3.228012102164043440e-01	2.046969732490258320e-01	9.563936634669893688e-02	4.583293173552609873e-02	1.096462919741377079e-01
3.613814349600496826e+03	1.388870418634201021e-01	8.231785989707901541e-02	3.228758908601749300e-01	2.047400242275634885e-01	9.565885180727981552e-02	4.584836201876901079e-02	1.096719693250376715e-01
3.628327660241463036e+03	1.387843800561522345e-01	8.224545463228408182e-02	3.229492544401964538e-01	2.047823022479544897e-01	9.567795957332832224e-02	4.586349532158976589e-02	1.096971537278186443e-01
3.642840970882427882e+03	1.386835936227337474e-01	8.217437211048132795e-02	3.230213239997888897e-01	2.048238211453049795e-01	9.569669701910890613e-02	4.587833739326244858e-02	1.097218547086436652e-01
3.657354281523394548e+03	1.385846482951480496e-01	8.210458815974049085e-02	3.230921221834179291e-01	2.048645945078673425e-01	9.571507137367568641e-02	4.589289387130349868e-02	1.097460816081709811e-01
3.671867592164359849e+03	1.384875104317619676e-01	8.203607905002587020e-02	3.231616712434864924e-01	2.049046356814412939e-01	9.573308972376773363e-02	4.590717028363602847e-02	1.097698435852045851e-01
3.686380902805326514e+03	1.383921470058709080e-01	8.196882148511280830e-02	3.232299930470144411e-01	2.049439577736955342e-01	9.575075901664516220e-02	4.592117205071370029e-02	1.097931496202713963e-01
3.700894213446291815e+03	1.382985255944534086e-01	8.190279259465227391e-02	3.232971090822080451e-01	2.049825736584114655e-01	9.576808606286719983e-02	4.593490448760482320e-02	1.098160085191268592e-01
3.715407524087257570e+03	1.382066143671317193e-01	8.183796992638073253e-02	3.233630404649205370e-01	2.050204959796501081e-01	9.578507753901364941e-02	4.594837280603725899e-02	1.098384289161900840e-01
3.729920834728223781e+03	1.381163820753343319e-01	8.177433143847280539e-02	3.234278079450066401e-01	2.050577371558443551e-01	9.580173999035082599e-02	4.596158211640477553e-02	1.098604192779104038e-01
3.744434145369189537e+03	1.380277980416568240e-01	8.171185549203392740e-02	3.234914319125707372e-01	2.050943093838174247e-01	9.581807983344328705e-02	4.597453742973547919e-02	1.098819879060664723e-01
3.758947456010155292e+03	1.379408321494174083e-01	8.165052084373047858e-02	3.235539324041121767e-01	2.051302246427292864e-01	9.583410335871228591e-02	4.598724365962296445e-02	1.099031429409996069e-01
3.773460766651120593e+03	1.378554548324036066e-01	8.159030663855493248e-02	3.236153291085677730e-01	2.051654946979521443e-01	9.584981673294266924e-02	4.599970562412070835e-02	1.099238923647823801e-01
3.787974077292087259e+03	1.377716370648064959e-01	8.153119240272344026e-02	3.236756413732542748e-01	2.052001311048767540e-01	9.586522600173852382e-02	4.601192804760046579e-02	1.099442440043242458e-01
3.802487387933053014e+03	1.376893503513391681e-01	8.147315803670342194e-02	3.237348882097115244e-01	2.052341452126504318e-01	9.588033709192940457e-02	4.602391556257517252e-02	1.099642055344150771e-01
3.817000698574018315e+03	1.376085667175360738e-01	8.141618380836890267e-02	3.237930882994481951e-01	2.052675481678480907e-01	9.589515581392768495e-02	4.603567271148701484e-02	1.099837844807082937e-01
3.831514009214984981e+03	1.375292587002296119e-01	8.136025034628109609e-02	3.238502599995916054e-01	2.053003509180779118e-01	9.590968786403836210e-02	4.604720394846123499e-02	1.100029882226443989e-01
3.846027319855950282e+03	1.374513993382013299e-01	8.130533863309200027e-02	3.239064213484433297e-01	2.053325642155224839e-01	9.592393882672214933e-02	4.605851364102632461e-02	1.100218239963166311e-01
3.860540630496916037e+03	1.373749621630037665e-01	8.125142999906879993e-02	3.239615900709414409e-01	2.053641986204167158e-01	9.593791417681296618e-02	4.606960607180110578e-02	1.100402988972795232e-01
3.875053941137881793e+03	1.372999211899506022e-01	8.119850611573670163e-02	3.240157835840313805e-01	2.053952645044638814e-01	9.595161928169071430e-02	4.608048544014942127e-02	1.100584198833016725e-01
3.889567251778848004e+03	1.372262509092712635e-01	8.114654898963821750e-02	3.240690190019471784e-01	2.054257720541905752e-01	9.596505940341032437e-02	4.609115586380289203e-02	1.100761937770639853e-01
3.904080562419813759e+03	1.371539262774277013e-01	8.109554095620667702e-02	3.241213131414034665e-01	2.054557312742420483e-01	9.597823970078783740e-02	4.610162138045233865e-02	1.100936272688043810e-01
3.918593873060779970e+03	1.370829227085897939e-01	8.104546467375177421e-02	3.241726825267008949e-01	2.054851519906187585e-01	9.599116523144474167e-02	4.611188594930853285e-02	1.101107269189099819e-01
3.933107183701745726e+03	1.370132160662667631e-01	8.099630311755531831e-02	3.242231433947451724e-01	2.055140438538553549e-01	9.600384095381106486e-02	4.612195345263269547e-02	1.101274991604580950e-01
3.947620494342711936e+03	1.369447826550917457e-01	8.094803957407495365e-02	3.242727116999821746e-01	2.055424163421431250e-01	9.601627172908830388e-02	4.613182769723738613e-02	1.101439503017067750e-01
3.962133804983676782e+03	1.368775992127564956e-01	8.090065763525393361e-02	3.243214031192498403e-01	2.055702787643968188e-01	9.602846232317295561e-02	4.614151241595829123e-02	1.101600865285361081e-01
3.976647115624642538e+03	1.368116429020937719e-01	8.085414119293515833e-02	3.243692330565483006e-01	2.055976402632670175e-01	9.604041740854157849e-02	4.615101126909750689e-02	1.101759139068411997e-01
3.991160426265608749e+03	1.367468913033046130e-01	8.080847443337722813e-02	3.244162166477292386e-01	2.056245098180989328e-01	9.605214156609784282e-02	4.616032784583874032e-02	1.101914383848779239e-01
4.005673736906575414e+03	1.366833224063274954e-01	8.076364183187099977e-02	3.244623687651073674e-01	2.056508962478385549e-01	9.606363928698284649e-02	4.616946566563505383e-02	1.102066657955622780e-01
4.020187047547540715e+03	1.366209146033474098e-01	8.071962814745460568e-02	3.245077040219924158e-01	2.056768082138873688e-01	9.607491497434907102e-02	4.617842817956958890e-02	1.102216018587241775e-01
4.034700358188505561e+03	1.365596466814417986e-01	8.067641841772520139e-02	3.245522367771459527e-01	2.057022542229061113e-01	9.608597294509875486e-02	4.618721877168984608e-02	1.102362521833170350e-01
4.049213668829472226e+03	1.364994978153610539e-01	8.063399795374553980e-02	3.245959811391621597e-01	2.057272426295688184e-01	9.609681743158776657e-02	4.619584076031597875e-02	1.102506222695834037e-01
4.063726979470437527e+03	1.364404475604409361e-01	8.059235233504387363e-02	3.246389509707749976e-01	2.057517816392681609e-01	9.610745258329514429e-02	4.620429739932356561e-02	1.102647175111781119e-01
4.078240290111404192e+03	1.363824758456448627e-01	8.055146740470522926e-02	3.246811598930919862e-01	2.057758793107724027e-01	9.611788246845945349e-02	4.621259187940143787e-02	1.102785431972494873e-01
4.092753600752369493e+03	1.363255629667333158e-01	8.051132926455258076e-02	3.247226212897568187e-01	2.057995435588354516e-01	9.612811107568243474e-02	4.622072732928491495e-02	1.102921045144794332e-01
4.107266911393336159e+03	1.362696895795581509e-01	8.047192427041609253e-02	3.247633483110410890e-01	2.058227821567605031e-01	9.613814231550063538e-02	4.622870681696501782e-02	1.103054065490834124e-01
4.121780222034301914e+03	1.362148366934797239e-01	8.043323902748894527e-02	3.248033538778672957e-01	2.058456027389182208e-01	9.614798002192567750e-02	4.623653335087402755e-02	1.103184542887710173e-01
4.136293532675267670e+03	1.361609856649041161e-01	8.039526038576819134e-02	3.248426506857627905e-01	2.058680128032201462e-01	9.615762795395385587e-02	4.624420988104795127e-02	1.103312526246678360e-01
4.150806843316233426e+03	1.361081181909389592e-01	8.035797543557891831e-02	3.248812512087472792e-01	2.058900197135483112e-01	9.616708979704556570e-02	4.625173930026624941e-02	1.103438063531995555e-01
4.165320153957199182e+03	1.360562163031649452e-01	8.032137150318030550e-02	3.249191677031542103e-01	2.059116307021416903e-01	9.617636916457536489e-02	4.625912444516928901e-02	1.103561201779389711e-01
4.179833464598164937e+03	1.360052623615214396e-01	8.028543614645215765e-02	3.249564122113873244e-01	2.059328528719402140e-01	9.618546959925305950e-02	4.626636809735394651e-02	1.103681987114165930e-01
4.194346775239130693e+03	1.359552390483038664e-01	8.025015715066016742e-02	3.249929965656132014e-01	2.059536931988874553e-01	9.619439457451654796e-02	4.627347298444779017e-02	1.103800464768957268e-01
4.208860085880096449e+03	1.359061293622708111e-01	8.021552252429878238e-02	3.250289323913913009e-01	2.059741585341922088e-01	9.620314749589686798e-02	4.628044178116227925e-02	1.103916679101125120e-01
4.223373396521062205e+03	1.358579166128590643e-01	8.018152049501013623e-02	3.250642311112421079e-01	2.059942556065500197e-01	9.621173170235619576e-02	4.628727711032529918e-02	1.104030673609819463e-01
4.237886707162027960e+03	1.358105844145043040e-01	8.014813950557747591e-02	3.250989039481548271e-01	2.060139910243254102e-01	9.622015046759915813e-02	4.629398154389355313e-02	1.104142490952700895e-01
4.252400017802994626e+03	1.357641166810656941e-01	8.011536820999204389e-02	3.251329619290351247e-01	2.060333712776951653e-01	9.622840700135806835e-02	4.630055760394510139e-02	1.104252172962336964e-01
4.266913328443960381e+03	1.357184976203524851e-01	8.008319546959172253e-02	3.251664158880943067e-01	2.060524027407538150e-01	9.623650445065265457e-02	4.630700776365248572e-02	1.104359760662274315e-01
4.281426639084926137e+03	1.356737117287505900e-01	8.005161034927052444e-02	3.251992764701809313e-01	2.060710916735816467e-01	9.624444590102471109e-02	4.631333444823679257e-02	1.104465294282796634e-01
4.295939949725891893e+03	1.356297437859476096e-01	8.002060211375724985e-02	3.252315541340554672e-01	2.060894442242760805e-01	9.625223437774825530e-02	4.631954003590304375e-02	1.104568813276371464e-01
4.310453260366857648e+03	1.355865788497542246e-01	7.999016022396220060e-02	3.252632591556091080e-01	2.061074664309469340e-01	9.625987284701562063e-02	4.632562685875726838e-02	1.104670356332795450e-01
4.324966571007824314e+03	1.355442022510201516e-01	7.996027433339085444e-02	3.252944016310276854e-01	2.061251642236763826e-01	9.626736421710006819e-02	4.633159720370561702e-02	1.104769961394041350e-01
4.339479881648789160e+03	1.355025995886433576e-01	7.993093428462297312e-02	3.253249914799022369e-01	2.061425434264439194e-01	9.627471133949518090e-02	4.633745331333581630e-02	1.104867665668813892e-01
4.353993192289754006e+03	1.354617567246703125e-01	7.990213010585625608e-02	3.253550384482855051e-01	2.061596097590175924e-01	9.628191701003180336e-02	4.634319738678145673e-02	1.104963505646819749e-01
4.368506502930720671e+03	1.354216597794859755e-01	7.987385200751308256e-02	3.253845521116969230e-01	2.061763688388111304e-01	9.628898396997270792e-02	4.634883158056923164e-02	1.105057517112758292e-01
4.383019813571686427e+03	1.353822951270916841e-01	7.984609037890931516e-02	3.254135418780762512e-01	2.061928261827085385e-01	9.629591490708561130e-02	4.635435800944969625e-02	1.105149735160037561e-01
4.397533124212653092e+03	1.353436493904692783e-01	7.981883578498416565e-02	3.254420169906865890e-01	2.062089872088561926e-01	9.630271245669487501e-02	4.635977874721163017e-02	1.105240194204221149e-01
4.412046434853618848e+03	1.353057094370302416e-01	7.979207896308973536e-02	3.254699865309677032e-01	2.062248572384230150e-01	9.630937920271243069e-02	4.636509582748053748e-02	1.105328927996211685e-01
4.426559745494584604e+03	1.352684623741478021e-01	7.976581081983925847e-02	3.254974594213410066e-01	2.062404414973295630e-01	9.631591767864813858e-02	4.637031124450147201e-02	1.105415969635176049e-01
4.441073056135550360e+03	1.352318955447710247e-01	7.974002242801310480e-02	3.255244444279660199e-01	2.062557451179462820e-01	9.632233036860024522e-02	4.637542695390649283e-02	1.105501351581216901e-01
4.455586366776516115e+03	1.351959965231188388e-01	7.971470502352126508e-02	3.255509501634500924e-01	2.062707731407617262e-01	9.632861970822616249e-02	4.638044487346715261e-02	1.105585105667796497e-01
4.470099677417481871e+03	1.351607531104528359e-01	7.968985000242138905e-02	3.255769850895116613e-01	2.062855305160211372e-01	9.633478808569401197e-02	4.638536688383215062e-02	1.105667263113916804e-01
