1.596464170506243647e+02	5.909890888261796205e-01	2.885151879489242233e-01	5.569165868968753430e-02	2.643711927997003178e-02	2.054000246161308968e-02	8.816466140898161427e-03	9.010476652665529163e-03
1.644841872642796261e+02	5.841084391866266934e-01	2.911770505490968719e-01	5.743649253009238537e-02	2.774166366885269519e-02	2.116211247744457027e-02	8.886179604667374457e-03	9.488061983157637658e-03
1.693219574779349159e+02	5.775919385266392592e-01	2.935302404153135036e-01	5.916123825336710301e-02	2.902360384596840842e-02	2.177064571293500089e-02	8.958005583778048259e-03	9.964327661936870154e-03
1.741597276915902057e+02	5.714128136214476905e-01	2.955988381279436861e-01	6.086683387974303749e-02	3.028403771107657932e-02	2.236626703839241989e-02	9.031873400347974548e-03	1.043933622098673283e-02
1.789974979052454671e+02	5.655463213389729793e-01	2.974050898182871716e-01	6.255414507205345198e-02	3.152398956648856665e-02	2.294959837404213221e-02	9.107714565696246184e-03	1.091314126439758316e-02
1.838352681189008138e+02	5.599695943358758976e-01	2.989695466602748652e-01	6.422397081518009532e-02	3.274441544305225354e-02	2.352122174640462401e-02	9.185462697486183534e-03	1.138578830166432111e-02
1.886730383325560467e+02	5.546614984843049045e-01	3.003111937569442058e-01	6.587704865688938372e-02	3.394620802978515206e-02	2.408168211845943332e-02	9.265053440909304383e-03	1.185731551264596409e-02
1.935108085462113081e+02	5.496025011375178515e-01	3.014475692279613983e-01	6.751405954362900419e-02	3.513020123701098008e-02	2.463149001060917914e-02	9.346424393667099664e-03	1.232775444954271014e-02
1.983485787598666263e+02	5.447745494103537478e-01	3.023948742431661896e-01	6.913563228229631374e-02	3.629717442059415822e-02	2.517112392816993338e-02	9.429515034524030628e-03	1.279713068083374559e-02
2.031863489735219162e+02	5.401609577131770701e-01	3.031680746904754642e-01	7.074234765662541780e-02	3.744785629277735950e-02	2.570103260992389824e-02	9.514266655220541408e-03	1.326546438173824630e-02
2.080241191871772060e+02	5.357463038358013518e-01	3.037809951141548503e-01	7.233474222465519077e-02	3.858292854319671228e-02	2.622163711117045382e-02	9.600622295549178509e-03	1.373277087541032761e-02
2.128618894008324673e+02	5.315163329313820073e-01	3.042464055111097077e-01	7.391331182172204695e-02	3.970302919186496221e-02	2.673333273369524893e-02	9.688526681410222774e-03	1.419906112875389190e-02
2.176996596144877287e+02	5.274578687996851478e-01	3.045761015281749362e-01	7.547851479155687215e-02	4.080875569426448135e-02	2.723649081413758236e-02	9.777926165675463951e-03	1.466434220644332112e-02
2.225374298281430470e+02	5.235587319148002905e-01	3.047809785620992362e-01	7.703077496634253007e-02	4.190066781716805799e-02	2.773146038136841893e-02	9.868768671700221470e-03	1.512861768645902376e-02
2.273752000417983652e+02	5.198076636845496701e-01	3.048711002257791791e-01	7.857048441499725477e-02	4.297929030239745762e-02	2.821856969268907861e-02	9.961003639334302037e-03	1.559188804019094945e-02
2.322129702554535982e+02	5.161942564678356771e-01	3.048557616090566968e-01	8.009800597747807061e-02	4.404511533442861254e-02	2.869812765791933395e-02	1.005458197329239106e-02	1.605415097992704543e-02
2.370507404691088880e+02	5.127088889121793613e-01	3.047435477298302553e-01	8.161367560154121625e-02	4.509860482654953762e-02	2.917042515975847017e-02	1.014945599375357763e-02	1.651540177632541961e-02
2.418885106827641494e+02	5.093426662069838740e-01	3.045423875411423231e-01	8.311780449714034624e-02	4.614019253916583352e-02	2.963573627816978862e-02	1.024557938906809663e-02	1.697563354826760879e-02
2.467262808964194392e+02	5.060873648788091206e-01	3.042596038321069285e-01	8.461068112248475159e-02	4.717028604282159920e-02	3.009431942595380133e-02	1.034290717045737058e-02	1.743483752730433725e-02
2.515640511100747290e+02	5.029353817833519535e-01	3.039019593348544768e-01	8.609257301470846224e-02	4.818926853755427925e-02	3.054641840213457096e-02	1.044139562860063597e-02	1.789300329873345571e-02
2.564018213237300188e+02	4.998796869750808392e-01	3.034756993259372093e-01	8.756372847711157981e-02	4.919750053932479827e-02	3.099226336928390113e-02	1.054100229200836090e-02	1.835011902119114760e-02
2.612395915373852517e+02	4.969137801597274806e-01	3.029865909887091702e-01	8.902437813402135081e-02	5.019532144345357355e-02	3.143207176044612167e-02	1.064168588708888814e-02	1.880617162649117144e-02
2.660773617510405415e+02	4.940316504572521139e-01	3.024399597829346420e-01	9.047473636347558301e-02	5.118305097424370731e-02	3.186604912089931185e-02	1.074340629982068265e-02	1.926114700131172780e-02
2.709151319646958882e+02	4.912277392236052420e-01	3.018407230491539917e-01	9.191500261715147835e-02	5.216099052928004076e-02	3.229438988959424522e-02	1.084612453894802375e-02	1.971503015220471555e-02
2.757529021783511780e+02	4.884969056987434333e-01	3.011934210580416438e-01	9.334536263624181041e-02	5.312942442625298578e-02	3.271727812474763131e-02	1.094980270062305416e-02	2.016780535528710921e-02
2.805906723920064678e+02	4.858343952660362230e-01	3.005022456990038004e-01	9.476598957131475431e-02	5.408862105956412092e-02	3.313488817772928391e-02	1.105440393442184456e-02	2.061945629186769449e-02
2.854284426056617008e+02	4.832358101245334270e-01	2.997710669874991130e-01	9.617704501357893232e-02	5.503883397342414219e-02	3.354738531907115739e-02	1.115989241066658345e-02	2.106996617116437334e-02
2.902662128193169337e+02	4.806970821906599300e-01	2.990034575569178177e-01	9.757867994440676263e-02	5.598030285764809405e-02	3.395492632013842604e-02	1.126623328899001991e-02	2.151931784117663490e-02
2.951039830329722804e+02	4.782144480598464753e-01	2.982027152882476551e-01	9.897103560944463252e-02	5.691325447188604059e-02	3.435765999373643909e-02	1.137339268808222614e-02	2.196749388869410208e-02
2.999417532466276270e+02	4.757844258714920005e-01	2.973718842191066525e-01	1.003542443231535963e-01	5.783790350359538368e-02	3.475572769668167084e-02	1.148133765656321990e-02	2.241447672934500368e-02
3.047795234602828600e+02	4.734037939325600464e-01	2.965137738629564645e-01	1.017284302091764348e-01	5.875445336466201401e-02	3.514926379713706472e-02	1.159003614492836072e-02	2.286024868851712494e-02
3.096172936739380930e+02	4.710695709661101849e-01	2.956309770593683606e-01	1.030937098815132014e-01	5.966309693120883800e-02	3.553839610930228932e-02	1.169945697851651652e-02	2.330479207391808472e-02
3.144550638875934396e+02	4.687789978612317277e-01	2.947258864670211920e-01	1.044501930711056042e-01	6.056401723078894128e-02	3.592324629785492718e-02	1.180956983145391680e-02	2.374808924048116276e-02
3.192928341012487294e+02	4.665295208102373525e-01	2.938007098026219621e-01	1.057979832020770339e-01	6.145738808084587335e-02	3.630393025435914994e-02	1.192034520152924354e-02	2.419012264826686520e-02
3.241306043149040192e+02	4.643187757276525662e-01	2.928574839210937863e-01	1.071371779215498088e-01	6.234337468203184074e-02	3.668055844769235740e-02	1.203175438595812004e-02	2.463087491395890560e-02
3.289683745285592522e+02	4.621445738535547298e-01	2.918980878251280497e-01	1.084678695866592435e-01	6.322213416970558220e-02	3.705323625038681873e-02	1.214376945799741821e-02	2.507032885650550477e-02
3.338061447422145420e+02	4.600048884512230041e-01	2.909242546854982070e-01	1.097901457121068652e-01	6.409381612668264838e-02	3.742206424264141879e-02	1.225636324437209823e-02	2.550846753741306192e-02
3.386439149558698318e+02	4.578978425159070942e-01	2.899375829473467836e-01	1.111040893813373537e-01	6.495856306008059022e-02	3.778713849562754384e-02	1.236950930347925463e-02	2.594527429615866437e-02
3.434816851695251216e+02	4.558216974178460057e-01	2.889395465919367689e-01	1.124097796241871616e-01	6.581651084488898684e-02	3.814855083559178656e-02	1.248318190433605167e-02	2.638073278115052669e-02
3.483194553831804114e+02	4.537748424085122911e-01	2.879315046180770388e-01	1.137072917636334224e-01	6.666778913669743623e-02	3.850638909014613559e-02	1.259735600623996220e-02	2.681482697663097742e-02
3.531572255968357013e+02	4.517557849244578372e-01	2.869147098025488507e-01	1.149966977340691060e-01	6.751252175583270787e-02	3.886073731803256492e-02	1.271200723911144852e-02	2.724754122588473812e-02
3.579949958104909342e+02	4.497631416281249184e-01	2.858903167943501189e-01	1.162780663733436332e-01	6.835082704498841866e-02	3.921167602355328519e-02	1.282711188449079005e-02	2.767886025108600920e-02
3.628327660241463377e+02	4.477956301295964447e-01	2.848593895934079523e-01	1.175514636906358490e-01	6.918281820227489831e-02	3.955928235676901134e-02	1.294264685716222003e-02	2.810876917009075618e-02
3.676705362378016275e+02	4.458520613375196451e-01	2.838229084605565777e-01	1.188169531120659150e-01	7.000860359147334511e-02	3.990363030048597881e-02	1.305858968737996784e-02	2.853725351045570402e-02
3.725083064514568036e+02	4.439313323913716136e-01	2.827817763020225583e-01	1.200745957058065305e-01	7.082828703114524282e-02	4.024479084497663978e-02	1.317491850367203017e-02	2.896429922094252013e-02
3.773460766651120935e+02	4.420324201308720724e-01	2.817368245683704031e-01	1.213244503883169206e-01	7.164196806412577445e-02	4.058283215130859684e-02	1.329161201619876755e-02	2.938989268074451711e-02
3.821838468787673833e+02	4.401543750617090689e-01	2.806888187048240391e-01	1.225665741131982123e-01	7.244974220881537919e-02	4.091781970409210517e-02	1.340864950064457259e-02	2.981402070665370441e-02
3.870216170924226162e+02	4.382963157798462905e-01	2.796384631870731385e-01	1.238010220440523140e-01	7.325170119357958531e-02	4.124981645439595307e-02	1.352601078262186812e-02	3.023667055836791115e-02
3.918593873060780197e+02	4.364574238195509381e-01	2.785864061740812581e-01	1.250278477126197108e-01	7.404793317546927434e-02	4.157888295352668573e-02	1.364367622256777886e-02	3.065782994212128826e-02
3.966971575197332527e+02	4.346369388929304800e-01	2.775332438070143848e-01	1.262471031633725371e-01	7.483852294438420039e-02	4.190507747831451885e-02	1.376162670111471392e-02	3.107748701280609038e-02
4.015349277333884856e+02	4.328341544912148176e-01	2.764795241811964233e-01	1.274588390856477016e-01	7.562355211371916963e-02	4.222845614850206930e-02	1.387984360491700646e-02	3.149563037473963878e-02
4.063726979470438323e+02	4.310484138202847482e-01	2.754257510159527911e-01	1.286631049343214261e-01	7.640309929845577608e-02	4.254907303678809316e-02	1.399830881291664469e-02	3.191224908121736981e-02
4.112104681606991221e+02	4.292791060450364959e-01	2.743723870453108060e-01	1.298599490399475753e-01	7.717724028159114735e-02	4.286698027203802303e-02	1.411700468303181584e-02	3.232733263298098736e-02
4.160482383743544119e+02	4.275256628191055897e-01	2.733198571507822749e-01	1.310494187092111351e-01	7.794604816972976191e-02	4.318222813613541849e-02	1.423591403925284458e-02	3.274087097571970473e-02
4.208860085880095880e+02	4.257875550782564411e-01	2.722685512558381538e-01	1.322315603164817832e-01	7.870959353860319807e-02	4.349486515491392952e-02	1.435502015913073942e-02	3.315285449671251383e-02
4.257237788016648778e+02	4.240642900773943236e-01	2.712188270001938406e-01	1.334064193871902504e-01	7.946794456922698369e-02	4.380493818357699548e-02	1.447430676164424175e-02	3.356327402071000027e-02
4.305615490153201677e+02	4.223554086526802864e-01	2.701710122106488754e-01	1.345740406736955774e-01	8.022116717535103525e-02	4.411249248698321385e-02	1.459375799543191979e-02	3.397212080514578486e-02
4.353993192289755143e+02	4.206604826916360285e-01	2.691254071839476181e-01	1.357344682242570544e-01	8.096932512281244942e-02	4.441757181514735531e-02	1.471335842737642001e-02	3.437938653475975520e-02
4.402370894426308041e+02	4.189791127954294869e-01	2.680822867959558042e-01	1.368877454456779164e-01	8.171248014135500115e-02	4.472021847428202246e-02	1.483309303152853358e-02	3.478506331570795085e-02
4.450748596562860939e+02	4.173109261187302743e-01	2.670419024503583039e-01	1.380339151601426007e-01	8.245069202943781927e-02	4.502047339368105833e-02	1.495294717835932499e-02	3.518914366922734627e-02
4.499126298699413837e+02	4.156555743736379815e-01	2.660044838790801003e-01	1.391730196567290689e-01	8.318401875251850430e-02	4.531837618872431445e-02	1.507290662432899525e-02	3.559162052491771783e-02
4.547504000835967304e+02	4.140127319852106580e-01	2.649702408057056369e-01	1.403051007380388404e-01	8.391251653525984289e-02	4.561396522026297390e-02	1.519295750176169642e-02	3.599248721369693871e-02
4.595881702972519065e+02	4.123820943870694089e-01	2.639393644823133100e-01	1.414301997623534091e-01	8.463623994807716044e-02	4.590727765062623672e-02	1.531308630901589106e-02	3.639173746048122993e-02
4.644259405109071963e+02	4.107633764464311832e-01	2.629120291093501871e-01	1.425483576816926334e-01	8.535524198841282217e-02	4.619834949647268207e-02	1.543327990094035818e-02	3.678936537663673317e-02
4.692637107245624861e+02	4.091563110087319544e-01	2.618883931474414450e-01	1.436596150761216828e-01	8.606957415709673431e-02	4.648721567869377319e-02	1.555352547960628384e-02	3.718536545224474660e-02
4.741014809382177759e+02	4.075606475527488448e-01	2.608686005293504584e-01	1.447640121846247574e-01	8.677928653012537130e-02	4.677391006956210795e-02	1.567381058530628243e-02	3.757973254821875969e-02
4.789392511518730657e+02	4.059761509478226893e-01	2.598527817796831840e-01	1.458615889328395143e-01	8.748442782616845659e-02	4.705846553730328591e-02	1.579412308781158458e-02	3.797246188830787073e-02
4.837770213655284124e+02	4.044026003054194685e-01	2.588410550493514539e-01	1.469523849579217889e-01	8.818504547008942929e-02	4.734091398825771013e-02	1.591445117787892993e-02	3.836354905101769380e-02
4.886147915791837022e+02	4.028397879178605701e-01	2.578335270712776017e-01	1.480364396307892183e-01	8.888118565274644167e-02	4.762128640678671421e-02	1.603478335899903920e-02	3.875298996147686498e-02
4.934525617928388783e+02	4.012875182775951788e-01	2.568302940433289661e-01	1.491137920759720847e-01	8.957289338732027373e-02	4.789961289306657322e-02	1.615510843937893390e-02	3.914078088327438421e-02
4.982903320064942250e+02	3.997456071708937464e-01	2.558314424440166213e-01	1.501844811892819598e-01	9.026021256239911972e-02	4.817592269890400014e-02	1.627541552415050566e-02	3.952691841029042086e-02
5.031281022201495148e+02	3.982138808403052899e-01	2.548370497860707462e-01	1.512485456534909678e-01	9.094318599203306264e-02	4.845024426169720899e-02	1.639569400779819497e-02	3.991139945854092069e-02
5.079658724338048046e+02	3.966921752106521981e-01	2.538471853126172961e-01	1.523060239521995818e-01	9.162185546295642524e-02	4.872260523665800092e-02	1.651593356679880928e-02	4.029422125805399296e-02
5.128036426474600376e+02	3.951803351737335768e-01	2.528619106403210970e-01	1.533569543820560710e-01	9.229626177916190610e-02	4.899303252740242615e-02	1.663612415246679826e-02	4.067538134479437018e-02
5.176414128611153274e+02	3.936782139272742009e-01	2.518812803535279699e-01	1.544013750634776194e-01	9.296644480399771093e-02	4.926155231501007370e-02	1.675625598399853311e-02	4.105487755265004729e-02
5.224791830747705035e+02	3.921856723639973730e-01	2.509053425531331816e-01	1.554393239500108104e-01	9.363244349994652438e-02	4.952819008564501857e-02	1.687631954170940723e-02	4.143270800549387484e-02
5.273169532884259070e+02	3.907025785070106227e-01	2.499341393636187181e-01	1.564708388364581537e-01	9.429429596623435661e-02	4.979297065682532913e-02	1.699630556045774593e-02	4.180887110933122208e-02
5.321547235020811968e+02	3.892288069879864532e-01	2.489677074014414460e-01	1.574959573658863965e-01	9.495203947440689074e-02	5.005591820242187573e-02	1.711620502324979684e-02	4.218336554454330672e-02
5.369924937157364866e+02	3.877642385648834011e-01	2.480060782077112003e-01	1.585147170356233925e-01	9.560571050200122878e-02	5.031705627646178985e-02	1.723600915502022241e-02	4.255619025823496188e-02
5.418302639293917764e+02	3.863087596762047604e-01	2.470492786478747649e-01	1.595271552023409811e-01	9.625534476443223242e-02	5.057640783580687888e-02	1.735570941658273400e-02	4.292734445669381393e-02
5.466680341430470662e+02	3.848622620290165774e-01	2.460973312809157376e-01	1.605333090863136636e-01	9.690097724520452260e-02	5.083399526177245775e-02	1.747529749874567051e-02	4.329682759796750491e-02
5.515058043567023560e+02	3.834246422181602498e-01	2.451502547003883981e-01	1.615332157749348185e-01	9.754264222455329147e-02	5.108984038074773637e-02	1.759476531658757045e-02	4.366463938456405930e-02
5.563435745703576458e+02	3.819958013742887903e-01	2.442080638494283085e-01	1.625269122255659227e-01	9.818037330661029405e-02	5.134396448387483491e-02	1.771410500388789083e-02	4.403077975628003765e-02
5.611813447840129356e+02	3.805756448385370083e-01	2.432707703117191200e-01	1.635144352677873059e-01	9.881420344518461463e-02	5.159638834583973876e-02	1.783330890770818550e-02	4.439524888316006418e-02
5.660191149976681118e+02	3.791640818618012831e-01	2.423383825802443714e-01	1.644958216051135014e-01	9.944416496824186324e-02	5.184713224282488930e-02	1.795236958311931252e-02	4.475804715859082322e-02
5.708568852113234016e+02	3.777610253267591478e-01	2.414109063055143167e-01	1.654711078162307003e-01	1.000702896011597814e-01	5.209621596967001916e-02	1.807127978807023319e-02	4.511917519253178660e-02
5.756946554249786914e+02	3.763663914909009534e-01	2.404883445248294227e-01	1.664403303558091574e-01	1.006926084888329354e-01	5.234365885628468329e-02	1.819003247839431556e-02	4.547863380488453844e-02
5.805324256386339812e+02	3.749800997489770027e-01	2.395706978740226312e-01	1.674035255549380097e-01	1.013111522166944140e-01	5.258947978335311996e-02	1.830862080294895153e-02	4.583642401900188401e-02
5.853701958522892710e+02	3.736020724133854998e-01	2.386579647830140150e-01	1.683607296212269455e-01	1.019259508307177459e-01	5.283369719736963344e-02	1.842703809888468144e-02	4.619254705533756833e-02
5.902079660659445608e+02	3.722322345111372943e-01	2.377501416564090087e-01	1.693119786386144687e-01	1.025370338564584038e-01	5.307632912504000461e-02	1.854527788703994040e-02	4.654700432523694448e-02
5.950457362795999643e+02	3.708705135961396504e-01	2.368472230402784151e-01	1.702573085669191744e-01	1.031444303171899363e-01	5.331739318708240971e-02	1.866333386745779727e-02	4.689979742486862641e-02
5.998835064932552541e+02	3.695168395756338042e-01	2.359492017761717908e-01	1.711967552411670923e-01	1.037481687511864203e-01	5.355690661145909304e-02	1.878119991502111980e-02	4.725092812929668901e-02
6.047212767069104302e+02	3.681711445497120039e-01	2.350560691433349336e-01	1.721303543707255745e-01	1.043482772281996429e-01	5.379488624606813818e-02	1.889887007520274498e-02	4.760039838669288120e-02
6.095590469205657200e+02	3.668333626629206590e-01	2.341678149900303374e-01	1.730581415382709820e-01	1.049447833651759726e-01	5.403134857092283666e-02	1.901633855992731006e-02	4.794821031268779038e-02
6.143968171342210098e+02	3.655034299670311126e-01	2.332844278547886452e-01	1.739801521986148181e-01	1.055377143412552787e-01	5.426630970984452212e-02	1.913359974354150381e-02	4.829436618485997978e-02
6.192345873478761860e+02	3.641812842941302142e-01	2.324058950783584876e-01	1.748964216774113734e-01	1.061270969120914065e-01	5.449978544169307298e-02	1.925064815888966746e-02	4.863886843736155846e-02
6.240723575615315895e+02	3.628668651392473743e-01	2.315322029070620291e-01	1.758069851697668662e-01	1.067129574235312350e-01	5.473179121115791246e-02	1.936747849349169590e-02	4.898171965567871960e-02
6.289101277751868793e+02	3.615601135517927944e-01	2.306633365882105324e-01	1.767118777387687023e-01	1.072953218246870538e-01	5.496234213913085698e-02	1.948408558582032796e-02	4.932292257152556120e-02
6.337478979888421691e+02	3.602609720351393485e-01	2.297992804581848736e-01	1.776111343139516185e-01	1.078742156804346763e-01	5.519145303268106068e-02	1.960046442167494296e-02	4.966248005786926684e-02
6.385856682024975726e+02	3.589693844537287792e-01	2.289400180237385063e-01	1.785047896897156150e-01	1.084496641833679192e-01	5.541913839465094360e-02	1.971661013064923348e-02	5.000039512408475939e-02
6.434234384161527487e+02	3.576852959471310545e-01	2.280855320370399064e-01	1.793928785237092483e-01	1.090216921652379239e-01	5.564541243289092970e-02	1.983251798268997196e-02	5.033667091123667642e-02
6.482612086298080385e+02	3.564086528505298612e-01	2.272358045649304770e-01	1.802754353351903316e-01	1.095903241079042023e-01	5.587028906914989768e-02	1.994818338474435918e-02	5.067131068748653017e-02
6.530989788434633283e+02	3.551394026211455168e-01	2.263908170528388109e-01	1.811524945033751721e-01	1.101555841538226777e-01	5.609378194763716546e-02	2.006360187749346713e-02	5.100431784362288723e-02
6.579367490571185044e+02	3.538774937701452683e-01	2.255505503837580972e-01	1.820240902657855597e-01	1.107174961160943827e-01	5.631590444327090605e-02	2.017876913216930940e-02	5.133569588871216699e-02
6.627745192707737942e+02	3.526228757996246466e-01	2.247149849326628979e-01	1.828902567166028614e-01	1.112760834880970051e-01	5.653666966962720558e-02	2.029368094745324577e-02	5.166544844586782453e-02
6.676122894844290840e+02	3.513754991442750164e-01	2.238841006167124614e-01	1.837510278050360490e-01	1.118313694527202640e-01	5.675609048660299610e-02	2.040833324645341396e-02	5.199357924813544085e-02
6.724500596980843738e+02	3.501353151173813294e-01	2.230578769415620388e-01	1.846064373337114317e-01	1.123833768912248926e-01	5.697417950780554741e-02	2.052272207375899563e-02	5.232009213449143742e-02
6.772878299117396637e+02	3.489022758608223418e-01	2.222362930440780482e-01	1.854565189570891726e-01	1.129321283917436025e-01	5.719094910768037637e-02	2.063684359256915540e-02	5.264499104595288248e-02
6.821256001253949535e+02	3.476763342987698180e-01	2.214193277317321462e-01	1.863013061799124459e-01	1.134776462574416944e-01	5.740641142838881494e-02	2.075069408189465087e-02	5.296828002179598816e-02
6.869633703390502433e+02	3.464574440948052225e-01	2.206069595189262544e-01	1.871408323556935649e-01	1.140199525143535675e-01	5.762057838644591562e-02	2.086426993382999376e-02	5.328996319588095304e-02
6.918011405527055331e+02	3.452455596121961068e-01	2.197991666604835748e-01	1.879751306852411874e-01	1.145590689189107808e-01	5.783346167912888081e-02	2.097756765089431319e-02	5.361004479308058984e-02
6.966389107663608229e+02	3.440406358770918271e-01	2.189959271825206999e-01	1.888042342152317921e-01	1.150950169651762944e-01	5.804507279066544595e-02	2.109058384343895712e-02	5.392852912581037883e-02
7.014766809800161127e+02	3.428426285444178268e-01	2.181972189109014915e-01	1.896281758368284498e-01	1.156278178917985872e-01	5.825542299821134806e-02	2.120331522712004882e-02	5.424542059065754623e-02
7.063144511936714025e+02	3.416514938662637557e-01	2.174030194974563845e-01	1.904469882843497774e-01	1.161574926886988490e-01	5.846452337762556017e-02	2.131575862043417341e-02	5.456072366510675287e-02
7.111522214073266923e+02	3.404671886625766364e-01	2.166133064441381484e-01	1.912607041339901282e-01	1.166840621035034609e-01	5.867238480905133391e-02	2.142791094231551174e-02	5.487444290436001987e-02
7.159899916209819821e+02	3.392896702939845466e-01	2.158280571252713109e-01	1.920693558025937386e-01	1.172075466477334460e-01	5.887901798231096051e-02	2.153976920979267656e-02	5.518658293824860173e-02
7.208277618346371582e+02	3.381188966365894499e-01	2.150472488080409639e-01	1.928729755464832496e-01	1.177279666027619132e-01	5.908443340212150147e-02	2.165133053570371391e-02	5.549714846823437797e-02
7.256655320482924481e+02	3.369548260585808475e-01	2.142708586713551744e-01	1.936715954603444867e-01	1.182453420255498849e-01	5.928864139313860804e-02	2.176259212646760796e-02	5.580614426449860555e-02
7.305033022619478515e+02	3.357974173985305844e-01	2.134988638232053482e-01	1.944652474761673355e-01	1.187596927541703790e-01	5.949165210483504940e-02	2.187355127991080089e-02	5.611357516311566568e-02
7.353410724756030277e+02	3.346466299452445226e-01	2.127312413166393412e-01	1.952539633622438764e-01	1.192710384131301649e-01	5.969347551622034009e-02	2.198420538314722547e-02	5.641944606330970280e-02
7.401788426892584312e+02	3.335024234190504533e-01	2.119679681644531799e-01	1.960377747222237510e-01	1.197793984184979954e-01	5.989412144040752450e-02	2.209455191051039324e-02	5.672376192479188645e-02
7.450166129029136073e+02	3.323647579544160569e-01	2.112090213526995608e-01	1.968167129942267890e-01	1.202847919828476109e-01	6.009359952903287061e-02	2.220458842153618870e-02	5.702652776517615901e-02
7.498543831165690108e+02	3.312335940837947135e-01	2.104543778531035025e-01	1.975908094500128942e-01	1.207872381200236767e-01	6.029191927653403116e-02	2.231431255899491914e-02	5.732774865747144316e-02
7.546921533302243006e+02	3.301088927226078495e-01	2.097040146344688050e-01	1.983600951942089408e-01	1.212867556497381483e-01	6.048909002429189025e-02	2.242372204697137134e-02	5.762742972764811622e-02
7.595299235438793630e+02	3.289906151552770552e-01	2.089579086731525037e-01	1.991246011635919300e-01	1.217833632020040857e-01	6.068512096464108441e-02	2.253281468899155301e-02	5.792557615227691276e-02
7.643676937575347665e+02	3.278787230222269811e-01	2.082160369626787355e-01	1.998843581264282687e-01	1.222770792214140229e-01	6.088002114475410398e-02	2.264158836619489454e-02	5.822219315623808344e-02
7.692054639711900563e+02	3.267731783077863494e-01	2.074783765225581000e-01	2.006393966818683372e-01	1.227679219712691505e-01	6.107379947040343648e-02	2.275004103555066867e-02	5.851728601049899225e-02
7.740432341848452324e+02	3.256739433289190244e-01	2.067449044063731090e-01	2.013897472593954296e-01	1.232559095375655306e-01	6.126646470960621371e-02	2.285817072811749395e-02	5.881086002995823681e-02
7.788810043985006359e+02	3.245809807247221901e-01	2.060155977091863710e-01	2.021354401183285410e-01	1.237410598328433781e-01	6.145802549615547727e-02	2.296597554734473509e-02	5.910292057135439064e-02
7.837187746121558121e+02	3.234942534466349051e-01	2.052904335743231390e-01	2.028765053473778612e-01	1.242233905999046706e-01	6.164849033304217740e-02	2.307345366741470755e-02	5.939347303123764660e-02
7.885565448258112156e+02	3.224137247493030212e-01	2.045693891995767066e-01	2.036129728642518677e-01	1.247029194154047060e-01	6.183786759577171444e-02	2.318060333162462114e-02	5.968252284400248076e-02
7.933943150394665054e+02	3.213393581820512268e-01	2.038524418428803442e-01	2.043448724153154594e-01	1.251796636933225904e-01	6.202616553557858264e-02	2.328742285080720453e-02	5.997007547997969951e-02
7.982320852531219089e+02	3.202711175809164201e-01	2.031395688274876821e-01	2.050722335752975245e-01	1.256536406883153600e-01	6.221339228254286341e-02	2.339391060178898016e-02	6.025613644358618348e-02
8.030698554667769713e+02	3.192089670612011099e-01	2.024307475466986528e-01	2.057950857470471351e-01	1.261248674989605689e-01	6.239955584861177351e-02	2.350006502588520424e-02	6.054071127153057286e-02
8.079076256804323748e+02	3.181528710105067104e-01	2.017259554681661848e-01	2.065134581613370657e-01	1.265933610708914747e-01	6.258466413052958532e-02	2.360588462743054214e-02	6.082380553107348542e-02
8.127453958940876646e+02	3.171027940822118141e-01	2.010251701378162892e-01	2.072273798767135244e-01	1.270591381998293634e-01	6.276872491267905529e-02	2.371136797234450061e-02	6.110542481834051881e-02
8.175831661077428407e+02	3.160587011893618570e-01	2.003283691834109592e-01	2.079368797793910151e-01	1.275222155345165920e-01	6.295174586983728893e-02	2.381651368673072880e-02	6.138557475668657976e-02
8.224209363213982442e+02	3.150205574989393686e-01	1.996355303177818064e-01	2.086419865831907472e-01	1.279826095795546237e-01	6.313373456984898435e-02	2.392132045550932062e-02	6.166426099511018027e-02
8.272587065350534203e+02	3.139883284264862184e-01	1.989466313417594667e-01	2.093427288295219846e-01	1.284403366981503036e-01	6.331469847621980229e-02	2.402578702108122341e-02	6.194148920671604941e-02
8.320964767487085965e+02	3.129619796310521562e-01	1.982616501468230652e-01	2.100391348874044717e-01	1.288954131147742321e-01	6.349464495063242286e-02	2.412991218202396176e-02	6.221726508722476290e-02
8.369342469623640000e+02	3.119414770104451118e-01	1.975805647174906921e-01	2.107312329535310780e-01	1.293478549177342896e-01	6.367358125538799540e-02	2.423369479181785094e-02	6.249159435352808628e-02
8.417720171760191761e+02	3.109267866967607152e-01	1.969033531334714593e-01	2.114190510523693833e-01	1.297976780616677261e-01	6.385151455577532664e-02	2.433713375760189132e-02	6.276448274228858815e-02
8.466097873896745796e+02	3.099178750521707215e-01	1.962299935715974830e-01	2.121026170363010388e-01	1.302448983699547591e-01	6.402845192237020810e-02	2.444022803895860158e-02	6.303593600858227453e-02
8.514475576033297557e+02	3.089147086649507434e-01	1.955604643075530003e-01	2.127819585857974871e-01	1.306895315370566191e-01	6.420440033326717255e-02	2.454297664672705839e-02	6.330595992458298849e-02
8.562853278169851592e+02	3.079172543457299738e-01	1.948947437174166075e-01	2.134571032096309329e-01	1.311315931307808769e-01	6.437936667624584441e-02	2.464537864184337609e-02	6.357456027828736755e-02
8.611230980306403353e+02	3.069254791239462987e-01	1.942328102790309430e-01	2.141280782451197295e-01	1.315710985944769096e-01	6.455335775087393813e-02	2.474743313420798077e-02	6.384174287227914468e-02
8.659608682442956251e+02	3.059393502444919255e-01	1.935746425732133569e-01	2.147949108584063238e-01	1.320080632491635597e-01	6.472638027054913867e-02	2.484913928157893998e-02	6.410751352253166169e-02
8.707986384579510286e+02	3.049588351645353135e-01	1.929202192848203379e-01	2.154576280447672576e-01	1.324425022955922626e-01	6.489844086448157134e-02	2.495049628849072693e-02	6.437187805724738088e-02
8.756364086716062047e+02	3.039839015505068631e-01	1.922695192036770195e-01	2.161162566289536457e-01	1.328744308162471965e-01	6.506954607961885906e-02	2.505150340519772534e-02	6.463484231573350669e-02
8.804741788852616082e+02	3.030145172752359284e-01	1.916225212253822308e-01	2.167708232655612410e-01	1.333038637772853696e-01	6.523970238251568243e-02	2.515215992664191630e-02	6.489641214731238505e-02
8.853119490989170117e+02	3.020506504152284943e-01	1.909792043519994709e-01	2.174213544394289488e-01	1.337308160304184201e-01	6.540891616114943852e-02	2.525246519144407065e-02	6.515659341026594498e-02
8.901497193125721878e+02	3.010922692480752505e-01	1.903395476926419416e-01	2.180678764660646807e-01	1.341553023147383783e-01	6.557719372668380231e-02	2.535241858091787093e-02	6.541539197081287782e-02
8.949874895262273640e+02	3.001393422499807340e-01	1.897035304639612951e-01	2.187104154920973542e-01	1.345773372584894156e-01	6.574454131518177313e-02	2.545201951810641475e-02	6.567281370211784652e-02
8.998252597398827675e+02	2.991918380934044941e-01	1.890711319905465926e-01	2.193489974957542332e-01	1.349969353807875805e-01	6.591096508926985731e-02	2.555126746684049585e-02	6.592886448333158678e-02
9.046630299535379436e+02	2.982497256448066181e-01	1.884423317052414115e-01	2.199836482873626653e-01	1.354141110932901015e-01	6.607647113975471942e-02	2.565016193081814597e-02	6.618355019866120625e-02
9.095008001671932334e+02	2.973129739624898460e-01	1.878171091493854583e-01	2.206143935098746067e-01	1.358288787018163968e-01	6.624106548719414789e-02	2.574870245270488231e-02	6.643687673646944680e-02
9.143385703808486369e+02	2.963815522945320580e-01	1.871954439729867081e-01	2.212412586394139347e-01	1.362412524079222587e-01	6.640475408342327857e-02	2.584688861325415768e-02	6.668884998840242384e-02
9.191763405945038130e+02	2.954554300768013064e-01	1.865773159348298460e-01	2.218642689858446315e-01	1.366512463104288533e-01	6.656754281303786658e-02	2.594472003044753089e-02	6.693947584854478827e-02
9.240141108081592165e+02	2.945345769310494521e-01	1.859627049025261991e-01	2.224834496933595362e-01	1.370588744069084208e-01	6.672943749483568887e-02	2.604219635865400936e-02	6.718876021260147824e-02
9.288518810218145063e+02	2.936189626630775762e-01	1.853515908525096845e-01	2.230988257410887188e-01	1.374641505951277320e-01	6.689044388321747914e-02	2.613931728780815450e-02	6.743670897710542234e-02
9.336896512354697961e+02	2.927085572609682829e-01	1.847439538699837402e-01	2.237104219437261732e-01	1.378670886744511881e-01	6.705056766954857472e-02	2.623608254260643285e-02	6.768332803865031999e-02
9.385274214491247449e+02	2.918033308933811742e-01	1.841397741488227657e-01	2.243182629521744131e-01	1.382677023472047295e-01	6.720981448348246901e-02	2.633249188172140376e-02	6.792862329314776348e-02
9.433651916627801484e+02	2.909032539079057789e-01	1.835390319914320945e-01	2.249223732542059984e-01	1.386660052200020254e-01	6.736818989424754600e-02	2.642854509703327498e-02	6.817260063510797996e-02
9.482029618764355519e+02	2.900082968294694363e-01	1.829417078085701365e-01	2.255227771751411592e-01	1.390620108050341086e-01	6.752569941189794089e-02	2.652424201287841010e-02	6.841526595694356894e-02
9.530407320900908417e+02	2.891184303587950311e-01	1.823477821191356596e-01	2.261194988785406035e-01	1.394557325213238996e-01	6.768234848852970609e-02	2.661958248531438170e-02	6.865662514829543039e-02
9.578785023037459041e+02	2.882336253709066876e-01	1.817572355499232351e-01	2.267125623669130619e-01	1.398471836959467307e-01	6.783814251946343465e-02	2.671456640140115399e-02	6.889668409538034222e-02
9.627162725174014213e+02	2.873538529136786535e-01	1.811700488353497340e-01	2.273019914824365995e-01	1.402363775652180622e-01	6.799308684439411832e-02	2.680919367849800630e-02	6.913544868035949309e-02
9.675540427310568248e+02	2.864790842064257603e-01	1.805862028171541511e-01	2.278878099076928065e-01	1.406233272758494190e-01	6.814718674850941960e-02	2.690346426357580895e-02	6.937292478072727697e-02
9.723918129447120009e+02	2.856092906385322427e-01	1.800056784440733915e-01	2.284700411664137287e-01	1.410080458860737129e-01	6.830044746357728791e-02	2.699737813254429741e-02	6.960911826871998831e-02
9.772295831583674044e+02	2.847444437681163065e-01	1.794284567714959089e-01	2.290487086242401216e-01	1.413905463667410600e-01	6.845287416900373845e-02	2.709093528959395647e-02	6.984403501074350207e-02
9.820673533720223531e+02	2.838845153207286143e-01	1.788545189610952491e-01	2.296238354894911682e-01	1.417708416023860385e-01	6.860447199286172359e-02	2.718413576655218447e-02	7.007768086681964714e-02
9.869051235856777566e+02	2.830294771880817462e-01	1.782838462804454960e-01	2.301954448139440779e-01	1.421489443922671903e-01	6.875524601289211002e-02	2.727697962225336323e-02	7.031006169005064865e-02
9.917428937993331601e+02	2.821793014268096367e-01	1.777164201026201207e-01	2.307635594936240375e-01	1.425248674513799885e-01	6.890520125747737201e-02	2.736946694192255586e-02	7.054118332610091746e-02
9.965806640129884499e+02	2.813339602572543785e-01	1.771522219057759528e-01	2.313282022696028783e-01	1.428986234114439369e-01	6.905434270658888929e-02	2.746159783657243711e-02	7.077105161269604816e-02
1.001418434226643626e+03	2.804934260622794495e-01	1.765912332727233303e-01	2.318893957288067909e-01	1.432702248218647445e-01	6.920267529270877904e-02	2.755337244241319594e-02	7.099967237913817897e-02
1.006256204440298802e+03	2.796576713861066432e-01	1.760334358904843133e-01	2.324471623048316171e-01	1.436396841506726585e-01	6.935020390172681737e-02	2.764479092027507037e-02	7.122705144583735271e-02
1.011093974653954206e+03	2.788266689331765358e-01	1.754788115498399637e-01	2.330015242787660257e-01	1.440070137854370380e-01	6.949693337381322722e-02	2.773585345504321620e-02	7.145319462385853193e-02
1.015931744867609382e+03	2.780003915670302694e-01	1.749273421448674370e-01	2.335525037800214587e-01	1.443722260341589458e-01	6.964286850426820719e-02	2.782656025510463899e-02	7.167810771448354656e-02
1.020769515081264785e+03	2.771788123092121525e-01	1.743790096724685823e-01	2.341001227871687962e-01	1.447353331261416742e-01	6.978801404434865907e-02	2.791691155180688749e-02	7.190179650878779360e-02
1.025607285294920075e+03	2.763619043381909113e-01	1.738337962318904362e-01	2.346444031287805987e-01	1.450963472128403153e-01	6.993237470207296080e-02	2.800690759892823095e-02	7.212426678723110607e-02
1.030445055508575479e+03	2.755496409882994824e-01	1.732916840242389733e-01	2.351853664842792346e-01	1.454552803686910978e-01	7.007595514300440920e-02	2.809654867215902532e-02	7.234552431926240257e-02
1.035282825722230655e+03	2.747419957486917363e-01	1.727526553519864450e-01	2.357230343847899201e-01	1.458121445919208781e-01	7.021875999101381827e-02	2.818583506859409504e-02	7.256557486293771508e-02
1.040120595935886058e+03	2.739389422623159098e-01	1.722166926184734437e-01	2.362574282139983384e-01	1.461669518053378136e-01	7.036079382902203638e-02	2.827476710623576597e-02	7.278442416455128960e-02
1.044958366149541234e+03	2.731404543249028039e-01	1.716837783274061946e-01	2.367885692090125616e-01	1.465197138571035229e-01	7.050206119972296515e-02	2.836334512350733444e-02	7.300207795827921842e-02
1.049796136363196410e+03	2.723465058839689146e-01	1.711538950823498217e-01	2.373164784612286082e-01	1.468704425214874543e-01	7.064256660628755180e-02	2.845156947877679546e-02	7.321854196583536811e-02
1.054633906576851814e+03	2.715570710378338859e-01	1.706270255862178953e-01	2.378411769171994705e-01	1.472191494996042127e-01	7.078231451304942135e-02	2.853944054989048310e-02	7.343382189613917310e-02
1.059471676790506763e+03	2.707721240346502856e-01	1.701031526407592309e-01	2.383626853795070555e-01	1.475658464201339837e-01	7.092130934617255078e-02	2.862695873371648436e-02	7.364792344499498933e-02
1.064309447004162394e+03	2.699916392714465374e-01	1.695822591460419693e-01	2.388810245076369576e-01	1.479105448400271361e-01	7.105955549430170715e-02	2.871412444569755584e-02	7.386085229478271674e-02
1.069147217217817570e+03	2.692155912931818995e-01	1.690643280999359899e-01	2.393962148188552574e-01	1.482532562451930325e-01	7.119705730919594078e-02	2.880093811941331766e-02	7.407261411415916319e-02
1.073984987431472746e+03	2.684439547918126001e-01	1.685493425975932436e-01	2.399082766890873464e-01	1.485939920511739620e-01	7.133381910634577217e-02	2.888740020615156862e-02	7.428321455777006643e-02
1.078822757645127922e+03	2.676767046053691312e-01	1.680372858309273354e-01	2.404172303537984168e-01	1.489327636038042524e-01	7.146984516557451650e-02	2.897351117448843105e-02	7.449265926597241350e-02
1.083660527858783553e+03	2.669138157170439785e-01	1.675281410880917199e-01	2.409230959088753121e-01	1.492695821798555034e-01	7.160513973162409285e-02	2.905927150987717630e-02	7.470095386456666875e-02
1.088498298072438729e+03	2.661552632542891761e-01	1.670218917529578129e-01	2.414258933115090711e-01	1.496044589876681097e-01	7.173970701472599798e-02	2.914468171424556067e-02	7.490810396453863318e-02
1.093336068286093905e+03	2.654010224879241320e-01	1.665185213045926038e-01	2.419256423810784706e-01	1.499374051677693775e-01	7.187355119115762525e-02	2.922974230560139094e-02	7.511411516181082382e-02
1.098173838499749309e+03	2.646510688312517234e-01	1.660180133167362959e-01	2.424223628000337361e-01	1.502684317934791236e-01	7.200667640378449752e-02	2.931445381764621536e-02	7.531899303700284598e-02
1.103011608713404712e+03	2.639053778391844407e-01	1.655203514572801682e-01	2.429160741147806668e-01	1.505975498715026450e-01	7.213908676258887209e-02	2.939881679939692488e-02	7.552274315520067505e-02
1.107849378927059888e+03	2.631639252073784130e-01	1.650255194877451592e-01	2.434067957365643742e-01	1.509247703425119214e-01	7.227078634518489808e-02	2.948283181481506018e-02	7.572537106573462573e-02
1.112687149140715292e+03	2.624266867713755946e-01	1.645335012627607840e-01	2.438945469423528523e-01	1.512501040817149645e-01	7.240177919732096457e-02	2.956649944244373052e-02	7.592688230196550925e-02
1.117524919354370468e+03	2.616936385057547221e-01	1.640442807295454664e-01	2.443793468757198273e-01	1.515735618994141221e-01	7.253206933336936446e-02	2.964982027505185316e-02	7.612728238107904777e-02
1.122362689568025871e+03	2.609647565232892652e-01	1.635578419273872874e-01	2.448612145477266910e-01	1.518951545415534732e-01	7.266166073680387083e-02	2.973279491928569260e-02	7.632657680388811594e-02
