1.654517413070107068e+03	1.983997693772210080e-01	1.273136072712046374e-01	2.848174564225794958e-01	1.771845346415575062e-01	8.215162217100702158e-02	3.729831864049288487e-02	9.283469147522392662e-02
1.669030723711072824e+03	1.975339979546082980e-01	1.261423250753284098e-01	2.850709691377606436e-01	1.782137756206106094e-01	8.244042941957578641e-02	3.740575000090103769e-02	9.319275279050169558e-02
1.683544034352038352e+03	1.966301954289037257e-01	1.250407856010647689e-01	2.854033457167812760e-01	1.791355161898179338e-01	8.272602585971464140e-02	3.751557786583850640e-02	9.354855333716562138e-02
1.698057344993004335e+03	1.956982572117306474e-01	1.239994394736903538e-01	2.857986258346610908e-01	1.799676795740874080e-01	8.300795589046816580e-02	3.762758518497434646e-02	9.390045682967450291e-02
1.712570655633970318e+03	1.947463230200386086e-01	1.230103272189604080e-01	2.862437151158525594e-01	1.807249879933278958e-01	8.328586931716759623e-02	3.774153546166859191e-02	9.424724187227090377e-02
1.727083966274936301e+03	1.937810783628514666e-01	1.220668080377973752e-01	2.867278725634704317e-01	1.814195393505929343e-01	8.355950179962631785e-02	3.785718221807032186e-02	9.458801766687775781e-02
1.741597276915902057e+03	1.928080044714838570e-01	1.211633349706725121e-01	2.872422899722487655e-01	1.820612798335705662e-01	8.382865882119051870e-02	3.797427620981545099e-02	9.492215572030492099e-02
1.756110587556867813e+03	1.918315854792646546e-01	1.202952685174639297e-01	2.877797467777527540e-01	1.826583912316659952e-01	8.409320254913307813e-02	3.809257084422731920e-02	9.524923459977890916e-02
1.770623898197833569e+03	1.908554801540632839e-01	1.194587221349604350e-01	2.883343267756473538e-01	1.832176083725768345e-01	8.435304106915407496e-02	3.821182616992630648e-02	9.556899532295838606e-02
1.785137208838799552e+03	1.898826642403785014e-01	1.186504341588322381e-01	2.889011855884642266e-01	1.837444792984078146e-01	8.460811956901923003e-02	3.833181173560718663e-02	9.588130540857747741e-02
1.799650519479765535e+03	1.889155484337808055e-01	1.178676616293701240e-01	2.894763597603297600e-01	1.842435785208573484e-01	8.485841312219166710e-02	3.845230855856147933e-02	9.618612997419548338e-02
1.814163830120731291e+03	1.879560761528851764e-01	1.171080922734166752e-01	2.900566100020298133e-01	1.847186818267896879e-01	8.510392078462442056e-02	3.857311039694378413e-02	9.648350856259718666e-02
1.828677140761696819e+03	1.870058045627204790e-01	1.163697715358917861e-01	2.906392924547370193e-01	1.851729095750158094e-01	8.534466076908699128e-02	3.869402448187144600e-02	9.677353661996329626e-02
1.843190451402663257e+03	1.860659717134195423e-01	1.156510420857201626e-01	2.912222529441093610e-01	1.856088441712649417e-01	8.558066650347863347e-02	3.881487183462178220e-02	9.705635074667240403e-02
1.857703762043628785e+03	1.851375521688903569e-01	1.149504936615206863e-01	2.918037401010318277e-01	1.860286263811089524e-01	8.581198341415979813e-02	3.893548726915228159e-02	9.733211700342291051e-02
1.872217072684594768e+03	1.842213030943780638e-01	1.142669214876385203e-01	2.923823339668754628e-01	1.864340342990276900e-01	8.603866630374629176e-02	3.905571915985617953e-02	9.760102168776459142e-02
1.886730383325560297e+03	1.833178024353472879e-01	1.135992917938638269e-01	2.929568873091760173e-01	1.868265481023076990e-01	8.626077721615932337e-02	3.917542903800760173e-02	9.786326410442504342e-02
1.901243693966526507e+03	1.824274805410885936e-01	1.129467132231611048e-01	2.935264773721693032e-01	1.872074031535551908e-01	8.647838370090742133e-02	3.929449106703801486e-02	9.811905094136723349e-02
1.915757004607492036e+03	1.815506463550809191e-01	1.123084131197818053e-01	2.940903661953994108e-01	1.875776335527568894e-01	8.669155740433867607e-02	3.941279143603520357e-02	9.836859193589395089e-02
1.930270315248458019e+03	1.806875091022904778e-01	1.116837178625889881e-01	2.946479679688207010e-01	1.879381078605887878e-01	8.690037292855097573e-02	3.953022770219338095e-02	9.861209657425358543e-02
1.944783625889424002e+03	1.798381962445121940e-01	1.110720365513733626e-01	2.951988221676977164e-01	1.882895584039400438e-01	8.710490690928629487e-02	3.964670810597843015e-02	9.884977161649882715e-02
1.959296936530389530e+03	1.790027683429671890e-01	1.104728474724292614e-01	2.957425714360434332e-01	1.886326053200108877e-01	8.730523727287391178e-02	3.976215087718828339e-02	9.908181927777387488e-02
1.973810247171355968e+03	1.781812313580165286e-01	1.098856868678712989e-01	2.962789433722290422e-01	1.889677762867115196e-01	8.750144263946572909e-02	3.987648354562545183e-02	9.930843592936725028e-02
1.988323557812321269e+03	1.773735468251921576e-01	1.093101396145768067e-01	2.968077355220511415e-01	1.892955227161316478e-01	8.769360184570157424e-02	3.998964226654477122e-02	9.952981120908878376e-02
2.002836868453287707e+03	1.765796402715836266e-01	1.087458314861087932e-01	2.973288030089402678e-01	1.896162330477574876e-01	8.788179356478433013e-02	4.010157116822189727e-02	9.974612745189044560e-02
2.017350179094252780e+03	1.757994081743099735e-01	1.081924227268958455e-01	2.978420483330466162e-01	1.899302436633099334e-01	8.806609600591917830e-02	4.021222172676529316e-02	9.995755936904003602e-02
2.031863489735218764e+03	1.750327237111522494e-01	1.076496027142928441e-01	2.983474129546606068e-01	1.902378478509953730e-01	8.824658667833508441e-02	4.032155217155258820e-02	1.001642739182980885e-01
2.046376800376184747e+03	1.742794415106035388e-01	1.071170855225595797e-01	2.988448703461262235e-01	1.905393031698584538e-01	8.842334220778537424e-02	4.042952692331670123e-02	1.003664303190369284e-01
2.060890111017150957e+03	1.735394015730996053e-01	1.065946062346306844e-01	2.993344202527735698e-01	1.908348375017344667e-01	8.859643819562233735e-02	4.053611606586236121e-02	1.005641801755637749e-01
2.075403421658116713e+03	1.728124325057724675e-01	1.060819178739349777e-01	2.998160839496629704e-01	1.911246540265095772e-01	8.876594911234481078e-02	4.064129485159814065e-02	1.007576676794637582e-01
2.089916732299082469e+03	1.720983541886838553e-01	1.055787888503897931e-01	3.002899003189044569e-01	1.914089353139482308e-01	8.893194821899724767e-02	4.074504324047180381e-02	1.009470298678912803e-01
2.104430042940048224e+03	1.713969799702817487e-01	1.050850008328181595e-01	3.007559226034887678e-01	1.916878466905536649e-01	8.909450751101179178e-02	4.084734547145783129e-02	1.011323969196747385e-01
2.118943353581013525e+03	1.707081184730727397e-01	1.046003469750558940e-01	3.012142157191581848e-01	1.919615390114089437e-01	8.925369768008006854e-02	4.094818966543193467e-02	1.013138924750789371e-01
2.133456664221980191e+03	1.700315750766172584e-01	1.041246304354629115e-01	3.016648540268622170e-01	1.922301509435665745e-01	8.940958809045625177e-02	4.104756745805183266e-02	1.014916339682697122e-01
2.147969974862945492e+03	1.693671531334490499e-01	1.036576631398687803e-01	3.021079194856007288e-01	1.924938108483907062e-01	8.956224676676063923e-02	4.114547366112514953e-02	1.016657329640917040e-01
2.162483285503912157e+03	1.687146549639838566e-01	1.031992647465309471e-01	3.025435001196388751e-01	1.927526383345443961e-01	8.971174039090024088e-02	4.124190595086624223e-02	1.018362954928221792e-01
2.176996596144877003e+03	1.680738826685797827e-01	1.027492617787698209e-01	3.029716887457243324e-01	1.930067455404330112e-01	8.985813430616973463e-02	4.133686458141112852e-02	1.020034223781988436e-01
2.191509906785843214e+03	1.674446387883633258e-01	1.023074868968161105e-01	3.033925819155127157e-01	1.932562381943543628e-01	9.000149252696278135e-02	4.143035212196141681e-02	1.021672095553159271e-01
2.206023217426809424e+03	1.668267268410083548e-01	1.018737782852723872e-01	3.038062790362763832e-01	1.935012164919449884e-01	9.014187775282228587e-02	4.152237321595587949e-02	1.023277483760063750e-01
2.220536528067775180e+03	1.662199517531590953e-01	1.014479791366236089e-01	3.042128816394424340e-01	1.937417758234125098e-01	9.027935138580313323e-02	4.161293436071523272e-02	1.024851259001306053e-01
2.235049838708740936e+03	1.656241202074621999e-01	1.010299372145742197e-01	3.046124927718285580e-01	1.939780073772188473e-01	9.041397355032002037e-02	4.170204370606553357e-02	1.026394251718171641e-01
2.249563149349706237e+03	1.650390409190858887e-01	1.006195044837592811e-01	3.050052164888235051e-01	1.942099986421040592e-01	9.054580311481583155e-02	4.178971087051495253e-02	1.027907254801829207e-01
2.264076459990672902e+03	1.644645248540465843e-01	1.002165367946737246e-01	3.053911574323639466e-01	1.944378338254229843e-01	9.067489771471826110e-02	4.187594677363321721e-02	1.029391026044277624e-01
2.278589770631638203e+03	1.639003853995448790e-01	9.982089361456639165e-02	3.057704204795257397e-01	1.946615942025525237e-01	9.080131377626057820e-02	4.196076348336077316e-02	1.030846290434756091e-01
2.293103081272604413e+03	1.633464384947563297e-01	9.943243779662326587e-02	3.061431104499947597e-01	1.948813584094925833e-01	9.092510654082951171e-02	4.204417407705334647e-02	1.032273742305366837e-01
2.307616391913570169e+03	1.628025027290691262e-01	9.905103538107173922e-02	3.065093318626939123e-01	1.950972026886192146e-01	9.104633008957475904e-02	4.212619251514577307e-02	1.033674047331120116e-01
2.322129702554535925e+03	1.622683994135552810e-01	9.867655542292183557e-02	3.068691887335058266e-01	1.953092010957746538e-01	9.116503736807159142e-02	4.220683352639523211e-02	1.035047844390620808e-01
2.336643013195502135e+03	1.617439526304647324e-01	9.830886984195839895e-02	3.072227844074013059e-01	1.955174256754222406e-01	9.128128021087528188e-02	4.228611250373808667e-02	1.036395747294264480e-01
2.351156323836467891e+03	1.612289892647046086e-01	9.794785329134370055e-02	3.075702214194136475e-01	1.957219466093977067e-01	9.139510936584284428e-02	4.236404540986535988e-02	1.037718346387186130e-01
2.365669634477433647e+03	1.607233390205815571e-01	9.759338304180739665e-02	3.079116013798351981e-01	1.959228323438078623e-01	9.150657451812807541e-02	4.244064869168927973e-02	1.039016210034371113e-01
2.380182945118399402e+03	1.602268344265182498e-01	9.724533887891241568e-02	3.082470248797831713e-01	1.961201496978213776e-01	9.161572431378016412e-02	4.251593920293723905e-02	1.040289885995338420e-01
2.394696255759364703e+03	1.597393108299850484e-01	9.690360301131099863e-02	3.085765914139226851e-01	1.963139639574341677e-01	9.172260638289511658e-02	4.258993413416940071e-02	1.041539902695690634e-01
2.409209566400331823e+03	1.592606063844997921e-01	9.656805998825603032e-02	3.089003993176624441e-01	1.965043389567489862e-01	9.182726736228490061e-02	4.266265094957254894e-02	1.042766770402617643e-01
2.423722877041296670e+03	1.587905620302257348e-01	9.623859662492634248e-02	3.092185457165789186e-01	1.966913371488613893e-01	9.192975291764117485e-02	4.273410732993521144e-02	1.043970982311177159e-01
2.438236187682262880e+03	1.583290214694320908e-01	9.591510193436569853e-02	3.095311264861865252e-01	1.968750196680778830e-01	9.203010776517998870e-02	4.280432112125803074e-02	1.045153015547862496e-01
2.452749498323228636e+03	1.578758311378599677e-01	9.559746706503706448e-02	3.098382362204764595e-01	1.970554463848893378e-01	9.212837569276162430e-02	4.287331028849869496e-02	1.046313332097631860e-01
2.467262808964194392e+03	1.574308401728547746e-01	9.528558524316035894e-02	3.101399682078947451e-01	1.972326759548759800e-01	9.222459958048498385e-02	4.294109287399272556e-02	1.047452379660227112e-01
2.481776119605160602e+03	1.569939003789740384e-01	9.497935171914007046e-02	3.104364144136417258e-01	1.974067658625147104e-01	9.231882142076071329e-02	4.300768696013031189e-02	1.048570592441246813e-01
2.496289430246126358e+03	1.565648661916551332e-01	9.467866371750463528e-02	3.107276654673489791e-01	1.975777724606925523e-01	9.241108233787055648e-02	4.307311063590513189e-02	1.049668391883092633e-01
2.510802740887092114e+03	1.561435946394235386e-01	9.438342038987425353e-02	3.110138106553343995e-01	1.977457510065916135e-01	9.250142260702258479e-02	4.313738196698414795e-02	1.050746187340557275e-01
2.525316051528057415e+03	1.557299453050365046e-01	9.409352277055373082e-02	3.112949379167594954e-01	1.979107556944962876e-01	9.258988167291397342e-02	4.320051896897766225e-02	1.051804376705485905e-01
2.539829362169024080e+03	1.553237802858863925e-01	9.380887373441219867e-02	3.115711338431130240e-01	1.980728396859810503e-01	9.267649816781418914e-02	4.326253958361684498e-02	1.052843346984625311e-01
2.554342672809989381e+03	1.549249641539292288e-01	9.352937795676678767e-02	3.118424836805323008e-01	1.982320551378580487e-01	9.276130992918191209e-02	4.332346165757151174e-02	1.053863474834463992e-01
2.568855983450955591e+03	1.545333639153554373e-01	9.325494187503254040e-02	3.121090713345444079e-01	1.983884532282015889e-01	9.284435401682984701e-02	4.338330292366436580e-02	1.054865127056579810e-01
2.583369294091921347e+03	1.541488489701798303e-01	9.298547365193869652e-02	3.123709793768704168e-01	1.985420841807127301e-01	9.292566672965153762e-02	4.344208098425943188e-02	1.055848661056735804e-01
2.597882604732887103e+03	1.537712910718946335e-01	9.272088314014317878e-02	3.126282890539868187e-01	1.986929972876441131e-01	9.300528362192421461e-02	4.349981329662210017e-02	1.056814425270711788e-01
2.612395915373853313e+03	1.534005642873025876e-01	9.246108184810308828e-02	3.128810802971815908e-01	1.988412409314694873e-01	9.308323951920167982e-02	4.355651716006614382e-02	1.057762759559616322e-01
2.626909226014819069e+03	1.530365449566234437e-01	9.220598290708113820e-02	3.131294317338786937e-01	1.989868626054518697e-01	9.315956853381099356e-02	4.361220970471959418e-02	1.058693995577205255e-01
2.641422536655784825e+03	1.526791116539496507e-01	9.195550103918567753e-02	3.133734207000359318e-01	1.991299089332405070e-01	9.323430407996595448e-02	4.366690788175622145e-02	1.059608457111522462e-01
2.655935847296750580e+03	1.523281451481112714e-01	9.170955252635783206e-02	3.136131232534488666e-01	1.992704256876055013e-01	9.330747888851047278e-02	4.372062845495338496e-02	1.060506460402989293e-01
2.670449157937716336e+03	1.519835283639972556e-01	9.146805518023125303e-02	3.138486141878125135e-01	1.994084578084026615e-01	9.337912502130424341e-02	4.377338799344925729e-02	1.061388314440891156e-01
2.684962468578682547e+03	1.516451463443700132e-01	9.123092831280109338e-02	3.140799670474172522e-01	1.995440494198467973e-01	9.344927388526241829e-02	4.382520286558402867e-02	1.062254321240046345e-01
2.699475779219648302e+03	1.513128862122020135e-01	9.099809270784749160e-02	3.143072541423668209e-01	1.996772438471598465e-01	9.351795624606096258e-02	4.387608923372003644e-02	1.063104776099290660e-01
2.713989089860614058e+03	1.509866371335548407e-01	9.076947059306614274e-02	3.145305465642232456e-01	1.998080836326505683e-01	9.358520224151849198e-02	4.392606304994539634e-02	1.063939967843275658e-01
2.728502400501579814e+03	1.506662902810172733e-01	9.054498561286494773e-02	3.147499142019957730e-01	1.999366105512742908e-01	9.365104139466511046e-02	4.397514005257424641e-02	1.064760179048945682e-01
2.743015711142545115e+03	1.503517387977121311e-01	9.032456280179093633e-02	3.149654257584007522e-01	2.000628656257145976e-01	9.371550262650819862e-02	4.402333576336463911e-02	1.065565686257949479e-01
2.757529021783511780e+03	1.500428777618794118e-01	9.010812855855597492e-02	3.151771487663284077e-01	2.001868891410227835e-01	9.377861426850463145e-02	4.407066548538243062e-02	1.066356760176126045e-01
2.772042332424477081e+03	1.497396041520391297e-01	8.989561062063340657e-02	3.153851496054613235e-01	2.003087206588463065e-01	9.384040407474873724e-02	4.411714430144591387e-02	1.067133665861113856e-01
2.786555643065443292e+03	1.494418168127350233e-01	8.968693803940112896e-02	3.155894935189962891e-01	2.004283990312734909e-01	9.390089923388440785e-02	4.416278707309208990e-02	1.067896662899038007e-01
2.801068953706408593e+03	1.491494164208581608e-01	8.948204115580908613e-02	3.157902446304255983e-01	2.005459624143181852e-01	9.396012638074978385e-02	4.420760844001064838e-02	1.068646005571147889e-01
2.815582264347374803e+03	1.488623054525475553e-01	8.928085157655132886e-02	3.159874659603421065e-01	2.006614482810652467e-01	9.401811160776239740e-02	4.425162281989704349e-02	1.069381943011205177e-01
2.830095574988341014e+03	1.485803881506642110e-01	8.908330215072494951e-02	3.161812194432343515e-01	2.007748934344953384e-01	9.407488047605229442e-02	4.429484440868018680e-02	1.070104719354348644e-01
2.844608885629306769e+03	1.483035704928331311e-01	8.888932694695945991e-02	3.163715659442429828e-01	2.008863340200053860e-01	9.413045802635024162e-02	4.433728718108458783e-02	1.070814573878104692e-01
2.859122196270272525e+03	1.480317601600471544e-01	8.869886123100198527e-02	3.165585652758540758e-01	2.009958055376393493e-01	9.418486878963808206e-02	4.437896489149058266e-02	1.071511741136149803e-01
2.873635506911238281e+03	1.477648665058264033e-01	8.851184144374454887e-02	3.167422762145075676e-01	2.011033428540423829e-01	9.423813679756767869e-02	4.441989107505941309e-02	1.072196451085382501e-01
2.888148817552204036e+03	1.475028005259256259e-01	8.832820517968076324e-02	3.169227565171005567e-01	2.012089802141503458e-01	9.429028559265471843e-02	4.446007904909320130e-02	1.072868929206810262e-01
2.902662128193170247e+03	1.472454748285823845e-01	8.814789116578024275e-02	3.171000629373705304e-01	2.013127512526248775e-01	9.434133823825349707e-02	4.449954191460273045e-02	1.073529396620719889e-01
2.917175438834136003e+03	1.469928036052976228e-01	8.797083924076985750e-02	3.172742512421424799e-01	2.014146890050445282e-01	9.439131732831836097e-02	4.453829255805826642e-02	1.074178070196550594e-01
2.931688749475101758e+03	1.467447026021409806e-01	8.779699033481130899e-02	3.174453762274288549e-01	2.015148259188601632e-01	9.444024499695739816e-02	4.457634365330127163e-02	1.074815162657861978e-01
2.946202060116067514e+03	1.465010890915721120e-01	8.762628644956553525e-02	3.176134917343699793e-01	2.016131938641233246e-01	9.448814292778373591e-02	4.461370766359665230e-02	1.075440882682748289e-01
2.960715370757033725e+03	1.462618818447700975e-01	8.745867063863471680e-02	3.177786506650074339e-01	2.017098241439945483e-01	9.453503236306937119e-02	4.465039684380738005e-02	1.076055435000024818e-01
2.975228681397999480e+03	1.460270011044622895e-01	8.729408698837300140e-02	3.179409049978813573e-01	2.018047475050394890e-01	9.458093411270666884e-02	4.468642324267496635e-02	1.076659020481482848e-01
2.989741992038964781e+03	1.457963685582441549e-01	8.713248059905776000e-02	3.181003058034446163e-01	2.018979941473181827e-01	9.462586856298207949e-02	4.472179870519077394e-02	1.077251836230485316e-01
3.004255302679930992e+03	1.455699073123818410e-01	8.697379756641343551e-02	3.182569032592896807e-01	2.019895937342747472e-01	9.466985568516673999e-02	4.475653487504477335e-02	1.077834075667148672e-01
3.018768613320896748e+03	1.453475418660891971e-01	8.681798496348012983e-02	3.184107466651823759e-01	2.020795754024322655e-01	9.471291504392827243e-02	4.479064319713948333e-02	1.078405928610343262e-01
3.033281923961862958e+03	1.451291980862705611e-01	8.666499082281993449e-02	3.185618844578990139e-01	2.021679677708987100e-01	9.475506580556809777e-02	4.482413492015815959e-02	1.078967581356715527e-01
3.047795234602828714e+03	1.449148031827217076e-01	8.651476411905353880e-02	3.187103642258637959e-01	2.022547989506887633e-01	9.479632674608819143e-02	4.485702109917723973e-02	1.079519216756927302e-01
3.062308545243794470e+03	1.447042856837802149e-01	8.636725475172045419e-02	3.188562327235846539e-01	2.023400965538664775e-01	9.483671625909145808e-02	4.488931259831427378e-02	1.080061014289284832e-01
3.076821855884760225e+03	1.444975754124177003e-01	8.622241352845651241e-02	3.189995358858845331e-01	2.024238877025130168e-01	9.487625236351938940e-02	4.492102009340310370e-02	1.080593150130917945e-01
3.091335166525725526e+03	1.442946034627658747e-01	8.608019214848168510e-02	3.191403188419283943e-01	2.025061990375240928e-01	9.491495271123073785e-02	4.495215407468929059e-02	1.081115797226659403e-01
3.105848477166692192e+03	1.440953021770685627e-01	8.594054318639250678e-02	3.192786259290443795e-01	2.025870567272409495e-01	9.495283459442481477e-02	4.498272484953907968e-02	1.081629125355756949e-01
3.120361787807657493e+03	1.438996051230520545e-01	8.580342007625277323e-02	3.194145007063384778e-01	2.026664864759190332e-01	9.498991495291292386e-02	4.501274254515626877e-02	1.082133301196544772e-01
3.134875098448624158e+03	1.437074470717062402e-01	8.566877709597686685e-02	3.195479859681034096e-01	2.027445135320380121e-01	9.502621038124116348e-02	4.504221711130167172e-02	1.082628488389186378e-01
3.149388409089589004e+03	1.435187639754692268e-01	8.553656935199968614e-02	3.196791237570221766e-01	2.028211626964566139e-01	9.506173713566802574e-02	4.507115832301054892e-02	1.083114847596597929e-01
3.163901719730555214e+03	1.433334929468077501e-01	8.540675276422808604e-02	3.198079553771661643e-01	2.028964583304158353e-01	9.509651114099992864e-02	4.509957578330382744e-02	1.083592536563644376e-01
3.178415030371521425e+03	1.431515722371868304e-01	8.527928405126791733e-02	3.199345214067898513e-01	2.029704243633941585e-01	9.513054799728765110e-02	4.512747892588939158e-02	1.084061710174702431e-01
3.192928341012487181e+03	1.429729412164207625e-01	8.515412071592175225e-02	3.200588617109222378e-01	2.030430843008173003e-01	9.516386298638690455e-02	4.515487701785020347e-02	1.084522520509669380e-01
3.207441651653452936e+03	1.427975403523993880e-01	8.503122103095187012e-02	3.201810154537569897e-01	2.031144612316262699e-01	9.519647107838567768e-02	4.518177916231622820e-02	1.084975116898495989e-01
3.221954962294418237e+03	1.426253111911822968e-01	8.491054402510370136e-02	3.203010211108431871e-01	2.031845778357063148e-01	9.522838693790150466e-02	4.520819430111769344e-02	1.085419645974313174e-01
3.236468272935384903e+03	1.424561963374542939e-01	8.479204946938455334e-02	3.204189164810772872e-01	2.032534563911797543e-01	9.525962493025108557e-02	4.523413121741728937e-02	1.085856251725216964e-01
3.250981583576350204e+03	1.422901394353357496e-01	8.467569786359301076e-02	3.205347386984995217e-01	2.033211187815656407e-01	9.529019912749529808e-02	4.525959853831933166e-02	1.086285075544774076e-01
3.265494894217316414e+03	1.421270851495413379e-01	8.456145042309418103e-02	3.206485242438953942e-01	2.033875865028086927e-01	9.532012331436197361e-02	4.528460473745423570e-02	1.086706256281301658e-01
3.280008204858282170e+03	1.419669791468805842e-01	8.444926906583619108e-02	3.207603089562057752e-01	2.034528806701802472e-01	9.534941099404913023e-02	4.530915813753655375e-02	1.087119930285974645e-01
3.294521515499247926e+03	1.418097680780943670e-01	8.433911639960350870e-02	3.208701280437466496e-01	2.035170220250540341e-01	9.537807539391110478e-02	4.533326691289549931e-02	1.087526231459808451e-01
3.309034826140214136e+03	1.416553995600211002e-01	8.423095570950253630e-02	3.209780160952406258e-01	2.035800309415588816e-01	9.540612947102999897e-02	4.535693909197661966e-02	1.087925291299561975e-01
3.323548136781179892e+03	1.415038221580863509e-01	8.412475094567524458e-02	3.210840070906644805e-01	2.036419274331109641e-01	9.543358591767496513e-02	4.538018255981374205e-02	1.088317238942603099e-01
3.338061447422145648e+03	1.413549853691105640e-01	8.402046671123657162e-02	3.211881344119117965e-01	2.037027311588278100e-01	9.546045716665145509e-02	4.540300506047035417e-02	1.088702201210774850e-01
3.352574758063111403e+03	1.412088396044284544e-01	8.391806825043152118e-02	3.212904308532766873e-01	2.037624614298268744e-01	9.548675539654277733e-02	4.542541419944973874e-02	1.089080302653299276e-01
3.367088068704076704e+03	1.410653361733149314e-01	8.381752143700779700e-02	3.213909286317584990e-01	2.038211372154098699e-01	9.551249253684625240e-02	4.544741744607325856e-02	1.089451665588753865e-01
3.381601379345043824e+03	1.409244272667116438e-01	8.371879276279996229e-02	3.214896593971905969e-01	2.038787771491362977e-01	9.553768027300606203e-02	4.546902213582640351e-02	1.089816410146150216e-01
3.396114689986008671e+03	1.407860659412489002e-01	8.362184932652137748e-02	3.215866542421966234e-01	2.039353995347872872e-01	9.556233005134487368e-02	4.549023547267217610e-02	1.090174654305147428e-01
3.410628000626974881e+03	1.406502061035574402e-01	8.352665882275990550e-02	3.216819437119756153e-01	2.039910223522223565e-01	9.558645308389636386e-02	4.551106453133167695e-02	1.090526513935426572e-01
3.425141311267940637e+03	1.405168024948647287e-01	8.343318953117379033e-02	3.217755578139190886e-01	2.040456632631308942e-01	9.561006035314062457e-02	4.553151625953150150e-02	1.090872102835253737e-01
3.439654621908906392e+03	1.403858106758708868e-01	8.334141030588396171e-02	3.218675260270625338e-01	2.040993396166805862e-01	9.563316261664449314e-02	4.555159748021804511e-02	1.091211532769255504e-01
3.454167932549872603e+03	1.402571870118988762e-01	8.325129056505900516e-02	3.219578773113733750e-01	2.041520684550643117e-01	9.565577041160863714e-02	4.557131489373859173e-02	1.091544913505432396e-01
3.468681243190838359e+03	1.401308886583141622e-01	8.316280028068966101e-02	3.220466401168787240e-01	2.042038665189480073e-01	9.567789405932337898e-02	4.559067507998913749e-02	1.091872352851429584e-01
3.483194553831804114e+03	1.400068735462087766e-01	8.307590996854886944e-02	3.221338423926349281e-01	2.042547502528204995e-01	9.569954366953505043e-02	4.560968450052909490e-02	1.092193956690088452e-01
3.497707864472769415e+03	1.398851003683449779e-01	8.299059067833440551e-02	3.222195115955411304e-01	2.043047358102480782e-01	9.572072914472463945e-02	4.562834950066303047e-02	1.092509829014298023e-01
3.512221175113736081e+03	1.397655285653540136e-01	8.290681398399046831e-02	3.223036746990002865e-01	2.043538390590347587e-01	9.574146018430071403e-02	4.564667631148939392e-02	1.092820071961164569e-01
3.526734485754701382e+03	1.396481183121852654e-01	8.282455197420512949e-02	3.223863582014284690e-01	2.044020755862906991e-01	9.576174628870803840e-02	4.566467105191669013e-02	1.093124785845518143e-01
3.541247796395667592e+03	1.395328305048010031e-01	8.274377724308028259e-02	3.224675881346169559e-01	2.044494607034095801e-01	9.578159676345382456e-02	4.568233973064709380e-02	1.093424069192773518e-01
3.555761107036633348e+03	1.394196267471124184e-01	8.266446288097101247e-02	3.225473900719478815e-01	2.044960094509575832e-01	9.580102072305324290e-02	4.569968824812787461e-02	1.093718018771160788e-01
3.570274417677599104e+03	1.393084693381529127e-01	8.258658246549134552e-02	3.226257891364664454e-01	2.045417366034747719e-01	9.582002709489560732e-02	4.571672239847086872e-02	1.094006729623341473e-01
3.584787728318565314e+03	1.391993212594834772e-01	8.251011005268325815e-02	3.227028100088121798e-01	2.045866566741910697e-01	9.583862462303321950e-02	4.573344787134032974e-02	1.094290295097426063e-01
3.599301038959531070e+03	1.390921461628270572e-01	8.243502016834594603e-02	3.227784769350110494e-01	2.046307839196580269e-01	9.585682187189394077e-02	4.574987025380941597e-02	1.094568806877406347e-01
3.613814349600496826e+03	1.389869083579267361e-01	8.236128779952255063e-02	3.228528137341318272e-01	2.046741323442982374e-01	9.587462722991949016e-02	4.576599503218568843e-02	1.094842355013014995e-01
3.628327660241463036e+03	1.388835728006242165e-01	8.228888838614134560e-02	3.229258438058077441e-01	2.047167157048731534e-01	9.589204891313064805e-02	4.578182759380594602e-02	1.095111027949029620e-01
3.642840970882427882e+03	1.387821050811545442e-01	8.221779781280859345e-02	3.229975901376262448e-01	2.047585475148720469e-01	9.590909496862091987e-02	4.579737322880082090e-02	1.095374912554028385e-01
3.657354281523394548e+03	1.386824714126530522e-01	8.214799240075043585e-02	3.230680753123892912e-01	2.047996410488223396e-01	9.592577327798011699e-02	4.581263713182937014e-02	1.095634094148613957e-01
3.671867592164359849e+03	1.385846386198706370e-01	8.207944889990091697e-02	3.231373215152462119e-01	2.048400093465233551e-01	9.594209156064927024e-02	4.582762440378416319e-02	1.095888656533114264e-01
3.686380902805326514e+03	1.384885741280937610e-01	8.201214448113355870e-02	3.232053505407011529e-01	2.048796652172047150e-01	9.595805737720815298e-02	4.584234005346724677e-02	1.096138682014774351e-01
3.700894213446291815e+03	1.383942459522653490e-01	8.194605672863390644e-02	3.232721837994972924e-01	2.049186212436106547e-01	9.597367813259688463e-02	4.585678899923725793e-02	1.096384251434446983e-01
3.715407524087257570e+03	1.383016226863026665e-01	8.188116363241053353e-02	3.233378423253802092e-01	2.049568897860119254e-01	9.598896107927290533e-02	4.587097607062824017e-02	1.096625444192795562e-01
3.729920834728223781e+03	1.382106734926093206e-01	8.181744358094168723e-02	3.234023467817422337e-01	2.049944829861462536e-01	9.600391332030443203e-02	4.588490600994045432e-02	1.096862338276016341e-01
3.744434145369189537e+03	1.381213680917771081e-01	8.175487535395557781e-02	3.234657174681497827e-01	2.050314127710886059e-01	9.601854181240204733e-02	4.589858347380362802e-02	1.097095010281093075e-01
3.758947456010155292e+03	1.380336767524745489e-01	8.169343811534145183e-02	3.235279743267558406e-01	2.050676908570527590e-01	9.603285336888922608e-02	4.591201303471303952e-02	1.097323535440591635e-01
3.773460766651120593e+03	1.379475702815189941e-01	8.163311140618929873e-02	3.235891369485996982e-01	2.051033287531254246e-01	9.604685466261332627e-02	4.592519918253881728e-02	1.097547987647004564e-01
3.787974077292087259e+03	1.378630200141284234e-01	8.157387513795581746e-02	3.236492245797955580e-01	2.051383377649338424e-01	9.606055222879815447e-02	4.593814632600890652e-02	1.097768439476653479e-01
3.802487387933053014e+03	1.377799978043501850e-01	8.151570958575436732e-02	3.237082561276120041e-01	2.051727289982483715e-01	9.607395246783909104e-02	4.595085879416607039e-02	1.097984962213159749e-01
3.817000698574018315e+03	1.376984760156631238e-01	8.145859538176646042e-02	3.237662501664447801e-01	2.052065133625209370e-01	9.608706164804230176e-02	4.596334083779935603e-02	1.098197625870491051e-01
3.831514009214984981e+03	1.376184275117501021e-01	8.140251350877290848e-02	3.238232249436838739e-01	2.052397015743608333e-01	9.609988590830871591e-02	4.597559663085040715e-02	1.098406499215592164e-01
3.846027319855950282e+03	1.375398256474378578e-01	8.134744529380226463e-02	3.238791983854775181e-01	2.052723041609485488e-01	9.611243126076422782e-02	4.598763027179497004e-02	1.098611649790607325e-01
3.860540630496916037e+03	1.374626442598009535e-01	8.129337240189427050e-02	3.239341881023941605e-01	2.053043314633892780e-01	9.612470359333696868e-02	4.599944578500011344e-02	1.098813143934703751e-01
3.875053941137881793e+03	1.373868576594272362e-01	8.124027682997655986e-02	3.239882113949850706e-01	2.053357936400067307e-01	9.613670867228282790e-02	4.601104712205746766e-02	1.099011046805502129e-01
3.889567251778848004e+03	1.373124406218413918e-01	8.118814090085245405e-02	3.240412852592484683e-01	2.053667006695784059e-01	9.614845214466022361e-02	4.602243816309286445e-02	1.099205422400122700e-01
3.904080562419813759e+03	1.372393683790839591e-01	8.113694725729753143e-02	3.240934263919976188e-01	2.053970623545136598e-01	9.615993954075510719e-02	4.603362271805281486e-02	1.099396333575854007e-01
3.918593873060779970e+03	1.371676166114431938e-01	8.108667885626345828e-02	3.241446511961339483e-01	2.054268883239752097e-01	9.617117627645717370e-02	4.604460452796815817e-02	1.099583842070450401e-01
3.933107183701745726e+03	1.370971614393366456e-01	8.103731896318674965e-02	3.241949757858270664e-01	2.054561880369453197e-01	9.618216765558836034e-02	4.605538726619533285e-02	1.099768008522067075e-01
3.947620494342711936e+03	1.370279794153398401e-01	8.098885114640091976e-02	3.242444159916039736e-01	2.054849707852376139e-01	9.619291887218449355e-02	4.606597453963553329e-02	1.099948892488837593e-01
3.962133804983676782e+03	1.369600475163596787e-01	8.094125927164967649e-02	3.242929873653480066e-01	2.055132456964553489e-01	9.620343501273108389e-02	4.607636988993221716e-02	1.100126552468101565e-01
3.976647115624642538e+03	1.368933431359494191e-01	8.089452749669984177e-02	3.243407051852092438e-01	2.055410217368974501e-01	9.621372105835400423e-02	4.608657679464732426e-02	1.100301045915289128e-01
3.991160426265608749e+03	1.368278440767629611e-01	8.084864026605179110e-02	3.243875844604293124e-01	2.055683077144126181e-01	9.622378188696624479e-02	4.609659866841649828e-02	1.100472429262467911e-01
4.005673736906575414e+03	1.367635285431462178e-01	8.080358230574576084e-02	3.244336399360800427e-01	2.055951122812032239e-01	9.623362227537142488e-02	4.610643886408372083e-02	1.100640757936558051e-01
4.020187047547540715e+03	1.367003751338624062e-01	8.075933861826246896e-02	3.244788860977190215e-01	2.056214439365793012e-01	9.624324690132488036e-02	4.611610067381571171e-02	1.100806086377223714e-01
4.034700358188505561e+03	1.366383628349493728e-01	8.071589447751602309e-02	3.245233371759628782e-01	2.056473110296636597e-01	9.625266034555336747e-02	4.612558733019642143e-02	1.100968468054444455e-01
4.049213668829472226e+03	1.365774710127062030e-01	8.067323542393765867e-02	3.245670071509799137e-01	2.056727217620490655e-01	9.626186709373404926e-02	4.613490200730198387e-02	1.101127955485773358e-01
4.063726979470437527e+03	1.365176794068071464e-01	8.063134725964857252e-02	3.246099097569031255e-01	2.056976841904084030e-01	9.627087153843362499e-02	4.614404782175641345e-02	1.101284600253288753e-01
4.078240290111404192e+03	1.364589681235402197e-01	8.059021604372028358e-02	3.246520584861660730e-01	2.057222062290585129e-01	9.627967798100840746e-02	4.615302783376846324e-02	1.101438453020242014e-01
4.092753600752369493e+03	1.364013176291683505e-01	8.054982808752095269e-02	3.246934665937613040e-01	2.057462956524784836e-01	9.628829063346612538e-02	4.616184504814989376e-02	1.101589563547410583e-01
4.107266911393336159e+03	1.363447087434107863e-01	8.051016995014589894e-02	3.247341471014244529e-01	2.057699600977834775e-01	9.629671362029020021e-02	4.617050241531550636e-02	1.101737980709158599e-01
4.121780222034301914e+03	1.362891226330427696e-01	8.047122843393111902e-02	3.247741128017438417e-01	2.057932070671546210e-01	9.630495098022727463e-02	4.617900283226526043e-02	1.101883752509212749e-01
4.136293532675267670e+03	1.362345408056110929e-01	8.043299058004801938e-02	3.248133762621981391e-01	2.058160439302258171e-01	9.631300666803865873e-02	4.618734914354881427e-02	1.102026926096155990e-01
4.150806843316233426e+03	1.361809451032635621e-01	8.039544366417800125e-02	3.248519498291222996e-01	2.058384779264283426e-01	9.632088455621655443e-02	4.619554414221271887e-02	1.102167547778647033e-01
4.165320153957199182e+03	1.361283176966902597e-01	8.035857519226553836e-02	3.248898456316036687e-01	2.058605161672937001e-01	9.632858843666555759e-02	4.620359057073064601e-02	1.102305663040367978e-01
4.179833464598164937e+03	1.360766410791746650e-01	8.032237289634805433e-02	3.249270755853095327e-01	2.058821656387160026e-01	9.633612202235035393e-02	4.621149112191692138e-02	1.102441316554706174e-01
4.194346775239130693e+03	1.360258980607524371e-01	8.028682473046157286e-02	3.249636513962469997e-01	2.059034332031738912e-01	9.634348894891008042e-02	4.621924843982368192e-02	1.102574552199175745e-01
4.208860085880096449e+03	1.359760717624762250e-01	8.025191886662043361e-02	3.249995845644559345e-01	2.059243256019133994e-01	9.635069277624015716e-02	4.622686512062182396e-02	1.102705413069581530e-01
4.223373396521062205e+03	1.359271456107843112e-01	8.021764369086994972e-02	3.250348863876382222e-01	2.059448494570919885e-01	9.635773699004221426e-02	4.623434371346625549e-02	1.102833941493932268e-01
4.237886707162027960e+03	1.358791033319711461e-01	8.018398779941052212e-02	3.250695679647211955e-01	2.059650112738845851e-01	9.636462500334269654e-02	4.624168672134549435e-02	1.102960179046105493e-01
4.252400017802994626e+03	1.358319289467583846e-01	8.015093999479208642e-02	3.251036401993594449e-01	2.059848174425524259e-01	9.637136015798078437e-02	4.624889660191604940e-02	1.103084166559269580e-01
4.266913328443960381e+03	1.357856067649640674e-01	8.011848928217746302e-02	3.251371138033746222e-01	2.060042742404751270e-01	9.637794572606635246e-02	4.625597576832175817e-02	1.103205944139067779e-01
4.281426639084926137e+03	1.357401213802684192e-01	8.008662486567344474e-02	3.251699993001337941e-01	2.060233878341468927e-01	9.638438491140839670e-02	4.626292658999844182e-02	1.103325551176567720e-01
4.295939949725891893e+03	1.356954576650745981e-01	8.005533614472838677e-02	3.252023070278693417e-01	2.060421642811372522e-01	9.639068085091460902e-02	4.626975139346401616e-02	1.103443026360979573e-01
4.310453260366857648e+03	1.356516007654623435e-01	8.002461271059504999e-02	3.252340471429394642e-01	2.060606095320171027e-01	9.639683661596271103e-02	4.627645246309444044e-02	1.103558407692150495e-01
4.324966571007824314e+03	1.356085360962333286e-01	7.999444434285758743e-02	3.252652296230313378e-01	2.060787294322507235e-01	9.640285521374407363e-02	4.628303204188565639e-02	1.103671732492834262e-01
4.339479881648789160e+03	1.355662493360460519e-01	7.996482100602139709e-02	3.252958642703080994e-01	2.060965297240540950e-01	9.640873958858010850e-02	4.628949233220183701e-02	1.103783037420745100e-01
4.353993192289754006e+03	1.355247264226390469e-01	7.993573284616482810e-02	3.253259607144998178e-01	2.061140160482205774e-01	9.641449262321206970e-02	4.629583549651018065e-02	1.103892358480395436e-01
4.368506502930720671e+03	1.354839535481404678e-01	7.990717018765153279e-02	3.253555284159402872e-01	2.061311939459140596e-01	9.642011714006483436e-02	4.630206365810237562e-02	1.103999731034724791e-01
4.383019813571686427e+03	1.354439171544628284e-01	7.987912352990239606e-02	3.253845766685501961e-01	2.061480688604303002e-01	9.642561590248500958e-02	4.630817890180320001e-02	1.104105189816520921e-01
4.397533124212653092e+03	1.354046039287810088e-01	7.985158354422595972e-02	3.254131146027673949e-01	2.061646461389274598e-01	9.643099161595407309e-02	4.631418327466624990e-02	1.104208768939638347e-01
4.412046434853618848e+03	1.353660007990923064e-01	7.982454107070627303e-02	3.254411511884260921e-01	2.061809310341254919e-01	9.643624692927692255e-02	4.632007878665719836e-02	1.104310501910017728e-01
4.426559745494584604e+03	1.353280949298568403e-01	7.979798711514717036e-02	3.254686952375844267e-01	2.061969287059757794e-01	9.644138443574630515e-02	4.632586741132466851e-02	1.104410421636508599e-01
4.441073056135550360e+03	1.352908737177170029e-01	7.977191284607185184e-02	3.254957554073030779e-01	2.062126442233011558e-01	9.644640667428383551e-02	4.633155108645908155e-02	1.104508560441500586e-01
4.455586366776516115e+03	1.352543247872944887e-01	7.974630959177682332e-02	3.255223402023741941e-01	2.062280825654067284e-01	9.645131613055775432e-02	4.633713171473961140e-02	1.104604950071365055e-01
4.470099677417481871e+03	1.352184359870632624e-01	7.972116883743936289e-02	3.255484579780024146e-01	2.062432486236625007e-01	9.645611523807803844e-02	4.634261116436940581e-02	1.104699621706711904e-01
4.484612988058447627e+03	1.351831953852975499e-01	7.969648222227716794e-02	3.255741169424385961e-01	2.062581472030576291e-01	9.646080637926948698e-02	4.634799126969946226e-02	1.104792605972462899e-01
4.499126298699412473e+03	1.351485912660930766e-01	7.967224153675965537e-02	3.255993251595673543e-01	2.062727830237274518e-01	9.646539188652283880e-02	4.635327383184115191e-02	1.104883932947746811e-01
4.513639609340379138e+03	1.351146121254604149e-01	7.964843871986965196e-02	3.256240905514484751e-01	2.062871607224532888e-01	9.646987404322475423e-02	4.635846061926775230e-02	1.104973632175618586e-01
4.528152919981345804e+03	1.350812466674890799e-01	7.962506585641482282e-02	3.256484209008139730e-01	2.063012848541358191e-01	9.647425508476681344e-02	4.636355336840509989e-02	1.105061732672604907e-01
4.542666230622311559e+03	1.350484838005812649e-01	7.960211517438768591e-02	3.256723238535209064e-01	2.063151598932423669e-01	9.647853719953412843e-02	4.636855378421159829e-02	1.105148262938081410e-01
