1.693219574779349159e+02	5.763983402013543866e-01	2.949245031248704518e-01	5.871160196688193778e-02	2.912128311939005121e-02	2.139421303157535911e-02	9.537065085996103420e-03	9.912993469864130394e-03
1.741597276915902057e+02	5.704203681127446579e-01	2.967913622422094777e-01	6.044795055164306485e-02	3.030075455102761162e-02	2.204110512541625558e-02	9.601185745649366832e-03	1.039727367124196507e-02
1.789974979052454671e+02	5.647258744496204130e-01	2.984238142434697538e-01	6.216532108412856777e-02	3.146485567073030454e-02	2.267237929994665377e-02	9.667653420514357721e-03	1.088010183152240962e-02
1.838352681189008138e+02	5.592952507601666179e-01	2.998393489525459366e-01	6.386446999549255654e-02	3.261424983462245936e-02	2.328879099599911670e-02	9.736377599272191818e-03	1.136151186183355193e-02
1.886730383325560467e+02	5.541102985256465274e-01	3.010541906627018371e-01	6.554610038709902942e-02	3.374955606198532659e-02	2.389105043423723346e-02	9.807271293279665528e-03	1.184153263498274704e-02
1.935108085462113081e+02	5.491541274556694940e-01	3.020833894806438935e-01	6.721086597736410095e-02	3.487135219066488101e-02	2.447982557772735920e-02	9.880250871697146900e-03	1.232018844616535221e-02
1.983485787598666263e+02	5.444110611218783147e-01	3.029409060791017350e-01	6.885937475930643814e-02	3.598017780567895618e-02	2.505574489082510944e-02	9.955235905711684249e-03	1.279749943742996415e-02
2.031863489735219162e+02	5.398665494005425725e-01	3.036396903335467634e-01	7.049219238984302804e-02	3.707653695736531918e-02	2.561939990873486270e-02	1.003214902129074236e-02	1.327348198860897090e-02
2.080241191871772060e+02	5.355070872327529763e-01	3.041917542843609601e-01	7.210984533034395239e-02	3.816090068423404202e-02	2.617134763107585929e-02	1.011091575993968393e-02	1.374814907722475554e-02
2.128618894008324673e+02	5.313201392463637873e-01	3.046082398339218233e-01	7.371282375654628072e-02	3.923370935459390141e-02	2.671211275183745654e-02	1.019146444697119000e-02	1.422151060969785961e-02
2.176996596144877287e+02	5.272940698167188911e-01	3.048994815585260310e-01	7.530158425461594418e-02	4.029537484000812048e-02	2.724218973722310547e-02	1.027372606682741552e-02	1.469357372601272707e-02
2.225374298281430470e+02	5.234180781737234334e-01	3.050750649876578513e-01	7.687655231892999430e-02	4.134628253269326259e-02	2.776204476206319341e-02	1.035763414502609281e-02	1.516434307983844341e-02
2.273752000417983652e+02	5.196821381911328475e-01	3.051438806776733403e-01	7.843812466602313738e-02	4.238679321810160522e-02	2.827211751471620307e-02	1.044312463633004055e-02	1.563382109595505901e-02
2.322129702554535982e+02	5.160769425202123006e-01	3.051141743833701292e-01	7.998667137809531424e-02	4.341724481311701883e-02	2.877282287967138433e-02	1.053013581876587404e-02	1.610200820670005736e-02
2.370507404691088880e+02	5.125938507542912026e-01	3.049935936090160671e-01	8.152253788850635785e-02	4.443795397954214410e-02	2.926455250641070774e-02	1.061860819314223124e-02	1.656890306902336976e-02
2.418885106827641494e+02	5.092248413333608781e-01	3.047892308000899608e-01	8.304604682078207956e-02	4.544921762185702430e-02	2.974767627247925858e-02	1.070848438774064590e-02	1.703450276362225568e-02
2.467262808964194392e+02	5.059624669188490520e-01	3.045076634181394515e-01	8.455749969182077552e-02	4.645131427758190240e-02	3.022254364814834157e-02	1.079970906787345447e-02	1.749880297751904221e-02
2.515640511100747290e+02	5.027998129881776634e-01	3.041549911236662851e-01	8.605717848921383417e-02	4.744450540797617161e-02	3.068948496953110769e-02	1.089222885002293952e-02	1.796179817134399906e-02
2.564018213237300188e+02	4.997304594167770730e-01	3.037368702757223260e-01	8.754534713187420158e-02	4.842903659624796242e-02	3.114881262652359484e-02	1.098599222029436259e-02	1.842348173249247836e-02
2.612395915373852517e+02	4.967484448319949841e-01	3.032585459418412621e-01	8.902225282250009197e-02	4.940513865993180487e-02	3.160082217149207812e-02	1.108094945693272049e-02	1.888384611523899123e-02
2.660773617510405415e+02	4.938482335388923450e-01	3.027248815979581842e-01	9.048812729978175651e-02	5.037302868361185487e-02	3.204579335420795760e-02	1.117705255666907524e-02	1.934288296881071789e-02
2.709151319646958882e+02	4.910246848323490121e-01	3.021403866850076447e-01	9.194318799768490258e-02	5.133291097772270384e-02	3.248399108814165048e-02	1.127425516467727394e-02	1.980058325434872965e-02
2.757529021783511780e+02	4.882730245232947963e-01	3.015092421768604813e-01	9.338763911861215627e-02	5.228497796874707892e-02	3.291566635286546916e-02	1.137251250793575030e-02	2.025693735161621448e-02
2.805906723920064678e+02	4.855888185193036333e-01	3.008353243031025026e-01	9.482167262674953689e-02	5.322941102574577088e-02	3.334105703697905904e-02	1.147178133180211390e-02	2.071193515624935103e-02
2.854284426056617008e+02	4.829679483113177296e-01	3.001222265598004202e-01	9.624546916744661229e-02	5.416638122780000064e-02	3.376038872565970128e-02	1.157201983962031881e-02	2.116556616828708937e-02
2.902662128193169337e+02	4.804065882289644818e-01	2.993732801317949832e-01	9.765919891805403819e-02	5.509605007661586701e-02	3.417387543664956312e-02	1.167318763519151203e-02	2.161781957266143556e-02
2.951039830329722804e+02	4.779011843368519141e-01	2.985915728411450698e-01	9.906302237524766685e-02	5.601857015823465819e-02	3.458172030822351944e-02	1.177524566795016756e-02	2.206868431227890920e-02
2.999417532466276270e+02	4.754484348534383509e-01	2.977799667280776608e-01	1.004570910835026198e-01	5.693408575750837780e-02	3.498411624243114026e-02	1.187815618069697210e-02	2.251814915427675229e-02
3.047795234602828600e+02	4.730452719826148122e-01	2.969411143631215944e-01	1.018415483090415602e-01	5.784273342873624824e-02	3.538124650667467258e-02	1.198188265974907407e-02	2.296620274999382899e-02
3.096172936739380930e+02	4.706888450560650639e-01	2.960774739819849177e-01	1.032165296632664986e-01	5.874464252561328870e-02	3.577328529646944810e-02	1.208638978737688885e-02	2.341283368915567445e-02
3.144550638875934396e+02	4.683765048918249185e-01	2.951913235281266035e-01	1.045821636793917014e-01	5.963993569341505957e-02	3.616039826203306523e-02	1.219164339640463855e-02	2.385803054873571541e-02
3.192928341012487294e+02	4.661057892812861536e-01	2.942847736818461901e-01	1.059385723457241801e-01	6.052872932613193729e-02	3.654274300116403668e-02	1.229761042685926890e-02	2.430178193691983138e-02
3.241306043149040192e+02	4.638744095232218978e-01	2.933597799490243463e-01	1.072858715987877465e-01	6.141113399107091253e-02	3.692046952069798910e-02	1.240425888455936113e-02	2.474407653256939163e-02
3.289683745285592522e+02	4.616802379292864744e-01	2.924181538773715783e-01	1.086241717792527373e-01	6.228725482326146617e-02	3.729372066866924046e-02	1.251155780154218980e-02	2.518490312054797939e-02
3.338061447422145420e+02	4.595212962308937721e-01	2.914615734631462174e-01	1.099535780534184742e-01	6.315719189183384430e-02	3.766263253915681786e-02	1.261947719823313004e-02	2.562425062324938732e-02
3.386439149558698318e+02	4.573957448224353350e-01	2.904915928067582365e-01	1.112741908027942705e-01	6.402104054038182390e-02	3.802733485165557537e-02	1.272798804726735060e-02	2.606210812863897844e-02
3.434816851695251216e+02	4.553018727804926669e-01	2.895096510714615934e-01	1.125861059841395673e-01	6.487889170317728826e-02	3.838795130668473665e-02	1.283706223887901531e-02	2.649846491509665752e-02
3.483194553831804114e+02	4.532380886030528688e-01	2.885170807954255956e-01	1.138894154621509502e-01	6.573083219896921903e-02	3.874459991922682423e-02	1.294667254777822317e-02	2.693331047332787193e-02
3.531572255968357013e+02	4.512029116167767251e-01	2.875151156038469047e-01	1.151842073168242997e-01	6.657694500397537407e-02	3.909739333147910223e-02	1.305679260144054429e-02	2.736663452558865325e-02
3.579949958104909342e+02	4.491949640041162928e-01	2.865048973643978814e-01	1.164705661273719023e-01	6.741730950555864521e-02	3.944643910629659633e-02	1.316739684973839558e-02	2.779842704245188978e-02
3.628327660241463377e+02	4.472129634055581060e-01	2.854874828261811381e-01	1.177485732344367847e-01	6.825200173797316139e-02	3.979184000261017096e-02	1.327846053584756485e-02	2.822867825732459576e-02
3.676705362378016275e+02	4.452557160554945215e-01	2.844638497794625964e-01	1.190183069822192963e-01	6.908109460146513725e-02	4.013369423401413894e-02	1.338995966836597704e-02	2.865737867890983184e-02
3.725083064514568036e+02	4.433221104132199497e-01	2.834349027707654955e-01	1.202798429420121884e-01	6.990465806592120745e-02	4.047209571163531971e-02	1.350187099458546175e-02	2.908451910179184891e-02
3.773460766651120935e+02	4.414111112533278813e-01	2.824014784054124094e-01	1.215332541185315390e-01	7.072275936017105580e-02	4.080713427231862783e-02	1.361417197486052000e-02	2.951009061530943112e-02
3.821838468787673833e+02	4.395217541823611684e-01	2.813643502672867891e-01	1.227786111403284669e-01	7.153546314797157302e-02	4.113889589309288608e-02	1.372684075802129908e-02	2.993408461086928887e-02
3.870216170924226162e+02	4.376531405509603290e-01	2.803242334834375460e-01	1.240159824354727103e-01	7.234283169162579463e-02	4.146746289281439540e-02	1.383985615778093002e-02	3.035649278783981303e-02
3.918593873060780197e+02	4.358044327329742562e-01	2.792817889591560077e-01	1.252454343936115211e-01	7.314492500412142495e-02	4.179291412182391946e-02	1.395319763009008653e-02	3.077730715815429202e-02
3.966971575197332527e+02	4.339748497450554021e-01	2.782376273073070561e-01	1.264670315154264868e-01	7.394180099060994327e-02	4.211532514039566938e-02	1.406684525139426448e-02	3.119652004974268408e-02
4.015349277333884856e+02	4.321636631821738073e-01	2.771923124939775218e-01	1.276808365504351894e-01	7.473351557998841876e-02	4.243476838670341700e-02	1.418077969775169769e-02	3.161412410890154095e-02
4.063726979470438323e+02	4.303701934462551559e-01	2.761463652209148467e-01	1.288869106240156381e-01	7.552012284729120450e-02	4.275131333497948771e-02	1.429498222477207543e-02	3.203011230170310641e-02
4.112104681606991221e+02	4.285938062467943288e-01	2.751002660637517638e-01	1.300853133544662144e-01	7.630167512754806869e-02	4.306502664449628204e-02	1.440943464833841989e-02	3.244447791453644592e-02
4.160482383743544119e+02	4.268339093538204843e-01	2.740544583836396209e-01	1.312761029608539853e-01	7.707822312171776213e-02	4.337597229995709958e-02	1.452411932607643869e-02	3.285721455386610840e-02
4.208860085880095880e+02	4.250899495850069543e-01	2.730093510286445979e-01	1.324593363623492170e-01	7.784981599526269447e-02	4.368421174384340411e-02	1.463901913953759293e-02	3.326831614528702463e-02
4.257237788016648778e+02	4.233614100100320798e-01	2.719653208400782951e-01	1.336350692696917364e-01	7.861650146988935495e-02	4.398980400122847606e-02	1.475411747706387687e-02	3.367777693194769217e-02
4.305615490153201677e+02	4.216478073565160800e-01	2.709227149778408728e-01	1.348033562693874143e-01	7.937832590894182416e-02	4.429280579753300945e-02	1.486939821730399666e-02	3.408559147240825676e-02
4.353993192289755143e+02	4.199486896029914207e-01	2.698818530778383518e-01	1.359642509011887435e-01	8.013533439690014026e-02	4.459327166966628453e-02	1.498484571335217085e-02	3.449175463799430269e-02
4.402370894426308041e+02	4.182636337454109787e-01	2.688430292535932686e-01	1.371178057293723773e-01	8.088757081340348931e-02	4.489125407096661302e-02	1.510044477748228101e-02	3.489626160970227958e-02
4.450748596562860939e+02	4.165922437246747378e-01	2.678065139532935790e-01	1.382640724082886685e-01	8.163507790218769988e-02	4.518680347032709432e-02	1.521618066645149051e-02	3.529910787470797590e-02
4.499126298699413837e+02	4.149341485035570876e-01	2.667725556827125200e-01	1.394031017426224095e-01	8.237789733529848890e-02	4.547996844586701254e-02	1.533203906734874160e-02	3.570028922252493214e-02
4.547504000835967304e+02	4.132890002822560693e-01	2.657413826036808535e-01	1.405349437427724779e-01	8.311606977291610687e-02	4.577079577348498046e-02	1.544800608396479369e-02	3.609980174085591909e-02
4.595881702972519065e+02	4.116564728425636255e-01	2.647132040170920297e-01	1.416596476757260581e-01	8.384963491910311928e-02	4.605933051060791261e-02	1.556406822366160694e-02	3.649764181117685219e-02
4.644259405109071963e+02	4.100362600113769962e-01	2.636882117387749358e-01	1.427772621117769369e-01	8.457863157376424579e-02	4.634561607542885681e-02	1.568021238471999784e-02	3.689380610408921068e-02
4.692637107245624861e+02	4.084280742349415960e-01	2.626665813759658241e-01	1.438878349674099499e-01	8.530309768108693125e-02	4.662969432190749997e-02	1.579642584414550285e-02	3.728829157447387938e-02
4.741014809382177759e+02	4.068316452558360941e-01	2.616484735115541804e-01	1.449914135446501995e-01	8.602307037471171314e-02	4.691160561078910191e-02	1.591269624591339429e-02	3.768109545647644471e-02
4.789392511518730657e+02	4.052467188852884039e-01	2.606340348027586518e-01	1.460880445671531025e-01	8.673858601986393635e-02	4.719138887688088813e-02	1.602901158963465286e-02	3.807221525835138842e-02
4.837770213655284124e+02	4.036730558639438637e-01	2.596233990004098158e-01	1.471777742132909239e-01	8.744968025266135203e-02	4.746908169280926459e-02	1.614536021962563461e-02	3.846164875719011028e-02
4.886147915791837022e+02	4.021104308047053766e-01	2.586166878945694858e-01	1.482606481464716908e-01	8.815638801679727410e-02	4.774472032946663197e-02	1.626173081436498372e-02	3.884939399355553241e-02
4.934525617928388783e+02	4.005586312117239700e-01	2.576140121918041870e-01	1.493367115429094782e-01	8.885874359778414555e-02	4.801833981334321239e-02	1.637811237632206748e-02	3.923544926604389388e-02
4.982903320064942250e+02	3.990174565700468357e-01	2.566154723290459128e-01	1.504060091170476288e-01	8.955678065492964079e-02	4.828997398092642335e-02	1.649449422214197339e-02	3.961981312579246350e-02
5.031281022201495148e+02	3.974867175008251485e-01	2.556211592286173340e-01	1.514685851448218934e-01	9.025053225120471811e-02	4.855965553033871063e-02	1.661086597317287458e-02	4.000248437095018511e-02
5.079658724338048046e+02	3.959662349773520607e-01	2.546311549986681189e-01	1.525244834849362741e-01	9.094003088115187872e-02	4.882741607037392045e-02	1.672721754632204919e-02	4.038346204112658322e-02
5.128036426474600376e+02	3.944558395975434339e-01	2.536455335829633229e-01	1.535737475983108558e-01	9.162530849697121671e-02	4.909328616708167475e-02	1.684353914522768864e-02	4.076274541183275840e-02
5.176414128611153274e+02	3.929553709087887925e-01	2.526643613636797570e-01	1.546164205658493440e-01	9.230639653291186630e-02	4.935729538804024125e-02	1.695982125173400509e-02	4.114033398892701782e-02
5.224791830747705035e+02	3.914646767813954598e-01	2.516876977206021215e-01	1.556525451046625041e-01	9.298332592808770947e-02	4.961947234444900184e-02	1.707605461765786259e-02	4.151622750307634030e-02
5.273169532884259070e+02	3.899836128271201852e-01	2.507155955498673316e-01	1.566821635828730963e-01	9.365612714782736714e-02	4.987984473116365697e-02	1.719223025683560072e-02	4.189042590424377904e-02
5.321547235020811968e+02	3.885120418595360281e-01	2.497481017451760321e-01	1.577053180331188798e-01	9.432483020366069781e-02	5.013843936478945551e-02	1.730833943743926087e-02	4.226292935621070446e-02
5.369924937157364866e+02	3.870498333932169133e-01	2.487852576441817731e-01	1.587220501648607396e-01	9.498946467203699118e-02	5.039528221994060697e-02	1.742437367455185182e-02	4.263373823114212369e-02
5.418302639293917764e+02	3.855968631789400414e-01	2.478270994425718077e-01	1.597324013755952177e-01	9.565005971186292533e-02	5.065039846376720445e-02	1.754032472299183257e-02	4.300285310420199486e-02
5.466680341430470662e+02	3.841530127723077892e-01	2.468736585781713122e-01	1.607364127610623750e-01	9.630664408094237461e-02	5.090381248884483928e-02	1.765618457037730626e-02	4.337027474822499618e-02
5.515058043567023560e+02	3.827181691333793045e-01	2.459249620872361319e-01	1.617341251245342226e-01	9.695924615139403513e-02	5.115554794451611376e-02	1.777194543042093927e-02	4.373600412845024543e-02
5.563435745703576458e+02	3.812922242550745300e-01	2.449810329349414173e-01	1.627255789852607160e-01	9.760789392411768628e-02	5.140562776676792928e-02	1.788759973644688667e-02	4.410004239732189663e-02
5.611813447840129356e+02	3.798750748182757597e-01	2.440418903219297997e-01	1.637108145861452813e-01	9.825261504237477184e-02	5.165407420672313288e-02	1.800314013512150507e-02	4.446239088936077694e-02
5.660191149976681118e+02	3.784666218717018804e-01	2.431075499686473074e-01	1.646898719007164336e-01	9.889343680454412699e-02	5.190090885782056712e-02	1.811855948038986613e-02	4.482305111611085968e-02
5.708568852113234016e+02	3.770667705347674481e-01	2.421780243790709330e-01	1.656627906394559369e-01	9.953038617610983352e-02	5.214615268175291918e-02	1.823385082761048992e-02	4.518202476116355004e-02
5.756946554249786914e+02	3.756754297217700378e-01	2.412533230853163846e-01	1.666296102555399339e-01	1.001634898009334529e-01	5.238982603322767800e-02	1.834900742788099851e-02	4.553931367526260765e-02
5.805324256386339812e+02	3.742925118858675959e-01	2.403334528745063314e-01	1.675903699500449484e-01	1.007927740118600146e-01	5.263194868361262269e-02	1.846402272254771271e-02	4.589491987149182939e-02
5.853701958522892710e+02	3.729179327814184375e-01	2.394184179991802330e-01	1.685451086766660278e-01	1.014182648407028625e-01	5.287253984352366376e-02	1.857889033789250979e-02	4.624884552054736586e-02
5.902079660659445608e+02	3.715516112433597251e-01	2.385082203724346317e-01	1.694938651459911294e-01	1.020399880276497279e-01	5.311161818440932048e-02	1.869360407999045778e-02	4.660109294609610098e-02
5.950457362795999643e+02	3.701934689823963565e-01	2.376028597488965832e-01	1.704366778293722462e-01	1.026579690301293452e-01	5.334920185918314017e-02	1.880815792973212705e-02	4.695166462022124648e-02
5.998835064932552541e+02	3.688434303948598947e-01	2.367023338925532683e-01	1.713735849624300756e-01	1.032722330311749981e-01	5.358530852195217409e-02	1.892254603800464299e-02	4.730056315895603963e-02
6.047212767069104302e+02	3.675014223861797213e-01	2.358066387323873303e-01	1.723046245482263705e-01	1.038828049473189130e-01	5.381995534688698013e-02	1.903676272102577602e-02	4.764779131790600891e-02
6.095590469205657200e+02	3.661673742069857518e-01	2.349157685066989854e-01	1.732298343601355040e-01	1.044897094360490580e-01	5.405315904627600032e-02	1.915080245582564608e-02	4.799335198796020330e-02
6.143968171342210098e+02	3.648412173009308868e-01	2.340297158969315561e-01	1.741492519444441389e-01	1.050929709028576020e-01	5.428493588780461399e-02	1.926465987587080639e-02	4.833724819109150306e-02
6.192345873478761860e+02	3.635228851633897085e-01	2.331484721517595449e-01	1.750629146227049293e-01	1.056926135079083590e-01	5.451530171109705836e-02	1.937832976682564434e-02	4.867948307624583859e-02
6.240723575615315895e+02	3.622123132102482157e-01	2.322720272021419063e-01	1.759708594938691195e-01	1.062886611723483782e-01	5.474427194355702825e-02	1.949180706244631189e-02	4.902005991532011608e-02
6.289101277751868793e+02	3.609094386560582346e-01	2.314003697679939686e-01	1.768731234362196092e-01	1.068811375842873973e-01	5.497186161554101780e-02	1.960508684060250154e-02	4.935898209922838509e-02
6.337478979888421691e+02	3.596142004008806570e-01	2.305334874570832138e-01	1.777697431091255775e-01	1.074700662044669325e-01	5.519808537489633016e-02	1.971816431942262707e-02	4.969625313405568595e-02
6.385856682024975726e+02	3.583265389251923394e-01	2.296713668567112177e-01	1.786607549546367635e-01	1.080554702716394755e-01	5.542295750089414746e-02	1.983103485355811740e-02	5.003187663729886242e-02
6.434234384161527487e+02	3.570463961922746843e-01	2.288139936187025825e-01	1.795461951989346661e-01	1.086373728076765882e-01	5.564649191758620078e-02	1.994369393056267051e-02	5.036585633419352753e-02
6.482612086298080385e+02	3.557737155575449450e-01	2.279613525381850303e-01	1.804260998536562632e-01	1.092157966224237275e-01	5.586870220661213637e-02	2.005613716738254698e-02	5.069819605412626690e-02
6.530989788434633283e+02	3.545084416843306552e-01	2.271134276266094099e-01	1.813005047171045991e-01	1.097907643183179266e-01	5.608960161948317591e-02	2.016836030695401405e-02	5.102889972713107319e-02
6.579367490571185044e+02	3.532505204656223863e-01	2.262702021794257279e-01	1.821694453753592291e-01	1.103622982947838754e-01	5.630920308936628038e-02	2.028035921490433519e-02	5.135797138046897803e-02
6.627745192707737942e+02	3.519998989513743459e-01	2.254316588388018405e-01	1.830329572032980412e-01	1.109304207524223901e-01	5.652751924239182019e-02	2.039212987635274227e-02	5.168541513528963904e-02
6.676122894844290840e+02	3.507565252809531353e-01	2.245977796517431291e-01	1.838910753655419450e-01	1.114951536970044538e-01	5.674456240850640765e-02	2.050366839280794856e-02	5.201123520337377210e-02
6.724500596980843738e+02	3.495203486203642962e-01	2.237685461239457829e-01	1.847438348173317257e-01	1.120565189432833619e-01	5.696034463189149355e-02	2.061497097915901064e-02	5.233543588395515173e-02
6.772878299117396637e+02	3.482913191039119227e-01	2.229439392696922206e-01	1.855912703053460844e-01	1.126145381186361843e-01	5.717487768096731621e-02	2.072603396075627796e-02	5.265802156062084072e-02
6.821256001253949535e+02	3.470693877799727600e-01	2.221239396580746983e-01	1.864334163684695234e-01	1.131692326665452580e-01	5.738817305800063273e-02	2.083685377057949498e-02	5.297899669828838587e-02
6.869633703390502433e+02	3.458545065605885815e-01	2.213085274558133919e-01	1.872703073385165728e-01	1.137206238499297445e-01	5.760024200833379487e-02	2.094742694649006157e-02	5.329836584025860607e-02
6.918011405527055331e+02	3.446466281746010663e-01	2.204976824669145075e-01	1.881019773409197404e-01	1.142687327543363413e-01	5.781109552925192685e-02	2.105775012856465206e-02	5.361613360534253636e-02
6.966389107663608229e+02	3.434457061240757669e-01	2.196913841693977354e-01	1.889284602953867909e-01	1.148135802909978631e-01	5.802074437850388705e-02	2.116782005650747617e-02	5.393230468506123726e-02
7.014766809800161127e+02	3.422516946437770269e-01	2.188896117493048521e-01	1.897497899165334345e-01	1.153551871997676864e-01	5.822919908249220289e-02	2.127763356713856593e-02	5.424688384091699844e-02
7.063144511936714025e+02	3.410645486634753532e-01	2.180923441321864498e-01	1.905659997144951989e-01	1.158935740519375784e-01	5.843646994414612023e-02	2.138718759195557331e-02	5.455987590173449336e-02
7.111522214073266923e+02	3.398842237728830762e-01	2.172995600122491211e-01	1.913771229955241182e-01	1.164287612529457117e-01	5.864256705049147173e-02	2.149647915476662896e-02	5.487128576107055955e-02
7.159899916209819821e+02	3.387106761890293916e-01	2.165112378793329073e-01	1.921831928625735153e-01	1.169607690449816773e-01	5.884750027993020105e-02	2.160550536939192731e-02	5.518111837469108494e-02
7.208277618346371582e+02	3.375438627258990909e-01	2.157273560438758009e-01	1.929842422158743187e-01	1.174896175094941875e-01	5.905127930924180396e-02	2.171426343743179319e-02	5.548937875811365411e-02
7.256655320482924481e+02	3.363837407661730561e-01	2.149478926600114637e-01	1.937803037535066886e-01	1.180153265696074205e-01	5.925391362031851711e-02	2.182275064609901644e-02	5.579607198421449726e-02
7.305033022619478515e+02	3.352302682349184160e-01	2.141728257469351082e-01	1.945714099719690615e-01	1.185379159924510872e-01	5.945541250664523880e-02	2.193096436611338337e-02	5.610120318089838187e-02
7.353410724756030277e+02	3.340834035750891995e-01	2.134021332086635248e-01	1.953575931667474175e-01	1.190574053914092711e-01	5.965578507953484683e-02	2.203890204965636493e-02	5.640477752882998991e-02
7.401788426892584312e+02	3.329431057247070336e-01	2.126357928523051055e-01	1.961388854328873499e-01	1.195738142282925104e-01	5.985504027412905798e-02	2.214656122838401173e-02	5.670680025922551076e-02
7.450166129029136073e+02	3.318093340956013715e-01	2.118737824049485019e-01	1.969153186655696885e-01	1.200871618154375486e-01	6.005318685517438415e-02	2.225393951149615829e-02	5.700727665170290948e-02
7.498543831165690108e+02	3.306820485535967857e-01	2.111160795292697789e-01	1.976869245606930614e-01	1.205974673177386131e-01	6.025023342258246928e-02	2.236103458386013570e-02	5.730621203218968368e-02
7.546921533302243006e+02	3.295612094000447967e-01	2.103626618379511315e-01	1.984537346154631732e-01	1.211047497546140495e-01	6.044618841678343207e-02	2.246784420418720951e-02	5.760361177088668683e-02
7.595299235438793630e+02	3.284467773546024261e-01	2.096135069069975099e-01	1.992157801289911878e-01	1.216090280019118119e-01	6.064106012388071482e-02	2.257436620326008433e-02	5.789948128028671315e-02
7.643676937575347665e+02	3.273387135391685465e-01	2.088685922880313128e-01	1.999730922029018254e-01	1.221103207937570545e-01	6.083485668061532764e-02	2.268059848220980654e-02	5.819382601324654680e-02
7.692054639711900563e+02	3.262369794628955377e-01	2.081278955196390612e-01	2.007257017419520895e-01	1.226086467243448080e-01	6.102758607914716971e-02	2.278653901084049319e-02	5.848665146111123314e-02
7.740432341848452324e+02	3.251415370081986445e-01	2.073913941378392189e-01	2.014736394546614850e-01	1.231040242496807269e-01	6.121925617166064371e-02	2.289218582600037813e-02	5.877796315188921900e-02
7.788810043985006359e+02	3.240523484176917601e-01	2.066590656857350827e-01	2.022169358539544215e-01	1.235964716892725135e-01	6.140987467480156503e-02	2.299753702999769722e-02	5.906776664847722402e-02
7.837187746121558121e+02	3.229693762819835223e-01	2.059308877224118317e-01	2.029556212578148555e-01	1.240860072277744919e-01	6.159944917395199226e-02	2.310259078905997979e-02	5.935606754693360104e-02
7.885565448258112156e+02	3.218925835282716585e-01	2.052068378311329433e-01	2.036897257899542291e-01	1.245726489165877304e-01	6.178798712734938359e-02	2.320734533183539325e-02	5.964287147479890860e-02
7.933943150394665054e+02	3.208219334096795161e-01	2.044868936268869897e-01	2.044192793804923136e-01	1.250564146754178652e-01	6.197549587005605348e-02	2.331179894793479132e-02	5.992818408946268272e-02
7.982320852531219089e+02	3.197573894952806528e-01	2.037710327633319995e-01	2.051443117666517102e-01	1.255373222937926914e-01	6.216198261778486250e-02	2.341594998651322368e-02	6.021201107657511015e-02
8.030698554667769713e+02	3.186989156607630269e-01	2.030592329391814888e-01	2.058648524934654778e-01	1.260153894325414525e-01	6.234745447058667039e-02	2.351979685488962690e-02	6.049435814850252779e-02
8.079076256804323748e+02	3.176464760796871012e-01	2.023514719040729049e-01	2.065809309144985839e-01	1.264906336252376584e-01	6.253191841640477755e-02	2.362333801720355175e-02	6.077523104282567951e-02
8.127453958940876646e+02	3.166000352152953390e-01	2.016477274639559558e-01	2.072925761925828170e-01	1.269630722796070976e-01	6.271538133450169084e-02	2.372657199310771597e-02	6.105463552087965484e-02
8.175831661077428407e+02	3.155595578128340128e-01	2.009479774860364609e-01	2.079998173005647988e-01	1.274327226789025158e-01	6.289784999876281424e-02	2.382949735649533829e-02	6.133257736633432322e-02
8.224209363213982442e+02	3.145250088923505216e-01	2.002521999033076983e-01	2.087026830220676255e-01	1.278996019832468189e-01	6.307933108088201180e-02	2.393211273426110522e-02	6.160906238381443772e-02
8.272587065350534203e+02	3.134963537419330759e-01	1.995603727186998355e-01	2.094012019522651646e-01	1.283637272309457733e-01	6.325983115343329632e-02	2.403441680509478887e-02	6.188409639755820812e-02
8.320964767487085965e+02	3.124735579113607775e-01	1.988724740088750886e-01	2.100954024986694257e-01	1.288251153397717286e-01	6.343935669283320977e-02	2.413640829830647136e-02	6.215768525011344803e-02
8.369342469623640000e+02	3.114565872061347274e-01	1.981884819276949761e-01	2.107853128819303645e-01	1.292837831082195299e-01	6.361791408219770461e-02	2.423808599268242880e-02	6.242983480107038019e-02
8.417720171760191761e+02	3.104454076818642938e-01	1.975083747093833719e-01	2.114709611366478725e-01	1.297397472167361177e-01	6.379550961409774512e-02	2.433944871537074492e-02	6.270055092582997591e-02
8.466097873896745796e+02	3.094399856389821735e-01	1.968321306714077568e-01	2.121523751121958401e-01	1.301930242289242590e-01	6.397214949321736177e-02	2.444049534079568986e-02	6.296983951440709992e-02
8.514475576033297557e+02	3.084402876177656516e-01	1.961597282170998158e-01	2.128295824735574882e-01	1.306436305927220487e-01	6.414783983891768349e-02	2.454122478960007320e-02	6.323770647026746849e-02
8.562853278169851592e+02	3.074462803936424127e-01	1.954911458380340639e-01	2.135026107021722186e-01	1.310915826415588736e-01	6.432258668771050070e-02	2.464163602761464469e-02	6.350415770919752567e-02
8.611230980306403353e+02	3.064579309727605838e-01	1.948263621161825665e-01	2.141714870967930673e-01	1.315368965954888392e-01	6.449639599564495340e-02	2.474172806485377615e-02	6.376919915820643270e-02
8.659608682442956251e+02	3.054752065878046929e-01	1.941653557258624374e-01	2.148362387743547042e-01	1.319795885623024079e-01	6.466927364061002270e-02	2.484149995453661247e-02	6.403283675445928247e-02
8.707986384579510286e+02	3.044980746940402216e-01	1.935081054354911845e-01	2.154968926708511479e-01	1.324196745386172491e-01	6.484122542455653115e-02	2.494095079213292862e-02	6.429507644424084511e-02
8.756364086716062047e+02	3.035265029655705993e-01	1.928545901091641701e-01	2.161534755422235277e-01	1.328571704109488549e-01	6.501225707564124712e-02	2.504007971443292929e-02	6.455592418194876225e-02
8.804741788852616082e+02	3.025604592917916502e-01	1.922047887080678974e-01	2.168060139652565332e-01	1.332920919567619766e-01	6.518237425029593801e-02	2.513888589864033199e-02	6.481538592911575969e-02
8.853119490989170117e+02	3.015999117740302271e-01	1.915586802917404186e-01	2.174545343384839957e-01	1.337244548455031323e-01	6.535158253522439786e-02	2.523736856148797378e-02	6.507346765345994877e-02
8.901497193125721878e+02	3.006448287223537075e-01	1.909162440191911336e-01	2.180990628831024347e-01	1.341542746396152952e-01	6.551988744932980835e-02	2.533552695837533800e-02	6.533017532796241145e-02
8.949874895262273640e+02	2.996951786525384187e-01	1.902774591498899159e-01	2.187396256438928488e-01	1.345815667955350403e-01	6.568729444557508401e-02	2.543336038252726888e-02	6.558551492997151400e-02
8.998252597398827675e+02	2.987509302831868330e-01	1.896423050446357506e-01	2.193762484901496113e-01	1.350063466646727883e-01	6.585380891277861637e-02	2.553086816417335717e-02	6.583949244033308890e-02
9.046630299535379436e+02	2.978120525329817081e-01	1.890107611663134624e-01	2.200089571166166935e-01	1.354286294943770341e-01	6.601943617734780390e-02	2.562804966974728191e-02	6.609211384254598531e-02
9.095008001671932334e+02	2.968785145180694029e-01	1.883828070805475541e-01	2.206377770444301611e-01	1.358484304288825328e-01	6.618418150495257446e-02	2.572490430110560555e-02	6.634338512194208615e-02
9.143385703808486369e+02	2.959502855495620977e-01	1.877584224562602877e-01	2.212627336220673313e-01	1.362657645102433868e-01	6.634805010214102350e-02	2.582143149476541152e-02	6.659331226489038913e-02
9.191763405945038130e+02	2.950273351311518688e-01	1.871375870661416974e-01	2.218838520263010927e-01	1.366806466792513386e-01	6.651104711789940227e-02	2.591763072116022235e-02	6.684190125802431937e-02
9.240141108081592165e+02	2.941096329568279599e-01	1.865202807870381951e-01	2.225011572631601653e-01	1.370930917763397427e-01	6.667317764515834355e-02	2.601350148391372644e-02	6.708915808749175980e-02
9.288518810218145063e+02	2.931971489086914739e-01	1.859064836002656540e-01	2.231146741688938562e-01	1.375031145424736589e-01	6.683444672224722605e-02	2.610904331913075846e-02	6.733508873822725838e-02
9.336896512354697961e+02	2.922898530548593832e-01	1.852961755918530740e-01	2.237244274109418396e-01	1.379107296200262345e-01	6.699485933429870366e-02	2.620425579470500588e-02	6.757969919324560704e-02
9.385274214491247449e+02	2.913877156474531938e-01	1.846893369527221607e-01	2.243304414889075171e-01	1.383159515536425410e-01	6.715442041460494005e-02	2.629913850964304273e-02	6.782299543295650102e-02
9.433651916627801484e+02	2.904907071206655478e-01	1.840859479788073405e-01	2.249327407355357633e-01	1.387187947910900054e-01	6.731313484592758856e-02	2.639369109340415284e-02	6.806498343449954302e-02
9.482029618764355519e+02	2.895987980889003777e-01	1.834859890711214581e-01	2.255313493176936968e-01	1.391192736840969613e-01	6.747100746176282193e-02	2.648791320525553661e-02	6.830566917109909264e-02
9.530407320900908417e+02	2.887119593449811727e-01	1.828894407357709584e-01	2.261262912373546985e-01	1.395174024891789599e-01	6.762804304756334095e-02	2.658180453364240511e-02	6.854505861143846135e-02
9.578785023037459041e+02	2.878301618584227506e-01	1.822962835839245233e-01	2.267175903325850950e-01	1.399131953684534246e-01	6.778424634191863862e-02	2.667536479557263904e-02	6.878315771905289810e-02
9.627162725174014213e+02	2.869533767737633689e-01	1.817064983317390470e-01	2.273052702785330337e-01	1.403066663904429245e-01	6.793962203769514374e-02	2.676859373601551267e-02	6.901997245174096296e-02
9.675540427310568248e+02	2.860815754089515162e-01	1.811200658002461439e-01	2.278893545884195793e-01	1.406978295308672078e-01	6.809417478313771477e-02	2.686149112731411881e-02	6.925550876099369202e-02
9.723918129447120009e+02	2.852147292537855483e-01	1.805369669152024903e-01	2.284698666145314472e-01	1.410866986734246320e-01	6.824790918293360820e-02	2.695405676861111627e-02	6.948977259144115126e-02
9.772295831583674044e+02	2.843528099684015098e-01	1.799571827069066932e-01	2.290468295492149864e-01	1.414732876105628534e-01	6.840082979924060058e-02	2.704629048528745319e-02	6.972276988031586575e-02
9.820673533720223531e+02	2.834957893818069175e-01	1.793806943099856832e-01	2.296202664258713555e-01	1.418576100442393018e-01	6.855294115268029120e-02	2.713819212841362891e-02	6.995450655693274955e-02
9.869051235856777566e+02	2.826436394904569549e-01	1.788074829631528528e-01	2.301902001199524206e-01	1.422396795866715247e-01	6.870424772329783436e-02	2.722976157421325150e-02	7.018498854218505056e-02
9.917428937993331601e+02	2.817963324568707462e-01	1.782375300089404369e-01	2.307566533499569583e-01	1.426195097610779561e-01	6.885475395148940581e-02	2.732099872353845743e-02	7.041422174805590795e-02
9.965806640129884499e+02	2.809538406082851547e-01	1.776708168934081344e-01	2.313196486784272754e-01	1.429971140024087761e-01	6.900446423889844416e-02	2.741190350135694342e-02	7.064221207714510564e-02
1.001418434226643626e+03	2.801161364353435546e-01	1.771073251658302206e-01	2.318792085129455505e-01	1.433725056580677226e-01	6.915338294928184693e-02	2.750247585625022889e-02	7.086896542221061968e-02
1.006256204440298802e+03	2.792831925908180191e-01	1.765470364783627844e-01	2.324353551071298984e-01	1.437456979886244934e-01	6.930151440934707863e-02	2.759271575992291656e-02	7.109448766572452894e-02
1.011093974653954206e+03	2.784549818883619854e-01	1.759899325856926489e-01	2.329881105616297965e-01	1.441167041685184058e-01	6.944886290956127362e-02	2.768262320672257304e-02	7.131878467944299804e-02
1.015931744867609382e+03	2.776314773012922843e-01	1.754359953446701093e-01	2.335374968251207051e-01	1.444855372867531740e-01	6.959543270493338818e-02	2.777219821317002124e-02	7.154186232398995759e-02
1.020769515081264785e+03	2.768126519613988146e-01	1.748852067139262945e-01	2.340835356952973290e-01	1.448522103475832767e-01	6.974122801577022079e-02	2.786144081749970108e-02	7.176372644845391280e-02
1.025607285294920075e+03	2.759984791577796415e-01	1.743375487534769841e-01	2.346262488198660734e-01	1.452167362711917209e-01	6.988625302840731357e-02	2.795035107920986264e-02	7.198438288999793599e-02
1.030445055508575479e+03	2.751889323357005201e-01	1.737930036243139353e-01	2.351656576975352797e-01	1.455791278943598666e-01	7.003051189591555370e-02	2.803892907862233497e-02	7.220383747348205206e-02
1.035282825722230655e+03	2.743839850954773452e-01	1.732515535879848856e-01	2.357017836790041843e-01	1.459393979711290090e-01	7.017400873878440470e-02	2.812717491645159995e-02	7.242209601109801664e-02
1.040120595935886058e+03	2.735836111913803603e-01	1.727131810061634798e-01	2.362346479679498790e-01	1.462975591734542447e-01	7.031674764558254465e-02	2.821508871338292840e-02	7.263916430201600161e-02
1.044958366149541234e+03	2.727877845305584081e-01	1.721778683402097609e-01	2.367642716220118015e-01	1.466536240918505096e-01	7.045873267359666070e-02	2.830267060965937012e-02	7.285504813204296548e-02
1.049796136363196410e+03	2.719964791719828301e-01	1.716455981507225559e-01	2.372906755537740053e-01	1.470076052360311802e-01	7.059996784944930215e-02	2.838992076467729969e-02	7.306975327329225112e-02
1.054633906576851814e+03	2.712096693254094637e-01	1.711163530970845059e-01	2.378138805317452364e-01	1.473595150355392069e-01	7.074045716969630526e-02	2.847683935659038601e-02	7.328328548386436880e-02
1.059471676790506763e+03	2.704273293503580144e-01	1.705901159370001585e-01	2.383339071813356247e-01	1.477093658403708376e-01	7.088020460140476153e-02	2.856342658192169426e-02	7.349565050753836815e-02
1.064309447004162394e+03	2.696494337551076925e-01	1.700668695260283692e-01	2.388507759858311819e-01	1.480571699215925685e-01	7.101921408271201497e-02	2.864968265518373636e-02	7.370685407347381257e-02
1.069147217217817570e+03	2.688759571957085592e-01	1.695465968171095406e-01	2.393645072873648305e-01	1.484029394719507677e-01	7.115748952336650723e-02	2.873560780850628604e-02	7.391690189592281524e-02
1.073984987431472746e+03	2.681068744750074173e-01	1.690292808600880325e-01	2.398751212878843520e-01	1.487466866064746374e-01	7.129503480525092862e-02	2.882120229127171918e-02	7.412579967395213631e-02
1.078822757645127922e+03	2.673421605416880786e-01	1.685149048012307693e-01	2.403826380501171422e-01	1.490884233630722644e-01	7.143185378288845200e-02	2.890646636975774397e-02	7.433355309117480048e-02
1.083660527858783553e+03	2.665817904893246770e-01	1.680034518827420720e-01	2.408870774985312491e-01	1.494281617031202325e-01	7.156795028393257707e-02	2.899140032678726095e-02	7.454016781549117898e-02
1.088498298072438729e+03	2.658257395554479152e-01	1.674949054422758543e-01	2.413884594202929668e-01	1.497659135120467666e-01	7.170332810964115400e-02	2.907600446138526931e-02	7.474564949883931442e-02
1.093336068286093905e+03	2.650739831206233577e-01	1.669892489124450152e-01	2.418868034662208233e-01	1.501016905999081885e-01	7.183799103533519692e-02	2.916027908844254224e-02	7.495000377695407168e-02
1.098173838499749309e+03	2.643264967075416583e-01	1.664864658203288050e-01	2.423821291517353760e-01	1.504355047019595715e-01	7.197194281084288991e-02	2.924422453838597738e-02	7.515323626913496258e-02
1.103011608713404712e+03	2.635832559801192798e-01	1.659865397869783599e-01	2.428744558578053436e-01	1.507673674792188168e-01	7.210518716092949310e-02	2.932784115685542828e-02	7.535535257802253306e-02
1.107849378927059888e+03	2.628442367426104820e-01	1.654894545269211259e-01	2.433638028318895197e-01	1.510972905190249016e-01	7.223772778571342645e-02	2.941112930438686407e-02	7.555635828938289666e-02
1.112687149140715292e+03	2.621094149387290795e-01	1.649951938476639512e-01	2.438501891888746331e-01	1.514252853355901873e-01	7.236956836106923918e-02	2.949408935610168397e-02	7.575625897190034486e-02
1.117524919354370468e+03	2.613787666507803031e-01	1.645037416491956228e-01	2.443336339120087408e-01	1.517513633705468157e-01	7.250071253901772816e-02	2.957672170140208251e-02	7.595506017697778445e-02
1.122362689568025871e+03	2.606522680988017093e-01	1.640150819234887924e-01	2.448141558538305396e-01	1.520755359934873041e-01	7.263116394810380239e-02	2.965902674367226072e-02	7.615276743854473840e-02
1.127200459781681047e+03	2.599298956397131377e-01	1.635291987540019587e-01	2.452917737370938767e-01	1.523978145024995901e-01	7.276092619376242632e-02	2.974100489998539321e-02	7.634938627287275736e-02
1.132038229995336451e+03	2.592116257664758283e-01	1.630460763151812265e-01	2.457665061556880970e-01	1.527182101246965795e-01	7.289000285867303086e-02	2.982265660081618100e-02	7.654492217839814483e-02
