1.741597276915902057e+02	5.674985067927311722e-01	2.997279039916150856e-01	6.020964041266119865e-02	3.050758795947416946e-02	2.195392164319509218e-02	9.748256910932524139e-03	1.035418228931967409e-02
1.789974979052454671e+02	5.620681742452893204e-01	3.011121269374595899e-01	6.192833804352603638e-02	3.166097490244023510e-02	2.258356332343063391e-02	9.808188359286510935e-03	1.083863418849650984e-02
1.838352681189008138e+02	5.568759714728100940e-01	3.023033320052758710e-01	6.362929213968358810e-02	3.280038169535703929e-02	2.319882865937966665e-02	9.870593202499229613e-03	1.132160082492329224e-02
1.886730383325560467e+02	5.519060452474785494e-01	3.033155821760372683e-01	6.531314552029016118e-02	3.392636485863689821e-02	2.380037409362167206e-02	9.935377341556288905e-03	1.180311076230785086e-02
1.935108085462113081e+02	5.471436470578975308e-01	3.041619528719601839e-01	6.698049752416415648e-02	3.503944520671681967e-02	2.438881868952815987e-02	1.000245029031700435e-02	1.228318835934481303e-02
1.983485787598666263e+02	5.425750558276192237e-01	3.048546010950083929e-01	6.863190713671658838e-02	3.614011030891652043e-02	2.496474647573873260e-02	1.007172500965029110e-02	1.276185414627889134e-02
2.031863489735219162e+02	5.381875060418233048e-01	3.054048297265066214e-01	7.026789589414263182e-02	3.722881677879705253e-02	2.552870863550599223e-02	1.014311775050219522e-02	1.323912517265068804e-02
2.080241191871772060e+02	5.339691209036674380e-01	3.058231473265122236e-01	7.188895058060203180e-02	3.830599240400379968e-02	2.608122555147074709e-02	1.021654790535587304e-02	1.371501532831623064e-02
2.128618894008324673e+02	5.299088501683195673e-01	3.061193237478955775e-01	7.349552573301121328e-02	3.937203812773956701e-02	2.662278871569980290e-02	1.029193786757970873e-02	1.418953563968281852e-02
2.176996596144877287e+02	5.259964123273184189e-01	3.063024418580370112e-01	7.508804596704157786e-02	4.042732989223401380e-02	2.715386251413969693e-02	1.036921289819189330e-02	1.466269454296552886e-02
2.225374298281430470e+02	5.222222408388154102e-01	3.063809456405502951e-01	7.666690813696303008e-02	4.147222035385061956e-02	2.767488589400841914e-02	1.044830099960011686e-02	1.513449813614030186e-02
2.273752000417983652e+02	5.185774341205564575e-01	3.063626849303777155e-01	7.823248334108272306e-02	4.250704047879819841e-02	2.818627392205944743e-02	1.052913279590344912e-02	1.560495041115012547e-02
2.322129702554535982e+02	5.150537090422818709e-01	3.062549570178711988e-01	7.978511878370267429e-02	4.353210102778695689e-02	2.868841924110565947e-02	1.061164141936987715e-02	1.607405346780987204e-02
2.370507404691088880e+02	5.116433576726430177e-01	3.060645453409862604e-01	8.132513950375133693e-02	4.454769393738561289e-02	2.918169343168196955e-02	1.069576240272766127e-02	1.654180771075218492e-02
2.418885106827641494e+02	5.083392070528810480e-01	3.057977554693782074e-01	8.285284997952976904e-02	4.555409360529418666e-02	2.966644828525198327e-02	1.078143357693170899e-02	1.700821203066098242e-02
2.467262808964194392e+02	5.051345817854473452e-01	3.054604485699287109e-01	8.436853561834856130e-02	4.655155808624203417e-02	3.014301699492346817e-02	1.086859497408765307e-02	1.747326397095003842e-02
2.515640511100747290e+02	5.020232692405690589e-01	3.050580725299678608e-01	8.587246413921384436e-02	4.754033020475200572e-02	3.061171526922737071e-02	1.095718873523637664e-02	1.793695988096127847e-02
2.564018213237300188e+02	4.989994871975526047e-01	3.045956909021191317e-01	8.736488685614632321e-02	4.852063859057499651e-02	3.107284237413365097e-02	1.104715902272045830e-02	1.839929505668055562e-02
2.612395915373852517e+02	4.960578537504362062e-01	3.040780098232243600e-01	8.884603986918306051e-02	4.949269864219345283e-02	3.152668210812198391e-02	1.113845193687150806e-02	1.886026386989710091e-02
2.660773617510405415e+02	4.931933593195283461e-01	3.035094030491340411e-01	9.031614516961525285e-02	5.045671342341481735e-02	3.197350371479505682e-02	1.123101543677367323e-02	1.931985988666642257e-02
2.709151319646958882e+02	4.904013406214586812e-01	3.028939352372272964e-01	9.177541166555328034e-02	5.141287449772519169e-02	3.241356273721454628e-02	1.132479926487382944e-02	1.977807597587466840e-02
2.757529021783511780e+02	4.876774564606806139e-01	3.022353835992970250e-01	9.322403613348116680e-02	5.236136270474659599e-02	3.284710181785360089e-02	1.141975487522329039e-02	2.023490440864511575e-02
2.805906723920064678e+02	4.850176652149582601e-01	3.015372580388516188e-01	9.466220410106314376e-02	5.330234888283786471e-02	3.327435144779332388e-02	1.151583536514904846e-02	2.069033694927413861e-02
2.854284426056617008e+02	4.824182038962888663e-01	3.008028198789053365e-01	9.609009066609416894e-02	5.423599454159676314e-02	3.369553066854268086e-02	1.161299541016512331e-02	2.114436493833444022e-02
2.902662128193169337e+02	4.798755686770107554e-01	3.000350992789037052e-01	9.750786125614079036e-02	5.516245248775818177e-02	3.411084772963041134e-02	1.171119120194610667e-02	2.159697936853733832e-02
2.951039830329722804e+02	4.773864967785598212e-01	2.992369114325281743e-01	9.891567233309823959e-02	5.608186740773907913e-02	3.452050070490288169e-02	1.181038038919592775e-02	2.204817095390316367e-02
2.999417532466276270e+02	4.749479496275148538e-01	2.984108716317022125e-01	1.003136720465910708e-01	5.699437640985360876e-02	3.492467807026151255e-02	1.191052202125495417e-02	2.249793019274903827e-02
3.047795234602828600e+02	4.725570971902460782e-01	2.975594092761510989e-01	1.017020008398674680e-01	5.790010952901054886e-02	3.532355924538746472e-02	1.201157649429808634e-02	2.294624742496645733e-02
3.096172936739380930e+02	4.702113034036856654e-01	2.966847809023131499e-01	1.030807920115794640e-01	5.879919019650875489e-02	3.571731510182793445e-02	1.211350549998532755e-02	2.339311288402682459e-02
3.144550638875934396e+02	4.679081126255134060e-01	2.957890823002359837e-01	1.044501722366014684e-01	5.969173567736339725e-02	3.610610843965692679e-02	1.221627197643466653e-02	2.383851674412121313e-02
3.192928341012487294e+02	4.656452370324175027e-01	2.948742597822875400e-01	1.058102620488169526e-01	6.057785747742590321e-02	3.649009443477328751e-02	1.231984006139482009e-02	2.428244916281103657e-02
3.241306043149040192e+02	4.634205449000837196e-01	2.939421206630450367e-01	1.071611762885954361e-01	6.145766172240232222e-02	3.686942105875887221e-02	1.242417504750270227e-02	2.472490031953892414e-02
3.289683745285592522e+02	4.612320497032081912e-01	2.929943430055708120e-01	1.085030245174898322e-01	6.233124951072793046e-02	3.724422947308948795e-02	1.252924333951724312e-02	2.516586045032347813e-02
3.338061447422145420e+02	4.590778999781495728e-01	2.920324846854180922e-01	1.098359114025047184e-01	6.319871724211886810e-02	3.761465439937008298e-02	1.263501241342757618e-02	2.560531987893800709e-02
3.386439149558698318e+02	4.569563698948493902e-01	2.910579918201195992e-01	1.111599370721199215e-01	6.406015692349471824e-02	3.798082446715260463e-02	1.274145077733955522e-02	2.604326904485118263e-02
3.434816851695251216e+02	4.548658504883859033e-01	2.900722066085674178e-01	1.124751974460987403e-01	6.491565645384733685e-02	3.834286254079002920e-02	1.284852793405017075e-02	2.647969852818732317e-02
3.483194553831804114e+02	4.528048415040019647e-01	2.890763746215853081e-01	1.137817845409666850e-01	6.576529988952152517e-02	3.870088602668191047e-02	1.295621434522459606e-02	2.691459907194486065e-02
3.531572255968357013e+02	4.507719438126733258e-01	2.880716515821051815e-01	1.150797867529124163e-01	6.660916769127037118e-02	3.905500716217586571e-02	1.306448139709561439e-02	2.734796160169402149e-02
3.579949958104909342e+02	4.487658523572931601e-01	2.870591096706692769e-01	1.163692891197385809e-01	6.744733695435345400e-02	3.940533328730423668e-02	1.317330136760961820e-02	2.777977724295842971e-02
3.628327660241463377e+02	4.467853495923398421e-01	2.860397433894811270e-01	1.176503735633745162e-01	6.827988162285704432e-02	3.975196710045639237e-02	1.328264739494780522e-02	2.821003733647005352e-02
3.676705362378016275e+02	4.448292993824939368e-01	2.850144750159026574e-01	1.189231191143555605e-01	6.910687268933339567e-02	4.009500689901306786e-02	1.339249344735515476e-02	2.863873345147294192e-02
3.725083064514568036e+02	4.428966413280884251e-01	2.839841596741324303e-01	1.201876021195735500e-01	6.992837838077964330e-02	4.043454680590095190e-02	1.350281429421357204e-02	2.906585739723803463e-02
3.773460766651120935e+02	4.409863854875215594e-01	2.829495900517891571e-01	1.214438964345105898e-01	7.074446433190550998e-02	4.077067698296141240e-02	1.361358547829914778e-02	2.949140123293924470e-02
3.821838468787673833e+02	4.390976074688544561e-01	2.819115007862532107e-01	1.226920736010818219e-01	7.155519374657261233e-02	4.110348383196788663e-02	1.372478328916680243e-02	2.991535727602970957e-02
3.870216170924226162e+02	4.372294438647583159e-01	2.808705725438820355e-01	1.239322030121326468e-01	7.236062754822704390e-02	4.143305018407107687e-02	1.383638473760869826e-02	3.033771810924668078e-02
3.918593873060780197e+02	4.353810880067832678e-01	2.798274358135942053e-01	1.251643520635613849e-01	7.316082452008897119e-02	4.175945547839907124e-02	1.394836753113577049e-02	3.075847658636381848e-02
3.966971575197332527e+02	4.335517860166044901e-01	2.787826744348156360e-01	1.263885862949693240e-01	7.395584143581021563e-02	4.208277593049167958e-02	1.406071005043443671e-02	3.117762583680063274e-02
4.015349277333884856e+02	4.317408331334637861e-01	2.777368288783797490e-01	1.276049695196752043e-01	7.474573318126077892e-02	4.240308469120313700e-02	1.417339132675319788e-02	3.159515926919053558e-02
4.063726979470438323e+02	4.299475702984779102e-01	2.766903992976738058e-01	1.288135639448721725e-01	7.553055286805950008e-02	4.272045199666562459e-02	1.428639102017620517e-02	3.201107057400110617e-02
4.112104681606991221e+02	4.281713809778401880e-01	2.756438483661131644e-01	1.300144302826486686e-01	7.631035193942092842e-02	4.303494530986697736e-02	1.439968939874320189e-02	3.242535372529319060e-02
4.160482383743544119e+02	4.264116882081981919e-01	2.745976039158978810e-01	1.312076278525439454e-01	7.708518026885073648e-02	4.334662945435966558e-02	1.451326731837740414e-02	3.283800298169849835e-02
4.208860085880095880e+02	4.246679518486595750e-01	2.735520613919629196e-01	1.323932146762604734e-01	7.785508625218470757e-02	4.365556674058422570e-02	1.462710620358484599e-02	3.324901288668952876e-02
4.257237788016648778e+02	4.229396660249680751e-01	2.725075861340560124e-01	1.335712475651107956e-01	7.862011689343209597e-02	4.396181708525875864e-02	1.474118802889071156e-02	3.365837826820971407e-02
4.305615490153201677e+02	4.212263567524018315e-01	2.714645154989747122e-01	1.347417822007350718e-01	7.938031788485171159e-02	4.426543812425654673e-02	1.485549530097988319e-02	3.406609423772635065e-02
4.353993192289755143e+02	4.195275797248882443e-01	2.704231608341496895e-01	1.359048732095871626e-01	8.013573368165954891e-02	4.456648531936659857e-02	1.497001104151065784e-02	3.447215618876415394e-02
4.402370894426308041e+02	4.178429182587037327e-01	2.693838093129813926e-01	1.370605742316512998e-01	8.088640757173881646e-02	4.486501205930613217e-02	1.508471877057217421e-02	3.487655979497250591e-02
4.450748596562860939e+02	4.161719813799423240e-01	2.683467256416054991e-01	1.382089379838176701e-01	8.163238174069742392e-02	4.516106975533015766e-02	1.519960249075758343e-02	3.527930100777541822e-02
4.499126298699413837e+02	4.145144020456923983e-01	2.673121536460878467e-01	1.393500163183150342e-01	8.237369733259397586e-02	4.545470793176116520e-02	1.531464667182639086e-02	3.568037605364919596e-02
4.547504000835967304e+02	4.128698354895659617e-01	2.662803177484187045e-01	1.404838602765693389e-01	8.311039450663094963e-02	4.574597431174103057e-02	1.542983623593075816e-02	3.607978143106924107e-02
4.595881702972519065e+02	4.112379576828786298e-01	2.652514243390899362e-01	1.416105201388307422e-01	8.384251249009296025e-02	4.603491489848789836e-02	1.554515654338176588e-02	3.647751390716401365e-02
4.644259405109071963e+02	4.096184639033885189e-01	2.642256630534952078e-01	1.427300454698867682e-01	8.457008962778866934e-02	4.632157405232269209e-02	1.566059337893285774e-02	3.687357051411119246e-02
4.692637107245624861e+02	4.080110674040676177e-01	2.632032079588849105e-01	1.438424851611563859e-01	8.529316342823695107e-02	4.660599456371313648e-02	1.577613293855877757e-02	3.726794854530802309e-02
4.741014809382177759e+02	4.064154981749069084e-01	2.621842186581380685e-01	1.449478874694378472e-01	8.601177060682102526e-02	4.688821772256727277e-02	1.589176181670937105e-02	3.766064555134531616e-02
4.789392511518730657e+02	4.048315017912443858e-01	2.611688413161735722e-01	1.460463000525641375e-01	8.672594712611904344e-02	4.716828338399386977e-02	1.600746699401864315e-02	3.805165933581210885e-02
4.837770213655284124e+02	4.032588383425634304e-01	2.601572096144172397e-01	1.471377700022011015e-01	8.743572823360470925e-02	4.744623003073335232e-02	1.612323582545032580e-02	3.844098795095553245e-02
4.886147915791837022e+02	4.016972814361301491e-01	2.591494456383606204e-01	1.482223438740055965e-01	8.814114849689837217e-02	4.772209483245003214e-02	1.623905602886221294e-02	3.882862969321865948e-02
4.934525617928388783e+02	4.001466172702340396e-01	2.581456607028952410e-01	1.493000677153462352e-01	8.884224183673637698e-02	4.799591370206464369e-02	1.635491567397226800e-02	3.921458309867677239e-02
4.982903320064942250e+02	3.986066437721612621e-01	2.571459561197798616e-01	1.503709870907735668e-01	8.953904155781482188e-02	4.826772134929468994e-02	1.647080317171029790e-02	3.959884693839103853e-02
5.031281022201495148e+02	3.970771697963721980e-01	2.561504239112903369e-01	1.514351471054132536e-01	9.023158037765305339e-02	4.853755133156002766e-02	1.658670726393985870e-02	3.998142021369666815e-02
5.079658724338048046e+02	3.955580143786708303e-01	2.551591474738214571e-01	1.524925924264431687e-01	9.091989045361199839e-02	4.880543610240112296e-02	1.670261701353560613e-02	4.036230215144125111e-02
5.128036426474600376e+02	3.940490060424479135e-01	2.541722021949430754e-01	1.535433673028031298e-01	9.160400340819337128e-02	4.907140705754843568e-02	1.681852179480208473e-02	4.074149219918746928e-02
5.176414128611153274e+02	3.925499821533560696e-01	2.531896560271708063e-01	1.545875155832753811e-01	9.228395035273670444e-02	4.933549457877277333e-02	1.693441128422057754e-02	4.111899002039309803e-02
5.224791830747705035e+02	3.910607883190271306e-01	2.522115700214813683e-01	1.556250807330637476e-01	9.295976190962329522e-02	4.959772807563868346e-02	1.705027545151116194e-02	4.149479548957998865e-02
5.273169532884259070e+02	3.895812778306811386e-01	2.512379988233904848e-01	1.566561058489894243e-01	9.363146823308841904e-02	4.985813602527530697e-02	1.716610455099784605e-02	4.186890868750269001e-02
5.321547235020811968e+02	3.881113111436961249e-01	2.502689911342161899e-01	1.576806336734131730e-01	9.429909902873637173e-02	5.011674601027227977e-02	1.728188911326502056e-02	4.224132989632616714e-02
5.369924937157364866e+02	3.866507553944132924e-01	2.493045901399632003e-01	1.586987066069854568e-01	9.496268357184604880e-02	5.037358475480183811e-02	1.739761993709410676e-02	4.261205959482132488e-02
5.418302639293917764e+02	3.851994839506425183e-01	2.483448339100975399e-01	1.597103667203183253e-01	9.562225072454902386e-02	5.062867815906205160e-02	1.751328808166972145e-02	4.298109845358602521e-02
5.466680341430470662e+02	3.837573759935105633e-01	2.473897557683187309e-01	1.607156557646655659e-01	9.627782895195613477e-02	5.088205133213048736e-02	1.762888485904514843e-02	4.334844733029862007e-02
5.515058043567023560e+02	3.823243161284597402e-01	2.464393846372903152e-01	1.617146151816918065e-01	9.692944633730356252e-02	5.113372862331238417e-02	1.774440182685737416e-02	4.371410726501012006e-02
5.563435745703576458e+02	3.809001940233579520e-01	2.454937453591531649e-01	1.627072861124047309e-01	9.757713059618430829e-02	5.138373365206229393e-02	1.785983078128227861e-02	4.407807947548054994e-02
5.611813447840129356e+02	3.794849040718232258e-01	2.445528589935169195e-01	1.636937094053193542e-01	9.822090908992658909e-02	5.163208933655358962e-02	1.797516375022110632e-02	4.444036535256445930e-02
5.660191149976681118e+02	3.780783450799998224e-01	2.436167430945067602e-01	1.646739256239171945e-01	9.886080883817624509e-02	5.187881792096581124e-02	1.809039298670958584e-02	4.480096645564982105e-02
5.708568852113234016e+02	3.766804199751445648e-01	2.426854119683328759e-01	1.656479750534598783e-01	9.949685653073642166e-02	5.212394100155576249e-02	1.820551096254154413e-02	4.515988450815419664e-02
5.756946554249786914e+02	3.752910355344989957e-01	2.417588769127461679e-01	1.666158977072107750e-01	1.001290785387141946e-01	5.236747955157450979e-02	1.832051036209909195e-02	4.551712139308145694e-02
5.805324256386339812e+02	3.739101021330279440e-01	2.408371464396495409e-01	1.675777333321150087e-01	1.007575009250201714e-01	5.260945394508871609e-02	1.843538407638187909e-02	4.587267914864193163e-02
5.853701958522892710e+02	3.725375335087049988e-01	2.399202264820438635e-01	1.685335214139838667e-01	1.013821494542641727e-01	5.284988397976155688e-02	1.855012519722818234e-02	4.622655996393849193e-02
5.902079660659445608e+02	3.711732465441180961e-01	2.390081205864066360e-01	1.694833011822267366e-01	1.020030496020869620e-01	5.308878889864508677e-02	1.866472701172087328e-02	4.657876617472064135e-02
5.950457362795999643e+02	3.698171610632536854e-01	2.381008300915234133e-01	1.704271116141692910e-01	1.026202265639652722e-01	5.332618741103329479e-02	1.877918299677163935e-02	4.692930025920839104e-02
5.998835064932552541e+02	3.684691996423978266e-01	2.371983542947209422e-01	1.713649914389948070e-01	1.032337052635249469e-01	5.356209771242194384e-02	1.889348681387705703e-02	4.727816483398737668e-02
6.047212767069104302e+02	3.671292874341678947e-01	2.363006906063848389e-01	1.722969791413417329e-01	1.038435103603944643e-01	5.379653750361905462e-02	1.900763230404041437e-02	4.762536264997640351e-02
6.095590469205657200e+02	3.657973520037557935e-01	2.354078346935826183e-01	1.732231129645886158e-01	1.044496662576289703e-01	5.402952400904718899e-02	1.912161348285336751e-02	4.797089658846826615e-02
6.143968171342210098e+02	3.644733231765289738e-01	2.345197806135551621e-01	1.741434309138546188e-01	1.050521971087329254e-01	5.426107399427656380e-02	1.923542453573180364e-02	4.831476965724466194e-02
6.192345873478761860e+02	3.631571328961966105e-01	2.336365209377867236e-01	1.750579707587420486e-01	1.056511268243075369e-01	5.449120378282576449e-02	1.934905981330051553e-02	4.865698498676552380e-02
6.240723575615315895e+02	3.618487150927998663e-01	2.327580468673137171e-01	1.759667700358444609e-01	1.062464790783471252e-01	5.471992927226498882e-02	1.946251382692138626e-02	4.899754582643314066e-02
6.289101277751868793e+02	3.605480055598418998e-01	2.318843483398859984e-01	1.768698660510432952e-01	1.068382773142074749e-01	5.494726594965459315e-02	1.957578124436019917e-02	4.933645554093114838e-02
6.337478979888421691e+02	3.592549418399170746e-01	2.310154141295520935e-01	1.777672958816127469e-01	1.074265447502669307e-01	5.517322890635023569e-02	1.968885688558715333e-02	4.967371760663828739e-02
6.385856682024975726e+02	3.579694631182460673e-01	2.301512319391988970e-01	1.786590963781518882e-01	1.080113043853002802e-01	5.539783285220400283e-02	1.980173571870650490e-02	5.000933560811684359e-02
6.434234384161527487e+02	3.566915101235640373e-01	2.292917884865400269e-01	1.795453041663611082e-01	1.085925790035835864e-01	5.562109212918944084e-02	1.991441285601089003e-02	5.034331323467532843e-02
6.482612086298080385e+02	3.554210250358483814e-01	2.284370695840119425e-01	1.804259556486789151e-01	1.091703911797471532e-01	5.584302072447697857e-02	2.002688355015602370e-02	5.067565427700501668e-02
6.530989788434633283e+02	3.541579514004075113e-01	2.275870602130050657e-01	1.813010870057930601e-01	1.097447632833925962e-01	5.606363228298470031e-02	2.013914319045166657e-02	5.100636262388981435e-02
6.579367490571185044e+02	3.529022340478867314e-01	2.267417445928268660e-01	1.821707341980399186e-01	1.103157174834888538e-01	5.628294011942825553e-02	2.025118729926492916e-02	5.133544225898881153e-02
6.627745192707737942e+02	3.516538190197777691e-01	2.259011062447666418e-01	1.830349329667036173e-01	1.108832757525610724e-01	5.650095722989246366e-02	2.036301152853202748e-02	5.166289725769073610e-02
6.676122894844290840e+02	3.504126534990469333e-01	2.250651280516051955e-01	1.838937188352264551e-01	1.114474598706853004e-01	5.671769630294578451e-02	2.047461165637490602e-02	5.198873178403969064e-02
6.724500596980843738e+02	3.491786857455251858e-01	2.242337923128892019e-01	1.847471271103404977e-01	1.120082914293009657e-01	5.693316973031813805e-02	2.058598358381912019e-02	5.231295008773110405e-02
6.772878299117396637e+02	3.479518650357267817e-01	2.234070807962669492e-01	1.855951928831300335e-01	1.125657918348524633e-01	5.714738961716113452e-02	2.069712333160963688e-02	5.263555650117721085e-02
6.821256001253949535e+02	3.467321416067877804e-01	2.225849747851622318e-01	1.864379510300326059e-01	1.131199823122703840e-01	5.736036779190904766e-02	2.080802703712122947e-02	5.295655543664093412e-02
6.869633703390502433e+02	3.455194666042363805e-01	2.217674551230430224e-01	1.872754362137871720e-01	1.136708839083021144e-01	5.757211581575784332e-02	2.091869095136033793e-02	5.327595138343727693e-02
6.918011405527055331e+02	3.443137920333280144e-01	2.209545022545238990e-01	1.881076828843359638e-01	1.142185174947009385e-01	5.778264499177878516e-02	2.102911143605535813e-02	5.359374890520116758e-02
6.966389107663608229e+02	3.431150707136956801e-01	2.201460962635246321e-01	1.889347252796862719e-01	1.147629037712822320e-01	5.799196637368222995e-02	2.113928496083238365e-02	5.390995263722066222e-02
7.014766809800161127e+02	3.419232562370847495e-01	2.193422169086913787e-01	1.897565974267385880e-01	1.153040632688546174e-01	5.820009077424662114e-02	2.124920810047364883e-02	5.422456728383448499e-02
7.063144511936714025e+02	3.407383029279568709e-01	2.185428436562728005e-01	1.905733331420853272e-01	1.158420163520336998e-01	5.840702877342673210e-02	2.135887753225588701e-02	5.453759761589277444e-02
7.111522214073266923e+02	3.395601658067626261e-01	2.177479557106298258e-01	1.913849660327860969e-01	1.163767832219449461e-01	5.861279072615470376e-02	2.146829003336602620e-02	5.484904846827988456e-02
7.159899916209819821e+02	3.383888005556968670e-01	2.169575320425451426e-01	1.921915294971227872e-01	1.169083839188227308e-01	5.881738676984680364e-02	2.157744247839164450e-02	5.515892473749813008e-02
7.208277618346371582e+02	3.372241634867637616e-01	2.161715514154870232e-01	1.929930567253389795e-01	1.174368383245110725e-01	5.902082683162802879e-02	2.168633183688382579e-02	5.546723137931137970e-02
7.256655320482924481e+02	3.360662115119903426e-01	2.153899924099714758e-01	1.937895807003666981e-01	1.179621661648720260e-01	5.922312063528623743e-02	2.179495517098994570e-02	5.577397340644729001e-02
7.305033022619478515e+02	3.349149021156386241e-01	2.146128334461560039e-01	1.945811341985441978e-01	1.184843870121069093e-01	5.942427770796699510e-02	2.190330963315424706e-02	5.607915588635702109e-02
7.353410724756030277e+02	3.337701933282774536e-01	2.138400528047894322e-01	1.953677497903268945e-01	1.190035202869953596e-01	5.962430738661962659e-02	2.201139246388390466e-02	5.638278393903135843e-02
7.401788426892584312e+02	3.326320437025841459e-01	2.130716286466334264e-01	1.961494598409945500e-01	1.195195852610567155e-01	5.982321882420464643e-02	2.211920098957855657e-02	5.668486273487200605e-02
7.450166129029136073e+02	3.315004122907556083e-01	2.123075390304633436e-01	1.969262965113564301e-01	1.200326010586382081e-01	6.002102099567221960e-02	2.222673262042120304e-02	5.698539749261699594e-02
7.498543831165690108e+02	3.303752586234170452e-01	2.115477619297479739e-01	1.976982917584567956e-01	1.205425866589338452e-01	6.021772270372076352e-02	2.233398484832853012e-02	5.728439347731899972e-02
7.546921533302243006e+02	3.292565426899233816e-01	2.107922752481016793e-01	1.984654773362822811e-01	1.210495608979377941e-01	6.041333258434459369e-02	2.244095524495876709e-02	5.758185599837545299e-02
7.595299235438793630e+02	3.281442249199572059e-01	2.100410568335947248e-01	1.992278847964725763e-01	1.215535424703359374e-01	6.060785911217893979e-02	2.254764145977521811e-02	5.787779040760935440e-02
7.643676937575347665e+02	3.270382661663327473e-01	2.092940844920027632e-01	1.999855454890359929e-01	1.220545499313386711e-01	6.080131060565029111e-02	2.265404121816375418e-02	5.817220209739967091e-02
7.692054639711900563e+02	3.259386276889220113e-01	2.085513359990702198e-01	2.007384905630708039e-01	1.225526016984582467e-01	6.099369523193989839e-02	2.276015231960246826e-02	5.846509649886017651e-02
7.740432341848452324e+02	3.248452711396252468e-01	2.078127891118562998e-01	2.014867509674935775e-01	1.230477160532333497e-01	6.118502101176759994e-02	2.286597263588195997e-02	5.875647908006574605e-02
7.788810043985006359e+02	3.237581585483127466e-01	2.070784215792294547e-01	2.022303574517751723e-01	1.235399111429039132e-01	6.137529582400300110e-02	2.297150010937455342e-02	5.904635534432489674e-02
7.837187746121558121e+02	3.226772523096713141e-01	2.063482111515694828e-01	2.029693405666851136e-01	1.240292049820384129e-01	6.156452741011077950e-02	2.307673275135095278e-02	5.933473082849768931e-02
7.885565448258112156e+02	3.216025151708918339e-01	2.056221355897334957e-01	2.037037306650451018e-01	1.245156154541161575e-01	6.175272337843647902e-02	2.318166864034288885e-02	5.962161110135776043e-02
7.933943150394665054e+02	3.205339102201401613e-01	2.049001726733379047e-01	2.044335579024919858e-01	1.249991603130668760e-01	6.193989120833889167e-02	2.328630592055024040e-02	5.990700176199761223e-02
7.982320852531219089e+02	3.194714008757565948e-01	2.041823002084045269e-01	2.051588522382505053e-01	1.254798571847695887e-01	6.212603825417496034e-02	2.339064280029131901e-02	6.019090843827613890e-02
8.030698554667769713e+02	3.184149508761338621e-01	2.034684960344156635e-01	2.058796434359164151e-01	1.259577235685127305e-01	6.231117174914281576e-02	2.349467755049492942e-02	6.047333678530725232e-02
8.079076256804323748e+02	3.173645242702264335e-01	2.027587380308202847e-01	2.065959610642495448e-01	1.264327768384173878e-01	6.249529880898829076e-02	2.359840850323293576e-02	6.075429248398881571e-02
8.127453958940876646e+02	3.163200854086473113e-01	2.020530041230299001e-01	2.073078344979778220e-01	1.269050342448255764e-01	6.267842643558013682e-02	2.370183405029208448e-02	6.103378123957084456e-02
8.175831661077428407e+02	3.152815989353122683e-01	2.013512722879403083e-01	2.080152929186115385e-01	1.273745129156547140e-01	6.286056152035886246e-02	2.380495264178386292e-02	6.131180878026199627e-02
8.224209363213982442e+02	3.142490297795930143e-01	2.006535205590131432e-01	2.087183653152683283e-01	1.278412298577203676e-01	6.304171084766389821e-02	2.390776278479121025e-02	6.158838085587352990e-02
8.272587065350534203e+02	3.132223431489444820e-01	1.999597270309478592e-01	2.094170804855084167e-01	1.283052019580283032e-01	6.322188109794373012e-02	2.401026304205103323e-02	6.186350323649972283e-02
8.320964767487085965e+02	3.122015045219734830e-01	1.992698698639736310e-01	2.101114670361805270e-01	1.287664459850373089e-01	6.340107885085329020e-02	2.411245203067130180e-02	6.213718171123393252e-02
8.369342469623640000e+02	3.111864796419189783e-01	1.985839272877880923e-01	2.108015533842780009e-01	1.292249785898942904e-01	6.357931058824278781e-02	2.421432842088179146e-02	6.240942208691945686e-02
8.417720171760191761e+02	3.101772345105141548e-01	1.979018776051682804e-01	2.114873677578048561e-01	1.296808163076424159e-01	6.375658269704208292e-02	2.431589093481740030e-02	6.268023018693419379e-02
8.466097873896745796e+02	3.091737353822056056e-01	1.972236991952763530e-01	2.121689381966517796e-01	1.301339755584036972e-01	6.393290147204433449e-02	2.441713834533303443e-02	6.294961185000845505e-02
8.514475576033297557e+02	3.081759487587040769e-01	1.965493705166830307e-01	2.128462925534820305e-01	1.305844726485371754e-01	6.410827311859274014e-02	2.451806947484916691e-02	6.321757292907508041e-02
8.562853278169851592e+02	3.071838413838445248e-01	1.958788701101275009e-01	2.135194584946261409e-01	1.310323237717733180e-01	6.428270375517382285e-02	2.461868319422709159e-02	6.348411929015085331e-02
8.611230980306403353e+02	3.061973802387342736e-01	1.952121766010339043e-01	2.141884635009864424e-01	1.314775450103259635e-01	6.445619941592080349e-02	2.471897842167300810e-02	6.374925681124879451e-02
8.659608682442956251e+02	3.052165325371694604e-01	1.945492687018009204e-01	2.148533348689497524e-01	1.319201523359825601e-01	6.462876605303018163e-02	2.481895412167007750e-02	6.401299138132021671e-02
8.707986384579510286e+02	3.042412657213010574e-01	1.938901252138812981e-01	2.155140997113088874e-01	1.323601616111735046e-01	6.480040953909481372e-02	2.491860930393760901e-02	6.427532889922601966e-02
8.756364086716062047e+02	3.032715474575344849e-01	1.932347250296657937e-01	2.161707849581921970e-01	1.327975885900211928e-01	6.497113566935647233e-02	2.501794302241654860e-02	6.453627527273647635e-02
8.804741788852616082e+02	3.023073456326458297e-01	1.925830471341863359e-01	2.168234173580009250e-01	1.332324489193700834e-01	6.514095016388074533e-02	2.511695437428055136e-02	6.479583641755870538e-02
8.853119490989170117e+02	3.013486283501005114e-01	1.919350706066504930e-01	2.174720234783540929e-01	1.336647581397979179e-01	6.530985866965717535e-02	2.521564249897179436e-02	6.505401825639110791e-02
8.901497193125721878e+02	3.003953639265608544e-01	1.912907746218204252e-01	2.181166297070403215e-01	1.340945316866089532e-01	6.547786676262720706e-02	2.531400657726089187e-02	6.531082671800438055e-02
8.949874895262273640e+02	2.994475208885690187e-01	1.906501384512466757e-01	2.187572622529765365e-01	1.345217848908098757e-01	6.564497994964273164e-02	2.541204583033011832e-02	6.556626773634800787e-02
8.998252597398827675e+02	2.985050679693942444e-01	1.900131414643678740e-01	2.193939471471730018e-01	1.349465329800692004e-01	6.581120367035739327e-02	2.550975951887933177e-02	6.582034724968191530e-02
9.046630299535379436e+02	2.975679741060329730e-01	1.893797631294856787e-01	2.200267102437042377e-01	1.353687910796601557e-01	6.597654329905346116e-02	2.560714694225388333e-02	6.607307119973254705e-02
9.095008001671932334e+02	2.966362084363514673e-01	1.887499830146245061e-01	2.206555772206858224e-01	1.357885742133883022e-01	6.614100414640620984e-02	2.570420743759389837e-02	6.632444553087270267e-02
9.143385703808486369e+02	2.957097402963618227e-01	1.881237807882839841e-01	2.212805735812563013e-01	1.362058973045036370e-01	6.630459146118826419e-02	2.580094037900430848e-02	6.657447618932460509e-02
9.191763405945038130e+02	2.947885392176217700e-01	1.875011362200920961e-01	2.219017246545638977e-01	1.366207751765985412e-01	6.646731043191594912e-02	2.589734517674499928e-02	6.682316912238560336e-02
9.240141108081592165e+02	2.938725749247509955e-01	1.868820291813665657e-01	2.225190555967581085e-01	1.370332225544911020e-01	6.662916618843962857e-02	2.599342127644056061e-02	6.707053027767588549e-02
9.288518810218145063e+02	2.929618173330550412e-01	1.862664396455908089e-01	2.231325913919850468e-01	1.374432540650950552e-01	6.679016380348026805e-02	2.608916815830901112e-02	6.731656560240766030e-02
9.336896512354697961e+02	2.920562365462504029e-01	1.856543476888110611e-01	2.237423568533870588e-01	1.378508842382762112e-01	6.695030829411376117e-02	2.618458533640898381e-02	6.756128104267537793e-02
9.385274214491247449e+02	2.911558028542846621e-01	1.850457334899603123e-01	2.243483766241054500e-01	1.382561275076960583e-01	6.710960462320524067e-02	2.627967235790484857e-02	6.780468254276622586e-02
9.433651916627801484e+02	2.902604867312438830e-01	1.844405773311147967e-01	2.249506751782865688e-01	1.386589982116428477e-01	6.726805770079478941e-02	2.637442880234925832e-02	6.804677604449060890e-02
9.482029618764355519e+02	2.893702588333431081e-01	1.838388595976875317e-01	2.255492768220906663e-01	1.390595105938502996e-01	6.742567238543654973e-02	2.646885428098260870e-02	6.828756748653197484e-02
9.530407320900908417e+02	2.884850899969933491e-01	1.832405607785642376e-01	2.261442056947031987e-01	1.394576788043047910e-01	6.758245348549266063e-02	2.656294843604894984e-02	6.852706280381555548e-02
9.578785023037459041e+02	2.876049512369412420e-01	1.826456614661854383e-01	2.267354857693481829e-01	1.398535169000407197e-01	6.773840576038371586e-02	2.665671094012787845e-02	6.876526792689552359e-02
9.627162725174014213e+02	2.867298137444756478e-01	1.820541423565792405e-01	2.273231408543035237e-01	1.402470388459249873e-01	6.789353392179725555e-02	2.675014149548198689e-02	6.900218878136003819e-02
9.675540427310568248e+02	2.858596488856973705e-01	1.814659842493482611e-01	2.279071945939177557e-01	1.406382585154302145e-01	6.804784263485574858e-02	2.684323983341938349e-02	6.923783128725385927e-02
9.723918129447120009e+02	2.849944281998483264e-01	1.808811680476142547e-01	2.284876704696280902e-01	1.410271896913976863e-01	6.820133651924538409e-02	2.693600571367091648e-02	6.947220135851796263e-02
9.772295831583674044e+02	2.841341233976951708e-01	1.802996747579237724e-01	2.290645918009792392e-01	1.414138460667897779e-01	6.835402015030730971e-02	2.702843892378166066e-02	6.970530490244575272e-02
9.820673533720223531e+02	2.832787063599655486e-01	1.797214854901179049e-01	2.296379817466429329e-01	1.417982412454322771e-01	6.850589806009223237e-02	2.712053927851627508e-02	6.993714781915547074e-02
9.869051235856777566e+02	2.824281491358328067e-01	1.791465814571685800e-01	2.302078633054378543e-01	1.421803887427469659e-01	6.865697473838007492e-02	2.721230661927788452e-02	7.016773600107843734e-02
9.917428937993331601e+02	2.815824239414456143e-01	1.785749439749847178e-01	2.307742593173495449e-01	1.425603019864745413e-01	6.880725463366559047e-02	2.730374081354005125e-02	7.039707533246253313e-02
9.965806640129884499e+02	2.807415031585008269e-01	1.780065544621897700e-01	2.313371924645501454e-01	1.429379943173882950e-01	6.895674215411119745e-02	2.739484175429153165e-02	7.062517168889081987e-02
1.001418434226643626e+03	2.799053593328563738e-01	1.774413944398735843e-01	2.318966852724176353e-01	1.433134789899984662e-01	6.910544166846835368e-02	2.748560935949346043e-02	7.085203093681469166e-02
1.006256204440298802e+03	2.790739651731817816e-01	1.768794455313203728e-01	2.324527601105545460e-01	1.436867691732478247e-01	6.925335750696824666e-02	2.757604357154858771e-02	7.107765893310116767e-02
1.011093974653954206e+03	2.782472935496439481e-01	1.763206894617149467e-01	2.330054391938054803e-01	1.440578779511984819e-01	6.940049396218318789e-02	2.766614435678229483e-02	7.130206152459421520e-02
1.015931744867609382e+03	2.774253174926263332e-01	1.757651080578286062e-01	2.335547445832736324e-01	1.444268183237100711e-01	6.954685528985944665e-02	2.775591170493503512e-02	7.152524454768947881e-02
1.020769515081264785e+03	2.766080101914792366e-01	1.752126832476867957e-01	2.341006981873359205e-01	1.447936032071097390e-01	6.969244570972271680e-02	2.784534562866593232e-02	7.174721382792220714e-02
1.025607285294920075e+03	2.757953449933000512e-01	1.746633970602199104e-01	2.346433217626564260e-01	1.451582454348539220e-01	6.983726940625700763e-02	2.793444616306715866e-02	7.196797517956803059e-02
1.030445055508575479e+03	2.749872954017406057e-01	1.741172316248986163e-01	2.351826369151978902e-01	1.455207577581821843e-01	6.998133052945806898e-02	2.802321336518891898e-02	7.218753440525622900e-02
1.035282825722230655e+03	2.741838350758409315e-01	1.735741691713550972e-01	2.357186651012315726e-01	1.458811528467630625e-01	7.012463319556203056e-02	2.811164731357465238e-02	7.240589729559518406e-02
1.040120595935886058e+03	2.733849378288880083e-01	1.730341920289915070e-01	2.362514276283443626e-01	1.462394432893324159e-01	7.026718148775017159e-02	2.819974810780626756e-02	7.262306962880976657e-02
1.044958366149541234e+03	2.725905776272974368e-01	1.724972826265767367e-01	2.367809456564439197e-01	1.465956415943243385e-01	7.040897945683077808e-02	2.828751586805908214e-02	7.283905717039017291e-02
1.049796136363196410e+03	2.718007285895170932e-01	1.719634234918326343e-01	2.373072401987610103e-01	1.469497601904945216e-01	7.055003112189865699e-02	2.837495073466625786e-02	7.305386567275223841e-02
1.054633906576851814e+03	2.710153649849519897e-01	1.714325972510103990e-01	2.378303321228490974e-01	1.473018114275366219e-01	7.069034047097329243e-02	2.846205286769245071e-02	7.326750087490857544e-02
1.059471676790506763e+03	2.702344612329083406e-01	1.709047866284584827e-01	2.383502421515810155e-01	1.476518075766913851e-01	7.082991146161621288e-02	2.854882244651646417e-02	7.347996850215052222e-02
1.064309447004162394e+03	2.694579919015566705e-01	1.703799744461826360e-01	2.388669908641425366e-01	1.479997608313489976e-01	7.096874802152834671e-02	2.863525966942266285e-02	7.369127426574052786e-02
1.069147217217817570e+03	2.686859317069122954e-01	1.698581436233988495e-01	2.393805986970227728e-01	1.483456833076445824e-01	7.110685404912815699e-02	2.872136475320091753e-02	7.390142386261465413e-02
1.073984987431472746e+03	2.679182555118331255e-01	1.693392771760800219e-01	2.398910859450011368e-01	1.486895870450470059e-01	7.124423341411095789e-02	2.880713793275485601e-02	7.411042297509511101e-02
1.078822757645127922e+03	2.671549383250323428e-01	1.688233582164969382e-01	2.403984727621306383e-01	1.490314840069412450e-01	7.138088995799043990e-02	2.889257946071822555e-02	7.431827727061238176e-02
1.083660527858783553e+03	2.663959553001074010e-01	1.683103699527543073e-01	2.409027791627176840e-01	1.493713860812042604e-01	7.151682749462257016e-02	2.897768960707916217e-02	7.452499240143677095e-02
1.088498298072438729e+03	2.656412817345826793e-01	1.678002956883224150e-01	2.414040250222981854e-01	1.497093050807745684e-01	7.165204981071290891e-02	2.906246865881213781e-02	7.473057400441916742e-02
1.093336068286093905e+03	2.648908930689662933e-01	1.672931188215648068e-01	2.419022300786094759e-01	1.500452527442156792e-01	7.178656066630759169e-02	2.914691691951743630e-02	7.493502770074079999e-02
1.098173838499749309e+03	2.641447648858193387e-01	1.667888228452627242e-01	2.423974139325583144e-01	1.503792407362734007e-01	7.192036379526868528e-02	2.923103470906792539e-02	7.513835909567159743e-02
1.103011608713404712e+03	2.634028729088386256e-01	1.662873913461365982e-01	2.428895960491848915e-01	1.507112806484272038e-01	7.205346290573444445e-02	2.931482236326297605e-02	7.534057377833716651e-02
1.107849378927059888e+03	2.626651930019504588e-01	1.657888080043651013e-01	2.433787957586222572e-01	1.510413839994357021e-01	7.218586168056499719e-02	2.939828023348934130e-02	7.554167732149402736e-02
1.112687149140715292e+03	2.619317011684160756e-01	1.652930565931020057e-01	2.438650322570518891e-01	1.513695622358764425e-01	7.231756377777383282e-02	2.948140868638881099e-02	7.574167528131289795e-02
1.117524919354370468e+03	2.612023735499481858e-01	1.648001209779915155e-01	2.443483246076542659e-01	1.516958267326798393e-01	7.244857283094575939e-02	2.956420810353248968e-02	7.594057319716984722e-02
1.122362689568025871e+03	2.604771864258379477e-01	1.643099851166821834e-01	2.448286917415554154e-01	1.520201887936578067e-01	7.257889244964178810e-02	2.964667888110155206e-02	7.613837659144520598e-02
1.127200459781681047e+03	2.597561162120917144e-01	1.638226330583397450e-01	2.453061524587685227e-01	1.523426596520266185e-01	7.270852621979118080e-02	2.972882142957426754e-02	7.633509096932986071e-02
1.132038229995336451e+03	2.590391394605775499e-01	1.633380489431592308e-01	2.457807254291309584e-01	1.526632504709247717e-01	7.283747770407131283e-02	2.981063617341919714e-02	7.653072181863884715e-02
1.136876000208991627e+03	2.583262328581814038e-01	1.628562170018766353e-01	2.462524291932365883e-01	1.529819723439249657e-01	7.296575044227579521e-02	2.989212355079438541e-02	7.672527460963211865e-02
