1.789974979052454671e+02	5.580221816599399975e-01	3.051317147876254077e-01	6.169277558391414451e-02	3.191164177891236270e-02	2.260166281296485322e-02	9.844509979196525498e-03	1.079551339737577949e-02
1.838352681189008138e+02	5.531466902487373050e-01	3.060309565435431201e-01	6.339302556822863643e-02	3.303734409735474553e-02	2.320821770399036574e-02	9.904484198348223120e-03	1.127928163972662448e-02
1.886730383325560467e+02	5.484672818053838439e-01	3.067751740923365111e-01	6.507676250606847512e-02	3.415047215991492274e-02	2.380184150107299973e-02	9.966903926141629580e-03	1.176156400901076128e-02
1.935108085462113081e+02	5.439713272751850459e-01	3.073755132025765002e-01	6.674452418727931657e-02	3.525148322805768397e-02	2.438309088890670828e-02	1.003167795524771179e-02	1.224238326267610040e-02
1.983485787598666263e+02	5.396470570580708115e-01	3.078423538000050197e-01	6.839681341856677921e-02	3.634080628486632825e-02	2.495249226694253031e-02	1.009871846365881058e-02	1.272175870781885702e-02
2.031863489735219162e+02	5.354835022360990848e-01	3.081853623890506433e-01	7.003410048637956353e-02	3.741884393666190106e-02	2.551054357934254280e-02	1.016794086529647541e-02	1.319970650709888227e-02
2.080241191871772060e+02	5.314704398217691139e-01	3.084135408874876250e-01	7.165682544794009512e-02	3.848597418510198154e-02	2.605771602755670158e-02	1.023926366836129358e-02	1.367623996171225820e-02
2.128618894008324673e+02	5.275983417520510033e-01	3.085352721196492620e-01	7.326540026229996783e-02	3.954255207860658816e-02	2.659445567330002286e-02	1.031260834097291745e-02	1.415136977304935588e-02
2.176996596144877287e+02	5.238583273718667721e-01	3.085583621968142065e-01	7.486021077248064537e-02	4.058891125135365846e-02	2.712118493918347015e-02	1.038789918367696505e-02	1.462510428455337554e-02
2.225374298281430470e+02	5.202421191682863322e-01	3.084900799977454144e-01	7.644161854899952924e-02	4.162536535752329320e-02	2.763830401376372176e-02	1.046506320842193784e-02	1.509744970518905882e-02
2.273752000417983652e+02	5.167420015330367322e-01	3.083371939477862478e-01	7.800996260437277618e-02	4.265220940794454269e-02	2.814619216732170900e-02	1.054403002363420161e-02	1.556841031583311961e-02
2.322129702554535982e+02	5.133507823461410657e-01	3.081060062813472111e-01	7.956556098752672057e-02	4.366972101580985505e-02	2.864520898425558515e-02	1.062473172504217571e-02	1.603798865980664637e-02
2.370507404691088880e+02	5.100617571876744361e-01	3.078023849599682560e-01	8.110871226643494303e-02	4.467816155766621278e-02	2.913569551757820564e-02	1.070710279192264858e-02	1.650618571868462531e-02
2.418885106827641494e+02	5.068686759978321410e-01	3.074317934063618418e-01	8.263969690672584578e-02	4.567777725546791345e-02	2.961797537064064789e-02	1.079107998846233485e-02	1.697300107443865114e-02
2.467262808964194392e+02	5.037657120178076209e-01	3.069993182038684987e-01	8.415877855347193848e-02	4.666880018508010736e-02	3.009235571085947664e-02	1.087660226994674982e-02	1.743843305889507950e-02
2.515640511100747290e+02	5.007474328554354370e-01	3.065096949005298721e-01	8.566620522287633765e-02	4.765144921625411034e-02	3.055912821990518918e-02	1.096361069350623198e-02	1.790247889142234511e-02
2.564018213237300188e+02	4.978087735302319516e-01	3.059673320474635694e-01	8.716221041010867310e-02	4.862593088875210440e-02	3.101856998451061123e-02	1.105204833316543803e-02	1.836513480569720858e-02
2.612395915373852517e+02	4.949450113624120906e-01	3.053763335923482258e-01	8.864701411911216078e-02	4.959244022897914272e-02	3.147094433177945183e-02	1.114186019895821098e-02	1.882639616634028401e-02
2.660773617510405415e+02	4.921517425797245493e-01	3.047405197405639310e-01	9.012082381980279777e-02	5.055116151118257267e-02	3.191650161261582602e-02	1.123299315988416161e-02	1.928625757615582900e-02
2.709151319646958882e+02	4.894248605245810069e-01	3.040634463888307049e-01	9.158383533770717011e-02	5.150226896700140639e-02	3.235547993665335853e-02	1.132539587049689184e-02	1.974471297465917041e-02
2.757529021783511780e+02	4.867605353519929845e-01	3.033484232290180049e-01	9.303623368073839217e-02	5.244592744688966746e-02	3.278810586183694004e-02	1.141901870092646917e-02	2.020175572852731319e-02
2.805906723920064678e+02	4.841551951163233780e-01	3.025985306131108721e-01	9.447819380748466445e-02	5.338229303669687897e-02	3.321459504159986892e-02	1.151381367015063412e-02	2.065737871456348532e-02
2.854284426056617008e+02	4.816055081518355596e-01	3.018166352640976879e-01	9.590988134108383023e-02	5.431151363246463498e-02	3.363515283238278919e-02	1.160973438234034344e-02	2.111157439572492606e-02
2.902662128193169337e+02	4.791083666585247425e-01	3.010054049117422137e-01	9.733145323247578695e-02	5.523372947628883700e-02	3.404997486405813428e-02	1.170673596611566253e-02	2.156433489072443963e-02
2.951039830329722804e+02	4.766608714107719025e-01	3.001673219268009007e-01	9.874305837656305318e-02	5.614907365590281196e-02	3.445924757565300284e-02	1.180477501655776036e-02	2.201565203768032428e-02
2.999417532466276270e+02	4.742603175120029269e-01	2.993046960222137676e-01	1.001448381845658625e-01	5.705767257045490232e-02	3.486314871860465153e-02	1.190380953983186108e-02	2.246551745225576144e-02
3.047795234602828600e+02	4.719041811237894568e-01	2.984196760851077213e-01	1.015369271156313369e-01	5.795964636478508070e-02	3.526184782963404790e-02	1.200379890028460336e-02	2.291392258069753496e-02
3.096172936739380930e+02	4.695901071027260287e-01	2.975142611990842512e-01	1.029194531705443505e-01	5.885510933434782987e-02	3.565550667518516820e-02	1.210470376988719704e-02	2.336085874815493554e-02
3.144550638875934396e+02	4.673158974829780821e-01	2.965903109121940662e-01	1.042925383501915743e-01	5.974417030278172253e-02	3.604427966924819010e-02	1.220648607990333472e-02	2.380631720263278600e-02
3.192928341012487294e+02	4.650795007466438924e-01	2.956495548022105568e-01	1.056562990812460329e-01	6.062693297398949466e-02	3.642831426626477742e-02	1.230910897466779702e-02	2.425028915490725842e-02
3.241306043149040192e+02	4.628790018280335428e-01	2.946936013872822335e-01	1.070108466113694201e-01	6.150349626046511253e-02	3.680775133070138955e-02	1.241253676736830264e-02	2.469276581470992299e-02
3.289683745285592522e+02	4.607126128016537647e-01	2.937239464267559219e-01	1.083562873760698653e-01	6.237395458948573335e-02	3.718272548477172951e-02	1.251673489772931087e-02	2.513373842346360715e-02
3.338061447422145420e+02	4.585786642071240093e-01	2.927419806538970048e-01	1.096927233392052392e-01	6.323839818867590945e-02	3.755336543569206403e-02	1.262166989150230109e-02	2.557319828383345511e-02
3.386439149558698318e+02	4.564755969674478275e-01	2.917489969793777282e-01	1.110202523089838383e-01	6.409691335234848908e-02	3.791979428376193034e-02	1.272730932167247427e-02	2.601113678633774906e-02
3.434816851695251216e+02	4.544019548600468084e-01	2.907461972017462148e-01	1.123389682311862203e-01	6.494958268993070161e-02	3.828212981247777064e-02	1.283362177129691167e-02	2.644754543324551524e-02
3.483194553831804114e+02	4.523563775027397149e-01	2.897346982586100350e-01	1.136489614612121585e-01	6.579648535769461182e-02	3.864048476180796665e-02	1.294057679789401352e-02	2.688241585997169433e-02
3.531572255968357013e+02	4.503375938194384420e-01	2.887155380499606960e-01	1.149503190164455485e-01	6.663769727492793726e-02	3.899496708568363224e-02	1.304814489930853326e-02	2.731573985416542796e-02
3.579949958104909342e+02	4.483444159527408268e-01	2.876896808629154090e-01	1.162431248103263093e-01	6.747329132560345166e-02	3.934568019469060485e-02	1.315629748098071268e-02	2.774750937267300363e-02
3.628327660241463377e+02	4.463757335928470460e-01	2.866580224251485953e-01	1.175274598694219796e-01	6.830333754653314382e-02	3.969272318488373946e-02	1.326500682455201800e-02	2.817771655654379911e-02
3.676705362378016275e+02	4.444305086943182714e-01	2.856213946124204761e-01	1.188034025347017714e-01	6.912790330292614693e-02	4.003619105358451752e-02	1.337424605774366337e-02	2.860635374423546595e-02
3.725083064514568036e+02	4.425077705541431428e-01	2.845805698338714218e-01	1.200710286481320027e-01	6.994705345220608717e-02	4.037617490296693812e-02	1.348398912544757945e-02	2.903341348316319098e-02
3.773460766651120935e+02	4.406066112263948287e-01	2.835362651171305926e-01	1.213304117256344405e-01	7.076085049688600470e-02	4.071276213218436024e-02	1.359421076197282231e-02	2.945888853972734173e-02
3.821838468787673833e+02	4.387261812504515968e-01	2.824891459137804373e-01	1.225816231173759707e-01	7.156935472724375302e-02	4.104603661874115655e-02	1.370488646439345023e-02	2.988277190794406263e-02
3.870216170924226162e+02	4.368656856713296066e-01	2.814398296443110792e-01	1.238247321562908343e-01	7.237262435449047515e-02	4.137607888976747861e-02	1.381599246694679810e-02	3.030505681679415350e-02
3.918593873060780197e+02	4.350243803321429681e-01	2.803888890003920498e-01	1.250598062956739254e-01	7.317071563507751564e-02	4.170296628381288395e-02	1.392750571643383214e-02	3.072573673639725569e-02
3.966971575197332527e+02	4.332015684200762329e-01	2.793368550210655332e-01	1.262869112366247770e-01	7.396368298674296793e-02	4.202677310373488517e-02	1.403940384857579708e-02	3.114480538311029806e-02
4.015349277333884856e+02	4.313965972485245270e-01	2.782842199583329679e-01	1.275061110460676550e-01	7.475157909685797852e-02	4.234757076122142722e-02	1.415166516528380998e-02	3.156225672364205981e-02
4.063726979470438323e+02	4.296088552592460252e-01	2.772314399465461432e-01	1.287174682660223446e-01	7.553445502359514008e-02	4.266542791345175750e-02	1.426426861280029844e-02	3.197808497826869906e-02
4.112104681606991221e+02	4.278377692294751400e-01	2.761789374890270543e-01	1.299210440147531842e-01	7.631236029040511237e-02	4.298041059236764466e-02	1.437719376067331939e-02	3.239228462322892715e-02
4.160482383743544119e+02	4.260828016699747534e-01	2.751271037744256187e-01	1.311168980803797957e-01	7.708534297425488624e-02	4.329258232699700198e-02	1.449042078152684015e-02	3.280485039237154149e-02
4.208860085880095880e+02	4.243434484009665497e-01	2.740763008344637708e-01	1.323050890074919106e-01	7.785344978805011640e-02	4.360200425924357776e-02	1.460393043159191086e-02	3.321577727812263792e-02
4.257237788016648778e+02	4.226192362937691294e-01	2.730268635539227495e-01	1.334856741772732780e-01	7.861672615763494465e-02	4.390873525353020806e-02	1.471770403196548047e-02	3.362506053183472038e-02
4.305615490153201677e+02	4.209097211668101357e-01	2.719791015429819381e-01	1.346587098816032502e-01	7.937521629373628373e-02	4.421283200065845298e-02	1.483172345056527064e-02	3.403269566357517567e-02
4.353993192289755143e+02	4.192144858254500117e-01	2.709333008813314403e-01	1.358242513915723926e-01	8.012896325919417750e-02	4.451434911622452473e-02	1.494597108475071053e-02	3.443867844140735546e-02
4.402370894426308041e+02	4.175331382357803101e-01	2.698897257428310992e-01	1.369823530208177376e-01	8.087800903179674650e-02	4.481333923390998925e-02	1.506042984458146224e-02	3.484300489021328190e-02
4.450748596562860939e+02	4.158653098232323320e-01	2.688486199088920836e-01	1.381330681840542418e-01	8.162239456301668972e-02	4.510985309394557885e-02	1.517508313668641459e-02	3.524567129010329480e-02
4.499126298699413837e+02	4.142106538874568145e-01	2.678102081781955635e-01	1.392764494511528062e-01	8.236215983292566323e-02	4.540393962702791997e-02	1.528991484871744348e-02	3.564667417445449571e-02
4.547504000835967304e+02	4.125688441255222494e-01	2.667746976798421876e-01	1.404125485970906251e-01	8.309734390154450978e-02	4.569564603395127184e-02	1.540490933436340290e-02	3.604601032761652751e-02
4.595881702972519065e+02	4.109395732560213177e-01	2.657422790965425219e-01	1.415414166480760405e-01	8.382798495686945295e-02	4.598501786120016976e-02	1.552005139890107709e-02	3.644367678232023761e-02
4.644259405109071963e+02	4.093225517371834599e-01	2.647131278040033564e-01	1.426631039241294530e-01	8.455412035979820162e-02	4.627209907273352463e-02	1.563532628526088583e-02	3.683967081682204547e-02
4.692637107245624861e+02	4.077175065725625602e-01	2.636874049322463498e-01	1.437776600783809422e-01	8.527578668616442314e-02	4.655693211817635985e-02	1.575071966058625567e-02	3.723398995181409488e-02
4.741014809382177759e+02	4.061241801983099808e-01	2.626652583542011810e-01	1.448851341333278475e-01	8.599301976607524878e-02	4.683955799762225258e-02	1.586621760326651503e-02	3.762663194712800863e-02
4.789392511518730657e+02	4.045423294464511876e-01	2.616468236065511155e-01	1.459855745142772110e-01	8.670585472073295830e-02	4.712001632323672279e-02	1.598180659042415172e-02	3.801759479825774640e-02
4.837770213655284124e+02	4.029717245789684044e-01	2.606322247474670561e-01	1.470790290801824995e-01	8.741432599690956984e-02	4.739834537784038543e-02	1.609747348583816587e-02	3.840687673272502600e-02
4.886147915791837022e+02	4.014121483878451691e-01	2.596215751555497886e-01	1.481655451520694777e-01	8.811846739923211158e-02	4.767458217063968301e-02	1.621320552828608985e-02	3.879447620630888105e-02
4.934525617928388783e+02	3.998633953565610133e-01	2.586149782740043146e-01	1.492451695392311706e-01	8.881831212042491652e-02	4.794876249026271131e-02	1.632899032028808234e-02	3.918039189915907550e-02
4.982903320064942250e+02	3.983252708788337371e-01	2.576125283037949965e-01	1.503179485633597545e-01	8.951389276964595576e-02	4.822092095524820737e-02	1.644481581723720304e-02	3.956462271181147156e-02
5.031281022201495148e+02	3.967975905306931894e-01	2.566143108492729974e-01	1.513839280807710019e-01	9.020524139904463612e-02	4.849109106212675518e-02	1.656067031690073785e-02	3.994716776112204604e-02
5.079658724338048046e+02	3.952801793922382512e-01	2.556204035195296931e-01	1.524431535028660523e-01	9.089238952865974497e-02	4.875930523122491700e-02	1.667654244927817622e-02	4.032802637613459168e-02
5.128036426474600376e+02	3.937728714156800702e-01	2.546308764885062970e-01	1.534956698149634591e-01	9.157536816976856453e-02	4.902559485031509484e-02	1.679242116680194560e-02	4.070719809389608534e-02
5.176414128611153274e+02	3.922755088365046383e-01	2.536457930166826080e-01	1.545415215936273845e-01	9.225420784679003172e-02	4.928999031622675192e-02	1.690829573486781270e-02	4.108468265523233798e-02
5.224791830747705035e+02	3.907879416248067339e-01	2.526652099369751658e-01	1.555807530226058222e-01	9.292893861783861620e-02	4.955252107452751131e-02	1.702415572268225347e-02	4.146048000049544491e-02
5.273169532884259070e+02	3.893100269740464303e-01	2.516891781072947420e-01	1.566134079074872898e-01	9.359959009401819241e-02	4.981321565737645979e-02	1.713999099441480475e-02	4.183459026529359054e-02
5.321547235020811968e+02	3.878416288246699373e-01	2.507177428320452317e-01	1.576395296891739406e-01	9.426619145753997731e-02	5.007210171964578821e-02	1.725579170064384452e-02	4.220701377621272760e-02
5.369924937157364866e+02	3.863826174202101837e-01	2.497509442546902991e-01	1.586591614562639918e-01	9.492877147874212440e-02	5.032920607340134883e-02	1.737154827008476066e-02	4.257775104653878373e-02
5.418302639293917764e+02	3.849328688936450860e-01	2.487888177233683051e-01	1.596723459564286518e-01	9.558735853208397137e-02	5.058455472082735993e-02	1.748725140158997882e-02	4.294680277198822949e-02
5.466680341430470662e+02	3.834922648819454882e-01	2.478313941314008728e-01	1.606791256068622609e-01	9.624198061118253988e-02	5.083817288567557546e-02	1.760289205641071483e-02	4.331416982645416164e-02
5.515058043567023560e+02	3.820606921668843747e-01	2.468787002344138004e-01	1.616795425038793088e-01	9.689266534295455646e-02	5.109008504331458839e-02	1.771846145071081721e-02	4.367985325777420241e-02
5.563435745703576458e+02	3.806380423403113999e-01	2.459307589456712073e-01	1.626736384317262474e-01	9.753944000092290567e-02	5.134031494945056479e-02	1.783395104832338068e-02	4.404385428352600163e-02
5.611813447840129356e+02	3.792242114922199092e-01	2.449875896111152751e-01	1.636614548706706307e-01	9.818233151774245770e-02	5.158888566758661198e-02	1.794935255374128374e-02	4.440617428685556672e-02
5.660191149976681118e+02	3.778190999200483624e-01	2.440492082655006389e-01	1.646430330044260648e-01	9.882136649699654884e-02	5.183581959528417438e-02	1.806465790533313270e-02	4.476681481234284082e-02
5.708568852113234016e+02	3.764226118577636004e-01	2.431156278709178664e-01	1.656184137269669787e-01	9.945657122431177111e-02	5.208113848928628414e-02	1.817985926877644168e-02	4.512577756190889328e-02
5.756946554249786914e+02	3.750346552233735919e-01	2.421868585389123363e-01	1.665876376487828436e-01	1.000879716778357437e-01	5.232486348955905225e-02	1.829494903070023187e-02	4.548306439076808816e-02
5.805324256386339812e+02	3.736551413836097790e-01	2.412629077373214248e-01	1.675507451026183314e-01	1.007155935381194717e-01	5.256701514230469052e-02	1.840991979252953534e-02	4.583867730342870012e-02
5.853701958522892710e+02	3.722839849346050167e-01	2.403437804828769120e-01	1.685077761487417947e-01	1.013394621974427340e-01	5.280761342199630226e-02	1.852476436452460754e-02	4.619261844974455883e-02
5.902079660659445608e+02	3.709211034974736476e-01	2.394294795205470505e-01	1.694587705797817867e-01	1.019596027686191092e-01	5.304667775248207012e-02	1.863947576000791334e-02	4.654489012102039358e-02
5.950457362795999643e+02	3.695664175277743047e-01	2.385200054905269040e-01	1.704037679251680926e-01	1.025760400933140304e-01	5.328422702720352067e-02	1.875404718977230142e-02	4.689549474617282776e-02
5.998835064932552541e+02	3.682198501379079225e-01	2.376153570837223894e-01	1.713428074552109104e-01	1.031887987499073289e-01	5.352027962857056759e-02	1.886847205666392080e-02	4.724443488794902862e-02
6.047212767069104302e+02	3.668813269315647219e-01	2.367155311865168088e-01	1.722759281848494917e-01	1.037979030609297859e-01	5.375485344653313513e-02	1.898274395033381495e-02	4.759171323920436542e-02
6.095590469205657200e+02	3.655507758493986015e-01	2.358205230155534238e-01	1.732031688770988842e-01	1.044033771001009331e-01	5.398796589638753252e-02	1.909685664215229201e-02	4.793733261924053302e-02
6.143968171342210098e+02	3.642281270251599423e-01	2.349303262432183292e-01	1.741245680462213397e-01	1.050052446989936800e-01	5.421963393585343266e-02	1.921080408028042266e-02	4.828129597020509867e-02
6.192345873478761860e+02	3.629133126515731167e-01	2.340449331144605905e-01	1.750401639606471993e-01	1.056035294533494984e-01	5.444987408145532393e-02	1.932458038489321892e-02	4.862360635355332528e-02
6.240723575615315895e+02	3.616062668552921799e-01	2.331643345555432789e-01	1.759499946456672681e-01	1.061982547290665907e-01	5.467870242424074240e-02	1.943817984354927544e-02	4.896426694657301376e-02
6.289101277751868793e+02	3.603069255803142412e-01	2.322885202752780764e-01	1.768540978859180768e-01	1.067894436678816367e-01	5.490613464486565620e-02	1.955159690670189854e-02	4.930328103897272524e-02
6.337478979888421691e+02	3.590152264792735859e-01	2.314174788592587295e-01	1.777525112276789609e-01	1.073771191927644919e-01	5.513218602807597180e-02	1.966482618334679938e-02	4.964065202953374389e-02
6.385856682024975726e+02	3.577311088120765925e-01	2.305511978575729426e-01	1.786452719809986378e-01	1.079613040130440044e-01	5.535687147661239038e-02	1.977786243680179287e-02	4.997638342282592627e-02
6.434234384161527487e+02	3.564545133513771780e-01	2.296896638664397972e-01	1.795324172216675174e-01	1.085420206292816714e-01	5.558020552456470476e-02	1.989070058061398125e-02	5.031047882598754101e-02
6.482612086298080385e+02	3.551853822944247008e-01	2.288328626041887248e-01	1.804139837930509027e-01	1.091192913379090135e-01	5.580220235020007247e-02	2.000333567459012737e-02	5.064294194556889089e-02
6.530989788434633283e+02	3.539236591808495036e-01	2.279807789819686126e-01	1.812900083077966518e-01	1.096931382356433476e-01	5.602287578828860082e-02	2.011576292094607865e-02	5.097377658443963400e-02
6.579367490571185044e+02	3.526692888159804751e-01	2.271333971695473908e-01	1.821605271494299016e-01	1.102635832236955604e-01	5.624223934194848978e-02	2.022797766057126898e-02	5.130298663875940135e-02
6.627745192707737942e+02	3.514222171993161559e-01	2.262907006565393064e-01	1.830255764738465407e-01	1.108306480117828702e-01	5.646030619403168832e-02	2.033997536940442344e-02	5.163057609501148920e-02
6.676122894844290840e+02	3.501823914577985586e-01	2.254526723093734641e-01	1.838851922107161974e-01	1.113943541219584166e-01	5.667708921807010358e-02	2.045175165491678465e-02	5.195654902709893191e-02
6.724500596980843738e+02	3.489497597835608533e-01	2.246192944242951517e-01	1.847394100648042103e-01	1.119547228922688903e-01	5.689260098880138949e-02	2.056330225269930451e-02	5.228090959350266409e-02
6.772878299117396637e+02	3.477242713758441073e-01	2.237905487766725099e-01	1.855882655172216011e-01	1.125117754802506947e-01	5.710685379229234193e-02	2.067462302315035624e-02	5.260366203450097394e-02
6.821256001253949535e+02	3.465058763867977509e-01	2.229664166668618164e-01	1.864317938266112640e-01	1.130655328662743264e-01	5.731985963567702569e-02	2.078570994826065346e-02	5.292481066944974832e-02
6.869633703390502433e+02	3.452945258708999265e-01	2.221468789628676110e-01	1.872700300302780063e-01	1.136160158567460637e-01	5.753163025652607149e-02	2.089655912849218769e-02	5.324435989412271836e-02
6.918011405527055331e+02	3.440901717377491953e-01	2.213319161400172375e-01	1.881030089452688236e-01	1.141632450871755966e-01	5.774217713186261675e-02	2.100716677974814525e-02	5.356231417811099099e-02
6.966389107663608229e+02	3.428927667079986752e-01	2.205215083178551083e-01	1.889307651694100143e-01	1.147072410251173680e-01	5.795151148683966996e-02	2.111752923043077115e-02	5.387867806228104767e-02
7.014766809800161127e+02	3.417022642722176706e-01	2.197156352944472368e-01	1.897533330823064912e-01	1.152480239729933298e-01	5.815964430309309569e-02	2.122764291858435931e-02	5.419345615629046764e-02
7.063144511936714025e+02	3.405186186524816194e-01	2.189142765782739197e-01	1.905707468463087861e-01	1.157856140708037190e-01	5.836658632678348724e-02	2.133750438912064909e-02	5.450665313616048779e-02
7.111522214073266923e+02	3.393417847665035070e-01	2.181174114178762447e-01	1.913830404074520763e-01	1.163200312987326818e-01	5.857234807633986823e-02	2.144711029112389075e-02	5.481827374190448993e-02
7.159899916209819821e+02	3.381717181941341632e-01	2.173250188294104657e-01	1.921902474963715912e-01	1.168512954796545877e-01	5.877693984991727572e-02	2.155645737523306099e-02	5.512832277521161756e-02
7.208277618346371582e+02	3.370083751460699051e-01	2.165370776222541871e-01	1.929924016291984512e-01	1.173794262815468642e-01	5.898037173258000032e-02	2.166554249109877567e-02	5.543680509718455773e-02
7.256655320482924481e+02	3.358517124346166449e-01	2.157535664227981376e-01	1.937895361084388812e-01	1.179044432198145809e-01	5.918265360322147450e-02	2.177436258491242255e-02	5.574372562613055110e-02
7.305033022619478515e+02	3.347016874463707437e-01	2.149744636965481015e-01	1.945816840238406009e-01	1.184263656595317682e-01	5.938379514123134223e-02	2.188291469700533523e-02	5.604908933540479754e-02
7.353410724756030277e+02	3.335582581166856575e-01	2.141997477686533591e-01	1.953688782532486679e-01	1.189452128176041734e-01	5.958380583291997962e-02	2.199119595951565601e-02	5.635290125130521660e-02
7.401788426892584312e+02	3.324213829058035308e-01	2.134293968429695487e-01	1.961511514634534381e-01	1.194610037648577427e-01	5.978269497770994506e-02	2.209920359412083021e-02	5.665516645101766752e-02
7.450166129029136073e+02	3.312910207765374371e-01	2.126633890197571763e-01	1.969285361110330590e-01	1.199737574280569791e-01	5.998047169410369861e-02	2.220693490983362273e-02	5.695589006061073378e-02
7.498543831165690108e+02	3.301671311733995196e-01	2.119017023121090859e-01	1.977010644431923814e-01	1.204834925918569083e-01	6.017714492543627114e-02	2.231438730085964425e-02	5.725507725307900364e-02
7.546921533302243006e+02	3.290496740030756095e-01	2.111443146611950428e-01	1.984687684986000122e-01	1.209902279006922765e-01	6.037272344542139041e-02	2.242155824451447232e-02	5.755273324643406241e-02
7.595299235438793630e+02	3.279386096161565622e-01	2.103912039504041154e-01	1.992316801082252287e-01	1.214939818606073502e-01	6.056721586349909231e-02	2.252844529919849001e-02	5.784886330184211417e-02
7.643676937575347665e+02	3.268338987900387682e-01	2.096423480184612109e-01	1.999898308961760851e-01	1.219947728410293725e-01	6.076063062999245701e-02	2.263504610242765558e-02	5.814347272180742099e-02
7.692054639711900563e+02	3.257355027129160141e-01	2.088977246715884861e-01	2.007432522805399355e-01	1.224926190764887846e-01	6.095297604108090156e-02	2.274135836891840942e-02	5.843656684840049798e-02
7.740432341848452324e+02	3.246433829687873085e-01	2.081573116947771918e-01	2.014919754742275082e-01	1.229875386682886679e-01	6.114426024359696094e-02	2.284737988872510839e-02	5.872815106153030096e-02
7.788810043985006359e+02	3.235575015234130603e-01	2.074210868622313741e-01	2.022360314858211716e-01	1.234795495861263220e-01	6.133449123965348249e-02	2.295310852542829447e-02	5.901823077725933120e-02
7.837187746121558121e+02	3.224778207111536066e-01	2.066890279470408320e-01	2.029754511204287237e-01	1.239686696696692125e-01	6.152367689110745802e-02	2.305854221437226778e-02	5.930681144616084532e-02
7.885565448258112156e+02	3.214043032226320262e-01	2.059611127301359812e-01	2.037102649805427601e-01	1.244549166300876059e-01	6.171182492386688423e-02	2.316367896095040957e-02	5.959389855171730310e-02
7.933943150394665054e+02	3.203369120931635616e-01	2.052373190085746701e-01	2.044405034669066201e-01	1.249383080515459737e-01	6.189894293204638992e-02	2.326851683893683270e-02	5.987949760875903998e-02
7.982320852531219089e+02	3.192756106919010239e-01	2.045176246032069378e-01	2.051661967793871055e-01	1.254188613926552898e-01	6.208503838197745872e-02	2.337305398886288521e-02	6.016361416194243583e-02
8.030698554667769713e+02	3.182203627116473865e-01	2.038020073657606512e-01	2.058873749178546653e-01	1.258965939878879670e-01	6.227011861607862492e-02	2.347728861643718148e-02	6.044625378426662227e-02
8.079076256804323748e+02	3.171711321592902699e-01	2.030904451853882686e-01	2.066040676830708800e-01	1.263715230489573238e-01	6.245419085659079106e-02	2.358121899100780808e-02	6.072742207562790290e-02
8.127453958940876646e+02	3.161278833468155192e-01	2.023829159947117262e-01	2.073163046775838292e-01	1.268436656661630635e-01	6.263726220918276744e-02	2.368484344406541695e-02	6.100712466141106072e-02
8.175831661077428407e+02	3.150905808828625143e-01	2.016793977754004763e-01	2.080241153066313131e-01	1.273130388097045707e-01	6.281933966643181433e-02	2.378816036778600568e-02	6.128536719111672693e-02
8.224209363213982442e+02	3.140591896647833003e-01	2.009798685633150395e-01	2.087275287790520684e-01	1.277796593309633022e-01	6.300043011118373892e-02	2.389116821361210452e-02	6.156215533702399934e-02
8.272587065350534203e+02	3.130336748711712302e-01	2.002843064532457418e-01	2.094265741082051990e-01	1.282435439637555907e-01	6.318054031979700169e-02	2.399386549087131892e-02	6.183749479288743606e-02
8.320964767487085965e+02	3.120140019548291455e-01	1.995926896032756137e-01	2.101212801128972407e-01	1.287047093255575814e-01	6.335967696527504411e-02	2.409625076543102026e-02	6.211139127266783466e-02
8.369342469623640000e+02	3.110001366361457298e-01	1.989049962387925419e-01	2.108116754183174957e-01	1.291631719187028848e-01	6.353784662029098029e-02	2.419832265838811614e-02	6.238385050929576986e-02
8.417720171760191761e+02	3.099920448968533360e-01	1.982212046561759589e-01	2.114977884569809452e-01	1.296189481315545011e-01	6.371505576010851046e-02	2.430007984479288022e-02	6.265487825346736928e-02
8.466097873896745796e+02	3.089896929741419163e-01	1.975412932261801091e-01	2.121796474696791834e-01	1.300720542396522905e-01	6.389131076540274790e-02	2.440152105240579045e-02	6.292448027247141140e-02
8.514475576033297557e+02	3.079930473551048542e-01	1.968652403970353737e-01	2.128572805064385953e-01	1.305225064068364083e-01	6.406661792498473396e-02	2.450264506048642488e-02	6.319266234904710733e-02
8.562853278169851592e+02	3.070020747714938825e-01	1.961930246972871383e-01	2.135307154274861396e-01	1.309703206863481184e-01	6.424098343843295811e-02	2.460345069861344033e-02	6.345943028027185850e-02
8.611230980306403353e+02	3.060167421947636024e-01	1.955246247383906899e-01	2.141999799042220709e-01	1.314155130219089862e-01	6.441441341863528292e-02	2.470393684553472136e-02	6.372478987647822724e-02
8.659608682442956251e+02	3.050370168313853991e-01	1.948600192170791834e-01	2.148651014201996556e-01	1.318580992487786985e-01	6.458691389424447982e-02	2.480410242804680435e-02	6.398874696019948849e-02
8.707986384579510286e+02	3.040628661184124892e-01	1.941991869175201946e-01	2.155261072721116333e-01	1.322980950947931778e-01	6.475849081205048430e-02	2.490394641990272689e-02	6.425130736514300667e-02
8.756364086716062047e+02	3.030942577192806686e-01	1.935421067132765127e-01	2.161830245707829778e-01	1.327355161813829620e-01	6.492915003927221540e-02	2.500346784074746614e-02	6.451247693519097937e-02
8.804741788852616082e+02	3.021311595198273858e-01	1.928887575690838851e-01	2.168358802421696541e-01	1.331703780245730995e-01	6.509889736577199881e-02	2.510266575508014394e-02	6.477226152342767385e-02
8.853119490989170117e+02	3.011735396245159846e-01	1.922391185424595639e-01	2.174847010283634252e-01	1.336026960359650018e-01	6.526773850619513317e-02	2.520153927124221815e-02	6.503066699119258720e-02
8.901497193125721878e+02	3.002213663528507936e-01	1.915931687851527843e-01	2.181295134886021003e-01	1.340324855237008395e-01	6.543567910203748617e-02	2.530008754043095234e-02	6.528769920715904451e-02
8.949874895262273640e+02	2.992746082359706294e-01	1.909508875444489162e-01	2.187703440002848054e-01	1.344597616934114503e-01	6.560272472364334084e-02	2.539830975573734162e-02	6.554336404643744396e-02
8.998252597398827675e+02	2.983332340134091654e-01	1.903122541643374466e-01	2.194072187599924728e-01	1.348845396491480386e-01	6.576888087213626777e-02	2.549620515120788050e-02	6.579766738970277418e-02
9.046630299535379436e+02	2.973972126300102881e-01	1.896772480865529797e-01	2.200401637845127156e-01	1.353068343942980534e-01	6.593415298128517399e-02	2.559377300092940608e-02	6.605061512234544630e-02
9.095008001671932334e+02	2.964665132329899477e-01	1.890458488514992763e-01	2.206692049118689491e-01	1.357266608324862733e-01	6.609854641930781871e-02	2.569101261813640583e-02	6.630221313364542679e-02
9.143385703808486369e+02	2.955411051691327340e-01	1.884180360990637682e-01	2.212943678023536476e-01	1.361440337684610979e-01	6.626206649061405773e-02	2.578792335434014135e-02	6.655246731596864418e-02
9.191763405945038130e+02	2.946209579821162938e-01	1.877937895693306825e-01	2.219156779395651258e-01	1.365589679089669606e-01	6.642471843749085669e-02	2.588450459847891488e-02	6.680138356398532262e-02
9.240141108081592165e+02	2.937060414099539329e-01	1.871730891032001021e-01	2.225331606314475963e-01	1.369714778636028085e-01	6.658650744173114089e-02	2.598075577608895473e-02	6.704896777390971507e-02
9.288518810218145063e+02	2.927963253825484058e-01	1.865559146429197623e-01	2.231468410113342515e-01	1.373815781456675100e-01	6.674743862620835522e-02	2.607667634849525351e-02	6.729522584276069475e-02
9.336896512354697961e+02	2.918917800193499001e-01	1.859422462325355241e-01	2.237567440389932050e-01	1.377892831729924106e-01	6.690751705639874647e-02	2.617226581202185265e-02	6.754016366764277468e-02
9.385274214491247449e+02	2.909923756271099449e-01	1.853320640182667955e-01	2.243628945016755138e-01	1.381946072687613158e-01	6.706674774185304722e-02	2.626752369722099370e-02	6.778378714504690317e-02
9.433651916627801484e+02	2.900980826977276328e-01	1.847253482488121767e-01	2.249653170151654780e-01	1.385975646623185398e-01	6.722513563761940703e-02	2.636244956812062307e-02	6.802610217017064642e-02
9.482029618764355519e+02	2.892088719061797208e-01	1.841220792755904334e-01	2.255640360248328535e-01	1.389981694899651843e-01	6.738268564561918084e-02	2.645704302148972273e-02	6.826711463625739773e-02
9.530407320900908417e+02	2.883247141085311660e-01	1.835222375529212691e-01	2.261590758066861495e-01	1.393964357957437894e-01	6.753940261597728145e-02	2.655130368612096045e-02	6.850683043395393301e-02
9.578785023037459041e+02	2.874455803400192133e-01	1.829258036381509189e-01	2.267504604684273950e-01	1.397923775322121864e-01	6.769529134830862271e-02	2.664523122213020498e-02	6.874525545068606303e-02
9.627162725174014213e+02	2.865714418132082053e-01	1.823327581917260631e-01	2.273382139505077115e-01	1.401860085612064433e-01	6.785035659296204114e-02	2.673882532027241007e-02	6.898239557005178546e-02
9.675540427310568248e+02	2.857022699162093948e-01	1.817430819772200834e-01	2.279223600271835792e-01	1.405773426545931515e-01	6.800460305222344459e-02	2.683208570127341985e-02	6.921825667123163162e-02
9.723918129447120009e+02	2.848380362109620423e-01	1.811567558613152440e-01	2.285029223075734361e-01	1.409663934950116937e-01	6.815803538147927054e-02	2.692501211517726867e-02	6.945284462841581907e-02
9.772295831583674044e+02	2.839787124315721889e-01	1.805737608137440442e-01	2.290799242367141386e-01	1.413531746766064912e-01	6.831065819034183584e-02	2.701760434070854533e-02	6.968616531024757199e-02
9.820673533720223531e+02	2.831242704827051093e-01	1.799940779071930452e-01	2.296533890966176439e-01	1.417376997057494536e-01	6.846247604373777162e-02	2.710986218464937758e-02	6.991822457928245638e-02
9.869051235856777566e+02	2.822746824380285569e-01	1.794176883171715309e-01	2.302233400073268876e-01	1.421199820017530202e-01	6.861349346296082008e-02	2.720178548123069334e-02	7.014902829146328622e-02
9.917428937993331601e+02	2.814299205387037484e-01	1.788445733218481659e-01	2.307897999279711621e-01	1.425000348975739850e-01	6.876371492669032526e-02	2.729337409153731464e-02	7.037858229561015644e-02
9.965806640129884499e+02	2.805899571919200919e-01	1.782747143018579283e-01	2.313527916578205224e-01	1.428778716405082194e-01	6.891314487197630623e-02	2.738462790292655810e-02	7.060689243292526951e-02
1.001418434226643626e+03	2.797547649694730465e-01	1.777080927400815358e-01	2.319123378373389721e-01	1.432535053928766233e-01	6.906178769519263905e-02	2.747554682845992566e-02	7.083396453651219504e-02
1.006256204440298802e+03	2.789243166063803958e-01	1.771446902213997254e-01	2.324684609492364551e-01	1.436269492327025277e-01	6.920964775295906923e-02	2.756613080634757323e-02	7.105980443090921528e-02
1.011093974653954206e+03	2.780985849995362136e-01	1.765844884324242192e-01	2.330211833195189874e-01	1.439982161543805761e-01	6.935672936303337310e-02	2.765637979940520005e-02	7.128441793163643736e-02
1.015931744867609382e+03	2.772775432063994683e-01	1.760274691612071507e-01	2.335705271185371523e-01	1.443673190693374742e-01	6.950303680517451455e-02	2.774629379452301509e-02	7.150781084475625604e-02
1.020769515081264785e+03	2.764611644437154903e-01	1.754736142969309520e-01	2.341165143620325129e-01	1.447342708066847450e-01	6.964857432197793519e-02	2.783587280214648921e-02	7.172998896644694478e-02
1.025607285294920075e+03	2.756494220862683586e-01	1.749229058295801997e-01	2.346591669121818047e-01	1.450990841138634635e-01	6.979334611968378288e-02	2.792511685576853225e-02	7.195095808258898662e-02
1.030445055508575479e+03	2.748422896656625425e-01	1.743753258495967795e-01	2.351985064786386859e-01	1.454617716572814135e-01	6.993735636895907770e-02	2.801402601143285209e-02	7.217072396836386738e-02
1.035282825722230655e+03	2.740397408691320758e-01	1.738308565475197853e-01	2.357345546195729058e-01	1.458223460229426671e-01	7.008060920565462038e-02	2.810260034724813838e-02	7.238929238786495635e-02
1.040120595935886058e+03	2.732417495383758776e-01	1.732894802136118462e-01	2.362673327427066705e-01	1.461808197170699486e-01	7.022310873153769784e-02	2.819083996291283506e-02	7.260666909372030797e-02
1.044958366149541234e+03	2.724482896684170541e-01	1.727511792374721855e-01	2.367968621063482881e-01	1.465372051667193920e-01	7.036485901500108553e-02	2.827874497925020672e-02	7.282285982672699609e-02
1.049796136363196410e+03	2.716593354064860133e-01	1.722159361076387452e-01	2.373231638204222338e-01	1.468915147203886384e-01	7.050586409174947056e-02	2.836631553775342124e-02	7.303787031549670294e-02
1.054633906576851814e+03	2.708748610509251753e-01	1.716837334111792901e-01	2.378462588474963557e-01	1.472437606486177719e-01	7.064612796546383688e-02	2.845355180014041627e-02	7.325170627611238272e-02
1.059471676790506763e+03	2.700948410501146646e-01	1.711545538332732153e-01	2.383661680038054453e-01	1.475939551445834552e-01	7.078565460844467305e-02	2.854045394791825119e-02	7.346437341179555547e-02
1.064309447004162394e+03	2.693192500014174318e-01	1.706283801567844427e-01	2.388829119602713380e-01	1.479421103246864599e-01	7.092444796223469627e-02	2.862702218195673984e-02	7.367587741258414813e-02
1.069147217217817570e+03	2.685480626501433044e-01	1.701051952618267693e-01	2.393965112435192666e-01	1.482882382291326739e-01	7.106251193822168966e-02	2.871325672207113155e-02	7.388622395502052187e-02
1.073984987431472746e+03	2.677812538885304683e-01	1.695849821253218037e-01	2.399069862368902462e-01	1.486323508225075030e-01	7.119985041822229910e-02	2.879915780661356645e-02	7.409541870184953305e-02
1.078822757645127922e+03	2.670187987547441022e-01	1.690677238205507971e-01	2.404143571814497671e-01	1.489744599943441938e-01	7.133646725504731723e-02	2.888472569207311408e-02	7.430346730172615599e-02
1.083660527858783553e+03	2.662606724318905549e-01	1.685534035167007560e-01	2.409186441769921028e-01	1.493145775596859126e-01	7.147236627304910661e-02	2.896996065268417700e-02	7.451037538893282020e-02
1.088498298072438729e+03	2.655068502470473435e-01	1.680420044784053935e-01	2.414198671830405374e-01	1.496527152596416610e-01	7.160755126865167575e-02	2.905486298004302317e-02	7.471614858310580976e-02
1.093336068286093905e+03	2.647573076703068073e-01	1.675335100652817766e-01	2.419180460198433469e-01	1.499888847619362531e-01	7.174202601086421272e-02	2.913943298273229468e-02	7.492079248897083599e-02
1.098173838499749309e+03	2.640120203138344168e-01	1.670279037314627568e-01	2.424132003693650894e-01	1.503230976614545189e-01	7.187579424177838183e-02	2.922367098595321858e-02	7.512431269608722817e-02
1.103011608713404712e+03	2.632709639309395722e-01	1.665251690251261796e-01	2.429053497762738156e-01	1.506553654807795684e-01	7.200885967705016044e-02	2.930757733116540892e-02	7.532671477860097831e-02
1.107849378927059888e+03	2.625341144151595030e-01	1.660252895880210688e-01	2.433945136489229499e-01	1.509856996707256704e-01	7.214122600636654892e-02	2.939115237573401360e-02	7.552800429500594603e-02
1.112687149140715292e+03	2.618014477993548805e-01	1.655282491549911472e-01	2.438807112603292859e-01	1.513141116108652762e-01	7.227289689389772287e-02	2.947439649258402211e-02	7.572818678791341795e-02
1.117524919354370468e+03	2.610729402548169209e-01	1.650340315534962465e-01	2.443639617491455140e-01	1.516406126100507956e-01	7.240387597873519654e-02	2.955731006986162673e-02	7.592726778382946629e-02
1.122362689568025871e+03	2.603485680903856458e-01	1.645426207031319699e-01	2.448442841206282528e-01	1.519652139069308239e-01	7.253416687531641371e-02	2.963989351060238031e-02	7.612525279294028724e-02
1.127200459781681047e+03	2.596283077515788018e-01	1.640540006151476882e-01	2.453216972476008895e-01	1.522879266704612322e-01	7.266377317383615475e-02	2.972214723240603276e-02	7.632214730890495014e-02
1.132038229995336451e+03	2.589121358197306044e-01	1.635681553919638154e-01	2.457962198714115643e-01	1.526087620004109024e-01	7.279269844064530093e-02	2.980407166711787972e-02	7.651795680865570992e-02
1.136876000208991627e+03	2.582000290111404750e-01	1.630850692266876956e-01	2.462678706028858799e-01	1.529277309278625208e-01	7.292094621863734472e-02	2.988566726051644293e-02	7.671268675220545286e-02
1.141713770422646803e+03	2.574919641762309919e-01	1.626047264026293238e-01	2.467366679232746163e-01	1.532448444157081258e-01	7.304852002762314556e-02	2.996693447200737478e-02	7.690634258246223376e-02
