1.799650519479765535e+03	1.892670251267943582e-01	1.167113260724977619e-01	2.904168982917446074e-01	1.835917473966500735e-01	8.584241533657113732e-02	3.623744717658494707e-02	9.793314059837762708e-02
1.814163830120731291e+03	1.882277344896374771e-01	1.160473533808355218e-01	2.904428216856235756e-01	1.847571983743586110e-01	8.597210548755490622e-02	3.656325001506106898e-02	9.798953656614937946e-02
1.828677140761696819e+03	1.872127862956554645e-01	1.153959960240810850e-01	2.907717598040970852e-01	1.855489291697030863e-01	8.610658024265516186e-02	3.687184311815334264e-02	9.809210534487526612e-02
1.843190451402663257e+03	1.862191874822825832e-01	1.147563898584886138e-01	2.912535963363915847e-01	1.861386698337908763e-01	8.624560937580472153e-02	3.716499760959059845e-02	9.822154950287149966e-02
1.857703762043628785e+03	1.852451919487679011e-01	1.141280067610430937e-01	2.918090910961361195e-01	1.866177224133376000e-01	8.638874206300337089e-02	3.744407236374980991e-02	9.836717335318258260e-02
1.872217072684594768e+03	1.842897191300321702e-01	1.135104964481959272e-01	2.923965813219872034e-01	1.870346849758517949e-01	8.653544139005604763e-02	3.771017503146237293e-02	9.852290170163491290e-02
1.886730383325560297e+03	1.833520452074292595e-01	1.129036026659313435e-01	2.929943117381359485e-01	1.874154768517752589e-01	8.668515305649517055e-02	3.796425014504244827e-02	9.868516033441099289e-02
1.901243693966526507e+03	1.824316390497498219e-01	1.123071188419309252e-01	2.935910597427004443e-01	1.877739692592105825e-01	8.683733938236851135e-02	3.820712829947191247e-02	9.885174542378824536e-02
1.915757004607492036e+03	1.815280749903498692e-01	1.117208646712496423e-01	2.941811631236515567e-01	1.881176291505863574e-01	8.699149510916391603e-02	3.843955447338581743e-02	9.902121848083332567e-02
1.930270315248458019e+03	1.806409864009182187e-01	1.111446738016194230e-01	2.947618841812521540e-01	1.884505159630988358e-01	8.714715373010184507e-02	3.866220509463497157e-02	9.919258082759509210e-02
1.944783625889424002e+03	1.797700409308936598e-01	1.105783873995351135e-01	2.953320136178815281e-01	1.887748731825856785e-01	8.730388896975491142e-02	3.887569896386237206e-02	9.936509693470735316e-02
1.959296936530389530e+03	1.789149272566645799e-01	1.100218508278520135e-01	2.958911321477365464e-01	1.890919739353977835e-01	8.746131385004504710e-02	3.908060476425834207e-02	9.953819721726633873e-02
1.973810247171355968e+03	1.780753479487843516e-01	1.094749119657830588e-01	2.964392209171293757e-01	1.894025705289227035e-01	8.761907862231971267e-02	3.927744661839016604e-02	9.971142339789132447e-02
1.988323557812321269e+03	1.772510155943245180e-01	1.089374203922415241e-01	2.969764568023604556e-01	1.897071336879870562e-01	8.777686823210431588e-02	3.946670847926490866e-02	9.988439681093791433e-02
2.002836868453287707e+03	1.764416506539229768e-01	1.084092270196989061e-01	2.975031056010191688e-01	1.900059800905083696e-01	8.793439965879877585e-02	3.964883778418239885e-02	1.000567991910901455e-01
2.017350179094252780e+03	1.756469802457378826e-01	1.078901839600646395e-01	2.980194669732177393e-01	1.902993405490480405e-01	8.809141930143957189e-02	3.982424860869043792e-02	1.002283603610223534e-01
2.031863489735218764e+03	1.748667374268791097e-01	1.073801445071993349e-01	2.985258466642041197e-01	1.905873966310671352e-01	8.824770049172186992e-02	3.999332445561783189e-02	1.003988498225313331e-01
2.046376800376184747e+03	1.741006607437963760e-01	1.068789631753549463e-01	2.990225430420095365e-01	1.908703004767420275e-01	8.840304116857851391e-02	4.015642075908640307e-02	1.005680706336529728e-01
2.060890111017150957e+03	1.733484939298108596e-01	1.063864957618190082e-01	2.995098410866666172e-01	1.911481856540759861e-01	8.855726172448308287e-02	4.031386715347941296e-02	1.007358546888858092e-01
2.075403421658116713e+03	1.726099856846759206e-01	1.059025994173853347e-01	2.999880102047442487e-01	1.914211732177301117e-01	8.871020302152972381e-02	4.046596954082775505e-02	1.009020589123276607e-01
2.089916732299082469e+03	1.718848895012012601e-01	1.054271327163824185e-01	3.004573039593194661e-01	1.916893751876278529e-01	8.886172456954706533e-02	4.061301198072990448e-02	1.010665620844127949e-01
2.104430042940048224e+03	1.711729635200228417e-01	1.049599557222625490e-01	3.009179607148464441e-01	1.919528966276125848e-01	8.901170285600519538e-02	4.075525842143083721e-02	1.012292621370403378e-01
2.118943353581013525e+03	1.704739704021609181e-01	1.045009300469906116e-01	3.013702046775440513e-01	1.922118369541907235e-01	8.916002981667638105e-02	4.089295428728500353e-02	1.013900738143731078e-01
2.133456664221980191e+03	1.697876772135879231e-01	1.040499189036301481e-01	3.018142470659818111e-01	1.924662908129137484e-01	8.930661143606777319e-02	4.102632793557931673e-02	1.015489266314600070e-01
2.147969974862945492e+03	1.691138553184902416e-01	1.036067871521131473e-01	3.022502872802121932e-01	1.927163487043414836e-01	8.945136646711492057e-02	4.115559199409055818e-02	1.017057630828581416e-01
2.162483285503912157e+03	1.684522802792443319e-01	1.031714013384679440e-01	3.026785140076938552e-01	1.929620974586110094e-01	8.959422526027513434e-02	4.128094458952876605e-02	1.018605370653995756e-01
2.176996596144877003e+03	1.678027317618610847e-01	1.027436297279102906e-01	3.030991062404219671e-01	1.932036206133382616e-01	8.973512869287240956e-02	4.140257047602686341e-02	1.020132124867897117e-01
2.191509906785843214e+03	1.671649934460638087e-01	1.023233423322511410e-01	3.035122341960542203e-01	1.934409987258148556e-01	8.987402719025737452e-02	4.152064207199784168e-02	1.021637620367813193e-01
2.206023217426809424e+03	1.665388529394037920e-01	1.019104109320814466e-01	3.039180601448436270e-01	1.936743096376261353e-01	9.001087983102994128e-02	4.163532041294813052e-02	1.023121661012874467e-01
2.220536528067775180e+03	1.659241016949609959e-01	1.015047090941798569e-01	3.043167391483297401e-01	1.939036287028055860e-01	9.014565352921428965e-02	4.174675602718413286e-02	1.024584118025459595e-01
2.235049838708740936e+03	1.653205349322683926e-01	1.011061121845655969e-01	3.047084197173641762e-01	1.941290289867456109e-01	9.027832228687199256e-02	4.185508974076204702e-02	1.026024921506427795e-01
2.249563149349706237e+03	1.647279515611615452e-01	1.007144973775910973e-01	3.050932443974017638e-01	1.943505814408625909e-01	9.040886651118837380e-02	4.196045341749838481e-02	1.027444052935168883e-01
2.264076459990672902e+03	1.641461541082989140e-01	1.003297436614404015e-01	3.054713502887251853e-01	1.945683550566987552e-01	9.053727239057182685e-02	4.206297063937388531e-02	1.028841538541116762e-01
2.278589770631638203e+03	1.635749486461336166e-01	9.995173184037113578e-02	3.058428695087350158e-01	1.947824170023245427e-01	9.066353132476878685e-02	4.216275733222012156e-02	1.030217443446673486e-01
2.293103081272604413e+03	1.630141447241444108e-01	9.958034453401165553e-02	3.062079296027987452e-01	1.949928327433635422e-01	9.078763940442020897e-02	4.225992234117302571e-02	1.031571866493090073e-01
2.307616391913570169e+03	1.624635553021567258e-01	9.921546617399956691e-02	3.065666539094997201e-01	1.951996661505812081e-01	9.090959693587356838e-02	4.235456796000643814e-02	1.032904935671033891e-01
2.322129702554535925e+03	1.619229966856040870e-01	9.885698299822481827e-02	3.069191618855081072e-01	1.954029795956925275e-01	9.102940800741865512e-02	4.244679041811857956e-02	1.034216804086538211e-01
2.336643013195502135e+03	1.613922884625969834e-01	9.850478304291866716e-02	3.072655693947179967e-01	1.956028340368183294e-01	9.114708009343974737e-02	4.253668032863314880e-02	1.035507646400957438e-01
2.351156323836467891e+03	1.608712534426804397e-01	9.815875613281017931e-02	3.076059889657740132e-01	1.957992890948354880e-01	9.126262369327388380e-02	4.262432310079079106e-02	1.036777655690558630e-01
2.365669634477433647e+03	1.603597175971750999e-01	9.781879386955316669e-02	3.079405300216420671e-01	1.959924031217112617e-01	9.137605200183598897e-02	4.270979931954498043e-02	1.038027040677581836e-01
2.380182945118399402e+03	1.598575100010070082e-01	9.748478961860979064e-02	3.082692990844597136e-01	1.961822332617777775e-01	9.148738060931997651e-02	4.279318509503627493e-02	1.039256023290102415e-01
2.394696255759364703e+03	1.593644627759416288e-01	9.715663849476115221e-02	3.085923999585301059e-01	1.963688355067878255e-01	9.159662722751217567e-02	4.287455238439871752e-02	1.040464836512891011e-01
2.409209566400331823e+03	1.588804110351464405e-01	9.683423734640089764e-02	3.089099338939910733e-01	1.965522647454924221e-01	9.170381144046124700e-02	4.295396928815010257e-02	1.041653722495785583e-01
2.423722877041296670e+03	1.584051928290135525e-01	9.651748473875454426e-02	3.092219997333990888e-01	1.967325748083907644e-01	9.180895447743890603e-02	4.303150032323289215e-02	1.042822930889909794e-01
2.438236187682262880e+03	1.579386490921810826e-01	9.620628093615500587e-02	3.095286940432091516e-01	1.969098185082270858e-01	9.191207900629987104e-02	4.310720667460243849e-02	1.043972717385461685e-01
2.452749498323228636e+03	1.574806235916982045e-01	9.590052788349377744e-02	3.098301112318979644e-01	1.970840476767390936e-01	9.201320894550853169e-02	4.318114642710356443e-02	1.045103342427797510e-01
2.467262808964194392e+03	1.570309628762833198e-01	9.560012918695634521e-02	3.101263436562791131e-01	1.972553131981026331e-01	9.211236929324617684e-02	4.325337477923351520e-02	1.046215070091197630e-01
2.481776119605160602e+03	1.565895162266302820e-01	9.530499009414167277e-02	3.104174817173754319e-01	1.974236650394642911e-01	9.220958597214537478e-02	4.332394424025828861e-02	1.047308167092055597e-01
2.496289430246126358e+03	1.561561356067210082e-01	9.501501747365605210e-02	3.107036139470553127e-01	1.975891522789060273e-01	9.230488568832091734e-02	4.339290481202886379e-02	1.048382901925326849e-01
2.510802740887092114e+03	1.557306756161072891e-01	9.473011979426419760e-02	3.109848270865002151e-01	1.977518231311453101e-01	9.239829580347828919e-02	4.346030415673384634e-02	1.049439544109917466e-01
2.525316051528057415e+03	1.553129934431272674e-01	9.445020710367284245e-02	3.112612061574436262e-01	1.979117249712367688e-01	9.248984421898319430e-02	4.352618775172336502e-02	1.050478363530337605e-01
2.539829362169024080e+03	1.549029488190250270e-01	9.417519100701521317e-02	3.115328345270148014e-01	1.980689043565099505e-01	9.257955927086941594e-02	4.359059903244657391e-02	1.051499629863398705e-01
2.554342672809989381e+03	1.545004039729442891e-01	9.390498464509865195e-02	3.117997939669190921e-01	1.982234070469494069e-01	9.266746963484820410e-02	4.365357952445952927e-02	1.052503612080016859e-01
2.568855983450955591e+03	1.541052235877696519e-01	9.363950267247192483e-02	3.120621647076054495e-01	1.983752780241974656e-01	9.275360424046127927e-02	4.371516896538218261e-02	1.053490578013329265e-01
2.583369294091921347e+03	1.537172747567908115e-01	9.337866123536366081e-02	3.123200254879907600e-01	1.985245615093392813e-01	9.283799219359117894e-02	4.377540541761136550e-02	1.054460793985337874e-01
2.597882604732887103e+03	1.533364269411661429e-01	9.312237794953796832e-02	3.125734536012479414e-01	1.986713009796093610e-01	9.292066270660928606e-02	4.383432537253086764e-02	1.055414524485193128e-01
2.612395915373853313e+03	1.529625519281653800e-01	9.287057187810965342e-02	3.128225249371012762e-01	1.988155391841419650e-01	9.300164503550167883e-02	4.389196384689898062e-02	1.056352031893019322e-01
2.626909226014819069e+03	1.525955237901703287e-01	9.262316350935689835e-02	3.130673140210234462e-01	1.989573181588733808e-01	9.308096842336902044e-02	4.394835447203881279e-02	1.057273576243889374e-01
2.641422536655784825e+03	1.522352188444155985e-01	9.238007473456547047e-02	3.133078940506804910e-01	1.990966792406895225e-01	9.315866204974689035e-02	4.400352957640530499e-02	1.058179415027175468e-01
2.655935847296750580e+03	1.518815156134515620e-01	9.214122882593557551e-02	3.135443369299294458e-01	1.992336630809025677e-01	9.323475498523990657e-02	4.405752026205648347e-02	1.059069803017053391e-01
2.670449157937716336e+03	1.515342947863128620e-01	9.190655041457887475e-02	3.137767133006398312e-01	1.993683096581278236e-01	9.330927615100528816e-02	4.411035647551329875e-02	1.059944992130429364e-01
2.684962468578682547e+03	1.511934391803767264e-01	9.167596546863064633e-02	3.140050925725758058e-01	1.995006582906252435e-01	9.338225428266079542e-02	4.416206707345320809e-02	1.060805231308985103e-01
2.699475779219648302e+03	1.508588337038963278e-01	9.144940127149923936e-02	3.142295429515482574e-01	1.996307476481609389e-01	9.345371789822755348e-02	4.421267988364638302e-02	1.061650766422422287e-01
2.713989089860614058e+03	1.505303653191947810e-01	9.122678640027263863e-02	3.144501314660224089e-01	1.997586157634368975e-01	9.352369526975118363e-02	4.426222176151033832e-02	1.062481840190326460e-01
2.728502400501579814e+03	1.502079230065062054e-01	9.100805070429993093e-02	3.146669239923433614e-01	1.998843000431319017e-01	9.359221439827469791e-02	4.431071864262807469e-02	1.063298692120366873e-01
2.743015711142545115e+03	1.498913977284510590e-01	9.079312528396307758e-02	3.148799852787227960e-01	2.000078372785908665e-01	9.365930299186413233e-02	4.435819559154711988e-02	1.064101558460818220e-01
2.757529021783511780e+03	1.495806823951329745e-01	9.058194246965300955e-02	3.150893789681133983e-01	2.001292636561950444e-01	9.372498844641313775e-02	4.440467684715104085e-02	1.064890672165622748e-01
2.772042332424477081e+03	1.492756718298451912e-01	9.037443580096198026e-02	3.152951676200834719e-01	2.002486147674413797e-01	9.378929782897581224e-02	4.445018586487128193e-02	1.065666262870417907e-01
2.786555643065443292e+03	1.489762627353751478e-01	9.017054000610291720e-02	3.154974127317879407e-01	2.003659256187565185e-01	9.385225786339838894e-02	4.449474535598580555e-02	1.066428556878141476e-01
2.801068953706408593e+03	1.486823536608956886e-01	8.997019098156489036e-02	3.156961747581245592e-01	2.004812306410665435e-01	9.391389491803966982e-02	4.453837732423081980e-02	1.067177777152987089e-01
2.815582264347374803e+03	1.483938449694325312e-01	8.977332577201257990e-02	3.158915131311493263e-01	2.005945636991418313e-01	9.397423499538808123e-02	4.458110309993383591e-02	1.067914143321626735e-01
2.830095574988341014e+03	1.481106388058969214e-01	8.957988255043657089e-02	3.160834862788204358e-01	2.007059581007336335e-01	9.403330372339935295e-02	4.462294337185943038e-02	1.068637871680745005e-01
2.844608885629306769e+03	1.478326390656738154e-01	8.938980059856015126e-02	3.162721516431283852e-01	2.008154466055167564e-01	9.409112634839386646e-02	4.466391821694367520e-02	1.069349175210042441e-01
2.859122196270272525e+03	1.475597513637552372e-01	8.920302028750738688e-02	3.164575656976651996e-01	2.009230614338511356e-01	9.414772772936652601e-02	4.470404712807904413e-02	1.070048263589964410e-01
2.873635506911238281e+03	1.472918830044093186e-01	8.901948305873612355e-02	3.166397839646788448e-01	2.010288342753734636e-01	9.420313233357438532e-02	4.474334904009871078e-02	1.070735343223500613e-01
2.888148817552204036e+03	1.470289429513756407e-01	8.883913140523949648e-02	3.168188610316534648e-01	2.011327962974283901e-01	9.425736423327897573e-02	4.478184235409703867e-02	1.071410617261478598e-01
2.902662128193170247e+03	1.467708417985774949e-01	8.866190885301761249e-02	3.169948505674506367e-01	2.012349781533482040e-01	9.431044710353056471e-02	4.481954496021225975e-02	1.072074285630841423e-01
2.917175438834136003e+03	1.465174917413422651e-01	8.848775994282158386e-02	3.171678053380440621e-01	2.013354099905878547e-01	9.436240422089159363e-02	4.485647425898722784e-02	1.072726545065463000e-01
2.931688749475101758e+03	1.462688065481209942e-01	8.831663021217095455e-02	3.173377772218758386e-01	2.014341214587223317e-01	9.441325846300513414e-02	4.489264718141475208e-02	1.073367589139108541e-01
2.946202060116067514e+03	1.460247015326984477e-01	8.814846617764487968e-02	3.175048172248579603e-01	2.015311417173121233e-01	9.446303230892250102e-02	4.492808020776578593e-02	1.073997608300191614e-01
2.960715370757033725e+03	1.457850935268856785e-01	8.798321531744736357e-02	3.176689754950417499e-01	2.016264994436416380e-01	9.451174784011134866e-02	4.496278938529058022e-02	1.074616789908025283e-01
2.975228681397999480e+03	1.455499008536860761e-01	8.782082605424594568e-02	3.178303013369748187e-01	2.017202228403349173e-01	9.455942674207287735e-02	4.499679034487614332e-02	1.075225318270300323e-01
2.989741992038964781e+03	1.453190433009276250e-01	8.766124773828354311e-02	3.179888432257619302e-01	2.018123396428533334e-01	9.460609030650247997e-02	4.503009831673632224e-02	1.075823374681556116e-01
3.004255302679930992e+03	1.450924420953526861e-01	8.750443063076170092e-02	3.181446488208455881e-01	2.019028771268777389e-01	9.465175943393418223e-02	4.506272814520515674e-02	1.076411137462438133e-01
3.018768613320896748e+03	1.448700198771581127e-01	8.735032588749461202e-02	3.182977649795199482e-01	2.019918621155790406e-01	9.469645463681454489e-02	4.509469430269832241e-02	1.076988781999562994e-01
3.033281923961862958e+03	1.446517006749775958e-01	8.719888554283138082e-02	3.184482377701899347e-01	2.020793209867796647e-01	9.474019604295634556e-02	4.512601090290249695e-02	1.077556480785834825e-01
3.047795234602828714e+03	1.444374098812989116e-01	8.705006249384533712e-02	3.185961124853866067e-01	2.021652796800083307e-01	9.478300339932670127e-02	4.515669171324768888e-02	1.078114403461073317e-01
3.062308545243794470e+03	1.442270742283087992e-01	8.690381048478772186e-02	3.187414336545479898e-01	2.022497637034507689e-01	9.482489607612865079e-02	4.518675016671338390e-02	1.078662716852835518e-01
3.076821855884760225e+03	1.440206217641577524e-01	8.676008409180367698e-02	3.188842450565751996e-01	2.023327981407979370e-01	9.486589307113842129e-02	4.521619937301520065e-02	1.079201585017326714e-01
3.091335166525725526e+03	1.438179818296383694e-01	8.661883870790774986e-02	3.190245897321698498e-01	2.024144076579941498e-01	9.490601301426458691e-02	4.524505212921531294e-02	1.079731169280308267e-01
3.105848477166692192e+03	1.436190850352693504e-01	8.648003052821644221e-02	3.191625099959615741e-01	2.024946165098866213e-01	9.494527417229779720e-02	4.527332092979629435e-02	1.080251628277927034e-01
3.120361787807657493e+03	1.434238632387790369e-01	8.634361653543491666e-02	3.192980474484313769e-01	2.025734485467778068e-01	9.498369445382311149e-02	4.530101797623521664e-02	1.080763117997393663e-01
3.134875098448624158e+03	1.432322495229809978e-01	8.620955448559473877e-02	3.194312429876360326e-01	2.026509272208824874e-01	9.502129141426925163e-02	4.532815518611175293e-02	1.081265791817455774e-01
3.149388409089589004e+03	1.430441781740358353e-01	8.607780289403996199e-02	3.195621368207399726e-01	2.027270755926906809e-01	9.505808226107155534e-02	4.535474420178162852e-02	1.081759800548611622e-01
3.163901719730555214e+03	1.428595846600917985e-01	8.594832102165797516e-02	3.196907684753588219e-01	2.028019163372379030e-01	9.509408385892775817e-02	4.538079639864418813e-02	1.082245292473023174e-01
3.178415030371521425e+03	1.426784056102983478e-01	8.582106886135243418e-02	3.198171768107190283e-01	2.028754717502838367e-01	9.512931273512724439e-02	4.540632289303078023e-02	1.082722413384090976e-01
3.192928341012487181e+03	1.425005787941860114e-01	8.569600712475446136e-02	3.199414000286381343e-01	2.029477637544007396e-01	9.516378508493694710e-02	4.543133454973852930e-02	1.083191306625659045e-01
3.207441651653452936e+03	1.423260431014067018e-01	8.557309722916936479e-02	3.200634756843292461e-01	2.030188139049728668e-01	9.519751677702800730e-02	4.545584198923226932e-02	1.083652113130822991e-01
3.221954962294418237e+03	1.421547385218277781e-01	8.545230128475504727e-02	3.201834406970331393e-01	2.030886433961076043e-01	9.523052335892935594e-02	4.547985559453567722e-02	1.084104971460321115e-01
3.236468272935384903e+03	1.419866061259742462e-01	8.533358208192898253e-02	3.203013313604823331e-01	2.031572730664599757e-01	9.526282006249553458e-02	4.550338551783094515e-02	1.084550017840487102e-01
3.250981583576350204e+03	1.418215880458131295e-01	8.521690307900037231e-02	3.204171833531983538e-01	2.032247234049712747e-01	9.529442180937730544e-02	4.552644168678516429e-02	1.084987386200751552e-01
3.265494894217316414e+03	1.416596274558740709e-01	8.510222839002398731e-02	3.205310317486275706e-01	2.032910145565225701e-01	9.532534321648497566e-02	4.554903381061982393e-02	1.085417208210678608e-01
3.280008204858282170e+03	1.415006685547003096e-01	8.498952277287222246e-02	3.206429110251162728e-01	2.033561663275047782e-01	9.535559860143524857e-02	4.557117138593911460e-02	1.085839613316529062e-01
3.294521515499247926e+03	1.413446565466248694e-01	8.487875161752218844e-02	3.207528550757296482e-01	2.034201981913056068e-01	9.538520198797333094e-02	4.559286370233105179e-02	1.086254728777341638e-01
3.309034826140214136e+03	1.411915376238656594e-01	8.476988093455416207e-02	3.208608972179153862e-01	2.034831292937150371e-01	9.541416711136317674e-02	4.561411984775482625e-02	1.086662679700526601e-01
3.323548136781179892e+03	1.410412589489347113e-01	8.466287734385805064e-02	3.209670702030156808e-01	2.035449784582496202e-01	9.544250742373924790e-02	4.563494871372660716e-02	1.087063589076969622e-01
3.338061447422145648e+03	1.408937686373558651e-01	8.455770806354469260e-02	3.210714062256299628e-01	2.036057641913971428e-01	9.547023609941412969e-02	4.565535900031509470e-02	1.087457577815640480e-01
3.352574758063111403e+03	1.407490157406856013e-01	8.445434089905830277e-02	3.211739369328295846e-01	2.036655046877821340e-01	9.549736604013694952e-02	4.567535922095752876e-02	1.087844764777708834e-01
3.367088068704076704e+03	1.406069502298318563e-01	8.435274423248695363e-02	3.212746934332282311e-01	2.037242178352537125e-01	9.552390988029799135e-02	4.569495770710586824e-02	1.088225266810164266e-01
3.381601379345043824e+03	1.404675229786659096e-01	8.425288701206763708e-02	3.213737063059089460e-01	2.037819212198962171e-01	9.554987999207571747e-02	4.571416261271230019e-02	1.088599198778942428e-01
3.396114689986008671e+03	1.403306857479219294e-01	8.415473874188274250e-02	3.214710056092110468e-01	2.038386321309638427e-01	9.557528849052290831e-02	4.573298191856247502e-02	1.088966673601560187e-01
3.410628000626974881e+03	1.401963911693795417e-01	8.405826947174452335e-02	3.215666208893777078e-01	2.038943675657400589e-01	9.560014723858868690e-02	4.575142343646450283e-02	1.089327802279259627e-01
3.425141311267940637e+03	1.400645927303244276e-01	8.396344978726438812e-02	3.216605811890674849e-01	2.039491442343228378e-01	9.562446785207423527e-02	4.576949481330090663e-02	1.089682693928667040e-01
3.439654621908906392e+03	1.399352447582822567e-01	8.387025080010383771e-02	3.217529150557310036e-01	2.040029785643368565e-01	9.564826170451978804e-02	4.578720353495047829e-02	1.090031455812967981e-01
3.454167932549872603e+03	1.398083024060211010e-01	8.377864413840395430e-02	3.218436505498550315e-01	2.040558867055728698e-01	9.567153993202134887e-02	4.580455693008633061e-02	1.090374193372603828e-01
3.468681243190838359e+03	1.396837216368178869e-01	8.368860193739012521e-02	3.219328152530760434e-01	2.041078845345560555e-01	9.569431343797549228e-02	4.582156217385616181e-02	1.090711010255493302e-01
3.483194553831804114e+03	1.395614592099840567e-01	8.360009683014908710e-02	3.220204362761643346e-01	2.041589876590437502e-01	9.571659289775111268e-02	4.583822629145026251e-02	1.091042008346784636e-01
3.497707864472769415e+03	1.394414726666464988e-01	8.351310193857504338e-02	3.221065402668821798e-01	2.042092114224534904e-01	9.573838876328720493e-02	4.585455616156244169e-02	1.091367287798142155e-01
3.512221175113736081e+03	1.393237203157785820e-01	8.342759086448219008e-02	3.221911534177157588e-01	2.042585709082224144e-01	9.575971126761592678e-02	4.587055851974874976e-02	1.091686947056574736e-01
3.526734485754701382e+03	1.392081612204776331e-01	8.334353768088030578e-02	3.222743014734847367e-01	2.043070809440987179e-01	9.578057042931045761e-02	4.588623996168851582e-02	1.092001082892807839e-01
3.541247796395667592e+03	1.390947551844843033e-01	8.326091692341072714e-02	3.223560097388293855e-01	2.043547561063665252e-01	9.580097605685743145e-02	4.590160694635197353e-02	1.092309790429208255e-01
3.555761107036633348e+03	1.389834627389396615e-01	8.317970358193967073e-02	3.224363030855786905e-01	2.044016107240045343e-01	9.582093775295368043e-02	4.591666579907845852e-02	1.092613163167265172e-01
3.570274417677599104e+03	1.388742451293759894e-01	8.309987309230625063e-02	3.225152059599998844e-01	2.044476588827794650e-01	9.584046491872734441e-02	4.593142271456888276e-02	1.092911293014633550e-01
3.584787728318565314e+03	1.387670643029371154e-01	8.302140132822213858e-02	3.225927423899321855e-01	2.044929144292754186e-01	9.585956675788355474e-02	4.594588375979610090e-02	1.093204270311746856e-01
3.599301038959531070e+03	1.386618828958242344e-01	8.294426459332038259e-02	3.226689359918051836e-01	2.045373909748599284e-01	9.587825228077492823e-02	4.596005487683632595e-02	1.093492183858002648e-01
3.613814349600496826e+03	1.385586642209637176e-01	8.286843961335045583e-02	3.227438099775448155e-01	2.045811018995871977e-01	9.589653030839731529e-02	4.597394188562482775e-02	1.093775120937529183e-01
3.628327660241463036e+03	1.384573722558925524e-01	8.279390352851702384e-02	3.228173871613680412e-01	2.046240603560400551e-01	9.591440947631110769e-02	4.598755048663873829e-02	1.094053167344537641e-01
3.642840970882427882e+03	1.383579716308580287e-01	8.272063388595962685e-02	3.228896899664673859e-01	2.046662792731109293e-01	9.593189823848891074e-02	4.600088626350982979e-02	1.094326407408265645e-01
3.657354281523394548e+03	1.382604276171275348e-01	8.264860863237098731e-02	3.229607404315880670e-01	2.047077713597229010e-01	9.594900487109005172e-02	4.601395468556977036e-02	1.094594924017519427e-01
3.671867592164359849e+03	1.381647061155053535e-01	8.257780610675101440e-02	3.230305602174982083e-01	2.047485491084917453e-01	9.596573747616278516e-02	4.602676111033033451e-02	1.094858798644818138e-01
3.686380902805326514e+03	1.380707736450524359e-01	8.250820503329435451e-02	3.230991706133540808e-01	2.047886247993297160e-01	9.598210398527480536e-02	4.603931078590094844e-02	1.095118111370149278e-01
3.700894213446291815e+03	1.379785973320056536e-01	8.243978451440886479e-02	3.231665925429627606e-01	2.048280105029916254e-01	9.599811216307296835e-02	4.605160885334567272e-02	1.095372940904336956e-01
3.715407524087257570e+03	1.378881448988933667e-01	8.237252402386258110e-02	3.232328465709422005e-01	2.048667180845648306e-01	9.601376961077318084e-02	4.606366034898180806e-02	1.095623364612032524e-01
3.729920834728223781e+03	1.377993846538435874e-01	8.230640340005689060e-02	3.232979529087812720e-01	2.049047592069030421e-01	9.602908376958124714e-02	4.607547020662198373e-02	1.095869458534331625e-01
3.744434145369189537e+03	1.377122854800815199e-01	8.224140283942350804e-02	3.233619314208014961e-01	2.049421453340051213e-01	9.604406192404561782e-02	4.608704325976169941e-02	1.096111297411022228e-01
3.758947456010155292e+03	1.376268168256130076e-01	8.217750288994309094e-02	3.234248016300209638e-01	2.049788877343399762e-01	9.605871120534303920e-02	4.609838424371402732e-02	1.096348954702470874e-01
3.773460766651120593e+03	1.375429486930909162e-01	8.211468444478299544e-02	3.234865827239228331e-01	2.050149974841177780e-01	9.607303859449814465e-02	4.610949779769323714e-02	1.096582502611153365e-01
3.787974077292087259e+03	1.374606516298612080e-01	8.205292873605223025e-02	3.235472935601293454e-01	2.050504854705086089e-01	9.608705092553795901e-02	4.612038846684882176e-02	1.096812012102831718e-01
3.802487387933053014e+03	1.373798967181852071e-01	8.199221732867127688e-02	3.236069526719828060e-01	2.050853623948094007e-01	9.610075488858228765e-02	4.613106070425164462e-02	1.097037552927386667e-01
3.817000698574018315e+03	1.373006555656355876e-01	8.193253211435477801e-02	3.236655782740356369e-01	2.051196387755597206e-01	9.611415703287110035e-02	4.614151887283347853e-02	1.097259193639309599e-01
3.831514009214984981e+03	1.372229002956625588e-01	8.187385530570476244e-02	3.237231882674496686e-01	2.051533249516070412e-01	9.612726376972990927e-02	4.615176724728147634e-02	1.097477001617858244e-01
3.846027319855950282e+03	1.371466035383274162e-01	8.181616943041263024e-02	3.237798002453070034e-01	2.051864310851227446e-01	9.614008137547432054e-02	4.616181001588882948e-02	1.097691043086882756e-01
3.860540630496916037e+03	1.370717384212005729e-01	8.175945732556767764e-02	3.238354314978339477e-01	2.052189671645689995e-01	9.615261599425452277e-02	4.617165128236289107e-02	1.097901383134326780e-01
3.875053941137881793e+03	1.369982785604213493e-01	8.170370213207028831e-02	3.238900990175380135e-01	2.052509430076176755e-01	9.616487364084116973e-02	4.618129506759199865e-02	1.098108085731408085e-01
3.889567251778848004e+03	1.369261980519163868e-01	8.164888728914786176e-02	3.239438195042612101e-01	2.052823682640219083e-01	9.617686020335332320e-02	4.619074531137218331e-02	1.098311213751484716e-01
3.904080562419813759e+03	1.368554714627739366e-01	8.159499652897134192e-02	3.239966093701496241e-01	2.053132524184407837e-01	9.618858144592977444e-02	4.620000587409486825e-02	1.098510828988609883e-01
3.918593873060779970e+03	1.367860738227717199e-01	8.154201387137086088e-02	3.240484847445407879e-01	2.053436047932182817e-01	9.620004301134471580e-02	4.620908053839655610e-02	1.098706992175784020e-01
3.933107183701745726e+03	1.367179806160550015e-01	8.148992361864829115e-02	3.240994614787704453e-01	2.053734345511168402e-01	9.621125042356871992e-02	4.621797301077169157e-02	1.098899763002903346e-01
3.947620494342711936e+03	1.366511677729629060e-01	8.143871035048506901e-02	3.241495551508998263e-01	2.054027506980063145e-01	9.622220909027617841e-02	4.622668692314954586e-02	1.099089200134414773e-01
3.962133804983676782e+03	1.365856116619998950e-01	8.138835891894358188e-02	3.241987810703645945e-01	2.054315620855090008e-01	9.623292430530008823e-02	4.623522583443619854e-02	1.099275361226679376e-01
3.976647115624642538e+03	1.365212890819501590e-01	8.133885444356016292e-02	3.242471542825466346e-01	2.054598774136016104e-01	9.624340125103550414e-02	4.624359323202235916e-02	1.099458302945049148e-01
3.991160426265608749e+03	1.364581772541321736e-01	8.129018230652827748e-02	3.242946895732701229e-01	2.054877052331743892e-01	9.625364500079212904e-02	4.625179253325813200e-02	1.099638080980661625e-01
4.005673736906575414e+03	1.363962538147911185e-01	8.124232814796983337e-02	3.243414014732231565e-01	2.055150539485484928e-01	9.626366052109762428e-02	4.625982708689541784e-02	1.099814750066957364e-01
4.020187047547540715e+03	1.363354968076269103e-01	8.119527786129342173e-02	3.243873042623054981e-01	2.055419318199520895e-01	9.627345267395222284e-02	4.626770017449881311e-02	1.099988363995924312e-01
4.034700358188505561e+03	1.362758846764548781e-01	8.114901758863747594e-02	3.244324119739044332e-01	2.055683469659557727e-01	9.628302621903571390e-02	4.627541501182583922e-02	1.100158975634072805e-01
4.049213668829472226e+03	1.362173962579974751e-01	8.110353371639707210e-02	3.244767383990990739e-01	2.055943073658679232e-01	9.629238581586786749e-02	4.628297475017723733e-02	1.100326636938147168e-01
4.063726979470437527e+03	1.361600107748043020e-01	8.105881287083258058e-02	3.245202970907949402e-01	2.056198208620909074e-01	9.630153602592304851e-02	4.629038247771800896e-02	1.100491398970575435e-01
4.078240290111404192e+03	1.361037078282982538e-01	8.101484191375879496e-02	3.245631013677894861e-01	2.056448951624381405e-01	9.631048131470018592e-02	4.629764122077006938e-02	1.100653311914664839e-01
4.092753600752369493e+03	1.360484673919454823e-01	8.097160793831292835e-02	3.246051643187697344e-01	2.056695378424132081e-01	9.631922605374873547e-02	4.630475394507705539e-02	1.100812425089543189e-01
4.107266911393336159e+03	1.359942698045472631e-01	8.092909826480014501e-02	3.246464988062434665e-01	2.056937563474514341e-01	9.632777452265177398e-02	4.631172355704202964e-02	1.100968786964854201e-01
4.121780222034301914e+03	1.359410957636514872e-01	8.088730043661503111e-02	3.246871174704043517e-01	2.057175579951242839e-01	9.633613091096696057e-02	4.631855290493874788e-02	1.101122445175206493e-01
4.136293532675267670e+03	1.358889263190814767e-01	8.084620221623772807e-02	3.247270327329328521e-01	2.057409499773076023e-01	9.634429932012637809e-02	4.632524478009707181e-02	1.101273446534384581e-01
4.150806843316233426e+03	1.358377428665804576e-01	8.080579158130324346e-02	3.247662568007330108e-01	2.057639393623137414e-01	9.635228376529586525e-02	4.633180191806311049e-02	1.101421837049321589e-01
4.165320153957199182e+03	1.357875271415692753e-01	8.076605672074256559e-02	3.248048016696072349e-01	2.057865330969886331e-01	9.636008817719496355e-02	4.633822699973484671e-02	1.101567661933840897e-01
4.179833464598164937e+03	1.357382612130154098e-01	8.072698603099445758e-02	3.248426791278692938e-01	2.058087380087739449e-01	9.636771640387817306e-02	4.634452265247357428e-02	1.101710965622167832e-01
4.194346775239130693e+03	1.356899274774119035e-01	8.068856811228619641e-02	3.248799007598964228e-01	2.058305608077353188e-01	9.637517221247821064e-02	4.635069145119193740e-02	1.101851791782216677e-01
4.208860085880096449e+03	1.356425086528630919e-01	8.065079176498243796e-02	3.249164779496225286e-01	2.058520080885566372e-01	9.638245929091236730e-02	4.635673591941896071e-02	1.101990183328655781e-01
4.223373396521062205e+03	1.355959877732766106e-01	8.061364598600066766e-02	3.249524218839720535e-01	2.058730863325015925e-01	9.638958124955245010e-02	4.636265853034265971e-02	1.102126182435755331e-01
4.237886707162027960e+03	1.355503481826587364e-01	8.057711996529205722e-02	3.249877435562366079e-01	2.058938019093423111e-01	9.639654162285915540e-02	4.636846170783072429e-02	1.102259830550020026e-01
4.252400017802994626e+03	1.355055735295118413e-01	8.054120308238645054e-02	3.250224537693945925e-01	2.059141610792560861e-01	9.640334387098176139e-02	4.637414782742981662e-02	1.102391168402610394e-01
4.266913328443960381e+03	1.354616477613318770e-01	8.050588490300054911e-02	3.250565631393751431e-01	2.059341699946906079e-01	9.640999138132379243e-02	4.637971921734389963e-02	1.102520236021557326e-01
4.281426639084926137e+03	1.354185551192043646e-01	8.047115517570767318e-02	3.250900820982671191e-01	2.059538347021980520e-01	9.641648747007518228e-02	4.638517815939209588e-02	1.102647072743771356e-01
4.295939949725891893e+03	1.353762801324966958e-01	8.043700382866846021e-02	3.251230208974739688e-01	2.059731611442386923e-01	9.642283538371207441e-02	4.639052688994657614e-02	1.102771717226852105e-01
4.310453260366857648e+03	1.353348076136457190e-01	8.040342096642090486e-02	3.251553896108155817e-01	2.059921551609542878e-01	9.642903830046450908e-02	4.639576760085085960e-02	1.102894207460698439e-01
4.324966571007824314e+03	1.352941226530384178e-01	8.037039686672906025e-02	3.251871981375775711e-01	2.060108224919121878e-01	9.643509933175294091e-02	4.640090244031899736e-02	1.103014580778925446e-01
4.339479881648789160e+03	1.352542106139839329e-01	8.033792197748895747e-02	3.252184562055096539e-01	2.060291687778200154e-01	9.644102152359423918e-02	4.640593351381604864e-02	1.103132873870089209e-01
4.353993192289754006e+03	1.352150571277759283e-01	8.030598691369086883e-02	3.252491733737726265e-01	2.060471995622119856e-01	9.644680785797771216e-02	4.641086288492030781e-02	1.103249122788723668e-01
4.368506502930720671e+03	1.351766480888431932e-01	8.027458245443687412e-02	3.252793590358363796e-01	2.060649202931067736e-01	9.645246125421184924e-02	4.641569257616756650e-02	1.103363362966192085e-01
4.383019813571686427e+03	1.351389696499869786e-01	8.024369954001268901e-02	3.253090224223283977e-01	2.060823363246377382e-01	9.645798457024246098e-02	4.642042456987798688e-02	1.103475629221356002e-01
4.397533124212653092e+03	1.351020082177036841e-01	8.021332926901261762e-02	3.253381726038343524e-01	2.060994529186561119e-01	9.646338060394273051e-02	4.642506080896577347e-02	1.103585955771065330e-01
4.412046434853618848e+03	1.350657504475913651e-01	8.018346289551683825e-02	3.253668184936513441e-01	2.061162752463069625e-01	9.646865209437592570e-02	4.642960319773216382e-02	1.103694376240471620e-01
4.426559745494584604e+03	1.350301832398383972e-01	8.015409182632000917e-02	3.253949688504942928e-01	2.061328083895790919e-01	9.647380172303111900e-02	4.643405360264202253e-02	1.103800923673168288e-01
4.441073056135550360e+03	1.349952937347931037e-01	8.012520761821008419e-02	3.254226322811568095e-01	2.061490573428285955e-01	9.647883211503277545e-02	4.643841385308442732e-02	1.103905630541160143e-01
4.455586366776516115e+03	1.349610693086126523e-01	8.009680197529664425e-02	3.254498172431266045e-01	2.061650270142771912e-01	9.648374584032461121e-02	4.644268574211756623e-02	1.104008528754664570e-01
4.470099677417481871e+03	1.349274975689900846e-01	8.006886674638767631e-02	3.254765320471573187e-01	2.061807222274852081e-01	9.648854541482826397e-02	4.644687102719833455e-02	1.104109649671747989e-01
4.484612988058447627e+03	1.348945663509579229e-01	8.004139392241389761e-02	3.255027848597956686e-01	2.061961477227999828e-01	9.649323330157734413e-02	4.645097143089692293e-02	1.104209024107799531e-01
4.499126298699412473e+03	1.348622637127668000e-01	8.001437563389990348e-02	3.255285837058666254e-01	2.062113081587796937e-01	9.649781191182744966e-02	4.645498864159666730e-02	1.104306682344845525e-01
4.513639609340379138e+03	1.348305779318383912e-01	7.998780414848105647e-02	3.255539364709160166e-01	2.062262081135934344e-01	9.650228360614260259e-02	4.645892431417963236e-02	1.104402654140705792e-01
4.528152919981345804e+03	1.347994975007907326e-01	7.996167186846543651e-02	3.255788509036115497e-01	2.062408520863977246e-01	9.650665069545863450e-02	4.646278007069803984e-02	1.104496968737996299e-01
4.542666230622311559e+03	1.347690111235347599e-01	7.993597132843995035e-02	3.256033346181032573e-01	2.062552444986897882e-01	9.651091544212400675e-02	4.646655750103202698e-02	1.104589654872979582e-01
4.557179541263276406e+03	1.347391077114412083e-01	7.991069519291978118e-02	3.256273950963438635e-01	2.062693896956379891e-01	9.651508006091857883e-02	4.647025816353385352e-02	1.104680740784265008e-01
4.571692851904243071e+03	1.347097763795759573e-01	7.988583625404045707e-02	3.256510396903693483e-01	2.062832919473900906e-01	9.651914672005072748e-02	4.647388358565898714e-02	1.104770254221361936e-01
4.586206162545208826e+03	1.346810064430033205e-01	7.986138742929156653e-02	3.256742756245412096e-01	2.062969554503590319e-01	9.652311754213337147e-02	4.647743526458428948e-02	1.104858222453089650e-01
4.600719473186175492e+03	1.346527874131554503e-01	7.983734175929164956e-02	3.256971099977500339e-01	2.063103843284874450e-01	9.652699460513934626e-02	4.648091466781355957e-02	1.104944672275842421e-01
4.615232783827140338e+03	1.346251089942670232e-01	7.981369240560315381e-02	3.257195497855818744e-01	2.063235826344907153e-01	9.653077994333648937e-02	4.648432323377071906e-02	1.105029630021717169e-01
4.629746094468105184e+03	1.345979610798741233e-01	7.979043264858705353e-02	3.257416018424476589e-01	2.063365543510788380e-01	9.653447554820294985e-02	4.648766237238089599e-02	1.105113121566501655e-01
4.644259405109071849e+03	1.345713337493758266e-01	7.976755588529609031e-02	3.257632729036762931e-01	2.063493033921578179e-01	9.653808336932311052e-02	4.649093346563971246e-02	1.105195172337528342e-01
4.658772715750037605e+03	1.345452172646577071e-01	7.974505562740627496e-02	3.257845695875720149e-01	2.063618336040107804e-01	9.654160531526465028e-02	4.649413786817090111e-02	1.105275807321393772e-01
4.673286026391004270e+03	1.345196020667759895e-01	7.972292549918555404e-02	3.258054983974366658e-01	2.063741487664590424e-01	9.654504325443691304e-02	4.649727690777267358e-02	1.105355051071548744e-01
4.687799337031970026e+03	1.344944787727014313e-01	7.970115923549926651e-02	3.258260657235577118e-01	2.063862525940034776e-01	9.654839901593115226e-02	4.650035188595285501e-02	1.105432927715758462e-01
