1.838352681189008138e+02	5.483319745820176561e-01	3.107833353466558646e-01	6.316290343311406486e-02	3.332146626147847179e-02	2.333693267280201322e-02	9.826845142509360934e-03	1.123654256134697625e-02
1.886730383325560467e+02	5.440021056478001604e-01	3.112095751540612243e-01	6.484436951973411578e-02	3.441883041301507795e-02	2.391519682450768056e-02	9.891145140884342879e-03	1.171877729992186652e-02
1.935108085462113081e+02	5.398300887626975575e-01	3.115149945459272929e-01	6.651051731582327542e-02	3.550499447387030910e-02	2.448212817119590351e-02	9.957713602541174922e-03	1.219956312786902967e-02
1.983485787598666263e+02	5.358060195878544540e-01	3.117082959623963534e-01	6.816178916841085511e-02	3.658032571366316710e-02	2.503818549436990365e-02	1.002646779846734330e-02	1.267891627476236058e-02
2.031863489735219162e+02	5.319206591810069495e-01	3.117975900239735587e-01	6.979859967480286920e-02	3.764516939179683719e-02	2.558380359089755876e-02	1.009732792502418888e-02	1.315685021242238815e-02
2.080241191871772060e+02	5.281653890192171685e-01	3.117904355841187858e-01	7.142133761468212605e-02	3.869985021684266974e-02	2.611939468182580479e-02	1.017021698159593229e-02	1.363337590164177826e-02
2.128618894008324673e+02	5.245321690635138534e-01	3.116938770725042329e-01	7.303036774868827685e-02	3.974467370769226710e-02	2.664534973267165818e-02	1.024506065428685067e-02	1.410850202056723041e-02
2.176996596144877287e+02	5.210134986596940410e-01	3.115144793121956690e-01	7.462603249261048899e-02	4.077992746311129985e-02	2.716203969096245285e-02	1.032178720532604330e-02	1.458223517602435029e-02
2.225374298281430470e+02	5.176023800834614885e-01	3.112583599816207136e-01	7.620865347570393578e-02	4.180588234588011876e-02	2.766981664641417205e-02	1.040032736786012518e-02	1.505458009898377227e-02
2.273752000417983652e+02	5.142922845510470298e-01	3.109312198806298277e-01	7.777853299106231300e-02	4.282279358728816737e-02	2.816901491877886465e-02	1.048061424583375534e-02	1.552553982528442032e-02
2.322129702554535982e+02	5.110771205285574714e-01	3.105383711491805365e-01	7.933595534543923244e-02	4.383090181735955354e-02	2.865995207805835734e-02	1.056258321867611580e-02	1.599511586265312327e-02
2.370507404691088880e+02	5.079512041845760661e-01	3.100847635771301625e-01	8.088118811540803699e-02	4.483043402582349152e-02	2.914292990146976486e-02	1.064617185052864519e-02	1.646330834498826307e-02
2.418885106827641494e+02	5.049092318410534075e-01	3.095750091342540089e-01	8.241448331628072055e-02	4.582160445850460423e-02	2.961823527125788738e-02	1.073131980376530042e-02	1.693011617480850994e-02
2.467262808964194392e+02	5.019462542873334154e-01	3.090134048408738621e-01	8.393607848976962493e-02	4.680461545349202945e-02	3.008614101717823480e-02	1.081796875657164460e-02	1.739553715470565018e-02
2.515640511100747290e+02	4.990576528313002691e-01	3.084039540913374733e-01	8.544619771596785596e-02	4.777965822115166211e-02	3.054690670722153001e-02	1.090606232436304793e-02	1.785956810858257277e-02
2.564018213237300188e+02	4.962391169701541593e-01	3.077503865350005863e-01	8.694505255484474837e-02	4.874691357177133449e-02	3.100077938991437423e-02	1.099554598483546732e-02	1.832220499340371858e-02
2.612395915373852517e+02	4.934866235712722649e-01	3.070561766122809622e-01	8.843284292209868669e-02	4.970655259437237877e-02	3.144799429131055202e-02	1.108636700645458835e-02	1.878344300213487597e-02
2.660773617510405415e+02	4.907964174610192076e-01	3.063245608367579642e-01	8.990975790387950584e-02	5.065873728998251252e-02	3.188877546958186066e-02	1.117847438020057489e-02	1.924327665850261715e-02
2.709151319646958882e+02	4.881649933262798280e-01	3.055585539081352442e-01	9.137597651458494175e-02	5.160362116244214536e-02	3.232333642992555461e-02	1.127181875439655853e-02	1.970169990415986810e-02
2.757529021783511780e+02	4.855890788399283564e-01	3.047609637351488265e-01	9.283166840164916445e-02	5.254134976960864178e-02	3.275188070232645798e-02	1.136635237245905983e-02	2.015870617880364049e-02
2.805906723920064678e+02	4.830656189274519785e-01	3.039344054421526664e-01	9.427699450097409839e-02	5.347206123762963254e-02	3.317460238454487259e-02	1.146202901341800313e-02	2.061428849375299827e-02
2.854284426056617008e+02	4.805917610975474763e-01	3.030813144281277460e-01	9.571210764640472601e-02	5.439588674077585478e-02	3.359168665254545078e-02	1.155880393506294318e-02	2.106843949946009611e-02
2.902662128193169337e+02	4.781648417647291205e-01	3.022039585422098829e-01	9.713715313641818616e-02	5.531295094915583688e-02	3.400331024043662387e-02	1.165663381958035628e-02	2.152115154739431963e-02
2.951039830329722804e+02	4.757823734968527618e-01	3.013044494354964464e-01	9.855226926097922224e-02	5.622337244647775817e-02	3.440964189185458100e-02	1.175547672155473865e-02	2.197241674670888031e-02
2.999417532466276270e+02	4.734420331249996061e-01	3.003847531448504138e-01	9.995758779131333482e-02	5.712726411987768815e-02	3.481084278459901232e-02	1.185529201821353650e-02	2.242222701607079344e-02
3.047795234602828600e+02	4.711416506573954388e-01	2.994466999606506530e-01	1.013532344351608105e-01	5.802473352369678927e-02	3.520706693020937694e-02	1.195604036180279717e-02	2.287057413100852116e-02
3.096172936739380930e+02	4.688791989429828555e-01	2.984919936269245788e-01	1.027393292598997587e-01	5.891588321896306518e-02	3.559846155006028690e-02	1.205768363398690250e-02	2.331744976710689587e-02
3.144550638875934396e+02	4.666527840339458333e-01	2.975222199190221128e-01	1.041159870857626679e-01	5.980081109021466446e-02	3.598516742945134100e-02	1.216018490217176708e-02	2.376284553935588753e-02
3.192928341012487294e+02	4.644606361999130129e-01	2.965388546409358228e-01	1.054833178512189357e-01	6.067961064119098413e-02	3.636731925107063168e-02	1.226350837765654428e-02	2.420675303793827851e-02
3.241306043149040192e+02	4.623011015497632270e-01	2.955432710815247832e-01	1.068414269524542159e-01	6.155237127081501086e-02	3.674504590912134466e-02	1.236761937552426430e-02	2.464916386072137783e-02
3.289683745285592522e+02	4.601726342199400355e-01	2.945367469662424909e-01	1.081904155587447014e-01	6.241917853079406026e-02	3.711847080531688325e-02	1.247248427618676166e-02	2.509006964269923715e-02
3.338061447422145420e+02	4.580737890909593601e-01	2.935204709384963695e-01	1.095303809054017641e-01	6.328011436607636209e-02	3.748771212787185142e-02	1.257807048850397708e-02	2.552946208261455338e-02
3.386439149558698318e+02	4.560032149963862969e-01	2.924955486024548579e-01	1.108614165658471512e-01	6.413525733931763062e-02	3.785288311454296228e-02	1.268434641440214020e-02	2.596733296697325069e-02
3.434816851695251216e+02	4.539596483909748015e-01	2.914630081569686282e-01	1.121836127042722536e-01	6.498468284043358578e-02	3.821409230070583335e-02	1.279128141491944586e-02	2.640367419164973972e-02
3.483194553831804114e+02	4.519419074469147035e-01	2.904238056482644215e-01	1.134970563102349339e-01	6.582846328224194188e-02	3.857144375338975029e-02	1.289884577761176918e-02	2.683847778126680766e-02
3.531572255968357013e+02	4.499488865492317080e-01	2.893788298671994830e-01	1.148018314164547110e-01	6.666666828312951820e-02	3.892503729213311198e-02	1.300701068525459032e-02	2.727173590652112040e-02
3.579949958104909342e+02	4.479795511633458682e-01	2.883289069151205863e-01	1.160980193009803485e-01	6.749936483761688477e-02	3.927496869746658487e-02	1.311574818578076056e-02	2.770344089961314371e-02
3.628327660241463377e+02	4.460329330496166644e-01	2.872748044607448259e-01	1.173856986748232495e-01	6.832661747563438526e-02	3.962132990777912644e-02	1.322503116339697644e-02	2.813358526792899064e-02
3.676705362378016275e+02	4.441081258014082378e-01	2.862172357089632913e-01	1.186649458560748299e-01	6.914848841126815249e-02	3.996420920527354870e-02	1.333483331082485103e-02	2.856216170611120334e-02
3.725083064514568036e+02	4.422042806847950036e-01	2.851568631010552579e-01	1.199358349314561534e-01	6.996503768168355064e-02	4.030369139167301606e-02	1.344512910261536423e-02	2.898916310664570450e-02
3.773460766651120935e+02	4.403206027595053529e-01	2.840943017644816382e-01	1.211984379061822464e-01	7.077632327688596070e-02	4.063985795429761461e-02	1.355589376948813929e-02	2.941458256908300456e-02
3.821838468787673833e+02	4.384563472620846558e-01	2.830301227291982524e-01	1.224528248429636451e-01	7.158240126093408373e-02	4.097278722309041776e-02	1.366710327364955603e-02	2.983841340800327466e-02
3.870216170924226162e+02	4.366108162335424758e-01	2.819648559262829535e-01	1.236990639909099632e-01	7.238332588517956689e-02	4.130255451913585063e-02	1.377873428504607436e-02	3.026064915982702372e-02
3.918593873060780197e+02	4.347833553749490543e-01	2.808989929836030464e-01	1.249372219050482458e-01	7.317914969406796866e-02	4.162923229517844631e-02	1.389076415851140528e-02	3.068128358856578655e-02
3.966971575197332527e+02	4.329733511155656189e-01	2.798329898322525766e-01	1.261673635571192442e-01	7.396992362399998355e-02	4.195289026861789144e-02	1.400317091176829509e-02	3.110031069060033987e-02
4.015349277333884856e+02	4.311802278791340703e-01	2.787672691365608579e-01	1.273895524382692157e-01	7.475569709571838750e-02	4.227359554742617098e-02	1.411593320424766110e-02	3.151772469856764514e-02
4.063726979470438323e+02	4.294034455349247104e-01	2.777022225596074145e-01	1.286038506542115101e-01	7.553651810065438454e-02	4.259141274940452665e-02	1.422903031668971280e-02	3.193352008443180873e-02
4.112104681606991221e+02	4.276424970210468413e-01	2.766382128753715475e-01	1.298103190133935159e-01	7.631243328163836437e-02	4.290640411517148561e-02	1.434244213149348836e-02	3.234769156180881261e-02
4.160482383743544119e+02	4.258969061283724988e-01	2.755755759378918923e-01	1.310090171086662481e-01	7.708348800835213011e-02	4.321862961524876312e-02	1.445614911378286828e-02	3.276023408760964789e-02
4.208860085880095880e+02	4.241662254342112859e-01	2.745146225171085641e-01	1.322000033929200125e-01	7.784972644787480078e-02	4.352814705158881969e-02	1.457013229315874507e-02	3.317114286306178939e-02
4.257237788016648778e+02	4.224500343756084630e-01	2.734556400104084517e-01	1.333833352491173019e-01	7.861119163065050097e-02	4.383501215386630123e-02	1.468437324610850046e-02	3.358041333416443563e-02
4.305615490153201677e+02	4.207479374528240723e-01	2.723988940382815471e-01	1.345590690551244084e-01	7.936792551218400937e-02	4.413927867083562717e-02	1.479885407904537112e-02	3.398804119162884135e-02
4.353993192289755143e+02	4.190595625541899127e-01	2.713446299319290378e-01	1.357272602437142039e-01	8.011996903074983245e-02	4.444099845703802787e-02	1.491355741195156751e-02	3.439402237035128762e-02
4.402370894426308041e+02	4.173845593941349352e-01	2.702930741201327591e-01	1.368879633580882271e-01	8.086736216138107336e-02	4.474022155512399901e-02	1.502846636260033418e-02	3.479835304846263383e-02
4.450748596562860939e+02	4.157225980567265111e-01	2.692444354222021108e-01	1.380412321032403744e-01	8.161014396638621715e-02	4.503699627404039729e-02	1.514356453133327077e-02	3.520102964599507861e-02
4.499126298699413837e+02	4.140733676375924488e-01	2.681989062533521873e-01	1.391871193934631490e-01	8.234835264262566068e-02	4.533136926331637201e-02	1.525883598637037264e-02	3.560204882320372466e-02
4.547504000835967304e+02	4.124365749775697476e-01	2.671566637484378282e-01	1.403256773962757720e-01	8.308202556576395337e-02	4.562338558366771379e-02	1.537426524963134492e-02	3.600140747857758644e-02
4.595881702972519065e+02	4.108119434818776616e-01	2.661178708095675582e-01	1.414569575730339479e-01	8.381119933169908776e-02	4.591308877412580980e-02	1.548983728304767840e-02	3.639910274657223721e-02
4.644259405109071963e+02	4.091992120190318660e-01	2.650826770827476864e-01	1.425810107164630358e-01	8.453590979535702266e-02	4.620052091588486981e-02	1.560553747534600480e-02	3.679513199509353016e-02
4.692637107245624861e+02	4.075981338941071508e-01	2.640512198683579448e-01	1.436978869853393626e-01	8.525619210702643780e-02	4.648572269304922233e-02	1.572135162928408464e-02	3.718949282275975377e-02
4.741014809382177759e+02	4.060084758913207748e-01	2.630236249699362538e-01	1.448076359365288446e-01	8.597208074639749176e-02	4.676873345045153701e-02	1.583726594932169038e-02	3.758218305596740250e-02
4.789392511518730657e+02	4.044300173812495069e-01	2.620000074854456629e-01	1.459103065545765132e-01	8.668360955445676697e-02	4.704959124870244924e-02	1.595326702970938440e-02	3.797320074578372506e-02
4.837770213655284124e+02	4.028625494883094071e-01	2.609804725449166862e-01	1.470059472790280486e-01	8.739081176338098222e-02	4.732833291662243147e-02	1.606934184297902427e-02	3.836254416468742184e-02
4.886147915791837022e+02	4.013058743144233831e-01	2.599651159980923554e-01	1.480946060296509936e-01	8.809372002456188067e-02	4.760499410119772845e-02	1.618547772882054578e-02	3.875021180317710090e-02
4.934525617928388783e+02	3.997598042150776187e-01	2.589540250554596135e-01	1.491763302297111349e-01	8.879236643488624958e-02	4.787960931519365249e-02	1.630166238333016424e-02	3.913620236626564469e-02
4.982903320064942250e+02	3.982241611242239299e-01	2.579472788858206411e-01	1.502511668274494061e-01	8.948678256138641041e-02	4.815221198255065921e-02	1.641788384861597727e-02	3.952051476987700901e-02
5.031281022201495148e+02	3.966987759247259104e-01	2.569449491733462043e-01	1.513191623158936516e-01	9.017699946436891212e-02	4.842283448168119286e-02	1.653413050274735521e-02	3.990314813716074743e-02
5.079658724338048046e+02	3.951834878612686675e-01	2.559471006368512214e-01	1.523803627511303160e-01	9.086304771912201428e-02	4.869150818677824011e-02	1.665039105003528197e-02	4.028410179473818770e-02
5.128036426474600376e+02	3.936781439928618287e-01	2.549537915138500588e-01	1.534348137691519953e-01	9.154495743629549598e-02	4.895826350724018228e-02	1.676665451163118770e-02	4.066337526889314546e-02
5.176414128611153274e+02	3.921825986822579102e-01	2.539650740117751493e-01	1.544825606013888741e-01	9.222275828104037343e-02	4.922312992531018006e-02	1.688291021643256382e-02	4.104096828171884676e-02
5.224791830747705035e+02	3.906967131197913168e-01	2.529809947285801552e-01	1.555236480890238304e-01	9.289647949099007207e-02	4.948613603202288436e-02	1.699914779228391473e-02	4.141688074723180041e-02
5.273169532884259070e+02	3.892203548793095602e-01	2.520015950448004083e-01	1.565581206961844940e-01	9.356614989315918673e-02	4.974730956154565370e-02	1.711535715746227010e-02	4.179111276746239750e-02
5.321547235020811968e+02	3.877533975040282077e-01	2.510269114890024689e-01	1.575860225220979682e-01	9.423179791983077314e-02	5.000667742399651089e-02	1.723152851243683545e-02	4.216366462853118890e-02
5.369924937157364866e+02	3.862957201202852353e-01	2.500569760784228657e-01	1.586073973122889835e-01	9.489345162349857588e-02	5.026426573681642973e-02	1.734765233189282385e-02	4.253453679671894555e-02
5.418302639293917764e+02	3.848472070773104048e-01	2.490918166364762820e-01	1.596222884688946464e-01	9.555113869092574097e-02	5.052009985476896281e-02	1.746371935700995193e-02	4.290372991453791224e-02
5.466680341430470662e+02	3.834077476112486282e-01	2.481314570886982429e-01	1.606307390601655338e-01	9.620488645637806369e-02	5.077420439863613438e-02	1.757972058798637147e-02	4.327124479681095093e-02
5.515058043567023560e+02	3.819772355318000745e-01	2.471759177385820794e-01	1.616327918292167487e-01	9.685472191408531217e-02	5.102660328267570600e-02	1.769564727679935265e-02	4.363708242676461041e-02
5.563435745703576458e+02	3.805555689299469080e-01	2.462252155246712482e-01	1.626284892020876949e-01	9.750067172998093390e-02	5.127731974090109224e-02	1.781149092019423952e-02	4.400124395214174283e-02
5.611813447840129356e+02	3.791426499053411892e-01	2.452793642601756585e-01	1.636178732951659720e-01	9.814276225276710730e-02	5.152637635224190799e-02	1.792724325289359738e-02	4.436373068133842718e-02
5.660191149976681118e+02	3.777383843120255547e-01	2.443383748562951152e-01	1.646009859220259330e-01	9.878101952434879818e-02	5.177379506463983261e-02	1.804289624101881179e-02	4.472454407956979322e-02
5.708568852113234016e+02	3.763426815212473908e-01	2.434022555303529123e-01	1.655778685997290334e-01	9.941546928967759378e-02	5.201959721813146503e-02	1.815844207571666244e-02	4.508368576506871506e-02
5.756946554249786914e+02	3.749554542002107027e-01	2.424710119997679492e-01	1.665485625546298254e-01	1.000461370060436173e-01	5.226380356696702645e-02	1.827387316698377701e-02	4.544115750532085052e-02
5.805324256386339812e+02	3.735766181056890400e-01	2.415446476628241024e-01	1.675131087277275110e-01	1.006730478518507443e-01	5.250643430081099183e-02	1.838918213768200166e-02	4.579696121333935027e-02
5.853701958522892710e+02	3.722060918914950056e-01	2.406231637671305545e-01	1.684715477796008276e-01	1.012962267349088175e-01	5.274750906506837228e-02	1.850436181773818661e-02	4.615109894398187335e-02
5.902079660659445608e+02	3.708437969288699843e-01	2.397065595666070803e-01	1.694239200949609059e-01	1.019156983002732636e-01	5.298704698037786515e-02	1.861940523852194385e-02	4.650357289031255281e-02
5.950457362795999643e+02	3.694896571389203466e-01	2.387948324677706402e-01	1.703702657868536863e-01	1.025314869376615506e-01	5.322506666131093106e-02	1.873430562739534025e-02	4.685438538001097941e-02
5.998835064932552541e+02	3.681435988362875000e-01	2.378879781660485082e-01	1.713106247005418692e-01	1.031436167884730720e-01	5.346158623431380985e-02	1.884905640242863153e-02	4.720353887183009745e-02
6.047212767069104302e+02	3.668055505832908403e-01	2.369859907727923931e-01	1.722450364170936277e-01	1.037521117524380226e-01	5.369662335492741273e-02	1.896365116727640257e-02	4.755103595210473377e-02
6.095590469205657200e+02	3.654754430538378895e-01	2.360888629336246602e-01	1.731735402567033122e-01	1.043569954939185529e-01	5.393019522431824475e-02	1.907808370620869137e-02	4.789687933131203668e-02
6.143968171342210098e+02	3.641532089064406508e-01	2.351965859387023239e-01	1.740961752817674901e-01	1.049582914478842249e-01	5.416231860515181157e-02	1.919234797929183015e-02	4.824107184068507359e-02
6.192345873478761860e+02	3.628387826657227810e-01	2.343091498254472882e-01	1.750129802997379969e-01	1.055560228255824767e-01	5.439300983683825058e-02	1.930643811771404900e-02	4.858361642888056608e-02
6.240723575615315895e+02	3.615321006118452640e-01	2.334265434742527900e-01	1.759239938657717051e-01	1.061502126199229401e-01	5.462228485017836532e-02	1.942034841925092958e-02	4.892451615870146986e-02
6.289101277751868793e+02	3.602331006773140665e-01	2.325487546976418851e-01	1.768292542851954696e-01	1.067408836105937925e-01	5.485015918143691660e-02	1.953407334386610475e-02	4.926377420387517692e-02
6.337478979888421691e+02	3.589417223506730092e-01	2.316757703233217613e-01	1.777287996158032068e-01	1.073280583689266571e-01	5.507664798586846960e-02	1.964760750944267650e-02	4.960139384588763828e-02
6.385856682024975726e+02	3.576579065866147822e-01	2.308075762715472712e-01	1.786226676700004568e-01	1.079117592625258998e-01	5.530176605072003454e-02	1.976094568764104331e-02	4.993737847087387216e-02
6.434234384161527487e+02	3.563815957220788366e-01	2.299441576271796517e-01	1.795108960168111112e-01	1.084920084596765893e-01	5.552552780773322566e-02	1.987408279987899415e-02	5.027173156656496167e-02
6.482612086298080385e+02	3.551127333979303136e-01	2.290854987067993676e-01	1.803935219837591586e-01	1.090688279335449845e-01	5.574794734516781702e-02	1.998701391343001010e-02	5.060445671929172246e-02
6.530989788434633283e+02	3.538512644858438083e-01	2.282315831212091417e-01	1.812705826586379632e-01	1.096422394661842464e-01	5.596903841936727575e-02	2.009973423763593628e-02	5.093555761104495705e-02
6.579367490571185044e+02	3.525971350200407528e-01	2.273823938336389516e-01	1.821421148911780141e-01	1.102122646523571586e-01	5.618881446588595147e-02	2.021223912023030825e-02	5.126503801659221954e-02
6.627745192707737942e+02	3.513502921335525109e-01	2.265379132139444807e-01	1.830081552946232204e-01	1.107789249031871093e-01	5.640728861019654594e-02	2.032452404376870400e-02	5.159290180065079917e-02
6.676122894844290840e+02	3.501106839987037089e-01	2.256981230890711954e-01	1.838687402472257149e-01	1.113422414496476331e-01	5.662447367799561260e-02	2.043658462216266583e-02	5.191915291511681879e-02
6.724500596980843738e+02	3.488782597715315292e-01	2.248630047900365969e-01	1.847239058936672174e-01	1.119022353459001862e-01	5.684038220512405842e-02	2.054841659731388229e-02	5.224379539634994851e-02
6.772878299117396637e+02	3.476529695398742348e-01	2.240325391956672074e-01	1.855736881464152277e-01	1.124589274724893811e-01	5.705502644711866328e-02	2.066001583584534812e-02	5.256683336251334604e-02
6.821256001253949535e+02	3.464347642748830669e-01	2.232067067733104759e-01	1.864181226870210983e-01	1.130123385394039975e-01	5.726841838840989601e-02	2.077137832592644562e-02	5.288827101096843508e-02
6.869633703390502433e+02	3.452235957857249238e-01	2.223854876167262462e-01	1.872572449673667871e-01	1.135624890890118421e-01	5.748056975118071704e-02	2.088250017418890464e-02	5.320811261572391121e-02
6.918011405527055331e+02	3.440194166772617690e-01	2.215688614813502155e-01	1.880910902108661742e-01	1.141093994988757049e-01	5.769149200390020354e-02	2.099337760273077905e-02	5.352636252493846863e-02
6.966389107663608229e+02	3.428221803105055421e-01	2.207568078171064929e-01	1.889196934136263273e-01	1.146530899844575430e-01	5.790119636954518811e-02	2.110400694620561193e-02	5.384302515847660259e-02
7.014766809800161127e+02	3.416318407656613321e-01	2.199493057989367617e-01	1.897430893455742673e-01	1.151935806017172909e-01	5.810969383352265760e-02	2.121438464899411125e-02	5.415810500551689055e-02
7.063144511936714025e+02	3.404483528075850085e-01	2.191463343552000620e-01	1.905613125515532025e-01	1.157308912496123054e-01	5.831699515130487482e-02	2.132450726245574066e-02	5.447160662221206540e-02
7.111522214073266923e+02	3.392716718534918852e-01	2.183478721940887435e-01	1.913743973523928388e-01	1.162650416725031777e-01	5.852311085578874167e-02	2.143437144225766866e-02	5.478353462940015184e-02
7.159899916209819821e+02	3.381017539427650931e-01	2.175538978281945646e-01	1.921823778459571530e-01	1.167960514624713231e-01	5.872805126439038792e-02	2.154397394577868552e-02	5.509389371036600008e-02
7.208277618346371582e+02	3.369385557087219984e-01	2.167643895973508650e-01	1.929852879081735695e-01	1.173239400615531530e-01	5.893182648588541489e-02	2.165331162958573918e-02	5.540268860865243949e-02
7.256655320482924481e+02	3.357820343522074369e-01	2.159793256898683012e-01	1.937831611940458443e-01	1.178487267638956004e-01	5.913444642700487613e-02	2.176238144698078303e-02	5.570992412592033760e-02
7.305033022619478515e+02	3.346321476168896414e-01	2.151986841622727520e-01	1.945760311386544317e-01	1.183704307178373161e-01	5.933592079879647374e-02	2.187118044561581903e-02	5.601560511985673868e-02
7.353410724756030277e+02	3.334888537661456764e-01	2.144224429576476187e-01	1.953639309581458594e-01	1.188890709279195740e-01	5.953625912276014343e-02	2.197970576517393332e-02	5.631973650213036725e-02
7.401788426892584312e+02	3.323521115614280763e-01	2.136505799226753044e-01	1.961468936507141103e-01	1.194046662568308548e-01	5.973547073676675756e-02	2.208795463511434645e-02	5.662232323639362908e-02
7.450166129029136073e+02	3.312218802420140995e-01	2.128830728234664404e-01	1.969249519975757312e-01	1.199172354272885488e-01	5.993356480076832138e-02	2.219592437247948358e-02	5.692337033633042276e-02
7.498543831165690108e+02	3.300981195060438966e-01	2.121198993602591842e-01	1.976981385639402788e-01	1.204267970238611096e-01	6.013055030230757964e-02	2.230361237976214231e-02	5.722288286374885291e-02
7.546921533302243006e+02	3.289807894927612164e-01	2.113610371810658306e-01	1.984664856999780735e-01	1.209333694947340165e-01	6.032643606183475671e-02	2.241101614283092652e-02	5.752086592671812326e-02
7.595299235438793630e+02	3.278698507658765471e-01	2.106064638943380141e-01	1.992300255417865928e-01	1.214369711534222102e-01	6.052123073783873680e-02	2.251813322891216620e-02	5.781732467774877010e-02
7.643676937575347665e+02	3.267652642979756439e-01	2.098561570807176424e-01	1.999887900123562545e-01	1.219376201804319715e-01	6.071494283179960233e-02	2.262496128462655742e-02	5.811226431201543113e-02
7.692054639711900563e+02	3.256669914559050527e-01	2.091100943039359839e-01	2.007428108225376151e-01	1.224353346248747837e-01	6.090758069296937222e-02	2.273149803407893341e-02	5.840569006562137261e-02
7.740432341848452324e+02	3.245749939870681833e-01	2.083682531209184452e-01	2.014921194720101782e-01	1.229301324060355499e-01	6.109915252298728922e-02	2.283774127699948059e-02	5.869760721390399061e-02
7.788810043985006359e+02	3.234892340065707028e-01	2.076306110911499969e-01	2.022367472502537844e-01	1.234220313148975123e-01	6.128966638033580411e-02	2.294368888693486611e-02	5.898802106978039833e-02
7.837187746121558121e+02	3.224096739851587401e-01	2.068971457853510942e-01	2.029767252375236641e-01	1.239110490156259958e-01	6.147913018464325197e-02	2.304933880948777797e-02	5.927693698213250956e-02
7.885565448258112156e+02	3.213362767378968310e-01	2.061678347935113620e-01	2.037120843058291830e-01	1.243972030470130441e-01	6.166755172083872305e-02	2.315468906060339990e-02	5.956436033423057747e-02
7.933943150394665054e+02	3.202690054135353126e-01	2.054426557323249802e-01	2.044428551199173605e-01	1.248805108238845996e-01	6.185493864316478352e-02	2.325973772490143657e-02	5.985029654219464063e-02
7.982320852531219089e+02	3.192078234845224793e-01	2.047215862520687657e-01	2.051690681382611348e-01	1.253609896384723921e-01	6.204129847905301420e-02	2.336448295405228748e-02	6.013475105349300881e-02
8.030698554667769713e+02	3.181526947376166481e-01	2.040046040429609464e-01	2.058907536140529293e-01	1.258386566617518965e-01	6.222663863286755775e-02	2.346892296519607207e-02	6.041772934547699758e-02
8.079076256804323748e+02	3.171035832650596631e-01	2.032916868410359068e-01	2.066079415962036592e-01	1.263135289447479548e-01	6.241096638952135789e-02	2.357305603940324304e-02	6.069923692395127329e-02
8.127453958940876646e+02	3.160604534562728718e-01	2.025828124335686820e-01	2.073206619303475939e-01	1.267856234198097287e-01	6.259428891796973982e-02	2.367688052017549033e-02	6.097927932177896887e-02
8.175831661077428407e+02	3.150232699900419875e-01	2.018779586640795098e-01	2.080289442598529381e-01	1.272549569018561477e-01	6.277661327458579354e-02	2.378039481198581870e-02	6.125786209752085570e-02
8.224209363213982442e+02	3.139919978271576428e-01	2.011771034369476407e-01	2.087328180268383515e-01	1.277215460895932408e-01	6.295794640642168871e-02	2.388359737885657405e-02	6.153499083410791243e-02
8.272587065350534203e+02	3.129666022034809925e-01	2.004802247216608824e-01	2.094323124731954644e-01	1.281854075667046844e-01	6.313829515436014672e-02	2.398648674297433961e-02	6.181067113754653425e-02
8.320964767487085965e+02	3.119470486234069972e-01	1.997873005567262217e-01	2.101274566416171941e-01	1.286465578030165091e-01	6.331766625615992128e-02	2.408906148334059166e-02	6.208490863565564732e-02
8.369342469623640000e+02	3.109333028536976906e-01	1.990983090532645883e-01	2.108182793766322227e-01	1.291050131556372715e-01	6.349606634939904126e-02	2.419132023445707755e-02	6.235770897683515224e-02
8.417720171760191761e+02	3.099253309176625004e-01	1.984132283983118805e-01	2.115048093256449990e-01	1.295607898700744387e-01	6.367350197431946579e-02	2.429326168504487848e-02	6.262907782886488472e-02
8.466097873896745796e+02	3.089230990896607576e-01	1.977320368578459331e-01	2.121870749399815403e-01	1.300139040813284297e-01	6.384997957657664869e-02	2.439488457679620664e-02	6.289902087773353856e-02
8.514475576033297557e+02	3.079265738899067406e-01	1.970547127795589104e-01	2.128651044759406752e-01	1.304643718149646192e-01	6.402550550989732914e-02	2.449618770315796848e-02	6.316754382649683586e-02
8.562853278169851592e+02	3.069357220795558283e-01	1.963812345953923344e-01	2.135389259958509756e-01	1.309122089881646078e-01	6.420008603864885144e-02	2.459716990814612633e-02	6.343465239416432033e-02
8.611230980306403353e+02	3.059505106560543863e-01	1.957115808238515109e-01	2.142085673691324632e-01	1.313574314107574526e-01	6.437372734032298371e-02	2.469783008519005688e-02	6.370035231461415592e-02
8.659608682442956251e+02	3.049709068487353458e-01	1.950457300721140930e-01	2.148740562733635062e-01	1.318000547862315797e-01	6.454643550793735807e-02	2.479816717600594536e-02	6.396464933553523691e-02
8.707986384579510286e+02	3.039968781146430987e-01	1.943836610379476582e-01	2.155354201953523507e-01	1.322400947127280735e-01	6.471821655235730775e-02	2.489818016949842810e-02	6.422754921739613765e-02
8.756364086716062047e+02	3.030283921345733322e-01	1.937253525114494279e-01	2.161926864322133157e-01	1.326775666840161461e-01	6.488907640454090464e-02	2.499786810068968176e-02	6.448905773244022199e-02
8.804741788852616082e+02	3.020654168093130365e-01	1.930707833766200920e-01	2.168458820924472619e-01	1.331124860904514262e-01	6.505902091770991713e-02	2.509723004967512675e-02	6.474918066370620451e-02
8.853119490989170117e+02	3.011079202560679735e-01	1.924199326127837562e-01	2.174950340970256690e-01	1.335448682199175396e-01	6.522805586944915857e-02	2.519626514060501615e-02	6.500792380407392768e-02
8.901497193125721878e+02	3.001558708050653945e-01	1.917727792958647537e-01	2.181401691804790433e-01	1.339747282587515909e-01	6.539618696373671047e-02	2.529497254069116435e-02	6.526529295533438357e-02
8.949874895262273640e+02	2.992092369963199050e-01	1.911293025995311201e-01	2.187813138919882938e-01	1.344020812926543240e-01	6.556341983290750464e-02	2.539335145923809003e-02	6.552129392728377189e-02
8.998252597398827675e+02	2.982679875765528732e-01	1.904894817962140829e-01	2.194184945964796629e-01	1.348269423075852680e-01	6.572976003955240121e-02	2.549140114669790763e-02	6.577593253684084484e-02
9.046630299535379436e+02	2.973320914962546690e-01	1.898532962580125327e-01	2.200517374757221811e-01	1.352493261906433375e-01	6.589521307835505270e-02	2.558912089374825588e-02	6.602921460718701174e-02
9.095008001671932334e+02	2.964015179068807959e-01	1.892207254574902742e-01	2.206810685294281482e-01	1.356692477309334177e-01	6.605978437786881596e-02	2.568651003039263553e-02	6.628114596692888383e-02
9.143385703808486369e+02	2.954762361581730334e-01	1.885917489683740511e-01	2.213065135763556401e-01	1.360867216204196262e-01	6.622347930223547452e-02	2.578356792508254905e-02	6.653173244928251018e-02
9.191763405945038130e+02	2.945562157955980420e-01	1.879663464661588124e-01	2.219280982554132642e-01	1.365017624547650577e-01	6.638630315284796413e-02	2.588029398386075888e-02	6.678097989127897149e-02
9.240141108081592165e+02	2.936414265578948801e-01	1.873444977286274071e-01	2.225458480267665240e-01	1.369143847341592057e-01	6.654826116995896101e-02	2.597668764952515419e-02	6.702889413299069343e-02
9.288518810218145063e+02	2.927318383747259944e-01	1.867261826362901778e-01	2.231597881729459609e-01	1.373246028641326444e-01	6.670935853423720641e-02	2.607274840081261896e-02	6.727548101677828518e-02
9.336896512354697961e+02	2.918274213644234116e-01	1.861113811727508061e-01	2.237699437999560170e-01	1.377324311563601078e-01	6.686960036827319098e-02	2.616847575160230130e-02	6.752074638655698735e-02
9.385274214491247449e+02	2.909281458318255797e-01	1.855000734250034367e-01	2.243763398383854246e-01	1.381378838294516909e-01	6.702899173803614219e-02	2.626386925013783971e-02	6.776469608708271530e-02
9.433651916627801484e+02	2.900339822661978095e-01	1.848922395836658517e-01	2.249790010445177624e-01	1.385409750097326975e-01	6.718753765428378544e-02	2.635892847826791160e-02	6.800733596325705954e-02
9.482029618764355519e+02	2.891449013392319856e-01	1.842878599431533870e-01	2.255779520014427331e-01	1.389417187320127478e-01	6.734524307392651676e-02	2.645365305070470838e-02	6.824867185945075743e-02
9.530407320900908417e+02	2.882608739031203293e-01	1.836869149017984482e-01	2.261732171201673858e-01	1.393401289403440324e-01	6.750211290134759679e-02	2.654804261429975082e-02	6.848870961884526154e-02
9.578785023037459041e+02	2.873818709886982736e-01	1.830893849619186220e-01	2.267648206407273381e-01	1.397362194887691589e-01	6.765815198968069821e-02	2.664209684733662847e-02	6.872745508279207161e-02
9.627162725174014213e+02	2.865078638036524517e-01	1.824952507298381321e-01	2.273527866332974157e-01	1.401300041420588671e-01	6.781336514204644450e-02	2.673581545884017030e-02	6.896491409018927488e-02
9.675540427310568248e+02	2.856388237307897482e-01	1.819044929158652735e-01	2.279371389993019581e-01	1.405214965764400303e-01	6.796775711274914700e-02	2.682919818790162683e-02	6.920109247687498966e-02
9.723918129447120009e+02	2.847747223263636940e-01	1.813170923342296292e-01	2.285179014725239321e-01	1.409107103803138028e-01	6.812133260843508675e-02	2.692224480301938505e-02	6.943599607503729565e-02
9.772295831583674044e+02	2.839155313184542617e-01	1.807330299029819842e-01	2.290950976202131562e-01	1.412976590549645528e-01	6.827409628921374263e-02	2.701495510145484127e-02	6.966963071264027640e-02
9.820673533720223531e+02	2.830612226053987324e-01	1.801522866438593495e-01	2.296687508441930814e-01	1.416823560152596084e-01	6.842605276974317308e-02	2.710732890860300184e-02	6.990200221286581306e-02
9.869051235856777566e+02	2.822117682542693018e-01	1.795748436821184013e-01	2.302388843819660746e-01	1.420648145903401494e-01	6.857720662028062020e-02	2.719936607737740916e-02	7.013311639357069915e-02
9.917428937993331601e+02	2.813671404993960401e-01	1.790006822463390823e-01	2.308055213078167578e-01	1.424450480243032724e-01	6.872756236769966831e-02	2.729106648760902185e-02	7.036297906675882674e-02
9.965806640129884499e+02	2.805273117409309847e-01	1.784297836682010863e-01	2.313686845339134324e-01	1.428230694768755638e-01	6.887712449647497015e-02	2.738243004545866735e-02	7.059159603806797190e-02
1.001418434226643626e+03	2.796922545434522567e-01	1.778621293822351679e-01	2.319283968114074501e-01	1.431988920240784002e-01	6.902589744963563700e-02	2.747345668284270626e-02	7.081897310627101316e-02
1.006256204440298802e+03	2.788619416346052038e-01	1.772977009255513048e-01	2.324846807315298358e-01	1.435725286588851735e-01	6.917388562968841692e-02	2.756414635687157166e-02	7.104511606279101388e-02
1.011093974653954206e+03	2.780363459037785145e-01	1.767364799375455431e-01	2.330375587266855508e-01	1.439439922918704096e-01	6.932109339951156302e-02	2.765449904930081942e-02	7.127003069123005741e-02
1.015931744867609382e+03	2.772154404008130846e-01	1.761784481595870255e-01	2.335870530715449256e-01	1.443132957518512838e-01	6.946752508322037722e-02	2.774451476599436306e-02	7.149372276691139116e-02
1.020769515081264785e+03	2.763991983347420800e-01	1.756235874346872561e-01	2.341331858841320113e-01	1.446804517865213635e-01	6.961318496700541480e-02	2.783419353639960889e-02	7.171619805643467127e-02
1.025607285294920075e+03	2.755875930725605327e-01	1.750718797071525723e-01	2.346759791269099615e-01	1.450454730630770517e-01	6.975807729994429329e-02	2.792353541303411665e-02	7.193746231724383600e-02
1.030445055508575479e+03	2.747805981380224694e-01	1.745233070222214911e-01	2.352154546078628894e-01	1.454083721688366471e-01	6.990220629478785530e-02	2.801254047098355321e-02	7.215752129720756636e-02
1.035282825722230655e+03	2.739781872104637417e-01	1.739778515256881486e-01	2.357516339815743656e-01	1.457691616118522715e-01	7.004557612872164274e-02	2.810120880741057495e-02	7.237638073421173712e-02
1.040120595935886058e+03	2.731803341236506144e-01	1.734354954635130563e-01	2.362845387503022254e-01	1.461278538215147749e-01	7.018819094410354287e-02	2.818954054107442389e-02	7.259404635576385822e-02
1.044958366149541234e+03	2.723870128646506128e-01	1.728962211814221717e-01	2.368141902650496844e-01	1.464844611491518678e-01	7.033005484917817518e-02	2.827753581186092519e-02	7.281052387860902086e-02
1.049796136363196410e+03	2.715981975727261855e-01	1.723600111244954491e-01	2.373406097266324288e-01	1.468389958686194818e-01	7.047117191876903219e-02	2.836519478032259456e-02	7.302581900835729278e-02
1.054633906576851814e+03	2.708138625382490727e-01	1.718268478367457608e-01	2.378638181867415435e-01	1.471914701768863576e-01	7.061154619494905416e-02	2.845251762722866146e-02	7.323993743912196597e-02
1.059471676790506763e+03	2.700339822016347147e-01	1.712967139606890454e-01	2.383838365490024425e-01	1.475418961946125262e-01	7.075118168769017890e-02	2.853950455312468867e-02	7.345288485316880944e-02
1.064309447004162394e+03	2.692585311522951441e-01	1.707695922369065755e-01	2.389006855700294141e-01	1.478902859667211023e-01	7.089008237549279667e-02	2.862615577790159765e-02	7.366466692057575816e-02
1.069147217217817570e+03	2.684874841276103097e-01	1.702454655036002018e-01	2.394143858604755037e-01	1.482366514629639420e-01	7.102825220599569278e-02	2.871247154037380803e-02	7.387528929890291307e-02
1.073984987431472746e+03	2.677208160119158298e-01	1.697243166961410477e-01	2.399249578860782051e-01	1.485810045784813072e-01	7.116569509656696380e-02	2.879845209786631097e-02	7.408475763287265814e-02
1.078822757645127922e+03	2.669585018355075112e-01	1.692061288466125690e-01	2.404324219687000719e-01	1.489233571343553664e-01	7.130241493487685100e-02	2.888409772581043006e-02	7.429307755405951952e-02
1.083660527858783553e+03	2.662005167736607447e-01	1.686908850833483964e-01	2.409367982873648895e-01	1.492637208781578129e-01	7.143841557945278253e-02	2.896940871734803372e-02	7.450025468058968370e-02
1.088498298072438729e+03	2.654468361456648884e-01	1.681785686304657079e-01	2.414381068792886831e-01	1.496021074844916809e-01	7.157370086021738742e-02	2.905438538294403961e-02	7.470629461684989703e-02
1.093336068286093905e+03	2.646974354138715846e-01	1.676691628073947171e-01	2.419363676409059249e-01	1.499385285555276948e-01	7.170827457900998125e-02	2.913902805000691959e-02	7.491120295320544131e-02
1.098173838499749309e+03	2.639522901827562884e-01	1.671626510284043299e-01	2.424316003288906896e-01	1.502729956215345386e-01	7.184214051009212010e-02	2.922333706251712196e-02	7.511498526572715773e-02
1.103011608713404712e+03	2.632113761979926747e-01	1.666590168021250262e-01	2.429238245611724800e-01	1.506055201414041034e-01	7.197530240063768070e-02	2.930731278066309176e-02	7.531764711592713046e-02
1.107849378927059888e+03	2.624746693455393687e-01	1.661582437310690774e-01	2.434130598179469751e-01	1.509361135031710710e-01	7.210776397120798042e-02	2.939095558048482326e-02	7.551919405050286360e-02
1.112687149140715292e+03	2.617421456507382227e-01	1.656603155111483761e-01	2.438993254426814472e-01	1.512647870245271142e-01	7.223952891621247818e-02	2.947426585352464282e-02	7.571963160108990953e-02
1.117524919354370468e+03	2.610137812774233623e-01	1.651652159311907953e-01	2.443826406431146570e-01	1.515915519533301004e-01	7.237060090435556980e-02	2.955724400648514563e-02	7.591896528402250488e-02
1.122362689568025871e+03	2.602895525270420007e-01	1.646729288724544937e-01	2.448630244922516408e-01	1.519164194681079383e-01	7.250098357906979707e-02	2.963989046089406110e-02	7.611720060010222777e-02
1.127200459781681047e+03	2.595694358377844124e-01	1.641834383081414994e-01	2.453404959293525034e-01	1.522394006785574294e-01	7.263068055893601160e-02	2.972220565277586268e-02	7.631434303437437117e-02
1.132038229995336451e+03	2.588534077837247316e-01	1.636967283029102938e-01	2.458150737609160752e-01	1.525605066260380949e-01	7.275969543809095164e-02	2.980419003233003919e-02	7.651039805591189347e-02
1.136876000208991627e+03	2.581414450739706323e-01	1.632127830123875356e-01	2.462867766616576581e-01	1.528797482840612287e-01	7.288803178662255078e-02	2.988584406361576018e-02	7.670537111760679372e-02
1.141713770422646803e+03	2.574335245518223347e-01	1.627315866826796187e-01	2.467556231754812479e-01	1.531971365587739276e-01	7.301569315095349233e-02	2.996716822424286969e-02	7.689926765596868941e-02
1.146551540636302207e+03	2.567296231939409368e-01	1.622531236498842011e-01	2.472216317164459831e-01	1.535126822894384291e-01	7.314268305421324501e-02	3.004816300506902432e-02	7.709209309093040252e-02
