1.886730383325560467e+02	5.387184898777035436e-01	3.163985254093962807e-01	6.462543634857638442e-02	3.470774970343269011e-02	2.417055640966612670e-02	9.705005406524559730e-03	1.167423684462382330e-02
1.935108085462113081e+02	5.349209135962528228e-01	3.163659056276660886e-01	6.628842881829792588e-02	3.577747372431290540e-02	2.471527978872275350e-02	9.777465378580178432e-03	1.215453306609068362e-02
1.983485787598666263e+02	5.312457526920204565e-01	3.162439386039282985e-01	6.793724269447640185e-02	3.683730905203842776e-02	2.525043586206642682e-02	9.851891395182920882e-03	1.263342970021034961e-02
2.031863489735219162e+02	5.276854986756605026e-01	3.160391935341231862e-01	6.957223226231762370e-02	3.788754077559337158e-02	2.577638458046977582e-02	9.928213438651136216e-03	1.311093673310760425e-02
2.080241191871772060e+02	5.242331462852292123e-01	3.157577922420375938e-01	7.119373046492950829e-02	3.892843742262670770e-02	2.629346777263095319e-02	1.000636380633532045e-02	1.358706200613390286e-02
2.128618894008324673e+02	5.208821594867785176e-01	3.154054394524094529e-01	7.280205038620957136e-02	3.996025205278096182e-02	2.680201018822034320e-02	1.008627702080842556e-02	1.406181141271582377e-02
2.176996596144877287e+02	5.176264397737118106e-01	3.149874510167612329e-01	7.439748663115065830e-02	4.098322327748613741e-02	2.730232047603998666e-02	1.016788974421679523e-02	1.453518908055636064e-02
2.225374298281430470e+02	5.144602966094644625e-01	3.145087802304006863e-01	7.598031661058499142e-02	4.199757621118312828e-02	2.779469210150787087e-02	1.025114069656768261e-02	1.500719754021405047e-02
2.273752000417983652e+02	5.113784198685857874e-01	3.139740423696657512e-01	7.755080173690831469e-02	4.300352335860551517e-02	2.827940420740004610e-02	1.033597057774268690e-02	1.547783788101464615e-02
2.322129702554535982e+02	5.083758541410955401e-01	3.133875375697631194e-01	7.910918853688213292e-02	4.400126544243564836e-02	2.875672242152277347e-02	1.042232199303904164e-02	1.594710989518458369e-02
2.370507404691088880e+02	5.054479747741265072e-01	3.127532721554105444e-01	8.065570968719565359e-02	4.499099217535950518e-02	2.922689961474370449e-02	1.051013938205237232e-02	1.641501221103450203e-02
2.418885106827641494e+02	5.025904655333844895e-01	3.120749785289077538e-01	8.219058497808390262e-02	4.597288298027260578e-02	2.969017661258423896e-02	1.059936895072558991e-02	1.688154241596415833e-02
2.467262808964194392e+02	4.997992977748976218e-01	3.113561337131830475e-01	8.371402220993678922e-02	4.694710766213593123e-02	3.014678286336337776e-02	1.068995860639887149e-02	1.734669717000711375e-02
2.515640511100747290e+02	4.970707110249349969e-01	3.105999766407694929e-01	8.522621802749846820e-02	4.791382703474422050e-02	3.059693706568598903e-02	1.078185789570536811e-02	1.781047231058421540e-02
2.564018213237300188e+02	4.944011948728793682e-01	3.098095242735128263e-01	8.672735869594293268e-02	4.887319350544867824e-02	3.104084775788387707e-02	1.087501794516628796e-02	1.827286294908877021e-02
2.612395915373852517e+02	4.917874720882763895e-01	3.089875866320785369e-01	8.821762082281993378e-02	4.982535162067053963e-02	3.147871387184617009e-02	1.096939140434754177e-02	1.873386355988353180e-02
2.660773617510405415e+02	4.892264828792860509e-01	3.081367808089808813e-01	8.969717202959276436e-02	5.077043857485030731e-02	3.191072525351497380e-02	1.106493239144804540e-02	1.919346806224956486e-02
2.709151319646958882e+02	4.867153702153588779e-01	3.072595440338690143e-01	9.116617157623629897e-02	5.170858468529882651e-02	3.233706315217243360e-02	1.116159644119726901e-02	1.965166989578986251e-02
2.757529021783511780e+02	4.842514661421786215e-01	3.063581458551596914e-01	9.262477094212664963e-02	5.263991383524964374e-02	3.275790068050547094e-02	1.125934045494659391e-02	2.010846208975584914e-02
2.805906723920064678e+02	4.818322790217777762e-01	3.054346994977714114e-01	9.407311436623388978e-02	5.356454388725695459e-02	3.317340324730426449e-02	1.135812265284562306e-02	2.056383732673257997e-02
2.854284426056617008e+02	4.794554816352697424e-01	3.044911724526736529e-01	9.551133934942324100e-02	5.448258706893834707e-02	3.358372896452841566e-02	1.145790252800073065e-02	2.101778800108830211e-02
2.902662128193169337e+02	4.771189000898715671e-01	3.035293963501985992e-01	9.693957712147929784e-02	5.539415033292669627e-02	3.398902903036134238e-02	1.155864080251891787e-02	2.147030627256596436e-02
2.951039830329722804e+02	4.748205034758336551e-01	3.025510761655495484e-01	9.835795307528864828e-02	5.629933569276952127e-02	3.438944808976732853e-02	1.166029938534546978e-02	2.192138411536817197e-02
2.999417532466276270e+02	4.725583942225721201e-01	3.015577988016648336e-01	9.976658717045050473e-02	5.719824053639675776e-02	3.478512457396655544e-02	1.176284133180899652e-02	2.237101336306253005e-02
3.047795234602828600e+02	4.703307991067263161e-01	3.005510410915429031e-01	1.011655943084294323e-01	5.809095791866837610e-02	3.517619102015118182e-02	1.186623080479222436e-02	2.281918574961182972e-02
3.096172936739380930e+02	4.681360608680616431e-01	2.995321772592866028e-01	1.025550846812199324e-01	5.897757683441131465e-02	3.556277437267904573e-02	1.197043303745139696e-02	2.326589294681223608e-02
3.144550638875934396e+02	4.659726303921182811e-01	2.985024858764706024e-01	1.039351640953579681e-01	5.985818247325974673e-02	3.594499626690127875e-02	1.207541429741134341e-02	2.371112659840293735e-02
3.192928341012487294e+02	4.638390594212850049e-01	2.974631563479598340e-01	1.053059342729886633e-01	6.073285645752431877e-02	3.632297329670468311e-02	1.218114185236726654e-02	2.415487835109241324e-02
3.241306043149040192e+02	4.617339937585691612e-01	2.964152949590000419e-01	1.066674931315829689e-01	6.160167706423293893e-02	3.669681726677976458e-02	1.228758393702801370e-02	2.459713988272931723e-02
3.289683745285592522e+02	4.596561669307492326e-01	2.953599305132491581e-01	1.080199350437863054e-01	6.246471943240868713e-02	3.706663543055960242e-02	1.239470972133907729e-02	2.503790292783008437e-02
3.338061447422145420e+02	4.576043942798492248e-01	2.942980195894123185e-01	1.093633510787811458e-01	6.332205575657848251e-02	3.743253071471355775e-02	1.250248927992691356e-02	2.547715930066045756e-02
3.386439149558698318e+02	4.555775674539739306e-01	2.932304514422723329e-01	1.106978292264504254e-01	6.417375546743897541e-02	3.779460193102281845e-02	1.261089356270921231e-02	2.591490091605440360e-02
3.434816851695251216e+02	4.535746492705029498e-01	2.921580525721640398e-01	1.120234546055405567e-01	6.501988540054365329e-02	3.815294397641125212e-02	1.271989436661869442e-02	2.635111980814094923e-02
3.483194553831804114e+02	4.515946689264673242e-01	2.910815909853137207e-01	1.133403096569406687e-01	6.586050995381687034e-02	3.850764802185527996e-02	1.282946430839075787e-02	2.678580814713745276e-02
3.531572255968357013e+02	4.496367175326337340e-01	2.900017801659502958e-01	1.146484743231174358e-01	6.669569123464594296e-02	3.885880169085001445e-02	1.293957679836788173e-02	2.721895825435672461e-02
3.579949958104909342e+02	4.476999439494100397e-01	2.889192827796792651e-01	1.159480262146743851e-01	6.752548919725200050e-02	3.920648922806526521e-02	1.305020601527608765e-02	2.765056261556499834e-02
3.628327660241463377e+02	4.457835509041646604e-01	2.878347141262938003e-01	1.172390407649370192e-01	6.834996177099278425e-02	3.955079165878462588e-02	1.316132688193109683e-02	2.808061389281800088e-02
3.676705362378016275e+02	4.438867913709333424e-01	2.867486453589679352e-01	1.185215913734037757e-01	6.916916498020678206e-02	3.989178693968273293e-02	1.327291504183398217e-02	2.850910493489342695e-02
3.725083064514568036e+02	4.420089651947716747e-01	2.856616064856309922e-01	1.197957495388445315e-01	6.998315305616641113e-02	4.022955010146053723e-02	1.338494683661806996e-02	2.893602878642969473e-02
3.773460766651120935e+02	4.401494159442134180e-01	2.845740891672538520e-01	1.210615849827749169e-01	7.079197854167054715e-02	4.056415338382522717e-02	1.349739928431088927e-02	2.936137869587305063e-02
3.821838468787673833e+02	4.383075279764110932e-01	2.834865493267816894e-01	1.223191657639841196e-01	7.159569238876996311e-02	4.089566636327050808e-02	1.361025005837664635e-02	2.978514812232777378e-02
3.870216170924226162e+02	4.364827237005801663e-01	2.823994095815194894e-01	1.235685583847473262e-01	7.239434405008660089e-02	4.122415607408412563e-02	1.372347746750651916e-02	3.020733074139753116e-02
3.918593873060780197e+02	4.346744610263379438e-01	2.813130615109094568e-01	1.248098278893104013e-01	7.318798156415633194e-02	4.154968712298250100e-02	1.383706043612557661e-02	3.062792045009953348e-02
3.966971575197332527e+02	4.328822309844376215e-01	2.802278677708335830e-01	1.260430379551936153e-01	7.397665163519580311e-02	4.187232179774701135e-02	1.395097848558674199e-02	3.104691137092736863e-02
4.015349277333884856e+02	4.311055555082412005e-01	2.791441640648205658e-01	1.272682509778235438e-01	7.476039970766697185e-02	4.219212017021305161e-02	1.406521171602356443e-02	3.146429785513280009e-02
4.063726979470438323e+02	4.293439853650639071e-01	2.780622609818350632e-01	1.284855281489669931e-01	7.553927003598788492e-02	4.250914019394085724e-02	1.417974078883499529e-02	3.188007448529187743e-02
4.112104681606991221e+02	4.275970982272572773e-01	2.769824457096728421e-01	1.296949295294079763e-01	7.631330574971460778e-02	4.282343779687639018e-02	1.429454690977658739e-02	3.229423607721584877e-02
4.160482383743544119e+02	4.258644968735834091e-01	2.759049836323742566e-01	1.308965141162782564e-01	7.708254891449727031e-02	4.313506696929152173e-02	1.440961181263379458e-02	3.270677768126302454e-02
4.208860085880095880e+02	4.241458075120718707e-01	2.748301198195011175e-01	1.320903399054230154e-01	7.784704058909312774e-02	4.344407984727460814e-02	1.452491774345414030e-02	3.311769458310361708e-02
4.257237788016648778e+02	4.224406782161458374e-01	2.737580804145903768e-01	1.332764639491576253e-01	7.860682087869992618e-02	4.375052679202574152e-02	1.464044744531615462e-02	3.352698230398580559e-02
4.305615490153201677e+02	4.207487774663595803e-01	2.726890739296036203e-01	1.344549424097458423e-01	7.936192898485555647e-02	4.405445646519519365e-02	1.475618414361398387e-02	3.393463660054765046e-02
4.353993192289755143e+02	4.190697927906077425e-01	2.716232924517307801e-01	1.356258306089069277e-01	8.011240325213331293e-02	4.435591590048889449e-02	1.487211153183752750e-02	3.434065346421628917e-02
4.402370894426308041e+02	4.174034294961484481e-01	2.705609127684757698e-01	1.367891830736382430e-01	8.085828121184635009e-02	4.465495057175100646e-02	1.498821375782892137e-02	3.474502912023268858e-02
4.450748596562860939e+02	4.157494094872336010e-01	2.695020974165519556e-01	1.379450535786194976e-01	8.159959962296120528e-02	4.495160445772067997e-02	1.510447541049699839e-02	3.514776002633740459e-02
4.499126298699413837e+02	4.141074701625595544e-01	2.684469956597397289e-01	1.390934951854457258e-01	8.233639451040587753e-02	4.524592010364814759e-02	1.522088150697223190e-02	3.554884287115013530e-02
4.547504000835967304e+02	4.124773633871401390e-01	2.673957444005121697e-01	1.402345602789198953e-01	8.306870120094630994e-02	4.553793867994400391e-02	1.533741748018541302e-02	3.594827457227341844e-02
4.595881702972519065e+02	4.108588545335732367e-01	2.663484690299084412e-01	1.413683006006192511e-01	8.379655435679299325e-02	4.582770003802483227e-02	1.545406916685407826e-02	3.634605227414852008e-02
4.644259405109071963e+02	4.092517215880078219e-01	2.653052842198317385e-01	1.424947672799338483e-01	8.451998800708851456e-02	4.611524276350866675e-02	1.557082279586137659e-02	3.674217334568936899e-02
4.692637107245624861e+02	4.076557543164389119e-01	2.642662946616665676e-01	1.436140108627632084e-01	8.523903557741698001e-02	4.640060422690441694e-02	1.568766497701277671e-02	3.713663537771853124e-02
4.741014809382177759e+02	4.060707534872514124e-01	2.632315957548463370e-01	1.447260813380426003e-01	8.595372991746649816e-02	4.668382063193069614e-02	1.580458269015659958e-02	3.752943618022718669e-02
4.789392511518730657e+02	4.044965301462111751e-01	2.622012742487574433e-01	1.458310281622593463e-01	8.666410332696727892e-02	4.696492706159146463e-02	1.592156327465497553e-02	3.792057377947962576e-02
4.837770213655284124e+02	4.029329049403574947e-01	2.611754088411354924e-01	1.469289002821072276e-01	8.737018758001949270e-02	4.724395752212829508e-02	1.603859441919244094e-02	3.831004641498093888e-02
4.886147915791837022e+02	4.013797074874912441e-01	2.601540707358978022e-01	1.480197461554176308e-01	8.807201394791762394e-02	4.752094498496192698e-02	1.615566415190984595e-02	3.869785253632521821e-02
4.934525617928388783e+02	3.998367757881777784e-01	2.591373241631559354e-01	1.491036137704957465e-01	8.876961322057053128e-02	4.779592142672910854e-02	1.627276083085185676e-02	3.908399079994022418e-02
4.982903320064942250e+02	3.983039556773891321e-01	2.581252268639666614e-01	1.501805506639808108e-01	8.946301572661012613e-02	4.806891786751457674e-02	1.638987313471674048e-02	3.946846006574317167e-02
5.031281022201495148e+02	3.967811003131072045e-01	2.571178305422069377e-01	1.512506039373411881e-01	9.015225135227507292e-02	4.833996440737206579e-02	1.650699005389764246e-02	3.985125939372108350e-02
5.079658724338048046e+02	3.952680696993901011e-01	2.561151812857976329e-01	1.523138202721072698e-01	9.083734955915018228e-02	4.860909026122281484e-02	1.662410088180497555e-02	4.023238804044815958e-02
5.128036426474600376e+02	3.937647302415711037e-01	2.551173199593488872e-01	1.533702459439377497e-01	9.151833940083699270e-02	4.887632379221500817e-02	1.674119520646003001e-02	4.061184545555140968e-02
5.176414128611153274e+02	3.922709543314188418e-01	2.541242825701612862e-01	1.544199268356077903e-01	9.219524953862548444e-02	4.914169254362243944e-02	1.685826290235019689e-02	4.098963127813508994e-02
5.224791830747705035e+02	3.907866199602348933e-01	2.531361006093854615e-01	1.554629084490012914e-01	9.286810825623272037e-02	4.940522326935665315e-02	1.697529412253669795e-02	4.136574533317337321e-02
5.273169532884259070e+02	3.893116103579986054e-01	2.521528013700207183e-01	1.564992359161840874e-01	9.353694347366933726e-02	4.966694196316216031e-02	1.709227929100602325e-02	4.174018762788010706e-02
5.321547235020811968e+02	3.878458136568005976e-01	2.511744082433200465e-01	1.575289540096285190e-01	9.420178276029116116e-02	4.992687388656064790e-02	1.720920909525661124e-02	4.211295834806350752e-02
5.369924937157364866e+02	3.863891225769220394e-01	2.502009409950629037e-01	1.585521071516551306e-01	9.486265334708895991e-02	5.018504359560613942e-02	1.732607447911272552e-02	4.248405785447313676e-02
5.418302639293917764e+02	3.849414341340309798e-01	2.492324160230575680e-01	1.595687394231530554e-01	9.551958213826614030e-02	5.044147496650979584e-02	1.744286663575766311e-02	4.285348667914581910e-02
5.466680341430470662e+02	3.835026493660670388e-01	2.482688465971435721e-01	1.605788945716348504e-01	9.617259572215065833e-02	5.069619122018958340e-02	1.755957700097884530e-02	4.322124552175646978e-02
5.515058043567023560e+02	3.820726730784850256e-01	2.473102430828788556e-01	1.615826160186787375e-01	9.682172038148438575e-02	5.094921494579703058e-02	1.767619724661760941e-02	4.358733524597934589e-02
5.563435745703576458e+02	3.806514136066167509e-01	2.463566131500151413e-01	1.625799468668067682e-01	9.746698210313042843e-02	5.120056812327044432e-02	1.779271927421676239e-02	4.395175687586470870e-02
5.611813447840129356e+02	3.792387825939941837e-01	2.454079619667915158e-01	1.635709299058437649e-01	9.810840658723581076e-02	5.145027214496114554e-02	1.790913520885920041e-02	4.431451159223537273e-02
5.660191149976681118e+02	3.778346947855560911e-01	2.444642923810059765e-01	1.645556076187989214e-01	9.874601925588485929e-02	5.169834783637676512e-02	1.802543739319127647e-02	4.467560072910713165e-02
5.708568852113234016e+02	3.764390678347314667e-01	2.435256050887599222e-01	1.655340221873086992e-01	9.937984526127607854e-02	5.194481547608334471e-02	1.814161838162466761e-02	4.503502577013687030e-02
5.756946554249786914e+02	3.750518221234636074e-01	2.425918987917099479e-01	1.665062154966766295e-01	1.000099094934530364e-01	5.218969481480551648e-02	1.825767093471085747e-02	4.539278834510148547e-02
5.805324256386339812e+02	3.736728805942994835e-01	2.416631703436049883e-01	1.674722291405434105e-01	1.006362365876179443e-01	5.243300509376214169e-02	1.837358801368251318e-02	4.574889022641055736e-02
5.853701958522892710e+02	3.723021685937303871e-01	2.407394148868341743e-01	1.684321044252175270e-01	1.012588509310545226e-01	5.267476506227266458e-02	1.848936277515624352e-02	4.610333332565549891e-02
5.902079660659445608e+02	3.709396137260225212e-01	2.398206259796617223e-01	1.693858823736952013e-01	1.018777766696850884e-01	5.291499299466758538e-02	1.860498856599145795e-02	4.645611969019736859e-02
5.950457362795999643e+02	3.695851457168305432e-01	2.389067957147792132e-01	1.703336037293955996e-01	1.024930377142851540e-01	5.315370670653472851e-02	1.872045891830021597e-02	4.680725149979547695e-02
5.998835064932552541e+02	3.682386962859320878e-01	2.379979148297635405e-01	1.712753089596352751e-01	1.031046577463772124e-01	5.339092357033122654e-02	1.883576754460311933e-02	4.715673106327847308e-02
6.047212767069104302e+02	3.669001990284677661e-01	2.370939728099883403e-01	1.722110382588649680e-01	1.037126602238238604e-01	5.362666053038977337e-02	1.895090833312658429e-02	4.750456081525962493e-02
6.095590469205657200e+02	3.655695893041127076e-01	2.361949579844999647e-01	1.731408315516885510e-01	1.043170683861393833e-01	5.386093411734597242e-02	1.906587534323683081e-02	4.785074331289748684e-02
6.143968171342210098e+02	3.642468041336431317e-01	2.353008576153347298e-01	1.740647284956837459e-01	1.049179052595373418e-01	5.409376046201244681e-02	1.918066280100624507e-02	4.819528123270321734e-02
6.192345873478761860e+02	3.629317821023992918e-01	2.344116579807214995e-01	1.749827684840421782e-01	1.055151936617306496e-01	5.432515530872390752e-02	1.929526509490786176e-02	4.853817736739547001e-02
6.240723575615315895e+02	3.616244632701789974e-01	2.335273444525837461e-01	1.758949906480447301e-01	1.061089562064996689e-01	5.455513402817622343e-02	1.940967677163383392e-02	4.887943462280367607e-02
6.289101277751868793e+02	3.603247890871276726e-01	2.326479015687274998e-01	1.768014338593873469e-01	1.066992153080424943e-01	5.478371162978146885e-02	1.952389253203396305e-02	4.921905601482040593e-02
6.337478979888421691e+02	3.590327023152202757e-01	2.317733131000750124e-01	1.777021367323710910e-01	1.072859931851211507e-01	5.501090277355954322e-02	1.963790722717047993e-02	4.955704466640323963e-02
6.385856682024975726e+02	3.577481469549573245e-01	2.309035621132799476e-01	1.785971376259690990e-01	1.078693118650159710e-01	5.523672178158627738e-02	1.975171585448538825e-02	4.989340380462671531e-02
6.434234384161527487e+02	3.564710681769234224e-01	2.300386310290370717e-01	1.794864746457820182e-01	1.084491931873002024e-01	5.546118264901671313e-02	1.986531355407680430e-02	5.022813675778441816e-02
6.482612086298080385e+02	3.552014122578801558e-01	2.291785016763782379e-01	1.803701856458929387e-01	1.090256588074454830e-01	5.568429905470142355e-02	1.997869560508086853e-02	5.056124695254155671e-02
6.530989788434633283e+02	3.539391265210873327e-01	2.283231553432265859e-01	1.812483082306313165e-01	1.095987302002686126e-01	5.590608437141288828e-02	2.009185742215596066e-02	5.089273791113799877e-02
6.579367490571185044e+02	3.526841592805674552e-01	2.274725728234629485e-01	1.821208797562552384e-01	1.101684286632292065e-01	5.612655167569805675e-02	2.020479455206593625e-02	5.122261324864182258e-02
6.627745192707737942e+02	3.514364597890473618e-01	2.266267344607407197e-01	1.829879373325603853e-01	1.107347753195870865e-01	5.634571375737251059e-02	2.031750267035937682e-02	5.155087667025323728e-02
6.676122894844290840e+02	3.501959781893290158e-01	2.257856201892695647e-01	1.838495178244228534e-01	1.112977911214277776e-01	5.656358312867086624e-02	2.042997757814182802e-02	5.187753196865876187e-02
6.724500596980843738e+02	3.489626654688581797e-01	2.249492095717739726e-01	1.847056578532835502e-01	1.118574968525639785e-01	5.678017203306742061e-02	2.054221519893813935e-02	5.220258302143537810e-02
6.772878299117396637e+02	3.477364734172756489e-01	2.241174818348178055e-01	1.855563937985798550e-01	1.124139131313203477e-01	5.699549245378029982e-02	2.065421157564216112e-02	5.252603378850441429e-02
6.821256001253949535e+02	3.465173545867498706e-01	2.232904159016738388e-01	1.864017617991308162e-01	1.129670604132082673e-01	5.720955612197187179e-02	2.076596286755105769e-02	5.284788830963479261e-02
6.869633703390502433e+02	3.453052622549028783e-01	2.224679904229049654e-01	1.872417977544810208e-01	1.135169589934972023e-01	5.742237452465746156e-02	2.087746534748168015e-02	5.316815070199527177e-02
6.918011405527055331e+02	3.441001503901561231e-01	2.216501838048120232e-01	1.880765373262082707e-01	1.140636290096883748e-01	5.763395891233395740e-02	2.098871539896643781e-02	5.348682515775526891e-02
6.966389107663608229e+02	3.429019736193319456e-01	2.208369742358934906e-01	1.889060159391990068e-01	1.146070904438966920e-01	5.784432030633934740e-02	2.109970951352628868e-02	5.380391594173370567e-02
7.014766809800161127e+02	3.417106871973593640e-01	2.200283397114516926e-01	1.897302687828960333e-01	1.151473631251457019e-01	5.805346950595364347e-02	2.121044428801847209e-02	5.411942738909547579e-02
7.063144511936714025e+02	3.405262469789426261e-01	2.192242580564718324e-01	1.905493308125219831e-01	1.156844667315809067e-01	5.826141709525137907e-02	2.132091642205671475e-02	5.443336390309495842e-02
7.111522214073266923e+02	3.393486093920596303e-01	2.184247069468905067e-01	1.913632367502816345e-01	1.162184207926057755e-01	5.846817344971513841e-02	2.143112271550169645e-02	5.474572995286600130e-02
7.159899916209819821e+02	3.381777314131683143e-01	2.176296639293638924e-01	1.921720210865465184e-01	1.167492446909447201e-01	5.867374874261938045e-02	2.154106006601969395e-02	5.505653007125782539e-02
7.208277618346371582e+02	3.370135705440046592e-01	2.168391064396373025e-01	1.929757180810242334e-01	1.172769576646372214e-01	5.887815295119337711e-02	2.165072546670731082e-02	5.536576885271621978e-02
7.256655320482924481e+02	3.358560847898665047e-01	2.160530118196107574e-01	1.937743617639150207e-01	1.178015788089667032e-01	5.908139586257155768e-02	2.176011600378031929e-02	5.567345095120938836e-02
7.305033022619478515e+02	3.347052326392827015e-01	2.152713573331900554e-01	1.945679859370577081e-01	1.183231270783277889e-01	5.928348707953936397e-02	2.186922885432468835e-02	5.597958107819791390e-02
7.353410724756030277e+02	3.335609730449742294e-01	2.144941201810054432e-01	1.953566241750671062e-01	1.188416212880350903e-01	5.948443602608230463e-02	2.197806128410792481e-02	5.628416400064804176e-02
7.401788426892584312e+02	3.324232654060212955e-01	2.137212775140750198e-01	1.961403098264647427e-01	1.193570801160768191e-01	5.968425195274556366e-02	2.208661064544896815e-02	5.658720453908772791e-02
7.450166129029136073e+02	3.312920695511545333e-01	2.129528064464848991e-01	1.969190760148039898e-01	1.198695221048158843e-01	5.988294394181116476e-02	2.219487437514482825e-02	5.688870756570479220e-02
7.498543831165690108e+02	3.301673457230955289e-01	2.121886840671529939e-01	1.976929556397918342e-01	1.203789656626414739e-01	6.008052091229952596e-02	2.230284999245235600e-02	5.718867800248642053e-02
7.546921533302243006e+02	3.290490545638757314e-01	2.114288874507387894e-01	1.984619813784076481e-01	1.208854290655733410e-01	6.027699162480183032e-02	2.241053509712345043e-02	5.748712081939942597e-02
7.595299235438793630e+02	3.279371571010685771e-01	2.106733936677575025e-01	1.992261856860206015e-01	1.213889304588214035e-01	6.047236468614939492e-02	2.251792736749215484e-02	5.778404103261052666e-02
7.643676937575347665e+02	3.268316147348735989e-01	2.099221797939527512e-01	1.999856007975066574e-01	1.218894878583029334e-01	6.066664855392604749e-02	2.262502455861211195e-02	5.807944370274605028e-02
7.692054639711900563e+02	3.257323892259946230e-01	2.091752229189784984e-01	2.007402587283655948e-01	1.223871191521191809e-01	6.085985154082914489e-02	2.273182450044289316e-02	5.837333393319022595e-02
7.740432341848452324e+02	3.246394426842602043e-01	2.084325001544370115e-01	2.014901912758391700e-01	1.228818421019936269e-01	6.105198181888477765e-02	2.283832509608373432e-02	5.866571686842153577e-02
7.788810043985006359e+02	3.235527375579356768e-01	2.076939886413176062e-01	2.022354300200309984e-01	1.233736743446736672e-01	6.124304742352232322e-02	2.294452432005337009e-02	5.895659769238640463e-02
7.837187746121558121e+02	3.224722366236805748e-01	2.069596655568761157e-01	2.029760063250283519e-01	1.238626333932974499e-01	6.143305625751351029e-02	2.305042021661452001e-02	5.924598162690947190e-02
7.885565448258112156e+02	3.213979029771090734e-01	2.062295081209943870e-01	2.037119513400265647e-01	1.243487366387274751e-01	6.162201609478070580e-02	2.315601089814181904e-02	5.953387393013987589e-02
7.933943150394665054e+02	3.203297000239124226e-01	2.055034936020544989e-01	2.044432960004565758e-01	1.248320013508524978e-01	6.180993458407914309e-02	2.326129454353186715e-02	5.982027989503285736e-02
7.982320852531219089e+02	3.192675914715058516e-01	2.047815993223616460e-01	2.051700710291153584e-01	1.253124446798592473e-01	6.199681925255756676e-02	2.336626939665418720e-02	6.010520484786596035e-02
8.030698554667769713e+02	3.182115413211656918e-01	2.040638026631462210e-01	2.058923069373000958e-01	1.257900836574751824e-01	6.218267750920152687e-02	2.347093376484192875e-02	6.038865414678921267e-02
8.079076256804323748e+02	3.171615138606233564e-01	2.033500810691736826e-01	2.066100340259456325e-01	1.262649351981837698e-01	6.236751664816352070e-02	2.357528601742117647e-02	6.067063318040869652e-02
8.127453958940876646e+02	3.161174736570860899e-01	2.026404120529903818e-01	2.073232823867658670e-01	1.267370161004131579e-01	6.255134385198389546e-02	2.367932458427769379e-02	6.095114736640271785e-02
8.175831661077428407e+02	3.150793855506561769e-01	2.019347731988284655e-01	2.080320819033987800e-01	1.272063430476998713e-01	6.273416619470630062e-02	2.378304795446009937e-02	6.123020215017010298e-02
8.224209363213982442e+02	3.140472146481216309e-01	2.012331421661952280e-01	2.087364622525552937e-01	1.276729326098278994e-01	6.291599064489147852e-02	2.388645467481839701e-02	6.150780300350983804e-02
8.272587065350534203e+02	3.130209263170947720e-01	2.005354966931671423e-01	2.094364529051718216e-01	1.281368012439449700e-01	6.309682406853271697e-02	2.398954334867683946e-02	6.178395542333155188e-02
8.320964767487085965e+02	3.120004861804741569e-01	1.998418145994099171e-01	2.101320831275665380e-01	1.285979652956562858e-01	6.327667323187655124e-02	2.409231263454016461e-02	6.205866493039615545e-02
8.369342469623640000e+02	3.109858601112102106e-01	1.991520737889429238e-01	2.108233819825993671e-01	1.290564410000970552e-01	6.345554480415192822e-02	2.419476124483225382e-02	6.233193706808604767e-02
8.417720171760191761e+02	3.099770142273525764e-01	1.984662522526660089e-01	2.115103783308353580e-01	1.295122444829844011e-01	6.363344536021088571e-02	2.429688794466626847e-02	6.260377740120430523e-02
8.466097873896745796e+02	3.089739148873625885e-01	1.977843280706647611e-01	2.121931008317114453e-01	1.299653917616495069e-01	6.381038138308385566e-02	2.439869155064543563e-02	6.287419151480226620e-02
8.514475576033297557e+02	3.079765286856715467e-01	1.971062794143100261e-01	2.128715779447064305e-01	1.304158987460509178e-01	6.398635926645254712e-02	2.450017092969352869e-02	6.314318501303486930e-02
8.562853278169851592e+02	3.069848224484699739e-01	1.964320845481656586e-01	2.135458379305140708e-01	1.308637812397694111e-01	6.416138531704308756e-02	2.460132499791427632e-02	6.341076351804329769e-02
8.611230980306403353e+02	3.059987632297122007e-01	1.957617218317178054e-01	2.142159088522190002e-01	1.313090549409853536e-01	6.433546575694230885e-02	2.470215271947885649e-02	6.367693266886426118e-02
8.659608682442956251e+02	3.050183183073216231e-01	1.950951697209383773e-01	2.148818185764752309e-01	1.317517354434390164e-01	6.450860672583952349e-02	2.480265310554070207e-02	6.394169812036533396e-02
8.707986384579510286e+02	3.040434551795845874e-01	1.944324067696941161e-01	2.155435947746870418e-01	1.321918382373745704e-01	6.468081428319660819e-02	2.490282521317683379e-02	6.420506554220603568e-02
8.756364086716062047e+02	3.030741415617199119e-01	1.937734116310120269e-01	2.162012649241922824e-01	1.326293787104682320e-01	6.485209441034858746e-02	2.500266814435499890e-02	6.446704061782372597e-02
8.804741788852616082e+02	3.021103453826123886e-01	1.931181630582114450e-01	2.168548563094474801e-01	1.330643721487411724e-01	6.502245301253715970e-02	2.510218104492590446e-02	6.472762904344421531e-02
8.853119490989170117e+02	3.011520347817004395e-01	1.924666399059116184e-01	2.175043960232147244e-01	1.334968337374575764e-01	6.519189592087933083e-02	2.520136310363981641e-02	6.498683652711628733e-02
8.901497193125721878e+02	3.001991781060068254e-01	1.918188211309242996e-01	2.181499109677500492e-01	1.339267785620085194e-01	6.536042889427347291e-02	2.530021355118687587e-02	6.524466878776970236e-02
8.949874895262273640e+02	2.992517439073044128e-01	1.911746857930387844e-01	2.187914278559930925e-01	1.343542216087819929e-01	6.552805762124475075e-02	2.539873165926049420e-02	6.550113155429621026e-02
8.998252597398827675e+02	2.983097009394071186e-01	1.905342130557071967e-01	2.194289732127577552e-01	1.347791777660194701e-01	6.569478772173197034e-02	2.549691673964313288e-02	6.575623056465310090e-02
9.046630299535379436e+02	2.973730181555787055e-01	1.898973821866374867e-01	2.200625733759233871e-01	1.352016618246596191e-01	6.586062474881790307e-02	2.559476814331391667e-02	6.600997156498877860e-02
9.095008001671932334e+02	2.964416647060515442e-01	1.892641725582999701e-01	2.206922544976268330e-01	1.356216884791692778e-01	6.602557419040479270e-02	2.569228525957743467e-02	6.626236030878986105e-02
9.143385703808486369e+02	2.955156099356489041e-01	1.886345636483544030e-01	2.213180425454544242e-01	1.360392723283623817e-01	6.618964147083700178e-02	2.578946751521319497e-02	6.651340255604942797e-02
9.191763405945038130e+02	2.945948233815028905e-01	1.880085350400023669e-01	2.219399633036341357e-01	1.364544278762069018e-01	6.635283195247247690e-02	2.588631437364512580e-02	6.676310407245583667e-02
9.240141108081592165e+02	2.936792747708634743e-01	1.873860664222714578e-01	2.225580423742272995e-01	1.368671695326203197e-01	6.651515093720476723e-02	2.598282533413060272e-02	6.701147062860185466e-02
9.288518810218145063e+02	2.927689340189918998e-01	1.867671375902348607e-01	2.231723051783200129e-01	1.372775116142539165e-01	6.667660366793715099e-02	2.607899993096846405e-02	6.725850799921342937e-02
9.336896512354697961e+02	2.918637712271334728e-01	1.861517284451724430e-01	2.237827769572137138e-01	1.376854683452660988e-01	6.683719533001053481e-02	2.617483773272552897e-02	6.750422196239794226e-02
9.385274214491247449e+02	2.909637566805646780e-01	1.855398189946761422e-01	2.243894827736146735e-01	1.380910538580853164e-01	6.699693105258659742e-02	2.627033834148105249e-02	6.774861829891129505e-02
9.433651916627801484e+02	2.900688608467100749e-01	1.849313893527050612e-01	2.249924475128223522e-01	1.384942821941624047e-01	6.715581590998764838e-02	2.636550139208872559e-02	6.799170279144352291e-02
9.482029618764355519e+02	2.891790543733245289e-01	1.843264197395929616e-01	2.255916958839162823e-01	1.388951673047130742e-01	6.731385492299463147e-02	2.646032655145567555e-02	6.823348122392255966e-02
9.530407320900908417e+02	2.882943080867370056e-01	1.837248904820124873e-01	2.261872524209413426e-01	1.392937230514504909e-01	6.747105306010467429e-02	2.655481351783803290e-02	6.847395938083568334e-02
9.578785023037459041e+02	2.874145929901517627e-01	1.831267820128983370e-01	2.267791414840908959e-01	1.396899632073084485e-01	6.762741523874934990e-02	2.664896202015265558e-02	6.871314304656830907e-02
9.627162725174014213e+02	2.865398802620034435e-01	1.825320748713336327e-01	2.273673872608880930e-01	1.400839014571550745e-01	6.778294632647524631e-02	2.674277181730453853e-02	6.895103800475982370e-02
9.675540427310568248e+02	2.856701412543634633e-01	1.819407497024012610e-01	2.279520137673645697e-01	1.404755513984974058e-01	6.793765114208773215e-02	2.683624269752951652e-02	6.918765003767585187e-02
9.723918129447120009e+02	2.848053474913940786e-01	1.813527872570035449e-01	2.285330448492367550e-01	1.408649265421774432e-01	6.809153445675926453e-02	2.692937447775184748e-02	6.942298492559689782e-02
9.772295831583674044e+02	2.839454706678466445e-01	1.807681683916521065e-01	2.291105041830793498e-01	1.412520403130590740e-01	6.824460099510350208e-02	2.702216700295628771e-02	6.965704844622282177e-02
9.820673533720223531e+02	2.830904826476031699e-01	1.801868740682306680e-01	2.296844152774959735e-01	1.416369060507067790e-01	6.839685543621613906e-02	2.711462014557427039e-02	6.988984637409278999e-02
9.869051235856777566e+02	2.822403554622565647e-01	1.796088853537325947e-01	2.302548014742865357e-01	1.420195370100560683e-01	6.854830241468365393e-02	2.720673380488384738e-02	7.012138448002050439e-02
9.917428937993331601e+02	2.813950613097290776e-01	1.790341834199754290e-01	2.308216859496112772e-01	1.423999463620757855e-01	6.869894652156098569e-02	2.729850790642298491e-02	7.035166853054423963e-02
9.965806640129884499e+02	2.805545725529256518e-01	1.784627495432938304e-01	2.313850917151515640e-01	1.427781471944223057e-01	6.884879230531915084e-02	2.738994240141590097e-02	7.058070428739136870e-02
1.001418434226643626e+03	2.797188617184203641e-01	1.778945651042133369e-01	2.319450416192666287e-01	1.431541525120862690e-01	6.899784427276378640e-02	2.748103726621212509e-02	7.080849750695723810e-02
1.006256204440298802e+03	2.788879014951745061e-01	1.773296115871055567e-01	2.325015583481468417e-01	1.435279752380316520e-01	6.914610688992549326e-02	2.757179250173788509e-02	7.103505393979783755e-02
1.011093974653954206e+03	2.780616647332840863e-01	1.767678705798272631e-01	2.330546644269626821e-01	1.438996282138271798e-01	6.929358458292302070e-02	2.766220813295957107e-02	7.126037933013604220e-02
1.015931744867609382e+03	2.772401244427549205e-01	1.762093237733441675e-01	2.336043822210097654e-01	1.442691242002707708e-01	6.944028173879994437e-02	2.775228420835893287e-02	7.148447941538126071e-02
1.020769515081264785e+03	2.764232537923049793e-01	1.756539529613408701e-01	2.341507339368495144e-01	1.446364758780065984e-01	6.958620270633604499e-02	2.784202079941970609e-02	7.170735992566204531e-02
1.025607285294920075e+03	2.756110261081905488e-01	1.751017400398179880e-01	2.346937416234452511e-01	1.450016958481353258e-01	6.973135179683383200e-02	2.793141800012539228e-02	7.192902658337134436e-02
1.030445055508575479e+03	2.748034148730568171e-01	1.745526670066779584e-01	2.352334271732939575e-01	1.453647966328173724e-01	6.987573328488125290e-02	2.802047592646791235e-02	7.214948510272435611e-02
1.035282825722230655e+03	2.740003937248104426e-01	1.740067159613000458e-01	2.357698123235530685e-01	1.457257906758695210e-01	7.001935140909125443e-02	2.810919471596683150e-02	7.236874118932840050e-02
1.040120595935886058e+03	2.732019364555134389e-01	1.734638691041060499e-01	2.363029186571626028e-01	1.460846903433548061e-01	7.016221037281898665e-02	2.819757452719889868e-02	7.258680053976475366e-02
1.044958366149541234e+03	2.724080170102969878e-01	1.729241087361170770e-01	2.368327676039623242e-01	1.464415079241661033e-01	7.030431434485731601e-02	2.828561553933767181e-02	7.280366884118211201e-02
1.049796136363196410e+03	2.716186094862942380e-01	1.723874172585027065e-01	2.373593804418036302e-01	1.467962556306031674e-01	7.044566746011142466e-02	2.837331795170294074e-02	7.301935177090149165e-02
1.054633906576851814e+03	2.708336881315915323e-01	1.718537771721230234e-01	2.378827782976564165e-01	1.471489455989436479e-01	7.058627382025310648e-02	2.846068198331968765e-02	7.323385499603210502e-02
1.059471676790506763e+03	2.700532273441967335e-01	1.713231710770641847e-01	2.384029821487108070e-01	1.474995898900077484e-01	7.072613749435535668e-02	2.854770787248641500e-02	7.344718417309833991e-02
1.064309447004162394e+03	2.692772016710233696e-01	1.707955816721684339e-01	2.389200128234730824e-01	1.478482004897169466e-01	7.086526251950810151e-02	2.863439587635252526e-02	7.365934494767713281e-02
1.069147217217817570e+03	2.685055858068911561e-01	1.702709917545590923e-01	2.394338910028565026e-01	1.481947893096468571e-01	7.100365290141544272e-02	2.872074627050459281e-02	7.387034295404595885e-02
1.073984987431472746e+03	2.677383545935408948e-01	1.697493842191609148e-01	2.399446372212664103e-01	1.485393681875741834e-01	7.114131261497499970e-02	2.880675934856127482e-02	7.408018381484092474e-02
1.078822757645127922e+03	2.669754830186635841e-01	1.692307420582166988e-01	2.404522718676795068e-01	1.488819488880180897e-01	7.127824560484022354e-02	2.889243542177665977e-02	7.428887314072474268e-02
1.083660527858783553e+03	2.662169462149433508e-01	1.687150483608003959e-01	2.409568151867177987e-01	1.492225431027757176e-01	7.141445578596590515e-02	2.897777481865185245e-02	7.449641653006455755e-02
1.088498298072438729e+03	2.654627194591126504e-01	1.682022863123270318e-01	2.414582872797162161e-01	1.495611624514524007e-01	7.154994704413752959e-02	2.906277788455456992e-02	7.470281956861918315e-02
1.093336068286093905e+03	2.647127781710206240e-01	1.676924391940604608e-01	2.419567081057848179e-01	1.498978184819863280e-01	7.168472323648504563e-02	2.914744498134659578e-02	7.490808782923570608e-02
1.098173838499749309e+03	2.639670979127127226e-01	1.671854903826186789e-01	2.424520974828646980e-01	1.502325226711678785e-01	7.181878819198146691e-02	2.923177648701885331e-02	7.511222687155523492e-02
1.103011608713404712e+03	2.632256543875219901e-01	1.666814233494774977e-01	2.429444750887781446e-01	1.505652864251537659e-01	7.195214571192684594e-02	2.931577279533395530e-02	7.531524224172735094e-02
1.107849378927059888e+03	2.624884234391709481e-01	1.661802216604727211e-01	2.434338604622724167e-01	1.508961210799758257e-01	7.208479957041810660e-02	2.939943431547602584e-02	7.551713947213352374e-02
1.112687149140715292e+03	2.617553810508843615e-01	1.656818689753012108e-01	2.439202730040576639e-01	1.512250379020448898e-01	7.221675351480502658e-02	2.948276147170763098e-02	7.571792408111877037e-02
1.117524919354370468e+03	2.610265033445115512e-01	1.651863490470211471e-01	2.444037319778385731e-01	1.515520480886496102e-01	7.234801126613310540e-02	2.956575470303364830e-02	7.591760157273184928e-02
1.122362689568025871e+03	2.603017665796588664e-01	1.646936457215518179e-01	2.448842565113397429e-01	1.518771627684502024e-01	7.247857651957342884e-02	2.964841446287190541e-02	7.611617743647347556e-02
1.127200459781681047e+03	2.595811471528310932e-01	1.642037429371729362e-01	2.453618655973247575e-01	1.522003930019675544e-01	7.260845294484019607e-02	2.973074121873043457e-02	7.631365714705244663e-02
1.132038229995336451e+03	2.588646215965819675e-01	1.637166247240240402e-01	2.458365780946091539e-01	1.525217497820672841e-01	7.273764418659608988e-02	2.981273545189117025e-02	7.651004616414965043e-02
1.136876000208991627e+03	2.581521665786736253e-01	1.632322752036040603e-01	2.463084127290667835e-01	1.528412440344393830e-01	7.286615386484601720e-02	2.989439765709995742e-02	7.670534993218960929e-02
1.141713770422646803e+03	2.574437589012437688e-01	1.627506785882710805e-01	2.467773880946298459e-01	1.531588866180728925e-01	7.299398557531965037e-02	2.997572834226272520e-02	7.689957388011939288e-02
1.146551540636302207e+03	2.567393754999819366e-01	1.622718191807427934e-01	2.472435226542828435e-01	1.534746883257263050e-01	7.312114288984283839e-02	3.005672802814767647e-02	7.709272342119494192e-02
1.151389310849957155e+03	2.560389934433125458e-01	1.617956813735977328e-01	2.477068347410494864e-01	1.537886598843931918e-01	7.324762935669863750e-02	3.013739724809331305e-02	7.728480395277438630e-02
