1.935108085462113081e+02	5.294660647919122720e-01	3.216931611099434485e-01	6.609588282859719943e-02	3.604915358275336684e-02	2.509281020143961163e-02	9.493558971978330319e-03	1.210936851329820658e-02
1.983485787598666263e+02	5.267836699364735198e-01	3.206806585780057617e-01	6.769674980127678154e-02	3.707899002289261753e-02	2.559770440365436925e-02	9.575989120289243872e-03	1.258623813733025440e-02
2.031863489735219162e+02	5.241280032706804315e-01	3.196641021743819033e-01	6.928843062014454490e-02	3.810182055575775384e-02	2.609558991983539425e-02	9.660079237372831695e-03	1.306197422174978397e-02
2.080241191871772060e+02	5.214986065682014615e-01	3.186437771850185174e-01	7.087092718298473870e-02	3.911771365798401290e-02	2.658664841673400933e-02	9.745770528956037779e-03	1.353655646004396293e-02
2.128618894008324673e+02	5.188950324195434893e-01	3.176199602361702845e-01	7.244424373186660049e-02	4.012673668251013487e-02	2.707105590517296448e-02	9.833005941457213100e-03	1.400996508320212670e-02
2.176996596144877287e+02	5.163168439493232009e-01	3.165929195330594026e-01	7.400838675429562141e-02	4.112895588409807429e-02	2.754898292014642744e-02	9.921730108588560151e-03	1.448218085041171749e-02
2.225374298281430470e+02	5.137636145411326183e-01	3.155629150920632453e-01	7.556336488778352123e-02	4.212443644420042765e-02	2.802059469520725224e-02	1.001188929963961818e-02	1.495318503989632661e-02
2.273752000417983652e+02	5.112349275697931628e-01	3.145301989666078324e-01	7.710918882772564709e-02	4.311324249519279256e-02	2.848605133132164555e-02	1.010343136938848287e-02	1.542295943989362844e-02
2.322129702554535982e+02	5.087303761407960812e-01	3.134950154669356448e-01	7.864587123847749384e-02	4.409543714398805880e-02	2.894550796036564344e-02	1.019630570958916099e-02	1.589148633977106873e-02
2.370507404691088880e+02	5.062495628367378320e-01	3.124576013739149283e-01	8.017342666752647062e-02	4.507108249504913206e-02	2.939911490343247863e-02	1.029046320198506032e-02	1.635874852127717702e-02
2.418885106827641494e+02	5.037920994705573641e-01	3.114181861470514678e-01	8.169187146265724508e-02	4.604023967281599405e-02	2.984701782411443294e-02	1.038585617280024867e-02	1.682472924992644420e-02
2.467262808964194392e+02	5.013576068453926560e-01	3.103769921268597076e-01	8.320122369201297940e-02	4.700296884356268412e-02	3.028935787691780512e-02	1.048243834866159456e-02	1.728941226651574056e-02
2.515640511100747290e+02	4.989457145208788247e-01	3.093342347317460939e-01	8.470150306695765907e-02	4.795932923669949527e-02	3.072627185096452399e-02	1.058016481390642444e-02	1.775278177877026228e-02
2.564018213237300188e+02	4.965560605857093357e-01	3.082901226495534108e-01	8.619273086764765723e-02	4.890937916553488723e-02	3.115789230912918012e-02	1.067899196923175441e-02	1.821482245311708062e-02
2.612395915373852517e+02	4.941882914362949464e-01	3.072448580239104388e-01	8.767492987122377235e-02	4.985317604751168113e-02	3.158434772275557634e-02	1.077887749164255053e-02	1.867551940658434065e-02
2.660773617510405415e+02	4.918420615613522950e-01	3.061986366355278211e-01	8.914812428253751642e-02	5.079077642393130254e-02	3.200576260209232748e-02	1.087978029565780762e-02	1.913485819882426026e-02
2.709151319646958882e+02	4.895170333322633183e-01	3.051516480785762542e-01	9.061233966732862299e-02	5.172223597917980503e-02	3.242225762258273136e-02	1.098166049573457217e-02	1.959282482425806632e-02
2.757529021783511780e+02	4.872128767990481224e-01	3.041040759322815590e-01	9.206760288777292300e-02	5.264760955946871934e-02	3.283394974713984421e-02	1.108447936987125987e-02	2.004940570434103966e-02
2.805906723920064678e+02	4.849292694918004853e-01	3.030560979278642542e-01	9.351394204032272006e-02	5.356695119110372466e-02	3.324095234453350312e-02	1.118819932435287726e-02	2.050458767994591328e-02
2.854284426056617008e+02	4.826658962274373299e-01	3.020078861109515844e-01	9.495138639576397588e-02	5.448031409829350025e-02	3.364337530401231846e-02	1.129278385960192851e-02	2.095835800386285780e-02
2.902662128193169337e+02	4.804224489216189498e-01	3.009596069995827960e-01	9.637996634141723917e-02	5.538775072051103227e-02	3.404132514627934702e-02	1.139819753709992237e-02	2.141070433341431267e-02
2.951039830329722804e+02	4.781986264056996006e-01	2.999114217379278968e-01	9.779971332541144424e-02	5.628931272941915115e-02	3.443490513093698524e-02	1.150440594734554803e-02	2.186161472318303572e-02
2.999417532466276270e+02	4.759941342485729532e-01	2.988634862458361408e-01	9.921065980296212006e-02	5.718505104537176947e-02	3.482421536051246574e-02	1.161137567881661246e-02	2.231107761785162957e-02
3.047795234602828600e+02	4.738086845832796268e-01	2.978159513643262590e-01	1.006128391845875908e-01	5.807501585350213769e-02	3.520935288117221090e-02	1.171907428790391545e-02	2.275908184515196275e-02
3.096172936739380930e+02	4.716419959382484040e-01	2.967689629971285159e-01	1.020062857861990246e-01	5.895925661940888685e-02	3.559041178022967489e-02	1.182747026978623987e-02	2.320561660892288616e-02
3.144550638875934396e+02	4.694937930730455067e-01	2.957226622483862255e-01	1.033910347810020891e-01	5.983782210445052346e-02	3.596748328054812788e-02	1.193653303021659576e-02	2.365067148227462113e-02
3.192928341012487294e+02	4.673638068185101413e-01	2.946771855566190923e-01	1.047671221531500801e-01	6.071076038065870845e-02	3.634065583193664406e-02	1.204623285819081922e-02	2.409423640085830293e-02
3.241306043149040192e+02	4.652517739211580738e-01	2.936326648250510707e-01	1.061345846530902942e-01	6.157811884528031909e-02	3.671001519963435628e-02	1.215654089947055226e-02	2.453630165623916018e-02
3.289683745285592522e+02	4.631574368917378282e-01	2.925892275484002214e-01	1.074934597545472853e-01	6.243994423495804330e-02	3.707564454997521602e-02	1.226742913093348958e-02	2.497685788937177923e-02
3.338061447422145420e+02	4.610805438578269855e-01	2.915469969362263214e-01	1.088437856130883563e-01	6.329628263955912326e-02	3.743762453332241669e-02	1.237887033572467738e-02	2.541589608417603105e-02
3.386439149558698318e+02	4.590208484203596728e-01	2.905060920329297081e-01	1.101856010262186325e-01	6.414717951566130394e-02	3.779603336435901489e-02	1.249083807918343475e-02	2.585340756121218275e-02
3.434816851695251216e+02	4.569781095139794358e-01	2.894666278344913968e-01	1.115189453949544524e-01	6.499267969970518033e-02	3.815094689981839149e-02	1.260330668552133403e-02	2.628938397145375375e-02
3.483194553831804114e+02	4.549520912711134124e-01	2.884287154020434563e-01	1.128438586868257265e-01	6.583282742082158245e-02	3.850243871373570242e-02	1.271625121522739106e-02	2.672381729015673238e-02
3.531572255968357013e+02	4.529425628896680545e-01	2.873924619723542961e-01	1.141603814002592754e-01	6.666766631334253290e-02	3.885058017029876382e-02	1.282964744317742836e-02	2.715669981082372356e-02
3.579949958104909342e+02	4.509492985042483082e-01	2.863579710653131882e-01	1.154685545302969879e-01	6.749723942900406892e-02	3.919544049437456018e-02	1.294347183742527822e-02	2.758802413926174021e-02
3.628327660241463377e+02	4.489720770608053857e-01	2.853253425884946237e-01	1.167684195356038096e-01	6.832158924884906837e-02	3.953708683978488653e-02	1.305770153865421467e-02	2.801778318773220228e-02
3.676705362378016275e+02	4.470106821946199238e-01	2.842946729388820537e-01	1.180600183067221781e-01	6.914075769483780942e-02	3.987558435540265733e-02	1.317231434026766741e-02	2.844597016919188023e-02
3.725083064514568036e+02	4.450649021115320458e-01	2.832660551018269524e-01	1.193433931355310229e-01	6.995478614117398020e-02	4.021099624913773707e-02	1.328728866909897020e-02	2.887257859162347881e-02
3.773460766651120935e+02	4.431345294723286199e-01	2.822395787473188644e-01	1.206185866858685840e-01	7.076371542535359049e-02	4.054338384987948851e-02	1.340260356672051505e-02	2.929760225245455624e-02
3.821838468787673833e+02	4.412193612802046694e-01	2.812153303236384350e-01	1.218856419652798589e-01	7.156758585894396063e-02	4.087280666746056362e-02	1.351823867133331719e-02	2.972103523306350928e-02
3.870216170924226162e+02	4.393191987712142255e-01	2.801933931484649198e-01	1.231446022978503890e-01	7.236643723809982331e-02	4.119932245070500459e-02	1.363417420021859061e-02	3.014287189337141668e-02
3.918593873060780197e+02	4.374338473076319622e-01	2.791738474975060114e-01	1.243955112980898448e-01	7.316030885382344973e-02	4.152298724362116222e-02	1.375039093273353052e-02	3.056310686651847464e-02
3.966971575197332527e+02	4.355631162741449569e-01	2.781567706907179804e-01	1.256384128458296334e-01	7.394923950197546114e-02	4.184385543979848160e-02	1.386687019383406327e-02	3.098173505362384478e-02
4.015349277333884856e+02	4.337068189768002457e-01	2.771422371761806391e-01	1.268733510621000427e-01	7.473326749304277927e-02	4.216197983506517200e-02	1.398359383810786338e-02	3.139875161862771408e-02
4.063726979470438323e+02	4.318647725446325136e-01	2.761303186116907393e-01	1.281003702859535853e-01	7.551243066166997420e-02	4.247741167846182109e-02	1.410054423430147363e-02	3.181415198321437682e-02
4.112104681606991221e+02	4.300367978339007524e-01	2.751210839441352585e-01	1.293195150522023773e-01	7.628676637596039367e-02	4.279020072158465360e-02	1.421770425032587749e-02	3.222793182181520749e-02
4.160482383743544119e+02	4.282227193348628336e-01	2.741145994867049684e-01	1.305308300700382673e-01	7.705631154655269432e-02	4.310039526635003199e-02	1.433505723872538495e-02	3.264008705669040056e-02
4.208860085880095880e+02	4.264223650810200494e-01	2.731109289940065743e-01	1.317343602025051741e-01	7.782110263547890872e-02	4.340804221123047146e-02	1.445258702259514735e-02	3.305061385308825928e-02
4.257237788016648778e+02	4.246355665607652874e-01	2.721101337351296556e-01	1.329301504467950978e-01	7.858117566480958549e-02	4.371318709601069302e-02	1.457027788193309727e-02	3.345950861448108993e-02
4.305615490153201677e+02	4.228621586313694447e-01	2.711122725647249210e-01	1.341182459153390238e-01	7.933656622509148437e-02	4.401587414511075325e-02	1.468811454041257444e-02	3.386676797787645243e-02
4.353993192289755143e+02	4.211019794352435786e-01	2.701174019921456226e-01	1.352986918176652120e-01	8.008730948358327995e-02	4.431614630952185330e-02	1.480608215256231340e-02	3.427238880920275427e-02
4.402370894426308041e+02	4.193548703184161730e-01	2.691255762487070324e-01	1.364715334429990601e-01	8.083344019229443678e-02	4.461404530739882662e-02	1.492416629134091059e-02	3.467636819876818849e-02
4.450748596562860939e+02	4.176206757511645717e-01	2.681368473531119956e-01	1.376368161435783666e-01	8.157499269583234902e-02	4.490961166335219468e-02	1.504235293609327596e-02	3.507870345679183627e-02
4.499126298699413837e+02	4.158992432507436776e-01	2.671512651750947986e-01	1.387945853186594303e-01	8.231200093906275439e-02	4.520288474648100074e-02	1.516062846087700734e-02	3.547939210900602491e-02
4.547504000835967304e+02	4.141904233061551310e-01	2.661688774973290372e-01	1.399448863991899494e-01	8.304449847458814093e-02	4.549390280718661889e-02	1.527897962314697829e-02	3.587843189232887281e-02
4.595881702972519065e+02	4.124940693049021223e-01	2.651897300756488884e-01	1.410877648331258505e-01	8.377251847004885121e-02	4.578270301280621540e-02	1.539739355278680472e-02	3.627582075060599431e-02
4.644259405109071963e+02	4.108100374616766581e-01	2.642138666976269201e-01	1.422232660713692309e-01	8.449609371525161616e-02	4.606932148210356875e-02	1.551585774147624247e-02	3.667155683042046255e-02
4.692637107245624861e+02	4.091381867489269353e-01	2.632413292395550664e-01	1.433514355543058505e-01	8.521525662912969590e-02	4.635379331865350366e-02	1.563436003238388716e-02	3.706563847696990599e-02
4.741014809382177759e+02	4.074783788292545283e-01	2.622721577218696809e-01	1.444723186989214092e-01	8.593003926653906832e-02	4.663615264315526532e-02	1.575288861017490327e-02	3.745806423000997559e-02
4.789392511518730657e+02	4.058304779895924308e-01	2.613063903630653551e-01	1.455859608864762123e-01	8.664047332489503705e-02	4.691643262470890363e-02	1.587143199132383040e-02	3.784883281986303749e-02
4.837770213655284124e+02	4.041943510771157100e-01	2.603440636321356361e-01	1.466924074507184039e-01	8.734659015065310284e-02	4.719466551108775221e-02	1.598997901472283545e-02	3.823794316349130029e-02
4.886147915791837022e+02	4.025698674368385910e-01	2.593852122995823350e-01	1.477917036666172024e-01	8.804842074563813681e-02	4.747088265803896950e-02	1.610851883257606587e-02	3.862539436063337772e-02
4.934525617928388783e+02	4.009568988508523946e-01	2.584298694870314494e-01	1.488838947395973722e-01	8.874599577322596355e-02	4.774511455764306189e-02	1.622704090157110410e-02	3.901118569000337766e-02
4.982903320064942250e+02	3.993553194791603089e-01	2.574780667154930036e-01	1.499690257952575601e-01	8.943934556438079553e-02	4.801739086576258669e-02	1.634553497431876293e-02	3.939531660555169179e-02
5.031281022201495148e+02	3.977650058020665291e-01	2.565298339523024440e-01	1.510471418695551460e-01	9.012850012355244633e-02	4.828774042860885241e-02	1.646399109105274247e-02	3.977778673278650756e-02
5.079658724338048046e+02	3.961858365640777424e-01	2.555851996567780060e-01	1.521182878994409293e-01	9.081348913443684778e-02	4.855619130845490600e-02	1.658239957158098854e-02	4.015859586515520968e-02
5.128036426474600376e+02	3.946176927192761030e-01	2.546441908246296904e-01	1.531825087139279118e-01	9.149434196560327082e-02	4.882277080852198692e-02	1.670075100748079008e-02	4.053774396048483164e-02
5.176414128611153274e+02	3.930604573781246724e-01	2.537068330311533226e-01	1.542398490255784405e-01	9.217108767599177521e-02	4.908750549706585031e-02	1.681903625452994822e-02	4.091523113748066209e-02
5.224791830747705035e+02	3.915140157556669109e-01	2.527731504732418366e-01	1.552903534223946946e-01	9.284375502028406613e-02	4.935042123068850844e-02	1.693724642536657485e-02	4.129105767228219426e-02
5.273169532884259070e+02	3.899782551210824733e-01	2.518431660102470326e-01	1.563340663600981395e-01	9.351237245415110200e-02	4.961154317690007198e-02	1.705537288237032184e-02	4.166522399507559954e-02
5.321547235020811968e+02	3.884530647485635035e-01	2.509169012037220647e-01	1.573710321547840130e-01	9.417696813938046529e-02	4.987089583595474135e-02	1.717340723075807402e-02	4.203773068676188579e-02
5.369924937157364866e+02	3.869383358694752917e-01	2.499943763560746324e-01	1.584012949759369127e-01	9.483756994888663250e-02	5.012850306198401301e-02	1.729134131188736143e-02	4.240857847567991445e-02
5.418302639293917764e+02	3.854339616257675960e-01	2.490756105481610472e-01	1.594248988397949096e-01	9.549420547160708539e-02	5.038438808344968683e-02	1.740916719676093710e-02	4.277776823438356191e-02
5.466680341430470662e+02	3.839398370246027703e-01	2.481606216758492078e-01	1.604418876030490326e-01	9.614690201728710861e-02	5.063857352293830300e-02	1.752687717972623363e-02	4.314530097647215068e-02
5.515058043567023560e+02	3.824558588941681658e-01	2.472494264855790436e-01	1.614523049568662438e-01	9.679568662115622946e-02	5.089108141631817905e-02	1.764446377236352642e-02	4.351117785347344280e-02
5.563435745703576458e+02	3.809819258406411113e-01	2.463420406089465164e-01	1.624561944212238040e-01	9.744058604849883953e-02	5.114193323127930874e-02	1.776191969755691602e-02	4.387540015177838343e-02
5.611813447840129356e+02	3.795179382062754958e-01	2.454384785963384108e-01	1.634535993395440090e-01	9.808162679912180160e-02	5.139114988527594685e-02	1.787923788374237363e-02	4.423796928962684533e-02
5.660191149976681118e+02	3.780637980285804778e-01	2.445387539496432228e-01	1.644445628736175835e-01	9.871883511172163672e-02	5.163875176289099006e-02	1.799641145932729183e-02	4.459888681414369421e-02
5.708568852113234016e+02	3.766194090005611228e-01	2.436428791540632688e-01	1.654291279988056029e-01	9.935223696815378980e-02	5.188475873264061788e-02	1.811343374727615585e-02	4.495815439842438394e-02
5.756946554249786914e+02	3.751846764319936023e-01	2.427508657090519661e-01	1.664073374995094778e-01	9.998185809760636034e-02	5.212919016323715876e-02	1.823029825985714517e-02	4.531577383866930431e-02
5.805324256386339812e+02	3.737595072117063655e-01	2.418627241584004328e-01	1.673792339648988992e-01	1.006077239806809215e-01	5.237206493932747287e-02	1.834699869354460347e-02	4.567174705136634039e-02
5.853701958522892710e+02	3.723438097708414718e-01	2.409784641194958887e-01	1.683448597848883066e-01	1.012298598533824812e-01	5.261340147672371320e-02	1.846352892407251284e-02	4.602607607052072725e-02
5.902079660659445608e+02	3.709374940470684945e-01	2.400980943117747568e-01	1.693042571463521939e-01	1.018482907110210556e-01	5.285321773714272281e-02	1.857988300163423284e-02	4.637876304493169372e-02
5.950457362795999643e+02	3.695404714497270704e-01	2.392216225843917243e-01	1.702574680295707021e-01	1.024630413120270478e-01	5.309153124246972222e-02	1.869605514622392495e-02	4.672981023551503466e-02
5.998835064932552541e+02	3.681526548258717835e-01	2.383490559431262756e-01	1.712045342048967023e-01	1.030741361816824853e-01	5.332835908856169843e-02	1.881203974311524557e-02	4.707922001267110523e-02
6.047212767069104302e+02	3.667739584271966224e-01	2.374804005765474013e-01	1.721454972296354025e-01	1.036815996157703090e-01	5.356371795860510876e-02	1.892783133847301957e-02	4.742699485369743923e-02
6.095590469205657200e+02	3.654042978778146988e-01	2.366156618814560797e-01	1.730803984451293742e-01	1.042854556841437408e-01	5.379762413604227689e-02	1.904342463509373778e-02	4.777313734024539460e-02
6.143968171342210098e+02	3.640435901428704102e-01	2.357548444876256533e-01	1.740092789740402268e-01	1.048857282342177122e-01	5.403009351708026875e-02	1.915881448827083666e-02	4.811765015582016719e-02
6.192345873478761860e+02	3.626917534979626767e-01	2.348979522818584742e-01	1.749321797178197968e-01	1.054824408943842995e-01	5.426114162279571662e-02	1.927399590178090899e-02	4.846053608332349938e-02
6.240723575615315895e+02	3.613487074993559922e-01	2.340449884313778040e-01	1.758491413543635529e-01	1.060756170773540091e-01	5.449078361084849081e-02	1.938896402398704658e-02	4.880179800263852175e-02
6.289101277751868793e+02	3.600143729549604710e-01	2.331959554065727858e-01	1.767602043358388886e-01	1.066652799834248294e-01	5.471903428681680615e-02	1.950371414405568243e-02	4.914143888825600603e-02
6.337478979888421691e+02	3.586886718960581866e-01	2.323508550031138098e-01	1.776654088866817804e-01	1.072514526036808385e-01	5.494590811516594092e-02	1.961824168828339363e-02	4.947946180694151597e-02
6.385856682024975726e+02	3.573715275497577060e-01	2.315096883634555347e-01	1.785647950017550112e-01	1.078341577231220205e-01	5.517141922986230906e-02	1.973254221653023693e-02	4.981586991544274812e-02
6.434234384161527487e+02	3.560628643121557801e-01	2.306724559977438582e-01	1.794584024446616577e-01	1.084134179237270790e-01	5.539558144464429290e-02	1.984661141875633181e-02	5.015066645823656327e-02
6.482612086298080385e+02	3.547626077221890939e-01	2.298391578041435457e-01	1.803462707462076819e-01	1.089892555874508312e-01	5.561840826296091805e-02	1.996044511165846747e-02	5.048385476531501437e-02
6.530989788434633283e+02	3.534706844361563682e-01	2.290097930886011712e-01	1.812284392030076852e-01	1.095616928991579309e-01	5.583991288758895222e-02	2.007403923540362206e-02	5.081543825000984366e-02
6.579367490571185044e+02	3.521870222028931630e-01	2.281843605840598310e-01	1.821049468762281354e-01	1.101307518494942655e-01	5.606010822993883619e-02	2.018738985045641365e-02	5.114542040685493562e-02
6.627745192707737942e+02	3.509115498395829480e-01	2.273628584691393673e-01	1.829758325904624061e-01	1.106964542376978472e-01	5.627900691905951547e-02	2.030049313449755130e-02	5.147380480948599013e-02
6.676122894844290840e+02	3.496441972081859584e-01	2.265452843862975629e-01	1.838411349327324640e-01	1.112588216743503194e-01	5.649662131035173424e-02	2.041334537943050031e-02	5.180059510857701333e-02
6.724500596980843738e+02	3.483848951924712889e-01	2.257316354594855190e-01	1.847008922516120144e-01	1.118178755840709832e-01	5.671296349399924247e-02	2.052594298847357224e-02	5.212579502981298102e-02
6.772878299117396637e+02	3.471335756756341873e-01	2.249219083113112305e-01	1.855551426564657769e-01	1.123736372081543533e-01	5.692804530312705474e-02	2.063828247333490337e-02	5.244940837189818877e-02
6.821256001253949535e+02	3.458901715184845016e-01	2.241160990797250174e-01	1.864039240168006983e-01	1.129261276071527459e-01	5.714187832169543430e-02	2.075036045146764693e-02	5.277143900459969894e-02
6.869633703390502433e+02	3.446546165381906834e-01	2.233142034342391335e-01	1.872472739617239423e-01	1.134753676634054076e-01	5.735447389213824826e-02	2.086217364340299529e-02	5.309189086682537806e-02
6.918011405527055331e+02	3.434268454875640253e-01	2.225162165916945711e-01	1.880852298795035182e-01	1.140213780835152846e-01	5.756584312275384030e-02	2.097371887015859332e-02	5.341076796473599730e-02
6.966389107663608229e+02	3.422067940348697546e-01	2.217221333315870235e-01	1.889178289172268321e-01	1.145641794007748043e-01	5.777599689485641427e-02	2.108499305072003213e-02	5.372807436989090329e-02
7.014766809800161127e+02	3.409943987441503288e-01	2.209319480109644962e-01	1.897451079805535512e-01	1.151037919775418361e-01	5.798494586969569348e-02	2.119599319959317163e-02	5.404381421742667641e-02
7.063144511936714025e+02	3.397895970560471102e-01	2.201456545789074459e-01	1.905671037335582851e-01	1.156402360075671348e-01	5.819270049515230803e-02	2.130671642442513378e-02	5.435799170426835331e-02
7.111522214073266923e+02	3.385923272691082619e-01	2.193632465906032725e-01	1.913838525986592265e-01	1.161735315182743644e-01	5.839927101221613348e-02	2.141715992369184335e-02	5.467061108737270025e-02
7.159899916209819821e+02	3.374025285215688785e-01	2.185847172210258482e-01	1.921953907566295305e-01	1.167036983729939220e-01	5.860466746125463783e-02	2.152732098445008305e-02	5.498167668200296815e-02
7.208277618346371582e+02	3.362201407735913583e-01	2.178100592782310496e-01	1.930017541466870767e-01	1.172307562731515762e-01	5.880889968807792578e-02	2.163719698015207846e-02	5.529119286003480321e-02
7.256655320482924481e+02	3.350451047899539181e-01	2.170392652162786429e-01	1.938029784666596145e-01	1.177547247604131125e-01	5.901197734980716952e-02	2.174678536852073935e-02	5.559916404829265413e-02
7.305033022619478515e+02	3.338773621231749811e-01	2.162723271477902387e-01	1.945990991732219622e-01	1.182756232187860135e-01	5.921390992055266395e-02	2.185608368948364910e-02	5.590559472691637721e-02
7.353410724756030277e+02	3.327168550970621141e-01	2.155092368561538352e-01	1.953901514822015684e-01	1.187934708766791303e-01	5.941470669690775835e-02	2.196508956316405720e-02	5.621048942775740825e-02
7.401788426892584312e+02	3.315635267906744676e-01	2.147499858073840806e-01	1.961761703689499370e-01	1.193082868089214849e-01	5.961437680326454186e-02	2.207380068792713299e-02	5.651385273280420951e-02
7.450166129029136073e+02	3.304173210226875046e-01	2.139945651616476374e-01	1.969571905687763358e-01	1.198200899387411034e-01	5.981292919695709726e-02	2.218221483847974615e-02	5.681568927263638824e-02
7.498543831165690108e+02	3.292781823361494720e-01	2.132429657844629733e-01	1.977332465774413184e-01	1.203288990397047842e-01	6.001037267323787450e-02	2.229032986402225067e-02	5.711600372490718142e-02
7.546921533302243006e+02	3.281460559836190671e-01	2.124951782575830450e-01	1.985043726517069507e-01	1.208347327376198821e-01	6.020671587009258918e-02	2.239814368645058618e-02	5.741480081285377235e-02
7.595299235438793630e+02	3.270208879126748069e-01	2.117511928895698947e-01	1.992706028099411608e-01	1.213376095123989140e-01	6.040196727289891265e-02	2.250565429860724651e-02	5.771208530383500207e-02
7.643676937575347665e+02	3.259026247517856634e-01	2.110109997260690151e-01	2.000319708327737145e-01	1.218375476998877910e-01	6.059613521893396360e-02	2.261285976257960961e-02	5.800786200789615626e-02
7.692054639711900563e+02	3.247912137965337509e-01	2.102745885597922526e-01	2.007885102638011787e-01	1.223345654936587867e-01	6.078922790173550000e-02	2.271975820804419607e-02	5.830213577636023797e-02
7.740432341848452324e+02	3.236866029961796287e-01	2.095419489402164659e-01	2.015402544103384597e-01	1.228286809467687979e-01	6.098125337532161322e-02	2.282634783065548914e-02	5.859491150044551788e-02
7.788810043985006359e+02	3.225887409405610029e-01	2.088130701830062663e-01	2.022872363442147214e-01	1.233199119734838950e-01	6.117221955827342045e-02	2.293262689047795636e-02	5.888619410990872383e-02
7.837187746121558121e+02	3.214975768473169460e-01	2.080879413791679178e-01	2.030294889026112437e-01	1.238082763509709555e-01	6.136213423768532849e-02	2.303859371045996474e-02	5.917598857171364746e-02
7.885565448258112156e+02	3.204130605494277528e-01	2.073665514039418900e-01	2.037670446889392473e-01	1.242937917209570031e-01	6.155100507298697649e-02	2.314424667494837523e-02	5.946429988872472400e-02
7.933943150394665054e+02	3.193351424830631058e-01	2.066488889254411709e-01	2.044999360737555505e-01	1.247764755913572388e-01	6.173883959964125701e-02	2.324958422824255702e-02	5.975113309842509934e-02
7.982320852531219089e+02	3.182637736757298885e-01	2.059349424130421657e-01	2.052281951957138917e-01	1.252563453378722769e-01	6.192564523272219706e-02	2.335460487318664208e-02	6.003649327165895555e-02
8.030698554667769713e+02	3.171989057347119334e-01	2.052247001455348718e-01	2.059518539625504185e-01	1.257334182055555027e-01	6.211142927037682782e-02	2.345930716979891667e-02	6.032038551139756732e-02
8.079076256804323748e+02	3.161404908357944299e-01	2.045181502190391298e-01	2.066709440521008467e-01	1.262077113103511061e-01	6.229619889717460252e-02	2.356368973393719451e-02	6.060281495152878423e-02
8.127453958940876646e+02	3.150884817122646675e-01	2.038152805546928348e-01	2.073854969133482606e-01	1.266792416406034572e-01	6.247996118734819304e-02	2.366775123599913419e-02	6.088378675566959164e-02
8.175831661077428407e+02	3.140428316441824519e-01	2.031160789061189353e-01	2.080955437674991138e-01	1.271480260585387267e-01	6.266272310792911360e-02	2.377149039965644611e-02	6.116330611600130640e-02
8.224209363213982442e+02	3.130034944479133663e-01	2.024205328666766057e-01	2.088011156090862908e-01	1.276140813017191400e-01	6.284449152178156472e-02	2.387490600062199333e-02	6.144137825212714343e-02
8.272587065350534203e+02	3.119704244659169956e-01	2.017286298765028629e-01	2.095022432070973994e-01	1.280774239844705842e-01	6.302527319053785604e-02	2.397799686544880779e-02	6.171800840995166765e-02
8.320964767487085965e+02	3.109435765567841181e-01	2.010403572293502916e-01	2.101989571061268491e-01	1.285380705992841821e-01	6.320507477743862734e-02	2.408076187036007829e-02	6.199320186058196458e-02
8.369342469623640000e+02	3.099229060855169804e-01	2.003557020792262611e-01	2.108912876275501891e-01	1.289960375181925245e-01	6.338390285008096980e-02	2.418319994010920473e-02	6.226696389924994690e-02
8.417720171760191761e+02	3.089083689140444400e-01	1.996746514468392686e-01	2.115792648707194024e-01	1.294513409941209781e-01	6.356176388307728520e-02	2.428531004686901654e-02	6.253929984425571353e-02
8.466097873896745796e+02	3.078999213919677569e-01	1.989971922258573223e-01	2.122629187141774898e-01	1.299039971622147349e-01	6.373866426062813062e-02	2.438709120914931208e-02	6.281021503593141320e-02
8.514475576033297557e+02	3.068975203475297620e-01	1.983233111889839140e-01	2.129422788168915670e-01	1.303540220411422146e-01	6.391461027901142178e-02	2.448854249074191095e-02	6.307971483562543891e-02
8.562853278169851592e+02	3.059011230788021840e-01	1.976529949938562458e-01	2.136173746195026424e-01	1.308014315343752898e-01	6.408960814899117286e-02	2.458966299969236532e-02	6.334780462470639140e-02
8.611230980306403353e+02	3.049106873450849742e-01	1.969862301887707057e-01	2.142882353455913547e-01	1.312462414314468362e-01	6.426366399814797958e-02	2.469045188729757784e-02	6.361448980358694327e-02
8.659608682442956251e+02	3.039261713585125202e-01	1.963230032182400886e-01	2.149548900029581433e-01	1.316884674091861607e-01	6.443678387313413192e-02	2.479090834712859015e-02	6.387977579076668799e-02
8.707986384579510286e+02	3.029475337758613662e-01	1.956633004283875321e-01	2.156173673849169359e-01	1.321281250329329193e-01	6.460897374185561870e-02	2.489103161407778611e-02	6.414366802189416794e-02
8.756364086716062047e+02	3.019747336905534429e-01	1.950071080721813011e-01	2.162756960716012422e-01	1.325652297577296634e-01	6.478023949558345262e-02	2.499082096342979814e-02	6.440617194884751262e-02
8.804741788852616082e+02	3.010077306248503115e-01	1.943544123145147795e-01	2.169299044312816005e-01	1.329997969294940963e-01	6.495058695099671653e-02	2.509027570995547504e-02	6.466729303883339552e-02
8.853119490989170117e+02	3.000464845222340915e-01	1.937051992371362497e-01	2.175800206216934873e-01	1.334318417861708461e-01	6.512002185215938488e-02	2.518939520702817222e-02	6.492703677350418479e-02
8.901497193125721878e+02	2.990909557399686336e-01	1.930594548434319546e-01	2.182260725913744426e-01	1.338613794588636441e-01	6.528854987243330743e-02	2.528817884576179190e-02	6.518540864809269086e-02
8.949874895262273640e+02	2.981411050418374398e-01	1.924171650630671082e-01	2.188680880810100204e-01	1.342884249729481838e-01	6.545617661632925632e-02	2.538662605416991402e-02	6.544241417056460841e-02
8.998252597398827675e+02	2.971968935910533349e-01	1.917783157564882657e-01	2.195060946247873179e-01	1.347129932491661353e-01	6.562290762129810440e-02	2.548473629634541784e-02	6.569805886078800006e-02
9.046630299535379436e+02	2.962582829433356157e-01	1.911428927192911076e-01	2.201401195517550535e-01	1.351350991047007843e-01	6.578874835946423028e-02	2.558250907166002841e-02	6.595234824971969723e-02
9.095008001671932334e+02	2.953252350401501247e-01	1.905108816864572174e-01	2.207701899871901130e-01	1.355547572542345480e-01	6.595370423930285719e-02	2.567994391398317061e-02	6.620528787860845144e-02
9.143385703808486369e+02	2.943977122021079196e-01	1.898822683364632946e-01	2.213963328539690911e-01	1.359719823109890036e-01	6.611778060726322681e-02	2.577704039091965535e-02	6.645688329821428098e-02
9.191763405945038130e+02	2.934756771225188188e-01	1.892570382952666608e-01	2.220185748739443299e-01	1.363867887877475704e-01	6.628098274933943990e-02	2.587379810306560113e-02	6.670714006804408236e-02
9.240141108081592165e+02	2.925590928610954378e-01	1.886351771401701682e-01	2.226369425693238424e-01	1.367991910978613446e-01	6.644331589259065696e-02	2.597021668328211227e-02	6.695606375560296530e-02
9.288518810218145063e+02	2.916479228378040522e-01	1.880166704035698133e-01	2.232514622640544844e-01	1.372092035562386403e-01	6.660478520661221313e-02	2.606629579598618990e-02	6.720365993566114471e-02
9.336896512354697961e+02	2.907421308268582361e-01	1.874015035765885240e-01	2.238621600852074844e-01	1.376168403803182394e-01	6.676539580495945148e-02	2.616203513645842110e-02	6.744993418953615372e-02
9.385274214491247449e+02	2.898416809508521097e-01	1.867896621125989531e-01	2.244690619643658624e-01	1.380221156910268754e-01	6.692515274652563462e-02	2.625743443016694337e-02	6.769489210439014193e-02
9.433651916627801484e+02	2.889465376750287029e-01	1.861811314306383580e-01	2.250721936390132905e-01	1.384250435137214519e-01	6.708406103687557243e-02	2.635249343210725737e-02	6.793853927254192571e-02
9.482029618764355519e+02	2.880566658016808779e-01	1.855758969187187857e-01	2.256715806539234537e-01	1.388256377791160512e-01	6.724212562953633954e-02	2.644721192615741290e-02	6.818088129079362403e-02
9.530407320900908417e+02	2.871720304646807054e-01	1.849739439370353400e-01	2.262672483625498554e-01	1.392239123241943433e-01	6.739935142724660933e-02	2.654158972444820019e-02	6.842192375977150520e-02
9.578785023037459041e+02	2.862925971241346290e-01	1.843752578210748894e-01	2.268592219284150391e-01	1.396198808931072843e-01	6.755574328316579780e-02	2.663562666674786431e-02	6.866167228328107219e-02
9.627162725174014213e+02	2.854183315611603100e-01	1.837798238846287679e-01	2.274475263264991720e-01	1.400135571380571042e-01	6.771130600204441907e-02	2.672932261986098179e-02	6.890013246767581756e-02
9.675540427310568248e+02	2.845491998727828209e-01	1.831876274227114965e-01	2.280321863446273245e-01	1.404049546201671661e-01	6.786604434135705410e-02	2.682267747704111110e-02	6.913730992123963415e-02
9.723918129447120009e+02	2.836851684669467466e-01	1.825986537143882427e-01	2.286132265848548895e-01	1.407940868103383925e-01	6.801996301239893183e-02	2.691569115741681423e-02	6.937321025358261783e-02
9.772295831583674044e+02	2.828262040576412506e-01	1.820128880255135750e-01	2.291906714648510035e-01	1.411809670900925906e-01	6.817306668134745506e-02	2.700836360543070261e-02	6.960783907504998480e-02
9.820673533720223531e+02	2.819722736601354418e-01	1.814303156113842019e-01	2.297645452192793314e-01	1.415656087524026496e-01	6.832535997028986452e-02	2.710069479029116393e-02	6.984120199614390900e-02
9.869051235856777566e+02	2.811233445863206004e-01	1.808509217193075003e-01	2.303348719011756862e-01	1.419480250025102475e-01	6.847684745821799868e-02	2.719268470543640195e-02	7.007330462695807172e-02
9.917428937993331601e+02	2.802793844401572643e-01	1.802746915910888592e-01	2.309016753833228186e-01	1.423282289587310678e-01	6.862753368199145387e-02	2.728433336801044592e-02	7.030415257662463169e-02
9.965806640129884499e+02	2.794403611132240672e-01	1.797016104654394486e-01	2.314649793596209038e-01	1.427062336532478326e-01	6.877742313726992185e-02	2.737564081835088328e-02	7.053375145277354652e-02
1.001418434226643626e+03	2.786062427803656094e-01	1.791316635803069102e-01	2.320248073464545868e-01	1.430820520328916490e-01	6.892652027941606474e-02	2.746660711948788539e-02	7.076210686100391223e-02
1.006256204440298802e+03	2.777769978954375274e-01	1.785648361751313029e-01	2.325811826840552266e-01	1.434556969599115606e-01	6.907482952436948265e-02	2.755723235665431120e-02	7.098922440436722381e-02
1.011093974653954206e+03	2.769525951871453229e-01	1.780011134930278849e-01	2.331341285378589201e-01	1.438271812127327742e-01	6.922235524949310603e-02	2.764751663680658708e-02	7.121510968286208498e-02
1.015931744867609382e+03	2.761330036549752287e-01	1.774404807828992015e-01	2.336836678998591155e-01	1.441965174867037569e-01	6.936910179439270685e-02	2.773746008815601224e-02	7.143976829294064468e-02
1.020769515081264785e+03	2.753181925652146700e-01	1.768829233014782010e-01	2.342298235899545888e-01	1.445637183948324245e-01	6.951507346171044432e-02	2.782706285971029911e-02	7.166320582702608022e-02
1.025607285294920075e+03	2.745081314470594891e-01	1.763284263153043485e-01	2.347726182572916209e-01	1.449287964685116170e-01	6.966027451789345848e-02	2.791632512082501544e-02	7.188542787304122439e-02
1.030445055508575479e+03	2.737027900888068799e-01	1.757769751026346805e-01	2.353120743816004279e-01	1.452917641582341102e-01	6.980470919393803875e-02	2.800524706076470277e-02	7.210644001394801716e-02
1.035282825722230655e+03	2.729021385341305894e-01	1.752285549552913269e-01	2.358482142745259302e-01	1.456526338342974680e-01	6.994838168611047791e-02	2.809382888827340052e-02	7.232624782729765722e-02
1.040120595935886058e+03	2.721061470784370551e-01	1.746831511804478876e-01	2.363810600809522489e-01	1.460114177874987651e-01	7.009129615664524970e-02	2.818207083115434330e-02	7.254485688479130057e-02
1.044958366149541234e+03	2.713147862653003117e-01	1.741407491023554965e-01	2.369106337803207896e-01	1.463681282298195385e-01	7.023345673442120407e-02	2.826997313585858859e-02	7.276227275185093157e-02
1.049796136363196410e+03	2.705280268829735046e-01	1.736013340640110147e-01	2.374369571879418606e-01	1.467227772951010534e-01	7.037486751561661258e-02	2.835753606708233190e-02	7.297850098720048972e-02
1.054633906576851814e+03	2.697458399609751756e-01	1.730648914287685469e-01	2.379600519562996286e-01	1.470753770397102422e-01	7.051553256434373029e-02	2.844475990737271517e-02	7.319354714245690507e-02
1.059471676790506763e+03	2.689681967667483242e-01	1.725314065818960019e-01	2.384799395763500252e-01	1.474259394431962633e-01	7.065545591326351238e-02	2.853164495674188547e-02	7.340741676173088981e-02
1.064309447004162394e+03	2.681950688023910234e-01	1.720008649320782790e-01	2.389966413788117972e-01	1.477744764089380936e-01	7.079464156418129039e-02	2.861819153228910978e-02	7.362011538123733323e-02
1.069147217217817570e+03	2.674264278014554796e-01	1.714732519128684685e-01	2.395101785354500912e-01	1.481209997647833232e-01	7.093309348862374131e-02	2.870439996783070297e-02	7.383164852891521690e-02
1.073984987431472746e+03	2.666622457258151502e-01	1.709485529840884532e-01	2.400205720603530157e-01	1.484655212636780408e-01	7.107081562839806521e-02	2.879027061353765446e-02	7.404202172405668914e-02
1.078822757645127922e+03	2.659024947625975854e-01	1.704267536331806887e-01	2.405278428112004596e-01	1.488080525842885027e-01	7.120781189613395457e-02	2.887580383558065525e-02	7.425124047694527107e-02
1.083660527858783553e+03	2.651471473211814422e-01	1.699078393765121042e-01	2.410320114905253608e-01	1.491486053316141147e-01	7.134408617580860479e-02	2.896100001578244196e-02	7.445931028850306943e-02
1.088498298072438729e+03	2.643961760302559472e-01	1.693917957606316249e-01	2.415330986469674812e-01	1.494871910375925594e-01	7.147964232325576539e-02	2.904585955127717001e-02	7.466623664994673226e-02
1.093336068286093905e+03	2.636495537349411999e-01	1.688786083634827295e-01	2.420311246765190494e-01	1.498238211616966242e-01	7.161448416665897043e-02	2.913038285417674997e-02	7.487202504245196732e-02
1.098173838499749309e+03	2.629072534939685402e-01	1.683682627955722655e-01	2.425261098237626867e-01	1.501585070915234521e-01	7.174861550702979485e-02	2.921457035124389381e-02	7.507668093682672017e-02
1.103011608713404712e+03	2.621692485769181458e-01	1.678607447010967146e-01	2.430180741831012570e-01	1.504912601433756880e-01	7.188204011867142806e-02	2.929842248357173926e-02	7.528020979319242911e-02
1.107849378927059888e+03	2.614355124615137527e-01	1.673560397590268256e-01	2.435070376999795838e-01	1.508220915628356029e-01	7.201476174962813392e-02	2.938193970626988213e-02	7.548261706067366239e-02
1.112687149140715292e+03	2.607060188309720528e-01	1.668541336841525280e-01	2.439930201720981462e-01	1.511510125253313075e-01	7.214678412212102709e-02	2.946512248815668852e-02	7.568390817709569340e-02
1.117524919354370468e+03	2.599807415714063819e-01	1.663550122280884058e-01	2.444760412506184477e-01	1.514780341366959160e-01	7.227811093297067946e-02	2.954797131145767836e-02	7.588408856868994468e-02
1.122362689568025871e+03	2.592596547692823106e-01	1.658586611802415622e-01	2.449561204413599758e-01	1.518031674337196602e-01	7.240874585400697283e-02	2.963048667150987650e-02	7.608316364980716173e-02
1.127200459781681047e+03	2.585427327089244720e-01	1.653650663687422639e-01	2.454332771059890284e-01	1.521264233846948977e-01	7.253869253246654492e-02	2.971266907647200639e-02	7.628113882263830303e-02
1.132038229995336451e+03	2.578299498700736270e-01	1.648742136613391973e-01	2.459075304631989367e-01	1.524478128899543206e-01	7.266795459137838364e-02	2.979451904704031803e-02	7.647801947694272962e-02
1.136876000208991627e+03	2.571212809254918574e-01	1.643860889662595304e-01	2.463788995898820444e-01	1.527673467824023634e-01	7.279653562993787519e-02	2.987603711616997407e-02	7.667381098978384713e-02
1.141713770422646803e+03	2.564167007386156105e-01	1.639006782330354184e-01	2.468474034222929436e-01	1.530850358280401169e-01	7.292443922386968036e-02	2.995722382880185511e-02	7.686851872527185325e-02
1.146551540636302207e+03	2.557161843612547059e-01	1.634179674532975635e-01	2.473130607572034123e-01	1.534008907264837462e-01	7.305166892577985571e-02	3.003807974159463171e-02	7.706214803431360449e-02
1.151389310849957155e+03	2.550197070313365844e-01	1.629379426615369109e-01	2.477758902530486362e-01	1.537149221114764430e-01	7.317822826549759407e-02	3.011860542266199883e-02	7.725470425436940791e-02
1.156227081063612786e+03	2.543272441706945775e-01	1.624605899358353145e-01	2.482359104310649656e-01	1.540271405513944092e-01	7.330412075040680653e-02	3.019880145131495150e-02	7.744619270921658527e-02
