1.983485787598666263e+02	5.208241907336684795e-01	3.264316069705358037e-01	6.756827447186790347e-02	3.733243859133492798e-02	2.606990893631586093e-02	9.232003361848872824e-03	1.254157693434789986e-02
2.031863489735219162e+02	5.184947696101728232e-01	3.251233546001768282e-01	6.916758543170008211e-02	3.834429396413223390e-02	2.654528312159464692e-02	9.330768248685570102e-03	1.299394502345751698e-02
2.080241191871772060e+02	5.161801794821492262e-01	3.238214278160961856e-01	7.075729467860751576e-02	3.934935921209309351e-02	2.701460460929712773e-02	9.430680141693013538e-03	1.344645405998348350e-02
2.128618894008324673e+02	5.138803134998615185e-01	3.225258035766498943e-01	7.233742693685205061e-02	4.034770331751775380e-02	2.747802617594029273e-02	9.531694820413218541e-03	1.389903167268488442e-02
2.176996596144877287e+02	5.115950658147483399e-01	3.212364588089042794e-01	7.390800833912147816e-02	4.133939398393039755e-02	2.793569576256673195e-02	9.633769388115083834e-03	1.435160790253346350e-02
2.225374298281430470e+02	5.093243315648858793e-01	3.199533704111814925e-01	7.546906636072756025e-02	4.232449766924683415e-02	2.838775663298304108e-02	9.736862230510191438e-03	1.480411513038476859e-02
2.273752000417983652e+02	5.070680068607762436e-01	3.186765152555463554e-01	7.702062975615998897e-02	4.330307961798382510e-02	2.883434752681809932e-02	9.840932975798086582e-03	1.525648800683716486e-02
2.322129702554535982e+02	5.048259887714491301e-01	3.174058701902353619e-01	7.856272849791717805e-02	4.427520389253890992e-02	2.927560280757029662e-02	9.945942455997730178e-03	1.570866338421118141e-02
2.370507404691088880e+02	5.025981753108696992e-01	3.161414120420300566e-01	8.009539371753701675e-02	4.524093340356855758e-02	2.971165260580739542e-02	1.005185266952328751e-02	1.616058025058370040e-02
2.418885106827641494e+02	5.003844654246437651e-01	3.148831176185761249e-01	8.161865764875320117e-02	4.620032993949196864e-02	3.014262295767729249e-02	1.015862674496371271e-02	1.661217966581360339e-02
2.467262808964194392e+02	4.981847589770120321e-01	3.136309637106484138e-01	8.313255357270565860e-02	4.715345419514648667e-02	3.056863593888278080e-02	1.026622890602694148e-02	1.706340469949743990e-02
2.515640511100747290e+02	4.959989567381243858e-01	3.123849270943644951e-01	8.463711576513537060e-02	4.810036579962035513e-02	3.098980979426853299e-02	1.037462443761083715e-02	1.751420037079569336e-02
2.564018213237300188e+02	4.938269603715886302e-01	3.111449845333474906e-01	8.613237944549666236e-02	4.904112334328730033e-02	3.140625906316354271e-02	1.048377965296414319e-02	1.796451359007191634e-02
2.612395915373852517e+02	4.916686724222834037e-01	3.099111127808386046e-01	8.761838072792201004e-02	4.997578440406691414e-02	3.181809470061772172e-02	1.059366186190202792e-02	1.841429310228904354e-02
2.660773617510405415e+02	4.895239963044298315e-01	3.086832885817620276e-01	8.909515657397655553e-02	5.090440557293402640e-02	3.222542419466670888e-02	1.070423934004188608e-02	1.886348943210873486e-02
2.709151319646958882e+02	4.873928362899143663e-01	3.074614886747417675e-01	9.056274474714183509e-02	5.182704247869948655e-02	3.262835167975473849e-02	1.081548129902618061e-02	1.931205483064142581e-02
2.757529021783511780e+02	4.852750974968556008e-01	3.062456897940726841e-01	9.202118376896979701e-02	5.274374981208415636e-02	3.302697804644103008e-02	1.092735785770025669e-02	1.975994322379630644e-02
2.805906723920064678e+02	4.831706858784084457e-01	3.050358686716463374e-01	9.347051287685070875e-02	5.365458134910722904e-02	3.342140104751106788e-02	1.103984001421401406e-02	2.020711016218215694e-02
2.854284426056617008e+02	4.810795082117994004e-01	3.038320020388322606e-01	9.491077198333978948e-02	5.455958997380930958e-02	3.381171540061037734e-02	1.115289961901740935e-02	2.065351277251136972e-02
2.902662128193169337e+02	4.790014720875869214e-01	3.026340666283168779e-01	9.634200163698984631e-02	5.545882770033006698e-02	3.419801288751435353e-02	1.126650934872072164e-02	2.109910971046110792e-02
2.951039830329722804e+02	4.769364858991396727e-01	3.014420391758996232e-01	9.776424298463844142e-02	5.635234569435977614e-02	3.458038245014406070e-02	1.138064268079144042e-02	2.154386111494683079e-02
2.999417532466276270e+02	4.748844588323282156e-01	3.002558964222482585e-01	9.917753773510007420e-02	5.724019429398326253e-02	3.495891028343442453e-02	1.149527386906058594e-02	2.198772856376504659e-02
3.047795234602828600e+02	4.728453008554233117e-01	2.990756151146135022e-01	1.005819281242155971e-01	5.812242302993440857e-02	3.533367992515761696e-02	1.161037792001213924e-02	2.243067503056321577e-02
3.096172936739380930e+02	4.708189227091957862e-01	2.979011720085052439e-01	1.019774568812123194e-01	5.899908064527870089e-02	3.570477234280126227e-02	1.172593056983011438e-02	2.287266484309633668e-02
3.144550638875934396e+02	4.688052358972129019e-01	2.967325438693289019e-01	1.033641671963301534e-01	5.987021511454078404e-02	3.607226601759759566e-02	1.184190826217866241e-02	2.331366364273074199e-02
3.192928341012487294e+02	4.668041526763244686e-01	2.955697074739859764e-01	1.047421026896704910e-01	6.073587366229352830e-02	3.643623702579690260e-02	1.195828812669135800e-02	2.375363834515705277e-02
3.241306043149040192e+02	4.648155860473362488e-01	2.944126396124358558e-01	1.061113073812259278e-01	6.159610278122452931e-02	3.679675911727518789e-02	1.207504795814665424e-02	2.419255710227534092e-02
3.289683745285592522e+02	4.628394497458631074e-01	2.932613170892235388e-01	1.074718256620503104e-01	6.245094824969552039e-02	3.715390379156330303e-02	1.219216619630717965e-02	2.463038926521673305e-02
3.338061447422145420e+02	4.608756582333589091e-01	2.921157167249709974e-01	1.088237022665300702e-01	6.330045514880967839e-02	3.750774037138188133e-02	1.230962190640132355e-02	2.506710534846676511e-02
3.386439149558698318e+02	4.589241266883176684e-01	2.909758153578347883e-01	1.101669822457189696e-01	6.414466787900147127e-02	3.785833607376359877e-02	1.242739476022624787e-02	2.550267699505689295e-02
3.434816851695251216e+02	4.569847709976418426e-01	2.898415898449294703e-01	1.115017109416996804e-01	6.498363017616298754e-02	3.820575607884169750e-02	1.254546501785213687e-02	2.593707694279168488e-02
3.483194553831804114e+02	4.550575077481735509e-01	2.887130170637191573e-01	1.128279339629369438e-01	6.581738512732053514e-02	3.855006359638106506e-02	1.266381350990816723e-02	2.637027899148006171e-02
3.531572255968357013e+02	4.531422542183837776e-01	2.875900739133755990e-01	1.141456971605880194e-01	6.664597518587475622e-02	3.889131993012582417e-02	1.278242162043129702e-02	2.680225797114013653e-02
3.579949958104909342e+02	4.512389283702163412e-01	2.864727373161061186e-01	1.154550466057374242e-01	6.746944218641710844e-02	3.922958454003475787e-02	1.290127127025962953e-02	2.723298971114797989e-02
3.628327660241463377e+02	4.493474488410825196e-01	2.853609842184496870e-01	1.167560285675240395e-01	6.828782735913506430e-02	3.956491510247370225e-02	1.302034490095264202e-02	2.766245101030168074e-02
3.676705362378016275e+02	4.474677349360015599e-01	2.842547915925437985e-01	1.180486894921297797e-01	6.910117134381833781e-02	3.989736756843179077e-02	1.313962545922121514e-02	2.809061960777288133e-02
3.725083064514568036e+02	4.455997066198849610e-01	2.831541364373608705e-01	1.193330759825999426e-01	6.990951420347764345e-02	4.022699621982621376e-02	1.325909638185089959e-02	2.851747415491886692e-02
3.773460766651120935e+02	4.437432845099591461e-01	2.820589957799169434e-01	1.206092347794662928e-01	7.071289543758754736e-02	4.055385372395798466e-02	1.337874158110242961e-02	2.894299418792912679e-02
3.821838468787673833e+02	4.418983898683244149e-01	2.809693466764511816e-01	1.218772127421452189e-01	7.151135399496419409e-02	4.087799118617934518e-02	1.349854543057400769e-02	2.936716010128109788e-02
3.870216170924226162e+02	4.400649445946461791e-01	2.798851662135783958e-01	1.231370568310838076e-01	7.230492828628887203e-02	4.119945820083124877e-02	1.361849275151038111e-02	2.978995312198058631e-02
3.918593873060780197e+02	4.382428712189748166e-01	2.788064315094142542e-01	1.243888140906279222e-01	7.309365619628756250e-02	4.151830290050759903e-02	1.373856879954422731e-02	3.021135528456312877e-02
3.966971575197332527e+02	4.364320928946917033e-01	2.777331197146739039e-01	1.256325316325870856e-01	7.387757509557660307e-02	4.183457200370101908e-02	1.385875925185584348e-02	3.063134940683328797e-02
4.015349277333884856e+02	4.346325333915779243e-01	2.766652080137450009e-01	1.268682566204717976e-01	7.465672185218431844e-02	4.214831086088317164e-02	1.397905019473757310e-02	3.104991906631959092e-02
4.063726979470438323e+02	4.328441170890022782e-01	2.756026736257353171e-01	1.280960362543797637e-01	7.543113284275784758e-02	4.245956349907080429e-02	1.409942811154987242e-02	3.146704857742348149e-02
4.112104681606991221e+02	4.310667689692265214e-01	2.745454938054949223e-01	1.293159177565084417e-01	7.620084396346449296e-02	4.276837266492726497e-02	1.421987987105631859e-02	3.188272296924140464e-02
4.160482383743544119e+02	4.293004146108237995e-01	2.734936458446150520e-01	1.305279483572716059e-01	7.696589064059662644e-02	4.307477986644726864e-02	1.434039271612529663e-02	3.229692796403964283e-02
4.208860085880095880e+02	4.275449801822089890e-01	2.724471070724023281e-01	1.317321752819992642e-01	7.772630784088831180e-02	4.337882541327153091e-02	1.446095425278649295e-02	3.270964995636234385e-02
4.257237788016648778e+02	4.258003924352767311e-01	2.714058548568299978e-01	1.329286457381997910e-01	7.848213008155256742e-02	4.368054845567591327e-02	1.458155243963071661e-02	3.312087599275358174e-02
4.305615490153201677e+02	4.240665786991457131e-01	2.703698666054660804e-01	1.341174069033647387e-01	7.923339144004698520e-02	4.397998702227877421e-02	1.470217557754193577e-02	3.353059375207505938e-02
4.353993192289755143e+02	4.223434668740058684e-01	2.693391197663796421e-01	1.352985059132974233e-01	7.998012556357578240e-02	4.427717805650828453e-02	1.482281229975077920e-02	3.393879152640149471e-02
4.402370894426308041e+02	4.206309854250668834e-01	2.683135918290245336e-01	1.364719898509460239e-01	8.072236567833583620e-02	4.457215745187052131e-02	1.494345156219912749e-02	3.434545820247636438e-02
4.450748596562860939e+02	4.189290633766044603e-01	2.672932603251019223e-01	1.376379057357242641e-01	8.146014459851412537e-02	4.486496008605755925e-02	1.506408263420570479e-02	3.475058324371123331e-02
4.499126298699413837e+02	4.172376303061032243e-01	2.662781028294019525e-01	1.387963005133014960e-01	8.219349473504376780e-02	4.515561985393356376e-02	1.518469508942298270e-02	3.515415667271221817e-02
4.547504000835967304e+02	4.155566163384933343e-01	2.652680969606244221e-01	1.399472210458460875e-01	8.292244810412564837e-02	4.544416969943574497e-02	1.530527879707594720e-02	3.555616905431803476e-02
4.595881702972519065e+02	4.138859521404782971e-01	2.642632203821794756e-01	1.410907141027056555e-01	8.364703633552235396e-02	4.573064164642567236e-02	1.542582391347366126e-02	3.595661147913407213e-02
4.644259405109071963e+02	4.122255689149531555e-01	2.632634508029685350e-01	1.422268263515085729e-01	8.436729068063097969e-02	4.601506682852543606e-02	1.554632087378477953e-02	3.635547554754774841e-02
4.692637107245624861e+02	4.105753983955092168e-01	2.622687659781455793e-01	1.433556043496718724e-01	8.508324202034124595e-02	4.629747551797189914e-02	1.566676038406853919e-02	3.675275335421086809e-02
4.741014809382177759e+02	4.089353728410249356e-01	2.612791437098596625e-01	1.444770945363006154e-01	8.579492087268499045e-02	4.657789715352123050e-02	1.578713341355293676e-02	3.714843747297479071e-02
4.789392511518730657e+02	4.073054250303400070e-01	2.602945618479787782e-01	1.455913432244650696e-01	8.650235740028301701e-02	4.685636036743491550e-02	1.590743118715216495e-02	3.754252094226515762e-02
4.837770213655284124e+02	4.056854882570109511e-01	2.593149982907952955e-01	1.466983965938417345e-01	8.720558141759533755e-02	4.713289301157738698e-02	1.602764517821556045e-02	3.793499725088290975e-02
4.886147915791837022e+02	4.040754963241465214e-01	2.583404309857135206e-01	1.477983006837052249e-01	8.790462239798009503e-02	4.740752218265433665e-02	1.614776710150062425e-02	3.832586032421888417e-02
4.934525617928388783e+02	4.024753835393212742e-01	2.573708379299198268e-01	1.488911013862584953e-01	8.859950948056695419e-02	4.768027424661999691e-02	1.626778890636288930e-02	3.871510451086978416e-02
4.982903320064942250e+02	4.008850847095652981e-01	2.564061971710354104e-01	1.499768444402887202e-01	8.929027147695002553e-02	4.795117486228064885e-02	1.638770277015564811e-02	3.910272456964350440e-02
5.031281022201495148e+02	3.993045351364281625e-01	2.554464868077523376e-01	1.510555754251373672e-01	8.997693687770563775e-02	4.822024900412067577e-02	1.650750109183279565e-02	3.948871565694224428e-02
5.079658724338048046e+02	3.977336706111161413e-01	2.544916849904529932e-01	1.521273397549728346e-01	9.065953385873992687e-02	4.848752098437675989e-02	1.662717648574824764e-02	3.987307331451222375e-02
5.128036426474600376e+02	3.961724274097007670e-01	2.535417699218132093e-01	1.531921826733546044e-01	9.133809028747098824e-02	4.875301447438487590e-02	1.674672177564561978e-02	4.025579345754908001e-02
5.176414128611153274e+02	3.946207422883965532e-01	2.525967198573895178e-01	1.542501492480782554e-01	9.201263372885043479e-02	4.901675252522393056e-02	1.686612998883203068e-02	4.063687236314842549e-02
5.224791830747705035e+02	3.930785524789077723e-01	2.516565131061908045e-01	1.553012843662910925e-01	9.268319145122878855e-02	4.927875758767918252e-02	1.698539435053014399e-02	4.101630665909136025e-02
5.273169532884259070e+02	3.915457956838410691e-01	2.507211280312350854e-01	1.563456327298682058e-01	9.334979043206925731e-02	4.953905153154782720e-02	1.710450827840270804e-02	4.139409331295496042e-02
5.321547235020811968e+02	3.900224100721844667e-01	2.497905430500903801e-01	1.573832388510396085e-01	9.401245736351422633e-02	4.979765566430819496e-02	1.722346537724405227e-02	4.177022962153819491e-02
5.369924937157364866e+02	3.885083342748493207e-01	2.488647366354016233e-01	1.584141470482589298e-01	9.467121865780839252e-02	5.005459074917368439e-02	1.734225943383320423e-02	4.214471320059395149e-02
5.418302639293917764e+02	3.870035073802754466e-01	2.479436873154030052e-01	1.594384014423048113e-01	9.532610045258291254e-02	5.030987702255148436e-02	1.746088441194342672e-02	4.251754197485805437e-02
5.466680341430470662e+02	3.855078689300971972e-01	2.470273736744159621e-01	1.604560459526061800e-01	9.597712861600422862e-02	5.056353421092571465e-02	1.757933444750316848e-02	4.288871416836664147e-02
5.515058043567023560e+02	3.840213589148700479e-01	2.461157743533333442e-01	1.614671242937833484e-01	9.662432875179161051e-02	5.081558154718388010e-02	1.769760384390358515e-02	4.325822829505326234e-02
5.563435745703576458e+02	3.825439177698551907e-01	2.452088680500900397e-01	1.624716799723964489e-01	9.726772620410689685e-02	5.106603778640496361e-02	1.781568706744793978e-02	4.362608314961756439e-02
5.611813447840129356e+02	3.810754863708622486e-01	2.443066335201203032e-01	1.634697562838935969e-01	9.790734606232028014e-02	5.131492122112681770e-02	1.793357874293831020e-02	4.399227779865754612e-02
5.660191149976681118e+02	3.796160060301480565e-01	2.434090495768015949e-01	1.644613963097511788e-01	9.854321316565525790e-02	5.156224969611004211e-02	1.805127364939528023e-02	4.435681157205761949e-02
5.708568852113234016e+02	3.781654184923710083e-01	2.425160950918861524e-01	1.654466429147991025e-01	9.917535210771666332e-02	5.180804062261480658e-02	1.816876671590629544e-02	4.471968405462497381e-02
5.756946554249786914e+02	3.767236659305987501e-01	2.416277489959194891e-01	1.664255387447239609e-01	9.980378724090449571e-02	5.205231099220677254e-02	1.828605301759864479e-02	4.508089507796694123e-02
5.805324256386339812e+02	3.752906909423696646e-01	2.407439902786465413e-01	1.673981262237428380e-01	1.004285426807171311e-01	5.229507739010742784e-02	1.840312777173300912e-02	4.544044471260235557e-02
5.853701958522892710e+02	3.738664365458061467e-01	2.398647979894059923e-01	1.683644475524421757e-01	1.010496423099468827e-01	5.253635600810403761e-02	1.851998633391381544e-02	4.579833326029996571e-02
5.902079660659445608e+02	3.724508461757783384e-01	2.389901512375122439e-01	1.693245447057741548e-01	1.016671097827708814e-01	5.277616265703349852e-02	1.863662419441260848e-02	4.615456124663733922e-02
5.950457362795999643e+02	3.710438636801182133e-01	2.381200291926260648e-01	1.702784594312055921e-01	1.022809685287402598e-01	5.301451277885427943e-02	1.875303697460089028e-02	4.650912941377376847e-02
5.998835064932552541e+02	3.696454333158825656e-01	2.372544110851135257e-01	1.712262332470127768e-01	1.028912417566704429e-01	5.325142145831992385e-02	1.886922042348890965e-02	4.686203871343089244e-02
6.047212767069104302e+02	3.682554997456639057e-01	2.363932762063938597e-01	1.721679074407166943e-01	1.034979524584352523e-01	5.348690343426721477e-02	1.898517041436706410e-02	4.721329030007510169e-02
6.095590469205657200e+02	3.668740080339482068e-01	2.355366039092759434e-01	1.731035230676532533e-01	1.041011234126676399e-01	5.372097311053179725e-02	1.910088294154659375e-02	4.756288552429564082e-02
6.143968171342210098e+02	3.655009036435192815e-01	2.346843736082843968e-01	1.740331209496731035e-01	1.047007771883694538e-01	5.395364456650338786e-02	1.921635411719651784e-02	4.791082592637294080e-02
6.192345873478761860e+02	3.641361324319078996e-01	2.338365647799746927e-01	1.749567416739659376e-01	1.052969361484328986e-01	5.418493156733257543e-02	1.933158016827364600e-02	4.825711323003144954e-02
6.240723575615315895e+02	3.627796406478858704e-01	2.329931569632378574e-01	1.758744255920042243e-01	1.058896224530760516e-01	5.441484757380057879e-02	1.944655743354281249e-02	4.860174933637170097e-02
6.289101277751868793e+02	3.614313749280033128e-01	2.321541297595950404e-01	1.767862128186019621e-01	1.064788580631948478e-01	5.464340575186317495e-02	1.956128236068440177e-02	4.894473631797639085e-02
6.337478979888421691e+02	3.600912822931687240e-01	2.313194628334819813e-01	1.776921432310833437e-01	1.070646647436338111e-01	5.487061898187940712e-02	1.967575150348643831e-02	4.928607641318538679e-02
6.385856682024975726e+02	3.587593101452713484e-01	2.304891359125235406e-01	1.785922564685572811e-01	1.076470640663778761e-01	5.509649986753564072e-02	1.978996151911858667e-02	4.962577202053485015e-02
6.434234384161527487e+02	3.574354062638442353e-01	2.296631287877985150e-01	1.794865919312932934e-01	1.082260774136672571e-01	5.532106074447479260e-02	1.990390916548541445e-02	4.996382569335559160e-02
6.482612086298080385e+02	3.561195188027683201e-01	2.288414213140951281e-01	1.803751887801946230e-01	1.088017259810376697e-01	5.554431368864067714e-02	2.001759129865648620e-02	5.030024013452615711e-02
6.530989788434633283e+02	3.548115962870158624e-01	2.280239934101569166e-01	1.812580859363646935e-01	1.093740307802879008e-01	5.576627052434667692e-02	2.013100487037082845e-02	5.063501819137616183e-02
6.579367490571185044e+02	3.535115876094329090e-01	2.272108250589196521e-01	1.821353220807629958e-01	1.099430126423766724e-01	5.598694283207797384e-02	2.024414692561339255e-02	5.096816285073543784e-02
6.627745192707737942e+02	3.522194420275602256e-01	2.264018963077391311e-01	1.830069356539466285e-01	1.105086922202507260e-01	5.620634195603603500e-02	2.035701460026134724e-02	5.129967723412493658e-02
6.676122894844290840e+02	3.509351091604916983e-01	2.255971872686101665e-01	1.838729648558940777e-01	1.110710899916061284e-01	5.642447901143395061e-02	2.046960511879791084e-02	5.162956459308512547e-02
6.724500596980843738e+02	3.496585389857695958e-01	2.247966781183770579e-01	1.847334476459074060e-01	1.116302262615845309e-01	5.664136489155070786e-02	2.058191579209162070e-02	5.195782830463811092e-02
6.772878299117396637e+02	3.483896818363165226e-01	2.240003490989353196e-01	1.855884217425900762e-01	1.121861211654060358e-01	5.685701027455254686e-02	2.069394401523904498e-02	5.228447186687945614e-02
6.821256001253949535e+02	3.471284883974027347e-01	2.232081805174251365e-01	1.864379246238966337e-01	1.127387946709406535e-01	5.707142563008892056e-02	2.080568726546887584e-02	5.260949889469609952e-02
6.869633703390502433e+02	3.458749097036484255e-01	2.224201527464166050e-01	1.872819935272514169e-01	1.132882665812197792e-01	5.728462122567058029e-02	2.091714310010554453e-02	5.293291311560668899e-02
6.918011405527055331e+02	3.446288971360608744e-01	2.216362462240870357e-01	1.881206654497333819e-01	1.138345565368894668e-01	5.749660713283699653e-02	2.102830915459044311e-02	5.325471836572080037e-02
6.966389107663608229e+02	3.433904024191050675e-01	2.208564414543902621e-01	1.889539771483238206e-01	1.143776840186070259e-01	5.770739323312005370e-02	2.113918314055899389e-02	5.357491858581373001e-02
7.014766809800161127e+02	3.421593776178078472e-01	2.200807190072180397e-01	1.897819651402146979e-01	1.149176683493824125e-01	5.791698922381072201e-02	2.124976284397181447e-02	5.389351781751339221e-02
7.063144511936714025e+02	3.409357751348945920e-01	2.193090595185541447e-01	1.906046657031742475e-01	1.154545286968660239e-01	5.812540462353530529e-02	2.136004612329828189e-02	5.421052019959630291e-02
7.111522214073266923e+02	3.397195477079583692e-01	2.185414436906207569e-01	1.914221148759679136e-01	1.159882840755841749e-01	5.833264877764741951e-02	2.147003090775089287e-02	5.452592996438938161e-02
7.159899916209819821e+02	3.385106484066603971e-01	2.177778522920174875e-01	1.922343484588317497e-01	1.165189533491238910e-01	5.853873086344198867e-02	2.157971519556881740e-02	5.483975143427458759e-02
7.208277618346371582e+02	3.373090306299618701e-01	2.170182661578534400e-01	1.930414020139958609e-01	1.170465552322681596e-01	5.874365989519692022e-02	2.168909705234909474e-02	5.515198901829353184e-02
7.256655320482924481e+02	3.361146481033864819e-01	2.162626661898719438e-01	1.938433108662557802e-01	1.175711082930830514e-01	5.894744472904839272e-02	2.179817460942410495e-02	5.546264720884909460e-02
7.305033022619478515e+02	3.349274548763128134e-01	2.155110333565684599e-01	1.946401101035894199e-01	1.180926309549580472e-01	5.915009406770504324e-02	2.190694606228373378e-02	5.577173057850136340e-02
7.353410724756030277e+02	3.337474053192964196e-01	2.147633486933015756e-01	1.954318345778173482e-01	1.186111414986008028e-01	5.935161646500655697e-02	2.201540966904096119e-02	5.607924377685525458e-02
7.401788426892584312e+02	3.325744541214212258e-01	2.140195933023974206e-01	1.962185189053045342e-01	1.191266580639874090e-01	5.955202033033173137e-02	2.212356374893949262e-02	5.638519152753702912e-02
7.450166129029136073e+02	3.314085562876796787e-01	2.132797483532475891e-01	1.970001974677013656e-01	1.196391986522696155e-01	5.975131393286097631e-02	2.223140668090215280e-02	5.668957862525741270e-02
7.498543831165690108e+02	3.302496671363808201e-01	2.125437950824002331e-01	1.977769044127221654e-01	1.201487811276399087e-01	5.994950540569815578e-02	2.233893690211876185e-02	5.699240993295869723e-02
7.546921533302243006e+02	3.290977422965862265e-01	2.118117147936453559e-01	1.985486736549592623e-01	1.206554232191557191e-01	6.014660274985633714e-02	2.244615290667230367e-02	5.729369037904347844e-02
7.595299235438793630e+02	3.279527377055737603e-01	2.110834888580934710e-01	1.993155388767306468e-01	1.211591425225237301e-01	6.034261383811202056e-02	2.255305324420222440e-02	5.759342495468279532e-02
7.643676937575347665e+02	3.268146096063277439e-01	2.103590987142482382e-01	2.000775335289599888e-01	1.216599565018454121e-01	6.053754641873219239e-02	2.265963651860369160e-02	5.789161871120133973e-02
7.692054639711900563e+02	3.256833145450558353e-01	2.096385258680732999e-01	2.008346908320869095e-01	1.221578824913248651e-01	6.073140811907842829e-02	2.276590138676173186e-02	5.818827675753754369e-02
7.740432341848452324e+02	3.245588093687320486e-01	2.089217518930531758e-01	2.015870437770059254e-01	1.226529376969397039e-01	6.092420644909204291e-02	2.287184655731920938e-02	5.848340425777653895e-02
7.788810043985006359e+02	3.234410512226656431e-01	2.082087584302481365e-01	2.023346251260327855e-01	1.231451391980763199e-01	6.111594880466440088e-02	2.297747078947754915e-02	5.877700642875383075e-02
7.837187746121558121e+02	3.223299975480950486e-01	2.074995271883437464e-01	2.030774674138966507e-01	1.236345039491302117e-01	6.130664247089599034e-02	2.308277289182928543e-02	5.906908853772775692e-02
7.885565448258112156e+02	3.212256060798068802e-01	2.067940399436946908e-01	2.038156029487565024e-01	1.241210487810723156e-01	6.149629462524814488e-02	2.318775172122142236e-02	5.935965590011869214e-02
7.933943150394665054e+02	3.201278348437797683e-01	2.060922785403632163e-01	2.045490638132405337e-01	1.246047904029822934e-01	6.168491234059081396e-02	2.329240618164868035e-02	5.964871387731332519e-02
7.982320852531219089e+02	3.190366421548521125e-01	2.053942248901520495e-01	2.052778818655071891e-01	1.250857454035496641e-01	6.187250258814996906e-02	2.339673522317574014e-02	5.993626787453192051e-02
8.030698554667769713e+02	3.179519866144137064e-01	2.046998609726322638e-01	2.060020887403266887e-01	1.255639302525434764e-01	6.205907224035787928e-02	2.350073784088759637e-02	6.022232333875703059e-02
8.079076256804323748e+02	3.168738271081212310e-01	2.040091688351658439e-01	2.067217158501816476e-01	1.260393613022514903e-01	6.224462807360953837e-02	2.360441307386717397e-02	6.050688575672175107e-02
8.127453958940876646e+02	3.158021228036362871e-01	2.033221305929233669e-01	2.074367943863856534e-01	1.265120547888896330e-01	6.242917677092832407e-02	2.370776000419941992e-02	6.078996065295598494e-02
8.175831661077428407e+02	3.147368331483871295e-01	2.026387284288964918e-01	2.081473553202186633e-01	1.269820268339823255e-01	6.261272492454394989e-02	2.381077775600101004e-02	6.107155358788903671e-02
8.224209363213982442e+02	3.136779178673521629e-01	2.019589445939057870e-01	2.088534294040783890e-01	1.274492934457147342e-01	6.279527903838558189e-02	2.391346549447496625e-02	6.135167015600693358e-02
8.272587065350534203e+02	3.126253369608661403e-01	2.012827614066034221e-01	2.095550471726460584e-01	1.279138705202574888e-01	6.297684553049297251e-02	2.401582242498943517e-02	6.163031598406297495e-02
8.320964767487085965e+02	3.115790507024479017e-01	2.006101612534717249e-01	2.102522389440661943e-01	1.283757738430643669e-01	6.315743073534832441e-02	2.411784779217986119e-02	6.190749672934006687e-02
8.369342469623640000e+02	3.105390196366497602e-01	1.999411265888167422e-01	2.109450348211389659e-01	1.288350190901442205e-01	6.333704090613150040e-02	2.421954087907390515e-02	6.218321807796330786e-02
8.417720171760191761e+02	3.095052045769284277e-01	1.992756399347571927e-01	2.116334646925243645e-01	1.292916218293071740e-01	6.351568221690122307e-02	2.432090100623842538e-02	6.245748574326147329e-02
8.466097873896745796e+02	3.084775666035369235e-01	1.986136838812093686e-01	2.123175582339573708e-01	1.297455975213861190e-01	6.369336076470455410e-02	2.442192753094785465e-02	6.273030546417607267e-02
8.514475576033297557e+02	3.074560670614365221e-01	1.979552410858673450e-01	2.129973449094731686e-01	1.301969615214340903e-01	6.387008257161723435e-02	2.452261984637334538e-02	6.300168300371657149e-02
8.562853278169851592e+02	3.064406675582298512e-01	1.973002942741791110e-01	2.136728539726415188e-01	1.306457290798980486e-01	6.404585358671707751e-02	2.462297738079209999e-02	6.327162414746058394e-02
8.611230980306403353e+02	3.054313299621141398e-01	1.966488262393183417e-01	2.143441144678096266e-01	1.310919153437696549e-01	6.422067968799261006e-02	2.472299959681623083e-02	6.354013470209769754e-02
8.659608682442956251e+02	3.044280163998535071e-01	1.960008198421524239e-01	2.150111552313528074e-01	1.315355353577138398e-01	6.439456668418927499e-02	2.482268599064064996e-02	6.380722049401581220e-02
8.707986384579510286e+02	3.034306892547718459e-01	1.953562580112059299e-01	2.156740048929318976e-01	1.319766040651754180e-01	6.456752031659510060e-02	2.492203609130938871e-02	6.407288736792873807e-02
8.756364086716062047e+02	3.024393111647644683e-01	1.947151237426205661e-01	2.163326918767570772e-01	1.324151363094644152e-01	6.473954626076798557e-02	2.502104945999981608e-02	6.433714118554396955e-02
8.804741788852616082e+02	3.014538450203289588e-01	1.940774001001111249e-01	2.169872444028572156e-01	1.328511468348208269e-01	6.491065012820645963e-02	2.511972568932424946e-02	6.459998782426945585e-02
8.853119490989170117e+02	3.004742539626147901e-01	1.934430702149174952e-01	2.176376904883541297e-01	1.332846502874591721e-01	6.508083746796582136e-02	2.521806440264843033e-02	6.486143317595834124e-02
8.901497193125721878e+02	2.995005013814918682e-01	1.928121172857531762e-01	2.182840579487412558e-01	1.337156612165931735e-01	6.525011376822158204e-02	2.531606525342642439e-02	6.512148314569067564e-02
8.949874895262273640e+02	2.985325509136368960e-01	1.921845245787498768e-01	2.189263743991658184e-01	1.341441940754414530e-01	6.541848445778178367e-02	2.541372792455140472e-02	6.538014365059091615e-02
8.998252597398827675e+02	2.975703664406380566e-01	1.915602754273988406e-01	2.195646672557145795e-01	1.345702632222143258e-01	6.558595490755009250e-02	2.551105212772191225e-02	6.563742061868037270e-02
9.046630299535379436e+02	2.966139120871176815e-01	1.909393532324883680e-01	2.201989637367016972e-01	1.349938829210824420e-01	6.575253043194115299e-02	2.560803760282314920e-02	6.589331998776361277e-02
9.095008001671932334e+02	2.956631522188727379e-01	1.903217414620380354e-01	2.208292908639590268e-01	1.354150673431277208e-01	6.591821629024993690e-02	2.570468411732284436e-02	6.614784770434781191e-02
9.143385703808486369e+02	2.947180514410320251e-01	1.897074236512295564e-01	2.214556754641279213e-01	1.358338305672766866e-01	6.608301768797646136e-02	2.580099146568129789e-02	6.640100972259427303e-02
9.191763405945038130e+02	2.937785745962313011e-01	1.890963834023342005e-01	2.220781441699519188e-01	1.362501865812169588e-01	6.624693977810755530e-02	2.589695946877521721e-02	6.665281200330108735e-02
9.240141108081592165e+02	2.928446867628050065e-01	1.884886043846371595e-01	2.226967234215705693e-01	1.366641492822974202e-01	6.640998766235697848e-02	2.599258797333490328e-02	6.690326051291622944e-02
9.288518810218145063e+02	2.919163532529949201e-01	1.878840703343585550e-01	2.233114394678129000e-01	1.370757324784120379e-01	6.657216639236530897e-02	2.608787685139447171e-02	6.715236122258001761e-02
9.336896512354697961e+02	2.909935396111753558e-01	1.872827650545714206e-01	2.239223183674911855e-01	1.374849498888679744e-01	6.673348097086101438e-02	2.618282599975470942e-02	6.740012010719652336e-02
9.385274214491247449e+02	2.900762116120945144e-01	1.866846724151166315e-01	2.245293859906936085e-01	1.378918151452386553e-01	6.689393635278388650e-02	2.627743533945820636e-02	6.764654314453265316e-02
9.433651916627801484e+02	2.891643352591323213e-01	1.860897763525147242e-01	2.251326680200764208e-01	1.382963417922014049e-01	6.705353744637224112e-02	2.637170481527643939e-02	6.789163631434461110e-02
9.482029618764355519e+02	2.882578767825738630e-01	1.854980608698749700e-01	2.257321899521543274e-01	1.386985432883609815e-01	6.721228911421493757e-02	2.646563439520846495e-02	6.813540559753056280e-02
9.530407320900908417e+02	2.873568026378988671e-01	1.849095100368014499e-01	2.263279770985895112e-01	1.390984330070585417e-01	6.737019617426955043e-02	2.655922406999090823e-02	6.837785697530920914e-02
9.578785023037459041e+02	2.864610795040867797e-01	1.843241079892963263e-01	2.269200545874782982e-01	1.394960242371668102e-01	6.752726340084774792e-02	2.665247385261891241e-02	6.861899642842318736e-02
9.627162725174014213e+02	2.855706742819367761e-01	1.837418389296603394e-01	2.275084473646356298e-01	1.398913301838717316e-01	6.768349552556894577e-02	2.674538377787778753e-02	6.885882993636684157e-02
9.675540427310568248e+02	2.846855540924036476e-01	1.831626871263906386e-01	2.280931801948768156e-01	1.402843639694408562e-01	6.783889723828341600e-02	2.683795390188502272e-02	6.909736347663764100e-02
9.723918129447120009e+02	2.838056862749480658e-01	1.825866369140759504e-01	2.286742776632964269e-01	1.406751386339788190e-01	6.799347318796573891e-02	2.693018430164241528e-02	6.933460302401056596e-02
9.772295831583674044e+02	2.829310383859022227e-01	1.820136726932893023e-01	2.292517641765438041e-01	1.410636671361701622e-01	6.814722798357965294e-02	2.702207507459799055e-02	6.957055454983486487e-02
9.820673533720223531e+02	2.820615781968497382e-01	1.814437789304778059e-01	2.298256639640950949e-01	1.414499623540098616e-01	6.830016619491532937e-02	2.711362633821752174e-02	6.980522402135266868e-02
9.869051235856777566e+02	2.811972736930201666e-01	1.808769401578504132e-01	2.303960010795215729e-01	1.418340370855220023e-01	6.845229235339990448e-02	2.720483822956534098e-02	7.003861740103864419e-02
9.917428937993331601e+02	2.803380930716979913e-01	1.803131409732630086e-01	2.309627994017539876e-01	1.422159040494664073e-01	6.860361095288211586e-02	2.729571090489415694e-02	7.027074064596026959e-02
9.965806640129884499e+02	2.794840047406456640e-01	1.797523660401011136e-01	2.315260826363427782e-01	1.425955758860342482e-01	6.875412645039216675e-02	2.738624453924374397e-02	7.050159970715824675e-02
1.001418434226643626e+03	2.786349773165404664e-01	1.791946000871603162e-01	2.320858743167135141e-01	1.429730651575319422e-01	6.890384326687730432e-02	2.747643932604816597e-02	7.073120052904621757e-02
1.006256204440298802e+03	2.777909796234255824e-01	1.786398279085244511e-01	2.326421978054181439e-01	1.433483843490545584e-01	6.905276578791420816e-02	2.756629547675134087e-02	7.095954904882961767e-02
1.011093974653954206e+03	2.769519806911744375e-01	1.780880343634413943e-01	2.331950762953811096e-01	1.437215458691484815e-01	6.920089836439881348e-02	2.765581322043075482e-02	7.118665119594287660e-02
1.015931744867609382e+03	2.761179497539689720e-01	1.775392043761968852e-01	2.337445328111404652e-01	1.440925620504635019e-01	6.934824531321445718e-02	2.774499280342906590e-02	7.141251289150452042e-02
1.020769515081264785e+03	2.752888562487907365e-01	1.769933229359861304e-01	2.342905902100840543e-01	1.444614451503948016e-01	6.949481091787887421e-02	2.783383448899342735e-02	7.163714004778989897e-02
1.025607285294920075e+03	2.744646698139257546e-01	1.764503750967831852e-01	2.348332711836799702e-01	1.448282073517150603e-01	6.964059942917097401e-02	2.792233855692228400e-02	7.186053856772066373e-02
1.030445055508575479e+03	2.736453602874822644e-01	1.759103459772084488e-01	2.353725982587017984e-01	1.451928607631969570e-01	6.978561506573792428e-02	2.801050530321951698e-02	7.208271434437095448e-02
1.035282825722230655e+03	2.728308977059211160e-01	1.753732207603942439e-01	2.359085937984480852e-01	1.455554174202258189e-01	6.992986201468333329e-02	2.809833503975566957e-02	7.230367326048955934e-02
1.040120595935886058e+03	2.720212523025993256e-01	1.748389846938481484e-01	2.364412800039559781e-01	1.459158892854034439e-01	7.007334443213704411e-02	2.818582809393613275e-02	7.252342118803775661e-02
1.044958366149541234e+03	2.712163945063259529e-01	1.743076230893146894e-01	2.369706789152089821e-01	1.462742882491425700e-01	7.021606644380723461e-02	2.827298480837606154e-02	7.274196398774235295e-02
1.049796136363196410e+03	2.704162949399308014e-01	1.737791213226349829e-01	2.374968124123387203e-01	1.466306261302526281e-01	7.035803214551533680e-02	2.835980554058190398e-02	7.295930750866347347e-02
1.054633906576851814e+03	2.696209244188451648e-01	1.732534648336047367e-01	2.380197022168203114e-01	1.469849146765168091e-01	7.049924560371458038e-02	2.844629066263934525e-02	7.317545758777689591e-02
1.059471676790506763e+03	2.688302539496948973e-01	1.727306391258303930e-01	2.385393698926618622e-01	1.473371655652606915e-01	7.063971085599235478e-02	2.853244056090746550e-02	7.339042004957020693e-02
1.064309447004162394e+03	2.680442547289055288e-01	1.722106297665833285e-01	2.390558368475871609e-01	1.476873904039126828e-01	7.077943191155726399e-02	2.861825563571905595e-02	7.360420070565276696e-02
1.069147217217817570e+03	2.672628981413197047e-01	1.716934223866528608e-01	2.395691243342121524e-01	1.480356007305562716e-01	7.091841275171120729e-02	2.870373630108683308e-02	7.381680535437878943e-02
1.073984987431472746e+03	2.664861557588258378e-01	1.711790026801968956e-01	2.400792534512148357e-01	1.483818080144743423e-01	7.105665733030706865e-02	2.878888298441547797e-02	7.402823978048339582e-02
1.078822757645127922e+03	2.657139993389988075e-01	1.706673564045916025e-01	2.405862451444983896e-01	1.487260236566860516e-01	7.119416957419241743e-02	2.887369612621931703e-02	7.423850975473129943e-02
1.083660527858783553e+03	2.649464008237523149e-01	1.701584693802790926e-01	2.410901202083477746e-01	1.490682589904757938e-01	7.133095338363981686e-02	2.895817617984551909e-02	7.444762103357752125e-02
1.088498298072438729e+03	2.641833323380025633e-01	1.696523274906139023e-01	2.415908992865793414e-01	1.494085252819150889e-01	7.146701263276411531e-02	2.904232361120267711e-02	7.465557935884015173e-02
1.093336068286093905e+03	2.634247661883430958e-01	1.691489166817074785e-01	2.420886028736837225e-01	1.497468337303771435e-01	7.160235116992710869e-02	2.912613889849462873e-02	7.486239045738463105e-02
1.098173838499749309e+03	2.626706748617311793e-01	1.686482229622717766e-01	2.425832513159617565e-01	1.500831954690443060e-01	7.173697281813015691e-02	2.920962253195940467e-02	7.506806004081920114e-02
1.103011608713404712e+03	2.619210310241851247e-01	1.681502324034609142e-01	2.430748648126535016e-01	1.504176215654086657e-01	7.187088137539496269e-02	2.929277501361317315e-02	7.527259380520144594e-02
1.107849378927059888e+03	2.611758075194924866e-01	1.676549311387117713e-01	2.435634634170600887e-01	1.507501230217659083e-01	7.200408061513313696e-02	2.937559685699906234e-02	7.547599743075540657e-02
1.112687149140715292e+03	2.604349773679290880e-01	1.671623053635830636e-01	2.440490670376586069e-01	1.510807107757026480e-01	7.213657428650470382e-02	2.945808858694073940e-02	7.567827658159899384e-02
1.117524919354370468e+03	2.596985137649892583e-01	1.666723413355931938e-01	2.445316954392099951e-01	1.514093957005771263e-01	7.226836611476607219e-02	2.954025073930064554e-02	7.587943690548161479e-02
1.122362689568025871e+03	2.589663900801260632e-01	1.661850253740566608e-01	2.450113682438594953e-01	1.517361886059936382e-01	7.239945980160782113e-02	2.962208386074275876e-02	7.607948403353154143e-02
1.127200459781681047e+03	2.582385798555023593e-01	1.657003438599193856e-01	2.454881049322301945e-01	1.520611002382709631e-01	7.252985902548252095e-02	2.970358850849981122e-02	7.627842358001278578e-02
1.132038229995336451e+03	2.575150568047523958e-01	1.652182832355926778e-01	2.459619248445092388e-01	1.523841412809044393e-01	7.265956744192310357e-02	2.978476525014479848e-02	7.647626114209135628e-02
1.136876000208991627e+03	2.567957948117535194e-01	1.647388300047860632e-01	2.464328471815268595e-01	1.527053223550224048e-01	7.278858868385196246e-02	2.986561466336674561e-02	7.667300229961047930e-02
1.141713770422646803e+03	2.560807679294080375e-01	1.642619707323390021e-01	2.469008910058280715e-01	1.530246540198365868e-01	7.291692636188111531e-02	2.994613733575059861e-02	7.686865261487461909e-02
1.146551540636302207e+03	2.553699503784354619e-01	1.637876920440513862e-01	2.473660752427371268e-01	1.533421467730869958e-01	7.304458406460387354e-02	3.002633386456114370e-02	7.706321763244206036e-02
1.151389310849957155e+03	2.546633165461744119e-01	1.633159806265129244e-01	2.478284186814147805e-01	1.536578110514811579e-01	7.317156535887808788e-02	3.010620485653087500e-02	7.725670287892584531e-02
1.156227081063612786e+03	2.539608409853946203e-01	1.628468232269315308e-01	2.482879399759080896e-01	1.539716572311279619e-01	7.329787379010138659e-02	3.018575092765172357e-02	7.744911386280271814e-02
1.161064851277267962e+03	2.532624984131186530e-01	1.623802066529608790e-01	2.487446576461929959e-01	1.542836956279662053e-01	7.342351288247871144e-02	3.026497270297053357e-02	7.764045607423006312e-02
