2.031863489735219162e+02	5.129718132418300547e-01	3.304500021522733810e-01	6.903376079072869043e-02	3.854912639839536137e-02	2.705363662678177475e-02	8.965978099936773582e-03	1.297568268997021865e-02
2.080241191871772060e+02	5.107763797376821957e-01	3.290408491551367609e-01	7.063340919954884389e-02	3.955138280215947377e-02	2.748769889361339647e-02	9.075820073625251797e-03	1.343446013815039961e-02
2.128618894008324673e+02	5.085936955611028987e-01	3.276396893396633647e-01	7.222283029146367439e-02	4.054701639297948051e-02	2.791743250521026148e-02	9.186426372282957206e-03	1.389290953721381700e-02
2.176996596144877287e+02	5.064236859733775020e-01	3.262464746030840912e-01	7.380207955716421020e-02	4.153608918343622280e-02	2.834292376069510663e-02	9.297767026173055227e-03	1.435097989598609763e-02
2.225374298281430470e+02	5.042662766759741233e-01	3.248611572103272116e-01	7.537121270484802016e-02	4.251866221027889720e-02	2.876425657423308316e-02	9.409812853129244370e-03	1.480862177112576838e-02
2.273752000417983652e+02	5.021213938080959505e-01	3.234836897891422147e-01	7.693028563718627699e-02	4.349479555566279632e-02	2.918151254535011549e-02	9.522535437056257879e-03	1.526578722742296008e-02
2.322129702554535982e+02	4.999889639442421929e-01	3.221140253253313435e-01	7.847935442915336679e-02	4.446454836786842280e-02	2.959477102716800631e-02	9.635907107045883421e-03	1.572242979910739788e-02
2.370507404691088880e+02	4.978689140917770817e-01	3.207521171580853814e-01	8.001847530669087272e-02	4.542797888151538233e-02	3.000410919261780815e-02	9.749900917090551650e-03	1.617850445213947497e-02
2.418885106827641494e+02	4.957611716885056419e-01	3.193979189754208581e-01	8.154770462617927373e-02	4.638514443728371933e-02	3.040960209869113598e-02	9.864490626376985066e-03	1.663396754745894920e-02
2.467262808964194392e+02	4.936656646002574034e-01	3.180513848097161200e-01	8.306709885469081012e-02	4.733610150115545590e-02	3.081132274878742999e-02	9.979650680142981498e-03	1.708877680516635716e-02
2.515640511100747290e+02	4.915823211184791042e-01	3.167124690333434356e-01	8.457671455099831370e-02	4.828090568318838677e-02	3.120934215321339786e-02	1.009535619108083149e-02	1.754289126961307288e-02
2.564018213237300188e+02	4.895110699578348878e-01	3.153811263543949694e-01	8.607660834731556410e-02	4.921961175583412090e-02	3.160372938788917618e-02	1.021158292127145178e-02	1.799627127537642077e-02
2.612395915373852517e+02	4.874518402538153272e-01	3.140573118124993512e-01	8.756683693174496796e-02	5.015227367181191581e-02	3.199455165131429024e-02	1.032830726463367446e-02	1.844887841409695306e-02
2.660773617510405415e+02	4.854045615603549413e-01	3.127409807747280057e-01	8.904745703140984348e-02	5.107894458154961514e-02	3.238187431984472509e-02	1.044550622987369323e-02	1.890067550215563524e-02
2.709151319646958882e+02	4.833691638474582053e-01	3.114320889315865815e-01	9.051852539624866134e-02	5.199967685020260438e-02	3.276576100133109237e-02	1.056315742392002592e-02	1.935162654916920688e-02
2.757529021783511780e+02	4.813455774988349423e-01	3.101305922930913672e-01	9.198009878344969026e-02	5.291452207426162319e-02	3.314627358716631944e-02	1.068123903582983945e-02	1.980169672728256808e-02
2.805906723920064678e+02	4.793337333095439856e-01	3.088364471849271986e-01	9.343223394250500802e-02	5.382353109775968314e-02	3.352347230278981960e-02	1.079972982115286542e-02	2.025085234123772879e-02
2.854284426056617008e+02	4.773335624836466673e-01	3.075496102446851343e-01	9.487498760086353344e-02	5.472675402808838130e-02	3.389741575669383278e-02	1.091860908673956097e-02	2.069906079919914266e-02
2.902662128193169337e+02	4.753449966318688547e-01	3.062700384181780144e-01	9.630841645016323394e-02	5.562424025143340722e-02	3.426816098797617199e-02	1.103785667598055839e-02	2.114629058431608324e-02
2.951039830329722804e+02	4.733679677692725907e-01	3.049976889558310700e-01	9.773257713302356542e-02	5.651603844783893021e-02	3.463576351248237595e-02	1.115745295446481100e-02	2.159251122700297718e-02
2.999417532466276270e+02	4.714024083129374487e-01	3.037325194091466396e-01	9.914752623037950685e-02	5.740219660591021344e-02	3.500027736757898439e-02	1.127737879604423163e-02	2.203769327791928537e-02
3.047795234602828600e+02	4.694482510796508801e-01	3.024744876272403293e-01	1.005533202493392453e-01	5.828276203716355186e-02	3.536175515559838306e-02	1.139761556929297544e-02	2.248180828163090506e-02
3.096172936739380930e+02	4.675054292836084424e-01	3.012235517534471163e-01	1.019500156115482059e-01	5.915778139003249197e-02	3.572024808599450624e-02	1.151814512434987461e-02	2.292482875093559275e-02
3.144550638875934396e+02	4.655738765341236318e-01	2.999796702219952871e-01	1.033376686420424545e-01	6.002730066353899330e-02	3.607580601624760935e-02	1.163894978013283073e-02	2.336672814183536270e-02
3.192928341012487294e+02	4.636535268333476512e-01	2.987428017547467674e-01	1.047163355585752909e-01	6.089136522063792745e-02	3.642847749155497111e-02	1.176001231191436958e-02	2.380748082913923189e-02
3.241306043149040192e+02	4.617443145739986154e-01	2.975129053580017335e-01	1.060860724614010597e-01	6.175001980124313061e-02	3.677830978334357959e-02	1.188131593924780967e-02	2.424706208268020274e-02
3.289683745285592522e+02	4.598461745371013043e-01	2.962899403193664516e-01	1.074469353235010805e-01	6.260330853494310011e-02	3.712534892663959391e-02	1.200284431423385804e-02	2.468544804413064925e-02
3.338061447422145420e+02	4.579590418897364623e-01	2.950738662046820671e-01	1.087989799812365682e-01	6.345127495341400248e-02	3.746963975632837396e-02	1.212458151011770909e-02	2.512261570440087535e-02
3.386439149558698318e+02	4.560828521828000914e-01	2.938646428550127365e-01	1.101422621254144751e-01	6.429396200253775784e-02	3.781122594233801010e-02	1.224651201020705502e-02	2.555854288160586824e-02
3.434816851695251216e+02	4.542175413487732349e-01	2.926622303836927674e-01	1.114768372927521234e-01	6.513141205423239599e-02	3.815015002377810521e-02	1.236862069710162847e-02	2.599320819958572670e-02
3.483194553831804114e+02	4.523630456995015314e-01	2.914665891734293801e-01	1.128027608577272106e-01	6.596366691800213677e-02	3.848645344206483299e-02	1.249089284222529121e-02	2.642659106696560248e-02
3.531572255968357013e+02	4.505193019239852603e-01	2.902776798734612584e-01	1.141200880248001703e-01	6.679076785221393919e-02	3.882017657306217201e-02	1.261331409565180119e-02	2.685867165674140841e-02
3.579949958104909342e+02	4.486862470861796015e-01	2.890954633967705578e-01	1.154288738209960502e-01	6.761275557510761092e-02	3.915135875826857015e-02	1.273587047621577498e-02	2.728943088637782871e-02
3.628327660241463377e+02	4.468638186228051090e-01	2.879199009173475376e-01	1.167291730888339318e-01	6.842967027554604231e-02	3.948003833507720411e-02	1.285854836190053647e-02	2.771885039840561032e-02
3.676705362378016275e+02	4.450519543411686763e-01	2.867509538675060421e-01	1.180210404795917906e-01	6.924155162351197657e-02	3.980625266613728452e-02	1.298133448049482684e-02	2.814691254150535754e-02
3.725083064514568036e+02	4.432505924169946598e-01	2.855885839352487743e-01	1.193045304468954432e-01	7.004843878035782456e-02	4.013003816784310729e-02	1.310421590051056781e-02	2.857360035206549589e-02
3.773460766651120935e+02	4.414596713922668281e-01	2.844327530616811983e-01	1.205796972406203565e-01	7.085037040881446424e-02	4.045143033797657384e-02	1.322718002235409585e-02	2.899889753620229008e-02
3.821838468787673833e+02	4.396791301730801904e-01	2.832834234384726813e-01	1.218465949010955479e-01	7.164738468276532490e-02	4.077046378252836140e-02	1.335021456974353100e-02	2.942278845223019607e-02
3.870216170924226162e+02	4.379089080275039847e-01	2.821405575053633208e-01	1.231052772535992101e-01	7.243951929679118273e-02	4.108717224172199478e-02	1.347330758136513346e-02	2.984525809357105319e-02
3.918593873060780197e+02	4.361489445834544343e-01	2.810041179477164586e-01	1.243557979031358479e-01	7.322681147549185698e-02	4.140158861526447437e-02	1.359644740276172437e-02	3.026629207209103473e-02
3.966971575197332527e+02	4.343991798265787740e-01	2.798740676941143257e-01	1.255982102294853076e-01	7.400929798259001102e-02	4.171374498684645576e-02	1.371962267844646470e-02	3.068587660185443863e-02
4.015349277333884856e+02	4.326595540981493793e-01	2.787503699139967650e-01	1.268325673825139166e-01	7.478701512982255384e-02	4.202367264791401213e-02	1.384282234423543125e-02	3.110399848328379221e-02
4.063726979470438323e+02	4.309300080929683308e-01	2.776329880153411978e-01	1.280589222777388791e-01	7.555999878562497107e-02	4.233140212073384367e-02	1.396603561979269971e-02	3.152064508771592471e-02
4.112104681606991221e+02	4.292104828572830821e-01	2.765218856423837801e-01	1.292773275921368370e-01	7.632828438361369261e-02	4.263696318077268149e-02	1.408925200138175064e-02	3.193580434234399856e-02
4.160482383743544119e+02	4.275009197867122301e-01	2.754170266733796946e-01	1.304878357601881589e-01	7.709190693087149271e-02	4.294038487841128626e-02	1.421246125481725325e-02	3.234946471553577091e-02
4.208860085880095880e+02	4.258012606241819986e-01	2.743183752184020774e-01	1.316904989701482842e-01	7.785090101604077995e-02	4.324169556001276893e-02	1.433565340861144878e-02	3.276161520251845427e-02
4.257237788016648778e+02	4.241114474578737692e-01	2.732258956171789155e-01	1.328853691605386134e-01	7.860530081722959250e-02	4.354092288836440561e-02	1.445881874730946086e-02	3.317224531142103777e-02
4.305615490153201677e+02	4.224314227191813820e-01	2.721395524369663588e-01	1.340724980168485625e-01	7.935514010973487853e-02	4.383809386251150131e-02	1.458194780500814136e-02	3.358134504966496514e-02
4.353993192289755143e+02	4.207611291806797049e-01	2.710593104704581147e-01	1.352519369684415662e-01	8.010045227358754405e-02	4.413323483700130195e-02	1.470503135905310878e-02	3.398890491069438136e-02
4.402370894426308041e+02	4.191005099541037504e-01	2.699851347337295926e-01	1.364237371856577286e-01	8.084127030092377875e-02	4.442637154055457255e-02	1.482806042390885475e-02	3.439491586103737841e-02
4.450748596562860939e+02	4.174495084883381724e-01	2.689169904642162434e-01	1.375879495771058225e-01	8.157762680318686455e-02	4.471752909418170302e-02	1.495102624519693314e-02	3.479936932768991353e-02
4.499126298699413837e+02	4.158080685674172550e-01	2.678548431187253165e-01	1.387446247871379212e-01	8.230955401816353323e-02	4.500673202875988405e-02	1.507392029389738840e-02	3.520225718581426050e-02
4.547504000835967304e+02	4.141761343085361147e-01	2.667986583714798687e-01	1.398938131935001106e-01	8.303708381685930007e-02	4.529400430208734701e-02	1.519673426070870456e-02	3.560357174674408376e-02
4.595881702972519065e+02	4.125536501600718942e-01	2.657484021121945261e-01	1.410355649051526217e-01	8.376024771021624293e-02	4.557936931543016962e-02	1.531946005056174405e-02	3.600330574628837071e-02
4.644259405109071963e+02	4.109405608996157255e-01	2.647040404441822758e-01	1.421699297602533052e-01	8.447907685567755676e-02	4.586284992957674611e-02	1.544208977728321087e-02	3.640145233332678365e-02
4.692637107245624861e+02	4.093368116320152406e-01	2.636655396824913455e-01	1.432969573242987571e-01	8.519360206360228338e-02	4.614446848041450777e-02	1.556461575840436574e-02	3.679800505868904836e-02
4.741014809382177759e+02	4.077423477874277946e-01	2.626328663520717810e-01	1.444166968884165736e-01	8.590385380353418587e-02	4.642424679404308363e-02	1.568703051011081234e-02	3.719295786431127404e-02
4.789392511518730657e+02	4.061571151193842377e-01	2.616059871859702235e-01	1.455291974678036004e-01	8.660986221032813959e-02	4.670220620143771678e-02	1.580932674232929380e-02	3.758630507266221693e-02
4.837770213655284124e+02	4.045810597028628441e-01	2.605848691235534420e-01	1.466345078003049029e-01	8.731165709013759268e-02	4.697836755267623121e-02	1.593149735394757890e-02	3.797804137643280564e-02
4.886147915791837022e+02	4.030141279323741776e-01	2.595694793087587326e-01	1.477326763451275171e-01	8.800926792626653783e-02	4.725275123074255262e-02	1.605353542816362680e-02	3.836816182848223206e-02
4.934525617928388783e+02	4.014562665200562264e-01	2.585597850883715187e-01	1.488237512816844854e-01	8.870272388488924242e-02	4.752537716491935654e-02	1.617543422796030236e-02	3.875666183203421017e-02
4.982903320064942250e+02	3.999074224937801958e-01	2.575557540103288190e-01	1.499077805085640147e-01	8.939205382064098482e-02	4.779626484378208390e-02	1.629718719170206859e-02	3.914353713111715094e-02
5.031281022201495148e+02	3.983675431952665158e-01	2.565573538220483618e-01	1.509848116426190101e-01	9.007728628208300226e-02	4.806543332780605776e-02	1.641878792885015023e-02	3.952878380124220936e-02
5.079658724338048046e+02	3.968365762782113393e-01	2.555645524687825132e-01	1.520548920181724606e-01	9.075844951704462038e-02	4.833290126159842104e-02	1.654023021579278593e-02	3.991239824031311834e-02
5.128036426474600376e+02	3.953144697064238100e-01	2.545773180919967404e-01	1.531180686863338192e-01	9.143557147784560357e-02	4.859868688576580997e-02	1.666150799178729366e-02	4.029437715976215417e-02
5.176414128611153274e+02	3.938011717519731003e-01	2.535956190277717792e-01	1.541743884144227139e-01	9.210867982640169593e-02	4.886280804842873388e-02	1.678261535501072640e-02	4.067471757590650910e-02
5.224791830747705035e+02	3.922966309933462736e-01	2.526194238052289487e-01	1.552238976854952435e-01	9.277780193921608687e-02	4.912528221639317350e-02	1.690354655871603717e-02	4.105341680151958911e-02
5.273169532884259070e+02	3.908007963136162499e-01	2.516487011449782263e-01	1.562666426979690548e-01	9.344296491225963230e-02	4.938612648598950799e-02	1.702429600749073846e-02	4.143047243761190102e-02
5.321547235020811968e+02	3.893136168986203183e-01	2.506834199575888600e-01	1.573026693653434283e-01	9.410419556574255162e-02	4.964535759358874173e-02	1.714485825361514865e-02	4.180588236541629699e-02
5.369924937157364866e+02	3.878350422351484750e-01	2.497235493420810470e-01	1.583320233160102064e-01	9.476152044878018155e-02	4.990299192580562038e-02	1.726522799351737011e-02	4.217964473857244850e-02
5.418302639293917764e+02	3.863650221091425863e-01	2.487690585844392621e-01	1.593547498931523476e-01	9.541496584395532665e-02	5.015904552939790678e-02	1.738540006432225810e-02	4.255175797550564409e-02
5.466680341430470662e+02	3.849035066039053765e-01	2.478199171561460967e-01	1.603708941547263567e-01	9.606455777177988486e-02	5.041353412087094116e-02	1.750536944049171234e-02	4.292222075199503273e-02
5.515058043567023560e+02	3.834504460983194640e-01	2.468760947127364713e-01	1.613805008735250124e-01	9.671032199505796845e-02	5.066647309579615927e-02	1.762513123055368253e-02	4.329103199392667078e-02
5.563435745703576458e+02	3.820057912650771104e-01	2.459375610923716093e-01	1.623836145373175055e-01	9.735228402315294904e-02	5.091787753785219361e-02	1.774468067391737555e-02	4.365819087022667494e-02
5.611813447840129356e+02	3.805694930689195177e-01	2.450042863144323291e-01	1.633802793490635452e-01	9.799046911616091093e-02	5.116776222759672477e-02	1.786401313777224303e-02	4.402369678597013031e-02
5.660191149976681118e+02	3.791415027648865066e-01	2.440762405781313205e-01	1.643705392271982979e-01	9.862490228899251088e-02	5.141614165097717348e-02	1.798312411406832387e-02	4.438754937566130598e-02
5.708568852113234016e+02	3.777217718965762416e-01	2.431533942611437960e-01	1.653544378059851050e-01	9.925560831536567319e-02	5.166303000758793590e-02	1.810200921657571446e-02	4.474974849668093835e-02
5.756946554249786914e+02	3.763102522944147266e-01	2.422357179182564879e-01	1.663320184359337595e-01	9.988261173171116003e-02	5.190844121868178757e-02	1.822066417802083865e-02	4.511029422289652285e-02
5.805324256386339812e+02	3.749068960739358469e-01	2.413231822800341597e-01	1.673033241842805940e-01	1.005059368409930848e-01	5.215238893494277689e-02	1.833908484729742869e-02	4.546918683843145792e-02
5.853701958522892710e+02	3.735116556340703498e-01	2.404157582515034086e-01	1.682683978355282162e-01	1.011256077164464917e-01	5.239488654402761625e-02	1.845726718675006275e-02	4.582642683158918290e-02
5.902079660659445608e+02	3.721244836554458701e-01	2.395134169108536493e-01	1.692272818920424748e-01	1.017416482052339727e-01	5.263594717788263461e-02	1.857520726952821902e-02	4.618201488892849371e-02
5.950457362795999643e+02	3.707453330986960061e-01	2.386161295081544731e-01	1.701800185747037175e-01	1.023540819320231665e-01	5.287558371984280026e-02	1.869290127700887552e-02	4.653595188948621980e-02
5.998835064932552541e+02	3.693741572027796627e-01	2.377238674640892724e-01	1.711266498236101163e-01	1.029629323024872090e-01	5.311380881151948896e-02	1.881034549628572000e-02	4.688823889914370963e-02
6.047212767069104302e+02	3.680109094833100003e-01	2.368366023687047961e-01	1.720672172988307602e-01	1.035682225067298678e-01	5.335063485948318002e-02	1.892753631772307876e-02	4.723887716513349572e-02
6.095590469205657200e+02	3.666555437308929855e-01	2.359543059801762488e-01	1.730017623812061534e-01	1.041699755226370427e-01	5.358607404174721422e-02	1.904447023257277438e-02	4.758786811068273226e-02
6.143968171342210098e+02	3.653080140094761008e-01	2.350769502235874886e-01	1.739303261731940942e-01	1.047682141191567384e-01	5.382013831405857429e-02	1.916114383065212895e-02	4.793521332979001903e-02
6.192345873478761860e+02	3.639682746547062697e-01	2.342045071897263520e-01	1.748529494997584921e-01	1.053629608595088168e-01	5.405283941600148162e-02	1.927755379808142322e-02	4.828091458213234349e-02
6.240723575615315895e+02	3.626362802722974954e-01	2.333369491338943003e-01	1.757696729092996513e-01	1.059542381043264564e-01	5.428418887691926348e-02	1.939369691507911511e-02	4.862497378809884502e-02
6.289101277751868793e+02	3.613119857364085474e-01	2.324742484747304994e-01	1.766805366746233286e-01	1.065420680147309423e-01	5.451419802166009021e-02	1.950957005381321815e-02	4.896739302394839677e-02
6.337478979888421691e+02	3.599953461880295857e-01	2.316163777930498879e-01	1.775855807939474007e-01	1.071264725553411901e-01	5.474287797615170342e-02	1.962517017630727861e-02	4.930817451708792432e-02
6.385856682024975726e+02	3.586863170333785544e-01	2.307633098306949293e-01	1.784848449919436419e-01	1.077074734972197217e-01	5.497023967281031848e-02	1.974049433239941781e-02	4.964732064146842178e-02
6.434234384161527487e+02	3.573848539423068460e-01	2.299150174894007137e-01	1.793783687208134747e-01	1.082850924207565124e-01	5.519629385578857239e-02	1.985553965775297205e-02	4.998483391309585522e-02
6.482612086298080385e+02	3.560909128467150686e-01	2.290714738296732722e-01	1.802661911613954171e-01	1.088593507184923148e-01	5.542105108606746461e-02	1.997030337191729038e-02	5.032071698565410839e-02
6.530989788434633283e+02	3.548044499389771400e-01	2.282326520696808525e-01	1.811483512243030891e-01	1.094302695978826429e-01	5.564452174639678006e-02	2.008478277643727453e-02	5.065497264623716744e-02
6.579367490571185044e+02	3.535254216703745400e-01	2.273985255841576014e-01	1.820248875510916686e-01	1.099978700840041346e-01	5.586671604608868524e-02	2.019897525301035321e-02	5.098760381118797730e-02
6.627745192707737942e+02	3.522537847495395558e-01	2.265690679033198207e-01	1.828958385154516864e-01	1.105621730222044047e-01	5.608764402566873697e-02	2.031287826168954799e-02	5.131861352204120791e-02
6.676122894844290840e+02	3.509894961409077419e-01	2.257442527117942133e-01	1.837612422244286892e-01	1.111231990806967468e-01	5.630731556138869609e-02	2.042648933913133666e-02	5.164800494156751576e-02
6.724500596980843738e+02	3.497325130631797063e-01	2.249240538475582030e-01	1.846211365196667453e-01	1.116809687531011841e-01	5.652574036960517079e-02	2.053980609688713446e-02	5.197578134991674009e-02
6.772878299117396637e+02	3.484827929877920560e-01	2.241084453008915789e-01	1.854755589786753756e-01	1.122355023609329649e-01	5.674292801102818334e-02	2.065282621973711652e-02	5.230194614085760529e-02
6.821256001253949535e+02	3.472402936373971127e-01	2.232974012133399633e-01	1.863245469161177170e-01	1.127868200560396827e-01	5.695888789484351844e-02	2.076554746406527804e-02	5.262650281811161179e-02
6.869633703390502433e+02	3.460049729843522326e-01	2.224908958766891320e-01	1.871681373851191155e-01	1.133349418229884359e-01	5.717362928271257916e-02	2.087796765627455628e-02	5.294945499177879100e-02
6.918011405527055331e+02	3.447767892492178965e-01	2.216889037319505762e-01	1.880063671785948132e-01	1.138798874814039297e-01	5.738716129265356014e-02	2.099008469124093168e-02	5.327080637485305525e-02
6.966389107663608229e+02	3.435557008992648487e-01	2.208913993683576937e-01	1.888392728305955115e-01	1.144216766882590192e-01	5.759949290280727552e-02	2.110189653080544667e-02	5.359056077982497085e-02
7.014766809800161127e+02	3.423416666469899505e-01	2.200983575223725841e-01	1.896668906176695868e-01	1.149603289401184419e-01	5.781063295509130534e-02	2.121340120230305604e-02	5.390872211536985176e-02
7.063144511936714025e+02	3.411346454486411384e-01	2.193097530767032788e-01	1.904892565602411825e-01	1.154958635753371016e-01	5.802059015874568015e-02	2.132459679712737921e-02	5.422529438311902289e-02
7.111522214073266923e+02	3.399345965027513183e-01	2.185255610593311582e-01	1.913064064240025952e-01	1.160282997762138169e-01	5.822937309377335807e-02	2.143548146933029960e-02	5.454028167451226150e-02
7.159899916209819821e+02	3.387414792486808657e-01	2.177457566425481661e-01	1.921183757213203447e-01	1.165576565711016616e-01	5.843699021427873480e-02	2.154605343425551600e-02	5.485368816772948769e-02
7.208277618346371582e+02	3.375552533651690057e-01	2.169703151420041276e-01	1.929251997126539553e-01	1.170839528364758797e-01	5.864344985170707319e-02	2.165631096720508145e-02	5.516551812469959459e-02
7.256655320482924481e+02	3.363758787688939100e-01	2.161992120157634756e-01	1.937269134079861732e-01	1.176072072989602646e-01	5.884876021798805118e-02	2.176625240213804491e-02	5.547577588818481537e-02
7.305033022619478515e+02	3.352033156130411751e-01	2.154324228633714977e-01	1.945235515682638971e-01	1.181274385373131813e-01	5.905292940858605788e-02	2.187587613040035267e-02	5.578446587893850367e-02
7.353410724756030277e+02	3.340375242858816263e-01	2.146699234249298538e-01	1.953151487068491010e-01	1.186446649843740098e-01	5.925596540546022167e-02	2.198518059948512127e-02	5.609159259293473865e-02
7.401788426892584312e+02	3.328784654093568940e-01	2.139116895801811691e-01	1.961017390909786107e-01	1.191589049289709240e-01	5.945787607993678614e-02	2.209416431182248397e-02	5.639716059866789477e-02
7.450166129029136073e+02	3.317260998376738157e-01	2.131576973476026482e-01	1.968833567432320686e-01	1.196701765177909660e-01	5.965866919549645681e-02	2.220282582359820595e-02	5.670117453452055284e-02
7.498543831165690108e+02	3.305803886559078308e-01	2.124079228835085154e-01	1.976600354430074202e-01	1.201784977572133428e-01	5.985835241047933464e-02	2.231116374360029783e-02	5.700363910619798968e-02
7.546921533302243006e+02	3.294412931786139254e-01	2.116623424811608922e-01	1.984318087280028398e-01	1.206838865151065726e-01	6.005693328070983023e-02	2.241917673209287143e-02	5.730455908422776856e-02
7.595299235438793630e+02	3.283087749484468465e-01	2.109209325698893633e-01	1.991987098957047064e-01	1.211863605225906304e-01	6.025441926204400112e-02	2.252686349971649848e-02	5.760393930152270248e-02
7.643676937575347665e+02	3.271827957347888116e-01	2.101836697142188126e-01	1.999607720048807713e-01	1.216859373757645940e-01	6.045081771284166461e-02	2.263422280641439605e-02	5.790178465100574018e-02
7.692054639711900563e+02	3.260633175323862099e-01	2.094505306130054201e-01	2.007180278770779036e-01	1.221826345374007750e-01	6.064613589636545787e-02	2.274125346038368203e-02	5.819810008329526219e-02
7.740432341848452324e+02	3.249503025599946859e-01	2.087214920985806799e-01	2.014705100981236952e-01	1.226764693386060978e-01	6.084038098310915604e-02	2.284795431705111124e-02	5.849289060444926025e-02
7.788810043985006359e+02	3.238437132590313294e-01	2.079965311359034952e-01	2.022182510196314786e-01	1.231674589804514497e-01	6.103356005305726056e-02	2.295432427807257356e-02	5.878616127376706801e-02
7.837187746121558121e+02	3.227435122922364674e-01	2.072756248217199060e-01	2.029612827605077885e-01	1.236556205355695409e-01	6.122568009787800886e-02	2.306036229035577159e-02	5.907791720164717181e-02
7.885565448258112156e+02	3.216496625423425626e-01	2.065587503837304773e-01	2.036996372084622642e-01	1.241409709497224428e-01	6.141674802305174125e-02	2.316606734510542193e-02	5.936816354749974850e-02
7.933943150394665054e+02	3.205621271107516046e-01	2.058458851797652922e-01	2.044333460215189968e-01	1.246235270433390524e-01	6.160677064993661661e-02	2.327143847689042144e-02	5.965690551771263977e-02
7.982320852531219089e+02	3.194808693162207169e-01	2.051370066969662731e-01	2.051624406295289305e-01	1.251033055130233995e-01	6.179575471777351559e-02	2.337647476273236116e-02	5.994414836366945831e-02
8.030698554667769713e+02	3.184058526935550359e-01	2.044320925509768849e-01	2.058869522356827630e-01	1.255803229330344495e-01	6.198370688563201170e-02	2.348117532121486370e-02	6.022989737981850750e-02
8.079076256804323748e+02	3.173370409923097490e-01	2.037311204851388891e-01	2.066069118180242081e-01	1.260545957567380249e-01	6.217063373429911055e-02	2.358553931161317188e-02	6.051415790179138360e-02
8.127453958940876646e+02	3.162743981754985167e-01	2.030340683696961190e-01	2.073223501309625350e-01	1.265261403180313327e-01	6.235654176811258192e-02	2.368956593304345770e-02	6.079693530456995593e-02
8.175831661077428407e+02	3.152178884183111096e-01	2.023409142010054729e-01	2.080332977067844979e-01	1.269949728327410543e-01	6.254143741674041135e-02	2.379325442363134160e-02	6.107823500070061473e-02
8.224209363213982442e+02	3.141674761068380950e-01	2.016516361007542335e-01	2.087397848571649339e-01	1.274611093999953593e-01	6.272532703690812672e-02	2.389660405969911902e-02	6.135806243855463499e-02
8.272587065350534203e+02	3.131231258368036841e-01	2.009662123151845781e-01	2.094418416746757217e-01	1.279245660035703280e-01	6.290821691407551264e-02	2.399961415497121886e-02	6.163642310063353891e-02
8.320964767487085965e+02	3.120848024123057951e-01	2.002846212143244986e-01	2.101394980342927710e-01	1.283853585132116171e-01	6.309011326406416265e-02	2.410228405979739086e-02	6.191332250191836084e-02
8.369342469623640000e+02	3.110524708445643882e-01	1.996068412912252454e-01	2.108327835949004858e-01	1.288435026859319765e-01	6.327102223463751396e-02	2.420461316039318814e-02	6.218876618826171127e-02
8.417720171760191761e+02	3.100260963506773493e-01	1.989328511612051820e-01	2.115217278007936186e-01	1.292990141672846760e-01	6.345094990703466220e-02	2.430660087809729392e-02	6.246275973482172394e-02
8.466097873896745796e+02	3.090056443523833130e-01	1.982626295610999123e-01	2.122063598831758768e-01	1.297519084926140320e-01	6.362990229745937865e-02	2.440824666864524831e-02	6.273530874453674133e-02
8.514475576033297557e+02	3.079910804748328124e-01	1.975961553485187927e-01	2.128867088616550884e-01	1.302022010882831204e-01	6.380788535852567611e-02	2.450955002145914149e-02	6.300641884663982228e-02
8.562853278169851592e+02	3.069823705453667562e-01	1.969334075011073548e-01	2.135628035457348417e-01	1.306499072728791455e-01	6.398490498066131127e-02	2.461051045895291250e-02	6.327609569521211452e-02
8.611230980306403353e+02	3.059794805923021221e-01	1.962743651158158631e-01	2.142346725363017956e-01	1.310950422583974095e-01	6.416096699347029197e-02	2.471112753585279209e-02	6.354434496777412733e-02
8.659608682442956251e+02	3.049823768437250893e-01	1.956190074081739505e-01	2.149023442271088824e-01	1.315376211514039106e-01	6.433607716705597168e-02	2.481140083853254630e-02	6.381117236391400938e-02
8.707986384579510286e+02	3.039910257262919968e-01	1.949673137115708055e-01	2.155658468062539579e-01	1.319776589541770961e-01	6.451024121330546646e-02	2.491132998436312515e-02	6.407658360395190877e-02
8.756364086716062047e+02	3.030053938640369648e-01	1.943192634765414373e-01	2.162252082576533729e-01	1.324151705658296596e-01	6.468346478713694891e-02	2.501091462107635569e-02	6.434058442763955499e-02
8.804741788852616082e+02	3.020254480771873973e-01	1.936748362700585202e-01	2.168804563625107706e-01	1.328501707834103263e-01	6.485575348771077664e-02	2.511015442614231846e-02	6.460318059289425763e-02
8.853119490989170117e+02	3.010511553809863128e-01	1.930340117748296502e-01	2.175316187007801938e-01	1.332826743029862371e-01	6.502711285960546816e-02	2.520904910616007105e-02	6.486437787456643400e-02
8.901497193125721878e+02	3.000824829845221142e-01	1.923967697886005968e-01	2.181787226526241408e-01	1.337126957207064593e-01	6.519754839395977553e-02	2.530759839626137847e-02	6.512418206323983272e-02
8.949874895262273640e+02	2.991193982895655745e-01	1.917630902234635781e-01	2.188217953998654597e-01	1.341402495338469836e-01	6.536706552958174155e-02	2.540580205952711751e-02	6.538259896406381499e-02
8.998252597398827675e+02	2.981618688894135949e-01	1.911329531051710884e-01	2.194608639274334694e-01	1.345653501418375975e-01	6.553566965402578270e-02	2.550365988641603576e-02	6.563963439561670832e-02
9.046630299535379436e+02	2.972098625677404571e-01	1.905063385724550251e-01	2.200959550248038910e-01	1.349880118472709667e-01	6.570336610463869964e-02	2.560117169420558780e-02	6.589529418879960798e-02
9.095008001671932334e+02	2.962633472974557924e-01	1.898832268763510633e-01	2.207270952874326453e-01	1.354082488568945641e-01	6.587016016957567000e-02	2.569833732644449809e-02	6.614958418575989096e-02
9.143385703808486369e+02	2.953222912395699340e-01	1.892635983795282473e-01	2.213543111181829059e-01	1.358260752825855011e-01	6.603605708878707015e-02	2.579515665241679384e-02	6.640251023884370662e-02
9.191763405945038130e+02	2.943866627420656523e-01	1.886474335556233561e-01	2.219776287287456573e-01	1.362415051423087886e-01	6.620106205497694463e-02	2.589162956661703041e-02	6.665407820957673646e-02
9.240141108081592165e+02	2.934564303387772188e-01	1.880347129885808211e-01	2.225970741410534803e-01	1.366545523610595836e-01	6.636518021453412242e-02	2.598775598823638636e-02	6.690429396767254289e-02
9.288518810218145063e+02	2.925315627482763525e-01	1.874254173719971661e-01	2.232126731886873716e-01	1.370652307717893648e-01	6.652841666843661850e-02	2.608353586065941671e-02	6.715316339006784097e-02
9.336896512354697961e+02	2.916120288727647725e-01	1.868195275084705287e-01	2.238244515182764849e-01	1.374735541163167596e-01	6.669077647313036150e-02	2.617896915097117291e-02	6.740069235998401298e-02
9.385274214491247449e+02	2.906977977969736338e-01	1.862170243089550370e-01	2.244324345908907392e-01	1.378795360462231057e-01	6.685226464138274705e-02	2.627405584947445361e-02	6.764688676601438022e-02
9.433651916627801484e+02	2.897888387870697358e-01	1.856178887921198506e-01	2.250366476834259610e-01	1.382831901237331906e-01	6.701288614311204372e-02	2.636879596921689120e-02	6.789175250123641314e-02
9.482029618764355519e+02	2.888851212895685028e-01	1.850221020837129471e-01	2.256371158899818097e-01	1.386845298225816148e-01	6.717264590619319298e-02	2.646318954552771482e-02	6.813529546234826928e-02
9.530407320900908417e+02	2.879866149302533485e-01	1.844296454159297105e-01	2.262338641232319869e-01	1.390835685288647761e-01	6.733154881724087715e-02	2.655723663556388767e-02	6.837752154882943689e-02
9.578785023037459041e+02	2.870932895131020901e-01	1.838405001267858219e-01	2.268269171157870356e-01	1.394803195418790054e-01	6.748959972237034144e-02	2.665093731786543491e-02	6.861843666212431858e-02
9.627162725174014213e+02	2.862051150192195248e-01	1.832546476594949514e-01	2.274162994215490619e-01	1.398747960749452957e-01	6.764680342793673307e-02	2.674429169191970199e-02	6.885804670484872714e-02
9.675540427310568248e+02	2.853220616057768888e-01	1.826720695618507528e-01	2.280020354170591568e-01	1.402670112562204863e-01	6.780316470125381800e-02	2.683729987773436979e-02	6.909635758001841932e-02
9.723918129447120009e+02	2.844440996049577564e-01	1.820927474856134376e-01	2.285841493028365479e-01	1.406569781294955412e-01	6.795868827129232514e-02	2.692996201541899073e-02	6.933337519029929286e-02
9.772295831583674044e+02	2.835711995229098781e-01	1.815166631859005675e-01	2.291626651047098950e-01	1.410447096549811985e-01	6.811337882935876442e-02	2.702227826477486203e-02	6.956910543727870544e-02
9.820673533720223531e+02	2.827033320387044024e-01	1.809437985205823163e-01	2.297376066751406209e-01	1.414302187100809627e-01	6.826724102975528785e-02	2.711424880489301387e-02	6.980355422075720795e-02
9.869051235856777566e+02	2.818404680033008147e-01	1.803741354496808391e-01	2.303089976945381645e-01	1.418135180901521353e-01	6.842027949042114865e-02	2.720587383376014273e-02	7.003672743806060863e-02
9.917428937993331601e+02	2.809825784385182046e-01	1.798076560347740271e-01	2.308768616725670186e-01	1.421946205092546600e-01	6.857249879355628575e-02	2.729715356787230582e-02	7.026863098337139679e-02
9.965806640129884499e+02	2.801296345360131390e-01	1.792443424384032591e-01	2.314412219494457190e-01	1.425735386008885053e-01	6.872390348622758882e-02	2.738808824185615803e-02	7.049927074707945662e-02
1.001418434226643626e+03	2.792816076562638639e-01	1.786841769234854826e-01	2.320021016972373951e-01	1.429502849187196112e-01	6.887449808095838510e-02	2.747867810809761363e-02	7.072865261515136337e-02
1.006256204440298802e+03	2.784384693275603895e-01	1.781271418527291539e-01	2.325595239211322995e-01	1.433248719372945124e-01	6.902428705630171690e-02	2.756892343637769999e-02	7.095678246851792881e-02
1.011093974653954206e+03	2.776001912450009046e-01	1.775732196880543956e-01	2.331135114607217895e-01	1.436973120527440528e-01	6.917327485739768744e-02	2.765882451351548560e-02	7.118366618247944089e-02
1.015931744867609382e+03	2.767667452694942964e-01	1.770223929900169579e-01	2.336640869912640917e-01	1.440676175834764705e-01	6.932146589651565216e-02	2.774838164301788104e-02	7.140930962612836164e-02
1.020769515081264785e+03	2.759381034267692212e-01	1.764746444172363427e-01	2.342112730249417130e-01	1.444358007708599900e-01	6.946886455358146362e-02	2.783759514473619148e-02	7.163371866178881719e-02
1.025607285294920075e+03	2.751142379063885590e-01	1.759299567258275354e-01	2.347550919121103308e-01	1.448018737798950906e-01	6.961547517669036678e-02	2.792646535452921255e-02	7.185689914447271343e-02
1.030445055508575479e+03	2.742951210607704748e-01	1.753883127688368182e-01	2.352955658425393559e-01	1.451658486998766151e-01	6.976130208260593324e-02	2.801499262393280024e-02	7.207885692135186650e-02
1.035282825722230655e+03	2.734807254042150304e-01	1.748496954956813565e-01	2.358327168466440582e-01	1.455277375450462762e-01	6.990634955724547850e-02	2.810317731983567879e-02	7.229959783124589867e-02
1.040120595935886058e+03	2.726710236119375130e-01	1.743140879515925334e-01	2.363665667967092265e-01	1.458875522552353643e-01	7.005062185615225367e-02	2.819101982416141391e-02	7.251912770412546894e-02
1.044958366149541234e+03	2.718659885191065384e-01	1.737814732770629200e-01	2.368971374081043635e-01	1.462453046964980463e-01	7.019412320495509172e-02	2.827852053355637413e-02	7.273745236063047792e-02
1.049796136363196410e+03	2.710655931198890367e-01	1.732518347072970477e-01	2.374244502404903590e-01	1.466010066617354224e-01	7.033685779981550812e-02	2.836567985908356598e-02	7.295457761160281662e-02
1.054633906576851814e+03	2.702698105665009010e-01	1.727251555716658726e-01	2.379485266990177261e-01	1.469546698713105615e-01	7.047882980786299156e-02	2.845249822592218342e-02	7.317050925763346481e-02
1.059471676790506763e+03	2.694786141682629643e-01	1.722014192931647092e-01	2.384693880355165940e-01	1.473063059736546554e-01	7.062004336761862344e-02	2.853897607307279843e-02	7.338525308862338392e-02
1.064309447004162394e+03	2.686919773906633058e-01	1.716806093878748551e-01	2.389870553496776240e-01	1.476559265458645132e-01	7.076050258940740079e-02	2.862511385306800230e-02	7.359881488335806576e-02
1.069147217217817570e+03	2.679098738544251068e-01	1.711627094644286307e-01	2.395015495902251823e-01	1.480035430942914509e-01	7.090021155575976231e-02	2.871091203168841741e-02	7.381120040909519564e-02
1.073984987431472746e+03	2.671322773345802815e-01	1.706477032234781643e-01	2.400128915560814924e-01	1.483491670551220498e-01	7.103917432180244240e-02	2.879637108768395501e-02	7.402241542116537454e-02
1.078822757645127922e+03	2.663591617595485461e-01	1.701355744571673156e-01	2.405211018975226822e-01	1.486928097949505589e-01	7.117739491563902787e-02	2.888149151250020766e-02	7.423246566258535906e-02
1.083660527858783553e+03	2.655905012102225404e-01	1.696263070486074553e-01	2.410262011173261720e-01	1.490344826113434717e-01	7.131487733872068913e-02	2.896627381000984464e-02	7.444135686368351379e-02
1.088498298072438729e+03	2.648262699190582770e-01	1.691198849713561048e-01	2.415282095719097077e-01	1.493741967333961085e-01	7.145162556620714145e-02	2.905071849624891664e-02	7.464909474173744841e-02
1.093336068286093905e+03	2.640664422691710311e-01	1.686162922888994053e-01	2.420271474724620120e-01	1.497119633222817325e-01	7.158764354731833590e-02	2.913482609915796218e-02	7.485568500062315944e-02
1.098173838499749309e+03	2.633109927934373373e-01	1.681155131541376968e-01	2.425230348860650809e-01	1.500477934717929507e-01	7.172293520567703251e-02	2.921859715832782894e-02	7.506113333047567671e-02
1.103011608713404712e+03	2.625598961736017034e-01	1.676175318088745925e-01	2.430158917368079596e-01	1.503816982088758969e-01	7.185750443964256107e-02	2.930203222475005406e-02	7.526544540736082589e-02
1.107849378927059888e+03	2.618131272393894315e-01	1.671223325833089413e-01	2.435057378068922473e-01	1.507136884941571164e-01	7.199135512263606096e-02	2.938513186057178928e-02	7.546862689295787130e-02
1.112687149140715292e+03	2.610706609676248235e-01	1.666298998955305366e-01	2.439925927377293857e-01	1.510437752224634556e-01	7.212449110345750536e-02	2.946789663885508725e-02	7.567068343425274735e-02
1.117524919354370468e+03	2.603324724813541047e-01	1.661402182510184899e-01	2.444764760310293161e-01	1.513719692233349845e-01	7.225691620659459302e-02	2.955032714334052818e-02	7.587162066324151799e-02
1.122362689568025871e+03	2.595985370489748423e-01	1.656532722421433235e-01	2.449574070498812817e-01	1.516982812615310650e-01	7.238863423252392404e-02	2.963242396821504782e-02	7.607144419664411961e-02
1.127200459781681047e+03	2.588688300833694722e-01	1.651690465476718106e-01	2.454354050198261084e-01	1.520227220375298394e-01	7.251964895800463995e-02	2.971418771788390464e-02	7.627015963562777667e-02
1.132038229995336451e+03	2.581433271410454311e-01	1.646875259322750640e-01	2.459104890299203539e-01	1.523453021880213365e-01	7.264996413636472250e-02	2.979561900674668196e-02	7.646777256554002089e-02
1.136876000208991627e+03	2.574220039212791189e-01	1.642086952460398708e-01	2.463826780337921574e-01	1.526660322863938046e-01	7.277958349778018698e-02	2.987671845897727288e-02	7.666428855565116107e-02
1.141713770422646803e+03	2.567048362652665228e-01	1.637325394239828036e-01	2.468519908506892069e-01	1.529849228432141606e-01	7.290851074954737832e-02	2.995748670830770954e-02	7.685971315890581523e-02
1.146551540636302207e+03	2.559918001552777822e-01	1.632590434855675232e-01	2.473184461665182410e-01	1.533019843067021382e-01	7.303674957634870291e-02	3.003792439781581558e-02	7.705405191168329671e-02
1.151389310849957155e+03	2.552828717138181380e-01	1.627881925342252178e-01	2.477820625348767514e-01	1.536172270631983028e-01	7.316430364051171309e-02	3.011803217971658481e-02	7.724731033356679877e-02
1.156227081063612786e+03	2.545780272027927116e-01	1.623199717568777345e-01	2.482428583780764975e-01	1.539306614376264315e-01	7.329117658226205756e-02	3.019781071515717161e-02	7.743949392712089208e-02
1.161064851277267962e+03	2.538772430226775012e-01	1.618543664234639301e-01	2.487008519881589996e-01	1.542422976939498425e-01	7.341737201997029783e-02	3.027726067401548607e-02	7.763060817767744592e-02
1.165902621490923138e+03	2.531804957116949861e-01	1.613913618864687149e-01	2.491560615279031221e-01	1.545521460356221177e-01	7.354289355039278497e-02	3.035638273470227244e-02	7.782065855312950142e-02
