2.080241191871772060e+02	5.060535951788601716e-01	3.336093523156323237e-01	7.048713911098593299e-02	3.970137895370712267e-02	2.801266681130569133e-02	8.732664267664358784e-03	1.340320336176128481e-02
2.128618894008324673e+02	5.041131870995751996e-01	3.319803458088698700e-01	7.208583372152499447e-02	4.067906265661279386e-02	2.841303859551254710e-02	8.853004007115162013e-03	1.387552811070628771e-02
2.176996596144877287e+02	5.021702580018980733e-01	3.303730006395146912e-01	7.367432244542460040e-02	4.165123686391018765e-02	2.881053745950602069e-02	8.973818703656290946e-03	1.434682588600687085e-02
2.225374298281430470e+02	5.002258114290339952e-01	3.287863015227390773e-01	7.525263436626514202e-02	4.261791039658566205e-02	2.920518727775071183e-02	9.095087509913330273e-03	1.481706749762891351e-02
2.273752000417983652e+02	4.982807734458105653e-01	3.272193034931447642e-01	7.682080163158316877e-02	4.357909397298545540e-02	2.959701243644072624e-02	9.216790077681755872e-03	1.528622494227041551e-02
2.322129702554535982e+02	4.963359982810582327e-01	3.256711268297249329e-01	7.837885919592149642e-02	4.453480005117783913e-02	2.998603774931703214e-02	9.338906544362240297e-03	1.575427134835510889e-02
2.370507404691088880e+02	4.943922735609765362e-01	3.241409523483982369e-01	7.992684458248182355e-02	4.548504268295360670e-02	3.037228838081417609e-02	9.461417519879191523e-03	1.622118092441332537e-02
2.418885106827641494e+02	4.924503251631253131e-01	3.226280170354836052e-01	8.146479766204349493e-02	4.642983737861861027e-02	3.075578977597145935e-02	9.584304074059562389e-03	1.668692891061487882e-02
2.467262808964194392e+02	4.905108217185299435e-01	3.211316099974135252e-01	8.299276044790858398e-02	4.736920098179345923e-02	3.113656759658546894e-02	9.707547724450394169e-03	1.715149153323554734e-02
2.515640511100747290e+02	4.885743787873977895e-01	3.196510687037751319e-01	8.451077690572258994e-02	4.830315155349239331e-02	3.151464766311977417e-02	9.831130424554735542e-03	1.761484596185446116e-02
2.564018213237300188e+02	4.866415627320972992e-01	3.181857755024256607e-01	8.601889277710333959e-02	4.923170826480605805e-02	3.189005590192351552e-02	9.955034552466813375e-03	1.807697026909424465e-02
2.612395915373852517e+02	4.847128943093347297e-01	3.167351543869716957e-01	8.751715541608699744e-02	5.015489129756202369e-02	3.226281829734389817e-02	1.007924289988840726e-02	1.853784339272912876e-02
2.660773617510405415e+02	4.827888520018778218e-01	3.152986679983274532e-01	8.900561363747236387e-02	5.107272175238219969e-02	3.263296084834874794e-02	1.020373866150939626e-02	1.899744509999891015e-02
2.709151319646958882e+02	4.808698751086970535e-01	3.138758148433934414e-01	9.048431757620979676e-02	5.198522156359845769e-02	3.300050952930361214e-02	1.032850542473641962e-02	1.945575595397810303e-02
2.757529021783511780e+02	4.789563666110319695e-01	3.124661267151249144e-01	9.195331855704352852e-02	5.289241342052687644e-02	3.336549025457465067e-02	1.045352715975448286e-02	1.991275728186047214e-02
2.805906723920064678e+02	4.770486958306181524e-01	3.110691662993997908e-01	9.341266897367231370e-02	5.379432069463720156e-02	3.372792884665315460e-02	1.057878820990719795e-02	2.036843114502908877e-02
2.854284426056617008e+02	4.751472008951358461e-01	3.096845249551529733e-01	9.486242217674667465e-02	5.469096737218779453e-02	3.408785100752018127e-02	1.070427328238209713e-02	2.082276031079132589e-02
2.902662128193169337e+02	4.732521910248501662e-01	3.083118206552229457e-01	9.630263237007012644e-02	5.558237799192747297e-02	3.444528229299109040e-02	1.082996743918822162e-02	2.127572822566679497e-02
2.951039830329722804e+02	4.713639486533992007e-01	3.069506960762687919e-01	9.773335451441680921e-02	5.646857758749464218e-02	3.480024808979920864e-02	1.095585608841388031e-02	2.172731899012421072e-02
2.999417532466276270e+02	4.694827313947484426e-01	3.056008168269569447e-01	9.915464423842074160e-02	5.734959163417084615e-02	3.515277359519607125e-02	1.108192497575308418e-02	2.217751733467058020e-02
3.047795234602828600e+02	4.676087738674596372e-01	3.042618698044005088e-01	1.005665577560305862e-01	5.822544599967075657e-02	3.550288379886237800e-02	1.120816017628982475e-02	2.262630859720292029e-02
3.096172936739380930e+02	4.657422893866131619e-01	3.029335616695603695e-01	1.019691517900607192e-01	5.909616689867381450e-02	3.585060346693957206e-02	1.133454808652985431e-02	2.307367870153918116e-02
3.144550638875934396e+02	4.638834715329747116e-01	3.016156174329884254e-01	1.033624835014023968e-01	5.996178085082396608e-02	3.619595712800610654e-02	1.146107541667024284e-02	2.351961413705084408e-02
3.192928341012487294e+02	4.620324956083022294e-01	3.003077791429210053e-01	1.047466104234908713e-01	6.082231464194393783e-02	3.653896906083602819e-02	1.158772918309741023e-02	2.396410193932524760e-02
3.241306043149040192e+02	4.601895199850437601e-01	2.990098046683060118e-01	1.061215904016528100e-01	6.167779528822880247e-02	3.687966328378974867e-02	1.171449670110485605e-02	2.440712967179072684e-02
3.289683745285592522e+02	4.583546873580801595e-01	2.977214665698872942e-01	1.074874815369854242e-01	6.252825000320073878e-02	3.721806354569841963e-02	1.184136557782222016e-02	2.484868540824237276e-02
3.338061447422145420e+02	4.565281259056103713e-01	2.964425510529672958e-01	1.088443421344440359e-01	6.337370616722269590e-02	3.755419331811387512e-02	1.196832370534772587e-02	2.528875771621064833e-02
3.386439149558698318e+02	4.547099503657645037e-01	2.951728569959299886e-01	1.101922306548373809e-01	6.421419129938329973e-02	3.788807578880597909e-02	1.209535925407644215e-02	2.572733564111909926e-02
3.434816851695251216e+02	4.529002630350515424e-01	2.939121950490371504e-01	1.115312056704521326e-01	6.504973303157919606e-02	3.821973385639829135e-02	1.222246066621720043e-02	2.616440869118122001e-02
3.483194553831804114e+02	4.510991546943069475e-01	2.926603867984062801e-01	1.128613258240476203e-01	6.588035908463323043e-02	3.854919012604134804e-02	1.234961664949127923e-02	2.659996682299001908e-02
3.531572255968357013e+02	4.493067054673936522e-01	2.914172639904491491e-01	1.141826497909805560e-01	6.670609724629920911e-02	3.887646690603074190e-02	1.247681617100636874e-02	2.703400042775708223e-02
3.579949958104909342e+02	4.475229856175304555e-01	2.901826678123906600e-01	1.154952362442365210e-01	6.752697535101416515e-02	3.920158620528438331e-02	1.260404845129956507e-02	2.746650031816092602e-02
3.628327660241463377e+02	4.457480562857687456e-01	2.889564482248063726e-01	1.167991438221611666e-01	6.834302126126975963e-02	3.952456973159988035e-02	1.273130295854348407e-02	2.789745771576729316e-02
3.676705362378016275e+02	4.439819701758093151e-01	2.877384633424097116e-01	1.180944310986987156e-01	6.915426285048326127e-02	3.984543889061939459e-02	1.285856940290982554e-02	2.832686423898654257e-02
3.725083064514568036e+02	4.422247721890493199e-01	2.865285788595949290e-01	1.193811565559592114e-01	6.996072798725769259e-02	4.016421478543483192e-02	1.298583773108498429e-02	2.875471189153581963e-02
3.773460766651120935e+02	4.404765000134666098e-01	2.853266675174930822e-01	1.206593785589485796e-01	7.076244452092851633e-02	4.048091821677163304e-02	1.311309812093253147e-02	2.918099305137582603e-02
3.821838468787673833e+02	4.387371846696865862e-01	2.841326086095348202e-01	1.219291553323076510e-01	7.155944026830160509e-02	4.079556968369438957e-02	1.324034097629765011e-02	2.960570046009413162e-02
3.870216170924226162e+02	4.370068510173354959e-01	2.829462875227303220e-01	1.231905449389169294e-01	7.235174300149453674e-02	4.110818938478184859e-02	1.336755692194878907e-02	3.002882721270891397e-02
3.918593873060780197e+02	4.352855182245595200e-01	2.817675953120795662e-01	1.244436052602344717e-01	7.313938043679922563e-02	4.141879721972326067e-02	1.349473679865200761e-02	3.045036674786878381e-02
3.966971575197332527e+02	4.335732002033780841e-01	2.805964283057136299e-01	1.256883939782433290e-01	7.392238022449022783e-02	4.172741279129183606e-02	1.362187165837371039e-02	3.087031283842600268e-02
4.015349277333884856e+02	4.318699060133491807e-01	2.794326877385411856e-01	1.269249685588940413e-01	7.470076993950829081e-02	4.203405540765459830e-02	1.374895275960758868e-02	3.128865958236196759e-02
4.063726979470438323e+02	4.301756402358433706e-01	2.782762794123350147e-01	1.281533862369359511e-01	7.547457707295407436e-02	4.233874408498133207e-02	1.387597156282185072e-02	3.170540139404529056e-02
4.112104681606991221e+02	4.284904033210570895e-01	2.771271133803449027e-01	1.293737040020380702e-01	7.624382902433156362e-02	4.264149755031833994e-02	1.400291972602286591e-02	3.212053299580405058e-02
4.160482383743544119e+02	4.268141919097412917e-01	2.759851036546599468e-01	1.305859785861081812e-01	7.700855309448514929e-02	4.294233424469554722e-02	1.412978910043161639e-02	3.253404940979516546e-02
4.208860085880095880e+02	4.251469991314790198e-01	2.748501679346728177e-01	1.317902664517242584e-01	7.776877647917841696e-02	4.324127232643820012e-02	1.425657172626942741e-02	3.294594595015479244e-02
4.257237788016648778e+02	4.234888148812116504e-01	2.737222273551179197e-01	1.329866237815995333e-01	7.852452626326661411e-02	4.353832967465662979e-02	1.438325982864960099e-02	3.335621821541495668e-02
4.305615490153201677e+02	4.218396260755910010e-01	2.726012062522665258e-01	1.341751064690071826e-01	7.927582941541795603e-02	4.383352389289004586e-02	1.450984581357174161e-02	3.376486208117242954e-02
4.353993192289755143e+02	4.201994168906201810e-01	2.714870319469629978e-01	1.353557701090964127e-01	8.002271278334259497e-02	4.412687231288213441e-02	1.463632226401562729e-02	3.417187369299684585e-02
4.402370894426308041e+02	4.185681689819395479e-01	2.703796345432843418e-01	1.365286699910362445e-01	8.076520308949076965e-02	4.441839199846834424e-02	1.476268193613164935e-02	3.457724945956587581e-02
4.450748596562860939e+02	4.169458616890164837e-01	2.692789467416901172e-01	1.376938610909279603e-01	8.150332692718463556e-02	4.470809974955636257e-02	1.488891775552494967e-02	3.498098604601622419e-02
4.499126298699413837e+02	4.153324722244063905e-01	2.681849036656149265e-01	1.388513980654314250e-01	8.223711075715083030e-02	4.499601210618302261e-02	1.501502281363046622e-02	3.538308036749970159e-02
4.547504000835967304e+02	4.137279758491672621e-01	2.670974427005294305e-01	1.400013352460539040e-01	8.296658090442317335e-02	4.528214535263221791e-02	1.514099036417622737e-02	3.578352958293451458e-02
4.595881702972519065e+02	4.121323460354321400e-01	2.660165033445681115e-01	1.411437266340545005e-01	8.369176355558727298e-02	4.556651552159996649e-02	1.526681381973232256e-02	3.618233108894245570e-02
4.644259405109071963e+02	4.105455546170707626e-01	2.649420270698852886e-01	1.422786258959195249e-01	8.441268475634078339e-02	4.584913839839396821e-02	1.539248674834306496e-02	3.657948251396329203e-02
4.692637107245624861e+02	4.089675719293049960e-01	2.638739571939640594e-01	1.434060863593683843e-01	8.512937040934499822e-02	4.613002952515608823e-02	1.551800287023996812e-02	3.697498171253824073e-02
4.741014809382177759e+02	4.073983669380780159e-01	2.628122387601568022e-01	1.445261610098513005e-01	8.584184627234518750e-02	4.640920420509738603e-02	1.564335605463321871e-02	3.736882675975485707e-02
4.789392511518730657e+02	4.058379073599220344e-01	2.617568184267897724e-01	1.456389024875041349e-01	8.655013795653893061e-02	4.668667750673628769e-02	1.576854031657943037e-02	3.776101594584615334e-02
4.837770213655284124e+02	4.042861597730133538e-01	2.607076443642114549e-01	1.467443630845265967e-01	8.725427092517307193e-02	4.696246426813140834e-02	1.589354981392352914e-02	3.815154777093733574e-02
4.886147915791837022e+02	4.027430897200534043e-01	2.596646661592103555e-01	1.478425947429539977e-01	8.795427049235124417e-02	4.723657910110132946e-02	1.601837884431270287e-02	3.854042093993374080e-02
4.934525617928388783e+02	4.012086618035703434e-01	2.586278347262683797e-01	1.489336490527935208e-01	8.865016182203554196e-02	4.750903639542448931e-02	1.614302184228039519e-02	3.892763435754408724e-02
4.982903320064942250e+02	3.996828397741901129e-01	2.575971022251559717e-01	1.500175772504986904e-01	8.934196992722695518e-02	4.777985032301299700e-02	1.626747337639845165e-02	3.931318712343354754e-02
5.031281022201495148e+02	3.981655866123878784e-01	2.565724219844094933e-01	1.510944302177574528e-01	9.002971966931012926e-02	4.804903484205491626e-02	1.639172814649549406e-02	3.969707852750131716e-02
5.079658724338048046e+02	3.966568646041929158e-01	2.555537484302657369e-01	1.521642584805709686e-01	9.071343575754950428e-02	4.831660370112000891e-02	1.651578098093974337e-02	4.007930804527780333e-02
5.128036426474600376e+02	3.951566354112856505e-01	2.545410370206587225e-01	1.532271122086017456e-01	9.139314274872446797e-02	4.858257044322472629e-02	1.663962683398456308e-02	4.045987533343678444e-02
5.176414128611153274e+02	3.936648601358946342e-01	2.535342441839127936e-01	1.542830412147713492e-01	9.206886504689222595e-02	4.884694840985247255e-02	1.676326078317500606e-02	4.083878022541823777e-02
5.224791830747705035e+02	3.921814993808704353e-01	2.525333272617920621e-01	1.553320949550890950e-01	9.274062690326798086e-02	4.910975074492586467e-02	1.688667802681370275e-02	4.121602272715760990e-02
5.273169532884259070e+02	3.907065133052873285e-01	2.515382444565916753e-01	1.563743225286948479e-01	9.340845241621260897e-02	4.937099039872799161e-02	1.700987388148459886e-02	4.159160301291774109e-02
5.321547235020811968e+02	3.892398616758969143e-01	2.505489547819784724e-01	1.574097726780995521e-01	9.407236553131909096e-02	4.963068013177010518e-02	1.713284377963287738e-02	4.196552142121975915e-02
5.369924937157364866e+02	3.877815039147360920e-01	2.495654180173098868e-01	1.584384937896090861e-01	9.473239004158899579e-02	4.988883251860357082e-02	1.725558326719970823e-02	4.233777845086944547e-02
5.418302639293917764e+02	3.863313991431676087e-01	2.485875946651797952e-01	1.594605338939172612e-01	9.538854958769173165e-02	5.014545995157417002e-02	1.737808800131030937e-02	4.270837475707584679e-02
5.466680341430470662e+02	3.848895062226135311e-01	2.476154459119584428e-01	1.604759406668553323e-01	9.604086765829922268e-02	5.040057464451726948e-02	1.750035374801392832e-02	4.307731114765898928e-02
5.515058043567023560e+02	3.834557837922215606e-01	2.466489335911095648e-01	1.614847614302856171e-01	9.668936759048941953e-02	5.065418863639235825e-02	1.762237638007444623e-02	4.344458857934380136e-02
5.563435745703576458e+02	3.820301903036870117e-01	2.456880201490845017e-01	1.624870431531287296e-01	9.733407257021273185e-02	5.090631379485616170e-02	1.774415187481022393e-02	4.381020815413746300e-02
5.611813447840129356e+02	3.806126840534380107e-01	2.447326686136070406e-01	1.634828324525135212e-01	9.797500563281551222e-02	5.115696181977322926e-02	1.786567631198197545e-02	4.417417111578752359e-02
5.660191149976681118e+02	3.792032232123752067e-01	2.437828425641765939e-01	1.644721755950402098e-01	9.861218966361556815e-02	5.140614424666363480e-02	1.798694587172740972e-02	4.453647884631825593e-02
5.708568852113234016e+02	3.778017658533437406e-01	2.428385061046290372e-01	1.654551184981476741e-01	9.924564739852483053e-02	5.165387245008710992e-02	1.810795683254145388e-02	4.489713286264299108e-02
5.756946554249786914e+02	3.764082699765035622e-01	2.418996238376074359e-01	1.664317067315767285e-01	9.987540142471466875e-02	5.190015764696356143e-02	1.822870556930089245e-02	4.525613481325000548e-02
5.805324256386339812e+02	3.750226935327499733e-01	2.409661608408041611e-01	1.674019855189211037e-01	1.005014741813197721e-01	5.214501089982963994e-02	1.834918855133232246e-02	4.561348647495995501e-02
5.853701958522892710e+02	3.736449944453268390e-01	2.400380826448471616e-01	1.683659997392594476e-01	1.011238879601769197e-01	5.238844312003159559e-02	1.846940234052229027e-02	4.596918974975272576e-02
5.902079660659445608e+02	3.722751306297646945e-01	2.391153552127114612e-01	1.693237939288611826e-01	1.017426649065948790e-01	5.263046507085440001e-02	1.858934358946855853e-02	4.632324666166173083e-02
5.950457362795999643e+02	3.709130600122653165e-01	2.381979449205463562e-01	1.702754122829599204e-01	1.023578270201524337e-01	5.287108737058748148e-02	1.870900903967155290e-02	4.667565935373388375e-02
5.998835064932552541e+02	3.695587405466456699e-01	2.372858185398155906e-01	1.712208986575886882e-01	1.029693961555213644e-01	5.311032049552742024e-02	1.882839551976484005e-02	4.702643008505337507e-02
6.047212767069104302e+02	3.682121302299474208e-01	2.363789432206567787e-01	1.721602965714714439e-01	1.035773940233118001e-01	5.334817478291804804e-02	1.894749994378381458e-02	4.737556122782761447e-02
6.095590469205657200e+02	3.668731871168083858e-01	2.354772864763717000e-01	1.730936492079659661e-01	1.041818421909371933e-01	5.358466043382843075e-02	1.906631930947156120e-02	4.772305526453363145e-02
6.143968171342210098e+02	3.655418693326872859e-01	2.345808161689661719e-01	1.740209994170528740e-01	1.047827620834966694e-01	5.381978751596944166e-02	1.918485069662099335e-02	4.806891478512346355e-02
6.192345873478761860e+02	3.642181350860242972e-01	2.336895004956641708e-01	1.749423897173668085e-01	1.053801749846726837e-01	5.405356596644951550e-02	1.930309126545241144e-02	4.841314248428702643e-02
6.240723575615315895e+02	3.629019426794167225e-01	2.328033079763260627e-01	1.758578622982655271e-01	1.059741020376417514e-01	5.428600559447030460e-02	1.942103825502557168e-02	4.875574115877093218e-02
6.289101277751868793e+02	3.615932505198810043e-01	2.319222074417056911e-01	1.767674590219330821e-01	1.065645642459966402e-01	5.451711608396299369e-02	1.953868898168544324e-02	4.909671370475205548e-02
6.337478979888421691e+02	3.602920171282674722e-01	2.310461680224865921e-01	1.776712214255132816e-01	1.071515824746782086e-01	5.474690699616620304e-02	1.965604083754084186e-02	4.943606311526432817e-02
6.385856682024975726e+02	3.589982011478914381e-01	2.301751591390408802e-01	1.785691907232703768e-01	1.077351774509153204e-01	5.497538777214607680e-02	1.977309128897514201e-02	4.977379247767767939e-02
6.434234384161527487e+02	3.577117613524364304e-01	2.293091504918593482e-01	1.794614078087737596e-01	1.083153697651715180e-01	5.520256773525974298e-02	1.988983787518826957e-02	5.010990497122775472e-02
6.482612086298080385e+02	3.564326566531840768e-01	2.284481120526043463e-01	1.803479132571038646e-01	1.088921798720969975e-01	5.542845609356281122e-02	2.000627820676928459e-02	5.044440386459532466e-02
6.530989788434633283e+02	3.551608461056197652e-01	2.275920140557410598e-01	1.812287473270763061e-01	1.094656280914847457e-01	5.565306194216192853e-02	2.012240996429873197e-02	5.077729251353424456e-02
6.579367490571185044e+02	3.538962889154593783e-01	2.267408269907054685e-01	1.821039499634819758e-01	1.100357346092297600e-01	5.587639426551334332e-02	2.023823089698013541e-02	5.110857435854675168e-02
6.627745192707737942e+02	3.526389444441412335e-01	2.258945215945710461e-01	1.829735607993407676e-01	1.106025194782902232e-01	5.609846193966840089e-02	2.035373882129989584e-02	5.143825292260526677e-02
6.676122894844290840e+02	3.513887722138208658e-01	2.250530688451781447e-01	1.838376191581665986e-01	1.111660026196498452e-01	5.631927373446696944e-02	2.046893161971491404e-02	5.176633180891941632e-02
6.724500596980843738e+02	3.501457319119065104e-01	2.242164399546932863e-01	1.846961640562418960e-01	1.117262038232804122e-01	5.653883831567977497e-02	2.058380723936733755e-02	5.209281469874754711e-02
6.772878299117396637e+02	3.489097833951686489e-01	2.233846063635673285e-01	1.855492342048992160e-01	1.122831427491037537e-01	5.675716424710059577e-02	2.069836369082569960e-02	5.241770534925158098e-02
6.821256001253949535e+02	3.476808866934552045e-01	2.225575397348645290e-01	1.863968680128089694e-01	1.128368389279524320e-01	5.697425999258932255e-02	2.081259904685193313e-02	5.274100759139437739e-02
6.869633703390502433e+02	3.464590020130421943e-01	2.217352119489358342e-01	1.872391035882709220e-01	1.133873117625286697e-01	5.719013391806687663e-02	2.092651144119358000e-02	5.306272532787868063e-02
6.918011405527055331e+02	3.452440897396455988e-01	2.209175950984120229e-01	1.880759787415081374e-01	1.139345805283605573e-01	5.740479429346295737e-02	2.104009906740065411e-02	5.338286253112684010e-02
6.966389107663608229e+02	3.440361104411209237e-01	2.201046614834937520e-01	1.889075309869622243e-01	1.144786643747553595e-01	5.761824929461761141e-02	2.115336017766653379e-02	5.370142324130035283e-02
7.014766809800161127e+02	3.428350248698727731e-01	2.192963836075179362e-01	1.897337975455882508e-01	1.150195823257492422e-01	5.783050700513758108e-02	2.126629308169238758e-02	5.401841156435852748e-02
7.063144511936714025e+02	3.416407939649970249e-01	2.184927341727802841e-01	1.905548153471481876e-01	1.155573532810529186e-01	5.804157541820842425e-02	2.137889614557452952e-02	5.433383167015538168e-02
7.111522214073266923e+02	3.404533788541740935e-01	2.176936860765963100e-01	1.913706210325016865e-01	1.160919960169930348e-01	5.825146243836334253e-02	2.149116779071424954e-02	5.464768779057410653e-02
7.159899916209819821e+02	3.392727408553334878e-01	2.168992124075838912e-01	1.921812509558933069e-01	1.166235291874487545e-01	5.846017588320967517e-02	2.160310649274951172e-02	5.495998421769818926e-02
7.208277618346371582e+02	3.380988414781060936e-01	2.161092864421517712e-01	1.929867411872349947e-01	1.171519713247831662e-01	5.866772348511404417e-02	2.171471078050809037e-02	5.527072530201868061e-02
7.256655320482924481e+02	3.369316424250801134e-01	2.153238816411791046e-01	1.937871275143828176e-01	1.176773408407694177e-01	5.887411289284700394e-02	2.182597923498161632e-02	5.557991545067667710e-02
7.305033022619478515e+02	3.357711055928754296e-01	2.145429716468736370e-01	1.945824454454076480e-01	1.181996560275111463e-01	5.907935167318819486e-02	2.193691048832010354e-02	5.588755912574051160e-02
7.353410724756030277e+02	3.346171930730506006e-01	2.137665302797946976e-01	1.953727302108582975e-01	1.187189350583570391e-01	5.928344731249283323e-02	2.204750322284641101e-02	5.619366084251681270e-02
7.401788426892584312e+02	3.334698671528544267e-01	2.129945315360305680e-01	1.961580167660167962e-01	1.192351959888092311e-01	5.948640721822048838e-02	2.215775617009027934e-02	5.649822516789493321e-02
7.450166129029136073e+02	3.323290903158349630e-01	2.122269495845189313e-01	1.969383397931448176e-01	1.197484567574255143e-01	5.968823872042702816e-02	2.226766810984143197e-02	5.680125671872399834e-02
7.498543831165690108e+02	3.311948252423158046e-01	2.114637587645006034e-01	1.977137337037213616e-01	1.202587351867149823e-01	5.988894907322052374e-02	2.237723786922134889e-02	5.710276016022201861e-02
7.546921533302243006e+02	3.300670348097505813e-01	2.107049335830971371e-01	1.984842326406699720e-01	1.207660489840271523e-01	6.008854545618212001e-02	2.248646432177328972e-02	5.740274020441635955e-02
7.595299235438793630e+02	3.289456820929645975e-01	2.099504487130039454e-01	1.992498704805759357e-01	1.212704157424343426e-01	6.028703497575248205e-02	2.259534638657014621e-02	5.770120160861511721e-02
7.643676937575347665e+02	3.278307303642927217e-01	2.092002789902909221e-01	2.000106808358924348e-01	1.217718529416071949e-01	6.048442466658489336e-02	2.270388302733971145e-02	5.799814917390869184e-02
7.692054639711900563e+02	3.267221430936210758e-01	2.084543994123031485e-01	2.007666970571353737e-01	1.222703779486832842e-01	6.068072149286562328e-02	2.281207325160703597e-02	5.829358774370107382e-02
7.740432341848452324e+02	3.256198839483407381e-01	2.077127851356546095e-01	2.015179522350664665e-01	1.227660080191287084e-01	6.087593234960243793e-02	2.291991610985344777e-02	5.858752220227021051e-02
7.788810043985006359e+02	3.245239167932199575e-01	2.069754114743090900e-01	2.022644792028640559e-01	1.232587602975926400e-01	6.107006406388203884e-02	2.302741069469185081e-02	5.887995747335701691e-02
7.837187746121558121e+02	3.234342056902009266e-01	2.062422538977418673e-01	2.030063105382816646e-01	1.237486518187547319e-01	6.126312339609714386e-02	2.313455614005799008e-02	5.917089851878237772e-02
7.885565448258112156e+02	3.223507148981281101e-01	2.055132880291768438e-01	2.037434785657933345e-01	1.242356995081653065e-01	6.145511704114402229e-02	2.324135162041731165e-02	5.946035033709172468e-02
7.933943150394665054e+02	3.212734088724130133e-01	2.047884896438942337e-01	2.044760153587260876e-01	1.247199201830784393e-01	6.164605162959113649e-02	2.334779634998708497e-02	5.974831796222662000e-02
7.982320852531219089e+02	3.202022522646401081e-01	2.040678346676037813e-01	2.052039527413789255e-01	1.252013305532778398e-01	6.183593372881968780e-02	2.345388958197341250e-02	6.003480646222286721e-02
8.030698554667769713e+02	3.191372099221196912e-01	2.033512991748792909e-01	2.059273222911280621e-01	1.256799472218953218e-01	6.202476984413669153e-02	2.355963060782286650e-02	6.031982093793469835e-02
8.079076256804323748e+02	3.180782468873912805e-01	2.026388593876505551e-01	2.066461553405183338e-01	1.261557866862222654e-01	6.221256641986135788e-02	2.366501875648838876e-02	6.060336652178446165e-02
8.127453958940876646e+02	3.170253283976818270e-01	2.019304916737485189e-01	2.073604829793405102e-01	1.266288653385137519e-01	6.239932984038533414e-02	2.377005339370916528e-02	6.088544837653749736e-02
8.175831661077428407e+02	3.159784198843229586e-01	2.012261725455004868e-01	2.080703360566943660e-01	1.270991994667854397e-01	6.258506643120757829e-02	2.387473392130417399e-02	6.116607169410155642e-02
8.224209363213982442e+02	3.149374869721299763e-01	2.005258786583721808e-01	2.087757451830370981e-01	1.275668052556032661e-01	6.276978245994442596e-02	2.397905977647909678e-02	6.144524169435049837e-02
8.272587065350534203e+02	3.139024954787463240e-01	1.998295868096531536e-01	2.094767407322175312e-01	1.280316987868659884e-01	6.295348413731552406e-02	2.408303043114632530e-02	6.172296362397168557e-02
8.320964767487085965e+02	3.128734114139567479e-01	1.991372739371832790e-01	2.101733528434951703e-01	1.284938960405805908e-01	6.313617761810617901e-02	2.418664539125776544e-02	6.199924275533674062e-02
8.369342469623640000e+02	3.118502009789714258e-01	1.984489171181175737e-01	2.108656114235447632e-01	1.289534128956304759e-01	6.331786900210686908e-02	2.428990419615019783e-02	6.227408438539519531e-02
8.417720171760191761e+02	3.108328305656837820e-01	1.977644935677266569e-01	2.115535461484456814e-01	1.294102651305365781e-01	6.349856433503026087e-02	2.439280641790287502e-02	6.254749383459060064e-02
8.466097873896745796e+02	3.098212667559047673e-01	1.970839806382310710e-01	2.122371864656565077e-01	1.298644684242115932e-01	6.367826960940656256e-02	2.449535166070715766e-02	6.281947644579879975e-02
8.514475576033297557e+02	3.088154763205753772e-01	1.964073558176668011e-01	2.129165615959742464e-01	1.303160383567068814e-01	6.385699076545751918e-02	2.459753956024788440e-02	6.309003758328775302e-02
8.562853278169851592e+02	3.078154262189595203e-01	1.957345967287806576e-01	2.135917005354786569e-01	1.307649904099527360e-01	6.403473369194988274e-02	2.469936978309624637e-02	6.335918263169877662e-02
8.611230980306403353e+02	3.068210835978192885e-01	1.950656811279532776e-01	2.142626320574612109e-01	1.312113399684914361e-01	6.421150422702859295e-02	2.480084202611394437e-02	6.362691699504870180e-02
8.659608682442956251e+02	3.058324157905745744e-01	1.944005869041482704e-01	2.149293847143387282e-01	1.316551023202038040e-01	6.438730815903037641e-02	2.490195601586836158e-02	6.389324609575242064e-02
8.707986384579510286e+02	3.048493903164475327e-01	1.937392920778858996e-01	2.155919868395520522e-01	1.320962926570284912e-01	6.456215122727819444e-02	2.500271150805852965e-02	6.415817537366576284e-02
8.756364086716062047e+02	3.038719748795956632e-01	1.930817748002399692e-01	2.162504665494490996e-01	1.325349260756748249e-01	6.473603912285708084e-02	2.510310828695169055e-02	6.442171028514812048e-02
8.804741788852616082e+02	3.029001373682321807e-01	1.924280133518561642e-01	2.169048517451527824e-01	1.329710175783288817e-01	6.490897748937174416e-02	2.520314616483017994e-02	6.468385630214447402e-02
8.853119490989170117e+02	3.019338458537370040e-01	1.917779861419914300e-01	2.175551701144134986e-01	1.334045820733528176e-01	6.508097192368660078e-02	2.530282498144848999e-02	6.494461891128658348e-02
8.901497193125721878e+02	3.009730685897584745e-01	1.911316717075721150e-01	2.182014491334464956e-01	1.338356343759777856e-01	6.525202797664846066e-02	2.540214460350020617e-02	6.520400361301288694e-02
8.949874895262273640e+02	3.000177740113076919e-01	1.904890487122707921e-01	2.188437160687538019e-01	1.342641892089900812e-01	6.542215115379242107e-02	2.550110492409474183e-02	6.546201592070685638e-02
8.998252597398827675e+02	2.990679307338455772e-01	1.898500959456002890e-01	2.194819979789308373e-01	1.346902612034110991e-01	6.559134691603156486e-02	2.559970586224354083e-02	6.571866135985349189e-02
9.046630299535379436e+02	2.981235075523643308e-01	1.892147923220238726e-01	2.201163217164580632e-01	1.351138648991706270e-01	6.575962068033047725e-02	2.569794736235563384e-02	6.597394546721341291e-02
9.095008001671932334e+02	2.971844734404640032e-01	1.885831168800810587e-01	2.207467139294770342e-01	1.355350147457739796e-01	6.592697782036341381e-02	2.579582939374234010e-02	6.622787379001461583e-02
9.143385703808486369e+02	2.962507975494246271e-01	1.879550487815281612e-01	2.213732010635515168e-01	1.359537251029627469e-01	6.609342366715731387e-02	2.589335195013090993e-02	6.648045188516114867e-02
9.191763405945038130e+02	2.953224492072750174e-01	1.873305673104926350e-01	2.219958093634134821e-01	1.363700102413693271e-01	6.625896350972008964e-02	2.599051504918696576e-02	6.673168531845884155e-02
9.240141108081592165e+02	2.943993979178591847e-01	1.867096518726404919e-01	2.226145648746939154e-01	1.367838843431654627e-01	6.642360259565449621e-02	2.608731873204551271e-02	6.698157966385732964e-02
9.288518810218145063e+02	2.934816133598998067e-01	1.860922819943566231e-01	2.232294934456385826e-01	1.371953615027043383e-01	6.658734613175815165e-02	2.618376306285038688e-02	6.723014050270854913e-02
9.336896512354697961e+02	2.925690653860608670e-01	1.854784373219367788e-01	2.238406207288088923e-01	1.376044557271571545e-01	6.675019928460979024e-02	2.627984812830196082e-02	6.747737342304091501e-02
9.385274214491247449e+02	2.916617240220094609e-01	1.848680976207911775e-01	2.244479721827678242e-01	1.380111809371432074e-01	6.691216718114244288e-02	2.637557403721292257e-02	6.772328401884937510e-02
9.433651916627801484e+02	2.907595594654761029e-01	1.842612427746587178e-01	2.250515730737510101e-01	1.384155509673544171e-01	6.707325490920347522e-02	2.647094092007200306e-02	6.796787788940067410e-02
9.482029618764355519e+02	2.898625420853160883e-01	1.836578527848319042e-01	2.256514484773229634e-01	1.388175795671739432e-01	6.723346751810226063e-02	2.656594892861545779e-02	6.821116063855381384e-02
9.530407320900908417e+02	2.889706424205705781e-01	1.830579077693913204e-01	2.262476232800186837e-01	1.392172804012889731e-01	6.739281001914543268e-02	2.666059823540616394e-02	6.845313787409529338e-02
9.578785023037459041e+02	2.880838311795286821e-01	1.824613879624498725e-01	2.268401221809705492e-01	1.396146670502979026e-01	6.755128738616028583e-02	2.675488903342019414e-02	6.869381520708887912e-02
9.627162725174014213e+02	2.872020792387908750e-01	1.818682737134061089e-01	2.274289696935207494e-01	1.400097530113116606e-01	6.770890455600656055e-02	2.684882153564069687e-02	6.893319825123976619e-02
9.675540427310568248e+02	2.863253576423331892e-01	1.812785454862060608e-01	2.280141901468190624e-01	1.404025516985497601e-01	6.786566642907673752e-02	2.694239597465894823e-02	6.917129262227261766e-02
9.723918129447120009e+02	2.854536376005740173e-01	1.806921838586136586e-01	2.285958076874064493e-01	1.407930764439306037e-01	6.802157786978557663e-02	2.703561260228245361e-02	6.940810393732360639e-02
9.772295831583674044e+02	2.845868904894424123e-01	1.801091695214892263e-01	2.291738462807841048e-01	1.411813404976563768e-01	6.817664370704860921e-02	2.712847168914991544e-02	6.964363781434573797e-02
9.820673533720223531e+02	2.837250878494486650e-01	1.795294832780756078e-01	2.297483297129685187e-01	1.415673570287925842e-01	6.833086873475034684e-02	2.722097352435299752e-02	6.987789987152769056e-02
9.869051235856777566e+02	2.828682013847577115e-01	1.789531060432917875e-01	2.303192815920321601e-01	1.419511391258422850e-01	6.848425771220222058e-02	2.731311841506468482e-02	7.011089572672554726e-02
9.917428937993331601e+02	2.820162029622652056e-01	1.783800188430337552e-01	2.308867253496303118e-01	1.423326997973149433e-01	6.863681536459056987e-02	2.740490668617416928e-02	7.034263099690744869e-02
9.965806640129884499e+02	2.811690646106762559e-01	1.778102028134824764e-01	2.314506842425136934e-01	1.427120519722901715e-01	6.878854638341500016e-02	2.749633867992809511e-02	7.057311129761073554e-02
1.001418434226643626e+03	2.803267585195875489e-01	1.772436392004182737e-01	2.320111813540275958e-01	1.430892085009762005e-01	6.893945542691722050e-02	2.758741475557807341e-02	7.080234224241152563e-02
1.006256204440298802e+03	2.794892570385724695e-01	1.766803093585420370e-01	2.325682395955968873e-01	1.434641821552634922e-01	6.908954712050079106e-02	2.767813528903430645e-02	7.103032944240637858e-02
1.011093974653954206e+03	2.786565326762702188e-01	1.761201947508025945e-01	2.331218817081975592e-01	1.438369856292730786e-01	6.923882605714182237e-02	2.776850067252524187e-02	7.125707850570590918e-02
1.015931744867609382e+03	2.778285580994775961e-01	1.755632769477302735e-01	2.336721302638144759e-01	1.442076315398999609e-01	6.938729679779098714e-02	2.785851131426313881e-02	7.148259503693998873e-02
1.020769515081264785e+03	2.770053061322453325e-01	1.750095376267762626e-01	2.342190076668859977e-01	1.445761324273517334e-01	6.953496387176706650e-02	2.794816763811538637e-02	7.170688463677460378e-02
1.025607285294920075e+03	2.761867497549777561e-01	1.744589585716580793e-01	2.347625361557348078e-01	1.449425007556821576e-01	6.968183177714218357e-02	2.803747008328154322e-02	7.192995290143984477e-02
1.030445055508575479e+03	2.753728621035363422e-01	1.739115216717102008e-01	2.353027378039858342e-01	1.453067489133201551e-01	6.982790498111890454e-02	2.812641910397590747e-02	7.215180542226898308e-02
1.035282825722230655e+03	2.745636164683474267e-01	1.733672089212407452e-01	2.358396345219707368e-01	1.456688892135938052e-01	6.997318792039960988e-02	2.821501516911558913e-02	7.237244778524842825e-02
1.040120595935886058e+03	2.737589862935137508e-01	1.728260024188928989e-01	2.363732480581194062e-01	1.460289338952498739e-01	7.011768500154808015e-02	2.830325876201391852e-02	7.259188557057842661e-02
1.044958366149541234e+03	2.729589451759304453e-01	1.722878843670120064e-01	2.369036000003384435e-01	1.463868951229685411e-01	7.026140060134368481e-02	2.839115038007912831e-02	7.281012435224409884e-02
1.049796136363196410e+03	2.721634668644050681e-01	1.717528370710175167e-01	2.374307117773769293e-01	1.467427849878735480e-01	7.040433906712821599e-02	2.847869053451820148e-02	7.302716969759684429e-02
1.054633906576851814e+03	2.713725252587818049e-01	1.712208429387799824e-01	2.379546046601791753e-01	1.470966155080380144e-01	7.054650471714576931e-02	2.856587975004578131e-02	7.324302716694577886e-02
1.059471676790506763e+03	2.705860944090700548e-01	1.706918844800028867e-01	2.384752997632249572e-01	1.474483986289855386e-01	7.068790184087561657e-02	2.865271856459805297e-02	7.345770231315916499e-02
1.064309447004162394e+03	2.698041485145775686e-01	1.701659443056092735e-01	2.389928180458572304e-01	1.477981462241869381e-01	7.082853469935833368e-02	2.873920752905151366e-02	7.367120068127547272e-02
1.069147217217817570e+03	2.690266619230474721e-01	1.696430051271329842e-01	2.395071803135971900e-01	1.481458700955526897e-01	7.096840752551542009e-02	2.882534720694653746e-02	7.388352780812401654e-02
1.073984987431472746e+03	2.682536091298003411e-01	1.691230497561146129e-01	2.400184072194472273e-01	1.484915819739210108e-01	7.110752452446243710e-02	2.891113817421563092e-02	7.409468922195498741e-02
1.078822757645127922e+03	2.674849647768806071e-01	1.686060611035016255e-01	2.405265192651814266e-01	1.488352935195415838e-01	7.124588987381605398e-02	2.899658101891631340e-02	7.430469044207865803e-02
1.083660527858783553e+03	2.667207036522067920e-01	1.680920221790532243e-01	2.410315368026239580e-01	1.491770163225552004e-01	7.138350772399489064e-02	2.908167634096852847e-02	7.451353697851359481e-02
1.088498298072438729e+03	2.659608006887273501e-01	1.675809160907494322e-01	2.415334800349155653e-01	1.495167619034691031e-01	7.152038219851446221e-02	2.916642475189650321e-02	7.472123433164376549e-02
1.093336068286093905e+03	2.652052309635800076e-01	1.670727260442043116e-01	2.420323690177679787e-01	1.498545417136282476e-01	7.165651739427639222e-02	2.925082687457497208e-02	7.492778799188430650e-02
1.098173838499749309e+03	2.644539696972563192e-01	1.665674353420834586e-01	2.425282236607064767e-01	1.501903671356825398e-01	7.179191738185196348e-02	2.933488334297970623e-02	7.513320343935582513e-02
1.103011608713404712e+03	2.637069922527703891e-01	1.660650273835256319e-01	2.430210637283007902e-01	1.505242494840499379e-01	7.192658620576020123e-02	2.941859480194222373e-02	7.533748614356713946e-02
1.107849378927059888e+03	2.629642741348324764e-01	1.655654856635683514e-01	2.435109088413843492e-01	1.508562000053756402e-01	7.206052788474055781e-02	2.950196190690868026e-02	7.554064156310616451e-02
1.112687149140715292e+03	2.622257909890269301e-01	1.650687937725776600e-01	2.439977784782621506e-01	1.511862298789873049e-01	7.219374641202049026e-02	2.958498532370277059e-02	7.574267514533884749e-02
1.117524919354370468e+03	2.614915186009948433e-01	1.645749353956814653e-01	2.444816919759068563e-01	1.515143502173464662e-01	7.232624575557779212e-02	2.966766572829264773e-02	7.594359232611611055e-02
1.122362689568025871e+03	2.607614328956208705e-01	1.640838943122072124e-01	2.449626685311439012e-01	1.518405720664957881e-01	7.245802985839815136e-02	2.975000380656176585e-02	7.614339852948842635e-02
1.127200459781681047e+03	2.600355099362254285e-01	1.635956543951229136e-01	2.454407272018253039e-01	1.521649064065030144e-01	7.258910263872772606e-02	2.983200025408353981e-02	7.634209916742820679e-02
1.132038229995336451e+03	2.593137259237605075e-01	1.631101996104823704e-01	2.459158869079922649e-01	1.524873641519007006e-01	7.271946799032104336e-02	2.991365577589982089e-02	7.653969963955940814e-02
1.136876000208991627e+03	2.585960571960107535e-01	1.626275140168738365e-01	2.463881664330268562e-01	1.528079561521225038e-01	7.284912978268440198e-02	2.999497108630304332e-02	7.673620533289472745e-02
1.141713770422646803e+03	2.578824802267986049e-01	1.621475817648725393e-01	2.468575844247928308e-01	1.531266931919356145e-01	7.297809186131461179e-02	3.007594690862205530e-02	7.693162162157983486e-02
1.146551540636302207e+03	2.571729716251945352e-01	1.616703870964965317e-01	2.473241593967654972e-01	1.534435859918696909e-01	7.310635804793355619e-02	3.015658397501149932e-02	7.712595386664476693e-02
1.151389310849957155e+03	2.564675081347311258e-01	1.611959143446665965e-01	2.477879097291510180e-01	1.537586452086421029e-01	7.323393214071831359e-02	3.023688302624473467e-02	7.731920741576210621e-02
1.156227081063612786e+03	2.557660666326222465e-01	1.607241479326692868e-01	2.482488536699950787e-01	1.540718814355797606e-01	7.336081791452726819e-02	3.031684481151020877e-02	7.751138760301215513e-02
1.161064851277267962e+03	2.550686241289863432e-01	1.602550723736236860e-01	2.487070093362808987e-01	1.543833052030372244e-01	7.348701912112202972e-02	3.039647008821120752e-02	7.770249974865463261e-02
1.165902621490923138e+03	2.543751577660743335e-01	1.597886722699515261e-01	2.491623947150170548e-01	1.546929269788115124e-01	7.361253948938553671e-02	3.047575962176898509e-02	7.789254915890696240e-02
1.170740391704578315e+03	2.536856448175022760e-01	1.593249323128509420e-01	2.496150276643150367e-01	1.550007571685532992e-01	7.373738272553620465e-02	3.055471418542911322e-02	7.808154112572898708e-02
