2.089916732299082469e+03	1.739417005202742728e-01	1.060677498890376796e-01	2.994779160842888643e-01	1.900369195449364834e-01	8.784462614750346288e-02	4.068960641322177940e-02	1.019414813998273245e-01
2.104430042940048224e+03	1.729475421020651438e-01	1.057131681044586463e-01	2.996907383286438464e-01	1.900582111861783829e-01	8.887302326303300748e-02	4.081478898968540076e-02	1.019025280250254045e-01
2.118943353581013525e+03	1.720113797330131977e-01	1.053405862324069547e-01	3.000654522885586317e-01	1.905412396663101471e-01	8.922013398652409166e-02	4.093713857224687280e-02	1.018840695200299157e-01
2.133456664221980191e+03	1.711218322915140366e-01	1.049541202299416193e-01	3.005643889982153594e-01	1.909651329580091261e-01	8.944598874500025998e-02	4.105674060786226182e-02	1.018917961685471413e-01
2.147969974862945492e+03	1.702725807018409532e-01	1.045571228830379090e-01	3.010980726600410717e-01	1.913438075826602303e-01	8.962928045810206190e-02	4.117369656224223462e-02	1.019254391511653229e-01
2.162483285503912157e+03	1.694590177725975866e-01	1.041523930701806488e-01	3.016311527889742883e-01	1.916951009087307645e-01	8.979250564509594357e-02	4.128810213260375450e-02	1.019817276809068252e-01
2.176996596144877003e+03	1.686774548415826969e-01	1.037422848356487487e-01	3.021518971891346550e-01	1.920274011290576399e-01	8.994412782574949528e-02	4.140004553889695821e-02	1.020567886390195411e-01
2.191509906785843214e+03	1.679248114530875746e-01	1.033287823952466211e-01	3.026572163461683229e-01	1.923448409889316757e-01	9.008773790749063926e-02	4.150960787796866697e-02	1.021470030301961929e-01
2.206023217426809424e+03	1.671984632922604019e-01	1.029135579394172273e-01	3.031470047360042552e-01	1.926497931579085610e-01	9.022507737155269214e-02	4.161686384712046105e-02	1.022492396548260740e-01
2.220536528067775180e+03	1.664961525798590858e-01	1.024980187199295567e-01	3.036220895649822671e-01	1.929438443454396523e-01	9.035714097978959913e-02	4.172188250283534461e-02	1.023608713062541947e-01
2.235049838708740936e+03	1.658159262976824921e-01	1.020833464238827815e-01	3.040835062725614768e-01	1.932281779103825481e-01	9.048459182623534713e-02	4.182472795985552744e-02	1.024797233084895204e-01
2.249563149349706237e+03	1.651560888835066354e-01	1.016705304904806373e-01	3.045322558656768375e-01	1.935037340046429633e-01	9.060792340288233160e-02	4.192546000737082390e-02	1.026040073445294021e-01
2.264076459990672902e+03	1.645151638673128525e-01	1.012603964511832738e-01	3.049692348451209511e-01	1.937712846817047641e-01	9.072752729703087438e-02	4.202413464290390144e-02	1.027322582138329166e-01
2.278589770631638203e+03	1.638918618817725992e-01	1.008536300933000895e-01	3.053952251047066246e-01	1.940314749943929384e-01	9.084372487142200470e-02	4.212080453180393896e-02	1.028632785216913731e-01
2.293103081272604413e+03	1.632850536458349822e-01	1.004507980846973264e-01	3.058109031134210176e-01	1.942848492729469523e-01	9.095678455063133105e-02	4.221551940178876888e-02	1.029960919297691624e-01
2.307616391913570169e+03	1.626937470164230293e-01	1.000523655870407952e-01	3.062168539409668155e-01	1.945318700238620191e-01	9.106693284340755534e-02	4.230832638155727909e-02	1.031299042058319848e-01
2.322129702554535925e+03	1.621170674436504811e-01	9.965871130137098077e-02	3.066135852215278734e-01	1.947729325142835699e-01	9.117436225182187770e-02	4.239927029151013826e-02	1.032640709749245433e-01
2.336643013195502135e+03	1.615542413028328572e-01	9.927014032234759977e-02	3.070015395763944221e-01	1.950083764449649648e-01	9.127923736429136015e-02	4.248839389355130169e-02	1.033980710947069864e-01
2.351156323836467891e+03	1.610045816693574383e-01	9.888689512141005111e-02	3.073811052159526880e-01	1.952384954573370968e-01	9.138169972559512244e-02	4.257573810595316477e-02	1.035314847034839308e-01
2.365669634477433647e+03	1.604674761723877963e-01	9.850916493181263722e-02	3.077526248356340921e-01	1.954635449391129431e-01	9.148187179856891171e-02	4.266134218839640752e-02	1.036639751331766696e-01
2.380182945118399402e+03	1.599423766195083585e-01	9.813709376837667642e-02	3.081164030272336984e-01	1.956837484565849827e-01	9.157986021317146563e-02	4.274524390154323811e-02	1.037952740126709822e-01
2.394696255759364703e+03	1.594287901309158206e-01	9.777078728067140068e-02	3.084727124350992167e-01	1.958993030643551292e-01	9.167575844099212778e-02	4.282747964485909831e-02	1.039251690021965463e-01
2.409209566400331823e+03	1.589262715608496523e-01	9.741031860925981889e-02	3.088217988639960221e-01	1.961103836921612720e-01	9.176964900056988617e-02	4.290808457584874974e-02	1.040534936964038898e-01
2.423722877041296670e+03	1.584344170170254862e-01	9.705573338985769294e-02	3.091638855159211108e-01	1.963171467709899087e-01	9.186160527734690828e-02	4.298709271340526300e-02	1.041801193145428933e-01
2.438236187682262880e+03	1.579528583169001743e-01	9.670705402911240756e-02	3.094991765047767629e-01	1.965197332314362333e-01	9.195169302628786179e-02	4.306453702757220142e-02	1.043049478630035942e-01
2.452749498323228636e+03	1.574812582434513830e-01	9.636428335767248388e-02	3.098278597729133277e-01	1.967182709837655419e-01	9.203997161288945961e-02	4.314044951768060410e-02	1.044279065107163867e-01
2.467262808964194392e+03	1.570193064834427554e-01	9.602740775082720115e-02	3.101501095124316598e-01	1.969128769699414749e-01	9.212649503841496834e-02	4.321486128053367293e-02	1.045489429634974543e-01
2.481776119605160602e+03	1.565667161484121661e-01	9.569639979385902162e-02	3.104660881764724767e-01	1.971036588621257191e-01	9.221131278712133006e-02	4.328780257006648036e-02	1.046680216610319236e-01
2.496289430246126358e+03	1.561232207933176686e-01	9.537122055803697040e-02	3.107759481510447008e-01	1.972907164691648230e-01	9.229447052662517748e-02	4.335930284969865406e-02	1.047851206512010885e-01
2.510802740887092114e+03	1.556885718602928348e-01	9.505182154360303226e-02	3.110798331457766963e-01	1.974741429018634364e-01	9.237601068710042662e-02	4.342939083841972081e-02	1.049002290220329009e-01
2.525316051528057415e+03	1.552625364856229373e-01	9.473814633792596029e-02	3.113778793519050292e-01	1.976540255389966638e-01	9.245597294050553194e-02	4.349809455149468429e-02	1.050133447926382135e-01
2.539829362169024080e+03	1.548448956171366575e-01	9.443013203001146549e-02	3.116702164074786063e-01	1.978304468287090945e-01	9.253439459732903938e-02	4.356544133654804973e-02	1.051244731818761213e-01
2.554342672809989381e+03	1.544354423969484802e-01	9.412771041659027949e-02	3.119569682028618951e-01	1.980034849539138997e-01	9.261131093528267300e-02	4.363145790567394405e-02	1.052336251878178142e-01
2.568855983450955591e+03	1.540339807710838227e-01	9.383080902990653671e-02	3.122382535539164894e-01	1.981732143853243144e-01	9.268675547184568320e-02	4.369617036412574984e-02	1.053408164228863686e-01
2.583369294091921347e+03	1.536403242931452529e-01	9.353935201297104707e-02	3.125141867655191752e-01	1.983397063416330597e-01	9.276076019048112853e-02	4.375960423605845806e-02	1.054460661592808574e-01
2.597882604732887103e+03	1.532542950939737303e-01	9.325326086431970363e-02	3.127848781041724924e-01	1.985030291729580620e-01	9.283335572862508323e-02	4.382178448772815205e-02	1.055493965473117274e-01
2.612395915373853313e+03	1.528757229933515593e-01	9.297245507113321983e-02	3.130504341952320413e-01	1.986632486808651010e-01	9.290457153413103630e-02	4.388273554849484587e-02	1.056508319758811265e-01
2.626909226014819069e+03	1.525044447332837283e-01	9.269685264685208204e-02	3.133109583576016988e-01	1.988204283859605626e-01	9.297443599568158690e-02	4.394248132992460698e-02	1.057503985497846716e-01
2.641422536655784825e+03	1.521403033153732876e-01	9.242637058709260445e-02	3.135665508865371209e-01	1.989746297521325924e-01	9.304297655171384074e-02	4.400104524324455896e-02	1.058481236629948835e-01
2.655935847296750580e+03	1.517831474273489134e-01	9.216092525567942673e-02	3.138173092933678743e-01	1.991259123749384852e-01	9.311021978160763379e-02	4.405845021536768102e-02	1.059440356507788533e-01
2.670449157937716336e+03	1.514328309459723465e-01	9.190043271090672650e-02	3.140633285094328042e-01	1.992743341403300228e-01	9.317619148222930359e-02	4.411471870367346393e-02	1.060381635065442141e-01
2.684962468578682547e+03	1.510892125054072999e-01	9.164480898068388948e-02	3.143047010602714741e-01	1.994199513588309491e-01	9.324091673238055211e-02	4.416987270970371832e-02	1.061305366518109639e-01
2.699475779219648302e+03	1.507521551217131939e-01	9.139397029397486327e-02	3.145415172150758942e-01	1.995628188793897861e-01	9.330441994725613419e-02	4.422393379191019713e-02	1.062211847497687711e-01
2.713989089860614058e+03	1.504215258654789944e-01	9.114783327487437081e-02	3.147738651155490008e-01	1.997029901863959511e-01	9.336672492464342943e-02	4.427692307757132711e-02	1.063101375545757593e-01
2.728502400501579814e+03	1.500971955757671727e-01	9.090631510475104260e-02	3.150018308876048057e-01	1.998405174827405650e-01	9.342785488429465601e-02	4.432886127397862169e-02	1.063974247899519415e-01
2.743015711142545115e+03	1.497790386095241844e-01	9.066933365710705406e-02	3.152254987387572149e-01	1.999754517613017146e-01	9.348783250165000613e-02	4.437976867897937272e-02	1.064830760517692099e-01
2.757529021783511780e+03	1.494669326214572991e-01	9.043680760913497263e-02	3.154449510435577975e-01	2.001078428668189024e-01	9.354667993688421668e-02	4.442966519094982553e-02	1.065671207302857637e-01
2.772042332424477081e+03	1.491607583700979289e-01	9.020865653338014378e-02	3.156602684190378816e-01	2.002377395497816348e-01	9.360441886007780932e-02	4.447857031826287638e-02	1.066495879484504195e-01
2.786555643065443292e+03	1.488603995463885221e-01	8.998480097242742004e-02	3.158715297917788489e-01	2.003651895136727701e-01	9.366107047317394352e-02	4.452650318830533166e-02	1.067305065133418995e-01
2.801068953706408593e+03	1.485657426216550892e-01	8.976516249911108136e-02	3.160788124579546055e-01	2.004902394566755730e-01	9.371665552926580767e-02	4.457348255609217685e-02	1.068099048783343608e-01
2.815582264347374803e+03	1.482766767122804530e-01	8.954966376438777687e-02	3.162821921374653344e-01	2.006129351087598267e-01	9.377119434966377232e-02	4.461952681251886432e-02	1.068878111140126042e-01
2.830095574988341014e+03	1.479930934587760649e-01	8.933822853470482772e-02	3.164817430230875694e-01	2.007333212649045073e-01	9.382470683911273146e-02	4.466465399228694566e-02	1.069642528862159297e-01
2.844608885629306769e+03	1.477148869172812407e-01	8.913078172043246983e-02	3.166775378254114703e-01	2.008514418150828540e-01	9.387721249946526236e-02	4.470888178153369780e-02	1.070392574398815744e-01
2.859122196270272525e+03	1.474419534618003902e-01	8.892724939670351714e-02	3.168696478142045692e-01	2.009673397715265875e-01	9.392873044206270783e-02	4.475222752519224245e-02	1.071128515875984510e-01
2.873635506911238281e+03	1.471741916957300111e-01	8.872755881780976239e-02	3.170581428567345039e-01	2.010810572936981844e-01	9.397927939903168160e-02	4.479470823410512670e-02	1.071850617019791813e-01
2.888148817552204036e+03	1.469115023714330226e-01	8.853163842614006351e-02	3.172430914534911661e-01	2.011926357113248132e-01	9.402887773366802593e-02	4.483634059191148741e-02	1.072559137111197824e-01
2.902662128193170247e+03	1.466537883167960132e-01	8.833941785650220591e-02	3.174245607716789652e-01	2.013021155457869749e-01	9.407754345004949725e-02	4.487714096172502887e-02	1.073254330965496411e-01
2.917175438834136003e+03	1.464009543678550518e-01	8.815082793654954729e-02	3.176026166767837999e-01	2.014095365301049601e-01	9.412529420199400310e-02	4.491712539261822484e-02	1.073936448931826909e-01
2.931688749475101758e+03	1.461529073067060480e-01	8.796580068392963192e-02	3.177773237624715863e-01	2.015149376277242110e-01	9.417214730146024337e-02	4.495630962592590124e-02	1.074605736908706699e-01
2.946202060116067514e+03	1.459095558040259255e-01	8.778426930068219947e-02	3.179487453790314500e-01	2.016183570502660394e-01	9.421811972647034517e-02	4.499470910137991914e-02	1.075262436372323854e-01
2.960715370757033725e+03	1.456708103656262909e-01	8.760616816533801920e-02	3.181169436605423839e-01	2.017198322743830041e-01	9.426322812862061862e-02	4.503233896308526940e-02	1.075906784414926431e-01
2.975228681397999480e+03	1.454365832825425253e-01	8.743143282310449071e-02	3.182819795509122529e-01	2.018194000578330538e-01	9.430748884023490430e-02	4.506921406534655089e-02	1.076539013791143889e-01
2.989741992038964781e+03	1.452067885842306394e-01	8.725999997446744205e-02	3.184439128289148768e-01	2.019170964548689939e-01	9.435091788120607281e-02	4.510534897835298540e-02	1.077159352970471495e-01
3.004255302679930992e+03	1.449813419945044368e-01	8.709180746249127469e-02	3.186028021323295545e-01	2.020129568310223833e-01	9.439353096556299394e-02	4.514075799372892911e-02	1.077768026194485529e-01
3.018768613320896748e+03	1.447601608898961834e-01	8.692679425905738833e-02	3.187587049812730111e-01	2.021070158773489167e-01	9.443534350779426989e-02	4.517545512995638224e-02	1.078365253537619112e-01
3.033281923961862958e+03	1.445431642601683053e-01	8.676490045024655429e-02	3.189116778007967112e-01	2.021993076241905551e-01	9.447637062895491988e-02	4.520945413767513826e-02	1.078951250970558856e-01
3.047795234602828714e+03	1.443302726707408890e-01	8.660606722103977861e-02	3.190617759428140410e-01	2.022898654545011443e-01	9.451662716257727692e-02	4.524276850486567969e-02	1.079526230425492395e-01
3.062308545243794470e+03	1.441214082268320318e-01	8.645023683948714621e-02	3.192090537074105949e-01	2.023787221167747952e-01	9.455612766040463746e-02	4.527541146191943477e-02	1.080090399862593808e-01
3.076821855884760225e+03	1.439164945391361583e-01	8.629735264047105892e-02	3.193535643635828092e-01	2.024659097376101669e-01	9.459488639796265197e-02	4.530739598660063483e-02	1.080643963337245272e-01
3.091335166525725526e+03	1.437154566908882825e-01	8.614735900917200317e-02	3.194953601694450196e-01	2.025514598339378525e-01	9.463291737998125175e-02	4.533873480890351221e-02	1.081187121067600093e-01
3.105848477166692192e+03	1.435182212061833773e-01	8.600020136432823259e-02	3.196344923919375303e-01	2.026354033249358200e-01	9.467023434567806150e-02	4.536944041580840553e-02	1.081720069502164761e-01
3.120361787807657493e+03	1.433247160194372760e-01	8.585582614136706703e-02	3.197710113260650577e-01	2.027177705436516986e-01	9.470685077391219342e-02	4.539952505593996407e-02	1.082243001387146741e-01
3.134875098448624158e+03	1.431348704458898224e-01	8.571418077547342251e-02	3.199049663136904198e-01	2.027985912483504793e-01	9.474277988821666607e-02	4.542900074413035172e-02	1.082756105833367066e-01
3.149388409089589004e+03	1.429486151530651172e-01	8.557521368465095812e-02	3.200364057619062286e-01	2.028778946336017297e-01	9.477803466171555447e-02	4.545787926589033717e-02	1.083259568382579224e-01
3.163901719730555214e+03	1.427658821331134753e-01	8.543887425282260806e-02	3.201653771610022403e-01	2.029557093411195334e-01	9.481262782193231042e-02	4.548617218179067112e-02	1.083753571073070299e-01
3.178415030371521425e+03	1.425866046759700356e-01	8.530511281300946769e-02	3.202919271020466807e-01	2.030320634703666194e-01	9.484657185549380531e-02	4.551389083175631095e-02	1.084238292504449142e-01
3.192928341012487181e+03	1.424107173432729578e-01	8.517388063062117376e-02	3.204161012940962561e-01	2.031069845889322822e-01	9.487987901273453595e-02	4.554104633927556767e-02	1.084713907901550672e-01
3.207441651653452936e+03	1.422381559429908016e-01	8.504512988688453512e-02	3.205379445810477290e-01	2.031804997426929771e-01	9.491256131220512926e-02	4.556764961552650650e-02	1.085180589177401067e-01
3.221954962294418237e+03	1.420688575047152069e-01	8.491881366243354823e-02	3.206575009581442148e-01	2.032526354657634982e-01	9.494463054508832378e-02	4.559371136342241226e-02	1.085638504995205256e-01
3.236468272935384903e+03	1.419027602555801570e-01	8.479488592107894962e-02	3.207748135881462459e-01	2.033234177902455142e-01	9.497609827952549488e-02	4.561924208157840110e-02	1.086087820829328976e-01
3.250981583576350204e+03	1.417398035967728231e-01	8.467330149377273740e-02	3.208899248171783181e-01	2.033928722557802049e-01	9.500697586485676305e-02	4.564425206820082320e-02	1.086528699025259975e-01
3.265494894217316414e+03	1.415799280806060712e-01	8.455401606277969384e-02	3.210028761902599115e-01	2.034610239189101333e-01	9.503727443577680845e-02	4.566875142490138539e-02	1.086961298858536706e-01
3.280008204858282170e+03	1.414230753881251246e-01	8.443698614606587327e-02	3.211137084665296459e-01	2.035278973622562937e-01	9.506700491640908413e-02	4.569275006043749254e-02	1.087385776592641462e-01
3.294521515499247926e+03	1.412691883072239862e-01	8.432216908191156324e-02	3.212224616341701200e-01	2.035935167035151094e-01	9.509617802430034295e-02	4.571625769438055625e-02	1.087802285535859337e-01
3.309034826140214136e+03	1.411182107112500805e-01	8.420952301375443649e-02	3.213291749250417606e-01	2.036579056042794322e-01	9.512480427433744889e-02	4.573928386071364482e-02	1.088210976097108151e-01
3.323548136781179892e+03	1.409700875380766327e-01	8.409900687526732088e-02	3.214338868290317341e-01	2.037210872786885674e-01	9.515289398258849896e-02	4.576183791136014672e-02	1.088611995840746971e-01
3.338061447422145648e+03	1.408247647696261040e-01	8.399058037567369572e-02	3.215366351081250240e-01	2.037830845019107384e-01	9.518045727006990697e-02	4.578392901964471740e-02	1.089005489540373489e-01
3.352574758063111403e+03	1.406821894118274741e-01	8.388420398530224698e-02	3.216374568102041698e-01	2.038439196184622659e-01	9.520750406644098995e-02	4.580556618368802901e-02	1.089391599231622904e-01
3.367088068704076704e+03	1.405423094749927992e-01	8.377983892138203548e-02	3.217363882825831634e-01	2.039036145503667630e-01	9.523404411362795807e-02	4.582675822973661384e-02	1.089770464263981331e-01
3.381601379345043824e+03	1.404050739545998072e-01	8.367744713407812562e-02	3.218334651852814976e-01	2.039621908051576504e-01	9.526008696937840470e-02	4.584751381542907789e-02	1.090142221351628471e-01
3.396114689986008671e+03	1.402704328124674271e-01	8.357699129276702221e-02	3.219287225040441958e-01	2.040196694837282110e-01	9.528564201074812834e-02	4.586784143300006583e-02	1.090507004623323672e-01
3.410628000626974881e+03	1.401383369583129868e-01	8.347843477255102729e-02	3.220221945631125959e-01	2.040760712880309857e-01	9.531071843752145223e-02	4.588774941242309419e-02	1.090864945671352337e-01
3.425141311267940637e+03	1.400087382316801965e-01	8.338174164100996266e-02	3.221139150377513860e-01	2.041314165286309823e-01	9.533532527556637381e-02	4.590724592449357128e-02	1.091216173599548478e-01
3.439654621908906392e+03	1.398815893842277891e-01	8.328687664518807932e-02	3.222039169665368297e-01	2.041857251321146371e-01	9.535947138012607072e-02	4.592633898385306557e-02	1.091560815070408419e-01
3.454167932549872603e+03	1.397568440623692954e-01	8.319380519881423852e-02	3.222922327634105688e-01	2.042390166483578628e-01	9.538316543904784561e-02	4.594503645195611302e-02	1.091898994351313823e-01
3.468681243190838359e+03	1.396344567902552680e-01	8.310249336975246426e-02	3.223788942295043869e-01	2.042913102576562334e-01	9.540641597595064805e-02	4.596334603998053492e-02	1.092230833359877085e-01
3.483194553831804114e+03	1.395143829530892388e-01	8.301290786768036889e-02	3.224639325647401522e-01	2.043426247777192506e-01	9.542923135333272744e-02	4.598127531168248738e-02	1.092556451708429216e-01
3.497707864472769415e+03	1.393965787807696644e-01	8.292501603199238513e-02	3.225473783792091598e-01	2.043929786705322160e-01	9.545161977562018063e-02	4.599883168619723489e-02	1.092875966747662853e-01
3.512221175113736081e+03	1.392810013318500073e-01	8.283878581992483447e-02	3.226292617043351463e-01	2.044423900490878465e-01	9.547358929215776779e-02	4.601602244078675102e-02	1.093189493609447727e-01
3.526734485754701382e+03	1.391676084778099842e-01	8.275418579489944582e-02	3.227096120038260296e-01	2.044908766839899639e-01	9.549514780014309312e-02	4.603285471353511793e-02	1.093497145248834707e-01
3.541247796395667592e+03	1.390563588876309320e-01	8.267118511508238232e-02	3.227884581844173706e-01	2.045384560099323124e-01	9.551630304750516332e-02	4.604933550599275838e-02	1.093799032485261308e-01
3.555761107036633348e+03	1.389472120126684640e-01	8.258975352215525145e-02	3.228658286064123306e-01	2.045851451320543357e-01	9.553706263572847579e-02	4.606547168577049961e-02	1.094095264042977272e-01
3.570274417677599104e+03	1.388401280718161712e-01	8.250986133029454550e-02	3.229417510940213454e-01	2.046309608321768003e-01	9.555743402262359409e-02	4.608126998908435024e-02	1.094385946590702430e-01
3.584787728318565314e+03	1.387350680369543732e-01	8.243147941535661216e-02	3.230162529455066212e-01	2.046759195749188187e-01	9.557742452504523756e-02	4.609673702325208650e-02	1.094671184780532380e-01
3.599301038959531070e+03	1.386319936186775070e-01	8.235457920426426937e-02	3.230893609431334523e-01	2.047200375136997430e-01	9.559704132155893985e-02	4.611187926914239732e-02	1.094951081286106298e-01
3.613814349600496826e+03	1.385308672522947704e-01	8.227913266459184471e-02	3.231611013629338558e-01	2.047633304966264556e-01	9.561629145505730343e-02	4.612670308357759430e-02	1.095225736840051006e-01
3.628327660241463036e+03	1.384316520840981612e-01	8.220511229434529499e-02	3.232314999842845760e-01	2.048058140722700537e-01	9.563518183532662698e-02	4.614121470169074701e-02	1.095495250270714788e-01
3.642840970882427882e+03	1.383343119578928360e-01	8.213249111193392238e-02	3.233005820993040125e-01	2.048475034953325391e-01	9.565371924156497452e-02	4.615542023923811105e-02	1.095759718538205640e-01
3.657354281523394548e+03	1.382388114017840675e-01	8.206124264633028742e-02	3.233683725220710681e-01	2.048884137322066479e-01	9.567191032485261593e-02	4.616932569486770221e-02	1.096019236769745359e-01
3.671867592164359849e+03	1.381451156152161686e-01	8.199134092741507118e-02	3.234348955976694695e-01	2.049285594664300991e-01	9.568976161057574092e-02	4.618293695234487045e-02	1.096273898294354149e-01
3.686380902805326514e+03	1.380531904562577461e-01	8.192276047650355608e-02	3.235001752110610584e-01	2.049679551040368697e-01	9.570727950080420987e-02	4.619625978273560890e-02	1.096523794676877578e-01
3.700894213446291815e+03	1.379630024291290946e-01	8.185547629705033912e-02	3.235642347957904397e-01	2.050066147788069670e-01	9.572447027662443764e-02	4.620929984654855577e-02	1.096769015751369175e-01
3.715407524087257570e+03	1.378745186719667337e-01	8.178946386552923831e-02	3.236270973425255937e-01	2.050445523574168649e-01	9.574134010042795184e-02	4.622206269583631344e-02	1.097009649653840208e-01
3.729920834728223781e+03	1.377877069448200376e-01	8.172469912248503388e-02	3.236887854074362303e-01	2.050817814444927667e-01	9.575789501815684668e-02	4.623455377625693141e-02	1.097245782854389118e-01
3.744434145369189537e+03	1.377025356178762372e-01	8.166115846375392173e-02	3.237493211204138799e-01	2.051183153875675291e-01	9.577414096150657641e-02	4.624677842909631631e-02	1.097477500188722144e-01
3.758947456010155292e+03	1.376189736599087443e-01	8.159881873184966772e-02	3.238087261931363869e-01	2.051541672819445772e-01	9.579008375008721266e-02	4.625874189325232533e-02	1.097704884889077470e-01
3.773460766651120593e+03	1.375369906269445497e-01	8.153765720751235402e-02	3.238670219269793593e-01	2.051893499754693095e-01	9.580572909354356792e-02	4.627044930718118149e-02	1.097928018614563461e-01
3.787974077292087259e+03	1.374565566511468662e-01	8.147765160141652585e-02	3.239242292207783480e-01	2.052238760732101319e-01	9.582108259363553149e-02	4.628190571080703641e-02	1.098146981480921935e-01
3.802487387933053014e+03	1.373776424299083254e-01	8.141878004603619878e-02	3.239803685784439224e-01	2.052577579420512555e-01	9.583614974627877037e-02	4.629311604739529129e-02	1.098361852089728280e-01
3.817000698574018315e+03	1.373002192151512313e-01	8.136102108766334051e-02	3.240354601164325832e-01	2.052910077151982315e-01	9.585093594354691937e-02	4.630408516539042535e-02	1.098572707557038397e-01
3.831514009214984981e+03	1.372242588028304011e-01	8.130435367857723195e-02	3.240895235710761768e-01	2.053236372965985268e-01	9.586544647563581545e-02	4.631481782021898419e-02	1.098779623541493583e-01
3.846027319855950282e+03	1.371497335226350145e-01	8.124875716936184877e-02	3.241425783057731436e-01	2.053556583652780820e-01	9.587968653279069220e-02	4.632531867605837322e-02	1.098982674271893334e-01
3.860540630496916037e+03	1.370766162278857780e-01	8.119421130136846021e-02	3.241946433180425968e-01	2.053870823795961864e-01	9.589366120719683417e-02	4.633559230757209463e-02	1.099181932574245513e-01
3.875053941137881793e+03	1.370048802856231596e-01	8.114069619932073874e-02	3.242457372464460641e-01	2.054179205814194997e-01	9.590737549483435709e-02	4.634564320161212864e-02	1.099377469898304982e-01
3.889567251778848004e+03	1.369344995668837495e-01	8.108819236405966080e-02	3.242958783773776110e-01	2.054481840002173043e-01	9.592083429729804378e-02	4.635547575888901428e-02	1.099569356343609861e-01
3.904080562419813759e+03	1.368654484371605029e-01	8.103668066542567272e-02	3.243450846517254571e-01	2.054778834570792911e-01	9.593404242358270773e-02	4.636509429561024020e-02	1.099757660685024840e-01
3.918593873060779970e+03	1.367977017470438650e-01	8.098614233527540174e-02	3.243933736714076921e-01	2.055070295686570181e-01	9.594700459183469476e-02	4.637450304508762555e-02	1.099942450397800725e-01
3.933107183701745726e+03	1.367312348230400598e-01	8.093655896063053912e-02	3.244407627057842025e-01	2.055356327510310666e-01	9.595972543107025854e-02	4.638370615931417668e-02	1.100123791682160040e-01
3.947620494342711936e+03	1.366660234585632405e-01	8.088791247695623077e-02	3.244872686979475840e-01	2.055637032235049511e-01	9.597220948286153130e-02	4.639270771051107189e-02	1.100301749487416769e-01
3.962133804983676782e+03	1.366020439050982527e-01	8.084018516156671330e-02	3.245329082708942603e-01	2.055912510123271697e-01	9.598446120299052031e-02	4.640151169264530168e-02	1.100476387535640754e-01
3.976647115624642538e+03	1.365392728635306252e-01	8.079335962715566977e-02	3.245776977335796398e-01	2.056182859543428387e-01	9.599648496307167100e-02	4.641012202291853322e-02	1.100647768344872046e-01
3.991160426265608749e+03	1.364776874756409575e-01	8.074741881544897359e-02	3.246216530868582528e-01	2.056448177005763545e-01	9.600828505214398234e-02	4.641854254322774764e-02	1.100815953251898516e-01
4.005673736906575414e+03	1.364172653157600112e-01	8.070234599097757255e-02	3.246647900293114786e-01	2.056708557197459986e-01	9.601986567823278529e-02	4.642677702159817010e-02	1.100981002434600203e-01
4.020187047547540715e+03	1.363579843825820370e-01	8.065812473496812574e-02	3.247071239629651385e-01	2.056964093017123185e-01	9.603123096988208651e-02	4.643482915358903423e-02	1.101142974933872198e-01
4.034700358188505561e+03	1.362998230911330044e-01	8.061473893934936741e-02	3.247486699988987868e-01	2.057214875608610882e-01	9.604238497765787974e-02	4.644270256367270117e-02	1.101301928675131464e-01
4.049213668829472226e+03	1.362427602648908498e-01	8.057217280087172750e-02	3.247894429627488089e-01	2.057460994394221532e-01	9.605333167562299379e-02	4.645040080658759118e-02	1.101457920489417874e-01
4.063726979470437527e+03	1.361867751280549377e-01	8.053041081533841850e-02	3.248294574001076018e-01	2.057702537107258534e-01	9.606407496278403235e-02	4.645792736866550393e-02	1.101611006134094739e-01
4.078240290111404192e+03	1.361318472979619609e-01	8.048943777194547677e-02	3.248687275818205045e-01	2.057939589823973292e-01	9.607461866451091903e-02	4.646528566913373653e-02	1.101761240313158530e-01
4.092753600752369493e+03	1.360779567776450594e-01	8.044923874772913486e-02	3.249072675091821405e-01	2.058172236994907922e-01	9.608496653392969988e-02	4.647247906139249929e-02	1.101908676697163497e-01
4.107266911393336159e+03	1.360250839485342700e-01	8.040979910211809578e-02	3.249450909190348957e-01	2.058400561475643709e-01	9.609512225328882551e-02	4.647951083426814234e-02	1.102053367942769646e-01
4.121780222034301914e+03	1.359732095632948112e-01	8.037110447158903048e-02	3.249822112887708614e-01	2.058624644556965033e-01	9.610508943529968984e-02	4.648638421324258890e-02	1.102195365711921143e-01
4.136293532675267670e+03	1.359223147388009256e-01	8.033314076442316098e-02	3.250186418412386868e-01	2.058844565994456532e-01	9.611487162445170318e-02	4.649310236165942606e-02	1.102334720690660436e-01
4.150806843316233426e+03	1.358723809492429768e-01	8.029589415556204202e-02	3.250543955495582282e-01	2.059060404037537095e-01	9.612447229830264894e-02	4.649966838190718044e-02	1.102471482607588066e-01
4.165320153957199182e+03	1.358233900193647481e-01	8.025935108156077857e-02	3.250894851418434928e-01	2.059272235457948741e-01	9.613389486874436562e-02	4.650608531658009109e-02	1.102605700251971937e-01
4.179833464598164937e+03	1.357753241178289716e-01	8.022349823563680593e-02	3.251239231058368206e-01	2.059480135577698157e-01	9.614314268324482271e-02	4.651235614961693465e-02	1.102737421491514352e-01
4.194346775239130693e+03	1.357281657507081185e-01	8.018832256281216431e-02	3.251577216934544712e-01	2.059684178296480594e-01	9.615221902606634063e-02	4.651848380741814559e-02	1.102866693289782929e-01
4.208860085880096449e+03	1.356818977550988403e-01	8.015381125514790817e-02	3.251908929252473324e-01	2.059884436118574746e-01	9.616112711946100955e-02	4.652447115994186311e-02	1.102993561723311089e-01
4.223373396521062205e+03	1.356365032928568970e-01	8.011995174706867950e-02	3.252234485947763099e-01	2.060080980179235521e-01	9.616987012484334851e-02	4.653032102177908497e-02	1.103118071998375749e-01
4.237886707162027960e+03	1.355919658444508236e-01	8.008673171077568265e-02	3.252554002729054483e-01	2.060273880270583335e-01	9.617845114394087125e-02	4.653603615320853204e-02	1.103240268467456930e-01
4.252400017802994626e+03	1.355482692029319758e-01	8.005413905174653399e-02	3.252867593120134515e-01	2.060463204867006015e-01	9.618687321992280825e-02	4.654161926123136922e-02	1.103360194645386233e-01
4.266913328443960381e+03	1.355053974680185125e-01	8.002216190432036302e-02	3.253175368501257103e-01	2.060649021150078308e-01	9.619513933850751264e-02	4.654707300058642805e-02	1.103477893225189438e-01
4.281426639084926137e+03	1.354633350402916214e-01	7.999078862736629103e-02	3.253477438149683376e-01	2.060831395033011493e-01	9.620325242904889662e-02	4.655239997474609065e-02	1.103593406093629631e-01
4.295939949725891893e+03	1.354220666155013519e-01	7.996000780003405251e-02	3.253773909279448207e-01	2.061010391184638912e-01	9.621121536560227339e-02	4.655760273689328599e-02	1.103706774346455838e-01
4.310453260366857648e+03	1.353815771789804723e-01	7.992980821758494114e-02	3.254064887080385104e-01	2.061186073052948264e-01	9.621903096797013166e-02	4.656268379087999398e-02	1.103818038303363558e-01
4.324966571007824314e+03	1.353418520001637981e-01	7.990017888730172047e-02	3.254350474756399492e-01	2.061358502888169797e-01	9.622670200272803731e-02	4.656764559216752114e-02	1.103927237522671911e-01
4.339479881648789160e+03	1.353028766272113825e-01	7.987110902447595862e-02	3.254630773563030322e-01	2.061527741765424027e-01	9.623423118423114764e-02	4.657249054874894323e-02	1.104034410815722955e-01
4.353993192289754006e+03	1.352646368817335687e-01	7.984258804847124691e-02	3.254905882844291720e-01	2.061693849606945350e-01	9.624162117560165763e-02	4.657722102205406195e-02	1.104139596261008993e-01
4.368506502930720671e+03	1.352271188536156299e-01	7.981460557886099760e-02	3.255175900068821848e-01	2.061856885203882661e-01	9.624887458969760834e-02	4.658183932783719478e-02	1.104242831218032045e-01
4.383019813571686427e+03	1.351903088959406918e-01	7.978715143163922496e-02	3.255440920865348975e-01	2.062016906237686686e-01	9.625599399006334878e-02	4.658634773704806858e-02	1.104344152340901442e-01
4.397533124212653092e+03	1.351541936200083560e-01	7.976021561550324102e-02	3.255701039057481427e-01	2.062173969301096810e-01	9.626298189186198451e-02	4.659074847668626118e-02	1.104443595591673571e-01
4.412046434853618848e+03	1.351187598904480536e-01	7.973378832820653128e-02	3.255956346697843617e-01	2.062328129918724606e-01	9.626984076279018754e-02	4.659504373063937110e-02	1.104541196253439883e-01
4.426559745494584604e+03	1.350839948204245189e-01	7.970785995298074189e-02	3.256206934101565365e-01	2.062479442567253241e-01	9.627657302397579775e-02	4.659923564050530431e-02	1.104636988943167031e-01
4.441073056135550360e+03	1.350498857669341635e-01	7.968242105502532091e-02	3.256452889879136170e-01	2.062627960695251339e-01	9.628318105085825751e-02	4.660332630639895529e-02	1.104731007624294159e-01
4.455586366776516115e+03	1.350164203261904339e-01	7.965746237806371755e-02	3.256694300968639988e-01	2.062773736742614661e-01	9.628966717405251785e-02	4.660731778774358097e-02	1.104823285619090933e-01
4.470099677417481871e+03	1.349835863290966276e-01	7.963297484096462653e-02	3.256931252667376597e-01	2.062916822159637786e-01	9.629603368019661047e-02	4.661121210404714499e-02	1.104913855620782842e-01
4.484612988058447627e+03	1.349513718368043347e-01	7.960894953442733402e-02	3.257163828662889005e-01	2.063057267425723595e-01	9.630228281278307989e-02	4.661501123566394456e-02	1.105002749705447096e-01
4.499126298699412473e+03	1.349197651363557571e-01	7.958537771772962455e-02	3.257392111063400209e-01	2.063195122067744691e-01	9.630841677297478920e-02	4.661871712454175587e-02	1.105089999343681906e-01
4.513639609340379138e+03	1.348887547364086836e-01	7.956225081553737477e-02	3.257616180427675978e-01	2.063330434678051217e-01	9.631443772040523821e-02	4.662233167495481029e-02	1.105175635412057600e-01
4.528152919981345804e+03	1.348583293630425950e-01	7.953956041477448780e-02	3.257836115794321419e-01	2.063463252932139502e-01	9.632034777396371317e-02	4.662585675422289272e-02	1.105259688204347779e-01
4.542666230622311559e+03	1.348284779556435664e-01	7.951729826155203018e-02	3.258051994710525756e-01	2.063593623605989025e-01	9.632614901256562889e-02	4.662929419341672183e-02	1.105342187442551194e-01
4.557179541263276406e+03	1.347991896628676356e-01	7.949545625815558625e-02	3.258263893260258670e-01	2.063721592593068255e-01	9.633184347590834085e-02	4.663264578804997978e-02	1.105423162287702404e-01
4.571692851904243071e+03	1.347704538386803041e-01	7.947402646008951133e-02	3.258471886091938718e-01	2.063847204921020195e-01	9.633743316521248268e-02	4.663591329875821367e-02	1.105502641350480098e-01
4.586206162545208826e+03	1.347422600384709790e-01	7.945300107317726512e-02	3.258676046445572738e-01	2.063970504768032344e-01	9.634292004394950926e-02	4.663909845196484438e-02	1.105580652701612931e-01
4.600719473186175492e+03	1.347145980152409939e-01	7.943237245071647912e-02	3.258876446179386766e-01	2.064091535478895512e-01	9.634830603855526476e-02	4.664220294053447735e-02	1.105657223882089285e-01
4.615232783827140338e+03	1.346874577158638508e-01	7.941213309068798076e-02	3.259073155795946808e-01	2.064210339580762332e-01	9.635359303913024198e-02	4.664522842441391759e-02	1.105732381913174106e-01
4.629746094468105184e+03	1.346608292774161553e-01	7.939227563301765045e-02	3.259266244467795559e-01	2.064326958798601286e-01	9.635878290012638014e-02	4.664817653126090979e-02	1.105806153306235634e-01
4.644259405109071849e+03	1.346347030235780229e-01	7.937279285688997321e-02	3.259455780062591179e-01	2.064441434070365400e-01	9.636387744102106745e-02	4.665104885706098520e-02	1.105878564072386300e-01
4.658772715750037605e+03	1.346090694611015715e-01	7.935367767811256356e-02	3.259641829167782001e-01	2.064553805561870070e-01	9.636887844697827887e-02	4.665384696673260251e-02	1.105949639731941408e-01
4.673286026391004270e+03	1.345839192763463865e-01	7.933492314653055322e-02	3.259824457114805507e-01	2.064664112681388608e-01	9.637378766949722397e-02	4.665657239472078416e-02	1.106019405323699495e-01
4.687799337031970026e+03	1.345592433318804348e-01	7.931652244348984249e-02	3.260003728002838219e-01	2.064772394093974950e-01	9.637860682704871285e-02	4.665922664557948379e-02	1.106087885414045041e-01
4.702312647672935782e+03	1.345350326631453153e-01	7.929846887934849375e-02	3.260179704722086513e-01	2.064878687735511864e-01	9.638333760569958719e-02	4.666181119454289317e-02	1.106155104105881332e-01
4.716825958313901538e+03	1.345112784751847090e-01	7.928075589103503185e-02	3.260352448976644446e-01	2.064983030826497146e-01	9.638798165972513321e-02	4.666432748808590353e-02	1.106221085047392888e-01
4.731339268954867293e+03	1.344879721394346694e-01	7.926337703965317949e-02	3.260522021306915263e-01	2.065085459885564745e-01	9.639254061221015635e-02	4.666677694447391583e-02	1.106285851440642481e-01
4.745852579595833049e+03	1.344651051905746963e-01	7.924632600813177885e-02	3.260688481111611026e-01	2.065186010742753875e-01	9.639701605563839870e-02	4.666916095430221484e-02	1.106349426050006052e-01
4.760365890236798805e+03	1.344426693234383463e-01	7.922959659891923301e-02	3.260851886669332567e-01	2.065284718552524157e-01	9.640140955247114563e-02	4.667148088102508752e-02	1.106411831210446506e-01
4.774879200877764561e+03	1.344206563899824902e-01	7.921318273172159308e-02	3.261012295159746999e-01	2.065381617806526238e-01	9.640572263571452194e-02	4.667373806147490783e-02	1.106473088835632779e-01
4.789392511518729407e+03	1.343990583963137198e-01	7.919707844128345831e-02	3.261169762684356654e-01	2.065476742346130656e-01	9.640995680947635205e-02	4.667593380637136830e-02	1.106533220425903880e-01
4.803905822159696982e+03	1.343778674997711808e-01	7.918127787521088423e-02	3.261324344286882781e-01	2.065570125374719679e-01	9.641411354951234802e-02	4.667806940082099704e-02	1.106592247076083196e-01
4.818419132800663647e+03	1.343570760060645297e-01	7.916577529183542461e-02	3.261476093973257884e-01	2.065661799469745430e-01	9.641819430376194489e-02	4.668014610480722415e-02	1.106650189483144725e-01
4.832932443441628493e+03	1.343366763664660679e-01	7.915056505811868259e-02	3.261625064731244472e-01	2.065751796594561263e-01	9.642220049287406058e-02	4.668216515367111519e-02	1.106707067953733997e-01
4.837770213655283442e+03	1.343166611750561679e-01	7.913564164759655239e-02	3.261771308549677451e-01	2.065840148110028029e-01	9.642613351072293337e-02	4.668412775858300084e-02	1.106762902411546345e-01
