2.322129702554535982e+02	4.868077651389859928e-01	3.350589486749043222e-01	7.768278019978924753e-02	4.498479309361495815e-02	3.153492896086654979e-02	8.420695201834528867e-03	1.551008872990957549e-02
2.370507404691088880e+02	4.857354326412923196e-01	3.327287238986892381e-01	7.923032726514193935e-02	4.590495940393950203e-02	3.185712764152916210e-02	8.567193575925545826e-03	1.597623557338743311e-02
2.418885106827641494e+02	4.845961029509633367e-01	3.304781208321274644e-01	8.076999364840961593e-02	4.682162797904414198e-02	3.217874080704078571e-02	8.713722565979622678e-03	1.644169121634020056e-02
2.467262808964194392e+02	4.833957925268244638e-01	3.283015832701606240e-01	8.230159530742918450e-02	4.773467780551460954e-02	3.249970634672424280e-02	8.860257008195492751e-03	1.690638773505657652e-02
2.515640511100747290e+02	4.821400496682735626e-01	3.261939794295137807e-01	8.382496918354519211e-02	4.864399946038859557e-02	3.281996714025140621e-02	9.006773378284069903e-03	1.737026173964864931e-02
2.564018213237300188e+02	4.808339905868149744e-01	3.241505692936552108e-01	8.533997151261721315e-02	4.954949420529820847e-02	3.313947067781199823e-02	9.153249671948134741e-03	1.783325405175960332e-02
2.612395915373852517e+02	4.794823327003753799e-01	3.221669744716402772e-01	8.684647626700597867e-02	5.045107315043709240e-02	3.345816870941958204e-02	9.299665294460059128e-03	1.829530940656700841e-02
2.660773617510405415e+02	4.780894253642113956e-01	3.202391503773051040e-01	8.834437371844117148e-02	5.134865648297572832e-02	3.377601692111335818e-02	9.446000958638678391e-03	1.875637617721998690e-02
2.709151319646958882e+02	4.766592782357588209e-01	3.183633605501740016e-01	8.983356911245121701e-02	5.224217275496285950e-02	3.409297463598678912e-02	9.592238590580160623e-03	1.921640611999163653e-02
2.757529021783511780e+02	4.751955874555814918e-01	3.165361529531969809e-01	9.131398144575303411e-02	5.313155822613267742e-02	3.440900453813359322e-02	9.738361242547375479e-03	1.967535413856033241e-02
2.805906723920064678e+02	4.737017598125513596e-01	3.147543380951295378e-01	9.278554233866233292e-02	5.401675625739026099e-02	3.472407241774835840e-02	9.884353012468108379e-03	2.013317806595552734e-02
2.854284426056617008e+02	4.721809350484498236e-01	3.130149688370807426e-01	9.424819499519616894e-02	5.489771675107298077e-02	3.503814693575490330e-02	1.003019896953473260e-02	2.058983846281621163e-02
2.902662128193169337e+02	4.706360064452311809e-01	3.113153217535720163e-01	9.570189324410431631e-02	5.577439563438623543e-02	3.535119940646058723e-02	1.017588508543701593e-02	2.104529843071423906e-02
2.951039830329722804e+02	4.690696398271622658e-01	3.096528799284311018e-01	9.714660065458639859e-02	5.664675438268912400e-02	3.566320359685046237e-02	1.032139817079575500e-02	2.149952343939052005e-02
2.999417532466276270e+02	4.674842910998733281e-01	3.080253170750572034e-01	9.858228972093281695e-02	5.751475957956143914e-02	3.597413554124184037e-02	1.046672581639821430e-02	2.195248116684083220e-02
3.047795234602828600e+02	4.658822224389596034e-01	3.064304828791002966e-01	1.000089411107711879e-01	5.837838251081987895e-02	3.628397337011825957e-02	1.061185633886702409e-02	2.240414135126951936e-02
3.096172936739380930e+02	4.642655172321019097e-01	3.048663894694445542e-01	1.014265429720098699e-01	5.923759878986913086e-02	3.659269715205278051e-02	1.075677873042253478e-02	2.285447565400498121e-02
3.144550638875934396e+02	4.626360938706706172e-01	3.033311989306327061e-01	1.028350902939477451e-01	6.009238801197501478e-02	3.690028874771441453e-02	1.090148261242479717e-02	2.330345753254041766e-02
3.192928341012487294e+02	4.609957184793881946e-01	3.018232117765541900e-01	1.042345843183688503e-01	6.094273343523244624e-02	3.720673167502899087e-02	1.104595819240546811e-02	2.375106212292754995e-02
3.241306043149040192e+02	4.593460166658071553e-01	3.003408563113939556e-01	1.056250319967623613e-01	6.178862168617250961e-02	3.751201098463713413e-02	1.119019622432220785e-02	2.419726613081043740e-02
3.289683745285592522e+02	4.576884843650662060e-01	2.988826788095345632e-01	1.070064454901055867e-01	6.263004248811128438e-02	3.781611314485810310e-02	1.133418797178874921e-02	2.464204773044125982e-02
3.338061447422145420e+02	4.560244978495778811e-01	2.974473344513641204e-01	1.083788417079224881e-01	6.346698841048897810e-02	3.811902593542904755e-02	1.147792517405275825e-02	2.508538647107044078e-02
3.386439149558698318e+02	4.543553229679369587e-01	2.960335789567958842e-01	1.097422418835829333e-01	6.429945463758297841e-02	3.842073834934556925e-02	1.162140001451116185e-02	2.552726319015023379e-02
3.434816851695251216e+02	4.526821236723916342e-01	2.946402608627856079e-01	1.110966711830421033e-01	6.512743875510254576e-02	3.872124050218121033e-02	1.176460509156876909e-02	2.596765993283391832e-02
3.483194553831804114e+02	4.510059698896495273e-01	2.932663143952679574e-01	1.124421583444351336e-01	6.595094055328823424e-02	3.902052354831143932e-02	1.190753339166097935e-02	2.640655987729248130e-02
3.531572255968357013e+02	4.493278447855745261e-01	2.919107528897507131e-01	1.137787353461411771e-01	6.676996184524471023e-02	3.931857960351204523e-02	1.205017826427509132e-02	2.684394726540745638e-02
3.579949958104909342e+02	4.476486514704377528e-01	2.905726627183272681e-01	1.151064371011148169e-01	6.758450629933362985e-02	3.961540167344234503e-02	1.219253339881752954e-02	2.727980733843236513e-02
3.628327660241463377e+02	4.459692191877938083e-01	2.892511976841211641e-01	1.164253011754528833e-01	6.839457928454377444e-02	3.991098358756155901e-02	1.233459280318595364e-02	2.771412627724653341e-02
3.676705362378016275e+02	4.442903090267374955e-01	2.879455738471775050e-01	1.177353675293204838e-01	6.920018772783886885e-02	4.020531993806132631e-02	1.247635078391614964e-02	2.814689114685391125e-02
3.725083064514568036e+02	4.426126191942351684e-01	2.866550647485855974e-01	1.190366782785056837e-01	7.000133998256018175e-02	4.049840602342941881e-02	1.261780192778350768e-02	2.857808984480617043e-02
3.773460766651120935e+02	4.409367898814015585e-01	2.853789970021751721e-01	1.203292774750047839e-01	7.079804570703270017e-02	4.079023779628936780e-02	1.275894108474822861e-02	2.900771105325392410e-02
3.821838468787673833e+02	4.392634077549820715e-01	2.841167462254889919e-01	1.216132109051636379e-01	7.159031575258861801e-02	4.108081181518804387e-02	1.289976335214181730e-02	2.943574419435264142e-02
3.870216170924226162e+02	4.375930101028971952e-01	2.828677332839120706e-01	1.228885259040144035e-01	7.237816206028266364e-02	4.137012520002839033e-02	1.304026406000037726e-02	2.986217938877076816e-02
3.918593873060780197e+02	4.359260886604825469e-01	2.816314208238500094e-01	1.241552711845513302e-01	7.316159756562969074e-02	4.165817559086797822e-02	1.318043875745743623e-02	3.028700741706694469e-02
3.966971575197332527e+02	4.342630931420075613e-01	2.804073100727032530e-01	1.254134966807867457e-01	7.394063611074640219e-02	4.194496110982524895e-02	1.332028320011574216e-02	3.071021968372100730e-02
4.015349277333884856e+02	4.326044345001635594e-01	2.791949378850992480e-01	1.266632534035174174e-01	7.471529236332664914e-02	4.223048032585553085e-02	1.345979333832366363e-02	3.113180818361999461e-02
4.063726979470438323e+02	4.309504879344650541e-01	2.779938740164235034e-01	1.279045933078137021e-01	7.548558174192387948e-02	4.251473222217682507e-02	1.359896530628753285e-02	3.155176547081556954e-02
4.112104681606991221e+02	4.293015956678957745e-01	2.768037186061523269e-01	1.291375691713209650e-01	7.625152034705456883e-02	4.279771616614262697e-02	1.373779541195654756e-02	3.197008462938332601e-02
4.160482383743544119e+02	4.276580695096424134e-01	2.756240998548348253e-01	1.303622344825314250e-01	7.701312489767402070e-02	4.307943188137439150e-02	1.387628012762170786e-02	3.238675924622742841e-02
4.208860085880095880e+02	4.260201932203854791e-01	2.744546718798172025e-01	1.315786433382514775e-01	7.777041267261060320e-02	4.335987942198078759e-02	1.401441608117476312e-02	3.280178338568592172e-02
4.257237788016648778e+02	4.243882246953488147e-01	2.732951127359490862e-01	1.327868503495476249e-01	7.852340145657614456e-02	4.363905914870411934e-02	1.415220004797726645e-02	3.321515156580324979e-02
4.305615490153201677e+02	4.227623979791390041e-01	2.721451225885706537e-01	1.339869105555103190e-01	7.927210949039963095e-02	4.391697170684658730e-02	1.428962894329371437e-02	3.362685873614652821e-02
4.353993192289755143e+02	4.211429251253251960e-01	2.710044220270580451e-01	1.351788793442259551e-01	8.001655542515878627e-02	4.419361800584041544e-02	1.442669981524621024e-02	3.403690025705174982e-02
4.402370894426308041e+02	4.195299979127142254e-01	2.698727505081069955e-01	1.363628123803940217e-01	8.075675827990894118e-02	4.446899920033626358e-02	1.456340983825140864e-02	3.444527188019454872e-02
4.450748596562860939e+02	4.179237894293530986e-01	2.687498649187656241e-01	1.375387655390700459e-01	8.149273740273174638e-02	4.474311667269400411e-02	1.469975630690347791e-02	3.485196973038839907e-02
4.499126298699413837e+02	4.163244555344443043e-01	2.676355382500001379e-01	1.387067948450551869e-01	8.222451243484774075e-02	4.501597201676894172e-02	1.483573663026962683e-02	3.525699028852041089e-02
4.547504000835967304e+02	4.147321362075735429e-01	2.665295583722823713e-01	1.398669564174903068e-01	8.295210327755651869e-02	4.528756702289463143e-02	1.497134832656723744e-02	3.566033037554170587e-02
4.595881702972519065e+02	4.131469567939261012e-01	2.654317269053469985e-01	1.410193064192458989e-01	8.367553006178625463e-02	4.555790366397113184e-02	1.510658901819411128e-02	3.606198713743574008e-02
4.644259405109071963e+02	4.115690291535004097e-01	2.643418581748687712e-01	1.421639010107319245e-01	8.439481312005139846e-02	4.582698408257455253e-02	1.524145642708544558e-02	3.646195803109378991e-02
4.692637107245624861e+02	4.099984527217105934e-01	2.632597782493680261e-01	1.433007963077797819e-01	8.510997296063255169e-02	4.609481057901012452e-02	1.537594837037319778e-02	3.686024081103203565e-02
4.741014809382177759e+02	4.084353154882010561e-01	2.621853240511698435e-01	1.444300483432758297e-01	8.582103024380727252e-02	4.636138560023711497e-02	1.551006275632537020e-02	3.725683351688986039e-02
4.789392511518730657e+02	4.068796949001703966e-01	2.611183425357151977e-01	1.455517130322504238e-01	8.652800575997321442e-02	4.662671172959925725e-02	1.564379758054443986e-02	3.765173446165340915e-02
4.837770213655284124e+02	4.053316586960171719e-01	2.600586899339630831e-01	1.466658461401502411e-01	8.723092040951765935e-02	4.689079167729968273e-02	1.577715092240577696e-02	3.804494222055275487e-02
4.886147915791837022e+02	4.037912656746729945e-01	2.590062310530268919e-01	1.477725032540408157e-01	8.792979518429862307e-02	4.715362827156373976e-02	1.591012094171834201e-02	3.843645562058491116e-02
4.934525617928388783e+02	4.022585664055749466e-01	2.579608386305626277e-01	1.488717397565083589e-01	8.862465115061284038e-02	4.741522445043769990e-02	1.604270587559127395e-02	3.882627373061858789e-02
4.982903320064942250e+02	4.007336038838478776e-01	2.569223927387706552e-01	1.499636108020454273e-01	8.931550943353601391e-02	4.767558325417517451e-02	1.617490403549132899e-02	3.921439585203978506e-02
5.031281022201495148e+02	3.992164141349163198e-01	2.558907802341931492e-01	1.510481712957231215e-01	9.000239120252910563e-02	4.793470781816681903e-02	1.630671380447713467e-02	3.960082150990060917e-02
5.079658724338048046e+02	3.977070267724390762e-01	2.548658942497810109e-01	1.521254758739673529e-01	9.068531765821281898e-02	4.819260136637227437e-02	1.643813363459742383e-02	3.998555044453631219e-02
5.128036426474600376e+02	3.962054655131619918e-01	2.538476337259772397e-01	1.531955788872708391e-01	9.136431002022003811e-02	4.844926720521652852e-02	1.656916204444132748e-02	4.036858260361830819e-02
5.176414128611153274e+02	3.947117486520053675e-01	2.528359029778138312e-01	1.542585343846857027e-01	9.203938951604265228e-02	4.870470871791563600e-02	1.669979761682969382e-02	4.074991813461337903e-02
5.224791830747705035e+02	3.932258895004493993e-01	2.518306112952494180e-01	1.553143960999530393e-01	9.271057737079610450e-02	4.895892935919958500e-02	1.683003899663731637e-02	4.112955737762141045e-02
5.273169532884259070e+02	3.917478967910427712e-01	2.508316725741900899e-01	1.563632174391379470e-01	9.337789479783030477e-02	4.921193265040243320e-02	1.695988488873662742e-02	4.150750085856607513e-02
5.321547235020811968e+02	3.902777750506447041e-01	2.498390049758307807e-01	1.574050514696478942e-01	9.404136299012158529e-02	4.946372217489217182e-02	1.708933405605422493e-02	4.188374928271489106e-02
5.369924937157364866e+02	3.888155249448070894e-01	2.488525306121383562e-01	1.584399509105218484e-01	9.470100311238509316e-02	4.971430157381497711e-02	1.721838531773216621e-02	4.225830352850675625e-02
5.418302639293917764e+02	3.873611435955200966e-01	2.478721752554638169e-01	1.594679681238870550e-01	9.535683629385180438e-02	4.996367454213018061e-02	1.734703754738664908e-02	4.263116464166673975e-02
5.466680341430470662e+02	3.859146248743725027e-01	2.468978680704269624e-01	1.604891551074873468e-01	9.600888362165857504e-02	5.021184482491451023e-02	1.747528967145721424e-02	4.300233382958926903e-02
5.515058043567023560e+02	3.844759596730205620e-01	2.459295413663588059e-01	1.615035634881952231e-01	9.665716613480378194e-02	5.045881621391536814e-02	1.760314066764011309e-02	4.337181245597251933e-02
5.563435745703576458e+02	3.830451361527125176e-01	2.449671303687203650e-01	1.625112445164265118e-01	9.730170481862444876e-02	5.070459254433472979e-02	1.773058956340005377e-02	4.373960203568782318e-02
5.611813447840129356e+02	3.816221399744824661e-01	2.440105730080368296e-01	1.635122490613820645e-01	9.794252059975447344e-02	5.094917769182664286e-02	1.785763543455480551e-02	4.410570422986922340e-02
5.660191149976681118e+02	3.802069545115027149e-01	2.430598097249994927e-01	1.645066276070483169e-01	9.857963434152651472e-02	5.119257556969238759e-02	1.798427740392776267e-02	4.447012084120937486e-02
5.708568852113234016e+02	3.787995610449682582e-01	2.421147832904912978e-01	1.654944302488923213e-01	9.921306683978305119e-02	5.143479012625888636e-02	1.811051464006378092e-02	4.483285380944904835e-02
5.756946554249786914e+02	3.773999389447826869e-01	2.411754386393872296e-01	1.664757066911928818e-01	9.984283881906476366e-02	5.167582534242678299e-02	1.823634635600398721e-02	4.519390520704832936e-02
5.805324256386339812e+02	3.760080658362162098e-01	2.402417227170702552e-01	1.674505062449535564e-01	1.004689709291466809e-01	5.191568522937579921e-02	1.836177180811567056e-02	4.555327723502853449e-02
5.853701958522892710e+02	3.746239177536158649e-01	2.393135843376839045e-01	1.684188778263477626e-01	1.010914837418951245e-01	5.215437382641590486e-02	1.848679029497352772e-02	4.591097221897464525e-02
5.902079660659445608e+02	3.732474692821664553e-01	2.383909740532184907e-01	1.693808699556500486e-01	1.017103977484204308e-01	5.239189519897360231e-02	1.861140115628888772e-02	4.626699260518885026e-02
5.950457362795999643e+02	3.718786936886222527e-01	2.374738440325975808e-01	1.703365307566110376e-01	1.023257333565021771e-01	5.262825343670358286e-02	1.873560377188381726e-02	4.662134095698632769e-02
5.998835064932552541e+02	3.705175630418595101e-01	2.365621479499954993e-01	1.712859079562370768e-01	1.029375108882656792e-01	5.286345265171670665e-02	1.885939756070711959e-02	4.697401995112521905e-02
6.047212767069104302e+02	3.691640483240339332e-01	2.356558408816751826e-01	1.722290488849389511e-01	1.035457505780900400e-01	5.309749697691586862e-02	1.898278197988965271e-02	4.732503237436312682e-02
6.095590469205657200e+02	3.678181195330679221e-01	2.347548792106915749e-01	1.731660004770160799e-01	1.041504725707296658e-01	5.333039056443201337e-02	1.910575652383637857e-02	4.767438112013317603e-02
6.143968171342210098e+02	3.664797457771344358e-01	2.338592205388548839e-01	1.740968092714459681e-01	1.047516969196323200e-01	5.356213758415324239e-02	1.922832072335287079e-02	4.802206918533311053e-02
6.192345873478761860e+02	3.651488953617557098e-01	2.329688236053959194e-01	1.750215214129510199e-01	1.053494435854384070e-01	5.379274222234026875e-02	1.935047414480418199e-02	4.836809966722126208e-02
6.240723575615315895e+02	3.638255358700854813e-01	2.320836482118175392e-01	1.759401826533165125e-01	1.059437324346471088e-01	5.402220868032218265e-02	1.947221638930402704e-02	4.871247576041382726e-02
6.289101277751868793e+02	3.625096342369000801e-01	2.312036551524567218e-01	1.768528383529361092e-01	1.065345832384361896e-01	5.425054117326690711e-02	1.959354709193250957e-02	4.905520075397819257e-02
6.337478979888421691e+02	3.612011568167832753e-01	2.303288061503179218e-01	1.777595334825631535e-01	1.071220156716233690e-01	5.447774392902099416e-02	1.971446592098066372e-02	4.939627802861733946e-02
6.385856682024975726e+02	3.599000694469537964e-01	2.294590637977724223e-01	1.786603126252473139e-01	1.077060493117580064e-01	5.470382118701411917e-02	1.983497257722022233e-02	4.973571105394081898e-02
6.434234384161527487e+02	3.586063375051468660e-01	2.285943915017498995e-01	1.795552199784384295e-01	1.082867036383327319e-01	5.492877719722361052e-02	1.995506679319716814e-02	5.007350338581804255e-02
6.482612086298080385e+02	3.573199259629324387e-01	2.277347534330762258e-01	1.804442993562399011e-01	1.088639980321054468e-01	5.515261621919502477e-02	2.007474833254773577e-02	5.040965866380996835e-02
6.530989788434633283e+02	3.560407994348220306e-01	2.268801144796391278e-01	1.813275941917968370e-01	1.094379517745230068e-01	5.537534252111486061e-02	2.019401698933554617e-02	5.074418060867533220e-02
6.579367490571185044e+02	3.547689222234882700e-01	2.260304402030875182e-01	1.822051475398037690e-01	1.100085840472382476e-01	5.559696037893196302e-02	2.031287258740876664e-02	5.107707301994820343e-02
6.627745192707737942e+02	3.535042583613982048e-01	2.251856967987927727e-01	1.830770020791190333e-01	1.105759139317129408e-01	5.581747407552423851e-02	2.043131497977617242e-02	5.140833977358341689e-02
6.676122894844290840e+02	3.522467716491360923e-01	2.243458510588213217e-01	1.839432001154736596e-01	1.111399604088998683e-01	5.603688789990775299e-02	2.054934404800112108e-02	5.173798481966702251e-02
6.724500596980843738e+02	3.509964256906719648e-01	2.235108703376873229e-01	1.848037835842635535e-01	1.117007423589973791e-01	5.625520614648533285e-02	2.066695970161248896e-02	5.206601218018885174e-02
6.772878299117396637e+02	3.497531839258114505e-01	2.226807225206715313e-01	1.856587940534147885e-01	1.122582785612707412e-01	5.647243311433212259e-02	2.078416187753170941e-02	5.239242594687460591e-02
6.821256001253949535e+02	3.485170096600442302e-01	2.218553759945096349e-01	1.865082727263124851e-01	1.128125876939347488e-01	5.668857310651571890e-02	2.090095053951510767e-02	5.271723027907496834e-02
6.869633703390502433e+02	3.472878660919929694e-01	2.210347996202677578e-01	1.873522604447848128e-01	1.133636883340926049e-01	5.690363042944855676e-02	2.101732567761076254e-02	5.304042940170944354e-02
6.918011405527055331e+02	3.460657163386465784e-01	2.202189627082374868e-01	1.881907976921339265e-01	1.139115989577263593e-01	5.711760939227064626e-02	2.113328730762920396e-02	5.336202760326275163e-02
6.966389107663608229e+02	3.448505234585506063e-01	2.194078349946951001e-01	1.890239245962069548e-01	1.144563379397347952e-01	5.733051430626055767e-02	2.124883547062730166e-02	5.368202923383169622e-02
7.014766809800161127e+02	3.436422504731119210e-01	2.186013866203820044e-01	1.898516809325001276e-01	1.149979235540146277e-01	5.754234948427306567e-02	2.136397023240469914e-02	5.400043870322066702e-02
7.063144511936714025e+02	3.424408603861630040e-01	2.177995881105745657e-01	1.906741061272901050e-01	1.155363739735815465e-01	5.775311924020170434e-02	2.147869168301226941e-02	5.431726047908391058e-02
7.111522214073266923e+02	3.412463162019217511e-01	2.170024103566211005e-01	1.914912392607869551e-01	1.160717072707276032e-01	5.796282788846476158e-02	2.159299993627204414e-02	5.463249908511290387e-02
7.159899916209819821e+02	3.400585809414695126e-01	2.162098245988334777e-01	1.923031190703035076e-01	1.166039414172120176e-01	5.817147974351326994e-02	2.170689512930809931e-02	5.494615909926724162e-02
7.208277618346371582e+02	3.388776176578631727e-01	2.154218024106296925e-01	1.931097839534366978e-01	1.171330942844823475e-01	5.837907911935971000e-02	2.182037742208799147e-02	5.525824515204749016e-02
7.256655320482924481e+02	3.377033894499863464e-01	2.146383156838314876e-01	1.939112719712565991e-01	1.176591836439235816e-01	5.858563032912623980e-02	2.193344699697423461e-02	5.556876192480863369e-02
7.305033022619478515e+02	3.365358594752376198e-01	2.138593366150282893e-01	1.947076208514990359e-01	1.181822271671326141e-01	5.879113768461124295e-02	2.204610405828548100e-02	5.587771414811276011e-02
7.353410724756030277e+02	3.353749909611463131e-01	2.130848376929261601e-01	1.954988679917587791e-01	1.187022424262158399e-01	5.899560549587321012e-02	2.215834883186700022e-02	5.618510660011972330e-02
7.401788426892584312e+02	3.342207472159980375e-01	2.123147916866058582e-01	1.962850504626796055e-01	1.192192468941079414e-01	5.919903807083099628e-02	2.227018156467008847e-02	5.649094410501453306e-02
7.450166129029136073e+02	3.330730916385477025e-01	2.115491716346210027e-01	1.970662050111385011e-01	1.197332579449098405e-01	5.940143971487949620e-02	2.238160252434011344e-02	5.679523153147041092e-02
7.498543831165690108e+02	3.319319877268908092e-01	2.107879508348715070e-01	1.978423680634215642e-01	1.202442928542440531e-01	5.960281473051996792e-02	2.249261199881282675e-02	5.709797379114637389e-02
7.546921533302243006e+02	3.307973990865575864e-01	2.100311028351935505e-01	1.986135757283888359e-01	1.207523687996259892e-01	5.980316741700412303e-02	2.260321029591871173e-02	5.739917583721840244e-02
7.595299235438793630e+02	3.296692894378911443e-01	2.092786014246107440e-01	1.993798638006263058e-01	1.212575028608495059e-01	6.000250206999136610e-02	2.271339774299505412e-02	5.769884266294307562e-02
7.643676937575347665e+02	3.285476226227656560e-01	2.085304206251964720e-01	2.001412677635827919e-01	1.217597120203854494e-01	6.020082298121845477e-02	2.282317468650547909e-02	5.799697930025292381e-02
7.692054639711900563e+02	3.274323626106945273e-01	2.077865346845005901e-01	2.008978227926900562e-01	1.222590131637918826e-01	6.039813443818093514e-02	2.293254149166672889e-02	5.829359081838249995e-02
7.740432341848452324e+02	3.263234735043776813e-01	2.070469180684973154e-01	2.016495637584647393e-01	1.227554230801349150e-01	6.059444072382580426e-02	2.304149854208242115e-02	5.858868232252437830e-02
7.788810043985006359e+02	3.252209195447307022e-01	2.063115454550145667e-01	2.023965252295904238e-01	1.232489584624189005e-01	6.078974611625483082e-02	2.315004623938360373e-02	5.888225895251422010e-02
7.837187746121558121e+02	3.241246651154366942e-01	2.055803917276085580e-01	2.031387414759786292e-01	1.237396359080251279e-01	6.098405488843802041e-02	2.325818500287589810e-02	5.917432588154431655e-02
7.885565448258112156e+02	3.230346747470582147e-01	2.048534319698488426e-01	2.038762464718077705e-01	1.242274719191581306e-01	6.117737130793677452e-02	2.336591526919298833e-02	5.946488831490462368e-02
7.933943150394665054e+02	3.219509131207430874e-01	2.041306414599833863e-01	2.046090738985388569e-01	1.247124829032986160e-01	6.136969963663626432e-02	2.347323749195634815e-02	5.975395148875078249e-02
7.982320852531219089e+02	3.208733450715569036e-01	2.034119956659547479e-01	2.053372571479072095e-01	1.251946851736624178e-01	6.156104413048662377e-02	2.358015214144097704e-02	6.004152066889840988e-02
8.030698554667769713e+02	3.198019355914709094e-01	2.026974702407400297e-01	2.060608293248891720e-01	1.256740949496646109e-01	6.175140903925259439e-02	2.368665970424701367e-02	6.032760114964297316e-02
8.079076256804323748e+02	3.187366498320319264e-01	2.019870410179906983e-01	2.067798232506435352e-01	1.261507283573882199e-01	6.194079860627117046e-02	2.379276068297703564e-02	6.061219825260467237e-02
8.127453958940876646e+02	3.176774531067405594e-01	2.012806840079495174e-01	2.074942714654265385e-01	1.266246014300569100e-01	6.212921706821707135e-02	2.389845559591893473e-02	6.089531732559776145e-02
8.175831661077428407e+02	3.166243108931591776e-01	2.005783753936232761e-01	2.082042062314804209e-01	1.270957301085110791e-01	6.231666865487551360e-02	2.400374497673420093e-02	6.117696374152364891e-02
8.224209363213982442e+02	3.155771888347723153e-01	1.998800915271922163e-01	2.089096595358948816e-01	1.275641302416868905e-01	6.250315758892213691e-02	2.410862937415150439e-02	6.145714289728738261e-02
8.272587065350534203e+02	3.145360527426185326e-01	1.991858089266383136e-01	2.096106630934408965e-01	1.280298175870976107e-01	6.268868808570977891e-02	2.421310935166541556e-02	6.173586021273679003e-02
8.320964767487085965e+02	3.135008685967113351e-01	1.984955042725758401e-01	2.103072483493770573e-01	1.284928078113171113e-01	6.287326435306177241e-02	2.431718548724016993e-02	6.201312112962399647e-02
8.369342469623640000e+02	3.124716025472673020e-01	1.978091544052691109e-01	2.109994464822275428e-01	1.289531164904648697e-01	6.305689059107155714e-02	2.442085837301835247e-02	6.228893111058859955e-02
8.417720171760191761e+02	3.114482209157548587e-01	1.971267363218232316e-01	2.116872884065321425e-01	1.294107591106922195e-01	6.323957099190835596e-02	2.452412861503438374e-02	6.256329563816223627e-02
8.466097873896745796e+02	3.104306901957797349e-01	1.964482271735347729e-01	2.123708047755678563e-01	1.298657510686695438e-01	6.342130973962882556e-02	2.462699683293270714e-02	6.283622021379391132e-02
8.514475576033297557e+02	3.094189770538199880e-01	1.957736042633909379e-01	2.130500259840418797e-01	1.303181076720740239e-01	6.360211100999417499e-02	2.472946365969056967e-02	6.310771035689578812e-02
8.562853278169851592e+02	3.084130483298208603e-01	1.951028450437053696e-01	2.137249821707563335e-01	1.307678441400776936e-01	6.378197897029290464e-02	2.483152974134531649e-02	6.337777160390888065e-02
8.611230980306403353e+02	3.074128710376635709e-01	1.944359271138811351e-01	2.143957032212439884e-01	1.312149756038355763e-01	6.396091777916870780e-02	2.493319573672607772e-02	6.364640950738834069e-02
8.659608682442956251e+02	3.064184123655156466e-01	1.937728282182909212e-01	2.150622187703759292e-01	1.316595171069737114e-01	6.413893158645353476e-02	2.503446231718976789e-02	6.391362963510788253e-02
8.707986384579510286e+02	3.054296396760743937e-01	1.931135262442661427e-01	2.157245582049403809e-01	1.321014836060765696e-01	6.431602453300562516e-02	2.513533016636133530e-02	6.417943756918298437e-02
8.756364086716062047e+02	3.044465205067111158e-01	1.924579992201864986e-01	2.163827506661930855e-01	1.325408899711741084e-01	6.449220075055221713e-02	2.523579997987812282e-02	6.444383890521240832e-02
8.804741788852616082e+02	3.034690225695241828e-01	1.918062253136630924e-01	2.170368250523794784e-01	1.329777509862277995e-01	6.466746436153689159e-02	2.533587246513832256e-02	6.470683925143781712e-02
8.853119490989170117e+02	3.024971137513094432e-01	1.911581828298078711e-01	2.176868100212284718e-01	1.334120813496159630e-01	6.484181947897155185e-02	2.543554834105341347e-02	6.496844422792096008e-02
8.901497193125721878e+02	3.015307621134534766e-01	1.905138502095830855e-01	2.183327339924180377e-01	1.338438956746177966e-01	6.501527020629258025e-02	2.553482833780448824e-02	6.522865946573823404e-02
8.949874895262273640e+02	3.005699358917572894e-01	1.898732060282251888e-01	2.189746251500129803e-01	1.342732084898963507e-01	6.518782063722138032e-02	2.563371319660243813e-02	6.548749060619211970e-02
8.998252597398827675e+02	2.996146034961953419e-01	1.892362289937375153e-01	2.196125114448748139e-01	1.347000342399798933e-01	6.535947485562888792e-02	2.573220366945189880e-02	6.574494330003943787e-02
9.046630299535379436e+02	2.986647335106162870e-01	1.886028979454468235e-01	2.202464205970439404e-01	1.351243872857420258e-01	6.553023693540414862e-02	2.583030051891889098e-02	6.600102320673562062e-02
9.095008001671932334e+02	2.977202946923895865e-01	1.879731918526193757e-01	2.208763800980945435e-01	1.355462819048800227e-01	6.570011094032679466e-02	2.592800451790211458e-02	6.625573599369527500e-02
9.143385703808486369e+02	2.967812559720028331e-01	1.873470898131317230e-01	2.215024172134621161e-01	1.359657322923917278e-01	6.586910092394328287e-02	2.602531644940778155e-02	6.650908733556827601e-02
9.191763405945038130e+02	2.958475864526143861e-01	1.867245710521930335e-01	2.221245589847438973e-01	1.363827525610503966e-01	6.603721092944675464e-02	2.612223710632797721e-02	6.676108291353127777e-02
9.240141108081592165e+02	2.949192554095650953e-01	1.861056149211146038e-01	2.227428322319727205e-01	1.367973567418778458e-01	6.620444498956061519e-02	2.621876729122247715e-02	6.701172841459437923e-02
9.288518810218145063e+02	2.939962322898521108e-01	1.854902008961236970e-01	2.233572635558642994e-01	1.372095587846157150e-01	6.637080712642545732e-02	2.631490781610391905e-02	6.726102953092254200e-02
9.336896512354697961e+02	2.930784867115693304e-01	1.848783085772185142e-01	2.239678793400379231e-01	1.376193725581946747e-01	6.653630135148946856e-02	2.641065950222633296e-02	6.750899195917159368e-02
9.385274214491247449e+02	2.921659884633160953e-01	1.842699176870613298e-01	2.245747057532113677e-01	1.380268118512015252e-01	6.670093166540214114e-02	2.650602317987694675e-02	6.775562139983849763e-02
9.433651916627801484e+02	2.912587075035784068e-01	1.836650080699072096e-01	2.251777687513698833e-01	1.384318903723444072e-01	6.686470205791122945e-02	2.660099968817119728e-02	6.800092355662559762e-02
9.482029618764355519e+02	2.903566139600844420e-01	1.830635596905659801e-01	2.257770940799095627e-01	1.388346217509156544e-01	6.702761650776281610e-02	2.669558987485091614e-02	6.824490413581861536e-02
9.530407320900908417e+02	2.894596781291363663e-01	1.824655526333949784e-01	2.263727072757555914e-01	1.392350195372526189e-01	6.718967898260459759e-02	2.678979459608564484e-02	6.848756884567815117e-02
9.578785023037459041e+02	2.885678704749221613e-01	1.818709671013208073e-01	2.269646336694553512e-01	1.396330972031962492e-01	6.735089343889201496e-02	2.688361471627699617e-02	6.872892339584442400e-02
9.627162725174014213e+02	2.876811616288077467e-01	1.812797834148878739e-01	2.275528983872466549e-01	1.400288681425472803e-01	6.751126382179742369e-02	2.697705110786605132e-02	6.896897349675498723e-02
9.675540427310568248e+02	2.867995223886128375e-01	1.806919820113320196e-01	2.281375263531017217e-01	1.404223456715203433e-01	6.767079406512212236e-02	2.707010465114370601e-02	6.920772485907525362e-02
9.723918129447120009e+02	2.859229237178710914e-01	1.801075434436779643e-01	2.287185422907467847e-01	1.408135430291956036e-01	6.782948809121124023e-02	2.716277623406396918e-02	6.944518319314139931e-02
9.772295831583674044e+02	2.850513367450766555e-01	1.795264483798582611e-01	2.292959707256577717e-01	1.412024733779681795e-01	6.798734981087123375e-02	2.725506675206011004e-02	6.968135420841582717e-02
9.820673533720223531e+02	2.841847327629189457e-01	1.789486776018532344e-01	2.298698359870324226e-01	1.415891498039952290e-01	6.814438312329024194e-02	2.734697710786365005e-02	6.991624361295435686e-02
9.869051235856777566e+02	2.833230832275061006e-01	1.783742120048500135e-01	2.304401622097387858e-01	1.419735853176405105e-01	6.830059191596095369e-02	2.743850821132613749e-02	7.014985711288562742e-02
9.917428937993331601e+02	2.824663597575792773e-01	1.778030325964196912e-01	2.310069733362407618e-01	1.423557928539167794e-01	6.845598006460611173e-02	2.752966097924368014e-02	7.038220041190181020e-02
9.965806640129884499e+02	2.816145341337183972e-01	1.772351204957115234e-01	2.315702931185008584e-01	1.427357852729256582e-01	6.861055143310648696e-02	2.762043633518417030e-02	7.061327921076102077e-02
1.001418434226643626e+03	2.807675782975405654e-01	1.766704569326630336e-01	2.321301451198601873e-01	1.431135753602951199e-01	6.876430987343133683e-02	2.771083520931716046e-02	7.084309920680070816e-02
1.006256204440298802e+03	2.799254643508922724e-01	1.761090232472250217e-01	2.326865527168962000e-01	1.434891758276146678e-01	6.891725922557134787e-02	2.780085853824638964e-02	7.107166609346221575e-02
1.011093974653954206e+03	2.790881645550359336e-01	1.755508008886010052e-01	2.332395391012586083e-01	1.438625993128679614e-01	6.906940331747371542e-02	2.789050726484486667e-02	7.129898555982608355e-02
1.015931744867609382e+03	2.782556513298319323e-01	1.749957714144995957e-01	2.337891272814831001e-01	1.442338583808631391e-01	6.922074596497983234e-02	2.797978233809251397e-02	7.152506329015806408e-02
1.020769515081264785e+03	2.774278972529167220e-01	1.744439164903998640e-01	2.343353400847841272e-01	1.446029655236606981e-01	6.937129097176505943e-02	2.806868471291629197e-02	7.174990496346536628e-02
1.025607285294920075e+03	2.766048750588779859e-01	1.738952178888283628e-01	2.348782001588259616e-01	1.449699331609989317e-01	6.952104212928071625e-02	2.815721535003281456e-02	7.197351625306337708e-02
1.030445055508575479e+03	2.757865576384268547e-01	1.733496574886472241e-01	2.354177299734731832e-01	1.453347736407169521e-01	6.967000321669833407e-02	2.824537521579338975e-02	7.219590282615225008e-02
1.035282825722230655e+03	2.749729180375685145e-01	1.728072172743532753e-01	2.359539518225201582e-01	1.456974992391753543e-01	6.981817800085594883e-02	2.833316528203144724e-02	7.241707034340341687e-02
1.040120595935886058e+03	2.741639294567716489e-01	1.722678793353870086e-01	2.364868878254003381e-01	1.460581221616744363e-01	6.996557023620653126e-02	2.842058652591232526e-02	7.263702445855588219e-02
1.044958366149541234e+03	2.733595652501362161e-01	1.717316258654512096e-01	2.370165599288751590e-01	1.464166545428699506e-01	7.011218366476842934e-02	2.850763992978539926e-02	7.285577081802184496e-02
1.049796136363196410e+03	2.725597989245616137e-01	1.711984391618386336e-01	2.375429899087032892e-01	1.467731084471865233e-01	7.025802201607783681e-02	2.859432648103846925e-02	7.307331506050190884e-02
1.054633906576851814e+03	2.717646041389143452e-01	1.706683016247684814e-01	2.380661993712898661e-01	1.471274958692287693e-01	7.040308900714323248e-02	2.868064717195443342e-02	7.328966281660918847e-02
1.059471676790506763e+03	2.709739547031962403e-01	1.701411957567309785e-01	2.385862097553168026e-01	1.474798287341897440e-01	7.054738834240170675e-02	2.876660299957017192e-02	7.350481970850267222e-02
1.064309447004162394e+03	2.701878245777134535e-01	1.696171041618400321e-01	2.391030423333533605e-01	1.478301188982573122e-01	7.069092371367718952e-02	2.885219496553761628e-02	7.371879134952932788e-02
1.069147217217817570e+03	2.694061878722464054e-01	1.690960095451932155e-01	2.396167182134483764e-01	1.481783781490179919e-01	7.083369880014053765e-02	2.893742407598698038e-02	7.393158334387481267e-02
1.073984987431472746e+03	2.686290188452210015e-01	1.685778947122391347e-01	2.401272583407033923e-01	1.485246182058583275e-01	7.097571726827142657e-02	2.902229134139214239e-02	7.414320128622288453e-02
1.078822757645127922e+03	2.678562919028816269e-01	1.680627425681517906e-01	2.406346834988275507e-01	1.488688507203641820e-01	7.111698277182204597e-02	2.910679777643808419e-02	7.435365076142304297e-02
1.083660527858783553e+03	2.670879815984660288e-01	1.675505361172112129e-01	2.411390143116743379e-01	1.492110872767174190e-01	7.125749895178243309e-02	2.919094439989041931e-02	7.456293734416646890e-02
1.088498298072438729e+03	2.663240626313820303e-01	1.670412584621909502e-01	2.416402712447602852e-01	1.495513393920904210e-01	7.139726943634765177e-02	2.927473223446696096e-02	7.477106659866998573e-02
1.093336068286093905e+03	2.655645098463869647e-01	1.665348928037512777e-01	2.421384746067660743e-01	1.498896185170380813e-01	7.153629784088656740e-02	2.935816230671127805e-02	7.497804407836802798e-02
1.098173838499749309e+03	2.648092982327691636e-01	1.660314224398385941e-01	2.426336445510199891e-01	1.502259360358877138e-01	7.167458776791227337e-02	2.944123564686824956e-02	7.518387532561228437e-02
1.103011608713404712e+03	2.640584029235323316e-01	1.655308307650904809e-01	2.431258010769642153e-01	1.505603032671264940e-01	7.181214280705408570e-02	2.952395328876155495e-02	7.538856587137908460e-02
1.107849378927059888e+03	2.633117991945829184e-01	1.650331012702460076e-01	2.436149640316042086e-01	1.508927314637867056e-01	7.194896653503121686e-02	2.960631626967309346e-02	7.559212123498416924e-02
1.112687149140715292e+03	2.625694624639196562e-01	1.645382175415618653e-01	2.441011531109411326e-01	1.512232318138284626e-01	7.208506251562790679e-02	2.968832563022429094e-02	7.579454692380499514e-02
1.117524919354370468e+03	2.618313682908275375e-01	1.640461632602332187e-01	2.445843878613876976e-01	1.515518154405204876e-01	7.222043429967006656e-02	2.976998241425927658e-02	7.599584843301004922e-02
1.122362689568025871e+03	2.610974923750735699e-01	1.635569222018197766e-01	2.450646876811677088e-01	1.518784934028184486e-01	7.235508542500353191e-02	2.985128766872989156e-02	7.619603124529546190e-02
1.127200459781681047e+03	2.603678105561068046e-01	1.630704782356766080e-01	2.455420718216994591e-01	1.522032766957410188e-01	7.248901941647355185e-02	2.993224244358252614e-02	7.639510083062849011e-02
1.132038229995336451e+03	2.596422988122611963e-01	1.625868153243897607e-01	2.460165593889631630e-01	1.525261762507437446e-01	7.262223978590594264e-02	3.001284779164673649e-02	7.659306264599785585e-02
1.136876000208991627e+03	2.589209332599626268e-01	1.621059175232165417e-01	2.464881693448527367e-01	1.528472029360906925e-01	7.275475003208947689e-02	3.009310476852561020e-02	7.678992213517077392e-02
1.141713770422646803e+03	2.582036901529385364e-01	1.616277689795300176e-01	2.469569205085118402e-01	1.531663675572238204e-01	7.288655364075972976e-02	3.017301443248789766e-02	7.698568472845662702e-02
1.146551540636302207e+03	2.574905458814319981e-01	1.611523539322681775e-01	2.474228315576549597e-01	1.534836808571302669e-01	7.301765408458421591e-02	3.025257784436182276e-02	7.718035584247706637e-02
1.151389310849957155e+03	2.567814769714191203e-01	1.606796567113871199e-01	2.478859210298729743e-01	1.537991535167073098e-01	7.314805482314888641e-02	3.033179606743060044e-02	7.737394087994249603e-02
1.156227081063612786e+03	2.560764600838303373e-01	1.602096617373186538e-01	2.483462073239242063e-01	1.541127961551251591e-01	7.327775930294591622e-02	3.041067016732961620e-02	7.756644522943473286e-02
1.161064851277267962e+03	2.553754720137751399e-01	1.597423535204315348e-01	2.488037087010103732e-01	1.544246193301877235e-01	7.340677095736276858e-02	3.048920121194523963e-02	7.775787426519584211e-02
1.165902621490923138e+03	2.546784896897713590e-01	1.592777166604972816e-01	2.492584432860382726e-01	1.547346335386910743e-01	7.353509320667241111e-02	3.056739027131525135e-02	7.794823334692296823e-02
1.170740391704578315e+03	2.539854901729775016e-01	1.588157358461593227e-01	2.497104290688671457e-01	1.550428492167797989e-01	7.366272945802491978e-02	3.064523841753087965e-02	7.813752781956907756e-02
1.175578161918233945e+03	2.532964506564295837e-01	1.583563958544062511e-01	2.501596839055416632e-01	1.553492767403012176e-01	7.378968310544010978e-02	3.072274672464038459e-02	7.832576301314937706e-02
1.180415932131889122e+03	2.526113484642816265e-01	1.578996815500489093e-01	2.506062255195112276e-01	1.556539264251576016e-01	7.391595752980145706e-02	3.079991626855419981e-02	7.851294424255357562e-02
1.185253702345544298e+03	2.519301610510501499e-01	1.574455778852009158e-01	2.510500715028352592e-01	1.559568085276560601e-01	7.404155609885106071e-02	3.087674812695161142e-02	7.869907680736358546e-02
1.190091472559199701e+03	2.512528660008626624e-01	1.569940698987629113e-01	2.514912393173749927e-01	1.562579332448565672e-01	7.416648216718584041e-02	3.095324337918892860e-02	7.888416599167671905e-02
1.194929242772855105e+03	2.505794410267100925e-01	1.565451427159105235e-01	2.519297462959721456e-01	1.565573107149176857e-01	7.429073907625474704e-02	3.102940310620912537e-02	7.906821706393434013e-02
