2.370507404691088880e+02	4.855950135417269053e-01	3.328965208058444203e-01	7.911642025750610652e-02	4.593488062404153804e-02	3.198087591215274805e-02	8.562662528735996356e-03	1.591362632989630835e-02
2.418885106827641494e+02	4.844529054266895618e-01	3.306486501587667659e-01	8.065941695303242842e-02	4.685079149509811108e-02	3.229947858471854394e-02	8.708869004516298085e-03	1.637988837708225648e-02
2.467262808964194392e+02	4.832505147164207759e-01	3.284741701125746816e-01	8.219426512562787168e-02	4.776308951233339262e-02	3.261748587674235395e-02	8.855088571880902551e-03	1.684538608432399609e-02
2.515640511100747290e+02	4.819933018273362957e-01	3.263680319578601829e-01	8.372080532664155639e-02	4.867166642611256422e-02	3.293484040871817731e-02	9.001297766009226653e-03	1.731005628722593823e-02
2.564018213237300188e+02	4.806863044515455319e-01	3.243255700037837030e-01	8.523889708700889412e-02	4.957642450320230015e-02	3.325148934625658109e-02	9.147474618091112203e-03	1.777383999001582240e-02
2.612395915373852517e+02	4.793341699315614157e-01	3.223424722902148432e-01	8.674841739138876295e-02	5.047727570889654763e-02	3.356738405744525561e-02	9.293598547593604278e-03	1.823668207280357972e-02
2.660773617510405415e+02	4.779411851576071957e-01	3.204147535407734226e-01	8.824925927001028847e-02	5.137414095180530688e-02	3.388247979631068413e-02	9.439650262666821404e-03	1.869853102073028642e-02
2.709151319646958882e+02	4.765113041770850932e-01	3.185387301853053188e-01	8.974133049920836325e-02	5.226694938651094136e-02	3.419673541038584230e-02	9.585611668067673188e-03	1.915933867334079777e-02
2.757529021783511780e+02	4.750481736912666730e-01	3.167109972934458173e-01	9.122455240231792939e-02	5.315563776966360232e-02	3.451011307054119293e-02	9.731465780027669099e-03	1.961905999264112674e-02
2.805906723920064678e+02	4.735551566008704971e-01	3.149284072730408890e-01	9.269885874323476049e-02	5.404014986542626797e-02	3.482257802137748298e-02	9.877196647534973103e-03	2.007765284841912454e-02
2.854284426056617008e+02	4.720353537498221397e-01	3.131880501983844156e-01	9.416419470553880067e-02	5.492043589649271002e-02	3.513409835060882225e-02	1.002278927954135083e-02	2.053507781951575961e-02
2.902662128193169337e+02	4.704916240050674436e-01	3.114872356435641754e-01	9.562051595062025233e-02	5.579645203719078156e-02	3.544464477598478075e-02	1.016822957764210167e-02	2.099129800983456570e-02
2.951039830329722804e+02	4.689266027997611719e-01	3.098234759057496013e-01	9.706778774875078619e-02	5.666815994545016527e-02	3.575419044841140342e-02	1.031350427381161686e-02	2.144627887796941509e-02
2.999417532466276270e+02	4.673427192574102773e-01	3.081944705120692740e-01	9.850598417750550118e-02	5.753552633066036370e-02	3.606271077003325720e-02	1.045860087280910469e-02	2.189998807941642006e-02
3.047795234602828600e+02	4.657422120055546566e-01	3.065980919118603265e-01	9.993508738237016908e-02	5.839852255467205960e-02	3.637018322613366772e-02	1.060350759889852786e-02	2.235239532041474741e-02
3.096172936739380930e+02	4.641271437792593990e-01	3.050323722635908674e-01	1.013550868947631078e-01	5.925712426340536826e-02	3.667658722979745545e-02	1.074821334655398468e-02	2.280347222253405193e-02
3.144550638875934396e+02	4.624994149070193461e-01	3.034954912326939258e-01	1.027659790030666098e-01	6.011131104672251535e-02	3.698190397836131904e-02	1.089270763484691956e-02	2.325319219719369779e-02
3.192928341012487294e+02	4.608607757645931668e-01	3.019857647229619024e-01	1.041677661726001375e-01	6.096106612440164302e-02	3.728611632075163468e-02	1.103698056523476009e-02	2.370153032936105769e-02
3.241306043149040192e+02	4.592128382757382221e-01	3.005016344700693343e-01	1.055604565107784998e-01	6.180637605621413372e-02	3.758920863487822533e-02	1.118102278249200401e-02	2.414846326973382751e-02
3.289683745285592522e+02	4.575570865327759917e-01	2.990416584312561299e-01	1.069440632739865477e-01	6.264723047426055957e-02	3.789116671431628364e-02	1.132482543854458623e-02	2.459396913476416535e-02
3.338061447422145420e+02	4.558948866043374681e-01	2.976045019102530054e-01	1.083186044129667014e-01	6.348362183586156449e-02	3.819197766356728641e-02	1.146838015898663139e-02	2.503802741393163639e-02
3.386439149558698318e+02	4.542274955924844870e-01	2.961889293611908447e-01	1.096841021537616478e-01	6.431554519543050685e-02	3.849162980124413297e-02	1.161167901207558334e-02	2.548061888371713074e-02
3.434816851695251216e+02	4.525560699966438283e-01	2.947937968195405434e-01	1.110405826114805039e-01	6.514299799387476830e-02	3.879011257057566470e-02	1.175471448001731180e-02	2.592172552777176689e-02
3.483194553831804114e+02	4.508816734373953250e-01	2.934180449121062129e-01	1.123880754343663108e-01	6.596597986418403781e-02	3.908741645667199172e-02	1.189747943236713762e-02	2.636133046281338016e-02
3.531572255968357013e+02	4.492052837890980199e-01	2.920606924017643546e-01	1.137266134758354308e-01	6.678449245196670103e-02	3.938353291003490741e-02	1.203996710138612557e-02	2.679941786981885482e-02
3.579949958104909342e+02	4.475277997665892959e-01	2.907208302260325117e-01	1.150562324923383450e-01	6.759853924978972972e-02	3.967845427583690382e-02	1.218217105920412456e-02	2.723597293011352852e-02
3.628327660241463377e+02	4.458500470077305100e-01	2.893976159916820112e-01	1.163769708650556484e-01	6.840812544426566610e-02	3.997217372852894524e-02	1.232408519665252437e-02	2.767098176598920337e-02
3.676705362378016275e+02	4.441727836903769933e-01	2.880902688905002673e-01	1.176888693435953898e-01	6.921325777491070530e-02	4.026468521137062384e-02	1.246570370364006621e-02	2.810443138551052891e-02
3.725083064514568036e+02	4.424967057193981979e-01	2.867980650039778090e-01	1.189919708099981543e-01	7.001394440387280482e-02	4.055598338050747653e-02	1.260702105095477983e-02	2.853630963119535568e-02
3.773460766651120935e+02	4.408224515166469515e-01	2.855203329671622825e-01	1.202863200614863182e-01	7.081019479569750086e-02	4.084606355324890692e-02	1.274803197338400008e-02	2.896660513227862152e-02
3.821838468787673833e+02	4.391506064442609603e-01	2.842564499641960230e-01	1.215719636105135615e-01	7.160201960636311536e-02	4.113492166022669067e-02	1.288873145405271432e-02	2.939530726029153038e-02
3.870216170924226162e+02	4.374817068893528949e-01	2.830058380301605503e-01	1.228489495007811655e-01	7.238943058087532467e-02	4.142255420113841874e-02	1.302911470988808891e-02	2.982240608770812818e-02
3.918593873060780197e+02	4.358162440360007772e-01	2.817679606357892941e-01	1.241173271379901882e-01	7.317244045876600267e-02	4.170895820380295799e-02	1.316917717812503621e-02	3.024789234943029911e-02
3.966971575197332527e+02	4.341546673484661945e-01	2.805423195334054709e-01	1.253771471341924570e-01	7.395106288689086427e-02	4.199413118627572800e-02	1.330891450377422701e-02	3.067175740689964333e-02
4.015349277333884856e+02	4.324973877877367756e-01	2.793284518440981024e-01	1.266284611646910085e-01	7.472531233896705094e-02	4.227807112179100824e-02	1.344832252797992060e-02	3.109399321464073607e-02
4.063726979470438323e+02	4.308447807818004405e-01	2.781259273676771615e-01	1.278713218365205573e-01	7.549520404133444607e-02	4.256077640631618364e-02	1.358739727720053615e-02	3.151459228905521825e-02
4.112104681606991221e+02	4.291971889684950137e-01	2.769343460983630933e-01	1.291057825676130699e-01	7.626075390446432345e-02	4.284224582851933749e-02	1.372613495314999391e-02	3.193354767929981741e-02
4.160482383743544119e+02	4.275549247283366716e-01	2.757533359304677467e-01	1.303318974758222726e-01	7.702197845977455659e-02	4.312247854196669949e-02	1.386453192344262036e-02	3.235085294009414081e-02
4.208860085880095880e+02	4.259182725233982558e-01	2.745825505395317889e-01	1.315497212770440350e-01	7.777889480134550504e-02	4.340147403938058451e-02	1.400258471288872916e-02	3.276650210631574384e-02
4.257237788016648778e+02	4.242874910570794689e-01	2.734216674254918988e-01	1.327593091917282364e-01	7.853152053216083672e-02	4.367923212880131523e-02	1.414028999539203996e-02	3.318048966925084275e-02
4.305615490153201677e+02	4.226628152684735462e-01	2.722703861054815433e-01	1.339607168591314956e-01	7.927987371452666077e-02	4.395575291150856378e-02	1.427764458640383254e-02	3.359281055437896707e-02
4.353993192289755143e+02	4.210444581739891112e-01	2.711284264448158843e-01	1.351540002587106604e-01	8.002397282434890735e-02	4.423103676156871916e-02	1.441464543589215941e-02	3.400346010057920393e-02
4.402370894426308041e+02	4.194326125679141426e-01	2.699955271155886627e-01	1.363392156381020848e-01	8.076383670897321898e-02	4.450508430688489975e-02	1.455128962178760428e-02	3.441243404065399969e-02
4.450748596562860939e+02	4.178274525927180849e-01	2.688714441731163141e-01	1.375164194471752976e-01	8.149948454831447420e-02	4.477789641163579942e-02	1.468757434387003499e-02	3.481972848307457458e-02
4.499126298699413837e+02	4.162291351890589075e-01	2.677559497412132505e-01	1.386856682776879124e-01	8.223093581902368721e-02	4.504947415999813881e-02	1.482349691806349179e-02	3.522533989485914646e-02
4.547504000835967304e+02	4.146378014347011365e-01	2.666488307979716921e-01	1.398470188081059606e-01	8.295821026145946964e-02	4.531981884105562575e-02	1.495905477110882724e-02	3.562926508550184196e-02
4.595881702972519065e+02	4.130535777808462816e-01	2.655498880543553653e-01	1.410005277531863888e-01	8.368132784924917078e-02	4.558893193480464956e-02	1.509424543558608896e-02	3.603150119187661926e-02
4.644259405109071963e+02	4.114765771937257677e-01	2.644589349185073046e-01	1.421462518179500423e-01	8.440030876124098025e-02	4.585681509917386572e-02	1.522906654526070235e-02	3.643204566404586314e-02
4.692637107245624861e+02	4.099069002087070701e-01	2.633757965392123368e-01	1.432842476557017464e-01	8.511517335566373688e-02	4.612347015798106548e-02	1.536351583072952803e-02	3.683089625190900246e-02
4.741014809382177759e+02	4.083446359036071449e-01	2.623003089224592022e-01	1.444145718297806247e-01	8.582594214632512097e-02	4.638889908975667858e-02	1.549759111534465550e-02	3.722805099263107320e-02
4.789392511518730657e+02	4.067898627973970394e-01	2.612323181155089546e-01	1.455372807787478073e-01	8.653263578069174400e-02	4.665310401736853796e-02	1.563129031139449607e-02	3.762350819879591718e-02
4.837770213655284124e+02	4.052426496800069500e-01	2.601716794533054378e-01	1.466524307847415776e-01	8.723527501970698705e-02	4.691608719838756547e-02	1.576461141652330672e-02	3.801726644723268239e-02
4.886147915791837022e+02	4.037030563785044546e-01	2.591182568624576521e-01	1.477600779447509893e-01	8.793388071921287574e-02	4.717785101613871518e-02	1.589755251037162920e-02	3.840932456846823939e-02
4.934525617928388783e+02	4.021711344645159669e-01	2.580719222183895378e-01	1.488602781445769463e-01	8.862847381285325621e-02	4.743839797138555553e-02	1.603011175142161210e-02	3.879968163676170145e-02
4.982903320064942250e+02	4.006469279073874845e-01	2.570325547515899256e-01	1.499530870352692447e-01	8.931907529634421083e-02	4.769773067460109789e-02	1.616228737403217416e-02	3.918833696068049766e-02
5.031281022201495148e+02	3.991304736772374184e-01	2.560000404992058276e-01	1.510385600118428484e-01	9.000570621300699181e-02	4.795585183878074004e-02	1.629407768565037384e-02	3.957529007418041089e-02
5.079658724338048046e+02	3.976218023017375480e-01	2.549742717985100660e-01	1.521167521940928191e-01	9.068838764046621703e-02	4.821276427275694720e-02	1.642548106418612042e-02	3.996054072815496266e-02
5.128036426474600376e+02	3.961209383801616024e-01	2.539551468190400785e-01	1.531877184093405342e-01	9.136714067842401088e-02	4.846847087497793694e-02	1.655649595553854853e-02	4.034408888242199676e-02
5.176414128611153274e+02	3.946279010579738511e-01	2.529425691304494350e-01	1.542515131769573722e-01	9.204198643742732278e-02	4.872297462771595089e-02	1.668712087126312735e-02	4.072593469811769396e-02
5.224791830747705035e+02	3.931427044649770663e-01	2.519364473033395280e-01	1.553081906945232016e-01	9.271294602855194300e-02	4.897627859167293790e-02	1.681735438636945343e-02	4.110607853047062304e-02
5.273169532884259070e+02	3.916653581198089595e-01	2.509366945405491212e-01	1.563578048254889441e-01	9.338004055393292480e-02	4.922838590095415801e-02	1.694719513724042906e-02	4.148452092193018192e-02
5.321547235020811968e+02	3.901958673033631975e-01	2.499432283365714269e-01	1.574004090882213380e-01	9.404329109807604836e-02	4.947929975838238903e-02	1.707664181966422196e-02	4.186126259562608642e-02
5.369924937157364866e+02	3.887342334035132629e-01	2.489559701629468491e-01	1.584360566463188236e-01	9.470271871989038859e-02	4.972902343112741569e-02	1.720569318697108552e-02	4.223630444913686888e-02
5.418302639293917764e+02	3.872804542333360689e-01	2.479748451776448981e-01	1.594648003000949110e-01	9.535834444538630883e-02	4.997756024662757673e-02	1.733434804826762543e-02	4.260964754854727060e-02
5.466680341430470662e+02	3.858345243248636480e-01	2.469997819565997177e-01	1.604866924791341076e-01	9.601018926098781048e-02	5.022491358878174161e-02	1.746260526676177843e-02	4.298129312277582104e-02
5.515058043567023560e+02	3.843964352002363083e-01	2.460307122457051909e-01	1.615017852358324735e-01	9.665827410741147097e-02	5.047108689439180201e-02	1.759046375817217844e-02	4.335124255815520772e-02
5.563435745703576458e+02	3.829661756219872593e-01	2.450675707317039598e-01	1.625101302398417602e-01	9.730261987406883806e-02	5.071608364983735961e-02	1.771792248921610219e-02	4.371949739324934581e-02
5.611813447840129356e+02	3.815437318240562647e-01	2.441102948305259035e-01	1.635117787733427197e-01	9.794324739395135482e-02	5.095990738796544323e-02	1.784498047617060282e-02	4.408605931389232568e-02
5.660191149976681118e+02	3.801290877250074196e-01	2.431588244917411157e-01	1.645067817270783883e-01	9.858017743896081708e-02	5.120256168517968443e-02	1.797163678350187713e-02	4.445093014843532614e-02
5.708568852113234016e+02	3.787222251248140159e-01	2.422131020178946992e-01	1.654951895970835918e-01	9.921343071565093263e-02	5.144405015871434533e-02	1.809789052255824510e-02	4.481411186318880885e-02
5.756946554249786914e+02	3.773231238864682147e-01	2.412730718975855115e-01	1.664770524820527731e-01	9.984302786134802155e-02	5.168437646407977176e-02	1.822374085032245350e-02	4.517560655804793435e-02
5.805324256386339812e+02	3.759317621035775381e-01	2.403386806512376184e-01	1.674524200812911590e-01	1.004689894406216866e-01	5.192354429266686500e-02	1.834918696821942127e-02	4.553541646229039563e-02
5.853701958522892710e+02	3.745481162550213794e-01	2.394098766885938423e-01	1.684213416932001106e-01	1.010913359420782254e-01	5.216155736949912997e-02	1.847422812097570394e-02	4.589354393053627496e-02
5.902079660659445608e+02	3.731721613476581267e-01	2.384866101770347635e-01	1.693838662142505003e-01	1.017100877754517768e-01	5.239841945112163474e-02	1.859886359552734639e-02	4.624999143886050768e-02
5.950457362795999643e+02	3.718038710479982245e-01	2.375688329198955839e-01	1.703400421384015373e-01	1.023252652689701919e-01	5.263413432361711136e-02	1.872309271997297381e-02	4.660476158104908534e-02
5.998835064932552541e+02	3.704432178036878298e-01	2.366564982440163278e-01	1.712899175569263521e-01	1.029368886669739663e-01	5.286870580074011505e-02	1.884691486256921331e-02	4.695785706499090717e-02
6.047212767069104302e+02	3.690901729555841615e-01	2.357495608958193323e-01	1.722335401586080061e-01	1.035449781277690690e-01	5.310213772216085260e-02	1.897032943076577827e-02	4.730928070919755701e-02
6.095590469205657200e+02	3.677447068411422992e-01	2.348479769452617716e-01	1.731709572302731204e-01	1.041495537216948902e-01	5.333443395181096391e-02	1.909333587027771395e-02	4.765903543944398357e-02
6.143968171342210098e+02	3.664067888897795111e-01	2.339517036970620578e-01	1.741022156576322588e-01	1.047506354293908648e-01	5.356559837632401261e-02	1.921593366419251103e-02	4.800712428552355443e-02
6.192345873478761860e+02	3.650763877108317290e-01	2.330606996086426186e-01	1.750273619263989777e-01	1.053482431402461839e-01	5.379563490356413513e-02	1.933812233210992215e-02	4.835355037811127354e-02
6.240723575615315895e+02	3.637534711746691074e-01	2.321749242142770175e-01	1.759464421236617004e-01	1.059423966510181780e-01	5.402454746123665219e-02	1.945990142931254205e-02	4.869831694572953479e-02
6.289101277751868793e+02	3.624380064874959118e-01	2.312943380549663253e-01	1.768595019394847701e-01	1.065331156646062705e-01	5.425233999557498715e-02	1.958127054596528818e-02	4.904142731181111020e-02
6.337478979888421691e+02	3.611299602603172398e-01	2.304189026136070351e-01	1.777665866687160312e-01	1.071204197889692455e-01	5.447901647009865955e-02	1.970222930634205755e-02	4.938288489185441166e-02
6.385856682024975726e+02	3.598292985725207727e-01	2.295485802550462084e-01	1.786677412129812903e-01	1.077043285361744124e-01	5.470458086443748258e-02	1.982277736807803656e-02	4.972269319066639770e-02
6.434234384161527487e+02	3.585359870304862806e-01	2.286833341706503986e-01	1.795630100828470022e-01	1.082848613215685041e-01	5.492903717321739876e-02	1.994291442144614096e-02	5.006085579968892751e-02
6.482612086298080385e+02	3.572499908216025255e-01	2.278231283270431839e-01	1.804524374001336695e-01	1.088620374630605431e-01	5.515238940500395703e-02	2.006264018865626039e-02	5.039737639440448891e-02
6.530989788434633283e+02	3.559712747640461639e-01	2.269679274186931495e-01	1.813360669003645231e-01	1.094358761805077906e-01	5.537464158129939279e-02	2.018195442317600660e-02	5.073225873181753942e-02
6.579367490571185044e+02	3.546998033526450600e-01	2.261176968240579954e-01	1.822139419353349665e-01	1.100063965951966760e-01	5.559579773558988997e-02	2.030085690907183077e-02	5.106550664800806744e-02
6.627745192707737942e+02	3.534355408011281563e-01	2.252724025650130468e-01	1.830861054757891015e-01	1.105736177294110861e-01	5.581586191243961131e-02	2.041934746036939974e-02	5.139712405575402876e-02
6.676122894844290840e+02	3.521784510810377911e-01	2.244320112693134472e-01	1.839526001141918166e-01	1.111375585060809662e-01	5.603483816662850614e-02	2.053742592043219725e-02	5.172711494221966105e-02
6.724500596980843738e+02	3.509284979575615915e-01	2.235964901358583057e-01	1.848134680675842800e-01	1.116982377485049444e-01	5.625273056233110608e-02	2.065509216135743772e-02	5.205548336670678261e-02
6.772878299117396637e+02	3.496856450225189206e-01	2.227658069025429954e-01	1.856687511805132640e-01	1.122556741801409297e-01	5.646954317233351256e-02	2.077234608338840785e-02	5.238223345846643175e-02
6.821256001253949535e+02	3.484498557247222017e-01	2.219399298165017353e-01	1.865184909280244441e-01	1.128098864244590771e-01	5.668528007728633467e-02	2.088918761434239296e-02	5.270736941456834190e-02
6.869633703390502433e+02	3.472210933979124059e-01	2.211188276065582103e-01	1.873627284187109054e-01	1.133608930048524144e-01	5.689994536499121125e-02	2.100561670905345957e-02	5.303089549782592088e-02
6.918011405527055331e+02	3.459993212864569401e-01	2.203024694577156717e-01	1.882015043978092494e-01	1.139087123445999133e-01	5.711354312971889113e-02	2.112163334882936894e-02	5.335281603477447926e-02
6.966389107663608229e+02	3.447845025689802445e-01	2.194908249875310302e-01	1.890348592503355574e-01	1.144533627668781889e-01	5.732607747155685218e-02	2.123723754092195562e-02	5.367313541370070940e-02
7.014766809800161127e+02	3.435766003800868051e-01	2.186838642242288355e-01	1.898628330042547441e-01	1.149948624948175929e-01	5.753755249578475922e-02	2.135242931801037067e-02	5.399185808272142367e-02
7.063144511936714025e+02	3.423755778303231856e-01	2.178815575864229692e-01	1.906854653336771677e-01	1.155332296515989149e-01	5.774797231227599831e-02	2.146720873769659976e-02	5.430898854790972702e-02
7.111522214073266923e+02	3.411813980245137490e-01	2.170838758643230115e-01	1.915027955620767497e-01	1.160684822605875938e-01	5.795734103492382328e-02	2.158157588201272542e-02	5.462453137146694448e-02
7.159899916209819821e+02	3.399940240785958578e-01	2.162907902023124551e-01	1.923148626655254712e-01	1.166006382455020696e-01	5.816566278109062960e-02	2.169553085693943367e-02	5.493849116993865245e-02
7.208277618346371582e+02	3.388134191350697377e-01	2.155022720827939053e-01	1.931217052759398312e-01	1.171297154306134292e-01	5.837294167107904413e-02	2.180907379193529338e-02	5.525087261247327991e-02
7.256655320482924481e+02	3.376395463771694194e-01	2.147182933112050385e-01	1.939233616843346886e-01	1.176557315409737514e-01	5.857918182762354015e-02	2.192220483947635370e-02	5.556168041912181582e-02
7.305033022619478515e+02	3.364723690418530699e-01	2.139388260021158894e-01	1.947198698440805453e-01	1.181787042026705703e-01	5.878438737540150894e-02	2.203492417460568842e-02	5.587091935917733870e-02
7.353410724756030277e+02	3.353118504317048054e-01	2.131638425663254510e-01	1.955112673741609408e-01	1.186986509431053605e-01	5.898856244056265713e-02	2.214723199449246047e-02	5.617859424955302938e-02
7.401788426892584312e+02	3.341579539258301423e-01	2.123933156988810078e-01	1.962975915624266543e-01	1.192155891912936166e-01	5.919171115027576507e-02	2.225912851800017356e-02	5.648470995319738314e-02
7.450166129029136073e+02	3.330106429898241349e-01	2.116272183679508700e-01	1.970788793688434959e-01	1.197295362781850836e-01	5.939383763229184876e-02	2.237061398526375006e-02	5.678927137754561510e-02
7.498543831165690108e+02	3.318698811848826424e-01	2.108655238044845892e-01	1.978551674287316042e-01	1.202405094370018607e-01	5.959494601452289958e-02	2.248168865727514718e-02	5.709228347300603079e-02
7.546921533302243006e+02	3.307356321761242279e-01	2.101082054926015907e-01	1.986264920559930591e-01	1.207485258035930209e-01	5.979504042463535535e-02	2.259235281547717841e-02	5.739375123148036939e-02
7.595299235438793630e+02	3.296078597401817523e-01	2.093552371606526297e-01	1.993928892463262825e-01	1.212536024168041349e-01	5.999412498965760870e-02	2.270260676136528696e-02	5.769367968491715543e-02
7.643676937575347665e+02	3.284865277721219501e-01	2.086065927729027214e-01	2.001543946804248686e-01	1.217557562188603670e-01	6.019220383560085208e-02	2.281245081609699701e-02	5.799207390389709421e-02
7.692054639711900563e+02	3.273716002917441692e-01	2.078622465217889181e-01	2.009110437271591776e-01	1.222550040557617013e-01	6.038928108709251674e-02	2.292188532010878618e-02	5.828893899624958130e-02
7.740432341848452324e+02	3.262630414493061792e-01	2.071221728207088830e-01	2.016628714467389727e-01	1.227513626776893241e-01	6.058536086702182022e-02	2.303091063274015707e-02	5.858428010569954186e-02
7.788810043985006359e+02	3.251608155307216808e-01	2.063863462973001828e-01	2.024099125938559895e-01	1.232448487394218473e-01	6.078044729619681147e-02	2.313952713186466850e-02	5.887810241054376725e-02
7.837187746121558121e+02	3.240648869622705930e-01	2.056547417871733285e-01	2.031522016208045789e-01	1.237354788007604539e-01	6.097454449301235174e-02	2.324773521352775998e-02	5.917041112235591621e-02
7.885565448258112156e+02	3.229752203148600342e-01	2.049273343280637594e-01	2.038897726805799226e-01	1.242232693269621074e-01	6.116765657312858706e-02	2.335553529159109520e-02	5.946121148471950751e-02
7.933943150394665054e+02	3.218917803078703566e-01	2.042040991543718764e-01	2.046226596299521028e-01	1.247082366891798244e-01	6.135978764915941269e-02	2.346292779738333445e-02	5.975050877198815474e-02
7.982320852531219089e+02	3.208145318126192080e-01	2.034850116920607077e-01	2.053508960325158839e-01	1.251903971649092895e-01	6.155094183037052025e-02	2.356991317935705835e-02	6.003830828807239783e-02
8.030698554667769713e+02	3.197434398554730439e-01	2.027700475538852798e-01	2.060745151617147664e-01	1.256697669384411464e-01	6.174112322238664574e-02	2.367649190275175619e-02	6.032461536525240975e-02
8.079076256804323748e+02	3.186784696206336753e-01	2.020591825349281889e-01	2.067935500038387830e-01	1.261463621013181324e-01	6.193033592690753986e-02	2.378266444926266376e-02	6.060943536301603013e-02
8.127453958940876646e+02	3.176195864526252799e-01	2.013523926084182514e-01	2.075080332609957612e-01	1.266201986527964451e-01	6.211858404143245915e-02	2.388843131671534309e-02	6.089277366692150140e-02
8.175831661077428407e+02	3.165667558585050778e-01	2.006496539218110275e-01	2.082179973540550233e-01	1.270912925003111760e-01	6.230587165899269253e-02	2.399379301874582024e-02	6.117463568748426894e-02
8.224209363213982442e+02	3.155199435098198779e-01	1.999509427931116523e-01	2.089234744255635268e-01	1.275596594599445466e-01	6.249220286789190087e-02	2.409875008448614936e-02	6.145502685908740131e-02
8.272587065350534203e+02	3.144791152443280891e-01	1.992562357074218193e-01	2.096244963426336649e-01	1.280253152568972819e-01	6.267758175145396460e-02	2.420330305825532657e-02	6.173395263891497814e-02
8.320964767487085965e+02	3.134442370675055156e-01	1.985655093136937110e-01	2.103210946998027575e-01	1.284882755259617593e-01	6.286201238777804068e-02	2.430745249925532828e-02	6.201141850590800864e-02
8.369342469623640000e+02	3.124152751538524231e-01	1.978787404216761914e-01	2.110133008218637030e-01	1.289485558119976005e-01	6.304549884950054472e-02	2.441119898127224602e-02	6.228742995974235336e-02
8.417720171760191761e+02	3.113921958480175278e-01	1.971959059990378293e-01	2.117011457666669316e-01	1.294061715704084292e-01	6.322804520356388458e-02	2.451454309238236540e-02	6.256199251982817733e-02
8.466097873896745796e+02	3.103749656657525668e-01	1.965169831686546797e-01	2.123846603278929934e-01	1.298611381676197385e-01	6.340965551099167485e-02	2.461748543466306741e-02	6.283511172433042802e-02
8.514475576033297557e+02	3.093635512947127131e-01	1.958419492060497202e-01	2.130638750377962520e-01	1.303134708815578691e-01	6.359033382667013401e-02	2.472002662390845873e-02	6.310679312920997042e-02
8.562853278169851592e+02	3.083579195951132723e-01	1.951707815369732590e-01	2.137388201699192136e-01	1.307631849021292092e-01	6.377008419913565707e-02	2.482216728934966490e-02	6.337704230728484489e-02
8.611230980306403353e+02	3.073580376002550962e-01	1.945034577351134053e-01	2.144095257417775180e-01	1.312102953316999776e-01	6.394891067036813370e-02	2.492390807337961645e-02	6.364586484731135640e-02
8.659608682442956251e+02	3.063638725169293142e-01	1.938399555199273872e-01	2.150760215175159529e-01	1.316548171855757843e-01	6.412681727558997014e-02	2.502524963128230015e-02	6.391326635308436366e-02
8.707986384579510286e+02	3.053753917257108763e-01	1.931802527545846138e-01	2.157383370105348530e-01	1.320967653924810525e-01	6.430380804307066211e-02	2.512619263096635067e-02	6.417925244255666406e-02
8.756364086716062047e+02	3.043925627811496781e-01	1.925243274440131547e-01	2.163965014860876612e-01	1.325361547950382191e-01	6.447988699393659984e-02	2.522673775270291643e-02	6.444382874697685004e-02
8.804741788852616082e+02	3.034153534118679829e-01	1.918721577330424199e-01	2.170505439638493739e-01	1.329730001502460734e-01	6.465505814198610479e-02	2.532688568886769243e-02	6.470700091004538690e-02
8.853119490989170117e+02	3.024437315205720234e-01	1.912237219046346304e-01	2.177004932204558429e-01	1.334073161299575150e-01	6.482932549350950424e-02	2.542663714368706765e-02	6.496877458708848196e-02
8.901497193125721878e+02	3.014776651839837784e-01	1.905789983781988328e-01	2.183463777920145732e-01	1.338391173213562824e-01	6.500269304711395191e-02	2.552599283298829722e-02	6.522915544424941203e-02
8.949874895262273640e+02	3.005171226527006967e-01	1.899379657079814654e-01	2.189882259765864592e-01	1.342684182274326565e-01	6.517516479355321690e-02	2.562495348395360875e-02	6.548814915769704537e-02
8.998252597398827675e+02	2.995620723509888061e-01	1.893006025815277826e-01	2.196260658366395169e-01	1.346952332674578867e-01	6.534674471556181641e-02	2.572351983487819113e-02	6.574576141285105868e-02
9.046630299535379436e+02	2.986124828765149286e-01	1.886668878182092557e-01	2.202599252014738607e-01	1.351195767774575063e-01	6.551743678769388068e-02	2.582169263493199612e-02	6.600199790362368257e-02
9.095008001671932334e+02	2.976683230000223834e-01	1.880368003678120070e-01	2.208898316696189246e-01	1.355414630106828167e-01	6.568724497616615365e-02	2.591947264392527317e-02	6.625686433167758682e-02
9.143385703808486369e+02	2.967295616649565648e-01	1.874103193091821440e-01	2.215158126112024839e-01	1.359609061380812611e-01	6.585617323870548989e-02	2.601686063207776789e-02	6.651036640569948921e-02
9.191763405945038130e+02	2.957961679870429461e-01	1.867874238489239391e-01	2.221378951702922266e-01	1.363779202487648556e-01	6.602422552440023740e-02	2.611385737979153923e-02	6.676250984068944627e-02
9.240141108081592165e+02	2.948681112538230065e-01	1.861680933201466936e-01	2.227561062672098746e-01	1.367925193504770653e-01	6.619140577355590860e-02	2.621046367742730851e-02	6.701330035726531242e-02
9.288518810218145063e+02	2.939453609241506893e-01	1.855523071812576197e-01	2.233704726008179930e-01	1.372047173700578215e-01	6.635771791755459836e-02	2.630668032508431259e-02	6.726274368098211776e-02
9.336896512354697961e+02	2.930278866276536109e-01	1.849400450147968833e-01	2.239810206507798496e-01	1.376145281539067344e-01	6.652316587871837106e-02	2.640250813238356059e-02	6.751084554166611462e-02
9.385274214491247449e+02	2.921156581641618510e-01	1.843312865263121159e-01	2.245877766797927666e-01	1.380219654684443631e-01	6.668775357017629746e-02	2.649794791825447332e-02	6.775761167276321550e-02
9.433651916627801484e+02	2.912086455031070997e-01	1.837260115432700069e-01	2.251907667357948284e-01	1.384270430005713759e-01	6.685148489573529418e-02	2.659300051072481519e-02	6.800304781070161397e-02
9.482029618764355519e+02	2.903068187828954372e-01	1.831242000140016479e-01	2.257900166541455256e-01	1.388297743581259625e-01	6.701436374975436316e-02	2.668766674671391170e-02	6.824715969426814466e-02
9.530407320900908417e+02	2.894101483102554107e-01	1.825258320066803497e-01	2.263855520597803928e-01	1.392301730703389417e-01	6.717639401702252266e-02	2.678194747182905538e-02	6.848995306399832672e-02
9.578785023037459041e+02	2.885186045595642956e-01	1.819308877083288534e-01	2.269773983693402497e-01	1.396282525882868164e-01	6.733757957263998561e-02	2.687584354016506194e-02	6.873143366157973000e-02
9.627162725174014213e+02	2.876321581721548171e-01	1.813393474238545466e-01	2.275655807932747965e-01	1.400240262853427453e-01	6.749792428190279359e-02	2.696935581410692118e-02	6.897160722926835852e-02
9.675540427310568248e+02	2.867507799556035519e-01	1.807511915751106313e-01	2.281501243379213117e-01	1.404175074576252402e-01	6.765743200019068426e-02	2.706248516413552532e-02	6.921047950931806525e-02
9.723918129447120009e+02	2.858744408830032890e-01	1.801664006999815493e-01	2.287310538075585653e-01	1.408087093244447530e-01	6.781610657285810917e-02	2.715523246863638107e-02	6.944805624342235972e-02
9.772295831583674044e+02	2.850031120922211225e-01	1.795849554514912239e-01	2.293083938064361671e-01	1.411976450287479312e-01	6.797395183512845718e-02	2.724759861371127412e-02	6.968434317216881668e-02
9.820673533720223531e+02	2.841367648851436112e-01	1.790068365969324227e-01	2.298821687407796299e-01	1.415843276375597093e-01	6.813097161199127560e-02	2.733958449299285498e-02	6.991934603450550290e-02
9.869051235856777566e+02	2.832753707269103360e-01	1.784320250170161326e-01	2.304524028207715902e-01	1.419687701424229842e-01	6.828716971810250280e-02	2.743119100746209404e-02	7.015307056721938050e-02
9.917428937993331601e+02	2.824189012451371883e-01	1.778605017050396697e-01	2.310191200625092423e-01	1.423509854598362379e-01	6.844254995768768446e-02	2.752241906526853299e-02	7.038552250442645097e-02
9.965806640129884499e+02	2.815673282291307755e-01	1.772922477660723861e-01	2.315823442899385132e-01	1.427309864316886334e-01	6.859711612444796547e-02	2.761326958155334993e-02	7.061670757707337598e-02
1.001418434226643626e+03	2.807206236290951118e-01	1.767272444161575584e-01	2.321420991367650066e-01	1.431087858256929191e-01	6.875087200146896838e-02	2.770374347827512726e-02	7.084663151245039481e-02
1.006256204440298802e+03	2.798787595553307583e-01	1.761654729815301801e-01	2.326984080483422146e-01	1.434843963358159447e-01	6.890382136113236411e-02	2.779384168403831526e-02	7.107530003371531624e-02
1.011093974653954206e+03	2.790417082774288571e-01	1.756069148978491312e-01	2.332512942835371639e-01	1.438578305827068748e-01	6.905596796503025991e-02	2.788356513392436717e-02	7.130271885942847387e-02
1.015931744867609382e+03	2.782094422234594466e-01	1.750515517094431706e-01	2.338007809165736361e-01	1.442291011141230983e-01	6.920731556388207140e-02	2.797291476932546941e-02	7.152889370309825634e-02
1.020769515081264785e+03	2.773819339791556704e-01	1.744993650685698061e-01	2.343468908388537664e-01	1.445982204053537501e-01	6.935786789745408687e-02	2.806189153778084963e-02	7.175383027273721237e-02
1.025607285294920075e+03	2.765591562870946540e-01	1.739503367346866003e-01	2.348896467607574923e-01	1.449652008596408470e-01	6.950762869448150194e-02	2.815049639281561739e-02	7.197753427042843932e-02
1.030445055508575479e+03	2.757410820458748302e-01	1.734044485737339381e-01	2.354290712134207708e-01	1.453300548085982857e-01	6.965660167259309088e-02	2.823873029378209248e-02	7.220001139190207473e-02
1.035282825722230655e+03	2.749276843092918754e-01	1.728616825574288696e-01	2.359651865504927559e-01	1.456927945126281765e-01	6.980479053823811231e-02	2.832659420570361394e-02	7.242126732612171047e-02
1.040120595935886058e+03	2.741189362855119827e-01	1.723220207625691947e-01	2.364980149498717710e-01	1.460534321613351227e-01	6.995219898661571289e-02	2.841408909912074288e-02	7.264130775488059077e-02
1.044958366149541234e+03	2.733148113362446896e-01	1.717854453703476503e-01	2.370275784154208254e-01	1.464119798739379474e-01	7.009883070160671803e-02	2.850121594993987317e-02	7.286013835240739978e-02
1.049796136363196410e+03	2.725152829759148743e-01	1.712519386656751741e-01	2.375538987786627032e-01	1.467684496996792543e-01	7.024468935570760131e-02	2.858797573928418406e-02	7.307776478498134720e-02
1.054633906576851814e+03	2.717203248708336405e-01	1.707214830365134939e-01	2.380769977004550120e-01	1.471228536182326296e-01	7.038977860996682712e-02	2.867436945334689638e-02	7.329419271055664931e-02
1.059471676790506763e+03	2.709299108383707022e-01	1.701940609732158494e-01	2.385968966726452478e-01	1.474752035401073191e-01	7.053410211392328877e-02	2.876039808324684643e-02	7.350942777839589160e-02
1.064309447004162394e+03	2.701440148461261015e-01	1.696696550678759574e-01	2.391136170197064870e-01	1.478255113070508220e-01	7.067766350554706423e-02	2.884606262488626643e-02	7.372347562871245374e-02
1.069147217217817570e+03	2.693626110111033700e-01	1.691482480136849154e-01	2.396271799003533987e-01	1.481737886924490710e-01	7.082046641118208696e-02	2.893136407881080271e-02	7.393634189232152487e-02
1.073984987431472746e+03	2.685856735988836341e-01	1.686298226042950987e-01	2.401376063091394675e-01	1.485200474017242811e-01	7.096251444549109277e-02	2.901630345007171624e-02	7.414803219029983405e-02
1.078822757645127922e+03	2.678131770228011077e-01	1.681143617331917195e-01	2.406449170780352587e-01	1.488642990727305770e-01	7.110381121140253724e-02	2.910088174809023764e-02	7.435855213365362426e-02
1.083660527858783553e+03	2.670450958431204169e-01	1.676018483930706293e-01	2.411491328779881704e-01	1.492065552761471514e-01	7.124436030005949771e-02	2.918509998652402126e-02	7.456790732299514723e-02
1.088498298072438729e+03	2.662814047662158123e-01	1.670922656752229229e-01	2.416502742204635623e-01	1.495468275158694793e-01	7.138416529077055983e-02	2.926895918313571904e-02	7.477610334822702709e-02
1.093336068286093905e+03	2.655220786437523794e-01	1.665855967689258976e-01	2.421483614589681477e-01	1.498851272293977577e-01	7.152322975096260527e-02	2.935246035966357012e-02	7.498314578823470078e-02
1.098173838499749309e+03	2.647670924718697472e-01	1.660818249608399799e-01	2.426434147905553451e-01	1.502214657882235960e-01	7.166155723613562567e-02	2.943560454169408952e-02	7.518904021058668563e-02
1.103011608713404712e+03	2.640164213903684054e-01	1.655809336344113702e-01	2.431354542573128663e-01	1.505558544982140701e-01	7.179915128981916028e-02	2.951839275853667191e-02	7.539379217124252130e-02
1.107849378927059888e+03	2.632700406818984651e-01	1.650829062692805438e-01	2.436244997478331509e-01	1.508883045999937222e-01	7.193601544353073196e-02	2.960082604310022500e-02	7.559740721426827514e-02
1.112687149140715292e+03	2.625279257711513048e-01	1.645877264406960250e-01	2.441105709986664263e-01	1.512188272693242852e-01	7.207215321673604569e-02	2.968290543177172155e-02	7.579989087155930561e-02
1.117524919354370468e+03	2.617900522240544925e-01	1.640953778189334911e-01	2.445936875957570034e-01	1.515474336174820746e-01	7.220756811681086629e-02	2.976463196429668043e-02	7.600124866257053358e-02
1.122362689568025871e+03	2.610563957469694274e-01	1.636058441687199827e-01	2.450738689758625577e-01	1.518741346916333279e-01	7.234226363900471413e-02	2.984600668366151066e-02	7.620148609405365259e-02
1.127200459781681047e+03	2.603269321858924235e-01	1.631191093486630550e-01	2.455511344279572017e-01	1.521989414752072944e-01	7.247624326640611514e-02	2.992703063597773605e-02	7.640060865980134730e-02
1.132038229995336451e+03	2.596016375256590680e-01	1.626351573106846748e-01	2.460255030946182364e-01	1.525218648882669670e-01	7.260951046990961333e-02	3.000770487036803769e-02	7.659862184039856192e-02
1.136876000208991627e+03	2.588804878891519112e-01	1.621539720994599476e-01	2.464969939733965831e-01	1.528429157878778977e-01	7.274206870818444859e-02	3.008803043885411796e-02	7.679553110298029117e-02
1.141713770422646803e+03	2.581634595365116525e-01	1.616755378518602015e-01	2.469656259181716718e-01	1.531621049684746549e-01	7.287392142764463621e-02	3.016800839624633399e-02	7.699134190099610198e-02
1.146551540636302207e+03	2.574505288643519907e-01	1.611998387964006241e-01	2.474314176404904808e-01	1.534794431622251154e-01	7.300507206242076719e-02	3.024763980003508657e-02	7.718605967398116385e-02
1.151389310849957155e+03	2.567416724049781385e-01	1.607268592526922557e-01	2.478943877108912841e-01	1.537949410393927019e-01	7.313552403433332127e-02	3.032692571028393347e-02	7.737968984733362143e-02
1.156227081063612786e+03	2.560368668256086111e-01	1.602565836308981195e-01	2.483545545602119098e-01	1.541086092086965120e-01	7.326528075286742325e-02	3.040586718952442355e-02	7.757223783209826751e-02
1.161064851277267962e+03	2.553360889276013457e-01	1.597889964311934308e-01	2.488119364808833722e-01	1.544204582176690876e-01	7.339434561514911193e-02	3.048446530265259968e-02	7.776370902475628066e-02
1.165902621490923138e+03	2.546393156456833173e-01	1.593240822432300807e-01	2.492665516282082383e-01	1.547304985530123800e-01	7.352272200592302465e-02	3.056272111682715661e-02	7.795410880702108303e-02
1.170740391704578315e+03	2.539465240471836527e-01	1.588618257456046734e-01	2.497184180216246718e-01	1.550387406409513558e-01	7.365041329753158061e-02	3.064063570136923639e-02	7.814344254564004055e-02
1.175578161918233945e+03	2.532576913312714617e-01	1.584022117053308365e-01	2.501675535459558786e-01	1.553451948475857436e-01	7.377742284989539934e-02	3.071821012766383710e-02	7.833171559220206137e-02
1.180415932131889122e+03	2.525727948281966118e-01	1.579452249773150574e-01	2.506139759526452848e-01	1.556498714792394489e-01	7.390375401049527337e-02	3.079544546906278976e-02	7.851893328295077301e-02
1.185253702345544298e+03	2.518918119985349979e-01	1.574908505038364048e-01	2.510577028609777828e-01	1.559527807828080814e-01	7.402941011435533458e-02	3.087234280078932427e-02	7.870510093860334788e-02
1.190091472559199701e+03	2.512147204324375327e-01	1.570390733140298312e-01	2.514987517592869315e-01	1.562539329461043458e-01	7.415439448402755263e-02	3.094890319984414800e-02	7.889022386417489374e-02
1.194929242772855105e+03	2.505414978488832434e-01	1.565898785233730550e-01	2.519371400061486410e-01	1.565533380982014611e-01	7.427871042957757963e-02	3.102512774491307523e-02	7.907430734880808998e-02
1.199767012986510281e+03	2.498721220949361721e-01	1.561432513331770799e-01	2.523728848315612283e-01	1.568510063097744989e-01	7.440236124857182998e-02	3.110101751627612765e-02	7.925735666560819459e-02
