2.418885106827641494e+02	4.850567784932219850e-01	3.301087359657680076e-01	8.054307404257476932e-02	4.682841246184826084e-02	3.236797351424618163e-02	8.772012569320936787e-03	1.632301295292114610e-02
2.467262808964194392e+02	4.837797400035581119e-01	3.280029695642470711e-01	8.208350464545161040e-02	4.774240236875121335e-02	3.268477640175255355e-02	8.916883880097727783e-03	1.678972313604298883e-02
2.515640511100747290e+02	4.824544556413173924e-01	3.259595175323136140e-01	8.361530208757998739e-02	4.865252416287945553e-02	3.300090012855201593e-02	9.061749435300383432e-03	1.725555101195841087e-02
2.564018213237300188e+02	4.810854029682434807e-01	3.239742267095290784e-01	8.513835038211058082e-02	4.955869269991389214e-02	3.331629660535120191e-02	9.206588733333905678e-03	1.772044190141914069e-02
2.612395915373852517e+02	4.796767163072912510e-01	3.220432546085411074e-01	8.665254897414245705e-02	5.046083146503105299e-02	3.363092150123776075e-02	9.351382510933996597e-03	1.818434463272355917e-02
2.660773617510405415e+02	4.782322127141101498e-01	3.201630459527689543e-01	8.815781150183396586e-02	5.135887190765563159e-02	3.394473396510657576e-02	9.496112656425295326e-03	1.864721130200057767e-02
2.709151319646958882e+02	4.767554159853454321e-01	3.183303109873197312e-01	8.965406465209410647e-02	5.225275282657568243e-02	3.425769636801997281e-02	9.640762129430095750e-03	1.910899705111623881e-02
2.757529021783511780e+02	4.752495788521431397e-01	3.165420054291100960e-01	9.114124710369207738e-02	5.314241980161318879e-02	3.456977406492172528e-02	9.785314886541541385e-03	1.956965986187945636e-02
2.805906723920064678e+02	4.737177034960274868e-01	3.147953119322990378e-01	9.261930855116468075e-02	5.402782466833082331e-02	3.488093517424400297e-02	9.929755812511998833e-03	2.002916036532316826e-02
2.854284426056617008e+02	4.721625605139518900e-01	3.130876229544989342e-01	9.408820880340125481e-02	5.490892503252137874e-02	3.519115037405687318e-02	1.007407065654127194e-02	2.048746166492960985e-02
2.902662128193169337e+02	4.705867064497409880e-01	3.114165249178926786e-01	9.554791695124877082e-02	5.578568382147249677e-02	3.550039271351193571e-02	1.021824597328065305e-02	2.094452917275373832e-02
2.951039830329722804e+02	4.689925000002818090e-01	3.097797835673831712e-01	9.699841059890797201e-02	5.665806886922657853e-02	3.580863743842606362e-02	1.036226906819783661e-02	2.140033045747778001e-02
2.999417532466276270e+02	4.673821169966319578e-01	3.081753304353015421e-01	9.843967515428615755e-02	5.752605253326579376e-02	3.611586182993833244e-02	1.050612794697452536e-02	2.185483510350286207e-02
3.047795234602828600e+02	4.657575642526406434e-01	3.066012503290374003e-01	9.987170317383829710e-02	5.838961134024651944e-02	3.642204505525389879e-02	1.064981126863333814e-02	2.230801458025106002e-02
3.096172936739380930e+02	4.641206923666810757e-01	3.050557697642767296e-01	1.012944937577659882e-01	5.924872565858698564e-02	3.672716802956312032e-02	1.079330830211353356e-02	2.275984212091368419e-02
3.144550638875934396e+02	4.624732075556230448e-01	3.035372462723759379e-01	1.027080519917558110e-01	6.010337939587797468e-02	3.703121328829298703e-02	1.093660888603625522e-02	2.321029260993913435e-02
3.192928341012487294e+02	4.608166825941919509e-01	3.020441585158031295e-01	1.041123884317279730e-01	6.095355971923984567e-02	3.733416486891169561e-02	1.107970339141957188e-02	2.365934247860701847e-02
3.241306043149040192e+02	4.591525669273335275e-01	3.005750971505716795e-01	1.055075186283327277e-01	6.179925679689095980e-02	3.763600820156615123e-02	1.122258268712169119e-02	2.410696960808448447e-02
3.289683745285592522e+02	4.574821960180927016e-01	2.991287563792059401e-01	1.068934626881786754e-01	6.264046355932384458e-02	3.793673000788632538e-02	1.136523810780746060e-02	2.455315323940623559e-02
3.338061447422145420e+02	4.558067999887892574e-01	2.977039261420482696e-01	1.082702448690055358e-01	6.347717547860652620e-02	3.823631820734099684e-02	1.150766142424872011e-02	2.499787388986182343e-02
3.386439149558698318e+02	4.541275116089057984e-01	2.962994848986602037e-01	1.096378932062246903e-01	6.430939036443857060e-02	3.853476183057572696e-02	1.164984481578339517e-02	2.544111327531269062e-02
3.434816851695251216e+02	4.524453736790680081e-01	2.949143929547165532e-01	1.109964391684454960e-01	6.513710817569498546e-02	3.883205093920702455e-02	1.179178084477140558e-02	2.588285423799751434e-02
3.483194553831804114e+02	4.507613458567619746e-01	2.935476862931649111e-01	1.123459173397859112e-01	6.596033084628674659e-02	3.912817655158618707e-02	1.193346243289771132e-02	2.632308067941751054e-02
3.531572255968357013e+02	4.490763109659856034e-01	2.921984708715355539e-01	1.136863651269323927e-01	6.677906212425557819e-02	3.942313057408337179e-02	1.207488283918410447e-02	2.676177749792428215e-02
3.579949958104909342e+02	4.473910808298413588e-01	2.908659173501705886e-01	1.150178224890678613e-01	6.759330742310204476e-02	3.971690573747608394e-02	1.221603563958178346e-02	2.719893053066106681e-02
3.628327660241463377e+02	4.457064016621282154e-01	2.895492562188026753e-01	1.163403316889290995e-01	6.840307368442176406e-02	4.000949553805788900e-02	1.235691470802642751e-02	2.763452649953464235e-02
3.676705362378016275e+02	4.440229590512664304e-01	2.882477732913753532e-01	1.176539370633863796e-01	6.920836925099481396e-02	4.030089418311197380e-02	1.249751419884638851e-02	2.806855296091937541e-02
3.725083064514568036e+02	4.423413825673689903e-01	2.869608055412729009e-01	1.189586848120597756e-01	7.000920374953752134e-02	4.059109654042129811e-02	1.263782853042287602e-02	2.850099825881735952e-02
3.773460766651120935e+02	4.406622500209441684e-01	2.856877372512319213e-01	1.202546228025990760e-01	7.080558798238600904e-02	4.088009809151155194e-02	1.277785237000863931e-02	2.893185148121940262e-02
3.821838468787673833e+02	4.389860913995615732e-01	2.844279964541496231e-01	1.215418003913580347e-01	7.159753382743584693e-02	4.116789488834628197e-02	1.291758061961870499e-02	2.936110241943078528e-02
3.870216170924226162e+02	4.373133925068224959e-01	2.831810516428037716e-01	1.228202682582899413e-01	7.238505414571326513e-02	4.145448351321468633e-02	1.305700840291323765e-02	2.978874153014344356e-02
3.918593873060780197e+02	4.356445983261371668e-01	2.819464087281590703e-01	1.240900782549802517e-01	7.316816269600089073e-02	4.173986104157210303e-02	1.319613105299860360e-02	3.021475990005270326e-02
3.966971575197332527e+02	4.339801161301088395e-01	2.807236082274724431e-01	1.253512832648138731e-01	7.394687405598400487e-02	4.202402500761144577e-02	1.333494410107833802e-02	3.063914921283176010e-02
4.015349277333884856e+02	4.323203183547544848e-01	2.795122226648282804e-01	1.266039370743510528e-01	7.472120354942431153e-02	4.230697337236050126e-02	1.347344326589079017e-02	3.106190171829123492e-02
4.063726979470438323e+02	4.306655452563365460e-01	2.783118541680489888e-01	1.278480942550555277e-01	7.549116717890506922e-02	4.258870449411548270e-02	1.361162444387505402e-02	3.148301020356403246e-02
4.112104681606991221e+02	4.290161073672386083e-01	2.771221322471381088e-01	1.290838100545835254e-01	7.625678156372595051e-02	4.286921710103559074e-02	1.374948370001115305e-02	3.190246796616771213e-02
4.160482383743544119e+02	4.273722877660743880e-01	2.759427117405366392e-01	1.303111402969027444e-01	7.701806388255813540e-02	4.314851026573648940e-02	1.388701725928449815e-02	3.232026878880771281e-02
4.208860085880095880e+02	4.257343441760710889e-01	2.747732709165091602e-01	1.315301412905645617e-01	7.777503182049927410e-02	4.342658338173296939e-02	1.402422149872846815e-02	3.273640691579497025e-02
4.257237788016648778e+02	4.241025109047092956e-01	2.736135097179349107e-01	1.327408697445054686e-01	7.852770352019534938e-02	4.370343614159214601e-02	1.416109294000236080e-02	3.315087703096096516e-02
4.305615490153201677e+02	4.224770006366168063e-01	2.724631481396659338e-01	1.339433826907996949e-01	7.927609753672158754e-02	4.397906851666924521e-02	1.429762824246522644e-02	3.356367423696202806e-02
4.353993192289755143e+02	4.208580060908102549e-01	2.713219247284329172e-01	1.351377374138300891e-01	8.002023279593800664e-02	4.425348073830746159e-02	1.443382419670905317e-02	3.397479403587269631e-02
4.402370894426308041e+02	4.192457015525377639e-01	2.701895951960373576e-01	1.363239913853833696e-01	8.076012855605629870e-02	4.452667328039254524e-02	1.456967771851750901e-02	3.438423231097562094e-02
4.450748596562860939e+02	4.176402442892020450e-01	2.690659311372669005e-01	1.375022022052143633e-01	8.149580437217519846e-02	4.479864684316074014e-02	1.470518584321901454e-02	3.479198530966218228e-02
4.499126298699413837e+02	4.160417758591257176e-01	2.679507188446209609e-01	1.386724275466580114e-01	8.222728006355925490e-02	4.506940233816657954e-02	1.484034572040523678e-02	3.519804962736468312e-02
4.547504000835967304e+02	4.144504233212598643e-01	2.668437582125284258e-01	1.398347251068996766e-01	8.295457568345347699e-02	4.533894087432405184e-02	1.497515460898827741e-02	3.560242219244655337e-02
4.595881702972519065e+02	4.128663003533232234e-01	2.657448617242955669e-01	1.409891525615442898e-01	8.367771149124157704e-02	4.560726374494095126e-02	1.510960987257185459e-02	3.600510025198278702e-02
4.644259405109071963e+02	4.112895082852943140e-01	2.646538535155298355e-01	1.421357675231517403e-01	8.439670792677038402e-02	4.587437241567263874e-02	1.524370897511359395e-02	3.640608135836771730e-02
4.692637107245624861e+02	4.097201370546548760e-01	2.635705685082618821e-01	1.432746275034313121e-01	8.511158558667630825e-02	4.614026851332663631e-02	1.537744947685729807e-02	3.680536335669190584e-02
4.741014809382177759e+02	4.081582660893000591e-01	2.624948516104218532e-01	1.444057898788112804e-01	8.582236520256202039e-02	4.640495381545489684e-02	1.551082903051561983e-02	3.720294437283438310e-02
4.789392511518730657e+02	4.066039651235838770e-01	2.614265569757306951e-01	1.455293118591217127e-01	8.652906762088315162e-02	4.666843024067524742e-02	1.564384537768506028e-02	3.759882280222035661e-02
4.837770213655284124e+02	4.050572949525533262e-01	2.603655473194411707e-01	1.466452504591476691e-01	8.723171378441541002e-02	4.693069983966788317e-02	1.577649634547654070e-02	3.799299729919817376e-02
4.886147915791837022e+02	4.035183081290452667e-01	2.593116932857078560e-01	1.477536624728289505e-01	8.793032471518216764e-02	4.719176478679694420e-02	1.590877984334604367e-02	3.838546676699293447e-02
4.934525617928388783e+02	4.019870496079648858e-01	2.582648728626845136e-01	1.488546044498998411e-01	8.862492149873191227e-02	4.745162737231087280e-02	1.604069386011105353e-02	3.877623034819704939e-02
4.982903320064942250e+02	4.004635573417388295e-01	2.572249708417417291e-01	1.499481326747772736e-01	8.931552526966288208e-02	4.771028999507880702e-02	1.617223646113947685e-02	3.916528741576122408e-02
5.031281022201495148e+02	3.989478628306339925e-01	2.561918783174708114e-01	1.510343031475207820e-01	9.000215719830050032e-02	4.796775515582351462e-02	1.630340578569881849e-02	3.955263756445184103e-02
5.079658724338048046e+02	3.974399916313551273e-01	2.551654922253918656e-01	1.521131715667015660e-01	9.068483847843990253e-02	4.822402545081416053e-02	1.643420004445421412e-02	3.993828060274336178e-02
5.128036426474600376e+02	3.959399638270741928e-01	2.541457149145172623e-01	1.531847933140292883e-01	9.136359031607274583e-02	4.847910356598519183e-02	1.656461751710490773e-02	4.032221654511657788e-02
5.176414128611153274e+02	3.944477944618082210e-01	2.531324537521354445e-01	1.542492234405977158e-01	9.203843391902361004e-02	4.873299227145000412e-02	1.669465655014935185e-02	4.070444560473575335e-02
5.224791830747705035e+02	3.929634939418410466e-01	2.521256207583815745e-01	1.553065166546206410e-01	9.270939048742664335e-02	4.898569441638047500e-02	1.682431555476999671e-02	4.108496818647969923e-02
5.273169532884259070e+02	3.914870684066806272e-01	2.511251322683433207e-01	1.563567273105389288e-01	9.337648120497878124e-02	4.923721292422554574e-02	1.695359300482942103e-02	4.146378488030349335e-02
5.321547235020811968e+02	3.900185200718548351e-01	2.501309086196218390e-01	1.573999093993892762e-01	9.403972723091041930e-02	4.948755078824416953e-02	1.708248743497010891e-02	4.184089645490945975e-02
5.369924937157364866e+02	3.885578475456761272e-01	2.491428738634241524e-01	1.584361165403330995e-01	9.469914969261887527e-02	4.973671106732967251e-02	1.721099743881070870e-02	4.221630385170748595e-02
5.418302639293917764e+02	3.871050461219422978e-01	2.481609554974087695e-01	1.594654019732520689e-01	9.535476967891426403e-02	4.998469688210437772e-02	1.733912166723221987e-02	4.259000817904610992e-02
5.466680341430470662e+02	3.856601080503936907e-01	2.471850842186412989e-01	1.604878185523238021e-01	9.600660823383105891e-02	5.023151141126489666e-02	1.746685882674791843e-02	4.296201070669744548e-02
5.515058043567023560e+02	3.842230227866082481e-01	2.462151936951405551e-01	1.615034187404977839e-01	9.665468635096234606e-02	5.047715788815990146e-02	1.759420767795144211e-02	4.333231286057979970e-02
5.563435745703576458e+02	3.827937772228899860e-01	2.452512203546103053e-01	1.625122546047980954e-01	9.729902496827672054e-02	5.072163959758371754e-02	1.772116703403770269e-02	4.370091621770350043e-02
5.611813447840129356e+02	3.813723559015879672e-01	2.442931031890583637e-01	1.635143778123844815e-01	9.793964496338120052e-02	5.096495987277013806e-02	1.784773575939184106e-02	4.406782250132604967e-02
5.660191149976681118e+02	3.799587412121738228e-01	2.433407835741032421e-01	1.645098396273092789e-01	9.857656714919593721e-02	5.120712209257207576e-02	1.797391276824167328e-02	4.443303357630401518e-02
5.708568852113234016e+02	3.785529135733075590e-01	2.423942051018578570e-01	1.654986909079119994e-01	9.920981227000935654e-02	5.144812967881393084e-02	1.809969702336948483e-02	4.479655144462984379e-02
5.756946554249786914e+02	3.771548516010259089e-01	2.414533134263653624e-01	1.664809821047981142e-01	9.983940099788454758e-02	5.168798609380417797e-02	1.822508753487928068e-02	4.515837824114263960e-02
5.805324256386339812e+02	3.757645322641030017e-01	2.405180561206387291e-01	1.674567632593526034e-01	1.004653539293900028e-01	5.192669483799691732e-02	1.835008335901596246e-02	4.551851622940272096e-02
5.853701958522892710e+02	3.743819310275543488e-01	2.395883825444272697e-01	1.684260840027428652e-01	1.010876915826300210e-01	5.216425944779187751e-02	1.847468359703304669e-02	4.587696779772053313e-02
5.902079660659445608e+02	3.730070219851798763e-01	2.386642437219001489e-01	1.693889935553682669e-01	1.017064343945515426e-01	5.240068349346305859e-02	1.859888739410591602e-02	4.623373545533110418e-02
5.950457362795999643e+02	3.716397779819767822e-01	2.377455922284977818e-01	1.703455407267184529e-01	1.023216027185063492e-01	5.263597057720700856e-02	1.872269393828767531e-02	4.658882182870587724e-02
5.998835064932552541e+02	3.702801707271866083e-01	2.368323820862586193e-01	1.712957739156038550e-01	1.029332168220489785e-01	5.287012433130244132e-02	1.884610245950504512e-02	4.694222965799434849e-02
6.047212767069104302e+02	3.689281708986872910e-01	2.359245686669811659e-01	1.722397411107256526e-01	1.035412968849520748e-01	5.310314841637344546e-02	1.896911222859177029e-02	4.729396179358838492e-02
6.095590469205657200e+02	3.675837482393833899e-01	2.350221086026298700e-01	1.731774898915548200e-01	1.041458629974226641e-01	5.333504651974905336e-02	1.909172255635732326e-02	4.764402119280268522e-02
6.143968171342210098e+02	3.662468716462006224e-01	2.341249597024372409e-01	1.741090674294916985e-01	1.047469351585036124e-01	5.356582235391266211e-02	1.921393279268874058e-02	4.799241091666522907e-02
6.192345873478761860e+02	3.649175092522448649e-01	2.332330808761972629e-01	1.750345204892809481e-01	1.053445332746459628e-01	5.379547965503508195e-02	1.933574232568366011e-02	4.833913412681201810e-02
6.240723575615315895e+02	3.635956285026419321e-01	2.323464320632821767e-01	1.759538954306573422e-01	1.059386771584391734e-01	5.402402218158560560e-02	1.945715058081274457e-02	4.868419408248078617e-02
6.289101277751868793e+02	3.622811962245376938e-01	2.314649741669506655e-01	1.768672382102006169e-01	1.065293865274866275e-01	5.425145371301574870e-02	1.957815702010977030e-02	4.902759413759866930e-02
6.337478979888421691e+02	3.609741786916991213e-01	2.305886689935479072e-01	1.777745943833793085e-01	1.071166810034153705e-01	5.447777804851085953e-02	1.969876114138783413e-02	4.936933773795932484e-02
6.385856682024975726e+02	3.596745416841267695e-01	2.297174791962285911e-01	1.786760091067645106e-01	1.077005801110095390e-01	5.470299900580505997e-02	1.981896247748021755e-02	4.970942841848500354e-02
6.434234384161527487e+02	3.583822505430545591e-01	2.288513682228608681e-01	1.795715271403967861e-01	1.082811032774579074e-01	5.492712042005528511e-02	1.993876059550454133e-02	5.004786980056971646e-02
6.482612086298080385e+02	3.570972702216880235e-01	2.279903002677961255e-01	1.804611928502898865e-01	1.088582698317064196e-01	5.515014614277062577e-02	2.005815509614895450e-02	5.038466558949961094e-02
6.530989788434633283e+02	3.558195653320020413e-01	2.271342402272131245e-01	1.813450502110572626e-01	1.094320990039076291e-01	5.537208004079332418e-02	2.017714561297918527e-02	5.071981957194707236e-02
6.579367490571185044e+02	3.545491001878978143e-01	2.262831536577660507e-01	1.822231428086475424e-01	1.100026099249594574e-01	5.559292599532809909e-02	2.029573181176536761e-02	5.105333561353524868e-02
6.627745192707737942e+02	3.532858388449948150e-01	2.254370067382877874e-01	1.830955138431767659e-01	1.105698216261259692e-01	5.581268790101669153e-02	2.041391338982760997e-02	5.138521765646993089e-02
6.676122894844290840e+02	3.520297451373115005e-01	2.245957662343180117e-01	1.839622061318459956e-01	1.111337530387339900e-01	5.603136966505484207e-02	2.053169007539937946e-02	5.171546971723584712e-02
6.724500596980843738e+02	3.507807827110723808e-01	2.237593994652423701e-01	1.848232621119340335e-01	1.116944229939392935e-01	5.624897520634890291e-02	2.064906162700781700e-02	5.204409588435473383e-02
6.772878299117396637e+02	3.495389150558577129e-01	2.229278742738469155e-01	1.856787238438555032e-01	1.122518502225568759e-01	5.646550845470978824e-02	2.076602783287013337e-02	5.237110031620259565e-02
6.821256001253949535e+02	3.483041055332984359e-01	2.221011589981045087e-01	1.865286330142753024e-01	1.128060533549502115e-01	5.668097335008182719e-02	2.088258851030537835e-02	5.269648723888377406e-02
6.869633703390502433e+02	3.470763174035020882e-01	2.212792224450258749e-01	1.873730309392717952e-01	1.133570509209747279e-01	5.689537384180447244e-02	2.099874350516080582e-02	5.302026094415963897e-02
6.918011405527055331e+02	3.458555138493810688e-01	2.204620338664192158e-01	1.882119585675411932e-01	1.139048613499711454e-01	5.710871388790487307e-02	2.111449269125220338e-02	5.334242578742967589e-02
6.966389107663608229e+02	3.446416579990442819e-01	2.196495629364146052e-01	1.890454564836357987e-01	1.144495029708044453e-01	5.732099745441949362e-02	2.122983596981756552e-02	5.366298618576316459e-02
7.014766809800161127e+02	3.434347129463971582e-01	2.188417797306204671e-01	1.898735649112306689e-01	1.149909940119450136e-01	5.753222851474303068e-02	2.134477326898350999e-02	5.398194661597942312e-02
7.063144511936714025e+02	3.422346417700874999e-01	2.180386547067889313e-01	1.906963237164125413e-01	1.155293526015882533e-01	5.774241104900312144e-02	2.145930454324390668e-02	5.429931161277497254e-02
7.111522214073266923e+02	3.410414075509219378e-01	2.172401586868764056e-01	1.915137724109857997e-01	1.160645967678096135e-01	5.795154904345933833e-02	2.157342977295019504e-02	5.461508576689591554e-02
7.159899916209819821e+02	3.398549733878695744e-01	2.164462628403948097e-01	1.923259501557908757e-01	1.165967444387519952e-01	5.815964648992504038e-02	2.168714896381294596e-02	5.492927372335397462e-02
7.208277618346371582e+02	3.386753024127603928e-01	2.156569386689555778e-01	1.931328957640304489e-01	1.171258134428429104e-01	5.836670738521093638e-02	2.180046214641416513e-02	5.524188017968475334e-02
7.256655320482924481e+02	3.375023578037772976e-01	2.148721579919176117e-01	1.939346477045997275e-01	1.176518215090387176e-01	5.857273573058909000e-02	2.191336937573000118e-02	5.555290988424674281e-02
7.305033022619478515e+02	3.363361027978336026e-01	2.140918929330551113e-01	1.947312441054172283e-01	1.181747862670937815e-01	5.877773553127624284e-02	2.202587073066337650e-02	5.586236763455983828e-02
7.353410724756030277e+02	3.351765007019209541e-01	2.133161159081697622e-01	1.955227227567522263e-01	1.186947252478522813e-01	5.898171079593558103e-02	2.213796631358624922e-02	5.617025827568213059e-02
7.401788426892584312e+02	3.340235149035063467e-01	2.125447996135751139e-01	1.963091211145464310e-01	1.192116558835607382e-01	5.918466553619577269e-02	2.224965624989108312e-02	5.647658669862364034e-02
7.450166129029136073e+02	3.328771088800500100e-01	2.117779170153888391e-01	1.970904763037269747e-01	1.197255955081993894e-01	5.938660376618658254e-02	2.236094068755130684e-02	5.678135783879607185e-02
7.498543831165690108e+02	3.317372462077117223e-01	2.110154413395709805e-01	1.978668251215079110e-01	1.202365613578307846e-01	5.958752950209009885e-02	2.247181979669033922e-02	5.708457667449736567e-02
7.546921533302243006e+02	3.306038905693073349e-01	2.102573460626533941e-01	1.986382040406785288e-01	1.207445705709640077e-01	5.978744676170689998e-02	2.258229376915895856e-02	5.738624822543011983e-02
7.595299235438793630e+02	3.294770057615726833e-01	2.095036049031075709e-01	1.994046492128759562e-01	1.212496401889330000e-01	5.998635956403636227e-02	2.269236281812074887e-02	5.768637755125290145e-02
7.643676937575347665e+02	3.283565557017881220e-01	2.087541918133036245e-01	2.001661964718403630e-01	1.217517871562878440e-01	6.018427192887046417e-02	2.280202717764534884e-02	5.798496975016346339e-02
7.692054639711900563e+02	3.272425044338118094e-01	2.080090809720157585e-01	2.009228813366512878e-01	1.222510283211975524e-01	6.038118787640048973e-02	2.291128710230923640e-02	5.828202995751311649e-02
7.740432341848452324e+02	3.261348161335678175e-01	2.072682467774335513e-01	2.016747390149433716e-01	1.227473804358633624e-01	6.057711142683597227e-02	2.302014286680387906e-02	5.857756334445128610e-02
7.788810043985006359e+02	3.250334551140304784e-01	2.065316638406411442e-01	2.024218044061000810e-01	1.232408601569415646e-01	6.077204660003539954e-02	2.312859476555098256e-02	5.887157511659953796e-02
7.837187746121558121e+02	3.239383858297437135e-01	2.057993069795291952e-01	2.031641121044245601e-01	1.237314840459746157e-01	6.096599741514810433e-02	2.323664311232465779e-02	5.916407051275431039e-02
7.885565448258112156e+02	3.228495728809105958e-01	2.050711512131074832e-01	2.039016964022863643e-01	1.242192685698300242e-01	6.115896789026692426e-02	2.334428823988030782e-02	5.945505480361755468e-02
7.933943150394665054e+02	3.217669810170866174e-01	2.043471717561881063e-01	2.046345912932428790e-01	1.247042301011458132e-01	6.135096204209111032e-02	2.345153049959004463e-02	5.974453329055468692e-02
7.982320852531219089e+02	3.206905751405075278e-01	2.036273440144117930e-01	2.053628304751352329e-01	1.251863849187820898e-01	6.154198388559911637e-02	2.355837026108447557e-02	6.003251130437905342e-02
8.030698554667769713e+02	3.196203203090786094e-01	2.029116435795915996e-01	2.060864473531572871e-01	1.256657492082778882e-01	6.173203743373081170e-02	2.366480791190068295e-02	6.031899420416236834e-02
8.079076256804323748e+02	3.185561817390533124e-01	2.022000462253504272e-01	2.068054750428973132e-01	1.261423390623126473e-01	6.192112669707883210e-02	2.377084385713621253e-02	6.060398737607050612e-02
8.127453958940876646e+02	3.174981248074232321e-01	2.014925279030306271e-01	2.075199463733521377e-01	1.266161704811716582e-01	6.210925568358863225e-02	2.387647851910899843e-02	6.088749623222392687e-02
8.175831661077428407e+02	3.164461150540436307e-01	2.007890647378552107e-01	2.082298938899127538e-01	1.270872593732153277e-01	6.229642839826692036e-02	2.398171233702298122e-02	6.116952620958234638e-02
8.224209363213982442e+02	3.154001181835137668e-01	2.000896330253224831e-01	2.089353498573213452e-01	1.275556215553509953e-01	6.248264884289825988e-02	2.408654576663936051e-02	6.145008276885292886e-02
8.272587065350534203e+02	3.143601000668316825e-01	1.993942092278162548e-01	2.096363462625992491e-01	1.280212727535076644e-01	6.266792101576940111e-02	2.419097927995330841e-02	6.172917139342159326e-02
8.320964767487085965e+02	3.133260267428407131e-01	1.987027699714161988e-01	2.103329148179454711e-01	1.284842286031127045e-01	6.285224891140119008e-02	2.429501336487603635e-02	6.200679758830685007e-02
8.369342469623640000e+02	3.122978644194844278e-01	1.980152920428930041e-01	2.110250869636060844e-01	1.289445046495701352e-01	6.303563652028768005e-02	2.439864852492209038e-02	6.228296687913570384e-02
8.417720171760191761e+02	3.112755794748842120e-01	1.973317523868756140e-01	2.117128938707134866e-01	1.294021163487405202e-01	6.321808782864235532e-02	2.450188527890177076e-02	6.255768481114114266e-02
8.466097873896745796e+02	3.102591384582541467e-01	1.966521281031767265e-01	2.123963664440961518e-01	1.298570790674217212e-01	6.339960681815105803e-02	2.460472416061852685e-02	6.283095694818069399e-02
8.514475576033297557e+02	3.092485080906656192e-01	1.959763964442660100e-01	2.130755353250584350e-01	1.303094080838304025e-01	6.358019746573154163e-02	2.470716571857129243e-02	6.310278887177571405e-02
8.562853278169851592e+02	3.082436552656735440e-01	1.953045348128794600e-01	2.137504308941302611e-01	1.307591185880839502e-01	6.375986374329932482e-02	2.480921051566157762e-02	6.337318618017084848e-02
8.611230980306403353e+02	3.072445470498152975e-01	1.946365207597552938e-01	2.144210832737872829e-01	1.312062256826826145e-01	6.393860961753979055e-02	2.491085912890529316e-02	6.364215448741337988e-02
8.659608682442956251e+02	3.062511506829923014e-01	1.939723319814872227e-01	2.150875223311406459e-01	1.316507443829914858e-01	6.411643904968618302e-02	2.501211214914916131e-02	6.390969942245189328e-02
8.707986384579510286e+02	3.052634335787437481e-01	1.933119463184863884e-01	2.157497776805973877e-01	1.320926896177223031e-01	6.429335599530343337e-02	2.511297018079163695e-02	6.417582662825395412e-02
8.756364086716062047e+02	3.042813633244209059e-01	1.926553417530441070e-01	2.164078786864908066e-01	1.325320762294146804e-01	6.446936440407763369e-02	2.521343384150827663e-02	6.444054176094249353e-02
8.804741788852616082e+02	3.033049076812702194e-01	1.920024964074880658e-01	2.170618544656811866e-01	1.329689189749166944e-01	6.464446821961092327e-02	2.531350376198143390e-02	6.470385048895034574e-02
8.853119490989170117e+02	3.023340345844326427e-01	1.913533885424256176e-01	2.177117338901271848e-01	1.334032325258646956e-01	6.481867137922178723e-02	2.541318058563421176e-02	6.496575849219272947e-02
8.901497193125721878e+02	3.013687121428656468e-01	1.907079965550673439e-01	2.183575455894276041e-01	1.338350314691620357e-01	6.499197781375042060e-02	2.551246496836860958e-02	6.522627146125717368e-02
8.949874895262273640e+02	3.004089086391945607e-01	1.900662989776256140e-01	2.189993179533342715e-01	1.342643303074567140e-01	6.516439144736915767e-02	2.561135757830776752e-02	6.548539509661073510e-02
8.998252597398827675e+02	2.994545925294987421e-01	1.894282744757826431e-01	2.196370791342355799e-01	1.346911434596176904e-01	6.533591619739781420e-02	2.570985909554224930e-02	6.574313510782399395e-02
9.046630299535379436e+02	2.985057324430385184e-01	1.887939018472228336e-01	2.202708570496115792e-01	1.351154852612099500e-01	6.550655597412383124e-02	2.580797021188027326e-02	6.599949721281160586e-02
9.095008001671932334e+02	2.975622971819271712e-01	1.881631600202255949e-01	2.209006793844600358e-01	1.355373699649679853e-01	6.567631468062695710e-02	2.590569163060183963e-02	6.625448713708900761e-02
9.143385703808486369e+02	2.966242557207527941e-01	1.875360280523133694e-01	2.215265735936945146e-01	1.359568117412676136e-01	6.584519621260857825e-02	2.600302406621667756e-02	6.650811061304501282e-02
9.191763405945038130e+02	2.956915772061548542e-01	1.869124851289518940e-01	2.221485669045140943e-01	1.363738246785963781e-01	6.601320445822539407e-02	2.609996824422593925e-02	6.676037337923008963e-02
9.240141108081592165e+02	2.947642309563580643e-01	1.862925105622986188e-01	2.227666863187452162e-01	1.367884227840218681e-01	6.618034329792743531e-02	2.619652490088761332e-02	6.701128117965979292e-02
9.288518810218145063e+02	2.938421864606689526e-01	1.856760837899961436e-01	2.233809586151559723e-01	1.372006199836584006e-01	6.634661660430025976e-02	2.629269478298553592e-02	6.726083976313330937e-02
9.336896512354697961e+02	2.929254133789365722e-01	1.850631843740072335e-01	2.239914103517428312e-01	1.376104301231318716e-01	6.651202824191136675e-02	2.638847864760198586e-02	6.750905488256665754e-02
9.385274214491247449e+02	2.920138815409820121e-01	1.844537919994891084e-01	2.245980678679904419e-01	1.380178669680424408e-01	6.667658206716041425e-02	2.648387726189378732e-02	6.775593229434030695e-02
9.433651916627801484e+02	2.911075609459984337e-01	1.838478864737037866e-01	2.252009572871043752e-01	1.384229442044253855e-01	6.684028192813355751e-02	2.657889140287186466e-02	6.800147775766107738e-02
9.482029618764355519e+02	2.902064217619251818e-01	1.832454477249626235e-01	2.258001045182174149e-01	1.388256754392097614e-01	6.700313166446152102e-02	2.667352185718419033e-02	6.824569703393777720e-02
9.530407320900908417e+02	2.893104343247974719e-01	1.826464558016021866e-01	2.263955352585695080e-01	1.392260742006750929e-01	6.716513510718145896e-02	2.676776942090207390e-02	6.848859588617063621e-02
9.578785023037459041e+02	2.884195691380750382e-01	1.820508908709898288e-01	2.269872749956616254e-01	1.396241539389057595e-01	6.732629607860245169e-02	2.686163489930974008e-02	6.873018007835403342e-02
9.627162725174014213e+02	2.875337968719500759e-01	1.814587332185568502e-01	2.275753490093839482e-01	1.400199280262433843e-01	6.748661839217456881e-02	2.695511910669715419e-02	6.897045537489245037e-02
9.675540427310568248e+02	2.866530883626388082e-01	1.808699632468574181e-01	2.281597823741185471e-01	1.404134097577368345e-01	6.764610585236152662e-02	2.704822286615599786e-02	6.920942754002926134e-02
9.723918129447120009e+02	2.857774146116560110e-01	1.802845614746516056e-01	2.287405999608168594e-01	1.408046123515901971e-01	6.780476225451663452e-02	2.714094700937880189e-02	6.944710233728819404e-02
9.772295831583674044e+02	2.849067467850758262e-01	1.797025085360110797e-01	2.293178264390524357e-01	1.411935489496082274e-01	6.796259138476225259e-02	2.723329237646117049e-02	6.968348552892730807e-02
9.820673533720223531e+02	2.840410562127791971e-01	1.791237851794460767e-01	2.298914862790487901e-01	1.415802326176397452e-01	6.811959701987242710e-02	2.732525981570702381e-02	6.991858287540500538e-02
9.869051235856777566e+02	2.831803143876905349e-01	1.785483722670518913e-01	2.304616037536832696e-01	1.419646763460186700e-01	6.827578292715880126e-02	2.741685018343684166e-02	7.015240013485819770e-02
9.917428937993331601e+02	2.823244929650037260e-01	1.779762507736745714e-01	2.310282029404666093e-01	1.423468930500026430e-01	6.843115286435966227e-02	2.750806434379884577e-02	7.038494306259215905e-02
9.965806640129884499e+02	2.814735637613992036e-01	1.774074017860935715e-01	2.315913077234989237e-01	1.427268955702094555e-01	6.858571057953209704e-02	2.759890316858307560e-02	7.061621741058188295e-02
1.001418434226643626e+03	2.806274987542533572e-01	1.768418065022213381e-01	2.321509417954021604e-01	1.431046966730510628e-01	6.873945981094713165e-02	2.768936753703833339e-02	7.084622892698479169e-02
1.006256204440298802e+03	2.797862700808408376e-01	1.762794462303180487e-01	2.327071286592295174e-01	1.434803090511652668e-01	6.889240428698786833e-02	2.777945833569192211e-02	7.107498335566468650e-02
1.011093974653954206e+03	2.789498500375309775e-01	1.757203023882212001e-01	2.332598916303517678e-01	1.438537453238450392e-01	6.904454772605055080e-02	2.786917645817216585e-02	7.130248643572645317e-02
1.015931744867609382e+03	2.781182110789789386e-01	1.751643565025889360e-01	2.338092538383210739e-01	1.442250180374654855e-01	6.919589383644843272e-02	2.795852280503365386e-02	7.152874390106157831e-02
1.020769515081264785e+03	2.772913258173128059e-01	1.746115902081562254e-01	2.343552382287126534e-01	1.445941396659085054e-01	6.934644631631846357e-02	2.804749828358516286e-02	7.175376147990421283e-02
1.025607285294920075e+03	2.764691670213167418e-01	1.740619852470036144e-01	2.348978675649441572e-01	1.449611226109849826e-01	6.949620885353070820e-02	2.813610380772024050e-02	7.197754489439756043e-02
1.030445055508575479e+03	2.756517076156115298e-01	1.735155234678373293e-01	2.354371644300733424e-01	1.453259792028546993e-01	6.964518512560045893e-02	2.822434029775037351e-02	7.220009986017031367e-02
1.035282825722230655e+03	2.748389206798322326e-01	1.729721868252805939e-01	2.359731512285744015e-01	1.456887217004437796e-01	6.979337879960297031e-02	2.831220868024074758e-02	7.242143208592323467e-02
1.040120595935886058e+03	2.740307794478049064e-01	1.724319573791754101e-01	2.365058501880929753e-01	1.460493622918599965e-01	6.994079353209074756e-02	2.839970988784851214e-02	7.264154727302545023e-02
1.044958366149541234e+03	2.732272573067211496e-01	1.718948172938940533e-01	2.370352833611802101e-01	1.464079130948053586e-01	7.008743296901343012e-02	2.848684485916356396e-02	7.286045111512019778e-02
1.049796136363196410e+03	2.724283277963125971e-01	1.713607488376603094e-01	2.375614726270062482e-01	1.467643861569866426e-01	7.023330074564011760e-02	2.857361453855175593e-02	7.307814929774027191e-02
1.054633906576851814e+03	2.716339646080246362e-01	1.708297343818794556e-01	2.380844396930530127e-01	1.471187934565235389e-01	7.037840048648413838e-02	2.866001987600055867e-02	7.329464749793250522e-02
1.059471676790506763e+03	2.708441415841904565e-01	1.703017564004769280e-01	2.386042060967874245e-01	1.474711469023542443e-01	7.052273580523019114e-02	2.874606182696707798e-02	7.350995138389151973e-02
1.064309447004162394e+03	2.700588327172052105e-01	1.697767974692451221e-01	2.391207932073141362e-01	1.478214583346389166e-01	7.066631030466384578e-02	2.883174135222843146e-02	7.372406661460222110e-02
1.069147217217817570e+03	2.692780121487011735e-01	1.692548402651979922e-01	2.396342222270089473e-01	1.481697395251607707e-01	7.080912757660334789e-02	2.891705941773445310e-02	7.393699883949121643e-02
1.073984987431472746e+03	2.685016541687241243e-01	1.687358675659330898e-01	2.401445141931329574e-01	1.485160021777247041e-01	7.095119120183367156e-02	2.900201699446264617e-02	7.414875369808668348e-02
1.078822757645127922e+03	2.677297332149107256e-01	1.682198622490009010e-01	2.406516899794273467e-01	1.488602579285537852e-01	7.109250475004280645e-02	2.908661505827541890e-02	7.435933681968688591e-02
1.083660527858783553e+03	2.669622238716677365e-01	1.677068072912809293e-01	2.411557702976894479e-01	1.492025183466833271e-01	7.123307177976012650e-02	2.917085458977951642e-02	7.456875382303673749e-02
1.088498298072438729e+03	2.661991008693532779e-01	1.671966857683643559e-01	2.416567756993301119e-01	1.495427949343526852e-01	7.137289583829703465e-02	2.925473657418764181e-02	7.477701031601272086e-02
1.093336068286093905e+03	2.654403390834597087e-01	1.666894808539430561e-01	2.421547265769129209e-01	1.498810991273946680e-01	7.151198046168956435e-02	2.933826200118221789e-02	7.498411189531564713e-02
1.098173838499749309e+03	2.646859135337993330e-01	1.661851758192048611e-01	2.426496431656749997e-01	1.502174422956228661e-01	7.165032917464311812e-02	2.942143186478128961e-02	7.519006414617136758e-02
1.103011608713404712e+03	2.639357993836919936e-01	1.656837540322344260e-01	2.431415455450301188e-01	1.505518357432164833e-01	7.178794549047916307e-02	2.950424716320649079e-02	7.539487264203911798e-02
1.107849378927059888e+03	2.631899719391558867e-01	1.651851989574201762e-01	2.436304536400540899e-01	1.508842907091031416e-01	7.192483291108392462e-02	2.958670889875309601e-02	7.559854294432744037e-02
1.112687149140715292e+03	2.624484066481008737e-01	1.646894941548663616e-01	2.441163872229527576e-01	1.512148183673391322e-01	7.206099492685905106e-02	2.966881807766208815e-02	7.580108060211752929e-02
1.117524919354370468e+03	2.617110790995245684e-01	1.641966232798105774e-01	2.445993659145127286e-01	1.515434298274876967e-01	7.219643501667409591e-02	2.975057570999421752e-02	7.600249115189386395e-02
1.122362689568025871e+03	2.609779650227118664e-01	1.637065700820465597e-01	2.450794091855353352e-01	1.518701361349949208e-01	7.233115664782091558e-02	2.983198280950605588e-02	7.620278011728200129e-02
1.127200459781681047e+03	2.602490402864373054e-01	1.632193184053517820e-01	2.455565363582537519e-01	1.521949482715634905e-01	7.246516327596992657e-02	2.991304039352797248e-02	7.640195300879337736e-02
1.132038229995336451e+03	2.595242808981708671e-01	1.627348521869200482e-01	2.460307666077333755e-01	1.525178771555241730e-01	7.259845834512812512e-02	2.999374948284404263e-02	7.660001532357695042e-02
1.136876000208991627e+03	2.588036630032869434e-01	1.622531554567986645e-01	2.465021189632563559e-01	1.528389336422051881e-01	7.273104528759882781e-02	3.007411110157383327e-02	7.679697254517772742e-02
1.141713770422646803e+03	2.580871628842772436e-01	1.617742123373303309e-01	2.469706123096896688e-01	1.531581285242991364e-01	7.286292752394323002e-02	3.015412627705605503e-02	7.699283014330178532e-02
1.146551540636302207e+03	2.573747569599665330e-01	1.612980070425995283e-01	2.474362653888376729e-01	1.534754725322281521e-01	7.299410846294357436e-02	3.023379603973403926e-02	7.718759357358792594e-02
1.151389310849957155e+03	2.566664217847324791e-01	1.608245238778830688e-01	2.478990968007785123e-01	1.537909763345066405e-01	7.312459150156808141e-02	3.031312142304304694e-02	7.738126827738564528e-02
1.156227081063612786e+03	2.559621340477288842e-01	1.603537472391050323e-01	2.483591250051856991e-01	1.541046505381017950e-01	7.325438002493736556e-02	3.039210346329932269e-02	7.757385968153937550e-02
1.161064851277267962e+03	2.552618705721128034e-01	1.598856616122960039e-01	2.488163683226338740e-01	1.544165056887921439e-01	7.338347740629264093e-02	3.047074319959094252e-02	7.776537319817899974e-02
1.165902621490923138e+03	2.545656083142752713e-01	1.594202515730561709e-01	2.492708449358899681e-01	1.547265522715240149e-01	7.351188700696534295e-02	3.054904167367037890e-02	7.795581422451623721e-02
1.170740391704578315e+03	2.538733243630758030e-01	1.589575017860224704e-01	2.497225728911892095e-01	1.550348007107656134e-01	7.363961217634837353e-02	3.062699992984875899e-02	7.814518814264710678e-02
1.175578161918233945e+03	2.531849959390810589e-01	1.584973970043395686e-01	2.501715700994967539e-01	1.553412613708592127e-01	7.376665625186885900e-02	3.070461901489182979e-02	7.833350031936005264e-02
1.180415932131889122e+03	2.525006003938067289e-01	1.580399220691349194e-01	2.506178543377545753e-01	1.556459445563712629e-01	7.389302255896228189e-02	3.078189997791756782e-02	7.852075610595000976e-02
1.185253702345544298e+03	2.518201152089639683e-01	1.575850619089971816e-01	2.510614432501144244e-01	1.559488605124402238e-01	7.401871441104827809e-02	3.085884387029541945e-02	7.870696083803785381e-02
1.190091472559199701e+03	2.511435179957093311e-01	1.571328015394587163e-01	2.515023543491564650e-01	1.562500194251226493e-01	7.414373510950768298e-02	3.093545174554717184e-02	7.889211983539538842e-02
1.194929242772855105e+03	2.504707864938987005e-01	1.566831260624814981e-01	2.519406050170940881e-01	1.565494314217367455e-01	7.426808794366102084e-02	3.101172465924939906e-02	7.907623840177591124e-02
1.199767012986510281e+03	2.498018985713454376e-01	1.562360206659465789e-01	2.523762125069651252e-01	1.568471065712044865e-01	7.439177619074846537e-02	3.108766366893747635e-02	7.925932182474978993e-02
1.204604783200165684e+03	2.491368322230821664e-01	1.557914706231470492e-01	2.528091939438095181e-01	1.571430548843910924e-01	7.451480311591099359e-02	3.116326983401112791e-02	7.944137537554545048e-02
