2.467262808964194392e+02	4.850671430749527446e-01	3.268067863901472636e-01	8.196448501944841869e-02	4.765105137585908673e-02	3.270038300886785043e-02	9.049032341297379503e-03	1.676111878932546456e-02
2.515640511100747290e+02	4.836064377606049680e-01	3.248874854823128877e-01	8.350405476321701159e-02	4.856562805798817634e-02	3.301707449341766132e-02	9.191469401944060355e-03	1.722785004041337692e-02
2.564018213237300188e+02	4.821131579701554704e-01	3.230161483280553081e-01	8.503434026027661963e-02	4.947596310264820718e-02	3.333294119402509942e-02	9.333886677701066711e-03	1.769356246703638474e-02
2.612395915373852517e+02	4.805905337223288498e-01	3.211897552843415715e-01	8.655528206148606352e-02	5.038200180515017834e-02	3.364794756515686325e-02	9.476267336731396262e-03	1.815821222470320739e-02
2.660773617510405415e+02	4.790415503632248773e-01	3.194055079008494280e-01	8.806683163289168170e-02	5.128369569341886813e-02	3.396206081877371774e-02	9.618595464041203649e-03	1.862175812669828942e-02
2.709151319646958882e+02	4.774689667727887166e-01	3.176608125046108677e-01	8.956895047408378052e-02	5.218100205175940642e-02	3.427525072488431940e-02	9.760856000436961277e-03	1.908416147133400534e-02
2.757529021783511780e+02	4.758753322183991163e-01	3.159532650041681490e-01	9.106160930297493850e-02	5.307388348009422357e-02	3.458748942679802652e-02	9.903034685909899854e-03	1.954538588155361675e-02
2.805906723920064678e+02	4.742630019560935550e-01	3.142806368226355174e-01	9.254478730205220605e-02	5.396230748603426247e-02	3.489875126998656651e-02	1.004511800712037418e-02	2.000539715597549409e-02
2.854284426056617008e+02	4.726341516724784086e-01	3.126408618757913760e-01	9.401847142152276737e-02	5.484624610734426670e-02	3.520901264354538845e-02	1.018709314867906855e-02	2.046416313053665142e-02
2.902662128193169337e+02	4.709907908534621823e-01	3.110320245175582921e-01	9.548265573511308113e-02	5.572567556254327814e-02	3.551825183332057989e-02	1.032894794794447443e-02	2.092165354995597498e-02
2.951039830329722804e+02	4.693347751595469131e-01	3.094523483809959452e-01	9.693734084459706968e-02	5.660057592754921818e-02	3.582644888583644271e-02	1.047067085307689174e-02	2.137783994829540318e-02
2.999417532466276270e+02	4.676678178814900888e-01	3.079001860482730168e-01	9.838253332942022145e-02	5.747093083643197570e-02	3.613358548222324329e-02	1.061225088410848276e-02	2.183269553795081155e-02
3.047795234602828600e+02	4.659915005446658709e-01	3.063740094880275655e-01	9.981824523805704619e-02	5.833672720448300486e-02	3.643964482140384792e-02	1.075367759680673739e-02	2.228619510645375723e-02
3.096172936739380930e+02	4.643072827253758028e-01	3.048724012031003294e-01	1.012444936179890398e-01	5.919795497194280803e-02	3.674461151185329233e-02	1.089494104912525942e-02	2.273831492051130165e-02
3.144550638875934396e+02	4.626165111376617789e-01	3.033940460358628410e-01	1.026613000814219634e-01	6.005460686685079597e-02	3.704847147129605722e-02	1.103603177005103679e-02	2.318903263675338444e-02
3.192928341012487294e+02	4.609204280448225277e-01	3.019377235822828243e-01	1.040686904040751537e-01	6.090667818559615532e-02	3.735121183375302717e-02	1.117694073067156124e-02	2.363832721869660314e-02
3.241306043149040192e+02	4.592201790458080857e-01	3.005023011694995527e-01	1.054666941545745890e-01	6.175416658985388718e-02	3.765282086339385298e-02	1.131765931729822143e-02	2.408617885946962023e-02
3.289683745285592522e+02	4.575168202829387742e-01	2.990867273550422700e-01	1.068553443521642193e-01	6.259707191868807419e-02	3.795328787469080117e-02	1.145817930649455259e-02	2.453256890987910721e-02
3.338061447422145420e+02	4.558113251139442879e-01	2.976900259089351186e-01	1.082346771506205590e-01	6.343539601469483369e-02	3.825260315840752628e-02	1.159849284186915616e-02	2.497747981142623211e-02
3.386439149558698318e+02	4.541045902881247764e-01	2.963112902428118867e-01	1.096047315464127175e-01	6.426914256314125717e-02	3.855075791299095167e-02	1.173859241250348531e-02	2.542089503391271182e-02
3.434816851695251216e+02	4.523974416634762852e-01	2.949496782528289729e-01	1.109655491092955415e-01	6.509831694313414352e-02	3.884774418096643978e-02	1.187847083289433545e-02	2.586279901730196076e-02
3.483194553831804114e+02	4.506906394988894893e-01	2.936044075456338276e-01	1.123171737336586540e-01	6.592292608992410263e-02	3.914355478996611043e-02	1.201812122429977113e-02	2.630317711752580903e-02
3.531572255968357013e+02	4.489848833529915262e-01	2.922747510189273590e-01	1.136596514090785631e-01	6.674297836751712232e-02	3.943818329804760908e-02	1.215753699738547113e-02	2.674201555595002652e-02
3.579949958104909342e+02	4.472808166188599333e-01	2.909600327702779876e-01	1.149930300086369483e-01	6.755848345082729467e-02	3.973162394298622446e-02	1.229671183607611816e-02	2.717930137223311532e-02
3.628327660241463377e+02	4.455790307216624946e-01	2.896596243097968038e-01	1.163173590936747159e-01	6.836945221666103356e-02	4.002387159524653515e-02	1.243563968252353776e-02	2.761502238033248721e-02
3.676705362378016275e+02	4.438800690042683517e-01	2.883729410541002736e-01	1.176326897337508365e-01	6.917589664287619733e-02	4.031492171436178856e-02	1.257431472310978175e-02	2.804916712743033350e-02
3.725083064514568036e+02	4.421844303240146101e-01	2.870994390806614338e-01	1.189390743406662926e-01	6.997782971510821404e-02	4.060477030846930402e-02	1.271273137540949311e-02	2.848172485556818567e-02
3.773460766651120935e+02	4.404925723820906081e-01	2.858386121232031618e-01	1.202365665154983970e-01	7.077526534050018747e-02	4.089341389676881544e-02	1.285088427604141360e-02	2.891268546579494128e-02
3.821838468787673833e+02	4.388049148054057325e-01	2.845899887902264558e-01	1.215252209076693318e-01	7.156821826791631702e-02	4.118084947468810680e-02	1.298876826934414717e-02	2.934203948464733647e-02
3.870216170924226162e+02	4.371218419993333493e-01	2.833531299900950429e-01	1.228050930851451450e-01	7.235670401415628117e-02	4.146707448155611403e-02	1.312637839681605849e-02	2.976977803279537774e-02
3.918593873060780197e+02	4.354437057883538409e-01	2.821276265473306455e-01	1.240762394149290959e-01	7.314073879572409453e-02	4.175208677059865509e-02	1.326370988726367425e-02	3.019589279569742657e-02
3.966971575197332527e+02	4.337708278603573109e-01	2.809130969959124924e-01	1.253387169530753298e-01	7.392033946573837999e-02	4.203588458108555026e-02	1.340075814760702255e-02	3.062037599612126362e-02
4.015349277333884856e+02	4.321035020291950079e-01	2.797091855364318702e-01	1.265925833435064263e-01	7.469552345560133422e-02	4.231846651247063440e-02	1.353751875429420534e-02	3.104322036839786067e-02
4.063726979470438323e+02	4.304419963289832229e-01	2.785155601449263996e-01	1.278378967249717280e-01	7.546630872107246146e-02	4.259983150037793126e-02	1.367398744528101201e-02	3.146441913428454917e-02
4.112104681606991221e+02	4.287865549526617692e-01	2.773319108221269924e-01	1.290747156455332445e-01	7.623271369241919893e-02	4.287997879429814724e-02	1.381016011253463974e-02	3.188396598032324641e-02
4.160482383743544119e+02	4.271374000463797893e-01	2.761579479726847253e-01	1.303030989840106013e-01	7.699475722834096814e-02	4.315890793686963378e-02	1.394603279502361869e-02	3.230185503658786900e-02
4.208860085880095880e+02	4.254947333704208745e-01	2.749934009047212413e-01	1.315231058778599527e-01	7.775245857338598798e-02	4.343661874462743933e-02	1.408160167215885376e-02	3.271808085672280736e-02
4.257237788016648778e+02	4.238587378365850644e-01	2.738380164407636652e-01	1.327347956570004428e-01	7.850583731860044656e-02	4.371311129011252322e-02	1.421686305765327771e-02	3.313263839918160342e-02
4.305615490153201677e+02	4.222295789312076053e-01	2.726915576317889833e-01	1.339382277831376866e-01	7.925491336516979346e-02	4.398838588524138504e-02	1.435181339376998509e-02	3.354552300958153072e-02
4.353993192289755143e+02	4.206074060323116703e-01	2.715538025667172950e-01	1.351334617941681859e-01	7.999970689082909481e-02	4.426244306584362076e-02	1.448644924593099972e-02	3.395673040409610821e-02
4.402370894426308041e+02	4.189923536287625261e-01	2.704245432702637730e-01	1.363205572532786847e-01	8.074023831883619939e-02	4.453528357728182147e-02	1.462076729766081419e-02	3.436625665381311950e-02
4.450748596562860939e+02	4.173845424487046540e-01	2.693035846825842516e-01	1.374995737023844700e-01	8.147652828931697955e-02	4.480690836107455860e-02	1.475476434584081266e-02	3.477409816999119802e-02
4.499126298699413837e+02	4.157840805040232124e-01	2.681907437146381912e-01	1.386705706195754395e-01	8.220859763280576049e-02	4.507731854244911157e-02	1.488843729625239330e-02	3.518025169015277093e-02
4.547504000835967304e+02	4.141910640570691804e-01	2.670858483736442968e-01	1.398336073802657342e-01	8.293646734581748559e-02	4.534651541875591579e-02	1.502178315938828071e-02	3.558471426495583845e-02
4.595881702972519065e+02	4.126055785154262301e-01	2.659887369534215118e-01	1.409887432217629410e-01	8.366015856830003039e-02	4.561450044868192721e-02	1.515479904651300010e-02	3.598748324579109648e-02
4.644259405109071963e+02	4.110276992600646606e-01	2.648992572847944649e-01	1.421360372109964354e-01	8.437969256282665254e-02	4.588127524220451253e-02	1.528748216595492669e-02	3.638855627305501855e-02
4.692637107245624861e+02	4.094574924118341008e-01	2.638172660416029380e-01	1.432755482151623350e-01	8.509509069539872295e-02	4.614684155123199849e-02	1.541982981961355706e-02	3.678793126505297550e-02
4.741014809382177759e+02	4.078950155408765932e-01	2.627426280981826623e-01	1.444073348750610220e-01	8.580637441773869556e-02	4.641120126088094794e-02	1.555183939966690160e-02	3.718560640748976714e-02
4.789392511518730657e+02	4.063403183232016658e-01	2.616752159344952755e-01	1.455314555809205102e-01	8.651356525096202954e-02	4.667435638134383863e-02	1.568350838546499551e-02	3.758158014350825027e-02
4.837770213655284124e+02	4.047934431483498630e-01	2.606149090853676631e-01	1.466479684505135328e-01	8.721668477052531288e-02	4.693630904030426931e-02	1.581483434059654386e-02	3.797585116423933538e-02
4.886147915791837022e+02	4.032544256817804929e-01	2.595615936305631366e-01	1.477569313093913816e-01	8.791575459235516365e-02	4.719706147586017614e-02	1.594581491011665131e-02	3.836841839982946256e-02
4.934525617928388783e+02	4.017232953853475119e-01	2.585151617226523757e-01	1.488584016730700732e-01	8.861079636006978510e-02	4.745661602991807504e-02	1.607644781792453431e-02	3.875928101091408867e-02
4.982903320064942250e+02	4.002000759989783885e-01	2.574755111498754911e-01	1.499524367310176021e-01	8.930183173321158685e-02	4.771497514202460710e-02	1.620673086428084733e-02	3.914843838050792446e-02
5.031281022201495148e+02	3.986847859864400268e-01	2.564425449313963434e-01	1.510390933323013107e-01	8.998888237641523846e-02	4.797214134360353738e-02	1.633666192345505433e-02	3.953589010628483918e-02
5.079658724338048046e+02	3.971774389478600620e-01	2.554161709425435411e-01	1.521184279727658406e-01	9.067196994944129451e-02	4.822811725256927889e-02	1.646623894149399844e-02	3.992163599322230000e-02
5.128036426474600376e+02	3.956780440014747158e-01	2.543963015678092354e-01	1.531904967836215936e-01	9.135111609801058186e-02	4.848290556828978998e-02	1.659545993410341605e-02	4.030567604658690656e-02
5.176414128611153274e+02	3.941866061368904384e-01	2.533828533795459137e-01	1.542553555213324601e-01	9.202634244537941099e-02	4.873650906687378853e-02	1.672432298463477282e-02	4.068801046523946863e-02
5.224791830747705035e+02	3.927031265419764772e-01	2.523757468404504434e-01	1.553130595587000895e-01	9.269767058460025300e-02	4.898893059675916289e-02	1.685282624217035452e-02	4.106863963523942757e-02
5.273169532884259070e+02	3.912276029053486370e-01	2.513749060280705550e-01	1.563636638770495857e-01	9.336512207141643704e-02	4.924017307458099235e-02	1.698096791970004835e-02	4.144756412372985893e-02
5.321547235020811968e+02	3.897600296962582256e-01	2.503802583796962411e-01	1.574072230594292243e-01	9.402871841774332329e-02	4.949023948129935985e-02	1.710874629238377451e-02	4.182478467308588244e-02
5.369924937157364866e+02	3.883003984235656181e-01	2.493917344561235871e-01	1.584437912847422025e-01	9.468848108569205557e-02	4.973913285856848554e-02	1.723615969589386426e-02	4.220030219531018673e-02
5.418302639293917764e+02	3.868486978753539196e-01	2.484092677228882107e-01	1.594734223227357861e-01	9.534443148209506558e-02	4.998685630533008378e-02	1.736320652483220109e-02	4.257411776666071568e-02
5.466680341430470662e+02	3.854049143406208522e-01	2.474327943476717362e-01	1.604961695297785207e-01	9.599659095349578897e-02	5.023341297461510202e-02	1.748988523121725383e-02	4.294623262249666618e-02
5.515058043567023560e+02	3.839690318143824665e-01	2.464622530126799327e-01	1.615120858453605868e-01	9.664498078156742722e-02	5.047880607053922830e-02	1.761619432303650895e-02	4.331664815232974530e-02
5.563435745703576458e+02	3.825410321874202491e-01	2.454975847408804313e-01	1.625212237892588729e-01	9.728962217892887787e-02	5.072303884547854635e-02	1.774213236286011422e-02	4.368536589506872431e-02
5.611813447840129356e+02	3.811208954218153200e-01	2.445387327350711792e-01	1.635236354593110897e-01	9.793053628532757959e-02	5.096611459741273026e-02	1.786769796651188277e-02	4.405238753444601363e-02
5.660191149976681118e+02	3.797085997133244906e-01	2.435856422288267820e-01	1.645193725297486587e-01	9.856774416416166917e-02	5.120803666742414217e-02	1.799288980179402156e-02	4.441771489461594086e-02
5.708568852113234016e+02	3.783041216415783947e-01	2.426382603484405487e-01	1.655084862500414145e-01	9.920126679931608182e-02	5.144880843734198766e-02	1.811770658726226738e-02	4.478134993591492696e-02
5.756946554249786914e+02	3.769074363090055280e-01	2.416965359850461181e-01	1.664910274442108484e-01	9.983112509228864173e-02	5.168843332752155045e-02	1.824214709104831841e-02	4.514329475077462350e-02
5.805324256386339812e+02	3.755185174693217443e-01	2.407604196761624904e-01	1.674670465105717321e-01	1.004573398595842576e-01	5.192691479474913913e-02	1.836621012972671288e-02	4.550355155977951760e-02
5.853701958522892710e+02	3.741373376463612566e-01	2.398298634959631082e-01	1.684365934218653438e-01	1.010799318303570171e-01	5.216425633026421094e-02	1.848989456722341732e-02	4.586212270786128170e-02
5.902079660659445608e+02	3.727638682439661233e-01	2.389048209536214218e-01	1.693997177257499376e-01	1.016989216442813204e-01	5.240046145789064441e-02	1.861319931376368905e-02	4.621901066062246433e-02
5.950457362795999643e+02	3.713980796476011315e-01	2.379852468991328629e-01	1.703564685456174510e-01	1.023143298496346359e-01	5.263553373226977777e-02	1.873612332485691256e-02	4.657421800078278412e-02
5.998835064932552541e+02	3.700399413183080854e-01	2.370710974360589474e-01	1.713068945817064759e-01	1.029261769015758221e-01	5.286947673718831592e-02	1.885866560031618580e-02	4.692774742474167815e-02
6.047212767069104302e+02	3.686894218795702116e-01	2.361623298406789473e-01	1.722510441124854852e-01	1.035344831606041377e-01	5.310229408399478462e-02	1.898082518331076218e-02	4.727960173925113002e-02
6.095590469205657200e+02	3.673464891976137014e-01	2.352589024870742340e-01	1.731889649962810029e-01	1.041392688911851189e-01	5.333398941009861310e-02	1.910260115944940884e-02	4.762978385819336552e-02
6.143968171342210098e+02	3.660111104556351136e-01	2.343607747777045891e-01	1.741207046731277075e-01	1.047405542605305134e-01	5.356456637754634237e-02	1.922399265589302270e-02	4.797829679945813525e-02
6.192345873478761860e+02	3.646832522224061623e-01	2.334679070790690036e-01	1.750463101668200683e-01	1.053383593375206151e-01	5.379402867166990787e-02	1.934499884049482518e-02	4.832514368191485887e-02
6.240723575615315895e+02	3.633628805156746688e-01	2.325802606620737956e-01	1.759658280871450320e-01	1.059327040917578538e-01	5.402237999980227801e-02	1.946561892096669924e-02	4.867032772247507216e-02
6.289101277751868793e+02	3.620499608607490316e-01	2.316977976467586575e-01	1.768793046322786333e-01	1.065236083927417615e-01	5.424962409005609082e-02	1.958585214407025307e-02	4.901385223324098567e-02
6.337478979888421691e+02	3.607444583446240416e-01	2.308204809510574496e-01	1.777867855913293493e-01	1.071110920091557922e-01	5.447576469016116724e-02	1.970569779483131653e-02	4.935572061873621380e-02
6.385856682024975726e+02	3.594463376659814413e-01	2.299482742432941429e-01	1.786883163470134872e-01	1.076951746082573103e-01	5.470080556635723013e-02	1.982515519577666280e-02	4.969593637321501750e-02
6.434234384161527487e+02	3.581555631813704843e-01	2.290811418981372749e-01	1.795839418784479224e-01	1.082758757553630158e-01	5.492475050233824874e-02	1.994422370619181387e-02	5.003450307804651470e-02
6.482612086298080385e+02	3.568720989478548766e-01	2.282190489557561763e-01	1.804737067640474479e-01	1.088532149134218835e-01	5.514760329824520968e-02	2.006290272139892375e-02	5.037142439917074305e-02
6.530989788434633283e+02	3.555959087623876691e-01	2.273619610839415217e-01	1.813576551845152429e-01	1.094272114426693421e-01	5.536936776970426827e-02	2.018119167205370199e-02	5.070670408462344542e-02
6.579367490571185044e+02	3.543269561981591265e-01	2.265098445429705454e-01	1.822358309259148046e-01	1.099978846003558386e-01	5.559004774690749773e-02	2.029909002346051011e-02	5.104034596212676106e-02
6.627745192707737942e+02	3.530652046381423381e-01	2.256626661530134748e-01	1.831082773828134336e-01	1.105652535405442505e-01	5.580964707373367584e-02	2.041659727490474294e-02	5.137235393674317169e-02
6.676122894844290840e+02	3.518106173060456254e-01	2.248203932638923874e-01	1.839750375614881417e-01	1.111293373139704832e-01	5.602816960690657627e-02	2.053371295900173824e-02	5.170273198859013514e-02
6.724500596980843738e+02	3.505631572948653130e-01	2.239829937270190474e-01	1.848361540831852112e-01	1.116901548679624101e-01	5.624561921518862750e-02	2.065043664106143081e-02	5.203148417061308900e-02
6.772878299117396637e+02	3.493227875932171100e-01	2.231504358693492396e-01	1.856916691874258285e-01	1.122477250464124082e-01	5.646199977860778818e-02	2.076676791846807785e-02	5.235861460641458298e-02
6.821256001253949535e+02	3.480894711096131355e-01	2.223226884692051653e-01	1.865416247353499091e-01	1.128020665897991465e-01	5.667731518771578630e-02	2.088270642007438935e-02	5.268412748813746521e-02
6.869633703390502433e+02	3.468631706948358540e-01	2.214997207338266216e-01	1.873860622130924525e-01	1.133531981352547402e-01	5.689156934287574463e-02	2.099825180560947746e-02	5.300802707440009642e-02
6.918011405527055331e+02	3.456438491625526410e-01	2.206815022785237890e-01	1.882250227351856264e-01	1.139011382166734698e-01	5.710476615357767960e-02	2.111340376510002087e-02	5.333031768828179475e-02
6.966389107663608229e+02	3.444314693083017631e-01	2.198680031073124985e-01	1.890585470479808350e-01	1.144459052648588160e-01	5.731690953778025011e-02	2.122816201830414820e-02	5.365100371535670709e-02
7.014766809800161127e+02	3.432259939269708404e-01	2.190591935949227353e-01	1.898866755330866907e-01	1.149875176077054806e-01	5.752800342127725036e-02	2.134252631415748183e-02	5.397008960177449716e-02
7.063144511936714025e+02	3.420273858288815361e-01	2.182550444700780412e-01	1.907094482108170064e-01	1.155259934704136598e-01	5.773805173708757704e-02	2.145649643023096048e-02	5.428757985238623351e-02
7.111522214073266923e+02	3.408356078545833334e-01	2.174555267999526142e-01	1.915269047436451155e-01	1.160613509757327105e-01	5.794705842486733843e-02	2.157007217219989240e-02	5.460347902891396488e-02
7.159899916209819821e+02	3.396506228884539347e-01	2.166606119757187032e-01	1.923390844396608845e-01	1.165936081442317945e-01	5.815502743034296068e-02	2.168325337332390954e-02	5.491779174816273368e-02
7.208277618346371582e+02	3.384723938711950986e-01	2.158702716991034165e-01	1.931460262560261432e-01	1.171227828945951843e-01	5.836196270476416703e-02	2.179603989393739255e-02	5.523052268027346667e-02
7.256655320482924481e+02	3.373008838113066288e-01	2.150844779698808107e-01	1.939477688024256463e-01	1.176488930439401615e-01	5.856786820437589330e-02	2.190843162095000574e-02	5.554167654701568091e-02
7.305033022619478515e+02	3.361360557956147854e-01	2.143032030742300365e-01	1.947443503445109025e-01	1.181719563081553709e-01	5.877274788990802246e-02	2.202042846735699153e-02	5.585125812011869362e-02
7.353410724756030277e+02	3.349778729989266179e-01	2.135264195738953152e-01	1.955358088073335388e-01	1.186919903022579798e-01	5.897660572608219576e-02	2.213203037175889842e-02	5.615927221964021193e-02
7.401788426892584312e+02	3.338262986928750009e-01	2.127541002960890992e-01	1.963221817787660917e-01	1.192090125407679335e-01	5.917944568113483322e-02	2.224323729789048215e-02	5.646572371237123383e-02
7.450166129029136073e+02	3.326812962540156016e-01	2.119862183240830977e-01	1.971035065129082553e-01	1.197230404380975888e-01	5.938127172635550288e-02	2.235404923415838796e-02	5.677061751027624725e-02
7.498543831165690108e+02	3.315428291712312903e-01	2.112227469884367936e-01	1.978798199334759478e-01	1.202340913089555152e-01	5.958208783564003519e-02	2.246446619318742677e-02	5.707395856896768649e-02
7.546921533302243006e+02	3.304108610524970069e-01	2.104636598588163765e-01	1.986511586371717819e-01	1.207421823687629403e-01	5.978189798505760544e-02	2.257448821137518838e-02	5.737575188621373695e-02
7.595299235438793630e+02	3.292853556310523788e-01	2.097089307363604049e-01	1.994175588970355795e-01	1.212473307340817957e-01	5.998070615243119436e-02	2.268411534845466218e-02	5.767600250047862781e-02
7.643676937575347665e+02	3.281662767710266104e-01	2.089585336465523691e-01	2.001790566657726256e-01	1.217495534230529780e-01	6.017851631693082320e-02	2.279334768706473002e-02	5.797471548949448272e-02
7.692054639711900563e+02	3.270535884725574438e-01	2.082124428325627108e-01	2.009356875790591357e-01	1.222488673558440597e-01	6.037533245867902909e-02	2.290218533232824330e-02	5.827189596886396539e-02
7.740432341848452324e+02	3.259472548764419386e-01	2.074706327490256075e-01	2.016874869588232977e-01	1.227452893551053414e-01	6.057115855836796292e-02	2.301062841143752119e-02	5.856754909069291498e-02
7.788810043985006359e+02	3.248472402683545424e-01	2.067330780562185999e-01	2.024344898165011952e-01	1.232388361464331894e-01	6.076599859688779082e-02	2.311867707324702717e-02	5.886168004225221517e-02
7.837187746121558121e+02	3.237535090826649808e-01	2.059997536146161157e-01	2.031767308562661967e-01	1.237295243588402288e-01	6.095985655496573286e-02	2.322633148787308505e-02	5.915429404466815422e-02
7.885565448258112156e+02	3.226660259058864999e-01	2.052706344797886606e-01	2.039142444782314489e-01	1.242173705252312410e-01	6.115273641281549627e-02	2.333359184630041244e-02	5.944539635164067942e-02
7.933943150394665054e+02	3.215847554797822694e-01	2.045456958976229200e-01	2.046470647816244492e-01	1.247023910828842647e-01	6.134464214979653413e-02	2.344045835999530522e-02	5.973499224818874798e-02
7.982320852531219089e+02	3.205096627041555957e-01	2.038249132998389834e-01	2.053752255679331951e-01	1.251846023739362213e-01	6.153557774408290049e-02	2.354693126052534793e-02	6.002308704942220519e-02
8.030698554667769713e+02	3.194407126393490337e-01	2.031082622997831821e-01	2.060987603440234961e-01	1.256640206458724263e-01	6.172554717234123717e-02	2.365301079918544561e-02	6.030968609933958641e-02
8.079076256804323748e+02	3.183778705084730487e-01	2.023957186884764170e-01	2.068177023252265878e-01	1.261406620520195143e-01	6.191455440941754512e-02	2.375869724663004848e-02	6.059479476965120431e-02
8.127453958940876646e+02	3.173211016993858768e-01	2.016872584308991023e-01	2.075320844383972407e-01	1.266145426520411121e-01	6.210260342803252537e-02	2.386399089251144481e-02	6.087841845862700801e-02
8.175831661077428407e+02	3.162703717664435143e-01	2.009828576624959895e-01	2.082419393249410888e-01	1.270856784124360372e-01	6.228969819848505923e-02	2.396889204512395871e-02	6.116056258996858952e-02
8.224209363213982442e+02	3.152256464320369322e-01	2.002824926858843002e-01	2.089472993438123150e-01	1.275540852070382314e-01	6.247584268836366139e-02	2.407340103105391760e-02	6.144123261170484490e-02
8.272587065350534203e+02	3.141868915879331703e-01	1.995861399677509029e-01	2.096481965744800557e-01	1.280197788175184426e-01	6.266104086226555181e-02	2.417751819483530268e-02	6.172043399511078360e-02
8.320964767487085965e+02	3.131540732964353535e-01	1.988937761359245437e-01	2.103446628198642476e-01	1.284827749338869618e-01	6.284529668152312454e-02	2.428124389861091928e-02	6.199817223364900015e-02
8.369342469623640000e+02	3.121271577913757311e-01	1.982053779766107249e-01	2.110367296092404976e-01	1.289430891549973590e-01	6.302861410393759134e-02	2.438457852179901075e-02	6.227445284193323244e-02
8.417720171760191761e+02	3.111061114789542281e-01	1.975209224317771295e-01	2.117244282011139511e-01	1.294007369890505244e-01	6.321099708351952950e-02	2.448752246076514941e-02	6.254928135471364559e-02
8.466097873896745796e+02	3.100909009384347770e-01	1.968403865966791844e-01	2.124077895860621568e-01	1.298557338540991257e-01	6.339244957023613958e-02	2.459007612849935936e-02	6.282266332588340441e-02
8.514475576033297557e+02	3.090814929227108099e-01	1.961637477175152966e-01	2.130868444895468172e-01	1.303080950785519554e-01	6.357297550976505340e-02	2.469223995429834298e-02	6.309460432750589598e-02
8.562853278169851592e+02	3.080778543587490703e-01	1.954909831892028271e-01	2.137616233746946204e-01	1.307578359016780822e-01	6.375257884325437330e-02	2.479401438345268244e-02	6.336510994886250525e-02
8.611230980306403353e+02	3.070799523479227910e-01	1.948220705532656694e-01	2.144321564450470397e-01	1.312049714741105599e-01	6.393126350708892847e-02	2.489539987693896103e-02	6.363418579552017340e-02
8.659608682442956251e+02	3.060877541662413437e-01	1.941569874958262720e-01	2.150984736472794367e-01	1.316495168583493025e-01	6.410903343266245724e-02	2.499639691111670350e-02	6.390183748841858635e-02
8.707986384579510286e+02	3.051012272644856305e-01	1.934957118456938074e-01	2.157606046738892724e-01	1.320914870292632104e-01	6.428589254615545145e-02	2.509700597743003483e-02	6.416807066297659790e-02
8.756364086716062047e+02	3.041203392682567119e-01	1.928382215725420734e-01	2.164185789658538139e-01	1.325308968745912697e-01	6.446184476831887111e-02	2.519722758211396033e-02	6.443289096821726292e-02
8.804741788852616082e+02	3.031450579779434440e-01	1.921844947851710506e-01	2.170724257152574777e-01	1.329677611954423189e-01	6.463689401426306325e-02	2.529706224590521149e-02	6.469630406591141136e-02
8.853119490989170117e+02	3.021753513686169512e-01	1.915345097298456756e-01	2.177221738678886964e-01	1.334020947067935947e-01	6.481104419325221799e-02	2.539651050375756058e-02	6.495831562973920781e-02
8.901497193125721878e+02	3.012111875898574320e-01	1.908882447887068068e-01	2.183678521258069216e-01	1.338339120379878899e-01	6.498429920850384844e-02	2.549557290456151704e-02	6.521893134446946072e-02
8.949874895262273640e+02	3.002525349655180698e-01	1.902456784782492472e-01	2.190094889498797048e-01	1.342632277332288515e-01	6.515666295699347466e-02	2.559425001086833296e-02	6.547815690515620957e-02
8.998252597398827675e+02	2.992993619934322669e-01	1.896067894478619953e-01	2.196471125622900533e-01	1.346900562520748079e-01	6.532813932926405387e-02	2.569254239861827604e-02	6.573599801635236772e-02
9.046630299535379436e+02	2.983516373450681991e-01	1.889715564784267554e-01	2.202807509490145310e-01	1.351144119699307367e-01	6.549873220924040673e-02	2.579045065687303462e-02	6.599246039134014363e-02
9.095008001671932334e+02	2.974093298651349637e-01	1.883399584809703209e-01	2.209104318622721053e-01	1.355363091785383167e-01	6.566844547404815380e-02	2.588797538755222005e-02	6.624754975137765733e-02
9.143385703808486369e+02	2.964724085711452073e-01	1.877119744953673341e-01	2.215361828229440722e-01	1.359557620864640659e-01	6.583728299383735660e-02	2.598511720517392501e-02	6.650127182496176625e-02
9.191763405945038130e+02	2.955408426529365640e-01	1.870875836890901478e-01	2.221580311229652827e-01	1.363727848195853132e-01	6.600524863161051636e-02	2.608187673659921255e-02	6.675363234710660065e-02
9.240141108081592165e+02	2.946146014721571782e-01	1.864667653560020955e-01	2.227760038276870858e-01	1.367873914215742281e-01	6.617234624305501356e-02	2.617825462078050489e-02	6.700463705863753117e-02
9.288518810218145063e+02	2.936936545617160887e-01	1.858494989151918408e-01	2.233901277782120443e-01	1.371995958543796024e-01	6.633857967637976638e-02	2.627425150851381980e-02	6.725429170550038804e-02
9.336896512354697961e+02	2.927779716252043030e-01	1.852357639098456410e-01	2.240004295937009782e-01	1.376094119987063824e-01	6.650395277215602474e-02	2.636986806219474358e-02	6.750260203808547410e-02
9.385274214491247449e+02	2.918675225362865611e-01	1.846255400061551366e-01	2.246069356736521139e-01	1.380168536544928992e-01	6.666846936316231376e-02	2.646510495557813369e-02	6.774957381056630201e-02
9.433651916627801484e+02	2.909622773380683980e-01	1.840188069922585323e-01	2.252096722001534213e-01	1.384219345413859048e-01	6.683213327423322137e-02	2.655996287354147473e-02	6.799521278025254245e-02
9.482029618764355519e+02	2.900622062424391134e-01	1.834155447772125025e-01	2.258086651401075839e-01	1.388246682992131387e-01	6.699494832211222439e-02	2.665444251185181135e-02	6.823952470695712758e-02
9.530407320900908417e+02	2.891672796293944803e-01	1.828157333899933790e-01	2.264039402474304352e-01	1.392250684884535905e-01	6.715691831530823386e-02	2.674854457693620624e-02	6.848251535237714904e-02
9.578785023037459041e+02	2.882774680463400241e-01	1.822193529785252619e-01	2.269955230652230538e-01	1.396231485907052927e-01	6.731804705395583177e-02	2.684226978565569521e-02	6.872419047948832849e-02
9.627162725174014213e+02	2.873927422073768168e-01	1.816263838087338045e-01	2.275834389279175474e-01	1.400189220091505871e-01	6.747833832967925494e-02	2.693561886508267014e-02	6.896455585195276905e-02
9.675540427310568248e+02	2.865130729925720598e-01	1.810368062636235897e-01	2.281677129633973844e-01	1.404124020690191710e-01	6.763779592545983432e-02	2.702859255228160645e-02	6.920361723353982142e-02
9.723918129447120009e+02	2.856384314472154573e-01	1.804506008423779617e-01	2.287483700950917742e-01	1.408036020180483960e-01	6.779642361550705654e-02	2.712119159409313862e-02	6.944138038755966191e-02
9.772295831583674044e+02	2.847687887810633200e-01	1.798677481594797567e-01	2.293254350440452616e-01	1.411925350269411239e-01	6.795422516513287270e-02	2.721341674692137960e-02	6.967785107630963815e-02
9.820673533720223531e+02	2.839041163675713464e-01	1.792882289438518795e-01	2.298989323309621746e-01	1.415792141898212231e-01	6.811120433062953228e-02	2.730526877652448073e-02	6.991303506053278549e-02
9.869051235856777566e+02	2.830443857431169108e-01	1.787120240380161706e-01	2.304688862782264258e-01	1.419636525246862901e-01	6.826736485915059494e-02	2.739674845780834186e-02	7.014693809888862541e-02
9.917428937993331601e+02	2.821895686062136366e-01	1.781391143972699542e-01	2.310353210118971934e-01	1.423458629738580672e-01	6.842271048859521754e-02	2.748785657462345794e-02	7.037956594743578764e-02
9.965806640129884499e+02	2.813396368167174755e-01	1.775694810888785724e-01	2.315982604636804831e-01	1.427258584044300560e-01	6.857724494749548039e-02	2.757859391956482900e-02	7.061092435912633136e-02
1.001418434226643626e+03	2.804945623950261258e-01	1.770031052912838521e-01	2.321577283728767926e-01	1.431036516087128840e-01	6.873097195490697475e-02	2.766896129377491298e-02	7.084101908331165431e-02
1.006256204440298802e+03	2.796543175212726218e-01	1.764399682933267821e-01	2.327137482883057107e-01	1.434792553046768115e-01	6.888389522030224921e-02	2.775895950674953788e-02	7.106985586525950416e-02
1.011093974653954206e+03	2.788188745345137054e-01	1.758800514934841241e-01	2.332663435702070354e-01	1.438526821363919073e-01	6.903601844346739236e-02	2.784858937614678731e-02	7.129744044568220307e-02
1.015931744867609382e+03	2.779882059319145338e-01	1.753233363991180682e-01	2.338155373921191882e-01	1.442239446744655318e-01	6.918734531440136337e-02	2.793785172759874480e-02	7.152377856027566927e-02
1.020769515081264785e+03	2.771622843679291126e-01	1.747698046257379623e-01	2.343613527427351462e-01	1.445930554164773230e-01	6.933787951321825072e-02	2.802674739452611086e-02	7.174887593926911056e-02
1.025607285294920075e+03	2.763410826534780651e-01	1.742194378962740320e-01	2.349038124277359474e-01	1.449600267874116277e-01	6.948762471005238972e-02	2.811527721795563720e-02	7.197273830698520947e-02
1.030445055508575479e+03	2.755245737551243468e-01	1.736722180403620086e-01	2.354429390716022141e-01	1.453248711400873527e-01	6.963658456496608917e-02	2.820344204634030877e-02	7.219537138141060573e-02
1.035282825722230655e+03	2.747127307942465180e-01	1.731281269936381095e-01	2.359787551194040545e-01	1.456876007555852892e-01	6.978476272786016121e-02	2.829124273538227013e-02	7.241678087377642625e-02
1.040120595935886058e+03	2.739055270462117386e-01	1.725871467970443163e-01	2.365112828385696198e-01	1.460482278436728565e-01	6.993216283838706027e-02	2.837868014785843024e-02	7.263697248814879326e-02
1.044958366149541234e+03	2.731029359395472089e-01	1.720492595961428950e-01	2.370405443206320961e-01	1.464067645432263753e-01	7.007878852586656160e-02	2.846575515344872825e-02	7.285595192102900519e-02
1.049796136363196410e+03	2.723049310551112212e-01	1.715144476404400486e-01	2.375665614829562955e-01	1.467632229226507601e-01	7.022464340920410442e-02	2.855246862856700499e-02	7.307372486096334885e-02
1.054633906576851814e+03	2.715114861252652112e-01	1.709826932827182844e-01	2.380893560704444023e-01	1.471176149802967681e-01	7.036973109681145255e-02	2.863882145619443473e-02	7.329029698816214022e-02
1.059471676790506763e+03	2.707225750330450320e-01	1.704539789783768855e-01	2.386089496572214030e-01	1.474699526448755849e-01	7.051405518652999194e-02	2.872481452571550714e-02	7.350567397412824389e-02
1.064309447004162394e+03	2.699381718113336714e-01	1.699282872847803771e-01	2.391253636483003930e-01	1.478202477758710220e-01	7.065761926555623462e-02	2.881044873275651064e-02	7.371986148129437699e-02
1.069147217217817570e+03	2.691582506420349685e-01	1.694056008606144581e-01	2.396386192812281490e-01	1.481685121639492453e-01	7.080042691036983471e-02	2.889572497902646517e-02	7.393286516266940611e-02
1.073984987431472746e+03	2.683827858552484402e-01	1.688859024652492324e-01	2.401487376277111896e-01	1.485147575313659762e-01	7.094248168666388021e-02	2.898064417216048363e-02	7.414469066149334542e-02
1.078822757645127922e+03	2.676117519284458290e-01	1.683691749581094355e-01	2.406557395952222678e-01	1.488589955323711689e-01	7.108378714927732211e-02	2.906520722556554456e-02	7.435534361090097299e-02
1.083660527858783553e+03	2.668451234856496490e-01	1.678554012980511267e-01	2.411596459285882121e-01	1.492012377536113266e-01	7.122434684212987366e-02	2.914941505826858584e-02	7.456482963359375993e-02
1.088498298072438729e+03	2.660828752966136190e-01	1.673445645427451278e-01	2.416604772115586441e-01	1.495414957145292656e-01	7.136416429815882478e-02	2.923326859476696460e-02	7.477315434152004281e-02
1.093336068286093905e+03	2.653249822760054277e-01	1.668366478480663162e-01	2.421582538683563768e-01	1.498797808677615750e-01	7.150324303925816027e-02	2.931676876488116881e-02	7.498032333556341189e-02
1.098173838499749309e+03	2.645714194825918852e-01	1.663316344674891367e-01	2.426529961652093559e-01	1.502161045995334676e-01	7.164158657621981507e-02	2.939991650360981867e-02	7.518634220523894018e-02
1.103011608713404712e+03	2.638221621184267951e-01	1.658295077514887195e-01	2.431447242118645602e-01	1.505504782300514377e-01	7.177919840867683088e-02	2.948271275098686764e-02	7.539121652839721188e-02
1.107849378927059888e+03	2.630771855280412685e-01	1.653302511469477154e-01	2.436334579630843045e-01	1.508829130138932828e-01	7.191608202504866376e-02	2.956515845194101350e-02	7.559495187093610846e-02
1.112687149140715292e+03	2.623364651976376472e-01	1.648338481965683500e-01	2.441192172201246124e-01	1.512134201403959877e-01	7.205224090248850410e-02	2.964725455615727437e-02	7.579755378652004716e-02
1.117524919354370468e+03	2.615999767542855348e-01	1.643402825382898891e-01	2.446020216321964091e-01	1.515420107340409994e-01	7.218767850683234510e-02	2.972900201794066374e-02	7.599902781630656079e-02
1.122362689568025871e+03	2.608676959651218819e-01	1.638495379047110456e-01	2.450818906979097545e-01	1.518686958548372823e-01	7.232239829255025787e-02	2.981040179608200960e-02	7.619937948868021893e-02
1.127200459781681047e+03	2.601395987365534568e-01	1.633615981225173819e-01	2.455588437667008961e-01	1.521934864987019576e-01	7.245640370269927633e-02	2.989145485372582400e-02	7.639861431899359900e-02
1.132038229995336451e+03	2.594156611134634804e-01	1.628764471119134860e-01	2.460329000402428357e-01	1.525163935978387508e-01	7.258969816887833604e-02	2.997216215824019883e-02	7.659673780931525178e-02
1.136876000208991627e+03	2.586958592784210920e-01	1.623940688860598114e-01	2.465040785738392970e-01	1.528374280211138581e-01	7.272228511118487837e-02	3.005252468108875544e-02	7.679375544818455024e-02
1.141713770422646803e+03	2.579801695508947001e-01	1.619144475505140401e-01	2.469723982778027627e-01	1.531566005744297576e-01	7.285416793817327263e-02	3.013254339770452678e-02	7.698967271037318594e-02
1.146551540636302207e+03	2.572685683864683326e-01	1.614375673026768876e-01	2.474378779188161903e-01	1.534739220010966354e-01	7.298535004681501459e-02	3.021221928736583448e-02	7.718449505665334054e-02
1.151389310849957155e+03	2.565610323760625366e-01	1.609634124312422643e-01	2.479005361212790470e-01	1.537894029822013675e-01	7.311583482246057641e-02	3.029155333307408104e-02	7.737822793357229667e-02
1.156227081063612786e+03	2.558575382451581670e-01	1.604919673156516291e-01	2.483603913686377729e-01	1.541030541369745877e-01	7.324562563880297750e-02	3.037054652143343983e-02	7.757087677323344643e-02
1.161064851277267962e+03	2.551580628530244477e-01	1.600232164255525336e-01	2.488174620047008678e-01	1.544148860231551734e-01	7.337472585784303447e-02	3.044919984253242201e-02	7.776244699308351715e-02
1.165902621490923138e+03	2.544625831919502534e-01	1.595571443202609963e-01	2.492717662349387131e-01	1.547249091373527341e-01	7.350313882985611003e-02	3.052751428982727541e-02	7.795294399570584787e-02
1.170740391704578315e+03	2.537710763864798880e-01	1.590937356482282627e-01	2.497233221277685988e-01	1.550331339154076005e-01	7.363086789336054094e-02	3.060549086002723948e-02	7.814237316861982752e-02
1.175578161918233945e+03	2.530835196926520814e-01	1.586329751465109517e-01	2.501721476158247359e-01	1.553395707327488717e-01	7.375791637508762044e-02	3.068313055298155928e-02	7.833073988408606469e-02
1.180415932131889122e+03	2.523998904972434287e-01	1.581748476402454751e-01	2.506182604972139738e-01	1.556442299047502420e-01	7.388428758995305157e-02	3.076043437156828972e-02	7.851804949891746932e-02
1.185253702345544298e+03	2.517201663170152703e-01	1.577193380421257896e-01	2.510616784367567522e-01	1.559471216870833843e-01	7.400998484102995489e-02	3.083740332158483796e-02	7.870430735429596869e-02
1.190091472559199701e+03	2.510443247979647907e-01	1.572664313518851997e-01	2.515024189672142585e-01	1.562482562760695304e-01	7.413501141952329176e-02	3.091403841164022323e-02	7.888951877559474690e-02
1.194929242772855105e+03	2.503723437145799480e-01	1.568161126557814089e-01	2.519404994905012352e-01	1.565476438090285249e-01	7.425937060474580020e-02	3.099034065304904356e-02	7.907368907220599374e-02
1.199767012986510281e+03	2.497042009690985664e-01	1.563683671260855113e-01	2.523759372788854094e-01	1.568452943646260755e-01	7.438306566409526310e-02	3.106631105972709056e-02	7.925682353737406594e-02
1.204604783200165684e+03	2.490398745907708988e-01	1.559231800205740925e-01	2.528087494761727116e-01	1.571412179632186989e-01	7.450609985303320582e-02	3.114195064808864682e-02	7.943892744803376926e-02
1.209442553413820860e+03	2.483793427351267125e-01	1.554805366820251333e-01	2.532389530988793380e-01	1.574354245671965025e-01	7.462847641506498153e-02	3.121726043694537586e-02	7.962000606465395591e-02
