2.660773617510405415e+02	4.873473067810338288e-01	3.117636388387468038e-01	8.744171034534505005e-02	5.026743617698292699e-02	3.381683232496059816e-02	1.039215917992650229e-02	1.897091635289431880e-02
2.709151319646958882e+02	4.852815921515036823e-01	3.104711343064336937e-01	8.897501466984542029e-02	5.120584296375663147e-02	3.413965209961962455e-02	1.051912316357259992e-02	1.940764064515836801e-02
2.757529021783511780e+02	4.832280592371689942e-01	3.091857859604997816e-01	9.049706638988910812e-02	5.213805370842557185e-02	3.446099786760528638e-02	1.064613716268631056e-02	1.984389967361496407e-02
2.805906723920064678e+02	4.811866343942842739e-01	3.079075539444596221e-01	9.200796851549927768e-02	5.306412352228778023e-02	3.478087365346014398e-02	1.077319258022463311e-02	2.027965338967420775e-02
2.854284426056617008e+02	4.791572444472625980e-01	3.066363986357242832e-01	9.350782281876368618e-02	5.398410676039921974e-02	3.509928352352340714e-02	1.090028096842552037e-02	2.071486284579115295e-02
2.902662128193169337e+02	4.771398166853925704e-01	3.053722806439053694e-01	9.499672985257692770e-02	5.489805703529442721e-02	3.541623158457294501e-02	1.102739402657822859e-02	2.114949017156938713e-02
2.951039830329722804e+02	4.751342788595829814e-01	3.041151608091376968e-01	9.647478896905599399e-02	5.580602723043450591e-02	3.573172198249605080e-02	1.115452359882786355e-02	2.158349855035472317e-02
2.999417532466276270e+02	4.731405591791345566e-01	3.028650002004215080e-01	9.794209833763491135e-02	5.670806951338776269e-02	3.604575890098837138e-02	1.128166167201358726e-02	2.201685219630916679e-02
3.047795234602828600e+02	4.711585863085382408e-01	3.016217601139826177e-01	9.939875496284453216e-02	5.760423534874854062e-02	3.635834656028048839e-02	1.140880037353990753e-02	2.244951633195545540e-02
3.096172936739380930e+02	4.691882893643006813e-01	3.003854020716512085e-01	1.008448547017836289e-01	5.849457551079945139e-02	3.666948921589154725e-02	1.153593196928050582e-02	2.288145716618269349e-02
3.144550638875934396e+02	4.672295979117954134e-01	2.991558878192580040e-01	1.022804922812867584e-01	5.937914009592228093e-02	3.697919115740939261e-02	1.166304886151407934e-02	2.331264187270372726e-02
3.192928341012487294e+02	4.652824419621402474e-01	2.979331793250484806e-01	1.037057613147947116e-01	6.025797853476255045e-02	3.728745670729677331e-02	1.179014358689167187e-02	2.374303856895520690e-02
3.241306043149040192e+02	4.633467519691003567e-01	2.967172387781140674e-01	1.051207543189330990e-01	6.113113960415280518e-02	3.759429021972296447e-02	1.191720881443494515e-02	2.417261629543136781e-02
3.289683745285592522e+02	4.614224588260170123e-01	2.955080285868406653e-01	1.065255627298044294e-01	6.199867143879944642e-02	3.789969607942039742e-02	1.204423734356493275e-02	2.460134499544276709e-02
3.338061447422145420e+02	4.595094938627609649e-01	2.943055113773736520e-01	1.079202769189992334e-01	6.286062154273791558e-02	3.820367870056574910e-02	1.217122210216073537e-02	2.502919549529140572e-02
3.386439149558698318e+02	4.576077888427114715e-01	2.931096499920994858e-01	1.093049862093311425e-01	6.371703680056094166e-02	3.850624252568506795e-02	1.229815614464768898e-02	2.545613948485385067e-02
3.434816851695251216e+02	4.557172759597594713e-01	2.919204074881434630e-01	1.106797788903014640e-01	6.456796348842430699e-02	3.880739202458233922e-02	1.242503265011452203e-02	2.588214949856406516e-02
3.483194553831804114e+02	4.538378878353354073e-01	2.907377471358834065e-01	1.120447422332978837e-01	6.541344728483487747e-02	3.910713169329112920e-02	1.255184492045901060e-02	2.630719889678794984e-02
3.531572255968357013e+02	4.519695575154610290e-01	2.895616324174788980e-01	1.133999625065325173e-01	6.625353328122506047e-02	3.940546605304882238e-02	1.267858637856171013e-02	2.673126184758159787e-02
3.579949958104909342e+02	4.501122184678252314e-01	2.883920270254164420e-01	1.147455249897240820e-01	6.708826599231809684e-02	3.970239964929297982e-02	1.280525056648724493e-02	2.715431330882556171e-02
3.628327660241463377e+02	4.482658045788834866e-01	2.872288948610690618e-01	1.160815139885289643e-01	6.791768936628848896e-02	3.999793705067937466e-02	1.293183114371277039e-02	2.757632901072755785e-02
3.676705362378016275e+02	4.464302501509806453e-01	2.860722000332713844e-01	1.174080128487255958e-01	6.874184679472156168e-02	4.029208284812130225e-02	1.305832188538310831e-02	2.799728543868609462e-02
3.725083064514568036e+02	4.446054898994971638e-01	2.849219068569092128e-01	1.187251039701572863e-01	6.956078112237636113e-02	4.058484165384970699e-02	1.318471668059218761e-02	2.841715981650778586e-02
3.773460766651120935e+02	4.427914589500177023e-01	2.837779798515236429e-01	1.200328688204372329e-01	7.037453465675580500e-02	4.087621810049375803e-02	1.331100953069029938e-02	2.883593008997118248e-02
3.821838468787673833e+02	4.409880928355233154e-01	2.826403837399292240e-01	1.213313879484207991e-01	7.118314917748791437e-02	4.116621684018138133e-02	1.343719454761678304e-02	2.925357491073011032e-02
3.870216170924226162e+02	4.391953274936051810e-01	2.815090834468464975e-01	1.226207409974489071e-01	7.198666594552208253e-02	4.145484254365944254e-02	1.356326595225773937e-02	2.967007362054966887e-02
3.918593873060780197e+02	4.374130992637009774e-01	2.803840440975478021e-01	1.239010067183670127e-01	7.278512571214404425e-02	4.174209989943313687e-02	1.368921807282835398e-02	3.008540623586814650e-02
3.966971575197332527e+02	4.356413448843536318e-01	2.792652310165170682e-01	1.251722629823237287e-01	7.357856872781319557e-02	4.202799361292421793e-02	1.381504534327941854e-02	3.049955343267825997e-02
4.015349277333884856e+02	4.338800014904911073e-01	2.781526097261227681e-01	1.264345867933530931e-01	7.436703475082589998e-02	4.231252840564764944e-02	1.394074230172770434e-02	3.091249653172127923e-02
4.063726979470438323e+02	4.321290066107284500e-01	2.770461459453041342e-01	1.276880543007446467e-01	7.515056305580829210e-02	4.259570901440640212e-02	1.406630358890975825e-02	3.132421748398767775e-02
4.112104681606991221e+02	4.303882981646910411e-01	2.759458055882704208e-01	1.289327408112050932e-01	7.592919244204199281e-02	4.287754019050392384e-02	1.419172394665877898e-02	3.173469885651816758e-02
4.160482383743544119e+02	4.286578144603583329e-01	2.748515547632123801e-01	1.301687208008154295e-01	7.670296124162614970e-02	4.315802669897403354e-02	1.431699821640417848e-02	3.214392381849892621e-02
4.208860085880095880e+02	4.269374941914296229e-01	2.737633597710269484e-01	1.313960679267872633e-01	7.747190732747913366e-02	4.343717331782777358e-02	1.444212133769349170e-02	3.255187612764520039e-02
4.257237788016648778e+02	4.252272764347099221e-01	2.726811871040538682e-01	1.326148550390220393e-01	7.823606812118302778e-02	4.371498483731700579e-02	1.456708834673625316e-02	3.295854011686732976e-02
4.305615490153201677e+02	4.235271006475161970e-01	2.716050034448247441e-01	1.338251541914768639e-01	7.899548060067423938e-02	4.399146605921433473e-02	1.469189437496950558e-02	3.336390068121358049e-02
4.353993192289755143e+02	4.218369066651043164e-01	2.705347756648238122e-01	1.350270366533403432e-01	7.975018130778328829e-02	4.426662179610904579e-02	1.481653464764458826e-02	3.376794326508406746e-02
4.402370894426308041e+02	4.201566346981160383e-01	2.694704708232606993e-01	1.362205729200220705e-01	8.050020635562664395e-02	4.454045687071875315e-02	1.494100448243486715e-02	3.417065384971035985e-02
4.450748596562860939e+02	4.184862253300459245e-01	2.684120561658547288e-01	1.374058327239588984e-01	8.124559143585394216e-02	4.481297611521643104e-02	1.506529928806408548e-02	3.457201894089541316e-02
4.499126298699413837e+02	4.168256195147276300e-01	2.673594991236307727e-01	1.385828850452417715e-01	8.198637182575330140e-02	4.508418437057254424e-02	1.518941456295498128e-02	3.497202555700839460e-02
4.547504000835967304e+02	4.151747585738403967e-01	2.663127673117262062e-01	1.397517981220660344e-01	8.272258239521745882e-02	4.535408648591191666e-02	1.531334589389787837e-02	3.537066121722946821e-02
4.595881702972519065e+02	4.135335841944343116e-01	2.652718285282091304e-01	1.409126394610086264e-01	8.345425761357397332e-02	4.562268731788512305e-02	1.543708895473892319e-02	3.576791393003926622e-02
4.644259405109071963e+02	4.119020384264749368e-01	2.642366507529073094e-01	1.420654758471353030e-01	8.418143155628179941e-02	4.588999173005402915e-02	1.556063950508764816e-02	3.616377218194823107e-02
4.692637107245624861e+02	4.102800636804071477e-01	2.632072021462484313e-01	1.432103733539407675e-01	8.490413791149716005e-02	4.615600459229127900e-02	1.568399338904357190e-02	3.655822492646087357e-02
4.741014809382177759e+02	4.086676027247372334e-01	2.621834510481100833e-01	1.443473973531252952e-01	8.562240998651135526e-02	4.642073078019336857e-02	1.580714653394153096e-02	3.695126157327024291e-02
4.789392511518730657e+02	4.070645986836343155e-01	2.611653659766812741e-01	1.454766125242100694e-01	8.633628071406303228e-02	4.668417517450711152e-02	1.593009494911544130e-02	3.734287197767790362e-02
4.837770213655284124e+02	4.054709950345494751e-01	2.601529156273331700e-01	1.465980828639948386e-01	8.704578265852748464e-02	4.694634266056915695e-02	1.605283472468020320e-02	3.773304643023485394e-02
4.886147915791837022e+02	4.038867356058534752e-01	2.591460688715009342e-01	1.477118716958605027e-01	8.775094802198543653e-02	4.720723812775835110e-02	1.617536203033147560e-02	3.812177564659894463e-02
4.934525617928388783e+02	4.023117645744929693e-01	2.581447947555750577e-01	1.488180416789191551e-01	8.845180865017390759e-02	4.746686646896065842e-02	1.629767311416302142e-02	3.850905075760432256e-02
4.982903320064942250e+02	4.007460264636636404e-01	2.571490624998026830e-01	1.499166548170150770e-01	8.914839603832121206e-02	4.772523258004640612e-02	1.641976430150135849e-02	3.889486329953867338e-02
5.031281022201495148e+02	3.991894661405023248e-01	2.561588414971985861e-01	1.510077724675783772e-01	8.984074133686875685e-02	4.798234135935953992e-02	1.654163199375745241e-02	3.927920520462400283e-02
5.079658724338048046e+02	3.976420288137955117e-01	2.551741013124660951e-01	1.520914553503349143e-01	9.052887535708180333e-02	4.823819770721878702e-02	1.666327266729516685e-02	3.966206879169684174e-02
5.128036426474600376e+02	3.961036600317059397e-01	2.541948116809268354e-01	1.531677635558745532e-01	9.121282857655139964e-02	4.849280652543033060e-02	1.678468287231622835e-02	4.004344675708381568e-02
5.176414128611153274e+02	3.945743056795165127e-01	2.532209425074604114e-01	1.542367565540804508e-01	9.189263114458973147e-02	4.874617271681190578e-02	1.690585923176143521e-02	4.042333216566862397e-02
5.224791830747705035e+02	3.930539119773909795e-01	2.522524638654528584e-01	1.552984932024218667e-01	9.256831288752102871e-02	4.899830118472790763e-02	1.702679844022787076e-02	4.080171844214652843e-02
5.273169532884259070e+02	3.915424254781515456e-01	2.512893459957545317e-01	1.563530317541128589e-01	9.323990331387016495e-02	4.924919683263552506e-02	1.714749726290185766e-02	4.117859936246252850e-02
5.321547235020811968e+02	3.900397930650735812e-01	2.503315593056464894e-01	1.574004298661395851e-01	9.390743161945094841e-02	4.949886456364150505e-02	1.726795253450741363e-02	4.155396904542953823e-02
5.369924937157364866e+02	3.885459619496964834e-01	2.493790743678159783e-01	1.584407446071582071e-01	9.457092669235625526e-02	4.974730928006930453e-02	1.738816115826997619e-02	4.192782194452284589e-02
5.418302639293917764e+02	3.870608796696512477e-01	2.484318619193406075e-01	1.594740324652661190e-01	9.523041711785187879e-02	4.999453588303664348e-02	1.750812010489516055e-02	4.230015283984733809e-02
5.466680341430470662e+02	3.855844940865047477e-01	2.474898928606809323e-01	1.605003493556481364e-01	9.588593118317598196e-02	5.024054927204297388e-02	1.762782641156230429e-02	4.267095683027387343e-02
5.515058043567023560e+02	3.841167533836193360e-01	2.465531382546816974e-01	1.615197506281007001e-01	9.653749688224627645e-02	5.048535434456685733e-02	1.774727718093257328e-02	4.304022932574148169e-02
5.563435745703576458e+02	3.826576060640289323e-01	2.456215693255811294e-01	1.625322910744357863e-01	9.718514192027666310e-02	5.072895599567297381e-02	1.786646958017143461e-02	4.340796603972197493e-02
5.611813447840129356e+02	3.812070009483311539e-01	2.446951574580287780e-01	1.635380249357665239e-01	9.782889371830505443e-02	5.097135911762858823e-02	1.798540083998522582e-02	4.377416298184359789e-02
5.660191149976681118e+02	3.797648871725947117e-01	2.437738741961111844e-01	1.645370059096771809e-01	9.846877941763443332e-02	5.121256859952924567e-02	1.810406825367164019e-02	4.413881645067056075e-02
5.708568852113234016e+02	3.783312141862827382e-01	2.428576912423857093e-01	1.655292871572792146e-01	9.910482588418856320e-02	5.145258932693357740e-02	1.822246917618389889e-02	4.450192302663529692e-02
5.756946554249786914e+02	3.769059317501912698e-01	2.419465804569223277e-01	1.665149213101552728e-01	9.973705971278450100e-02	5.169142618150696089e-02	1.834060102320842628e-02	4.486347956512023311e-02
5.805324256386339812e+02	3.754889899344033832e-01	2.410405138563529170e-01	1.674939604771936430e-01	1.003655072313231200e-01	5.192908404067393680e-02	1.845846127025576114e-02	4.522348318968610892e-02
5.853701958522892710e+02	3.740803391162582647e-01	2.401394636129286220e-01	1.684664562513147057e-01	1.009901945048996691e-01	5.216556777727910515e-02	1.857604745176458932e-02	4.558193128544385520e-02
5.902079660659445608e+02	3.726799299783351005e-01	2.392434020535844919e-01	1.694324597160912771e-01	1.016111473398358805e-01	5.240088225925639692e-02	1.869335716021860300e-02	4.593882149256708902e-02
5.950457362795999643e+02	3.712877135064520662e-01	2.383523016590116672e-01	1.703920214522651744e-01	1.022283912876349454e-01	5.263503234930654723e-02	1.881038804527606495e-02	4.629415169994233192e-02
5.998835064932552541e+02	3.699036409876804155e-01	2.374661350627371992e-01	1.713451915441611129e-01	1.028419516488614793e-01	5.286802290458259695e-02	1.892713781291186295e-02	4.664792003895419648e-02
6.047212767069104302e+02	3.685276640083723354e-01	2.365848750502107523e-01	1.722920195860006554e-01	1.034518534769473530e-01	5.309985877638323526e-02	1.904360422457182858e-02	4.700012487740275191e-02
6.095590469205657200e+02	3.671597344522040673e-01	2.357084945578989121e-01	1.732325546881171019e-01	1.040581215819253863e-01	5.333054480985385121e-02	1.915978509633919219e-02	4.735076481355040418e-02
6.143968171342210098e+02	3.657998044982330721e-01	2.348369666723863491e-01	1.741668454830737345e-01	1.046607805340920155e-01	5.356008584369514186e-02	1.927567829811295888e-02	4.769983867029558428e-02
6.192345873478761860e+02	3.644478266189695725e-01	2.339702646294840316e-01	1.750949401316868048e-01	1.052598546676006414e-01	5.378848670987907560e-02	1.939128175279800081e-02	4.804734548947075384e-02
6.240723575615315895e+02	3.631037535784618075e-01	2.331083618133443780e-01	1.760168863289548191e-01	1.058553680839868227e-01	5.401575223337216208e-02	1.950659343550676869e-02	4.839328452626209809e-02
6.289101277751868793e+02	3.617675384303957742e-01	2.322512317555834038e-01	1.769327313098962573e-01	1.064473446556268438e-01	5.424188723186575134e-02	1.962161137277233097e-02	4.873765524374848446e-02
6.337478979888421691e+02	3.604391345162084592e-01	2.313988481344093351e-01	1.778425218552968368e-01	1.070358080291309716e-01	5.446689651551332723e-02	1.973633364177269922e-02	4.908045730755720287e-02
6.385856682024975726e+02	3.591184954632151149e-01	2.305511847737580777e-01	1.787463042973681804e-01	1.076207816286726404e-01	5.469078488667456633e-02	1.985075836956614465e-02	4.942169058063412834e-02
6.434234384161527487e+02	3.578055751827496911e-01	2.297082156424354038e-01	1.796441245253192487e-01	1.082022886592549499e-01	5.491355713966610680e-02	1.996488373233745034e-02	4.976135511812596751e-02
6.482612086298080385e+02	3.565003278683193666e-01	2.288699148532652716e-01	1.805360279908424792e-01	1.087803521099156845e-01	5.513521806051883273e-02	2.007870795465483554e-02	5.009945116237230628e-02
6.530989788434633283e+02	3.552027079937720155e-01	2.280362566622448350e-01	1.814220597135155211e-01	1.093549947568721037e-01	5.535577242674155629e-02	2.019222930873749988e-02	5.043597913800518945e-02
6.579367490571185044e+02	3.539126703114770511e-01	2.272072154677058364e-01	1.823022642861205078e-01	1.099262391666067651e-01	5.557522500709096563e-02	2.030544611373351696e-02	5.077093964715403279e-02
6.627745192707737942e+02	3.526301698505194260e-01	2.263827658094821060e-01	1.831766858798821451e-01	1.104941076988955190e-01	5.579358056134773453e-02	2.041835673500801140e-02	5.110433346475373034e-02
6.676122894844290840e+02	3.513551619149067329e-01	2.255628823680833617e-01	1.840453682496260013e-01	1.110586225097787288e-01	5.601084384009860639e-02	2.053095958344139729e-02	5.143616153395385443e-02
6.724500596980843738e+02	3.500876020817890177e-01	2.247475399638750038e-01	1.849083547388584992e-01	1.116198055544772444e-01	5.622701958452441806e-02	2.064325311473759819e-02	5.176642496162679741e-02
6.772878299117396637e+02	3.488274461996918596e-01	2.239367135562641831e-01	1.857656882847699142e-01	1.121776785902536683e-01	5.644211252619387581e-02	2.075523582874204409e-02	5.209512501397300932e-02
6.821256001253949535e+02	3.475746503867615522e-01	2.231303782428916416e-01	1.866174114231615166e-01	1.127322631792205126e-01	5.665612738686294503e-02	2.086690626876930646e-02	5.242226311222109025e-02
6.869633703390502433e+02	3.463291710290231640e-01	2.223285092588295486e-01	1.874635662932985225e-01	1.132835806910961335e-01	5.686906887827986035e-02	2.097826302094027082e-02	5.274784082842103733e-02
6.918011405527055331e+02	3.450909647786512546e-01	2.215310819757851102e-01	1.883041946426901314e-01	1.138316523059093588e-01	5.708094170199547873e-02	2.108930471352863517e-02	5.307185988132855081e-02
6.966389107663608229e+02	3.438599885522528044e-01	2.207380719013100623e-01	1.891393378317972884e-01	1.143764990166540735e-01	5.729175054917898247e-02	2.120003001631668577e-02	5.339432213237863684e-02
7.014766809800161127e+02	3.426361995291621332e-01	2.199494546780156601e-01	1.899690368386704742e-01	1.149181416318946630e-01	5.750150010043879323e-02	2.131043763996011073e-02	5.371522958174668183e-02
7.063144511936714025e+02	3.414195551497485326e-01	2.191652060827936344e-01	1.907933322635176898e-01	1.154566007783232456e-01	5.771019502564854464e-02	2.142052633536181000e-02	5.403458436449510432e-02
7.111522214073266923e+02	3.402100131137355543e-01	2.183853020260422273e-01	1.916122643332044129e-01	1.159918969032697894e-01	5.791783998377807857e-02	2.153029489305451766e-02	5.435238874680391186e-02
7.159899916209819821e+02	3.390075313785325117e-01	2.176097185508983345e-01	1.924258729056868567e-01	1.165240502771659331e-01	5.812443962272932640e-02	2.163974214259210480e-02	5.466864512228344908e-02
7.208277618346371582e+02	3.378120681575775830e-01	2.168384318324745041e-01	1.932341974743788660e-01	1.170530809959635515e-01	5.832999857917694347e-02	2.174886695194946234e-02	5.498335600836758152e-02
7.256655320482924481e+02	3.366235819186928491e-01	2.160714181771017928e-01	1.940372771724547529e-01	1.175790089835089119e-01	5.853452147841366887e-02	2.185766822693084241e-02	5.529652404278570521e-02
7.305033022619478515e+02	3.354420313824509892e-01	2.153086540215775890e-01	1.948351507770879343e-01	1.181018539938732820e-01	5.873801293420028574e-02	2.196614491058646729e-02	5.560815198011197225e-02
7.353410724756030277e+02	3.342673755205536335e-01	2.145501159324189611e-01	1.956278567136274793e-01	1.186216356136410160e-01	5.894047754861999472e-02	2.207429598263737844e-02	5.591824268839009487e-02
7.401788426892584312e+02	3.330995735542206515e-01	2.137957806051209719e-01	1.964154330597131792e-01	1.191383732641557447e-01	5.914191991193729764e-02	2.218212045890834844e-02	5.622679914583225691e-02
7.450166129029136073e+02	3.319385849525918752e-01	2.130456248634204908e-01	1.971979175493300540e-01	1.196520862037257216e-01	5.934234460246114173e-02	2.228961739076873450e-02	5.653382443759047415e-02
7.498543831165690108e+02	3.307843694311387028e-01	2.122996256585646113e-01	1.979753475768036286e-01	1.201627935297889943e-01	5.954175618641224105e-02	2.239678586458120069e-02	5.683932175259907155e-02
7.546921533302243006e+02	3.296368869500882481e-01	2.115577600685845938e-01	1.987477602007368949e-01	1.206705141810392873e-01	5.974015921779462363e-02	2.250362500115813541e-02	5.714329438048669496e-02
7.595299235438793630e+02	3.284960977128575377e-01	2.108200052975743588e-01	1.995151921478897916e-01	1.211752669395134152e-01	5.993755823827116858e-02	2.261013395522569816e-02	5.744574570855644907e-02
7.643676937575347665e+02	3.273619621644994759e-01	2.100863386749743100e-01	2.002776798170025352e-01	1.216770704326408381e-01	6.013395777704308443e-02	2.271631191489538459e-02	5.774667921883282207e-02
7.692054639711900563e+02	3.262344409901589692e-01	2.093567376548596815e-01	2.010352592825632723e-01	1.221759431352563291e-01	6.032936235073334957e-02	2.282215810114295376e-02	5.804609848517388454e-02
7.740432341848452324e+02	3.251134951135407070e-01	2.086311798152339081e-01	2.017879662985213873e-01	1.226719033715763379e-01	6.052377646327385813e-02	2.292767176729467241e-02	5.834400717044760376e-02
7.788810043985006359e+02	3.239990856953869347e-01	2.079096428573267152e-01	2.025358363019471308e-01	1.231649693171398413e-01	6.071720460579636131e-02	2.303285219852072019e-02	5.864040902377075370e-02
7.837187746121558121e+02	3.228911741319663298e-01	2.071921046048969817e-01	2.032789044166388448e-01	1.236551590007143459e-01	6.090965125652702400e-02	2.313769871133568648e-02	5.893530787780926206e-02
7.885565448258112156e+02	3.217897220535730907e-01	2.064785430035401825e-01	2.040172054566781190e-01	1.241424903061678769e-01	6.110112088068449243e-02	2.324221065310603032e-02	5.922870764613868966e-02
7.933943150394665054e+02	3.206946913230369622e-01	2.057689361200004952e-01	2.047507739299340712e-01	1.246269809743074108e-01	6.129161793038157002e-02	2.334638740156442724e-02	5.952061232066355873e-02
7.982320852531219089e+02	3.196060440342430309e-01	2.050632621414875401e-01	2.054796440415178338e-01	1.251086486046846247e-01	6.148114684453021006e-02	2.345022836433088495e-02	5.981102596909439184e-02
8.030698554667769713e+02	3.185237425106624554e-01	2.043614993749974795e-01	2.062038496971875801e-01	1.255875106573694222e-01	6.166971204874987372e-02	2.355373297844053776e-02	6.009995273248116415e-02
8.079076256804323748e+02	3.174477493038928011e-01	2.036636262466388902e-01	2.069234245067052003e-01	1.260635844546922346e-01	6.185731795527921878e-02	2.365690070987802943e-02	6.038739682280212795e-02
8.127453958940876646e+02	3.163780271922091991e-01	2.029696213009627992e-01	2.076384017871453769e-01	1.265368871829551378e-01	6.204396896289092467e-02	2.375973105311836656e-02	6.067336252060673979e-02
8.175831661077428407e+02	3.153145391791247198e-01	2.022794632002971604e-01	2.083488145661580859e-01	1.270074358941130355e-01	6.222966945680968170e-02	2.386222353067419394e-02	6.095785417271161466e-02
8.224209363213982442e+02	3.142572484919615716e-01	2.015931307240859394e-01	2.090546955851848299e-01	1.274752475074250602e-01	6.241442380863328893e-02	2.396437769264934264e-02	6.124087618994850796e-02
8.272587065350534203e+02	3.132061185804314030e-01	2.009106027682320550e-01	2.097560773026296843e-01	1.279403388110771089e-01	6.259823637625669401e-02	2.406619311629862312e-02	6.152243304496303467e-02
8.320964767487085965e+02	3.121611131152260965e-01	2.002318583444449573e-01	2.104529918969859081e-01	1.284027264637755961e-01	6.278111150379900307e-02	2.416766940559371413e-02	6.180252927006327224e-02
8.369342469623640000e+02	3.111221959866178888e-01	1.995568765795924238e-01	2.111454712699188385e-01	1.288624269963137559e-01	6.296305352153340473e-02	2.426880619079510928e-02	6.208116945511711615e-02
8.417720171760191761e+02	3.100893313030692044e-01	1.988856367150561300e-01	2.118335470493056538e-01	1.293194568131103284e-01	6.314406674581984902e-02	2.436960312802999643e-02	6.235835824549737505e-02
8.466097873896745796e+02	3.090624833898520940e-01	1.982181181060919117e-01	2.125172505922328370e-01	1.297738321937214334e-01	6.332415547904056419e-02	2.447005989887602109e-02	6.263410034007367566e-02
8.514475576033297557e+02	3.080416167876772748e-01	1.975543002211936905e-01	2.131966129879519778e-01	1.302255692943264376e-01	6.350332400953821732e-02	2.457017620995081628e-02	6.290840048925007422e-02
8.562853278169851592e+02	3.070266962513324982e-01	1.968941626414617285e-01	2.138716650607948022e-01	1.306746841491878974e-01	6.368157661155668392e-02	2.466995179250725673e-02	6.318126349304760414e-02
8.611230980306403353e+02	3.060176867483301311e-01	1.962376850599747424e-01	2.145424373730477896e-01	1.311211926720863008e-01	6.385891754518450980e-02	2.476938640203429909e-02	6.345269419923067755e-02
8.659608682442956251e+02	3.050145534575643413e-01	1.955848472811660965e-01	2.152089602277871272e-01	1.315651106577301610e-01	6.403535105630080160e-02	2.486847981786340436e-02	6.372269750147649403e-02
8.707986384579510286e+02	3.040172617679772205e-01	1.949356292202039098e-01	2.158712636716748623e-01	1.320064537831418805e-01	6.421088137652367078e-02	2.496723184278036578e-02	6.399127833758654071e-02
8.756364086716062047e+02	3.030257772772340097e-01	1.942900109023750488e-01	2.165293774977166685e-01	1.324452376090198003e-01	6.438551272316103691e-02	2.506564230264258716e-02	6.425844168773926779e-02
8.804741788852616082e+02	3.020400657904076525e-01	1.936479724624731447e-01	2.171833312479819200e-01	1.328814775810769899e-01	6.455924929916387334e-02	2.516371104600162445e-02	6.452419257278321774e-02
8.853119490989170117e+02	3.010600933186721728e-01	1.930094941441900525e-01	2.178331542162865730e-01	1.333151890313573895e-01	6.473209529308163179e-02	2.526143794373097648e-02	6.478853605256962300e-02
8.901497193125721878e+02	3.000858260780048248e-01	1.923745562995116398e-01	2.184788754508397712e-01	1.337463871795292747e-01	6.490405487902015103e-02	2.535882288865903139e-02	6.505147722432366719e-02
8.949874895262273640e+02	2.991172304878973454e-01	1.917431393881170454e-01	2.191205237568544795e-01	1.341750871341571560e-01	6.507513221660157776e-02	2.545586579520710616e-02	6.531302122105361874e-02
8.998252597398827675e+02	2.981542731700759230e-01	1.911152239767815175e-01	2.197581276991227017e-01	1.346013038939519457e-01	6.524533145092659137e-02	2.555256659903250641e-02	6.557317320999714316e-02
9.046630299535379436e+02	2.971969209472296036e-01	1.904907907387834165e-01	2.203917156045560877e-01	1.350250523490002241e-01	6.541465671253869629e-02	2.564892525667651288e-02	6.583193839110385026e-02
9.095008001671932334e+02	2.962451408417476895e-01	1.898698204533143530e-01	2.210213155646923444e-01	1.354463472819726622e-01	6.558311211739061009e-02	2.574494174521727019e-02	6.608932199555343778e-02
9.143385703808486369e+02	2.952989000744656312e-01	1.892522940048934899e-01	2.216469554381680085e-01	1.358652033693124872e-01	6.575070176681267753e-02	2.584061606192747038e-02	6.634532928430857124e-02
9.191763405945038130e+02	2.943581660634193020e-01	1.886381923827849250e-01	2.222686628531581332e-01	1.362816351824039374e-01	6.591742974748325545e-02	2.593594822393677224e-02	6.659996554670194469e-02
9.240141108081592165e+02	2.934229064226078765e-01	1.880274966804190429e-01	2.228864652097834742e-01	1.366956571887212868e-01	6.608330013140108206e-02	2.603093826789889750e-02	6.685323609905663433e-02
9.288518810218145063e+02	2.924930889607647022e-01	1.874201880948171972e-01	2.235003896824854785e-01	1.371072837529588029e-01	6.624831697585954748e-02	2.612558624966335522e-02	6.710514628333913434e-02
9.336896512354697961e+02	2.915686816801371650e-01	1.868162479260200015e-01	2.241104632223699933e-01	1.375165291381421628e-01	6.641248432342274077e-02	2.621989224395169724e-02	6.735570146584439477e-02
9.385274214491247449e+02	2.906496527752742698e-01	1.862156575765189503e-01	2.247167125595198045e-01	1.379234075067213572e-01	6.657580620190342580e-02	2.631385634403824239e-02	6.760490703591211237e-02
9.433651916627801484e+02	2.897359706318222705e-01	1.856183985506917045e-01	2.253191642052766452e-01	1.383279329216458020e-01	6.673828662434271031e-02	2.640747866143524497e-02	6.785276840467373283e-02
9.482029618764355519e+02	2.888276038253291267e-01	1.850244524542406510e-01	2.259178444544933106e-01	1.387301193474217431e-01	6.689992958899154685e-02	2.650075932558241740e-02	6.809929100382940137e-02
9.530407320900908417e+02	2.879245211200561205e-01	1.844338009936348777e-01	2.265127793877559914e-01	1.391299806511523962e-01	6.706073907929381572e-02	2.659369848354072377e-02	6.834448028445425094e-02
9.578785023037459041e+02	2.870266914677984116e-01	1.838464259755554775e-01	2.271039948735777414e-01	1.395275306035613228e-01	6.722071906387115658e-02	2.668629629969046166e-02	6.858834171583358397e-02
9.627162725174014213e+02	2.861340840067128077e-01	1.832623093063442399e-01	2.276915165705631350e-01	1.399227828799990414e-01	6.737987349650939595e-02	2.677855295543347600e-02	6.883088078432603174e-02
9.675540427310568248e+02	2.852466680601535853e-01	1.826814329914556168e-01	2.282753699295449190e-01	1.403157510614335690e-01	6.753820631614654291e-02	2.687046864889951897e-02	6.907210299225438610e-02
9.723918129447120009e+02	2.843644131355163585e-01	1.821037791349119916e-01	2.288555801956927149e-01	1.407064486354247246e-01	6.769572144686243631e-02	2.696204359465667263e-02	6.931201385682328464e-02
9.772295831583674044e+02	2.834872889230893311e-01	1.815293299387621684e-01	2.294321724105946869e-01	1.410948889970831954e-01	6.785242279786969644e-02	2.705327802342577179e-02	6.955061890906341637e-02
9.820673533720223531e+02	2.826152652949125432e-01	1.809580677025430795e-01	2.300051714143120374e-01	1.414810854500139214e-01	6.800831426350642528e-02	2.714417218179879937e-02	6.978792369280144292e-02
9.869051235856777566e+02	2.817483123036448878e-01	1.803899748227447697e-01	2.305746018474073011e-01	1.418650512072446856e-01	6.816339972323018359e-02	2.723472633196116766e-02	7.002393376365532995e-02
9.917428937993331601e+02	2.808864001814380673e-01	1.798250337922783215e-01	2.311404881529464939e-01	1.422467993921398832e-01	6.831768304161336958e-02	2.732494075141782969e-02	7.025865468805436720e-02
9.965806640129884499e+02	2.800294993388188769e-01	1.792632271999473059e-01	2.317028545784755589e-01	1.426263430392999132e-01	6.847116806834015190e-02	2.741481573272321753e-02	7.049209204228337744e-02
1.001418434226643626e+03	2.791775803635782038e-01	1.787045377299219528e-01	2.322617251779718062e-01	1.430036950954462760e-01	6.862385863820451293e-02	2.750435158321489978e-02	7.072425141155072592e-02
1.006256204440298802e+03	2.783306140196681322e-01	1.781489481612167081e-01	2.328171238137702603e-01	1.433788684202930153e-01	6.877575857110984625e-02	2.759354862475093401e-02	7.095513838907953341e-02
1.011093974653954206e+03	2.774885712461058751e-01	1.775964413671706488e-01	2.333690741584656669e-01	1.437518757874041986e-01	6.892687167206967835e-02	2.768240719345085518e-02	7.118475857522148231e-02
1.015931744867609382e+03	2.766514231558852566e-01	1.770470003149311744e-01	2.339175996967904902e-01	1.441227298850384642e-01	6.907720173120976415e-02	2.777092763944025502e-02	7.141311757659306314e-02
1.020769515081264785e+03	2.758191410348952988e-01	1.765006080649404174e-01	2.344627237274689580e-01	1.444914433169801060e-01	6.922675252377133437e-02	2.785911032659891054e-02	7.164022100523338710e-02
1.025607285294920075e+03	2.749916963408462478e-01	1.759572477704250126e-01	2.350044693650481520e-01	1.448580286033576414e-01	6.937552781011556424e-02	2.794695563231237856e-02	7.186607447778339819e-02
1.030445055508575479e+03	2.741690607022024273e-01	1.754169026768885309e-01	2.355428595417057569e-01	1.452224981814494442e-01	6.952353133572924948e-02	2.803446394722706320e-02	7.209068361468592978e-02
1.035282825722230655e+03	2.733512059171222530e-01	1.748795561216069661e-01	2.360779170090353818e-01	1.455848644064773878e-01	6.967076683123159253e-02	2.812163567500866948e-02	7.231405403940610599e-02
1.040120595935886058e+03	2.725381039524056304e-01	1.743451915331272473e-01	2.366096643398094557e-01	1.459451395523881090e-01	6.981723801238216842e-02	2.820847123210399807e-02	7.253619137767171321e-02
1.044958366149541234e+03	2.717297269424477357e-01	1.738137924307685822e-01	2.371381239297203347e-01	1.463033358126225869e-01	6.996294858008986206e-02	2.829497104750607062e-02	7.275710125673319484e-02
1.049796136363196410e+03	2.709260471882001808e-01	1.732853424241265483e-01	2.376633179990996769e-01	1.466594653008738702e-01	7.010790222042305453e-02	2.838113556252247482e-02	7.297678930464256142e-02
1.054633906576851814e+03	2.701270371561387829e-01	1.727598252125804312e-01	2.381852685946166115e-01	1.470135400518336188e-01	7.025210260462065592e-02	2.846696523054697420e-02	7.319526114955123008e-02
1.059471676790506763e+03	2.693326694772385510e-01	1.722372245848028671e-01	2.387039975909549250e-01	1.473655720219273768e-01	7.039555338910429005e-02	2.855246051683424727e-02	7.341252241902600228e-02
1.064309447004162394e+03	2.685429169459547794e-01	1.717175244182727600e-01	2.392195266924696251e-01	1.477155730900387431e-01	7.053825821549146446e-02	2.863762189827778401e-02	7.362857873938306874e-02
1.069147217217817570e+03	2.677577525192115782e-01	1.712007086787908083e-01	2.397318774348230763e-01	1.480635550582228288e-01	7.068022071060962863e-02	2.872244986319085619e-02	7.384343573503941716e-02
1.073984987431472746e+03	2.669771493153966224e-01	1.706867614199978345e-01	2.402410711866012627e-01	1.484095296524092777e-01	7.082144448651123136e-02	2.880694491109054775e-02	7.405709902788147614e-02
1.078822757645127922e+03	2.662010806133625063e-01	1.701756667828957792e-01	2.407471291509102607e-01	1.487535085230946574e-01	7.096193314048974965e-02	2.889110755248475854e-02	7.426957423665053737e-02
1.083660527858783553e+03	2.654295198514352028e-01	1.696674089953716102e-01	2.412500723669531721e-01	1.490955032460250518e-01	7.110169025509649465e-02	2.897493830866220560e-02	7.448086697634451192e-02
1.088498298072438729e+03	2.646624406264282969e-01	1.691619723717238954e-01	2.417499217115882393e-01	1.494355253228683011e-01	7.124071939815841692e-02	2.905843771148533192e-02	7.469098285763578482e-02
1.093336068286093905e+03	2.638998166926642686e-01	1.686593413121918739e-01	2.422466979008676968e-01	1.497735861818767500e-01	7.137902412279667486e-02	2.914160630318610168e-02	7.489992748630486252e-02
1.098173838499749309e+03	2.631416219610019924e-01	1.681595003024875246e-01	2.427404214915584169e-01	1.501096971785401968e-01	7.151660796744617465e-02	2.922444463616463012e-02	7.510770646268928596e-02
1.103011608713404712e+03	2.623878304978706222e-01	1.676624339133299946e-01	2.432311128826440128e-01	1.504438695962296291e-01	7.165347445587572084e-02	2.930695327279065135e-02	7.531432538114758712e-02
1.107849378927059888e+03	2.616384165243099136e-01	1.671681267999829690e-01	2.437187923168091241e-01	1.507761146468314661e-01	7.178962709720911051e-02	2.938913278520770625e-02	7.551978982953801156e-02
1.112687149140715292e+03	2.608933544150164874e-01	1.666765637017943447e-01	2.442034798819057440e-01	1.511064434713729754e-01	7.192506938594700472e-02	2.947098375514011631e-02	7.572410538871161834e-02
1.117524919354370468e+03	2.601526186973970312e-01	1.661877294417387907e-01	2.446851955124022260e-01	1.514348671406387792e-01	7.205980480198946603e-02	2.955250677370260814e-02	7.592727763201943814e-02
1.122362689568025871e+03	2.594161840506268857e-01	1.657016089259626124e-01	2.451639589908149730e-01	1.517613966557784799e-01	7.219383681065932867e-02	2.963370244121263028e-02	7.612931212483341203e-02
1.127200459781681047e+03	2.586840253047155147e-01	1.652181871433314464e-01	2.456397899491231107e-01	1.520860429489059862e-01	7.232716886272616552e-02	2.971457136700527205e-02	7.633021442408080559e-02
1.132038229995336451e+03	2.579561174395775258e-01	1.647374491649804262e-01	2.461127078701666471e-01	1.524088168836900681e-01	7.245980439443111543e-02	2.979511416925077413e-02	7.652999007779180685e-02
1.136876000208991627e+03	2.572324355841099641e-01	1.642593801438666790e-01	2.465827320890277841e-01	1.527297292559371134e-01	7.259174682751218244e-02	2.987533147477461001e-02	7.672864462465997515e-02
1.141713770422646803e+03	2.565129550152759896e-01	1.637839653143245700e-01	2.470498817943963255e-01	1.530487907941655290e-01	7.272299956923047870e-02	2.995522391888005495e-02	7.692618359361534652e-02
1.146551540636302207e+03	2.557976511571938283e-01	1.633111899916234455e-01	2.475141760299188753e-01	1.533660121601722881e-01	7.285356601239680041e-02	3.003479214517327384e-02	7.712261250340983476e-02
1.151389310849957155e+03	2.550864995802321622e-01	1.628410395715276515e-01	2.479756336955322993e-01	1.536814039495916218e-01	7.298344953539905033e-02	3.011403680539084110e-02	7.731793686221472006e-02
1.156227081063612786e+03	2.543794760001112931e-01	1.623734995298591610e-01	2.484342735487817810e-01	1.539949766924463281e-01	7.311265350223021542e-02	3.019295855922968230e-02	7.751216216722991992e-02
1.161064851277267962e+03	2.536765562770101345e-01	1.619085554220626721e-01	2.488901142061232807e-01	1.543067408536912266e-01	7.324118126251689953e-02	3.027155807417942351e-02	7.770529390430475081e-02
1.165902621490923138e+03	2.529777164146790880e-01	1.614461928827730097e-01	2.493431741442111160e-01	1.546167068337495620e-01	7.336903615154849456e-02	3.034983602535706176e-02	7.789733754757005579e-02
1.170740391704578315e+03	2.522829325595585259e-01	1.609863976253851081e-01	2.497934717011706385e-01	1.549248849690420260e-01	7.349622149030686502e-02	3.042779309534399471e-02	7.808829855908125395e-02
1.175578161918233945e+03	2.515921809999031589e-01	1.605291554416260758e-01	2.502410250778561718e-01	1.552312855325088115e-01	7.362274058549657385e-02	3.050542997402530890e-02	7.827818238847228383e-02
1.180415932131889122e+03	2.509054381649118426e-01	1.600744522011302295e-01	2.506858523390944615e-01	1.555359187341245897e-01	7.374859672957576051e-02	3.058274735843137873e-02	7.846699447262005245e-02
1.185253702345544298e+03	2.502226806238637136e-01	1.596222738510156558e-01	2.511279714149140529e-01	1.558387947214067981e-01	7.387379320078736600e-02	3.065974595258163723e-02	7.865474023531915382e-02
1.190091472559199701e+03	2.495438850852587653e-01	1.591726064154638798e-01	2.515674001017603190e-01	1.561399235799171004e-01	7.399833326319098237e-02	3.073642646733060549e-02	7.884142508696674601e-02
1.194929242772855105e+03	2.488690283959650862e-01	1.587254359953015059e-01	2.520041560636969713e-01	1.564393153337564624e-01	7.412222016669516023e-02	3.081278962021606616e-02	7.902705442425721205e-02
1.199767012986510281e+03	2.481980875403710929e-01	1.582807487675841618e-01	2.524382568335936661e-01	1.567369799460535118e-01	7.424545714709014643e-02	3.088883613530939154e-02	7.921163362988652146e-02
1.204604783200165684e+03	2.475310396395433155e-01	1.578385309851828844e-01	2.528697198143002312e-01	1.570329273194469022e-01	7.436804742608119079e-02	3.096456674306798454e-02	7.939516807226601469e-02
1.209442553413820860e+03	2.468678619503896221e-01	1.573987689763726439e-01	2.532985622798077374e-01	1.573271672965611268e-01	7.448999421132221355e-02	3.103998218018980473e-02	7.957766310524534703e-02
1.214280323627476264e+03	2.462085318648279952e-01	1.569614491444233095e-01	2.537248013763963583e-01	1.576197096604764203e-01	7.461130069644991702e-02	3.111508318946997614e-02	7.975912406784450848e-02
1.219118093841131440e+03	2.455530269089604145e-01	1.565265579671927254e-01	2.541484541237704065e-01	1.579105641351927214e-01	7.473197006111834129e-02	3.118987051965938992e-02	7.993955628399453117e-02
1.223955864054786844e+03	2.449013247422524020e-01	1.560940819967220061e-01	2.545695374161803248e-01	1.581997403860875284e-01	7.485200547103386393e-02	3.126434492532537135e-02	8.011896506228702308e-02
1.228793634268442020e+03	2.442534031567175357e-01	1.556640078588333032e-01	2.549880680235328545e-01	1.584872480203682044e-01	7.497141007799054679e-02	3.133850716671426201e-02	8.029735569573183407e-02
