2.670449157937716336e+03	1.520873271962401574e-01	9.140624187887180785e-02	3.156513844426984128e-01	1.967947410176536516e-01	9.320591860864982370e-02	4.487811253403564682e-02	1.059762743206735247e-01
2.684962468578682547e+03	1.516019052851194093e-01	9.121681059927323754e-02	3.155083411210095612e-01	1.975114213196140778e-01	9.338797629919451393e-02	4.484735127431917906e-02	1.059261941002930807e-01
2.699475779219648302e+03	1.511446246694919671e-01	9.101961755550715127e-02	3.154256546003847972e-01	1.980412215563037148e-01	9.357594145258793517e-02	4.481937465065646137e-02	1.059735655138910049e-01
2.713989089860614058e+03	1.507121631066629108e-01	9.081673155783123730e-02	3.153871866691721482e-01	1.984596725132201089e-01	9.375751265101554821e-02	4.479647019757436455e-02	1.060702633033466930e-01
2.728502400501579814e+03	1.503016167378873613e-01	9.060987535748525612e-02	3.153827342616178364e-01	1.988088819339330904e-01	9.392728374739685304e-02	4.477944845332546692e-02	1.061901595071771398e-01
2.743015711142545115e+03	1.499104753423377290e-01	9.040047767230514897e-02	3.154054832627403160e-01	1.991126226181498260e-01	9.408340743799095685e-02	4.476835692610990625e-02	1.063191767391891557e-01
2.757529021783511780e+03	1.495365824440566815e-01	9.018971883124861366e-02	3.154506032997710374e-01	1.993845808116011253e-01	9.422580977852794415e-02	4.476286727583164010e-02	1.064498375577859757e-01
2.772042332424477081e+03	1.491780914676049674e-01	8.997857014434607059e-02	3.155144670455616307e-01	1.996328674025245886e-01	9.435524475923458276e-02	4.476248372231771827e-02	1.065782754572334318e-01
2.786555643065443292e+03	1.488334233286130737e-01	8.976782750970553615e-02	3.155942117938475566e-01	1.998624872217964199e-01	9.447280202152684436e-02	4.476665372124256220e-02	1.067025944020910111e-01
2.801068953706408593e+03	1.485012277993138230e-01	8.955813991562114329e-02	3.156874890523396204e-01	2.000766927156374941e-01	9.457965751018559963e-02	4.477482529917359289e-02	1.068219677065517931e-01
2.815582264347374803e+03	1.481803494295709234e-01	8.935003351361238411e-02	3.157923178252829421e-01	2.002777280228951462e-01	9.467695316027409380e-02	4.478647537374710885e-02	1.069361426734404957e-01
2.830095574988341014e+03	1.478697980376546817e-01	8.914393189619020108e-02	3.159069954577508055e-01	2.004672398701529412e-01	9.476574413870439417e-02	4.480112239341296765e-02	1.070451682049571168e-01
2.844608885629306769e+03	1.475687234368024958e-01	8.894017314709226629e-02	3.160300407814080059e-01	2.006465062484539541e-01	9.484698064341678947e-02	4.481833060601057156e-02	1.071492451356390319e-01
2.859122196270272525e+03	1.472763939312755621e-01	8.873902415971286761e-02	3.161601557001805229e-01	2.008165653083197610e-01	9.492150670023863368e-02	4.483770995987312880e-02	1.072486442392226458e-01
2.873635506911238281e+03	1.469921780910451170e-01	8.854069265011370315e-02	3.162961975812570437e-01	2.009782894842192247e-01	9.499006673320289917e-02	4.485891382584284576e-02	1.073436616331424065e-01
2.888148817552204036e+03	1.467155293402017113e-01	8.834533722805289202e-02	3.164371582197084143e-01	2.011324294252436473e-01	9.505331516097918765e-02	4.488163573058625427e-02	1.074345948940511192e-01
2.902662128193170247e+03	1.464459729409413602e-01	8.815307583410786352e-02	3.165821470060639076e-01	2.012796411550696885e-01	9.511182665729130126e-02	4.490560574237251884e-02	1.075217306629765723e-01
2.917175438834136003e+03	1.461830950075206081e-01	8.796399280316202773e-02	3.167303769457009976e-01	2.014205037985797031e-01	9.516610596872300543e-02	4.493058684801649882e-02	1.076053386271204060e-01
2.931688749475101758e+03	1.459265332356823042e-01	8.777814477369057233e-02	3.168811527392147442e-01	2.015555318933684448e-01	9.521659683188063439e-02	4.495637149316528830e-02	1.076856690318212378e-01
2.946202060116067514e+03	1.456759690796073925e-01	8.759556562762890741e-02	3.170338604426593543e-01	2.016851844948280570e-01	9.526368985684714741e-02	4.498277836663445300e-02	1.077629521306179144e-01
2.960715370757033725e+03	1.454311211493982681e-01	8.741627061631623841e-02	3.171879583995183549e-01	2.018098722972282710e-01	9.530772939828385804e-02	4.500964945956734825e-02	1.078373986785109151e-01
2.975228681397999480e+03	1.451917396374159397e-01	8.724025980330546437e-02	3.173429692344991171e-01	2.019299634555864476e-01	9.534901950166539686e-02	4.503684740331161812e-02	1.079092009630392701e-01
2.989741992038964781e+03	1.449576016118997446e-01	8.706752093402583825e-02	3.174984727565642317e-01	2.020457884997856057e-01	9.538782903383692668e-02	4.506425307585187889e-02	1.079785340868590487e-01
3.004255302679930992e+03	1.447285070417912156e-01	8.689803182477538745e-02	3.176540996534099048e-01	2.021576445719367177e-01	9.542439610749731127e-02	4.509176345972550765e-02	1.080455573396872648e-01
3.018768613320896748e+03	1.445042754381862526e-01	8.673176234878779423e-02	3.178095258818947610e-01	2.022657991297145408e-01	9.545893190032896103e-02	4.511928973140928723e-02	1.081104155685017332e-01
3.033281923961862958e+03	1.442847430159387156e-01	8.656867608472500197e-02	3.179644676741565368e-01	2.023704932093140230e-01	9.549162395736349174e-02	4.514675556142015711e-02	1.081732404959054039e-01
3.047795234602828714e+03	1.440697602941582722e-01	8.640873168252011238e-02	3.181186770902996730e-01	2.024719443138462416e-01	9.552263905270552691e-02	4.517409560482010117e-02	1.082341519604734237e-01
3.062308545243794470e+03	1.438591900671388479e-01	8.625188399272371020e-02	3.182719380572111567e-01	2.025703489767032572e-01	9.555212567522082534e-02	4.520125416288411219e-02	1.082932590669414830e-01
3.076821855884760225e+03	1.436529056880117561e-01	8.609808499812589278e-02	3.184240628401604489e-01	2.026658850394101874e-01	9.558021619269510549e-02	4.522818399805588613e-02	1.083506612423641574e-01
3.091335166525725526e+03	1.434507896164634866e-01	8.594728458021691497e-02	3.185748888998555239e-01	2.027587136769221920e-01	9.560702874035456600e-02	4.525484528579425125e-02	1.084064491992164370e-01
3.105848477166692192e+03	1.432527321894714600e-01	8.579943114782401237e-02	3.187242760928482022e-01	2.028489811986870228e-01	9.563266887240047531e-02	4.528120468839842011e-02	1.084607058091937581e-01
3.120361787807657493e+03	1.430586305804197600e-01	8.565447215086532951e-02	3.188721041777776710e-01	2.029368206502646932e-01	9.565723100917562782e-02	4.530723453733349199e-02	1.085135068929868052e-01
3.134875098448624158e+03	1.428683879173560933e-01	8.551235449846335268e-02	3.190182705940179941e-01	2.030223532374414164e-01	9.568079970756604435e-02	4.533291211192849030e-02	1.085649219320500153e-01
3.149388409089589004e+03	1.426819125357013940e-01	8.537302489754867996e-02	3.191626884829270594e-01	2.031056895923555594e-01	9.570345077807611289e-02	4.535821900357208530e-02	1.086150147086425155e-01
3.163901719730555214e+03	1.424991173445609993e-01	8.523643012546761044e-02	3.193052849251378777e-01	2.031869308990459644e-01	9.572525226855030378e-02	4.538314055568079541e-02	1.086638438803799178e-01
3.178415030371521425e+03	1.423199192890235165e-01	8.510251724790628136e-02	3.194459993702277179e-01	2.032661698939650097e-01	9.574626533162473863e-02	4.540766537076135201e-02	1.087114634953148667e-01
3.192928341012487181e+03	1.421442388935655887e-01	8.497123379159482459e-02	3.195847822376889913e-01	2.033434917553295085e-01	9.576654499057216108e-02	4.543178487683676575e-02	1.087579234532356220e-01
3.207441651653452936e+03	1.419719998739885913e-01	8.484252787969941145e-02	3.197215936704327910e-01	2.034189748936837960e-01	9.578614081617087272e-02	4.545549294635989335e-02	1.088032699184880714e-01
3.221954962294418237e+03	1.418031288072607865e-01	8.471634833650500129e-02	3.198564024241171144e-01	2.034926916547049325e-01	9.580509752551266689e-02	4.547878556150560664e-02	1.088475456892173121e-01
3.236468272935384903e+03	1.416375548502857018e-01	8.459264476689501433e-02	3.199891848774279457e-01	2.035647089440719149e-01	9.582345551221069235e-02	4.550166052042001197e-02	1.088907905275121046e-01
3.250981583576350204e+03	1.414752095000079146e-01	8.447136761521401027e-02	3.201199241500791159e-01	2.036350887831382683e-01	9.584125131623132121e-02	4.552411717961940552e-02	1.089330414545334191e-01
3.265494894217316414e+03	1.413160263884435663e-01	8.435246820732827944e-02	3.202486093167524750e-01	2.037038888031792450e-01	9.585851804051628844e-02	4.554615622827949684e-02	1.089743330143240624e-01
3.280008204858282170e+03	1.411599411072171073e-01	8.423589877905231227e-02	3.203752347065008665e-01	2.037711626851182178e-01	9.587528572065563692e-02	4.556777949064345912e-02	1.090146975096358273e-01
3.294521515499247926e+03	1.410068910570251577e-01	8.412161249356803205e-02	3.204997992782877003e-01	2.038369605508648652e-01	9.589158165309051574e-02	4.558898975321129532e-02	1.090541652127758471e-01
3.309034826140214136e+03	1.408568153181599947e-01	8.400956345001046877e-02	3.206223060643678124e-01	2.039013293117082626e-01	9.590743068665172344e-02	4.560979061375881882e-02	1.090927645541664021e-01
3.323548136781179892e+03	1.407096545388252240e-01	8.389970668501516016e-02	3.207427616741249654e-01	2.039643129785956854e-01	9.592285548165507825e-02	4.563018634957655834e-02	1.091305222910309014e-01
3.338061447422145648e+03	1.405653508384839823e-01	8.379199816870591677e-02	3.208611758517967982e-01	2.040259529385826109e-01	9.593787674026765799e-02	4.565018180262270242e-02	1.091674636583638697e-01
3.352574758063111403e+03	1.404238477239098393e-01	8.368639479633828426e-02	3.209775610822394598e-01	2.040862882012545454e-01	9.595251341141675105e-02	4.566978227955324071e-02	1.092036125041114525e-01
3.367088068704076704e+03	1.402850900159731407e-01	8.358285437659428163e-02	3.210919322395257569e-01	2.041453556184909535e-01	9.596678287312727929e-02	4.568899346483069890e-02	1.092389914102814691e-01
3.381601379345043824e+03	1.401490237855030074e-01	8.348133561734089048e-02	3.212043062737443000e-01	2.042031900805607592e-01	9.598070109483587686e-02	4.570782134532400814e-02	1.092736218015147170e-01
3.396114689986008671e+03	1.400155962968239465e-01	8.338179810951353021e-02	3.213147019318725595e-01	2.042598246911992432e-01	9.599428278193347652e-02	4.572627214499877524e-02	1.093075240424820488e-01
3.410628000626974881e+03	1.398847559577855726e-01	8.328420230965935533e-02	3.214231395090503263e-01	2.043152909240156245e-01	9.600754150452839308e-02	4.574435226846232383e-02	1.093407175253219982e-01
3.425141311267940637e+03	1.397564522752889893e-01	8.318850952157130774e-02	3.215296406269807505e-01	2.043696187623156579e-01	9.602048981219302171e-02	4.576206825227409347e-02	1.093732207481997593e-01
3.439654621908906392e+03	1.396306358154701388e-01	8.309468187735799538e-02	3.216342280365431794e-01	2.044228368241862159e-01	9.603313933625592935e-02	4.577942672306099109e-02	1.094050513859491924e-01
3.454167932549872603e+03	1.395072581678319379e-01	8.300268231822306719e-02	3.217369254420198721e-01	2.044749724744804042e-01	9.604550088102353778e-02	4.579643436159152453e-02	1.094362263536532709e-01
3.468681243190838359e+03	1.393862719127294258e-01	8.291247457517007813e-02	3.218377573446219442e-01	2.045260519251563269e-01	9.605758450515874958e-02	4.581309787206334916e-02	1.094667618639238310e-01
3.483194553831804114e+03	1.392676305917049939e-01	8.282402314980065461e-02	3.219367489032495255e-01	2.045761003252582755e-01	9.606939959430531306e-02	4.582942395594778034e-02	1.094966734785571688e-01
3.497707864472769415e+03	1.391512886802521165e-01	8.273729329533509314e-02	3.220339258106471036e-01	2.046251418416838719e-01	9.608095492592430564e-02	4.584541928981376163e-02	1.095259761551674038e-01
3.512221175113736081e+03	1.390372015626507307e-01	8.265225099795274477e-02	3.221293141833116436e-01	2.046731997317516871e-01	9.609225872720086881e-02	4.586109050662296599e-02	1.095546842893330430e-01
3.526734485754701382e+03	1.389253255085757532e-01	8.256886295852375324e-02	3.222229404636896555e-01	2.047202964084695320e-01	9.610331872678293252e-02	4.587644418004908214e-02	1.095828117527329615e-01
3.541247796395667592e+03	1.388156176512269913e-01	8.248709657478303647e-02	3.223148313333576986e-01	2.047664534993025309e-01	9.611414220102917905e-02	4.589148681142847519e-02	1.096103719276956961e-01
3.555761107036633348e+03	1.387080359667687279e-01	8.240691992398109511e-02	3.224050136360196994e-01	2.048116918991501889e-01	9.612473601536747347e-02	4.590622481899700458e-02	1.096373777385394183e-01
3.570274417677599104e+03	1.386025392549011803e-01	8.232830174603275597e-02	3.224935143092799161e-01	2.048560318181625040e-01	9.613510666129881921e-02	4.592066452911008900e-02	1.096638416800382876e-01
3.584787728318565314e+03	1.384990871204148655e-01	8.225121142717457812e-02	3.225803603242632378e-01	2.048994928249544822e-01	9.614526028952209702e-02	4.593481216917989080e-02	1.096897758433143799e-01
3.599301038959531070e+03	1.383976399556016978e-01	8.217561898413369703e-02	3.226655786322520370e-01	2.049420938857155761e-01	9.615520273960215247e-02	4.594867386209659094e-02	1.097151919394218078e-01
3.613814349600496826e+03	1.382981589234179576e-01	8.210149504880459581e-02	3.227491961175979474e-01	2.049838533996558854e-01	9.616493956655766673e-02	4.596225562192918918e-02	1.097401013208602893e-01
3.628327660241463036e+03	1.382006059413104226e-01	8.202881085342554612e-02	3.228312395562464299e-01	2.050247892311813092e-01	9.617447606470280741e-02	4.597556335072700701e-02	1.097645150012299398e-01
3.642840970882427882e+03	1.381049436656310303e-01	8.195753821624285340e-02	3.229117355792811561e-01	2.050649187391462847e-01	9.618381728904064343e-02	4.598860283626517165e-02	1.097884436732163294e-01
3.657354281523394548e+03	1.380111354765777010e-01	8.188764952764861216e-02	3.229907106409586892e-01	2.051042588034942826e-01	9.619296807447307029e-02	4.600137975059721829e-02	1.098118977250738537e-01
3.671867592164359849e+03	1.379191454636088110e-01	8.181911773677605360e-02	3.230681909907606730e-01	2.051428258495616719e-01	9.620193305306284914e-02	4.601389964929523263e-02	1.098348872557581984e-01
3.686380902805326514e+03	1.378289384112868499e-01	8.175191633853534645e-02	3.231442026490380370e-01	2.051806358702904232e-01	9.621071666955775814e-02	4.602616797127318665e-02	1.098574220888419994e-01
3.700894213446291815e+03	1.377404797855139584e-01	8.168601936107204586e-02	3.232187713858698519e-01	2.052177044465679223e-01	9.621932319536352640e-02	4.603819003910263746e-02	1.098795117853336722e-01
3.715407524087257570e+03	1.376537357201283729e-01	8.162140135363034343e-02	3.232919227027967191e-01	2.052540467658878209e-01	9.622775674113204225e-02	4.604997105974155402e-02	1.099011656555067551e-01
3.729920834728223781e+03	1.375686730038343519e-01	8.155803737480327165e-02	3.233636818171243266e-01	2.052896776395054801e-01	9.623602126811292568e-02	4.606151612560764608e-02	1.099223927698355779e-01
3.744434145369189537e+03	1.374852590674437158e-01	8.149590298115225173e-02	3.234340736485262213e-01	2.053246115182414677e-01	9.624412059840038725e-02	4.607283021593639588e-02	1.099432019691231888e-01
3.758947456010155292e+03	1.374034619714096239e-01	8.143497421617899856e-02	3.235031228077009935e-01	2.053588625070708051e-01	9.625205842419289060e-02	4.608391819837215353e-02	1.099636018738982118e-01
3.773460766651120593e+03	1.373232503936361037e-01	8.137522759963326802e-02	3.235708535868662694e-01	2.053924443786200316e-01	9.625983831617056230e-02	4.609478483074769956e-02	1.099836008931497910e-01
3.787974077292087259e+03	1.372445936175496761e-01	8.131664011714065388e-02	3.236372899518935031e-01	2.054253705856810552e-01	9.626746373108344135e-02	4.610543476301350724e-02	1.100032072324619026e-01
3.802487387933053014e+03	1.371674615204208358e-01	8.125918921013532137e-02	3.237024555359079847e-01	2.054576542728393518e-01	9.627493801863387657e-02	4.611587253928371710e-02	1.100224289016026591e-01
3.817000698574018315e+03	1.370918245619249243e-01	8.120285276608345260e-02	3.237663736341968579e-01	2.054893082873029408e-01	9.628226442772719329e-02	4.612610259997022844e-02	1.100412737216181769e-01
3.831514009214984981e+03	1.370176537729334010e-01	8.114760910898383139e-02	3.238290672002843151e-01	2.055203451890095234e-01	9.628944611215668747e-02	4.613612928398049678e-02	1.100597493314755260e-01
3.846027319855950282e+03	1.369449207445277428e-01	8.109343699013255025e-02	3.238905588430467941e-01	2.055507772600814465e-01	9.629648613578206673e-02	4.614595683095829709e-02	1.100778631942948976e-01
3.860540630496916037e+03	1.368735976172285318e-01	8.104031557914018191e-02	3.239508708247552660e-01	2.055806165136894459e-01	9.630338747725364357e-02	4.615558938354975133e-02	1.100956226032069885e-01
3.875053941137881793e+03	1.368036570704337096e-01	8.098822445518980007e-02	3.240100250599420861e-01	2.056098747023810958e-01	9.631015303432943764e-02	4.616503098967968122e-02	1.101130346868680471e-01
3.889567251778848004e+03	1.367350723120603628e-01	8.093714359852528795e-02	3.240680431150014251e-01	2.056385633259227019e-01	9.631678562782680642e-02	4.617428560482565031e-02	1.101301064146616299e-01
3.904080562419813759e+03	1.366678170683848226e-01	8.088705338215999852e-02	3.241249462084409561e-01	2.056666936386992162e-01	9.632328800524617152e-02	4.618335709427927316e-02	1.101468446016135028e-01
3.918593873060779970e+03	1.366018655740764143e-01	8.083793456379642639e-02	3.241807552117103031e-01	2.056942766567115277e-01	9.632966284409995306e-02	4.619224923538594457e-02	1.101632559130433647e-01
3.933107183701745726e+03	1.365371925624205840e-01	8.078976827794809301e-02	3.242354906505413581e-01	2.057213231642064932e-01	9.633591275497661865e-02	4.620096571975594590e-02	1.101793468689747646e-01
3.947620494342711936e+03	1.364737732557270988e-01	8.074253602825558207e-02	3.242891727067402363e-01	2.057478437199712074e-01	9.634204028436639533e-02	4.620951015544091933e-02	1.101951238483225015e-01
3.962133804983676782e+03	1.364115833559198243e-01	8.069621967998888423e-02	3.243418212203764139e-01	2.057738486633204078e-01	9.634804791727219486e-02	4.621788606907115127e-02	1.102105930928750921e-01
3.976647115624642538e+03	1.363505990353043040e-01	8.065080145272905676e-02	3.243934556923231960e-01	2.057993481198022445e-01	9.635393807962734647e-02	4.622609690794989706e-02	1.102257607110879306e-01
3.991160426265608749e+03	1.362907969275097553e-01	8.060626391322230078e-02	3.244440952871044392e-01	2.058243520066451171e-01	9.635971314053864978e-02	4.623414604210193679e-02	1.102406326817017279e-01
4.005673736906575414e+03	1.362321541186022056e-01	8.056258996840033604e-02	3.244937588360096159e-01	2.058488700379667302e-01	9.636537541437209531e-02	4.624203676627418325e-02	1.102552148571988438e-01
4.020187047547540715e+03	1.361746481383654395e-01	8.051976285856098092e-02	3.245424648404419687e-01	2.058729117297630751e-01	9.637092716269601844e-02	4.624977230188693361e-02	1.102695129671095592e-01
4.034700358188505561e+03	1.361182569517469521e-01	8.047776615070356687e-02	3.245902314754691709e-01	2.058964864046950172e-01	9.637637059609562018e-02	4.625735579893472393e-02	1.102835326211789035e-01
4.049213668829472226e+03	1.360629589504656345e-01	8.043658373201378886e-02	3.246370765935473468e-01	2.059196031966864515e-01	9.638170787587069244e-02	4.626479033783630762e-02	1.102972793124036843e-01
4.063726979470437527e+03	1.360087329447785820e-01	8.039619980349320405e-02	3.246830177283940300e-01	2.059422710553483749e-01	9.638694111562759459e-02	4.627207893123357063e-02	1.103107584199485708e-01
4.078240290111404192e+03	1.359555581554036940e-01	8.035659887372881283e-02	3.247280720989867420e-01	2.059644987502406988e-01	9.639207238277507084e-02	4.627922452573962619e-02	1.103239752119493378e-01
4.092753600752369493e+03	1.359034142055958738e-01	8.031776575279821195e-02	3.247722566136672651e-01	2.059862948749827671e-01	9.639710369993280403e-02	4.628623000363638051e-02	1.103369348482106521e-01
4.107266911393336159e+03	1.358522811133737185e-01	8.027968554630623976e-02	3.248155878743332337e-01	2.060076678512230419e-01	9.640203704626035264e-02	4.629309818452241598e-02	1.103496423828048689e-01
4.121780222034301914e+03	1.358021392838940078e-01	8.024234364954942189e-02	3.248580821807005026e-01	2.060286259324763947e-01	9.640687435871353461e-02	4.629983182691176785e-02	1.103621027665782905e-01
4.136293532675267670e+03	1.357529695019714655e-01	8.020572574180415137e-02	3.248997555346210819e-01	2.060491772078378026e-01	9.641161753323457262e-02	4.630643362978476008e-02	1.103743208495701067e-01
4.150806843316233426e+03	1.357047529247411011e-01	8.016981778073550835e-02	3.249406236444448703e-01	2.060693296055793322e-01	9.641626842588169044e-02	4.631290623409184404e-02	1.103863013833496498e-01
4.165320153957199182e+03	1.356574710744607448e-01	8.013460599692318054e-02	3.249807019294115862e-01	2.060890908966377111e-01	9.642082885390307334e-02	4.631925222421163363e-02	1.103980490232760736e-01
4.179833464598164937e+03	1.356111058314509177e-01	8.010007688850129259e-02	3.250200055240639041e-01	2.061084686979982317e-01	9.642530059676002185e-02	4.632547412936434406e-02	1.104095683306853398e-01
4.194346775239130693e+03	1.355656394271697873e-01	8.006621721590931329e-02	3.250585492826708611e-01	2.061274704759810672e-01	9.642968539710301823e-02	4.633157442498189033e-02	1.104208637750080796e-01
4.208860085880096449e+03	1.355210544374209902e-01	8.003301399675102901e-02	3.250963477836542603e-01	2.061461035494346339e-01	9.643398496170491052e-02	4.633755553403594990e-02	1.104319397358222293e-01
4.223373396521062205e+03	1.354773337756910445e-01	8.000045450075880804e-02	3.251334153340101341e-01	2.061643750928410235e-01	9.643820096235407313e-02	4.634341982832528017e-02	1.104428005048436745e-01
4.237886707162027960e+03	1.354344606866150769e-01	7.996852624486076866e-02	3.251697659737179391e-01	2.061822921393378638e-01	9.644233503671070795e-02	4.634916962972359528e-02	1.104534502878580654e-01
4.252400017802994626e+03	1.353924187395678103e-01	7.993721698834800604e-02	3.252054134801325436e-01	2.061998615836603821e-01	9.644638878912920044e-02	4.635480721138930671e-02	1.104638932065968027e-01
4.266913328443960381e+03	1.353511918223774535e-01	7.990651472813974088e-02	3.252403713723528433e-01	2.062170901850073068e-01	9.645036379144861227e-02	4.636033479893846704e-02	1.104741333005595516e-01
4.281426639084926137e+03	1.353107641351608548e-01	7.987640769414390551e-02	3.252746529155629007e-01	2.062339845698342722e-01	9.645426158375391967e-02	4.636575457158209623e-02	1.104841745287861443e-01
4.295939949725891893e+03	1.352711201842768662e-01	7.984688434471100271e-02	3.253082711253403869e-01	2.062505512345773062e-01	9.645808367510952386e-02	4.637106866322924376e-02	1.104940207715797984e-01
4.310453260366857648e+03	1.352322447763963653e-01	7.981793336217915535e-02	3.253412387719303855e-01	2.062667965483097887e-01	9.646183154426743456e-02	4.637627916355694518e-02	1.105036758321840673e-01
4.324966571007824314e+03	1.351941230126862958e-01	7.978954364850805725e-02	3.253735683844797277e-01	2.062827267553352384e-01	9.646550664035118128e-02	4.638138811904828768e-02	1.105131434384153399e-01
4.339479881648789160e+03	1.351567402831060638e-01	7.976170432100010421e-02	3.254052722552296939e-01	2.062983479777183715e-01	9.646911038351738132e-02	4.638639753399975002e-02	1.105224272442528050e-01
4.353993192289754006e+03	1.351200822608134844e-01	7.973440470810649883e-02	3.254363624436645841e-01	2.063136662177570135e-01	9.647264416559613032e-02	4.639130937149891359e-02	1.105315308313875450e-01
4.368506502930720671e+03	1.350841348966791422e-01	7.970763434531676073e-02	3.254668507806141031e-01	2.063286873603965843e-01	9.647610935071147809e-02	4.639612555437368224e-02	1.105404577107324815e-01
4.383019813571686427e+03	1.350488844139062505e-01	7.968138297112950519e-02	3.254967488723072289e-01	2.063434171755894608e-01	9.647950727588315567e-02	4.640084796611401718e-02	1.105492113238946139e-01
4.397533124212653092e+03	1.350143173027544274e-01	7.965564052310300514e-02	3.255260681043770088e-01	2.063578613206011880e-01	9.648283925161052488e-02	4.640547845176723474e-02	1.105577950446108848e-01
4.412046434853618848e+03	1.349804203153655013e-01	7.963039713398362140e-02	3.255548196458136201e-01	2.063720253422647033e-01	9.648610656243974959e-02	4.641001881880782443e-02	1.105662121801492814e-01
4.426559745494584604e+03	1.349471804606893199e-01	7.960564312791058861e-02	3.255830144528654713e-01	2.063859146791850452e-01	9.648931046751506313e-02	4.641447083798271034e-02	1.105744659726760476e-01
4.441073056135550360e+03	1.349145849995073976e-01	7.958136901669558838e-02	3.256106632728875683e-01	2.063995346638955730e-01	9.649245220111479782e-02	4.641883624413292719e-02	1.105825596005904354e-01
4.455586366776516115e+03	1.348826214395529854e-01	7.955756549617525042e-02	3.256377766481353686e-01	2.064128905249669188e-01	9.649553297317312039e-02	4.642311673699250213e-02	1.105904961798281072e-01
4.470099677417481871e+03	1.348512775307253442e-01	7.953422344263551269e-02	3.256643649195050116e-01	2.064259873890710029e-01	9.649855396978783417e-02	4.642731398196543735e-02	1.105982787651341032e-01
4.484612988058447627e+03	1.348205412603966369e-01	7.951133390930596734e-02	3.256904382302179823e-01	2.064388302830004185e-01	9.650151635371531644e-02	4.643142961088152221e-02	1.106059103513064440e-01
4.499126298699412473e+03	1.347904008488096939e-01	7.948888812292291550e-02	3.257160065294508744e-01	2.064514241356448787e-01	9.650442126485266059e-02	4.643546522273183513e-02	1.106133938744113809e-01
4.513639609340379138e+03	1.347608447445646784e-01	7.946687748035975718e-02	3.257410795759103084e-01	2.064637737799261130e-01	9.650726982070784166e-02	4.643942238438453912e-02	1.106207322129709875e-01
4.528152919981345804e+03	1.347318616201932107e-01	7.944529354532330057e-02	3.257656669413514505e-01	2.064758839546918801e-01	9.651006311685844663e-02	4.644330263128183117e-02	1.106279281891241473e-01
4.542666230622311559e+03	1.347034403678180892e-01	7.942412804511458924e-02	3.257897780140419086e-01	2.064877593065704287e-01	9.651280222739913595e-02	4.644710746811857305e-02	1.106349845697615492e-01
4.557179541263276406e+03	1.346755700948971679e-01	7.940337286745302592e-02	3.258134220021701166e-01	2.064994043917864341e-01	9.651548820537861340e-02	4.645083836950331807e-02	1.106419040676357157e-01
4.571692851904243071e+03	1.346482401200493617e-01	7.938302005736250222e-02	3.258366079371981527e-01	2.065108236779394646e-01	9.651812208322615994e-02	4.645449678060233067e-02	1.106486893424464268e-01
4.586206162545208826e+03	1.346214399689617813e-01	7.936306181411835470e-02	3.258593446771604896e-01	2.065220215457454767e-01	9.652070487316839753e-02	4.645808411776721630e-02	1.106553430019026757e-01
4.600719473186175492e+03	1.345951593703760274e-01	7.934349048825373174e-02	3.258816409099072886e-01	2.065330022907430063e-01	9.652323756763639406e-02	4.646160176914666123e-02	1.106618676027612685e-01
4.615232783827140338e+03	1.345693882521521167e-01	7.932429857862433042e-02	3.259035051562939600e-01	2.065437701249641100e-01	9.652572113966356726e-02	4.646505109528283745e-02	1.106682656518434005e-01
4.629746094468105184e+03	1.345441167374087643e-01	7.930547872953043476e-02	3.259249457733167654e-01	2.065543291785716107e-01	9.652815654327460970e-02	4.646843342969308316e-02	1.106745396070290405e-01
4.644259405109071849e+03	1.345193351407383830e-01	7.928702372789482589e-02	3.259459709571949082e-01	2.065646835014627591e-01	9.653054471386589286e-02	4.647175007943717823e-02	1.106806918782303889e-01
4.658772715750037605e+03	1.344950339644954695e-01	7.926892650049580102e-02	3.259665887463997214e-01	2.065748370648407273e-01	9.653288656857726691e-02	4.647500232567080419e-02	1.106867248283445182e-01
4.673286026391004270e+03	1.344712038951568767e-01	7.925118011125389939e-02	3.259868070246317862e-01	2.065847937627541819e-01	9.653518300665595020e-02	4.647819142418564003e-02	1.106926407741859603e-01
4.687799337031970026e+03	1.344478357997525297e-01	7.923377775857148864e-02	3.260066335237458146e-01	2.065945574136060781e-01	9.653743490981236963e-02	4.648131860593645442e-02	1.106984419873996012e-01
4.702312647672935782e+03	1.344249207223654485e-01	7.921671277272408773e-02	3.260260758266241843e-01	2.066041317616319484e-01	9.653964314256845147e-02	4.648438507755564553e-02	1.107041306953545773e-01
4.716825958313901538e+03	1.344024498806994372e-01	7.919997861330239919e-02	3.260451413700004020e-01	2.066135204783487445e-01	9.654180855259841820e-02	4.648739202185563080e-02	1.107097090820193946e-01
4.731339268954867293e+03	1.343804146627134433e-01	7.918356886670406547e-02	3.260638374472317746e-01	2.066227271639745067e-01	9.654393197106228564e-02	4.649034059831944066e-02	1.107151792888189240e-01
4.745852579595833049e+03	1.343588066233210587e-01	7.916747724367416417e-02	3.260821712110230641e-01	2.066317553488200842e-01	9.654601421293240726e-02	4.649323194357991851e-02	1.107205434154737572e-01
4.760365890236798805e+03	1.343376174811538593e-01	7.915169757689355379e-02	3.261001496761013474e-01	2.066406084946526833e-01	9.654805607731320460e-02	4.649606717188776994e-02	1.107258035208220637e-01
4.774879200877764561e+03	1.343168391153878316e-01	7.913622381861397381e-02	3.261177797218423602e-01	2.066492899960326590e-01	9.655005834775406970e-02	4.649884737556894687e-02	1.107309616236246269e-01
4.789392511518729407e+03	1.342964635626309466e-01	7.912105003833916350e-02	3.261350680948499337e-01	2.066578031816236338e-01	9.655202179255584216e-02	4.650157362547155393e-02	1.107360197033534638e-01
4.803905822159696982e+03	1.342764830138712118e-01	7.910617042055095860e-02	3.261520214114879690e-01	2.066661513154765817e-01	9.655394716507098574e-02	4.650424697140263103e-02	1.107409797009642205e-01
4.818419132800663647e+03	1.342568898114838150e-01	7.909157926247961656e-02	3.261686461603670040e-01	2.066743375982886821e-01	9.655583520399751984e-02	4.650686844255512431e-02	1.107458435196528312e-01
4.832932443441628493e+03	1.342376764462965000e-01	7.907727097191730170e-02	3.261849487047845941e-01	2.066823651686371666e-01	9.655768663366694204e-02	4.650943904792526756e-02	1.107506130255968280e-01
4.837770213655283442e+03	1.342188355547114520e-01	7.906324006507423063e-02	3.262009352851214516e-01	2.066902371041888509e-01	9.655950216432623856e-02	4.651195977672071408e-02	1.107552900486816205e-01
