2.709151319646958882e+02	4.877991349041780889e-01	3.081910537535556549e-01	8.878281363536465187e-02	5.087369039768120660e-02	3.402842975638616096e-02	1.075024733118709608e-02	1.957463022153560842e-02
2.757529021783511780e+02	4.856829266065498252e-01	3.069595751877539636e-01	9.031136681826622270e-02	5.182504860650281875e-02	3.435757183118108571e-02	1.087199811844508091e-02	1.999151283118948824e-02
2.805906723920064678e+02	4.835798688716775318e-01	3.057343561693983691e-01	9.182864724526067224e-02	5.276940859442193904e-02	3.468498400481070942e-02	1.099389071870399137e-02	2.040884439561529290e-02
2.854284426056617008e+02	4.814898740488930962e-01	3.045153679802442004e-01	9.333475954563244525e-02	5.370685641135390653e-02	3.501067773498815761e-02	1.111591502938833083e-02	2.082654924938832572e-02
2.902662128193169337e+02	4.794128551382523806e-01	3.033025820235499270e-01	9.482980701656154587e-02	5.463747633058265579e-02	3.533466432533808460e-02	1.123806112131203565e-02	2.124455404429177741e-02
2.951039830329722804e+02	4.773487257849660104e-01	3.020959698229123136e-01	9.631389164625824006e-02	5.556135089343550160e-02	3.565695492896476387e-02	1.136031923600007085e-02	2.166278768735150489e-02
2.999417532466276270e+02	4.752974002738865611e-01	3.008955030211382109e-01	9.778711413660239049e-02	5.647856095279216865e-02	3.597756055192715546e-02	1.148267978305509730e-02	2.208118128048680573e-02
3.047795234602828600e+02	4.732587935240510912e-01	2.997011533791525961e-01	9.924957392529888678e-02	5.738918571545863906e-02	3.629649205662355271e-02	1.160513333756833972e-02	2.249966806173528053e-02
3.096172936739380930e+02	4.712328210832784081e-01	2.985128927749406968e-01	1.007013692075611339e-01	5.829330278343539812e-02	3.661376016508811199e-02	1.172767063757380358e-02	2.291818334801087181e-02
3.144550638875934396e+02	4.692193991228204020e-01	2.973306932025240323e-01	1.021425969573333953e-01	5.919098819410897883e-02	3.692937546220143724e-02	1.185028258154498942e-02	2.333666447935530200e-02
3.192928341012487294e+02	4.672184444320668373e-01	2.961545267709684293e-01	1.035733529480632187e-01	6.008231645939501181e-02	3.724334839881770359e-02	1.197296022593328201e-02	2.375505076464414292e-02
3.241306043149040192e+02	4.652298744133029906e-01	2.949843657034235678e-01	1.049937317730346015e-01	6.096736060386015454e-02	3.755568929481031826e-02	1.209569478274722873e-02	2.417328342870973812e-02
3.289683745285592522e+02	4.632536070765195801e-01	2.938201823361930032e-01	1.064038268652721525e-01	6.184619220184953831e-02	3.786640834203832545e-02	1.221847761717188667e-02	2.459130556084420521e-02
3.338061447422145420e+02	4.612895610342739872e-01	2.926619491178324983e-01	1.078037305170266302e-01	6.271888141364584390e-02	3.817551560723558834e-02	1.234130024522750967e-02	2.500906206464668588e-02
3.386439149558698318e+02	4.593376554966026037e-01	2.915096386082778879e-01	1.091935338988515442e-01	6.358549702068520826e-02	3.848302103482485748e-02	1.246415433146678443e-02	2.542649960917992696e-02
3.434816851695251216e+02	4.573978102659837508e-01	2.903632234779989219e-01	1.105733270782806449e-01	6.444610645985476838e-02	3.878893444965855059e-02	1.258703168670992009e-02	2.584356658140222335e-02
3.483194553831804114e+02	4.554699457323499456e-01	2.892226765071808092e-01	1.119431990381156150e-01	6.530077585689565700e-02	3.909326555968830469e-02	1.270992426581682953e-02	2.626021303984157895e-02
3.531572255968357013e+02	4.535539828681498520e-01	2.880879705849300754e-01	1.133032376943331893e-01	6.614957005893502828e-02	3.939602395856502820e-02	1.283282416549573479e-02	2.667639066947986165e-02
3.579949958104909342e+02	4.516498432234581362e-01	2.869590787085056771e-01	1.146535299136206831e-01	6.699255266616985227e-02	3.969721912817143761e-02	1.295572362214748689e-02	2.709205273781553278e-02
3.628327660241463377e+02	4.497574489211341731e-01	2.858359739825737655e-01	1.159941615305484786e-01	6.782978606272455080e-02	3.999686044108865385e-02	1.307861500974492712e-02	2.750715405207430214e-02
3.676705362378016275e+02	4.478767226520278255e-01	2.847186296184850973e-01	1.173252173643882512e-01	6.866133144670429067e-02	4.029495716299876656e-02	1.320149083774665305e-02	2.792165091753796846e-02
3.725083064514568036e+02	4.460075876702321307e-01	2.836070189335751501e-01	1.186467812355850582e-01	6.948724885946472307e-02	4.059151845502487893e-02	1.332434374904450762e-02	2.833550109696236080e-02
3.773460766651120935e+02	4.441499677883825048e-01	2.825011153504851658e-01	1.199589359818914319e-01	7.030759721411893037e-02	4.088655337601046491e-02	1.344716651794419272e-02	2.874866377105611895e-02
3.821838468787673833e+02	4.423037873730016889e-01	2.814008923965038989e-01	1.212617634741713357e-01	7.112243432330132842e-02	4.118007088473939203e-02	1.356995204817837419e-02	2.916109949999275835e-02
3.870216170924226162e+02	4.404689713398902695e-01	2.803063237029295163e-01	1.225553446318817380e-01	7.193181692620805034e-02	4.147207984209837217e-02	1.369269337095168140e-02	2.957277018592919735e-02
3.918593873060780197e+02	4.386454451495616080e-01	2.792173830044502592e-01	1.238397594382392997e-01	7.273580071493285226e-02	4.176258901318323502e-02	1.381538364301700302e-02	2.998363903650459739e-02
3.966971575197332527e+02	4.368331348027215122e-01	2.781340441385440898e-01	1.251150869550794187e-01	7.353444036011679008e-02	4.205160706935055087e-02	1.393801614478249948e-02	3.039367052929404719e-02
4.015349277333884856e+02	4.350319668357913172e-01	2.770562810448958246e-01	1.263814053374149593e-01	7.432778953592972249e-02	4.233914259021599735e-02	1.406058427844878757e-02	3.080283037719232925e-02
4.063726979470438323e+02	4.332418683164746542e-01	2.759840677648317531e-01	1.276387918477012440e-01	7.511590094440109833e-02	4.262520406560088571e-02	1.418308156617571238e-02	3.121108549470357277e-02
4.112104681606991221e+02	4.314627668393665183e-01	2.749173784407708543e-01	1.288873228698146911e-01	7.589882633911718135e-02	4.290979989742819967e-02	1.430550164827817418e-02	3.161840396511329115e-02
4.160482383743544119e+02	4.296945905216050798e-01	2.738561873156916682e-01	1.301270739227511908e-01	7.667661654830110196e-02	4.319293840156949310e-02	1.442783828145050365e-02	3.202475500851987428e-02
4.208860085880095880e+02	4.279372679985651295e-01	2.728004687326149869e-01	1.313581196740507828e-01	7.744932149729204240e-02	4.347462780964392315e-02	1.455008533701883378e-02	3.243010895070321670e-02
4.257237788016648778e+02	4.261907284195928236e-01	2.717501971341012013e-01	1.325805339529553539e-01	7.821699023043929277e-02	4.375487627077064012e-02	1.467223679922096888e-02	3.283443719280872142e-02
4.305615490153201677e+02	4.244549014437815626e-01	2.707053470617618030e-01	1.337943897633047940e-01	7.897967093242633241e-02	4.403369185327582480e-02	1.479428676351325980e-02	3.323771218182553638e-02
4.353993192289755143e+02	4.227297172357879496e-01	2.696658931557849859e-01	1.349997592961781900e-01	7.973741094904013282e-02	4.431108254635550414e-02	1.491622943490400477e-02	3.363990738183835622e-02
4.402370894426308041e+02	4.210151064616879935e-01	2.686318101544744597e-01	1.361967139422858575e-01	8.049025680739994859e-02	4.458705626169535974e-02	1.503805912631287454e-02	3.404099724603271149e-02
4.450748596562860939e+02	4.193110002848727813e-01	2.676030728938005310e-01	1.373853243041173733e-01	8.123825423565993187e-02	4.486162083504860454e-02	1.515977025695591091e-02	3.444095718943415013e-02
4.499126298699413837e+02	4.176173303619832855e-01	2.665796563069639524e-01	1.385656602078517430e-01	8.198144818219926799e-02	4.513478402777307275e-02	1.528135735075564564e-02	3.483976356236228450e-02
4.547504000835967304e+02	4.159340288388836404e-01	2.655615354239716508e-01	1.397377907150351428e-01	8.271988283431332134e-02	4.540655352832858455e-02	1.540281503477588035e-02	3.523739362458110785e-02
4.595881702972519065e+02	4.142610283466726662e-01	2.645486853712232800e-01	1.409017841340309274e-01	8.345360163641876716e-02	4.567693695373561957e-02	1.552413803768069346e-02	3.563382552012746979e-02
4.644259405109071963e+02	4.125982619977334176e-01	2.635410813711089872e-01	1.420577080312477591e-01	8.418264730778556026e-02	4.594594185099630523e-02	1.564532118821724757e-02	3.602903825280013433e-02
4.692637107245624861e+02	4.109456633818198701e-01	2.625386987416179485e-01	1.432056292421505783e-01	8.490706185980813336e-02	4.621357569847875379e-02	1.576635941372196703e-02	3.642301166229221926e-02
4.741014809382177759e+02	4.093031665621805759e-01	2.615415128959563962e-01	1.443456138820591317e-01	8.562688661282767677e-02	4.647984590726567805e-02	1.588724773864968326e-02	3.681572640095033544e-02
4.789392511518730657e+02	4.076707060717190689e-01	2.605494993421756389e-01	1.454777273567394169e-01	8.634216221251767021e-02	4.674475982246824313e-02	1.600798128312535748e-02	3.720716391114409910e-02
4.837770213655284124e+02	4.060482169091902405e-01	2.595626336828094072e-01	1.466020343727919839e-01	8.705292864584368573e-02	4.700832472450600097e-02	1.612855526151792812e-02	3.759730640323018236e-02
4.886147915791837022e+02	4.044356345354324089e-01	2.585808916145201364e-01	1.477185989478424499e-01	8.775922525660900808e-02	4.727054783035398305e-02	1.624896498103598277e-02	3.798613683409545611e-02
4.934525617928388783e+02	4.028328948696349165e-01	2.576042489277535763e-01	1.488274844205378644e-01	8.846109076059660570e-02	4.753143629475754806e-02	1.636920584034479847e-02	3.837363888626416086e-02
4.982903320064942250e+02	4.012399342856405871e-01	2.566326815064015054e-01	1.499287534603541139e-01	8.915856326031826318e-02	4.779099721141610857e-02	1.648927332820443112e-02	3.875979694755445071e-02
5.031281022201495148e+02	3.996566896082828224e-01	2.556661653274729940e-01	1.510224680772178085e-01	8.985168025938103376e-02	4.804923761413631977e-02	1.660916302212844461e-02	3.914459609127002304e-02
5.079658724338048046e+02	3.980830981097568944e-01	2.547046764607724945e-01	1.521086896309472025e-01	9.054047867648117032e-02	4.830616447795572227e-02	1.672887058706296406e-02	3.952802205691294257e-02
5.128036426474600376e+02	3.965190975060250977e-01	2.537481910685854269e-01	1.531874788405164500e-01	9.122499485903519389e-02	4.856178472023752607e-02	1.684839177408569214e-02	3.991006123140412865e-02
5.176414128611153274e+02	3.949646259532550996e-01	2.527966854053704249e-01	1.542588957931463334e-01	9.190526459645768920e-02	4.881610520173723655e-02	1.696772241912451046e-02	4.029070063079822489e-02
5.224791830747705035e+02	3.934196220442919834e-01	2.518501358174587978e-01	1.553229999532260985e-01	9.258132313309505590e-02	4.906913272764203138e-02	1.708685844169539197e-02	4.066992788248012525e-02
5.273169532884259070e+02	3.918840248051623787e-01	2.509085187427598784e-01	1.563798501710697564e-01	9.325320518082425014e-02	4.932087404858347818e-02	1.720579584365924952e-02	4.104773120783052759e-02
5.321547235020811968e+02	3.903577736916115093e-01	2.499718107104721976e-01	1.574295046915104579e-01	9.392094493132532862e-02	4.957133586162429384e-02	1.732453070799741188e-02	4.142409940534837187e-02
5.369924937157364866e+02	3.888408085856718821e-01	2.490399883408009885e-01	1.584720211623367458e-01	9.458457606803634399e-02	4.982052481121993642e-02	1.744305919760542195e-02	4.179902183421829037e-02
5.418302639293917764e+02	3.873330697922639509e-01	2.481130283446809082e-01	1.595074566425740692e-01	9.524413177779890438e-02	5.006844749015559176e-02	1.756137755410480672e-02	4.217248839831143348e-02
5.466680341430470662e+02	3.858344980358280329e-01	2.471909075235040609e-01	1.605358676106148352e-01	9.589964476220250167e-02	5.031511044045920006e-02	1.767948209667259685e-02	4.254448953060852023e-02
5.515058043567023560e+02	3.843450344569871446e-01	2.462736027688531004e-01	1.615573099722004136e-01	9.655114724863560205e-02	5.056052015429127883e-02	1.779736922088819354e-02	4.291501617803401142e-02
5.563435745703576458e+02	3.828646206092407578e-01	2.453610910622391894e-01	1.625718390682585057e-01	9.719867100105111790e-02	5.080468307481202095e-02	1.791503539759739527e-02	4.328405978669076087e-02
5.611813447840129356e+02	3.813931984556888088e-01	2.444533494748442337e-01	1.635795096825986561e-01	9.784224733045376876e-02	5.104760559702631317e-02	1.803247717179320281e-02	4.365161228748479227e-02
5.660191149976681118e+02	3.799307103657855178e-01	2.435503551672680012e-01	1.645803760494692347e-01	9.848190710511663115e-02	5.128929406860728568e-02	1.814969116151319076e-02	4.401766608212991094e-02
5.708568852113234016e+02	3.784770991121232386e-01	2.426520853892789320e-01	1.655744918609790561e-01	9.911768076053403820e-02	5.152975479069892700e-02	1.826667405675316824e-02	4.438221402952242933e-02
5.756946554249786914e+02	3.770323078672455641e-01	2.417585174795689740e-01	1.665619102743861879e-01	9.974959830911765690e-02	5.176899401869833328e-02	1.838342261839677472e-02	4.474524943247625702e-02
5.805324256386339812e+02	3.755962802004897405e-01	2.408696288655124695e-01	1.675426839192569184e-01	1.003776893496425848e-01	5.200701796301816088e-02	1.849993367716089299e-02	4.510676602480905711e-02
5.853701958522892710e+02	3.741689600748572819e-01	2.399853970629281519e-01	1.685168649044980205e-01	1.010019830764500026e-01	5.224383278982970558e-02	1.861620413255646658e-02	4.546675795877026804e-02
5.902079660659445608e+02	3.727502918439136725e-01	2.391057996758448878e-01	1.694845048252645869e-01	1.016225082884127245e-01	5.247944462178725372e-02	1.873223095186458270e-02	4.582521979280217150e-02
5.950457362795999643e+02	3.713402202487161019e-01	2.382308143962704461e-01	1.704456547697464908e-01	1.022392933976699197e-01	5.271385953873412161e-02	1.884801116912750499e-02	4.618214647962529118e-02
5.998835064932552541e+02	3.699386904147687893e-01	2.373604190039633466e-01	1.714003653258357185e-01	1.028523664381371105e-01	5.294708357839084112e-02	1.896354188415445494e-02	4.653753335463966384e-02
6.047212767069104302e+02	3.685456478490061749e-01	2.364945913662074295e-01	1.723486865876773244e-01	1.034617550737972208e-01	5.317912273702609521e-02	1.907882026154185048e-02	4.689137612463383648e-02
6.095590469205657200e+02	3.671610384368032554e-01	2.356333094375895332e-01	1.732906681621065592e-01	1.040674866067786003e-01	5.340998297011068097e-02	1.919384352970782484e-02	4.724367085679349182e-02
6.143968171342210098e+02	3.657848084390131205e-01	2.347765512597791981e-01	1.742263591749743101e-01	1.046695879852254096e-01	5.363967019295512451e-02	1.930860897994075148e-02	4.759441396800195151e-02
6.192345873478761860e+02	3.644169044890310238e-01	2.339242949613112854e-01	1.751558082773636005e-01	1.052680858109661249e-01	5.386819028133124632e-02	1.942311396546158100e-02	4.794360221442499348e-02
6.240723575615315895e+02	3.630572735898849879e-01	2.330765187573703712e-01	1.760790636516990082e-01	1.058630063469850752e-01	5.409554907207817648e-02	1.953735590049972964e-02	4.829123268137247571e-02
6.289101277751868793e+02	3.617058631113523881e-01	2.322332009495779448e-01	1.769961730177516679e-01	1.064543755247026185e-01	5.432175236369320148e-02	1.965133225938234252e-02	4.863730277342970254e-02
6.337478979888421691e+02	3.603626207871027387e-01	2.313943199257808281e-01	1.779071836385419381e-01	1.070422189510685518e-01	5.454680591690789365e-02	1.976504057563668870e-02	4.898181020485133097e-02
6.385856682024975726e+02	3.590274947118659021e-01	2.305598541598420093e-01	1.788121423261414822e-01	1.076265619154740671e-01	5.477071545524982155e-02	1.987847844110548698e-02	4.932475299021116949e-02
6.434234384161527487e+02	3.577004333386260004e-01	2.297297822114331700e-01	1.797110954473777333e-01	1.082074293964867123e-01	5.499348666559036175e-02	1.999164350507496093e-02	4.966612943530108321e-02
6.482612086298080385e+02	3.563813854758396404e-01	2.289040827258286837e-01	1.806040889294417418e-01	1.087848460684131963e-01	5.521512519867880636e-02	2.010453347341543268e-02	5.000593812827252432e-02
6.530989788434633283e+02	3.550703002846800072e-01	2.280827344337012508e-01	1.814911682654023473e-01	1.093588363076944958e-01	5.543563666966330045e-02	2.021714610773421225e-02	5.034417793101443606e-02
6.579367490571185044e+02	3.537671272763045494e-01	2.272657161509190060e-01	1.823723785196279812e-01	1.099294241991377041e-01	5.565502665859884540e-02	2.032947922454064402e-02	5.068084797076129883e-02
6.627745192707737942e+02	3.524718163091479783e-01	2.264530067783438183e-01	1.832477643331182071e-01	1.104966335419888257e-01	5.587330071094277761e-02	2.044153069442307749e-02	5.101594763192535825e-02
6.676122894844290840e+02	3.511843175862383037e-01	2.256445853016309788e-01	1.841173699287471099e-01	1.110604878558508202e-01	5.609046433803802079e-02	2.055329844123760658e-02	5.134947654814718543e-02
6.724500596980843738e+02	3.499045816525377384e-01	2.248404307910297772e-01	1.849812391164198655e-01	1.116210103864509057e-01	5.630652301758443112e-02	2.066478044130836550e-02	5.168143459455890043e-02
6.772878299117396637e+02	3.486325593923064181e-01	2.240405224011853824e-01	1.858394152981447667e-01	1.121782241112611045e-01	5.652148219409859620e-02	2.077597472263920803e-02	5.201182188025445935e-02
6.821256001253949535e+02	3.473682020264897141e-01	2.232448393709415835e-01	1.866919414730221771e-01	1.127321517449758337e-01	5.673534727936235117e-02	2.088687936413662419e-02	5.234063874096168273e-02
6.869633703390502433e+02	3.461114611101288041e-01	2.224533610231441694e-01	1.875388602421518836e-01	1.132828157448503986e-01	5.694812365286034544e-02	2.099749249484365865e-02	5.266788573191069633e-02
6.918011405527055331e+02	3.448622885297939478e-01	2.216660667644455573e-01	1.883802138134611226e-01	1.138302383159039838e-01	5.715981666220693036e-02	2.110781229318471966e-02	5.299356362089371886e-02
6.966389107663608229e+02	3.436206365010403552e-01	2.208829360851096435e-01	1.892160440064543925e-01	1.143744414159906936e-01	5.737043162356262466e-02	2.121783698622108083e-02	5.331767338151119362e-02
7.014766809800161127e+02	3.423864575658868148e-01	2.201039485588175970e-01	1.900463922568866593e-01	1.149154467607421681e-01	5.757997382204055326e-02	2.132756484891690923e-02	5.364021618659932378e-02
7.063144511936714025e+02	3.411597045903159153e-01	2.193290838424740707e-01	1.908712996213618729e-01	1.154532758283851185e-01	5.778844851210295647e-02	2.143699420341566714e-02	5.396119340183444524e-02
7.111522214073266923e+02	3.399403307617968051e-01	2.185583216760140224e-01	1.916908067818577643e-01	1.159879498644370982e-01	5.799586091794817905e-02	2.154612341832673472e-02	5.428060657950946333e-02
7.159899916209819821e+02	3.387282895868293231e-01	2.177916418822098965e-01	1.925049540501788670e-01	1.165194898862836476e-01	5.820221623388832644e-02	2.165495090802207687e-02	5.459845745247795396e-02
7.208277618346371582e+02	3.375235348885098352e-01	2.170290243664790841e-01	1.933137813723390108e-01	1.170479166876400579e-01	5.840751962471782410e-02	2.176347513194282560e-02	5.491474792826150225e-02
7.256655320482924481e+02	3.363260208041180532e-01	2.162704491166919096e-01	1.941173283328746779e-01	1.175732508429006284e-01	5.861177622607317839e-02	2.187169459391559434e-02	5.522948008331609454e-02
7.305033022619478515e+02	3.351357017827255036e-01	2.155158962029797010e-01	1.949156341590904951e-01	1.180955127113785391e-01	5.881499114478416085e-02	2.197960784147841642e-02	5.554265615745333090e-02
7.353410724756030277e+02	3.339525325828243685e-01	2.147653457775430819e-01	1.957087377252385019e-01	1.186147224414390994e-01	5.901716945921654800e-02	2.208721346521613435e-02	5.585427854841241990e-02
7.401788426892584312e+02	3.327764682699770882e-01	2.140187780744605139e-01	1.964966775566321933e-01	1.191308999745292474e-01	5.921831621960683967e-02	2.219451009810511147e-02	5.616434980657910442e-02
7.450166129029136073e+02	3.316074642144866691e-01	2.132761734094968109e-01	1.972794918336970016e-01	1.196440650491060048e-01	5.941843644838893518e-02	2.230149641486710646e-02	5.647287262984759804e-02
7.498543831165690108e+02	3.304454760890868648e-01	2.125375121799117639e-01	1.980572183959577737e-01	1.201542372044665657e-01	5.961753514051321839e-02	2.240817113133219615e-02	5.677984985862181283e-02
7.546921533302243006e+02	3.292904598666525628e-01	2.118027748642687669e-01	1.988298947459654908e-01	1.206614357844825181e-01	5.981561726375804466e-02	2.251453300381059397e-02	5.708528447095224945e-02
7.595299235438793630e+02	3.281423718179302118e-01	2.110719420222434417e-01	1.995975580531633431e-01	1.211656799412409169e-01	6.001268775903397662e-02	2.262058082847324958e-02	5.738917957780504536e-02
7.643676937575347665e+02	3.270011685092878428e-01	2.103449942944322082e-01	2.003602451576941557e-01	1.216669886385944033e-01	6.020875154068091456e-02	2.272631344074107010e-02	5.769153841845960778e-02
7.692054639711900563e+02	3.258668068004840768e-01	2.096219124021605762e-01	2.011179925741498620e-01	1.221653806556230598e-01	6.040381349675830180e-02	2.283172971468267962e-02	5.799236435603165318e-02
7.740432341848452324e+02	3.247392438424568928e-01	2.089026771472916044e-01	2.018708364952644663e-01	1.226608745900100161e-01	6.059787848932859933e-02	2.293682856242051579e-02	5.829166087311816319e-02
7.788810043985006359e+02	3.236184370751313821e-01	2.081872694120338041e-01	2.026188127955510510e-01	1.231534888613333018e-01	6.079095135473423089e-02	2.304160893354523579e-02	5.858943156756127313e-02
7.837187746121558121e+02	3.225043442252463199e-01	2.074756701587491536e-01	2.033619570348845218e-01	1.236432417142760976e-01	6.098303690386813053e-02	2.314606981453823376e-02	5.888568014832781111e-02
7.885565448258112156e+02	3.213969233041992779e-01	2.067678604297607248e-01	2.041003044620309237e-01	1.241301512217574676e-01	6.117413992243810744e-02	2.325021022820218317e-02	5.918041043150161495e-02
7.933943150394665054e+02	3.202961326059105551e-01	2.060638213471599756e-01	2.048338900181239375e-01	1.246142352879856807e-01	6.136426517122518798e-02	2.335402923309947212e-02	5.947362633638550444e-02
7.982320852531219089e+02	3.192019307047052057e-01	2.053635341126139602e-01	2.055627483400901678e-01	1.250955116514362864e-01	6.155341738633605259e-02	2.345752592299842759e-02	5.976533188171022359e-02
8.030698554667769713e+02	3.181142764532132183e-01	2.046669800071720113e-01	2.062869137640239159e-01	1.255739978877568053e-01	6.174160127944981064e-02	2.356069942632722097e-02	6.005553118194743856e-02
8.079076256804323748e+02	3.170331289802877373e-01	2.039741403910720896e-01	2.070064203285122695e-01	1.260497114125998241e-01	6.192882153805916862e-02	2.366354890563530933e-02	6.034422844372405725e-02
8.127453958940876646e+02	3.159584476889411020e-01	2.032849967035469940e-01	2.077213017779118154e-01	1.265226694843868405e-01	6.211508282570620681e-02	2.376607355706233937e-02	6.063142796233527559e-02
8.175831661077428407e+02	3.148901922542983178e-01	2.025995304626299065e-01	2.084315915655772233e-01	1.269928892070040782e-01	6.230038978221288243e-02	2.386827260981440324e-02	6.091713411835378289e-02
8.224209363213982442e+02	3.138283226215682897e-01	2.019177232649596587e-01	2.091373228570435061e-01	1.274603875324326896e-01	6.248474702390647423e-02	2.397014532564748640e-02	6.120135137433249661e-02
8.272587065350534203e+02	3.127727990040319317e-01	2.012395567855857215e-01	2.098385285331620664e-01	1.279251812633143970e-01	6.266815914383992714e-02	2.407169099835809387e-02	6.148408427159848810e-02
8.320964767487085965e+02	3.117235818810477621e-01	2.005650127777723057e-01	2.105352411931915857e-01	1.283872870554549073e-01	6.285063071200745755e-02	2.417290895328088468e-02	6.176533742713567754e-02
8.369342469623640000e+02	3.106806319960740970e-01	1.998940730728025472e-01	2.112274931578450032e-01	1.288467214202664579e-01	6.303216627555538465e-02	2.427379854679319673e-02	6.204511553055390427e-02
8.417720171760191761e+02	3.096439103547083405e-01	1.992267195797818857e-01	2.119153164722925309e-01	1.293035007271507997e-01	6.321277035898838215e-02	2.437435916582646189e-02	6.232342334114222837e-02
8.466097873896745796e+02	3.086133782227424294e-01	1.985629342854411117e-01	2.125987429091225900e-01	1.297576412058248363e-01	6.339244746437126821e-02	2.447459022738428247e-02	6.260026568500415278e-02
8.514475576033297557e+02	3.075889971242352083e-01	1.979026992539387464e-01	2.132778039712605045e-01	1.302091589485898926e-01	6.357120207152644475e-02	2.457449117806717945e-02	6.287564745227264273e-02
8.562853278169851592e+02	3.065707288396009589e-01	1.972459966266631448e-01	2.139525308948462545e-01	1.306580699125463596e-01	6.374903863822710404e-02	2.467406149360388407e-02	6.314957359440290241e-02
8.611230980306403353e+02	3.055585354037137491e-01	1.965928086220339599e-01	2.146229546520717901e-01	1.311043899217549380e-01	6.392596160038636899e-02	2.477330067838903055e-02	6.342204912154075780e-02
8.659608682442956251e+02	3.045523791040281592e-01	1.959431175353031074e-01	2.152891059539788210e-01	1.315481346693461451e-01	6.410197537224232578e-02	2.487220826502722915e-02	6.369307909996482775e-02
8.707986384579510286e+02	3.035522224787155499e-01	1.952969057383551199e-01	2.159510152532176652e-01	1.319893197195793622e-01	6.427708434653926772e-02	2.497078381388340151e-02	6.396266864960027665e-02
8.756364086716062047e+02	3.025580283148162075e-01	1.946541556795071126e-01	2.166087127467678231e-01	1.324279605098525048e-01	6.445129289470512279e-02	2.506902691263928132e-02	6.423082294160260830e-02
8.804741788852616082e+02	3.015697596464068098e-01	1.940148498833081658e-01	2.172622283786211916e-01	1.328640723526640088e-01	6.462460536702513414e-02	2.516693717585599330e-02	6.449754719600939157e-02
8.853119490989170117e+02	3.005873797527832125e-01	1.933789709503380694e-01	2.179115918424281984e-01	1.332976704375281873e-01	6.479702609281204340e-02	2.526451424454264835e-02	6.476284667945828022e-02
8.901497193125721878e+02	2.996108521566590022e-01	1.927465015570056506e-01	2.185568325841080184e-01	1.337287698328450403e-01	6.496855938057273516e-02	2.536175778573082976e-02	6.502672670296941182e-02
8.949874895262273640e+02	2.986401406223781474e-01	1.921174244553463251e-01	2.191979798044229599e-01	1.341573854877260441e-01	6.513920951817148142e-02	2.545866749205494273e-02	6.528919261979077016e-02
8.998252597398827675e+02	2.976752091541436385e-01	1.914917224728194534e-01	2.198350624615181270e-01	1.345835322337767259e-01	6.530898077298991078e-02	2.555524308133827818e-02	6.555024982330456829e-02
9.046630299535379436e+02	2.967160219942599486e-01	1.908693785121048092e-01	2.204681092734266656e-01	1.350072247868375208e-01	6.547787739208377200e-02	2.565148429618477333e-02	6.580990374499320894e-02
9.095008001671932334e+02	2.957625436213909831e-01	1.902503755508986594e-01	2.210971487205412866e-01	1.354284777486836344e-01	6.564590360233650557e-02	2.574739090357635110e-02	6.606815985246326794e-02
9.143385703808486369e+02	2.948147387488318505e-01	1.896346966417092328e-01	2.217222090480527319e-01	1.358473056086854924e-01	6.581306361060981769e-02	2.584296269447575525e-02	6.632502364752580759e-02
9.191763405945038130e+02	2.938725723227952891e-01	1.890223249116516624e-01	2.223433182683557108e-01	1.362637227454299715e-01	6.597936160389139548e-02	2.593819948343486712e-02	6.658050066433175707e-02
9.240141108081592165e+02	2.929360095207125814e-01	1.884132435622422608e-01	2.229605041634227514e-01	1.366777434283044657e-01	6.614480174943954127e-02	2.603310110820831677e-02	6.683459646756070849e-02
9.288518810218145063e+02	2.920050157495480136e-01	1.878074358691924073e-01	2.235737942871466044e-01	1.370893818190440094e-01	6.630938819492517011e-02	2.612766742937243369e-02	6.708731665066190730e-02
9.336896512354697961e+02	2.910795566441277682e-01	1.872048851822018523e-01	2.241832159676520053e-01	1.374986519732427914e-01	6.647312506857097625e-02	2.622189832994939115e-02	6.733866683414578558e-02
9.385274214491247449e+02	2.901595980654821938e-01	1.866055749247512718e-01	2.247887963095767105e-01	1.379055678418307507e-01	6.663601647928807381e-02	2.631579371503646805e-02	6.758865266392512228e-02
9.433651916627801484e+02	2.892451060992021761e-01	1.860094885938946008e-01	2.253905621963229466e-01	1.383101432725165059e-01	6.679806651680993135e-02	2.640935351144042126e-02	6.783727980970404026e-02
9.482029618764355519e+02	2.883360470538090525e-01	1.854166097600504770e-01	2.259885402922793829e-01	1.387123920111970055e-01	6.695927925182389162e-02	2.650257766731682271e-02	6.808455396341399346e-02
9.530407320900908417e+02	2.874323874591375172e-01	1.848269220667934642e-01	2.265827570450144879e-01	1.391123277033354810e-01	6.711965873610019340e-02	2.659546615181433357e-02	6.833048083769517611e-02
9.578785023037459041e+02	2.865340940647325141e-01	1.842404092306444696e-01	2.271732386874411314e-01	1.395099638953076482e-01	6.727920900261864789e-02	2.668801895472384944e-02	6.857506616442241021e-02
9.627162725174014213e+02	2.856411338382585652e-01	1.836570550408608837e-01	2.277600112399537080e-01	1.399053140357178759e-01	6.743793406569299764e-02	2.678023608613244733e-02	6.881831569327416520e-02
9.675540427310568248e+02	2.847534739639228651e-01	1.830768433592259437e-01	2.283431005125376445e-01	1.402983914766854912e-01	6.759583792109305489e-02	2.687211757608202675e-02	6.906023519034358571e-02
9.723918129447120009e+02	2.838710818409108105e-01	1.824997581198378183e-01	2.289225321068519836e-01	1.406892094751021338e-01	6.775292454616461957e-02	2.696366347423265544e-02	6.930083043679058363e-02
9.772295831583674044e+02	2.829939250818345187e-01	1.819257833288979442e-01	2.294983314182854617e-01	1.410777811938612181e-01	6.790919789994728784e-02	2.705487384953050162e-02	6.954010722753364848e-02
9.820673533720223531e+02	2.821219715111942250e-01	1.813549030644990845e-01	2.300705236379865792e-01	1.414641197030597486e-01	6.806466192329017895e-02	2.714574878988030085e-02	6.977807136998044613e-02
9.869051235856777566e+02	2.812551891638519486e-01	1.807871014764127204e-01	2.306391337548678866e-01	1.418482379811737415e-01	6.821932053896569148e-02	2.723628840182230199e-02	7.001472868279635942e-02
9.917428937993331601e+02	2.803935462835176473e-01	1.802223627858760557e-01	2.312041865575851507e-01	1.422301489162074162e-01	6.837317765178126117e-02	2.732649281021362619e-02	7.025008499470949963e-02
9.965806640129884499e+02	2.795370113212480856e-01	1.796606712853784926e-01	2.317657066364918195e-01	1.426098653068173239e-01	6.852623714868925908e-02	2.741636215791399059e-02	7.048414614335178630e-02
1.001418434226643626e+03	2.786855529339573589e-01	1.791020113384475532e-01	2.323237183855688393e-01	1.429873998634116072e-01	6.867850289889496085e-02	2.750589660547572354e-02	7.071691797413467984e-02
1.006256204440298802e+03	2.778391399829401864e-01	1.785463673794345785e-01	2.328782460043307134e-01	1.433627652092255289e-01	6.882997875396280885e-02	2.759509633083800928e-02	7.094840633915888706e-02
1.011093974653954206e+03	2.769977415324065273e-01	1.779937239132997062e-01	2.334293134997077745e-01	1.437359738813734078e-01	6.898066854792085645e-02	2.768396152902533394e-02	7.117861709615708188e-02
1.015931744867609382e+03	2.761613268480286876e-01	1.774440655153965429e-01	2.339769446879052250e-01	1.441070383318779347e-01	6.913057609736357467e-02	2.777249241185004297e-02	7.140755610746869764e-02
1.020769515081264785e+03	2.753298653954997510e-01	1.768973768312562811e-01	2.345211631962393906e-01	1.444759709286773663e-01	6.927970520155288248e-02	2.786068920761896814e-02	7.163522923904605544e-02
1.025607285294920075e+03	2.745033268391039449e-01	1.763536425763715665e-01	2.350619924649514914e-01	1.448427839566109876e-01	6.942805964251769213e-02	2.794855216084406874e-02	7.186164235949089873e-02
1.030445055508575479e+03	2.736816810402984967e-01	1.758128475359797271e-01	2.355994557489991814e-01	1.452074896183837838e-01	6.957564318515184476e-02	2.803608153195704528e-02	7.208680133912061250e-02
1.035282825722230655e+03	2.728648980563069260e-01	1.752749765648457525e-01	2.361335761198262717e-01	1.455701000355103247e-01	6.972245957731046384e-02	2.812327759702783897e-02	7.231071204906312777e-02
1.040120595935886058e+03	2.720529481387235493e-01	1.747400145870448840e-01	2.366643764671111649e-01	1.459306272492390810e-01	6.986851254990490701e-02	2.821014064748700312e-02	7.253338036038005365e-02
1.044958366149541234e+03	2.712458017321297543e-01	1.742079465957445672e-01	2.371918795004940850e-01	1.462890832214570336e-01	7.001380581699620520e-02	2.829667098985188048e-02	7.275481214321707912e-02
1.049796136363196410e+03	2.704434294727207089e-01	1.736787576529864041e-01	2.377161077512834064e-01	1.466454798355754652e-01	7.015834307588718344e-02	2.838286894545651376e-02	7.297501326598093696e-02
1.054633906576851814e+03	2.696458021869435617e-01	1.731524328894673004e-01	2.382370835741417503e-01	1.469998288973974332e-01	7.030212800721306887e-02	2.846873485018527536e-02	7.319398959454220810e-02
1.059471676790506763e+03	2.688528908901464121e-01	1.726289575043206681e-01	2.387548291487517904e-01	1.473521421359671457e-01	7.044516427503094702e-02	2.855426905421015391e-02	7.341174699146345295e-02
1.064309447004162394e+03	2.680646667852383258e-01	1.721083167648970180e-01	2.392693664814622145e-01	1.477024312044020182e-01	7.058745552690777469e-02	2.863947192173161779e-02	7.362829131525162885e-02
1.069147217217817570e+03	2.672811012613596771e-01	1.715904960065441076e-01	2.397807174069143954e-01	1.480507076807074940e-01	7.072900539400722719e-02	2.872434383072306960e-02	7.384362841963455770e-02
1.073984987431472746e+03	2.665021658925635362e-01	1.710754806323872557e-01	2.402889035896495495e-01	1.483969830685755442e-01	7.086981749117529650e-02	2.880888517267878729e-02	7.405776415286054182e-02
1.078822757645127922e+03	2.657278324365075495e-01	1.705632561131086855e-01	2.407939465256970224e-01	1.487412687981667370e-01	7.100989541702466823e-02	2.889309635236533141e-02	7.427070435702053108e-02
1.083660527858783553e+03	2.649580728331558666e-01	1.700538079867270624e-01	2.412958675441441436e-01	1.490835762268768461e-01	7.114924275401798837e-02	2.897697778757637316e-02	7.448245486739224486e-02
1.088498298072438729e+03	2.641928592034920031e-01	1.695471218583764761e-01	2.417946878086874585e-01	1.494239166400880003e-01	7.128786306854992261e-02	2.906052990889089124e-02	7.469302151180577665e-02
1.093336068286093905e+03	2.634321638482414740e-01	1.690431834000852285e-01	2.422904283191660568e-01	1.497623012519048169e-01	7.142575991102824429e-02	2.914375315943469949e-02	7.490241011002998772e-02
1.098173838499749309e+03	2.626759592466050841e-01	1.685419783505542890e-01	2.427831099130769998e-01	1.500987412058761017e-01	7.156293681595375655e-02	2.922664799464524260e-02	7.511062647317903740e-02
1.103011608713404712e+03	2.619242180550014898e-01	1.680434925149355829e-01	2.432727532670732606e-01	1.504332475757025056e-01	7.169939730199920147e-02	2.930921488203965669e-02	7.531767640313882795e-02
1.107849378927059888e+03	2.611769131058206961e-01	1.675477117646098357e-01	2.437593788984444287e-01	1.507658313659300531e-01	7.183514487208712829e-02	2.939145430098599396e-02	7.552356569201240655e-02
1.112687149140715292e+03	2.604340174061868241e-01	1.670546220369644452e-01	2.442430071665801783e-01	1.510965035126304312e-01	7.197018301346688740e-02	2.947336674247763230e-02	7.572830012158417168e-02
1.117524919354370468e+03	2.596955041367307593e-01	1.665642093351708264e-01	2.447236582744172773e-01	1.514252748840682616e-01	7.210451519779051410e-02	2.955495270891077622e-02	7.593188546280217610e-02
1.122362689568025871e+03	2.589613466503728478e-01	1.660764597279617838e-01	2.452013522698697490e-01	1.517521562813553826e-01	7.223814488118777966e-02	2.963621271386503858e-02	7.613432747527805466e-02
1.127200459781681047e+03	2.582315184711145295e-01	1.655913593494085512e-01	2.456761090472430742e-01	1.520771584390928632e-01	7.237107550434034031e-02	2.971714728188704774e-02	7.633563190680422994e-02
1.132038229995336451e+03	2.575059932928405182e-01	1.651088943986976088e-01	2.461479483486320730e-01	1.524002920260007499e-01	7.250331049255494265e-02	2.979775694827706614e-02	7.653580449288768794e-02
1.136876000208991627e+03	2.567847449781292535e-01	1.646290511399074175e-01	2.466168897653031600e-01	1.527215676455362103e-01	7.263485325583585173e-02	2.987804225887853021e-02	7.673485095630019903e-02
1.141713770422646803e+03	2.560677475570738437e-01	1.641518159017848200e-01	2.470829527390609737e-01	1.530409958364999379e-01	7.276570718895634948e-02	2.995800376987052191e-02	7.693277700664417906e-02
1.146551540636302207e+03	2.553549752261115025e-01	1.636771750775214973e-01	2.475461565635994898e-01	1.533585870736315082e-01	7.289587567152949754e-02	3.003764204756311992e-02	7.712958833993401042e-02
1.151389310849957155e+03	2.546464023468623661e-01	1.632051151245300369e-01	2.480065203858383971e-01	1.536743517681938287e-01	7.302536206807806740e-02	3.011695766819556808e-02	7.732529063819242043e-02
1.156227081063612786e+03	2.539420034449776931e-01	1.627356225642200283e-01	2.484640632072441235e-01	1.539883002685466795e-01	7.315416972810372120e-02	3.019595121773727131e-02	7.751988956906122330e-02
1.161064851277267962e+03	2.532417532089968337e-01	1.622686839817739091e-01	2.489188038851364027e-01	1.543004428607102629e-01	7.328230198615544311e-02	3.027462329169153948e-02	7.771339078542642553e-02
1.165902621490923138e+03	2.525456264892131930e-01	1.618042860259227833e-01	2.493707611339802677e-01	1.546107897689183164e-01	7.340976216189719350e-02	3.035297449490204774e-02	7.790579992505694551e-02
1.170740391704578315e+03	2.518535982965492970e-01	1.613424154087221285e-01	2.498199535266638627e-01	1.549193511561615944e-01	7.353655356017496647e-02	3.043100544136203081e-02	7.809712261025686386e-02
1.175578161918233945e+03	2.511656438014401305e-01	1.608830589053273086e-01	2.502663994957620153e-01	1.552261371247216082e-01	7.366267947108298686e-02	3.050871675402607244e-02	7.828736444753059409e-02
1.180415932131889122e+03	2.504817383327258562e-01	1.604262033537690868e-01	2.507101173347859313e-01	1.555311577166950121e-01	7.378814317002943546e-02	3.058610906462458021e-02	7.847653102726077912e-02
1.185253702345544298e+03	2.498018573765524997e-01	1.599718356547290554e-01	2.511511251994195670e-01	1.558344229145088855e-01	7.391294791780132767e-02	3.066318301348080685e-02	7.866462792339852517e-02
1.190091472559199701e+03	2.491259765752818767e-01	1.595199427713148987e-01	2.515894411087418181e-01	1.561359426414272444e-01	7.403709696062885093e-02	3.073993924933043562e-02	7.885166069316555670e-02
1.194929242772855105e+03	2.484540717264094034e-01	1.590705117288357673e-01	2.520250829464359410e-01	1.564357267620486436e-01	7.416059353024911927e-02	3.081637842914370512e-02	7.903763487676809807e-02
1.199767012986510281e+03	2.477861187814907051e-01	1.586235296145775409e-01	2.524580684619858184e-01	1.567337850827954238e-01	7.428344084396919234e-02	3.089250121794999068e-02	7.922255599712206553e-02
1.204604783200165684e+03	2.471220938450763016e-01	1.581789835775779807e-01	2.528884152718588463e-01	1.570301273523949104e-01	7.440564210472862261e-02	3.096830828866487320e-02	7.940642955958925053e-02
1.209442553413820860e+03	2.464619731736548691e-01	1.577368608284019091e-01	2.533161408606766085e-01	1.573247632623522019e-01	7.452720050116141970e-02	3.104380032191961583e-02	7.958926105172421661e-02
1.214280323627476264e+03	2.458057331746043295e-01	1.572971486389164175e-01	2.537412625823725065e-01	1.576177024474155197e-01	7.464811920765739017e-02	3.111897800589303459e-02	7.977105594303166014e-02
1.219118093841131440e+03	2.451533504051512380e-01	1.568598343420661290e-01	2.541637976613373429e-01	1.579089544860335648e-01	7.476840138442295003e-02	3.119384203614573511e-02	7.995181968473387413e-02
1.223955864054786844e+03	2.445048015713383871e-01	1.564249053316482951e-01	2.545837631935523038e-01	1.581985289008057682e-01	7.488805017754143756e-02	3.126839311545667743e-02	8.013155770954802359e-02
1.228793634268442020e+03	2.438600635269999872e-01	1.559923490620879483e-01	2.550011761477100625e-01	1.584864351589249376e-01	7.500706871903292661e-02	3.134263195366204097e-02	8.031027543147302439e-02
1.233631404482097196e+03	2.432191132727450078e-01	1.555621530482133030e-01	2.554160533663239474e-01	1.587726826726131024e-01	7.512546012691342923e-02	3.141655926749637590e-02	8.048797824558574787e-02
