2.757529021783511780e+02	4.880517740248521696e-01	3.048090849326447471e-01	9.014785951666008657e-02	5.153042083485399188e-02	3.421649978706340495e-02	1.108888795382777584e-02	2.015547294998637842e-02
2.902662128193169337e+02	4.815456982722585710e-01	3.013559933938945168e-01	9.469119647276498519e-02	5.439085166818228428e-02	3.522239614960596260e-02	1.144291561708116016e-02	2.135094842610106222e-02
3.047795234602828600e+02	4.751716125357273168e-01	2.979450594808973896e-01	9.913350643498390624e-02	5.718285965039325569e-02	3.620937243962064206e-02	1.179847114573343535e-02	2.255911831253260350e-02
3.192928341012487294e+02	4.689263255494117710e-01	2.945762332547677831e-01	1.034776761890213309e-01	5.990969485264757699e-02	3.717811987171493887e-02	1.215527969284214797e-02	2.377667058948301770e-02
3.338061447422145420e+02	4.628067412480743603e-01	2.912494427693160248e-01	1.077264744518094258e-01	6.257433906175749461e-02	3.812927777898474785e-02	1.251308033650669858e-02	2.500064435343980762e-02
3.483194553831804114e+02	4.568098554688751478e-01	2.879645947772901393e-01	1.118825588656738451e-01	6.517953153779619535e-02	3.906343843427535767e-02	1.287162542369453717e-02	2.622839549228335107e-02
3.628327660241463377e+02	4.509327527692502668e-01	2.847215754775295760e-01	1.159484824559582905e-01	6.772779225180232399e-02	3.998115140998095146e-02	1.323067995010057327e-02	2.745756568526658628e-02
3.773460766651120935e+02	4.451726033577029784e-01	2.815202512933569490e-01	1.199266995991375012e-01	7.022144284968301342e-02	4.088292752078141745e-02	1.359002097354988260e-02	2.868605440567673776e-02
3.918593873060780197e+02	4.395266601342931456e-01	2.783604696737431716e-01	1.238195715440756628e-01	7.266262556444633147e-02	4.176924238942936185e-02	1.394943705865964688e-02	2.991199363524119081e-02
4.063726979470438323e+02	4.339922558375937656e-01	2.752420599098596710e-01	1.276293715251301530e-01	7.505332027725360178e-02	4.264053967182922233e-02	1.430872775066339107e-02	3.113372502755872365e-02
4.208860085880095880e+02	4.285668002948816446e-01	2.721648339605962641e-01	1.313582895022219754e-01	7.739535990824622513e-02	4.349723397415396903e-02	1.466770307647082515e-02	3.234977928331767699e-02
4.353993192289755143e+02	4.232477777723412937e-01	2.691285872814790370e-01	1.350084365597544467e-01	7.969044430046602623e-02	4.433971349158635777e-02	1.502618307119148525e-02	3.355885752306996678e-02
4.499126298699413837e+02	4.180327444220858779e-01	2.661330996521888426e-01	1.385818489933307029e-01	8.194015274426826034e-02	4.516834239541927393e-02	1.538399732849129314e-02	3.475981446410439379e-02
4.644259405109071963e+02	4.129193258228339714e-01	2.631781359985583824e-01	1.420804921105673080e-01	8.414595527525564611e-02	4.598346299267239146e-02	1.574098457327965939e-02	3.595164322672126517e-02
4.789392511518730657e+02	4.079052146111237231e-01	2.602634472055315729e-01	1.455062637698993910e-01	8.630922286578888991e-02	4.678539768005494925e-02	1.609699225534166542e-02	3.713346161214841484e-02
4.934525617928388783e+02	4.029881681999973875e-01	2.573887709181029160e-01	1.488609976790983003e-01	8.843123661841888195e-02	4.757445071200133019e-02	1.645187616263657157e-02	3.830449970963320516e-02
5.079658724338048046e+02	3.981660065821460703e-01	2.545538323277308779e-01	1.521464664732525840e-01	9.051319605901529675e-02	4.835090980060683524e-02	1.680550005308120362e-02	3.946408870405573865e-02
5.224791830747705035e+02	3.934366102145653854e-01	2.517583449421380015e-01	1.553643845901813980e-01	9.255622661782482441e-02	4.911504756357475132e-02	1.715773530372555894e-02	4.061165076787873196e-02
5.369924937157364866e+02	3.887979179818404907e-01	2.490020113367827914e-01	1.585164109596315651e-01	9.456138637807873226e-02	4.986712283473573870e-02	1.750846057630909072e-02	4.174668993251019755e-02
5.515058043567023560e+02	3.842479252352464791e-01	2.462845238866154252e-01	1.616041515211472379e-01	9.652967216399624406e-02	5.060738185029976105e-02	1.785756149826027428e-02	4.286878384432313976e-02
5.660191149976681118e+02	3.797846819049222611e-01	2.436055654770168666e-01	1.646291615841738998e-01	9.846202503301197673e-02	5.133605932273563321e-02	1.820493035826974138e-02	4.397757631975814097e-02
5.805324256386339812e+02	3.754062906824499612e-01	2.409648101930753072e-01	1.675929480427558738e-01	1.003593352307225878e-01	5.205337941302973226e-02	1.855046581562943067e-02	4.507277062222556085e-02
5.950457362795999643e+02	3.711109052712461831e-01	2.383619239865744088e-01	1.704969714560967686e-01	1.022224466613304711e-01	5.275955661104272248e-02	1.889407262258687922e-02	4.615412339101105516e-02
6.095590469205657200e+02	3.668967287022468771e-01	2.357965653202622192e-01	1.733426480052627505e-01	1.040521609212026882e-01	5.345479653274974596e-02	1.923566135901584248e-02	4.722143915914835816e-02
6.240723575615315895e+02	3.627620117124443211e-01	2.332683857891384993e-01	1.761313513354128280e-01	1.058492409385059230e-01	5.413929664230612143e-02	1.957514817875226007e-02	4.827456540332859120e-02
6.385856682024975726e+02	3.587050511839086075e-01	2.307770307186438330e-01	1.788644142921260172e-01	1.076144142576752477e-01	5.481324690611871775e-02	1.991245456698823371e-02	4.931338807442783162e-02
6.530989788434633283e+02	3.547241886410041345e-01	2.283221397397622310e-01	1.815431305596566236e-01	1.093483760036809138e-01	5.547683038541444123e-02	2.024750710815704374e-02	5.033782756221307636e-02
6.676122894844290840e+02	3.508178088035837083e-01	2.259033473411556359e-01	1.841687562082791330e-01	1.110517915576333253e-01	5.613022377317512801e-02	2.058023726377921150e-02	5.134783505228233264e-02
6.821256001253949535e+02	3.469843381940188598e-01	2.235202833985444337e-01	1.867425111572744989e-01	1.127252989721772708e-01	5.677359788074565899e-02	2.091058115977358425e-02	5.234338923735411264e-02
6.966389107663608229e+02	3.432222437959971950e-01	2.211725736816257115e-01	1.892655805595576113e-01	1.143695111523372610e-01	5.740711807891397261e-02	2.123847938276888711e-02	5.332449334868778063e-02
7.111522214073266923e+02	3.395300317630882692e-01	2.188598403388885283e-01	1.917391161134421596e-01	1.159850178249602626e-01	5.803094469780232384e-02	2.156387678497997257e-02	5.429117247672688579e-02
7.256655320482924481e+02	3.359062461751521345e-01	2.165817023607419789e-01	1.941642373065825544e-01	1.175723873176305889e-01	5.864523338949393511e-02	2.188672229723973711e-02	5.524347115304745898e-02
7.401788426892584312e+02	3.323494678407304947e-01	2.143377760214174033e-01	1.965420325967175696e-01	1.191321681658832621e-01	5.925013545694405442e-02	2.220696874980235269e-02	5.618145116839326492e-02
7.546921533302243006e+02	3.288583131436302875e-01	2.121276753001443971e-01	1.988735605334614742e-01	1.206648905656927256e-01	5.984579815238509626e-02	2.252457270055603644e-02	5.710518960401840538e-02
7.692054639711900563e+02	3.254314329319735188e-01	2.099510122821304503e-01	2.011598508250451445e-01	1.221710676865454676e-01	6.043236494812907061e-02	2.283949427030495735e-02	5.801477705575984467e-02
7.837187746121558121e+02	3.220675114480515133e-01	2.078073975398974094e-01	2.034019053535960353e-01	1.236511968588999560e-01	6.100997578239329006e-02	2.315169698479907154e-02	5.891031603225118513e-02
7.982320852531219089e+02	3.187652652973841372e-01	2.056964404955461401e-01	2.056006991422605901e-01	1.251057606484786144e-01	6.157876728252481557e-02	2.346114762320911096e-02	5.979191951048503512e-02
8.127453958940876646e+02	3.155234424554441697e-01	2.036177497645334511e-01	2.077571812772125159e-01	1.265352278286116794e-01	6.213887296777239472e-02	2.376781607276045802e-02	6.065970963355379192e-02
8.272587065350534203e+02	3.123408213105663411e-01	2.015709334815531939e-01	2.098722757873535683e-01	1.279400542607465330e-01	6.269042343355006597e-02	2.407167518925547658e-02	6.151381653686328194e-02
8.417720171760191761e+02	3.092162097416171762e-01	1.995555996091182560e-01	2.119468824842966337e-01	1.293206836922395353e-01	6.323354651895118916e-02	2.437270066322833398e-02	6.235437729043740579e-02
8.562853278169851592e+02	3.061484442290559604e-01	1.975713562294414416e-01	2.139818777650235870e-01	1.306775484796468267e-01	6.376836745910431647e-02	2.467087089148981352e-02	6.318153494612663290e-02
8.707986384579510286e+02	3.031363889980718263e-01	1.956178118202107907e-01	2.159781153794305131e-01	1.320110702449194817e-01	6.429500902381078686e-02	2.496616685383233614e-02	6.399543767961281271e-02
8.853119490989170117e+02	3.001789351925320815e-01	1.936945755148508641e-01	2.179364271648072948e-01	1.333216604711762177e-01	6.481359164376705728e-02	2.525857199467717445e-02	6.479623801807783690e-02
8.998252597398827675e+02	2.972750000785266966e-01	1.918012573478554972e-01	2.198576237491482455e-01	1.346097210440664049e-01	6.532423352555082052e-02	2.554807210945676810e-02	6.558409214528411468e-02
9.143385703808486369e+02	2.944235262763431060e-01	1.899374684857685625e-01	2.217424952250527104e-01	1.358756447441404613e-01	6.582705075643795201e-02	2.583465523553544682e-02	6.635915927661033276e-02
9.288518810218145063e+02	2.916234810197501637e-01	1.881028214443802582e-01	2.235918117958479168e-01	1.371198156951080882e-01	6.632215740001602688e-02	2.611831154748144729e-02	6.712160109730461177e-02
9.433651916627801484e+02	2.888738554415160587e-01	1.862969302926947568e-01	2.254063243954511075e-01	1.383426097723799986e-01	6.680966558346848605e-02	2.639903325651215410e-02	6.787158125786595109e-02
9.578785023037459041e+02	2.861736638841263503e-01	1.845194108442136105e-01	2.271867652833814977e-01	1.395443949758521929e-01	6.728968557732034617e-02	2.667681451394299588e-02	6.860926492105152985e-02
9.723918129447120009e+02	2.835219432347122481e-01	1.827698808360661842e-01	2.289338486162355024e-01	1.407255317704979303e-01	6.776232586836176963e-02	2.695165131847840345e-02	6.933481835553644002e-02
9.869051235856777566e+02	2.809177522832365659e-01	1.810479600965048952e-01	2.306482709968496192e-01	1.418863733979775776e-01	6.822769322639749001e-02	2.722354142719066519e-02	7.004840857173173785e-02
1.001418434226643626e+03	2.783601711030244674e-01	1.793532707012688854e-01	2.323307120022922723e-01	1.430272661621564689e-01	6.868589276540880417e-02	2.749248427003968959e-02	7.075020299569795279e-02
1.015931744867609382e+03	2.758483004527638172e-01	1.776854371193054005e-01	2.339818346917519609e-01	1.441485496911321662e-01	6.913702799965944223e-02	2.775848086779317270e-02	7.144036917748265714e-02
1.030445055508575479e+03	2.733812611991330854e-01	1.760440863483236640e-01	2.356022860953179698e-01	1.452505571781123606e-01	6.958120089522593088e-02	2.802153375321311465e-02	7.211907453056254358e-02
1.044958366149541234e+03	2.709581937592517309e-01	1.744288480406409880e-01	2.371926976845870894e-01	1.463336156032505053e-01	7.001851191738785174e-02	2.828164689538036763e-02	7.278648609939014635e-02
1.059471676790506763e+03	2.685782575621789015e-01	1.728393546197657393e-01	2.387536858259698413e-01	1.473980459383349428e-01	7.044906007427204075e-02	2.853882562703468836e-02	7.344277035233248707e-02
1.073984987431472746e+03	2.662406305287184360e-01	1.712752413881475089e-01	2.402858522175162492e-01	1.484441633360364110e-01	7.087294295710741543e-02	2.879307657481288904e-02	7.408809299754975930e-02
1.088498298072438729e+03	2.639445085688183479e-01	1.697361466265091545e-01	2.417897843100298150e-01	1.494722773052480080e-01	7.129025677741354650e-02	2.904440759227278415e-02	7.472261881959700591e-02
1.103011608713404712e+03	2.616891050958827236e-01	1.682217116851616734e-01	2.432660557131929302e-01	1.504826918738967345e-01	7.170109640141511531e-02	2.929282769559537689e-02	7.534651153474417051e-02
1.117524919354370468e+03	2.594736505573401186e-01	1.667315810676872900e-01	2.447152265873829835e-01	1.514757057404664820e-01	7.210555538194735048e-02	2.953834700186218354e-02	7.595993366320226425e-02
1.132038229995336451e+03	2.572973919808424492e-01	1.652654025073627686e-01	2.461378440218192076e-01	1.524516124153474095e-01	7.250372598809159963e-02	2.978097666980897978e-02	7.656304641661633437e-02
1.146551540636302207e+03	2.551595925354895877e-01	1.638228270366800243e-01	2.475344423996435617e-01	1.534107003530127411e-01	7.289569923275826535e-02	3.002072884296114880e-02	7.715600959934337810e-02
1.161064851277267962e+03	2.530595311075051757e-01	1.624035090503083700e-01	2.489055437505035828e-01	1.543532530759237908e-01	7.328156489841343435e-02	3.025761659505984622e-02	7.773898152217449675e-02
1.175578161918233945e+03	2.509965018898071554e-01	1.610071063618279952e-01	2.502516580911747224e-01	1.552795492909712360e-01	7.366141156112675226e-02	3.049165387769175659e-02	7.831211892728912050e-02
1.190091472559199701e+03	2.489698139849433611e-01	1.596332802545525342e-01	2.515732837547290934e-01	1.561898629991787246e-01	7.403532661310165131e-02	3.072285547003878944e-02	7.887557692334461190e-02
1.204604783200165684e+03	2.469787910208827431e-01	1.582816955267443149e-01	2.528709077087305523e-01	1.570844635993210447e-01	7.440339628383324522e-02	3.095123693066731407e-02	7.942950892970961074e-02
1.219118093841131440e+03	2.450227707791732268e-01	1.569520205315147465e-01	2.541450058629102227e-01	1.579636159860416667e-01	7.476570566002573026e-02	3.117681455127983489e-02	7.997406662894346319e-02
1.233631404482097196e+03	2.431011048349982773e-01	1.556439272116891537e-01	2.553960433667522567e-01	1.588275806429953196e-01	7.512233870438854433e-02	3.139960531235491681e-02	8.050939992671043988e-02
1.248144715123063179e+03	2.412131582086824988e-01	1.543570911299044501e-01	2.566244748973984247e-01	1.596766137314862832e-01	7.547337827341898953e-02	3.161962684060415363e-02	8.103565691839410834e-02
1.262658025764028707e+03	2.393583090282160042e-01	1.530911914941957552e-01	2.578307449382578054e-01	1.605109671750253875e-01	7.581890613426885139e-02	3.183689736817768567e-02	8.155298386174747449e-02
1.277171336404994690e+03	2.375359482023836066e-01	1.518459111793179495e-01	2.590152880486895071e-01	1.613308887401845582e-01	7.615900298078313868e-02	3.205143569355249633e-02	8.206152515497766586e-02
1.291684647045960673e+03	2.357454791041032893e-01	1.506209367440370372e-01	2.601785291251077492e-01	1.621366221140885522e-01	7.649374844879096302e-02	3.226326114404012846e-02	8.256142331972121662e-02
1.306197957686926657e+03	2.339863172635931188e-01	1.494159584446158318e-01	2.613208836538409297e-01	1.629284069788484446e-01	7.682322113072012626e-02	3.247239353985294924e-02	8.305281898841755661e-02
1.320711268327892412e+03	2.322578900710025596e-01	1.482306702447087343e-01	2.624427579560615897e-01	1.637064790832095662e-01	7.714749858960090467e-02	3.267885315967052062e-02	8.353585089563510258e-02
1.335224578968857941e+03	2.305596364881581373e-01	1.470647698218707777e-01	2.635445494250874821e-01	1.644710703116582240e-01	7.746665737251783035e-02	3.288266070764955806e-02	8.401065587294699599e-02
1.349737889609823924e+03	2.288910067690881345e-01	1.459179585708766935e-01	2.646266467563412328e-01	1.652224087512060569e-01	7.778077302356233014e-02	3.308383728182339584e-02	8.447736884699116877e-02
1.364251200250789907e+03	2.272514621890042164e-01	1.447899416040373810e-01	2.656894301702418804e-01	1.659607187560476482e-01	7.808992009633441977e-02	3.328240434383875762e-02	8.493612284038470905e-02
1.378764510891755890e+03	2.256404747814315936e-01	1.436804277486916082e-01	2.667332716282895255e-01	1.666862210102666997e-01	7.839417216603666860e-02	3.347838368997956698e-02	8.538704897519336368e-02
1.393277821532721646e+03	2.240575270831910437e-01	1.425891295420440297e-01	2.677585350425919497e-01	1.673991325887476955e-01	7.869360184119916779e-02	3.367179742342951698e-02	8.583027647868561594e-02
1.407791132173687402e+03	2.225021118869490167e-01	1.415157632235109764e-01	2.687655764790717883e-01	1.680996670164330298e-01	7.898828077507118184e-02	3.386266792772681111e-02	8.626593269112625695e-02
1.422304442814653157e+03	2.209737320010624895e-01	1.404600487247292806e-01	2.697547443545814660e-01	1.687880343260512173e-01	7.927827967671061127e-02	3.405101784136624343e-02	8.669414307538778064e-02
1.436817753455619140e+03	2.194719000164573330e-01	1.394217096573756032e-01	2.707263796281436652e-01	1.694644411144280438e-01	7.956366832180016002e-02	3.423687003350550651e-02	8.711503122817883249e-02
1.451331064096585123e+03	2.179961380802887261e-01	1.384004732989363440e-01	2.716808159865253813e-01	1.701290905974810752e-01	7.984451556321564558e-02	3.442024758073412155e-02	8.752871889270784356e-02
1.465844374737550879e+03	2.165459776761425037e-01	1.373960705765623902e-01	2.726183800243454081e-01	1.707821826639868146e-01	8.012088934136954443e-02	3.460117374486494646e-02	8.793532597261753680e-02
1.480357685378516862e+03	2.151209594105460976e-01	1.364082360491353507e-01	2.735393914189053755e-01	1.714239139282006386e-01	8.039285669435061732e-02	3.477967195170972303e-02	8.833497054704135543e-02
1.494870996019482618e+03	2.137206328055667182e-01	1.354367078876670127e-01	2.744441630999281401e-01	1.720544777814010107e-01	8.066048376787789131e-02	3.495576577080148489e-02	8.872776888664689332e-02
1.509384306660448374e+03	2.123445560972838375e-01	1.344812278541469286e-01	2.753330014143782201e-01	1.726740644424216431e-01	8.092383582508590190e-02	3.512947889602803520e-02	8.911383547054456400e-02
1.523897617301414357e+03	2.109922960399307212e-01	1.335415412789477119e-01	2.762062062865329737e-01	1.732828610072287556e-01	8.118297725615603033e-02	3.530083512714203564e-02	8.949328300395094360e-02
1.538410927942380113e+03	2.096634277155084713e-01	1.326173970368924315e-01	2.770640713734653926e-01	1.738810514975944188e-01	8.143797158780710643e-02	3.546985835211441396e-02	8.986622243650692343e-02
1.552924238583346096e+03	2.083575343486842590e-01	1.317085475220826085e-01	2.779068842160939412e-01	1.744688169089113894e-01	8.168888149265736420e-02	3.563657253029917787e-02	9.023276298116043870e-02
1.567437549224311852e+03	2.070742071267915041e-01	1.308147486215812949e-01	2.787349263859474902e-01	1.750463352571902109e-01	8.193576879846820038e-02	3.580100167637863956e-02	9.059301213353176951e-02
1.581950859865277607e+03	2.058130450247584731e-01	1.299357596880401644e-01	2.795484736277889515e-01	1.756137816252751338e-01	8.217869449727918663e-02	3.596316984505945613e-02	9.094707569168775096e-02
1.596464170506243590e+03	2.045736546347974305e-01	1.290713435113556296e-01	2.803477959982338397e-01	1.761713282083109955e-01	8.241771875444277307e-02	3.612310111649075228e-02	9.129505777625769591e-02
1.610977481147209119e+03	2.033556500006939161e-01	1.282212662894338662e-01	2.811331580004969855e-01	1.767191443584907318e-01	8.265290091756595514e-02	3.628081958237674987e-02	9.163706085083093977e-02
1.625490791788175102e+03	2.021586524565414655e-01	1.273852975981417668e-01	2.819048187153927465e-01	1.772573966291092484e-01	8.288429952536555123e-02	3.643634933275723131e-02	9.197318574258117607e-02
1.640004102429141085e+03	2.009822904697733115e-01	1.265632103605152659e-01	2.826630319287118942e-01	1.777862488179473566e-01	8.311197231644286421e-02	3.658971444343028789e-02	9.230353166306830281e-02
1.654517413070107068e+03	1.998261994883481774e-01	1.257547808152942315e-01	2.834080462550917501e-01	1.783058620100066438e-01	8.333597623798268128e-02	3.674093896399256015e-02	9.262819622917323192e-02
1.669030723711072824e+03	1.986900217919535250e-01	1.249597884848483303e-01	2.841401052584932030e-01	1.788163946196144882e-01	8.355636745438113633e-02	3.689004690647314927e-02	9.294727548412555496e-02
1.683544034352038352e+03	1.975734063470936386e-01	1.241780161425556084e-01	2.848594475693920769e-01	1.793180024319158961e-01	8.377320135580632043e-02	3.703706223453826635e-02	9.326086391858759428e-02
1.698057344993004335e+03	1.964760086659363691e-01	1.234092497796918514e-01	2.855663069987913194e-01	1.798108386437680395e-01	8.398653256669477707e-02	3.718200885324449145e-02	9.356905449176254608e-02
1.712570655633970318e+03	1.953974906687962476e-01	1.226532785718857654e-01	2.862609126491529876e-01	1.802950539040511502e-01	8.419641495418715704e-02	3.732491059931924288e-02	9.387193865249680857e-02
1.727083966274936301e+03	1.943375205501368941e-01	1.219098948451919490e-01	2.869434890223483414e-01	1.807707963534086193e-01	8.440290163650505939e-02	3.746579123194802158e-02	9.416960636035048848e-02
1.741597276915902057e+03	1.932957726479798688e-01	1.211788940418308536e-01	2.876142561247190810e-01	1.812382116634278229e-01	8.460604499127145905e-02	3.760467442404845373e-02	9.446214610661189670e-02
1.756110587556867813e+03	1.922719273166112464e-01	1.204600746856423488e-01	2.882734295693398785e-01	1.816974430752723302e-01	8.480589666377641445e-02	3.774158375401219512e-02	9.474964493523500841e-02
1.770623898197833569e+03	1.912656708024820795e-01	1.197532383472964257e-01	2.889212206755698564e-01	1.821486314377749882e-01	8.500250757518942879e-02	3.787654269789615669e-02	9.503218846368045869e-02
1.785137208838799552e+03	1.902766951232015835e-01	1.190581896093028252e-01	2.895578365659755016e-01	1.825919152450010963e-01	8.519592793071983916e-02	3.800957462204539866e-02	9.530986090364317043e-02
1.799650519479765535e+03	1.893046979495267013e-01	1.183747360308582408e-01	2.901834802607071162e-01	1.830274306732897482e-01	8.538620722772612137e-02	3.814070277613052645e-02	9.558274508165098826e-02
1.814163830120731291e+03	1.883493824902551794e-01	1.177026881125681074e-01	2.907983507694060776e-01	1.834553116177811416e-01	8.557339426377474911e-02	3.826995028658317782e-02	9.585092245952099577e-02
1.828677140761696819e+03	1.874104573799320050e-01	1.170418592610776021e-01	2.914026431807185680e-01	1.838756897284371528e-01	8.575753714464941224e-02	3.839734015041366966e-02	9.611447315466103980e-02
1.843190451402663257e+03	1.864876365692834381e-01	1.163920657536443998e-01	2.919965487494878276e-01	1.842886944455616183e-01	8.593868329231078851e-02	3.852289522939546240e-02	9.637347596020591489e-02
1.857703762043628785e+03	1.855806392182951514e-01	1.157531267026838395e-01	2.925802549816958198e-01	1.846944530348270108e-01	8.611687945280739609e-02	3.864663824460182889e-02	9.662800836497840995e-02
1.872217072684594768e+03	1.846891895918546522e-01	1.151248640203155205e-01	2.931539457172209207e-01	1.850930906218135608e-01	8.629217170413731874e-02	3.876859177128034323e-02	9.687814657326711265e-02
1.886730383325560297e+03	1.838130169578808815e-01	1.145071023829381252e-01	2.937178012104780800e-01	1.854847302260664577e-01	8.646460546406117831e-02	3.888877823405156864e-02	9.712396552441317221e-02
1.901243693966526507e+03	1.829518554878664938e-01	1.138996691958580471e-01	2.942719982090034048e-01	1.858694927946767383e-01	8.663422549786602145e-02	3.900721990241880904e-02	9.736553891219995593e-02
1.915757004607492036e+03	1.821054441597614870e-01	1.133023945579956226e-01	2.948167100300452814e-01	1.862474972353911629e-01	8.680107592608013456e-02	3.912393888657605262e-02	9.760293920403970147e-02
1.930270315248458019e+03	1.812735266631287923e-01	1.127151112266911864e-01	2.953521066352198798e-01	1.866188604492565184e-01	8.696520023213849537e-02	3.923895713350202680e-02	9.783623765995251576e-02
1.944783625889424002e+03	1.804558513065059322e-01	1.121376545826319182e-01	2.958783547032883265e-01	1.869836973628028476e-01	8.712664126999865311e-02	3.935229642332836730e-02	9.806550435133340460e-02
1.959296936530389530e+03	1.796521709269075506e-01	1.115698625949188838e-01	2.963956177011106141e-01	1.873421209597711246e-01	8.728544127170657918e-02	3.946397836597070191e-02	9.829080817950398841e-02
1.973810247171355968e+03	1.788622428014082777e-01	1.110115757862925601e-01	2.969040559528292600e-01	1.876942423123895975e-01	8.744164185491223873e-02	3.957402439801156746e-02	9.851221689404592030e-02
1.988323557812321269e+03	1.780858285607449243e-01	1.104626371985337474e-01	2.974038267073338959e-01	1.880401706122040717e-01	8.759528403033442490e-02	3.968245577982464078e-02	9.872979711091363353e-02
2.002836868453287707e+03	1.773226941048816063e-01	1.099228923580556488e-01	2.978950842040567482e-01	1.883800132004663508e-01	8.774640820917442574e-02	3.978929359293011808e-02	9.894361433032439201e-02
2.017350179094252780e+03	1.765726095204811774e-01	1.093921892417019370e-01	2.983779797371467479e-01	1.887138755980855287e-01	8.789505421047810740e-02	3.989455873757143806e-02	9.915373295442442281e-02
2.031863489735218764e+03	1.758353490002302066e-01	1.088703782427642153e-01	2.988526617180686240e-01	1.890418615351468490e-01	8.804126126844583067e-02	3.999827193050390500e-02	9.936021630472978428e-02
2.046376800376184747e+03	1.751106907639653487e-01	1.083573121372318065e-01	2.993192757366722745e-01	1.893640729800025457e-01	8.818506803968997887e-02	4.010045370298609413e-02	9.956312663934131779e-02
2.060890111017150957e+03	1.743984169815512575e-01	1.078528460502851810e-01	2.997779646207758275e-01	1.896806101679390788e-01	8.832651261043926449e-02	4.020112439896537243e-02	9.976252516993350250e-02
2.075403421658116713e+03	1.736983136974615538e-01	1.073568374230440825e-01	3.002288684943032471e-01	1.899915716294252321e-01	8.846563250368966180e-02	4.030030417344896559e-02	9.995847207851675520e-02
2.089916732299082469e+03	1.730101707570167180e-01	1.068691459795801518e-01	3.006721248340195052e-01	1.902970542179457381e-01	8.860246468630127159e-02	4.039801299105260507e-02	1.001510265339735362e-01
2.104430042940048224e+03	1.723337817342334155e-01	1.063896336942032478e-01	3.011078685249000131e-01	1.905971531374244798e-01	8.873704557604074339e-02	4.049427062471879640e-02	1.003402467083688021e-01
2.118943353581013525e+03	1.716689438612420404e-01	1.059181647590296538e-01	3.015362319141743908e-01	1.908919619692421854e-01	8.886941104856883877e-02	4.058909665459728422e-02	1.005261897930351256e-01
2.133456664221980191e+03	1.710154579592303992e-01	1.054546055518398168e-01	3.019573448640804347e-01	1.911815726988523867e-01	8.899959644437246964e-02	4.068251046708039331e-02	1.007089120144335909e-01
2.147969974862945492e+03	1.703731283708728172e-01	1.049988246042328488e-01	3.023713348033644222e-01	1.914660757420008630e-01	8.912763657564101716e-02	4.077453125398632083e-02	1.008884686497912714e-01
2.162483285503912157e+03	1.697417628942054502e-01	1.045506925700835504e-01	3.027783267775617793e-01	1.917455599705520375e-01	8.925356573308644570e-02	4.086517801188364885e-02	1.010649140425166626e-01
2.176996596144877003e+03	1.691211727179099678e-01	1.041100821943079791e-01	3.031784434980926424e-01	1.920201127379276285e-01	8.937741769270668435e-02	4.095446954155058245e-02	1.012383016173941386e-01
2.191509906785843214e+03	1.685111723579684195e-01	1.036768682819425580e-01	3.035718053902032865e-01	1.922898199041614686e-01	8.949922572249204011e-02	4.104242444756271008e-02	1.014086838955591541e-01
2.206023217426809424e+03	1.679115795956543644e-01	1.032509276675411536e-01	3.039585306397862841e-01	1.925547658605747947e-01	8.961902258907418484e-02	4.112906113800333247e-02	1.015761125092555506e-01
2.220536528067775180e+03	1.673222154168252929e-01	1.028321391848942279e-01	3.043387352391085932e-01	1.928150335540768368e-01	8.973684056431741052e-02	4.121439782429053844e-02	1.017406382163767581e-01
2.235049838708740936e+03	1.667429039524837009e-01	1.024203836370735365e-01	3.047125330314779390e-01	1.930707045110946485e-01	8.985271143185180609e-02	4.129845252111551124e-02	1.019023109147925293e-01
2.249563149349706237e+03	1.661734724205738145e-01	1.020155437668053139e-01	3.050800357548753561e-01	1.933218588611369526e-01	8.996666649354807810e-02	4.138124304648675006e-02	1.020611796564633716e-01
2.264076459990672902e+03	1.656137510689834891e-01	1.016175042271747209e-01	3.054413530845825897e-01	1.935685753599960257e-01	9.007873657593369610e-02	4.146278702187504439e-02	1.022172926613441057e-01
2.278589770631638203e+03	1.650635731197207523e-01	1.012261515526636096e-01	3.057965926748296148e-01	1.938109314125922578e-01	9.018895203655014070e-02	4.154310187245426750e-02	1.023706973310790358e-01
2.293103081272604413e+03	1.645227747142358199e-01	1.008413741305234229e-01	3.061458601994898054e-01	1.940490030954657719e-01	9.029734277025103228e-02	4.162220482743327760e-02	1.025214402624905347e-01
2.307616391913570169e+03	1.639911948598601066e-01	1.004630621724847267e-01	3.064892593918474017e-01	1.942828651789191563e-01	9.040393821544086272e-02	4.170011292047431234e-02	1.026695672608631676e-01
2.322129702554535925e+03	1.634686753773350876e-01	1.000911076868043342e-01	3.068268920834610891e-01	1.945125911488160553e-01	9.050876736025423308e-02	4.177684299019349123e-02	1.028151233530254921e-01
2.336643013195502135e+03	1.629550608494041430e-01	9.972540445065083969e-02	3.071588582421486691e-01	1.947382532280396428e-01	9.061185874867533352e-02	4.185241168073927653e-02	1.029581528002319057e-01
2.351156323836467891e+03	1.624501985704416285e-01	9.936584798282907527e-02	3.074852560091147491e-01	1.949599223976155316e-01	9.071324048659763772e-02	4.192683544244473620e-02	1.030986991108465145e-01
2.365669634477433647e+03	1.619539384970942186e-01	9.901233551684354706e-02	3.078061817352442109e-01	1.951776684175031140e-01	9.081294024782363139e-02	4.200013053254979256e-02	1.032368050528313513e-01
2.380182945118399402e+03	1.614661331999103777e-01	9.866476597430069717e-02	3.081217300165831063e-01	1.953915598470602200e-01	9.091098528000444989e-02	4.207231301598962636e-02	1.033725126660414301e-01
2.394696255759364703e+03	1.609866378159341693e-01	9.832303993864979774e-02	3.084319937290277980e-01	1.956016640651844496e-01	9.100740241051942514e-02	4.214339876624570436e-02	1.035058632743285634e-01
2.409209566400331823e+03	1.605153100022408408e-01	9.798705962926171353e-02	3.087370640622428830e-01	1.958080472901364832e-01	9.110221805229547221e-02	4.221340346625596096e-02	1.036368974974565538e-01
2.423722877041296670e+03	1.600520098903918942e-01	9.765672887584481154e-02	3.090370305528274963e-01	1.960107745990487260e-01	9.119545820956627413e-02	4.228234260938076167e-02	1.037656552628299228e-01
2.438236187682262880e+03	1.595966000417882169e-01	9.733195309319681021e-02	3.093319811167494215e-01	1.962099099471240060e-01	9.128714848357129263e-02	4.235023150042151879e-02	1.038921758170385790e-01
2.452749498323228636e+03	1.591489454039003715e-01	9.701263925629166618e-02	3.096220020810652729e-01	1.964055161865284060e-01	9.137731407819456309e-02	4.241708525668885094e-02	1.040164977372207422e-01
2.467262808964194392e+03	1.587089132673558112e-01	9.669869587569958347e-02	3.099071782149451781e-01	1.965976550849821702e-01	9.146597980554335705e-02	4.248291880911732321e-02	1.041386589422464287e-01
2.481776119605160602e+03	1.582763732238634535e-01	9.639003297333914588e-02	3.101875927600193372e-01	1.967863873440532652e-01	9.155317009146683727e-02	4.254774690342402049e-02	1.042586967037238688e-01
2.496289430246126358e+03	1.578511971249561552e-01	9.608656205855928278e-02	3.104633274600634429e-01	1.969717726171570926e-01	9.163890898101462179e-02	4.261158410130817809e-02	1.043766476568312174e-01
2.510802740887092114e+03	1.574332590415330746e-01	9.578819610454959721e-02	3.107344625900396173e-01	1.971538695272672115e-01	9.172322014383552102e-02	4.267444478168925387e-02	1.044925478109757777e-01
2.525316051528057415e+03	1.570224352241833543e-01	9.549484952507671098e-02	3.110010769845088507e-01	1.973327356843403713e-01	9.180612687951646145e-02	4.273634314198099249e-02	1.046064325602832634e-01
2.539829362169024080e+03	1.566186040642738864e-01	9.520643815154475331e-02	3.112632480654309863e-01	1.975084277024602986e-01	9.188765212286180428e-02	4.279729319939909460e-02	1.047183366939191812e-01
2.554342672809989381e+03	1.562216460557841191e-01	9.492287921037750875e-02	3.115210518693662389e-01	1.976810012167042052e-01	9.196781844911310067e-02	4.285730879230008339e-02	1.048282944062447902e-01
2.568855983450955591e+03	1.558314437578710854e-01	9.464409130071987919e-02	3.117745630740944573e-01	1.978505108997357653e-01	9.204664807910964419e-02	4.291640358154931445e-02	1.049363393068099004e-01
2.583369294091921347e+03	1.554478817581489702e-01	9.436999437245634226e-02	3.120238550246652864e-01	1.980170104781288631e-01	9.212416288438982082e-02	4.297459105191592244e-02	1.050425044301847993e-01
2.597882604732887103e+03	1.550708466366671479e-01	9.410050970454357511e-02	3.122689997588940503e-01	1.981805527484254148e-01	9.220038439223360305e-02	4.303188451349267835e-02	1.051468222456335561e-01
2.612395915373853313e+03	1.547002269305714772e-01	9.383555988365481493e-02	3.125100680323159019e-01	1.983411895929317603e-01	9.227533379064631336e-02	4.308829710313887701e-02	1.052493246666309085e-01
2.626909226014819069e+03	1.543359130994343409e-01	9.357506878313306964e-02	3.127471293426122290e-01	1.984989719952570675e-01	9.234903193328386495e-02	4.314384178594433267e-02	1.053500430602250931e-01
2.641422536655784825e+03	1.539777974912387160e-01	9.331896154225047257e-02	3.129802519535216931e-01	1.986539500555975779e-01	9.242149934431995173e-02	4.319853135671272021e-02	1.054490082562487691e-01
2.655935847296750580e+03	1.536257743090021499e-01	9.306716454577095010e-02	3.132095029182481727e-01	1.988061730057705256e-01	9.249275622325517365e-02	4.325237844146263139e-02	1.055462505563802278e-01
2.670449157937716336e+03	1.532797395780271799e-01	9.281960540381298252e-02	3.134349481023781525e-01	1.989556892240013919e-01	9.256282244966855532e-02	4.330539549894452805e-02	1.056417997430570410e-01
2.684962468578682547e+03	1.529395911137648723e-01	9.257621293200998802e-02	3.136566522063185536e-01	1.991025462494681597e-01	9.263171758791166610e-02	4.335759482217228789e-02	1.057356850882443938e-01
2.699475779219648302e+03	1.526052284902781331e-01	9.233691713196476303e-02	3.138746787872673805e-01	1.992467907966061769e-01	9.269946089174568860e-02	4.340898853996757317e-02	1.058279353620602270e-01
2.713989089860614058e+03	1.522765530092926589e-01	9.210164917199537005e-02	3.140890902807275120e-01	1.993884687691774571e-01	9.276607130892176867e-02	4.345958861851587085e-02	1.059185788412593116e-01
2.728502400501579814e+03	1.519534676698229836e-01	9.187034136816908669e-02	3.142999480215747377e-01	1.995276252741074452e-01	9.283156748570493833e-02	4.350940686293255227e-02	1.060076433175782262e-01
2.743015711142545115e+03	1.516358771383613802e-01	9.164292716562137675e-02	3.145073122646903085e-01	1.996643046350934925e-01	9.289596777134187522e-02	4.355845491883795356e-02	1.060951561059436110e-01
2.757529021783511780e+03	1.513236877196182939e-01	9.141934112015676073e-02	3.147112422051687730e-01	1.997985504059877904e-01	9.295929022247306772e-02	4.360674427393990138e-02	1.061811440525454453e-01
2.772042332424477081e+03	1.510168073278028711e-01	9.119951888012832464e-02	3.149117959981102000e-01	1.999304053839587314e-01	9.302155260748948273e-02	4.365428625962280290e-02	1.062656335427775850e-01
2.786555643065443292e+03	1.507151454584319816e-01	9.098339716859277226e-02	3.151090307780075594e-01	2.000599116224339169e-01	9.308277241083431908e-02	4.370109205254191914e-02	1.063486505090475293e-01
2.801068953706408593e+03	1.504186131606576882e-01	9.077091376573769022e-02	3.153030026777371986e-01	2.001871104438280591e-01	9.314296683725012405e-02	4.374717267622187100e-02	1.064302204384573736e-01
2.815582264347374803e+03	1.501271230101017262e-01	9.056200749157782004e-02	3.154937668471632373e-01	2.003120424520592469e-01	9.320215281597160617e-02	4.379253900265835109e-02	1.065103683803579476e-01
2.830095574988341014e+03	1.498405890821876696e-01	9.035661818891721486e-02	3.156813774713634890e-01	2.004347475448567950e-01	9.326034700486468543e-02	4.383720175392192414e-02	1.065891189537781503e-01
2.844608885629306769e+03	1.495589269259593734e-01	9.015468670657392214e-02	3.158658877884862326e-01	2.005552649258639797e-01	9.331756579451204459e-02	4.388117150376312503e-02	1.066664963547312300e-01
2.859122196270272525e+03	1.492820535383775349e-01	8.995615488286390349e-02	3.160473501072460500e-01	2.006736331165387965e-01	9.337382531224563964e-02	4.392445867921786901e-02	1.067425243634001347e-01
2.873635506911238281e+03	1.490098873390831857e-01	8.976096552934115236e-02	3.162258158240673356e-01	2.007898899678557114e-01	9.342914142612666895e-02	4.396707356221234847e-02	1.068172263512035952e-01
2.888148817552204036e+03	1.487423481456198737e-01	8.956906241479047071e-02	3.164013354398826916e-01	2.009040726718120951e-01	9.348352974887322309e-02	4.400902629116660442e-02	1.068906252877450253e-01
2.902662128193170247e+03	1.484793571491050956e-01	8.938039024946996258e-02	3.165739585765949826e-01	2.010162177727417565e-01	9.353700564173625387e-02	4.405032686259600927e-02	1.069627437476458748e-01
2.917175438834136003e+03	1.482208368903415452e-01	8.919489466959984458e-02	3.167437339932102636e-01	2.011263611784389338e-01	9.358958421832422325e-02	4.409098513270987008e-02	1.070336039172652548e-01
2.931688749475101758e+03	1.479667112363605153e-01	8.901252222209431186e-02	3.169107096016481884e-01	2.012345381710958503e-01	9.364128034837666814e-02	4.413101081900655531e-02	1.071032276013079015e-01
2.946202060116067514e+03	1.477169053573877122e-01	8.883322034953339275e-02	3.170749324822386694e-01	2.013407834180564460e-01	9.369210866148763861e-02	4.417041350186438897e-02	1.071716362293217706e-01
2.960715370757033725e+03	1.474713457042243769e-01	8.865693737537146124e-02	3.172364488989106723e-01	2.014451309823896974e-01	9.374208355077871813e-02	4.420920262612772905e-02	1.072388508620873981e-01
2.975228681397999480e+03	1.472299599860347752e-01	8.848362248937929886e-02	3.173953043140801400e-01	2.015476143332848302e-01	9.379121917652283313e-02	4.424738750268761289e-02	1.073048921979006115e-01
2.989741992038964781e+03	1.469926771485322858e-01	8.831322573331658321e-02	3.175515434032440409e-01	2.016482663562716993e-01	9.383952946971876874e-02	4.428497731005647670e-02	1.073697805787502402e-01
3.004255302679930992e+03	1.467594273525567594e-01	8.814569798683138946e-02	3.177052100692871472e-01	2.017471193632690007e-01	9.388702813561704275e-02	4.432198109593627616e-02	1.074335359963924930e-01
3.018768613320896748e+03	1.465301419530349314e-01	8.798099095358401234e-02	3.178563474565070379e-01	2.018442051024630091e-01	9.393372865719765152e-02	4.435840777877966129e-02	1.074961780983237636e-01
3.033281923961862958e+03	1.463047534783170900e-01	8.781905714759151438e-02	3.180049979643647107e-01	2.019395547680197522e-01	9.397964429860003466e-02	4.439426614934357390e-02	1.075577261936533774e-01
3.047795234602828714e+03	1.460831956098822271e-01	8.765984987979033582e-02	3.181512032609657981e-01	2.020331990096330133e-01	9.402478810850579960e-02	4.442956487223496259e-02	1.076181992588778891e-01
3.062308545243794470e+03	1.458654031624052050e-01	8.750332324481355228e-02	3.182950042962788273e-01	2.021251679419111269e-01	9.406917292347465043e-02	4.446431248744813630e-02	1.076776159435585689e-01
3.076821855884760225e+03	1.456513120641783066e-01	8.734943210797994906e-02	3.184364413150959638e-01	2.022154911536049315e-01	9.411281137123399254e-02	4.449851741189323612e-02	1.077359945759037013e-01
3.091335166525725526e+03	1.454408593378809789e-01	8.719813209249181740e-02	3.185755538697423450e-01	2.023041977166796512e-01	9.415571587392267128e-02	4.453218794091567956e-02	1.077933531682568891e-01
3.105848477166692192e+03	1.452339830816910815e-01	8.704937956683848899e-02	3.187123808325385554e-01	2.023913161952331785e-01	9.419789865128928852e-02	4.456533224980605001e-02	1.078497094224934172e-01
3.120361787807657493e+03	1.450306224507307840e-01	8.690313163240261096e-02	3.188469604080224062e-01	2.024768746542628950e-01	9.423937172384565242e-02	4.459795839530015377e-02	1.079050807353256203e-01
3.134875098448624158e+03	1.448307176388411166e-01	8.675934611126624729e-02	3.189793301449344587e-01	2.025609006682843882e-01	9.428014691597581820e-02	4.463007431706893235e-02	1.079594842035191682e-01
3.149388409089589004e+03	1.446342098606790416e-01	8.661798153421386426e-02	3.191095269479732877e-01	2.026434213298035081e-01	9.432023585900105311e-02	4.466168783919795271e-02	1.080129366290214360e-01
3.163901719730555214e+03	1.444410413341306321e-01	8.647899712892938295e-02	3.192375870893245371e-01	2.027244632576445660e-01	9.435964999420139165e-02	4.469280667165619059e-02	1.080654545240034708e-01
