2.757529021783511780e+02	4.880517740248521696e-01	3.048090849326447471e-01	9.014785951666008657e-02	5.153042083485399188e-02	3.421649978706340495e-02	1.108888795382777584e-02	2.015547294998637842e-02
2.805906723920064678e+02	4.858682409789573664e-01	3.036533714305609810e-01	9.167366587212359696e-02	5.249170147716542695e-02	3.455398231614874305e-02	1.120669222004910121e-02	2.055234570488340129e-02
2.854284426056617008e+02	4.836996145449647400e-01	3.025023448698688222e-01	9.318802784506829973e-02	5.344512436332894689e-02	3.488930579078679955e-02	1.132468767345929869e-02	2.095089491241174107e-02
2.902662128193169337e+02	4.815457728983045249e-01	3.013560042296123953e-01	9.469105696497134850e-02	5.439082067685711147e-02	3.522249801762428190e-02	1.144286359278481532e-02	2.135098361973419845e-02
2.951039830329722804e+02	4.794065954460946521e-01	3.002143482065360303e-01	9.618286317758679982e-02	5.532891781868613107e-02	3.555358607058289877e-02	1.156120944018607447e-02	2.175247984021613096e-02
2.999417532466276270e+02	4.772819628127388247e-01	2.990773752176162925e-01	9.766355487789390999e-02	5.625953953270225461e-02	3.588259631441747394e-02	1.167971485828551981e-02	2.215525638623441762e-02
3.047795234602828600e+02	4.751717568256920154e-01	2.979450834026828310e-01	9.913323894215982091e-02	5.718280602703477988e-02	3.620955442749609204e-02	1.179836966725285839e-02	2.255919070757035280e-02
3.096172936739380930e+02	4.730758605013926088e-01	2.968174706271204388e-01	1.005920207591432802e-01	5.809883409125812109e-02	3.653448542382825570e-02	1.191716386194613571e-02	2.296416473519994478e-02
3.144550638875934396e+02	4.709941580313607434e-01	2.956945344846473867e-01	1.020400042604658053e-01	5.900773720964067742e-02	3.685741367436579791e-02	1.203608760910724815e-02	2.337006473030121476e-02
3.192928341012487294e+02	4.689265347684594687e-01	2.945762723001645877e-01	1.034772919501754651e-01	5.990962567057361854e-02	3.717836292760094002e-02	1.215513124461060045e-02	2.377678113830421214e-02
3.241306043149040192e+02	4.668728772133189375e-01	2.934626811326705442e-01	1.049039849335279689e-01	6.080460667230811606e-02	3.749735632948454633e-02	1.227428527076362789e-02	2.418420844781522458e-02
3.289683745285592522e+02	4.648330730009214151e-01	2.923537577782358565e-01	1.063201829450086122e-01	6.169278442512541455e-02	3.781441644268732083e-02	1.239354035365793603e-02	2.459224505425234089e-02
3.338061447422145420e+02	4.628070108873462707e-01	2.912494987730343543e-01	1.077259843756181029e-01	6.257426025005972947e-02	3.812956526522567197e-02	1.251288732056985223e-02	2.500079312803494755e-02
3.386439149558698318e+02	4.607945807366722879e-01	2.901499003964243539e-01	1.091214862994444729e-01	6.344913267429021231e-02	3.844282424847333263e-02	1.263231715740921815e-02	2.540975848717501318e-02
3.434816851695251216e+02	4.587956735080372939e-01	2.890549586740774890e-01	1.105067844995426818e-01	6.431749752331399062e-02	3.875421431457903854e-02	1.275182100621528349e-02	2.581905047412311888e-02
3.483194553831804114e+02	4.568101812428525532e-01	2.879646693811490632e-01	1.118819734931425502e-01	6.517944801000896682e-02	3.906375587331006871e-02	1.287139016269860450e-02	2.622858183672708773e-02
3.531572255968357013e+02	4.548379970521711502e-01	2.868790280454874275e-01	1.132471465562052970e-01	6.603507482069080614e-02	3.937146883834061195e-02	1.299101607382785808e-02	2.663826861316580252e-02
3.579949958104909342e+02	4.528790151042082490e-01	2.857980299508775524e-01	1.146023957473481791e-01	6.688446619826567130e-02	3.967737264300334049e-02	1.311069033546053211e-02	2.704803002072547063e-02
3.628327660241463377e+02	4.509331306120123450e-01	2.847216701403155747e-01	1.159478119311561223e-01	6.772770802257642442e-02	3.998148625552208624e-02	1.323040469001649302e-02	2.745778834828991807e-02
3.676705362378016275e+02	4.490002398212856183e-01	2.836499434193108238e-01	1.172834848008986047e-01	6.856488388803685941e-02	4.028382819374271701e-02	1.335015102419341917e-02	2.786746885242095961e-02
3.725083064514568036e+02	4.470802399983518360e-01	2.825828443592116046e-01	1.186095029006693918e-01	6.939607517864541941e-02	4.058441653937886612e-02	1.346992136672315286e-02	2.827699965690879530e-02
3.773460766651120935e+02	4.451730294182709713e-01	2.815203673005515217e-01	1.199259536469665238e-01	7.022136114046664823e-02	4.088326895178862053e-02	1.358970788616804988e-02	2.868631165567665092e-02
3.821838468787673833e+02	4.432785073530981501e-01	2.804625063564145093e-01	1.212329233497288078e-01	7.104081895166579341e-02	4.118040268129768977e-02	1.370950288875640369e-02	2.909533841892759237e-02
3.870216170924226162e+02	4.413965740602862065e-01	2.794092554158132402e-01	1.225304972328452036e-01	7.185452379017899516e-02	4.147583458208406459e-02	1.382929881625607517e-02	2.950401610242522205e-02
3.918593873060780197e+02	4.395271307712292908e-01	2.783606081470807458e-01	1.238187594541523828e-01	7.266254889909885828e-02	4.176958112463868139e-02	1.394908824388546055e-02	2.991228335980362571e-02
3.966971575197332527e+02	4.376700796799480875e-01	2.773165580012705855e-01	1.250977931249356301e-01	7.346496564985224853e-02	4.206165840781619925e-02	1.406886387826097873e-02	3.032008125780539035e-02
4.015349277333884856e+02	4.358253239319124228e-01	2.762770982155642319e-01	1.263676803289477957e-01	7.426184360324510070e-02	4.235208217048937879e-02	1.418861855538025574e-02	3.072735319434993784e-02
4.063726979470438323e+02	4.339927676130023171e-01	2.752422218166828971e-01	1.276285021409600262e-01	7.505325056844579235e-02	4.264086780282022593e-02	1.430834523864022746e-02	3.113404481933763901e-02
4.112104681606991221e+02	4.321723157386042069e-01	2.742119216243011359e-01	1.288803386448586219e-01	7.583925265997684684e-02	4.292803035716061255e-02	1.442803701688939212e-02	3.154010395809837830e-02
4.160482383743544119e+02	4.303638742428418928e-01	2.731861902544605591e-01	1.301232689513002749e-01	7.661991435278217577e-02	4.321358455859457270e-02	1.454768710251345618e-02	3.194548053739628551e-02
4.208860085880095880e+02	4.285673499679403253e-01	2.721650201229814936e-01	1.313573712149396500e-01	7.739529853543464233e-02	4.349754481513418841e-02	1.466728882955366936e-02	3.235012651390524463e-02
4.257237788016648778e+02	4.267826506537208964e-01	2.711484034488704231e-01	1.325827226512407420e-01	7.816546656154670092e-02	4.377992522758051425e-02	1.478683565185713068e-02	3.275399580507278030e-02
4.305615490153201677e+02	4.250096849272267385e-01	2.701363322577213788e-01	1.337993995528846680e-01	7.893047829944499494e-02	4.406073959906059434e-02	1.490632114125837147e-02	3.315704422229247272e-02
4.353993192289755143e+02	4.232483622924764211e-01	2.691287983851096133e-01	1.350074773057851063e-01	7.969039218016717163e-02	4.434000144425136875e-02	1.502573898579155805e-02	3.355922940630792772e-02
4.402370894426308041e+02	4.214985931203451552e-01	2.681257934799759490e-01	1.362070304047231506e-01	8.044526524383777133e-02	4.461772399830066932e-02	1.514508298793267559e-02	3.396051076477380609e-02
4.450748596562860939e+02	4.197602886385714549e-01	2.671273090079995804e-01	1.373981324686119609e-01	8.119515318447780017e-02	4.489392022545554001e-02	1.526434706287102018e-02	3.436084941190180320e-02
4.499126298699413837e+02	4.180333609218880309e-01	2.661333362549589965e-01	1.385808562554022016e-01	8.194011039330095780e-02	4.516860282740736005e-02	1.538352523680943003e-02	3.476020811012214828e-02
4.547504000835967304e+02	4.163177228822755871e-01	2.651438663300784704e-01	1.397552736766383419e-01	8.268019000054760426e-02	4.544178425136322086e-02	1.550261164529262783e-02	3.515855121369328151e-02
4.595881702972519065e+02	4.146132882593382418e-01	2.641588901693591174e-01	1.409214558116757832e-01	8.341544391590569041e-02	4.571347669785265355e-02	1.562160053156308286e-02	3.555584461419459413e-02
4.644259405109071963e+02	4.129199716107989082e-01	2.631783985388934655e-01	1.420794729215684449e-01	8.414592286756668316e-02	4.598369212827835284e-02	1.574048624494385137e-02	3.595205568783955974e-02
4.692637107245624861e+02	4.112376883031130803e-01	2.622023820381623183e-01	1.432293944626359949e-01	8.487167643996225419e-02	4.625244227221940452e-02	1.585926323924782486e-02	3.634715324454838858e-02
4.741014809382177759e+02	4.095663545022003027e-01	2.612308311033124109e-01	1.443712890997202458e-01	8.559275311022669641e-02	4.651973863449525987e-02	1.597792607121284111e-02	3.674110747872153665e-02
4.789392511518730657e+02	4.079058871642913808e-01	2.602637360104139708e-01	1.455052247191385983e-01	8.630920028342764505e-02	4.678559250199818692e-02	1.609646939896213977e-02	3.713388992165734398e-02
4.837770213655284124e+02	4.062562040268901109e-01	2.593010868786975731e-01	1.466312684413438594e-01	8.702106432660723645e-02	4.705001495030208120e-02	1.621488798048965549e-02	3.752547339555879075e-02
4.886147915791837022e+02	4.046172235998480859e-01	2.583428736737682918e-01	1.477494866332982604e-01	8.772839060167353376e-02	4.731301685005484536e-02	1.633317667216962338e-02	3.791583196907660769e-02
4.934525617928388783e+02	4.029888651565518565e-01	2.573890862107977018e-01	1.488599449205696423e-01	8.843122349718118835e-02	4.757460887316149883e-02	1.645133042729006803e-02	3.830494091433726822e-02
4.982903320064942250e+02	4.013710487252197812e-01	2.564397141576918449e-01	1.499627081991574129e-01	8.912960645903905688e-02	4.783480149876506021e-02	1.656934429460960034e-02	3.869277666540640176e-02
5.031281022201495148e+02	3.997636950803090117e-01	2.554947470382344377e-01	1.510578406470561852e-01	8.982358202018088378e-02	4.809360501903171825e-02	1.668721341693719246e-02	3.907931677813976379e-02
5.079658724338048046e+02	3.981667257340296140e-01	2.545541742352050996e-01	1.521454057355637879e-01	9.051319182923409090e-02	4.835102954474685549e-02	1.680493302973436187e-02	3.946453989137545249e-02
5.128036426474600376e+02	3.965800629279656042e-01	2.536179849934716013e-01	1.532254662403411682e-01	9.119847667822071624e-02	4.860708501072812104e-02	1.692249845973939348e-02	3.984842568942262298e-02
5.176414128611153274e+02	3.950036296248015111e-01	2.526861684230557459e-01	1.542980842522305718e-01	9.187947652932314246e-02	4.886178118106161011e-02	1.703990512361315199e-02	4.023095486580351154e-02
5.224791830747705035e+02	3.934373495001523002e-01	2.517587135021718270e-01	1.553633211878389375e-01	9.255623054074632594e-02	4.911512765416696513e-02	1.715714852660605097e-02	4.061210908820687970e-02
5.273169532884259070e+02	3.918811469344967713e-01	2.508356090802373872e-01	1.564212377998926151e-01	9.322877709170700189e-02	4.936713386769710915e-02	1.727422426124581092e-02	4.099187096461257701e-02
5.321547235020811968e+02	3.903349470052120962e-01	2.499168438808563042e-01	1.574718941873698430e-01	9.389715380657949473e-02	4.961780910327794059e-02	1.739112800604555517e-02	4.137022401054808729e-02
5.369924937157364866e+02	3.887986754787084442e-01	2.490024065047725943e-01	1.585153498054169552e-01	9.456139757822669412e-02	4.986716249109340166e-02	1.750785552423191754e-02	4.174715261743936617e-02
5.418302639293917764e+02	3.872722588026631385e-01	2.480922854327955451e-01	1.595516634750538676e-01	9.522154459054375797e-02	5.011520301432093039e-02	1.762440266249272816e-02	4.212264202201943669e-02
5.466680341430470662e+02	3.857556240983519569e-01	2.471864690286954824e-01	1.605808933926750059e-01	9.587763034024118780e-02	5.036193951342228525e-02	1.774076534974393729e-02	4.249667827675953496e-02
5.515058043567023560e+02	3.842486991530776885e-01	2.462849455420695055e-01	1.616030971393506710e-01	9.652968965789303357e-02	5.060738069029444702e-02	1.785693959591541646e-02	4.286924822128866663e-02
5.563435745703576458e+02	3.827514124126935036e-01	2.453877031111772744e-01	1.626183316899343090e-01	9.717775672827523581e-02	5.085153511228526768e-02	1.797292149075527257e-02	4.324033945476859347e-02
5.611813447840129356e+02	3.812636929742209135e-01	2.444947297657464602e-01	1.636266534219810165e-01	9.782186511001789153e-02	5.109441121607834202e-02	1.808870720265235224e-02	4.360994030919251863e-02
5.660191149976681118e+02	3.797854705785604357e-01	2.436060134297474422e-01	1.646281181244821368e-01	9.846204775459513336e-02	5.133601731145127911e-02	1.820429297747657230e-02	4.397803982357655073e-02
5.708568852113234016e+02	3.783166756032944611e-01	2.427215419241371408e-01	1.656227810064206107e-01	9.909833702467452099e-02	5.157636158491173128e-02	1.831967513743677431e-02	4.434462771901422767e-02
5.756946554249786914e+02	3.768572390555806617e-01	2.418413029695722083e-01	1.666106967051521337e-01	9.973076471184819103e-02	5.181545210321508721e-02	1.843485007995578420e-02	4.470969437456541462e-02
5.805324256386339812e+02	3.754070925651347146e-01	2.409652841890904118e-01	1.675919192946164760e-01	1.003593620537662490e-01	5.205329681676770792e-02	1.854981427656234028e-02	4.507323080395162634e-02
5.853701958522892710e+02	3.739661683773018996e-01	2.400934731107609299e-01	1.685665022933833523e-01	1.009841597506931643e-01	5.228990356291959157e-02	1.866456427179960520e-02	4.543522863303104536e-02
5.902079660659445608e+02	3.725343993462155723e-01	2.392258571703034797e-01	1.695344986725371705e-01	1.016051879815062231e-01	5.252528006914999881e-02	1.877909668214998440e-02	4.579568007802713170e-02
5.950457362795999643e+02	3.711117189280424000e-01	2.383624237136754143e-01	1.704959608634050439e-01	1.022224764191554808e-01	5.275943395614959147e-02	1.889340819497588655e-02	4.615457792448578872e-02
5.998835064932552541e+02	3.696980611743121425e-01	2.375031599996273446e-01	1.714509407651316486e-01	1.028360542456030063e-01	5.299237274080255411e-02	1.900749556747625274e-02	4.651191550693679899e-02
6.047212767069104302e+02	3.682933607253315866e-01	2.366480532022272876e-01	1.723994897521052005e-01	1.034459501662594039e-01	5.322410383907184850e-02	1.912135562565845867e-02	4.686768668923601416e-02
6.095590469205657200e+02	3.668975528036818035e-01	2.357970904133528667e-01	1.733416586812383531e-01	1.040521924239347085e-01	5.345463456879099434e-02	1.923498526332541314e-02	4.722188584556571977e-02
6.143968171342210098e+02	3.655105732077969516e-01	2.349502586451517328e-01	1.742774978991074586e-01	1.046548088123198106e-01	5.368397215236520720e-02	1.934838144107754385e-02	4.757450784207115785e-02
6.192345873478761860e+02	3.641323583056240709e-01	2.341075448324706210e-01	1.752070572489539679e-01	1.052538266890146873e-01	5.391212371938512715e-02	1.946154118532942429e-02	4.792554801911203671e-02
6.240723575615315895e+02	3.627628450283624240e-01	2.332689358352523223e-01	1.761303860775513819e-01	1.058492729881186922e-01	5.413909630915578197e-02	1.957446158734074682e-02	4.827500217410858607e-02
6.289101277751868793e+02	3.614019708642821072e-01	2.324344184409011804e-01	1.770475332419411962e-01	1.064411742323978921e-01	5.436489687314374764e-02	1.968713980226148574e-02	4.862286654496229127e-02
6.337478979888421691e+02	3.600496738526201002e-01	2.316039793666170576e-01	1.779585471160409493e-01	1.070295565450434805e-01	5.458953227734512220e-02	1.979957304819090352e-02	4.896913779403228029e-02
6.385856682024975726e+02	3.587058925775529761e-01	2.307776052616977436e-01	1.788634755971277024e-01	1.076144456610356875e-01	5.481300930457689430e-02	1.991175860525024738e-02	4.931381299264867013e-02
6.434234384161527487e+02	3.573705661622457175e-01	2.299552827098097496e-01	1.797623661121999783e-01	1.081958669381261617e-01	5.503533465669425973e-02	2.002369381466883799e-02	4.965688960614521308e-02
6.482612086298080385e+02	3.560436342629751949e-01	2.291369982312279896e-01	1.806552656242212673e-01	1.087738453674520073e-01	5.525651495673634950e-02	2.013537607788339068e-02	4.999836547939374987e-02
6.530989788434633283e+02	3.547250370633274197e-01	2.283227382850441523e-01	1.815422206382476533e-01	1.093484055837939395e-01	5.547655675100263140e-02	2.024680285565028451e-02	5.033823882282395523e-02
6.579367490571185044e+02	3.534147152684674609e-01	2.275124892713439317e-01	1.824232772074429187e-01	1.099195718754906875e-01	5.569546651106237894e-02	2.035797166717060944e-02	5.067650819891200697e-02
6.627745192707737942e+02	3.521126100994820818e-01	2.267062375333534219e-01	1.832984809389833769e-01	1.104873681940213570e-01	5.591325063569927561e-02	2.046888008922772423e-02	5.101317250912279500e-02
6.676122894844290840e+02	3.508186632877921540e-01	2.259039693595545073e-01	1.841678769998554011e-01	1.110518181632669105e-01	5.612991545279341632e-02	2.057952575533720727e-02	5.134823098129039087e-02
6.724500596980843738e+02	3.495328170696362924e-01	2.251056709857696958e-01	1.850315101225481207e-01	1.116129450884619789e-01	5.634546722114269074e-02	2.068990635490889490e-02	5.168168315742227570e-02
6.772878299117396637e+02	3.482550141806229349e-01	2.243113285972164750e-01	1.858894246106437831e-01	1.121707719648471768e-01	5.655991213222549135e-02	2.080001963242089288e-02	5.201352888191321938e-02
6.821256001253949535e+02	3.469851978503508128e-01	2.235209283305313599e-01	1.867416643443082225e-01	1.127253214860324398e-01	5.677325631190681399e-02	2.090986338660528326e-02	5.234376829015514182e-02
6.869633703390502433e+02	3.457233117970968106e-01	2.227344562757635482e-01	1.875882727856839349e-01	1.132766160520810167e-01	5.698550582208949944e-02	2.101943546964544357e-02	5.267240179752981366e-02
6.918011405527055331e+02	3.444693002225705514e-01	2.219518984783391269e-01	1.884292929841878961e-01	1.138246777773237878e-01	5.719666666231239260e-02	2.112873378638465902e-02	5.299943008877167072e-02
6.966389107663608229e+02	3.432231078067341512e-01	2.211732409409949418e-01	1.892647675817164810e-01	1.143695284979129451e-01	5.740674477129729253e-02	2.123775629354597572e-02	5.332485410768835615e-02
7.014766809800161127e+02	3.419846797026869778e-01	2.203984696256833520e-01	1.900947388177594011e-01	1.149111897791240400e-01	5.761574602844622001e-02	2.134650099896302777e-02	5.364867504722718033e-02
7.063144511936714025e+02	3.407539615316140802e-01	2.196275704554475072e-01	1.909192485344254064e-01	1.154496829224148646e-01	5.782367625529079985e-02	2.145496596082168902e-02	5.397089433987587587e-02
7.111522214073266923e+02	3.395308993777981232e-01	2.188605293162674825e-01	1.917383381813806964e-01	1.159850289722496736e-01	5.803054121689512485e-02	2.156314928691237601e-02	5.429151364838670502e-02
7.159899916209819821e+02	3.383154397836929950e-01	2.180973320588775743e-01	1.925520488207036196e-01	1.165172487226963927e-01	5.823634662321384298e-02	2.167104913389284945e-02	5.461053485681293534e-02
7.208277618346371582e+02	3.371075297450591979e-01	2.173379645005548144e-01	1.933604211316557464e-01	1.170463627238048920e-01	5.844109813040674478e-02	2.177866370656133047e-02	5.492796006184749030e-02
7.256655320482924481e+02	3.359071167061596364e-01	2.165824124268793116e-01	1.941634954153728110e-01	1.175723912877736504e-01	5.864480134211144668e-02	2.188599125713976482e-02	5.524379156445363009e-02
7.305033022619478515e+02	3.347141485550152451e-01	2.158306615934660611e-01	1.949613115994764667e-01	1.180953544949119999e-01	5.884746181067541243e-02	2.199303008456708966e-02	5.555803186177793451e-02
7.353410724756030277e+02	3.335285736187197925e-01	2.150826977276691365e-01	1.957539092426089367e-01	1.186152721994050419e-01	5.904908503834868649e-02	2.209977853380236737e-02	5.587068363933628268e-02
7.401788426892584312e+02	3.323503406588125264e-01	2.143385065302579606e-01	1.965413275388920300e-01	1.191321640348878275e-01	5.924967647843869256e-02	2.220623499513757482e-02	5.618174976346365646e-02
7.450166129029136073e+02	3.311793988667087185e-01	2.135980736770661803e-01	1.973236053223126341e-01	1.196460494198354763e-01	5.944924153642823506e-02	2.231239790351994753e-02	5.649123327401907313e-02
7.498543831165690108e+02	3.300156978591866075e-01	2.128613848206134807e-01	1.981007810710359862e-01	1.201569475627753403e-01	5.964778557105800821e-02	2.241826573788371912e-02	5.679913737733711249e-02
7.546921533302243006e+02	3.288591876739303532e-01	2.121284255917002537e-01	1.988728929116485022e-01	1.206648774673275137e-01	5.984531389537466745e-02	2.252383702049113798e-02	5.710546543941787817e-02
7.595299235438793630e+02	3.277098187651281691e-01	2.113991816009756775e-01	1.996399786233314932e-01	1.211698579370792811e-01	6.004183177774572583e-02	2.262911031628253924e-02	5.741022097934742746e-02
7.643676937575347665e+02	3.265675419991252437e-01	2.106736384404793438e-01	2.004020756419676308e-01	1.216719075802994987e-01	6.023734444284221251e-02	2.273408423223542349e-02	5.771340766294102281e-02
7.692054639711900563e+02	3.254323086501297868e-01	2.099517816851569907e-01	2.011592210641811040e-01	1.221710448144980310e-01	6.043185707259029343e-02	2.283875741673238591e-02	5.801502929660184993e-02
7.740432341848452324e+02	3.243040703959727544e-01	2.092335968943498659e-01	2.019114516513136059e-01	1.226672878708358616e-01	6.062537480709278420e-02	2.294312855893769834e-02	5.831508982138793734e-02
7.788810043985006359e+02	3.231827793139194771e-01	2.085190696132588895e-01	2.026588038333368980e-01	1.231606547983908478e-01	6.081790274552152653e-02	2.304719638818251287e-02	5.861359330728046352e-02
7.837187746121558121e+02	3.220683878765330799e-01	2.078081853743831420e-01	2.034013137127036186e-01	1.236511634682839478e-01	6.100944594698167606e-02	2.315095967335848229e-02	5.891054394764669994e-02
7.885565448258112156e+02	3.209608489475889725e-01	2.071009296989336779e-01	2.041390170681375293e-01	1.241388315776709023e-01	6.120000943134872029e-02	2.325441722231970029e-02	5.920594605389112308e-02
7.933943150394665054e+02	3.198601157780395776e-01	2.063972880982221092e-01	2.048719493583646412e-01	1.246236766536038681e-01	6.138959818007917735e-02	2.335756788129284001e-02	5.949980405028842956e-02
7.982320852531219089e+02	3.187661420020282410e-01	2.056972460750248755e-01	2.056001457257864151e-01	1.251057160567674298e-01	6.157821713699582200e-02	2.346041053429536588e-02	5.979212246899249378e-02
8.030698554667769713e+02	3.176788816329527698e-01	2.050007891249231995e-01	2.063236410000960086e-01	1.255849669850933048e-01	6.176587120904827172e-02	2.356294410256170799e-02	6.008290594521533551e-02
8.079076256804323748e+02	3.165982890595768762e-01	2.043079027376190349e-01	2.070424697018391769e-01	1.260614464772580878e-01	6.195256526704976535e-02	2.366516754397723563e-02	6.037215921257044204e-02
8.127453958940876646e+02	3.155243190421891941e-01	2.036185723982273932e-01	2.077566660459205239e-01	1.265351714160675989e-01	6.213830414639084920e-02	2.376707985252000249e-02	6.065988709857508820e-02
8.175831661077428407e+02	3.144569267088095921e-01	2.029327835885450237e-01	2.084662639450566290e-01	1.270061585317322772e-01	6.232309264773078228e-02	2.386868005771007259e-02	6.094609452030622793e-02
8.224209363213982442e+02	3.133960675514418925e-01	2.022505217882961670e-01	2.091712970131769100e-01	1.274744244050368958e-01	6.250693553766741017e-02	2.396996722406634361e-02	6.123078648020498921e-02
8.272587065350534203e+02	3.123416974223719444e-01	2.015717724763551877e-01	2.098717985687734711e-01	1.279399854704084127e-01	6.268983754938610431e-02	2.407094045057077414e-02	6.151396806202475559e-02
8.320964767487085965e+02	3.112937725305113257e-01	2.008965211319466981e-01	2.105678016382004636e-01	1.284028580188855129e-01	6.287180338328861307e-02	2.417159887013987235e-02	6.179564442691808102e-02
8.369342469623640000e+02	3.102522494377855100e-01	2.002247532358233661e-01	2.112593389589249859e-01	1.288630582009932246e-01	6.305283770760231055e-02	2.427194164910339430e-02	6.207582080965785842e-02
8.417720171760191761e+02	3.092170850555657213e-01	1.995564542714214906e-01	2.119464429827291052e-01	1.293206020295253611e-01	6.323294515897064094e-02	2.437196798669008166e-02	6.235450251498821095e-02
8.466097873896745796e+02	3.081882366411446972e-01	1.988916097259949833e-01	2.126291458788654998e-01	1.297755053822389482e-01	6.341213034302524421e-02	2.447167711452038694e-02	6.263169491410089385e-02
8.514475576033297557e+02	3.071656617942546408e-01	1.982302050917275626e-01	2.133074795371662502e-01	1.302277840044626656e-01	6.359039783494047082e-02	2.457106829610608903e-02	6.290740344123298133e-02
8.562853278169851592e+02	3.061493184536279721e-01	1.975722258668239362e-01	2.139814755711068328e-01	1.306774535116227987e-01	6.376775217997071588e-02	2.467014082635664990e-02	6.318163359038181381e-02
8.611230980306403353e+02	3.051391648935994350e-01	1.969176575565797227e-01	2.146511653208252324e-01	1.311245293916894206e-01	6.394419789397139120e-02	2.476889403109228810e-02	6.345439091213325722e-02
8.659608682442956251e+02	3.041351597207493374e-01	1.962664856744309461e-01	2.153165798560980060e-01	1.315690270075454416e-01	6.411973946390371604e-02	2.486732726656359915e-02	6.372568101059970791e-02
8.707986384579510286e+02	3.031372618705875932e-01	1.956186957429826567e-01	2.159777499792731592e-01	1.320109615992814400e-01	6.429438134832421436e-02	2.496543991897770196e-02	6.399550954046392959e-02
8.756364086716062047e+02	3.021454306042776206e-01	1.949742732950178470e-01	2.166347062281614999e-01	1.324503482864184400e-01	6.446812797785916871e-02	2.506323140403076202e-02	6.426388220412540542e-02
8.804741788852616082e+02	3.011596255053995974e-01	1.943332038744859103e-01	2.172874788788867473e-01	1.328872020700612722e-01	6.464098375566459942e-02	2.516070116644683954e-02	6.453080474894573593e-02
8.853119490989170117e+02	3.001798064767530749e-01	1.936954730374718936e-01	2.179360979486953953e-01	1.333215378349852653e-01	6.481295305787231065e-02	2.525784867952295121e-02	6.479628296458976588e-02
8.901497193125721878e+02	2.992059337371977268e-01	1.930610663531460158e-01	2.185805931987271078e-01	1.337533703516579076e-01	6.498404023402233609e-02	2.535467344468026255e-02	6.506032268045931766e-02
8.949874895262273640e+02	2.982379678185320682e-01	1.924299694046941456e-01	2.192209941367461168e-01	1.341827142781981952e-01	6.515424960748231187e-02	2.545117499102135528e-02	6.532292976321646405e-02
8.998252597398827675e+02	2.972758695624098668e-01	1.918021677902294886e-01	2.198573300198348734e-01	1.346095841622756140e-01	6.532358547585424835e-02	2.554735287489342740e-02	6.558411011439319038e-02
9.046630299535379436e+02	2.963196001172931360e-01	1.911776471236853736e-01	2.204896298570500346e-01	1.350339944429509165e-01	6.549205211136890914e-02	2.564320667945739832e-02	6.584386966808493391e-02
9.095008001671932334e+02	2.953691209354419867e-01	1.905563930356898583e-01	2.211179224120422004e-01	1.354559594524605559e-01	6.565965376126853270e-02	2.573873601426279745e-02	6.610221438872482258e-02
9.143385703808486369e+02	2.944243937699400071e-01	1.899383911744221831e-01	2.217422362056391816e-01	1.358754934179469409e-01	6.582639464817791053e-02	2.583394051482839834e-02	6.635915026893619839e-02
9.191763405945038130e+02	2.934853806717553359e-01	1.893236272064512671e-01	2.223625995183944049e-01	1.362926104631361490e-01	6.599227897046446023e-02	2.592881984222848366e-02	6.661468332746071919e-02
9.240141108081592165e+02	2.925520439868369293e-01	1.887120868175566901e-01	2.229790403931003195e-01	1.367073246099650419e-01	6.615731090258761271e-02	2.602337368268466816e-02	6.686881960715955475e-02
9.288518810218145063e+02	2.916243463532450786e-01	1.881037557135320226e-01	2.235915866372679417e-01	1.371196497801595304e-01	6.632149459543774939e-02	2.611760174716321395e-02	6.712156517308526249e-02
9.336896512354697961e+02	2.907022506983161225e-01	1.874986196209713907e-01	2.242002658255729530e-01	1.375295997967654893e-01	6.648483417666518902e-02	2.621150377097777526e-02	6.737292611062192793e-02
9.385274214491247449e+02	2.897857202358607998e-01	1.868966642880388884e-01	2.248051053022687984e-01	1.379371883856341519e-01	6.664733375099934909e-02	2.630507951339745853e-02	6.762290852369137739e-02
9.433651916627801484e+02	2.888747184633959075e-01	1.862978754852213370e-01	2.254061321835678922e-01	1.383424291768635961e-01	6.680899740055862290e-02	2.639832875726017339e-02	6.787151853302335336e-02
9.482029618764355519e+02	2.879692091594082681e-01	1.857022390060646955e-01	2.260033733599907668e-01	1.387453357061974868e-01	6.696982918515120842e-02	2.649125130859116689e-02	6.811876227448722398e-02
9.530407320900908417e+02	2.870691563806518909e-01	1.851097406678942903e-01	2.265968554986843853e-01	1.391459214163830171e-01	6.712983314256698586e-02	2.658384699622668573e-02	6.836464589748350584e-02
9.578785023037459041e+02	2.861745244594759430e-01	1.845203663125191407e-01	2.271866050457097275e-01	1.395441996584890765e-01	6.728901328886109645e-02	2.667611567144268989e-02	6.860917556339307666e-02
9.627162725174014213e+02	2.852852780011849165e-01	1.839341018069203804e-01	2.277726482282994569e-01	1.399401836931861154e-01	6.744737361862916669e-02	2.676805720758857962e-02	6.885235744408216285e-02
9.675540427310568248e+02	2.844013818814296601e-01	1.833509330439244134e-01	2.283550110570859437e-01	1.403338866919891514e-01	6.760491810527463619e-02	2.685967149972580056e-02	6.909419772046125618e-02
9.723918129447120009e+02	2.835228012436288858e-01	1.827708459428605825e-01	2.289337193283004224e-01	1.407253217384651367e-01	6.776165070126842493e-02	2.695095846427133374e-02	6.933470258109611373e-02
9.772295831583674044e+02	2.826495014964209851e-01	1.821938264502041271e-01	2.295087986259436996e-01	1.411145018294057141e-01	6.791757533840110661e-02	2.704191803864598384e-02	6.957387822086930074e-02
9.820673533720223531e+02	2.817814483111459323e-01	1.816198605402040145e-01	2.300802743239285242e-01	1.415014398759668335e-01	6.807269592802790703e-02	2.713255018092735130e-02	6.981173083969034743e-02
9.869051235856777566e+02	2.809186076193563308e-01	1.810489342154963377e-01	2.306481715881947558e-01	1.418861487047761438e-01	6.822701636130677760e-02	2.722285486950751926e-02	7.004826664125304858e-02
9.917428937993331601e+02	2.800609456103572703e-01	1.804810335077034200e-01	2.312125153787973619e-01	1.422686410590095485e-01	6.838054050942975193e-02	2.731283210275529602e-02	7.028349183183832394e-02
9.965806640129884499e+02	2.792084287287755484e-01	1.799161444780184860e-01	2.317733304519676574e-01	1.426489295994374795e-01	6.853327222384768269e-02	2.740248189868302320e-02	7.051741261916114056e-02
1.001418434226643626e+03	2.783610236721564268e-01	1.793542532177767046e-01	2.323306413621486766e-01	1.430270269054427501e-01	6.868521533648880295e-02	2.749180429461785258e-02	7.075003521125992900e-02
1.006256204440298802e+03	2.775186973885888086e-01	1.787953458490122993e-01	2.328844724640043162e-01	1.434029454760099020e-01	6.883637365997115343e-02	2.758079934687744650e-02	7.098136581542720258e-02
1.011093974653954206e+03	2.766814170743577272e-01	1.782394085250024185e-01	2.334348479144038035e-01	1.437766977306880467e-01	6.898675098780913950e-02	2.766946713045003239e-02	7.121141063717997821e-02
1.015931744867609382e+03	2.758491501716239802e-01	1.776864274307972946e-01	2.339817916743807125e-01	1.441482960105273659e-01	6.913635109461438444e-02	2.775780773867876638e-02	7.144017587926862478e-02
1.020769515081264785e+03	2.750218643661307971e-01	1.771363887837376638e-01	2.345253275110677493e-01	1.445177525789906603e-01	6.928517773629098986e-02	2.784582128295033307e-02	7.166766774072291790e-02
1.025607285294920075e+03	2.741995275849367086e-01	1.765892788339590846e-01	2.350654789996074467e-01	1.448850796228405569e-01	6.943323465022564756e-02	2.793350789238775375e-02	7.189389241593399649e-02
1.030445055508575479e+03	2.733821079941745613e-01	1.760450838648835448e-01	2.356022695250391263e-01	1.452502892530031786e-01	6.958052555547243612e-02	2.802086771354730249e-02	7.211885609377113870e-02
1.035282825722230655e+03	2.725695739968365117e-01	1.755037901936987998e-01	2.361357222841624637e-01	1.456133935054093054e-01	6.972705415293269093e-02	2.810790091011953346e-02	7.234256495673205278e-02
1.040120595935886058e+03	2.717618942305841667e-01	1.749653841718251945e-01	2.366658602873782102e-01	1.459744043418135795e-01	6.987282412553008637e-02	2.819460766263430854e-02	7.256502518012573899e-02
1.044958366149541234e+03	2.709590375655843153e-01	1.744298521853704376e-01	2.371927063605064889e-01	1.463333336505926729e-01	7.001783913838099949e-02	2.828098816816980790e-02	7.278624293128664602e-02
1.049796136363196410e+03	2.701609731023684735e-01	1.738971806555724697e-01	2.377162831465824688e-01	1.466901932475228598e-01	7.016210283896037736e-02	2.836704264006547835e-02	7.300622436881920585e-02
1.054633906576851814e+03	2.693676701697182430e-01	1.733673560392305912e-01	2.382366131076305849e-01	1.470449948765382153e-01	7.030561885726327453e-02	2.845277130763881543e-02	7.322497564187172014e-02
1.059471676790506763e+03	2.685790983225732620e-01	1.728403648291250705e-01	2.387537185264168860e-01	1.473977502104695247e-01	7.044839080596212999e-02	2.853817441590600704e-02	7.344250288943865446e-02
1.064309447004162394e+03	2.677952273399641925e-01	1.723161935544254286e-01	2.392676215081804836e-01	1.477484708517649292e-01	7.059042228056001955e-02	2.862325222530632055e-02	7.365881223969017455e-02
1.069147217217817570e+03	2.670160272229686327e-01	1.717948287810874830e-01	2.397783439823440998e-01	1.480971683331928634e-01	7.073171685953988375e-02	2.870800501143020572e-02	7.387390980932839746e-02
1.073984987431472746e+03	2.662414681926902338e-01	1.712762571122394550e-01	2.402859077042038549e-01	1.484438541185277571e-01	7.087227810451005028e-02	2.879243306475110301e-02	7.408780170296912215e-02
1.078822757645127922e+03	2.654715206882608536e-01	1.707604651885572811e-01	2.407903342565991534e-01	1.487885396032193053e-01	7.101210956034589850e-02	2.887653669036084267e-02	7.430049401254830432e-02
1.083660527858783553e+03	2.647061553648650811e-01	1.702474396886292096e-01	2.412916450515623645e-01	1.491312361150456400e-01	7.115121475532816542e-02	2.896031620770863485e-02	7.451199281675255359e-02
1.088498298072438729e+03	2.639453430917872989e-01	1.697371673293100458e-01	2.417898613319492129e-01	1.494719549147511817e-01	7.128959720127764355e-02	2.904377195034359496e-02	7.472230418047273726e-02
1.093336068286093905e+03	2.631890549504805610e-01	1.692296348660649874e-01	2.422850041730495174e-01	1.498107071966694182e-01	7.142726039368654800e-02	2.912690426566074547e-02	7.493143415427987175e-02
1.098173838499749309e+03	2.624372622326573978e-01	1.687248290933034967e-01	2.427770944841793344e-01	1.501475040893314739e-01	7.156420781184677504e-02	2.920971351465045940e-02	7.513938877392269122e-02
1.103011608713404712e+03	2.616899364384014937e-01	1.682227368447031246e-01	2.432661530102539771e-01	1.504823566560606340e-01	7.170044291897491318e-02	2.929220007165131076e-02	7.534617405984615768e-02
1.107849378927059888e+03	2.609470492743014569e-01	1.677233449935234544e-01	2.437522003333427723e-01	1.508152758955534078e-01	7.183596916233428442e-02	2.937436432410626616e-02	7.555179601672999679e-02
1.112687149140715292e+03	2.602085726516042419e-01	1.672266404529107464e-01	2.442352568742057473e-01	1.511462727424476848e-01	7.197078997335409900e-02	2.945620667232217577e-02	7.575626063304689850e-02
1.117524919354370468e+03	2.594744786843904971e-01	1.667326101761926471e-01	2.447153428938122210e-01	1.514753580678784017e-01	7.210490876774569569e-02	2.953772752923255335e-02	7.595957388063954985e-02
1.122362689568025871e+03	2.587447396877691763e-01	1.662412411571640436e-01	2.451924784948419089e-01	1.518025426800208577e-01	7.223832894561615925e-02	2.961892732016356902e-02	7.616174171431586148e-02
1.127200459781681047e+03	2.580193281760927437e-01	1.657525204303635924e-01	2.456666836231685136e-01	1.521278373246225668e-01	7.237105389157921786e-02	2.969980648260321654e-02	7.636277007146177742e-02
1.132038229995336451e+03	2.572982168611919751e-01	1.652664350713411723e-01	2.461379780693263852e-01	1.524512526855236194e-01	7.250308697486361476e-02	2.978036546597363429e-02	7.656266487167122381e-02
1.136876000208991627e+03	2.565813786506306315e-01	1.647829721969165939e-01	2.466063814699601120e-01	1.527727993851662747e-01	7.263443154941903734e-02	2.986060473140651761e-02	7.676143201639243352e-02
1.141713770422646803e+03	2.558687866459790627e-01	1.643021189654297054e-01	2.470719133092576514e-01	1.530924879850938392e-01	7.276509095401961780e-02	2.994052475152158763e-02	7.695907738859013303e-02
1.146551540636302207e+03	2.551604141411069615e-01	1.638238625769818102e-01	2.475345929203669748e-01	1.534103289864393871e-01	7.289506851236515761e-02	3.002012601020811675e-02	7.715560685242320305e-02
1.151389310849957155e+03	2.544562346204951031e-01	1.633481902736687308e-01	2.479944394867966140e-01	1.537263328304046273e-01	7.302436753318004847e-02	3.009940900240938577e-02	7.735102625293711898e-02
1.156227081063612786e+03	2.537562217575654588e-01	1.628750893398057953e-01	2.484514720438001922e-01	1.540405098987292498e-01	7.315299131031015312e-02	3.017837423391012130e-02	7.754534141577072714e-02
1.161064851277267962e+03	2.530603494130295172e-01	1.624045471021443865e-01	2.489057094797454961e-01	1.543528705141510027e-01	7.328094312281753508e-02	3.025702222112682319e-02	7.773855814687694044e-02
1.165902621490923138e+03	2.523685916332550905e-01	1.619365509300809414e-01	2.493571705374678094e-01	1.546634249408569695e-01	7.340822623507313460e-02	3.033535349090098893e-02	7.793068223225681213e-02
1.170740391704578315e+03	2.516809226486507178e-01	1.614710882358577071e-01	2.498058738156081204e-01	1.549721833849260211e-01	7.353484389684752931e-02	3.041336858029512064e-02	7.812171943770652993e-02
1.175578161918233945e+03	2.509973168720676107e-01	1.610081464747562252e-01	2.502518377699363694e-01	1.552791559947632183e-01	7.366079934339986313e-02	3.049106803639158036e-02	7.831167550857694171e-02
1.180415932131889122e+03	2.503177488972190279e-01	1.605477131452829331e-01	2.506950807146597904e-01	1.555843528615259430e-01	7.378609579556483222e-02	3.056845241609417591e-02	7.850055616954516868e-02
1.185253702345544298e+03	2.496421934971171375e-01	1.600897757893474938e-01	2.511356208237166543e-01	1.558877840195422859e-01	7.391073645983797791e-02	3.064552228593249439e-02	7.868836712439786218e-02
1.190091472559199701e+03	2.489706256225263925e-01	1.596343219924339640e-01	2.515734761320554957e-01	1.561894594467220787e-01	7.403472452845932805e-02	3.072227822186889695e-02	7.887511405582579849e-02
1.194929242772855105e+03	2.483030204004338937e-01	1.591813393837645252e-01	2.520086645369002953e-01	1.564893890649604324e-01	7.415806317949526216e-02	3.079872080910819876e-02	7.906080262522933999e-02
1.199767012986510281e+03	2.476393531325363218e-01	1.587308156364563294e-01	2.524412037990017565e-01	1.567875827405343647e-01	7.428075557691887765e-02	3.087485064190995804e-02	7.924543847253438800e-02
1.204604783200165684e+03	2.469795992937428852e-01	1.582827384676716298e-01	2.528711115438742607e-01	1.570840502844925435e-01	7.440280487068877402e-02	3.095066832340336721e-02	7.942902721601854954e-02
1.209442553413820860e+03	2.463237345306947546e-01	1.578370956387607493e-01	2.532984052630197769e-01	1.573788014530385360e-01	7.452421419682636605e-02	3.102617446540467672e-02	7.961157445214712969e-02
1.214280323627476264e+03	2.456717346603000951e-01	1.573938749553987493e-01	2.537231023151381160e-01	1.576718459479075629e-01	7.464498667749175365e-02	3.110136968823716194e-02	7.979308575541860238e-02
1.219118093841131440e+03	2.450235756682849764e-01	1.569530642677152976e-01	2.541452199273235291e-01	1.579631934167372298e-01	7.476512542105819004e-02	3.117625462055357774e-02	7.997356667821922671e-02
1.223955864054786844e+03	2.443792337077596855e-01	1.565146514704184588e-01	2.545647751962488714e-01	1.582528534534322073e-01	7.488463352218516222e-02	3.125082989916107973e-02	8.015302275068653115e-02
1.228793634268442020e+03	2.437386850978003894e-01	1.560786245029117114e-01	2.549817850893364990e-01	1.585408355985231665e-01	7.500351406189027792e-02	3.132509616884855685e-02	8.033145948058136032e-02
1.233631404482097196e+03	2.431019063220458132e-01	1.556449713494051923e-01	2.553962664459165643e-01	1.588271493395201073e-01	7.512177010761979246e-02	3.139905408221638217e-02	8.050888235316812358e-02
1.238469174695752372e+03	2.424688740273089893e-01	1.552136800390206961e-01	2.558082359783724336e-01	1.591118041112602743e-01	7.523940471331796997e-02	3.147270429950851239e-02	8.068529683110307882e-02
