2.805906723920064678e+02	4.880605462947236739e-01	3.016551848336320174e-01	9.154976958382479713e-02	5.224613891283794165e-02	3.438887683845486681e-02	1.138731172771818324e-02	2.071217180869510885e-02
2.854284426056617008e+02	4.857898514246737354e-01	3.005933123128680107e-01	9.307618455025316873e-02	5.320466637798275389e-02	3.472961125808456812e-02	1.150158054700144324e-02	2.110479352902293326e-02
2.902662128193169337e+02	4.835370830126871633e-01	2.995334019245563528e-01	9.459073693853196907e-02	5.415551081500309671e-02	3.506807573231587177e-02	1.161608738275345977e-02	2.149910419403867901e-02
2.951039830329722804e+02	4.813020401053434982e-01	2.984755218753032402e-01	9.609355361617911984e-02	5.509879270333527257e-02	3.540430025338147518e-02	1.173082084514175290e-02	2.189497060120217456e-02
2.999417532466276270e+02	4.790845248394515754e-01	2.974197384707048530e-01	9.758475943931500807e-02	5.603462921433460808e-02	3.573831406404050920e-02	1.184576974022311449e-02	2.229226423181689815e-02
3.047795234602828600e+02	4.768843423864330133e-01	2.963661161539560829e-01	9.906447729620254661e-02	5.696313431811294431e-02	3.607014567998435145e-02	1.196092306666467903e-02	2.269086109853290373e-02
3.096172936739380930e+02	4.747013008977568616e-01	2.953147175437643157e-01	1.005328281496578047e-01	5.788441888684844189e-02	3.639982291155130500e-02	1.207627001253068315e-02	2.309064159777711456e-02
3.144550638875934396e+02	4.725352114514043134e-01	2.942656034715782076e-01	1.019899310783637242e-01	5.879859079468391370e-02	3.672737288477162521e-02	1.219179995213327990e-02	2.349149036695144521e-02
3.192928341012487294e+02	4.703858879993448316e-01	2.932188330181433877e-01	1.034359033171180775e-01	5.970575501432619919e-02	3.705282206176389870e-02	1.230750244294582900e-02	2.389329614624435827e-02
3.241306043149040192e+02	4.682531473160042590e-01	2.921744635493942477e-01	1.048708602960460451e-01	6.060601371045526431e-02	3.737619626050301541e-02	1.242336722257711759e-02	2.429595164490660694e-02
3.289683745285592522e+02	4.661368089477065380e-01	2.911325507516941413e-01	1.062949156788066396e-01	6.149946633004831076e-02	3.769752067397937750e-02	1.253938420580501777e-02	2.469935341184655714e-02
3.338061447422145420e+02	4.640366951630696124e-01	2.900931486664326542e-01	1.077081813998219118e-01	6.238620968972050790e-02	3.801681988876835089e-02	1.265554348166813593e-02	2.510340171040538471e-02
3.386439149558698318e+02	4.619526309043389123e-01	2.890563097239915447e-01	1.091107677005562354e-01	6.326633806018082395e-02	3.833411790302827110e-02	1.277183531061402630e-02	2.550800039717678741e-02
3.434816851695251216e+02	4.598844437396391593e-01	2.880220847770885162e-01	1.105027831648727754e-01	6.413994324789809576e-02	3.864943814394503074e-02	1.288825012170260499e-02	2.591305680474042389e-02
3.483194553831804114e+02	4.578319638161283955e-01	2.869905231335098672e-01	1.118843347534929922e-01	6.500711467406937449e-02	3.896280348464026266e-02	1.300477850986344296e-02	2.631848162818234763e-02
3.531572255968357013e+02	4.557950238140359711e-01	2.859616725882409560e-01	1.132555278375846769e-01	6.586793945097944858e-02	3.927423626056001510e-02	1.312141123320561750e-02	2.672418881527998877e-02
3.579949958104909342e+02	4.537734589015688935e-01	2.849355794550049170e-01	1.146164662315029281e-01	6.672250245583785655e-02	3.958375828536006558e-02	1.323813921037889779e-02	2.713009546023308766e-02
3.628327660241463377e+02	4.517671066906687738e-01	2.839122885972195087e-01	1.159672522247076898e-01	6.757088640217638609e-02	3.989139086630345832e-02	1.335495351798499271e-02	2.753612170082589058e-02
3.676705362378016275e+02	4.497758071936043822e-01	2.828918434583804209e-01	1.173079866128812210e-01	6.841317190888770994e-02	4.019715481918559319e-02	1.347184538803774395e-02	2.794219061890961323e-02
3.725083064514568036e+02	4.477994027803832711e-01	2.818742860918823090e-01	1.186387687282678266e-01	6.924943756698306863e-02	4.050107048280142397e-02	1.358880620547103096e-02	2.834822814409780622e-02
3.773460766651120935e+02	4.458377381369668657e-01	2.808596571902852723e-01	1.199596964692572487e-01	7.007976000414418982e-02	4.080315773296917803e-02	1.370582750569330870e-02	2.875416296057067486e-02
3.821838468787673833e+02	4.438906602242745914e-01	2.798479961140367123e-01	1.212708663292332983e-01	7.090421394714237213e-02	4.110343599612417687e-02	1.382290097218769054e-02	2.915992641688786718e-02
3.870216170924226162e+02	4.419580182379606037e-01	2.788393409196580630e-01	1.225723734247076840e-01	7.172287228219512145e-02	4.140192426249632296e-02	1.394001843415648874e-02	2.956545243871244733e-02
3.918593873060780197e+02	4.400396635689497460e-01	2.778337283874038888e-01	1.238643115227594377e-01	7.253580611332847983e-02	4.169864109888404835e-02	1.405717186420920098e-02	2.997067744435190015e-02
3.966971575197332527e+02	4.381354497647175772e-01	2.768311940484042832e-01	1.251467730677985057e-01	7.334308481881095243e-02	4.199360466103732592e-02	1.417435337609292481e-02	3.037554026302513935e-02
4.015349277333884856e+02	4.362452324913005941e-01	2.758317722112969550e-01	1.264198492076729630e-01	7.414477610572273170e-02	4.228683270566183094e-02	1.429155522246423546e-02	3.077998205576736382e-02
4.063726979470438323e+02	4.343688694960224916e-01	2.748354959883599347e-01	1.276836298191372510e-01	7.494094606272175274e-02	4.257834260205608373e-02	1.440876979270157808e-02	3.118394623888756656e-02
4.112104681606991221e+02	4.325062205709230834e-01	2.738423973211515650e-01	1.289382035326995524e-01	7.573165921106635168e-02	4.286815134339285599e-02	1.452598961075723082e-02	3.158737840989610940e-02
4.160482383743544119e+02	4.306571475168762264e-01	2.728525070056667112e-01	1.301836577568653008e-01	7.651697855395196701e-02	4.315627555765594314e-02	1.464320733304797298e-02	3.199022627582264605e-02
4.208860085880095880e+02	4.288215141083838722e-01	2.718658547170183515e-01	1.314200787017931193e-01	7.729696562421781159e-02	4.344273151824298851e-02	1.476041574638355461e-02	3.239243958384704219e-02
4.257237788016648778e+02	4.269991860590334753e-01	2.708824690336509300e-01	1.326475514023796876e-01	7.807168053047722212e-02	4.372753515424462889e-02	1.487760776593214165e-02	3.279397005416869598e-02
4.305615490153201677e+02	4.251900309876052719e-01	2.699023774610950777e-01	1.338661597407887205e-01	7.884118200172392232e-02	4.401070206041008542e-02	1.499477643322188677e-02	3.319477131504181000e-02
4.353993192289755143e+02	4.233939183848182686e-01	2.689256064552708048e-01	1.350759864684397404e-01	7.960552743046460378e-02	4.429224750680879619e-02	1.511191491417784513e-02	3.359479883990675736e-02
4.402370894426308041e+02	4.216107195807016761e-01	2.679521814453469375e-01	1.362771132274708807e-01	8.036477291442653548e-02	4.457218644819762460e-02	1.522901649719342852e-02	3.399400988654976974e-02
4.450748596562860939e+02	4.198403077125805183e-01	2.669821268561650141e-01	1.374696205716901543e-01	8.111897329688745606e-02	4.485053353310260171e-02	1.534607459123566060e-02	3.439236343822551362e-02
4.499126298699413837e+02	4.180825576936634258e-01	2.660154661302344126e-01	1.386535879870293142e-01	8.186818220567312898e-02	4.512730311262413280e-02	1.546308272398346818e-02	3.478982014667907768e-02
4.547504000835967304e+02	4.163373461822210686e-01	2.650522217493069266e-01	1.398290939115134357e-01	8.261245209086687247e-02	4.540250924897420298e-02	1.558003453999830604e-02	3.518634227700613570e-02
4.595881702972519065e+02	4.146045515513439583e-01	2.640924152555379489e-01	1.409962157547594852e-01	8.335183426127358575e-02	4.567616572375379769e-02	1.569692379892639530e-02	3.558189365429184625e-02
4.644259405109071963e+02	4.128840538592689069e-01	2.631360672722406480e-01	1.421550299170162290e-01	8.408637891967951639e-02	4.594828604597862853e-02	1.581374437373190417e-02	3.597643961197118101e-02
4.692637107245624861e+02	4.111757348202626505e-01	2.621831975242417401e-01	1.433056118077586372e-01	8.481613519694766734e-02	4.621888345986089469e-02	1.593049024896040292e-02	3.636994694185499005e-02
4.741014809382177759e+02	4.094794777760524807e-01	2.612338248578447431e-01	1.444480358638476347e-01	8.554115118498745174e-02	4.648797095235458754e-02	1.604715551903194287e-02	3.676238384576812485e-02
4.789392511518730657e+02	4.077951676677933346e-01	2.602879672604078154e-01	1.455823755672676911e-01	8.626147396863569072e-02	4.675556126047169386e-02	1.616373438656312778e-02	3.715371988874762582e-02
4.837770213655284124e+02	4.061226910085605768e-01	2.593456418795436202e-01	1.467087034624531550e-01	8.697714965648531416e-02	4.702166687837630588e-02	1.628022116071755829e-02	3.754392595375048713e-02
4.886147915791837022e+02	4.044619358563594780e-01	2.584068650419469315e-01	1.478270911732142701e-01	8.768822341069637538e-02	4.728630006426345900e-02	1.639661025558406676e-02	3.793297419782249574e-02
4.934525617928388783e+02	4.028127917876404562e-01	2.574716522718573097e-01	1.489376094192737532e-01	8.839473947582324187e-02	4.754947284702940730e-02	1.651289618858212821e-02	3.832083800968082155e-02
4.982903320064942250e+02	4.011751498713108099e-01	2.565400183091633424e-01	1.500403280324239530e-01	8.909674120669054675e-02	4.781119703273970650e-02	1.662907357889392354e-02	3.870749196866490882e-02
5.031281022201495148e+02	3.995489026432336721e-01	2.556119771271541108e-01	1.511353159723149431e-01	8.979427109534933449e-02	4.807148421090129409e-02	1.674513714592246183e-02	3.909291180501139190e-02
5.079658724338048046e+02	3.979339440812045825e-01	2.546875419499250448e-01	1.522226413418830138e-01	9.048737079714416764e-02	4.833034576054466569e-02	1.686108170777522036e-02	3.947707436141047882e-02
5.128036426474600376e+02	3.963301695803963520e-01	2.537667252694441045e-01	1.533023714024292772e-01	9.117608115592033824e-02	4.858779285612191412e-02	1.697690217977283061e-02	3.985995755580237082e-02
5.176414128611153274e+02	3.947374759292638369e-01	2.528495388622837292e-01	1.543745725883573505e-01	9.186044222839991058e-02	4.884383647322636246e-02	1.709259357298225160e-02	4.024154034537381214e-02
5.224791830747705035e+02	3.931557612858989081e-01	2.519359938060258819e-01	1.554393105215791937e-01	9.254049330775415694e-02	4.909848739413922442e-02	1.720815099277389626e-02	4.062180269171599550e-02
5.273169532884259070e+02	3.915849251548284560e-01	2.510261004953445174e-01	1.564966500255979276e-01	9.321627294639897587e-02	4.935175621320857242e-02	1.732356963740234318e-02	4.100072552710647134e-02
5.321547235020811968e+02	3.900248683642451031e-01	2.501198686577727481e-01	1.575466551392756265e-01	9.388781897803914755e-02	4.960365334206585236e-02	1.743884479661001949e-02	4.137829072187879792e-02
5.369924937157364866e+02	3.884754930436637443e-01	2.492173073691592577e-01	1.585893891302947722e-01	9.455516853898632279e-02	4.985418901468485070e-02	1.755397185025348722e-02	4.175448105284485650e-02
5.418302639293917764e+02	3.869367026019953082e-01	2.483184250688204309e-01	1.596249145083209198e-01	9.521835808877483764e-02	5.010337329228795739e-02	1.766894626695185780e-02	4.212928017273596948e-02
5.466680341430470662e+02	3.854084017060294687e-01	2.474232295743930554e-01	1.606532930378747337e-01	9.587742343009875157e-02	5.035121606810444295e-02	1.778376360275688711e-02	4.250267258062990355e-02
5.515058043567023560e+02	3.838904962593190362e-01	2.465317280963936764e-01	1.616745857509203355e-01	9.653239972809253555e-02	5.059772707198523928e-02	1.789841949984430705e-02	4.287464359333209574e-02
5.563435745703576458e+02	3.823828933814575337e-01	2.456439272524895412e-01	1.626888529591778987e-01	9.718332152897732334e-02	5.084291587487862335e-02	1.801290968522601538e-02	4.324517931768030732e-02
5.611813447840129356e+02	3.808855013877433526e-01	2.447598330814862444e-01	1.636961542661671265e-01	9.783022277809368117e-02	5.108679189317113373e-02	1.812722996948269022e-02	4.361426662374296576e-02
5.660191149976681118e+02	3.793982297692224948e-01	2.438794510570379825e-01	1.646965485789887162e-01	9.847313683734143508e-02	5.132936439289768893e-02	1.824137624551643022e-02	4.398189311888246050e-02
5.708568852113234016e+02	3.779209891731026283e-01	2.430027861010845835e-01	1.656900941198504174e-01	9.911209650204604038e-02	5.157064249382510568e-02	1.835534448732304563e-02	4.434804712265542209e-02
5.756946554249786914e+02	3.764536913835314080e-01	2.421298425970210555e-01	1.666768484373443437e-01	9.974713401727085260e-02	5.181063517341269464e-02	1.846913074878361177e-02	4.471271764252324199e-02
5.805324256386339812e+02	3.749962493027327315e-01	2.412606244026042068e-01	1.676568684174815360e-01	1.003782810935934661e-01	5.204935127065385414e-02	1.858273116247491710e-02	4.507589435034652092e-02
5.853701958522892710e+02	3.735485769324926597e-01	2.403951348626011397e-01	1.686302102944904069e-01	1.010055689223639808e-01	5.228679948980218678e-02	1.869614193849843814e-02	4.543756755963838240e-02
5.902079660659445608e+02	3.721105893559896738e-01	2.395333768211847514e-01	1.695969296613847876e-01	1.016290281904626142e-01	5.252298840398567786e-02	1.880935936332751857e-02	4.579772820355212937e-02
5.950457362795999643e+02	3.706822027199619951e-01	2.386753526340804621e-01	1.705570814803072099e-01	1.022486890945730198e-01	5.275792645871245357e-02	1.892237979867237435e-02	4.615636781357965873e-02
5.998835064932552541e+02	3.692633342172053079e-01	2.378210641804690828e-01	1.715107200926534181e-01	1.028645813549877164e-01	5.299162197527126916e-02	1.903519968036259530e-02	4.651347849893779085e-02
6.047212767069104302e+02	3.678539020693954997e-01	2.369705128746502354e-01	1.724578992289833301e-01	1.034767342289609343e-01	5.322408315403006490e-02	1.914781551724683423e-02	4.686905292662024020e-02
6.095590469205657200e+02	3.664538255102290365e-01	2.361236996774707941e-01	1.733986720187240815e-01	1.040851765236241872e-01	5.345531807763562182e-02	1.926022389010936114e-02	4.722308430209406355e-02
6.143968171342210098e+02	3.650630247688753660e-01	2.352806251075226229e-01	1.743330909996701761e-01	1.046899366084789174e-01	5.368533471411738450e-02	1.937242145060315279e-02	4.757556635061956779e-02
6.192345873478761860e+02	3.636814210537356318e-01	2.344412892521141878e-01	1.752612081272855449e-01	1.052910424274804135e-01	5.391414091989832347e-02	1.948440492019921574e-02	4.792649329917387374e-02
6.240723575615315895e+02	3.623089365365017578e-01	2.336056917780198472e-01	1.761830747838130096e-01	1.058885215107265576e-01	5.414174444271570297e-02	1.959617108915186201e-02	4.827585985895856829e-02
6.289101277751868793e+02	3.609454943365092983e-01	2.327738319420112612e-01	1.770987417871952851e-01	1.064824009857646275e-01	5.436815292445446729e-02	1.970771681547964574e-02	4.862366120847274459e-02
6.337478979888421691e+02	3.595910185053797781e-01	2.319457086011751379e-01	1.780082593998127682e-01	1.070727075885288121e-01	5.459337390389591704e-02	1.981903902396164527e-02	4.896989297713320866e-02
6.385856682024975726e+02	3.582454340119461400e-01	2.311213202230207597e-01	1.789116773370421909e-01	1.076594676739207335e-01	5.481741481938429139e-02	1.993013470514885810e-02	4.931455122942427632e-02
6.434234384161527487e+02	3.569086667274556368e-01	2.303006648953819235e-01	1.798090447756405530e-01	1.082427072260449680e-01	5.504028301141365709e-02	2.004100091439039652e-02	4.965763244956018785e-02
6.482612086298080385e+02	3.555806434110453385e-01	2.294837403361166539e-01	1.807004103619590241e-01	1.088224518681109310e-01	5.526198572513759538e-02	2.015163477087426186e-02	4.999913352664357713e-02
6.530989788434633283e+02	3.542612916954854252e-01	2.286705439026086306e-01	1.815858222199903393e-01	1.093987268720123807e-01	5.548253011280406682e-02	2.026203345668237468e-02	5.033905174030411239e-02
6.579367490571185044e+02	3.529505400731842157e-01	2.278610726010743825e-01	1.824653279592542976e-01	1.099715571675951992e-01	5.570192323611761198e-02	2.037219421585969095e-02	5.067738474680191785e-02
6.627745192707737942e+02	3.516483178824501010e-01	2.270553230956792179e-01	1.833389746825251632e-01	1.105409673516238450e-01	5.592017206853118483e-02	2.048211435349709189e-02	5.101413056558075365e-02
6.676122894844290840e+02	3.503545552940060537e-01	2.262532917174662761e-01	1.842068089934043307e-01	1.111069816964565526e-01	5.613728349746974211e-02	2.059179123482781162e-02	5.134928756625654900e-02
6.724500596980843738e+02	3.490691832977515507e-01	2.254549744731017824e-01	1.850688770037426378e-01	1.116696241584391042e-01	5.635326432648762873e-02	2.070122228433722220e-02	5.168285445602736200e-02
6.772878299117396637e+02	3.477921336897668025e-01	2.246603670534400576e-01	1.859252243409155458e-01	1.122289183860263190e-01	5.656812127736177143e-02	2.081040498488565330e-02	5.201483026749115224e-02
6.821256001253949535e+02	3.465233390595549023e-01	2.238694648419118638e-01	1.867758961549549623e-01	1.127848877276405037e-01	5.678186099212266524e-02	2.091933687684411139e-02	5.234521434685830699e-02
6.869633703390502433e+02	3.452627327775179000e-01	2.230822629227391385e-01	1.876209371255407599e-01	1.133375552392757030e-01	5.699449003502497085e-02	2.102801555724261723e-02	5.267400634254623681e-02
6.918011405527055331e+02	3.440102489826613597e-01	2.222987560889797820e-01	1.884603914688556814e-01	1.138869436918560907e-01	5.720601489445963084e-02	2.113643867893097439e-02	5.300120619414382117e-02
6.966389107663608229e+02	3.427658225705234596e-01	2.215189388504054668e-01	1.892943029443068803e-01	1.144330755783567605e-01	5.741644198480920502e-02	2.124460394975171557e-02	5.332681412173378294e-02
7.014766809800161127e+02	3.415293891813247495e-01	2.207428054412158558e-01	1.901227148611169260e-01	1.149759731206948937e-01	5.762577764824816651e-02	2.135250913172510520e-02	5.365083061556149419e-02
7.063144511936714025e+02	3.403008851883335684e-01	2.199703498275921709e-01	1.909456700847876331e-01	1.155156582763989526e-01	5.783402815648985840e-02	2.146015204024589659e-02	5.397325642603913870e-02
7.111522214073266923e+02	3.390802476864432924e-01	2.192015657150931385e-01	1.917632110434396853e-01	1.160521527450632112e-01	5.804119971248165866e-02	2.156753054329171165e-02	5.429409255407449675e-02
7.159899916209819821e+02	3.378674144809578062e-01	2.184364465558967794e-01	1.925753797340309381e-01	1.165854779745950226e-01	5.824729845205001144e-02	2.167464256064281086e-02	5.461334024171383278e-02
7.208277618346371582e+02	3.366623240765804215e-01	2.176749855558904323e-01	1.933822177284561517e-01	1.171156551672614815e-01	5.845233044549669188e-02	2.178148606311309729e-02	5.493100096308893565e-02
7.256655320482924481e+02	3.354649156666031917e-01	2.169171756816121732e-01	1.941837661795308700e-01	1.176427052855424094e-01	5.865630169914796965e-02	2.188805907179214305e-02	5.524707641565845817e-02
7.305033022619478515e+02	3.342751291222918475e-01	2.161630096670466294e-01	1.949800658268626141e-01	1.181666490577959888e-01	5.885921815685792730e-02	2.199435965729806819e-02	5.556156851173416761e-02
7.353410724756030277e+02	3.330929049824635224e-01	2.154124800202776857e-01	1.957711570026112458e-01	1.186875069837433488e-01	5.906108570146741121e-02	2.210038593904107077e-02	5.587447937028298256e-02
7.401788426892584312e+02	3.319181844432529394e-01	2.146655790300011357e-01	1.965570796371415851e-01	1.192052993397781785e-01	5.926191015621991992e-02	2.220613608449749712e-02	5.618581130899591436e-02
7.450166129029136073e+02	3.307509093480640039e-01	2.139222987718998048e-01	1.973378732645708622e-01	1.197200461841072816e-01	5.946169728613571320e-02	2.231160830849418172e-02	5.649556683661537820e-02
7.498543831165690108e+02	3.295910221777022531e-01	2.131826311148837527e-01	1.981135770282127229e-01	1.202317673617274568e-01	5.966045279934550222e-02	2.241680087250297673e-02	5.680374864551260977e-02
7.546921533302243006e+02	3.284384660406861056e-01	2.124465677271983877e-01	1.988842296859209546e-01	1.207404825092446010e-01	5.985818234838474750e-02	2.252171208394527710e-02	5.711035960450713128e-02
7.595299235438793630e+02	3.272931846637326392e-01	2.117141000824028507e-01	1.996498696153349017e-01	1.212462110595398795e-01	6.005489153144998038e-02	2.262634029550636069e-02	5.741540275192055093e-02
7.643676937575347665e+02	3.261551223824143420e-01	2.109852194652211410e-01	2.004105348190285130e-01	1.217489722462884588e-01	6.025058589361809158e-02	2.273068390445941167e-02	5.771888128885715313e-02
7.692054639711900563e+02	3.250242241319842296e-01	2.102599169772688681e-01	2.011662629295656035e-01	1.222487851083353533e-01	6.044527092802984974e-02	2.283474135199907440e-02	5.802079857270405622e-02
7.740432341848452324e+02	3.239004354383655526e-01	2.095381835426574912e-01	2.019170912144634678e-01	1.227456684939335907e-01	6.063895207703865614e-02	2.293851112258434369e-02	5.832115811084384593e-02
7.788810043985006359e+02	3.227837024093038187e-01	2.088200099134786547e-01	2.026630565810663975e-01	1.232396410648488733e-01	6.083163473332554860e-02	2.304199174329072536e-02	5.861996355457293334e-02
7.837187746121558121e+02	3.216739717256764663e-01	2.081053866751711168e-01	2.034041955813317426e-01	1.237307213003355777e-01	6.102332424098159264e-02	2.314518178317142433e-02	5.891721869321902422e-02
7.885565448258112156e+02	3.205711906329589689e-01	2.073943042517724100e-01	2.041405444165301508e-01	1.242189275009880911e-01	6.121402589655849241e-02	2.324807985262749774e-02	5.921292744845131628e-02
7.933943150394665054e+02	3.194753069328431505e-01	2.066867529110574253e-01	2.048721389418618477e-01	1.247042777924718959e-01	6.140374495008851796e-02	2.335068460278679273e-02	5.950709386877725549e-02
7.982320852531219089e+02	3.183862689750053265e-01	2.059827227695661678e-01	2.055990146709910371e-01	1.251867901291383034e-01	6.159248660607456738e-02	2.345299472489153353e-02	5.979972212421991867e-02
8.030698554667769713e+02	3.173040256490211597e-01	2.052822037975230440e-01	2.063212067805000327e-01	1.256664822975267215e-01	6.178025602445128689e-02	2.355500894969443648e-02	6.009081650117015921e-02
8.079076256804323748e+02	3.162285263764246235e-01	2.045851858236495679e-01	2.070387501142649522e-01	1.261433719197583014e-01	6.196705832151816473e-02	2.365672604686323496e-02	6.038038139740800614e-02
8.127453958940876646e+02	3.151597211029083523e-01	2.038916585398725112e-01	2.077516791877547231e-01	1.266174764568245292e-01	6.215289857084540376e-02	2.375814482439342346e-02	6.066842131728786280e-02
8.175831661077428407e+02	3.140975602906627140e-01	2.032016115059299410e-01	2.084600281922551479e-01	1.270888132117742597e-01	6.233778180415337766e-02	2.385926412802917562e-02	6.095494086708221071e-02
8.224209363213982442e+02	3.130419949108503297e-01	2.025150341538767274e-01	2.091638309990194455e-01	1.275573993328026901e-01	6.252171301216651045e-02	2.396008284069225946e-02	6.123994475047885022e-02
8.272587065350534203e+02	3.119929764362145419e-01	2.018319157924917673e-01	2.098631211633471272e-01	1.280232518162455480e-01	6.270469714544227302e-02	2.406059988191883853e-02	6.152343776422670302e-02
8.320964767487085965e+02	3.109504568338185004e-01	2.011522456115885926e-01	2.105579319285925122e-01	1.284863875094814922e-01	6.288673911517615733e-02	2.416081420730405507e-02	6.180542479392538840e-02
8.369342469623640000e+02	3.099143885579127011e-01	2.004760126862317193e-01	2.112482962301046041e-01	1.289468231137461118e-01	6.306784379398322482e-02	2.426072480795423911e-02	6.208591080995408407e-02
8.417720171760191761e+02	3.088847245429279798e-01	1.998032059808600991e-01	2.119342466990997154e-01	1.294045751868600214e-01	6.324801601665705486e-02	2.436033070994669467e-02	6.236490086353509849e-02
8.466097873896745796e+02	3.078614181965926844e-01	1.991338143533198934e-01	2.126158156664682830e-01	1.298596601458744670e-01	6.342726058090661367e-02	2.445963097379687604e-02	6.264240008292788764e-02
8.514475576033297557e+02	3.068444233931705845e-01	1.984678265588079304e-01	2.132930351665171531e-01	1.303120942696368856e-01	6.360558224807194572e-02	2.455862469393288450e-02	6.291841366974940120e-02
8.562853278169851592e+02	3.058336944668176294e-01	1.978052312537282031e-01	2.139659369406490819e-01	1.307618937012790528e-01	6.378298574381902064e-02	2.465731099817719540e-02	6.319294689541660182e-02
8.611230980306403353e+02	3.048291862050558354e-01	1.971460169994626310e-01	2.146345524409803418e-01	1.312090744506305973e-01	6.395947575881461011e-02	2.475568904723544558e-02	6.346600509770736198e-02
8.659608682442956251e+02	3.038308538423606375e-01	1.964901722660579997e-01	2.152989128338980707e-01	1.316536523965602667e-01	6.413505694938170798e-02	2.485375803419223248e-02	6.373759367743592197e-02
8.707986384579510286e+02	3.028386530538613175e-01	1.958376854358306884e-01	2.159590490035583066e-01	1.320956432892474719e-01	6.430973393813609051e-02	2.495151718401380711e-02	6.400771809523914113e-02
8.756364086716062047e+02	3.018525399491511774e-01	1.951885448068909346e-01	2.166149915553264305e-01	1.325350627523861624e-01	6.448351131460446084e-02	2.504896575305754630e-02	6.427638386847014940e-02
8.804741788852616082e+02	3.008724710662055157e-01	1.945427385965879385e-01	2.172667708191606817e-01	1.329719262853237272e-01	6.465639363582492694e-02	2.514610302858811403e-02	6.454359656819595725e-02
8.853119490989170117e+02	2.998984033654059633e-01	1.939002549448778923e-01	2.179144168529402736e-01	1.334062492651367504e-01	6.482838542693025730e-02	2.524292832830022856e-02	6.480936181629549930e-02
8.901497193125721878e+02	2.989302942236685134e-01	1.932610819176159289e-01	2.185579594457391639e-01	1.338380469486458169e-01	6.499949118171441387e-02	2.533944099984790019e-02	6.507368528265515539e-02
8.949874895262273640e+02	2.979681014286733043e-01	1.926252075097738270e-01	2.191974281210467279e-01	1.342673344743715302e-01	6.516971536318280633e-02	2.543564042038009773e-02	6.533657268245854355e-02
8.998252597398827675e+02	2.970117831731952096e-01	1.919926196485849390e-01	2.198328521399360025e-01	1.346941268644335776e-01	6.533906240408690613e-02	2.553152599608271220e-02	6.559802977356744835e-02
9.046630299535379436e+02	2.960612980495319069e-01	1.913633061966176219e-01	2.204642605041811920e-01	1.351184390263946988e-01	6.550753670744360879e-02	2.562709716172672375e-02	6.585806235399110919e-02
9.095008001671932334e+02	2.951166050440279243e-01	1.907372549547787788e-01	2.210916819593251315e-01	1.355402857550516149e-01	6.567514264703973315e-02	2.572235338022252696e-02	6.611667625944107896e-02
9.143385703808486369e+02	2.941776635316944999e-01	1.901144536652489281e-01	2.217151449976975108e-01	1.359596817341745811e-01	6.584188456792222643e-02	2.581729414218028248e-02	6.637387736096875268e-02
9.191763405945038130e+02	2.932444332709205903e-01	1.894948900143500481e-01	2.223346778613853325e-01	1.363766415381970631e-01	6.600776678687447774e-02	2.591191896547620846e-02	6.662967156268305435e-02
9.240141108081592165e+02	2.923168743982759721e-01	1.888785516353475025e-01	2.229503085451562672e-01	1.367911796338575348e-01	6.617279359287903118e-02	2.600622739482476992e-02	6.688406479954568662e-02
9.288518810218145063e+02	2.913949474234027170e-01	1.882654261111876559e-01	2.235620647993359911e-01	1.372033103817949795e-01	6.633696924756729563e-02	2.610021900135664139e-02	6.713706303524143160e-02
9.336896512354697961e+02	2.904786132239949303e-01	1.876555009771722071e-01	2.241699741326402540e-01	1.376130480380992893e-01	6.650029798565651462e-02	2.619389338220237326e-02	6.738867226012111578e-02
9.385274214491247449e+02	2.895678330408638090e-01	1.870487637235705991e-01	2.247740638149627324e-01	1.380204067558183922e-01	6.666278401537437115e-02	2.628725016008168561e-02	6.763889848921503245e-02
9.433651916627801484e+02	2.886625684730873553e-01	1.864452017981717002e-01	2.253743608801197507e-01	1.384254005864234971e-01	6.682443151887175470e-02	2.638028898289831309e-02	6.788774776031430980e-02
9.482029618764355519e+02	2.877627814732424127e-01	1.858448026087761717e-01	2.259708921285520089e-01	1.388280434812337594e-01	6.698524465262380156e-02	2.647300952334028998e-02	6.813522613211830947e-02
9.530407320900908417e+02	2.868684343427181371e-01	1.852475535256304651e-01	2.265636841299850379e-01	1.392283492928018673e-01	6.714522754781976355e-02	2.656541147848566140e-02	6.838133968244580752e-02
9.578785023037459041e+02	2.859794897271090153e-01	1.846534418838039759e-01	2.271527632260487428e-01	1.396263317762616030e-01	6.730438431074195482e-02	2.665749456941349932e-02	6.862609450650795917e-02
9.627162725174014213e+02	2.850959106116857100e-01	1.840624549855099656e-01	2.277381555328567564e-01	1.400220045906389321e-01	6.746271902313412394e-02	2.674925854082015400e-02	6.886949671524107697e-02
9.675540427310568248e+02	2.842176603169429550e-01	1.834745801023719980e-01	2.283198869435466571e-01	1.404153813001276507e-01	6.762023574255951464e-02	2.684070316064066791e-02	6.911155243369723755e-02
9.723918129447120009e+02	2.833447024942223891e-01	1.828898044776365583e-01	2.288979831307815793e-01	1.408064753753307530e-01	6.777693850274907339e-02	2.693182821967530366e-02	6.935226779949099640e-02
9.772295831583674044e+02	2.824770011214089438e-01	1.823081153283332145e-01	2.294724695492142974e-01	1.411953001944689368e-01	6.793283131393984542e-02	2.702263353122108872e-02	6.959164896130030920e-02
9.820673533720223531e+02	2.816145204987002271e-01	1.817294998473831802e-01	2.300433714379139238e-01	1.415818690445568295e-01	6.808791816320418355e-02	2.711311893070830759e-02	6.982970207741996671e-02
9.869051235856777566e+02	2.807572252444463512e-01	1.811539452056575294e-01	2.306107138227566633e-01	1.419661951225485441e-01	6.824220301476971451e-02	2.720328427534191712e-02	7.006643331436586408e-02
9.917428937993331601e+02	2.799050802910598712e-01	1.805814385539860067e-01	2.311745215187807068e-01	1.423482915364532864e-01	6.839568981033057604e-02	2.729312944374773925e-02	7.030184884552841129e-02
9.965806640129884499e+02	2.790580508809938354e-01	1.800119670251172643e-01	2.317348191325062645e-01	1.427281713064219304e-01	6.854838246935010537e-02	2.738265433562344850e-02	7.053595484987368325e-02
1.001418434226643626e+03	2.782161025627873374e-01	1.794455177356318598e-01	2.322916310642214321e-01	1.431058473658058661e-01	6.870028488935521482e-02	2.747185887139421898e-02	7.076875751069060250e-02
1.006256204440298802e+03	2.773792011871763497e-01	1.788820777878088464e-01	2.328449815102342779e-01	1.434813325621886460e-01	6.885140094622267670e-02	2.756074299187302734e-02	7.100026301438268350e-02
1.011093974653954206e+03	2.765473129032697819e-01	1.783216342714467051e-01	2.333948944650920398e-01	1.438546396583916809e-01	6.900173449445774765e-02	2.764930665792550077e-02	7.123047754930310338e-02
1.015931744867609382e+03	2.757204041547884898e-01	1.777641742656397850e-01	2.339413937237679320e-01	1.442257813334544836e-01	6.915128936746507693e-02	2.773754985013926130e-02	7.145940730463148927e-02
1.020769515081264785e+03	2.748984416763670668e-01	1.772096848405111946e-01	2.344845028838162815e-01	1.445947701835905985e-01	6.930006937781237053e-02	2.782547256849773887e-02	7.168705846929124270e-02
1.025607285294920075e+03	2.740813924899160869e-01	1.766581530589028948e-01	2.350242453474963300e-01	1.449616187231199671e-01	6.944807831748690818e-02	2.791307483205833842e-02	7.191343723090594386e-02
1.030445055508575479e+03	2.732692239010447999e-01	1.761095659780238798e-01	2.355606443238655312e-01	1.453263393853783947e-01	6.959531995814514926e-02	2.800035667863494393e-02	7.213854977479382258e-02
1.035282825722230655e+03	2.724619034955422237e-01	1.755639106510573921e-01	2.360937228308430114e-01	1.456889445236047853e-01	6.974179805135566346e-02	2.808731816448468976e-02	7.236240228299874178e-02
1.040120595935886058e+03	2.716593991359165239e-01	1.750211741287280576e-01	2.366235036972433037e-01	1.460494464118072822e-01	6.988751632883552500e-02	2.817395936399891623e-02	7.258500093335690240e-02
1.044958366149541234e+03	2.708616789579904593e-01	1.744813434608296077e-01	2.371500095647812167e-01	1.464078572456085914e-01	7.003247850268050356e-02	2.826028036939829888e-02	7.280635189859784029e-02
1.049796136363196410e+03	2.700687113675528384e-01	1.739444056977141329e-01	2.376732628900484201e-01	1.467641891430713219e-01	7.017668826558905171e-02	2.834628129043205783e-02	7.302646134547861878e-02
1.054633906576851814e+03	2.692804650370643760e-01	1.734103478917437546e-01	2.381932859464622465e-01	1.471184541455040073e-01	7.032014929108038048e-02	2.843196225408123334e-02	7.324533543395046753e-02
1.059471676790506763e+03	2.684969089024171751e-01	1.728791570987051052e-01	2.387101008261867385e-01	1.474706642182483929e-01	7.046286523370687283e-02	2.851732340426589227e-02	7.346298031635638270e-02
1.064309447004162394e+03	2.677180121597465545e-01	1.723508203791878080e-01	2.392237294420272165e-01	1.478208312514488199e-01	7.060483972926079321e-02	2.860236490155633471e-02	7.367940213665898075e-02
1.069147217217817570e+03	2.669437442622950574e-01	1.718253247999277089e-01	2.397341935292983395e-01	1.481689670608038745e-01	7.074607639497575151e-02	2.868708692288814144e-02	7.389460702969762040e-02
1.073984987431472746e+03	2.661740749173263643e-01	1.713026574351150799e-01	2.402415146476662156e-01	1.485150833883012722e-01	7.088657882972276836e-02	2.877148966128105501e-02	7.410860112047371051e-02
1.078822757645127922e+03	2.654089740830892774e-01	1.707828053676693214e-01	2.407457141829650593e-01	1.488591919029363109e-01	7.102635061420137230e-02	2.885557332556163562e-02	7.432139052346341257e-02
1.083660527858783553e+03	2.646484119658307210e-01	1.702657556904799696e-01	2.412468133489890088e-01	1.492013042014144475e-01	7.116539531112574257e-02	2.893933814008966751e-02	7.453298134195686375e-02
1.088498298072438729e+03	2.638923590168560374e-01	1.697514955076155074e-01	2.417448331892590729e-01	1.495414318088385819e-01	7.130371646540603625e-02	2.902278434448822900e-02	7.474337966742296280e-02
1.093336068286093905e+03	2.631407859296368001e-01	1.692400119355002286e-01	2.422397945787664042e-01	1.498795861793815742e-01	7.144131760432510803e-02	2.910591219337738469e-02	7.495259157889896939e-02
1.098173838499749309e+03	2.623936636369644249e-01	1.687312921040598490e-01	2.427317182256914785e-01	1.502157786969442466e-01	7.157820223771074741e-02	2.918872195611148246e-02	7.516062314240415376e-02
1.103011608713404712e+03	2.616509633081496311e-01	1.682253231578366426e-01	2.432206246731002663e-01	1.505500206757997006e-01	7.171437385810354448e-02	2.927121391651997528e-02	7.536748041037667767e-02
1.107849378927059888e+03	2.609126563462653148e-01	1.677220922570746842e-01	2.437065343006174223e-01	1.508823233612240078e-01	7.184983594092049508e-02	2.935338837265173695e-02	7.557316942113286029e-02
1.112687149140715292e+03	2.601787143854340512e-01	1.672215865787758382e-01	2.441894673260769921e-01	1.512126979301139373e-01	7.198459194461462318e-02	2.943524563652279158e-02	7.577769619834831549e-02
1.117524919354370468e+03	2.594491092881580641e-01	1.667237933177271314e-01	2.446694438071511657e-01	1.515411554915921666e-01	7.211864531083048147e-02	2.951678603386751268e-02	7.598106675056007231e-02
1.122362689568025871e+03	2.587238131426911614e-01	1.662286996874998701e-01	2.451464836429572691e-01	1.518677070876001955e-01	7.225199946455590494e-02	2.959800990389309036e-02	7.618328707068909578e-02
1.127200459781681047e+03	2.580027982604519154e-01	1.657362929214218350e-01	2.456206065756433854e-01	1.521923636934796042e-01	7.238465781427000367e-02	2.967891759903738477e-02	7.638436313558255586e-02
1.132038229995336451e+03	2.572860371734776996e-01	1.652465602735218309e-01	2.460918321919529639e-01	1.525151362185416526e-01	7.251662375208746403e-02	2.975950948472999569e-02	7.658430090557505343e-02
1.136876000208991627e+03	2.565735026319180823e-01	1.647594890194487849e-01	2.465601799247691683e-01	1.528360355066260279e-01	7.264790065389949147e-02	2.983978593915657951e-02	7.678310632406847025e-02
1.141713770422646803e+03	2.558651676015676335e-01	1.642750664573645325e-01	2.470256690546385747e-01	1.531550723366487676e-01	7.277849187951118681e-02	2.991974735302635469e-02	7.698078531712954087e-02
1.146551540636302207e+03	2.551610052614368129e-01	1.637932799088115676e-01	2.474883187112751071e-01	1.534722574231398295e-01	7.290840077277574438e-02	2.999939412934273311e-02	7.717734379310477177e-02
1.151389310849957155e+03	2.544609890013605491e-01	1.633141167195562848e-01	2.479481478750445722e-01	1.537876014167706418e-01	7.303763066172536123e-02	3.007872668317706361e-02	7.737278764225202776e-02
1.156227081063612786e+03	2.537650924196440116e-01	1.628375642604078521e-01	2.484051753784298211e-01	1.541011149048718831e-01	7.316618485869906541e-02	3.015774544144542851e-02	7.756712273638845245e-02
1.161064851277267962e+03	2.530732893207441880e-01	1.623636099280137135e-01	2.488594199074768976e-01	1.544128084119417710e-01	7.329406666046760221e-02	3.023645084268846914e-02	7.776035492855380704e-02
1.165902621490923138e+03	2.523855537129876536e-01	1.618922411456318877e-01	2.493109000032227851e-01	1.547226924001454118e-01	7.342127934835536440e-02	3.031484333685419835e-02	7.795249005268910236e-02
1.170740391704578315e+03	2.517018598063229251e-01	1.614234453638806188e-01	2.497596340631047518e-01	1.550307772698051034e-01	7.354782618835942198e-02	3.039292338508374144e-02	7.814353392332984427e-02
1.175578161918233945e+03	2.510221820101072310e-01	1.609572100614658496e-01	2.502056403423517650e-01	1.553370733598821718e-01	7.367371043126591523e-02	3.047069145949999475e-02	7.833349233531347600e-02
1.180415932131889122e+03	2.503464949309271437e-01	1.604935227458873792e-01	2.506489369553581148e-01	1.556415909484503701e-01	7.379893531276374152e-02	3.054814804299915004e-02	7.852237106350049012e-02
1.185253702345544298e+03	2.496747733704521577e-01	1.600323709541234540e-01	2.510895418770398568e-01	1.559443402531613676e-01	7.392350405355571641e-02	3.062529362904505004e-02	7.871017586250877995e-02
1.190091472559199701e+03	2.490069923233208526e-01	1.595737422532947647e-01	2.515274729441739909e-01	1.562453314317023834e-01	7.404741985946715344e-02	3.070212872146634020e-02	7.889691246646089728e-02
1.194929242772855105e+03	2.483431269750590586e-01	1.591176242413083197e-01	2.519627478567206258e-01	1.565445745822461876e-01	7.417068592155211249e-02	3.077865383425638229e-02	7.908258658874366132e-02
1.199767012986510281e+03	2.476831527000291078e-01	1.586640045474813077e-01	2.523953841791291564e-01	1.568420797438939140e-01	7.429330541619720563e-02	3.085486949137587753e-02	7.926720392177975805e-02
1.204604783200165684e+03	2.470270450594102551e-01	1.582128708331455302e-01	2.528253993416275103e-01	1.571378568971105449e-01	7.441528150522329355e-02	3.093077622655820980e-02	7.945077013681099698e-02
1.209442553413820860e+03	2.463747797992090205e-01	1.577642107922331283e-01	2.532528106414957403e-01	1.574319159641536237e-01	7.453661733598475336e-02	3.100637458311741174e-02	7.963329088369269781e-02
1.214280323627476264e+03	2.457263328482993947e-01	1.573180121518433228e-01	2.536776352443237403e-01	1.577242668094953060e-01	7.465731604146683131e-02	3.108166511375876767e-02	7.981477179069910999e-02
1.219118093841131440e+03	2.450816803164920510e-01	1.568742626727914202e-01	2.540998901852534186e-01	1.580149192402377223e-01	7.477738074038077498e-02	3.115664838039200121e-02	7.999521846433908789e-02
1.223955864054786844e+03	2.444407984926323385e-01	1.564329501501396658e-01	2.545195923702058827e-01	1.583038830065224001e-01	7.489681453725705040e-02	3.123132495394701641e-02	8.017463648918210506e-02
1.228793634268442020e+03	2.438036638427263370e-01	1.559940624137110821e-01	2.549367585770931366e-01	1.585911678019331361e-01	7.501562052253654689e-02	3.130569541419215424e-02	8.035303142769407991e-02
1.233631404482097196e+03	2.431702530080944724e-01	1.555575873285859889e-01	2.553514054570152902e-01	1.588767832638932898e-01	7.513380177265993609e-02	3.137976034955496096e-02	8.053040882008249968e-02
1.238469174695752372e+03	2.425405428035523614e-01	1.551235127955821191e-01	2.557635495354432797e-01	1.591607389740570810e-01	7.525136135015525474e-02	3.145352035694538168e-02	8.070677418415092563e-02
1.243306944909407548e+03	2.419145102156182447e-01	1.546918267517183865e-01	2.561732072133868776e-01	1.594430444586954765e-01	7.536830230372359996e-02	3.152697604158140321e-02	8.088213301516235243e-02
