2.951039830329722804e+02	4.859648680328632619e-01	2.941947557919715184e-01	9.594425423936428499e-02	5.460746977977535416e-02	3.501537000084054690e-02	1.193544377221691065e-02	2.233783838284680509e-02
2.999417532466276270e+02	4.833101397851345404e-01	2.935246901925943619e-01	9.744165597208959140e-02	5.556930781645793432e-02	3.537621468466015801e-02	1.203483992650426597e-02	2.274315162243781274e-02
3.047795234602828600e+02	4.806970154011050433e-01	2.928354154742722759e-01	9.892742792421523046e-02	5.652293082317186995e-02	3.573358687978004516e-02	1.213497878725599936e-02	2.314864471007812077e-02
3.096172936739380930e+02	4.781241720651662752e-01	2.921279892467225081e-01	1.004016874964155509e-01	5.746847916963929159e-02	3.608757784410308173e-02	1.223583209128356782e-02	2.355426208654828879e-02
3.144550638875934396e+02	4.755903390765615080e-01	2.914034240839354917e-01	1.018645507647831933e-01	5.840608906576563036e-02	3.643827504450621729e-02	1.233737241284465526e-02	2.395994955148188915e-02
3.192928341012487294e+02	4.730942957209525179e-01	2.906626893850154936e-01	1.033161324836724959e-01	5.933589271121020303e-02	3.678576232446341410e-02	1.243957313312637342e-02	2.436565424143797079e-02
3.241306043149040192e+02	4.706348692293889080e-01	2.899067131584573964e-01	1.047565460895097250e-01	6.025801843922597850e-02	3.713012006428634965e-02	1.254240841100470218e-02	2.477132460800535868e-02
3.289683745285592522e+02	4.682109328210863342e-01	2.891363837330074293e-01	1.061859037055023769e-01	6.117259085499496957e-02	3.747142533430444095e-02	1.264585315502438252e-02	2.517691039595839481e-02
3.338061447422145420e+02	4.658214038265705015e-01	2.883525513981270993e-01	1.076043161471838538e-01	6.207973096867626384e-02	3.780975204129211759e-02	1.274988299654590540e-02	2.558236262148255030e-02
3.386439149558698318e+02	4.634652418878822955e-01	2.875560299769548411e-01	1.090118929287326316e-01	6.297955632337501330e-02	3.814517106843781646e-02	1.285447426400863034e-02	2.598763355048703746e-02
3.434816851695251216e+02	4.611414472326775815e-01	2.867475983345412760e-01	1.104087422700085336e-01	6.387218111823268762e-02	3.847775040913652134e-02	1.295960395826126557e-02	2.639267667702028392e-02
3.483194553831804114e+02	4.588490590191848795e-01	2.859280018240192844e-01	1.117949711042519612e-01	6.475771632683031964e-02	3.880755529487541627e-02	1.306524972891309755e-02	2.679744670180317020e-02
3.531572255968357013e+02	4.565871537491073551e-01	2.850979536732611841e-01	1.131706850863944958e-01	6.563626981108927616e-02	3.913464831747069661e-02	1.317138985166140669e-02	2.720189951089371783e-02
3.579949958104909342e+02	4.543548437456780831e-01	2.842581363144701667e-01	1.145359886019325091e-01	6.650794643084645408e-02	3.945908954590240242e-02	1.327800320655248521e-02	2.760599215449599519e-02
3.628327660241463377e+02	4.521512756941899469e-01	2.834092026590527280e-01	1.158909847763177486e-01	6.737284814927374521e-02	3.978093663798336344e-02	1.338506925713550157e-02	2.800968282592497180e-02
3.676705362378016275e+02	4.499756292424328952e-01	2.825517773200220129e-01	1.172357754848214612e-01	6.823107413430484769e-02	4.010024494708825521e-02	1.349256803047030676e-02	2.841293084073822847e-02
3.725083064514568036e+02	4.478271156585761914e-01	2.816864577840894057e-01	1.185704613628311421e-01	6.908272085622593761e-02	4.041706762415888526e-02	1.360048009795191901e-02	2.881569661604447413e-02
3.773460766651120935e+02	4.457049765441353784e-01	2.808138155355137111e-01	1.198951418165413035e-01	6.992788218158060842e-02	4.073145571519260627e-02	1.370878655691615787e-02	2.921794164999810470e-02
3.821838468787673833e+02	4.436084825997594350e-01	2.799343971336915593e-01	1.212099150340015252e-01	7.076664946353315722e-02	4.104345825441160778e-02	1.381746901299236129e-02	2.961962850148820020e-02
3.870216170924226162e+02	4.415369324416678065e-01	2.790487252463907941e-01	1.225148779964875256e-01	7.159911162882891256e-02	4.135312235330245584e-02	1.392650956317070636e-02	3.002072077002960332e-02
3.918593873060780197e+02	4.394896514666556953e-01	2.781572996404518272e-01	1.238101264901627224e-01	7.242535526148446978e-02	4.166049328570691629e-02	1.403589077955302508e-02	3.042118307586310494e-02
3.966971575197332527e+02	4.374659907636718748e-01	2.772605981317049495e-01	1.250957551179995575e-01	7.324546468333557880e-02	4.196561456913723565e-02	1.414559569375740435e-02	3.082098104027107544e-02
4.015349277333884856e+02	4.354653260700548922e-01	2.763590774957812579e-01	1.263718573119320399e-01	7.405952203156535019e-02	4.226852804248174694e-02	1.425560778194819543e-02	3.122008126611423504e-02
4.063726979470438323e+02	4.334870567705920164e-01	2.754531743414255773e-01	1.276385253452119173e-01	7.486760733333015783e-02	4.256927394025907668e-02	1.436591095046423072e-02	3.161845131859470498e-02
4.112104681606991221e+02	4.315306049376427255e-01	2.745433059478526450e-01	1.288958503449434967e-01	7.566979857759664752e-02	4.286789096357288692e-02	1.447648952201933611e-02	3.201605970624992609e-02
4.160482383743544119e+02	4.295954144106372552e-01	2.736298710676260404e-01	1.301439223047724802e-01	7.646617178429820916e-02	4.316441634791186310e-02	1.458732822245031695e-02	3.241287586218146582e-02
4.208860085880095880e+02	4.276809499133338299e-01	2.727132506964769498e-01	1.313828300977068209e-01	7.725680107091494053e-02	4.345888592793401006e-02	1.469841216798870032e-02	3.280887012552234638e-02
4.257237788016648778e+02	4.257866962072820449e-01	2.717938088114229545e-01	1.326126614890479616e-01	7.804175871657735575e-02	4.375133419936769880e-02	1.480972685303355747e-02	3.320401372314597116e-02
4.305615490153201677e+02	4.239121572800051418e-01	2.708718930784899115e-01	1.338335031494129468e-01	7.882111522378991431e-02	4.404179437815659848e-02	1.492125813840377777e-02	3.359827875161925520e-02
4.353993192289755143e+02	4.220568555664741539e-01	2.699478355312874833e-01	1.350454406678283092e-01	7.959493937786640827e-02	4.433029845696979249e-02	1.503299224004903296e-02	3.399163815940234312e-02
4.402370894426308041e+02	4.202203312025066251e-01	2.690219532216365228e-01	1.362485585648786635e-01	8.036329830416610864e-02	4.461687725919324249e-02	1.514491571819967693e-02	3.438406572929665617e-02
4.450748596562860939e+02	4.184021413087773422e-01	2.680945488433980617e-01	1.374429403058934629e-01	8.112625752321545036e-02	4.490156049051366449e-02	1.525701546693663223e-02	3.477553606114285045e-02
4.499126298699413837e+02	4.166018593041840856e-01	2.671659113306054101e-01	1.386286683141566833e-01	8.188388100379710710e-02	4.518437678820103054e-02	1.536927870416321396e-02	3.516602455476985911e-02
4.547504000835967304e+02	4.148190742473615300e-01	2.662363164309572428e-01	1.398058239841249439e-01	8.263623121408497640e-02	4.546535376819133001e-02	1.548169296196155731e-02	3.555550739319580933e-02
4.595881702972519065e+02	4.130533902051873874e-01	2.653060272556835852e-01	1.409744876946409098e-01	8.338336917090022338e-02	4.574451807006669340e-02	1.559424607731716740e-02	3.594396152608139022e-02
4.644259405109071963e+02	4.113044256471717341e-01	2.643752948067575326e-01	1.421347388221295138e-01	8.412535448716100539e-02	4.602189540002584595e-02	1.570692618319578099e-02	3.633136465343592136e-02
4.692637107245624861e+02	4.095718128646654299e-01	2.634443584823840112e-01	1.432866557537653407e-01	8.486224541759519735e-02	4.629751057193375041e-02	1.581972169995744804e-02	3.671769520957612193e-02
4.741014809382177759e+02	4.078551974138690528e-01	2.625134465616588142e-01	1.444303159006002646e-01	8.559409890278288358e-02	4.657138754653540602e-02	1.593262132709340542e-02	3.710293234733733764e-02
4.789392511518730657e+02	4.061542375816636907e-01	2.615827766692550016e-01	1.455657957106416545e-01	8.632097061159299534e-02	4.684354946891507859e-02	1.604561403527195868e-02	3.748705592253675362e-02
4.837770213655284124e+02	4.044686038733262823e-01	2.606525562209575098e-01	1.466931706818714320e-01	8.704291498207517019e-02	4.711401870427869149e-02	1.615868905868018610e-02	3.787004647868779522e-02
4.886147915791837022e+02	4.027979785212307262e-01	2.597229828508345051e-01	1.478125153751975729e-01	8.775998526086671581e-02	4.738281687213364429e-02	1.627183588764888333e-02	3.825188523196497437e-02
4.934525617928388783e+02	4.011420550136723384e-01	2.587942448207998791e-01	1.489239034273302231e-01	8.847223354117067506e-02	4.764996487893717603e-02	1.638504426154867646e-02	3.863255405641796703e-02
4.982903320064942250e+02	3.995005376429889843e-01	2.578665214132919159e-01	1.500274075635748827e-01	8.917971079936039269e-02	4.791548294928120455e-02	1.649830416194580582e-02	3.901203546943373540e-02
5.031281022201495148e+02	3.978731410721864648e-01	2.569399833077617989e-01	1.511230996105357993e-01	8.988246693026236134e-02	4.817939065567860418e-02	1.661160580600663794e-02	3.939031261744519591e-02
5.079658724338048046e+02	3.962595899193078197e-01	2.560147929416389800e-01	1.522110505087236054e-01	9.058055078116816761e-02	4.844170694701300378e-02	1.672493964014029610e-02	3.976736926188494115e-02
5.128036426474600376e+02	3.946596183588180762e-01	2.550911048564103445e-01	1.532913303250613146e-01	9.127401018462372173e-02	4.870245017571162016e-02	1.683829633386942082e-02	4.014318976538223949e-02
5.176414128611153274e+02	3.930729697393049449e-01	2.541690660294271820e-01	1.543640082652835976e-01	9.196289199004231696e-02	4.896163812369778989e-02	1.695166677391945348e-02	4.051775907820146655e-02
5.224791830747705035e+02	3.914993962168255015e-01	2.532488161920258274e-01	1.554291526862242312e-01	9.264724209418619127e-02	4.921928802717756568e-02	1.706504205851724215e-02	4.089106272492009503e-02
5.273169532884259070e+02	3.899386584032571434e-01	2.523304881345253547e-01	1.564868311079880558e-01	9.332710547055954320e-02	4.947541660031228028e-02	1.717841349189021607e-02	4.126308679134402246e-02
5.321547235020811968e+02	3.883905250290347611e-01	2.514142079986423362e-01	1.575371102260026968e-01	9.400252619775420482e-02	4.973004005782668407e-02	1.729177257895770856e-02	4.163381791165822465e-02
5.369924937157364866e+02	3.868547726196850944e-01	2.505000955578396971e-01	1.585800559229472995e-01	9.467354748678752374e-02	4.998317413660015307e-02	1.740511102020645545e-02	4.200324325581036855e-02
5.418302639293917764e+02	3.853311851855905079e-01	2.495882644861068256e-01	1.596157332805546170e-01	9.534021170747074281e-02	5.023483411628624357e-02	1.751842070674257054e-02	4.237135051712505318e-02
5.466680341430470662e+02	3.838195539244391163e-01	2.486788226156462223e-01	1.606442065912839223e-01	9.600256041384416794e-02	5.048503483900407263e-02	1.763169371551268766e-02	4.273812790014633323e-02
5.515058043567023560e+02	3.823196769358408464e-01	2.477718721839231308e-01	1.616655393698619436e-01	9.666063436871454029e-02	5.073379072814283158e-02	1.774492230468727866e-02	4.310356410870590932e-02
5.563435745703576458e+02	3.808313589476089445e-01	2.468675100705161052e-01	1.626797943646899336e-01	9.731447356732828013e-02	5.098111580631922019e-02	1.785809890919940607e-02	4.346764833421455643e-02
5.611813447840129356e+02	3.793544110532286462e-01	2.459658280241875383e-01	1.636870335691149869e-01	9.796411726021300725e-02	5.122702371252550041e-02	1.797121613643259952e-02	4.383037024417411193e-02
5.660191149976681118e+02	3.778886504600533214e-01	2.450669128805772479e-01	1.646873182325635232e-01	9.860960397521865983e-02	5.147152771850454361e-02	1.808426676205162828e-02	4.419171997090741433e-02
5.708568852113234016e+02	3.764339002477875007e-01	2.441708467709041708e-01	1.656807088715362419e-01	9.925097153878821576e-02	5.171464074438635733e-02	1.819724372597043144e-02	4.455168810050342404e-02
5.756946554249786914e+02	3.749899891368347338e-01	2.432777073220465380e-01	1.666672652804628008e-01	9.988825709648657680e-02	5.195637537361924574e-02	1.831014012845154013e-02	4.491026566197488940e-02
5.805324256386339812e+02	3.735567512661051026e-01	2.423875678483553286e-01	1.676470465424156064e-01	1.005214971328157181e-01	5.219674386722716192e-02	1.842294922633170087e-02	4.526744411662569911e-02
5.853701958522892710e+02	3.721340259798939787e-01	2.415004975355407313e-01	1.686201110396819414e-01	1.011507274903424153e-01	5.243575817742348461e-02	1.853566442936853409e-02	4.562321534762520114e-02
5.902079660659445608e+02	3.707216576234596550e-01	2.406165616169581856e-01	1.695865164641939815e-01	1.017759833881642234e-01	5.267342996061016858e-02	1.864827929670339127e-02	4.597757164978658051e-02
5.950457362795999643e+02	3.693194953469429720e-01	2.397358215426066141e-01	1.705463198278160675e-01	1.023972994397384373e-01	5.290977058978976050e-02	1.876078753343574795e-02	4.633050571954652752e-02
5.998835064932552541e+02	3.679273929172858226e-01	2.388583351411385780e-01	1.714995774724895061e-01	1.030147096700974874e-01	5.314479116641668971e-02	1.887318298730460489e-02	4.668201064514337917e-02
6.047212767069104302e+02	3.665452085378211322e-01	2.379841567751701525e-01	1.724463450802345421e-01	1.036282475324736413e-01	5.337850253171314008e-02	1.898545964547269926e-02	4.703207989699070141e-02
6.095590469205657200e+02	3.651728046752186763e-01	2.371133374901661650e-01	1.733866776830098322e-01	1.042379459243548134e-01	5.361091527747344210e-02	1.909761163140942866e-02	4.738070731824363391e-02
6.143968171342210098e+02	3.638100478934852000e-01	2.362459251571649710e-01	1.743206296724295612e-01	1.048438372029924931e-01	5.384203975638012646e-02	1.920963320186851869e-02	4.772788711555499275e-02
6.192345873478761860e+02	3.624568086947294598e-01	2.353819646095968443e-01	1.752482548093387271e-01	1.054459532003821226e-01	5.407188609185355210e-02	1.932151874395682256e-02	4.807361385001830689e-02
6.240723575615315895e+02	3.611129613664137428e-01	2.345214977744383700e-01	1.761696062332470392e-01	1.060443252377350210e-01	5.430046418745621689e-02	1.943326277229055418e-02	4.841788242829487415e-02
6.289101277751868793e+02	3.597783838348266872e-01	2.336645637979366252e-01	1.770847364716220951e-01	1.066389841394609767e-01	5.452778373587174182e-02	1.954485992623565885e-02	4.876068809392201941e-02
6.337478979888421691e+02	3.584529575245217203e-01	2.328111991661260260e-01	1.779936974490425594e-01	1.072299602466791763e-01	5.475385422747779118e-02	1.965630496722896303e-02	4.910202641879960611e-02
6.385856682024975726e+02	3.571365672234759758e-01	2.319614378203526117e-01	1.788965404962121752e-01	1.078172834302747324e-01	5.497868495853124732e-02	1.976759277617703980e-02	4.944189329485202539e-02
6.434234384161527487e+02	3.558291009537356553e-01	2.311153112680113253e-01	1.797933163588355809e-01	1.084009831035176036e-01	5.520228503898315375e-02	1.987871835092977491e-02	4.978028492586277637e-02
6.482612086298080385e+02	3.545304498473218491e-01	2.302728486886928827e-01	1.806840752063567368e-01	1.089810882342597542e-01	5.542466339994013558e-02	1.998967680382578160e-02	5.011719781947875790e-02
6.530989788434633283e+02	3.532405080271819875e-01	2.294340770359296067e-01	1.815688666405614049e-01	1.095576273567258618e-01	5.564582880078839527e-02	2.010046335930695816e-02	5.045262877938157253e-02
6.579367490571185044e+02	3.519591724929794774e-01	2.285990211347213863e-01	1.824477397040444315e-01	1.101306285829126153e-01	5.586578983599542469e-02	2.021107335159953028e-02	5.078657489762290755e-02
6.627745192707737942e+02	3.506863430115225722e-01	2.277677037750151789e-01	1.833207428885431367e-01	1.107001196136103843e-01	5.608455494160411586e-02	2.032150222245911186e-02	5.111903354712131475e-02
6.676122894844290840e+02	3.494219220116429603e-01	2.269401458013050321e-01	1.841879241431382541e-01	1.112661277490613609e-01	5.630213240143320391e-02	2.043174551897737265e-02	5.145000237431755774e-02
6.724500596980843738e+02	3.481658144833415514e-01	2.261163661985121920e-01	1.850493308823236149e-01	1.118286798992671055e-01	5.651853035299737177e-02	2.054179889144802651e-02	5.177947929198582766e-02
6.772878299117396637e+02	3.469179278810256561e-01	2.252963821742983708e-01	1.859050099939457967e-01	1.123878025939580999e-01	5.673375679315964537e-02	2.065165809128996152e-02	5.210746247219809335e-02
6.821256001253949535e+02	3.456781720306706385e-01	2.244802092379593050e-01	1.867550078470152641e-01	1.129435219922376998e-01	5.694781958352843065e-02	2.076131896902539201e-02	5.243395033943886591e-02
6.869633703390502433e+02	3.444464590407446680e-01	2.236678612760391316e-01	1.875993702993904999e-01	1.134958638919118801e-01	5.716072645561053045e-02	2.087077747231105840e-02	5.275894156386778250e-02
6.918011405527055331e+02	3.432227032167424197e-01	2.228593506248009726e-01	1.884381427053364033e-01	1.140448537385163885e-01	5.737248501573154191e-02	2.098002964402051473e-02	5.308243505472726165e-02
6.966389107663608229e+02	3.420068209791797820e-01	2.220546881396828487e-01	1.892713699229586211e-01	1.145905166340518561e-01	5.758310274973393872e-02	2.108907162037569269e-02	5.340442995389271114e-02
7.014766809800161127e+02	3.407987307849075220e-01	2.212538832618633489e-01	1.900990963215153651e-01	1.151328773454374371e-01	5.779258702746314924e-02	2.119789962912598316e-02	5.372492562956263790e-02
7.063144511936714025e+02	3.395983530516079596e-01	2.204569440820559889e-01	1.909213657886079107e-01	1.156719603126930562e-01	5.800094510705117862e-02	2.130650998777313190e-02	5.404392167008615494e-02
7.111522214073266923e+02	3.384056100853444771e-01	2.196638774016466400e-01	1.917382217372517739e-01	1.162077896568597807e-01	5.820818413900708671e-02	2.141489910184033243e-02	5.436141787792525548e-02
7.159899916209819821e+02	3.372204260110381324e-01	2.188746887912829675e-01	1.925497071128299265e-01	1.167403891876676730e-01	5.841431117012303720e-02	2.152306346318401398e-02	5.467741426374949504e-02
7.208277618346371582e+02	3.360427267057520817e-01	2.180893826470215180e-01	1.933558643999296889e-01	1.172697824109601439e-01	5.861933314720446653e-02	2.163099964834678743e-02	5.499191104066049329e-02
7.256655320482924481e+02	3.348724397346681814e-01	2.173079622441325687e-01	1.941567356290647417e-01	1.177959925358833537e-01	5.882325692063224143e-02	2.173870431695016509e-02	5.530490861854385487e-02
7.305033022619478515e+02	3.337094942896459138e-01	2.165304297886595508e-01	1.949523623832842834e-01	1.183190424818488795e-01	5.902608924776460431e-02	2.184617421012568367e-02	5.561640759854614285e-02
7.353410724756030277e+02	3.325538211302576097e-01	2.157567864668254731e-01	1.957427858046703606e-01	1.188389548852778060e-01	5.922783679618620623e-02	2.195340614898315043e-02	5.592640876767443481e-02
7.401788426892584312e+02	3.314053525271984935e-01	2.149870324923750797e-01	1.965280466007255922e-01	1.193557521061337640e-01	5.942850614681117333e-02	2.206039703311472519e-02	5.623491309351622003e-02
7.450166129029136073e+02	3.302640222079746279e-01	2.142211671519377580e-01	1.973081850506524515e-01	1.198694562342522835e-01	5.962810379684696516e-02	2.216714383913368988e-02	5.654192171907728576e-02
7.498543831165690108e+02	3.291297653047750016e-01	2.134591888484930200e-01	1.980832410115259679e-01	1.203800890954737773e-01	5.982663616262531153e-02	2.227364361924672256e-02	5.684743595773521230e-02
7.546921533302243006e+02	3.280025183044388282e-01	2.127010951430164942e-01	1.988532539243613173e-01	1.208876722575868840e-01	6.002410958230643134e-02	2.237989349985859688e-02	5.715145728830644395e-02
7.595299235438793630e+02	3.268822190004314621e-01	2.119468827943816469e-01	1.996182628200782183e-01	1.213922270360886096e-01	6.022053031846218846e-02	2.248589068020825574e-02	5.745398735022452796e-02
7.643676937575347665e+02	3.257688064467480493e-01	2.111965477975889238e-01	2.003783063253632424e-01	1.218937744997680567e-01	6.041590456054393710e-02	2.259163243103524954e-02	5.775502793882737740e-02
7.692054639711900563e+02	3.246622209136644233e-01	2.104500854203917026e-01	2.011334226684321769e-01	1.223923354761192878e-01	6.061023842724012206e-02	2.269711609327553642e-02	5.805458100075153866e-02
7.740432341848452324e+02	3.235624038452608597e-01	2.097074902383846418e-01	2.018836496846936057e-01	1.228879305565897945e-01	6.080353796872895594e-02	2.280233907678580127e-02	5.835264862943112529e-02
7.788810043985006359e+02	3.224692978186454728e-01	2.089687561686182637e-01	2.026290248223156232e-01	1.233805801016697734e-01	6.099580916883071136e-02	2.290729885909529098e-02	5.864923306069955156e-02
7.837187746121558121e+02	3.213828465048084726e-01	2.082338765018003635e-01	2.033695851476970129e-01	1.238703042458279835e-01	6.118705794706449930e-02	2.301199298418440953e-02	5.894433666849184517e-02
7.885565448258112156e+02	3.203029946310392839e-01	2.075028439331427221e-01	2.041053673508447519e-01	1.243571229022993052e-01	6.137729016061373166e-02	2.311641906128918122e-02	5.923796196064562425e-02
7.933943150394665054e+02	3.192296879448437985e-01	2.067756505919086107e-01	2.048364077506588665e-01	1.248410557677291227e-01	6.156651160620461860e-02	2.322057476373086404e-02	5.953011157479870530e-02
7.982320852531219089e+02	3.181628731793000875e-01	2.060522880697152337e-01	2.055627423001269438e-01	1.253221223266793860e-01	6.175472802190161425e-02	2.332445782776988025e-02	5.982078827438139929e-02
8.030698554667769713e+02	3.171024980197933996e-01	2.053327474476422665e-01	2.062844065914291314e-01	1.258003418560011133e-01	6.194194508882363420e-02	2.342806605148339480e-02	6.010999494470156690e-02
8.079076256804323748e+02	3.160485110720744895e-01	2.046170193221955869e-01	2.070014358609554017e-01	1.262757334290778855e-01	6.212816843278478468e-02	2.353139729366582333e-02	6.039773458912053861e-02
8.127453958940876646e+02	3.150008618315868758e-01	2.039050938301736615e-01	2.077138649942369131e-01	1.267483159199443710e-01	6.231340362586295506e-02	2.363444947275162439e-02	6.068401032531803296e-02
8.175831661077428407e+02	3.139595006540115696e-01	2.031969606724819966e-01	2.084217285307922163e-01	1.272181080072849191e-01	6.249765618789971527e-02	2.373722056575967160e-02	6.096882538164431764e-02
8.224209363213982442e+02	3.129243787269788690e-01	2.024926091369388115e-01	2.091250606688905833e-01	1.276851281783151493e-01	6.268093158793464070e-02	2.383970860725866808e-02	6.125218309355768415e-02
8.272587065350534203e+02	3.118954480429003140e-01	2.017920281201138755e-01	2.098238952702332349e-01	1.281493947325514637e-01	6.286323524557703435e-02	2.394191168835295078e-02	6.153408690014555704e-02
8.320964767487085965e+02	3.108726613728745591e-01	2.010952061482400577e-01	2.105182658645543825e-01	1.286109257854715915e-01	6.304457253231809943e-02	2.404382795568813305e-02	6.181454034072750986e-02
8.369342469623640000e+02	3.098559722416236450e-01	2.004021313972366436e-01	2.112082056541432773e-01	1.290697392720701608e-01	6.322494877278610204e-02	2.414545561047604094e-02	6.209354705153845994e-02
8.417720171760191761e+02	3.088453349034168682e-01	1.997127917118800278e-01	2.118937475182886276e-01	1.295258529503126588e-01	6.340436924594733403e-02	2.424679290753841213e-02	6.237111076249034214e-02
8.466097873896745796e+02	3.078407043189432257e-01	1.990271746241582540e-01	2.125749240176469101e-01	1.299792844044910523e-01	6.358283918625529108e-02	2.434783815436882687e-02	6.264723529401061697e-02
8.514475576033297557e+02	3.068420361330924662e-01	1.983452673708420155e-01	2.132517673985359352e-01	1.304300510484846798e-01	6.376036378475048727e-02	2.444858971021243374e-02	6.292192455395613504e-02
8.562853278169851592e+02	3.058492866536082766e-01	1.976670569103053665e-01	2.139243095971547770e-01	1.308781701289290778e-01	6.393694819011316866e-02	2.454904598516293585e-02	6.319518253460050528e-02
8.611230980306403353e+02	3.048624128305782444e-01	1.969925299386266759e-01	2.145925822437317332e-01	1.313236587282961276e-01	6.411259750967115978e-02	2.464920543927643509e-02	6.346701330969362065e-02
8.659608682442956251e+02	3.038813722367260106e-01	1.963216729049997722e-01	2.152566166666014247e-01	1.317665337678884108e-01	6.428731681036484180e-02	2.474906658170167653e-02	6.373742103159187045e-02
8.707986384579510286e+02	3.029061230484728640e-01	1.956544720264837833e-01	2.159164438962122845e-01	1.322068120107502687e-01	6.446111111967130214e-02	2.484862796982626604e-02	6.400640992845720023e-02
8.756364086716062047e+02	3.019366240277381874e-01	1.949909133021190677e-01	2.165720946690659066e-01	1.326445100644988717e-01	6.463398542648951528e-02	2.494788820843846580e-02	6.427398430152396480e-02
8.804741788852616082e+02	3.009728345044477282e-01	1.943309825264354640e-01	2.172235994315892815e-01	1.330796443840771004e-01	6.480594468198844216e-02	2.504684594890417906e-02	6.454014852243178391e-02
8.853119490989170117e+02	3.000147143597215460e-01	1.936746653023780351e-01	2.178709883439412243e-01	1.335122312744316253e-01	6.497699380041956074e-02	2.514549988835874939e-02	6.480490703062323499e-02
8.901497193125721878e+02	2.990622240097133289e-01	1.930219470536743698e-01	2.185142912837544360e-01	1.339422868931179900e-01	6.514713765989577077e-02	2.524384876891318241e-02	6.506826433080485639e-02
8.949874895262273640e+02	2.981153243900752647e-01	1.923728130366666178e-01	2.191535378498139786e-01	1.343698272528354720e-01	6.531638110313790768e-02	2.534189137687450216e-02	6.533022499047010101e-02
8.998252597398827675e+02	2.971739769410227661e-01	1.917272483516304082e-01	2.197887573656736593e-01	1.347948682238935270e-01	6.548472893819069773e-02	2.543962654197981857e-02	6.559079363748290814e-02
9.046630299535379436e+02	2.962381435929740681e-01	1.910852379536019663e-01	2.204199788832113260e-01	1.352174255366125066e-01	6.565218593910929212e-02	2.553705313664385648e-02	6.584997495772068610e-02
9.095008001671932334e+02	2.953077867527424405e-01	1.904467666627338573e-01	2.210472311861242656e-01	1.356375147836604567e-01	6.581875684661783743e-02	2.563417007521959223e-02	6.610777369277526239e-02
9.143385703808486369e+02	2.943828692902573096e-01	1.898118191741986760e-01	2.216705427933659545e-01	1.360551514223280190e-01	6.598444636874145619e-02	2.573097631327171328e-02	6.636419463771058014e-02
9.191763405945038130e+02	2.934633545257939735e-01	1.891803800676597203e-01	2.222899419625249395e-01	1.364703507767436874e-01	6.614925918141278949e-02	2.582747084686257480e-02	6.661924263887600284e-02
9.240141108081592165e+02	2.925492062176905939e-01	1.885524338163264979e-01	2.229054566931472359e-01	1.368831280400307771e-01	6.631319992905423955e-02	2.592365271185039302e-02	6.687292259177388121e-02
9.288518810218145063e+02	2.916403885505324811e-01	1.879279647956122457e-01	2.235171147300031858e-01	1.372934982764087986e-01	6.647627322513718906e-02	2.601952098319941856e-02	6.712523943898027201e-02
9.336896512354697961e+02	2.907368661237854091e-01	1.873069572914100867e-01	2.241249435662996392e-01	1.377014764232399047e-01	6.663848365271904384e-02	2.611507477430177054e-02	6.737619816811764306e-02
9.385274214491247449e+02	2.898386039408593073e-01	1.866893955080035084e-01	2.247289704468390381e-01	1.381070772930231283e-01	6.679983576495938935e-02	2.621031323631074772e-02	6.762580380987831541e-02
9.433651916627801484e+02	2.889455673985846795e-01	1.860752635756266204e-01	2.253292223711257647e-01	1.385103155753374671e-01	6.696033408561592737e-02	2.630523555748528683e-02	6.787406143609769904e-02
9.482029618764355519e+02	2.880577222770855372e-01	1.854645455576884872e-01	2.259257260964209757e-01	1.389112058387355630e-01	6.711998310952138613e-02	2.639984096254538795e-02	6.812097615787604532e-02
9.530407320900908417e+02	2.871750347300326967e-01	1.848572254576756335e-01	2.265185081407472545e-01	1.393097625325895317e-01	6.727878730304215349e-02	2.649412871203826042e-02	6.836655312374780025e-02
9.578785023037459041e+02	2.862974712752614503e-01	1.842532872257461596e-01	2.271075947858434696e-01	1.397059999888904669e-01	6.743675110451952115e-02	2.658809810171494648e-02	6.861079751789732339e-02
9.627162725174014213e+02	2.854249987857395143e-01	1.836527147650281189e-01	2.276930120800709223e-01	1.400999324240029820e-01	6.759387892469431725e-02	2.668174846191720406e-02	6.885371455842016764e-02
9.675540427310568248e+02	2.845575844808712063e-01	1.830554919376346790e-01	2.282747858412724484e-01	1.404915739403760910e-01	6.775017514711562105e-02	2.677507915697448573e-02	6.909530949562865676e-02
9.723918129447120009e+02	2.836951959181232552e-01	1.824616025704078048e-01	2.288529416595837807e-01	1.408809385282120130e-01	6.790564412853453136e-02	2.686808958461072219e-02	6.933558761040096996e-02
9.772295831583674044e+02	2.828378009849606967e-01	1.818710304604015116e-01	2.294275049002000022e-01	1.412680400670940639e-01	6.806029019928339086e-02	2.696077917536079255e-02	6.957455421257266459e-02
9.820673533720223531e+02	2.819853678910786976e-01	1.812837593801161773e-01	2.299985007060961484e-01	1.416528923275746921e-01	6.821411766364129936e-02	2.705314739199644533e-02	6.981221463936963800e-02
9.869051235856777566e+02	2.811378651609200974e-01	1.806997730824935200e-01	2.305659540007043706e-01	1.420355089727252662e-01	6.836713080018655408e-02	2.714519372896148294e-02	7.004857425388180681e-02
9.917428937993331601e+02	2.802952616264657859e-01	1.801190553056829236e-01	2.311298894905471912e-01	1.424159035596483658e-01	6.851933386213648891e-02	2.723691771181606033e-02	7.028363844357626844e-02
9.965806640129884499e+02	2.794575264202875386e-01	1.795415897775880787e-01	2.316903316678287639e-01	1.427940895409539612e-01	6.867073107767547591e-02	2.732831889668986547e-02	7.051741261884934830e-02
1.001418434226643626e+03	2.786246289688527611e-01	1.789673602202036251e-01	2.322473048129839457e-01	1.431700802662006222e-01	6.882132665027143603e-02	2.741939686974406015e-02	7.074990221161653325e-02
1.006256204440298802e+03	2.777965389860704848e-01	1.783963503537502049e-01	2.328008329971869017e-01	1.435438889833025311e-01	6.897112475898159456e-02	2.751015124664179731e-02	7.098111267393938939e-02
1.011093974653954206e+03	2.769732264670699551e-01	1.778285439006165036e-01	2.333509400848194082e-01	1.439155288399034671e-01	6.912012955874771714e-02	2.760058167202714130e-02	7.121104947668858987e-02
1.015931744867609382e+03	2.761546616822012079e-01	1.772639245891164950e-01	2.338976497358997153e-01	1.442850128847189273e-01	6.926834518068158975e-02	2.769068781901224546e-02	7.143971810824256696e-02
1.020769515081264785e+03	2.753408151712494201e-01	1.767024761570692992e-01	2.344409854084729961e-01	1.446523540688470222e-01	6.941577573234092302e-02	2.778046938867264129e-02	7.166712407322041456e-02
1.025607285294920075e+03	2.745316577378547063e-01	1.761441823552094832e-01	2.349809703609637979e-01	1.450175652470491738e-01	6.956242529799630536e-02	2.786992610955045871e-02	7.189327289124879117e-02
1.030445055508575479e+03	2.737271604441285366e-01	1.755890269504343792e-01	2.355176276544911906e-01	1.453806591790017533e-01	6.970829793888959347e-02	2.795905773716546652e-02	7.211817009576172721e-02
1.035282825722230655e+03	2.729272946054591142e-01	1.750369937288961120e-01	2.360509801551478326e-01	1.457416485305190468e-01	6.985339769348397621e-02	2.804786405353378378e-02	7.234182123283271204e-02
1.040120595935886058e+03	2.721320317854983295e-01	1.744880664989439667e-01	2.365810505362429539e-01	1.461005458747487440e-01	6.999772857770623913e-02	2.813634486669409213e-02	7.256423186003826964e-02
1.044958366149541234e+03	2.713413437913227422e-01	1.739422290939236782e-01	2.371078612805103958e-01	1.464573636933406420e-01	7.014129458518156279e-02	2.822450001024126923e-02	7.278540754535231527e-02
1.049796136363196410e+03	2.705552026687618739e-01	1.733994653748401893e-01	2.376314346822820389e-01	1.468121143775894533e-01	7.028409968746113234e-02	2.831232934286726649e-02	7.300535386607062693e-02
1.054633906576851814e+03	2.697735806978870388e-01	1.728597592328888211e-01	2.381517928496278413e-01	1.471648102295521621e-01	7.042614783424290537e-02	2.839983274790913031e-02	7.322407640776461279e-02
1.059471676790506763e+03	2.689964503886543290e-01	1.723230945918608203e-01	2.386689577064623480e-01	1.475154634631410111e-01	7.056744295358589880e-02	2.848701013290402123e-02	7.344158076326395834e-02
1.064309447004162394e+03	2.682237844766956480e-01	1.717894554104287819e-01	2.391829509946188370e-01	1.478640862051926463e-01	7.070798895211821700e-02	2.857386142915113378e-02	7.365787253166708459e-02
1.069147217217817570e+03	2.674555559192515197e-01	1.712588256843164403e-01	2.396937942758916584e-01	1.482106904965140304e-01	7.084778971523907065e-02	2.866038659128037486e-02	7.387295731737915372e-02
1.073984987431472746e+03	2.666917378912411207e-01	1.707311894483582171e-01	2.402015089340471532e-01	1.485552882929060403e-01	7.098684910731521691e-02	2.874658559682769995e-02	7.408684072917677554e-02
1.078822757645127922e+03	2.659323037814624313e-01	1.702065307784531023e-01	2.407061161768038471e-01	1.488978914661651110e-01	7.112517097187180670e-02	2.883245844581699274e-02	7.429952837929888754e-02
1.083660527858783553e+03	2.651772271889190624e-01	1.696848337934170892e-01	2.412076370377826684e-01	1.492385118050636728e-01	7.126275913177822219e-02	2.891800516034837010e-02	7.451102588256310055e-02
1.088498298072438729e+03	2.644264819192674865e-01	1.691660826567386033e-01	2.417060923784273285e-01	1.495771610163101062e-01	7.139961738942873781e-02	2.900322578419282232e-02	7.472133885550698296e-02
1.093336068286093905e+03	2.636800419813806196e-01	1.686502615782414505e-01	2.422015028898961142e-01	1.499138507254884622e-01	7.153574952691864330e-02	2.908812038239305328e-02	7.493047291555374190e-02
1.098173838499749309e+03	2.629378815840226480e-01	1.681373548156583075e-01	2.426938890949245919e-01	1.502485924779787818e-01	7.167115930621560660e-02	2.917268904087044409e-02	7.513843368020167723e-02
1.103011608713404712e+03	2.621999751326312134e-01	1.676273466761195319e-01	2.431832713496610565e-01	1.505813977398585968e-01	7.180585046932690119e-02	2.925693186603803633e-02	7.534522676623668647e-02
1.107849378927059888e+03	2.614662972262025153e-01	1.671202215175601746e-01	2.436696698454740850e-01	1.509122778987857516e-01	7.193982673846230358e-02	2.934084898441942368e-02	7.555085778896773741e-02
1.112687149140715292e+03	2.607368226542750023e-01	1.666159637500492230e-01	2.441531046107332514e-01	1.512412442648636557e-01	7.207309181619313276e-02	2.942444054227347228e-02	7.575533236148422611e-02
1.117524919354370468e+03	2.600115263940083743e-01	1.661145578370439024e-01	2.446335955125635564e-01	1.515683080714889108e-01	7.220564938560734836e-02	2.950770670522474132e-02	7.595865609393505358e-02
1.122362689568025871e+03	2.592903836073535140e-01	1.656159882965725916e-01	2.451111622585740168e-01	1.518934804761820634e-01	7.233750311046124870e-02	2.959064765789957280e-02	7.616083459282883827e-02
1.127200459781681047e+03	2.585733696383102909e-01	1.651202397023494306e-01	2.455858243985604428e-01	1.522167725614018974e-01	7.246865663532738033e-02	2.967326360356771150e-02	7.636187346035465395e-02
1.132038229995336451e+03	2.578604600102696875e-01	1.646272966848230934e-01	2.460576013261837058e-01	1.525381953353436848e-01	7.259911358573932494e-02	2.975555476378935818e-02	7.656177829372295962e-02
1.136876000208991627e+03	2.571516304234366390e-01	1.641371439321632208e-01	2.465265122806230280e-01	1.528577597327219484e-01	7.272887756833323891e-02	2.983752137806762461e-02	7.676055468452608332e-02
1.141713770422646803e+03	2.564468567523308651e-01	1.636497661911867074e-01	2.469925763482056225e-01	1.531754766155379865e-01	7.285795217098625653e-02	2.991916370350625534e-02	7.695820821811799606e-02
1.146551540636302207e+03	2.557461150433625319e-01	1.631651482682265897e-01	2.474558124640126033e-01	1.534913567738326601e-01	7.298634096295202045e-02	3.000048201447255009e-02	7.715474447301272354e-02
1.151389310849957155e+03	2.550493815124795782e-01	1.626832750299459784e-01	2.479162394134614422e-01	1.538054109264247460e-01	7.311404749499343658e-02	3.008147660226540704e-02	7.735016902030099339e-02
1.156227081063612786e+03	2.543566325428845420e-01	1.622041314040995608e-01	2.483738758338660813e-01	1.541176497216355246e-01	7.324107529951265350e-02	3.016214777478840384e-02	7.754448742308482634e-02
1.161064851277267962e+03	2.536678446828171674e-01	1.617277023802447533e-01	2.488287402159743145e-01	1.544280837379995164e-01	7.336742789067847437e-02	3.024249585622786757e-02	7.773770523592943293e-02
1.165902621490923138e+03	2.529829946434017374e-01	1.612539730104047275e-01	2.492808509054836030e-01	1.547367234849622020e-01	7.349310876455131258e-02	3.032252118673577773e-02	7.792982800433212454e-02
1.170740391704578315e+03	2.523020592965549702e-01	1.607829284096855271e-01	2.497302261045350469e-01	1.550435794035647241e-01	7.361812139920574649e-02	3.040222412211751948e-02	7.812086126420787757e-02
1.175578161918233945e+03	2.516250156729537002e-01	1.603145537568492207e-01	2.501768838731863176e-01	1.553486618671160169e-01	7.374246925485082593e-02	3.048160503352436920e-02	7.831081054139094055e-02
1.180415932131889122e+03	2.509518409600588473e-01	1.598488342948448104e-01	2.506208421308638856e-01	1.556519811818527776e-01	7.386615577394811671e-02	3.056066430715062565e-02	7.849968135115231727e-02
1.185253702345544298e+03	2.502825125001941764e-01	1.593857553312991449e-01	2.510621186577947084e-01	1.559535475875875321e-01	7.398918438132770503e-02	3.063940234393534856e-02	7.868747919773268207e-02
1.190091472559199701e+03	2.496170077886778471e-01	1.589253022389692238e-01	2.515007310964181286e-01	1.562533712583450973e-01	7.411155848430212023e-02	3.071781955926862137e-02	7.887420957389022769e-02
1.194929242772855105e+03	2.489553044720039798e-01	1.584674604561578659e-01	2.519366969527777611e-01	1.565514623029876928e-01	7.423328147277837019e-02	3.079591638270225487e-02	7.905987796046327898e-02
1.199767012986510281e+03	2.482973803460733764e-01	1.580122154870939599e-01	2.523700335978945053e-01	1.568478307658291437e-01	7.435435671936808932e-02	3.087369325766490397e-02	7.924448982594715918e-02
1.204604783200165684e+03	2.476432133544707315e-01	1.575595529022796037e-01	2.528007582691201849e-01	1.571424866272382315e-01	7.447478757949584083e-02	3.095115064118147616e-02	7.942805062608505884e-02
1.209442553413820860e+03	2.469927815867869192e-01	1.571094583388046584e-01	2.532288880714727020e-01	1.574354398042316916e-01	7.459457739150572586e-02	3.102828900359681438e-02	7.961056580347250500e-02
1.214280323627476264e+03	2.463460632769846892e-01	1.566619175006309650e-01	2.536544399789531501e-01	1.577267001510570810e-01	7.471372947676639675e-02	3.110510882830357787e-02	7.979204078717511139e-02
1.219118093841131440e+03	2.457030368018059407e-01	1.562169161588471133e-01	2.540774308358444977e-01	1.580162774597655695e-01	7.483224713977430775e-02	3.118161061147424126e-02	7.997248099235929053e-02
1.223955864054786844e+03	2.450636806792194089e-01	1.557744401518952326e-01	2.544978773579927300e-01	1.583041814607750730e-01	7.495013366825559187e-02	3.125779486179715988e-02	8.015189181993567780e-02
1.228793634268442020e+03	2.444279735669065423e-01	1.553344753857711646e-01	2.549157961340711709e-01	1.585904218234241436e-01	7.506739233326635563e-02	3.133366210021667347e-02	8.033027865621476804e-02
1.233631404482097196e+03	2.437958942607852120e-01	1.548970078341989354e-01	2.553312036268269303e-01	1.588750081565164229e-01	7.518402638929151671e-02	3.140921285967711307e-02	8.050764687257466745e-02
1.238469174695752372e+03	2.431674216935686694e-01	1.544620235387810236e-01	2.557441161743111979e-01	1.591579500088562138e-01	7.530003907434235089e-02	3.148444768487074913e-02	8.068400182514057217e-02
1.243306944909407548e+03	2.425425349333593661e-01	1.540295086091252319e-01	2.561545499910928836e-01	1.594392568697753920e-01	7.541543361005263735e-02	3.155936713198953525e-02	8.085934885447562670e-02
1.248144715123063179e+03	2.419212131822759126e-01	1.535994492229495190e-01	2.565625211694562702e-01	1.597189381696516308e-01	7.553021320177356890e-02	3.163397176848064402e-02	8.103369328528305104e-02
1.252982485336718355e+03	2.413034357751121239e-01	1.531718316261653778e-01	2.569680456805825131e-01	1.599970032804184650e-01	7.564438103866732988e-02	3.170826217280572901e-02	8.120704042611900930e-02
1.257820255550373531e+03	2.406891821780269558e-01	1.527466421329413404e-01	2.573711393757154853e-01	1.602734615160670562e-01	7.575794029379961936e-02	3.178223893420385748e-02	8.137939556911620576e-02
