3.033281923961862958e+03	1.458888871221874772e-01	8.502899402950027385e-02	3.173763044147904222e-01	2.014910201614474317e-01	9.551933778491666915e-02	4.428755401540365039e-02	1.104079024704116424e-01
3.047795234602828714e+03	1.455876486804895398e-01	8.492722778330513700e-02	3.173158187120350138e-01	2.019407963988729127e-01	9.531618903492727890e-02	4.464337799099850346e-02	1.102689413980291744e-01
3.062308545243794470e+03	1.452888082612952825e-01	8.483114795470594882e-02	3.173749478602457263e-01	2.022391274676967332e-01	9.523421608856524889e-02	4.489420788121004785e-02	1.101375444849385793e-01
3.076821855884760225e+03	1.449948700897809584e-01	8.473936507909378413e-02	3.175062968750378967e-01	2.024558749520293799e-01	9.521413169442044522e-02	4.507463433497276017e-02	1.100148269733223355e-01
3.091335166525725526e+03	1.447070280015545218e-01	8.465093916301549837e-02	3.176800799273149511e-01	2.026279443354768173e-01	9.522518194101256550e-02	4.520758196595042744e-02	1.099012446643327784e-01
3.105848477166692192e+03	1.444257995640058356e-01	8.456522893813189778e-02	3.178775133544422538e-01	2.027748326351252184e-01	9.525148573329624002e-02	4.530829315020687420e-02	1.097968466234491708e-01
3.120361787807657493e+03	1.441513560243464498e-01	8.448179233670266575e-02	3.180867505820645924e-01	2.029068422073918854e-01	9.528488912575378000e-02	4.538693434996086962e-02	1.097014353724372476e-01
3.134875098448624158e+03	1.438836933413437102e-01	8.440032058497259904e-02	3.183003514758154795e-01	2.030294207815024621e-01	9.532123647949686251e-02	4.545030853806333870e-02	1.096146687974630385e-01
3.149388409089589004e+03	1.436227204171796057e-01	8.432059444316715446e-02	3.185136903067612990e-01	2.031454549455609104e-01	9.535843057599671657e-02	4.550298428724609823e-02	1.095361250227457200e-01
3.163901719730555214e+03	1.433683043379168076e-01	8.424245508027838891e-02	3.187239450531760276e-01	2.032564821796824517e-01	9.539542733958762677e-02	4.554804241984562740e-02	1.094653435881706438e-01
3.178415030371521425e+03	1.431202933904773267e-01	8.416578464471469179e-02	3.189294508709409892e-01	2.033633312747619160e-01	9.543171746648509979e-02	4.558757096541550535e-02	1.094018513858620589e-01
3.192928341012487181e+03	1.428785286561449486e-01	8.409049327272540009e-02	3.191292840097494921e-01	2.034664605381322211e-01	9.546706080888871238e-02	4.562299395256939893e-02	1.093451787604474562e-01
3.207441651653452936e+03	1.426428497739554990e-01	8.401651037944846134e-02	3.193229928390910466e-01	2.035661361802844072e-01	9.550135135786586016e-02	4.565529021583973612e-02	1.092948692521725912e-01
3.221954962294418237e+03	1.424130977554837196e-01	8.394377880379415291e-02	3.195104234813507249e-01	2.036625261720308444e-01	9.553454930204711981e-02	4.568513924888675803e-02	1.092504852350643096e-01
3.236468272935384903e+03	1.421891163253080348e-01	8.387225085816495118e-02	3.196916066554527092e-01	2.037557493962831034e-01	9.556664726748635708e-02	4.571301858172266419e-02	1.092116109142398095e-01
3.250981583576350204e+03	1.419707525347126686e-01	8.380188565169539860e-02	3.198666843107358382e-01	2.038459011685151978e-01	9.559765379748039194e-02	4.573926889867635515e-02	1.091778536368417513e-01
3.265494894217316414e+03	1.417578570232507218e-01	8.373264726645986145e-02	3.200358622156256327e-01	2.039330662827572582e-01	9.562758540995050516e-02	4.576413766088945762e-02	1.091488441397241160e-01
3.280008204858282170e+03	1.415502841129978040e-01	8.366450350615203813e-02	3.201993795129890463e-01	2.040173254918955237e-01	9.565646284531315047e-02	4.578780838867827635e-02	1.091242361406316724e-01
3.294521515499247926e+03	1.413478918248062821e-01	8.359742502993332269e-02	3.203574893760158249e-01	2.040987585521642222e-01	9.568430931152617502e-02	4.581042036635605413e-02	1.091037055378555887e-01
3.309034826140214136e+03	1.411505418585178584e-01	8.353138474622831544e-02	3.205104469223975516e-01	2.041774454892559543e-01	9.571114964909768763e-02	4.583208194289023485e-02	1.090869493902698328e-01
3.323548136781179892e+03	1.409580995561064698e-01	8.346635738264142346e-02	3.206585018637788109e-01	2.042534669626808186e-01	9.573700990015715506e-02	4.585287954482418493e-02	1.090736847884685584e-01
3.338061447422145648e+03	1.407704338558972701e-01	8.340231917579529752e-02	3.208018942310943977e-01	2.043269041906665140e-01	9.576191704351987022e-02	4.587288381418232891e-02	1.090636476875018052e-01
3.352574758063111403e+03	1.405874172411340772e-01	8.333924764334621482e-02	3.209408520837570555e-01	2.043978386778912970e-01	9.578589879210826219e-02	4.589215381512613129e-02	1.090565917452944872e-01
3.367088068704076704e+03	1.404089256841289379e-01	8.327712141276782942e-02	3.210755904843506370e-01	2.044663518715071904e-01	9.580898341198629264e-02	4.591073994038183392e-02	1.090522871935347832e-01
3.381601379345043824e+03	1.402348385864843894e-01	8.321592008975092769e-02	3.212063112670690557e-01	2.045325248089109038e-01	9.583119955015453884e-02	4.592868593974858138e-02	1.090505197565390938e-01
3.396114689986008671e+03	1.400650387156857357e-01	8.315562415459681889e-02	3.213332032910432012e-01	2.045964377878995710e-01	9.585257606950842169e-02	4.594603035362621046e-02	1.090510896262975454e-01
3.410628000626974881e+03	1.398994121383737854e-01	8.309621487869203738e-02	3.214564429773560938e-01	2.046581700725783881e-01	9.587314189305058687e-02	4.596280754138066388e-02	1.090538104972259004e-01
3.425141311267940637e+03	1.397378481506740266e-01	8.303767425564469173e-02	3.215761949996712166e-01	2.047177996394071164e-01	9.589292585995232154e-02	4.597904843210712245e-02	1.090585086612009813e-01
3.439654621908906392e+03	1.395802392060178088e-01	8.297998494334128672e-02	3.216926130453260368e-01	2.047754029632172235e-01	9.591195659541278118e-02	4.599478108369790125e-02	1.090650221616444038e-01
3.454167932549872603e+03	1.394264808409249046e-01	8.292313021431640951e-02	3.218058405946432332e-01	2.048310548408292242e-01	9.593026239536181499e-02	4.601003110823221470e-02	1.090732000043495992e-01
3.468681243190838359e+03	1.392764715992254598e-01	8.286709391259519664e-02	3.219160116864741572e-01	2.048848282489468819e-01	9.594787112624267311e-02	4.602482200301190318e-02	1.090829014221611493e-01
3.483194553831804114e+03	1.391301129551864302e-01	8.281186041569205125e-02	3.220232516512134824e-01	2.049367942327061376e-01	9.596481013949867411e-02	4.603917541402244989e-02	1.090939951903381888e-01
3.497707864472769415e+03	1.389873092359807383e-01	8.275741460080646150e-02	3.221276778010828679e-01	2.049870218212921091e-01	9.598110619997460291e-02	4.605311135016613294e-02	1.091063589893544877e-01
3.512221175113736081e+03	1.388479675439010241e-01	8.270374181450461382e-02	3.222294000729559738e-01	2.050355779672368983e-01	9.599678542719511376e-02	4.606664836093429805e-02	1.091198788119294300e-01
3.526734485754701382e+03	1.387119976786799214e-01	8.265082784534688587e-02	3.223285216224427430e-01	2.050825275062825581e-01	9.601187324835801229e-02	4.607980368634891077e-02	1.091344484111983482e-01
3.541247796395667592e+03	1.385793120602358264e-01	8.259865889904347003e-02	3.224251393700592883e-01	2.051279331349879498e-01	9.602639436184165489e-02	4.609259338540289130e-02	1.091499687870863267e-01
3.555761107036633348e+03	1.384498256521232706e-01	8.254722157580668407e-02	3.225193445015488991e-01	2.051718554035503739e-01	9.604037271004625675e-02	4.610503244745751961e-02	1.091663477081244032e-01
3.570274417677599104e+03	1.383234558859261221e-01	8.249650284963179481e-02	3.226112229250941432e-01	2.052143527215906094e-01	9.605383146044339793e-02	4.611713488984155174e-02	1.091834992661297882e-01
3.584787728318565314e+03	1.382001225867964256e-01	8.244649004928503166e-02	3.227008556884723989e-01	2.052554813749067897e-01	9.606679299378520498e-02	4.612891384405871931e-02	1.092013434613528233e-01
3.599301038959531070e+03	1.380797479003078865e-01	8.239717084081277232e-02	3.227883193592940847e-01	2.052952955514371902e-01	9.607927889850986780e-02	4.614038163242662610e-02	1.092198058158689311e-01
3.613814349600496826e+03	1.379622562207629966e-01	8.234853321141337446e-02	3.228736863714091743e-01	2.053338473748833048e-01	9.609130997047064804e-02	4.615154983655755938e-02	1.092388170131603081e-01
3.628327660241463036e+03	1.378475741210656025e-01	8.230056545453462435e-02	3.229570253404330793e-01	2.053711869446357419e-01	9.610290621720234128e-02	4.616242935879735082e-02	1.092583125619886464e-01
3.642840970882427882e+03	1.377356302842472069e-01	8.225325615607725904e-02	3.230384013511637953e-01	2.054073623808147231e-01	9.611408686602444795e-02	4.617303047752381595e-02	1.092782324828062146e-01
3.657354281523394548e+03	1.376263554367141428e-01	8.220659418159957654e-02	3.231178762194623633e-01	2.054424198733884876e-01	9.612487037535805134e-02	4.618336289704732395e-02	1.092985210150875658e-01
3.671867592164359849e+03	1.375196822832643884e-01	8.216056866442998652e-02	3.231955087309629771e-01	2.054764037344689320e-01	9.613527444870639815e-02	4.619343579273562511e-02	1.093191263440892180e-01
3.686380902805326514e+03	1.374155454439065782e-01	8.211516899460469254e-02	3.232713548587783370e-01	2.055093564530011685e-01	9.614531605081497179e-02	4.620325785189220713e-02	1.093400003456595493e-01
3.700894213446291815e+03	1.373138813925006418e-01	8.207038480855627371e-02	3.233454679621711181e-01	2.055413187511720974e-01	9.615501142558663394e-02	4.621283731084363522e-02	1.093610983478270487e-01
3.715407524087257570e+03	1.372146283972266179e-01	8.202620597948721837e-02	3.234178989679835636e-01	2.055723296419545432e-01	9.616437611538113106e-02	4.622218198863216332e-02	1.093823789079922532e-01
3.729920834728223781e+03	1.371177264628788139e-01	8.198262260836840232e-02	3.234886965364472400e-01	2.056024264872876040e-01	9.617342498137645967e-02	4.623129931766094963e-02	1.094038036046380558e-01
3.744434145369189537e+03	1.370231172749735438e-01	8.193962501550901278e-02	3.235579072128428324e-01	2.056316450564665832e-01	9.618217222471200922e-02	4.624019637159849233e-02	1.094253368425550238e-01
3.758947456010155292e+03	1.369307441456514840e-01	8.189720373264927633e-02	3.236255755663373090e-01	2.056600195843796275e-01	9.619063140817198099e-02	4.624887989081401946e-02	1.094469456706538002e-01
3.773460766651120593e+03	1.368405519613490606e-01	8.185534949553251172e-02	3.236917443171983266e-01	2.056875828292846486e-01	9.619881547820136047e-02	4.625735630558590328e-02	1.094685996115056931e-01
3.787974077292087259e+03	1.367524871322093327e-01	8.181405323691672005e-02	3.237564544534690669e-01	2.057143661298709847e-01	9.620673678707580834e-02	4.626563175729914851e-02	1.094902705018164224e-01
3.802487387933053014e+03	1.366664975431975682e-01	8.177330607998994916e-02	3.238197453380823321e-01	2.057403994613918319e-01	9.621440711507443788e-02	4.627371211782529969e-02	1.095119323430960162e-01
3.817000698574018315e+03	1.365825325068841245e-01	8.173309933215706924e-02	3.238816548072967483e-01	2.057657114906926432e-01	9.622183769252662389e-02	4.628160300725825405e-02	1.095335611618420135e-01
3.831514009214984981e+03	1.365005427178539732e-01	8.169342447916828898e-02	3.239422192612523843e-01	2.057903296299937734e-01	9.622903922162501233e-02	4.628930981016171620e-02	1.095551348786023560e-01
3.846027319855950282e+03	1.364204802087013446e-01	8.165427317956297504e-02	3.240014737473662088e-01	2.058142800893142943e-01	9.623602189791463646e-02	4.629683769046812059e-02	1.095766331853299524e-01
3.860540630496916037e+03	1.363422983075646966e-01	8.161563725940433611e-02	3.240594520372170884e-01	2.058375879274492726e-01	9.624279543138378190e-02	4.630419160515528848e-02	1.095980374304830057e-01
3.875053941137881793e+03	1.362659515971581803e-01	8.157750870728297521e-02	3.241161866975085237e-01	2.058602771014342026e-01	9.624936906709602447e-02	4.631137631681399303e-02	1.096193305113635497e-01
3.889567251778848004e+03	1.361913958752535014e-01	8.153987966956915967e-02	3.241717091556390873e-01	2.058823705144494087e-01	9.625575160531463226e-02	4.631839640520885731e-02	1.096404967732227675e-01
3.904080562419813759e+03	1.361185881165665468e-01	8.150274244589568451e-02	3.242260497603614011e-01	2.059038900621335544e-01	9.626195142108134872e-02	4.632525627792472012e-02	1.096615219146941655e-01
3.918593873060779970e+03	1.360474864360035063e-01	8.146608948485449531e-02	3.242792378379625862e-01	2.059248566772885480e-01	9.626797648322010792e-02	4.633196018018166662e-02	1.096823928991465247e-01
3.933107183701745726e+03	1.359780500532201397e-01	8.142991337989198553e-02	3.243313017443592017e-01	2.059452903729712958e-01	9.627383437274468492e-02	4.633851220389387238e-02	1.097030978715762689e-01
3.947620494342711936e+03	1.359102392584498886e-01	8.139420686538913208e-02	3.243822689134620574e-01	2.059652102839760190e-01	9.627953230065511292e-02	4.634491629603995633e-02	1.097236260806853103e-01
3.962133804983676782e+03	1.358440153795559269e-01	8.135896281291372933e-02	3.244321659021316417e-01	2.059846347067210981e-01	9.628507712511462369e-02	4.635117626640632843e-02	1.097439678058140661e-01
3.976647115624642538e+03	1.357793407502634053e-01	8.132417422763316139e-02	3.244810184320168767e-01	2.060035811375603987e-01	9.629047536800276752e-02	4.635729579475870998e-02	1.097641142884220739e-01
3.991160426265608749e+03	1.357161786795295089e-01	8.128983424487712384e-02	3.245288514285393222e-01	2.060220663095451987e-01	9.629573323084524017e-02	4.636327843749209893e-02	1.097840576678288937e-01
4.005673736906575414e+03	1.356544934220085818e-01	8.125593612684064992e-02	3.245756890572639164e-01	2.060401062276680795e-01	9.630085661012433018e-02	4.636912763380447028e-02	1.098037909209473861e-01
4.020187047547540715e+03	1.355942501495724373e-01	8.122247325941835128e-02	3.246215547578722993e-01	2.060577162026231979e-01	9.630585111197681458e-02	4.637484671143524140e-02	1.098233078057590933e-01
4.034700358188505561e+03	1.355354149238453543e-01	8.118943914916196269e-02	3.246664712759363414e-01	2.060749108831214926e-01	9.631072206628855936e-02	4.638043889200565983e-02	1.098426028082981065e-01
4.049213668829472226e+03	1.354779546697156001e-01	8.115682742035346120e-02	3.247104606926703441e-01	2.060917042868010696e-01	9.631547454019737109e-02	4.638590729599489926e-02	1.098616710929247176e-01
4.063726979470437527e+03	1.354218371497856455e-01	8.112463181218691755e-02	3.247535444528252824e-01	2.061081098297749548e-01	9.632011335101735294e-02	4.639125494738228356e-02	1.098805084556850054e-01
4.078240290111404192e+03	1.353670309397251303e-01	8.109284617605294621e-02	3.247957433908721381e-01	2.061241403548600137e-01	9.632464307859872621e-02	4.639648477798344328e-02	1.098991112805650511e-01
4.092753600752369493e+03	1.353135054044913854e-01	8.106146447291937007e-02	3.248370777556094380e-01	2.061398081585311126e-01	9.632906807713913222e-02	4.640159963150553013e-02	1.099174764984614111e-01
4.107266911393336159e+03	1.352612306753835092e-01	8.103048077080329814e-02	3.248775672333176212e-01	2.061551250166459570e-01	9.633339248646220765e-02	4.640660226734433236e-02	1.099356015487004401e-01
4.121780222034301914e+03	1.352101776278974987e-01	8.099988924232921772e-02	3.249172309695709804e-01	2.061701022089849067e-01	9.633762024278078040e-02	4.641149536414401755e-02	1.099534843429499920e-01
4.136293532675267670e+03	1.351603178603509037e-01	8.096968416236860477e-02	3.249560875898099277e-01	2.061847505426510629e-01	9.634175508896135331e-02	4.641628152313847372e-02	1.099711232313769910e-01
4.150806843316233426e+03	1.351116236732465281e-01	8.093985990575688905e-02	3.249941552187661231e-01	2.061990803743749545e-01	9.634580058430804173e-02	4.642096327129128369e-02	1.099885169709134830e-01
4.165320153957199182e+03	1.350640680493461754e-01	8.091041094508359677e-02	3.250314514988244530e-01	2.062131016317677312e-01	9.634976011388278472e-02	4.642554306425012572e-02	1.100056646955024503e-01
4.179833464598164937e+03	1.350176246344260700e-01	8.088133184855206270e-02	3.250679936074004628e-01	2.062268238335658865e-01	9.635363689738010717e-02	4.643002328912972793e-02	1.100225658882029584e-01
4.194346775239130693e+03	1.349722677186873943e-01	8.085261727790550579e-02	3.251037982734034659e-01	2.062402561089098918e-01	9.635743399757334959e-02	4.643440626713642161e-02	1.100392203550412534e-01
4.208860085880096449e+03	1.349279722187958219e-01	8.082426198641601278e-02	3.251388817928494435e-01	2.062534072156979592e-01	9.636115432834975458e-02	4.643869425604614520e-02	1.100556282005021452e-01
4.223373396521062205e+03	1.348847136605249020e-01	8.079626081693352946e-02	3.251732600436848530e-01	2.062662855580548737e-01	9.636480066235157682e-02	4.644288945254664708e-02	1.100717898045609072e-01
4.237886707162027960e+03	1.348424681619800058e-01	8.076860869999222259e-02	3.252069484998736937e-01	2.062788992029555568e-01	9.636837563823946740e-02	4.644699399445396254e-02	1.100877058011624221e-01
4.252400017802994626e+03	1.348012124173794679e-01	8.074130065197157591e-02	3.252399622447990080e-01	2.062912558960404708e-01	9.637188176759474423e-02	4.645100996281194272e-02	1.101033770580601701e-01
4.266913328443960381e+03	1.347609236813712419e-01	8.071433177330972208e-02	3.252723159840244516e-01	2.063033630766599180e-01	9.637532144147617497e-02	4.645493938388331467e-02	1.101188046579325563e-01
4.281426639084926137e+03	1.347215797538640625e-01	8.068769724676690125e-02	3.253040240574574526e-01	2.063152278921827620e-01	9.637869693664673221e-02	4.645878423103981525e-02	1.101339898806995982e-01
4.295939949725891893e+03	1.346831589653526284e-01	8.066139233573681178e-02	3.253351004509534294e-01	2.063268572116033761e-01	9.638201042148539233e-02	4.646254642655821970e-02	1.101489341869674454e-01
4.310453260366857648e+03	1.346456401627180166e-01	8.063541238260395205e-02	3.253655588073960381e-01	2.063382576384796274e-01	9.638526396159823040e-02	4.646622784332880146e-02	1.101636392025326233e-01
4.324966571007824314e+03	1.346090026954845642e-01	8.060975280714506586e-02	3.253954124372867018e-01	2.063494355232340094e-01	9.638845952514299431e-02	4.646983030648196844e-02	1.101781067038819645e-01
4.339479881648789160e+03	1.345732264025155112e-01	8.058440910497301213e-02	3.254246743288736199e-01	2.063603969748477596e-01	9.639159898788050851e-02	4.647335559493848828e-02	1.101923386046284176e-01
4.353993192289754006e+03	1.345382915991304995e-01	8.055937684602113014e-02	3.254533571578480111e-01	2.063711478719773840e-01	9.639468413796603574e-02	4.647680544288831234e-02	1.102063369428260137e-01
4.368506502930720671e+03	1.345041790646288038e-01	8.053465167306705919e-02	3.254814732966339053e-01	2.063816938735213991e-01	9.639771668049293418e-02	4.648018154120234224e-02	1.102201038691109775e-01
4.383019813571686427e+03	1.344708700302027771e-01	8.051022930029402835e-02	3.255090348232945741e-01	2.063920404286642973e-01	9.640069824180078073e-02	4.648348553878163536e-02	1.102336416356193283e-01
4.397533124212653092e+03	1.344383461672264968e-01	8.048610551188854767e-02	3.255360535300788061e-01	2.064021927864228556e-01	9.640363037355932641e-02	4.648671904384762965e-02	1.102469525856337312e-01
4.412046434853618848e+03	1.344065895759055940e-01	8.046227616067305743e-02	3.255625409316262320e-01	2.064121560047198489e-01	9.640651455663952485e-02	4.648988362517721129e-02	1.102600391439159250e-01
4.426559745494584604e+03	1.343755827742745268e-01	8.043873716677246710e-02	3.255885082728517954e-01	2.064219349590079577e-01	9.640935220478202838e-02	4.649298081328569893e-02	1.102729038076829121e-01
4.441073056135550360e+03	1.343453086875284475e-01	8.041548451631304328e-02	3.256139665365265778e-01	2.064315343504667111e-01	9.641214466807336569e-02	4.649601210156098507e-02	1.102855491381883185e-01
4.455586366776516115e+03	1.343157506376769506e-01	8.039251426015309177e-02	3.256389264505710757e-01	2.064409587137935320e-01	9.641489323623936292e-02	4.649897894735151999e-02	1.102979777528719091e-01
4.470099677417481871e+03	1.342868923335080733e-01	8.036982251264378208e-02	3.256633984950770277e-01	2.064502124246092030e-01	9.641759914176535606e-02	4.650188277301085804e-02	1.103101923180431349e-01
4.484612988058447627e+03	1.342587178608510012e-01	8.034740545041954562e-02	3.256873929090710051e-01	2.064592997064970681e-01	9.642026356285166022e-02	4.650472496690117447e-02	1.103221955420660011e-01
4.499126298699412473e+03	1.342312116731264326e-01	8.032525931121690943e-02	3.257109196970337517e-01	2.064682246376946806e-01	9.642288762621280263e-02	4.650750688435791036e-02	1.103339901690150171e-01
4.513639609340379138e+03	1.342043585821745266e-01	8.030338039272086337e-02	3.257339886351869884e-01	2.064769911574551031e-01	9.642547240972879075e-02	4.651022984861780812e-02	1.103455789727734171e-01
4.528152919981345804e+03	1.341781437493500262e-01	8.028176505143792829e-02	3.257566092775601718e-01	2.064856030720949864e-01	9.642801894495567350e-02	4.651289515171214833e-02	1.103569647515466323e-01
4.542666230622311559e+03	1.341525526768751475e-01	8.026040970159503685e-02	3.257787909618467537e-01	2.064940640607448308e-01	9.643052821950298670e-02	4.651550405532708932e-02	1.103681503227657290e-01
4.557179541263276406e+03	1.341275711994411313e-01	8.023931081406356081e-02	3.258005428150611560e-01	2.065023776808170841e-01	9.643300117928491066e-02	4.651805779163274701e-02	1.103791385183569423e-01
4.571692851904243071e+03	1.341031854760497133e-01	8.021846491530756906e-02	3.258218737590050096e-01	2.065105473732062047e-01	9.643543873065159311e-02	4.652055756408260412e-02	1.103899321803547412e-01
4.586206162545208826e+03	1.340793819820856048e-01	8.019786858635574722e-02	3.258427925155524818e-01	2.065185764672342328e-01	9.643784174240721541e-02	4.652300454818480979e-02	1.104005341568373016e-01
4.600719473186175492e+03	1.340561475016129600e-01	8.017751846179610453e-02	3.258633076117615213e-01	2.065264681853551942e-01	9.644021104772039499e-02	4.652539989224659805e-02	1.104109472981645718e-01
4.615232783827140338e+03	1.340334691198868111e-01	8.015741122879302405e-02	3.258834273848208452e-01	2.065342256476303817e-01	9.644254744593287743e-02	4.652774471809319190e-02	1.104211744535002204e-01
4.629746094468105184e+03	1.340113342160731413e-01	8.013754362612587889e-02	3.259031599868378870e-01	2.065418518759864208e-01	9.644485170427179177e-02	4.653004012176246984e-02	1.104312184675997482e-01
4.644259405109071849e+03	1.339897304561699920e-01	8.011791244324861783e-02	3.259225133894764759e-01	2.065493497982671678e-01	9.644712455947049290e-02	4.653228717417638716e-02	1.104410821778482599e-01
4.658772715750037605e+03	1.339686457861229418e-01	8.009851451936965405e-02	3.259414953884491317e-01	2.065567222520900137e-01	9.644936671930301464e-02	4.653448692179033147e-02	1.104507684115323546e-01
4.673286026391004270e+03	1.339480684251282416e-01	8.007934674255184904e-02	3.259601136078714156e-01	2.065639719885165038e-01	9.645157886403661618e-02	4.653664038722134938e-02	1.104602799833314386e-01
4.687799337031970026e+03	1.339279868591177758e-01	8.006040604883153666e-02	3.259783755044834419e-01	2.065711016755472917e-01	9.645376164780668227e-02	4.653874856985618091e-02	1.104696196930145535e-01
4.702312647672935782e+03	1.339083898344193835e-01	8.004168942135642117e-02	3.259962883717437698e-01	2.065781139014494783e-01	9.645591569991850134e-02	4.654081244644001775e-02	1.104787903233299812e-01
4.716825958313901538e+03	1.338892663515870995e-01	8.002319388954172441e-02	3.260138593438014487e-01	2.065850111779260478e-01	9.645804162607930776e-02	4.654283297164682476e-02	1.104877946380751208e-01
4.731339268954867293e+03	1.338706056593957361e-01	8.000491652824420763e-02	3.260310953993509342e-01	2.065917959431345097e-01	9.646014000956482093e-02	4.654481107863193967e-02	1.104966353803353840e-01
4.745852579595833049e+03	1.338523972489942537e-01	7.998685445695344343e-02	3.260480033653743170e-01	2.065984705645631803e-01	9.646221141232341756e-02	4.654674767956774178e-02	1.105053152708811853e-01
4.760365890236798805e+03	1.338346308482133984e-01	7.996900483899989365e-02	3.260645899207748610e-01	2.066050373417719632e-01	9.646425637602157321e-02	4.654864366616309757e-02	1.105138370067128006e-01
4.774879200877764561e+03	1.338172964160218581e-01	7.995136488077958514e-02	3.260808615999067905e-01	2.066114985090048428e-01	9.646627542303347347e-02	4.655049991016721456e-02	1.105222032597438092e-01
4.789392511518729407e+03	1.338003841371271097e-01	7.993393183099475885e-02	3.260968247960052135e-01	2.066178562376802530e-01	9.646826905737804214e-02	4.655231726385851421e-02	1.105304166756136824e-01
4.803905822159696982e+03	1.337838844167160424e-01	7.991670297991000649e-02	3.261124857645187336e-01	2.066241126387659832e-01	9.647023776560609276e-02	4.655409656051916895e-02	1.105384798726215118e-01
4.818419132800663647e+03	1.337677878753308347e-01	7.989967565862385324e-02	3.261278506263498023e-01	2.066302697650444498e-01	9.647218201764026779e-02	4.655583861489582392e-02	1.105463954407725630e-01
4.832932443441628493e+03	1.337520853438761981e-01	7.988284723835502310e-02	3.261429253710051990e-01	2.066363296132733840e-01	9.647410226757040241e-02	4.655754422364698913e-02	1.105541659409303851e-01
4.837770213655283442e+03	1.337367678587540187e-01	7.986621512974326209e-02	3.261577158596604686e-01	2.066422941262480717e-01	9.647599895440669981e-02	4.655921416577770561e-02	1.105617939040674097e-01
