3.047795234602828600e+02	4.826027570662996813e-01	2.911443006252572574e-01	9.888324490854956406e-02	5.626113660635245067e-02	3.558143136814954921e-02	1.210382817974713608e-02	2.342330124551835965e-02
3.096172936739380930e+02	4.797477582833097887e-01	2.906857506687789972e-01	1.003769776374193456e-01	5.722634669681004455e-02	3.594366452529855482e-02	1.220396398872437664e-02	2.381553819953279374e-02
3.144550638875934396e+02	4.769553868900174298e-01	2.901892096604170579e-01	1.018577158261764065e-01	5.818238152272341146e-02	3.630211042201016147e-02	1.230483660949129726e-02	2.420835906903816628e-02
3.192928341012487294e+02	4.742228000555569478e-01	2.896570782356404639e-01	1.033256739801543950e-01	5.912944929828830437e-02	3.665688684323863827e-02	1.240641720125246726e-02	2.460169438574274711e-02
3.241306043149040192e+02	4.715473045615235503e-01	2.890916259875451755e-01	1.047810596493543717e-01	6.006774978032224793e-02	3.700810575542175934e-02	1.250867782873079335e-02	2.499547643697607249e-02
3.289683745285592522e+02	4.689263487872640801e-01	2.884949985171492703e-01	1.062240737388348566e-01	6.099747467830866215e-02	3.735587361633020687e-02	1.261159142505679891e-02	2.538963923693011646e-02
3.338061447422145420e+02	4.663575151253792628e-01	2.878692241050050393e-01	1.076549108036504998e-01	6.191880804338985300e-02	3.770029166822145422e-02	1.271513175648250962e-02	2.578411849774528419e-02
3.386439149558698318e+02	4.638385128043395200e-01	2.872162200244630648e-01	1.090737593291404434e-01	6.283192663741613004e-02	3.804145621519929715e-02	1.281927338882381945e-02	2.617885160049156570e-02
3.434816851695251216e+02	4.613671710963546668e-01	2.865377985158309992e-01	1.104808019973252675e-01	6.373700028309937926e-02	3.837945888563156632e-02	1.292399165554041808e-02	2.657377756609144437e-02
3.483194553831804114e+02	4.589414328898140383e-01	2.858356724396368675e-01	1.118762159401316125e-01	6.463419219626383161e-02	3.871438688043254972e-02	1.302926262736722046e-02	2.696883702622766485e-02
3.531572255968357013e+02	4.565593486067215934e-01	2.851114606262286078e-01	1.132601729801251400e-01	6.552365930113361603e-02	3.904632320797325751e-02	1.313506308341588422e-02	2.736397219427565142e-02
3.579949958104909342e+02	4.542190704466042561e-01	2.843666929380168074e-01	1.146328398593973313e-01	6.640555252954738474e-02	3.937534690634129225e-02	1.324137048366933085e-02	2.775912683629729039e-02
3.628327660241463377e+02	4.519188469393636276e-01	2.836028150597912356e-01	1.159943784572170372e-01	6.728001710494227461e-02	3.970153325363332680e-02	1.334816294279639153e-02	2.815424624212987254e-02
3.676705362378016275e+02	4.496570177904842258e-01	2.828211930317136025e-01	1.173449459970256487e-01	6.814719281190527445e-02	4.002495396692618002e-02	1.345541920521751630e-02	2.854927719660129218e-02
3.725083064514568036e+02	4.474320090029021424e-01	2.820231175388052125e-01	1.186846952433246172e-01	6.900721425204753290e-02	4.034567739053784852e-02	1.356311862135631610e-02	2.894416795090003908e-02
3.773460766651120935e+02	4.452423282606788324e-01	2.812098079700053876e-01	1.200137746889748669e-01	6.986021108691696513e-02	4.066376867415649049e-02	1.367124112501504757e-02	2.933886819412608038e-02
3.821838468787673833e+02	4.430865605604248358e-01	2.803824162591750935e-01	1.213323287334002465e-01	7.070630826862667195e-02	4.097928994138465286e-02	1.377976721181562933e-02	2.973332902504656136e-02
3.870216170924226162e+02	4.409633640771710716e-01	2.795420305197551247e-01	1.226404978521620087e-01	7.154562625884065830e-02	4.129230044921592541e-02	1.388867791865078770e-02	3.012750292407805758e-02
3.918593873060780197e+02	4.388714662521011611e-01	2.786896784841602637e-01	1.239384187583456171e-01	7.237828123672453151e-02	4.160285673893389380e-02	1.399795480409295884e-02	3.052134372551525143e-02
3.966971575197332527e+02	4.368096600902314774e-01	2.778263307583950237e-01	1.252262245561792942e-01	7.320438529643630288e-02	4.191101277889623666e-02	1.410757992971134987e-02	3.091480659002393203e-02
4.015349277333884856e+02	4.347768006567694354e-01	2.769529039018138739e-01	1.265040448872807588e-01	7.402404663470234236e-02	4.221682009964231735e-02	1.421753584225025728e-02	3.130784797741457959e-02
4.063726979470438323e+02	4.327718017614809454e-01	2.760702633414157670e-01	1.277720060699084614e-01	7.483736972899444895e-02	4.252032792173859183e-02	1.432780555662417112e-02	3.170042561971115475e-02
4.112104681606991221e+02	4.307936328209742705e-01	2.751792261295593067e-01	1.290302312315733668e-01	7.564445550679672892e-02	4.282158327675402582e-02	1.443837253968767789e-02	3.209249849452822795e-02
4.160482383743544119e+02	4.288413158893477628e-01	2.742805635535067177e-01	1.302788404353493468e-01	7.644540150642507859e-02	4.312063112173638441e-02	1.454922069474031722e-02	3.248402679876804394e-02
4.208860085880095880e+02	4.269139228481627080e-01	2.733750036047539744e-01	1.315179508002020381e-01	7.724030202983780957e-02	4.341751444754034933e-02	1.466033434672873483e-02	3.287497192264804413e-02
4.257237788016648778e+02	4.250105727471868988e-01	2.724632333156772335e-01	1.327476766156393817e-01	7.802924828785245959e-02	4.371227438133934440e-02	1.477169822811048513e-02	3.326529642406783616e-02
4.305615490153201677e+02	4.231304292878152462e-01	2.715459009706201465e-01	1.339681294509716958e-01	7.881232853816204365e-02	4.400495028363508865e-02	1.488329746534569620e-02	3.365496400332373267e-02
4.353993192289755143e+02	4.212726984415062770e-01	2.706236181981662159e-01	1.351794182594532601e-01	7.958962821652353081e-02	4.429557984006205623e-02	1.499511756598465029e-02	3.404393947817770105e-02
4.402370894426308041e+02	4.194366261959865394e-01	2.696969619509764216e-01	1.363816494775642041e-01	8.036123006147107006e-02	4.458419914826770858e-02	1.510714440632103008e-02	3.443218875928667072e-02
4.450748596562860939e+02	4.176214964223644577e-01	2.687664763792300127e-01	1.375749271196770873e-01	8.112721423288825340e-02	4.487084280013441118e-02	1.521936421958217101e-02	3.481967882599723563e-02
4.499126298699413837e+02	4.158266288566601077e-01	2.678326746033829475e-01	1.387593528683407906e-01	8.188765842475634327e-02	4.515554395959444495e-02	1.533176358462920441e-02	3.520637770250980431e-02
4.547504000835967304e+02	4.140513771896107698e-01	2.668960403916508239e-01	1.399350261604009327e-01	8.264263797237787756e-02	4.543833443627614405e-02	1.544432941514140359e-02	3.559225443441557668e-02
4.595881702972519065e+02	4.122951272589380212e-01	2.659570297473333733e-01	1.411020442691663379e-01	8.339222595436028562e-02	4.571924475520604964e-02	1.555704894926044149e-02	3.597727906560897748e-02
4.644259405109071963e+02	4.105572953385757118e-01	2.650160724108220345e-01	1.422605023828185655e-01	8.413649328962839735e-02	4.599830422277999264e-02	1.566990973967148995e-02	3.636142261557728794e-02
4.692637107245624861e+02	4.088373265196543760e-01	2.640735732808732195e-01	1.434104936792520990e-01	8.487550882972093313e-02	4.627554098920455550e-02	1.578289964409939489e-02	3.674465705706891211e-02
4.741014809382177759e+02	4.071346931783150214e-01	2.631299137594828030e-01	1.445521093975236371e-01	8.560933944661265615e-02	4.655098210759933686e-02	1.589600681619927208e-02	3.712695529414079126e-02
4.789392511518730657e+02	4.054488935256920223e-01	2.621854530244651094e-01	1.456854389060780186e-01	8.633805011629108739e-02	4.682465358994023635e-02	1.600921969682194898e-02	3.750829114058513297e-02
4.837770213655284124e+02	4.037794502356529258e-01	2.612405292336192897e-01	1.468105697679116806e-01	8.706170399830465145e-02	4.709658046001424098e-02	1.612252700563573601e-02	3.788863929873507314e-02
4.886147915791837022e+02	4.021259091461221180e-01	2.602954606641570967e-01	1.479275878028242786e-01	8.778036251148781111e-02	4.736678680354693832e-02	1.623591773308699637e-02	3.826797533864832734e-02
4.934525617928388783e+02	4.004878380300369578e-01	2.593505467908696627e-01	1.490365771469030765e-01	8.849408540605804840e-02	4.763529581565534993e-02	1.634938113268289903e-02	3.864627567766763111e-02
4.982903320064942250e+02	3.988648254321992548e-01	2.584060693063225389e-01	1.501376203093758022e-01	8.920293083226893405e-02	4.790212984577026795e-02	1.646290671358058288e-02	3.902351756035621344e-02
5.031281022201495148e+02	3.972564795684843109e-01	2.574622930861938386e-01	1.512307982269620044e-01	8.990695540579461686e-02	4.816731044016471508e-02	1.657648423346784125e-02	3.939967903880625677e-02
5.079658724338048046e+02	3.956624272840603140e-01	2.565194671027007933e-01	1.523161903158446739e-01	9.060621427001110118e-02	4.843085838221757033e-02	1.669010369172120589e-02	3.977473895331797016e-02
5.128036426474600376e+02	3.940823130674497299e-01	2.555778252889036595e-01	1.533938745213795640e-01	9.130076115533160286e-02	4.869279373053448517e-02	1.680375532282802828e-02	4.014867691344656264e-02
5.176414128611153274e+02	3.925157981174364208e-01	2.546375873565250303e-01	1.544639273656517042e-01	9.199064843574476791e-02	4.895313585504167120e-02	1.691742959005985633e-02	4.052147327941418159e-02
5.224791830747705035e+02	3.909625594599804854e-01	2.536989595697813349e-01	1.555264239929843861e-01	9.267592718269690444e-02	4.921190347116184000e-02	1.703111717938512668e-02	4.089310914388355478e-02
5.273169532884259070e+02	3.894222891124569097e-01	2.527621354775894669e-01	1.565814382134999572e-01	9.335664721645196840e-02	4.946911467217560143e-02	1.714480899360975794e-02	4.126356631408992920e-02
5.321547235020811968e+02	3.878946932926782276e-01	2.518272966063842544e-01	1.576290425448264587e-01	9.403285715505613207e-02	4.972478695986622121e-02	1.725849614673482732e-02	4.163282729432759427e-02
5.369924937157364866e+02	3.863794916702963378e-01	2.508946131156621906e-01	1.586693082520397591e-01	9.470460446102692276e-02	4.997893727354017768e-02	1.737216995852113380e-02	4.200087526878718697e-02
5.418302639293917764e+02	3.848764166583101831e-01	2.499642444182542111e-01	1.597023053859263908e-01	9.537193548588122904e-02	5.023158201751100338e-02	1.748582194925093342e-02	4.236769408473980286e-02
5.466680341430470662e+02	3.833852127425245726e-01	2.490363397672216983e-01	1.607281028196470840e-01	9.603489551260981083e-02	5.048273708712922719e-02	1.759944383467761803e-02	4.273326823606370811e-02
5.515058043567023560e+02	3.819056358469255508e-01	2.481110388111683884e-01	1.617467682838781007e-01	9.669352879620096708e-02	5.073241789343668762e-02	1.771302752115466728e-02	4.309758284710936416e-02
5.563435745703576458e+02	3.804374527330420253e-01	2.471884721196655754e-01	1.627583684005025344e-01	9.734787860231045031e-02	5.098063938651930388e-02	1.782656510093556107e-02	4.346062365689836587e-02
5.611813447840129356e+02	3.789804404314713326e-01	2.462687616803952151e-01	1.637629687149207147e-01	9.799798724416949880e-02	5.122741607762830440e-02	1.794004884763684624e-02	4.382237700365187311e-02
5.660191149976681118e+02	3.775343857038420681e-01	2.453520213695306595e-01	1.647606337270454691e-01	9.864389611781861078e-02	5.147276206013626232e-02	1.805347121185687381e-02	4.418282980964380324e-02
5.708568852113234016e+02	3.760990845335798749e-01	2.444383573967927881e-01	1.657514269210436098e-01	9.928564573574952257e-02	5.171669102939052687e-02	1.816682481694320908e-02	4.454196956637419130e-02
5.756946554249786914e+02	3.746743416439308194e-01	2.435278687265417241e-01	1.667354107938833485e-01	9.992327575903427184e-02	5.195921630152346149e-02	1.828010245490196625e-02	4.489978432005807540e-02
5.805324256386339812e+02	3.732599700417798538e-01	2.426206474761917198e-01	1.677126468827434547e-01	1.005568250280154535e-01	5.220035083127546466e-02	1.839329708244276732e-02	4.525626265742495324e-02
5.853701958522892710e+02	3.718557905858789203e-01	2.417167792931675108e-01	1.686831957913372815e-01	1.011863315916286393e-01	5.244010722888395315e-02	1.850640181715322921e-02	4.561139369182409808e-02
5.902079660659445608e+02	3.704616315781762426e-01	2.408163437115548866e-01	1.696471172152021478e-01	1.018118327354236713e-01	5.267849777608833717e-02	1.861940993379737619e-02	4.596516704963088396e-02
5.950457362795999643e+02	3.690773283770054647e-01	2.399194144895365755e-01	1.706044699660026476e-01	1.024333650083486952e-01	5.291553444129861589e-02	1.873231486073239846e-02	4.631757285694922122e-02
5.998835064932552541e+02	3.677027230309624084e-01	2.390260599286455900e-01	1.715553119948922955e-01	1.030509642483569410e-01	5.315122889397243255e-02	1.884511017643875769e-02	4.666860172660516198e-02
6.047212767069104302e+02	3.663376639323597250e-01	2.381363431758131421e-01	1.724997004149784741e-01	1.036646656068936911e-01	5.338559251824303437e-02	1.895778960615863290e-02	4.701824474542686677e-02
6.095590469205657200e+02	3.649820054892075616e-01	2.372503225091355250e-01	1.734376915229303429e-01	1.042745035723176283e-01	5.361863642583841044e-02	1.907034701863810633e-02	4.736649346180600573e-02
6.143968171342210098e+02	3.636356078147273685e-01	2.363680516082346528e-01	1.743693408197696804e-01	1.048805119923080648e-01	5.385037146832951510e-02	1.918277642296868646e-02	4.771333987353561928e-02
6.192345873478761860e+02	3.622983364334573242e-01	2.354895798100403170e-01	1.752947030308817378e-01	1.054827240953069567e-01	5.408080824874363784e-02	1.929507196552397372e-02	4.805877641591968508e-02
6.240723575615315895e+02	3.609700620030595331e-01	2.346149523507771173e-01	1.762138321252811890e-01	1.060811725110420711e-01	5.430995713257682350e-02	1.940722792698745466e-02	4.840279595014940206e-02
6.289101277751868793e+02	3.596506600509861706e-01	2.337442105948980553e-01	1.771267813341671493e-01	1.066758892901754213e-01	5.453782825823762226e-02	1.951923871946768460e-02	4.874539175194148727e-02
6.337478979888421691e+02	3.583400107252076583e-01	2.328773922516652883e-01	1.780336031687985709e-01	1.072669059231187161e-01	5.476443154695250642e-02	1.963109888369726080e-02	4.908655750043353083e-02
6.385856682024975726e+02	3.570379985582481375e-01	2.320145315800429264e-01	1.789343494377213517e-01	1.078542533580554436e-01	5.498977671216182667e-02	1.974280308631212039e-02	4.942628726733170469e-02
6.434234384161527487e+02	3.557445122438144813e-01	2.311556595825292049e-01	1.798290712633749955e-01	1.084379620182073095e-01	5.521387326843346655e-02	1.985434611720797091e-02	4.976457550630605797e-02
6.482612086298080385e+02	3.544594444253432175e-01	2.303008041885227231e-01	1.807178190981071075e-01	1.090180618183808486e-01	5.543673053992005662e-02	1.996572288697074510e-02	5.010141704262872225e-02
6.530989788434633283e+02	3.531826914958260955e-01	2.294499904277855495e-01	1.816006427396213152e-01	1.095945821808280846e-01	5.565835766838397175e-02	2.007692842437813416e-02	5.043680706305025963e-02
6.579367490571185044e+02	3.519141534083088940e-01	2.286032405945348511e-01	1.824775913458837329e-01	1.101675520504535322e-01	5.587876362081334314e-02	2.018795787396939281e-02	5.077074110590967804e-02
6.627745192707737942e+02	3.506537334964914820e-01	2.277605744026673651e-01	1.833487134495115356e-01	1.107369999093981427e-01	5.609795719665072039e-02	2.029880649368080367e-02	5.110321505147336768e-02
6.676122894844290840e+02	3.494013383048869548e-01	2.269220091325930833e-01	1.842140569716661513e-01	1.113029537910293354e-01	5.631594703465516577e-02	2.040946965254420917e-02	5.143422511249861467e-02
6.724500596980843738e+02	3.481568774280270340e-01	2.260875597701289264e-01	1.850736692354724433e-01	1.118654412933646619e-01	5.653274161941716780e-02	2.051994282844625886e-02	5.176376782501704299e-02
6.772878299117396637e+02	3.469202633582291195e-01	2.252572391378798722e-01	1.859275969789843663e-01	1.124244895919555148e-01	5.674834928754492192e-02	2.063022160594602319e-02	5.209184003933371027e-02
6.821256001253949535e+02	3.456914113414653045e-01	2.244310580195107985e-01	1.867758863677162484e-01	1.129801254522555670e-01	5.696277823353943642e-02	2.074030167414884357e-02	5.241843891123735416e-02
6.869633703390502433e+02	3.444702392408988123e-01	2.236090252772914566e-01	1.876185830067584603e-01	1.135323752414979792e-01	5.717603651537494364e-02	2.085017882463429187e-02	5.274356189341763979e-02
6.918011405527055331e+02	3.432566674076770741e-01	2.227911479632766201e-01	1.884557319524948482e-01	1.140812649401035522e-01	5.738813205980025645e-02	2.095984894943627580e-02	5.306720672708498815e-02
6.966389107663608229e+02	3.420506185585920345e-01	2.219774314244629676e-01	1.892873777239388877e-01	1.146268201526415009e-01	5.759907266737593345e-02	2.106930803907341651e-02	5.338937143378891942e-02
7.014766809800161127e+02	3.408520176602396479e-01	2.211678794022471362e-01	1.901135643137040476e-01	1.151690661183630698e-01	5.780886601726112350e-02	2.117855218062785622e-02	5.371005430743072684e-02
7.063144511936714025e+02	3.396607918193302322e-01	2.203624941264910042e-01	1.909343351986242665e-01	1.157080277213273500e-01	5.801751967176344005e-02	2.128757755587082356e-02	5.402925390646643594e-02
7.111522214073266923e+02	3.384768701788192780e-01	2.195612764044846676e-01	1.917497333500383094e-01	1.162437295001377408e-01	5.822504108066427903e-02	2.139638043943327059e-02	5.434696904629600367e-02
7.159899916209819821e+02	3.373001838195474611e-01	2.187642257050808892e-01	1.925598012437522988e-01	1.167761956573064724e-01	5.843143758533154292e-02	2.150495719702006162e-02	5.466319879183482305e-02
7.208277618346371582e+02	3.361306656670942083e-01	2.179713402382615628e-01	1.933645808696932145e-01	1.173054500682638029e-01	5.863671642263088013e-02	2.161330428366620149e-02	5.497794245026368237e-02
7.256655320482924481e+02	3.349682504035654262e-01	2.171826170303808867e-01	1.941641137412662421e-01	1.178315162900279434e-01	5.884088472864610481e-02	2.172141824203365976e-02	5.529119956395332769e-02
7.305033022619478515e+02	3.338128743840506063e-01	2.163980519953188630e-01	1.949584409044276267e-01	1.183544175695503270e-01	5.904394954221880293e-02	2.182929570074747250e-02	5.560296990355987484e-02
7.353410724756030277e+02	3.326644755574999501e-01	2.156176400017643380e-01	1.957476029464845224e-01	1.188741768517510289e-01	5.924591780831664489e-02	2.193693337276977906e-02	5.591325346128735857e-02
7.401788426892584312e+02	3.315229933917834271e-01	2.148413749368361658e-01	1.965316400046327461e-01	1.193908167872575476e-01	5.944679638123936266e-02	2.204432805381058985e-02	5.622205044431383136e-02
7.450166129029136073e+02	3.303883688027089427e-01	2.140692497662395055e-01	1.973105917742427884e-01	1.199043597398601613e-01	5.964659202767089163e-02	2.215147662077406390e-02	5.652936126837738995e-02
7.498543831165690108e+02	3.292605440867863442e-01	2.133012565911438230e-01	1.980844975169038791e-01	1.204148277936960970e-01	5.984531142958575411e-02	2.225837603023917213e-02	5.683518655151868076e-02
7.546921533302243006e+02	3.281394628575378669e-01	2.125373867019585694e-01	1.988533960682356827e-01	1.209222427601742839e-01	6.004296118701724777e-02	2.236502331697369159e-02	5.713952710797635948e-02
7.595299235438793630e+02	3.270250699851637854e-01	2.117776306291741240e-01	1.996173258454765065e-01	1.214266261846518730e-01	6.023954782069466246e-02	2.247141559248043083e-02	5.744238394223222938e-02
7.643676937575347665e+02	3.259173115393843023e-01	2.110219781914256243e-01	2.003763248548567077e-01	1.219279993528731842e-01	6.043507777455639496e-02	2.257755004357474629e-02	5.774375824320263084e-02
7.692054639711900563e+02	3.248161347352874206e-01	2.102704185409290383e-01	2.011304306987654056e-01	1.224263832971811405e-01	6.062955741814527594e-02	2.268342393099236770e-02	5.804365137857288304e-02
7.740432341848452324e+02	3.237214878820220409e-01	2.095229402064313906e-01	2.018796805827185459e-01	1.229217988025109176e-01	6.082299304889235425e-02	2.278903458802663401e-02	5.834206488927161371e-02
7.788810043985006359e+02	3.226333203341835154e-01	2.087795311338085658e-01	2.026241113221355361e-01	1.234142664121750665e-01	6.101539089429483531e-02	2.289437941919425165e-02	5.863900048408172971e-02
7.837187746121558121e+02	3.215515824457476635e-01	2.080401787244378631e-01	2.033637593489317219e-01	1.239038064334487821e-01	6.120675711399366226e-02	2.299945589892875633e-02	5.893446003438507913e-02
7.885565448258112156e+02	3.204762255264174131e-01	2.073048698714644589e-01	2.040986607179335888e-01	1.243904389429636159e-01	6.139709780175593712e-02	2.310426157030085956e-02	5.922844556903770347e-02
7.933943150394665054e+02	3.194072018002518387e-01	2.065735909940759896e-01	2.048288511131232947e-01	1.248741837919177672e-01	6.158641898736701148e-02	2.320879404376492358e-02	5.952095926937272380e-02
7.982320852531219089e+02	3.183444643664568585e-01	2.058463280698920039e-01	2.055543658537185014e-01	1.253550606111104027e-01	6.177472663843695116e-02	2.331305099593078412e-02	5.981200346432802295e-02
8.030698554667769713e+02	3.172879671622205189e-01	2.051230666655701751e-01	2.062752399000936931e-01	1.258330888158073202e-01	6.196202666212573262e-02	2.341703016836029980e-02	6.010158062569582321e-02
8.079076256804323748e+02	3.162376649274845075e-01	2.044037919657250568e-01	2.069915078595486180e-01	1.263082876104447971e-01	6.214832490679134125e-02	2.352072936638783043e-02	6.038969336349139100e-02
8.127453958940876646e+02	3.151935131715480343e-01	2.036884888002508942e-01	2.077032039919294581e-01	1.267806759931782712e-01	6.233362716356467131e-02	2.362414645796409238e-02	6.067634442143813450e-02
8.175831661077428407e+02	3.141554681414058803e-01	2.029771416701338926e-01	2.084103622151076418e-01	1.272502727602820294e-01	6.251793916785497451e-02	2.372727937252269020e-02	6.096153667256643677e-02
8.224209363213982442e+02	3.131234867917284670e-01	2.022697347718356575e-01	2.091130161103216811e-01	1.277170965104059419e-01	6.270126660078936820e-02	2.383012609986875918e-02	6.124527311492358045e-02
8.272587065350534203e+02	3.120975267563954603e-01	2.015662520203251595e-01	2.098111989273865607e-01	1.281811656486951667e-01	6.288361509058977561e-02	2.393268468908911831e-02	6.152755686739221075e-02
8.320964767487085965e+02	3.110775463215001979e-01	2.008666770708315563e-01	2.105049435897752008e-01	1.286424983907778485e-01	6.306499021389042059e-02	2.403495324748338921e-02	6.180839116561485935e-02
8.369342469623640000e+02	3.100635043997468920e-01	2.001709933393871210e-01	2.111942826995768241e-01	1.291011127666263081e-01	6.324539749699883973e-02	2.413692993951551194e-02	6.208777935802195502e-02
8.417720171760191761e+02	3.090553605061652220e-01	1.994791840222260859e-01	2.118792485423357796e-01	1.295570266242968005e-01	6.342484241710327764e-02	2.423861298578518578e-02	6.236572490196106572e-02
8.466097873896745796e+02	3.080530747350728182e-01	1.987912321140999916e-01	2.125598730917754586e-01	1.300102576335523119e-01	6.360333040342923405e-02	2.434000066201867304e-02	6.264223135992490199e-02
8.514475576033297557e+02	3.070566077382183567e-01	1.981071204255692997e-01	2.132361880144108268e-01	1.304608232893730568e-01	6.378086683834753579e-02	2.444109129807854608e-02	6.291730239587579876e-02
8.562853278169851592e+02	3.060659207040428709e-01	1.974268315993255307e-01	2.139082246740532101e-01	1.309087409153590342e-01	6.395745705843641771e-02	2.454188327699187433e-02	6.319094177166446891e-02
8.611230980306403353e+02	3.050809753379992162e-01	1.967503481255970799e-01	2.145760141362113016e-01	1.313540276670287776e-01	6.413310635549998584e-02	2.464237503399640400e-02	6.346315334354074578e-02
8.659608682442956251e+02	3.041017338438730677e-01	1.960776523566875873e-01	2.152395871723911669e-01	1.317967005350181853e-01	6.430781997754500545e-02	2.474256505560431044e-02	6.373394105875412885e-02
8.707986384579510286e+02	3.031281589060529358e-01	1.954087265206942703e-01	2.158989742642992982e-01	1.322367763481833991e-01	6.448160312971829011e-02	2.484245187868311042e-02	6.400330895224218275e-02
8.756364086716062047e+02	3.021602136726972976e-01	1.947435527344500428e-01	2.165542056079508282e-01	1.326742717766110080e-01	6.465446097520649582e-02	2.494203408955330062e-02	6.427126114340452057e-02
8.804741788852616082e+02	3.011978617397519931e-01	1.940821130157318886e-01	2.172053111176870666e-01	1.331092033345395720e-01	6.482639863610011044e-02	2.504131032310238925e-02	6.453780183296047024e-02
8.853119490989170117e+02	3.002410671357726435e-01	1.934243892947747068e-01	2.178523204301043015e-01	1.335415873831951039e-01	6.499742119422353970e-02	2.514027926191485587e-02	6.480293529988834234e-02
8.901497193125721878e+02	2.992897943075082945e-01	1.927703634251287101e-01	2.184952629078971420e-01	1.339714401335442284e-01	6.516753369193284406e-02	2.523893963541777238e-02	6.506666589844446735e-02
8.949874895262273640e+02	2.983440081062070925e-01	1.921200171938952928e-01	2.191341676436188712e-01	1.343987776489678765e-01	6.533674113288261143e-02	2.533729021904167211e-02	6.532899805526003190e-02
8.998252597398827675e+02	2.974036737746040271e-01	1.914733323313758118e-01	2.197690634633615026e-01	1.348236158478582358e-01	6.550504848276358927e-02	2.543532983339632375e-02	6.558993626651396514e-02
9.046630299535379436e+02	2.964687569345559881e-01	1.908302905201642308e-01	2.203999789303577317e-01	1.352459705061421213e-01	6.567246067001242249e-02	2.553305734346112202e-02	6.584948509517983550e-02
9.095008001671932334e+02	2.955392235752886121e-01	1.901908734037145443e-01	2.210269423485074769e-01	1.356658572597329582e-01	6.583898258649480140e-02	2.563047165778974817e-02	6.610764916834525884e-02
9.143385703808486369e+02	2.946150400422232751e-01	1.895550625944106837e-01	2.216499817658311167e-01	1.360832916069143472e-01	6.600461908816324108e-02	2.572757172772877771e-02	6.636443317460195834e-02
9.191763405945038130e+02	2.936961730263522585e-01	1.889228396811666877e-01	2.222691249778515343e-01	1.364982889106572672e-01	6.616937499569089387e-02	2.582435654664995417e-02	6.661984186150470000e-02
9.240141108081592165e+02	2.927825895541344980e-01	1.882941862365820895e-01	2.228843995309072734e-01	1.369108644008737719e-01	6.633325509508219975e-02	2.592082514919585509e-02	6.687388003309757689e-02
9.288518810218145063e+02	2.918742569778828844e-01	1.876690838236767245e-01	2.234958327253984967e-01	1.373210331766087644e-01	6.649626413826174864e-02	2.601697661053860994e-02	6.712655254750599099e-02
9.336896512354697961e+02	2.909711429666179683e-01	1.870475140022280769e-01	2.241034516189681358e-01	1.377288102081725141e-01	6.665840684364227053e-02	2.611281004565147584e-02	6.737786431459276415e-02
9.385274214491247449e+02	2.900732154973628685e-01	1.864294583347324008e-01	2.247072830296196477e-01	1.381342103392159681e-01	6.681968789667258601e-02	2.620832460859293805e-02	6.762782029367672698e-02
9.433651916627801484e+02	2.891804428468567334e-01	1.858148983920104302e-01	2.253073535387735971e-01	1.385372482887503032e-01	6.698011195036665533e-02	2.630351949180308180e-02	6.787642549131242542e-02
9.482029618764355519e+02	2.882927935836629429e-01	1.852038157584767475e-01	2.259036894942644536e-01	1.389379386531132410e-01	6.713968362581446137e-02	2.639839392541205518e-02	6.812368495912934918e-02
9.530407320900908417e+02	2.874102365606537313e-01	1.845961920370912113e-01	2.264963170132793802e-01	1.393362959078836560e-01	6.729840751267560095e-02	2.649294717656029002e-02	6.836960379172933588e-02
9.578785023037459041e+02	2.865327409078488041e-01	1.839920088540098198e-01	2.270852619852410104e-01	1.397323344097462783e-01	6.745628816965634766e-02	2.658717854873029682e-02	6.861418712464065206e-02
9.627162725174014213e+02	2.856602760255907980e-01	1.833912478629514953e-01	2.276705500746348809e-01	1.401260683983079902e-01	6.761333012497089401e-02	2.668108738108977349e-02	6.885744013232739102e-02
9.675540427310568248e+02	2.847928115780393732e-01	1.827938907492956955e-01	2.282522067237840457e-01	1.405175119978677445e-01	6.776953787678761942e-02	2.677467304784585805e-02	6.909936802625291086e-02
9.723918129447120009e+02	2.839303174869670099e-01	1.821999192339265050e-01	2.288302571555715093e-01	1.409066792191411843e-01	6.792491589366084215e-02	2.686793495761022332e-02	6.933997605299595246e-02
9.772295831583674044e+02	2.830727639258407979e-01	1.816093150768362807e-01	2.294047263761125333e-01	1.412935839609417710e-01	6.807946861494888757e-02	2.696087255277487826e-02	6.957926949241813319e-02
9.820673533720223531e+02	2.822201213141751208e-01	1.810220600805022284e-01	2.299756391773773445e-01	1.416782400118196394e-01	6.823320045121898658e-02	2.705348530889842978e-02	6.981725365588148380e-02
9.869051235856777566e+02	2.813723603121409678e-01	1.804381360930486511e-01	2.305430201397665468e-01	1.420606610516597923e-01	6.838611578463953122e-02	2.714577273410260713e-02	7.005393388451509884e-02
9.917428937993331601e+02	2.805294518154184957e-01	1.798575250112059154e-01	2.311068936346395153e-01	1.424408606532406307e-01	6.853821896936038160e-02	2.723773436847886503e-02	7.028931554752931854e-02
9.965806640129884499e+02	2.796913669502796851e-01	1.792802087830780711e-01	2.316672838267977985e-01	1.428188522837545438e-01	6.868951433188157096e-02	2.732936978350486434e-02	7.052340404057649836e-02
1.001418434226643626e+03	2.788580770688897092e-01	1.787061694107291154e-01	2.322242146769240012e-01	1.431946493062911940e-01	6.884000617141108891e-02	2.742067858147067064e-02	7.075620478415721448e-02
1.006256204440298802e+03	2.780295537448148058e-01	1.781353889525979783e-01	2.327777099439779229e-01	1.435682649812851652e-01	6.898969876021190939e-02	2.751166039491441742e-02	7.098772322207076713e-02
1.011093974653954206e+03	2.772057687687265459e-01	1.775678495257516087e-01	2.333277931875504252e-01	1.439397124679289985e-01	6.913859634393916542e-02	2.760231488606736810e-02	7.121796481990878835e-02
1.015931744867609382e+03	2.763866941442919001e-01	1.770035333079854056e-01	2.338744877701766367e-01	1.443090048255523672e-01	6.928670314196740121e-02	2.769264174630808525e-02	7.144693506359106605e-02
1.020769515081264785e+03	2.755723020842389404e-01	1.764424225397789037e-01	2.344178168596091905e-01	1.446761550149689712e-01	6.943402334770874818e-02	2.778264069562564123e-02	7.167463945794241842e-02
1.025607285294920075e+03	2.747625650065902980e-01	1.758844995261151234e-01	2.349578034310523256e-01	1.450411758997917633e-01	6.958056112892202494e-02	2.787231148209162734e-02	7.190108352530960589e-02
1.030445055508575479e+03	2.739574555310543835e-01	1.753297466381706082e-01	2.354944702693585190e-01	1.454040802477175320e-01	6.972632062801337183e-02	2.796165388134086091e-02	7.212627280421743392e-02
1.035282825722230655e+03	2.731569464755667087e-01	1.747781463148841419e-01	2.360278399711875918e-01	1.457648807317821205e-01	6.987130596232869750e-02	2.805066769606059593e-02	7.235021284806286701e-02
1.040120595935886058e+03	2.723610108529734841e-01	1.742296810644101135e-01	2.365579349471299830e-01	1.461235899315865283e-01	7.001552122443827075e-02	2.813935275548808471e-02	7.257290922384629361e-02
1.044958366149541234e+03	2.715696218678503859e-01	1.736843334654629978e-01	2.370847774237946348e-01	1.464802203344953979e-01	7.015897048241374889e-02	2.822770891491636555e-02	7.279436751093919244e-02
1.049796136363196410e+03	2.707827529134488875e-01	1.731420861685596668e-01	2.376083894458624890e-01	1.468347843368086048e-01	7.030165778009798971e-02	2.831573605520810999e-02	7.301459329988696512e-02
1.054633906576851814e+03	2.700003775687641605e-01	1.726029218971644186e-01	2.381287928781063989e-01	1.471872942449061472e-01	7.044358713736785516e-02	2.840343408231740113e-02	7.323359219124631059e-02
1.059471676790506763e+03	2.692224695957181058e-01	1.720668234487424675e-01	2.386460094073780125e-01	1.475377622763681673e-01	7.058476255039038139e-02	2.849080292681928708e-02	7.345136979445623937e-02
1.064309447004162394e+03	2.684490029364512975e-01	1.715337736957272818e-01	2.391600605445629302e-01	1.478862005610698527e-01	7.072518799187248184e-02	2.857784254344698099e-02	7.366793172674179768e-02
1.069147217217817570e+03	2.676799517107188442e-01	1.710037555864061809e-01	2.396709676265041666e-01	1.482326211422526074e-01	7.086486741130448852e-02	2.866455291063657596e-02	7.388328361204972439e-02
1.073984987431472746e+03	2.669152902133841154e-01	1.704767521457289936e-01	2.401787518178952197e-01	1.485770359775719640e-01	7.100380473519775359e-02	2.875093403007913939e-02	7.409743108001538847e-02
1.078822757645127922e+03	2.661549929120061719e-01	1.699527464760440809e-01	2.406834341131431909e-01	1.489194569401225965e-01	7.114200386731650561e-02	2.883698592628007248e-02	7.431037976495989683e-02
1.083660527858783553e+03	2.653990344445155136e-01	1.694317217577657186e-01	2.411850353382025136e-01	1.492598958194419900e-01	7.127946868890421006e-02	2.892270864612558195e-02	7.452213530491696991e-02
1.088498298072438729e+03	2.646473896169737050e-01	1.689136612499768653e-01	2.416835761523803139e-01	1.495983643224921833e-01	7.141620305890465648e-02	2.900810225845617055e-02	7.473270334068858600e-02
1.093336068286093905e+03	2.639000334014128257e-01	1.683985482909710063e-01	2.421790770501136003e-01	1.499348740746212494e-01	7.155221081417788287e-02	2.909316685364701088e-02	7.494208951492883908e-02
1.098173838499749309e+03	2.631569409337510823e-01	1.678863662987361838e-01	2.426715583627192530e-01	1.502694366205044041e-01	7.168749576971122917e-02	2.917790254319509516e-02	7.515029947125517751e-02
1.103011608713404712e+03	2.624180875117794187e-01	1.673770987713850966e-01	2.431610402601171450e-01	1.506020634250657686e-01	7.182206171882565826e-02	2.926230945931301841e-02	7.535733885338635751e-02
1.107849378927059888e+03	2.616834485932173493e-01	1.668707292875335479e-01	2.436475427525272297e-01	1.509327658743810641e-01	7.195591243337742804e-02	2.934638775452932599e-02	7.556321330430654237e-02
1.112687149140715292e+03	2.609529997938331292e-01	1.663672415066312638e-01	2.441310856921408423e-01	1.512615552765617932e-01	7.208905166395543351e-02	2.943013760129527256e-02	7.576792846545471471e-02
1.117524919354370468e+03	2.602267168856258195e-01	1.658666191692468039e-01	2.446116887747671886e-01	1.515884428626216029e-01	7.222148314007424685e-02	2.951355919159793714e-02	7.597148997593890229e-02
1.122362689568025871e+03	2.595045757950656951e-01	1.653688460973096463e-01	2.450893715414550478e-01	1.519134397873249942e-01	7.235321057036310510e-02	2.959665273657950679e-02	7.617390347177456500e-02
1.127200459781681047e+03	2.587865526013904405e-01	1.648739061943121642e-01	2.455641533800906329e-01	1.522365571300193787e-01	7.248423764275087333e-02	2.967941846616271168e-02	7.637517458514637980e-02
1.132038229995336451e+03	2.580726235349544706e-01	1.643817834454733839e-01	2.460360535269718318e-01	1.525578058954502603e-01	7.261456802464720528e-02	2.976185662868225529e-02	7.657530894369311836e-02
1.136876000208991627e+03	2.573627649756281000e-01	1.638924619178669939e-01	2.465050910683596885e-01	1.528771970145607617e-01	7.274420536312002639e-02	2.984396749052216011e-02	7.677431216981475681e-02
1.141713770422646803e+03	2.566569534512451733e-01	1.634059257605156024e-01	2.469712849420069023e-01	1.531947413452751094e-01	7.287315328506942247e-02	2.992575133575891763e-02	7.697218988000134599e-02
1.146551540636302207e+03	2.559551656360954941e-01	1.629221592044534928e-01	2.474346539386646782e-01	1.535104496732672408e-01	7.300141539739801733e-02	3.000720846581037687e-02	7.716894768418318395e-02
1.151389310849957155e+03	2.552573783494609949e-01	1.624411465627592366e-01	2.478952167035676224e-01	1.538243327127145899e-01	7.312899528717818620e-02	3.008833919909022908e-02	7.736459118510159716e-02
1.156227081063612786e+03	2.545635685541933757e-01	1.619628722305604396e-01	2.483529917378977381e-01	1.541364011070372186e-01	7.325589652181582756e-02	3.016914387066804357e-02	7.755912597769985817e-02
1.161064851277267962e+03	2.538737133553303216e-01	1.614873206850120091e-01	2.488079974002272432e-01	1.544466654296232921e-01	7.338212264921113726e-02	3.024962283193473322e-02	7.775255764853376828e-02
1.165902621490923138e+03	2.531877899987495240e-01	1.610144764852497468e-01	2.492602519079415435e-01	1.547551361845406204e-01	7.350767719791632959e-02	3.032977645027336647e-02	7.794489177520134982e-02
1.170740391704578315e+03	2.525057758698580623e-01	1.605443242723204322e-01	2.497097733386418883e-01	1.550618238072351829e-01	7.363256367729038854e-02	3.040960510873527006e-02	7.813613392579120409e-02
1.175578161918233945e+03	2.518276484923159253e-01	1.600768487690902298e-01	2.501565796315285972e-01	1.553667386652163585e-01	7.375678557765108501e-02	3.048910920572127717e-02	7.832628965834893819e-02
1.180415932131889122e+03	2.511533855267914506e-01	1.596120347801323891e-01	2.506006885887649971e-01	1.556698910587299978e-01	7.388034637042413533e-02	3.056828915466808586e-02	7.851536452036136926e-02
1.185253702345544298e+03	2.504829647697477957e-01	1.591498671915957397e-01	2.510421178768227901e-01	1.559712912214188396e-01	7.400324950828973680e-02	3.064714538373962405e-02	7.870336404825792331e-02
1.190091472559199701e+03	2.498163641522586909e-01	1.586903309710551435e-01	2.514808850278086871e-01	1.562709493209712142e-01	7.412549842532654976e-02	3.072567833552336189e-02	7.889029376692878459e-02
1.194929242772855105e+03	2.491535617388521695e-01	1.582334111673449062e-01	2.519170074407733328e-01	1.565688754597580057e-01	7.424709653715312607e-02	3.080388846673144318e-02	7.907615918925944842e-02
1.199767012986510281e+03	2.484945357263811383e-01	1.577790929103762840e-01	2.523505023830019400e-01	1.568650796754582355e-01	7.436804724106697850e-02	3.088177624790662545e-02	7.926096581568119193e-02
1.204604783200165684e+03	2.478392644429190383e-01	1.573273614109402807e-01	2.527813869912882705e-01	1.571595719416736536e-01	7.448835391618124913e-02	3.095934216313288648e-02	7.944471913373697680e-02
1.209442553413820860e+03	2.471877263466803754e-01	1.568782019604964550e-01	2.532096782731906304e-01	1.574523621685325891e-01	7.460801992355907408e-02	3.103658670975068673e-02	7.962742461766261770e-02
1.214280323627476264e+03	2.465399000249638983e-01	1.564315999309484895e-01	2.536353931082719892e-01	1.577434602032830591e-01	7.472704860634578339e-02	3.111351039807672830e-02	7.980908772798249451e-02
1.219118093841131440e+03	2.458957641931185101e-01	1.559875407744080456e-01	2.540585482493230574e-01	1.580328758308760240e-01	7.484544328989890805e-02	3.119011375112825876e-02	7.998971391111969753e-02
1.223955864054786844e+03	2.452552976935300499e-01	1.555460100229468789e-01	2.544791603235693755e-01	1.583206187745382632e-01	7.496320728191611937e-02	3.126639730435169795e-02	8.016930859902007822e-02
1.228793634268442020e+03	2.446184794946285601e-01	1.551069932883385460e-01	2.548972458338628622e-01	1.586066986963357295e-01	7.508034387256114217e-02	3.134236160535568139e-02	8.034787720878996953e-02
1.233631404482097196e+03	2.439852886899147588e-01	1.546704762617902296e-01	2.553128211598572062e-01	1.588911251977273842e-01	7.519685633458766949e-02	3.141800721364829130e-02	8.052542514234703463e-02
1.238469174695752372e+03	2.433557044970051930e-01	1.542364447136652661e-01	2.557259025591685497e-01	1.591739078201096502e-01	7.531274792346134839e-02	3.149333470037854465e-02	8.070195778608402204e-02
1.243306944909407548e+03	2.427297062566952379e-01	1.538048844931972636e-01	2.561365061685208500e-01	1.594550560453520949e-01	7.542802187747997544e-02	3.156834464808198210e-02	8.087748051054517717e-02
1.248144715123063179e+03	2.421072734320389719e-01	1.533757815281961701e-01	2.565446480048766964e-01	1.597345792963239253e-01	7.554268141789179103e-02	3.164303765043032651e-02	8.105199867011468606e-02
1.252982485336718355e+03	2.414883856074453994e-01	1.529491218247470696e-01	2.569503439665535294e-01	1.600124869374122127e-01	7.565672974901203884e-02	3.171741431198515232e-02	8.122551760271717880e-02
1.257820255550373531e+03	2.408730224877902726e-01	1.525248914669020683e-01	2.573536098343256473e-01	1.602887882750315407e-01	7.577017005833788788e-02	3.179147524795548907e-02	8.139804262952968217e-02
1.262658025764028707e+03	2.402611638975431230e-01	1.521030766163659065e-01	2.577544612725123363e-01	1.605634925581254646e-01	7.588300551666153637e-02	3.186522108395928310e-02	8.156957905470493819e-02
1.267495795977684338e+03	2.396527897799083928e-01	1.516836635121756038e-01	2.581529138300522885e-01	1.608366089786601727e-01	7.599523927818180313e-02	3.193865245578871026e-02	8.174013216510561675e-02
