3.096172936739380930e+02	4.803918075451564795e-01	2.901567326226908716e-01	1.003248197591209562e-01	5.712173286065437561e-02	3.588310728060074839e-02	1.217255814207095048e-02	2.394924178957749325e-02
3.144550638875934396e+02	4.774984553617157568e-01	2.897487805917753345e-01	1.018150203229353651e-01	5.808523715466636789e-02	3.624395824329647298e-02	1.227340169396492521e-02	2.433514663151765609e-02
3.192928341012487294e+02	4.746745704722683534e-01	2.892966874443702596e-01	1.032916349578591603e-01	5.903929247819111187e-02	3.660100212130294045e-02	1.237496611451199130e-02	2.472184641136804598e-02
3.241306043149040192e+02	4.719166899362521872e-01	2.888034026157635936e-01	1.047549280830616936e-01	5.998413091347180176e-02	3.695436195396545331e-02	1.247722300717780085e-02	2.510926349017929965e-02
3.289683745285592522e+02	4.692215482364481272e-01	2.882717022592202749e-01	1.062051537292373338e-01	6.091997428175238705e-02	3.730415435102992644e-02	1.258014486800023736e-02	2.549732227418351899e-02
3.338061447422145420e+02	4.665860658566941543e-01	2.877041993049956892e-01	1.076425560722938796e-01	6.184703468298117374e-02	3.765048985783837204e-02	1.268370504807408983e-02	2.588594917699444872e-02
3.386439149558698318e+02	4.640073385214835699e-01	2.871033529361879388e-01	1.090673699374318656e-01	6.276551500549049090e-02	3.799347329943585094e-02	1.278787771797515287e-02	2.627507258186696087e-02
3.434816851695251216e+02	4.614826270590859369e-01	2.864714775152308879e-01	1.104798212753001219e-01	6.367560940736179120e-02	3.833320410481184937e-02	1.289263783401491982e-02	2.666462280406629512e-02
3.483194553831804114e+02	4.590093478520531067e-01	2.858107509928712320e-01	1.118801276118156079e-01	6.457750377108700812e-02	3.866977661242824299e-02	1.299796110622337617e-02	2.705453205339320918e-02
3.531572255968357013e+02	4.565850638410666740e-01	2.851232228296263216e-01	1.132684984731444772e-01	6.547137613304462866e-02	3.900328035811917449e-02	1.310382396796323443e-02	2.744473439690719996e-02
3.579949958104909342e+02	4.542074760500578456e-01	2.844108214579811333e-01	1.146451357872555338e-01	6.635739708922142044e-02	3.933380034638492284e-02	1.321020354708454803e-02	2.783516572188624374e-02
3.628327660241463377e+02	4.518744156023868364e-01	2.836753613119457618e-01	1.160102342633755751e-01	6.723573017852875477e-02	3.966141730604276494e-02	1.331707763853389251e-02	2.822576369905802421e-02
3.676705362378016275e+02	4.495838361996229438e-01	2.829185494490500385e-01	1.173639817506005184e-01	6.810653224498482150e-02	3.998620793114179145e-02	1.342442467833715979e-02	2.861646774613434141e-02
3.725083064514568036e+02	4.473338070361135843e-01	2.821419917884000483e-01	1.187065595768437565e-01	6.896995377996101295e-02	4.030824510799595195e-02	1.353222371887974861e-02	2.900721899167744283e-02
3.773460766651120935e+02	4.451225061240859926e-01	2.813471989870512946e-01	1.200381428692355312e-01	6.982613924562222629e-02	4.062759812914014390e-02	1.364045440541225736e-02	2.939796023932408561e-02
3.821838468787673833e+02	4.429482140054882278e-01	2.805355919756627459e-01	1.213589008570230693e-01	7.067522738062562149e-02	4.094433289496731548e-02	1.374909695371390878e-02	2.978863593239061344e-02
3.870216170924226162e+02	4.408093078281555832e-01	2.797085071731826855e-01	1.226689971579614652e-01	7.151735148908147655e-02	4.125851210376058759e-02	1.385813212884983055e-02	3.017919211887982664e-02
3.918593873060780197e+02	4.387042557651876784e-01	2.788672013991702614e-01	1.239685900491279413e-01	7.235263971372241087e-02	4.157019543079297497e-02	1.396754122496199693e-02	3.056957641690814104e-02
3.966971575197332527e+02	4.366316117576453104e-01	2.780128565012794928e-01	1.252578327230392252e-01	7.318121529417258297e-02	4.187943969712819986e-02	1.407730604603703653e-02	3.095973798056944962e-02
4.015349277333884856e+02	4.345900105618280551e-01	2.771465837144177491e-01	1.265368735299008118e-01	7.400319681115788417e-02	4.218629902871935677e-02	1.418740888759740214e-02	3.134962746625010593e-02
4.063726979470438323e+02	4.325781630834812930e-01	2.762694277671299825e-01	1.278058562067701520e-01	7.481869841744941130e-02	4.249082500636744419e-02	1.429783251926542743e-02	3.173919699940761646e-02
4.112104681606991221e+02	4.305948519823033505e-01	2.753823707498639362e-01	1.290649200943703723e-01	7.562783005628766209e-02	4.279306680706936039e-02	1.440856016815270264e-02	3.212840014182390125e-02
4.160482383743544119e+02	4.286389275310872882e-01	2.744863357589167885e-01	1.303142003422490536e-01	7.643069766799177878e-02	4.309307133725393674e-02	1.451957550302989536e-02	3.251719185934250772e-02
4.208860085880095880e+02	4.267093037147398626e-01	2.735821903290676649e-01	1.315538281029376977e-01	7.722740338541791982e-02	4.339088335837585492e-02	1.463086261923471354e-02	3.290552849009754227e-02
4.257237788016648778e+02	4.248049545552762818e-01	2.726707496671443298e-01	1.327839307157286930e-01	7.801804571889305040e-02	4.368654560530996211e-02	1.474240602427812248e-02	3.329336771324089422e-02
4.305615490153201677e+02	4.229249106496939525e-01	2.717527796980637178e-01	1.340046318806524250e-01	7.880271973121442952e-02	4.398009889796272026e-02	1.485419062411117742e-02	3.368066851817293206e-02
4.353993192289755143e+02	4.210682559083878673e-01	2.708289999342172183e-01	1.352160518232036479e-01	7.958151720327141798e-02	4.427158224649348217e-02	1.496620171001700368e-02	3.406739117428077973e-02
4.402370894426308041e+02	4.192341244824858149e-01	2.699000861784398575e-01	1.364183074503342030e-01	8.035452679081447891e-02	4.456103295051538904e-02	1.507842494609443716e-02	3.445349720118724701e-02
4.450748596562860939e+02	4.174216978691550062e-01	2.689666730702110486e-01	1.376115124982008608e-01	8.112183417286629450e-02	4.484848669262422871e-02	1.519084635730178282e-02	3.483894933951229428e-02
4.499126298699413837e+02	4.156302021845648675e-01	2.680293564841744192e-01	1.387957776721280290e-01	8.188352219224161177e-02	4.513397762658337420e-02	1.530345231803087805e-02	3.522371152214830853e-02
4.547504000835967304e+02	4.138589055947916040e-01	2.670886957895373670e-01	1.399712107792198124e-01	8.263967098861593752e-02	4.541753846047398568e-02	1.541622954118339675e-02	3.560774884604937796e-02
4.595881702972519065e+02	4.121071158955100233e-01	2.661452159784148397e-01	1.411379168540303208e-01	8.339035812455791730e-02	4.569920053510150015e-02	1.552916506772286827e-02	3.599102754453407937e-02
4.644259405109071963e+02	4.103741782318501286e-01	2.651994096707150916e-01	1.422959982776784704e-01	8.413565870491701570e-02	4.597899389793273783e-02	1.564224625667743132e-02	3.637351496010064744e-02
4.692637107245624861e+02	4.086594729502965873e-01	2.642517390027242508e-01	1.434455548907712097e-01	8.487564548993528635e-02	4.625694737282193270e-02	1.575546077556969765e-02	3.675517951775259667e-02
4.741014809382177759e+02	4.069624135749779215e-01	2.633026374061305241e-01	1.445866841004786185e-01	8.561038900243149452e-02	4.653308862576903404e-02	1.586879659125146891e-02	3.713599069883240927e-02
4.789392511518730657e+02	4.052824449011371843e-01	2.623525112838415718e-01	1.457194809820845927e-01	8.633995762938588558e-02	4.680744422693949164e-02	1.598224196112230447e-02	3.751591901536032586e-02
4.837770213655284124e+02	4.036190411989938331e-01	2.614017415885755979e-01	1.468440383753183975e-01	8.706441771823517084e-02	4.708003970916145586e-02	1.609578542471210363e-02	3.789493598487476272e-02
4.886147915791837022e+02	4.019717045215985274e-01	2.604506853098643160e-01	1.479604469757555552e-01	8.778383366816980282e-02	4.735089962310370243e-02	1.620941579560896198e-02	3.827301410577042817e-02
4.934525617928388783e+02	4.003399631106556722e-01	2.594996768747764304e-01	1.490687954215593747e-01	8.849826801670922227e-02	4.762004758932602416e-02	1.632312215371465106e-02	3.865012683312984282e-02
4.982903320064942250e+02	3.987233698946355820e-01	2.585490294673640777e-01	1.501691703758199214e-01	8.920778152181471632e-02	4.788750634738237616e-02	1.643689383781102645e-02	3.902624855504358004e-02
5.031281022201495148e+02	3.971215010738282647e-01	2.575990362715434578e-01	1.512616566047315092e-01	8.991243323978523327e-02	4.815329780214692990e-02	1.655072043842162333e-02	3.940135456941422365e-02
5.079658724338048046e+02	3.955339547873015227e-01	2.566499716418489951e-01	1.523463370518379489e-01	9.061228059916744126e-02	4.841744306752306798e-02	1.666459179095354168e-02	3.977542106123872767e-02
5.128036426474600376e+02	3.939603498570158346e-01	2.557020922062422374e-01	1.534232929085595776e-01	9.130737947089809237e-02	4.867996250768620581e-02	1.677849796910561506e-02	4.014842508036362695e-02
5.176414128611153274e+02	3.924003246046260385e-01	2.547556379049149555e-01	1.544926036812060421e-01	9.199778423488481904e-02	4.894087577600255562e-02	1.689242927852952283e-02	4.052034451970729784e-02
5.224791830747705035e+02	3.908535357367571850e-01	2.538108329687964737e-01	1.555543472546658812e-01	9.268354784321937434e-02	4.920020185175764255e-02	1.700637625073139758e-02	4.089115809394323897e-02
5.273169532884259070e+02	3.893196572947872913e-01	2.528678868412620462e-01	1.566085999529539252e-01	9.336472188020693286e-02	4.945795907482070791e-02	1.712032963720203083e-02	4.126084531863825205e-02
5.321547235020811968e+02	3.877983796653984294e-01	2.519269950463341456e-01	1.576554365967871851e-01	9.404135661938400892e-02	4.971416517836376586e-02	1.723428040376449866e-02	4.162938648983911805e-02
5.369924937157364866e+02	3.862894086483754652e-01	2.509883400064800152e-01	1.586949305583498782e-01	9.471350107768866655e-02	4.996883731974721687e-02	1.734821972512864269e-02	4.199676266410128089e-02
5.418302639293917764e+02	3.847924645783348252e-01	2.500520918129266468e-01	1.597271538133999691e-01	9.538120306693682882e-02	5.022199210967740607e-02	1.746213897964242479e-02	4.236295563895306482e-02
5.466680341430470662e+02	3.833072814972589559e-01	2.491184089512473165e-01	1.607521769908601128e-01	9.604450924275009793e-02	5.047364563973540108e-02	1.757602974423068398e-02	4.272794793378856953e-02
5.515058043567023560e+02	3.818336063748919429e-01	2.481874389848122975e-01	1.617700694200287781e-01	9.670346515107240692e-02	5.072381350837066455e-02	1.768988378951239990e-02	4.309172277118264449e-02
5.563435745703576458e+02	3.803711983742236735e-01	2.472593191985469896e-01	1.627808991755390067e-01	9.735811527240506580e-02	5.097251084544750926e-02	1.780369307508796947e-02	4.345426405862096858e-02
5.611813447840129356e+02	3.789198281594496343e-01	2.463341772052989598e-01	1.637847331201855161e-01	9.800850306388238231e-02	5.121975233542759576e-02	1.791744974498859361e-02	4.381555637063849068e-02
5.660191149976681118e+02	3.774792772439458099e-01	2.454121315169822404e-01	1.647816369457338337e-01	9.865467099930341766e-02	5.146555223926651407e-02	1.803114612328013400e-02	4.417558493135924358e-02
5.708568852113234016e+02	3.760493373759393743e-01	2.444932920825405309e-01	1.657716752118192083e-01	9.929666060722885934e-02	5.170992441509816850e-02	1.814477470981436247e-02	4.453433559743065484e-02
5.756946554249786914e+02	3.746298099596923614e-01	2.435777607946540690e-01	1.667549113830364138e-01	9.993451250724584567e-02	5.195288233777641679e-02	1.825832817612079231e-02	4.489179484134533243e-02
5.805324256386339812e+02	3.732205055101390223e-01	2.426656319670019990e-01	1.677314078643164785e-01	1.005682664444980529e-01	5.219443911733929325e-02	1.837179936143276335e-02	4.524794973514353891e-02
5.853701958522892710e+02	3.718212431390411354e-01	2.417569927837880384e-01	1.687012260346808790e-01	1.011979613225727631e-01	5.243460751645744045e-02	1.848518126884163629e-02	4.560278793448927642e-02
5.902079660659445608e+02	3.704318500708324580e-01	2.408519237231377674e-01	1.696644262794579916e-01	1.018236352348314555e-01	5.267339996692482068e-02	1.859846706157344473e-02	4.595629766311321029e-02
5.950457362795999643e+02	3.690521611864346907e-01	2.399504989558823298e-01	1.706210680210437092e-01	1.024453254942661318e-01	5.291082858524631671e-02	1.871165005938255424e-02	4.630846769761545745e-02
5.998835064932552541e+02	3.676820185934228102e-01	2.390527867211566515e-01	1.715712097482810505e-01	1.030630686619582320e-01	5.314690518737379132e-02	1.882472373505713822e-02	4.665928735262149518e-02
6.047212767069104302e+02	3.663212712210144884e-01	2.381588496801561039e-01	1.725149090445317890e-01	1.036769005742136512e-01	5.338164130263915730e-02	1.893768171103168627e-02	4.700874646628430686e-02
6.095590469205657200e+02	3.649697744384446940e-01	2.372687452493184856e-01	1.734522226145074064e-01	1.042868563684424404e-01	5.361504818693012264e-02	1.905051775610187501e-02	4.735683538612613097e-02
6.143968171342210098e+02	3.636273896953713392e-01	2.363825259141247581e-01	1.743832063099242102e-01	1.048929705078487373e-01	5.384713683515174321e-02	1.916322578223742315e-02	4.770354495521302030e-02
6.192345873478761860e+02	3.622939841830351004e-01	2.355002395246422742e-01	1.753079151540426761e-01	1.054952768049923495e-01	5.407791799301436136e-02	1.927579984148884359e-02	4.804886649865566101e-02
6.240723575615315895e+02	3.609694305149723781e-01	2.346219295738695698e-01	1.762264033651488870e-01	1.060938084442802354e-01	5.430740216818617100e-02	1.938823412298408197e-02	4.839279181042986655e-02
6.289101277751868793e+02	3.596536064261476873e-01	2.337476354598803652e-01	1.771387243790320531e-01	1.066885980034429082e-01	5.453559964084651185e-02	1.950052295001139524e-02	4.873531314051026547e-02
6.337478979888421691e+02	3.583463944894386688e-01	2.328773927327059956e-01	1.780449308705093492e-01	1.072796774740478881e-01	5.476252047367372033e-02	1.961266077718485865e-02	4.907642318231072998e-02
6.385856682024975726e+02	3.570476818484694670e-01	2.320112333268420923e-01	1.789450747740463088e-01	1.078670782810991352e-01	5.498817452129971250e-02	1.972464218768922931e-02	4.941611506042529328e-02
6.434234384161527487e+02	3.557573599658447328e-01	2.311491857802130123e-01	1.798392073035189886e-01	1.084508313017691766e-01	5.521257143926127514e-02	1.983646189060088438e-02	4.975438231866317895e-02
6.482612086298080385e+02	3.544753243858928538e-01	2.302912754403796392e-01	1.807273789711607570e-01	1.090309668833077117e-01	5.543572069247660467e-02	1.994811471828189520e-02	5.009121890837184288e-02
6.530989788434633283e+02	3.532014745110775844e-01	2.294375246587305739e-01	1.816096396057347573e-01	1.096075148601683008e-01	5.565763156327381556e-02	2.005959562384431252e-02	5.042661917704194252e-02
6.579367490571185044e+02	3.519357133912873747e-01	2.285879529733539361e-01	1.824860383699707100e-01	1.101805045703925234e-01	5.587831315899663420e-02	2.017089967868197081e-02	5.076057785718816884e-02
6.627745192707737942e+02	3.506779475252553846e-01	2.277425772812462779e-01	1.833566237773026630e-01	1.107499648712886031e-01	5.609777441921112023e-02	2.028202207006719188e-02	5.109309005550005667e-02
6.676122894844290840e+02	3.494280866734088553e-01	2.269014120004775592e-01	1.842214437079423561e-01	1.113159241544398742e-01	5.631602412253575857e-02	2.039295809880992474e-02	5.142415124225695189e-02
6.724500596980843738e+02	3.481860436814856463e-01	2.260644692228942765e-01	1.850805454243207859e-01	1.118784103600761193e-01	5.653307089311605804e-02	2.050370317697700409e-02	5.175375724100136215e-02
6.772878299117396637e+02	3.469517343142940469e-01	2.252317588579108298e-01	1.859339755859290011e-01	1.124374509908394187e-01	5.674892320676360596e-02	2.061425282566927211e-02	5.208190421846507073e-02
6.821256001253949535e+02	3.457250770990292765e-01	2.244032887679048849e-01	1.867817802635874380e-01	1.129930731249743775e-01	5.696358939677822336e-02	2.072460267285446134e-02	5.240858867474249005e-02
6.869633703390502433e+02	3.445059931775932283e-01	2.235790648957053095e-01	1.876240049531715526e-01	1.135453034289705537e-01	5.717707765947108167e-02	2.083474845125379143e-02	5.273380743370566920e-02
6.918011405527055331e+02	3.432944061673953717e-01	2.227590913846303200e-01	1.884606945888198104e-01	1.140941681696842902e-01	5.738939605940526767e-02	2.094468599628039954e-02	5.305755763365575806e-02
6.966389107663608229e+02	3.420902420301450420e-01	2.219433706915092397e-01	1.892918935556492932e-01	1.146396932259647894e-01	5.760055253436961037e-02	2.105441124402774103e-02	5.337983671820550197e-02
7.014766809800161127e+02	3.408934289481720392e-01	2.211319036930942949e-01	1.901176457020018751e-01	1.151819040998085242e-01	5.781055490010057751e-02	2.116392022930622951e-02	5.370064242738766674e-02
7.063144511936714025e+02	3.397038972078394448e-01	2.203246897862466136e-01	1.909379943512436173e-01	1.157208259270647022e-01	5.801941085476610555e-02	2.127320908372644717e-02	5.401997278898428706e-02
7.111522214073266923e+02	3.385215790896384802e-01	2.195217269822575534e-01	1.917529823131383648e-01	1.162564834877130582e-01	5.822712798322466493e-02	2.138227403382735384e-02	5.433782611007170749e-02
7.159899916209819821e+02	3.373464087645788312e-01	2.187230119956458108e-01	1.925626518948156118e-01	1.167889012157345419e-01	5.843371376107182880e-02	2.149111139924795091e-02	5.465420096877657979e-02
7.208277618346371582e+02	3.361783221965097823e-01	2.179285403277511357e-01	1.933670449113512602e-01	1.173181032085938713e-01	5.863917555848616875e-02	2.159971759094101926e-02	5.496909620623791765e-02
7.256655320482924481e+02	3.350172570500290492e-01	2.171383063454266626e-01	1.941662026959794785e-01	1.178441132363525351e-01	5.884352064388539971e-02	2.170808910942746001e-02	5.528251091877057349e-02
7.305033022619478515e+02	3.338631526036560659e-01	2.163523033551145169e-01	1.949601661099525929e-01	1.183669547504292013e-01	5.904675618740323068e-02	2.181622254309002404e-02	5.559444445022544007e-02
7.353410724756030277e+02	3.327159496679654715e-01	2.155705236725727336e-01	1.957489755520650521e-01	1.188866508920241871e-01	5.924888926419670521e-02	2.192411456650509086e-02	5.590489638454187310e-02
7.401788426892584312e+02	3.315755905083925814e-01	2.147929586885057862e-01	1.965326709678567041e-01	1.194032245002234344e-01	5.944992685759328821e-02	2.203176193881134851e-02	5.621386653848788051e-02
7.450166129029136073e+02	3.304420187724428359e-01	2.140195989303373125e-01	1.973112918585098741e-01	1.199166981197966747e-01	5.964987586208640724e-02	2.213916150211419492e-02	5.652135495458372738e-02
7.498543831165690108e+02	3.293151794210477656e-01	2.132504341203483034e-01	1.980848772894540089e-01	1.204270940087039249e-01	5.984874308618769873e-02	2.224631017992478518e-02	5.682736189420460604e-02
7.546921533302243006e+02	3.281950186638298295e-01	2.124854532303923627e-01	1.988534658986908787e-01	1.209344341453234134e-01	6.004653525514363349e-02	2.235320497563265257e-02	5.713188783085834666e-02
7.595299235438793630e+02	3.270814838980492523e-01	2.117246445333868521e-01	1.996170959048526317e-01	1.214387402354136364e-01	6.024325901352398094e-02	2.245984297101090432e-02	5.743493344363385933e-02
7.643676937575347665e+02	3.259745236510196986e-01	2.109679956517671040e-01	2.003758051150044961e-01	1.219400337188213945e-01	6.043892092768885643e-02	2.256622132475304479e-02	5.773649961081649129e-02
7.692054639711900563e+02	3.248740875257926652e-01	2.102154936030802834e-01	2.011296309322031517e-01	1.224383357759472601e-01	6.063352748814097859e-02	2.267233727104044777e-02	5.803658740366620522e-02
7.740432341848452324e+02	3.237801261499216876e-01	2.094671248428851829e-01	2.018786103628212869e-01	1.229336673339790909e-01	6.082708511176918020e-02	2.277818811813967989e-02	5.833519808035487336e-02
7.788810043985006359e+02	3.226925911271276148e-01	2.087228753051141861e-01	2.026227800236486409e-01	1.234260490729039983e-01	6.101960014398906396e-02	2.288377124702873841e-02	5.863233308005873223e-02
7.837187746121558121e+02	3.216114349916984194e-01	2.079827304400454768e-01	2.033621761487786617e-01	1.239155014313082920e-01	6.121107886078620830e-02	2.298908411005144356e-02	5.892799401720254238e-02
7.885565448258112156e+02	3.205366111654645023e-01	2.072466752500239928e-01	2.040968345962899111e-01	1.244020446119747381e-01	6.140152747066707217e-02	2.309412422959918054e-02	5.922218267585163676e-02
7.933943150394665054e+02	3.194680739172015005e-01	2.065146943230622978e-01	2.048267908547312111e-01	1.248856985872859038e-01	6.159095211652252516e-02	2.319888919681923137e-02	5.951490100424842306e-02
7.982320852531219089e+02	3.184057783243195439e-01	2.057867718644443289e-01	2.055520800494180234e-01	1.253664831044417616e-01	6.177935887740851340e-02	2.330337667034900959e-02	5.980615110948991897e-02
8.030698554667769713e+02	3.173496802367078984e-01	2.050628917264486484e-01	2.062727369485482243e-01	1.258444176904997269e-01	6.196675377024830206e-02	2.340758437507546585e-02	6.009593525234283723e-02
8.079076256804323748e+02	3.162997362426094305e-01	2.043430374363002511e-01	2.069887959691447399e-01	1.263195216572444157e-01	6.215314275146030520e-02	2.351151010091901902e-02	6.038425584219300063e-02
8.127453958940876646e+02	3.152559036364085410e-01	2.036271922224540953e-01	2.077002911828315368e-01	1.267918141058944348e-01	6.233853171851536090e-02	2.361515170164134661e-02	6.067111543212581198e-02
8.175831661077428407e+02	3.142181403882220447e-01	2.029153390393074741e-01	2.084072563214503238e-01	1.272613139316529640e-01	6.252292651142719870e-02	2.371850709367646914e-02	6.095651671413462869e-02
8.224209363213982442e+02	3.131864051151883599e-01	2.022074605904326527e-01	2.091097247825237648e-01	1.277280398281085694e-01	6.270633291417941624e-02	2.382157425498446224e-02	6.124046251445396799e-02
8.272587065350534203e+02	3.121606570543571935e-01	2.015035393504159278e-01	2.098077296345713383e-01	1.281920102914925752e-01	6.288875665609233723e-02	2.392435122392727251e-02	6.152295578901446904e-02
8.320964767487085965e+02	3.111408560370887422e-01	2.008035575853843735e-01	2.105013036222839751e-01	1.286532436247986022e-01	6.307020341313269995e-02	2.402683609816607530e-02	6.180399961901674594e-02
8.369342469623640000e+02	3.101269624648724799e-01	2.001074973722963835e-01	2.111904791715622509e-01	1.291117579417701278e-01	6.325067880916920848e-02	2.412902703357963294e-02	6.208359720662114112e-02
8.417720171760191761e+02	3.091189372864869278e-01	1.994153406170684761e-01	2.118752883944241272e-01	1.295675711707613420e-01	6.343018841717658340e-02	2.423092224320313320e-02	6.236175187075061743e-02
8.466097873896745796e+02	3.081167419764208049e-01	1.987270690716058663e-01	2.125557630937865705e-01	1.300207010584760736e-01	6.360873776039074889e-02	2.433251999618703948e-02	6.263846704300404800e-02
8.514475576033297557e+02	3.071203385144837816e-01	1.980426643498006956e-01	2.132319347681261301e-01	1.304711651735902811e-01	6.378633231341765408e-02	2.443381861677544967e-02	6.291374626367715606e-02
8.562853278169851592e+02	3.061296893665383934e-01	1.973621079425584290e-01	2.139038346160227477e-01	1.309189809102618562e-01	6.396297750329782428e-02	2.453481648330349194e-02	6.318759317788845420e-02
8.611230980306403353e+02	3.051447574662879414e-01	1.966853812319085404e-01	2.145714935405914070e-01	1.313641654915329304e-01	6.413867871052920944e-02	2.463551202721335140e-02	6.346001153180778898e-02
8.659608682442956251e+02	3.041655061980604868e-01	1.960124655042537745e-01	2.152349421538053975e-01	1.318067359726283749e-01	6.431344127005006461e-02	2.473590373208845589e-02	6.373100516898465295e-02
8.707986384579510286e+02	3.031918993805305940e-01	1.953433419628071710e-01	2.158942107807153010e-01	1.322467092441547420e-01	6.448727047218381914e-02	2.483599013270541139e-02	6.400057802677412699e-02
8.756364086716062047e+02	3.022239012513258660e-01	1.946779917392651993e-01	2.165493294635674748e-01	1.326841020352032829e-01	6.466017156354814110e-02	2.493576981410329518e-02	6.426873413285788539e-02
8.804741788852616082e+02	3.012614764524664812e-01	1.940163959047609965e-01	2.172003279658252517e-01	1.331189309163610390e-01	6.483214974792943230e-02	2.503524141066992489e-02	6.453547760185794624e-02
8.853119490989170117e+02	3.003045900165905446e-01	1.933585354801403977e-01	2.178472357760967981e-01	1.335512123026328657e-01	6.500321018712489074e-02	2.513440360524466649e-02	6.480081263204087727e-02
8.901497193125721878e+02	2.993532073539198479e-01	1.927043914455995044e-01	2.184900821119723502e-01	1.339809624562783297e-01	6.517335800175330651e-02	2.523325512823749311e-02	6.506474350211025048e-02
8.949874895262273640e+02	2.984072942399230710e-01	1.920539447497218444e-01	2.191288959237743250e-01	1.344081974895664500e-01	6.534259827203635351e-02	2.533179475676387848e-02	6.532727456808520849e-02
8.998252597398827675e+02	2.974668168036375682e-01	1.914071763179499008e-01	2.197637058982230274e-01	1.348329333674510300e-01	6.551093603855159819e-02	2.543002131379521261e-02	6.558841026026276944e-02
9.046630299535379436e+02	2.965317415166104364e-01	1.907640670605242617e-01	2.203945404620210324e-01	1.352551859101700504e-01	6.567837630295869644e-02	2.552793366732439978e-02	6.584815508026216346e-02
9.095008001671932334e+02	2.956020351824246717e-01	1.901245978799213920e-01	2.210214277853585207e-01	1.356749707957713713e-01	6.584492402869988881e-02	2.562553072954627809e-02	6.610651359814885553e-02
9.143385703808486369e+02	2.946776649267760506e-01	1.894887496778195346e-01	2.216443957853427293e-01	1.360923035625675459e-01	6.601058414167604305e-02	2.572281145605262095e-02	6.636349044963647803e-02
9.191763405945038130e+02	2.937585981880691532e-01	1.888565033616203259e-01	2.222634721293536841e-01	1.365071996115225783e-01	6.617536153089945139e-02	2.581977484504133225e-02	6.661909033336449459e-02
9.240141108081592165e+02	2.928448027085037153e-01	1.882278398505522754e-01	2.228786842383284339e-01	1.369196742085726504e-01	6.633926104912431232e-02	2.591641993653959544e-02	6.687331800824999894e-02
9.288518810218145063e+02	2.919362465256225003e-01	1.876027400813804757e-01	2.234900592899764504e-01	1.373297424868832883e-01	6.650228751345597933e-02	2.601274581164065083e-02	6.712617829091163668e-02
9.336896512354697961e+02	2.910328979642938241e-01	1.869811850137459153e-01	2.240976242219281378e-01	1.377374194490453840e-01	6.666444570593992036e-02	2.610875159175397170e-02	6.737767605316379027e-02
9.385274214491247449e+02	2.901347256291055832e-01	1.863631556351558194e-01	2.247014057348185323e-01	1.381427199692118468e-01	6.682574037413130386e-02	2.620443643786847521e-02	6.762781621957943134e-02
9.433651916627801484e+02	2.892416983971450861e-01	1.857486329656459212e-01	2.253014302953083581e-01	1.385456587951772456e-01	6.698617623164605794e-02	2.629979954982861537e-02	6.787660376511973903e-02
9.482029618764355519e+02	2.883537854111448140e-01	1.851375980621335349e-01	2.258977241390441315e-01	1.389462505504022727e-01	6.714575795869419383e-02	2.639484016562301458e-02	6.812404371282906879e-02
9.530407320900908417e+02	2.874709560729715729e-01	1.845300320224801394e-01	2.264903132735593960e-01	1.393445097359848894e-01	6.730449020259628157e-02	2.648955756068540474e-02	6.837014113159327333e-02
9.578785023037459041e+02	2.865931800374407201e-01	1.839259159892801532e-01	2.270792234811186694e-01	1.397404507325799849e-01	6.746237757828361936e-02	2.658395104720766636e-02	6.861490113396018220e-02
9.627162725174014213e+02	2.857204272064357564e-01	1.833252311533921097e-01	2.276644803215059076e-01	1.401340878022692693e-01	6.761942466878295699e-02	2.667801997346468112e-02	6.885832887402032476e-02
9.675540427310568248e+02	2.848526677233173543e-01	1.827279587572278319e-01	2.282461091347590398e-01	1.405254350903830940e-01	6.777563602568638379e-02	2.677176372315078628e-02	6.910042954534656445e-02
9.723918129447120009e+02	2.839898719676037797e-01	1.821340800978134833e-01	2.288241350438522392e-01	1.409145066272756708e-01	6.793101616960701972e-02	2.686518171472760882e-02	6.934120837899124257e-02
9.772295831583674044e+02	2.831320105499091633e-01	1.815435765296358750e-01	2.293985829573273461e-01	1.413013163300555208e-01	6.808556959062100900e-02	2.695827340078305392e-02	6.958067064153906911e-02
9.820673533720223531e+02	2.822790543071230784e-01	1.809564294672875162e-01	2.299694775718759132e-01	1.416858780042721255e-01	6.823930074869648255e-02	2.705103826740123257e-02	6.981882163321471990e-02
9.869051235856777566e+02	2.814309742978189366e-01	1.803726203879212342e-01	2.305368433748733181e-01	1.420682053455606664e-01	6.839221407411014142e-02	2.714347583354312712e-02	7.005566668604354397e-02
9.917428937993331601e+02	2.805877417978787092e-01	1.797921308335267143e-01	2.311007046468660786e-01	1.424483119412460197e-01	6.854431396785171104e-02	2.723558565043775540e-02	7.029121116206399345e-02
9.965806640129884499e+02	2.797493282963198213e-01	1.792149424130386748e-01	2.316610854640141215e-01	1.428262112719071719e-01	6.869560480201677977e-02	2.732736730098369454e-02	7.052546045159066579e-02
1.001418434226643626e+03	2.789157054913151690e-01	1.786410368042874452e-01	2.322180097004885591e-01	1.432019167129036652e-01	6.884609092018886822e-02	2.741882039916071143e-02	7.075841997152652885e-02
1.006256204440298802e+03	2.780868452863938245e-01	1.780703957558005812e-01	2.327715010308267773e-01	1.435754415358647118e-01	6.899577663781067405e-02	2.750994458945135723e-02	7.099009516372303819e-02
1.011093974653954206e+03	2.772627197868126059e-01	1.775030010884651177e-01	2.333215829322457247e-01	1.439467989101429202e-01	6.914466624254511640e-02	2.760073954627229043e-02	7.122049149338714746e-02
1.015931744867609382e+03	2.764433012960894054e-01	1.769388346970583448e-01	2.338682786869144825e-01	1.443160019042329378e-01	6.929276399462674929e-02	2.769120497341518924e-02	7.144961444753372692e-02
1.020769515081264785e+03	2.756285623126888407e-01	1.763778785516549319e-01	2.344116113841871463e-01	1.446830634871567045e-01	6.944007412720361316e-02	2.778134060349707335e-02	7.167746953348250183e-02
1.025607285294920075e+03	2.748184755268511248e-01	1.758201146989182562e-01	2.349516039227974862e-01	1.450479965298158702e-01	6.958660084667005197e-02	2.787114619741982990e-02	7.190406227739815082e-02
1.030445055508575479e+03	2.740130138175577712e-01	1.752655252632823180e-01	2.354882790130153891e-01	1.454108138063128774e-01	6.973234833299088442e-02	2.796062154383879492e-02	7.212939822287268987e-02
1.035282825722230655e+03	2.732121502496244747e-01	1.747140924480312663e-01	2.360216591787674123e-01	1.457715279952412624e-01	6.987732074001717919e-02	2.804976645864025453e-02	7.235348292954882354e-02
1.040120595935886058e+03	2.724158580709160615e-01	1.741657985362824457e-01	2.365517667597210605e-01	1.461301516809461187e-01	7.002152219579388381e-02	2.813858078442764074e-02	7.257632197178341682e-02
1.044958366149541234e+03	2.716241107096750707e-01	1.736206258918790435e-01	2.370786239133345352e-01	1.464866973547559459e-01	7.016495680285980696e-02	2.822706439001630707e-02	7.279792093734996361e-02
1.049796136363196410e+03	2.708368817719587485e-01	1.730785569601973328e-01	2.376022526168724003e-01	1.468411774161864636e-01	7.030762863854003730e-02	2.831521716993673846e-02	7.301828542617899709e-02
1.054633906576851814e+03	2.700541450391780729e-01	1.725395742688743683e-01	2.381226746693883012e-01	1.471936041741170875e-01	7.044954175523117368e-02	2.840303904394601148e-02	7.323742104913565087e-02
1.059471676790506763e+03	2.692758744657334780e-01	1.720036604284603532e-01	2.386399116936750719e-01	1.475439898479415368e-01	7.059070018067960250e-02	2.849052995654736964e-02	7.345533342683323308e-02
1.064309447004162394e+03	2.685020441767411725e-01	1.714707981330007569e-01	2.391539851381836446e-01	1.478923465686922678e-01	7.073110791825308608e-02	2.857768987651778878e-02	7.367202818848195278e-02
1.069147217217817570e+03	2.677326284658461120e-01	1.709409701605518750e-01	2.396649162789109277e-01	1.482386863801405663e-01	7.087076894720588383e-02	2.866451879644335565e-02	7.388751097077193852e-02
1.073984987431472746e+03	2.669676017931164047e-01	1.704141593736347438e-01	2.401727262212577096e-01	1.485830212398722983e-01	7.100968722293758695e-02	2.875101673226234875e-02	7.410178741678963288e-02
1.078822757645127922e+03	2.662069387830141576e-01	1.698903487196304074e-01	2.406774359018571674e-01	1.489253630203403178e-01	7.114786667724602720e-02	2.883718372281588241e-02	7.431486317496664717e-02
1.083660527858783553e+03	2.654506142224404286e-01	1.693695212311205900e-01	2.411790660903747885e-01	1.492657235098941715e-01	7.128531121857430153e-02	2.892301982940597219e-02	7.452674389806034083e-02
1.088498298072438729e+03	2.646986030588475147e-01	1.688516600261771028e-01	2.416776373912800924e-01	1.496041144137876533e-01	7.142202473225214843e-02	2.900852513536088251e-02	7.473743524216522327e-02
1.093336068286093905e+03	2.639508803984175755e-01	1.683367483086029293e-01	2.421731702455911794e-01	1.499405473551648216e-01	7.155801108073198136e-02	2.909369974560767000e-02	7.494694286575444286e-02
1.098173838499749309e+03	2.632074215043023746e-01	1.678247693681285124e-01	2.426656849325923571e-01	1.502750338760253657e-01	7.169327410381967636e-02	2.917854378625173162e-02	7.515527242875051639e-02
1.103011608713404712e+03	2.624682017949217516e-01	1.673157065805654653e-01	2.431552015715256476e-01	1.506075854381695722e-01	7.182781761890016936e-02	2.926305740416331597e-02	7.536242959162460509e-02
1.107849378927059888e+03	2.617331968423169397e-01	1.668095434079206185e-01	2.436417401232567614e-01	1.509382134241235018e-01	7.196164542115832119e-02	2.934724076657081390e-02	7.556842001452356017e-02
1.112687149140715292e+03	2.610023823705566182e-01	1.663062633984730976e-01	2.441253203919158954e-01	1.512669291380451808e-01	7.209476128379492532e-02	2.943109406066072783e-02	7.577324935642403003e-02
1.117524919354370468e+03	2.602757342541924257e-01	1.658058501868165668e-01	2.446059620265142454e-01	1.515937438066120579e-01	7.222716895823809435e-02	2.951461749318422256e-02	7.597692327431289361e-02
1.122362689568025871e+03	2.595532285167611586e-01	1.653082874938688052e-01	2.450836845225364269e-01	1.519186685798902814e-01	7.235887217435034435e-02	2.959781129007012582e-02	7.617944742239339539e-02
1.127200459781681047e+03	2.588348413293318218e-01	1.648135591268508338e-01	2.455585072235094701e-01	1.522417145321865450e-01	7.248987464063126607e-02	2.968067569604428135e-02	7.638082745131626050e-02
1.132038229995336451e+03	2.581205490090949795e-01	1.643216489792375945e-01	2.460304493225490274e-01	1.525628926628825877e-01	7.262018004441603281e-02	2.976321097425514359e-02	7.658106900743516521e-02
1.136876000208991627e+03	2.574103280179912967e-01	1.638325410306819829e-01	2.464995298638829047e-01	1.528822138972530664e-01	7.274979205206992539e-02	2.984541740590548192e-02	7.678017773208588304e-02
1.141713770422646803e+03	2.567041549613789941e-01	1.633462193469137902e-01	2.469657677443526933e-01	1.531996890872673878e-01	7.287871430917892968e-02	2.992729528989012885e-02	7.697815926088855121e-02
1.146551540636302207e+03	2.560020065867368855e-01	1.628626680796154691e-01	2.474291817148940309e-01	1.535153290123754122e-01	7.300695044073650386e-02	3.000884494243967471e-02	7.717501922307243301e-02
1.151389310849957155e+03	2.553038597824014433e-01	1.623818714662762785e-01	2.478897903819954618e-01	1.538291443802780323e-01	7.313450405132672361e-02	3.009006669676995288e-02	7.737076324082250989e-02
1.156227081063612786e+03	2.546096915763364499e-01	1.619038138300257501e-01	2.483476122091368976e-01	1.541411458276827351e-01	7.326137872530381900e-02	3.017096090273725315e-02	7.756539692864747315e-02
1.161064851277267962e+03	2.539194791349335123e-01	1.614284795794486971e-01	2.488026655182077884e-01	1.544513439210445371e-01	7.338757802696828370e-02	3.025152792649920749e-02	7.775892589276837963e-02
1.165902621490923138e+03	2.532331997618416652e-01	1.609558532083821825e-01	2.492549684909053376e-01	1.547597491572927919e-01	7.351310550073959782e-02	3.033176815018117506e-02	7.795135573052759670e-02
1.170740391704578315e+03	2.525508308968251181e-01	1.604859192956963054e-01	2.497045391701134820e-01	1.550663719645441752e-01	7.363796467132575907e-02	3.041168197154807407e-02	7.814269202981739826e-02
1.175578161918233945e+03	2.518723501146470367e-01	1.600186625050595002e-01	2.501513954612627488e-01	1.553712227028022086e-01	7.376215904388958022e-02	3.049126980368159143e-02	7.833294036852768427e-02
1.180415932131889122e+03	2.511977351239786937e-01	1.595540675846897627e-01	2.505955551336712106e-01	1.556743116646436831e-01	7.388569210421197520e-02	3.057053207466262426e-02	7.852210631401242147e-02
1.185253702345544298e+03	2.505269637663327109e-01	1.590921193670925549e-01	2.510370358218675935e-01	1.559756490758923420e-01	7.400856731885216422e-02	3.064946922725892905e-02	7.871019542257412516e-02
1.190091472559199701e+03	2.498600140150188387e-01	1.586328027687862741e-01	2.514758550268960113e-01	1.562752450962801576e-01	7.413078813530517286e-02	3.072808171861784315e-02	7.889721323896616012e-02
1.194929242772855105e+03	2.491968639741216629e-01	1.581761027900167316e-01	2.519120301176032695e-01	1.565731098200962845e-01	7.425235798215633343e-02	3.080637001996401614e-02	7.908316529591212507e-02
1.199767012986510281e+03	2.485374918774988229e-01	1.577220045144606675e-01	2.523455783319090706e-01	1.568692532768246051e-01	7.437328026923312185e-02	3.088433461630207127e-02	7.926805711364207085e-02
1.204604783200165684e+03	2.478818760877991578e-01	1.572704931089196623e-01	2.527765167780587352e-01	1.571636854317694787e-01	7.449355838775437166e-02	3.096197600612410686e-02	7.945189419944491405e-02
1.209442553413820860e+03	2.472299950954994219e-01	1.568215538230050832e-01	2.532048624358601008e-01	1.574564161866702505e-01	7.461319571047683730e-02	3.103929470112195416e-02	7.963468204723686550e-02
1.214280323627476264e+03	2.465818275179592067e-01	1.563751719888145375e-01	2.536306321579031020e-01	1.577474553803050461e-01	7.473219559183935656e-02	3.111629122590411911e-02	7.981642613714512446e-02
1.219118093841131440e+03	2.459373520984928230e-01	1.559313330206007486e-01	2.540538426707645847e-01	1.580368127890837970e-01	7.485056136810439020e-02	3.119296611771735575e-02	7.999713193510675502e-02
1.223955864054786844e+03	2.452965477054576959e-01	1.554900224144333265e-01	2.544745105761963000e-01	1.583244981276308583e-01	7.496829635749739651e-02	3.126931992617274642e-02	8.017680489248212028e-02
1.228793634268442020e+03	2.446593933313584712e-01	1.550512257478540989e-01	2.548926523522978549e-01	1.586105210493575501e-01	7.508540386034373570e-02	3.134535321297624716e-02	8.035545044568252748e-02
1.233631404482097196e+03	2.440258680919657475e-01	1.546149286795263089e-01	2.553082843546748415e-01	1.588948911470248748e-01	7.520188715920339551e-02	3.142106655166362200e-02	8.053307401581173697e-02
1.238469174695752372e+03	2.433959512254496860e-01	1.541811169488787048e-01	2.557214228175815895e-01	1.591776179532963520e-01	7.531774951900351012e-02	3.149646052733968971e-02	8.070968100832100200e-02
1.243306944909407548e+03	2.427696220915268877e-01	1.537497763757443292e-01	2.561320838550497636e-01	1.594587109412819170e-01	7.543299418716872817e-02	3.157153573642181715e-02	8.088527681267713987e-02
1.248144715123063179e+03	2.421468601706206480e-01	1.533208928599949228e-01	2.565402834620021388e-01	1.597381795250721881e-01	7.554762439374961003e-02	3.164629278638758647e-02	8.105986680204339823e-02
1.252982485336718355e+03	2.415276450630338134e-01	1.528944523811713585e-01	2.569460375153530540e-01	1.600160330602641290e-01	7.566164335154881848e-02	3.172073229552656998e-02	8.123345633297274215e-02
1.257820255550373531e+03	2.409119564881335718e-01	1.524704409981102460e-01	2.573493617750940432e-01	1.602922808444778302e-01	7.577505425624553315e-02	3.179485489269614357e-02	8.140605074511317318e-02
1.262658025764028707e+03	2.402997742835480677e-01	1.520488448485671495e-01	2.577502718853664776e-01	1.605669321178648246e-01	7.588786028651782478e-02	3.186866121708127608e-02	8.157765536092487224e-02
1.267495795977684338e+03	2.396910784043740639e-01	1.516296501488371140e-01	2.581487833755209960e-01	1.608399960636081594e-01	7.600006460416317000e-02	3.194215191795824610e-02	8.174827548540866684e-02
1.272333566191339514e+03	2.390858489223952887e-01	1.512128431933722761e-01	2.585449116611634457e-01	1.611114818084143085e-01	7.611167035421725902e-02	3.201532765446216816e-02	8.191791640584571155e-02
