3.144550638875934396e+02	4.778587420839355282e-01	2.895077814516930914e-01	1.017459087962717945e-01	5.803644285977209438e-02	3.616400507072264209e-02	1.225560116918932886e-02	2.443151856828705559e-02
3.192928341012487294e+02	4.749975214278764346e-01	2.890875186894134030e-01	1.032276105971699914e-01	5.899230848782321956e-02	3.652393883118201096e-02	1.235664120680619697e-02	2.481446075960021258e-02
3.241306043149040192e+02	4.722055950625015375e-01	2.886231750207756686e-01	1.046956659921032540e-01	5.993884074036181370e-02	3.688007550216745173e-02	1.245840412613143794e-02	2.519824355583027975e-02
3.289683745285592522e+02	4.694794384538193976e-01	2.881177549199311905e-01	1.061503498986120647e-01	6.087627024121865238e-02	3.723253754432407497e-02	1.256086132426520278e-02	2.558278761770091739e-02
3.338061447422145420e+02	4.668157321378089697e-01	2.875740828192855925e-01	1.075919260158685054e-01	6.180481723575102088e-02	3.758144097421376589e-02	1.266398509490186328e-02	2.596801572204178107e-02
3.386439149558698318e+02	4.642113496147595719e-01	2.869948137719353642e-01	1.090206474179828411e-01	6.272469214805699578e-02	3.792689573529151037e-02	1.276774859074211038e-02	2.635385272110311872e-02
3.434816851695251216e+02	4.616633459593003086e-01	2.863824434834534305e-01	1.104367571135807108e-01	6.363609610653653270e-02	3.826900604709881915e-02	1.287212578785919444e-02	2.674022550204247992e-02
3.483194553831804114e+02	4.591689471038005732e-01	2.857393177503187442e-01	1.118404885736136306e-01	6.453922143963924940e-02	3.860787073396091534e-02	1.297709145190832983e-02	2.712706294663003517e-02
3.531572255968357013e+02	4.567255397553243168e-01	2.850676413400783926e-01	1.132320662292506663e-01	6.543425214353056074e-02	3.894358353439821008e-02	1.308262110607474708e-02	2.751429589121466221e-02
3.579949958104909342e+02	4.543306619086757148e-01	2.843694863462570832e-01	1.146117059415902306e-01	6.632136432330626441e-02	3.927623339239105088e-02	1.318869100066200235e-02	2.790185708698924086e-02
3.628327660241463377e+02	4.519819939202897041e-01	2.836468000490755537e-01	1.159796154448293065e-01	6.720072660929010677e-02	3.960590473156917063e-02	1.329527808422789094e-02	2.828968116058985099e-02
3.676705362378016275e+02	4.496773501098038084e-01	2.829014123112028045e-01	1.173359947644311285e-01	6.807250054985881926e-02	3.993267771333402355e-02	1.340235997618075166e-02	2.867770457506028242e-02
3.725083064514568036e+02	4.474146708581095977e-01	2.821350425360392156e-01	1.186810366117417581e-01	6.893684098215441258e-02	4.025662847986249959e-02	1.350991494075398126e-02	2.906586559121005289e-02
3.773460766651120935e+02	4.451920151725274333e-01	2.813493062144016288e-01	1.200149267564215583e-01	6.979389638196380197e-02	4.057782938288436586e-02	1.361792186228144921e-02	2.945410422939129247e-02
3.821838468787673833e+02	4.430075536914823697e-01	2.805457210839508164e-01	1.213378443779765392e-01	7.064380919397081349e-02	4.089634919907297189e-02	1.372636022170093013e-02	2.984236223171705948e-02
3.870216170924226162e+02	4.408595621026955014e-01	2.797257129242631812e-01	1.226499623976001901e-01	7.148671614351521930e-02	4.121225333283923264e-02	1.383521007421697514e-02	3.023058302474117276e-02
3.918593873060780197e+02	4.387464149504378685e-01	2.788906210090942306e-01	1.239514477914648305e-01	7.232274853092661437e-02	4.152560400727194068e-02	1.394445202805860359e-02	3.061871168261727852e-02
3.966971575197332527e+02	4.366665798088433803e-01	2.780417032361066632e-01	1.252424618865350114e-01	7.315203250943891344e-02	4.183646044392372310e-02	1.405406722427095592e-02	3.100669489075272289e-02
4.015349277333884856e+02	4.346186117996347908e-01	2.771801409531370886e-01	1.265231606399127295e-01	7.397468934763196113e-02	4.214487903210044351e-02	1.416403731748361317e-02	3.139448090997070534e-02
4.063726979470438323e+02	4.326011484338991853e-01	2.763070434989483570e-01	1.277936949026650670e-01	7.479083567729179205e-02	4.245091348827297745e-02	1.427434445760156038e-02	3.178201954119242584e-02
4.112104681606991221e+02	4.306129047587509140e-01	2.754234524753518820e-01	1.290542106690293067e-01	7.560058372752850864e-02	4.275461500619377048e-02	1.438497127236795445e-02	3.216926209064908948e-02
4.160482383743544119e+02	4.286526687908557287e-01	2.745303457665868585e-01	1.303048493118377227e-01	7.640404154594218622e-02	4.305603239826596984e-02	1.449590085075078832e-02	3.255616133563214720e-02
4.208860085880095880e+02	4.267192972198537437e-01	2.736286413209035318e-01	1.315457478049561479e-01	7.720131320758055748e-02	4.335521222868067570e-02	1.460711672710830050e-02	3.294267149078843743e-02
4.257237788016648778e+02	4.248117113657223221e-01	2.727192007084132119e-01	1.327770389334828327e-01	7.799249901238919369e-02	4.365219893880728508e-02	1.471860286609059064e-02	3.332874817496592201e-02
4.305615490153201677e+02	4.229288933750647295e-01	2.718028324684375052e-01	1.339988514924105867e-01	7.877769567181380772e-02	4.394703496529327874e-02	1.483034364823740923e-02	3.371434837861395084e-02
4.353993192289755143e+02	4.210698826421970242e-01	2.708802952588048596e-01	1.352113104744153138e-01	7.955699648517577938e-02	4.423976085130272573e-02	1.494232385623431823e-02	3.409943043174119837e-02
4.402370894426308041e+02	4.192337724417412037e-01	2.699523008188079443e-01	1.364145372473937745e-01	8.033049150640585168e-02	4.453041535129749484e-02	1.505452866179165898e-02	3.448395397243322891e-02
4.450748596562860939e+02	4.174197067602191114e-01	2.690195167568422696e-01	1.376086497223382443e-01	8.109826770168697407e-02	4.481903552974123017e-02	1.516694361311278320e-02	3.486787991593050251e-02
4.499126298699413837e+02	4.156268773148809048e-01	2.680825691730940874e-01	1.387937625121006824e-01	8.186040909852486391e-02	4.510565685408369357e-02	1.527955462291994901e-02	3.525117042426698100e-02
4.547504000835967304e+02	4.138545207486969968e-01	2.671420451270334340e-01	1.399699870815673819e-01	8.261699692673499240e-02	4.539031328236185076e-02	1.539234795700808629e-02	3.563378887646843907e-02
4.595881702972519065e+02	4.121019159910984664e-01	2.661984949588906968e-01	1.411374318897342106e-01	8.336810975180600214e-02	4.567303734573439217e-02	1.550531022329833253e-02	3.601569983930899554e-02
4.644259405109071963e+02	4.103683817746649476e-01	2.652524344737527962e-01	1.422962025241445994e-01	8.411382360107300116e-02	4.595386022624742967e-02	1.561842836136487743e-02	3.639686903862351247e-02
4.692637107245624861e+02	4.086532742985398703e-01	2.643043469964028724e-01	1.434464018281247089e-01	8.485421208310885144e-02	4.623281183011166556e-02	1.573168963241014170e-02	3.677726333117302404e-02
4.741014809382177759e+02	4.069559850298982151e-01	2.633546853045500846e-01	1.445881300212258636e-01	8.558934650071788053e-02	4.650992085675468429e-02	1.584508160966476356e-02	3.715685067705963573e-02
4.789392511518730657e+02	4.052759386353032567e-01	2.624038734476401014e-01	1.457214848132598051e-01	8.631929595789426812e-02	4.678521486389653622e-02	1.595859216919017290e-02	3.753560011268698704e-02
4.837770213655284124e+02	4.036125910342741596e-01	2.614523084580143708e-01	1.468465615122900858e-01	8.704412746108604326e-02	4.705872032888198248e-02	1.607220948106284630e-02	3.791348172426164259e-02
4.886147915791837022e+02	4.019654275678375410e-01	2.605003619607853538e-01	1.479634531269218845e-01	8.776390601508625433e-02	4.733046270648907927e-02	1.618592200092046698e-02	3.829046662183059613e-02
4.934525617928388783e+02	4.003339612752652155e-01	2.595483816884173178e-01	1.490722504632129297e-01	8.847869471385394480e-02	4.760046648342079051e-02	1.629971846185138129e-02	3.866652691384956514e-02
4.982903320064942250e+02	3.987177312726020717e-01	2.585966929056501273e-01	1.501730422165087619e-01	8.918855482654999833e-02	4.786875522967408425e-02	1.641358786660978078e-02	3.904163568227632386e-02
5.031281022201495148e+02	3.971163012269653958e-01	2.576455997500675110e-01	1.512659150584887147e-01	8.989354587905683258e-02	4.813535164696951252e-02	1.652751948014000855e-02	3.941576695818321124e-02
5.079658724338048046e+02	3.955292579209535586e-01	2.566953864933003149e-01	1.523509537196921781e-01	9.059372573123485040e-02	4.840027761441336590e-02	1.664150282239435993e-02	3.978889569788252034e-02
5.128036426474600376e+02	3.939562099018373287e-01	2.557463187275584304e-01	1.534282410677785535e-01	9.128915065015441588e-02	4.866355423155459964e-02	1.675552766142961170e-02	4.016099775955819101e-02
5.176414128611153274e+02	3.923967862105198767e-01	2.547986444819078655e-01	1.544978581817610941e-01	9.197987537952792558e-02	4.892520185898873580e-02	1.686958400676831504e-02	4.053204988039725565e-02
5.224791830747705035e+02	3.908506351855510763e-01	2.538525952724491330e-01	1.555598844224387878e-01	9.266595320555390258e-02	4.918524015665241833e-02	1.698366210301173462e-02	4.090202965421399495e-02
5.273169532884259070e+02	3.893174233377577620e-01	2.529083870903055531e-01	1.566143974992396382e-01	9.334743601937277313e-02	4.944368811994343665e-02	1.709775242369197118e-02	4.127091550955983706e-02
5.321547235020811968e+02	3.877968342913156730e-01	2.519662213311013588e-01	1.576614735336749895e-01	9.402437437632230055e-02	4.970056411379335237e-02	1.721184566535155849e-02	4.163868668831170738e-02
5.369924937157364866e+02	3.862885677873350021e-01	2.510262856693890043e-01	1.587011871195935786e-01	9.469681755217006225e-02	4.995588590481214730e-02	1.732593274183944279e-02	4.200532322473164021e-02
5.418302639293917764e+02	3.847923387462637290e-01	2.500887548812834593e-01	1.597336113804130597e-01	9.536481359649014167e-02	5.020967069161745566e-02	1.744000477881287731e-02	4.237080592499013754e-02
5.466680341430470662e+02	3.833078763856317961e-01	2.491537916183660384e-01	1.607588180234961750e-01	9.602840938334143706e-02	5.046193513345419851e-02	1.755405310843536140e-02	4.273511634714581564e-02
5.515058043567023560e+02	3.818349233898644668e-01	2.482215471357409609e-01	1.617768773918299707e-01	9.668765065939616266e-02	5.071269537720417275e-02	1.766806926426124982e-02	4.309823678157384541e-02
5.563435745703576458e+02	3.803732351290864400e-01	2.472921619769563595e-01	1.627878585131563027e-01	9.734258208965847203e-02	5.096196708287943633e-02	1.778204497629822314e-02	4.346015023183550513e-02
5.611813447840129356e+02	3.789225789240212583e-01	2.463657666183417527e-01	1.637918291466942122e-01	9.799324730090526459e-02	5.120976544768753719e-02	1.789597216623926845e-02	4.382084039598137248e-02
5.660191149976681118e+02	3.774827333542605801e-01	2.454424820751622272e-01	1.647888558275860393e-01	9.863968892297353408e-02	5.145610522875174869e-02	1.800984294285627382e-02	4.418029164828030791e-02
5.708568852113234016e+02	3.760534876073394761e-01	2.445224204718485228e-01	1.657790039091920353e-01	9.928194862801163756e-02	5.170100076456437405e-02	1.812364959754777724e-02	4.453848902136686716e-02
5.756946554249786914e+02	3.746346408662063476e-01	2.436056855784282937e-01	1.667623376033513238e-01	9.992006716780506281e-02	5.194446599524654012e-02	1.823738460003379927e-02	4.489541818879927426e-02
5.805324256386339812e+02	3.732260017328173918e-01	2.426923733151574447e-01	1.677389200187191787e-01	1.005540844092811248e-01	5.218651448168391827e-02	1.835104059419111547e-02	4.525106544802050268e-02
5.853701958522892710e+02	3.718273876857194904e-01	2.417825722272337330e-01	1.687088131972858396e-01	1.011840393682910122e-01	5.242715942360317433e-02	1.846461039402260210e-02	4.560541770371487336e-02
5.902079660659445608e+02	3.704386245696145163e-01	2.408763639313616089e-01	1.696720781491747876e-01	1.018099702417618740e-01	5.266641367665072376e-02	1.857808697975471893e-02	4.595846245155251614e-02
5.950457362795999643e+02	3.690595461150124046e-01	2.399738235358346572e-01	1.706287748858138498e-01	1.024319144383066815e-01	5.290428976853128046e-02	1.869146349405743229e-02	4.631018776231440870e-02
5.998835064932552541e+02	3.676899934861964647e-01	2.390750200357014965e-01	1.715789624515661194e-01	1.030499086073743131e-01	5.314079991426061411e-02	1.880473323838126667e-02	4.666058226639036716e-02
6.047212767069104302e+02	3.663298148558261635e-01	2.381800166844899591e-01	1.725226989539039579e-01	1.036639886670179395e-01	5.337595603058353094e-02	1.891788966940633615e-02	4.700963513864273025e-02
6.095590469205657200e+02	3.649788650046033589e-01	2.372888713438764119e-01	1.734600415922035732e-01	1.042741898303550935e-01	5.360976974960519892e-02	1.903092639559863034e-02	4.735733608362835412e-02
6.143968171342210098e+02	3.636370049445212249e-01	2.364016368126048984e-01	1.743910466852337249e-01	1.048805466307889539e-01	5.384225243168115627e-02	1.914383717386893696e-02	4.770367532117178455e-02
6.192345873478761860e+02	3.623041015643013174e-01	2.355183611358841744e-01	1.753157696974080582e-01	1.054830929460561784e-01	5.407341517760849703e-02	1.925661590633010595e-02	4.804864357228229993e-02
6.240723575615315895e+02	3.609800272957081613e-01	2.346390878964176863e-01	1.762342652638665408e-01	1.060818620211632923e-01	5.430326884015849315e-02	1.936925663714855750e-02	4.839223204540786527e-02
6.289101277751868793e+02	3.596646597995066807e-01	2.337638564881532877e-01	1.771465872144474818e-01	1.066768864902697400e-01	5.453182403498827574e-02	1.948175354948615198e-02	4.873443242301894740e-02
6.337478979888421691e+02	3.583578816699025116e-01	2.328927023737754343e-01	1.780527885966085577e-01	1.072681983975728448e-01	5.475909115096719293e-02	1.959410096252873351e-02	4.907523684851530094e-02
6.385856682024975726e+02	3.570595801563723470e-01	2.320256573269014744e-01	1.789529216973519965e-01	1.078558292172466238e-01	5.498508035995135212e-02	1.970629332859787086e-02	4.941463791344885559e-02
6.434234384161527487e+02	3.557696469018572505e-01	2.311627496598879228e-01	1.798470380642054889e-01	1.084398098724835002e-01	5.520980162603777996e-02	1.981832523034244772e-02	4.975262864505611976e-02
6.482612086298080385e+02	3.544879776963514306e-01	2.303040044380976759e-01	1.807351885253080659e-01	1.090201707536853359e-01	5.543326471432781510e-02	1.993019137800696589e-02	5.008920249409326564e-02
6.530989788434633283e+02	3.532144722449769292e-01	2.294494436814298599e-01	1.816174232086471274e-01	1.095969417358476222e-01	5.565547919922785719e-02	2.004188660677359499e-02	5.042435332296752587e-02
6.579367490571185044e+02	3.519490339496889053e-01	2.285990865538661543e-01	1.824937915604903094e-01	1.101701521951780338e-01	5.587645447231350676e-02	2.015340587417507878e-02	5.075807539415842090e-02
6.627745192707737942e+02	3.506915697038054391e-01	2.277529495417425220e-01	1.833643423630534619e-01	1.107398310249885776e-01	5.609619974978209689e-02	2.026474425757584727e-02	5.109036335892248176e-02
6.676122894844290840e+02	3.494419896986039609e-01	2.269110466214142030e-01	1.842291237514434299e-01	1.113060066508981538e-01	5.631472407951666065e-02	2.037589695171871523e-02	5.142121224627522330e-02
6.724500596980843738e+02	3.482002072412728744e-01	2.260733894169414115e-01	1.850881832299129670e-01	1.118687070453804749e-01	5.653203634778360825e-02	2.048685926633477677e-02	5.175061745224423387e-02
6.772878299117396637e+02	3.469661385835454692e-01	2.252399873483866555e-01	1.859415676874618950e-01	1.124279597416902587e-01	5.674814528558447951e-02	2.059762662381413312e-02	5.207857472938744875e-02
6.821256001253949535e+02	3.457397027603868467e-01	2.244108477712795369e-01	1.867893234128178148e-01	1.129837918471989361e-01	5.696305947468139480e-02	2.070819455693526101e-02	5.240508017657052875e-02
6.869633703390502433e+02	3.445208214381390022e-01	2.235859761077716723e-01	1.876314961088272615e-01	1.135362300561692378e-01	5.717678735331454404e-02	2.081855870665092617e-02	5.273013022899764035e-02
6.918011405527055331e+02	3.433094187715660106e-01	2.227653759699740332e-01	1.884681309062863075e-01	1.140853006619964999e-01	5.738933722162886664e-02	2.092871481992860175e-02	5.305372164848991962e-02
6.966389107663608229e+02	3.421054212692729024e-01	2.219490492759392530e-01	1.892992723772389252e-01	1.146310295689432213e-01	5.760071724682637451e-02	2.103865874764351135e-02	5.337585151400595779e-02
7.014766809800161127e+02	3.409087576670045694e-01	2.211369963587248022e-01	1.901249645477687822e-01	1.151734423033915350e-01	5.781093546805916861e-02	2.114838644252248559e-02	5.369651721239880604e-02
7.063144511936714025e+02	3.397193588083585181e-01	2.203292160689463153e-01	1.909452509103092555e-01	1.157125640246372544e-01	5.801999980107783866e-02	2.125789395713686275e-02	5.401571642940412865e-02
7.111522214073266923e+02	3.385371575324742088e-01	2.195257058712068998e-01	1.917601744354955895e-01	1.162484195352478794e-01	5.822791804264867283e-02	2.136717744194279942e-02	5.433344714085419636e-02
7.159899916209819821e+02	3.373620885682866999e-01	2.187264619347649708e-01	1.925697775835806536e-01	1.167810332910054483e-01	5.843469787475252808e-02	2.147623314336740211e-02	5.464970760411248796e-02
7.208277618346371582e+02	3.361940884349574610e-01	2.179314792187820593e-01	1.933741023154357253e-01	1.173104294104544698e-01	5.864034686857744205e-02	2.158505740193918457e-02	5.496449634972384174e-02
7.256655320482924481e+02	3.350330953481167606e-01	2.171407515524712284e-01	1.941731901031558682e-01	1.178366316840735034e-01	5.884487248831631045e-02	2.169364665046139701e-02	5.527781217327508434e-02
7.305033022619478515e+02	3.338790491315755116e-01	2.163542717104485480e-01	1.949670819402888056e-01	1.183596635830886090e-01	5.904828209478041323e-02	2.180199741222686727e-02	5.558965412746137702e-02
7.353410724756030277e+02	3.327318911341832219e-01	2.155720314835716800e-01	1.957558183517048855e-01	1.188795482679453480e-01	5.925058294883871896e-02	2.191010629927299044e-02	5.590002151435328331e-02
7.401788426892584312e+02	3.315915641515282397e-01	2.147940217455329703e-01	1.965394394031248770e-01	1.193963085964555720e-01	5.945178221469272356e-02	2.201797001067569426e-02	5.620891387786002696e-02
7.450166129029136073e+02	3.304580123521948520e-01	2.140202325154584861e-01	1.973179847103219142e-01	1.199099671316339460e-01	5.965188696299552479e-02	2.212558533088108959e-02	5.651633099638424945e-02
7.498543831165690108e+02	3.293311812083078993e-01	2.132506530167499192e-01	1.980914934480119960e-01	1.204205461492389717e-01	5.985090417382380595e-02	2.223294912807370974e-02	5.682227287566377072e-02
7.546921533302243006e+02	3.282110174301121064e-01	2.124852717323917339e-01	1.988600043584478061e-01	1.209280676450317921e-01	6.004884073951047285e-02	2.234005835258021447e-02	5.712673974179588443e-02
7.595299235438793630e+02	3.270974689043483208e-01	2.117240764569334466e-01	1.996235557597291210e-01	1.214325533417659059e-01	6.024570346734569454e-02	2.244691003530751086e-02	5.742973203443999669e-02
7.643676937575347665e+02	3.259904846362020603e-01	2.109670543453435743e-01	2.003821855538426289e-01	1.219340246959200597e-01	6.044149908215316891e-02	2.255350128621425726e-02	5.773125040019418119e-02
7.692054639711900563e+02	3.248900146946143153e-01	2.102141919589214092e-01	2.011359312344433437e-01	1.224325029041858359e-01	6.063623422874846874e-02	2.265982929281482386e-02	5.803129568614170952e-02
7.740432341848452324e+02	3.237960101607557650e-01	2.094654753084403964e-01	2.018848298943890507e-01	1.229280089097210538e-01	6.082991547428570622e-02	2.276589131871471078e-02	5.832986893356328917e-02
7.788810043985006359e+02	3.227084230794780018e-01	2.087208898946877889e-01	2.026289182330385241e-01	1.234205634081794178e-01	6.102254931049842790e-02	2.287168470217662217e-02	5.862697137181128310e-02
7.837187746121558121e+02	3.216272064135665687e-01	2.079804207465545951e-01	2.033682325633241472e-01	1.239101868535263662e-01	6.121414215584030510e-02	2.297720685471622837e-02	5.892260441234176832e-02
7.885565448258112156e+02	3.205523140006304450e-01	2.072440524568215925e-01	2.041028088186086498e-01	1.243968994636504705e-01	6.140470035753101130e-02	2.308245525972690490e-02	5.921676964290086692e-02
7.933943150394665054e+02	3.194837005124718798e-01	2.065117692157776297e-01	2.048326825593348999e-01	1.248807212257793814e-01	6.159423019351212975e-02	2.318742747113256356e-02	5.950946882186145676e-02
7.982320852531219089e+02	3.184213214167915251e-01	2.057835548427990324e-01	2.055578889794780206e-01	1.253616719017088543e-01	6.178273787431789316e-02	2.329212111206787478e-02	5.980070387270677856e-02
8.030698554667769713e+02	3.173651329410903110e-01	2.050593928160112656e-01	2.062784629128081304e-01	1.258397710328527375e-01	6.197022954486511304e-02	2.339653387358510417e-02	6.009047687865726184e-02
8.079076256804323748e+02	3.163150920386397225e-01	2.043392663001462883e-01	2.069944388389713119e-01	1.263150379451220273e-01	6.215671128616651747e-02	2.350066351338690740e-02	6.037879007743716248e-02
8.127453958940876646e+02	3.152711563563971309e-01	2.036231581727032114e-01	2.077058508893965261e-01	1.267874917536395696e-01	6.234218911697144566e-02	2.360450785458436535e-02	6.066564585617763988e-02
8.175831661077428407e+02	3.142332842047531050e-01	2.029110510485125363e-01	2.084127328530361312e-01	1.272571513672980104e-01	6.252666899533759759e-02	2.370806478447962107e-02	6.095104674645288045e-02
8.224209363213982442e+02	3.132014345290016766e-01	2.022029273027991236e-01	2.091151181819458083e-01	1.277240354931672428e-01	6.271015682013740544e-02	2.381133225337249068e-02	6.123499541944611019e-02
8.272587065350534203e+02	3.121755668824332530e-01	2.014987690928328745e-01	2.098130399967112480e-01	1.281881626407576080e-01	6.289265843250224641e-02	2.391430827339044093e-02	6.151749468124224907e-02
8.320964767487085965e+02	3.111556414009533644e-01	2.007985583782510575e-01	2.105065310917274002e-01	1.286495511261447899e-01	6.307417961720777899e-02	2.401699091734134719e-02	6.179854746824415407e-02
8.369342469623640000e+02	3.101416187791388168e-01	2.001022769401314128e-01	2.111956239403360303e-01	1.291082190759624548e-01	6.325472610400324769e-02	2.411937831758844894e-02	6.207815684270944628e-02
8.417720171760191761e+02	3.091334602476458748e-01	1.994099063988900300e-01	2.118803506998273301e-01	1.295641844312671875e-01	6.343430356888751787e-02	2.422146866494702400e-02	6.235632598840490370e-02
8.466097873896745796e+02	3.081311275518906490e-01	1.987214282310740543e-01	2.125607432163107990e-01	1.300174649512819414e-01	6.361291763533470645e-02	2.432326020760215007e-02	6.263305820637554699e-02
8.514475576033297557e+02	3.071345829319283016e-01	1.980368237851147795e-01	2.132368330294604764e-01	1.304680782170218878e-01	6.379057387547158731e-02	2.442475125004713032e-02	6.290835691082566350e-02
8.562853278169851592e+02	3.061437891034587966e-01	1.973560742961032455e-01	2.139086513771392140e-01	1.309160416348080780e-01	6.396727781120940814e-02	2.452594015204208333e-02	6.318222562510897311e-02
8.611230980306403353e+02	3.051587092398947987e-01	1.966791608996462937e-01	2.145762291999065707e-01	1.313613724396727467e-01	6.414303491533217272e-02	2.462682532759215975e-02	6.345466797782510493e-02
8.659608682442956251e+02	3.041793069554274975e-01	1.960060646448577582e-01	2.152395971454148238e-01	1.318040876986611154e-01	6.431785061254358116e-02	2.472740524394500400e-02	6.372568769902006713e-02
8.707986384579510286e+02	3.032055462890336228e-01	1.953367665065367520e-01	2.158987855726970384e-01	1.322442043140330814e-01	6.449173028047461287e-02	2.482767842060697519e-02	6.399528861648778877e-02
8.756364086716062047e+02	3.022373916893669188e-01	1.946712473965807322e-01	2.165538245563514153e-01	1.326817390263691221e-01	6.466467925065351452e-02	2.492764342837769723e-02	6.426347465217051302e-02
8.804741788852616082e+02	3.012748080004830631e-01	1.940094881746796118e-01	2.172047438906251349e-01	1.331167084175839677e-01	6.483670280944024700e-02	2.502729888840253547e-02	6.453024981865543297e-02
8.853119490989170117e+02	3.003177604483486252e-01	1.933514696583334969e-01	2.178515730934020844e-01	1.335491289138512339e-01	6.500780619892676526e-02	2.512664347124258721e-02	6.479561821576522440e-02
8.901497193125721878e+02	2.993662146280887670e-01	1.926971726322343481e-01	2.184943414100971038e-01	1.339790167884429006e-01	6.517799461780499071e-02	2.522567589596179383e-02	6.505958402724010270e-02
8.949874895262273640e+02	2.984201364919296107e-01	1.920465778570495663e-01	2.191330778174605809e-01	1.344063881644864122e-01	6.534727322220375278e-02	2.532439492923080002e-02	6.532215151750922488e-02
8.998252597398827675e+02	2.974794923377950262e-01	1.913996660776433878e-01	2.197678110272962004e-01	1.348312590176425629e-01	6.551564712649635136e-02	2.542279938444720958e-02	6.558332502854910540e-02
9.046630299535379436e+02	2.965442487985198716e-01	1.907564180307693424e-01	2.203985694900948977e-01	1.352536451787070826e-01	6.568312140407989164e-02	2.552088812087182149e-02	6.584310897682689456e-02
9.095008001671932334e+02	2.956143728316424912e-01	1.901168144522654979e-01	2.210253813985881555e-01	1.356735623361387533e-01	6.584970108812783496e-02	2.561866004278057912e-02	6.610150785032645193e-02
9.143385703808486369e+02	2.946898317097439990e-01	1.894808360837824390e-01	2.216482746912226964e-01	1.360910260385166937e-01	6.601539117231691733e-02	2.571611409863184400e-02	6.635852620565510507e-02
9.191763405945038130e+02	2.937705930113017061e-01	1.888484636790715432e-01	2.222672770555597921e-01	1.365060516969293369e-01	6.618019661152951816e-02	2.581324928024865753e-02	6.661416866522910929e-02
9.240141108081592165e+02	2.928566246120262173e-01	1.882196780098602251e-01	2.228824159316016018e-01	1.369186545872974614e-01	6.634412232253271424e-02	2.591006462201575489e-02	6.686843991453569891e-02
9.288518810218145063e+02	2.919478946766548288e-01	1.875944598713387146e-01	2.234937185150464023e-01	1.373288498526338275e-01	6.650717318463490735e-02	2.600655920009089725e-02	6.712134469947006465e-02
9.336896512354697961e+02	2.910443716511744161e-01	1.869727900872815984e-01	2.241012117604756770e-01	1.377366525052414192e-01	6.666935404032114931e-02	2.610273213163033165e-02	6.737288782374506457e-02
9.385274214491247449e+02	2.901460242554481650e-01	1.863546495148261095e-01	2.247049223844747867e-01	1.381420774288525111e-01	6.683066969586790029e-02	2.619858257402803495e-02	6.762307414637216962e-02
9.433651916627801484e+02	2.892528214762234429e-01	1.857400190489277847e-01	2.253048768686894132e-01	1.385451393807106968e-01	6.699112492193828872e-02	2.629410972416846778e-02	6.787190857921153453e-02
9.482029618764355519e+02	2.883647325604981604e-01	1.851288796265128933e-01	2.259011014628199143e-01	1.389458529935976849e-01	6.715072445415871949e-02	2.638931281769256107e-02	6.811939608458966733e-02
9.530407320900908417e+02	2.874817270092249188e-01	1.845212122303456492e-01	2.264936221875552824e-01	1.393442327778068035e-01	6.730947299367739944e-02	2.648419112827666427e-02	6.836554167298290741e-02
9.578785023037459041e+02	2.866037745713332918e-01	1.839169978926276650e-01	2.270824648374485388e-01	1.397402931230650180e-01	6.746737520770573759e-02	2.657874396692420579e-02	6.861035040076511604e-02
9.627162725174014213e+02	2.857308452380517561e-01	1.833162176983456348e-01	2.276676549837358676e-01	1.401340483004054061e-01	6.762443573004328634e-02	2.667297068126979823e-02	6.885382736801784476e-02
9.675540427310568248e+02	2.848629092375121186e-01	1.827188527883822078e-01	2.282492179771001828e-01	1.405255124639911424e-01	6.778065916158695914e-02	2.676687065489554915e-02	6.909597771640141328e-02
9.723918129447120009e+02	2.839999370296197867e-01	1.821248843624047320e-01	2.288271789503818487e-01	1.409146996528933271e-01	6.793605007082501035e-02	2.686044330665931720e-02	6.933680662708553710e-02
9.772295831583674044e+02	2.831418993011746710e-01	1.815342936815451669e-01	2.294015628212370539e-01	1.413016237928236829e-01	6.809061299431649894e-02	2.695368809003470534e-02	6.957631931873785314e-02
9.820673533720223531e+02	2.822887669612280104e-01	1.809470620708834021e-01	2.299723942947462796e-01	1.416862986978237315e-01	6.824435243715692989e-02	2.704660449246253442e-02	6.981452104556867821e-02
9.869051235856777566e+02	2.814405111366622969e-01	1.803631709217465295e-01	2.305396978659736418e-01	1.420687380719120319e-01	6.839727287343033701e-02	2.713919203471360994e-02	7.005141709543107054e-02
9.917428937993331601e+02	2.805971031679801997e-01	1.797826016938346982e-01	2.311034978224787706e-01	1.424489555106903949e-01	6.854937874664870923e-02	2.723145027026250414e-02	7.028701278797423735e-02
9.965806640129884499e+02	2.797585146052912752e-01	1.792053359171842664e-01	2.316638182467825602e-01	1.428269645029108803e-01	6.870067447017888518e-02	2.732337878467219761e-02	7.052131347284938678e-02
1.001418434226643626e+03	2.789247172044852507e-01	1.786313551939783251e-01	2.322206830187878990e-01	1.432027784320044905e-01	6.885116442765774891e-02	2.741497719498934421e-02	7.075432452796634464e-02
1.006256204440298802e+03	2.780956829235806116e-01	1.780606412002133931e-01	2.327741158181567127e-01	1.435764105775729216e-01	6.900085297339587920e-02	2.750624514914996530e-02	7.098605135779988140e-02
1.011093974653954206e+03	2.772713839192386676e-01	1.774931756872315247e-01	2.333241401266446802e-01	1.439478741168444820e-01	6.914974443277027705e-02	2.759718232539535784e-02	7.121649939174433397e-02
1.015931744867609382e+03	2.764517925434339385e-01	1.769289404831259627e-01	2.338707792303943156e-01	1.443171821260951782e-01	6.929784310260656000e-02	2.768778843169806061e-02	7.144567408251534246e-02
1.020769515081264785e+03	2.756368813402712004e-01	1.763679174940277761e-01	2.344140562221879720e-01	1.446843475820363267e-01	6.944515325155095620e-02	2.777806320519762839e-02	7.167358090459752251e-02
1.025607285294920075e+03	2.748266230429419199e-01	1.758100887052811145e-01	2.349539940036615426e-01	1.450493833631693041e-01	6.959167912043251469e-02	2.786800641164608600e-02	7.190022535273685178e-02
1.030445055508575479e+03	2.740209905708110849e-01	1.752554361825135743e-01	2.354906152874800263e-01	1.454123022511091268e-01	6.973742492261592041e-02	2.795761784486287468e-02	7.212561294047664662e-02
1.035282825722230655e+03	2.732199570266277688e-01	1.747039420726086423e-01	2.360239425994758444e-01	1.457731169318767228e-01	6.988239484434519144e-02	2.804689732619906548e-02	7.234974919873600474e-02
1.040120595935886058e+03	2.724234956938518248e-01	1.741555886045856594e-01	2.365539982807507435e-01	1.461318399971619775e-01	7.002659304507863336e-02	2.813584470401073873e-02	7.257263967442963148e-02
1.044958366149541234e+03	2.716315800340907693e-01	1.736103580903933796e-01	2.370808044897426969e-01	1.464884839455577181e-01	7.017002365781534190e-02	2.822445985314129407e-02	7.279428992912793939e-02
1.049796136363196410e+03	2.708441836846402495e-01	1.730682329256225116e-01	2.376043832042579185e-01	1.468430611837657773e-01	7.031269078941360107e-02	2.831274267441255890e-02	7.301470553775651906e-02
1.054633906576851814e+03	2.700612804561223768e-01	1.725291955901417928e-01	2.381247562234694581e-01	1.471955840277757999e-01	7.045459852090137087e-02	2.840069309412456000e-02	7.323389208733376010e-02
1.059471676790506763e+03	2.692828443302164865e-01	1.719932286486630657e-01	2.386419451698831018e-01	1.475460647040176265e-01	7.059575090777929496e-02	2.848831106356372947e-02	7.345185517574583101e-02
1.064309447004162394e+03	2.685088494574766615e-01	1.714603147512393511e-01	2.391559714912709356e-01	1.478945153504884480e-01	7.073615198031621421e-02	2.857559655851947197e-02	7.366860041055800501e-02
1.069147217217817570e+03	2.677392701552325782e-01	1.709304366337000003e-01	2.396668564625740738e-01	1.482409480178545347e-01	7.087580574383782472e-02	2.866254957880887827e-02	7.388413340786123551e-02
1.073984987431472746e+03	2.669740809055670683e-01	1.704035771180272274e-01	2.401746211877744952e-01	1.485853746705292633e-01	7.101471617900832756e-02	2.874917014780946703e-02	7.409845979115331494e-02
1.078822757645127922e+03	2.662132563533677332e-01	1.698797191126774908e-01	2.406792866017373467e-01	1.489278071877275789e-01	7.115288724210559745e-02	2.883545831199980231e-02	7.431158519025357623e-02
1.083660527858783553e+03	2.654567713044479471e-01	1.693588456128513053e-01	2.411808734720241598e-01	1.492682573644976141e-01	7.129032286528991236e-02	2.892141414050786175e-02	7.452351524025029039e-02
1.088498298072438729e+03	2.647046007237333631e-01	1.688409397007145929e-01	2.416794024006775343e-01	1.496067369127302427e-01	7.142702695686653502e-02	2.900703772466699248e-02	7.473425558047988582e-02
1.093336068286093905e+03	2.639567197335100923e-01	1.683259845455749859e-01	2.421748938259779826e-01	1.499432574621470948e-01	7.156300340154232720e-02	2.909232917757932288e-02	7.494381185353730934e-02
1.098173838499749309e+03	2.632131036117322243e-01	1.678139634040155814e-01	2.426673680241739628e-01	1.502778305612677556e-01	7.169825606067659063e-02	2.917728863368653294e-02	7.515218970431639112e-02
1.103011608713404712e+03	2.624737277903842481e-01	1.673048596199890881e-01	2.431568451111850437e-01	1.506104676783565355e-01	7.183278877252635697e-02	2.926191624834777877e-02	7.535939477907994954e-02
1.107849378927059888e+03	2.617385678538959870e-01	1.667986566248750024e-01	2.436433450442792858e-01	1.509411802023495064e-01	7.196660535248618207e-02	2.934621219742473974e-02	7.556543272455824856e-02
1.112687149140715292e+03	2.610075995376071045e-01	1.662953379375019525e-01	2.441268876237254193e-01	1.512699794437624701e-01	7.209970959332283325e-02	2.943017667687356995e-02	7.577030918707562679e-02
1.117524919354370468e+03	2.602807987262786837e-01	1.657948871641377331e-01	2.446074924944197926e-01	1.515968766355800801e-01	7.223210526540477239e-02	2.951380990234370866e-02	7.597402981170418845e-02
1.122362689568025871e+03	2.595581414526493269e-01	1.652972879984490051e-01	2.450851791474895069e-01	1.519218829341268673e-01	7.236379611692686509e-02	2.959711210878337995e-02	7.617660024144394526e-02
1.127200459781681047e+03	2.588396038960332213e-01	1.648025242214326558e-01	2.455599669218715697e-01	1.522450094199206960e-01	7.249478587413016317e-02	2.968008355005167728e-02	7.637802611642892370e-02
1.132038229995336451e+03	2.581251623809578954e-01	1.643105797013208191e-01	2.460318750058687887e-01	1.525662670985088176e-01	7.262507824151723246e-02	2.976272449853713253e-02	7.657831307315814129e-02
1.136876000208991627e+03	2.574147933758401119e-01	1.638214383934611940e-01	2.465009224386830733e-01	1.528856669012874647e-01	7.275467690206297022e-02	2.984503524478263753e-02	7.677746674375128533e-02
1.141713770422646803e+03	2.567084734916973976e-01	1.633350843401744357e-01	2.469671281119263651e-01	1.532032196863049589e-01	7.288358551742096791e-02	2.992701609711662450e-02	7.697549275522796997e-02
1.146551540636302207e+03	2.560061794808933811e-01	1.628515016705899265e-01	2.474305107711097795e-01	1.535189362390490531e-01	7.301180772812586317e-02	3.000866738129038397e-02	7.717239672881032186e-02
1.151389310849957155e+03	2.553078882359155477e-01	1.623706746004618673e-01	2.478910890171114323e-01	1.538328272732188418e-01	7.313934715379138973e-02	3.008998944012140561e-02	7.736818427924818664e-02
1.156227081063612786e+03	2.546135767881835266e-01	1.618925874319664671e-01	2.483488813076233370e-01	1.541449034314817945e-01	7.326620739330468035e-02	3.017098263314267267e-02	7.756286101416615120e-02
1.161064851277267962e+03	2.539232223068863536e-01	1.614172245534820915e-01	2.488039059585777646e-01	1.544551752862159399e-01	7.339239202501657289e-02	3.025164733625777813e-02	7.775643253343207661e-02
1.165902621490923138e+03	2.532368020978471579e-01	1.609445704393531462e-01	2.492561811455537013e-01	1.547636533402380610e-01	7.351790460692822493e-02	3.033198394140176543e-02	7.794890442854644774e-02
1.170740391704578315e+03	2.525542936024143259e-01	1.604746096496390828e-01	2.497057249051633510e-01	1.550703480275179014e-01	7.364274867687414794e-02	3.041199285620759668e-02	7.814028228205201210e-02
1.175578161918233945e+03	2.518756743963772027e-01	1.600073268298495832e-01	2.501525551364196520e-01	1.553752697138788830e-01	7.376692775270168867e-02	3.049167450367818236e-02	7.833057166696316687e-02
1.180415932131889122e+03	2.512009221889056620e-01	1.595427067106667818e-01	2.505966896020847545e-01	1.556784286976857501e-01	7.389044533244708279e-02	3.057102932186380947e-02	7.851977814621449725e-02
1.185253702345544298e+03	2.505300148215121592e-01	1.590807341076555526e-01	2.510381459299999563e-01	1.559798352105193353e-01	7.401330489450817784e-02	3.065005776354496128e-02	7.870790727212816085e-02
1.190091472559199701e+03	2.498629302670350993e-01	1.586213939209630552e-01	2.514769416143975977e-01	1.562794994178388908e-01	7.413550989781395040e-02	3.072876029592037234e-02	7.889496458589932704e-02
1.194929242772855105e+03	2.491996466286427736e-01	1.581646711350075951e-01	2.519130940171949162e-01	1.565774314196323735e-01	7.425706378199087299e-02	3.080713740030023920e-02	7.908095561709951871e-02
1.199767012986510281e+03	2.485401421388565568e-01	1.577105508181584903e-01	2.523466203692706356e-01	1.568736412510546574e-01	7.437796996752629730e-02	3.088518957180454855e-02	7.926588588319703754e-02
1.204604783200165684e+03	2.478843951585927019e-01	1.572590181224071404e-01	2.527775377717245697e-01	1.571681388830543369e-01	7.449823185592868713e-02	3.096291731906637354e-02	7.944976088909433409e-02
1.209442553413820860e+03	2.472323841762218977e-01	1.568100582830300183e-01	2.532058631971199070e-01	1.574609342229894293e-01	7.461785282988522838e-02	3.104032116394007598e-02	7.963258612668158709e-02
1.214280323627476264e+03	2.465840878066455633e-01	1.563636566182444176e-01	2.536316134907092845e-01	1.577520371152317524e-01	7.473683625341641379e-02	3.111740164121436572e-02	7.981436707440628386e-02
1.219118093841131440e+03	2.459394847903882686e-01	1.559197985288574839e-01	2.540548053716449872e-01	1.580414573417609769e-01	7.485518547202794915e-02	3.119415929833008541e-02	7.999510919685826060e-02
1.223955864054786844e+03	2.452985539927055314e-01	1.554784694979090831e-01	2.544754554341726593e-01	1.583292046227481042e-01	7.497290381286013383e-02	3.127059469510266865e-02	8.017481794436977227e-02
1.228793634268442020e+03	2.446612744027064912e-01	1.550396550903089254e-01	2.548935801488100283e-01	1.586152886171286747e-01	7.508999458483447964e-02	3.134670840344919857e-02	8.035349875263021746e-02
1.233631404482097196e+03	2.440276251324902668e-01	1.546033409524688318e-01	2.553091958635094749e-01	1.588997189231662888e-01	7.520646107879790099e-02	3.142250100711994204e-02	8.053115704231522676e-02
1.238469174695752372e+03	2.433975854162962471e-01	1.541695128119301705e-01	2.557223188048067808e-01	1.591825050790063589e-01	7.532230656766447652e-02	3.149797310143438722e-02	8.070779821872949011e-02
1.243306944909407548e+03	2.427711346096669276e-01	1.537381564769870756e-01	2.561329650789539447e-01	1.594636565632203684e-01	7.543753430655476822e-02	3.157312529302159360e-02	8.088342767146317058e-02
1.248144715123063179e+03	2.421482521886233197e-01	1.533092578363060288e-01	2.565411506730383429e-01	1.597431827953410821e-01	7.555214753293287844e-02	3.164795819956484069e-02	8.105805077406139092e-02
1.252982485336718355e+03	2.415289177488520178e-01	1.528828028585419163e-01	2.569468914560870676e-01	1.600210931363886535e-01	7.566614946674116160e-02	3.172247244955053724e-02	8.123167288370657102e-02
1.257820255550373531e+03	2.409131110049038960e-01	1.524587775919510613e-01	2.573502031801576106e-01	1.602973968893881274e-01	7.577954331053288195e-02	3.179666868202120356e-02	8.140429934091314434e-02
1.262658025764028707e+03	2.403008117894034346e-01	1.520371681640017292e-01	2.577511014814149459e-01	1.605721032998782272e-01	7.589233224960256763e-02	3.187054754633264486e-02	8.157593546923436190e-02
1.267495795977684338e+03	2.396920000522688443e-01	1.516179607809819974e-01	2.581496018811946236e-01	1.608452215564120935e-01	7.600451945211435245e-02	3.194410970191501054e-02	8.174658657498090619e-02
1.272333566191339514e+03	2.390866558599421265e-01	1.512011417276059033e-01	2.585457197870532631e-01	1.611167607910494459e-01	7.611610806922827765e-02	3.201735581803794028e-02	8.191625794695088503e-02
1.277171336404994690e+03	2.384847593946287370e-01	1.507866973666173727e-01	2.589394704938052238e-01	1.613867300798413895e-01	7.622710123522462300e-02	3.209028657357949205e-02	8.208495485617098297e-02
