3.178415030371521425e+03	1.431207753429218354e-01	8.483409117402339328e-02	3.175562958638576960e-01	2.042770403436399707e-01	9.600971784271201959e-02	4.476190828545932587e-02	1.094401711459762339e-01
3.192928341012487181e+03	1.428810580113025475e-01	8.473230067742247573e-02	3.180631289557924735e-01	2.040872843460988795e-01	9.601154137749993989e-02	4.486826004395118306e-02	1.093564265865230034e-01
3.207441651653452936e+03	1.426472841927038104e-01	8.463225504329367765e-02	3.185091358056379440e-01	2.039456161434586023e-01	9.601332382936653143e-02	4.496661640375514829e-02	1.092857685803747952e-01
3.221954962294418237e+03	1.424192785589687704e-01	8.453397377060715978e-02	3.189036342764979826e-01	2.038436955475603218e-01	9.601506621346642123e-02	4.505786812247405959e-02	1.092264835090157732e-01
3.236468272935384903e+03	1.421968746355163626e-01	8.443746461185570873e-02	3.192544562099638994e-01	2.037745511903438778e-01	9.601676951538049010e-02	4.514277967387855112e-02	1.091771041616515642e-01
3.250981583576350204e+03	1.419799139155488721e-01	8.434272578384581498e-02	3.195681860846050215e-01	2.037323587692119187e-01	9.601843469256528263e-02	4.522200886366209427e-02	1.091363718891514151e-01
3.265494894217316414e+03	1.417682450981369024e-01	8.424974780898301929e-02	3.198503612786009476e-01	2.037122550799463638e-01	9.602006267566078057e-02	4.529612331399562181e-02	1.091032047432667490e-01
3.280008204858282170e+03	1.415617234310843908e-01	8.415851504715207709e-02	3.201056401175293442e-01	2.037101820690752352e-01	9.602165436967641243e-02	4.536561432030803559e-02	1.090766706437648337e-01
3.294521515499247926e+03	1.413602101425049384e-01	8.406900696858665700e-02	3.203379428930392958e-01	2.037227560668388449e-01	9.602321065507161968e-02	4.543090850264692310e-02	1.090559647699020085e-01
3.309034826140214136e+03	1.411635719475838602e-01	8.398119920998345367e-02	3.205505702031349879e-01	2.037471581414777577e-01	9.602473238874530137e-02	4.549237760596103880e-02	1.090403905017038322e-01
3.323548136781179892e+03	1.409716806191361749e-01	8.389506444928600259e-02	3.207463022642610961e-01	2.037810421695686602e-01	9.602622040494590561e-02	4.555034674658897664e-02	1.090293433448034088e-01
3.338061447422145648e+03	1.407844126123673489e-01	8.381057312883620491e-02	3.209274822576580477e-01	2.038224577657903602e-01	9.602767551611232633e-02	4.560510135437201990e-02	1.090222973634539655e-01
3.352574758063111403e+03	1.406016487357502898e-01	8.372769405178669133e-02	3.210960862793785231e-01	2.038697856757825111e-01	9.602909851365433458e-02	4.565689301965376867e-02	1.090187937225841619e-01
3.367088068704076704e+03	1.404232738612008480e-01	8.364639487263741957e-02	3.212537820496823571e-01	2.039216836218940565e-01	9.603049016867956644e-02	4.570594442074144698e-02	1.090184310037545928e-01
3.381601379345043824e+03	1.402491766677990415e-01	8.356664249937996447e-02	3.214019781904646766e-01	2.039770409155534370e-01	9.603185123267379830e-02	4.575245347914320970e-02	1.090208570135761529e-01
3.396114689986008671e+03	1.400792494141995526e-01	8.348840342189831065e-02	3.215418655882006926e-01	2.040349404217438323e-01	9.603318243813931121e-02	4.579659686618720721e-02	1.090257618482213392e-01
3.410628000626974881e+03	1.399133877356283640e-01	8.341164397889730409e-02	3.216744521156027492e-01	2.040946266890402983e-01	9.603448449919638197e-02	4.583853296473854033e-02	1.090328720154865871e-01
3.425141311267940637e+03	1.397514904619964748e-01	8.333633057363637464e-02	3.218005917802339577e-01	2.041554792499135074e-01	9.603575811215153690e-02	4.587840437304484958e-02	1.090419454476134753e-01
3.439654621908906392e+03	1.395934594541945739e-01	8.326242984707425687e-02	3.219210091963741749e-01	2.042169902564410222e-01	9.603700395603607942e-02	4.591634002374308382e-02	1.090527672647269575e-01
3.454167932549872603e+03	1.394391994560822134e-01	8.318990881562825235e-02	3.220363201321689850e-01	2.042787457511565374e-01	9.603822269311770854e-02	4.595245697931672063e-02	1.090651461711197867e-01
3.468681243190838359e+03	1.392886179600625052e-01	8.311873497957650292e-02	3.221470487630583301e-01	2.043404099856711287e-01	9.603941496938783740e-02	4.598686195544118144e-02	1.090789113853927322e-01
3.483194553831804114e+03	1.391416250844525471e-01	8.304887640714588015e-02	3.222536421609340507e-01	2.044017122944140341e-01	9.604058141502676282e-02	4.601965261538989993e-02	1.090939100212270640e-01
3.497707864472769415e+03	1.389981334611274377e-01	8.298030179850207633e-02	3.223564824632751402e-01	2.044624361102926613e-01	9.604172264484853172e-02	4.605091867173984055e-02	1.091100048488044955e-01
3.512221175113736081e+03	1.388580581321430529e-01	8.291298053316634165e-02	3.224558970950303638e-01	2.045224097757191439e-01	9.604283925872716954e-02	4.608074282579788239e-02	1.091270723780061874e-01
3.526734485754701382e+03	1.387213164542329680e-01	8.284688270380215214e-02	3.225521673560410307e-01	2.045814988583611327e-01	9.604393184200583911e-02	4.610920157028934596e-02	1.091450012138576869e-01
3.541247796395667592e+03	1.385878280102368076e-01	8.278197913882963388e-02	3.226455356364794635e-01	2.046395997278713796e-01	9.604500096589006775e-02	4.613636587675500750e-02	1.091636906425278580e-01
3.555761107036633348e+03	1.384575145266532525e-01	8.271824141591746504e-02	3.227362114805581439e-01	2.046966341891912344e-01	9.604604718782611128e-02	4.616230178566801262e-02	1.091830494127759427e-01
3.570274417677599104e+03	1.383302997966260328e-01	8.265564186806084734e-02	3.228243766833423511e-01	2.047525450010214687e-01	9.604707105186573168e-02	4.618707091439935158e-02	1.092029946832743653e-01
3.584787728318565314e+03	1.382061096077692453e-01	8.259415358366831161e-02	3.229101895757746088e-01	2.048072921357330656e-01	9.604807308901792962e-02	4.621073089574262438e-02	1.092234511108843426e-01
3.599301038959531070e+03	1.380848716743201532e-01	8.253375040184059153e-02	3.229937886280847548e-01	2.048608496602077333e-01	9.604905381758864491e-02	4.623333575767926695e-02	1.092443500588689692e-01
3.613814349600496826e+03	1.379665155731784054e-01	8.247440690382461248e-02	3.230752954808308597e-01	2.049132031365711593e-01	9.605001374350910504e-02	4.625493625336286885e-02	1.092656289073130754e-01
3.628327660241463036e+03	1.378509726834492854e-01	8.241609840145783239e-02	3.231548174952614261e-01	2.049643474581153146e-01	9.605095336065332112e-02	4.627558014887223070e-02	1.092872304507806480e-01
3.642840970882427882e+03	1.377381761291602280e-01	8.235880092327808877e-02	3.232324498999541995e-01	2.050142850494048874e-01	9.605187315114543933e-02	4.629531247508374137e-02	1.093091023705635018e-01
3.657354281523394548e+03	1.376280607248611676e-01	8.230249119885663101e-02	3.233082775983266988e-01	2.050630243710525602e-01	9.605277358565748880e-02	4.631417574900733442e-02	1.093311967708282262e-01
3.671867592164359849e+03	1.375205629238575589e-01	8.224714664181412282e-02	3.233823766912390929e-01	2.051105786792829511e-01	9.605365512369792858e-02	4.633221016908538326e-02	1.093534697696131319e-01
3.686380902805326514e+03	1.374156207688554121e-01	8.219274533189774301e-02	3.234548157602044061e-01	2.051569649984859023e-01	9.605451821389134059e-02	4.634945378824500972e-02	1.093758811370103279e-01
3.700894213446291815e+03	1.373131738448239436e-01	8.213926599642881743e-02	3.235256569494183165e-01	2.052022032717361055e-01	9.605536329424996245e-02	4.636594266789891006e-02	1.093983939740340722e-01
3.715407524087257570e+03	1.372131632339055329e-01	8.208668799137368299e-02	3.235949568786871122e-01	2.052463156599385052e-01	9.605619079243707392e-02	4.638171101558989651e-02	1.094209744266582407e-01
3.729920834728223781e+03	1.371155314722214413e-01	8.203499128224303605e-02	3.236627674141913658e-01	2.052893259650234448e-01	9.605700112602279239e-02	4.639679130855466072e-02	1.094435914303332480e-01
3.744434145369189537e+03	1.370202225084385939e-01	8.198415642498511902e-02	3.237291363197025706e-01	2.053312591566101575e-01	9.605779470273258236e-02	4.641121440512974844e-02	1.094662164809911548e-01
3.758947456010155292e+03	1.369271816639781314e-01	8.193416454700595819e-02	3.237941078072473222e-01	2.053721409849072754e-01	9.605857192068874284e-02	4.642500964562622234e-02	1.094888234291363227e-01
3.773460766651120593e+03	1.368363555947580967e-01	8.188499732842159651e-02	3.238577230031717269e-01	2.054119976654258939e-01	9.605933316864505300e-02	4.643820494405100779e-02	1.095113882941165101e-01
3.787974077292087259e+03	1.367476922543742202e-01	8.183663698362543537e-02	3.239200203430073755e-01	2.054508556234351524e-01	9.606007882621497851e-02	4.645082687184320241e-02	1.095338890960895206e-01
3.802487387933053014e+03	1.366611408586318188e-01	8.178906624323464825e-02	3.239810359063933221e-01	2.054887412880626596e-01	9.606080926409361898e-02	4.646290073461797898e-02	1.095563057035558452e-01
3.817000698574018315e+03	1.365766518513501226e-01	8.174226833646440482e-02	3.240408037015152232e-01	2.055256809275953223e-01	9.606152484427359084e-02	4.647445064276248261e-02	1.095786196946286484e-01
3.831514009214984981e+03	1.364941768713681391e-01	8.169622697396550226e-02	3.240993559070080576e-01	2.055617005189219748e-01	9.606222592025513707e-02	4.648549957660363247e-02	1.096008142304674138e-01
3.846027319855950282e+03	1.364136687206864429e-01	8.165092633115104970e-02	3.241567230780020292e-01	2.055968256452195553e-01	9.606291283725058860e-02	4.649606944676287074e-02	1.096228739395173207e-01
3.860540630496916037e+03	1.363350813336859924e-01	8.160635103202880380e-02	3.242129343219294357e-01	2.056310814169574619e-01	9.606358593238338572e-02	4.650618115022422255e-02	1.096447848113805551e-01
3.875053941137881793e+03	1.362583697473690458e-01	8.156248613354909194e-02	3.242680174488118960e-01	2.056644924121087403e-01	9.606424553488189522e-02	4.651585462256790232e-02	1.096665340993013132e-01
3.889567251778848004e+03	1.361834900725720221e-01	8.151931711047248619e-02	3.243219991000001468e-01	2.056970826321391221e-01	9.606489196626813443e-02	4.652510888675837758e-02	1.096881102303795819e-01
3.904080562419813759e+03	1.361103994661042038e-01	8.147682984075665935e-02	3.243749048587067918e-01	2.057288754709160061e-01	9.606552554054158255e-02	4.653396209882291329e-02	1.097095027227416447e-01
3.918593873060779970e+03	1.360390561037691792e-01	8.143501059145852317e-02	3.244267593451427567e-01	2.057598936941570367e-01	9.606614656435824573e-02	4.654243159071169006e-02	1.097307021089923840e-01
3.933107183701745726e+03	1.359694191542290542e-01	8.139384600514461277e-02	3.244775862986231107e-01	2.057901594274384460e-01	9.606675533720514248e-02	4.655053391059235657e-02	1.097516998653570858e-01
3.947620494342711936e+03	1.359014487536749638e-01	8.135332308680033597e-02	3.245274086486353293e-01	2.058196941511176159e-01	9.606735215157026497e-02	4.655828486079986034e-02	1.097724883459914869e-01
3.962133804983676782e+03	1.358351059812683559e-01	8.131342919122737378e-02	3.245762485765473215e-01	2.058485187008036732e-01	9.606793729310829366e-02	4.656569953363487446e-02	1.097930607219999438e-01
3.976647115624642538e+03	1.357703528353216005e-01	8.127415201091668651e-02	3.246241275693700357e-01	2.058766532722448583e-01	9.606851104080207926e-02	4.657279234518092031e-02	1.098134109247536766e-01
3.991160426265608749e+03	1.357071522101870875e-01	8.123547956438388618e-02	3.246710664667656898e-01	2.059041174296957211e-01	9.606907366712005847e-02	4.657957706729044106e-02	1.098335335931469453e-01
4.005673736906575414e+03	1.356454678738266417e-01	8.119740018495313905e-02	3.247170855023086000e-01	2.059309301169908180e-01	9.606962543816972844e-02	4.658606685787312213e-02	1.098534240244677107e-01
4.020187047547540715e+03	1.355852644460341372e-01	8.115990250997512367e-02	3.247622043398464275e-01	2.059571096706877547e-01	9.607016661384727707e-02	4.659227428960530104e-02	1.098730781285937042e-01
4.034700358188505561e+03	1.355265073772864426e-01	8.112297547046429247e-02	3.248064421056783835e-01	2.059826738347560193e-01	9.607069744798354960e-02	4.659821137716679135e-02	1.098924923852542257e-01
4.049213668829472226e+03	1.354691629281986887e-01	8.108660828114107322e-02	3.248498174171564612e-01	2.060076397763825617e-01	9.607121818848632366e-02	4.660388960310087036e-02	1.099116638041237326e-01
4.063726979470437527e+03	1.354131981495612369e-01	8.105079043086378665e-02	3.248923484082216762e-01	2.060320241025438703e-01	9.607172907747908719e-02	4.660931994238377146e-02	1.099305898875362342e-01
4.078240290111404192e+03	1.353585808629374776e-01	8.101551167343633286e-02	3.249340527523084110e-01	2.060558428770601358e-01	9.607223035143643008e-02	4.661451288578217361e-02	1.099492685956287297e-01
4.092753600752369493e+03	1.353052796418014181e-01	8.098076201877676961e-02	3.249749476829838502e-01	2.060791116379013521e-01	9.607272224131617466e-02	4.661947846207018659e-02	1.099676983137399672e-01
4.107266911393336159e+03	1.352532637931968262e-01	8.094653172443311284e-02	3.250150500126344766e-01	2.061018454145601142e-01	9.607320497268811987e-02	4.662422625917111985e-02	1.099858778219059141e-01
4.121780222034301914e+03	1.352025033398989717e-01	8.091281128743248174e-02	3.250543761494626982e-01	2.061240587453443129e-01	9.607367876585982958e-02	4.662876544428428555e-02	1.100038062663070554e-01
4.136293532675267670e+03	1.351529690030620345e-01	8.087959143645019611e-02	3.250929421130188124e-01	2.061457656944726269e-01	9.607414383599922891e-02	4.663310478305209700e-02	1.100214831325346393e-01
4.150806843316233426e+03	1.351046321853353327e-01	8.084686312428596144e-02	3.251307635484585457e-01	2.061669798688824939e-01	9.607460039325428636e-02	4.663725265781882429e-02	1.100389082205541907e-01
4.165320153957199182e+03	1.350574649544328820e-01	8.081461752063447135e-02	3.251678557396893154e-01	2.061877144346804802e-01	9.607504864286989243e-02	4.664121708502864255e-02	1.100560816212540205e-01
4.179833464598164937e+03	1.350114400271411053e-01	8.078284600513843672e-02	3.252042336215433815e-01	2.062079821331826990e-01	9.607548878530175474e-02	4.664500573180722920e-02	1.100730036944750773e-01
4.194346775239130693e+03	1.349665307537505077e-01	8.075154016071207919e-02	3.252399117910969029e-01	2.062277952965072547e-01	9.607592101632769777e-02	4.664862593176839073e-02	1.100896750484268438e-01
4.208860085880096449e+03	1.349227111028971915e-01	8.072069176712406979e-02	3.252749045182355414e-01	2.062471658626917614e-01	9.607634552715621501e-02	4.665208470008439662e-02	1.101060965204004038e-01
4.223373396521062205e+03	1.348799556468018024e-01	8.069029279482881067e-02	3.253092257555540989e-01	2.062661053903190600e-01	9.607676250453248135e-02	4.665538874785655349e-02	1.101222691586967867e-01
4.237886707162027960e+03	1.348382395468923356e-01	8.066033539903580407e-02	3.253428891476642937e-01	2.062846250726410313e-01	9.607717213084182584e-02	4.665854449582005486e-02	1.101381942056942065e-01
4.252400017802994626e+03	1.347975385397999493e-01	8.063081191400679748e-02	3.253759080399755144e-01	2.063027357511978133e-01	9.607757458421069263e-02	4.666155808741546951e-02	1.101538730819833223e-01
4.266913328443960381e+03	1.347578289237151006e-01	8.060171484757146232e-02	3.254082954870031741e-01	2.063204479289327820e-01	9.607797003860531204e-02	4.666443540125728151e-02	1.101693073715044741e-01
4.281426639084926137e+03	1.347190875450938741e-01	8.057303687585201657e-02	3.254400642602530147e-01	2.063377717828095148e-01	9.607835866392788748e-02	4.666718206302816058e-02	1.101844988076250836e-01
4.295939949725891893e+03	1.346812917857031777e-01	8.054477083818809002e-02	3.254712268557227173e-01	2.063547171759386178e-01	9.607874062611067301e-02	4.666980345682623238e-02	1.101994492601000575e-01
4.310453260366857648e+03	1.346444195499951479e-01	8.051690973225332504e-02	3.255017955010565123e-01	2.063712936692246314e-01	9.607911608720770547e-02	4.667230473599118246e-02	1.102141607228610543e-01
4.324966571007824314e+03	1.346084492528004939e-01	8.048944670935556656e-02	3.255317821623847085e-01	2.063875105325461701e-01	9.607948520548438565e-02	4.667469083343357000e-02	1.102286353025846710e-01
4.339479881648789160e+03	1.345733598073318160e-01	8.046237506991289756e-02	3.255611985508747308e-01	2.064033767554820098e-01	9.607984813550506098e-02	4.667696647149061073e-02	1.102428752079923913e-01
4.353993192289754006e+03	1.345391306134874621e-01	8.043568825909806763e-02	3.255900561290185902e-01	2.064189010575983030e-01	9.608020502821838782e-02	4.667913617133054305e-02	1.102568827398380941e-01
4.368506502930720671e+03	1.345057415464473716e-01	8.040937986264418136e-02	3.256183661166769383e-01	2.064340918983116613e-01	9.608055603104086184e-02	4.668120426192647748e-02	1.102706602815420323e-01
4.383019813571686427e+03	1.344731729455523050e-01	8.038344360280477718e-02	3.256461394968986900e-01	2.064489574863433985e-01	9.608090128793821127e-02	4.668317488861972731e-02	1.102842102904323662e-01
4.397533124212653092e+03	1.344414056034588523e-01	8.035787333446192671e-02	3.256733870215329785e-01	2.064635057887809488e-01	9.608124093950508315e-02	4.668505202129168141e-02	1.102975352895579630e-01
4.412046434853618848e+03	1.344104207555618935e-01	8.033266304137601233e-02	3.257001192166469328e-01	2.064777445397612821e-01	9.608157512304273118e-02	4.668683946216216352e-02	1.103106378600384047e-01
4.426559745494584604e+03	1.343802000696771859e-01	8.030780683257122965e-02	3.257263463877632659e-01	2.064916812487923303e-01	9.608190397263491334e-02	4.668854085323168035e-02	1.103235206339188146e-01
4.441073056135550360e+03	1.343507256359768864e-01	8.028329893885123580e-02	3.257520786249286093e-01	2.065053232087268875e-01	9.608222761922208255e-02	4.669015968338387917e-02	1.103361862874998600e-01
4.455586366776516115e+03	1.343219799571708506e-01	8.025913370943937863e-02	3.257773258076232525e-01	2.065186775034041633e-01	9.608254619067375935e-02	4.669169929516387568e-02	1.103486375351141469e-01
4.470099677417481871e+03	1.342939459389272117e-01	8.023530560873833040e-02	3.258020976095211130e-01	2.065317510149733693e-01	9.608285981185935021e-02	4.669316289124741948e-02	1.103608771233226399e-01
4.484612988058447627e+03	1.342666068805253854e-01	8.021180921320432422e-02	3.258264035031089301e-01	2.065445504309127156e-01	9.608316860471713405e-02	4.669455354061510799e-02	1.103729078255059198e-01
4.499126298699412473e+03	1.342399464657353103e-01	8.018863920833090020e-02	3.258502527641715663e-01	2.065570822507578064e-01	9.608347268832187482e-02	4.669587418444522825e-02	1.103847324368268101e-01
4.513639609340379138e+03	1.342139487539170395e-01	8.016579038573806715e-02	3.258736544761510756e-01	2.065693527925523965e-01	9.608377217895068545e-02	4.669712764173815367e-02	1.103963537695420577e-01
4.528152919981345804e+03	1.341885981713344667e-01	8.014325764036221711e-02	3.258966175343846472e-01	2.065813681990336104e-01	9.608406719014747632e-02	4.669831661468464706e-02	1.104077746486423484e-01
4.542666230622311559e+03	1.341638795026775799e-01	8.012103596774269865e-02	3.259191506502286395e-01	2.065931344435639194e-01	9.608435783278586328e-02	4.669944369378990767e-02	1.104189979078008116e-01
4.557179541263276406e+03	1.341397778827878307e-01	8.009912046140127417e-02	3.259412623550723143e-01	2.066046573358211458e-01	9.608464421513059073e-02	4.670051136276453380e-02	1.104300263856116820e-01
4.571692851904243071e+03	1.341162787885811780e-01	8.007750631031049227e-02	3.259629610042473202e-01	2.066159425272579564e-01	9.608492644289767792e-02	4.670152200319312163e-02	1.104408629221015625e-01
4.586206162545208826e+03	1.340933680311637288e-01	8.005618879644743613e-02	3.259842547808367574e-01	2.066269955163406169e-01	9.608520461931301104e-02	4.670247789899081847e-02	1.104515103554968986e-01
4.600719473186175492e+03	1.340710317481345892e-01	8.003516329242944816e-02	3.260051516993880405e-01	2.066378216535777745e-01	9.608547884516963067e-02	4.670338124065751689e-02	1.104619715192323021e-01
4.615232783827140338e+03	1.340492563960717642e-01	8.001442525922826399e-02	3.260256596095331694e-01	2.066484261463483185e-01	9.608574921888382581e-02	4.670423412933899510e-02	1.104722492391849997e-01
4.629746094468105184e+03	1.340280287431957762e-01	7.999397024395993316e-02	3.260457861995202378e-01	2.066588140635379767e-01	9.608601583654972911e-02	4.670503858070396141e-02	1.104823463311217502e-01
4.644259405109071849e+03	1.340073358622065613e-01	7.997379387774691817e-02	3.260655389996593434e-01	2.066689903399927530e-01	9.608627879199288513e-02	4.670579652864544073e-02	1.104922655983454211e-01
4.658772715750037605e+03	1.339871651232895922e-01	7.995389187364994321e-02	3.260849253856858976e-01	2.066789597807982548e-01	9.608653817682231979e-02	4.670650982881455193e-02	1.105020098295287634e-01
4.673286026391004270e+03	1.339675041872864791e-01	7.993426002466647029e-02	3.261039525820438878e-01	2.066887270653920416e-01	9.608679408048166615e-02	4.670718026199451034e-02	1.105115817967242953e-01
4.687799337031970026e+03	1.339483409990260554e-01	7.991489420179356817e-02	3.261226276650925349e-01	2.066982967515171299e-01	9.608704659029902728e-02	4.670780953732207863e-02	1.105209842535390258e-01
4.702312647672935782e+03	1.339296637808119750e-01	7.989579035215231551e-02	3.261409575662379545e-01	2.067076732790235905e-01	9.608729579153560407e-02	4.670839929536362706e-02	1.105302199334643465e-01
4.716825958313901538e+03	1.339114610260628280e-01	7.987694449717144818e-02	3.261589490749933762e-01	2.067168609735250961e-01	9.608754176743330988e-02	4.670895111105240888e-02	1.105392915483509320e-01
4.731339268954867293e+03	1.338937214931009145e-01	7.985835273082805830e-02	3.261766088419685850e-01	2.067258640499168854e-01	9.608778459926131665e-02	4.670946649649346943e-02	1.105482017870200867e-01
4.745852579595833049e+03	1.338764341990862361e-01	7.984001121794295774e-02	3.261939433817924172e-01	2.067346866157611929e-01	9.608802436636144917e-02	4.670994690364233676e-02	1.105569533140027538e-01
4.760365890236798805e+03	1.338595884140915127e-01	7.982191619252874959e-02	3.262109590759684208e-01	2.067433326745465594e-01	9.608826114619255232e-02	4.671039372686323216e-02	1.105655487683982197e-01
4.774879200877764561e+03	1.338431736553155893e-01	7.980406395618851179e-02	3.262276621756680650e-01	2.067518061288257103e-01	9.608849501437391472e-02	4.671080830537245598e-02	1.105739907628449648e-01
4.789392511518729407e+03	1.338271796814309578e-01	7.978645087656313639e-02	3.262440588044607237e-01	2.067601107832382767e-01	9.608872604472763757e-02	4.671119192557210420e-02	1.105822818825964171e-01
4.803905822159696982e+03	1.338115964870628949e-01	7.976907338582568674e-02	3.262601549609833729e-01	2.067682503474227718e-01	9.608895430932005988e-02	4.671154582327933374e-02	1.105904246846951683e-01
4.818419132800663647e+03	1.337964142973962489e-01	7.975192797922063537e-02	3.262759565215525570e-01	2.067762284388228733e-01	9.608917987850218445e-02	4.671187118585581194e-02	1.105984216972389911e-01
4.832932443441628493e+03	1.337816235629074868e-01	7.973501121364669209e-02	3.262914692427182906e-01	2.067840485853925658e-01	9.608940282094928509e-02	4.671216915424210997e-02	1.106062754187328717e-01
4.837770213655283442e+03	1.337672149542183386e-01	7.971831970628137642e-02	3.263066987637627259e-01	2.067917142282045262e-01	9.608962320369950072e-02	4.671244082490130095e-02	1.106139883175215471e-01
