3.241306043149040192e+02	4.721194869196151944e-01	2.889483305172100835e-01	1.045274583214419184e-01	6.010380184616449101e-02	3.656773300209768124e-02	1.254795582115263153e-02	2.518523357218567862e-02
3.289683745285592522e+02	4.695593780660599625e-01	2.882923641137793980e-01	1.059721874511342643e-01	6.102409151749080274e-02	3.693253320135152923e-02	1.264488881116320081e-02	2.557455683888847781e-02
3.338061447422145420e+02	4.670433321395600634e-01	2.876144719378191383e-01	1.074052184681260624e-01	6.193656524770666666e-02	3.729344142499973341e-02	1.274270177797777286e-02	2.596426900367814969e-02
3.386439149558698318e+02	4.645697164140769608e-01	2.869159876203657422e-01	1.088266955592285673e-01	6.284136569004923623e-02	3.765056656868728119e-02	1.284136039329969968e-02	2.635430775416014448e-02
3.434816851695251216e+02	4.621369723116906525e-01	2.861981803466151497e-01	1.102367600257115471e-01	6.373863066887201778e-02	3.800401290006483884e-02	1.294083139290337463e-02	2.674461235401009301e-02
3.483194553831804114e+02	4.597436119351023254e-01	2.854622578949981837e-01	1.116355503643268743e-01	6.462849338055978721e-02	3.835388027207377315e-02	1.304108253714880011e-02	2.713512361565789677e-02
3.531572255968357013e+02	4.573882147629150796e-01	2.847093695333937635e-01	1.130232023455666202e-01	6.551108258552849894e-02	3.870026432622481610e-02	1.314208257318167858e-02	2.752578387305714899e-02
3.579949958104909342e+02	4.550694245000467819e-01	2.839406087791923605e-01	1.143998490892620123e-01	6.638652279171701476e-02	3.904325668634241187e-02	1.324380119874226519e-02	2.791653695456482176e-02
3.628327660241463377e+02	4.527859460759887655e-01	2.831570160296068006e-01	1.157656211376251187e-01	6.725493442995859883e-02	3.938294514322436546e-02	1.334620902750976480e-02	2.830732815595428040e-02
3.676705362378016275e+02	4.505365427839665426e-01	2.823595810683272589e-01	1.171206465258308321e-01	6.811643402160222349e-02	3.971941383064540865e-02	1.344927755591251127e-02	2.869810421358296240e-02
3.725083064514568036e+02	4.483200335543832682e-01	2.815492454543304102e-01	1.184650508502329558e-01	6.897113433873663935e-02	4.005274339311277326e-02	1.355297913133741115e-02	2.908881327773428505e-02
3.773460766651120935e+02	4.461352903562406103e-01	2.807269047983793619e-01	1.197989573343040820e-01	6.981914455735364899e-02	4.038301114576291206e-02	1.365728692167521470e-02	2.947940488615196850e-02
3.821838468787673833e+02	4.439812357205241700e-01	2.798934109324923147e-01	1.211224868923852505e-01	7.066057040377178577e-02	4.071029122676975837e-02	1.376217488614118328e-02	2.986982993778329598e-02
3.870216170924226162e+02	4.418568403798268096e-01	2.790495739774085937e-01	1.224357581913280701e-01	7.149551429462654151e-02	4.103465474261773493e-02	1.386761774731347201e-02	3.026004066674657308e-02
3.918593873060780197e+02	4.397611210187489239e-01	2.781961643128444406e-01	1.237388877101085055e-01	7.232407547071913190e-02	4.135616990657582648e-02	1.397359096433431307e-02	3.064999061653667783e-02
3.966971575197332527e+02	4.376931381298737045e-01	2.773339144551071889e-01	1.250319897974881689e-01	7.314635012500252109e-02	4.167490217069330649e-02	1.408007070722156265e-02	3.103963461448136160e-02
4.015349277333884856e+02	4.356519939703586419e-01	2.764635208464199523e-01	1.263151767277960469e-01	7.396243152497035400e-02	4.199091435162233960e-02	1.418703383224067215e-02	3.142892874645980550e-02
4.063726979470438323e+02	4.336368306144168794e-01	2.755856455601062294e-01	1.275885587549005218e-01	7.477241012970228806e-02	4.230426675055858066e-02	1.429445785828944299e-02	3.181783033189385795e-02
4.112104681606991221e+02	4.316468280971860749e-01	2.747009179255871514e-01	1.288522441644387728e-01	7.557637370180753100e-02	4.261501726757678521e-02	1.440232094425012745e-02	3.220629789902129669e-02
4.160482383743544119e+02	4.296812026456913736e-01	2.738099360769603585e-01	1.301063393243681032e-01	7.637440741449712245e-02	4.292322151062566427e-02	1.451060186726559238e-02	3.259429116045951813e-02
4.208860085880095880e+02	4.277392049928132045e-01	2.729132684287498556e-01	1.313509487339003245e-01	7.716659395400525534e-02	4.322893289943355311e-02	1.461928000189820047e-02	3.298177098906725224e-02
4.257237788016648778e+02	4.258201187703603563e-01	2.720114550822512189e-01	1.325861750708795250e-01	7.795301361756921954e-02	4.353220276456458426e-02	1.472833530013205848e-02	3.336869939411075958e-02
4.305615490153201677e+02	4.239232589775339677e-01	2.711050091657309924e-01	1.338121192376588720e-01	7.873374440716837674e-02	4.383308044185386942e-02	1.483774827218106024e-02	3.375503949774053686e-02
4.353993192289755143e+02	4.220479705212419885e-01	2.701944181115906174e-01	1.350288804055322645e-01	7.950886211921326385e-02	4.413161336243927313e-02	1.494749996806689352e-02	3.414075551178342993e-02
4.402370894426308041e+02	4.201936268248881445e-01	2.692801448734556957e-01	1.362365560577723511e-01	8.027844043036681809e-02	4.442784713859709161e-02	1.505757195993285072e-02	3.452581271485472003e-02
4.450748596562860939e+02	4.183596285024217543e-01	2.683626290860144370e-01	1.374352420313257328e-01	8.104255097967191790e-02	4.472182564557918016e-02	1.516794632506089126e-02	3.491017742979370814e-02
4.499126298699413837e+02	4.165454020945817959e-01	2.674422881702945287e-01	1.386250325572136732e-01	8.180126344715084319e-02	4.501359109963984362e-02	1.527860562956082253e-02	3.529381700142601719e-02
4.547504000835967304e+02	4.147503988644150597e-01	2.665195183869439322e-01	1.398060202996846135e-01	8.255464562903516712e-02	4.530318413243169390e-02	1.538953291270202250e-02	3.567669977465505460e-02
4.595881702972519065e+02	4.129740936492850012e-01	2.655946958399571511e-01	1.409782963941632050e-01	8.330276350977690314e-02	4.559064386194137952e-02	1.550071167185937578e-02	3.605879507288463348e-02
4.644259405109071963e+02	4.112159837667177520e-01	2.646681774331774983e-01	1.421419504840384651e-01	8.404568133098516691e-02	4.587600796012801518e-02	1.561212584804649514e-02	3.644007317677415425e-02
4.692637107245624861e+02	4.094755879715579194e-01	2.637403017817939177e-01	1.432970707563326618e-01	8.478346165742577101e-02	4.615931271741933323e-02	1.572375981201048004e-02	3.682050530332742905e-02
4.741014809382177759e+02	4.077524454620233274e-01	2.628113900809466719e-01	1.444437439762901731e-01	8.551616544021481414e-02	4.644059310421339709e-02	1.583559835086368467e-02	3.720006358531555146e-02
4.789392511518730657e+02	4.060461149323635333e-01	2.618817469334583370e-01	1.455820555209242362e-01	8.624385207733176184e-02	4.671988282952661137e-02	1.594762665522905798e-02	3.757872105103406829e-02
4.837770213655284124e+02	4.043561736699335940e-01	2.609516611386114571e-01	1.467120894115581942e-01	8.696657947157122870e-02	4.699721439692224750e-02	1.605983030687676075e-02	3.795645160439410637e-02
4.886147915791837022e+02	4.026822166945964176e-01	2.600214064438021166e-01	1.478339283453967146e-01	8.768440408604748215e-02	4.727261915784719548e-02	1.617219526683070022e-02	3.833323000534692021e-02
4.934525617928388783e+02	4.010238559384670110e-01	2.590912422608153132e-01	1.489476537261601730e-01	8.839738099736071941e-02	4.754612736249880928e-02	1.628470786392468075e-02	3.870903185064083346e-02
4.982903320064942250e+02	3.993807194641036951e-01	2.581614143483845769e-01	1.500533456938146770e-01	8.910556394652857648e-02	4.781776820833784358e-02	1.639735478378875552e-02	3.908383355490936684e-02
5.031281022201495148e+02	3.977524507193412329e-01	2.572321554626201268e-01	1.511510831534295940e-01	8.980900538778224806e-02	4.808756988635800450e-02	1.651012305824727314e-02	3.945761233208903984e-02
5.079658724338048046e+02	3.961387078270451889e-01	2.563036859768156317e-01	1.522409438031915863e-01	9.050775653532167064e-02	4.835555962521746742e-02	1.662300005511092860e-02	3.983034617716500747e-02
5.128036426474600376e+02	3.945391629081478335e-01	2.553762144720734817e-01	1.533230041616049366e-01	9.120186740812012693e-02	4.862176373333267770e-02	1.673597346834598820e-02	4.020201384824253349e-02
5.176414128611153274e+02	3.929535014364025081e-01	2.544499383001190274e-01	1.543973395939051141e-01	9.189138687286427243e-02	4.888620763903014921e-02	1.684903130860455553e-02	4.057259484894195495e-02
5.224791830747705035e+02	3.913814216233679755e-01	2.535250441196121307e-01	1.554640243377128084e-01	9.257636268511204580e-02	4.914891592884723659e-02	1.696216189410057126e-02	4.094206941111480647e-02
5.273169532884259070e+02	3.898226338322023365e-01	2.526017084072006424e-01	1.565231315279539959e-01	9.325684152874669230e-02	4.940991238406880481e-02	1.707535384181684684e-02	4.131041847787832871e-02
5.321547235020811968e+02	3.882768600189145380e-01	2.516800979445033559e-01	1.575747332210704899e-01	9.393286905380221485e-02	4.966922001558237570e-02	1.718859605902912577e-02	4.167762368696558556e-02
5.369924937157364866e+02	3.867438331997841150e-01	2.507603702821543656e-01	1.586189004185450668e-01	9.460448991273130714e-02	4.992686109713074388e-02	1.730187773513386026e-02	4.204366735438819225e-02
5.418302639293917764e+02	3.852232969437205390e-01	2.498426741819863017e-01	1.596557030897638729e-01	9.527174779518454706e-02	5.018285719703689807e-02	1.741518833376692194e-02	4.240853245840853908e-02
5.466680341430470662e+02	3.837150048883912756e-01	2.489271500383801461e-01	1.606852101942381761e-01	9.593468546136570130e-02	5.043722920847303753e-02	1.752851758520105122e-02	4.277220262381825622e-02
5.515058043567023560e+02	3.822187202790022775e-01	2.480139302797614853e-01	1.617074897032067249e-01	9.659334477402554964e-02	5.068999737834169877e-02	1.764185547901046119e-02	4.313466210651952654e-02
5.563435745703576458e+02	3.807342155286682628e-01	2.471031397511757877e-01	1.627226086206388922e-01	9.724776672915361186e-02	5.094118133483399591e-02	1.775519225699144499e-02	4.349589577840576315e-02
5.611813447840129356e+02	3.792612717993585902e-01	2.461948960788324370e-01	1.637306330036586988e-01	9.789799148542455143e-02	5.119080011372683509e-02	1.786851840632842914e-02	4.385588911253816835e-02
5.660191149976681118e+02	3.777996786024528930e-01	2.452893100174654284e-01	1.647316279824081742e-01	9.854405839245339305e-02	5.143887218347813206e-02	1.798182465299533184e-02	4.421462816861435052e-02
5.708568852113234016e+02	3.763492334179858734e-01	2.443864857813177749e-01	1.657256577793685959e-01	9.918600601791133231e-02	5.168541546917618940e-02	1.809510195538252889e-02	4.457209957872545342e-02
5.756946554249786914e+02	3.749097413317041272e-01	2.434865213595202305e-01	1.667127857281570369e-01	9.982387217355151443e-02	5.193044737539671829e-02	1.820834149814022987e-02	4.492829053339790490e-02
5.805324256386339812e+02	3.734810146890986671e-01	2.425895088165977986e-01	1.676930742918152362e-01	1.004576939401920915e-01	5.217398480801859612e-02	1.832153468622942788e-02	4.528318876791592035e-02
5.853701958522892710e+02	3.720628727656167256e-01	2.416955345788028842e-01	1.686665850806069455e-01	1.010875076917013005e-01	5.241604419504702211e-02	1.843467313917199202e-02	4.563678254892096497e-02
5.902079660659445608e+02	3.706551414522922805e-01	2.408046797069417488e-01	1.696333788693395739e-01	1.017133491180280125e-01	5.265664150649019409e-02	1.854774868549182928e-02	4.598906066128416459e-02
5.950457362795999643e+02	3.692576529560734344e-01	2.399170201563295135e-01	1.705935156142253939e-01	1.023352532473185278e-01	5.289579227333385258e-02	1.866075335733945878e-02	4.634001239524768861e-02
5.998835064932552541e+02	3.678702455141544814e-01	2.390326270244783891e-01	1.715470544692965504e-01	1.029532544671590277e-01	5.313351160565563114e-02	1.877367938529262217e-02	4.668962753383117115e-02
6.047212767069104302e+02	3.664927631216577941e-01	2.381515667870961195e-01	1.724940538023883585e-01	1.035673865449811687e-01	5.336981420991934039e-02	1.888651919332589788e-02	4.703789634049918011e-02
6.095590469205657200e+02	3.651250552720370912e-01	2.372739015229445025e-01	1.734345712107040749e-01	1.041776826476666362e-01	5.360471440548735672e-02	1.899926539394263328e-02	4.738480954708556431e-02
6.143968171342210098e+02	3.637669767096059492e-01	2.363996891280815138e-01	1.743686635359745496e-01	1.047841753603848264e-01	5.383822614038750315e-02	1.911191078346273844e-02	4.773035834197083410e-02
6.192345873478761860e+02	3.624183871936220158e-01	2.355289835199864956e-01	1.752963868792252466e-01	1.053868967046964061e-01	5.407036300636910986e-02	1.922444833746022458e-02	4.807453435850840562e-02
6.240723575615315895e+02	3.610791512733856901e-01	2.346618348320438363e-01	1.762177966151627084e-01	1.059858781559540192e-01	5.430113825328129057e-02	1.933687120634463436e-02	4.841732966369576702e-02
6.289101277751868793e+02	3.597491380738347400e-01	2.337982895988389709e-01	1.771329474061922316e-01	1.065811506600298636e-01	5.453056480280495111e-02	1.944917271108071236e-02	4.875873674708643135e-02
6.337478979888421691e+02	3.584282210911439170e-01	2.329383909326983859e-01	1.780418932160784951e-01	1.071727446493988128e-01	5.475865526156849933e-02	1.956134633904100043e-02	4.909874850993879020e-02
6.385856682024975726e+02	3.571162779978589996e-01	2.320821786918856600e-01	1.789446873232592439e-01	1.077606900586041555e-01	5.498542193367585151e-02	1.967338573998619194e-02	4.943735825459777411e-02
6.434234384161527487e+02	3.558131904571185111e-01	2.312296896408461144e-01	1.798413823338233797e-01	1.083450163391321414e-01	5.521087683267406759e-02	1.978528472216837045e-02	4.977455967410531618e-02
6.482612086298080385e+02	3.545188439455364549e-01	2.303809576028734429e-01	1.807320301941632013e-01	1.089257524737201194e-01	5.543503169298648336e-02	1.989703724855240372e-02	5.011034684203576756e-02
6.530989788434633283e+02	3.532331275843398899e-01	2.295360136055556721e-01	1.816166822033108141e-01	1.095029269901221375e-01	5.565789798083613932e-02	2.000863743315105248e-02	5.044471420255219885e-02
6.579367490571185044e+02	3.519559339783738250e-01	2.286948860193391553e-01	1.824953890249680633e-01	1.100765679743546527e-01	5.587948690468308444e-02	2.012007953746943606e-02	5.077765656067972228e-02
6.627745192707737942e+02	3.506871590626046697e-01	2.278576006895350614e-01	1.833682006992392310e-01	1.106467030834440979e-01	5.609980942519805780e-02	2.023135796705479925e-02	5.110916907279198368e-02
6.676122894844290840e+02	3.494267019557703580e-01	2.270241810620765577e-01	1.842351666540753552e-01	1.112133595576971501e-01	5.631887626479394060e-02	2.034246726814761819e-02	5.143924723730690374e-02
6.724500596980843738e+02	3.481744648208416337e-01	2.261946483033205058e-01	1.850963357164387701e-01	1.117765642325134340e-01	5.653669791673536504e-02	2.045340212443030187e-02	5.176788688558786600e-02
6.772878299117396637e+02	3.469303527319755887e-01	2.253690214141741976e-01	1.859517561231958382e-01	1.123363435497597707e-01	5.675328465384605475e-02	2.056415735386985660e-02	5.209508417304661854e-02
6.821256001253949535e+02	3.456942735476562500e-01	2.245473173388139454e-01	1.868014755317463360e-01	1.128927235687239850e-01	5.696864653683230556e-02	2.067472790565109270e-02	5.242083557044403819e-02
6.869633703390502433e+02	3.444661377897328403e-01	2.237295510682499877e-01	1.876455410303968507e-01	1.134457299766657296e-01	5.718279342224034251e-02	2.078510885719703910e-02	5.274513785538515603e-02
6.918011405527055331e+02	3.432458585280786512e-01	2.229157357389802419e-01	1.884839991484855704e-01	1.139953880989809376e-01	5.739573497006445618e-02	2.089529541127344361e-02	5.306798810400466943e-02
6.966389107663608229e+02	3.420333512706065782e-01	2.221058827269641878e-01	1.893168958662660994e-01	1.145417229089955857e-01	5.760748065102185012e-02	2.100528289317428465e-02	5.338938368283938779e-02
7.014766809800161127e+02	3.408285338583912361e-01	2.213000017371365979e-01	1.901442766245568239e-01	1.150847590374041995e-01	5.781803975350963132e-02	2.111506674798542538e-02	5.370932224088403178e-02
7.063144511936714025e+02	3.396313263656572379e-01	2.204981008886718052e-01	1.909661863341626797e-01	1.156245207813674652e-01	5.802742139025843932e-02	2.122464253792360339e-02	5.402780170182669428e-02
7.111522214073266923e+02	3.384416510044057635e-01	2.197001867961978216e-01	1.917826693850759878e-01	1.161610321132828388e-01	5.823563450469665392e-02	2.133400593974812270e-02	5.434482025646071579e-02
7.159899916209819821e+02	3.372594320334622586e-01	2.189062646471512663e-01	1.925937696554624878e-01	1.166943166892414341e-01	5.844268787703846973e-02	2.144315274224266321e-02	5.466037635526929672e-02
7.208277618346371582e+02	3.360845956717377625e-01	2.181163382754547908e-01	1.933995305204387061e-01	1.172243978571839984e-01	5.864859013010838285e-02	2.155207884376477562e-02	5.497446870117950884e-02
7.256655320482924481e+02	3.349170700155061353e-01	2.173304102316900577e-01	1.941999948606465132e-01	1.177512986647678978e-01	5.885334973491421900e-02	2.166078024986070952e-02	5.528709624248243776e-02
7.305033022619478515e+02	3.337567849595096114e-01	2.165484818499311126e-01	1.949952050706306450e-01	1.182750418669571008e-01	5.905697501598016624e-02	2.176925307094334378e-02	5.559825816591599384e-02
7.353410724756030277e+02	3.326036721217128789e-01	2.157705533113956908e-01	1.957852030670245991e-01	1.187956499333458760e-01	5.925947415645071992e-02	2.187749352003103345e-02	5.590795388990719983e-02
7.401788426892584312e+02	3.314576647715343216e-01	2.149966237050641715e-01	1.965700302965503465e-01	1.193131450552271655e-01	5.946085520297596932e-02	2.198549791054532632e-02	5.621618305797077692e-02
7.450166129029136073e+02	3.303186977613921105e-01	2.142266910854087603e-01	1.973497277438369391e-01	1.198275491524157244e-01	5.966112607038824567e-02	2.209326265416554011e-02	5.652294553226074048e-02
7.498543831165690108e+02	3.291867074614099886e-01	2.134607525273694850e-01	1.981243359390631176e-01	1.203388838798356564e-01	5.986029454617952661e-02	2.220078425873833750e-02	5.682824138727202157e-02
7.546921533302243006e+02	3.280616316971335933e-01	2.126988041787060413e-01	1.988938949654284472e-01	1.208471706338820201e-01	6.005836829478869432e-02	2.230805932624042170e-02	5.713207090368892238e-02
7.595299235438793630e+02	3.269434096901179254e-01	2.119408413098498034e-01	1.996584444664581126e-01	1.213524305585649832e-01	6.025535486170722349e-02	2.241508455079263898e-02	5.743443456237745659e-02
7.643676937575347665e+02	3.258319820012500201e-01	2.111868583613731032e-01	2.004180236531456771e-01	1.218546845514454774e-01	6.045126167741155659e-02	2.252185671672378778e-02	5.773533303851853538e-02
7.692054639711900563e+02	3.247272904766795310e-01	2.104368489891884908e-01	2.011726713109381059e-01	1.223539532693703469e-01	6.064609606112999346e-02	2.262837269668251106e-02	5.803476719587917498e-02
7.740432341848452324e+02	3.236292781962350484e-01	2.096908061075848928e-01	2.019224258065674682e-01	1.228502571340148730e-01	6.083986522445149897e-02	2.273462944979571035e-02	5.833273808121867965e-02
7.788810043985006359e+02	3.225378894242093564e-01	2.089487219302022525e-01	2.026673250947334803e-01	1.233436163372402111e-01	6.103257627478367309e-02	2.284062401987205573e-02	5.862924691882712841e-02
7.837187746121558121e+02	3.214530695624034928e-01	2.082105880090422412e-01	2.034074067246405271e-01	1.238340508462729694e-01	6.122423621866655841e-02	2.294635353364906510e-02	5.892429510519330699e-02
7.885565448258112156e+02	3.203747651053228118e-01	2.074763952716074666e-01	2.041427078463935729e-01	1.243215804087136611e-01	6.141485196494884252e-02	2.305181519908244478e-02	5.921788420379934387e-02
7.933943150394665054e+02	3.193029235974254587e-01	2.067461340562572747e-01	2.048732652172562951e-01	1.248062245573808432e-01	6.160443032783258221e-02	2.315700630367632448e-02	5.951001594003937217e-02
7.982320852531219089e+02	3.182374935923262815e-01	2.060197941458643267e-01	2.055991152077752404e-01	1.252880026149971460e-01	6.179297802979236837e-02	2.326192421285317238e-02	5.980069219625958055e-02
8.030698554667769713e+02	3.171784246138655283e-01	2.052973647998521389e-01	2.063202938077734749e-01	1.257669336987232711e-01	6.198050170437451739e-02	2.336656636836209264e-02	6.008991500691706483e-02
8.079076256804323748e+02	3.161256671189541789e-01	2.045788347846899391e-01	2.070368366322172249e-01	1.262430367245457319e-01	6.216700789888166684e-02	2.347093028672439172e-02	6.037768655385489236e-02
8.127453958940876646e+02	3.150791724621136991e-01	2.038641924029173935e-01	2.077487789269587271e-01	1.267163304115240807e-01	6.235250307694794464e-02	2.357501355771524434e-02	6.066400916169095020e-02
8.175831661077428407e+02	3.140388928616303366e-01	2.031534255207688433e-01	2.084561555743584815e-01	1.271868332859024953e-01	6.253699362100942349e-02	2.367881384288042512e-02	6.094888529331804472e-02
8.224209363213982442e+02	3.130047813672489632e-01	2.024465215944629137e-01	2.091590010987901538e-01	1.276545636850916210e-01	6.272048583467464133e-02	2.378232887408695748e-02	6.123231754551285155e-02
8.272587065350534203e+02	3.119767918293338549e-01	2.017434676952206685e-01	2.098573496720310960e-01	1.281195397615246256e-01	6.290298594499964258e-02	2.388555645210678133e-02	6.151430864465141923e-02
8.320964767487085965e+02	3.109548788694287413e-01	2.010442505330721219e-01	2.105512351185414022e-01	1.285817794863930164e-01	6.308450010467163416e-02	2.398849444523241947e-02	6.179486144252881175e-02
8.369342469623640000e+02	3.099389978521497335e-01	2.003488564795083970e-01	2.112406909206341055e-01	1.290413006532661611e-01	6.326503439410539886e-02	2.409114078792368857e-02	6.207397891228067649e-02
8.417720171760191761e+02	3.089291048583498456e-01	1.996572715890341798e-01	2.119257502235398494e-01	1.294981208815989548e-01	6.344459482345632395e-02	2.419349347948460474e-02	6.235166414440444782e-02
8.466097873896745796e+02	3.079251566594947698e-01	1.989694816196720673e-01	2.126064458403681967e-01	1.299522576201320168e-01	6.362318733455356312e-02	2.429555058276957821e-02	6.262792034287806286e-02
8.514475576033297557e+02	3.069271106931941717e-01	1.982854720524686032e-01	2.132828102569682693e-01	1.304037281501880530e-01	6.380081780275709269e-02	2.439731022291808174e-02	6.290275082137397611e-02
8.562853278169851592e+02	3.059349250398339937e-01	1.976052281100491581e-01	2.139548756366914661e-01	1.308525495888685219e-01	6.397749203874175672e-02	2.449877058611697744e-02	6.317615899956635639e-02
8.611230980306403353e+02	3.049485584002586958e-01	1.969287347742663119e-01	2.146226738250585075e-01	1.312987388921539322e-01	6.415321579021160403e-02	2.459992991838973533e-02	6.344814839952950258e-02
8.659608682442956251e+02	3.039679700744540858e-01	1.962559768029849550e-01	2.152862363543331659e-01	1.317423128579114922e-01	6.432799474354754243e-02	2.470078652441179412e-02	6.371872264222533389e-02
8.707986384579510286e+02	3.029931199411845522e-01	1.955869387460446585e-01	2.159455944480052347e-01	1.321832881288133865e-01	6.450183452539128004e-02	2.480133876635132184e-02	6.398788544407796319e-02
8.756364086716062047e+02	3.020239684385398471e-01	1.949216049604383938e-01	2.166007790251846532e-01	1.326216811951690666e-01	6.467474070416820431e-02	2.490158506273472405e-02	6.425564061363353563e-02
8.804741788852616082e+02	3.010604765453489540e-01	1.942599596247444882e-01	2.172518207049092265e-01	1.330575083976743567e-01	6.484671879155186336e-02	2.500152388733619183e-02	6.452199204830334767e-02
8.853119490989170117e+02	3.001026057634209043e-01	1.936019867528472604e-01	2.178987498103678311e-01	1.334907859300807353e-01	6.501777424387274185e-02	2.510115376809064769e-02	6.478694373118824845e-02
8.901497193125721878e+02	2.991503181005739087e-01	1.929476702069801153e-01	2.185415963730414912e-01	1.339215298417872624e-01	6.518791246347344082e-02	2.520047328602948236e-02	6.505049972798274127e-02
8.949874895262273640e+02	2.982035760544156089e-01	1.922969937101227100e-01	2.191803901367638530e-01	1.343497560403581759e-01	6.535713880001280118e-02	2.529948107423845433e-02	6.531266418395680062e-02
8.998252597398827675e+02	2.972623425968407007e-01	1.916499408577835850e-01	2.198151605617034154e-01	1.347754802939685748e-01	6.552545855172117739e-02	2.539817581683718323e-02	6.557344132101372569e-02
9.046630299535379436e+02	2.963265811592107890e-01	1.910064951291964852e-01	2.204459368282693787e-01	1.351987182337810733e-01	6.569287696660874865e-02	2.549655624797967160e-02	6.583283543482223998e-02
9.095008001671932334e+02	2.953962556181863874e-01	1.903666398979586005e-01	2.210727478409424684e-01	1.356194853562553426e-01	6.585939924362896325e-02	2.559462115087530326e-02	6.609085089202129670e-02
9.143385703808486369e+02	2.944713302821796441e-01	1.897303584421373979e-01	2.216956222320331793e-01	1.360377970253933144e-01	6.602503053379922549e-02	2.569236935682982226e-02	6.634749212749571634e-02
9.191763405945038130e+02	2.935517698783995377e-01	1.890976339538706918e-01	2.223145883653687427e-01	1.364536684749221296e-01	6.618977594128029607e-02	2.578979974430570948e-02	6.660276364172128261e-02
9.240141108081592165e+02	2.926375395404612889e-01	1.884684495484842681e-01	2.229296743399104830e-01	1.368671148104168844e-01	6.635364052441641847e-02	2.588691123800157881e-02	6.685666999817743705e-02
9.288518810218145063e+02	2.917286047965348406e-01	1.878427882731502629e-01	2.235409079933037280e-01	1.372781510113654790e-01	6.651662929673773927e-02	2.598370280795000986e-02	6.710921582082633730e-02
9.336896512354697961e+02	2.908249315580064276e-01	1.872206331151073933e-01	2.241483169053609115e-01	1.376867919331772883e-01	6.667874722792652142e-02	2.608017346863340108e-02	6.736040579165646081e-02
9.385274214491247449e+02	2.899264861086297551e-01	1.866019670094644922e-01	2.247519284014805330e-01	1.380930523091377649e-01	6.683999924474888499e-02	2.617632227811742332e-02	6.761024464828947755e-02
9.433651916627801484e+02	2.890332350941444139e-01	1.859867728466068348e-01	2.253517695560024736e-01	1.384969467523108899e-01	6.700039023195332455e-02	2.627214833720159862e-02	6.785873718164883717e-02
9.482029618764355519e+02	2.881451455123388850e-01	1.853750334792240162e-01	2.259478671955019724e-01	1.388984897573907473e-01	6.715992503313744644e-02	2.636765078858660516e-02	6.810588823368866895e-02
9.530407320900908417e+02	2.872621847035389253e-01	1.847667317289778954e-01	2.265402479020230120e-01	1.392976957025047202e-01	6.731860845158431361e-02	2.646282881605790949e-02	6.835170269518156538e-02
9.578785023037459041e+02	2.863843203415004091e-01	1.841618503928269812e-01	2.271289380162528904e-01	1.396945788509691977e-01	6.747644525106953617e-02	2.655768164368533385e-02	6.859618550356400002e-02
9.627162725174014213e+02	2.855115204246883587e-01	1.835603722490244116e-01	2.277139636406392831e-01	1.400891533529997901e-01	6.763344015664043973e-02	2.665220853503815976e-02	6.883934164083788110e-02
9.675540427310568248e+02	2.846437532679246818e-01	1.829622800628042112e-01	2.282953506424510448e-01	1.404814332473775518e-01	6.778959785536839422e-02	2.674640879241542771e-02	6.908117613152704728e-02
9.723918129447120009e+02	2.837809874943867938e-01	1.823675565917715347e-01	2.288731246567839994e-01	1.408714324630722659e-01	6.794492299707539928e-02	2.684028175609106184e-02	6.932169404068735941e-02
9.772295831583674044e+02	2.829231920279413059e-01	1.817761845910104701e-01	2.294473110895130508e-01	1.412591648208248452e-01	6.809942019503600896e-02	2.693382680357347611e-02	6.956090047196927806e-02
9.820673533720223531e+02	2.820703360857977904e-01	1.811881468179228905e-01	2.300179351201918077e-01	1.416446440346895708e-01	6.825309402665562242e-02	2.702704334887932533e-02	6.979880056573145586e-02
9.869051235856777566e+02	2.812223891714668023e-01	1.806034260368114541e-01	2.305850217049007223e-01	1.420278837135381111e-01	6.840594903412601513e-02	2.711993084182107855e-02	7.003539949720437308e-02
9.917428937993331601e+02	2.803793210680087244e-01	1.800220050232187730e-01	2.311485955790452684e-01	1.424088973625256827e-01	6.855798972505915134e-02	2.721248876730809896e-02	7.027070247470276754e-02
9.965806640129884499e+02	2.795411018315606677e-01	1.794438665680344602e-01	2.317086812601050483e-01	1.427876983845216829e-01	6.870922057310001330e-02	2.730471664466093892e-02	7.050471473788563759e-02
1.001418434226643626e+03	2.787077017851269378e-01	1.788689934813812443e-01	2.322653030503346594e-01	1.431643000815047695e-01	6.885964601851948808e-02	2.739661402693851708e-02	7.073744155606286055e-02
1.006256204440298802e+03	2.778790915126227445e-01	1.782973685962903621e-01	2.328184850394180161e-01	1.435387156559245758e-01	6.900927046878781168e-02	2.748818050027790685e-02	7.096888822654712214e-02
1.011093974653954206e+03	2.770552418531583294e-01	1.777289747721768898e-01	2.333682511070764576e-01	1.439109582120303987e-01	6.915809829912970830e-02	2.757941568324650747e-02	7.119906007305028262e-02
1.015931744867609382e+03	2.762361238955529097e-01	1.771637948981242272e-01	2.339146249256322529e-01	1.442810407571682163e-01	6.930613385306165497e-02	2.767031922620621226e-02	7.142796244412304152e-02
1.020769515081264785e+03	2.754217089730681134e-01	1.766018118959868655e-01	2.344576299625281690e-01	1.446489762030469250e-01	6.945338144291215987e-02	2.776089081068943212e-02	7.165560071163686040e-02
1.025607285294920075e+03	2.746119686583500252e-01	1.760430087233202656e-01	2.349972894828039061e-01	1.450147773669749618e-01	6.959984535032560926e-02	2.785113014878662710e-02	7.188198026930710249e-02
1.030445055508575479e+03	2.738068747585713503e-01	1.754873683761462855e-01	2.355336265515308447e-01	1.453784569730678378e-01	6.974552982675039092e-02	2.794103698254514836e-02	7.210710653125662617e-02
1.035282825722230655e+03	2.730063993107636477e-01	1.749348738915618984e-01	2.360666640362055202e-01	1.457400276534278616e-01	6.989043909391191856e-02	2.803061108337911653e-02	7.233098493061851375e-02
1.040120595935886058e+03	2.722105145773316415e-01	1.743855083501985592e-01	2.365964246091027678e-01	1.460995019492969393e-01	7.003457734427112613e-02	2.811985225149012807e-02	7.255362091817733894e-02
1.044958366149541234e+03	2.714191930417406140e-01	1.738392548785399339e-01	2.371229307495898997e-01	1.464568923121826738e-01	7.017794874146894568e-02	2.820876031529854361e-02	7.277501996104790427e-02
1.049796136363196410e+03	2.706324074043696126e-01	1.732960966511043477e-01	2.376462047464019678e-01	1.468122111049595391e-01	7.032055742075739302e-02	2.829733513088512897e-02	7.299518754139051879e-02
1.054633906576851814e+03	2.698501305785225846e-01	1.727560168924986428e-01	2.381662686998796963e-01	1.471654706029450477e-01	7.046240748941773324e-02	2.838557658144284443e-02	7.321412915516199715e-02
1.059471676790506763e+03	2.690723356865901694e-01	1.722189988793498272e-01	2.386831445241702487e-01	1.475166829949519642e-01	7.060350302716629500e-02	2.847348457673856692e-02	7.343185031090153359e-02
1.064309447004162394e+03	2.682989960563554876e-01	1.716850259421201508e-01	2.391968539493920520e-01	1.478658603843175934e-01	7.074384808654816947e-02	2.856105905258454411e-02	7.364835652855060422e-02
1.069147217217817570e+03	2.675300852174375965e-01	1.711540814668114086e-01	2.397074185237642874e-01	1.482130147899102524e-01	7.088344669331961279e-02	2.864829997031937206e-02	7.386365333830599567e-02
1.073984987431472746e+03	2.667655768978660080e-01	1.706261488965639117e-01	2.402148596157016869e-01	1.485581581471140666e-01	7.102230284681929073e-02	2.873520731629828837e-02	7.407774627950537705e-02
1.078822757645127922e+03	2.660054450207799404e-01	1.701012117331549278e-01	2.407191984158754128e-01	1.489013023087925602e-01	7.116042052032886533e-02	2.882178110139262464e-02	7.429064089954429129e-02
1.083660527858783553e+03	2.652496637012481395e-01	1.695792535384020583e-01	2.412204559392409631e-01	1.492424590462316236e-01	7.129780366142343673e-02	2.890802136049821711e-02	7.450234275282420493e-02
1.088498298072438729e+03	2.644982072432021103e-01	1.690602579354755219e-01	2.417186530270334366e-01	1.495816400500624976e-01	7.143445619231199306e-02	2.899392815205256713e-02	7.471285739973053397e-02
1.093336068286093905e+03	2.637510501364787596e-01	1.685442086101242576e-01	2.422138103487309901e-01	1.499188569311654950e-01	7.157038201016849288e-02	2.907950155756063026e-02	7.492219040564004895e-02
1.098173838499749309e+03	2.630081670539670124e-01	1.680310893118198701e-01	2.427059484039870985e-01	1.502541212215548205e-01	7.170558498745373266e-02	2.916474168112899792e-02	7.513034733995709036e-02
1.103011608713404712e+03	2.622695328488541811e-01	1.675208838548225276e-01	2.431950875245325050e-01	1.505874443752450442e-01	7.184006897222842969e-02	2.924964864900838485e-02	7.533733377517752572e-02
1.107849378927059888e+03	2.615351225519669809e-01	1.670135761191724466e-01	2.436812478760469192e-01	1.509188377691000893e-01	7.197383778845782565e-02	2.933422260914417268e-02	7.554315528598018470e-02
1.112687149140715292e+03	2.608049113692035847e-01	1.665091500516109047e-01	2.441644494600017645e-01	1.512483127036645947e-01	7.210689523630804676e-02	2.941846373073490548e-02	7.574781744834487018e-02
1.117524919354370468e+03	2.600788746790522743e-01	1.660075896664339468e-01	2.446447121154740056e-01	1.515758804039788465e-01	7.223924509243476177e-02	2.950237220379856723e-02	7.595132583869625142e-02
1.122362689568025871e+03	2.593569880301931363e-01	1.655088790462825032e-01	2.451220555209319418e-01	1.519015520203773895e-01	7.237089111026399901e-02	2.958594823874649560e-02	7.615368603307322293e-02
1.127200459781681047e+03	2.586392271391786402e-01	1.650130023428715009e-01	2.455964991959934396e-01	1.522253386292715949e-01	7.250183702026585797e-02	2.966919206596476885e-02	7.635490360632285478e-02
1.132038229995336451e+03	2.579255678881901548e-01	1.645199437776616869e-01	2.460680625031571311e-01	1.525472512339171582e-01	7.263208653022100447e-02	2.975210393540294110e-02	7.655498413131858748e-02
1.136876000208991627e+03	2.572159863228664078e-01	1.640296876424761630e-01	2.465367646495072174e-01	1.528673007651665805e-01	7.276164332548047675e-02	2.983468411616996274e-02	7.675393317820185246e-02
1.141713770422646803e+03	2.565104586502016670e-01	1.635422183000651564e-01	2.470026246883922361e-01	1.531854980822068557e-01	7.289051106921883016e-02	2.991693289613717513e-02	7.695175631364663260e-02
1.146551540636302207e+03	2.558089612365094245e-01	1.630575201846213573e-01	2.474656615210785171e-01	1.535018539732834753e-01	7.301869340268099529e-02	2.999885058154821288e-02	7.714845910014646313e-02
1.151389310849957155e+03	2.551114706054496417e-01	1.625755778022479892e-01	2.479258938983786298e-01	1.538163791564102767e-01	7.314619394542296038e-02	3.008043749663573407e-02	7.734404709532316513e-02
1.156227081063612786e+03	2.544179634361160569e-01	1.620963757313823583e-01	2.483833404222554331e-01	1.541290842800662475e-01	7.327301629554665297e-02	3.016169398324477710e-02	7.753852585125689534e-02
1.161064851277267962e+03	2.537284165611816134e-01	1.616198986231768553e-01	2.488380195474020895e-01	1.544399799238792004e-01	7.339916402992902045e-02	3.024262040046267475e-02	7.773190091383705425e-02
1.165902621490923138e+03	2.530428069650988432e-01	1.611461312018399594e-01	2.492899495827987644e-01	1.547490765992967643e-01	7.352464070444560129e-02	3.032321712425540758e-02	7.792417782213319211e-02
1.170740391704578315e+03	2.523611117823534866e-01	1.606750582649386916e-01	2.497391486932461491e-01	1.550563847502450798e-01	7.364944985418893364e-02	3.040348454711021969e-02	7.811536210778594058e-02
1.175578161918233945e+03	2.516833082957684042e-01	1.602066646836649566e-01	2.501856349008764746e-01	1.553619147537757261e-01	7.377359499368157936e-02	3.048342307768445170e-02	7.830545929441692921e-02
1.180415932131889122e+03	2.510093739348557285e-01	1.597409354030673578e-01	2.506294260866422929e-01	1.556656769207006574e-01	7.389707961708444350e-02	3.056303314046040012e-02	7.849447489705768666e-02
1.185253702345544298e+03	2.503392862742156999e-01	1.592778554422502602e-01	2.510705399917836367e-01	1.559676814962160374e-01	7.401990719840011168e-02	3.064231517540618940e-02	7.868241442159665255e-02
1.190091472559199701e+03	2.496730230319795796e-01	1.588174098945419610e-01	2.515089942192738626e-01	1.562679386605149434e-01	7.414208119167164934e-02	3.072126963764244476e-02	7.886928336424416097e-02
1.194929242772855105e+03	2.490105620682950827e-01	1.583595839276333850e-01	2.519448062352444562e-01	1.565664585293893574e-01	7.426360503117690470e-02	3.079989699711471393e-02	7.905508721101477121e-02
1.199767012986510281e+03	2.483518813838524741e-01	1.579043627836887176e-01	2.523779933703894640e-01	1.568632511548215536e-01	7.438448213161842626e-02	3.087819773827153724e-02	7.923983143722648781e-02
1.204604783200165684e+03	2.476969591184493558e-01	1.574517317794299487e-01	2.528085728213498307e-01	1.571583265255654949e-01	7.450471588830928638e-02	3.095617235974805828e-02	7.942352150701664781e-02
1.209442553413820860e+03	2.470457735495930063e-01	1.570016763061958809e-01	2.532365616520779739e-01	1.574516945677181534e-01	7.462430967735482479e-02	3.103382137405503310e-02	7.960616287287378134e-02
1.214280323627476264e+03	2.463983030911382210e-01	1.565541818299776844e-01	2.536619767951827642e-01	1.577433651452811170e-01	7.474326685583040919e-02	3.111114530727319971e-02	7.978776097518526511e-02
1.219118093841131440e+03	2.457545262919593465e-01	1.561092338914319144e-01	2.540848350532558531e-01	1.580333480607128971e-01	7.486159076195544881e-02	3.118814469875289333e-02	7.996832124180025536e-02
1.223955864054786844e+03	2.451144218346553438e-01	1.556668181058719902e-01	2.545051531001792378e-01	1.583216530554718837e-01	7.497928471526379979e-02	3.126482010081878954e-02	8.014784908760753945e-02
1.228793634268442020e+03	2.444779685342858555e-01	1.552269201632396900e-01	2.549229474824143971e-01	1.586082898105505290e-01	7.509635201677050675e-02	3.134117207847970932e-02	8.032634991412790360e-02
1.233631404482097196e+03	2.438451453371377475e-01	1.547895258280574671e-01	2.553382346202734965e-01	1.588932679470005660e-01	7.521279594913517219e-02	3.141720120914338887e-02	8.050382910912076695e-02
1.238469174695752372e+03	2.432159313195204065e-01	1.543546209393626134e-01	2.557510308091731632e-01	1.591765970264498453e-01	7.532861977682200894e-02	3.149290808233612404e-02	8.068029204620447148e-02
1.243306944909407548e+03	2.425903056865886809e-01	1.539221914106243816e-01	2.561613522208706639e-01	1.594582865516109282e-01	7.544382674625658980e-02	3.156829329942719559e-02	8.085574408449017203e-02
1.248144715123063179e+03	2.419682477711924407e-01	1.534922232296449529e-01	2.565692149046833737e-01	1.597383459667814920e-01	7.555842008597958570e-02	3.164335747335800947e-02	8.103019056822878541e-02
1.252982485336718355e+03	2.413497370327517821e-01	1.530647024584449734e-01	2.569746347886910920e-01	1.600167846583367970e-01	7.567240300679739518e-02	3.171810122837587925e-02	8.120363682647070702e-02
1.257820255550373531e+03	2.407347530561564919e-01	1.526396152331348233e-01	2.573776276809227048e-01	1.602936119552145766e-01	7.578577870192987342e-02	3.179252519977229796e-02	8.137608817273792039e-02
1.262658025764028707e+03	2.401232755506890748e-01	1.522169477637720092e-01	2.577782092705260264e-01	1.605688371293922667e-01	7.589855034715518867e-02	3.186663003362570634e-02	8.154754990470841625e-02
1.267495795977684338e+03	2.395152843489704308e-01	1.517966863342059547e-01	2.581763951289223202e-01	1.608424693963571017e-01	7.601072110095194456e-02	3.194041638654867427e-02	8.171802730391222735e-02
1.272333566191339514e+03	2.389107594059272366e-01	1.513788173019103844e-01	2.585722007109451659e-01	1.611145179155687446e-01	7.612229410463867973e-02	3.201388492543930792e-02	8.188752563543907903e-02
1.277171336404994690e+03	2.383096807977798937e-01	1.509633270978044117e-01	2.589656413559640047e-01	1.613849917909153664e-01	7.623327248251066113e-02	3.208703632723697990e-02	8.205605014765726679e-02
1.282009106618650094e+03	2.377120287210508220e-01	1.505502022260626349e-01	2.593567322889928639e-01	1.616539000711624818e-01	7.634365934197431813e-02	3.215987127868215334e-02	8.222360607194334481e-02
1.286846876832305497e+03	2.371177834915918214e-01	1.501394292639153527e-01	2.597454886217841485e-01	1.619212517503953452e-01	7.645345777367905382e-02	3.223239047608033453e-02	8.239019862242256964e-02
