3.250981583576350204e+03	1.416362474337643507e-01	8.488606146898509952e-02	3.197100552937988671e-01	2.047050350357963178e-01	9.577875187073751906e-02	4.500261279622129462e-02	1.082812360992532336e-01
3.265494894217316414e+03	1.414417881004457200e-01	8.476116395848992680e-02	3.200983008084319348e-01	2.042566442521955572e-01	9.578786254835139347e-02	4.536091657550149481e-02	1.082933237551406414e-01
3.280008204858282170e+03	1.412512682077156079e-01	8.464499768168720628e-02	3.203972605597033008e-01	2.039927201877771989e-01	9.579677606950187663e-02	4.560743306908011940e-02	1.083095442230912892e-01
3.294521515499247926e+03	1.410647811085566639e-01	8.453528328119544466e-02	3.206368131184727521e-01	2.038500082860705831e-01	9.580549653405102950e-02	4.577887853959743819e-02	1.083287391306126113e-01
3.309034826140214136e+03	1.408823580478529014e-01	8.443048031569375111e-02	3.208366642919797118e-01	2.037865513186597199e-01	9.581402809427826128e-02	4.589979039672646005e-02	1.083501275333657032e-01
3.323548136781179892e+03	1.407039891749436722e-01	8.432954258485693411e-02	3.210097853707529758e-01	2.037745487716121906e-01	9.582237490587372508e-02	4.598658129404172012e-02	1.083731778964752424e-01
3.338061447422145648e+03	1.405296376235663502e-01	8.423175485352850378e-02	3.211646953784420555e-01	2.037956062632979570e-01	9.583054109564251299e-02	4.605024137559750319e-02	1.083975234084814943e-01
3.352574758063111403e+03	1.403592489557851375e-01	8.413662384023315455e-02	3.213069748562563666e-01	2.038375757097560803e-01	9.583853074041084885e-02	4.609813985754255411e-02	1.084229060385721172e-01
3.367088068704076704e+03	1.401927575028505124e-01	8.404380539011385709e-02	3.214402690034626198e-01	2.038924541333999030e-01	9.584634785344856023e-02	4.613522647262117277e-02	1.084491396426596060e-01
3.381601379345043824e+03	1.400300906267586964e-01	8.395305578401766888e-02	3.215669516637116310e-01	2.039549869007440952e-01	9.585399637593974842e-02	4.616483296770690359e-02	1.084760856796774253e-01
3.396114689986008671e+03	1.398711715866830241e-01	8.386419915350580567e-02	3.216885641934500994e-01	2.040217396112256332e-01	9.586148017184684123e-02	4.618920801739032078e-02	1.085036372644544167e-01
3.410628000626974881e+03	1.397159214678682371e-01	8.377710564848338259e-02	3.218061050188789074e-01	2.040904817091945822e-01	9.586880302505675078e-02	4.620987440638930216e-02	1.085317087226849581e-01
3.425141311267940637e+03	1.395642604793355945e-01	8.369167678777336694e-02	3.219202202540891733e-01	2.041597773836079099e-01	9.587596863806219227e-02	4.622786768589520756e-02	1.085602287697926688e-01
3.439654621908906392e+03	1.394161088257364622e-01	8.360783561155465948e-02	3.220313288358012671e-01	2.042287142634105490e-01	9.588298063167401131e-02	4.624389575979259703e-02	1.085891360705866088e-01
3.454167932549872603e+03	1.392713872911844064e-01	8.352552004679042463e-02	3.221397043807086580e-01	2.042967236761815131e-01	9.588984254542484709e-02	4.625844570012573043e-02	1.086183763581405198e-01
3.468681243190838359e+03	1.391300176277432965e-01	8.344467842489418363e-02	3.222455284933544717e-01	2.043634617186018965e-01	9.589655783843367698e-02	4.627185532563861392e-02	1.086479005698899325e-01
3.483194553831804114e+03	1.389919228110164662e-01	8.336526644304244338e-02	3.223489252834160212e-01	2.044287306898635859e-01	9.590312989057457604e-02	4.628436123646781364e-02	1.086776636441751515e-01
3.497707864472769415e+03	1.388570272050160814e-01	8.328724509544666033e-02	3.224499835510815648e-01	2.044924272945086163e-01	9.590956200384337382e-02	4.629613110561746347e-02	1.087076237430422976e-01
3.512221175113736081e+03	1.387252566648868590e-01	8.321057925764609176e-02	3.225487709087395127e-01	2.045545085819931441e-01	9.591585740384926673e-02	4.630728543332139624e-02	1.087377417481197733e-01
3.526734485754701382e+03	1.385965385969071817e-01	8.313523671153211225e-02	3.226453426544305669e-01	2.046149696238716009e-01	9.592201924138148150e-02	4.631791224061601597e-02	1.087679809298170708e-01
3.541247796395667592e+03	1.384708019890235065e-01	8.306118746872023784e-02	3.227397472499183295e-01	2.046738289467527339e-01	9.592805059401629530e-02	4.632807702487255763e-02	1.087983067252522862e-01
3.555761107036633348e+03	1.383479774210070179e-01	8.298840329661830162e-02	3.228320296191857786e-01	2.047311190801548997e-01	9.593395446774109769e-02	4.633782953046432229e-02	1.088286865833845707e-01
3.570274417677599104e+03	1.382279970604953501e-01	8.291685738280640816e-02	3.229222330621928649e-01	2.047868804694425449e-01	9.593973379857874406e-02	4.634720837413121991e-02	1.088590898509087940e-01
3.584787728318565314e+03	1.381107946492620975e-01	8.284652409428806819e-02	3.230104003010604297e-01	2.048411575958222208e-01	9.594539145420100112e-02	4.635624422164019709e-02	1.088894876822819047e-01
3.599301038959531070e+03	1.379963054827423874e-01	8.277737880221811007e-02	3.230965739931223601e-01	2.048939965381709749e-01	9.595093023552320188e-02	4.636496198318187240e-02	1.089198529635970192e-01
3.613814349600496826e+03	1.378844663849418117e-01	8.270939775214955492e-02	3.231807969254059110e-01	2.049454434719818752e-01	9.595635287827475324e-02	4.637338234170877704e-02	1.089501602440933054e-01
3.628327660241463036e+03	1.377752156802339867e-01	8.264255796619215944e-02	3.232631120267324132e-01	2.049955437733243790e-01	9.596166205454181863e-02	4.638152282585594754e-02	1.089803856716752839e-01
3.642840970882427882e+03	1.376684931631185771e-01	8.257683716776127725e-02	3.233435622826544287e-01	2.050443415099497679e-01	9.596686037427984428e-02	4.638939857035663528e-02	1.090105069304353747e-01
3.657354281523394548e+03	1.375642400667089760e-01	8.251221372249381569e-02	3.234221906054852158e-01	2.050918791771597915e-01	9.597195038679420809e-02	4.639702286074620652e-02	1.090405031791676776e-01
3.671867592164359849e+03	1.374623990305051668e-01	8.244866659087679572e-02	3.234990396905399468e-01	2.051381975858443674e-01	9.597693458218839457e-02	4.640440752814561226e-02	1.090703549904556147e-01
3.686380902805326514e+03	1.373629140678549743e-01	8.238617528947528301e-02	3.235741518762993429e-01	2.051833358428572229e-01	9.598181539277897412e-02	4.641156323903378872e-02	1.091000442902563677e-01
3.700894213446291815e+03	1.372657305333976063e-01	8.232471985856502916e-02	3.236475690178207687e-01	2.052273313853917869e-01	9.598659519447742816e-02	4.641849971081708770e-02	1.091295542980861705e-01
3.715407524087257570e+03	1.371707950907046225e-01	8.226428083460783636e-02	3.237193323775880427e-01	2.052702200450675640e-01	9.599127630813895917e-02	4.642522587445317706e-02	1.091588694679956756e-01
3.729920834728223781e+03	1.370780556802743411e-01	8.220483922644634955e-02	3.237894825349360572e-01	2.053120361265752536e-01	9.599586100087843799e-02	4.643174999889520399e-02	1.091879754305502270e-01
3.744434145369189537e+03	1.369874614879943442e-01	8.214637649440061085e-02	3.238580593134579022e-01	2.053528124916336184e-01	9.600035148735422408e-02	4.643807978769057959e-02	1.092168589360245912e-01
3.758947456010155292e+03	1.368989629141536268e-01	8.208887453166471837e-02	3.239251017248930276e-01	2.053925806427970568e-01	9.600474993102009469e-02	4.644422245502948660e-02	1.092455077989978734e-01
3.773460766651120593e+03	1.368125115430625927e-01	8.203231564755442129e-02	3.239906479275955764e-01	2.054313708040533815e-01	9.600905844534605993e-02	4.645018478644058479e-02	1.092739108445033303e-01
3.787974077292087259e+03	1.367280601133205875e-01	8.197668255226712997e-02	3.240547351975795465e-01	2.054692119966497477e-01	9.601327909500863289e-02	4.645597318787496322e-02	1.093020578558553252e-01
3.802487387933053014e+03	1.366455624887572828e-01	8.192195834289450751e-02	3.241173999102078263e-01	2.055061321095011939e-01	9.601741389705130414e-02	4.646159372590029368e-02	1.093299395242434968e-01
3.817000698574018315e+03	1.365649736300634798e-01	8.186812649048696988e-02	3.241786775307468615e-01	2.055421579640795693e-01	9.602146482201578959e-02	4.646705216100773667e-02	1.093575474001554915e-01
3.831514009214984981e+03	1.364862495671184950e-01	8.181517082801249841e-02	3.242386026122068277e-01	2.055773153739864911e-01	9.602543379504492604e-02	4.647235397552201136e-02	1.093848738466646209e-01
3.846027319855950282e+03	1.364093473720156269e-01	8.176307553908460091e-02	3.242972087990913521e-01	2.056116291995728762e-01	9.602932269695783896e-02	4.647750439723660754e-02	1.094119119945969471e-01
3.860540630496916037e+03	1.363342251327822885e-01	8.171182514735926550e-02	3.243545288358786749e-01	2.056451233980347293e-01	9.603313336529790967e-02	4.648250841962830310e-02	1.094386556995746718e-01
3.875053941137881793e+03	1.362608419277877569e-01	8.166140450651929172e-02	3.244105945792378765e-01	2.056778210694301390e-01	9.603686759535469408e-02	4.648737081930816306e-02	1.094650995009179284e-01
3.889567251778848004e+03	1.361891578008284365e-01	8.161179879077960775e-02	3.244654370131466181e-01	2.057097444990453050e-01	9.604052714115997313e-02	4.649209617122015969e-02	1.094912385823756801e-01
3.904080562419813759e+03	1.361191337368792831e-01	8.156299348585827058e-02	3.245190862662172271e-01	2.057409151965067517e-01	9.604411371645898976e-02	4.649668886198832923e-02	1.095170687346468802e-01
3.918593873060779970e+03	1.360507316384974297e-01	8.151497438036731102e-02	3.245715716306600829e-01	2.057713539319970530e-01	9.604762899565734424e-02	4.650115310173007221e-02	1.095425863196463900e-01
3.933107183701745726e+03	1.359839143028641062e-01	8.146772755758459328e-02	3.246229215824161241e-01	2.058010807698925637e-01	9.605107461474421404e-02	4.650549293458910993e-02	1.095677882364649303e-01
3.947620494342711936e+03	1.359186453994494226e-01	8.142123938757406254e-02	3.246731638020776689e-01	2.058301151001016294e-01	9.605445217219268916e-02	4.650971224819185068e-02	1.095926718889682627e-01
3.962133804983676782e+03	1.358548894482844438e-01	8.137549651962622255e-02	3.247223251962888524e-01	2.058584756673474125e-01	9.605776322983762550e-02	4.651381478219214494e-02	1.096172351549788426e-01
3.976647115624642538e+03	1.357926117988243753e-01	8.133048587499458471e-02	3.247704319193782108e-01	2.058861805986063609e-01	9.606100931373182106e-02	4.651780413603878728e-02	1.096414763569813905e-01
3.991160426265608749e+03	1.357317786093873713e-01	8.128619463990729987e-02	3.248175093950252390e-01	2.059132474288858372e-01	9.606419191498091759e-02	4.652168377607580202e-02	1.096653942342930288e-01
4.005673736906575414e+03	1.356723568271524794e-01	8.124261025883541820e-02	3.248635823378046572e-01	2.059396931254998675e-01	9.606731249055777688e-02	4.652545704206621086e-02	1.096889879166391690e-01
4.020187047547540715e+03	1.356143141687009834e-01	8.119972042800177592e-02	3.249086747744854287e-01	2.059655341109804250e-01	9.607037246409673437e-02	4.652912715321420867e-02	1.097122568990760300e-01
4.034700358188505561e+03	1.355576191010858245e-01	8.115751308911592354e-02	3.249528100649904938e-01	2.059907862847443760e-01	9.607337322666845147e-02	4.653269721374814205e-02	1.097352010182022775e-01
4.049213668829472226e+03	1.355022408234132503e-01	8.111597642332270264e-02	3.249960109229440008e-01	2.060154650436203383e-01	9.607631613753569999e-02	4.653617021811648491e-02	1.097578204296029702e-01
4.063726979470437527e+03	1.354481492489216787e-01	8.107509884535246680e-02	3.250382994357531308e-01	2.060395853013263223e-01	9.607920252489068891e-02	4.653954905584051921e-02	1.097801155864706335e-01
4.078240290111404192e+03	1.353953149875435913e-01	8.103486899786288555e-02	3.250796970841852152e-01	2.060631615069787315e-01	9.608203368657441956e-02	4.654283651606080929e-02	1.098020872193497810e-01
4.092753600752369493e+03	1.353437093289353854e-01	8.099527574596283863e-02	3.251202247614136120e-01	2.060862076627033579e-01	9.608481089077861026e-02	4.654603529180857679e-02	1.098237363169530800e-01
4.107266911393336159e+03	1.352933042259615304e-01	8.095630817190946349e-02	3.251599027915154649e-01	2.061087373404107415e-01	9.608753537673052347e-02	4.654914798402896847e-02	1.098450641079987689e-01
4.121780222034301914e+03	1.352440722786195926e-01	8.091795556997097294e-02	3.251987509474115190e-01	2.061307636977920688e-01	9.609020835536116745e-02	4.655217710537893488e-02	1.098660720440211430e-01
4.136293532675267670e+03	1.351959867183926411e-01	8.088020744144713836e-02	3.252367884682455523e-01	2.061522994935852393e-01	9.609283100995757998e-02	4.655512508381949577e-02	1.098867617831077448e-01
4.150806843316233426e+03	1.351490213930163775e-01	8.084305348984131834e-02	3.252740340762044768e-01	2.061733571021563682e-01	9.609540449679909724e-02	4.655799426601948954e-02	1.099071351745182362e-01
4.165320153957199182e+03	1.351031507516485264e-01	8.080648361617731590e-02	3.253105059927853260e-01	2.061939485274371653e-01	9.609792994577856518e-02	4.656078692058577412e-02	1.099271942441426564e-01
4.179833464598164937e+03	1.350583498304287755e-01	8.077048791445516629e-02	3.253462219545167899e-01	2.062140854162555215e-01	9.610040846100864620e-02	4.656350524113279932e-02	1.099469411807576097e-01
4.194346775239130693e+03	1.350145942384171072e-01	8.073505666724051233e-02	3.253811992281469556e-01	2.062337790710925267e-01	9.610284112141340152e-02	4.656615134920322197e-02	1.099663783230415554e-01
4.208860085880096449e+03	1.349718601438996968e-01	8.070018034138194685e-02	3.254154546253090197e-01	2.062530404622975044e-01	9.610522898130605118e-02	4.656872729704965297e-02	1.099855081473113672e-01
4.223373396521062205e+03	1.349301242610513318e-01	8.066584958385189519e-02	3.254490045166787415e-01	2.062718802397891515e-01	9.610757307095274538e-02	4.657123507028671644e-02	1.100043332559446224e-01
4.237886707162027960e+03	1.348893638369439152e-01	8.063205521770588913e-02	3.254818648456381802e-01	2.062903087442694572e-01	9.610987439712298519e-02	4.657367659042156716e-02	1.100228563664532033e-01
4.252400017802994626e+03	1.348495566388905886e-01	8.059878823815623539e-02	3.255140511414607030e-01	2.063083360179746584e-01	9.611213394362708162e-02	4.657605371727021465e-02	1.100410803011756811e-01
4.266913328443960381e+03	1.348106809421160956e-01	8.056603980875551296e-02	3.255455785320326423e-01	2.063259718149863531e-01	9.611435267184083309e-02	4.657836825126639158e-02	1.100590079775573965e-01
4.281426639084926137e+03	1.347727155177435021e-01	8.053380125768630493e-02	3.255764617561265895e-01	2.063432256111236707e-01	9.611653152121769905e-02	4.658062193566896853e-02	1.100766423989885390e-01
4.295939949725891893e+03	1.347356396210881990e-01	8.050206407415307075e-02	3.256067151752427002e-01	2.063601066134368445e-01	9.611867140978905266e-02	4.658281645867359821e-02	1.100939866461718153e-01
4.310453260366857648e+03	1.346994329802502222e-01	8.047081990487268965e-02	3.256363527850325568e-01	2.063766237693205052e-01	9.612077323465260947e-02	4.658495345543359201e-02	1.101110438689930637e-01
4.324966571007824314e+03	1.346640757849964787e-01	8.044006055066027505e-02	3.256653882263205180e-01	2.063927857752648476e-01	9.612283787244933764e-02	4.658703450999485129e-02	1.101278172788688614e-01
4.339479881648789160e+03	1.346295486759242210e-01	8.040977796310680437e-02	3.256938347957381019e-01	2.064086010852607400e-01	9.612486617982921033e-02	4.658906115714921831e-02	1.101443101415468667e-01
4.353993192289754006e+03	1.345958327338981908e-01	8.037996424134560836e-02	3.257217054559847225e-01	2.064240779188746266e-01	9.612685899390607802e-02	4.659103488421025702e-02	1.101605257703356378e-01
4.368506502930720671e+03	1.345629094697531059e-01	8.035061162890461128e-02	3.257490128457301570e-01	2.064392242690081813e-01	9.612881713270185480e-02	4.659295713271539852e-02	1.101764675197417637e-01
4.383019813571686427e+03	1.345307608142545241e-01	8.032171251064143536e-02	3.257757692891709023e-01	2.064540479093566194e-01	9.613074139558040743e-02	4.659482930005787865e-02	1.101921387794932289e-01
4.397533124212653092e+03	1.344993691083104237e-01	8.029325940975867715e-02	3.258019868052547396e-01	2.064685564015789898e-01	9.613263256367129972e-02	4.659665274105187494e-02	1.102075429689290259e-01
4.412046434853618848e+03	1.344687170934264209e-01	8.026524498489664983e-02	3.258276771165852237e-01	2.064827571021931318e-01	9.613449140028365592e-02	4.659842876943393747e-02	1.102226835317359488e-01
4.426559745494584604e+03	1.344387879023982435e-01	8.023766202730106545e-02	3.258528516580198597e-01	2.064966571692071207e-01	9.613631865131050391e-02	4.660015865930375312e-02	1.102375639310144428e-01
4.441073056135550360e+03	1.344095650502343808e-01	8.021050345806329807e-02	3.258775215849718521e-01	2.065102635684986643e-01	9.613811504562358445e-02	4.660184364650691441e-02	1.102521876446562327e-01
4.455586366776516115e+03	1.343810324253029431e-01	8.018376232543072968e-02	3.259016977814286897e-01	2.065235830799534988e-01	9.613988129545925077e-02	4.660348492996238545e-02	1.102665581610173667e-01
4.470099677417481871e+03	1.343531742806961249e-01	8.015743180218518060e-02	3.259253908676971734e-01	2.065366223033728021e-01	9.614161809679520887e-02	4.660508367293714205e-02	1.102806789748711214e-01
4.484612988058447627e+03	1.343259752258067208e-01	8.013150518308698178e-02	3.259486112078863740e-01	2.065493876641595616e-01	9.614332612971870917e-02	4.660664100427042156e-02	1.102945535836259427e-01
4.499126298699412473e+03	1.342994202181105878e-01	8.010597588238280164e-02	3.259713689171377382e-01	2.065618854187933617e-01	9.614500605878620321e-02	4.660815801954962950e-02	1.103081854837942855e-01
4.513639609340379138e+03	1.342734945551497250e-01	8.008083743137527077e-02	3.259936738686133317e-01	2.065741216601023056e-01	9.614665853337474311e-02	4.660963578224028986e-02	1.103215781676989554e-01
4.528152919981345804e+03	1.342481838667101413e-01	8.005608347605228103e-02	3.260155357002499366e-01	2.065861023223407034e-01	9.614828418802523480e-02	4.661107532477182236e-02	1.103347351204044396e-01
4.542666230622311559e+03	1.342234741071898774e-01	8.003170777477437714e-02	3.260369638212896604e-01	2.065978331860807149e-01	9.614988364277790578e-02	4.661247764958119377e-02	1.103476598168607742e-01
4.557179541263276406e+03	1.341993515481513244e-01	8.000770419601826999e-02	3.260579674185942189e-01	2.066093198829255240e-01	9.615145750350001519e-02	4.661384373011623339e-02	1.103603557192488205e-01
4.571692851904243071e+03	1.341758027710535095e-01	7.998406671617477870e-02	3.260785554627521621e-01	2.066205679000516493e-01	9.615300636220606989e-02	4.661517451180038907e-02	1.103728262745158201e-01
4.586206162545208826e+03	1.341528146601593807e-01	7.996078941739979962e-02	3.260987367139860371e-01	2.066315825845869980e-01	9.615453079737069919e-02	4.661647091296050593e-02	1.103850749120909164e-01
4.600719473186175492e+03	1.341303743956133443e-01	7.993786648551626239e-02	3.261185197278680947e-01	2.066423691478321278e-01	9.615603137423442415e-02	4.661773382571926527e-02	1.103971050417708183e-01
4.615232783827140338e+03	1.341084694466845861e-01	7.991529220796608768e-02	3.261379128608509204e-01	2.066529326693303525e-01	9.615750864510234919e-02	4.661896411685376856e-02	1.104089200517662100e-01
4.629746094468105184e+03	1.340870875651719307e-01	7.989306097181021749e-02	3.261569242756205411e-01	2.066632781007936015e-01	9.615896314963617852e-02	4.662016262862170302e-02	1.104205233069001091e-01
4.644259405109071849e+03	1.340662167789660464e-01	7.987116726177558024e-02	3.261755619462780031e-01	2.066734102698891962e-01	9.616039541513950184e-02	4.662133017955646247e-02	1.104319181469495537e-01
4.658772715750037605e+03	1.340458453857645837e-01	7.984960565834749169e-02	3.261938336633566360e-01	2.066833338838936496e-01	9.616180595683651577e-02	4.662246756523250740e-02	1.104431078851228626e-01
4.673286026391004270e+03	1.340259619469366947e-01	7.982837083590633986e-02	3.262117470386810547e-01	2.066930535332187346e-01	9.616319527814454204e-02	4.662357555900222689e-02	1.104540958066646539e-01
4.687799337031970026e+03	1.340065552815326022e-01	7.980745756090698584e-02	3.262293095100723961e-01	2.067025736948149006e-01	9.616456387094030056e-02	4.662465491270550988e-02	1.104648851675814891e-01
4.702312647672935782e+03	1.339876144604350838e-01	7.978686069009999215e-02	3.262465283459078935e-01	2.067118987354566728e-01	9.616591221582010407e-02	4.662570635735310137e-02	1.104754791934813157e-01
4.716825958313901538e+03	1.339691288006484848e-01	7.976657516879329113e-02	3.262634106495376218e-01	2.067210329149155867e-01	9.616724078235418249e-02	4.662673060378488832e-02	1.104858810785201012e-01
4.731339268954867293e+03	1.339510878597224841e-01	7.974659602915315504e-02	3.262799633635656282e-01	2.067299803890239041e-01	9.616855002933522023e-02	4.662772834330416311e-02	1.104960939844495810e-01
4.745852579595833049e+03	1.339334814303066168e-01	7.972691838854356616e-02	3.262961932739991133e-01	2.067387452126344394e-01	9.616984040502135622e-02	4.662870024828873194e-02	1.105061210397602911e-01
4.760365890236798805e+03	1.339162995348325003e-01	7.970753744790259887e-02	3.263121070142711022e-01	2.067473313424802450e-01	9.617111234737353576e-02	4.662964697277998533e-02	1.105159653389141405e-01
4.774879200877764561e+03	1.338995324203204329e-01	7.968844849015511989e-02	3.263277110691408800e-01	2.067557426399377896e-01	9.617236628428763034e-02	4.663056915305070771e-02	1.105256299416615545e-01
4.789392511518729407e+03	1.338831705533073124e-01	7.966964687866058548e-02	3.263430117784767437e-01	2.067639828736978214e-01	9.617360263382125629e-02	4.663146740815256319e-02	1.105351178724378602e-01
4.803905822159696982e+03	1.338672046148928763e-01	7.965112805569504739e-02	3.263580153409251783e-01	2.067720557223472200e-01	9.617482180441545847e-02	4.663234234044397880e-02	1.105444321198343904e-01
4.818419132800663647e+03	1.338516254959009610e-01	7.963288754096650712e-02	3.263727278174705093e-01	2.067799647768655547e-01	9.617602419511142586e-02	4.663319453609937604e-02	1.105535756361397948e-01
4.832932443441628493e+03	1.338364242921533942e-01	7.961492093016267479e-02	3.263871551348889732e-01	2.067877135430392643e-01	9.617721019576229435e-02	4.663402456560036130e-02	1.105625513369472152e-01
4.837770213655283442e+03	1.338215922998531870e-01	7.959722389353018901e-02	3.264013030891005918e-01	2.067953054437969840e-01	9.617838018724024496e-02	4.663483298420963846e-02	1.105713621008232450e-01
