3.386439149558698603e+01	7.460991590473907698e-01	2.400943013954521255e-01	2.980867472385293100e-03	1.134919714730238611e-03	2.200597054828708676e-04	6.167046890941688293e-03	3.303645773604139968e-03
3.870216170924226162e+01	6.790465338159140662e-01	3.019519075964542942e-01	6.267648528957634434e-03	1.345939119131667628e-03	1.934335517040033535e-03	6.202314412649758552e-03	3.251321009839698659e-03
4.353993192289755143e+01	6.441509299372412123e-01	3.320248034620347788e-01	9.134361999904225954e-03	1.759142166795725883e-03	3.448658521925196483e-03	6.238773662936186390e-03	3.243330249149758548e-03
4.837770213655283413e+01	6.253308679594211661e-01	3.462228137815915319e-01	1.173587685198610245e-02	2.328954477508301830e-03	4.828652981137051929e-03	6.278795957815322057e-03	3.274037990527483861e-03
5.321547235020811684e+01	6.145514618978008548e-01	3.524947919040218869e-01	1.415841555709530797e-02	3.022697096407587179e-03	6.109938219082485314e-03	6.323359838698438574e-03	3.339335486880374258e-03
5.805324256386339954e+01	6.077981313493938664e-01	3.548120900243565412e-01	1.645240752634495249e-02	3.815761127881138817e-03	7.312853446063536170e-03	6.372764443514980330e-03	3.435992082431821477e-03
6.289101277751868224e+01	6.030649589820243905e-01	3.551588052480386115e-01	1.864915124917256722e-02	4.688931360816574016e-03	8.449850548078672793e-03	6.426984315613090519e-03	3.561318296242902554e-03
6.772878299117397205e+01	5.993496187947943143e-01	3.545261580258942113e-01	2.076934621668168751e-02	5.626826852528402610e-03	9.529218477502760312e-03	6.485845258657951459e-03	3.712986373927375326e-03
7.256655320482924765e+01	5.961512141838368750e-01	3.534093088323450593e-01	2.282752879129635107e-02	6.616935792490640823e-03	1.055697048077578783e-02	6.549110947571358532e-03	3.888930971670643763e-03
7.740432341848452324e+01	5.932193833423414775e-01	3.520555799350604809e-01	2.483443314846843150e-02	7.648977601651225748e-03	1.153780975947361898e-02	6.616525094143141036e-03	4.087291118848322517e-03
8.224209363213981305e+01	5.904289446822923448e-01	3.505884726928917283e-01	2.679829174450656937e-02	8.714453905943962686e-03	1.247563157812435139e-02	6.687831530466208270e-03	4.306373865761488166e-03
8.707986384579510286e+01	5.877172655372527865e-01	3.490696291309525745e-01	2.872558604698813647e-02	9.806315120441326527e-03	1.337379112339338004e-02	6.762783366897370634e-03	4.544629674060999408e-03
9.191763405945040688e+01	5.850529692070924881e-01	3.475297889409178498e-01	3.062150595930696051e-02	1.091870257863438408e-02	1.423525207637538550e-02	6.841146784660471353e-03	4.800634452999013105e-03
9.675540427310566827e+01	5.824202995743622546e-01	3.459842558685744529e-01	3.249024978182386142e-02	1.204674329170616481e-02	1.506267366895115874e-02	6.922702229075550391e-03	5.073075585493031468e-03
1.015931744867609581e+02	5.798113087460381454e-01	3.444406246616874556e-01	3.433523286048362211e-02	1.318638346338706427e-02	1.585846536905400478e-02	7.007244375122141829e-03	5.360740524214008262e-03
1.064309447004162337e+02	5.772219533593750951e-01	3.429026412576250959e-01	3.615924087983171664e-02	1.433425179803796481e-02	1.662482399358737248e-02	7.094581541903790048e-03	5.662507169625414193e-03
1.112687149140715235e+02	5.746501438215787516e-01	3.413721310935718956e-01	3.796454736112953032e-02	1.548754642452690108e-02	1.736376084329817673e-02	7.184534886518250535e-03	5.977335569362837546e-03
1.161064851277267991e+02	5.720947693389756283e-01	3.398499622491189531e-01	3.975300647372490004e-02	1.664394092674496492e-02	1.807712282350137228e-02	7.276937535992391778e-03	6.304260651928191884e-03
1.209442553413820747e+02	5.695552105204649829e-01	3.383365264074564838e-01	4.152612782664969610e-02	1.780150603689030844e-02	1.876660967473730776e-02	7.371633730977785078e-03	6.642385802809834018e-03
1.257820255550373645e+02	5.670310956232949007e-01	3.368319789414520593e-01	4.328513750596755388e-02	1.895864427391012741e-02	1.943378849638037476e-02	7.468478013213026775e-03	6.990877145768334411e-03
1.306197957686926259e+02	5.645221785606650000e-01	3.353363586822003528e-01	4.503102827081539861e-02	2.011403533476586319e-02	2.008010625765179261e-02	7.567334468575143309e-03	7.348958425312842289e-03
1.354575659823479441e+02	5.620282777717089395e-01	3.338496475992291934e-01	4.676460101745916198e-02	2.126659044459011313e-02	2.070690073090447961e-02	7.668076028007553974e-03	7.715906408087058743e-03
1.402953361960032339e+02	5.595492455228968653e-01	3.323718004806043291e-01	4.848649911218667202e-02	2.241541418467260169e-02	2.131541013930246531e-02	7.770583824316544021e-03	8.091046736007124346e-03
1.451331064096584669e+02	5.570849524333918446e-01	3.309027596425639928e-01	5.019723685027177584e-02	2.355977256880718504e-02	2.190678172869135742e-02	7.874746601081917055e-03	8.473750175178559538e-03
1.499708766233137851e+02	5.546352796234742533e-01	3.294424621751460558e-01	5.189722305165719862e-02	2.469906634399289536e-02	2.248207942303402998e-02	7.980460169397076212e-03	8.863429213284999830e-03
1.548086468369690749e+02	5.522001146860363585e-01	3.279908434719268628e-01	5.358678061811116694e-02	2.583280866090144692e-02	2.304229068974452538e-02	8.087626908182024912e-03	9.259534965084217223e-03
1.596464170506243647e+02	5.497793495805426423e-01	3.265478389145793914e-01	5.526616273128040491e-02	2.696060640006019138e-02	2.358833271810753876e-02	8.196155304078665133e-03	9.661554351337845251e-03
1.644841872642796261e+02	5.473728794981502777e-01	3.251133846452618492e-01	5.693556625456125397e-02	2.808214455670069234e-02	2.412105799678787924e-02	8.305959527287531258e-03	1.006900752123717976e-02
1.693219574779349159e+02	5.449806022212341228e-01	3.236874178916011036e-01	5.859514280678536358e-02	2.919717318484408089e-02	2.464125936308669135e-02	8.416959040066909759e-03	1.048144549236832562e-02
1.741597276915902057e+02	5.426024177378823143e-01	3.222698770753026909e-01	6.024500789757138847e-02	3.030549648275216931e-02	2.514967458589112762e-02	8.529078234957999938e-03	1.089844798562889482e-02
1.789974979052454671e+02	5.402382279906836615e-01	3.208607018188191495e-01	6.188524844945584441e-02	3.140696367006465262e-02	2.564699053547842000e-02	8.642246100111347293e-03	1.131962143537344062e-02
1.838352681189008138e+02	5.378879366986166755e-01	3.194598329064054498e-01	6.351592897807881166e-02	3.250146136398466418e-02	2.613384698602279343e-02	8.756395909367687205e-03	1.174459715751033188e-02
1.886730383325560467e+02	5.355514492207034127e-01	3.180672122269853075e-01	6.513709665682725081e-02	3.358890720960378690e-02	2.661084009050832672e-02	8.871464934991633508e-03	1.217302966036666427e-02
1.935108085462113081e+02	5.332286724451175131e-01	3.166827827119208516e-01	6.674878545488718840e-02	3.466924455940017386e-02	2.707852556255243778e-02	8.987394181172477306e-03	1.260459508493581501e-02
1.983485787598666263e+02	5.309195146950385080e-01	3.153064882737052765e-01	6.835101950637671731e-02	3.574243803037273348e-02	2.753742159522707886e-02	9.104128136595933743e-03	1.303898976267015009e-02
2.031863489735219162e+02	5.286238856464202662e-01	3.139382737481443697e-01	6.994381584209584390e-02	3.680846979525455309e-02	2.798801154319656079e-02	9.221614544557339699e-03	1.347592888031758432e-02
2.080241191871772060e+02	5.263416962548439493e-01	3.125780848409279167e-01	7.152718659358851816e-02	3.786733648766761606e-02	2.843074639126758757e-02	9.339804189233674031e-03	1.391514524245722820e-02
2.128618894008324673e+02	5.240728586896895580e-01	3.112258680787174936e-01	7.310114076095966529e-02	3.891904662068350340e-02	2.886604702968184263e-02	9.458650696861354082e-03	1.435638812339307471e-02
2.176996596144877287e+02	5.218172862744294704e-01	3.098815707645349860e-01	7.466568562063763403e-02	3.996361843466130631e-02	2.929430635410343320e-02	9.578110350681482907e-03	1.479942220093821703e-02
2.225374298281430470e+02	5.195748934321838819e-01	3.085451409371039455e-01	7.622082783652771310e-02	4.100107810396744212e-02	2.971589120620285462e-02	9.698141918616089846e-03	1.524402656538462360e-02
2.273752000417983652e+02	5.173455956358724572e-01	3.072165273337648106e-01	7.776657432735660513e-02	4.203145824367567757e-02	3.013114416896651299e-02	9.818706492729560240e-03	1.568999379762093735e-02
2.322129702554535982e+02	5.151293093624292885e-01	3.058956793565942300e-01	7.930293293411504185e-02	4.305479666696650914e-02	3.054038522932408725e-02	9.939767339610414837e-03	1.613712911094688715e-02
2.370507404691088880e+02	5.129259520506366243e-01	3.045825470413908720e-01	8.082991292408188422e-02	4.407113535199645021e-02	3.094391331935046272e-02	1.006128976088109701e-02	1.658524955164908735e-02
2.418885106827641494e+02	5.107354420621996738e-01	3.032770810292234609e-01	8.234752536171414949e-02	4.508051958374694607e-02	3.134200774613463136e-02	1.018324096310854222e-02	1.703418325385899421e-02
2.467262808964194392e+02	5.085576986457390758e-01	3.019792325402729793e-01	8.385578337151694539e-02	4.608299724200230069e-02	3.173492951939013013e-02	1.030558993644696726e-02	1.748376874461798555e-02
2.515640511100747290e+02	5.063926419034160409e-01	3.006889533497322797e-01	8.535470231369213234e-02	4.707861821132595936e-02	3.212292258498910397e-02	1.042830734139724332e-02	1.793385429543364537e-02
2.564018213237300188e+02	5.042401927599444722e-01	2.994061957655548278e-01	8.684429988976848092e-02	4.806743389285430407e-02	3.250621497181725023e-02	1.055136540311518538e-02	1.838429731693178720e-02
2.612395915373852517e+02	5.021002729337697978e-01	2.981309126078716676e-01	8.832459619241822546e-02	4.904949680103247445e-02	3.288501985865435739e-02	1.067473781274464600e-02	1.883496379349505756e-02
2.660773617510405415e+02	4.999728049102216132e-01	2.968630571899144033e-01	8.979561371116825952e-02	5.002486023118265374e-02	3.325953656717248186e-02	1.079839963529084963e-02	1.928572775503598069e-02
2.709151319646958882e+02	4.978577119164688258e-01	2.956025833003029790e-01	9.125737730363621403e-02	5.099357798610942155e-02	3.362995148659987665e-02	1.092232722358555015e-02	1.973647078328340590e-02
2.757529021783511780e+02	4.957549178981232041e-01	2.943494451865739103e-01	9.270991414019288945e-02	5.195570415188326824e-02	3.399643893511462844e-02	1.104649813792861132e-02	2.018708155016979075e-02
2.805906723920064678e+02	4.936643474973544388e-01	2.931035975398372240e-01	9.415325362851592605e-02	5.291129291456339589e-02	3.435916196259931887e-02	1.117089107102078004e-02	2.063745538609526586e-02
2.854284426056617008e+02	4.915859260323938718e-01	2.918649954804632962e-01	9.558742732330642589e-02	5.386039841097615966e-02	3.471827309900085701e-02	1.129548577783019009e-02	2.108749387601552283e-02
2.902662128193169337e+02	4.895195794783158694e-01	2.906335945447123259e-01	9.701246882545096206e-02	5.480307460779925560e-02	3.507391505219153993e-02	1.142026301006055823e-02	2.153710448145576897e-02
2.951039830329722804e+02	4.874652344489965872e-01	2.894093506722272835e-01	9.842841367409099762e-02	5.573937520415025298e-02	3.542622135891389940e-02	1.154520445491251726e-02	2.198620018669482715e-02
2.999417532466276270e+02	4.854228181801602537e-01	2.881922201943191153e-01	9.983529923438351494e-02	5.666935355367083010e-02	3.577531699210893118e-02	1.167029267785113164e-02	2.243469916749252918e-02
3.047795234602828600e+02	4.833922585134305394e-01	2.869821598229825299e-01	1.012331645831764382e-01	5.759306260276164657e-02	3.612131892767071056e-02	1.179551106911254019e-02	2.288252448085193250e-02
3.096172936739380930e+02	4.813734838813116812e-01	2.857791266405828590e-01	1.026220503943593015e-01	5.851055484217731334e-02	3.646433667343755569e-02	1.192084379370119546e-02	2.332960377441633398e-02
3.144550638875934396e+02	4.793664232930330837e-01	2.845830780901636436e-01	1.040019988252701422e-01	5.942188226965441217e-02	3.680447276301820891e-02	1.204627574464608997e-02	2.377586901420056242e-02
3.192928341012487294e+02	4.773710063211929477e-01	2.833939719663274848e-01	1.053730534052263884e-01	6.032709636163333111e-02	3.714182321685812610e-02	1.217179249930029107e-02	2.422125622944764842e-02
3.241306043149040192e+02	4.753871630891450262e-01	2.822117664066474130e-01	1.067352589269919133e-01	6.122624805245845819e-02	3.747647797277437604e-02	1.229738027848265372e-02	2.466570527348641712e-02
3.289683745285592522e+02	4.734148242590773825e-01	2.810364198835696992e-01	1.080886613417838538e-01	6.211938771971200340e-02	3.780852128802587864e-02	1.242302590827418056e-02	2.510915959954328203e-02
3.338061447422145420e+02	4.714539210207326914e-01	2.798678911967733551e-01	1.094333076582522518e-01	6.300656517456286465e-02	3.813803211483739880e-02	1.254871678429416229e-02	2.555156605053352306e-02
3.386439149558698318e+02	4.695043850807285035e-01	2.787061394659522406e-01	1.107692458457288226e-01	6.388782965620073973e-02	3.846508445115920383e-02	1.267444083829288165e-02	2.599287466192383086e-02
3.434816851695251216e+02	4.675661486524344546e-01	2.775511241239917992e-01	1.120965247419296179e-01	6.476322982958346297e-02	3.878974766831876780e-02	1.280018650690862604e-02	2.643303847681948218e-02
3.483194553831804114e+02	4.656391444463705565e-01	2.764028049105116680e-01	1.134151939652081886e-01	6.563281378585712755e-02	3.911208681710522800e-02	1.292594270244684998e-02	2.687201337248658339e-02
3.531572255968357013e+02	4.637233056610912119e-01	2.752611418657491815e-01	1.147253038313854057e-01	6.649662904491836224e-02	3.943216291372038385e-02	1.305169878554881743e-02	2.730975789757279087e-02
3.579949958104909342e+02	4.618185659745223659e-01	2.741260953247615095e-01	1.160269052751262409e-01	6.735472255967976662e-02	3.975003320693128173e-02	1.317744453962578499e-02	2.774623311933912401e-02
3.628327660241463377e+02	4.599248595357227631e-01	2.729976259119236692e-01	1.173200497757914407e-01	6.820714072167601005e-02	4.006575142766802267e-02	1.330317014694303544e-02	2.818140248026105785e-02
3.676705362378016275e+02	4.580421209570413321e-01	2.718756945357032051e-01	1.186047892876586352e-01	6.905392936771131973e-02	4.037936802222594213e-02	1.342886616624568673e-02	2.861523166339976013e-02
3.725083064514568036e+02	4.561702853066451069e-01	2.707602623836936062e-01	1.198811761743828891e-01	6.989513378730273507e-02	4.069093037015251990e-02	1.355452351182530150e-02	2.904768846598363916e-02
3.773460766651120935e+02	4.543092881013937046e-01	2.696512909178886974e-01	1.211492631475491327e-01	7.073079873071691503e-02	4.100048298782693612e-02	1.368013343393300815e-02	2.947874268067735351e-02
3.821838468787673833e+02	4.524590653000385987e-01	2.685487418701830165e-01	1.224091032091558784e-01	7.156096841743551928e-02	4.130806771867220201e-02	1.380568750045100407e-02	2.990836598404960148e-02
3.870216170924226162e+02	4.506195532967262052e-01	2.674525772380828004e-01	1.236607495978622601e-01	7.238568654491431276e-02	4.161372391087714978e-02	1.393117757974009219e-02	3.033653183178300697e-02
3.918593873060780197e+02	4.487906889147860179e-01	2.663627592806152022e-01	1.249042557388254093e-01	7.320499629752666437e-02	4.191748858344703649e-02	1.405659582458634177e-02	3.076321536019911707e-02
3.966971575197332527e+02	4.469724094007858639e-01	2.652792505144215274e-01	1.261396751969539598e-01	7.401894035560289964e-02	4.221939658134717804e-02	1.418193465717496743e-02	3.118839329369941377e-02
4.015349277333884856e+02	4.451646524188369036e-01	2.642020137100242194e-01	1.273670616334036387e-01	7.482756090449456388e-02	4.251948072045328569e-02	1.430718675502422148e-02	3.161204385774902398e-02
4.063726979470438323e+02	4.433673560451338869e-01	2.631310118882559390e-01	1.285864687651435967e-01	7.563089964360673878e-02	4.281777192297506196e-02	1.443234503781651822e-02	3.203414669705405976e-02
4.112104681606991221e+02	4.415804587627161215e-01	2.620662083168407985e-01	1.297979503274251656e-01	7.642899779535376747e-02	4.311429934397573160e-02	1.455740265506810273e-02	3.245468279860611732e-02
4.160482383743544119e+02	4.398038994564344994e-01	2.610075665071180384e-01	1.310015600389902723e-01	7.722189611400318010e-02	4.340909048956905630e-02	1.468235297458240531e-02	3.287363441928840141e-02
4.208860085880095880e+02	4.380376174081134222e-01	2.599550502108997074e-01	1.321973515698609269e-01	7.800963489438085541e-02	4.370217132733729415e-02	1.480718957163580131e-02	3.329098501775783203e-02
4.257237788016648778e+02	4.362815522918952471e-01	2.589086234174536871e-01	1.333853785115583224e-01	7.879225398041715678e-02	4.399356638947787834e-02	1.493190621884787211e-02	3.370671919033563224e-02
4.305615490153201677e+02	4.345356441697555416e-01	2.578682503506050661e-01	1.345656943496054692e-01	7.956979277351874935e-02	4.428329886915326891e-02	1.505649687669136788e-02	3.412082261065631922e-02
4.353993192289755143e+02	4.327998334871804298e-01	2.568338954659476481e-01	1.357383524381736428e-01	8.034229024075560666e-02	4.457139071048753232e-02	1.518095568459999246e-02	3.453328197284083467e-02
4.402370894426308041e+02	4.310740610689952068e-01	2.558055234481598217e-01	1.369034059767406108e-01	8.110978492285626784e-02	4.485786269262404674e-02	1.530527695263488898e-02	3.494408493797476756e-02
4.450748596562860939e+02	4.293582681153355063e-01	2.547830992084181290e-01	1.380609079886334079e-01	8.187231494200705728e-02	4.514273450823181461e-02	1.542945515367324938e-02	3.535322008368649987e-02
4.499126298699413837e+02	4.276523961977528043e-01	2.537665878819027609e-01	1.392109113013363653e-01	8.262991800945324039e-02	4.542602483682245396e-02	1.555348491608482889e-02	3.576067685663321394e-02
4.547504000835967304e+02	4.259563872554466002e-01	2.527559548253896504e-01	1.403534685284509032e-01	8.338263143290249035e-02	4.570775141321655605e-02	1.567736101686444464e-02	3.616644552771512006e-02
4.595881702972519065e+02	4.242701835916154463e-01	2.517511656149232224e-01	1.414886320531994479e-01	8.413049212373170660e-02	4.598793109147576025e-02	1.580107837519054495e-02	3.657051714984949076e-02
4.644259405109071963e+02	4.225937278699204991e-01	2.507521860435671379e-01	1.426164540133724179e-01	8.487353660400015487e-02	4.626657990459644848e-02	1.592463204638195490e-02	3.697288351814700946e-02
4.692637107245624861e+02	4.209269631110542087e-01	2.497589821192257864e-01	1.437369862876224091e-01	8.561180101327195424e-02	4.654371312024178226e-02	1.604801721622668362e-02	3.737353713234282948e-02
4.741014809382177759e+02	4.192698326894097050e-01	2.487715200625341683e-01	1.448502804830162083e-01	8.634532111525239362e-02	4.681934529277061857e-02	1.617122919565841185e-02	3.777247116134418298e-02
4.789392511518730657e+02	4.176222803298434982e-01	2.477897663048123367e-01	1.459563879237591177e-01	8.707413230424251860e-02	4.709349031180520145e-02	1.629426341575785156e-02	3.816967940976515039e-02
4.837770213655284124e+02	4.159842501045280527e-01	2.468136874860793473e-01	1.470553596410126285e-01	8.779826961141698471e-02	4.736616144756362889e-02	1.641711542305765437e-02	3.856515628632737475e-02
4.886147915791837022e+02	4.143556864298871267e-01	2.458432504531250784e-01	1.481472463637304171e-01	8.851776771093025631e-02	4.763737139316861352e-02	1.653978087513099243e-02	3.895889677401317974e-02
4.934525617928388783e+02	4.127365340636115487e-01	2.448784222576350644e-01	1.492320985104422515e-01	8.923266092585668829e-02	4.790713230413017748e-02	1.666225553644514260e-02	3.935089640186480164e-02
4.982903320064942250e+02	4.111267381017495448e-01	2.439191701543664825e-01	1.503099661819203847e-01	8.994298323396957007e-02	4.817545583518699492e-02	1.678453527446273352e-02	3.974115121833002306e-02
5.031281022201495148e+02	4.095262439758676765e-01	2.429654615993721012e-01	1.513808991546664040e-01	9.064876827336480758e-02	4.844235317467939644e-02	1.690661605597436334e-02	4.012965776606101237e-02
5.079658724338048046e+02	4.079349974502797238e-01	2.420172642482695258e-01	1.524449468751606362e-01	9.135004934793430897e-02	4.870783507661546191e-02	1.702849394364739505e-02	4.051641305807873045e-02
5.128036426474600376e+02	4.063529446193387407e-01	2.410745459545531599e-01	1.535021584548200424e-01	9.204685943269451387e-02	4.897191189058139327e-02	1.715016509277676390e-02	4.090141455522114389e-02
5.176414128611153274e+02	4.047800319047893947e-01	2.401372747679469954e-01	1.545525826656140023e-01	9.273923117897515944e-02	4.923459358963742927e-02	1.727162574822449850e-02	4.128466014479830609e-02
5.224791830747705035e+02	4.032162060531775394e-01	2.392054189327955660e-01	1.555962679362900836e-01	9.342719691947318217e-02	4.949588979633137709e-02	1.739287224153555911e-02	4.166614812038247490e-02
5.273169532884259070e+02	4.016614141333141319e-01	2.382789468864916216e-01	1.566332623491658305e-01	9.411078867317683450e-02	4.975580980695334943e-02	1.751390098821843308e-02	4.204587716266565411e-02
5.321547235020811968e+02	4.001156035337901651e-01	2.373578272579378867e-01	1.576636136374449659e-01	9.479003815016456835e-02	5.001436261414713563e-02	1.763470848517965928e-02	4.242384632132144978e-02
5.369924937157364866e+02	3.985787219605414489e-01	2.364420288660417924e-01	1.586873691830190114e-01	9.546497675628318191e-02	5.027155692798623149e-02	1.775529130830216448e-02	4.280005499781192047e-02
5.418302639293917764e+02	3.970507174344588552e-01	2.355315207182414050e-01	1.597045760147182136e-01	9.613563559770989253e-02	5.052740119561555110e-02	1.787564611015794031e-02	4.317450292908386195e-02
5.466680341430470662e+02	3.955315382890435272e-01	2.346262720090602494e-01	1.607152808069779726e-01	9.680204548540219389e-02	5.078190361955311344e-02	1.799576961784630363e-02	4.354719017210237353e-02
5.515058043567023560e+02	3.940211331681038320e-01	2.337262521186908026e-01	1.617195298788888791e-01	9.746423693943979949e-02	5.103507217474011898e-02	1.811565863094941053e-02	4.391811708917289780e-02
5.563435745703576458e+02	3.925194510234925049e-01	2.328314306116043564e-01	1.627173691936013022e-01	9.812224019326250268e-02	5.128691462442182963e-02	1.823531001959739772e-02	4.428728433400586084e-02
5.611813447840129356e+02	3.910264411128822615e-01	2.319417772351861362e-01	1.637088443580563268e-01	9.877608519780754770e-02	5.153743853493653743e-02	1.835472072263591437e-02	4.465469283848098880e-02
5.660191149976681118e+02	3.895420529975777146e-01	2.310572619183947352e-01	1.646940006230180609e-01	9.942580162555030021e-02	5.178665128948464064e-02	1.847388774588933774e-02	4.502034380007088193e-02
5.708568852113234016e+02	3.880662365403621528e-01	2.301778547704445566e-01	1.656728828833827216e-01	1.000714188744513677e-01	5.203456010094535678e-02	1.859280816051340351e-02	4.538423866988615385e-02
5.756946554249786914e+02	3.865989419033774577e-01	2.293035260795101005e-01	1.666455356787423792e-01	1.007129660718136671e-01	5.228117202380413997e-02	1.871147910143138721e-02	4.574637914130648408e-02
5.805324256386339812e+02	3.851401195460364413e-01	2.284342463114513166e-01	1.676120031941828459e-01	1.013504720780524643e-01	5.252649396524973480e-02	1.882989776584834130e-02	4.610676713916441599e-02
5.853701958522892710e+02	3.836897202229650472e-01	2.275699861085589415e-01	1.685723292612955615e-01	1.019839654903812315e-01	5.277053269549591280e-02	1.894806141183833642e-02	4.646540480945056395e-02
5.902079660659445608e+02	3.822476949819739178e-01	2.267107162883188753e-01	1.695265573593860708e-01	1.026134746464164443e-01	5.301329485737957259e-02	1.906596735699985987e-02	4.682229450951091304e-02
5.950457362795999643e+02	3.808139951620582719e-01	2.258564078421949339e-01	1.704747306168617471e-01	1.032390276277038027e-01	5.325478697528321370e-02	1.918361297717499289e-02	4.717743879870866380e-02
5.998835064932552541e+02	3.793885723914245389e-01	2.250070319344291692e-01	1.714168918127836616e-01	1.038606522631686235e-01	5.349501546342685238e-02	1.930099570522811683e-02	4.753084042952473998e-02
6.047212767069104302e+02	3.779713785855422503e-01	2.241625599008589265e-01	1.723530833785671401e-01	1.044783761324928201e-01	5.373398663357152605e-02	1.941811302988037669e-02	4.788250233907270781e-02
6.095590469205657200e+02	3.765623659452215777e-01	2.233229632477501114e-01	1.732833473998182106e-01	1.050922265694208130e-01	5.397170670217361216e-02	1.953496249459617251e-02	4.823242764100525021e-02
6.143968171342210098e+02	3.751614869547141295e-01	2.224882136506458608e-01	1.742077256182929246e-01	1.057022306649968019e-01	5.420818179702682760e-02	1.965154169651836535e-02	4.858061961779080312e-02
6.192345873478761860e+02	3.737686943798372297e-01	2.216582829532298404e-01	1.751262594339678125e-01	1.063084152707354096e-01	5.444341796342620776e-02	1.976784828544900230e-02	4.892708171334022443e-02
6.240723575615315895e+02	3.723839412661195669e-01	2.208331431662043653e-01	1.760389899072106468e-01	1.069108070017277812e-01	5.467742116988622697e-02	1.988387996287263940e-02	4.927181752596452441e-02
6.289101277751868793e+02	3.710071809369689944e-01	2.200127664661817306e-01	1.769459577610412171e-01	1.075094322396853014e-01	5.491019731344301547e-02	1.999963448101949384e-02	4.961483080164594273e-02
6.337478979888421691e+02	3.696383669918606452e-01	2.191971251945891153e-01	1.778472033834730126e-01	1.081043171359226118e-01	5.514175222456879633e-02	2.011510964196586843e-02	4.995612542760558689e-02
6.385856682024975726e+02	3.682774533045448107e-01	2.183861918565862537e-01	1.787427668299264860e-01	1.086954876142819104e-01	5.537209167172472968e-02	2.023030329676945779e-02	5.029570542615201950e-02
6.434234384161527487e+02	3.669243940212741362e-01	2.175799391199950972e-01	1.796326878257064608e-01	1.092829693740001440e-01	5.560122136557660300e-02	2.034521334463729528e-02	5.063357494879585502e-02
6.482612086298080385e+02	3.655791435590499683e-01	2.167783398142419382e-01	1.805170057685355767e-01	1.098667878925209396e-01	5.582914696289632828e-02	2.045983773212425166e-02	5.096973827061664075e-02
6.530989788434633283e+02	3.642416566038856329e-01	2.159813669293104421e-01	1.813957597311371961e-01	1.104469684282527453e-01	5.605587407017063178e-02	2.057417445236017772e-02	5.130419978486881055e-02
6.579367490571185044e+02	3.629118881090885318e-01	2.151889936147063087e-01	1.822689884638609703e-01	1.110235360232747354e-01	5.628140824693683014e-02	2.068822154430381699e-02	5.163696399781444318e-02
6.627745192707737942e+02	3.615897932935583925e-01	2.144011931784323144e-01	1.831367303973454319e-01	1.115965155059919500e-01	5.650575500886446251e-02	2.080197709202187203e-02	5.196803552377126517e-02
6.676122894844290840e+02	3.602753276401021165e-01	2.136179390859740679e-01	1.839990236452115901e-01	1.121659314937411833e-01	5.672891983060018850e-02	2.091543922399157276e-02	5.229741908036497633e-02
6.724500596980843738e+02	3.589684468937649475e-01	2.128392049592957858e-01	1.848559060067830329e-01	1.127318083953488537e-01	5.695090814839214033e-02	2.102860611242535899e-02	5.262511948397556594e-02
6.772878299117396637e+02	3.576691070601769051e-01	2.120649645758458934e-01	1.857074149698272891e-01	1.132941704136422034e-01	5.717172536250910569e-02	2.114147597261623046e-02	5.295114164536806473e-02
6.821256001253949535e+02	3.563772644039145954e-01	2.112951918675722296e-01	1.865535877133140397e-01	1.138530415479151181e-01	5.739137683946865520e-02	2.125404706230253973e-02	5.327549056549848311e-02
6.869633703390502433e+02	3.550928754468778425e-01	2.105298609199464654e-01	1.873944611101866498e-01	1.144084455963497449e-01	5.760986791408749530e-02	2.136631768105101692e-02	5.359817133148647023e-02
6.918011405527055331e+02	3.538158969666804765e-01	2.097689459709974891e-01	1.882300717301428616e-01	1.149604061583950204e-01	5.782720389136642575e-02	2.147828616965693355e-02	5.391918911274645732e-02
6.966389107663608229e+02	3.525462859950553862e-01	2.090124214103538380e-01	1.890604558424212878e-01	1.155089466371033713e-01	5.804339004822157283e-02	2.158995090956032994e-02	5.423854915726981224e-02
7.014766809800161127e+02	3.512839998162732291e-01	2.082602617782945698e-01	1.898856494185907628e-01	1.160540902414264747e-01	5.825843163507252870e-02	2.170131032227742146e-02	5.455625678805062218e-02
7.063144511936714025e+02	3.500289959655746297e-01	2.075124417648082087e-01	1.907056881353391964e-01	1.165958599884712593e-01	5.847233387729766640e-02	2.181236286884619818e-02	5.487231739964845006e-02
7.111522214073266923e+02	3.487812322276152566e-01	2.067689362086604088e-01	1.915206073772599271e-01	1.171342787057170903e-01	5.868510197656593569e-02	2.192310704928545143e-02	5.518673645488157697e-02
7.159899916209819821e+02	3.475406666349239448e-01	2.060297200964690545e-01	1.923304422396325264e-01	1.176693690331950676e-01	5.889674111205393803e-02	2.203354140206641859e-02	5.549951948164469351e-02
7.208277618346371582e+02	3.463072574663733638e-01	2.052947685617875218e-01	1.931352275311960520e-01	1.182011534256304508e-01	5.910725644155658681e-02	2.214366450359633517e-02	5.581067206984530876e-02
7.256655320482924481e+02	3.450809632456628973e-01	2.045640568841952667e-01	1.939349977769129485e-01	1.187296541545490303e-01	5.931665310249881196e-02	2.225347496771318614e-02	5.612019986845348529e-02
7.305033022619478515e+02	3.438617427398132920e-01	2.038375604883960746e-01	1.947297872207212344e-01	1.192548933103483866e-01	5.952493621285571274e-02	2.236297144519109464e-02	5.642810858265978613e-02
7.353410724756030277e+02	3.426495549576739075e-01	2.031152549433234422e-01	1.955196298282735612e-01	1.197768928043347614e-01	5.973211087198757041e-02	2.247215262325569576e-02	5.673440397113662520e-02
7.401788426892584312e+02	3.414443591484405127e-01	2.023971159612532600e-01	1.963045592896618119e-01	1.202956743707264131e-01	5.993818216139612520e-02	2.258101722510898537e-02	5.703909184339838595e-02
7.450166129029136073e+02	3.402461148001854063e-01	2.016831193969234048e-01	1.970846090221253510e-01	1.208112595686243046e-01	6.014315514540782143e-02	2.268956400946316523e-02	5.734217805725607547e-02
7.498543831165690108e+02	3.390547816383979174e-01	2.009732412466602447e-01	1.978598121727418446e-01	1.213236697839508160e-01	6.034703487178944697e-02	2.279779177008292926e-02	5.764366851636238548e-02
7.546921533302243006e+02	3.378703196245365081e-01	2.002674576475116652e-01	1.986302016210999277e-01	1.218329262313570943e-01	6.054982637230128806e-02	2.290569933533586483e-02	5.794356916784326739e-02
7.595299235438793630e+02	3.366926889545913681e-01	1.995657448763870911e-01	1.993958099819519159e-01	1.223390499561000239e-01	6.075153466319233031e-02	2.301328556775046261e-02	5.824188600001238558e-02
7.643676937575347665e+02	3.355218500576577778e-01	1.988680793492038079e-01	2.001566696078462826e-01	1.228420618358891797e-01	6.095216474564211367e-02	2.312054936358142257e-02	5.853862504016496549e-02
7.692054639711900563e+02	3.343577635945195747e-01	1.981744376200396673e-01	2.009128125917387930e-01	1.233419825827047761e-01	6.115172160615311298e-02	2.322748965238187122e-02	5.883379235244776129e-02
7.740432341848452324e+02	3.332003904562433338e-01	1.974847963802920658e-01	2.016642707695815440e-01	1.238388327445868742e-01	6.135021021689764792e-02	2.333410539658217417e-02	5.912739403580193759e-02
7.788810043985006359e+02	3.320496917627825395e-01	1.967991324578431678e-01	2.024110757228892998e-01	1.243326327073968479e-01	6.154763553602267401e-02	2.344039559107503889e-02	5.941943622197601305e-02
7.837187746121558121e+02	3.309056288615916941e-01	1.961174228162312627e-01	2.031532587812826529e-01	1.248234026965513582e-01	6.174400250791595851e-02	2.354635926280663344e-02	5.970992507360602108e-02
7.885565448258112156e+02	3.297681633262500855e-01	1.954396445538280069e-01	2.038908510250075357e-01	1.253111627787297788e-01	6.193931606343656970e-02	2.365199547037342281e-02	5.999886678236013293e-02
7.933943150394665054e+02	3.286372569550957690e-01	1.947657749030215768e-01	2.046238832874303082e-01	1.257959328635553098e-01	6.213358112011257983e-02	2.375730330362455303e-02	6.028626756714533519e-02
7.982320852531219089e+02	3.275128717698685965e-01	1.940957912294058452e-01	2.053523861575085319e-01	1.262777327052505560e-01	6.232680258230874348e-02	2.386228188326945665e-02	6.057213367237363616e-02
8.030698554667769713e+02	3.263949700143630173e-01	1.934296710309749701e-01	2.060763899822366241e-01	1.267565819042680564e-01	6.251898534136647589e-02	2.396693036049055842e-02	6.085647136628560827e-02
8.079076256804323748e+02	3.252835141530900365e-01	1.927673919373238676e-01	2.067959248690667828e-01	1.272324999088962350e-01	6.271013427571855980e-02	2.407124791656084506e-02	6.113928693932898367e-02
8.127453958940876646e+02	3.241784668699483896e-01	1.921089317088542081e-01	2.075110206883042929e-01	1.277055060168412470e-01	6.290025425098073886e-02	2.417523376246609457e-02	6.142058670259036013e-02
8.175831661077428407e+02	3.230797910669049866e-01	1.914542682359859360e-01	2.082217070754773525e-01	1.281756193767854823e-01	6.308935012002207798e-02	2.427888713853167471e-02	6.170037698627783840e-02
8.224209363213982442e+02	3.219874498626840720e-01	1.908033795383743125e-01	2.089280134336816142e-01	1.286428589899226982e-01	6.327742672301606142e-02	2.438220731405364369e-02	6.197866413825296739e-02
8.272587065350534203e+02	3.209014065914655434e-01	1.901562437641320380e-01	2.096299689358987195e-01	1.291072437114708649e-01	6.346448888747410755e-02	2.448519358693411474e-02	6.225545452260999868e-02
8.320964767487085965e+02	3.198216248015918750e-01	1.895128391890570640e-01	2.103276025272892424e-01	1.295687922521626956e-01	6.365054142826309658e-02	2.458784528332068342e-02	6.253075451830079901e-02
8.369342469623640000e+02	3.187480682542835342e-01	1.888731442158654017e-01	2.110209429274599591e-01	1.300275231797143882e-01	6.383558914760850689e-02	2.469016175724981707e-02	6.280457051780383160e-02
8.417720171760191761e+02	3.176807009223635014e-01	1.882371373734292308e-01	2.117100186327053324e-01	1.304834549202734117e-01	6.401963683508425651e-02	2.479214239029407102e-02	6.307690892583561748e-02
8.466097873896745796e+02	3.166194869889898400e-01	1.876047973160199500e-01	2.123948579182233509e-01	1.309366057598450594e-01	6.420268926759097050e-02	2.489378659121305529e-02	6.334777615810316398e-02
8.514475576033297557e+02	3.155643908463966474e-01	1.869761028225565835e-01	2.130754888403058600e-01	1.313869938456988240e-01	6.438475120932340978e-02	2.499509379560800951e-02	6.361717864009601431e-02
8.562853278169851592e+02	3.145153770946437777e-01	1.863510327958589896e-01	2.137519392385030803e-01	1.318346371877545942e-01	6.456582741172850470e-02	2.509606346557996179e-02	6.388512280591646109e-02
8.611230980306403353e+02	3.134724105403740579e-01	1.857295662619060095e-01	2.144242367377631742e-01	1.322795536599492561e-01	6.474592261345482602e-02	2.519669508939128416e-02	6.415161509714671639e-02
8.659608682442956251e+02	3.124354561955793308e-01	1.851116823690987512e-01	2.150924087505462490e-01	1.327217610015840044e-01	6.492504154029452024e-02	2.529698818113066544e-02	6.441666196175174774e-02
8.707986384579510286e+02	3.114044792763743241e-01	1.844973603875283419e-01	2.157564824789133806e-01	1.331612768186527518e-01	6.510318890511856971e-02	2.539694228038135229e-02	6.468026985301660037e-02
8.756364086716062047e+02	3.103794452017781258e-01	1.838865797082488984e-01	2.164164849165905458e-01	1.335981185851518593e-01	6.528036940780614084e-02	2.549655695189263771e-02	6.494244522851708168e-02
8.804741788852616082e+02	3.093603195925043181e-01	1.832793198425549941e-01	2.170724428510080184e-01	1.340323036443718807e-01	6.545658773516886686e-02	2.559583178525450670e-02	6.520319454912269774e-02
8.853119490989170117e+02	3.083470682697582732e-01	1.826755604212638717e-01	2.177243828653149804e-01	1.344638492101712934e-01	6.563184856087064811e-02	2.569476639457538014e-02	6.546252427803080087e-02
8.901497193125721878e+02	3.073396572540424976e-01	1.820752811940024585e-01	2.183723313403699851e-01	1.348927723682326607e-01	6.580615654534367753e-02	2.579336041816292224e-02	6.572044087983097693e-02
8.949874895262273640e+02	3.063380527639698037e-01	1.814784620284987660e-01	2.190163144567069953e-01	1.353190900773018068e-01	6.597951633570131591e-02	2.589161351820782817e-02	6.597695081959865926e-02
8.998252597398827675e+02	3.053422212150835313e-01	1.808850829098781754e-01	2.196563581964777190e-01	1.357428191704098952e-01	6.615193256564820545e-02	2.598952538047057809e-02	6.623206056201708103e-02
9.046630299535379436e+02	3.043521292186859850e-01	1.802951239399639138e-01	2.202924883453700744e-01	1.361639763560791028e-01	6.632340985538827394e-02	2.608709571397108129e-02	6.648577657052670564e-02
9.095008001671932334e+02	3.033677435806741984e-01	1.797085653365823044e-01	2.209247304945033963e-01	1.365825782195118632e-01	6.649395281153105963e-02	2.618432425068117561e-02	6.673810530650116368e-02
9.143385703808486369e+02	3.023890313003826935e-01	1.791253874328723183e-01	2.215531100423001887e-01	1.369986412237641782e-01	6.666356602699675948e-02	2.628121074521997183e-02	6.698905322844907195e-02
9.191763405945038130e+02	3.014159595694341776e-01	1.785455706765995409e-01	2.221776521963351181e-01	1.374121817109033861e-01	6.683225408092027808e-02	2.637775497455195628e-02	6.723862679124073538e-02
9.240141108081592165e+02	3.004484957705970127e-01	1.779690956294747162e-01	2.227983819751610528e-01	1.378232159031504145e-01	6.700002153855488807e-02	2.647395673768787941e-02	6.748683244535920445e-02
9.288518810218145063e+02	2.994866074766504571e-01	1.773959429664762610e-01	2.234153242101129255e-01	1.382317599040068790e-01	6.716687295117559908e-02	2.656981585538832624e-02	6.773367663617466117e-02
9.336896512354697961e+02	2.985302624492565671e-01	1.768260934751774704e-01	2.240285035470892250e-01	1.386378296993673875e-01	6.733281285598262389e-02	2.666533216986999993e-02	6.797916580324181446e-02
9.385274214491247449e+02	2.975794286378395381e-01	1.762595280550777188e-01	2.246379444483114773e-01	1.390414411586172183e-01	6.749784577600517754e-02	2.676050554451466293e-02	6.822330637961923627e-02
9.433651916627801484e+02	2.966340741784719848e-01	1.756962277169379916e-01	2.252436711940623559e-01	1.394426100357158138e-01	6.766197622000592882e-02	2.685533586358069408e-02	6.846610479121026382e-02
9.482029618764355519e+02	2.956941673927681036e-01	1.751361735821206078e-01	2.258457078844020860e-01	1.398413519702659258e-01	6.782520868238624268e-02	2.694982303191727907e-02	6.870756745612476013e-02
9.530407320900908417e+02	2.947596767867842193e-01	1.745793468819331340e-01	2.264440784408638385e-01	1.402376824885691875e-01	6.798754764309247745e-02	2.704396697468119601e-02	6.894770078406101121e-02
9.578785023037459041e+02	2.938305710499256040e-01	1.740257289569763222e-01	2.270388066081282796e-01	1.406316170046678915e-01	6.814899756752346160e-02	2.713776763705610592e-02	6.918651117570742692e-02
9.627162725174014213e+02	2.929068190538606786e-01	1.734753012564962393e-01	2.276299159556774976e-01	1.410231708213736390e-01	6.830956290643941387e-02	2.723122498397445579e-02	6.942400502216318492e-02
9.675540427310568248e+02	2.919883898514416543e-01	1.729280453377403937e-01	2.282174298794287237e-01	1.414123591312826111e-01	6.846924809587227878e-02	2.732433899984185524e-02	6.966018870437752641e-02
9.723918129447120009e+02	2.910752526756320013e-01	1.723839428653180517e-01	2.288013716033477918e-01	1.417991970177781835e-01	6.862805755703792199e-02	2.741710968826398254e-02	6.989506859260705141e-02
9.772295831583674044e+02	2.901673769384407464e-01	1.718429756105643857e-01	2.293817641810429464e-01	1.421836994560206624e-01	6.878599569624983812e-02	2.750953707177596075e-02	7.012865104589043053e-02
9.820673533720223531e+02	2.892647322298630974e-01	1.713051254509084242e-01	2.299586304973391393e-01	1.425658813139247527e-01	6.894306690483502364e-02	2.760162119157420421e-02	7.036094241154029760e-02
9.869051235856777566e+02	2.883672883168279522e-01	1.707703743692454701e-01	2.305319932698330354e-01	1.429457573531246195e-01	6.909927555905162611e-02	2.769336210725072134e-02	7.059194902465153187e-02
9.917428937993331601e+02	2.874750151421516797e-01	1.702387044533129057e-01	2.311018750504290620e-01	1.433233422299269588e-01	6.925462602000882761e-02	2.778475989652982522e-02	7.082167720762570784e-02
9.965806640129884499e+02	2.865878828234986186e-01	1.697100978950701056e-01	2.316682982268566671e-01	1.436986504962523281e-01	6.940912263358871293e-02	2.787581465500731451e-02	7.105013326971117149e-02
