3.323548136781179892e+03	1.380635784156581669e-01	8.664742445850552588e-02	3.215256295224641070e-01	2.024406837792902814e-01	9.529310234768179066e-02	4.619031560519855362e-02	1.098392658697258661e-01
3.338061447422145648e+03	1.390113075161135137e-01	8.547440729566069262e-02	3.216119616102147694e-01	2.026629512335645089e-01	9.535529857317016911e-02	4.613869686290335281e-02	1.097453769068972435e-01
3.352574758063111403e+03	1.395748280136456798e-01	8.466616340818142183e-02	3.216915404205135665e-01	2.028751880643111793e-01	9.542164785152291995e-02	4.610263768580374205e-02	1.096679945545457752e-01
3.367088068704076704e+03	1.398878429726493344e-01	8.409834885491344891e-02	3.217669402338202977e-01	2.030757351481469464e-01	9.548776998719232800e-02	4.607872406820472805e-02	1.096046387335972150e-01
3.381601379345043824e+03	1.400380010491570348e-01	8.368933623064145344e-02	3.218398106801086400e-01	2.032641162011017966e-01	9.555115476146902598e-02	4.606432091896026093e-02	1.095532601570861353e-01
3.396114689986008671e+03	1.400827430654322248e-01	8.338552549104832901e-02	3.219111959346325769e-01	2.034405389766676953e-01	9.561047519701570963e-02	4.605737378913402763e-02	1.095121475445938186e-01
3.410628000626974881e+03	1.400596971246871880e-01	8.315170714540895403e-02	3.219817443957080916e-01	2.036055829494233804e-01	9.566514212492135960e-02	4.605626694613815242e-02	1.094798593122372488e-01
3.425141311267940637e+03	1.399934975455676134e-01	8.296473992990285873e-02	3.220518464424416694e-01	2.037600068631746086e-01	9.571501646936754482e-02	4.605972041059049754e-02	1.094551723374795893e-01
3.439654621908906392e+03	1.399002578192451718e-01	8.280940287708382641e-02	3.221217249487834944e-01	2.039046328524659335e-01	9.576022448220382344e-02	4.606671421600563171e-02	1.094370428027364728e-01
3.454167932549872603e+03	1.397905046135564933e-01	8.267567386451700473e-02	3.221914947524925910e-01	2.040402790818071910e-01	9.580104005698722447e-02	4.607643191028864410e-02	1.094245757188752194e-01
3.468681243190838359e+03	1.396711022384909684e-01	8.255694399350109458e-02	3.222612017149036334e-01	2.041677227840204001e-01	9.583781064248236836e-02	4.608821783078940332e-02	1.094170007943364858e-01
3.483194553831804114e+03	1.395465148718710580e-01	8.244884592067068529e-02	3.223308483570295202e-01	2.042876820500113544e-01	9.587091139821093955e-02	4.610154437215135265e-02	1.094136530285794301e-01
3.497707864472769415e+03	1.394196343743445421e-01	8.234848498247894499e-02	3.224004106617428533e-01	2.044008089273661732e-01	9.590071755809273513e-02	4.611598660569417307e-02	1.094139568888048558e-01
3.512221175113736081e+03	1.392923231494786196e-01	8.225393458504592914e-02	3.224698490590803823e-01	2.045076891105636341e-01	9.592758845595812656e-02	4.613120238364451509e-02	1.094174132547530015e-01
3.526734485754701382e+03	1.391657700911541617e-01	8.216390498019125743e-02	3.225391155790616193e-01	2.046088452658502699e-01	9.595185895069012483e-02	4.614691659216500069e-02	1.094235885394118368e-01
3.541247796395667592e+03	1.390407239327778322e-01	8.207752580680774401e-02	3.226081584781396172e-01	2.047047421655708299e-01	9.597383548349010252e-02	4.616290858396364383e-02	1.094321055477745080e-01
3.555761107036633348e+03	1.389176461873072588e-01	8.199420328296634641e-02	3.226769251997033683e-01	2.047957925300374626e-01	9.599379497713642073e-02	4.617900207749627006e-02	1.094426357438771369e-01
3.570274417677599104e+03	1.387968113526977243e-01	8.191352638680797493e-02	3.227453642360184616e-01	2.048823629335691787e-01	9.601198542543297465e-02	4.619505699083337191e-02	1.094548926731645361e-01
3.584787728318565314e+03	1.386783725359741759e-01	8.183520518967302149e-02	3.228134262662037401e-01	2.049647794188732275e-01	9.602862743726554851e-02	4.621096280783074800e-02	1.094686263427037953e-01
3.599301038959531070e+03	1.385624044031615876e-01	8.175903029472961214e-02	3.228810648178891407e-01	2.050433326415219137e-01	9.604391627047717539e-02	4.622663316822125945e-02	1.094836184025235609e-01
3.613814349600496826e+03	1.384489312650423465e-01	8.168484613276021100e-02	3.229482366165166707e-01	2.051182824735735821e-01	9.605802406641243685e-02	4.624200144236752241e-02	1.094996780018514942e-01
3.628327660241463036e+03	1.383379454210052206e-01	8.161253335874747716e-02	3.230149017310076642e-01	2.051898620581103228e-01	9.607110210941817441e-02	4.625701710297773495e-02	1.095166382172577252e-01
3.642840970882427882e+03	1.382294191202180778e-01	8.154199722783239679e-02	3.230810235880009484e-01	2.052582813412349438e-01	9.608328300841821601e-02	4.627164274508568237e-02	1.095343529677341304e-01
3.657354281523394548e+03	1.381233123429050913e-01	8.147315990189547830e-02	3.231465689026761234e-01	2.053237301255634029e-01	9.609468274404694976e-02	4.628585163548384201e-02	1.095526943459535635e-01
3.671867592164359849e+03	1.380195778459692157e-01	8.140595534182626380e-02	3.232115075581172836e-01	2.053863806962996919e-01	9.610540255399067922e-02	4.629962569598634198e-02	1.095715503063350166e-01
3.686380902805326514e+03	1.379181644196826595e-01	8.134032590236733862e-02	3.232758124544820588e-01	2.054463900719190883e-01	9.611553064720437800e-02	4.631295384308968532e-02	1.095908226597793050e-01
3.700894213446291815e+03	1.378190189758733697e-01	8.127622004947542000e-02	3.233394593421052843e-01	2.055039019290301472e-01	9.612514374850361643e-02	4.632583062101129634e-02	1.096104253325253380e-01
3.715407524087257570e+03	1.377220878740565979e-01	8.121359081903641031e-02	3.234024266478865428e-01	2.055590482468157842e-01	9.613430848125956163e-02	4.633825507660271209e-02	1.096302828528668144e-01
3.729920834728223781e+03	1.376273177516507407e-01	8.115239476632279958e-02	3.234646953010991144e-01	2.056119507115869993e-01	9.614308259923262656e-02	4.635022983390447299e-02	1.096503290347276144e-01
3.744434145369189537e+03	1.375346560324312573e-01	8.109259124129164498e-02	3.235262485625922668e-01	2.056627219170125698e-01	9.615151608005967354e-02	4.636176033361832233e-02	1.096705058315186193e-01
3.758947456010155292e+03	1.374440512270820869e-01	8.103414188110605321e-02	3.235870718598940488e-01	2.057114663908472529e-01	9.615965209326769736e-02	4.637285420888452581e-02	1.096907623374426960e-01
3.773460766651120593e+03	1.373554531001954238e-01	8.097701024823789062e-02	3.236471526297290402e-01	2.057582814746367339e-01	9.616752785537996395e-02	4.638352077374894439e-02	1.097110539165963711e-01
3.787974077292087259e+03	1.372688127521919654e-01	8.092116156681078420e-02	3.237064801687914994e-01	2.058032580789992405e-01	9.617517538399814048e-02	4.639377060480333326e-02	1.097313414429294254e-01
3.802487387933053014e+03	1.371840826476918573e-01	8.086656252582431759e-02	3.237650454931579325e-01	2.058464813336805532e-01	9.618262216187151159e-02	4.640361519985383015e-02	1.097515906364444349e-01
3.817000698574018315e+03	1.371012166107833108e-01	8.081318112841961998e-02	3.238228412064159123e-01	2.058880311486326331e-01	9.618989172101422014e-02	4.641306670025187320e-02	1.097717714830069025e-01
3.831514009214984981e+03	1.370201698003921664e-01	8.076098657327863972e-02	3.238798613763794743e-01	2.059279826998356988e-01	9.619700415597662313e-02	4.642213766581691770e-02	1.097918577268449380e-01
3.846027319855950282e+03	1.369408986742274570e-01	8.070994915882451215e-02	3.239361014201280753e-01	2.059664068514260316e-01	9.620397657445386996e-02	4.643084089317801866e-02	1.098118264262865074e-01
3.860540630496916037e+03	1.368633609466981815e-01	8.066004020391512319e-02	3.239915579970189530e-01	2.060033705238618063e-01	9.621082349255005717e-02	4.643918926993273466e-02	1.098316575645476439e-01
3.875053941137881793e+03	1.367875155441935775e-01	8.061123198072887852e-02	3.240462289092742587e-01	2.060389370163108469e-01	9.621755718121788314e-02	4.644719565832312880e-02	1.098513337084759539e-01
3.889567251778848004e+03	1.367133225598231583e-01	8.056349765687545461e-02	3.241001130097157512e-01	2.060731662901406358e-01	9.622418796966644705e-02	4.645487280320770296e-02	1.098708397090953082e-01
3.904080562419813759e+03	1.366407432088755369e-01	8.051681124465756567e-02	3.241532101162110657e-01	2.061061152192933399e-01	9.623072451087311130e-02	4.646223326000309406e-02	1.098901624386107861e-01
3.918593873060779970e+03	1.365697397857200679e-01	8.047114755600877356e-02	3.242055209323961296e-01	2.061378378124064659e-01	9.623717401374526359e-02	4.646928933901169068e-02	1.099092905592360808e-01
3.933107183701745726e+03	1.365002756225349168e-01	8.042648216203993061e-02	3.242570469742501738e-01	2.061683854107674296e-01	9.624354244595095809e-02	4.647605306316739127e-02	1.099282143198136441e-01
3.947620494342711936e+03	1.364323150500321991e-01	8.038279135640390149e-02	3.243077905021130580e-01	2.061978068655408169e-01	9.624983471096740240e-02	4.648253613674298290e-02	1.099469253767240418e-01
3.962133804983676782e+03	1.363658233602198233e-01	8.034005212188158329e-02	3.243577544577539440e-01	2.062261486971654345e-01	9.625605480247947932e-02	4.648874992298696052e-02	1.099654166360371915e-01
3.976647115624642538e+03	1.363007667711616799e-01	8.029824209972692695e-02	3.244069424061211682e-01	2.062534552393621989e-01	9.626220593888971944e-02	4.649470542900968617e-02	1.099836821142530230e-01
3.991160426265608749e+03	1.362371123936534922e-01	8.025733956140555792e-02	3.244553584814258151e-01	2.062797687698128823e-01	9.626829068037390247e-02	4.650041329653092914e-02	1.100017168153217956e-01
4.005673736906575414e+03	1.361748281997089138e-01	8.021732338243156568e-02	3.245030073372317525e-01	2.063051296292512105e-01	9.627431103062633611e-02	4.650588379734329342e-02	1.100195166219312681e-01
4.020187047547540715e+03	1.361138829927404925e-01	8.017817301805947594e-02	3.245498941002482596e-01	2.063295763304399677e-01	9.628026852518239975e-02	4.651112683254712832e-02	1.100370781993065677e-01
4.034700358188505561e+03	1.360542463793191770e-01	8.013986848062805424e-02	3.245960243275426982e-01	2.063531456582833878e-01	9.628616430798012105e-02	4.651615193477915550e-02	1.100543989099917186e-01
4.049213668829472226e+03	1.359958887423983742e-01	8.010239031838341239e-02	3.246414039669109908e-01	2.063758727621366751e-01	9.629199919762201909e-02	4.652096827279539326e-02	1.100714767382773712e-01
4.063726979470437527e+03	1.359387812158958930e-01	8.006571959563339724e-02	3.246860393201637107e-01	2.063977912412167104e-01	9.629777374462322737e-02	4.652558465788334680e-02	1.100883102231079852e-01
4.078240290111404192e+03	1.358828956605326321e-01	8.002983787410480887e-02	3.247299370091029647e-01	2.064189332238854646e-01	9.630348828077574252e-02	4.653000955167344715e-02	1.101048983984492108e-01
4.092753600752369493e+03	1.358282046408360588e-01	7.999472719539169052e-02	3.247731039439856748e-01	2.064393294414665347e-01	9.630914296162196298e-02	4.653425107499820079e-02	1.101212407402242244e-01
4.107266911393336159e+03	1.357746814032232130e-01	7.996037006439614403e-02	3.248155472942808042e-01	2.064590092971621271e-01	9.631473780291033293e-02	4.653831701751235533e-02	1.101373371190394052e-01
4.121780222034301914e+03	1.357222998550859649e-01	7.992674943367499008e-02	3.248572744615481622e-01	2.064780009305579866e-01	9.632027271179907646e-02	4.654221484784130947e-02	1.101531877580168295e-01
4.136293532675267670e+03	1.356710345448078336e-01	7.989384868861507116e-02	3.248982930542765879e-01	2.064963312781387395e-01	9.632574751348078890e-02	4.654595172406928577e-02	1.101687931951360055e-01
4.150806843316233426e+03	1.356208606426476670e-01	7.986165163336908512e-02	3.249386108645342941e-01	2.065140261301790514e-01	9.633116197381831614e-02	4.654953450441528390e-02	1.101841542495606008e-01
4.165320153957199182e+03	1.355717539224328694e-01	7.983014247749053993e-02	3.249782358462960374e-01	2.065311101843290142e-01	9.633651581850949386e-02	4.655296975797519610e-02	1.101992719914911129e-01
4.179833464598164937e+03	1.355236907440077465e-01	7.979930582321342891e-02	3.250171760953226574e-01	2.065476070961724253e-01	9.634180874923489735e-02	4.655626377543328753e-02	1.102141477151398208e-01
4.194346775239130693e+03	1.354766480363897296e-01	7.976912665332765162e-02	3.250554398304781323e-01	2.065635395270015717e-01	9.634704045718642251e-02	4.655942257966656089e-02	1.102287829144741882e-01
4.208860085880096449e+03	1.354306032815889016e-01	7.973959031960596577e-02	3.250930353763797354e-01	2.065789291890243184e-01	9.635221063432536370e-02	4.656245193618253897e-02	1.102431792614174400e-01
4.223373396521062205e+03	1.353855344990507470e-01	7.971068253174334872e-02	3.251299711472842580e-01	2.065937968881938758e-01	9.635731898267503592e-02	4.656535736334445341e-02	1.102573385862324895e-01
4.237886707162027960e+03	1.353414202306854885e-01	7.968238934677253360e-02	3.251662556321225361e-01	2.066081625648308329e-01	9.636236522191503340e-02	4.656814414234936028e-02	1.102712628598483818e-01
4.252400017802994626e+03	1.352982395264505089e-01	7.965469715892375957e-02	3.252018973805992919e-01	2.066220453321887807e-01	9.636734909551081252e-02	4.657081732693371667e-02	1.102849541779172549e-01
4.266913328443960381e+03	1.352559719304550767e-01	7.962759268989956507e-02	3.252369049902846254e-01	2.066354635130996931e-01	9.637227037558243614e-02	4.657338175278836340e-02	1.102984147464143444e-01
4.281426639084926137e+03	1.352145974675589835e-01	7.960106297953770116e-02	3.252712870946273260e-01	2.066484346748213852e-01	9.637712886669115575e-02	4.657584204667102046e-02	1.103116468686164836e-01
4.295939949725891893e+03	1.351740966304392222e-01	7.957509537683861434e-02	3.253050523518269954e-01	2.066609756621979599e-01	9.638192440869908229e-02	4.657820263520920379e-02	1.103246529333128945e-01
4.310453260366857648e+03	1.351344503671009223e-01	7.954967753133507236e-02	3.253382094345053654e-01	2.066731026292344398e-01	9.638665687883793409e-02	4.658046775339037826e-02	1.103374354041198879e-01
4.324966571007824314e+03	1.350956400688097525e-01	7.952479738478429594e-02	3.253707670201235191e-01	2.066848310691771495e-01	9.639132619310489258e-02	4.658264145273923601e-02	1.103499968097851613e-01
4.339479881648789160e+03	1.350576475584261971e-01	7.950044316316381976e-02	3.254027337820948329e-01	2.066961758431850038e-01	9.639593230708862204e-02	4.658472760918455635e-02	1.103623397353809821e-01
4.353993192289754006e+03	1.350204550791220814e-01	7.947660336895479016e-02	3.254341183815468441e-01	2.067071512076687489e-01	9.640047521631490979e-02	4.658672993061992867e-02	1.103744668142967594e-01
4.368506502930720671e+03	1.349840452834617233e-01	7.945326677369682344e-02	3.254649294596902998e-01	2.067177708403701020e-01	9.640495495618953137e-02	4.658865196416413917e-02	1.103863807209514158e-01
4.383019813571686427e+03	1.349484012228315821e-01	7.943042241080057464e-02	3.254951756307547517e-01	2.067280478652475384e-01	9.640937160160605035e-02	4.659049710312815340e-02	1.103980841641553912e-01
4.397533124212653092e+03	1.349135063372026710e-01	7.940805956860476356e-02	3.255248654754543947e-01	2.067379948762298747e-01	9.641372526627658979e-02	4.659226859369644536e-02	1.104095798810591778e-01
4.412046434853618848e+03	1.348793444452118240e-01	7.938616778366555660e-02	3.255540075349503959e-01	2.067476239598958210e-01	9.641801610183645121e-02	4.659396954133113167e-02	1.104208706316326949e-01
4.426559745494584604e+03	1.348458997345478028e-01	7.936473683426725767e-02	3.255826103052769094e-01	2.067569467171328779e-01	9.642224429676579667e-02	4.659560291690752198e-02	1.104319591936256534e-01
4.441073056135550360e+03	1.348131567526304198e-01	7.934375673414367780e-02	3.256106822322030747e-01	2.067659742838258152e-01	9.642641007516619678e-02	4.659717156259025883e-02	1.104428483579643766e-01
4.455586366776516115e+03	1.347811003975699917e-01	7.932321772640088531e-02	3.256382317065014131e-01	2.067747173506225278e-01	9.643051369542432472e-02	4.659867819745914380e-02	1.104535409245454985e-01
4.470099677417481871e+03	1.347497159093966890e-01	7.930311027763187193e-02	3.256652670595994170e-01	2.067831861818210659e-01	9.643455544879031560e-02	4.660012542289376780e-02	1.104640396983906925e-01
4.484612988058447627e+03	1.347189888615487885e-01	7.928342507221525226e-02	3.256917965595882425e-01	2.067913906334200025e-01	9.643853565789460569e-02	4.660151572772625039e-02	1.104743474861306363e-01
4.499126298699412473e+03	1.346889051526103664e-01	7.926415300678969766e-02	3.257178284075680774e-01	2.067993401703718259e-01	9.644245467522320758e-02	4.660285149317086595e-02	1.104844670927897510e-01
4.513639609340379138e+03	1.346594509982883270e-01	7.924528518489713791e-02	3.257433707343080354e-01	2.068070438830762192e-01	9.644631288156886584e-02	4.660413499753961186e-02	1.104944013188455532e-01
4.528152919981345804e+03	1.346306129236208571e-01	7.922681291178745866e-02	3.257684315972021460e-01	2.068145105031490016e-01	9.645011068447217895e-02	4.660536842075231612e-02	1.105041529575398335e-01
4.542666230622311559e+03	1.346023777554080092e-01	7.920872768937858854e-02	3.257930189775023466e-01	2.068217484184996235e-01	9.645384851666506665e-02	4.660655384864968720e-02	1.105137247924204702e-01
4.557179541263276406e+03	1.345747326148568901e-01	7.919102121136553651e-02	3.258171407778123752e-01	2.068287656877496605e-01	9.645752683452663012e-02	4.660769327711755672e-02	1.105231195950951567e-01
4.571692851904243071e+03	1.345476649104338507e-01	7.917368535847281452e-02	3.258408048198255247e-01	2.068355700540217001e-01	9.646114611655985660e-02	4.660878861603018342e-02	1.105323401231798341e-01
4.586206162545208826e+03	1.345211623309160720e-01	7.915671219384476376e-02	3.258640188422923800e-01	2.068421689581276535e-01	9.646470686189612120e-02	4.660984169302038321e-02	1.105413891184263558e-01
4.600719473186175492e+03	1.344952128386360801e-01	7.914009395856863582e-02	3.258867904992031606e-01	2.068485695511835532e-01	9.646820958883298158e-02	4.661085425708380581e-02	1.105502693050154500e-01
4.615232783827140338e+03	1.344698046629124455e-01	7.912382306732544668e-02	3.259091273581728454e-01	2.068547787066765398e-01	9.647165483340983116e-02	4.661182798202458122e-02	1.105589833880019496e-01
4.629746094468105184e+03	1.344449262936602829e-01	7.910789210416425965e-02	3.259310368990153695e-01	2.068608030320088775e-01	9.647504314802496372e-02	4.661276446974906701e-02	1.105675340519008676e-01
4.644259405109071849e+03	1.344205664751758067e-01	7.909229381839512352e-02	3.259525265124958437e-01	2.068666488795421199e-01	9.647837510009669992e-02	4.661366525341446160e-02	1.105759239594036325e-01
4.658772715750037605e+03	1.343967142000888348e-01	7.907702112059682154e-02	3.259736034992500864e-01	2.068723223571641567e-01	9.648165127077061587e-02	4.661453180043845235e-02	1.105841557502147271e-01
4.673286026391004270e+03	1.343733587034782184e-01	7.906206707873519868e-02	3.259942750688600843e-01	2.068778293384000433e-01	9.648487225367416431e-02	4.661536551537611567e-02	1.105922320399998632e-01
4.687799337031970026e+03	1.343504894571444508e-01	7.904742491438856988e-02	3.260145483390766707e-01	2.068831754720868721e-01	9.648803865371971544e-02	4.661616774266977292e-02	1.106001554194376152e-01
4.702312647672935782e+03	1.343280961640348214e-01	7.903308799907621252e-02	3.260344303351794815e-01	2.068883661916323669e-01	9.649115108595626711e-02	4.661693976927750588e-02	1.106079284533669910e-01
4.716825958313901538e+03	1.343061687528161463e-01	7.901904985068679277e-02	3.260539279894658082e-01	2.068934067238752395e-01	9.649421017447008808e-02	4.661768282718560530e-02	1.106155536800239730e-01
4.731339268954867293e+03	1.342846973725901338e-01	7.900530413000339536e-02	3.260730481408601888e-01	2.068983020975651566e-01	9.649721655133391973e-02	4.661839809581002497e-02	1.106230336103609380e-01
4.745852579595833049e+03	1.342636723877475013e-01	7.899184463732178418e-02	3.260917975346366293e-01	2.069030571514788863e-01	9.650017085560419483e-02	4.661908670429192048e-02	1.106303707274428477e-01
4.760365890236798805e+03	1.342430843729560674e-01	7.897866530915913230e-02	3.261101828222470189e-01	2.069076765421890007e-01	9.650307373236577391e-02	4.661974973369174824e-02	1.106375674859149810e-01
4.774879200877764561e+03	1.342229241082789903e-01	7.896576021505009868e-02	3.261282105612477444e-01	2.069121647515000939e-01	9.650592583182307505e-02	4.662038821908656705e-02	1.106446263115371947e-01
4.789392511518729407e+03	1.342031825744189333e-01	7.895312355442771213e-02	3.261458872153186750e-01	2.069165260935670325e-01	9.650872780843666732e-02	4.662100315157475389e-02	1.106515496007800109e-01
4.803905822159696982e+03	1.341838509480845765e-01	7.894074965358616192e-02	3.261632191543683557e-01	2.069207647217097268e-01	9.651148032010425926e-02	4.662159548019224886e-02	1.106583397204783797e-01
4.818419132800663647e+03	1.341649205974759229e-01	7.892863296272308038e-02	3.261802126547194702e-01	2.069248846349371340e-01	9.651418402738477786e-02	4.662216611374430525e-02	1.106649990075390111e-01
4.832932443441628493e+03	1.341463830778842348e-01	7.891676805305879172e-02	3.261968738993688555e-01	2.069288896841936509e-01	9.651683959276419200e-02	4.662271592255636671e-02	1.106715297686976240e-01
4.837770213655283442e+03	1.341282301274038802e-01	7.890514961403019556e-02	3.262132089783175704e-01	2.069327835783396907e-01	9.651944767996185892e-02	4.662324574014782563e-02	1.106779342803226734e-01
