3.338061447422145420e+02	4.660018355191263839e-01	2.888225205561850140e-01	1.072591016314492635e-01	6.243764631390390230e-02	3.682829188251212499e-02	1.297142699644799821e-02	2.567917710023839145e-02
3.386439149558698318e+02	4.638076537089927953e-01	2.878732021206058533e-01	1.086775522158536650e-01	6.330705821770953035e-02	3.720574802572387124e-02	1.305956507534663906e-02	2.606922063563074307e-02
3.434816851695251216e+02	4.616336821573617244e-01	2.869228661875763975e-01	1.100851926758317778e-01	6.417059095488025777e-02	3.757895735444583690e-02	1.314888618560285279e-02	2.645982448416434735e-02
3.483194553831804114e+02	4.594796070793365494e-01	2.859716843682250098e-01	1.114821231374450994e-01	6.502830367919402998e-02	3.794802415207585572e-02	1.323934638350065043e-02	2.685091120008600493e-02
3.531572255968357013e+02	4.573451216037657807e-01	2.850198230215292838e-01	1.128684428858872518e-01	6.588025450302496810e-02	3.831304925745775830e-02	1.333090301953942722e-02	2.724240570865881297e-02
3.579949958104909342e+02	4.552299256011935746e-01	2.840674433944230803e-01	1.142442503571900053e-01	6.672650052195391868e-02	3.867413018418210807e-02	1.342351469775856197e-02	2.763423524316196631e-02
3.628327660241463377e+02	4.531337255162383171e-01	2.831147017582619774e-01	1.156096431309494577e-01	6.756709783875601560e-02	3.903136123573658356e-02	1.351714123641543051e-02	2.802632928350541966e-02
3.676705362378016275e+02	4.510562342042819806e-01	2.821617495417405586e-01	1.169647179240203005e-01	6.840210158678081132e-02	3.938483361665039151e-02	1.361174362997052620e-02	2.841861949641873164e-02
3.725083064514568036e+02	4.489971707723592886e-01	2.812087334603539657e-01	1.183095705851280044e-01	6.923156595274060354e-02	3.973463553977204382e-02	1.370728401233501682e-02	2.881103967717440692e-02
3.773460766651120935e+02	4.469562604241372750e-01	2.802557956424933661e-01	1.196442960903510433e-01	7.005554419892182083e-02	4.008085232981523777e-02	1.380372562133759182e-02	2.920352569280703497e-02
3.821838468787673833e+02	4.449332343088781561e-01	2.793030737522620433e-01	1.209689885394270720e-01	7.087408868483419111e-02	4.042356652330251349e-02	1.390103276436895248e-02	2.959601542679044656e-02
3.870216170924226162e+02	4.429278293742828776e-01	2.783507011090970429e-01	1.222837411528395479e-01	7.168725088831186254e-02	4.076285796503217179e-02	1.399917078516372919e-02	2.998844872513617421e-02
3.918593873060780197e+02	4.409397882231134713e-01	2.773988068042795296e-01	1.235886462696423882e-01	7.249508142608038219e-02	4.109880390118936938e-02	1.409810603168101806e-02	3.038076734387718664e-02
3.966971575197332527e+02	4.389688589734968560e-01	2.764475158144141798e-01	1.248837953459827899e-01	7.329763007380332707e-02	4.143147906921816614e-02	1.419780582504605315e-02	3.077291489790205670e-02
4.015349277333884856e+02	4.370147951228135486e-01	2.754969491119554914e-01	1.261692789542835924e-01	7.409494578562139666e-02	4.176095578456730240e-02	1.429823842951682793e-02	3.116483681110530229e-02
4.063726979470438323e+02	4.350773554150786926e-01	2.745472237728588949e-01	1.274451867830487251e-01	7.488707671319727588e-02	4.208730402441837604e-02	1.439937302344073550e-02	3.155648026782070792e-02
4.112104681606991221e+02	4.331563037117247550e-01	2.735984530814295490e-01	1.287116076372563922e-01	7.567407022427863339e-02	4.241059150850150922e-02	1.450117967116752379e-02	3.194779416550514589e-02
4.160482383743544119e+02	4.312514088656967948e-01	2.726507466324420981e-01	1.299686294393062602e-01	7.645597292079134299e-02	4.273088377709982622e-02	1.460362929588595628e-02	3.233872906864124902e-02
4.208860085880095880e+02	4.293624445987750948e-01	2.717042104306024997e-01	1.312163392304891985e-01	7.723283065647534862e-02	4.304824426634047685e-02	1.470669365335279880e-02	3.272923716382809822e-02
4.257237788016648778e+02	4.274891893820410016e-01	2.707589469874193688e-01	1.324548231729484049e-01	7.800468855407437230e-02	4.336273438086678950e-02	1.481034530648373156e-02	3.311927221602985194e-02
4.305615490153201677e+02	4.256314263194040381e-01	2.698150554155535619e-01	1.336841665521025513e-01	7.877159102209091435e-02	4.367441356398246016e-02	1.491455760077692143e-02	3.350878952595297972e-02
4.353993192289755143e+02	4.237889430341117425e-01	2.688726315207098927e-01	1.349044537795036358e-01	7.953358177111788385e-02	4.398333936535590849e-02	1.501930464054093174e-02	3.389774588852344228e-02
4.402370894426308041e+02	4.219615315581637383e-01	2.679317678911350420e-01	1.361157683961020937e-01	8.029070382975726783e-02	4.428956750636960094e-02	1.512456126589967198e-02	3.428609955243603485e-02
4.450748596562860939e+02	4.201489882245553198e-01	2.669925539847843865e-01	1.373181930758941849e-01	8.104299956013666373e-02	4.459315194319627557e-02	1.523030303054800742e-02	3.467381018074866539e-02
4.499126298699413837e+02	4.183511135622772215e-01	2.660550762142165904e-01	1.385118096299271240e-01	8.179051067303373668e-02	4.489414492768123432e-02	1.533650618023256300e-02	3.506083881249500572e-02
4.547504000835967304e+02	4.165677121939998506e-01	2.651194180292763547e-01	1.396966990106388584e-01	8.253327824261870449e-02	4.519259706610687793e-02	1.544314763193313164e-02	3.544714782528973068e-02
4.595881702972519065e+02	4.147985927363723180e-01	2.641856599976210029e-01	1.408729413165101807e-01	8.327134272082456490e-02	4.548855737591332021e-02	1.555020495372096134e-02	3.583270089890115001e-02
4.644259405109071963e+02	4.130435677028687635e-01	2.632538798831481341e-01	1.420406157970083572e-01	8.400474395135457129e-02	4.578207334044613608e-02	1.565765634527097050e-02	3.621746297976660006e-02
4.692637107245624861e+02	4.113024534091154760e-01	2.623241527223778014e-01	1.431998008578017068e-01	8.473352118333615790e-02	4.607319096179983420e-02	1.576548061900580333e-02	3.660140024642674628e-02
4.741014809382177759e+02	4.095750698806353562e-01	2.613965508988422837e-01	1.443505740662264503e-01	8.545771308463046001e-02	4.636195481182332073e-02	1.587365718185030847e-02	3.698448007585531522e-02
4.789392511518730657e+02	4.078612407629461645e-01	2.604711442155351331e-01	1.454930121569871504e-01	8.617735775480613036e-02	4.664840808135136546e-02	1.598216601757584607e-02	3.736667101066163538e-02
4.837770213655284124e+02	4.061607932339519889e-01	2.595479999654700110e-01	1.466271910380735899e-01	8.689249273778607008e-02	4.693259262772369461e-02	1.609098766971447242e-02	3.774794272714363658e-02
4.886147915791837022e+02	4.044735579185688712e-01	2.586271830003971650e-01	1.477531857968771289e-01	8.760315503417540062e-02	4.721454902065132936e-02	1.620010322502378822e-02	3.812826600416979045e-02
4.934525617928388783e+02	4.027993688055260812e-01	2.577087557977268961e-01	1.488710707064912764e-01	8.830938111327889251e-02	4.749431658648766569e-02	1.630949429748384735e-02	3.850761269286882837e-02
4.982903320064942250e+02	4.011380631662873064e-01	2.567927785257047568e-01	1.499809192321809870e-01	8.901120692481573338e-02	4.777193345095976512e-02	1.641914301280822733e-02	3.888595568710671857e-02
5.031281022201495148e+02	3.994894814760366342e-01	2.558793091068847225e-01	1.510828040380067516e-01	8.970866791033935139e-02	4.804743658041346621e-02	1.652903199345188631e-02	3.926326889473078646e-02
5.079658724338048046e+02	3.978534673366754815e-01	2.549684032799441891e-01	1.521767969935894360e-01	9.040179901436996845e-02	4.832086182162394217e-02	1.663914434409915349e-02	3.963952720956150089e-02
5.128036426474600376e+02	3.962298674017796785e-01	2.540601146598834292e-01	1.532629691810033778e-01	9.109063469524709966e-02	4.859224394022171323e-02	1.674946363761563306e-02	4.001470648411279557e-02
5.176414128611153274e+02	3.946185313034644149e-01	2.531544947966515857e-01	1.543413909017854468e-01	9.177520893570921545e-02	4.886161665778217950e-02	1.685997390144848215e-02	4.038878350302246151e-02
5.224791830747705035e+02	3.930193115811091431e-01	2.522515932322398902e-01	1.554121316840476330e-01	9.245555525320758861e-02	4.912901268762522033e-02	1.697065960445994642e-02	4.076173595717437481e-02
5.273169532884259070e+02	3.914320636118929220e-01	2.513514575562818543e-01	1.564752602896835043e-01	9.313170670996114009e-02	4.939446376936972027e-02	1.708150564417968559e-02	4.113354241849501158e-02
5.321547235020811968e+02	3.898566455430952926e-01	2.504541334601983471e-01	1.575308447216564045e-01	9.380369592275876467e-02	4.965800070228634788e-02	1.719249733446178569e-02	4.150418231540694419e-02
5.369924937157364866e+02	3.882929182261148915e-01	2.495596647899265275e-01	1.585789522313607869e-01	9.447155507251585316e-02	4.991965337749032505e-02	1.730362039353290290e-02	4.187363590892264481e-02
5.418302639293917764e+02	3.867407451521630568e-01	2.486680935972681028e-01	1.596196493260462479e-01	9.513531591359115913e-02	5.017945080901466820e-02	1.741486093241848693e-02	4.224188426936215796e-02
5.466680341430470662e+02	3.851999923895885192e-01	2.477794601898933857e-01	1.606530017762959894e-01	9.579500978287015800e-02	5.043742116380268981e-02	1.752620544373436479e-02	4.260890925367878668e-02
5.515058043567023560e+02	3.836705285227909878e-01	2.468938031800353150e-01	1.616790746235505227e-01	9.645066760862092137e-02	5.069359179065747317e-02	1.763764079083156300e-02	4.297469348337715211e-02
5.563435745703576458e+02	3.821522245926826655e-01	2.460111595319079136e-01	1.626979321876693696e-01	9.710231991912836313e-02	5.094798924818456920e-02	1.774915419728247817e-02	4.333922032300856902e-02
5.611813447840129356e+02	3.806449540386581121e-01	2.451315646078819910e-01	1.637096380745223789e-01	9.774999685111245007e-02	5.120063933176291493e-02	1.786073323669708918e-02	4.370247385922892275e-02
5.660191149976681118e+02	3.791485926420330999e-01	2.442550522134500079e-01	1.647142551836041080e-01	9.839372815793612226e-02	5.145156709957778018e-02	1.797236582285813289e-02	4.406443888040468410e-02
5.708568852113234016e+02	3.776630184709140470e-01	2.433816546410117743e-01	1.657118457156639413e-01	9.903354321760803047e-02	5.170079689774841752e-02	1.808404020016470340e-02	4.442510085675303866e-02
5.756946554249786914e+02	3.761881118264627788e-01	2.425114027125114258e-01	1.667024711803460069e-01	9.966947104058559992e-02	5.194835238458185567e-02	1.819574493437391832e-02	4.478444592100238458e-02
5.805324256386339812e+02	3.747237551905188702e-01	2.416443258209553246e-01	1.676861924038323404e-01	1.003015402773834164e-01	5.219425655398322178e-02	1.830746890363083371e-02	4.514246084956000105e-02
5.853701958522892710e+02	3.732698331745453735e-01	2.407804519708398316e-01	1.686630695364840227e-01	1.009297792259920973e-01	5.243853175805203437e-02	1.841920128977698329e-02	4.549913304417375209e-02
5.902079660659445608e+02	3.718262324698636823e-01	2.399198078175173166e-01	1.696331620604746293e-01	1.015542158391121996e-01	5.268119972889267338e-02	1.853093156992830295e-02	4.585445051407529421e-02
5.950457362795999643e+02	3.703928417991447231e-01	2.390624187055277183e-01	1.705965287974111622e-01	1.021748777312083134e-01	5.292228159966638756e-02	1.864264950831353782e-02	4.620840185859232535e-02
5.998835064932552541e+02	3.689695518691230580e-01	2.382083087059225779e-01	1.715532279159372175e-01	1.027917921853876565e-01	5.316179792491126238e-02	1.875434514836446520e-02	4.656097625021798914e-02
6.047212767069104302e+02	3.675562553245034225e-01	2.373575006526075781e-01	1.725033169393146160e-01	1.034049861601077924e-01	5.339976870015562815e-02	1.886600880504965203e-02	4.691216341812552704e-02
6.095590469205657200e+02	3.661528467030285561e-01	2.365100161777289323e-01	1.734468527529787751e-01	1.040144862957179395e-01	5.363621338084938878e-02	1.897763105744369044e-02	4.726195363211693062e-02
6.143968171342210098e+02	3.647592223916783505e-01	2.356658757461285170e-01	1.743838916120639682e-01	1.046203189208379791e-01	5.387115090063708533e-02	1.908920274152409516e-02	4.761033768699431123e-02
6.192345873478761860e+02	3.633752805839710609e-01	2.348250986888915370e-01	1.753144891488949697e-01	1.052225100585794382e-01	5.410459968899560684e-02	1.920071494318843081e-02	4.795730688734321789e-02
6.240723575615315895e+02	3.620009212383391572e-01	2.339877032360109244e-01	1.762387003804413432e-01	1.058210854326125938e-01	5.433657768825859297e-02	1.931215899148437318e-02	4.830285303271730779e-02
6.289101277751868793e+02	3.606360460375503396e-01	2.331537065481903426e-01	1.771565797157315658e-01	1.064160704730834905e-01	5.456710237004885888e-02	1.942352645204568559e-02	4.864696840321403037e-02
6.337478979888421691e+02	3.592805583491488486e-01	2.323231247478090844e-01	1.780681809632233548e-01	1.070074903223847684e-01	5.479619075113952020e-02	1.953480912072740744e-02	4.898964574543127753e-02
6.385856682024975726e+02	3.579343631868894815e-01	2.314959729490697615e-01	1.789735573381281974e-01	1.075953698407842718e-01	5.502385940876362153e-02	1.964599901743368029e-02	4.933087825879523686e-02
6.434234384161527487e+02	3.565973671731390571e-01	2.306722652873506585e-01	1.798727614696866706e-01	1.081797336119146580e-01	5.525012449539145470e-02	1.975708838013186600e-02	4.967065958224983063e-02
6.482612086298080385e+02	3.552694785022207924e-01	2.298520149477827901e-01	1.807658454083929112e-01	1.087606059481281001e-01	5.547500175299414221e-02	1.986806965904694758e-02	5.000898378129856048e-02
6.530989788434633283e+02	3.539506069046771675e-01	2.290352341930717850e-01	1.816528606331650475e-01	1.093380108957192065e-01	5.569850652681129777e-02	1.997893551103023871e-02	5.034584533538950107e-02
6.579367490571185044e+02	3.526406636124273519e-01	2.282219343905849407e-01	1.825338580584607295e-01	1.099119722400196397e-01	5.592065377864004899e-02	2.008967879409674986e-02	5.068123912563482492e-02
6.627745192707737942e+02	3.513395613247966565e-01	2.274121260387212129e-01	1.834088880413348444e-01	1.104825135103677664e-01	5.614145809966209627e-02	2.020029256212572608e-02	5.101516042285603181e-02
6.676122894844290840e+02	3.500472141753956379e-01	2.266058187925837630e-01	1.842780003884379736e-01	1.110496579849565291e-01	5.636093372282482278e-02	2.031077005971900634e-02	5.134760487594664663e-02
6.724500596980843738e+02	3.487635376998265424e-01	2.258030214889726051e-01	1.851412443629542603e-01	1.116134286955627608e-01	5.657909453479204043e-02	2.042110471721210463e-02	5.167856850054411422e-02
6.772878299117396637e+02	3.474884488041961594e-01	2.250037421707153373e-01	1.859986686914769094e-01	1.121738484321607443e-01	5.679595408747928342e-02	2.053129014583304768e-02	5.200804766800298101e-02
6.821256001253949535e+02	3.462218657344145467e-01	2.242079881103525574e-01	1.868503215708202103e-01	1.127309397474234032e-01	5.701152560918816559e-02	2.064132013300416790e-02	5.233603909466151560e-02
6.869633703390502433e+02	3.449637080462590877e-01	2.234157658331952789e-01	1.876962506747664183e-01	1.132847249611135532e-01	5.722582201535370006e-02	2.075118863778225090e-02	5.266253983139426026e-02
6.918011405527055331e+02	3.437138965761846188e-01	2.226270811397704497e-01	1.885365031607473263e-01	1.138352261643684887e-01	5.743885591891808445e-02	2.086088978643253766e-02	5.298754725344310273e-02
6.966389107663608229e+02	3.424723534128600866e-01	2.218419391276700570e-01	1.893711256764583628e-01	1.143824652238802364e-01	5.765063964034391336e-02	2.097041786813227601e-02	5.331105905051971433e-02
7.014766809800161127e+02	3.412390018694133609e-01	2.210603442128197815e-01	1.902001643664054664e-01	1.149264637859745836e-01	5.786118521727945385e-02	2.107976733079965082e-02	5.363307321717226267e-02
7.063144511936714025e+02	3.400137664563662732e-01	2.202823001501822142e-01	1.910236648783832369e-01	1.154672432805910892e-01	5.807050441388798140e-02	2.118893277704405817e-02	5.395358804340967540e-02
7.111522214073266923e+02	3.387965728552415068e-01	2.195078100539087362e-01	1.918416723698839477e-01	1.160048249251669217e-01	5.827860872985293761e-02	2.129790896023381341e-02	5.427260210557668940e-02
7.159899916209819821e+02	3.375873478928246851e-01	2.187368764169550783e-01	1.926542315144369466e-01	1.165392297284268408e-01	5.848550940907013690e-02	2.140669078067753209e-02	5.459011425747332252e-02
7.208277618346371582e+02	3.363860195160648936e-01	2.179695011301741592e-01	1.934613865078778361e-01	1.170704784940817950e-01	5.869121744803800639e-02	2.151527328191557564e-02	5.490612362171230776e-02
7.256655320482924481e+02	3.351925167675968709e-01	2.172056855008995535e-01	1.942631810745469312e-01	1.175985918244385059e-01	5.889574360395630898e-02	2.162365164711798834e-02	5.522062958130843913e-02
7.305033022619478515e+02	3.340067697618692710e-01	2.164454302710332456e-01	1.950596584734169969e-01	1.181235901239223035e-01	5.909909840254345958e-02	2.173182119558559472e-02	5.553363177149378549e-02
7.353410724756030277e+02	3.328287096618634533e-01	2.156887356346500750e-01	1.958508615041495982e-01	1.186454936025154172e-01	5.930129214558229472e-02	2.183977737935090258e-02	5.584513007175293670e-02
7.401788426892584312e+02	3.316582686563875337e-01	2.149356012551318917e-01	1.966368325130802841e-01	1.191643222791130274e-01	5.950233491820376003e-02	2.194751577987568217e-02	5.615512459807250889e-02
7.450166129029136073e+02	3.304953799379312107e-01	2.141860262818431615e-01	1.974176133991321358e-01	1.196800959847989509e-01	5.970223659591755022e-02	2.205503210484216839e-02	5.646361569539951053e-02
7.498543831165690108e+02	3.293399776810668200e-01	2.134400093663602338e-01	1.981932456196578984e-01	1.201928343660433607e-01	5.990100685139861103e-02	2.216232218503487103e-02	5.677060393030296942e-02
7.546921533302243006e+02	3.281919970213825200e-01	2.126975486782657632e-01	1.989637701962104765e-01	1.207025568878242194e-01	6.009865516103794769e-02	2.226938197131016206e-02	5.707609008383371374e-02
7.595299235438793630e+02	3.270513740349345611e-01	2.119586419205196082e-01	1.997292277202421251e-01	1.212092828366746478e-01	6.029519081126596264e-02	2.237620753165087475e-02	5.738007514457704045e-02
7.643676937575347665e+02	3.259180457182048740e-01	2.112232863444170605e-01	2.004896583587321424e-01	1.217130313236579886e-01	6.049062290465623271e-02	2.248279504830321546e-02	5.768256030189334443e-02
7.692054639711900563e+02	3.247919499685511524e-01	2.104914787641453955e-01	2.012451018597433972e-01	1.222138212872724145e-01	6.068496036581737946e-02	2.258914081499341364e-02	5.798354693934176796e-02
7.740432341848452324e+02	3.236730255651368848e-01	2.097632155709488744e-01	2.019955975579079410e-01	1.227116714962870336e-01	6.087821194708042255e-02	2.269524123422161921e-02	5.828303662828218656e-02
7.788810043985006359e+02	3.225612121503292906e-01	2.090384927469127463e-01	2.027411843798416768e-01	1.232066005525111613e-01	6.107038623398872157e-02	2.280109281463060800e-02	5.858103112165084780e-02
7.837187746121558121e+02	3.214564502115528355e-01	2.083173058783755194e-01	2.034819008494888337e-01	1.236986268934983646e-01	6.126149165059741053e-02	2.290669216844697445e-02	5.887753234790511075e-02
7.885565448258112156e+02	3.203586810635871140e-01	2.075996501689800766e-01	2.042177850933961647e-01	1.241877687951872672e-01	6.145153646458886149e-02	2.301203600899253895e-02	5.917254240513299818e-02
7.933943150394665054e+02	3.192678468312973306e-01	2.068855204523721292e-01	2.049488748459173670e-01	1.246740443744804305e-01	6.164052879221079001e-02	2.311712114826381878e-02	5.946606355532316202e-02
7.982320852531219089e+02	3.181838904327866646e-01	2.061749112045557497e-01	2.056752074543481412e-01	1.251574715917630198e-01	6.182847660304292142e-02	2.322194449457740117e-02	5.975809821879116135e-02
8.030698554667769713e+02	3.171067555629596413e-01	2.054678165559146175e-01	2.063968198839924162e-01	1.256380682533628501e-01	6.201538772459842808e-02	2.332650305027920284e-02	6.004864896875794500e-02
8.079076256804323748e+02	3.160363866774862363e-01	2.047642303029078847e-01	2.071137487231597407e-01	1.261158520139532835e-01	6.220126984676571658e-02	2.343079390951567642e-02	6.033771852607661135e-02
8.127453958940876646e+02	3.149727289771558914e-01	2.040641459194489638e-01	2.078260301880950900e-01	1.265908403789005043e-01	6.238613052609625481e-02	2.353481425606498631e-02	6.062530975410348327e-02
8.175831661077428407e+02	3.139157283926126141e-01	2.033675565679755604e-01	2.085337001278408098e-01	1.270630507065563519e-01	6.256997718994371238e-02	2.363856136122635676e-02	6.091142565370985529e-02
8.224209363213982442e+02	3.128653315694600034e-01	2.026744551102188097e-01	2.092367940290318085e-01	1.275325002104984728e-01	6.275281714045964632e-02	2.374203258176580886e-02	6.119606935843071444e-02
8.272587065350534203e+02	3.118214858537283751e-01	2.019848341176798956e-01	2.099353470206239969e-01	1.279992059617189870e-01	6.293465755845073506e-02	2.384522535791653089e-02	6.147924412974680591e-02
8.320964767487085965e+02	3.107841392776933831e-01	2.012986858818208435e-01	2.106293938785572528e-01	1.284631848907628049e-01	6.311550550710230689e-02	2.394813721143223759e-02	6.176095335249656010e-02
8.369342469623640000e+02	3.097532405460379779e-01	2.006160024239780071e-01	2.113189690303526880e-01	1.289244537898172616e-01	6.329536793557298535e-02	2.405076574369190492e-02	6.204120053041460581e-02
8.417720171760191761e+02	3.087287390223489303e-01	1.999367755050046047e-01	2.120041065596455221e-01	1.293830293147539001e-01	6.347425168246477456e-02	2.415310863385431925e-02	6.231998928179342118e-02
8.466097873896745796e+02	3.077105847159390950e-01	1.992609966346497452e-01	2.126848402106536473e-01	1.298389279871240976e-01	6.365216347917300455e-02	2.425516363706091069e-02	6.259732333526496495e-02
8.514475576033297557e+02	3.066987282689873084e-01	1.985886570806808527e-01	2.133612033925829932e-01	1.302921661961092825e-01	6.382910995312035540e-02	2.435692858268544148e-02	6.287320652569919344e-02
8.562853278169851592e+02	3.056931209439880948e-01	1.979197478777560970e-01	2.140332291839697199e-01	1.307427602004271883e-01	6.400509763087894322e-02	2.445840137262912314e-02	6.314764279021629900e-02
8.611230980306403353e+02	3.046937146115026862e-01	1.972542598360531863e-01	2.147009503369606276e-01	1.311907261301951122e-01	6.418013294118438128e-02	2.455957997965979925e-02	6.342063616430974882e-02
8.659608682442956251e+02	3.037004617382045302e-01	1.965921835496612369e-01	2.153643992815316432e-01	1.316360799887512922e-01	6.435422221784560526e-02	2.466046244579386815e-02	6.369219077807730667e-02
8.707986384579510286e+02	3.027133153752112338e-01	1.959335094047415238e-01	2.160236081296460775e-01	1.320788376544358433e-01	6.452737170255412602e-02	2.476104688071968651e-02	6.396231085255703330e-02
8.756364086716062047e+02	3.017322291466955630e-01	1.952782275874634654e-01	2.166786086793519583e-01	1.325190148823315317e-01	6.469958754759613795e-02	2.486133146026118720e-02	6.423100069616564933e-02
8.804741788852616082e+02	3.007571572387692793e-01	1.946263280917214511e-01	2.173294324188205784e-01	1.329566273059661907e-01	6.487087581847096607e-02	2.496131442488054228e-02	6.449826470123652677e-02
8.853119490989170117e+02	2.997880543886315974e-01	1.939778007266384774e-01	2.179761105303257562e-01	1.333916904389773062e-01	6.504124249641901612e-02	2.506099407821871239e-02	6.476410734065468633e-02
8.901497193125721878e+02	2.988248758739771582e-01	1.933326351238618401e-01	2.186186738941653107e-01	1.338242196767397973e-01	6.521069348086241946e-02	2.516036878567274801e-02	6.502853316458627464e-02
8.949874895262273640e+02	2.978675775026551897e-01	1.926908207446567933e-01	2.192571530925250256e-01	1.342542302979581603e-01	6.537923459176162022e-02	2.525943697300878088e-02	6.529154679730002353e-02
8.998252597398827675e+02	2.969161156025750259e-01	1.920523468868027550e-01	2.198915784132859097e-01	1.346817374662235833e-01	6.554687157189043045e-02	2.535819712500961970e-02	6.555315293407830424e-02
9.046630299535379436e+02	2.959704470118508790e-01	1.914172026912981661e-01	2.205219798537754461e-01	1.351067562315370896e-01	6.571361008903271739e-02	2.545664778415599946e-02	6.581335633821536191e-02
9.095008001671932334e+02	2.950305290691799254e-01	1.907853771488779715e-01	2.211483871244637467e-01	1.355293015317997340e-01	6.587945573810345679e-02	2.555478754934044014e-02	6.607216183810048216e-02
9.143385703808486369e+02	2.940963196044480976e-01	1.901568591063494962e-01	2.217708296526047507e-01	1.359493881942701321e-01	6.604441404319660869e-02	2.565261507461280913e-02	6.632957432438386924e-02
9.191763405945038130e+02	2.931677769295578662e-01	1.895316372727509635e-01	2.223893365858238824e-01	1.363670309369909850e-01	6.620849045956245238e-02	2.575012906795663692e-02	6.658559874722300154e-02
9.240141108081592165e+02	2.922448598294717925e-01	1.889097002253373736e-01	2.230039367956524743e-01	1.367822443701845747e-01	6.637169037551698958e-02	2.584732829009532898e-02	6.684024011360732709e-02
9.288518810218145063e+02	2.913275275534669695e-01	1.882910364153984606e-01	2.236146588810095648e-01	1.371950429976186714e-01	6.653401911428548365e-02	2.594421155332737872e-02	6.709350348475941195e-02
9.336896512354697961e+02	2.904157398065949081e-01	1.876756341739130307e-01	2.242215311716320714e-01	1.376054412179431308e-01	6.669548193578278550e-02	2.604077772038978708e-02	6.734539397361022361e-02
9.385274214491247449e+02	2.895094567413420417e-01	1.870634817170437336e-01	2.248245817314539485e-01	1.380134533259981811e-01	6.685608403833237512e-02	2.613702570334883180e-02	6.759591674234687042e-02
9.433651916627801484e+02	2.886086389494845195e-01	1.864545671514769021e-01	2.254238383619348585e-01	1.384190935140950651e-01	6.701583056032642260e-02	2.623295446251747501e-02	6.784507700003074293e-02
9.482029618764355519e+02	2.877132474541344020e-01	1.858488784796110682e-01	2.260193286053391870e-01	1.388223758732698154e-01	6.717472658182882528e-02	2.632856300539858016e-02	6.809288000028421162e-02
9.530407320900908417e+02	2.868232437019701542e-01	1.852464036045985418e-01	2.266110797479662098e-01	1.392233143945105223e-01	6.733277712612333044e-02	2.642385038565324418e-02	6.833933103904407669e-02
9.578785023037459041e+02	2.859385895556491586e-01	1.846471303352435755e-01	2.271991188233319636e-01	1.396219229699593722e-01	6.748998716120850616e-02	2.651881570209355804e-02	6.858443545238000760e-02
9.627162725174014213e+02	2.850592472863955340e-01	1.840510463907610306e-01	2.277834726153033507e-01	1.400182153940893182e-01	6.764636160124166964e-02	2.661345809769906021e-02	6.882819861437626530e-02
9.675540427310568248e+02	2.841851795667602598e-01	1.834581394053991232e-01	2.283641676611855020e-01	1.404122053648568513e-01	6.780190530793321624e-02	2.670777675865624104e-02	6.907062593507501402e-02
9.723918129447120009e+02	2.833163494635490554e-01	1.828683969329301384e-01	2.289412302547629285e-01	1.408039064848307376e-01	6.795662309189340333e-02	2.680177091342047721e-02	6.931172285847955750e-02
9.772295831583674044e+02	2.824527204309127959e-01	1.822818064510120517e-01	2.295146864492949024e-01	1.411933322622978548e-01	6.811051971393305982e-02	2.689543983179974035e-02	6.955149486061593112e-02
9.820673533720223531e+02	2.815942563035979118e-01	1.816983553654249461e-01	2.300845620604663189e-01	1.415804961123464101e-01	6.826359988631988673e-02	2.698878282405947973e-02	6.978994744765143476e-02
9.869051235856777566e+02	2.807409212903517748e-01	1.811180310141851102e-01	2.306508826692939551e-01	1.419654113579272847e-01	6.841586827399195880e-02	2.708179924004812042e-02	7.002708615406827430e-02
9.917428937993331601e+02	2.798926799674791299e-01	1.805408206715405639e-01	2.312136736249893743e-01	1.423480912308939250e-01	6.856732949572978686e-02	2.717448846834257664e-02	7.026291654089115990e-02
9.965806640129884499e+02	2.790494972725467426e-01	1.799667115518504279e-01	2.317729600477788365e-01	1.427285488730214158e-01	6.871798812528857880e-02	2.726684993541328428e-02	7.049744419396733464e-02
1.001418434226643626e+03	2.782113384982309867e-01	1.793956908133518824e-01	2.323287668316809662e-01	1.431067973370051538e-01	6.886784869249196195e-02	2.735888310480813490e-02	7.073067472229752073e-02
1.006256204440298802e+03	2.773781692863065418e-01	1.788277455618173528e-01	2.328811186472428407e-01	1.434828495874399812e-01	6.901691568428848511e-02	2.745058747635488808e-02	7.096261375641656211e-02
1.011093974653954206e+03	2.765499556217713706e-01	1.782628628541046145e-01	2.334300399442349738e-01	1.438567185017795014e-01	6.916519354577234380e-02	2.754196258538150685e-02	7.119326694682240331e-02
1.015931744867609382e+03	2.757266638271050896e-01	1.777010297016032303e-01	2.339755549543060253e-01	1.442284168712769654e-01	6.931268668116948029e-02	2.763300800195395146e-02	7.142263996245200308e-02
1.020769515081264785e+03	2.749082605566574578e-01	1.771422330735794026e-01	2.345176876935976540e-01	1.445979574019077563e-01	6.945939945479033539e-02	2.772372333013096990e-02	7.165073848920321120e-02
1.025607285294920075e+03	2.740947127911634862e-01	1.765864599004224877e-01	2.350564619653203735e-01	1.449653527152738042e-01	6.960533619195026500e-02	2.781410820723540650e-02	7.187756822850101257e-02
1.030445055508575479e+03	2.732859878323821157e-01	1.760336970767952813e-01	2.355919013622908287e-01	1.453306153494906827e-01	6.975050117985903686e-02	2.790416230314161569e-02	7.210313489590723657e-02
1.035282825722230655e+03	2.724820532978557419e-01	1.754839314646910731e-01	2.361240292694311016e-01	1.456937577600576073e-01	6.989489866848021260e-02	2.799388531957853685e-02	7.232744421977249649e-02
1.040120595935886058e+03	2.716828771157868139e-01	1.749371498963996907e-01	2.366528688662306867e-01	1.460547923207109189e-01	7.003853287136163619e-02	2.808327698944804163e-02	7.255050193992906848e-02
1.044958366149541234e+03	2.708884275200291181e-01	1.743933391773846986e-01	2.371784431291718287e-01	1.464137313242613592e-01	7.018140796643798640e-02	2.817233707615810975e-02	7.277231380642383562e-02
1.049796136363196410e+03	2.700986730451910844e-01	1.738524860890748036e-01	2.377007748341185556e-01	1.467705869834155796e-01	7.032352809680632311e-02	2.826106537297048971e-02	7.299288557829017310e-02
1.054633906576851814e+03	2.693135825218477275e-01	1.733145773915711341e-01	2.382198865586702963e-01	1.471253714315821637e-01	7.046489737147575150e-02	2.834946170236242804e-02	7.321222302235753931e-02
1.059471676790506763e+03	2.685331250718590579e-01	1.727795998262727228e-01	2.387358006844802205e-01	1.474780967236629103e-01	7.060551986609191200e-02	2.843752591540214814e-02	7.343033191209805133e-02
1.064309447004162394e+03	2.677572701037920222e-01	1.722475401184226929e-01	2.392485393995393839e-01	1.478287748368292409e-01	7.074539962363728118e-02	2.852525789113767932e-02	7.364721802650880944e-02
1.069147217217817570e+03	2.669859873084433621e-01	1.717183849795767825e-01	2.397581247004267335e-01	1.481774176712843671e-01	7.088454065510808866e-02	2.861265753599872078e-02	7.386288714902912445e-02
1.073984987431472746e+03	2.662192466544611169e-01	1.711921211099967921e-01	2.402645783945259461e-01	1.485240370510116925e-01	7.102294694016877963e-02	2.869972478321120013e-02	7.407734506649168993e-02
1.078822757645127922e+03	2.654570183840624931e-01	1.706687352009703396e-01	2.407679221022092086e-01	1.488686447245096689e-01	7.116062242778459224e-02	2.878645959222417977e-02	7.429059756810678372e-02
1.083660527858783553e+03	2.646992730088450485e-01	1.701482139370596447e-01	2.412681772589889140e-01	1.492112523655129974e-01	7.129757103683334596e-02	2.887286194814886117e-02	7.450265044447855478e-02
1.088498298072438729e+03	2.639459813056894144e-01	1.696305439982803975e-01	2.417653651176373819e-01	1.495518715737015891e-01	7.143379665669674639e-02	2.895893186120929857e-02	7.471350948665263225e-02
1.093336068286093905e+03	2.631971143127512236e-01	1.691157120622132637e-01	2.422595067502754940e-01	1.498905138753964250e-01	7.156930314783238600e-02	2.904466936620459655e-02	7.492318048519412688e-02
1.098173838499749309e+03	2.624526433255400248e-01	1.686037048060494981e-01	2.427506230504304363e-01	1.502271907242433147e-01	7.170409434232680179e-02	2.913007452198227223e-02	7.513166922929516434e-02
1.103011608713404712e+03	2.617125398930830737e-01	1.680945089085724709e-01	2.432387347350632723e-01	1.505619135018846644e-01	7.183817404443026966e-02	2.921514741092250816e-02	7.533898150591131215e-02
1.107849378927059888e+03	2.609767758141713911e-01	1.675881110520767714e-01	2.437238623465666221e-01	1.508946935186195881e-01	7.197154603107423776e-02	2.929988813843302509e-02	7.554512309892592870e-02
1.112687149140715292e+03	2.602453231336870898e-01	1.670844979242268047e-01	2.442060262547332827e-01	1.512255420140525830e-01	7.210421405237169012e-02	2.938429683245432494e-02	7.575009978834180979e-02
1.117524919354370468e+03	2.595181541390090829e-01	1.665836562198561022e-01	2.446852466586957875e-01	1.515544701577310749e-01	7.223618183210123167e-02	2.946837364297503689e-02	7.595391734949927254e-02
1.122362689568025871e+03	2.587952413564954535e-01	1.660855726427093448e-01	2.451615435888379324e-01	1.518814890497721670e-01	7.236745306817542189e-02	2.955211874155712695e-02	7.615658155232012116e-02
1.127200459781681047e+03	2.580765575480411522e-01	1.655902339071283480e-01	2.456349369086781032e-01	1.522066097214787583e-01	7.249803143309391240e-02	2.963553232087072498e-02	7.635809816057660682e-02
1.132038229995336451e+03	2.573620757077080268e-01	1.650976267396836172e-01	2.461054463167255679e-01	1.525298431359452811e-01	7.262792057438190174e-02	2.971861459423835033e-02	7.655847293118482610e-02
1.136876000208991627e+03	2.566517690584270150e-01	1.646077378807530300e-01	2.465730913483094866e-01	1.528512001886534744e-01	7.275712411501447652e-02	2.980136579518827961e-02	7.675771161352179517e-02
1.141713770422646803e+03	2.559456110487688396e-01	1.641205540860488088e-01	2.470378913773817187e-01	1.531706917080583041e-01	7.288564565382726901e-02	2.988378617701688972e-02	7.695581994876571352e-02
1.146551540636302207e+03	2.552435753497834248e-01	1.636360621280945060e-01	2.474998656182933188e-01	1.534883284561641137e-01	7.301348876591398640e-02	2.996587601235970941e-02	7.715280366925854338e-02
1.151389310849957155e+03	2.545456358519047613e-01	1.631542487976530287e-01	2.479590331275454695e-01	1.538041211290916699e-01	7.314065700301121409e-02	3.004763559277100551e-02	7.734866849789046039e-02
1.156227081063612786e+03	2.538517666619207747e-01	1.626751009051074226e-01	2.484154128055153787e-01	1.541180803576358005e-01	7.326715389387093713e-02	3.012906522831168207e-02	7.754342014750562062e-02
1.161064851277267962e+03	2.531619421000060322e-01	1.621986052817951107e-01	2.488690233981570299e-01	1.544302167078143717e-01	7.339298294462132111e-02	3.021016524714532220e-02	7.773706432032845282e-02
1.165902621490923138e+03	2.524761366968156229e-01	1.617247487812974727e-01	2.493198834986779799e-01	1.547405406814083006e-01	7.351814763911602990e-02	3.029093599514215418e-02	7.792960670741008733e-02
1.170740391704578315e+03	2.517943251906394342e-01	1.612535182806855705e-01	2.497680115491917319e-01	1.550490627164932966e-01	7.364265143927252455e-02	3.037137783549079956e-02	7.812105298809432496e-02
1.175578161918233945e+03	2.511164825246145482e-01	1.607849006817233251e-01	2.502134258423469038e-01	1.553557931879630538e-01	7.376649778539980107e-02	3.045149114831755335e-02	7.831140882950256288e-02
1.180415932131889122e+03	2.504425838439947594e-01	1.603188829120293368e-01	2.506561445229329443e-01	1.556607424080445612e-01	7.388969009651587261e-02	3.053127633031310281e-02	7.850067988603715019e-02
1.185253702345544298e+03	2.497726044934759915e-01	1.598554519261983775e-01	2.510961855894633388e-01	1.559639206268054190e-01	7.401223177065537062e-02	3.061073379436645911e-02	7.868887179890277084e-02
1.190091472559199701e+03	2.491065200145757275e-01	1.593945947068838298e-01	2.515335668957360271e-01	1.562653380326533559e-01	7.413412618516761199e-02	3.068986396920596674e-02	7.887599019564525693e-02
1.194929242772855105e+03	2.484443061430657296e-01	1.589362982658418244e-01	2.519683061523719791e-01	1.565650047528283073e-01	7.425537669700549293e-02	3.076866729904721709e-02	7.906204068970726362e-02
1.199767012986510281e+03	2.477859388064562740e-01	1.584805496449384898e-01	2.524004209283322031e-01	1.568629308538870559e-01	7.437598664300551499e-02	3.084714424324769971e-02	7.924702888000061118e-02
1.204604783200165684e+03	2.471313941215310950e-01	1.580273359171210645e-01	2.528299286524131051e-01	1.571591263421807383e-01	7.449595934015924847e-02	3.092529527596808714e-02	7.943096035049451720e-02
1.209442553413820860e+03	2.464806483919313174e-01	1.575766441873540646e-01	2.532568466147212538e-01	1.574536011643253020e-01	7.461529808587653856e-02	3.100312088583994513e-02	7.961384066981948282e-02
1.214280323627476264e+03	2.458336781057878506e-01	1.571284615935210627e-01	2.536811919681270511e-01	1.577463652076650236e-01	7.473400615824080107e-02	3.108062157563976427e-02	7.979567539088634753e-02
1.219118093841131440e+03	2.451904599334003287e-01	1.566827753072936036e-01	2.541029817296988069e-01	1.580374283007294212e-01	7.485208681625660221e-02	3.115779786196914980e-02	7.997647005051998492e-02
1.223955864054786844e+03	2.445509707249620690e-01	1.562395725349676467e-01	2.545222327821162756e-01	1.583268002136836161e-01	7.496954330008982759e-02	3.123465027494107260e-02	8.015623016910744525e-02
1.228793634268442020e+03	2.439151875083297449e-01	1.557988405182688108e-01	2.549389618750645403e-01	1.586144906587722836e-01	7.508637883130075963e-02	3.131117935787200435e-02	8.033496125025985091e-02
1.233631404482097196e+03	2.432830874868366355e-01	1.553605665351268372e-01	2.553531856266092470e-01	1.589005092907572192e-01	7.520259661307020227e-02	3.138738566697983623e-02	8.051266878048800313e-02
1.238469174695752372e+03	2.426546480371484238e-01	1.549247379004208280e-01	2.557649205245524082e-01	1.591848657073490214e-01	7.531819983041899980e-02	3.146326977108743900e-02	8.068935822889089504e-02
1.243306944909407548e+03	2.420298467071607396e-01	1.544913419666950616e-01	2.561741829277694449e-01	1.594675694496326124e-01	7.543319165042115804e-02	3.153883225133179147e-02	8.086503504685722821e-02
1.248144715123063179e+03	2.414086612139370314e-01	1.540603661248471923e-01	2.565809890675283533e-01	1.597486300024871242e-01	7.554757522241077605e-02	3.161407370087843810e-02	8.103970466777916937e-02
1.252982485336718355e+03	2.407910694416862396e-01	1.536317978047891386e-01	2.569853550487902760e-01	1.600280567949998733e-01	7.566135367818298263e-02	3.168899472464133116e-02	8.121337250677820863e-02
1.257820255550373531e+03	2.401770494397791611e-01	1.532056244760812147e-01	2.573872968514929194e-01	1.603058592008749506e-01	7.577453013218915512e-02	3.176359593900782846e-02	8.138604396044278599e-02
1.262658025764028707e+03	2.395665794208025334e-01	1.527818336485406991e-01	2.577868303318160970e-01	1.605820465388361207e-01	7.588710768172657328e-02	3.183787797156871491e-02	8.155772440657725608e-02
1.267495795977684338e+03	2.389596377586498677e-01	1.523604128728251739e-01	2.581839712234302309e-01	1.608566280730247544e-01	7.599908940712278571e-02	3.191184146085327550e-02	8.172841920396185789e-02
1.272333566191339514e+03	2.383562029866484744e-01	1.519413497409917713e-01	2.585787351387281441e-01	1.611296130133922089e-01	7.611047837191468879e-02	3.198548705606917009e-02	8.189813369212346761e-02
1.277171336404994690e+03	2.377562537957215449e-01	1.515246318870323017e-01	2.589711375700399776e-01	1.614010105160873787e-01	7.622127762302274845e-02	3.205881541684710290e-02	8.206687319111680146e-02
1.282009106618650094e+03	2.371597690325845109e-01	1.511102469873858434e-01	2.593611938908321757e-01	1.616708296838390568e-01	7.633149019092039245e-02	3.213182721299012723e-02	8.223464300131576310e-02
1.286846876832305497e+03	2.365667276979749045e-01	1.506981827614286562e-01	2.597489193568898735e-01	1.619390795663336047e-01	7.644111908979871195e-02	3.220452312422760616e-02	8.240144840321454722e-02
1.291684647045960673e+03	2.359771089449149983e-01	1.502884269719423072e-01	2.601343291074841857e-01	1.622057691605877927e-01	7.655016731772676386e-02	3.227690383997348922e-02	8.256729465723836037e-02
1.296522417259616077e+03	2.353908920770064750e-01	1.498809674255610069e-01	2.605174381665233962e-01	1.624709074113169227e-01	7.665863785680758491e-02	3.234897005908915490e-02	8.273218700356342603e-02
