3.386439149558698318e+02	4.629814559572172916e-01	2.887330915897507455e-01	1.086189911641785161e-01	6.364792050252854327e-02	3.698864571748968627e-02	1.315854706025831877e-02	2.587134800843744753e-02
3.434816851695251216e+02	4.608801532612661900e-01	2.877175099100663380e-01	1.100207605969013569e-01	6.449847878109292443e-02	3.737129277029415525e-02	1.324324889471926482e-02	2.626855578552043935e-02
3.483194553831804114e+02	4.587955403964742440e-01	2.867039079646983568e-01	1.114122964868279192e-01	6.534349715288528815e-02	3.774942107649996437e-02	1.332925541928636250e-02	2.666608150318853371e-02
3.531572255968357013e+02	4.567274221910498366e-01	2.856923541532300770e-01	1.127936762395844311e-01	6.618303002161203541e-02	3.812314618897326424e-02	1.341651824195969241e-02	2.706385296345135277e-02
3.579949958104909342e+02	4.546756067266333745e-01	2.846829148194547909e-01	1.141649772326212564e-01	6.701713076027808469e-02	3.849257976448956786e-02	1.350499042857035252e-02	2.746180026781332162e-02
3.628327660241463377e+02	4.526399052731909789e-01	2.836756542979334550e-01	1.155262767797388679e-01	6.784585173853770190e-02	3.885782970090118776e-02	1.359462645599287048e-02	2.785985575356572999e-02
3.676705362378016275e+02	4.506201322253195474e-01	2.826706349595547452e-01	1.168776520975160910e-01	6.866924434926968690e-02	3.921900026945426831e-02	1.368538216694202385e-02	2.825795393180448659e-02
3.725083064514568036e+02	4.486161050399298800e-01	2.816679172561193378e-01	1.182191802735596403e-01	6.948735903439920425e-02	3.957619224242708844e-02	1.377721472629899087e-02	2.865603142712672483e-02
3.773460766651120935e+02	4.466276441752775050e-01	2.806675597639690656e-01	1.195509382364974976e-01	7.030024530998719989e-02	3.992950301625514120e-02	1.387008257891373525e-02	2.905402691896079304e-02
3.821838468787673833e+02	4.446545730313100631e-01	2.796696192266808212e-01	1.208730027276412738e-01	7.110795179060859506e-02	4.027902673030258479e-02	1.396394540883232407e-02	2.945188108448530337e-02
3.870216170924226162e+02	4.426967178913012169e-01	2.786741505968460264e-01	1.221854502742462933e-01	7.191052621303924142e-02	4.062485438143426109e-02	1.405876409989976518e-02	2.984953654309424262e-02
3.918593873060780197e+02	4.407539078647420006e-01	2.776812070769540952e-01	1.234883571643002470e-01	7.270801545927124687e-02	4.096707393453670465e-02	1.415450069769058454e-02	3.024693780236620971e-02
3.966971575197332527e+02	4.388259748314612407e-01	2.766908401593996536e-01	1.247817994227745642e-01	7.350046557887587872e-02	4.130577042913152752e-02	1.425111837272115441e-02	3.064403120549704512e-02
4.015349277333884856e+02	4.369127533869471280e-01	2.757030996656318900e-01	1.260658527892747072e-01	7.428792181073246015e-02	4.164102608221936785e-02	1.434858138489929040e-02	3.104076488015624496e-02
4.063726979470438323e+02	4.350140807888423500e-01	2.747180337844640774e-01	1.273405926970287705e-01	7.507042860414134267e-02	4.197292038748778875e-02	1.444685504916827512e-02	3.143708868872855527e-02
4.112104681606991221e+02	4.331297969045868612e-01	2.737356891095614753e-01	1.286060942531555285e-01	7.584802963933841291e-02	4.230153021101173971e-02	1.454590570230393509e-02	3.183295417990328335e-02
4.160482383743544119e+02	4.312597441601821457e-01	2.727561106761249299e-01	1.298624322201556713e-01	7.662076784742814783e-02	4.262692988357068974e-02	1.464570067082484467e-02	3.222831454157488312e-02
4.208860085880095880e+02	4.294037674900518242e-01	2.717793419967868274e-01	1.311096809985725642e-01	7.738868542975176068e-02	4.294919128970202393e-02	1.474620823997714950e-02	3.262312455501921449e-02
4.257237788016648778e+02	4.275617142879733490e-01	2.708054250967370513e-01	1.323479146107702509e-01	7.815182387670657760e-02	4.326838395360622230e-02	1.484739762375684134e-02	3.301734055031107368e-02
4.305615490153201677e+02	4.257334343590579162e-01	2.698344005480940999e-01	1.335772066857791318e-01	7.891022398603202148e-02	4.358457512201517614e-02	1.494923893593362758e-02	3.341092036294938949e-02
4.353993192289755143e+02	4.239187798727534484e-01	2.688663075035384042e-01	1.347976304451616036e-01	7.966392588057767676e-02	4.389782984413104217e-02	1.505170316204177891e-02	3.380382329165732003e-02
4.402370894426308041e+02	4.221176053168491094e-01	2.679011837292232801e-01	1.360092586898514477e-01	8.041296902556792359e-02	4.420821104873925989e-02	1.515476213230456705e-02	3.419601005732567089e-02
4.450748596562860939e+02	4.203297674524582583e-01	2.669390656369776682e-01	1.372121637879234191e-01	8.115739224537760199e-02	4.451577961859565918e-02	1.525838849546008562e-02	3.458744276306850718e-02
4.499126298699413837e+02	4.185551252699580282e-01	2.659799883158180389e-01	1.384064176632501808e-01	8.189723373983254229e-02	4.482059446218411569e-02	1.536255569345733145e-02	3.497808485536105932e-02
4.547504000835967304e+02	4.167935399458637669e-01	2.650239855627815055e-01	1.395920917850065890e-01	8.263253110004863122e-02	4.512271258293770737e-02	1.546723793699256340e-02	3.536790108623057843e-02
4.595881702972519065e+02	4.150448748006186350e-01	2.640710899130964684e-01	1.407692571579820529e-01	8.336332132382236193e-02	4.542218914601314772e-02	1.557241018185698440e-02	3.575685747647171231e-02
4.644259405109071963e+02	4.133089952572767123e-01	2.631213326697038335e-01	1.419379843136637231e-01	8.408964083058576011e-02	4.571907754270493340e-02	1.567804810606778995e-02	3.614492127985872300e-02
4.692637107245624861e+02	4.115857688010600146e-01	2.621747439321427398e-01	1.430983433020546480e-01	8.481152547593810709e-02	4.601342945258277140e-02	1.578412808775564447e-02	3.653206094832759515e-02
4.741014809382177759e+02	4.098750649397706614e-01	2.612313526248147832e-01	1.442504036841925630e-01	8.552901056576639460e-02	4.630529490343279070e-02	1.589062718378254913e-02	3.691824609810186175e-02
4.789392511518730657e+02	4.081767551650380410e-01	2.602911865246390621e-01	1.453942345253363133e-01	8.624213086996643240e-02	4.659472232908012240e-02	1.599752310906499275e-02	3.730344747673666750e-02
4.837770213655284124e+02	4.064907129143839337e-01	2.593542722881113649e-01	1.465299043887882680e-01	8.695092063577583574e-02	4.688175862516790610e-02	1.610479421657817073e-02	3.768763693105620788e-02
4.886147915791837022e+02	4.048168135340855511e-01	2.584206354777804360e-01	1.476574813303225542e-01	8.765541360072995336e-02	4.716644920296490101e-02	1.621241947801786362e-02	3.807078737596050755e-02
4.934525617928388783e+02	4.031549342428206728e-01	2.574903005881530316e-01	1.487770328931896091e-01	8.835564300525164394e-02	4.744883804127141697e-02	1.632037846509742929e-02	3.845287276407803601e-02
4.982903320064942250e+02	4.015049540960763941e-01	2.565632910710402559e-01	1.498886261036697087e-01	8.905164160488515668e-02	4.772896773649087931e-02	1.642865133145814463e-02	3.883386805624131771e-02
5.031281022201495148e+02	3.998667539513051095e-01	2.556396293603570569e-01	1.509923274671483018e-01	8.974344168218439943e-02	4.800687955093185105e-02	1.653721879517182705e-02	3.921374919276331833e-02
5.079658724338048046e+02	3.982402164338108563e-01	2.547193368963861504e-01	1.520882029646877798e-01	9.043107505826544767e-02	4.828261345940305233e-02	1.664606212181551567e-02	3.959249306549302710e-02
5.128036426474600376e+02	3.966252259033505312e-01	2.538024341495178637e-01	1.531763180500709531e-01	9.111457310403280052e-02	4.855620819416180123e-02	1.675516310809858564e-02	3.997007749062925219e-02
5.176414128611153274e+02	3.950216684214334917e-01	2.528889406434771669e-01	1.542567376472927798e-01	9.179396675108876524e-02	4.882770128827412792e-02	1.686450406602344951e-02	4.034648118227202734e-02
5.224791830747705035e+02	3.934294317193047785e-01	2.519788749780482728e-01	1.553295261484776701e-01	9.246928650233501856e-02	4.909712911744257974e-02	1.697406780756158598e-02	4.072168372669193737e-02
5.273169532884259070e+02	3.918484051665964696e-01	2.510722548513080743e-01	1.563947474122010517e-01	9.314056244227511550e-02	4.936452694035605576e-02	1.708383762982729204e-02	4.109566555729779469e-02
5.321547235020811968e+02	3.902784797406326778e-01	2.501690970813784110e-01	1.574524647621940443e-01	9.380782424702652222e-02	4.962992893761386526e-02	1.719379730073220328e-02	4.146840793028405692e-02
5.369924937157364866e+02	3.887195479963744260e-01	2.492694176277071016e-01	1.585027409864118164e-01	9.447110119405043027e-02	4.989336824927441405e-02	1.730393104510418584e-02	4.183989290093940300e-02
5.418302639293917764e+02	3.871715040369888006e-01	2.483732316118884287e-01	1.595456383364462494e-01	9.513042217160747049e-02	5.015487701107713969e-02	1.741422353125475150e-02	4.221010330059889876e-02
5.466680341430470662e+02	3.856342434850307255e-01	2.474805533380322331e-01	1.605812185272650627e-01	9.578581568794709844e-02	5.041448638938471338e-02	1.752465985797977549e-02	4.257902271422219637e-02
5.515058043567023560e+02	3.841076634542222035e-01	2.465913963126911967e-01	1.616095427372596927e-01	9.643730988023840878e-02	5.067222661489056285e-02	1.763522554197873016e-02	4.294663545858104503e-02
5.563435745703576458e+02	3.825916625218173106e-01	2.457057732643560255e-01	1.626306716085855197e-01	9.708493252324955358e-02	5.092812701513556306e-02	1.774590650567825501e-02	4.331292656103959138e-02
5.611813447840129356e+02	3.810861407015391777e-01	2.448236961625274988e-01	1.636446652477782648e-01	9.772871103778317525e-02	5.118221604587588902e-02	1.785668906544632395e-02	4.367788173891152398e-02
5.660191149976681118e+02	3.795909994170768575e-01	2.439451762363739895e-01	1.646515832266312873e-01	9.836867249887473741e-02	5.143452132134265775e-02	1.796755992018371148e-02	4.404148737937859520e-02
5.708568852113234016e+02	3.781061414761303641e-01	2.430702239929837249e-01	1.656514845833193250e-01	9.900484364376054003e-02	5.168506964343259902e-02	1.807850614028005953e-02	4.440373051995524095e-02
5.756946554249786914e+02	3.766314710449907843e-01	2.421988492352202538e-01	1.666444278237545207e-01	9.963725087962203852e-02	5.193388702986746069e-02	1.818951515692210710e-02	4.476459882948475438e-02
5.805324256386339812e+02	3.751668936236448593e-01	2.413310610791891964e-01	1.676304709231614953e-01	1.002659202911128644e-01	5.218099874135870286e-02	1.830057475174223444e-02	4.512408058965256680e-02
5.853701958522892710e+02	3.737123160213925988e-01	2.404668679713248824e-01	1.686096713278585346e-01	1.008908776476747787e-01	5.242642930781257760e-02	1.841167304679578245e-02	4.548216467700277876e-02
5.902079660659445608e+02	3.722676463329659402e-01	2.396062777051046200e-01	1.695820859572327588e-01	1.015121484106486227e-01	5.267020255360955333e-02	1.852279849485604854e-02	4.583884054544439673e-02
5.950457362795999643e+02	3.708327939151384034e-01	2.387492974373987276e-01	1.705477712058975914e-01	1.021297577401861362e-01	5.291234162199079383e-02	1.863393987001625909e-02	4.619409820923401494e-02
5.998835064932552541e+02	3.694076693638147502e-01	2.378959337044639910e-01	1.715067829460212301e-01	1.027437305019683195e-01	5.315286899858327058e-02	1.874508625858815544e-02	4.654792822642218886e-02
6.047212767069104302e+02	3.679921844915906015e-01	2.370461924375876217e-01	1.724591765298155721e-01	1.033540912737359180e-01	5.339180653409399818e-02	1.885622705028721161e-02	4.690032168275098945e-02
6.095590469205657200e+02	3.665862523057710765e-01	2.362000789783899879e-01	1.734050067921752702e-01	1.039608643516374553e-01	5.362917546620264708e-02	1.896735192969485270e-02	4.725127017599058815e-02
6.143968171342210098e+02	3.651897869868396262e-01	2.353575980937925582e-01	1.743443280534572593e-01	1.045640737564000056e-01	5.386499644068104553e-02	1.907845086798835160e-02	4.760076580070304875e-02
6.192345873478761860e+02	3.638027038673662950e-01	2.345187539906584961e-01	1.752771941223913443e-01	1.051637432393277283e-01	5.409928953176672273e-02	1.918951411492942835e-02	4.794880113342185612e-02
6.240723575615315895e+02	3.624249194113466910e-01	2.336835503301127881e-01	1.762036582991132194e-01	1.057598962881333565e-01	5.433207426181704131e-02	1.930053219110287877e-02	4.829536921823595480e-02
6.289101277751868793e+02	3.610563511939617332e-01	2.328519902415486231e-01	1.771237733783110058e-01	1.063525561326071067e-01	5.456336962026921839e-02	1.941149588039684654e-02	4.864046355276743089e-02
6.337478979888421691e+02	3.596969178817500667e-01	2.320240763363267678e-01	1.780375916524775670e-01	1.069417457501279090e-01	5.479319408193078500e-02	1.952239622271669667e-02	4.898407807453222101e-02
6.385856682024975726e+02	3.583465392131830463e-01	2.311998107211742925e-01	1.789451649152606905e-01	1.075274878710214682e-01	5.502156562462427736e-02	1.963322450692462848e-02	4.932620714767363412e-02
6.434234384161527487e+02	3.570051359796345691e-01	2.303791950112892006e-01	1.798465444649039735e-01	1.081098049837694308e-01	5.524850174620881543e-02	1.974397226399753763e-02	4.966684555005847213e-02
6.482612086298080385e+02	3.556726300067371560e-01	2.295622303431570088e-01	1.807417811077710046e-01	1.086887193400740970e-01	5.547401948100075947e-02	1.985463126039581708e-02	5.000598846072619452e-02
6.530989788434633283e+02	3.543489441361153403e-01	2.287489173870853043e-01	1.816309251619465381e-01	1.092642529597826900e-01	5.569813541561454556e-02	1.996519349163612678e-02	5.034363144768148196e-02
6.579367490571185044e+02	3.530340022074890394e-01	2.279392563594627996e-01	1.825140264609082241e-01	1.098364276356753738e-01	5.592086570424429498e-02	2.007565117606129393e-02	5.067977045602102548e-02
6.627745192707737942e+02	3.517277290411386925e-01	2.271332470347477428e-01	1.833911343572624253e-01	1.104052649381208201e-01	5.614222608340595916e-02	2.018599674880082115e-02	5.101440179638556255e-02
6.676122894844290840e+02	3.504300504207243927e-01	2.263308887571925110e-01	1.842622977265389317e-01	1.109707862196031847e-01	5.636223188615901991e-02	2.029622285591569861e-02	5.134752213372832663e-02
6.724500596980843738e+02	3.491408930764514085e-01	2.255321804523090778e-01	1.851275649710383830e-01	1.115330126191241694e-01	5.658089805582616066e-02	2.040632234872138268e-02	5.167912847639153512e-02
6.772878299117396637e+02	3.478601846685747123e-01	2.247371206380813502e-01	1.859869840237279859e-01	1.120919650664838202e-01	5.679823915922872779e-02	2.051628827828307772e-02	5.200921816548246396e-02
6.821256001253949535e+02	3.465878537712355212e-01	2.239457074359297306e-01	1.868406023521795856e-01	1.126476642864435163e-01	5.701426939945499622e-02	2.062611389007759990e-02	5.233778886454119872e-02
6.869633703390502433e+02	3.453238298566223552e-01	2.231579385814327077e-01	1.876884669625462354e-01	1.132001308027745234e-01	5.722900262817780248e-02	2.073579261881637256e-02	5.266483854949213089e-02
6.918011405527055331e+02	3.440680432794502308e-01	2.223738114348111361e-01	1.885306244035719614e-01	1.137493849421954834e-01	5.744245235753752538e-02	2.084531808342418926e-02	5.299036549887157360e-02
6.966389107663608229e+02	3.428204252617503278e-01	2.215933229911800917e-01	1.893671207706312254e-01	1.142954468382019889e-01	5.765463177160565916e-02	2.095468408216866196e-02	5.331436828432414149e-02
7.014766809800161127e+02	3.415809078779647456e-01	2.208164698905729917e-01	1.901980017097932019e-01	1.148383364347912716e-01	5.786555373744394631e-02	2.106388458793541710e-02	5.363684576136051874e-02
7.063144511936714025e+02	3.403494240403386883e-01	2.200432484277432266e-01	1.910233124219076761e-01	1.153780734900853172e-01	5.807523081577328772e-02	2.117291374364419637e-02	5.395779706036976653e-02
7.111522214073266923e+02	3.391259074846045274e-01	2.192736545617474941e-01	1.918430976667085397e-01	1.159146775798549356e-01	5.828367527126621095e-02	2.128176585780131719e-02	5.427722157787915475e-02
7.159899916209819821e+02	3.379102927559514691e-01	2.185076839253159153e-01	1.926574017669315519e-01	1.164481681009479630e-01	5.849089908247626785e-02	2.139043540018401024e-02	5.459511896805498837e-02
7.208277618346371582e+02	3.367025151952742212e-01	2.177453318340134558e-01	1.934662686124429543e-01	1.169785642746242332e-01	5.869691395141716367e-02	2.149891699765231479e-02	5.491148913443788526e-02
7.256655320482924481e+02	3.355025109256952742e-01	2.169865932951965393e-01	1.942697416643757724e-01	1.175058851498000656e-01	5.890173131280400376e-02	2.160720543008440298e-02	5.522633222190617003e-02
7.305033022619478515e+02	3.343102168393551343e-01	2.162314630167699869e-01	1.950678639592711705e-01	1.180301496062047262e-01	5.910536234296860647e-02	2.171529562643129477e-02	5.553964860886133337e-02
7.353410724756030277e+02	3.331255705844641257e-01	2.154799354157477809e-01	1.958606781132216645e-01	1.185513763574517071e-01	5.930781796846040094e-02	2.182318266088709505e-02	5.585143889962950609e-02
7.401788426892584312e+02	3.319485105526109869e-01	2.147320046266223692e-01	1.966482263260138363e-01	1.190695839540269058e-01	5.950910887434403967e-02	2.193086174917100936e-02	5.616170391707318160e-02
7.450166129029136073e+02	3.307789758663222668e-01	2.139876645095463437e-01	1.974305503852677723e-01	1.195847907861964515e-01	5.970924551220444659e-02	2.203832824491753356e-02	5.647044469540748318e-02
7.498543831165690108e+02	3.296169063668679122e-01	2.132469086583303475e-01	1.982076916705712843e-01	1.200970150868363451e-01	5.990823810786963938e-02	2.214557763617127847e-02	5.677766247321553578e-02
7.546921533302243006e+02	3.284622426023068864e-01	2.125097304082614047e-01	1.989796911576060812e-01	1.206062749341860751e-01	6.010609666886129743e-02	2.225260554198311633e-02	5.708335868665755097e-02
7.595299235438793630e+02	3.273149258157685426e-01	2.117761228437453069e-01	1.997465894222645311e-01	1.211125882545285859e-01	6.030283099158272042e-02	2.235940770910433556e-02	5.738753496286840700e-02
7.643676937575347665e+02	3.261748979339648136e-01	2.110460788057769155e-01	2.005084266447542396e-01	1.216159728247987321e-01	6.049845066825348255e-02	2.246598000877568502e-02	5.769019311353865143e-02
7.692054639711900563e+02	3.250421015559275539e-01	2.103195908992416263e-01	2.012652426136892769e-01	1.221164462751220536e-01	6.069296509359967812e-02	2.257231843360824747e-02	5.799133512867402085e-02
7.740432341848452324e+02	3.239164799419674834e-01	2.095966515000524943e-01	2.020170767301659454e-01	1.226140260912862018e-01	6.088638347130844591e-02	2.267841909455323504e-02	5.829096317052864795e-02
7.788810043985006359e+02	3.227979770028487350e-01	2.088772527621254038e-01	2.027639680118214216e-01	1.231087296171467227e-01	6.107871482025512000e-02	2.278427821795779226e-02	5.858907956770724457e-02
7.837187746121558121e+02	3.216865372891757335e-01	2.081613866241966149e-01	2.035059550968738584e-01	1.236005740569691563e-01	6.126996798051104198e-02	2.288989214270418723e-02	5.888568680943186834e-02
7.885565448258112156e+02	3.205821059809871310e-01	2.074490448164854617e-01	2.042430762481424744e-01	1.240895764777094901e-01	6.146015161913971625e-02	2.299525731742959808e-02	5.918078753996856151e-02
7.933943150394665054e+02	3.194846288775529120e-01	2.067402188672059771e-01	2.049753693570462720e-01	1.245757538112344243e-01	6.164927423578892007e-02	2.310037029782404869e-02	5.947438455320987194e-02
7.982320852531219089e+02	3.183940523873699524e-01	2.060349001089301912e-01	2.057028719475801626e-01	1.250591228564833790e-01	6.183734416808593648e-02	2.320522774400394367e-02	5.976648078740884329e-02
8.030698554667769713e+02	3.173103235183524773e-01	2.053330796848066297e-01	2.064256211802670826e-01	1.255397002815740737e-01	6.202436959684277246e-02	2.330982641795886420e-02	6.005707932006047745e-02
8.079076256804323748e+02	3.162333898682129218e-01	2.046347485546368694e-01	2.071436538560854634e-01	1.260175026258528730e-01	6.221035855107828749e-02	2.341416318106927935e-02	6.034618336292669333e-02
8.127453958940876646e+02	3.151631996150291437e-01	2.039398975008134274e-01	2.078570064203704992e-01	1.264925463018920504e-01	6.239531891286349136e-02	2.351823499169296630e-02	6.063379625720089622e-02
8.175831661077428407e+02	3.140997015079943777e-01	2.032485171341215369e-01	2.085657149666886034e-01	1.269648475974350654e-01	6.257925842199645039e-02	2.362203890281793991e-02	6.091992146880844533e-02
8.224209363213982442e+02	3.130428448583464363e-01	2.025605978994082790e-01	2.092698152406843870e-01	1.274344226772915756e-01	6.276218468051271426e-02	2.372557205977988276e-02	6.120456258383927262e-02
8.272587065350534203e+02	3.119925795304711591e-01	2.018761300811211523e-01	2.099693426438984378e-01	1.279012875851835984e-01	6.294410515703711961e-02	2.382883169804195927e-02	6.148772330410919723e-02
8.320964767487085965e+02	3.109488559331780033e-01	2.011951038087198274e-01	2.106643322375564009e-01	1.283654582455442394e-01	6.312502719098254944e-02	2.393181514103516483e-02	6.176940744284638990e-02
8.369342469623640000e+02	3.099116250111436099e-01	2.005175090619628064e-01	2.113548187463277217e-01	1.288269504652703734e-01	6.330495799660117162e-02	2.403451979805727376e-02	6.204961892049964955e-02
8.417720171760191761e+02	3.088808382365188510e-01	1.998433356760724033e-01	2.120408365620537749e-01	1.292857799354306114e-01	6.348390466689324274e-02	2.413694316222856490e-02	6.232836176066517547e-02
8.466097873896745796e+02	3.078564476006981354e-01	1.991725733467801240e-01	2.127224197474448797e-01	1.297419622329296363e-01	6.366187417737860510e-02	2.423908280850259681e-02	6.260564008612870546e-02
8.514475576033297557e+02	3.068384056062452014e-01	1.985052116352555296e-01	2.133996020397453952e-01	1.301955128221307934e-01	6.383887338973566472e-02	2.434093639173029802e-02	6.288145811501985594e-02
8.562853278169851592e+02	3.058266652589740064e-01	1.978412399729205795e-01	2.140724168543668704e-01	1.306464470564372982e-01	6.401490905531261044e-02	2.444250164477577980e-02	6.315582015707559005e-02
8.611230980306403353e+02	3.048211800601806631e-01	1.971806476661520924e-01	2.147408972884883582e-01	1.310947801798339751e-01	6.418998781851539825e-02	2.454377637668221646e-02	6.342873061001007284e-02
8.659608682442956251e+02	3.038219039990230907e-01	1.965234239008750161e-01	2.154050761246236734e-01	1.315405273283901944e-01	6.436411622007674749e-02	2.464475847088632224e-02	6.370019395598777723e-02
8.707986384579510286e+02	3.028287915450459389e-01	1.958695577470481730e-01	2.160649858341556206e-01	1.319837035317255602e-01	6.453730070021056198e-02	2.474544588347989127e-02	6.397021475819715530e-02
8.756364086716062047e+02	3.018417976408475090e-01	1.952190381630455329e-01	2.167206585808361119e-01	1.324243237144388796e-01	6.470954760165555097e-02	2.484583664151699886e-02	6.423879765752235627e-02
8.804741788852616082e+02	3.008608776948854535e-01	1.945718539999346797e-01	2.173721262242528096e-01	1.328624026975021299e-01	6.488086317261233804e-02	2.494592884136546951e-02	6.450594736931000717e-02
8.853119490989170117e+02	2.998859875744191439e-01	1.939279940056550244e-01	2.180194203232613814e-01	1.332979551996198164e-01	6.505125356957747185e-02	2.504572064710124807e-02	6.477166868022871116e-02
8.901497193125721878e+02	2.989170835985848762e-01	1.932874468290977643e-01	2.186625721393835597e-01	1.337309958385552722e-01	6.522072486007818304e-02	2.514521028894442164e-02	6.503596644521872361e-02
8.949874895262273640e+02	2.979541225316018060e-01	1.926502010240896401e-01	2.193016126401707011e-01	1.341615391324243456e-01	6.538928302531142600e-02	2.524439606173557379e-02	6.529884558452933585e-02
8.998252597398827675e+02	2.969970615761061139e-01	1.920162450532827692e-01	2.199365725025327623e-01	1.345895995009578350e-01	6.555693396269038353e-02	2.534327632345134002e-02	6.556031108084159342e-02
9.046630299535379436e+02	2.960458583666102927e-01	1.913855672919524131e-01	2.205674821160326093e-01	1.350151912667333920e-01	6.572368348830209817e-02	2.544184949375791552e-02	6.582036797647412840e-02
9.095008001671932334e+02	2.951004709630847822e-01	1.907581560317046232e-01	2.211943715861456328e-01	1.354383286563778377e-01	6.588953733927889467e-02	2.554011405260141893e-02	6.607902137066963555e-02
9.143385703808486369e+02	2.941608578446606170e-01	1.901339994840958725e-01	2.218172707374845565e-01	1.358590258017405850e-01	6.605450117608702154e-02	2.563806853883402251e-02	6.633627641696018817e-02
9.191763405945038130e+02	2.932269779034489265e-01	1.895130857841663685e-01	2.224362091169893307e-01	1.362772967410392222e-01	6.621858058473534259e-02	2.573571154887476994e-02	6.659213832060884020e-02
9.240141108081592165e+02	2.922987904384765634e-01	1.888954029938890999e-01	2.230512159970824693e-01	1.366931554199780630e-01	6.638178107890679858e-02	2.583304173540404078e-02	6.684661233612577969e-02
9.288518810218145063e+02	2.913762551497339204e-01	1.882809391055362547e-01	2.236623203787895253e-01	1.371066156928400781e-01	6.654410810201547011e-02	2.593005780609071095e-02	6.709970376485682730e-02
9.336896512354697961e+02	2.904593321323339916e-01	1.876696820449650083e-01	2.242695509948248456e-01	1.375176913235537091e-01	6.670556702919193393e-02	2.602675852235102408e-02	6.735141795264235065e-02
9.385274214491247449e+02	2.895479818707793473e-01	1.870616196748240145e-01	2.248729363126427405e-01	1.379263959867343958e-01	6.686616316919934133e-02	2.612314269813822976e-02	6.760176028754480426e-02
9.433651916627801484e+02	2.886421652333356347e-01	1.864567397976829577e-01	2.254725045374542935e-01	1.383327432687022629e-01	6.702590176628273055e-02	2.621920919876212161e-02	6.785073619764285524e-02
9.482029618764355519e+02	2.877418434665089397e-01	1.858550301590862486e-01	2.260682836152093922e-01	1.387367466684762962e-01	6.718478800195394618e-02	2.631495693973758682e-02	6.809835114889051244e-02
9.530407320900908417e+02	2.868469781896248461e-01	1.852564784505325302e-01	2.266603012355448976e-01	1.391384195987458161e-01	6.734282699671434447e-02	2.641038488566133449e-02	6.834461064303916367e-02
9.578785023037459041e+02	2.859575313895076354e-01	1.846610723123821574e-01	2.272485848346983417e-01	1.395377753868198567e-01	6.750002381171772703e-02	2.650549204911595985e-02	6.858952021562124413e-02
9.627162725174014213e+02	2.850734654152569103e-01	1.840687993366935948e-01	2.278331615983878178e-01	1.399348272755551736e-01	6.765638345037537638e-02	2.660027748960060862e-02	6.883308543399344059e-02
9.675540427310568248e+02	2.841947429731201402e-01	1.834796470699905369e-01	2.284140584646581207e-01	1.403295884242632685e-01	6.781191085990533052e-02	2.669474031248744023e-02	6.907531189543815453e-02
9.723918129447120009e+02	2.833213271214590767e-01	1.828936030159611925e-01	2.289913021266929416e-01	1.407220719095973183e-01	6.796661093282792276e-02	2.678887966800314741e-02	6.931620522532140616e-02
9.772295831583674044e+02	2.824531812658079288e-01	1.823106546380912629e-01	2.295649190355940616e-01	1.411122907264195647e-01	6.812048850840948799e-02	2.688269475023485205e-02	6.955577107530581948e-02
9.820673533720223531e+02	2.815902691540217995e-01	1.817307893622321369e-01	2.301349354031269889e-01	1.415002577886494695e-01	6.827354837405595622e-02	2.697618479615965584e-02	6.979401512161703680e-02
9.869051235856777566e+02	2.807325548715131069e-01	1.811539945791053319e-01	2.307013772044337052e-01	1.418859859300932169e-01	6.842579526665824863e-02	2.706934908469718626e-02	7.003094306336224428e-02
9.917428937993331601e+02	2.798800028365746040e-01	1.805802576467449849e-01	2.312642701807127443e-01	1.422694879052557593e-01	6.857723387389119685e-02	2.716218693578448945e-02	7.026656062089928212e-02
9.965806640129884499e+02	2.790325777957871067e-01	1.800095658928796416e-01	2.318236398418664912e-01	1.426507763901347925e-01	6.872786883546741499e-02	2.725469770947265558e-02	7.050087353425500691e-02
1.001418434226643626e+03	2.781902448195098243e-01	1.794419066172544541e-01	2.323795114691163954e-01	1.430298639829981899e-01	6.887770474434801171e-02	2.734688080504453153e-02	7.073388756159168511e-02
1.006256204440298802e+03	2.773529692974526784e-01	1.788772670938952869e-01	2.329319101175860440e-01	1.434067632051447549e-01	6.902674614791153018e-02	2.743873566015298665e-02	7.096560847771980762e-02
1.011093974653954206e+03	2.765207169343276150e-01	1.783156345733160064e-01	2.334808606188523983e-01	1.437814865016489863e-01	6.917499754908254528e-02	2.753026174997910344e-02	7.119604207265638196e-02
1.015931744867609382e+03	2.756934537455781875e-01	1.777569962846700657e-01	2.340263875834656393e-01	1.441540462420904944e-01	6.932246340742151403e-02	2.762145858640981111e-02	7.142519415022730023e-02
1.020769515081264785e+03	2.748711460531857997e-01	1.772013394378476603e-01	2.345685154034376496e-01	1.445244547212680419e-01	6.946914814017700335e-02	2.771232571723435470e-02	7.165307052671256172e-02
1.025607285294920075e+03	2.740537604815504458e-01	1.766486512255195374e-01	2.351072682546995751e-01	1.448927241598991222e-01	6.961505612330201598e-02	2.780286272535912109e-02	7.187967702953328153e-02
1.030445055508575479e+03	2.732412639534454457e-01	1.760989188251290416e-01	2.356426700995286339e-01	1.452588667053051896e-01	6.976019169243521945e-02	2.789306922804034305e-02	7.210501949597922233e-02
1.035282825722230655e+03	2.724336236860436244e-01	1.755521294008328681e-01	2.361747446889445878e-01	1.456228944320832330e-01	6.990455914384877123e-02	2.798294487613412623e-02	7.232910377197587781e-02
1.040120595935886058e+03	2.716308071870142671e-01	1.750082701053921608e-01	2.367035155650761002e-01	1.459848193427636942e-01	7.004816273536353111e-02	2.807248935336342094e-02	7.255193571088988658e-02
1.044958366149541234e+03	2.708327822506890192e-01	1.744673280820150107e-01	2.372290060634972275e-01	1.463446533684553963e-01	7.019100668723315950e-02	2.816170237560138359e-02	7.277352117237184670e-02
1.049796136363196410e+03	2.700395169542956220e-01	1.739292904661509653e-01	2.377512393155342962e-01	1.467024083694779268e-01	7.033309518299801777e-02	2.825058369017079130e-02	7.299386602123539292e-02
1.054633906576851814e+03	2.692509796542577605e-01	1.733941443872392130e-01	2.382702382505439143e-01	1.470580961359815308e-01	7.047443237030995289e-02	2.833913307515897873e-02	7.321297612637167607e-02
1.059471676790506763e+03	2.684671389825603605e-01	1.728618769704109714e-01	2.387860255981614499e-01	1.474117283885551521e-01	7.061502236172900737e-02	2.842735033874795036e-02	7.343085735969817618e-02
1.064309447004162394e+03	2.676879638431779451e-01	1.723324753381474395e-01	2.392986238905214780e-01	1.477633167788228452e-01	7.075486923549320628e-02	2.851523531855927607e-02	7.364751559514087775e-02
1.069147217217817570e+03	2.669134234085662749e-01	1.718059266118940887e-01	2.398080554644496099e-01	1.481128728900287239e-01	7.089397703626208747e-02	2.860278788101329808e-02	7.386295670764905785e-02
1.073984987431472746e+03	2.661434871162143834e-01	1.712822179136321288e-01	2.403143424636263459e-01	1.484604082376112244e-01	7.103234977583521015e-02	2.869000792070236505e-02	7.407718657224152126e-02
1.078822757645127922e+03	2.653781246652570647e-01	1.707613363674085616e-01	2.408175068407232278e-01	1.488059342697665433e-01	7.116999143384629412e-02	2.877689535977769053e-02	7.429021106308375533e-02
1.083660527858783553e+03	2.646173060131462029e-01	1.702432691008252952e-01	2.413175703595117350e-01	1.491494623680016396e-01	7.130690595843401647e-02	2.886345014734945091e-02	7.450203605259481110e-02
1.088498298072438729e+03	2.638610013723792225e-01	1.697280032464883459e-01	2.418145545969448973e-01	1.494910038476773007e-01	7.144309726689020146e-02	2.894967225889984175e-02	7.471266741058338323e-02
1.093336068286093905e+03	2.631091812072845482e-01	1.692155259434179604e-01	2.423084809452122623e-01	1.498305699585413542e-01	7.157856924628629158e-02	2.903556169570869691e-02	7.492211100341207575e-02
1.098173838499749309e+03	2.623618162308622992e-01	1.687058243384207679e-01	2.427993706137683561e-01	1.501681718852524716e-01	7.171332575407876608e-02	2.912111848429140004e-02	7.513037269318914579e-02
1.103011608713404712e+03	2.616188774016788288e-01	1.681988855874246569e-01	2.432872446313349979e-01	1.505038207478946177e-01	7.184737061869432562e-02	2.920634267584872046e-02	7.533745833698707317e-02
1.107849378927059888e+03	2.608803359208151651e-01	1.676946968567767926e-01	2.437721238478778307e-01	1.508375276024825629e-01	7.198070764009563416e-02	2.929123434572833418e-02	7.554337378608698417e-02
1.112687149140715292e+03	2.601461632288668002e-01	1.671932453245065231e-01	2.442540289365572048e-01	1.511693034414586245e-01	7.211334059032810384e-02	2.937579359289767961e-02	7.574812488524844400e-02
1.117524919354370468e+03	2.594163310029951042e-01	1.666945181815529531e-01	2.447329803956539984e-01	1.514991591941811100e-01	7.224527321404859703e-02	2.946002053942788426e-02	7.595171747200378520e-02
1.122362689568025871e+03	2.586908111540288102e-01	1.661985026329586834e-01	2.452089985504703196e-01	1.518271057274042102e-01	7.237650922903665629e-02	2.954391532998848144e-02	7.615415737597629187e-02
1.127200459781681047e+03	2.579695758236144054e-01	1.657051858990301330e-01	2.456821035552057830e-01	1.521531538457501220e-01	7.250705232668872013e-02	2.962747813135265668e-02	7.635545041822167089e-02
1.132038229995336451e+03	2.572525973814146494e-01	1.652145552164651643e-01	2.461523153948093068e-01	1.524773142921733160e-01	7.263690617249622672e-02	2.971070913191275684e-02	7.655560241059211624e-02
1.136876000208991627e+03	2.565398484223543329e-01	1.647265978394491515e-01	2.466196538868071775e-01	1.527995977484171430e-01	7.276607440650781355e-02	2.979360854120579466e-02	7.675461915512217514e-02
1.141713770422646803e+03	2.558313017639124998e-01	1.642413010407194063e-01	2.470841386831070796e-01	1.531200148354631974e-01	7.289456064377655697e-02	2.987617658944873023e-02	7.695250644343618052e-02
1.146551540636302207e+03	2.551269304434597429e-01	1.637586521125996286e-01	2.475457892717789488e-01	1.534385761139734072e-01	7.302236847479250115e-02	2.995841352708325175e-02	7.714927005617623623e-02
1.151389310849957155e+03	2.544267077156399104e-01	1.632786383680043529e-01	2.480046249788127322e-01	1.537552920847252147e-01	7.314950146590115665e-02	3.004031962432987188e-02	7.734491576245049183e-02
1.156227081063612786e+03	2.537306070497958865e-01	1.628012471414141682e-01	2.484606649698531955e-01	1.540701731890400106e-01	7.327596315970832941e-02	3.012189517075108958e-02	7.753944931930097095e-02
1.161064851277267962e+03	2.530386021274376174e-01	1.623264657898227936e-01	2.489139282519124696e-01	1.543832298092049637e-01	7.340175707547200168e-02	3.020314047482336103e-02	7.773287647119045407e-02
1.165902621490923138e+03	2.523506668397522135e-01	1.618542816936560103e-01	2.493644336750600043e-01	1.546944722688882723e-01	7.352688670948144545e-02	3.028405586351775799e-02	7.792520294950792958e-02
1.170740391704578315e+03	2.516667752851551310e-01	1.613846822576636975e-01	2.498121999340910671e-01	1.550039108335485583e-01	7.365135553542426217e-02	3.036464168188901872e-02	7.811643447209200286e-02
1.175578161918233945e+03	2.509869017668815983e-01	1.609176549117850019e-01	2.502572455701731480e-01	1.553115557108377953e-01	7.377516700474155698e-02	3.044489829267283190e-02	7.830657674277180513e-02
1.180415932131889122e+03	2.503110207906177886e-01	1.604531871119878050e-01	2.506995889724715210e-01	1.556174170509985744e-01	7.389832454697194131e-02	3.052482607589116284e-02	7.849563545092494432e-02
1.185253702345544298e+03	2.496391070621704067e-01	1.599912663410825997e-01	2.511392483797531550e-01	1.559215049472555958e-01	7.402083157008453040e-02	3.060442542846543781e-02	7.868361627105201206e-02
1.190091472559199701e+03	2.489711354851743830e-01	1.595318801095116645e-01	2.515762418819704749e-01	1.562238294362015278e-01	7.414269146080136597e-02	3.068369676383734396e-02	7.887052486236698079e-02
1.194929242772855105e+03	2.483070811588379001e-01	1.590750159561139243e-01	2.520105874218240283e-01	1.565244004981774517e-01	7.426390758490979127e-02	3.076264051159717169e-02	7.905636686840349092e-02
1.199767012986510281e+03	2.476469193757237508e-01	1.586206614488661348e-01	2.524423027963053623e-01	1.568232280576480064e-01	7.438448328756500083e-02	3.084125711711941525e-02	7.924114791663605661e-02
1.204604783200165684e+03	2.469906256195668059e-01	1.581688041856009197e-01	2.528714056582198610e-01	1.571203219835713982e-01	7.450442189358306988e-02	3.091954704120554107e-02	7.942487361811616242e-02
1.209442553413820860e+03	2.463381755631262326e-01	1.577194317947021307e-01	2.532979135176896546e-01	1.574156920897644418e-01	7.462372670772504657e-02	3.099751075973373321e-02	7.960754956712259856e-02
1.214280323627476264e+03	2.456895450660725733e-01	1.572725319357779483e-01	2.537218437436374319e-01	1.577093481352625781e-01	7.474240101497209299e-02	3.107514876331544246e-02	7.978918134082579883e-02
1.219118093841131440e+03	2.450447101729082144e-01	1.568280923003128324e-01	2.541432135652509916e-01	1.580012998246753397e-01	7.486044808079227175e-02	3.115246155695862440e-02	7.996977449896562617e-02
1.223955864054786844e+03	2.444036471109213293e-01	1.563861006122978514e-01	2.545620400734287525e-01	1.582915568085370983e-01	7.497787115139914471e-02	3.122944965973746545e-02	8.014933458354227269e-02
1.228793634268442020e+03	2.437663322881721273e-01	1.559465446288404722e-01	2.549783402222071671e-01	1.585801286836531765e-01	7.509467345400248905e-02	3.130611360446847874e-02	8.032786711852002437e-02
1.233631404482097196e+03	2.431327422915109393e-01	1.555094121407545049e-01	2.553921308301690396e-01	1.588670249934418521e-01	7.521085819705145004e-02	3.138245393739284850e-02	8.050537760954333544e-02
1.238469174695752372e+03	2.425028538846277504e-01	1.550746909731299250e-01	2.558034285818343023e-01	1.591522552282718106e-01	7.532642857047035234e-02	3.145847121786483208e-02	8.068187154366501801e-02
1.243306944909407548e+03	2.418766440061323741e-01	1.546423689858837380e-01	2.562122500290326399e-01	1.594358288257956557e-01	7.544138774588750318e-02	3.153416601804612251e-02	8.085735438908601969e-02
1.248144715123063179e+03	2.412540897676643814e-01	1.542124340742918598e-01	2.566186115922587385e-01	1.597177551712791743e-01	7.555573887685711199e-02	3.160953892260606052e-02	8.103183159490666421e-02
1.252982485336718355e+03	2.406351684520331435e-01	1.537848741695027888e-01	2.570225295620101047e-01	1.599980435979268256e-01	7.566948509907475695e-02	3.168459052842747398e-02	8.120530859088886944e-02
1.257820255550373531e+03	2.400198575113862143e-01	1.533596772390331264e-01	2.574240201001076200e-01	1.602767033872032343e-01	7.578262953058648166e-02	3.175932144431815873e-02	8.137779078722917614e-02
1.262658025764028707e+03	2.394081345654063830e-01	1.529368312872458335e-01	2.578230992409992761e-01	1.605537437691509917e-01	7.589517527199177160e-02	3.183373229072776478e-02	8.154928357434199082e-02
1.267495795977684338e+03	2.387999773995366781e-01	1.525163243558111947e-01	2.582197828930474226e-01	1.608291739227048212e-01	7.600712540664064654e-02	3.190782369947004621e-02	8.171979232265316750e-02
1.272333566191339514e+03	2.381953639632325703e-01	1.520981445241509911e-01	2.586140868397995840e-01	1.611030029760021631e-01	7.611848300082516006e-02	3.198159631345025289e-02	8.188932238240323458e-02
1.277171336404994690e+03	2.375942723682408775e-01	1.516822799098665464e-01	2.590060267412430117e-01	1.613752400066902348e-01	7.622925110396537585e-02	3.205505078639774019e-02	8.205787908346022508e-02
1.282009106618650094e+03	2.369966808869052310e-01	1.512687186691505370e-01	2.593956181350432488e-01	1.616458940422296764e-01	7.633943274879005647e-02	3.212818778260349839e-02	8.222546773514170793e-02
1.286846876832305497e+03	2.364025679504972444e-01	1.508574489971836741e-01	2.597828764377671518e-01	1.619149740601950882e-01	7.644903095151235617e-02	3.220100797666259479e-02	8.239209362604586750e-02
1.291684647045960673e+03	2.358119121475727997e-01	1.504484591285155659e-01	2.601678169460904244e-01	1.621824889885720433e-01	7.655804871200053152e-02	3.227351205322139677e-02	8.255776202389124296e-02
1.296522417259616077e+03	2.352246922223535097e-01	1.500417373374313412e-01	2.605504548379895535e-01	1.624484477060511578e-01	7.666648901394397531e-02	3.234570070672949244e-02	8.272247817536496073e-02
1.301360187473271253e+03	2.346408870731323537e-01	1.496372719383032290e-01	2.609308051739193668e-01	1.627128590423190246e-01	7.677435482501469843e-02	3.241757464119621179e-02	8.288624730597915491e-02
