3.468681243190838359e+03	1.408907335490816315e-01	8.198781790860125429e-02	3.218831457662353346e-01	2.065549115494857702e-01	9.566641215353104133e-02	4.553831822194296525e-02	1.074786608495783558e-01
3.483194553831804114e+03	1.406382522557508841e-01	8.194584808234484097e-02	3.223979632280843388e-01	2.058170855388786469e-01	9.600931275983261293e-02	4.562622494596217659e-02	1.075653131876028179e-01
3.497707864472769415e+03	1.404029479296819427e-01	8.190526337569740967e-02	3.226922372527535332e-01	2.054515331583884885e-01	9.619166604192100345e-02	4.570170404361159622e-02	1.076546481964023583e-01
3.512221175113736081e+03	1.401797724199230488e-01	8.186591880070119565e-02	3.228734852823070822e-01	2.052791491638101262e-01	9.628900321496716708e-02	4.576863080214253060e-02	1.077440403146052439e-01
3.526734485754701382e+03	1.399659535280288469e-01	8.182770871806206714e-02	3.229971631403940613e-01	2.052067674870737268e-01	9.634105061886513721e-02	4.582917708889051173e-02	1.078321794171420017e-01
3.541247796395667592e+03	1.397599217818879247e-01	8.179055014594235895e-02	3.230917348928725730e-01	2.051859560260262116e-01	9.636878739233485647e-02	4.588461670891377797e-02	1.079184330504786571e-01
3.555761107036633348e+03	1.395607476689652848e-01	8.175437391199162629e-02	3.231717021103802656e-01	2.051915600379143889e-01	9.638335477373938254e-02	4.593574544605245197e-02	1.080025160494129943e-01
3.570274417677599104e+03	1.393678456699716794e-01	8.171911989926215758e-02	3.232443680787334128e-01	2.052105311938424714e-01	9.639071492168856115e-02	4.598310042561389727e-02	1.080843198093443119e-01
3.584787728318565314e+03	1.391808179474305629e-01	8.168473443321423721e-02	3.233133438813672877e-01	2.052361132026124524e-01	9.639409120040889900e-02	4.602707495849595043e-02	1.081638243749271644e-01
3.599301038959531070e+03	1.389993712920344071e-01	8.165116879262822314e-02	3.233803614273227933e-01	2.052648166454338063e-01	9.639524949393329933e-02	4.606797894200357485e-02	1.082410534051004847e-01
3.613814349600496826e+03	1.388232726152764662e-01	8.161837831443775892e-02	3.234462077095220378e-01	2.052948458855216873e-01	9.639517330796355810e-02	4.610607089080624027e-02	1.083160512749288401e-01
3.628327660241463036e+03	1.386523248129041819e-01	8.158632181616091994e-02	3.235112037110094430e-01	2.053252817144008424e-01	9.639442121141887643e-02	4.614157517203770764e-02	1.083888715605247077e-01
3.642840970882427882e+03	1.384863534605781377e-01	8.155496119165767110e-02	3.235754479468228029e-01	2.053556571578702694e-01	9.639331738854750586e-02	4.617469151006820677e-02	1.084595713429121061e-01
3.657354281523394548e+03	1.383251993194629936e-01	8.152426110467690668e-02	3.236389387968300335e-01	2.053857376917775646e-01	9.639205418679551440e-02	4.620560043814574136e-02	1.085282084607679665e-01
3.671867592164359849e+03	1.381687139951412180e-01	8.149418874042982375e-02	3.237016347604405597e-01	2.054154076393034933e-01	9.639074801422634065e-02	4.623446661057606377e-02	1.085948402383392353e-01
3.686380902805326514e+03	1.380167573353958954e-01	8.146471359404948431e-02	3.237634831813442360e-01	2.054446116535731115e-01	9.638947032562970862e-02	4.626144097156322660e-02	1.086595229369010929e-01
3.700894213446291815e+03	1.378691958069024059e-01	8.143580728449564821e-02	3.238244331623663652e-01	2.054733247241308514e-01	9.638826517066820254e-02	4.628666229965576473e-02	1.087223115502375798e-01
3.715407524087257570e+03	1.377259014374310198e-01	8.140744338752468889e-02	3.238844407128221858e-01	2.055015369131047986e-01	9.638715939341717387e-02	4.631025839872618399e-02	1.087832597554308361e-01
3.729920834728223781e+03	1.375867510949458361e-01	8.137959728399409010e-02	3.239434702065980831e-01	2.055292456674180090e-01	9.638616874056243899e-02	4.633234707758844551e-02	1.088424199273499565e-01
3.744434145369189537e+03	1.374516259744610891e-01	8.135224602116920833e-02	3.240014941909630797e-01	2.055564520048127619e-01	9.638530163946726348e-02	4.635303699349391932e-02	1.088998431740895723e-01
3.758947456010155292e+03	1.373204112177714709e-01	8.132536818544769397e-02	3.240584925446731157e-01	2.055831586634470631e-01	9.638456161229372321e-02	4.637242840005983968e-02	1.089555793747640222e-01
3.773460766651120593e+03	1.371929956212794288e-01	8.129894378532802335e-02	3.241144514568264912e-01	2.056093692338195611e-01	9.638394886634124581e-02	4.639061382218918894e-02	1.090096772126730035e-01
3.787974077292087259e+03	1.370692714042214266e-01	8.127295414368426729e-02	3.241693624350234226e-01	2.056350877723099602e-01	9.638346136985492807e-02	4.640767867118980594e-02	1.090621842021731180e-01
3.802487387933053014e+03	1.369491340195496121e-01	8.124738179855314768e-02	3.242232214232863008e-01	2.056603186433630104e-01	9.638309559547217353e-02	4.642370180841674798e-02	1.091131467098159502e-01
3.817000698574018315e+03	1.368324819957099925e-01	8.122221041173569023e-02	3.242760280501849612e-01	2.056850664644503113e-01	9.638284704213051501e-02	4.643875606317965365e-02	1.091626099710658743e-01
3.831514009214984981e+03	1.367192168012827669e-01	8.119742468458619744e-02	3.243277850014444352e-01	2.057093360926797176e-01	9.638271060520327282e-02	4.645290870925850024e-02	1.092106181040021357e-01
3.846027319855950282e+03	1.366092427268492115e-01	8.117301028041666588e-02	3.243784975015490124e-01	2.057331326245343539e-01	9.638268084029669169e-02	4.646622190357765220e-02	1.092572141212335007e-01
3.860540630496916037e+03	1.365024667800465719e-01	8.114895375299263636e-02	3.244281728867063341e-01	2.057564613963682731e-01	9.638275215124035566e-02	4.647875309010476158e-02	1.093024399409981973e-01
3.875053941137881793e+03	1.363987985908678702e-01	8.112524248063783527e-02	3.244768202526479017e-01	2.057793279810636866e-01	9.638291892335444644e-02	4.649055537171631336e-02	1.093463363981690417e-01
3.889567251778848004e+03	1.362981503250337290e-01	8.110186460550307397e-02	3.245244501630157319e-01	2.058017381798290524e-01	9.638317561688182489e-02	4.650167785252883740e-02	1.093889432556648389e-01
3.904080562419813759e+03	1.362004366038151726e-01	8.107880897758941441e-02	3.245710744065634645e-01	2.058236980096177504e-01	9.638351683128185132e-02	4.651216595299612067e-02	1.094302992165932936e-01
3.918593873060779970e+03	1.361055744290891600e-01	8.105606510314784796e-02	3.246167057936725220e-01	2.058452136871610771e-01	9.638393734817177205e-02	4.652206169989904494e-02	1.094704419373155879e-01
3.933107183701745726e+03	1.360134831127046418e-01	8.103362309710704370e-02	3.246613579846204245e-01	2.058662916106717700e-01	9.638443215863413960e-02	4.653140399319735665e-02	1.095094080415217053e-01
3.947620494342711936e+03	1.359240842094571189e-01	8.101147363920831179e-02	3.247050453436177153e-01	2.058869383401569497e-01	9.638499647911702439e-02	4.654022885156652162e-02	1.095472331353335160e-01
3.962133804983676782e+03	1.358373014531346901e-01	8.098960793355239329e-02	3.247477828138963241e-01	2.059071605771032321e-01	9.638562575906187146e-02	4.654856963830704408e-02	1.095839518234016652e-01
3.976647115624642538e+03	1.357530606952219998e-01	8.096801767128593286e-02	3.247895858101229605e-01	2.059269651441222593e-01	9.638631568258929083e-02	4.655645726918607175e-02	1.096195977259288162e-01
3.991160426265608749e+03	1.356712898459417893e-01	8.094669499617716812e-02	3.248304701251919502e-01	2.059463589649892790e-01	9.638706216597461851e-02	4.656392040365220364e-02	1.096542034965303919e-01
4.005673736906575414e+03	1.355919188173845269e-01	8.092563247285063099e-02	3.248704518490556081e-01	2.059653490453823566e-01	9.638786135219926110e-02	4.657098562075328435e-02	1.096878008408316701e-01
4.020187047547540715e+03	1.355148794685295255e-01	8.090482305746871106e-02	3.249095472977203691e-01	2.059839424545296394e-01	9.638870960353046469e-02	4.657767758098340510e-02	1.097204205356952927e-01
4.034700358188505561e+03	1.354401055520014496e-01	8.088426007066522316e-02	3.249477729509026580e-01	2.060021463078949011e-01	9.638960349283212659e-02	4.658401917518920077e-02	1.097520924489719107e-01
4.049213668829472226e+03	1.353675326624376729e-01	8.086393717255158098e-02	3.249851453971241422e-01	2.060199677509754468e-01	9.639053979412254280e-02	4.659003166157625608e-02	1.097828455596698422e-01
4.063726979470437527e+03	1.352970981863644284e-01	8.084384833963088879e-02	3.250216812852465553e-01	2.060374139442431585e-01	9.639151547275438825e-02	4.659573479177386152e-02	1.098127079784442517e-01
4.078240290111404192e+03	1.352287412534978195e-01	8.082398784346808696e-02	3.250573972816225843e-01	2.060544920492292098e-01	9.639252767548775469e-02	4.660114692683984400e-02	1.098417069683123026e-01
4.092753600752369493e+03	1.351624026894001629e-01	8.080435023097685965e-02	3.250923100321765902e-01	2.060712092157307163e-01	9.639357372064853713e-02	4.660628514401665007e-02	1.098698689655081412e-01
4.107266911393336159e+03	1.350980249694318236e-01	8.078493030619503246e-02	3.251264361288374038e-01	2.060875725701037386e-01	9.639465108850629738e-02	4.661116533498477210e-02	1.098972196003986795e-01
4.121780222034301914e+03	1.350355521739468323e-01	8.076572311343085953e-02	3.251597920798339758e-01	2.061035892045960660e-01	9.639575741196219905e-02	4.661580229629946892e-02	1.099237837183883876e-01
4.136293532675267670e+03	1.349749299446876827e-01	8.074672392167137058e-02	3.251923942834343828e-01	2.061192661676677640e-01	9.639689046760591129e-02	4.662020981264151931e-02	1.099495854007492279e-01
4.150806843316233426e+03	1.349161054423385075e-01	8.072792821015352394e-02	3.252242590047658144e-01	2.061346104552437275e-01	9.639804816717660596e-02	4.662440073346175995e-02	1.099746479853179332e-01
4.165320153957199182e+03	1.348590273052005239e-01	8.070933165500633610e-02	3.252554023554002915e-01	2.061496290028418943e-01	9.639922854944613095e-02	4.662838704355217606e-02	1.099989940870105404e-01
4.179833464598164937e+03	1.348036456089559409e-01	8.069093011687990258e-02	3.252858402754294498e-01	2.061643286785195817e-01	9.640042977253018841e-02	4.663217992803341677e-02	1.100226456181093992e-01
4.194346775239130693e+03	1.347499118274896046e-01	8.067271962948359409e-02	3.253155885177846929e-01	2.061787162765825743e-01	9.640165010662436751e-02	4.663578983220872248e-02	1.100456238082843929e-01
4.208860085880096449e+03	1.346977787947391259e-01	8.065469638896237414e-02	3.253446626345847248e-01	2.061927985120031448e-01	9.640288792715592803e-02	4.663922651669785702e-02	1.100679492243148566e-01
4.223373396521062205e+03	1.346472006675459021e-01	8.063685674404566517e-02	3.253730779653182803e-01	2.062065820154949658e-01	9.640414170833790097e-02	4.664249910823113632e-02	1.100896417894841745e-01
4.237886707162027960e+03	1.345981328894811646e-01	8.061919718690847836e-02	3.254008496266871386e-01	2.062200733291958410e-01	9.640541001710958846e-02	4.664561614645282295e-02	1.101107208026229495e-01
4.252400017802994626e+03	1.345505321556215717e-01	8.060171434468939300e-02	3.254279925039540999e-01	2.062332789029117097e-01	9.640669150744561600e-02	4.664858562705466449e-02	1.101312049567809426e-01
4.266913328443960381e+03	1.345043563782505058e-01	8.058440497161428739e-02	3.254545212436535939e-01	2.062462050908777100e-01	9.640798491501532952e-02	4.665141504153473562e-02	1.101511123575118489e-01
4.281426639084926137e+03	1.344595646534615385e-01	8.056726594167919198e-02	3.254804502475384664e-01	2.062588581489955830e-01	9.640928905217338585e-02	4.665411141385224225e-02	1.101704605407576726e-01
4.295939949725891893e+03	1.344161172286418848e-01	8.055029424184871611e-02	3.255057936676450381e-01	2.062712442325085049e-01	9.641060280326327336e-02	4.665668133422752606e-02	1.101892664903231928e-01
4.310453260366857648e+03	1.343739754708134504e-01	8.053348696573077448e-02	3.255305654023728512e-01	2.062833693940772928e-01	9.641192512021501404e-02	4.665913099031604450e-02	1.102075466549327643e-01
4.324966571007824314e+03	1.343331018358105700e-01	8.051684130769064252e-02	3.255547790934807950e-01	2.062952395822248430e-01	9.641325501841997714e-02	4.666146619596646394e-02	1.102253169648649556e-01
4.339479881648789160e+03	1.342934598382735101e-01	8.050035455737100665e-02	3.255784481239131223e-01	2.063068606401171901e-01	9.641459157286533244e-02	4.666369241775626675e-02	1.102425928481618467e-01
4.353993192289754006e+03	1.342550140224374189e-01	8.048402409458700613e-02	3.256015856163751443e-01	2.063182383046522350e-01	9.641593391451223904e-02	4.666581479948239686e-02	1.102593892464119874e-01
4.368506502930720671e+03	1.342177299336972662e-01	8.046784738456767838e-02	3.256242044325838858e-01	2.063293782058293058e-01	9.641728122690237934e-02	4.666783818477007045e-02	1.102757206301078069e-01
4.383019813571686427e+03	1.341815740909292620e-01	8.045182197351766207e-02	3.256463171731294182e-01	2.063402858663747896e-01	9.641863274297825248e-02	4.666976713794987464e-02	1.102916010135791269e-01
4.397533124212653092e+03	1.341465139595499900e-01	8.043594548447496884e-02	3.256679361778824222e-01	2.063509667016001359e-01	9.641998774210369660e-02	4.667160596334090500e-02	1.103070439695063021e-01
4.412046434853618848e+03	1.341125179252948552e-01	8.042021561344264713e-02	3.256890735268941905e-01	2.063614260194712724e-01	9.642134554727167794e-02	4.667335872306670186e-02	1.103220626430170687e-01
4.426559745494584604e+03	1.340795552686980807e-01	8.040463012577367397e-02	3.257097410417367778e-01	2.063716690208696192e-01	9.642270552248728699e-02	4.667502925352050303e-02	1.103366697653724443e-01
4.441073056135550360e+03	1.340475961402562421e-01	8.038918685279056175e-02	3.257299502872366137e-01	2.063817008000260467e-01	9.642406707031464519e-02	4.667662118058678311e-02	1.103508776672474795e-01
4.455586366776516115e+03	1.340166115362586285e-01	8.037388368862186105e-02	3.257497125735581145e-01	2.063915263451112925e-01	9.642542962957711961e-02	4.667813793371757003e-02	1.103646982916137997e-01
4.470099677417481871e+03	1.339865732752673344e-01	8.035871858723983574e-02	3.257690389585988777e-01	2.064011505389665990e-01	9.642679267320093672e-02	4.667958275895399411e-02	1.103781432062308082e-01
4.484612988058447627e+03	1.339574539752308446e-01	8.034368955968450299e-02	3.257879402506594357e-01	2.064105781599609446e-01	9.642815570619284182e-02	4.668095873097631576e-02	1.103912236157535004e-01
4.499126298699412473e+03	1.339292270312150701e-01	8.032879467146039620e-02	3.258064270113553151e-01	2.064198138829606011e-01	9.642951826374332458e-02	4.668226876425885657e-02	1.104039503734648431e-01
4.513639609340379138e+03	1.339018665937358743e-01	8.031403204009338048e-02	3.258245095587412599e-01	2.064288622803997220e-01	9.643087990944712584e-02	4.668351562340014582e-02	1.104163339926409332e-01
4.528152919981345804e+03	1.338753475476781862e-01	8.029939983283629346e-02	3.258421979706198623e-01	2.064377278234397761e-01	9.643224023363347608e-02	4.668470193269307761e-02	1.104283846575577210e-01
4.542666230622311559e+03	1.338496454917864620e-01	8.028489626451235095e-02	3.258595020880101223e-01	2.064464148832080292e-01	9.643359885179918212e-02	4.668583018499443404e-02	1.104401122341478747e-01
4.557179541263276406e+03	1.338247367187117565e-01	8.027051959548670013e-02	3.258764315187520078e-01	2.064549277321049980e-01	9.643495540313770653e-02	4.668690274994852923e-02	1.104515262803167641e-01
4.571692851904243071e+03	1.338005981956015000e-01	8.025626812975707181e-02	3.258929956412272566e-01	2.064632705451726891e-01	9.643630954915832776e-02	4.668792188161530882e-02	1.104626360559264192e-01
4.586206162545208826e+03	1.337772075452176301e-01	8.024214021315489997e-02	3.259092036081766008e-01	2.064714474015145185e-01	9.643766097238942736e-02	4.668888972554917360e-02	1.104734505324563715e-01
4.600719473186175492e+03	1.337545430275694225e-01	8.022813423164958102e-02	3.259250643505967604e-01	2.064794622857606676e-01	9.643900937516061700e-02	4.668980832537104886e-02	1.104839784023505245e-01
4.615232783827140338e+03	1.337325835220481429e-01	8.021424860974822602e-02	3.259405865817007752e-01	2.064873190895710475e-01	9.644035447845877851e-02	4.669067962887297335e-02	1.104942280880587130e-01
4.629746094468105184e+03	1.337113085100497811e-01	8.020048180898475820e-02	3.259557788009278534e-01	2.064950216131700989e-01	9.644169602085306270e-02	4.669150549369116554e-02	1.105042077507819576e-01
4.644259405109071849e+03	1.336906980580737925e-01	8.018683232649197190e-02	3.259706492979895787e-01	2.065025735669074880e-01	9.644303375748486395e-02	4.669228769258082501e-02	1.105139252989301296e-01
4.658772715750037605e+03	1.336707328012851081e-01	8.017329869365108497e-02	3.259852061569409321e-01	2.065099785728396475e-01	9.644436745911827424e-02	4.669302791832304761e-02	1.105233883963005759e-01
4.673286026391004270e+03	1.336513939275273122e-01	8.015987947481330311e-02	3.259994572602649687e-01	2.065172401663270541e-01	9.644569691124751931e-02	4.669372778829213727e-02	1.105326044699863480e-01
4.687799337031970026e+03	1.336326631617751615e-01	8.014657326608909393e-02	3.260134102929622135e-01	2.065243617976431911e-01	9.644702191325757457e-02	4.669438884870904388e-02	1.105415807180223642e-01
4.702312647672935782e+03	1.336145227510149025e-01	8.013337869420014692e-02	3.260270727466356155e-01	2.065313468335909786e-01	9.644834227763475487e-02	4.669501257860473459e-02	1.105503241167775236e-01
4.716825958313901538e+03	1.335969554495411993e-01	8.012029441539021690e-02	3.260404519235634013e-01	2.065381985591229486e-01	9.644965782922419739e-02	4.669560039351555031e-02	1.105588414281012122e-01
4.731339268954867293e+03	1.335799445046594869e-01	8.010731911439096520e-02	3.260535549407529987e-01	2.065449201789620326e-01	9.645096840453110110e-02	4.669615364893057313e-02	1.105671392062315961e-01
4.745852579595833049e+03	1.335634736427830926e-01	8.009445150343924569e-02	3.260663887339696476e-01	2.065515148192200445e-01	9.645227385106328044e-02	4.669667364350971878e-02	1.105752238044737934e-01
4.760365890236798805e+03	1.335475270559147998e-01	8.008169032134257459e-02	3.260789600617337025e-01	2.065579855290107236e-01	9.645357402671227154e-02	4.669716162208961685e-02	1.105831013816551411e-01
4.774879200877764561e+03	1.335320893885022231e-01	8.006903433258975855e-02	3.260912755092825188e-01	2.065643352820553669e-01	9.645486879917075651e-02	4.669761877849309961e-02	1.105907779083651066e-01
4.789392511518729407e+03	1.335171457246576432e-01	8.005648232650384999e-02	3.261033414924917051e-01	2.065705669782783027e-01	9.645615804538387739e-02	4.669804625815679455e-02	1.105982591729867126e-01
4.803905822159696982e+03	1.335026815757318353e-01	8.004403311643476515e-02	3.261151642617519664e-01	2.065766834453908463e-01	9.645744165103256607e-02	4.669844516059025452e-02	1.106055507875266797e-01
4.818419132800663647e+03	1.334886828682330662e-01	8.003168553898927506e-02	3.261267499057987629e-01	2.065826874404612379e-01	9.645871951004683642e-02	4.669881654167898355e-02	1.106126581932507236e-01
4.832932443441628493e+03	1.334751359320816289e-01	8.001943845329596849e-02	3.261381043554909542e-01	2.065885816514695661e-01	9.645999152414722055e-02	4.669916141584273123e-02	1.106195866661308230e-01
4.837770213655283442e+03	1.334620274891910319e-01	8.000729074030329957e-02	3.261492333875359861e-01	2.065943686988458428e-01	9.646125760241253122e-02	4.669948075805949173e-02	1.106263413221106884e-01
