3.725083064514568036e+02	4.453583873085394385e-01	2.851562126039766110e-01	1.178705905441688462e-01	7.082273581365970683e-02	3.944656465973793436e-02	1.340461745418267819e-02	2.794089161558216405e-02
3.773460766651120935e+02	4.435223510011108705e-01	2.840178313801843824e-01	1.192031135095378280e-01	7.159366474259484803e-02	3.978329746471774564e-02	1.350574611087893701e-02	2.837399579082270501e-02
3.821838468787673833e+02	4.416973920312228241e-01	2.828855886925558671e-01	1.205260837956435988e-01	7.236054115370721407e-02	4.011728581344366912e-02	1.360757613610182049e-02	2.880553237717236800e-02
3.870216170924226162e+02	4.398834389611082640e-01	2.817594535586285254e-01	1.218395744014909021e-01	7.312338170362084333e-02	4.044857609379977348e-02	1.371008075071438598e-02	2.923549453048460839e-02
3.918593873060780197e+02	4.380804208946010858e-01	2.806393951170129131e-01	1.231436580503671996e-01	7.388220307201295856e-02	4.077721335853033702e-02	1.381323383704933204e-02	2.966387567027346100e-02
3.966971575197332527e+02	4.362882674714982367e-01	2.795253826275496123e-01	1.244384071740409770e-01	7.463702195906542214e-02	4.110324137010529233e-02	1.391700992131562724e-02	3.009066947627213329e-02
4.015349277333884856e+02	4.345069088620113207e-01	2.784173854714524499e-01	1.257238938978584297e-01	7.538785508298849469e-02	4.142670264402519703e-02	1.402138415653321132e-02	3.051586988497820979e-02
4.063726979470438323e+02	4.327362757613055222e-01	2.773153731514373388e-01	1.270001900267016814e-01	7.613471917761523156e-02	4.174763849062074900e-02	1.412633230597853083e-02	3.093947108618835123e-02
4.112104681606991221e+02	4.309762993841236289e-01	2.762193152918372974e-01	1.282673670317730497e-01	7.687763099006424128e-02	4.206608905539957477e-02	1.423183072712427832e-02	3.136146751952526013e-02
4.160482383743544119e+02	4.292269114594943757e-01	2.751291816387040345e-01	1.295254960381717890e-01	7.761660727846915464e-02	4.238209335799132671e-02	1.433785635605726479e-02	3.178185387095949777e-02
4.208860085880095880e+02	4.274880442255212798e-01	2.740449420598957131e-01	1.307746478132298107e-01	7.835166480977265313e-02	4.269568932974029951e-02	1.444438669235892543e-02	3.220062506932874075e-02
4.257237788016648778e+02	4.257596304242520779e-01	2.729665665451529444e-01	1.320148927555756524e-01	7.908282035758357198e-02	4.300691384999302119e-02	1.455139978443343619e-02	3.261777628285675995e-02
4.305615490153201677e+02	4.240416032966258242e-01	2.718940252061607943e-01	1.332463008848956965e-01	7.981009070009513484e-02	4.331580278112660831e-02	1.465887421526899416e-02	3.303330291567441179e-02
4.353993192289755143e+02	4.223338965774967035e-01	2.708272882765991318e-01	1.344689418323638253e-01	8.053349261806276582e-02	4.362239100236207229e-02	1.476678908861823493e-02	3.344720060434471648e-02
4.402370894426308041e+02	4.206364444907319533e-01	2.697663261121808764e-01	1.356828848317112868e-01	8.125304289283967474e-02	4.392671244240524409e-02	1.487512401558429946e-02	3.385946521439416046e-02
4.450748596562860939e+02	4.189491817443835031e-01	2.687111091906776994e-01	1.368881987109096809e-01	8.196875830446881395e-02	4.422880011095636776e-02	1.498385910159947577e-02	3.427009283685199942e-02
4.499126298699413837e+02	4.172720435259306138e-01	2.676616081119349566e-01	1.380849518844411705e-01	8.268065562982954142e-02	4.452868612912802559e-02	1.509297493378380060e-02	3.467907978479942144e-02
4.547504000835967304e+02	4.156049654975927377e-01	2.666177935978747970e-01	1.392732123461309091e-01	8.338875164083754676e-02	4.482640175880983624e-02	1.520245256867143284e-02	3.508642258993032587e-02
4.595881702972519065e+02	4.139478837917109910e-01	2.655796364924877806e-01	1.404530476625173718e-01	8.409306310269661078e-02	4.512197743101659803e-02	1.531227352029302172e-02	3.549211799912522364e-02
4.644259405109071963e+02	4.123007350061961840e-01	2.645471077618147815e-01	1.416245249667376083e-01	8.479360677220071363e-02	4.541544277325573059e-02	1.542241974860268650e-02	3.589616297103991743e-02
4.692637107245624861e+02	4.106634562000431310e-01	2.635201784939168457e-01	1.427877109529053501e-01	8.549039939608522876e-02	4.570682663594825834e-02	1.553287364823860948e-02	3.629855467271024538e-02
4.741014809382177759e+02	4.090359848889086880e-01	2.624988198988358890e-01	1.439426718709599373e-01	8.618345770942574535e-02	4.599615711793656608e-02	1.564361803760662417e-02	3.669929047617434548e-02
4.789392511518730657e+02	4.074182590407530169e-01	2.614830033085441818e-01	1.450894735219661891e-01	8.687279843408339530e-02	4.628346159111081798e-02	1.575463614827652195e-02	3.709836795511373825e-02
4.837770213655284124e+02	4.058102170715425228e-01	2.604727001768847305e-01	1.462281812538447912e-01	8.755843827719533845e-02	4.656876672418511220e-02	1.586591161468114616e-02	3.749578488151423389e-02
4.886147915791837022e+02	4.042117978410130208e-01	2.594678820795016105e-01	1.473588599575144376e-01	8.824039392970917106e-02	4.685209850565288936e-02	1.597742846410871512e-02	3.789153922234804461e-02
4.934525617928388783e+02	4.026229406484920226e-01	2.584685207137606966e-01	1.484815740634273518e-01	8.891868206496016114e-02	4.713348226595056450e-02	1.608917110697907424e-02	3.828562913627794884e-02
4.982903320064942250e+02	4.010435852287792535e-01	2.574745878986612890e-01	1.495963875384807296e-01	8.959331933729015873e-02	4.741294269885691637e-02	1.620112432739491751e-02	3.867805297038457574e-02
5.031281022201495148e+02	3.994736717480835142e-01	2.564860555747385251e-01	1.507033638832865619e-01	9.026432238070696001e-02	4.769050388215511499e-02	1.631327327395937568e-02	3.906880925691772616e-02
5.079658724338048046e+02	3.979131408000157188e-01	2.555028958039572973e-01	1.518025661297843498e-01	9.093170780758320915e-02	4.796618929758315886e-02	1.642560345085151627e-02	3.945789671007254862e-02
5.128036426474600376e+02	3.963619334016361129e-01	2.545250807695968454e-01	1.528940568391805033e-01	9.159549220739367226e-02	4.824002185009752114e-02	1.653810070915176511e-02	3.984531422279143087e-02
5.176414128611153274e+02	3.948199909895549475e-01	2.535525827761275774e-01	1.539778981001995450e-01	9.225569214548999530e-02	4.851202388647420788e-02	1.665075123840933577e-02	4.023106086359228700e-02
5.224791830747705035e+02	3.932872554160858902e-01	2.525853742490791753e-01	1.550541515276327720e-01	9.291232416191171073e-02	4.878221721327020977e-02	1.676354155844420393e-02	4.061513587342392706e-02
5.273169532884259070e+02	3.917636689454505050e-01	2.516234277349010395e-01	1.561228782611700783e-01	9.356540477023295166e-02	4.905062311416785725e-02	1.687645851137623346e-02	4.099753866254922385e-02
5.321547235020811968e+02	3.902491742500333594e-01	2.506667159008144075e-01	1.571841389645020903e-01	9.421495045644344424e-02	4.931726236672353408e-02	1.698948925387447351e-02	4.137826880745654190e-02
5.369924937157364866e+02	3.887437144066864247e-01	2.497152115346570889e-01	1.582379938246795681e-01	9.486097767786330626e-02	4.958215525854169775e-02	1.710262124961973648e-02	4.175732604780005991e-02
5.418302639293917764e+02	3.872472328930819940e-01	2.487688875447204850e-01	1.592845025517173607e-01	9.550350286209052797e-02	4.984532160289413538e-02	1.721584226197390294e-02	4.213471028336945173e-02
5.466680341430470662e+02	3.857596735841132274e-01	2.478277169595795859e-01	1.603237243784318422e-01	9.614254240598034407e-02	5.010678075380398805e-02	1.732914034684953156e-02	4.251042157108934905e-02
5.515058043567023560e+02	3.842809807483412166e-01	2.468916729279154454e-01	1.613557180604998365e-01	9.677811267465562250e-02	5.036655162061307034e-02	1.744250384577363325e-02	4.288446012204903679e-02
5.563435745703576458e+02	3.828110990444881234e-01	2.459607287183309676e-01	1.623805418767280961e-01	9.741023000054770120e-02	5.062465268205067204e-02	1.755592137913965234e-02	4.325682629856271444e-02
5.611813447840129356e+02	3.813499735179747274e-01	2.450348577191596156e-01	1.633982536295234267e-01	9.803891068246645135e-02	5.088110199982117526e-02	1.766938183964184700e-02	4.362752061126068392e-02
5.660191149976681118e+02	3.798975495975027150e-01	2.441140334382677357e-01	1.644089106455526861e-01	9.866417098469926206e-02	5.113591723172726533e-02	1.778287438588652125e-02	4.399654371621173482e-02
5.708568852113234016e+02	3.784537730916797127e-01	2.431982295028502494e-01	1.654125697765833625e-01	9.928602713613789155e-02	5.138911564434498619e-02	1.789638843617471012e-02	4.436389641207701129e-02
5.756946554249786914e+02	3.770185901856871191e-01	2.422874196592200158e-01	1.664092874004952649e-01	9.990449532943264377e-02	5.164071412526622523e-02	1.800991366245109637e-02	4.472957963729555508e-02
5.805324256386339812e+02	3.755919474379895151e-01	2.413815777725910883e-01	1.673991194224547230e-01	1.005195917201729960e-01	5.189072919492373342e-02	1.812343998441412821e-02	4.509359446730176746e-02
5.853701958522892710e+02	3.741737917770848187e-01	2.404806778268559764e-01	1.683821212762423025e-01	1.011313324260943031e-01	5.213917701801320387e-02	1.823695756378241814e-02	4.545594211177493571e-02
5.902079660659445608e+02	3.727640704982954079e-01	2.395846939243568285e-01	1.693583479257259883e-01	1.017397335263094948e-01	5.238607341452654331e-02	1.835045679871276023e-02	4.581662391192094924e-02
5.950457362795999643e+02	3.713627312605977115e-01	2.386936002856512307e-01	1.703278538664722563e-01	1.023448110605654909e-01	5.263143387040976340e-02	1.846392831836515813e-02	4.617564133778635782e-02
5.998835064932552541e+02	3.699697220834913813e-01	2.378073712492722591e-01	1.712906931274869315e-01	1.029465810285235955e-01	5.287527354785861305e-02	1.857736297761046138e-02	4.653299598560480671e-02
6.047212767069104302e+02	3.685849913439060432e-01	2.369259812714830382e-01	1.722469192730790299e-01	1.035450593890630822e-01	5.311760729526458780e-02	1.869075185187634575e-02	4.688868957517598052e-02
6.095590469205657200e+02	3.672084877731459640e-01	2.360494049260261906e-01	1.731965854048403419e-01	1.041402620596076495e-01	5.335844965682347285e-02	1.880408623212748848e-02	4.724272394727702801e-02
6.143968171342210098e+02	3.658401604538711327e-01	2.351776169038680142e-01	1.741397441637343169e-01	1.047322049154740531e-01	5.359781488181814685e-02	1.891735761997597604e-02	4.759510106110651645e-02
6.192345873478761860e+02	3.644799588171146465e-01	2.343105920129376629e-01	1.750764477322875878e-01	1.053209037892423178e-01	5.383571693358698423e-02	1.903055772291800674e-02	4.794582299176096407e-02
6.240723575615315895e+02	3.631278326393354572e-01	2.334483051778614981e-01	1.760067478368783078e-01	1.059063744701470300e-01	5.407216949818880597e-02	1.914367844969323135e-02	4.829489192774381878e-02
6.289101277751868793e+02	3.617837320395063117e-01	2.325907314396926662e-01	1.769306957501151079e-01	1.064886327034891694e-01	5.430718599277489789e-02	1.925671190576306452e-02	4.864231016850693867e-02
6.337478979888421691e+02	3.604476074762356097e-01	2.317378459556359849e-01	1.778483422933012648e-01	1.070676941900679802e-01	5.454077957367831075e-02	1.936965038890443164e-02	4.898808012202448409e-02
6.385856682024975726e+02	3.591194097449234568e-01	2.308896239987685006e-01	1.787597378389787217e-01	1.076435745856323400e-01	5.477296314423023976e-02	1.948248638491564128e-02	4.933220430239913107e-02
6.434234384161527487e+02	3.577990899749503573e-01	2.300460409577555487e-01	1.796649323135464105e-01	1.082162895003511982e-01	5.500374936231296197e-02	1.959521256343103521e-02	4.967468532750055066e-02
6.482612086298080385e+02	3.564865996268988257e-01	2.292070723365625118e-01	1.805639751999484621e-01	1.087858544983025116e-01	5.523315064765848409e-02	1.970782177384125186e-02	5.001552591663597364e-02
6.530989788434633283e+02	3.551818904898071949e-01	2.283726937541625535e-01	1.814569155404271716e-01	1.093522850969804311e-01	5.546117918890172693e-02	1.982030704131606744e-02	5.035472888825287541e-02
6.579367490571185044e+02	3.538849146784545097e-01	2.275428809442403555e-01	1.823438019393363307e-01	1.099155967668199174e-01	5.568784695039676047e-02	1.993266156292677546e-02	5.069229715767346184e-02
6.627745192707737942e+02	3.525956246306765629e-01	2.267176097548918301e-01	1.832246825660104605e-01	1.104758049307387469e-01	5.591316567880427746e-02	2.004487870386527718e-02	5.102823373486092828e-02
6.676122894844290840e+02	3.513139731047130732e-01	2.258968561483200854e-01	1.840996051576860859e-01	1.110329249636961557e-01	5.613714690945830615e-02	2.015695199375709679e-02	5.136254172221730446e-02
6.724500596980843738e+02	3.500399131765836169e-01	2.250805962005278105e-01	1.849686170224706383e-01	1.115869721922679719e-01	5.635980197251972551e-02	2.026887512306554950e-02	5.169522431241271865e-02
6.772878299117396637e+02	3.487733982374942587e-01	2.242688061010060241e-01	1.858317650423555178e-01	1.121379618942376782e-01	5.658114199892403523e-02	2.038064193958456088e-02	5.202628478624592157e-02
6.821256001253949535e+02	3.475143819912727139e-01	2.234614621524191602e-01	1.866890956762695120e-01	1.126859092982028937e-01	5.680117792613043753e-02	2.049224644501750417e-02	5.235572651053579246e-02
6.869633703390502433e+02	3.462628184518317664e-01	2.226585407702871278e-01	1.875406549631692954e-01	1.132308295831972733e-01	5.701992050367919035e-02	2.060368279163966865e-02	5.268355293604377182e-02
6.918011405527055331e+02	3.450186619406614419e-01	2.218600184826638733e-01	1.883864885251631538e-01	1.137727378783270071e-01	5.723738029856377529e-02	2.071494527904197552e-02	5.300976759542688765e-02
6.966389107663608229e+02	3.437818670843484914e-01	2.210658719298129182e-01	1.892266415706655991e-01	1.143116492624219049e-01	5.745356770042436834e-02	2.082602835095360289e-02	5.333437410122123662e-02
7.014766809800161127e+02	3.425523888121231320e-01	2.202760778638797046e-01	1.900611588975790744e-01	1.148475787637004697e-01	5.766849292656869852e-02	2.093692659214137219e-02	5.365737614385568399e-02
7.063144511936714025e+02	3.413301823534327095e-01	2.194906131485610257e-01	1.908900848965001396e-01	1.153805413594487239e-01	5.788216602682634548e-02	2.104763472538365501e-02	5.397877748969551193e-02
7.111522214073266923e+02	3.401152032355416743e-01	2.187094547587716542e-01	1.917134635539475829e-01	1.159105519757124558e-01	5.809459688824215179e-02	2.115814760851678772e-02	5.429858197911580087e-02
7.159899916209819821e+02	3.389074072811575356e-01	2.179325797803080278e-01	1.925313384556093244e-01	1.164376254870025940e-01	5.830579523961438443e-02	2.126846023155190904e-02	5.461679352460437065e-02
7.208277618346371582e+02	3.377067506060822955e-01	2.171599654095093812e-01	1.933437527896061381e-01	1.169617767160131966e-01	5.851577065588289134e-02	2.137856771386031571e-02	5.493341610889393434e-02
7.256655320482924481e+02	3.365131896168894743e-01	2.163915889529162973e-01	1.941507493497692804e-01	1.174830204333519451e-01	5.872453256237254726e-02	2.148846530142539679e-02	5.524845378312322891e-02
7.305033022619478515e+02	3.353266810086253935e-01	2.156274278269265654e-01	1.949523705389302197e-01	1.180013713572828637e-01	5.893209023889688092e-02	2.159814836415933220e-02	5.556191066502695619e-02
7.353410724756030277e+02	3.341471817625353835e-01	2.148674595574487922e-01	1.957486583722197471e-01	1.185168441534807104e-01	5.913845282372672679e-02	2.170761239328277206e-02	5.587379093715412470e-02
7.401788426892584312e+02	3.329746491438135836e-01	2.141116617795535693e-01	1.965396544803750811e-01	1.190294534347970112e-01	5.934362931742859920e-02	2.181685299876575182e-02	5.618409884511467445e-02
7.450166129029136073e+02	3.318090406993771113e-01	2.133600122371223651e-01	1.973254001130521074e-01	1.195392137610373495e-01	5.954762858657716013e-02	2.192586590682820205e-02	5.649283869585401685e-02
7.498543831165690108e+02	3.306503142556627695e-01	2.126124887824943077e-01	1.981059361421417531e-01	1.200461396387496049e-01	5.975045936734625640e-02	2.203464695749838415e-02	5.680001485595524008e-02
7.546921533302243006e+02	3.294984279164472896e-01	2.118690693761109411e-01	1.988813030650880831e-01	1.205502455210229612e-01	5.995213026898255776e-02	2.214319210222775308e-02	5.710563174996874380e-02
7.595299235438793630e+02	3.283533400606902797e-01	2.111297320861585392e-01	1.996515410082066178e-01	1.210515458072973782e-01	6.015264977716591049e-02	2.225149740156063399e-02	5.740969385876895648e-02
7.643676937575347665e+02	3.272150093403991544e-01	2.103944550882090869e-01	2.004166897300014849e-01	1.215500548431831251e-01	6.035202625726027864e-02	2.235955902285733168e-02	5.771220571793791998e-02
7.692054639711900563e+02	3.260833946785162696e-01	2.096632166648588480e-01	2.011767886244791581e-01	1.220457869202905277e-01	6.055026795745905438e-02	2.246737323806913961e-02	5.801317191617539476e-02
7.740432341848452324e+02	3.249584552668278725e-01	2.089359952053654601e-01	2.019318767244583646e-01	1.225387562760691662e-01	6.074738301182826261e-02	2.257493642156396113e-02	5.831259709373528416e-02
7.788810043985006359e+02	3.238401505638941469e-01	2.082127692052831991e-01	2.026819927048739145e-01	1.230289770936566773e-01	6.094337944325128181e-02	2.268224504800112062e-02	5.861048594088801716e-02
7.837187746121558121e+02	3.227284402930005180e-01	2.074935172660965221e-01	2.034271748860733975e-01	1.235164635017368118e-01	6.113826516627838409e-02	2.278929569025411189e-02	5.890684319640861200e-02
7.885565448258112156e+02	3.216232844401297752e-01	2.067782180948520288e-01	2.041674612371056352e-01	1.240012295744064436e-01	6.133204798988434875e-02	2.289608501737997598e-02	5.920167364609019850e-02
7.933943150394665054e+02	3.205246432519543998e-01	2.060668505037890064e-01	2.049028893789996975e-01	1.244832893310513777e-01	6.152473562013732050e-02	2.300260979263410097e-02	5.949498212128258301e-02
7.982320852531219089e+02	3.194324772338492657e-01	2.053593934099683938e-01	2.056334965880330101e-01	1.249626567362308316e-01	6.171633566278194455e-02	2.310886687152928498e-02	5.978677349745573771e-02
8.030698554667769713e+02	3.183467471479244360e-01	2.046558258349005510e-01	2.063593197989880557e-01	1.254393456995701317e-01	6.190685562573969292e-02	2.321485319993783769e-02	6.007705269278777738e-02
8.079076256804323748e+02	3.172674140110771090e-01	2.039561269041713365e-01	2.070803956083962505e-01	1.259133700756617513e-01	6.209630292152921310e-02	2.332056581223566905e-02	6.036582466677717362e-02
8.127453958940876646e+02	3.161944390930632731e-01	2.032602758470672677e-01	2.077967602777682499e-01	1.263847436639741473e-01	6.228468486960941214e-02	2.342600182948723769e-02	6.065309441887895697e-02
8.175831661077428407e+02	3.151277839145883441e-01	2.025682519961992667e-01	2.085084497368095979e-01	1.268534802087684654e-01	6.247200869864792672e-02	2.353115845767030784e-02	6.093886698716456662e-02
8.224209363213982442e+02	3.140674102454166783e-01	2.018800347871254897e-01	2.092154995866212508e-01	1.273195933990228512e-01	6.265828154871755373e-02	2.363603298593952920e-02	6.122314744700512595e-02
8.272587065350534203e+02	3.130132801024993472e-01	2.011956037579727685e-01	2.099179451028837795e-01	1.277830968683640323e-01	6.284351047342301433e-02	2.374062278492778538e-02	6.150594090977774125e-02
8.320964767487085965e+02	3.119653557481206763e-01	2.005149385490571368e-01	2.106158212390248363e-01	1.282440041950062837e-01	6.302770244196047311e-02	2.384492530508440164e-02	6.178725252159464332e-02
8.369342469623640000e+02	3.109235996880624908e-01	1.998380189025035780e-01	2.113091626293689129e-01	1.287023289016972216e-01	6.321086434111213015e-02	2.394893807504926489e-02	6.206708746205483185e-02
8.417720171760191761e+02	3.098879746697862925e-01	1.991648246618645812e-01	2.119980035922690020e-01	1.291580844556707297e-01	6.339300297717796739e-02	2.405265870006190534e-02	6.234545094301795209e-02
8.466097873896745796e+02	3.088584436806330880e-01	1.984953357717378908e-01	2.126823781332194407e-01	1.296112842686062139e-01	6.357412507784693245e-02	2.415608486040473485e-02	6.262234820740007757e-02
8.514475576033297557e+02	3.078349699460403710e-01	1.978295322773837017e-01	2.133623199479492138e-01	1.300619416965947961e-01	6.375423729400950257e-02	2.425921430987952945e-02	6.289778452799120456e-02
8.562853278169851592e+02	3.068175169277765346e-01	1.971673943243406613e-01	2.140378624254955231e-01	1.305100700401115865e-01	6.393334620151372438e-02	2.436204487431632357e-02	6.317176520629405601e-02
8.611230980306403353e+02	3.058060483221914372e-01	1.965089021580414819e-01	2.147090386512569005e-01	1.309556825439941730e-01	6.411145830286642255e-02	2.446457445011395934e-02	6.344429557138403508e-02
8.659608682442956251e+02	3.048005280584847876e-01	1.958540361234278326e-01	2.153758814100253105e-01	1.313987923974274108e-01	6.428858002888175605e-02	2.456680100281145168e-02	6.371538097878989837e-02
8.707986384579510286e+02	3.038009202969897404e-01	1.952027766645646756e-01	2.160384231889970752e-01	1.318394127339338195e-01	6.446471774027862089e-02	2.466872256568946112e-02	6.398502680939503751e-02
8.756364086716062047e+02	3.028071894274736442e-01	1.945551043242537415e-01	2.166966961807622605e-01	1.322775566313699747e-01	6.463987772922873132e-02	2.477033723840106963e-02	6.425323846835896691e-02
8.804741788852616082e+02	3.018193000674544990e-01	1.939109997436468669e-01	2.173507322862716362e-01	1.327132371119283394e-01	6.481406622085710001e-02	2.487164318563122797e-02	6.452002138405882326e-02
8.853119490989170117e+02	3.008372170605326246e-01	1.932704436618586652e-01	2.180005631177816261e-01	1.331464671421445922e-01	6.498728937469638867e-02	2.497263863578408349e-02	6.478538100705048819e-02
8.901497193125721878e+02	2.998609054747391478e-01	1.926334169155788090e-01	2.186462200017763868e-01	1.335772596329105055e-01	6.515955328609683572e-02	2.507332187969759513e-02	6.504932280904919539e-02
8.949874895262273640e+02	2.988903306008987570e-01	1.919999004386839792e-01	2.192877339818669058e-01	1.340056274394917646e-01	6.533086398759309354e-02	2.517369126938471396e-02	6.531185228192928904e-02
8.998252597398827675e+02	2.979254579510082213e-01	1.913698752618493426e-01	2.199251358216670338e-01	1.344315833615509492e-01	6.550122745022958493e-02	2.527374521680054303e-02	6.557297493674281441e-02
9.046630299535379436e+02	2.969662532566298974e-01	1.907433225121599740e-01	2.205584560076458700e-01	1.348551401431755392e-01	6.567064958484557236e-02	2.537348219263481017e-02	6.583269630275684348e-02
9.095008001671932334e+02	2.960126824672998924e-01	1.901202234127216673e-01	2.211877247519567213e-01	1.352763104729106380e-01	6.583913624332154990e-02	2.547290072512906414e-02	6.609102192650896657e-02
9.143385703808486369e+02	2.950647117489509363e-01	1.895005592822719687e-01	2.218129719952421364e-01	1.356951069837963875e-01	6.600669321978798465e-02	2.557199939891803553e-02	6.634795737088108880e-02
9.191763405945038130e+02	2.941223074823496875e-01	1.888843115347906276e-01	2.224342274094148475e-01	1.361115422534101560e-01	6.617332625179786487e-02	2.567077685389454467e-02	6.660350821419086520e-02
9.240141108081592165e+02	2.931854362615484155e-01	1.882714616791101858e-01	2.230515204004146768e-01	1.365256288039128907e-01	6.633904102146417903e-02	2.576923178409742249e-02	6.685768004930084385e-02
9.288518810218145063e+02	2.922540648923505069e-01	1.876619913185263999e-01	2.236648801109413498e-01	1.369373791021000486e-01	6.650384315656347745e-02	2.586736293662194111e-02	6.711047848274484529e-02
9.336896512354697961e+02	2.913281603907902917e-01	1.870558821504085534e-01	2.242743354231626629e-01	1.373468055594567194e-01	6.666773823160671020e-02	2.596516911055215746e-02	6.736190913387148094e-02
9.385274214491247449e+02	2.904076899816262491e-01	1.864531159658096848e-01	2.248799149613984194e-01	1.377539205322167448e-01	6.683073176887836808e-02	2.606264915591469805e-02	6.761197763400438043e-02
9.433651916627801484e+02	2.894926210968479796e-01	1.858536746490770941e-01	2.254816470947798301e-01	1.381587363214261122e-01	6.699282923944505086e-02	2.615980197265353746e-02	6.786068962561903062e-02
9.482029618764355519e+02	2.885829213741963883e-01	1.852575401774626263e-01	2.260795599398842393e-01	1.385612651730099287e-01	6.715403606413435089e-02	2.625662650962517358e-02	6.810805076153597648e-02
9.530407320900908417e+02	2.876785586556974139e-01	1.846646946207330109e-01	2.266736813633454806e-01	1.389615192778435593e-01	6.731435761448530120e-02	2.635312176361383207e-02	6.835406670413005092e-02
9.578785023037459041e+02	2.867795009862087463e-01	1.840751201407807291e-01	2.272640389844393927e-01	1.393595107718272330e-01	6.747379921367091526e-02	2.644928677836621070e-02	6.859874312455539747e-02
9.627162725174014213e+02	2.858857166119793125e-01	1.834887989912344641e-01	2.278506601776448259e-01	1.397552517359644808e-01	6.763236613739416481e-02	2.654512064364529522e-02	6.884208570198613319e-02
9.675540427310568248e+02	2.849971739792215852e-01	1.829057135170700232e-01	2.284335720751800303e-01	1.401487541964438199e-01	6.779006361475797826e-02	2.664062249430284440e-02	6.908410012287237445e-02
9.723918129447120009e+02	2.841138417326967702e-01	1.823258461542216491e-01	2.290128015695144514e-01	1.405400301247240746e-01	6.794689682911032869e-02	2.673579150937010346e-02	6.932479208021133377e-02
9.772295831583674044e+02	2.832356887143119284e-01	1.817491794291931362e-01	2.295883753158558249e-01	1.409290914376231107e-01	6.810287091886502164e-02	2.683062691116637130e-02	6.956416727283333545e-02
9.820673533720223531e+02	2.823626839617302542e-01	1.811756959586695026e-01	2.301603197346129837e-01	1.413159499974095124e-01	6.825799097829915452e-02	2.692512796442495318e-02	6.980223140470248611e-02
9.869051235856777566e+02	2.814947967069924006e-01	1.806053784491289671e-01	2.307286610138338800e-01	1.417006176118977001e-01	6.841226205832787177e-02	2.701929397543619688e-02	7.003899018423177802e-02
9.917428937993331601e+02	2.806319963751510160e-01	1.800382096964551759e-01	2.312934251116194884e-01	1.420831060345461305e-01	6.856568916725740148e-02	2.711312429120716835e-02	7.027444932361238961e-02
9.965806640129884499e+02	2.797742525829164384e-01	1.794741725855497350e-01	2.318546377585130880e-01	1.424634269645582152e-01	6.871827727151673393e-02	2.720661829863761996e-02	7.050861453815700230e-02
1.001418434226643626e+03	2.789215351373141027e-01	1.789132500899452138e-01	2.324123244598653715e-01	1.428415920469865430e-01	6.887003129636898313e-02	2.729977542371190419e-02	7.074149154565682884e-02
1.006256204440298802e+03	2.780738140343540499e-01	1.783554252714184551e-01	2.329665104981755164e-01	1.432176128728394893e-01	6.902095612660280599e-02	2.739259513070647564e-02	7.097308606575222778e-02
1.011093974653954206e+03	2.772310594577114817e-01	1.778006812796045499e-01	2.335172209354078598e-01	1.435915009791911001e-01	6.917105660720473947e-02	2.748507692141262046e-02	7.120340381931662688e-02
1.015931744867609382e+03	2.763932417774190298e-01	1.772490013516110352e-01	2.340644806152849255e-01	1.439632678492931694e-01	6.932033754401303871e-02	2.757722033437413900e-02	7.143245052785365812e-02
1.020769515081264785e+03	2.755603315485697924e-01	1.767003688116325910e-01	2.346083141655561921e-01	1.443329249126902580e-01	6.946880370435344620e-02	2.766902494413957247e-02	7.166023191290707417e-02
1.025607285294920075e+03	2.747322995100319742e-01	1.761547670705663760e-01	2.351487460002434637e-01	1.447004835453370719e-01	6.961645981765778035e-02	2.776049036052874799e-02	7.188675369548346017e-02
1.030445055508575479e+03	2.739091165831740171e-01	1.756121796256278067e-01	2.356858003218623709e-01	1.450659550697183386e-01	6.976331057606560693e-02	2.785161622791326383e-02	7.211202159548742163e-02
1.035282825722230655e+03	2.730907538706008886e-01	1.750725900599668650e-01	2.362195011236203623e-01	1.454293507549711817e-01	6.990936063500970132e-02	2.794240222451068248e-02	7.233604133116910972e-02
1.040120595935886058e+03	2.722771826549009178e-01	1.745359820422850705e-01	2.367498721915914650e-01	1.457906818170096319e-01	7.005461461378581500e-02	2.803284806169206028e-02	7.255881861858377857e-02
1.044958366149541234e+03	2.714683743974032892e-01	1.740023393264530926e-01	2.372769371068677857e-01	1.461499594186514983e-01	7.019907709610714863e-02	2.812295348330262276e-02	7.278035917106333297e-02
1.049796136363196410e+03	2.706643007369459730e-01	1.734716457511286669e-01	2.378007192476876419e-01	1.465071946697475425e-01	7.034275263064425354e-02	2.821271826499522836e-02	7.300066869869950570e-02
1.054633906576851814e+03	2.698649334886540352e-01	1.729438852393756498e-01	2.383212417915411274e-01	1.468623986273124293e-01	7.048564573155048640e-02	2.830214221357638463e-02	7.321975290783860890e-02
1.059471676790506763e+03	2.690702446427284955e-01	1.724190417982832679e-01	2.388385277172526688e-01	1.472155822956582594e-01	7.062776087897379429e-02	2.839122516636458787e-02	7.343761750058767912e-02
1.064309447004162394e+03	2.682802063632444001e-01	1.718970995185863659e-01	2.393525998070410166e-01	1.475667566265295716e-01	7.076910251955513542e-02	2.847996699056063591e-02	7.365426817433157192e-02
1.069147217217817570e+03	2.674947909869602736e-01	1.713780425742861269e-01	2.398634806485566706e-01	1.479159325192407060e-01	7.090967506691391031e-02	2.856836758262978199e-02	7.386971062126121423e-02
1.073984987431472746e+03	2.667139710221360649e-01	1.708618552222717912e-01	2.403711926368971574e-01	1.482631208208148033e-01	7.104948290212091677e-02	2.865642686769537262e-02	7.408395052791259816e-02
1.078822757645127922e+03	2.659377191473619173e-01	1.703485218019427372e-01	2.408757579765999912e-01	1.486083323261247202e-01	7.118853037415920348e-02	2.874414479894384783e-02	7.429699357471626631e-02
1.083660527858783553e+03	2.651660082103961535e-01	1.698380267348317263e-01	2.413771986836138750e-01	1.489515777780357486e-01	7.132682180037315522e-02	2.883152135704074651e-02	7.450884543555728878e-02
1.088498298072438729e+03	2.643988112270130308e-01	1.693303545242285935e-01	2.418755365872478080e-01	1.492928678675499443e-01	7.146436146690615665e-02	2.891855654955758498e-02	7.471951177734557914e-02
1.093336068286093905e+03	2.636361013798598218e-01	1.688254897548048528e-01	2.423707933320988772e-01	1.496322132339521493e-01	7.160115362912745918e-02	2.900525041040936253e-02	7.492899825959610516e-02
1.098173838499749309e+03	2.628778520173234989e-01	1.683234170922392192e-01	2.428629903799584544e-01	1.499696244649578181e-01	7.173720251204811216e-02	2.909160299930244400e-02	7.513731053401916105e-02
1.103011608713404712e+03	2.621240366524061338e-01	1.678241212828436857e-01	2.433521490116970498e-01	1.503051120968621479e-01	7.187251231072677715e-02	2.917761440119265998e-02	7.534445424412028469e-02
1.107849378927059888e+03	2.613746289616104002e-01	1.673275871531907100e-01	2.438382903291282933e-01	1.506386866146906811e-01	7.200708719066545305e-02	2.926328472575337805e-02	7.555043502480977835e-02
1.112687149140715292e+03	2.606296027838334028e-01	1.668337996097412346e-01	2.443214352568517378e-01	1.509703584523517939e-01	7.214093128819554224e-02	2.934861410685338928e-02	7.575525850202165234e-02
1.117524919354370468e+03	2.598889321192697222e-01	1.663427436384732616e-01	2.448016045440752630e-01	1.513001379927899348e-01	7.227404871085450766e-02	2.943360270204433901e-02	7.595893029234179750e-02
1.122362689568025871e+03	2.591525911283232286e-01	1.658544043045116489e-01	2.452788187664167174e-01	1.516280355681409175e-01	7.240644353775346764e-02	2.951825069205760849e-02	7.616145600264523363e-02
1.127200459781681047e+03	2.584205541305280018e-01	1.653687667517588222e-01	2.457530983276852987e-01	1.519540614598879624e-01	7.253811981993600611e-02	2.960255828031038011e-02	7.636284122974236477e-02
1.132038229995336451e+03	2.576927956034777423e-01	1.648858162025259588e-01	2.462244634616427563e-01	1.522782258990193760e-01	7.266908158072836466e-02	2.968652569242073366e-02	7.656309156003386629e-02
1.136876000208991627e+03	2.569692901817636765e-01	1.644055379571656983e-01	2.466929342337447206e-01	1.526005390661872851e-01	7.279933281608140516e-02	2.977015317573161041e-02	7.676221256917441227e-02
1.141713770422646803e+03	2.562500126559211222e-01	1.639279173937054079e-01	2.471585305428619928e-01	1.529210110918676480e-01	7.292887749490457872e-02	2.985344099884344390e-02	7.696020982174468783e-02
1.146551540636302207e+03	2.555349379713844904e-01	1.634529399674813643e-01	2.476212721229826275e-01	1.532396520565212084e-01	7.305771955939212303e-02	2.993638945115530831e-02	7.715708887093176982e-02
1.151389310849957155e+03	2.548240412274505595e-01	1.629805912107742116e-01	2.480811785448943374e-01	1.535564719907558384e-01	7.318586292534168258e-02	3.001899884241440025e-02	7.735285525821782027e-02
1.156227081063612786e+03	2.541172976762501312e-01	1.625108567324451136e-01	2.485382692178478015e-01	1.538714808754898244e-01	7.331331148246564289e-02	3.010126950227370174e-02	7.754751451307669019e-02
1.161064851277267962e+03	2.534146827217275688e-01	1.620437222175729330e-01	2.489925633912009606e-01	1.541846886421159857e-01	7.344006909469540101e-02	3.018320177985767475e-02	7.774107215267841986e-02
1.165902621490923138e+03	2.527161719186287736e-01	1.615791734270925761e-01	2.494440801560443843e-01	1.544961051726670975e-01	7.356613960047880818e-02	3.026479604333580722e-02	7.793353368160158001e-02
1.170740391704578315e+03	2.520217409714968770e-01	1.611171961974341149e-01	2.498928384468081798e-01	1.548057402999819532e-01	7.369152681307088171e-02	3.034605267950389249e-02	7.812490459155319034e-02
1.175578161918233945e+03	2.513313657336759821e-01	1.606577764401631303e-01	2.503388570428503046e-01	1.551136038078726187e-01	7.381623452081806369e-02	3.042697209337285810e-02	7.831519036109611809e-02
1.180415932131889122e+03	2.506450222063228983e-01	1.602009001416219713e-01	2.507821545700267274e-01	1.554197054312922710e-01	7.394026648743629027e-02	3.050755470776502984e-02	7.850439645538385969e-02
1.185253702345544298e+03	2.499626865374261209e-01	1.597465533625720691e-01	2.512227495022435475e-01	1.557240548565041460e-01	7.406362645228298236e-02	3.058780096291765713e-02	7.869252832590252489e-02
1.190091472559199701e+03	2.492843350208331643e-01	1.592947222378372774e-01	2.516606601629910456e-01	1.560266617212510143e-01	7.418631813062302738e-02	3.066771131609361684e-02	7.887959141021992637e-02
1.194929242772855105e+03	2.486099440952848905e-01	1.588453929759483518e-01	2.520959047268602760e-01	1.563275356149256001e-01	7.430834521388923752e-02	3.074728624119907675e-02	7.906559113174159437e-02
1.199767012986510281e+03	2.479394903434578024e-01	1.583985518587884556e-01	2.525285012210422564e-01	1.566266860787417226e-01	7.442971136993706271e-02	3.082652622840807016e-02	7.925053289947370239e-02
1.204604783200165684e+03	2.472729504910135823e-01	1.579541852412396641e-01	2.529584675268093386e-01	1.569241226059060468e-01	7.455042024329408545e-02	3.090543178379379780e-02	7.943442210779264046e-02
1.209442553413820860e+03	2.466103014056558462e-01	1.575122795508306917e-01	2.533858213809800919e-01	1.572198546417905296e-01	7.467047545540420050e-02	3.098400342896655627e-02	7.961726413622126353e-02
1.214280323627476264e+03	2.459515200961946702e-01	1.570728212873856167e-01	2.538105803773668123e-01	1.575138915841056420e-01	7.478988060486675693e-02	3.106224170071814755e-02	7.979906434921155145e-02
1.219118093841131440e+03	2.452965837116178605e-01	1.566357970226737450e-01	2.542327619682065998e-01	1.578062427830738967e-01	7.490863926767080128e-02	3.114014715067268263e-02	7.997982809593361109e-02
1.223955864054786844e+03	2.446454695401696078e-01	1.562011934000605284e-01	2.546523834655756713e-01	1.580969175416042649e-01	7.502675499742453291e-02	3.121772034494361622e-02	8.015956071007103445e-02
1.228793634268442020e+03	2.439981550084362738e-01	1.557689971341597035e-01	2.550694620427871873e-01	1.583859251154668690e-01	7.514423132558009644e-02	3.129496186379693984e-02	8.033826750962218266e-02
1.233631404482097196e+03	2.433546176804389782e-01	1.553391950104864860e-01	2.554840147357733127e-01	1.586732747134684818e-01	7.526107176165391932e-02	3.137187230132037347e-02	8.051595379670770103e-02
1.238469174695752372e+03	2.427148352567332912e-01	1.549117738851117920e-01	2.558960584444509578e-01	1.589589754976282188e-01	7.537727979344265028e-02	3.144845226509850739e-02	8.069262485738383506e-02
1.243306944909407548e+03	2.420787855735159755e-01	1.544867206843178742e-01	2.563056099340715321e-01	1.592430365833538419e-01	7.549285888723486493e-02	3.152470237589372060e-02	8.086828596146147796e-02
1.248144715123063179e+03	2.414464466017380018e-01	1.540640224042547912e-01	2.567126858365555431e-01	1.595254670396185070e-01	7.560781248801864973e-02	3.160062326733280302e-02	8.104294236233103299e-02
1.252982485336718355e+03	2.408177964462249465e-01	1.536436661105981538e-01	2.571173026518112081e-01	1.598062758891378998e-01	7.572214401968517528e-02	3.167621558559917394e-02	8.121659929679277135e-02
1.257820255550373531e+03	2.401928133448035518e-01	1.532256389382081752e-01	2.575194767490382453e-01	1.600854721085476495e-01	7.583585688522835599e-02	3.175147998913058212e-02	8.138926198489271346e-02
1.262658025764028707e+03	2.395714756674353074e-01	1.528099280907896096e-01	2.579192243680161756e-01	1.603630646285813532e-01	7.594895446694081842e-02	3.182641714832223218e-02	8.156093562976381162e-02
1.267495795977684338e+03	2.389537619153562220e-01	1.523965208405529959e-01	2.583165616203776938e-01	1.606390623342486279e-01	7.606144012660609466e-02	3.190102774523514984e-02	8.173162541747250320e-02
1.272333566191339514e+03	2.383396507202233394e-01	1.519854045278771770e-01	2.587115044908676609e-01	1.609134740650136064e-01	7.617331720568731868e-02	3.197531247330980680e-02	8.190133651687038496e-02
1.277171336404994690e+03	2.377291208432674996e-01	1.515765665609727919e-01	2.591040688385870538e-01	1.611863086149738500e-01	7.628458902551236986e-02	3.204927203708478334e-02	8.207007407945088318e-02
1.282009106618650094e+03	2.371221511744527888e-01	1.511699944155469877e-01	2.594942703982228149e-01	1.614575747330392608e-01	7.639525888745576920e-02	3.212290715192049617e-02	8.223784323921111417e-02
1.286846876832305497e+03	2.365187207316416795e-01	1.507656756344694926e-01	2.598821247812632129e-01	1.617272811231113827e-01	7.650533007311716149e-02	3.219621854372783920e-02	8.240464911251840774e-02
1.291684647045960673e+03	2.359188086597671374e-01	1.503635978274396601e-01	2.602676474771992710e-01	1.619954364442630079e-01	7.661480584449674447e-02	3.226920694870161199e-02	8.257049679798171560e-02
1.296522417259616077e+03	2.353223942300103899e-01	1.499637486706549283e-01	2.606508538547121501e-01	1.622620493109176998e-01	7.672368944416747827e-02	3.234187311305877777e-02	8.273539137632775209e-02
1.301360187473271253e+03	2.347294568389850233e-01	1.495661159064800849e-01	2.610317591628469325e-01	1.625271282930297601e-01	7.683198409544433893e-02	3.241421779278130105e-02	8.289933791028168686e-02
1.306197957686926657e+03	2.341399760079271863e-01	1.491706873431182800e-01	2.614103785321726936e-01	1.627906819162643071e-01	7.693969300255065757e-02	3.248624175336361358e-02	8.306234144445240331e-02
1.311035727900581833e+03	2.335539313818916218e-01	1.487774508542828444e-01	2.617867269759291959e-01	1.630527186621772706e-01	7.704681935078153132e-02	3.255794576956456271e-02	8.322440700522210077e-02
1.315873498114237009e+03	2.329713027289538885e-01	1.483863943788704121e-01	2.621608193911604268e-01	1.633132469683957477e-01	7.715336630666456974e-02	3.262933062516379379e-02	8.338553960064036541e-02
1.320711268327892412e+03	2.323920699394182443e-01	1.479975059206353749e-01	2.625326705598345356e-01	1.635722752287983861e-01	7.725933701811783794e-02	3.270039711272244853e-02	8.354574422032240433e-02
1.325549038541547588e+03	2.318162130250315811e-01	1.476107735478652816e-01	2.629022951499517258e-01	1.638298117936957399e-01	7.736473461460526002e-02	3.277114603334813775e-02	8.370502583535155416e-02
1.330386808755202765e+03	2.312437121182030764e-01	1.472261853930577624e-01	2.632697077166384902e-01	1.640858649700107919e-01	7.746956220728934417e-02	3.284157819646409127e-02	8.386338939818574478e-02
1.335224578968857941e+03	2.306745474712294242e-01	1.468437296525985925e-01	2.636349227032296350e-01	1.643404430214595036e-01	7.757382288918156232e-02	3.291169441958247122e-02	8.402083984256809857e-02
