3.773460766651120935e+02	4.432076894732803196e-01	2.843455586345081665e-01	1.191459590563048454e-01	7.154059810023793986e-02	3.986608777902612283e-02	1.347169620058580319e-02	2.842241075590197508e-02
3.821838468787673833e+02	4.413949316711462401e-01	2.832028665479179863e-01	1.204820111684849621e-01	7.231169191508372840e-02	4.017412794550543481e-02	1.358708821829921962e-02	2.884728253340756304e-02
3.870216170924226162e+02	4.395929333938674577e-01	2.820664740682413130e-01	1.218078254242769970e-01	7.307862007889633083e-02	4.048054353817819029e-02	1.370263460112680978e-02	2.927096889525807738e-02
3.918593873060780197e+02	4.378016281238745200e-01	2.809363471869736339e-01	1.231235062557857751e-01	7.384140260650219612e-02	4.078534256401247782e-02	1.381832449715072499e-02	2.969344876554577684e-02
3.966971575197332527e+02	4.360209497977225457e-01	2.798124520689763139e-01	1.244291566610193772e-01	7.460005945084455248e-02	4.108853300110636847e-02	1.393414725391732209e-02	3.011470176625864054e-02
4.015349277333884856e+02	4.342508328022874342e-01	2.786947550517445138e-01	1.257248782277282095e-01	7.535461050259251170e-02	4.139012279856611048e-02	1.405009241517855487e-02	3.053470820174776848e-02
4.063726979470438323e+02	4.324912119710059843e-01	2.775832226446761641e-01	1.270107711568108921e-01	7.610507558976371822e-02	4.169011987639035383e-02	1.416614971768764830e-02	3.095344904351031434e-02
4.112104681606991221e+02	4.307420225801582570e-01	2.764778215283409391e-01	1.282869342852957228e-01	7.685147447736020987e-02	4.198853212536030055e-02	1.428230908804810524e-02	3.137090591528168132e-02
4.160482383743544119e+02	4.290032003451904608e-01	2.753785185537502844e-01	1.295534651089053080e-01	7.759382686701747633e-02	4.228536740693566304e-02	1.439856063961513118e-02	3.178706107843091294e-02
4.208860085880095880e+02	4.272746814170803598e-01	2.742852807416280569e-01	1.308104598042124644e-01	7.833215239666627139e-02	4.258063355315630516e-02	1.451489466944854562e-02	3.220189741765328018e-02
4.257237788016648778e+02	4.255564023787418160e-01	2.731980752816818292e-01	1.320580132503948456e-01	7.906647064020691507e-02	4.287433836654934438e-02	1.463130165531629362e-02	3.261539842695422575e-02
4.305615490153201677e+02	4.238483002414699663e-01	2.721168695318749720e-01	1.332962190505959932e-01	7.979680110719603037e-02	4.316648962004172169e-02	1.474777225274767796e-02	3.302754819591892377e-02
4.353993192289755143e+02	4.221503124414254238e-01	2.710416310176995136e-01	1.345251695528999758e-01	8.052316324254520097e-02	4.345709505687802426e-02	1.486429729213544458e-02	3.343833139626176121e-02
4.402370894426308041e+02	4.204623768361565594e-01	2.699723274314501653e-01	1.357449558709274140e-01	8.124557642623156384e-02	4.374616239054344990e-02	1.498086777588586611e-02	3.384773326865032905e-02
4.450748596562860939e+02	4.187844317011609752e-01	2.689089266314990123e-01	1.369556679040592750e-01	8.196405997301994817e-02	4.403369930469187149e-02	1.509747487561600640e-02	3.425573960979836491e-02
4.499126298699413837e+02	4.171164157264835581e-01	2.678513966415711489e-01	1.381573943572959040e-01	8.267863313219635246e-02	4.431971345307873095e-02	1.521410992939733857e-02	3.466233675982249851e-02
4.547504000835967304e+02	4.154582680133521166e-01	2.667997056500215347e-01	1.393502227607580635e-01	8.338931508731266262e-02	4.460421245949881125e-02	1.533076443904491000e-02	3.506751158985738775e-02
4.595881702972519065e+02	4.138099280708494865e-01	2.657538220091128500e-01	1.405342394888366431e-01	8.409612495594220860e-02	4.488720391772867829e-02	1.544743006745127357e-02	3.547125148992438110e-02
4.644259405109071963e+02	4.121713358126211091e-01	2.647137142342942950e-01	1.417095297789975339e-01	8.479908178944599306e-02	4.516869539147369550e-02	1.556409863596439937e-02	3.587354435704845357e-02
4.692637107245624861e+02	4.105424315536188029e-01	2.636793510034817767e-01	1.428761777502483565e-01	8.549820457274955043e-02	4.544869441431952789e-02	1.568076212180881737e-02	3.627437858361873269e-02
4.741014809382177759e+02	4.089231560068786742e-01	2.626507011563389837e-01	1.440342664212730384e-01	8.619351222412993674e-02	4.572720848968799684e-02	1.579741265554925056e-02	3.667374304598760432e-02
4.789392511518730657e+02	4.073134502803343326e-01	2.616277336935601827e-01	1.451838777282410675e-01	8.688502359501291961e-02	4.600424509079724389e-02	1.591404251859596455e-02	3.707162709330382583e-02
4.837770213655284124e+02	4.057132558736633032e-01	2.606104177761534024e-01	1.463250925422966975e-01	8.757275746977995212e-02	4.627981166062600238e-02	1.603064414075118516e-02	3.746802053657493498e-02
4.886147915791837022e+02	4.041225146751674657e-01	2.595987227247261164e-01	1.474579906867347912e-01	8.825673256558490276e-02	4.655391561188199079e-02	1.614721009779580482e-02	3.786291363795445813e-02
4.934525617928388783e+02	4.025411689586862463e-01	2.585926180187709256e-01	1.485826509538687723e-01	8.893696753218019446e-02	4.682656432697423349e-02	1.626373310911571890e-02	3.825629710024942842e-02
4.982903320064942250e+02	4.009691613805423382e-01	2.575920732959539050e-01	1.496991511215967074e-01	8.961348095175233897e-02	4.709776515798925339e-02	1.638020603536710640e-02	3.864816205664393239e-02
5.031281022201495148e+02	3.994064349765196198e-01	2.565970583514031733e-01	1.508075679696709304e-01	9.028629133876649171e-02	4.736752542667108101e-02	1.649662187617999959e-02	3.903850006063427913e-02
5.079658724338048046e+02	3.978529331588728235e-01	2.556075431369998485e-01	1.519079772956768160e-01	9.095541713981995791e-02	4.763585242440492723e-02	1.661297376789944505e-02	3.942730307617173940e-02
5.128036426474600376e+02	3.963085997133681260e-01	2.546234977606698369e-01	1.530004539307263656e-01	9.162087673350448325e-02	4.790275341220443656e-02	1.672925498136364555e-02	3.981456346800861523e-02
5.176414128611153274e+02	3.947733787963548235e-01	2.536448924856774534e-01	1.540850717548715443e-01	9.228268843027706558e-02	4.816823562070250697e-02	1.684545891971844095e-02	4.020027399224373327e-02
5.224791830747705035e+02	3.932472149318669286e-01	2.526716977299203193e-01	1.551619037122428379e-01	9.294087047233914878e-02	4.843230625014547513e-02	1.696157911626748269e-02	4.058442778706330967e-02
5.273169532884259070e+02	3.917300530087554078e-01	2.517038840652260911e-01	1.562310218259183869e-01	9.359544103352410160e-02	4.869497247039066695e-02	1.707760923235754000e-02	4.096701836367333538e-02
5.321547235020811968e+02	3.902218382778488981e-01	2.507414222166506335e-01	1.572924972125279985e-01	9.424641821919275964e-02	4.895624142090720943e-02	1.719354305529828195e-02	4.134803959741971402e-02
5.369924937157364866e+02	3.887225163491446756e-01	2.497842830617777732e-01	1.583464000965979779e-01	9.489382006613671094e-02	4.921612021078003441e-02	1.730937449631597680e-02	4.172748571909240534e-02
5.418302639293917764e+02	3.872320331890273248e-01	2.488324376300206919e-01	1.593927998246406352e-01	9.553766454248950601e-02	4.947461591871693543e-02	1.742509758854052238e-02	4.210535130640992441e-02
5.466680341430470662e+02	3.857503351175167183e-01	2.478858571019250390e-01	1.604317648789939654e-01	9.617796954764532003e-02	4.973173559305869157e-02	1.754070648502522797e-02	4.248163127568060221e-02
5.515058043567023560e+02	3.842773688055429182e-01	2.469445128084737096e-01	1.614633628914158292e-01	9.681475291218506751e-02	4.998748625179210564e-02	1.765619545679882746e-02	4.285632087363709652e-02
5.563435745703576458e+02	3.828130812722492227e-01	2.460083762303934829e-01	1.624876606564372439e-01	9.744803239780976123e-02	5.024187488256594281e-02	1.777155889094910943e-02	4.322941566944076691e-02
5.611813447840129356e+02	3.813574198823225236e-01	2.450774189974630479e-01	1.635047241444791688e-01	9.807782569728101807e-02	5.049490844270964479e-02	1.788679128873767871e-02	4.360091154685243747e-02
5.660191149976681118e+02	3.799103323433500323e-01	2.441516128878231939e-01	1.645146185147374207e-01	9.870415043436851776e-02	5.074659385925475719e-02	1.800188726374531145e-02	4.397080469656631380e-02
5.708568852113234016e+02	3.784717667032027055e-01	2.432309298272884723e-01	1.655174081278399656e-01	9.932702416380423394e-02	5.099693802895905598e-02	1.811684154004736258e-02	4.433909160870379285e-02
5.756946554249786914e+02	3.770416713474447068e-01	2.423153418886609123e-01	1.665131565582806117e-01	9.994646437124339589e-02	5.124594781833322760e-02	1.823164895041873290e-02	4.470576906546398777e-02
5.805324256386339812e+02	3.756199949967687912e-01	2.414048212910453739e-01	1.675019266066336554e-01	1.005624884732319868e-01	5.149363006367009554e-02	1.834630443456788593e-02	4.507083413392779653e-02
5.853701958522892710e+02	3.742066867044567813e-01	2.404993403991669554e-01	1.684837803115530053e-01	1.011751138171805842e-01	5.173999157107626173e-02	1.846080303739941822e-02	4.543428415901256540e-02
5.902079660659445608e+02	3.728016958538655778e-01	2.395988717226899545e-01	1.694587789615603635e-01	1.017843576813445700e-01	5.198503911650621118e-02	1.857513990730472186e-02	4.579611675657419695e-02
5.950457362795999643e+02	3.714049721559372075e-01	2.387033879155391058e-01	1.704269831066260454e-01	1.023902372748103778e-01	5.222877944579865095e-02	1.868931029448023945e-02	4.615632980665394097e-02
5.998835064932552541e+02	3.700164656467340718e-01	2.378128617752225116e-01	1.713884525695464067e-01	1.029927697374877910e-01	5.247121927471521535e-02	1.880330954927284665e-02	4.651492144686682900e-02
6.047212767069104302e+02	3.686361266849976226e-01	2.369272662421564590e-01	1.723432464571213463e-01	1.035919721401081101e-01	5.271236528898129436e-02	1.891713312055190790e-02	4.687189006592901164e-02
6.095590469205657200e+02	3.672639059497312952e-01	2.360465743989922094e-01	1.732914231711363551e-01	1.041878614842280532e-01	5.295222414432908253e-02	1.903077655410757504e-02	4.722723429732118838e-02
6.143968171342210098e+02	3.658997544378066458e-01	2.351707594699450898e-01	1.742330404191517190e-01	1.047804547022393173e-01	5.319080246654266098e-02	1.914423549107484995e-02	4.758095301308547936e-02
6.192345873478761860e+02	3.645436234615929139e-01	2.342997948201248903e-01	1.751681552251032892e-01	1.053697686573836084e-01	5.342810685150512634e-02	1.925750566638299854e-02	4.793304531775297722e-02
6.240723575615315895e+02	3.631954646466086789e-01	2.334336539548689249e-01	1.760968239397180113e-01	1.059558201437731384e-01	5.366414386524773206e-02	1.937058290722987533e-02	4.828351054239945345e-02
6.289101277751868793e+02	3.618552299291972751e-01	2.325723105190767581e-01	1.770191022507472123e-01	1.065386258864162300e-01	5.389892004400091696e-02	1.948346313158078047e-02	4.863234823882659624e-02
6.337478979888421691e+02	3.605228715542235229e-01	2.317157382965469026e-01	1.779350451930221122e-01	1.071182025412483196e-01	5.413244189424722824e-02	1.959614234669137048e-02	4.897955817386634436e-02
6.385856682024975726e+02	3.591983420727926646e-01	2.308639112093159029e-01	1.788447071583335046e-01	1.076945666951678038e-01	5.436471589277602073e-02	1.970861664765426874e-02	4.932514032380574259e-02
6.434234384161527487e+02	3.578815943399911714e-01	2.300168033169989745e-01	1.797481419051398244e-01	1.082677348660768674e-01	5.459574848674000891e-02	1.982088221596895947e-02	4.966909486893007070e-02
6.482612086298080385e+02	3.565725815126490894e-01	2.291743888161332510e-01	1.806454025681065723e-01	1.088377235029272250e-01	5.482554609371342869e-02	1.993293531813457309e-02	5.001142218818165758e-02
6.530989788434633283e+02	3.552712570471230347e-01	2.283366420395227525e-01	1.815365416674799559e-01	1.094045489857705111e-01	5.505411510175198947e-02	2.004477230426520221e-02	5.035212285393234760e-02
6.579367490571185044e+02	3.539775746971005055e-01	2.275035374555855194e-01	1.824216111182978550e-01	1.099682276258132918e-01	5.528146186945433194e-02	2.015638960672732835e-02	5.069119762686701697e-02
6.627745192707737942e+02	3.526914885114244558e-01	2.266750496677028825e-01	1.833006622394414975e-01	1.105287756654765724e-01	5.550759272602513728e-02	2.026778373879903339e-02	5.102864745097625276e-02
6.676122894844290840e+02	3.514129528319388518e-01	2.258511534135708987e-01	1.841737457625302332e-01	1.110862092784598160e-01	5.573251397133974910e-02	2.037895129335058272e-02	5.136447344865568282e-02
6.724500596980843738e+02	3.501419222913534357e-01	2.250318235645539233e-01	1.850409118406628473e-01	1.116405445698091664e-01	5.595623187601025256e-02	2.048988894154610274e-02	5.169867691591009673e-02
6.772878299117396637e+02	3.488783518111290283e-01	2.242170351250401539e-01	1.859022100570077718e-01	1.121917975759899322e-01	5.617875268145305911e-02	2.060059343156589451e-02	5.203125931766002660e-02
6.821256001253949535e+02	3.476221965993821494e-01	2.234067632317994212e-01	1.867576894332451942e-01	1.127399842649632195e-01	5.640008259995779594e-02	2.071106158734914438e-02	5.236222228314893479e-02
6.869633703390502433e+02	3.463734121488090123e-01	2.226009831533433680e-01	1.876073984378638371e-01	1.132851205362665759e-01	5.662022781475764543e-02	2.082129030735660469e-02	5.269156760144881602e-02
6.918011405527055331e+02	3.451319542346286684e-01	2.217996702892874039e-01	1.884513849943150188e-01	1.138272222210985063e-01	5.683919448010095465e-02	2.093127656335297404e-02	5.301929721706231946e-02
6.966389107663608229e+02	3.438977789125449713e-01	2.210028001697151023e-01	1.892896964890265210e-01	1.143663050824069993e-01	5.705698872132409366e-02	2.104101739920862663e-02	5.334541322561946880e-02
7.014766809800161127e+02	3.426708425167272476e-01	2.202103484545446521e-01	1.901223797792791492e-01	1.149023848149816618e-01	5.727361663492560456e-02	2.115050992972034721e-02	5.366991786966702344e-02
7.063144511936714025e+02	3.414511016578093971e-01	2.194222909328976956e-01	1.909494812009480680e-01	1.154354770455495727e-01	5.748908428864153014e-02	2.125975133945080461e-02	5.399281353454866289e-02
7.111522214073266923e+02	3.402385132209067575e-01	2.186386035224700819e-01	1.917710465761116589e-01	1.159655973328747591e-01	5.770339772152188046e-02	2.136873888158642362e-02	5.431410274437410701e-02
7.159899916209819821e+02	3.390330343636518418e-01	2.178592622689050906e-01	1.925871212205305383e-01	1.164927611678611280e-01	5.791656294400824440e-02	2.147746987681332237e-02	5.463378815807546501e-02
7.208277618346371582e+02	3.378346225142468406e-01	2.170842433451688203e-01	1.933977499509985931e-01	1.170169839736588668e-01	5.812858593801246976e-02	2.158594171221109650e-02	5.495187256554898148e-02
7.256655320482924481e+02	3.366432353695341662e-01	2.163135230509275475e-01	1.942029770925687293e-01	1.175382811057741339e-01	5.833947265699644669e-02	2.169415184016406165e-02	5.526835888388048623e-02
7.305033022619478515e+02	3.354588308930844254e-01	2.155470778119278619e-01	1.950028464856557731e-01	1.180566678521820789e-01	5.854922902605281393e-02	2.180209777728974244e-02	5.558325015365286198e-02
7.353410724756030277e+02	3.342813673133009922e-01	2.147848841793783548e-01	1.957974014930183582e-01	1.185721594334429446e-01	5.875786094198674758e-02	2.190977710338427864e-02	5.589654953533388509e-02
7.401788426892584312e+02	3.331108031215418985e-01	2.140269188293341951e-01	1.965866850066221860e-01	1.190847710028214157e-01	5.896537427339863108e-02	2.201718746038448110e-02	5.620826030574278126e-02
7.450166129029136073e+02	3.319470970702584345e-01	2.132731585620834258e-01	1.973707394543870453e-01	1.195945176464088683e-01	5.917177486076766885e-02	2.212432655134625656e-02	5.651838585459392078e-02
7.498543831165690108e+02	3.307902081711497355e-01	2.125235803015359526e-01	1.981496068068195060e-01	1.201014143832486586e-01	5.937706851653641593e-02	2.223119213943916886e-02	5.682692968111614090e-02
7.546921533302243006e+02	3.296400956933344117e-01	2.117781610946145032e-01	1.989233285835333431e-01	1.206054761654642982e-01	5.958126102519609169e-02	2.233778204695681044e-02	5.713389539074608531e-02
7.595299235438793630e+02	3.284967191615378868e-01	2.110368781106479186e-01	1.996919458596597419e-01	1.211067178783903769e-01	5.978435814337277471e-02	2.244409415434277591e-02	5.743928669189410363e-02
7.643676937575347665e+02	3.273600383542952796e-01	2.102997086407667471e-01	2.004554992721495343e-01	1.216051543407063451e-01	5.998636559991440270e-02	2.255012639923194631e-02	5.774310739278128851e-02
7.692054639711900563e+02	3.262300133021708848e-01	2.095666300973011709e-01	2.012140290259691600e-01	1.221008003045728346e-01	6.018728909597848009e-02	2.265587677550686893e-02	5.804536139834607505e-02
7.740432341848452324e+02	3.251066042859924732e-01	2.088376200131810689e-01	2.019675749001924592e-01	1.225936704557707424e-01	6.038713430512059055e-02	2.276134333236895513e-02	5.834605270721916759e-02
7.788810043985006359e+02	3.239897718351011369e-01	2.081126560413384119e-01	2.027161762539900491e-01	1.230837794138427421e-01	6.058590687338356179e-02	2.286652417342425678e-02	5.864518540876527408e-02
7.837187746121558121e+02	3.228794767256166209e-01	2.073917159541119881e-01	2.034598720325182242e-01	1.235711417322373079e-01	6.078361241938737280e-02	2.297141745578359234e-02	5.894276368019032292e-02
7.885565448258112156e+02	3.217756799787170330e-01	2.066747776426544614e-01	2.041987007727093517e-01	1.240557718984552082e-01	6.098025653441965094e-02	2.307602138917681095e-02	5.923879178371287135e-02
7.933943150394665054e+02	3.206783428589341511e-01	2.059618191163415102e-01	2.049327006089653180e-01	1.245376843341982898e-01	6.117584478252687669e-02	2.318033423508089955e-02	5.953327406379838732e-02
7.982320852531219089e+02	3.195874268724627210e-01	2.052528185021833818e-01	2.056619092787557446e-01	1.250168933955205786e-01	6.137038270060611589e-02	2.328435430586177704e-02	5.982621494445507920e-02
8.030698554667769713e+02	3.185028937654847403e-01	2.045477540442388609e-01	2.063863641281231953e-01	1.254934133729816159e-01	6.156387579849739722e-02	2.338807996392950131e-02	6.011761892659006623e-02
8.079076256804323748e+02	3.174247055225075109e-01	2.038466041030313203e-01	2.071061021170964023e-01	1.259672584918020144e-01	6.175632955907662397e-02	2.349150962090671910e-02	6.040749058542470296e-02
8.127453958940876646e+02	3.163528243647166227e-01	2.031493471549671859e-01	2.078211598250136183e-01	1.264384429120210540e-01	6.194774943834899933e-02	2.359464173681007776e-02	6.069583456796771859e-02
8.175831661077428407e+02	3.152872127483420939e-01	2.024559617917567056e-01	2.085315734557575129e-01	1.269069807286563045e-01	6.213814086554299981e-02	2.369747481924447050e-02	6.098265559054511648e-02
8.224209363213982442e+02	3.142278333630389997e-01	2.017664267198369110e-01	2.092373788429034986e-01	1.273728859718654682e-01	6.232750924320480668e-02	2.380000742260982016e-02	6.126795843638568190e-02
8.272587065350534203e+02	3.131746491302813684e-01	2.010807207597970492e-01	2.099386114547826254e-01	1.278361726071098881e-01	6.251585994729322304e-02	2.390223814732028371e-02	6.155174795326081444e-02
8.320964767487085965e+02	3.121276232017698438e-01	2.003988228458060405e-01	2.106353063994608754e-01	1.282968545353201650e-01	6.270319832727500042e-02	2.400416563903558925e-02	6.183402905117776904e-02
8.369342469623640000e+02	3.110867189578525593e-01	1.997207120250426848e-01	2.113274984296363845e-01	1.287549455930634967e-01	6.288952970622065097e-02	2.410578858790440523e-02	6.211480670012508448e-02
8.417720171760191761e+02	3.100519000059595576e-01	1.990463674571276431e-01	2.120152219474559507e-01	1.292104595527129307e-01	6.307485938090059974e-02	2.420710572781944320e-02	6.239408592786915841e-02
8.466097873896745796e+02	3.090231301790498097e-01	1.983757684135580845e-01	2.126985110092523001e-01	1.296634101226182278e-01	6.325919262188174630e-02	2.430811583568420059e-02	6.267187181780098371e-02
8.514475576033297557e+02	3.080003735340713367e-01	1.977088942771444702e-01	2.133773993302037764e-01	1.301138109472784743e-01	6.344253467362438725e-02	2.440881773069108682e-02	6.294816950683188028e-02
8.562853278169851592e+02	3.069835943504343745e-01	1.970457245414498071e-01	2.140519202889171468e-01	1.305616756075163309e-01	6.362489075457949950e-02	2.450921027361079030e-02	6.322298418333739678e-02
8.611230980306403353e+02	3.059727571284970304e-01	1.963862388102309287e-01	2.147221069319361908e-01	1.310070176206538650e-01	6.380626605728632883e-02	2.460929236609267490e-02	6.349632108514829953e-02
8.659608682442956251e+02	3.049678265880632066e-01	1.957304167968823283e-01	2.153879919781758467e-01	1.314498504406900470e-01	6.398666574847022837e-02	2.470906294997607042e-02	6.376818549758755950e-02
8.707986384579510286e+02	3.039687676668933469e-01	1.950782383238820750e-01	2.160496078232845285e-01	1.318901874584795242e-01	6.416609496914094102e-02	2.480852100661221429e-02	6.403858275155270563e-02
8.756364086716062047e+02	3.029755455192267855e-01	1.944296833222402543e-01	2.167069865439351928e-01	1.323280420019130321e-01	6.434455883469097914e-02	2.490766555619676123e-02	6.430751822164232356e-02
8.804741788852616082e+02	3.019881255143169185e-01	1.937847318309496025e-01	2.173601599020468511e-01	1.327634273360990824e-01	6.452206243499435112e-02	2.500649565711261096e-02	6.457499732432585293e-02
8.853119490989170117e+02	3.010064732349779781e-01	1.931433639964382776e-01	2.180091593489374147e-01	1.331963566635472607e-01	6.469861083450553774e-02	2.510501040528293967e-02	6.484102551615594789e-02
8.901497193125721878e+02	3.000305544761432408e-01	1.925055600720251558e-01	2.186540160294092039e-01	1.336268431243525512e-01	6.487420907235862122e-02	2.520320893353424768e-02	6.510560829202231836e-02
8.949874895262273640e+02	2.990603352434360596e-01	1.918713004173773495e-01	2.192947607857686221e-01	1.340548997963810773e-01	6.504886216246663633e-02	2.530109041096927081e-02	6.536875118344633029e-02
8.998252597398827675e+02	2.980957817517511654e-01	1.912405654979699166e-01	2.199314241617808530e-01	1.344805396954571186e-01	6.522257509362121286e-02	2.539865404234960267e-02	6.563045975691546297e-02
9.046630299535379436e+02	2.971368604238484035e-01	1.906133358845480130e-01	2.205640364065606929e-01	1.349037757755512934e-01	6.539535282959224594e-02	2.549589906748785800e-02	6.589073961225680454e-02
9.095008001671932334e+02	2.961835378889574044e-01	1.899895922525911551e-01	2.211926274784010160e-01	1.353246209289698521e-01	6.556720030922778830e-02	2.559282476064924858e-02	6.614959638104883632e-02
9.143385703808486369e+02	2.952357809813934142e-01	1.893693153817798958e-01	2.218172270485396225e-01	1.357430879865452744e-01	6.573812244655409531e-02	2.568943042996239129e-02	6.640703572507063168e-02
9.191763405945038130e+02	2.942935567391843921e-01	1.887524861554647493e-01	2.224378645048657732e-01	1.361591897178276167e-01	6.590812413087580868e-02	2.578571541683923052e-02	6.666306333478773383e-02
9.240141108081592165e+02	2.933568324027090446e-01	1.881390855601373369e-01	2.230545689555675226e-01	1.365729388312772463e-01	6.607721022687622348e-02	2.588167909540391512e-02	6.691768492787399103e-02
9.288518810218145063e+02	2.924255754133456842e-01	1.875290946849038631e-01	2.236673692327205698e-01	1.369843479744584369e-01	6.624538557471768008e-02	2.597732087193048434e-02	6.717090624776851648e-02
9.336896512354697961e+02	2.914997534121319678e-01	1.869224947209609244e-01	2.242762938958201002e-01	1.373934297342338795e-01	6.641265499014202545e-02	2.607264018428923774e-02	6.742273306226707896e-02
9.385274214491247449e+02	2.905793342384349054e-01	1.863192669610733432e-01	2.248813712352565608e-01	1.378001966369602760e-01	6.657902326457117159e-02	2.616763650140162614e-02	6.767317116214729977e-02
9.433651916627801484e+02	2.896642859286320260e-01	1.857193927990545557e-01	2.254826292757358408e-01	1.382046611486847376e-01	6.674449516520772341e-02	2.626230932270355936e-02	6.792222635982680945e-02
9.482029618764355519e+02	2.887545767148019804e-01	1.851228537292491372e-01	2.260800957796457455e-01	1.386068356753419606e-01	6.690907543513563427e-02	2.635665817761699212e-02	6.816990448805372582e-02
9.530407320900908417e+02	2.878501750234269685e-01	1.845296313460174087e-01	2.266737982503689020e-01	1.390067325629525397e-01	6.707276879342091713e-02	2.645068262502960760e-02	6.841621139862885670e-02
9.578785023037459041e+02	2.869510494741036033e-01	1.839397073432227081e-01	2.272637639355433170e-01	1.394043640978217535e-01	6.723557993521239728e-02	2.654438225278256402e-02	6.866115296115886391e-02
9.627162725174014213e+02	2.860571688782651556e-01	1.833530635137204934e-01	2.278500198302718660e-01	1.397997425067392940e-01	6.739751353184245120e-02	2.663775667716608911e-02	6.890473506183980579e-02
9.675540427310568248e+02	2.851685022379133461e-01	1.827696817488499159e-01	2.284325926802811546e-01	1.401928799571797168e-01	6.755857423092775926e-02	2.673080554242284260e-02	6.914696360227039207e-02
9.723918129447120009e+02	2.842850187443599630e-01	1.821895440379276421e-01	2.290115089850306429e-01	1.405837885575035862e-01	6.771876665647005855e-02	2.682352852025891160e-02	6.938784449829429879e-02
9.772295831583674044e+02	2.834066877769783610e-01	1.816126324677437565e-01	2.295867950007733638e-01	1.409724803571592855e-01	6.787809540895692328e-02	2.691592530936234504e-02	6.962738367887102986e-02
9.820673533720223531e+02	2.825334789019647852e-01	1.810389292220600521e-01	2.301584767435686241e-01	1.413589673468854113e-01	6.803656506546243432e-02	2.700799563492905023e-02	6.986558708497472847e-02
9.869051235856777566e+02	2.816653618711088547e-01	1.804684165811105134e-01	2.307265799922477711e-01	1.417432614589140549e-01	6.819418017974784862e-02	2.709973924819601004e-02	7.010246066852009184e-02
9.917428937993331601e+02	2.808023066205740936e-01	1.799010769211039362e-01	2.312911302913337186e-01	1.421253745671742785e-01	6.835094528236228262e-02	2.719115592598164363e-02	7.033801039131522270e-02
9.965806640129884499e+02	2.799442832696874550e-01	1.793368927137289071e-01	2.318521529539152859e-01	1.425053184874963963e-01	6.850686488074325675e-02	2.728224547023322052e-02	7.057224222404058500e-02
1.001418434226643626e+03	2.790912621197386145e-01	1.787758465256609197e-01	2.324096730644767406e-01	1.428831049778168383e-01	6.866194345931722620e-02	2.737300770758124835e-02	7.080516214525356400e-02
1.006256204440298802e+03	2.782432136527876465e-01	1.782179210180716566e-01	2.329637154816837918e-01	1.432587457383832641e-01	6.881618547959998666e-02	2.746344248890066064e-02	7.103677614041811750e-02
1.011093974653954206e+03	2.774001085304826919e-01	1.776630989461406018e-01	2.335143048411264521e-01	1.436322524119605371e-01	6.896959538029705239e-02	2.755354968887877357e-02	7.126709020095897684e-02
1.015931744867609382e+03	2.765619175928863416e-01	1.771113631585686798e-01	2.340614655580196268e-01	1.440036365840367261e-01	6.912217757740396484e-02	2.764332920558983109e-02	7.149611032333991201e-02
1.020769515081264785e+03	2.757286118573106792e-01	1.765626965970942819e-01	2.346052218298622649e-01	1.443729097830298846e-01	6.927393646430637930e-02	2.773278096007609703e-02	7.172384250816549178e-02
1.025607285294920075e+03	2.749001625171615948e-01	1.760170822960113735e-01	2.351455976390557090e-01	1.447400834804950520e-01	6.942487641188020697e-02	2.782190489593536209e-02	7.195029275930583945e-02
1.030445055508575479e+03	2.740765409407915354e-01	1.754745033816898503e-01	2.356826167554818274e-01	1.451051690913315872e-01	6.957500176859150731e-02	2.791070097891475837e-02	7.217546708304403702e-02
1.035282825722230655e+03	2.732577186703614158e-01	1.749349430720979204e-01	2.362163027390420666e-01	1.454681779739911140e-01	6.972431686059632483e-02	2.799916919651082234e-02	7.239937148724544247e-02
1.040120595935886058e+03	2.724436674207104114e-01	1.743983846763268453e-01	2.367466789421575624e-01	1.458291214306854655e-01	6.987282599184038712e-02	2.808730955757565012e-02	7.262201198054876738e-02
1.044958366149541234e+03	2.716343590782349104e-01	1.738648115941178185e-01	2.372737685122311702e-01	1.461880107075952673e-01	7.002053344415867797e-02	2.817512209192910705e-02	7.284339457157812392e-02
1.049796136363196410e+03	2.708297656997755154e-01	1.733342073153909535e-01	2.377975943940725256e-01	1.465448569950784652e-01	7.016744347737481624e-02	2.826260684997697337e-02	7.306352526817586068e-02
1.054633906576851814e+03	2.700298595115125377e-01	1.728065554197763531e-01	2.383181793322859121e-01	1.468996714278794913e-01	7.031356032940029588e-02	2.834976390233491864e-02	7.328241007665560469e-02
1.059471676790506763e+03	2.692346129078698191e-01	1.722818395761475663e-01	2.388355458736223791e-01	1.472524650853382910e-01	7.045888821633367050e-02	2.843659333945824930e-02	7.350005500107514855e-02
1.064309447004162394e+03	2.684439984504265464e-01	1.717600435421569316e-01	2.393497163692963892e-01	1.476032489915997947e-01	7.060343133255940484e-02	2.852309527127730102e-02	7.371646604252869717e-02
1.069147217217817570e+03	2.676579888668374485e-01	1.712411511637733363e-01	2.398607129772674929e-01	1.479520341158236385e-01	7.074719385084669854e-02	2.860926982683843767e-02	7.393164919845807148e-02
1.073984987431472746e+03	2.668765570497605433e-01	1.707251463748218068e-01	2.403685576644879474e-01	1.482988313723938856e-01	7.089017992244801836e-02	2.869511715395051815e-02	7.414561046198243910e-02
1.078822757645127922e+03	2.660996760557934881e-01	1.702120131965254857e-01	2.408732722091164458e-01	1.486436516211290249e-01	7.103239367719753339e-02	2.878063741883676863e-02	7.435835582124636356e-02
1.083660527858783553e+03	2.653273191044174806e-01	1.697017357370496082e-01	2.413748782026991224e-01	1.489865056674920807e-01	7.117383922360931425e-02	2.886583080579200114e-02	7.456989125878547842e-02
1.088498298072438729e+03	2.645594595769487634e-01	1.691942981910476151e-01	2.418733970523178345e-01	1.493274042628007781e-01	7.131452064897537968e-02	2.895069751684505727e-02	7.478022275090963344e-02
1.093336068286093905e+03	2.637960710154982347e-01	1.686896848392094306e-01	2.423688499827065246e-01	1.496663581044379576e-01	7.145444201946350715e-02	2.903523777142641774e-02	7.498935626710301339e-02
1.098173838499749309e+03	2.630371271219383855e-01	1.681878800478116831e-01	2.428612580383363584e-01	1.500033778360619630e-01	7.159360738021477988e-02	2.911945180604088787e-02	7.519729776944095168e-02
1.103011608713404712e+03	2.622826017568782309e-01	1.676888682682703691e-01	2.433506420854699426e-01	1.503384740478171389e-01	7.173202075544109213e-02	2.920333987394529637e-02	7.540405321202302280e-02
1.107849378927059888e+03	2.615324689386453461e-01	1.671926340366951536e-01	2.438370228141850671e-01	1.506716572765441908e-01	7.186968614852226600e-02	2.928690224483112420e-02	7.560962854042205250e-02
1.112687149140715292e+03	2.607867028422755085e-01	1.666991619734461139e-01	2.443204207403688877e-01	1.510029380059909332e-01	7.200660754210300163e-02	2.937013920451196983e-02	7.581402969114871271e-02
1.117524919354370468e+03	2.600452777985098884e-01	1.662084367826925368e-01	2.448008562076829375e-01	1.513323266670228151e-01	7.214278889818970253e-02	2.945305105461581280e-02	7.601726259113145145e-02
1.122362689568025871e+03	2.593081682927994014e-01	1.657204432519735204e-01	2.452783493894987732e-01	1.516598336378333634e-01	7.227823415824685682e-02	2.953563811228195404e-02	7.621933315721125812e-02
1.127200459781681047e+03	2.585753489643160541e-01	1.652351662517609343e-01	2.457529202908061983e-01	1.519854692441548194e-01	7.241294724329341848e-02	2.961790070986262263e-02	7.642024729565109753e-02
1.132038229995336451e+03	2.578467946049718962e-01	1.647525907350244068e-01	2.462245887500927877e-01	1.523092437594686377e-01	7.254693205399878608e-02	2.969983919462912056e-02	7.662001090165952710e-02
1.136876000208991627e+03	2.571224801584449104e-01	1.642727017367981435e-01	2.466933744411967111e-01	1.526311674052159006e-01	7.268019247077860123e-02	2.978145392848247086e-02	7.681862985892837226e-02
1.141713770422646803e+03	2.564023807192119531e-01	1.637954843737500776e-01	2.471592968751324948e-01	1.529512503510077059e-01	7.281273235389028320e-02	2.986274528766847541e-02	7.701611003918405751e-02
1.146551540636302207e+03	2.556864715315886327e-01	1.633209238437529354e-01	2.476223754018902490e-01	1.532695027148354705e-01	7.294455554352832771e-02	2.994371366249715810e-02	7.721245730175226030e-02
1.151389310849957155e+03	2.549747279887760176e-01	1.628490054254573272e-01	2.480826292122092214e-01	1.535859345632811235e-01	7.307566585991934205e-02	3.002435945706646153e-02	7.740767749313562374e-02
1.156227081063612786e+03	2.542671256319143369e-01	1.623797144778668378e-01	2.485400773393254270e-01	1.539005559117271327e-01	7.320606710341680257e-02	3.010468308899020770e-02	7.760177644660433416e-02
1.161064851277267962e+03	2.535636401491437319e-01	1.619130364399152533e-01	2.489947386606944923e-01	1.542133767245666698e-01	7.333576305459559019e-02	3.018468498913018383e-02	7.779475998179910534e-02
1.165902621490923138e+03	2.528642473746712249e-01	1.614489568300457867e-01	2.494466318996898246e-01	1.545244069154131372e-01	7.346475747434620673e-02	3.026436560133235684e-02	7.798663390434643072e-02
1.170740391704578315e+03	2.521689232878446263e-01	1.609874612457922183e-01	2.498957756272763009e-01	1.548336563473100558e-01	7.359305410396881075e-02	3.034372538216709853e-02	7.817740400548582602e-02
1.175578161918233945e+03	2.514776440122330481e-01	1.605285353633620904e-01	2.503421882636603923e-01	1.551411348329405082e-01	7.372065666526680938e-02	3.042276480067341096e-02	7.836707606170865981e-02
1.180415932131889122e+03	2.507903858147139675e-01	1.600721649372219557e-01	2.507858880799166412e-01	1.554468521348363885e-01	7.384756886064042236e-02	3.050148433810703080e-02	7.855565583440851651e-02
1.185253702345544298e+03	2.501071251045666743e-01	1.596183357996845686e-01	2.512268931995911836e-01	1.557508179655876235e-01	7.397379437317971873e-02	3.057988448769244014e-02	7.874314906954268944e-02
1.190091472559199701e+03	2.494278384325724907e-01	1.591670338604980195e-01	2.516652216002825404e-01	1.560530419880510333e-01	7.409933686675752862e-02	3.065796575437861743e-02	7.892956149730460946e-02
1.194929242772855105e+03	2.487525024901209025e-01	1.587182451064368949e-01	2.521008911152002874e-01	1.563535338155590537e-01	7.422419998612204972e-02	3.073572865459857362e-02	7.911489883180694571e-02
1.199767012986510281e+03	2.480810941083224364e-01	1.582719556008954642e-01	2.525339194347017147e-01	1.566523030121282911e-01	7.434838735698909296e-02	3.081317371603255889e-02	7.929916677077514242e-02
1.204604783200165684e+03	2.474135902571273915e-01	1.578281514834827537e-01	2.529643241078067262e-01	1.569493590926675508e-01	7.447190258613411995e-02	3.089030147737487769e-02	7.948237099525125304e-02
1.209442553413820860e+03	2.467499680444512344e-01	1.573868189696195907e-01	2.533921225436920333e-01	1.572447115231860870e-01	7.459474926148390583e-02	3.096711248810431541e-02	7.966451716930757210e-02
1.214280323627476264e+03	2.460902047153059047e-01	1.569479443501375360e-01	2.538173320131639210e-01	1.575383697210010758e-01	7.471693095220802161e-02	3.104360730825803452e-02	7.984561093977021740e-02
1.219118093841131440e+03	2.454342776509371160e-01	1.565115139908799524e-01	2.542399696501112527e-01	1.578303430549452824e-01	7.483845120880990021e-02	3.111978650820899570e-02	8.002565793595214916e-02
1.223955864054786844e+03	2.447821643679679859e-01	1.560775143323047676e-01	2.546600524529378240e-01	1.581206408455740342e-01	7.495931356321770822e-02	3.119565066844674772e-02	8.020466376939552888e-02
1.228793634268442020e+03	2.441338425175485494e-01	1.556459318890894561e-01	2.550775972859747887e-01	1.584092723653722223e-01	7.507952152887480135e-02	3.127120037936161057e-02	8.038263403362319592e-02
1.233631404482097196e+03	2.434892898845111564e-01	1.552167532497375768e-01	2.554926208808739885e-01	1.586962468389608027e-01	7.519907860082997164e-02	3.134643624103213705e-02	8.055957430389899809e-02
1.238469174695752372e+03	2.428484843865318377e-01	1.547899650761875023e-01	2.559051398379821873e-01	1.589815734433030203e-01	7.531798825582736168e-02	3.142135886301589132e-02	8.073549013699690691e-02
1.243306944909407548e+03	2.422114040732974705e-01	1.543655541034230083e-01	2.563151706276957653e-01	1.592652613079104384e-01	7.543625395239604570e-02	3.149596886414338798e-02	8.091038707097855665e-02
1.248144715123063179e+03	2.415780271256788847e-01	1.539435071390857779e-01	2.567227295917978158e-01	1.595473195150484136e-01	7.555387913093933316e-02	3.157026687231522660e-02	8.108427062497916560e-02
1.252982485336718355e+03	2.409483318549095476e-01	1.535238110630896269e-01	2.571278329447764799e-01	1.598277570999414032e-01	7.567086721382372538e-02	3.164425352430235566e-02	8.125714629900150643e-02
1.257820255550373531e+03	2.403222967017699663e-01	1.531064528272368941e-01	2.575304967751251839e-01	1.601065830509778298e-01	7.578722160546759457e-02	3.171792946554937570e-02	8.142901957371782851e-02
1.262658025764028707e+03	2.396999002357778630e-01	1.526914194548364967e-01	2.579307370466256133e-01	1.603838063099146116e-01	7.590294569242957146e-02	3.179129534998088868e-02	8.159989591027956568e-02
1.267495795977684338e+03	2.390811211543838743e-01	1.522786980403239010e-01	2.583285695996135889e-01	1.606594357720813604e-01	7.601804284349653051e-02	3.186435183981085884e-02	8.176978075013456582e-02
1.272333566191339514e+03	2.384659382821728013e-01	1.518682757488830637e-01	2.587240101522268465e-01	1.609334802865841074e-01	7.613251640977128365e-02	3.193709960535484615e-02	8.193867951485173107e-02
1.277171336404994690e+03	2.378543305700703547e-01	1.514601398160701218e-01	2.591170743016372180e-01	1.612059486565087796e-01	7.624636972476009356e-02	3.200953932484518205e-02	8.210659760595290235e-02
1.282009106618650094e+03	2.372462770945554245e-01	1.510542775474389976e-01	2.595077775252657704e-01	1.614768496391241204e-01	7.635960610445961805e-02	3.208167168424898991e-02	8.227354040475175212e-02
1.286846876832305497e+03	2.366417570568777606e-01	1.506506763181688080e-01	2.598961351819813470e-01	1.617461919460843611e-01	7.647222884744372950e-02	3.215349737708900896e-02	8.243951327219964376e-02
1.291684647045960673e+03	2.360407497822809841e-01	1.502493235726931609e-01	2.602821625132838990e-01	1.620139842436313649e-01	7.658424123494995961e-02	3.222501710426716598e-02	8.260452154873812458e-02
1.296522417259616077e+03	2.354432347192309261e-01	1.498502068243312002e-01	2.606658746444716068e-01	1.622802351527964093e-01	7.669564653096556939e-02	3.229623157389090865e-02	8.276857055415806630e-02
1.301360187473271253e+03	2.348491914386492962e-01	1.494533136549206498e-01	2.610472865857924041e-01	1.625449532496015259e-01	7.680644798231338333e-02	3.236714150110220345e-02	8.293166558746520312e-02
1.306197957686926657e+03	2.342585996331525700e-01	1.490586317144523831e-01	2.614264132335809565e-01	1.628081470652604501e-01	7.691664881873720716e-02	3.243774760790917033e-02	8.309381192675190098e-02
1.311035727900581833e+03	2.336714391162960092e-01	1.486661487207071863e-01	2.618032693713799319e-01	1.630698250863790721e-01	7.702625225298698197e-02	3.250805062302036114e-02	8.325501482907510242e-02
1.315873498114237009e+03	2.330876898218230131e-01	1.482758524588938809e-01	2.621778696710470036e-01	1.633299957551554438e-01	7.713526148090354972e-02	3.257805128168154984e-02	8.341527953034022502e-02
1.320711268327892412e+03	2.325073318029193814e-01	1.478877307812896669e-01	2.625502286938470320e-01	1.635886674695794241e-01	7.724367968150322450e-02	3.264775032551509720e-02	8.357461124519083295e-02
1.325549038541547588e+03	2.319303452314727954e-01	1.475017716068819651e-01	2.629203608915304802e-01	1.638458485836317424e-01	7.735151001706180862e-02	3.271714850236179944e-02	8.373301516690409563e-02
1.330386808755202765e+03	2.313567103973371564e-01	1.471179629210122020e-01	2.632882806073971738e-01	1.641015474074826730e-01	7.745875563319852553e-02	3.278624656612519339e-02	8.389049646729172804e-02
1.335224578968857941e+03	2.307864077076021425e-01	1.467362927750212320e-01	2.636540020773469051e-01	1.643557722076902095e-01	7.756541965895942525e-02	3.285504527661824853e-02	8.404706029660642674e-02
1.340062349182513572e+03	2.302194176858676222e-01	1.463567492858967312e-01	2.640175394309158263e-01	1.646085312073978513e-01	7.767150520690056792e-02	3.292354539941250158e-02	8.420271178345348217e-02
