3.870216170924226162e+01	6.917061644832525058e-01	2.899902997493150059e-01	4.761017981381097247e-03	1.525854469580936734e-03	1.467614539182767993e-03	6.817053688217361573e-03	3.731995089056892173e-03
4.353993192289755143e+01	6.492844853680866946e-01	3.275214246058212875e-01	7.886271199155730355e-03	1.817409002829228903e-03	2.970733140608554455e-03	6.824634224452658278e-03	3.695042459032328152e-03
4.837770213655283413e+01	6.274482686371700701e-01	3.447045587687609935e-01	1.067729197439793755e-02	2.297340897010179822e-03	4.338426819633472466e-03	6.836745611238269175e-03	3.697367291775669178e-03
5.321547235020811684e+01	6.155179862791907430e-01	3.521109759850671872e-01	1.324687820902543944e-02	2.924454507399034623e-03	5.610576567335999291e-03	6.854391413722430056e-03	3.734737038245781668e-03
5.805324256386339954e+01	6.083592177772901843e-01	3.548227834532095004e-01	1.565920936381779913e-02	3.668353487627778065e-03	6.808679034338419034e-03	6.877845375410853064e-03	3.803911508292062184e-03
6.289101277751868224e+01	6.035034116969806295e-01	3.552831396201833747e-01	1.795334908395905191e-02	4.505659195808598902e-03	7.945159776461844722e-03	6.907045622839627641e-03	3.902235003753402095e-03
6.772878299117397205e+01	5.997636663804244428e-01	3.546665175799668113e-01	2.015484553685000652e-02	5.417879556542176504e-03	9.027880670906601387e-03	6.941782744842612575e-03	4.027427530453896176e-03
7.256655320482924765e+01	5.965692535635336302e-01	3.535374686921918808e-01	2.228155784292503577e-02	6.390125047062498835e-03	1.006233233877688871e-02	6.981788952150404584e-03	4.177473563346256052e-03
7.740432341848452324e+01	5.936456837734526149e-01	3.521673271705901831e-01	2.434666375059060806e-02	7.410276406619387829e-03	1.105270980851091704e-02	7.026779831196241534e-03	4.350559259026673745e-03
8.224209363213981305e+01	5.908608939764957713e-01	3.506864672387810522e-01	2.636027662814870859e-02	8.468406359179380186e-03	1.200244810065174451e-02	7.076473435924104764e-03	4.545034260805915806e-03
8.707986384579510286e+01	5.881513000401796809e-01	3.491575010345087104e-01	2.833036442880327438e-02	9.556353986165219000e-03	1.291449549302067616e-02	7.130598594984762992e-03	4.759386422324424562e-03
9.191763405945040688e+01	5.854862450134470375e-01	3.476104682927560474e-01	3.026330868192926918e-02	1.066739778688970131e-02	1.379145843003220379e-02	7.188898129008674392e-03	4.992223665923785358e-03
9.675540427310566827e+01	5.828509066415120676e-01	3.460597533979438145e-01	3.216427021933519759e-02	1.179599714894604377e-02	1.463568283737699989e-02	7.251129702707194771e-03	5.242260052165341813e-03
1.015931744867609581e+02	5.802380794185628687e-01	3.445122178287483572e-01	3.403744525222933415e-02	1.293758408006404938e-02	1.544930327407589322e-02	7.317065610769722325e-03	5.508304535536443641e-03
1.064309447004162337e+02	5.776442232390569531e-01	3.429711094218044765e-01	3.588625487216950266e-02	1.408839349961902958e-02	1.623427528116573246e-02	7.386492112767191129e-03	5.789251573403814480e-03
1.112687149140715235e+02	5.750675633280827315e-01	3.414379413819664255e-01	3.771349106531315942e-02	1.524532399727798922e-02	1.699239851811082044e-02	7.459208604970087204e-03	6.084073104265419821e-03
1.161064851277267991e+02	5.725071764052329648e-01	3.399133952944067838e-01	3.952143231343294150e-02	1.640582312409680221e-02	1.772533450930853516e-02	7.535026760822282135e-03	6.391811592686255823e-03
1.209442553413820747e+02	5.699625510421424401e-01	3.383977549699462295e-01	4.131193670155288572e-02	1.756779266900014569e-02	1.843462098286153053e-02	7.613769697726195662e-03	6.711573936757204983e-03
1.257820255550373645e+02	5.674333760376051305e-01	3.368911147782889803e-01	4.308651769401054127e-02	1.872951033090757347e-02	1.912168387553082188e-02	7.695271193008975177e-03	7.042526090634629483e-03
1.306197957686926259e+02	5.649194384518295697e-01	3.353934796009497843e-01	4.484640618244591787e-02	1.988956489751498788e-02	1.978784762152933571e-02	7.779374955913283783e-03	7.383888289803779842e-03
1.354575659823479441e+02	5.624205743919800105e-01	3.339048127099648600e-01	4.659260146752754184e-02	2.104680257792753209e-02	2.043434410715726929e-02	7.865933955337528136e-03	7.734930790091972853e-03
1.402953361960032339e+02	5.599366451850398274e-01	3.324250586370381955e-01	4.832591322397859768e-02	2.220028255926904254e-02	2.106232054640709908e-02	7.954809800120895072e-03	8.094970048133075594e-03
1.451331064096584669e+02	5.574675257783408000e-01	3.309541540405470106e-01	5.004699607194838112e-02	2.334924019757780161e-02	2.167284646035939552e-02	8.045872167675724787e-03	8.463365283537589712e-03
1.499708766233137851e+02	5.550130990376347384e-01	3.294920328203980175e-01	5.175637806320811801e-02	2.449305653025564758e-02	2.226691989899971455e-02	8.138998276643308674e-03	8.839515372847240107e-03
1.548086468369690749e+02	5.525732528965208168e-01	3.280386284826085075e-01	5.345448414868315956e-02	2.563123302446716420e-02	2.284547301497606708e-02	8.234072399485392948e-03	9.222856033245702828e-03
1.596464170506243647e+02	5.501478788903045869e-01	3.265938751944051366e-01	5.514165550232928703e-02	2.676337066295918915e-02	2.340937707825400602e-02	8.330985411289182352e-03	9.612857260445457561e-03
1.644841872642796261e+02	5.477368713670057732e-01	3.251577082205261426e-01	5.681816542200911202e-02	2.788915262324371050e-02	2.395944700525275833e-02	8.429634371453508662e-03	1.000902099049581773e-02
1.693219574779349159e+02	5.453401270337723261e-01	3.237300640711230915e-01	5.848423240221867908e-02	2.900832993383015840e-02	2.449644546406333154e-02	8.529922135294062957e-03	1.041087895968510237e-02
1.741597276915902057e+02	5.429575446729707489e-01	3.223108805187166470e-01	6.014003087028386985e-02	3.012070959692288163e-02	2.502108660774341950e-02	8.631756992939746895e-03	1.081799074040944858e-02
1.789974979052454671e+02	5.405890249470721720e-01	3.209000965587473497e-01	6.178569999260456747e-02	3.122614475455309790e-02	2.553403947984043965e-02	8.735052333186877488e-03	1.122994193398228931e-02
1.838352681189008138e+02	5.382344702524397562e-01	3.194976523485885123e-01	6.342135088730475878e-02	3.232452654763806610e-02	2.603593112981458790e-02	8.839726330235079740e-03	1.164634250396614362e-02
1.886730383325560467e+02	5.358937846019851126e-01	3.181034891409718068e-01	6.504707252158863084e-02	3.341577737754343469e-02	2.652734947063997706e-02	8.945701651451839001e-03	1.206682523580616777e-02
1.935108085462113081e+02	5.335668735263460194e-01	3.167175492188131214e-01	6.666293652406440895e-02	3.449984532950665234e-02	2.700884590634866980e-02	9.052905184506392783e-03	1.249104431040172491e-02
1.983485787598666263e+02	5.312536439880030104e-01	3.153397758342249002e-01	6.826900110253293630e-02	3.557669955852821309e-02	2.748093775349124898e-02	9.161267782381845790e-03	1.291867398082491986e-02
2.031863489735219162e+02	5.289540043051368379e-01	3.139701131525731714e-01	6.986531422481580267e-02	3.664632647251697684e-02	2.794411047729305694e-02	9.270724024920930922e-03	1.334940734273025974e-02
2.080241191871772060e+02	5.266678640832545000e-01	3.126085062015854232e-01	7.145191619293769780e-02	3.770872657579807385e-02	2.839881976058609980e-02	9.381211995688769692e-03	1.378295519013640613e-02
2.128618894008324673e+02	5.243951341532628874e-01	3.112549008251678240e-01	7.302884171840652583e-02	3.876391185956037239e-02	2.884549342130970917e-02	9.492673073048182170e-03	1.421904494923150603e-02
2.176996596144877287e+02	5.221357265150373683e-01	3.099092436414790375e-01	7.459612158764576673e-02	3.981190364526770303e-02	2.928453319243057296e-02	9.605051734441785033e-03	1.465741968368469879e-02
2.225374298281430470e+02	5.198895542857598917e-01	3.085714820047930629e-01	7.615378399116139174e-02	4.085273080317222000e-02	2.971631637647772356e-02	9.718295372962286113e-03	1.509783716566043786e-02
2.273752000417983652e+02	5.176565316524386340e-01	3.072415639707193336e-01	7.770185557721615011e-02	4.188642828142127850e-02	3.014119738547436922e-02	9.832354125369695275e-03	1.554006900734764690e-02
2.322129702554535982e+02	5.154365738281323495e-01	3.059194382643907750e-01	7.924036228018260797e-02	4.291303589231345444e-02	3.055950917583680898e-02	9.947180710783013954e-03	1.598389984834820005e-02
2.370507404691088880e+02	5.132295970114716388e-01	3.046050542512806492e-01	8.076932996497149242e-02	4.393259731142775543e-02	3.097156458676887658e-02	1.006273027933543389e-02	1.642912659473137055e-02
2.418885106827641494e+02	5.110355183491335218e-01	3.032983619103525874e-01	8.228878492167154834e-02	4.494515925294670367e-02	3.137765758978169894e-02	1.017896027013729353e-02	1.687555770596380761e-02
2.467262808964194392e+02	5.088542559009711086e-01	3.019993118092887951e-01	8.379875423853051786e-02	4.595077079078870030e-02	3.177806445619040659e-02	1.029583027794072660e-02	1.732301252627697907e-02
2.515640511100747290e+02	5.066857286075410194e-01	3.007078550815746043e-01	8.529926607643895098e-02	4.694948280038078320e-02	3.217304484876323811e-02	1.041330192794480761e-02	1.777132065734375946e-02
2.564018213237300188e+02	5.045298562598055092e-01	2.994239434052489712e-01	8.679034986397013429e-02	4.794134750022441965e-02	3.256284284310864002e-02	1.053133875822077382e-02	1.822032136940869573e-02
2.612395915373852517e+02	5.023865594708094573e-01	2.981475289831543862e-01	8.827203642863395983e-02	4.892641807598766684e-02	3.294768788386928660e-02	1.064990610927386144e-02	1.866986304825849971e-02
2.660773617510405415e+02	5.002557596491621350e-01	2.968785645245408666e-01	8.974435807719612079e-02	4.990474837282378451e-02	3.332779568033783502e-02	1.076897102029216596e-02	1.911980267563415103e-02
2.709151319646958882e+02	4.981373789741690983e-01	2.956170032278984117e-01	9.120734863559559757e-02	5.087639264407420314e-02	3.370336904570817027e-02	1.088850213166378186e-02	1.957000534087783780e-02
2.757529021783511780e+02	4.960313403724783132e-01	2.943627987649059530e-01	9.266104345708001122e-02	5.184140534655048288e-02	3.407459868382044926e-02	1.100846959337189145e-02	2.002034378178004642e-02
2.805906723920064678e+02	4.939375674961201113e-01	2.931159052653999342e-01	9.410547940559824132e-02	5.279984097427666001e-02	3.444166392694213152e-02	1.112884497890354561e-02	2.047069795274654436e-02
2.854284426056617008e+02	4.918559847018320053e-01	2.918762773032754221e-01	9.554069482018721915e-02	5.375175392397146118e-02	3.480473342784445173e-02	1.124960120433189312e-02	2.092095461854470706e-02
2.902662128193169337e+02	4.897865170315712779e-01	2.906438698832428669e-01	9.696672946501615209e-02	5.469719838670741852e-02	3.516396580918051962e-02	1.137071245225389389e-02	2.137100697201503238e-02
2.951039830329722804e+02	4.877290901941275791e-01	2.894186384283724545e-01	9.838362446886630974e-02	5.563622826114321407e-02	3.551951027294311669e-02	1.149215410028599053e-02	2.182075427424850014e-02
2.999417532466276270e+02	4.856836305477556515e-01	2.882005387683649889e-01	9.979142225709769498e-02	5.656889708452003673e-02	3.587150717257418797e-02	1.161390265383940162e-02	2.227010151583530551e-02
3.047795234602828600e+02	4.836500650837566861e-01	2.869895271284932381e-01	1.011901664785547772e-01	5.749525797827085422e-02	3.622008855011134287e-02	1.173593568291425929e-02	2.271895909788608503e-02
3.096172936739380930e+02	4.816283214109426947e-01	2.857855601191656714e-01	1.025799019293726771e-01	5.841536360563641395e-02	3.656537864058672510e-02	1.185823176266833333e-02	2.316724253161469432e-02
3.144550638875934396e+02	4.796183277409229451e-01	2.845885947260664017e-01	1.039606744752423623e-01	5.932926613913330066e-02	3.690749434573875609e-02	1.198077041753135667e-02	2.361487215535212209e-02
3.192928341012487294e+02	4.776200128741586726e-01	2.833985883008308670e-01	1.053325309733632170e-01	6.023701723609301700e-02	3.724654567895560597e-02	1.210353206865026447e-02	2.406177286793554498e-02
3.241306043149040192e+02	4.756333061867350498e-01	2.822154985522211668e-01	1.066955191950421933e-01	6.113866802080066692e-02	3.758263618323910704e-02	1.222649798446392121e-02	2.450787387748511181e-02
3.289683745285592522e+02	4.736581376178037872e-01	2.810392835377654164e-01	1.080496877496787689e-01	6.203426907201796403e-02	3.791586332385846192e-02	1.234965023421838448e-02	2.495310846464448423e-02
3.338061447422145420e+02	4.716944376576538422e-01	2.798699016558316988e-01	1.093950860106960299e-01	6.292387041488756161e-02	3.824631885725286728e-02	1.247297164424533353e-02	2.539741375941997198e-02
3.386439149558698318e+02	4.697421373363706576e-01	2.787073116381070803e-01	1.107317640438332806e-01	6.380752151639093595e-02	3.857408917764047762e-02	1.259644575683718792e-02	2.584073053080774077e-02
3.434816851695251216e+02	4.678011682130465698e-01	2.775514725424560458e-01	1.120597725380981236e-01	6.468527128367783374e-02	3.889925564269704900e-02	1.272005679156255724e-02	2.628300298844921459e-02
3.483194553831804114e+02	4.658714623655092479e-01	2.764023437461337052e-01	1.133791627395817209e-01	6.555716806470501812e-02	3.922189487958036708e-02	1.284378960887522236e-02	2.672417859560210704e-02
3.531572255968357013e+02	4.639529523805359656e-01	2.752598849393314007e-01	1.146899863882653026e-01	6.642325965072187755e-02	3.954207907249555898e-02	1.296762967587876923e-02	2.716420789275845321e-02
3.579949958104909342e+02	4.620455713445240642e-01	2.741240561190347313e-01	1.159922956578856440e-01	6.728359328022237573e-02	3.985987623292112925e-02	1.309156303411730671e-02	2.760304433128210957e-02
3.628327660241463377e+02	4.601492528345906829e-01	2.729948175831733437e-01	1.172861430988795389e-01	6.813821564405118936e-02	4.017535045354545670e-02	1.321557626927058644e-02	2.804064411647651245e-02
3.676705362378016275e+02	4.582639309100760006e-01	2.718721299250461132e-01	1.185715815843907117e-01	6.898717289140772480e-02	4.048856214689829786e-02	1.333965648263917697e-02	2.847696605952929061e-02
3.725083064514568036e+02	4.563895401044258393e-01	2.707559540280040644e-01	1.198486642592925255e-01	6.983051063653819557e-02	4.079956826960069727e-02	1.346379126431222414e-02	2.891197143781388396e-02
3.773460766651120935e+02	4.545260154174312062e-01	2.696462510603759855e-01	1.211174444921591098e-01	7.066827396594470290e-02	4.110842253310009742e-02	1.358796866791684571e-02	2.934562386305959725e-02
3.821838468787673833e+02	4.526732923078046755e-01	2.685429824706220825e-01	1.223779758301003218e-01	7.150050744597120922e-02	4.141517560170402540e-02	1.371217718685421687e-02	2.977788915693102556e-02
3.870216170924226162e+02	4.508313066860734075e-01	2.674461099827024069e-01	1.236303119563642444e-01	7.232725513065305090e-02	4.171987527867614814e-02	1.383640573193320282e-02	3.020873523358514126e-02
3.918593873060780197e+02	4.489999949077701502e-01	2.663555955916470652e-01	1.248745066506027623e-01	7.314856056973770282e-02	4.202256668111198357e-02	1.396064361031765927e-02	3.063813198880029412e-02
3.966971575197332527e+02	4.471792937669060719e-01	2.652714015593167773e-01	1.261106137516901649e-01	7.396446681680267365e-02	4.232329240426788847e-02	1.408488050570861662e-02	3.106605119529545767e-02
4.015349277333884856e+02	4.453691404897083261e-01	2.641934904103426240e-01	1.273386871229820194e-01	7.477501643741044091e-02	4.262209267597610179e-02	1.420910645968728042e-02	3.149246640388083524e-02
4.063726979470438323e+02	4.435694727286081385e-01	2.631218249282344934e-01	1.285587806198999483e-01	7.558025151725304702e-02	4.291900550174059664e-02	1.433331185414920932e-02	3.191735285010219997e-02
4.112104681606991221e+02	4.417802285564643161e-01	2.620563681516488441e-01	1.297709480597285525e-01	7.638021367024808161e-02	4.321406680107223869e-02	1.445748739476422282e-02	3.234068736606139638e-02
4.160482383743544119e+02	4.400013464610096903e-01	2.609970833708062932e-01	1.309752431935118921e-01	7.717494404655658724e-02	4.350731053558844208e-02	1.458162409540050136e-02	3.276244829711420781e-02
4.208860085880095880e+02	4.382327653395077238e-01	2.599439341240509238e-01	1.321717196799393756e-01	7.796448334049944917e-02	4.379876882937072669e-02	1.470571326345505511e-02	3.318261542316439106e-02
4.257237788016648778e+02	4.364744244936073492e-01	2.588968841945428201e-01	1.333604310611134491e-01	7.874887179835457496e-02	4.408847208204393076e-02	1.482974648603615879e-02	3.360116988428934331e-02
4.305615490153201677e+02	4.347262636243852119e-01	2.578558976070768893e-01	1.345414307400956411e-01	7.952814922602155501e-02	4.437644907501325092e-02	1.495371561694665979e-02	3.401809411044848241e-02
4.353993192289755143e+02	4.329882228275647171e-01	2.568209386250205895e-01	1.357147719601297653e-01	8.030235499654402032e-02	4.466272707126871244e-02	1.507761276442009905e-02	3.443337175503984049e-02
4.402370894426308041e+02	4.312602425889027757e-01	2.557919717473637333e-01	1.368805077854469698e-01	8.107152805748271684e-02	4.494733190914259463e-02	1.520143027956446548e-02	3.484698763208452649e-02
4.450748596562860939e+02	4.295422637797341459e-01	2.547689617058747080e-01	1.380386910835596781e-01	8.183570693813498054e-02	4.523028809038188297e-02	1.532516074547112320e-02	3.525892765683123070e-02
4.499126298699413837e+02	4.278342276526657662e-01	2.537518734623566141e-01	1.391893745089564094e-01	8.259492975659800396e-02	4.551161886287644065e-02	1.544879696694898344e-02	3.566917878958549698e-02
4.547504000835967304e+02	4.261360758374118651e-01	2.527406722059984401e-01	1.403326104881136571e-01	8.334923422667460391e-02	4.579134629836308090e-02	1.557233196084639552e-02	3.607772898257966682e-02
4.595881702972519065e+02	4.244477503367631854e-01	2.517353233508154431e-01	1.414684512057448607e-01	8.409865766462182313e-02	4.606949136540657019e-02	1.569575894692549003e-02	3.648456712971030746e-02
4.644259405109071963e+02	4.227691935226828290e-01	2.507357925331745174e-01	1.425969485922102820e-01	8.484323699574347621e-02	4.634607399794075933e-02	1.581907133925577330e-02	3.688968301898000457e-02
4.692637107245624861e+02	4.211003481325215070e-01	2.497420456093996100e-01	1.437181543120166494e-01	8.558300876082818032e-02	4.662111315963592129e-02	1.594226273809584357e-02	3.729306728748994076e-02
4.741014809382177759e+02	4.194411572653466425e-01	2.487540486534526585e-01	1.448321197533374016e-01	8.631800912243564605e-02	4.689462690434271358e-02	1.606532692223388778e-02	3.769471137883871614e-02
4.789392511518730657e+02	4.177915643783787214e-01	2.477717679546866669e-01	1.459388960184898887e-01	8.704827387103374059e-02	4.716663243284806989e-02	1.618825784175944096e-02	3.809460750279110991e-02
4.837770213655284124e+02	4.161515132835297281e-01	2.467951700156665318e-01	1.470385339153083837e-01	8.777383843098969518e-02	4.743714614616428848e-02	1.631104961124046904e-02	3.849274859708862878e-02
4.886147915791837022e+02	4.145209481440376154e-01	2.458242215500540395e-01	1.481310839493553411e-01	8.849473786641866291e-02	4.770618369555960914e-02	1.643369650328150786e-02	3.888912829128095272e-02
4.934525617928388783e+02	4.128998134711929224e-01	2.448588894805541760e-01	1.492165963169169995e-01	8.921100688689337366e-02	4.797376002952571938e-02	1.655619294243988390e-02	3.928374087246463281e-02
4.982903320064942250e+02	4.112880541211518803e-01	2.438991409369189456e-01	1.502951208987317044e-01	8.992267985301834188e-02	4.823988943786644557e-02	1.667853349947862052e-02	3.967658125282183534e-02
5.031281022201495148e+02	4.096856152918317839e-01	2.429449432540059794e-01	1.513667072544032655e-01	9.062979078187241577e-02	4.850458559308055279e-02	1.680071288593572298e-02	4.006764493885808104e-02
5.079658724338048046e+02	4.080924425198851346e-01	2.419962639698891860e-01	1.524314046174538306e-01	9.133237335232334553e-02	4.876786158920136394e-02	1.692272594899089586e-02	4.045692800224407609e-02
5.128036426474600376e+02	4.065084816777474463e-01	2.410530708240187781e-01	1.534892618909735329e-01	9.203046091021803432e-02	4.902972997824627671e-02	1.704456766661183523e-02	4.084442705217192909e-02
5.176414128611153274e+02	4.049336789707562168e-01	2.401153317554278743e-01	1.545403276438269136e-01	9.272408647345226074e-02	4.929020280441999413e-02	1.716623314296330735e-02	4.123013920914133518e-02
5.224791830747705035e+02	4.033679809343365119e-01	2.391830149009837314e-01	1.555846501073782640e-01	9.341328273692313389e-02	4.954929163620677007e-02	1.728771760406322758e-02	4.161406208009636037e-02
5.273169532884259070e+02	4.018113344312508328e-01	2.382560885936811090e-01	1.566222771727004415e-01	9.409808207736808372e-02	4.980700759647896381e-02	1.740901639367095632e-02	4.199619373483767792e-02
5.321547235020811968e+02	4.002636866489094336e-01	2.373345213609757698e-01	1.576532563882339644e-01	9.477851655809377274e-02	5.006336139074139824e-02	1.753012496939383713e-02	4.237653268363986148e-02
5.369924937157364866e+02	3.987249850967387044e-01	2.364182819231561428e-01	1.586776349578649936e-01	9.545461793359819036e-02	5.031836333362410540e-02	1.765103889899893516e-02	4.275507785600700383e-02
5.418302639293917764e+02	3.971951776036041770e-01	2.355073391917513748e-01	1.596954597393925035e-01	9.612641765408906636e-02	5.057202337372918716e-02	1.777175385691763185e-02	4.313182858050416263e-02
5.466680341430470662e+02	3.956742123152864332e-01	2.346016622679737151e-01	1.607067772433578567e-01	9.679394686990208663e-02	5.082435111693123925e-02	1.789226562093155365e-02	4.350678456560527763e-02
5.515058043567023560e+02	3.941620376920069169e-01	2.337012204411939575e-01	1.617116336322099168e-01	9.745723643582152040e-02	5.107535584822486818e-02	1.801257006902894781e-02	4.387994588150209013e-02
5.563435745703576458e+02	3.926586025060012086e-01	2.328059831874482732e-01	1.627100747197821606e-01	9.811631691530667276e-02	5.132504655220716805e-02	1.813266317642131878e-02	4.425131294282136363e-02
5.611813447840129356e+02	3.911638558391384302e-01	2.319159201679747151e-01	1.637021459710587545e-01	9.877121858462653559e-02	5.157343193227789668e-02	1.825254101271071502e-02	4.462088649220104231e-02
5.660191149976681118e+02	3.896777470805834476e-01	2.310310012277785319e-01	1.646878925022081663e-01	9.942197143690567618e-02	5.182052042863500435e-02	1.837219973919869062e-02	4.498866758467856553e-02
5.708568852113234016e+02	3.882002259245009856e-01	2.301511963942242112e-01	1.656673590808643293e-01	1.000686051860840420e-01	5.206632023513863700e-02	1.849163560632844858e-02	4.535465757284736638e-02
5.756946554249786914e+02	3.867312423677996547e-01	2.292764758756540011e-01	1.666405901266367617e-01	1.007111492707929157e-01	5.231083931511230217e-02	1.861084495125220686e-02	4.571885809274010143e-02
5.805324256386339812e+02	3.852707467079137249e-01	2.284068100600307460e-01	1.676076297118320735e-01	1.013496328581500044e-01	5.255408541614579182e-02	1.872982419551636607e-02	4.608127105039934446e-02
5.853701958522892710e+02	3.838186895406207610e-01	2.275421695136049527e-01	1.685685215623699273e-01	1.019840848474753703e-01	5.279606608396054945e-02	1.884856984285739057e-02	4.644189860909904433e-02
5.902079660659445608e+02	3.823750217578957833e-01	2.266825249796038666e-01	1.695233090588789127e-01	1.026145338739311574e-01	5.303678867539469988e-02	1.896707847710187370e-02	4.680074317718173338e-02
5.950457362795999643e+02	3.809396945457967365e-01	2.258278473769429473e-01	1.704720352379569814e-01	1.032410083120868377e-01	5.327626037056119868e-02	1.908534676016456974e-02	4.715780739647874864e-02
5.998835064932552541e+02	3.795126593823835437e-01	2.249781077989576050e-01	1.714147427935837631e-01	1.038635362794122774e-01	5.351448818422976234e-02	1.920337143013852929e-02	4.751309413128250447e-02
6.047212767069104302e+02	3.780938680356671910e-01	2.241332775121551435e-01	1.723514740786714350e-01	1.044821456397007908e-01	5.375147897647993001e-02	1.932114929947198120e-02	4.786660645784153456e-02
6.095590469205657200e+02	3.766832725615885114e-01	2.232933279549855488e-01	1.732822711067429633e-01	1.050968640064237763e-01	5.398723946266975604e-02	1.943867725322671880e-02	4.821834765435074194e-02
6.143968171342210098e+02	3.752808253020253892e-01	2.224582307366308742e-01	1.742071755537262234e-01	1.057077187460193080e-01	5.422177622276219688e-02	1.955595224741324412e-02	4.856832119141083620e-02
6.192345873478761860e+02	3.738864788828269448e-01	2.216279576358120840e-01	1.751262287598537859e-01	1.063147369811161813e-01	5.445509571004850113e-02	1.967297130739809746e-02	4.891653072293244975e-02
6.240723575615315895e+02	3.725001862118747509e-01	2.208024805996127438e-01	1.760394717316590141e-01	1.069179455936952045e-01	5.468720425930560097e-02	1.978973152637915345e-02	4.926298007746162527e-02
6.289101277751868793e+02	3.711219004771683094e-01	2.199817717423189212e-01	1.769469451440589536e-01	1.075173712281896482e-01	5.491810809442237290e-02	1.990623006392488667e-02	4.960767324990493499e-02
6.337478979888421691e+02	3.697515751449358401e-01	2.191658033442749620e-01	1.778486893425162418e-01	1.081130402945262164e-01	5.514781333552747772e-02	2.002246414457383231e-02	4.995061439363344957e-02
6.385856682024975726e+02	3.683891639577677735e-01	2.183545478507540605e-01	1.787447443452714613e-01	1.087049789711083958e-01	5.537632600564944274e-02	2.013843105649076176e-02	5.029180781294614183e-02
6.434234384161527487e+02	3.670346209327736142e-01	2.175479778708434009e-01	1.796351498456392470e-01	1.092932132077433366e-01	5.560365203693801162e-02	2.025412815017622881e-02	5.063125795587421901e-02
6.482612086298080385e+02	3.656879003597601208e-01	2.167460661763433993e-01	1.805199452143610994e-01	1.098777687285142496e-01	5.582979727647373325e-02	2.036955283722642271e-02	5.096896940730904352e-02
6.530989788434633283e+02	3.643489567994310785e-01	2.159487857006802680e-01	1.813991695020082950e-01	1.104586710345992900e-01	5.605476749169154699e-02	2.048470258914037237e-02	5.130494688243722456e-02
6.579367490571185044e+02	3.630177450816073348e-01	2.151561095378316524e-01	1.822728614414295401e-01	1.110359454070384277e-01	5.627856837544207430e-02	2.059957493617181265e-02	5.163919522046723359e-02
6.627745192707737942e+02	3.616942203034667624e-01	2.143680109412648693e-01	1.831410594502371203e-01	1.116096169094498158e-01	5.650120555071337647e-02	2.071416746622309346e-02	5.197171937863304808e-02
6.676122894844290840e+02	3.603783378278031524e-01	2.135844633228873579e-01	1.840038016333270243e-01	1.121797103906967130e-01	5.672268457503421013e-02	2.082847782377879320e-02	5.230252442646078637e-02
6.724500596980843738e+02	3.590700532813041468e-01	2.128054402520087873e-01	1.848611257854280154e-01	1.127462504875062776e-01	5.694301094457872997e-02	2.094250370887668425e-02	5.263161554028538552e-02
6.772878299117396637e+02	3.577693225528467691e-01	2.120309154543146557e-01	1.857130693936751009e-01	1.133092616270415104e-01	5.716219009799130418e-02	2.105624287611399317e-02	5.295899799800478369e-02
6.821256001253949535e+02	3.564761017918106067e-01	2.112608628108507136e-01	1.865596696402034849e-01	1.138687680294272753e-01	5.738022741994903281e-02	2.116969313368696412e-02	5.328467717406004667e-02
6.869633703390502433e+02	3.551903474064080912e-01	2.104952563570185176e-01	1.874009634047592021e-01	1.144247937102318424e-01	5.759712824447842799e-02	2.128285234246180338e-02	5.360865853463021163e-02
6.918011405527055331e+02	3.539120160620312650e-01	2.097340702815810587e-01	1.882369872673223532e-01	1.149773624829047852e-01	5.781289785804175074e-02	2.139571841507529465e-02	5.393094763303158540e-02
6.966389107663608229e+02	3.526410646796146464e-01	2.089772789256783003e-01	1.890677775107405256e-01	1.155264979611723558e-01	5.802754150240761744e-02	2.150828931506342662e-02	5.425155010531127614e-02
7.014766809800161127e+02	3.513774504340132498e-01	2.082248567818531237e-01	1.898933701233685711e-01	1.160722235613913522e-01	5.824106437731946251e-02	2.162056305601647507e-02	5.457047166602593119e-02
7.063144511936714025e+02	3.501211307523965921e-01	2.074767784930861281e-01	1.907138008017124076e-01	1.166145625048625595e-01	5.845347164297475667e-02	2.173253770075910321e-02	5.488771810419657005e-02
7.111522214073266923e+02	3.488720633126572990e-01	2.067330188518400891e-01	1.915291049530737921e-01	1.171535378201045419e-01	5.866476842232703354e-02	2.184421136055412355e-02	5.520329527943122760e-02
7.159899916209819821e+02	3.476302060418336448e-01	2.059935527991134385e-01	1.923393176981941788e-01	1.176891723450887717e-01	5.887495980322199340e-02	2.195558219432861696e-02	5.551720911820740706e-02
7.208277618346371582e+02	3.463955171145469691e-01	2.052583554235023200e-01	1.931444738738949951e-01	1.182214887294371769e-01	5.908405084037844646e-02	2.206664840792123619e-02	5.582946561030689009e-02
7.256655320482924481e+02	3.451679549514523049e-01	2.045274019602714433e-01	1.939446080357124513e-01	1.187505094365826214e-01	5.929204655722390693e-02	2.217740825334957658e-02	5.614007080539567401e-02
7.305033022619478515e+02	3.439474782177028289e-01	2.038006677904331543e-01	1.947397544605251885e-01	1.192762567458934692e-01	5.949895194759434458e-02	2.228786002809652472e-02	5.644903080974242315e-02
7.353410724756030277e+02	3.427340458214273577e-01	2.030781284398346931e-01	1.955299471491725727e-01	1.197987527547629827e-01	5.970477197730687108e-02	2.239800207441461702e-02	5.675635178306890488e-02
7.401788426892584312e+02	3.415276169122203886e-01	2.023597595782534730e-01	1.963152198290624983e-01	1.203180193806641374e-01	5.990951158561357015e-02	2.250783277864750603e-02	5.706203993552644294e-02
7.450166129029136073e+02	3.403281508796454080e-01	2.016455370185001594e-01	1.970956059567669783e-01	1.208340783631709353e-01	6.011317568654429844e-02	2.261735057056759798e-02	5.736610152479263564e-02
7.498543831165690108e+02	3.391356073517500236e-01	2.009354367155292420e-01	1.978711387206044114e-01	1.213469512659467592e-01	6.031576917014565969e-02	2.272655392272911884e-02	5.766854285328282259e-02
7.546921533302243006e+02	3.379499461935932536e-01	2.002294347655571849e-01	1.986418510432068907e-01	1.218566594787005991e-01	6.051729690362305653e-02	2.283544134983579374e-02	5.796937026547126226e-02
7.595299235438793630e+02	3.367711275057848064e-01	1.995275074051879038e-01	1.994077755840719668e-01	1.223632242191117214e-01	6.071776373239217567e-02	2.294401140812243195e-02	5.826859014531701048e-02
7.643676937575347665e+02	3.355991116230358506e-01	1.988296310105451825e-01	2.001689447420976209e-01	1.228666665347236397e-01	6.091717448104597837e-02	2.305226269474976511e-02	5.856620891378992028e-02
7.692054639711900563e+02	3.344338591127213323e-01	1.981357820964123884e-01	2.009253906580994176e-01	1.233670073048079158e-01	6.111553395424276086e-02	2.316019384721187263e-02	5.886223302649232214e-02
7.740432341848452324e+02	3.332753307734530046e-01	1.974459373153787667e-01	2.016771452173091173e-01	1.238642672421985530e-01	6.131284693752066250e-02	2.326780354275562873e-02	5.915666897137222130e-02
7.788810043985006359e+02	3.321234876336643937e-01	1.967600734569926180e-01	2.024242400518543039e-01	1.243584668950974692e-01	6.150911819804348590e-02	2.337509049781159517e-02	5.944952326652405694e-02
7.837187746121558121e+02	3.309782909502055892e-01	1.960781674469211644e-01	2.031667065432176400e-01	1.248496266488518247e-01	6.170435248528263750e-02	2.348205346743586705e-02	5.974080245807319306e-02
7.885565448258112156e+02	3.298397022069490259e-01	1.954001963461167446e-01	2.039045758246760820e-01	1.253377667277036367e-01	6.189855453163939369e-02	2.358869124476235465e-02	6.003051311814061597e-02
7.933943150394665054e+02	3.287076831134059240e-01	1.947261373499895587e-01	2.046378787837187241e-01	1.258229071965124568e-01	6.209172905301166973e-02	2.369500266046503656e-02	6.031866184288442456e-02
7.982320852531219089e+02	3.275821956033527216e-01	1.940559677875864364e-01	2.053666460644434366e-01	1.263050679624513895e-01	6.228388074930914925e-02	2.380098658222980224e-02	6.060525525061481733e-02
8.030698554667769713e+02	3.264632018334676089e-01	1.933896651207761552e-01	2.060909080699312168e-01	1.267842687766773946e-01	6.247501430492032742e-02	2.390664191423542279e-02	6.089029997997962712e-02
8.079076256804323748e+02	3.253506641819773337e-01	1.927272069434402268e-01	2.068106949645987236e-01	1.272605292359759999e-01	6.266513438913484668e-02	2.401196759664329244e-02	6.117380268821730194e-02
8.127453958940876646e+02	3.242445452473131651e-01	1.920685709806705110e-01	2.075260366765280806e-01	1.277338687843812548e-01	6.285424565652429629e-02	2.411696260509562165e-02	6.145577004947476440e-02
8.175831661077428407e+02	3.231448078467774043e-01	1.914137350879719091e-01	2.082369628997738087e-01	1.282043067147712045e-01	6.304235274728442473e-02	2.422162595022168963e-02	6.173620875318727719e-02
8.224209363213982442e+02	3.220514150152186672e-01	1.907626772504711632e-01	2.089435030966468876e-01	1.286718621704395771e-01	6.322946028754158898e-02	2.432595667715187898e-02	6.201512550251796208e-02
8.272587065350534203e+02	3.209643300037169911e-01	1.901153755821314573e-01	2.096456864999755865e-01	1.291365541466440725e-01	6.341557288962598737e-02	2.442995386503919036e-02	6.229252701285450944e-02
8.320964767487085965e+02	3.198835162782778241e-01	1.894718083249725127e-01	2.103435421153430629e-01	1.295984014921316430e-01	6.360069515231404902e-02	2.453361662658797016e-02	6.256842001036078127e-02
8.369342469623640000e+02	3.188089375185357843e-01	1.888319538482962079e-01	2.110370987233013973e-01	1.300574229106413460e-01	6.378483166104244317e-02	2.463694410758957704e-02	6.284281123058116370e-02
8.417720171760191761e+02	3.177405576164665790e-01	1.881957906479177767e-01	2.117263848815623961e-01	1.305136369623852433e-01	6.396798698809560979e-02	2.473993548646476193e-02	6.311570741709555954e-02
8.466097873896745796e+02	3.166783406751087493e-01	1.875632973454022523e-01	2.124114289271647193e-01	1.309670620655075945e-01	6.415016569276899006e-02	2.484258997381251846e-02	6.338711532022309192e-02
8.514475576033297557e+02	3.156222510072934084e-01	1.869344526873064904e-01	2.130922589786175270e-01	1.314177164975230128e-01	6.433137232150977491e-02	2.494490681196521661e-02	6.365704169577257598e-02
8.562853278169851592e+02	3.145722531343831951e-01	1.863092355444259940e-01	2.137689029380205885e-01	1.318656183967336637e-01	6.451161140803679528e-02	2.504688527454978011e-02	6.392549330383799633e-02
8.611230980306403353e+02	3.135283117850196644e-01	1.856876249110473998e-01	2.144413884931611058e-01	1.323107857636263984e-01	6.469088747344141355e-02	2.514852466605474110e-02	6.419247690763726921e-02
8.659608682442956251e+02	3.124903918938788938e-01	1.850695999042059336e-01	2.151097431195870546e-01	1.327532364622497352e-01	6.486920502627069318e-02	2.524982432140301936e-02	6.445799927239267979e-02
8.707986384579510286e+02	3.114584586004360833e-01	1.844551397629477230e-01	2.157739940826569336e-01	1.331929882215712735e-01	6.504656856259451170e-02	2.535078360553019716e-02	6.472206716425128736e-02
8.756364086716062047e+02	3.104324772477377592e-01	1.838442238475973545e-01	2.164341684395668652e-01	1.336300586368160126e-01	6.522298256605774114e-02	2.545140191296820301e-02	6.498468734924406354e-02
8.804741788852616082e+02	3.094124133811827493e-01	1.832368316390303453e-01	2.170902930413539100e-01	1.340644651707858515e-01	6.539845150791886996e-02	2.555167866743420987e-02	6.524586659228209795e-02
8.853119490989170117e+02	3.083982327473108187e-01	1.826329427379504156e-01	2.177423945348769541e-01	1.344962251551604371e-01	6.557297984707623206e-02	2.565161332142461975e-02	6.550561165618858095e-02
8.901497193125721878e+02	3.073899012925996321e-01	1.820325368641716735e-01	2.183904993647745041e-01	1.349253557917801383e-01	6.574657203008280049e-02	2.575120535581403372e-02	6.576392930076534193e-02
8.949874895262273640e+02	3.063873851622695432e-01	1.814355938559054360e-01	2.190346337753997508e-01	1.353518741539110615e-01	6.591923249115069772e-02	2.585045427945902724e-02	6.602082628189259728e-02
8.998252597398827675e+02	3.053906506990963221e-01	1.808420936690521286e-01	2.196748238127332054e-01	1.357757971874927194e-01	6.609096565214638008e-02	2.594935962880667857e-02	6.627630935066072815e-02
9.046630299535379436e+02	3.043996644422314879e-01	1.802520163764974037e-01	2.203110953262729932e-01	1.361971417123684636e-01	6.626177592257714855e-02	2.604792096750769420e-02	6.653038525253295032e-02
9.095008001671932334e+02	3.034143931260306348e-01	1.796653421674132001e-01	2.209434739709029982e-01	1.366159244234992354e-01	6.643166769957010998e-02	2.614613788603405847e-02	6.678306072653787673e-02
9.143385703808486369e+02	3.024348036788891414e-01	1.790820513465634367e-01	2.215719852087387753e-01	1.370321618921608586e-01	6.660064536784417177e-02	2.624401000130108588e-02	6.703434250449073761e-02
9.191763405945038130e+02	3.014608632220853734e-01	1.785021243336138708e-01	2.221966543109520631e-01	1.374458705671248726e-01	6.676871329967576374e-02	2.634153695629382411e-02	6.728423731024245347e-02
9.240141108081592165e+02	3.004925390686316033e-01	1.779255416624469510e-01	2.228175063595735916e-01	1.378570667758238499e-01	6.693587585485913372e-02	2.643871841969765504e-02	6.753275185895538102e-02
9.288518810218145063e+02	2.995297987221324787e-01	1.773522839804807238e-01	2.234345662492743523e-01	1.382657667255008105e-01	6.710213738066155009e-02	2.653555408553310083e-02	6.777989285640512174e-02
9.336896512354697961e+02	2.985726098756502633e-01	1.767823320479923743e-01	2.240478586891260226e-01	1.386719865043434252e-01	6.726750221177429934e-02	2.663204367279466828e-02	6.802566699830712993e-02
9.385274214491247449e+02	2.976209404105778500e-01	1.762156667374460417e-01	2.246574082043401865e-01	1.390757420826031487e-01	6.743197467025968672e-02	2.672818692509372485e-02	6.827008096966756534e-02
9.433651916627801484e+02	2.966747583955188783e-01	1.756522690328249925e-01	2.252632391379870425e-01	1.394770493136996969e-01	6.759555906549484516e-02	2.682398361030530545e-02	6.851314144415748819e-02
9.482029618764355519e+02	2.957340320851748472e-01	1.750921200289680402e-01	2.258653756526936562e-01	1.398759239353108697e-01	6.775825969411253258e-02	2.691943352021880509e-02	6.875485508350950847e-02
9.530407320900908417e+02	2.947987299192396105e-01	1.745352009309102670e-01	2.264638417323218689e-01	1.402723815704481070e-01	6.792008083993962553e-02	2.701453647019244966e-02	6.899522853693632052e-02
9.578785023037459041e+02	2.938688205213004778e-01	1.739814930532280757e-01	2.270586611836262481e-01	1.406664377285182232e-01	6.808102677393336466e-02	2.710929229881156241e-02	6.923426844057027629e-02
9.627162725174014213e+02	2.929442726977468658e-01	1.734309778193880158e-01	2.276498576378922223e-01	1.410581078063712357e-01	6.824110175411607360e-02	2.720370086755049752e-02	6.947198141692335904e-02
9.675540427310568248e+02	2.920250554366851103e-01	1.728836367611002456e-01	2.282374545525548415e-01	1.414474070893347035e-01	6.840031002550839290e-02	2.729776206043822359e-02	6.970837407436680788e-02
9.723918129447120009e+02	2.911111379068608840e-01	1.723394515176757957e-01	2.288214752127980256e-01	1.418343507522348002e-01	6.855865582006147319e-02	2.739147578372749803e-02	6.994345300662987985e-02
9.772295831583674044e+02	2.902024894565878865e-01	1.717984038353879417e-01	2.294019427331349670e-01	1.422189538604044790e-01	6.871614335658848827e-02	2.748484196556758366e-02	7.017722479231705557e-02
9.820673533720223531e+02	2.892990796126834740e-01	1.712604755668376832e-01	2.299788800589694926e-01	1.426012313706786216e-01	6.887277684069557926e-02	2.757786055568046610e-02	7.040969599444307780e-02
9.869051235856777566e+02	2.884008780794109494e-01	1.707256486703232767e-01	2.305523099681390520e-01	1.429811981323767522e-01	6.902856046471253504e-02	2.767053152504053010e-02	7.064087315998537897e-02
9.917428937993331601e+02	2.875078547374284588e-01	1.701939052092133753e-01	2.311222550724392477e-01	1.433588688882732332e-01	6.918349840762341718e-02	2.776285486555762558e-02	7.087076281945305090e-02
9.965806640129884499e+02	2.866199796427446600e-01	1.696652273513247489e-01	2.316887378191303248e-01	1.437342582755554432e-01	6.933759483499744858e-02	2.785483058976351289e-02	7.109937148647225980e-02
1.001418434226643626e+03	2.857372230256804424e-01	1.691395973683032516e-01	2.322517804924257301e-01	1.441073808267699097e-01	6.949085389892016573e-02	2.794645873050166304e-02	7.132670565738721824e-02
