3.821838468787673833e+02	4.410589059763994624e-01	2.835472330809405417e-01	1.204101194317462459e-01	7.218031685648837459e-02	4.029998720201642681e-02	1.357046797633124774e-02	2.893296947592059049e-02
3.870216170924226162e+02	4.392623433200836813e-01	2.824054106556793675e-01	1.217392211539671115e-01	7.295051960176797412e-02	4.060364050988867629e-02	1.368633729210717159e-02	2.935252746634887250e-02
3.918593873060780197e+02	4.374764136963135153e-01	2.812699152330074837e-01	1.230580769084541060e-01	7.371650360354269071e-02	4.090572703741392896e-02	1.380234873737898327e-02	2.977101478373218868e-02
3.966971575197332527e+02	4.357010515354591274e-01	2.801407123601710736e-01	1.243667930232766200e-01	7.447829043628624579e-02	4.120625391511695268e-02	1.391849154764311647e-02	3.018840718188971553e-02
4.015349277333884856e+02	4.339361917162544713e-01	2.790177677635445330e-01	1.256654743255781193e-01	7.523590157682562285e-02	4.150522825908018604e-02	1.403475515973733739e-02	3.060468119882255728e-02
4.063726979470438323e+02	4.321817695619888378e-01	2.779010473478179533e-01	1.269542241673143612e-01	7.598935840471410241e-02	4.180265717056725477e-02	1.415112920847686612e-02	3.101981413896350015e-02
4.112104681606991221e+02	4.304377208367421437e-01	2.767905171951871024e-01	1.282331444505093176e-01	7.673868220260232631e-02	4.209854773565733371e-02	1.426760352334814630e-02	3.143378405579647789e-02
4.160482383743544119e+02	4.287039817416643528e-01	2.756861435645453495e-01	1.295023356520384472e-01	7.748389415660697499e-02	4.239290702489013907e-02	1.438416812525921025e-02	3.184656973483829256e-02
4.208860085880095880e+02	4.269804889112979174e-01	2.745878928906768102e-01	1.307618968479483390e-01	7.822501535667755745e-02	4.268574209292125970e-02	1.450081322334565229e-02	3.225815067697517663e-02
4.257237788016648778e+02	4.252671794099421310e-01	2.734957317834518786e-01	1.320119257373216504e-01	7.896206679696105013e-02	4.297705997818771634e-02	1.461752921183118170e-02	3.266850708214707327e-02
4.305615490153201677e+02	4.235639907280592253e-01	2.724096270270246478e-01	1.332525186656963734e-01	7.969506937616471776e-02	4.326686770258337394e-02	1.473430666694177868e-02	3.307761983337254019e-02
4.353993192289755143e+02	4.218708607787219900e-01	2.713295455790320498e-01	1.344837706480478678e-01	8.042404389791676933e-02	4.355517227114415885e-02	1.485113634387251295e-02	3.348547048110735863e-02
4.402370894426308041e+02	4.201877278941010263e-01	2.702554545697950505e-01	1.357057753913422649e-01	8.114901107112534873e-02	4.384198067174279595e-02	1.496800917380604681e-02	3.389204122793011698e-02
4.450748596562860939e+02	4.185145308219926363e-01	2.691873213015221755e-01	1.369186253166694567e-01	8.186999151033559630e-02	4.412729987479278165e-02	1.508491626098191866e-02	3.429731491354812145e-02
4.499126298699413837e+02	4.168512087223851248e-01	2.681251132475145349e-01	1.381224115809637776e-01	8.258700573608485085e-02	4.441113683296155773e-02	1.520184887981570684e-02	3.470127500011708360e-02
4.547504000835967304e+02	4.151977011640644588e-01	2.670687980513732906e-01	1.393172240983205357e-01	8.330007417525622793e-02	4.469349848089258781e-02	1.531879847206715078e-02	3.510390555786827016e-02
4.595881702972519065e+02	4.135539481212574531e-01	2.660183435262091223e-01	1.405031515609161397e-01	8.400921716143042173e-02	4.497439173493610054e-02	1.543575664405636740e-02	3.550519125103687723e-02
4.644259405109071963e+02	4.119198899703126471e-01	2.649737176538536909e-01	1.416802814595391757e-01	8.471445493523581394e-02	4.525382349288843697e-02	1.555271516392732131e-02	3.590511732408543238e-02
4.692637107245624861e+02	4.102954674864180418e-01	2.639348885840733239e-01	1.428487001037405113e-01	8.541580764469697273e-02	4.553180063373974545e-02	1.566966595895767991e-02	3.630366958821632656e-02
4.741014809382177759e+02	4.086806218403550850e-01	2.629018246337848641e-01	1.440084926416095035e-01	8.611329534558158361e-02	4.580833001742978111e-02	1.578660111291424126e-02	3.670083440816752224e-02
4.789392511518730657e+02	4.070752945952889612e-01	2.618744942862736846e-01	1.451597430791835286e-01	8.680693800174577035e-02	4.608341848461176837e-02	1.590351286345309881e-02	3.709659868928575494e-02
4.837770213655284124e+02	4.054794277035936867e-01	2.608528661904138124e-01	1.463025342994977440e-01	8.749675548547797277e-02	4.635707285642405584e-02	1.602039359956380915e-02	3.749094986487147563e-02
4.886147915791837022e+02	4.038929635037120103e-01	2.598369091598904945e-01	1.474369480812825484e-01	8.818276757784121456e-02	4.662929993426943864e-02	1.613723585905666585e-02	3.788387588379015652e-02
4.934525617928388783e+02	4.023158447170499530e-01	2.588265921724248741e-01	1.485630651173149019e-01	8.886499396901401115e-02	4.690010649960189848e-02	1.625403232609246365e-02	3.827536519834438128e-02
4.982903320064942250e+02	4.007480144449048209e-01	2.578218843690006645e-01	1.496809650324308905e-01	8.954345425862988983e-02	4.716949931372076826e-02	1.637077582875384740e-02	3.866540675240157793e-02
5.031281022201495148e+02	3.991894161654265805e-01	2.568227550530936543e-01	1.507907264012053605e-01	9.021816795611534157e-02	4.743748511757194669e-02	1.648745933665761443e-02	3.905398996977199610e-02
5.079658724338048046e+02	3.976399937306120402e-01	2.558291736899029334e-01	1.518924267653054272e-01	9.088915448102663497e-02	4.770407063155618355e-02	1.660407595860719995e-02	3.944110474283205742e-02
5.128036426474600376e+02	3.960996913633313965e-01	2.548411099055849505e-01	1.529861426505243205e-01	9.155643316338510362e-02	4.796926255534417899e-02	1.672061894028463100e-02	3.982674142138788176e-02
5.176414128611153274e+02	3.945684536543865306e-01	2.538585334864894572e-01	1.540719495835012609e-01	9.222002324401128159e-02	4.823306756769842052e-02	1.683708166198127215e-02	4.021089080177420172e-02
5.224791830747705035e+02	3.930462255596007815e-01	2.528814143783981727e-01	1.551499221081337754e-01	9.287994387485766501e-02	4.849549232630148698e-02	1.695345763636665545e-02	4.059354411618386338e-02
5.273169532884259070e+02	3.915329523969397485e-01	2.519097226857654470e-01	1.562201338016882546e-01	9.353621411934022467e-02	4.875654346759084740e-02	1.706974050629472481e-02	4.097469302222318810e-02
5.321547235020811968e+02	3.900285798436622930e-01	2.509434286709614770e-01	1.572826572906145248e-01	9.418885295266876678e-02	4.901622760659987005e-02	1.718592404264686693e-02	4.135432959268860176e-02
5.369924937157364866e+02	3.885330539335018485e-01	2.499825027535183264e-01	1.583375642660702076e-01	9.483787926217603081e-02	4.927455133680496563e-02	1.730200214221100721e-02	4.173244630556000728e-02
5.418302639293917764e+02	3.870463210538774845e-01	2.490269155093774167e-01	1.593849254991604736e-01	9.548331184764560775e-02	4.953152122997869777e-02	1.741796882559621881e-02	4.210903603420648733e-02
5.466680341430470662e+02	3.855683279431337263e-01	2.480766376701403764e-01	1.604248108558984920e-01	9.612516942163874811e-02	4.978714383604879862e-02	1.753381823518216504e-02	4.248409203780003501e-02
5.515058043567023560e+02	3.840990216878097940e-01	2.471316401223216663e-01	1.614572893118922381e-01	9.676347060982001813e-02	5.004142568296285343e-02	1.764954463310276778e-02	4.285760795193300360e-02
5.563435745703576458e+02	3.826383497199367101e-01	2.461918939066041201e-01	1.624824289667624044e-01	9.739823395128181793e-02	5.029437327655864043e-02	1.776514239926353309e-02	4.322957777943513269e-02
5.611813447840129356e+02	3.811862598143626046e-01	2.452573702170965930e-01	1.635002970582974946e-01	9.802947789886783114e-02	5.054599310043983440e-02	1.788060602939189198e-02	4.359999588138614018e-02
5.660191149976681118e+02	3.797427000861056667e-01	2.443280404005943041e-01	1.645109599763499575e-01	9.865722081949546141e-02	5.079629161585719893e-02	1.799593013312002568e-02	4.396885696831977913e-02
5.708568852113234016e+02	3.783076189877343509e-01	2.434038759558415088e-01	1.655144832764793850e-01	9.928148099447711705e-02	5.104527526159489265e-02	1.811110943209957164e-02	4.433615609161558474e-02
5.756946554249786914e+02	3.768809653067741738e-01	2.424848485327968095e-01	1.665109316933470196e-01	9.990227661984056595e-02	5.129295045386192409e-02	1.822613875814767248e-02	4.470188863507425919e-02
5.805324256386339812e+02	3.754626881631412672e-01	2.415709299319008796e-01	1.675003691538664852e-01	1.005196258066481524e-01	5.153932358618863036e-02	1.834101305142380248e-02	4.506605030667321793e-02
5.853701958522892710e+02	3.740527370066017987e-01	2.406620921033466309e-01	1.684828587901156527e-01	1.011335465813151674e-01	5.178440102932797828e-02	1.845572735863686489e-02	4.542863713049832136e-02
5.902079660659445608e+02	3.726510616142573729e-01	2.397583071463521842e-01	1.694584629520136387e-01	1.017440568859271505e-01	5.202818913116168120e-02	1.857027683128195314e-02	4.578964543884844057e-02
5.950457362795999643e+02	3.712576120880554664e-01	2.388595473084360599e-01	1.704272432197681819e-01	1.023511745785562338e-01	5.227069421661095783e-02	1.868465672390638710e-02	4.614907186450913773e-02
5.998835064932552541e+02	3.698723388523253441e-01	2.379657849846948947e-01	1.713892604160972832e-01	1.029549174335765704e-01	5.251192258755184306e-02	1.879886239240438281e-02	4.650691333319213056e-02
6.047212767069104302e+02	3.684951926513382325e-01	2.370769927170840452e-01	1.723445746182294680e-01	1.035553031419787773e-01	5.275188052273496048e-02	1.891288929233993915e-02	4.686316705613701589e-02
6.095590469205657200e+02	3.671261245468920853e-01	2.361931431937004944e-01	1.732932451696871934e-01	1.041523493116835591e-01	5.299057427770965251e-02	1.902673297729741766e-02	4.721783052287200494e-02
6.143968171342210098e+02	3.657650859159204404e-01	2.353142092480682568e-01	1.742353306918572875e-01	1.047460734678543198e-01	5.322801008475233631e-02	1.914038909725934712e-02	4.757090149413045754e-02
6.192345873478761860e+02	3.644120284481246475e-01	2.344401638584265868e-01	1.751708890953523889e-01	1.053364930532089405e-01	5.346419415279901610e-02	1.925385339701097057e-02	4.792237799491988470e-02
6.240723575615315895e+02	3.630669041436298539e-01	2.335709801470206293e-01	1.760999775911679111e-01	1.059236254283306700e-01	5.369913266738186863e-02	1.936712171457106307e-02	4.827225830774042187e-02
6.289101277751868793e+02	3.617296653106639170e-01	2.327066313793945129e-01	1.770226527016378060e-01	1.065074878719782236e-01	5.393283179056978377e-02	1.948018997964859333e-02	4.862054096594960878e-02
6.337478979888421691e+02	3.604002645632588542e-01	2.318470909636874133e-01	1.779389702711933197e-01	1.070880975813948144e-01	5.416529766091274928e-02	1.959305421212476431e-02	4.896722474727054769e-02
6.385856682024975726e+02	3.590786548189749960e-01	2.309923324499317532e-01	1.788489854769285681e-01	1.076654716726166139e-01	5.439653639339005198e-02	1.970571052055996447e-02	4.931230866744047009e-02
6.434234384161527487e+02	3.577647892966474563e-01	2.301423295293544280e-01	1.797527528389761264e-01	1.082396271807802152e-01	5.462655407936216345e-02	1.981815510072525849e-02	4.965579197399678374e-02
6.482612086298080385e+02	3.564586215141538061e-01	2.292970560336803076e-01	1.806503262306970448e-01	1.088105810604293039e-01	5.485535678652621316e-02	1.993038423415795235e-02	4.999767414019783834e-02
6.530989788434633283e+02	3.551601052862039531e-01	2.284564859344384857e-01	1.815417588886880651e-01	1.093783501858205526e-01	5.508295055887497960e-02	2.004239428674080975e-02	5.033795485907561346e-02
6.579367490571185044e+02	3.538691947221511147e-01	2.276205933422711658e-01	1.824271034226099542e-01	1.099429513512286682e-01	5.530934141665935083e-02	2.015418170730455885e-02	5.067663403761760166e-02
6.627745192707737942e+02	3.525858442238237189e-01	2.267893525062451565e-01	1.833064118248402263e-01	1.105044012712507046e-01	5.553453535635411581e-02	2.026574302625323148e-02	5.101371179107524328e-02
6.676122894844290840e+02	3.513100084833780112e-01	2.259627378131658371e-01	1.841797354799536435e-01	1.110627165811095413e-01	5.575853835062703767e-02	2.037707485421199477e-02	5.134918843739629674e-02
6.724500596980843738e+02	3.500416424811711447e-01	2.251407237868940092e-01	1.850471251740337386e-01	1.116179138369566559e-01	5.598135634831113289e-02	2.048817388069702761e-02	5.168306449177865330e-02
6.772878299117396637e+02	3.487807014836545871e-01	2.243232850876651363e-01	1.859086311038185280e-01	1.121700095161740074e-01	5.620299527438004511e-02	2.059903687280713672e-02	5.201534066134295281e-02
6.821256001253949535e+02	3.475271410412872908e-01	2.235103965114113578e-01	1.867643028856835752e-01	1.127190200176752949e-01	5.642346102992652074e-02	2.070966067393666815e-02	5.234601783992174490e-02
6.869633703390502433e+02	3.462809169864684566e-01	2.227020329890860573e-01	1.876141895644656554e-01	1.132649616622064120e-01	5.664275949214381961e-02	2.082004220250940896e-02	5.267509710296258002e-02
6.918011405527055331e+02	3.450419854314902279e-01	2.218981695859911507e-01	1.884583396221299612e-01	1.138078506926451378e-01	5.686089651431002617e-02	2.093017845073305919e-02	5.300257970254287909e-02
6.966389107663608229e+02	3.438103027665087574e-01	2.210987815011067614e-01	1.892968009862834866e-01	1.143477032743001054e-01	5.707787792577521946e-02	2.104006648337399671e-02	5.332846706249412538e-02
7.014766809800161127e+02	3.425858256575348704e-01	2.203038440664239483e-01	1.901296210385380880e-01	1.148845354952090642e-01	5.729370953195137700e-02	2.114970343655190460e-02	5.365276077363324153e-02
7.063144511936714025e+02	3.413685110444428239e-01	2.195133327462797934e-01	1.909568466227256067e-01	1.154183633664364189e-01	5.750839711430501960e-02	2.125908651655399745e-02	5.397546258909880629e-02
7.111522214073266923e+02	3.401583161389983290e-01	2.187272231366950703e-01	1.917785240529682467e-01	1.159492028223699789e-01	5.772194643035243738e-02	2.136821299866845103e-02	5.429657441979005711e-02
7.159899916209819821e+02	3.389551984229037251e-01	2.179454909647146887e-01	1.925946991216063442e-01	1.164770697210170541e-01	5.793436321365751790e-02	2.147708022603676825e-02	5.461609832990650670e-02
7.208277618346371582e+02	3.377591156458620292e-01	2.171681120877508309e-01	1.934054171069869987e-01	1.170019798442998443e-01	5.814565317383205145e-02	2.158568560852469273e-02	5.493403653258611269e-02
7.256655320482924481e+02	3.365700258236584697e-01	2.163950624929285860e-01	1.942107227811156189e-01	1.175239488983501335e-01	5.835582199653851360e-02	2.169402662161139250e-02	5.525039138563990482e-02
7.305033022619478515e+02	3.353878872362589525e-01	2.156263182964342495e-01	1.950106604171731317e-01	1.180429925138032771e-01	5.856487534349519991e-02	2.180210080529663280e-02	5.556516538738114075e-02
7.353410724756030277e+02	3.342126584259269562e-01	2.148618557428663978e-01	1.958052737969015467e-01	1.185591262460914397e-01	5.877281885248367838e-02	2.190990576302555976e-02	5.587836117254700585e-02
7.401788426892584312e+02	3.330442981953565806e-01	2.141016512045894049e-01	1.965946062178600962e-01	1.190723655757362082e-01	5.897965813735853852e-02	2.201743916063085907e-02	5.618998150831095578e-02
7.450166129029136073e+02	3.318827656058228048e-01	2.133456811810897358e-01	1.973787005005546435e-01	1.195827259086404831e-01	5.918539878805929855e-02	2.212469872529194970e-02	5.650002929038374505e-02
7.498543831165690108e+02	3.307280199753486749e-01	2.125939222983347365e-01	1.981575989954425521e-01	1.200902225763797737e-01	5.939004637062452602e-02	2.223168224451097311e-02	5.680850753920142771e-02
7.546921533302243006e+02	3.295800208768883688e-01	2.118463513081343952e-01	1.989313435898155680e-01	1.205948708364926736e-01	5.959360642720798462e-02	2.233838756510524506e-02	5.711541939619842884e-02
7.595299235438793630e+02	3.284387281365270805e-01	2.111029450875052949e-01	1.996999757145627441e-01	1.210966858727707679e-01	5.979608447609688349e-02	2.244481259221593750e-02	5.742076812016396609e-02
7.643676937575347665e+02	3.273041018316967810e-01	2.103636806380374258e-01	2.004635363508159018e-01	1.215956827955478187e-01	5.999748601173208323e-02	2.255095528833265389e-02	5.772455708368003785e-02
7.692054639711900563e+02	3.261761022894076878e-01	2.096285350852636620e-01	2.012220660364797131e-01	1.220918766419882701e-01	6.019781650473025186e-02	2.265681367233372823e-02	5.802678976963936142e-02
7.740432341848452324e+02	3.250546900844957232e-01	2.088974856780318745e-01	2.019756048726486231e-01	1.225852823763751709e-01	6.039708140190790109e-02	2.276238581854186233e-02	5.832746976784155407e-02
7.788810043985006359e+02	3.239398260378850702e-01	2.081705097878794319e-01	2.027241925299126668e-01	1.230759148903973477e-01	6.059528612630730310e-02	2.286766985579494552e-02	5.862660077166589184e-02
7.837187746121558121e+02	3.228314712148664389e-01	2.074475849084107260e-01	2.034678682545545125e-01	1.235637890034359393e-01	6.079243607722412818e-02	2.297266396653176168e-02	5.892418657481914013e-02
7.885565448258112156e+02	3.217295869233901540e-01	2.067286886546770286e-01	2.042066708746391457e-01	1.240489194628502656e-01	6.098853663023689337e-02	2.307736638589230269e-02	5.922023106815679783e-02
7.933943150394665054e+02	3.206341347123743413e-01	2.060137987625589306e-01	2.049406388059992756e-01	1.245313209442630575e-01	6.118359313723806259e-02	2.318177540083251123e-02	5.951473823657630474e-02
7.982320852531219089e+02	3.195450763700279362e-01	2.053028930881517222e-01	2.056698100581172139e-01	1.250110080518450073e-01	6.137761092646686067e-02	2.328588934925315476e-02	5.980771215598064405e-02
8.030698554667769713e+02	3.184623739221877359e-01	2.045959496071529660e-01	2.063942222399059723e-01	1.254879953185986941e-01	6.157059530254360702e-02	2.338970661914261534e-02	6.009915699031095210e-02
8.079076256804323748e+02	3.173859896306707729e-01	2.038929464142530679e-01	2.071139125653912449e-01	1.259622972066418434e-01	6.176255154650570067e-02	2.349322564773336647e-02	6.038907698864658113e-02
8.127453958940876646e+02	3.163158859916400667e-01	2.031938617225282073e-01	2.078289178592960806e-01	1.264339281074898791e-01	6.195348491584509731e-02	2.359644492067190097e-02	6.067747648237132446e-02
8.175831661077428407e+02	3.152520257339850307e-01	2.024986738628359595e-01	2.085392745625301025e-01	1.269029023423379476e-01	6.214340064454725726e-02	2.369936297120188787e-02	6.096435988240433285e-02
8.224209363213982442e+02	3.141943718177155342e-01	2.018073612832135544e-01	2.092450187375848869e-01	1.273692341623421931e-01	6.233230394313155759e-02	2.380197837936033969e-02	6.124973167649442468e-02
8.272587065350534203e+02	3.131428874323697320e-01	2.011199025482786340e-01	2.099461860738376928e-01	1.278329377489003382e-01	6.252019999869307121e-02	2.390428977118656817e-02	6.153359642657641598e-02
8.320964767487085965e+02	3.120975359954354933e-01	2.004362763386327295e-01	2.106428118927647364e-01	1.282940272139318216e-01	6.270709397494576842e-02	2.400629581794373052e-02	6.181595876618822816e-02
8.369342469623640000e+02	3.110582811507850431e-01	1.997564614502672087e-01	2.113349311530660080e-01	1.287525166001570465e-01	6.289299101226698829e-02	2.410799523535273742e-02	6.209682339794744821e-02
8.417720171760191761e+02	3.100250867671235921e-01	1.990804367939718045e-01	2.120225784557032422e-01	1.292084198813761575e-01	6.307789622774322147e-02	2.420938678283831441e-02	6.237619509108608545e-02
8.466097873896745796e+02	3.089979169364501232e-01	1.984081813947460304e-01	2.127057880488525676e-01	1.296617509627470410e-01	6.326181471521717670e-02	2.431046926278706069e-02	6.265407867904242145e-02
8.514475576033297557e+02	3.079767359725317788e-01	1.977396743912126220e-01	2.133845938327734171e-01	1.301125236810628250e-01	6.344475154533599226e-02	2.441124151981723459e-02	6.293047905710853762e-02
8.562853278169851592e+02	3.069615084093909596e-01	1.970748950350339757e-01	2.140590293645954489e-01	1.305607518050285465e-01	6.362671176560065478e-02	2.451170244006014437e-02	6.320540118013262543e-02
8.611230980306403353e+02	3.059521989998049696e-01	1.964138226903311690e-01	2.147291278630245881e-01	1.310064490355374034e-01	6.380770040041665314e-02	2.461185095045290497e-02	6.347885006027460808e-02
8.659608682442956251e+02	3.049487727138183168e-01	1.957564368331052573e-01	2.153949222129702967e-01	1.314496290059461447e-01	6.398772245114560386e-02	2.471168601804237669e-02	6.375083076481430355e-02
8.707986384579510286e+02	3.039511947372671163e-01	1.951027170506613728e-01	2.160564449700950185e-01	1.318903052823499067e-01	6.416678289615804220e-02	2.481120664930012640e-02	6.402134841401069254e-02
8.756364086716062047e+02	3.029594304703164265e-01	1.944526430410351558e-01	2.167137283652872393e-01	1.323284913638564930e-01	6.434488669088726798e-02	2.491041188944820989e-02	6.429040817901145177e-02
8.804741788852616082e+02	3.019734455260089101e-01	1.938061946124220170e-01	2.173668043090601354e-01	1.327642006828597676e-01	6.452203876788414894e-02	2.500930082179561587e-02	6.455801527981160082e-02
8.853119490989170117e+02	3.009932057288258744e-01	1.931633516826088137e-01	2.180157043958765306e-01	1.331974466053126860e-01	6.469824403687299275e-02	2.510787256708515297e-02	6.482417498326017991e-02
8.901497193125721878e+02	3.000186771132601349e-01	1.925240942784079146e-01	2.186604599084017164e-01	1.336282424309994665e-01	6.487350738480830714e-02	2.520612628285067575e-02	6.508889260111402897e-02
8.949874895262273640e+02	2.990498259224005362e-01	1.918884025350940103e-01	2.193011018216859120e-01	1.340566013938072065e-01	6.504783367593251764e-02	2.530406116278441364e-02	6.535217348813765481e-02
8.998252597398827675e+02	2.980866186065281309e-01	1.912562566958433408e-01	2.199376608072768080e-01	1.344825366619969154e-01	6.522122775183461507e-02	2.540167643611427467e-02	6.561402304024815946e-02
9.046630299535379436e+02	2.971290218217236268e-01	1.906276371111756129e-01	2.205701672372644417e-01	1.349060613384736873e-01	6.539369443150958028e-02	2.549897136699097455e-02	6.587444669270434150e-02
9.095008001671932334e+02	2.961770024284864355e-01	1.900025242383980573e-01	2.211986511882587658e-01	1.353271884610564857e-01	6.556523851141872472e-02	2.559594525388478314e-02	6.613344991833899900e-02
9.143385703808486369e+02	2.952305274903647136e-01	1.893808986410524531e-01	2.218231424453019351e-01	1.357459310027470112e-01	6.573586476555089153e-02	2.569259742899175636e-02	6.639103822583350412e-02
9.191763405945038130e+02	2.942895642725965599e-01	1.887627409883643193e-01	2.224436705057157571e-01	1.361623018719982647e-01	6.590557794548433657e-02	2.578892725764931823e-02	6.664721715803376134e-02
9.240141108081592165e+02	2.933540802407621495e-01	1.881480320546947971e-01	2.230602645828861086e-01	1.365763139129820003e-01	6.607438278044942825e-02	2.588493413776101967e-02	6.690199229030678596e-02
9.288518810218145063e+02	2.924240430594469142e-01	1.875367527189949202e-01	2.236729536099852644e-01	1.369879799058560110e-01	6.624228397739212459e-02	2.598061749923031433e-02	6.715536922893679261e-02
9.336896512354697961e+02	2.914994205909149927e-01	1.869288839642623545e-01	2.242817662436331072e-01	1.373973125670303608e-01	6.640928622103811629e-02	2.607597680340322313e-02	6.740735360956021105e-02
9.385274214491247449e+02	2.905801808937937825e-01	1.863244068770007755e-01	2.248867308674985799e-01	1.378043245494332825e-01	6.657539417395760828e-02	2.617101154251974537e-02	6.765795109563858822e-02
9.433651916627801484e+02	2.896662922217688174e-01	1.857233026466815484e-01	2.254878755958423242e-01	1.382090284427761051e-01	6.674061247663093388e-02	2.626572123917386703e-02	6.790716737696876615e-02
9.482029618764355519e+02	2.887577230222888591e-01	1.851255525652079903e-01	2.260852282770016708e-01	1.386114367738178754e-01	6.690494574751462697e-02	2.636010544578201026e-02	6.815500816822935015e-02
9.530407320900908417e+02	2.878544419352815353e-01	1.845311380263819911e-01	2.266788164968190078e-01	1.390115620066289526e-01	6.706839858310822966e-02	2.645416374405981999e-02	6.840147920756288469e-02
9.578785023037459041e+02	2.869564177918789150e-01	1.839400405253731885e-01	2.272686675820144719e-01	1.394094165428542975e-01	6.723097555802168279e-02	2.654789574450713840e-02	6.864658625519276525e-02
9.627162725174014213e+02	2.860636196131533526e-01	1.833522416581904735e-01	2.278548086035041831e-01	1.398050127219757910e-01	6.739268122504325775e-02	2.664130108590103199e-02	6.889033509207434514e-02
9.675540427310568248e+02	2.851760166088632142e-01	1.827677231211561337e-01	2.284372663796647718e-01	1.401983628215741629e-01	6.755352011520805722e-02	2.673437943479673590e-02	6.913273151857939058e-02
9.723918129447120009e+02	2.842935781762083725e-01	1.821864667103821889e-01	2.290160674795452822e-01	1.405894790575900888e-01	6.771349673786711265e-02	2.682713048503639758e-02	6.937378135321309314e-02
9.772295831583674044e+02	2.834162738985953056e-01	1.816084543212494185e-01	2.295912382260275331e-01	1.409783735845846764e-01	6.787261558075688428e-02	2.691955395726550182e-02	6.961349043136322301e-02
9.820673533720223531e+02	2.825440735444125773e-01	1.810336679478884159e-01	2.301628046989357690e-01	1.413650584959992573e-01	6.803088111006933003e-02	2.701164959845683486e-02	6.985186460408042419e-02
9.869051235856777566e+02	2.816769470658147534e-01	1.804620896826635845e-01	2.307307927380962409e-01	1.417495458244145135e-01	6.818829777052250185e-02	2.710341718144188006e-02	7.008890973688908232e-02
9.917428937993331601e+02	2.808148645975168667e-01	1.798937017156591323e-01	2.312952279463482697e-01	1.421318475418090754e-01	6.834486998543143343e-02	2.719485650444951677e-02	7.032463170862827961e-02
9.965806640129884499e+02	2.799577964555972631e-01	1.793284863341675639e-01	2.318561356925069872e-01	1.425119755598172888e-01	6.850060215677966635e-02	2.728596739065190790e-02	7.055903641032189311e-02
1.001418434226643626e+03	2.791057131363104959e-01	1.787664259221807550e-01	2.324135411142790320e-01	1.428899417299863139e-01	6.865549866529105372e-02	2.737674968771747902e-02	7.079212974407744774e-02
1.006256204440298802e+03	2.782585853149089350e-01	1.782075029598830518e-01	2.329674691211320592e-01	1.432657578440326429e-01	6.880956387050200795e-02	2.746720326737084328e-02	7.102391762201301639e-02
1.011093974653954206e+03	2.774163838444735908e-01	1.776517000231470911e-01	2.335179443971187041e-01	1.436394356340979783e-01	6.896280211083419265e-02	2.755732802495957506e-02	7.125440596521145920e-02
1.015931744867609382e+03	2.765790797547537094e-01	1.770989997830318130e-01	2.340649914036558865e-01	1.440109867730042792e-01	6.911521770366747808e-02	2.764712387902775251e-02	7.148360070270165512e-02
1.020769515081264785e+03	2.757466442510156379e-01	1.765493850052829994e-01	2.346086343822603171e-01	1.443804228745082519e-01	6.926681494541336859e-02	2.773659077089610236e-02	7.171150777046593483e-02
1.025607285294920075e+03	2.749190487129002380e-01	1.760028385498358661e-01	2.351488973572408714e-01	1.447477554935551469e-01	6.941759811158862425e-02	2.782572866424869173e-02	7.193813311047320136e-02
1.030445055508575479e+03	2.740962646932890157e-01	1.754593433703202643e-01	2.356858041383489144e-01	1.451129961265318624e-01	6.956757145688935440e-02	2.791453754472603480e-02	7.216348266973716952e-02
1.035282825722230655e+03	2.732782639171789651e-01	1.749188825135682412e-01	2.362193783233868805e-01	1.454761562115194917e-01	6.971673921526530537e-02	2.800301741952453821e-02	7.238756239939928006e-02
1.040120595935886058e+03	2.724650182805657406e-01	1.743814391191237656e-01	2.367496433007761081e-01	1.458372471285448724e-01	6.986510559999449532e-02	2.809116831700214992e-02	7.261037825383559463e-02
1.044958366149541234e+03	2.716564998493354866e-01	1.738469964187548955e-01	2.372766222520849566e-01	1.461962801998318573e-01	7.001267480375811258e-02	2.817899028629015923e-02	7.283193618978729689e-02
1.049796136363196410e+03	2.708526808581651069e-01	1.733155377359681670e-01	2.378003381545170658e-01	1.465532666900516423e-01	7.015945099871567781e-02	2.826648339691097481e-02	7.305224216551414740e-02
1.054633906576851814e+03	2.700535337094306376e-01	1.727870464855254529e-01	2.383208137833614515e-01	1.469082178065723721e-01	7.030543833658040032e-02	2.835364773840189437e-02	7.327130213997054553e-02
1.059471676790506763e+03	2.692590309721238362e-01	1.722615061729630137e-01	2.388380717144043819e-01	1.472611446997084128e-01	7.045064094869489535e-02	2.844048341994467530e-02	7.348912207200351820e-02
1.064309447004162394e+03	2.684691453807769856e-01	1.717389003941128534e-01	2.393521343263042556e-01	1.476120584629684596e-01	7.059506294610698451e-02	2.852699057000085761e-02	7.370570791957237189e-02
1.069147217217817570e+03	2.676838498343955264e-01	1.712192128346264053e-01	2.398630238029296757e-01	1.479609701333033656e-01	7.073870841964575995e-02	2.861316933595274906e-02	7.392106563898928617e-02
1.073984987431472746e+03	2.669031173953990144e-01	1.707024272695004397e-01	2.403707621356617474e-01	1.483078906913530004e-01	7.088158143999789829e-02	2.869901988374996132e-02	7.413520118418068239e-02
1.078822757645127922e+03	2.661269212885697955e-01	1.701885275626053295e-01	2.408753711256609031e-01	1.486528310616926363e-01	7.102368605778403010e-02	2.878454239756144534e-02	7.434812050596860400e-02
1.083660527858783553e+03	2.653552349000094512e-01	1.696774976662154821e-01	2.413768723860991727e-01	1.489958021130783905e-01	7.116502630363541471e-02	2.886973707943291112e-02	7.455982955137195611e-02
1.088498298072438729e+03	2.645880317761027944e-01	1.691693216205421291e-01	2.418752873443584528e-01	1.493368146586922796e-01	7.130560618827065655e-02	2.895460414894954898e-02	7.477033426292689633e-02
1.093336068286093905e+03	2.638252856224900800e-01	1.686639835532683651e-01	2.423706372441951640e-01	1.496758794563863293e-01	7.144542970257267145e-02	2.903914384290396875e-02	7.497964057802616877e-02
1.098173838499749309e+03	2.630669703030462103e-01	1.681614676790863239e-01	2.428629431478721012e-01	1.500130072089261857e-01	7.158450081766569439e-02	2.912335641496931193e-02	7.518775442827688171e-02
1.103011608713404712e+03	2.623130598388679346e-01	1.676617582992366018e-01	2.433522259382581432e-01	1.503482085642338373e-01	7.172282348499249560e-02	2.920724213537739811e-02	7.539468173887628466e-02
1.107849378927059888e+03	2.615635284072681532e-01	1.671648398010500691e-01	2.438385063208960701e-01	1.506814941156297549e-01	7.186040163639163814e-02	2.929080129060186374e-02	7.560042842800521190e-02
1.112687149140715292e+03	2.608183503407776604e-01	1.666706966574917348e-01	2.443218048260391850e-01	1.510128744020744207e-01	7.199723918417486046e-02	2.937403418304621039e-02	7.580500040623874836e-02
1.117524919354370468e+03	2.600775001261544372e-01	1.661793134267069427e-01	2.448021418106575142e-01	1.513423599084088578e-01	7.213334002120457000e-02	2.945694113073666839e-02	7.600840357597381247e-02
1.122362689568025871e+03	2.593409524033999380e-01	1.656906747515696776e-01	2.452795374604138934e-01	1.516699610655948272e-01	7.226870802097143387e-02	2.953952246701982767e-02	7.621064383087314265e-02
1.127200459781681047e+03	2.586086819647827051e-01	1.652047653592330634e-01	2.457540117916104661e-01	1.519956882509541363e-01	7.240334703767194180e-02	2.962177854026494875e-02	7.641172705532549292e-02
1.132038229995336451e+03	2.578806637538688107e-01	1.647215700606821931e-01	2.462255846531060943e-01	1.523195517884071426e-01	7.253726090628619116e-02	2.970370971357086387e-02	7.661165912392152444e-02
1.136876000208991627e+03	2.571568728645596269e-01	1.642410737502888463e-01	2.466942757282052923e-01	1.526415619487108133e-01	7.267045344265556095e-02	2.978531636447743700e-02	7.681044590094518454e-02
1.141713770422646803e+03	2.564372845401366452e-01	1.637632614053688151e-01	2.471601045365193206e-01	1.529617289496958688e-01	7.280292844356058002e-02	2.986659888468146465e-02	7.700809323988005994e-02
1.146551540636302207e+03	2.557218741723128463e-01	1.632881180857409520e-01	2.476230904357994700e-01	1.532800629565032602e-01	7.293468968679868436e-02	2.994755767975698646e-02	7.720460698293052371e-02
1.151389310849957155e+03	2.550106173002911758e-01	1.628156289332886586e-01	2.480832526237435054e-01	1.535965740818200920e-01	7.306574093126208536e-02	3.002819316887992557e-02	7.739999296055727340e-02
1.156227081063612786e+03	2.543034896098296249e-01	1.623457791715234300e-01	2.485406101397754641e-01	1.539112723861146281e-01	7.319608591701569356e-02	3.010850578455698603e-02	7.759425699102689977e-02
1.161064851277267962e+03	2.536004669323132510e-01	1.618785541051505350e-01	2.489951818667991978e-01	1.542241678778706881e-01	7.332572836537494532e-02	3.018849597235873788e-02	7.778740487997530539e-02
1.165902621490923138e+03	2.529015252438329142e-01	1.614139391196368345e-01	2.494469865329266012e-01	1.545352705138213489e-01	7.345467197898372658e-02	3.026816419065683078e-02	7.797944241998445991e-02
1.170740391704578315e+03	2.522066406642701208e-01	1.609519196807807084e-01	2.498960427131802220e-01	1.548445901991818696e-01	7.358292044189218561e-02	3.034751091036529819e-02	7.817037539017238079e-02
1.175578161918233945e+03	2.515157894563888608e-01	1.604924813342840928e-01	2.503423688311713913e-01	1.551521367878820612e-01	7.371047741963465683e-02	3.042653661468582710e-02	7.836020955579592329e-02
1.180415932131889122e+03	2.508289480249339953e-01	1.600356097053268201e-01	2.507859831607537893e-01	1.554579200827976293e-01	7.383734655930745960e-02	3.050524179885700723e-02	7.854895066786615754e-02
1.185253702345544298e+03	2.501460929157355850e-01	1.595812904981426250e-01	2.512269038276531696e-01	1.557619498359812671e-01	7.396353148964676660e-02	3.058362696990743826e-02	7.873660446277602754e-02
1.190091472559199701e+03	2.494672008148200171e-01	1.591295094955977596e-01	2.516651488110737134e-01	1.560642357488925547e-01	7.408903582110629160e-02	3.066169264641265338e-02	7.892317666193986170e-02
1.194929242772855105e+03	2.487922485475273504e-01	1.586802525587712731e-01	2.521007359452810404e-01	1.563647874726274700e-01	7.421386314593508837e-02	3.073943935825583507e-02	7.910867297144484611e-02
1.199767012986510281e+03	2.481212130776347391e-01	1.582335056265376239e-01	2.525336829211624057e-01	1.566636146081470393e-01	7.433801703825519691e-02	3.081686764639220838e-02	7.929309908171372490e-02
1.204604783200165684e+03	2.474540715064862673e-01	1.577892547151511782e-01	2.529640072877649692e-01	1.569607267065053491e-01	7.446150105413926190e-02	3.089397806261709109e-02	7.947646066717883873e-02
1.209442553413820860e+03	2.467908010721287515e-01	1.573474859178329299e-01	2.533917264538118608e-01	1.572561332690767533e-01	7.458431873168810955e-02	3.097077116933754856e-02	7.965876338596700190e-02
1.214280323627476264e+03	2.461313791484537605e-01	1.569081854043592461e-01	2.538168576891966510e-01	1.575498437477824143e-01	7.470647359110822727e-02	3.104724753934755624e-02	7.984001287959512083e-02
1.219118093841131440e+03	2.454757832443456300e-01	1.564713394206525554e-01	2.542394181264565067e-01	1.578418675453162334e-01	7.482796913478918788e-02	3.112340775560668363e-02	8.002021477267622085e-02
1.223955864054786844e+03	2.448239910028354449e-01	1.560369342883740629e-01	2.546594247622249729e-01	1.581322140153697264e-01	7.494880884738094884e-02	3.119925241102218180e-02	8.019937467263565933e-02
1.228793634268442020e+03	2.441759802002608781e-01	1.556049564045186850e-01	2.550768944586637721e-01	1.584208924628566495e-01	7.506899619587116546e-02	3.127478210823445709e-02	8.037749816943733083e-02
1.233631404482097196e+03	2.435317287454321633e-01	1.551753922410118725e-01	2.554918439448746748e-01	1.587079121441364316e-01	7.518853462966225421e-02	3.134999745940587196e-02	8.055459083531957276e-02
1.238469174695752372e+03	2.428912146788035076e-01	1.547482283443083195e-01	2.559042898182916637e-01	1.589932822672373014e-01	7.530742758064849773e-02	3.142489908601283494e-02	8.073065822454057738e-02
1.243306944909407548e+03	2.422544161716506383e-01	1.543234513349929782e-01	2.563142485460533915e-01	1.592770119920784710e-01	7.542567846329298331e-02	3.149948761864108937e-02	8.090570587313314355e-02
1.248144715123063179e+03	2.416213115252538179e-01	1.539010479073837367e-01	2.567217364663567092e-01	1.595591104306914587e-01	7.554329067470444414e-02	3.157376369678419059e-02	8.107973929866837959e-02
1.252982485336718355e+03	2.409918791700867702e-01	1.534810048291362916e-01	2.571267697897912097e-01	1.598395866474410232e-01	7.566026759471397578e-02	3.164772796864512988e-02	8.125276400002835742e-02
1.257820255550373531e+03	2.403660976650109915e-01	1.530633089408510727e-01	2.575293646006553971e-01	1.601184496592452378e-01	7.577661258595162763e-02	3.172138109094101849e-02	8.142478545718737082e-02
1.262658025764028707e+03	2.397439456964757798e-01	1.526479471556819456e-01	2.579295368582549264e-01	1.603957084357946761e-01	7.589232899392292508e-02	3.179472372871082475e-02	8.159580913100168698e-02
1.267495795977684338e+03	2.391254020777238976e-01	1.522349064589467726e-01	2.583273023981823013e-01	1.606713718997711537e-01	7.600742014708515570e-02	3.186775655512606720e-02	8.176584046300744424e-02
1.272333566191339514e+03	2.385104457480024531e-01	1.518241739077404451e-01	2.587226769335795318e-01	1.609454489270654709e-01	7.612188935692365543e-02	3.194048025130451912e-02	8.193488487522669617e-02
1.277171336404994690e+03	2.378990557717793886e-01	1.514157366305492469e-01	2.591156760563836370e-01	1.612179483469946550e-01	7.623573991802787275e-02	3.201289550612670259e-02	8.210294776998128263e-02
1.282009106618650094e+03	2.372912113379653798e-01	1.510095818268675505e-01	2.595063152385545524e-01	1.614888789425183713e-01	7.634897510816725241e-02	3.208500301605535232e-02	8.227003452971436148e-02
1.286846876832305497e+03	2.366868917591410937e-01	1.506056967668162883e-01	2.598946098332866050e-01	1.617582494504545831e-01	7.646159818836710531e-02	3.215680348495764118e-02	8.243615051681944805e-02
1.291684647045960673e+03	2.360860764707896076e-01	1.502040687907634509e-01	2.602805750762040571e-01	1.620260685616945473e-01	7.657361240298415916e-02	3.222829762393015357e-02	8.260130107347676831e-02
1.296522417259616077e+03	2.354887450305341856e-01	1.498046853089463892e-01	2.606642260865395522e-01	1.622923449214171143e-01	7.668502097978216470e-02	3.229948615112663429e-02	8.276549152149671740e-02
1.301360187473271253e+03	2.348948771173813288e-01	1.494075338010960319e-01	2.610455778682973516e-01	1.625570871293021691e-01	7.679582713000709937e-02	3.237036979158840200e-02	8.292872716217036810e-02
1.306197957686926657e+03	2.343044525309688486e-01	1.490126018160630728e-01	2.614246453114008606e-01	1.628203037397434605e-01	7.690603404846241276e-02	3.244094927707737858e-02	8.309101327612666843e-02
1.311035727900581833e+03	2.337174511908191865e-01	1.486198769714460188e-01	2.618014431928246677e-01	1.630820032620606541e-01	7.701564491358399434e-02	3.251122534591180391e-02	8.325235512319639763e-02
1.315873498114237009e+03	2.331338531355978405e-01	1.482293469532211527e-01	2.621759861777111511e-01	1.633421941607106631e-01	7.712466288751501642e-02	3.258119874280444167e-02	8.341275794228243667e-02
1.320711268327892412e+03	2.325536385223766489e-01	1.478409995153741885e-01	2.625482888204729304e-01	1.636008848554983408e-01	7.723309111618062439e-02	3.265087021870335948e-02	8.357222695123657508e-02
1.325549038541547588e+03	2.319767876259023753e-01	1.474548224795341478e-01	2.629183655658802188e-01	1.638580837217862018e-01	7.734093272936232166e-02	3.272024053063519317e-02	8.373076734674225752e-02
1.330386808755202765e+03	2.314032808378699013e-01	1.470708037346087349e-01	2.632862307501335764e-01	1.641137990907037825e-01	7.744819084077238236e-02	3.278931044155083963e-02	8.388838430420350600e-02
1.335224578968857941e+03	2.308330986662005813e-01	1.466889312364217379e-01	2.636518986019233401e-01	1.643680392493558906e-01	7.755486854812790321e-02	3.285808072017360609e-02	8.404508297763964297e-02
1.340062349182513572e+03	2.302662217343255380e-01	1.463091930073523450e-01	2.640153832434742331e-01	1.646208124410303841e-01	7.766096893322478600e-02	3.292655214084971860e-02	8.420086849958573205e-02
1.344900119396168748e+03	2.297026307804735101e-01	1.459315771359759595e-01	2.643766986915767059e-01	1.648721268654052274e-01	7.776649506201144257e-02	3.299472548340118272e-02	8.435574598099865318e-02
