3.870216170924226162e+02	4.389241064305464124e-01	2.827508433080886951e-01	1.216658401113728805e-01	7.277495032785849527e-02	4.072387294752572579e-02	1.370354173889920014e-02	2.945684513555086800e-02
3.918593873060780197e+02	4.371421912902664908e-01	2.816111207002567896e-01	1.229881968440776074e-01	7.354541316357304792e-02	4.102358725116181382e-02	1.381843784784062522e-02	2.987105290266595797e-02
3.966971575197332527e+02	4.353708080367310607e-01	2.804777330074262331e-01	1.243002979194291757e-01	7.431158278263362560e-02	4.132178277168040148e-02	1.393349707668401979e-02	3.028429840525779029e-02
4.015349277333884856e+02	4.336098917718945733e-01	2.793506455262227961e-01	1.256022514498759957e-01	7.507348266196396669e-02	4.161846593592387344e-02	1.404870816976171340e-02	3.069655448419934471e-02
4.063726979470438323e+02	4.318593780428162110e-01	2.782298237366221949e-01	1.268941639858252590e-01	7.583113613955860810e-02	4.191364316819833069e-02	1.416406008344995616e-02	3.110779484337166875e-02
4.112104681606991221e+02	4.301192028378275078e-01	2.771152333010675206e-01	1.281761405431004752e-01	7.658456641572315704e-02	4.220732088967198842e-02	1.427954198257302791e-02	3.151799402987853771e-02
4.160482383743544119e+02	4.283893025827459344e-01	2.760068400635894981e-01	1.294482846298721235e-01	7.733379655429444000e-02	4.249950551778898522e-02	1.439514323687017712e-02	3.192712741468110155e-02
4.208860085880095880e+02	4.266696141371333906e-01	2.749046100489298539e-01	1.307106982730720790e-01	7.807884948384063994e-02	4.279020346569829131e-02	1.451085341752418600e-02	3.233517117364386600e-02
4.257237788016648778e+02	4.249600747905991627e-01	2.738085094616679593e-01	1.319634820443018330e-01	7.881974799884215732e-02	4.307942114169730635e-02	1.462666229375046874e-02	3.274210226898342790e-02
4.305615490153201677e+02	4.232606222591464018e-01	2.727185046853504713e-01	1.332067350852447485e-01	7.955651476085352780e-02	4.336716494868993188e-02	1.474255982944556488e-02	3.314789843111168310e-02
4.353993192289755143e+02	4.215711946815616229e-01	2.716345622816240257e-01	1.344405551325920656e-01	8.028917229964660507e-02	4.365344128365879206e-02	1.485853617989394727e-02	3.355253814086529146e-02
4.402370894426308041e+02	4.198917306158466145e-01	2.705566489893710957e-01	1.356650385424922334e-01	8.101774301433570247e-02	4.393825653715122126e-02	1.497458168853207580e-02	3.395600061211345722e-02
4.450748596562860939e+02	4.182221690356918153e-01	2.694847317238487916e-01	1.368802803145333369e-01	8.174224917448479066e-02	4.422161709277885183e-02	1.509068688376864927e-02	3.435826577473610755e-02
4.499126298699413837e+02	4.165624493269909911e-01	2.684187775758311023e-01	1.380863741152676405e-01	8.246271292119734808e-02	4.450352932673039275e-02	1.520684247586001452e-02	3.475931425796483648e-02
4.547504000835967304e+02	4.149125112843958796e-01	2.673587538107539130e-01	1.392834123012871295e-01	8.317915626818912778e-02	4.478399960729742557e-02	1.532303935383975448e-02	3.515912737407907857e-02
4.595881702972519065e+02	4.132722951079108031e-01	2.663046278678634082e-01	1.404714859418595141e-01	8.389160110284420158e-02	4.506303429441281538e-02	1.543926858250141768e-02	3.555768710245018477e-02
4.644259405109071963e+02	4.116417413995263619e-01	2.652563673593674176e-01	1.416506848411327180e-01	8.460006918725465619e-02	4.534063973920159779e-02	1.555552139943345950e-02	3.595497607392612177e-02
4.692637107245624861e+02	4.100207911598916510e-01	2.642139400695901474e-01	1.428210975599170651e-01	8.530458215924424659e-02	4.561682228354399515e-02	1.567178921210542891e-02	3.635097755554977939e-02
4.741014809382177759e+02	4.084093857850245590e-01	2.631773139541297435e-01	1.439828114370529377e-01	8.600516153337645076e-02	4.589158825965029137e-02	1.578806359500447079e-02	3.674567543560392641e-02
4.789392511518730657e+02	4.068074670630589806e-01	2.621464571390191844e-01	1.451359126103725639e-01	8.670182870194706459e-02	4.616494398964740564e-02	1.590433628682119335e-02	3.713905420897603560e-02
4.837770213655284124e+02	4.052149771710293336e-01	2.611213379198903950e-01	1.462804860372635962e-01	8.739460493596190593e-02	4.643689578517677663e-02	1.602059918768407656e-02	3.753109896283642055e-02
4.886147915791837022e+02	4.036318586716909906e-01	2.601019247611411900e-01	1.474166155148427526e-01	8.808351138609966935e-02	4.670744994700342517e-02	1.613684435644145362e-02	3.792179536262304390e-02
4.934525617928388783e+02	4.020580545103765169e-01	2.590881862951059378e-01	1.485443836997467904e-01	8.876856908366048682e-02	4.697661276463591801e-02	1.625306400799026232e-02	3.831112963832672413e-02
4.982903320064942250e+02	4.004935080118868229e-01	2.580800913212287218e-01	1.496638721275486972e-01	8.944979894150031918e-02	4.724439051595699657e-02	1.636925051065069026e-02	3.869908857107046823e-02
5.031281022201495148e+02	3.989381628774172905e-01	2.570776088052401098e-01	1.507751612318064260e-01	9.012722175495156696e-02	4.751078946686458637e-02	1.648539638358588813e-02	3.908565947997683088e-02
5.079658724338048046e+02	3.973919631815177045e-01	2.560807078783370327e-01	1.518783303627514458e-01	9.080085820273017805e-02	4.777581587092311760e-02	1.660149429426593937e-02	3.947083020931727720e-02
5.128036426474600376e+02	3.958548533690858795e-01	2.550893578363656045e-01	1.529734578056239636e-01	9.147072884782951607e-02	4.803947596902475442e-02	1.671753705597526715e-02	3.985458911593776216e-02
5.176414128611153274e+02	3.943267782523941500e-01	2.541035281390072731e-01	1.540606207986623399e-01	9.213685413840122518e-02	4.830177598906040815e-02	1.683351762536271223e-02	4.023692505695465604e-02
5.224791830747705035e+02	3.928076830081486670e-01	2.531231884089683581e-01	1.551398955507528599e-01	9.279925440862345221e-02	4.856272214560033995e-02	1.694942910003350081e-02	4.061782737771556934e-02
5.273169532884259070e+02	3.912975131745810020e-01	2.521483084311721412e-01	1.562113572587472132e-01	9.345794987955663435e-02	4.882232063958413110e-02	1.706526471618236701e-02	4.099728590001937290e-02
5.321547235020811968e+02	3.897962146485705603e-01	2.511788581519547314e-01	1.572750801244535701e-01	9.411296065998706051e-02	4.908057765801971534e-02	1.718101784626703890e-02	4.137529091059016784e-02
5.369924937157364866e+02	3.883037336827992458e-01	2.502148076782638175e-01	1.583311373713083559e-01	9.476430674725862258e-02	4.933749937369149435e-02	1.729668199672141846e-02	4.175183314979982740e-02
5.418302639293917764e+02	3.868200168829359353e-01	2.492561272768607228e-01	1.593796012607344714e-01	9.541200802809279846e-02	4.959309194487709210e-02	1.741225080570768871e-02	4.212690380063403156e-02
5.466680341430470662e+02	3.853450112048515952e-01	2.483027873735254298e-01	1.604205431081924538e-01	9.605608427939725524e-02	4.984736151507276197e-02	1.752771804090669933e-02	4.250049447789657625e-02
5.515058043567023560e+02	3.838786639518642074e-01	2.473547585522648529e-01	1.614540332989303217e-01	9.669655516906326687e-02	5.010031421272710672e-02	1.764307759734589851e-02	4.287259721764714870e-02
5.563435745703576458e+02	3.824209227720126170e-01	2.464120115545245515e-01	1.624801413034387132e-01	9.733344025675211286e-02	5.035195615098308347e-02	1.775832349526415901e-02	4.324320446686759356e-02
5.611813447840129356e+02	3.809717356553602996e-01	2.454745172784030538e-01	1.634989356926159765e-01	9.796675899467086057e-02	5.060229342742792596e-02	1.787344987801282523e-02	4.361230907335196527e-02
5.660191149976681118e+02	3.795310509313264968e-01	2.445422467778698705e-01	1.645104841526501271e-01	9.859653072833743370e-02	5.085133212385097023e-02	1.798845100999236016e-02	4.397990427581564832e-02
5.708568852113234016e+02	3.780988172660463276e-01	2.436151712619864240e-01	1.655148534996224163e-01	9.922277469733560562e-02	5.109907830600917550e-02	1.810332127462389862e-02	4.434598369421906966e-02
5.756946554249786914e+02	3.766749836597581558e-01	2.426932620941301411e-01	1.665121096938382561e-01	9.984551003605976471e-02	5.134553802340004192e-02	1.821805517235516522e-02	4.471054132030140293e-02
5.805324256386339812e+02	3.752594994442182696e-01	2.417764907912218486e-01	1.675023178538909141e-01	1.004647557744498404e-01	5.159071730904200848e-02	1.833264731870003911e-02	4.507357150831998310e-02
5.853701958522892710e+02	3.738523142801428722e-01	2.408648290229560285e-01	1.684855422704631678e-01	1.010805308387165286e-01	5.183462217926194243e-02	1.844709244231126574e-02	4.543506896599106004e-02
5.902079660659445608e+02	3.724533781546761624e-01	2.399582486110345969e-01	1.694618464198720531e-01	1.016928540520570939e-01	5.207725863348960926e-02	1.856138538308566704e-02	4.579502874562778325e-02
5.950457362795999643e+02	3.710626413788846167e-01	2.390567215284035985e-01	1.704312929773614538e-01	1.023017441353617912e-01	5.231863265405912317e-02	1.867552109030126695e-02	4.615344623547114333e-02
5.998835064932552541e+02	3.696800545852773068e-01	2.381602198984930641e-01	1.713939438301484708e-01	1.029072197079112932e-01	5.255875020601702419e-02	1.878949462078579116e-02	4.651031715121004689e-02
6.047212767069104302e+02	3.683055687253515842e-01	2.372687159944602275e-01	1.723498600902268196e-01	1.035092992880651264e-01	5.279761723693693343e-02	1.890330113711597565e-02	4.686563752768636848e-02
6.095590469205657200e+02	3.669391350671636354e-01	2.363821822384354898e-01	1.732991021069335835e-01	1.041080012939413629e-01	5.303523967674063366e-02	1.901693590584714599e-02	4.721940371078123949e-02
6.143968171342210098e+02	3.655807051929237939e-01	2.355005912007719360e-01	1.742417294792829308e-01	1.047033440440878621e-01	5.327162343752542273e-02	1.913039429577248485e-02	4.757161234947873685e-02
6.192345873478761860e+02	3.642302309966163887e-01	2.346239155992977665e-01	1.751778010680716813e-01	1.052953457581450036e-01	5.350677441339762169e-02	1.924367177621150865e-02	4.792226038810325911e-02
6.240723575615315895e+02	3.628876646816434071e-01	2.337521282985719207e-01	1.761073750077613853e-01	1.058840245575002892e-01	5.374069848031205743e-02	1.935676391532723320e-02	4.827134505872697490e-02
6.289101277751868793e+02	3.615529587584922488e-01	2.328852023091427526e-01	1.770305087181408832e-01	1.064693984659348391e-01	5.397340149591741548e-02	1.946966637847149031e-02	4.861886387374375618e-02
6.337478979888421691e+02	3.602260660424260186e-01	2.320231107868099274e-01	1.779472589157740092e-01	1.070514854102620483e-01	5.420488929940733835e-02	1.958237492655793416e-02	4.896481461860614781e-02
6.385856682024975726e+02	3.589069396511977983e-01	2.311658270318895370e-01	1.788576816252364088e-01	1.076303032209584842e-01	5.443516771137711652e-02	1.969488541446220986e-02	4.930919534472188309e-02
6.434234384161527487e+02	3.575955330027871248e-01	2.303133244884819908e-01	1.797618321901456595e-01	1.082058696327872077e-01	5.466424253368586811e-02	1.980719378944882994e-02	4.965200436250671867e-02
6.482612086298080385e+02	3.562917998131591157e-01	2.294655767437434324e-01	1.806597652839886659e-01	1.087782022854136971e-01	5.489211954932407544e-02	1.991929608962429363e-02	4.999324023459018884e-02
6.530989788434633283e+02	3.549956940940450778e-01	2.286225575271599308e-01	1.815515349207505180e-01	1.093473187240144584e-01	5.511880452228636734e-02	2.003118844241597377e-02	5.033290176917115666e-02
6.579367490571185044e+02	3.537071701507460975e-01	2.277842407098250033e-01	1.824371944653483124e-01	1.099132363998785167e-01	5.534430319744939458e-02	2.014286706307629599e-02	5.067098801351994919e-02
6.627745192707737942e+02	3.524261825799568926e-01	2.269506003037200514e-01	1.833167966438740693e-01	1.104759726710019263e-01	5.556862130045472914e-02	2.025432825321182850e-02	5.100749824762409318e-02
6.676122894844290840e+02	3.511526862676118688e-01	2.261216104609980737e-01	1.841903935536502723e-01	1.110355448026754399e-01	5.579176453759664839e-02	2.036556839933678642e-02	5.134243197797453556e-02
6.724500596980843738e+02	3.498866363867513818e-01	2.252972454732704022e-01	1.850580366731016946e-01	1.115919699680654187e-01	5.601373859571470715e-02	2.047658397145052378e-02	5.167578893148948999e-02
6.772878299117396637e+02	3.486279883954091496e-01	2.244774797708963820e-01	1.859197768714473675e-01	1.121452652487882340e-01	5.623454914209094491e-02	2.058737152163866296e-02	5.200756904957293258e-02
6.821256001253949535e+02	3.473766980345197042e-01	2.236622879222763538e-01	1.867756644182156089e-01	1.126954476354780632e-01	5.645420182435171436e-02	2.069792768269733060e-02	5.233777248230495061e-02
6.869633703390502433e+02	3.461327213258461599e-01	2.228516446331475498e-01	1.876257489925861333e-01	1.132425340283485238e-01	5.667270227037390917e-02	2.080824916678022593e-02	5.266639958276119610e-02
6.918011405527055331e+02	3.448960145699279112e-01	2.220455247458830994e-01	1.884700796925622979e-01	1.137865412377480345e-01	5.689005608819559801e-02	2.091833276406801501e-02	5.299345090145873155e-02
6.966389107663608229e+02	3.436665343440474807e-01	2.212439032387941706e-01	1.893087050439769270e-01	1.143274859847090430e-01	5.710626886593089813e-02	2.102817534145972472e-02	5.331892718092551969e-02
7.014766809800161127e+02	3.424442375002169636e-01	2.204467552254350537e-01	1.901416730093345997e-01	1.148653849014913686e-01	5.732134617168899160e-02	2.113777384128572717e-02	5.364282935039105943e-02
7.063144511936714025e+02	3.412290811631837895e-01	2.196540559539112425e-01	1.909690309964942878e-01	1.154002545321196199e-01	5.753529355349724234e-02	2.124712528004194315e-02	5.396515852059558666e-02
7.111522214073266923e+02	3.400210227284548581e-01	2.188657808061908738e-01	1.917908258671946753e-01	1.159321113329149222e-01	5.774811653922824056e-02	2.135622674714491090e-02	5.428591597871527952e-02
7.159899916209819821e+02	3.388200198603392721e-01	2.180819052974188044e-01	1.926071039454255729e-01	1.164609716730209965e-01	5.795982063653076777e-02	2.146507540370732811e-02	5.460510318340110886e-02
7.208277618346371582e+02	3.376260304900097209e-01	2.173024050752339065e-01	1.934179110256484257e-01	1.169868518349247016e-01	5.817041133276452253e-02	2.157366848133373746e-02	5.492272175992889832e-02
7.256655320482924481e+02	3.364390128135816838e-01	2.165272559190894730e-01	1.942232923808688005e-01	1.175097680149711776e-01	5.837989409493856557e-02	2.168200328093598805e-02	5.523877349545822796e-02
7.305033022619478515e+02	3.352589252902106742e-01	2.157564337395765086e-01	1.950232927705635722e-01	1.180297363238737157e-01	5.858827436965337310e-02	2.179007717156815002e-02	5.555326033439792616e-02
7.353410724756030277e+02	3.340857266402069148e-01	2.149899145777499354e-01	1.958179564484659740e-01	1.185467727872183269e-01	5.879555758304639418e-02	2.189788758928053539e-02	5.586618437387584624e-02
7.401788426892584312e+02	3.329193758431675532e-01	2.142276746044581015e-01	1.966073271702106773e-01	1.190608933459632590e-01	5.900174914074110544e-02	2.200543203599247821e-02	5.617754785931076966e-02
7.450166129029136073e+02	3.317598321361258651e-01	2.134696901196750374e-01	1.973914482008422844e-01	1.195721138569334763e-01	5.920685442779939633e-02	2.211270807838358610e-02	5.648735318008430567e-02
7.498543831165690108e+02	3.306070550117177764e-01	2.127159375518358209e-01	1.981703623221892641e-01	1.200804500933102675e-01	5.941087880867725740e-02	2.221971334680310564e-02	5.679560286531053215e-02
7.546921533302243006e+02	3.294610042163647057e-01	2.119663934571747177e-01	1.989441118401064079e-01	1.205859177451158865e-01	5.961382762718364647e-02	2.232644553419714170e-02	5.710229957970150427e-02
7.595299235438793630e+02	3.283216397484732818e-01	2.112210345190666250e-01	1.997127385915880848e-01	1.210885324196936536e-01	5.981570620644256070e-02	2.243290239505334530e-02	5.740744611952640353e-02
7.643676937575347665e+02	3.271889218566512714e-01	2.104798375473713179e-01	2.004762839517546802e-01	1.215883096421831733e-01	6.001651984885809227e-02	2.253908174436285855e-02	5.771104540866254379e-02
7.692054639711900563e+02	3.260628110379394373e-01	2.097427794777805277e-01	2.012347888407150232e-01	1.220852648559911935e-01	6.021627383608250256e-02	2.264498145659914544e-02	5.801310049473611119e-02
7.740432341848452324e+02	3.249432680360596626e-01	2.090098373711681834e-01	2.019882937303067727e-01	1.225794134232578575e-01	6.041497342898721756e-02	2.275059946471346545e-02	5.831361454535084754e-02
7.788810043985006359e+02	3.238302538396783947e-01	2.082809884129434297e-01	2.027368386507175657e-01	1.230707706253185846e-01	6.061262386763666132e-02	2.285593375914670225e-02	5.861259084440275519e-02
7.837187746121558121e+02	3.227237296806859668e-01	2.075562099124067805e-01	2.034804631969886202e-01	1.235593516631616484e-01	6.080923037126483716e-02	2.296098238685721771e-02	5.891003278847904701e-02
7.885565448258112156e+02	3.216236570324912392e-01	2.068354793021089377e-01	2.042192065354037356e-01	1.240451716578814950e-01	6.100479813825471220e-02	2.306574345036453352e-02	5.920594388333946800e-02
7.933943150394665054e+02	3.205299976083310631e-01	2.061187741372128013e-01	2.049531074097653560e-01	1.245282456511278696e-01	6.119933234612010692e-02	2.317021510680851090e-02	5.950032774047835094e-02
7.982320852531219089e+02	3.194427133595950097e-01	2.054060720948582275e-01	2.056822041475601659e-01	1.250085886055509465e-01	6.139283815149031154e-02	2.327439556702379578e-02	5.979318807376559491e-02
8.030698554667769713e+02	3.183617664741648090e-01	2.046973509735296459e-01	2.064065346660159950e-01	1.254862154052423517e-01	6.158532069009709647e-02	2.337828309462924858e-02	6.008452869616494330e-02
8.079076256804323748e+02	3.172871193747681673e-01	2.039925886924267850e-01	2.071261364780527248e-01	1.259611408561722157e-01	6.177678507676424152e-02	2.348187600513212264e-02	6.037435351652789550e-02
8.127453958940876646e+02	3.162187347173474050e-01	2.032917632908380068e-01	2.078410466981284732e-01	1.264333796866224935e-01	6.196723640539947980e-02	2.358517266504672055e-02	6.066266653646162216e-02
8.175831661077428407e+02	3.151565753894420285e-01	2.025948529275168331e-01	2.085513020479836943e-01	1.269029465476163299e-01	6.215667974898871767e-02	2.368817149102730654e-02	6.094947184726935002e-02
8.224209363213982442e+02	3.141006045085854015e-01	2.019018358800611368e-01	2.092569388622847748e-01	1.273698560133437740e-01	6.234512015959257913e-02	2.379087094901501109e-02	6.123477362696167631e-02
8.272587065350534203e+02	3.130507854207155716e-01	2.012126905442951363e-01	2.099579930941690986e-01	1.278341225815838034e-01	6.253256266834515686e-02	2.389326955339849887e-02	6.151857613733720948e-02
8.320964767487085965e+02	3.120070816985994755e-01	2.005273954336545539e-01	2.106545003206935496e-01	1.282957606741226553e-01	6.271901228545495588e-02	2.399536586618817441e-02	6.180088372113118345e-02
8.369342469623640000e+02	3.109694571402710217e-01	1.998459291785742442e-01	2.113464957481885065e-01	1.287547846371687177e-01	6.290447400020787727e-02	2.409715849620368971e-02	6.208170079923048396e-02
8.417720171760191761e+02	3.099378757674824958e-01	1.991682705258789321e-01	2.120340142175184683e-01	1.292112087417640331e-01	6.308895278097238768e-02	2.419864609827451427e-02	6.236103186795376174e-02
8.466097873896745796e+02	3.089123018241691221e-01	1.984943983381766697e-01	2.127170902092517801e-01	1.296650471841920282e-01	6.327245357520654145e-02	2.429982737245339752e-02	6.263888149639514069e-02
8.514475576033297557e+02	3.078926997749267813e-01	1.978242915932551527e-01	2.133957578487407913e-01	1.301163140863822176e-01	6.345498130946711224e-02	2.440070106324242552e-02	6.291525432383027194e-02
8.562853278169851592e+02	3.068790343035027735e-01	1.971579293834808122e-01	2.140700509111143901e-01	1.305650234963114109e-01	6.363654088942054254e-02	2.450126595883155012e-02	6.319015505718328374e-02
8.611230980306403353e+02	3.058712703112992926e-01	1.964952909152007932e-01	2.147400028261843563e-01	1.310111893884018663e-01	6.381713719985573907e-02	2.460152089034929948e-02	6.346358846855344737e-02
8.659608682442956251e+02	3.048693729158895582e-01	1.958363555081475138e-01	2.154056466832673655e-01	1.314548256639158919e-01	6.399677510469875541e-02	2.470146473112553101e-02	6.373555939280016458e-02
8.707986384579510286e+02	3.038733074495464370e-01	1.951811025948464173e-01	2.160670152359239760e-01	1.318959461513477260e-01	6.417545944702918170e-02	2.480109639596598387e-02	6.400607272518503421e-02
8.756364086716062047e+02	3.028830394577834983e-01	1.945295117200260826e-01	2.167241409066165969e-01	1.323345646068119219e-01	6.435319504909829680e-02	2.490041484043846107e-02	6.427513341906994360e-02
8.804741788852616082e+02	3.018985346979081164e-01	1.938815625400312492e-01	2.173770557912875490e-01	1.327706947144290106e-01	6.452998671234880246e-02	2.499941906017038792e-02	6.454274648366969958e-02
8.853119490989170117e+02	3.009197591375868952e-01	1.932372348222387570e-01	2.180257916638589366e-01	1.332043500867080010e-01	6.470583921743633393e-02	2.509810809015765309e-02	6.480891698185824168e-02
8.901497193125721878e+02	2.999466789534227518e-01	1.925965084444760944e-01	2.186703799806558601e-01	1.336355442649259928e-01	6.488075732425242770e-02	2.519648100408448596e-02	6.507365002802727172e-02
8.949874895262273640e+02	2.989792605295440997e-01	1.919593633944425282e-01	2.193108518847541599e-01	1.340642907195048750e-01	6.505474577194912678e-02	2.529453691365413787e-02	6.533695078599606465e-02
8.998252597398827675e+02	2.980174704562053578e-01	1.913257797691334250e-01	2.199472382102544699e-01	1.344906028503850826e-01	6.522780927896500158e-02	2.539227496793031516e-02	6.559882446697135050e-02
9.046630299535379436e+02	2.970612755283995043e-01	1.906957377742668491e-01	2.205795694864837730e-01	1.349144939873967441e-01	6.539995254305275285e-02	2.548969435268905182e-02	6.585927632755637917e-02
9.095008001671932334e+02	2.961106427444813449e-01	1.900692177237130465e-01	2.212078759421257090e-01	1.353359773906280261e-01	6.557118024130814682e-02	2.558679428978093834e-02	6.611831166780791913e-02
9.143385703808486369e+02	2.951655393048027154e-01	1.894462000389267320e-01	2.218321875092812423e-01	1.357550662507905348e-01	6.574149703020032431e-02	2.568357403650350229e-02	6.637593582934014913e-02
9.191763405945038130e+02	2.942259326103584538e-01	1.888266652483818753e-01	2.224525338274607744e-01	1.361717736895823316e-01	6.591090754560356701e-02	2.578003288498357040e-02	6.663215419347465196e-02
9.240141108081592165e+02	2.932917902614434746e-01	1.882105939870094280e-01	2.230689442475091988e-01	1.365861127600481728e-01	6.607941640283029883e-02	2.587617016156944227e-02	6.688697217943519180e-02
9.288518810218145063e+02	2.923630800563210008e-01	1.875979669956374107e-01	2.236814478354649804e-01	1.369980964469371953e-01	6.624702819666533626e-02	2.597198522623273692e-02	6.714039524258656744e-02
9.336896512354697961e+02	2.914397699899011207e-01	1.869887651204339696e-01	2.242900733763544263e-01	1.374077376670580219e-01	6.641374750140147110e-02	2.606747747197971782e-02	6.739242887271651439e-02
9.385274214491247449e+02	2.905218282524303364e-01	1.863829693123529585e-01	2.248948493779228119e-01	1.378150492696313401e-01	6.657957887087620485e-02	2.616264632427199241e-02	6.764307859235954568e-02
9.433651916627801484e+02	2.896092232281918810e-01	1.857805606265822418e-01	2.254958040743028913e-01	1.382200440366401217e-01	6.674452683850960744e-02	2.625749124045635707e-02	6.789234995516217619e-02
9.482029618764355519e+02	2.887019234942156398e-01	1.851815202219943279e-01	2.260929654296225388e-01	1.386227346831772622e-01	6.690859591734348022e-02	2.635201170920371469e-02	6.814024854428832323e-02
9.530407320900908417e+02	2.877998978189995061e-01	1.845858293606002232e-01	2.266863611415523005e-01	1.390231338577908871e-01	6.707179060008142124e-02	2.644620724995686012e-02	6.838677997086409222e-02
9.578785023037459041e+02	2.869031151612400632e-01	1.839934694070053944e-01	2.272760186447941866e-01	1.394212541428273000e-01	6.723411535913012549e-02	2.654007741238701215e-02	6.863194987246119816e-02
9.627162725174014213e+02	2.860115446685739249e-01	1.834044218278685912e-01	2.278619651145125380e-01	1.398171080547715994e-01	6.739557464664165665e-02	2.663362177585894969e-02	6.887576391161803757e-02
9.675540427310568248e+02	2.851251556763286232e-01	1.828186681913631928e-01	2.284442274697085218e-01	1.402107080445859077e-01	6.755617289455673191e-02	2.672683994890458561e-02	6.911822777439770304e-02
9.723918129447120009e+02	2.842439177062838218e-01	1.822361901666412765e-01	2.290228323765386431e-01	1.406020664980455748e-01	6.771591451464903377e-02	2.681973156870489511e-02	6.935934716898205232e-02
9.772295831583674044e+02	2.833678004654420768e-01	1.816569695232999881e-01	2.295978062515789953e-01	1.409911957360727719e-01	6.787480389857045160e-02	2.691229630057998673e-02	6.959912782430104083e-02
9.820673533720223531e+02	2.824967738448091459e-01	1.810809881308508840e-01	2.301691752650357747e-01	1.413781080150683100e-01	6.803284541789726692e-02	2.700453383748725039e-02	6.983757548869673482e-02
9.869051235856777566e+02	2.816308079181841229e-01	1.805082279581914639e-01	2.307369653439032831e-01	1.417628155272409318e-01	6.819004342417719911e-02	2.709644389952742261e-02	7.007469592862089480e-02
9.917428937993331601e+02	2.807698729409593419e-01	1.799386710730795924e-01	2.313012021750701641e-01	1.421453304009347163e-01	6.834640224897738092e-02	2.718802623345842329e-02	7.031049492736576867e-02
9.965806640129884499e+02	2.799139393489284422e-01	1.793722996416101945e-01	2.318619112083753209e-01	1.425256647009542632e-01	6.850192620393315279e-02	2.727928061221687045e-02	7.054497828382710889e-02
1.001418434226643626e+03	2.790629777571055348e-01	1.788090959276946168e-01	2.324191176596138442e-01	1.429038304288877681e-01	6.865661958079767591e-02	2.737020683444712360e-02	7.077815181129880340e-02
1.006256204440298802e+03	2.782169589585517522e-01	1.782490422925426532e-01	2.329728465134942583e-01	1.432798395234281541e-01	6.881048665149233634e-02	2.746080472403775521e-02	7.101002133629846780e-02
1.011093974653954206e+03	2.773758539232122899e-01	1.776921211941467627e-01	2.335231225265479438e-01	1.436537038606920391e-01	6.896353166815796798e-02	2.755107412966529765e-02	7.124059269742312461e-02
1.015931744867609382e+03	2.765396337967614970e-01	1.771383151867691463e-01	2.340699702299912643e-01	1.440254352545368988e-01	6.911575886320672768e-02	2.764101492434518567e-02	7.146987174423473366e-02
1.020769515081264785e+03	2.757082698994574033e-01	1.765876069204311005e-01	2.346134139325421475e-01	1.443950454568759811e-01	6.926717244937478923e-02	2.773062700498975935e-02	7.169786433617426902e-02
1.025607285294920075e+03	2.748817337250049064e-01	1.760399791404048953e-01	2.351534777231906737e-01	1.447625461579916395e-01	6.941777661977570346e-02	2.781991029197319540e-02	7.192457634150441204e-02
1.030445055508575479e+03	2.740599969394276192e-01	1.754954146867082898e-01	2.356901854739257562e-01	1.451279489868464168e-01	6.956757554795441056e-02	2.790886472870329760e-02	7.215001363627968067e-02
1.035282825722230655e+03	2.732430313799482646e-01	1.749538964936013241e-01	2.362235608424179123e-01	1.454912655113924091e-01	6.971657338794191860e-02	2.799749028119998678e-02	7.237418210334368995e-02
1.040120595935886058e+03	2.724308090538780092e-01	1.744154075890857469e-01	2.367536272746591786e-01	1.458525072388786870e-01	6.986477427431066201e-02	2.808578693768043477e-02	7.259708763135283571e-02
1.044958366149541234e+03	2.716233021375137890e-01	1.738799310944066923e-01	2.372804080075612276e-01	1.462116856161569944e-01	7.001218232223035964e-02	2.817375470815067576e-02	7.281873611382591593e-02
1.049796136363196410e+03	2.708204829750441855e-01	1.733474502235570203e-01	2.378039260715118508e-01	1.465688120299854513e-01	7.015880162752460847e-02	2.826139362400366742e-02	7.303913344821888476e-02
1.054633906576851814e+03	2.700223240774638489e-01	1.728179482827839897e-01	2.383242042928911952e-01	1.469238978073306445e-01	7.030463626672796285e-02	2.834870373762360396e-02	7.325828553502446161e-02
1.059471676790506763e+03	2.692287981214956938e-01	1.722914086700983449e-01	2.388412652965481442e-01	1.472769542156676936e-01	7.044969029714354125e-02	2.843568512199646722e-02	7.347619827689591543e-02
1.064309447004162394e+03	2.684398779485214215e-01	1.717678148747858458e-01	2.393551315082375064e-01	1.476279924632788176e-01	7.059396775690122972e-02	2.852233787032666668e-02	7.369287757779438564e-02
1.069147217217817570e+03	2.676555365635201467e-01	1.712471504769212671e-01	2.398658251570189859e-01	1.479770236995500421e-01	7.073747266501634323e-02	2.860866209565967114e-02	7.390832934215947614e-02
1.073984987431472746e+03	2.668757471340150178e-01	1.707293991468845917e-01	2.403733682776184599e-01	1.483240590152661575e-01	7.088020902144884228e-02	2.869465793051059407e-02	7.412255947410227586e-02
1.078822757645127922e+03	2.661004829890275536e-01	1.702145446448799226e-01	2.408777827127523696e-01	1.486691094429040683e-01	7.102218080716293791e-02	2.878032552649853124e-02	7.433557387662059757e-02
1.083660527858783553e+03	2.653297176180396955e-01	1.697025708204564776e-01	2.413790901154155843e-01	1.490121859569245033e-01	7.116339198418727974e-02	2.886566505398667493e-02	7.454737845083581060e-02
1.088498298072438729e+03	2.645634246699641312e-01	1.691934616120320534e-01	2.418773119511338499e-01	1.493532994740618958e-01	7.130384649567537980e-02	2.895067670172801755e-02	7.475797909525068452e-02
1.093336068286093905e+03	2.638015779521216686e-01	1.686872010464189886e-01	2.423724695001813201e-01	1.496924608536127355e-01	7.144354826596673036e-02	2.903536067651662361e-02	7.496738170502802168e-02
1.098173838499749309e+03	2.630441514292265470e-01	1.681837732383521800e-01	2.428645838597632556e-01	1.500296808977223673e-01	7.158250120064810207e-02	2.911971720284434184e-02	7.517559217128937099e-02
1.103011608713404712e+03	2.622911192223789656e-01	1.676831623900196799e-01	2.433536759461655818e-01	1.503649703516701241e-01	7.172070918661531402e-02	2.920374652256290532e-02	7.538261638043354529e-02
1.107849378927059888e+03	2.615424556080656049e-01	1.671853527905957371e-01	2.438397664968709466e-01	1.506983399041528504e-01	7.185817609213540624e-02	2.928744889455126010e-02	7.558846021347430388e-02
1.112687149140715292e+03	2.607981350171668655e-01	1.666903288157757512e-01	2.443228760726422755e-01	1.510298001875668983e-01	7.199490576690911747e-02	2.937082459438816393e-02	7.579312954539707547e-02
1.117524919354370468e+03	2.600581320339717672e-01	1.661980749273138103e-01	2.448030250595744917e-01	1.513593617782885981e-01	7.213090204213379319e-02	2.945387391402983640e-02	7.599663024453388871e-02
1.122362689568025871e+03	2.593224213952000090e-01	1.657085756725626413e-01	2.452802336711147613e-01	1.516870351969531461e-01	7.226616873056650181e-02	2.953659716149269546e-02	7.619896817195649652e-02
1.127200459781681047e+03	2.585909779890310789e-01	1.652218156840156715e-01	2.457545219500519573e-01	1.520128309087320773e-01	7.240070962658749776e-02	2.961899466054099955e-02	7.640014918088697260e-02
1.132038229995336451e+03	2.578637768541407471e-01	1.647377796788512816e-01	2.462259097704760091e-01	1.523367593236090167e-01	7.253452850626411486e-02	2.970106675037941305e-02	7.660017911612562735e-02
1.136876000208991627e+03	2.571407931787442758e-01	1.642564524584796681e-01	2.466944168397071646e-01	1.526588307966543767e-01	7.266762912741474290e-02	2.978281378535035939e-02	7.679906381349563271e-02
1.141713770422646803e+03	2.564220022996467341e-01	1.637778189080916491e-01	2.471600627001964701e-01	1.529790556282979996e-01	7.280001522967323446e-02	2.986423613463606852e-02	7.699680909930410599e-02
1.146551540636302207e+03	2.557073797013000305e-01	1.633018639962098839e-01	2.476228667313972454e-01	1.532974440646008851e-01	7.293169053455347828e-02	2.994533418196531488e-02	7.719342078981931976e-02
1.151389310849957155e+03	2.549969010148673276e-01	1.628285727742423417e-01	2.480828481516087203e-01	1.536140062975251963e-01	7.306265874551430561e-02	3.002610832532472129e-02	7.738890469076355194e-02
1.156227081063612786e+03	2.542905420172932307e-01	1.623579303760380177e-01	2.485400260197917210e-01	1.539287524652029338e-01	7.319292354802450773e-02	3.010655897667454881e-02	7.758326659682121540e-02
1.161064851277267962e+03	2.535882786303817471e-01	1.618899220174447318e-01	2.489944192373573506e-01	1.542416926522030829e-01	7.332248860962822801e-02	3.018668656166896211e-02	7.777651229116204490e-02
1.165902621490923138e+03	2.528900869198801860e-01	1.614245329958694242e-01	2.494460465499290236e-01	1.545528368897975957e-01	7.345135758001036796e-02	3.026649151938062485e-02	7.796864754497896677e-02
1.170740391704578315e+03	2.521959430945698299e-01	1.609617486898403393e-01	2.498949265490781335e-01	1.548621951562257903e-01	7.357953409106245124e-02	3.034597430202960744e-02	7.815967811704011003e-02
1.175578161918233945e+03	2.515058235053632685e-01	1.605015545585716241e-01	2.503410776740340182e-01	1.551697773769574462e-01	7.370702175694841818e-02	3.042513537471652763e-02	7.834960975325497290e-02
1.180415932131889122e+03	2.508197046444080591e-01	1.600439361415301465e-01	2.507845182133688344e-01	1.554755934249545668e-01	7.383382417417071186e-02	3.050397521515985783e-02	7.853844818625413393e-02
1.185253702345544298e+03	2.501375631441966618e-01	1.595888790580043126e-01	2.512252663066573688e-01	1.557796531209317270e-01	7.395994492163658618e-02	3.058249431343731603e-02	7.872619913498234145e-02
1.190091472559199701e+03	2.494593757766831454e-01	1.591363690066752434e-01	2.516633399461122855e-01	1.560819662336152547e-01	7.408538756072444165e-02	3.066069317173131942e-02	7.891286830430464805e-02
1.194929242772855105e+03	2.487851194524056120e-01	1.586863917651900047e-01	2.520987569781959481e-01	1.563825424800008579e-01	7.421015563535038329e-02	3.073857230407839661e-02	7.909846138462521548e-02
1.199767012986510281e+03	2.481147712196152821e-01	1.582389331897370022e-01	2.525315351052080381e-01	1.566813915256101974e-01	7.433425267203491726e-02	3.081613223612249958e-02	7.928298405151859574e-02
1.204604783200165684e+03	2.474483082634115760e-01	1.577939792146235698e-01	2.529616918868504705e-01	1.569785229847459052e-01	7.445768217996967531e-02	3.089337350487219441e-02	7.946644196537321070e-02
1.209442553413820860e+03	2.467857079048833280e-01	1.573515158518556945e-01	2.533892447417693816e-01	1.572739464207456028e-01	7.458044765108438889e-02	3.097029665846163377e-02	7.964884077104658622e-02
1.214280323627476264e+03	2.461269476002561352e-01	1.569115291907197673e-01	2.538142109490748588e-01	1.575676713462343947e-01	7.470255256011389122e-02	3.104690225591523814e-02	7.983018609753225747e-02
1.219118093841131440e+03	2.454720049400456183e-01	1.564740053973667222e-01	2.542366076498386862e-01	1.578597072233763055e-01	7.482400036466518856e-02	3.112319086691609990e-02	8.001048355763797082e-02
1.223955864054786844e+03	2.448208576482167609e-01	1.560389307143978110e-01	2.546564518485703865e-01	1.581500634641242187e-01	7.494479450528465647e-02	3.119916307157796082e-02	8.018973874767487686e-02
1.228793634268442020e+03	2.441734835813489379e-01	1.556062914604530167e-01	2.550737604146721682e-01	1.584387494304688448e-01	7.506493840552534713e-02	3.127481946022078046e-02	8.036795724715765921e-02
1.233631404482097196e+03	2.435298607278070515e-01	1.551760740298011587e-01	2.554885500838731116e-01	1.587257744346863009e-01	7.518443547201426880e-02	3.135016063314979146e-02	8.054514461851500218e-02
1.238469174695752372e+03	2.428899672069183557e-01	1.547482648919323578e-01	2.559008374596430380e-01	1.590111477395845518e-01	7.530328909451981800e-02	3.142518720043802755e-02	8.072130640681056402e-02
1.243306944909407548e+03	2.422537812681549441e-01	1.543228505911523329e-01	2.563106390145856173e-01	1.592948785587485760e-01	7.542150264601917009e-02	3.149989978171225530e-02	8.089644813947383106e-02
1.248144715123063179e+03	2.416212812903220930e-01	1.538998177461788908e-01	2.567179710918124913e-01	1.595769760567843365e-01	7.553907948276582240e-02	3.157429900594221212e-02	8.107057532604088068e-02
1.252982485336718355e+03	2.409924457807521569e-01	1.534791530497404688e-01	2.571228499062975237e-01	1.598574493495616422e-01	7.565602294435706809e-02	3.164838551123322352e-02	8.124369345790467822e-02
1.257820255550373531e+03	2.403672533745041251e-01	1.530608432681767883e-01	2.575252915462118986e-01	1.601363075044556772e-01	7.577233635380162258e-02	3.172215994462197070e-02	8.141580800807469986e-02
1.262658025764028707e+03	2.397456828335686463e-01	1.526448752410413667e-01	2.579253119742408451e-01	1.604135595405875858e-01	7.588802301758706959e-02	3.179562296187551929e-02	8.158692443094577029e-02
1.267495795977684338e+03	2.391277130460786604e-01	1.522312358807061672e-01	2.583229270288816548e-01	1.606892144290636149e-01	7.600308622574752926e-02	3.186877522729347767e-02	8.175704816207572667e-02
1.272333566191339514e+03	2.385133230255254144e-01	1.518199121719683853e-01	2.587181524257233245e-01	1.609632810932133673e-01	7.611752925193122910e-02	3.194161741351325690e-02	8.192618461797185336e-02
1.277171336404994690e+03	2.379024919099799185e-01	1.514108911716589290e-01	2.591110037587091020e-01	1.612357684088267518e-01	7.623135535346807490e-02	3.201415020131837680e-02	8.209433919588571271e-02
1.282009106618650094e+03	2.372951989613197588e-01	1.510041600082532576e-01	2.595014965013807684e-01	1.615066852043897938e-01	7.634456777143720785e-02	3.208637427944979054e-02	8.226151727361633026e-02
1.286846876832305497e+03	2.366914235644612952e-01	1.505997058814839695e-01	2.598896460081059900e-01	1.617760402613194204e-01	7.645716973073461709e-02	3.215829034442015122e-02	8.242772420932147071e-02
1.291684647045960673e+03	2.360911452265969379e-01	1.501975160619555272e-01	2.602754675152889607e-01	1.620438423141970785e-01	7.656916444014062739e-02	3.222989910033100674e-02	8.259296534133676870e-02
1.296522417259616077e+03	2.354943435764380588e-01	1.497975778907607858e-01	2.606589761425641139e-01	1.623101000510011604e-01	7.668055509238745626e-02	3.230120125869286041e-02	8.275724598800254794e-02
1.301360187473271253e+03	2.349009983634625098e-01	1.493998787790996319e-01	2.610401868939735137e-01	1.625748221133384297e-01	7.679134486422665995e-02	3.237219753824807644e-02	8.292057144749820363e-02
1.306197957686926657e+03	2.343110894571677760e-01	1.490044062078995923e-01	2.614191146591283710e-01	1.628380170966743090e-01	7.690153691649659340e-02	3.244288866479654032e-02	8.308294699768388469e-02
1.311035727900581833e+03	2.337245968463289858e-01	1.486111477274382753e-01	2.617957742143545152e-01	1.630996935505621692e-01	7.701113439418977302e-02	3.251327537102405990e-02	8.324437789594935078e-02
1.315873498114237009e+03	2.331415006382620558e-01	1.482200909569678093e-01	2.621701802238224910e-01	1.633598599788712857e-01	7.712014042652025336e-02	3.258335839633351438e-02	8.340486937906969878e-02
1.320711268327892412e+03	2.325617810580918876e-01	1.478312235843412537e-01	2.625423472406623882e-01	1.636185248400139902e-01	7.722855812699092048e-02	3.265313848667859842e-02	8.356442666306808376e-02
1.325549038541547588e+03	2.319854184480254766e-01	1.474445333656408952e-01	2.629122897080632959e-01	1.638756965471716565e-01	7.733639059346067435e-02	3.272261639440023073e-02	8.372305494308487916e-02
1.330386808755202765e+03	2.314123932666297956e-01	1.470600081248084334e-01	2.632800219603586012e-01	1.641313834685196593e-01	7.744364090821161117e-02	3.279179287806553711e-02	8.388075939325347063e-02
1.335224578968857941e+03	2.308426860881150067e-01	1.466776357532771080e-01	2.636455582240961881e-01	1.643855939274511124e-01	7.755031213801613643e-02	3.286066870230934522e-02	8.403754516658225315e-02
1.340062349182513572e+03	2.302762776016220037e-01	1.462974042096057137e-01	2.640089126190946489e-01	1.646383362027998287e-01	7.765640733420389741e-02	3.292924463767821913e-02	8.419341739484284548e-02
1.344900119396168748e+03	2.297131486105151721e-01	1.459193015191145304e-01	2.643700991594854499e-01	1.648896185290620320e-01	7.776192953272882680e-02	3.299752146047691542e-02	8.434838118846425814e-02
1.349737889609823924e+03	2.291532800316797847e-01	1.455433157735230021e-01	2.647291317547411649e-01	1.651394490966170692e-01	7.786688175423583935e-02	3.306549995261733738e-02	8.450244163643298723e-02
