3.918593873060780197e+02	4.368376321960131814e-01	2.819193348936758214e-01	1.229154080160792945e-01	7.339338726288732739e-02	4.109758821485014202e-02	1.386479002062952770e-02	2.997185939570018443e-02
3.966971575197332527e+02	4.350707461852932334e-01	2.807812699547516111e-01	1.242309107385265177e-01	7.416487151156500590e-02	4.139436304085059026e-02	1.397832717822826594e-02	3.037951139062025976e-02
4.015349277333884856e+02	4.333142756661960693e-01	2.796495642213585042e-01	1.255361444004186033e-01	7.493193686632203254e-02	4.168965149747738685e-02	1.409205427956910540e-02	3.078637306849386218e-02
4.063726979470438323e+02	4.315681566750251275e-01	2.785241824141918565e-01	1.268312194110260138e-01	7.569461047826529787e-02	4.198345949994768816e-02	1.420595946429311848e-02	3.119241205708649795e-02
4.112104681606991221e+02	4.298323256862945363e-01	2.774050894476582374e-01	1.281162445303805353e-01	7.645291926879532740e-02	4.227579297122985996e-02	1.432003109750003104e-02	3.159759699797715093e-02
4.160482383743544119e+02	4.281067196089138882e-01	2.762922504287991243e-01	1.293913268994291432e-01	7.720688993296098701e-02	4.256665784121028973e-02	1.443425776584451696e-02	3.200189752267779131e-02
4.208860085880095880e+02	4.263912757824201427e-01	2.751856306562220356e-01	1.306565720695850863e-01	7.795654894274618718e-02	4.285606004588099482e-02	1.454862827370268993e-02	3.240528422927863028e-02
4.257237788016648778e+02	4.246859319732558258e-01	2.740851956190382688e-01	1.319120840316888310e-01	7.870192255028993222e-02	4.314400552654762411e-02	1.466313163940748295e-02	3.280772865960780715e-02
4.305615490153201677e+02	4.229906263710928593e-01	2.729909109958073565e-01	1.331579652443908302e-01	7.944303679104140758e-02	4.343050022905728391e-02	1.477775709155157609e-02	3.320920327689447227e-02
4.353993192289755143e+02	4.213052975852009663e-01	2.719027426534884606e-01	1.343943166619681884e-01	8.017991748685132647e-02	4.371555010304593175e-02	1.489249406535660299e-02	3.360968144392432327e-02
4.402370894426308041e+02	4.196298846408604843e-01	2.708206566463979836e-01	1.356212377615871323e-01	8.091259024900110397e-02	4.399916110120474094e-02	1.500733219910736251e-02	3.400913740167704757e-02
4.450748596562860939e+02	4.179643269758180901e-01	2.697446192151742306e-01	1.368388265700222484e-01	8.164108048117101057e-02	4.428133917856517249e-02	1.512226133064982318e-02	3.440754624843529730e-02
4.499126298699413837e+02	4.163085644367853777e-01	2.686745967857485096e-01	1.380471796898442571e-01	8.236541338234888709e-02	4.456209029180221298e-02	1.523727149395168873e-02	3.480488391935494114e-02
4.547504000835967304e+02	4.146625372759797368e-01	2.676105559683221169e-01	1.392463923250870095e-01	8.308561394968051739e-02	4.484142039855545242e-02	1.535235291572434498e-02	3.520112716648672591e-02
4.595881702972519065e+02	4.130261861477056984e-01	2.665524635563504829e-01	1.404365583064044187e-01	8.380170698126301887e-02	4.511933545676762719e-02	1.546749601210503818e-02	3.559625353923959873e-02
4.644259405109071963e+02	4.113994521049776920e-01	2.655002865255331468e-01	1.416177701157283197e-01	8.451371707888245821e-02	4.539584142404017031e-02	1.558269138539811367e-02	3.599024136527607248e-02
4.692637107245624861e+02	4.097822765961819380e-01	2.644539920328101146e-01	1.427901189104367197e-01	8.522166865069709385e-02	4.567094425700549826e-02	1.569792982087423946e-02	3.638306973183046827e-02
4.741014809382177759e+02	4.081746014617784191e-01	2.634135474153643242e-01	1.439536945470434037e-01	8.592558591386709188e-02	4.594464991071555565e-02	1.581320228362648878e-02	3.677471846744077844e-02
4.789392511518730657e+02	4.065763689310412099e-01	2.623789201896304935e-01	1.451085856044183053e-01	8.662549289713222800e-02	4.621696433804635407e-02	1.592849991548221655e-02	3.716516812408523357e-02
4.837770213655284124e+02	4.049875216188364990e-01	2.613500780503097976e-01	1.462548794065484936e-01	8.732141344333849142e-02	4.648789348911809560e-02	1.604381403196969078e-02	3.755439995971490696e-02
4.886147915791837022e+02	4.034080025224386357e-01	2.603269888693907630e-01	1.473926620448489377e-01	8.801337121191481205e-02	4.675744331073056204e-02	1.615913611933842212e-02	3.794239592117369664e-02
4.934525617928388783e+02	4.018377550183829250e-01	2.593096206951759353e-01	1.485220184000328458e-01	8.870138968130099333e-02	4.702561974581343646e-02	1.627445783163222401e-02	3.832913862749747630e-02
4.982903320064942250e+02	4.002767228593540616e-01	2.582979417513144860e-01	1.496430321635502381e-01	8.938549215132784997e-02	4.729242873289123822e-02	1.638977098781394318e-02	3.871461135358402611e-02
5.031281022201495148e+02	3.987248501711112003e-01	2.572919204358408707e-01	1.507557858586038302e-01	9.006570174555068864e-02	4.755787620556247569e-02	1.650506756894097246e-02	3.909879801422584678e-02
5.079658724338048046e+02	3.971820814494473328e-01	2.562915253202192045e-01	1.518603608607508038e-01	9.074204141353711672e-02	4.782196809199283638e-02	1.662033971539053981e-02	3.948168314849801602e-02
5.128036426474600376e+02	3.956483615571841916e-01	2.552967251483931332e-01	1.529568374180992063e-01	9.141453393311013698e-02	4.808471031442197730e-02	1.673557972413383318e-02	3.986325190449338529e-02
5.176414128611153274e+02	3.941236357212000718e-01	2.543074888358418661e-01	1.540452946711070581e-01	9.208320191254756870e-02	4.834610878868367961e-02	1.685078004605811836e-02	4.024349002439756018e-02
5.224791830747705035e+02	3.926078495294920701e-01	2.533237854686413715e-01	1.551258106719924645e-01	9.274806779273868373e-02	4.860616942373906929e-02	1.696593328333584685e-02	4.062238382989642738e-02
5.273169532884259070e+02	3.911009489282707974e-01	2.523455843025317891e-01	1.561984624037628666e-01	9.340915384929908416e-02	4.886489812122259829e-02	1.708103218683997004e-02	4.099992020790890063e-02
5.321547235020811968e+02	3.896028802190878992e-01	2.513728547619895060e-01	1.572633257988708955e-01	9.406648219464466831e-02	4.912230077500051584e-02	1.719606965360453640e-02	4.137608659663796068e-02
5.369924937157364866e+02	3.881135900559954388e-01	2.504055664393057268e-01	1.583204757575049082e-01	9.472007478002555936e-02	4.937838327074153127e-02	1.731103872432976365e-02	4.175087097193299485e-02
5.418302639293917764e+02	3.866330254427367552e-01	2.494436890936697904e-01	1.593699861655215044e-01	9.536995339752092626e-02	4.963315148549943268e-02	1.742593258093074957e-02	4.212426183395682339e-02
5.466680341430470662e+02	3.851611337299681304e-01	2.484871926502581763e-01	1.604119299120271847e-01	9.601613968199554372e-02	4.988661128730736971e-02	1.754074454412897846e-02	4.249624819415065424e-02
5.515058043567023560e+02	3.836978626125114866e-01	2.475360471993287015e-01	1.614463789066168109e-01	9.665865511301889590e-02	5.013876853478356488e-02	1.765546807108587732e-02	4.286681956249070724e-02
5.563435745703576458e+02	3.822431601266367274e-01	2.465902229953202962e-01	1.624734040962756143e-01	9.729752101674767062e-02	5.038962907674815472e-02	1.777009675307761674e-02	4.323596593502994356e-02
5.611813447840129356e+02	3.807969746473739425e-01	2.456496904559579419e-01	1.634930754819514109e-01	9.793275856777239330e-02	5.063919875185096675e-02	1.788462431321037951e-02	4.360367778171899550e-02
5.660191149976681118e+02	3.793592548858544800e-01	2.447144201613627446e-01	1.645054621348044088e-01	9.856438879092911665e-02	5.088748338820994754e-02	1.799904460417535781e-02	4.396994603450002370e-02
5.708568852113234016e+02	3.779299498866810492e-01	2.437843828531671420e-01	1.655106322121406570e-01	9.919243256307673506e-02	5.113448880306005473e-02	1.811335160604277822e-02	4.433476207566766636e-02
5.756946554249786914e+02	3.765090090253259691e-01	2.428595494336355520e-01	1.665086529730359088e-01	9.981691061484083971e-02	5.138022080241230055e-02	1.822753942409415656e-02	4.469811772649131404e-02
5.805324256386339812e+02	3.750963820055576159e-01	2.419398909647898499e-01	1.674995907936560058e-01	1.004378435323246971e-01	5.162468518072276663e-02	1.834160228669215117e-02	4.506000523609300645e-02
5.853701958522892710e+02	3.736920188568934043e-01	2.410253786675400078e-01	1.684835111822802489e-01	1.010552517587882670e-01	5.186788772057144420e-02	1.845553454318727901e-02	4.542041727057539308e-02
5.902079660659445608e+02	3.722958699320811360e-01	2.401159839208196201e-01	1.694604787940337254e-01	1.016691555962958154e-01	5.210983419235049041e-02	1.856933066186084585e-02	4.577934690239437304e-02
5.950457362795999643e+02	3.709078859046058829e-01	2.392116782607267289e-01	1.704305574453344463e-01	1.022795752073326903e-01	5.235053035396187299e-02	1.868298522790337243e-02	4.613678759997102974e-02
5.998835064932552541e+02	3.695280177662236820e-01	2.383124333796691752e-01	1.713938101280611248e-01	1.028865306163922466e-01	5.258998195052409091e-02	1.879649294142792318e-02	4.649273321753776694e-02
6.047212767069104302e+02	3.681562168245209321e-01	2.374182211255151942e-01	1.723502990234476451e-01	1.034900417115333648e-01	5.282819471408782552e-02	1.890984861551767149e-02	4.684717798521343540e-02
6.095590469205657200e+02	3.667924347004993813e-01	2.365290135007485917e-01	1.733000855157091069e-01	1.040901282459091581e-01	5.306517436336025823e-02	1.902304717430704922e-02	4.720011649930259956e-02
6.143968171342210098e+02	3.654366233261859831e-01	2.356447826616290819e-01	1.742432302054057747e-01	1.046868098392675916e-01	5.330092660343790228e-02	1.913608365109591841e-02	4.755154371281393455e-02
6.192345873478761860e+02	3.640887349422678998e-01	2.347655009173569285e-01	1.751797929225496209e-01	1.052801059794247346e-01	5.353545712554776820e-02	1.924895318649610595e-02	4.790145492619312523e-02
6.240723575615315895e+02	3.627487220957516523e-01	2.338911407292428579e-01	1.761098327394588214e-01	1.058700360237109644e-01	5.376877160679662676e-02	1.936165102660975662e-02	4.824984577826551407e-02
6.289101277751868793e+02	3.614165376376461403e-01	2.330216747098823038e-01	1.770334079833657537e-01	1.064566192003909284e-01	5.400087570992825881e-02	1.947417252123887638e-02	4.859671223738394608e-02
6.337478979888421691e+02	3.600921347206697543e-01	2.321570756223345078e-01	1.779505762487829656e-01	1.070398746100577336e-01	5.423177508308840711e-02	1.958651312212554563e-02	4.894205059277736275e-02
6.385856682024975726e+02	3.587754667969804134e-01	2.312973163793061726e-01	1.788613944096323072e-01	1.076198212270020604e-01	5.446147535959735414e-02	1.969866838122220909e-02	4.928585744609580849e-02
6.434234384161527487e+02	3.574664876159290294e-01	2.304423700423398613e-01	1.797659186311421353e-01	1.081964779005564620e-01	5.468998215772991056e-02	1.981063394899150107e-02	4.962812970314745692e-02
6.482612086298080385e+02	3.561651512218353965e-01	2.295922098210067541e-01	1.806642043815171739e-01	1.087698633564157247e-01	5.491730108050266873e-02	1.992240557273508572e-02	4.996886456582361885e-02
6.530989788434633283e+02	3.548714119517865639e-01	2.287468090721040681e-01	1.815563064433854956e-01	1.093399961979336366e-01	5.514343771546827144e-02	2.003397909495096066e-02	5.030805952420751292e-02
6.579367490571185044e+02	3.535852244334570238e-01	2.279061412988570290e-01	1.824422789250274846e-01	1.099068949073966212e-01	5.536839763451666813e-02	2.014535045171873123e-02	5.064571234886287160e-02
6.627745192707737942e+02	3.523065435829512704e-01	2.270701801501252559e-01	1.833221752713912189e-01	1.104705778472748340e-01	5.559218639368312953e-02	2.025651567111233509e-02	5.098182108329842727e-02
6.676122894844290840e+02	3.510353246026667873e-01	2.262388994196135594e-01	1.841960482748978833e-01	1.110310632614512349e-01	5.581480953296283354e-02	2.036747087163972431e-02	5.131638403660445519e-02
6.724500596980843738e+02	3.497715229791791836e-01	2.254122730450870971e-01	1.850639500860425946e-01	1.115883692764290530e-01	5.603627257613192497e-02	2.047821226070900558e-02	5.164939977625760542e-02
6.772878299117396637e+02	3.485150944811475360e-01	2.245902751075911363e-01	1.859259322237939160e-01	1.121425139025180318e-01	5.625658103057490367e-02	2.058873613312059425e-02	5.198086712109033919e-02
6.821256001253949535e+02	3.472659951572404924e-01	2.237728798306748701e-01	1.867820455857964745e-01	1.126935150350001635e-01	5.647574038711814653e-02	2.069903886958486539e-02	5.231078513442145167e-02
6.869633703390502433e+02	3.460241813340826367e-01	2.229600615796197283e-01	1.876323404583806198e-01	1.132413904552750511e-01	5.669375611986948033e-02	2.080911693526490275e-02	5.263915311734399666e-02
6.918011405527055331e+02	3.447896096142209488e-01	2.221517948606718806e-01	1.884768665263831799e-01	1.137861578319856459e-01	5.691063368606361778e-02	2.091896687834382193e-02	5.296597060216739344e-02
6.966389107663608229e+02	3.435622368741105270e-01	2.213480543202791251e-01	1.893156728827826152e-01	1.143278347221244468e-01	5.712637852591335996e-02	2.102858532861628937e-02	5.329123734601016321e-02
7.014766809800161127e+02	3.423420202621204056e-01	2.205488147443317171e-01	1.901488080381532331e-01	1.148664385721209075e-01	5.734099606246640529e-02	2.113796899610376895e-02	5.361495332454009610e-02
7.063144511936714025e+02	3.411289171965581901e-01	2.197540510574078343e-01	1.909763199299410186e-01	1.154019867189102072e-01	5.755449170146764715e-02	2.124711466969307627e-02	5.393711872585855993e-02
7.111522214073266923e+02	3.399228853637136227e-01	2.189637383220227329e-01	1.917982559315656588e-01	1.159344963909840071e-01	5.776687083122681449e-02	2.135601921579784179e-02	5.425773394452589743e-02
7.159899916209819821e+02	3.387238827159207433e-01	2.181778517378823723e-01	1.926146628613516210e-01	1.164639847094233460e-01	5.797813882249140682e-02	2.146467957704244200e-02	5.457679957572465768e-02
7.208277618346371582e+02	3.375318674696387022e-01	2.173963666411409812e-01	1.934255869912921422e-01	1.169904686889142592e-01	5.818830102832464601e-02	2.157309277096803105e-02	5.489431640955789310e-02
7.256655320482924481e+02	3.363467981035505594e-01	2.166192585036627039e-01	1.942310740556490445e-01	1.175139652387464095e-01	5.839736278398852815e-02	2.168125588876023552e-02	5.521028542547923301e-02
7.305033022619478515e+02	3.351686333566800124e-01	2.158465029322874373e-01	1.950311692593921786e-01	1.180344911637950384e-01	5.860532940683166325e-02	2.178916609399817253e-02	5.552470778685215935e-02
7.353410724756030277e+02	3.339973322265259448e-01	2.150780756681006101e-01	1.958259172864815212e-01	1.185520631654867485e-01	5.881220619618194451e-02	2.189682062142440239e-02	5.583758483563548008e-02
7.401788426892584312e+02	3.328328539672142372e-01	2.143139525857069017e-01	1.966153623079947843e-01	1.190666978427492584e-01	5.901799843324383177e-02	2.200421677573539611e-02	5.614891808719221084e-02
7.450166129029136073e+02	3.316751580876669547e-01	2.135541096925079596e-01	1.973995479901042294e-01	1.195784116929457103e-01	5.922271138100019400e-02	2.211135193039221944e-02	5.645870922521929042e-02
7.498543831165690108e+02	3.305242043497884641e-01	2.127985231279841127e-01	1.981785175019052936e-01	1.200872211127936851e-01	5.942635028411859949e-02	2.221822352645105164e-02	5.676696009679537552e-02
7.546921533302243006e+02	3.293799527666682048e-01	2.120471691629799704e-01	1.989523135231000550e-01	1.205931423992692431e-01	5.962892036886188740e-02	2.232482907141314712e-02	5.707367270754411248e-02
7.595299235438793630e+02	3.282423636008002799e-01	2.113000241989939076e-01	1.997209782515385335e-01	1.210961917504964902e-01	5.983042684300304836e-02	2.243116613809397614e-02	5.737884921691041584e-02
7.643676937575347665e+02	3.271113973623191451e-01	2.105570647674714357e-01	2.004845534106207694e-01	1.215963852666227946e-01	6.003087489574418512e-02	2.253723236351111783e-02	5.768249193354722110e-02
7.692054639711900563e+02	3.259870148072515628e-01	2.098182675291024035e-01	2.012430802565622068e-01	1.220937389506800697e-01	6.023026969763949773e-02	2.264302544779065590e-02	5.798460331081029678e-02
7.740432341848452324e+02	3.248691769357844317e-01	2.090836092731220563e-01	2.019965995855252661e-01	1.225882687094323187e-01	6.042861640052223093e-02	2.274854315309169511e-02	5.828518594235872208e-02
7.788810043985006359e+02	3.237578449905482714e-01	2.083530669166157867e-01	2.027451517406199388e-01	1.230799903542098284e-01	6.062592013743546560e-02	2.285378330254867960e-02	5.858424255785874002e-02
7.837187746121558121e+02	3.226529804549163605e-01	2.076266175038277428e-01	2.034887766187757074e-01	1.235689196017303038e-01	6.082218602256662943e-02	2.295874377923126652e-02	5.888177601878867573e-02
7.885565448258112156e+02	3.215545450513189740e-01	2.069042382054732676e-01	2.042275136774875377e-01	1.240550720749071661e-01	6.101741915118572002e-02	2.306342252512134927e-02	5.917778931434268530e-02
7.933943150394665054e+02	3.204625007395730529e-01	2.061859063180546958e-01	2.049614019414385258e-01	1.245384633036452082e-01	6.121162459958705282e-02	2.316781754010700800e-02	5.947228555743119816e-02
7.982320852531219089e+02	3.193768097152265284e-01	2.054715992631813148e-01	2.056904800090013918e-01	1.250191087256240785e-01	6.140480742503452022e-02	2.327192688099305809e-02	5.976526798077587410e-02
8.030698554667769713e+02	3.182974344079173012e-01	2.047612945868927392e-01	2.064147860586217353e-01	1.254970236870697475e-01	6.159697266571025065e-02	2.337574866052790148e-02	6.005673993309704889e-02
8.079076256804323748e+02	3.172243374797474313e-01	2.040549699589860044e-01	2.071343578550846609e-01	1.259722234435141364e-01	6.178812534066659840e-02	2.347928104644641384e-02	6.034670487539151723e-02
8.127453958940876646e+02	3.161574818236707607e-01	2.033526031723462135e-01	2.078492327556678287e-01	1.264447231605432265e-01	6.197827044978136690e-02	2.358252226052857600e-02	6.063516637729881448e-02
8.175831661077428407e+02	3.150968305618955245e-01	2.026541721422808751e-01	2.085594477161828164e-01	1.269145379145339703e-01	6.216741297371618236e-02	2.368547057767359312e-02	6.092212811355386670e-02
8.224209363213982442e+02	3.140423470443004517e-01	2.019596549058577661e-01	2.092650392969070128e-01	1.273816826933801549e-01	6.235555787387796894e-02	2.378812432498918911e-02	6.120759386052425366e-02
8.272587065350534203e+02	3.129939948468651867e-01	2.012690296212464869e-01	2.099660436684084031e-01	1.278461723972073583e-01	6.254271009238344947e-02	2.389048188089585786e-02	6.149156749283010703e-02
8.320964767487085965e+02	3.119517377701138683e-01	2.005822745670632901e-01	2.106624966172649660e-01	1.283080218390774685e-01	6.272887455202653950e-02	2.399254167424581113e-02	6.177405298004489537e-02
8.369342469623640000e+02	3.109155398375726964e-01	1.998993681417198520e-01	2.113544335516814310e-01	1.287672457456827124e-01	6.291405615624866277e-02	2.409430218345632105e-02	6.205505438347517361e-02
8.417720171760191761e+02	3.098853652942406556e-01	1.992202888627749580e-01	2.120418895070047549e-01	1.292238587580296638e-01	6.309825978911176581e-02	2.419576193565727701e-02	6.233457585301775683e-02
8.466097873896745796e+02	3.088611786050732277e-01	1.985450153662902950e-01	2.127248991511408449e-01	1.296778754321133154e-01	6.328149031527420532e-02	2.429691950585263424e-02	6.261262162409235443e-02
8.514475576033297557e+02	3.078429444534793724e-01	1.978735264061891874e-01	2.134034967898740254e-01	1.301293102395813528e-01	6.346375257996915431e-02	2.439777351609559095e-02	6.288919601464820763e-02
8.562853278169851592e+02	3.068306277398315518e-01	1.972058008536191620e-01	2.140777163720915532e-01	1.305781775683889090e-01	6.364505140898565894e-02	2.449832263467718874e-02	6.316430342224294003e-02
8.611230980306403353e+02	3.058241935799879685e-01	1.965418176963175390e-01	2.147475914949148190e-01	1.310244917234441864e-01	6.382539160865223493e-02	2.459856557532816637e-02	6.343794832119209470e-02
8.659608682442956251e+02	3.048236073038278482e-01	1.958815560379807141e-01	2.154131554087393152e-01	1.314682669272446980e-01	6.400477796582292045e-02	2.469850109643379962e-02	6.371013525978774794e-02
8.707986384579510286e+02	3.038288344537987129e-01	1.952249950976367998e-01	2.160744410221848155e-01	1.319095173205047933e-01	6.418321524786568810e-02	2.479812800026150871e-02	6.398086885758472175e-02
8.756364086716062047e+02	3.028398407834763661e-01	1.945721142090214295e-01	2.167314809069578185e-01	1.323482569627743577e-01	6.436070820265324399e-02	2.489744513220101124e-02	6.425015380275278520e-02
8.804741788852616082e+02	3.018565922561368686e-01	1.939228928199570046e-01	2.173843073026278661e-01	1.327844998330488246e-01	6.453726155855611657e-02	2.499645138001685765e-02	6.451799484949345687e-02
8.853119490989170117e+02	3.008790550433400046e-01	1.932773104917353546e-01	2.180329521213195954e-01	1.332182598303710830e-01	6.471288002443795206e-02	2.509514567311303332e-02	6.478439681551995122e-02
8.901497193125721878e+02	2.999071955235254050e-01	1.926353468985035067e-01	2.186774469523218023e-01	1.336495507744248634e-01	6.488756828965293322e-02	2.519352698180954073e-02	6.504936457959892282e-02
8.949874895262273640e+02	2.989409802806197725e-01	1.919969818266528683e-01	2.193178230666155415e-01	1.340783864061202979e-01	6.506133102404541846e-02	2.529159431663066671e-02	6.531290307915239846e-02
8.998252597398827675e+02	2.979803761026559861e-01	1.913621951742116023e-01	2.199541114213227067e-01	1.345047803881714854e-01	6.523417287795153785e-02	2.538934672760477171e-02	6.557501730791892580e-02
9.046630299535379436e+02	2.970253499804032526e-01	1.907309669502402494e-01	2.205863426640765623e-01	1.349287463056664249e-01	6.540609848220281519e-02	2.548678330357540683e-02	6.583571231367227328e-02
9.095008001671932334e+02	2.960758691060093040e-01	1.901032772742305976e-01	2.212145471373158645e-01	1.353502976666292323e-01	6.557711244813184404e-02	2.558390317152357124e-02	6.609499319599654310e-02
9.143385703808486369e+02	2.951319008716530856e-01	1.894791063755077443e-01	2.218387548825038746e-01	1.357694479025752521e-01	6.574721936757968455e-02	2.568070549590088791e-02	6.635286510411647631e-02
9.191763405945038130e+02	2.941934128682085481e-01	1.888584345926352381e-01	2.224589956442743766e-01	1.361862103690584525e-01	6.591642381290525876e-02	2.577718947797354859e-02	6.660933323478160362e-02
9.240141108081592165e+02	2.932603728839198176e-01	1.882412423728235806e-01	2.230752988745048904e-01	1.366005983462122153e-01	6.608473033699652222e-02	2.587335435517684745e-02	6.686440283020315956e-02
9.288518810218145063e+02	2.923327489030866921e-01	1.876275102713417797e-01	2.236876937363198592e-01	1.370126250392828537e-01	6.625214347328335640e-02	2.596919940048008149e-02	6.711807917604244167e-02
9.336896512354697961e+02	2.914105091047610729e-01	1.870172189509319016e-01	2.242962091080242526e-01	1.374223035791563852e-01	6.641866773575219596e-02	2.606472392176168579e-02	6.737036759944953213e-02
9.385274214491247449e+02	2.904936218614539434e-01	1.864103491812269808e-01	2.249008735869693631e-01	1.378296470228786152e-01	6.658430761896233507e-02	2.615992726119442321e-02	6.762127346715134102e-02
9.433651916627801484e+02	2.895820557378526727e-01	1.858068818381718723e-01	2.255017154933519341e-01	1.382346683541686994e-01	6.674906759806381595e-02	2.625480879464043779e-02	6.787080218358763906e-02
9.482029618764355519e+02	2.886757794895486451e-01	1.852067979034470735e-01	2.260987628739478672e-01	1.386373804839262647e-01	6.691295212881691323e-02	2.634936793105603983e-02	6.811895918909421921e-02
9.530407320900908417e+02	2.877747620617753799e-01	1.846100784638959047e-01	2.266920435057822314e-01	1.390377962507322318e-01	6.707596564761321434e-02	2.644360411190602167e-02	6.836574995813197997e-02
9.578785023037459041e+02	2.868789725881563668e-01	1.840167047109545206e-01	2.272815848997360999e-01	1.394359284213435857e-01	6.723811257149805987e-02	2.653751681058736517e-02	6.861117999756104202e-02
9.627162725174014213e+02	2.859883803894630594e-01	1.834266579400848918e-01	2.278674143040918532e-01	1.398317896911818736e-01	6.739939729819457992e-02	2.663110553186220572e-02	6.885525484495866322e-02
9.675540427310568248e+02	2.851029549723826939e-01	1.828399195502109498e-01	2.284495587080182799e-01	1.402253926848160415e-01	6.755982420612906270e-02	2.672436981129983069e-02	6.909798006698021633e-02
9.723918129447120009e+02	2.842226660282963224e-01	1.822564710431577029e-01	2.290280448449963646e-01	1.406167499564393297e-01	6.771939765445769699e-02	2.681730921472764984e-02	6.933936125776209158e-02
9.772295831583674044e+02	2.833474834320653946e-01	1.816762940230932377e-01	2.296028991961867882e-01	1.410058739903405634e-01	6.787812198309473022e-02	2.690992333769091915e-02	6.957940403736556645e-02
9.820673533720223531e+02	2.824773772408293859e-01	1.810993701959737467e-01	2.301741479937406409e-01	1.413927772013696960e-01	6.803600151274177832e-02	2.700221180492109671e-02	6.981811405026092099e-02
9.869051235856777566e+02	2.816123176928115868e-01	1.805256813689914142e-01	2.307418172240543741e-01	1.417774719353981361e-01	6.819304054491855116e-02	2.709417426981268820e-02	7.005549696385050817e-02
9.917428937993331601e+02	2.807522752061352711e-01	1.799552094500253274e-01	2.313059326309696295e-01	1.421599704697735223e-01	6.834924336199475758e-02	2.718581041390844000e-02	7.029155846703036281e-02
9.965806640129884499e+02	2.798972203776481926e-01	1.793879364470953031e-01	2.318665197189194727e-01	1.425402850137693633e-01	6.850461422722314841e-02	2.727711994639275481e-02	7.052630426878908620e-02
1.001418434226643626e+03	2.790471239817567950e-01	1.788238444678185712e-01	2.324236037560221679e-01	1.429184277090294886e-01	6.865915738477376684e-02	2.736810260359314947e-02	7.075974009684338206e-02
1.006256204440298802e+03	2.782019569692696925e-01	1.782629157188691804e-01	2.329772097771226902e-01	1.432944106300074183e-01	6.881287705976930902e-02	2.745875814848967172e-02	7.099187169630927219e-02
1.011093974653954206e+03	2.773616904662495330e-01	1.777051325054405939e-01	2.335273625867841651e-01	1.436682457844008498e-01	6.896577745832165041e-02	2.754908637023213702e-02	7.122270482840833972e-02
1.015931744867609382e+03	2.765262957728739646e-01	1.771504772307108122e-01	2.340740867622288779e-01	1.440399451135812581e-01	6.911786276756927416e-02	2.763908708366501904e-02	7.145224526920805619e-02
1.020769515081264785e+03	2.756957443623055948e-01	1.765989323953104928e-01	2.346174066562310978e-01	1.444095204930187226e-01	6.926913715571594854e-02	2.772876012885990005e-02	7.168049880839547083e-02
1.025607285294920075e+03	2.748700078795704438e-01	1.760504805967939568e-01	2.351573463999616642e-01	1.447769837327021192e-01	6.941960477207013980e-02	2.781810537065534938e-02	7.190747124808354040e-02
1.030445055508575479e+03	2.740490581404450010e-01	1.755051045291128042e-01	2.356939299057858039e-01	1.451423465775546484e-01	6.956926974708568800e-02	2.790712269820412594e-02	7.213316840164922528e-02
1.035282825722230655e+03	2.732328671303517198e-01	1.749627869820923054e-01	2.362271808700146247e-01	1.455056207078450348e-01	6.971813619240316284e-02	2.799581202452754158e-02	7.235759609260286607e-02
1.040120595935886058e+03	2.724214070032632273e-01	1.744235108409109281e-01	2.367571227756118113e-01	1.458668177395941734e-01	6.986620820089230188e-02	2.808417328607689875e-02	7.258076015348786936e-02
1.044958366149541234e+03	2.716146500806146391e-01	1.738872590855821132e-01	2.372837788948557181e-01	1.462259492249775028e-01	7.001348984669528153e-02	2.817220644230190169e-02	7.280266642481009187e-02
1.049796136363196410e+03	2.708125688502241446e-01	1.733540147904391038e-01	2.378071722919578856e-01	1.465830266527230752e-01	7.015998518527083450e-02	2.825991147522587468e-02	7.302332075399638189e-02
1.054633906576851814e+03	2.700151359652216421e-01	1.728237611236224380e-01	2.383273258256392857e-01	1.469380614485056580e-01	7.030569825343919999e-02	2.834728838902773537e-02	7.324272899438137585e-02
1.059471676790506763e+03	2.692223242429858110e-01	1.722964813465701628e-01	2.388442621516642383e-01	1.472910649753365331e-01	7.045063306942792036e-02	2.843433720963056341e-02	7.346089700422206437e-02
1.064309447004162394e+03	2.684341066640890117e-01	1.717721588135107114e-01	2.393580037253336401e-01	1.476420485339494104e-01	7.059479363291835952e-02	2.852105798429670214e-02	7.367783064573950325e-02
1.069147217217817570e+03	2.676504563712498452e-01	1.712507769709583627e-01	2.398685728039376963e-01	1.479910233631823446e-01	7.073818392509303998e-02	2.860745078122923363e-02	7.389353578418680901e-02
1.073984987431472746e+03	2.668713466682940960e-01	1.707323193572116982e-01	2.403759914491690464e-01	1.483380006403558771e-01	7.088080790868361847e-02	2.869351568917979933e-02	7.410801828694327242e-02
1.078822757645127922e+03	2.660967510191228347e-01	1.702167696018543064e-01	2.408802815294973365e-01	1.486829914816472642e-01	7.102266952801972177e-02	2.877925281706256513e-02	7.432128402263345202e-02
1.083660527858783553e+03	2.653266430466887371e-01	1.697041114252583749e-01	2.413814647225055454e-01	1.490260069424610978e-01	7.116377270907831010e-02	2.886466229357432384e-02	7.453333886027109501e-02
1.088498298072438729e+03	2.645609965319798418e-01	1.691943286380908629e-01	2.418795625171890062e-01	1.493670580177962615e-01	7.130412135953377584e-02	2.894974426682058594e-02	7.474418866842717779e-02
1.093336068286093905e+03	2.637997854130106345e-01	1.686874051408221720e-01	2.423745962162178469e-01	1.497061556426093065e-01	7.144371936880870855e-02	2.903449890394756497e-02	7.495383931442133052e-02
1.098173838499749309e+03	2.630429837838209051e-01	1.681833249232377037e-01	2.428665869381631814e-01	1.500433106921741089e-01	7.158257060812520112e-02	2.911892639077996725e-02	7.516229666353646532e-02
1.103011608713404712e+03	2.622905658934818196e-01	1.676820720639516094e-01	2.433555556196884961e-01	1.503785339824384726e-01	7.172067893055689147e-02	2.920302693146451314e-02	7.536956657825570616e-02
1.107849378927059888e+03	2.615425061451093769e-01	1.671836307299234547e-01	2.438415230177059800e-01	1.507118362703769865e-01	7.185804817108136511e-02	2.928680074811905801e-02	7.557565491752131492e-02
1.112687149140715292e+03	2.607987790948850804e-01	1.666879851759771880e-01	2.443245097114990216e-01	1.510432282543406057e-01	7.199468214663333476e-02	2.937024808048727467e-02	7.578056753601505879e-02
1.117524919354370468e+03	2.600593594510837714e-01	1.661951197443228556e-01	2.448045361048112045e-01	1.513727205744032078e-01	7.213058465615822257e-02	2.945336918559873438e-02	7.598431028345950522e-02
1.122362689568025871e+03	2.593242220731088454e-01	1.657050188640806498e-01	2.452816224279029678e-01	1.517003238127045961e-01	7.226575948066632504e-02	2.953616433743437575e-02	7.618688900393971730e-02
1.127200459781681047e+03	2.585933419705339631e-01	1.652176670508076761e-01	2.457557887395756258e-01	1.520260484937905887e-01	7.240021038328743608e-02	2.961863382659723001e-02	7.638830953524497480e-02
1.132038229995336451e+03	2.578666943021522551e-01	1.647330489060269965e-01	2.462270549291641075e-01	1.523499050849498881e-01	7.253394110932598338e-02	2.970077795998833994e-02	7.658857770822991018e-02
1.136876000208991627e+03	2.571442543750322440e-01	1.642511491167594206e-01	2.466954407184988596e-01	1.526719039965479252e-01	7.266695538631656737e-02	2.978259706048776156e-02	7.678769934619475435e-02
1.141713770422646803e+03	2.564259976435804833e-01	1.637719524550576011e-01	2.471609656638369124e-01	1.529920555823576778e-01	7.279925692408008298e-02	2.986409146664062431e-02	7.698568026428420641e-02
1.146551540636302207e+03	2.557118997086111345e-01	1.632954437775426537e-01	2.476236491577637200e-01	1.533103701398876306e-01	7.293084941478009120e-02	2.994526153234808308e-02	7.718252626890430290e-02
1.151389310849957155e+03	2.550019363164224284e-01	1.628216080249430264e-01	2.480835104310652739e-01	1.536268579107067933e-01	7.306173653297974580e-02	3.002610762656316573e-02	7.737824315715717549e-02
1.156227081063612786e+03	2.542960833578793989e-01	1.623504302216362827e-01	2.485405685545716281e-01	1.539415290807668313e-01	7.319192193569901139e-02	3.010663013299139101e-02	7.757283671629305877e-02
1.161064851277267962e+03	2.535943168675034443e-01	1.618818954751928274e-01	2.489948424409721972e-01	1.542543937807214771e-01	7.332140926247233959e-02	3.018682944979611885e-02	7.776631272317917343e-02
1.165902621490923138e+03	2.528966130225682729e-01	1.614159889759223254e-01	2.494463508466034929e-01	1.545654620862431383e-01	7.345020213540670584e-02	3.026670598930848721e-02	7.795867694378515178e-02
1.170740391704578315e+03	2.522029481422026764e-01	1.609526959964223403e-01	2.498951123732093826e-01	1.548747440183367852e-01	7.357830415923991008e-02	3.034626017774196688e-02	7.814993513268453373e-02
1.175578161918233945e+03	2.515132986864991316e-01	1.604920018911295820e-01	2.503411454696748972e-01	1.551822495436513127e-01	7.370571892139929360e-02	3.042549245491135354e-02	7.834009303257205570e-02
1.180415932131889122e+03	2.508276412556292301e-01	1.600338920958732647e-01	2.507844684337338093e-01	1.554879885747880996e-01	7.383244999206077519e-02	3.050440327395622861e-02	7.852915637379621894e-02
1.185253702345544298e+03	2.501459525889654367e-01	1.595783521274310723e-01	2.512250994136503435e-01	1.557919709706070965e-01	7.395850092420812316e-02	3.058299310106870131e-02	7.871713087390687369e-02
1.190091472559199701e+03	2.494682095642084818e-01	1.591253675830873737e-01	2.516630564098757961e-01	1.560942065365304721e-01	7.408387525369260207e-02	3.066126241522551185e-02	7.890402223721747210e-02
1.194929242772855105e+03	2.487943891965217758e-01	1.586749241401936572e-01	2.520983572766800629e-01	1.563947050248435944e-01	7.420857649929281374e-02	3.073921170792427715e-02	7.908983615438155979e-02
1.199767012986510281e+03	2.481244686376712638e-01	1.582270075557314915e-01	2.525310197237592424e-01	1.566934761349936811e-01	7.433260816277489913e-02	3.081684148292391373e-02	7.927457830198320066e-02
1.204604783200165684e+03	2.474584251751716646e-01	1.577816036658778176e-01	2.529610613178190914e-01	1.569905295138860901e-01	7.445597372895289279e-02	3.089415225598915113e-02	7.945825434214108529e-02
1.209442553413820860e+03	2.467962362314387037e-01	1.573386983855722121e-01	2.533884994841347216e-01	1.572858747561779458e-01	7.457867666574938270e-02	3.097114455463903862e-02	7.964086992212578153e-02
1.214280323627476264e+03	2.461378793629473150e-01	1.568982777080868973e-01	2.538133515080878144e-01	1.575795214045699333e-01	7.470072042425640602e-02	3.104781891789940365e-02	7.982243067399008574e-02
1.219118093841131440e+03	2.454833322593956424e-01	1.564603277045986951e-01	2.542356345366806325e-01	1.578714789500953453e-01	7.482210843879645579e-02	3.112417589605924462e-02	8.000294221421191954e-02
1.223955864054786844e+03	2.448325727428749543e-01	1.560248345237633116e-01	2.546553655800281590e-01	1.581617568324071299e-01	7.494284412698380693e-02	3.120021605043090188e-02	8.018241014334966110e-02
1.228793634268442020e+03	2.441855787670454137e-01	1.555917843912920928e-01	2.550725615128284218e-01	1.584503644400625522e-01	7.506293088978600869e-02	3.127593995311402086e-02	8.036084004570942518e-02
1.233631404482097196e+03	2.435423284163175661e-01	1.551611636095306945e-01	2.554872390758108902e-01	1.587373111108058565e-01	7.518237211158552979e-02	3.135134818676326568e-02	8.053823748902416702e-02
1.238469174695752372e+03	2.429027999050394349e-01	1.547329585570403065e-01	2.558994148771643329e-01	1.590226061318486261e-01	7.530117116024152846e-02	3.142644134435960274e-02	8.071460802414422153e-02
1.243306944909407548e+03	2.422669715766894716e-01	1.543071556881807638e-01	2.563091053939436925e-01	1.593062587401479491e-01	7.541933138715192775e-02	3.150122002898526896e-02	8.088995718473901420e-02
1.248144715123063179e+03	2.416348219030749200e-01	1.538837415326962110e-01	2.567163269734566988e-01	1.595882781226828362e-01	7.553685612731544929e-02	3.157568485360223026e-02	8.106429048700972140e-02
1.252982485336718355e+03	2.410063294835358694e-01	1.534627026953026829e-01	2.571210958346306641e-01	1.598686734167281687e-01	7.565374869939393843e-02	3.164983644083414066e-02	8.123761342941257513e-02
1.257820255550373531e+03	2.403814730441546921e-01	1.530440258552780708e-01	2.575234280693593503e-01	1.601474537101268969e-01	7.577001240577477259e-02	3.172367542275175700e-02	8.140993149239250659e-02
1.262658025764028707e+03	2.397602314369710053e-01	1.526276977660541434e-01	2.579233396438307957e-01	1.604246280415600745e-01	7.588565053263332527e-02	3.179720244066169127e-02	8.158125013812701776e-02
1.267495795977684338e+03	2.391425836392020443e-01	1.522137052548107328e-01	2.583208463998362681e-01	1.607002054008150882e-01	7.600066634999562420e-02	3.187041814489852132e-02	8.175157481027978124e-02
1.272333566191339514e+03	2.385285087524683934e-01	1.518020352220722236e-01	2.587159640560602880e-01	1.609741947290518338e-01	7.611506311180103734e-02	3.194332319462014902e-02	8.192091093376407951e-02
1.277171336404994690e+03	2.379179860020250448e-01	1.513926746413059299e-01	2.591087082093530558e-01	1.612466049190669215e-01	7.622884405596515311e-02	3.201591825760644744e-02	8.208926391451545901e-02
1.282009106618650094e+03	2.373109947359976768e-01	1.509856105585229424e-01	2.594990943359838376e-01	1.615174448155562714e-01	7.634201240444259129e-02	3.208820401006098888e-02	8.225663913927369619e-02
1.286846876832305497e+03	2.367075144246242602e-01	1.505808300918806963e-01	2.598871377928779203e-01	1.617867232153754886e-01	7.645457136329006365e-02	3.216018113641599951e-02	8.242304197537356214e-02
1.291684647045960673e+03	2.361075246595017441e-01	1.501783204312880649e-01	2.602728538188354701e-01	1.620544488677986561e-01	7.656652412272932362e-02	3.223185032914031162e-02	8.258847777054444117e-02
1.296522417259616077e+03	2.355110051528379600e-01	1.497780688380120628e-01	2.606562575357336820e-01	1.623206304747752404e-01	7.667787385721029636e-02	3.230321228855039667e-02	8.275295185271835940e-02
1.301360187473271253e+03	2.349179357367086052e-01	1.493800626442872426e-01	2.610373639497119425e-01	1.625852766911853042e-01	7.678862372547422266e-02	3.237426772262436137e-02	8.291646952984635388e-02
1.306197957686926657e+03	2.343282963623191661e-01	1.489842892529266716e-01	2.614161879523407839e-01	1.628483961250927758e-01	7.689877687061685840e-02	3.244501734681889266e-02	8.307903608972290466e-02
1.311035727900581833e+03	2.337420670992720606e-01	1.485907361369350754e-01	2.617927443217748507e-01	1.631099973379971924e-01	7.700833642015160463e-02	3.251546188388909631e-02	8.324065679981818011e-02
1.315873498114237009e+03	2.331592281348385809e-01	1.481993908391242842e-01	2.621670477238894903e-01	1.633700888450836386e-01	7.711730548607283187e-02	3.258560206371117346e-02	8.340133690711809544e-02
1.320711268327892412e+03	2.325797597732358890e-01	1.478102409717304000e-01	2.625391127134020230e-01	1.636286791154709930e-01	7.722568716491914897e-02	3.265543862310793521e-02	8.356108163797169863e-02
1.325549038541547588e+03	2.320036424349087856e-01	1.474232742160333232e-01	2.629089537349779127e-01	1.638857765724585080e-01	7.733348453783660259e-02	3.272497230567702337e-02	8.371989619794598103e-02
1.330386808755202765e+03	2.314308566558163915e-01	1.470384783219779723e-01	2.632765851243213384e-01	1.641413895937708367e-01	7.744070067064201535e-02	3.279420386162192058e-02	8.387778577168772398e-02
1.335224578968857941e+03	2.308613830867236039e-01	1.466558411077977242e-01	2.636420211092514454e-01	1.643955265118013376e-01	7.754733861388621308e-02	3.286313404758560430e-02	8.403475552279229821e-02
1.340062349182513572e+03	2.302952024924973251e-01	1.462753504596398524e-01	2.640052758107638287e-01	1.646481956138538261e-01	7.765340140291734916e-02	3.293176362648680966e-02	8.419081059367918007e-02
1.344900119396168748e+03	2.297322957514075226e-01	1.458969943311929640e-01	2.643663632440776956e-01	1.648994051423827989e-01	7.775889205794414560e-02	3.300009336735898469e-02	8.434595610547408751e-02
1.349737889609823924e+03	2.291726438544328115e-01	1.455207607433162131e-01	2.647252973196688730e-01	1.651491632952319932e-01	7.786381358409907860e-02	3.306812404519168802e-02	8.450019715789752750e-02
1.354575659823479100e+03	2.286162279045707568e-01	1.451466377836707622e-01	2.650820918442893248e-01	1.653974782258715581e-01	7.796816897150166126e-02	3.313585644077459563e-02	8.465353882915951922e-02
