3.966971575197332527e+02	4.348349890685100916e-01	2.810112629474660340e-01	1.241622159741410242e-01	7.408839184991070081e-02	4.139819102366160131e-02	1.404181453218905119e-02	3.046313460395845552e-02
4.015349277333884856e+02	4.330813738346768194e-01	2.798756635324329278e-01	1.254671784745983731e-01	7.485767933647205497e-02	4.171127824217429197e-02	1.414197721145958250e-02	3.086484936802294521e-02
4.063726979470438323e+02	4.313380905850256464e-01	2.787464524067866378e-01	1.267620750017205977e-01	7.562250274168620667e-02	4.202216475209660101e-02	1.424280196780193866e-02	3.126591254471944303e-02
4.112104681606991221e+02	4.296050757119149188e-01	2.776235932703146059e-01	1.280470087880456187e-01	7.638289101877762666e-02	4.233087871485698844e-02	1.434426420939381545e-02	3.166628828653356847e-02
4.160482383743544119e+02	4.278822660477665241e-01	2.765070500429037126e-01	1.293220816885292668e-01	7.713887284563930580e-02	4.263744764485609406e-02	1.444633989537329882e-02	3.206594183476894899e-02
4.208860085880095880e+02	4.261695988611933772e-01	2.753967868627517079e-01	1.305873942007606814e-01	7.789047662916460946e-02	4.294189842810370444e-02	1.454900552336448050e-02	3.246483949449849998e-02
4.257237788016648778e+02	4.244670118531742031e-01	2.742927680846058980e-01	1.318430454849308930e-01	7.863773050949356136e-02	4.324425734027761287e-02	1.465223811731302880e-02	3.286294861004190881e-02
4.305615490153201677e+02	4.227744431532731162e-01	2.731949582780286434e-01	1.330891333835551860e-01	7.938066236417491706e-02	4.354455006422306568e-02	1.475601521562323187e-02	3.326023754095902563e-02
4.353993192289755143e+02	4.210918313159051074e-01	2.721033222256893369e-01	1.343257544409484638e-01	8.011929981224609476e-02	4.384280170691094020e-02	1.486031485958825595e-02	3.365667563854900929e-02
4.402370894426308041e+02	4.194191153166458297e-01	2.710178249216819157e-01	1.355530039224541738e-01	8.085367021823226807e-02	4.413903681587199451e-02	1.496511558210563385e-02	3.405223322284535448e-02
4.450748596562860939e+02	4.177562345485853479e-01	2.699384315698669101e-01	1.367709758334270942e-01	8.158380069606643858e-02	4.443327939512420333e-02	1.507039639667022597e-02	3.444688156009696745e-02
4.499126298699413837e+02	4.161031288187245769e-01	2.688651075822379166e-01	1.379797629379704016e-01	8.230971811293197327e-02	4.472555292060940296e-02	1.517613678663712676e-02	3.484059284072572177e-02
4.547504000835967304e+02	4.144597383444149075e-01	2.677978185773119968e-01	1.391794567774275737e-01	8.303144909302927201e-02	4.501588035515510094e-02	1.528231669474719272e-02	3.523334015775108491e-02
4.595881702972519065e+02	4.128260037498395763e-01	2.667365303785425024e-01	1.403701476886299038e-01	8.374902002126792533e-02	4.530428416297666017e-02	1.538891651290811603e-02	3.562509748567251056e-02
4.644259405109071963e+02	4.112018660625357813e-01	2.656812090127550485e-01	1.415519248219010151e-01	8.446245704688594425e-02	4.559078632373466528e-02	1.549591707222416209e-02	3.601583965980057617e-02
4.692637107245624861e+02	4.095872667099584308e-01	2.646318207086050256e-01	1.427248761588185422e-01	8.517178608699770004e-02	4.587540834616164048e-02	1.560329963326786973e-02	3.640554235602790067e-02
4.741014809382177759e+02	4.079821475160834710e-01	2.635883318950568155e-01	1.438890885297349209e-01	8.587703283007167010e-02	4.615817128127198965e-02	1.571104587658724364e-02	3.679418207103104382e-02
4.789392511518730657e+02	4.063864506980506830e-01	2.625507091998833253e-01	1.450446476310579269e-01	8.657822273933971080e-02	4.643909573516849520e-02	1.581913789344212284e-02	3.718173610289490782e-02
4.837770213655284124e+02	4.048001188628454483e-01	2.615189194481867818e-01	1.461916380422930151e-01	8.727538105613910635e-02	4.671820188145817121e-02	1.592755817676364677e-02	3.756818253215101627e-02
4.886147915791837022e+02	4.032230950040192052e-01	2.604929296609387324e-01	1.473301432428481272e-01	8.796853280318879531e-02	4.699550947329005773e-02	1.603628961233083058e-02	3.795350020322155182e-02
4.934525617928388783e+02	4.016553224984470427e-01	2.594727070535394753e-01	1.484602456286032990e-01	8.865770278780109315e-02	4.727103785502696082e-02	1.614531547015852705e-02	3.833766870626085371e-02
4.982903320064942250e+02	4.000967451031234301e-01	2.584582190343972519e-01	1.495820265282458705e-01	8.934291560503027085e-02	4.754480597356271904e-02	1.625461939609116821e-02	3.872066835938654805e-02
5.031281022201495148e+02	3.985473069519937517e-01	2.574494332035247024e-01	1.506955662193739665e-01	9.002419564075916925e-02	4.781683238929643892e-02	1.636418540359683982e-02	3.910248019129232422e-02
5.079658724338048046e+02	3.970069525528225340e-01	2.564463173511547511e-01	1.518009439443691044e-01	9.070156707472526447e-02	4.808713528677439203e-02	1.647399786575640124e-02	3.948308592423471763e-02
5.128036426474600376e+02	3.954756267840972006e-01	2.554488394563729781e-01	1.528982379260403479e-01	9.137505388348733659e-02	4.835573248501034982e-02	1.658404150744255401e-02	3.986246795738637716e-02
5.176414128611153274e+02	3.939532748919667426e-01	2.544569676857680873e-01	1.539875253830418067e-01	9.204467984333394859e-02	4.862264144749427891e-02	1.669430139768386320e-02	4.024060935054833699e-02
5.224791830747705035e+02	3.924398424872153623e-01	2.534706703920989179e-01	1.550688825450653729e-01	9.271046853313495706e-02	4.888787929189954140e-02	1.680476294220888470e-02	4.061749380821406269e-02
5.273169532884259070e+02	3.909352755422696446e-01	2.524899161129778302e-01	1.561423846678105798e-01	9.337244333713723421e-02	4.915146279949791919e-02	1.691541187616569381e-02	4.099310566397813826e-02
5.321547235020811968e+02	3.894395203882399792e-01	2.515146735695706348e-01	1.572081060477341641e-01	9.403062744770569747e-02	4.941340842429178121e-02	1.702623425701229806e-02	4.136742986528253729e-02
5.369924937157364866e+02	3.879525237119945125e-01	2.505449116653115094e-01	1.582661200365807486e-01	9.468504386801086803e-02	4.967373230187233091e-02	1.713721645757343079e-02	4.174045195849365036e-02
5.418302639293917764e+02	3.864742325532661282e-01	2.495805994846343745e-01	1.593164990556973082e-01	9.533571541466392962e-02	4.993245025801250347e-02	1.724834515925947193e-02	4.211215807430333108e-02
5.466680341430470662e+02	3.850045943017913475e-01	2.486217062917183418e-01	1.603593146101333078e-01	9.598266472030055063e-02	5.018957781700291582e-02	1.735960734544326686e-02	4.248253491344729932e-02
5.515058043567023560e+02	3.835435566944810359e-01	2.476682015292484829e-01	1.613946373025291203e-01	9.662591423611423258e-02	5.044513020973893230e-02	1.747099029499081177e-02	4.285156973273449021e-02
5.563435745703576458e+02	3.820910678126220872e-01	2.467200548171908370e-01	1.624225368467943353e-01	9.726548623434062846e-02	5.069912238156658313e-02	1.758248157594181904e-02	4.321925033138086097e-02
5.611813447840129356e+02	3.806470760791103025e-01	2.457772359515814076e-01	1.634430820815789831e-01	9.790140281069351080e-02	5.095156899989505828e-02	1.769406903933634645e-02	4.358556503764157014e-02
5.660191149976681118e+02	3.792115302557131917e-01	2.448397149033292586e-01	1.644563409835392287e-01	9.853368588675352757e-02	5.120248446158291722e-02	1.780574081318374302e-02	4.395050269573522878e-02
5.708568852113234016e+02	3.777843794403631383e-01	2.439074618170327391e-01	1.654623806804005337e-01	9.916235721231077271e-02	5.145188290010520998e-02	1.791748529657026870e-02	4.431405265305442265e-02
5.756946554249786914e+02	3.763655730644793751e-01	2.429804470098091695e-01	1.664612674638200340e-01	9.978743836766199027e-02	5.169977819250824030e-02	1.802929115390189407e-02	4.467620474765635757e-02
5.805324256386339812e+02	3.749550608903194915e-01	2.420586409701374619e-01	1.674530668020509372e-01	1.004089507658635222e-01	5.194618396615871547e-02	1.814114730927880725e-02	4.503694929602810454e-02
5.853701958522892710e+02	3.735527930083594739e-01	2.411420143567133412e-01	1.684378433524109098e-01	1.010269156549407216e-01	5.219111360529362503e-02	1.825304294099833885e-02	4.539627708112062981e-02
5.902079660659445608e+02	3.721587198347019454e-01	2.402305379973168342e-01	1.694156609735571750e-01	1.016413541200550247e-01	5.243458025737699618e-02	1.836496747618301950e-02	4.575417934064605896e-02
5.950457362795999643e+02	3.707727921085119394e-01	2.393241828876922772e-01	1.703865827375704856e-01	1.022522870856292371e-01	5.267659683926965986e-02	1.847691058553065091e-02	4.611064775563277623e-02
5.998835064932552541e+02	3.693949608894807057e-01	2.384229201904399242e-01	1.713506709418502749e-01	1.028597353174321161e-01	5.291717604321771046e-02	1.858886217818330952e-02	4.646567443923301649e-02
6.047212767069104302e+02	3.680251775553158300e-01	2.375267212339192413e-01	1.723079871208235969e-01	1.034637194246230685e-01	5.315633034266530749e-02	1.870081239671229911e-02	4.681925192577765515e-02
6.095590469205657200e+02	3.666633937992586079e-01	2.366355575111638299e-01	1.732585920574701566e-01	1.040642598617577685e-01	5.339407199789732855e-02	1.881275161221618308e-02	4.717137316007311010e-02
6.143968171342210098e+02	3.653095616276271218e-01	2.357494006788073415e-01	1.742025457946656530e-01	1.046613769307555009e-01	5.363041306151698773e-02	1.892467041952903065e-02	4.752203148693529694e-02
6.192345873478761860e+02	3.639636333573858518e-01	2.348682225560205228e-01	1.751399076463459881e-01	1.052550907828290611e-01	5.386536538376367200e-02	1.903655963253617772e-02	4.787122064095569729e-02
6.240723575615315895e+02	3.626255616137399884e-01	2.339919951234589179e-01	1.760707362084947547e-01	1.058454214203779775e-01	5.409894061767584611e-02	1.914841027959481370e-02	4.821893473649473127e-02
6.289101277751868793e+02	3.612952993277557812e-01	2.331206905222211190e-01	1.769950893699560879e-01	1.064323886988458867e-01	5.433115022410372336e-02	1.926021359905681282e-02	4.856516825789764652e-02
6.337478979888421691e+02	3.599727997340051444e-01	2.322542810528176183e-01	1.779130243230755970e-01	1.070160123285426729e-01	5.456200547657649030e-02	1.937196103489126700e-02	4.890991604992830227e-02
6.385856682024975726e+02	3.586580163682347444e-01	2.313927391741494866e-01	1.788245975741715454e-01	1.075963118764323018e-01	5.479151746602838741e-02	1.948364423240430895e-02	4.925317330841628288e-02
6.434234384161527487e+02	3.573509030650597884e-01	2.305360375024971542e-01	1.797298649538385806e-01	1.081733067678868898e-01	5.501969710538808650e-02	1.959525503405376567e-02	4.959493557111283035e-02
6.482612086298080385e+02	3.560514139556805180e-01	2.296841488105190732e-01	1.806288816270865127e-01	1.087470162884078273e-01	5.524655513403550072e-02	1.970678547535640798e-02	4.993519870875130773e-02
6.530989788434633283e+02	3.547595034656232382e-01	2.288370460262598161e-01	1.815217021033161127e-01	1.093174595853146497e-01	5.547210212213007224e-02	1.981822778088546122e-02	5.027395891630779406e-02
6.579367490571185044e+02	3.534751263125040510e-01	2.279947022321677230e-01	1.824083802461348158e-01	1.098846556694022258e-01	5.569634847481447215e-02	1.992957436035619825e-02	5.061121270445768233e-02
6.627745192707737942e+02	3.521982375038150703e-01	2.271570906641217080e-01	1.832889692830140804e-01	1.104486234165671515e-01	5.591930443629757747e-02	2.004081780479752273e-02	5.094695689122408916e-02
6.676122894844290840e+02	3.509287923347336746e-01	2.263241847104671134e-01	1.841635218147909814e-01	1.110093815694036812e-01	5.614098009382025717e-02	2.015195088280736374e-02	5.128118859381411432e-02
6.724500596980843738e+02	3.496667463859537972e-01	2.254959579110607237e-01	1.850320898250160384e-01	1.115669487387701969e-01	5.636138538150767263e-02	2.026296653688994948e-02	5.161390522063889763e-02
6.772878299117396637e+02	3.484120555215385329e-01	2.246723839563241620e-01	1.858947246891499427e-01	1.121213434053265068e-01	5.658053008411147167e-02	2.037385787987292668e-02	5.194510446351368466e-02
6.821256001253949535e+02	3.471646758867955040e-01	2.238534366863062230e-01	1.867514771836109866e-01	1.126725839210428320e-01	5.679842384064524158e-02	2.048461819140242127e-02	5.227478429003396682e-02
6.869633703390502433e+02	3.459245639061721556e-01	2.230390900897535611e-01	1.876023974946757489e-01	1.132206885106809696e-01	5.701507614791639922e-02	2.059524091451417696e-02	5.260294293612414324e-02
6.918011405527055331e+02	3.446916762811730872e-01	2.222293183031894825e-01	1.884475352272347859e-01	1.137656752732481985e-01	5.723049636395774464e-02	2.070571965227894357e-02	5.292957889875489486e-02
6.966389107663608229e+02	3.434659699882975370e-01	2.214240956100012037e-01	1.892869394134061023e-01	1.143075621834245964e-01	5.744469371136160657e-02	2.081604816452033851e-02	5.325469092882575972e-02
7.014766809800161127e+02	3.422474022769973478e-01	2.206233964395350744e-01	1.901206585210079569e-01	1.148463670929642383e-01	5.765767728051959112e-02	2.092622036460347473e-02	5.357827802420941921e-02
7.063144511936714025e+02	3.410359306676554181e-01	2.198271953661994349e-01	1.909487404618936401e-01	1.153821077320709293e-01	5.786945603277077188e-02	2.103623031629263743e-02	5.390033942295421876e-02
7.111522214073266923e+02	3.398315129495836917e-01	2.190354671085756322e-01	1.917712326001499434e-01	1.159148017107488327e-01	5.808003880346100656e-02	2.114607223067641387e-02	5.422087459664154396e-02
7.159899916209819821e+02	3.386341071790407442e-01	2.182481865285362810e-01	1.925881817601616253e-01	1.164444665201288115e-01	5.828943430491612121e-02	2.125574046315866633e-02	5.453988324389483222e-02
7.208277618346371582e+02	3.374436716772689082e-01	2.174653286303713795e-01	1.933996342345439823e-01	1.169711195337706511e-01	5.849765112933154321e-02	2.136522951051376962e-02	5.485736528403688250e-02
7.256655320482924481e+02	3.362601650285504395e-01	2.166868685599215305e-01	1.942056357919453302e-01	1.174947780089419663e-01	5.870469775158083242e-02	2.147453400800465595e-02	5.517332085089238919e-02
7.305033022619478515e+02	3.350835460782825570e-01	2.159127816037184622e-01	1.950062316847216703e-01	1.180154590878741694e-01	5.891058253194558086e-02	2.158364872656214767e-02	5.548775028673254284e-02
7.353410724756030277e+02	3.339137739310706898e-01	2.151430431881330707e-01	1.958014666564856232e-01	1.185331797989959274e-01	5.911531371876899837e-02	2.169256857002415523e-02	5.580065413635865862e-02
7.401788426892584312e+02	3.327508079488407100e-01	2.143776288785298745e-01	1.965913849495310450e-01	1.190479570581446933e-01	5.931889945103551581e-02	2.180128857243335272e-02	5.611203314132191117e-02
7.450166129029136073e+02	3.315946077489687616e-01	2.136165143784289622e-01	1.973760303121360471e-01	1.195598076697567264e-01	5.952134776087852908e-02	2.190980389539197784e-02	5.642188823427616434e-02
7.498543831165690108e+02	3.304451332024289090e-01	2.128596755286743525e-01	1.981554460057458611e-01	1.200687483280360457e-01	5.972266657601849743e-02	2.201810982547238588e-02	5.673022053346115506e-02
7.546921533302243006e+02	3.293023444319587711e-01	2.121070883066094315e-01	1.989296748120375491e-01	1.205747956181027897e-01	5.992286372213336682e-02	2.212620177168212951e-02	5.703703133731310992e-02
7.595299235438793630e+02	3.281662018102425304e-01	2.113587288252586627e-01	1.996987590398686396e-01	1.210779660171213967e-01	6.012194692516346223e-02	2.223407526298223913e-02	5.734232211920017169e-02
7.643676937575347665e+02	3.270366659581105395e-01	2.106145733325160696e-01	2.004627405321113831e-01	1.215782758954090659e-01	6.031992381355266719e-02	2.234172594585753444e-02	5.764609452227984626e-02
7.692054639711900563e+02	3.259136977427564696e-01	2.098745982103399632e-01	2.012216606723743473e-01	1.220757415175248994e-01	6.051680192042780543e-02	2.244914958193772875e-02	5.794835035447592347e-02
7.740432341848452324e+02	3.247972582759708349e-01	2.091387799739541087e-01	2.019755603916134623e-01	1.225703790433400886e-01	6.071258868571813988e-02	2.255634204566819151e-02	5.824909158357226974e-02
7.788810043985006359e+02	3.236873089123913916e-01	2.084070952710549984e-01	2.027244801746343472e-01	1.230622045290896832e-01	6.090729145821655727e-02	2.266329932202918937e-02	5.854832033242092504e-02
7.837187746121558121e+02	3.225838112477693587e-01	2.076795208810254534e-01	2.034684600664871668e-01	1.235512339284061262e-01	6.110091749758438107e-02	2.277001750430257543e-02	5.884603887426209656e-02
7.885565448258112156e+02	3.214867271172518470e-01	2.069560337141541084e-01	2.042075396787564612e-01	1.240374830933351213e-01	6.129347397630131172e-02	2.287649279188474355e-02	5.914224962815358561e-02
7.933943150394665054e+02	3.203960185936804983e-01	2.062366108108609764e-01	2.049417581957471701e-01	1.245209677753341820e-01	6.148496798156216636e-02	2.298272148814490407e-02	5.943695515450733713e-02
7.982320852531219089e+02	3.193116479859052781e-01	2.055212293409287294e-01	2.056711543805688769e-01	1.250017036262541237e-01	6.167540651712195843e-02	2.308869999832756023e-02	5.973015815073072499e-02
8.030698554667769713e+02	3.182335778371143120e-01	2.048098666027400039e-01	2.063957665811196607e-01	1.254797061993038754e-01	6.186479650509085770e-02	2.319442482749825216e-02	6.002186144697029685e-02
8.079076256804323748e+02	3.171617709231782101e-01	2.041025000225203112e-01	2.071156327359715277e-01	1.259549909499992626e-01	6.205314478768046704e-02	2.329989257853156553e-02	6.031206800195584861e-02
8.127453958940876646e+02	3.160961902510105448e-01	2.033991071535865558e-01	2.078307903801587808e-01	1.264275732370955252e-01	6.224045812890280360e-02	2.340509995014044067e-02	6.060078089894251757e-02
8.175831661077428407e+02	3.150367990569422072e-01	2.026996656756011872e-01	2.085412766508710214e-01	1.268974683235045420e-01	6.242674321622349726e-02	2.351004373494589017e-02	6.088800334174888224e-02
8.224209363213982442e+02	3.139835608051106952e-01	2.020041533938317924e-01	2.092471282930527809e-01	1.273646913771965261e-01	6.261200666217033028e-02	2.361472081758619543e-02	6.117373865088889667e-02
8.272587065350534203e+02	3.129364391858646122e-01	2.013125482384162390e-01	2.099483816649103662e-01	1.278292574720870101e-01	6.279625500589859632e-02	2.371912817286469036e-02	6.145799025979563346e-02
8.320964767487085965e+02	3.118953981141817100e-01	2.006248282636329816e-01	2.106450727433287207e-01	1.282911815889090923e-01	6.297949471471447902e-02	2.382326286393532389e-02	6.174076171113485056e-02
8.369342469623640000e+02	3.108604017281011989e-01	1.999409716471767517e-01	2.113372371291987462e-01	1.287504786160713066e-01	6.316173218555760915e-02	2.392712204052507841e-02	6.202205665320642547e-02
8.417720171760191761e+02	3.098314143871706561e-01	1.992609566894394391e-01	2.120249100526571673e-01	1.292071633505016970e-01	6.334297374644401457e-02	2.403070293719252945e-02	6.230187883643166502e-02
8.466097873896745796e+02	3.088084006709057583e-01	1.985847618127961345e-01	2.127081263782402976e-01	1.296612504984779590e-01	6.352322565787067721e-02	2.413400287162163413e-02	6.258023210992472163e-02
8.514475576033297557e+02	3.077913253772645574e-01	1.979123655608963361e-01	2.133869206099530680e-01	1.301127546764442589e-01	6.370249411418266172e-02	2.423701924295007179e-02	6.285712041814621454e-02
8.562853278169851592e+02	3.067801535211347463e-01	1.972437465979598736e-01	2.140613268962550109e-01	1.305616904118148958e-01	6.388078524490407861e-02	2.433974953013131812e-02	6.313254779763717572e-02
8.611230980306403353e+02	3.057748503328344691e-01	1.965788837080782725e-01	2.147313790349641982e-01	1.310080721437651419e-01	6.405810511603365898e-02	2.444219129032972060e-02	6.340651837383175227e-02
8.659608682442956251e+02	3.047753812566257325e-01	1.959177557945204484e-01	2.153971104780807166e-01	1.314519142240093419e-01	6.423445973130631481e-02	2.454434215734785374e-02	6.367903635794672224e-02
8.707986384579510286e+02	3.037817119492418616e-01	1.952603418790437584e-01	2.160585543365315386e-01	1.318932309175669393e-01	6.440985503342125384e-02	2.464619984008548093e-02	6.395010604394633924e-02
8.756364086716062047e+02	3.027938082784265017e-01	1.946066211012095482e-01	2.167157433848370118e-01	1.323320364035161234e-01	6.458429690523802280e-02	2.474776212102936662e-02	6.421973180558056271e-02
8.804741788852616082e+02	3.018116363214865538e-01	1.939565727177033905e-01	2.173687100657014926e-01	1.327683447757360136e-01	6.475779117094097870e-02	2.484902685477333520e-02	6.448791809349545268e-02
8.853119490989170117e+02	3.008351623638563788e-01	1.933101761016601250e-01	2.180174864945287061e-01	1.332021700436369083e-01	6.493034359717346493e-02	2.494999196656786516e-02	6.475466943241374451e-02
8.901497193125721878e+02	2.998643528976756012e-01	1.926674107419935333e-01	2.186621044638633049e-01	1.336335261328795432e-01	6.510195989414228890e-02	2.505065545089863246e-02	6.501999041838429916e-02
8.949874895262273640e+02	2.988991746203780719e-01	1.920282562427303441e-01	2.193025954477600403e-01	1.340624268860831358e-01	6.527264571669345872e-02	2.515101537009331242e-02	6.528388571609886060e-02
8.998252597398827675e+02	2.979395944332937085e-01	1.913926923223490950e-01	2.199389906060813527e-01	1.344888860635224670e-01	6.544240666536003947e-02	2.525106985295610257e-02	6.554636005627448303e-02
9.046630299535379436e+02	2.969855794402617155e-01	1.907606988131230752e-01	2.205713207887253779e-01	1.349129173438144702e-01	6.561124828738275350e-02	2.535081709342931061e-02	6.580741823310048977e-02
9.095008001671932334e+02	2.960370969462560731e-01	1.901322556604680136e-01	2.211996165397847047e-01	1.353345343245944687e-01	6.577917607770435160e-02	2.545025534928145594e-02	6.606706510174813196e-02
9.143385703808486369e+02	2.950941144560221274e-01	1.895073429222938199e-01	2.218239081016376291e-01	1.357537505231821429e-01	6.594619547993819941e-02	2.554938294082130523e-02	6.632530557594194798e-02
9.191763405945038130e+02	2.941565996727253385e-01	1.888859407683608493e-01	2.224442254189730461e-01	1.361705793772374773e-01	6.611231188731207797e-02	2.564819824963731829e-02	6.658214462559107483e-02
9.240141108081592165e+02	2.932245204966108520e-01	1.882680294796404141e-01	2.230605981427497553e-01	1.365850342454070498e-01	6.627753064358771207e-02	2.574669971736189694e-02	6.683758727447954018e-02
9.288518810218145063e+02	2.922978450236745629e-01	1.876535894476793753e-01	2.236730556340918163e-01	1.369971284079607443e-01	6.644185704395677572e-02	2.584488584445997911e-02	6.709163859801392515e-02
9.336896512354697961e+02	2.913765415443455020e-01	1.870426011739690364e-01	2.242816269681205676e-01	1.374068750674191652e-01	6.660529633591409648e-02	2.594275518904143318e-02	6.734430372102732931e-02
9.385274214491247449e+02	2.904605785421788822e-01	1.864350452693180893e-01	2.248863409377248879e-01	1.378142873491716436e-01	6.676785372010859976e-02	2.604030636569672208e-02	6.759558781563826391e-02
9.433651916627801484e+02	2.895499246925599679e-01	1.858309024532297238e-01	2.254872260572704235e-01	1.382193783020856381e-01	6.692953435117260375e-02	2.613753804435540312e-02	6.784549609916323831e-02
9.482029618764355519e+02	2.886445488614192700e-01	1.852301535532826782e-01	2.260843105662488639e-01	1.386221608991070886e-01	6.709034333853025611e-02	2.623444894916690875e-02	6.809403383208195715e-02
9.530407320900908417e+02	2.877444201039575655e-01	1.846327795045163700e-01	2.266776224328685141e-01	1.390226480378521368e-01	6.725028574718541763e-02	2.633103785740322639e-02	6.834120631605380969e-02
9.578785023037459041e+02	2.868495076633819085e-01	1.840387613488199126e-01	2.272671893575870239e-01	1.394208525411907151e-01	6.740936659848986712e-02	2.642730359838293616e-02	6.858701889198458301e-02
9.627162725174014213e+02	2.859597809696521886e-01	1.834480802343252115e-01	2.278530387765873855e-01	1.398167871578215871e-01	6.756759087089210525e-02	2.652324505241620764e-02	6.883147693814224699e-02
9.675540427310568248e+02	2.850752096382372924e-01	1.828607174148036696e-01	2.284351978651980308e-01	1.402104645628395041e-01	6.772496350066739557e-02	2.661886114977029746e-02	6.907458586832075642e-02
9.723918129447120009e+02	2.841957634688820900e-01	1.822766542490669717e-01	2.290136935412581398e-01	1.406018973582942033e-01	6.788148938262973664e-02	2.671415086965513164e-02	6.931635113005070459e-02
9.772295831583674044e+02	2.833214124443839688e-01	1.816958722003716442e-01	2.295885524684290746e-01	1.409910980737419939e-01	6.803717337082594574e-02	2.680911323922855263e-02	6.955677820285577351e-02
9.820673533720223531e+02	2.824521267293796378e-01	1.811183528358272232e-01	2.301598010594528843e-01	1.413780791667895997e-01	6.819202027921263121e-02	2.690374733262081500e-02	6.979587259655416209e-02
9.869051235856777566e+02	2.815878766691417012e-01	1.805440778258082801e-01	2.307274654793586843e-01	1.417628530236303419e-01	6.834603488231635882e-02	2.699805226997792004e-02	7.003363984960360444e-02
9.917428937993331601e+02	2.807286327883846133e-01	1.799730289433702501e-01	2.312915716486182438e-01	1.421454319595734928e-01	6.849922191587758113e-02	2.709202721652344964e-02	7.027008552748929826e-02
9.965806640129884499e+02	2.798743657900804593e-01	1.794051880636686191e-01	2.318521452462508903e-01	1.425258282195661086e-01	6.865158607747862130e-02	2.718567138163844460e-02	7.050521522115374418e-02
1.001418434226643626e+03	2.790250465542845615e-01	1.788405371633820240e-01	2.324092117128794821e-01	1.429040539787081177e-01	6.880313202715641896e-02	2.727898401795900846e-02	7.073903454546728864e-02
1.006256204440298802e+03	2.781806461369695782e-01	1.782790583201387669e-01	2.329627962537377805e-01	1.432801213427604414e-01	6.895386438800014950e-02	2.737196442049128278e-02	7.097154913773882912e-02
1.011093974653954206e+03	2.773411357688700951e-01	1.777207337119469377e-01	2.335129238416300823e-01	1.436540423486464269e-01	6.910378774673439639e-02	2.746461192574336033e-02	7.120276465626544649e-02
1.015931744867609382e+03	2.765064868543353205e-01	1.771655456166282006e-01	2.340596192198441949e-01	1.440258289649467838e-01	6.925290665428802950e-02	2.755692591087389315e-02	7.143268677892029850e-02
1.020769515081264785e+03	2.756766709701913287e-01	1.766134764112547995e-01	2.346029069050183935e-01	1.443954930923879998e-01	6.940122562634948311e-02	2.764890579285696551e-02	7.166132120177769183e-02
1.025607285294920075e+03	2.748516598646125186e-01	1.760645085715902558e-01	2.351428111899632190e-01	1.447630465643245101e-01	6.954874914390843377e-02	2.774055102766295397e-02	7.188867363777479147e-02
1.030445055508575479e+03	2.740314254560013985e-01	1.755186246715334797e-01	2.356793561464388120e-01	1.451285011472147057e-01	6.969548165378458560e-02	2.783186110945504166e-02	7.211474981540874629e-02
1.035282825722230655e+03	2.732159398318778076e-01	1.749758073825659621e-01	2.362125656278886987e-01	1.454918685410907242e-01	6.984142756914375749e-02	2.792283556980103623e-02	7.233955547746878656e-02
1.040120595935886058e+03	2.724051752477761879e-01	1.744360394732029917e-01	2.367424632721309430e-01	1.458531603800226062e-01	6.998659127000157743e-02	2.801347397690022445e-02	7.256309637980228044e-02
1.044958366149541234e+03	2.715991041261520689e-01	1.738993038084474252e-01	2.372690725040067228e-01	1.462123882325765123e-01	7.013097710371522797e-02	2.810377593482493719e-02	7.278537829011395843e-02
1.049796136363196410e+03	2.707976990552966035e-01	1.733655833492474541e-01	2.377924165379879939e-01	1.465695636022670556e-01	7.027458938546352063e-02	2.819374108277652308e-02	7.300640698679772278e-02
1.054633906576851814e+03	2.700009327882599286e-01	1.728348611519572309e-01	2.383125183807442427e-01	1.469246979280042775e-01	7.041743239871559035e-02	2.828336909435545665e-02	7.322618825780012608e-02
1.059471676790506763e+03	2.692087782417824648e-01	1.723071203678009367e-01	2.388294008336696861e-01	1.472778025845351835e-01	7.055951039568857108e-02	2.837265967684528267e-02	7.344472789951483893e-02
1.064309447004162394e+03	2.684212084952347088e-01	1.717823442423398739e-01	2.393430864953706438e-01	1.476288888828797552e-01	7.070082759779446058e-02	2.846161257051014332e-02	7.366203171570739894e-02
1.069147217217817570e+03	2.676381967895652969e-01	1.712605161149432231e-01	2.398535977641149119e-01	1.479779680707617728e-01	7.084138819607666004e-02	2.855022754790554826e-02	7.387810551646961654e-02
1.073984987431472746e+03	2.668597165262568405e-01	1.707416194182614089e-01	2.403609568402430285e-01	1.483250513330345854e-01	7.098119635163616103e-02	2.863850441320225579e-02	7.409295511720277727e-02
1.078822757645127922e+03	2.660857412662900323e-01	1.702256376777029345e-01	2.408651857285423192e-01	1.486701497921016912e-01	7.112025619604801785e-02	2.872644300152283128e-02	7.430658633762916854e-02
1.083660527858783553e+03	2.653162447291156356e-01	1.697125545109143541e-01	2.413663062405845827e-01	1.490132745083324883e-01	7.125857183176799448e-02	2.881404317829078243e-02	7.451900500083116774e-02
1.088498298072438729e+03	2.645512007916341335e-01	1.692023536272631301e-01	2.418643399970275276e-01	1.493544364804730296e-01	7.139614733253003831e-02	2.890130483859193467e-02	7.473021693231725326e-02
1.093336068286093905e+03	2.637905834871832056e-01	1.686950188273238227e-01	2.423593084298812095e-01	1.496936466460522253e-01	7.153298674373437249e-02	2.898822790654782822e-02	7.494022795911432777e-02
1.098173838499749309e+03	2.630343670045331983e-01	1.681905340023671369e-01	2.428512327847396624e-01	1.500309158817832722e-01	7.166909408282699789e-02	2.907481233470091478e-02	7.514904390888584029e-02
1.103011608713404712e+03	2.622825256868895893e-01	1.676888831338520514e-01	2.433401341229785297e-01	1.503662550039603918e-01	7.180447333967034107e-02	2.916105810341126925e-02	7.535667060907487447e-02
1.107849378927059888e+03	2.615350340309033905e-01	1.671900502929210552e-01	2.438260333239191668e-01	1.506996747688512939e-01	7.193912847690558943e-02	2.924696522026467432e-02	7.556311388607188373e-02
1.112687149140715292e+03	2.607918666856892664e-01	1.666940196398981333e-01	2.443089510869596859e-01	1.510311858730852275e-01	7.207306343030674134e-02	2.933253371949176569e-02	7.576837956440629629e-02
1.117524919354370468e+03	2.600529984518501481e-01	1.662007754237899149e-01	2.447889079336740825e-01	1.513607989540364795e-01	7.220628210912684308e-02	2.941776366139806781e-02	7.597247346596160134e-02
1.122362689568025871e+03	2.593184042805100065e-01	1.657103019817896261e-01	2.452659242098792214e-01	1.516885245902040158e-01	7.233878839643631542e-02	2.950265513180472254e-02	7.617540140921316705e-02
1.127200459781681047e+03	2.585880592723536209e-01	1.652225837387840401e-01	2.457400200876708185e-01	1.520143733015866527e-01	7.247058614945382782e-02	2.958720824149964693e-02	7.637716920848848512e-02
1.132038229995336451e+03	2.578619386766729527e-01	1.647376052068631747e-01	2.462112155674286984e-01	1.523383555500543718e-01	7.260167919986976193e-02	2.967142312569896051e-02	7.657778267324912014e-02
1.136876000208991627e+03	2.571400178904215683e-01	1.642553509848331261e-01	2.466795304797919086e-01	1.526604817397154423e-01	7.273207135416250024e-02	2.975529994351847757e-02	7.677724760739396137e-02
1.141713770422646803e+03	2.564222724572753909e-01	1.637758057577313464e-01	2.471449844876042190e-01	1.529807622172798531e-01	7.286176639390788690e-02	2.983883887745503172e-02	7.697556980858326348e-02
1.146551540636302207e+03	2.557086780667003900e-01	1.632989542963450558e-01	2.476075970878305055e-01	1.532992072724188304e-01	7.299076807608173567e-02	2.992204013287751499e-02	7.717275506758293491e-02
1.151389310849957155e+03	2.549992105530275444e-01	1.628247814567324592e-01	2.480673876134447120e-01	1.536158271381205254e-01	7.311908013335574608e-02	3.000490393752733992e-02	7.736880916762867155e-02
1.156227081063612786e+03	2.542938458945343538e-01	1.623532721797464606e-01	2.485243752352894742e-01	1.539306319910419274e-01	7.324670627438717441e-02	3.008743054102824832e-02	7.756373788380938050e-02
1.161064851277267962e+03	2.535925602125331246e-01	1.618844114905614029e-01	2.489785789639082647e-01	1.542436319518574461e-01	7.337365018410203776e-02	3.016962021440521349e-02	7.775754698246951924e-02
1.165902621490923138e+03	2.528953297704660819e-01	1.614181844982024994e-01	2.494300176513504219e-01	1.545548370856036358e-01	7.349991552397225347e-02	3.025147324961229359e-02	7.795024222062982289e-02
1.170740391704578315e+03	2.522021309730068661e-01	1.609545763950779307e-01	2.498787099929493660e-01	1.548642574020205609e-01	7.362550593228697760e-02	3.033298995906924880e-02	7.814182934542610037e-02
1.175578161918233945e+03	2.515129403651686357e-01	1.604935724565135224e-01	2.503246745290749198e-01	1.551719028558897484e-01	7.375042502441798986e-02	3.041417067520675935e-02	7.833231409356548880e-02
1.180415932131889122e+03	2.508277346314189415e-01	1.600351580402903651e-01	2.507679296468594554e-01	1.554777833473686977e-01	7.387467639307955525e-02	3.049501575002009496e-02	7.852170219079991631e-02
1.185253702345544298e+03	2.501464905948006523e-01	1.595793185861849872e-01	2.512084935818991727e-01	1.557819087223221710e-01	7.399826360858274832e-02	3.057552555463102437e-02	7.870999935141628767e-02
1.190091472559199701e+03	2.494691852160594303e-01	1.591260396155119994e-01	2.516463844199300914e-01	1.560842887726501815e-01	7.412119021908444849e-02	3.065570047885788491e-02	7.889721127774300402e-02
1.194929242772855105e+03	2.487957955927775355e-01	1.586753067306696241e-01	2.520816200984798972e-01	1.563849332366127332e-01	7.424345975083121441e-02	3.073554093079358326e-02	7.908334365967237267e-02
1.199767012986510281e+03	2.481262989585138190e-01	1.582271056146877242e-01	2.525142184084957497e-01	1.566838517991516466e-01	7.436507570839792636e-02	3.081504733639140944e-02	7.926840217419868495e-02
1.204604783200165684e+03	2.474606726819499336e-01	1.577814220307782456e-01	2.529441969959482228e-01	1.569810540922090825e-01	7.448604157492161315e-02	3.089422013905852860e-02	7.945239248497132367e-02
1.209442553413820860e+03	2.467988942660426788e-01	1.573382418218886303e-01	2.533715733634122058e-01	1.572765496950431774e-01	7.460636081233044947e-02	3.097305979925695646e-02	7.963532024186284475e-02
1.214280323627476264e+03	2.461409413471823959e-01	1.568975509102573385e-01	2.537963648716251575e-01	1.575703481345406554e-01	7.472603686156806257e-02	3.105156679411195247e-02	7.981719108055136680e-02
1.219118093841131440e+03	2.454867916943573591e-01	1.564593352969721740e-01	2.542185887410227108e-01	1.578624588855266353e-01	7.484507314281325929e-02	3.112974161702759812e-02	7.999801062211718550e-02
1.223955864054786844e+03	2.448364232083242997e-01	1.560235810615310248e-01	2.546382620532521290e-01	1.581528913710714412e-01	7.496347305569535380e-02	3.120758477730951191e-02	8.017778447265309916e-02
1.228793634268442020e+03	2.441898139207846208e-01	1.555902743614051564e-01	2.550554017526646122e-01	1.584416549627946647e-01	7.508123997950508222e-02	3.128509679979449981e-02	8.035651822288815416e-02
1.233631404482097196e+03	2.435469419935665514e-01	1.551594014316049763e-01	2.554700246477856762e-01	1.587287589811665345e-01	7.519837727340142330e-02	3.136227822448705432e-02	8.053421744782453262e-02
1.238469174695752372e+03	2.429077857178131294e-01	1.547309485842482402e-01	2.558821474127651041e-01	1.590142126958064006e-01	7.531488827661415864e-02	3.143912960620254271e-02	8.071088770638715215e-02
1.243306944909407548e+03	2.422723235131759301e-01	1.543049022081306731e-01	2.562917865888059699e-01	1.592980253257788303e-01	7.543077630864254701e-02	3.151565151421698713e-02	8.088653454108582497e-02
1.248144715123063179e+03	2.416405339270144836e-01	1.538812487682990338e-01	2.566989585855736222e-01	1.595802060398867628e-01	7.554604466945005758e-02	3.159184453192327713e-02	8.106116347768951846e-02
1.252982485336718355e+03	2.410123956336012174e-01	1.534599748056267865e-01	2.571036796825848514e-01	1.598607639569623873e-01	7.566069663965530046e-02	3.166770925649374513e-02	8.123478002491246741e-02
1.257820255550373531e+03	2.403878874333323090e-01	1.530410669363917453e-01	2.575059660305774045e-01	1.601397081461552463e-01	7.577473548071918252e-02	3.174324629854893137e-02	8.140738967411188798e-02
1.262658025764028707e+03	2.397669882519437023e-01	1.526245118518566313e-01	2.579058336528602391e-01	1.604170476272180346e-01	7.588816443512859389e-02	3.181845628183245511e-02	8.157899789899702991e-02
1.267495795977684338e+03	2.391496771397328414e-01	1.522102963178516011e-01	2.583032984466448467e-01	1.606927913707898725e-01	7.600098672657647214e-02	3.189333984289186713e-02	8.174961015534908115e-02
1.272333566191339514e+03	2.385359332707858437e-01	1.517984071743592456e-01	2.586983761843585361e-01	1.609669482986771927e-01	7.611320556013841110e-02	3.196789763076539337e-02	8.191923188075199425e-02
1.277171336404994690e+03	2.379257359422100315e-01	1.513888313351019477e-01	2.590910825149383423e-01	1.612395272841322114e-01	7.622482412244604988e-02	3.204213030667441703e-02	8.208786849433361010e-02
1.282009106618650094e+03	2.373190645733717075e-01	1.509815557871316549e-01	2.594814329651083384e-01	1.615105371521291522e-01	7.633584558185704805e-02	3.211603854372164363e-02	8.225552539651707906e-02
1.286846876832305497e+03	2.367158987051394270e-01	1.505765675904217060e-01	2.598694429406382400e-01	1.617799866796381936e-01	7.644627308862203541e-02	3.218962302659477553e-02	8.242220796878224620e-02
1.291684647045960673e+03	2.361162179991324606e-01	1.501738538774612108e-01	2.602551277275853003e-01	1.620478845958970571e-01	7.655610977504832826e-02	3.226288445127570986e-02	8.258792157343664009e-02
1.296522417259616077e+03	2.355200022369743629e-01	1.497734018528515676e-01	2.606385024935185535e-01	1.623142395826804862e-01	7.666535875566073133e-02	3.233582352475502381e-02	8.275267155339602332e-02
1.301360187473271253e+03	2.349272313195518158e-01	1.493751987929052005e-01	2.610195822887269590e-01	1.625790602745675884e-01	7.677402312735936984e-02	3.240844096475171271e-02	8.291646323197410240e-02
1.306197957686926657e+03	2.343378852662785783e-01	1.489792320452468510e-01	2.613983820474106157e-01	1.628423552592068169e-01	7.688210596957457954e-02	3.248073749943813232e-02	8.307930191268123044e-02
1.311035727900581833e+03	2.337519442143643766e-01	1.485854890284165619e-01	2.617749165888557661e-01	1.631041330775791220e-01	7.698961034441910434e-02	3.255271386716993010e-02	8.324119287903188058e-02
1.315873498114237009e+03	2.331693884180891796e-01	1.481939572314755482e-01	2.621492006185940360e-01	1.633644022242588811e-01	7.709653929683749074e-02	3.262437081622100721e-02	8.340214139436064045e-02
1.320711268327892412e+03	2.325901982480820251e-01	1.478046242136135391e-01	2.625212487295457420e-01	1.636231711476726913e-01	7.720289585475291483e-02	3.269570910452331697e-02	8.356215270164650544e-02
1.325549038541547588e+03	2.320143541906049545e-01	1.474174776037589507e-01	2.628910754031483221e-01	1.638804482503564697e-01	7.730868302921127533e-02	3.276672949941147189e-02	8.372123202334535996e-02
1.330386808755202765e+03	2.314418368468420251e-01	1.470325051001910022e-01	2.632586950104684465e-01	1.641362418892101938e-01	7.741390381452289970e-02	3.283743277737201371e-02	8.387938456123021636e-02
1.335224578968857941e+03	2.308726269321930702e-01	1.466496944701537741e-01	2.636241218133006936e-01	1.643905603757509770e-01	7.751856118840168286e-02	3.290781972379734632e-02	8.403661549623930860e-02
1.340062349182513572e+03	2.303067052755719823e-01	1.462690335494728211e-01	2.639873699652504069e-01	1.646434119763640902e-01	7.762265811210188049e-02	3.297789113274415818e-02	8.419292998833152741e-02
1.344900119396168748e+03	2.297440528187103537e-01	1.458905102421736710e-01	2.643484535128025059e-01	1.648948049125521509e-01	7.772619753055254321e-02	3.304764780669631336e-02	8.434833317634925220e-02
1.349737889609823924e+03	2.291846506154653351e-01	1.455141125201024621e-01	2.647073863963765317e-01	1.651447473611823702e-01	7.782918237248966087e-02	3.311709055633209331e-02	8.450283017788830231e-02
1.354575659823479100e+03	2.286284798311324640e-01	1.451398284225487723e-01	2.650641824513668698e-01	1.653932474547321341e-01	7.793161555058605861e-02	3.318622020029571296e-02	8.465642608917474388e-02
1.359413430037134731e+03	2.280755217417631542e-01	1.447676460558705025e-01	2.654188554091697072e-01	1.656403132815326140e-01	7.803349996157911417e-02	3.325503756497310420e-02	8.480912598494851073e-02
