4.063726979470438323e+02	4.311891414103171116e-01	2.788393103970880360e-01	1.266742884373409928e-01	7.572623195531072438e-02	4.180200033702468482e-02	1.438790503853203118e-02	3.138112242421774167e-02
4.112104681606991221e+02	4.294572164178181439e-01	2.777152723557994030e-01	1.279628690796265900e-01	7.648413291588920804e-02	4.211971279857235073e-02	1.448345771187456964e-02	3.177733872025103462e-02
4.160482383743544119e+02	4.277355127727071049e-01	2.765975544803886965e-01	1.292415366295956436e-01	7.723768055114324516e-02	4.243495613339546418e-02	1.457981300502105351e-02	3.217294642758004863e-02
4.208860085880095880e+02	4.260239668572458061e-01	2.754861210794799509e-01	1.305103899686810842e-01	7.798690221413433210e-02	4.274776887485817745e-02	1.467694167650586932e-02	3.256790932892603824e-02
4.257237788016648778e+02	4.243225155114089264e-01	2.743809366737182676e-01	1.317695268031774947e-01	7.873182501135857214e-02	4.305818852222566967e-02	1.477481519060474396e-02	3.296219228733773127e-02
4.305615490153201677e+02	4.226310960284988538e-01	2.732819659940474710e-01	1.330190436753730943e-01	7.947247580651327359e-02	4.336625157372267503e-02	1.487340569956243329e-02	3.335576122211360295e-02
4.353993192289755143e+02	4.209496461508193677e-01	2.721891739800185173e-01	1.342590359748156437e-01	8.020888122418982913e-02	4.367199355847595221e-02	1.497268602631727195e-02	3.374858308519481515e-02
4.402370894426308041e+02	4.192781040654063873e-01	2.711025257781267128e-01	1.354895979496963665e-01	8.094106765349415311e-02	4.397544906737931719e-02	1.507262964770737443e-02	3.414062583802111167e-02
4.450748596562860939e+02	4.176164083998152310e-01	2.700219867401782992e-01	1.367108227183372049e-01	8.166906125159612007e-02	4.427665178291889658e-02	1.517321067814373509e-02	3.453185842884204382e-02
4.499126298699413837e+02	4.159644982179632189e-01	2.689475224216842930e-01	1.379228022807679199e-01	8.239288794720957265e-02	4.457563450799444105e-02	1.527440385373596450e-02	3.492225077047609455e-02
4.547504000835967304e+02	4.143223130160274548e-01	2.678790985802820268e-01	1.391256275303794365e-01	8.311257344400399538e-02	4.487242919377174011e-02	1.537618451685688649e-02	3.531177371850997143e-02
4.595881702972519065e+02	4.126897927183961201e-01	2.668166811741818911e-01	1.403193882656412483e-01	8.382814322394924189e-02	4.516706696659952142e-02	1.547852860113264374e-02	3.570039904993092816e-02
4.644259405109071963e+02	4.110668776736723928e-01	2.657602363606400564e-01	1.415041732018709753e-01	8.453962255059478681e-02	4.545957815402335706e-02	1.558141261684541264e-02	3.608809944218461380e-02
4.692637107245624861e+02	4.094535086507312682e-01	2.647097304944555085e-01	1.426800699830448882e-01	8.524703647228470960e-02	4.574999230992777416e-02	1.568481363673623549e-02	3.647484845265120540e-02
4.741014809382177759e+02	4.078496268348270060e-01	2.636651301264910097e-01	1.438471651936387152e-01	8.595040982530953444e-02	4.603833823883671239e-02	1.578870928219588618e-02	3.686062049853275346e-02
4.789392511518730657e+02	4.062551738237510923e-01	2.626264020022172629e-01	1.450055443704888758e-01	8.664976723699631400e-02	4.632464401940140919e-02	1.589307770983209092e-02	3.724539083714455828e-02
4.837770213655284124e+02	4.046700916240402734e-01	2.615935130602792813e-01	1.461552920146645951e-01	8.734513312873828927e-02	4.660893702710379449e-02	1.599789759840177308e-02	3.762913554660356208e-02
4.886147915791837022e+02	4.030943226472331054e-01	2.605664304310847390e-01	1.472964916033419613e-01	8.803653171896504148e-02	4.689124395620240804e-02	1.610314813609739840e-02	3.801183150690690821e-02
4.934525617928388783e+02	4.015278097061746321e-01	2.595451214354134728e-01	1.484292256016714051e-01	8.872398702605452381e-02	4.717159084094695726e-02	1.620880900817681450e-02	3.839345638139375627e-02
4.982903320064942250e+02	3.999704960113682484e-01	2.585295535830475777e-01	1.495535754746308565e-01	8.940752287118813868e-02	4.745000307608678025e-02	1.631486038492633434e-02	3.877398859858355307e-02
5.031281022201495148e+02	3.984223251673747468e-01	2.575196945714212093e-01	1.506696216988568648e-01	9.008716288114990145e-02	4.772650543669739592e-02	1.642128290994713039e-02	3.915340733438422982e-02
5.079658724338048046e+02	3.968832411692562734e-01	2.565155122842900925e-01	1.517774437744467408e-01	9.076293049107084232e-02	4.800112209734863633e-02	1.652805768875536402e-02	3.953169249466358115e-02
5.128036426474600376e+02	3.953531883990659690e-01	2.555169747904196820e-01	1.528771202367248949e-01	9.143484894711975675e-02	4.827387665063705147e-02	1.663516627768672068e-02	3.990882469817740030e-02
5.176414128611153274e+02	3.938321116223822971e-01	2.545240503422913081e-01	1.539687286679676803e-01	9.210294130914151167e-02	4.854479212510431907e-02	1.674259067309637541e-02	4.028478525984794528e-02
5.224791830747705035e+02	3.923199559848860041e-01	2.535367073748270306e-01	1.550523457090799417e-01	9.276723045324367090e-02	4.881389100256273289e-02	1.685031330084567000e-02	4.065955617438636593e-02
5.273169532884259070e+02	3.908166670089809891e-01	2.525549145041306454e-01	1.561280470712188284e-01	9.342773907433277181e-02	4.908119523484813507e-02	1.695831700606706058e-02	4.103312010025291640e-02
5.321547235020811968e+02	3.893221905904571956e-01	2.515786405262463443e-01	1.571959075473588208e-01	9.408448968860118333e-02	4.934672626001986723e-02	1.706658504319917211e-02	4.140546034394868014e-02
5.369924937157364866e+02	3.878364729951950807e-01	2.506078544159333621e-01	1.582560010237938630e-01	9.473750463596540550e-02	4.961050501802664187e-02	1.717510106628406322e-02	4.177656084463287484e-02
5.418302639293917764e+02	3.863594608559108301e-01	2.496425253254564436e-01	1.593084004915716057e-01	9.538680608245711512e-02	4.987255196585665268e-02	1.728384911951902705e-02	4.214640615905961701e-02
5.466680341430470662e+02	3.848911011689424844e-01	2.486826225833921045e-01	1.603531780578558441e-01	9.603241602256754050e-02	5.013288709218943068e-02	1.739281362805554509e-02	4.251498144682832464e-02
5.515058043567023560e+02	3.834313412910752006e-01	2.477281156934496298e-01	1.613904049572133237e-01	9.667435628154646965e-02	5.039152993156659210e-02	1.750197938903817405e-02	4.288227245594192216e-02
5.563435745703576458e+02	3.819801289364057051e-01	2.467789743333070329e-01	1.624201515628208303e-01	9.731264851765651647e-02	5.064849957809773595e-02	1.761133156287644427e-02	4.324826550866708863e-02
5.611813447840129356e+02	3.805374121732454373e-01	2.458351683534609478e-01	1.634424873975897363e-01	9.794731422438386625e-02	5.090381469871740894e-02	1.772085566474301127e-02	4.361294748769095619e-02
5.660191149976681118e+02	3.791031394210611638e-01	2.448966677760907040e-01	1.644574811452047258e-01	9.857837473260608330e-02	5.115749354600842430e-02	1.783053755629156190e-02	4.397630582256866622e-02
5.708568852113234016e+02	3.776772594474531175e-01	2.439634427939357531e-01	1.654652006610736192e-01	9.920585121271818796e-02	5.140955397060620324e-02	1.794036343758814017e-02	4.433832847645627351e-02
5.756946554249786914e+02	3.762597213651696637e-01	2.430354637691864716e-01	1.664657129831858262e-01	9.982976467671748899e-02	5.166001343319842620e-02	1.805031983924976560e-02	4.469900393312369047e-02
5.805324256386339812e+02	3.748504746291578815e-01	2.421127012323875116e-01	1.674590843428770404e-01	1.004501359802484339e-01	5.190888901613373296e-02	1.816039361478443900e-02	4.505832118424225874e-02
5.853701958522892710e+02	3.734494690336501721e-01	2.411951258813540000e-01	1.684453801754978719e-01	1.010669858246079772e-01	5.215619743465269020e-02	1.827057193312676617e-02	4.541626971694184139e-02
5.902079660659445608e+02	3.720566547092850618e-01	2.402827085800998130e-01	1.694246651309843921e-01	1.016803347587124234e-01	5.240195504775382873e-02	1.838084227136363782e-02	4.577283950163216208e-02
5.950457362795999643e+02	3.706719821202630882e-01	2.393754203577776740e-01	1.703970030843287298e-01	1.022902031810265927e-01	5.264617786870715022e-02	1.849119240764457092e-02	4.612802098008346452e-02
5.998835064932552541e+02	3.692954020615363264e-01	2.384732324076310750e-01	1.713624571459481660e-01	1.028966113414559319e-01	5.288888157522692035e-02	1.860161041427151746e-02	4.648180505376132976e-02
6.047212767069104302e+02	3.679268656560310546e-01	2.375761160859573007e-01	1.723210896719511165e-01	1.034995793432025440e-01	5.313008151931532252e-02	1.871208465096301302e-02	4.683418307241099532e-02
6.095590469205657200e+02	3.665663243519034498e-01	2.366840429110815824e-01	1.732729622742986142e-01	1.040991271445856903e-01	5.336979273678812280e-02	1.882260375828780086e-02	4.718514682288611067e-02
6.143968171342210098e+02	3.652137299198276454e-01	2.357969845623422434e-01	1.742181358308603767e-01	1.046952745608276392e-01	5.360802995649290720e-02	1.893315665126317840e-02	4.753468851821736341e-02
6.192345873478761860e+02	3.638690344503154872e-01	2.349149128790861685e-01	1.751566704953640974e-01	1.052880412658056125e-01	5.384480760923041065e-02	1.904373251311341358e-02	4.788280078691621588e-02
6.240723575615315895e+02	3.625321903510674848e-01	2.340377998596745168e-01	1.760886257072371841e-01	1.058774467937703134e-01	5.408013983638885330e-02	1.915432078918380757e-02	4.822947666250919363e-02
6.289101277751868793e+02	3.612031503443551284e-01	2.331656176604987862e-01	1.770140602013403064e-01	1.064635105410320914e-01	5.431404049830085290e-02	1.926491118100601835e-02	4.857470957329821509e-02
6.337478979888421691e+02	3.598818674644326809e-01	2.322983385950063151e-01	1.779330320175918911e-01	1.070462517676150221e-01	5.454652318233237790e-02	1.937549364051050632e-02	4.891849333234257746e-02
6.385856682024975726e+02	3.585682950549797243e-01	2.314359351327358039e-01	1.788455985104831503e-01	1.076256895988800255e-01	5.477760121071265087e-02	1.948605836438199040e-02	4.926082212765812290e-02
6.434234384161527487e+02	3.572623867665725150e-01	2.305783798983618016e-01	1.797518163584830575e-01	1.082018430271171616e-01	5.500728764811355781e-02	1.959659578855394227e-02	4.960169051262942191e-02
6.482612086298080385e+02	3.559640965541847613e-01	2.297256456707487404e-01	1.806517415733334686e-01	1.087747309131082279e-01	5.523559530898722314e-02	1.970709658283834043e-02	4.994109339663069247e-02
6.530989788434633283e+02	3.546733786747167105e-01	2.288777053820137408e-01	1.815454295092331360e-01	1.093443719876600051e-01	5.546253676466952887e-02	1.981755164568693717e-02	5.027902603585135410e-02
6.579367490571185044e+02	3.533901876845523260e-01	2.280345321165981876e-01	1.824329348719118393e-01	1.099107848531088449e-01	5.568812435025764090e-02	1.992795209908045789e-02	5.061548402432211602e-02
6.627745192707737942e+02	3.521144784371441072e-01	2.271960991103481042e-01	1.833143117275933542e-01	1.104739879847971423e-01	5.591237017126889086e-02	2.003828928354220440e-02	5.095046328513763018e-02
6.676122894844290840e+02	3.508462060806252780e-01	2.263623797496026324e-01	1.841896135118481215e-01	1.110339997325224676e-01	5.613528611008843788e-02	2.014855475327271411e-02	5.128396006187176809e-02
6.724500596980843738e+02	3.495853260554487862e-01	2.255333475702910040e-01	1.850588930383353092e-01	1.115908383219597622e-01	5.635688383221264253e-02	2.025874027140214112e-02	5.161597091018171185e-02
6.772878299117396637e+02	3.483317940920527267e-01	2.247089762570375904e-01	1.859222025074346307e-01	1.121445218560572082e-01	5.657717479229499441e-02	2.036883780535726080e-02	5.194649268959695282e-02
6.821256001253949535e+02	3.470855662085516324e-01	2.238892396422745568e-01	1.867795935147683051e-01	1.126950683164063272e-01	5.679617024000115089e-02	2.047883952233986449e-02	5.227552255548962440e-02
6.869633703390502433e+02	3.458465987084534121e-01	2.230741117053626210e-01	1.876311170596129951e-01	1.132424955645869175e-01	5.701388122567935257e-02	2.058873778491367504e-02	5.260305795122242195e-02
6.918011405527055331e+02	3.446148481784020445e-01	2.222635665717192233e-01	1.884768235532029435e-01	1.137868213434873599e-01	5.723031860585243991e-02	2.069852514669680288e-02	5.292909660047056403e-02
6.966389107663608229e+02	3.433902714859444205e-01	2.214575785119541340e-01	1.893167628269237790e-01	1.143280632786006362e-01	5.744549304853727861e-02	2.080819434815692551e-02	5.325363649971420754e-02
7.014766809800161127e+02	3.421728257773220538e-01	2.206561219410123620e-01	1.901509841403983270e-01	1.148662388792968808e-01	5.765941503839734639e-02	2.091773831250645990e-02	5.357667591089796538e-02
7.063144511936714025e+02	3.409624684752868284e-01	2.198591714173242784e-01	1.909795361894645049e-01	1.154013655400726868e-01	5.787209488173396255e-02	2.102715014169505292e-02	5.389821335425400844e-02
7.111522214073266923e+02	3.397591572769407819e-01	2.190667016419627355e-01	1.918024671140461102e-01	1.159334605417777775e-01	5.808354271132151747e-02	2.113642311249683617e-02	5.421824760128551857e-02
7.159899916209819821e+02	3.385628501515988154e-01	2.182786874578070413e-01	1.926198245059169700e-01	1.164625410528196542e-01	5.829376849109178804e-02	2.124555067268988490e-02	5.453677766790714782e-02
7.208277618346371582e+02	3.373735053386746063e-01	2.174951038487137611e-01	1.934316554163593438e-01	1.169886241303463720e-01	5.850278202067236977e-02	2.135452643732548700e-02	5.485380280773931999e-02
7.256655320482924481e+02	3.361910813455898372e-01	2.167159259386940706e-01	1.942380063637171583e-01	1.175117267214082356e-01	5.871059293978391630e-02	2.146334418508488717e-02	5.516932250555316858e-02
7.305033022619478515e+02	3.350155369457049059e-01	2.159411289910977139e-01	1.950389233408447998e-01	1.180318656640986924e-01	5.891721073250096030e-02	2.157199785472112621e-02	5.548333647086307191e-02
7.353410724756030277e+02	3.338468311762722851e-01	2.151706884078033177e-01	1.958344518224525987e-01	1.185490576886748665e-01	5.912264473138065246e-02	2.168048154158381396e-02	5.579584463166372549e-02
7.401788426892584312e+02	3.326849233364114755e-01	2.144045797284150900e-01	1.966246367723492039e-01	1.190633194186582200e-01	5.932690412146381792e-02	2.178878949422467098e-02	5.610684712830875387e-02
7.450166129029136073e+02	3.315297729851053310e-01	2.136427786294655407e-01	1.974095226505823975e-01	1.195746673719158271e-01	5.952999794415248652e-02	2.189691611108172953e-02	5.641634430752791307e-02
7.498543831165690108e+02	3.303813399392175887e-01	2.128852609236244198e-01	1.981891534204785199e-01	1.200831179617225103e-01	5.973193510096795611e-02	2.200485593724011563e-02	5.672433671658012183e-02
7.546921533302243006e+02	3.292395842715308829e-01	2.121320025589135960e-01	1.989635725555823076e-01	1.205886874978043394e-01	5.993272435719317753e-02	2.211260366126751101e-02	5.703082509753937962e-02
7.595299235438793630e+02	3.281044663088058533e-01	2.113829796179278464e-01	1.997328230464969767e-01	1.210913921873639221e-01	6.013237434540341653e-02	2.222015411212228952e-02	5.733581038171088606e-02
7.643676937575347665e+02	3.269759466298597372e-01	2.106381683170613639e-01	2.004969474076264135e-01	1.215912481360878761e-01	6.033089356888861332e-02	2.232750225613252398e-02	5.763929368417461396e-02
7.692054639711900563e+02	3.258539860636655017e-01	2.098975450057399827e-01	2.012559876838199424e-01	1.220882713491367871e-01	6.052829040497118701e-02	2.243464319404401761e-02	5.794127629845369915e-02
7.740432341848452324e+02	3.247385456874701259e-01	2.091610861656590381e-01	2.020099854569208098e-01	1.225824777321181114e-01	6.072457310822242105e-02	2.254157215813557338e-02	5.824175969130501729e-02
7.788810043985006359e+02	3.236295868249324803e-01	2.084287684100267768e-01	2.027589818522193832e-01	1.230738830920422439e-01	6.091974981358095481e-02	2.264828450939984292e-02	5.854074549762942892e-02
7.837187746121558121e+02	3.225270710442801336e-01	2.077005684828130694e-01	2.035030175448118983e-01	1.235625031382624056e-01	6.111382853937639276e-02	2.275477573478806512e-02	5.883823551549913211e-02
7.885565448258112156e+02	3.214309601564851460e-01	2.069764632580035346e-01	2.042421327658661134e-01	1.240483534833983492e-01	6.130681719026116749e-02	2.286104144451704331e-02	5.913423170129971512e-02
7.933943150394665054e+02	3.203412162134580132e-01	2.062564297388591039e-01	2.049763673087945381e-01	1.245314496442445074e-01	6.149872356005357810e-02	2.296707736943684464e-02	5.942873616498444561e-02
7.982320852531219089e+02	3.192578015062603192e-01	2.055404450571804431e-01	2.057057605353364849e-01	1.250118070426627370e-01	6.168955533449493878e-02	2.307287935845765345e-02	5.972175116543846501e-02
8.030698554667769713e+02	3.181806785633348733e-01	2.048284864725777310e-01	2.064303513815499147e-01	1.254894410064600618e-01	6.187932009392349553e-02	2.317844337603431823e-02	6.001327910595057741e-02
8.079076256804323748e+02	3.171098101487543897e-01	2.041205313717455172e-01	2.071501783637140770e-01	1.259643667702516900e-01	6.206802531586787935e-02	2.328376549970713819e-02	6.030332252979030139e-02
8.127453958940876646e+02	3.160451592604864857e-01	2.034165572677423262e-01	2.078652795841441914e-01	1.264365994763098355e-01	6.225567837756262185e-02	2.338884191769747753e-02	6.059188411588802697e-02
8.175831661077428407e+02	3.149866891286770554e-01	2.027165417992753682e-01	2.085756927369190883e-01	1.269061541753983557e-01	6.244228655838827968e-02	2.349366892655686129e-02	6.087896667461605016e-02
8.224209363213982442e+02	3.139343632139500184e-01	2.020204627299899691e-01	2.092814551135225853e-01	1.273730458275934285e-01	6.262785704223854111e-02	2.359824292886819261e-02	6.116457314366831322e-02
8.272587065350534203e+02	3.128881452057241663e-01	2.013282979477639401e-01	2.099826036084004310e-01	1.278372893030911561e-01	6.281239691981664597e-02	2.370256043099787727e-02	6.144870658403685237e-02
8.320964767487085965e+02	3.118479990205462182e-01	2.006400254640064162e-01	2.106791747244330382e-01	1.282988993830017632e-01	6.299591319086342289e-02	2.380661804089750228e-02	6.173137017608276017e-02
8.369342469623640000e+02	3.108138888004404743e-01	1.999556234129614973e-01	2.113712045783255611e-01	1.287578907601308886e-01	6.317841276631908087e-02	2.391041246595392022e-02	6.201256721569974040e-02
8.417720171760191761e+02	3.097857789112742899e-01	1.992750700510164952e-01	2.120587289059163716e-01	1.292142780397483315e-01	6.335990247042090628e-02	2.401394051088651810e-02	6.229230111056823643e-02
8.466097873896745796e+02	3.087636339411398700e-01	1.985983437560146503e-01	2.127417830674045718e-01	1.296680757403445294e-01	6.354038904273881516e-02	2.411719907569055688e-02	6.257057537649821088e-02
8.514475576033297557e+02	3.077474186987511073e-01	1.979254230265722614e-01	2.134204020524983203e-01	1.301192982943746301e-01	6.371987914015085630e-02	2.422018515362539190e-02	6.284739363385864752e-02
8.562853278169851592e+02	3.067370982118563516e-01	1.972562864814004224e-01	2.140946204854843327e-01	1.305679600489912384e-01	6.389837933876045539e-02	2.432289582924656440e-02	6.312275960409195752e-02
8.611230980306403353e+02	3.057326377256660010e-01	1.965909128586308674e-01	2.147644726302200269e-01	1.310140752667650621e-01	6.407589613575735699e-02	2.442532827648062621e-02	6.339667710631137487e-02
8.659608682442956251e+02	3.047340027012955810e-01	1.959292810151464781e-01	2.154299923950492857e-01	1.314576581263946498e-01	6.425243595122394347e-02	2.452747975674172271e-02	6.366915005397968952e-02
8.707986384579510286e+02	3.037411588142231444e-01	1.952713699259156777e-01	2.160912133376426680e-01	1.318987227234048043e-01	6.442800512988866579e-02	2.462934761708890710e-02	6.394018245166747938e-02
8.756364086716062047e+02	3.027540719527617163e-01	1.946171586833312928e-01	2.167481686697634580e-01	1.323372830708342829e-01	6.460260994282840397e-02	2.473092928842319724e-02	6.420977839188903025e-02
8.804741788852616082e+02	3.017727082165457819e-01	1.939666264965533848e-01	2.174008912619603828e-01	1.327733530999128386e-01	6.477625658912100626e-02	2.483222228372342424e-02	6.447794205201454187e-02
8.853119490989170117e+02	3.007970339150322636e-01	1.933197526908564667e-01	2.180494136481880008e-01	1.332069466607278818e-01	6.494895119745015821e-02	2.493322419631997452e-02	6.474467769125662187e-02
8.901497193125721878e+02	2.998270155660153757e-01	1.926765167069804940e-01	2.186937680303558951e-01	1.336380775228809270e-01	6.512069982766341414e-02	2.503393269820551256e-02	6.500998964772967958e-02
8.949874895262273640e+02	2.988626198941556900e-01	1.920368981004861031e-01	2.193339862828076470e-01	1.340667593761341592e-01	6.529150847228532006e-02	2.513434553838175128e-02	6.527388233558063801e-02
8.998252597398827675e+02	2.979038138295221350e-01	1.914008765411137625e-01	2.199700999567305304e-01	1.344930058310472576e-01	6.546138305798690493e-02	2.523446054124152058e-02	6.553636024218922884e-02
9.046630299535379436e+02	2.969505645061481514e-01	1.907684318121468381e-01	2.206021402844970669e-01	1.349168304196046719e-01	6.563032944701280291e-02	2.533427560498521802e-02	6.579742792543662178e-02
9.095008001671932334e+02	2.960028392606008918e-01	1.901395438097785162e-01	2.212301381839393288e-01	1.353382465958335723e-01	6.579835343856751950e-02	2.543378870007085429e-02	6.605709001104059785e-02
9.143385703808486369e+02	2.950606056305639102e-01	1.895141925424827789e-01	2.218541242625569898e-01	1.357572677364127234e-01	6.596546077016191001e-02	2.553299786769691951e-02	6.631535118995607325e-02
9.191763405945038130e+02	2.941238313534319526e-01	1.888923581303889321e-01	2.224741288216601776e-01	1.361739071412723101e-01	6.613165711892124432e-02	2.563190121831730728e-02	6.657221621583937765e-02
9.240141108081592165e+02	2.931924843649194035e-01	1.882740208046602137e-01	2.230901818604479336e-01	1.365881780341851592e-01	6.629694810285607920e-02	2.573049693018750542e-02	6.682768990257499653e-02
9.288518810218145063e+02	2.922665327976812222e-01	1.876591609068757327e-01	2.237023130800235016e-01	1.370000935633493011e-01	6.646133928209689568e-02	2.582878324794137676e-02	6.708177712186326469e-02
9.336896512354697961e+02	2.913459449799458145e-01	1.870477588884166820e-01	2.243105518873470539e-01	1.374096668019622325e-01	6.662483616009384768e-02	2.592675848119779455e-02	6.733448280086785920e-02
9.385274214491247449e+02	2.904306894341608936e-01	1.864397953098556882e-01	2.249149273991271902e-01	1.378169107487868805e-01	6.678744418478260725e-02	2.602442100319644902e-02	6.758581191992160675e-02
9.433651916627801484e+02	2.895207348756508314e-01	1.858352508403501302e-01	2.255154684456518177e-01	1.382218383287096564e-01	6.694916874971730547e-02	2.612176924946215187e-02	6.783576951028939817e-02
9.482029618764355519e+02	2.886160502112868897e-01	1.852341062570388996e-01	2.261122035745593284e-01	1.386244623932905429e-01	6.711001519517166558e-02	2.621880171649697278e-02	6.808436065198697484e-02
9.530407320900908417e+02	2.877166045381682746e-01	1.846363424444427692e-01	2.267051610545514351e-01	1.390247957213056884e-01	6.726998880920927182e-02	2.631551696049959366e-02	6.833159047165428268e-02
9.578785023037459041e+02	2.868223671423155152e-01	1.840419403938682863e-01	2.272943688790479977e-01	1.394228510192820902e-01	6.742909482872384841e-02	2.641191359611123196e-02	6.857746414048222772e-02
9.627162725174014213e+02	2.859333074973754441e-01	1.834508812028153579e-01	2.278798547697850896e-01	1.398186409220253945e-01	6.758733844045072825e-02	2.650799029518754665e-02	6.882198687219162614e-02
9.675540427310568248e+02	2.850493952633371131e-01	1.828631460743880000e-01	2.284616461803569420e-01	1.402121779931400636e-01	6.774472478194998315e-02	2.660374578559591974e-02	6.906516392106319679e-02
9.723918129447120009e+02	2.841706002852594226e-01	1.822787163167086943e-01	2.290397702997028495e-01	1.406034747255427708e-01	6.790125894256247852e-02	2.669917885003755820e-02	6.930700058001748598e-02
9.772295831583674044e+02	2.832968925920095193e-01	1.816975733423361050e-01	2.296142540555401457e-01	1.409925435419686623e-01	6.805694596433940757e-02	2.679428832489384044e-02	6.954750217874364204e-02
9.820673533720223531e+02	2.824282423950125742e-01	1.811196986676863185e-01	2.301851241177430563e-01	1.413793967954709851e-01	6.821179084294631823e-02	2.688907309909635904e-02	6.978667408187574916e-02
9.869051235856777566e+02	2.815646200870120519e-01	1.805450739124572213e-01	2.307524069016698154e-01	1.417640467699140538e-01	6.836579852854217376e-02	2.698353211302012902e-02	7.002452168721597092e-02
9.917428937993331601e+02	2.807059962408408049e-01	1.799736807990564291e-01	2.313161285714374071e-01	1.421465056804597227e-01	6.851897392663446051e-02	2.707766435739946201e-02	7.026105042400319911e-02
9.965806640129884499e+02	2.798523416082027704e-01	1.794055011520322429e-01	2.318763150431458475e-01	1.425267856740474737e-01	6.867132189891088367e-02	2.717146887226596502e-02	7.049626575122630578e-02
1.001418434226643626e+03	2.790036271184652694e-01	1.788405168975081838e-01	2.324329919880521178e-01	1.429048988298683154e-01	6.882284726404842845e-02	2.726494474590820255e-02	7.073017315598102706e-02
1.006256204440298802e+03	2.781598238774612430e-01	1.782787100626205545e-01	2.329861848356948872e-01	1.432808571598325198e-01	6.897355479850052207e-02	2.735809111385249098e-02	7.096277815186934068e-02
1.011093974653954206e+03	2.773209031663021462e-01	1.777200627749592199e-01	2.335359187769707745e-01	1.436546726090315862e-01	6.912344923726282397e-02	2.745090715786445423e-02	7.119408627744057416e-02
1.015931744867609382e+03	2.764868364402005563e-01	1.771645572620117459e-01	2.340822187671627863e-01	1.440263570561940987e-01	6.927253527461842142e-02	2.754339210497076459e-02	7.142410309467320251e-02
1.020769515081264785e+03	2.756575953273030510e-01	1.766121758506105366e-01	2.346251095289219879e-01	1.443959223141359216e-01	6.942081756486301325e-02	2.763554522650068374e-02	7.165283418749640587e-02
1.025607285294920075e+03	2.748331516275325237e-01	1.760629009663832456e-01	2.351646155552027107e-01	1.447633801302050383e-01	6.956830072301062318e-02	2.772736583714699096e-02	7.188028516035052662e-02
1.030445055508575479e+03	2.740134773114406563e-01	1.755167151332061859e-01	2.357007611121525459e-01	1.451287421867204774e-01	6.971498932548045313e-02	2.781885329404580956e-02	7.210646163678555154e-02
1.035282825722230655e+03	2.731985445190697193e-01	1.749736009726608754e-01	2.362335702419575967e-01	1.454920201014062164e-01	6.986088791076559834e-02	2.791000699587498426e-02	7.233136925809673101e-02
1.040120595935886058e+03	2.723883255588239738e-01	1.744335412034937471e-01	2.367630667656435706e-01	1.458532254278196438e-01	7.000600098008383232e-02	2.800082638197054496e-02	7.255501368199644696e-02
1.044958366149541234e+03	2.715827929063504564e-01	1.738965186410787456e-01	2.372892742858337956e-01	1.462123696557749153e-01	7.015033299801132216e-02	2.809131093146090968e-02	7.277740058132164958e-02
1.049796136363196410e+03	2.707819192034289779e-01	1.733625161968830874e-01	2.378122161894646036e-01	1.465694642117612023e-01	7.029388839309964887e-02	2.818146016241841051e-02	7.299853564277587747e-02
1.054633906576851814e+03	2.699856772568712260e-01	1.728315168779359645e-01	2.383319156504589420e-01	1.469245204593560006e-01	7.043667155847660455e-02	2.827127363102778859e-02	7.321842456570526458e-02
1.059471676790506763e+03	2.691940400374292497e-01	1.723035037863002161e-01	2.388483956323586566e-01	1.472775496996336642e-01	7.057868685243125217e-02	2.836075093077126963e-02	7.343707306090749287e-02
1.064309447004162394e+03	2.684069806787123813e-01	1.717784601185469995e-01	2.393616788909164184e-01	1.476285631715690272e-01	7.071993859898385859e-02	2.844989169162990064e-02	7.365448684947326075e-02
1.069147217217817570e+03	2.676244724761134841e-01	1.712563691652333742e-01	2.398717879766475991e-01	1.479775720524365012e-01	7.086043108844089500e-02	2.853869557930075254e-02	7.387067166165925403e-02
1.073984987431472746e+03	2.668464888857437489e-01	1.707372143103827733e-01	2.403787452373433442e-01	1.483245874582046209e-01	7.100016857793572944e-02	2.862716229442966928e-02	7.408563323579202275e-02
1.078822757645127922e+03	2.660730035233759283e-01	1.702209790309685000e-01	2.408825728205448158e-01	1.486696204439259261e-01	7.113915529195541376e-02	2.871529157185924094e-02	7.429937731720202831e-02
1.083660527858783553e+03	2.653039901633967301e-01	1.697076468963999163e-01	2.413832926759796604e-01	1.490126820041226541e-01	7.127739542285400909e-02	2.880308317989166422e-02	7.451190965718722248e-02
1.088498298072438729e+03	2.645394227377669272e-01	1.691972015680117403e-01	2.418809265579611179e-01	1.493537830731680172e-01	7.141489313135261641e-02	2.889053691956617806e-02	7.472323601200531185e-02
1.093336068286093905e+03	2.637792753349901820e-01	1.686896267985557862e-01	2.423754960277506865e-01	1.496929345256633737e-01	7.155165254702681998e-02	2.897765262395075869e-02	7.493336214189431910e-02
1.098173838499749309e+03	2.630235221990904204e-01	1.681849064316960074e-01	2.428670224558844848e-01	1.500301471768111239e-01	7.168767776878175180e-02	2.906443015744776884e-02	7.514229381012041409e-02
1.103011608713404712e+03	2.622721377285967548e-01	1.676830244015058702e-01	2.433555270244645019e-01	1.503654317827836928e-01	7.182297286531506841e-02	2.915086941511330423e-02	7.535003678205280664e-02
1.107849378927059888e+03	2.615250964755369001e-01	1.671839647319690592e-01	2.438410307294146817e-01	1.506987990410884326e-01	7.195754187556832604e-02	2.923697032198988022e-02	7.555659682426472956e-02
1.112687149140715292e+03	2.607823731444386950e-01	1.666877115364822637e-01	2.443235543827028677e-01	1.510302595909287227e-01	7.209138880916714232e-02	2.932273283245224668e-02	7.576197970366010948e-02
1.117524919354370468e+03	2.600439425913389502e-01	1.661942490173613229e-01	2.448031186145292193e-01	1.513598240135612394e-01	7.222451764685015874e-02	2.940815692956601571e-02	7.596619118662514825e-02
1.122362689568025871e+03	2.593097798228008455e-01	1.657035614653497024e-01	2.452797438754811266e-01	1.516875028326494512e-01	7.235693234088758086e-02	2.949324262445884165e-02	7.616923703820453750e-02
1.127200459781681047e+03	2.585798599949384879e-01	1.652156332591299681e-01	2.457534504386559848e-01	1.520133065146133389e-01	7.248863681548915749e-02	2.957798995570390735e-02	7.637112302130127928e-02
1.132038229995336451e+03	2.578541584124493524e-01	1.647304488648376197e-01	2.462242584017516334e-01	1.523372454689757294e-01	7.261963496720226507e-02	2.966239898871541811e-02	7.657185489590005723e-02
1.136876000208991627e+03	2.571326505276544383e-01	1.642479928355779772e-01	2.466921876891253196e-01	1.526593300487051053e-01	7.274993066530016650e-02	2.974646981515593688e-02	7.677143841831321480e-02
1.141713770422646803e+03	2.564153119395453650e-01	1.637682498109453988e-01	2.471572580538217989e-01	1.529795705505545833e-01	7.287952775216077761e-02	2.983020255235521376e-02	7.696987934044904889e-02
1.146551540636302207e+03	2.557021183928395169e-01	1.632912045165453852e-01	2.476194890795709869e-01	1.532979772153980069e-01	7.300843004363624655e-02	2.991359734274034662e-02	7.716718340910172502e-02
1.151389310849957155e+03	2.549930457770421821e-01	1.628168417635190435e-01	2.480789001827555795e-01	1.536145602285623746e-01	7.313664132941356810e-02	2.999665435327700247e-02	7.736335636526243953e-02
1.156227081063612786e+03	2.542880701255160747e-01	1.623451464480705209e-01	2.485355106143493087e-01	1.539293297201569932e-01	7.326416537336656598e-02	3.007937377492149456e-02	7.755840394345131505e-02
1.161064851277267962e+03	2.535871676145575182e-01	1.618761035509965751e-01	2.489893394618261924e-01	1.542422957653996896e-01	7.339100591389938200e-02	3.016175582208347958e-02	7.775233187106939114e-02
1.165902621490923138e+03	2.528903145624806781e-01	1.614096981372192263e-01	2.494404056510414469e-01	1.545534683849395796e-01	7.351716666428184666e-02	3.024380073209904235e-02	7.794514586777043230e-02
1.170740391704578315e+03	2.521974874287077895e-01	1.609459153553206012e-01	2.498887279480842549e-01	1.548628575451769518e-01	7.364265131297678679e-02	3.032550876471401188e-02	7.813685164485192902e-02
1.175578161918233945e+03	2.515086628128670454e-01	1.604847404370803032e-01	2.503343249611031385e-01	1.551704731585799302e-01	7.376746352395965878e-02	3.040688020157721397e-02	7.832745490466500038e-02
1.180415932131889122e+03	2.508238174538970355e-01	1.600261586970157524e-01	2.507772151421042706e-01	1.554763250839984734e-01	7.389160693703068772e-02	3.048791534574354228e-02	7.851696134004250427e-02
1.185253702345544298e+03	2.501429282291581235e-01	1.595701555319244125e-01	2.512174167887231691e-01	1.557804231269750428e-01	7.401508516811972083e-02	3.056861452118660519e-02	7.870537663374520265e-02
1.190091472559199701e+03	2.494659721535503472e-01	1.591167164204290163e-01	2.516549480459702726e-01	1.560827770400526893e-01	7.413790180958385045e-02	3.064897807232074348e-02	7.889270645792532954e-02
1.194929242772855105e+03	2.487929263786382850e-01	1.586658269225250384e-01	2.520898269079507870e-01	1.563833965230803091e-01	7.426006043049836192e-02	3.072900636353227688e-02	7.907895647360722868e-02
1.199767012986510281e+03	2.481237681917821680e-01	1.582174726791306385e-01	2.525220712195591077e-01	1.566822912235150689e-01	7.438156457694082568e-02	3.080869977871973989e-02	7.926413233018474169e-02
1.204604783200165684e+03	2.474584750152757640e-01	1.577716394116392418e-01	2.529516986781489285e-01	1.569794707367220821e-01	7.450241777226870865e-02	3.088805872084296120e-02	7.944823966493466672e-02
1.209442553413820860e+03	2.467970244054906170e-01	1.573283129214743947e-01	2.533787268351780919e-01	1.572749446062714496e-01	7.462262351739075428e-02	3.096708361148081332e-02	7.963128410254628753e-02
1.214280323627476264e+03	2.461393940520266999e-01	1.568874790896468696e-01	2.538031730978302924e-01	1.575687223242327739e-01	7.474218529103208997e-02	3.104577489039741026e-02	7.981327125466630701e-02
1.219118093841131440e+03	2.454855617768693932e-01	1.564491238763146830e-01	2.542250547306124098e-01	1.578608133314670370e-01	7.486110654999345027e-02	3.112413301511665620e-02	7.999420671945881023e-02
1.223955864054786844e+03	2.448355055335527664e-01	1.560132333203451682e-01	2.546443888569290825e-01	1.581512270179158963e-01	7.497939072940452976e-02	3.120215846050491612e-02	8.017409608118011843e-02
1.228793634268442020e+03	2.441892034063289085e-01	1.555797935388792963e-01	2.550611924606343561e-01	1.584399727228885668e-01	7.509704124297177097e-02	3.127985171836168005e-02	8.035294490976788162e-02
1.233631404482097196e+03	2.435466336093435880e-01	1.551487907268986610e-01	2.554754823875609038e-01	1.587270597353462320e-01	7.521406148322064278e-02	3.135721329701805782e-02	8.053075876044434034e-02
1.238469174695752372e+03	2.429077744858178511e-01	1.547202111567947957e-01	2.558872753470270989e-01	1.590124972941841242e-01	7.533045482173249263e-02	3.143424372094293789e-02	8.070754317333317385e-02
1.243306944909407548e+03	2.422726045072357559e-01	1.542940411779406829e-01	2.562965879133221048e-01	1.592962945885111892e-01	7.544622460937633335e-02	3.151094353035668871e-02	8.088330367308972646e-02
1.248144715123063179e+03	2.416411022725379054e-01	1.538702672162645946e-01	2.567034365271704255e-01	1.595784607579274761e-01	7.556137417653553678e-02	3.158731328085218060e-02	8.105804576854434840e-02
1.252982485336718355e+03	2.410132465073210328e-01	1.534488757738264042e-01	2.571078374971747516e-01	1.598590048927991669e-01	7.567590683332969803e-02	3.166335354302310390e-02	8.123177495235833767e-02
1.257820255550373531e+03	2.403890160630432482e-01	1.530298534283961176e-01	2.575098070012384888e-01	1.601379360345314973e-01	7.578982586983154524e-02	3.173906490209932318e-02	8.140449670069230259e-02
1.262658025764028707e+03	2.397683899162353638e-01	1.526131868330346530e-01	2.579093610879678589e-01	1.604152631758394010e-01	7.590313455627946404e-02	3.181444795758917726e-02	8.157621647288668121e-02
1.267495795977684338e+03	2.391513471677176594e-01	1.521988627156768692e-01	2.583065156780542382e-01	1.606909952610159620e-01	7.601583614328534522e-02	3.188950332292861400e-02	8.174693971115398750e-02
1.272333566191339514e+03	2.385378670418223657e-01	1.517868678787170356e-01	2.587012865656366789e-01	1.609651411861988957e-01	7.612793386203808854e-02	3.196423162513698651e-02	8.191667184028258997e-02
1.277171336404994690e+03	2.379279288856219476e-01	1.513771891985964402e-01	2.590936894196455564e-01	1.612377097996347541e-01	7.623943092450287395e-02	3.203863350447939962e-02	8.208541826735166191e-02
1.282009106618650094e+03	2.373215121681626905e-01	1.509698136253930789e-01	2.594837397851266769e-01	1.615087099019411887e-01	7.635033052361629713e-02	3.211270961413548869e-02	8.225318438145715061e-02
1.286846876832305497e+03	2.367185964797040854e-01	1.505647281824139816e-01	2.598714530845471771e-01	1.617781502463671583e-01	7.646063583347738335e-02	3.218646061987446433e-02	8.241997555344827975e-02
1.291684647045960673e+03	2.361191615309634340e-01	1.501619199657892867e-01	2.602568446190829388e-01	1.620460395390511676e-01	7.657035000953481274e-02	3.225988719973633956e-02	8.258579713567458513e-02
1.296522417259616077e+03	2.355231871523659204e-01	1.497613761440687863e-01	2.606399295698879626e-01	1.623123864392773952e-01	7.667947618877023197e-02	3.233299004371922858e-02	8.275065446174299788e-02
1.301360187473271253e+03	2.349306532933000957e-01	1.493630839578206915e-01	2.610207229993462552e-01	1.625771995597302677e-01	7.678801748987787446e-02	3.240576985347256439e-02	8.291455284628480860e-02
1.306197957686926657e+03	2.343415400213786637e-01	1.489670307192324239e-01	2.613992398523057314e-01	1.628404874667466751e-01	7.689597701344060010e-02	3.247822734199614508e-02	8.307749758473233215e-02
1.311035727900581833e+03	2.337558275217044845e-01	1.485732038117135168e-01	2.617754949572957957e-01	1.631022586805666863e-01	7.700335784210241008e-02	3.255036323334487697e-02	8.323949395310487054e-02
1.315873498114237009e+03	2.331734960961416858e-01	1.481815906895010415e-01	2.621495030277271598e-01	1.633625216755822118e-01	7.711016304073751992e-02	3.262217826233914514e-02	8.340054720780383513e-02
1.320711268327892412e+03	2.325945261625922134e-01	1.477921788772667555e-01	2.625212786630760076e-01	1.636212848805839448e-01	7.721639565661614357e-02	3.269367317428065883e-02	8.356066258541688940e-02
1.325549038541547588e+03	2.320188982542772116e-01	1.474049559697266087e-01	2.628908363500510048e-01	1.638785566790065540e-01	7.732205871956698839e-02	3.276484872467366055e-02	8.371984530253059886e-02
1.330386808755202765e+03	2.314465930190235110e-01	1.470199096312522768e-01	2.632581904637448234e-01	1.641343454091720444e-01	7.742715524213665546e-02	3.283570567895147813e-02	8.387810055555174060e-02
1.335224578968857941e+03	2.308775912185553614e-01	1.466370275954848867e-01	2.636233552687700099e-01	1.643886593645314254e-01	7.753168821974597280e-02	3.290624481220819769e-02	8.403543352053668980e-02
1.340062349182513572e+03	2.303118737277908834e-01	1.462562976649507407e-01	2.639863449203785906e-01	1.646415067939046295e-01	7.763566063084333113e-02	3.297646690893547838e-02	8.419184935302896633e-02
1.344900119396168748e+03	2.297494215341434054e-01	1.458777077106792330e-01	2.643471734655672423e-01	1.648928959017188778e-01	7.773907543705504963e-02	3.304637276276432140e-02	8.434735318790451131e-02
1.349737889609823924e+03	2.291902157368280457e-01	1.455012456718226543e-01	2.647058548441671433e-01	1.651428348482452679e-01	7.784193558333307728e-02	3.311596317621173097e-02	8.450195013922470744e-02
1.354575659823479100e+03	2.286342375461727083e-01	1.451268995552782992e-01	2.650624028899191131e-01	1.653913317498338087e-01	7.794424399809975201e-02	3.318523896043218402e-02	8.465564530009669908e-02
1.359413430037134731e+03	2.280814682829341855e-01	1.447546574353125171e-01	2.654168313315342087e-01	1.656383946791467610e-01	7.804600359339003424e-02	3.325420093497383905e-02	8.480844374254099816e-02
1.364251200250789907e+03	2.275318893776186735e-01	1.443845074531867056e-01	2.657691537937399984e-01	1.658840316653905911e-01	7.814721726499106180e-02	3.332284992753932473e-02	8.496035051736622323e-02
1.369088970464445310e+03	2.269854823698075064e-01	1.440164378167854420e-01	2.661193837983128474e-01	1.661282506945461201e-01	7.824788789257915156e-02	3.339118677375106647e-02	8.511137065405048607e-02
