4.160482383743544119e+02	4.279183642609996063e-01	2.762940055144693652e-01	1.292212808142743918e-01	7.746518770546201305e-02	4.214777419003668674e-02	1.466487592944700456e-02	3.228851158514023378e-02
4.208860085880095880e+02	4.262040307305900999e-01	2.751859209119679739e-01	1.304917387128771145e-01	7.820950472118991248e-02	4.247341770446170367e-02	1.475682434936265337e-02	3.267856286937979166e-02
4.257237788016648778e+02	4.244998106008700534e-01	2.740840844914615437e-01	1.317524323677705389e-01	7.894961648372993135e-02	4.279618252143271157e-02	1.484972820582009662e-02	3.306814532874440687e-02
4.305615490153201677e+02	4.228056414740370417e-01	2.729884598190118195e-01	1.330034587777783051e-01	7.968554815341372111e-02	4.311612193216717709e-02	1.494355219069044317e-02	3.345721765273076964e-02
4.353993192289755143e+02	4.211214613830878695e-01	2.718990107156753488e-01	1.342449138369947725e-01	8.041732468082109231e-02	4.343328769836082154e-02	1.503826191706799861e-02	3.384573976782139643e-02
4.402370894426308041e+02	4.194472087881861433e-01	2.708157012543551678e-01	1.354768923420417437e-01	8.114497080994768907e-02	4.374773010162768400e-02	1.513382389423664418e-02	3.423367280943413749e-02
4.450748596562860939e+02	4.177828225730653156e-01	2.697384957567274810e-01	1.366994879996527024e-01	8.186851108130703547e-02	4.405949799128166394e-02	1.523020550337308467e-02	3.462097909442186927e-02
4.499126298699413837e+02	4.161282420414667560e-01	2.686673587902396743e-01	1.379127934345603657e-01	8.258796983496827226e-02	4.436863883051642143e-02	1.532737497396386567e-02	3.500762209411374670e-02
4.547504000835967304e+02	4.144834069136129617e-01	2.676022551651790482e-01	1.391169001976645392e-01	8.330337121353077745e-02	4.467519874103834804e-02	1.542530136091375612e-02	3.539356640788963310e-02
4.595881702972519065e+02	4.128482573227154062e-01	2.665431499318089426e-01	1.403118987744585711e-01	8.401473916503726658e-02	4.497922254620584370e-02	1.552395452232382782e-02	3.577877773727909660e-02
4.644259405109071963e+02	4.112227338115170272e-01	2.654900083775709740e-01	1.414978785936936712e-01	8.472209744582649693e-02	4.528075381272581024e-02	1.562330509791829899e-02	3.616322286057667423e-02
4.692637107245624861e+02	4.096067773288688540e-01	2.644427960243505016e-01	1.426749280362610839e-01	8.542546962332685234e-02	4.557983489095676632e-02	1.572332448809989069e-02	3.654686960796502820e-02
4.741014809382177759e+02	4.080003292263408854e-01	2.634014786258042640e-01	1.438431344442734905e-01	8.612487907879223803e-02	4.587650695386631672e-02	1.582398483361409022e-02	3.692968683713768879e-02
4.789392511518730657e+02	4.064033312548668841e-01	2.623660221647478030e-01	1.450025841303277108e-01	8.682034900998124305e-02	4.617081003468883477e-02	1.592525899580337148e-02	3.731164440941314026e-02
4.837770213655284124e+02	4.048157255614228123e-01	2.613363928506007294e-01	1.461533623869314957e-01	8.751190243378101363e-02	4.646278306332777414e-02	1.602712053743305179e-02	3.769271316633212437e-02
4.886147915791837022e+02	4.032374546857384057e-01	2.603125571168885544e-01	1.472955534960785906e-01	8.819956218877694765e-02	4.675246390154544351e-02	1.612954370407103377e-02	3.807286490673002927e-02
4.934525617928388783e+02	4.016684615570421668e-01	2.592944816187988111e-01	1.484292407389563584e-01	8.888335093776933427e-02	4.703988937698166950e-02	1.623250340600427763e-02	3.845207236427632125e-02
4.982903320064942250e+02	4.001086894908390534e-01	2.582821332307906337e-01	1.495545064057715312e-01	8.956329117023800745e-02	4.732509531604112835e-02	1.633597520067540942e-02	3.883030918547317190e-02
5.031281022201495148e+02	3.985580821857209188e-01	2.572754790442547956e-01	1.506714318056801560e-01	9.023940520475642879e-02	4.760811657568796151e-02	1.643993527562342613e-02	3.920754990810527973e-02
5.079658724338048046e+02	3.970165837202089820e-01	2.562744863652244298e-01	1.517800972768087731e-01	9.091171519135589352e-02	4.788898707418489525e-02	1.654436043191290576e-02	3.958376994013313582e-02
5.128036426474600376e+02	3.954841385496288275e-01	2.552791227121334883e-01	1.528805821963540312e-01	9.158024311384124760e-02	4.816773982081268973e-02	1.664922806803675187e-02	3.995894553902206575e-02
5.176414128611153274e+02	3.939606915030166578e-01	2.542893558136222198e-01	1.539729649907493336e-01	9.224501079205894849e-02	4.844440694460466768e-02	1.675451616427790433e-02	4.033305379149935976e-02
5.224791830747705035e+02	3.924461877800575205e-01	2.533051536063883336e-01	1.550573231458868828e-01	9.290603988411876013e-02	4.871901972212968474e-02	1.686020326751591983e-02	4.070607259373194842e-02
5.273169532884259070e+02	3.909405729480543434e-01	2.523264842330820157e-01	1.561337332173849402e-01	9.356335188856974849e-02	4.899160860435596704e-02	1.696626847646482208e-02	4.107798063191717836e-02
5.321547235020811968e+02	3.894437929389282793e-01	2.513533160402435240e-01	1.572022708408900016e-01	9.421696814653186813e-02	4.926220324262688827e-02	1.707269142732906198e-02	4.144875736327933297e-02
5.369924937157364866e+02	3.879557940462492471e-01	2.503856175762831371e-01	1.582630107424043975e-01	9.486690984378400027e-02	4.953083251377888435e-02	1.717945227986477502e-02	4.181838299746449411e-02
5.418302639293917764e+02	3.864765229222971166e-01	2.494233575895005162e-01	1.593160267486306569e-01	9.551319801280927502e-02	4.979752454443051035e-02	1.728653170383406129e-02	4.218683847832672973e-02
5.466680341430470662e+02	3.850059265751529791e-01	2.484665050261437302e-01	1.603613917973238101e-01	9.615585353479888520e-02	5.006230673447076285e-02	1.739391086584029730e-02	4.255410546609835615e-02
5.515058043567023560e+02	3.835439523658198957e-01	2.475150290285061672e-01	1.613991779476438293e-01	9.679489714161504388e-02	5.032520577977368792e-02	1.750157141653290935e-02	4.292016631993726683e-02
5.563435745703576458e+02	3.820905480053732872e-01	2.465688989330604430e-01	1.624294563905005762e-01	9.743034941771404334e-02	5.058624769416551759e-02	1.760949547817046781e-02	4.328500408084445805e-02
5.611813447840129356e+02	3.806456615521404685e-01	2.456280842686278942e-01	1.634522974588843436e-01	9.806223080203045617e-02	5.084545783066956454e-02	1.771766563253118418e-02	4.364860245494486118e-02
5.660191149976681118e+02	3.792092414089088814e-01	2.446925547545832080e-01	1.644677706381751370e-01	9.869056158982308924e-02	5.110286090205323067e-02	1.782606490916042660e-02	4.401094579712477861e-02
5.708568852113234016e+02	3.777812363201633050e-01	2.437622802990924153e-01	1.654759445764243941e-01	9.931536193448368965e-02	5.135848100070071476e-02	1.793467677394501927e-02	4.437201909501922725e-02
5.756946554249786914e+02	3.763615953693505989e-01	2.428372309973841625e-01	1.664768870946035095e-01	9.993665184930920764e-02	5.161234161783415791e-02	1.804348511800453816e-02	4.473180795334263937e-02
5.805324256386339812e+02	3.749502679761730906e-01	2.419173771300525411e-01	1.674706651968131954e-01	1.005544512092383519e-01	5.186446566210516085e-02	1.815247424689005531e-02	4.509029857855645362e-02
5.853701958522892710e+02	3.735472038939092188e-01	2.410026891613910871e-01	1.684573450804488226e-01	1.011687797525533949e-01	5.211487547757789884e-02	1.826162887008117922e-02	4.544747776386726806e-02
5.902079660659445608e+02	3.721523532067618212e-01	2.400931377377567288e-01	1.694369921463167727e-01	1.017796570825476865e-01	5.236359286112427652e-02	1.837093409077240197e-02	4.580333287454913666e-02
5.950457362795999643e+02	3.707656663272333453e-01	2.391886936859632384e-01	1.704096710086972222e-01	1.023871026691599712e-01	5.261063907925092598e-02	1.848037539594017675e-02	4.615785183358400712e-02
5.998835064932552541e+02	3.693870939935274267e-01	2.382893280117028001e-01	1.713754455053491388e-01	1.029911358505760932e-01	5.285603488437710246e-02	1.858993864668231216e-02	4.651102310761399961e-02
6.047212767069104302e+02	3.680165872669778349e-01	2.373950118979954171e-01	1.723343787074535227e-01	1.035917758347988105e-01	5.309980053058196980e-02	1.869961006882162741e-02	4.686283569319969061e-02
6.095590469205657200e+02	3.666540975295026761e-01	2.365057167036652419e-01	1.732865329294912271e-01	1.041890417011864106e-01	5.334195578883896283e-02	1.880937624376600309e-02	4.721327910337835831e-02
6.143968171342210098e+02	3.652995764810850199e-01	2.356214139618429126e-01	1.742319697390518340e-01	1.047829524019608938e-01	5.358251996175457388e-02	1.891922409961723645e-02	4.756234335451645090e-02
6.192345873478761860e+02	3.639529761372789496e-01	2.347420753784931480e-01	1.751707499665704493e-01	1.053735267636864426e-01	5.382151189782804351e-02	1.902914090252136314e-02	4.791001895345049777e-02
6.240723575615315895e+02	3.626142488267408703e-01	2.338676728309674879e-01	1.761029337149897234e-01	1.059607834887185962e-01	5.405895000524807426e-02	1.913911424825329166e-02	4.825629688491078761e-02
6.289101277751868793e+02	3.612833471887859638e-01	2.329981783665806550e-01	1.770285803693438520e-01	1.065447411566251140e-01	5.429485226524197877e-02	1.924913205402886685e-02	4.860116859922238020e-02
6.337478979888421691e+02	3.599602241709691230e-01	2.321335642012103961e-01	1.779477486062625569e-01	1.071254182255789583e-01	5.452923624499225047e-02	1.935918255053769785e-02	4.894462600027781052e-02
6.385856682024975726e+02	3.586448330266905904e-01	2.312738027179202238e-01	1.788604964033924105e-01	1.077028330337240353e-01	5.476211911013506572e-02	1.946925427419023136e-02	4.928666143377626735e-02
6.434234384161527487e+02	3.573371273128253534e-01	2.304188664656040275e-01	1.797668810487336732e-01	1.082770038005144153e-01	5.499351763685456085e-02	1.957933605957285633e-02	4.962726767572388231e-02
6.482612086298080385e+02	3.560370608873770215e-01	2.295687281576525018e-01	1.806669591498904770e-01	1.088479486280274772e-01	5.522344822358642852e-02	1.968941703210490973e-02	4.996643792118989069e-02
6.530989788434633283e+02	3.547445879071546293e-01	2.287233606706403355e-01	1.815607866432327744e-01	1.094156855022517111e-01	5.545192690234384408e-02	1.979948660089171988e-02	5.030416577331366795e-02
6.579367490571185044e+02	3.534596628254732531e-01	2.278827370430338006e-01	1.824484188029683041e-01	1.099802322943495836e-01	5.567896934967830197e-02	1.990953445176801492e-02	5.064044523255743779e-02
6.627745192707737942e+02	3.521822403898771658e-01	2.270468304739183818e-01	1.833299102501234068e-01	1.105416067618962828e-01	5.590459089728742198e-02	2.001955054052610705e-02	5.097527068619990553e-02
6.676122894844290840e+02	3.509122756398862508e-01	2.262156143217455562e-01	1.842053149614313323e-01	1.110998265500945659e-01	5.612880654228163263e-02	2.012952508632356169e-02	5.130863689806581390e-02
6.724500596980843738e+02	3.496497239047646199e-01	2.253890621030984753e-01	1.850746862781265101e-01	1.116549091929665144e-01	5.635163095712084069e-02	2.023944856526510572e-02	5.164053899848663337e-02
6.772878299117396637e+02	3.483945408013115475e-01	2.245671474914761045e-01	1.859380769146445900e-01	1.122068721145225850e-01	5.657307849923225856e-02	2.034931170415381005e-02	5.197097247448783514e-02
6.821256001253949535e+02	3.471466822316742196e-01	2.237498443160950146e-01	1.867955389672266708e-01	1.127557326299084839e-01	5.679316322031978392e-02	2.045910547440661642e-02	5.229993316019798666e-02
6.869633703390502433e+02	3.459061043811821889e-01	2.229371265607087704e-01	1.876471239224273002e-01	1.133015079465304470e-01	5.701189887537526368e-02	2.056882108612951773e-02	5.262741722747518724e-02
6.918011405527055331e+02	3.446727637162037006e-01	2.221289683624442790e-01	1.884928826655257739e-01	1.138442151651592599e-01	5.722929893140140528e-02	2.067844998234782267e-02	5.295342117674643051e-02
6.966389107663608229e+02	3.434466169820223902e-01	2.213253440106544290e-01	1.893328654888396523e-01	1.143838712810136965e-01	5.744537657585602891e-02	2.078798383338702552e-02	5.327794182805543899e-02
7.014766809800161127e+02	3.422276212007355767e-01	2.205262279457872454e-01	1.901671220999407441e-01	1.149204931848236411e-01	5.766014472482668130e-02	2.089741453140004854e-02	5.360097631231475895e-02
7.063144511936714025e+02	3.410157336691727603e-01	2.197315947582703932e-01	1.909957016297728905e-01	1.154540976638735311e-01	5.787361603094466622e-02	2.100673418503660669e-02	5.392252206275781334e-02
7.111522214073266923e+02	3.398109119568348824e-01	2.189414191874112792e-01	1.918186526406714387e-01	1.159847014030264412e-01	5.808580289104699895e-02	2.111593511425075009e-02	5.424257680658685354e-02
7.159899916209819821e+02	3.386131139038535687e-01	2.181556761203118644e-01	1.926360231342839902e-01	1.165123209857293340e-01	5.829671745359463197e-02	2.122500984524255951e-02	5.456113855681268138e-02
7.208277618346371582e+02	3.374222976189701351e-01	2.173743405907981874e-01	1.934478605593930034e-01	1.170369728949998273e-01	5.850637162585496653e-02	2.133395110553031049e-02	5.487820560428214450e-02
7.256655320482924481e+02	3.362384214775346325e-01	2.165973877783640422e-01	1.942542118196396439e-01	1.175586735143949596e-01	5.871477708085642150e-02	2.144275181914931383e-02	5.519377650988955414e-02
7.305033022619478515e+02	3.350614441195239879e-01	2.158247930071285903e-01	1.950551232811491009e-01	1.180774391289623609e-01	5.892194526412249111e-02	2.155140510197395276e-02	5.550785009696809075e-02
7.353410724756030277e+02	3.338913244475794073e-01	2.150565317448074887e-01	1.958506407800580107e-01	1.185932859261741995e-01	5.912788740019266076e-02	2.165990425715940901e-02	5.582042544385743682e-02
7.401788426892584312e+02	3.327280216250628198e-01	2.142925796016970086e-01	1.966408096299436525e-01	1.191062299968443094e-01	5.933261449893703632e-02	2.176824277069971947e-02	5.613150187664403545e-02
7.450166129029136073e+02	3.315714950741321387e-01	2.135329123296714204e-01	1.974256746291555564e-01	1.196162873360288315e-01	5.953613736167152198e-02	2.187641430709891255e-02	5.644107896207015834e-02
7.498543831165690108e+02	3.304217044738348430e-01	2.127775058211927306e-01	1.982052800680494942e-01	1.201234738439109218e-01	5.973846658708008295e-02	2.198441270515209822e-02	5.674915650060834149e-02
7.546921533302243006e+02	3.292786097582197091e-01	2.120263361083326858e-01	1.989796697361249922e-01	1.206278053266696126e-01	5.993961257695039346e-02	2.209223197383339277e-02	5.705573451969768450e-02
7.595299235438793630e+02	3.281421711144669184e-01	2.112793793618069349e-01	1.997488869290659774e-01	1.211292974973334630e-01	6.013958554172894877e-02	2.219986628828776037e-02	5.736081326713848155e-02
7.643676937575347665e+02	3.270123489810357609e-01	2.105366118900207084e-01	2.005129744556854998e-01	1.216279659766191512e-01	6.033839550590162915e-02	2.230730998592386077e-02	5.766439320464192969e-02
7.692054639711900563e+02	3.258891040458298249e-01	2.097980101381261286e-01	2.012719746447752256e-01	1.221238262937553998e-01	6.053605231320524638e-02	2.241455756260510301e-02	5.796647500153152832e-02
7.740432341848452324e+02	3.247723972443802287e-01	2.090635506870906490e-01	2.020259293518598953e-01	1.226168938872927161e-01	6.073256563167576255e-02	2.252160366893621660e-02	5.826705952859296406e-02
7.788810043985006359e+02	3.236621897580450602e-01	2.083332102527764018e-01	2.027748799658576351e-01	1.231071841058989924e-01	6.092794495853841308e-02	2.262844310664271358e-02	5.856614785206927520e-02
7.837187746121558121e+02	3.225584430122264701e-01	2.076069656850302314e-01	2.035188674156466759e-01	1.235947122091415190e-01	6.112219962494485487e-02	2.273507082504064997e-02	5.886374122779819418e-02
7.885565448258112156e+02	3.214611186746041405e-01	2.068847939667841918e-01	2.042579321765393419e-01	1.240794933682556472e-01	6.131533880056240504e-02	2.284148191759424393e-02	5.915984109548864944e-02
7.933943150394665054e+02	3.203701786533857954e-01	2.061666722131663687e-01	2.049921142766637228e-01	1.245615426669004072e-01	6.150737149802007475e-02	2.294767161855894994e-02	5.945444907313331834e-02
7.982320852531219089e+02	3.192855850955734764e-01	2.054525776706214168e-01	2.057214533032542259e-01	1.250408751019013442e-01	6.169830657721613043e-02	2.305363529970764352e-02	5.974756695155441361e-02
8.030698554667769713e+02	3.182073003852463611e-01	2.047424877160411993e-01	2.064459884088512831e-01	1.255175055839809206e-01	6.188815274949159562e-02	2.315936846713765110e-02	6.003919668907969215e-02
8.079076256804323748e+02	3.171352871418592345e-01	2.040363798559047259e-01	2.071657583174114081e-01	1.259914489384766911e-01	6.207691858167414117e-02	2.326486675815643557e-02	6.032934040634604922e-02
8.127453958940876646e+02	3.160695082185571159e-01	2.033342317254276665e-01	2.078808013303282132e-01	1.264627199060477380e-01	6.226461249999640929e-02	2.337012593824381104e-02	6.061800038122769352e-02
8.175831661077428407e+02	3.150099267005050385e-01	2.026360210877207468e-01	2.085911553323656076e-01	1.269313331433692127e-01	6.245124279389300398e-02	2.347514189808863616e-02	6.090517904388635662e-02
8.224209363213982442e+02	3.139565059032334293e-01	2.019417258329573861e-01	2.092968577975032329e-01	1.273973032238157610e-01	6.263681761967992978e-02	2.357991065069791128e-02	6.119087897194085829e-02
8.272587065350534203e+02	3.129092093709986422e-01	2.012513239775499396e-01	2.099979457946960504e-01	1.278606446381338191e-01	6.282134500412032974e-02	2.368442832857641303e-02	6.147510288575330079e-02
8.320964767487085965e+02	3.118680008751583688e-01	2.005647936633345452e-01	2.106944559935480799e-01	1.283213717951028343e-01	6.300483284788022109e-02	2.378869118097491978e-02	6.175785364382951892e-02
8.369342469623640000e+02	3.108328444125620371e-01	1.998821131567644627e-01	2.113864246699018179e-01	1.287794990221861335e-01	6.318728892887763571e-02	2.389269557120522400e-02	6.203913423833109370e-02
8.417720171760191761e+02	3.098037042039558653e-01	1.992032608481116018e-01	2.120738877113439447e-01	1.292350405661714108e-01	6.336872090552884973e-02	2.399643797402010656e-02	6.231894779069660495e-02
8.466097873896745796e+02	3.087805446924021258e-01	1.985282152506760711e-01	2.127568806226282638e-01	1.296880105938008898e-01	6.354913631989471401e-02	2.409991497305660063e-02	6.259729754736970131e-02
8.514475576033297557e+02	3.077633305417128984e-01	1.978569550000037480e-01	2.134354385310170132e-01	1.301384231923918555e-01	6.372854260073050614e-02	2.420312325834080361e-02	6.287418687563155195e-02
8.562853278169851592e+02	3.067520266348979785e-01	1.971894588531114823e-01	2.141095961915411849e-01	1.305862923704473044e-01	6.390694706644231560e-02	2.430605962385265148e-02	6.314961925953548050e-02
8.611230980306403353e+02	3.057465980726264965e-01	1.965257056877199870e-01	2.147793879921812421e-01	1.310316320582572691e-01	6.408435692795298733e-02	2.440872096514903888e-02	6.342359829594139409e-02
8.659608682442956251e+02	3.047470101717026925e-01	1.958656745014941136e-01	2.154448479589685383e-01	1.314744561084909003e-01	6.426077929148045487e-02	2.451110427704376177e-02	6.369612769064794677e-02
8.707986384579510286e+02	3.037532284635549029e-01	1.952093444112905640e-01	2.161060097610092712e-01	1.319147782967794169e-01	6.443622116123139121e-02	2.461320665134278385e-02	6.396721125462015434e-02
8.756364086716062047e+02	3.027652186927380917e-01	1.945566946524125151e-01	2.167629067154311640e-01	1.323526123222903972e-01	6.461068944201270314e-02	2.471502527463337665e-02	6.423685290031030948e-02
8.804741788852616082e+02	3.017829468154498151e-01	1.939077045778716257e-01	2.174155717922541253e-01	1.327879718082932703e-01	6.478419094176372794e-02	2.481655742612569673e-02	6.450505663807022672e-02
8.853119490989170117e+02	3.008063789980593983e-01	1.932623536576565659e-01	2.180640376191862184e-01	1.332208703027165930e-01	6.495673237401140832e-02	2.491780047554548877e-02	6.477182657265272148e-02
8.901497193125721878e+02	2.998354816156497127e-01	1.926206214780085413e-01	2.187083364863451895e-01	1.336513212786969718e-01	6.512832036025112403e-02	2.501875188107651263e-02	6.503716689980033883e-02
8.949874895262273640e+02	2.988702212505720546e-01	1.919824877407034780e-01	2.193485003509070552e-01	1.340793381351198243e-01	6.529896143225537297e-02	2.511940918735145259e-02	6.530108190291923631e-02
8.998252597398827675e+02	2.979105646910133465e-01	1.913479322623404810e-01	2.199845608416827747e-01	1.345049341971525092e-01	6.546866203431266074e-02	2.521977002349002836e-02	6.556357594983665271e-02
9.046630299535379436e+02	2.969564789295766616e-01	1.907169349736370367e-01	2.206165492636235070e-01	1.349281227167696273e-01	6.563742852539891648e-02	2.531983210118308666e-02	6.582465348963967289e-02
9.095008001671932334e+02	2.960079311618730169e-01	1.900894759187301830e-01	2.212444966022558412e-01	1.353489168732708303e-01	6.580526718128337782e-02	2.541959321282150422e-02	6.608431904959372050e-02
9.143385703808486369e+02	2.950648887851262669e-01	1.894655352544841742e-01	2.218684335280478315e-01	1.357673297737912455e-01	6.597218419657120692e-02	2.551905122966871900e-02	6.634257723213897451e-02
9.191763405945038130e+02	2.941273193967895438e-01	1.888450932498038637e-01	2.224883904007068647e-01	1.361833744538049062e-01	6.613818568668468345e-02	2.561820410007580734e-02	6.659943271196272496e-02
9.240141108081592165e+02	2.931951907931740209e-01	1.882281302849542481e-01	2.231043972734100544e-01	1.365970638776207724e-01	6.630327768978505620e-02	2.571704984773798275e-02	6.685489023314625245e-02
9.288518810218145063e+02	2.922684709680891113e-01	1.876146268508858961e-01	2.237164838969683267e-01	1.370084109388723659e-01	6.646746616863689894e-02	2.581558656999147564e-02	6.710895460638433008e-02
9.336896512354697961e+02	2.913471281114944911e-01	1.870045635485659830e-01	2.243246797239255019e-01	1.374174284610003849e-01	6.663075701241662208e-02	2.591381243614976695e-02	6.736163070627572413e-02
9.385274214491247449e+02	2.904311306081636679e-01	1.863979210883150717e-01	2.249290139125923738e-01	1.378241291977287952e-01	6.679315603846719407e-02	2.601172568587816619e-02	6.761292346868319481e-02
9.433651916627801484e+02	2.895204470363589855e-01	1.857946802891495275e-01	2.255295153310177547e-01	1.382285258335345934e-01	6.695466899400050187e-02	2.610932462760576570e-02	6.786283788816128981e-02
9.482029618764355519e+02	2.886150461665177858e-01	1.851948220781292898e-01	2.261262125608966556e-01	1.386306309841113249e-01	6.711530155774912687e-02	2.620660763697382767e-02	6.811137901545040452e-02
9.530407320900908417e+02	2.877148969599496731e-01	1.845983274897109450e-01	2.267191339014170415e-01	1.390304571968262459e-01	6.727505934156918777e-02	2.630357315531967749e-02	6.835855195503562354e-02
9.578785023037459041e+02	2.868199685675447697e-01	1.840051776651063786e-01	2.273083073730456649e-01	1.394280169511718237e-01	6.743394789199555484e-02	2.640021968819522905e-02	6.860436186276891446e-02
9.627162725174014213e+02	2.859302303284930735e-01	1.834153538516462845e-01	2.278937607212543348e-01	1.398233226592111023e-01	6.759197269175119815e-02	2.649654580391924349e-02	6.884881394355306383e-02
9.675540427310568248e+02	2.850456517690141967e-01	1.828288374021491136e-01	2.284755214201869555e-01	1.402163866660175173e-01	6.774913916121196034e-02	2.659255013216250269e-02	6.909191344908606480e-02
9.723918129447120009e+02	2.841662026010978170e-01	1.822456097742948533e-01	2.290536166762688064e-01	1.406072212501089935e-01	6.790545265982815548e-02	2.668823136256507494e-02	6.933366567566459637e-02
9.772295831583674044e+02	2.832918527212551774e-01	1.816656525300037739e-01	2.296280734317586170e-01	1.409958386238765737e-01	6.806091848750435436e-02	2.678358824338483019e-02	6.957407596204501221e-02
9.820673533720223531e+02	2.824225722092800761e-01	1.810889473348202272e-01	2.301989183682442430e-01	1.413822509340077471e-01	6.821554188593875745e-02	2.687861958017649655e-02	6.981314968736079818e-02
9.869051235856777566e+02	2.815583313270207944e-01	1.805154759573011358e-01	2.307661779100832200e-01	1.417664702619044759e-01	6.836932803992328000e-02	2.697332423450045716e-02	7.005089226909502753e-02
9.917428937993331601e+02	2.806991005171617370e-01	1.799452202684092283e-01	2.313298782277885823e-01	1.421485086240961981e-01	6.852228207860557030e-02	2.706770112266055836e-02	7.028730916110655091e-02
9.965806640129884499e+02	2.798448504020155103e-01	1.793781622409109100e-01	2.318900452413611146e-01	1.425283779726476963e-01	6.867440907671434891e-02	2.716174921447022175e-02	7.052240585170867215e-02
1.001418434226643626e+03	2.789955517823247688e-01	1.788142839487788516e-01	2.324467046235687007e-01	1.429060901955619689e-01	6.882571405574887391e-02	2.725546753204615563e-02	7.075618786179917186e-02
1.006256204440298802e+03	2.781511756360736665e-01	1.782535675665989916e-01	2.329998818031737418e-01	1.432816571171786624e-01	6.897620198513407241e-02	2.734885514862898936e-02	7.098866074304036045e-02
1.011093974653954206e+03	2.773116931173092437e-01	1.776959953689821181e-01	2.335496019681094493e-01	1.436550904985673949e-01	6.912587778334200461e-02	2.744191118743018881e-02	7.121983007608810590e-02
1.015931744867609382e+03	2.764770755549724179e-01	1.771415497299796415e-01	2.340958900686055388e-01	1.440264020379168342e-01	6.927474631898088153e-02	2.753463482050459363e-02	7.144970146886862883e-02
1.020769515081264785e+03	2.756472944517381896e-01	1.765902131225040306e-01	2.346387708202647970e-01	1.443956033709189457e-01	6.942281241185271901e-02	2.762702526764793803e-02	7.167828055490194084e-02
1.025607285294920075e+03	2.748223214828656169e-01	1.760419681177532447e-01	2.351782687070904099e-01	1.447627060711490776e-01	6.957008083398043274e-02	2.771908179531880345e-02	7.190557299167089911e-02
1.030445055508575479e+03	2.740021284950569513e-01	1.754967973846394691e-01	2.357144079844657181e-01	1.451277216504417988e-01	6.971655631060545699e-02	2.781080371558435071e-02	7.213158445903472549e-02
1.035282825722230655e+03	2.731866875053255983e-01	1.749546836892221513e-01	2.362472126820864826e-01	1.454906615592622132e-01	6.986224352115669167e-02	2.790219038508926636e-02	7.235632065768597687e-02
1.040120595935886058e+03	2.723759706998738483e-01	1.744156098941448407e-01	2.367767066068469928e-01	1.458515371870734711e-01	7.000714710019176334e-02	2.799324120404743377e-02	7.257978730764999553e-02
1.044958366149541234e+03	2.715699504329787684e-01	1.738795589580764411e-01	2.373029133456803219e-01	1.462103598627000900e-01	7.015127163831130774e-02	2.808395561525567352e-02	7.280199014682574299e-02
1.049796136363196410e+03	2.707685992258876961e-01	1.733465139351561823e-01	2.378258562683536192e-01	1.465671408546873056e-01	7.029462168304728698e-02	2.817433310312909833e-02	7.302293492956715704e-02
1.054633906576851814e+03	2.699718897657219507e-01	1.728164579744426443e-01	2.383455585302195479e-01	1.469218913716566766e-01	7.043720173972604914e-02	2.826437319275756227e-02	7.324262742530386616e-02
1.059471676790506763e+03	2.691797949043898686e-01	1.722893743193666949e-01	2.388620430749237855e-01	1.472746225626578032e-01	7.057901627230681041e-02	2.835407544898266644e-02	7.346107341720063688e-02
1.064309447004162394e+03	2.683922876575076666e-01	1.717652463071882296e-01	2.393753326370701984e-01	1.476253455175164098e-01	7.072006970419650318e-02	2.844343947549484233e-02	7.367827870085438824e-02
1.069147217217817570e+03	2.676093412033294650e-01	1.712440573684566869e-01	2.398854497448437706e-01	1.479740712671787084e-01	7.086036641904162880e-02	2.853246491395007578e-02	7.389424908302789918e-02
1.073984987431472746e+03	2.668309288816855251e-01	1.707257910264753376e-01	2.403924167225922059e-01	1.483208107840522927e-01	7.099991076149768376e-02	2.862115144310574399e-02	7.410899038041948717e-02
1.078822757645127922e+03	2.660570241929285373e-01	1.702104308967693214e-01	2.408962556933669230e-01	1.486655749823435069e-01	7.113870703797714468e-02	2.870949877797517036e-02	7.432250841846768652e-02
1.083660527858783553e+03	2.652876007968884009e-01	1.696979606865572088e-01	2.413969885814242489e-01	1.490083747183915119e-01	7.127675951737637294e-02	2.879750666900040765e-02	7.453480903019006620e-02
1.088498298072438729e+03	2.645226325118354427e-01	1.691883641942263095e-01	2.418946371146869501e-01	1.493492207909988545e-01	7.141407243178225783e-02	2.888517490124287504e-02	7.474589805505545137e-02
1.093336068286093905e+03	2.637620933134509627e-01	1.686816253088115614e-01	2.423892228271675164e-01	1.496881239417588716e-01	7.155064997715913921e-02	2.897250329359136664e-02	7.495578133788871611e-02
1.098173838499749309e+03	2.630059573338064394e-01	1.681777280094776672e-01	2.428807670613531700e-01	1.500250948553798203e-01	7.168649631401667610e-02	2.905949169798709847e-02	7.516446472780727306e-02
1.103011608713404712e+03	2.622541988603502849e-01	1.676766563650050890e-01	2.433692909705536256e-01	1.503601441600059541e-01	7.182161556805911895e-02	2.914613999866532204e-02	7.537195407718874640e-02
1.107849378927059888e+03	2.615067923349024825e-01	1.671783945332792620e-01	2.438548155212121871e-01	1.506932824275355465e-01	7.195601183081670738e-02	2.923244811141317498e-02	7.557825524066874578e-02
1.112687149140715292e+03	2.607637123526570511e-01	1.666829267607832787e-01	2.443373614951807049e-01	1.510245201739357779e-01	7.208968916025963736e-02	2.931841598284337658e-02	7.578337407416828320e-02
1.117524919354370468e+03	2.600249336611920037e-01	1.661902373820938472e-01	2.448169494919590350e-01	1.513538678595547360e-01	7.222265158139511143e-02	2.940404358968338322e-02	7.598731643394998625e-02
1.122362689568025871e+03	2.592904311594870781e-01	1.657003108193806917e-01	2.452935999308995529e-01	1.516813358894305575e-01	7.235490308684808247e-02	2.948933093807966713e-02	7.619008817570242786e-02
1.127200459781681047e+03	2.585601798969487386e-01	1.652131315819092006e-01	2.457673330533775846e-01	1.520069346135977384e-01	7.248644763742606578e-02	2.957427806291677841e-02	7.639169515365193397e-02
1.132038229995336451e+03	2.578341550724427833e-01	1.647286842655462935e-01	2.462381689249278915e-01	1.523306743273905584e-01	7.261728916266858846e-02	2.965888502715080532e-02	7.659214321970109207e-02
1.136876000208991627e+03	2.571123320333341122e-01	1.642469535522696200e-01	2.467061274373481272e-01	1.526525652717439230e-01	7.274743156138176181e-02	2.974315192115697601e-02	7.679143822259350272e-02
1.141713770422646803e+03	2.563946862745339894e-01	1.637679242096796439e-01	2.471712283107698749e-01	1.529726176334914312e-01	7.287687870215819874e-02	2.982707886209099574e-02	7.698958600710388567e-02
1.146551540636302207e+03	2.556811934375543549e-01	1.632915810905152809e-01	2.476334910956972946e-01	1.532908415456608608e-01	7.300563442388312285e-02	2.991066599326387687e-02	7.718659241325317999e-02
1.151389310849957155e+03	2.549718293095693533e-01	1.628179091321723948e-01	2.480929351750147671e-01	1.536072470877670737e-01	7.313370253622669681e-02	2.999391348352991454e-02	7.738246327554774984e-02
1.156227081063612786e+03	2.542665698224838566e-01	1.623468933562253469e-01	2.485495797659632300e-01	1.539218442861024772e-01	7.326108682012313911e-02	3.007682152668753051e-02	7.757720442224243229e-02
1.161064851277267962e+03	2.535653910520087040e-01	1.618785188679517095e-01	2.490034439220864815e-01	1.542346431140248220e-01	7.338779102823718425e-02	3.015939034089266946e-02	7.777082167462651130e-02
1.165902621490923138e+03	2.528682692167434354e-01	1.614127708558600605e-01	2.494545465351471480e-01	1.545456534922428349e-01	7.351381888541787257e-02	3.024162016808449108e-02	7.796332084633222914e-02
1.170740391704578315e+03	2.521751806772654092e-01	1.609496345912205251e-01	2.499029063370139248e-01	1.548548852890992422e-01	7.363917408914052998e-02	3.032351127342307329e-02	7.815470774266532195e-02
1.175578161918233945e+03	2.514861019352260807e-01	1.604890954275984827e-01	2.503485419015192281e-01	1.551623483208516563e-01	7.376386030993684062e-02	3.040506394473884572e-02	7.834498815995692700e-02
1.180415932131889122e+03	2.508010096324531646e-01	1.600311388003911595e-01	2.507914716462892324e-01	1.554680523519509361e-01	7.388788119181372016e-02	3.048627849199350356e-02	7.853416788493632061e-02
1.185253702345544298e+03	2.501198805500606803e-01	1.595757502263670247e-01	2.512317138345454559e-01	1.557720070953175495e-01	7.401124035266112844e-02	3.056715524675213819e-02	7.872225269412407023e-02
1.190091472559199701e+03	2.494426916075645484e-01	1.591229153032081844e-01	2.516692865768792586e-01	1.560742222126155210e-01	7.413394138464916849e-02	3.064769456166632766e-02	7.890924835324507336e-02
1.194929242772855105e+03	2.487694198620051811e-01	1.586726197090554680e-01	2.521042078329993608e-01	1.563747073145243804e-01	7.425598785461488827e-02	3.072789680996798611e-02	7.909516061666081732e-02
1.199767012986510281e+03	2.481000425070763182e-01	1.582248492020565667e-01	2.525364954134530215e-01	1.566734719610088367e-01	7.437738330443896539e-02	3.080776238497365260e-02	7.927999522682072087e-02
1.204604783200165684e+03	2.474345368722604410e-01	1.577795896199167547e-01	2.529661669813209612e-01	1.569705256615865074e-01	7.449813125141273307e-02	3.088729169959908080e-02	7.946375791373169739e-02
1.209442553413820860e+03	2.467728804219704308e-01	1.573368268794523017e-01	2.533932400538868035e-01	1.572658778755934295e-01	7.461823518859558857e-02	3.096648518588382068e-02	7.964645439444575925e-02
1.214280323627476264e+03	2.461150507546974175e-01	1.568965469761469111e-01	2.538177320042819263e-01	1.575595380124476808e-01	7.473769858516339515e-02	3.104534329452562566e-02	7.982809037256506646e-02
1.219118093841131440e+03	2.454610256021649561e-01	1.564587359837107117e-01	2.542396600631049441e-01	1.578515154319110325e-01	7.485652488674783556e-02	3.112386649442446321e-02	8.000867153776405893e-02
1.223955864054786844e+03	2.448107828284892262e-01	1.560233800536417748e-01	2.546590413200172098e-01	1.581418194443485747e-01	7.497471751576716137e-02	3.120205527223588599e-02	8.018820356532818661e-02
1.228793634268442020e+03	2.441643004293453934e-01	1.555904654147906852e-01	2.550758927253145569e-01	1.584304593109863712e-01	7.509227987174862951e-02	3.127991013193358316e-02	8.036669211570883486e-02
1.233631404482097196e+03	2.435215565311400765e-01	1.551599783729272763e-01	2.554902310914756169e-01	1.587174442441674216e-01	7.520921533164261208e-02	3.135743159438095229e-02	8.054414283409405684e-02
1.238469174695752372e+03	2.428825293901896165e-01	1.547319053103103637e-01	2.559020730946872102e-01	1.590027834076057356e-01	7.532552725012901795e-02	3.143462019691137255e-02	8.072056134999468224e-02
1.243306944909407548e+03	2.422471973919043120e-01	1.543062326852599475e-01	2.563114352763469772e-01	1.592864859166383262e-01	7.544121895991587334e-02	3.151147649291712732e-02	8.089595327684538650e-02
1.248144715123063179e+03	2.416155390499787614e-01	1.538829470317318593e-01	2.567183340445438056e-01	1.595685608384758702e-01	7.555629377203049168e-02	3.158800105144674714e-02	8.107032421162045643e-02
1.252982485336718355e+03	2.409875330055875342e-01	1.534620349588951549e-01	2.571227856755163299e-01	1.598490171924512038e-01	7.567075497610356583e-02	3.166419445681050576e-02	8.124367973446366964e-02
1.257820255550373531e+03	2.403631580265870871e-01	1.530434831507119231e-01	2.575248063150905042e-01	1.601278639502662637e-01	7.578460584064601602e-02	3.174005730819403487e-02	8.141602540833219048e-02
1.262658025764028707e+03	2.397423930067230369e-01	1.526272783655195364e-01	2.579244119800953028e-01	1.604051100362373639e-01	7.589784961331914881e-02	3.181559021927977265e-02	8.158736677865383036e-02
1.267495795977684338e+03	2.391252169648432624e-01	1.522134074356154831e-01	2.583216185597584369e-01	1.606807643275387776e-01	7.601048952119826563e-02	3.189079381787613549e-02	8.175770937299761676e-02
1.272333566191339514e+03	2.385116090441165571e-01	1.518018572668447808e-01	2.587164418170810332e-01	1.609548356544446002e-01	7.612252877102973492e-02	3.196566874555420434e-02	8.192705870075704666e-02
1.277171336404994690e+03	2.379015485112567219e-01	1.513926148381895542e-01	2.591088973901930492e-01	1.612273328005690010e-01	7.623397054948186091e-02	3.204021565729183590e-02	8.209542025284596867e-02
1.282009106618650094e+03	2.372950147557522926e-01	1.509856672013611401e-01	2.594990007936882059e-01	1.614982645031050879e-01	7.634481802338979883e-02	3.211443522112492760e-02	8.226279950140655273e-02
1.286846876832305497e+03	2.366919872891017906e-01	1.505810014803946884e-01	2.598867674199402678e-01	1.617676394530618567e-01	7.645507433999450264e-02	3.218832811780584363e-02	8.242920189952906984e-02
1.291684647045960673e+03	2.360924457440540247e-01	1.501786048712460964e-01	2.602722125404000053e-01	1.620354662954998914e-01	7.656474262717598289e-02	3.226189504046865497e-02	8.259463288098335687e-02
1.296522417259616077e+03	2.354963698738540556e-01	1.497784646413912735e-01	2.606553513068735062e-01	1.623017536297653995e-01	7.667382599368108287e-02	3.233513669430122806e-02	8.275909785996138357e-02
1.301360187473271253e+03	2.349037395514944337e-01	1.493805681294277377e-01	2.610361987527824446e-01	1.625665100097227478e-01	7.678232752934584238e-02	3.240805379622391930e-02	8.292260223083081083e-02
1.306197957686926657e+03	2.343145347689714331e-01	1.489849027446785990e-01	2.614147697944056437e-01	1.628297439439856387e-01	7.689025030531265736e-02	3.248064707457475747e-02	8.308515136789919320e-02
1.311035727900581833e+03	2.337287356365467805e-01	1.485914559667988466e-01	2.617910792321036517e-01	1.630914638961466767e-01	7.699759737424236028e-02	3.255291726880096825e-02	8.324675062518864521e-02
1.315873498114237009e+03	2.331463223820144093e-01	1.482002153453837734e-01	2.621651417515255544e-01	1.633516782850056304e-01	7.710437177052138769e-02	3.262486512915672293e-02	8.340740533622043040e-02
1.320711268327892412e+03	2.325672753499723744e-01	1.478111684995799535e-01	2.625369719247986899e-01	1.636103954847961395e-01	7.721057651046421555e-02	3.269649141640702805e-02	8.356712081380954227e-02
1.325549038541547588e+03	2.319915750010996258e-01	1.474243031176981911e-01	2.629065842117016549e-01	1.638676238254112294e-01	7.731621459251103445e-02	3.276779690153747149e-02	8.372590234986876379e-02
1.330386808755202765e+03	2.314192019114381937e-01	1.470396069568288833e-01	2.632739929608204910e-01	1.641233715926273262e-01	7.742128899742105330e-02	3.283878236546993595e-02	8.388375521522205280e-02
1.335224578968857941e+03	2.308501367716800090e-01	1.466570678424596597e-01	2.636392124106890500e-01	1.643776470283268565e-01	7.752580268846137601e-02	3.290944859878391221e-02	8.404068465942707289e-02
1.340062349182513572e+03	2.302843603864588307e-01	1.462766736680949642e-01	2.640022566909130397e-01	1.646304583307197089e-01	7.762975861159161772e-02	3.297979640144347441e-02	8.419669591060635616e-02
1.344900119396168748e+03	2.297218536736469197e-01	1.458984123948779688e-01	2.643631398232785812e-01	1.648818136545631141e-01	7.773315969564439931e-02	3.304982658252975103e-02	8.435179417528729240e-02
1.349737889609823924e+03	2.291625976636567641e-01	1.455222720512147905e-01	2.647218757228451680e-01	1.651317211113805528e-01	7.783600885250184509e-02	3.311953995997872491e-02	8.450598463825020890e-02
1.354575659823479100e+03	2.286065734987474118e-01	1.451482407324007073e-01	2.650784781990235817e-01	1.653801887696790818e-01	7.793830897726812534e-02	3.318893736032430680e-02	8.465927246238480475e-02
1.359413430037134731e+03	2.280537624323356327e-01	1.447763066002485388e-01	2.654329609566389858e-01	1.656272246551656058e-01	7.804006294843834901e-02	3.325801961844656457e-02	8.481166278855434282e-02
1.364251200250789907e+03	2.275041458283120210e-01	1.444064578827191636e-01	2.657853375969788656e-01	1.658728367509618162e-01	7.814127362806363997e-02	3.332678757732500385e-02	8.496316073546754388e-02
1.369088970464445310e+03	2.269577051603613727e-01	1.440386828735540359e-01	2.661356216188273116e-01	1.661170329978177707e-01	7.824194386191274386e-02	3.339524208779678927e-02	8.511377139955798865e-02
1.373926740678100487e+03	2.264144220112879191e-01	1.436729699319101716e-01	2.664838264194847040e-01	1.663598212943246391e-01	7.834207647963005450e-02	3.346338400831978116e-02	8.526349985487076399e-02
1.378764510891755890e+03	2.258742780723452803e-01	1.433093074819966894e-01	2.668299652957733525e-01	1.666012094971257851e-01	7.844167429489043442e-02	3.353121420474035330e-02	8.541235115295618685e-02
