4.208860085880095880e+02	4.263503805791385437e-01	2.749453685117438373e-01	1.305215885519129260e-01	7.826514202649433039e-02	4.239681643532996341e-02	1.476973186117525212e-02	3.275097203403284224e-02
4.353993192289755143e+02	4.212642245266015051e-01	2.716681460063596343e-01	1.343005801836289204e-01	8.047299794567466802e-02	4.328002876475083721e-02	1.510058485380913647e-02	3.391343771900290349e-02
4.499126298699413837e+02	4.162675094087772698e-01	2.684455805747784640e-01	1.379897126001809748e-01	8.264350961681241059e-02	4.414919286945093169e-02	1.543311556416500883e-02	3.507137936566261799e-02
4.644259405109071963e+02	4.113585868738472984e-01	2.652767652970431378e-01	1.415920767177636097e-01	8.477735612650762198e-02	4.500452314761430039e-02	1.576700594701126862e-02	3.622368589004034550e-02
4.789392511518730657e+02	4.065358433829055484e-01	2.621608082681744500e-01	1.451106097987549248e-01	8.687519848115440868e-02	4.584623113806623323e-02	1.610195676538190776e-02	3.736935216539001570e-02
4.934525617928388783e+02	4.017976992110890988e-01	2.590968323368788018e-01	1.485481048515623625e-01	8.893768050983472118e-02	4.667452553511512725e-02	1.643768654969635784e-02	3.850747100565102971e-02
5.079658724338048046e+02	3.971426074919010563e-01	2.560839748502479751e-01	1.519072194057157765e-01	9.096542970524040816e-02	4.748961220495235419e-02	1.677393061810177402e-02	3.963722572366818603e-02
5.224791830747705035e+02	3.925690533022351270e-01	2.531213874042026468e-01	1.551904837050010755e-01	9.295905800710715927e-02	4.829169420347304009e-02	1.711044015417602718e-02	4.075788322363252392e-02
5.369924937157364866e+02	3.880755527857723819e-01	2.502082355994468266e-01	1.584003083584641924e-01	9.491916253232204892e-02	4.908097179539023386e-02	1.744698133838528190e-02	4.186878759004655781e-02
5.515058043567023560e+02	3.836606523125737911e-01	2.473436988027159500e-01	1.615389914863561149e-01	9.684632625556791052e-02	4.985764247452392772e-02	1.778333452992825192e-02	4.296935413816160149e-02
5.660191149976681118e+02	3.793229276728319332e-01	2.445269699131131236e-01	1.646087253955233476e-01	9.874111864408979811e-02	5.062190098515456649e-02	1.811929349582127799e-02	4.405906389329348333e-02
5.805324256386339812e+02	3.750609833028785700e-01	2.417572551333431741e-01	1.676116028163606442e-01	1.006040962499109848e-01	5.137393934433859277e-02	1.845466468428539480e-02	4.513745846871015932e-02
5.950457362795999643e+02	3.708734515416656774e-01	2.390337737456635359e-01	1.705496227312205682e-01	1.024358032625864168e-01	5.211394686509061847e-02	1.878926653968945176e-02	4.620413531391130701e-02
6.095590469205657200e+02	3.667589919160531009e-01	2.363557578923832780e-01	1.734246958221074275e-01	1.042367720253588037e-01	5.284211018034364743e-02	1.912292885648326016e-02	4.725874330709805421e-02
6.240723575615315895e+02	3.627162904533425269e-01	2.337224523607512872e-01	1.762386495635600292e-01	1.060075235173758013e-01	5.355861326760497781e-02	1.945549216972237636e-02	4.830097866747056629e-02
6.385856682024975726e+02	3.587440590195959400e-01	2.311331143720840864e-01	1.789932329848367698e-01	1.077485678044348971e-01	5.426363747423128964e-02	1.978680717994268229e-02	4.933058116470190324e-02
6.530989788434633283e+02	3.548410346823699935e-01	2.285870133749924871e-01	1.816901211238533265e-01	1.094604044605437809e-01	5.495736154325183559e-02	2.011673421028853728e-02	5.034733060452752790e-02
6.676122894844290840e+02	3.510059790965853188e-01	2.260834308425742623e-01	1.843309191937712033e-01	1.111435229624189586e-01	5.563996163967371150e-02	2.044514269393441636e-02	5.135104357086960752e-02
6.821256001253949535e+02	3.472376779123272916e-01	2.236216600734482196e-01	1.869171664816952072e-01	1.127984030588909115e-01	5.631161137720800541e-02	2.077191068996677575e-02	5.234157040629103946e-02
6.966389107663608229e+02	3.435349402034540978e-01	2.212010059965111020e-01	1.894503399975955849e-01	1.144255151170416596e-01	5.697248184535984306e-02	2.109692442601116338e-02	5.331879241385398260e-02
7.111522214073266923e+02	3.398965979159542794e-01	2.188207849793062654e-01	1.919318578903220773e-01	1.160253204467676241e-01	5.762274163682966355e-02	2.142007786600002781e-02	5.428261926464750947e-02
7.256655320482924481e+02	3.363215053350636086e-01	2.164803246398984415e-01	1.943630826464152195e-01	1.175982716053379507e-01	5.826255687517676446e-02	2.174127230157961096e-02	5.523298659635583058e-02
7.401788426892584312e+02	3.328085385702118648e-01	2.141789636621549975e-01	1.967453240863393793e-01	1.191448126834034615e-01	5.889209124269970119e-02	2.206041596575048641e-02	5.616985378926755285e-02
7.546921533302243006e+02	3.293565950569262712e-01	2.119160516143391848e-01	1.990798421717551170e-01	1.206653795738058116e-01	5.951150600849160893e-02	2.237742366742587891e-02	5.709320190708357112e-02
7.692054639711900563e+02	3.259645930748725218e-01	2.096909487709258668e-01	2.013678496365133297e-01	1.221604002244375403e-01	6.012096005663137427e-02	2.269221644567569543e-02	5.800303179077116039e-02
7.837187746121558121e+02	3.226314712812631824e-01	2.075030259375545139e-01	2.036105144531812072e-01	1.236302948763122467e-01	6.072060991447472689e-02	2.300472124250224626e-02	5.889936229453937577e-02
7.982320852531219089e+02	3.193561882589102674e-01	2.053516642790391977e-01	2.058089621460995611e-01	1.250754762879194015e-01	6.131060978101182668e-02	2.331487059306662155e-02	5.978222865378061274e-02
8.127453958940876646e+02	3.161377220782417563e-01	2.032362551503581194e-01	2.079642779612164427e-01	1.264963499468591823e-01	6.189111155526055147e-02	2.362260233235279061e-02	6.065168097553867016e-02
8.272587065350534203e+02	3.129750698726418423e-01	2.011561999305502557e-01	2.100775089022392239e-01	1.278933142696798420e-01	6.246226486466697342e-02	2.392785931731999591e-02	6.150778284272933466e-02
8.417720171760191761e+02	3.098672474265136145e-01	1.991109098594489868e-01	2.121496656419943894e-01	1.292667607907720950e-01	6.302421709348667023e-02	2.423058916365351811e-02	6.235061002395812096e-02
8.562853278169851592e+02	3.068132887754970173e-01	1.970998058771865624e-01	2.141817243172742802e-01	1.306170743411120827e-01	6.357711341112269599e-02	2.453074399627925770e-02	6.318024928135547447e-02
8.707986384579510286e+02	3.038122458183083463e-01	1.951223184664055976e-01	2.161746282148857556e-01	1.319446332175859826e-01	6.412109680039766724e-02	2.482828021285948122e-02	6.399679726938450885e-02
8.853119490989170117e+02	3.008631879396985731e-01	1.931778874971172844e-01	2.181292893560869139e-01	1.332498093435753594e-01	6.465630808573957777e-02	2.512315825953544482e-02	6.480035951807411321e-02
8.998252597398827675e+02	2.979652016440564877e-01	1.912659620741481992e-01	2.200465899861081265e-01	1.345329684214316146e-01	6.518288596126216305e-02	2.541534241822784868e-02	6.559104949459282352e-02
9.143385703808486369e+02	2.951173901992089621e-01	1.893860003871198072e-01	2.219273839749970889e-01	1.357944700774217361e-01	6.570096701872246703e-02	2.570480060484841081e-02	6.636898773750880831e-02
9.288518810218145063e+02	2.923188732899973385e-01	1.875374695629074273e-01	2.237724981356018217e-01	1.370346679996840566e-01	6.621068577533972821e-02	2.599150417781535480e-02	6.713430105848158802e-02
9.433651916627801484e+02	2.895687866812308164e-01	1.857198455205274490e-01	2.255827334641104520e-01	1.382539100696925649e-01	6.671217470146079132e-02	2.627542775630256622e-02	6.788712180650266492e-02
9.578785023037459041e+02	2.868662818896408062e-01	1.839326128284037853e-01	2.273588663081978212e-01	1.394525384876913465e-01	6.720556424805856910e-02	2.655654904768668667e-02	6.862758719014827591e-02
9.723918129447120009e+02	2.842105258644807564e-01	1.821752645639654611e-01	2.291016494674859572e-01	1.406308898925259787e-01	6.769098287405159176e-02	2.683484868368888124e-02	6.935583865362858480e-02
9.869051235856777566e+02	2.816007006764350562e-01	1.804473021755303996e-01	2.308118132307065418e-01	1.417892954762670077e-01	6.816855707343318083e-02	2.711031006473805724e-02	7.007202130271696083e-02
1.001418434226643626e+03	2.790360032145185465e-01	1.787482353464310558e-01	2.324900663536553502e-01	1.429280810939907997e-01	6.863841140220021397e-02	2.738291921211078589e-02	7.077628337692040694e-02
1.015931744867609382e+03	2.765156448906662678e-01	1.770775818613390395e-01	2.341370969817533620e-01	1.440475673690558567e-01	6.910066850507223801e-02	2.765266462742951847e-02	7.146877576451089731e-02
1.030445055508575479e+03	2.740388513517266200e-01	1.754348674747485126e-01	2.357535735207697547e-01	1.451480697941867903e-01	6.955544914199260353e-02	2.791953715912559586e-02	7.214965155727731672e-02
1.044958366149541234e+03	2.716048621985894806e-01	1.738196257815777246e-01	2.373401454590230164e-01	1.462298988286552248e-01	7.000287221440405772e-02	2.818352987549660460e-02	7.281906564208111277e-02
1.059471676790506763e+03	2.692129307121907678e-01	1.722313980898508290e-01	2.388974441441533703e-01	1.472933599918244407e-01	7.044305479129195358e-02	2.844463794400951123e-02	7.347717432650627267e-02
1.073984987431472746e+03	2.668623235861518062e-01	1.706697332954223156e-01	2.404260835173504529e-01	1.483387539533048693e-01	7.087611213498919149e-02	2.870285851652124715e-02	7.412413499608729028e-02
1.088498298072438729e+03	2.645523206658210169e-01	1.691341877587079767e-01	2.419266608077270675e-01	1.493663766199483101e-01	7.130215772673734187e-02	2.895819062010753994e-02	7.476010580077790957e-02
1.103011608713404712e+03	2.622822146934994381e-01	1.676243251833876569e-01	2.433997571893499190e-01	1.503765192198918965e-01	7.172130329199911947e-02	2.921063505320862022e-02	7.538524536849057489e-02
1.117524919354370468e+03	2.600513110596406885e-01	1.661397164970450091e-01	2.448459384032686814e-01	1.513694683838465727e-01	7.213365882551804609e-02	2.946019428681714153e-02	7.599971254369117246e-02
1.132038229995336451e+03	2.578589275598271446e-01	1.646799397337117277e-01	2.462657553467298144e-01	1.523455062238096291e-01	7.253933261612170724e-02	2.970687237044949275e-02	7.660366614917778205e-02
1.146551540636302207e+03	2.557043941573333146e-01	1.632445799182835888e-01	2.476597446316148032e-01	1.533049104093679726e-01	7.293843127126514725e-02	2.995067484265616017e-02	7.719726476930632852e-02
1.161064851277267962e+03	2.535870527510962202e-01	1.618332289527767698e-01	2.490284291140064665e-01	1.542479542417451166e-01	7.333105974131183535e-02	3.019160864584084780e-02	7.778066655305004851e-02
1.175578161918233945e+03	2.515062569489213140e-01	1.604454855043942474e-01	2.503723183966614085e-01	1.551749067257337245e-01	7.371732134354998245e-02	3.042968204517084579e-02	7.835402903539577524e-02
1.190091472559199701e+03	2.494613718457602547e-01	1.590809548953717734e-01	2.516919093060481227e-01	1.560860326396445175e-01	7.409731778594193241e-02	3.066490455137334953e-02	7.891750897568733381e-02
1.204604783200165684e+03	2.474517738069045569e-01	1.577392489945747822e-01	2.529876863455001179e-01	1.569815926033921727e-01	7.447114919060542071e-02	3.089728684722386001e-02	7.947126221162638393e-02
1.219118093841131440e+03	2.454768502559458165e-01	1.564199861108172551e-01	2.542601221259321309e-01	1.578618431448294002e-01	7.483891411702538188e-02	3.112684071754346846e-02	8.001544352773379276e-02
1.233631404482097196e+03	2.435359994673600426e-01	1.551227908878750894e-01	2.555096777754712889e-01	1.587270367644326718e-01	7.520070958499537606e-02	3.135357898253191000e-02	8.055020653716091217e-02
1.248144715123063179e+03	2.416286303635798438e-01	1.538472942011662459e-01	2.567368033292664609e-01	1.595774219984335274e-01	7.555663109728796845e-02	3.157751543427269464e-02	8.107570357582061238e-02
1.262658025764028707e+03	2.397541623164241298e-01	1.525931330560715282e-01	2.579419381006562983e-01	1.604132434804838303e-01	7.590677266205392293e-02	3.179866477625559185e-02	8.159208560788203113e-02
1.277171336404994690e+03	2.379120249527607311e-01	1.513599504878695989e-01	2.591255110347995827e-01	1.612347420019350219e-01	7.625122681495005716e-02	3.201704256576993340e-02	8.209950214174246974e-02
1.291684647045960673e+03	2.361016579642819524e-01	1.501473954632604746e-01	2.602879410457983878e-01	1.620421545708063960e-01	7.659008464099577307e-02	3.223266515903023405e-02	8.259810115565420496e-02
1.306197957686926657e+03	2.343225109212788149e-01	1.489551227834528813e-01	2.614296373382796190e-01	1.628357144695105896e-01	7.692343579615895655e-02	3.244554965890287385e-02	8.308802903224374314e-02
1.320711268327892412e+03	2.325740430903037448e-01	1.477827929887906289e-01	2.625509997143356533e-01	1.636156513114000732e-01	7.725136852867151016e-02	3.265571386510957019e-02	8.356943050121634631e-02
1.335224578968857941e+03	2.308557232556165129e-01	1.466300722648939958e-01	2.636524188666679591e-01	1.643821910961928146e-01	7.757396970007544856e-02	3.286317622678996964e-02	8.404244858959081244e-02
1.349737889609823924e+03	2.291670295443118954e-01	1.454966323502923931e-01	2.647342766587232332e-01	1.651355562643310460e-01	7.789132480600055586e-02	3.306795579731175438e-02	8.450722457885662120e-02
1.364251200250789907e+03	2.275074492550314686e-01	1.443821504455251870e-01	2.657969463925599074e-01	1.658759657503230400e-01	7.820351799667452086e-02	3.327007219122248005e-02	8.496389796849096454e-02
1.378764510891755890e+03	2.258764786901663602e-01	1.432863091236878106e-01	2.668407930651364723e-01	1.666036350351134399e-01	7.851063209716699354e-02	3.346954554324287762e-02	8.541260644531360746e-02
1.393277821532721646e+03	2.242736229914603641e-01	1.422087962424010144e-01	2.678661736136694893e-01	1.673187761975248045e-01	7.881274862736872833e-02	3.366639646920641105e-02	8.585348585819678469e-02
1.407791132173687402e+03	2.226983959789269607e-01	1.411493048571809683e-01	2.688734371506659171e-01	1.680215979648090330e-01	7.910994782170750750e-02	3.386064602885482250e-02	8.628667019768235247e-02
1.422304442814653157e+03	2.211503199929965302e-01	1.401075331361887610e-01	2.698629251891989100e-01	1.687123057623451106e-01	7.940230864860241267e-02	3.405231569040386569e-02	8.671229158009197135e-02
1.436817753455619140e+03	2.196289257398134076e-01	1.390831842763379511e-01	2.708349718589576627e-01	1.693911017625159832e-01	7.968990882965804046e-02	3.424142729679787583e-02	8.713048023574655743e-02
1.451331064096585123e+03	2.181337521396047585e-01	1.380759664207395210e-01	2.717899041135711791e-01	1.700581849327955919e-01	7.997282485860066070e-02	3.442800303357576586e-02	8.754136450093995270e-02
1.465844374737550879e+03	2.166643461780466406e-01	1.370855925774633888e-01	2.727280419296718161e-01	1.707137510830743499e-01	8.025113201995803802e-02	3.461206539827492434e-02	8.794507081333829968e-02
1.480357685378516862e+03	2.152202627605545870e-01	1.361117805395964664e-01	2.736496984981377500e-01	1.713579929122492074e-01	8.052490440748504008e-02	3.479363717130325162e-02	8.834172371050114103e-02
1.494870996019482618e+03	2.138010645694293221e-01	1.351542528065771964e-01	2.745551804079255920e-01	1.719911000541023971e-01	8.079421494233708645e-02	3.497274138821276218e-02	8.873144583124310814e-02
1.509384306660448374e+03	2.124063219237893041e-01	1.342127365067873335e-01	2.754447878228780122e-01	1.726132591224915913e-01	8.105913539099333931e-02	3.514940131331154016e-02	8.911435791957632302e-02
1.523897617301414357e+03	2.110356126422254786e-01	1.332869633213813465e-01	2.763188146518691934e-01	1.732246537558719546e-01	8.131973638293210627e-02	3.532364041455404724e-02	8.949057883099334476e-02
1.538410927942380113e+03	2.096885219081144891e-01	1.323766694093344576e-01	2.771775487126277304e-01	1.738254646611693821e-01	8.157608742806045365e-02	3.549548233965232891e-02	8.986022554086872671e-02
1.552924238583346096e+03	2.083646421375295044e-01	1.314815953336911647e-01	2.780212718895558321e-01	1.744158696570226041e-01	8.182825693390054222e-02	3.566495089335378066e-02	9.022341315477411250e-02
1.567437549224311852e+03	2.070635728496893480e-01	1.306014859889952640e-01	2.788502602858461965e-01	1.749960437164108651e-01	8.207631222253461423e-02	3.583207001583346013e-02	9.058025492051774430e-02
1.581950859865277607e+03	2.057849205398884773e-01	1.297360905298836076e-01	2.796647843701765002e-01	1.755661590086823043e-01	8.232031954731144907e-02	3.599686376215149169e-02	9.093086224173359267e-02
1.596464170506243590e+03	2.045282985548521615e-01	1.288851623008255842e-01	2.804651091182482903e-01	1.761263849409975268e-01	8.256034410931635537e-02	3.615935628272848312e-02	9.127534469285905616e-02
1.610977481147209119e+03	2.032933269704628454e-01	1.280484587669909469e-01	2.812514941494185794e-01	1.766768881992013263e-01	8.279645007360719733e-02	3.631957180479390701e-02	9.161381003535265521e-02
1.625490791788175102e+03	2.020796324718058812e-01	1.272257414462285297e-01	2.820241938586595665e-01	1.772178327881351045e-01	8.302870058521892582e-02	3.647753461476472420e-02	9.194636423501474642e-02
1.640004102429141085e+03	2.008868482354828344e-01	1.264167758421388954e-01	2.827834575440665854e-01	1.777493800714016747e-01	8.325715778493912589e-02	3.663326904151328889e-02	9.227311148028510823e-02
1.654517413070107068e+03	1.997146138141439875e-01	1.256213313782240937e-01	2.835295295301228924e-01	1.782716888105928821e-01	8.348188282485688450e-02	3.678679944048554584e-02	9.259415420140129638e-02
1.669030723711072824e+03	1.985625750231917730e-01	1.248391813330979733e-01	2.842626492869164689e-01	1.787849152039903688e-01	8.370293588368762916e-02	3.693815017863237571e-02	9.290959309031099345e-02
1.683544034352038352e+03	1.974303838296083968e-01	1.240701027767407150e-01	2.849830515454946922e-01	1.792892129247489752e-01	8.392037618187643544e-02	3.708734562011847119e-02	9.321952712123982021e-02
1.698057344993004335e+03	1.963176982428628536e-01	1.233138765077816390e-01	2.856909664095297341e-01	1.797847331585715469e-01	8.413426199648220416e-02	3.723441011277485446e-02	9.352405357182466683e-02
1.712570655633970318e+03	1.952241822078528144e-01	1.225702869917942861e-01	2.863866194634593909e-01	1.802716246408836709e-01	8.434465067584533127e-02	3.737936797526267285e-02	9.382326804472933268e-02
1.727083966274936301e+03	1.941495054998388925e-01	1.218391223005884094e-01	2.870702318772588857e-01	1.807500336935161378e-01	8.455159865404139607e-02	3.752224348491731143e-02	9.411726448966657721e-02
1.741597276915902057e+03	1.930933436213298493e-01	1.211201740524831677e-01	2.877420205079888049e-01	1.812201042609025703e-01	8.475516146512326876e-02	3.766306086624316568e-02	9.440613522575679040e-02
1.756110587556867813e+03	1.920553777008777441e-01	1.204132373535466566e-01	2.884021979982590578e-01	1.816819779457996831e-01	8.495539375715439878e-02	3.780184428003090236e-02	9.468997096415930625e-02
1.770623898197833569e+03	1.910352943937435877e-01	1.197181107397868177e-01	2.890509728717373106e-01	1.821357940445362811e-01	8.515234930603543528e-02	3.793861781307016068e-02	9.496886083091808650e-02
1.785137208838799552e+03	1.900327857843957802e-01	1.190345961202787517e-01	2.896885496258279624e-01	1.825816895817980734e-01	8.534608102912717709e-02	3.807340546843183265e-02	9.524289238996810902e-02
1.799650519479765535e+03	1.890475492908026689e-01	1.183624987212142932e-01	2.903151288216357373e-01	1.830197993449539373e-01	8.553664099867194781e-02	3.820623115629522698e-02	9.551215166625388886e-02
1.814163830120731291e+03	1.880792875704838663e-01	1.177016270308592766e-01	2.909309071713267469e-01	1.834502559179297942e-01	8.572408045501613005e-02	3.833711868529645489e-02	9.577672316891540361e-02
1.828677140761696819e+03	1.871277084282841063e-01	1.170517927454045315e-01	2.915360776229906636e-01	1.838731897146355099e-01	8.590844981963620397e-02	3.846609175437542411e-02	9.603668991450121928e-02
1.843190451402663257e+03	1.861925247258349181e-01	1.164128107156966740e-01	2.921308294431031460e-01	1.842887290119505639e-01	8.608979870797096867e-02	3.859317394509980542e-02	9.629213345017161030e-02
1.857703762043628785e+03	1.852734542926706973e-01	1.157844988948350529e-01	2.927153482966826648e-01	1.846969999822733188e-01	8.626817594206226403e-02	3.871838871444526625e-02	9.654313387685846404e-02
1.872217072684594768e+03	1.843702198389658709e-01	1.151666782866213046e-01	2.932898163252311008e-01	1.850981267256391893e-01	8.644362956300669087e-02	3.884175938801204958e-02	9.678976987235163310e-02
1.886730383325560297e+03	1.834825488698606510e-01	1.145591728948482935e-01	2.938544122225422717e-01	1.854922313014125412e-01	8.661620684322079988e-02	3.896330915365903147e-02	9.703211871428420177e-02
1.901243693966526507e+03	1.826101736013448773e-01	1.139618096734152097e-01	2.944093113084592650e-01	1.858794337595572610e-01	8.678595429852216381e-02	3.908306105553696619e-02	9.727025630299207526e-02
1.915757004607492036e+03	1.817528308776679424e-01	1.133744184772561697e-01	2.949546856006559081e-01	1.862598521714900202e-01	8.695291770002880338e-02	3.920103798850353011e-02	9.750425718422546517e-02
1.930270315248458019e+03	1.809102620902459102e-01	1.127968320140692593e-01	2.954907038845159262e-01	1.866336026605216469e-01	8.711714208587928443e-02	3.931726269290349712e-02	9.773419457169239821e-02
1.944783625889424002e+03	1.800822130980360147e-01	1.122288857968337106e-01	2.960175317811776785e-01	1.870007994318903244e-01	8.727867177277590094e-02	3.943175774969800290e-02	9.796014036941630421e-02
1.959296936530389530e+03	1.792684341493500921e-01	1.116704180971027499e-01	2.965353318138113092e-01	1.873615548023911115e-01	8.743755036735337272e-02	3.954454557592763236e-02	9.818216519389166841e-02
1.973810247171355968e+03	1.784686798050789946e-01	1.111212698990600850e-01	2.970442634721890962e-01	1.877159792296062280e-01	8.759382077737531969e-02	3.965564842049457833e-02	9.840033839602363441e-02
1.988323557812321269e+03	1.776827088633004537e-01	1.105812848543277910e-01	2.975444832756098945e-01	1.880641813407400720e-01	8.774752522276087208e-02	3.976508836024988947e-02	9.861472808283903990e-02
2.002836868453287707e+03	1.769102842852440793e-01	1.100503092375139380e-01	2.980361448342331299e-01	1.884062679610631896e-01	8.789870524644377570e-02	3.987288729637222806e-02	9.882540113895771361e-02
2.017350179094252780e+03	1.761511731225873234e-01	1.095281919024882894e-01	2.985193989088773536e-01	1.887423441419690262e-01	8.804740172506625440e-02	3.997906695102518976e-02	9.903242324781458272e-02
2.031863489735218764e+03	1.754051464460563148e-01	1.090147842393745931e-01	2.989943934693345406e-01	1.890725131886479282e-01	8.819365487950978078e-02	4.008364886428088941e-02	9.923585891262400038e-02
2.046376800376184747e+03	1.746719792753076705e-01	1.085099401322479895e-01	2.994612737512482581e-01	1.893968766873816989e-01	8.833750428526525311e-02	4.018665439129784356e-02	9.943577147707932662e-02
2.060890111017150957e+03	1.739514505100658026e-01	1.080135159175266424e-01	2.999201823116047771e-01	1.897155345324631759e-01	8.847898888264453532e-02	4.028810469974172109e-02	9.963222314578139283e-02
2.075403421658116713e+03	1.732433428624925442e-01	1.075253703430463781e-01	3.003712590828797047e-01	1.900285849527445503e-01	8.861814698683585789e-02	4.038802076743807506e-02	9.982527500439095092e-02
2.089916732299082469e+03	1.725474427907655040e-01	1.070453645278077598e-01	3.008146414258847101e-01	1.903361245378179245e-01	8.875501629780492563e-02	4.048642338024652926e-02	1.000149870395007079e-01
2.104430042940048224e+03	1.718635404338423045e-01	1.065733619223845213e-01	3.012504641813546491e-01	1.906382482638324660e-01	8.888963391004418846e-02	4.058333313014641369e-02	1.002014181582235319e-01
2.118943353581013525e+03	1.711914295473883629e-01	1.061092282699834105e-01	3.016788597203139966e-01	1.909350495189516550e-01	8.902203632217231544e-02	4.067877041352406520e-02	1.003846262074942625e-01
2.133456664221980191e+03	1.705309074408462577e-01	1.056528315681445340e-01	3.020999579932613366e-01	1.912266201284541778e-01	8.915225944638588418e-02	4.077275542965275168e-02	1.005646679930831677e-01
2.147969974862945492e+03	1.698817749156253942e-01	1.052040420310724339e-01	3.025138865782065478e-01	1.915130503794827410e-01	8.928033861776554780e-02	4.086530817935602605e-02	1.007415992983194813e-01
2.162483285503912157e+03	1.692438362043907629e-01	1.047627320525875150e-01	3.029207707275963224e-01	1.917944290454439427e-01	8.940630860343874720e-02	4.095644846384629417e-02	1.009154749025245462e-01
2.176996596144877003e+03	1.686168989114306405e-01	1.043287761696882476e-01	3.033207334141607703e-01	1.920708434100633633e-01	8.953020361160077267e-02	4.104619588373022154e-02	1.010863485991541910e-01
2.191509906785843214e+03	1.680007739540824996e-01	1.039020510267141262e-01	3.037138953757120841e-01	1.923423792910992358e-01	8.965205730039657595e-02	4.113456983817318641e-02	1.012542732136504919e-01
2.206023217426809424e+03	1.673952755051982821e-01	1.034824353400998626e-01	3.041003751589275161e-01	1.926091210637185247e-01	8.977190278666505319e-02	4.122158952421525746e-02	1.014193006210036829e-01
2.220536528067775180e+03	1.668002209366288846e-01	1.030698098637114896e-01	3.044802891621440910e-01	1.928711516835391604e-01	8.988977265454790866e-02	4.130727393623147281e-02	1.015814817630251582e-01
2.235049838708740936e+03	1.662154307637095374e-01	1.026640573547547841e-01	3.048537516771947509e-01	1.931285527093415666e-01	9.000569896396502789e-02	4.139164186552943270e-02	1.017408666653331073e-01
2.249563149349706237e+03	1.656407285907273708e-01	1.022650625402471147e-01	3.052208749303116919e-01	1.933814043254538373e-01	9.011971325895826168e-02	4.147471190007766262e-02	1.018975044540522679e-01
2.264076459990672902e+03	1.650759410573530428e-01	1.018727120840434291e-01	3.055817691221242027e-01	1.936297853638136446e-01	9.023184657590567481e-02	4.155650242435821040e-02	1.020514433722300024e-01
2.278589770631638203e+03	1.645208977860186383e-01	1.014868945544077361e-01	3.059365424667749300e-01	1.938737733257105966e-01	9.034212945160796648e-02	4.163703161933750285e-02	1.022027307959707948e-01
2.293103081272604413e+03	1.639754313302245470e-01	1.011075003921209775e-01	3.062853012301798850e-01	1.941134444032126816e-01	9.045059193124897756e-02	4.171631746254945983e-02	1.023514132502916785e-01
2.307616391913570169e+03	1.634393771237580006e-01	1.007344218791170060e-01	3.066281497674540057e-01	1.943488735002801837e-01	9.055726357623236633e-02	4.179437772828532155e-02	1.024975364247013299e-01
2.322129702554535925e+03	1.629125734308070894e-01	1.003675531076378830e-01	3.069651905595261465e-01	1.945801342535710410e-01	9.066217347189585440e-02	4.187122998788470052e-02	1.026411451885055337e-01
2.336643013195502135e+03	1.623948612969530469e-01	1.000067899499002683e-01	3.072965242489641424e-01	1.948072990529406967e-01	9.076535023510517997e-02	4.194689161012273015e-02	1.027822836058421424e-01
2.351156323836467891e+03	1.618860845010256511e-01	9.965203002826467094e-02	3.076222496750311564e-01	1.950304390616403316e-01	9.086682202172946532e-02	4.202137976168825173e-02	1.029209949504486798e-01
2.365669634477433647e+03	1.613860895078053637e-01	9.930317268589923529e-02	3.079424639079934578e-01	1.952496242362165013e-01	9.096661653399959468e-02	4.209471140774833503e-02	1.030573217201657399e-01
2.380182945118399402e+03	1.608947254215568334e-01	9.896011895793040136e-02	3.082572622826986741e-01	1.954649233461165370e-01	9.106476102775162840e-02	4.216690331259453223e-02	1.031913056511796212e-01
2.394696255759364703e+03	1.604118439403791341e-01	9.862277154307216853e-02	3.085667384314440542e-01	1.956764039930021792e-01	9.116128231955661354e-02	4.223797204036638248e-02	1.033229877320077095e-01
2.409209566400331823e+03	1.599372993113572228e-01	9.829103477572659342e-02	3.088709843161518975e-01	1.958841326297756646e-01	9.125620679373883104e-02	4.230793395584809408e-02	1.034524082172299658e-01
2.423722877041296670e+03	1.594709482865006023e-01	9.796481459854752827e-02	3.091700902598704670e-01	1.960881745793213171e-01	9.134956040928386700e-02	4.237680522533422700e-02	1.035796066409702537e-01
2.438236187682262880e+03	1.590126500794545039e-01	9.764401853546035570e-02	3.094641449776170394e-01	1.962885940529663364e-01	9.144136870663835404e-02	4.244460181756055245e-02	1.037046218301311690e-01
2.452749498323228636e+03	1.585622663229701301e-01	9.732855566513018419e-02	3.097532356065791359e-01	1.964854541686638367e-01	9.153165681440283974e-02	4.251133950469637712e-02	1.038274919173858418e-01
2.467262808964194392e+03	1.581196610271196901e-01	9.701833659487120454e-02	3.100374477356905301e-01	1.966788169689019650e-01	9.162044945591955869e-02	4.257703386339474483e-02	1.039482543539306664e-01
2.481776119605160602e+03	1.576847005382431277e-01	9.671327343499010187e-02	3.103168654345968003e-01	1.968687434383422086e-01	9.170777095575655125e-02	4.264170027589705286e-02	1.040669459220025794e-01
2.496289430246126358e+03	1.572572534986132753e-01	9.641327977355641787e-02	3.105915712820253027e-01	1.970552935211902779e-01	9.179364524608971121e-02	4.270535393118890521e-02	1.041836027471645665e-01
2.510802740887092114e+03	1.568371908068063314e-01	9.611827065159282701e-02	3.108616463935747753e-01	1.972385261383029775e-01	9.187809587298439995e-02	4.276800982620397595e-02	1.042982603103632111e-01
2.525316051528057415e+03	1.564243855787652571e-01	9.582816253867874889e-02	3.111271704489370071e-01	1.974184992040344255e-01	9.196114600257808414e-02	4.282968276707287136e-02	1.044109534597621181e-01
2.539829362169024080e+03	1.560187131095434332e-01	9.554287330896010788e-02	3.113882217185659496e-01	1.975952696428247002e-01	9.204281842716542650e-02	4.289038737041412502e-02	1.045217164223547074e-01
2.554342672809989381e+03	1.556200508357165058e-01	9.526232221755909224e-02	3.116448770898058163e-01	1.977688934055345793e-01	9.212313557118738394e-02	4.295013806466459194e-02	1.046305828153604733e-01
2.568855983450955591e+03	1.552282782984501786e-01	9.498642987737700161e-02	3.118972120924918823e-01	1.979394254855291191e-01	9.220211949712585342e-02	4.300894909144649392e-02	1.047375856574079833e-01
2.583369294091921347e+03	1.548432771072125180e-01	9.471511823628399329e-02	3.121453009240358067e-01	1.981069199345138199e-01	9.227979191130507297e-02	4.306683450696871529e-02	1.048427573795086554e-01
2.597882604732887103e+03	1.544649309041190854e-01	9.444831055468920489e-02	3.123892164740077471e-01	1.982714298781264872e-01	9.235617416960148485e-02	4.312380818345976086e-02	1.049461298358248390e-01
2.612395915373853313e+03	1.540931253288996272e-01	9.418593138348524407e-02	3.126290303482271438e-01	1.984330075312875086e-01	9.243128728306318487e-02	4.317988381063016246e-02	1.050477343142358216e-01
2.626909226014819069e+03	1.537277479844750827e-01	9.392790654236067571e-02	3.128648128923725569e-01	1.985917042133123755e-01	9.250515192344051230e-02	4.323507489716207908e-02	1.051476015467053826e-01
2.641422536655784825e+03	1.533686884031343345e-01	9.367416309847462208e-02	3.130966332151228770e-01	1.987475703627892831e-01	9.257778842862912638e-02	4.328939477222393944e-02	1.052457617194545031e-01
2.655935847296750580e+03	1.530158380132994878e-01	9.342462934548757814e-02	3.133245592108392374e-01	1.989006555522248032e-01	9.264921680802684634e-02	4.334285658700805233e-02	1.053422444829426319e-01
2.670449157937716336e+03	1.526690901068698536e-01	9.317923478294239115e-02	3.135486575817991728e-01	1.990510085024611298e-01	9.271945674780557312e-02	4.339547331628932497e-02	1.054370789616612125e-01
2.684962468578682547e+03	1.523283398071337558e-01	9.293791009598982578e-02	3.137689938599920181e-01	1.991986770968675047e-01	9.278852761609969468e-02	4.344725776000313289e-02	1.055302937637427330e-01
2.699475779219648302e+03	1.519934840372384188e-01	9.270058713545303863e-02	3.139856324284864830e-01	1.993437083953092381e-01	9.285644846811218212e-02	4.349822254484060624e-02	1.056219169903886979e-01
2.713989089860614058e+03	1.516644214892079179e-01	9.246719889822523075e-02	3.141986365423790062e-01	1.994861486478972101e-01	9.292323805113962554e-02	4.354838012585958429e-02	1.057119762451200762e-01
2.728502400501579814e+03	1.513410525934993645e-01	9.223767950799528770e-02	3.144080683493326589e-01	1.996260433085208230e-01	9.298891480951752830e-02	4.359774278810964881e-02	1.058004986428533467e-01
2.743015711142545115e+03	1.510232794890878916e-01	9.201196419629562029e-02	3.146139889097154807e-01	1.997634370481674859e-01	9.305349688948702513e-02	4.364632264826966840e-02	1.058875108188054859e-01
2.757529021783511780e+03	1.507110059940711955e-01	9.178998928386726541e-02	3.148164582163472391e-01	1.998983737680313510e-01	9.311700214398428710e-02	4.369413165629629225e-02	1.059730389372310899e-01
2.772042332424477081e+03	1.504041375767840027e-01	9.157169216233677911e-02	3.150155352138626630e-01	2.000308966124145771e-01	9.317944813735379306e-02	4.374118159708208220e-02	1.060571086999948370e-01
2.786555643065443292e+03	1.501025813274139975e-01	9.135701127619987039e-02	3.152112778177002528e-01	2.001610479814236732e-01	9.324085214998664717e-02	4.378748409212187415e-02	1.061397453549824121e-01
2.801068953706408593e+03	1.498062459301098270e-01	9.114588610510671041e-02	3.154037429327240516e-01	2.002888695434641153e-01	9.330123118288506656e-02	4.383305060118602298e-02	1.062209737043529334e-01
2.815582264347374803e+03	1.495150416355728873e-01	9.093825714644383773e-02	3.155929864714867583e-01	2.004144022475357334e-01	9.336060196215424656e-02	4.387789242399940670e-02	1.063008181126359059e-01
2.830095574988341014e+03	1.492288802341240617e-01	9.073406589820803836e-02	3.157790633721414553e-01	2.005376863353318939e-01	9.341898094342271364e-02	4.392202070192487845e-02	1.063793025146757276e-01
2.844608885629306769e+03	1.489476750292372809e-01	9.053325484216689922e-02	3.159620276160102215e-01	2.006587613531453096e-01	9.347638431619224864e-02	4.396544641965016709e-02	1.064564504234266351e-01
2.859122196270272525e+03	1.486713408115313273e-01	9.033576742730180242e-02	3.161419322448161817e-01	2.007776661635830295e-01	9.353282800811849040e-02	4.400818040687706073e-02	1.065322849376009046e-01
2.873635506911238281e+03	1.483997938332123345e-01	9.014154805352833644e-02	3.163188293775860971e-01	2.008944389570935241e-01	9.358832768922330236e-02	4.405023334001195029e-02	1.066068287491732658e-01
2.888148817552204036e+03	1.481329517829583498e-01	8.995054205568966954e-02	3.164927702272314347e-01	2.010091172633085288e-01	9.364289877603998447e-02	4.409161574385665056e-02	1.066801041507441650e-01
2.902662128193170247e+03	1.478707337612389372e-01	8.976269568781838903e-02	3.166638051168135237e-01	2.011217379622021184e-01	9.369655643569237136e-02	4.413233799329861762e-02	1.067521330427647908e-01
2.917175438834136003e+03	1.476130602560614125e-01	8.957795610766224048e-02	3.168319834955001246e-01	2.012323372950701739e-01	9.374931558990882985e-02	4.417241031499979931e-02	1.068229369406262230e-01
2.931688749475101758e+03	1.473598531191369077e-01	8.939627136146952036e-02	3.169973539542193519e-01	2.013409508753321586e-01	9.380119091897208550e-02	4.421184278908305704e-02	1.068925369816156740e-01
2.946202060116067514e+03	1.471110355424584681e-01	8.921759036902968121e-02	3.171599642410181663e-01	2.014476136991583677e-01	9.385219686560621055e-02	4.425064535081560391e-02	1.069609539317422087e-01
2.960715370757033725e+03	1.468665320352839088e-01	8.904186290896511091e-02	3.173198612761304882e-01	2.015523601559249256e-01	9.390234763880124513e-02	4.428882779228852234e-02	1.070282081924345263e-01
2.975228681397999480e+03	1.466262684015166295e-01	8.886903960426965898e-02	3.174770911667612605e-01	2.016552240384990868e-01	9.395165721757693655e-02	4.432639976409177840e-02	1.070943198071132862e-01
2.989741992038964781e+03	1.463901717174772577e-01	8.869907190809006581e-02	3.176316992215932333e-01	2.017562385533576141e-01	9.400013935468620740e-02	4.436337077698394860e-02	1.071593084676403518e-01
3.004255302679930992e+03	1.461581703100589824e-01	8.853191208974603432e-02	3.177837299650205227e-01	2.018554363305401778e-01	9.404780758025940712e-02	4.439975020355611812e-02	1.072231935206474918e-01
3.018768613320896748e+03	1.459301937352605050e-01	8.836751322098514161e-02	3.179332271511159935e-01	2.019528494334406898e-01	9.409467520539037400e-02	4.443554727988928421e-02	1.072859939737467599e-01
3.033281923961862958e+03	1.457061727570894416e-01	8.820582916246866301e-02	3.180802337773371291e-01	2.020485093684389333e-01	9.414075532566501536e-02	4.447077110720470960e-02	1.073477285016248561e-01
3.047795234602828714e+03	1.454860393268297691e-01	8.804681455048431193e-02	3.182247920979759392e-01	2.021424470943746776e-01	9.418606082463355789e-02	4.450543065350667099e-02	1.074084154520237866e-01
3.062308545243794470e+03	1.452697265626672618e-01	8.789042478388237045e-02	3.183669436373581796e-01	2.022346930318666414e-01	9.423060437722707849e-02	4.453953475521712363e-02	1.074680728516100719e-01
3.076821855884760225e+03	1.450571687296662027e-01	8.773661601123126930e-02	3.185067292027966013e-01	2.023252770724789651e-01	9.427439845311944011e-02	4.457309211880174787e-02	1.075267184117344732e-01
3.091335166525725526e+03	1.448483012200916797e-01	8.758534511818906465e-02	3.186441888973037817e-01	2.024142285877371661e-01	9.431745532003536769e-02	4.460611132238699594e-02	1.075843695340846090e-01
3.105848477166692192e+03	1.446430605340711661e-01	8.743656971508721731e-02	3.187793621320688109e-01	2.025015764379959615e-01	9.435978704700552500e-02	4.463860081736761853e-02	1.076410433162323932e-01
3.120361787807657493e+03	1.444413842605895004e-01	8.729024812472314931e-02	3.189122876387028294e-01	2.025873489811610972e-01	9.440140550756943860e-02	4.467056893000437984e-02	1.076967565570784019e-01
3.134875098448624158e+03	1.442432110588112437e-01	8.714633937035795586e-02	3.190430034812580251e-01	2.026715740812678468e-01	9.444232238292710191e-02	4.470202386301148217e-02	1.077515257621951550e-01
3.149388409089589004e+03	1.440484806397254736e-01	8.700480316391613622e-02	3.191715470680248634e-01	2.027542791169176795e-01	9.448254916504003620e-02	4.473297369713342964e-02	1.078053671490712268e-01
3.163901719730555214e+03	1.438571337481062695e-01	8.686559989438362439e-02	3.192979551631112134e-01	2.028354909895759006e-01	9.452209715968265535e-02	4.476342639271091439e-02	1.078582966522582537e-01
3.178415030371521425e+03	1.436691121447843389e-01	8.672869061640106625e-02	3.194222638978086448e-01	2.029152361317319853e-01	9.456097748944473913e-02	4.479338979123552444e-02	1.079103299284224909e-01
3.192928341012487181e+03	1.434843585892237594e-01	8.659403703904898497e-02	3.195445087817495033e-01	2.029935405149249639e-01	9.459920109668562560e-02	4.482287161689289812e-02	1.079614823613031099e-01
3.207441651653452936e+03	1.433028168223988152e-01	8.646160151482172596e-02	3.196647247138586501e-01	2.030704296576358314e-01	9.463677874644114973e-02	4.485187947809405468e-02	1.080117690665786112e-01
3.221954962294418237e+03	1.431244315499657915e-01	8.633134702878673961e-02	3.197829459931051388e-01	2.031459286330489500e-01	9.467372102928382771e-02	4.488042086899476230e-02	1.080612048966435729e-01
3.236468272935384903e+03	1.429491484257242595e-01	8.620323718792653744e-02	3.198992063290564403e-01	2.032200620766847488e-01	9.471003836413717514e-02	4.490850317100258948e-02	1.081098044452970947e-01
3.250981583576350204e+03	1.427769140353630228e-01	8.607723621065997699e-02	3.200135388522392099e-01	2.032928541939054423e-01	9.474574100104485308e-02	4.493613365427145956e-02	1.081575820523449083e-01
3.265494894217316414e+03	1.426076758804857847e-01	8.595330891653980843e-02	3.201259761243116508e-01	2.033643287672959599e-01	9.478083902389534965e-02	4.496331947918358329e-02	1.082045518081167501e-01
3.280008204858282170e+03	1.424413823629117892e-01	8.583142071612387403e-02	3.202365501480496368e-01	2.034345091639218062e-01	9.481534235310287717e-02	4.499006769781847825e-02	1.082507275579005085e-01
3.294521515499247926e+03	1.422779827692461918e-01	8.571153760101665742e-02	3.203452923771508698e-01	2.035034183424660192e-01	9.484926074824527598e-02	4.501638525540902630e-02	1.082961229062949504e-01
3.309034826140214136e+03	1.421174272557160501e-01	8.559362613407868470e-02	3.204522337258610132e-01	2.035710788602470567e-01	9.488260381065941051e-02	4.504227899178434025e-02	1.083407512214824009e-01
