4.305615490153201677e+02	4.232179035364111441e-01	2.722724752474547372e-01	1.331592408019068030e-01	7.952686179032830704e-02	4.318446277697540747e-02	1.495498082046985318e-02	3.368407502627686345e-02
4.353993192289755143e+02	4.215276197571680150e-01	2.711929529637520653e-01	1.344081236880674546e-01	8.026433055167769837e-02	4.347363496559390750e-02	1.506757575539480372e-02	3.406576231816927508e-02
4.402370894426308041e+02	4.198473405226616495e-01	2.701194272723368428e-01	1.356469851545376859e-01	8.099752051611519565e-02	4.376131203582420831e-02	1.518030211058388028e-02	3.444711238776376055e-02
4.450748596562860939e+02	4.181770034872759889e-01	2.690518651840126951e-01	1.368759439756581930e-01	8.172646002520285446e-02	4.404750058057570195e-02	1.529314891641673363e-02	3.482807783068105761e-02
4.499126298699413837e+02	4.165165467566929181e-01	2.679902338891043678e-01	1.380951168551358410e-01	8.245117711960511797e-02	4.433220718998626131e-02	1.540610542766824784e-02	3.520861276163047421e-02
4.547504000835967304e+02	4.148659088833321351e-01	2.669345007564443151e-01	1.393046184705519219e-01	8.317169954476956450e-02	4.461543845067509478e-02	1.551916111918461190e-02	3.558867277486564562e-02
4.595881702972519065e+02	4.132250288618614098e-01	2.658846333323669486e-01	1.405045615168344642e-01	8.388805475647202747e-02	4.489720094501772896e-02	1.563230568164880596e-02	3.596821490562197160e-02
4.644259405109071963e+02	4.115938461247761748e-01	2.648405993397104363e-01	1.416950567487194612e-01	8.460026992622947384e-02	4.517750125044263376e-02	1.574552901743351413e-02	3.634719759251176657e-02
4.692637107245624861e+02	4.099723005380466190e-01	2.638023666768258280e-01	1.428762130222253068e-01	8.530837194658381917e-02	4.545634593874892798e-02	1.585882123653951578e-02	3.672558064085352375e-02
4.741014809382177759e+02	4.083603323968317822e-01	2.627699034165933978e-01	1.440481373351636118e-01	8.601238743625995442e-02	4.573374157544459612e-02	1.597217265261767494e-02	3.710332518691259601e-02
4.789392511518730657e+02	4.067578824212578770e-01	2.617431778054464253e-01	1.452109348667099953e-01	8.671234274520109309e-02	4.600969471910479336e-02	1.608557377907266633e-02	3.748039366303079767e-02
4.837770213655284124e+02	4.051648917522610027e-01	2.607221582624016931e-01	1.463647090160570541e-01	8.740826395948445016e-02	4.628421192074960028e-02	1.619901532524661847e-02	3.785674976362331939e-02
4.886147915791837022e+02	4.035813019474917551e-01	2.597068133780972010e-01	1.475095614401712441e-01	8.810017690612027830e-02	4.655729972324089416e-02	1.631248819268093717e-02	3.823235841202152208e-02
4.934525617928388783e+02	4.020070549772815638e-01	2.586971119138366526e-01	1.486455920906752659e-01	8.878810715773707840e-02	4.682896466069770558e-02	1.642598347145454024e-02	3.860718572814106353e-02
4.982903320064942250e+02	4.004420932206685935e-01	2.576930228006410473e-01	1.497728992498769673e-01	8.947208003715581559e-02	4.709921325792967156e-02	1.653949243659687263e-02	3.898119899695503404e-02
5.031281022201495148e+02	3.988863594614823205e-01	2.566945151383062673e-01	1.508915795659649395e-01	9.015212062185601338e-02	4.736805202988816910e-02	1.665300654457399845e-02	3.935436663775235960e-02
5.079658724338048046e+02	3.973397968844859518e-01	2.557015581944680482e-01	1.520017280873907917e-01	9.082825374833621013e-02	4.763548748113455994e-02	1.676651742984620191e-02	3.972665817416227985e-02
5.128036426474600376e+02	3.958023490715752435e-01	2.547141214036732215e-01	1.531034382964572838e-01	9.150050401637155328e-02	4.790152610532523447e-02	1.688001690149551134e-02	4.009804420492612403e-02
5.176414128611153274e+02	3.942739599980321641e-01	2.537321743664568419e-01	1.541968021421316892e-01	9.216889579317100178e-02	4.816617438471296891e-02	1.699349693992160959e-02	4.046849637539796235e-02
5.224791830747705035e+02	3.927545740288331810e-01	2.527556868484267527e-01	1.552819100721023471e-01	9.283345321743675937e-02	4.842943878966415178e-02	1.710694969360463183e-02	4.083798734975641054e-02
5.273169532884259070e+02	3.912441359150107822e-01	2.517846287793532589e-01	1.563588510640970819e-01	9.349420020332806225e-02	4.869132577819158814e-02	1.722036747593337982e-02	4.120649078391001863e-02
5.321547235020811968e+02	3.897425907900666231e-01	2.508189702522659603e-01	1.574277126564802842e-01	9.415116044433208264e-02	4.895184179550238213e-02	1.733374276209755788e-02	4.157398129907929202e-02
5.369924937157364866e+02	3.882498841664357436e-01	2.498586815225560809e-01	1.584885809781465815e-01	9.480435741704396069e-02	4.921099327356049519e-02	1.744706818604255597e-02	4.194043445603876097e-02
5.418302639293917764e+02	3.867659619320014674e-01	2.489037330070849319e-01	1.595415407777273642e-01	9.545381438485835146e-02	4.946878663066377885e-02	1.756033653748552067e-02	4.230582673000282679e-02
5.466680341430470662e+02	3.852907703466584843e-01	2.479540952832985645e-01	1.605866754521267370e-01	9.609955440157459672e-02	4.972522827103487142e-02	1.767354075899125673e-02	4.267013548613968893e-02
5.515058043567023560e+02	3.838242560389248381e-01	2.470097390883481125e-01	1.616240670744029384e-01	9.674160031491786660e-02	4.998032458442581288e-02	1.778667394310678301e-02	4.303333895569785850e-02
5.563435745703576458e+02	3.823663660026003774e-01	2.460706353182160744e-01	1.626537964210104659e-01	9.737997476997801993e-02	5.023408194573590613e-02	1.789972932955313442e-02	4.339541621273025618e-02
5.611813447840129356e+02	3.809170475934720024e-01	2.451367550268481743e-01	1.636759429984184777e-01	9.801470021256861176e-02	5.048650671464253309e-02	1.801270030247330983e-02	4.375634715140121894e-02
5.660191149976681118e+02	3.794762485260639306e-01	2.442080694252909689e-01	1.646905850691200157e-01	9.864579889250764400e-02	5.073760523524458582e-02	1.812558038773501301e-02	4.411611246386211438e-02
5.708568852113234016e+02	3.780439168704328723e-01	2.432845498808351992e-01	1.656977996770470640e-01	9.927329286682232135e-02	5.098738383571816551e-02	1.823836325028711444e-02	4.447469361868156001e-02
5.756946554249786914e+02	3.766200010490062811e-01	2.423661679161645266e-01	1.666976626724044896e-01	9.989720400287953328e-02	5.123584882798429968e-02	1.835104269156856774e-02	4.483207283981666125e-02
5.805324256386339812e+02	3.752044498334637934e-01	2.414528952085096269e-01	1.676902487359379634e-01	1.005175539814439634e-01	5.148300650738829587e-02	1.846361264696875018e-02	4.518823308611197298e-02
5.853701958522892710e+02	3.737972123416605230e-01	2.405447035888080842e-01	1.686756314026484904e-01	1.011343642996655467e-01	5.172886315239046129e-02	1.857606718333803045e-02	4.554315803131320922e-02
5.902079660659445608e+02	3.723982380345918775e-01	2.396415650408691422e-01	1.696538830849667334e-01	1.017476562739981355e-01	5.197342502426792465e-02	1.868840049654752963e-02	4.589683204458306492e-02
5.950457362795999643e+02	3.710074767133979545e-01	2.387434517005442569e-01	1.706250750954002304e-01	1.023574510430510648e-01	5.221669836682722721e-02	1.880060690909702084e-02	4.624924017150674332e-02
5.998835064932552541e+02	3.696248785164084616e-01	2.378503358549024227e-01	1.715892776686659127e-01	1.029637695703750910e-01	5.245868940612743309e-02	1.891268086776989529e-02	4.660036811557530939e-02
6.047212767069104302e+02	3.682503939162261597e-01	2.369621899414110222e-01	1.725465599833200803e-01	1.035666326471847559e-01	5.269940435021348152e-02	1.902461694133421310e-02	4.695020222013488592e-02
6.095590469205657200e+02	3.668839737168484993e-01	2.360789865471214222e-01	1.734969901828976313e-01	1.041660608950182171e-01	5.293884938885950325e-02	1.913640981828887769e-02	4.729872945079047902e-02
6.143968171342210098e+02	3.655255690508266708e-01	2.352006984078600649e-01	1.744406353965726186e-01	1.047620747683365577e-01	5.317703069332186533e-02	1.924805430465387560e-02	4.764593737825306013e-02
6.192345873478761860e+02	3.641751313764614029e-01	2.343272984074242504e-01	1.753775617593506808e-01	1.053546945570638382e-01	5.341395441610169437e-02	1.935954532180376303e-02	4.799181416161912850e-02
6.240723575615315895e+02	3.628326124750350656e-01	2.334587595767829427e-01	1.763078344318054769e-01	1.059439403890693882e-01	5.364962669071658696e-02	1.947087790434336857e-02	4.833634853207202653e-02
6.289101277751868793e+02	3.614979644480789123e-01	2.325950550932824878e-01	1.772315176193688668e-01	1.065298322325937824e-01	5.388405363148133370e-02	1.958204719802490723e-02	4.867952977699468303e-02
6.337478979888421691e+02	3.601711397146751259e-01	2.317361582798571906e-01	1.781486745911861347e-01	1.071123898986200557e-01	5.411724133329735842e-02	1.969304845770551357e-02	4.902134772448361877e-02
6.385856682024975726e+02	3.588520910087932836e-01	2.308820426042446639e-01	1.790593676985463012e-01	1.076916330431912094e-01	5.434919587145070619e-02	1.980387704534446180e-02	4.936179272825436115e-02
6.434234384161527487e+02	3.575407713766599604e-01	2.300326816782059802e-01	1.799636583928974076e-01	1.082675811696755808e-01	5.457992330141827469e-02	1.991452842803911882e-02	4.970085565292861607e-02
6.482612086298080385e+02	3.562371341741613628e-01	2.291880492567504035e-01	1.808616072434569289e-01	1.088402536309813901e-01	5.480942965868219885e-02	2.002499817609889460e-02	5.003852785969382932e-02
6.530989788434633283e+02	3.549411330642781581e-01	2.283481192373648938e-01	1.817532739544263642e-01	1.094096696317214124e-01	5.503772095855204161e-02	2.013528196115630525e-02	5.037480119232588122e-02
6.579367490571185044e+02	3.536527220145521122e-01	2.275128656592481924e-01	1.826387173818201093e-01	1.099758482303295204e-01	5.526480319599464536e-02	2.024537555431447922e-02	5.070966796356603246e-02
6.627745192707737942e+02	3.523718552945840354e-01	2.266822627025492642e-01	1.835179955499169069e-01	1.105388083411297795e-01	5.549068234547150508e-02	2.035527482433018703e-02	5.104312094184341314e-02
6.676122894844290840e+02	3.510984874735620931e-01	2.258562846876106811e-01	1.843911656673432597e-01	1.110985687363596208e-01	5.571536436078330934e-02	2.046497573583179116e-02	5.137515333833443665e-02
6.724500596980843738e+02	3.498325734178198698e-01	2.250349060742160012e-01	1.852582841427974081e-01	1.116551480481480924e-01	5.593885517492160064e-02	2.057447434757128657e-02	5.170575879435092975e-02
6.772878299117396637e+02	3.485740682884246877e-01	2.242181014608418954e-01	1.861194066004223102e-01	1.122085647704503530e-01	5.616116069992735382e-02	2.068376681070975900e-02	5.203493136904883271e-02
6.821256001253949535e+02	3.473229275387941795e-01	2.234058455839146029e-01	1.869745878948357309e-01	1.127588372609394235e-01	5.638228682675617415e-02	2.079284936713555326e-02	5.236266552744956587e-02
6.869633703390502433e+02	3.460791069123417274e-01	2.225981133170704951e-01	1.878238821258258751e-01	1.133059837428563033e-01	5.660223942515008738e-02	2.090171834781446095e-02	5.268895612876629136e-02
6.918011405527055331e+02	3.448425624401497136e-01	2.217948796704213577e-01	1.886673426527201158e-01	1.138500223068195372e-01	5.682102434351563036e-02	2.101037017117125122e-02	5.301379841502769363e-02
6.966389107663608229e+02	3.436132504386702480e-01	2.209961197898235030e-01	1.895050221084346453e-01	1.143909709125951329e-01	5.703864740880813106e-02	2.111880134150193045e-02	5.333718799999171561e-02
7.014766809800161127e+02	3.423911275074530414e-01	2.202018089561514347e-01	1.903369724132125407e-01	1.149288473908279123e-01	5.725511442642203935e-02	2.122700844741601603e-02	5.365912085834233930e-02
7.063144511936714025e+02	3.411761505268996464e-01	2.194119225845754806e-01	1.911632447880574626e-01	1.154636694447351564e-01	5.747043118008707263e-02	2.133498816030830053e-02	5.397959331516219428e-02
7.111522214073266923e+02	3.399682766560437330e-01	2.186264362238437564e-01	1.919838897678704803e-01	1.159954546517635715e-01	5.768460343177004429e-02	2.144273723285940181e-02	5.429860203567432597e-02
7.159899916209819821e+02	3.387674633303573435e-01	2.178453255555680701e-01	1.927989572142963237e-01	1.165242204652104097e-01	5.789763692158228503e-02	2.155025249756454750e-02	5.461614401524639978e-02
7.208277618346371582e+02	3.375736682595816274e-01	2.170685663935139065e-01	1.936084963282868054e-01	1.170499842158097131e-01	5.810953736769243483e-02	2.165753086529001448e-02	5.493221656965088795e-02
7.256655320482924481e+02	3.363868494255832231e-01	2.162961346828946585e-01	1.944125556623870488e-01	1.175727631132844619e-01	5.832031046624444603e-02	2.176456932385663345e-02	5.524681732557492481e-02
7.305033022619478515e+02	3.352069650802342315e-01	2.155280064996696332e-01	1.952111831327519031e-01	1.180925742478655394e-01	5.852996189128073512e-02	2.187136493664978629e-02	5.555994421137356448e-02
7.353410724756030277e+02	3.340339737433165035e-01	2.147641580498461655e-01	1.960044260308982378e-01	1.186094345917782789e-01	5.873849729467030267e-02	2.197791484125542760e-02	5.587159544806055006e-02
7.401788426892584312e+02	3.328678342004492419e-01	2.140045656687854791e-01	1.967923310351995525e-01	1.191233610006974114e-01	5.894592230604165511e-02	2.208421624812148196e-02	5.618176954053062666e-02
7.450166129029136073e+02	3.317085055010400851e-01	2.132492058205126551e-01	1.975749442221290952e-01	1.196343702151713151e-01	5.915224253272044486e-02	2.219026643924417591e-02	5.649046526900768084e-02
7.498543831165690108e+02	3.305559469562582842e-01	2.124980550970305415e-01	1.983523110772570097e-01	1.201424788620160666e-01	5.935746355967168320e-02	2.229606276687879154e-02	5.679768168071314821e-02
7.546921533302243006e+02	3.294101181370308051e-01	2.117510902176370224e-01	1.991244765060074529e-01	1.206477034556803218e-01	5.956159094944640103e-02	2.240160265227428282e-02	5.710341808174919376e-02
7.595299235438793630e+02	3.282709788720605260e-01	2.110082880282466988e-01	1.998914848441813996e-01	1.211500603995815800e-01	5.976463024213261171e-02	2.250688358443135584e-02	5.740767402919134260e-02
7.643676937575347665e+02	3.271384892458653049e-01	2.102696255007159842e-01	2.006533798682503811e-01	1.216495659874145541e-01	5.996658695531047883e-02	2.261190311888344392e-02	5.771044932338542655e-02
7.692054639711900563e+02	3.260126095968390314e-01	2.095350797321719194e-01	2.014102048054266791e-01	1.221462364044324234e-01	6.016746658401160575e-02	2.271665887650018562e-02	5.801174400044375318e-02
7.740432341848452324e+02	3.248933005153334386e-01	2.088046279443449837e-01	2.021620023435150570e-01	1.226400877287015523e-01	6.036727460068227330e-02	2.282114854231289888e-02	5.831155832493546687e-02
7.788810043985006359e+02	3.237805228417602876e-01	2.080782474829052098e-01	2.029088146405512161e-01	1.231311359323303545e-01	6.056601645515053561e-02	2.292536986436163882e-02	5.860989278276646647e-02
7.837187746121558121e+02	3.226742376647140920e-01	2.073559158168023497e-01	2.036506833342318912e-01	1.236193968826729689e-01	6.076369757459708365e-02	2.302932065256338423e-02	5.890674807424399473e-02
7.885565448258112156e+02	3.215744063191146029e-01	2.066376105376093453e-01	2.043876495511415259e-01	1.241048863435083305e-01	6.096032336352977948e-02	2.313299877760092299e-02	5.920212510732141692e-02
7.933943150394665054e+02	3.204809903843687247e-01	2.059233093588694885e-01	2.051197539157800231e-01	1.245876199761952879e-01	6.115589920376164612e-02	2.323640216983204401e-02	5.949602499101871306e-02
7.982320852531219089e+02	3.193939516825524683e-01	2.052129901154473302e-01	2.058470365593965679e-01	1.250676133408043234e-01	6.135043045439245168e-02	2.333952881821859532e-02	5.978844902901427755e-02
8.030698554667769713e+02	3.183132522766107808e-01	2.045066307628828628e-01	2.065695371286336290e-01	1.255448818972264569e-01	6.154392245179352017e-02	2.344237676927502304e-02	6.007939871340378657e-02
8.079076256804323748e+02	3.172388544685770806e-01	2.038042093767494511e-01	2.072872947939858324e-01	1.260194410062598913e-01	6.173638050959583817e-02	2.354494412603602704e-02	6.036887571862197682e-02
8.127453958940876646e+02	3.161707207978105560e-01	2.031057041520150652e-01	2.080003482580778940e-01	1.264913059306750631e-01	6.192780991868134660e-02	2.364722904704288572e-02	6.065688189552331105e-02
8.175831661077428407e+02	3.151088140392519499e-01	2.024110934024070940e-01	2.087087357637658902e-01	1.269604918362583490e-01	6.211821594717727851e-02	2.374922974534814449e-02	6.094341926561752665e-02
8.224209363213982442e+02	3.140530972016968292e-01	2.017203555597804898e-01	2.094124951020656655e-01	1.274270137928352475e-01	6.230760384045346684e-02	2.385094448753827950e-02	6.122849001545627168e-02
8.272587065350534203e+02	3.130035335260868412e-01	2.010334691734896317e-01	2.101116636199128473e-01	1.278908867752735212e-01	6.249597882112258029e-02	2.395237159277394459e-02	6.151209649116703287e-02
8.320964767487085965e+02	3.119600864838176779e-01	2.003504129097630204e-01	2.108062782277579927e-01	1.283521256644664099e-01	6.268334608904317651e-02	2.405350943184752024e-02	6.179424119313066399e-02
8.369342469623640000e+02	3.109227197750647487e-01	1.996711655510819972e-01	2.114963754070007529e-01	1.288107452482970539e-01	6.286971082132540578e-02	2.415435642625754151e-02	6.207492677079897575e-02
8.417720171760191761e+02	3.098913973271251732e-01	1.989957059955622387e-01	2.121819912172669687e-01	1.292667602225839041e-01	6.305507817233953205e-02	2.425491104729975145e-02	6.235415601764892485e-02
8.466097873896745796e+02	3.088660832927762057e-01	1.983240132563388880e-01	2.128631613035320835e-01	1.297201851920082305e-01	6.323945327372682002e-02	2.435517181517438470e-02	6.263193186626989095e-02
8.514475576033297557e+02	3.078467420486502015e-01	1.976560664609549323e-01	2.135399209030944823e-01	1.301710346710235888e-01	6.342284123441310761e-02	2.445513729810940701e-02	6.290825738358082897e-02
8.562853278169851592e+02	3.068333381936254045e-01	1.969918448507527731e-01	2.142123048524022799e-01	1.306193230847479680e-01	6.360524714062464058e-02	2.455480611149937070e-02	6.318313576617402838e-02
8.611230980306403353e+02	3.058258365472328877e-01	1.963313277802691548e-01	2.148803475937370033e-01	1.310650647698392568e-01	6.378667605590641887e-02	2.465417691705959133e-02	6.345657033578222528e-02
8.659608682442956251e+02	3.048242021480780384e-01	1.956744947166331738e-01	2.155440831817571345e-01	1.315082739753539731e-01	6.396713302114268029e-02	2.475324842199533998e-02	6.372856453486615280e-02
8.707986384579510286e+02	3.038284002522789184e-01	1.950213252389676188e-01	2.162035452899051524e-01	1.319489648635899792e-01	6.414662305457974334e-02	2.485201937818577039e-02	6.399912192231936581e-02
8.756364086716062047e+02	3.028383963319181693e-01	1.943717990377934468e-01	2.168587672166808200e-01	1.323871515109134867e-01	6.432515115185077903e-02	2.495048858138225814e-02	6.426824616928754341e-02
8.804741788852616082e+02	3.018541560735107376e-01	1.937258959144374515e-01	2.175097818917843262e-01	1.328228479085708513e-01	6.450272228600295588e-02	2.504865487042093677e-02	6.453594105509927181e-02
8.853119490989170117e+02	3.008756453764859229e-01	1.930835957804430125e-01	2.181566218821314185e-01	1.332560679634852419e-01	6.467934140752633343e-02	2.514651712644908055e-02	6.480221046330558732e-02
8.901497193125721878e+02	2.999028303516837468e-01	1.924448786569840364e-01	2.187993193977444961e-01	1.336868254990388194e-01	6.485501344438485138e-02	2.524407427216510472e-02	6.506705837782557345e-02
8.949874895262273640e+02	2.989356773198660333e-01	1.918097246742818673e-01	2.194379062975215511e-01	1.341151342558407067e-01	6.502974330204923381e-02	2.534132527107192320e-02	6.533048887919533365e-02
8.998252597398827675e+02	2.979741528102408110e-01	1.911781140710255011e-01	2.200724140948864260e-01	1.345410078924811625e-01	6.520353586353161424e-02	2.543826912674339996e-02	6.559250614091774456e-02
9.046630299535379436e+02	2.970182235590012598e-01	1.905500271937946855e-01	2.207028739633226655e-01	1.349644599862720173e-01	6.537639598942206198e-02	2.553490488210363382e-02	6.585311442591042230e-02
9.095008001671932334e+02	2.960678565078774804e-01	1.899254444964859900e-01	2.213293167417939300e-01	1.353855040339740634e-01	6.554832851792675996e-02	2.563123161871881661e-02	6.611231808304959823e-02
9.143385703808486369e+02	2.951230188027029189e-01	1.893043465397422631e-01	2.219517729400534989e-01	1.358041534525114558e-01	6.571933826490786168e-02	2.572724845610147373e-02	6.637012154380722562e-02
9.191763405945038130e+02	2.941836777919924484e-01	1.886867139903846136e-01	2.225702727438449713e-01	1.362204215796737061e-01	6.588943002392498582e-02	2.582295455102679230e-02	6.662652931897923569e-02
9.240141108081592165e+02	2.932498010255348841e-01	1.880725276208475849e-01	2.231848460199974682e-01	1.366343216748051870e-01	6.605860856627826516e-02	2.591834909686084251e-02	6.688154599550255597e-02
9.288518810218145063e+02	2.923213562529976550e-01	1.874617683086174935e-01	2.237955223214168621e-01	1.370458669194828949e-01	6.622687864105289424e-02	2.601343132290045296e-02	6.713517623335857332e-02
9.336896512354697961e+02	2.913983114225443538e-01	1.868544170356734313e-01	2.244023308919760040e-01	1.374550704181823346e-01	6.639424497516514811e-02	2.610820049372451421e-02	6.738742476256100178e-02
9.385274214491247449e+02	2.904806346794651106e-01	1.862504548879312660e-01	2.250053006713060855e-01	1.378619451989320510e-01	6.656071227340984442e-02	2.620265590855649918e-02	6.763829638022597623e-02
9.433651916627801484e+02	2.895682943648186791e-01	1.856498630546905559e-01	2.256044602994910497e-01	1.382665042139571143e-01	6.672628521850916539e-02	2.629679690063798855e-02	6.788779594772230419e-02
9.482029618764355519e+02	2.886612590140872903e-01	1.850526228280844898e-01	2.261998381216678011e-01	1.386687603403118085e-01	6.689096847116275668e-02	2.639062283661298969e-02	6.813592838789976625e-02
9.530407320900908417e+02	2.877594973558433855e-01	1.844587156025324637e-01	2.267914621925339325e-01	1.390687263805014673e-01	6.705476667009914460e-02	2.648413311592284769e-02	6.838269868239371663e-02
9.578785023037459041e+02	2.868629783104280628e-01	1.838681228741956830e-01	2.273793602807652470e-01	1.394664150630942345e-01	6.721768443212840227e-02	2.657732717021155100e-02	6.862811186900381888e-02
9.627162725174014213e+02	2.859716709886412911e-01	1.832808262404355959e-01	2.279635598733449897e-01	1.398618390433226943e-01	6.737972635219602324e-02	2.667020446274121284e-02	6.887217303914522359e-02
9.675540427310568248e+02	2.850855446904439483e-01	1.826968073992751018e-01	2.285440881798069535e-01	1.402550109036753700e-01	6.754089700343784974e-02	2.676276448781760020e-02	6.911488733537021756e-02
9.723918129447120009e+02	2.842045689036709066e-01	1.821160481488624805e-01	2.291209721363941798e-01	1.406459431544791472e-01	6.770120093723627774e-02	2.685500677022543276e-02	6.935625994895867896e-02
9.772295831583674044e+02	2.833287133027553861e-01	1.815385303869383182e-01	2.296942384101354206e-01	1.410346482344717323e-01	6.786064268327735016e-02	2.694693086467334076e-02	6.959629611757556233e-02
9.820673533720223531e+02	2.824579477474647438e-01	1.809642361103050712e-01	2.302639134028408863e-01	1.414211385113654795e-01	6.801922674960907134e-02	2.703853635524827714e-02	6.983500112299363682e-02
9.869051235856777566e+02	2.815922422816468096e-01	1.803931474142993763e-01	2.308300232550194730e-01	1.418054262824018363e-01	6.817695762270055415e-02	2.712982285487921391e-02	7.007238028887996517e-02
9.917428937993331601e+02	2.807315671319873807e-01	1.798252464922671379e-01	2.313925938497188584e-01	1.421875237748974063e-01	6.833383976750224964e-02	2.722079000480991801e-02	7.030843897864438863e-02
9.965806640129884499e+02	2.798758927067780955e-01	1.792605156350413342e-01	2.319516508162904056e-01	1.425674431467812420e-01	6.848987762750706476e-02	2.731143747408068881e-02	7.054318259334853292e-02
1.001418434226643626e+03	2.790251895946952443e-01	1.786989372304225721e-01	2.325072195340806280e-01	1.429451964871240044e-01	6.864507562481235448e-02	2.740176495901887679e-02	7.077661656967376702e-02
1.006256204440298802e+03	2.781794285635884600e-01	1.781404937626622775e-01	2.330593251360505713e-01	1.433207958166589080e-01	6.879943816018278813e-02	2.749177218273798212e-02	7.100874637794647726e-02
1.011093974653954206e+03	2.773385805592801789e-01	1.775851678119485799e-01	2.336079925123250578e-01	1.436942530882948099e-01	6.895296961311407624e-02	2.758145889464522216e-02	7.123957752021953249e-02
1.015931744867609382e+03	2.765026167043750371e-01	1.770329420538947485e-01	2.341532463136730691e-01	1.440655801876215003e-01	6.910567434189744673e-02	2.767082486995741178e-02	7.146911552840821968e-02
1.020769515081264785e+03	2.756715082970792596e-01	1.764837992590307103e-01	2.346951109549210990e-01	1.444347889334073876e-01	6.925755668368488438e-02	2.775986990922495873e-02	7.169736596247928972e-02
1.025607285294920075e+03	2.748452268100298190e-01	1.759377222922964557e-01	2.352336106183004483e-01	1.448018910780899671e-01	6.940862095455518910e-02	2.784859383786388032e-02	7.192433440869187844e-02
1.030445055508575479e+03	2.740237438891337529e-01	1.753946941125388292e-01	2.357687692567307924e-01	1.451668983082589626e-01	6.955887144958060320e-02	2.793699650569565415e-02	7.215002647788901213e-02
1.035282825722230655e+03	2.732070313524170846e-01	1.748546977720103757e-01	2.363006105970404669e-01	1.455298222451325285e-01	6.970831244289424355e-02	2.802507778649478837e-02	7.237444780383815723e-02
1.040120595935886058e+03	2.723950611888824591e-01	1.743177164158712100e-01	2.368291581431256065e-01	1.458906744450263471e-01	6.985694818775813053e-02	2.811283757754395526e-02	7.259760404161989811e-02
1.044958366149541234e+03	2.715878055573777150e-01	1.737837332816929425e-01	2.373544351790490559e-01	1.462494663998164246e-01	7.000478291663182751e-02	2.820027579919654956e-02	7.281950086606316097e-02
1.049796136363196410e+03	2.707852367854721720e-01	1.732527316989656008e-01	2.378764647720806036e-01	1.466062095373949214e-01	7.015182084124167716e-02	2.828739239444655676e-02	7.304014397022615124e-02
1.054633906576851814e+03	2.699873273683432995e-01	1.727246950886070498e-01	2.383952697756798467e-01	1.469609152221198201e-01	7.029806615265067615e-02	2.837418732850555472e-02	7.325953906392153325e-02
1.059471676790506763e+03	2.691940499676717669e-01	1.721996069624746328e-01	2.389108728324227104e-01	1.473135947552582370e-01	7.044352302132876609e-02	2.846066058838681370e-02	7.347769187228486709e-02
1.064309447004162394e+03	2.684053774105458201e-01	1.716774509228797541e-01	2.394232963768732070e-01	1.476642593754237953e-01	7.058819559722380454e-02	2.854681218249622773e-02	7.369460813438519220e-02
1.069147217217817570e+03	2.676212826883745399e-01	1.711582106621046262e-01	2.399325626384012644e-01	1.480129202590077242e-01	7.073208800983291078e-02	2.863264214023009471e-02	7.391029360187664765e-02
1.073984987431472746e+03	2.668417389558095376e-01	1.706418699619217105e-01	2.404386936439482092e-01	1.483595885206044074e-01	7.087520436827431103e-02	2.871815051157951965e-02	7.412475403769008819e-02
1.078822757645127922e+03	2.660667195296757548e-01	1.701284126931155161e-01	2.409417112207407063e-01	1.487042752134312140e-01	7.101754876135969730e-02	2.880333736674138903e-02	7.433799521476359973e-02
1.083660527858783553e+03	2.652961978879102567e-01	1.696178228150068690e-01	2.414416369989544620e-01	1.490469913297425009e-01	7.115912525766696084e-02	2.888820279573576372e-02	7.455002291481102605e-02
1.088498298072438729e+03	2.645301476685103514e-01	1.691100843749798743e-01	2.419384924143287430e-01	1.493877478012385074e-01	7.129993790561332812e-02	2.897274690802958269e-02	7.476084292712746604e-02
1.093336068286093905e+03	2.637685426684891477e-01	1.686051815080109040e-01	2.424322987107328242e-01	1.497265554994686998e-01	7.143999073352892693e-02	2.905696983216657370e-02	7.497046104743074202e-02
1.098173838499749309e+03	2.630113568428399939e-01	1.681030984362003322e-01	2.429230769426853342e-01	1.500634252362301468e-01	7.157928774973071340e-02	2.914087171540326315e-02	7.517888307673809001e-02
1.103011608713404712e+03	2.622585643035088010e-01	1.676038194683066029e-01	2.434108479778275547e-01	1.503983677639605387e-01	7.171783294259669039e-02	2.922445272335095351e-02	7.538611482027682276e-02
1.107849378927059888e+03	2.615101393183746348e-01	1.671073289992825450e-01	2.438956324993517277e-01	1.507313937761264322e-01	7.185563028064057001e-02	2.930771303962360561e-02	7.559216208642850765e-02
1.112687149140715292e+03	2.607660563102381923e-01	1.666136115098142967e-01	2.443774510083853435e-01	1.510625139076066936e-01	7.199268371258660260e-02	2.939065286549147685e-02	7.579703068570545210e-02
1.117524919354370468e+03	2.600262898558181601e-01	1.661226515658625891e-01	2.448563238263322395e-01	1.513917387350710020e-01	7.212899716744479439e-02	2.947327241954044233e-02	7.600072642975883030e-02
1.122362689568025871e+03	2.592908146847556772e-01	1.656344338182061116e-01	2.453322710971714837e-01	1.517190787773538552e-01	7.226457455458644430e-02	2.955557193733690177e-02	7.620325513041757703e-02
1.127200459781681047e+03	2.585596056786259034e-01	1.651489430019876248e-01	2.458053127897152357e-01	1.520445444958241077e-01	7.239941976381981947e-02	2.963755167109814043e-02	7.640462259875728523e-02
1.132038229995336451e+03	2.578326378699578036e-01	1.646661639362621277e-01	2.462754686998258891e-01	1.523681462947498455e-01	7.253353666546612233e-02	2.971921188936809885e-02	7.660483464419823307e-02
1.136876000208991627e+03	2.571098864412615925e-01	1.641860815235473281e-01	2.467427584525940243e-01	1.526898945216592085e-01	7.266692911043569347e-02	2.980055287669843012e-02	7.680389707363195761e-02
1.141713770422646803e+03	2.563913267240627292e-01	1.637086807493767782e-01	2.472072015044774751e-01	1.530097994676967166e-01	7.279960093030446444e-02	2.988157493333473344e-02	7.700181569057537589e-02
1.146551540636302207e+03	2.556769341979445720e-01	1.632339466818548690e-01	2.476688171454027310e-01	1.533278713679756822e-01	7.293155593739053533e-02	2.996227837490791912e-02	7.719859629435198156e-02
1.151389310849957155e+03	2.549666844895974172e-01	1.627618644712144069e-01	2.481276245008291748e-01	1.536441204019263762e-01	7.306279792483091895e-02	3.004266353213059029e-02	7.739424467929931217e-02
1.156227081063612786e+03	2.542605533718753086e-01	1.622924193493764100e-01	2.485836425337773214e-01	1.539585566936403915e-01	7.319333066665859033e-02	3.012273075049834783e-02	7.758876663400192386e-02
1.161064851277267962e+03	2.535585167628593983e-01	1.618255966295119863e-01	2.490368900468212243e-01	1.542711903122109263e-01	7.332315791787949455e-02	3.020248038999594556e-02	7.778216794054934602e-02
1.165902621490923138e+03	2.528605507249292450e-01	1.613613817056067656e-01	2.494873856840465198e-01	1.545820312720695422e-01	7.345228341454980436e-02	3.028191282480822977e-02	7.797445437381821109e-02
1.170740391704578315e+03	2.521666314638404405e-01	1.608997600520273574e-01	2.499351479329744163e-01	1.548910895333189264e-01	7.358071087385333053e-02	3.036102844303573828e-02	7.816563170077810152e-02
1.175578161918233945e+03	2.514767353278093975e-01	1.604407172230901957e-01	2.503801951264522652e-01	1.551983750020623221e-01	7.370844399417893211e-02	3.043982764641491381e-02	7.835570567982028112e-02
1.180415932131889122e+03	2.507908388066051319e-01	1.599842388526323544e-01	2.508225454445119351e-01	1.555038975307290738e-01	7.383548645519810716e-02	3.051831085004285890e-02	7.854468206010889464e-02
1.185253702345544298e+03	2.501089185306475393e-01	1.595303106535848892e-01	2.512622169161958796e-01	1.558076669183969254e-01	7.396184191794266671e-02	3.059647848210650389e-02	7.873256658095395544e-02
1.190091472559199701e+03	2.494309512701127218e-01	1.590789184175481485e-01	2.516992274213524783e-01	1.561096929111108755e-01	7.408751402488246429e-02	3.067433098361619509e-02	7.891936497120545513e-02
1.194929242772855105e+03	2.487569139340446711e-01	1.586300480143693625e-01	2.521335946924006532e-01	1.564099852021985648e-01	7.421250640000319476e-02	3.075186880814352597e-02	7.910508294866831769e-02
1.199767012986510281e+03	2.480867835694738899e-01	1.581836853917224506e-01	2.525653363160643705e-01	1.567085534325826646e-01	7.433682264888422098e-02	3.082909242156345320e-02	7.928972621953729594e-02
1.204604783200165684e+03	2.474205373605422031e-01	1.577398165746897729e-01	2.529944697350781646e-01	1.570054071910897131e-01	7.446046635877644204e-02	3.090600230180053781e-02	7.947330047785153284e-02
1.209442553413820860e+03	2.467581526276340920e-01	1.572984276653463520e-01	2.534210122498641860e-01	1.573005560147561488e-01	7.458344109868023097e-02	3.098259893857925953e-02	7.965581140496813539e-02
1.214280323627476264e+03	2.460996068265146053e-01	1.568595048423460092e-01	2.538449810201806045e-01	1.575940093891310401e-01	7.470575041942341399e-02	3.105888283317838339e-02	7.983726466905431696e-02
1.219118093841131440e+03	2.454448775474733779e-01	1.564230343605097773e-01	2.542663930667432015e-01	1.578857767485760677e-01	7.482739785373912489e-02	3.113485449818924333e-02	8.001766592459763627e-02
1.223955864054786844e+03	2.447939425144750880e-01	1.559890025504162836e-01	2.546852652728194832e-01	1.581758674765621764e-01	7.494838691634383987e-02	3.121051445727792903e-02	8.019702081193369470e-02
1.228793634268442020e+03	2.441467795843158817e-01	1.555573958179942984e-01	2.551016143857969265e-01	1.584642909059637839e-01	7.506872110401524578e-02	3.128586324495129245e-02	8.037533495679105577e-02
1.233631404482097196e+03	2.435033667457861262e-01	1.551282006441176142e-01	2.555154570187252450e-01	1.587510563193499091e-01	7.518840389567016391e-02	3.136090140632669804e-02	8.055261396985273492e-02
1.238469174695752372e+03	2.428636821188393247e-01	1.547014035842015078e-01	2.559268096518333424e-01	1.590361729492724974e-01	7.530743875244248764e-02	3.143562949690548169e-02	8.072886344633392608e-02
1.243306944909407548e+03	2.422277039537666932e-01	1.542769912678018107e-01	2.563356886340214524e-01	1.593196499785522746e-01	7.542582911776093968e-02	3.151004808235001453e-02	8.090408896557543805e-02
1.248144715123063179e+03	2.415954106303780657e-01	1.538549503982157562e-01	2.567421101843293529e-01	1.596014965405616326e-01	7.554357841742696811e-02	3.158415773826436096e-02	8.107829609065247967e-02
1.252982485336718355e+03	2.409667806571885451e-01	1.534352677520848807e-01	2.571460903933805997e-01	1.598817217195052653e-01	7.566069005969244810e-02	3.165795904997847215e-02	8.125149036799841906e-02
1.257820255550373531e+03	2.403417926706109542e-01	1.530179301790002000e-01	2.575476452248034454e-01	1.601603345506978637e-01	7.577716743533741139e-02	3.173145261233578651e-02	8.142367732704297589e-02
1.262658025764028707e+03	2.397204254341541718e-01	1.526029246011091078e-01	2.579467905166292763e-01	1.604373440208396173e-01	7.589301391774762318e-02	3.180463902948424404e-02	8.159486247986461049e-02
1.267495795977684338e+03	2.391026578376271583e-01	1.521902380127245213e-01	2.583435419826684565e-01	1.607127590682891349e-01	7.600823286299211723e-02	3.187751891467065224e-02	8.176505132085659655e-02
1.272333566191339514e+03	2.384884688963485877e-01	1.517798574799360534e-01	2.587379152138645777e-01	1.609865885833339227e-01	7.612282760990073116e-02	3.195009289003836184e-02	8.193424932640645808e-02
1.277171336404994690e+03	2.378778377503622810e-01	1.513717701402229610e-01	2.591299256796268935e-01	1.612588414084585864e-01	7.623680148014141955e-02	3.202236158642812053e-02	8.210246195458845153e-02
1.282009106618650094e+03	2.372707436636580514e-01	1.509659632020694808e-01	2.595195887291421033e-01	1.615295263386107016e-01	7.635015777829753936e-02	3.209432564318217412e-02	8.226969464486866279e-02
1.286846876832305497e+03	2.366671660233981289e-01	1.505624239445817469e-01	2.599069195926657083e-01	1.617986521214642981e-01	7.646289979194499653e-02	3.216598570795143469e-02	8.243595281782239992e-02
1.291684647045960673e+03	2.360670843391490803e-01	1.501611397171069839e-01	2.602919333827927173e-01	1.620662274576812611e-01	7.657503079172936489e-02	3.223734243650576425e-02	8.260124187486353464e-02
1.296522417259616077e+03	2.354704782421191134e-01	1.497620979388544493e-01	2.606746450957090344e-01	1.623322610011705691e-01	7.668655403144276905e-02	3.230839649254729079e-02	8.276556719798550121e-02
1.301360187473271253e+03	2.348773274844007108e-01	1.493652860985184849e-01	2.610550696124233627e-01	1.625967613593451155e-01	7.679747274810073965e-02	3.237914854752669408e-02	8.292893414951359177e-02
1.306197957686926657e+03	2.342876119382186761e-01	1.489706917539035669e-01	2.614332216999802894e-01	1.628597370933767274e-01	7.690779016201886031e-02	3.244959928046241282e-02	8.309134807186824290e-02
1.311035727900581833e+03	2.337013115951833697e-01	1.485783025315509931e-01	2.618091160126542194e-01	1.631211967184489908e-01	7.701750947688938698e-02	3.251974937776275221e-02	8.325281428733900813e-02
1.315873498114237009e+03	2.331184065655492188e-01	1.481881061263679855e-01	2.621827670931260457e-01	1.633811487040080779e-01	7.712663387985761732e-02	3.258959953305082258e-02	8.341333809786895259e-02
1.320711268327892412e+03	2.325388770774783898e-01	1.478000903012581524e-01	2.625541893736411669e-01	1.636396014740114369e-01	7.723516654159817696e-02	3.265915044699230219e-02	8.357292478484912301e-02
1.325549038541547588e+03	2.319627034763095397e-01	1.474142428867543930e-01	2.629233971771502976e-01	1.638965634071746502e-01	7.734311061639115303e-02	3.272840282712587839e-02	8.373157960892285701e-02
1.330386808755202765e+03	2.313898662238316750e-01	1.470305517806533013e-01	2.632904047184332352e-01	1.641520428372164886e-01	7.745046924219804729e-02	3.279735738769645748e-02	8.388930780979962643e-02
1.335224578968857941e+03	2.308203458975630340e-01	1.466490049476516233e-01	2.636552261052056978e-01	1.644060480531017721e-01	7.755724554073757659e-02	3.286601484949101815e-02	8.404611460607816498e-02
1.340062349182513572e+03	2.302541231900351593e-01	1.462695904189847129e-01	2.640178753392093958e-01	1.646585872992826216e-01	7.766344261756133460e-02	3.293437593967706717e-02	8.420200519507861636e-02
1.344900119396168748e+03	2.296911789080815225e-01	1.458922962920666810e-01	2.643783663172866172e-01	1.649096687759377400e-01	7.776906356212925919e-02	3.300244139164369012e-02	8.435698475268346708e-02
1.349737889609823924e+03	2.291314939721313393e-01	1.455171107301324041e-01	2.647367128324382701e-01	1.651593006392100271e-01	7.787411144788491946e-02	3.307021194484512788e-02	8.451105843318690303e-02
1.354575659823479100e+03	2.285750494155082690e-01	1.451440219618815586e-01	2.650929285748669373e-01	1.654074910014421973e-01	7.797858933233063616e-02	3.313768834464686508e-02	8.466423136915263159e-02
1.359413430037134731e+03	2.280218263837336667e-01	1.447730182811242938e-01	2.654470271330040543e-01	1.656542479314110083e-01	7.808250025710247733e-02	3.320487134217417480e-02	8.481650867127947524e-02
1.364251200250789907e+03	2.274718061338349417e-01	1.444040880464290133e-01	2.657990219945228216e-01	1.658995794545594649e-01	7.818584724804494845e-02	3.327176169416302259e-02	8.496789542827500041e-02
1.369088970464445310e+03	2.269249700336583853e-01	1.440372196807717387e-01	2.661489265473360177e-01	1.661434935532274948e-01	7.828863331528558567e-02	3.333836016281344072e-02	8.511839670673662650e-02
1.373926740678100487e+03	2.263812995611867163e-01	1.436724016711872498e-01	2.664967540805796564e-01	1.663859981668810162e-01	7.839086145330931288e-02	3.340466751564521303e-02	8.526801755104013170e-02
1.378764510891755890e+03	2.258407763038616234e-01	1.433096225684223068e-01	2.668425177855824892e-01	1.666271011923392276e-01	7.849253464103267408e-02	3.347068452535581495e-02	8.541676298323523653e-02
1.383602281105411066e+03	2.253033819579103592e-01	1.429488709865906204e-01	2.671862307568213524e-01	1.668668104840003996e-01	7.859365584187771869e-02	3.353641196968069893e-02	8.556463800294826505e-02
1.388440051319066470e+03	2.247690983276773580e-01	1.425901356028292932e-01	2.675279059928635794e-01	1.671051338540660847e-01	7.869422800384588690e-02	3.360185063125576549e-02	8.571164758729145350e-02
1.393277821532721646e+03	2.242379073249601285e-01	1.422334051569573987e-01	2.678675563972957585e-01	1.673420790727638274e-01	7.879425405959146478e-02	3.366700129748205483e-02	8.585779669077880927e-02
