4.353993192289755143e+02	4.215888453714778938e-01	2.710531310901291846e-01	1.344372708570056307e-01	7.998560128489440313e-02	4.373357365738240327e-02	1.506241929015820005e-02	3.413915844877356276e-02
4.402370894426308041e+02	4.199077952025476734e-01	2.699809157014376182e-01	1.356767233774276438e-01	8.072725901553330641e-02	4.401667003277686535e-02	1.517560735716614456e-02	3.451502931293196769e-02
4.450748596562860939e+02	4.182366959292240782e-01	2.689146583761500842e-01	1.369062090175546531e-01	8.146442751521153214e-02	4.429834597068900426e-02	1.528890592860294474e-02	3.489075726238891062e-02
4.499126298699413837e+02	4.165754854891540182e-01	2.678543261647956530e-01	1.381258479566684072e-01	8.219714153461693540e-02	4.457860697358652369e-02	1.540230437304392942e-02	3.526628750795576112e-02
4.547504000835967304e+02	4.149241022724194927e-01	2.667998863029937828e-01	1.393357581999239703e-01	8.292543534252759529e-02	4.485745856186215685e-02	1.551579228049169805e-02	3.564156703960244532e-02
4.595881702972519065e+02	4.132824851168343527e-01	2.657513062102435653e-01	1.405360556272802208e-01	8.364934273647453566e-02	4.513490627259777316e-02	1.562935945799021412e-02	3.601654457840039458e-02
4.644259405109071963e+02	4.116505733033180015e-01	2.647085534887252956e-01	1.417268540412357780e-01	8.436889705313377341e-02	4.541095565836341524e-02	1.574299592533328837e-02	3.639117052971147653e-02
4.692637107245624861e+02	4.100283065513440905e-01	2.636715959221156425e-01	1.429082652134000819e-01	8.508413117845445295e-02	4.568561228605047542e-02	1.585669191086523655e-02	3.676539693759096200e-02
4.741014809382177759e+02	4.084156250144627687e-01	2.626404014744155302e-01	1.440803989299294929e-01	8.579507755753019993e-02	4.595888173573800528e-02	1.597043784737158661e-02	3.713917744037335128e-02
4.789392511518730657e+02	4.068124692758944838e-01	2.616149382887902886e-01	1.452433630358561378e-01	8.650176820421998092e-02	4.623076959959143695e-02	1.608422436805772779e-02	3.751246722741084783e-02
4.837770213655284124e+02	4.052187803441943958e-01	2.605951746864225704e-01	1.463972634783377302e-01	8.720423471052515807e-02	4.650128148079275825e-02	1.619804230261347872e-02	3.788522299693480866e-02
4.886147915791837022e+02	4.036344996489855674e-01	2.595810791653764826e-01	1.475422043488553159e-01	8.790250825572902549e-02	4.677042299250142032e-02	1.631188267336154685e-02	3.825740291501143753e-02
4.934525617928388783e+02	4.020595690367592678e-01	2.585726203994745953e-01	1.486782879243853939e-01	8.859661961530480856e-02	4.703819975684510324e-02	1.642573669148798127e-02	3.862896657556365299e-02
4.982903320064942250e+02	4.004939307667412796e-01	2.575697672371852764e-01	1.498056147075717548e-01	8.928659916959830189e-02	4.730461740393963888e-02	1.653959575335270382e-02	3.899987496143177829e-02
5.031281022201495148e+02	3.989375275068228199e-01	2.565724887005224608e-01	1.509242834659225985e-01	8.997247691229087740e-02	4.756968157093728611e-02	1.665345143687825893e-02	3.937009040644640079e-02
5.079658724338048046e+02	3.973903023295544679e-01	2.555807539839559106e-01	1.520343912700568567e-01	9.065428245864842749e-02	4.783339790110265749e-02	1.676729549801498839e-02	3.973957655848742165e-02
5.128036426474600376e+02	3.958521987082015969e-01	2.545945324533326337e-01	1.531360335310240350e-01	9.133204505356203040e-02	4.809577204291553415e-02	1.688111986728086863e-02	4.010829834350405909e-02
5.176414128611153274e+02	3.943231605128609263e-01	2.536137936448088492e-01	1.542293040367201107e-01	9.200579357938545866e-02	4.835680964919993746e-02	1.699491664637429664e-02	4.047622193047105410e-02
5.224791830747705035e+02	3.928031320066357468e-01	2.526385072637927776e-01	1.553142949874229961e-01	9.267555656357501226e-02	4.861651637627872891e-02	1.710867810485815904e-02	4.084331469725712566e-02
5.273169532884259070e+02	3.912920578418692674e-01	2.516686431838974225e-01	1.563910970304684400e-01	9.334136218613650615e-02	4.887489788315309280e-02	1.722239667691349493e-02	4.120954519738224964e-02
5.321547235020811968e+02	3.897898830564346939e-01	2.507041714459036230e-01	1.574597992940889868e-01	9.400323828688478267e-02	4.913195983070620804e-02	1.733606495816124651e-02	4.157488312764089089e-02
5.369924937157364866e+02	3.882965530700809853e-01	2.497450622567329859e-01	1.585204894204361725e-01	9.466121237252013432e-02	4.938770788093061609e-02	1.744967570255045314e-02	4.193929929656906030e-02
5.418302639293917764e+02	3.868120136808327891e-01	2.487912859884306715e-01	1.595732535978067190e-01	9.531531162352685493e-02	4.964214769617848050e-02	1.756322181931143506e-02	4.230276559373340878e-02
5.466680341430470662e+02	3.853362110614441116e-01	2.478428131771577003e-01	1.606181765920924043e-01	9.596556290089805485e-02	4.989528493843430751e-02	1.767669636997242291e-02	4.266525495982139565e-02
5.515058043567023560e+02	3.838690917559034466e-01	2.468996145221926120e-01	1.616553417774732049e-01	9.661199275269161113e-02	5.014712526860944097e-02	1.779009256543825565e-02	4.302674135751180517e-02
5.563435745703576458e+02	3.824106026759909738e-01	2.459616608849424235e-01	1.626848311663724456e-01	9.725462742042136066e-02	5.039767434585781108e-02	1.790340376312967233e-02	4.338719974310568245e-02
5.611813447840129356e+02	3.809606910978848848e-01	2.450289232879627466e-01	1.637067254386923576e-01	9.789349284528803263e-02	5.064693782691237489e-02	1.801662346418186206e-02	4.374660603889813509e-02
5.660191149976681118e+02	3.795193046588172248e-01	2.441013729139867028e-01	1.647211039703481983e-01	9.852861467425379216e-02	5.089492136544170736e-02	1.812974531070090170e-02	4.410493710627188396e-02
5.708568852113234016e+02	3.780863913537778065e-01	2.431789811049625272e-01	1.657280448611182788e-01	9.916001826596460011e-02	5.114163061142620870e-02	1.824276308307678368e-02	4.446217071949417482e-02
5.756946554249786914e+02	3.766618995322651431e-01	2.422617193611000252e-01	1.667276249618267481e-01	9.978772869652444144e-02	5.138707121055341442e-02	1.835567069735175028e-02	4.481828554019879479e-02
5.805324256386339812e+02	3.752457778950832323e-01	2.413495593399252737e-01	1.677199199008763963e-01	1.004117707651250024e-01	5.163124880363197111e-02	1.846846220264267840e-02	4.517326109253572142e-02
5.853701958522892710e+02	3.738379754911838049e-01	2.404424728553437307e-01	1.687050041101468556e-01	1.010321689995346550e-01	5.187416902602366708e-02	1.858113177861630411e-02	4.552707773897123750e-02
5.902079660659445608e+02	3.724384417145527593e-01	2.395404318767113683e-01	1.696829508502746831e-01	1.016489476614504534e-01	5.211583750709317814e-02	1.869367373301608973e-02	4.587971665672167104e-02
5.950457362795999643e+02	3.710471263011400067e-01	2.386434085279141581e-01	1.706538322353302328e-01	1.022621307517166400e-01	5.235625986967495926e-02	1.880608249923956810e-02	4.623115981480457187e-02
5.998835064932552541e+02	3.696639793258317819e-01	2.377513750864550801e-01	1.716177192569068310e-01	1.028717420154130063e-01	5.259544172955692848e-02	1.891835263396506039e-02	4.658138995169148339e-02
6.047212767069104302e+02	3.682889511994644760e-01	2.368643039825490682e-01	1.725746818076361599e-01	1.034778049468167149e-01	5.283338869498040158e-02	1.903047881482659506e-02	4.693039055354669697e-02
6.095590469205657200e+02	3.669219926658798259e-01	2.359821677982257004e-01	1.735247887041450332e-01	1.040803427942405546e-01	5.307010636615595162e-02	1.914245583813602505e-02	4.727814583303700802e-02
6.143968171342210098e+02	3.655630547990194046e-01	2.351049392664393001e-01	1.744681077094664412e-01	1.046793785647511660e-01	5.330560033479469356e-02	1.925427861665124016e-02	4.762464070869783239e-02
6.192345873478761860e+02	3.642120890000589695e-01	2.342325912701862523e-01	1.754047055549194101e-01	1.052749350287700558e-01	5.353987618365464024e-02	1.936594217738945439e-02	4.796986078484122978e-02
6.240723575615315895e+02	3.628690469945811681e-01	2.333650968416298987e-01	1.763346479614701645e-01	1.058670347245605908e-01	5.377293948610171320e-02	1.947744165948455883e-02	4.831379233199198375e-02
6.289101277751868793e+02	3.615338808297854367e-01	2.325024291612323435e-01	1.772579996605875841e-01	1.064556999626038863e-01	5.400479580568504079e-02	1.958877231208759270e-02	4.865642226783815916e-02
6.337478979888421691e+02	3.602065428717358686e-01	2.316445615568935301e-01	1.781748244146058868e-01	1.070409528298664897e-01	5.423545069572615479e-02	1.969992949230931281e-02	4.899773813868281425e-02
6.385856682024975726e+02	3.588869858026443871e-01	2.307914675030968699e-01	1.790851850366064757e-01	1.076228151939625788e-01	5.446490969892166245e-02	1.981090866320400767e-02	4.933772810138401660e-02
6.434234384161527487e+02	3.575751626181901677e-01	2.299431206200622524e-01	1.799891434098307152e-01	1.082013087072135338e-01	5.469317834695918562e-02	1.992170539179355729e-02	4.967638090577059656e-02
6.482612086298080385e+02	3.562710266248735880e-01	2.290994946729051074e-01	1.808867605066355189e-01	1.087764548106074231e-01	5.492026216014608830e-02	2.003231534713091275e-02	5.001368587752134942e-02
6.530989788434633283e+02	3.549745314374044836e-01	2.282605635708026548e-01	1.817780964070030980e-01	1.093482747376611081e-01	5.514616664705067339e-02	2.014273429840210405e-02	5.034963290149575832e-02
6.579367490571185044e+02	3.536856309761242656e-01	2.274263013661662891e-01	1.826632103166157539e-01	1.099167895181873411e-01	5.537089730415556410e-02	2.025295811306592614e-02	5.068421240550460838e-02
6.627745192707737942e+02	3.524042794644604015e-01	2.265966822538205971e-01	1.835421605845066195e-01	1.104820199819695065e-01	5.559445961552291621e-02	2.036298275503045999e-02	5.101741534450918159e-02
6.676122894844290840e+02	3.511304314264135917e-01	2.257716805701885099e-01	1.844150047202964826e-01	1.110439867623462251e-01	5.581685905247118357e-02	2.047280428286566215e-02	5.134923318523791635e-02
6.724500596980843738e+02	3.498640416840766987e-01	2.249512707924828381e-01	1.852817994110276811e-01	1.116027102997082660e-01	5.603810107326306217e-02	2.058241884805117605e-02	5.167965789120983894e-02
6.772878299117396637e+02	3.486050653551844847e-01	2.241354275379037475e-01	1.861426005376040360e-01	1.121582108449099974e-01	5.625819112280436990e-02	2.069182269325864701e-02	5.200868190815422648e-02
6.821256001253949535e+02	3.473534578506942139e-01	2.233241255628424515e-01	1.869974631908475349e-01	1.127105084625975862e-01	5.647713463235357056e-02	2.080101215066774284e-02	5.233629814981632933e-02
6.869633703390502433e+02	3.461091748723959527e-01	2.225173397620908711e-01	1.878464416871804266e-01	1.132596230344561361e-01	5.669493701924165768e-02	2.090998364031518633e-02	5.266249998413917444e-02
6.918011405527055331e+02	3.448721724105522912e-01	2.217150451680568735e-01	1.886895895839425519e-01	1.138055742623778205e-01	5.691160368660209273e-02	2.101873366847605701e-02	5.298728121981167299e-02
6.966389107663608229e+02	3.436424067415670969e-01	2.209172169499856730e-01	1.895269596943525425e-01	1.143483816715531037e-01	5.712714002311054806e-02	2.112725882607664404e-02	5.331063609317373414e-02
7.014766809800161127e+02	3.424198344256823567e-01	2.201238304131866441e-01	1.903586041021217701e-01	1.148880646134870231e-01	5.734155140273423240e-02	2.123555578713820849e-02	5.363255925546903807e-02
7.063144511936714025e+02	3.412044123047033306e-01	2.193348609982658515e-01	1.911845741757297878e-01	1.154246422689423901e-01	5.755484318449044512e-02	2.134362130725096091e-02	5.395304576043651740e-02
7.111522214073266923e+02	3.399960974997500163e-01	2.185502842803641599e-01	1.920049205823692318e-01	1.159581336508120897e-01	5.776702071221424817e-02	2.145145222207760563e-02	5.427209105223186614e-02
7.159899916209819821e+02	3.387948474090367035e-01	2.177700759684008114e-01	1.928196933015687564e-01	1.164885576069218387e-01	5.797808931433486718e-02	2.155904544588579247e-02	5.458969095367044444e-02
7.208277618346371582e+02	3.376006197056766744e-01	2.169942119043222761e-01	1.936289416385014173e-01	1.170159328227657475e-01	5.818805430366073145e-02	2.166639797010891377e-02	5.490584165478339801e-02
7.256655320482924481e+02	3.364133723355136607e-01	2.162226680623565434e-01	1.944327142369868811e-01	1.175402778241759760e-01	5.839692097717275737e-02	2.177350686193455648e-02	5.522053970167876968e-02
7.305033022619478515e+02	3.352330635149781135e-01	2.154554205482726581e-01	1.952310590921941813e-01	1.180616109799283997e-01	5.860469461582585443e-02	2.188036926292008522e-02	5.553378198569983853e-02
7.353410724756030277e+02	3.340596517289686762e-01	2.146924455986452818e-01	1.960240235630531513e-01	1.185799505042860608e-01	5.881138048435822357e-02	2.198698238763475282e-02	5.584556573287290104e-02
7.401788426892584312e+02	3.328930957287581927e-01	2.139337195801245817e-01	1.968116543843813071e-01	1.190953144594817104e-01	5.901698383110841328e-02	2.209334352232773455e-02	5.615588849363708362e-02
7.450166129029136073e+02	3.317333545299235298e-01	2.131792189887109779e-01	1.975939976787329799e-01	1.196077207581412588e-01	5.922150988783980025e-02	2.219945002362160372e-02	5.646474813284887290e-02
7.498543831165690108e+02	3.305803874102992146e-01	2.124289204490349969e-01	1.983710989679779435e-01	1.201171871656496193e-01	5.942496386957236976e-02	2.230529931723064865e-02	5.677214282005419582e-02
7.546921533302243006e+02	3.294341539079544967e-01	2.116828007136419831e-01	1.991430031846158355e-01	1.206237313024603464e-01	5.962735097442156684e-02	2.241088889670353468e-02	5.707807102002123573e-02
7.595299235438793630e+02	3.282946138191927266e-01	2.109408366622815834e-01	1.999097546828330352e-01	1.211273706463506517e-01	5.982867638344403077e-02	2.251621632218977695e-02	5.738253148352711469e-02
7.643676937575347665e+02	3.271617271965738816e-01	2.102030053012022559e-01	2.006713972493081588e-01	1.216281225346231704e-01	6.002894526049002560e-02	2.262127921922953491e-02	5.768552323839196833e-02
7.692054639711900563e+02	3.260354543469581867e-01	2.094692837624501924e-01	2.014279741137722513e-01	1.221260041662557555e-01	6.022816275206237246e-02	2.272607527756622531e-02	5.798704558075396670e-02
7.740432341848452324e+02	3.249157558295724946e-01	2.087396493031731526e-01	2.021795279593301686e-01	1.226210326040008125e-01	6.042633398718176563e-02	2.283060224998149229e-02	5.828709806657898784e-02
7.788810043985006359e+02	3.238025924540972045e-01	2.080140793049289338e-01	2.029261009325482035e-01	1.231132247764353399e-01	6.062346407725821562e-02	2.293485795115202813e-02	5.858568050339894862e-02
7.837187746121558121e+02	3.226959252787743315e-01	2.072925512729980879e-01	2.036677346533141419e-01	1.236025974799630917e-01	6.081955811596849448e-02	2.303884025652783163e-02	5.888279294227283245e-02
7.885565448258112156e+02	3.215957156085362256e-01	2.065750428357016610e-01	2.044044702244754708e-01	1.240891673807699852e-01	6.101462117913944438e-02	2.314254710123140463e-02	5.917843566996461996e-02
7.933943150394665054e+02	3.205019249931543857e-01	2.058615317437228198e-01	2.051363482412606742e-01	1.245729510167339904e-01	6.120865832463689982e-02	2.324597647897750849e-02	5.947260920133249501e-02
7.982320852531219089e+02	3.194145152254084796e-01	2.051519958694333068e-01	2.058634088004890894e-01	1.250539647992907066e-01	6.140167459226021640e-02	2.334912644101299825e-02	5.976531427192387919e-02
8.030698554667769713e+02	3.183334483392746272e-01	2.044464132062240591e-01	2.065856915095746760e-01	1.255322250152558217e-01	6.159367500364209408e-02	2.345199509507634936e-02	6.005655183077095172e-02
8.079076256804323748e+02	3.172586866081332224e-01	2.037447618678401573e-01	2.073032354953283363e-01	1.260077478286054098e-01	6.178466456215363223e-02	2.355458060437644677e-02	6.034632303338137438e-02
8.127453958940876646e+02	3.161901925429950744e-01	2.030470200877199649e-01	2.080160794125640589e-01	1.264805492822153321e-01	6.197464825281451262e-02	2.365688118659026867e-02	6.063462923491926004e-02
8.175831661077428407e+02	3.151279288907471998e-01	2.023531662183386814e-01	2.087242614525133266e-01	1.269506452995607659e-01	6.216363104220803959e-02	2.375889511287902073e-02	6.092147198357134724e-02
8.224209363213982442e+02	3.140718586324161565e-01	2.016631787305557255e-01	2.094278193510525909e-01	1.274180516863767654e-01	6.235161787840103748e-02	2.386062070692241549e-02	6.120685301409365536e-02
8.272587065350534203e+02	3.130219449814493626e-01	2.009770362129665866e-01	2.101267903967485584e-01	1.278827841322809911e-01	6.253861369086839705e-02	2.396205634397065298e-02	6.149077424153383264e-02
8.320964767487085965e+02	3.119781513820146790e-01	2.002947173712583961e-01	2.108212114387250091e-01	1.283448582123595527e-01	6.272462339042214619e-02	2.406320044991376930e-02	6.177323775512474219e-02
8.369342469623640000e+02	3.109404415073173111e-01	1.996162010275698562e-01	2.115111188943564757e-01	1.288042893887170193e-01	6.290965186914494744e-02	2.416405150036800634e-02	6.205424581234468551e-02
8.417720171760191761e+02	3.099087792579333089e-01	1.989414661198548595e-01	2.121965487567920583e-01	1.292610930119912072e-01	6.309370400032784931e-02	2.426460801977884871e-02	6.233380083314009334e-02
8.466097873896745796e+02	3.088831287601609410e-01	1.982704917012501900e-01	2.128775366023139826e-01	1.297152843228341901e-01	6.327678463841227008e-02	2.436486858054035670e-02	6.261190539430630531e-02
8.514475576033297557e+02	3.078634543643877231e-01	1.976032569394471361e-01	2.135541175975347872e-01	1.301668784533596690e-01	6.345889861893598549e-02	2.446483180213052805e-02	6.288856222402237905e-02
8.562853278169851592e+02	3.068497206434745994e-01	1.969397411160669353e-01	2.142263265064370259e-01	1.306158904285583677e-01	6.364005075848297444e-02	2.456449635026229303e-02	6.316377419653602943e-02
8.611230980306403353e+02	3.058418923911557785e-01	1.962799236260399094e-01	2.148941976972590095e-01	1.310623351676817872e-01	6.382024585463726141e-02	2.466386093604986882e-02	6.343754432699454104e-02
8.659608682442956251e+02	3.048399346204548332e-01	1.956237839769885689e-01	2.155577651492309732e-01	1.315062274855951230e-01	6.399948868594039497e-02	2.476292431519016776e-02	6.370987576641802541e-02
8.707986384579510286e+02	3.038438125621158448e-01	1.949713017886144928e-01	2.162170624591645274e-01	1.319475820941004851e-01	6.417778401185243731e-02	2.486168528715891612e-02	6.398077179681135873e-02
8.756364086716062047e+02	3.028534916630505891e-01	1.943224567920885104e-01	2.168721228478993068e-01	1.323864136032308070e-01	6.435513657271661747e-02	2.496014269442124039e-02	6.425023582641094244e-02
8.804741788852616082e+02	3.018689375848006007e-01	1.936772288294451028e-01	2.175229791666101753e-01	1.328227365225154444e-01	6.453155108972731535e-02	2.505829542165635693e-02	6.451827138506299741e-02
8.853119490989170117e+02	3.008901162020139464e-01	1.930355978529799121e-01	2.181696639029784279e-01	1.332565652622181296e-01	6.470703226490134852e-02	2.515614239499618446e-02	6.478488211972995015e-02
8.901497193125721878e+02	2.999169936009370985e-01	1.923975439246513597e-01	2.188122091872300168e-01	1.336879141345479749e-01	6.488158478105253424e-02	2.525368258127750828e-02	6.505007179012131657e-02
8.949874895262273640e+02	2.989495360779210742e-01	1.917630472154853438e-01	2.194506467980441855e-01	1.341167973548442471e-01	6.505521330176929073e-02	2.535091498730745671e-02	6.531384426444611369e-02
8.998252597398827675e+02	2.979877101379419524e-01	1.911320880049837412e-01	2.200850081683356496e-01	1.345432290427354682e-01	6.522792247139536093e-02	2.544783865914206078e-02	6.557620351528352376e-02
9.046630299535379436e+02	2.970314824931351572e-01	1.905046466805363492e-01	2.207153243909129314e-01	1.349672232232737579e-01	6.539971691501338114e-02	2.554445268137759198e-02	6.583715361556861934e-02
9.095008001671932334e+02	2.960808200613440078e-01	1.898807037368362427e-01	2.213416262240165411e-01	1.353887938280448067e-01	6.557060123843144739e-02	2.564075617645442812e-02	6.609669873469027623e-02
9.143385703808486369e+02	2.951356899646817578e-01	1.892602397752986554e-01	2.219639440967391408e-01	1.358079546962543405e-01	6.574058002817230462e-02	2.573674830397323227e-02	6.635484313469830475e-02
9.191763405945038130e+02	2.941960595281069568e-01	1.886432355034830533e-01	2.225823081143309956e-01	1.362247195757913532e-01	6.590965785146533917e-02	2.583242826002317416e-02	6.661159116661687085e-02
9.240141108081592165e+02	2.932618962780121907e-01	1.880296717345188440e-01	2.231967480633930967e-01	1.366391021242690518e-01	6.607783925624116650e-02	2.592779527652196853e-02	6.686694726686143175e-02
9.288518810218145063e+02	2.923331679408258665e-01	1.874195293865342227e-01	2.238072934169609007e-01	1.370511159100439025e-01	6.624512877112873066e-02	2.602284862056748749e-02	6.712091595375659081e-02
9.336896512354697961e+02	2.914098424416269872e-01	1.868127894820884316e-01	2.244139733394811820e-01	1.374607744132133602e-01	6.641153090545488802e-02	2.611758759380074582e-02	6.737350182415205446e-02
9.385274214491247449e+02	2.904918879027723611e-01	1.862094331476071840e-01	2.250168166916844681e-01	1.378680910265928650e-01	6.657705014924636400e-02	2.621201153177999885e-02	6.762470955013429041e-02
9.433651916627801484e+02	2.895792726425366337e-01	1.856094416128214464e-01	2.256158520353556685e-01	1.382730790566726042e-01	6.674169097323409683e-02	2.630611980336578296e-02	6.787454387583118087e-02
9.482029618764355519e+02	2.886719651737644221e-01	1.850127962102094403e-01	2.262111076380051433e-01	1.386757517245546245e-01	6.690545782885974624e-02	2.639991181011664204e-02	6.812300961430738100e-02
9.530407320900908417e+02	2.877699342025346607e-01	1.844194783744417532e-01	2.268026114774426005e-01	1.390761221668706249e-01	6.706835514828440870e-02	2.649338698569535591e-02	6.837011164454791234e-02
9.578785023037459041e+02	2.868731486268372710e-01	1.838294696418295293e-01	2.273903912462564292e-01	1.394742034366812378e-01	6.723038734439952535e-02	2.658654479528547998e-02	6.861585490852777081e-02
9.627162725174014213e+02	2.859815775352611555e-01	1.832427516497762143e-01	2.279744743562001352e-01	1.398700085043569352e-01	6.739155881083969124e-02	2.667938473501796359e-02	6.886024440836514826e-02
9.675540427310568248e+02	2.850951902056940712e-01	1.826593061362318249e-01	2.285548879424885438e-01	1.402635502584412275e-01	6.755187392199764329e-02	2.677190633140768411e-02	6.910328520355617232e-02
9.723918129447120009e+02	2.842139561040344375e-01	1.820791149391507990e-01	2.291316588680057109e-01	1.406548415064965696e-01	6.771133703304105245e-02	2.686410914079968848e-02	6.934498240828886051e-02
9.772295831583674044e+02	2.833378448829136920e-01	1.815021599959527054e-01	2.297048137274265989e-01	1.410438949759334482e-01	6.786995247993118929e-02	2.695599274882496191e-02	6.958534118883455410e-02
9.820673533720223531e+02	2.824668263804305801e-01	1.809284233429858391e-01	2.302743788512544298e-01	1.414307233148229537e-01	6.802772457944344930e-02	2.704755676986555016e-02	6.982436676101430595e-02
9.869051235856777566e+02	2.816008706188962152e-01	1.803578871149940921e-01	2.308403803097762164e-01	1.418153390926934487e-01	6.818465762918966833e-02	2.713880084652883773e-02	7.006206438773862621e-02
9.917428937993331601e+02	2.807399478035898510e-01	1.797905335445867947e-01	2.314028439169375506e-01	1.421977548013115822e-01	6.834075590764200625e-02	2.722972464913084312e-02	7.029843937661843511e-02
9.965806640129884499e+02	2.798840283215258684e-01	1.792263449617113036e-01	2.319617952341394285e-01	1.425779828554480377e-01	6.849602367415863480e-02	2.732032787518829872e-02	7.053349707764551557e-02
1.001418434226643626e+03	2.790330827402309755e-01	1.786653037931286436e-01	2.325172595739580239e-01	1.429560355936286553e-01	6.865046516901095186e-02	2.741061024891942866e-02	7.076724288094038418e-02
1.006256204440298802e+03	2.781870818065322326e-01	1.781073925618922305e-01	2.330692620037901341e-01	1.433319252788708975e-01	6.880408461341230852e-02	2.750057152075321282e-02	7.099968221456604001e-02
1.011093974653954206e+03	2.773459964453551252e-01	1.775525938868292297e-01	2.336178273494252389e-01	1.437056640994064105e-01	6.895688620954833203e-02	2.759021146684694642e-02	7.123082054240573169e-02
1.015931744867609382e+03	2.765097977585321276e-01	1.770008904820249140e-01	2.341629801985465054e-01	1.440772641693898737e-01	6.910887414060859490e-02	2.767952988861203945e-02	7.146066336210299408e-02
1.020769515081264785e+03	2.756784570236209819e-01	1.764522651563099065e-01	2.347047449041617384e-01	1.444467375295943601e-01	6.926005257081971345e-02	2.776852661224779237e-02	7.168921620306245579e-02
1.025607285294920075e+03	2.748519456927335791e-01	1.759067008127502274e-01	2.352431455879666899e-01	1.448140961480938460e-01	6.941042564547990346e-02	2.785720148828307180e-02	7.191648462450962731e-02
1.030445055508575479e+03	2.740302353913738331e-01	1.753641804481399780e-01	2.357782061436415610e-01	1.451793519209328420e-01	6.955999749099468776e-02	2.794555439112571260e-02	7.214247421360824031e-02
1.035282825722230655e+03	2.732132979172861020e-01	1.748246871524972157e-01	2.363099502400825835e-01	1.455425166727838393e-01	6.970877221491401932e-02	2.803358521861949379e-02	7.236719058363361157e-02
1.040120595935886058e+03	2.724011052393123800e-01	1.742882041085621891e-01	2.368384013245702080e-01	1.459036021575925435e-01	6.985675390597052836e-02	2.812129389160858417e-02	7.259063937220032459e-02
1.044958366149541234e+03	2.715936294962598141e-01	1.737547145912985702e-01	2.373635826258754522e-01	1.462626200592115344e-01	7.000394663411900475e-02	2.820868035350926686e-02	7.281282623954313249e-02
1.049796136363196410e+03	2.707908429957768259e-01	1.732242019673972122e-01	2.378855171573052707e-01	1.466195819920221854e-01	7.015035445057705987e-02	2.829574456988885600e-02	7.303375686684930590e-02
1.054633906576851814e+03	2.699927182132388914e-01	1.726966496947828777e-01	2.384042277196892212e-01	1.469744995015458411e-01	7.029598138786680162e-02	2.838248652805166333e-02	7.325343695464142657e-02
1.059471676790506763e+03	2.691992277906433695e-01	1.721720413221233537e-01	2.389197369043079000e-01	1.473273840650436428e-01	7.044083145985771677e-02	2.846890623663185169e-02	7.347187222120885042e-02
1.064309447004162394e+03	2.684103445355132678e-01	1.716503604883415912e-01	2.394320670957652830e-01	1.476782470921060575e-01	7.058490866181042767e-02	2.855500372519309202e-02	7.368906840108696565e-02
1.069147217217817570e+03	2.676260414198099458e-01	1.711315909221301779e-01	2.399412404748054173e-01	1.480270999252320530e-01	7.072821697042158684e-02	2.864077904383488526e-02	7.390503124358262232e-02
1.073984987431472746e+03	2.668462915788545886e-01	1.706157164414685290e-01	2.404472790210756827e-01	1.483739538403980318e-01	7.087076034386967371e-02	2.872623226280542758e-02	7.411976651134476179e-02
1.078822757645127922e+03	2.660710683102585628e-01	1.701027209531428830e-01	2.409502045158368466e-01	1.487188200476169675e-01	7.101254272186169336e-02	2.881136347212088014e-02	7.433327997897885842e-02
1.083660527858783553e+03	2.653003450728619872e-01	1.695925884522686833e-01	2.414500385446220199e-01	1.490617096914881035e-01	7.115356802568086059e-02	2.889617278119096383e-02	7.454557743170404926e-02
1.088498298072438729e+03	2.645340954856811866e-01	1.690853030218154862e-01	2.419468024998450428e-01	1.494026338517372432e-01	7.129384015823504728e-02	2.898066031845075025e-02	7.475666466405186950e-02
1.093336068286093905e+03	2.637722933268643599e-01	1.685808488321346998e-01	2.424405175833597437e-01	1.497416035437477144e-01	7.143336300410614570e-02	2.906482623099852433e-02	7.496654747860541368e-02
1.098173838499749309e+03	2.630149125326554649e-01	1.680792101404897099e-01	2.429312048089710963e-01	1.500786297190827567e-01	7.157214042960015343e-02	2.914867068423961441e-02	7.517523168477777129e-02
1.103011608713404712e+03	2.622619271963664289e-01	1.675803712905884757e-01	2.434188850048993602e-01	1.504137232659991386e-01	7.171017628279817424e-02	2.923219386153611335e-02	7.538272309762888979e-02
1.107849378927059888e+03	2.615133115673573538e-01	1.670843167121187078e-01	2.439035788161984242e-01	1.507468950099521976e-01	7.184747439360794630e-02	2.931539596386233126e-02	7.558902753671957464e-02
1.112687149140715292e+03	2.607690400500248251e-01	1.665910309202855988e-01	2.443853067071291296e-01	1.510781557140928877e-01	7.198403857381628634e-02	2.939827720946592768e-02	7.579415082500182144e-02
1.117524919354370468e+03	2.600290872027982703e-01	1.661004985153518854e-01	2.448640889634886575e-01	1.514075160797565545e-01	7.211987261714213060e-02	2.948083783353459483e-02	7.599809878774441141e-02
1.122362689568025871e+03	2.592934277371435337e-01	1.656127041821806034e-01	2.453399456948971713e-01	1.517349867469439395e-01	7.225498029929024180e-02	2.956307808786819841e-02	7.620087725149278512e-02
1.127200459781681047e+03	2.585620365165752221e-01	1.651276326897799795e-01	2.458128968370423273e-01	1.520605782947947460e-01	7.238936537800556847e-02	2.964499824055629243e-02	7.640249204306238939e-02
1.132038229995336451e+03	2.578348885556755454e-01	1.646452688908509598e-01	2.462829621538830949e-01	1.523843012420533771e-01	7.252303159312821490e-02	2.972659857566087999e-02	7.660294898856442880e-02
1.136876000208991627e+03	2.571119590191217608e-01	1.641655977213372641e-01	2.467501612398129707e-01	1.527061660475278193e-01	7.265598266664897997e-02	2.980787939290438851e-02	7.680225391246334188e-02
1.141713770422646803e+03	2.563932232207202788e-01	1.636886041999775221e-01	2.472145135217846401e-01	1.530261831105410031e-01	7.278822230276549288e-02	2.988884100736268618e-02	7.700041263666487779e-02
1.146551540636302207e+03	2.556786566224489299e-01	1.632142734278600460e-01	2.476760382613957534e-01	1.533443627713756141e-01	7.291975418793884833e-02	2.996948374916312552e-02	7.719743097963423228e-02
1.151389310849957155e+03	2.549682348335057247e-01	1.627425905879799073e-01	2.481347545569374535e-01	1.536607153117119651e-01	7.305058199095078308e-02	3.004980796318749287e-02	7.739331475554322992e-02
1.156227081063612786e+03	2.542619336093656091e-01	1.622735409447982335e-01	2.485906813454064335e-01	1.539752509550593174e-01	7.318070936296133810e-02	3.012981400877976987e-02	7.758806977344583078e-02
1.161064851277267962e+03	2.535597288508439351e-01	1.618071098438041699e-01	2.490438374044807723e-01	1.542879798671808189e-01	7.331013993756702041e-02	3.020950225945865167e-02	7.778170183648111524e-02
1.165902621490923138e+03	2.528615966031672047e-01	1.613432827110788670e-01	2.494942413544611881e-01	1.545989121565119750e-01	7.343887733085935343e-02	3.028887310263469329e-02	7.797421674110315004e-02
1.170740391704578315e+03	2.521675130550506960e-01	1.608820450528618273e-01	2.499419116601775404e-01	1.549080578745734293e-01	7.356692514148394091e-02	3.036792693933208082e-02	7.816562027633686127e-02
1.175578161918233945e+03	2.514774545377832515e-01	1.604233824551197229e-01	2.503868666328620818e-01	1.552154270163773608e-01	7.369428695069986379e-02	3.044666418391485732e-02	7.835591822305920662e-02
1.180415932131889122e+03	2.507913975243186155e-01	1.599672805831172662e-01	2.508291244319900692e-01	1.555210295208281357e-01	7.382096632243953516e-02	3.052508526381760012e-02	7.854511635330513331e-02
1.185253702345544298e+03	2.501093186283738223e-01	1.595137251809905510e-01	2.512687030670879285e-01	1.558248752711174634e-01	7.394696680336891592e-02	3.060319061928042095e-02	7.873322042959730871e-02
1.190091472559199701e+03	2.494311946035341343e-01	1.590627020713225870e-01	2.517056203995102770e-01	1.561269740951137797e-01	7.407229192294804976e-02	3.068098070308826128e-02	7.892023620429934605e-02
1.194929242772855105e+03	2.487570023423648635e-01	1.586141971547209151e-01	2.521398941441861941e-01	1.564273357657464947e-01	7.419694519349197270e-02	3.075845598031437186e-02	7.910616941899160925e-02
1.199767012986510281e+03	2.480867188755295771e-01	1.581681964093978043e-01	2.525715418713355698e-01	1.567259700013845514e-01	7.432093011023191420e-02	3.083561692806792778e-02	7.929102580386902799e-02
1.204604783200165684e+03	2.474203213709147697e-01	1.577246858907523086e-01	2.530005810081560891e-01	1.570228864662102097e-01	7.444425015137685897e-02	3.091246403524568545e-02	7.947481107716046489e-02
1.209442553413820860e+03	2.467577871327612526e-01	1.572836517309546822e-01	2.534270288404811278e-01	1.573180947705875299e-01	7.456690877817533092e-02	3.098899780228763987e-02	7.965753094456883010e-02
1.214280323627476264e+03	2.460990936008015662e-01	1.568450801385331272e-01	2.538509025144100595e-01	1.576116044714260811e-01	7.468890943497746848e-02	3.106521874093661970e-02	7.983919109873145736e-02
1.219118093841131440e+03	2.454442183494040808e-01	1.564089573979624281e-01	2.542722190379107516e-01	1.579034250725397659e-01	7.481025554929739141e-02	3.114112737400169528e-02	8.001979721870028373e-02
1.223955864054786844e+03	2.447931390867230383e-01	1.559752698692550010e-01	2.546909952823949719e-01	1.581935660250010645e-01	7.493095053187580346e-02	3.121672423512542385e-02	8.019935496944105568e-02
1.228793634268442020e+03	2.441458336538550877e-01	1.555440039875539415e-01	2.551072479842679819e-01	1.584820367274905051e-01	7.505099777674273387e-02	3.129200986855480010e-02	8.037787000135128423e-02
1.233631404482097196e+03	2.435022800240016494e-01	1.551151462627282374e-01	2.555209937464518744e-01	1.587688465266418880e-01	7.517040066128063969e-02	3.136698482891586010e-02	8.055534794979619939e-02
1.238469174695752372e+03	2.428624563016375526e-01	1.546886832789702848e-01	2.559322490398837635e-01	1.590540047173829019e-01	7.528916254628759130e-02	3.144164968099190383e-02	8.073179443466238503e-02
1.243306944909407548e+03	2.422263407216856124e-01	1.542646016943952092e-01	2.563410302049894951e-01	1.593375205432716601e-01	7.540728677604068009e-02	3.151600499950526352e-02	8.090721505992846951e-02
1.248144715123063179e+03	2.415939116486971738e-01	1.538428882406426557e-01	2.567473534531329316e-01	1.596194031968290183e-01	7.552477667835960640e-02	3.159005136890256221e-02	8.108161541325242805e-02
1.252982485336718355e+03	2.409651475760385964e-01	1.534235297224803285e-01	2.571512348680417004e-01	1.598996618198667841e-01	7.564163556467044802e-02	3.166378938314336894e-02	8.125500106557514979e-02
1.257820255550373531e+03	2.403400271250834830e-01	1.530065130174098065e-01	2.575526904072097945e-01	1.601783055038119297e-01	7.575786673006952576e-02	3.173721964549225394e-02	8.142737757073956195e-02
1.262658025764028707e+03	2.397185290444107386e-01	1.525918250752744676e-01	2.579517359032773571e-01	1.604553432900269472e-01	7.587347345338744942e-02	3.181034276831416763e-02	8.159875046512517216e-02
1.267495795977684338e+03	2.391006322090083736e-01	1.521794529178692734e-01	2.583483870653885406e-01	1.607307841701265116e-01	7.598845899725324704e-02	3.188315937287302532e-02	8.176912526729729347e-02
1.272333566191339514e+03	2.384863156194829414e-01	1.517693836385528294e-01	2.587426594805273816e-01	1.610046370862901199e-01	7.610282660815864686e-02	3.195567008913356710e-02	8.193850747767081333e-02
1.277171336404994690e+03	2.378755584012745838e-01	1.513616044018612772e-01	2.591345686148323613e-01	1.612769109315714267e-01	7.621657951652247021e-02	3.202787555556634025e-02	8.210690257818786808e-02
1.282009106618650094e+03	2.372683398038777924e-01	1.509561024431244347e-01	2.595241298148902587e-01	1.615476145502038330e-01	7.632972093675505221e-02	3.209977641895578326e-02	8.227431603200921484e-02
1.286846876832305497e+03	2.366646392000673893e-01	1.505528650680836855e-01	2.599113583090096324e-01	1.618167567379028005e-01	7.644225406732280126e-02	3.217137333421134920e-02	8.244075328321871787e-02
1.291684647045960673e+03	2.360644360851303081e-01	1.501518796525120325e-01	2.602962692084743734e-01	1.620843462421643899e-01	7.655418209081282788e-02	3.224266696418166822e-02	8.260621975654076909e-02
1.296522417259616077e+03	2.354677100761024267e-01	1.497531336418362613e-01	2.606788775087772181e-01	1.623503917625610249e-01	7.666550817399757356e-02	3.231365797947163832e-02	8.277072085707014304e-02
1.301360187473271253e+03	2.348744409110111175e-01	1.493566145507607967e-01	2.610591980908348875e-01	1.626149019510335081e-01	7.677623546789960618e-02	3.238434705826241655e-02	8.293426197001398104e-02
1.306197957686926657e+03	2.342846084481228219e-01	1.489623099628937242e-01	2.614372457221834645e-01	1.628778854121801789e-01	7.688636710785630435e-02	3.245473488613431767e-02	8.309684846044551598e-02
1.311035727900581833e+03	2.336981926651960639e-01	1.485702075303746705e-01	2.618130350581563404e-01	1.631393507035427126e-01	7.699590621358476383e-02	3.252482215589244663e-02	8.325848567306928794e-02
1.315873498114237009e+03	2.331151736587396828e-01	1.481802949735047115e-01	2.621865806430435097e-01	1.633993063358892273e-01	7.710485588924652356e-02	3.259460956739517606e-02	8.341917893199740641e-02
1.320711268327892412e+03	2.325355316432759223e-01	1.477925600803783046e-01	2.625578969112334904e-01	1.636577607734941431e-01	7.721321922351247202e-02	3.266409782738529527e-02	8.357893354053659574e-02
1.325549038541547588e+03	2.319592469506092380e-01	1.474069907065168605e-01	2.629269981883377016e-01	1.639147224344151554e-01	7.732099928962767044e-02	3.273328764932387919e-02	8.373775478098571812e-02
1.330386808755202765e+03	2.313863000290994898e-01	1.470235747745044785e-01	2.632938986922982449e-01	1.641701996907674599e-01	7.742819914547624527e-02	3.280217975322673868e-02	8.389564791444351077e-02
1.335224578968857941e+03	2.308166714429406852e-01	1.466423002736255976e-01	2.636586125344788090e-01	1.644242008689951740e-01	7.753482183364618363e-02	3.287077486550356309e-02	8.405261818062610690e-02
1.340062349182513572e+03	2.302503418714444416e-01	1.462631552595043405e-01	2.640211537207393655e-01	1.646767342501400389e-01	7.764087038149419806e-02	3.293907371879949142e-02	8.420867079769414620e-02
1.344900119396168748e+03	2.296872921083285557e-01	1.458861278537458839e-01	2.643815361524951002e-01	1.649278080701073179e-01	7.774634780121053579e-02	3.300707705183929253e-02	8.436381096208926678e-02
1.349737889609823924e+03	2.291275030610102348e-01	1.455112062435797715e-01	2.647397736277593006e-01	1.651774305199293635e-01	7.785125708988373250e-02	3.307478560927401556e-02	8.451804384837949269e-02
1.354575659823479100e+03	2.285709557499044087e-01	1.451383786815049481e-01	2.650958798421713669e-01	1.654256097460262420e-01	7.795560122956539384e-02	3.314220014152999272e-02	8.467137460911350333e-02
1.359413430037134731e+03	2.280176313077267869e-01	1.447676334849367918e-01	2.654498683900096134e-01	1.656723538504642212e-01	7.805938318733483816e-02	3.320932140466034688e-02	8.482380837468331269e-02
1.364251200250789907e+03	2.274675109788015515e-01	1.443989590358557284e-01	2.658017527651891365e-01	1.659176708912116494e-01	7.816260591536382252e-02	3.327615016019876137e-02	8.497535025319524760e-02
1.369088970464445310e+03	2.269205761183739900e-01	1.440323437804581497e-01	2.661515463622458610e-01	1.661615688823923076e-01	7.826527235098108826e-02	3.334268717501565060e-02	8.512600533034886396e-02
1.373926740678100487e+03	2.263768081919275699e-01	1.436677762288086635e-01	2.664992624773058205e-01	1.664040557945366816e-01	7.836738541673690661e-02	3.340893322117657882e-02	8.527577866932370410e-02
1.378764510891755890e+03	2.258361887745060359e-01	1.433052449544945095e-01	2.668449143090406706e-01	1.666451395548306791e-01	7.846894802046754103e-02	3.347488907580289941e-02	8.542467531067356179e-02
1.383602281105411066e+03	2.252986995500395884e-01	1.429447385942815840e-01	2.671885149596101017e-01	1.668848280473622381e-01	7.856996305535964009e-02	3.354055552093467701e-02	8.557270027222800557e-02
1.388440051319066470e+03	2.247643223106761401e-01	1.425862458477723527e-01	2.675300774355903743e-01	1.671231291133656038e-01	7.867043340001458884e-02	3.360593334339573302e-02	8.571985854900100732e-02
1.393277821532721646e+03	2.242330389561166815e-01	1.422297554770655947e-01	2.678696146488900309e-01	1.673600505514635239e-01	7.877036191851269353e-02	3.367102333466086284e-02	8.586615511310648208e-02
1.398115591746377049e+03	2.237048314929554471e-01	1.418752563064178129e-01	2.682071394176523405e-01	1.675956001179073063e-01	7.886975146047735252e-02	3.373582629072516964e-02	8.601159491368041976e-02
