4.450748596562860939e+02	4.181977581127052646e-01	2.689350513889673389e-01	1.367627246570723987e-01	8.079034595616417513e-02	4.502284928984896795e-02	1.526955781443086781e-02	3.502171278062686521e-02
4.499126298699413837e+02	4.165362484823918465e-01	2.678743181306756926e-01	1.379906534879225821e-01	8.154481150398834588e-02	4.528871662574843887e-02	1.538279563467438021e-02	3.538245613441452081e-02
4.547504000835967304e+02	4.148845879208197251e-01	2.668194897606980254e-01	1.392084822380169895e-01	8.229419222868671058e-02	4.555341886002298862e-02	1.549613963780124663e-02	3.574368935377016804e-02
4.595881702972519065e+02	4.132427144474153935e-01	2.657705331693753226e-01	1.404163423437244373e-01	8.303854256443951587e-02	4.581695712620822980e-02	1.560957895999399644e-02	3.610533138865894276e-02
4.644259405109071963e+02	4.116105665540404912e-01	2.647274154496282450e-01	1.416143625542451712e-01	8.377791584193043650e-02	4.607933266909306630e-02	1.572310297551469949e-02	3.646730395536371822e-02
4.692637107245624861e+02	4.099880831994009989e-01	2.636901038950996146e-01	1.428026690005206323e-01	8.451236431831553320e-02	4.634054684106191091e-02	1.583670129155423725e-02	3.682953145386281407e-02
4.741014809382177759e+02	4.083752038035664000e-01	2.626585659983309284e-01	1.439813852622335300e-01	8.524193920632935906e-02	4.660060109854128468e-02	1.595036374320624520e-02	3.719194088760797295e-02
4.789392511518730657e+02	4.067718682425945920e-01	2.616327694489723465e-01	1.451506324329516762e-01	8.596669070255330558e-02	4.685949699854804334e-02	1.606408038856241283e-02	3.755446178563328491e-02
4.837770213655284124e+02	4.051780168432612128e-01	2.606126821320249864e-01	1.463105291834690680e-01	8.668666801487029394e-02	4.711723619533618457e-02	1.617784150392596182e-02	3.791702612692784274e-02
4.886147915791837022e+02	4.035935903778900546e-01	2.595982721261146930e-01	1.474611918233948715e-01	8.740191938912947323e-02	4.737382043713952995e-02	1.629163757914016755e-02	3.827956826700676385e-02
4.934525617928388783e+02	4.020185300592819533e-01	2.585895077017960064e-01	1.486027343610402118e-01	8.811249213504371292e-02	4.762925156300753388e-02	1.640545931302886395e-02	3.864202486661724723e-02
4.982903320064942250e+02	4.004527775357397124e-01	2.575863573198871603e-01	1.497352685616512025e-01	8.881843265134198306e-02	4.788353149973153394e-02	1.651929760894605553e-02	3.900433482251791650e-02
5.031281022201495148e+02	3.988962748861872298e-01	2.565887896298327808e-01	1.508589040040347884e-01	8.951978645019836867e-02	4.813666225885895184e-02	1.663314357043165631e-02	3.936643920027174670e-02
5.079658724338048046e+02	3.973489646153794408e-01	2.555967734680961168e-01	1.519737481356235320e-01	9.021659818095852101e-02	4.838864593379289120e-02	1.674698849697068420e-02	3.972828116899437129e-02
5.128036426474600376e+02	3.958107896492016331e-01	2.546102778565778046e-01	1.530799063260230575e-01	9.090891165318393252e-02	4.863948469697468996e-02	1.686082387985311445e-02	4.008980593800138409e-02
5.176414128611153274e+02	3.942816933300556936e-01	2.536292720010620561e-01	1.541774819190854240e-01	9.159676985903365820e-02	4.888918079714715120e-02	1.697464139813179354e-02	4.045096069529978411e-02
5.224791830747705035e+02	3.927616194123310089e-01	2.526537252896890462e-01	1.552665762835504226e-01	9.228021499500287106e-02	4.913773655669607943e-02	1.708843291467583916e-02	4.081169454787038353e-02
5.273169532884259070e+02	3.912505120579573559e-01	2.516836072914523936e-01	1.563472888622949031e-01	9.295928848303661174e-02	4.938515436906795730e-02	1.720219047231704226e-02	4.117195846368940093e-02
5.321547235020811968e+02	3.897483158320395047e-01	2.507188877547217309e-01	1.574197172202298767e-01	9.363403099103703719e-02	4.963143669626159105e-02	1.731590629008683199e-02	4.153170521543910615e-02
5.369924937157364866e+02	3.882549756985693712e-01	2.497595366057893118e-01	1.584839570908835871e-01	9.430448245278159891e-02	4.987658606639158720e-02	1.742957275954145138e-02	4.189088932585871561e-02
5.418302639293917764e+02	3.867704370162152183e-01	2.488055239474402658e-01	1.595401024217079911e-01	9.497068208726922034e-02	5.012060507132170412e-02	1.754318244117307468e-02	4.224946701468814542e-02
5.466680341430470662e+02	3.852946455341855758e-01	2.478568200575457237e-01	1.605882454181441765e-01	9.563266841751097425e-02	5.036349636436598248e-02	1.765672806090459040e-02	4.260739614715866597e-02
5.515058043567023560e+02	3.838275473881658795e-01	2.469133953876781196e-01	1.616284765864825224e-01	9.629047928878153861e-02	5.060526265805587870e-02	1.777020250666591639e-02	4.296463618398579931e-02
5.563435745703576458e+02	3.823690890963266087e-01	2.459752205617486698e-01	1.626608847755513787e-01	9.694415188634684932e-02	5.084590672197138173e-02	1.788359882504974088e-02	4.332114813282103571e-02
5.611813447840129356e+02	3.809192175554003690e-01	2.450422663746657237e-01	1.636855572172671580e-01	9.759372275268315966e-02	5.108543138063442735e-02	1.799691021804460805e-02	4.367689450112022254e-02
5.660191149976681118e+02	3.794778800368271421e-01	2.441145037910139037e-01	1.647025795660785608e-01	9.823922780420221712e-02	5.132383951146274326e-02	1.811013003984339800e-02	4.403183925038776925e-02
5.708568852113234016e+02	3.780450241829650948e-01	2.431919039437535346e-01	1.657120359373355500e-01	9.888070234749703202e-02	5.156113404278250822e-02	1.822325179372521337e-02	4.438594775175684626e-02
5.756946554249786914e+02	3.766205980033665024e-01	2.422744381329394181e-01	1.667140089446141893e-01	9.951818109512181043e-02	5.179731795189805588e-02	1.833626912900882325e-02	4.473918674286703201e-02
5.805324256386339812e+02	3.752045498711160110e-01	2.413620778244591480e-01	1.677085797360260144e-01	1.001516981809198598e-01	5.203239426321712435e-02	1.844917583807581876e-02	4.509152428600188972e-02
5.853701958522892710e+02	3.737968285192306839e-01	2.404547946487898824e-01	1.686958280295411949e-01	1.007812871749123040e-01	5.226636604642994482e-02	1.856196585346167952e-02	4.544292972745010012e-02
5.902079660659445608e+02	3.723973830371201665e-01	2.395525603997732678e-01	1.696758321473532394e-01	1.014069810977605152e-01	5.249923641474080194e-02	1.867463324501303368e-02	4.579337365805476179e-02
5.950457362795999643e+02	3.710061628671046940e-01	2.386553470334083216e-01	1.706486690493118075e-01	1.020288124348145142e-01	5.273100852315045634e-02	1.878717221710943935e-02	4.614282787491652549e-02
5.998835064932552541e+02	3.696231178009910523e-01	2.377631266666614951e-01	1.716144143654506071e-01	1.026468131497593334e-01	5.296168556678802070e-02	1.889957710594799070e-02	4.649126534421722801e-02
6.047212767069104302e+02	3.682481979767038838e-01	2.368758715762936395e-01	1.725731424276353843e-01	1.032610146978710508e-01	5.319127077929095004e-02	1.901184237688919795e-02	4.683866016513159314e-02
6.095590469205657200e+02	3.668813538749715608e-01	2.359935541977034867e-01	1.735249263003569853e-01	1.038714480388937544e-01	5.341976743123170307e-02	1.912396262186258702e-02	4.718498753479562213e-02
6.143968171342210098e+02	3.655225363160651830e-01	2.351161471237873390e-01	1.744698378106934178e-01	1.044781436495484384e-01	5.364717882858979076e-02	1.923593255683046788e-02	4.753022371430102450e-02
6.192345873478761860e+02	3.641716964565900883e-01	2.342436231038141359e-01	1.754079475774645291e-01	1.050811315356844217e-01	5.387350831126796330e-02	1.934774701930845262e-02	4.787434599568610866e-02
6.240723575615315895e+02	3.628287857863271015e-01	2.333759550423160356e-01	1.763393250396019241e-01	1.056804412440838364e-01	5.409875925165123084e-02	1.945940096594124882e-02	4.821733266989425282e-02
6.289101277751868793e+02	3.614937561251245213e-01	2.325131159979939022e-01	1.772640384837561034e-01	1.062761018739291213e-01	5.432293505320755223e-02	1.957088947013235769e-02	4.855916299567202693e-02
6.337478979888421691e+02	3.601665596198375119e-01	2.316550791826374467e-01	1.781821550711623903e-01	1.068681420879431521e-01	5.454603914912898449e-02	1.968220771972633079e-02	4.889981716937972372e-02
6.385856682024975726e+02	3.588471487413156247e-01	2.308018179600593855e-01	1.790937408637863770e-01	1.074565901232117648e-01	5.476807500101217585e-02	1.979335101474222897e-02	4.923927629568795872e-02
6.434234384161527487e+02	3.575354762814359488e-01	2.299533058450436707e-01	1.799988608497692932e-01	1.080414738016977211e-01	5.498904609757704343e-02	1.990431476515706552e-02	4.957752235913465838e-02
6.482612086298080385e+02	3.562314953501821146e-01	2.291095165023072089e-01	1.808975789681928625e-01	1.086228205404550923e-01	5.520895595342265733e-02	2.001509448873791189e-02	4.991453819651762297e-02
6.530989788434633283e+02	3.549351593727664289e-01	2.282704237454747931e-01	1.817899581331824388e-01	1.092006573615527387e-01	5.542780810781917922e-02	2.012568580892151737e-02	5.025030747009835014e-02
6.579367490571185044e+02	3.536464220867964192e-01	2.274360015360671061e-01	1.826760602573677394e-01	1.097750109017153336e-01	5.564560612353484925e-02	2.023608445274022519e-02	5.058481464159376301e-02
6.627745192707737942e+02	3.523652375394826231e-01	2.266062239825011038e-01	1.835559462747183845e-01	1.103459074216901065e-01	5.586235358569716092e-02	2.034628624879304334e-02	5.091804494693300681e-02
6.676122894844290840e+02	3.510915600848879548e-01	2.257810653391029432e-01	1.844296761627723380e-01	1.109133728153472997e-01	5.607805410068700952e-02	2.045628712526075671e-02	5.124998437175712351e-02
6.724500596980843738e+02	3.498253443812174845e-01	2.249605000051328740e-01	1.852973089642737659e-01	1.114774326185220404e-01	5.629271129506519672e-02	2.056608310796398734e-02	5.158061962764009384e-02
6.772878299117396637e+02	3.485665453881473530e-01	2.241445025238220090e-01	1.861589028082374087e-01	1.120381120176049961e-01	5.650632881453011153e-02	2.067567031846315531e-02	5.190993812901045779e-02
6.821256001253949535e+02	3.473151183641924877e-01	2.233330475814202798e-01	1.870145149304550392e-01	1.125954358578894338e-01	5.671891032290585222e-02	2.078504497219927846e-02	5.223792797075311328e-02
6.869633703390502433e+02	3.460710188641119567e-01	2.225261100062560504e-01	1.878642016934598813e-01	1.131494286516813580e-01	5.693045950115989406e-02	2.089420337667467070e-02	5.256457790647160733e-02
6.918011405527055331e+02	3.448342027363511253e-01	2.217236647678064998e-01	1.887080186059639786e-01	1.137001145861798734e-01	5.714098004644948409e-02	2.100314192967247043e-02	5.288987732739189318e-02
6.966389107663608229e+02	3.436046261205200625e-01	2.209256869757787178e-01	1.895460203417834166e-01	1.142475175311343238e-01	5.735047567119593015e-02	2.111185711751414895e-02	5.321381624188880471e-02
7.014766809800161127e+02	3.423822454449066410e-01	2.201321518792012655e-01	1.903782607582654440e-01	1.147916610462846876e-01	5.755895010218600727e-02	2.122034551335399977e-02	5.353638525561731087e-02
7.063144511936714025e+02	3.411670174240251652e-01	2.193430348655262818e-01	1.912047929142317859e-01	1.153325683885915720e-01	5.776640707969975946e-02	2.132860377550974476e-02	5.385757555223105036e-02
7.111522214073266923e+02	3.399588990561978608e-01	2.185583114597412502e-01	1.920256690874511951e-01	1.158702625192618574e-01	5.797285035666385061e-02	2.143662864582836572e-02	5.417737887467099361e-02
7.159899916209819821e+02	3.387578476211696721e-01	2.177779573234908950e-01	1.928409407916547302e-01	1.164047661105759440e-01	5.817828369782990228e-02	2.154441694808633193e-02	5.449578750700783542e-02
7.208277618346371582e+02	3.375638206777559214e-01	2.170019482542084321e-01	1.936506587931062784e-01	1.169361015525223479e-01	5.838271087897696499e-02	2.165196558642335650e-02	5.481279425682200612e-02
7.256655320482924481e+02	3.363767760615207214e-01	2.162302601842564231e-01	1.944548731267408126e-01	1.174642909592452378e-01	5.858613568613752626e-02	2.175927154380890780e-02	5.512839243810568196e-02
7.305033022619478515e+02	3.351966718824871405e-01	2.154628691800767326e-01	1.952536331118822910e-01	1.179893561753103809e-01	5.878856191484637533e-02	2.186633188054067090e-02	5.544257585467174398e-02
7.353410724756030277e+02	3.340234665228772326e-01	2.146997514413494790e-01	1.960469873675531882e-01	1.185113187817947306e-01	5.898999336941167931e-02	2.197314373277419949e-02	5.575533878405486421e-02
7.401788426892584312e+02	3.328571186348820432e-01	2.139408833001607002e-01	1.968349838273865671e-01	1.190302001022047473e-01	5.919043386220768782e-02	2.207970431108300866e-02	5.606667596189056357e-02
7.450166129029136073e+02	3.316975871384606478e-01	2.131862412201790125e-01	1.976176697541521809e-01	1.195460212082284923e-01	5.938988721298834456e-02	2.218601089904839382e-02	5.637658256675825291e-02
7.498543831165690108e+02	3.305448312191675009e-01	2.124358017958400402e-01	1.983950917539069603e-01	1.200588029253262801e-01	5.958835724822137553e-02	2.229206085187825093e-02	5.668505420547485796e-02
7.546921533302243006e+02	3.293988103260080402e-01	2.116895417515398947e-01	1.991672957897803742e-01	1.205685658381645958e-01	5.978584780044215313e-02	2.239785159505421758e-02	5.699208689882595547e-02
7.595299235438793630e+02	3.282594841693212695e-01	2.109474379408360634e-01	1.999343271954051593e-01	1.210753302958977318e-01	5.998236270762684341e-02	2.250338062300647965e-02	5.729767706772170149e-02
7.643676937575347665e+02	3.271268127186890973e-01	2.102094673456566809e-01	2.006962306880026026e-01	1.215791164173017774e-01	6.017790581258428140e-02	2.260864549781557015e-02	5.760182151976517978e-02
7.692054639711900563e+02	3.260007562008723214e-01	2.094756070755174338e-01	2.014530503811325091e-01	1.220799440957650445e-01	6.037248096236603329e-02	2.271364384794053587e-02	5.790451743622123532e-02
7.740432341848452324e+02	3.248812750977720376e-01	2.087458343667459026e-01	2.022048297971167918e-01	1.225778330041391723e-01	6.056609200769418749e-02	2.281837336697283697e-02	5.820576235937417048e-02
7.788810043985006359e+02	3.237683301444158612e-01	2.080201265817136491e-01	2.029516118791458990e-01	1.230728025994549807e-01	6.075874280240629172e-02	2.292283181241541040e-02	5.850555418026295168e-02
7.837187746121558121e+02	3.226618823269697400e-01	2.072984612080754352e-01	2.036934390030765707e-01	1.235648721275069972e-01	6.095043720291706130e-02	2.302701700448627278e-02	5.880389112678299085e-02
7.885565448258112156e+02	3.215618928807730259e-01	2.065808158580155762e-01	2.044303529889298920e-01	1.240540606273103225e-01	6.114117906769626909e-02	2.313092682494613181e-02	5.910077175214384360e-02
7.933943150394665054e+02	3.204683232883979715e-01	2.058671682675014825e-01	2.051623951120974121e-01	1.245403869354338722e-01	6.133097225676246989e-02	2.323455921594938869e-02	5.939619492367245041e-02
7.982320852531219089e+02	3.193811352777320423e-01	2.051574962955439452e-01	2.058896061142637679e-01	1.250238696902132574e-01	6.151982063119207367e-02	2.333791217891805977e-02	5.969015981195192194e-02
8.030698554667769713e+02	3.183002908200832093e-01	2.044517779234641675e-01	2.066120262140533348e-01	1.255045273358468827e-01	6.170772805264333749e-02	2.344098377343803441e-02	5.998266588028605684e-02
8.079076256804323748e+02	3.172257521283076698e-01	2.037499912541676228e-01	2.073296951174087299e-01	1.259823781263788856e-01	6.189469838289483883e-02	2.354377211617719734e-02	6.027371287448012038e-02
8.127453958940876646e+02	3.161574816549592715e-01	2.030521145114240755e-01	2.080426520277082747e-01	1.264574401295717743e-01	6.208073548339803488e-02	2.364627537982486732e-02	6.056330081292871093e-02
8.175831661077428407e+02	3.150954420904608644e-01	2.023581260391544290e-01	2.087509356556298545e-01	1.269297312306724157e-01	6.226584321484358864e-02	2.374849179205210450e-02	6.085142997700177664e-02
8.224209363213982442e+02	3.140395963612961361e-01	2.016680043007233747e-01	2.094545842287680315e-01	1.273992691360741059e-01	6.245002543674095519e-02	2.385041963449239730e-02	6.113810090172003275e-02
8.272587065350534203e+02	3.129899076282228187e-01	2.009817278782384531e-01	2.101536355010112100e-01	1.278660713768779988e-01	6.263328600701091597e-02	2.395205724174224657e-02	6.142331436671141787e-02
8.320964767487085965e+02	3.119463392845057137e-01	2.002992754718550816e-01	2.108481267616850729e-01	1.283301553123567806e-01	6.281562878159072105e-02	2.405340300038123075e-02	6.170707138744042225e-02
8.369342469623640000e+02	3.109088549541700885e-01	1.996206258990876059e-01	2.115380948444694209e-01	1.287915381333231135e-01	6.299705761405151316e-02	2.415445534801108352e-02	6.198937320670225987e-02
8.417720171760191761e+02	3.098774184902741147e-01	1.989457580941259018e-01	2.122235761360938833e-01	1.292502368654061540e-01	6.317757635522749937e-02	2.425521277231336079e-02	6.227022128637420273e-02
8.466097873896745796e+02	3.088519939732010666e-01	1.982746511071579731e-01	2.129046065848190228e-01	1.297062683722383369e-01	6.335718885285682167e-02	2.435567381012529800e-02	6.254961729941659054e-02
8.514475576033297557e+02	3.078325457089700623e-01	1.976072841036980998e-01	2.135812217087083298e-01	1.301596493585553960e-01	6.353589895123359921e-02	2.445583704653341017e-02	6.282756312211622285e-02
8.562853278169851592e+02	3.068190382275655104e-01	1.969436363639203436e-01	2.142534566036971011e-01	1.306103963732116735e-01	6.371371049087090621e-02	2.455570111398448774e-02	6.310406082656506987e-02
8.611230980306403353e+02	3.058114362812843767e-01	1.962836872819976319e-01	2.149213459514637270e-01	1.310585258121139685e-01	6.389062730817442193e-02	2.465526469141356147e-02	6.337911267336741872e-02
8.659608682442956251e+02	3.048097048431016587e-01	1.956274163654461440e-01	2.155849240271084655e-01	1.315040539210751980e-01	6.406665323512623911e-02	2.475452650338848259e-02	6.365272110456883514e-02
8.707986384579510286e+02	3.038138091050535672e-01	1.949748032344749138e-01	2.162442247066451717e-01	1.319469967985913705e-01	6.424179209897894205e-02	2.485348531927072252e-02	6.392488873680034211e-02
8.756364086716062047e+02	3.028237144766373068e-01	1.943258276213405134e-01	2.168992814743111452e-01	1.323873703985430361e-01	6.441604772195923256e-02	2.495213995239208699e-02	6.419561835463172272e-02
8.804741788852616082e+02	3.018393865832283418e-01	1.936804693697069535e-01	2.175501274296997856e-01	1.328251905328242388e-01	6.458942392098115937e-02	2.505048925924693512e-02	6.446491290412766084e-02
8.853119490989170117e+02	3.008607912645142046e-01	1.930387084340103865e-01	2.181967952947209410e-01	1.332604728739006372e-01	6.476192450736852069e-02	2.514853213869959470e-02	6.473277548660083536e-02
8.901497193125721878e+02	2.998878945729442913e-01	1.924005248788289157e-01	2.188393174203938363e-01	1.336932329572988465e-01	6.493355328658623193e-02	2.524626753120664743e-02	6.499920935255634746e-02
8.949874895262273640e+02	2.989206627721962550e-01	1.917658988782569573e-01	2.194777257934767967e-01	1.341234861840293613e-01	6.510431405798040860e-02	2.534369441805372353e-02	6.526421789582166622e-02
8.998252597398827675e+02	2.979590623356577761e-01	1.911348107152846809e-01	2.201120520429381833e-01	1.345512478229442810e-01	6.527421061452692852e-02	2.544081182060655907e-02	6.552780464785684655e-02
9.046630299535379436e+02	2.970030599449238751e-01	1.905072407811817525e-01	2.207423274462732288e-01	1.349765330130327790e-01	6.544324674258819585e-02	2.553761879957592087e-02	6.578997327223953806e-02
9.095008001671932334e+02	2.960526224883098800e-01	1.898831695748859627e-01	2.213685829356703272e-01	1.353993567656549546e-01	6.561142622167795424e-02	2.563411445429617311e-02	6.605072755932002437e-02
9.143385703808486369e+02	2.951077170593789378e-01	1.892625777023963229e-01	2.219908491040313847e-01	1.358197339667167880e-01	6.577875282423381598e-02	2.573029792201713892e-02	6.631007142104083929e-02
9.191763405945038130e+02	2.941683109554846243e-01	1.886454458761704089e-01	2.226091562108497290e-01	1.362376793787873908e-01	6.594523031539746560e-02	2.582616837720902794e-02	6.656800888591658805e-02
9.240141108081592165e+02	2.932343716763275987e-01	1.880317549145263667e-01	2.232235341879497126e-01	1.366532076431604403e-01	6.611086245280207996e-02	2.592172503088007937e-02	6.682454409416896390e-02
9.288518810218145063e+02	2.923058669225270800e-01	1.874214857410490820e-01	2.238340126450914791e-01	1.370663332818612967e-01	6.627565298636699243e-02	2.601696712990673663e-02	6.707968129301253302e-02
9.336896512354697961e+02	2.913827645942061451e-01	1.868146193840006797e-01	2.244406208754446130e-01	1.374770706996015779e-01	6.643960565809928220e-02	2.611189395637599289e-02	6.733342483208691609e-02
9.385274214491247449e+02	2.904650327895905160e-01	1.862111369757352142e-01	2.250433878609343075e-01	1.378854341856823595e-01	6.660272420190209430e-02	2.620650482693973049e-02	6.758577915903093980e-02
9.433651916627801484e+02	2.895526398036215587e-01	1.856110197521174121e-01	2.256423422774631871e-01	1.382914379158478868e-01	6.676501234338959312e-02	2.630079909218075579e-02	6.783674881519467792e-02
9.482029618764355519e+02	2.886455541265822711e-01	1.850142490519456062e-01	2.262375125000122278e-01	1.386950959540910466e-01	6.692647379970824428e-02	2.639477613599029715e-02	6.808633843148538534e-02
9.530407320900908417e+02	2.877437444427363156e-01	1.844208063163785827e-01	2.268289266076241040e-01	1.390964222544119333e-01	6.708711227936425825e-02	2.648843537495673695e-02	6.833455272434320327e-02
9.578785023037459041e+02	2.868471796289803200e-01	1.838306730883664808e-01	2.274166123882718493e-01	1.394954306625309781e-01	6.724693148205725113e-02	2.658177625776531050e-02	6.858139649184301356e-02
9.627162725174014213e+02	2.859558287535086674e-01	1.832438310120855784e-01	2.280005973436162736e-01	1.398921349175578921e-01	6.740593509851958154e-02	2.667479826460859155e-02	6.882687460991862571e-02
9.675540427310568248e+02	2.850696610744912762e-01	1.826602618323768523e-01	2.285809086936544665e-01	1.402865486536178652e-01	6.756412681036144674e-02	2.676750090660750050e-02	6.907099202870577159e-02
9.723918129447120009e+02	2.841886460387632041e-01	1.820799473941885349e-01	2.291575733812628579e-01	1.406786854014359933e-01	6.772151028992164090e-02	2.685988372524262743e-02	6.931375376900035523e-02
9.772295831583674044e+02	2.833127532805266302e-01	1.815028696420221965e-01	2.297306180766374439e-01	1.410685585898813210e-01	6.787808920012347591e-02	2.695194629179567883e-02	6.955516491882850205e-02
9.820673533720223531e+02	2.824419526200649400e-01	1.809290106193826020e-01	2.303000691816336210e-01	1.414561815474717210e-01	6.803386719433618390e-02	2.704368820680082622e-02	6.979523063012525730e-02
9.869051235856777566e+02	2.815762140624686327e-01	1.803583524682314254e-01	2.308659528340088474e-01	1.418415675038404988e-01	6.818884791624128805e-02	2.713510909950572758e-02	7.003395611551871403e-02
9.917428937993331601e+02	2.807155077963727208e-01	1.797908774284441291e-01	2.314282949115699095e-01	1.422247295911661102e-01	6.834303499970391382e-02	2.722620862734207239e-02	7.027134664521625385e-02
9.965806640129884499e+02	2.798598041927055080e-01	1.792265678372708948e-01	2.319871210362281222e-01	1.426056808455659075e-01	6.849643206864901301e-02	2.731698647540544908e-02	7.050740754399015264e-02
1.001418434226643626e+03	2.790090738034490259e-01	1.786654061288007744e-01	2.325424565779642960e-01	1.429844342084550246e-01	6.864904273694213965e-02	2.740744235594428507e-02	7.074214418825953976e-02
1.006256204440298802e+03	2.781632873604101275e-01	1.781073748334294216e-01	2.330943266587059970e-01	1.433610025278711508e-01	6.880087060827491663e-02	2.749757600785777620e-02	7.097556200326568532e-02
1.011093974653954206e+03	2.773224157740031837e-01	1.775524565773300978e-01	2.336427561561195132e-01	1.437353985597668304e-01	6.895191927605483218e-02	2.758738719620254867e-02	7.120766646033815928e-02
1.015931744867609382e+03	2.764864301320426043e-01	1.770006340819282875e-01	2.341877697073187214e-01	1.441076349692693992e-01	6.910219232329938011e-02	2.767687571170789063e-02	7.143846307424886466e-02
1.020769515081264785e+03	2.756553016985472948e-01	1.764518901633796433e-01	2.347293917124927687e-01	1.444777243319099735e-01	6.925169332253436338e-02	2.776604137029942826e-02	7.166795740065166898e-02
1.025607285294920075e+03	2.748290019125544936e-01	1.759062077320509843e-01	2.352676463384550387e-01	1.448456791348225747e-01	6.940042583569631940e-02	2.785488401263101071e-02	7.189615503360473336e-02
1.030445055508575479e+03	2.740075023869445459e-01	1.753635697920047920e-01	2.358025575221152359e-01	1.452115117779136100e-01	6.954839341403880326e-02	2.794340350362472039e-02	7.212306160317344395e-02
1.035282825722230655e+03	2.731907749072757796e-01	1.748239594404870090e-01	2.363341489738765844e-01	1.455752345750031262e-01	6.969559959804259852e-02	2.803159973201875543e-02	7.234868277311133633e-02
1.040120595935886058e+03	2.723787914306293745e-01	1.742873598674176960e-01	2.368624441809602521e-01	1.459368597549384472e-01	6.984204791732961937e-02	2.811947260992311501e-02	7.257302423861670959e-02
1.044958366149541234e+03	2.715715240844642220e-01	1.737537543548853258e-01	2.373874664106584709e-01	1.462963994626810815e-01	6.998774189058051820e-02	2.820702207238288614e-02	7.279609172416277862e-02
1.049796136363196410e+03	2.707689451654816115e-01	1.732231262766436020e-01	2.379092387135187670e-01	1.466538657603674023e-01	7.013268502545570715e-02	2.829424807694899333e-02	7.301789098139914447e-02
1.054633906576851814e+03	2.699710271384996862e-01	1.726954590976119697e-01	2.384277839264606902e-01	1.470092706283442352e-01	7.027688081851990454e-02	2.838115060325628602e-02	7.323842778712240376e-02
1.059471676790506763e+03	2.691777426353371694e-01	1.721707363733788743e-01	2.389431246758267346e-01	1.473626259661797444e-01	7.042033275517001201e-02	2.846772965260878016e-02	7.345770794131389891e-02
1.064309447004162394e+03	2.683890644537064163e-01	1.716489417497078784e-01	2.394552833803694214e-01	1.477139435936506429e-01	7.056304430956618357e-02	2.855398524757196341e-02	7.367573726524263844e-02
1.069147217217817570e+03	2.676049655561165141e-01	1.711300589620472212e-01	2.399642822541758480e-01	1.480632352517061157e-01	7.070501894456611425e-02	2.863991743157200121e-02	7.389252159963134725e-02
1.073984987431472746e+03	2.668254190687844862e-01	1.706140718350419028e-01	2.404701433095315921e-01	1.484105126034092892e-01	7.084626011166234028e-02	2.872552626850169433e-02	7.410806680288384296e-02
1.078822757645127922e+03	2.660503982805563217e-01	1.701009642820489609e-01	2.409728883597254401e-01	1.487557872348568011e-01	7.098677125092259232e-02	2.881081184233312206e-02	7.432237874937190625e-02
1.083660527858783553e+03	2.652798766418365539e-01	1.695907203046555511e-01	2.414725390217962175e-01	1.490990706560772761e-01	7.112655579093296598e-02	2.889577425673676980e-02	7.453546332777981342e-02
1.088498298072438729e+03	2.645138277635268875e-01	1.690833239921998854e-01	2.419691167192234427e-01	1.494403743019090680e-01	7.126561714874396491e-02	2.898041363470705775e-02	7.474732643950485200e-02
1.093336068286093905e+03	2.637522254159731516e-01	1.685787595212950574e-01	2.424626426845631622e-01	1.497797095328581574e-01	7.140395872981925018e-02	2.906473011819415628e-02	7.495797399711216780e-02
1.098173838499749309e+03	2.629950435279213572e-01	1.680770111553556156e-01	2.429531379620304410e-01	1.501170876359363415e-01	7.154158392798712351e-02	2.914872386774194218e-02	7.516741192284229212e-02
1.103011608713404712e+03	2.622422561854818035e-01	1.675780632441269680e-01	2.434406234100295052e-01	1.504525198254807739e-01	7.167849612539445303e-02	2.923239506213200917e-02	7.537564614716961431e-02
1.107849378927059888e+03	2.614938376311017332e-01	1.670819002232175887e-01	2.439251197036332308e-01	1.507860172439550450e-01	7.181469869246329130e-02	2.931574389803358674e-02	7.558268260741068945e-02
1.112687149140715292e+03	2.607497622625463141e-01	1.665885066136337522e-01	2.444066473370130610e-01	1.511175909627325287e-01	7.195019498784982481e-02	2.939877058965930517e-02	7.578852724638038274e-02
1.117524919354370468e+03	2.600100046318875591e-01	1.660978670213172914e-01	2.448852266258208510e-01	1.514472519828622965e-01	7.208498835840571051e-02	2.948147536842663993e-02	7.599318601109476823e-02
1.122362689568025871e+03	2.592745394445016838e-01	1.656099661366857989e-01	2.453608777095233062e-01	1.517750112358183801e-01	7.221908213914178531e-02	2.956385848262498006e-02	7.619666485151919966e-02
1.127200459781681047e+03	2.585433415580741245e-01	1.651247887341754650e-01	2.458336205536906793e-01	1.521008795842324901e-01	7.235247965319395458e-02	2.964592019708819221e-02	7.639896971936026293e-02
1.132038229995336451e+03	2.578163859816124948e-01	1.646423196717866910e-01	2.463034749522406974e-01	1.524248678226110543e-01	7.248518421179127313e-02	2.972766079287259000e-02	7.660010656690031949e-02
1.136876000208991627e+03	2.570936478744674791e-01	1.641625438906323120e-01	2.467704605296388021e-01	1.527469866780368224e-01	7.261719911422624685e-02	2.980908056694018399e-02	7.680008134587325286e-02
1.141713770422646803e+03	2.563751025453612220e-01	1.636854464144882337e-01	2.472345967430558400e-01	1.530672468108553730e-01	7.274852764782699377e-02	2.989017983184716690e-02	7.699890000638023868e-02
1.146551540636302207e+03	2.556607254514233762e-01	1.632110123493467346e-01	2.476959028844842037e-01	1.533856588153471590e-01	7.287917308793163962e-02	2.997095891543749210e-02	7.719656849584440039e-02
1.151389310849957155e+03	2.549504921972349236e-01	1.627392268829723487e-01	2.481543980828134210e-01	1.537022332203854813e-01	7.300913869786451738e-02	3.005141816054147583e-02	7.739309275800293486e-02
1.156227081063612786e+03	2.542443785338786011e-01	1.622700752844602190e-01	2.486101013058662768e-01	1.540169804900804185e-01	7.313842772891426813e-02	3.013155792467930513e-02	7.758847873193593092e-02
1.161064851277267962e+03	2.535423603579979868e-01	1.618035429037969208e-01	2.490630313623964365e-01	1.543299110244099603e-01	7.326704342031387096e-02	3.021137857976943439e-02	7.778273235113039585e-02
1.165902621490923138e+03	2.528444137108626366e-01	1.613396151714237836e-01	2.495132069040482681e-01	1.546410351598375976e-01	7.339498899922232422e-02	3.029088051184167935e-02	7.797585954257871266e-02
1.170740391704578315e+03	2.521505147774408262e-01	1.608782775978026547e-01	2.499606464272801365e-01	1.549503631699177542e-01	7.352226768070824203e-02	3.037006412075501927e-02	7.816786622591033462e-02
1.175578161918233945e+03	2.514606398854796754e-01	1.604195157729841337e-01	2.504053682752518939e-01	1.552579052658886460e-01	7.364888266773496339e-02	3.044892981991996483e-02	7.835875831255570412e-02
1.180415932131889122e+03	2.507747655045918234e-01	1.599633153661781937e-01	2.508473906396772035e-01	1.555636715972534279e-01	7.377483715114738216e-02	3.052747803602543636e-02	7.854854170494146581e-02
1.185253702345544298e+03	2.500928682453493201e-01	1.595096621253271341e-01	2.512867315626421405e-01	1.558676722523498481e-01	7.390013430966044239e-02	3.060570920877005857e-02	7.873722229571598896e-02
1.190091472559199701e+03	2.494149248583842626e-01	1.590585418766810033e-01	2.517234089383900697e-01	1.561699172589084417e-01	7.402477730984899362e-02	3.068362379059782347e-02	7.892480596700433837e-02
1.194929242772855105e+03	2.487409122334962031e-01	1.586099405243753813e-01	2.521574405150743825e-01	1.564704165845999251e-01	7.414876930613938100e-02	3.076122224643798586e-02	7.911129858969166706e-02
1.199767012986510281e+03	2.480708073987663853e-01	1.581638440500113818e-01	2.525888438964793981e-01	1.567691801375719896e-01	7.427211344080232591e-02	3.083850505344919515e-02	7.929670602273423963e-02
1.204604783200165684e+03	2.474045875196784483e-01	1.577202385122380701e-01	2.530176365437102337e-01	1.570662177669758242e-01	7.439481284394730554e-02	3.091547270076772796e-02	7.948103411249725359e-02
1.209442553413820860e+03	2.467422298982457629e-01	1.572791100463372116e-01	2.534438357768526995e-01	1.573615392634824806e-01	7.451687063351826457e-02	3.099212568925977657e-02	7.966428869211866770e-02
1.214280323627476264e+03	2.460837119721453470e-01	1.568404448638101023e-01	2.538674587766033275e-01	1.576551543597895788e-01	7.463828991529075640e-02	3.106846453127771676e-02	7.984647558089802422e-02
1.219118093841131440e+03	2.454290113138581642e-01	1.564042292519670085e-01	2.542885225858708131e-01	1.579470727311184652e-01	7.475907378287026395e-02	3.114448975042029624e-02	8.002760058370979313e-02
1.223955864054786844e+03	2.447781056298155566e-01	1.559704495735185492e-01	2.547070441113495343e-01	1.582373039957023497e-01	7.487922531769192203e-02	3.122020188129665322e-02	8.020766949044029481e-02
1.228793634268442020e+03	2.441309727595523948e-01	1.555390922661693265e-01	2.551230401250649260e-01	1.585258577152652004e-01	7.499874758902133620e-02	3.129560146929413755e-02	8.038668807544752104e-02
1.233631404482097196e+03	2.434875906748660002e-01	1.551101438422140544e-01	2.555365272658929876e-01	1.588127433954922008e-01	7.511764365395667831e-02	3.137068907034981646e-02	8.056466209704310488e-02
1.238469174695752372e+03	2.428479374789816458e-01	1.546835908881356025e-01	2.559475220410525331e-01	1.590979704864915745e-01	7.523591655743193385e-02	3.144546525072567517e-02	8.074159729699582899e-02
1.243306944909407548e+03	2.422119914057238588e-01	1.542594200642053437e-01	2.563560408275726843e-01	1.593815483832482782e-01	7.535356933222128739e-02	3.151993058678735637e-02	8.091749940005600605e-02
1.248144715123063179e+03	2.415797308186937720e-01	1.538376181040855550e-01	2.567620998737350502e-01	1.596634864260696174e-01	7.547060499894450714e-02	3.159408566478647679e-02	8.109237411349992652e-02
1.252982485336718355e+03	2.409511342104526943e-01	1.534181718144341233e-01	2.571657153004911489e-01	1.599437939010230902e-01	7.558702656607350912e-02	3.166793108064638179e-02	8.126622712669392956e-02
1.257820255550373531e+03	2.403261802017112869e-01	1.530010680745113594e-01	2.575669031028567924e-01	1.602224800403667382e-01	7.570283702993993447e-02	3.174146743975133494e-02	8.143906411067744489e-02
1.262658025764028707e+03	2.397048475405248180e-01	1.525862938357888665e-01	2.579656791512821012e-01	1.604995540229720574e-01	7.581803937474360100e-02	3.181469535673901727e-02	8.161089071776435333e-02
1.267495795977684338e+03	2.390871151014941076e-01	1.521738361215606017e-01	2.583620591929996491e-01	1.607750249747398330e-01	7.593263657256214827e-02	3.188761545529641972e-02	8.178171258116206932e-02
1.272333566191339514e+03	2.384729618849722177e-01	1.517636820265558517e-01	2.587560588533496242e-01	1.610489019690088675e-01	7.604663158336141815e-02	3.196022836795886501e-02	8.195153531460794283e-02
1.277171336404994690e+03	2.378623670162768600e-01	1.513558187165544855e-01	2.591476936370839534e-01	1.613211940269581590e-01	7.616002735500684850e-02	3.203253473591227696e-02	8.212036451202223142e-02
1.282009106618650094e+03	2.372553097449084103e-01	1.509502334280042879e-01	2.595369789296482210e-01	1.615919101180021689e-01	7.627282682327578278e-02	3.210453520879862771e-02	8.228820574717732317e-02
1.286846876832305497e+03	2.366517694437735020e-01	1.505469134676401255e-01	2.599239299984437146e-01	1.618610591601800652e-01	7.638503291187055677e-02	3.217623044452438269e-02	8.245506457338253048e-02
1.291684647045960673e+03	2.360517256084140869e-01	1.501458462121053605e-01	2.603085619940684325e-01	1.621286500205384451e-01	7.649664853243248741e-02	3.224762110907204021e-02	8.262094652318401067e-02
1.296522417259616077e+03	2.354551578562421033e-01	1.497470191075751522e-01	2.606908899515388289e-01	1.623946915155080606e-01	7.660767658455665263e-02	3.231870787631464792e-02	8.278585710807938314e-02
1.301360187473271253e+03	2.348620459257793336e-01	1.493504196693818953e-01	2.610709287914914634e-01	1.626591924112747445e-01	7.671811995580749000e-02	3.238949142783324742e-02	8.294980181824662679e-02
1.306197957686926657e+03	2.342723696759028418e-01	1.489560354816426291e-01	2.614486933213661102e-01	1.629221614241443961e-01	7.682798152173510309e-02	3.245997245273720549e-02	8.311278612228649443e-02
1.311035727900581833e+03	2.336861090850956280e-01	1.485638541968883064e-01	2.618241982365700493e-01	1.631836072209025823e-01	7.693726414589233120e-02	3.253015164748738336e-02	8.327481546697848569e-02
1.315873498114237009e+03	2.331032442507025015e-01	1.481738635356951161e-01	2.621974581216244271e-01	1.634435384191685048e-01	7.704597067985255454e-02	3.260002971572214386e-02	8.343589527704954600e-02
1.320711268327892412e+03	2.325237553881911723e-01	1.477860512863179154e-01	2.625684874512923539e-01	1.637019635877438595e-01	7.715410396322822106e-02	3.266960736808603716e-02	8.359603095495522773e-02
1.325549038541547588e+03	2.319476228304185872e-01	1.474004053043252160e-01	2.629373005916902928e-01	1.639588912469564230e-01	7.726166682368999783e-02	3.273888532206125496e-02	8.375522788067298052e-02
1.330386808755202765e+03	2.313748270269024299e-01	1.470169135122366966e-01	2.633039118013816293e-01	1.642143298689986153e-01	7.736866207698656073e-02	3.280786430180171465e-02	8.391349141150709900e-02
1.335224578968857941e+03	2.308053485430973939e-01	1.466355638991619637e-01	2.636683352324543650e-01	1.644682878782611213e-01	7.747509252696511972e-02	3.287654503796980099e-02	8.407082688190493924e-02
1.340062349182513572e+03	2.302391680596768964e-01	1.462563445204418389e-01	2.640305849315817688e-01	1.647207736516619891e-01	7.758096096559248533e-02	3.294492826757561277e-02	8.422723960328404313e-02
1.344900119396168748e+03	2.296762663718193986e-01	1.458792434972911167e-01	2.643906748410678187e-01	1.649717955189708152e-01	7.768627017297671800e-02	3.301301473381885315e-02	8.438273486386993483e-02
1.349737889609823924e+03	2.291166243884998621e-01	1.455042490164434321e-01	2.647486187998763785e-01	1.652213617631284881e-01	7.779102291738941577e-02	3.308080518593310704e-02	8.453731792854400628e-02
1.354575659823479100e+03	2.285602231317859778e-01	1.451313493297978763e-01	2.651044305446455529e-01	1.654694806205626867e-01	7.789522195528852944e-02	3.314830037903266496e-02	8.469099403870140874e-02
1.359413430037134731e+03	2.280070437361394753e-01	1.447605327540675557e-01	2.654581237106867775e-01	1.657161602814989643e-01	7.799887003134171881e-02	3.321550107396170626e-02	8.484376841211845044e-02
1.364251200250789907e+03	2.274570674477218446e-01	1.443917876704300940e-01	2.658097118329695863e-01	1.659614088902676143e-01	7.810196987845025030e-02	3.328240803714591078e-02	8.499564624282925085e-02
1.369088970464445310e+03	2.269102756237051932e-01	1.440251025241798266e-01	2.661592083470918912e-01	1.662052345456065949e-01	7.820452421777339402e-02	3.334902204044637442e-02	8.514663270101135994e-02
1.373926740678100487e+03	2.263666497315875714e-01	1.436604658243817723e-01	2.665066265902357179e-01	1.664476453009603729e-01	7.830653575875332062e-02	3.341534386101584209e-02	8.529673293288002334e-02
1.378764510891755890e+03	2.258261713485130440e-01	1.432978661435276857e-01	2.668519798021103395e-01	1.666886491647750490e-01	7.840800719914046979e-02	3.348137428115724457e-02	8.544595206059081571e-02
1.383602281105411066e+03	2.252888221605964802e-01	1.429372921171936650e-01	2.671952811258808680e-01	1.669282541007894860e-01	7.850894122501937689e-02	3.354711408818440016e-02	8.559429518215029564e-02
1.388440051319066470e+03	2.247545839622528130e-01	1.425787324436997572e-01	2.675365436090842430e-01	1.671664680283231064e-01	7.860934051083501295e-02	3.361256407428502013e-02	8.574176737133457071e-02
1.393277821532721646e+03	2.242234386555309322e-01	1.422221758837712291e-01	2.678757802045321212e-01	1.674032988225597762e-01	7.870920771941938843e-02	3.367772503638576109e-02	8.588837367761530117e-02
1.398115591746377049e+03	2.236953682494520479e-01	1.418676112602015316e-01	2.682130037712011084e-01	1.676387543148283865e-01	7.880854550201885078e-02	3.374259777601951865e-02	8.603411912609310042e-02
1.402953361960032225e+03	2.231703548593524655e-01	1.415150274575173173e-01	2.685482270751106681e-01	1.678728422928800201e-01	7.890735649832145149e-02	3.380718309919474723e-02	8.617900871743786051e-02
1.407791132173687402e+03	2.226483807062310527e-01	1.411644134216450686e-01	2.688814627901887078e-01	1.681055705011617607e-01	7.900564333648500692e-02	3.387148181626688237e-02	8.632304742783601659e-02
