4.547504000835967304e+02	4.147377502147436834e-01	2.670845259147230366e-01	1.388167632418779718e-01	8.182603912727637319e-02	4.627918352590727757e-02	1.540208763208054422e-02	3.585365034320198152e-02
4.595881702972519065e+02	4.130966783646523588e-01	2.660328070855586535e-01	1.400410412193073550e-01	8.258390280983753107e-02	4.652480632261935672e-02	1.551615344755083968e-02	3.620461075028474918e-02
4.644259405109071963e+02	4.114653515164090614e-01	2.649869481720947273e-01	1.412549228626010511e-01	8.333639601571307676e-02	4.676962994826848463e-02	1.563032128124764580e-02	3.655643020347677796e-02
4.692637107245624861e+02	4.098437076544041990e-01	2.639469162302361394e-01	1.424585525726839441e-01	8.408358349395014808e-02	4.701364850807597529e-02	1.574457983805469322e-02	3.690901170240574319e-02
4.741014809382177759e+02	4.082316852574406352e-01	2.629126785226716390e-01	1.436520715886215327e-01	8.482552853641724122e-02	4.725685637131048916e-02	1.585891808200561720e-02	3.726226164134366359e-02
4.789392511518730657e+02	4.066292232922858463e-01	2.618842025167588683e-01	1.448356180734008403e-01	8.556229301977842649e-02	4.749924816375943742e-02	1.597332523035032217e-02	3.761608970347707359e-02
4.837770213655284124e+02	4.050362612073624691e-01	2.608614558824539631e-01	1.460093271972125739e-01	8.629393744620214579e-02	4.774081876041470079e-02	1.608779074777360110e-02	3.797040875839143709e-02
4.886147915791837022e+02	4.034527389265742392e-01	2.598444064902842854e-01	1.471733312183083620e-01	8.702052098284303316e-02	4.798156327836647361e-02	1.620230434076180490e-02	3.832513476267265101e-02
4.934525617928388783e+02	4.018785968432634914e-01	2.588330224093635668e-01	1.483277595615060673e-01	8.774210150013378451e-02	4.822147706989905053e-02	1.631685595211335854e-02	3.868018666353152668e-02
4.982903320064942250e+02	4.003137758142963354e-01	2.578272719054474083e-01	1.494727388944122881e-01	8.845873560892311693e-02	4.846055571578275489e-02	1.643143575558918268e-02	3.903548630535979419e-02
5.031281022201495148e+02	3.987582171542723986e-01	2.568271234390284152e-01	1.506083932014310456e-01	8.917047869649470659e-02	4.869879501875615246e-02	1.654603415069907241e-02	3.939095833912908962e-02
5.079658724338048046e+02	3.972118626298558053e-01	2.558325456634702455e-01	1.517348438556234969e-01	8.987738496150091128e-02	4.893619099719309640e-02	1.666064175762027588e-02	3.974653013454704231e-02
5.128036426474600376e+02	3.956746544542236732e-01	2.548435074231784614e-01	1.528522096884837034e-01	9.057950744784430686e-02	4.917273987894913573e-02	1.677524941224459165e-02	4.010213169488701518e-02
5.176414128611153274e+02	3.941465352816294065e-01	2.538599777518082412e-01	1.539606070576913233e-01	9.127689807753859574e-02	4.940843809538209008e-02	1.688984816135041117e-02	4.045769557441081243e-02
5.224791830747705035e+02	3.926274482020777890e-01	2.528819258705069517e-01	1.550601499129023175e-01	9.196960768258001517e-02	4.964328227554169054e-02	1.700442925789627524e-02	4.081315679830588988e-02
5.273169532884259070e+02	3.911173367361079900e-01	2.519093211861913040e-01	1.561509498596355960e-01	9.265768603585901320e-02	4.987726924052334615e-02	1.711898415643254429e-02	4.116845278506107292e-02
5.321547235020811968e+02	3.896161448296832641e-01	2.509421332898576495e-01	1.572331162213122246e-01	9.334118188114136350e-02	5.011039599798129685e-02	1.723350450862794550e-02	4.152352327120709119e-02
5.369924937157364866e+02	3.881238168491824014e-01	2.499803319549248892e-01	1.583067560995020384e-01	9.402014296214687705e-02	5.034265973679645512e-02	1.734798215890783271e-02	4.187831023835037608e-02
5.418302639293917764e+02	3.866402975764920980e-01	2.490238871356084127e-01	1.593719744324311460e-01	9.469461605075285560e-02	5.057405782189446086e-02	1.746240914020105034e-02	4.223275784243087083e-02
5.466680341430470662e+02	3.851655322041965257e-01	2.480727689653250134e-01	1.604288740518017564e-01	9.536464697434904325e-02	5.080458778920958485e-02	1.757677766979244202e-02	4.258681234513646274e-02
5.515058043567023560e+02	3.836994663308619380e-01	2.471269477551273630e-01	1.614775557379746485e-01	9.603028064236951433e-02	5.103424734079024111e-02	1.769108014527810691e-02	4.294042204740899232e-02
5.563435745703576458e+02	3.822420459564133677e-01	2.461863939921673239e-01	1.625181182735625784e-01	9.669156107202656059e-02	5.126303434004199355e-02	1.780530914062056214e-02	4.329353722497843171e-02
5.611813447840129356e+02	3.807932174776014200e-01	2.452510783381874615e-01	1.635506584954820319e-01	9.734853141327076687e-02	5.149094680710399052e-02	1.791945740230111231e-02	4.364611006586399666e-02
5.660191149976681118e+02	3.793529276835571062e-01	2.443209716280396737e-01	1.645752713455090610e-01	9.800123397300046502e-02	5.171798291435512201e-02	1.803351784556671278e-02	4.399809460978262865e-02
5.708568852113234016e+02	3.779211237514311095e-01	2.433960448682306044e-01	1.655920499193833939e-01	9.864971023854361698e-02	5.194414098204597208e-02	1.814748355076883576e-02	4.434944668940723339e-02
5.756946554249786914e+02	3.764977532421169837e-01	2.424762692354925087e-01	1.666010855145040881e-01	9.929400090043390137e-02	5.216941947405297902e-02	1.826134775979172328e-02	4.470012387341858878e-02
5.805324256386339812e+02	3.750827640960547327e-01	2.415616160753794595e-01	1.676024676762581378e-01	9.993414587450255571e-02	5.239381699375130624e-02	1.837510387256771627e-02	4.505008541129680577e-02
5.853701958522892710e+02	3.736761046291137700e-01	2.406520569008878951e-01	1.685962842430228648e-01	1.005701843233065274e-01	5.261733228000294721e-02	1.848874544367717226e-02	4.539929217979959269e-02
5.902079660659445608e+02	3.722777235285517072e-01	2.397475633911007598e-01	1.695826213898813106e-01	1.012021546769131392e-01	5.283996420325671323e-02	1.860226617903080679e-02	4.574770663107634305e-02
5.950457362795999643e+02	3.708875698490490813e-01	2.388481073898549023e-01	1.705615636710885730e-01	1.018300946530607404e-01	5.306171176175691895e-02	1.871565993263211644e-02	4.609529274236853075e-02
5.998835064932552541e+02	3.695055930088161356e-01	2.379536609044307638e-01	1.715331940613260275e-01	1.024540412767142722e-01	5.328257407785758071e-02	1.882892070341778135e-02	4.644201596724839565e-02
6.047212767069104302e+02	3.681317427857709879e-01	2.370641961042637691e-01	1.724975939957797411e-01	1.030740308990339554e-01	5.350255039443913008e-02	1.894204263217394782e-02	4.678784318834935257e-02
6.095590469205657200e+02	3.667659693137872989e-01	2.361796853196773405e-01	1.734548434090773250e-01	1.036900992157750168e-01	5.372164007142462422e-02	1.905501999852633396e-02	4.713274267154304864e-02
6.143968171342210098e+02	3.654082230790082764e-01	2.353001010406360616e-01	1.744050207731171476e-01	1.043022812851356063e-01	5.393984258239264973e-02	1.916784721800213892e-02	4.747668402151911105e-02
6.192345873478761860e+02	3.640584549162279027e-01	2.344254159155193806e-01	1.753482031338227387e-01	1.049106115450696847e-01	5.415715751128410971e-02	1.928051883916192047e-02	4.781963813872528585e-02
6.240723575615315895e+02	3.627166160053350019e-01	2.335556027499146037e-01	1.762844661468541685e-01	1.055151238300809508e-01	5.437358454920016709e-02	1.939302954079948765e-02	4.816157717762671597e-02
6.289101277751868793e+02	3.613826578678204782e-01	2.326906345054288450e-01	1.772138841123068742e-01	1.061158513875137543e-01	5.458912349128874908e-02	1.950537412920802169e-02	4.850247450624436962e-02
6.337478979888421691e+02	3.600565323633452275e-01	2.318304842985197400e-01	1.781365300084283843e-01	1.067128268933560387e-01	5.480377423371711465e-02	1.961754753551066960e-02	4.884230466693394862e-02
6.385856682024975726e+02	3.587381916863672804e-01	2.309751253993440057e-01	1.790524755243812494e-01	1.073060824675691610e-01	5.501753677072789006e-02	1.972954481305387933e-02	4.918104333836766789e-02
6.434234384161527487e+02	3.574275883628270645e-01	2.301245312306235968e-01	1.799617910920809360e-01	1.078956496889589695e-01	5.523041119177629632e-02	1.984136113486182837e-02	4.951866729868246997e-02
6.482612086298080385e+02	3.561246752468889554e-01	2.292786753665288779e-01	1.808645459171355219e-01	1.084815596096019852e-01	5.544239767874620944e-02	1.995299179115029090e-02	4.985515438975935548e-02
6.530989788434633283e+02	3.548294055177377837e-01	2.284375315315785304e-01	1.817608080089138378e-01	1.090638427688402218e-01	5.565349650324278447e-02	2.006443218689844127e-02	5.019048348259960018e-02
6.579367490571185044e+02	3.535417326764294654e-01	2.276010735995555867e-01	1.826506442097677041e-01	1.096425292068576168e-01	5.586370802395941582e-02	2.017567783947695967e-02	5.052463444376448232e-02
6.627745192707737942e+02	3.522616105427935351e-01	2.267692755924390902e-01	1.835341202234331559e-01	1.102176484778509130e-01	5.607303268411700792e-02	2.028672437633109726e-02	5.085758810284644882e-02
6.676122894844290840e+02	3.509889932523869716e-01	2.259421116793513817e-01	1.844113006426348900e-01	1.107892296628071038e-01	5.628147100897338412e-02	2.039756753271709452e-02	5.118932622094042595e-02
6.724500596980843738e+02	3.497238352534978167e-01	2.251195561755201802e-01	1.852822489759172742e-01	1.113573013818994900e-01	5.648902360340089801e-02	2.050820314949070716e-02	5.151983146008484032e-02
6.772878299117396637e+02	3.484660913041976449e-01	2.243015835412552061e-01	1.861470276737246521e-01	1.119218918065139484e-01	5.669569114953031119e-02	2.061862717094638253e-02	5.184908735364311683e-02
6.821256001253949535e+02	3.472157164694409937e-01	2.234881683809390451e-01	1.870056981537530361e-01	1.124830286709163907e-01	5.690147440445895988e-02	2.072883564270577850e-02	5.217707827759705819e-02
6.869633703390502433e+02	3.459726661182118135e-01	2.226792854420318324e-01	1.878583208255946990e-01	1.130407392835725972e-01	5.710637419802153808e-02	2.083882470965436884e-02	5.250378942272443394e-02
6.918011405527055331e+02	3.447368959207145478e-01	2.218749096140894828e-01	1.887049551146962045e-01	1.135950505381307096e-01	5.731039143062152674e-02	2.094859061392486538e-02	5.282920676763399465e-02
6.966389107663608229e+02	3.435083618456095667e-01	2.210750159277948268e-01	1.895456594856503030e-01	1.141459889240767911e-01	5.751352707112171447e-02	2.105812969292624598e-02	5.315331705263196677e-02
7.014766809800161127e+02	3.422870201572914550e-01	2.202795795540019308e-01	1.903804914648407898e-01	1.146935805370732642e-01	5.771578215479203355e-02	2.116743837741720535e-02	5.347610775439468056e-02
7.063144511936714025e+02	3.410728274132101556e-01	2.194885758027925182e-01	1.912095076624599210e-01	1.152378510889898178e-01	5.791715778131312914e-02	2.127651318962288027e-02	5.379756706142294065e-02
7.111522214073266923e+02	3.398657404612320243e-01	2.187019801225447702e-01	1.920327637939159837e-01	1.157788259176362466e-01	5.811765511283405877e-02	2.138535074139377018e-02	5.411768385025445688e-02
7.159899916209819821e+02	3.386657164370419082e-01	2.179197680990139496e-01	1.928503147006497553e-01	1.163165299962061472e-01	5.831727537208261647e-02	2.149394773240569795e-02	5.443644766241126365e-02
7.208277618346371582e+02	3.374727127615838040e-01	2.171419154544245445e-01	1.936622143703763121e-01	1.168509879424401987e-01	5.851601984052676869e-02	2.160230094839984266e-02	5.475384868205985384e-02
7.256655320482924481e+02	3.362866871385403744e-01	2.163683980465737344e-01	1.944685159567696164e-01	1.173822240275177037e-01	5.871388985658577281e-02	2.171040725946175864e-02	5.506987771436236412e-02
7.305033022619478515e+02	3.351075975518490457e-01	2.155991918679460162e-01	1.952692717986059256e-01	1.179102621846844640e-01	5.891088681388961107e-02	2.181826361833840572e-02	5.538452616449787008e-02
7.353410724756030277e+02	3.339354022632555763e-01	2.148342730448381532e-01	1.960645334383815663e-01	1.184351260176250697e-01	5.910701215958528293e-02	2.192586705879225398e-02	5.569778601733344631e-02
7.401788426892584312e+02	3.327700598099023743e-01	2.140736178364952280e-01	1.968543516404210880e-01	1.189568388085873313e-01	5.930226739268873448e-02	2.203321469399145346e-02	5.600964981772518086e-02
7.450166129029136073e+02	3.316115290019523987e-01	2.133172026342562699e-01	1.976387764084898691e-01	1.194754235262663750e-01	5.949665406248112742e-02	2.214030371493523608e-02	5.632011065143008310e-02
7.498543831165690108e+02	3.304597689202468658e-01	2.125650039607103747e-01	1.984178570029263289e-01	1.199909028334557315e-01	5.969017376694813609e-02	2.224713138891360950e-02	5.662916212661034399e-02
7.546921533302243006e+02	3.293147389139960413e-01	2.118169984688622887e-01	1.991916419573072083e-01	1.205032990944724103e-01	5.988282815126113462e-02	2.235369505800048964e-02	5.693679835591185234e-02
7.595299235438793630e+02	3.281763985985030607e-01	2.110731629413076238e-01	1.999601790946598234e-01	1.210126343823628298e-01	6.007461890629907375e-02	2.245999213757944937e-02	5.724301393909961289e-02
7.643676937575347665e+02	3.270447078529191143e-01	2.103334742894173992e-01	2.007235155432344209e-01	1.215189304858963204e-01	6.026554776720994405e-02	2.256602011490124737e-02	5.754780394623307260e-02
7.692054639711900563e+02	3.259196268180300504e-01	2.095979095525315472e-01	2.014816977518492924e-01	1.220222089163526535e-01	6.045561651201061815e-02	2.267177654767234610e-02	5.785116390136498671e-02
7.740432341848452324e+02	3.248011158940736220e-01	2.088664458971613014e-01	2.022347715048212757e-01	1.225224909141096608e-01	6.064482696022414215e-02	2.277725906267365902e-02	5.815308976674786468e-02
7.788810043985006359e+02	3.236891357385857093e-01	2.081390606162004109e-01	2.029827819364934671e-01	1.230197974550372580e-01	6.083318097155331755e-02	2.288246535440877430e-02	5.845357792753259896e-02
7.837187746121558121e+02	3.225836472642766295e-01	2.074157311281446259e-01	2.037257735453719132e-01	1.235141492567035787e-01	6.102068044458962975e-02	2.298739318378092630e-02	5.875262517694428144e-02
7.885565448258112156e+02	3.214846116369352580e-01	2.066964349763195652e-01	2.044637902078826897e-01	1.240055667843989878e-01	6.120732731555649647e-02	2.309204037679797594e-02	5.905022870192065676e-02
7.933943150394665054e+02	3.203919902733612934e-01	2.059811498281166886e-01	2.051968751917603584e-01	1.244940702569834468e-01	6.139312355708593377e-02	2.319640482330475109e-02	5.934638606919920290e-02
7.982320852531219089e+02	3.193057448393247788e-01	2.052698534742370406e-01	2.059250711690782942e-01	1.249796796525627363e-01	6.157807117702764066e-02	2.330048447574207052e-02	5.964109521183916240e-02
8.030698554667769713e+02	3.182258372475522679e-01	2.045625238279428215e-01	2.066484202289315397e-01	1.254624147139984380e-01	6.176217221728969725e-02	2.340427734793176090e-02	5.993435441616519477e-02
8.079076256804323748e+02	3.171522296557391374e-01	2.038591389243166185e-01	2.073669638897818468e-01	1.259422949542571279e-01	6.194542875270989124e-02	2.350778151388708062e-02	6.022616230911998630e-02
8.127453958940876646e+02	3.160848844645876010e-01	2.031596769195278818e-01	2.080807431114749528e-01	1.264193396616032083e-01	6.212784288995694404e-02	2.361099510664790499e-02	6.051651784601316114e-02
8.175831661077428407e+02	3.150237643158692036e-01	2.024641160901066439e-01	2.087897983069397501e-01	1.268935679046406251e-01	6.230941676646071375e-02	2.371391631714006923e-02	6.080542029865458609e-02
8.224209363213982442e+02	3.139688320905127394e-01	2.017724348322244565e-01	2.094941693535777860e-01	1.273649985372073967e-01	6.249015254937063252e-02	2.381654339305830023e-02	6.109286924386024553e-02
8.272587065350534203e+02	3.129200509067153746e-01	2.010846116609820711e-01	2.101938956043526985e-01	1.278336502031282573e-01	6.267005243454157326e-02	2.391887463777215769e-02	6.137886455231941762e-02
8.320964767487085965e+02	3.118773841180776385e-01	2.004006252097040308e-01	2.108890158985880781e-01	1.282995413408289376e-01	6.284911864554643124e-02	2.402090840925445031e-02	6.166340637781202866e-02
8.369342469623640000e+02	3.108407953117614531e-01	1.997204542292398688e-01	2.115795685724818354e-01	1.287626901878167196e-01	6.302735343271459456e-02	2.412264311903154074e-02	6.194649514676562468e-02
8.417720171760191761e+02	3.098102483066704216e-01	1.990440775872719115e-01	2.122655914693457324e-01	1.292231147850312345e-01	6.320475907219579026e-02	2.422407723115509517e-02	6.222813154814151038e-02
8.466097873896745796e+02	3.087857071516528218e-01	1.983714742676291887e-01	2.129471219495772949e-01	1.296808329810694160e-01	6.338133786504830669e-02	2.432520926119467047e-02	6.250831652364008395e-02
8.514475576033297557e+02	3.077671361237254155e-01	1.977026233696078661e-01	2.136241969003725705e-01	1.301358624362884409e-01	6.355709213635124533e-02	2.442603777525074321e-02	6.278705125821552879e-02
8.562853278169851592e+02	3.067544997263194073e-01	1.970375041072975619e-01	2.142968527451863947e-01	1.305882206267903189e-01	6.373202423433989294e-02	2.452656138898761523e-02	6.306433717089056368e-02
8.611230980306403353e+02	3.057477626875464982e-01	1.963760958089139363e-01	2.149651254529479361e-01	1.310379248482918257e-01	6.390613652956383950e-02	2.462677876668576196e-02	6.334017590586196733e-02
8.659608682442956251e+02	3.047468899584854785e-01	1.957183779161368320e-01	2.156290505470382646e-01	1.314849922198831900e-01	6.407943141406687027e-02	2.472668862031318984e-02	6.361456932388794006e-02
8.707986384579510286e+02	3.037518467114890819e-01	1.950643299834543820e-01	2.162886631140368554e-01	1.319294396876787567e-01	6.425191130058843791e-02	2.482628970861531018e-02	6.388751949394898266e-02
8.756364086716062047e+02	3.027625983385101027e-01	1.944139316775127524e-01	2.169439978122433554e-01	1.323712840283632897e-01	6.442357862178584027e-02	2.492558083622291656e-02	6.415902868517356361e-02
8.804741788852616082e+02	3.017791104494471077e-01	1.937671627764711857e-01	2.175950888799815242e-01	1.328105418526367709e-01	6.459443582947663187e-02	2.502456085277786693e-02	6.442909935902076113e-02
8.853119490989170117e+02	3.008013488705085781e-01	1.931240031693629011e-01	2.182419701436910386e-01	1.332472296085607244e-01	6.476448539390081138e-02	2.512322865207602951e-02	6.469773416171177571e-02
8.901497193125721878e+02	2.998292796425959250e-01	1.924844328554609629e-01	2.188846750258134355e-01	1.336813635848093373e-01	6.493372980300207709e-02	2.522158317122709728e-02	6.496493591690299940e-02
8.949874895262273640e+02	2.988628690197044357e-01	1.918484319436494501e-01	2.195232365524781570e-01	1.341129599138280448e-01	6.510217156172777575e-02	2.531962338983088923e-02	6.523070761859303679e-02
8.998252597398827675e+02	2.979020834673420937e-01	1.912159806517998717e-01	2.201576873609939478e-01	1.345420345749026303e-01	6.526981319134705917e-02	2.541734832916978104e-02	6.549505242425644747e-02
9.046630299535379436e+02	2.969468896609656627e-01	1.905870593061525231e-01	2.207880597071517070e-01	1.349686033971409793e-01	6.543665722878655444e-02	2.551475705141683162e-02	6.575797364819756241e-02
9.095008001671932334e+02	2.959972544844343689e-01	1.899616483407028655e-01	2.214143854723436278e-01	1.353926820623709559e-01	6.560270622598332602e-02	2.561184865885935205e-02	6.601947475511735219e-02
9.143385703808486369e+02	2.950531450284800683e-01	1.893397282965925965e-01	2.220366961705039499e-01	1.358142861079562891e-01	6.576796274925457431e-02	2.570862229313743835e-02	6.627955935388694930e-02
9.191763405945038130e+02	2.941145285891939021e-01	1.887212798215057719e-01	2.226550229548767135e-01	1.362334309295332724e-01	6.593242937868354359e-02	2.580507713449724586e-02	6.653823119152146859e-02
9.240141108081592165e+02	2.931813726665293829e-01	1.881062836690692575e-01	2.232693966246148132e-01	1.366501317836706364e-01	6.609610870752130607e-02	2.590121240105857855e-02	6.679549414734793633e-02
9.288518810218145063e+02	2.922536449628214683e-01	1.874947206982581493e-01	2.238798476312155727e-01	1.370644037904547585e-01	6.625900334160396421e-02	2.599702734809656787e-02	6.705135222736151313e-02
9.336896512354697961e+02	2.913313133813206224e-01	1.868865718728054404e-01	2.244864060847971687e-01	1.374762619360028193e-01	6.642111589878492428e-02	2.609252126733701757e-02	6.730580955876404314e-02
9.385274214491247449e+02	2.904143460247434749e-01	1.862818182606162665e-01	2.250891017602205113e-01	1.378857210749054873e-01	6.658244900838161673e-02	2.618769348626519972e-02	6.755887038467947581e-02
9.433651916627801484e+02	2.895027111938372477e-01	1.856804410331865662e-01	2.256879641030609118e-01	1.382927959326021583e-01	6.674300531063667719e-02	2.628254336744775474e-02	6.781053905904062262e-02
9.482029618764355519e+02	2.885963773859600567e-01	1.850824214650259869e-01	2.262830222354336729e-01	1.386975011076899411e-01	6.690278745619278322e-02	2.637707030786742499e-02	6.806082004164211441e-02
9.530407320900908417e+02	2.876953132936748703e-01	1.844877409330848983e-01	2.268743049616776808e-01	1.390998510741688066e-01	6.706179810558109133e-02	2.647127373827030949e-02	6.830971789335431310e-02
9.578785023037459041e+02	2.867994878033587880e-01	1.838963809161858476e-01	2.274618407739011083e-01	1.394998601836248686e-01	6.722003992872267741e-02	2.656515312252540756e-02	6.855723727149330704e-02
9.627162725174014213e+02	2.859088699938255318e-01	1.833083229944588166e-01	2.280456578573929194e-01	1.398975426673534916e-01	6.737751560444292520e-02	2.665870795699616658e-02	6.880338292534217415e-02
9.675540427310568248e+02	2.850234291349622584e-01	1.827235488487808646e-01	2.286257840959039778e-01	1.402929126384240555e-01	6.753422781999825208e-02	2.675193776992373582e-02	6.904815969181883617e-02
9.723918129447120009e+02	2.841431346863799168e-01	1.821420402602193234e-01	2.292022470768014797e-01	1.406859840936885431e-01	6.769017927061501960e-02	2.684484212082171792e-02	6.929157249128607698e-02
9.772295831583674044e+02	2.832679562960765951e-01	1.815637791094791564e-01	2.297750740960999294e-01	1.410767709157349226e-01	6.784537265904018455e-02	2.693742059988215448e-02	6.953362632349914529e-02
9.820673533720223531e+02	2.823978637991146901e-01	1.809887473763542587e-01	2.303442921633724882e-01	1.414652868747877379e-01	6.799981069510344089e-02	2.702967282739250632e-02	6.977432626368693103e-02
9.869051235856777566e+02	2.815328272163106771e-01	1.804169271391821427e-01	2.309099280065458337e-01	1.418515456305568523e-01	6.815349609529072761e-02	2.712159845316336471e-02	7.001367745876246884e-02
9.917428937993331601e+02	2.806728167529372597e-01	1.798483005743029550e-01	2.314720080765813870e-01	1.422355607340365924e-01	6.830643158232835299e-02	2.721319715596669242e-02	7.025168512365879969e-02
9.965806640129884499e+02	2.798178027974386750e-01	1.792828499555216559e-01	2.320305585520468783e-01	1.426173456292561259e-01	6.845861988477805471e-02	2.730446864298438289e-02	7.048835453778634630e-02
1.001418434226643626e+03	2.789677559201578227e-01	1.787205576535739748e-01	2.325856053435802762e-01	1.429969136549830711e-01	6.861006373664213509e-02	2.739541264926687036e-02	7.072369104160797226e-02
1.006256204440298802e+03	2.781226468720758849e-01	1.781614061355961398e-01	2.331371740982500496e-01	1.433742780463813649e-01	6.876076587697886600e-02	2.748602893720160020e-02	7.095770003332822762e-02
1.011093974653954206e+03	2.772824465835636576e-01	1.776053779645977992e-01	2.336852902038136226e-01	1.437494519366251111e-01	6.891072904952766365e-02	2.757631729599121020e-02	7.119038696569303382e-02
1.015931744867609382e+03	2.764471261631445964e-01	1.770524557989387737e-01	2.342299787928775745e-01	1.441224483584694904e-01	6.905995600234381138e-02	2.766627754114108634e-02	7.142175734289671341e-02
1.020769515081264785e+03	2.756166568962696295e-01	1.765026223918089721e-01	2.347712647469620273e-01	1.444932802457800924e-01	6.920844948744243885e-02	2.775590951395623743e-02	7.165181671759267290e-02
1.025607285294920075e+03	2.747910102441030733e-01	1.759558605907116935e-01	2.353091727004714695e-01	1.448619604350220025e-01	6.935621226045175780e-02	2.784521308104718346e-02	7.188057068800485228e-02
1.030445055508575479e+03	2.739701578423199835e-01	1.754121533369505104e-01	2.358437270445754019e-01	1.452285016667097528e-01	6.950324708027499909e-02	2.793418813384476729e-02	7.210802489513654101e-02
1.035282825722230655e+03	2.731540714999145525e-01	1.748714836651192595e-01	2.363749519310003322e-01	1.455929165868194153e-01	6.964955670876102345e-02	2.802283458812361225e-02	7.233418502007374351e-02
1.040120595935886058e+03	2.723427231980190544e-01	1.743338347025951973e-01	2.369028712757360877e-01	1.459552177481639734e-01	6.979514391038335597e-02	2.811115238353412149e-02	7.255905678138013792e-02
1.044958366149541234e+03	2.715360850887340027e-01	1.737991896690355698e-01	2.374275087626587233e-01	1.463154176117329175e-01	6.994001145192740854e-02	2.819914148314277627e-02	7.278264593258057524e-02
1.049796136363196410e+03	2.707341294939683563e-01	1.732675318758772065e-01	2.379488878470721047e-01	1.466735285479973672e-01	7.008416210218562648e-02	2.828680187298065335e-02	7.300495825973070396e-02
1.054633906576851814e+03	2.699368289042904379e-01	1.727388447258393078e-01	2.384670317591705002e-01	1.470295628381816377e-01	7.022759863166048999e-02	2.837413356159989089e-02	7.322599957906979207e-02
1.059471676790506763e+03	2.691441559777890125e-01	1.722131117124293120e-01	2.389819635074240667e-01	1.473835326755023045e-01	7.037032381227510680e-02	2.846113657963801266e-02	7.344577573475420673e-02
1.064309447004162394e+03	2.683560835389444121e-01	1.716903164194518161e-01	2.394937058818899789e-01	1.477354501663756814e-01	7.051234041709114608e-02	2.854781097938993359e-02	7.366429259666906759e-02
1.069147217217817570e+03	2.675725845775095979e-01	1.711704425205205216e-01	2.400022814574500896e-01	1.480853273315947127e-01	7.065365122003398890e-02	2.863415683438746973e-02	7.388155605831570050e-02
1.073984987431472746e+03	2.667936322474011024e-01	1.706534737785730671e-01	2.405077125969781737e-01	1.484331761074762224e-01	7.079425899562491464e-02	2.872017423898624855e-02	7.409757203477236598e-02
1.078822757645127922e+03	2.660191998655996315e-01	1.701393940453889697e-01	2.410100214544380060e-01	1.487790083469793800e-01	7.093416651872017087e-02	2.880586330795981490e-02	7.431234646072613914e-02
1.083660527858783553e+03	2.652492609110600474e-01	1.696281872611102859e-01	2.415092299779142970e-01	1.491228358207962734e-01	7.107337656425667671e-02	2.889122417610082844e-02	7.452588528857365113e-02
1.088498298072438729e+03	2.644837890236309552e-01	1.691198374537653815e-01	2.420053599125782662e-01	1.494646702184154463e-01	7.121189190700426275e-02	2.897625699782921393e-02	7.473819448658849951e-02
1.093336068286093905e+03	2.637227580029835039e-01	1.686143287387953382e-01	2.424984328035897363e-01	1.498045231491588747e-01	7.134971532132428074e-02	2.906096194680709774e-02	7.494928003715327358e-02
1.098173838499749309e+03	2.629661418075489587e-01	1.681116453185831916e-01	2.429884699989370012e-01	1.501424061431939072e-01	7.148684958093434738e-02	2.914533921556041948e-02	7.515914793505426572e-02
1.103011608713404712e+03	2.622139145534660432e-01	1.676117714819862214e-01	2.434754926522166019e-01	1.504783306525203368e-01	7.162329745867916653e-02	2.922938901510706983e-02	7.536780418583668983e-02
1.107849378927059888e+03	2.614660505135364965e-01	1.671146916038705466e-01	2.439595217253543169e-01	1.508123080519332970e-01	7.175906172630730495e-02	2.931311157459147790e-02	7.557525480421874164e-02
1.112687149140715292e+03	2.607225241161895690e-01	1.666203901446488833e-01	2.444405779912689758e-01	1.511443496399632047e-01	7.189414515425358865e-02	2.939650714092542291e-02	7.578150581256250240e-02
1.117524919354370468e+03	2.599833099444554541e-01	1.661288516498207191e-01	2.449186820364806783e-01	1.514744666397930262e-01	7.202855051142718901e-02	2.947957597843507346e-02	7.598656323939996515e-02
1.122362689568025871e+03	2.592483827349469361e-01	1.656400607495152610e-01	2.453938542636647235e-01	1.518026702001535888e-01	7.216228056500513521e-02	2.956231836851402547e-02	7.619043311801239338e-02
1.127200459781681047e+03	2.585177173768495873e-01	1.651540021580370221e-01	2.458661148941527208e-01	1.521289713961977985e-01	7.229533808023122510e-02	2.964473460928229373e-02	7.639312148506142985e-02
1.132038229995336451e+03	2.577912889109202355e-01	1.646706606734139322e-01	2.463354839703822963e-01	1.524533812303542624e-01	7.242772582022005690e-02	2.972682501525110085e-02	7.659463437927022111e-02
1.136876000208991627e+03	2.570690725284939249e-01	1.641900211769481421e-01	2.468019813582967015e-01	1.527759106331607886e-01	7.255944654576615416e-02	2.980858991699339086e-02	7.679497784015300310e-02
1.141713770422646803e+03	2.563510435704984269e-01	1.637120686327694363e-01	2.472656267496957661e-01	1.530965704640786518e-01	7.269050301515812829e-02	2.989002966081993201e-02	7.699415790679167704e-02
1.146551540636302207e+03	2.556371775264772994e-01	1.632367880873910326e-01	2.477264396645391664e-01	1.534153715122880957e-01	7.282089798399754565e-02	2.997114460846089443e-02	7.719218061665791830e-02
1.151389310849957155e+03	2.549274500336206062e-01	1.627641646692679911e-01	2.481844394532032871e-01	1.537323244974654057e-01	7.295063420502259643e-02	3.005193513675282965e-02	7.738905200447915300e-02
1.156227081063612786e+03	2.542218368758034641e-01	1.622941835883580930e-01	2.486396452986932570e-01	1.540474400705425240e-01	7.307971442793631534e-02	3.013240163733093765e-02	7.758477810114726425e-02
1.161064851277267962e+03	2.535203139826321950e-01	1.618268301356852179e-01	2.490920762188107429e-01	1.543607288144491774e-01	7.320814139923939590e-02	3.021254451632649635e-02	7.777936493266858486e-02
1.165902621490923138e+03	2.528228574284984154e-01	1.613620896829050799e-01	2.495417510682791662e-01	1.546722012448387695e-01	7.333591786206722363e-02	3.029236419406942590e-02	7.797281851915383033e-02
1.170740391704578315e+03	2.521294434316401212e-01	1.608999476818734897e-01	2.499886885408268422e-01	1.549818678107976189e-01	7.346304655603130840e-02	3.037186110479580051e-02	7.816514487384673693e-02
1.175578161918233945e+03	2.514400483532107655e-01	1.604403896642169480e-01	2.504329071712298460e-01	1.552897388955389868e-01	7.358953021706486630e-02	3.045103569636028670e-02	7.835635000219016988e-02
1.180415932131889122e+03	2.507546486963555532e-01	1.599834012409056816e-01	2.508744253373147437e-01	1.555958248170815073e-01	7.371537157727245382e-02	3.052988842995338695e-02	7.854643990092852190e-02
1.185253702345544298e+03	2.500732211052944520e-01	1.595289681018290107e-01	2.513132612619231598e-01	1.559001358289130723e-01	7.384057336478359879e-02	3.060841977982342241e-02	7.873542055724513933e-02
1.190091472559199701e+03	2.493957423644130866e-01	1.590770760153729368e-01	2.517494330148382087e-01	1.562026821206402571e-01	7.396513830361033104e-02	3.068663023300313708e-02	7.892329794793387365e-02
1.194929242772855105e+03	2.487221893973603493e-01	1.586277108280003123e-01	2.521829585146745933e-01	1.565034738186238950e-01	7.408906911350846003e-02	3.076452028904084340e-02	7.911007803860346799e-02
1.199767012986510281e+03	2.480525392661530326e-01	1.581808584638330906e-01	2.526138555307322897e-01	1.568025209866011072e-01	7.421236850984258560e-02	3.084209045973607122e-02	7.929576678291372360e-02
1.204604783200165684e+03	2.473867691702874294e-01	1.577365049242369088e-01	2.530421416848162575e-01	1.570998336262943440e-01	7.433503920345474469e-02	3.091934126887958822e-02	7.948037012184265560e-02
1.209442553413820860e+03	2.467248564458578153e-01	1.572946362874079462e-01	2.534678344530211236e-01	1.573954216780074633e-01	7.445708390053649983e-02	3.099627325199772604e-02	7.966389398298333313e-02
1.214280323627476264e+03	2.460667785646815653e-01	1.568552387079621135e-01	2.538909511674832808e-01	1.576892950212097355e-01	7.457850530250464960e-02	3.107288695610094242e-02	7.984634427986968264e-02
1.219118093841131440e+03	2.454125131334310983e-01	1.564182984165262968e-01	2.543115090180999571e-01	1.579814634751077196e-01	7.469930610588007558e-02	3.114918293943654687e-02	8.002772691133021310e-02
1.223955864054786844e+03	2.447620378927723717e-01	1.559838017193320159e-01	2.547295250542176981e-01	1.582719367992054538e-01	7.481948900217005871e-02	3.122516177124550277e-02	8.020804776086877530e-02
1.228793634268442020e+03	2.441153307165098429e-01	1.555517349978109976e-01	2.551450161862890975e-01	1.585607246938535164e-01	7.493905667775373203e-02	3.130082403152324028e-02	8.038731269607146679e-02
1.233631404482097196e+03	2.434723696107380375e-01	1.551220847081932475e-01	2.555579991874994961e-01	1.588478368007869845e-01	7.505801181377066977e-02	3.137617031078442087e-02	8.056552756803898874e-02
1.238469174695752372e+03	2.428331327129993333e-01	1.546948373811069810e-01	2.559684906953653138e-01	1.591332827036528452e-01	7.517635708601252964e-02	3.145120120983154605e-02	8.074269821084326115e-02
1.243306944909407548e+03	2.421975982914482683e-01	1.542699796211809693e-01	2.563765072133024625e-01	1.594170719285269155e-01	7.529409516481777587e-02	3.152591733952740671e-02	8.091883044100801892e-02
1.248144715123063179e+03	2.415657447440219541e-01	1.538474981066488001e-01	2.567820651121675568e-01	1.596992139444209091e-01	7.541122871496921953e-02	3.160031932057122406e-02	8.109393005701208412e-02
1.252982485336718355e+03	2.409375505976167342e-01	1.534273795889553871e-01	2.571851806317720368e-01	1.599797181637796772e-01	7.552776039559441768e-02	3.167440778327847845e-02	8.126800283881503717e-02
1.257820255550373531e+03	2.403129945072709495e-01	1.530096108923654774e-01	2.575858698823689230e-01	1.602585939429690132e-01	7.564369286006893123e-02	3.174818336736438817e-02	8.144105454740417638e-02
1.262658025764028707e+03	2.396920552553538086e-01	1.525941789135741855e-01	2.579841488461142029e-01	1.605358505827541582e-01	7.575902875592227526e-02	3.182164672173083686e-02	8.161309092436233592e-02
1.267495795977684338e+03	2.390747117507600328e-01	1.521810706213198860e-01	2.583800333785029602e-01	1.608114973287696481e-01	7.587377072474654760e-02	3.189479850425687435e-02	8.178411769145574328e-02
1.272333566191339514e+03	2.384609430281108555e-01	1.517702730559989110e-01	2.587735392097803011e-01	1.610855433719800833e-01	7.598792140210761104e-02	3.196763938159261076e-02	8.195414055024129174e-02
1.277171336404994690e+03	2.378507282469604633e-01	1.513617733292821621e-01	2.591646819463281903e-01	1.613579978491329059e-01	7.610148341745888445e-02	3.204017002895644117e-02	8.212316518169261725e-02
1.282009106618650094e+03	2.372440466910084589e-01	1.509555586237341096e-01	2.595534770720289153e-01	1.616288698432027104e-01	7.621445939405754877e-02	3.211239112993562878e-02	8.229119724584424422e-02
1.286846876832305497e+03	2.366408777673180142e-01	1.505516161924335683e-01	2.599399399496054586e-01	1.618981683838277563e-01	7.632685194888326474e-02	3.218430337629010068e-02	8.245824238145339768e-02
1.291684647045960673e+03	2.360412010055397691e-01	1.501499333585964435e-01	2.603240858219393328e-01	1.621659024477386801e-01	7.643866369255920834e-02	3.225590746775945650e-02	8.262430620567869088e-02
1.296522417259616077e+03	2.354449960571412259e-01	1.497504975152005868e-01	2.607059298133661551e-01	1.624320809591797421e-01	7.654989722927542373e-02	3.232720411187312015e-02	8.278939431377531355e-02
1.301360187473271253e+03	2.348522426946419162e-01	1.493532961246125945e-01	2.610854869309502946e-01	1.626967127903228283e-01	7.666055515671445220e-02	3.239819402376356572e-02	8.295351227880597145e-02
1.306197957686926657e+03	2.342629208108539252e-01	1.489583167182163825e-01	2.614627720657379806e-01	1.629598067616742363e-01	7.677064006597923707e-02	3.246887792598259631e-02	8.311666565136727192e-02
1.311035727900581833e+03	2.336770104181279673e-01	1.485655468960440095e-01	2.618377999939902612e-01	1.632213716424748551e-01	7.688015454152309636e-02	3.253925654832057895e-02	8.327885995933083374e-02
1.315873498114237009e+03	2.330944916476047069e-01	1.481749743264082209e-01	2.622105853783959772e-01	1.634814161510933228e-01	7.698910116108187429e-02	3.260933062762866319e-02	8.344010070759878828e-02
1.320711268327892412e+03	2.325153447484717417e-01	1.477865867455369076e-01	2.625811427692648636e-01	1.637399489554129117e-01	7.709748249560816058e-02	3.267910090764383768e-02	8.360039337787307512e-02
1.325549038541547588e+03	2.319395500872256655e-01	1.474003719572096471e-01	2.629494866057017211e-01	1.639969786732120294e-01	7.720530110920753586e-02	3.274856813881685952e-02	8.375974342843806042e-02
1.330386808755202765e+03	2.313670881469392648e-01	1.470163178323958819e-01	2.633156312167618252e-01	1.642525138725385858e-01	7.731255955907674615e-02	3.281773307814293827e-02	8.391815629395625586e-02
1.335224578968857941e+03	2.307979395265343514e-01	1.466344123088952900e-01	2.636795908225880725e-01	1.645065630720783656e-01	7.741926039544387572e-02	3.288659648899520949e-02	8.407563738527627784e-02
1.340062349182513572e+03	2.302320849400592007e-01	1.462546433909797106e-01	2.640413795355304183e-01	1.647591347415176821e-01	7.752540616151043507e-02	3.295515914096088655e-02	8.423219208925306067e-02
1.344900119396168748e+03	2.296695052159716255e-01	1.458769991490371232e-01	2.644010113612475510e-01	1.650102373019002866e-01	7.763099939339516975e-02	3.302342180968004248e-02	8.438782576857960238e-02
1.349737889609823924e+03	2.291101812964266571e-01	1.455014677192175143e-01	2.647585001997915799e-01	1.652598791259787536e-01	7.773604262007986765e-02	3.309138527668707003e-02	8.454254376162997908e-02
1.354575659823479100e+03	2.285540942365694994e-01	1.451280373030803539e-01	2.651138598466762364e-01	1.655080685385607320e-01	7.784053836335670662e-02	3.315905032925464679e-02	8.469635138231326743e-02
1.359413430037134731e+03	2.280012252038333131e-01	1.447566961672441255e-01	2.654671039939284216e-01	1.657548138168498386e-01	7.794448913777758670e-02	3.322641776024025384e-02	8.484925391993784760e-02
1.364251200250789907e+03	2.274515554772420789e-01	1.443874326430376331e-01	2.658182462311240446e-01	1.660001231907815844e-01	7.804789745060494721e-02	3.329348836793519228e-02	8.500125663908594809e-02
1.369088970464445310e+03	2.269050664467180956e-01	1.440202351261529734e-01	2.661673000464078731e-01	1.662440048433541651e-01	7.815076580176436027e-02	3.336026295591602159e-02	8.515236477949789107e-02
1.373926740678100487e+03	2.263617396123945025e-01	1.436550920763004779e-01	2.665142788274986185e-01	1.664864669109549500e-01	7.825309668379869243e-02	3.342674233289843339e-02	8.530258355596574693e-02
1.378764510891755890e+03	2.258215565839323535e-01	1.432919920168653494e-01	2.668591958626785332e-01	1.667275174836817531e-01	7.835489258182384842e-02	3.349292731259347067e-02	8.545191815823618975e-02
1.383602281105411066e+03	2.252844990798427982e-01	1.429309235345660456e-01	2.672020643417684083e-01	1.669671646056599956e-01	7.845615597348609693e-02	3.355881871356609925e-02	8.560037375092198475e-02
1.388440051319066470e+03	2.247505489268135093e-01	1.425718752791145516e-01	2.675428973570889157e-01	1.672054162753553452e-01	7.855688932892088139e-02	3.362441735909603435e-02	8.574795547342212165e-02
1.393277821532721646e+03	2.242196880590401897e-01	1.422148359628782333e-01	2.678817079044070737e-01	1.674422804458819414e-01	7.865709511071314330e-02	3.368972407704087096e-02	8.589466843984999711e-02
1.398115591746377049e+03	2.236918985175621877e-01	1.418597943605435230e-01	2.682185088838691112e-01	1.676777650253065965e-01	7.875677577385908901e-02	3.375473969970142069e-02	8.604051773896945199e-02
1.402953361960032225e+03	2.231671624496033290e-01	1.415067393087814929e-01	2.685533131009205654e-01	1.679118778769489451e-01	7.885593376572931634e-02	3.381946506368919969e-02	8.618550843413856632e-02
1.407791132173687402e+03	2.226454621079165808e-01	1.411556597059147877e-01	2.688861332672123905e-01	1.681446268196774563e-01	7.895457152603341244e-02	3.388390100979612324e-02	8.632964556326062910e-02
1.412628902387342805e+03	2.221267798501337654e-01	1.408065445115866399e-01	2.692169820014947978e-01	1.683760196282018118e-01	7.905269148678586988e-02	3.394804838286626797e-02	8.647293413874228285e-02
1.417466672600997981e+03	2.216110981381193279e-01	1.404593827464313827e-01	2.695458718304978851e-01	1.686060640333613692e-01	7.915029607227333508e-02	3.401190803166975751e-02	8.661537914745835731e-02
