4.644259405109071963e+02	4.113565411963965857e-01	2.651944019512484374e-01	1.408067348919902206e-01	8.339401840485465012e-02	4.725573287949928758e-02	1.540049684319107562e-02	3.659207383262902402e-02
4.692637107245624861e+02	4.097366585152212859e-01	2.641513106274090972e-01	1.420298970590198606e-01	8.414097229961808866e-02	4.748463106834429487e-02	1.551885901762727407e-02	3.693767141256941444e-02
4.741014809382177759e+02	4.081263958560789606e-01	2.631140434422793994e-01	1.432422368276776992e-01	8.488260169178024617e-02	4.771308995173235284e-02	1.563725864305948871e-02	3.728437358720118611e-02
4.789392511518730657e+02	4.065256913311997011e-01	2.620825676112575886e-01	1.444439171897906327e-01	8.561897372559355845e-02	4.794109557495860457e-02	1.575568482030105522e-02	3.763206974670821325e-02
4.837770213655284124e+02	4.049344835737044290e-01	2.610568505570474707e-01	1.456350972798295118e-01	8.635015393065674505e-02	4.816863444174399045e-02	1.587412692235064954e-02	3.798065329447657124e-02
4.886147915791837022e+02	4.033527117299930409e-01	2.600368599074196485e-01	1.468159324859547588e-01	8.707620627106978095e-02	4.839569350144976023e-02	1.599257458764206941e-02	3.833002151628030207e-02
4.934525617928388783e+02	4.017803154523132414e-01	2.590225634930247711e-01	1.479865745576586789e-01	8.779719319303283531e-02	4.862226013666350044e-02	1.611101771348003031e-02	3.868007545363629646e-02
4.982903320064942250e+02	4.002172348915069566e-01	2.580139293452560212e-01	1.491471717101099936e-01	8.851317567093824890e-02	4.884832215114544296e-02	1.622944644965654271e-02	3.903071978119614788e-02
5.031281022201495148e+02	3.986634106899268337e-01	2.570109256941605635e-01	1.502978687253045675e-01	8.922421325200363684e-02	4.907386775812418861e-02	1.634785119224243730e-02	3.938186268804703266e-02
5.079658724338048046e+02	3.971187839745201065e-01	2.560135209663973455e-01	1.514388070501217209e-01	8.993036409949221877e-02	4.929888556893120138e-02	1.646622257754892099e-02	3.973341576279779824e-02
5.128036426474600376e+02	3.955832963500728328e-01	2.550216837832404715e-01	1.525701248913825525e-01	9.063168503456527081e-02	4.952336458196384544e-02	1.658455147625403567e-02	4.008529388233027929e-02
5.176414128611153274e+02	3.940568898926119501e-01	2.540353829586266543e-01	1.536919573080045842e-01	9.132823157681012327e-02	4.974729417196700754e-02	1.670282898768924232e-02	4.043741510409975398e-02
5.224791830747705035e+02	3.925395071429588767e-01	2.530545874972450759e-01	1.548044363003427959e-01	9.202005798348558696e-02	4.997066407962372919e-02	1.682104643428133581e-02	4.078970056187190135e-02
5.273169532884259070e+02	3.910310911004312717e-01	2.520792665926688825e-01	1.559076908968052289e-01	9.270721728752574775e-02	5.019346440144548116e-02	1.693919535614514874e-02	4.114207436478752034e-02
5.321547235020811968e+02	3.895315852166882920e-01	2.511093896255268132e-01	1.570018472378279795e-01	9.338976133434122306e-02	5.041568557995303873e-02	1.705726750582255147e-02	4.149446349964942132e-02
5.369924937157364866e+02	3.880409333897154034e-01	2.501449261617132991e-01	1.580870286572921835e-01	9.406774081745630789e-02	5.063731839413918023e-02	1.717525484316352602e-02	4.184679773632938443e-02
5.418302639293917764e+02	3.865590799579445846e-01	2.491858459506368084e-01	1.591633557614628991e-01	9.474120531301889747e-02	5.085835395020483346e-02	1.729314953034503943e-02	4.219900953619623585e-02
5.466680341430470662e+02	3.850859696945060362e-01	2.482321189235043024e-01	1.602309465055268833e-01	9.541020331321872772e-02	5.107878367256025315e-02	1.741094392702377883e-02	4.255103396346933409e-02
5.515058043567023560e+02	3.836215478016081759e-01	2.472837151916413567e-01	1.612899162678039788e-01	9.607478225864901633e-02	5.129859929508340244e-02	1.752863058561872009e-02	4.290280859940463071e-02
5.563435745703576458e+02	3.821657599050410914e-01	2.463406050448467832e-01	1.623403779217055254e-01	9.673498856964467263e-02	5.151779285262782920e-02	1.764620224671982485e-02	4.325427345922356476e-02
5.611813447840129356e+02	3.807185520488013952e-01	2.454027589497801698e-01	1.633824419055087962e-01	9.739086767662961941e-02	5.173635667277239059e-02	1.776365183461911176e-02	4.360537091169773560e-02
5.660191149976681118e+02	3.792798706898339312e-01	2.444701475483822828e-01	1.644162162900165147e-01	9.804246404950496541e-02	5.195428336780575501e-02	1.788097245296056681e-02	4.395604560130517147e-02
5.708568852113234016e+02	3.778496626928875002e-01	2.435427416563264169e-01	1.654418068441665390e-01	9.868982122610808760e-02	5.217156582693855543e-02	1.799815738050541611e-02	4.430624437287668943e-02
5.756946554249786914e+02	3.764278753254811094e-01	2.426205122615003873e-01	1.664593170986563009e-01	9.933298183977240514e-02	5.238819720873635205e-02	1.811520006700943070e-02	4.465591619865320883e-02
5.805324256386339812e+02	3.750144562529781345e-01	2.417034305225180535e-01	1.674688484076430617e-01	9.997198764601633592e-02	5.260417093376688891e-02	1.823209412920894293e-02	4.500501210767775262e-02
5.853701958522892710e+02	3.736093535337650096e-01	2.407914677672593207e-01	1.684705000085804094e-01	1.006068795483889416e-01	5.281948067745520503e-02	1.834883334691250062e-02	4.535348511744784900e-02
5.902079660659445608e+02	3.722125156145311697e-01	2.398845954914380907e-01	1.694643690802485059e-01	1.012376976234993092e-01	5.303412036314033434e-02	1.846541165919506067e-02	4.570129016775679315e-02
5.950457362795999643e+02	3.708238913256483582e-01	2.389827853571970251e-01	1.704505507990349000e-01	1.018644811452553284e-01	5.324808415532768929e-02	1.858182316069172807e-02	4.604838405665424156e-02
5.998835064932552541e+02	3.694434298766455793e-01	2.380860091917286481e-01	1.714291383935196422e-01	1.024872686083371648e-01	5.346136645313123020e-02	1.869806209798823005e-02	4.639472537845888006e-02
6.047212767069104302e+02	3.680710808517774768e-01	2.371942389859215961e-01	1.724002231974175736e-01	1.031060977509296039e-01	5.367396188389980671e-02	1.881412286610527340e-02	4.674027446375805805e-02
6.095590469205657200e+02	3.667067942056837504e-01	2.363074468930317917e-01	1.733638947009291109e-01	1.037210055767370243e-01	5.388586529702216188e-02	1.893000000507414834e-02	4.708499332133138371e-02
6.143968171342210098e+02	3.653505202591366130e-01	2.354256052273772104e-01	1.743202406005488203e-01	1.043320283763034262e-01	5.409707175790534617e-02	1.904568819660088300e-02	4.742884558193708605e-02
6.192345873478761860e+02	3.640022096948739572e-01	2.345486864630561830e-01	1.752693468473792981e-01	1.049392017476600131e-01	5.430757654212133717e-02	1.916118226081645406e-02	4.777179644390211477e-02
6.240723575615315895e+02	3.626618135535165655e-01	2.336766632326879034e-01	1.762112976939972653e-01	1.055425606163213348e-01	5.451737512971692456e-02	1.927647715311060425e-02	4.811381262045870411e-02
6.289101277751868793e+02	3.613292832295658674e-01	2.328095083261751130e-01	1.771461757399166170e-01	1.061421392546509496e-01	5.472646319968205164e-02	1.939156796104681696e-02	4.845486228877188967e-02
6.337478979888421691e+02	3.600045704674810221e-01	2.319471946894877956e-01	1.780740619756916721e-01	1.067379713006164771e-01	5.493483662457181865e-02	1.950644990135618970e-02	4.879491504060434748e-02
6.385856682024975726e+02	3.586876273578328278e-01	2.310896954234675504e-01	1.789950358257030860e-01	1.073300897759535966e-01	5.514249146527776257e-02	1.962111831700793368e-02	4.913394183456652742e-02
6.434234384161527487e+02	3.573784063335323502e-01	2.302369837826521159e-01	1.799091751896673141e-01	1.079185271037575861e-01	5.534942396594389608e-02	1.973556867435431392e-02	4.947191494990172550e-02
6.482612086298080385e+02	3.560768601661319921e-01	2.293890331741192390e-01	1.808165564829087857e-01	1.085033151255207495e-01	5.555563054902327991e-02	1.984979656034792025e-02	4.980880794175737009e-02
6.530989788434633283e+02	3.547829419621977842e-01	2.285458171563493623e-01	1.817172546754333429e-01	1.090844851176333286e-01	5.576110781047102782e-02	1.996379767982925033e-02	5.014459559789527510e-02
6.579367490571185044e+02	3.534966051597501768e-01	2.277073094381067697e-01	1.826113433298401645e-01	1.096620678073648991e-01	5.596585251506960845e-02	2.007756785288256421e-02	5.047925389679515373e-02
6.627745192707737942e+02	3.522178035247720551e-01	2.268734838773385776e-01	1.834988946381078123e-01	1.102360933883428096e-01	5.616986159188281508e-02	2.019110301225812351e-02	5.081275996710712950e-02
6.676122894844290840e+02	3.509464911477817028e-01	2.260443144800910187e-01	1.843799794572894279e-01	1.108065915355436054e-01	5.637313212983428856e-02	2.030439920085892053e-02	5.114509204841036216e-02
6.724500596980843738e+02	3.496826224404696037e-01	2.252197753994423235e-01	1.852546673441507752e-01	1.113735914198130117e-01	5.657566137340725582e-02	2.041745256929010724e-02	5.147622945323628713e-02
6.772878299117396637e+02	3.484261521323965272e-01	2.243998409344524492e-01	1.861230265887836299e-01	1.119371217219294473e-01	5.677744671846175067e-02	2.053025937346934782e-02	5.180615253031624345e-02
6.821256001253949535e+02	3.471770352677523430e-01	2.235844855291282129e-01	1.869851242472263808e-01	1.124972106462254068e-01	5.697848570816598651e-02	2.064281597229638068e-02	5.213484262901462579e-02
6.869633703390502433e+02	3.459352272021732344e-01	2.227736837714042462e-01	1.878410261731222886e-01	1.130538859337811425e-01	5.717877602903847362e-02	2.075511882538016648e-02	5.246228206490978485e-02
6.918011405527055331e+02	3.447006835996155871e-01	2.219674103921386310e-01	1.886907970484453800e-01	1.136071748752038313e-01	5.737831550709769635e-02	2.086716449082198777e-02	5.278845408648622645e-02
6.966389107663608229e+02	3.434733604292857789e-01	2.211656402641234975e-01	1.895345004133223155e-01	1.141571043230057703e-01	5.757710210411626228e-02	2.097894962305294972e-02	5.311334284290279706e-02
7.014766809800161127e+02	3.422532139626241476e-01	2.203683484011094429e-01	1.903721986949784006e-01	1.147037007035940775e-01	5.777513391397640086e-02	2.109047097072437246e-02	5.343693335280251533e-02
7.063144511936714025e+02	3.410402007703414173e-01	2.195755099568441615e-01	1.912039532358346949e-01	1.152469900288844856e-01	5.797240915912393877e-02	2.120172537464962148e-02	5.375921147413106893e-02
7.111522214073266923e+02	3.398342777195063613e-01	2.187871002241241480e-01	1.920298243207822497e-01	1.157869979075510092e-01	5.816892618711787255e-02	2.131270976579594315e-02	5.408016387493173177e-02
7.159899916209819821e+02	3.386354019706840912e-01	2.180030946338597231e-01	1.928498712036588458e-01	1.163237495559232282e-01	5.836468346727277656e-02	2.142342116332490720e-02	5.439977800508575406e-02
7.208277618346371582e+02	3.374435309751222523e-01	2.172234687541525489e-01	1.936641521329527382e-01	1.168572698085422051e-01	5.855967958739138196e-02	2.153385667268014475e-02	5.471804206896802025e-02
7.256655320482924481e+02	3.362586224719852912e-01	2.164481982893858014e-01	1.944727243767573055e-01	1.173875831283861665e-01	5.875391325058469671e-02	2.164401348372109457e-02	5.503494499898892861e-02
7.305033022619478515e+02	3.350806344856347985e-01	2.156772590793260835e-01	1.952756442469993914e-01	1.179147136167761761e-01	5.894738327217714791e-02	2.175388886890144979e-02	5.535047642999425116e-02
7.353410724756030277e+02	3.339095253229549254e-01	2.149106270982371891e-01	1.960729671229637927e-01	1.184386850229722371e-01	5.914008857669438707e-02	2.186348018149112532e-02	5.566462667449560697e-02
7.401788426892584312e+02	3.327452535707219328e-01	2.141482784540053863e-01	1.968647474741355152e-01	1.189595207534694943e-01	5.933202819493119118e-02	2.197278485384053515e-02	5.597738669870518102e-02
7.450166129029136073e+02	3.315877780930165386e-01	2.133901893872754973e-01	1.976510388823805586e-01	1.194772438810041554e-01	5.952320126109741233e-02	2.208180039568605549e-02	5.628874809934895224e-02
7.498543831165690108e+02	3.304370580286779546e-01	2.126363362705981641e-01	1.984318940634858253e-01	1.199918771532784145e-01	5.971360701003953358e-02	2.219052439249551145e-02	5.659870308123377686e-02
7.546921533302243006e+02	3.292930527887986125e-01	2.118866956075873831e-01	1.992073648880772208e-01	1.205034430014132463e-01	5.990324477453579793e-02	2.229895450385265335e-02	5.690724443554418671e-02
7.595299235438793630e+02	3.281557220542593578e-01	2.111412440320883377e-01	1.999775024019357361e-01	1.210119635481377992e-01	6.009211398266275234e-02	2.240708846187953671e-02	5.721436551884564320e-02
7.643676937575347665e+02	3.270250257733021138e-01	2.103999583073553614e-01	2.007423568457292196e-01	1.215174606157236881e-01	6.028021415523116683e-02	2.251492406969579294e-02	5.752006023277184132e-02
7.692054639711900563e+02	3.259009241591417361e-01	2.096628153252393933e-01	2.015019776741781843e-01	1.220199557336724971e-01	6.046754490328941356e-02	2.262245919991380874e-02	5.782432300437415768e-02
7.740432341848452324e+02	3.247833776876138390e-01	2.089297921053852314e-01	2.022564135746726943e-01	1.225194701461641000e-01	6.065410592569235593e-02	2.272969179316883595e-02	5.812714876711207873e-02
7.788810043985006359e+02	3.236723470948591475e-01	2.082008657944378338e-01	2.030057124853571482e-01	1.230160248192736366e-01	6.083989700673385348e-02	2.283661985668312272e-02	5.842853294246433404e-02
7.837187746121558121e+02	3.225677933750425996e-01	2.074760136652575859e-01	2.037499216126994472e-01	1.235096404479643778e-01	6.102491801384115483e-02	2.294324146286311553e-02	5.872847142214077110e-02
7.885565448258112156e+02	3.214696777781070880e-01	2.067552131161445872e-01	2.044890874485595089e-01	1.240003374628636523e-01	6.120916889532938832e-02	2.304955474792891659e-02	5.902696055087586907e-02
7.933943150394665054e+02	3.203779618075603963e-01	2.060384416700712928e-01	2.052232557867735563e-01	1.244881360368288586e-01	6.139264967821445734e-02	2.315555791057506696e-02	5.932399710978535773e-02
7.982320852531219089e+02	3.192926072182950548e-01	2.053256769739235932e-01	2.059524717392678395e-01	1.249730560913100419e-01	6.157536046608272362e-02	2.326124921066190579e-02	5.961957830026785865e-02
8.030698554667769713e+02	3.182135760144398917e-01	2.046168967977502195e-01	2.066767797517165550e-01	1.254551173025156841e-01	6.175730143701583380e-02	2.336662696793661426e-02	5.991370172843427794e-02
8.079076256804323748e+02	3.171408304472427830e-01	2.039120790340197553e-01	2.073962236187581187e-01	1.259343391073879104e-01	6.193847284156922539e-02	2.347168956078325708e-02	6.020636539004801946e-02
8.127453958940876646e+02	3.160743330129840989e-01	2.032112016968858070e-01	2.081108464987825313e-01	1.264107407093932323e-01	6.211887500080269520e-02	2.357643542500097861e-02	6.049756765595969144e-02
8.175831661077428407e+02	3.150140464509196270e-01	2.025142429214594197e-01	2.088206909283034651e-01	1.268843410841346275e-01	6.229850830436169801e-02	2.368086305260964919e-02	6.078730725802054119e-02
8.224209363213982442e+02	3.139599337412522506e-01	2.018211809630892917e-01	2.095257988359272294e-01	1.273551589847907173e-01	6.247737320860786980e-02	2.378497099068229217e-02	6.107558327545930393e-02
8.272587065350534203e+02	3.129119581031327701e-01	2.011319941966487335e-01	2.102262115559312972e-01	1.278232129473875767e-01	6.265547023479746402e-02	2.388875784020350057e-02	6.136239512170762328e-02
8.320964767487085965e+02	3.118700829926874252e-01	2.004466611158301770e-01	2.109219698414635524e-01	1.282885212959084531e-01	6.283279996730629924e-02	2.399222225495323962e-02	6.164774253165978407e-02
8.369342469623640000e+02	3.108342721010737275e-01	1.997651603324462344e-01	2.116131138773744147e-01	1.287511021472464434e-01	6.300936305190005249e-02	2.409536294041537616e-02	6.193162554935274094e-02
8.417720171760191761e+02	3.098044893525613297e-01	1.990874705757376684e-01	2.122996832926925259e-01	1.292109734160055146e-01	6.318516019404848971e-02	2.419817865271027546e-02	6.221404451605311997e-02
8.466097873896745796e+02	3.087806989026402049e-01	1.984135706916879405e-01	2.129817171727549363e-01	1.296681528191543364e-01	6.336019215728255771e-02	2.430066819755082735e-02	6.249500005873805109e-02
8.514475576033297557e+02	3.077628651361531964e-01	1.977434396423441709e-01	2.136592540710020027e-01	1.301226578805376732e-01	6.353445976159310948e-02	2.440283042922138101e-02	6.277449307895731356e-02
8.562853278169851592e+02	3.067509526654534358e-01	1.970770565051444545e-01	2.143323320204474636e-01	1.305745059352500514e-01	6.370796388186995840e-02	2.450466424957890854e-02	6.305252474206458901e-02
8.611230980306403353e+02	3.057449263285862973e-01	1.964144004722511994e-01	2.150009885448329883e-01	1.310237141338760347e-01	6.388070544638056736e-02	2.460616860707589074e-02	6.332909646680587312e-02
8.659608682442956251e+02	3.047447511874948334e-01	1.957554508498907109e-01	2.156652606694773322e-01	1.314702994466010466e-01	6.405268543528677694e-02	2.470734249580437344e-02	6.360420991525377044e-02
8.707986384579510286e+02	3.037503925262480808e-01	1.951001870576985486e-01	2.163251849318285625e-01	1.319142786671976264e-01	6.422390487919890645e-02	2.480818495456060813e-02	6.387786698307647282e-02
8.756364086716062047e+02	3.027618158492926814e-01	1.944485886280706011e-01	2.169807973917287636e-01	1.323556684168900877e-01	6.439436485776606212e-02	2.490869506592984645e-02	6.415006979013075650e-02
8.804741788852616082e+02	3.017789868797259856e-01	1.938006352055199055e-01	2.176321336413996610e-01	1.327944851481023258e-01	6.456406649830170874e-02	2.500887195539067132e-02	6.442082067136853385e-02
8.853119490989170117e+02	3.008018715575911939e-01	1.931563065460390749e-01	2.182792288151577109e-01	1.332307451480919669e-01	6.473301097444345009e-02	2.510871479043849663e-02	6.469012216804692628e-02
8.901497193125721878e+02	2.998304360381936484e-01	1.925155825164678314e-01	2.189221175988663726e-01	1.336644645424747424e-01	6.490119950484625477e-02	2.520822277972764244e-02	6.495797701923225476e-02
8.949874895262273640e+02	2.988646466904381072e-01	1.918784430938662577e-01	2.195608342391337509e-01	1.340956592986426166e-01	6.506863335190812836e-02	2.530739517223161428e-02	6.522438815358820585e-02
8.998252597398827675e+02	2.979044700951859470e-01	1.912448683648930170e-01	2.201954125522632144e-01	1.345243452290786901e-01	6.523531382052731586e-02	2.540623125642108709e-02	6.548935868143941630e-02
9.046630299535379436e+02	2.969498730436326839e-01	1.906148385251885680e-01	2.208258859329640111e-01	1.349505379945727113e-01	6.540124225689027126e-02	2.550473035945915318e-02	6.575289188710133070e-02
9.095008001671932334e+02	2.960008225357046441e-01	1.899883338787636822e-01	2.214522873628295974e-01	1.353742531073398869e-01	6.556642004728958917e-02	2.560289184641344543e-02	6.601499122146785303e-02
9.143385703808486369e+02	2.950572857784752867e-01	1.893653348373926237e-01	2.220746494185900366e-01	1.357955059340465176e-01	6.573084861697089942e-02	2.570071511948469542e-02	6.627566029484870114e-02
9.191763405945038130e+02	2.941192301845996226e-01	1.887458219200111031e-01	2.226930042801455178e-01	1.362143116987449276e-01	6.589452942900823895e-02	2.579819961725132726e-02	6.653490287004806825e-02
9.240141108081592165e+02	2.931866233707673963e-01	1.881297757521191993e-01	2.233073837383873217e-01	1.366306854857210207e-01	6.605746398320697099e-02	2.589534481392969517e-02	6.679272285567720846e-02
9.288518810218145063e+02	2.922594331561742531e-01	1.875171770651885561e-01	2.239178192028127568e-01	1.370446422422570976e-01	6.621965381503346071e-02	2.599215021864959355e-02	6.704912429969309140e-02
9.336896512354697961e+02	2.913376275610102817e-01	1.869080066960745190e-01	2.245243417089398397e-01	1.374561967813125174e-01	6.638110049457096595e-02	2.608861537474466835e-02	6.730411138315607611e-02
9.385274214491247449e+02	2.904211748049658204e-01	1.863022455864322413e-01	2.251269819255280191e-01	1.378653637841249224e-01	6.654180562550092437e-02	2.618473985905737933e-02	6.755768841419944326e-02
9.433651916627801484e+02	2.895100433057548051e-01	1.856998747821376472e-01	2.257257701616103562e-01	1.382721578027347464e-01	6.670177084410909563e-02	2.628052328125812451e-02	6.780985982220397168e-02
9.482029618764355519e+02	2.886042016776536601e-01	1.851008754327123362e-01	2.263207363733428235e-01	1.386765932624350883e-01	6.686099781831565669e-02	2.637596528317824596e-02	6.806063015217093948e-02
9.530407320900908417e+02	2.877036187300574532e-01	1.845052287907529009e-01	2.269119101706761898e-01	1.390786844641495601e-01	6.701948824672894489e-02	2.647106553815653518e-02	6.831000405928717989e-02
9.578785023037459041e+02	2.868082634660514829e-01	1.839129162113642690e-01	2.274993208238557385e-01	1.394784455867403850e-01	6.717724385772197437e-02	2.656582375039895708e-02	6.855798630367598845e-02
9.627162725174014213e+02	2.859181050809987412e-01	1.833239191515971256e-01	2.280829972697536456e-01	1.398758906892489662e-01	6.733426640853122647e-02	2.666023965435125945e-02	6.880458174532780302e-02
9.675540427310568248e+02	2.850331129611427539e-01	1.827382191698895542e-01	2.286629681180390727e-01	1.402710337130710361e-01	6.749055768437718650e-02	2.675431301408415230e-02	6.904979533920505008e-02
9.723918129447120009e+02	2.841532566822252415e-01	1.821557979255121751e-01	2.292392616571908848e-01	1.406638884840685222e-01	6.764611949760598875e-02	2.684804362269078634e-02	6.929363213051517589e-02
9.772295831583674044e+02	2.832785060081189354e-01	1.815766371780176691e-01	2.298119058603573517e-01	1.410544687146201293e-01	6.780095368685157275e-02	2.694143130169625658e-02	6.953609725014685272e-02
9.820673533720223531e+02	2.824088308894746602e-01	1.810007187866937428e-01	2.303809283910673855e-01	1.414427880056124964e-01	6.795506211621794856e-02	2.703447590047878060e-02	6.977719591026376733e-02
9.869051235856777566e+02	2.815442014623829592e-01	1.804280247100198686e-01	2.309463566087975039e-01	1.418288598483740393e-01	6.810844667448104350e-02	2.712717729570237116e-02	7.001693340005098187e-02
9.917428937993331601e+02	2.806845880470493770e-01	1.798585370051279664e-01	2.315082175743992110e-01	1.422126976265530585e-01	6.826110927430947828e-02	2.721953539076066991e-02	7.025531508160895444e-02
9.965806640129884499e+02	2.798299611464837300e-01	1.792922378272664430e-01	2.320665380553902923e-01	1.425943146179423082e-01	6.841305185150385604e-02	2.731155011523171694e-02	7.049234638599040370e-02
1.001418434226643626e+03	2.789802914452028659e-01	1.787291094292678129e-01	2.326213445311140215e-01	1.429737239962509676e-01	6.856427636425425909e-02	2.740322142434340261e-02	7.072803280937541015e-02
1.006256204440298802e+03	2.781355498079464694e-01	1.781691341610202040e-01	2.331726631977706909e-01	1.433509388328264855e-01	6.871478479241528714e-02	2.749454929844934864e-02	7.096237990938024376e-02
1.011093974653954206e+03	2.772957072784064114e-01	1.776122944689417227e-01	2.337205199733243532e-01	1.437259720983275757e-01	6.886457913679816523e-02	2.758553374251498241e-02	7.119539330149557421e-02
1.015931744867609382e+03	2.764607350779682005e-01	1.770585728954587323e-01	2.342649405022889930e-01	1.440988366643497220e-01	6.901366141847968538e-02	2.767617478561358937e-02	7.142707865564990044e-02
1.020769515081264785e+03	2.756306046044655345e-01	1.765079520784873512e-01	2.348059501603972643e-01	1.444695453050051370e-01	6.916203367812739922e-02	2.776647248043207991e-02	7.165744169289409160e-02
1.025607285294920075e+03	2.748052874309471760e-01	1.759604147509181704e-01	2.353435740591553749e-01	1.448381106984581168e-01	6.930969797534072829e-02	2.785642690278630762e-02	7.188648818220304271e-02
1.030445055508575479e+03	2.739847553044557071e-01	1.754159437401042743e-01	2.358778370502871702e-01	1.452045454284178194e-01	6.945665638800745112e-02	2.794603815114568568e-02	7.211422393739086445e-02
1.035282825722230655e+03	2.731689801448185517e-01	1.748745219673526197e-01	2.364087637300708589e-01	1.455688619855891042e-01	6.960291101167552508e-02	2.803530634616688624e-02	7.234065481413551324e-02
1.040120595935886058e+03	2.723579340434503226e-01	1.743361324474184681e-01	2.369363784435712106e-01	1.459310727690834864e-01	6.974846395893931350e-02	2.812423163023646672e-02	7.256578670710975287e-02
1.044958366149541234e+03	2.715515892621674365e-01	1.738007582880029822e-01	2.374607052887703629e-01	1.462911900877910121e-01	6.989331735884045382e-02	2.821281416702217312e-02	7.278962554721463141e-02
1.049796136363196410e+03	2.707499182320134423e-01	1.732683826892537915e-01	2.379817681206000402e-01	1.466492261617142745e-01	7.003747335628254800e-02	2.830105414103276790e-02	7.301217729891223973e-02
1.054633906576851814e+03	2.699528935520956741e-01	1.727389889432689452e-01	2.384995905548780437e-01	1.470051931232661813e-01	7.018093411145953642e-02	2.838895175718617395e-02	7.323344795765454607e-02
1.059471676790506763e+03	2.691604879884330614e-01	1.722125604336035565e-01	2.390141959721517884e-01	1.473591030185322504e-01	7.032370179929743614e-02	2.847650724038577191e-02	7.345344354740519777e-02
1.064309447004162394e+03	2.683726744728147651e-01	1.716890806347796394e-01	2.395256075214513003e-01	1.477109678084986832e-01	7.046577860890904099e-02	2.856372083510464246e-02	7.367217011825105688e-02
1.069147217217817570e+03	2.675894261016691922e-01	1.711685331117985542e-01	2.400338481239544519e-01	1.480607993702472702e-01	7.060716674306122265e-02	2.865059280497761138e-02	7.388963374410079110e-02
1.073984987431472746e+03	2.668107161349439482e-01	1.706509015196568946e-01	2.405389404765669592e-01	1.484086094981182935e-01	7.074786841765466627e-02	2.873712343240090658e-02	7.410584052046746695e-02
1.078822757645127922e+03	2.660365179949956138e-01	1.701361696028647341e-01	2.410409070554190847e-01	1.487544099048423440e-01	7.088788586121561042e-02	2.882331301813930921e-02	7.432079656233245291e-02
1.083660527858783553e+03	2.652668052654900688e-01	1.696243211949670371e-01	2.415397701192821267e-01	1.490982122226420237e-01	7.102722131439938302e-02	2.890916188094054540e-02	7.453450800208805127e-02
1.088498298072438729e+03	2.645015516903124198e-01	1.691153402180676224e-01	2.420355517129062495e-01	1.494400280043045592e-01	7.116587702950535888e-02	2.899467035715688756e-02	7.474698098755612474e-02
1.093336068286093905e+03	2.637407311724873638e-01	1.686092106823561809e-01	2.425282736702822350e-01	1.497798687242262450e-01	7.130385527000313028e-02	2.907983880037369462e-02	7.495822168008028918e-02
1.098173838499749309e+03	2.629843177731087667e-01	1.681059166856378184e-01	2.430179576178292944e-01	1.501177457794294623e-01	7.144115831006966899e-02	2.916466758104482859e-02	7.516823625268932718e-02
1.103011608713404712e+03	2.622322857102787896e-01	1.676054424128652354e-01	2.435046249775106308e-01	1.504536704905534705e-01	7.157778843413703518e-02	2.924915708613474996e-02	7.537703088832929665e-02
1.107849378927059888e+03	2.614846093580567854e-01	1.671077721356738766e-01	2.439882969698792814e-01	1.507876541028193573e-01	7.171374793645050871e-02	2.933330771876719451e-02	7.558461177816226673e-02
1.112687149140715292e+03	2.607412632454170209e-01	1.666128902119195510e-01	2.444689946170557349e-01	1.511197077869704808e-01	7.184903912063701770e-02	2.941711989788025824e-02	7.579098511992932163e-02
1.117524919354370468e+03	2.600022220552160590e-01	1.661207810852185496e-01	2.449467387456394363e-01	1.514498426401886255e-01	7.198366429928326760e-02	2.950059405788777941e-02	7.599615711637576487e-02
1.122362689568025871e+03	2.592674606231686329e-01	1.656314292844906777e-01	2.454215499895560093e-01	1.517780696869870383e-01	7.211762579352369584e-02	2.958373064834686830e-02	7.620013397373655295e-02
1.127200459781681047e+03	2.585369539368328473e-01	1.651448194235045630e-01	2.458934487928418344e-01	1.521043998800810093e-01	7.225092593263786334e-02	2.966653013363148780e-02	7.640292190027987707e-02
1.132038229995336451e+03	2.578106771346037607e-01	1.646609362004256560e-01	2.463624554123676758e-01	1.524288441012366657e-01	7.238356705365694976e-02	2.974899299261192509e-02	7.660452710490686656e-02
1.136876000208991627e+03	2.570886055047157948e-01	1.641797643973666454e-01	2.468285899205032996e-01	1.527514131620984761e-01	7.251555150097940827e-02	2.983111971834005727e-02	7.680495579580581822e-02
1.141713770422646803e+03	2.563707144842535257e-01	1.637012888799405097e-01	2.472918722077244447e-01	1.530721178049964937e-01	7.264688162599532151e-02	2.991291081774029303e-02	7.700421417915886968e-02
1.146551540636302207e+03	2.556569796581710796e-01	1.632254945968159288e-01	2.477523219851637537e-01	1.533909687037337821e-01	7.277755978671937576e-02	2.999436681130604812e-02	7.720230845789952112e-02
1.151389310849957155e+03	2.549473767583195771e-01	1.627523665792750818e-01	2.482099587871070545e-01	1.537079764643546065e-01	7.290758834743220340e-02	3.007548823280170244e-02	7.739924483051929816e-02
1.156227081063612786e+03	2.542418816624827937e-01	1.622818899407740267e-01	2.486648019734370163e-01	1.540231516258940558e-01	7.303696967832996878e-02	3.015627562896983430e-02	7.759502948992187676e-02
1.161064851277267962e+03	2.535404703934209247e-01	1.618140498765053836e-01	2.491168707320248199e-01	1.543365046611097358e-01	7.316570615518185050e-02	3.023672955924374198e-02	7.778966862232311597e-02
1.165902621490923138e+03	2.528431191179223436e-01	1.613488316629634045e-01	2.495661840810718679e-01	1.546480459771960303e-01	7.329380015899543410e-02	3.031685059546503774e-02	7.798316840619541612e-02
1.170740391704578315e+03	2.521498041458630768e-01	1.608862206575114306e-01	2.500127608714025618e-01	1.549577859164814608e-01	7.342125407568975137e-02	3.039663932160628981e-02	7.817553501125504289e-02
1.175578161918233945e+03	2.514605019292739385e-01	1.604262022979515145e-01	2.504566197887093670e-01	1.552657347571096969e-01	7.354807029577570265e-02	3.047609633349858405e-02	7.836677459749077923e-02
1.180415932131889122e+03	2.507751890614154933e-01	1.599687621020967065e-01	2.508977793557520819e-01	1.555719027137048849e-01	7.367425121404380661e-02	3.055522223856388386e-02	7.855689331423271193e-02
1.185253702345544298e+03	2.500938422758605673e-01	1.595138856673452843e-01	2.513362579345114201e-01	1.558762999380213787e-01	7.379979922925905544e-02	3.063401765555215719e-02	7.874589729925970949e-02
1.190091472559199701e+03	2.494164384455839212e-01	1.590615586702573692e-01	2.517720737282991839e-01	1.561789365195788981e-01	7.392471674386277836e-02	3.071248321428311084e-02	7.893379267794425891e-02
1.194929242772855105e+03	2.487429545820595556e-01	1.586117668661340407e-01	2.522052447838256106e-01	1.564798224862830600e-01	7.404900616368124966e-02	3.079061955539249412e-02	7.912058556243348195e-02
1.199767012986510281e+03	2.480733678343650384e-01	1.581644960885982831e-01	2.526357889932250855e-01	1.567789678050321989e-01	7.417266989764095819e-02	3.086842733008283643e-02	7.930628205086505400e-02
1.204604783200165684e+03	2.474076554882931600e-01	1.577197322491783738e-01	2.530637240960414980e-01	1.570763823823105032e-01	7.429571035749041319e-02	3.094590719987857716e-02	7.949088822661685982e-02
1.209442553413820860e+03	2.467457949654706661e-01	1.572774613368935481e-01	2.534890676811740740e-01	1.573720760647680517e-01	7.441812995752826454e-02	3.102305983638548037e-02	7.967441015758924827e-02
1.214280323627476264e+03	2.460877638224837627e-01	1.568376694178416353e-01	2.539118371887847947e-01	1.576660586397884978e-01	7.453993111433755703e-02	3.109988592105425095e-02	7.985685389551884505e-02
1.219118093841131440e+03	2.454335397500106430e-01	1.564003426347890524e-01	2.543320499121684564e-01	1.579583398360440427e-01	7.466111624652621570e-02	3.117638614494827945e-02	8.003822547532260523e-02
1.223955864054786844e+03	2.447831005719609265e-01	1.559654672067628811e-01	2.547497229995864254e-01	1.582489293240388062e-01	7.478168777447335991e-02	3.125256120851543223e-02	8.021853091447146700e-02
1.228793634268442020e+03	2.441364242446216470e-01	1.555330294286450254e-01	2.551648734560646448e-01	1.585378367166405400e-01	7.490164812008139050e-02	3.132841182136382463e-02	8.039777621239220518e-02
1.233631404482097196e+03	2.434934888558101251e-01	1.551030156707685626e-01	2.555775181451573341e-01	1.588250715696011561e-01	7.502099970653386407e-02	3.140393870204146592e-02	8.057596734989681819e-02
1.238469174695752372e+03	2.428542726240330019e-01	1.546754123785161750e-01	2.559876737906766064e-01	1.591106433820666244e-01	7.513974495805876563e-02	3.147914257781975200e-02	8.075311028863835228e-02
1.243306944909407548e+03	2.422187538976522392e-01	1.542502060719207202e-01	2.563953569783899433e-01	1.593945615970761009e-01	7.525788629969734633e-02	3.155402418448070151e-02	8.092921097059226077e-02
1.248144715123063179e+03	2.415869111540571157e-01	1.538273833452677708e-01	2.568005841576848636e-01	1.596768356020510926e-01	7.537542615707815141e-02	3.162858426610788004e-02	8.110427531756243813e-02
1.252982485336718355e+03	2.409587229988429946e-01	1.534069308667003195e-01	2.572033716432030048e-01	1.599574747292745736e-01	7.549236695619633564e-02	3.170282357488091868e-02	8.127830923071116542e-02
1.257820255550373531e+03	2.403341681649959760e-01	1.529888353778254551e-01	2.576037356164433967e-01	1.602364882563608317e-01	7.560871112319794696e-02	3.177674287087359217e-02	8.145131859011203734e-02
1.262658025764028707e+03	2.397132255120839328e-01	1.525730836933231194e-01	2.580016921273366459e-01	1.605138854067158782e-01	7.572446108416926169e-02	3.185034292185538046e-02	8.162330925432505213e-02
1.267495795977684338e+03	2.390958740254536530e-01	1.521596627005567803e-01	2.583972570957894233e-01	1.607896753499887532e-01	7.583961926493096306e-02	3.192362450309647187e-02	8.179428705999319815e-02
1.272333566191339514e+03	2.384820928154340047e-01	1.517485593591863802e-01	2.587904463132016941e-01	1.610638672025144769e-01	7.595418809083699652e-02	3.199658839717605535e-02	8.196425782145969063e-02
1.277171336404994690e+03	2.378718611165451524e-01	1.513397607007828938e-01	2.591812754439556388e-01	1.613364700277482300e-01	7.606816998657815743e-02	3.206923539379396421e-02	8.213322733040531731e-02
1.282009106618650094e+03	2.372651582867136566e-01	1.509332538284451353e-01	2.595697600268783711e-01	1.616074928366915131e-01	7.618156737599020289e-02	3.214156628958554640e-02	8.230120135550490768e-02
1.286846876832305497e+03	2.366619638064934028e-01	1.505290259164185629e-01	2.599559154766782898e-01	1.618769445883105063e-01	7.629438268186640448e-02	3.221358188793969901e-02	8.246818564210248170e-02
1.291684647045960673e+03	2.360622572782924145e-01	1.501270642097156938e-01	2.603397570853561160e-01	1.621448341899463519e-01	7.640661832577443080e-02	3.228528299882003211e-02	8.263418591190438423e-02
1.296522417259616077e+03	2.354660184256053002e-01	1.497273560237389334e-01	2.607213000235905076e-01	1.624111704977184434e-01	7.651827672787751833e-02	3.235667043858905106e-02	8.279920786268964161e-02
1.301360187473271253e+03	2.348732270922514187e-01	1.493298887439049871e-01	2.611005593421005799e-01	1.626759623169201086e-01	7.662936030675981947e-02	3.242774502983541973e-02	8.296325716803713834e-02
1.306197957686926657e+03	2.342838632416187339e-01	1.489346498252713258e-01	2.614775499729831143e-01	1.629392184024075207e-01	7.673987147925583063e-02	3.249850760120415183e-02	8.312633947706883630e-02
1.311035727900581833e+03	2.336979069559130262e-01	1.485416267921645106e-01	2.618522867310281721e-01	1.632009474589817266e-01	7.684981266028383107e-02	3.256895898722965421e-02	8.328846041420863433e-02
1.315873498114237009e+03	2.331153384354128499e-01	1.481508072378104335e-01	2.622247843150114499e-01	1.634611581417639570e-01	7.695918626268309637e-02	3.263910002817171224e-02	8.344962557895609090e-02
1.320711268327892412e+03	2.325361379977295972e-01	1.477621788239664724e-01	2.625950573089646523e-01	1.637198590565648038e-01	7.706799469705517824e-02	3.270893156985419520e-02	8.360984054567470458e-02
1.325549038541547588e+03	2.319602860770733632e-01	1.473757292805554786e-01	2.629631201834244369e-01	1.639770587602469576e-01	7.717624037160870920e-02	3.277845446350655112e-02	8.376911086339407231e-02
1.330386808755202765e+03	2.313877632235237514e-01	1.469914464053015679e-01	2.633289872966606548e-01	1.642327657610819780e-01	7.728392569200805140e-02	3.284766956560798701e-02	8.392744205562559234e-02
1.335224578968857941e+03	2.308185501023061192e-01	1.466093180633679660e-01	2.636926728958836064e-01	1.644869885191012071e-01	7.739105306122534556e-02	3.291657773773434825e-02	8.408483962019099034e-02
1.340062349182513572e+03	2.302526274930730699e-01	1.462293321869964913e-01	2.640541911184317025e-01	1.647397354464410768e-01	7.749762487939629296e-02	3.298517984640754463e-02	8.424130902906340479e-02
1.344900119396168748e+03	2.296899762891909946e-01	1.458514767751488417e-01	2.644135559929394752e-01	1.649910149076829202e-01	7.760364354367921269e-02	3.305347676294760617e-02	8.439685572822051840e-02
1.349737889609823924e+03	2.291305774970319731e-01	1.454757398931498802e-01	2.647707814404864912e-01	1.652408352201872044e-01	7.770911144811752658e-02	3.312146936332718838e-02	8.455148513750924966e-02
1.354575659823479100e+03	2.285744122352703356e-01	1.451021096723326687e-01	2.651258812757277816e-01	1.654892046544229334e-01	7.781403098350554715e-02	3.318915852802861721e-02	8.470520265052164377e-02
1.359413430037134731e+03	2.280214617341845273e-01	1.447305743096851949e-01	2.654788692080056745e-01	1.657361314342916669e-01	7.791840453725756843e-02	3.325654514190334171e-02	8.485801363448147727e-02
1.364251200250789907e+03	2.274717073349639684e-01	1.443611220674990425e-01	2.658297588424444191e-01	1.659816237374469317e-01	7.802223449327994054e-02	3.332363009403378762e-02	8.500992343014131258e-02
1.369088970464445310e+03	2.269251304890205767e-01	1.439937412730196709e-01	2.661785636810270472e-01	1.662256896956087193e-01	7.812552323184646097e-02	3.339041427759755626e-02	8.516093735168948908e-02
1.373926740678100487e+03	2.263817127573053700e-01	1.436284203180985819e-01	2.665252971236550250e-01	1.664683373948733225e-01	7.822827312947662481e-02	3.345689858973392716e-02	8.531106068666666209e-02
1.378764510891755890e+03	2.258414358096298147e-01	1.432651476588472916e-01	2.668699724691921404e-01	1.667095748760188401e-01	7.833048655881699740e-02	3.352308393141265747e-02	8.546029869589173711e-02
1.383602281105411066e+03	2.253042814239919478e-01	1.429039118152928833e-01	2.672126029164913485e-01	1.669494101348063253e-01	7.843216588852536253e-02	3.358897120730500868e-02	8.560865661339657484e-02
1.388440051319066470e+03	2.247702314859072459e-01	1.425447013710355038e-01	2.675532015654060736e-01	1.671878511222764929e-01	7.853331348315786831e-02	3.365456132565695230e-02	8.575613964636935593e-02
1.393277821532721646e+03	2.242392679877441841e-01	1.421875049729073859e-01	2.678917814177858570e-01	1.674249057450425959e-01	7.863393170305882363e-02	3.371985519816455418e-02	8.590275297510614749e-02
1.398115591746377049e+03	2.237113730280642365e-01	1.418323113306337868e-01	2.682283553784572394e-01	1.676605818655790558e-01	7.873402290425335348e-02	3.378485373985149615e-02	8.604850175297040771e-02
1.402953361960032225e+03	2.231865288109669276e-01	1.414791092164954800e-01	2.685629362561893219e-01	1.678948873025064015e-01	7.883358943834270494e-02	3.384955786894863067e-02	8.619339110636016488e-02
1.407791132173687402e+03	2.226647176454388533e-01	1.411278874649930237e-01	2.688955367646451156e-01	1.681278298308724051e-01	7.893263365240209273e-02	3.391396850677567271e-02	8.633742613468246840e-02
1.412628902387342805e+03	2.221459219447077249e-01	1.407786349725128061e-01	2.692261695233185703e-01	1.683594171824294439e-01	7.903115788888129267e-02	3.397808657762483447e-02	8.648061191033494521e-02
1.417466672600997981e+03	2.216301242256006054e-01	1.404313406969946165e-01	2.695548470584578360e-01	1.685896570459083088e-01	7.912916448550766368e-02	3.404191300864649328e-02	8.662295347869412854e-02
1.422304442814653157e+03	2.211173071079066410e-01	1.400859936576009657e-01	2.698815818039747572e-01	1.688185570672886826e-01	7.922665577519155677e-02	3.410544872973678837e-02	8.676445585811025374e-02
1.427142213028308333e+03	2.206074533137441229e-01	1.397425829343882098e-01	2.702063861023412672e-01	1.690461248500661207e-01	7.932363408593433307e-02	3.416869467342717459e-02	8.690512403990843793e-02
