4.741014809382177759e+02	4.081302934283993489e-01	2.631646842467653680e-01	1.427803507391927074e-01	8.543870090288917252e-02	4.793582739903616552e-02	1.531500109879360867e-02	3.723514218472755155e-02
4.789392511518730657e+02	4.065293670262968284e-01	2.621329962133274738e-01	1.440017910408194213e-01	8.615648485654654742e-02	4.815435344412023755e-02	1.543949336462103507e-02	3.758551405407234425e-02
4.837770213655284124e+02	4.049379614114071435e-01	2.611070476691719211e-01	1.452120436843247764e-01	8.686964142750365492e-02	4.837270174733794559e-02	1.556392183722037775e-02	3.793668222283810842e-02
4.886147915791837022e+02	4.033560146724077811e-01	2.600868071275505566e-01	1.464112852329321479e-01	8.757821703562652937e-02	4.859085167371930691e-02	1.568827677889353400e-02	3.828854747867400932e-02
4.934525617928388783e+02	4.017834654384079274e-01	2.590722432750723336e-01	1.475996880045626902e-01	8.828225714300522164e-02	4.880878321220754462e-02	1.581254871649955332e-02	3.864101421004861175e-02
4.982903320064942250e+02	4.002202528706892415e-01	2.580633249704870624e-01	1.487774201928522833e-01	8.898180628193412545e-02	4.902647695873521561e-02	1.593672843463222327e-02	3.899399029047367210e-02
5.031281022201495148e+02	3.986663166546459136e-01	2.570600212434899223e-01	1.499446459845292234e-01	8.967690808202176400e-02	4.924391409977851852e-02	1.606080696898746357e-02	3.934738696635100424e-02
5.079658724338048046e+02	3.971215969919179578e-01	2.560623012935440701e-01	1.511015256732639866e-01	9.036760529645716800e-02	4.946107639637571662e-02	1.618477559991492176e-02	3.970111874832996102e-02
5.128036426474600376e+02	3.955860345927119659e-01	2.550701344887227329e-01	1.522482157700992822e-01	9.105393982745911552e-02	4.967794616859586010e-02	1.630862584614837033e-02	4.005510330606641689e-02
5.176414128611153274e+02	3.940595706683044375e-01	2.540834903645685094e-01	1.533848691105648698e-01	9.173595275093374135e-02	4.989450628044474201e-02	1.643234945870963859e-02	4.040926136627769755e-02
5.224791830747705035e+02	3.925421469237221905e-01	2.531023386229706018e-01	1.545116349585783921e-01	9.241368434036517643e-02	5.011074012519516757e-02	1.655593841498100710e-02	4.076351661399114229e-02
5.273169532884259070e+02	3.910337055505945791e-01	2.521266491310584779e-01	1.556286591072305048e-01	9.308717408996318443e-02	5.032663161112895661e-02	1.667938491294109274e-02	4.111779559688689967e-02
5.321547235020811968e+02	3.895341892201731326e-01	2.511563919201125761e-01	1.567360839765495895e-01	9.375646073709095751e-02	5.054216514767879281e-02	1.680268136555946798e-02	4.147202763263906078e-02
5.369924937157364866e+02	3.880435410765136761e-01	2.501915371844906644e-01	1.578340487083385590e-01	9.442158228399540054e-02	5.075732563195799185e-02	1.692582039534534094e-02	4.182614471916188542e-02
5.418302639293917764e+02	3.865617047298156583e-01	2.492320552805696587e-01	1.589226892581726003e-01	9.508257601886194177e-02	5.097209843566694043e-02	1.704879482904581370e-02	4.218008144767083911e-02
5.466680341430470662e+02	3.850886242499154122e-01	2.482779167257024022e-01	1.600021384846453676e-01	9.573947853621474213e-02	5.118646939236517340e-02	1.717159769248933002e-02	4.253377491847099706e-02
5.515058043567023560e+02	3.836242441599279074e-01	2.473290921971894041e-01	1.610725262359467835e-01	9.639232575668275904e-02	5.140042478509831286e-02	1.729422220557009365e-02	4.288716465938807731e-02
5.563435745703576458e+02	3.821685094300336094e-01	2.463855525312644845e-01	1.621339794338548801e-01	9.704115294615144049e-02	5.161395133436955801e-02	1.741666177736932858e-02	4.324019254675999513e-02
5.611813447840129356e+02	3.807213654714056150e-01	2.454472687220943528e-01	1.631866221552195351e-01	9.768599473431946456e-02	5.182703618644566440e-02	1.753891000140941209e-02	4.359280272890925928e-02
5.660191149976681118e+02	3.792827581302736228e-01	2.445142119207914522e-01	1.642305757110157360e-01	9.832688513267866248e-02	5.203966690198758710e-02	1.766096065103699500e-02	4.394494155201917468e-02
5.708568852113234016e+02	3.778526336821209086e-01	2.435863534344399894e-01	1.652659587230396188e-01	9.896385755193563838e-02	5.225183144499642718e-02	1.778280767493138625e-02	4.429655748833911943e-02
5.756946554249786914e+02	3.764309388260104194e-01	2.426636647251344814e-01	1.662928871983197499e-01	9.959694481889212747e-02	5.246351817206537649e-02	1.790444519273454160e-02	4.464760106664640571e-02
5.805324256386339812e+02	3.750176206790357125e-01	2.417461174090306808e-01	1.673114746013129039e-01	1.002261791928011486e-01	5.267471582192885526e-02	1.802586749079914535e-02	4.499802480489464157e-02
5.853701958522892710e+02	3.736126267708949622e-01	2.408336832554083817e-01	1.683218319239523364e-01	1.008515923812153964e-01	5.288541350530012036e-02	1.814706901805134345e-02	4.534778314498055102e-02
5.902079660659445608e+02	3.722159050385826506e-01	2.399263341857459653e-01	1.693240677536134997e-01	1.014732155553436932e-01	5.309560069498906604e-02	1.826804438196483540e-02	4.569683238956335353e-02
5.950457362795999643e+02	3.708274038211971102e-01	2.390240422728061032e-01	1.703182883390611246e-01	1.020910793649307813e-01	5.330526721629197384e-02	1.838878834464309150e-02	4.604513064087284446e-02
5.998835064932552541e+02	3.694470718548598098e-01	2.381267797397325359e-01	1.713045976544387838e-01	1.027052139526754282e-01	5.351440323764540541e-02	1.850929581900657983e-02	4.639263774144439245e-02
6.047212767069104302e+02	3.680748582677439429e-01	2.372345189591576198e-01	1.722830974613606958e-01	1.033156489682013901e-01	5.372299926153656369e-02	1.862956186508195333e-02	4.673931521672076983e-02
6.095590469205657200e+02	3.667107125752085417e-01	2.363472324523200052e-01	1.732538873691635839e-01	1.039224135815949440e-01	5.393104611566267720e-02	1.874958168639029657e-02	4.708512621946282783e-02
6.143968171342210098e+02	3.653545846750360648e-01	2.354648928881927505e-01	1.742170648933746291e-01	1.045255364965228806e-01	5.413853494433227415e-02	1.886935062643156635e-02	4.743003547591263802e-02
6.192345873478761860e+02	3.640064248427701266e-01	2.345874730826210952e-01	1.751727255124495286e-01	1.051250459629436834e-01	5.434545720010129644e-02	1.898886416526241946e-02	4.777400923365466429e-02
6.240723575615315895e+02	3.626661837271503153e-01	2.337149459974698085e-01	1.761209627228334518e-01	1.057209697894251205e-01	5.455180463563733678e-02	1.910811791616484970e-02	4.811701521112193153e-02
6.289101277751868793e+02	3.613338123456422690e-01	2.328472847397800305e-01	1.770618680923961574e-01	1.063133353550799604e-01	5.475756929580533061e-02	1.922710762240290722e-02	4.845902254869616926e-02
6.337478979888421691e+02	3.600092620800598442e-01	2.319844625609348843e-01	1.779955313122900118e-01	1.069021696211323313e-01	5.496274350996849939e-02	1.934582915406506815e-02	4.880000176135212975e-02
6.385856682024975726e+02	3.586924846722767124e-01	2.311264528558344133e-01	1.789220402472796179e-01	1.074874991421259224e-01	5.516731988449817548e-02	1.946427850498979109e-02	4.913992469279811204e-02
6.434234384161527487e+02	3.573834322200254987e-01	2.302732291620785965e-01	1.798414809845887974e-01	1.080693500767853366e-01	5.537129129548661738e-02	1.958245178977183892e-02	4.947876447106597936e-02
6.482612086298080385e+02	3.560820571727816852e-01	2.294247651591591608e-01	1.807539378813105280e-01	1.086477481985415466e-01	5.557465088165695205e-02	1.970034524084710026e-02	4.981649546550559471e-02
6.530989788434633283e+02	3.547883123277302264e-01	2.285810346676593885e-01	1.816594936104229119e-01	1.092227189057317499e-01	5.577739203746465146e-02	1.981795520565369714e-02	5.015309324513990419e-02
6.579367490571185044e+02	3.535021508258122669e-01	2.277420116484618617e-01	1.825582292054538924e-01	1.097942872314841556e-01	5.597950840638497849e-02	1.993527814386716196e-02	5.048853453833820198e-02
6.627745192707737942e+02	3.522235261478502966e-01	2.269076702019641179e-01	1.834502241038357129e-01	1.103624778532971279e-01	5.618099387438114933e-02	2.005231062470759842e-02	5.082279719376656818e-02
6.676122894844290840e+02	3.509523921107493005e-01	2.260779845673017430e-01	1.843355561889882810e-01	1.109273151023227461e-01	5.638184256354803608e-02	2.016904932431678663e-02	5.115586014257565012e-02
6.724500596980843738e+02	3.496887028637720718e-01	2.252529291215790153e-01	1.852143018311709355e-01	1.114888229723636909e-01	5.658204882592635099e-02	2.028549102320327188e-02	5.148770336178714463e-02
6.772878299117396637e+02	3.484324128848866886e-01	2.244324783791065148e-01	1.860865359271389186e-01	1.120470251285925062e-01	5.678160723748261474e-02	2.040163260375348064e-02	5.181830783884170538e-02
6.821256001253949535e+02	3.471834769771838802e-01	2.236166069906459775e-01	1.869523319386414972e-01	1.126019449160020752e-01	5.698051259224997528e-02	2.051747104780701075e-02	5.214765553727197106e-02
6.869633703390502433e+02	3.459418502653630600e-01	2.228052897426618939e-01	1.878117619297963725e-01	1.131536053675956111e-01	5.717875989662549868e-02	2.063300343429429889e-02	5.247572936346563827e-02
6.918011405527055331e+02	3.447074881922845280e-01	2.219985015565798248e-01	1.886648966033747932e-01	1.137020292123243764e-01	5.737634436381934544e-02	2.074822693693489928e-02	5.280251313448457856e-02
6.966389107663608229e+02	3.434803465155867319e-01	2.211962174880512944e-01	1.895118053360297927e-01	1.142472388827810298e-01	5.757326140845164808e-02	2.086313882199468395e-02	5.312799154690709541e-02
7.014766809800161127e+02	3.422603813043666454e-01	2.203984127262249848e-01	1.903525562125000792e-01	1.147892565226562300e-01	5.776950664129283652e-02	2.097773644610027161e-02	5.345215014666121478e-02
7.063144511936714025e+02	3.410475489359209855e-01	2.196050625930242584e-01	1.911872160588201364e-01	1.153281039939660080e-01	5.796507586414337276e-02	2.109201725410914108e-02	5.377497529981830476e-02
7.111522214073266923e+02	3.398418060925482154e-01	2.188161425424306750e-01	1.920158504745665962e-01	1.158638028840570378e-01	5.815996506484895356e-02	2.120597877703381609e-02	5.409645416431686782e-02
7.159899916209819821e+02	3.386431097584078898e-01	2.180316281597735051e-01	1.928385238641704136e-01	1.163963745123967608e-01	5.835417041244741337e-02	2.131961863001865382e-02	5.441657466258752879e-02
7.208277618346371582e+02	3.374514172164370662e-01	2.172514951610250711e-01	1.936552994673224060e-01	1.169258399371552459e-01	5.854768825244353880e-02	2.143293451036774530e-02	5.473532545505105373e-02
7.256655320482924481e+02	3.362666860453223938e-01	2.164757193921017786e-01	1.944662393884999951e-01	1.174522199615850304e-01	5.874051510220826278e-02	2.154592419562250880e-02	5.505269591446212973e-02
7.305033022619478515e+02	3.350888741165254925e-01	2.157042768281706435e-01	1.952714046256415481e-01	1.179755351402056868e-01	5.893264764649869952e-02	2.165858554168760899e-02	5.536867610107244070e-02
7.353410724756030277e+02	3.339179395913609572e-01	2.149371435729613145e-01	1.960708550979938514e-01	1.184958057847989438e-01	5.912408273309571749e-02	2.177091648100383872e-02	5.568325673858749714e-02
7.401788426892584312e+02	3.327538409181257650e-01	2.141742958580834244e-01	1.968646496731578099e-01	1.190130519702203293e-01	5.931481736855562237e-02	2.188291502076669670e-02	5.599642919089235088e-02
7.450166129029136073e+02	3.315965368292785320e-01	2.134157100423491604e-01	1.976528461933565184e-01	1.195272935400333719e-01	5.950484871407289017e-02	2.199457924118935689e-02	5.630818543952217925e-02
7.498543831165690108e+02	3.304459863386667862e-01	2.126613626111007738e-01	1.984355015009488798e-01	1.200385501119715231e-01	5.969417408145077930e-02	2.210590729380883593e-02	5.661851806185441704e-02
7.546921533302243006e+02	3.293021487388021473e-01	2.119112301755433636e-01	1.992126714632118933e-01	1.205468410832336024e-01	5.988279092917684482e-02	2.221689739983415471e-02	5.692742020999989883e-02
7.595299235438793630e+02	3.281649835981816365e-01	2.111652894720822959e-01	1.999844109964132866e-01	1.210521856356177456e-01	6.007069685860041974e-02	2.232754784853535276e-02	5.723488559037109152e-02
7.643676937575347665e+02	3.270344507586537275e-01	2.104235173616656185e-01	2.007507740891957548e-01	1.215546027404990209e-01	6.025788961020925316e-02	2.243785699567221736e-02	5.754090844390628845e-02
7.692054639711900563e+02	3.259105103328282516e-01	2.096858908291309165e-01	2.015118138252937618e-01	1.220541111636556236e-01	6.044436706000250181e-02	2.254782326196164838e-02	5.784548352692914230e-02
7.740432341848452324e+02	3.247931227015296574e-01	2.089523869825569979e-01	2.022675824056029137e-01	1.225507294699484245e-01	6.063012721595748000e-02	2.265744513158260420e-02	5.814860609262374053e-02
7.788810043985006359e+02	3.236822485112912373e-01	2.082229830526200476e-01	2.030181311696210578e-01	1.230444760278585209e-01	6.081516821458752414e-02	2.276672115071760524e-02	5.845027187310584960e-02
7.837187746121558121e+02	3.225778486718904881e-01	2.074976563919541106e-01	2.037635106162801746e-01	1.235353690138871058e-01	6.099948831758843920e-02	2.287564992612979228e-02	5.875047706207173204e-02
7.885565448258112156e+02	3.214798843539241613e-01	2.067763844745160728e-01	2.045037704241872978e-01	1.240234264168221523e-01	6.118308590857116092e-02	2.298423012377456831e-02	5.904921829800634236e-02
7.933943150394665054e+02	3.203883169864221170e-01	2.060591448949546378e-01	2.052389594712923093e-01	1.245086660418760621e-01	6.136595948987819127e-02	2.309246046744493214e-02	5.934649264793347839e-02
7.982320852531219089e+02	3.193031082544986465e-01	2.053459153679837168e-01	2.059691258539992076e-01	1.249911055146982614e-01	6.154810767948153821e-02	2.320033973744950115e-02	5.964229759169081130e-02
8.030698554667769713e+02	3.182242200970408774e-01	2.046366737277600378e-01	2.066943169057383622e-01	1.254707622852667681e-01	6.172952920795984899e-02	2.330786676932243562e-02	5.993663100671332844e-02
8.079076256804323748e+02	3.171516147044334266e-01	2.039313979272643074e-01	2.074145792150150214e-01	1.259476536316625206e-01	6.191022291555275947e-02	2.341504045256435559e-02	6.022949115330928499e-02
8.127453958940876646e+02	3.160852545163174709e-01	2.032300660376868406e-01	2.081299586429503912e-01	1.264217966637302126e-01	6.209018774929009332e-02	2.352185972941340381e-02	6.052087666041320452e-02
8.175831661077428407e+02	3.150251022193850670e-01	2.025326562478168835e-01	2.088405003403299987e-01	1.268932083266290090e-01	6.226942276019407224e-02	2.362832359364570520e-02	6.081078651180088501e-02
8.224209363213982442e+02	3.139711207452059449e-01	2.018391468634356811e-01	2.095462487641743532e-01	1.273619054042769150e-01	6.244792710055243473e-02	2.373443108940435919e-02	6.109922003275199132e-02
8.272587065350534203e+02	3.129232732680877205e-01	2.011495163067134051e-01	2.102472476938458124e-01	1.278279045226917987e-01	6.262570002126058299e-02	2.384018131005627081e-02	6.138617687714611332e-02
8.320964767487085965e+02	3.118815232029678031e-01	2.004637431156097438e-01	2.109435402467058351e-01	1.282912221532327424e-01	6.280274086923086363e-02	2.394557339707601915e-02	6.167165701497866886e-02
8.369342469623640000e+02	3.108458342033362798e-01	1.997818059432782400e-01	2.116351688933358066e-01	1.287518746157444716e-01	6.297904908486717801e-02	2.405060653895610759e-02	6.195566072028352300e-02
8.417720171760191761e+02	3.098161701591894412e-01	1.991036835574740427e-01	2.123221754723344790e-01	1.292098780816081371e-01	6.315462419960314600e-02	2.415527997014284278e-02	6.223818855944941025e-02
8.466097873896745796e+02	3.087924951950131724e-01	1.984293548399652662e-01	2.130046012047046022e-01	1.296652485767012808e-01	6.332946583350207437e-02	2.425959296999717976e-02	6.251924137991789199e-02
8.514475576033297557e+02	3.077747736677946544e-01	1.977587987859479590e-01	2.136824867078407908e-01	1.301180019842701208e-01	6.350357369291717569e-02	2.436354486177987749e-02	6.279882029925080988e-02
8.562853278169851592e+02	3.067629701650636531e-01	1.970919945034641241e-01	2.143558720091310876e-01	1.305681540477164615e-01	6.367694756821017099e-02	2.446713501166034033e-02	6.307692669455552958e-02
8.611230980306403353e+02	3.057570495029603985e-01	1.964289212128235151e-01	2.150247965591826904e-01	1.310157203733023357e-01	6.384958733152712451e-02	2.457036282774848271e-02	6.335356219225680985e-02
8.659608682442956251e+02	3.047569767243312189e-01	1.957695582460284855e-01	2.156892992446839963e-01	1.314607164327747935e-01	6.402149293462944257e-02	2.467322775914905161e-02	6.362872865820433377e-02
8.707986384579510286e+02	3.037627170968504875e-01	1.951138850462023067e-01	2.163494184009130405e-01	1.319031575659132816e-01	6.419266440677907914e-02	2.477572929503779608e-02	6.390242818810532022e-02
8.756364086716062047e+02	3.027742361111684377e-01	1.944618811670205116e-01	2.170051918239030431e-01	1.323430589830023596e-01	6.436310185267610229e-02	2.487786696375893225e-02	6.417466309827192517e-02
8.804741788852616082e+02	3.017914994790842909e-01	1.938135262721454866e-01	2.176566567822753318e-01	1.327804357672317248e-01	6.453280545044746963e-02	2.497964033194331746e-02	6.444543591667369065e-02
8.853119490989170117e+02	3.008144731317441978e-01	1.931688001346643924e-01	2.183038500287491912e-01	1.332153028770260983e-01	6.470177544968550021e-02	2.508104900364684434e-02	6.471474937428504937e-02
8.901497193125721878e+02	2.998431232178634387e-01	1.925276826365298899e-01	2.189468078113384619e-01	1.336476751483070824e-01	6.487001216953490468e-02	2.518209261950848238e-02	6.498260639671904482e-02
8.949874895262273640e+02	2.988774161019719378e-01	1.918901537680040015e-01	2.195855658842439662e-01	1.340775672966892651e-01	6.503751599682681961e-02	2.528277085592748816e-02	6.524901009613782998e-02
8.998252597398827675e+02	2.979173183626834809e-01	1.912561936271051921e-01	2.202201595184506977e-01	1.345049939196123479e-01	6.520428738425884663e-02	2.538308342425929509e-02	6.551396376343138206e-02
9.046630299535379436e+02	2.969627967909873045e-01	1.906257824190581984e-01	2.208506235120385741e-01	1.349299694984117948e-01	6.537032684861981968e-02	2.548303007002955881e-02	6.577747086065595383e-02
9.095008001671932334e+02	2.960138183885617780e-01	1.899989004557468553e-01	2.214769922002152724e-01	1.353525084003293633e-01	6.553563496905795427e-02	2.558261057216595219e-02	6.603953501372399060e-02
9.143385703808486369e+02	2.950703503661099014e-01	1.893755281551698921e-01	2.220992994650789476e-01	1.357726248804660418e-01	6.570021238539151820e-02	2.568182474224722789e-02	6.630016000533761611e-02
9.191763405945038130e+02	2.941323601417159539e-01	1.887556460408995607e-01	2.227175787451192157e-01	1.361903330836786163e-01	6.586405979646070552e-02	2.578067242376909374e-02	6.655934976815791604e-02
9.240141108081592165e+02	2.931998153392232354e-01	1.881392347415430655e-01	2.233318630444637298e-01	1.366056470464221684e-01	6.602717795851968663e-02	2.587915349142648827e-02	6.681710837820264981e-02
9.288518810218145063e+02	2.922726837866314598e-01	1.875262749902069093e-01	2.239421849418782584e-01	1.370185806985397547e-01	6.618956768366777987e-02	2.597726785041185385e-02	6.707344004846502172e-02
9.336896512354697961e+02	2.913509335145146872e-01	1.869167476239638470e-01	2.245485765995266780e-01	1.374291478650013498e-01	6.635122983831881482e-02	2.607501543572898761e-02	6.732834912274662797e-02
9.385274214491247449e+02	2.904345327544588518e-01	1.863106335833228100e-01	2.251510697714988185e-01	1.378373622675932997e-01	6.651216534170749373e-02	2.617239621152207124e-02	6.758184006969765456e-02
9.433651916627801484e+02	2.895234499375175519e-01	1.857079139117013278e-01	2.257496958121124886e-01	1.382432375265600921e-01	6.667237516443202949e-02	2.626941017041950141e-02	6.783391747705798391e-02
9.482029618764355519e+02	2.886176536926876590e-01	1.851085697549007258e-01	2.263444856839960939e-01	1.386467871621999137e-01	6.683186032703190838e-02	2.636605733289217740e-02	6.808458604609243792e-02
9.530407320900908417e+02	2.877171128454024673e-01	1.845125823605840709e-01	2.269354699659587027e-01	1.390480245964153538e-01	6.699062189860001404e-02	2.646233774662583652e-02	6.833385058621448127e-02
9.578785023037459041e+02	2.868217964160428846e-01	1.839199330777565589e-01	2.275226788606534156e-01	1.394469631542207544e-01	6.714866099542819711e-02	2.655825148590711463e-02	6.858171600979197369e-02
9.627162725174014213e+02	2.859316736184666086e-01	1.833306033562486226e-01	2.281061422020403129e-01	1.398436160652075100e-01	6.730597877968533260e-02	2.665379865102301959e-02	6.882818732712941978e-02
9.675540427310568248e+02	2.850467138585542903e-01	1.827445747462017323e-01	2.286858894626543903e-01	1.402379964649688171e-01	6.746257645812718529e-02	2.674897936767340473e-02	6.907326964162102678e-02
9.723918129447120009e+02	2.841668867327724612e-01	1.821618288975565270e-01	2.292619497606846191e-01	1.406301173964848716e-01	6.761845528083713919e-02	2.684379378639620284e-02	6.931696814506904669e-02
9.772295831583674044e+02	2.832921620267533358e-01	1.815823475595436665e-01	2.298343518668693186e-01	1.410199918114700135e-01	6.777361653999706970e-02	2.693824208200507053e-02	6.955928811316239302e-02
9.820673533720223531e+02	2.824225097138907126e-01	1.810061125801769588e-01	2.304031242112133115e-01	1.414076325716830118e-01	6.792806156868752554e-02	2.703232445303913392e-02	6.980023490111016138e-02
9.869051235856777566e+02	2.815578999539517513e-01	1.804331059057494024e-01	2.309682948895319388e-01	1.417930524502013512e-01	6.808179173971663778e-02	2.712604112122453393e-02	7.003981393942518285e-02
9.917428937993331601e+02	2.806983030917044597e-01	1.798633095803311988e-01	2.315298916698267373e-01	1.421762641326611842e-01	6.823480846447679826e-02	2.721939233094753524e-02	7.027803072985285004e-02
9.965806640129884499e+02	2.798436896555604458e-01	1.792967057452704849e-01	2.320879419984983039e-01	1.425572802184635335e-01	6.838711319182851078e-02	2.731237834873882775e-02	7.051489084144067776e-02
1.001418434226643626e+03	2.789940303562327695e-01	1.787332766386965643e-01	2.326424730063999802e-01	1.429361132219479358e-01	6.853870740701080433e-02	2.740499946276883994e-02	7.075039990674385215e-02
1.006256204440298802e+03	2.781492960854086149e-01	1.781730045950253027e-01	2.331935115147381055e-01	1.433127755735349729e-01	6.868959263057741738e-02	2.749725598235373478e-02	7.098456361816261884e-02
1.011093974653954206e+03	2.773094579144360639e-01	1.776158720444670214e-01	2.337410840408224166e-01	1.436872796208379655e-01	6.883977041735815650e-02	2.758914823747185552e-02	7.121738772440726339e-02
1.015931744867609382e+03	2.764744870930255782e-01	1.770618615125368889e-01	2.342852168036711757e-01	1.440596376297454406e-01	6.898924235544481864e-02	2.768067657829038214e-02	7.144887802708654867e-02
1.020769515081264785e+03	2.756443550479649174e-01	1.765109556195674501e-01	2.348259357294751049e-01	1.444298617854748723e-01	6.913801006520098325e-02	2.777184137470192077e-02	7.167904037741558432e-02
1.025607285294920075e+03	2.748190333818484876e-01	1.759631370802235972e-01	2.353632664569244581e-01	1.447979641935988049e-01	6.928607519829516059e-02	2.786264301587080758e-02	7.190788067303953424e-02
1.030445055508575479e+03	2.739984938718190710e-01	1.754183887030198175e-01	2.358972343424028950e-01	1.451639568810442760e-01	6.943343943675671370e-02	2.795308190978892243e-02	7.213540485496913734e-02
1.035282825722230655e+03	2.731827084683235984e-01	1.748766933898398823e-01	2.364278644650517625e-01	1.455278517970661212e-01	6.958010449205390135e-02	2.804315848284072432e-02	7.236161890462471102e-02
1.040120595935886058e+03	2.723716492938816902e-01	1.743380341354585084e-01	2.369551816317090054e-01	1.458896608141954376e-01	6.972607210419361212e-02	2.813287317937734899e-02	7.258652884098500124e-02
1.044958366149541234e+03	2.715652886418667422e-01	1.738023940270656265e-01	2.374792103817257582e-01	1.462493957291634006e-01	6.987134404084206774e-02	2.822222646129952592e-02	7.281014071783747932e-02
1.049796136363196410e+03	2.707635989752994465e-01	1.732697562437926220e-01	2.379999749916644480e-01	1.466070682638016542e-01	7.001592209646627374e-02	2.831121880764911336e-02	7.303246062112701831e-02
1.054633906576851814e+03	2.699665529256540242e-01	1.727401040562410173e-01	2.385174994798815729e-01	1.469626900659200541e-01	7.015980809149539865e-02	2.839985071420905727e-02	7.325349466639946572e-02
1.059471676790506763e+03	2.691741232916760040e-01	1.722134208260132082e-01	2.390318076109985701e-01	1.473162727101619829e-01	7.030300387150177632e-02	2.848812269311155887e-02	7.347324899633739248e-02
1.064309447004162394e+03	2.683862830382124365e-01	1.716896900052456154e-01	2.395429229002637994e-01	1.476678276988385718e-01	7.044551130640099024e-02	2.857603527245427752e-02	7.369172977838477079e-02
1.069147217217817570e+03	2.676030052950531535e-01	1.711688951361437783e-01	2.400508686178087214e-01	1.480173664627420782e-01	7.058733228967055406e-02	2.866358899592437448e-02	7.390894320245783300e-02
1.073984987431472746e+03	2.668242633557837973e-01	1.706510198505197806e-01	2.405556677928014087e-01	1.483649003619391393e-01	7.072846873758682762e-02	2.875078442243023807e-02	7.412489547873930829e-02
1.078822757645127922e+03	2.660500306766502843e-01	1.701360478693318412e-01	2.410573432175002195e-01	1.487104406865445982e-01	7.086892258847961312e-02	2.883762212574066119e-02	7.433959283555328923e-02
1.083660527858783553e+03	2.652802808754340380e-01	1.696239630022259581e-01	2.415559174512101615e-01	1.490539986574767328e-01	7.100869580200404318e-02	2.892410269413134977e-02	7.455304151731820261e-02
1.088498298072438729e+03	2.645149877303382691e-01	1.691147491470798570e-01	2.420514128241452734e-01	1.493955854271938610e-01	7.114779035842938582e-02	2.901022673003859215e-02	7.476524778257524761e-02
1.093336068286093905e+03	2.637541251788850238e-01	1.686083902895488262e-01	2.425438514411989155e-01	1.497352120804136544e-01	7.128620825794426685e-02	2.909599484971989516e-02	7.497621790208994219e-02
1.098173838499749309e+03	2.629976673168224477e-01	1.681048705026139400e-01	2.430332551856251855e-01	1.500728896348151320e-01	7.142395151997800451e-02	2.918140768292143417e-02	7.518595815702434904e-02
1.103011608713404712e+03	2.622455883970430390e-01	1.676041739461321400e-01	2.435196457226335987e-01	1.504086290417241956e-01	7.156102218253761194e-02	2.926646587255221990e-02	7.539447483717763576e-02
1.107849378927059888e+03	2.614978628285113960e-01	1.671062848663886491e-01	2.440030445028995576e-01	1.507424411867830660e-01	7.169742230156016249e-02	2.935117007436472553e-02	7.560177423929284601e-02
1.112687149140715292e+03	2.607544651752026210e-01	1.666111875956511612e-01	2.444834727659928320e-01	1.510743368906042050e-01	7.183315395027997652e-02	2.943552095664194249e-02	7.580786266542768881e-02
1.117524919354370468e+03	2.600153701550500518e-01	1.661188665517264185e-01	2.449609515437264351e-01	1.514043269094092203e-01	7.196821921861054627e-02	2.951951919989063630e-02	7.601274642138716731e-02
1.122362689568025871e+03	2.592805526389032056e-01	1.656293062375186198e-01	2.454355016634282016e-01	1.517324219356531168e-01	7.210262021254056075e-02	2.960316549654069471e-02	7.621643181521610411e-02
1.127200459781681047e+03	2.585499876494950500e-01	1.651424912405899392e-01	2.459071437511368696e-01	1.520586325986345022e-01	7.223635905354396092e-02	2.968646055065046752e-02	7.641892515574963407e-02
1.132038229995336451e+03	2.578236503604188767e-01	1.646584062327231812e-01	2.463758982347252213e-01	1.523829694650920552e-01	7.236943787800348415e-02	2.976940507761788313e-02	7.662023275121969401e-02
1.136876000208991627e+03	2.571015160951139467e-01	1.641770359694863513e-01	2.468417853469517809e-01	1.527054430397878082e-01	7.250185883664747588e-02	2.985199980389728960e-02	7.682036090791567740e-02
1.141713770422646803e+03	2.563835603258611817e-01	1.636983652897991970e-01	2.473048251284433452e-01	1.530260637660775802e-01	7.263362409399966302e-02	2.993424546672187464e-02	7.701931592889751932e-02
1.146551540636302207e+03	2.556697586727867955e-01	1.632223791155018866e-01	2.477650374306102909e-01	1.533448420264689194e-01	7.276473582784152849e-02	3.001614281383151867e-02	7.721710411275940766e-02
1.151389310849957155e+03	2.549600869028759709e-01	1.627490624509256301e-01	2.482224419184961284e-01	1.536617881431670274e-01	7.289519622868705084e-02	3.009769260320599091e-02	7.741373175244252447e-02
1.156227081063612786e+03	2.542545209289940877e-01	1.622784003824652710e-01	2.486770580735637448e-01	1.539769123786091098e-01	7.302500749926953139e-02	3.017889560280333922e-02	7.760920513409523547e-02
1.161064851277267962e+03	2.535530368089173869e-01	1.618103780781538770e-01	2.491289051964192536e-01	1.542902249359872635e-01	7.315417185404010647e-02	3.025975259030341119e-02	7.780353053597899304e-02
1.165902621490923138e+03	2.528556107443719614e-01	1.613449807872393005e-01	2.495780024094757521e-01	1.546017359597605390e-01	7.328269151867775055e-02	3.034026435285635398e-02	7.799671422741859261e-02
1.170740391704578315e+03	2.521622190800809071e-01	1.608821938397625995e-01	2.500243686595584602e-01	1.549114555361563728e-01	7.341056872961068680e-02	3.042043168683598517e-02	7.818876246779526973e-02
1.175578161918233945e+03	2.514728383028198011e-01	1.604220026461385673e-01	2.504680227204525989e-01	1.552193936936616114e-01	7.353780573354849748e-02	3.050025539759796539e-02	7.837968150558120850e-02
1.180415932131889122e+03	2.507874450404803945e-01	1.599643926967382335e-01	2.509089831953960070e-01	1.555255604035037931e-01	7.366440478702517003e-02	3.057973629924263734e-02	7.856947757741404581e-02
1.185253702345544298e+03	2.501060160611421890e-01	1.595093495614730295e-01	2.513472685195174416e-01	1.558299655801226036e-01	7.379036815595249599e-02	3.065887521438244792e-02	7.875815690721012230e-02
1.190091472559199701e+03	2.494285282721521446e-01	1.590568588893810920e-01	2.517828969622223911e-01	1.561326190816319792e-01	7.391569811518372557e-02	3.073767297391383907e-02	7.894572570531513400e-02
1.194929242772855105e+03	2.487549587192118550e-01	1.586069064082155089e-01	2.522158866295279855e-01	1.564335307102732997e-01	7.404039694808722816e-02	3.081613041679354126e-02	7.913219016769088010e-02
1.199767012986510281e+03	2.480852845854727151e-01	1.581594779240343973e-01	2.526462554663474469e-01	1.567327102128596716e-01	7.416446694612990886e-02	3.089424838981915875e-02	7.931755647513699659e-02
1.204604783200165684e+03	2.474194831906384728e-01	1.577145593207927576e-01	2.530740212587267446e-01	1.570301672812116633e-01	7.428791040847015914e-02	3.097202774741394243e-02	7.950183079254655172e-02
1.209442553413820860e+03	2.467575319900752739e-01	1.572721365599365762e-01	2.534992016360335665e-01	1.573259115525849072e-01	7.441072964156010550e-02	3.104946935141570177e-02	7.968501926819410164e-02
1.214280323627476264e+03	2.460994085739292014e-01	1.568321956799983985e-01	2.539218140731006601e-01	1.576199526100896253e-01	7.453292695875707308e-02	3.112657407086973430e-02	7.986712803305542896e-02
1.219118093841131440e+03	2.454450906662510035e-01	1.563947227961950404e-01	2.543418758923244316e-01	1.579122999831024665e-01	7.465450467994383388e-02	3.120334278182570684e-02	8.004816320015765985e-02
1.223955864054786844e+03	2.447945561241280099e-01	1.559597041000270468e-01	2.547594042657193580e-01	1.582029631476707388e-01	7.477546513115763960e-02	3.127977636713839826e-02	8.022813086395892690e-02
1.228793634268442020e+03	2.441477829368232100e-01	1.555271258588802052e-01	2.551744162169310992e-01	1.584919515269093693e-01	7.489581064422763668e-02	3.135587571627222736e-02	8.040703709975637048e-02
1.233631404482097196e+03	2.435047492249211298e-01	1.550969744156286134e-01	2.555869286232073656e-01	1.587792744913908982e-01	7.501554355642085781e-02	3.143164172510950344e-02	8.058488796312168745e-02
1.238469174695752372e+03	2.428654332394809268e-01	1.546692361882398004e-01	2.559969582173290403e-01	1.590649413595286443e-01	7.513466621009608215e-02	3.150707529576229210e-02	8.076168948936320036e-02
1.243306944909407548e+03	2.422298133611960613e-01	1.542438976693816521e-01	2.564045215895021101e-01	1.593489613979529873e-01	7.525318095236574467e-02	3.158217733638784414e-02	8.093744769301358666e-02
1.248144715123063179e+03	2.415978680995607697e-01	1.538209454260311138e-01	2.568096351892111273e-01	1.596313438218814607e-01	7.537109013476561703e-02	3.165694876100750427e-02	8.111216856734233815e-02
1.252982485336718355e+03	2.409695760920432528e-01	1.534003660990848061e-01	2.572123153270359786e-01	1.599120977954825440e-01	7.548839611293212126e-02	3.173139048932907547e-02	8.128585808389214573e-02
1.257820255550373531e+03	2.403449161032652215e-01	1.529821464029713918e-01	2.576125781764320166e-01	1.601912324322333492e-01	7.560510124628699868e-02	3.180550344657246536e-02	8.145852219203844613e-02
1.262658025764028707e+03	2.397238670241882974e-01	1.525662731252657722e-01	2.580104397754752199e-01	1.604687567952715055e-01	7.572120789772932015e-02	3.187928856329866334e-02	8.163016681857114543e-02
1.267495795977684338e+03	2.391064078713063812e-01	1.521527331263049787e-01	2.584059160285728796e-01	1.607446798977412716e-01	7.583671843333451845e-02	3.195274677524192336e-02	8.180079786729793634e-02
1.272333566191339514e+03	2.384925177858447098e-01	1.517415133388061721e-01	2.587990227081408690e-01	1.610190107031341245e-01	7.595163522206045681e-02	3.202587902314506935e-02	8.197042121866847386e-02
1.277171336404994690e+03	2.378821760329649648e-01	1.513326007674860862e-01	2.591897754562482170e-01	1.612917581256241017e-01	7.606596063546015862e-02	3.209868625259792302e-02	8.213904272941843776e-02
1.282009106618650094e+03	2.372753620009765696e-01	1.509259824886823864e-01	2.595781897862297627e-01	1.615629310303978716e-01	7.617969704740139292e-02	3.217116941387874324e-02	8.230666823223316275e-02
1.286846876832305497e+03	2.366720552005542044e-01	1.505216456499768596e-01	2.599642810842681673e-01	1.618325382339796947e-01	7.629284683379256027e-02	3.224332946179864212e-02	8.247330353542979553e-02
1.291684647045960673e+03	2.360722352639612609e-01	1.501195774698202423e-01	2.603480646109453400e-01	1.621005885045515571e-01	7.640541237231499028e-02	3.231516735554887387e-02	8.263895442265759006e-02
1.296522417259616077e+03	2.354758819442791529e-01	1.497197652371591026e-01	2.607295555027648315e-01	1.623670905622686400e-01	7.651739604216153956e-02	3.238668405855103793e-02	8.280362665261555011e-02
1.301360187473271253e+03	2.348829751146428724e-01	1.493221963110639428e-01	2.611087687736449170e-01	1.626320530795700159e-01	7.662880022378115719e-02	3.245788053831001607e-02	8.296732595878689165e-02
1.306197957686926657e+03	2.342934947674819024e-01	1.489268581203596897e-01	2.614857193163843685e-01	1.628954846814849033e-01	7.673962729862950083e-02	3.252875776626969889e-02	8.313005804918970065e-02
1.311035727900581833e+03	2.337074210137672081e-01	1.485337381632574616e-01	2.618604219041004710e-01	1.631573939459347033e-01	7.684987964892528445e-02	3.259931671767135608e-02	8.329182860614323114e-02
1.315873498114237009e+03	2.331247340822638348e-01	1.481428240069881663e-01	2.622328911916406158e-01	1.634177894040307055e-01	7.695955965741237137e-02	3.266955837141471974e-02	8.345264328604920512e-02
1.320711268327892412e+03	2.325454143187891121e-01	1.477541032874380711e-01	2.626031417169679139e-01	1.636766795403676589e-01	7.706866970712750176e-02	3.273948370992155882e-02	8.361250771918776747e-02
1.325549038541547588e+03	2.319694421854763822e-01	1.473675637087857038e-01	2.629711879025213861e-01	1.639340727933135122e-01	7.717721218117330750e-02	3.280909371900184862e-02	8.377142750952734640e-02
1.330386808755202765e+03	2.313967982600443618e-01	1.469831930431409472e-01	2.633370440565517279e-01	1.641899775552951579e-01	7.728518946249680888e-02	3.287838938772240371e-02	8.392940823454805854e-02
1.335224578968857941e+03	2.308274632350717781e-01	1.466009791301851883e-01	2.637007243744327045e-01	1.644444021730804839e-01	7.739260393367307367e-02	3.294737170827800182e-02	8.408645544507815928e-02
1.340062349182513572e+03	2.302614179172775277e-01	1.462209098768139925e-01	2.640622429399491766e-01	1.646973549480567900e-01	7.749945797669403891e-02	3.301604167586481148e-02	8.424257466514302461e-02
1.344900119396168748e+03	2.296986432268060541e-01	1.458429732567807224e-01	2.644216137265621991e-01	1.649488441365056512e-01	7.760575397276224530e-02	3.308440028855626214e-02	8.439777139182623455e-02
1.349737889609823924e+03	2.291391201965180535e-01	1.454671573103423210e-01	2.647788505986516938e-01	1.651988779498742843e-01	7.771149430208951214e-02	3.315244854718117640e-02	8.455205109514235540e-02
1.354575659823479100e+03	2.285828299712864553e-01	1.450934501439065660e-01	2.651339673127373064e-01	1.654474645550436662e-01	7.781668134370041401e-02	3.322018745520414346e-02	8.470541921792081042e-02
1.359413430037134731e+03	2.280297538072972863e-01	1.447218399296811842e-01	2.654869775186781689e-01	1.656946120745932949e-01	7.792131747524042029e-02	3.328761801860814773e-02	8.485788117570079725e-02
1.364251200250789907e+03	2.274798730713559480e-01	1.443523149053243526e-01	2.658378947608515119e-01	1.659403285870629519e-01	7.802540507278869775e-02	3.335474124577937627e-02	8.500944235663643322e-02
1.369088970464445310e+03	2.269331692401984346e-01	1.439848633735971439e-01	2.661867324793111278e-01	1.661846221272112178e-01	7.812894651067522900e-02	3.342155814739412867e-02	8.516010812141198982e-02
1.373926740678100487e+03	2.263896238998074351e-01	1.436194737020174694e-01	2.665335040109260700e-01	1.664275006862710460e-01	7.823194416130252460e-02	3.348806973630787109e-02	8.530988380316679998e-02
1.378764510891755890e+03	2.258492187447334876e-01	1.432561343225158546e-01	2.668782225904999250e-01	1.666689722122025596e-01	7.833440039497156782e-02	3.355427702744629564e-02	8.545877470742950510e-02
1.383602281105411066e+03	2.253119355774210186e-01	1.428948337310925465e-01	2.672209013518712650e-01	1.669090446099428249e-01	7.843631757971190888e-02	3.362018103769846833e-02	8.560678611206111455e-02
1.388440051319066470e+03	2.247777563075392115e-01	1.425355604874766202e-01	2.675615533289956161e-01	1.671477257416529583e-01	7.853769808111593642e-02	3.368578278581189911e-02	8.575392326720684966e-02
1.393277821532721646e+03	2.242466629513176213e-01	1.421783032147865278e-01	2.679001914570093290e-01	1.673850234269626258e-01	7.863854426217722904e-02	3.375108329228958953e-02	8.590019139525614800e-02
1.398115591746377049e+03	2.237186376308865632e-01	1.418230505991922574e-01	2.682368285732759650e-01	1.676209454432118773e-01	7.873885848313279257e-02	3.381608357928898162e-02	8.604559569081064729e-02
1.402953361960032225e+03	2.231936625736222479e-01	1.414697913895791859e-01	2.685714774184152498e-01	1.678554995256903715e-01	7.883864310130921094e-02	3.388078467052282189e-02	8.619014132065989930e-02
1.407791132173687402e+03	2.226717201114964684e-01	1.411185143972135958e-01	2.689041506373158197e-01	1.680886933678742978e-01	7.893790047097255791e-02	3.394518759116178092e-02	8.633383342376442504e-02
1.412628902387342805e+03	2.221527926804309772e-01	1.407692084954096923e-01	2.692348607801307581e-01	1.683205346216607445e-01	7.903663294318204191e-02	3.400929336773901579e-02	8.647667711124572276e-02
1.417466672600997981e+03	2.216368628196563884e-01	1.404218626191982566e-01	2.695636203032575340e-01	1.685510308975998184e-01	7.913484286564728687e-02	3.407310302805636321e-02	8.661867746638328425e-02
1.422304442814653157e+03	2.211239131710755479e-01	1.400764657649969935e-01	2.698904415703023418e-01	1.687801897651244054e-01	7.923253258258917964e-02	3.413661760109240606e-02	8.675983954461799486e-02
1.427142213028308333e+03	2.206139264786314558e-01	1.397330069902823768e-01	2.702153368530290090e-01	1.690080187527777944e-01	7.932970443460414522e-02	3.419983811691214987e-02	8.690016837356191737e-02
1.431979983241963964e+03	2.201068855876795738e-01	1.393914754132630773e-01	2.705383183322927487e-01	1.692345253484390522e-01	7.942636075853189148e-02	3.426276560657846165e-02	8.703966895301401552e-02
1.436817753455619140e+03	2.196027734443644908e-01	1.390518602125550562e-01	2.708593980989595917e-01	1.694597169995463448e-01	7.952250388732652608e-02	3.432540110206514644e-02	8.717834625498166456e-02
