4.837770213655283413e+01	5.934390398392304089e-01	3.783764467717422586e-01	9.364316459822590727e-03	2.600898472282251860e-03	4.396808531685943849e-03	7.412022099846427015e-03	4.410467825370375725e-03
5.321547235020811684e+01	5.907465076723216191e-01	3.766875971109197585e-01	1.205146979478242085e-02	3.120813499852838867e-03	5.572089579470555429e-03	7.405385621144669993e-03	4.416136721488298118e-03
5.805324256386339954e+01	5.880718413215756390e-01	3.750094272487616287e-01	1.458780883619760146e-02	3.776561225693022758e-03	6.696785409904254874e-03	7.405406017075629767e-03	4.452169940772326105e-03
6.289101277751868224e+01	5.854146928067246458e-01	3.733417349300423571e-01	1.699857130871084906e-02	4.542243544651852760e-03	7.774557850459798587e-03	7.411711669320659307e-03	4.516487890069805639e-03
6.772878299117397205e+01	5.827747507956896333e-01	3.716843411173644807e-01	1.930448299849271340e-02	5.396585919170288244e-03	8.808695754743198561e-03	7.423956229522385257e-03	4.607187184997215898e-03
7.256655320482924765e+01	5.801517347128251068e-01	3.700370860945463303e-01	2.152256182522752775e-02	6.322115400565677529e-03	9.802166208810055362e-03	7.441816244869656205e-03	4.722519513135499912e-03
7.740432341848452324e+01	5.775453898648632567e-01	3.683998262527954370e-01	2.366677892197376759e-02	7.304484699857472299e-03	1.075765745459873919e-02	7.464989091923197352e-03	4.860873713968046073e-03
8.224209363213981305e+01	5.749554834052938990e-01	3.667724314388572382e-01	2.574860213372514445e-02	8.331916361159742712e-03	1.167761495805767248e-02	7.493191170055239596e-03	5.020760532830902644e-03
8.707986384579510286e+01	5.723818009896828318e-01	3.651547827657669054e-01	2.777744283080543428e-02	9.394745700222365686e-03	1.256427179829643255e-02	7.526156314184215962e-03	5.200799601021580468e-03
9.191763405945040688e+01	5.698241440005534786e-01	3.635467708044589075e-01	2.976102322059895333e-02	1.048504496136543930e-02	1.341967434735017589e-02	7.563634393335386466e-03	5.399708272317379175e-03
9.675540427310566827e+01	5.672823272419482699e-01	3.619482940889892086e-01	3.170567828806114541e-02	1.159631426329772036e-02	1.424570404001378014e-02	7.605390067207966689e-03	5.616292010461633455e-03
1.015931744867609581e+02	5.647561770214594157e-01	3.603592578800481894e-01	3.361660398479515699e-02	1.272322746777257083e-02	1.504409589317952725e-02	7.651201677591360460e-03	5.849436075133487498e-03
1.064309447004162337e+02	5.622455295520578655e-01	3.587795731412500855e-01	3.549806122186233842e-02	1.386142321309426044e-02	1.581645431885693107e-02	7.700860255321993059e-03	6.098098297536243620e-03
1.112687149140715235e+02	5.597502296180082437e-01	3.572091556907501242e-01	3.735354352367605685e-02	1.500733308804623294e-02	1.656426668017136131e-02	7.754168626651636483e-03	6.361302772675946765e-03
1.161064851277267991e+02	5.572701294589976762e-01	3.556479254973745618e-01	3.918591480414680694e-02	1.615804034740153661e-02	1.728891496151565427e-02	7.810940605526226106e-03	6.638134325017133394e-03
1.209442553413820747e+02	5.548050878346958426e-01	3.540958060959062959e-01	4.099752257811437040e-02	1.731116374250524573e-02	1.799168585969359094e-02	7.871000260448155622e-03	6.927733628616039585e-03
1.257820255550373645e+02	5.523549692386279242e-01	3.525527241006556900e-01	4.279029097695385281e-02	1.846476200448110561e-02	1.867377954990183733e-02	7.934181246394922046e-03	7.229292882964107221e-03
1.306197957686926259e+02	5.499196432357169595e-01	3.510186088001377991e-01	4.456579716083677867e-02	1.961725531040864681e-02	1.933631733673699810e-02	8.000326193758561591e-03	7.542051962383701513e-03
1.354575659823479441e+02	5.474989839023597371e-01	3.494933918187158595e-01	4.632533408166695371e-02	2.076736071476885381e-02	1.998034836443345064e-02	8.069286147507723217e-03	7.865294970526758023e-03
1.402953361960032339e+02	5.450928693516144952e-01	3.479770068335664157e-01	4.806996202568589172e-02	2.191403906458660317e-02	2.060685553087561808e-02	8.140920050802096311e-03	8.198347142848025002e-03
1.451331064096584669e+02	5.427011813291261477e-01	3.464693893373785860e-01	4.980055093300172347e-02	2.305645135758296535e-02	2.121676072546648320e-02	8.215094268143791068e-03	8.540572049279441386e-03
1.499708766233137851e+02	5.403238048679320782e-01	3.449704764388882849e-01	5.151781513626609021e-02	2.419392286520979929e-02	2.181092949075263965e-02	8.291682143862553686e-03	8.891369057067718268e-03
1.548086468369690749e+02	5.379606279923582202e-01	3.434802066947426624e-01	5.322234186877702194e-02	2.532591364058831007e-02	2.239017519104790147e-02	8.370563592326008689e-03	9.250171020138843458e-03
1.596464170506243647e+02	5.356115414629202265e-01	3.419985199673308274e-01	5.491461465221465083e-02	2.645199427655431368e-02	2.295526275753989598e-02	8.451624716763193532e-03	9.616442166655775337e-03
1.644841872642796261e+02	5.332764385555427422e-01	3.405253573041612247e-01	5.659503247680508498e-02	2.757182598063625048e-02	2.350691206799522537e-02	8.534757454006024202e-03	9.989676160832261856e-03
1.693219574779349159e+02	5.309552148695718676e-01	3.390606608351402484e-01	5.826392552437575922e-02	2.868514419959532907e-02	2.404580100977696949e-02	8.619859242803262420e-03	1.036939431871540876e-02
1.741597276915902057e+02	5.286477681600008083e-01	3.376043736847448296e-01	5.992156805128227154e-02	2.979174516250418861e-02	2.457256826710716574e-02	8.706832713656112790e-03	1.075514396068337486e-02
1.789974979052454671e+02	5.263539981901186326e-01	3.361564398966067069e-01	6.156818893842457008e-02	3.089147482346417395e-02	2.508781586706111677e-02	8.795585398373531941e-03	1.114649688592990982e-02
1.838352681189008138e+02	5.240738066014343222e-01	3.347168043684579097e-01	6.320398032531684973e-02	3.198421977726510074e-02	2.559211151343519439e-02	8.886029457756121352e-03	1.154304795631308153e-02
1.886730383325560467e+02	5.218070967982636477e-01	3.332854127957444179e-01	6.482910467096296425e-02	3.306989979711386085e-02	2.608599073319210759e-02	8.978081425996917164e-03	1.194441377870457573e-02
1.935108085462113081e+02	5.195537738448062770e-01	3.318622116225067864e-01	6.644370052326822873e-02	3.414846170590994656e-02	2.656995885649862665e-02	9.071661970540306069e-03	1.235023147644835444e-02
1.983485787598666263e+02	5.173137443729022289e-01	3.304471479983679960e-01	6.804788722854498983e-02	3.521987434381979032e-02	2.704449284829917727e-02	9.166695666271481441e-03	1.276015754177284127e-02
2.031863489735219162e+02	5.150869164989579918e-01	3.290401697406694637e-01	6.964176877141600719e-02	3.628412443706588442e-02	2.751004300680754897e-02	9.263110783021640329e-03	1.317386676203991837e-02
2.080241191871772060e+02	5.128731997487787631e-01	3.276412253009577391e-01	7.122543690150136275e-02	3.734121320751955520e-02	2.796703454215867038e-02	9.360839085471648127e-03	1.359105121359055479e-02
2.128618894008324673e+02	5.106725049892498758e-01	3.262502637351617496e-01	7.279897367538756825e-02	3.839115359119831677e-02	2.841586904667081984e-02	9.459815644621481084e-03	1.401141931768838667e-02
2.176996596144877287e+02	5.084847443659772370e-01	3.248672346769106434e-01	7.436245351945122706e-02	3.943396795721532122e-02	2.885692586666482873e-02	9.559978660066650868e-03	1.443469495369212145e-02
2.225374298281430470e+02	5.063098312461409289e-01	3.234920883135351533e-01	7.591594490026042086e-02	4.046968623800842324e-02	2.929056338452181232e-02	9.661269292387463306e-03	1.486061662512389546e-02
2.273752000417983652e+02	5.041476801659272589e-01	3.221247753643707856e-01	7.745951167378206659e-02	4.149834439753106313e-02	2.971712021859358038e-02	9.763631505014013293e-03	1.528893667475936941e-02
2.322129702554535982e+02	5.019982067820073501e-01	3.207652470610442008e-01	7.899321417188646943e-02	4.251998317712424313e-02	3.013691634767655392e-02	9.867011914980232390e-03	1.571942054525909960e-02
2.370507404691088880e+02	4.998613278266041404e-01	3.194134551294764424e-01	8.051711007416950672e-02	4.353464706950947727e-02	3.055025416599295440e-02	9.971359652025202011e-03	1.615184608220043491e-02
2.418885106827641494e+02	4.977369610657614851e-01	3.180693517733784170e-01	8.203125510450740010e-02	4.454238348015807092e-02	3.095741947396939836e-02	1.007662622554003108e-02	1.658600287666336243e-02
2.467262808964194392e+02	4.956250252604821882e-01	3.167328896590508869e-01	8.353570358468623280e-02	4.554324204254067004e-02	3.135868240954378661e-02	1.018276539889462727e-02	1.702169164477980445e-02
2.515640511100747290e+02	4.935254401304486338e-01	3.154040219013299895e-01	8.503050887163564331e-02	4.653727405972178655e-02	3.175429832425107068e-02	1.028973307071116491e-02	1.745872364187983986e-02
2.564018213237300188e+02	4.914381263200800487e-01	3.140827020505436717e-01	8.651572370001980872e-02	4.752453204966498868e-02	3.214450860792399112e-02	1.039748716268046325e-02	1.789692010906513905e-02
2.612395915373852517e+02	4.893630053667104018e-01	3.127688840803649062e-01	8.799140044801469218e-02	4.850506937564434684e-02	3.252954146548584641e-02	1.050598751354427790e-02	1.833611175021372316e-02
2.660773617510405415e+02	4.872999996707008119e-01	3.114625223764646567e-01	8.945759134087648279e-02	4.947893994647138693e-02	3.290961264899951860e-02	1.061519577889093353e-02	1.877613823757439196e-02
2.709151319646958882e+02	4.852490324673228717e-01	3.101635717258813263e-01	9.091434860425820497e-02	5.044619797397127681e-02	3.328492614786356801e-02	1.072507533643411899e-02	1.921684774424682954e-02
2.757529021783511780e+02	4.832100278002675608e-01	3.088719873070348565e-01	9.236172457705638106e-02	5.140689777738196437e-02	3.365567483980552721e-02	1.083559119646524717e-02	1.965809650196662789e-02
2.805906723920064678e+02	4.811829104966532378e-01	3.075877246803241927e-01	9.379977179178447533e-02	5.236109362619179031e-02	3.402204110511014568e-02	1.094670991718880472e-02	2.009974838272547693e-02
2.854284426056617008e+02	4.791676061434178568e-01	3.063107397792548259e-01	9.522854302900389534e-02	5.330883961444523450e-02	3.438419740633164023e-02	1.105839952466762012e-02	2.054167450285704702e-02
2.902662128193169337e+02	4.771640410649951591e-01	3.050409889020492260e-01	9.664809135113999750e-02	5.425018956079134119e-02	3.474230683557063409e-02	1.117062943712132661e-02	2.098375284831043366e-02
2.951039830329722804e+02	4.751721423021832424e-01	3.037784287037000874e-01	9.805847012002422147e-02	5.518519692957263301e-02	3.509652363124577540e-02	1.128337039333638693e-02	2.142586791991579753e-02
2.999417532466276270e+02	4.731918375921228548e-01	3.025230161884304714e-01	9.945973300169395903e-02	5.611391476909369930e-02	3.544699366615391978e-02	1.139659438496012402e-02	2.186791039752309512e-02
3.047795234602828600e+02	4.712230553493121366e-01	3.012747087025289816e-01	1.008519339613180160e-01	5.703639566390002885e-02	3.579385490849006785e-02	1.151027459246439962e-02	2.230977682196452760e-02
3.096172936739380930e+02	4.692657246475889776e-01	3.000334639275319959e-01	1.022351272505719749e-01	5.795269169846618829e-02	3.613723785738669203e-02	1.162438532457683339e-02	2.275136929385553758e-02
3.144550638875934396e+02	4.673197752030200380e-01	2.987992398737279176e-01	1.036093673893431072e-01	5.886285443015928931e-02	3.647726595443015474e-02	1.173890196098895111e-02	2.319259518830872613e-02
3.192928341012487294e+02	4.653851373576394779e-01	2.975719948739612430e-01	1.049747091432792628e-01	5.976693486972797092e-02	3.681405597251886236e-02	1.185380089816143526e-02	2.363336688468996652e-02
3.241306043149040192e+02	4.634617420639849938e-01	2.963516875777155168e-01	1.063312074983988748e-01	6.066498346788239127e-02	3.714771838334246512e-02	1.196905949805678569e-02	2.407360151059715486e-02
3.289683745285592522e+02	4.615495208703842001e-01	2.951382769454576338e-01	1.076789176337355908e-01	6.155705010678973188e-02	3.747835770468229549e-02	1.208465603963913490e-02	2.451322069928959374e-02
3.338061447422145420e+02	4.596484059069455008e-01	2.939317222432262788e-01	1.090178948927923580e-01	6.244318409552305355e-02	3.780607282866072644e-02	1.220056967298995682e-02	2.495215035984025415e-02
3.386439149558698318e+02	4.577583298722137650e-01	2.927319830374495724e-01	1.103481947544178166e-01	6.332343416867589059e-02	3.813095733199953208e-02	1.231678037589675583e-02	2.539032045932467993e-02
3.434816851695251216e+02	4.558792260204515001e-01	2.915390191899780992e-01	1.116698728035859650e-01	6.419784848749879314e-02	3.845309976928489026e-02	1.243326891277975015e-02	2.582766481639897638e-02
3.483194553831804114e+02	4.540110281495098876e-01	2.903527908533201640e-01	1.129829847024530348e-01	6.506647464303193240e-02	3.877258395017817855e-02	1.255001679582901791e-02	2.626412090565569124e-02
3.531572255968357013e+02	4.521536705892575392e-01	2.891732584660679506e-01	1.142875861619783856e-01	6.592935966080458454e-02	3.908948920145751543e-02	1.266700624823158608e-02	2.669962967218033126e-02
3.579949958104909342e+02	4.503070881905342771e-01	2.880003827485034806e-01	1.155837329143259151e-01	6.678655000675191855e-02	3.940389061472431703e-02	1.278422016937454456e-02	2.713413535576341545e-02
3.628327660241463377e+02	4.484712163146022390e-01	2.868341246983741599e-01	1.168714806862059669e-01	6.763809159406461435e-02	3.971585928056146908e-02	1.290164210191656335e-02	2.756758532425280725e-02
3.676705362378016275e+02	4.466459908230662745e-01	2.856744455868288624e-01	1.181508851732714360e-01	6.848402979074022512e-02	4.002546250988545801e-02	1.301925620062602609e-02	2.799992991555953423e-02
3.725083064514568036e+02	4.448313480682378751e-01	2.845213069545055040e-01	1.194220020156459700e-01	6.932440942764912795e-02	4.033276404319291464e-02	1.313704720288960681e-02	2.843112228785684564e-02
3.773460766651120935e+02	4.430272248839194904e-01	2.833746706077617805e-01	1.206848867746321413e-01	7.015927480696379503e-02	4.063782424836297896e-02	1.325500040080031770e-02	2.886111827753730374e-02
3.821838468787673833e+02	4.412335585765856383e-01	2.822344986150423507e-01	1.219395949106248517e-01	7.098866971082933019e-02	4.094070030764006274e-02	1.337310161473910346e-02	2.928987626451645329e-02
3.870216170924226162e+02	4.394502869169401027e-01	2.811007533033740846e-01	1.231861817622368349e-01	7.181263741017747393e-02	4.124144639438689225e-02	1.349133716836861674e-02	2.971735704449382162e-02
3.918593873060780197e+02	4.376773481318286807e-01	2.799733972549835470e-01	1.244247025266288775e-01	7.263122067360588963e-02	4.154011384016528113e-02	1.360969386496239074e-02	3.014352370780310625e-02
3.966971575197332527e+02	4.359146808964894371e-01	2.788523933040302771e-01	1.256552122410262429e-01	7.344446177626068328e-02	4.183675129267118431e-02	1.372815896499666663e-02	3.056834152450320710e-02
4.015349277333884856e+02	4.341622243271217596e-01	2.777377045334496475e-01	1.268777657653948621e-01	7.425240250867277958e-02	4.213140486502182230e-02	1.384672016493620691e-02	3.099177783538063433e-02
4.063726979470438323e+02	4.324199179737575616e-01	2.766292942718999726e-01	1.280924177662441932e-01	7.505508418551019856e-02	4.242411827686531911e-02	1.396536557714907895e-02	3.141380194855136060e-02
4.112104681606991221e+02	4.306877018134194768e-01	2.755271260908088160e-01	1.292992227015193896e-01	7.585254765421634016e-02	4.271493298775750486e-02	1.408408371088897861e-02	3.183438504136713865e-02
4.160482383743544119e+02	4.289655162435503932e-01	2.744311638015130006e-01	1.304982348065421571e-01	7.664483330351175294e-02	4.300388832322644961e-02	1.420286345428699130e-02	3.225350006734694491e-02
4.208860085880095880e+02	4.272533020756998923e-01	2.733413714524882687e-01	1.316895080809579455e-01	7.743198107174240064e-02	4.329102159392205634e-02	1.432169405729784122e-02	3.267112166786922955e-02
4.257237788016648778e+02	4.255510005294555476e-01	2.722577133266639304e-01	1.328730962766455637e-01	7.821403045506231111e-02	4.357636820822670398e-02	1.444056511554867722e-02	3.308722608837489504e-02
4.305615490153201677e+02	4.238585532266048728e-01	2.711801539388182247e-01	1.340490528865450615e-01	7.899102051544190650e-02	4.385996177868224655e-02	1.455946655504124741e-02	3.350179109884405398e-02
4.353993192289755143e+02	4.221759021855168714e-01	2.701086580330508413e-01	1.352174311343600499e-01	7.976298988849667149e-02	4.414183422256958561e-02	1.467838861766104092e-02	3.391479591832246426e-02
4.402370894426308041e+02	4.205029898157321977e-01	2.690431905803284396e-01	1.363782839650906076e-01	8.052997679113282903e-02	4.442201585695853411e-02	1.479732184744941316e-02	3.432622114328546387e-02
4.450748596562860939e+02	4.188397589127502152e-01	2.679837167761000005e-01	1.375316640363541121e-01	8.129201902900889953e-02	4.470053548852861991e-02	1.491625707759718610e-02	3.473604867963844822e-02
4.499126298699413837e+02	4.171861526530037390e-01	2.669302020379784590e-01	1.386776237104526133e-01	8.204915400381339319e-02	4.497742049844510870e-02	1.503518541812042843e-02	3.514426167816368102e-02
4.547504000835967304e+02	4.155421145890116352e-01	2.658826120034861740e-01	1.398162150471458642e-01	8.280141872035998163e-02	4.525269692255910747e-02	1.515409824418125981e-02	3.555084447323338115e-02
4.595881702972519065e+02	4.139075886447002306e-01	2.648409125278597398e-01	1.409474897970913743e-01	8.354884979350274410e-02	4.552638952718608689e-02	1.527298718501855952e-02	3.595578252461851393e-02
4.644259405109071963e+02	4.122825191108852039e-01	2.638050696819133623e-01	1.420714993959138750e-01	8.429148345487418037e-02	4.579852188070328983e-02	1.539184411345536664e-02	3.635906236223194338e-02
4.692637107245624861e+02	4.106668506409049679e-01	2.627750497499563020e-01	1.431882949588678677e-01	8.502935555945000112e-02	4.606911642119353167e-02	1.551066113595154367e-02	3.676067153365294299e-02
4.741014809382177759e+02	4.090605282463996017e-01	2.617508192277630541e-01	1.442979272760590570e-01	8.576250159194430400e-02	4.633819452035063680e-02	1.562943058317203121e-02	3.716059855428838210e-02
4.789392511518730657e+02	4.074634972932265620e-01	2.607323448205934868e-01	1.454004468081914747e-01	8.649095667303954849e-02	4.660577654384993190e-02	1.574814500104259121e-02	3.755883286003342675e-02
4.837770213655284124e+02	4.058757034975067901e-01	2.597195934412602214e-01	1.464959036828091810e-01	8.721475556545581209e-02	4.687188190837641294e-02	1.586679714226649565e-02	3.795536476230202544e-02
4.886147915791837022e+02	4.042970929217951093e-01	2.587125322082423073e-01	1.475843476910021213e-01	8.793393267986357453e-02	4.713652913549255807e-02	1.598537995827703853e-02	3.835018540530413939e-02
4.934525617928388783e+02	4.027276119713683045e-01	2.577111284438418637e-01	1.486658282845481072e-01	8.864852208064498418e-02	4.739973590251807256e-02	1.610388659160216437e-02	3.874328672545333807e-02
4.982903320064942250e+02	4.011672073906252245e-01	2.567153496723825201e-01	1.497403945734636088e-01	8.935855749150785343e-02	4.766151909058450459e-02	1.622231036861873990e-02	3.913466141279442478e-02
5.031281022201495148e+02	3.996158262595935762e-01	2.557251636184473820e-01	1.508080953239380184e-01	9.006407230095712924e-02	4.792189483001872002e-02	1.634064479267524281e-02	3.952430287434669648e-02
5.079658724338048046e+02	3.980734159905381375e-01	2.547405382051557976e-01	1.518689789566268211e-01	9.076509956762826570e-02	4.818087854320107083e-02	1.645888353756284200e-02	3.991220519926387544e-02
5.128036426474600376e+02	3.965399243246648386e-01	2.537614415524754863e-01	1.529230935452807749e-01	9.146167202548677322e-02	4.843848498503602884e-02	1.657702044131584979e-02	4.029836312571702384e-02
5.176414128611153274e+02	3.950152993289175463e-01	2.527878419755703043e-01	1.539704868156893114e-01	9.215382208889857929e-02	4.869472828116574309e-02	1.669504950032365750e-02	4.068277200941164407e-02
5.224791830747705035e+02	3.934994893928612236e-01	2.518197079831810958e-01	1.550112061449175349e-01	9.284158185757496184e-02	4.894962196404981092e-02	1.681296486373716134e-02	4.106542779365492807e-02
5.273169532884259070e+02	3.919924432256489122e-01	2.508570082760386843e-01	1.560452985608174747e-01	9.352498312139657932e-02	4.920317900702785713e-02	1.693076082815367020e-02	4.144632698089348311e-02
5.321547235020811968e+02	3.904941098530675392e-01	2.498997117453072847e-01	1.570728107417951602e-01	9.420405736512010852e-02	4.945541185647535365e-02	1.704843183256513420e-02	4.182546660564603197e-02
5.369924937157364866e+02	3.890044386146593314e-01	2.489477874710575300e-01	1.580937890168159776e-01	9.487883577297172299e-02	4.970633246215695050e-02	1.716597245355538925e-02	4.220284420875972109e-02
5.418302639293917764e+02	3.875233791609150047e-01	2.480012047207675319e-01	1.591082793656321825e-01	9.554934923313083972e-02	4.995595230587598912e-02	1.728337740073281753e-02	4.257845781292218801e-02
5.466680341430470662e+02	3.860508814505357877e-01	2.470599329478511963e-01	1.601163274192170249e-01	9.621562834210786730e-02	5.020428242851365103e-02	1.740064151238570472e-02	4.295230589936529370e-02
5.515058043567023560e+02	3.845868957477602268e-01	2.461239417902123805e-01	1.611179784603908594e-01	9.687770340901934174e-02	5.045133345554590754e-02	1.751775975134811647e-02	4.332438738569968639e-02
5.563435745703576458e+02	3.831313726197537184e-01	2.451932010688241959e-01	1.621132774246255570e-01	9.753560445976369730e-02	5.069711562112183545e-02	1.763472720106488978e-02	4.369470160482261112e-02
5.611813447840129356e+02	3.816842629340574389e-01	2.442676807863320421e-01	1.631022689010142579e-01	9.818936124110110020e-02	5.094163879078222879e-02	1.775153906184493563e-02	4.406324828484441125e-02
5.660191149976681118e+02	3.802455178560941174e-01	2.433473511256799560e-01	1.640849971333944446e-01	9.883900322464014843e-02	5.118491248289321754e-02	1.786819064729260748e-02	4.443002752998187477e-02
5.708568852113234016e+02	3.788150888467276545e-01	2.424321824487590538e-01	1.650615060216123753e-01	9.948455961073467135e-02	5.142694588886551760e-02	1.798467738090747670e-02	4.479503980236961003e-02
5.756946554249786914e+02	3.773929276598745886e-01	2.415221452950774284e-01	1.660318391229187729e-01	1.001260593322932518e-01	5.166774789222608466e-02	1.810099479284343199e-02	4.515828590474276621e-02
5.805324256386339812e+02	3.759789863401653554e-01	2.406172103804504747e-01	1.669960396534850289e-01	1.007635310585043992e-01	5.190732708660535100e-02	1.821713851681837359e-02	4.551976696394728628e-02
5.853701958522892710e+02	3.745732172206525101e-01	2.397173485957112271e-01	1.679541504900305127e-01	1.013970031984798986e-01	5.214569179269983035e-02	1.833310428716645318e-02	4.587948441523578835e-02
5.902079660659445608e+02	3.731755729205641359e-01	2.388225310054396255e-01	1.689062141715522158e-01	1.020265039048190020e-01	5.238285007426651818e-02	1.844888793602508445e-02	4.623743998730968363e-02
5.950457362795999643e+02	3.717860063431003836e-01	2.379327288467104062e-01	1.698522729011479604e-01	1.026520610770956937e-01	5.261880975320253062e-02	1.856448539064945932e-02	4.659363568806985934e-02
5.998835064932552541e+02	3.704044706732718129e-01	2.370479135278586169e-01	1.707923685479253995e-01	1.032737023652716413e-01	5.285357842376050413e-02	1.867989267084766217e-02	4.694807379104058015e-02
6.047212767069104302e+02	3.690309193757769779e-01	2.361680566272624515e-01	1.717265426489894831e-01	1.038914551730369257e-01	5.308716346594756497e-02	1.879510588652992878e-02	4.730075682243282953e-02
6.095590469205657200e+02	3.676653061929180955e-01	2.352931298921424608e-01	1.726548364115010059e-01	1.045053466610807447e-01	5.331957205815296419e-02	1.891012123536583642e-02	4.765168754881510954e-02
6.143968171342210098e+02	3.663075851425527385e-01	2.344231052373770552e-01	1.735772907147998534e-01	1.051154037502942395e-01	5.355081118904714971e-02	1.902493500054366210e-02	4.800086896536150116e-02
6.192345873478761860e+02	3.649577105160810575e-01	2.335579547443334403e-01	1.744939461125870339e-01	1.057216531249073749e-01	5.378088766879264571e-02	1.913954354862638929e-02	4.834830428464823027e-02
6.240723575615315895e+02	3.636156368764659197e-01	2.326976506597133731e-01	1.754048428351592248e-01	1.063241212355619109e-01	5.400980813960492427e-02	1.925394332749918655e-02	4.869399692597155965e-02
6.289101277751868793e+02	3.622813190562852448e-01	2.318421653944137129e-01	1.763100207916908635e-01	1.069228343023223143e-01	5.423757908569939307e-02	1.936813086440344542e-02	4.903795050516111809e-02
6.337478979888421691e+02	3.609547121558151495e-01	2.309914715224008208e-01	1.772095195725582328e-01	1.075178183176262320e-01	5.446420684265859680e-02	1.948210276405278399e-02	4.938016882486429698e-02
6.385856682024975726e+02	3.596357715411426792e-01	2.301455417795987002e-01	1.781033784517012386e-01	1.081090990491765658e-01	5.468969760625196769e-02	1.959585570682656833e-02	4.972065586527834452e-02
6.434234384161527487e+02	3.583244528423072395e-01	2.293043490627904579e-01	1.789916363890179940e-01	1.086967020427765523e-01	5.491405744073862144e-02	1.970938644703688555e-02	5.005941577530832048e-02
6.482612086298080385e+02	3.570207119514688943e-01	2.284678664285322569e-01	1.798743320327884920e-01	1.092806526251094978e-01	5.513729228668198118e-02	1.982269181126502036e-02	5.039645286412991476e-02
6.530989788434633283e+02	3.557245050211034765e-01	2.276360670920801188e-01	1.807515037221229526e-01	1.098609759064649027e-01	5.535940796830365190e-02	1.993576869676374694e-02	5.073177159313727730e-02
6.579367490571185044e+02	3.544357884622224564e-01	2.268089244263285231e-01	1.816231894894315968e-01	1.104376967834121565e-01	5.558041020040214997e-02	2.004861406992197378e-02	5.106537656825722166e-02
6.627745192707737942e+02	3.531545189426179565e-01	2.259864119607609689e-01	1.824894270629123239e-01	1.110108399414235364e-01	5.580030459486103045e-02	2.016122496478842813e-02	5.139727253261180961e-02
6.676122894844290840e+02	3.518806533851305263e-01	2.251685033804117220e-01	1.833502538690529038e-01	1.115804298574477327e-01	5.601909666676933158e-02	2.027359848165126432e-02	5.172746435951252469e-02
6.724500596980843738e+02	3.506141489659401200e-01	2.243551725248389417e-01	1.842057070351450776e-01	1.121464908024351892e-01	5.623679184017616600e-02	2.038573178567065769e-02	5.205595704576986699e-02
6.772878299117396637e+02	3.493549631128785582e-01	2.235463933871084385e-01	1.850558233918073170e-01	1.127090468438167042e-01	5.645339545350005345e-02	2.049762210556162548e-02	5.238275570530324943e-02
6.821256001253949535e+02	3.481030535037636375e-01	2.227421401127879785e-01	1.859006394755143010e-01	1.132681218479364704e-01	5.666891276461247934e-02	2.060926673232441400e-02	5.270786556303670017e-02
6.869633703390502433e+02	3.468583780647527814e-01	2.219423869989519127e-01	1.867401915311300564e-01	1.138237394824406362e-01	5.688334895561395627e-02	2.072066301802002672e-02	5.303129194906656269e-02
6.918011405527055331e+02	3.456208949687174514e-01	2.211471084931957432e-01	1.875745155144429577e-01	1.143759232186227631e-01	5.709670913732011605e-02	2.083180837458847856e-02	5.335304029308837043e-02
6.966389107663608229e+02	3.443905626336357662e-01	2.203562791926605979e-01	1.884036470947001718e-01	1.149246963337271499e-01	5.730899835347417343e-02	2.094270027270767748e-02	5.367311611907030211e-02
7.014766809800161127e+02	3.431673397210038834e-01	2.195698738430669206e-01	1.892276216571401048e-01	1.154700819132110784e-01	5.752022158470133928e-02	2.105333624069069542e-02	5.399152504016168502e-02
7.063144511936714025e+02	3.419511851342654229e-01	2.187878673377578465e-01	1.900464743055205741e-01	1.160121028529672027e-01	5.773038375221976881e-02	2.116371386341960731e-02	5.430827275382522912e-02
7.111522214073266923e+02	3.407420580172579871e-01	2.180102347167511834e-01	1.908602398646410403e-01	1.165507818615068997e-01	5.793948972132204750e-02	2.127383078131392033e-02	5.462336503718259739e-02
7.159899916209819821e+02	3.395399177526760015e-01	2.172369511658008290e-01	1.916689528828580680e-01	1.170861414621055946e-01	5.814754430464016965e-02	2.138368468933190755e-02	5.493680774256307076e-02
7.208277618346371582e+02	3.383447239605509860e-01	2.164679920154662929e-01	1.924726476345915982e-01	1.176182039949111718e-01	5.835455226520654126e-02	2.149327333600314568e-02	5.524860679324594681e-02
7.256655320482924481e+02	3.371564364967463701e-01	2.157033327401910727e-01	1.932713581228213684e-01	1.181469916190161784e-01	5.856051831932253260e-02	2.160259452249069928e-02	5.555876817938745077e-02
7.305033022619478515e+02	3.359750154514684617e-01	2.149429489573892460e-01	1.940651180815722854e-01	1.186725263144947223e-01	5.876544713924578694e-02	2.171164610168147685e-02	5.586729795412372079e-02
7.353410724756030277e+02	3.348004211477918490e-01	2.141868164265400831e-01	1.948539609783871696e-01	1.191948298844051485e-01	5.896934335570663821e-02	2.182042597730334682e-02	5.617420222984147171e-02
7.401788426892584312e+02	3.336326141401995682e-01	2.134349110482907375e-01	1.956379200167863430e-01	1.197139239567589636e-01	5.917221156026353929e-02	2.192893210306769494e-02	5.647948717460882229e-02
7.450166129029136073e+02	3.324715552131373708e-01	2.126872088635665958e-01	1.964170281387128680e-01	1.202298299864571623e-01	5.937405630750679231e-02	2.203716248183619150e-02	5.678315900875864630e-02
7.498543831165690108e+02	3.313172053795812588e-01	2.119436860526895394e-01	1.971913180269627419e-01	1.207425692571944542e-01	5.957488211711943482e-02	2.214511516481057138e-02	5.708522400161767513e-02
7.546921533302243006e+02	3.301695258796187860e-01	2.112043189345033656e-01	1.979608221075988550e-01	1.212521628833323345e-01	5.977469347580346981e-02	2.225278825074430630e-02	5.738568846837447529e-02
7.595299235438793630e+02	3.290284781790435709e-01	2.104690839655067869e-01	1.987255725523488503e-01	1.217586318117415828e-01	5.997349483907948864e-02	2.236017988517515626e-02	5.768455876708007690e-02
7.643676937575347665e+02	3.278940239679618562e-01	2.097379577389936189e-01	1.994856012809853030e-01	1.222619968236150073e-01	6.017129063296691033e-02	2.246728825967755916e-02	5.798184129577522994e-02
7.692054639711900563e+02	3.267661251594121130e-01	2.090109169841998793e-01	2.002409399636880249e-01	1.227622785362511293e-01	6.036808525555196342e-02	2.257411161113397069e-02	5.827754248973847362e-02
7.740432341848452324e+02	3.256447438879959688e-01	2.082879385654581306e-01	2.009916200233883010e-01	1.232594974048092790e-01	6.056388307844998153e-02	2.268064822102423134e-02	5.857166881884967591e-02
7.788810043985006359e+02	3.245298425085219041e-01	2.075689994813585126e-01	2.017376726380939733e-01	1.237536737240370194e-01	6.075868844816823683e-02	2.278689641473214886e-02	5.886422678506379041e-02
7.837187746121558121e+02	3.234213835946597171e-01	2.068540768639163807e-01	2.024791287431955134e-01	1.242448276299703419e-01	6.095250568737523716e-02	2.289285456086848428e-02	5.915522291998993876e-02
7.885565448258112156e+02	3.223193299376064247e-01	2.061431479777468545e-01	2.032160190337522487e-01	1.247329791016072581e-01	6.114533909608207973e-02	2.299852107060963019e-02	5.944466378257105138e-02
7.933943150394665054e+02	3.212236445447635980e-01	2.054361902192455569e-01	2.039483739667588003e-01	1.252181479625555094e-01	6.133719295274102368e-02	2.310389439705124240e-02	5.973255595685976471e-02
7.982320852531219089e+02	3.201342906384251341e-01	2.047331811157759307e-01	2.046762237633911741e-01	1.257003538826546585e-01	6.152807151526632629e-02	2.320897303457618299e-02	6.001890604988616845e-02
8.030698554667769713e+02	3.190512316544753535e-01	2.040340983248627726e-01	2.053995984112322315e-01	1.261796163795736447e-01	6.171797902198201263e-02	2.331375551823614695e-02	6.030372068961344784e-02
8.079076256804323748e+02	3.179744312410980323e-01	2.033389196333921511e-01	2.061185276664768973e-01	1.266559548203836649e-01	6.190691969250095017e-02	2.341824042314637547e-02	6.058700652297754202e-02
8.127453958940876646e+02	3.169038532574954825e-01	2.026476229568170695e-01	2.068330410561160515e-01	1.271293884231075033e-01	6.209489772853944017e-02	2.352242636389287669e-02	6.086877021400720345e-02
8.175831661077428407e+02	3.158394617726171250e-01	2.019601863383695128e-01	2.075431678800996327e-01	1.275999362582455332e-01	6.228191731467126041e-02	2.362631199395168538e-02	6.114901844202092623e-02
8.224209363213982442e+02	3.147812210638983310e-01	2.012765879482781572e-01	2.082489372134784522e-01	1.280676172502788479e-01	6.246798261902484356e-02	2.372989600511956482e-02	6.142775789989740609e-02
8.272587065350534203e+02	3.137290956160088684e-01	2.005968060829921851e-01	2.089503779085250257e-01	1.285324501791501317e-01	6.265309779392710943e-02	2.383317712695579710e-02	6.170499529241646464e-02
8.320964767487085965e+02	3.126830501196102841e-01	1.999208191644105681e-01	2.096475185968328936e-01	1.289944536817227150e-01	6.283726697649724691e-02	2.393615412623452399e-02	6.198073733466732960e-02
8.369342469623640000e+02	3.116430494701230569e-01	1.992486057391172072e-01	2.103403876913947923e-01	1.294536462532181464e-01	6.302049428919359597e-02	2.403882580640724978e-02	6.225499075052146752e-02
8.417720171760191761e+02	3.106090587665025216e-01	1.985801444776217617e-01	2.110290133886593700e-01	1.299100462486330043e-01	6.320278384031653707e-02	2.414119100707512802e-02	6.252776227116715879e-02
8.466097873896745796e+02	3.095810433100241177e-01	1.979154141736056416e-01	2.117134236705666417e-01	1.303636718841349740e-01	6.338413972447010103e-02	2.424324860347061572e-02	6.279905863370330299e-02
8.514475576033297557e+02	3.085589686030770218e-01	1.972543937431739947e-01	2.123936463065622393e-01	1.308145412384389139e-01	6.356456602298507508e-02	2.434499750594819670e-02	6.306888657978990120e-02
8.562853278169851592e+02	3.075428003479665495e-01	1.965970622241126342e-01	2.130697088555901786e-01	1.312626722541633539e-01	6.374406680430586003e-02	2.444643665948378550e-02	6.333725285435294616e-02
8.611230980306403353e+02	3.065325044457254400e-01	1.959433987751504902e-01	2.137416386680645874e-01	1.317080827391674536e-01	6.392264612434361837e-02	2.454756504318249266e-02	6.360416420434122919e-02
8.659608682442956251e+02	3.055280469949329669e-01	1.952933826752273061e-01	2.144094628878202846e-01	1.321507903678693363e-01	6.410030802679765605e-02	2.464838166979453626e-02	6.386962737753323904e-02
8.707986384579510286e+02	3.045293942905427653e-01	1.946469933227664151e-01	2.150732084540423472e-01	1.325908126825456335e-01	6.427705654344738340e-02	2.474888558523890419e-02	6.413364912139185581e-02
8.756364086716062047e+02	3.035365128227188181e-01	1.940042102349528730e-01	2.157329021031745564e-01	1.330281670946130423e-01	6.445289569441652044e-02	2.484907586813457636e-02	6.439623618196492483e-02
8.804741788852616082e+02	3.025493692756790476e-01	1.933650130470164208e-01	2.163885703708072483e-01	1.334628708858920099e-01	6.462782948841157282e-02	2.494895162933902233e-02	6.465739530282994807e-02
8.853119490989170117e+02	3.015679305265474563e-01	1.927293815115195819e-01	2.170402395935443207e-01	1.338949412098529856e-01	6.480186192293622971e-02	2.504851201149374540e-02	6.491713322408096398e-02
8.901497193125721878e+02	3.005921636442134837e-01	1.920972954976506719e-01	2.176879359108497280e-01	1.343243950928454666e-01	6.497499698448329364e-02	2.514775618857664763e-02	6.517545668135599213e-02
8.949874895262273640e+02	2.996220358881995782e-01	1.914687349905217495e-01	2.183316852668734098e-01	1.347512494353103885e-01	6.514723864870568260e-02	2.524668336546099026e-02	6.543237240490347439e-02
8.998252597398827675e+02	2.986575147075359871e-01	1.908436800904714514e-01	2.189715134122571238e-01	1.351755210129760021e-01	6.531859088056798934e-02	2.534529277748075876e-02	6.568788711868593644e-02
9.046630299535379436e+02	2.976985677396435381e-01	1.902221110123723524e-01	2.196074459059199901e-01	1.355972264780375136e-01	6.548905763447986084e-02	2.544358369000225897e-02	6.594200753951971750e-02
9.095008001671932334e+02	2.967451628092234173e-01	1.896040080849435150e-01	2.202395081168241064e-01	1.360163823603209587e-01	6.565864285441255777e-02	2.554155539800170155e-02	6.619474037624897833e-02
9.143385703808486369e+02	2.957972679271542726e-01	1.889893517500673137e-01	2.208677252257205126e-01	1.364330050684315343e-01	6.582735047399987383e-02	2.563920722564867055e-02	6.644609232895302975e-02
9.191763405945038130e+02	2.948548512893973128e-01	1.883781225621110889e-01	2.214921222268751433e-01	1.368471108908866363e-01	6.599518441662448331e-02	2.573653852589528543e-02	6.669607008818527472e-02
9.240141108081592165e+02	2.939178812759073445e-01	1.877703011872534078e-01	2.221127239297758238e-01	1.372587159972339654e-01	6.616214859549084115e-02	2.583354868007090369e-02	6.694468033424288977e-02
9.288518810218145063e+02	2.929863264495521369e-01	1.871658684028147668e-01	2.227295549608196423e-01	1.376678364391549225e-01	6.632824691368563452e-02	2.593023709748218733e-02	6.719192973646581635e-02
9.336896512354697961e+02	2.920601555550378925e-01	1.865648050965929838e-01	2.233426397649813655e-01	1.380744881515535705e-01	6.649348326422668820e-02	2.602660321501848797e-02	6.743782495256406273e-02
9.385274214491247449e+02	2.911393375178422671e-01	1.859670922662028103e-01	2.239520026074630077e-01	1.384786869536313580e-01	6.665786153010121173e-02	2.612264649676229039e-02	6.768237262797210940e-02
9.433651916627801484e+02	2.902238414431536073e-01	1.853727110184201499e-01	2.245576675753246099e-01	1.388804485499481600e-01	6.682138558429422115e-02	2.621836643360468677e-02	6.792557939522961274e-02
9.482029618764355519e+02	2.893136366148178484e-01	1.847816425685304409e-01	2.251596585790966165e-01	1.392797885314694117e-01	6.698405928980792623e-02	2.631376254286573596e-02	6.816745187338706102e-02
9.530407320900908417e+02	2.884086924942911856e-01	1.841938682396815907e-01	2.257579993543739061e-01	1.396767223766000598e-01	6.714588649967280498e-02	2.640883436791958278e-02	6.840799666743585528e-02
9.578785023037459041e+02	2.875089787196002389e-01	1.836093694622411010e-01	2.263527134633917526e-01	1.400712654522051626e-01	6.730687105695105921e-02	2.650358147782423679e-02	6.864722036776145508e-02
9.627162725174014213e+02	2.866144651043080471e-01	1.830281277731573564e-01	2.269438242965838015e-01	1.404634330146177223e-01	6.746701679473302016e-02	2.659800346695591691e-02	6.888512954961914514e-02
9.675540427310568248e+02	2.857251216364872226e-01	1.824501248153252708e-01	2.275313550741224211e-01	1.408532402106337234e-01	6.762632753612718428e-02	2.669209995464785767e-02	6.912173077263128462e-02
9.723918129447120009e+02	2.848409184776992675e-01	1.818753423369559585e-01	2.281153288474416507e-01	1.412407020784947342e-01	6.778480709424453132e-02	2.678587058483350436e-02	6.935703058030537327e-02
9.772295831583674044e+02	2.839618259619800522e-01	1.813037621909507069e-01	2.286957685007426355e-01	1.416258335488581599e-01	6.794245927217736070e-02	2.687931502569394782e-02	6.959103549957214307e-02
9.820673533720223531e+02	2.830878145948322877e-01	1.807353663342788352e-01	2.292726967524822135e-01	1.420086494457556414e-01	6.809928786297347880e-02	2.697243296930960932e-02	6.982375204034298177e-02
9.869051235856777566e+02	2.822188550522234940e-01	1.801701368273597448e-01	2.298461361568444050e-01	1.423891644875394380e-01	6.825529664960602871e-02	2.706522413131603674e-02	7.005518669508585539e-02
9.917428937993331601e+02	2.813549181795908516e-01	1.796080558334490762e-01	2.304161091051954435e-01	1.427673932878172902e-01	6.841048940493933694e-02	2.715768825056371835e-02	7.028534593841927192e-02
9.965806640129884499e+02	2.804959749908519373e-01	1.790491056180285034e-01	2.309826378275220971e-01	1.431433503563757925e-01	6.856486989169137403e-02	2.724982508878189685e-02	7.051423622672337022e-02
1.001418434226643626e+03	2.796419966674213442e-01	1.784932685481999681e-01	2.315457443938540028e-01	1.435170501000925802e-01	6.871844186239300933e-02	2.734163443024628659e-02	7.074186399776777323e-02
1.006256204440298802e+03	2.787929545572337964e-01	1.779405270920834392e-01	2.321054507156696256e-01	1.438885068238374421e-01	6.887120905934461523e-02	2.743311608145063488e-02	7.096823567035540070e-02
1.011093974653954206e+03	2.779488201737731479e-01	1.773908638182186970e-01	2.326617785472865352e-01	1.442577347313626079e-01	6.902317521457007610e-02	2.752426987078203033e-02	7.119335764398185273e-02
