4.837770213655284124e+02	4.048532508477052927e-01	2.612118123296335859e-01	1.447310177502211248e-01	8.772689779550638112e-02	4.839639968943569570e-02	1.523969754482591872e-02	3.784092404247276636e-02
4.886147915791837022e+02	4.032713427309865817e-01	2.601914713009083058e-01	1.459528995960165942e-01	8.841089995159352732e-02	4.860767449574170118e-02	1.536997326622856035e-02	3.819573865832552595e-02
4.934525617928388783e+02	4.016988679929777706e-01	2.591767771648074148e-01	1.471630707284389827e-01	8.909103171977085511e-02	4.881904902576333222e-02	1.550008992274623347e-02	3.855111344529619372e-02
4.982903320064942250e+02	4.001357642074197529e-01	2.581676999481276047e-01	1.483617287410275987e-01	8.976731911385384122e-02	4.903049335341728293e-02	1.563003878368686428e-02	3.890695585226779107e-02
5.031281022201495148e+02	3.985819695260801598e-01	2.571642098121446618e-01	1.495490662949549021e-01	9.043978777897397625e-02	4.924197845446752486e-02	1.575981138154338573e-02	3.926317675163615295e-02
5.079658724338048046e+02	3.970374226692045538e-01	2.561662770525171551e-01	1.507252712612417167e-01	9.110846300203193082e-02	4.945347618154503910e-02	1.588939950482886471e-02	3.961969032843151023e-02
5.128036426474600376e+02	3.955020629162064316e-01	2.551738720991771903e-01	1.518905268586895341e-01	9.177336972181027175e-02	4.966495923988050593e-02	1.601879519111633343e-02	3.997641397292048954e-02
5.176414128611153274e+02	3.939758300965892635e-01	2.541869655162078412e-01	1.530450117876603622e-01	9.243453253875684450e-02	4.987640116372885069e-02	1.614799072027720689e-02	4.033326817658039465e-02
5.224791830747705035e+02	3.924586645810930752e-01	2.532055280017083687e-01	1.541889003598313490e-01	9.309197572444920243e-02	5.008777629346527344e-02	1.627697860791242970e-02	4.069017643134101997e-02
5.273169532884259070e+02	3.909505072730602437e-01	2.522295303876471162e-01	1.553223626240468613e-01	9.374572323075060221e-02	5.029905975333299334e-02	1.640575159897060542e-02	4.104706513199234130e-02
5.321547235020811968e+02	3.894512996000134564e-01	2.512589436397021925e-01	1.564455644883872010e-01	9.439579869866716877e-02	5.051022742982342467e-02	1.653430266154756745e-02	4.140386348165971814e-02
5.369924937157364866e+02	3.879609835054397826e-01	2.502937388570912192e-01	1.575586678385698935e-01	9.504222546691624973e-02	5.072125595067028536e-02	1.666262498086199667e-02	4.176050340025116298e-02
5.418302639293917764e+02	3.864795014407752527e-01	2.493338872723898370e-01	1.586618306527947109e-01	9.568502658021499352e-02	5.093212266443947894e-02	1.679071195340192668e-02	4.211691943578436265e-02
5.466680341430470662e+02	3.850067963575835028e-01	2.483793602513390542e-01	1.597552071131416729e-01	9.632422479729824127e-02	5.114280562069734026e-02	1.691855718123699143e-02	4.247304867850375948e-02
5.515058043567023560e+02	3.835428116999237691e-01	2.474301292926427143e-01	1.608389477136269174e-01	9.695984259867453103e-02	5.135328355074011975e-02	1.704615446649160315e-02	4.282883067770100471e-02
5.563435745703576458e+02	3.820874913969020681e-01	2.464861660277544164e-01	1.619131993650183288e-01	9.759190219412870737e-02	5.156353584886837205e-02	1.717349780597421730e-02	4.318420736115460151e-02
5.611813447840129356e+02	3.806407798554007904e-01	2.455474422206549989e-01	1.629781054965100395e-01	9.822042552997918563e-02	5.177354255419020640e-02	1.730058138595813935e-02	4.353912295710731656e-02
5.660191149976681118e+02	3.792026219529816000e-01	2.446139297676202251e-01	1.640338061543513137e-01	9.884543429609803089e-02	5.198328433293786938e-02	1.742739957710938425e-02	4.389352391870236791e-02
5.708568852113234016e+02	3.777729630309558106e-01	2.436856006969794486e-01	1.650804380975227081e-01	9.946694993270122076e-02	5.219274246128268596e-02	1.755394692955721328e-02	4.424735885080178371e-02
5.756946554249786914e+02	3.763517488876190753e-01	2.427624271688653967e-01	1.661181348905496347e-01	1.000849936369169468e-01	5.240189880863375255e-02	1.768021816810318517e-02	4.460057843911289371e-02
5.805324256386339812e+02	3.749389257716443380e-01	2.418443814749552667e-01	1.671470269935406150e-01	1.006995863691387966e-01	5.261073582140618488e-02	1.780620818756463788e-02	4.495313538155101124e-02
5.853701958522892710e+02	3.735344403756290510e-01	2.409314360382036613e-01	1.681672418495345489e-01	1.013107488591709487e-01	5.281923650724531377e-02	1.793191204824862509e-02	4.530498432176872231e-02
5.902079660659445608e+02	3.721382398297922722e-01	2.400235634125670592e-01	1.691789039692390695e-01	1.019185016121722659e-01	5.302738441969340188e-02	1.805732497155248042e-02	4.565608178478426649e-02
5.950457362795999643e+02	3.707502716958174793e-01	2.391207362827210137e-01	1.701821350132398103e-01	1.025228649144055287e-01	5.323516364328604450e-02	1.818244233568728704e-02	4.600638611464365896e-02
5.998835064932552541e+02	3.693704839608366042e-01	2.382229274637695515e-01	1.711770538717567458e-01	1.031238588387983768e-01	5.344255877906570196e-02	1.830725967152065092e-02	4.635585741405317400e-02
6.047212767069104302e+02	3.679988250315521237e-01	2.373301099009470505e-01	1.721637767420232390e-01	1.037215032503221307e-01	5.364955493050021368e-02	1.843177265853527744e-02	4.670445748592078755e-02
6.095590469205657200e+02	3.666352437284922106e-01	2.364422566693134553e-01	1.731424172033594611e-01	1.043158178111941448e-01	5.385613768979454624e-02	1.855597712089994064e-02	4.705214977674711946e-02
6.143968171342210098e+02	3.652796892803958917e-01	2.355593409734425547e-01	1.741130862900106546e-01	1.049068219859097817e-01	5.406229312458423614e-02	1.867986902364957014e-02	4.739889932180820636e-02
6.192345873478761860e+02	3.639321113187247714e-01	2.346813361471035420e-01	1.750758925618181028e-01	1.054945350461093528e-01	5.426800776499961232e-02	1.880344446897127056e-02	4.774467269207425396e-02
6.240723575615315895e+02	3.625924598722970460e-01	2.338082156529363020e-01	1.760309421727888624e-01	1.060789760752855332e-01	5.447326859108985592e-02	1.892669969259313384e-02	4.808943794281018980e-02
6.289101277751868793e+02	3.612606853620409786e-01	2.329399530821204822e-01	1.769783389376279326e-01	1.066601639733363444e-01	5.467806302059657897e-02	1.904963106027290215e-02	4.843316456380564877e-02
6.337478979888421691e+02	3.599367385958642807e-01	2.320765221540389001e-01	1.779181843962949205e-01	1.072381174609689652e-01	5.488237889706674283e-02	1.917223506438353250e-02	4.877582343118348762e-02
6.385856682024975726e+02	3.586205707636361817e-01	2.312178967159347065e-01	1.788505778766452947e-01	1.078128550839589778e-01	5.508620447829513933e-02	1.929450832059282153e-02	4.911738676073768017e-02
6.434234384161527487e+02	3.573121334322790221e-01	2.303640507425634698e-01	1.797756165552143182e-01	1.083843952172700714e-01	5.528952842508679660e-02	1.941644756463439814e-02	4.945782806275268034e-02
6.482612086298080385e+02	3.560113785409665388e-01	2.295149583358398193e-01	1.806933955162000061e-01	1.089527560690386199e-01	5.549233979033023345e-02	1.953804964916738482e-02	4.979712209825826880e-02
6.530989788434633283e+02	3.547182583964254010e-01	2.286705937244787046e-01	1.816040078086998411e-01	1.095179556844275565e-01	5.569462800837240990e-02	1.965931154072215331e-02	5.013524483667484988e-02
6.579367490571185044e+02	3.534327256683378327e-01	2.278309312636320749e-01	1.825075445022546483e-01	1.100800119493539758e-01	5.589638288468679744e-02	1.978023031672970777e-02	5.047217341480587927e-02
6.627745192707737942e+02	3.521547333848422112e-01	2.269959454345204242e-01	1.834040947407501176e-01	1.106389425940944998e-01	5.609759458582607577e-02	1.990080316263222876e-02	5.080788609713541432e-02
6.676122894844290840e+02	3.508842349281285355e-01	2.261656108440599500e-01	1.842937457947265989e-01	1.111947651967724326e-01	5.629825362965123342e-02	2.002102736907244995e-02	5.114236223738984066e-02
6.724500596980843738e+02	3.496211840301267637e-01	2.253399022244851890e-01	1.851765831121451877e-01	1.117474971867307709e-01	5.649835087582919663e-02	2.014090032915955703e-02	5.147558224132443849e-02
6.772878299117396637e+02	3.483655347682854120e-01	2.245187944329674612e-01	1.860526903676565924e-01	1.122971558477945941e-01	5.669787751659119412e-02	2.026041953580945409e-02	5.180752753069646499e-02
6.821256001253949535e+02	3.471172415614374729e-01	2.237022624512289837e-01	1.869221495104189112e-01	1.128437583214266654e-01	5.689682506774442622e-02	2.037958257915715304e-02	5.213818050838760904e-02
6.869633703390502433e+02	3.458762591657518759e-01	2.228902813851534048e-01	1.877850408105072866e-01	1.133873216097796566e-01	5.709518535992973848e-02	2.049838714403931852e-02	5.246752452463996491e-02
6.918011405527055331e+02	3.446425426707678819e-01	2.220828264643921746e-01	1.886414429039588447e-01	1.139278625786486199e-01	5.729295053011829869e-02	2.061683100754484188e-02	5.279554384437061543e-02
6.966389107663608229e+02	3.434160474955098574e-01	2.212798730419675286e-01	1.894914328364941392e-01	1.144653979603267313e-01	5.749011301334034513e-02	2.073491203663154273e-02	5.312222361553117778e-02
7.014766809800161127e+02	3.421967293846808755e-01	2.204813965938717535e-01	1.903350861059547317e-01	1.149999443563677337e-01	5.768666553463952518e-02	2.085262818580710734e-02	5.344754983847953278e-02
7.063144511936714025e+02	3.409845444049328100e-01	2.196873727186633429e-01	1.911724767034963524e-01	1.155315182402581048e-01	5.788260110124619079e-02	2.096997749487233484e-02	5.377150933633213087e-02
7.111522214073266923e+02	3.397794489412104268e-01	2.188977771370596570e-01	1.920036771535745534e-01	1.160601359600019061e-01	5.807791299496359305e-02	2.108695808672502933e-02	5.409408972626610079e-02
7.159899916209819821e+02	3.385813996931679171e-01	2.181125856915266670e-01	1.928287585527603543e-01	1.165858137406213663e-01	5.827259476476075867e-02	2.120356816522266791e-02	5.441527939174148343e-02
7.208277618346371582e+02	3.373903536716562623e-01	2.173317743458658136e-01	1.936477906074201005e-01	1.171085676865757930e-01	5.846664021956624047e-02	2.131980601310225903e-02	5.473506745561477344e-02
7.256655320482924481e+02	3.362062681952783794e-01	2.165553191847977565e-01	1.944608416702948428e-01	1.176284137841017569e-01	5.866004342125703819e-02	2.143566998995571557e-02	5.505344375411577035e-02
7.305033022619478515e+02	3.350291008870118770e-01	2.157831964135435987e-01	1.952679787760117636e-01	1.181453679034769610e-01	5.885279867783708985e-02	2.155115853025913603e-02	5.537039881166078842e-02
7.353410724756030277e+02	3.338588096708959840e-01	2.150153823574036671e-01	1.960692676755605157e-01	1.186594458012106279e-01	5.904490053679999767e-02	2.166627014145451960e-02	5.568592381647592682e-02
7.401788426892584312e+02	3.326953527687822043e-01	2.142518534613334913e-01	1.968647728697649202e-01	1.191706631221624985e-01	5.923634377867077749e-02	2.178100340208232941e-02	5.600001059700501077e-02
7.450166129029136073e+02	3.315386886971463110e-01	2.134925862895176718e-01	1.976545576417812755e-01	1.196790354015932201e-01	5.942712341072151072e-02	2.189535695996356127e-02	5.631265159907764689e-02
7.498543831165690108e+02	3.303887762639603487e-01	2.127375575249414730e-01	1.984386840886518677e-01	1.201845780671481068e-01	5.961723466085604162e-02	2.200932953042981227e-02	5.662383986381352291e-02
7.546921533302243006e+02	3.292455745656230337e-01	2.119867439689601951e-01	1.992172131519424627e-01	1.206873064407767426e-01	5.980667297165888352e-02	2.212291989460005853e-02	5.693356900623976202e-02
7.595299235438793630e+02	3.281090429839471079e-01	2.112401225408665484e-01	1.999902046474913986e-01	1.211872357405904543e-01	5.999543399460379595e-02	2.223612689770277165e-02	5.724183319459907882e-02
7.643676937575347665e+02	3.269791411832017602e-01	2.104976702774561670e-01	2.007577172942970056e-01	1.216843810826597899e-01	6.018351358441739740e-02	2.234894944744211798e-02	5.754862713032693478e-02
7.692054639711900563e+02	3.258558291072093382e-01	2.097593643325911805e-01	2.015198087425693618e-01	1.221787574827539885e-01	6.037090779359358811e-02	2.246138651240698822e-02	5.785394602867677261e-02
7.740432341848452324e+02	3.247390669764943505e-01	2.090251819767622588e-01	2.022765356009711690e-01	1.226703798580244947e-01	6.055761286705444585e-02	2.257343712052163262e-02	5.815778559997285962e-02
7.788810043985006359e+02	3.236288152854839284e-01	2.082951005966488245e-01	2.030279534630727578e-01	1.231592630286342943e-01	6.074362523695356342e-02	2.268510035753674645e-02	5.846014203147112398e-02
7.837187746121558121e+02	3.225250347997578593e-01	2.075690976946776845e-01	2.037741169330443414e-01	1.236454217193350275e-01	6.092894151761770599e-02	2.279637536555985736e-02	5.876101196980874214e-02
7.885565448258112156e+02	3.214276865533475802e-01	2.068471508885804389e-01	2.045150796506086111e-01	1.241288705609935178e-01	6.111355850062310385e-02	2.290726134162392180e-02	5.906039250402410345e-02
7.933943150394665054e+02	3.203367318460820234e-01	2.061292379109494477e-01	2.052508943152758503e-01	1.246096240920695208e-01	6.129747315000241142e-02	2.301775753629302368e-02	5.935828114912902742e-02
7.982320852531219089e+02	3.192521322409800910e-01	2.054153366087923538e-01	2.059816127098833827e-01	1.250876967600463574e-01	6.148068259757888399e-02	2.312786325230418993e-02	5.965467583021604597e-02
8.030698554667769713e+02	3.181738495616880935e-01	2.047054249430856065e-01	2.067072857234595884e-01	1.255631029228160278e-01	6.166318413842400425e-02	2.323757784324425452e-02	5.994957486708375055e-02
8.079076256804323748e+02	3.171018458899607650e-01	2.039994809883268201e-01	2.074279633734334993e-01	1.260358568500201948e-01	6.184497522643533224e-02	2.334690071226083047e-02	6.024297695936391833e-02
8.127453958940876646e+02	3.160360835631850773e-01	2.032974829320859933e-01	2.081436948272091525e-01	1.265059727243489363e-01	6.202605347003108810e-02	2.345583131080642564e-02	6.053488117213466635e-02
8.175831661077428407e+02	3.149765251719461312e-01	2.025994090745559806e-01	2.088545284231236310e-01	1.269734646427982949e-01	6.220641662795826227e-02	2.356436913741477568e-02	6.082528692200424303e-02
8.224209363213982442e+02	3.139231335576331827e-01	2.019052378281018523e-01	2.095605116908077492e-01	1.274383466178882207e-01	6.238606260521115110e-02	2.367251373650849575e-02	6.111419396365064260e-02
8.272587065350534203e+02	3.128758718100856373e-01	2.012149477168096445e-01	2.102616913709667301e-01	1.279006325788422382e-01	6.256498944905720949e-02	2.378026469723717312e-02	6.140160237680265115e-02
8.320964767487085965e+02	3.118347032652776241e-01	2.005285173760341655e-01	2.109581134345984710e-01	1.283603363727303104e-01	6.274319534516718810e-02	2.388762165234510626e-02	6.168751255364841868e-02
8.369342469623640000e+02	3.107995915030402623e-01	1.998459255519463018e-01	2.116498231016662457e-01	1.288174717655758694e-01	6.292067861384688376e-02	2.399458427706779862e-02	6.197192518665799871e-02
8.417720171760191761e+02	3.097705003448205097e-01	1.991671511010796869e-01	2.123368648592420804e-01	1.292720524434283480e-01	6.309743770636741522e-02	2.410115228805643356e-02	6.225484125680685182e-02
8.466097873896745796e+02	3.087473938514764260e-01	1.984921729898767584e-01	2.130192824791366235e-01	1.297240920134027642e-01	6.327347120139156789e-02	2.420732544232962608e-02	6.253626202218755259e-02
8.514475576033297557e+02	3.077302363211069647e-01	1.978209702942343440e-01	2.136971190350307470e-01	1.301736040046867771e-01	6.344877780149335567e-02	2.431310353625157350e-02	6.281618900699756369e-02
8.562853278169851592e+02	3.067189922869160146e-01	1.971535221990489972e-01	2.143704169191238684e-01	1.306206018695171001e-01	6.362335632976838518e-02	2.441848640453598770e-02	6.309462399089095508e-02
8.611230980306403353e+02	3.057136265151099708e-01	1.964898079977617229e-01	2.150392178583134251e-01	1.310650989841257719e-01	6.379720572653246879e-02	2.452347391927506629e-02	6.337156899868287563e-02
8.659608682442956251e+02	3.047141040028276682e-01	1.958298070919027023e-01	2.157035629299192681e-01	1.315071086496575614e-01	6.397032504610607184e-02	2.462806598899277416e-02	6.364702629039520332e-02
8.707986384579510286e+02	3.037203899761022341e-01	1.951734989906354634e-01	2.163634925769667428e-01	1.319466440930596729e-01	6.414271345368223465e-02	2.473226255772185966e-02	6.392099835163296551e-02
8.756364086716062047e+02	3.027324498878537495e-01	1.945208633103011342e-01	2.170190466230415560e-01	1.323837184679443890e-01	6.431437022227573519e-02	2.483606360410385919e-02	6.419348788428078101e-02
8.804741788852616082e+02	3.017502494159124415e-01	1.938718797739623911e-01	2.176702642867287818e-01	1.328183448554256518e-01	6.448529472975116084e-02	2.493946914051153527e-02	6.446449779750924869e-02
8.853119490989170117e+02	3.007737544610711300e-01	1.932265282109475457e-01	2.183171841956491610e-01	1.332505362649308578e-01	6.465548645592796018e-02	2.504247921219309933e-02	6.473403119908149872e-02
8.901497193125721878e+02	2.998029311451667622e-01	1.925847885563942707e-01	2.189598444001038258e-01	1.336803056349882557e-01	6.482494497976015735e-02	2.514509389643765705e-02	6.500209138695035860e-02
8.949874895262273640e+02	2.988377458091902583e-01	1.919466408507936594e-01	2.195982823863395494e-01	1.341076658339911409e-01	6.499366997658870271e-02	2.524731330176124833e-02	6.526868184113676641e-02
8.998252597398827675e+02	2.978781650114236124e-01	1.913120652395342569e-01	2.202325350894455969e-01	1.345326296609393735e-01	6.516166121546473899e-02	2.534913756711299621e-02	6.553380621588075772e-02
9.046630299535379436e+02	2.969241555256040832e-01	1.906810419724462302e-01	2.208626389058931938e-01	1.349552098461592742e-01	6.532891855654164581e-02	2.545056686110077487e-02	6.579746833205617207e-02
9.095008001671932334e+02	2.959756843391146419e-01	1.900535514033455387e-01	2.214886297057280795e-01	1.353754190520026768e-01	6.549544194853396117e-02	2.555160138123586597e-02	6.605967216984065526e-02
9.143385703808486369e+02	2.950327186511999544e-01	1.894295739895786312e-01	2.221105428444266061e-01	1.357932698735255794e-01	6.566123142624157027e-02	2.565224135319612783e-02	6.632042186163301933e-02
9.191763405945038130e+02	2.940952258712077882e-01	1.888090902915671720e-01	2.227284131744249329e-01	1.362087748391473396e-01	6.582628710813727413e-02	2.575248703010713999e-02	6.657972168520991108e-02
9.240141108081592165e+02	2.931631736168546776e-01	1.881920809723530152e-01	2.233422750563315018e-01	1.366219464112911897e-01	6.599060919401601721e-02	2.585233869184087874e-02	6.683757605711425354e-02
9.288518810218145063e+02	2.922365297125158468e-01	1.875785267971437908e-01	2.239521623698318697e-01	1.370327969870064611e-01	6.615419796270421982e-02	2.595179664433143116e-02	6.709398952626795254e-02
9.336896512354697961e+02	2.913152621875381709e-01	1.869684086328586015e-01	2.245581085242946695e-01	1.374413388985734064e-01	6.631705376982753586e-02	2.605086121890728620e-02	6.734896676780194325e-02
9.385274214491247449e+02	2.903993392745763957e-01	1.863617074476741908e-01	2.251601464690883847e-01	1.378475844140910622e-01	6.647917704563537089e-02	2.614953277163979684e-02	6.760251257709642969e-02
9.433651916627801484e+02	2.894887294079518392e-01	1.857584043105717508e-01	2.257583087036162117e-01	1.382515457380489587e-01	6.664056829288093897e-02	2.624781168270734488e-02	6.785463186402458657e-02
9.482029618764355519e+02	2.885834012220327427e-01	1.851584803908839227e-01	2.263526272870785838e-01	1.386532350118831192e-01	6.680122808475501273e-02	2.634569835577481658e-02	6.810532964739345052e-02
9.530407320900908417e+02	2.876833235496362162e-01	1.845619169578426033e-01	2.269431338479704630e-01	1.390526643145167940e-01	6.696115706287221470e-02	2.644319321738797246e-02	6.835461104957538114e-02
9.578785023037459041e+02	2.867884654204512218e-01	1.839686953801271674e-01	2.275298595933214763e-01	1.394498456628868732e-01	6.712035593530830957e-02	2.654029671638231946e-02	6.860248129132430484e-02
9.627162725174014213e+02	2.858987960594818745e-01	1.833787971254132454e-01	2.281128353176867241e-01	1.398447910124560323e-01	6.727882547468717889e-02	2.663700932330609686e-02	6.884894568677055182e-02
9.675540427310568248e+02	2.850142848855111155e-01	1.827922037599223060e-01	2.286920914118949766e-01	1.402375122577114164e-01	6.743656651631615984e-02	2.673333152985703925e-02	6.909400963858872147e-02
9.723918129447120009e+02	2.841349015095839259e-01	1.822088969479716269e-01	2.292676578715619751e-01	1.406280212326502521e-01	6.759357995636847138e-02	2.682926384833248662e-02	6.933767863333296921e-02
9.772295831583674044e+02	2.832606157335096353e-01	1.816288584515253490e-01	2.298395643053752768e-01	1.410163297112529690e-01	6.774986675011154813e-02	2.692480681109259491e-02	6.957995823693437221e-02
9.820673533720223531e+02	2.823913975483832717e-01	1.810520701297458068e-01	2.304078399431575830e-01	1.414024494079439420e-01	6.790542791017986635e-02	2.701996097003617550e-02	6.982085409035511392e-02
9.869051235856777566e+02	2.815272171331253404e-01	1.804785139385458870e-01	2.309725136437147663e-01	1.417863919780408821e-01	6.806026450489136015e-02	2.711472689608895523e-02	7.006037190539449178e-02
9.917428937993331601e+02	2.806680448530394778e-01	1.799081719301422466e-01	2.315336139024754547e-01	1.421681690181927360e-01	6.821437765660610941e-02	2.720910517870386500e-02	7.029851746064186280e-02
9.965806640129884499e+02	2.798138512583878135e-01	1.793410262526089483e-01	2.320911688589272770e-01	1.425477920668067611e-01	6.836776854012623084e-02	2.730309642537304474e-02	7.053529659757171166e-02
1.001418434226643626e+03	2.789646070829840396e-01	1.787770591494323158e-01	2.326452063038566553e-01	1.429252726044653310e-01	6.852043838113583418e-02	2.739670126115132873e-02	7.077071521677638644e-02
1.006256204440298802e+03	2.781202832428026905e-01	1.782162529590665123e-01	2.331957536863973057e-01	1.433006220543323883e-01	6.867238845468016939e-02	2.748992032819079501e-02	7.100477927433196390e-02
1.011093974653954206e+03	2.772808508346060741e-01	1.776585901144899504e-01	2.337428381208932759e-01	1.436738517825504324e-01	6.882362008368278494e-02	2.758275428528624007e-02	7.123749477829303955e-02
1.015931744867609382e+03	2.764462811345865800e-01	1.771040531427626741e-01	2.342864863935816278e-01	1.440449730986280152e-01	6.897413463749967055e-02	2.767520380743116598e-02	7.146886778531211237e-02
1.020769515081264785e+03	2.756165455970250866e-01	1.765526246645846287e-01	2.348267249691003145e-01	1.444139972558184382e-01	6.912393353050959310e-02	2.776726958538410298e-02	7.169890439737970633e-02
1.025607285294920075e+03	2.747916158529654651e-01	1.760042873938549857e-01	2.353635799968260278e-01	1.447809354514895119e-01	6.927301822073962667e-02	2.785895232524494142e-02	7.192761075868128740e-02
1.030445055508575479e+03	2.739714637089041838e-01	1.754590241372322168e-01	2.358970773170473156e-01	1.451457988274852395e-01	6.942139020852480802e-02	2.795025274804105453e-02	7.215499305256706242e-02
1.035282825722230655e+03	2.731560611454946219e-01	1.749168177936955004e-01	2.364272424669770778e-01	1.455085984704792279e-01	6.956905103520123756e-02	2.804117158932297946e-02	7.238105749863113503e-02
1.040120595935886058e+03	2.723453803162667608e-01	1.743776513541069051e-01	2.369541006866100197e-01	1.458693454123206334e-01	6.971600228183172376e-02	2.813170959876934440e-02	7.260581034989645188e-02
1.044958366149541234e+03	2.715393935463606412e-01	1.738415079007745445e-01	2.374776769244284769e-01	1.462280506303723915e-01	6.986224556796295782e-02	2.822186753980087531e-02	7.282925789010198658e-02
1.049796136363196410e+03	2.707380733312744758e-01	1.733083706070170371e-01	2.379979958429619957e-01	1.465847250478424235e-01	7.000778255041373299e-02	2.831164618920322881e-02	7.305140643108898324e-02
1.054633906576851814e+03	2.699413923356264178e-01	1.727782227367290757e-01	2.385150818242040005e-01	1.469393795341079612e-01	7.015261492209304284e-02	2.840104633675842594e-02	7.327226231028298453e-02
1.059471676790506763e+03	2.691493233919300954e-01	1.722510476439475802e-01	2.390289589748903487e-01	1.472920249050332364e-01	7.029674441084754477e-02	2.849006878488467842e-02	7.349183188826843849e-02
1.064309447004162394e+03	2.683618394993835810e-01	1.717268287724197096e-01	2.395396511316431887e-01	1.476426719232805940e-01	7.044017277833755641e-02	2.857871434828437862e-02	7.371012154645296965e-02
1.069147217217817570e+03	2.675789138226710717e-01	1.712055496551713463e-01	2.400471818659844214e-01	1.479913312986157747e-01	7.058290181894090465e-02	2.866698385360010037e-02	7.392713768481833092e-02
1.073984987431472746e+03	2.668005196907782817e-01	1.706871939140772454e-01	2.405515744892221253e-01	1.483380136882069544e-01	7.072493335868378084e-02	2.875487813907831591e-02	7.414288671975526046e-02
1.078822757645127922e+03	2.660266305958194910e-01	1.701717452594319058e-01	2.410528520572139954e-01	1.486827296969183976e-01	7.086626925419811651e-02	2.884239805424075945e-02	7.435737508197931556e-02
1.083660527858783553e+03	2.652572201918776962e-01	1.696591874895219954e-01	2.415510373750109074e-01	1.490254898775983661e-01	7.100691139170459132e-02	2.892954445956315290e-02	7.457060921452531022e-02
1.088498298072438729e+03	2.644922622938568058e-01	1.691495044901996925e-01	2.420461530013841567e-01	1.493663047313618930e-01	7.114686168602078753e-02	2.901631822616113771e-02	7.478259557081753939e-02
1.093336068286093905e+03	2.637317308763457158e-01	1.686426802344573872e-01	2.425382212532399551e-01	1.497051847078685050e-01	7.128612207959385272e-02	2.910272023548325648e-02	7.499334061281334729e-02
1.098173838499749309e+03	2.629756000724941534e-01	1.681386987820037149e-01	2.430272642099237657e-01	1.500421402055950038e-01	7.142469454155685182e-02	2.918875137901080080e-02	7.520285080921780552e-02
1.103011608713404712e+03	2.622238441729000669e-01	1.676375442788403947e-01	2.435133037174184445e-01	1.503771815721035854e-01	7.156258106680847553e-02	2.927441255796433064e-02	7.541113263376682252e-02
1.107849378927059888e+03	2.614764376245083954e-01	1.671392009568409553e-01	2.439963613924383823e-01	1.507103191043054347e-01	7.169978367511536943e-02	2.935970468301674768e-02	7.561819256357678321e-02
1.112687149140715292e+03	2.607333550295212188e-01	1.666436531333301552e-01	2.444764586264231154e-01	1.510415630487200733e-01	7.183630441023654278e-02	2.944462867401273498e-02	7.582403707755822064e-02
1.117524919354370468e+03	2.599945711443182317e-01	1.661508852106649836e-01	2.449536165894331263e-01	1.513709236017303505e-01	7.197214533906930167e-02	2.952918545969440353e-02	7.602867265489163251e-02
1.122362689568025871e+03	2.592600608783887650e-01	1.656608816758168845e-01	2.454278562339504977e-01	1.516984109098336031e-01	7.210730855081609603e-02	2.961337597743299646e-02	7.623210577356319406e-02
1.127200459781681047e+03	2.585297992932735767e-01	1.651736270999551726e-01	2.458991982985871683e-01	1.520240350698889575e-01	7.224179615617201677e-02	2.969720117296656067e-02	7.643434290895854966e-02
1.132038229995336451e+03	2.578037616015179667e-01	1.646891061380320598e-01	2.463676633117033443e-01	1.523478061293606911e-01	7.237561028653202722e-02	2.978066200014333267e-02	7.663539053251258726e-02
1.136876000208991627e+03	2.570819231656341630e-01	1.642073035283685978e-01	2.468332715949387024e-01	1.526697340865583452e-01	7.250875309321784534e-02	2.986375942067081082e-02	7.683525511041350287e-02
1.141713770422646803e+03	2.563642594970744759e-01	1.637282040922423687e-01	2.472960432666588271e-01	1.529898288908732307e-01	7.264122674672364444e-02	2.994649440387030237e-02	7.703394310235917031e-02
1.146551540636302207e+03	2.556507462552140009e-01	1.632517927334760921e-01	2.477559982453189646e-01	1.533081004430116023e-01	7.277303343598040541e-02	3.002886792643686895e-02	7.723146096036420660e-02
1.151389310849957155e+03	2.549413592463430911e-01	1.627780544380278693e-01	2.482131562527477298e-01	1.536245585952248083e-01	7.290417536763817152e-02	3.011088097220448664e-02	7.742781512761595653e-02
1.156227081063612786e+03	2.542360744226696556e-01	1.623069742735828991e-01	2.486675368173531242e-01	1.539392131515363860e-01	7.303465476536601109e-02	3.019253453191634087e-02	7.762301203737778654e-02
1.161064851277267962e+03	2.535348678813302281e-01	1.618385373891460810e-01	2.491191592772523666e-01	1.542520738679660774e-01	7.316447386916910545e-02	3.027382960300014150e-02	7.781705811193811995e-02
1.165902621490923138e+03	2.528377158634111943e-01	1.613727290146365900e-01	2.495680427833285864e-01	1.545631504527512079e-01	7.329363493472258739e-02	3.035476718934828830e-02	7.800995976160370049e-02
1.170740391704578315e+03	2.521445947529783460e-01	1.609095344604832833e-01	2.500142063022153804e-01	1.548724525665652330e-01	7.342214023272171375e-02	3.043534830110280337e-02	7.820172338373537757e-02
1.175578161918233945e+03	2.514554810761158166e-01	1.604489391172219670e-01	2.504576686192123147e-01	1.551799898227337882e-01	7.354999204824798353e-02	3.051557395444494045e-02	7.839235536182535824e-02
1.180415932131889122e+03	2.507703514999737870e-01	1.599909284550937449e-01	2.508984483411322297e-01	1.554857717874482959e-01	7.367719268015074374e-02	3.059544517138933217e-02	7.858186206461414969e-02
1.185253702345544298e+03	2.500891828318246302e-01	1.595354880236449224e-01	2.513365638990830431e-01	1.557898079799768798e-01	7.380374444044410231e-02	3.067496297958256790e-02	7.877024984524610973e-02
1.190091472559199701e+03	2.494119520181282412e-01	1.590826034513283249e-01	2.517720335511856034e-01	1.560921078728733646e-01	7.392964965371844055e-02	3.075412841210611523e-02	7.895752504046214815e-02
1.194929242772855105e+03	2.487386361436049742e-01	1.586322604451059215e-01	2.522048753852290659e-01	1.563926808921838330e-01	7.405491065656652494e-02	3.083294250728348118e-02	7.914369396982837146e-02
1.199767012986510281e+03	2.480692124303175983e-01	1.581844447900530581e-01	2.526351073212657616e-01	1.566915364176511005e-01	7.417952979702362171e-02	3.091140630849151943e-02	7.932876293499946385e-02
1.204604783200165684e+03	2.474036582367608872e-01	1.577391423489639122e-01	2.530627471141474460e-01	1.569886837829171378e-01	7.430350943402139197e-02	3.098952086397575162e-02	7.951273821901555516e-02
1.209442553413820860e+03	2.467419510569596186e-01	1.572963390619586121e-01	2.534878123560039276e-01	1.572841322757236038e-01	7.442685193685516509e-02	3.106728722666968201e-02	7.969562608563149353e-02
1.214280323627476264e+03	2.460840685195743172e-01	1.568560209460915789e-01	2.539103204786662404e-01	1.575778911381103820e-01	7.454955968466431271e-02	3.114470645401793900e-02	7.987743277867732916e-02
1.219118093841131440e+03	2.454299883870149912e-01	1.564181740949614763e-01	2.543302887560354719e-01	1.578699695666123670e-01	7.467163506592544575e-02	3.122177960780320172e-02	8.005816452144910722e-02
1.223955864054786844e+03	2.447796885545623635e-01	1.559827846783226057e-01	2.547477343063991873e-01	1.581603767124545035e-01	7.479308047795796277e-02	3.129850775397682860e-02	8.023782751612866526e-02
1.228793634268442020e+03	2.441331470494968459e-01	1.555498389416976324e-01	2.551626740946959515e-01	1.584491216817451031e-01	7.491389832644190783e-02	3.137489196249305251e-02	8.041642794323164423e-02
1.233631404482097196e+03	2.434903420302349242e-01	1.551193232059918936e-01	2.555751249347305576e-01	1.587362135356677473e-01	7.503409102494759675e-02	3.145093330714674590e-02	8.059397196108269990e-02
1.238469174695752372e+03	2.428512517854728991e-01	1.546912238671090956e-01	2.559851034913405710e-01	1.590216612906712734e-01	7.515366099447685910e-02	3.152663286541457915e-02	8.077046570531686009e-02
1.243306944909407548e+03	2.422158547333380652e-01	1.542655273955686468e-01	2.563926262825153568e-01	1.593054739186586244e-01	7.527261066301561832e-02	3.160199171829961018e-02	8.094591528840629213e-02
1.248144715123063179e+03	2.415841294205468281e-01	1.538422203361241580e-01	2.567977096814691440e-01	1.595876603471741151e-01	7.539094246509749075e-02	3.167701095017907975e-02	8.112032679921137024e-02
1.252982485336718355e+03	2.409560545215700678e-01	1.534212893073836625e-01	2.572003699186699577e-01	1.598682294595893116e-01	7.550865884137823725e-02	3.175169164865548899e-02	8.129370630255546015e-02
1.257820255550373531e+03	2.403316088378054383e-01	1.530027210014313632e-01	2.576006230838240318e-01	1.601471900952876892e-01	7.562576223822056742e-02	3.182603490441082011e-02	8.146605983882231061e-02
1.262658025764028707e+03	2.397107712967564419e-01	1.525865021834506285e-01	2.579984851278185887e-01	1.604245510498478466e-01	7.574225510728943567e-02	3.190004181106378955e-02	8.163739342357546891e-02
1.267495795977684338e+03	2.390935209512184412e-01	1.521726196913486262e-01	2.583939718646232064e-01	1.607003210752256661e-01	7.585813990515724581e-02	3.197371346503016104e-02	8.180771304719890169e-02
1.272333566191339514e+03	2.384798369784712491e-01	1.517610604353823722e-01	2.587870989731506643e-01	1.609745088799352242e-01	7.597341909291888129e-02	3.204705096538595227e-02	8.197702467455787734e-02
1.277171336404994690e+03	2.378696986794785473e-01	1.513518113977864177e-01	2.591778819990791516e-01	1.612471231292285090e-01	7.608809513581625550e-02	3.212005541373356976e-02	8.214533424467976297e-02
1.282009106618650094e+03	2.372630854780934107e-01	1.509448596324018121e-01	2.595663363566360626e-01	1.615181724452742773e-01	7.620217050287229898e-02	3.219272791407071926e-02	8.231264767045365360e-02
1.286846876832305497e+03	2.366599769202706594e-01	1.505401922643067048e-01	2.599524773303449887e-01	1.617876654073354958e-01	7.631564766653398113e-02	3.226506957266207787e-02	8.247897083834834775e-02
1.291684647045960673e+03	2.360603526732854007e-01	1.501377964894484995e-01	2.603363200767362384e-01	1.620556105519461165e-01	7.642852910232429686e-02	3.233708149791367920e-02	8.264430960814803107e-02
1.296522417259616077e+03	2.354641925249577883e-01	1.497376595742772043e-01	2.607178796260228304e-01	1.623220163730866583e-01	7.654081728850289923e-02	3.240876480024991457e-02	8.280866981270490479e-02
1.301360187473271253e+03	2.348714763828841923e-01	1.493397688553806946e-01	2.610971708837416250e-01	1.625868913223590395e-01	7.665251470573526682e-02	3.248012059199311546e-02	8.297205725770830098e-02
1.306197957686926657e+03	2.342821842736741433e-01	1.489441117391211433e-01	2.614742086323613712e-01	1.628502438091602167e-01	7.676362383677017009e-02	3.255114998724568248e-02	8.313447772146953518e-02
1.311035727900581833e+03	2.336962963421936046e-01	1.485506757012730883e-01	2.618490075328583355e-01	1.631120822008552962e-01	7.687414716612520071e-02	3.262185410177462219e-02	8.329593695472206627e-02
1.315873498114237009e+03	2.331137928508140167e-01	1.481594482866630536e-01	2.622215821262604551e-01	1.633724148229495909e-01	7.698408717978029447e-02	3.269223405289858886e-02	8.345644068043625574e-02
1.320711268327892412e+03	2.325346541786674492e-01	1.477704171088105312e-01	2.625919468351599062e-01	1.636312499592598724e-01	7.709344636487885927e-02	3.276229095937720215e-02	8.361599459364835174e-02
1.325549038541547588e+03	2.319588608209072200e-01	1.473835698495706004e-01	2.629601159651969722e-01	1.638885958520849562e-01	7.720222720943659134e-02	3.283202594130275181e-02	8.377460436130305943e-02
1.330386808755202765e+03	2.313863933879745372e-01	1.469988942587778791e-01	2.633261037065134369e-01	1.641444607023753999e-01	7.731043220205761901e-02	3.290144011999412282e-02	8.393227562210918424e-02
1.335224578968857941e+03	2.308172326048707479e-01	1.466163781538922517e-01	2.636899241351779444e-01	1.643988526699025343e-01	7.741806383165779348e-02	3.297053461789295481e-02	8.408901398640795943e-02
1.340062349182513572e+03	2.302513593104351941e-01	1.462360094196457072e-01	2.640515912145838251e-01	1.646517798734268012e-01	7.752512458719511279e-02	3.303931055846197340e-02	8.424482503605353056e-02
1.344900119396168748e+03	2.296887544566285078e-01	1.458577760076911478e-01	2.644111187968195553e-01	1.649032503908654801e-01	7.763161695740695978e-02	3.310776906608544484e-02	8.439971432430511122e-02
1.349737889609823924e+03	2.291293991078215408e-01	1.454816659362522246e-01	2.647685206240127931e-01	1.651532722594594438e-01	7.773754343055411242e-02	3.317591126597169843e-02	8.455368737573043525e-02
1.354575659823479100e+03	2.285732744400895966e-01	1.451076672897750885e-01	2.651238103296488791e-01	1.654018534759397197e-01	7.784290649417126284e-02	3.324373828405772363e-02	8.470674968612003364e-02
1.359413430037134731e+03	2.280203617405119898e-01	1.447357682185813343e-01	2.654770014398642464e-01	1.656490019966931071e-01	7.794770863482398948e-02	3.331125124691572403e-02	8.485890672241191979e-02
1.364251200250789907e+03	2.274706424064769639e-01	1.443659569385226382e-01	2.658281073747155165e-01	1.658947257379273232e-01	7.805195233787198816e-02	3.337845128166164188e-02	8.501016392262629451e-02
1.369088970464445310e+03	2.269240979449917428e-01	1.439982217306367274e-01	2.661771414494243371e-01	1.661390325758354825e-01	7.815564008723846490e-02	3.344533951586559778e-02	8.516052669580996548e-02
1.373926740678100487e+03	2.263807099719978844e-01	1.436325509408050705e-01	2.665241168755995704e-01	1.663819303467601596e-01	7.825877436518544061e-02	3.351191707746421083e-02	8.531000042198992606e-02
1.378764510891755890e+03	2.258404602116916848e-01	1.432689329794118449e-01	2.668690467624363905e-01	1.666234268473567315e-01	7.836135765209495396e-02	3.357818509467474372e-02	8.545859045213592686e-02
1.383602281105411066e+03	2.253033304958494687e-01	1.429073563210045139e-01	2.672119441178934518e-01	1.668635298347563023e-01	7.846339242625598176e-02	3.364414469591103102e-02	8.560630210813156837e-02
1.388440051319066470e+03	2.247693027631581242e-01	1.425478095039558468e-01	2.675528218498485211e-01	1.671022470267280458e-01	7.856488116365695218e-02	3.370979700970121867e-02	8.575314068275363688e-02
1.393277821532721646e+03	2.242383590585503572e-01	1.421902811301274938e-01	2.678916927672332915e-01	1.673395861018410757e-01	7.866582633778364253e-02	3.377514316460717564e-02	8.589911143965932305e-02
1.398115591746377049e+03	2.237104815325450524e-01	1.418347598645349761e-01	2.682285695811472692e-01	1.675755546996258727e-01	7.876623041942250325e-02	3.384018428914564031e-02	8.604421961338103164e-02
1.402953361960032225e+03	2.231856524405922970e-01	1.414812344350142859e-01	2.685634649059520651e-01	1.678101604207350717e-01	7.886609587646919994e-02	3.390492151171097673e-02	8.618847040932849091e-02
1.407791132173687402e+03	2.226638541424231510e-01	1.411296936318897077e-01	2.688963912603459239e-01	1.680434108271039451e-01	7.896542517374215142e-02	3.396935596049963785e-02	8.633186900379782869e-02
1.412628902387342805e+03	2.221450691014043577e-01	1.407801263076436105e-01	2.692273610684193796e-01	1.682753134421103580e-01	7.906422077280116090e-02	3.403348876343609969e-02	8.647442054398735145e-02
1.417466672600997981e+03	2.216292798838975231e-01	1.404325213765870994e-01	2.695563866606923709e-01	1.685058757507342797e-01	7.916248513177082113e-02	3.409732104810044712e-02	8.661613014801973487e-02
1.422304442814653157e+03	2.211164691586229580e-01	1.400868678145327506e-01	2.698834802751330364e-01	1.687351051997168505e-01	7.926022070516879070e-02	3.416085394165747913e-02	8.675700290497044553e-02
1.427142213028308333e+03	2.206066196960282111e-01	1.397431546584683437e-01	2.702086540581588592e-01	1.689630091977189774e-01	7.935742994373858050e-02	3.422408857078726441e-02	8.689704387490199133e-02
1.431979983241963964e+03	2.200997143676610979e-01	1.394013710062323164e-01	2.705319200656209899e-01	1.691895951154797351e-01	7.945411529428703101e-02	3.428702606161720262e-02	8.703625808890388948e-02
1.436817753455619140e+03	2.195957361455470602e-01	1.390615060161906613e-01	2.708532902637708073e-01	1.694148702859739897e-01	7.955027919952613324e-02	3.434966753965552899e-02	8.717465054913803302e-02
1.441655523669274316e+03	2.190946681015711328e-01	1.387235489069154337e-01	2.711727765302110460e-01	1.696388420045698564e-01	7.964592409791926286e-02	3.441201412972622053e-02	8.731222622888926144e-02
1.446493293882929493e+03	2.185964934068643228e-01	1.383874889568643685e-01	2.714903906548300494e-01	1.698615175291857959e-01	7.974105242353159151e-02	3.447406695590523457e-02	8.744899007262087187e-02
