4.934525617928388783e+02	4.013888984936015980e-01	2.594733497003605671e-01	1.467156498933777087e-01	8.985079540838351864e-02	4.866326032529803142e-02	1.539619007938103877e-02	3.851185609939420523e-02
5.079658724338048046e+02	3.967367840445358285e-01	2.564542004453934099e-01	1.503191667314846824e-01	9.181617126144141217e-02	4.930323871611499292e-02	1.578654888429079084e-02	3.958388991653559452e-02
5.224791830747705035e+02	3.921673101938634720e-01	2.534848536494714866e-01	1.538204042977721342e-01	9.375246261951110383e-02	4.994307231155430127e-02	1.617535885241943444e-02	4.065653807520473728e-02
5.369924937157364866e+02	3.876788419393797369e-01	2.505645430151338671e-01	1.572243605817708889e-01	9.565983021386492702e-02	5.058204601238441844e-02	1.656239582955469636e-02	4.172798240770809325e-02
5.515058043567023560e+02	3.832697898051976027e-01	2.476925095920217146e-01	1.605356809799538265e-01	9.753845804421137911e-02	5.121950918954620152e-02	1.694745559547373992e-02	4.279659679339210127e-02
5.660191149976681118e+02	3.789386076249863788e-01	2.448680020933242663e-01	1.637586866297303101e-01	9.938855087635725671e-02	5.185487051787689844e-02	1.733035231082872066e-02	4.386092994669276574e-02
5.805324256386339812e+02	3.746837904828430599e-01	2.420902771710811141e-01	1.668974003829301889e-01	1.012103319570722970e-01	5.248759322735144922e-02	1.771091708853976890e-02	4.491968968997869099e-02
5.950457362795999643e+02	3.705038727990498937e-01	2.393585996540024408e-01	1.699555706174527281e-01	1.030040409278219354e-01	5.311719073744409353e-02	1.808899667942722236e-02	4.597172858459826900e-02
6.095590469205657200e+02	3.663974265490356763e-01	2.366722427511571969e-01	1.729366930689779092e-01	1.047699319205795954e-01	5.374322264308410702e-02	1.846445226267412476e-02	4.701603080428795600e-02
6.240723575615315895e+02	3.623630596048353358e-01	2.340304882245964335e-01	1.758440308492804083e-01	1.065082718203446410e-01	5.436529102330879548e-02	1.883715833249706775e-02	4.805170014493392178e-02
6.385856682024975726e+02	3.583994141892342111e-01	2.314326265337177946e-01	1.786806328036255609e-01	1.082193386802877688e-01	5.498303704612537979e-02	1.920700167312399190e-02	4.907794907368186188e-02
6.530989788434633283e+02	3.545051654336034419e-01	2.288779569539401149e-01	1.814493503468561642e-01	1.099034202766312474e-01	5.559613784529963965e-02	1.957388041483763483e-02	5.009408872862838175e-02
6.676122894844290840e+02	3.506790200311793448e-01	2.263657876720377160e-01	1.841528529059950348e-01	1.115608127914580056e-01	5.620430364681020668e-02	1.993770316444773080e-02	5.109951978786853727e-02
6.821256001253949535e+02	3.469197149782294876e-01	2.238954358602855133e-01	1.867936420864013403e-01	1.131918196126376064e-01	5.680727512455857608e-02	2.029838820410870270e-02	5.209372413357542947e-02
6.966389107663608229e+02	3.432260163961719512e-01	2.214662277313820815e-01	1.893740646686430662e-01	1.147967502409675961e-01	5.740482096662108402e-02	2.065586275290654319e-02	5.307625724310433696e-02
7.111522214073266923e+02	3.395967184282948081e-01	2.190774985759511295e-01	1.918963245342076296e-01	1.163759192954624683e-01	5.799673563488279282e-02	2.101006228610306434e-02	5.404674124489478038e-02
7.256655320482924481e+02	3.360306422052449227e-01	2.167285927842680648e-01	1.943624936098950484e-01	1.179296456084861500e-01	5.858283730231678837e-02	2.136092990735103531e-02	5.500485858223469471e-02
7.401788426892584312e+02	3.325266348739419620e-01	2.144188638537176672e-01	1.967745219131618872e-01	1.194582514031220927e-01	5.916296595347665666e-02	2.170841576958330507e-02	5.595034623279313002e-02
7.546921533302243006e+02	3.290835686850131503e-01	2.121476743833610179e-01	1.991342467737463873e-01	1.209620615458159298e-01	5.973698163496489466e-02	2.205247654063602000e-02	5.688299043625921758e-02
7.692054639711900563e+02	3.257003401342505877e-01	2.099143960568711498e-01	2.014434013005549362e-01	1.224414028679112892e-01	6.030476284373505191e-02	2.239307490999282654e-02	5.780262188648088023e-02
7.837187746121558121e+02	3.223758691539623800e-01	2.077184096149895520e-01	2.037036221569750449e-01	1.238966035502360036e-01	6.086620504208872101e-02	2.273017913333662265e-02	5.870911134820834543e-02
7.982320852531219089e+02	3.191090983504318301e-01	2.055591048185569092e-01	2.059164567024584780e-01	1.253279925653876803e-01	6.142121928914796858e-02	2.306376261186961901e-02	5.960236566194413582e-02
8.127453958940876646e+02	3.158989922840058084e-01	2.034358804030804713e-01	2.080833695533426397e-01	1.267358991728173012e-01	6.196973097942652664e-02	2.339380350361402669e-02	6.048232410350987825e-02
8.272587065350534203e+02	3.127445367886222960e-01	2.013481440257180732e-01	2.102057486114188301e-01	1.281206524622217624e-01	6.251167867989508575e-02	2.372028436413581298e-02	6.134895506778478835e-02
8.417720171760191761e+02	3.096447383278469467e-01	1.992953122054831605e-01	2.122849106046694190e-01	1.294825809411337125e-01	6.304701305764406905e-02	2.404319181434507943e-02	6.220225304867422339e-02
8.562853278169851592e+02	3.065986233847272646e-01	1.972768102574047611e-01	2.143221061808572858e-01	1.308220121629428134e-01	6.357569589089580309e-02	2.436251623321998225e-02	6.304223588974865178e-02
8.707986384579510286e+02	3.036052378829940945e-01	1.952920722213135896e-01	2.163185245912257193e-01	1.321392723918984047e-01	6.409769915671281737e-02	2.467825147347819936e-02	6.386894228217376845e-02
8.853119490989170117e+02	3.006636466373389660e-01	1.933405407858670710e-01	2.182752979984329544e-01	1.334346863019341412e-01	6.461300418929391554e-02	2.499039459838235319e-02	6.468242948854723007e-02
8.998252597398827675e+02	2.977729328306816248e-01	1.914216672083722259e-01	2.201935054399750125e-01	1.347085767064205020e-01	6.512160090324964345e-02	2.529894563801461660e-02	6.548277127308300971e-02
9.143385703808486369e+02	2.949321975165106191e-01	1.895349112309169248e-01	2.220741764757214465e-01	1.359612643161939305e-01	6.562348707670677406e-02	2.560390736349198865e-02	6.627005602025483333e-02
9.288518810218145063e+02	2.921405591445336292e-01	1.876797409932752236e-01	2.239182945457845464e-01	1.371930675234339370e-01	6.611866768951156492e-02	2.590528507771885230e-02	6.704438502553873580e-02
9.433651916627801484e+02	2.893971531080165027e-01	1.858556329430112453e-01	2.257268000627367932e-01	1.384043022091641373e-01	6.660715431218669491e-02	2.620308642138781396e-02	6.780587094329325326e-02
9.578785023037459041e+02	2.867011313113208004e-01	1.840620717431687980e-01	2.275005932601765757e-01	1.395952815723392193e-01	6.708896454165028111e-02	2.649732119304501823e-02	6.855463637809572353e-02
9.723918129447120009e+02	2.840516617562670598e-01	1.822985501778995598e-01	2.292405368177934111e-01	1.407663159786513851e-01	6.756412148002891027e-02	2.678800118213224210e-02	6.929081260702391054e-02
9.869051235856777566e+02	2.814479281460615101e-01	1.805645690563508765e-01	2.309474582813935417e-01	1.419177128273462762e-01	6.803265325319401979e-02	2.707514001400642897e-02	7.001453842144383932e-02
1.001418434226643626e+03	2.788891295056238340e-01	1.788596371151059961e-01	2.326221522947979070e-01	1.430497764344823841e-01	6.849459256592363432e-02	2.735875300601823060e-02	7.072595907784452740e-02
1.015931744867609382e+03	2.763744798172448891e-01	1.771832709194422761e-01	2.342653826591066801e-01	1.441628079311985944e-01	6.894997629084109736e-02	2.763885703380529468e-02	7.142522534815770596e-02
1.030445055508575479e+03	2.739032076705880114e-01	1.755349947636497820e-01	2.358778842335256531e-01	1.452571051756759990e-01	6.939884508851208722e-02	2.791547040702413440e-02	7.211249266082082887e-02
1.044958366149541234e+03	2.714745559261249053e-01	1.739143405706298495e-01	2.374603646907613164e-01	1.463329626775896619e-01	6.984124305629176022e-02	2.818861275380678613e-02	7.278792032459223404e-02
1.059471676790506763e+03	2.690877813911669580e-01	1.723208477909729808e-01	2.390135061389022930e-01	1.473906715339474427e-01	7.027721740370658499e-02	2.845830491328574241e-02	7.345167082781450807e-02
1.073984987431472746e+03	2.667421545077190981e-01	1.707540633016975395e-01	2.405379666207079215e-01	1.484305193753056307e-01	7.070681815233316458e-02	2.872456883558312593e-02	7.410390920644997770e-02
1.088498298072438729e+03	2.644369590514423773e-01	1.692135413048127257e-01	2.420343815003117016e-01	1.494527903214356579e-01	7.113009785829860210e-02	2.898742748870825406e-02	7.474480247478719475e-02
1.103011608713404712e+03	2.621714918410654183e-01	1.676988432258546824e-01	2.435033647465106865e-01	1.504577649455943189e-01	7.154711135567659586e-02	2.924690477185200657e-02	7.537451911324280496e-02
1.117524919354370468e+03	2.599450624576363778e-01	1.662095376125300172e-01	2.449455101210474550e-01	1.514457202466208408e-01	7.195791551919039630e-02	2.950302543460683186e-02	7.599322860816454250e-02
1.132038229995336451e+03	2.577569929730527121e-01	1.647452000335878353e-01	2.463613922795879208e-01	1.524169296281494557e-01	7.236256904475953100e-02	2.975581500167859966e-02	7.660110103898035150e-02
1.146551540636302207e+03	2.556066176873473261e-01	1.633054129780296959e-01	2.477515677924581328e-01	1.533716628842859975e-01	7.276113224654315315e-02	3.000529970269061319e-02	7.719830670844149423e-02
1.161064851277267962e+03	2.534932828742501032e-01	1.618897657547560265e-01	2.491165760916133065e-01	1.543101861911515826e-01	7.315366686923860384e-02	3.025150640671144323e-02	7.778501581207537818e-02
1.175578161918233945e+03	2.514163465345787829e-01	1.604978543927373935e-01	2.504569403497744484e-01	1.552327621037470906e-01	7.354023591449160291e-02	3.049446256116708151e-02	7.836139814330003728e-02
1.190091472559199701e+03	2.493751781570453518e-01	1.591292815417903184e-01	2.517731682971743878e-01	1.561396495576374832e-01	7.392090348036389758e-02	3.073419613482432367e-02	7.892762283096065035e-02
1.204604783200165684e+03	2.473691584860954196e-01	1.577836563740279974e-01	2.530657529809021700e-01	1.570311038749980515e-01	7.429573461288670189e-02	3.097073556455664720e-02	7.948385810632940807e-02
1.219118093841131440e+03	2.453976792964245035e-01	1.564605944860502640e-01	2.543351734714220935e-01	1.579073767746022317e-01	7.466479516880371314e-02	3.120410970562604441e-02	8.003027109686756957e-02
1.233631404482097196e+03	2.434601431738415145e-01	1.551597178019283596e-01	2.555818955204633980e-01	1.587687163853669925e-01	7.502815168867706108e-02	3.143434778523492013e-02	8.056702764428419483e-02
1.248144715123063179e+03	2.415559633021726604e-01	1.538806544770352780e-01	2.568063721741294381e-01	1.596153672631036857e-01	7.538587127959382739e-02	3.166147935912084349e-02	8.109429214464072833e-02
1.262658025764028707e+03	2.396845632559205241e-01	1.526230388027654816e-01	2.580090443447569659e-01	1.604475704101521738e-01	7.573802150676889333e-02	3.188553427098440862e-02	8.161222740844800705e-02
1.277171336404994690e+03	2.378453767984128608e-01	1.513865111121830698e-01	2.591903413447648741e-01	1.612655632976033870e-01	7.608467029339457954e-02	3.210654261455619940e-02	8.212099453888158096e-02
1.291684647045960673e+03	2.360378476851940355e-01	1.501707176866325655e-01	2.603506813854635227e-01	1.620695798898399431e-01	7.642588582813679421e-02	3.232453469812370667e-02	8.262075282640599094e-02
1.306197957686926657e+03	2.342614294724283119e-01	1.489753106633418811e-01	2.614904720435531349e-01	1.628598506711485261e-01	7.676173647972348024e-02	3.253954101135228538e-02	8.311165965824883484e-02
1.320711268327892412e+03	2.325155853301005549e-01	1.477999479440427755e-01	2.626101106978128708e-01	1.636366026741770674e-01	7.709229071811324330e-02	3.275159219424675361e-02	8.359387044130314748e-02
1.335224578968857941e+03	2.307997878598126718e-01	1.466442931046312570e-01	2.637099849382784633e-01	1.644000595100304773e-01	7.741761704177030357e-02	3.296071900811160110e-02	8.406753853716165958e-02
1.349737889609823924e+03	2.291135189169886954e-01	1.455080153058859738e-01	2.647904729500177301e-01	1.651504413998156340e-01	7.773778391060832960e-02	3.316695230837827385e-02	8.453281520810185246e-02
1.364251200250789907e+03	2.274562694373124250e-01	1.443907892052601061e-01	2.658519438734406326e-01	1.658879652074624622e-01	7.805285968419806153e-02	3.337032301917750715e-02	8.498984957294523912e-02
1.378764510891755890e+03	2.258275392672334791e-01	1.432922948697596954e-01	2.668947581429220728e-01	1.666128444736631187e-01	7.836291256486398182e-02	3.357086210954385308e-02	8.543878857181025355e-02
1.393277821532721646e+03	2.242268369983867748e-01	1.422122176899181245e-01	2.679192678053705645e-01	1.673252894507845645e-01	7.866801054532326920e-02	3.376860057114746544e-02	8.587977693886569841e-02
1.407791132173687402e+03	2.226536798057812405e-01	1.411502482948746029e-01	2.689258168202448007e-01	1.680255071386224652e-01	7.896822136054594543e-02	3.396356939745583114e-02	8.631295718227161018e-02
1.422304442814653157e+03	2.211075932896212626e-01	1.401060824685628203e-01	2.699147413423951813e-01	1.687137013208757641e-01	7.926361244353863356e-02	3.415579956423524244e-02	8.673846957056763340e-02
1.436817753455619140e+03	2.195881113206329949e-01	1.390794210670125708e-01	2.708863699889993426e-01	1.693900726022316561e-01	7.955425088477650897e-02	3.434532201130790358e-02	8.715645212483558169e-02
1.451331064096585123e+03	2.180947758887749610e-01	1.380699699367672340e-01	2.718410240917557008e-01	1.700548184459604595e-01	7.984020339502770347e-02	3.453216762548676905e-02	8.756704061602374467e-02
1.465844374737550879e+03	2.166271369552191794e-01	1.370774398344171141e-01	2.727790179354060429e-01	1.707081332119286254e-01	8.012153627133358769e-02	3.471636722461554636e-02	8.797036856687651118e-02
1.480357685378516862e+03	2.151847523074956747e-01	1.361015463472476095e-01	2.737006589835730419e-01	1.713502081949460076e-01	8.039831536592491334e-02	3.489795154264626470e-02	8.836656725796313006e-02
1.494870996019482618e+03	2.137671874176988451e-01	1.351420098150002969e-01	2.746062480928180283e-01	1.719812316633714810e-01	8.067060605786999239e-02	3.507695121569157082e-02	8.875576573734640651e-02
1.509384306660448374e+03	2.123740153036601797e-01	1.341985552527427128e-01	2.754960797157537944e-01	1.726013888979071043e-01	8.093847322726561988e-02	3.525339676899316710e-02	8.913809083347398743e-02
1.523897617301414357e+03	2.110048163929958143e-01	1.332709122748433339e-01	2.763704420939793183e-01	1.732108622305177092e-01	8.120198123179490912e-02	3.542731860475173411e-02	8.951366717091381597e-02
1.538410927942380113e+03	2.096591783899436345e-01	1.323588150200451785e-01	2.772296174415428971e-01	1.738098310834184923e-01	8.146119388548862805e-02	3.559874699076740617e-02	8.988261718859041904e-02
1.552924238583346096e+03	2.083366961449074628e-01	1.314620020776326170e-01	2.780738821195856691e-01	1.743984720080782591e-01	8.171617443953842208e-02	3.576771204984318525e-02	9.024506116021101254e-02
1.567437549224311852e+03	2.070369715266313915e-01	1.305802164146838140e-01	2.789035068027635456e-01	1.749769587241908619e-01	8.196698556502055033e-02	3.593424374990691894e-02	9.060111721659958040e-02
1.581950859865277607e+03	2.057596132969296276e-01	1.297132053044009747e-01	2.797187566380011647e-01	1.755454621585718078e-01	8.221368933739893470e-02	3.609837189481029246e-02	9.095090136968388139e-02
1.596464170506243590e+03	2.045042369879019606e-01	1.288607202555102360e-01	2.805198913960871843e-01	1.761041504839410410e-01	8.245634722268550820e-02	3.626012611576590744e-02	9.129452753790483210e-02
1.610977481147209119e+03	2.032704647815676835e-01	1.280225169427220977e-01	2.813071656165803680e-01	1.766531891575566782e-01	8.269502006514387049e-02	3.641953586338627508e-02	9.163210757283979380e-02
1.625490791788175102e+03	2.020579253918535767e-01	1.271983551382429856e-01	2.820808287464600661e-01	1.771927409596675551e-01	8.292976807643057113e-02	3.657663040029051488e-02	9.196375128685153888e-02
1.640004102429141085e+03	2.008662539488751120e-01	1.263879986443281200e-01	2.828411252729216563e-01	1.777229660317563575e-01	8.316065082607528025e-02	3.673143879424693031e-02	9.228956648159333809e-02
1.654517413070107068e+03	1.996950918854520640e-01	1.255912152268651716e-01	2.835882948506859291e-01	1.782440219145469684e-01	8.338772723320794777e-02	3.688398991182158249e-02	9.260965897721716578e-02
1.669030723711072824e+03	1.985440868258026570e-01	1.248077765499786690e-01	2.843225724241634778e-01	1.787560635857527724e-01	8.361105555944720047e-02	3.703431241250468298e-02	9.292413264214746671e-02
1.683544034352038352e+03	1.974128924763620119e-01	1.240374581116437114e-01	2.850441883447903391e-01	1.792592434975454618e-01	8.383069340287006843e-02	3.718243474328860459e-02	9.323308942329677773e-02
1.698057344993004335e+03	1.963011685186737409e-01	1.232800391802982148e-01	2.857533684838261534e-01	1.797537116137253865e-01	8.404669769298846183e-02	3.732838513367265493e-02	9.353662937661236243e-02
1.712570655633970318e+03	1.952085805043050626e-01	1.225353027324423139e-01	2.864503343408845715e-01	1.802396154465767675e-01	8.425912468666275912e-02	3.747219159107129799e-02	9.383485069785414689e-02
1.727083966274936301e+03	1.941347997517373358e-01	1.218030353912132324e-01	2.871353031484461527e-01	1.807171000933932847e-01	8.446802996488760040e-02	3.761388189660405668e-02	9.412784975351524974e-02
1.741597276915902057e+03	1.930795032451866344e-01	1.210830273659241479e-01	2.878084879725845147e-01	1.811863082726607177e-01	8.467346843038903170e-02	3.775348360124639729e-02	9.441572111180543403e-02
1.756110587556867813e+03	1.920423735353098127e-01	1.203750723925553351e-01	2.884700978101209512e-01	1.816473803598852299e-01	8.487549430597646216e-02	3.789102402232213257e-02	9.469855757362691251e-02
1.770623898197833569e+03	1.910230986417536525e-01	1.196789676751853770e-01	2.891203376824056925e-01	1.821004544230572786e-01	8.507416113359626830e-02	3.802653024031917711e-02	9.497645020347936229e-02
1.785137208838799552e+03	1.900213719575058746e-01	1.189945138283508980e-01	2.897594087259104390e-01	1.825456662577422673e-01	8.526952177403759880e-02	3.816002909601128035e-02	9.524948836023847121e-02
1.799650519479765535e+03	1.890368921550080461e-01	1.183215148203224654e-01	2.903875082798035301e-01	1.829831494217904753e-01	8.546162840724398635e-02	3.829154718786949296e-02	9.551775972775873591e-02
1.814163830120731291e+03	1.880693630939925809e-01	1.176597779172849773e-01	2.910048299706671782e-01	1.834130352696597133e-01	8.565053253318739845e-02	3.842111086974797640e-02	9.578135034525693536e-02
1.828677140761696819e+03	1.871184937310058916e-01	1.170091136284099886e-01	2.916115637945037031e-01	1.838354529863451270e-01	8.583628497326419027e-02	3.854874624882962536e-02	9.604034463743825467e-02
1.843190451402663257e+03	1.861839980305825260e-01	1.163693356518085420e-01	2.922078961961693810e-01	1.842505296209120125e-01	8.601893587217489257e-02	3.867447918381778510e-02	9.629482544433159985e-02
1.857703762043628785e+03	1.852655948780347617e-01	1.157402608213518869e-01	2.927940101463638589e-01	1.846583901196274802e-01	8.619853470025240494e-02	3.879833528336101151e-02	9.654487405080532103e-02
1.872217072684594768e+03	1.843630079938243793e-01	1.151217090543484450e-01	2.933700852162938744e-01	1.850591573586881922e-01	8.637513025620509322e-02	3.892033990469864757e-02	9.679057021573815589e-02
1.886730383325560297e+03	1.834759658494834467e-01	1.145135033000648089e-01	2.939362976501231906e-01	1.854529521765420075e-01	8.654877067024380199e-02	3.904051815251554508e-02	9.703199220082402154e-02
1.901243693966526507e+03	1.826042015850527500e-01	1.139154694890790603e-01	2.944928204353126633e-01	1.858398934058018981e-01	8.671950340756336140e-02	3.915889487799480151e-02	9.726921679899226680e-02
1.915757004607492036e+03	1.817474529280064255e-01	1.133274364834543635e-01	2.950398233709470852e-01	1.862200979047511917e-01	8.688737527215135981e-02	3.927549467805823563e-02	9.750231936242821640e-02
1.930270315248458019e+03	1.809054621136333696e-01	1.127492360277211197e-01	2.955774731341392347e-01	1.865936805884393646e-01	8.705243241089827277e-02	3.939034189478448494e-02	9.773137383018103141e-02
1.944783625889424002e+03	1.800779758068457859e-01	1.121807027006558599e-01	2.961059333445970609e-01	1.869607544593690218e-01	8.721472031798507829e-02	3.950346061499548922e-02	9.795645275534864416e-02
1.959296936530389530e+03	1.792647450253865293e-01	1.116216738678453696e-01	2.966253646274319977e-01	1.873214306377737615e-01	8.737428383952568212e-02	3.961487467000226331e-02	9.817762733183127422e-02
1.973810247171355968e+03	1.784655250644078539e-01	1.110719896350243485e-01	2.971359246742842353e-01	1.876758183914884748e-01	8.753116717844296180e-02	3.972460763550160479e-02	9.839496742064737789e-02
1.988323557812321269e+03	1.776800754223943346e-01	1.105314928021751963e-01	2.976377683028333387e-01	1.880240251654128614e-01	8.768541389955852861e-02	3.983268283161554152e-02	9.860854157580706270e-02
2.002836868453287707e+03	1.769081597284038465e-01	1.100000288183786701e-01	2.981310475147608829e-01	1.883661566105700180e-01	8.783706693487770834e-02	3.993912332306596286e-02	9.881841706973977513e-02
2.017350179094252780e+03	1.761495456706011487e-01	1.094774457374038390e-01	2.986159115522263874e-01	1.887023166127616558e-01	8.798616858905214388e-02	4.004395191947712762e-02	9.902465991827465175e-02
2.031863489735218764e+03	1.754040049260589540e-01	1.089635941740265401e-01	2.990925069529137836e-01	1.890326073208226099e-01	8.813276054500356060e-02	4.014719117579899216e-02	9.922733490517257615e-02
2.046376800376184747e+03	1.746713130918020884e-01	1.084583272610650517e-01	2.995609776037044814e-01	1.893571291744764185e-01	8.827688386969352596e-02	4.024886339284495379e-02	9.942650560621052458e-02
2.060890111017150957e+03	1.739512496170715905e-01	1.079615006071221739e-01	3.000214647930266598e-01	1.896759809317950241e-01	8.841857902002447922e-02	4.034899061793756347e-02	9.962223441281953251e-02
2.075403421658116713e+03	1.732435977367845492e-01	1.074729722550227667e-01	3.004741072619308007e-01	1.899892596962654001e-01	8.855788584885875003e-02	4.044759464565627488e-02	9.981458255527853041e-02
2.089916732299082469e+03	1.725481444061681136e-01	1.069926026409362546e-01	3.009190412539358706e-01	1.902970609434658233e-01	8.869484361114263193e-02	4.054469701868159554e-02	1.000036101254668797e-01
2.104430042940048224e+03	1.718646802365448312e-01	1.065202545541732715e-01	3.013564005636906185e-01	1.905994785473552888e-01	8.882949097012372841e-02	4.064031902873006807e-02	1.001893760991793836e-01
2.118943353581013525e+03	1.711929994322480275e-01	1.060557930976462476e-01	3.017863165844906770e-01	1.908966048061791487e-01	8.896186600365038610e-02	4.073448171757504399e-02	1.003719383580077007e-01
2.133456664221980191e+03	1.705328997286462145e-01	1.055990856489833346e-01	3.022089183546892155e-01	1.911885304679946385e-01	8.909200621054258473e-02	4.082720587814822610e-02	1.005513537107930316e-01
2.147969974862945492e+03	1.698841823312555732e-01	1.051500018222857880e-01	3.026243326030393366e-01	1.914753447558196764e-01	8.921994851702462481e-02	4.091851205571727518e-02	1.007276779146550200e-01
2.162483285503912157e+03	1.692466518559204436e-01	1.047084134305183434e-01	3.030326837930022443e-01	1.917571353924085731e-01	8.934572928321023177e-02	4.100842054913507451e-02	1.009009656956023626e-01
2.176996596144877003e+03	1.686201162700423917e-01	1.042741944485230804e-01	3.034340941660546576e-01	1.920339886246585637e-01	8.946938430963155553e-02	4.109695141215625319e-02	1.010712707687308476e-01
2.191509906785843214e+03	1.680043868348379821e-01	1.038472209766464760e-01	3.038286837840262211e-01	1.923059892476510491e-01	8.959094884380387758e-02	4.118412445481691581e-02	1.012386458580148696e-01
2.206023217426809424e+03	1.673992780486069087e-01	1.034273712049702670e-01	3.042165705704982237e-01	1.925732206283310155e-01	8.971045758681850391e-02	4.126995924487376899e-02	1.014031427156986687e-01
2.220536528067775180e+03	1.668046075909914716e-01	1.030145253781365317e-01	3.045978703512911556e-01	1.928357647288292120e-01	8.982794469995661335e-02	4.135447510929875226e-02	1.015648121412936200e-01
2.235049838708740936e+03	1.662201962682096912e-01	1.026085657607573448e-01	3.049726968940682514e-01	1.930937021294305278e-01	8.994344381131755273e-02	4.143769113582577296e-02	1.017237040001881671e-01
2.249563149349706237e+03	1.656458679592440753e-01	1.022093766033999179e-01	3.053411619470818850e-01	1.933471120511930375e-01	9.005698802245522272e-02	4.151962617454604820e-02	1.018798672418771284e-01
2.264076459990672902e+03	1.650814495629688849e-01	1.018168441091378690e-01	3.057033752770862978e-01	1.935960723782214621e-01	9.016860991501685074e-02	4.160029883954886182e-02	1.020333499178170816e-01
2.278589770631638203e+03	1.645267709461984695e-01	1.014308564006596580e-01	3.060594447064420298e-01	1.938406596795995140e-01	9.027834155737855804e-02	4.167972751060462777e-02	1.021841991989144299e-01
2.293103081272604413e+03	1.639816648926407661e-01	1.010513034879252092e-01	3.064094761494329244e-01	1.940809492309849005e-01	9.038621451127280826e-02	4.175793033488730405e-02	1.023324613926533816e-01
2.307616391913570169e+03	1.634459670527387554e-01	1.006780772363618515e-01	3.067535736478191888e-01	1.943170150358712045e-01	9.049225983840276932e-02	4.183492522873330510e-02	1.024781819598702820e-01
2.322129702554535925e+03	1.629195158943842481e-01	1.003110713355910427e-01	3.070918394056458278e-01	1.945489298465211403e-01	9.059650810703942514e-02	4.191072987943426226e-02	1.026214055311814449e-01
2.336643013195502135e+03	1.624021526544886518e-01	9.995018126867714903e-02	3.074243738233274903e-01	1.947767651845749293e-01	9.069898939859699638e-02	4.198536174706107849e-02	1.027621759230710752e-01
2.351156323836467891e+03	1.618937212913948709e-01	9.959530428188995144e-02	3.077512755310286563e-01	1.950005913613379882e-01	9.079973331418307592e-02	4.205883806631664779e-02	1.029005361536461938e-01
2.365669634477433647e+03	1.613940684381153512e-01	9.924633935497242931e-02	3.080726414213568742e-01	1.952204774977523705e-01	9.089876898111987069e-02	4.213117584841517826e-02	1.030365284580653101e-01
2.380182945118399402e+03	1.609030433563816143e-01	9.890318717190579867e-02	3.083885666813880322e-01	1.954364915440559292e-01	9.099612505943296958e-02	4.220239188298554461e-02	1.031701943036474889e-01
2.394696255759364703e+03	1.604204978914908764e-01	9.856575009216357597e-02	3.086991448240396507e-01	1.956487002991331714e-01	9.109182974830494495e-02	4.227250273999683811e-02	1.033015744046683476e-01
2.409209566400331823e+03	1.599462864279353191e-01	9.823393212244686812e-02	3.090044677188090172e-01	1.958571694295623000e-01	9.118591079249047104e-02	4.234152477170381734e-02	1.034307087368496331e-01
2.423722877041296670e+03	1.594802658458000510e-01	9.790763888889274236e-02	3.093046256218924261e-01	1.960619634883621343e-01	9.127839548869082220e-02	4.240947411461046257e-02	1.035576365515488290e-01
2.438236187682262880e+03	1.590222954779165199e-01	9.758677760974839022e-02	3.095997072056996813e-01	1.962631459334433504e-01	9.136931069188476695e-02	4.247636669144969068e-02	1.036823963896550266e-01
2.452749498323228636e+03	1.585722370677574433e-01	9.727125706850309195e-02	3.098897995877797906e-01	1.964607791457679276e-01	9.145868282161402629e-02	4.254221821317750313e-02	1.038050260951976084e-01
2.467262808964194392e+03	1.581299547280602957e-01	9.696098758747069557e-02	3.101749883591715107e-01	1.966549244472207414e-01	9.154653786822089523e-02	4.260704418097979729e-02	1.039255628286735039e-01
2.481776119605160602e+03	1.576953149001667498e-01	9.665588100181517206e-02	3.104553576121918401e-01	1.968456421181975502e-01	9.163290139903637610e-02	4.267085988829027315e-02	1.040440430800994714e-01
2.496289430246126358e+03	1.572681863140648895e-01	9.635585063401196082e-02	3.107309899676773957e-01	1.970329914149131501e-01	9.171779856451685309e-02	4.273368042281788098e-02	1.041605026817952612e-01
2.510802740887092114e+03	1.568484399491222869e-01	9.606081126873801390e-02	3.110019666016898277e-01	1.972170305864338613e-01	9.180125410432780908e-02	4.279552066858231807e-02	1.042749768209033506e-01
2.525316051528057415e+03	1.564359489954972593e-01	9.577067912818340578e-02	3.112683672716983208e-01	1.973978168914379827e-01	9.188329235337309997e-02	4.285639530795617297e-02	1.043875000516512469e-01
2.539829362169024080e+03	1.560305888162167309e-01	9.548537184777761144e-02	3.115302703422521691e-01	1.975754066147082932e-01	9.196393724776839862e-02	4.291631882371237799e-02	1.044981063073618655e-01
2.554342672809989381e+03	1.556322369099089054e-01	9.520480845232366651e-02	3.117877528101531404e-01	1.977498550833605706e-01	9.204321233075779540e-02	4.297530550107567932e-02	1.046068289122176476e-01
2.568855983450955591e+03	1.552407728741790616e-01	9.492890933253340935e-02	3.120408903291407299e-01	1.979212166828115682e-01	9.212114075857215367e-02	4.303336942977691038e-02	1.047137005927835235e-01
2.583369294091921347e+03	1.548560783696172616e-01	9.465759622195718537e-02	3.122897572341002403e-01	1.980895448724906416e-01	9.219774530622854014e-02	4.309052450610890983e-02	1.048187534892945499e-01
2.597882604732887103e+03	1.544780370844269501e-01	9.439079217430162982e-02	3.125344265648046793e-01	1.982548922012985493e-01	9.227304837326967546e-02	4.314678443498298072e-02	1.049220191667129126e-01
2.612395915373853313e+03	1.541065346996634833e-01	9.412842154112882609e-02	3.127749700892006879e-01	1.984173103228170920e-01	9.234707198944279438e-02	4.320216273198482920e-02	1.050235286255597200e-01
2.626909226014819069e+03	1.537414588550717054e-01	9.387040994993095522e-02	3.130114583262489369e-01	1.985768500102734757e-01	9.241983782031704120e-02	4.325667272542897679e-02	1.051233123125264179e-01
2.641422536655784825e+03	1.533826991155125552e-01	9.361668428257370611e-02	3.132439605683279837e-01	1.987335611712627848e-01	9.249136717283901188e-02	4.331032755841071613e-02	1.052214001308708069e-01
2.655935847296750580e+03	1.530301469379679591e-01	9.336717265410282574e-02	3.134725449032115807e-01	1.988874928622324512e-01	9.256168100082581840e-02	4.336314019085465987e-02	1.053178214506022975e-01
2.670449157937716336e+03	1.526836956391140476e-01	9.312180439190739789e-02	3.136972782356285960e-01	1.990386933027319671e-01	9.263079991039530059e-02	4.341512340155910532e-02	1.054126051184612195e-01
2.684962468578682547e+03	1.523432403634528143e-01	9.288051001523420225e-02	3.139182263084142610e-01	1.991872098894315046e-01	9.269874416533302464e-02	4.346628979023525741e-02	1.055057794676965560e-01
2.699475779219648302e+03	1.520086780519923630e-01	9.264322121504708907e-02	3.141354537232620148e-01	1.993330892099129392e-01	9.276553369239583235e-02	4.351665177954069236e-02	1.055973723276467796e-01
2.713989089860614058e+03	1.516799074114661139e-01	9.240987083422588788e-02	3.143490239610832182e-01	1.994763770562366922e-01	9.283118808655166365e-02	4.356622161710620167e-02	1.056874110331279260e-01
2.728502400501579814e+03	1.513568288840820009e-01	9.218039284809892431e-02	3.145589994019846181e-01	1.996171184382878327e-01	9.289572661615548566e-02	4.361501137755542656e-02	1.057759224336334014e-01
2.743015711142545115e+03	1.510393446177917820e-01	9.195472234530381594e-02	3.147654413448703337e-01	1.997553575969045203e-01	9.295916822806139790e-02	4.366303296451647109e-02	1.058629329023493687e-01
2.757529021783511780e+03	1.507273584370718289e-01	9.173279550897098233e-02	3.149684100266765263e-01	1.998911380167926188e-01	9.302153155267064988e-02	4.371029811262504283e-02	1.059484683449900405e-01
2.772042332424477081e+03	1.504207758142063756e-01	9.151454959822451218e-02	3.151679646412467450e-01	2.000245024392291460e-01	9.308283490891575140e-02	4.375681838951839958e-02	1.060325542084567391e-01
2.786555643065443292e+03	1.501195038410644833e-01	9.129992292999497550e-02	3.153641633578549430e-01	2.001554928745584161e-01	9.314309630918066185e-02	4.380260519781963013e-02	1.061152154893245381e-01
2.801068953706408593e+03	1.498234512013622288e-01	9.108885486113924013e-02	3.155570633393836033e-01	2.002841506144834027e-01	9.320233346415722486e-02	4.384766977711163083e-02	1.061964767421603589e-01
2.815582264347374803e+03	1.495325281434012887e-01	9.088128577086194981e-02	3.157467207601638570e-01	2.004105162441560672e-01	9.326056378763786237e-02	4.389202320590041007e-02	1.062763620876762405e-01
2.830095574988341014e+03	1.492466464532764270e-01	9.067715704343357053e-02	3.159331908234849773e-01	2.005346296540694573e-01	9.331780440124497200e-02	4.393567640356716569e-02	1.063548952207211268e-01
2.844608885629306769e+03	1.489657194285428365e-01	9.047641105120035609e-02	3.161165277787791328e-01	2.006565300517546280e-01	9.337407213909690307e-02	4.397864013230873281e-02	1.064320994181151003e-01
2.859122196270272525e+03	1.486896618523360081e-01	9.027899113788097341e-02	3.162967849384890062e-01	2.007762559732855778e-01	9.342938355241114934e-02	4.402092499906590239e-02	1.065079975463291279e-01
2.873635506911238281e+03	1.484183899679359930e-01	9.008484160214530467e-02	3.164740146946234955e-01	2.008938452945950026e-01	9.348375491404468940e-02	4.406254145743938172e-02	1.065826120690139128e-01
2.888148817552204036e+03	1.481518214537684008e-01	8.989390768147048627e-02	3.166482685350089921e-01	2.010093352426039759e-01	9.353720222297212672e-02	4.410349980959289706e-02	1.066559650543809357e-01
2.902662128193170247e+03	1.478898753988345804e-01	8.970613553626967385e-02	3.168195970592413424e-01	2.011227624061684149e-01	9.358974120870175439e-02	4.414381020814309164e-02	1.067280781824390540e-01
2.917175438834136003e+03	1.476324722785635757e-01	8.952147223428887080e-02	3.169880499943447671e-01	2.012341627468451077e-01	9.364138733562994699e-02	4.418348265803601765e-02	1.067989727520896742e-01
2.931688749475101758e+03	1.473795339310785268e-01	8.933986573526746244e-02	3.171536762101440088e-01	2.013435716094802708e-01	9.369215580733444848e-02	4.422252701840981987e-02	1.068686696880834924e-01
2.946202060116067514e+03	1.471309835338702465e-01	8.916126487585780691e-02	3.173165237343545386e-01	2.014510237326234132e-01	9.374206157080673674e-02	4.426095300444335412e-02	1.069371895478419959e-01
2.960715370757033725e+03	1.468867455808711142e-01	8.898561935479973317e-02	3.174766397673973173e-01	2.015565532587691444e-01	9.379111932062410284e-02	4.429877018919047005e-02	1.070045525281463072e-01
2.975228681397999480e+03	1.466467458599222118e-01	8.881287971834574135e-02	3.176340706969424943e-01	2.016601937444296722e-01	9.383934350306177841e-02	4.433598800539981233e-02	1.070707784716965066e-01
2.989741992038964781e+03	1.464109114306270110e-01	8.864299734593229785e-02	3.177888621121886525e-01	2.017619781700408232e-01	9.388674832014572147e-02	4.437261574731977964e-02	1.071358868735439590e-01
3.004255302679930992e+03	1.461791706025847848e-01	8.847592443609356150e-02	3.179410588178812613e-01	2.018619389497041117e-01	9.393334773364642176e-02	4.440866257248854421e-02	1.071998968873995040e-01
3.018768613320896748e+03	1.459514529139974148e-01	8.831161399261322487e-02	3.180907048480768884e-01	2.019601079407673527e-01	9.397915546901433603e-02	4.444413750350890285e-02	1.072628273318201042e-01
3.033281923961862958e+03	1.457276891106428496e-01	8.815001981091045991e-02	3.182378434796567790e-01	2.020565164532465707e-01	9.402418501925743910e-02	4.447904942980776544e-02	1.073246966962763949e-01
3.047795234602828714e+03	1.455078111252090522e-01	8.799109646465611001e-02	3.183825172455960750e-01	2.021511952590915873e-01	9.406844964876134862e-02	4.451340710938022499e-02	1.073855231471038535e-01
3.062308545243794470e+03	1.452917520569824428e-01	8.783479929261517327e-02	3.185247679479919491e-01	2.022441746012980657e-01	9.411196239705275912e-02	4.454721917051793212e-02	1.074453245333399504e-01
3.076821855884760225e+03	1.450794461518840894e-01	8.768108438571195484e-02	3.186646366708564271e-01	2.023354842028678435e-01	9.415473608250665705e-02	4.458049411352172503e-02	1.075041183924495825e-01
3.091335166525725526e+03	1.448708287828484043e-01	8.752990857431386384e-02	3.188021637926777840e-01	2.024251532756207728e-01	9.419678330599776106e-02	4.461324031239844584e-02	1.075619219559412476e-01
3.105848477166692192e+03	1.446658364305377920e-01	8.738122941573038538e-02	3.189373889987554556e-01	2.025132105288598161e-01	9.423811645449692298e-02	4.464546601654172803e-02	1.076187521548762627e-01
3.120361787807657493e+03	1.444644066643878122e-01	8.723500518192356390e-02	3.190703512933119046e-01	2.025996841778921198e-01	9.427874770461301679e-02	4.467717935239676891e-02	1.076746256252730932e-01
3.134875098448624158e+03	1.442664781239772764e-01	8.709119484742634809e-02	3.192010890113873844e-01	2.026846019524081721e-01	9.431868902608095406e-02	4.470838832510896921e-02	1.077295587134091681e-01
3.149388409089589004e+03	1.440719905007172008e-01	8.694975807746534169e-02	3.193296398305195405e-01	2.027679911047214345e-01	9.435795218519624217e-02	4.473910082015636336e-02	1.077835674810221633e-01
3.163901719730555214e+03	1.438808845198535635e-01	8.681065521628469894e-02	3.194560407822136239e-01	2.028498784178707215e-01	9.439654874819697339e-02	4.476932460496581279e-02	1.078366677104128785e-01
3.178415030371521425e+03	1.436931019227783435e-01	8.667384727566736224e-02	3.195803282632069253e-01	2.029302902135873277e-01	9.443449008459364746e-02	4.479906733051293444e-02	1.078888749094517180e-01
3.192928341012487181e+03	1.435085854496433722e-01	8.653929592365074142e-02	3.197025380465308153e-01	2.030092523601294552e-01	9.447178737044734098e-02	4.482833653290565351e-02	1.079402043164909147e-01
3.207441651653452936e+03	1.433272788222719751e-01	8.640696347343330974e-02	3.198227052923746094e-01	2.030867902799856628e-01	9.450845159159720899e-02	4.485713963495147755e-02	1.079906709051840635e-01
3.221954962294418237e+03	1.431491267273632129e-01	8.627681287246895259e-02	3.199408645587551447e-01	2.031629289574499175e-01	9.454449354683747142e-02	4.488548394770836697e-02	1.080402893892152827e-01
3.236468272935384903e+03	1.429740747999837802e-01	8.614880769174589059e-02	3.200570498119952867e-01	2.032376929460697201e-01	9.457992385104488364e-02	4.491337667201925066e-02	1.080890742269395577e-01
3.250981583576350204e+03	1.428020696073422913e-01	8.602291211524713821e-02	3.201712944370153635e-01	2.033111063759701631e-01	9.461475293825702404e-02	4.494082490003019348e-02	1.081370396259362238e-01
3.265494894217316414e+03	1.426330586328415917e-01	8.589909092958936121e-02	3.202836312474406366e-01	2.033831929610551426e-01	9.464899106470221757e-02	4.496783561669218804e-02	1.081841995474772250e-01
3.280008204858282170e+03	1.424669902604038529e-01	8.577730951383712166e-02	3.203940924955289704e-01	2.034539760060882496e-01	9.468264831178152541e-02	4.499441570124661921e-02	1.082305677109120512e-01
3.294521515499247926e+03	1.423038137590640906e-01	8.565753382948947114e-02	3.205027098819209219e-01	2.035234784136550346e-01	9.471573458900361953e-02	4.502057192869443614e-02	1.082761575979708235e-01
3.309034826140214136e+03	1.421434792678272219e-01	8.553973041063625549e-02	3.206095145652168021e-01	2.035917226910087807e-01	9.474825963687294461e-02	4.504631097124901784e-02	1.083209824569873747e-01
3.323548136781179892e+03	1.419859377807844714e-01	8.542386635428099451e-02	3.207145371713829296e-01	2.036587309568013981e-01	9.478023302973191677e-02	4.507163939977282957e-02	1.083650553070438088e-01
3.338061447422145648e+03	1.418311411324842675e-01	8.530990931082751971e-02	3.208178078029910729e-01	2.037245249477016851e-01	9.481166417855779738e-02	4.509656368519784214e-02	1.084083889420381502e-01
3.352574758063111403e+03	1.416790419835536607e-01	8.519782747472785800e-02	3.209193560482933583e-01	2.037891260249024006e-01	9.484256233371464451e-02	4.512109019992986692e-02	1.084509959346765806e-01
3.367088068704076704e+03	1.415295938065654624e-01	8.508758957528832212e-02	3.210192109901364721e-01	2.038525551805183689e-01	9.487293658766118853e-02	4.514522521923668846e-02	1.084928886403919018e-01
3.381601379345043824e+03	1.413827508721476056e-01	8.497916486763142097e-02	3.211174012147174350e-01	2.039148330438769474e-01	9.490279587761513147e-02	4.516897492262033492e-02	1.085340792011895567e-01
