4.982903320064942250e+02	3.996358430704168851e-01	2.586354825742400720e-01	1.477237598549988318e-01	9.077302735652223453e-02	4.875053188367615281e-02	1.558725700154683577e-02	3.889409825839287155e-02
5.031281022201495148e+02	3.980863827505234376e-01	2.576275975086712022e-01	1.489352504552802492e-01	9.142570289752283141e-02	4.896622586705134950e-02	1.571517693915662137e-02	3.924366358158828949e-02
5.079658724338048046e+02	3.965461841760596906e-01	2.566252842442011128e-01	1.501346349835693261e-01	9.207516405598624443e-02	4.918190687729945276e-02	1.584298532893513300e-02	3.959384033374300366e-02
5.128036426474600376e+02	3.950151842666541624e-01	2.556285142714364578e-01	1.513221336938075645e-01	9.272141533802569224e-02	4.939754602273865869e-02	1.597067195550087859e-02	3.994453445163055616e-02
5.176414128611153274e+02	3.934933205944078360e-01	2.546372591599669333e-01	1.524979610133718466e-01	9.336446161655904963e-02	4.961311534533133921e-02	1.609822691734137667e-02	4.029565535281558197e-02
5.224791830747705035e+02	3.919805313713704553e-01	2.536514905603018954e-01	1.536623257168900081e-01	9.400430811751328553e-02	4.982858779332285937e-02	1.622564061790907758e-02	4.064711582248640293e-02
5.273169532884259070e+02	3.904767554373581584e-01	2.526711802057241552e-01	1.548154310947088275e-01	9.464096040646531593e-02	5.004393719469603374e-02	1.635290375698056006e-02	4.099883190386089532e-02
5.321547235020811968e+02	3.889819322481026798e-01	2.516962999140643364e-01	1.559574751161798833e-01	9.527442437570578238e-02	5.025913823141656134e-02	1.648000732227100987e-02	4.135072279205373458e-02
5.369924937157364866e+02	3.874960018637213510e-01	2.507268215893974639e-01	1.570886505879243167e-01	9.590470623171265530e-02	5.047416641444528451e-02	1.660694258129616005e-02	4.170271073129681177e-02
5.418302639293917764e+02	3.860189049374991854e-01	2.497627172236654702e-01	1.582091453072317910e-01	9.653181248302188100e-02	5.068899805949391574e-02	1.673370107347422336e-02	4.205472091540758683e-02
5.466680341430470662e+02	3.845505827049731096e-01	2.488039588982269568e-01	1.593191422107451405e-01	9.715574992848272085e-02	5.090361026350172929e-02	1.686027460246046841e-02	4.240668139140391091e-02
5.515058043567023560e+02	3.830909769733091275e-01	2.478505187853370928e-01	1.604188195185767274e-01	9.777652564588601436e-02	5.111798088181115224e-02	1.698665522870737229e-02	4.275852296616656362e-02
5.563435745703576458e+02	3.816400301109638127e-01	2.469023691495598194e-01	1.615083508739979246e-01	9.839414698095354239e-02	5.133208850602122286e-02	1.711283526224352189e-02	4.311017911605421332e-02
5.611813447840129356e+02	3.801976850376216910e-01	2.459594823491145776e-01	1.625879054788394451e-01	9.900862153667745746e-02	5.154591244249809995e-02	1.723880725566458508e-02	4.346158589937820782e-02
5.660191149976681118e+02	3.787638852144001311e-01	2.450218308371595322e-01	1.636576482247350528e-01	9.961995716299891501e-02	5.175943269152282616e-02	1.736456399732992997e-02	4.381268187164762129e-02
5.708568852113234016e+02	3.773385746343135283e-01	2.440893871630136214e-01	1.647177398203379939e-01	1.002281619468153445e-01	5.197262992705699997e-02	1.749009850475866795e-02	4.416340800349781437e-02
5.756946554249786914e+02	3.759216978129893971e-01	2.431621239733190720e-01	1.657683369146345509e-01	1.008332442023059938e-01	5.218548547710754465e-02	1.761540401821901081e-02	4.451370760121834552e-02
5.805324256386339812e+02	3.745131997796283807e-01	2.422400140131467927e-01	1.668095922164760381e-01	1.014352124615661987e-01	5.239798130467245019e-02	1.774047399450516191e-02	4.486352622979879884e-02
5.853701958522892710e+02	3.731130260682015143e-01	2.413230301270459510e-01	1.678416546104462004e-01	1.020340754655405802e-01	5.261009998924990466e-02	1.786530210089599599e-02	4.521281163841364692e-02
5.902079660659445608e+02	3.717211227088765280e-01	2.404111452600400378e-01	1.688646692691779805e-01	1.026298421552458567e-01	5.282182470889368320e-02	1.798988220929005274e-02	4.556151368826964754e-02
5.950457362795999643e+02	3.703374362196679703e-01	2.395043324585708899e-01	1.698787777622288997e-01	1.032225216632744469e-01	5.303313922279831449e-02	1.811420839051150131e-02	4.590958428274170139e-02
5.998835064932552541e+02	3.689619135983029374e-01	2.386025648713925862e-01	1.708841181616227722e-01	1.038121233055700338e-01	5.324402785439800306e-02	1.823827490878188531e-02	4.625697729972547828e-02
6.047212767069104302e+02	3.675945023142969115e-01	2.377058157504165214e-01	1.718808251441600321e-01	1.043986565734666139e-01	5.345447547496367385e-02	1.836207621635266296e-02	4.660364852613722852e-02
6.095590469205657200e+02	3.662351503012331033e-01	2.368140584515097402e-01	1.728690300905973143e-01	1.049821311259830497e-01	5.366446748768321368e-02	1.848560694829368828e-02	4.694955559449347227e-02
6.143968171342210098e+02	3.648838059492394148e-01	2.359272664352476401e-01	1.738488611817932683e-01	1.055625567823649108e-01	5.387398981221013655e-02	1.860886191743284929e-02	4.729465792150536196e-02
6.192345873478761860e+02	3.635404180976568034e-01	2.350454132676228214e-01	1.748204434919141681e-01	1.061399435148661363e-01	5.408302886966675355e-02	1.873183610944243599e-02	4.763891664862442143e-02
6.240723575615315895e+02	3.622049360278939978e-01	2.341684726207114708e-01	1.757838990787908562e-01	1.067143014417630403e-01	5.429157156808786522e-02	1.885452467806765509e-02	4.798229458447857143e-02
6.289101277751868793e+02	3.608773094564624029e-01	2.332964182732985281e-01	1.767393470715150350e-01	1.072856408205934281e-01	5.449960528829192463e-02	1.897692294049314540e-02	4.832475614913898238e-02
6.337478979888421691e+02	3.595574885281861421e-01	2.324292241114633006e-01	1.776869037553600594e-01	1.078539720416137188e-01	5.470711787016659111e-02	1.909902637284323357e-02	4.866626732016040430e-02
6.385856682024975726e+02	3.582454238095822419e-01	2.315668641291265817e-01	1.786266826541096364e-01	1.084193056214675377e-01	5.491409759935630269e-02	1.922083060581195740e-02	4.900679558033927546e-02
6.434234384161527487e+02	3.569410662824053504e-01	2.307093124285606589e-01	1.795587946098741727e-01	1.089816521970590479e-01	5.512053319433970339e-02	1.934233142041894699e-02	4.934630986713565287e-02
6.482612086298080385e+02	3.556443673373531622e-01	2.298565432208635462e-01	1.804833478604727648e-01	1.095410225196246923e-01	5.532641379388522629e-02	1.946352474388735390e-02	4.968478052370678411e-02
6.530989788434633283e+02	3.543552787679265514e-01	2.290085308263984376e-01	1.814004481144560754e-01	1.100974274489971982e-01	5.553172894487338335e-02	1.958440664564018233e-02	5.002217925150165279e-02
6.579367490571185044e+02	3.530737527644408624e-01	2.281652496751997439e-01	1.823101986238431782e-01	1.106508779480559201e-01	5.573646859047482610e-02	1.970497333341145879e-02	5.035847906436751592e-02
6.627745192707737942e+02	3.517997419081832500e-01	2.273266743073466267e-01	1.832127002546428685e-01	1.112013850773576062e-01	5.594062305867339435e-02	1.982522114946879202e-02	5.069365424412090176e-02
6.676122894844290840e+02	3.505331991657126278e-01	2.264927793733054195e-01	1.841080515552282748e-01	1.117489599899422342e-01	5.614418305112384155e-02	1.994514656694399563e-02	5.102768029753708412e-02
6.724500596980843738e+02	3.492740778832966186e-01	2.256635396342417388e-01	1.849963488226308295e-01	1.122936139263080862e-01	5.634713963233422412e-02	2.006474618626851239e-02	5.136053391471345070e-02
6.772878299117396637e+02	3.480223317814835071e-01	2.248389299623033133e-01	1.858776861668182123e-01	1.128353582095512064e-01	5.654948421916306672e-02	2.018401673171051416e-02	5.169219292876361949e-02
6.821256001253949535e+02	3.467779149498030344e-01	2.240189253408748360e-01	1.867521555730184968e-01	1.133742042406639533e-01	5.675120857062207480e-02	2.030295504801064507e-02	5.202263627680039221e-02
6.869633703390502433e+02	3.455407818415941468e-01	2.232035008648053653e-01	1.876198469621506715e-01	1.139101634939876095e-01	5.695230477797503382e-02	2.042155809711342779e-02	5.235184396216711888e-02
6.918011405527055331e+02	3.443108872689548683e-01	2.223926317406095254e-01	1.884808482494205739e-01	1.144432475128145110e-01	5.715276525512420769e-02	2.053982295499152261e-02	5.267979701787815078e-02
6.966389107663608229e+02	3.430881863978111346e-01	2.215862932866432267e-01	1.893352454011383856e-01	1.149734679051347824e-01	5.735258272927543782e-02	2.065774680855998399e-02	5.300647747123038434e-02
7.014766809800161127e+02	3.418726347431013113e-01	2.207844609332550168e-01	1.901831224898128114e-01	1.155008363395234050e-01	5.755175023187379668e-02	2.077532695267795410e-02	5.333186830954907143e-02
7.063144511936714025e+02	3.406641881640724567e-01	2.199871102229135345e-01	1.910245617475754831e-01	1.160253645411631063e-01	5.775026108980160083e-02	2.089256078723506285e-02	5.365595344703215364e-02
7.111522214073266923e+02	3.394628028596858305e-01	2.191942168103122313e-01	1.918596436179867415e-01	1.165470642879989777e-01	5.794810891683092879e-02	2.100944581432007477e-02	5.397871769265862735e-02
7.159899916209819821e+02	3.382684353641278729e-01	2.184057564624521663e-01	1.926884468062729505e-01	1.170659474070205736e-01	5.814528760532312879e-02	2.112597963546934340e-02	5.430014671912739010e-02
7.208277618346371582e+02	3.370810425424242696e-01	2.176217050587031521e-01	1.935110483280436389e-01	1.175820257706676614e-01	5.834179131816789876e-02	2.124215994899264839e-02	5.462022703279416358e-02
7.256655320482924481e+02	3.359005815861532684e-01	2.168420385908446657e-01	1.943275235565358749e-01	1.180953112933557092e-01	5.853761448095475689e-02	2.135798454737418764e-02	5.493894594457500447e-02
7.305033022619478515e+02	3.347270100092560319e-01	2.160667331630868049e-01	1.951379462684305621e-01	1.186058159281174473e-01	5.873275177437008859e-02	2.147345131474641053e-02	5.525629154178608032e-02
7.353410724756030277e+02	3.335602856439413566e-01	2.152957649920722305e-01	1.959423886882853683e-01	1.191135516633568397e-01	5.892719812681294911e-02	2.158855822443462094e-02	5.557225266089007437e-02
7.401788426892584312e+02	3.324003666366813770e-01	2.145291104068595411e-01	1.967409215316265614e-01	1.196185305197119131e-01	5.912094870722316847e-02	2.170330333657016081e-02	5.588681886112075586e-02
7.450166129029136073e+02	3.312472114442962523e-01	2.137667458488888284e-01	1.975336140467414403e-01	1.201207645470232510e-01	5.931399891811543756e-02	2.181768479577022787e-02	5.619998039895802988e-02
7.498543831165690108e+02	3.301007788301253409e-01	2.130086478719302734e-01	1.983205340552111340e-01	1.206202658214046847e-01	5.950634438881322735e-02	2.193170082888230496e-02	5.651172820342653669e-02
7.546921533302243006e+02	3.289610278602814741e-01	2.122547931420160905e-01	1.991017479912228771e-01	1.211170464424130150e-01	5.969798096887669880e-02	2.204534974279129256e-02	5.682205385219205734e-02
7.595299235438793630e+02	3.278279178999874421e-01	2.115051584373565108e-01	1.998773209396990380e-01	1.216111185303137970e-01	5.988890472171871232e-02	2.215862992228754061e-02	5.713094954843032924e-02
7.643676937575347665e+02	3.267014086099914727e-01	2.107597206482405283e-01	2.006473166732797297e-01	1.221024942234401611e-01	6.007911191840349663e-02	2.227153982799390600e-02	5.743840809844410339e-02
7.692054639711900563e+02	3.255814599430587597e-01	2.100184567769215749e-01	2.014117976881941718e-01	1.225911856756416035e-01	6.026859903162245374e-02	2.238407799435018081e-02	5.774442289000464995e-02
7.740432341848452324e+02	3.244680321405388201e-01	2.092813439374893725e-01	2.021708252390548299e-01	1.230772050538202489e-01	6.045736272984197912e-02	2.249624302765313236e-02	5.804898787139502192e-02
7.788810043985006359e+02	3.233610857290046825e-01	2.085483593557276583e-01	2.029244593726080015e-01	1.235605645355515592e-01	6.064539987161808587e-02	2.260803360415057292e-02	5.835209753113278913e-02
7.837187746121558121e+02	3.222605815169631849e-01	2.078194803689589198e-01	2.036727589604724886e-01	1.240412763067871293e-01	6.083270750007298278e-02	2.271944846818782851e-02	5.865374687835087086e-02
7.885565448258112156e+02	3.211664805916332188e-01	2.070946844258762798e-01	2.044157817308976388e-01	1.245193525596367118e-01	6.101928283752883209e-02	2.283048643040509751e-02	5.895393142381561563e-02
7.933943150394665054e+02	3.200787443157913081e-01	2.063739490863632231e-01	2.051535842995713121e-01	1.249948054902273037e-01	6.120512328029398957e-02	2.294114636598420728e-02	5.925264716156205397e-02
7.982320852531219089e+02	3.189973343246815807e-01	2.056572520213015287e-01	2.058862221995061970e-01	1.254676472966367307e-01	6.139022639359729278e-02	2.305142721294331162e-02	5.954989055112675650e-02
8.030698554667769713e+02	3.179222125229888563e-01	2.049445710123677655e-01	2.066137499100337838e-01	1.259378901768993808e-01	6.157458990666599824e-02	2.316132797047812039e-02	5.984565850035949292e-02
8.079076256804323748e+02	3.168533410818730744e-01	2.042358839518189639e-01	2.073362208849326427e-01	1.264055463270819246e-01	6.175821170794318360e-02	2.327084769734831179e-02	6.013994834879526907e-02
8.127453958940876646e+02	3.157906824360631748e-01	2.035311688422678233e-01	2.080536875797181218e-01	1.268706279394267999e-01	6.194108984044046501e-02	2.337998551030783662e-02	6.043275785156911745e-02
8.175831661077428407e+02	3.147341992810089861e-01	2.028304037964478168e-01	2.087662014781189457e-01	1.273331472005613807e-01	6.212322249722208173e-02	2.348874058257777522e-02	6.072408516385643246e-02
8.224209363213982442e+02	3.136838545700892378e-01	2.021335670369685256e-01	2.094738131177658058e-01	1.277931162897705808e-01	6.230460801701653145e-02	2.359711214236055385e-02	6.101392882582218347e-02
8.272587065350534203e+02	3.126396115118748598e-01	2.014406368960617033e-01	2.101765721151163113e-01	1.282505473773314086e-01	6.248524487995192611e-02	2.370509947139431278e-02	6.130228774806295577e-02
8.320964767487085965e+02	3.116014335674447966e-01	2.007515918153185974e-01	2.108745271896392548e-01	1.287054526229068629e-01	6.266513170341153627e-02	2.381270190354624686e-02	6.158916119752616547e-02
8.369342469623640000e+02	3.105692844477545012e-01	2.000664103454184439e-01	2.115677261872817017e-01	1.291578441739978100e-01	6.284426723800594361e-02	2.391991882344378373e-02	6.187454878389130053e-02
8.417720171760191761e+02	3.095431281110540001e-01	1.993850711458488301e-01	2.122562161032400530e-01	1.296077341644509551e-01	6.302265036365846396e-02	2.402674966514253482e-02	6.215845044639867895e-02
8.466097873896745796e+02	3.085229287603557524e-01	1.987075529846180633e-01	2.129400431040570918e-01	1.300551347130209090e-01	6.320028008580043377e-02	2.413319391082991566e-02	6.244086644111133955e-02
8.514475576033297557e+02	3.075086508409496933e-01	1.980338347379602404e-01	2.136192525490654415e-01	1.305000579219849355e-01	6.337715553167322380e-02	2.423925108956344332e-02	6.272179732859647916e-02
8.562853278169851592e+02	3.065002590379650727e-01	1.973638953900326842e-01	2.142938890111973083e-01	1.309425158758086849e-01	6.355327594673387814e-02	2.434492077604268057e-02	6.300124396201309263e-02
8.611230980306403353e+02	3.054977182739772590e-01	1.966977140326068019e-01	2.149639962971802709e-01	1.313825206398610279e-01	6.372864069116132568e-02	2.445020258941386568e-02	6.327920747559284687e-02
8.659608682442956251e+02	3.045009937066585071e-01	1.960352698647518932e-01	2.156296174671377408e-01	1.318200842591769339e-01	6.390324923646020783e-02	2.455509619210629116e-02	6.355568927350180308e-02
8.707986384579510286e+02	3.035100507264716363e-01	1.953765421925129642e-01	2.162907948536121894e-01	1.322552187572665072e-01	6.407710116215964424e-02	2.465960128869953971e-02	6.383069101907085097e-02
8.756364086716062047e+02	3.025248549544055643e-01	1.947215104285821563e-01	2.169475700800291562e-01	1.326879361349687647e-01	6.425019615260393890e-02	2.476371762482063033e-02	6.410421462438312123e-02
8.804741788852616082e+02	3.015453722397508085e-01	1.940701540919644863e-01	2.175999840786189687e-01	1.331182483693490459e-01	6.442253399383270074e-02	2.486744498607030077e-02	6.437626224020699672e-02
8.853119490989170117e+02	3.005715686579151225e-01	1.934224528076379512e-01	2.182480771078124937e-01	1.335461674126384446e-01	6.459411457054789474e-02	2.497078319697751750e-02	6.464683624626388347e-02
8.901497193125721878e+02	2.996034105082771570e-01	1.927783863062083880e-01	2.188918887691276016e-01	1.339717051912137913e-01	6.476493786316504797e-02	2.507373211998145321e-02	6.491593924181986164e-02
8.949874895262273640e+02	2.986408643120777029e-01	1.921379344235591702e-01	2.195314580235613877e-01	1.343948736046174097e-01	6.493500394494640393e-02	2.517629165444014439e-02	6.518357403659111315e-02
8.998252597398827675e+02	2.976838968103474592e-01	1.915010771004960477e-01	2.201668232075034981e-01	1.348156845246147872e-01	6.510431297921352722e-02	2.527846173566503443e-02	6.544974364195299543e-02
9.046630299535379436e+02	2.967324749618700519e-01	1.908677943823874901e-01	2.207980220481852995e-01	1.352341497942894932e-01	6.527286521663711039e-02	2.538024233398071886e-02	6.571445126244319923e-02
9.095008001671932334e+02	2.957865659411799686e-01	1.902380664188004222e-01	2.214250916786785761e-01	1.356502812271738745e-01	6.544066099260187341e-02	2.548163345380913616e-02	6.597770028754945670e-02
9.143385703808486369e+02	2.948461371365940775e-01	1.896118734631320191e-01	2.220480686524581027e-01	1.360640906064144728e-01	6.560770072464405800e-02	2.558263513277751408e-02	6.623949428377297333e-02
9.191763405945038130e+02	2.939111561482757318e-01	1.889891958722373921e-01	2.226669889575411954e-01	1.364755896839711102e-01	6.577398490995990665e-02	2.568324744084943614e-02	6.649983698695852152e-02
9.240141108081592165e+02	2.929815907863310698e-01	1.883700141060533073e-01	2.232818880302166464e-01	1.368847901798484479e-01	6.593951412298267034e-02	2.578347047947832094e-02	6.675873229488281380e-02
9.288518810218145063e+02	2.920574090689366242e-01	1.877543087272186551e-01	2.238928007683766153e-01	1.372917037813592422e-01	6.610428901302640992e-02	2.588330438078273454e-02	6.701618426009296747e-02
9.336896512354697961e+02	2.911385792204969625e-01	1.871420604006914234e-01	2.244997615444623562e-01	1.376963421424180767e-01	6.626831030199459294e-02	2.598274930674288746e-02	6.727219708298692868e-02
9.385274214491247449e+02	2.902250696698322474e-01	1.865332498933622574e-01	2.251028042180365507e-01	1.380987168828645695e-01	6.643157878215166789e-02	2.608180544841771573e-02	6.752677510512823666e-02
9.433651916627801484e+02	2.893168490483943311e-01	1.859278580736650477e-01	2.257019621479930127e-01	1.384988395878155032e-01	6.659409531395581172e-02	2.618047302518200850e-02	6.777992280278753723e-02
9.482029618764355519e+02	2.884138861885112703e-01	1.853258659111848283e-01	2.262972682044149808e-01	1.388967218070443765e-01	6.675586082395107423e-02	2.627875228398298540e-02	6.803164478070373999e-02
9.530407320900908417e+02	2.875161501216590976e-01	1.847272544762627033e-01	2.268887547800928217e-01	1.392923750543880179e-01	6.691687630271726805e-02	2.637664349861577884e-02	6.828194576605754740e-02
9.578785023037459041e+02	2.866236100767605155e-01	1.841320049395983593e-01	2.274764538017111093e-01	1.396858108071791782e-01	6.707714280287593867e-02	2.647414696901731479e-02	6.853083060265077742e-02
9.627162725174014213e+02	2.857362354785094594e-01	1.835400985718502187e-01	2.280603967407156818e-01	1.400770405057042145e-01	6.723666143715079091e-02	2.657126302057807171e-02	6.877830424528479092e-02
9.675540427310568248e+02	2.848539959457211945e-01	1.829515167432329836e-01	2.286406146238697534e-01	1.404660755526853932e-01	6.739543337648110088e-02	2.666799200347121437e-02	6.902437175433159822e-02
9.723918129447120009e+02	2.839768612897071720e-01	1.823662409231135983e-01	2.292171380435092942e-01	1.408529273127864800e-01	6.755345984818653116e-02	2.676433429199861005e-02	6.926903829049153860e-02
9.772295831583674044e+02	2.831048015126743644e-01	1.817842526796048519e-01	2.297899971675058106e-01	1.412376071121413945e-01	6.771074213418197540e-02	2.686029028395330379e-02	6.951230910973150989e-02
9.820673533720223531e+02	2.822377868061479167e-01	1.812055336791571769e-01	2.303592217489464078e-01	1.416201262379049863e-01	6.786728156924087818e-02	2.695586039999794611e-02	6.975418955839787771e-02
9.869051235856777566e+02	2.813757875494168337e-01	1.806300656861489495e-01	2.309248411355389330e-01	1.420004959378251830e-01	6.802307953930591955e-02	2.705104508305875705e-02	6.999468506849859661e-02
9.917428937993331601e+02	2.805187743080024276e-01	1.800578305624749020e-01	2.314868842787511372e-01	1.423787274198358155e-01	6.817813747984535766e-02	2.714584479773459944e-02	7.023380115314895034e-02
9.965806640129884499e+02	2.796667178321485814e-01	1.794888102671332031e-01	2.320453797426911269e-01	1.427548318516697334e-01	6.833245687425409942e-02	2.724026002972073160e-02	7.047154340217572088e-02
1.001418434226643626e+03	2.788195890553333833e-01	1.789229868558113445e-01	2.326003557127378218e-01	1.431288203604910714e-01	6.848603925229804212e-02	2.733429128524687834e-02	7.070791747787466552e-02
1.006256204440298802e+03	2.779773590928018012e-01	1.783603424804705018e-01	2.331518400039284400e-01	1.435007040325465555e-01	6.863888618860047863e-02	2.742793909052914855e-02	7.094292911091636122e-02
1.011093974653954206e+03	2.771399992401186729e-01	1.778008593889288669e-01	2.336998600691101990e-01	1.438704939128348792e-01	6.879099930116949757e-02	2.752120399123554259e-02	7.117658409639557315e-02
1.015931744867609382e+03	2.763074809717418479e-01	1.772445199244440939e-01	2.342444430068640338e-01	1.442382010047938701e-01	6.894238024996514336e-02	2.761408655196451525e-02	7.140888829001969251e-02
1.020769515081264785e+03	2.754797759396147017e-01	1.766913065252946335e-01	2.347856155692064350e-01	1.446038362700044211e-01	6.909303073550514263e-02	2.770658735573642423e-02	7.163984760443141420e-02
1.025607285294920075e+03	2.746568559717775804e-01	1.761412017243602912e-01	2.353234041690765999e-01	1.449674106279112418e-01	6.924295249750836434e-02	2.779870700349735060e-02	7.186946800566174076e-02
1.030445055508575479e+03	2.738386930709981182e-01	1.755941881487021461e-01	2.358578348876151642e-01	1.453289349555593191e-01	6.939214731357469523e-02	2.789044611363507981e-02	7.209775550970869140e-02
1.035282825722230655e+03	2.730252594134194299e-01	1.750502485191416935e-01	2.363889334812408483e-01	1.456884200873460322e-01	6.954061699790049789e-02	2.798180532150680924e-02	7.232471617923792728e-02
1.040120595935886058e+03	2.722165273472264557e-01	1.745093656498394874e-01	2.369167253885310354e-01	1.460458768147880892e-01	6.968836340002858287e-02	2.807278527897838494e-02	7.255035612040121318e-02
1.044958366149541234e+03	2.714124693913291253e-01	1.739715224478733946e-01	2.374412357369123927e-01	1.464013158863030906e-01	6.983538840363169575e-02	2.816338665397462651e-02	7.277468147976888513e-02
1.049796136363196410e+03	2.706130582340632307e-01	1.734367019128164322e-01	2.379624893491667503e-01	1.467547480070048316e-01	6.998169392532874178e-02	2.825361013004056010e-02	7.299769844137266039e-02
1.054633906576851814e+03	2.698182667319070083e-01	1.729048871363141893e-01	2.384805107497584009e-01	1.471061838385124831e-01	7.012728191353272134e-02	2.834345640591318105e-02	7.321941322385523698e-02
1.059471676790506763e+03	2.690280679082148185e-01	1.723760613016621368e-01	2.389953241709877330e-01	1.474556339987725395e-01	7.027215434732943244e-02	2.843292619510352087e-02	7.343983207772308841e-02
1.064309447004162394e+03	2.682424349519659801e-01	1.718502076833827441e-01	2.395069535589765819e-01	1.478031090618937282e-01	7.041631323538626031e-02	2.852202022548871660e-02	7.365896128269928955e-02
1.069147217217817570e+03	2.674613412165296467e-01	1.713273096468025669e-01	2.400154225794902674e-01	1.481486195579939658e-01	7.055976061489019346e-02	2.861073923891381890e-02	7.387680714517282088e-02
1.073984987431472746e+03	2.666847602184446719e-01	1.708073506476292525e-01	2.405207546236012850e-01	1.484921759730593316e-01	7.070249855051406740e-02	2.869908399080308911e-02	7.409337599574154776e-02
1.078822757645127922e+03	2.659126656362141849e-01	1.702903142315287666e-01	2.410229728131992877e-01	1.488337887488143940e-01	7.084452913341059144e-02	2.878705524978054237e-02	7.430867418684550252e-02
1.083660527858783553e+03	2.651450313091148203e-01	1.697761840337023986e-01	2.415221000063521029e-01	1.491734682826036662e-01	7.098585448023303490e-02	2.887465379729945575e-02	7.452270809048777700e-02
1.088498298072438729e+03	2.643818312360203815e-01	1.692649437784643773e-01	2.420181588025218933e-01	1.495112249272838589e-01	7.112647673218214228e-02	2.896188042728065418e-02	7.473548409603991693e-02
1.093336068286093905e+03	2.636230395742389931e-01	1.687565772788193197e-01	2.425111715476414020e-01	1.498470689911263753e-01	7.126639805407841699e-02	2.904873594575930335e-02	7.494700860812929244e-02
1.098173838499749309e+03	2.628686306383645199e-01	1.682510684360404019e-01	2.430011603390536123e-01	1.501810107377299364e-01	7.140562063345906596e-02	2.913522117054002936e-02	7.515728804460550250e-02
1.103011608713404712e+03	2.621185788991404197e-01	1.677484012392476131e-01	2.434881470303196516e-01	1.505130603859428096e-01	7.154414667969899444e-02	2.922133693086009440e-02	7.536632883458353749e-02
1.107849378927059888e+03	2.613728589823375303e-01	1.672485597649863431e-01	2.439721532358984091e-01	1.508432281097945304e-01	7.168197842315517099e-02	2.930708406706045502e-02	7.557413741656070216e-02
1.112687149140715292e+03	2.606314456676441793e-01	1.667515281768067459e-01	2.444532003357018646e-01	1.511715240384365333e-01	7.181911811433371040e-02	2.939246343026451214e-02	7.578072023660550882e-02
1.117524919354370468e+03	2.598943138875693393e-01	1.662572907248433818e-01	2.449313094795297630e-01	1.514979582560916638e-01	7.195556802307913336e-02	2.947747588206430999e-02	7.598608374661552922e-02
1.122362689568025871e+03	2.591614387263571073e-01	1.657658317453954422e-01	2.454065015913871883e-01	1.518225408020120182e-01	7.209133043778506722e-02	2.956212229421401050e-02	7.619023440264233171e-02
1.127200459781681047e+03	2.584327954189142296e-01	1.652771356605077235e-01	2.458787973736883681e-01	1.521452816704451927e-01	7.222640766462595785e-02	2.964640354833047997e-02	7.639317866328122764e-02
1.132038229995336451e+03	2.577083593497488945e-01	1.647911869775521843e-01	2.463482173113506202e-01	1.524661908106081099e-01	7.236080202680911233e-02	2.973032053560076618e-02	7.659492298812349553e-02
1.136876000208991627e+03	2.569881060519212945e-01	1.643079702888100013e-01	2.468147816757809143e-01	1.527852781266687276e-01	7.249451586384658697e-02	2.981387415649631653e-02	7.679547383626932067e-02
1.141713770422646803e+03	2.562720112060052347e-01	1.638274702710548203e-01	2.472785105287588769e-01	1.531025534777349928e-01	7.262755153084636539e-02	2.989706532049376392e-02	7.699483766489913228e-02
1.146551540636302207e+03	2.555600506390613980e-01	1.633496716851362274e-01	2.477394237262186827e-01	1.534180266778510104e-01	7.275991139782229944e-02	2.997989494580208941e-02	7.719302092790152059e-02
1.151389310849957155e+03	2.548522003236208255e-01	1.628745593755644427e-01	2.481975409219336071e-01	1.537317074959999863e-01	7.289159784902232708e-02	3.006236395909602649e-02	7.739003007455602656e-02
1.156227081063612786e+03	2.541484363766796095e-01	1.624021182700959021e-01	2.486528815711052942e-01	1.540436056561138300e-01	7.302261328227450943e-02	3.014447329525553679e-02	7.758587154826865340e-02
1.161064851277267962e+03	2.534487350587036891e-01	1.619323333793193098e-01	2.491054649338609872e-01	1.543537308370892258e-01	7.315296010835031781e-02	3.022622389711120822e-02	7.778055178535850378e-02
1.165902621490923138e+03	2.527530727726446380e-01	1.614651897962430804e-01	2.495553100786613576e-01	1.546620926728098921e-01	7.328264075034482405e-02	3.030761671519542622e-02	7.797407721389397472e-02
1.170740391704578315e+03	2.520614260629645553e-01	1.610006726958833900e-01	2.500024358856215434e-01	1.549687007521747262e-01	7.341165764307318320e-02	3.038865270749916900e-02	7.816645425257658097e-02
1.175578161918233945e+03	2.513737716146715595e-01	1.605387673348535327e-01	2.504468610497477821e-01	1.552735646191317487e-01	7.354001323248327004e-02	3.046933283923428104e-02	7.835768930967097756e-02
1.180415932131889122e+03	2.506900862523646634e-01	1.600794590509539983e-01	2.508886040840923592e-01	1.555766937727177113e-01	7.366770997508367835e-02	3.054965808260111035e-02	7.854778878197962722e-02
1.185253702345544298e+03	2.500103469392884747e-01	1.596227332627637996e-01	2.513276833228291762e-01	1.558780976671028939e-01	7.379475033738690237e-02	3.062962941656135682e-02	7.873675905386048890e-02
1.190091472559199701e+03	2.493345307763970842e-01	1.591685754692328258e-01	2.517641169242521015e-01	1.561777857116412871e-01	7.392113679536728432e-02	3.070924782661600336e-02	7.892460649628654790e-02
1.194929242772855105e+03	2.486626150014271674e-01	1.587169712492751961e-01	2.521979228736984102e-01	1.564757672709255198e-01	7.404687183393328376e-02	3.078851430458821176e-02	7.911133746594534166e-02
1.199767012986510281e+03	2.479945769879802198e-01	1.582679062613639165e-01	2.526291189863997255e-01	1.567720516648468398e-01	7.417195794641366635e-02	3.086742984841107235e-02	7.929695830437763493e-02
1.204604783200165684e+03	2.473303942446135884e-01	1.578213662431265929e-01	2.530577229102622949e-01	1.570666481686595894e-01	7.429639763405737618e-02	3.094599546192003392e-02	7.948147533715353708e-02
1.209442553413820860e+03	2.466700444139400816e-01	1.573773370109423086e-01	2.534837521285789319e-01	1.573595660130502061e-01	7.442019340554655027e-02	3.102421215464999313e-02	7.966489487308492379e-02
1.214280323627476264e+03	2.460135052717365711e-01	1.569358044595398072e-01	2.539072239626737892e-01	1.576508143842105247e-01	7.454334777652249500e-02	3.110208094163682477e-02	7.984722320347295565e-02
1.219118093841131440e+03	2.453607547260605592e-01	1.564967545615966737e-01	2.543281555744834610e-01	1.579404024239151882e-01	7.466586326912422189e-02	3.117960284322335296e-02	8.002846660138948631e-02
1.223955864054786844e+03	2.447117708163753513e-01	1.560601733673400437e-01	2.547465639690745243e-01	1.582283392296032765e-01	7.478774241153912650e-02	3.125677888486953077e-02	8.020863132099118054e-02
1.228793634268442020e+03	2.440665317126831102e-01	1.556260470041483657e-01	2.551624659971004072e-01	1.585146338544634048e-01	7.490898773756568541e-02	3.133361009696686295e-02	8.038772359686520430e-02
1.233631404482097196e+03	2.434250157146661264e-01	1.551943616761546074e-01	2.555758783571994153e-01	1.587992953075228753e-01	7.502960178618767184e-02	3.141009751465684979e-02	8.056574964340547373e-02
1.238469174695752372e+03	2.427872012508359156e-01	1.547651036638505728e-01	2.559868175983346372e-01	1.590823325537402966e-01	7.514958710115977880e-02	3.148624217765343819e-02	8.074271565421835273e-02
1.243306944909407548e+03	2.421530668776899209e-01	1.543382593236926614e-01	2.563953001220787287e-01	1.593637545141014800e-01	7.526894623060408074e-02	3.156204513006936191e-02	8.091862780155678614e-02
1.248144715123063179e+03	2.415225912788759588e-01	1.539138150877089606e-01	2.568013421848434619e-01	1.596435700657189705e-01	7.538768172661736156e-02	3.163750742024620810e-02	8.109349223578202204e-02
1.252982485336718355e+03	2.408957532643640487e-01	1.534917574631077530e-01	2.572049599000578723e-01	1.599217880419344651e-01	7.550579614488886482e-02	3.171263010058828630e-02	8.126731508485163236e-02
1.257820255550373531e+03	2.402725317696258744e-01	1.530720730318871348e-01	2.576061692402940029e-01	1.601984172324243949e-01	7.562329204432816088e-02	3.178741422740000155e-02	8.144010245383340174e-02
1.262658025764028707e+03	2.396529058548209912e-01	1.526547484504462704e-01	2.580049860393436867e-01	1.604734663833084773e-01	7.574017198670296436e-02	3.186186086072683582e-02	8.161186042444371069e-02
1.267495795977684338e+03	2.390368547039907476e-01	1.522397704491979531e-01	2.584014259942468139e-01	1.607469441972610991e-01	7.585643853628666611e-02	3.193597106419972242e-02	8.178259505460995504e-02
1.272333566191339514e+03	2.384243576242588425e-01	1.518271258321825801e-01	2.587955046672724690e-01	1.610188593336253082e-01	7.597209425951516326e-02	3.200974590488281368e-02	8.195231237805579438e-02
1.277171336404994690e+03	2.378153940450388470e-01	1.514168014766835157e-01	2.591872374878547158e-01	1.612892204085295267e-01	7.608714172465298742e-02	3.208318645312451672e-02	8.212101840390884089e-02
1.282009106618650094e+03	2.372099435172488058e-01	1.510087843328438983e-01	2.595766397544838622e-01	1.615580359950067879e-01	7.620158350146825910e-02	3.215629378241174896e-02	8.228871911632956726e-02
1.286846876832305497e+03	2.366079857125322483e-01	1.506030614232848897e-01	2.599637266365548149e-01	1.618253146231161399e-01	7.631542216091644071e-02	3.222906896922730219e-02	8.245542047416103137e-02
1.291684647045960673e+03	2.360095004224858350e-01	1.501996198427254237e-01	2.603485131761734128e-01	1.620910647800667403e-01	7.642866027483256885e-02	3.230151309291030837e-02	8.262112841059851553e-02
1.296522417259616077e+03	2.354144675578936363e-01	1.497984467576033984e-01	2.607310142899222916e-01	1.623552949103437004e-01	7.654130041563170228e-02	3.237362723551966137e-02	8.278584883287841423e-02
1.301360187473271253e+03	2.348228671479678509e-01	1.493995294056981171e-01	2.611112447705868367e-01	1.626180134158365376e-01	7.665334515601747445e-02	3.244541248170038084e-02	8.294958762198559321e-02
1.306197957686926657e+03	2.342346793395956861e-01	1.490028550957546993e-01	2.614892192888430555e-01	1.628792286559691549e-01	7.676479706869854258e-02	3.251686991855281400e-02	8.311235063237883136e-02
1.311035727900581833e+03	2.336498843965924832e-01	1.486084112071094920e-01	2.618649523949079794e-01	1.631389489478321519e-01	7.687565872611262785e-02	3.258800063550466863e-02	8.327414369173333220e-02
1.315873498114237009e+03	2.330684626989611707e-01	1.482161851893171178e-01	2.622384585201537610e-01	1.633971825663168287e-01	7.698593270015810508e-02	3.265880572418571742e-02	8.343497260070002752e-02
1.320711268327892412e+03	2.324903947421575190e-01	1.478261645617793552e-01	2.626097519786862455e-01	1.636539377442508547e-01	7.709562156193279503e-02	3.272928627830520160e-02	8.359484313268075728e-02
1.325549038541547588e+03	2.319156611363615006e-01	1.474383369133749344e-01	2.629788469688895125e-01	1.639092226725359647e-01	7.720472788147994536e-02	3.279944339353183663e-02	8.375376103361908964e-02
1.330386808755202765e+03	2.313442426057545631e-01	1.470526899020913325e-01	2.633457575749367785e-01	1.641630455002868194e-01	7.731325422754099785e-02	3.286927816737638536e-02	8.391173202180587931e-02
1.335224578968857941e+03	2.307761199878025915e-01	1.466692112546578997e-01	2.637104977682691587e-01	1.644154143349718378e-01	7.742120316731528062e-02	3.293879169907666660e-02	8.406876178769927266e-02
1.340062349182513572e+03	2.302112742325446160e-01	1.462878887661804850e-01	2.640730814090425649e-01	1.646663372425552496e-01	7.752857726622618129e-02	3.300798508948505489e-02	8.422485599375857668e-02
1.344900119396168748e+03	2.296496864018871820e-01	1.459087102997776997e-01	2.644335222475439062e-01	1.649158222476405922e-01	7.763537908769367613e-02	3.307685944095833941e-02	8.438002027429132579e-02
1.349737889609823924e+03	2.290913376689043823e-01	1.455316637862186790e-01	2.647918339255775355e-01	1.651638773336155941e-01	7.774161119291328470e-02	3.314541585724990053e-02	8.453426023531331046e-02
1.354575659823479100e+03	2.285362093171431352e-01	1.451567372235622599e-01	2.651480299778228855e-01	1.654105104427983364e-01	7.784727614064097800e-02	3.321365544340419002e-02	8.468758145442090157e-02
1.359413430037134731e+03	2.279842827399342353e-01	1.447839186767979625e-01	2.655021238331631839e-01	1.656557294765844957e-01	7.795237648698406796e-02	3.328157930565341094e-02	8.483998948067532353e-02
1.364251200250789907e+03	2.274355394397083729e-01	1.444131962774881650e-01	2.658541288159874671e-01	1.658995422955959476e-01	7.805691478519799498e-02	3.334918855131639021e-02	8.499148983449826555e-02
1.369088970464445310e+03	2.268899610273177325e-01	1.440445582234122501e-01	2.662040581474653389e-01	1.661419567198303138e-01	7.816089358548866661e-02	3.341648428869958831e-02	8.514208800757869233e-02
1.373926740678100487e+03	2.263475292213625867e-01	1.436779927782119159e-01	2.665519249467959151e-01	1.663829805288114527e-01	7.826431543482034736e-02	3.348346762700019075e-02	8.529178946279014628e-02
1.378764510891755890e+03	2.258082258475232196e-01	1.433134882710382918e-01	2.668977422324313453e-01	1.666226214617411716e-01	7.836718287672891914e-02	3.355013967621123250e-02	8.544059963411827774e-02
1.383602281105411066e+03	2.252720328378967629e-01	1.429510330962005249e-01	2.672415229232759648e-01	1.668608872176516600e-01	7.846949845114054023e-02	3.361650154702870708e-02	8.558852392659827002e-02
1.388440051319066470e+03	2.247389322303392223e-01	1.425906157128159213e-01	2.675832798398609658e-01	1.670977854555589226e-01	7.857126469419513370e-02	3.368255435076067394e-02	8.573556771626157647e-02
1.393277821532721646e+03	2.242089061678122219e-01	1.422322246444616967e-01	2.679230257054963094e-01	1.673333237946168783e-01	7.867248413807519103e-02	3.374829919923822558e-02	8.588173635009187235e-02
1.398115591746377049e+03	2.236819368977349676e-01	1.418758484788281704e-01	2.682607731473996004e-01	1.675675098142723751e-01	7.877315931083923861e-02	3.381373720472835576e-02	8.602703514598970813e-02
1.402953361960032225e+03	2.231580067713407334e-01	1.415214758673737638e-01	2.685965346978027579e-01	1.678003510544208432e-01	7.887329273626016157e-02	3.387886947984863201e-02	8.617146939274546169e-02
1.407791132173687402e+03	2.226370982430383172e-01	1.411690955249813029e-01	2.689303227950377018e-01	1.680318550155626978e-01	7.897288693366810719e-02	3.394369713748372069e-02	8.631504435002052000e-02
1.412628902387342805e+03	2.221191938697780754e-01	1.408186962296159028e-01	2.692621497846003908e-01	1.682620291589602968e-01	7.907194441779802352e-02	3.400822129070359828e-02	8.645776524833607979e-02
1.417466672600997981e+03	2.216042763104228153e-01	1.404702668219847683e-01	2.695920279201949321e-01	1.684908809067955093e-01	7.917046769864143074e-02	3.407244305268350426e-02	8.659963728906942826e-02
1.422304442814653157e+03	2.210923283251230997e-01	1.401237962051980201e-01	2.699199693647576503e-01	1.687184176423278670e-01	7.926845928130277219e-02	3.413636353662559408e-02	8.674066564445738481e-02
1.427142213028308333e+03	2.205833327746971884e-01	1.397792733444315205e-01	2.702459861914619510e-01	1.689446467100532145e-01	7.936592166585969277e-02	3.419998385568220195e-02	8.688085545760659834e-02
1.431979983241963964e+03	2.200772726200155571e-01	1.394366872665911139e-01	2.705700903847041427e-01	1.691695754158627218e-01	7.946285734722760563e-02	3.426330512288078278e-02	8.702021184251042263e-02
1.436817753455619140e+03	2.195741309213896930e-01	1.390960270599783943e-01	2.708922938410709969e-01	1.693932110272025615e-01	7.955926881502821402e-02	3.432632845105034608e-02	8.715873988407212003e-02
1.441655523669274316e+03	2.190738908379654681e-01	1.387572818739579994e-01	2.712126083702895984e-01	1.696155607732337256e-01	7.965515855346196050e-02	3.438905495274950652e-02	8.729644463813404642e-02
1.446493293882929493e+03	2.185765356271207882e-01	1.384204409186266804e-01	2.715310456961594898e-01	1.698366318449923973e-01	7.975052904118419550e-02	3.445148574019600562e-02	8.743333113151278979e-02
1.451331064096585123e+03	2.180820486438674599e-01	1.380854934644836496e-01	2.718476174574679938e-01	1.700564313955504614e-01	7.984538275118527317e-02	3.451362192519775995e-02	8.756940436203973499e-02
1.456168834310240300e+03	2.175904133402574991e-01	1.377524288421027310e-01	2.721623352088891057e-01	1.702749665401765422e-01	7.993972215067406129e-02	3.457546461908532487e-02	8.770466929860706862e-02
1.461006604523895703e+03	2.171016132647935193e-01	1.374212364418058441e-01	2.724752104218661763e-01	1.704922443564970413e-01	8.003354970096515641e-02	3.463701493264580850e-02	8.783913088121877988e-02
