5.079658724338048046e+02	3.964248385800875352e-01	2.566944234730293428e-01	1.498342857735074363e-01	9.235877458290861486e-02	4.886636788053793506e-02	1.608979711065964061e-02	3.973151259906057553e-02
5.128036426474600376e+02	3.948940307933866412e-01	2.556970890407286312e-01	1.510329913928422918e-01	9.300172080139003372e-02	4.909053133155027310e-02	1.621073837277476823e-02	4.007289826711851743e-02
5.176414128611153274e+02	3.933723850408129552e-01	2.547052746407504897e-01	1.522195920050058437e-01	9.364150801287740578e-02	4.931443267794860530e-02	1.633168597456459772e-02	4.041512164783127997e-02
5.224791830747705035e+02	3.918598383661118789e-01	2.537189519119085745e-01	1.533943139276704726e-01	9.427814028177253225e-02	4.953804887189743739e-02	1.645262748495383842e-02	4.075807915547638438e-02
5.273169532884259070e+02	3.903563284866347627e-01	2.527380925725068450e-01	1.545573772934338008e-01	9.491162205475929536e-02	4.976135766830511176e-02	1.657355083855091560e-02	4.110167108560040805e-02
5.321547235020811968e+02	3.888617937797401169e-01	2.517626684223205902e-01	1.557089962402352368e-01	9.554195814618028637e-02	4.998433760031507217e-02	1.669444432520639926e-02	4.144580148579343759e-02
5.369924937157364866e+02	3.873761732695811810e-01	2.507926513444914129e-01	1.568493790957322942e-01	9.616915372388892824e-02	5.020696795555458503e-02	1.681529657988693749e-02	4.179037803065582118e-02
5.418302639293917764e+02	3.858994066142679702e-01	2.498280133073378095e-01	1.579787285558293397e-01	9.679321429556177192e-02	5.042922875311735970e-02	1.693609657285487582e-02	4.213531190082202282e-02
5.466680341430470662e+02	3.844314340933919216e-01	2.488687263660851468e-01	1.590972418575459790e-01	9.741414569545646385e-02	5.065110072125666996e-02	1.705683360014395231e-02	4.248051766591103701e-02
5.515058043567023560e+02	3.829721965959019259e-01	2.479147626645168134e-01	1.602051109464059653e-01	9.803195407160084085e-02	5.087256527576692472e-02	1.717749727432185680e-02	4.282591317127680541e-02
5.563435745703576458e+02	3.815216356083209748e-01	2.469660944365499045e-01	1.613025226385218780e-01	9.864664587339969093e-02	5.109360449903174728e-02	1.729807751553063752e-02	4.317141942843623348e-02
5.611813447840129356e+02	3.800796932032924902e-01	2.460226940077374080e-01	1.623896587775451317e-01	9.925822783964556584e-02	5.131420111971779496e-02	1.741856454279631580e-02	4.351696050905635993e-02
5.660191149976681118e+02	3.786463120284460637e-01	2.450845337966997550e-01	1.634666963866450995e-01	9.986670698692089176e-02	5.153433849309392578e-02	1.753894886559930269e-02	4.386246344238593775e-02
5.708568852113234016e+02	3.772214352955735039e-01	2.441515863164879785e-01	1.645338078156767803e-01	1.004720905983787910e-01	5.175400058195607500e-02	1.765922127569742595e-02	4.420785811602048754e-02
5.756946554249786914e+02	3.758050067701039776e-01	2.432238241758804820e-01	1.655911608836900528e-01	1.010743862128905407e-01	5.197317193813887071e-02	1.777937283919377859e-02	4.455307717989336752e-02
5.805324256386339812e+02	3.743969707608708619e-01	2.423012200806161365e-01	1.666389190169301204e-01	1.016736016145478733e-01	5.219183768459544764e-02	1.789939488884167290e-02	4.489805595338894340e-02
5.853701958522892710e+02	3.729972721101595945e-01	2.413837468345654547e-01	1.676772413824726693e-01	1.022697448225090011e-01	5.240998349802779982e-02	1.801927901657937939e-02	4.524273233547715378e-02
5.902079660659445608e+02	3.716058561840289154e-01	2.404713773408421185e-01	1.687062830176332684e-01	1.028628240811770150e-01	5.262759559205017895e-02	1.813901706628744115e-02	4.558704671777211864e-02
5.950457362795999643e+02	3.702226688628963425e-01	2.395640846028568860e-01	1.697261949552862081e-01	1.034528478507003579e-01	5.284466070086901723e-02	1.825860112676168726e-02	4.593094190042051883e-02
5.998835064932552541e+02	3.688476565323805523e-01	2.386618417253154878e-01	1.707371243452232290e-01	1.040398247977849522e-01	5.306116606346306802e-02	1.837802352489521784e-02	4.627436301072852809e-02
6.047212767069104302e+02	3.674807660743913407e-01	2.377646219151629825e-01	1.717392145716788443e-01	1.046237637868079190e-01	5.327709940824812418e-02	1.849727681906285226e-02	4.661725742443895842e-02
6.095590469205657200e+02	3.661219448584611680e-01	2.368723984824760431e-01	1.727326053671441874e-01	1.052046738712235086e-01	5.349244893821113178e-02	1.861635379270176402e-02	4.695957468957316638e-02
6.143968171342210098e+02	3.647711407333097400e-01	2.359851448413046726e-01	1.737174329225886216e-01	1.057825642852515818e-01	5.370720331649902340e-02	1.873524744808223799e-02	4.730126645275505026e-02
6.192345873478761860e+02	3.634283020186346858e-01	2.351028345104655970e-01	1.746938299942031869e-01	1.063574444358398458e-01	5.392135165244796996e-02	1.885395100026263093e-02	4.764228638793701481e-02
6.240723575615315895e+02	3.620933774971213936e-01	2.342254411142888071e-01	1.756619260067769916e-01	1.069293238948910707e-01	5.413488348803938144e-02	1.897245787122280383e-02	4.798259012745045154e-02
6.289101277751868793e+02	3.607663164066656214e-01	2.333529383833186643e-01	1.766218471538145152e-01	1.074982123917466309e-01	5.434778878476920205e-02	1.909076168417054783e-02	4.832213519530574597e-02
6.337478979888421691e+02	3.594470684328016641e-01	2.324853001549711251e-01	1.775737164944971302e-01	1.080641198059184432e-01	5.456005791091768364e-02	1.920885625801562260e-02	4.866088094266921016e-02
6.385856682024975726e+02	3.581355837013304733e-01	2.316225003741490540e-01	1.785176540475902351e-01	1.086270561600611584e-01	5.477168162920702937e-02	1.932673560200620644e-02	4.899878848544671900e-02
6.434234384161527487e+02	3.568318127711410104e-01	2.307645130938163480e-01	1.794537768823929180e-01	1.091870316131769714e-01	5.498265108483486874e-02	1.944439391052277255e-02	4.933582064390604205e-02
6.482612086298080385e+02	3.555357066272192279e-01	2.299113124755328974e-01	1.803821992068246338e-01	1.097440564540457381e-01	5.519295779387182327e-02	1.956182555802452733e-02	4.967194188427208335e-02
6.530989788434633283e+02	3.542472166738391270e-01	2.290628727899513550e-01	1.813030324527406534e-01	1.102981410948730145e-01	5.540259363201176929e-02	1.967902509414367132e-02	5.000711826223130235e-02
6.579367490571185044e+02	3.529662947279298968e-01	2.282191684172772683e-01	1.822163853585641036e-01	1.108492960651491083e-01	5.561155082366383423e-02	1.979598723892294840e-02	5.034131736828377501e-02
6.627745192707737942e+02	3.516928930126138053e-01	2.273801738476936563e-01	1.831223640493202243e-01	1.113975320057125629e-01	5.581982193137547538e-02	1.991270687819207338e-02	5.067450827488307469e-02
6.676122894844290840e+02	3.504269641509102917e-01	2.265458636817514471e-01	1.840210721141564421e-01	1.119428596630112210e-01	5.602739984557631586e-02	2.002917905907874302e-02	5.100666148530640098e-02
6.724500596980843738e+02	3.491684611596002075e-01	2.257162126307267203e-01	1.849126106814272530e-01	1.124852898835548842e-01	5.623427777463275989e-02	2.014539898565010853e-02	5.133774888419900123e-02
6.772878299117396637e+02	3.479173374432459886e-01	2.248911955169461685e-01	1.857970784914223794e-01	1.130248336085531574e-01	5.644044923520369350e-02	2.026136201468069914e-02	5.166774368973876125e-02
6.821256001253949535e+02	3.466735467883632626e-01	2.240707872740819451e-01	1.866745719668132242e-01	1.135615018687327754e-01	5.664590804288800047e-02	2.037706365154288643e-02	5.199662040736874324e-02
6.869633703390502433e+02	3.454370433577383936e-01	2.232549629474162856e-01	1.875451852808899256e-01	1.140953057793285680e-01	5.685064830315466472e-02	2.049249954621617381e-02	5.232435478504682269e-02
6.918011405527055331e+02	3.442077816848882477e-01	2.224436976940781518e-01	1.884090104236598173e-01	1.146262565352424850e-01	5.705466440254684801e-02	2.060766548941162651e-02	5.265092376996362289e-02
6.966389107663608229e+02	3.429857166686579029e-01	2.216369667832517876e-01	1.892661372658753505e-01	1.151543654063653943e-01	5.725795100015132477e-02	2.072255740880795186e-02	5.297630546668108398e-02
7.014766809800161127e+02	3.417708035679517531e-01	2.208347455963586281e-01	1.901166536210573133e-01	1.156796437330563643e-01	5.746050301932507237e-02	2.083717136539577422e-02	5.330047909664586275e-02
7.063144511936714025e+02	3.405629979965941745e-01	2.200370096272137865e-01	1.909606453055772424e-01	1.162021029217745055e-01	5.766231563967108564e-02	2.095150354992683650e-02	5.362342495903311274e-02
7.111522214073266923e+02	3.393622559183159804e-01	2.192437344821575040e-01	1.917981961968608651e-01	1.167217544408583191e-01	5.786338428925562327e-02	2.106555027946490147e-02	5.394512439287751926e-02
7.159899916209819821e+02	3.381685336418627230e-01	2.184548958801626195e-01	1.926293882897724685e-01	1.172386098164480417e-01	5.806370463705946144e-02	2.117930799403524439e-02	5.426555974045013664e-02
7.208277618346371582e+02	3.369817878162211788e-01	2.176704696529192240e-01	1.934543017512380114e-01	1.177526806285461719e-01	5.826327258565588280e-02	2.129277325336974627e-02	5.458471431184049039e-02
7.256655320482924481e+02	3.358019754259606304e-01	2.168904317448969443e-01	1.942730149731628220e-01	1.182639785072120142e-01	5.846208426410839237e-02	2.140594273374467685e-02	5.490257235070521852e-02
7.305033022619478515e+02	3.346290537866851711e-01	2.161147582133858269e-01	1.950856046236987829e-01	1.187725151288858000e-01	5.866013602108138825e-02	2.151881322490832582e-02	5.521911900114528926e-02
7.353410724756030277e+02	3.334629805405946446e-01	2.153434252285166273e-01	1.958921456969127395e-01	1.192783022128382081e-01	5.885742441815720871e-02	2.163138162709578663e-02	5.553434027567535902e-02
7.401788426892584312e+02	3.323037136521493351e-01	2.145764090732609486e-01	1.966927115609076460e-01	1.197813515177414273e-01	5.905394622335308902e-02	2.174364494812820736e-02	5.584822302424993085e-02
7.450166129029136073e+02	3.311512114038369092e-01	2.138136861434127567e-01	1.974873740044451320e-01	1.202816748383576939e-01	5.924969840483208794e-02	2.185560030059398653e-02	5.616075490431207684e-02
7.498543831165690108e+02	3.300054323920378341e-01	2.130552329475509099e-01	1.982762032821175635e-01	1.207792840023416414e-01	5.944467812480169061e-02	2.196724489910939840e-02	5.647192435183157749e-02
7.546921533302243006e+02	3.288663355229866636e-01	2.123010261069840920e-01	1.990592681581155321e-01	1.212741908671529367e-01	5.963888273359460590e-02	2.207857605765625730e-02	5.678172055330051038e-02
7.595299235438793630e+02	3.277338800088256954e-01	2.115510423556787589e-01	1.998366359486353494e-01	1.217664073170753314e-01	5.983230976392594352e-02	2.218959118699430702e-02	5.709013341865518121e-02
7.643676937575347665e+02	3.266080253637492770e-01	2.108052585401703483e-01	2.006083725629699555e-01	1.222559452603390606e-01	6.002495692532143490e-02	2.230028779214604170e-02	5.739715355509445588e-02
7.692054639711900563e+02	3.254887314002349874e-01	2.100636516194588910e-01	2.013745425433247638e-01	1.227428166263431764e-01	6.021682209871144498e-02	2.241066346995182132e-02	5.770277224176541958e-02
7.740432341848452324e+02	3.243759582253605278e-01	2.093261986648891904e-01	2.021352091033993825e-01	1.232270333629744974e-01	6.040790333118559174e-02	2.252071590669312354e-02	5.800698140528818408e-02
7.788810043985006359e+02	3.232696662372020469e-01	2.085928768600163186e-01	2.028904341657740140e-01	1.237086074340202207e-01	6.059819883090320630e-02	2.263044287578190941e-02	5.830977359609276767e-02
7.837187746121558121e+02	3.221698161213132350e-01	2.078636635004569577e-01	2.036402783981386966e-01	1.241875508166711689e-01	6.078770696215467922e-02	2.273984223551410444e-02	5.861114196554159661e-02
7.885565448258112156e+02	3.210763688472816901e-01	2.071385359937273352e-01	2.043848012484020538e-01	1.246638754991127168e-01	6.097642624056918981e-02	2.284891192688526251e-02	5.891108024381215558e-02
7.933943150394665054e+02	3.199892856653607232e-01	2.064174718590679192e-01	2.051240609787150782e-01	1.251375934782006372e-01	6.116435532846423856e-02	2.295764997146657049e-02	5.920958271851523708e-02
7.982320852531219089e+02	3.189085281031744379e-01	2.057004487272555415e-01	2.058581146984445331e-01	1.256087167572191021e-01	6.135149303033277796e-02	2.306605446933937195e-02	5.950664421402472593e-02
8.030698554667769713e+02	3.178340579624936435e-01	2.049874443404035296e-01	2.065870183961290296e-01	1.260772573437182464e-01	6.153783828846357690e-02	2.317412359708645800e-02	5.980226007149602035e-02
8.079076256804323748e+02	3.167658373160813223e-01	2.042784365517501532e-01	2.073108269704504181e-01	1.265432272474287523e-01	6.172339017869084982e-02	2.328185560583845293e-02	6.009642612955057306e-02
8.127453958940876646e+02	3.157038285046044890e-01	2.035734033254361364e-01	2.080295942602511106e-01	1.270066384782508884e-01	6.190814790626920916e-02	2.338924881937361547e-02	6.038913870560504160e-02
8.175831661077428407e+02	3.146479941336114972e-01	2.028723227362712045e-01	2.087433730736283910e-01	1.274675030443157830e-01	6.209211080187003462e-02	2.349630163226951521e-02	6.068039457782398866e-02
8.224209363213982442e+02	3.135982970705726847e-01	2.021751729694905020e-01	2.094522152161342465e-01	1.279258329501164471e-01	6.227527831769563704e-02	2.360301250810496396e-02	6.097019096767598151e-02
8.272587065350534203e+02	3.125547004419819697e-01	2.014819323205011559e-01	2.101561715181092804e-01	1.283816401947063257e-01	6.245765002370759489e-02	2.370937997771082120e-02	6.125852552307339133e-02
8.320964767487085965e+02	3.115171676305185100e-01	2.007925791946193750e-01	2.108552918611783511e-01	1.288349367699634374e-01	6.263922560396582850e-02	2.381540263746811589e-02	6.154539630207698370e-02
8.369342469623640000e+02	3.104856622722662052e-01	2.001070921067984176e-01	2.115496252039343050e-01	1.292857346589176282e-01	6.282000485307498439e-02	2.392107914765214879e-02	6.183080175714687765e-02
8.417720171760191761e+02	3.094601482539895976e-01	1.994254496813480104e-01	2.122392196068354497e-01	1.297340458341392222e-01	6.299998767273488898e-02	2.402640823082119806e-02	6.211474071992212354e-02
8.466097873896745796e+02	3.084405897104644523e-01	1.987476306516453572e-01	2.129241222563415803e-01	1.301798822561869295e-01	6.317917406839199113e-02	2.413138867024850615e-02	6.239721238651170510e-02
8.514475576033297557e+02	3.074269510218610724e-01	1.980736138598380436e-01	2.136043794883129565e-01	1.306232558721132087e-01	6.335756414598858743e-02	2.423601930839628521e-02	6.267821630328029858e-02
8.562853278169851592e+02	3.064191968111802389e-01	1.974033782565395856e-01	2.142800368106952402e-01	1.310641786140251674e-01	6.353515810880705494e-02	2.434029904543049891e-02	6.295775235311269757e-02
8.611230980306403353e+02	3.054172919417382226e-01	1.967369029005174297e-01	2.149511389255131799e-01	1.315026623976990883e-01	6.371195625440598254e-02	2.444422683777522365e-02	6.323582074214129101e-02
8.659608682442956251e+02	3.044212015147018668e-01	1.960741669583740965e-01	2.156177297501946089e-01	1.319387191212472443e-01	6.388795897164563364e-02	2.454780169670540968e-02	6.351242198692159946e-02
8.707986384579510286e+02	3.034308908666697446e-01	1.954151497042215524e-01	2.162798524382461562e-01	1.323723606638350092e-01	6.406316673779996473e-02	2.465102268697696303e-02	6.378755690204102047e-02
8.756364086716062047e+02	3.024463255673008333e-01	1.947598305193492807e-01	2.169375493993011550e-01	1.328035988844465110e-01	6.423758011575260440e-02	2.475388892549302416e-02	6.406122658814697446e-02
8.804741788852616082e+02	3.014674714169868763e-01	1.941081888918861631e-01	2.175908623185595081e-01	1.332324456206977203e-01	6.441119975127412856e-02	2.485639958000536442e-02	6.433343242038060128e-02
8.853119490989170117e+02	3.004942944445692099e-01	1.934602044164566159e-01	2.182398321756383874e-01	1.336589126876950584e-01	6.458402637037842509e-02	2.495855386784995647e-02	6.460417603720275403e-02
8.901497193125721878e+02	2.995267609050974444e-01	1.928158567938310364e-01	2.188844992628529440e-01	1.340830118769381907e-01	6.475606077675562233e-02	2.506035105471562593e-02	6.487345932959953654e-02
8.949874895262273640e+02	2.985648372776297799e-01	1.921751258305713084e-01	2.195249032029445713e-01	1.345047549552656485e-01	6.492730384927918041e-02	2.516179045344491341e-02	6.514128443065499152e-02
8.998252597398827675e+02	2.976084902630731222e-01	1.915379914386706739e-01	2.201610829662743740e-01	1.349241536638417505e-01	6.509775653958523034e-02	2.526287142286615106e-02	6.540765370547901858e-02
9.046630299535379436e+02	2.966576867820625574e-01	1.909044336351894411e-01	2.207930768874984129e-01	1.353412197171837139e-01	6.526741986972169063e-02	2.536359336665588646e-02	6.567256974147868409e-02
9.095008001671932334e+02	2.957123939728785178e-01	1.902744325418855575e-01	2.214209226817412668e-01	1.357559648022271526e-01	6.543629492986520468e-02	2.546395573223074124e-02	6.593603533896197355e-02
9.143385703808486369e+02	2.947725791894010294e-01	1.896479683848413533e-01	2.220446574602838175e-01	1.361684005774295991e-01	6.560438287610383112e-02	2.556395800966792392e-02	6.619805350206292571e-02
9.191763405945038130e+02	2.938382099990998197e-01	1.890250214940857598e-01	2.226643177457801881e-01	1.365785386719098882e-01	6.577168492828359969e-02	2.566359973065348785e-02	6.645862742997775408e-02
9.240141108081592165e+02	2.929092541810595085e-01	1.884055723032128926e-01	2.232799394870189913e-01	1.369863906846228441e-01	6.593820236791694822e-02	2.576288046745761270e-02	6.671776050850172779e-02
9.288518810218145063e+02	2.919856797240389934e-01	1.877896013489966376e-01	2.238915580732429300e-01	1.373919681835679141e-01	6.610393653615116716e-02	2.586179983193608728e-02	6.697545630185684773e-02
9.336896512354697961e+02	2.910674548245633098e-01	1.871770892710021283e-01	2.244992083480409351e-01	1.377952827050306917e-01	6.626888883179518630e-02	2.596035747455725101e-02	6.723171854480103349e-02
9.385274214491247449e+02	2.901545478850489634e-01	1.865680168111934767e-01	2.251029246228259950e-01	1.381963457528561368e-01	6.643306070940287189e-02	2.605855308345371088e-02	6.748655113500941216e-02
9.433651916627801484e+02	2.892469275119592398e-01	1.859623648135387830e-01	2.257027406899118349e-01	1.385951687977527158e-01	6.659645367741116873e-02	2.615638638349806339e-02	6.773995812571882713e-02
9.482029618764355519e+02	2.883445625139910984e-01	1.853601142236117882e-01	2.262986898352009335e-01	1.389917632766263511e-01	6.675906929633147746e-02	2.625385713540199714e-02	6.799194371862697650e-02
9.530407320900908417e+02	2.874474219002916553e-01	1.847612460881911667e-01	2.268908048504962860e-01	1.393861405919429586e-01	6.692090917699268504e-02	2.635096513483806482e-02	6.824251225703772961e-02
9.578785023037459041e+02	2.865554748787035311e-01	1.841657415548567656e-01	2.274791180454484862e-01	1.397783121111191296e-01	6.708197497883436333e-02	2.644771021158353122e-02	6.849166821924468351e-02
9.627162725174014213e+02	2.856686908540383985e-01	1.835735818715837631e-01	2.280636612591495638e-01	1.401682891659395691e-01	6.724226840824847062e-02	2.654409222868563817e-02	6.873941621214503528e-02
9.675540427310568248e+02	2.847870394263782301e-01	1.829847483863343838e-01	2.286444658713847888e-01	1.405560830520007631e-01	6.740179121696847353e-02	2.664011108164769659e-02	6.898576096507610944e-02
9.723918129447120009e+02	2.839104903894033582e-01	1.823992225466473105e-01	2.292215628135529926e-01	1.409417050281798478e-01	6.756054520050407131e-02	2.673576669763542621e-02	6.923070732386744919e-02
9.772295831583674044e+02	2.830390137287464580e-01	1.818169858992254861e-01	2.297949825792660328e-01	1.413251663161278482e-01	6.771853219662050949e-02	2.683105903470296011e-02	6.947426024510119924e-02
9.820673533720223531e+02	2.821725796203722880e-01	1.812380200895215843e-01	2.303647552346370364e-01	1.417064780997866480e-01	6.787575408386099796e-02	2.692598808103798327e-02	6.971642479057391095e-02
9.869051235856777566e+02	2.813111584289822997e-01	1.806623068613221472e-01	2.309309104282674663e-01	1.420856515249286633e-01	6.803221278011105377e-02	2.702055385422546738e-02	6.995720612195331645e-02
9.917428937993331601e+02	2.804547207064427838e-01	1.800898280563299203e-01	2.314934774009424767e-01	1.424626976987188043e-01	6.818791024120349209e-02	2.711475640052945016e-02	7.019660949562345209e-02
9.965806640129884499e+02	2.796032371902376079e-01	1.795205656137447148e-01	2.320524849950431623e-01	1.428376276892976138e-01	6.834284845956285770e-02	2.720859579419242225e-02	7.043464025771196957e-02
1.001418434226643626e+03	2.787566788019431030e-01	1.789545015698430497e-01	2.326079616636853031e-01	1.432104525253852234e-01	6.849702946288818706e-02	2.730207213675178365e-02	7.067130383929369486e-02
1.006256204440298802e+03	2.779150166457258764e-01	1.783916180575564892e-01	2.331599354795922396e-01	1.435811831959053209e-01	6.865045531287296277e-02	2.739518555637291894e-02	7.090660575176450930e-02
1.011093974653954206e+03	2.770782220068624402e-01	1.778318973060487584e-01	2.337084341437110913e-01	1.439498306496283520e-01	6.880312810396126133e-02	2.748793620719840874e-02	7.114055158238002941e-02
1.015931744867609382e+03	2.762462663502797677e-01	1.772753216402921106e-01	2.342534849935795638e-01	1.443164057948335133e-01	6.895504996213874804e-02	2.758032426871298223e-02	7.137314698995357587e-02
1.020769515081264785e+03	2.754191213191174992e-01	1.767218734806425551e-01	2.347951150114515328e-01	1.446809194989888414e-01	6.910622304375799163e-02	2.767234994512373855e-02	7.160439770070811671e-02
1.025607285294920075e+03	2.745967587333095761e-01	1.761715353424143926e-01	2.353333508321885370e-01	1.450433825884487882e-01	6.925664953439655824e-02	2.776401346475522794e-02	7.183430950427721617e-02
1.030445055508575479e+03	2.737791505881862486e-01	1.756242898354540560e-01	2.358682187509252015e-01	1.454038058481685602e-01	6.940633164774738517e-02	2.785531507945899696e-02	7.206288824984985464e-02
1.035282825722230655e+03	2.729662690530954006e-01	1.750801196637132850e-01	2.363997447305143662e-01	1.457622000214351954e-01	6.955527162454022694e-02	2.794625506403718845e-02	7.229013984245462321e-02
1.040120595935886058e+03	2.721580864700424152e-01	1.745390076248219124e-01	2.369279544087602163e-01	1.461185758096140708e-01	6.970347173149342435e-02	2.803683371567984584e-02	7.251607023937840790e-02
1.044958366149541234e+03	2.713545753523489701e-01	1.740009366096601229e-01	2.374528731054447173e-01	1.464729438719108712e-01	6.985093426029494179e-02	2.812705135341551574e-02	7.274068544671517811e-02
1.049796136363196410e+03	2.705557083833293186e-01	1.734658896019302954e-01	2.379745258291545706e-01	1.468253148251484341e-01	6.999766152661211771e-02	2.821690831757480908e-02	7.296399151604074373e-02
1.054633906576851814e+03	2.697614584149848338e-01	1.729338496777288459e-01	2.384929372839145190e-01	1.471756992435576672e-01	7.014365586912897632e-02	2.830640496926657007e-02	7.318599454120885972e-02
1.059471676790506763e+03	2.689717984667150952e-01	1.724048000051176532e-01	2.390081318756331064e-01	1.475241076585824540e-01	7.028891964861053165e-02	2.839554168986631669e-02	7.340670065526513910e-02
1.064309447004162394e+03	2.681867017240457951e-01	1.718787238436955966e-01	2.395201337183666124e-01	1.478705505586979108e-01	7.043345524699323734e-02	2.848431888051660560e-02	7.362611602747451411e-02
1.069147217217817570e+03	2.674061415373736872e-01	1.713556045441697595e-01	2.400289666404068489e-01	1.482150383892414935e-01	7.057726506650086051e-02	2.857273696163905446e-02	7.384424686045858166e-02
1.073984987431472746e+03	2.666300914207268558e-01	1.708354255479269668e-01	2.405346541901981494e-01	1.485575815522565957e-01	7.072035152878491937e-02	2.866079637245763298e-02	7.406109938743912768e-02
1.078822757645127922e+03	2.658585250505409725e-01	1.703181703866054331e-01	2.410372196420889623e-01	1.488981904063482464e-01	7.086271707408928200e-02	2.874849757053299718e-02	7.427667986958429169e-02
1.083660527858783553e+03	2.650914162644508743e-01	1.698038226816662999e-01	2.415366860019231288e-01	1.492368752665504394e-01	7.100436416043783006e-02	2.883584103130755819e-02	7.449099459345395746e-02
1.088498298072438729e+03	2.643287390600969622e-01	1.692923661439658112e-01	2.420330760124755898e-01	1.495736464042047575e-01	7.114529526284490979e-02	2.892282724766094895e-02	7.470404986854108087e-02
1.093336068286093905e+03	2.635704675939462560e-01	1.687837845733274889e-01	2.425264121587375199e-01	1.499085140468497945e-01	7.128551287254768221e-02	2.900945672947569109e-02	7.491585202490562423e-02
1.098173838499749309e+03	2.628165761801278810e-01	1.682780618581148357e-01	2.430167166730554107e-01	1.502414883781211796e-01	7.142501949625985891e-02	2.909573000321274971e-02	7.512640741089814111e-02
1.103011608713404712e+03	2.620670392892825440e-01	1.677751819748043161e-01	2.435040115401286842e-01	1.505725795376617604e-01	7.156381765544617135e-02	2.918164761149674019e-02	7.533572239096986145e-02
1.107849378927059888e+03	2.613218315474255538e-01	1.672751289875590297e-01	2.439883185018698886e-01	1.509017976210416112e-01	7.170190988561703227e-02	2.926721011271050596e-02	7.554380334356645965e-02
1.112687149140715292e+03	2.605809277348232755e-01	1.667778870478028030e-01	2.444696590621322219e-01	1.512291526796873675e-01	7.183929873564275093e-02	2.935241808059887297e-02	7.575065665910273027e-02
1.117524919354370468e+03	2.598443027848830744e-01	1.662834403937946959e-01	2.449480544913078817e-01	1.515546547208210248e-01	7.197598676708681642e-02	2.943727210388128596e-02	7.595628873801528458e-02
1.122362689568025871e+03	2.591119317830553603e-01	1.657917733502045077e-01	2.454235258308014034e-01	1.518783137074072032e-01	7.211197655355766623e-02	2.952177278587314255e-02	7.616070598889078391e-02
1.127200459781681047e+03	2.583837899657488446e-01	1.653028703276885336e-01	2.458960938973820676e-01	1.522001395581092653e-01	7.224727068007853747e-02	2.960592074411559291e-02	7.636391482666714248e-02
1.132038229995336451e+03	2.576598527192579535e-01	1.648167158224664031e-01	2.463657792874185959e-01	1.525201421472535956e-01	7.238187174247460998e-02	2.968971661001356538e-02	7.656592167090520151e-02
1.136876000208991627e+03	2.569400955787019547e-01	1.643332944158985565e-01	2.468326023810000491e-01	1.528383313048017333e-01	7.251578234677735768e-02	2.977316102848182044e-02	7.676673294412839077e-02
1.141713770422646803e+03	2.562244942269764625e-01	1.638525907740643883e-01	2.472965833459462581e-01	1.531547168163302775e-01	7.264900510864526206e-02	2.985625465759888034e-02	7.696635507022835110e-02
1.146551540636302207e+03	2.555130244937157125e-01	1.633745896473414727e-01	2.477577421417112569e-01	1.534693084230182858e-01	7.278154265280066537e-02	2.993899816826851856e-02	7.716479447293397853e-02
1.151389310849957155e+03	2.548056623542670485e-01	1.628992758699854548e-01	2.482160985231828265e-01	1.537821158216416406e-01	7.291339761248218088e-02	3.002139224388873998e-02	7.736205757434194696e-02
1.156227081063612786e+03	2.541023839286758457e-01	1.624266343597111084e-01	2.486716720443813977e-01	1.540931486645746029e-01	7.304457262891235481e-02	3.010343758002798770e-02	7.755815079350647512e-02
1.161064851277267962e+03	2.534031654806817024e-01	1.619566501172740869e-01	2.491244820620613087e-01	1.544024165597977227e-01	7.317507035078001099e-02	3.018513488410842771e-02	7.775308054508646427e-02
1.165902621490923138e+03	2.527079834167248462e-01	1.614893082260539237e-01	2.495745477392174450e-01	1.547099290709124941e-01	7.330489343373700062e-02	3.026648487509612725e-02	7.794685323804784183e-02
1.170740391704578315e+03	2.520168142849635307e-01	1.610245938516378650e-01	2.500218880485000073e-01	1.550156957171618666e-01	7.343404453990889924e-02	3.034748828319794658e-02	7.813947527441952867e-02
1.175578161918233945e+03	2.513296347743013692e-01	1.605624922414058131e-01	2.504665217755402962e-01	1.553197259734571678e-01	7.356252633741916513e-02	3.042814584956498800e-02	7.833095304810089310e-02
1.180415932131889122e+03	2.506464217134246053e-01	1.601029887241163241e-01	2.509084675221900373e-01	1.556220292704104391e-01	7.369034149992666205e-02	3.050845832600244251e-02	7.852129294371912316e-02
1.185253702345544298e+03	2.499671520698495963e-01	1.596460687094939934e-01	2.513477437096772182e-01	1.559226149943725437e-01	7.381749270617593561e-02	3.058842647468566767e-02	7.871050133553465777e-02
1.190091472559199701e+03	2.492918029489797072e-01	1.591917176878175078e-01	2.517843685816803512e-01	1.562214924874765209e-01	7.394398263955989647e-02	3.066805106788234384e-02	7.889858458639330274e-02
1.194929242772855105e+03	2.486203515931716956e-01	1.587399212295092510e-01	2.522183602073240771e-01	1.565186710476862975e-01	7.406981398769478531e-02	3.074733288768058057e-02	7.908554904672297770e-02
1.199767012986510281e+03	2.479527753808115076e-01	1.582906649847259373e-01	2.526497364840985527e-01	1.568141599288501165e-01	7.419498944200682289e-02	3.082627272572279267e-02	7.927140105357398381e-02
1.204604783200165684e+03	2.472890518253993142e-01	1.578439346829505485e-01	2.530785151407041189e-01	1.571079683407590466e-01	7.431951169733043427e-02	3.090487138294524191e-02	7.945614692970108528e-02
1.209442553413820860e+03	2.466291585746431536e-01	1.573997161325854377e-01	2.535047137398246941e-01	1.574001054492098761e-01	7.444338345151757519e-02	3.098312966932307080e-02	7.963979298268596130e-02
1.214280323627476264e+03	2.459730734095617877e-01	1.569579952205467088e-01	2.539283496808310558e-01	1.576905803760728086e-01	7.456660740505796636e-02	3.106104840362073835e-02	7.982234550409868234e-02
1.219118093841131440e+03	2.453207742435959404e-01	1.565187579118600125e-01	2.543494402024163437e-01	1.579794021993630171e-01	7.468918626070988886e-02	3.113862841314771202e-02	8.000381076869680919e-02
1.223955864054786844e+03	2.446722391217282799e-01	1.560819902492573685e-01	2.547680023851660036e-01	1.582665799533166662e-01	7.481112272314130451e-02	3.121587053351924587e-02	8.018419503366083778e-02
1.228793634268442020e+03	2.440274462196115046e-01	1.556476783527757091e-01	2.551840531540638390e-01	1.585521226284708207e-01	7.493241949858091278e-02	3.129277560842221723e-02	8.036350453786474113e-02
1.233631404482097196e+03	2.433863738427045897e-01	1.552158084193563103e-01	2.555976092809363887e-01	1.588360391717471842e-01	7.505307929447903315e-02	3.136934448938580311e-02	8.054174550118035902e-02
1.238469174695752372e+03	2.427490004254175548e-01	1.547863667224460282e-01	2.560086873868374080e-01	1.591183384865394734e-01	7.517310481917789666e-02	3.144557803555694808e-02	8.071892412381440063e-02
1.243306944909407548e+03	2.421153045302635587e-01	1.543593396115995608e-01	2.564173039443733981e-01	1.593990294328044288e-01	7.529249878159122167e-02	3.152147711348050191e-02	8.089504658567701900e-02
1.248144715123063179e+03	2.414852648470192376e-01	1.539347135120834043e-01	2.568234752799734566e-01	1.596781208271561836e-01	7.541126389089272686e-02	3.159704259688388139e-02	8.107011904578076411e-02
1.252982485336718355e+03	2.408588601918924543e-01	1.535124749244808628e-01	2.572272175761038948e-01	1.599556214429639356e-01	7.552940285621337346e-02	3.167227536646618352e-02	8.124414764166888736e-02
1.257820255550373531e+03	2.402360695066975971e-01	1.530926104242989194e-01	2.576285468734294537e-01	1.602315400104528387e-01	7.564691838634718390e-02	3.174717630969166315e-02	8.141713848887199845e-02
1.262658025764028707e+03	2.396168718580384271e-01	1.526751066615761321e-01	2.580274790729228385e-01	1.605058852168076422e-01	7.576381318946526222e-02	3.182174632058741570e-02	8.158909768039192267e-02
1.267495795977684338e+03	2.390012464364980049e-01	1.522599503604923077e-01	2.584240299379244044e-01	1.607786657062797719e-01	7.588008997283787749e-02	3.189598629954521619e-02	8.176003128621200933e-02
1.272333566191339514e+03	2.383891725558360264e-01	1.518471283189793408e-01	2.588182150961529926e-01	1.610498900802966038e-01	7.599575144256445758e-02	3.196989715312740371e-02	8.192994535283275315e-02
1.277171336404994690e+03	2.377806296521929597e-01	1.514366274083338570e-01	2.592100500416689712e-01	1.613195668975738739e-01	7.611080030331116020e-02	3.204347979387674183e-02	8.209884590283197947e-02
1.282009106618650094e+03	2.371755972833013149e-01	1.510284345728310496e-01	2.595995501367921454e-01	1.615877046742304479e-01	7.622523925805591016e-02	3.211673514013010933e-02	8.226673893444857999e-02
1.286846876832305497e+03	2.365740551277035753e-01	1.506225368293400979e-01	2.599867306139745371e-01	1.618543118839056161e-01	7.633907100784062538e-02	3.218966411583600029e-02	8.243363042118907746e-02
1.291684647045960673e+03	2.359759829839770950e-01	1.502189212669412799e-01	2.603716065776300326e-01	1.621193969578786920e-01	7.645229825153054826e-02	3.226226765037569499e-02	8.259952631145620061e-02
1.296522417259616077e+03	2.353813607699652422e-01	1.498175750465442768e-01	2.607541930059220081e-01	1.623829682851910261e-01	7.656492368558050210e-02	3.233454667838802504e-02	8.276443252819844221e-02
1.301360187473271253e+03	2.347901685220154522e-01	1.494184854005083385e-01	2.611345047525099883e-01	1.626450342127701565e-01	7.667695000380761461e-02	3.240650213959772596e-02	8.292835496858022570e-02
1.306197957686926657e+03	2.342023863942235273e-01	1.490216396322636139e-01	2.615125565482568915e-01	1.629056030455558191e-01	7.678837989717081369e-02	3.247813497864719678e-02	8.309129950367162565e-02
1.311035727900581833e+03	2.336179946576841526e-01	1.486270251159344247e-01	2.618883630028974729e-01	1.631646830466282894e-01	7.689921605355648504e-02	3.254944614493160415e-02	8.325327197815704516e-02
1.315873498114237009e+03	2.330369736997478791e-01	1.482346292959636214e-01	2.622619386066696867e-01	1.634222824373384453e-01	7.700946115757034693e-02	3.262043659243737959e-02	8.341427821006215659e-02
1.320711268327892412e+03	2.324593040232839358e-01	1.478444396867390487e-01	2.626332977319091877e-01	1.636784093974396614e-01	7.711911789033541742e-02	3.269110727958382534e-02	8.357432399049848082e-02
1.325549038541547588e+03	2.318849662459495364e-01	1.474564438722210102e-01	2.630024546346091396e-01	1.639330720652213691e-01	7.722818892929572687e-02	3.276145916906798156e-02	8.373341508342484196e-02
1.330386808755202765e+03	2.313139410994645984e-01	1.470706295055717316e-01	2.633694234559451619e-01	1.641862785376446143e-01	7.733667694802578985e-02	3.283149322771252571e-02	8.389155722542517013e-02
1.335224578968857941e+03	2.307462094288928733e-01	1.466869843087861836e-01	2.637342182237674693e-01	1.644380368704786988e-01	7.744458461604561417e-02	3.290121042631667658e-02	8.404875612550205544e-02
1.340062349182513572e+03	2.301817521919284626e-01	1.463054960723243758e-01	2.640968528540602045e-01	1.646883550784398464e-01	7.755191459864123338e-02	3.297061173951009588e-02	8.420501746488537331e-02
1.344900119396168748e+03	2.296205504581882162e-01	1.459261526547455112e-01	2.644573411523693518e-01	1.649372411353308421e-01	7.765866955669033234e-02	3.303969814560966944e-02	8.436034689685556476e-02
1.349737889609823924e+03	2.290625854085098223e-01	1.455489419823436104e-01	2.648156968152003410e-01	1.651847029741824735e-01	7.776485214649316025e-02	3.310847062647911954e-02	8.451475004658086376e-02
1.354575659823479100e+03	2.285078383342553643e-01	1.451738520487844963e-01	2.651719334313856757e-01	1.654307484873960288e-01	7.787046501960837031e-02	3.317693016739135109e-02	8.466823251096809722e-02
1.359413430037134731e+03	2.279562906366204011e-01	1.448008709147447781e-01	2.655260644834234185e-01	1.656753855268870423e-01	7.797551082269382761e-02	3.324507775689354572e-02	8.482079985852639115e-02
1.364251200250789907e+03	2.274079238259483493e-01	1.444299867075520272e-01	2.658781033487882528e-01	1.659186219042302346e-01	7.807999219735206609e-02	3.331291438667489946e-02	8.497245762924350576e-02
1.369088970464445310e+03	2.268627195210503600e-01	1.440611876208268416e-01	2.662280633012148456e-01	1.661604653908057561e-01	7.818391177998046393e-02	3.338044105143696955e-02	8.512321133447409149e-02
1.373926740678100487e+03	2.263206594485303869e-01	1.436944619141263535e-01	2.665759575119542868e-01	1.664009237179462086e-01	7.828727220162591538e-02	3.344765874876652612e-02	8.527306645683953301e-02
1.378764510891755890e+03	2.257817254421153885e-01	1.433297979125894295e-01	2.669217990510056593e-01	1.666400045770849159e-01	7.839007608784387404e-02	3.351456847901092273e-02	8.542202845013895096e-02
1.383602281105411066e+03	2.252458994419908045e-01	1.429671840065833144e-01	2.672656008883215750e-01	1.668777156199049427e-01	7.849232605856172607e-02	3.358117124515590940e-02	8.557010273927090349e-02
1.388440051319066470e+03	2.247131634941409994e-01	1.426066086513519959e-01	2.676073758949895076e-01	1.671140644584891699e-01	7.859402472794636829e-02	3.364746805270580482e-02	8.571729472016534346e-02
1.393277821532721646e+03	2.241834997496946480e-01	1.422480603666662347e-01	2.679471368443898660e-01	1.673490586654711454e-01	7.869517470427574157e-02	3.371345990956604172e-02	8.586360975972547049e-02
1.398115591746377049e+03	2.236568904642752265e-01	1.418915277364750649e-01	2.682848964133306424e-01	1.675827057741866855e-01	7.879577858981452743e-02	3.377914782592795345e-02	8.600905319577904773e-02
1.402953361960032225e+03	2.231333179973561953e-01	1.415369994085588778e-01	2.686206671831593562e-01	1.678150132788264193e-01	7.889583898069350842e-02	3.384453281415586434e-02	8.615363033703897500e-02
1.407791132173687402e+03	2.226127648116211499e-01	1.411844640941842532e-01	2.689544616408535149e-01	1.680459886345886666e-01	7.899535846679295314e-02	3.390961588867631715e-02	8.629734646307238299e-02
1.412628902387342805e+03	2.220952134723286342e-01	1.408339105677602898e-01	2.692862921800895926e-01	1.682756392578334259e-01	7.909433963162942893e-02	3.397439806586950717e-02	8.644020682427838720e-02
1.417466672600997981e+03	2.215806466466817282e-01	1.404853276664966011e-01	2.696161711022914131e-01	1.685039725262365840e-01	7.919278505224637554e-02	3.403888036396276323e-02	8.658221664187382149e-02
1.422304442814653157e+03	2.210690471032022153e-01	1.401387042900627267e-01	2.699441106176583838e-01	1.687309957789449866e-01	7.929069729910810660e-02	3.410306380292616596e-02	8.672338110788668786e-02
1.427142213028308333e+03	2.205603977111092462e-01	1.397940294002494865e-01	2.702701228461741878e-01	1.689567163167318142e-01	7.938807893599729437e-02	3.416694940437013661e-02	8.686370538515707229e-02
1.431979983241963964e+03	2.200546814397028317e-01	1.394512920206316120e-01	2.705942198185962155e-01	1.691811414021526239e-01	7.948493251991567421e-02	3.423053819144503129e-02	8.700319460734524946e-02
1.436817753455619140e+03	2.195518813577515271e-01	1.391104812362321530e-01	2.709164134774265653e-01	1.694042782597016406e-01	7.958126060098807963e-02	3.429383118874268499e-02	8.714185387894655965e-02
1.441655523669274316e+03	2.190519806328846963e-01	1.387715861931883288e-01	2.712367156778650035e-01	1.696261340759687430e-01	7.967706572236965545e-02	3.435682942219984992e-02	8.727968827531290552e-02
1.446493293882929493e+03	2.185549625309890776e-01	1.384345960984192381e-01	2.715551381887442717e-01	1.698467159997965881e-01	7.977235042015602684e-02	3.441953391900349352e-02	8.741670284268049373e-02
1.451331064096585123e+03	2.180608104156097071e-01	1.380995002192947352e-01	2.718716926934481859e-01	1.700660311424381510e-01	7.986711722329671581e-02	3.448194570749800458e-02	8.755290259820361354e-02
1.456168834310240300e+03	2.175695077473551731e-01	1.377662878833064986e-01	2.721863907908132485e-01	1.702840865777147106e-01	7.996136865351122225e-02	3.454406581709405094e-02	8.768829252999421620e-02
1.461006604523895703e+03	2.170810380833071151e-01	1.374349484777400709e-01	2.724992439960137180e-01	1.705008893421737226e-01	8.005510722520817191e-02	3.460589527817935218e-02	8.782287759716697617e-02
1.465844374737550879e+03	2.165953850764337218e-01	1.371054714493487869e-01	2.728102637414310805e-01	1.707164464352476096e-01	8.014833544540718446e-02	3.466743512203108307e-02	8.795666272988968137e-02
1.470682144951206283e+03	2.161125324750075849e-01	1.367778463040294212e-01	2.731194613775080882e-01	1.709307648194119955e-01	8.024105581366346163e-02	3.472868638072998393e-02	8.808965282943861941e-02
