5.128036426474600376e+02	3.950349449095006960e-01	2.555243665912309003e-01	1.509532336156745869e-01	9.301315148809698174e-02	4.893038401527902148e-02	1.637747586495032562e-02	4.016644351505574417e-02
5.176414128611153274e+02	3.935114848070017102e-01	2.545341213025427152e-01	1.521431424281216027e-01	9.365211748165463979e-02	4.915978846913879319e-02	1.649413951494917152e-02	4.050520599637959240e-02
5.224791830747705035e+02	3.919971456305102464e-01	2.535493591672891567e-01	1.533210697702834524e-01	9.428795346951868162e-02	4.938876247897768662e-02	1.661088397398640532e-02	4.084482550922254734e-02
5.273169532884259070e+02	3.904918647319852720e-01	2.525700518798077443e-01	1.544872391138911727e-01	9.492066321944149510e-02	4.961728742973505607e-02	1.672769548658569957e-02	4.118519813834168458e-02
5.321547235020811968e+02	3.889955801327293905e-01	2.515961712179221599e-01	1.556418678198588645e-01	9.555025088668142597e-02	4.984534539091328709e-02	1.684456068899476203e-02	4.152622386268822047e-02
5.369924937157364866e+02	3.875082305098758173e-01	2.506276890447829975e-01	1.567851673267984247e-01	9.617672099922437712e-02	5.007291909539812735e-02	1.696146659812949181e-02	4.186780642557896143e-02
5.418302639293917764e+02	3.860297551832594376e-01	2.496645773106263566e-01	1.579173433335398224e-01	9.680007844348642587e-02	5.029999191893812227e-02	1.707840060085089734e-02	4.220985320908714894e-02
5.466680341430470662e+02	3.845600941026616204e-01	2.487068080544524162e-01	1.590385959758486845e-01	9.742032845048230472e-02	5.052654786026237327e-02	1.719535044356440556e-02	4.255227511251645500e-02
5.515058043567023560e+02	3.830991878354151337e-01	2.477543534056264873e-01	1.601491199975277335e-01	9.803747658244472973e-02	5.075257152181632259e-02	1.731230422213142842e-02	4.289498643482643481e-02
5.563435745703576458e+02	3.816469775543593901e-01	2.468071855854059027e-01	1.612491049160815204e-01	9.865152871988004668e-02	5.097804809109612867e-02	1.742925037208345115e-02	4.323790476088183038e-02
5.611813447840129356e+02	3.802034050261344222e-01	2.458652769083943535e-01	1.623387351831189207e-01	9.926249104904628917e-02	5.120296332256268901e-02	1.754617765912922650e-02	4.358095085140230307e-02
5.660191149976681118e+02	3.787684125998030948e-01	2.449285997839269202e-01	1.634181903396621227e-01	9.987037004984021527e-02	5.142730352011688766e-02	1.766307516994584242e-02	4.392404853649312102e-02
5.708568852113234016e+02	3.773419431957912851e-01	2.439971267173873803e-01	1.644876451665249206e-01	1.004751724840799859e-01	5.165105552011855367e-02	1.777993230324487542e-02	4.426712461264119963e-02
5.756946554249786914e+02	3.759239402951364828e-01	2.430708303114606506e-01	1.655472698299186862e-01	1.010769053841710369e-01	5.187420667493170684e-02	1.789673876110501466e-02	4.461010874306461926e-02
5.805324256386339812e+02	3.745143479290347077e-01	2.421496832673222799e-01	1.665972300224386748e-01	1.016755760421426541e-01	5.209674483697973590e-02	1.801348454056286505e-02	4.495293336130727624e-02
5.853701958522892710e+02	3.731131106686767507e-01	2.412336583857671024e-01	1.676376870995787416e-01	1.022711919990436508e-01	5.231865834329419568e-02	1.813015992545388699e-02	4.529553357797392460e-02
5.902079660659445608e+02	3.717201736153645797e-01	2.403227285682792702e-01	1.686687982119175477e-01	1.028637610346852804e-01	5.253993600054179119e-02	1.824675547849567009e-02	4.563784709050417582e-02
5.950457362795999643e+02	3.703354823908995841e-01	2.394168668180454707e-01	1.696907164331148965e-01	1.034532911577206726e-01	5.276056707051443584e-02	1.836326203360602941e-02	4.597981409588725032e-02
5.998835064932552541e+02	3.689589831282338861e-01	2.385160462409134929e-01	1.707035908838525629e-01	1.040397905960495778e-01	5.298054125606774245e-02	1.847967068844860727e-02	4.632137720622254290e-02
6.047212767069104302e+02	3.675906224623761709e-01	2.376202400462976427e-01	1.717075668518492915e-01	1.046232677875384431e-01	5.319984868749391693e-02	1.859597279719890986e-02	4.666248136703404770e-02
6.095590469205657200e+02	3.662303475215454296e-01	2.367294215480331976e-01	1.727027859080756678e-01	1.052037313710452587e-01	5.341847990931525292e-02	1.871215996352395411e-02	4.700307377824964467e-02
6.143968171342210098e+02	3.648781059185635112e-01	2.358435641651813464e-01	1.736893860192905426e-01	1.057811901777398894e-01	5.363642586748507829e-02	1.882822403376887763e-02	4.734310381775915649e-02
6.192345873478761860e+02	3.635338457424799885e-01	2.349626414227865279e-01	1.746675016570166661e-01	1.063556532227099699e-01	5.385367789698328189e-02	1.894415709034410686e-02	4.768252296746791630e-02
6.240723575615315895e+02	3.621975155504215671e-01	2.340866269525876397e-01	1.756372639030698013e-01	1.069271296968435231e-01	5.407022770979403453e-02	1.905995144530686983e-02	4.802128474176499406e-02
6.289101277751868793e+02	3.608690643596601522e-01	2.332154944936847829e-01	1.765988005517510895e-01	1.074956289589793779e-01	5.428606738325365832e-02	1.917559963413103738e-02	4.835934461832829684e-02
6.337478979888421691e+02	3.595484416398914140e-01	2.323492178931630125e-01	1.775522362088099715e-01	1.080611605283166993e-01	5.450118934875703564e-02	1.929109440965946429e-02	4.869665997119079770e-02
6.385856682024975726e+02	3.582355973057183562e-01	2.314877711066745947e-01	1.784976923872806653e-01	1.086237340770754151e-01	5.471558638081126108e-02	1.940642873623319581e-02	4.903319000599487554e-02
6.434234384161527487e+02	3.569304817093333360e-01	2.306311281989814332e-01	1.794352876002922315e-01	1.091833594233995175e-01	5.492925158642569111e-02	1.952159578399208228e-02	4.936889569736404443e-02
6.482612086298080385e+02	3.556330456333924306e-01	2.297792633444585009e-01	1.803651374509492866e-01	1.097400465244954132e-01	5.514217839482771916e-02	1.963658892334148656e-02	4.970373972832354409e-02
6.530989788434633283e+02	3.543432402840760442e-01	2.289321508275601602e-01	1.812873547193766532e-01	1.102938054699977993e-01	5.535436054749420798e-02	1.975140171958000151e-02	5.003768643170355968e-02
6.579367490571185044e+02	3.530610172843304806e-01	2.280897650432504031e-01	1.822020494470190655e-01	1.108446464755557803e-01	5.556579208848854562e-02	1.986602792768318512e-02	5.037070173346096247e-02
6.627745192707737942e+02	3.517863286672846534e-01	2.272520804973984232e-01	1.831093290182833067e-01	1.113925798766322167e-01	5.577646735509379783e-02	1.998046148723853915e-02	5.070275309785747531e-02
6.676122894844290840e+02	3.505191268698363838e-01	2.264190718071405206e-01	1.840092982396081545e-01	1.119376161225094091e-01	5.598638096873269354e-02	2.009469651752705116e-02	5.103380947443422744e-02
6.724500596980843738e+02	3.492593647264036760e-01	2.255907137012095331e-01	1.849020594160439013e-01	1.124797657704944692e-01	5.619552782616539510e-02	2.020872731274681033e-02	5.136384124672462720e-02
6.772878299117396637e+02	3.480069954628353668e-01	2.247669810202334861e-01	1.857877124254213863e-01	1.130190394803182036e-01	5.640390309095648369e-02	2.032254833737436733e-02	5.169282018264914624e-02
6.821256001253949535e+02	3.467619726904765387e-01	2.239478487170034615e-01	1.866663547901876163e-01	1.135554480087209439e-01	5.661150218520256960e-02	2.043615422165952558e-02	5.202071938653777400e-02
6.869633703390502433e+02	3.455242504003842030e-01	2.231332918567129897e-01	1.875380817469820827e-01	1.140890022042197194e-01	5.681832078151249910e-02	2.054953975724960538e-02	5.234751325272731654e-02
6.918011405527055331e+02	3.442937829576883657e-01	2.223232856171689642e-01	1.884029863140264660e-01	1.146197130020506771e-01	5.702435479523225437e-02	2.066269989293907650e-02	5.267317742068263614e-02
6.966389107663608229e+02	3.430705250960938146e-01	2.215178052889758831e-01	1.892611593563974237e-01	1.151475914192812700e-01	5.722960037690676127e-02	2.077562973054083648e-02	5.299768873159241972e-02
7.014766809800161127e+02	3.418544319125195186e-01	2.207168262756936394e-01	1.901126896492498497e-01	1.156726485500867707e-01	5.743405390497147156e-02	2.088832452087536345e-02	5.332102518639181971e-02
7.063144511936714025e+02	3.406454588618698653e-01	2.199203240939704707e-01	1.909576639390562214e-01	1.161948955611857154e-01	5.763771197866627422e-02	2.100077965987415946e-02	5.364316590516569200e-02
7.111522214073266923e+02	3.394435617519350190e-01	2.191282743736515937e-01	1.917961670029257049e-01	1.167143436874295004e-01	5.784057141116492190e-02	2.111299068479399743e-02	5.396409108788769587e-02
7.159899916209819821e+02	3.382486967384160659e-01	2.183406528578643313e-01	1.926282817060634145e-01	1.172310042275407083e-01	5.804262922291334587e-02	2.122495327053859626e-02	5.428378197645204739e-02
7.208277618346371582e+02	3.370608203200707864e-01	2.175574354030808677e-01	1.934540890574303618e-01	1.177448885399958733e-01	5.824388263517015635e-02	2.133666322608445201e-02	5.460222081795599453e-02
7.256655320482924481e+02	3.358798893339774438e-01	2.167785979791593820e-01	1.942736682636606038e-01	1.182560080390477608e-01	5.844432906374314590e-02	2.144811649100768908e-02	5.491939082919244236e-02
7.305033022619478515e+02	3.347058609509119265e-01	2.160041166693640047e-01	1.950870967812915746e-01	1.187643741908828293e-01	5.864396611291573108e-02	2.155930913210879832e-02	5.523527616231364151e-02
7.353410724756030277e+02	3.335386926708354127e-01	2.152339676703648730e-01	1.958944503673613058e-01	1.192699985099094501e-01	5.884279156955731643e-02	2.167023734013237904e-02	5.554986187162779671e-02
7.401788426892584312e+02	3.323783423184895058e-01	2.144681272922185911e-01	1.966958031284248010e-01	1.197728925551727192e-01	5.904080339741194644e-02	2.178089742657892541e-02	5.586313388149202058e-02
7.450166129029136073e+02	3.312247680390949522e-01	2.137065719583302881e-01	1.974912275680397455e-01	1.202730679268918940e-01	5.923799973155967347e-02	2.189128582060593034e-02	5.617507895526598072e-02
7.498543831165690108e+02	3.300779282941515569e-01	2.129492782053972744e-01	1.982807946327704296e-01	1.207705362631164014e-01	5.943437887304528489e-02	2.200139906601560058e-02	5.648568466529188536e-02
7.546921533302243006e+02	3.289377818573355206e-01	2.121962226833358223e-01	1.990645737567573181e-01	1.212653092364966573e-01	5.962993928366916441e-02	2.211123381832651516e-02	5.679493936386745268e-02
7.595299235438793630e+02	3.278042878104920343e-01	2.114473821551908495e-01	1.998426329048975936e-01	1.217573985511660184e-01	5.982467958093537486e-02	2.222078684192678455e-02	5.710283215517974326e-02
7.643676937575347665e+02	3.266774055397200782e-01	2.107027334970299204e-01	2.006150386146813014e-01	1.222468159397303994e-01	6.001859853315186927e-02	2.233005500730616752e-02	5.740935286816861022e-02
7.692054639711900563e+02	3.255570947315464259e-01	2.099622536978216492e-01	2.013818560367256760e-01	1.227335731603618335e-01	6.021169505467841715e-02	2.243903528836483502e-02	5.771449203028954089e-02
7.740432341848452324e+02	3.244433153691863581e-01	2.092259198592990865e-01	2.021431489740493082e-01	1.232176819939929807e-01	6.040396820131735400e-02	2.254772475979646001e-02	5.801824084214681626e-02
7.788810043985006359e+02	3.233360277288889750e-01	2.084937091958091737e-01	2.028989799201261213e-01	1.236991542416090994e-01	6.059541716584301158e-02	2.265612059454338162e-02	5.832059115296863577e-02
7.837187746121558121e+02	3.222351923763637771e-01	2.077655990341481518e-01	2.036494100957579878e-01	1.241780017216345122e-01	6.078604127366537407e-02	2.276422006132172021e-02	5.862153543689687524e-02
7.885565448258112156e+02	3.211407701632870149e-01	2.070415668133839815e-01	2.043944994848038710e-01	1.246542362674103177e-01	6.097583997862384558e-02	2.287202052221433413e-02	5.892106677006501980e-02
7.933943150394665054e+02	3.200527222238847003e-01	2.063215900846659678e-01	2.051343068688014637e-01	1.251278697247607263e-01	6.116481285890718739e-02	2.297951943032958480e-02	5.921917880843869525e-02
7.982320852531219089e+02	3.189710099715907243e-01	2.056056465110222553e-01	2.058688898605169348e-01	1.255989139496448970e-01	6.135295961309562840e-02	2.308671432752395364e-02	5.951586576639393555e-02
8.030698554667769713e+02	3.178955950957772503e-01	2.048937138671454716e-01	2.065983049364565616e-01	1.260673808058916656e-01	6.154028005632148496e-02	2.319360284218660584e-02	5.981112239600928915e-02
8.079076256804323748e+02	3.168264395585557169e-01	2.041857700391673525e-01	2.073226074683735820e-01	1.265332821630145987e-01	6.172677411654450136e-02	2.330018268708407281e-02	6.010494396704849779e-02
8.127453958940876646e+02	3.157635055916466205e-01	2.034817930244223472e-01	2.080418517538017986e-01	1.269966298941044569e-01	6.191244183093856657e-02	2.340645165726326291e-02	6.039732624761130764e-02
8.175831661077428407e+02	3.147067556933150212e-01	2.027817609312010938e-01	2.087560910456472962e-01	1.274574358737970425e-01	6.209728334238621972e-02	2.351240762801103806e-02	6.068826548543065913e-02
8.224209363213982442e+02	3.136561526253712762e-01	2.020856519784937633e-01	2.094653775808680840e-01	1.279157119763135730e-01	6.228129889607773861e-02	2.361804855286871521e-02	6.097775838979526547e-02
8.272587065350534203e+02	3.126116594102342772e-01	2.013934444957239389e-01	2.101697626082701387e-01	1.283714700735714975e-01	6.246448883621148751e-02	2.372337246169989311e-02	6.126580211407716553e-02
8.320964767487085965e+02	3.115732393280553625e-01	2.007051169224734199e-01	2.108692964154489369e-01	1.288247220333635645e-01	6.264685360279258208e-02	2.382837745880994618e-02	6.155239423884462796e-02
8.369342469623640000e+02	3.105408559139015701e-01	2.000206478081981709e-01	2.115640283549023726e-01	1.292754797176026149e-01	6.282839372852666582e-02	2.393306172111575592e-02	6.183753275554124823e-02
8.417720171760191761e+02	3.095144729549963447e-01	1.993400158119359722e-01	2.122540068693425375e-01	1.297237549806304069e-01	6.300910983580607083e-02	2.403742349636414644e-02	6.212121605071289909e-02
8.466097873896745796e+02	3.084940544880161450e-01	1.986631997020059659e-01	2.129392795162307617e-01	1.301695596675880584e-01	6.318900263378535165e-02	2.414146110139759119e-02	6.240344289076458356e-02
8.514475576033297557e+02	3.074795647964408962e-01	1.979901783557005135e-01	2.136198929915613109e-01	1.306129056128462751e-01	6.336807291554365229e-02	2.424517292046584477e-02	6.268421240723001664e-02
8.562853278169851592e+02	3.064709684079576779e-01	1.973209307589698092e-01	2.142958931529172217e-01	1.310538046384935040e-01	6.354632155533106175e-02	2.434855740358212242e-02	6.296352408253716448e-02
8.611230980306403353e+02	3.054682300919153715e-01	1.966554360060992490e-01	2.149673250418212556e-01	1.314922685528800428e-01	6.372374950589659859e-02	2.445161306492252967e-02	6.324137773625354564e-02
8.659608682442956251e+02	3.044713148568288785e-01	1.959936732993804165e-01	2.156342329054047047e-01	1.319283091492163273e-01	6.390035779589504916e-02	2.455433848126748961e-02	6.351777351179570263e-02
8.707986384579510286e+02	3.034801879479322451e-01	1.953356219487752954e-01	2.162966602174150876e-01	1.323619382042237058e-01	6.407614752737063324e-02	2.465673229048393617e-02	6.379271186358763390e-02
8.756364086716062047e+02	3.024948148447784146e-01	1.946812613715745155e-01	2.169546496985841899e-01	1.327931674768358383e-01	6.425111987331481866e-02	2.475879319004709034e-02	6.406619354465362126e-02
8.804741788852616082e+02	3.015151612588847230e-01	1.940305710920497695e-01	2.176082433363765445e-01	1.332220087069494185e-01	6.442527607529620337e-02	2.486051993560067785e-02	6.433821959463115192e-02
8.853119490989170117e+02	3.005411931314230234e-01	1.933835307411005122e-01	2.182574824041377259e-01	1.336484736142222463e-01	6.459861744116021653e-02	2.496191133955446076e-02	6.460879132819030701e-02
8.901497193125721878e+02	2.995728766309527780e-01	1.927401200558956085e-01	2.189024074796616648e-01	1.340725738969174019e-01	6.477114534279662661e-02	2.506296626971802471e-02	6.487791032384628009e-02
8.949874895262273640e+02	2.986101781511966147e-01	1.921003188795097072e-01	2.195430584631955784e-01	1.344943212307919134e-01	6.494286121397259415e-02	2.516368364796975343e-02	6.514557841315221642e-02
8.998252597398827675e+02	2.976530643088562411e-01	1.914641071605547307e-01	2.201794745948995047e-01	1.349137272680285826e-01	6.511376654822946530e-02	2.526406244895998063e-02	6.541179767025986913e-02
9.046630299535379436e+02	2.967015019414684374e-01	1.908314649528070339e-01	2.208116944717788688e-01	1.353308036362091682e-01	6.528386289684133537e-02	2.536410169884737234e-02	6.567657040183615125e-02
9.095008001671932334e+02	2.957554581052995735e-01	1.902023724148300676e-01	2.214397560641053753e-01	1.357455619373285072e-01	6.545315186683342557e-02	2.546380047406752653e-02	6.593989913732381525e-02
9.143385703808486369e+02	2.948149000732779301e-01	1.895768098095930165e-01	2.220636967313435739e-01	1.361580137468471063e-01	6.562163511905859392e-02	2.556315790013292608e-02	6.620178661953513011e-02
9.191763405945038130e+02	2.938797953329623791e-01	1.889547575040853022e-01	2.226835532375980031e-01	1.365681706127818140e-01	6.578931436633010665e-02	2.566217315046329106e-02	6.646223579556745364e-02
9.240141108081592165e+02	2.929501115845467574e-01	1.883361959689275333e-01	2.232993617665960939e-01	1.369760440548328795e-01	6.595619137160911583e-02	2.576084544524553932e-02	6.672124980803038896e-02
9.288518810218145063e+02	2.920258167388992132e-01	1.877211057779790415e-01	2.239111579362218496e-01	1.373816455635465950e-01	6.612226794624502524e-02	2.585917405032242544e-02	6.697883198657410275e-02
9.336896512354697961e+02	2.911068789156346925e-01	1.871094676079420038e-01	2.245189768126140406e-01	1.377849865995119938e-01	6.628754594826725965e-02	2.595715827610911922e-02	6.723498583970911879e-02
9.385274214491247449e+02	2.901932664412206209e-01	1.865012622379623730e-01	2.251228529238428477e-01	1.381860785925906332e-01	6.645202728072695242e-02	2.605479747653690129e-02	6.748971504690784440e-02
9.433651916627801484e+02	2.892849478471146707e-01	1.858964705492279490e-01	2.257228202731781652e-01	1.385849329411787123e-01	6.661571389008680288e-02	2.615209104802318843e-02	6.774302345097872602e-02
9.482029618764355519e+02	2.883818918679332821e-01	1.852950735245636471e-01	2.263189123519623869e-01	1.389815610114997213e-01	6.677860776465800730e-02	2.624903842846718072e-02	6.799491505070399955e-02
9.530407320900908417e+02	2.874840674396507145e-01	1.846970522480242405e-01	2.269111621521003042e-01	1.393759741369275107e-01	6.694071093308258391e-02	2.634563909627041581e-02	6.824539399373241721e-02
9.578785023037459041e+02	2.865914436978276858e-01	1.841023879044845213e-01	2.274996021781779676e-01	1.397681836173381431e-01	6.710202546285985725e-02	2.644189256938148103e-02	6.849446456971856889e-02
9.627162725174014213e+02	2.857039899758683221e-01	1.835110617792273247e-01	2.280842644592220025e-01	1.401582007184899725e-01	6.726255345891569981e-02	2.653779840436425869e-02	6.874213120370060992e-02
9.675540427310568248e+02	2.848216758033056961e-01	1.829230552575293323e-01	2.286651805601112586e-01	1.405460366714307296e-01	6.742229706221333774e-02	2.663335619548902813e-02	6.898839844970877655e-02
9.723918129447120009e+02	2.839444709041141213e-01	1.823383498242448775e-01	2.292423815926510622e-01	1.409317026719310306e-01	6.758125844840449925e-02	2.672856557384578960e-02	6.923327098459675089e-02
9.772295831583674044e+02	2.830723451950483138e-01	1.817569270633880296e-01	2.298158982263210359e-01	1.413152098799432543e-01	6.773943982651954576e-02	2.682342620647917494e-02	6.947675360208879769e-02
9.820673533720223531e+02	2.822052687840083118e-01	1.811787686577127354e-01	2.303857606987065598e-01	1.416965694190849834e-01	6.789684343769562813e-02	2.691793779554436591e-02	6.971885120703559535e-02
9.869051235856777566e+02	2.813432119684295407e-01	1.806038563882916559e-01	2.309519988256239498e-01	1.420757923761462871e-01	6.805347155394157743e-02	2.701210007748347172e-02	6.995956880987164173e-02
9.917428937993331601e+02	2.804861452336977479e-01	1.800321721340934489e-01	2.315146420109488179e-01	1.424528898006200417e-01	6.820932647693857265e-02	2.710591282222171022e-02	7.019891152126774003e-02
9.965806640129884499e+02	2.796340392515876960e-01	1.794636978715586917e-01	2.320737192561568296e-01	1.428278727042543994e-01	6.836441053687535019e-02	2.719937583238293821e-02	7.043688454697216716e-02
1.001418434226643626e+03	2.787868648787250603e-01	1.788984156741745823e-01	2.326292591695861278e-01	1.432007520606269624e-01	6.851872609131721970e-02	2.729248894252395835e-02	7.067349318283418225e-02
1.006256204440298802e+03	2.779445931550715843e-01	1.783363077120484752e-01	2.331812899754298063e-01	1.435715388047395791e-01	6.867227552410751223e-02	2.738525201838709969e-02	7.090874281000394963e-02
1.011093974653954206e+03	2.771071953024319967e-01	1.777773562514808892e-01	2.337298395224672587e-01	1.439402438326335132e-01	6.882506124430083638e-02	2.747766495617054786e-02	7.114263889030295052e-02
1.015931744867609382e+03	2.762746427229829105e-01	1.772215436545369616e-01	2.342749352925419526e-01	1.443068780010239305e-01	6.897708568512701810e-02	2.756972768181600517e-02	7.137518696175926269e-02
1.020769515081264785e+03	2.754469069978224827e-01	1.766688523786175968e-01	2.348166044087942606e-01	1.446714521269533149e-01	6.912835130298485009e-02	2.766144015031311854e-02	7.160639263430242096e-02
1.025607285294920075e+03	2.746239598855412800e-01	1.761192649760298379e-01	2.353548736436564814e-01	1.450339769874630091e-01	6.927886057646484574e-02	2.775280234502030749e-02	7.183626158561226549e-02
1.030445055508575479e+03	2.738057733208127398e-01	1.755727640935565714e-01	2.358897694266176293e-01	1.453944633192826019e-01	6.942861600540005396e-02	2.784381427700150652e-02	7.206479955711687924e-02
1.035282825722230655e+03	2.729923194130035036e-01	1.750293324720259835e-01	2.364213178517651781e-01	1.457529218185360798e-01	6.957762010994422708e-02	2.793447598437838464e-02	7.229201235013467397e-02
1.040120595935886058e+03	2.721835704448027915e-01	1.744889529458801547e-01	2.369495446851106191e-01	1.461093631404646320e-01	6.972587542967631502e-02	2.802478753169766051e-02	7.251790582215578151e-02
1.044958366149541234e+03	2.713794988708708167e-01	1.739516084427439879e-01	2.374744753717057122e-01	1.464637978991653877e-01	6.987338452273084144e-02	2.811474900931308640e-02	7.274248588325811504e-02
1.049796136363196410e+03	2.705800773165050188e-01	1.734172819829932766e-01	2.379961350425557343e-01	1.468162366673454733e-01	7.002014996495312116e-02	2.820436053278171928e-02	7.296575849265360403e-02
1.054633906576851814e+03	2.697852785763243388e-01	1.728859566793230773e-01	2.385145485213362448e-01	1.471666899760910308e-01	7.016617434907870821e-02	2.829362224227407324e-02	7.318772965536037012e-02
1.059471676790506763e+03	2.689950756129711462e-01	1.723576157363158612e-01	2.390297403309191993e-01	1.475151683146507242e-01	7.031146028393649161e-02	2.838253430199784780e-02	7.340840541899658345e-02
1.064309447004162394e+03	2.682094415558297085e-01	1.718322424500096091e-01	2.395417346997145425e-01	1.478616821302329021e-01	7.045601039367442586e-02	2.847109689963478463e-02	7.362779187069193321e-02
1.069147217217817570e+03	2.674283496997616472e-01	1.713098202074659626e-01	2.400505555678328629e-01	1.482062418278165539e-01	7.059982731700764624e-02	2.855931024579039246e-02	7.384589513411279893e-02
1.073984987431472746e+03	2.666517735038576031e-01	1.707903324863387640e-01	2.405562265930749899e-01	1.485488577699750901e-01	7.074291370648791433e-02	2.864717457345614463e-02	7.406272136659737548e-02
1.078822757645127922e+03	2.658796865902045004e-01	1.702737628544425397e-01	2.410587711567531710e-01	1.488895402767126119e-01	7.088527222779417158e-02	2.873469013748385439e-02	7.427827675639700478e-02
1.083660527858783553e+03	2.651120627426687415e-01	1.697600949693213457e-01	2.415582123693497951e-01	1.492282996253126715e-01	7.102690555904322967e-02	2.882185721407187762e-02	7.449256752002021698e-02
1.088498298072438729e+03	2.643488759056941140e-01	1.692493125778180285e-01	2.420545730760181313e-01	1.495651460501983832e-01	7.116781639012027816e-02	2.890867610026288601e-02	7.470559989967606729e-02
1.093336068286093905e+03	2.635901001831150170e-01	1.687413995156437363e-01	2.425478758619303843e-01	1.499000897428041101e-01	7.130800742202852982e-02	2.899514711345283977e-02	7.491738016081327112e-02
1.098173838499749309e+03	2.628357098369837885e-01	1.682363397069480127e-01	2.430381430574773405e-01	1.502331408514581135e-01	7.144748136625737878e-02	2.908127059091096880e-02	7.512791458975226488e-02
1.103011608713404712e+03	2.620856792864122986e-01	1.677341171638893902e-01	2.435253967433245459e-01	1.505643094812758043e-01	7.158624094416880801e-02	2.916704688931036349e-02	7.533720949140666756e-02
1.107849378927059888e+03	2.613399831064275869e-01	1.672347159862063726e-01	2.440096587553292062e-01	1.508936056940632098e-01	7.172428888640111633e-02	2.925247638426899457e-02	7.554527118709145062e-02
1.112687149140715292e+03	2.605985960268408230e-01	1.667381203607893603e-01	2.444909506893221118e-01	1.512210395082301539e-01	7.186162793228990930e-02	2.933755946990083616e-02	7.575210601241474939e-02
1.117524919354370468e+03	2.598614929311297006e-01	1.662443145612528539e-01	2.449692939057589169e-01	1.515466208987134855e-01	7.199826082930545212e-02	2.942229655837689389e-02	7.595772031525062362e-02
1.122362689568025871e+03	2.591286488553339873e-01	1.657532829475085734e-01	2.454447095342445206e-01	1.518703597969090213e-01	7.213419033250625945e-02	2.950668807949582279e-02	7.616212045378978335e-02
1.127200459781681047e+03	2.584000389869632874e-01	1.652650099653394933e-01	2.459172184779345460e-01	1.521922660906126212e-01	7.226941920400820063e-02	2.959073448026394021e-02	7.636531279466597655e-02
1.132038229995336451e+03	2.576756386639176832e-01	1.647794801459742109e-01	2.463868414178175814e-01	1.525123496239699783e-01	7.240395021246892604e-02	2.967443622448434279e-02	7.656730371115531841e-02
1.136876000208991627e+03	2.569554233734205329e-01	1.642966781056626746e-01	2.468535988168823470e-01	1.528306201974346523e-01	7.253778613258685115e-02	2.975779379235499178e-02	7.676809958144599488e-02
1.141713770422646803e+03	2.562393687509630924e-01	1.638165885452523562e-01	2.473175109241723124e-01	1.531470875677340138e-01	7.267092974461464294e-02	2.984080768007543044e-02	7.696770678697623103e-02
1.146551540636302207e+03	2.555274505792607953e-01	1.633391962497656724e-01	2.477785977787321237e-01	1.534617614478430703e-01	7.280338383388654244e-02	2.992347839946200502e-02	7.716613171083791523e-02
1.151389310849957155e+03	2.548196447872210224e-01	1.628644860879781275e-01	2.482368792134487800e-01	1.537746515069657871e-01	7.293515119035925975e-02	3.000580647757131528e-02	7.736338073624385303e-02
1.156227081063612786e+03	2.541159274489221409e-01	1.623924430119975670e-01	2.486923748587905048e-01	1.540857673705236519e-01	7.306623460816601134e-02	3.008779245633175919e-02	7.755946024505645797e-02
1.161064851277267962e+03	2.534162747826037010e-01	1.619230520568444853e-01	2.491451041464469440e-01	1.543951186201511228e-01	7.319663688518333877e-02	3.016943689218289440e-02	7.775437661637564501e-02
1.165902621490923138e+03	2.527206631496670131e-01	1.614562983400331664e-01	2.495950863128731656e-01	1.547027147936978486e-01	7.332636082261029253e-02	3.025074035572248438e-02	7.794813622518415031e-02
1.170740391704578315e+03	2.520290690536865497e-01	1.609921670611542677e-01	2.500423404027409813e-01	1.550085653852374401e-01	7.345540922455982835e-02	3.033170343136101441e-02	7.814074544104811226e-02
1.175578161918233945e+03	2.513414691394317280e-01	1.605306435014581534e-01	2.504868852722995642e-01	1.553126798450824020e-01	7.358378489766179142e-02	3.041232671698349335e-02	7.833221062687109604e-02
1.180415932131889122e+03	2.506578401918987398e-01	1.600717130234396712e-01	2.509287395926489417e-01	1.556150675798052829e-01	7.371149065067741923e-02	3.049261082361837474e-02	7.852253813769978497e-02
1.185253702345544298e+03	2.499781591353524568e-01	1.596153610704239001e-01	2.513679218529284998e-01	1.559157379522655429e-01	7.383852929412482169e-02	3.057255637511343410e-02	7.871173431957949329e-02
1.190091472559199701e+03	2.493024030323780782e-01	1.591615731661532585e-01	2.518044503634232489e-01	1.562147002816419439e-01	7.396490363991536920e-02	3.065216400781839781e-02	7.889980550845787644e-02
1.194929242772855105e+03	2.486305490829421039e-01	1.587103349143756392e-01	2.522383432585900143e-01	1.565119638434707139e-01	7.409061650100043361e-02	3.073143437027419864e-02	7.908675802913503472e-02
1.199767012986510281e+03	2.479625746234632722e-01	1.582616319984339881e-01	2.526696185000066874e-01	1.568075378696884570e-01	7.421567069102842640e-02	3.081036812290868093e-02	7.927259819425858112e-02
1.204604783200165684e+03	2.472984571258921849e-01	1.578154501808571586e-01	2.530982938792458170e-01	1.571014315486805868e-01	7.434006902401167627e-02	3.088896593773861332e-02	7.945733230336204933e-02
1.209442553413820860e+03	2.466381741968003416e-01	1.573717753029517386e-01	2.535243870206758121e-01	1.573936540253343397e-01	7.446381431400296569e-02	3.096722849807784575e-02	7.964096664194511566e-02
1.214280323627476264e+03	2.459817035764778337e-01	1.569305932843956253e-01	2.539479153841912029e-01	1.576842144010964231e-01	7.458690937478142102e-02	3.104515649825146523e-02	7.982350748059420520e-02
1.219118093841131440e+03	2.453290231380400588e-01	1.564918901228326831e-01	2.543688962678744003e-01	1.579731217340354654e-01	7.470935701954753427e-02	3.112275064331582186e-02	8.000496107414220570e-02
1.223955864054786844e+03	2.446801108865427621e-01	1.560556518934687886e-01	2.547873468105910644e-01	1.582603850389085742e-01	7.483116006062699721e-02	3.120001164878430031e-02	8.018533366086560976e-02
1.228793634268442020e+03	2.440349449581056540e-01	1.556218647486694306e-01	2.552032839945208020e-01	1.585460132872321126e-01	7.495232130918319524e-02	3.127694024035863885e-02	8.036463146171830829e-02
1.233631404482097196e+03	2.433935036190441603e-01	1.551905149175582532e-01	2.556167246476251931e-01	1.588300154073565840e-01	7.507284357493805571e-02	3.135353715366575450e-02	8.054286067960010620e-02
1.238469174695752372e+03	2.427557652650095266e-01	1.547615887056175143e-01	2.560276854460553086e-01	1.591124002845454022e-01	7.519272966590108409e-02	3.142980313399987985e-02	8.072002749865937743e-02
1.243306944909407548e+03	2.421217084201366943e-01	1.543350724942897656e-01	2.564361829164999995e-01	1.593931767610573258e-01	7.531198238810625500e-02	3.150573893606991444e-02	8.089613808362819403e-02
1.248144715123063179e+03	2.414913117362003370e-01	1.539109527405806976e-01	2.568422334384770078e-01	1.596723536362324170e-01	7.543060454535668868e-02	3.158134532375189707e-02	8.107119857918904104e-02
1.252982485336718355e+03	2.408645539917782241e-01	1.534892159766640118e-01	2.572458532465689562e-01	1.599499396665818030e-01	7.554859893897676593e-02	3.165662306984638741e-02	8.124521510937197932e-02
1.257820255550373531e+03	2.402414140914224949e-01	1.530698488094871801e-01	2.576470584326047142e-01	1.602259435658802966e-01	7.566596836757157052e-02	3.173157295584078802e-02	8.141819377698109039e-02
1.262658025764028707e+03	2.396218710648383154e-01	1.526528379203790919e-01	2.580458649477890831e-01	1.605003740052626249e-01	7.578271562679346485e-02	3.180619577167637102e-02	8.159014066304921819e-02
1.267495795977684338e+03	2.390059040660697798e-01	1.522381700646589231e-01	2.584422886047814116e-01	1.607732396133225161e-01	7.589884350911547950e-02	3.188049231551996071e-02	8.176106182632009167e-02
1.272333566191339514e+03	2.383934923726933053e-01	1.518258320712466691e-01	2.588363450797251386e-01	1.610445489762146465e-01	7.601435480361154462e-02	3.195446339354017506e-02	8.193096330275670414e-02
1.277171336404994690e+03	2.377846153850178001e-01	1.514158108422751225e-01	2.592280499142290973e-01	1.613143106377598057e-01	7.612925229574313279e-02	3.202810981968805260e-02	8.209985110507511674e-02
1.282009106618650094e+03	2.371792526252920752e-01	1.510080933527033487e-01	2.596174185173030780e-01	1.615825330995523945e-01	7.624353876715238287e-02	3.210143241548209236e-02	8.226773122230279789e-02
1.286846876832305497e+03	2.365773837369191113e-01	1.506026666499317990e-01	2.600044661672472057e-01	1.618492248210706974e-01	7.635721699546133001e-02	3.217443200979747120e-02	8.243460961936052711e-02
1.291684647045960673e+03	2.359789884836769880e-01	1.501995178534188125e-01	2.603892080134987963e-01	1.621143942197897647e-01	7.647028975407722806e-02	3.224710943865946589e-02	8.260049223666714180e-02
1.296522417259616077e+03	2.353840467489465849e-01	1.497986341542987820e-01	2.607716590784356359e-01	1.623780496712964871e-01	7.658275981200367288e-02	3.231946554504087910e-02	8.276538498976615532e-02
1.301360187473271253e+03	2.347925385349458882e-01	1.494000028150017645e-01	2.611518342591386821e-01	1.626401995094072794e-01	7.669462993365747105e-02	3.239150117866346906e-02	8.292929376897363591e-02
1.306197957686926657e+03	2.342044439619706542e-01	1.490036111688748111e-01	2.615297483291142422e-01	1.629008520262876514e-01	7.680590287869111521e-02	3.246321719580327197e-02	8.309222443904640265e-02
1.311035727900581833e+03	2.336197432676415664e-01	1.486094466198047970e-01	2.619054159399774040e-01	1.631600154725741381e-01	7.691658140182054681e-02	3.253461445909968525e-02	8.325418283886999726e-02
1.315873498114237009e+03	2.330384168061575834e-01	1.482174966418426387e-01	2.622788516230977751e-01	1.634176980574981175e-01	7.702666825265827577e-02	3.260569383736827004e-02	8.341517478116548812e-02
1.320711268327892412e+03	2.324604450475555029e-01	1.478277487788293709e-01	2.626500697912079740e-01	1.636739079490117932e-01	7.713616617555159316e-02	3.267645620541723139e-02	8.357520605221459287e-02
1.325549038541547588e+03	2.318858085769757438e-01	1.474401906440238053e-01	2.630190847399770382e-01	1.639286532739157032e-01	7.724507790942586327e-02	3.274690244386740251e-02	8.373428241160243979e-02
1.330386808755202765e+03	2.313144880939338455e-01	1.470548099197314385e-01	2.633859106495488600e-01	1.641819421179883665e-01	7.735340618763246467e-02	3.281703343897576786e-02	8.389240959197720449e-02
1.335224578968857941e+03	2.307464644115981844e-01	1.466715943569353586e-01	2.637505615860469277e-01	1.644337825261173724e-01	7.746115373780171343e-02	3.288685008246231001e-02	8.404959329882608077e-02
1.340062349182513572e+03	2.301817184560734364e-01	1.462905317749285394e-01	2.641130515030462589e-01	1.646841825024321637e-01	7.756832328170019941e-02	3.295635327134029124e-02	8.420583921026703056e-02
1.344900119396168748e+03	2.296202312656896727e-01	1.459116100609477717e-01	2.644733942430139151e-01	1.649331500104385118e-01	7.767491753509271624e-02	3.302554390774970622e-02	8.436115297685563286e-02
1.349737889609823924e+03	2.290619839902973687e-01	1.455348171698092052e-01	2.648316035387181522e-01	1.651806929731542140e-01	7.778093920760846547e-02	3.309442289879401672e-02	8.451554022140649047e-02
1.354575659823479100e+03	2.285069578905677690e-01	1.451601411235454164e-01	2.651876930146077616e-01	1.654268192732465115e-01	7.788639100261168791e-02	3.316299115637993955e-02	8.466900653882879213e-02
1.359413430037134731e+03	2.279551343372989147e-01	1.447875700110444197e-01	2.655416761881622123e-01	1.656715367531705896e-01	7.799127561707618062e-02	3.323124959706032916e-02	8.482155749597515559e-02
1.364251200250789907e+03	2.274064948107271389e-01	1.444170919876897607e-01	2.658935664712134272e-01	1.659148532153094935e-01	7.809559574146411609e-02	3.329919914188009950e-02	8.497319863150371022e-02
1.369088970464445310e+03	2.268610208998438071e-01	1.440486952750027472e-01	2.662433771712399144e-01	1.661567764221151267e-01	7.819935405960859454e-02	3.336684071622500469e-02	8.512393545575254461e-02
1.373926740678100487e+03	2.263186943017175268e-01	1.436823681602859004e-01	2.665911214926340311e-01	1.663973140962506925e-01	7.830255324860008193e-02	3.343417524967334797e-02	8.527377345062624181e-02
1.378764510891755890e+03	2.257794968208214348e-01	1.433180989962682117e-01	2.669368125379431578e-01	1.666364739207338297e-01	7.840519597867662283e-02	3.350120367585054243e-02	8.542271806949400248e-02
1.383602281105411066e+03	2.252434103683657041e-01	1.429558762007520634e-01	2.672804633090859472e-01	1.668742635390812190e-01	7.850728491311767532e-02	3.356792693228632940e-02	8.557077473709882864e-02
1.388440051319066470e+03	2.247104169616353231e-01	1.425956882562616213e-01	2.676220867085433164e-01	1.671106905554538002e-01	7.860882270814137374e-02	3.363434596027480711e-02	8.571794884947749049e-02
1.393277821532721646e+03	2.241804987233325663e-01	1.422375237096930034e-01	2.679616955405257350e-01	1.673457625348031830e-01	7.870981201280541351e-02	3.370046170473706831e-02	8.586424577389081825e-02
1.398115591746377049e+03	2.236536378809247660e-01	1.418813711719658921e-01	2.682993025121171438e-01	1.675794870030186956e-01	7.881025546891114175e-02	3.376627511408639842e-02	8.600967084876375013e-02
1.402953361960032225e+03	2.231298167659967746e-01	1.415272193176769222e-01	2.686349202343964460e-01	1.678118714470755724e-01	7.891015571091100633e-02	3.383178714009609650e-02	8.615422938363496985e-02
1.407791132173687402e+03	2.226090178136083675e-01	1.411750568847546239e-01	2.689685612235364620e-01	1.680429233151836954e-01	7.900951536581919676e-02	3.389699873776971795e-02	8.629792665911573124e-02
1.412628902387342805e+03	2.220912235616564756e-01	1.408248726741159751e-01	2.693002379018818448e-01	1.682726500169370309e-01	7.910833705312526887e-02	3.396191086521382907e-02	8.644076792685737032e-02
1.417466672600997981e+03	2.215764166502420807e-01	1.404766555493245916e-01	2.696299625990057902e-01	1.685010589234639811e-01	7.920662338471097519e-02	3.402652448351307229e-02	8.658275840952724123e-02
1.422304442814653157e+03	2.210645798210416901e-01	1.401303944362505549e-01	2.699577475527467629e-01	1.687281573675782076e-01	7.930437696476995424e-02	3.409084055660768081e-02	8.672390330079279841e-02
1.427142213028308333e+03	2.205556959166837527e-01	1.397860783227317938e-01	2.702836049102250726e-01	1.689539526439300665e-01	7.940160038973026468e-02	3.415486005117321366e-02	8.686420776531345034e-02
1.431979983241963964e+03	2.200497478801292373e-01	1.394436962582371320e-01	2.706075467288404091e-01	1.691784520091587085e-01	7.949829624817973672e-02	3.421858393650258762e-02	8.700367693873978236e-02
1.436817753455619140e+03	2.195467187540570686e-01	1.391032373535308619e-01	2.709295849772506704e-01	1.694016626820445959e-01	7.959446712079411290e-02	3.428201318439033640e-02	8.714231592771998214e-02
1.441655523669274316e+03	2.190465916802537827e-01	1.387646907803391505e-01	2.712497315363321948e-01	1.696235918436625190e-01	7.969011558026781183e-02	3.434514876901900021e-02	8.728012980991313452e-02
1.446493293882929493e+03	2.185493498990077610e-01	1.384280457710176937e-01	2.715679982001230619e-01	1.698442466375351401e-01	7.978524419124724543e-02	3.440799166684765931e-02	8.741712363400906682e-02
1.451331064096585123e+03	2.180549767485075729e-01	1.380932916182213699e-01	2.718843966767480747e-01	1.700636341697868426e-01	7.987985551026670350e-02	3.447054285650259786e-02	8.755330241975448069e-02
1.456168834310240300e+03	2.175634556642449535e-01	1.377604176745752251e-01	2.721989385893276436e-01	1.702817615092980241e-01	7.997395208568668090e-02	3.453280331866995234e-02	8.768867115798517631e-02
1.461006604523895703e+03	2.170747701784218886e-01	1.374294133523471240e-01	2.725116354768699067e-01	1.704986356878596954e-01	8.006753645763468874e-02	3.459477403599039297e-02	8.782323481066396653e-02
1.465844374737550879e+03	2.165889039193617804e-01	1.371002681231220377e-01	2.728224987951471392e-01	1.707142637003284114e-01	8.016061115794825831e-02	3.465645599295580359e-02	8.795699831092422538e-02
1.470682144951206283e+03	2.161058406109250818e-01	1.367729715174779148e-01	2.731315399175563430e-01	1.709286525047814809e-01	8.025317871012035975e-02	3.471785017580784199e-02	8.808996656311869622e-02
1.475519915164861459e+03	2.156255640719287880e-01	1.364475131246631057e-01	2.734387701359646261e-01	1.711418090226723698e-01	8.034524162924693014e-02	3.477895757243847780e-02	8.822214444287335144e-02
