5.176414128611153274e+02	3.937436407124806359e-01	2.542669435267447264e-01	1.521077327399102397e-01	9.356456084621543601e-02	4.903032314786383294e-02	1.668084183872031029e-02	4.060595718785025426e-02
5.224791830747705035e+02	3.922266379349793608e-01	2.532845559264454982e-01	1.532886592653848190e-01	9.420043857145975197e-02	4.926432169945140632e-02	1.679299757016258082e-02	4.094238903190198370e-02
5.273169532884259070e+02	3.907187215600180785e-01	2.523076092524684233e-01	1.544577163694182409e-01	9.483321269430046441e-02	4.949773566395399699e-02	1.690531416696516159e-02	4.127969029266103512e-02
5.321547235020811968e+02	3.892198291890270334e-01	2.513360752920417718e-01	1.556151253182268268e-01	9.546288656825273333e-02	4.973055049594714977e-02	1.701777640835613198e-02	4.161775672793369130e-02
5.369924937157364866e+02	3.877298990896253517e-01	2.503699259195077409e-01	1.567611013150128074e-01	9.608946394479679631e-02	4.996275222614849493e-02	1.713036949491327995e-02	4.195648800978073190e-02
5.418302639293917764e+02	3.862488701821551462e-01	2.494091330980303667e-01	1.578958536876017282e-01	9.671294895825949256e-02	5.019432744329626467e-02	1.724307903679389575e-02	4.229578759364831936e-02
5.466680341430470662e+02	3.847766820266000920e-01	2.484536688812242489e-01	1.590195860700923391e-01	9.733334611118907298e-02	5.042526327659632018e-02	1.735589104231771707e-02	4.263556259176549262e-02
5.515058043567023560e+02	3.833132748098764808e-01	2.475035054147076974e-01	1.601324965787118693e-01	9.795066026020751715e-02	5.065554737871959257e-02	1.746879190689200334e-02	4.297572365067017092e-02
5.563435745703576458e+02	3.818585893334853765e-01	2.465586149375821323e-01	1.612347779820626492e-01	9.856489660232480021e-02	5.088516790933242384e-02	1.758176840226799084e-02	4.331618483272989956e-02
5.611813447840129356e+02	3.804125670015141014e-01	2.456189697838404296e-01	1.623266178659407422e-01	9.917606066170055190e-02	5.111411351914294660e-02	1.769480766611840686e-02	4.365686350152803152e-02
5.660191149976681118e+02	3.789751498089762860e-01	2.446845423837064881e-01	1.634081987929009161e-01	9.978415827683839723e-02	5.134237333444695989e-02	1.780789719192597820e-02	4.399768021099011162e-02
5.708568852113234016e+02	3.775462803304799331e-01	2.437553052649086005e-01	1.644796984567371556e-01	1.003891955881994064e-01	5.156993694215753626e-02	1.792102481917321605e-02	4.433855859812932398e-02
5.756946554249786914e+02	3.761259017092128953e-01	2.428312310538886798e-01	1.655412898320418325e-01	1.009911790262208869e-01	5.179679437530297637e-02	1.803417872382410622e-02	4.467942527929376351e-02
5.805324256386339812e+02	3.747139576462368837e-01	2.419122924769493976e-01	1.665931413190021859e-01	1.015901152997276680e-01	5.202293609897820637e-02	1.814734740908857322e-02	4.502020974980215640e-02
5.853701958522892710e+02	3.733103923900789045e-01	2.409984623613419252e-01	1.676354168835868241e-01	1.021860113847232188e-01	5.224835299673522004e-02	1.826051969646088485e-02	4.536084428685812492e-02
5.902079660659445608e+02	3.719151507266115764e-01	2.400897136362953321e-01	1.686682761932706276e-01	1.027788745135484044e-01	5.247303635739868771e-02	1.837368471702352166e-02	4.570126385563690052e-02
5.950457362795999643e+02	3.705281779692138344e-01	2.391860193339907792e-01	1.696918747484414958e-01	1.033687121643959567e-01	5.269697786229317338e-02	1.848683190300817736e-02	4.604140601844158159e-02
5.998835064932552541e+02	3.691494199492022510e-01	2.382873525904812551e-01	1.707063640096275481e-01	1.039555320511694747e-01	5.292016957286894280e-02	1.859995097960596630e-02	4.638121084682952922e-02
6.047212767069104302e+02	3.677788230065252573e-01	2.373936866465595763e-01	1.717118915206792551e-01	1.045393421136755208e-01	5.314260391871371975e-02	1.871303195701900721e-02	4.672062083661265158e-02
6.095590469205657200e+02	3.664163339807117170e-01	2.365049948485760667e-01	1.727086010280362571e-01	1.051201505081384574e-01	5.336427368593812948e-02	1.882606512274596564e-02	4.705958082563832523e-02
6.143968171342210098e+02	3.650619002020663584e-01	2.356212506492076919e-01	1.736966325962050472e-01	1.056979655980275212e-01	5.358517200592307489e-02	1.893904103409424153e-02	4.739803791426097646e-02
6.192345873478761860e+02	3.637154694831039037e-01	2.347424276081801764e-01	1.746761227195687549e-01	1.062727959451859189e-01	5.380529234441742970e-02	1.905195051091180050e-02	4.773594138841695533e-02
6.240723575615315895e+02	3.623769901102147917e-01	2.338684993929450173e-01	1.756472044306471858e-01	1.068446503012526055e-01	5.402462849097510594e-02	1.916478462853182449e-02	4.807324264521839474e-02
6.289101277751868793e+02	3.610464108355553314e-01	2.329994397793128669e-01	1.766100074049211377e-01	1.074135375993670316e-01	5.424317454872066430e-02	1.927753471092360019e-02	4.840989512098430037e-02
6.337478979888421691e+02	3.597236808691552379e-01	2.321352226520444484e-01	1.775646580623309878e-01	1.079794669461478646e-01	5.446092492443312116e-02	1.939019232404326845e-02	4.874585422162995563e-02
6.385856682024975726e+02	3.584087498712357767e-01	2.312758220054011160e-01	1.785112796655569101e-01	1.085424476139369432e-01	5.467787431893782885e-02	1.950274926937825559e-02	4.908107725533801535e-02
6.434234384161527487e+02	3.571015679447322455e-01	2.304212119436558071e-01	1.794499924151833625e-01	1.091024890332998459e-01	5.489401771779676281e-02	1.961519757767939479e-02	4.941552336743738200e-02
6.482612086298080385e+02	3.558020856280140753e-01	2.295713666815662191e-01	1.803809135418486254e-01	1.096596007857749272e-01	5.510935038228773064e-02	1.972752950287497142e-02	4.974915347741823424e-02
6.530989788434633283e+02	3.545102538877970555e-01	2.287262605448113495e-01	1.813041573954753960e-01	1.102137925968627585e-01	5.532386784066337104e-02	1.983973751616102330e-02	5.008193021801384676e-02
6.579367490571185044e+02	3.532260241122410216e-01	2.278858679703927581e-01	1.822198355316768659e-01	1.107650743292481893e-01	5.553756587968115138e-02	1.995181430026256308e-02	5.041381787628226169e-02
6.627745192707737942e+02	3.519493481042281768e-01	2.270501635070016899e-01	1.831280567954281790e-01	1.113134559762478104e-01	5.575044053639575947e-02	2.006375274386037674e-02	5.074478233662280124e-02
6.676122894844290840e+02	3.506801780748156072e-01	2.262191218153533079e-01	1.840289274020919241e-01	1.118589476554752576e-01	5.596248809020569481e-02	2.017554593617833583e-02	5.107479102566469392e-02
6.724500596980843738e+02	3.494184666368573278e-01	2.253927176684892841e-01	1.849225510158814534e-01	1.124015596027175545e-01	5.617370505514584361e-02	2.028718716172632497e-02	5.140381285896702956e-02
6.772878299117396637e+02	3.481641667987902533e-01	2.245709259520497492e-01	1.858090288258452405e-01	1.129413021660156946e-01	5.638408817241858523e-02	2.039866989519393409e-02	5.173181818947129168e-02
6.821256001253949535e+02	3.469172319585794306e-01	2.237537216645157645e-01	1.866884596194512413e-01	1.134781857999427879e-01	5.659363440315560295e-02	2.050998779649039830e-02	5.205877875764948481e-02
6.869633703390502433e+02	3.456776158978172586e-01	2.229410799174232627e-01	1.875609398538480577e-01	1.140122210600736513e-01	5.680234092140336311e-02	2.062113470592619874e-02	5.238466764329290787e-02
6.918011405527055331e+02	3.444452727759722555e-01	2.221329759355496758e-01	1.884265637248781766e-01	1.145434185976393487e-01	5.701020510732507374e-02	2.073210463953208127e-02	5.270945921888819247e-02
6.966389107663608229e+02	3.432201571247827654e-01	2.213293850570739185e-01	1.892854232339143128e-01	1.150717891543610732e-01	5.721722454061240609e-02	2.084289178451120134e-02	5.303312910452913365e-02
7.014766809800161127e+02	3.420022238427914418e-01	2.205302827337111693e-01	1.901376082525896571e-01	1.155973435574574465e-01	5.742339699410029669e-02	2.095349049482045367e-02	5.335565412431440835e-02
7.063144511936714025e+02	3.407914281900154552e-01	2.197356445308227268e-01	1.909832065854887295e-01	1.161200927148196560e-01	5.762872042757852947e-02	2.106389528687690332e-02	5.367701226418290783e-02
7.111522214073266923e+02	3.395877257827492612e-01	2.189454461275025243e-01	1.918223040308646432e-01	1.166400476103491152e-01	5.783319298179382534e-02	2.117410083538562651e-02	5.399718263113995054e-02
7.159899916209819821e+02	3.383910725884954340e-01	2.181596633166404675e-01	1.926549844394458144e-01	1.171572192994522893e-01	5.803681297263651312e-02	2.128410196928521431e-02	5.431614541382919631e-02
7.208277618346371582e+02	3.372014249210195658e-01	2.173782720049641792e-01	1.934813297713934288e-01	1.176716189046878303e-01	5.823957888550600898e-02	2.139389366780733090e-02	5.463388184440656076e-02
7.256655320482924481e+02	3.360187394355256818e-01	2.166012482130590944e-01	1.943014201514689787e-01	1.181832576115609823e-01	5.844148936984937953e-02	2.150347105664696459e-02	5.495037416167376093e-02
7.305033022619478515e+02	3.348429731239488949e-01	2.158285680753685709e-01	1.951153339224687977e-01	1.186921466644604711e-01	5.864254323386769441e-02	2.161282940423990204e-02	5.526560557543053198e-02
7.353410724756030277e+02	3.336740833103606363e-01	2.150602078401740447e-01	1.959231476969815477e-01	1.191982973627335601e-01	5.884273943938485296e-02	2.172196411814424424e-02	5.557956023200596313e-02
7.401788426892584312e+02	3.325120276464844649e-01	2.142961438695565601e-01	1.967249364075222551e-01	1.197017210568945139e-01	5.904207709687372269e-02	2.183087074152281412e-02	5.589222318093050451e-02
7.450166129029136073e+02	3.313567641073184578e-01	2.135363526393397604e-01	1.975207733550943812e-01	1.202024291449624027e-01	5.924055546063479449e-02	2.193954494972338159e-02	5.620358034271163289e-02
7.498543831165690108e+02	3.302082509868605742e-01	2.127808107390156689e-01	1.983107302562311103e-01	1.207004330689240013e-01	5.943817392412246992e-02	2.204798254695376422e-02	5.651361847767722574e-02
7.546921533302243006e+02	3.290664468939349385e-01	2.120294948716532624e-01	1.990948772885635376e-01	1.211957443113177435e-01	5.963493201541444910e-02	2.215617946304896529e-02	5.682232515585189381e-02
7.595299235438793630e+02	3.279313107481151568e-01	2.112823818537911402e-01	1.998732831349636085e-01	1.216883743919349725e-01	5.983082939281967466e-02	2.226413175032755654e-02	5.712968872783268787e-02
7.643676937575347665e+02	3.268028017757420578e-01	2.105394486153142897e-01	2.006460150263071340e-01	1.221783348646345024e-01	6.002586584062051533e-02	2.237183558053462348e-02	5.743569829663167092e-02
7.692054639711900563e+02	3.256808795060333606e-01	2.098006721993161128e-01	2.014131387829008468e-01	1.226656373142670231e-01	6.022004126494503312e-02	2.247928724186868538e-02	5.774034369045374926e-02
7.740432341848452324e+02	3.245655037672818266e-01	2.090660297619457708e-01	2.021747188546165752e-01	1.231502933537057531e-01	6.041335568976526071e-02	2.258648313609008113e-02	5.804361543637951565e-02
7.788810043985006359e+02	3.234566346831402317e-01	2.083354985722419006e-01	2.029308183597734183e-01	1.236323146209798995e-01	6.060580925301752020e-02	2.269341977570835112e-02	5.834550473492344791e-02
7.837187746121558121e+02	3.223542326689896043e-01	2.076090560119526474e-01	2.036814991228084737e-01	1.241117127765076905e-01	6.079740220284102908e-02	2.280009378124628339e-02	5.864600343543902722e-02
7.885565448258112156e+02	3.212582584283890652e-01	2.068866795753432630e-01	2.044268217107740593e-01	1.245884995004257201e-01	6.098813489393106746e-02	2.290650187857834821e-02	5.894510401234321489e-02
7.933943150394665054e+02	3.201686729496044381e-01	2.061683468689911314e-01	2.051668454686997323e-01	1.250626864900115098e-01	6.117800778400318829e-02	2.301264089634123475e-02	5.924279954213348270e-02
7.982320852531219089e+02	3.190854375022134093e-01	2.054540356115690802e-01	2.059016285538549096e-01	1.255342854571962485e-01	6.136702143036491808e-02	2.311850776341445660e-02	5.953908368117167421e-02
8.030698554667769713e+02	3.180085136337850171e-01	2.047437236336173139e-01	2.066312279689470899e-01	1.260033081261650589e-01	6.155517648659176305e-02	2.322409950646881632e-02	5.983395064420962001e-02
8.079076256804323748e+02	3.169378631666313617e-01	2.040373888773044930e-01	2.073556995942900383e-01	1.264697662310414195e-01	6.174247369930412066e-02	2.332941324758083454e-02	6.012739518363237334e-02
8.127453958940876646e+02	3.158734481946294248e-01	2.033350093961782679e-01	2.080750982189743525e-01	1.269336715136538396e-01	6.192891390504205035e-02	2.343444620191111050e-02	6.041941256939560578e-02
8.175831661077428407e+02	3.148152310801105580e-01	2.026365633549059575e-01	2.087894775710726625e-01	1.273950357213813056e-01	6.211449802723485042e-02	2.353919567544474067e-02	6.070999856963453511e-02
8.224209363213982442e+02	3.137631744508165843e-01	2.019420290290054876e-01	2.094988903469099106e-01	1.278538706050755536e-01	6.229922707326247117e-02	2.364365906279199819e-02	6.099914943192253497e-02
8.272587065350534203e+02	3.127172411969195709e-01	2.012513848045670850e-01	2.102033882394288566e-01	1.283101879170574500e-01	6.248310213160600257e-02	2.374783384504745853e-02	6.128686186515808210e-02
8.320964767487085965e+02	3.116773944681040520e-01	2.005646091779663964e-01	2.109030219656791161e-01	1.287639994091850648e-01	6.266612436908433614e-02	2.385171758770586806e-02	6.157313302205968258e-02
8.369342469623640000e+02	3.106435976707097035e-01	1.998816807555688080e-01	2.115978412934583219e-01	1.292153168309913003e-01	6.284829502817447511e-02	2.395530793863307611e-02	6.185796048224880689e-02
8.417720171760191761e+02	3.096158144649329147e-01	1.992025782534258826e-01	2.122878950671320264e-01	1.296641519278886878e-01	6.302961542441283538e-02	2.405860262609044523e-02	6.214134223590166844e-02
8.466097873896745796e+02	3.085940087620853145e-01	1.985272804969641092e-01	2.129732312326583776e-01	1.301105164394391889e-01	6.321008694387500459e-02	2.416159945681112600e-02	6.242327666795127045e-02
8.514475576033297557e+02	3.075781447219076425e-01	1.978557664206662403e-01	2.136538968618433287e-01	1.305544220976870562e-01	6.338971104073168328e-02	2.426429631412675009e-02	6.270376254282171435e-02
8.562853278169851592e+02	3.065681867499376878e-01	1.971880150677452204e-01	2.143299381758504152e-01	1.309958806255525077e-01	6.356848923487819214e-02	2.436669115614300760e-02	6.298279898967740209e-02
8.611230980306403353e+02	3.055640994949304634e-01	1.965240055898119786e-01	2.150014005679891371e-01	1.314349037352843530e-01	6.374642310963554714e-02	2.446878201396268659e-02	6.326038548817018714e-02
8.659608682442956251e+02	3.045658478463294516e-01	1.958637172465361176e-01	2.156683286258049004e-01	1.318715031269698246e-01	6.392351430952082636e-02	2.457056698995487010e-02	6.353652185466840407e-02
8.707986384579510286e+02	3.035733969317866987e-01	1.952071294053009110e-01	2.163307661524921932e-01	1.323056904870994199e-01	6.409976453808449715e-02	2.467204425606887852e-02	6.381120822895172684e-02
8.756364086716062047e+02	3.025867121147318151e-01	1.945542215408522235e-01	2.169887561876534254e-01	1.327374774871854235e-01	6.427517555581292730e-02	2.477321205219166350e-02	6.408444506135686780e-02
8.804741788852616082e+02	3.016057589919867166e-01	1.939049732349418242e-01	2.176423410274233028e-01	1.331668757824318594e-01	6.444974917809395687e-02	2.487406868454744568e-02	6.435623310035917810e-02
8.853119490989170117e+02	3.006305033914266622e-01	1.932593641759654257e-01	2.182915622439795811e-01	1.335938970104547374e-01	6.462348727324349063e-02	2.497461252413835792e-02	6.462657338057593848e-02
8.901497193125721878e+02	2.996609113696847571e-01	1.926173741585957833e-01	2.189364607044592403e-01	1.340185527900504547e-01	6.479639176059145966e-02	2.507484200522487952e-02	6.489546721117753214e-02
8.949874895262273640e+02	2.986969492098996981e-01	1.919789830834105482e-01	2.195770765892992304e-01	1.344408547200114656e-01	6.496846460862508443e-02	2.517475562384498267e-02	6.516291616469317705e-02
8.998252597398827675e+02	2.977385834195048209e-01	1.913441709565159854e-01	2.202134494100198014e-01	1.348608143779867763e-01	6.513970783318789870e-02	2.527435193637082161e-02	6.542892206619806139e-02
9.046630299535379436e+02	2.967857807280584459e-01	1.907129178891661669e-01	2.208456180264683488e-01	1.352784433193867653e-01	6.531012349573273035e-02	2.537362955810193096e-02	6.569348698286976707e-02
9.095008001671932334e+02	2.958385080851130833e-01	1.900852040973779189e-01	2.214736206635407045e-01	1.356937530763302480e-01	6.547971370162693205e-02	2.547258716189387817e-02	6.595661321390143550e-02
9.143385703808486369e+02	2.948967326581229398e-01	1.894610099015419935e-01	2.220974949273964993e-01	1.361067551566326750e-01	6.564848059850839079e-02	2.557122347682136074e-02	6.621830328076024064e-02
9.191763405945038130e+02	2.939604218303893957e-01	1.888403157260306053e-01	2.227172778211846671e-01	1.365174610428341317e-01	6.581642637469069246e-02	2.566953728687476621e-02	6.647855991777981699e-02
9.240141108081592165e+02	2.930295431990422306e-01	1.882231020988011649e-01	2.233330057602943564e-01	1.369258821912656410e-01	6.598355325761592893e-02	2.576752742968925480e-02	6.673738606307547117e-02
9.288518810218145063e+02	2.921040645730561547e-01	1.876093496509971814e-01	2.239447145871466538e-01	1.373320300311529074e-01	6.614986351235378759e-02	2.586519279530544863e-02	6.699478484977187953e-02
9.336896512354697961e+02	2.911839539713022562e-01	1.869990391165454180e-01	2.245524395855414690e-01	1.377359159637559782e-01	6.631535944014536887e-02	2.596253232496081170e-02	6.725075959753269716e-02
9.385274214491247449e+02	2.902691796206324226e-01	1.863921513317507161e-01	2.251562154945733751e-01	1.381375513615437645e-01	6.648004337699046917e-02	2.605954500991089148e-02	6.750531380438229423e-02
9.433651916627801484e+02	2.893597099539964579e-01	1.857886672348877943e-01	2.257560765221306720e-01	1.385369475674022577e-01	6.664391769227707985e-02	2.615622989027955106e-02	6.775845113881012738e-02
9.482029618764355519e+02	2.884555136085908411e-01	1.851885678657903544e-01	2.263520563579901057e-01	1.389341158938753873e-01	6.680698478745157598e-02	2.625258605393742534e-02	6.801017543214814276e-02
9.530407320900908417e+02	2.875565594240387934e-01	1.845918343654379956e-01	2.269441881865206234e-01	1.393290676224375191e-01	6.696924709472869275e-02	2.634861263540773726e-02	6.826049067121250924e-02
9.578785023037459041e+02	2.866628164405996548e-01	1.839984479755406022e-01	2.275325046990079592e-01	1.397218140027963185e-01	6.713070707583973507e-02	2.644430881479879411e-02	6.850940099120077231e-02
9.627162725174014213e+02	2.857742538974082924e-01	1.834083900381208165e-01	2.281170381056125962e-01	1.401123662522253399e-01	6.729136722081822952e-02	2.653967381676238316e-02	6.875691066883618530e-02
9.675540427310568248e+02	2.848908412307422089e-01	1.828216419950946248e-01	2.286978201469721805e-01	1.405007355549251213e-01	6.745123004682150591e-02	2.663470690947731742e-02	6.900302411575084949e-02
9.723918129447120009e+02	2.840125480723171836e-01	1.822381853878497215e-01	2.292748821054598485e-01	1.408869330614120063e-01	6.761029809698745896e-02	2.672940740365751383e-02	6.924774587210005827e-02
9.772295831583674044e+02	2.831393442476094480e-01	1.816580018568226818e-01	2.298482548161091821e-01	1.412709698879335007e-01	6.776857393932517182e-02	2.682377465158385446e-02	6.949108060039989321e-02
9.820673533720223531e+02	2.822711997742045065e-01	1.810810731410741892e-01	2.304179686772163671e-01	1.416528571159098027e-01	6.792606016563859650e-02	2.691780804615921327e-02	6.973303307958103603e-02
9.869051235856777566e+02	2.814080848601712703e-01	1.805073810778630716e-01	2.309840536606296291e-01	1.420326057914002849e-01	6.808275939048215319e-02	2.701150701998600301e-02	6.997360819925133035e-02
9.917428937993331601e+02	2.805499699024615046e-01	1.799369076022189207e-01	2.315465393217359669e-01	1.424102269245939301e-01	6.823867425014720767e-02	2.710487104446563170e-02	7.021281095416048723e-02
9.965806640129884499e+02	2.796968254853338109e-01	1.793696347465135732e-01	2.321054548091543712e-01	1.427857314893236917e-01	6.839380740167891326e-02	2.719789962891925802e-02	7.045064643885998179e-02
1.001418434226643626e+03	2.788486223788007590e-01	1.788055446400315662e-01	2.326608288741451869e-01	1.431591304226030592e-01	6.854816152192186318e-02	2.729059231972929406e-02	7.068711984255190983e-02
1.006256204440298802e+03	2.780053315370997757e-01	1.782446195085394813e-01	2.332126898797438341e-01	1.435304346241847717e-01	6.870173930659431716e-02	2.738294869950103766e-02	7.092223644412035122e-02
1.011093974653954206e+03	2.771669240971864623e-01	1.776868416738547618e-01	2.337610658096285488e-01	1.438996549561407656e-01	6.885454346938971182e-02	2.747496838624396628e-02	7.115600160733934199e-02
1.015931744867609382e+03	2.763333713772499478e-01	1.771321935534132253e-01	2.343059842767294676e-01	1.442668022424624663e-01	6.900657674110485806e-02	2.756665103257208149e-02	7.138842077625151550e-02
1.020769515081264785e+03	2.755046448752494492e-01	1.765806576598366873e-01	2.348474725315877754e-01	1.446318872686810642e-01	6.915784186879395112e-02	2.765799632492286358e-02	7.161949947071177824e-02
1.025607285294920075e+03	2.746807162674721470e-01	1.760322166004993638e-01	2.353855574704725728e-01	1.449949207815069141e-01	6.930834161494768553e-02	2.774900398279429858e-02	7.184924328209053856e-02
1.030445055508575479e+03	2.738615574071115444e-01	1.754868530770941903e-01	2.359202656432630163e-01	1.453559134884874482e-01	6.945807875669662845e-02	2.783967375799947797e-02	7.207765786913122863e-02
1.035282825722230655e+03	2.730471403228654781e-01	1.749445498851985581e-01	2.364516232611030000e-01	1.457148760576831847e-01	6.960705608503814368e-02	2.793000543393834439e-02	7.230474895395681834e-02
1.040120595935886058e+03	2.722374372175536683e-01	1.744052899138400226e-01	2.369796562038357091e-01	1.460718191173608904e-01	6.975527640408638042e-02	2.801999882488610816e-02	7.253052231822065821e-02
1.044958366149541234e+03	2.714324204667545870e-01	1.738690561450616789e-01	2.375043900272247599e-01	1.464267532557036178e-01	6.990274253034427232e-02	2.810965377529788672e-02	7.275498379939659976e-02
1.049796136363196410e+03	2.706320626174605337e-01	1.733358316534872878e-01	2.380258499699685060e-01	1.467796890205369797e-01	7.004945729199717197e-02	2.819897015912914418e-02	7.297813928720378596e-02
1.054633906576851814e+03	2.698363363867507525e-01	1.728055996058865951e-01	2.385440609605140871e-01	1.471306369190711616e-01	7.019542352822742692e-02	2.828794787917153150e-02	7.319999472016182340e-02
1.059471676790506763e+03	2.690452146604828676e-01	1.722783432607405685e-01	2.390590476236775785e-01	1.474796074176578375e-01	7.034064408854923123e-02	2.837658686640367675e-02	7.342055608227170127e-02
1.064309447004162394e+03	2.682586704920005283e-01	1.717540459678067455e-01	2.395708342870758456e-01	1.478266109415621588e-01	7.048512183216314175e-02	2.846488707935659890e-02	7.363982939981843223e-02
1.069147217217817570e+03	2.674766771008592059e-01	1.712326911676847474e-01	2.400794449873765168e-01	1.481716578747486190e-01	7.062885962732975975e-02	2.855284850349329787e-02	7.385782073829134931e-02
1.073984987431472746e+03	2.666992078715673120e-01	1.707142623913821544e-01	2.405849034763711813e-01	1.485147585596806874e-01	7.077186035076191151e-02	2.864047115060221541e-02	7.407453619941803402e-02
1.078822757645127922e+03	2.659262363523441364e-01	1.701987432598804917e-01	2.410872332268778895e-01	1.488559232971338187e-01	7.091412688703487011e-02	2.872775505820415048e-02	7.428998191830815667e-02
1.083660527858783553e+03	2.651577362538931615e-01	1.696861174837017150e-01	2.415864574384775643e-01	1.491951623460210374e-01	7.105566212801409098e-02	2.881470028897232735e-02	7.450416406070353714e-02
1.088498298072438729e+03	2.643936814481911979e-01	1.691763688624751683e-01	2.420825990430900687e-01	1.495324859232311787e-01	7.119646897229985061e-02	2.890130693016524158e-02	7.471708882033073484e-02
1.093336068286093905e+03	2.636340459672918968e-01	1.686694812845048463e-01	2.425756807103945367e-01	1.498679042034788689e-01	7.133655032468835810e-02	2.898757509307198221e-02	7.492876241635294809e-02
1.098173838499749309e+03	2.628788040021444727e-01	1.681654387263372963e-01	2.430657248530990189e-01	1.502014273191661364e-01	7.147590909564890960e-02	2.907350491246971091e-02	7.513919109091778126e-02
1.103011608713404712e+03	2.621279299014268038e-01	1.676642252523302956e-01	2.435527536320638842e-01	1.505330653602553193e-01	7.161454820081648853e-02	2.915909654609295104e-02	7.534838110679753509e-02
1.107849378927059888e+03	2.613813981703922429e-01	1.671658250142218083e-01	2.440367889612835572e-01	1.508628283741525467e-01	7.175247056049952055e-02	2.924435017411446125e-02	7.555633874511911985e-02
1.112687149140715292e+03	2.606391834697303067e-01	1.666702222506998565e-01	2.445178525127311431e-01	1.511907263656019351e-01	7.188967909920221389e-02	2.932926599863730499e-02	7.576307030318045477e-02
1.117524919354370468e+03	2.599012606144411874e-01	1.661774012869731698e-01	2.449959657210698805e-01	1.515167692965895818e-01	7.202617674516102741e-02	2.941384424319792856e-02	7.596858209235042569e-02
1.122362689568025871e+03	2.591676045727228650e-01	1.656873465343425278e-01	2.454711497882356430e-01	1.518409670862574945e-01	7.216196642989509968e-02	2.949808515227989730e-02	7.617288043604965309e-02
1.127200459781681047e+03	2.584381904648715422e-01	1.652000424897728803e-01	2.459434256878946512e-01	1.521633296108268474e-01	7.229705108776990352e-02	2.958198899083806094e-02	7.637597166780928093e-02
1.132038229995336451e+03	2.577129935621944590e-01	1.647154737354665222e-01	2.464128141697797814e-01	1.524838667035303130e-01	7.243143365557401514e-02	2.966555604383289829e-02	7.657786212940516368e-02
1.136876000208991627e+03	2.569919892859351407e-01	1.642336249384369062e-01	2.468793357639096908e-01	1.528025881545533593e-01	7.256511707210847040e-02	2.974878661577473604e-02	7.677855816906489772e-02
1.141713770422646803e+03	2.562751532062105819e-01	1.637544808500837334e-01	2.473430107846938952e-01	1.531195037109837620e-01	7.269810427778836126e-02	2.983168103027766457e-02	7.697806613974524093e-02
1.146551540636302207e+03	2.555624610409606423e-01	1.632780263057686809e-01	2.478038593349277674e-01	1.534346230767694441e-01	7.283039821425636717e-02	2.991423962962286298e-02	7.717639239747751956e-02
1.151389310849957155e+03	2.548538886549085447e-01	1.628042462243924904e-01	2.482619013096802607e-01	1.537479559126842255e-01	7.296200182400788825e-02	2.999646277433112157e-02	7.737354329977873257e-02
1.156227081063612786e+03	2.541494120585331973e-01	1.623331256079728058e-01	2.487171564000782431e-01	1.540595118363012328e-01	7.309291805002737785e-02	3.007835084274435022e-02	7.756952520412603580e-02
1.161064851277267962e+03	2.534490074070524512e-01	1.618646495412232877e-01	2.491696440969901338e-01	1.543693004219735543e-01	7.322314983543552758e-02	3.015990423061580897e-02	7.776434446649256593e-02
1.165902621490923138e+03	2.527526509994168502e-01	1.613988031911338106e-01	2.496193836946118960e-01	1.546773312008221657e-01	7.335270012314719368e-02	3.024112335070888377e-02	7.795800743994250881e-02
1.170740391704578315e+03	2.520603192773150369e-01	1.609355718065517693e-01	2.500663942939589379e-01	1.549836136607306847e-01	7.348157185553945425e-02	3.032200863240423414e-02	7.815052047328317764e-02
1.175578161918233945e+03	2.513719888241887634e-01	1.604749407177645248e-01	2.505106948062659766e-01	1.552881572463467030e-01	7.360976797412986661e-02	3.040256052131501754e-02	7.834188990977249134e-02
1.180415932131889122e+03	2.506876363642584482e-01	1.600168953360831536e-01	2.509523039562982505e-01	1.555909713590895305e-01	7.373729141926423092e-02	3.048277947891009018e-02	7.853212208587961873e-02
1.185253702345544298e+03	2.500072387615590586e-01	1.595614211534274463e-01	2.513912402855764672e-01	1.558920653571642112e-01	7.386414512981392955e-02	3.056266598214493063e-02	7.872122333009726192e-02
1.190091472559199701e+03	2.493307730189854854e-01	1.591085037419119608e-01	2.518275221555183463e-01	1.561914485555812859e-01	7.399033204288242571e-02	3.064222052310015126e-02	7.890919996180358054e-02
1.194929242772855105e+03	2.486582162773479654e-01	1.586581287534335749e-01	2.522611677504989491e-01	1.564891302261826045e-01	7.411585509352063006e-02	3.072144360862736484e-02	7.909605829017211931e-02
1.199767012986510281e+03	2.479895458144368015e-01	1.582102819192601761e-01	2.526921950808324047e-01	1.567851195976723844e-01	7.424071721445092698e-02	3.080033576000229534e-02	7.928180461312819838e-02
1.204604783200165684e+03	2.473247390440963811e-01	1.577649490496208229e-01	2.531206219856775852e-01	1.570794258556538203e-01	7.436492133579972186e-02	3.087889751258490051e-02	7.946644521634990688e-02
1.209442553413820860e+03	2.466637735153086042e-01	1.573221160332971269e-01	2.535464661358696747e-01	1.573720581426706899e-01	7.448847038483799587e-02	3.095712941548637784e-02	7.964998637231253398e-02
1.214280323627476264e+03	2.460066269112851645e-01	1.568817688372161068e-01	2.539697450366803499e-01	1.576630255582541218e-01	7.461136728572993759e-02	3.103503203124290122e-02	7.983243433937448064e-02
1.219118093841131440e+03	2.453532770485684078e-01	1.564438935060441793e-01	2.543904760305077950e-01	1.579523371589739711e-01	7.473361495928923515e-02	3.111260593549588713e-02	8.001379536090361122e-02
1.223955864054786844e+03	2.447037018761414051e-01	1.560084761617829274e-01	2.548086762994997700e-01	1.582400019584948581e-01	7.485521632274291792e-02	3.118985171667871051e-02	8.019407566444242130e-02
1.228793634268442020e+03	2.440578794745461855e-01	1.555755030033660335e-01	2.552243628681111765e-01	1.585260289276367862e-01	7.497617428950244245e-02	3.126676997570963096e-02	8.037328146091077263e-02
1.233631404482097196e+03	2.434157880550102127e-01	1.551449603062576010e-01	2.556375526055977287e-01	1.588104269944398406e-01	7.509649176894195310e-02	3.134336132569089106e-02	8.055141894384472423e-02
1.238469174695752372e+03	2.427774059585815492e-01	1.547168344220521685e-01	2.560482622284485088e-01	1.590932050442331880e-01	7.521617166618331518e-02	3.141962639161374055e-02	8.072849428867046040e-02
1.243306944909407548e+03	2.421427116552716807e-01	1.542911117780759178e-01	2.564565083027582348e-01	1.593743719197079911e-01	7.533521688188792031e-02	3.149556581006934114e-02	8.090451365201183076e-02
1.248144715123063179e+03	2.415116837432063901e-01	1.538677788769895471e-01	2.568623072465419654e-01	1.596539364209940137e-01	7.545363031205504223e-02	3.157118022896535786e-02	8.107948317103054470e-02
1.252982485336718355e+03	2.408843009477845409e-01	1.534468222963925321e-01	2.572656753319933487e-01	1.599319073057402507e-01	7.557141484782645136e-02	3.164647030724813265e-02	8.125340896279764635e-02
1.257820255550373531e+03	2.402605421208443837e-01	1.530282286884289134e-01	2.576666286876880263e-01	1.602082932891987221e-01	7.568857337529720508e-02	3.172143671463033970e-02	8.142629712369529871e-02
1.262658025764028707e+03	2.396403862398376883e-01	1.526119847793946105e-01	2.580651833007343021e-01	1.604831030443119311e-01	7.580510877533247482e-02	3.179608013132392830e-02	8.159815372884796081e-02
1.267495795977684338e+03	2.390238124070108161e-01	1.521980773693463462e-01	2.584613550188722408e-01	1.607563452018035133e-01	7.592102392339011852e-02	3.187040124777833217e-02	8.176898483158150099e-02
1.272333566191339514e+03	2.384107998485935909e-01	1.517864933317118470e-01	2.588551595525229176e-01	1.610280283502721066e-01	7.603632168934895685e-02	3.194440076442373044e-02	8.193879646290967711e-02
1.277171336404994690e+03	2.378013279139949976e-01	1.513772196129018754e-01	2.592466124767890956e-01	1.612981610362881069e-01	7.615100493734254516e-02	3.201807939141933929e-02	8.210759463104681799e-02
1.282009106618650094e+03	2.371953760750061535e-01	1.509702432319236787e-01	2.596357292334088296e-01	1.615667517644935602e-01	7.626507652559828820e-02	3.209143784840652602e-02	8.227538532094573476e-02
1.286846876832305497e+03	2.365929239250101623e-01	1.505655512799959905e-01	2.600225251326633291e-01	1.618338089977046645e-01	7.637853930628178689e-02	3.216447686426676666e-02	8.244217449386007091e-02
1.291684647045960673e+03	2.359939511781987131e-01	1.501631309201656161e-01	2.604070153552408562e-01	1.620993411570170462e-01	7.649139612534618105e-02	3.223719717688420389e-02	8.260796808693016136e-02
1.296522417259616077e+03	2.353984376687956181e-01	1.497629693869255985e-01	2.607892149540569360e-01	1.623633566219137014e-01	7.660364982238651588e-02	3.230959953291281939e-02	8.277277201279155394e-02
1.301360187473271253e+03	2.348063633502868175e-01	1.493650539858351056e-01	2.611691388560333782e-01	1.626258637303752419e-01	7.671530323049882694e-02	3.238168468754803325e-02	8.293659215920538841e-02
1.306197957686926657e+03	2.342177082946569899e-01	1.489693720931405396e-01	2.615468018638362757e-01	1.628868707789926373e-01	7.682635917614383247e-02	3.245345340430270259e-02	8.309943438870984189e-02
1.311035727900581833e+03	2.336324526916325750e-01	1.485759111553986989e-01	2.619222186575746458e-01	1.631463860230823182e-01	7.693682047901528875e-02	3.252490645478738757e-02	8.326130453829190536e-02
1.315873498114237009e+03	2.330505768479310680e-01	1.481846586891012729e-01	2.622954037964609908e-01	1.634044176768033041e-01	7.704668995191266134e-02	3.259604461849481549e-02	8.342220841907867224e-02
1.320711268327892412e+03	2.324720611865168374e-01	1.477956022803009195e-01	2.626663717204345549e-01	1.636609739132764418e-01	7.715597040061811240e-02	3.266686868258840415e-02	8.358215181604752853e-02
1.325549038541547588e+03	2.318968862458625213e-01	1.474087295842391176e-01	2.630351367517483330e-01	1.639160628647058082e-01	7.726466462377762356e-02	3.273737944169485825e-02	8.374114048775448127e-02
1.330386808755202765e+03	2.313250326792172240e-01	1.470240283249755475e-01	2.634017130965209952e-01	1.641696926225019726e-01	7.737277541278621273e-02	3.280757769770063087e-02	8.389918016608005624e-02
1.335224578968857941e+03	2.307564812538800414e-01	1.466414862950189968e-01	2.637661148462551730e-01	1.644218712374070634e-01	7.748030555167711997e-02	3.287746425955227758e-02	8.405627655599194614e-02
1.340062349182513572e+03	2.301912128504797761e-01	1.462610913549600711e-01	2.641283559793219382e-01	1.646726067196215282e-01	7.758725781701475421e-02	3.294703994306055761e-02	8.421243533532397907e-02
1.344900119396168748e+03	2.296292084622605645e-01	1.458828314331054310e-01	2.644884503624134742e-01	1.649219070389327801e-01	7.769363497779147032e-02	3.301630557070820565e-02	8.436766215457064400e-02
1.349737889609823924e+03	2.290704491943729160e-01	1.455066945251136945e-01	2.648464117519646055e-01	1.651697801248452890e-01	7.779943979532791265e-02	3.308526197146132580e-02	8.452196263669679854e-02
1.354575659823479100e+03	2.285149162631705533e-01	1.451326686936328936e-01	2.652022537955437409e-01	1.654162338667122811e-01	7.790467502317692527e-02	3.315390998058433819e-02	8.467534237696174026e-02
1.359413430037134731e+03	2.279625909955129981e-01	1.447607420679396240e-01	2.655559900332143397e-01	1.656612761138689105e-01	7.800934340703093162e-02	3.322225043945836037e-02	8.482780694275733613e-02
1.364251200250789907e+03	2.274134548280733747e-01	1.443909028435798603e-01	2.659076338988674570e-01	1.659049146757667348e-01	7.811344768463260313e-02	3.329028419540300265e-02	8.497936187345944692e-02
1.369088970464445310e+03	2.268674893066516818e-01	1.440231392820113532e-01	2.662571987215269775e-01	1.661471573221096898e-01	7.821699058568887253e-02	3.335801210150148716e-02	8.513001268029241064e-02
1.373926740678100487e+03	2.263246760854935313e-01	1.436574397102476919e-01	2.666046977266270934e-01	1.663880117829912297e-01	7.831997483178801400e-02	3.342543501642900733e-02	8.527976484620589104e-02
1.378764510891755890e+03	2.257849969266141343e-01	1.432937925205038932e-01	2.669501440372638035e-01	1.666274857490327166e-01	7.842240313631992921e-02	3.349255380428428630e-02	8.542862382576367486e-02
1.383602281105411066e+03	2.252484336991273373e-01	1.429321861698438501e-01	2.672935506754207102e-01	1.668655868715228363e-01	7.852427820439940309e-02	3.355936933442426467e-02	8.557659504504400161e-02
1.388440051319066470e+03	2.247149683785800434e-01	1.425726091798292516e-01	2.676349305631697817e-01	1.671023227625583196e-01	7.862560273279219081e-02	3.362588248130185531e-02	8.572368390155096773e-02
1.393277821532721646e+03	2.241845830462915190e-01	1.422150501361701402e-01	2.679742965238479102e-01	1.673377009951855232e-01	7.872637940984408833e-02	3.369209412430672346e-02	8.586989576413649183e-02
1.398115591746377049e+03	2.236572598886977514e-01	1.418594976883771619e-01	2.683116612832101011e-01	1.675717291035431211e-01	7.882661091541275089e-02	3.375800514760893961e-02	8.601523597293260492e-02
1.402953361960032225e+03	2.231329811967008026e-01	1.415059405494154543e-01	2.686470374705594577e-01	1.678044145830055178e-01	7.892629992080214818e-02	3.382361644000558137e-02	8.615970983929346905e-02
1.407791132173687402e+03	2.226117293650230755e-01	1.411543674953602001e-01	2.689804376198550173e-01	1.680357648903273993e-01	7.902544908869968410e-02	3.388892889477019416e-02	8.630332264574690215e-02
1.412628902387342805e+03	2.220934868915662441e-01	1.408047673650535403e-01	2.693118741707979935e-01	1.682657874437889500e-01	7.912406107311591164e-02	3.395394340950491641e-02	8.644607964595490968e-02
1.417466672600997981e+03	2.215782363767751229e-01	1.404571290597636246e-01	2.696413594698965910e-01	1.684944896233419587e-01	7.922213851932666251e-02	3.401866088599542898e-02	8.658798606468304238e-02
1.422304442814653157e+03	2.210659605230062552e-01	1.401114415428449111e-01	2.699689057715105589e-01	1.687218787707564505e-01	7.931968406381773029e-02	3.408308223006854126e-02	8.672904709777796983e-02
1.427142213028308333e+03	2.205566421339008876e-01	1.397676938394001311e-01	2.702945252388758712e-01	1.689479621897682360e-01	7.941670033423173236e-02	3.414720835145236555e-02	8.686926791215318633e-02
1.431979983241963964e+03	2.200502641137629112e-01	1.394258750359439747e-01	2.706182299451096451e-01	1.691727471462270704e-01	7.951318994931742823e-02	3.421104016363907263e-02	8.700865364578236338e-02
1.436817753455619140e+03	2.195468094669410786e-01	1.390859742800683863e-01	2.709400318741961855e-01	1.693962408682452569e-01	7.960915551888125830e-02	3.427457858375019401e-02	8.714720940770014079e-02
1.441655523669274316e+03	2.190462612972158274e-01	1.387479807801094978e-01	2.712599429219548774e-01	1.696184505463469439e-01	7.970459964374097817e-02	3.433782453240436655e-02	8.728494027800999533e-02
1.446493293882929493e+03	2.185486028071906006e-01	1.384118838048161437e-01	2.715779748969899265e-01	1.698393833336179770e-01	7.979952491568147177e-02	3.440077893358747113e-02	8.742185130789890957e-02
1.451331064096585123e+03	2.180538172976873579e-01	1.380776726830199030e-01	2.718941395216226131e-01	1.700590463458561963e-01	7.989393391741266004e-02	3.446344271452519981e-02	8.755794751965850775e-02
1.456168834310240300e+03	2.175618881671466109e-01	1.377453368033070280e-01	2.722084484328068932e-01	1.702774466617221483e-01	7.998782922252939409e-02	3.452581680555795451e-02	8.769323390671253382e-02
1.461006604523895703e+03	2.170727989110317058e-01	1.374148656136915669e-01	2.725209131830276243e-01	1.704945913228901599e-01	8.008121339547329132e-02	3.458790214001795926e-02	8.782771543365026912e-02
1.465844374737550879e+03	2.165865331212372402e-01	1.370862486212905684e-01	2.728315452411836928e-01	1.707104873342000784e-01	8.017408899149652823e-02	3.464969965410869684e-02	8.796139703626568163e-02
1.470682144951206283e+03	2.161030744855019226e-01	1.367594753920005624e-01	2.731403559934549863e-01	1.709251416638089827e-01	8.026645855662742357e-02	3.471121028678653131e-02	8.809428362160204307e-02
1.475519915164861459e+03	2.156224067868252603e-01	1.364345355501757895e-01	2.734473567441537689e-01	1.711385612433434233e-01	8.035832462763793649e-02	3.477243497964444680e-02	8.822638006800184729e-02
1.480357685378516862e+03	2.151445139028886899e-01	1.361114187783078466e-01	2.737525587165615115e-01	1.713507529680518837e-01	8.044968973201284401e-02	3.483337467679799293e-02	8.835769122516171081e-02
