5.224791830747705035e+02	3.925113592773014637e-01	2.529657002544648536e-01	1.532814284862476784e-01	9.401657778180744218e-02	4.917802739122361516e-02	1.699740351697034968e-02	4.104950329176724338e-02
5.273169532884259070e+02	3.909976752546060474e-01	2.519935558598405678e-01	1.544619222901130184e-01	9.465071241054537343e-02	4.941518585621595266e-02	1.710591933210517390e-02	4.137502899635656789e-02
5.321547235020811968e+02	3.894931237962068749e-01	2.510267711474196695e-01	1.556298727452420372e-01	9.528176784942322952e-02	4.965166367631717453e-02	1.721464813904939953e-02	4.170215264612439632e-02
5.369924937157364866e+02	3.879976402661728385e-01	2.500653182455645496e-01	1.567855459937695928e-01	9.590974579780767173e-02	4.988744764136660015e-02	1.732357323198956134e-02	4.203072882311201242e-02
5.418302639293917764e+02	3.865111607964282214e-01	2.491091693791205874e-01	1.579291998028508337e-01	9.653464845634485147e-02	5.012252514178867913e-02	1.743267839910644587e-02	4.236061802414323868e-02
5.466680341430470662e+02	3.850336222685303844e-01	2.481582968707422565e-01	1.590610838588835951e-01	9.715647850641721817e-02	5.035688414731044615e-02	1.754194790713488675e-02	4.269168644076414693e-02
5.515058043567023560e+02	3.835649622960460858e-01	2.472126731421481205e-01	1.601814400511330228e-01	9.777523909034904759e-02	5.059051318643364298e-02	1.765136648644874406e-02	4.302380574722431544e-02
5.563435745703576458e+02	3.821051192075053948e-01	2.462722707153078838e-01	1.612905027451425610e-01	9.839093379233325443e-02	5.082340132663441118e-02	1.776091931665246815e-02	4.335685289620704735e-02
5.611813447840129356e+02	3.806540320299127700e-01	2.453370622135630508e-01	1.623884990463013434e-01	9.900356662005352359e-02	5.105553815526438916e-02	1.787059201266123776e-02	4.369070992202672699e-02
5.660191149976681118e+02	3.792116404727950418e-01	2.444070203626848292e-01	1.634756490539245599e-01	9.961314198697676647e-02	5.128691376112799738e-02	1.798037061125245042e-02	4.402526375102151779e-02
5.708568852113234016e+02	3.777778849127677030e-01	2.434821179918704170e-01	1.645521661061904728e-01	1.002196646952914216e-01	5.151751871671173683e-02	1.809024155807179707e-02	4.436040601887963203e-02
5.756946554249786914e+02	3.763527063786011317e-01	2.425623280346812793e-01	1.656182570162655909e-01	1.008231399194684935e-01	5.174734406104195689e-02	1.820019169507789206e-02	4.469603289464688101e-02
5.805324256386339812e+02	3.749360465367686523e-01	2.416476235299243602e-01	1.666741222999366667e-01	1.014235731904225696e-01	5.197638128314865935e-02	1.831020824840993641e-02	4.503204491117233921e-02
5.853701958522892710e+02	3.735278476774597234e-01	2.407379776224792822e-01	1.677199563950579342e-01	1.020209703802514162e-01	5.220462230611354337e-02	1.842027881666346428e-02	4.536834680175783757e-02
5.902079660659445608e+02	3.721280527010414341e-01	2.398333635640731432e-01	1.687559478731089357e-01	1.026153376875330314e-01	5.243205947168132208e-02	1.853039135955977454e-02	4.570484734278553590e-02
5.950457362795999643e+02	3.707366051049529321e-01	2.389337547140049367e-01	1.697822796431499304e-01	1.032066816231601014e-01	5.265868552541421582e-02	1.864053418699514533e-02	4.604145920210590825e-02
5.998835064932552541e+02	3.693534489710171842e-01	2.380391245398215672e-01	1.707991291484490526e-01	1.037950089966923478e-01	5.288449360236998492e-02	1.875069594845647086e-02	4.637809879297657978e-02
6.047212767069104302e+02	3.679785289531550818e-01	2.371494466179473737e-01	1.718066685560473428e-01	1.043803269032082676e-01	5.310947721328490578e-02	1.886086562279034803e-02	4.671468613334987807e-02
6.095590469205657200e+02	3.666117902654883465e-01	2.362646946342686627e-01	1.728050649395170835e-01	1.049626427106379739e-01	5.333363023124351732e-02	1.897103250831323404e-02	4.705114471031440759e-02
6.143968171342210098e+02	3.652531786708168582e-01	2.353848423846752469e-01	1.737944804551597722e-01	1.055419640475599025e-01	5.355694687881772109e-02	1.908118621325067057e-02	4.738740134950308880e-02
6.192345873478761860e+02	3.639026404694577499e-01	2.345098637755603510e-01	1.747750725118814019e-01	1.061182987914446457e-01	5.377942171565847085e-02	1.919131664649393471e-02	4.772338608928667486e-02
6.240723575615315895e+02	3.625601224884331675e-01	2.336397328242809657e-01	1.757469939349738386e-01	1.066916550573296790e-01	5.400104962652373802e-02	1.930141400866306964e-02	4.805903205957876706e-02
6.289101277751868793e+02	3.612255720709945384e-01	2.327744236595793159e-01	1.767103931240229797e-01	1.072620411869094348e-01	5.422182580972736282e-02	1.941146878346547422e-02	4.839427536508410926e-02
6.337478979888421691e+02	3.598989370664716358e-01	2.319139105219679420e-01	1.776654142051560248e-01	1.078294657380258204e-01	5.444174576599351140e-02	1.952147172933968791e-02	4.872905497282863096e-02
6.385856682024975726e+02	3.585801658204348930e-01	2.310581677640789755e-01	1.786121971778329431e-01	1.083939374745446216e-01	5.466080528770235480e-02	1.963141387137442781e-02	4.906331260381514153e-02
6.434234384161527487e+02	3.572692071651600298e-01	2.302071698509792486e-01	1.795508780563795093e-01	1.089554653566038728e-01	5.487900044851301562e-02	1.974128649349318754e-02	4.939699262865449719e-02
6.482612086298080385e+02	3.559660104103845590e-01	2.293608913604530120e-01	1.804815890064521977e-01	1.095140585312208148e-01	5.509632759335021668e-02	1.985108113089514500e-02	4.973004196702742602e-02
6.530989788434633283e+02	3.546705253343456210e-01	2.285193069832526791e-01	1.814044584766180690e-01	1.100697263232444240e-01	5.531278332874173254e-02	1.996078956274340011e-02	5.006240999083742815e-02
6.579367490571185044e+02	3.533827021750895470e-01	2.276823915233194551e-01	1.823196113252267825e-01	1.106224782266411466e-01	5.552836451349404956e-02	2.007040380509192076e-02	5.039404843092039343e-02
6.627745192707737942e+02	3.521024916220438228e-01	2.268501198979748779e-01	1.832271689427444894e-01	1.111723238961017379e-01	5.574306824969422341e-02	2.017991610404287067e-02	5.072491128718128323e-02
6.676122894844290840e+02	3.508298448078416287e-01	2.260224671380842709e-01	1.841272493697143076e-01	1.117192731389575616e-01	5.595689187402624193e-02	2.028931892912628696e-02	5.105495474203303186e-02
6.724500596980843738e+02	3.495647133003911833e-01	2.251994083881933284e-01	1.850199674105010295e-01	1.122633359073953174e-01	5.616983294939077720e-02	2.039860496689436392e-02	5.138413707701734723e-02
6.772878299117396637e+02	3.483070490951804543e-01	2.243809189066387488e-01	1.859054347429729415e-01	1.128045222909593720e-01	5.638188925681741209e-02	2.050776711472290445e-02	5.171241859249147560e-02
6.821256001253949535e+02	3.470568046078095215e-01	2.235669740656343329e-01	1.867837600242673868e-01	1.133428425093312847e-01	5.659305878765893277e-02	2.061679847481269132e-02	5.203976153026917961e-02
6.869633703390502433e+02	3.458139326667424296e-01	2.227575493513329064e-01	1.876550489927815424e-01	1.138783069053765223e-01	5.680333973605778547e-02	2.072569234838389160e-02	5.236612999910825184e-02
6.918011405527055331e+02	3.445783865062713724e-01	2.219526203638655659e-01	1.885194045665251894e-01	1.144109259384488431e-01	5.701273049167479567e-02	2.083444223005679816e-02	5.269148990294082041e-02
6.966389107663608229e+02	3.433501197596852128e-01	2.211521628173586385e-01	1.893769269379667608e-01	1.149407101779429119e-01	5.722122963267096962e-02	2.094304180241240987e-02	5.301580887174645040e-02
7.014766809800161127e+02	3.421290864526359554e-01	2.203561525399299892e-01	1.902277136654994261e-01	1.154676702970862112e-01	5.742883591893336442e-02	2.105148493072669588e-02	5.333905619497170819e-02
7.063144511936714025e+02	3.409152409966955677e-01	2.195645654736645969e-01	1.910718597616492542e-01	1.159918170669618359e-01	5.763554828553628384e-02	2.115976565787246882e-02	5.366120275740335344e-02
7.111522214073266923e+02	3.397085381830974304e-01	2.187773776745708942e-01	1.919094577781433331e-01	1.165131613507534303e-01	5.784136583642951468e-02	2.126787819938318058e-02	5.398222097740558445e-02
7.159899916209819821e+02	3.385089331766553689e-01	2.179945653125184013e-01	1.927405978879510318e-01	1.170317140982047172e-01	5.804628783834551303e-02	2.137581693867295768e-02	5.430208474743530161e-02
7.208277618346371582e+02	3.373163815098547680e-01	2.172161046711574284e-01	1.935653679644081526e-01	1.175474863402855841e-01	5.825031371491774801e-02	2.148357642240756454e-02	5.462076937675212213e-02
7.256655320482924481e+02	3.361308390771087784e-01	2.164419721478216541e-01	1.943838536575286657e-01	1.180604891840572601e-01	5.845344304100276445e-02	2.159115135602110436e-02	5.493825153624322388e-02
7.305033022619478515e+02	3.349522621291756708e-01	2.156721442534139666e-01	1.951961384676062228e-01	1.185707338077297279e-01	5.865567553719870653e-02	2.169853659937339557e-02	5.525450920528578863e-02
7.353410724756030277e+02	3.337806072677301228e-01	2.149065976122769561e-01	1.960023038162029552e-01	1.190782314559040572e-01	5.885701106455334952e-02	2.180572716254328830e-02	5.556952162057272188e-02
7.401788426892584312e+02	3.326158314400843863e-01	2.141453089620477812e-01	1.968024291146198423e-01	1.195829934349932760e-01	5.905744961945494365e-02	2.191271820175320212e-02	5.588326922683000547e-02
7.450166129029136073e+02	3.314578919340535612e-01	2.133882551534987404e-01	1.975965918299396051e-01	1.200850311088151046e-01	5.925699132869937519e-02	2.201950501542039237e-02	5.619573362935669641e-02
7.498543831165690108e+02	3.303067463729599806e-01	2.126354131503638278e-01	1.983848675487299429e-01	1.205843558943506533e-01	5.945563644472742076e-02	2.212608304033069490e-02	5.650689754832095846e-02
7.546921533302243006e+02	3.291623527107728209e-01	2.118867600291521602e-01	1.991673300384910472e-01	1.210809792576628269e-01	5.965338534102612028e-02	2.223244784793047477e-02	5.681674477474806667e-02
7.595299235438793630e+02	3.280246692273773301e-01	2.111422729789483033e-01	1.999440513069291603e-01	1.215749127099688270e-01	5.985023850768839832e-02	2.233859514073282398e-02	5.712526012813866350e-02
7.643676937575347665e+02	3.268936545239701785e-01	2.104019293012006075e-01	2.007151016591344206e-01	1.220661678038612030e-01	6.004619654712538973e-02	2.244452074883409795e-02	5.743242941565764037e-02
7.692054639711900563e+02	3.257692675185756559e-01	2.096657064094976930e-01	2.014805497527386025e-01	1.225547561296720656e-01	6.024126016992609189e-02	2.255022062653704029e-02	5.773823939283637130e-02
7.740432341848452324e+02	3.246514674416798862e-01	2.089335818293338309e-01	2.022404626511255521e-01	1.230406893119752876e-01	6.043543019085913237e-02	2.265569084907691905e-02	5.804267772573296069e-02
7.788810043985006359e+02	3.235402138319778964e-01	2.082055331978634738e-01	2.029949058747644308e-01	1.235239790062217236e-01	6.062870752501163529e-02	2.276092760944712148e-02	5.834573295449729802e-02
7.837187746121558121e+02	3.224354665322305413e-01	2.074815382636457373e-01	2.037439434507337110e-01	1.240046368955027983e-01	6.082109318406040549e-02	2.286592721532093239e-02	5.864739445828952985e-02
7.885565448258112156e+02	3.213371856852272890e-01	2.067615748863787795e-01	2.044876379605005956e-01	1.244826746874375806e-01	6.101258827267067725e-02	2.297068608606618600e-02	5.894765242150257906e-02
7.933943150394665054e+02	3.202453317298515900e-01	2.060456210366250207e-01	2.052260505860192819e-01	1.249581041111791774e-01	6.120319398501804925e-02	2.307520074984969333e-02	5.924649780124094378e-02
7.982320852531219089e+02	3.191598653972446686e-01	2.053336547955273705e-01	2.059592411542081614e-01	1.254309369145359121e-01	6.139291160142922726e-02	2.317946784082842646e-02	5.954392229600994485e-02
8.030698554667769713e+02	3.180807477070656253e-01	2.046256543545168782e-01	2.066872681798647415e-01	1.259011848612033024e-01	6.158174248513741816e-02	2.328348409642455943e-02	5.983991831557114449e-02
8.079076256804323748e+02	3.170079399638436879e-01	2.039215980150122509e-01	2.074101889070738558e-01	1.263688597281028558e-01	6.176968807914829523e-02	2.338724635468150681e-02	6.013447895192124831e-02
8.127453958940876646e+02	3.159414037534197806e-01	2.032214641881114892e-01	2.081280593491642295e-01	1.268339733028236715e-01	6.195674990321276693e-02	2.349075155169834742e-02	6.042759795135341921e-02
8.175831661077428407e+02	3.148811009394748561e-01	2.025252313942761673e-01	2.088409343272651097e-01	1.272965373811633938e-01	6.214292955090269799e-02	2.359399671913992025e-02	6.071926968756151399e-02
8.224209363213982442e+02	3.138269936601419396e-01	2.018328782630086637e-01	2.095488675075132534e-01	1.277565637647646857e-01	6.232822868678605105e-02	2.369697898182013263e-02	6.100948913574887750e-02
8.272587065350534203e+02	3.127790443246986074e-01	2.011443835325225915e-01	2.102519114369592046e-01	1.282140642588441015e-01	6.251264904369795150e-02	2.379969555535603465e-02	6.129825184770510554e-02
8.320964767487085965e+02	3.117372156103380143e-01	2.004597260494067335e-01	2.109501175782193261e-01	1.286690506700095826e-01	6.269619242010428251e-02	2.390214374389030075e-02	6.158555392781529109e-02
8.369342469623640000e+02	3.107014704590157494e-01	1.997788847682829827e-01	2.116435363429187144e-01	1.291215348041639122e-01	6.287886067755470154e-02	2.400432093787987706e-02	6.187139200996760735e-02
8.417720171760191761e+02	3.096717720743694113e-01	1.991018387514584265e-01	2.123322171239684919e-01	1.295715284644905485e-01	6.306065573822171311e-02	2.410622461194858457e-02	6.215576323532634451e-02
8.466097873896745796e+02	3.086480839187095149e-01	1.984285671685719343e-01	2.130162083267193862e-01	1.300190434495192837e-01	6.324157958252316081e-02	2.420785232280158253e-02	6.243866523093865445e-02
8.514475576033297557e+02	3.076303697100786771e-01	1.977590492962353341e-01	2.136955573990318435e-01	1.304640915512685351e-01	6.342163424682484285e-02	2.430920170719968673e-02	6.272009608914458356e-02
8.562853278169851592e+02	3.066185934193772500e-01	1.970932645176698139e-01	2.143703108603016438e-01	1.309066845534616885e-01	6.360082182122078764e-02	2.441027047999149921e-02	6.300005434776076441e-02
8.611230980306403353e+02	3.056127192675531790e-01	1.964311923223374112e-01	2.150405143294785160e-01	1.313468342298148017e-01	6.377914444738827515e-02	2.451105643220156949e-02	6.327853897100969849e-02
8.659608682442956251e+02	3.046127117228536463e-01	1.957728123055682279e-01	2.157062125521138074e-01	1.317845523423930298e-01	6.395660431651507827e-02	2.461155742917265146e-02	6.355554933116694394e-02
8.707986384579510286e+02	3.036185354981375539e-01	1.951181041681832595e-01	2.163674494264722359e-01	1.322198506400334150e-01	6.413320366729649558e-02	2.471177140876035586e-02	6.383108519090013866e-02
8.756364086716062047e+02	3.026301555482454608e-01	1.944670477161131172e-01	2.170242680287408354e-01	1.326527408568315691e-01	6.430894478399962200e-02	2.481169637957848784e-02	6.410514668627444179e-02
8.804741788852616082e+02	3.016475370674263079e-01	1.938196228600132798e-01	2.176767106373681815e-01	1.330832347106899460e-01	6.448382999459258136e-02	2.491133041929340097e-02	6.437773431039983674e-02
8.853119490989170117e+02	3.006706454868190437e-01	1.931758096148754877e-01	2.183248187565641485e-01	1.335113439019255388e-01	6.465786166893651432e-02	2.501067167296581323e-02	6.464884889769691168e-02
8.901497193125721878e+02	2.996994464719867080e-01	1.925355880996358349e-01	2.189686331389913143e-01	1.339370801119348087e-01	6.483104221703818448e-02	2.510971835143852374e-02	6.491849160875816371e-02
8.949874895262273640e+02	2.987339059205015301e-01	1.918989385367796674e-01	2.196081938076757667e-01	1.343604550019138200e-01	6.500337408736088507e-02	2.520846872976860095e-02	6.518666391578324670e-02
8.998252597398827675e+02	2.977739899595803208e-01	1.912658412519437356e-01	2.202435400771663998e-01	1.347814802116316657e-01	6.517485976519193924e-02	2.530692114570254683e-02	6.545336758856691584e-02
9.046630299535379436e+02	2.968196649437674917e-01	1.906362766735151815e-01	2.208747105739688188e-01	1.352001673582549357e-01	6.534550177106465685e-02	2.540507399819311868e-02	6.571860468101936581e-02
9.095008001671932334e+02	2.958708974526646496e-01	1.900102253322281110e-01	2.215017432562800259e-01	1.356165280352220337e-01	6.551530265923290186e-02	2.550292574595645900e-02	6.598237751819939489e-02
9.143385703808486369e+02	2.949276542887055985e-01	1.893876678607576969e-01	2.221246754330490902e-01	1.360305738111648455e-01	6.568426501619649416e-02	2.560047490606825668e-02	6.624468868384161824e-02
9.191763405945038130e+02	2.939899024749748069e-01	1.887685849933121163e-01	2.227435437823874209e-01	1.364423162288764257e-01	6.585239145927568316e-02	2.569772005259767650e-02	6.650554100835948113e-02
9.240141108081592165e+02	2.930576092530685628e-01	1.881529575652219066e-01	2.233583843693524307e-01	1.368517668043231217e-01	6.601968463523304187e-02	2.579465981527790178e-02	6.676493755730665558e-02
9.288518810218145063e+02	2.921307420809971522e-01	1.875407665125280454e-01	2.239692326631264885e-01	1.372589370256990793e-01	6.618614721894104658e-02	2.589129287821209310e-02	6.702288162027977836e-02
9.336896512354697961e+02	2.912092686311265055e-01	1.869319928715675594e-01	2.245761235536130607e-01	1.376638383525224385e-01	6.635178191209396836e-02	2.598761797861369460e-02	6.727937670024651540e-02
9.385274214491247449e+02	2.902931567881594788e-01	1.863266177785576905e-01	2.251790913674706351e-01	1.380664822147705806e-01	6.651659144196236939e-02	2.608363390557997055e-02	6.753442650328307650e-02
9.433651916627801484e+02	2.893823746471536063e-01	1.857246224691786740e-01	2.257781698836044959e-01	1.384668800120541776e-01	6.668057856018885787e-02	2.617933949889774889e-02	6.778803492870624781e-02
9.482029618764355519e+02	2.884768905115758786e-01	1.851259882781548793e-01	2.263733923481358878e-01	1.388650431128277685e-01	6.684374604162370004e-02	2.627473364788036198e-02	6.804020605958531476e-02
9.530407320900908417e+02	2.875766728913926595e-01	1.845306966388346459e-01	2.269647914888668627e-01	1.392609828536359728e-01	6.700609668319885970e-02	2.636981529023485135e-02	6.829094415361988690e-02
9.578785023037459041e+02	2.866816905011937977e-01	1.839387290827690369e-01	2.275523995292589585e-01	1.396547105383940945e-01	6.716763330283925804e-02	2.646458341095843728e-02	6.854025363437017682e-02
9.627162725174014213e+02	2.857919122583499894e-01	1.833500672392894548e-01	2.281362482019428928e-01	1.400462374377015040e-01	6.732835873840986585e-02	2.655903704126338569e-02	6.878813908282666034e-02
9.675540427310568248e+02	2.849073072812023932e-01	1.827646928350844802e-01	2.287163687617763119e-01	1.404355747881871064e-01	6.748827584669755963e-02	2.665317525752941910e-02	6.903460522930651710e-02
9.723918129447120009e+02	2.840278448872837758e-01	1.821825876937755440e-01	2.292927919984648066e-01	1.408227337918852851e-01	6.764738750242642318e-02	2.674699718028279716e-02	6.927965694566511068e-02
9.772295831583674044e+02	2.831534945915699653e-01	1.816037337354921288e-01	2.298655482487629020e-01	1.412077256156415717e-01	6.780569659730548149e-02	2.684050197320122025e-02	6.952329923781042087e-02
9.820673533720223531e+02	2.822842261047606716e-01	1.810281129764463870e-01	2.304346674082688173e-01	1.415905613905467375e-01	6.796320603910765978e-02	2.693368884214387970e-02	6.976553723850950628e-02
9.869051235856777566e+02	2.814200093315892826e-01	1.804557075285068146e-01	2.310001789428281216e-01	1.419712522113985020e-01	6.811991875077903769e-02	2.702655703420574901e-02	7.000637620047621412e-02
9.917428937993331601e+02	2.805608143691602496e-01	1.798864995987719262e-01	2.315621118995598859e-01	1.423498091361894147e-01	6.827583766957728839e-02	2.711910583679551581e-02	7.024582148972950690e-02
9.965806640129884499e+02	2.797066115053138402e-01	1.793204714891433182e-01	2.321204949175186549e-01	1.427262431856206881e-01	6.843096574623830364e-02	2.721133457673634293e-02	7.048387857921264987e-02
1.001418434226643626e+03	2.788573712170172025e-01	1.787576055958985111e-01	2.326753562380053375e-01	1.431005653426403457e-01	6.858530594417021342e-02	2.730324261938884070e-02	7.072055304266340603e-02
1.006256204440298802e+03	2.780130641687807436e-01	1.781978844092635683e-01	2.332267237145392025e-01	1.434727865520051271e-01	6.873886123867369025e-02	2.739482936779553263e-02	7.095585054872603770e-02
1.011093974653954206e+03	2.771736612110996534e-01	1.776412905129857167e-01	2.337746248225031631e-01	1.438429177198652931e-01	6.889163461618770523e-02	2.748609426184623478e-02	7.118977685529608024e-02
1.015931744867609382e+03	2.763391333789195770e-01	1.770878065839057436e-01	2.343190866684739526e-01	1.442109697133715784e-01	6.904362907356005608e-02	2.757703677746367599e-02	7.142233780408933919e-02
1.020769515081264785e+03	2.755094518901256562e-01	1.765374153915305333e-01	2.348601359992476267e-01	1.445769533603030454e-01	6.919484761734161216e-02	2.766765642580877940e-02	7.165353931542668697e-02
1.025607285294920075e+03	2.746845881440547199e-01	1.759900997976056314e-01	2.353977992105725503e-01	1.449408794487158092e-01	6.934529326310354125e-02	2.775795275250505373e-02	7.188338738322667953e-02
1.030445055508575479e+03	2.738645137200293456e-01	1.754458427556881417e-01	2.359321023555986108e-01	1.453027587266111365e-01	6.949496903477690724e-02	2.784792533688148705e-02	7.211188807019834612e-02
1.035282825722230655e+03	2.730492003759140696e-01	1.749046273107197069e-01	2.364630711530536500e-01	1.456626019016228069e-01	6.964387796401370900e-02	2.793757379123344015e-02	7.233904750322654731e-02
1.040120595935886058e+03	2.722386200466924144e-01	1.743664365985997666e-01	2.369907309951565511e-01	1.460204196407225430e-01	6.979202308956877765e-02	2.802689776010098763e-02	7.256487186894286512e-02
1.044958366149541234e+03	2.714327448430645107e-01	1.738312538457592593e-01	2.375151069552758343e-01	1.463762225699432318e-01	6.993940745670171322e-02	2.811589691956424206e-02	7.278936740947511419e-02
1.049796136363196410e+03	2.706315470500643139e-01	1.732990623687347131e-01	2.380362237953434212e-01	1.467300212741192433e-01	7.008603411659836135e-02	2.820457097655514056e-02	7.301254041836870157e-02
1.054633906576851814e+03	2.698349991256972502e-01	1.727698455737426697e-01	2.385541059730312830e-01	1.470818262966429313e-01	7.023190612581103887e-02	2.829291966818521867e-02	7.323439723667354850e-02
1.059471676790506763e+03	2.690430736995956251e-01	1.722435869562549959e-01	2.390687776487000482e-01	1.474316481392370370e-01	7.037702654571699468e-02	2.838094276108894462e-02	7.345494424919031540e-02
1.064309447004162394e+03	2.682557435716935723e-01	1.717202701005742238e-01	2.395802626921273160e-01	1.477794972617421931e-01	7.052139844199445395e-02	2.846864005078213883e-02	7.367418788087005954e-02
1.069147217217817570e+03	2.674729817109193220e-01	1.711998786794099447e-01	2.400885846890231379e-01	1.481253840819193313e-01	7.066502488411564864e-02	2.855601136103507257e-02	7.389213459336148315e-02
1.073984987431472746e+03	2.666947612539051771e-01	1.706823964534557869e-01	2.405937669473403873e-01	1.484693189752659404e-01	7.080790894485643194e-02	2.864305654325984343e-02	7.410879088170040097e-02
1.078822757645127922e+03	2.659210555037146984e-01	1.701678072709668088e-01	2.410958325033872862e-01	1.488113122748460915e-01	7.095005369982158860e-02	2.872977547591158351e-02	7.432416327113589016e-02
1.083660527858783553e+03	2.651518379285866533e-01	1.696560950673381418e-01	2.415948041277485581e-01	1.491513742711334523e-01	7.109146222698584094e-02	2.881616806390317059e-02	7.453825831408815439e-02
1.088498298072438729e+03	2.643870821606948973e-01	1.691472438646839382e-01	2.420907043310223383e-01	1.494895152118669857e-01	7.123213760624955149e-02	2.890223423803300884e-02	7.475108258723325849e-02
1.093336068286093905e+03	2.636267619949244079e-01	1.686412377714174571e-01	2.425835553693790614e-01	1.498257453019189445e-01	7.137208291900892787e-02	2.898797395442557351e-02	7.496264268870965475e-02
1.098173838499749309e+03	2.628708513876625852e-01	1.681380609818319827e-01	2.430733792499484569e-01	1.501600747031742178e-01	7.151130124774016106e-02	2.907338719398435897e-02	7.517294523544221230e-02
1.103011608713404712e+03	2.621193244556061508e-01	1.676376977756824649e-01	2.435601977360407344e-01	1.504925135344214737e-01	7.164979567559706664e-02	2.915847396185682755e-02	7.538199686057923954e-02
1.107849378927059888e+03	2.613721554745819797e-01	1.671401325177683528e-01	2.440440323522078125e-01	1.508230718712546548e-01	7.178756928602188225e-02	2.924323428691112323e-02	7.558980421103823899e-02
1.112687149140715292e+03	2.606293188783830317e-01	1.666453496575172055e-01	2.445249043891496998e-01	1.511517597459852147e-01	7.192462516236858283e-02	2.932766822122417211e-02	7.579637394515616189e-02
1.117524919354370468e+03	2.598907892576179379e-01	1.661533337285693857e-01	2.450028349084721890e-01	1.514785871475645140e-01	7.206096638753851924e-02	2.941177583958088856e-02	7.600171273044060982e-02
1.122362689568025871e+03	2.591565413585749100e-01	1.656640693483638349e-01	2.454778447473000003e-01	1.518035640215156246e-01	7.219659604362788086e-02	2.949555723898418177e-02	7.620582724141768127e-02
1.127200459781681047e+03	2.584265500820979167e-01	1.651775412177248492e-01	2.459499545227513406e-01	1.521267002698747650e-01	7.233151721158666281e-02	2.957901253817546428e-02	7.640872415757314629e-02
1.132038229995336451e+03	2.577007904824773488e-01	1.646937341204499361e-01	2.464191846362779048e-01	1.524480057511415632e-01	7.246573297088866605e-02	2.966214187716541273e-02	7.661041016138329940e-02
1.136876000208991627e+03	2.569792377663524530e-01	1.642126329228989212e-01	2.468855552778754792e-01	1.527674902802380885e-01	7.259924639921239153e-02	2.974494541677467213e-02	7.681089193643213242e-02
1.141713770422646803e+03	2.562618672916268658e-01	1.637342225735839429e-01	2.473490864301692016e-01	1.530851636284760453e-01	7.273206057213219000e-02	2.982742333818427100e-02	7.701017616561155188e-02
1.146551540636302207e+03	2.555486545663963605e-01	1.632584881027608070e-01	2.478097978723781680e-01	1.534010355235323197e-01	7.286417856281958427e-02	2.990957584249549772e-02	7.720826952940133825e-02
1.151389310849957155e+03	2.548395752478879728e-01	1.627854146220216736e-01	2.482677091841632155e-01	1.537151156494318549e-01	7.299560344175430593e-02	2.999140315029897100e-02	7.740517870422609914e-02
1.156227081063612786e+03	2.541346051414117846e-01	1.623149873238884933e-01	2.487228397493619902e-01	1.540274136465382693e-01	7.312633827644486606e-02	3.007290550125267178e-02	7.760091036088606620e-02
1.161064851277267962e+03	2.534337201993234201e-01	1.618471914814082480e-01	2.491752087596151577e-01	1.543379391115514976e-01	7.325638613115821596e-02	3.015408315366870790e-02	7.779547116305894627e-02
1.165902621490923138e+03	2.527368965199981998e-01	1.613820124477489404e-01	2.496248352178877250e-01	1.546467015975122872e-01	7.338575006665826184e-02	3.023493638410862036e-02	7.798886776587020397e-02
1.170740391704578315e+03	2.520441103468161193e-01	1.609194356557973049e-01	2.500717379418883612e-01	1.549537106138134390e-01	7.351443313995303930e-02	3.031546548698695054e-02	7.818110681452908328e-02
1.175578161918233945e+03	2.513553380671574855e-01	1.604594466177573786e-01	2.505159355673911570e-01	1.552589756262173215e-01	7.364243840405020058e-02	3.039567077418292920e-02	7.837219494302784251e-02
1.180415932131889122e+03	2.506705562114094343e-01	1.600020309247507100e-01	2.509574465514620711e-01	1.555625060568796292e-01	7.376976890772049544e-02	3.047555257466001352e-02	7.856213877290192660e-02
1.185253702345544298e+03	2.499897414519824668e-01	1.595471742464178166e-01	2.513962891755944229e-01	1.558643112843788037e-01	7.389642769526917621e-02	3.055511123409314703e-02	7.875094491204846781e-02
1.190091472559199701e+03	2.493128706023370056e-01	1.590948623305207810e-01	2.518324815487555934e-01	1.561644006437514220e-01	7.402241780631489687e-02	3.063434711450349970e-02	7.893861995360114403e-02
1.194929242772855105e+03	2.486399206160202768e-01	1.586450810025475666e-01	2.522660416103482128e-01	1.564627834265328032e-01	7.414774227557596742e-02	3.071326059390052168e-02	7.912517047485902177e-02
1.199767012986510281e+03	2.479708685857126005e-01	1.581978161653173898e-01	2.526969871330890793e-01	1.567594688808030268e-01	7.427240413266371355e-02	3.079185206593112317e-02	7.931060303626745467e-02
1.204604783200165684e+03	2.473056917422832568e-01	1.577530537985876169e-01	2.531253357258081982e-01	1.570544662112378365e-01	7.439640640188278919e-02	3.087012193953584185e-02	7.949492418044887265e-02
1.209442553413820860e+03	2.466443674538557618e-01	1.573107799586620226e-01	2.535511048361705488e-01	1.573477845791645402e-01	7.451975210203809485e-02	3.094807063861176183e-02	7.967814043128169932e-02
1.214280323627476264e+03	2.459868732248821632e-01	1.568709807780005183e-01	2.539743117533235783e-01	1.576394331026225171e-01	7.464244424624823238e-02	3.102569860168208349e-02	7.986025829302535739e-02
1.219118093841131440e+03	2.453331866952265239e-01	1.564336424648302415e-01	2.543949736104724746e-01	1.579294208564280821e-01	7.476448584176517698e-02	3.110300628157216390e-02	8.004128424948976639e-02
1.223955864054786844e+03	2.446832856392571476e-01	1.559987513027580597e-01	2.548131073873862174e-01	1.582177568722437644e-01	7.488587988980008325e-02	3.117999414509185774e-02	8.022122476324730633e-02
1.228793634268442020e+03	2.440371479649473541e-01	1.555662936503845184e-01	2.552287299128357390e-01	1.585044501386518034e-01	7.500662938535498925e-02	3.125666267272402682e-02	8.040008627488599846e-02
1.233631404482097196e+03	2.433947517129849136e-01	1.551362559409192876e-01	2.556418578669676922e-01	1.587895096012313378e-01	7.512673731706029367e-02	3.133301235831906922e-02	8.057787520230184908e-02
1.238469174695752372e+03	2.427560750558897251e-01	1.547086246817981348e-01	2.560525077836147689e-01	1.590729441626396734e-01	7.524620666701764549e-02	3.140904370879535334e-02	8.075459794002920466e-02
1.243306944909407548e+03	2.421210962971397374e-01	1.542833864543011191e-01	2.564606960525456225e-01	1.593547626826970209e-01	7.536504041064838455e-02	3.148475724384533492e-02	8.093026085860738350e-02
1.248144715123063179e+03	2.414897938703048641e-01	1.538605279131725068e-01	2.568664389216557820e-01	1.596349739784748700e-01	7.548324151654706160e-02	3.156015349564734312e-02	8.110487030398218222e-02
1.252982485336718355e+03	2.408621463381889483e-01	1.534400357862420738e-01	2.572697524991019447e-01	1.599135868243876379e-01	7.560081294634013460e-02	3.163523300858282067e-02	8.127843259694107758e-02
1.257820255550373531e+03	2.402381323919793032e-01	1.530218968740479080e-01	2.576706527553809245e-01	1.601906099522876215e-01	7.571775765454957785e-02	3.170999633895889985e-02	8.145095403258045819e-02
1.262658025764028707e+03	2.396177308504040815e-01	1.526060980494606534e-01	2.580691555253556979e-01	1.604660520515629185e-01	7.583407858846112626e-02	3.178444405473626611e-02	8.162244087980397023e-02
1.267495795977684338e+03	2.390009206588970536e-01	1.521926262573093935e-01	2.584652765102300465e-01	1.607399217692384585e-01	7.594977868799730747e-02	3.185857673526209383e-02	8.179289938085042289e-02
1.272333566191339514e+03	2.383876808887697707e-01	1.517814685140088105e-01	2.588590312794731840e-01	1.610122277100798083e-01	7.606486088559487324e-02	3.193239497100799906e-02	8.196233575085035139e-02
1.277171336404994690e+03	2.377779907363909706e-01	1.513726119071881204e-01	2.592504352726965888e-01	1.612829784366996977e-01	7.617932810608665783e-02	3.200589936331285634e-02	8.213075617740984991e-02
1.282009106618650094e+03	2.371718295223732564e-01	1.509660435953214253e-01	2.596395038014839840e-01	1.615521824696672104e-01	7.629318326658755811e-02	3.207909052413045886e-02	8.229816682022081387e-02
1.286846876832305497e+03	2.365691766907666860e-01	1.505617508073594513e-01	2.600262520511762987e-01	1.618198482876193889e-01	7.640642927638473247e-02	3.215196907578179303e-02	8.246457381069632886e-02
1.291684647045960673e+03	2.359700118082594111e-01	1.501597208423630370e-01	2.604106950826131084e-01	1.620859843273753376e-01	7.651906903683172723e-02	3.222453565071190656e-02	8.262998325163023461e-02
1.296522417259616077e+03	2.353743145633847844e-01	1.497599410691378696e-01	2.607928478338318312e-01	1.623505989840524633e-01	7.663110544124643320e-02	3.229679089125126606e-02	8.279440121688008691e-02
1.301360187473271253e+03	2.347820647657357374e-01	1.493623989258711371e-01	2.611727251217261236e-01	1.626137006111851302e-01	7.674254137481290039e-02	3.236873544938147218e-02	8.295783375107224078e-02
1.306197957686926657e+03	2.341932423451852374e-01	1.489670819197693452e-01	2.615503416436645301e-01	1.628752975208451470e-01	7.685337971448676087e-02	3.244036998650528386e-02	8.312028686932837473e-02
1.311035727900581833e+03	2.336078273511135450e-01	1.485739776266979395e-01	2.619257119790712185e-01	1.631353979837645574e-01	7.696362332890407942e-02	3.251169517322081981e-02	8.328176655701258202e-02
1.315873498114237009e+03	2.330257999516417711e-01	1.481830736908221757e-01	2.622988505909690793e-01	1.633940102294599850e-01	7.707327507829381252e-02	3.258271168909983306e-02	8.344227876949807110e-02
1.320711268327892412e+03	2.324471404328717072e-01	1.477943578242498501e-01	2.626697718274877413e-01	1.636511424463590603e-01	7.718233781439352847e-02	3.265342022247007259e-02	8.360182943195275385e-02
1.325549038541547588e+03	2.318718291981319568e-01	1.474078178066754452e-01	2.630384899233360607e-01	1.639068027819285955e-01	7.729081438036834728e-02	3.272382147020150983e-02	8.376042443914287483e-02
1.330386808755202765e+03	2.312998467672301717e-01	1.470234414850256077e-01	2.634050190012411363e-01	1.641609993428042868e-01	7.739870761073310013e-02	3.279391613749646495e-02	8.391806965525404338e-02
1.335224578968857941e+03	2.307311737757112291e-01	1.466412167731065974e-01	2.637693730733552400e-01	1.644137401949220256e-01	7.750602033127743096e-02	3.286370493768345918e-02	8.407477091372880795e-02
1.340062349182513572e+03	2.301657909741215979e-01	1.462611316512529291e-01	2.641315660426303835e-01	1.646650333636509034e-01	7.761275535899403444e-02	3.293318859201482124e-02	8.423053401712014832e-02
1.344900119396168748e+03	2.296036792272792559e-01	1.458831741659775694e-01	2.644916117041629100e-01	1.649148868339272711e-01	7.771891550200964172e-02	3.300236782946783937e-02	8.438536473696033047e-02
1.349737889609823924e+03	2.290448195135496579e-01	1.455073324296240200e-01	2.648495237465078866e-01	1.651633085503906306e-01	7.782450355951887888e-02	3.307124338654952866e-02	8.453926881364420831e-02
1.354575659823479100e+03	2.284891929241273101e-01	1.451335946200195681e-01	2.652053157529652982e-01	1.654103064175203863e-01	7.792952232172085936e-02	3.313981600710481229e-02	8.469225195632656966e-02
1.359413430037134731e+03	2.279367806623228965e-01	1.447619489801302284e-01	2.655590012028380409e-01	1.656558882997741788e-01	7.803397456975838531e-02	3.320808644212813743e-02	8.484431984283291595e-02
1.364251200250789907e+03	2.273875640428561218e-01	1.443923838177172403e-01	2.659105934726629372e-01	1.659000620217272182e-01	7.813786307565977196e-02	3.327605544957843581e-02	8.499547811958302335e-02
1.369088970464445310e+03	2.268415244911539674e-01	1.440248875049950084e-01	2.662601058374159391e-01	1.661428353682126435e-01	7.824119060228312827e-02	3.334372379419729693e-02	8.514573240152675804e-02
1.373926740678100487e+03	2.262986435426542209e-01	1.436594484782908743e-01	2.666075514716911288e-01	1.663842160844632434e-01	7.834395990326309400e-02	3.341109224733043032e-02	8.529508827209164590e-02
1.378764510891755890e+03	2.257589028421147226e-01	1.432960552377060548e-01	2.669529434508561838e-01	1.666242118762537860e-01	7.844617372295999147e-02	3.347816158675220172e-02	8.544355128314165548e-02
1.383602281105411066e+03	2.252222841429273592e-01	1.429346963467783838e-01	2.672962947521831389e-01	1.668628304100445991e-01	7.854783479641117006e-02	3.354493259649327791e-02	8.559112695494675016e-02
1.388440051319066470e+03	2.246887693064376634e-01	1.425753604321463586e-01	2.676376182559562777e-01	1.671000793131258433e-01	7.864894584928468213e-02	3.361140606667125524e-02	8.573782077616262653e-02
1.393277821532721646e+03	2.241583403012695208e-01	1.422180361832150741e-01	2.679769267465577642e-01	1.673359661737626458e-01	7.874950959783506843e-02	3.367758279332432741e-02	8.588363820382033387e-02
1.398115591746377049e+03	2.236309792026547338e-01	1.418627123518233224e-01	2.683142329135311255e-01	1.675704985413412340e-01	7.884952874886132224e-02	3.374346357824778431e-02	8.602858466332523324e-02
1.402953361960032225e+03	2.231066681917677486e-01	1.415093777519124407e-01	2.686495493526239176e-01	1.678036839265154845e-01	7.894900599966687971e-02	3.380904922883337660e-02	8.617266554846492177e-02
1.407791132173687402e+03	2.225853895550654327e-01	1.411580212591966865e-01	2.689828885668095748e-01	1.680355298013543330e-01	7.904794403802152536e-02	3.387434055791152532e-02	8.631588622142569167e-02
1.412628902387342805e+03	2.220671256836314611e-01	1.408086318108349999e-01	2.693142629672896082e-01	1.682660435994899062e-01	7.914634554212546247e-02	3.393933838359618205e-02	8.645825201281710781e-02
1.417466672600997981e+03	2.215518590725258918e-01	1.404611984051044871e-01	2.696436848744763748e-01	1.684952327162660968e-01	7.924421318057496555e-02	3.400404352913247163e-02	8.659976822170448174e-02
1.422304442814653157e+03	2.210395723201392382e-01	1.401157101010751804e-01	2.699711665189568621e-01	1.687231045088878334e-01	7.934154961233019776e-02	3.406845682274690923e-02	8.674044011564861767e-02
1.427142213028308333e+03	2.205302481275513427e-01	1.397721560182866585e-01	2.702967200424385430e-01	1.689496662965707663e-01	7.943835748668454100e-02	3.413257909750026103e-02	8.688027293075274715e-02
1.431979983241963964e+03	2.200238692978950528e-01	1.394305253364258590e-01	2.706203574986774663e-01	1.691749253606915082e-01	7.953463944323586887e-02	3.419641119114291000e-02	8.701927187171620837e-02
1.436817753455619140e+03	2.195204187357243653e-01	1.390908072950065855e-01	2.709420908543889728e-01	1.693988889449384028e-01	7.963039811185938788e-02	3.425995394597272647e-02	8.715744211189446755e-02
1.441655523669274316e+03	2.190198794463872056e-01	1.387529911930504567e-01	2.712619319901418691e-01	1.696215642554624592e-01	7.972563611268217165e-02	3.432320820869542294e-02	8.729478879336531605e-02
1.446493293882929493e+03	2.185222345354025930e-01	1.384170663887694663e-01	2.715798927012363362e-01	1.698429584610289256e-01	7.982035605605933282e-02	3.438617483028726107e-02	8.743131702700095154e-02
1.451331064096585123e+03	2.180274672078425235e-01	1.380830222992498191e-01	2.718959846985660178e-01	1.700630786931691951e-01	7.991456054255166586e-02	3.444885466586016659e-02	8.756703189254547159e-02
1.456168834310240300e+03	2.175355607677181280e-01	1.377508484001375988e-01	2.722102196094647319e-01	1.702819320463327124e-01	8.000825216290492758e-02	3.451124857452913391e-02	8.770193843869768247e-02
1.461006604523895703e+03	2.170464986173700206e-01	1.374205342253256856e-01	2.725226089785381944e-01	1.704995255780395735e-01	8.010143349803047763e-02	3.457335741928194844e-02	8.783604168319900096e-02
1.465844374737550879e+03	2.165602642568633107e-01	1.370920693666422274e-01	2.728331642684816982e-01	1.707158663090330986e-01	8.019410711898744548e-02	3.463518206685110151e-02	8.796934661292600544e-02
1.470682144951206283e+03	2.160768412833867225e-01	1.367654434735406099e-01	2.731418968608831932e-01	1.709309612234327369e-01	8.028627558696620203e-02	3.469672338758793273e-02	8.810185818398746926e-02
1.475519915164861459e+03	2.155962133906558220e-01	1.364406462527910091e-01	2.734488180570127658e-01	1.711448172688871672e-01	8.037794145327335771e-02	3.475798225533893032e-02	8.823358132182579361e-02
1.480357685378516862e+03	2.151183643683206581e-01	1.361176674681732757e-01	2.737539390785988513e-01	1.713574413567275634e-01	8.046910725931789854e-02	3.481895954732414783e-02	8.836452092132242309e-02
1.485195455592172038e+03	2.146432781013774549e-01	1.357964969401713740e-01	2.740572710685915681e-01	1.715688403621209446e-01	8.055977553659869617e-02	3.487965614401770248e-02	8.849468184690710559e-02
