5.321547235020811968e+02	3.901601033286640763e-01	2.503497218693147564e-01	1.556100658028709005e-01	9.474804342866695317e-02	4.960501748184899251e-02	1.759605141701665182e-02	4.193099667139806724e-02
5.369924937157364866e+02	3.886565334574625941e-01	2.493946585771990576e-01	1.567729606011643295e-01	9.538655134414479597e-02	4.984690945935198875e-02	1.769734072227590813e-02	4.224504583818170650e-02
5.418302639293917764e+02	3.871620647487433731e-01	2.484448643861567330e-01	1.579232663995301655e-01	9.602171370518275406e-02	5.008786496791335641e-02	1.779894976482704338e-02	4.256127602742693083e-02
5.466680341430470662e+02	3.856766318173439068e-01	2.475003112531075633e-01	1.590612691686147107e-01	9.665354204320025788e-02	5.032787873718076732e-02	1.790085975031745907e-02	4.287950723001580922e-02
5.515058043567023560e+02	3.842001701092342403e-01	2.465609712586004920e-01	1.601872450771512635e-01	9.728204804303461350e-02	5.056694586921672840e-02	1.800305244763356419e-02	4.319956719490956887e-02
5.563435745703576458e+02	3.827326158795686384e-01	2.456268166070832981e-01	1.613014608662472760e-01	9.790724353450921957e-02	5.080506182374248253e-02	1.810551017021518397e-02	4.352129111841443465e-02
5.611813447840129356e+02	3.812739061715295641e-01	2.446978196271371031e-01	1.624041742090469587e-01	9.852914048433360217e-02	5.104222240395353549e-02	1.820821575805633627e-02	4.384452134572348198e-02
5.660191149976681118e+02	3.798239787959334923e-01	2.437739527716780985e-01	1.634956340563447907e-01	9.914775098832272204e-02	5.127842374288444499e-02	1.831115256036600775e-02	4.416910708425101501e-02
5.708568852113234016e+02	3.783827723115694708e-01	2.428551886181271879e-01	1.645760809687009385e-01	9.976308726392285608e-02	5.151366229030152760e-02	1.841430441886361680e-02	4.449490412829494590e-02
5.756946554249786914e+02	3.769502260062414511e-01	2.419414998685492091e-01	1.656457474355890747e-01	1.003751616430322985e-01	5.174793480010275726e-02	1.851765565168472794e-02	4.482177459458106666e-02
5.805324256386339812e+02	3.755262798784876344e-01	2.410328593497629568e-01	1.667048581820853026e-01	1.009839865651053908e-01	5.198123831820512797e-02	1.862119103787366128e-02	4.514958666826059813e-02
5.853701958522892710e+02	3.741108746199505175e-01	2.401292400134232563e-01	1.677536304635879605e-01	1.015895745705288900e-01	5.221357017090042657e-02	1.872489580244045271e-02	4.547821435894918579e-02
5.902079660659445608e+02	3.727039515983731066e-01	2.392306149360760303e-01	1.687922743490377075e-01	1.021919382942601817e-01	5.244492795366115928e-02	1.882875560196059159e-02	4.580753726641187407e-02
5.950457362795999643e+02	3.713054528411963151e-01	2.383369573191879420e-01	1.698209929930897255e-01	1.027910904597169328e-01	5.267530952037899339e-02	1.893275651069669524e-02	4.613744035551404360e-02
5.998835064932552541e+02	3.699153210197345110e-01	2.374482404891511966e-01	1.708399828976716051e-01	1.033870438729087987e-01	5.290471297301899134e-02	1.903688500722220886e-02	4.646781374007330490e-02
6.047212767069104302e+02	3.685334994339076742e-01	2.365644378972650286e-01	1.718494341633435285e-01	1.039798114168015847e-01	5.313313665167324062e-02	1.914112796152790327e-02	4.679855247526164275e-02
6.095590469205657200e+02	3.671599319975081266e-01	2.356855231196944012e-01	1.728495307308610673e-01	1.045694060459047142e-01	5.336057912499848205e-02	1.924547262259274430e-02	4.712955635822104611e-02
6.143968171342210098e+02	3.657945632239812395e-01	2.348114698574073067e-01	1.738404506133253147e-01	1.051558407810737616e-01	5.358703918102261654e-02	1.934990660640141871e-02	4.746072973656892402e-02
6.192345873478761860e+02	3.644373382127008565e-01	2.339422519360912778e-01	1.748223661192894463e-01	1.057391287045193612e-01	5.381251581830582414e-02	1.945441788439146447e-02	4.779198132448244513e-02
6.240723575615315895e+02	3.630882026357196146e-01	2.330778433060502752e-01	1.757954440671768426e-01	1.063192829550145546e-01	5.403700823744245207e-02	1.955899477231364328e-02	4.812322402606330346e-02
6.289101277751868793e+02	3.617471027249773430e-01	2.322182180420826192e-01	1.767598459913515829e-01	1.068963167232931111e-01	5.426051583289032837e-02	1.966362591948984592e-02	4.845437476569586233e-02
6.337478979888421691e+02	3.604139852599481664e-01	2.313633503433406846e-01	1.777157283401691323e-01	1.074702432476312003e-01	5.448303818511490704e-02	1.976830029845336525e-02	4.878535432512321607e-02
6.385856682024975726e+02	3.590887975557112144e-01	2.305132145331736104e-01	1.786632426663212203e-01	1.080410758096054386e-01	5.470457505303578244e-02	1.987300719495706594e-02	4.911608718697633991e-02
6.434234384161527487e+02	3.577714874514272836e-01	2.296677850589531611e-01	1.796025358097782798e-01	1.086088277300204658e-01	5.492512636676400578e-02	1.997773619833542388e-02	4.944650138450208676e-02
6.482612086298080385e+02	3.564620032992071863e-01	2.288270364918839894e-01	1.805337500736186318e-01	1.091735123649994477e-01	5.514469222061875453e-02	2.008247719220706759e-02	4.977652835724568486e-02
6.530989788434633283e+02	3.551602939533558545e-01	2.279909435267987172e-01	1.814570233930243581e-01	1.097351431022313278e-01	5.536327286641254397e-02	2.018722034550488389e-02	5.010610281245305581e-02
6.579367490571185044e+02	3.538663087599786539e-01	2.271594809819385274e-01	1.823724894977115096e-01	1.102937333573686951e-01	5.558086870699453091e-02	2.029195610382131254e-02	5.043516259196747370e-02
6.627745192707737942e+02	3.525799975469352532e-01	2.263326237987201284e-01	1.832802780680519994e-01	1.108492965705704658e-01	5.579748029004186899e-02	2.039667518105690164e-02	5.076364854440403723e-02
6.676122894844290840e+02	3.513013106141285036e-01	2.255103470414895062e-01	1.841805148851348717e-01	1.114018462031837325e-01	5.601310830208947739e-02	2.050136855136066444e-02	5.109150440239384333e-02
6.724500596980843738e+02	3.500301987241153934e-01	2.246926258972629931e-01	1.850733219750043956e-01	1.119513957345595612e-01	5.622775356278898046e-02	2.060602744135124967e-02	5.141867666469804310e-02
6.772878299117396637e+02	3.487666130930274222e-01	2.238794356754564285e-01	1.859588177473033288e-01	1.124979586589974212e-01	5.644141701938791555e-02	2.071064332260832627e-02	5.174511448299976696e-02
6.821256001253949535e+02	3.475105053817895140e-01	2.230707518076029960e-01	1.868371171285406473e-01	1.130415484828133782e-01	5.665409974142059796e-02	2.081520790442401361e-02	5.207076955318946238e-02
6.869633703390502433e+02	3.462618276876252565e-01	2.222665498470599854e-01	1.877083316901945742e-01	1.135821787215272327e-01	5.686580291560252437e-02	2.091971312680459064e-02	5.239559601096650115e-02
6.918011405527055331e+02	3.450205325358381425e-01	2.214668054687052579e-01	1.885725697718530491e-01	1.141198628971640400e-01	5.707652784092034914e-02	2.102415115371305751e-02	5.271955033158682441e-02
6.966389107663608229e+02	3.437865728718580427e-01	2.206714944686236912e-01	1.894299365995867346e-01	1.146546145356656804e-01	5.728627592390987677e-02	2.112851436654358123e-02	5.304259123359311712e-02
7.014766809800161127e+02	3.425599020535435302e-01	2.198805927637843549e-01	1.902805343997404364e-01	1.151864471644080540e-01	5.749504867411476400e-02	2.123279535781905786e-02	5.336467958637048509e-02
7.063144511936714025e+02	3.413404738437293973e-01	2.190940763917086365e-01	1.911244625083233506e-01	1.157153743098200405e-01	5.770284769971897182e-02	2.133698692510349951e-02	5.368577832137674116e-02
7.111522214073266923e+02	3.401282424030110385e-01	2.183119215101297361e-01	1.919618174761699436e-01	1.162414094951002841e-01	5.790967470334618117e-02	2.144108206512121764e-02	5.400585234690228470e-02
7.159899916209819821e+02	3.389231622827560408e-01	2.175341043966440568e-01	1.927926931700374991e-01	1.167645662380278337e-01	5.811553147801972602e-02	2.154507396807506941e-02	5.432486846622044951e-02
7.208277618346371582e+02	3.377251884183353203e-01	2.167606014483549615e-01	1.936171808697993990e-01	1.172848580488632941e-01	5.832041990327685443e-02	2.164895601215637705e-02	5.464279529899448290e-02
7.256655320482924481e+02	3.365342761225646462e-01	2.159913891815090914e-01	1.944353693618866008e-01	1.178022984283369212e-01	5.852434194143133622e-02	2.175272175823934201e-02	5.495960320581270292e-02
7.305033022619478515e+02	3.353503810793491691e-01	2.152264442311257742e-01	1.952473450291251078e-01	1.183169008657202481e-01	5.872729963397865793e-02	2.185636494475318159e-02	5.527526421572844656e-02
7.353410724756030277e+02	3.341734593375234597e-01	2.144657433506196587e-01	1.960531919371095444e-01	1.188286788369781188e-01	5.892929509813829569e-02	2.195987948272533352e-02	5.558975195668609121e-02
7.401788426892584312e+02	3.330034673048793969e-01	2.137092634114172718e-01	1.968529919172491705e-01	1.193376458029980491e-01	5.913033052352782010e-02	2.206325945098938993e-02	5.590304158871944179e-02
7.450166129029136073e+02	3.318403617423747454e-01	2.129569814025674135e-01	1.976468246466161205e-01	1.198438152078939167e-01	5.933040816896367059e-02	2.216649909155175152e-02	5.621510973981292542e-02
7.498543831165690108e+02	3.306840997585167030e-01	2.122088744303461949e-01	1.984347677247211006e-01	1.203472004773811221e-01	5.952953035938376991e-02	2.226959280511104505e-02	5.652593444432055941e-02
7.546921533302243006e+02	3.295346388039127605e-01	2.114649197178564421e-01	1.992168967473371965e-01	1.208478150172205279e-01	5.972769948288724623e-02	2.237253514672472160e-02	5.683549508384164867e-02
7.595299235438793630e+02	3.283919366659830419e-01	2.107250946046221041e-01	1.999932853774864239e-01	1.213456722117284975e-01	5.992491798788673191e-02	2.247532082161744771e-02	5.714377233045634524e-02
7.643676937575347665e+02	3.272559514638284650e-01	2.099893765461781914e-01	2.007640054137006247e-01	1.218407854223505782e-01	6.012118838036893675e-02	2.257794468112604702e-02	5.745074809222775608e-02
7.692054639711900563e+02	3.261266416432487270e-01	2.092577431136558863e-01	2.015291268556631821e-01	1.223331679862962595e-01	6.031651322125931164e-02	2.268040171877599639e-02	5.775640546088119109e-02
7.740432341848452324e+02	3.250039659719044516e-01	2.085301719933634890e-01	2.022887179673339975e-01	1.228228332152326435e-01	6.051089512388677788e-02	2.278268706648466785e-02	5.806072866157454410e-02
7.788810043985006359e+02	3.238878835346182261e-01	2.078066409863634223e-01	2.030428453376557640e-01	1.233097943940346108e-01	6.070433675154470604e-02	2.288479599088669159e-02	5.836370300467716432e-02
7.837187746121558121e+02	3.227783537288097526e-01	2.070871280080455734e-01	2.037915739389364600e-01	1.237940647795894439e-01	6.089684081514436936e-02	2.298672388977698530e-02	5.866531483947799719e-02
7.885565448258112156e+02	3.216753362600597854e-01	2.063716110876968324e-01	2.045349671829988225e-01	1.242756575996538382e-01	6.108841007095744402e-02	2.308846628866719278e-02	5.896555150974664566e-02
7.933943150394665054e+02	3.205787911377984689e-01	2.056600683680676611e-01	2.052730869751837328e-01	1.247545860517610822e-01	6.127904731844400349e-02	2.319001883745136841e-02	5.926440131107418852e-02
7.982320852531219089e+02	3.194886786711131910e-01	2.049524781049353317e-01	2.060059937662918339e-01	1.252308633021769202e-01	6.146875539816278738e-02	2.329137730717700805e-02	5.956185344992350611e-02
8.030698554667769713e+02	3.184049594646716774e-01	2.042488186666642502e-01	2.067337466025433723e-01	1.257045024849016979e-01	6.165753718976060838e-02	2.339253758691756807e-02	5.985789800432139707e-02
8.079076256804323748e+02	3.173275944147567751e-01	2.035490685337638939e-01	2.074564031736340075e-01	1.261755167007174994e-01	6.184539561003778857e-02	2.349349568074286104e-02	6.015252588612775286e-02
8.127453958940876646e+02	3.162565447054076495e-01	2.028532062984438333e-01	2.081740198589607793e-01	1.266439190162784167e-01	6.203233361108682203e-02	2.359424770478377176e-02	6.044572880481927785e-02
8.175831661077428407e+02	3.151917718046648442e-01	2.021612106641667017e-01	2.088866517720897042e-01	1.271097224632420364e-01	6.221835417850132832e-02	2.369478988438792136e-02	6.073749923272803858e-02
8.224209363213982442e+02	3.141332374609143718e-01	2.014730604451987761e-01	2.095943528035333348e-01	1.275729400374411293e-01	6.240346032965272960e-02	2.379511855136302173e-02	6.102783037167719415e-02
8.272587065350534203e+02	3.130809036993282835e-01	2.007887345661588385e-01	2.102971756619047006e-01	1.280335846980933390e-01	6.258765511203194520e-02	2.389523014130479420e-02	6.131671612095870166e-02
8.320964767487085965e+02	3.120347328183968871e-01	2.001082120615650661e-01	2.109951719135105264e-01	1.284916693670480614e-01	6.277094160165376524e-02	2.399512119100641327e-02	6.160415104659987262e-02
8.369342469623640000e+02	3.109946873865512829e-01	1.994314720753800618e-01	2.116883920204447045e-01	1.289472069280687139e-01	6.295332290152130805e-02	2.409478833594663749e-02	6.189013035186786277e-02
8.417720171760191761e+02	3.099607302388709962e-01	1.987584938605546359e-01	2.123768853772405041e-01	1.294002102261491427e-01	6.313480214014849379e-02	2.419422830785374415e-02	6.217464984896301644e-02
8.466097873896745796e+02	3.089328244738748230e-01	1.980892567785700886e-01	2.130607003461377491e-01	1.298506920668629216e-01	6.331538247013816789e-02	2.429343793234269369e-02	6.245770593185409614e-02
8.514475576033297557e+02	3.079109334503919437e-01	1.974237402989790779e-01	2.137398842910186725e-01	1.302986652157441805e-01	6.349506706681373736e-02	2.439241412662283490e-02	6.273929555021012794e-02
8.562853278169851592e+02	3.068950207845098088e-01	1.967619239989456259e-01	2.144144836100644325e-01	1.307441423976990202e-01	6.367385912690246008e-02	2.449115389727378120e-02	6.301941618438551551e-02
8.611230980306403353e+02	3.058850503465967430e-01	1.961037875627837934e-01	2.150845437671822513e-01	1.311871362964459053e-01	6.385176186726822245e-02	2.458965433808696366e-02	6.329806582141667137e-02
8.659608682442956251e+02	3.048809862583965469e-01	1.954493107814959107e-01	2.157501093222508326e-01	1.316276595539845606e-01	6.402877852369200096e-02	2.468791262797062971e-02	6.357524293199011411e-02
8.707986384579510286e+02	3.038827928901919329e-01	1.947984735523094479e-01	2.164112239602298815e-01	1.320657247700915138e-01	6.420491234969825933e-02	2.478592602891604990e-02	6.385094644834349298e-02
8.756364086716062047e+02	3.028904348580352957e-01	1.941512558782138298e-01	2.170679305191783037e-01	1.325013445018422276e-01	6.438016661542539376e-02	2.488369188402282661e-02	6.412517574306272894e-02
8.804741788852616082e+02	3.019038770210439870e-01	1.935076378674961683e-01	2.177202710172232991e-01	1.329345312631577125e-01	6.455454460653876902e-02	2.498120761558120934e-02	6.439793060873956476e-02
8.853119490989170117e+02	3.009230844787575965e-01	1.928675997332768566e-01	2.183682866785209287e-01	1.333652975243757866e-01	6.472804962318447208e-02	2.507847072320951165e-02	6.466921123845555119e-02
8.901497193125721878e+02	2.999480225685561829e-01	1.922311217930447458e-01	2.190120179582477622e-01	1.337936557118452330e-01	6.490068497898243693e-02	2.517547878204468709e-02	6.493901820705967609e-02
8.949874895262273640e+02	2.989786568631359609e-01	1.915981844681919899e-01	2.196515045666607990e-01	1.342196182075422739e-01	6.507245400005738645e-02	2.527222944098422852e-02	6.520735245320809226e-02
8.998252597398827675e+02	2.980149531680412744e-01	1.909687682835486955e-01	2.202867854922622159e-01	1.346431973487088318e-01	6.524336002410621727e-02	2.536872042097769800e-02	6.547421526213584309e-02
9.046630299535379436e+02	2.970568775192509170e-01	1.903428538669175718e-01	2.209178990241034701e-01	1.350644054275110528e-01	6.541340639950023184e-02	2.546494951336613494e-02	6.573960824913137324e-02
9.095008001671932334e+02	2.961043961808170755e-01	1.897204219486084698e-01	2.215448827732619530e-01	1.354832546907180912e-01	6.558259648442132939e-02	2.556091457826771898e-02	6.600353334368613822e-02
9.143385703808486369e+02	2.951574756425542345e-01	1.891014533609731152e-01	2.221677736935228631e-01	1.358997573393997682e-01	6.575093364603035173e-02	2.565661354300816793e-02	6.626599277429229273e-02
9.191763405945038130e+02	2.942160826177777633e-01	1.884859290379397589e-01	2.227866081012964128e-01	1.363139255286428264e-01	6.591842125966684840e-02	2.575204440059431985e-02	6.652698905386289496e-02
9.240141108081592165e+02	2.932801840410891314e-01	1.878738300145483264e-01	2.234014216948005671e-01	1.367257713672848096e-01	6.608506270807876226e-02	2.584720520822943873e-02	6.678652496574982722e-02
9.288518810218145063e+02	2.923497470662071995e-01	1.872651374264857060e-01	2.240122495725372365e-01	1.371353069176650674e-01	6.625086138068107811e-02	2.594209408586890808e-02	6.704460355033566021e-02
9.336896512354697961e+02	2.914247390638438073e-01	1.866598325096212874e-01	2.246191262510897346e-01	1.375425441953921357e-01	6.641582067284224067e-02	2.603670921481488973e-02	6.730122809217674307e-02
9.385274214491247449e+02	2.905051276196216614e-01	1.860578965995431378e-01	2.252220856822675921e-01	1.379474951691268825e-01	6.657994398519741230e-02	2.613104883634870257e-02	6.755640210767549503e-02
9.433651916627801484e+02	2.895908805320338564e-01	1.854593111310944564e-01	2.258211612696236770e-01	1.383501717603808912e-01	6.674323472298750171e-02	2.622511125039965127e-02	6.781012933326094339e-02
9.482029618764355519e+02	2.886819658104433639e-01	1.848640576379107225e-01	2.264163858843683541e-01	1.387505858433293882e-01	6.690569629542288121e-02	2.631889481424911845e-02	6.806241371405717666e-02
9.530407320900908417e+02	2.877783516731212132e-01	1.842721177519572318e-01	2.270077918807036355e-01	1.391487492446384922e-01	6.706733211507123760e-02	2.641239794126874416e-02	6.831325939302050620e-02
9.578785023037459041e+02	2.868800065453216419e-01	1.836834732030676043e-01	2.275954111105999433e-01	1.395446737433056195e-01	6.722814559726822403e-02	2.650561909969159982e-02	6.856267070052637913e-02
9.627162725174014213e+02	2.859868990573946057e-01	1.830981058184825983e-01	2.281792749380366081e-01	1.399383710705132677e-01	6.738814015955027492e-02	2.659855681141524292e-02	6.881065214438839006e-02
9.675540427310568248e+02	2.850989980429319282e-01	1.825159975223899500e-01	2.287594142527272778e-01	1.403298529094951230e-01	6.754731922110883413e-02	2.669120965083569136e-02	6.905720840029212770e-02
9.723918129447120009e+02	2.842162725369484222e-01	1.819371303354649638e-01	2.293358594833498632e-01	1.407191308954143516e-01	6.770568620226502521e-02	2.678357624371123166e-02	6.930234430262711964e-02
9.772295831583674044e+02	2.833386917740954303e-01	1.813614863744117400e-01	2.299086406102998636e-01	1.411062166152533826e-01	6.786324452396411133e-02	2.687565526605516925e-02	6.954606483570130449e-02
9.820673533720223531e+02	2.824662251869065055e-01	1.807890478515055688e-01	2.304777871779857823e-01	1.414911216077150147e-01	6.801999760728895394e-02	2.696744544305658062e-02	6.978837512532262699e-02
9.869051235856777566e+02	2.815988424040737348e-01	1.802197970741360178e-01	2.310433283066841148e-01	1.418738573631341260e-01	6.817594887299191497e-02	2.705894554802812380e-02	7.002928043073296249e-02
9.917428937993331601e+02	2.807365132487539272e-01	1.796537164443511858e-01	2.316052927039708165e-01	1.422544353233999304e-01	6.833110174104424506e-02	2.715015440138015407e-02	7.026878613688071484e-02
9.965806640129884499e+02	2.798792077369040565e-01	1.790907884584027887e-01	2.321637086757453727e-01	1.426328668818879208e-01	6.848545963020259697e-02	2.724107086962020141e-02	7.050689774701800194e-02
1.001418434226643626e+03	2.790268960756445149e-01	1.785309957062923003e-01	2.327186041368635439e-01	1.430091633834015552e-01	6.863902595759183156e-02	2.733169386437710180e-02	7.074362087561006374e-02
1.006256204440298802e+03	2.781795486616497337e-01	1.779743208713183145e-01	2.332700066213932444e-01	1.433833361241231841e-01	6.879180413830367213e-02	2.742202234144896361e-02	7.097896124154383368e-02
1.011093974653954206e+03	2.773371360795651164e-01	1.774207467296247398e-01	2.338179432925083512e-01	1.437553963515737498e-01	6.894379758501048561e-02	2.751205529987424750e-02	7.121292466162425228e-02
1.015931744867609382e+03	2.764996291004499507e-01	1.768702561497504377e-01	2.343624409520342344e-01	1.441253552645810898e-01	6.909500970759370475e-02	2.760179178102523459e-02	7.144551704434630446e-02
1.020769515081264785e+03	2.756669986802446903e-01	1.763228320921797765e-01	2.349035260496583899e-01	1.444932240132563439e-01	6.924544391278641964e-02	2.769123086772320649e-02	7.167674438393216441e-02
1.025607285294920075e+03	2.748392159582624950e-01	1.757784576088945727e-01	2.354412246918188567e-01	1.448590136989784671e-01	6.939510360382940279e-02	2.778037168337467791e-02	7.190661275462251201e-02
1.030445055508575479e+03	2.740162522557047509e-01	1.752371158429270881e-01	2.359755626502825498e-01	1.452227353743860971e-01	6.954399218014040152e-02	2.786921339112800530e-02	7.213512830521211228e-02
1.035282825722230655e+03	2.731980790741984078e-01	1.746987900279143580e-01	2.365065653704259696e-01	1.455844000433769159e-01	6.969211303699593407e-02	2.795775519304981305e-02	7.236229725381956857e-02
1.040120595935886058e+03	2.723846680943562415e-01	1.741634634876537413e-01	2.370342579792290849e-01	1.459440186611139501e-01	6.983946956522521510e-02	2.804599632932058481e-02	7.258812588288213186e-02
1.044958366149541234e+03	2.715759911743579891e-01	1.736311196356599418e-01	2.375586652929933817e-01	1.463016021340386164e-01	6.998606515091584934e-02	2.813393607744887545e-02	7.281262053436635129e-02
1.049796136363196410e+03	2.707720203485525778e-01	1.731017419747230279e-01	2.380798118247947348e-01	1.466571613198903445e-01	7.013190317513080807e-02	2.822157375150359179e-02	7.303578760518593394e-02
1.054633906576851814e+03	2.699727278260807273e-01	1.725753140964681187e-01	2.385977217916811222e-01	1.470107070277324457e-01	7.027698701363625788e-02	2.830890870136379758e-02	7.325763354281848716e-02
1.059471676790506763e+03	2.691780859895170908e-01	1.720518196809162903e-01	2.391124191216249528e-01	1.473622500179839478e-01	7.042132003663986728e-02	2.839594031198553956e-02	7.347816484111328872e-02
1.064309447004162394e+03	2.683880673935313266e-01	1.715312424960466764e-01	2.396239274602390834e-01	1.477118010024573713e-01	7.056490560853925786e-02	2.848266800268515683e-02	7.369738803628209101e-02
1.069147217217817570e+03	2.676026447635684868e-01	1.710135663973604003e-01	2.401322701772657664e-01	1.480593706444017499e-01	7.070774708768010064e-02	2.856909122643865734e-02	7.391530970306582626e-02
1.073984987431472746e+03	2.668217909945466704e-01	1.704987753274454232e-01	2.406374703728469400e-01	1.484049695585514250e-01	7.084984782612376020e-02	2.865520946919665815e-02	7.413193645107010732e-02
1.078822757645127922e+03	2.660454791495729943e-01	1.699868533155433348e-01	2.411395508835841583e-01	1.487486083111796697e-01	7.099121116942383458e-02	2.874102224921444571e-02	7.434727492126258497e-02
1.083660527858783553e+03	2.652736824586762743e-01	1.694777844771170883e-01	2.416385342883962950e-01	1.490902974201573639e-01	7.113184045641153530e-02	2.882652911639671175e-02	7.456133178262576433e-02
1.088498298072438729e+03	2.645063743175566917e-01	1.689715530134206223e-01	2.421344429141823185e-01	1.494300473550164987e-01	7.127173901898942177e-02	2.891172965165659733e-02	7.477411372895889641e-02
1.093336068286093905e+03	2.637435282863516695e-01	1.684681432110696764e-01	2.426272988412966625e-01	1.497678685370181506e-01	7.141091018193326811e-02	2.899662346628859022e-02	7.498562747582299126e-02
1.098173838499749309e+03	2.629851180884174577e-01	1.679675394416142720e-01	2.431171239088445457e-01	1.501037713392248951e-01	7.154935726270181262e-02	2.908121020135491161e-02	7.519587975762308252e-02
1.103011608713404712e+03	2.622311176091263740e-01	1.674697261611125809e-01	2.436039397198032364e-01	1.504377660865774957e-01	7.168708357125394559e-02	2.916548952708501036e-02	7.540487732482235861e-02
1.107849378927059888e+03	2.614815008946788644e-01	1.669746879097063208e-01	2.440877676459766721e-01	1.507698630559755615e-01	7.182409240987329413e-02	2.924946114228779356e-02	7.561262694128251249e-02
1.112687149140715292e+03	2.607362421509305528e-01	1.664824093111977876e-01	2.445686288327890701e-01	1.511000724763621739e-01	7.196038707299974579e-02	2.933312477377628125e-02	7.581913538172545264e-02
1.117524919354370468e+03	2.599953157422332239e-01	1.659928750726283320e-01	2.450465442039237718e-01	1.514284045288122049e-01	7.209597084706781400e-02	2.941648017580430000e-02	7.602440942931142087e-02
1.122362689568025871e+03	2.592586961902900167e-01	1.655060699838583615e-01	2.455215344658133181e-01	1.517548693466243548e-01	7.223084701035151212e-02	2.949952712951490683e-02	7.622845587332860440e-02
1.127200459781681047e+03	2.585263581730242732e-01	1.650219789171490092e-01	2.459936201119857224e-01	1.520794770154164921e-01	7.236501883281548642e-02	2.958226544240023445e-02	7.643128150698984269e-02
1.132038229995336451e+03	2.577982765234613782e-01	1.645405868267452165e-01	2.464628214272729934e-01	1.524022375732244916e-01	7.249848957597236632e-02	2.966469494777245614e-02	7.663289312533211328e-02
1.136876000208991627e+03	2.570744262286238091e-01	1.640618787484605379e-01	2.469291584918866522e-01	1.527231610106040971e-01	7.263126249274584612e-02	2.974681550424554399e-02	7.683329752321448047e-02
1.141713770422646803e+03	2.563547824284389542e-01	1.635858397992634161e-01	2.473926511853650201e-01	1.530422572707359208e-01	7.276334082733951214e-02	2.982862699522758482e-02	7.703250149341051012e-02
1.146551540636302207e+03	2.556393204146589215e-01	1.631124551768651232e-01	2.478533191903975197e-01	1.533595362495334125e-01	7.289472781511115163e-02	2.991012932842332037e-02	7.723051182479136190e-02
1.151389310849957155e+03	2.549280156297928923e-01	1.626417101593092551e-01	2.483111819965302114e-01	1.536750077957536043e-01	7.302542668245226576e-02	2.999132243534670395e-02	7.742733530059583980e-02
1.156227081063612786e+03	2.542208436660507997e-01	1.621735901045628370e-01	2.487662589037568650e-01	1.539886817111106310e-01	7.315544064667277302e-02	3.007220627084317144e-02	7.762297869678365381e-02
1.161064851277267962e+03	2.535177802642989975e-01	1.617080804501089819e-01	2.492185690260002862e-01	1.543005677503917206e-01	7.328477291589059750e-02	3.015278081262139087e-02	7.781744878046881198e-02
1.165902621490923138e+03	2.528188013130268641e-01	1.612451667125412991e-01	2.496681312944870890e-01	1.546106756215758216e-01	7.341342668892597567e-02	3.023304606079425805e-02	7.801075230842953456e-02
1.170740391704578315e+03	2.521238828473247318e-01	1.607848344871598278e-01	2.501149644610208833e-01	1.549190149859544785e-01	7.354140515520037058e-02	3.031300203742889193e-02	7.820289602569169274e-02
1.175578161918233945e+03	2.514330010478723620e-01	1.603270694475685820e-01	2.505590871011568188e-01	1.552255954582551500e-01	7.366871149463984081e-02	3.039264878610542162e-02	7.839388666418280194e-02
1.180415932131889122e+03	2.507461322399380799e-01	1.598718573452746761e-01	2.510005176172811492e-01	1.555304266067666363e-01	7.379534887758268380e-02	3.047198637148431852e-02	7.858373094145340576e-02
1.185253702345544298e+03	2.500632528923886211e-01	1.594191840092892554e-01	2.514392742415998971e-01	1.558335179534665327e-01	7.392132046469117312e-02	3.055101487888207609e-02	7.877243555946340792e-02
1.190091472559199701e+03	2.493843396167082782e-01	1.589690353457298699e-01	2.518753750390391177e-01	1.561348789741508758e-01	7.404662940686730643e-02	3.062973441385505660e-02	7.896000720343042401e-02
1.194929242772855105e+03	2.487093691660287598e-01	1.585213973374245966e-01	2.523088379100606460e-01	1.564345190985655942e-01	7.417127884517242531e-02	3.070814510179124476e-02	7.914645254073758573e-02
1.199767012986510281e+03	2.480383184341682923e-01	1.580762560435177988e-01	2.527396805933960766e-01	1.567324477105397629e-01	7.429527191075054049e-02	3.078624708750980071e-02	7.933177821989852163e-02
1.204604783200165684e+03	2.473711644546804644e-01	1.576335975990774130e-01	2.531679206687018069e-01	1.570286741481208281e-01	7.441861172475523756e-02	3.086404053486814167e-02	7.951599086957689133e-02
1.209442553413820860e+03	2.467078843999123416e-01	1.571934082147040390e-01	2.535935755591382512e-01	1.573232077037112764e-01	7.454130139828012147e-02	3.094152562637642739e-02	7.969909709765837791e-02
1.214280323627476264e+03	2.460484555800716011e-01	1.567556741761415018e-01	2.540166625338761142e-01	1.576160576242070233e-01	7.466334403229255012e-02	3.101870256281924129e-02	7.988110349037284841e-02
1.219118093841131440e+03	2.453928554423028263e-01	1.563203818438891890e-01	2.544371987105317756e-01	1.579072331111374128e-01	7.478474271757065694e-02	3.109557156288435265e-02	8.006201661146468418e-02
1.223955864054786844e+03	2.447410615697725167e-01	1.558875176528160544e-01	2.548552010575348414e-01	1.581967433208066320e-01	7.490550053464346825e-02	3.117213286279829632e-02	8.024184300140911608e-02
1.228793634268442020e+03	2.440930516807626460e-01	1.554570681117761755e-01	2.552706863964300799e-01	1.584845973644364026e-01	7.502562055373410144e-02	3.124838671596872480e-02	8.042058917667274653e-02
1.233631404482097196e+03	2.434488036277729084e-01	1.550290198032258926e-01	2.556836714041161307e-01	1.587708043083103093e-01	7.514510583470589145e-02	3.132433339263330369e-02	8.059826162901641278e-02
1.238469174695752372e+03	2.428082953966309021e-01	1.546033593828428088e-01	2.560941726150232078e-01	1.590553731739191012e-01	7.526395942701129271e-02	3.139997317951501166e-02	8.077486682483851765e-02
1.243306944909407548e+03	2.421715051056108348e-01	1.541800735791463428e-01	2.565022064232318488e-01	1.593383129381074070e-01	7.538218436964362612e-02	3.147530637948371679e-02	8.095041120455710726e-02
1.248144715123063179e+03	2.415384110045601662e-01	1.537591491931198096e-01	2.569077890845350431e-01	1.596196325332214783e-01	7.549978369109128229e-02	3.155033331122389373e-02	8.112490118202921041e-02
1.252982485336718355e+03	2.409089914740338290e-01	1.533405730978343595e-01	2.573109367184457930e-01	1.598993408472581812e-01	7.561676040929478371e-02	3.162505430890832220e-02	8.129834314400571915e-02
1.257820255550373531e+03	2.402832250244365808e-01	1.529243322380742787e-01	2.577116653101512722e-01	1.601774467240149880e-01	7.573311753160599791e-02	3.169946972187764195e-02	8.147074344962028369e-02
1.262658025764028707e+03	2.396610902951727406e-01	1.525104136299643143e-01	2.581099907124166370e-01	1.604539589632408281e-01	7.584885805475000131e-02	3.177357991432562534e-02	8.164210842991087569e-02
1.267495795977684338e+03	2.390425660538033903e-01	1.520988043605983331e-01	2.585059286474394313e-01	1.607288863207881613e-01	7.596398496478914963e-02	3.184738526499009126e-02	8.181244438737253488e-02
1.272333566191339514e+03	2.384276311952110428e-01	1.516894915876697281e-01	2.588994947086561416e-01	1.610022375087655777e-01	7.607850123708932710e-02	3.192088616684928687e-02	8.198175759553998077e-02
1.277171336404994690e+03	2.378162647407713881e-01	1.512824625391034628e-01	2.592907043625036212e-01	1.612740211956916470e-01	7.619240983628851327e-02	3.199408302682359845e-02	8.215005429859882635e-02
1.282009106618650094e+03	2.372084458375322003e-01	1.508777045126898642e-01	2.596795729501356620e-01	1.615442460066492669e-01	7.630571371626734822e-02	3.206697626548259128e-02	8.231734071102414507e-02
1.286846876832305497e+03	2.366041537573992659e-01	1.504752048757197480e-01	2.600661156890969328e-01	1.618129205234410117e-01	7.641841582012175171e-02	3.213956631675708026e-02	8.248362301724521117e-02
1.291684647045960673e+03	2.360033678963291692e-01	1.500749510646216256e-01	2.604503476749561175e-01	1.620800532847449793e-01	7.653051908013749904e-02	3.221185362765637689e-02	8.264890737133527565e-02
1.296522417259616077e+03	2.354060677735287377e-01	1.496769305846000764e-01	2.608322838828985302e-01	1.623456527862714160e-01	7.664202641776669822e-02	3.228383865799031721e-02	8.281319989672521198e-02
1.301360187473271253e+03	2.348122330306613992e-01	1.492811310092761745e-01	2.612119391692808157e-01	1.626097274809200355e-01	7.675294074360611285e-02	3.235552188009620939e-02	8.297650668594019896e-02
1.306197957686926657e+03	2.342218434310598951e-01	1.488875399803292199e-01	2.615893282731480696e-01	1.628722857789378087e-01	7.686326495737728914e-02	3.242690377857048584e-02	8.313883380035816395e-02
1.311035727900581833e+03	2.336348788589454328e-01	1.484961452071402455e-01	2.619644658177153751e-01	1.631333360480774763e-01	7.697300194790836214e-02	3.249798485000494203e-02	8.330018726998915379e-02
1.315873498114237009e+03	2.330513193186533327e-01	1.481069344664372178e-01	2.623373663118140908e-01	1.633928866137564218e-01	7.708215459311752726e-02	3.256876560272758958e-02	8.346057309327482854e-02
1.320711268327892412e+03	2.324711449338650038e-01	1.477198956019415976e-01	2.627080441513053310e-01	1.636509457592160988e-01	7.719072575999819108e-02	3.263924655654787399e-02	8.361999723690692610e-02
1.325549038541547588e+03	2.318943359468458032e-01	1.473350165240168708e-01	2.630765136204602506e-01	1.639075217256820149e-01	7.729871830460562088e-02	3.270942824250631931e-02	8.377846563566408722e-02
1.330386808755202765e+03	2.313208727176893076e-01	1.469522852093183840e-01	2.634427888933097983e-01	1.641626227125239368e-01	7.740613507204512078e-02	3.277931120262836395e-02	8.393598419226601381e-02
1.335224578968857941e+03	2.307507357235674406e-01	1.465716897004450681e-01	2.638068840349630517e-01	1.644162568774167332e-01	7.751297889646170669e-02	3.284889598968245006e-02	8.409255877724446104e-02
1.340062349182513572e+03	2.301839055579865123e-01	1.461932181055924096e-01	2.641688130028974624e-01	1.646684323365013025e-01	7.761925260103118285e-02	3.291818316694217900e-02	8.424819522882989742e-02
1.344900119396168748e+03	2.296203629300491156e-01	1.458168585982075049e-01	2.645285896482196808e-01	1.649191571645460541e-01	7.772495899795253682e-02	3.298717330795249841e-02	8.440289935285356926e-02
1.349737889609823924e+03	2.290600886637218503e-01	1.454425994166452518e-01	2.648862277168996804e-01	1.651684393951086682e-01	7.783010088844179164e-02	3.305586699629981667e-02	8.455667692266394253e-02
1.354575659823479100e+03	2.285030636971086271e-01	1.450704288638265116e-01	2.652417408509779029e-01	1.654162870206980496e-01	7.793468106272699591e-02	3.312426482538603778e-02	8.470953367905696696e-02
1.359413430037134731e+03	2.279492690817296052e-01	1.447003353068974374e-01	2.655951425897470353e-01	1.656627079929364754e-01	7.803870230004460173e-02	3.319236739820632248e-02	8.486147533021957956e-02
1.364251200250789907e+03	2.273986859818058204e-01	1.443323071768909949e-01	2.659464463709086957e-01	1.659077102227222156e-01	7.814216736863698054e-02	3.326017532713063107e-02	8.501250755168578144e-02
1.369088970464445310e+03	2.268512956735488917e-01	1.439663329683895099e-01	2.662956655317060273e-01	1.661513015803921245e-01	7.824507902575109086e-02	3.332768923368888830e-02	8.516263598630463560e-02
1.373926740678100487e+03	2.263070795444566408e-01	1.436024012391890203e-01	2.666428133100331999e-01	1.663934898958844000e-01	7.834744001763836729e-02	3.339490974835972875e-02	8.531186624421981113e-02
1.378764510891755890e+03	2.257660190926135957e-01	1.432405006099653488e-01	2.669879028455222070e-01	1.666342829589017305e-01	7.844925307955563643e-02	3.346183751036279491e-02	8.546020390285989643e-02
1.383602281105411066e+03	2.252280959259968796e-01	1.428806197639415076e-01	2.673309471806078474e-01	1.668736885190743313e-01	7.855052093576705974e-02	3.352847316745443534e-02	8.560765450693917644e-02
1.388440051319066470e+03	2.246932917617875392e-01	1.425227474465567412e-01	2.676719592615713905e-01	1.671117142861231475e-01	7.865124629954729774e-02	3.359481737572685839e-02	8.575422356846827687e-02
1.393277821532721646e+03	2.241615884256865643e-01	1.421668724651372617e-01	2.680109519395640905e-01	1.673483679300232507e-01	7.875143187318542348e-02	3.366087079941055410e-02	8.589991656677412046e-02
1.398115591746377049e+03	2.236329678512363472e-01	1.418129836885684281e-01	2.683479379716103841e-01	1.675836570811671256e-01	7.885108034799000187e-02	3.372663411068001910e-02	8.604473894852898708e-02
1.402953361960032225e+03	2.231074120791469717e-01	1.414610700469684512e-01	2.686829300215919925e-01	1.678175893305282051e-01	7.895019440429505708e-02	3.379210798946268718e-02	8.618869612778790046e-02
1.407791132173687402e+03	2.225849032566274144e-01	1.411111205313638484e-01	2.690159406612137039e-01	1.680501722298242129e-01	7.904877671146685880e-02	3.385729312325098939e-02	8.633179348603427228e-02
1.412628902387342805e+03	2.220654236367218259e-01	1.407631241933661737e-01	2.693469823709502275e-01	1.682814132916806982e-01	7.914682992791174931e-02	3.392219020691754350e-02	8.647403637223310957e-02
1.417466672600997981e+03	2.215489555776504471e-01	1.404170701448504976e-01	2.696760675409762831e-01	1.685113199897945169e-01	7.924435670108467833e-02	3.398679994253334113e-02	8.661543010289159128e-02
1.422304442814653157e+03	2.210354815421554375e-01	1.400729475576353578e-01	2.700032084720791481e-01	1.687398997590971728e-01	7.934135966749869540e-02	3.405112303918898797e-02	8.675597996212655594e-02
1.427142213028308333e+03	2.205249840968513120e-01	1.397307456631642908e-01	2.703284173765551079e-01	1.689671599959182147e-01	7.943784145273516395e-02	3.411516021281878197e-02	8.689569120173858130e-02
1.431979983241963964e+03	2.200174459115801229e-01	1.393904537521886700e-01	2.706517063790892519e-01	1.691931080581486335e-01	7.953380467145475252e-02	3.417891218602778225e-02	8.703456904129225347e-02
1.436817753455619140e+03	2.195128497587713057e-01	1.390520611744525126e-01	2.709730875176201703e-01	1.694177512654040929e-01	7.962925192740924474e-02	3.424237968792162579e-02	8.717261866820247285e-02
1.441655523669274316e+03	2.190111785128061039e-01	1.387155573383783980e-01	2.712925727441895529e-01	1.696410968991879376e-01	7.972418581345404320e-02	3.430556345393917517e-02	8.730984523782618634e-02
1.446493293882929493e+03	2.185124151493862965e-01	1.383809317107550785e-01	2.716101739257767989e-01	1.698631522030544516e-01	7.981860891156138116e-02	3.436846422568790721e-02	8.744625387355957347e-02
1.451331064096585123e+03	2.180165427449076154e-01	1.380481738164265337e-01	2.719259028451192495e-01	1.700839243827716729e-01	7.991252379283422802e-02	3.443108275078195918e-02	8.758184966694021467e-02
1.456168834310240300e+03	2.175235444758376324e-01	1.377172732379826070e-01	2.722397712015193760e-01	1.703034206064841793e-01	8.000593301752086106e-02	3.449341978268283260e-02	8.771663767775392251e-02
1.461006604523895703e+03	2.170334036180978921e-01	1.373882196154511959e-01	2.725517906116375344e-01	1.705216480048758199e-01	8.009883913503011710e-02	3.455547608054271996e-02	8.785062293414619417e-02
1.465844374737550879e+03	2.165461035464502360e-01	1.370610026459916919e-01	2.728619726102721188e-01	1.707386136713320290e-01	8.019124468394719929e-02	3.461725240905036416e-02	8.798381043273775792e-02
1.470682144951206283e+03	2.160616277338879287e-01	1.367356120835902245e-01	2.731703286511271145e-01	1.709543246621023915e-01	8.028315219205017783e-02	3.467874953827943668e-02	8.811620513874419969e-02
1.475519915164861459e+03	2.155799597510304200e-01	1.364120377387560978e-01	2.734768701075667718e-01	1.711687879964625125e-01	8.037456417632699024e-02	3.473996824353938612e-02	8.824781198609932265e-02
1.480357685378516862e+03	2.151010832655227412e-01	1.360902694782200051e-01	2.737816082733587897e-01	1.713820106568761104e-01	8.046548314299312166e-02	3.480090930522873605e-02	8.837863587758203188e-02
1.485195455592172038e+03	2.146249820414388165e-01	1.357702972246334350e-01	2.740845543634055637e-01	1.715939995891566372e-01	8.055591158750977088e-02	3.486157350869074911e-02	8.850868168494657739e-02
1.490033225805827215e+03	2.141516399386891034e-01	1.354521109562697445e-01	2.743857195144639438e-01	1.718047617026288443e-01	8.064585199460250209e-02	3.492196164407144338e-02	8.863795424905587805e-02
1.494870996019482618e+03	2.136810409124321464e-01	1.351357007067266469e-01	2.746851147858542230e-01	1.720143038702900695e-01	8.073530683828056276e-02	3.498207450617996789e-02	8.876645838001777367e-02
