5.418302639293917764e+02	3.878609430332896624e-01	2.478684347657745257e-01	1.578558370022673518e-01	9.549633250724463840e-02	5.019897313262808303e-02	1.796095678487143882e-02	4.275852277370034704e-02
5.466680341430470662e+02	3.863555414320873349e-01	2.469395609143441028e-01	1.589999799709289618e-01	9.613948102372009419e-02	5.043907179676544034e-02	1.805615325144395780e-02	4.307021161048617264e-02
5.515058043567023560e+02	3.848594315318006887e-01	2.460156608177214710e-01	1.601319378006436367e-01	9.677903007557465964e-02	5.067815121159190139e-02	1.815182399938403482e-02	4.338396456305960991e-02
5.563435745703576458e+02	3.833725453786072102e-01	2.450967094619467546e-01	1.612519787031669316e-01	9.741500053408767845e-02	5.091621027859725285e-02	1.824794671482527289e-02	4.369960892854489465e-02
5.611813447840129356e+02	3.818948158613426624e-01	2.441826819294905526e-01	1.623603619215279181e-01	9.804741307052845800e-02	5.115324810761094632e-02	1.834449972255340275e-02	4.401697938672202021e-02
5.660191149976681118e+02	3.804261766903760944e-01	2.432735533996689681e-01	1.634573380665392817e-01	9.867628816140609771e-02	5.138926400842534076e-02	1.844146196567270080e-02	4.433591770768754298e-02
5.708568852113234016e+02	3.789665623772228153e-01	2.423692991490279114e-01	1.645431494403521711e-01	9.930164609351732619e-02	5.162425748273908460e-02	1.853881298599641125e-02	4.465627247092028573e-02
5.756946554249786914e+02	3.775159082148694112e-01	2.414698945516970674e-01	1.656180303475582039e-01	9.992350696880052119e-02	5.185822821640829333e-02	1.863653290513386449e-02	4.497789879530859902e-02
5.805324256386339812e+02	3.760741502587821028e-01	2.405753150797153017e-01	1.666822073943201032e-01	1.005418907090034480e-01	5.209117607199367089e-02	1.873460240624821860e-02	4.530065807971317415e-02
5.853701958522892710e+02	3.746412253085730226e-01	2.396855363033281450e-01	1.677358997759954840e-01	1.011568170601720579e-01	5.232310108159221596e-02	1.883300271645953206e-02	4.562441775365558283e-02
5.902079660659445608e+02	3.732170708903003176e-01	2.388005338912587983e-01	1.687793195536987367e-01	1.017683055969676731e-01	5.255400343994250795e-02	1.893171558986905118e-02	4.594905103773899713e-02
5.950457362795999643e+02	3.718016252393767096e-01	2.379202836109534647e-01	1.698126719202297241e-01	1.023763757268189994e-01	5.278388349779310901e-02	1.903072329118135966e-02	4.627443671342268416e-02
5.998835064932552541e+02	3.703948272840647538e-01	2.370447613288020616e-01	1.708361554557809858e-01	1.029810466939158481e-01	5.301274175552390944e-02	1.913000857990205389e-02	4.660045890178651090e-02
6.047212767069104302e+02	3.689966166295353678e-01	2.361739430103352855e-01	1.718499623738188875e-01	1.035823375830505627e-01	5.324057885701070914e-02	1.922955469508936394e-02	4.692700685093592616e-02
6.095590469205657200e+02	3.676069335424699269e-01	2.353078047203989165e-01	1.728542787575196860e-01	1.041802673233133830e-01	5.346739558372369527e-02	1.932934534063906334e-02	4.725397473171143864e-02
6.143968171342210098e+02	3.662257189361837750e-01	2.344463226233062525e-01	1.738492847871255242e-01	1.047748546916474066e-01	5.369319284905080952e-02	1.942936467108272169e-02	4.758126144137957841e-02
6.192345873478761860e+02	3.648529143562527777e-01	2.335894729829696703e-01	1.748351549585722975e-01	1.053661183162689224e-01	5.391797169283735897e-02	1.952959727788015215e-02	4.790877041499497224e-02
6.240723575615315895e+02	3.634884619666228778e-01	2.327372321630116203e-01	1.758120582937270637e-01	1.059540766799580841e-01	5.414173327613357178e-02	1.963002817618767284e-02	4.823640944413525034e-02
6.289101277751868793e+02	3.621323045361858339e-01	2.318895766268567193e-01	1.767801585425596567e-01	1.065387481232255018e-01	5.436447887614215269e-02	1.973064279208440810e-02	4.856409050272190997e-02
6.337478979888421691e+02	3.607843854258019345e-01	2.310464829378048035e-01	1.777396143775606119e-01	1.071201508473594854e-01	5.458620988135805263e-02	1.983142695023967436e-02	4.889172957965155775e-02
6.385856682024975726e+02	3.594446485757547549e-01	2.302079277590862727e-01	1.786905795807057218e-01	1.076983029173584905e-01	5.480692778689320865e-02	1.993236686200499166e-02	4.921924651797271455e-02
6.434234384161527487e+02	3.581130384936199174e-01	2.293738878539000325e-01	1.796332032232551279e-01	1.082732222647537906e-01	5.502663418997900263e-02	2.003344911391502156e-02	4.954656486035335927e-02
6.482612086298080385e+02	3.567895002425334749e-01	2.285443400854350327e-01	1.805676298386646450e-01	1.088449266903262908e-01	5.524533078563981237e-02	2.013466065658225945e-02	4.987361170059470550e-02
6.530989788434633283e+02	3.554739794298452105e-01	2.277192614168759566e-01	1.814939995888754376e-01	1.094134338667219625e-01	5.546301936253090342e-02	2.023598879397089934e-02	5.020031754095582305e-02
6.579367490571185044e+02	3.541664221961412506e-01	2.268986289113934796e-01	1.824124484242382604e-01	1.099787613409699133e-01	5.567970179893446531e-02	2.033742117303585784e-02	5.052661615506308379e-02
6.627745192707737942e+02	3.528667752046228956e-01	2.260824197321198992e-01	1.833231082373184551e-01	1.105409265369067945e-01	5.589538005890773431e-02	2.043894577371347526e-02	5.085244445618709169e-02
6.676122894844290840e+02	3.515749856308290067e-01	2.252706111421108603e-01	1.842261070108184018e-01	1.110999467575115029e-01	5.611005618857733968e-02	2.054055089925094571e-02	5.117774237067832660e-02
6.724500596980843738e+02	3.502910011526877976e-01	2.244631805042932027e-01	1.851215689598448844e-01	1.116558391871537020e-01	5.632373231257427337e-02	2.064222516686195844e-02	5.150245271636057914e-02
6.772878299117396637e+02	3.490147699408867044e-01	2.236601052814002344e-01	1.860096146687398311e-01	1.122086208937594226e-01	5.653641063060412669e-02	2.074395749869660521e-02	5.182652108568945593e-02
6.821256001253949535e+02	3.477462406495485658e-01	2.228613630358941278e-01	1.868903612226847921e-01	1.127583088308972692e-01	5.674809341414740332e-02	2.084573711311394836e-02	5.214989573349029794e-02
6.869633703390502433e+02	3.464853624072019023e-01	2.220669314298766572e-01	1.877639223342810193e-01	1.133049198397884233e-01	5.695878300328489907e-02	2.094755351624622355e-02	5.247252746909734228e-02
6.918011405527055331e+02	3.452320848080352444e-01	2.212767882249881135e-01	1.886304084652997426e-01	1.138484706512431915e-01	5.716848180364345056e-02	2.104939649384393596e-02	5.279436955272286125e-02
6.966389107663608229e+02	3.439863579034245777e-01	2.204909112822956152e-01	1.894899269437884670e-01	1.143889778875274571e-01	5.737719228345733447e-02	2.115125610339161147e-02	5.311537759589153584e-02
7.014766809800161127e+02	3.427481321937242975e-01	2.197092785621702071e-01	1.903425820767136178e-01	1.149264580641614353e-01	5.758491697074101523e-02	2.125312266648429760e-02	5.343550946578177335e-02
7.063144511936714025e+02	3.415173586203107403e-01	2.189318681241546327e-01	1.911884752583113967e-01	1.154609275916537448e-01	5.779165845056889045e-02	2.135498676145533223e-02	5.375472519332198662e-02
7.111522214073266923e+02	3.402939885578706303e-01	2.181586581268203651e-01	1.920277050743128266e-01	1.159924027771732646e-01	5.799741936245800256e-02	2.145683921624622070e-02	5.407298688489545202e-02
7.159899916209819821e+02	3.390779738069241156e-01	2.173896268276160337e-01	1.928603674022024150e-01	1.165208998261612477e-01	5.820220239784980321e-02	2.155867110150981938e-02	5.439025863751335149e-02
7.208277618346371582e+02	3.378692665865743461e-01	2.166247525827066644e-01	1.936865555076634493e-01	1.170464348438861046e-01	5.840601029768710539e-02	2.166047372393836018e-02	5.470650645732086370e-02
7.256655320482924481e+02	3.366678195274750429e-01	2.158640138468040648e-01	1.945063601373572260e-01	1.175690238369432455e-01	5.860884585008267755e-02	2.176223861980819060e-02	5.502169818130647067e-02
7.305033022619478515e+02	3.354735856650087888e-01	2.151073891729892162e-01	1.953198696081777097e-01	1.180886827147020479e-01	5.881071188807598937e-02	2.186395754873337802e-02	5.533580340208983650e-02
7.353410724756030277e+02	3.342865184326669348e-01	2.143548572125267282e-01	1.961271698931177088e-01	1.186054272907021701e-01	5.901161128747463291e-02	2.196562248762062852e-02	5.564879339566813909e-02
7.401788426892584312e+02	3.331065716556253498e-01	2.136063967146715203e-01	1.969283447038774615e-01	1.191192732840012092e-01	5.921154696477739371e-02	2.206722562481830754e-02	5.596064105200573846e-02
7.450166129029136073e+02	3.319336995445075766e-01	2.128619865264683997e-01	1.977234755703409508e-01	1.196302363204756469e-01	5.941052187517564115e-02	2.216875935445252258e-02	5.627132080835631905e-02
7.498543831165690108e+02	3.307678566893293426e-01	2.121216055925445876e-01	1.985126419170412104e-01	1.201383319340770806e-01	5.960853901063024179e-02	2.227021627094361370e-02	5.658080858521109813e-02
7.546921533302243006e+02	3.296089980536177633e-01	2.113852329548955300e-01	1.992959211367303918e-01	1.206435755680453081e-01	5.980560139802102576e-02	2.237158916369655706e-02	5.688908172477065428e-02
7.595299235438793630e+02	3.284570789686984682e-01	2.106528477526645182e-01	2.000733886611667511e-01	1.211459825760802522e-01	6.000171209736603062e-02	2.247287101195906064e-02	5.719611893184214230e-02
7.643676937575347665e+02	3.273120551281453183e-01	2.099244292219159536e-01	2.008451180292251670e-01	1.216455682234742486e-01	6.019687420010799705e-02	2.257405497984137435e-02	5.750190021706721305e-02
7.692054639711900563e+02	3.261738825823859989e-01	2.091999566954026724e-01	2.016111809524350207e-01	1.221423476882062820e-01	6.039109082746539625e-02	2.267513441149207609e-02	5.780640684238991245e-02
7.740432341848452324e+02	3.250425177334583249e-01	2.084794096023280252e-01	2.023716473780440839e-01	1.226363360619998205e-01	6.058436512884567832e-02	2.277610282642427222e-02	5.810962126867710159e-02
7.788810043985006359e+02	3.239179173299124859e-01	2.077627674681022385e-01	2.031265855497043360e-01	1.231275483513455948e-01	6.077670028031829236e-02	2.287695391498684519e-02	5.841152710540755549e-02
7.837187746121558121e+02	3.228000384618522900e-01	2.070500099140938077e-01	2.038760620658704448e-01	1.236159994784908206e-01	6.096809948314525079e-02	2.297768153397571067e-02	5.871210906234901328e-02
7.885565448258112156e+02	3.216888385561124108e-01	2.063411166573759226e-01	2.046201419360000884e-01	1.241017042823961691e-01	6.115856596236706605e-02	2.307827970238004664e-02	5.901135290314562382e-02
7.933943150394665054e+02	3.205842753715654747e-01	2.056360675104682012e-01	2.053588886346397746e-01	1.245846775196618045e-01	6.134810296544195712e-02	2.317874259725877586e-02	5.930924540074134638e-02
7.982320852531219089e+02	3.194863069945547140e-01	2.049348423810740116e-01	2.060923641534782857e-01	1.250649338654238052e-01	6.153671376093627909e-02	2.327906454974277770e-02	5.960577429456753729e-02
8.030698554667769713e+02	3.183948918344478574e-01	2.042374212718132964e-01	2.068206290514455759e-01	1.255424879142221506e-01	6.172440163726426038e-02	2.337924004115830151e-02	5.990092824942604144e-02
8.079076256804323748e+02	3.173099886193080366e-01	2.035437842799517061e-01	2.075437425029324490e-01	1.260173541808411735e-01	6.191116990147520899e-02	2.347926369926747747e-02	6.019469681600149447e-02
8.127453958940876646e+02	3.162315563916773264e-01	2.028539115971252915e-01	2.082617623442033772e-01	1.264895471011241446e-01	6.209702187808636975e-02	2.357913029462175777e-02	6.048707039293930998e-02
8.175831661077428407e+02	3.151595545044691415e-01	2.021677835090620046e-01	2.089747451180717919e-01	1.269590810327623220e-01	6.228196090795969087e-02	2.367883473702437833e-02	6.077804019042819250e-02
8.224209363213982442e+02	3.140939426169656601e-01	2.014853803952992017e-01	2.096827461169049056e-01	1.274259702560603391e-01	6.246599034722090382e-02	2.377837207209805223e-02	6.106759819522845217e-02
8.272587065350534203e+02	3.130346806909160562e-01	2.008066827288981782e-01	2.103858194240219859e-01	1.278902289746780552e-01	6.264911356621924443e-02	2.387773747795430765e-02	6.135573713708969423e-02
8.320964767487085965e+02	3.119817289867334309e-01	2.001316710761550655e-01	2.110840179535479755e-01	1.283518713163503966e-01	6.283133394852633002e-02	2.397692626196085836e-02	6.164245045650349614e-02
8.369342469623640000e+02	3.109350480597853350e-01	1.994603260963089264e-01	2.117773934887819676e-01	1.288109113335858258e-01	6.301265488997276343e-02	2.407593385760374571e-02	6.192773227373911393e-02
8.417720171760191761e+02	3.098945987567754412e-01	1.987926285412469907e-01	2.124659967191371290e-01	1.292673630043444377e-01	6.319307979772090245e-02	2.417475582144091445e-02	6.221157735911186232e-02
8.466097873896745796e+02	3.088603422122140341e-01	1.981285592552067820e-01	2.131498772757073890e-01	1.297212402326965164e-01	6.337261208937261525e-02	2.427338783014413442e-02	6.249398110443619980e-02
8.514475576033297557e+02	3.078322398449721553e-01	1.974680991744761360e-01	2.138290837655132948e-01	1.301725568494621621e-01	6.355125519211059226e-02	2.437182567762624999e-02	6.277493949561711861e-02
8.562853278169851592e+02	3.068102533549187383e-01	1.968112293270900537e-01	2.145036638044779398e-01	1.306213266128329331e-01	6.372901254187195164e-02	2.447006527225086339e-02	6.305444908633527079e-02
8.611230980306403353e+02	3.057943447196366238e-01	1.961579308325258064e-01	2.151736640491813679e-01	1.310675632089761955e-01	6.390588758255297264e-02	2.456810263412160383e-02	6.333250697278322572e-02
8.659608682442956251e+02	3.047844761912150147e-01	1.955081849013954320e-01	2.158391302274405565e-01	1.315112802526229308e-01	6.408188376524386054e-02	2.466593389244838355e-02	6.360911076941166975e-02
8.707986384579510286e+02	3.037806102931160379e-01	1.948619728351361768e-01	2.165001071677601363e-01	1.319524912876395839e-01	6.425700454749216917e-02	2.476355528298794517e-02	6.388425858564586446e-02
8.756364086716062047e+02	3.027827098171125830e-01	1.942192760256989392e-01	2.171566388276964799e-01	1.323912097875846183e-01	6.443125339259415940e-02	2.486096314555630640e-02	6.415794900353483099e-02
8.804741788852616082e+02	3.017907378202951962e-01	1.935800759552349926e-01	2.178087683211775982e-01	1.328274491562505266e-01	6.460463376891274756e-02	2.495815392161059368e-02	6.443018105629631787e-02
8.853119490989170117e+02	3.008046576221457546e-01	1.929443541957805708e-01	2.184565379448180633e-01	1.332612227281916861e-01	6.477714914922123868e-02	2.505512415189803041e-02	6.470095420772264960e-02
8.901497193125721878e+02	2.998244328016756999e-01	1.923120924089399830e-01	2.190999892032680640e-01	1.336925437692388641e-01	6.494880301007172063e-02	2.515187047416981431e-02	6.497026833241384414e-02
8.949874895262273640e+02	2.988500271946263331e-01	1.916832723455671461e-01	2.197391628336331781e-01	1.341214254770007053e-01	6.511959883118742520e-02	2.524838962095771189e-02	6.523812369680555279e-02
8.998252597398827675e+02	2.978814048907294509e-01	1.910578758454455628e-01	2.203740988290003311e-01	1.345478809813529519e-01	6.528954009487797361e-02	2.534467841741134403e-02	6.550452094096048672e-02
9.046630299535379436e+02	2.969185302310266561e-01	1.904358848369668844e-01	2.210048364611044425e-01	1.349719233449155620e-01	6.545863028547664608e-02	2.544073377919414680e-02	6.576946106109374246e-02
9.095008001671932334e+02	2.959613678052445129e-01	1.898172813368083633e-01	2.216314143021683170e-01	1.353935655635187529e-01	6.562687288879905101e-02	2.553655271043605082e-02	6.603294539280306352e-02
9.143385703808486369e+02	2.950098824492246030e-01	1.892020474496086679e-01	2.222538702459474214e-01	1.358128205666577770e-01	6.579427139162220828e-02	2.563213230174110971e-02	6.629497559497633807e-02
9.191763405945038130e+02	2.940640392424061500e-01	1.885901653676430034e-01	2.228722415280099955e-01	1.362297012179375655e-01	6.596082928118336686e-02	2.572746972824817985e-02	6.655555363434997873e-02
9.240141108081592165e+02	2.931238035053596591e-01	1.879816173704968452e-01	2.234865647452813631e-01	1.366442203155070201e-01	6.612655004469783493e-02	2.582256224774303124e-02	6.681468177069251058e-02
9.288518810218145063e+02	2.921891407973704058e-01	1.873763858247389780e-01	2.240968758748810852e-01	1.370563905924838122e-01	6.629143716889501770e-02	2.591740719882016861e-02	6.707236254258880370e-02
9.336896512354697961e+02	2.912600169140691087e-01	1.867744531835933697e-01	2.247032102922792429e-01	1.374662247173699114e-01	6.645549413957226037e-02	2.601200199909279795e-02	6.732859875380158010e-02
9.385274214491247449e+02	2.903363978851095095e-01	1.861758019866103231e-01	2.253056027887981594e-01	1.378737352944583161e-01	6.661872444116542780e-02	2.610634414344936358e-02	6.758339346018719940e-02
9.433651916627801484e+02	2.894182499718901957e-01	1.855804148593369063e-01	2.259040875884845978e-01	1.382789348642310956e-01	6.678113155633597087e-02	2.620043120235520523e-02	6.783674995714431000e-02
9.482029618764355519e+02	2.885055396653206650e-01	1.849882745129864947e-01	2.264986983643759166e-01	1.386818359037495507e-01	6.694271896557371648e-02	2.629426082019789904e-02	6.808867176757409101e-02
9.530407320900908417e+02	2.875982336836284681e-01	1.843993637441080358e-01	2.270894682541836906e-01	1.390824508270362136e-01	6.710349014681472879e-02	2.638783071367484592e-02	6.833916263033233685e-02
9.578785023037459041e+02	2.866962989702080411e-01	1.838136654342543697e-01	2.276764298754168081e-01	1.394807919854497147e-01	6.726344857507389474e-02	2.648113867022187581e-02	6.858822648915362252e-02
9.627162725174014213e+02	2.857997026915083949e-01	1.832311625496501617e-01	2.282596153399651939e-01	1.398768716680522106e-01	6.742259772209149848e-02	2.657418254648148334e-02	6.883586748202942529e-02
9.675540427310568248e+02	2.849084122349592740e-01	1.826518381408595848e-01	2.288390562681647811e-01	1.402707021019698741e-01	6.758094105599338208e-02	2.666696026680953624e-02	6.908208993102192552e-02
9.723918129447120009e+02	2.840223952069347857e-01	1.820756753424532248e-01	2.294147838023633534e-01	1.406622954527469993e-01	6.773848204096410974e-02	2.675946982181918662e-02	6.932689833249670863e-02
9.772295831583674044e+02	2.831416194307524448e-01	1.815026573726749859e-01	2.299868286200061340e-01	1.410516638246935572e-01	6.789522413693277469e-02	2.685170926696092003e-02	6.957029734775756202e-02
9.820673533720223531e+02	2.822660529447074684e-01	1.809327675331085516e-01	2.305552209462594926e-01	1.414388192612267559e-01	6.805117079927086587e-02	2.694367672113755913e-02	6.981229179406775454e-02
9.869051235856777566e+02	2.813956640001406551e-01	1.803659892083435412e-01	2.311199905661900922e-01	1.418237737452067437e-01	6.820632547850188909e-02	2.703537036535318475e-02	7.005288663604239408e-02
9.917428937993331601e+02	2.805304210595395698e-01	1.798023058656416096e-01	2.316811668365162946e-01	1.422065391992665961e-01	6.836069162002214594e-02	2.712678844139492992e-02	7.029208697739734724e-02
9.965806640129884499e+02	2.796702927946712047e-01	1.792417010546023814e-01	2.322387786969480894e-01	1.425871274861371663e-01	6.851427266383242065e-02	2.721792925054665815e-02	7.052989805304063498e-02
1.001418434226643626e+03	2.788152480847455594e-01	1.786841584068291355e-01	2.327928546811309785e-01	1.429655504089665519e-01	6.866707204428007527e-02	2.730879115233355095e-02	7.076632522149273186e-02
1.006256204440298802e+03	2.779652560146095297e-01	1.781296616355946549e-01	2.333434229272089988e-01	1.433418197116346493e-01	6.881909318981127566e-02	2.739937256329670265e-02	7.100137395762282089e-02
1.011093974653954206e+03	2.771202858729697738e-01	1.775781945355068558e-01	2.338905111880207333e-01	1.437159470790631000e-01	6.897033952273287638e-02	2.748967195579678918e-02	7.123504984568852783e-02
1.015931744867609382e+03	2.762803071506438335e-01	1.770297409821746104e-01	2.344341468409429918e-01	1.440879441375205461e-01	6.912081445898363152e-02	2.757968785684595733e-02	7.146735857266713066e-02
1.020769515081264785e+03	2.754452895388390110e-01	1.764842849318734863e-01	2.349743568973943764e-01	1.444578224549234735e-01	6.927052140791445378e-02	2.766941884696713302e-02	7.169830592186675344e-02
1.025607285294920075e+03	2.746152029274576134e-01	1.759418104212117362e-01	2.355111680120125783e-01	1.448255935411331408e-01	6.941946377207741659e-02	2.775886355907988823e-02	7.192789776680630354e-02
1.030445055508575479e+03	2.737900174034287870e-01	1.754023015667962593e-01	2.360446064915166509e-01	1.451912688482480118e-01	6.956764494702309676e-02	2.784802067741214485e-02	7.215614006535379932e-02
1.035282825722230655e+03	2.729697032490647213e-01	1.748657425648988961e-01	2.365746983032671613e-01	1.455548597708926917e-01	6.971506832110588303e-02	2.793688893643691065e-02	7.238303885411252747e-02
1.040120595935886058e+03	2.721542309404423321e-01	1.743321176911227788e-01	2.371014690835343830e-01	1.459163776465030593e-01	6.986173727529730593e-02	2.802546711983334646e-02	7.260860024304553739e-02
1.044958366149541234e+03	2.713435711458082045e-01	1.738014113000690697e-01	2.376249441454867106e-01	1.462758337556078481e-01	7.000765518300669510e-02	2.811375405947149839e-02	7.283283041032871663e-02
1.049796136363196410e+03	2.705376947240069052e-01	1.732736078250039224e-01	2.381451484869086532e-01	1.466332393221065900e-01	7.015282540990906701e-02	2.820174863441993890e-02	7.305573559742355172e-02
1.054633906576851814e+03	2.697365727229323329e-01	1.727486917775256647e-01	2.386621067976593402e-01	1.469886055135446179e-01	7.029725131378017355e-02	2.828944976997574759e-02	7.327732210436084526e-02
1.059471676790506763e+03	2.689401763780001620e-01	1.722266477472323420e-01	2.391758434668805888e-01	1.473419434413845985e-01	7.044093624433808709e-02	2.837685643671613092e-02	7.349759628522686827e-02
1.064309447004162394e+03	2.681484771106426579e-01	1.717074604013897055e-01	2.396863825899645528e-01	1.476932641612752339e-01	7.058388354309137747e-02	2.846396764957112580e-02	7.371656454384409307e-02
1.069147217217817570e+03	2.673614465268239204e-01	1.711911144845995325e-01	2.401937479752893345e-01	1.480425786733169657e-01	7.072609654319358952e-02	2.855078246691675550e-02	7.393423332963867944e-02
1.073984987431472746e+03	2.665790564155751663e-01	1.706775948184683367e-01	2.406979631507314976e-01	1.483898979223248482e-01	7.086757856930361865e-02	2.863729998968810031e-02	7.415060913368715090e-02
1.078822757645127922e+03	2.658012787475504957e-01	1.701668863012765209e-01	2.411990513699638072e-01	1.487352327980887845e-01	7.100833293745208163e-02	2.872351936051171367e-02	7.436569848493529422e-02
1.083660527858783553e+03	2.650280856736012547e-01	1.696589739076480308e-01	2.416970356185457747e-01	1.490785941356311817e-01	7.114836295491316909e-02	2.880943976285684979e-02	7.457950794658242677e-02
1.088498298072438729e+03	2.642594495233696050e-01	1.691538426882204516e-01	2.421919386198154167e-01	1.494199927154619689e-01	7.128767192008209075e-02	2.889506042020500640e-02	7.479204411262420360e-02
1.093336068286093905e+03	2.634953428039000789e-01	1.686514777693156608e-01	2.426837828405889186e-01	1.497594392638314231e-01	7.142626312235751673e-02	2.898038059523726576e-02	7.500331360454787211e-02
1.098173838499749309e+03	2.627357381982695084e-01	1.681518643526109802e-01	2.431725904966757223e-01	1.500969444529805241e-01	7.156413984202927847e-02	2.906539958903896909e-02	7.521332306817381241e-02
1.103011608713404712e+03	2.619806085642339410e-01	1.676549877148107992e-01	2.436583835582154245e-01	1.504325189013892006e-01	7.170130535017081586e-02	2.915011674032124203e-02	7.542207917063738221e-02
1.107849378927059888e+03	2.612299269328927642e-01	1.671608332073189762e-01	2.441411837548437547e-01	1.507661731740223277e-01	7.183776290853642610e-02	2.923453142465895493e-02	7.562958859750562590e-02
1.112687149140715292e+03	2.604836665073690383e-01	1.666693862559117112e-01	2.446210125806932978e-01	1.510979177825738373e-01	7.197351576946296736e-02	2.931864305374462173e-02	7.583585805002335256e-02
1.117524919354370468e+03	2.597418006615069275e-01	1.661806323604108349e-01	2.450978912992352876e-01	1.514277631857086082e-01	7.210856717577594777e-02	2.940245107465788016e-02	7.604089424248336448e-02
1.122362689568025871e+03	2.590043029385837858e-01	1.656945570943582358e-01	2.455718409479682729e-01	1.517557197893026621e-01	7.224292036069990264e-02	2.948595496915012992e-02	7.624470389971588213e-02
1.127200459781681047e+03	2.582711470500386186e-01	1.652111461046902874e-01	2.460428823429594847e-01	1.520817979466813907e-01	7.237657854777279631e-02	2.956915425294389874e-02	7.644729375469244692e-02
1.132038229995336451e+03	2.575423068742150878e-01	1.647303851114135242e-01	2.465110360832438174e-01	1.524060079588560879e-01	7.250954495076433748e-02	2.965204847504659263e-02	7.664867054623950016e-02
1.136876000208991627e+03	2.568177564551196168e-01	1.642522599072806788e-01	2.469763225550862251e-01	1.527283600747585679e-01	7.264182277359820805e-02	2.973463721707825941e-02	7.684884101685743318e-02
1.141713770422646803e+03	2.560974700011934835e-01	1.637767563574673568e-01	2.474387619361120838e-01	1.530488644914745622e-01	7.277341521027785864e-02	2.981692009261299389e-02	7.704781191064069557e-02
1.146551540636302207e+03	2.553814218840994021e-01	1.633038603992497395e-01	2.478983741993104617e-01	1.533675313544749785e-01	7.290432544481585675e-02	2.989889674653364166e-02	7.724558997129496452e-02
1.151389310849957155e+03	2.546695866375217610e-01	1.628335580416827022e-01	2.483551791169149037e-01	1.536843707578460505e-01	7.303455665116671824e-02	2.998056685439946106e-02	7.744218194024744817e-02
1.156227081063612786e+03	2.539619389559801821e-01	1.623658353652787933e-01	2.488091962641663935e-01	1.539993927445177935e-01	7.316411199316301406e-02	3.006193012182644536e-02	7.763759455484646466e-02
1.161064851277267962e+03	2.532584536936562936e-01	1.619006785216879907e-01	2.492604450229623514e-01	1.543126073064910175e-01	7.329299462445465485e-02	3.014298628387996476e-02	7.783183454664677203e-02
1.165902621490923138e+03	2.525591058632336572e-01	1.614380737333783178e-01	2.497089445853962197e-01	1.546240243850629803e-01	7.342120768845121492e-02	3.022373510447942321e-02	7.802490863977716573e-02
1.170740391704578315e+03	2.518638706347501310e-01	1.609780072933168771e-01	2.501547139571911882e-01	1.549336538710518740e-01	7.354875431826737864e-02	3.030417637581465581e-02	7.821682354938692960e-02
1.175578161918233945e+03	2.511727233344622778e-01	1.605204655646521039e-01	2.505977719610322230e-01	1.552415056050195641e-01	7.367563763667113463e-02	3.038430991777376494e-02	7.840758598016794867e-02
1.180415932131889122e+03	2.504856394437224854e-01	1.600654349803965482e-01	2.510381372398000077e-01	1.555475893774935503e-01	7.380186075603480111e-02	3.046413557738211070e-02	7.859720262494948595e-02
1.185253702345544298e+03	2.498025945978676332e-01	1.596129020431106549e-01	2.514758282597098771e-01	1.558519149291874295e-01	7.392742677828867404e-02	3.054365322825222662e-02	7.878568016336254254e-02
1.190091472559199701e+03	2.491235645851191949e-01	1.591628533245872390e-01	2.519108633133597674e-01	1.561544919512202201e-01	7.405233879487733983e-02	3.062286277004433802e-02	7.897302526057098371e-02
1.194929242772855105e+03	2.484485253454949971e-01	1.587152754655368481e-01	2.523432605226901271e-01	1.564553300853345486e-01	7.417659988671852778e-02	3.070176412793728174e-02	7.915924456606673876e-02
1.199767012986510281e+03	2.477774529697322203e-01	1.582701551752737634e-01	2.527730378418590607e-01	1.567544389241136982e-01	7.430021312416427992e-02	3.078035725210958098e-02	7.934434471252647947e-02
1.204604783200165684e+03	2.471103236982208629e-01	1.578274792314033892e-01	2.532002130600351508e-01	1.570518280111976861e-01	7.442318156696453579e-02	3.085864211723039763e-02	7.952833231472707098e-02
1.209442553413820860e+03	2.464471139199485017e-01	1.573872344795099742e-01	2.536248038041117869e-01	1.573475068414981193e-01	7.454550826423292365e-02	3.093661872196015045e-02	7.971121396851757468e-02
1.214280323627476264e+03	2.457878001714552119e-01	1.569494078328454167e-01	2.540468275413453880e-01	1.576414848614121067e-01	7.466719625441482766e-02	3.101428708846062574e-02	7.989299624984542991e-02
1.219118093841131440e+03	2.451323591357988385e-01	1.565139862720189567e-01	2.544663015819199070e-01	1.579337714690351724e-01	7.478824856525748133e-02	3.109164726191426462e-02	8.007368571383438605e-02
1.223955864054786844e+03	2.444807676415306774e-01	1.560809568446876738e-01	2.548832430814404471e-01	1.582243760143732247e-01	7.490866821378212859e-02	3.116869931005251254e-02	8.025328889391238063e-02
1.228793634268442020e+03	2.438330026616807866e-01	1.556503066652480671e-01	2.552976690433585993e-01	1.585133077995534712e-01	7.502845820625822504e-02	3.124544332269296384e-02	8.043181230098696288e-02
1.233631404482097196e+03	2.431890413127531791e-01	1.552220229145282737e-01	2.557095963213320000e-01	1.588005760790345278e-01	7.514762153817941548e-02	3.132187941128514869e-02	8.060926242266652775e-02
1.238469174695752372e+03	2.425488608537307578e-01	1.547960928394815361e-01	2.561190416215197718e-01	1.590861900598155854e-01	7.526616119424150986e-02	3.139800770846470912e-02	8.078564572252525111e-02
1.243306944909407548e+03	2.419124386850892983e-01	1.543725037528803079e-01	2.565260215048167924e-01	1.593701589016447429e-01	7.538408014832215231e-02	3.147382836761584285e-02	8.096096863941011634e-02
1.248144715123063179e+03	2.412797523478211470e-01	1.539512430330112203e-01	2.569305523890284548e-01	1.596524917172263136e-01	7.550138136346223883e-02	3.154934156244180304e-02	8.113523758678803377e-02
1.252982485336718355e+03	2.406507795224677171e-01	1.535322981233714357e-01	2.573326505509886397e-01	1.599331975724275212e-01	7.561806779184901406e-02	3.162454748654325992e-02	8.130845895213162366e-02
1.257820255550373531e+03	2.400254980281610329e-01	1.531156565323654462e-01	2.577323321286216218e-01	1.602122854864841961e-01	7.573414237480076416e-02	3.169944635300439573e-02	8.148063909634180313e-02
1.262658025764028707e+03	2.394038858216739896e-01	1.527013058330030648e-01	2.581296131229510737e-01	1.604897644322057781e-01	7.584960804275310553e-02	3.177403839398652841e-02	8.165178435320578909e-02
1.267495795977684338e+03	2.387859209964793561e-01	1.522892336625982779e-01	2.585245094000574451e-01	1.607656433361794590e-01	7.596446771524675845e-02	3.184832386032911133e-02	8.182190102888892147e-02
1.272333566191339514e+03	2.381715817818172709e-01	1.518794277224692624e-01	2.589170366929855471e-01	1.610399310789735750e-01	7.607872430091680571e-02	3.192230302115797724e-02	8.199099540145897425e-02
1.277171336404994690e+03	2.375608465417709536e-01	1.514718757776389590e-01	2.593072106036037328e-01	1.613126364953403336e-01	7.619238069748335285e-02	3.199597616350061818e-02	8.215907372044144175e-02
1.282009106618650094e+03	2.369536937743509375e-01	1.510665656565370329e-01	2.596950466044172789e-01	1.615837683744175968e-01	7.630543979174350677e-02	3.206934359190843908e-02	8.232614220640456504e-02
1.286846876832305497e+03	2.363501021105870736e-01	1.506634852507025002e-01	2.600805600403363615e-01	1.618533354599300811e-01	7.641790445956485323e-02	3.214240562808571428e-02	8.249220705057286329e-02
1.291684647045960673e+03	2.357500503136287784e-01	1.502626225144874927e-01	2.604637661304002871e-01	1.621213464503898360e-01	7.652977756587993341e-02	3.221516261052525393e-02	8.265727441446789336e-02
1.296522417259616077e+03	2.351535172778529137e-01	1.498639654647619668e-01	2.608446799694609242e-01	1.623878099992959456e-01	7.664106196468228882e-02	3.228761489415050284e-02	8.282135042957494697e-02
1.301360187473271253e+03	2.345604820279796054e-01	1.494675021806193826e-01	2.612233165298245563e-01	1.626527347153336467e-01	7.675176049902342201e-02	3.235976284996406466e-02	8.298444119703489441e-02
1.306197957686926657e+03	2.339709237181955004e-01	1.490732208030833839e-01	2.615996906628550445e-01	1.629161291625724761e-01	7.686187600101110351e-02	3.243160686470242249e-02	8.314655278735968991e-02
1.311035727900581833e+03	2.333848216312846280e-01	1.486811095348153922e-01	2.619738171005390748e-01	1.631780018606643068e-01	7.697141129180869179e-02	3.250314734049677273e-02	8.330769124017081695e-02
1.315873498114237009e+03	2.328021551777666176e-01	1.482911566398233127e-01	2.623457104570147691e-01	1.634383612850400236e-01	7.708036918163566065e-02	3.257438469453983326e-02	8.346786256395953563e-02
1.320711268327892412e+03	2.322229038950421875e-01	1.479033504431711832e-01	2.627153852300648240e-01	1.636972158671060051e-01	7.718875246976904247e-02	3.264531935875856355e-02	8.362707273586796053e-02
1.325549038541547588e+03	2.316470474465458784e-01	1.475176793306898215e-01	2.630828558025755104e-01	1.639545739944399116e-01	7.729656394454600954e-02	3.271595177949257471e-02	8.378532770149013653e-02
1.330386808755202765e+03	2.310745656209057530e-01	1.471341317486884182e-01	2.634481364439623663e-01	1.642104440109856123e-01	7.740380638336737118e-02	3.278628241717820857e-02	8.394263337469212716e-02
1.335224578968857941e+03	2.305054383311101185e-01	1.467526962036672933e-01	2.638112413115641930e-01	1.644648342172476962e-01	7.751048255270204246e-02	3.285631174603811933e-02	8.409899563745044937e-02
1.340062349182513572e+03	2.299396456136811318e-01	1.463733612620315427e-01	2.641721844520054652e-01	1.647177528704852345e-01	7.761659520809245649e-02	3.292604025377630916e-02	8.425442033970778621e-02
1.344900119396168748e+03	2.293771676278552607e-01	1.459961155498055718e-01	2.645309798025294312e-01	1.649692081849049308e-01	7.772214709416092049e-02	3.299546844127841660e-02	8.440891329924538056e-02
1.349737889609823924e+03	2.288179846547703233e-01	1.456209477523489615e-01	2.648876411923015151e-01	1.652192083318537730e-01	7.782714094461667953e-02	3.306459682231726455e-02	8.456248030157134665e-02
1.354575659823479100e+03	2.282620770966592161e-01	1.452478466140730284e-01	2.652421823436850179e-01	1.654677614400109076e-01	7.793157948226404896e-02	3.313342592326347369e-02	8.471512709982416400e-02
1.359413430037134731e+03	2.277094254760500258e-01	1.448768009381586896e-01	2.655946168734893975e-01	1.657148755955789587e-01	7.803546541901112965e-02	3.320195628280112055e-02	8.486685941469057637e-02
1.364251200250789907e+03	2.271600104349727478e-01	1.445077995862750764e-01	2.659449582941921797e-01	1.659605588424747924e-01	7.813880145587948078e-02	3.327018845164830124e-02	8.501768293433738244e-02
1.369088970464445310e+03	2.266138127341722486e-01	1.441408314782992861e-01	2.662932200151353346e-01	1.662048191825197530e-01	7.824159028301450047e-02	3.333812299228249010e-02	8.516760331435638265e-02
1.373926740678100487e+03	2.260708132523275571e-01	1.437758855920372170e-01	2.666394153436971171e-01	1.664476645756290119e-01	7.834383457969651410e-02	3.340576047867063747e-02	8.531662617772192703e-02
1.378764510891755890e+03	2.255309929852771789e-01	1.434129509629454291e-01	2.669835574864397598e-01	1.666891029400007218e-01	7.844553701435262594e-02	3.347310149600395135e-02	8.546475711476041182e-02
1.383602281105411066e+03	2.249943330452507384e-01	1.430520166838538387e-01	2.673256595502334632e-01	1.669291421523043106e-01	7.854670024456925082e-02	3.354014664043718924e-02	8.561200168313128078e-02
1.388440051319066470e+03	2.244608146601065890e-01	1.426930719046895502e-01	2.676657345433591240e-01	1.671677900478682477e-01	7.864732691710532575e-02	3.360689651883243950e-02	8.575836540781882344e-02
1.393277821532721646e+03	2.239304191725751403e-01	1.423361058322018813e-01	2.680037953765879166e-01	1.674050544208672830e-01	7.874741966790614611e-02	3.367335174850728113e-02	8.590385378113446491e-02
1.398115591746377049e+03	2.234031280395085695e-01	1.419811077296881385e-01	2.683398548642403347e-01	1.676409430245091314e-01	7.884698112211782628e-02	3.373951295698725955e-02	8.604847226272889504e-02
1.402953361960032225e+03	2.228789228311358339e-01	1.416280669167205297e-01	2.686739257252247493e-01	1.678754635712204901e-01	7.894601389410242642e-02	3.380538078176258815e-02	8.619222627961357908e-02
1.407791132173687402e+03	2.223577852303236513e-01	1.412769727688742427e-01	2.690060205840558716e-01	1.681086237328325017e-01	7.904452058745362053e-02	3.387095587004902014e-02	8.633512122619126095e-02
1.412628902387342805e+03	2.218396970318433636e-01	1.409278147174563844e-01	2.693361519718539543e-01	1.683404311407657450e-01	7.914250379501298893e-02	3.393623887855277965e-02	8.647716246429497378e-02
1.417466672600997981e+03	2.213246401416430198e-01	1.405805822492358914e-01	2.696643323273254511e-01	1.685708933862145043e-01	7.923996609888676879e-02	3.400123047323948960e-02	8.661835532323514109e-02
1.422304442814653157e+03	2.208125965761252862e-01	1.402352649061746892e-01	2.699905739977249697e-01	1.688000180203306222e-01	7.933691007046325683e-02	3.406593132910705479e-02	8.675870509985443568e-02
1.427142213028308333e+03	2.203035484614306316e-01	1.398918522851597679e-01	2.703148892398002379e-01	1.690278125544067422e-01	7.943333827043064232e-02	3.413034212996243072e-02	8.689821705858988277e-02
1.431979983241963964e+03	2.197974780327261735e-01	1.395503340377362012e-01	2.706372902207196951e-01	1.692542844600589125e-01	7.952925324879543678e-02	3.419446356820209088e-02	8.703689643154192968e-02
1.436817753455619140e+03	2.192943676334997705e-01	1.392106998698413034e-01	2.709577890189829863e-01	1.694794411694086622e-01	7.962465754490127834e-02	3.425829634459634510e-02	8.717474841855012146e-02
1.441655523669274316e+03	2.187941997148593887e-01	1.388729395415398971e-01	2.712763976253159681e-01	1.697032900752646900e-01	7.971955368744830517e-02	3.432184116807725227e-02	8.731177818727497986e-02
1.446493293882929493e+03	2.182969568348377132e-01	1.385370428667604126e-01	2.715931279435496726e-01	1.699258385313036912e-01	7.981394419451293132e-02	3.438509875553013434e-02	8.744799087328594678e-02
1.451331064096585123e+03	2.178026216577020058e-01	1.382029997130321264e-01	2.719079917914842270e-01	1.701470938522507970e-01	7.990783157356810829e-02	3.444806983158863606e-02	8.758339158015475412e-02
1.456168834310240300e+03	2.173111769532689308e-01	1.378708000012233981e-01	2.722210009017373977e-01	1.703670633140595414e-01	8.000121832150396128e-02	3.451075512843324727e-02	8.771798537955420583e-02
1.461006604523895703e+03	2.168226055962249321e-01	1.375404337052809622e-01	2.725321669225795329e-01	1.705857541540910516e-01	8.009410692464891124e-02	3.457315538559328771e-02	8.785177731136203927e-02
1.465844374737550879e+03	2.163368905654508567e-01	1.372118908519702751e-01	2.728415014187540177e-01	1.708031735712928767e-01	8.018649985879111597e-02	3.463527134975218080e-02	8.798477238376942178e-02
1.470682144951206283e+03	2.158540149433523236e-01	1.368851615206168604e-01	2.731490158722839068e-01	1.710193287263771234e-01	8.027839958920042485e-02	3.469710377455606509e-02	8.811697557339404074e-02
1.475519915164861459e+03	2.153739619151944229e-01	1.365602358428486818e-01	2.734547216832659555e-01	1.712342267419981745e-01	8.036980857065055550e-02	3.475865342042564615e-02	8.824839182539735705e-02
1.480357685378516862e+03	2.148967147684417434e-01	1.362371040023394042e-01	2.737586301706511627e-01	1.714478747029296313e-01	8.046072924744177013e-02	3.481992105437123342e-02	8.837902605360596631e-02
1.485195455592172038e+03	2.144222568921028138e-01	1.359157562345529591e-01	2.740607525730129890e-01	1.716602796562409772e-01	8.055116405342378771e-02	3.488090744981087871e-02	8.850888314063652673e-02
1.490033225805827215e+03	2.139505717760795955e-01	1.355961828264890534e-01	2.743611000493034191e-01	1.718714486114734930e-01	8.064111541201918198e-02	3.494161338639167197e-02	8.863796793802447560e-02
1.494870996019482618e+03	2.134816430105217211e-01	1.352783741164294007e-01	2.746596836795971996e-01	1.720813885408157551e-01	8.073058573624698753e-02	3.500203964981398602e-02	8.876628526635590988e-02
1.499708766233137567e+03	2.130154542851850075e-01	1.349623204936854504e-01	2.749565144658241977e-01	1.722901063792783294e-01	8.081957742874665285e-02	3.506218703165872586e-02	8.889383991540263097e-02
1.504546536446793198e+03	2.125519893887951317e-01	1.346480123983467558e-01	2.752516033324908795e-01	1.724976090248681870e-01	8.090809288180236813e-02	3.512205632921754084e-02	8.902063664426015932e-02
