5.515058043567023560e+02	3.854758042089970194e-01	2.456411707854466719e-01	1.600287441595023841e-01	9.647016503486305350e-02	5.076632800876301060e-02	1.808177904988128928e-02	4.353600875231670303e-02
5.563435745703576458e+02	3.839628807566610735e-01	2.447423639368560000e-01	1.611515451404140487e-01	9.711650774783973927e-02	5.100066820997619516e-02	1.817956656182928218e-02	4.384646764619384157e-02
5.611813447840129356e+02	3.824596831504946670e-01	2.438480125014816369e-01	1.622627628932407640e-01	9.775886778652892461e-02	5.123412453356468443e-02	1.827775390324445567e-02	4.415879523121509637e-02
5.660191149976681118e+02	3.809661356698345602e-01	2.429580996704817641e-01	1.633626378818788250e-01	9.839728395726608789e-02	5.146669186967772064e-02	1.837632074968213736e-02	4.447283020094904005e-02
5.708568852113234016e+02	3.794821635220754219e-01	2.420726086160039647e-01	1.644514028707177167e-01	9.903179412461200759e-02	5.169836544273220119e-02	1.847524734626870488e-02	4.478841807736012870e-02
5.756946554249786914e+02	3.780076928220204024e-01	2.411915224929331580e-01	1.655292832057405072e-01	9.966243524585274849e-02	5.192914079881132822e-02	1.857451449017278114e-02	4.510541094423917846e-02
5.805324256386339812e+02	3.765426505718901251e-01	2.403148244406026479e-01	1.665964970850234705e-01	1.002892434041682129e-01	5.215901379353227174e-02	1.867410351368208390e-02	4.542366719087127108e-02
5.853701958522892710e+02	3.750869646419645043e-01	2.394424975844689496e-01	1.676532558190380329e-01	1.009122538405204661e-01	5.238798058036507610e-02	1.877399626786376355e-02	4.574305126554931156e-02
5.902079660659445608e+02	3.736405637518354639e-01	2.385745250377513116e-01	1.686997640811430110e-01	1.015315009843109628e-01	5.261603759938579539e-02	1.887417510678673221e-02	4.606343343855681671e-02
5.950457362795999643e+02	3.722033774522487959e-01	2.377108899030365430e-01	1.697362201486398159e-01	1.021470184828543737e-01	5.284318156644744052e-02	1.897462287228546610e-02	4.638468957425766204e-02
5.998835064932552541e+02	3.707753361075130094e-01	2.368515752738499236e-01	1.707628161347501117e-01	1.027588392297140996e-01	5.306940946275305604e-02	1.907532287924537315e-02	4.670670091194450285e-02
6.047212767069104302e+02	3.693563708784560196e-01	2.359965642361928628e-01	1.717797382118603777e-01	1.033669953919436751e-01	5.329471852481569571e-02	1.917625890139069283e-02	4.702935385511079064e-02
6.095590469205657200e+02	3.679464137059088036e-01	2.351458398700479180e-01	1.727871668263659122e-01	1.039715184362760697e-01	5.351910623479077395e-02	1.927741515755656415e-02	4.735253976882407290e-02
6.143968171342210098e+02	3.665453972946982608e-01	2.342993852508521713e-01	1.737852769054333835e-01	1.045724391543012832e-01	5.374257031116669997e-02	1.937877629842752955e-02	4.767615478489081043e-02
6.192345873478761860e+02	3.651532550981303471e-01	2.334571834509390209e-01	1.747742380559889619e-01	1.051697876866714287e-01	5.396510869980038899e-02	1.948032739372551961e-02	4.800009961451446455e-02
6.240723575615315895e+02	3.637699213029464973e-01	2.326192175409496632e-01	1.757542147562277390e-01	1.057635935463705490e-01	5.418671956528455652e-02	1.958205391983094262e-02	4.832427936816018760e-02
6.289101277751868793e+02	3.623953308147360164e-01	2.317854705912144042e-01	1.767253665399284579e-01	1.063538856410853606e-01	5.440740128263441694e-02	1.968394174782108624e-02	4.864860338235041382e-02
6.337478979888421691e+02	3.610294192437886185e-01	2.309559256731046062e-01	1.776878481738468629e-01	1.069406922947115507e-01	5.462715242928168485e-02	1.978597713191068697e-02	4.897298505312606964e-02
6.385856682024975726e+02	3.596721228913715152e-01	2.301305658603559068e-01	1.786418098284509315e-01	1.075240412680288360e-01	5.484597177736439538e-02	1.988814669828005768e-02	4.929734167591841298e-02
6.434234384161527487e+02	3.583233787364153988e-01	2.293093742303631555e-01	1.795873972422503684e-01	1.081039597785770495e-01	5.506385828630134399e-02	1.999043743427675671e-02	4.962159429158602419e-02
6.482612086298080385e+02	3.569831244225958322e-01	2.284923338654475389e-01	1.805247518799640849e-01	1.086804745197638145e-01	5.528081109564052936e-02	2.009283667797720843e-02	4.994566753838106804e-02
6.530989788434633283e+02	3.556512982457954442e-01	2.276794278540970329e-01	1.814540110847594756e-01	1.092536116792336975e-01	5.549682951817121179e-02	2.019533210809532769e-02	5.026948950961793866e-02
6.579367490571185044e+02	3.543278391419336648e-01	2.268706392921795434e-01	1.823753082247885626e-01	1.098233969565271806e-01	5.571191303328980327e-02	2.029791173422556411e-02	5.059299161682587198e-02
6.627745192707737942e+02	3.530126866751512327e-01	2.260659512841306784e-01	1.832887728342374456e-01	1.103898555800568448e-01	5.592606128060997883e-02	2.040056388740833088e-02	5.091610845817570730e-02
6.676122894844290840e+02	3.517057810263369277e-01	2.252653469441155687e-01	1.841945307490976125e-01	1.109530123234272886e-01	5.613927405380785690e-02	2.050327721100620934e-02	5.123877769197881377e-02
6.724500596980843738e+02	3.504070629819844296e-01	2.244688093971657084e-01	1.850927042378590348e-01	1.115128915211239385e-01	5.635155129469345686e-02	2.060604065187972983e-02	5.156093991506400381e-02
6.772878299117396637e+02	3.491164739233683090e-01	2.236763217802911208e-01	1.859834121273180596e-01	1.120695170835952215e-01	5.656289308749994083e-02	2.070884345185199787e-02	5.188253854584566616e-02
6.821256001253949535e+02	3.478339558160272182e-01	2.228878672435687380e-01	1.868667699236850610e-01	1.126229125117515911e-01	5.677329965338245854e-02	2.081167513945177475e-02	5.220351971190344970e-02
6.869633703390502433e+02	3.465594511995445659e-01	2.221034289512067439e-01	1.877428899291705977e-01	1.131731009109037123e-01	5.698277134511880310e-02	2.091452552192508627e-02	5.252383214190078919e-02
6.918011405527055331e+02	3.452929031776154623e-01	2.213229900825858520e-01	1.886118813542212169e-01	1.137201050041618533e-01	5.719130864200425157e-02	2.101738467750571132e-02	5.284342706167598908e-02
6.966389107663608229e+02	3.440342554083905546e-01	2.205465338332780745e-01	1.894738504255698841e-01	1.142639471453169159e-01	5.739891214493336724e-02	2.112024294793533874e-02	5.316225809434615979e-02
7.014766809800161127e+02	3.427834520950875374e-01	2.197740434160427858e-01	1.903289004902599946e-01	1.148046493312235156e-01	5.760558257166176893e-02	2.122309093122450030e-02	5.348028116427019224e-02
7.063144511936714025e+02	3.415404379768601228e-01	2.190055020618012216e-01	1.911771321157951231e-01	1.153422332137040984e-01	5.781132075224109518e-02	2.132591947464566526e-02	5.379745440472299967e-02
7.111522214073266923e+02	3.403051583199165897e-01	2.182408930205892439e-01	1.920186431865618382e-01	1.158767201109927591e-01	5.801612762462081407e-02	2.142871966795033972e-02	5.411373806913881424e-02
7.159899916209819821e+02	3.390775589088790287e-01	2.174801995624892348e-01	1.928535289966663013e-01	1.164081310187365659e-01	5.822000423041046036e-02	2.153148283680212174e-02	5.442909444578676592e-02
7.208277618346371582e+02	3.378575860383747353e-01	2.167234049785412842e-01	1.936818823393210154e-01	1.169364866205716003e-01	5.842295171079649879e-02	2.163420053641814875e-02	5.474348777574724462e-02
7.256655320482924481e+02	3.366451865048528669e-01	2.159704925816338383e-01	1.945037935929118667e-01	1.174618072982899497e-01	5.862497130260791584e-02	2.173686454541153695e-02	5.505688417406254254e-02
7.305033022619478515e+02	3.354403075986173710e-01	2.152214457073748921e-01	1.953193508038715553e-01	1.179841131416138195e-01	5.882606433452508554e-02	2.183946685982772820e-02	5.536925155394006870e-02
7.353410724756030277e+02	3.342428970960700796e-01	2.144762477149431967e-01	1.961286397664799841e-01	1.185034239575916970e-01	5.902623222342646275e-02	2.194199968736793016e-02	5.568055955389117351e-02
7.401788426892584312e+02	3.330529032521559185e-01	2.137348819879205386e-01	1.969317440997083446e-01	1.190197592796314874e-01	5.922547647086813527e-02	2.204445544179306146e-02	5.599077946769305536e-02
7.450166129029136073e+02	3.318702747930042940e-01	2.129973319351050609e-01	1.977287453212183410e-01	1.195331383761844696e-01	5.942379865969110719e-02	2.214682673750189429e-02	5.629988417706537768e-02
7.498543831165690108e+02	3.306949609087594943e-01	2.122635809913062666e-01	1.985197229186242973e-01	1.200435802590937850e-01	5.962120045075171293e-02	2.224910638427725351e-02	5.660784808695772108e-02
7.546921533302243006e+02	3.295269112465939454e-01	2.115336126181218412e-01	1.993047544181218711e-01	1.205511036916203926e-01	5.981768357977044342e-02	2.235128738219446451e-02	5.691464706334753432e-02
7.595299235438793630e+02	3.283660759038984911e-01	2.108074103046965186e-01	2.000839154505827666e-01	1.210557271961590631e-01	6.001324985429497966e-02	2.245336291668633202e-02	5.722025837345239008e-02
7.643676937575347665e+02	3.272124054216433153e-01	2.100849575684635706e-01	2.008572798152110928e-01	1.215574690616563897e-01	6.020790115077299248e-02	2.255532635375926201e-02	5.752466062826395998e-02
7.692054639711900563e+02	3.260658507779043980e-01	2.093662379558692832e-01	2.016249195408538475e-01	1.220563473507424862e-01	6.040163941173076062e-02	2.265717123535523209e-02	5.782783372731455790e-02
7.740432341848452324e+02	3.249263633815498431e-01	2.086512350430803908e-01	2.023869049450540414e-01	1.225523799065874192e-01	6.059446664305361691e-02	2.275889127485460073e-02	5.812975880559066721e-02
7.788810043985006359e+02	3.237938950660806947e-01	2.079399324366750512e-01	2.031433046909313367e-01	1.230455843594931153e-01	6.078638491136455907e-02	2.286048035271486673e-02	5.843041818251099029e-02
7.837187746121558121e+02	3.226683980836212440e-01	2.072323137743175836e-01	2.038941858419730246e-01	1.235359781332310142e-01	6.097739634149722948e-02	2.296193251224068477e-02	5.872979531288980565e-02
7.885565448258112156e+02	3.215498250990543316e-01	2.065283627254172749e-01	2.046396139148135285e-01	1.240235784511354022e-01	6.116750311405990542e-02	2.306324195548066155e-02	5.902787473980948552e-02
7.933943150394665054e+02	3.204381291842962054e-01	2.058280629917715598e-01	2.053796529300784823e-01	1.245084023419619212e-01	6.135670746308710677e-02	2.316440303924652624e-02	5.932464204932878099e-02
7.982320852531219089e+02	3.193332638127073242e-01	2.051313983081937409e-01	2.061143654613666887e-01	1.249904666455203678e-01	6.154501167377553206e-02	2.326541027125053618e-02	5.962008382695644509e-02
8.030698554667769713e+02	3.182351828536337246e-01	2.044383524431256927e-01	2.068438126824399259e-01	1.254697880180905556e-01	6.173241808030126981e-02	2.336625830635706905e-02	5.991418761582237296e-02
8.079076256804323748e+02	3.171438405670759519e-01	2.037489091992357171e-01	2.075680544126882188e-01	1.259463829376298860e-01	6.191892906371525979e-02	2.346694194294448102e-02	6.020694187648111678e-02
8.127453958940876646e+02	3.160591915984801714e-01	2.030630524140018822e-01	2.082871491609355197e-01	1.264202677087804538e-01	6.210454704991415220e-02	2.356745611937353935e-02	6.049833594828490230e-02
8.175831661077428407e+02	3.149811909736486837e-01	2.023807659602810671e-01	2.090011541676484452e-01	1.268914584676838209e-01	6.228927450768373397e-02	2.366779591055877610e-02	6.078836001226609748e-02
8.224209363213982442e+02	3.139097940937655151e-01	2.017020337468638513e-01	2.097101254456082142e-01	1.273599711866106043e-01	6.247311394681231284e-02	2.376795652463930056e-02	6.107700505547088848e-02
8.272587065350534203e+02	3.128449567305332524e-01	2.010268397190157763e-01	2.104141178191034633e-01	1.278258216784125822e-01	6.265606791627145733e-02	2.386793329974572220e-02	6.136426283668849901e-02
8.320964767487085965e+02	3.117866350214184012e-01	2.003551678590050622e-01	2.111131849616997291e-01	1.282890256008037133e-01	6.283813900246158768e-02	2.396772170085996120e-02	6.165012585352229457e-02
8.369342469623640000e+02	3.107347854650013286e-01	1.996870021866168632e-01	2.118073794326391646e-01	1.287495984604772881e-01	6.301932982752017631e-02	2.406731731676481009e-02	6.193458731075116713e-02
8.417720171760191761e+02	3.096893649164270679e-01	1.990223267596545886e-01	2.124967527119220878e-01	1.292075556170651784e-01	6.319964304769004615e-02	2.416671585708026967e-02	6.221764108993155934e-02
8.466097873896745796e+02	3.086503305829552679e-01	1.983611256744285123e-01	2.131813552341194629e-01	1.296629122869456530e-01	6.337908135174570579e-02	2.426591314938377278e-02	6.249928172019240946e-02
8.514475576033297557e+02	3.076176400196047322e-01	1.977033830662314473e-01	2.138612364209646344e-01	1.301156835469055861e-01	6.355764745947571626e-02	2.436490513641148201e-02	6.277950435017717878e-02
8.562853278169851592e+02	3.065912511248906069e-01	1.970490831098024032e-01	2.145364447127697249e-01	1.305658843376626965e-01	6.373534412021866769e-02	2.446368787333801781e-02	6.305830472108869822e-02
8.611230980306403353e+02	3.055711221366507746e-01	1.963982100197779190e-01	2.152070275987108816e-01	1.310135294672534756e-01	6.391217411145128091e-02	2.456225752513196969e-02	6.333567914079452077e-02
8.659608682442956251e+02	3.045572116279596786e-01	1.957507480511314069e-01	2.158730316460249210e-01	1.314586336142918865e-01	6.408814023742628874e-02	2.466061036398477929e-02	6.361162445895186812e-02
8.707986384579510286e+02	3.035494785031256360e-01	1.951066814996008092e-01	2.165345025281582569e-01	1.319012113311040513e-01	6.426324532785868127e-02	2.475874276681051811e-02	6.388613804311289723e-02
8.756364086716062047e+02	3.025478819937702513e-01	1.944659947021048774e-01	2.171914850519070239e-01	1.323412770467436439e-01	6.443749223665821979e-02	2.485665121281425277e-02	6.415921775577260178e-02
8.804741788852616082e+02	3.015523816549868230e-01	1.938286720371478755e-01	2.178440231835867269e-01	1.327788450698928480e-01	6.461088384070678980e-02	2.495433228112681895e-02	6.443086193232296088e-02
8.853119490989170117e+02	3.005629373615756883e-01	1.931946979252134322e-01	2.184921600742673886e-01	1.332139295916532906e-01	6.478342303867878904e-02	2.505178264850376618e-02	6.470106935987844643e-02
8.901497193125721878e+02	2.995795093043542856e-01	1.925640568291473453e-01	2.191359380841091109e-01	1.336465446882312835e-01	6.495511274990306561e-02	2.514899908708646478e-02	6.496983925693930462e-02
8.949874895262273640e+02	2.986020579865392710e-01	1.919367332545294791e-01	2.197753988058321895e-01	1.340767043235213674e-01	6.512595591326497679e-02	2.524597846222332784e-02	6.523717125386027660e-02
8.998252597398827675e+02	2.976305442201994111e-01	1.913127117500355301e-01	2.204105830873534788e-01	1.345044223515926285e-01	6.529595548614691713e-02	2.534271773034925401e-02	6.550306537409367191e-02
9.046630299535379436e+02	2.966649291227763108e-01	1.906919769077881355e-01	2.210415310536207045e-01	1.349297125190810631e-01	6.546511444340620545e-02	2.543921393692137947e-02	6.576752201617709626e-02
9.095008001671932334e+02	2.957051741136716427e-01	1.900745133636978501e-01	2.216682821276745041e-01	1.353525884674919855e-01	6.563343577638861004e-02	2.553546421440937991e-02	6.603054193643687064e-02
9.143385703808486369e+02	2.947512409108987153e-01	1.894603057977942706e-01	2.222908750509668130e-01	1.357730637354161718e-01	6.580092249197666554e-02	2.563146578033858106e-02	6.629212623237955293e-02
9.191763405945038130e+02	2.938030915277964894e-01	1.888493389345471951e-01	2.229093479029637115e-01	1.361911517606627653e-01	6.596757761167118539e-02	2.572721593538422613e-02	6.655227632674522165e-02
9.240141108081592165e+02	2.928606882698044922e-01	1.882415975431782351e-01	2.235237381200590179e-01	1.366068658823124116e-01	6.613340417070484589e-02	2.582271206151521767e-02	6.681099395219662618e-02
9.288518810218145063e+02	2.919239937312965716e-01	1.876370664379629072e-01	2.241340825138247173e-01	1.370202193426939830e-01	6.629840521718691204e-02	2.591795162018585910e-02	6.706828113661986168e-02
9.336896512354697961e+02	2.909929707924725495e-01	1.870357304785234820e-01	2.247404172886225127e-01	1.374312252892876118e-01	6.646258381127766179e-02	2.601293215057405919e-02	6.732414018901289321e-02
9.385274214491247449e+02	2.900675826163049975e-01	1.864375745701126741e-01	2.253427780586006457e-01	1.378398967765570027e-01	6.662594302439167615e-02	2.610765126786455254e-02	6.757857368593918335e-02
9.433651916627801484e+02	2.891477926455408021e-01	1.858425836638882833e-01	2.259411998640984409e-01	1.382462467677141038e-01	6.678848593842887094e-02	2.620210666157573101e-02	6.783158445852448259e-02
9.482029618764355519e+02	2.882335645997553542e-01	1.852507427571791210e-01	2.265357171874809727e-01	1.386502881364182760e-01	6.695021564503229883e-02	2.629629609392876780e-02	6.808317557997593805e-02
9.530407320900908417e+02	2.873248624724578648e-01	1.846620368937422207e-01	2.271263639684248103e-01	1.390520336684132052e-01	6.711113524487180571e-02	2.639021739825769125e-02	6.833335035360316168e-02
9.578785023037459041e+02	2.864216505282470848e-01	1.840764511640115841e-01	2.277131736186750188e-01	1.394514960631035305e-01	6.727124784695251436e-02	2.648386847745920480e-02	6.858211230132188474e-02
9.627162725174014213e+02	2.855238933000151524e-01	1.834939707053384328e-01	2.282961790362935672e-01	1.398486879350737677e-01	6.743055656794740005e-02	2.657724730248097259e-02	6.882946515262149123e-02
9.675540427310568248e+02	2.846315555861991808e-01	1.829145807022235781e-01	2.288754126194174621e-01	1.402436218155519443e-01	6.758906453155294480e-02	2.667035191084727794e-02	6.907541283397847232e-02
9.723918129447120009e+02	2.837446024480784201e-01	1.823382663865411868e-01	2.294509062795449250e-01	1.406363101538198601e-01	6.774677486786720437e-02	2.676318040522086827e-02	6.931995945869845466e-02
9.772295831583674044e+02	2.828629992071167165e-01	1.817650130377552464e-01	2.300226914543670731e-01	1.410267653185723336e-01	6.790369071278938573e-02	2.685573095199992114e-02	6.956310931717027413e-02
9.820673533720223531e+02	2.819867114423482701e-01	1.811948059831278157e-01	2.305907991201621154e-01	1.414149995992273479e-01	6.805981520744026902e-02	2.694800177994907328e-02	6.980486686751605219e-02
9.869051235856777566e+02	2.811157049878065251e-01	1.806276305979197250e-01	2.311552598037676376e-01	1.418010252071892074e-01	6.821515149760259966e-02	2.703999117886349279e-02	7.004523672662185674e-02
9.917428937993331601e+02	2.802499459299934714e-01	1.800634723055838382e-01	2.317161035941471547e-01	1.421848542770663693e-01	6.836970273318089542e-02	2.713169749826503663e-02	7.028422366153432022e-02
9.965806640129884499e+02	2.793894006053905255e-01	1.795023165779509322e-01	2.322733601535656167e-01	1.425664988678458922e-01	6.852347206767991916e-02	2.722311914612950134e-02	7.052183258120876819e-02
1.001418434226643626e+03	2.785340355980077121e-01	1.789441489354083314e-01	2.328270587283882698e-01	1.429459709640261700e-01	6.867646265770117886e-02	2.731425458764409966e-02	7.075806852859541085e-02
1.006256204440298802e+03	2.776838177369719829e-01	1.783889549470713543e-01	2.333772281595167253e-01	1.433232824767097513e-01	6.882867766245677477e-02	2.740510234399423303e-02	7.099293667305031641e-02
1.011093974653954206e+03	2.768387140941526714e-01	1.778367202309478479e-01	2.339238968924754747e-01	1.436984452446576632e-01	6.898012024330003877e-02	2.749566099117876916e-02	7.122644230305864854e-02
1.015931744867609382e+03	2.759986919818231965e-01	1.772874304540959234e-01	2.344670929871620346e-01	1.440714710353069028e-01	6.913079356327245240e-02	2.758592915885291555e-02	7.145859081925777512e-02
1.020769515081264785e+03	2.751637189503586267e-01	1.767410713327747518e-01	2.350068441272724351e-01	1.444423715457524848e-01	6.928070078666608012e-02	2.767590552919796734e-02	7.168938772774885448e-02
1.025607285294920075e+03	2.743337627859680494e-01	1.761976286325889485e-01	2.355431776294148738e-01	1.448111584036956834e-01	6.942984507860112953e-02	2.776558883581711767e-02	7.191883863368547791e-02
1.030445055508575479e+03	2.735087915084605248e-01	1.756570881686262964e-01	2.360761204519217504e-01	1.451778431683593829e-01	6.957822960461812478e-02	2.785497786265660539e-02	7.214694923512862679e-02
1.035282825722230655e+03	2.726887733690442350e-01	1.751194358055892242e-01	2.366056992033722661e-01	1.455424373313725372e-01	6.972585753028406885e-02	2.794407144295146805e-02	7.237372531715752233e-02
1.040120595935886058e+03	2.718736768481580524e-01	1.745846574579200394e-01	2.371319401508352742e-01	1.459049523176241814e-01	6.987273202081227541e-02	2.803286845819520992e-02	7.259917274622633421e-02
1.044958366149541234e+03	2.710634706533342486e-01	1.740527390899197224e-01	2.376548692278432351e-01	1.462653994860889650e-01	7.001885624069519032e-02	2.812136783713271859e-02	7.282329746475724175e-02
1.049796136363196410e+03	2.702581237170925688e-01	1.735236667158610857e-01	2.381745120421066009e-01	1.466237901306247371e-01	7.016423335334999456e-02	2.820956855477577477e-02	7.304610548596059127e-02
1.054633906576851814e+03	2.694576051948636697e-01	1.729974264000956330e-01	2.386908938829782056e-01	1.469801354807438454e-01	7.030886652077635024e-02	2.829746963144052010e-02	7.326760288887318451e-02
1.059471676790506763e+03	2.686618844629424241e-01	1.724740042571548393e-01	2.392040397286769593e-01	1.473344467023587900e-01	7.045275890322599821e-02	2.838507013180629687e-02	7.348779581360616320e-02
1.064309447004162394e+03	2.678709311164697571e-01	1.719533864518456023e-01	2.397139742532791995e-01	1.476867348985035355e-01	7.059591365888370773e-02	2.847236916399525572e-02	7.370669045679439924e-02
1.069147217217817570e+03	2.670847149674426824e-01	1.714355591993401151e-01	2.402207218334865280e-01	1.480370111100313135e-01	7.073833394355930060e-02	2.855936587867215909e-02	7.392429306723938276e-02
1.073984987431472746e+03	2.663032060427513725e-01	1.709205087652601873e-01	2.407243065551779304e-01	1.483852863162899438e-01	7.088002291039026403e-02	2.864605946816384599e-02	7.414060994173798935e-02
1.078822757645127922e+03	2.655263745822434851e-01	1.704082214657561545e-01	2.412247522197538685e-01	1.487315714357756447e-01	7.102098370955468865e-02	2.873244916559782036e-02	7.435564742108993763e-02
1.083660527858783553e+03	2.647541910368143570e-01	1.698986836675805412e-01	2.417220823502803650e-01	1.490758773267659709e-01	7.116121948799412900e-02	2.881853424405944608e-02	7.456941188627685957e-02
1.088498298072438729e+03	2.639866260665230668e-01	1.693918817881563676e-01	2.422163201974397440e-01	1.494182147879330735e-01	7.130073338914599823e-02	2.890431401576725248e-02	7.478190975480618341e-02
1.093336068286093905e+03	2.632236505387335335e-01	1.688878022956405711e-01	2.427074887452952967e-01	1.497585945589376966e-01	7.143952855268531632e-02	2.898978783126587855e-02	7.499314747721337604e-02
1.098173838499749309e+03	2.624652355262802605e-01	1.683864317089820706e-01	2.431956107168763426e-01	1.500970273210051054e-01	7.157760811427536785e-02	2.907495507863616310e-02	7.520313153371636916e-02
1.103011608713404712e+03	2.617113523056576740e-01	1.678877565979751685e-01	2.436807085795903993e-01	1.504335236974833068e-01	7.171497520532707504e-02	2.915981518272197162e-02	7.541186843101610471e-02
1.107849378927059888e+03	2.609619723552333848e-01	1.673917635833080952e-01	2.441628045504682931e-01	1.507680942543845048e-01	7.185163295276669748e-02	2.924436760437327046e-02	7.561936469923739856e-02
1.112687149140715292e+03	2.602170673534847656e-01	1.668984393366065300e-01	2.446419206012485914e-01	1.511007495009104862e-01	7.198758447881159483e-02	2.932861183970508420e-02	7.582562688900468251e-02
1.117524919354370468e+03	2.594766091772570116e-01	1.664077705804728469e-01	2.451180784633066323e-01	1.514314998899623788e-01	7.212283290075391373e-02	2.941254741937187819e-02	7.603066156864711489e-02
1.122362689568025871e+03	2.587405699000445147e-01	1.659197440885205044e-01	2.455912996324342012e-01	1.517603558186356727e-01	7.225738133075171321e-02	2.949617390785700191e-02	7.623447532152820283e-02
1.127200459781681047e+03	2.580089217902931109e-01	1.654343466854039379e-01	2.460616053734746567e-01	1.520873276287010578e-01	7.239123287562752862e-02	2.957949090277677689e-02	7.643707474349473174e-02
1.132038229995336451e+03	2.572816373097236431e-01	1.649515652468442894e-01	2.465290167248190556e-01	1.524124256070714944e-01	7.252439063667391606e-02	2.966249803419891348e-02	7.663846644044043643e-02
1.136876000208991627e+03	2.565586891116767299e-01	1.644713866996505569e-01	2.469935545027678314e-01	1.527356599862562392e-01	7.265685770946586630e-02	2.974519496397480881e-02	7.683865702597979241e-02
1.141713770422646803e+03	2.558400500394770738e-01	1.639937980217365532e-01	2.474552393057630473e-01	1.530570409448022140e-01	7.278863718367985236e-02	2.982758138508547277e-02	7.703765311922754211e-02
1.146551540636302207e+03	2.551256931248187532e-01	1.635187862421338678e-01	2.479140915184958049e-01	1.533765786077236071e-01	7.291973214291920524e-02	2.990965702100068305e-02	7.723546134267982033e-02
1.151389310849957155e+03	2.544155915861689432e-01	1.630463384410005823e-01	2.483701313158930002e-01	1.536942830469196775e-01	7.305014566454581804e-02	2.999142162505104639e-02	7.743208832019272958e-02
1.156227081063612786e+03	2.537097188271918990e-01	1.625764417496258774e-01	2.488233786669876435e-01	1.540101642815815408e-01	7.317988081951766477e-02	3.007287497981266794e-02	7.762754067505452105e-02
1.161064851277267962e+03	2.530080484351910908e-01	1.621090833504310325e-01	2.492738533386772426e-01	1.543242322785884080e-01	7.330894067223227284e-02	3.015401689650412317e-02	7.782182502814766201e-02
1.165902621490923138e+03	2.523105541795701012e-01	1.616442504769662891e-01	2.497215748993735496e-01	1.546364969528936095e-01	7.343732828037566329e-02	3.023484721439540640e-02	7.801494799619716758e-02
1.170740391704578315e+03	2.516172100103115650e-01	1.611819304139040787e-01	2.501665627225481692e-01	1.549469681679008504e-01	7.356504669477681446e-02	3.031536580022857821e-02	7.820691619010174123e-02
1.175578161918233945e+03	2.509279900564737598e-01	1.607221104970284198e-01	2.506088359901767482e-01	1.552556557358312217e-01	7.369209895926737142e-02	3.039557254764985172e-02	7.839773621334439335e-02
1.180415932131889122e+03	2.502428686247049616e-01	1.602647781132208737e-01	2.510484136960864365e-01	1.555625694180810259e-01	7.381848811054633752e-02	3.047546737665282265e-02	7.858741466047938773e-02
1.185253702345544298e+03	2.495618201977746198e-01	1.598099207004426703e-01	2.514853146492085911e-01	1.558677189255712747e-01	7.394421717804981753e-02	3.055505023303257614e-02	7.877595811569235162e-02
1.190091472559199701e+03	2.488848194331215458e-01	1.593575257477135021e-01	2.519195574767415513e-01	1.561711139190886666e-01	7.406928918382545135e-02	3.063432108785042046e-02	7.896337315143071856e-02
1.194929242772855105e+03	2.482118411614187004e-01	1.589075807950870722e-01	2.523511606272251240e-01	1.564727640096189587e-01	7.419370714241145526e-02	3.071327993690903257e-02	7.914966632710163097e-02
1.199767012986510281e+03	2.475428603851539122e-01	1.584600734336227557e-01	2.527801423735305253e-01	1.567726787586725123e-01	7.431747406072014561e-02	3.079192680023768239e-02	7.933484418783444403e-02
1.204604783200165684e+03	2.468778522772268613e-01	1.580149913053545130e-01	2.532065208157691094e-01	1.570708676786028157e-01	7.444059293792582022e-02	3.087026172158741782e-02	7.951891326330541576e-02
1.209442553413820860e+03	2.462167921795615222e-01	1.575723221032562793e-01	2.536303138841217164e-01	1.573673402329178184e-01	7.456306676535674749e-02	3.094828476793589495e-02	7.970188006662191904e-02
1.214280323627476264e+03	2.455596556017341503e-01	1.571320535712043276e-01	2.540515393415919143e-01	1.576621058365847428e-01	7.468489852639129123e-02	3.102599602900167272e-02	7.988375109326384393e-02
1.219118093841131440e+03	2.449064182196162009e-01	1.566941735039363293e-01	2.544702147866855224e-01	1.579551738563285401e-01	7.480609119635792115e-02	3.110339561676773654e-02	8.006453282007974792e-02
1.223955864054786844e+03	2.442570558740323750e-01	1.562586697470076391e-01	2.548863576560191913e-01	1.582465536109240456e-01	7.492664774243902592e-02	3.118048366501407348e-02	8.024423170433568619e-02
1.228793634268442020e+03	2.436115445694331250e-01	1.558255301967443607e-01	2.552999852268602599e-01	1.585362543714824990e-01	7.504657112357843163e-02	3.125726032885905309e-02	8.042285418281434894e-02
1.233631404482097196e+03	2.429698604725814559e-01	1.553947428001936359e-01	2.557111146196001106e-01	1.588242853617321815e-01	7.516586429039252837e-02	3.133372578430946437e-02	8.060040667096275702e-02
1.238469174695752372e+03	2.423319799112541306e-01	1.549662955550710763e-01	2.561197628001631310e-01	1.591106557582939451e-01	7.528453018508476924e-02	3.140988022781897315e-02	8.077689556208610122e-02
1.243306944909407548e+03	2.416978793729566144e-01	1.545401765097054181e-01	2.565259465823541696e-01	1.593953746909512748e-01	7.540257174136362484e-02	3.148572387585482635e-02	8.095232722658624036e-02
1.248144715123063179e+03	2.410675355036515921e-01	1.541163737629801522e-01	2.569296826301455949e-01	1.596784512429156588e-01	7.551999188436370192e-02	3.156125696447268508e-02	8.112670801124277631e-02
1.252982485336718355e+03	2.404409251065012243e-01	1.536948754642729065e-01	2.573309874599065683e-01	1.599598944510870480e-01	7.563679353057013721e-02	3.163647974889927106e-02	8.130004423853497142e-02
1.257820255550373531e+03	2.398180251406223651e-01	1.532756698133919127e-01	2.577298774425763606e-01	1.602397133063098167e-01	7.575297958774587781e-02	3.171139250312281221e-02	8.147234220600291232e-02
1.262658025764028707e+03	2.391988127198550473e-01	1.528587450605100040e-01	2.581263688057832129e-01	1.605179167536244511e-01	7.586855295486208406e-02	3.178599551949103097e-02	8.164360818564622702e-02
1.267495795977684338e+03	2.385832651115436243e-01	1.524440895060959200e-01	2.585204776359111833e-01	1.607945136925148233e-01	7.598351652203134965e-02	3.186028910831650851e-02	8.181384842335868990e-02
1.272333566191339514e+03	2.379713597353305676e-01	1.520316915008433911e-01	2.589122198801160346e-01	1.610695129771516909e-01	7.609787317044365562e-02	3.193427359748930022e-02	8.198306913839743804e-02
1.277171336404994690e+03	2.373630741619629225e-01	1.516215394455975862e-01	2.593016113482922713e-01	1.613429234166322834e-01	7.621162577230512769e-02	3.200794933209667043e-02	8.215127652288521654e-02
1.282009106618650094e+03	2.367583861121105304e-01	1.512136217912794511e-01	2.596886677149925493e-01	1.616147537752161967e-01	7.632477719077933320e-02	3.208131667404973825e-02	8.231847674134425141e-02
1.286846876832305497e+03	2.361572734551968533e-01	1.508079270388074378e-01	2.600734045213015655e-01	1.618850127725577071e-01	7.643733027993118712e-02	3.215437600171691668e-02	8.248467593026037603e-02
1.291684647045960673e+03	2.355597142082412609e-01	1.504044437390171240e-01	2.604558371766652058e-01	1.621537090839347550e-01	7.654928788467325884e-02	3.222712770956404071e-02	8.264988019767635641e-02
1.296522417259616077e+03	2.349656865347132251e-01	1.500031604925786688e-01	2.608359809606768387e-01	1.624208513404747922e-01	7.666065284071456321e-02	3.229957220780095561e-02	8.281409562281294434e-02
1.301360187473271253e+03	2.343751687433978936e-01	1.496040659499118797e-01	2.612138510248221412e-01	1.626864481293773257e-01	7.677142797451155798e-02	3.237170992203455139e-02	8.297732825571654813e-02
1.306197957686926657e+03	2.337881392872732389e-01	1.492071488110994493e-01	2.615894623941836805e-01	1.629505079941335755e-01	7.688161610322151451e-02	3.244354129292801453e-02	8.313958411693243844e-02
1.311035727900581833e+03	2.332045767623981136e-01	1.488123978257979152e-01	2.619628299691060813e-01	1.632130394347432178e-01	7.699122003465801167e-02	3.251506677586622068e-02	8.330086919720232352e-02
1.315873498114237009e+03	2.326244599068114927e-01	1.484198017931466773e-01	2.623339685268241683e-01	1.634740509079285475e-01	7.710024256724855307e-02	3.258628684062708086e-02	8.346118945718533633e-02
1.320711268327892412e+03	2.320477675994425948e-01	1.480293495616749333e-01	2.627028927230539712e-01	1.637335508273458640e-01	7.720868648999429373e-02	3.265720197105888983e-02	8.362055082720132315e-02
1.325549038541547588e+03	2.314744788590316071e-01	1.476410300292067823e-01	2.630696170935486466e-01	1.639915475637943043e-01	7.731655458243170964e-02	3.272781266476328804e-02	8.377895920699551802e-02
1.330386808755202765e+03	2.309045728430610955e-01	1.472548321427643581e-01	2.634341560556200390e-01	1.642480494454223727e-01	7.742384961459623793e-02	3.279811943278401060e-02	8.393642046552370062e-02
1.335224578968857941e+03	2.303380288466976566e-01	1.468707448984693242e-01	2.637965239096268233e-01	1.645030647579321104e-01	7.753057434698785999e-02	3.286812279930106939e-02	8.409294044075692198e-02
1.340062349182513572e+03	2.297748263017440062e-01	1.464887573414420663e-01	2.641567348404308957e-01	1.647566017447810449e-01	7.763673153053841924e-02	3.293782330133043779e-02	8.424852493950489574e-02
1.344900119396168748e+03	2.292149447756011149e-01	1.461088585656996341e-01	2.645148029188220673e-01	1.650086686073819198e-01	7.774232390658074310e-02	3.300722148842903658e-02	8.440317973725730560e-02
1.349737889609823924e+03	2.286583639702402526e-01	1.457310377140517699e-01	2.648707421029126707e-01	1.652592735053004802e-01	7.784735420681959672e-02	3.307631792240491031e-02	8.455691057804215482e-02
1.354575659823479100e+03	2.281050637211849974e-01	1.453552839779951311e-01	2.652245662395031900e-01	1.655084245564512335e-01	7.795182515330417727e-02	3.314511317703258686e-02	8.470972317430054688e-02
1.359413430037134731e+03	2.275550239965028476e-01	1.449815865976060436e-01	2.655762890654189134e-01	1.657561298372914049e-01	7.805573945840232897e-02	3.321360783777340536e-02	8.486162320677700932e-02
1.364251200250789907e+03	2.270082248958065763e-01	1.446099348614315050e-01	2.659259242088192754e-01	1.660023973830128396e-01	7.815909982477628470e-02	3.328180250150079844e-02	8.501261632442469462e-02
1.369088970464445310e+03	2.264646466492648003e-01	1.442403181063786899e-01	2.662734851904806632e-01	1.662472351877325172e-01	7.826190894536001752e-02	3.334969777623039006e-02	8.516270814432486125e-02
1.373926740678100487e+03	2.259242696166221531e-01	1.438727257176030117e-01	2.666189854250528568e-01	1.664906512046810949e-01	7.836416950333806308e-02	3.341729428085485343e-02	8.531190425161995494e-02
1.378764510891755890e+03	2.253870742862282839e-01	1.435071471283944355e-01	2.669624382222905434e-01	1.667326533463899252e-01	7.846588417212572997e-02	3.348459264488340414e-02	8.546021019945959640e-02
1.383602281105411066e+03	2.248530412740763762e-01	1.431435718200625984e-01	2.673038567882605188e-01	1.669732494848766291e-01	7.856705561535086424e-02	3.355159350818585212e-02	8.560763150895900342e-02
1.388440051319066470e+03	2.243221513228504382e-01	1.427819893218204295e-01	2.676432542265247960e-01	1.672124474518290327e-01	7.866768648683683529e-02	3.361829752074114996e-02	8.575417366916916750e-02
1.393277821532721646e+03	2.237943853009812523e-01	1.424223892106661893e-01	2.679806435393010111e-01	1.674502550387877153e-01	7.876777943058695108e-02	3.368470534239033365e-02	8.589984213705838256e-02
1.398115591746377049e+03	2.232697242017113171e-01	1.420647611112645092e-01	2.683160376286004012e-01	1.676866799973272260e-01	7.886733708077017790e-02	3.375081764259378614e-02	8.604464233750432067e-02
1.402953361960032225e+03	2.227481491421683113e-01	1.417090946958258213e-01	2.686494492973442449e-01	1.679217300392360501e-01	7.896636206170805361e-02	3.381663510019270596e-02	8.618857966329655784e-02
1.407791132173687402e+03	2.222296413624472167e-01	1.413553796839846222e-01	2.689808912504585425e-01	1.681554128366949952e-01	7.906485698786289151e-02	3.388215840317475303e-02	8.633165947514866156e-02
1.412628902387342805e+03	2.217141822247004623e-01	1.410036058426765160e-01	2.693103760959493775e-01	1.683877360224546871e-01	7.916282446382719162e-02	3.394738824844379527e-02	8.647388710171963200e-02
1.417466672600997981e+03	2.212017532122368679e-01	1.406537629860139527e-01	2.696379163459572958e-01	1.686187071900117074e-01	7.926026708431410661e-02	3.401232534159360360e-02	8.661526783964412779e-02
1.422304442814653157e+03	2.206923359286284414e-01	1.403058409751608560e-01	2.699635244177929216e-01	1.688483338937835920e-01	7.935718743414915677e-02	3.407697039668557831e-02	8.675580695357115735e-02
1.427142213028308333e+03	2.201859120968253092e-01	1.399598297182060580e-01	2.702872126349536441e-01	1.690766236492827479e-01	7.945358808826301356e-02	3.414132413603024330e-02	8.689550967621074984e-02
1.431979983241963964e+03	2.196824635582788343e-01	1.396157191700355404e-01	2.706089932281219301e-01	1.693035839332894532e-01	7.954947161168526848e-02	3.420538728997257749e-02	8.703438120838814795e-02
1.436817753455619140e+03	2.191819722720724228e-01	1.392734993322038428e-01	2.709288783361463171e-01	1.695292221840234703e-01	7.964484055953938157e-02	3.426916059668110026e-02	8.717242671910524487e-02
1.441655523669274316e+03	2.186844203140602960e-01	1.389331602528040832e-01	2.712468800070042541e-01	1.697535458013150755e-01	7.973969747703853195e-02	3.433264480194055807e-02	8.730965134560894625e-02
1.446493293882929493e+03	2.181897898760137844e-01	1.385946920263371462e-01	2.715630101987493439e-01	1.699765621467748400e-01	7.983404489948246752e-02	3.439584065894826792e-02	8.744606019346597148e-02
1.451331064096585123e+03	2.176980632647753933e-01	1.382580847935798718e-01	2.718772807804408220e-01	1.701982785439626611e-01	7.992788535225532620e-02	3.445874892811393725e-02	8.758165833664383060e-02
1.456168834310240300e+03	2.172092229014204179e-01	1.379233287414520503e-01	2.721897035330584358e-01	1.704187022785557670e-01	8.002122135082445631e-02	3.452137037686300175e-02	8.771645081759767149e-02
1.461006604523895703e+03	2.167232513204258026e-01	1.375904141028828076e-01	2.725002901504011144e-01	1.706378405985159996e-01	8.011405540074001408e-02	3.458370577944335639e-02	8.785044264736267816e-02
1.465844374737550879e+03	2.162401311688465777e-01	1.372593311566757956e-01	2.728090522399707618e-01	1.708557007142560702e-01	8.020638999763549104e-02	3.464575591673543786e-02	8.798363880565167328e-02
1.470682144951206283e+03	2.157598452054993454e-01	1.369300702273736625e-01	2.731160013238412287e-01	1.710722897988051217e-01	8.029822762722912954e-02	3.470752157606557531e-02	8.811604424095774435e-02
1.475519915164861459e+03	2.152823763001531499e-01	1.366026216851215502e-01	2.734211488395131839e-01	1.712876149879735965e-01	8.038957076532619872e-02	3.476900355102263002e-02	8.824766387066156070e-02
1.480357685378516862e+03	2.148077074327272296e-01	1.362769759455298157e-01	2.737245061407548863e-01	1.715016833805171059e-01	8.048042187782199208e-02	3.483020264127776461e-02	8.837850258114308966e-02
1.485195455592172038e+03	2.143358216924959869e-01	1.359531234695359192e-01	2.740260844984297450e-01	1.717145020382997433e-01	8.057078342070565780e-02	3.489111965240734858e-02	8.850856522789753156e-02
1.490033225805827215e+03	2.138667022773007298e-01	1.356310547632654795e-01	2.743258951013102243e-01	1.719260779864565380e-01	8.066065784006480610e-02	3.495175539571896556e-02	8.863785663565519612e-02
1.494870996019482618e+03	2.134003324927683243e-01	1.353107603778926915e-01	2.746239490568790909e-01	1.721364182135554088e-01	8.075004757209086614e-02	3.501211068808041116e-02	8.876638159850511189e-02
1.499708766233137567e+03	2.129366957515366754e-01	1.349922309094999384e-01	2.749202573921181725e-01	1.723455296717581464e-01	8.083895504308517832e-02	3.507218635175165383e-02	8.889414488002214676e-02
1.504546536446793198e+03	2.124757755724868136e-01	1.346754569989366268e-01	2.752148310542846810e-01	1.725534192769809794e-01	8.092738266946575276e-02	3.513198321421973080e-02	8.902115121339738979e-02
1.509384306660448374e+03	2.120175555799815592e-01	1.343604293316772724e-01	2.755076809116757675e-01	1.727600939090544463e-01	8.101533285777474946e-02	3.519150210803651674e-02	8.914740530157165554e-02
1.514222076874103550e+03	2.115620195031109319e-01	1.340471386376794194e-01	2.757988177543813646e-01	1.729655604118824352e-01	8.110280800468663842e-02	3.525074387065926795e-02	8.927291181737187498e-02
