5.611813447840129356e+02	3.828396345127403899e-01	2.438213302936055316e-01	1.621293811182707156e-01	9.773011048686473801e-02	5.112032828183431243e-02	1.815426438893868316e-02	4.420495091751395350e-02
5.660191149976681118e+02	3.813328319802009037e-01	2.429391327535131428e-01	1.632348359767861190e-01	9.836787408569083735e-02	5.135462701526126439e-02	1.825467320673781688e-02	4.451602498157818111e-02
5.708568852113234016e+02	3.798359290282283807e-01	2.420611151886759571e-01	1.643289389171916637e-01	9.900178344588983492e-02	5.158802334578384968e-02	1.835542283483831277e-02	4.482878723916033231e-02
5.756946554249786914e+02	3.783488449606161041e-01	2.411872660578631145e-01	1.654119250071988678e-01	9.963187362345411746e-02	5.182051234656163269e-02	1.845649402482642254e-02	4.514308397924805122e-02
5.805324256386339812e+02	3.768715001075032545e-01	2.403175737002837542e-01	1.664840217918613086e-01	1.002581788611737329e-01	5.205208942754867979e-02	1.855786807623240053e-02	4.545876803516516601e-02
5.853701958522892710e+02	3.754038158029806005e-01	2.394520263393063175e-01	1.675454495682215939e-01	1.008807326185544584e-01	5.228275032267173245e-02	1.865952681954594072e-02	4.577569852848772936e-02
5.902079660659445608e+02	3.739457143633835301e-01	2.385906120860984414e-01	1.685964216495973444e-01	1.014995676005717995e-01	5.251249107748739986e-02	1.876145259982044122e-02	4.609374062280937462e-02
5.950457362795999643e+02	3.724971190662493825e-01	2.377333189431889149e-01	1.696371446199007316e-01	1.021147157853058429e-01	5.274130803730025380e-02	1.886362826084449912e-02	4.641276528697872716e-02
5.998835064932552541e+02	3.710579541299137141e-01	2.368801348079536129e-01	1.706678185783699897e-01	1.027262084505004835e-01	5.296919783572442281e-02	1.896603712985972176e-02	4.673264906744636904e-02
6.047212767069104302e+02	3.696281446937247361e-01	2.360310474760274613e-01	1.716886373750786954e-01	1.033340761990883400e-01	5.319615738367185903e-02	1.906866300280483234e-02	4.705327386937231682e-02
6.095590469205657200e+02	3.682076167988534432e-01	2.351860446446435438e-01	1.726997888375730872e-01	1.039383489837216040e-01	5.342218385875127651e-02	1.917149013006673799e-02	4.737452674615864889e-02
6.143968171342210098e+02	3.667962973696776152e-01	2.343451139159016816e-01	1.737014549889752957e-01	1.045390561303470717e-01	5.364727469506212071e-02	1.927450320272000583e-02	4.769629969708451961e-02
6.192345873478761860e+02	3.653941141957223748e-01	2.335082427999678745e-01	1.746938122578766683e-01	1.051362263608625475e-01	5.387142757336872700e-02	1.937768733923684109e-02	4.801848947273335694e-02
6.240723575615315895e+02	3.640009959141342066e-01	2.326754187182055733e-01	1.756770316803341336e-01	1.057298878148900806e-01	5.409464041164033232e-02	1.948102807265037276e-02	4.834099738791367007e-02
6.289101277751868793e+02	3.626168719926732842e-01	2.318466290062415058e-01	1.766512790942691424e-01	1.063200680707002549e-01	5.431691135594305525e-02	1.958451133815468023e-02	4.866372914178644649e-02
6.337478979888421691e+02	3.612416727132034544e-01	2.310218609169664428e-01	1.776167153265586218e-01	1.069067941653204512e-01	5.453823877167063294e-02	1.968812346112560827e-02	4.898659464492311627e-02
6.385856682024975726e+02	3.598753291556643918e-01	2.302011016234730700e-01	1.785734963730955249e-01	1.074900926138586399e-01	5.475862123510113338e-02	1.979185114554707706e-02	4.930950785302853911e-02
6.434234384161527487e+02	3.585177731825079928e-01	2.293843382219317717e-01	1.795217735720864016e-01	1.080699894280732487e-01	5.497805752526729872e-02	1.989568146282806940e-02	4.963238660707362110e-02
6.482612086298080385e+02	3.571689374235840764e-01	2.285715577344064053e-01	1.804616937708428126e-01	1.086465101342180967e-01	5.519654661612877905e-02	1.999960184099611182e-02	4.995515247959207705e-02
6.530989788434633283e+02	3.558287552614592397e-01	2.277627471116108748e-01	1.813933994863140831e-01	1.092196797901908434e-01	5.541408766903480748e-02	2.010360005425355923e-02	5.027773062690502059e-02
6.579367490571185044e+02	3.544971608171536004e-01	2.269578932356077772e-01	1.823170290595990672e-01	1.097895230020116686e-01	5.563068002546643631e-02	2.020766421288357206e-02	5.060004964704630653e-02
6.627745192707737942e+02	3.531740889362825486e-01	2.261569829224508721e-01	1.832327168046657684e-01	1.103560639396583831e-01	5.584632320004777328e-02	2.031178275349303577e-02	5.092204144317010600e-02
6.676122894844290840e+02	3.518594751755878547e-01	2.253600029247719849e-01	1.841405931514987215e-01	1.109193263522828821e-01	5.606101687381609411e-02	2.041594442958027250e-02	5.124364109223063235e-02
6.724500596980843738e+02	3.505532557898465851e-01	2.245669399343141748e-01	1.850407847838858033e-01	1.114793335828329901e-01	5.627476088774113067e-02	2.052013830241582529e-02	5.156478671873186009e-02
6.772878299117396637e+02	3.492553677191433947e-01	2.237777805844117784e-01	1.859334147720483055e-01	1.120361085821027780e-01	5.648755523648409105e-02	2.062435373222496968e-02	5.188541937335302417e-02
6.821256001253949535e+02	3.479657485764950930e-01	2.229925114524187180e-01	1.868186027003094773e-01	1.125896739222335963e-01	5.669940006238748109e-02	2.072858036966111761e-02	5.220548291626283394e-02
6.869633703390502433e+02	3.466843366358150491e-01	2.222111190620862098e-01	1.876964647899905247e-01	1.131400518096871699e-01	5.691029564968699134e-02	2.083280814755961857e-02	5.252492390494274688e-02
6.918011405527055331e+02	3.454110708202058344e-01	2.214335898858910412e-01	1.885671140177148097e-01	1.136872640977113352e-01	5.712024241893713661e-02	2.093702727296189309e-02	5.284369148634634333e-02
6.966389107663608229e+02	3.441458906905692783e-01	2.206599103473150247e-01	1.894306602292945840e-01	1.142313322983181112e-01	5.732924092164264768e-02	2.104122821940019455e-02	5.316173729322856006e-02
7.014766809800161127e+02	3.428887364345237776e-01	2.198900668230772126e-01	1.902872102493679551e-01	1.147722775937930900e-01	5.753729183508779488e-02	2.114540171943367006e-02	5.347901534448488980e-02
7.063144511936714025e+02	3.416395488556174254e-01	2.191240456453195928e-01	1.911368679869472065e-01	1.153101208477544520e-01	5.774439595735636477e-02	2.124953875742668918e-02	5.379548194934666294e-02
7.111522214073266923e+02	3.403982693628280765e-01	2.183618331037471549e-01	1.919797345370335695e-01	1.158448826157791323e-01	5.795055420253500400e-02	2.135363056256085745e-02	5.411109561528464756e-02
7.159899916209819821e+02	3.391648399603405251e-01	2.176034154477234361e-01	1.928159082784476064e-01	1.163765831556129865e-01	5.815576759609310947e-02	2.145766860207231480e-02	5.442581695947854015e-02
7.208277618346371582e+02	3.379392032375914678e-01	2.168487788883225187e-01	1.936454849680186163e-01	1.169052424369812077e-01	5.836003727043274220e-02	2.156164457470632206e-02	5.473960862371567843e-02
7.256655320482924481e+02	3.367213023595737598e-01	2.160979096003381172e-01	1.944685578312712881e-01	1.174308801510146050e-01	5.856336446060200068e-02	2.166555040438143329e-02	5.505243519258733870e-02
7.305033022619478515e+02	3.355110810573911917e-01	2.153507937242509496e-01	1.952852176497419379e-01	1.179535157193067063e-01	5.876575050016591417e-02	2.176937823405577371e-02	5.536426311485606599e-02
7.353410724756030277e+02	3.343084836190553522e-01	2.146074173681550568e-01	1.960955528450524787e-01	1.184731683026161303e-01	5.896719681722888823e-02	2.187312041978830418e-02	5.567506062787240528e-02
7.401788426892584312e+02	3.331134548805170237e-01	2.138677666096439056e-01	1.968996495598645258e-01	1.189898568092280784e-01	5.916770493060301284e-02	2.197676952498813646e-02	5.598479768492387043e-02
7.450166129029136073e+02	3.319259402169247863e-01	2.131318274976572724e-01	1.976975917358323176e-01	1.195035999029882418e-01	5.936727644611686922e-02	2.208031831484532845e-02	5.629344588540376171e-02
7.498543831165690108e+02	3.307458855341022796e-01	2.123995860542894354e-01	1.984894611886672544e-01	1.200144160110220432e-01	5.956591305305947159e-02	2.218375975093667130e-02	5.660097840769139077e-02
7.546921533302243006e+02	3.295732372602385718e-01	2.116710282765597306e-01	1.992753376804243248e-01	1.205223233311513570e-01	5.976361652075441039e-02	2.228708698600041088e-02	5.690736994463974074e-02
7.595299235438793630e+02	3.284079423377834206e-01	2.109461401381460266e-01	2.000552989891148103e-01	1.210273398390206978e-01	5.996038869525924242e-02	2.239029335887390837e-02	5.721259664157037766e-02
7.643676937575347665e+02	3.272499482155419304e-01	2.102249075910818943e-01	2.008294209757469362e-01	1.215294832949442294e-01	6.015623149618554155e-02	2.249337238958857427e-02	5.751663603667930141e-02
7.692054639711900563e+02	3.260992028409614996e-01	2.095073165674183613e-01	2.015977776488912798e-01	1.220287712504845162e-01	6.035114691363507866e-02	2.259631777461653529e-02	5.781946700376118520e-02
7.740432341848452324e+02	3.249556546526049527e-01	2.087933529808506938e-01	2.023604412268648622e-01	1.225252210547734255e-01	6.054513700524774555e-02	2.269912338226379167e-02	5.812106969716288735e-02
7.788810043985006359e+02	3.238192525728049165e-01	2.080830027283112615e-01	2.031174821976240441e-01	1.230188498605855885e-01	6.073820389335719827e-02	2.280178324820473362e-02	5.842142549888059561e-02
7.837187746121558121e+02	3.226899460004921116e-01	2.073762516915285958e-01	2.038689693764523525e-01	1.235096746301738296e-01	6.093034976225009808e-02	2.290429157115311115e-02	5.872051696771823925e-02
7.885565448258112156e+02	3.215676848041937874e-01	2.066730857385538911e-01	2.046149699615268935e-01	1.239977121408760569e-01	6.112157685552509906e-02	2.300664270866474570e-02	5.901832779042794075e-02
7.933943150394665054e+02	3.204524193151951361e-01	2.059734907252554481e-01	2.053555495874433978e-01	1.244829789905027018e-01	6.131188747354799490e-02	2.310883117306739357e-02	5.931484273475630398e-02
7.982320852531219089e+02	3.193441003208610796e-01	2.052774524967811431e-01	2.060907723767770594e-01	1.249654916025130375e-01	6.150128397099933336e-02	2.321085162751342773e-02	5.961004760432329214e-02
8.030698554667769713e+02	3.182426790581103782e-01	2.045849568889905878e-01	2.068207009897530257e-01	1.254452662309890054e-01	6.168976875451107761e-02	2.331269888215104641e-02	5.990392919526320997e-02
8.079076256804323748e+02	3.171481072070402307e-01	2.038959897298563972e-01	2.075453966720982590e-01	1.259223189654143926e-01	6.187734428038910856e-02	2.341436789040999417e-02	6.019647525456001125e-02
8.127453958940876646e+02	3.160603368846945926e-01	2.032105368408361479e-01	2.082649193011429090e-01	1.263966657352668943e-01	6.206401305241826538e-02	2.351585374539782655e-02	6.048767444001180993e-02
8.175831661077428407e+02	3.149793206389732703e-01	2.025285840382149705e-01	2.089793274302376713e-01	1.268683223144306815e-01	6.224977761974698209e-02	2.361715167640300941e-02	6.077751628176186055e-02
8.224209363213982442e+02	3.139050114426766291e-01	2.018501171344196654e-01	2.096886783315502767e-01	1.273373043254365233e-01	6.243464057484846008e-02	2.371825704550111977e-02	6.106599114533573652e-02
8.272587065350534203e+02	3.128373626876821412e-01	2.011751219393047574e-01	2.103930280373023931e-01	1.278036272435359999e-01	6.261860455155568439e-02	2.381916534426071347e-02	6.135309019612677356e-02
8.320964767487085965e+02	3.117763281792485519e-01	2.005035842614109887e-01	2.110924313795053686e-01	1.282673064006167596e-01	6.280167222316740405e-02	2.391987219054546310e-02	6.163880536527401033e-02
8.369342469623640000e+02	3.107218621304442263e-01	1.998354899091969172e-01	2.117869420282517401e-01	1.287283569889647872e-01	6.298384630062257850e-02	2.402037332540929784e-02	6.192312931687898869e-02
8.417720171760191761e+02	3.096739191566959537e-01	1.991708246922440362e-01	2.124766125286167151e-01	1.291867940648798729e-01	6.316512953074068792e-02	2.412066461008140206e-02	6.220605541650989917e-02
8.466097873896745796e+02	3.086324542704536045e-01	1.985095744224359693e-01	2.131614943362216963e-01	1.296426325521501111e-01	6.334552469452560397e-02	2.422074202303810264e-02	6.248757770094347241e-02
8.514475576033297557e+02	3.075974228759689177e-01	1.978517249151121038e-01	2.138416378515104743e-01	1.300958872453910620e-01	6.352503460553043935e-02	2.432060165715866154e-02	6.276769084909686325e-02
8.562853278169851592e+02	3.065687807641836460e-01	1.971972619901964652e-01	2.145170924527862732e-01	1.305465728132547132e-01	6.370366210828143361e-02	2.442023971696221513e-02	6.304639015410384850e-02
8.611230980306403353e+02	3.055464841077243365e-01	1.965461714733017784e-01	2.151879065280563330e-01	1.309947038015136234e-01	6.388141007675841865e-02	2.451965251592313003e-02	6.332367149649095750e-02
8.659608682442956251e+02	3.045304894560009190e-01	1.958984391968098260e-01	2.158541275057288544e-01	1.314402946360252455e-01	6.405828141293007372e-02	2.461883647386219412e-02	6.359953131841143692e-02
8.707986384579510286e+02	3.035207537304056569e-01	1.952540510009279640e-01	2.165158018842051058e-01	1.318833596255809815e-01	6.423427904534165234e-02	2.471778811441109613e-02	6.387396659889610362e-02
8.756364086716062047e+02	3.025172342196097430e-01	1.946129927347224897e-01	2.171729752604083796e-01	1.323239129646447687e-01	6.440940592775361295e-02	2.481650406254782421e-02	6.414697483008169332e-02
8.804741788852616082e+02	3.015198885749548197e-01	1.939752502571295834e-01	2.178256923572899628e-01	1.327619687359853640e-01	6.458366503782880796e-02	2.491498104220056520e-02	6.441855399437941554e-02
8.853119490989170117e+02	3.005286748059363688e-01	1.933408094379436559e-01	2.184739970503495887e-01	1.331975409132068466e-01	6.475705937586705152e-02	2.501321587391795026e-02	6.468870254254703578e-02
8.901497193125721878e+02	2.995435512757771424e-01	1.927096561587838819e-01	2.191179323932082867e-01	1.336306433631812285e-01	6.492959196358480400e-02	2.511120547260341229e-02	6.495741937262981824e-02
8.949874895262273640e+02	2.985644766970868558e-01	1.920817763140394707e-01	2.197575406422683786e-01	1.340612898483869719e-01	6.510126584293865482e-02	2.520894684531156671e-02	6.522470380973667547e-02
8.998252597398827675e+02	2.975914101276072588e-01	1.914571558117935668e-01	2.203928632804953436e-01	1.344894940291575525e-01	6.527208407499082710e-02	2.530643708910465528e-02	6.549055558661937004e-02
9.046630299535379436e+02	2.966243109660386401e-01	1.908357805747267766e-01	2.210239410403539162e-01	1.349152694658431462e-01	6.544204973881530274e-02	2.540367338896704075e-02	6.575497482502369595e-02
9.095008001671932334e+02	2.956631389479468797e-01	1.902176365410002123e-01	2.216508139259303900e-01	1.353386296208894390e-01	6.561116593044297174e-02	2.550065301577590302e-02	6.601796201778271922e-02
9.143385703808486369e+02	2.947078541417476050e-01	1.896027096651186628e-01	2.222735212342712985e-01	1.357595878608365558e-01	6.577943576184452912e-02	2.559737332432635015e-02	6.627951801162353107e-02
9.191763405945038130e+02	2.937584169447665650e-01	1.889909859187742236e-01	2.228921015759678381e-01	1.361781574582412446e-01	6.594686235994955126e-02	2.569383175140916437e-02	6.653964399065992463e-02
9.240141108081592165e+02	2.928147880793731117e-01	1.883824512916708327e-01	2.235065928950142888e-01	1.365943515935259256e-01	6.611344886570064139e-02	2.579002581393953844e-02	6.679834146054426658e-02
9.288518810218145063e+02	2.918769285891851806e-01	1.877770917923296812e-01	2.241170324879673548e-01	1.370081833567566854e-01	6.627919843314127035e-02	2.588595310713514425e-02	6.705561223325330611e-02
9.336896512354697961e+02	2.909447998353443254e-01	1.871748934488765836e-01	2.247234570224323214e-01	1.374196657493540752e-01	6.644411422853607752e-02	2.598161130274199981e-02	6.731145841248319106e-02
9.385274214491247449e+02	2.900183634928581444e-01	1.865758423098108909e-01	2.253259025549016470e-01	1.378288116857384338e-01	6.660819942952249384e-02	2.607699814730660842e-02	6.756588237963029320e-02
9.433651916627801484e+02	2.890975815470087640e-01	1.859799244447565281e-01	2.259244045479695262e-01	1.382356339949132318e-01	6.677145722429261854e-02	2.617211146049291254e-02	6.781888678033488882e-02
9.482029618764355519e+02	2.881824162898254382e-01	1.853871259451959630e-01	2.265189978869458221e-01	1.386401454219883811e-01	6.693389081080410030e-02	2.626694913344269564e-02	6.807047451156612861e-02
9.530407320900908417e+02	2.872728303166199870e-01	1.847974329251863834e-01	2.271097168958917945e-01	1.390423586296460345e-01	6.709550339601909330e-02	2.636150912717799902e-02	6.832064870922725797e-02
9.578785023037459041e+02	2.863687865225827411e-01	1.842108315220596371e-01	2.276965953530992459e-01	1.394422861995514851e-01	6.725629819517033037e-02	2.645578947104434628e-02	6.856941273626072919e-02
9.627162725174014213e+02	2.854702480994384950e-01	1.836273078971051853e-01	2.282796665060331243e-01	1.398399406337110518e-01	6.741627843105316154e-02	2.654978826119341537e-02	6.881677017123412343e-02
9.675540427310568248e+02	2.845771785321593028e-01	1.830468482362370697e-01	2.288589630857580937e-01	1.402353343557793119e-01	6.757544733334280851e-02	2.664350365910403071e-02	6.906272479738795322e-02
9.723918129447120009e+02	2.836895415957343403e-01	1.824694387506448634e-01	2.294345173208682254e-01	1.406284797123175667e-01	6.773380813793582200e-02	2.673693389014022981e-02	6.930728059212752645e-02
9.772295831583674044e+02	2.828073013519947221e-01	1.818950656774287467e-01	2.300063609509374607e-01	1.410193889740057049e-01	6.789136408631489539e-02	2.683007724214531847e-02	6.955044171694166333e-02
9.820673533720223531e+02	2.819304221464913884e-01	1.813237152802196772e-01	2.305745252395094980e-01	1.414080743368093529e-01	6.804811842493627139e-02	2.692293206407078004e-02	6.979221250773155749e-02
9.869051235856777566e+02	2.810588686054255048e-01	1.807553738497839346e-01	2.311390409866435347e-01	1.417945479231038086e-01	6.820407440463878423e-02	2.701549676463902913e-02	7.003259746553391896e-02
9.917428937993331601e+02	2.801926056326295433e-01	1.801900277046133980e-01	2.316999385410325185e-01	1.421788217827570366e-01	6.835923528007396832e-02	2.710776981103894812e-02	7.027160124762310556e-02
9.965806640129884499e+02	2.793315984065983804e-01	1.796276631915006972e-01	2.322572478117095884e-01	1.425609078941729446e-01	6.851360430915628963e-02	2.719974972765323851e-02	7.050922865897733816e-02
1.001418434226643626e+03	2.784758123775685212e-01	1.790682666861005690e-01	2.328109982793579447e-01	1.429408181652969123e-01	6.866718475253291709e-02	2.729143509481665036e-02	7.074548464409499693e-02
1.006256204440298802e+03	2.776252132646446213e-01	1.785118245934768366e-01	2.333612190072385240e-01	1.433185644345848497e-01	6.881997987307231224e-02	2.738282454760415999e-02	7.098037427914719033e-02
1.011093974653954206e+03	2.767797670529721921e-01	1.779583233486358718e-01	2.339079386517501358e-01	1.436941584719373943e-01	6.897199293537094322e-02	2.747391677464816606e-02	7.121390276445370426e-02
1.015931744867609382e+03	2.759394399909554374e-01	1.774077494170464286e-01	2.344511854726348266e-01	1.440676119796008292e-01	6.912322720527742936e-02	2.756471051698396527e-02	7.144607541726948063e-02
1.020769515081264785e+03	2.751041985875187779e-01	1.768600892951461279e-01	2.349909873428419060e-01	1.444389365930357494e-01	6.927368594943369984e-02	2.765520456692253243e-02	7.167689766486967651e-02
1.025607285294920075e+03	2.742740096094113400e-01	1.763153295108350060e-01	2.355273717580632642e-01	1.448081438817550304e-01	6.942337243483234777e-02	2.774539776694993215e-02	7.190637503792156326e-02
1.030445055508575479e+03	2.734488400785536899e-01	1.757734566239562424e-01	2.360603658459517473e-01	1.451752453501325701e-01	6.957228992838968007e-02	2.783528900865249803e-02	7.213451316413214964e-02
1.035282825722230655e+03	2.726286572694249233e-01	1.752344572267643397e-01	2.365899963750342228e-01	1.455402524381833873e-01	6.972044169653401902e-02	2.792487723166711330e-02	7.236131776216057909e-02
1.040120595935886058e+03	2.718134287064903343e-01	1.746983179443808987e-01	2.371162897633307953e-01	1.459031765223170463e-01	6.986783100480854769e-02	2.801416142265579848e-02	7.258679463578515678e-02
1.044958366149541234e+03	2.710031221616678310e-01	1.741650254352382909e-01	2.376392720866904174e-01	1.462640289160647977e-01	7.001446111748836632e-02	2.810314061430396054e-02	7.281094966831488935e-02
1.049796136363196410e+03	2.701977056518324316e-01	1.736345663915115078e-01	2.381589690868538833e-01	1.466228208707820169e-01	7.016033529721102391e-02	2.819181388434162730e-02	7.303378881723597560e-02
1.054633906576851814e+03	2.693971474363584528e-01	1.731069275395382967e-01	2.386754061792532855e-01	1.469795635763268271e-01	7.030545680462041425e-02	2.828018035458696941e-02	7.325531810908419983e-02
1.059471676790506763e+03	2.686014160146977803e-01	1.725820956402276674e-01	2.391886084605585050e-01	1.473342681617157701e-01	7.044982889802317572e-02	2.836823919001156546e-02	7.347554363453399906e-02
1.064309447004162394e+03	2.678104801239941102e-01	1.720600574894574630e-01	2.396986007159790655e-01	1.476869456957575488e-01	7.059345483305744240e-02	2.845598959782671272e-02	7.369447154369618280e-02
1.069147217217817570e+03	2.670243087367319967e-01	1.715407999184604682e-01	2.402054074263307304e-01	1.480376071876659538e-01	7.073633786237341903e-02	2.854343082659024922e-02	7.391210804161570114e-02
1.073984987431472746e+03	2.662428710584200386e-01	1.710243097942000801e-01	2.407090527748753372e-01	1.483862635876525837e-01	7.087848123532533573e-02	2.863056216533332865e-02	7.412845938396185608e-02
1.078822757645127922e+03	2.654661365253073169e-01	1.705105740197349062e-01	2.412095606539417791e-01	1.487329257875002475e-01	7.101988819767447725e-02	2.871738294270654440e-02	7.434353187290324017e-02
1.083660527858783553e+03	2.646940748021328615e-01	1.699995795345733141e-01	2.417069546713364325e-01	1.490776046211180761e-01	7.116056199130281479e-02	2.880389252614493772e-02	7.455733185316017197e-02
1.088498298072438729e+03	2.639266557799064272e-01	1.694913133150173223e-01	2.422012581565502476e-01	1.494203108650787315e-01	7.130050585393700457e-02	2.889009032105131422e-02	7.476986570822762024e-02
1.093336068286093905e+03	2.631638495737214090e-01	1.689857623744966120e-01	2.426924941667701618e-01	1.497610552391389072e-01	7.143972301888215637e-02	2.897597576999742450e-02	7.498113985676199689e-02
1.098173838499749309e+03	2.624056265205976790e-01	1.684829137638926000e-01	2.431806854927017758e-01	1.500998484067435634e-01	7.157821671476535808e-02	2.906154835194248859e-02	7.519116074912515768e-02
1.103011608713404712e+03	2.616519571773548436e-01	1.679827545718527715e-01	2.436658546642099243e-01	1.504367009755144813e-01	7.171599016528835968e-02	2.914680758146863740e-02	7.539993486407957357e-02
1.107849378927059888e+03	2.609028123185146986e-01	1.674852719250953526e-01	2.441480239557837495e-01	1.507716234977241332e-01	7.185304658898925001e-02	2.923175300803275770e-02	7.560746870562859434e-02
1.112687149140715292e+03	2.601581629342323843e-01	1.669904529887048239e-01	2.446272153918328529e-01	1.511046264707551767e-01	7.198938919901272382e-02	2.931638421523440063e-02	7.581376879999610074e-02
1.117524919354370468e+03	2.594179802282559066e-01	1.664982849664181919e-01	2.451034507518200511e-01	1.514357203375463756e-01	7.212502120288877272e-02	2.940070082009923341e-02	7.601884169273996628e-02
1.122362689568025871e+03	2.586822356159130254e-01	1.660087551009018503e-01	2.455767515752369234e-01	1.517649154870254757e-01	7.225994580231938358e-02	2.948470247237770098e-02	7.622269394599413828e-02
1.127200459781681047e+03	2.579509007221255645e-01	1.655218506740201434e-01	2.460471391664277030e-01	1.520922222545295355e-01	7.239416619297300848e-02	2.956838885385842941e-02	7.642533213583413421e-02
1.132038229995336451e+03	2.572239473794498688e-01	1.650375590070947696e-01	2.465146345992668131e-01	1.524176509222133213e-01	7.252768556428665359e-02	2.965175967769608997e-02	7.662676284976101260e-02
1.136876000208991627e+03	2.565013476261434056e-01	1.645558674611558858e-01	2.469792587216953772e-01	1.527412117194462404e-01	7.266050709927515672e-02	2.973481468775325542e-02	7.682699268429919737e-02
1.141713770422646803e+03	2.557830737042569025e-01	1.640767634371847195e-01	2.474410321601214768e-01	1.530629148231983094e-01	7.279263397434757032e-02	2.981755365795591556e-02	7.702602824270361748e-02
1.146551540636302207e+03	2.550690980577513534e-01	1.636002343763478528e-01	2.478999753236892367e-01	1.533827703584157154e-01	7.292406935913023358e-02	2.989997639166236051e-02	7.722387613277173490e-02
1.151389310849957155e+03	2.543593933306395050e-01	1.631262677602236533e-01	2.483561084084213444e-01	1.537007883983861345e-01	7.305481641629660294e-02	2.998208272104502248e-02	7.742054296475624209e-02
1.156227081063612786e+03	2.536539323651516020e-01	1.626548511110205153e-01	2.488094514012389735e-01	1.540169789650947252e-01	7.318487830140318895e-02	3.006387250648498086e-02	7.761603534937454307e-02
1.161064851277267962e+03	2.529526881999244470e-01	1.621859719917873310e-01	2.492600240838643844e-01	1.543313520295706009e-01	7.331425816273183516e-02	3.014534563597880829e-02	7.781035989591104929e-02
1.165902621490923138e+03	2.522556340682136633e-01	1.617196180066166333e-01	2.497078460366093933e-01	1.546439175122248655e-01	7.344295914113788126e-02	3.022650202455748336e-02	7.800352321040854298e-02
1.170740391704578315e+03	2.515627433961286075e-01	1.612557768008398562e-01	2.501529366420540135e-01	1.549546852831799326e-01	7.357098436990397450e-02	3.030734161371700236e-02	7.819553189394508330e-02
1.175578161918233945e+03	2.508739898008899294e-01	1.607944360612151846e-01	2.505953150886193748e-01	1.552636651625909914e-01	7.369833697459957089e-02	3.038786437086048522e-02	7.838639254099302733e-02
1.180415932131889122e+03	2.501893470891082272e-01	1.603355835161085485e-01	2.510350003740382530e-01	1.555708669209597272e-01	7.382502007294568236e-02	3.046807028875142195e-02	7.857611173785672420e-02
1.185253702345544298e+03	2.495087892550848507e-01	1.598792069356672618e-01	2.514720113087269837e-01	1.558763002794406327e-01	7.395103677468495285e-02	3.054795938497784774e-02	7.876469606118600975e-02
1.190091472559199701e+03	2.488322904791336332e-01	1.594252941319866390e-01	2.519063665190621748e-01	1.561799749101403789e-01	7.407639018145657783e-02	3.062753170142713810e-02	7.895215207656204603e-02
1.194929242772855105e+03	2.481598251259229948e-01	1.589738329592699229e-01	2.523380844505649923e-01	1.564819004364103316e-01	7.420108338667627534e-02	3.070678730377121579e-02	7.913848633715293845e-02
1.199767012986510281e+03	2.474913677428386416e-01	1.585248113139813564e-01	2.527671833709972393e-01	1.567820864331327113e-01	7.432511947542079500e-02	3.078572628096187119e-02	7.932370538243596614e-02
1.204604783200165684e+03	2.468268930583661924e-01	1.580782171349929266e-01	2.531936813733716152e-01	1.570805424270006745e-01	7.444850152431707613e-02	3.086434874473599835e-02	7.950781573698410820e-02
1.209442553413820860e+03	2.461663759804933460e-01	1.576340384037241416e-01	2.536175963788786514e-01	1.573772778967923169e-01	7.457123260143577737e-02	3.094265482913047954e-02	7.969082390931385429e-02
1.214280323627476264e+03	2.455097915951313103e-01	1.571922631442761453e-01	2.540389461397341564e-01	1.576723022736392921e-01	7.469331576618903901e-02	3.102064469000655189e-02	7.987273639079209286e-02
1.219118093841131440e+03	2.448571151645551613e-01	1.567528794235589773e-01	2.544577482419493886e-01	1.579656249412897950e-01	7.481475406923242255e-02	3.109831850458334365e-02	8.005355965459955148e-02
1.223955864054786844e+03	2.442083221258628811e-01	1.563158753514130861e-01	2.548740201080264001e-01	1.582572552363666618e-01	7.493555055237077767e-02	3.117567647098044847e-02	8.023330015474841592e-02
1.228793634268442020e+03	2.435633880894524927e-01	1.558812390807247095e-01	2.552877789995815494e-01	1.585472024486204723e-01	7.505570824846800881e-02	3.125271880776930161e-02	8.041196432515210213e-02
1.233631404482097196e+03	2.429222888375173472e-01	1.554489588075355366e-01	2.556990420198994585e-01	1.588354758211778239e-01	7.517523018136056112e-02	3.132944575353315692e-02	8.058955857874473827e-02
1.238469174695752372e+03	2.422850003225589521e-01	1.550190227711462920e-01	2.561078261164193015e-01	1.591220845507853865e-01	7.529411936577454223e-02	3.140585756643546333e-02	8.076608930664866404e-02
1.243306944909407548e+03	2.416514986659172026e-01	1.545914192542149623e-01	2.565141480831564236e-01	1.594070377880495160e-01	7.541237880724632747e-02	3.148195452379646403e-02	8.094156287738769884e-02
1.248144715123063179e+03	2.410217601563177381e-01	1.541661365828493890e-01	2.569180245630610093e-01	1.596903446376716218e-01	7.553001150204659286e-02	3.155773692167783417e-02	8.111598563614434709e-02
1.252982485336718355e+03	2.403957612484360074e-01	1.537431631266942544e-01	2.573194720503162447e-01	1.599720141586800370e-01	7.564702043710756774e-02	3.163320507447515972e-02	8.128936390405926138e-02
1.257820255550373531e+03	2.397734785614779041e-01	1.533224872990129606e-01	2.577185068925772482e-01	1.602520553646578083e-01	7.576340858995353478e-02	3.170835931451811834e-02	8.146170397757095116e-02
1.262658025764028707e+03	2.391548888777766113e-01	1.529040975567641236e-01	2.581151452931538803e-01	1.605304772239670441e-01	7.587917892863436931e-02	3.178319999167816129e-02	8.163301212779434934e-02
1.267495795977684338e+03	2.385399691414054335e-01	1.524879824006729334e-01	2.585094033131382640e-01	1.608072886599699047e-01	7.599433441166210390e-02	3.185772747298352275e-02	8.180329459993636310e-02
1.272333566191339514e+03	2.379286964568064766e-01	1.520741303752975171e-01	2.589012968734795139e-01	1.610824985512461782e-01	7.610887798795033798e-02	3.193194214224148036e-02	8.197255761274704899e-02
1.277171336404994690e+03	2.373210480874345940e-01	1.516625300690903622e-01	2.592908417570067847e-01	1.613561157318079420e-01	7.622281259675647846e-02	3.200584439966756151e-02	8.214080735800477484e-02
1.282009106618650094e+03	2.367170014544166534e-01	1.512531701144549101e-01	2.596780536104033588e-01	1.616281489913111713e-01	7.633614116762672819e-02	3.207943466152170936e-02	8.230805000003403593e-02
1.286846876832305497e+03	2.361165341352259306e-01	1.508460391877971540e-01	2.600629479461317728e-01	1.618986070752645168e-01	7.644886662034355851e-02	3.215271335975116579e-02	8.247429167525449634e-02
1.291684647045960673e+03	2.355196238623709637e-01	1.504411260095730174e-01	2.604455401443135365e-01	1.621674986852352784e-01	7.656099186487597130e-02	3.222568094163989760e-02	8.263953849175997846e-02
1.296522417259616077e+03	2.349262485220993124e-01	1.500384193443307645e-01	2.608258454545628879e-01	1.624348324790530484e-01	7.667251980133200917e-02	3.229833786946455232e-02	8.280379652892605469e-02
1.301360187473271253e+03	2.343363861531151671e-01	1.496379080007491369e-01	2.612038789977781938e-01	1.627006170710106336e-01	7.678345331991376366e-02	3.237068462015667281e-02	8.296707183704510324e-02
1.306197957686926657e+03	2.337500149453114462e-01	1.492395808316710759e-01	2.615796557678900514e-01	1.629648610320626745e-01	7.689379530087470105e-02	3.244272168497114306e-02	8.312937043698757911e-02
1.311035727900581833e+03	2.331671132385155221e-01	1.488434267341329498e-01	2.619531906335696436e-01	1.632275728900222100e-01	7.700354861447922250e-02	3.251444956916066387e-02	8.329069831988844541e-02
1.315873498114237009e+03	2.325876595212486020e-01	1.484494346493899219e-01	2.623244983398970720e-01	1.634887611297547727e-01	7.711271612096443073e-02	3.258586879165616124e-02	8.345106144685764116e-02
1.320711268327892412e+03	2.320116324294987376e-01	1.480575935629368234e-01	2.626935935099917740e-01	1.637484341933707344e-01	7.722130067050395064e-02	3.265697988475303043e-02	8.361046574871355830e-02
1.325549038541547588e+03	2.314390107455068790e-01	1.476678925045250834e-01	2.630604906466058046e-01	1.640066004804154876e-01	7.732930510317385930e-02	3.272778339380304907e-02	8.376891712573847348e-02
1.330386808755202765e+03	2.308697733965660581e-01	1.472803205481758027e-01	2.634252041336813122e-01	1.642632683480578504e-01	7.743673224892060059e-02	3.279827987691191077e-02	8.392642144745512955e-02
1.335224578968857941e+03	2.303038994538334217e-01	1.468948668121888568e-01	2.637877482378735428e-01	1.645184461112765839e-01	7.754358492753078702e-02	3.286846990464215718e-02	8.408298455242338432e-02
1.340062349182513572e+03	2.297413681311549771e-01	1.465115204591479481e-01	2.641481371100398157e-01	1.647721420430454387e-01	7.764986594860293079e-02	3.293835405972152935e-02	8.423861224805606618e-02
1.344900119396168748e+03	2.291821587839027174e-01	1.461302706959224096e-01	2.645063847866965800e-01	1.650243643745162581e-01	7.775557811152095100e-02	3.300793293675652329e-02	8.439331031045331499e-02
1.349737889609823924e+03	2.286262509078241523e-01	1.457511067736648736e-01	2.648625051914440531e-01	1.652751212952007220e-01	7.786072420542941575e-02	3.307720714195113570e-02	8.454708448425436729e-02
1.354575659823479100e+03	2.280736241379038853e-01	1.453740179878055816e-01	2.652165121363610489e-01	1.655244209531505362e-01	7.796530700921061596e-02	3.314617729283061281e-02	8.469994048250636953e-02
1.359413430037134731e+03	2.275242582472371544e-01	1.449989936780431976e-01	2.655684193233698864e-01	1.657722714551362886e-01	7.806932929146308264e-02	3.321484401797016733e-02	8.485188398654891495e-02
1.364251200250789907e+03	2.269781331459151674e-01	1.446260232283319291e-01	2.659182403455722099e-01	1.660186808668246972e-01	7.817279381048192199e-02	3.328320795672855270e-02	8.500292064591424834e-02
1.369088970464445310e+03	2.264352288799220403e-01	1.442550960668655957e-01	2.662659886885573313e-01	1.662636572129549128e-01	7.827570331424063554e-02	3.335126975898636270e-02	8.515305607824179279e-02
1.373926740678100487e+03	2.258955256300431980e-01	1.438862016660582277e-01	2.666116777316838715e-01	1.665072084775132411e-01	7.837806054037436965e-02	3.341903008488900789e-02	8.530229586920684559e-02
1.378764510891755890e+03	2.253590037107849053e-01	1.435193295425213345e-01	2.669553207493340352e-01	1.667493426039069193e-01	7.847986821616477482e-02	3.348648960459429252e-02	8.545064557246249970e-02
1.383602281105411066e+03	2.248256435693052335e-01	1.431544692570382027e-01	2.672969309121437376e-01	1.669900674951365627e-01	7.858112905852621122e-02	3.355364899802441847e-02	8.559811070959436052e-02
1.388440051319066470e+03	2.242954257843557397e-01	1.427916104145349474e-01	2.676365212882071964e-01	1.672293910139677486e-01	7.868184577399332802e-02	3.362050895462243699e-02	8.574469677008730861e-02
1.393277821532721646e+03	2.237683310652339164e-01	1.424307426640486207e-01	2.679741048442579876e-01	1.674673209831013254e-01	7.878202105871004446e-02	3.368707017311302343e-02	8.589040921130382256e-02
1.398115591746377049e+03	2.232443402507466867e-01	1.420718556986921566e-01	2.683096944468264522e-01	1.677038651853428042e-01	7.888165759841979374e-02	3.375333336126744299e-02	8.603525345847340411e-02
1.402953361960032225e+03	2.227234343081839762e-01	1.417149392556166509e-01	2.686433028633750664e-01	1.679390313637708909e-01	7.898075806845701596e-02	3.381929923567270763e-02	8.617923490469235615e-02
1.407791132173687402e+03	2.222055943323029692e-01	1.413599831159706999e-01	2.689749427634116064e-01	1.681728272219049358e-01	7.907932513373994166e-02	3.388496852150480604e-02	8.632235891093377467e-02
1.412628902387342805e+03	2.216908015443224134e-01	1.410069771048567122e-01	2.693046267195807197e-01	1.684052604238716333e-01	7.917736144876452720e-02	3.395034195230593049e-02	8.646463080606681118e-02
1.417466672600997981e+03	2.211790372909272495e-01	1.406559110912849464e-01	2.696323672087354018e-01	1.686363385945707782e-01	7.927486965759954207e-02	3.401542026976563105e-02	8.660605588688519152e-02
1.422304442814653157e+03	2.206702830432828166e-01	1.403067749881244664e-01	2.699581766129881544e-01	1.688660693198403284e-01	7.937185239388283575e-02	3.408020422350583473e-02	8.674663941814424184e-02
1.427142213028308333e+03	2.201645203960594654e-01	1.399595587520517104e-01	2.702820672207424946e-01	1.690944601466206065e-01	7.946831228081860377e-02	3.414469457086965337e-02	8.688638663260614403e-02
1.431979983241963964e+03	2.196617310664664147e-01	1.396142523834964511e-01	2.706040512277054222e-01	1.693215185831177250e-01	7.956425193117580563e-02	3.420889207671388293e-02	8.702530273109300440e-02
1.436817753455619140e+03	2.191618968932952660e-01	1.392708459265850907e-01	2.709241407378820132e-01	1.695472520989663168e-01	7.965967394728759587e-02	3.427279751320518736e-02	8.716339288254727757e-02
1.441655523669274316e+03	2.186649998359730951e-01	1.389293294690818192e-01	2.712423477645513614e-01	1.697716681253916560e-01	7.975458092105169872e-02	3.433641165961984210e-02	8.730066222409922638e-02
1.446493293882929493e+03	2.181710219736247569e-01	1.385896931423271361e-01	2.715586842312257554e-01	1.699947740553710285e-01	7.984897543393185138e-02	3.439973530214700953e-02	8.743711586114109868e-02
1.451331064096585123e+03	2.176799455041445452e-01	1.382519271211741507e-01	2.718731619725923698e-01	1.702165772437945201e-01	7.994286005696008002e-02	3.446276923369545608e-02	8.757275886740760462e-02
1.456168834310240300e+03	2.171917527432767614e-01	1.379160216239224690e-01	2.721857927354385809e-01	1.704370850076249999e-01	8.003623735074000267e-02	3.452551425370365551e-02	8.770759628506229200e-02
1.461006604523895703e+03	2.167064261237052758e-01	1.375819669122499700e-01	2.724965881795616829e-01	1.706563046260578254e-01	8.012910986545093706e-02	3.458797116795328530e-02	8.784163312478980579e-02
1.465844374737550879e+03	2.162239481941520269e-01	1.372497532911423901e-01	2.728055598786624514e-01	1.708742433406796601e-01	8.022148014085296597e-02	3.465014078838592193e-02	8.797487436589326859e-02
1.470682144951206283e+03	2.157443016184843465e-01	1.369193711088207699e-01	2.731127193212238846e-01	1.710909083556269861e-01	8.031335070629272432e-02	3.471202393292297655e-02	8.810732495639703177e-02
1.475519915164861459e+03	2.152674691748305835e-01	1.365908107566666529e-01	2.734180779113747906e-01	1.713063068377438658e-01	8.040472408071010213e-02	3.477362142528880179e-02	8.823898981315397849e-02
1.480357685378516862e+03	2.147934337547045269e-01	1.362640626691453971e-01	2.737216469697393850e-01	1.715204459167392892e-01	8.049560277264572461e-02	3.483493409483691405e-02	8.836987382195753138e-02
1.485195455592172038e+03	2.143221783621383214e-01	1.359391173237275707e-01	2.740234377342725680e-01	1.717333326853439923e-01	8.058598928024916785e-02	3.489596277637924127e-02	8.849998183765792059e-02
1.490033225805827215e+03	2.138536861128233213e-01	1.356159652408081562e-01	2.743234613610817663e-01	1.719449741994668879e-01	8.067588609128793775e-02	3.495670831001837509e-02	8.862931868428235160e-02
1.494870996019482618e+03	2.133879402332594377e-01	1.352945969836241991e-01	2.746217289252351756e-01	1.721553774783507462e-01	8.076529568315722607e-02	3.501717154098275137e-02	8.875788915515922528e-02
1.499708766233137567e+03	2.129249240599125903e-01	1.349750031581701259e-01	2.749182514215574025e-01	1.723645495047277376e-01	8.085422052289027717e-02	3.507735331946478657e-02	8.888569801304578577e-02
1.504546536446793198e+03	2.124646210383799583e-01	1.346571744131118409e-01	2.752130397654122262e-01	1.725724972249743083e-01	8.094266306716957349e-02	3.513725450046178284e-02	8.901274999025907131e-02
1.509384306660448374e+03	2.120070147225633084e-01	1.343411014396984626e-01	2.755061047934730389e-01	1.727792275492655849e-01	8.103062576233852066e-02	3.519687594361965710e-02	8.913904978881020957e-02
1.514222076874103550e+03	2.115520887738500388e-01	1.340267749716727297e-01	2.757974572644814604e-01	1.729847473517295564e-01	8.111811104441399300e-02	3.525621851307945281e-02	8.926460208054155798e-02
1.519059847087758726e+03	2.110998269603020505e-01	1.337141857851796567e-01	2.760871078599940742e-01	1.731890634706007015e-01	8.120512133909926766e-02	3.531528307732647448e-02	8.938941150726660567e-02
1.523897617301414357e+03	2.106502131558520008e-01	1.334033246986733867e-01	2.763750671851177843e-01	1.733921827083731437e-01	8.129165906179779133e-02	3.537407050904217698e-02	8.951348268091254001e-02
