5.660191149976681118e+02	3.814927874304556710e-01	2.429986198072215942e-01	1.631773341312827141e-01	9.838836860595846778e-02	5.124259138036303673e-02	1.821746450250730232e-02	4.448283414197766461e-02
5.708568852113234016e+02	3.799917866887791984e-01	2.421217412704873007e-01	1.642726422291218846e-01	9.902153420913478721e-02	5.147835110820463828e-02	1.831790623206976804e-02	4.479603826196880412e-02
5.756946554249786914e+02	3.785006961221378807e-01	2.412489751635340518e-01	1.653567941815385078e-01	9.965090900432824195e-02	5.171316039826562988e-02	1.841869045370943606e-02	4.511077467625258797e-02
5.805324256386339812e+02	3.770194341534099380e-01	2.403803112268949327e-01	1.664300190407405067e-01	1.002765262382172701e-01	5.194701549812005825e-02	1.851979785674712914e-02	4.542689598563649095e-02
5.853701958522892710e+02	3.755479202487264634e-01	2.395157390555295307e-01	1.674925385536405187e-01	1.008984184083977081e-01	5.217991295965324072e-02	1.862120967818079939e-02	4.574426109563804049e-02
5.902079660659445608e+02	3.740860748949143000e-01	2.386552481030806416e-01	1.685445674283199413e-01	1.015166172909403447e-01	5.241184962729258934e-02	1.872290768578696932e-02	4.606273496943152912e-02
5.950457362795999643e+02	3.726338195776225382e-01	2.377988276860394934e-01	1.695863135904422947e-01	1.021311539668724178e-01	5.264282262667999840e-02	1.882487416180622999e-02	4.638218839030325974e-02
5.998835064932552541e+02	3.711910767601097061e-01	2.369464669878217356e-01	1.706179784299984847e-01	1.027420588476249397e-01	5.287282935376893395e-02	1.892709188719133434e-02	4.670249773325105963e-02
6.047212767069104302e+02	3.697577698626674514e-01	2.360981550627557768e-01	1.716397570387519778e-01	1.033493616994857756e-01	5.310186746433027960e-02	1.902954412639727699e-02	4.702354474537765588e-02
6.095590469205657200e+02	3.683338232426591197e-01	2.352538808399864123e-01	1.726518384387376592e-01	1.039530916670969724e-01	5.332993486385135401e-02	1.913221461269343573e-02	4.734521633474117475e-02
6.143968171342210098e+02	3.669191621751517474e-01	2.344136331272950458e-01	1.736544058021550208e-01	1.045532772960336143e-01	5.355702969781334088e-02	1.923508753397866824e-02	4.766740436733863523e-02
6.192345873478761860e+02	3.655137128341205965e-01	2.335774006148384763e-01	1.746476366629828858e-01	1.051499465544996209e-01	5.378315034233267788e-02	1.933814751908101426e-02	4.799000547191076965e-02
6.240723575615315895e+02	3.641174022742066363e-01	2.327451718788084711e-01	1.756317031206306167e-01	1.057431268541747377e-01	5.400829539515277639e-02	1.944137962452417018e-02	4.831292085226857741e-02
6.289101277751868793e+02	3.627301584130075418e-01	2.319169353850137061e-01	1.766067720359288662e-01	1.063328450702458738e-01	5.423246366697271476e-02	1.954476932174383647e-02	4.863605610685330094e-02
6.337478979888421691e+02	3.613519100138843365e-01	2.310926794923859051e-01	1.775730052197510567e-01	1.069191275606542202e-01	5.445565417310023471e-02	1.964830248473741978e-02	4.895932105525262201e-02
6.385856682024975726e+02	3.599825866692649146e-01	2.302723924564118174e-01	1.785305596145456974e-01	1.075020001845887196e-01	5.467786612541677971e-02	1.975196537813134201e-02	4.928262957140646522e-02
6.434234384161527487e+02	3.586221187844287339e-01	2.294560624324928355e-01	1.794795874690495452e-01	1.080814883202551591e-01	5.489909892464270302e-02	1.985574464565077052e-02	4.960589942324603041e-02
6.482612086298080385e+02	3.572704375617546391e-01	2.286436774792338089e-01	1.804202365064401792e-01	1.086576168819490679e-01	5.511935215289146678e-02	1.995962729897714921e-02	4.992905211851941805e-02
6.530989788434633283e+02	3.559274749854175468e-01	2.278352255616628297e-01	1.813526500861780688e-01	1.092304103364593465e-01	5.533862556650176456e-02	2.006360070697938910e-02	5.025201275656671074e-02
6.579367490571185044e+02	3.545931638065173419e-01	2.270306945543831834e-01	1.822769673597773865e-01	1.097998927188288676e-01	5.555691908913713839e-02	2.016765258530527072e-02	5.057470988581643651e-02
6.627745192707737942e+02	3.532674375286261048e-01	2.262300722446590751e-01	1.831933234207364924e-01	1.103660876474969188e-01	5.577423280514303555e-02	2.027177098631993690e-02	5.089707536678399202e-02
6.676122894844290840e+02	3.519502303937392385e-01	2.254333463354370182e-01	1.841018494488501356e-01	1.109290183388475237e-01	5.599056695315153542e-02	2.037594428937896870e-02	5.121904424036113901e-02
6.724500596980843738e+02	3.506414773686165054e-01	2.246405044483036351e-01	1.850026728491164230e-01	1.114887076211870109e-01	5.620592191992439257e-02	2.048016119142391858e-02	5.154055460119361110e-02
6.772878299117396637e+02	3.493411141315005963e-01	2.238515341263818126e-01	1.858959173854443647e-01	1.120451779481727306e-01	5.642029823442551439e-02	2.058441069788872688e-02	5.186154747595173725e-02
6.821256001253949535e+02	3.480490770591996297e-01	2.230664228371661284e-01	1.867817033093588375e-01	1.125984514117145396e-01	5.663369656211408865e-02	2.068868211390578055e-02	5.218196670630643325e-02
6.869633703390502433e+02	3.467653032145219805e-01	2.222851579752992690e-01	1.876601474838935635e-01	1.131485497543696234e-01	5.684611769945015908e-02	2.079296503580085886e-02	5.250175883642998337e-02
6.918011405527055331e+02	3.454897303340513925e-01	2.215077268652904385e-01	1.885313635028540713e-01	1.136954943812502061e-01	5.705756256860457926e-02	2.089724934286658897e-02	5.282087300484821640e-02
6.966389107663608229e+02	3.442222968162510499e-01	2.207341167641770630e-01	1.893954618056269412e-01	1.142393063714634005e-01	5.726803221236568403e-02	2.100152518940442622e-02	5.313926084047692483e-02
7.014766809800161127e+02	3.429629417098859490e-01	2.199643148641310664e-01	1.902525497877040894e-01	1.147800064891013605e-01	5.747752778923528871e-02	2.110578299702552466e-02	5.345687636268219023e-02
7.063144511936714025e+02	3.417116047027524139e-01	2.191983082950108852e-01	1.911027319070846553e-01	1.153176151937992389e-01	5.768605056870683423e-02	2.121001344720130355e-02	5.377367588521003716e-02
7.111522214073266923e+02	3.404682261107053187e-01	2.184360841268603859e-01	1.919461097867111166e-01	1.158521526508779625e-01	5.789360192671887811e-02	2.131420747405470689e-02	5.408961792383703421e-02
7.159899916209819821e+02	3.392327468669723567e-01	2.176776293723556577e-01	1.927827823130893736e-01	1.163836387410879802e-01	5.810018334127735329e-02	2.141835625738365556e-02	5.440466310759903973e-02
7.208277618346371582e+02	3.380051085117469767e-01	2.169229309892010127e-01	1.936128457312384921e-01	1.169120930699696082e-01	5.830579638824019695e-02	2.152245121590841415e-02	5.471877409346068144e-02
7.256655320482924481e+02	3.367852531820501594e-01	2.161719758824750259e-01	1.944363937361083816e-01	1.174375349768450177e-01	5.851044273725829192e-02	2.162648400073489269e-02	5.503191548429353652e-02
7.305033022619478515e+02	3.355731236018521524e-01	2.154247509069281419e-01	1.952535175605996931e-01	1.179599835434562427e-01	5.871412414786684325e-02	2.173044648902625747e-02	5.534405375003597499e-02
7.353410724756030277e+02	3.343686630724462816e-01	2.146812428692319308e-01	1.960643060603145527e-01	1.184794576022630136e-01	5.891684246572154171e-02	2.183433077787546445e-02	5.565515715191246549e-02
7.401788426892584312e+02	3.331718154630665119e-01	2.139414385301821042e-01	1.968688457951619786e-01	1.189959757444139649e-01	5.911859961897410198e-02	2.193812917837165491e-02	5.596519566959495817e-02
7.450166129029136073e+02	3.319825252017400419e-01	2.132053246068553454e-01	1.976672211079374686e-01	1.195095563274038292e-01	5.931939761478188106e-02	2.204183420985348849e-02	5.627414093119322003e-02
7.498543831165690108e+02	3.308007372663691048e-01	2.124728877747214528e-01	1.984595141999905554e-01	1.200202174824289703e-01	5.951923853594665720e-02	2.214543859434294285e-02	5.658196614596553570e-02
7.546921533302243006e+02	3.296263971760330369e-01	2.117441146697114362e-01	1.992458052040914362e-01	1.205279771214531476e-01	5.971812453767765677e-02	2.224893525115317558e-02	5.688864603964530198e-02
7.595299235438793630e+02	3.284594509825041753e-01	2.110189918902426742e-01	2.000261722546019250e-01	1.210328529439950035e-01	5.991605784447417288e-02	2.235231729166434200e-02	5.719415679228289501e-02
7.643676937575347665e+02	3.272998452619708121e-01	2.102975059992017448e-01	2.008006915550534788e-01	1.215348624436478897e-01	6.011304074712338352e-02	2.245557801426156103e-02	5.749847597850627628e-02
7.692054639711900563e+02	3.261475271069609883e-01	2.095796435258860391e-01	2.015694374432296376e-01	1.220340229143429545e-01	6.030907559980894228e-02	2.255871089942925595e-02	5.780158251010732162e-02
7.740432341848452324e+02	3.250024441184598545e-01	2.088653909679048237e-01	2.023324824538477729e-01	1.225303514563653162e-01	6.050416481732626139e-02	2.266170960499654108e-02	5.810345658086448623e-02
7.788810043985006359e+02	3.238645443982157146e-01	2.081547347930407243e-01	2.030898973789307116e-01	1.230238649821331631e-01	6.069831087240055989e-02	2.276456796152831821e-02	5.840407961351586075e-02
7.837187746121558121e+02	3.227337765412275905e-01	2.074476614410721842e-01	2.038417513259554725e-01	1.235145802217491456e-01	6.089151629310367991e-02	2.286727996785705916e-02	5.870343420879989976e-02
7.885565448258112156e+02	3.216100896284098121e-01	2.067441573255579257e-01	2.045881117738633792e-01	1.240025137283329026e-01	6.108378366036618101e-02	2.296983978675041366e-02	5.900150409648435151e-02
7.933943150394665054e+02	3.204934332194274704e-01	2.060442088355841361e-01	2.053290446270119862e-01	1.244876818831435888e-01	6.127511560558099313e-02	2.307224174070992423e-02	5.929827408830684599e-02
7.982320852531219089e+02	3.193837573456974610e-01	2.053478023374749328e-01	2.060646142671466730e-01	1.249701009005004665e-01	6.146551480829529762e-02	2.317448030789635849e-02	5.959373003275374864e-02
8.030698554667769713e+02	3.182810125035503424e-01	2.046549241764669680e-01	2.067948836034668725e-01	1.254497868325097076e-01	6.165498399398731261e-02	2.327655011817729783e-02	5.988785877160639898e-02
8.079076256804323748e+02	3.171851496475478482e-01	2.039655606783489228e-01	2.075199141208585452e-01	1.259267555736049982e-01	6.184352593192491560e-02	2.337844594929276015e-02	6.018064809818681610e-02
8.127453958940876646e+02	3.160961201839516677e-01	2.032796981510665846e-01	2.082397659263620637e-01	1.264010228649092571e-01	6.203114343310286299e-02	2.348016272313488070e-02	6.047208671723745127e-02
8.175831661077428407e+02	3.150138759643380526e-01	2.025973228862940068e-01	2.089544977939423454e-01	1.268726042984247293e-01	6.221783934825588641e-02	2.358169550213770269e-02	6.076216420637205878e-02
8.224209363213982442e+02	3.139383692793548675e-01	2.019184211609715285e-01	2.096641672076249574e-01	1.273415153210580852e-01	6.240361656594475837e-02	2.368303948577334117e-02	6.105087097903720561e-02
8.272587065350534203e+02	3.128695528526163061e-01	2.012429792388115424e-01	2.103688304030598422e-01	1.278077712384871889e-01	6.258847801071257266e-02	2.378419000715093976e-02	6.133819824892630668e-02
8.320964767487085965e+02	3.118073798347310577e-01	2.005709833717721491e-01	2.110685424075720573e-01	1.282713872188756821e-01	6.277242664130872063e-02	2.388514252971490545e-02	6.162413799579009865e-02
8.369342469623640000e+02	3.107518037974603131e-01	1.999024198014996700e-01	2.117633570787561537e-01	1.287323782964416019e-01	6.295546544897796803e-02	2.398589264403907725e-02	6.190868293258992155e-02
8.417720171760191761e+02	3.097027787280013378e-01	1.992372747607404904e-01	2.124533271416692015e-01	1.291907593748857774e-01	6.313759745581234983e-02	2.408643606471361220e-02	6.219182647394195379e-02
8.466097873896745796e+02	3.086602590233931687e-01	1.985755344747230922e-01	2.131385042246755623e-01	1.296465452306854171e-01	6.331882571316330144e-02	2.418676862732145952e-02	6.247356270580269044e-02
8.514475576033297557e+02	3.076241994850411610e-01	1.979171851625102230e-01	2.138189388939932545e-01	1.300997505162586609e-01	6.349915330011218773e-02	2.428688628550141476e-02	6.275388635634780721e-02
8.562853278169851592e+02	3.065945553133559431e-01	1.972622130383225036e-01	2.144946806869915956e-01	1.305503897630047039e-01	6.367858332199666238e-02	2.438678510809490912e-02	6.303279276799837738e-02
8.611230980306403353e+02	3.055712821025047266e-01	1.966106043128336145e-01	2.151657781442864736e-01	1.309984773842248762e-01	6.385711890899103960e-02	2.448646127637366804e-02	6.331027787055025502e-02
8.659608682442956251e+02	3.045543358352706953e-01	1.959623451944375871e-01	2.158322788406786263e-01	1.314440276779294536e-01	6.403476321473861033e-02	2.458591108134563705e-02	6.358633815536396394e-02
8.707986384579510286e+02	3.035436728780180338e-01	1.953174218904889514e-01	2.164942294149783120e-01	1.318870548295343337e-01	6.421151941503407123e-02	2.468513092113654162e-02	6.386097065057427802e-02
8.756364086716062047e+02	3.025392499757590947e-01	1.946758206085160980e-01	2.171516755987583924e-01	1.323275729144523238e-01	6.438739070655401242e-02	2.478411729844457248e-02	6.413417289728007287e-02
8.804741788852616082e+02	3.015410242473210434e-01	1.940375275574082736e-01	2.178046622440754365e-01	1.327655959005834829e-01	6.456238030563388186e-02	2.488286681806581649e-02	6.440594292667661813e-02
8.853119490989170117e+02	3.005489531806095904e-01	1.934025289485769850e-01	2.184532333501982559e-01	1.332011376507078737e-01	6.473649144708971959e-02	2.498137618448813269e-02	6.467627923809395052e-02
8.901497193125721878e+02	2.995629946279660394e-01	1.927708109970922290e-01	2.190974320893805394e-01	1.336342119247854177e-01	6.490972738308285750e-02	2.507964219955119770e-02	6.494518077790627231e-02
8.949874895262273640e+02	2.985831068016159273e-01	1.921423599227936596e-01	2.197373008317135834e-01	1.340648323821659327e-01	6.508209138202612765e-02	2.517766176017055893e-02	6.521264691927873558e-02
8.998252597398827675e+02	2.976092482692067609e-01	1.915171619513776902e-01	2.203728811690935097e-01	1.344930125837134616e-01	6.525358672753008016e-02	2.527543185612367294e-02	6.547867744271933244e-02
9.046630299535379436e+02	2.966413779494316283e-01	1.908952033154605876e-01	2.210042139383360804e-01	1.349187659938481110e-01	6.542421671738761491e-02	2.537294956789589231e-02	6.574327251740458289e-02
9.095008001671932334e+02	2.956794551077369104e-01	1.902764702556182519e-01	2.216313392434711149e-01	1.353421059825086203e-01	6.559398466259573623e-02	2.547021206458444098e-02	6.600643268324934976e-02
9.143385703808486369e+02	2.947234393521118712e-01	1.896609490214030136e-01	2.222542964772469820e-01	1.357630458270392138e-01	6.576289388641302913e-02	2.556721660185857711e-02	6.626815883369173432e-02
9.191763405945038130e+02	2.937732906289574064e-01	1.890486258723378110e-01	2.228731243418747288e-01	1.361815987140033157e-01	6.593094772345152454e-02	2.566396051997407723e-02	6.652845219916557473e-02
9.240141108081592165e+02	2.928289692190326199e-01	1.884394870788882737e-01	2.234878608690400725e-01	1.365977777409275451e-01	6.609814951880176037e-02	2.576044124184037609e-02	6.678731433123377692e-02
9.288518810218145063e+02	2.918904357334758948e-01	1.878335189234133784e-01	2.240985434392111508e-01	1.370115959179785681e-01	6.626450262718973361e-02	2.585665627113864148e-02	6.704474708735710942e-02
9.336896512354697961e+02	2.909576511098999063e-01	1.872307077010940957e-01	2.247052088002673975e-01	1.374230661695755584e-01	6.643001041216471669e-02	2.595260319048919503e-02	6.730075261627352368e-02
9.385274214491247449e+02	2.900305766085577996e-01	1.866310397208420513e-01	2.253078930854755801e-01	1.378322013359408460e-01	6.659467624531661967e-02	2.604827965966670725e-02	6.755533334396471301e-02
9.433651916627801484e+02	2.891091738085786456e-01	1.860345013061869002e-01	2.259066318308367571e-01	1.382390141745914458e-01	6.675850350552207935e-02	2.614368341386170622e-02	6.780849196018680358e-02
9.482029618764355519e+02	2.881934046042703979e-01	1.854410787961439655e-01	2.265014599918279414e-01	1.386435173617736327e-01	6.692149557821792938e-02	2.623881226198688035e-02	6.806023140554354200e-02
9.530407320900908417e+02	2.872832312014893530e-01	1.848507585460620606e-01	2.270924119595609525e-01	1.390457234938430320e-01	6.708365585470128789e-02	2.633366408502685677e-02	6.831055485908078817e-02
9.578785023037459041e+02	2.863786161140730036e-01	1.842635269284516319e-01	2.276795215763796065e-01	1.394456450885924736e-01	6.724498773145526354e-02	2.642823683443005361e-02	6.855946572638224601e-02
9.627162725174014213e+02	2.854795221603362299e-01	1.836793703337944172e-01	2.282628221509168387e-01	1.398432945865295540e-01	6.740549460949928073e-02	2.652252853054132969e-02	6.880696762814669798e-02
9.675540427310568248e+02	2.845859124596274992e-01	1.830982751713337298e-01	2.288423464726312140e-01	1.402386843521062632e-01	6.756517989376305267e-02	2.661653726107417531e-02	6.905306438922838297e-02
9.723918129447120009e+02	2.836977504289455720e-01	1.825202278698470071e-01	2.294181268258423390e-01	1.406318266749022883e-01	6.772404699248366078e-02	2.671026117962122665e-02	6.929776002812218505e-02
9.772295831583674044e+02	2.828149997796132742e-01	1.819452148783999301e-01	2.299901950032836873e-01	1.410227337707642414e-01	6.788209931662451957e-02	2.680369850420193101e-02	6.954105874687663280e-02
9.820673533720223531e+02	2.819376245140081672e-01	1.813732226670830838e-01	2.305585823191908246e-01	1.414114177829023655e-01	6.803934027931572703e-02	2.689684751584624570e-02	6.978296492141783380e-02
9.869051235856777566e+02	2.810655889223479531e-01	1.808042377277311319e-01	2.311233196219419361e-01	1.417978907829465229e-01	6.819577329531488485e-02	2.698970655721327425e-02	7.002348309226853751e-02
9.917428937993331601e+02	2.801988575795301695e-01	1.802382465746250328e-01	2.316844373062674489e-01	1.421821647719632986e-01	6.835140178048763893e-02	2.708227403124380608e-02	7.026261795564679724e-02
9.965806640129884499e+02	2.793373953420237310e-01	1.796752357451775473e-01	2.322419653250445415e-01	1.425642516814356608e-01	6.850622915130741286e-02	2.717454839984569104e-02	7.050037435492950699e-02
1.001418434226643626e+03	2.784811673448119862e-01	1.791151918006023136e-01	2.327959332006917792e-01	1.429441633742067619e-01	6.866025882437339078e-02	2.726652818261114317e-02	7.073675727246665768e-02
1.006256204440298802e+03	2.776301389983855117e-01	1.785581013265666595e-01	2.333463700361788074e-01	1.433219116453893494e-01	6.881349421594627758e-02	2.735821195556497124e-02	7.097177182173249055e-02
1.011093974653954206e+03	2.767842759857834789e-01	1.780039509338288972e-01	2.338933045256648968e-01	1.436975082232422041e-01	6.896593874150110104e-02	2.744959834994283379e-02	7.120542323980057209e-02
1.015931744867609382e+03	2.759435442596832044e-01	1.774527272588597993e-01	2.344367649647806084e-01	1.440709647700151863e-01	6.911759581529652863e-02	2.754068605099865841e-02	7.143771688012995336e-02
1.020769515081264785e+03	2.751079100395353860e-01	1.769044169644489739e-01	2.349767792605648165e-01	1.444422928827638619e-01	6.926846884996007425e-02	2.763147379684034038e-02	7.166865820565049283e-02
1.025607285294920075e+03	2.742773398087449688e-01	1.763590067402962258e-01	2.355133749410706911e-01	1.448115040941351517e-01	6.941856125608857064e-02	2.772196037729291948e-02	7.189825278213542170e-02
1.030445055508575479e+03	2.734518003118966423e-01	1.758164833035881780e-01	2.360465791646519373e-01	1.451786098731252250e-01	6.956787644186343544e-02	2.781214463278841934e-02	7.212650627185007712e-02
1.035282825722230655e+03	2.726312585520233034e-01	1.752768333995606276e-01	2.365764187289414733e-01	1.455436216258107485e-01	6.971641781268023141e-02	2.790202545328161407e-02	7.235342442746593716e-02
1.040120595935886058e+03	2.718156817879165965e-01	1.747400438020465518e-01	2.371029200795337077e-01	1.459065506960546543e-01	6.986418877079186851e-02	2.799160177719092757e-02	7.257901308622957681e-02
1.044958366149541234e+03	2.710050375314793092e-01	1.742061013140103753e-01	2.376261093183812123e-01	1.462674083661874569e-01	7.001119271496521190e-02	2.808087259036379235e-02	7.280327816437651145e-02
1.049796136363196410e+03	2.701992935451177913e-01	1.736749927680682759e-01	2.381460122119161138e-01	1.466262058576651428e-01	7.015743304015029103e-02	2.816983692506574988e-02	7.302622565178044922e-02
1.054633906576851814e+03	2.693984178391740092e-01	1.731467050269955010e-01	2.386626541989063377e-01	1.469829543317046627e-01	7.030291313716199864e-02	2.825849385899264696e-02	7.324786160682859870e-02
1.059471676790506763e+03	2.686023786693960691e-01	1.726212249842203894e-01	2.391760603980564448e-01	1.473376648898978847e-01	7.044763639237358599e-02	2.834684251430522398e-02	7.346819215151413618e-02
1.064309447004162394e+03	2.678111445344466546e-01	1.720985395643051807e-01	2.396862556153621093e-01	1.476903485748050360e-01	7.059160618742170434e-02	2.843488205668553981e-02	7.368722346673746426e-02
1.069147217217817570e+03	2.670246841734484899e-01	1.715786357234145576e-01	2.401932643512273147e-01	1.480410163705284388e-01	7.073482589892245154e-02	2.852261169441457078e-02	7.390496178780783798e-02
1.073984987431472746e+03	2.662429665635654419e-01	1.710615004497714753e-01	2.406971108073529819e-01	1.483896792032673717e-01	7.087729889819818774e-02	2.861003067747043202e-02	7.412141340013768398e-02
1.078822757645127922e+03	2.654659609176197033e-01	1.705471207641009179e-01	2.411978188934050249e-01	1.487363479418548073e-01	7.101902855101462075e-02	2.869713829664662444e-02	7.433658463512179959e-02
1.083660527858783553e+03	2.646936366817428943e-01	1.700354837200615810e-01	2.416954122334700750e-01	1.490810333982769964e-01	7.116001821732781396e-02	2.878393388268979738e-02	7.455048186619435413e-02
1.088498298072438729e+03	2.639259635330613585e-01	1.695265764046656742e-01	2.421899141723062865e-01	1.494237463281763434e-01	7.130027125104085317e-02	2.887041680545645098e-02	7.476311150505651759e-02
1.093336068286093905e+03	2.631629113774146544e-01	1.690203859386873453e-01	2.426813477813970221e-01	1.497644974313384891e-01	7.143979099976972835e-02	2.895658647308810285e-02	7.497447999806812480e-02
1.098173838499749309e+03	2.624044503471061884e-01	1.685168994770597228e-01	2.431697358648138574e-01	1.501032973521644054e-01	7.157858080461819428e-02	2.904244233120439889e-02	7.518459382279674141e-02
1.103011608713404712e+03	2.616505507986858770e-01	1.680161042092606360e-01	2.436551009648964261e-01	1.504401566801275847e-01	7.171664399996130479e-02	2.912798386211369953e-02	7.539345948471797010e-02
1.107849378927059888e+03	2.609011833107639511e-01	1.675179873596875646e-01	2.441374653677553797e-01	1.507750859502177687e-01	7.185398391323716272e-02	2.921321058404068721e-02	7.560108351406105709e-02
1.112687149140715292e+03	2.601563186818548479e-01	1.670225361880218196e-01	2.446168511086045383e-01	1.511080956433710210e-01	7.199060386474682993e-02	2.929812205037049880e-02	7.580747246279399831e-02
1.117524919354370468e+03	2.594159279282515218e-01	1.665297379895820662e-01	2.450932799769290071e-01	1.514391961868873648e-01	7.212650716746198121e-02	2.938271784890901170e-02	7.601263290174255227e-02
1.122362689568025871e+03	2.586799822819286776e-01	1.660395800956677437e-01	2.455667735214943082e-01	1.517683979548360429e-01	7.226169712683999657e-02	2.946699760115881889e-02	7.621657141783792777e-02
1.127200459781681047e+03	2.579484531884743692e-01	1.655520498738919932e-01	2.460373530552029397e-01	1.520957112684493406e-01	7.239617704064638115e-02	2.955096096161048333e-02	7.641929461148798397e-02
1.132038229995336451e+03	2.572213123050505201e-01	1.650671347285048440e-01	2.465050396598031934e-01	1.524211463965050306e-01	7.252995019878409610e-02	2.963460761704871105e-02	7.662080909406709939e-02
1.136876000208991627e+03	2.564985314983801445e-01	1.645848221007064904e-01	2.469698541904559175e-01	1.527447135556984636e-01	7.266301988312973137e-02	2.971793728587300912e-02	7.682112148551976938e-02
1.141713770422646803e+03	2.557800828427619910e-01	1.641050994689510489e-01	2.474318172801639737e-01	1.530664229110041963e-01	7.279538936737611765e-02	2.980094971743252677e-02	7.702023841207368549e-02
1.146551540636302207e+03	2.550659386181116650e-01	1.636279543492408228e-01	2.478909493440693002e-01	1.533862845760280980e-01	7.292706191688126671e-02	2.988364469137463550e-02	7.721816650405774474e-02
1.151389310849957155e+03	2.543560713080283420e-01	1.631533742954112964e-01	2.483472705836225480e-01	1.537043086133500491e-01	7.305804078852341787e-02	2.996602201700696716e-02	7.741491239382081169e-02
1.156227081063612786e+03	2.536504535978877373e-01	1.626813468994070810e-01	2.488008009906291507e-01	1.540205050348577576e-01	7.318832923056195483e-02	3.004808153267255616e-02	7.761048271374716701e-02
1.161064851277267962e+03	2.529490583729589459e-01	1.622118597915488680e-01	2.492515603511769873e-01	1.543348838020719982e-01	7.331793048250391520e-02	3.012982310513772147e-02	7.780488409436488173e-02
1.165902621490923138e+03	2.522518587165468174e-01	1.617449006407916390e-01	2.496995682494488333e-01	1.546474548264640536e-01	7.344684777497618999e-02	3.021124662899245250e-02	7.799812316254327305e-02
1.170740391704578315e+03	2.515588279081577006e-01	1.612804571549743549e-01	2.501448440714247323e-01	1.549582279697648279e-01	7.357508432960271905e-02	3.029235202606289298e-02	7.819020653977595825e-02
1.175578161918233945e+03	2.508699394216890033e-01	1.608185170810611797e-01	2.505874070084772587e-01	1.552672130442670495e-01	7.370264335888712659e-02	3.037313924483569030e-02	7.838114084054587094e-02
1.180415932131889122e+03	2.501851669236420106e-01	1.603590682053742944e-01	2.510272760608635023e-01	1.555744198131201461e-01	7.382952806610004748e-02	3.045360825989391201e-02	7.857093267076920018e-02
1.185253702345544298e+03	2.495044842713573796e-01	1.599020983538187723e-01	2.514644700411181044e-01	1.558798579906183202e-01	7.395574164517136617e-02	3.053375907136425885e-02	7.875958862631486646e-02
1.190091472559199701e+03	2.488278655112727833e-01	1.594475953920994060e-01	2.518990075773497872e-01	1.561835372424822954e-01	7.408128728058707702e-02	3.061359170437523425e-02	7.894711529159652297e-02
1.194929242772855105e+03	2.481552848772027031e-01	1.589955472259295399e-01	2.523309071164452910e-01	1.564854671861347357e-01	7.420616814729057154e-02	3.069310620852610735e-02	7.913351923823416789e-02
1.199767012986510281e+03	2.474867167886396213e-01	1.585459418012325206e-01	2.527601869271840496e-01	1.567856573909698625e-01	7.433038741058820009e-02	3.077230265736636064e-02	7.931880702378253656e-02
1.204604783200165684e+03	2.468221358490763628e-01	1.580987671043353748e-01	2.531868651032660456e-01	1.570841173786174105e-01	7.445394822605910790e-02	3.085118114788533428e-02	7.950298519052355350e-02
1.209442553413820860e+03	2.461615168443491153e-01	1.576540111621551887e-01	2.536109595662564553e-01	1.573808566232011985e-01	7.457685373946902618e-02	3.092974180001194923e-02	7.968606026432022149e-02
1.214280323627476264e+03	2.455048347410010712e-01	1.572116620423782418e-01	2.540324880684496911e-01	1.576758845515925100e-01	7.469910708668804633e-02	3.100798475612412050e-02	7.986803875352944948e-02
1.219118093841131440e+03	2.448520646846659155e-01	1.567717078536318975e-01	2.544514681956553392e-01	1.579692105436587002e-01	7.482071139361201606e-02	3.108591018056775998e-02	8.004892714797144648e-02
1.223955864054786844e+03	2.442031819984709917e-01	1.563341367456496933e-01	2.548679173699093803e-01	1.582608439325069449e-01	7.494166977608772429e-02	3.116351825918507734e-02	8.022873191795323877e-02
1.228793634268442020e+03	2.435581621814599251e-01	1.558989369094293809e-01	2.552818528521122454e-01	1.585507940047237163e-01	7.506198533984155541e-02	3.124080919885200217e-02	8.040745951334427044e-02
1.233631404482097196e+03	2.429169809070342023e-01	1.554660965773843329e-01	2.556932917445970399e-01	1.588390700006098166e-01	7.518166118041154367e-02	3.131778322702449130e-02	8.058511636270175582e-02
1.238469174695752372e+03	2.422796140214134586e-01	1.550356040234883714e-01	2.561022509936296543e-01	1.591256811144114436e-01	7.530070038308271652e-02	3.139444059129355147e-02	8.076170887244393803e-02
1.243306944909407548e+03	2.416460375421141948e-01	1.546074475634140744e-01	2.565087473918439276e-01	1.594106364945473697e-01	7.541910602282571319e-02	3.147078155894874468e-02	8.093724342606904709e-02
1.248144715123063179e+03	2.410162276564464523e-01	1.541816155546647527e-01	2.569127975806128061e-01	1.596939452438324580e-01	7.553688116423833143e-02	3.154680641655001339e-02	8.111172638341822283e-02
1.252982485336718355e+03	2.403901607200283064e-01	1.537580963967000725e-01	2.573144180523587177e-01	1.599756164196974861e-01	7.565402886149021067e-02	3.162251546950762410e-02	8.128516407998058468e-02
1.257820255550373531e+03	2.397678132553179020e-01	1.533368785310558202e-01	2.577136251528044930e-01	1.602556590344058063e-01	7.577055215827031842e-02	3.169790904167009427e-02	8.145756282623853317e-02
1.262658025764028707e+03	2.391491619501625310e-01	1.529179504414575064e-01	2.581104350831673888e-01	1.605340820552666747e-01	7.588645408773724010e-02	3.177298747491982128e-02	8.162892890705181204e-02
1.267495795977684338e+03	2.385341836563647788e-01	1.525013006539278626e-01	2.585048639022977102e-01	1.608108944048454725e-01	7.600173767247217493e-02	3.184775112877638592e-02	8.179926858107849919e-02
1.272333566191339514e+03	2.379228553882652419e-01	1.520869177368891212e-01	2.588969275287638094e-01	1.610861049611712337e-01	7.611640592443458253e-02	3.192220038000723875e-02	8.196858808023159415e-02
1.277171336404994690e+03	2.373151543213414538e-01	1.516747903012591048e-01	2.592866417428855708e-01	1.613597225579410654e-01	7.623046184492028587e-02	3.199633562224570710e-02	8.213689360916953675e-02
1.282009106618650094e+03	2.367110577908231872e-01	1.512649070005420426e-01	2.596740221887177125e-01	1.616317559847222085e-01	7.634390842452211390e-02	3.207015726561607966e-02	8.230419134481931076e-02
1.286846876832305497e+03	2.361105432903233270e-01	1.508572565309139191e-01	2.600590843759849058e-01	1.619022139871513499e-01	7.645674864309279228e-02	3.214366573636567859e-02	8.247048743593067555e-02
1.291684647045960673e+03	2.355135884704845639e-01	1.504518276313022707e-01	2.604418436819697091e-01	1.621711052671316877e-01	7.656898546971026287e-02	3.221686147650375948e-02	8.263578800266033197e-02
1.296522417259616077e+03	2.349201711376412705e-01	1.500486090834611541e-01	2.608223153533557603e-01	1.624384384830275807e-01	7.668062186264514024e-02	3.228974494344707263e-02	8.280009913618459338e-02
1.301360187473271253e+03	2.343302692524965591e-01	1.496475897120405074e-01	2.612005145080266710e-01	1.627042222498570334e-01	7.679166076933036100e-02	3.236231660967196777e-02	8.296342689833945128e-02
1.306197957686926657e+03	2.337438609288141622e-01	1.492487583846509314e-01	2.615764561368226215e-01	1.629684651394822104e-01	7.690210512633283146e-02	3.243457696237288246e-02	8.312577732128687003e-02
1.311035727900581833e+03	2.331609244321250218e-01	1.488521040119231420e-01	2.619501551052562105e-01	1.632311756807977299e-01	7.701195785932719862e-02	3.250652650312714498e-02	8.328715640720606161e-02
1.315873498114237009e+03	2.325814381784482854e-01	1.484576155475627879e-01	2.623216261551879480e-01	1.634923623599172648e-01	7.712122188307152237e-02	3.257816574756583483e-02	8.344757012800886609e-02
1.320711268327892412e+03	2.320053807330262896e-01	1.480652819884006044e-01	2.626908839064639456e-01	1.637520336203582283e-01	7.722990010138482131e-02	3.264949522505072865e-02	8.360702442507787768e-02
1.325549038541547588e+03	2.314327308090738944e-01	1.476750923744377109e-01	2.630579428585157475e-01	1.640101978632248214e-01	7.733799540712643639e-02	3.272051547835708868e-02	8.376552520902669219e-02
1.330386808755202765e+03	2.308634672665413612e-01	1.472870357888864945e-01	2.634228173919245242e-01	1.642668634473893330e-01	7.744551068217728207e-02	3.279122706336224519e-02	8.392307835948108197e-02
1.335224578968857941e+03	2.302975691108906930e-01	1.469011013582068870e-01	2.637855217699501265e-01	1.645220386896719955e-01	7.755244879742261011e-02	3.286163054873980638e-02	8.407968972488018278e-02
1.340062349182513572e+03	2.297350154918856024e-01	1.465172782521385331e-01	2.641460701400260014e-01	1.647757318650191483e-01	7.765881261273661906e-02	3.293172651565944714e-02	8.423536512229690132e-02
1.344900119396168748e+03	2.291757857023943856e-01	1.461355556837282688e-01	2.645044765352219107e-01	1.650279512066803456e-01	7.776460497696857654e-02	3.300151555749208238e-02	8.439011033727665534e-02
1.349737889609823924e+03	2.286198591772059530e-01	1.457559229093538800e-01	2.648607548756742314e-01	1.652787049063836056e-01	7.786982872793052346e-02	3.307099827952039023e-02	8.454393112369362751e-02
1.354575659823479100e+03	2.280672154918584604e-01	1.453783692287432261e-01	2.652149189699858911e-01	1.655280011145098540e-01	7.797448669238651875e-02	3.314017529865451867e-02	8.469683320362370038e-02
1.359413430037134731e+03	2.275178343614807086e-01	1.450028839849897555e-01	2.655669825165961617e-01	1.657758479402658414e-01	7.807858168604325799e-02	3.320904724315295459e-02	8.484882226723346188e-02
1.364251200250789907e+03	2.269716956396459207e-01	1.446294565645637464e-01	2.659169591051215864e-01	1.660222534518559223e-01	7.818211651354223246e-02	3.327761475234835425e-02	8.499990397268437914e-02
1.369088970464445310e+03	2.264287793172375107e-01	1.442580763973199121e-01	2.662648622176688185e-01	1.662672256766528356e-01	7.828509396845316493e-02	3.334587847637833502e-02	8.515008394605154407e-02
1.373926740678100487e+03	2.258890655213271759e-01	1.438887329565010920e-01	2.666107052301202596e-01	1.665107726013672906e-01	7.838751683326881936e-02	3.341383907592104102e-02	8.529936778125640773e-02
1.378764510891755890e+03	2.253525345140648395e-01	1.435214157587381967e-01	2.669545014133931637e-01	1.667529021722166105e-01	7.848938787940107353e-02	3.348149722193547589e-02	8.544776104001267081e-02
1.383602281105411066e+03	2.248191666915801412e-01	1.431561143640466549e-01	2.672962639346732616e-01	1.669936222950923199e-01	7.859070986717829610e-02	3.354885359540642209e-02	8.559526925178490009e-02
1.388440051319066470e+03	2.242889425828956118e-01	1.427928183758190306e-01	2.676360058586235158e-01	1.672329408357269009e-01	7.869148554584380617e-02	3.361590888709398844e-02	8.574189791375912140e-02
1.393277821532721646e+03	2.237618428488512001e-01	1.424315174408144480e-01	2.679737401485683956e-01	1.674708656198596601e-01	7.879171765355570678e-02	3.368266379728752924e-02	8.588765249082495890e-02
1.398115591746377049e+03	2.232378482810399301e-01	1.420722012491444086e-01	2.683094796676555038e-01	1.677074044334015968e-01	7.889140891738764816e-02	3.374911903556401110e-02	8.603253841556880721e-02
1.402953361960032225e+03	2.227169398007547985e-01	1.417148595342552775e-01	2.686432371799934438e-01	1.679425650225996047e-01	7.899056205333084002e-02	3.381527532055062651e-02	8.617656108827727313e-02
1.407791132173687402e+03	2.221990984579464423e-01	1.413594820729076051e-01	2.689750253517684819e-01	1.681763550941998420e-01	7.908917976629707691e-02	3.388113337969166083e-02	8.631972587695063703e-02
1.412628902387342805e+03	2.216843054301916860e-01	1.410060586851519804e-01	2.693048567523395054e-01	1.684087823156105168e-01	7.918726475012279054e-02	3.394669394901944637e-02	8.646203811732583455e-02
1.417466672600997981e+03	2.211725420216724414e-01	1.406545792343020795e-01	2.696327438553117739e-01	1.686398543150635365e-01	7.928481968757408738e-02	3.401195777292945199e-02	8.660350311290831993e-02
1.422304442814653157e+03	2.206637896621654882e-01	1.403050336269043574e-01	2.699586990395910768e-01	1.688695786817760169e-01	7.938184725035281331e-02	3.407692560395925163e-02	8.674412613501257530e-02
1.427142213028308333e+03	2.201580299060422463e-01	1.399574118127049349e-01	2.702827345904178502e-01	1.690979629661108208e-01	7.947835009910353410e-02	3.414159820257151728e-02	8.688391242281068294e-02
1.431979983241963964e+03	2.196552444312789287e-01	1.396117037846132392e-01	2.706048627003820317e-01	1.693250146797364575e-01	7.957433088342141803e-02	3.420597633694075212e-02	8.702286718338871074e-02
1.436817753455619140e+03	2.191554150384765476e-01	1.392678995786632568e-01	2.709250954704198744e-01	1.695507412957865390e-01	7.966979224186104824e-02	3.427006078274386081e-02	8.716099559181032796e-02
1.441655523669274316e+03	2.186585236498910512e-01	1.389259892739714009e-01	2.712434449107926082e-01	1.697751502490185138e-01	7.976473680194598459e-02	3.433385232295440431e-02	8.729830279118755421e-02
1.446493293882929493e+03	2.181645523084730920e-01	1.385859629926920744e-01	2.715599229420467275e-01	1.699982489359719295e-01	7.985916718017929683e-02	3.439735174764045611e-02	8.743479389275791991e-02
1.451331064096585123e+03	2.176734831769175371e-01	1.382478108999702360e-01	2.718745413959585133e-01	1.702200447151262508e-01	7.995308598205481954e-02	3.446055985376606651e-02	8.757047397596805227e-02
1.456168834310240300e+03	2.171852985367225264e-01	1.379115232038914951e-01	2.721873120164610138e-01	1.704405449070578726e-01	8.004649580206921189e-02	3.452347744499621729e-02	8.770534808856313147e-02
1.461006604523895703e+03	2.166999807872577455e-01	1.375770901554294878e-01	2.724982464605553156e-01	1.706597567945969396e-01	8.013939922373478075e-02	3.458610533150521804e-02	8.783942124668196738e-02
1.465844374737550879e+03	2.162175124448421637e-01	1.372445020483909206e-01	2.728073562992058276e-01	1.708776876229835817e-01	8.023179881959299764e-02	3.464844432978846783e-02	8.797269843495743313e-02
1.470682144951206283e+03	2.157378761418308755e-01	1.369137492193578942e-01	2.731146530182206877e-01	1.710943446000235957e-01	8.032369715122879283e-02	3.471049526247756145e-02	8.810518460662189466e-02
1.475519915164861459e+03	2.152610546257109625e-01	1.365848220476280628e-01	2.734201480191167377e-01	1.713097348962438760e-01	8.041509676928552952e-02	3.477225895815866386e-02	8.823688468361741422e-02
1.480357685378516862e+03	2.147870307582062932e-01	1.362577109551522669e-01	2.737238526199703981e-01	1.715238656450471522e-01	8.050600021348054691e-02	3.483373625119406264e-02	8.836780355671047804e-02
1.485195455592172038e+03	2.143157875143911484e-01	1.359324064064698356e-01	2.740257780562543322e-01	1.717367439428665876e-01	8.059641001262150828e-02	3.489492798154684300e-02	8.849794608561090126e-02
1.490033225805827215e+03	2.138473079818123679e-01	1.356088989086418617e-01	2.743259354816603990e-01	1.719483768493198228e-01	8.068632868462326246e-02	3.495583499460874766e-02	8.862731709909467404e-02
1.494870996019482618e+03	2.133815753596203790e-01	1.352871790111820349e-01	2.746243359689090613e-01	1.721587713873625469e-01	8.077575873652535765e-02	3.501645814103098581e-02	8.875592139513073520e-02
1.499708766233137567e+03	2.129185729577084407e-01	1.349672373059853658e-01	2.749209905105460261e-01	1.723679345434418753e-01	8.086470266451015187e-02	3.507679827655808130e-02	8.888376374101110422e-02
1.504546536446793198e+03	2.124582841958603807e-01	1.346490644272549386e-01	2.752159100197259511e-01	1.725758732676492269e-01	8.095316295392146477e-02	3.513685626186461436e-02	8.901084887348446884e-02
1.509384306660448374e+03	2.120006926029065208e-01	1.343326510514264438e-01	2.755091053309837723e-01	1.727825944738728137e-01	8.104114207928382607e-02	3.519663296239489148e-02	8.913718149889275633e-02
1.514222076874103550e+03	2.115457818158878178e-01	1.340179878970909066e-01	2.758005872009939852e-01	1.729881050399499076e-01	8.112864250432223756e-02	3.525612924820543947e-02	8.926276629331071633e-02
1.519059847087758726e+03	2.110935355792279977e-01	1.337050657249151675e-01	2.760903663093183802e-01	1.731924118078186636e-01	8.121566668198242078e-02	3.531534599381023348e-02	8.938760790268814038e-02
1.523897617301414357e+03	2.106439377439136285e-01	1.333938753375607800e-01	2.763784532591418430e-01	1.733955215836695540e-01	8.130221705445167535e-02	3.537428407802872821e-02	8.951171094299478770e-02
1.528735387515069533e+03	2.101969722666822415e-01	1.330844075796007442e-01	2.766648585779972747e-01	1.735974411380966087e-01	8.138829605318008420e-02	3.543294438383657458e-02	8.963508000036746193e-02
