5.660191149976681118e+02	3.814927874304556710e-01	2.429986198072215942e-01	1.631773341312827141e-01	9.838836860595846778e-02	5.124259138036303673e-02	1.821746450250730232e-02	4.448283414197766461e-02
5.805324256386339812e+02	3.770192282813705775e-01	2.403804036671363109e-01	1.664301458824408164e-01	1.002765655074891599e-01	5.194679080882275146e-02	1.851988878907091449e-02	4.542697706343594433e-02
5.950457362795999643e+02	3.726334263469777142e-01	2.377989984270491852e-01	1.695865650135608416e-01	1.021312122862359784e-01	5.264240749182826085e-02	1.882504947527170389e-02	4.638234095884280483e-02
6.095590469205657200e+02	3.683332599949297181e-01	2.352541168086305368e-01	1.726522105408643537e-01	1.039531528410792133e-01	5.332935996667422657e-02	1.913246817332716482e-02	4.734543167426134153e-02
6.240723575615315895e+02	3.641166852320033009e-01	2.327454610107062005e-01	1.756321906845448033e-01	1.057431781489088368e-01	5.400758820206177230e-02	1.944170568100425656e-02	4.831319104053737740e-02
6.385856682024975726e+02	3.599817309887168304e-01	2.302727236402663524e-01	1.785311563908739407e-01	1.075020318339233727e-01	5.467705119538379677e-02	1.975235853091459465e-02	4.928294741968761855e-02
6.530989788434633283e+02	3.559264948077697777e-01	2.278355885855708474e-01	1.813533490367578715e-01	1.092304151084577124e-01	5.533772482970667622e-02	2.006405588068905024e-02	5.025237175081453261e-02
6.676122894844290840e+02	3.519491388959091194e-01	2.254337318352160890e-01	1.841026429555527033e-01	1.109289911557311270e-01	5.598959996210120527e-02	2.037645670807795503e-02	5.121943848717823433e-02
6.821256001253949535e+02	3.480478865031207403e-01	2.230668222467208084e-01	1.867825833525791623e-01	1.125983890170869084e-01	5.663268071809057086e-02	2.068924727892334364e-02	5.218239088324494457e-02
6.966389107663608229e+02	3.442210185968698766e-01	2.207345222679080177e-01	1.893964201161662808e-01	1.142392070393407066e-01	5.726698296975460400e-02	2.100213885942248809e-02	5.313971015030460876e-02
7.111522214073266923e+02	3.404668708025254675e-01	2.184364886141083317e-01	1.919471379743477035e-01	1.158520159316697717e-01	5.789253297749601124e-02	2.131486564719389104e-02	5.409008805242544737e-02
7.256655320482924481e+02	3.367838305841437951e-01	2.161723729039786712e-01	1.944374833977714767e-01	1.174373614759753326e-01	5.850936617766886588e-02	2.162718289841037214e-02	5.503240256181813478e-02
7.401788426892584312e+02	3.331703346424972900e-01	2.139418222565211969e-01	1.968699886052852344e-01	1.189957669297588283e-01	5.911752610022248666e-02	2.193886523071559430e-02	5.596569623476606303e-02
7.546921533302243006e+02	3.296248665096518926e-01	2.117444798516970039e-01	1.992469929894229719e-01	1.205277351562037275e-01	5.971706340225178128e-02	2.224970508382406384e-02	5.688915700671525605e-02
7.692054639711900563e+02	3.261459543215534107e-01	2.095799854568548004e-01	2.015706622441084672e-01	1.220337505122864319e-01	6.030803500489166635e-02	2.255951132164941975e-02	5.780210113842249725e-02
7.837187746121558121e+02	3.227321687520054438e-01	2.074479759210361152e-01	2.038430054458285345e-01	1.235142805223013174e-01	6.089050332236937285e-02	2.286810796153813941e-02	5.870395807468782590e-02
7.982320852531219089e+02	3.193821210931386267e-01	2.053480856390735299e-01	2.060658903118912089e-01	1.249697773611267854e-01	6.146453557325331357e-02	2.317533301772891838e-02	5.959425700355437672e-02
8.127453958940876646e+02	3.160944614690026633e-01	2.032799469872661191e-01	2.082410568347921598e-01	1.264006791688405129e-01	6.203020316502720621e-02	2.348103744753286468e-02	6.047261492730526822e-02
8.272587065350534203e+02	3.128678771702790296e-01	2.012431907322935198e-01	2.103701294698314406e-01	1.278074112158750220e-01	6.258758114408821682e-02	2.378508418995452928e-02	6.133872607744503269e-02
8.417720171760191761e+02	3.097010910993345800e-01	1.992374464149199442e-01	2.124546280336517545e-01	1.291903869357556300e-01	6.313674770413142678e-02	2.408734728756542140e-02	6.219235252440803718e-02
8.562853278169851592e+02	3.065928603159246424e-01	1.972623427099357007e-01	2.144959774540461106e-01	1.305500088405525672e-01	6.367778374665125640e-02	2.438771108341446225e-02	6.303331584924200259e-02
8.707986384579510286e+02	3.035419746748307945e-01	1.953175077636900014e-01	2.164955164959658229e-01	1.318866693324808048e-01	6.421077248797447956e-02	2.468606948562698106e-02	6.386148975919789250e-02
8.853119490989170117e+02	3.005472555475857122e-01	1.934025695104824027e-01	2.184545055749426701e-01	1.332007514235718226e-01	6.473579910784853231e-02	2.498232529311680133e-02	6.467679354221889110e-02
8.998252597398827675e+02	2.976075546212191836e-01	1.915171559689991532e-01	2.203741337569325165e-01	1.344926293739998335e-01	6.525295043515043358e-02	2.527638957652532034e-02	6.547918626694042288e-02
9.143385703808486369e+02	2.947217527676525561e-01	1.896608955199078905e-01	2.222555250327254983e-01	1.357626692584524841e-01	6.576231466676431270e-02	2.556818110911597552e-02	6.626866164514816360e-02
9.288518810218145063e+02	2.918887589779927683e-01	1.878334171656549922e-01	2.240997439454015527e-01	1.370112294688764221e-01	6.626398111610491692e-02	2.585762584290077909e-02	6.704524348283547042e-02
9.433651916627801484e+02	2.891075093565332876e-01	1.860343507734467106e-01	2.259078006407091443e-01	1.382386611609867366e-01	6.675803998814690277e-02	2.614465642576463064e-02	6.780898165417952039e-02
9.578785023037459041e+02	2.863769661697690427e-01	1.842633273023370766e-01	2.276806554025886387e-01	1.394453086510925033e-01	6.724458217815992844e-02	2.642921175578949108e-02	6.855994854003032157e-02
9.723918129447120009e+02	2.836961169461776344e-01	1.825199790152905455e-01	2.294192227292511654e-01	1.406315097690470362e-01	6.772369909165301682e-02	2.671123656936992899e-02	6.929823587897764037e-02
9.869051235856777566e+02	2.810639736229215702e-01	1.808039396770368956e-01	2.311243749991598873e-01	1.417975961724715905e-01	6.819548248330119244e-02	2.699068106005926559e-02	7.002395198481664584e-02
1.001418434226643626e+03	2.784795717359824785e-01	1.791148447384889597e-01	2.327969457708647938e-01	1.429438936268141724e-01	6.866002431286788443e-02	2.726750052539591782e-02	7.073721928935283731e-02
1.015931744867609382e+03	2.759419696505627795e-01	1.774523315084498010e-01	2.344377327558410662e-01	1.440707222552848887e-01	6.911741661635066591e-02	2.754165503923690014e-02	7.143817217404091480e-02
1.030445055508575479e+03	2.734502478288771132e-01	1.758160393132949251e-01	2.360475004992052539e-01	1.451783967622458371e-01	6.956775139076851189e-02	2.781310914737310236e-02	7.212695505800230389e-02
1.044958366149541234e+03	2.710035081327166750e-01	1.742056096452773151e-01	2.376269827993802985e-01	1.462672266332231963e-01	7.001112049117831637e-02	2.808183158442236968e-02	7.280372071356892849e-02
1.059471676790506763e+03	2.686008731584019760e-01	1.726206863000670777e-01	2.391768848943934822e-01	1.473375163143446631e-01	7.044761553866013548e-02	2.834779501019444453e-02	7.346862878370534478e-02
1.073984987431472746e+03	2.662414856019499343e-01	1.710609155041037666e-01	2.406978854394780099e-01	1.483895653736812537e-01	7.087732783814480741e-02	2.861097576389871888e-02	7.412184447851061231e-02
1.088498298072438729e+03	2.639245076524689981e-01	1.695259460323091383e-01	2.421906382979647498e-01	1.494236686466852149e-01	7.130034830507818444e-02	2.887135363472422001e-02	7.476353743053662515e-02
1.103011608713404712e+03	2.616491204119665848e-01	1.680154293166774004e-01	2.436557741650623998e-01	1.504401163676615805e-01	7.171676740002269623e-02	2.912891164746301761e-02	7.539388069091340627e-02
1.117524919354370468e+03	2.594145233399062223e-01	1.665290195462336420e-01	2.450939020419984071e-01	1.514391942889838916e-01	7.212667507039283166e-02	2.938363586197513533e-02	7.601304985027693140e-02
1.132038229995336451e+03	2.572199337209891135e-01	1.650663737588247415e-01	2.465056105760988769e-01	1.524211837895642352e-01	7.253016069860551696e-02	2.963551518540680565e-02	7.662122227027777510e-02
1.146551540636302207e+03	2.550645861547605753e-01	1.636271519251824569e-01	2.478914692807005216e-01	1.533863619739104234e-01	7.292731305600270997e-02	2.988454119617588514e-02	7.721857641303449260e-02
1.161064851277267962e+03	2.529477320657537165e-01	1.622110170256761408e-01	2.492520296472867658e-01	1.543350017629447346e-01	7.331822026197068465e-02	3.013070797882956911e-02	7.780529125730545337e-02
1.175578161918233945e+03	2.508686392329848025e-01	1.608176351201501542e-01	2.505878261609035262e-01	1.552673719776194172e-01	7.370296974774075138e-02	3.037401196896163946e-02	7.838154579140679812e-02
1.190091472559199701e+03	2.488265913377069316e-01	1.594466754112214835e-01	2.518993772287196897e-01	1.561837374162398928e-01	7.408164822441012931e-02	3.061445180745015968e-02	7.894751857401888229e-02
1.204604783200165684e+03	2.468208875284122750e-01	1.580978103013931380e-01	2.531871860305376920e-01	1.570843589262974349e-01	7.445434165476930155e-02	3.085202820334257204e-02	7.950338735501476239e-02
1.219118093841131440e+03	2.448508420021488496e-01	1.567707154443213902e-01	2.544517412991156302e-01	1.579694934715156485e-01	7.482113522856509435e-02	3.108674380477477114e-02	8.004932874932584042e-02
1.233631404482097196e+03	2.429157836012867666e-01	1.554650697905573253e-01	2.556935180373197669e-01	1.588393941947288113e-01	7.518211334086698228e-02	3.131860307736420573e-02	8.058551795764334891e-02
1.248144715123063179e+03	2.410150554249312072e-01	1.541805556280671508e-01	2.569129781783801025e-01	1.596943104771351707e-01	7.553735957323791383e-02	3.154761218956514401e-02	8.111212852845052501e-02
1.262658025764028707e+03	2.391480144542366959e-01	1.529168586178206168e-01	2.581105711948503689e-01	1.605344879943995107e-01	7.588695667744169149e-02	3.177377890451782427e-02	8.162933215650054752e-02
1.277171336404994690e+03	2.373140311909287259e-01	1.516736678247217474e-01	2.592867346612823254e-01	1.613601687700216281e-01	7.623098656144584873e-02	3.199711247796219876e-02	8.213729851340478838e-02
1.291684647045960673e+03	2.355124893083867244e-01	1.504506757441430587e-01	2.604418947750927749e-01	1.621715912263329007e-01	7.656953027750336427e-02	3.221762356182240189e-02	8.263619510648609334e-02
1.306197957686926657e+03	2.337427853146848977e-01	1.492475783243111809e-01	2.615764668396283188e-01	1.629689902334384710e-01	7.690266801211836922e-02	3.243532411310001001e-02	8.312618716248608430e-02
1.320711268327892412e+03	2.320043282270279061e-01	1.480640749847789983e-01	2.626908557130143707e-01	1.637525971563806859e-01	7.723047907772000176e-02	3.265022730774288368e-02	8.360743753310255488e-02
1.335224578968857941e+03	2.302965392570535952e-01	1.468998686312084079e-01	2.637854562259966396e-01	1.645226399007635454e-01	7.755304190588645230e-02	3.286234745918276134e-02	8.408010661967600663e-02
1.349737889609823924e+03	2.286188515065095128e-01	1.457546656666763585e-01	2.648606535716510613e-01	1.652793429570459938e-01	7.787043404197632746e-02	3.307169994125813001e-02	8.454435231465001754e-02
1.364251200250789907e+03	2.269707096728389439e-01	1.446281759997060101e-01	2.659168236695376719e-01	1.660229274436844649e-01	7.818273214103851898e-02	3.327830111526070694e-02	8.500032995770109845e-02
1.378764510891755890e+03	2.253515697642421434e-01	1.435201130492154697e-01	2.669543335066084655e-01	1.667536111492795292e-01	7.849001196488421261e-02	3.348216826086301834e-02	8.544819230467463889e-02
1.393277821532721646e+03	2.237608988238022345e-01	1.424301937465663748e-01	2.679735414569421326e-01	1.674716085738607030e-01	7.879234838021585696e-02	3.368331951070265701e-02	8.588808950767749806e-02
1.407791132173687402e+03	2.221981746622912202e-01	1.413581385348862129e-01	2.689747975821657477e-01	1.681771309694237715e-01	7.908981535771780758e-02	3.388177378841455284e-02	8.632016910486813022e-02
1.422304442814653157e+03	2.206628855992917304e-01	1.403036713658286916e-01	2.699584439142347914e-01	1.688703863798187987e-01	7.938248597202228474e-02	3.407755074991766775e-02	8.674457601865358247e-02
1.436817753455619140e+03	2.191545302122919481e-01	1.392665196939296413e-01	2.709248147220726932e-01	1.695515796800722841e-01	7.967043240247247138e-02	3.427067072777560675e-02	8.716145256115291617e-02
1.451331064096585123e+03	2.176726170934292215e-01	1.382464144687070851e-01	2.718742367634230384e-01	1.702209126152137708e-01	7.995372593461179400e-02	3.446115467846325858e-02	8.757093844591937182e-02
1.465844374737550879e+03	2.162166646135758596e-01	1.372430901246466661e-01	2.728070295231294629e-01	1.708785838386665534e-01	8.023243696233471611e-02	3.464902413238236251e-02	8.797317080503193332e-02
1.480357685378516862e+03	2.147862006934762036e-01	1.362562845692077418e-01	2.737235054389396960e-01	1.715247889502520828e-01	8.050663499064034112e-02	3.483430114647963205e-02	8.836828421077180806e-02
1.494870996019482618e+03	2.133807625816600828e-01	1.352857391689774591e-01	2.746239701158227908e-01	1.721597205338494530e-01	8.077638863893552013e-02	3.501700825933016376e-02	8.875641070119205667e-02
1.509384306660448374e+03	2.119998966388716988e-01	1.343311987340941593e-01	2.755087225296905529e-01	1.727835681947435809e-01	8.104176564483847600e-02	3.519716844855767801e-02	8.913767980897142895e-02
1.523897617301414357e+03	2.106431581287650789e-01	1.333924115010560463e-01	2.763780552213305763e-01	1.733965185966897249e-01	8.130283286843861812e-02	3.537480509047104954e-02	8.951221859301652928e-02
1.538410927942380113e+03	2.093101110146310673e-01	1.324691291140241978e-01	2.772322544812786949e-01	1.739987554987163787e-01	8.155965629697196906e-02	3.554994192180401663e-02	8.988015167234128522e-02
1.552924238583346096e+03	2.080003277619313917e-01	1.315611066047241151e-01	2.780716005262919843e-01	1.745904597916836110e-01	8.181230104987481655e-02	3.572260300345158485e-02	9.024160126181014763e-02
1.567437549224311852e+03	2.067133891464261741e-01	1.306681023710448142e-01	2.788963676680191184e-01	1.751718095346101456e-01	8.206083138418163170e-02	3.589281268610312187e-02	9.059668720938268693e-02
1.581950859865277607e+03	2.054488840676916284e-01	1.297898781544291891e-01	2.797068244744121968e-01	1.757429799907787304e-01	8.230531070023619500e-02	3.606059557767765655e-02	9.094552703454204801e-02
1.596464170506243590e+03	2.042064093678339354e-01	1.289261990161448823e-01	2.805032339243728745e-01	1.763041436636266501e-01	8.254580154768692557e-02	3.622597651247255052e-02	9.128823596762988823e-02
1.610977481147209119e+03	2.029855696552142486e-01	1.280768333125197611e-01	2.812858535560805451e-01	1.768554703324253796e-01	8.278236563174043439e-02	3.638898052194147748e-02	9.162492698984588124e-02
1.625490791788175102e+03	2.017859771330082208e-01	1.272415526692229626e-01	2.820549356094128601e-01	1.773971270877515438e-01	8.301506381964886272e-02	3.654963280702243356e-02	9.195571087370088548e-02
1.640004102429141085e+03	2.006072514324311606e-01	1.264201319546668367e-01	2.828107271628297337e-01	1.779292783667496547e-01	8.324395614740864868e-02	3.670795871194071358e-02	9.228069622374104886e-02
1.654517413070107068e+03	1.994490194504677516e-01	1.256123492526027008e-01	2.835534702650622241e-01	1.784520859881849886e-01	8.346910182665043254e-02	3.686398369941577130e-02	9.259998951738396267e-02
1.669030723711072824e+03	1.983109151919515145e-01	1.248179858339783094e-01	2.842834020619174340e-01	1.789657091872849104e-01	8.369055925170071353e-02	3.701773332720487142e-02	9.291369514573014077e-02
1.683544034352038352e+03	1.971925796158469357e-01	1.240368261281222378e-01	2.850007549184847000e-01	1.794703046503645649e-01	8.390838600679796644e-02	3.716923322591957762e-02	9.322191545423194614e-02
1.698057344993004335e+03	1.960936604855924859e-01	1.232686576933165329e-01	2.857057565370048624e-01	1.799660265492334654e-01	8.412263887344698099e-02	3.731850907805476375e-02	9.352475078311892065e-02
1.712570655633970318e+03	1.950138122233689708e-01	1.225132711868160834e-01	2.863986300706428678e-01	1.804530265753779283e-01	8.433337383789621389e-02	3.746558659817262465e-02	9.382229950749328140e-02
1.727083966274936301e+03	1.939526957681638186e-01	1.217704603343696262e-01	2.870795942333858597e-01	1.809314539739144134e-01	8.454064609872440073e-02	3.761049151418720260e-02	9.411465807702266984e-02
1.741597276915902057e+03	1.929099784375064019e-01	1.210400218992948723e-01	2.877488634062695949e-01	1.814014555773079129e-01	8.474451007452342421e-02	3.775324954969763724e-02	9.440192105516823085e-02
1.756110587556867813e+03	1.918853337927549085e-01	1.203217556511571723e-01	2.884066477401223683e-01	1.818631758388504771e-01	8.494501941166539283e-02	3.789388640732085922e-02	9.468418115789693779e-02
1.770623898197833569e+03	1.908784415078208230e-01	1.196154643340983786e-01	2.890531532550009719e-01	1.823167568658931592e-01	8.514222699214289702e-02	3.803242775297679262e-02	9.496152929183517000e-02
1.785137208838799552e+03	1.898889872412199420e-01	1.189209536348602020e-01	2.896885819364790060e-01	1.827623384528265227e-01	8.533618494147200695e-02	3.816889920108158113e-02	9.523405459182895938e-02
1.799650519479765535e+03	1.889166625113452014e-01	1.182380321505440979e-01	2.903131318289386975e-01	1.832000581138029938e-01	8.552694463664828328e-02	3.830332630060615667e-02	9.550184445788283127e-02
1.814163830120731291e+03	1.879611645748589799e-01	1.175665113561468744e-01	2.909269971260041165e-01	1.836300511151963133e-01	8.571455671414693334e-02	3.843573452195989115e-02	9.576498459145517395e-02
1.828677140761696819e+03	1.870221963081078465e-01	1.169062055719095605e-01	2.915303682582465195e-01	1.840524505077917039e-01	8.589907107795875796e-02	3.856614924466060523e-02	9.602355903109327517e-02
1.843190451402663257e+03	1.860994660914655485e-01	1.162569319305147703e-01	2.921234319782818889e-01	1.844673871587022285e-01	8.608053690765396504e-02	3.869459574575422056e-02	9.627765018739574410e-02
1.857703762043628785e+03	1.851926876965141744e-01	1.156185103441656759e-01	2.927063714433737474e-01	1.848749897830052891e-01	8.625900266646653602e-02	3.882109918894895151e-02	9.652733887729404716e-02
1.872217072684594768e+03	1.843015801759765593e-01	1.149907634715780363e-01	2.932793662956473257e-01	1.852753849750953530e-01	8.643451610939260898e-02	3.894568461443065344e-02	9.677270435764796785e-02
1.886730383325560297e+03	1.834258677563161410e-01	1.143735166849148971e-01	2.938425927400133975e-01	1.856686972397473268e-01	8.660712429129625856e-02	3.906837692932729061e-02	9.701382435815324168e-02
1.901243693966526507e+03	1.825652797329242738e-01	1.137665980366915769e-01	2.943962236198949811e-01	1.860550490228869980e-01	8.677687357501688570e-02	3.918920089879213836e-02	9.725077511356171323e-02
1.915757004607492036e+03	1.817195503678171453e-01	1.131698382266773245e-01	2.949404284908441753e-01	1.864345607420638817e-01	8.694380963947258290e-02	3.930818113767659688e-02	9.748363139521686038e-02
1.930270315248458019e+03	1.808884187897676910e-01	1.125830705688180416e-01	2.954753736921313934e-01	1.868073508166229191e-01	8.710797748775449267e-02	3.942534210276478490e-02	9.771246654190922365e-02
1.944783625889424002e+03	1.800716288968007839e-01	1.120061309582034981e-01	2.960012224163839356e-01	1.871735356975717524e-01	8.726942145520714955e-02	3.954070808554350364e-02	9.793735249005793009e-02
1.959296936530389530e+03	1.792689292609820073e-01	1.114388578381005357e-01	2.965181347773478415e-01	1.875332298971399692e-01	8.742818521749036453e-02	3.965430320548204296e-02	9.815835980322583365e-02
1.973810247171355968e+03	1.784800730354336729e-01	1.108810921670727312e-01	2.970262678758415764e-01	1.878865460180275671e-01	8.758431179861844718e-02	3.976615140379777952e-02	9.837555770097689001e-02
1.988323557812321269e+03	1.777048178635133868e-01	1.103326773862055576e-01	2.975257758639669459e-01	1.882335947823402522e-01	8.773784357897287944e-02	3.987627643768429375e-02	9.858901408708535541e-02
2.002836868453287707e+03	1.769429257900928254e-01	1.097934593864550862e-01	2.980168100076397986e-01	1.885744850602091571e-01	8.788882230328468048e-02	3.998470187497996098e-02	9.879879557710714855e-02
2.017350179094252780e+03	1.761941631748774328e-01	1.092632864761367284e-01	2.984995187474985823e-01	1.889093238980926182e-01	8.803728908858303448e-02	4.009145108925586676e-02	9.900496752532436662e-02
2.031863489735218764e+03	1.754583006077082563e-01	1.087420093485698541e-01	2.989740477582473743e-01	1.892382165467589306e-01	8.818328443210710077e-02	4.019654725530277806e-02	9.920759405107430762e-02
2.046376800376184747e+03	1.747351128257909059e-01	1.082294810498926896e-01	2.994405400064861777e-01	1.895612664889480548e-01	8.832684821917793916e-02	4.030001334499793558e-02	9.940673806447496152e-02
2.060890111017150957e+03	1.740243786327972386e-01	1.077255569470612906e-01	2.998991358070789426e-01	1.898785754667113301e-01	8.846801973102773331e-02	4.040187212353312657e-02	9.960246129155904404e-02
2.075403421658116713e+03	1.733258808197879197e-01	1.072300946960449974e-01	3.003499728781083844e-01	1.901902435084283083e-01	8.860683765258389744e-02	4.050214614598638546e-02	9.979482429882884087e-02
2.089916732299082469e+03	1.726394060879057057e-01	1.067429542102302370e-01	3.007931863944623974e-01	1.904963689555000395e-01	8.874334008020542952e-02	4.060085775422050958e-02	9.998388651724442189e-02
2.104430042940048224e+03	1.719647449727903787e-01	1.062639976290436494e-01	3.012289090400975256e-01	1.907970484887179796e-01	8.887756452936945717e-02	4.069802907409213188e-02	1.001697062656576598e-01
2.118943353581013525e+03	1.713016917706691178e-01	1.057930892868043649e-01	3.016572710590198492e-01	1.910923771543089622e-01	8.900954794230590827e-02	4.079368201295601598e-02	1.003523407737045986e-01
2.133456664221980191e+03	1.706500444660761229e-01	1.053300956818150058e-01	3.020784003050253075e-01	1.913824483896557627e-01	8.913932669557819710e-02	4.088783825744971012e-02	1.005318462041687455e-01
2.147969974862945492e+03	1.700096046611586087e-01	1.048748854456999086e-01	3.024924222902363180e-01	1.916673540486935889e-01	8.926693660760838533e-02	4.098051927154452989e-02	1.007082776748274844e-01
2.162483285503912157e+03	1.693801775065259807e-01	1.044273293129982655e-01	3.028994602324727170e-01	1.919471844269831917e-01	8.939241294614505562e-02	4.107174629484934558e-02	1.008816892797942816e-01
2.176996596144877003e+03	1.687615716336013649e-01	1.039873000910196826e-01	3.032996351014921044e-01	1.922220282864606500e-01	8.951579043567232941e-02	4.116154034115421245e-02	1.010521341103684662e-01
2.191509906785843214e+03	1.681535990884362730e-01	1.035546726299686054e-01	3.036930656641332882e-01	1.924919728798652752e-01	8.963710326475884949e-02	4.124992219720161751e-02	1.012196642754048803e-01
2.206023217426809424e+03	1.675560752669495446e-01	1.031293237933437051e-01	3.040798685283956360e-01	1.927571039748462722e-01	8.975638509334515902e-02	4.133691242167342184e-02	1.013843309212150573e-01
2.220536528067775180e+03	1.669688188515535132e-01	1.027111324286175131e-01	3.044601581864859186e-01	1.930175058777493513e-01	8.987366905996856115e-02	4.142253134438226431e-02	1.015461842510116675e-01
2.235049838708740936e+03	1.663916517491318692e-01	1.022999793382014661e-01	3.048340470568622340e-01	1.932732614570845942e-01	8.998898778892429340e-02	4.150679906565672012e-02	1.017052735439075845e-01
2.249563149349706237e+03	1.658243990303338022e-01	1.018957472507005801e-01	3.052016455253046545e-01	1.935244521666771578e-01	9.010237339736201778e-02	4.158973545590973625e-02	1.018616471734807988e-01
2.264076459990672902e+03	1.652668888701512573e-01	1.014983207924617103e-01	3.055630619850399077e-01	1.937711580685021751e-01	9.021385750231683542e-02	4.167136015538063648e-02	1.020153526259161281e-01
2.278589770631638203e+03	1.647189524897466339e-01	1.011075864594190576e-01	3.059184028759474039e-01	1.940134578552059341e-01	9.032347122767393766e-02	4.175169257404121731e-02	1.021664365177344935e-01
2.293103081272604413e+03	1.641804240994989561e-01	1.007234325892396865e-01	3.062677727228721447e-01	1.942514288723145854e-01	9.043124521106632452e-02	4.183075189165694208e-02	1.023149446131201290e-01
2.307616391913570169e+03	1.636511408432382852e-01	1.003457493337720219e-01	3.066112741730697144e-01	1.944851471401332355e-01	9.053720961070481354e-02	4.190855705799454572e-02	1.024609218408561728e-01
2.322129702554535925e+03	1.631309427436387072e-01	9.997442863179943628e-02	3.069490080328075021e-01	1.947146873753366758e-01	9.064139411213992248e-02	4.198512679316802887e-02	1.026044123108785233e-01
2.336643013195502135e+03	1.626196726487408595e-01	9.960936418210071530e-02	3.072810733031453578e-01	1.949401230122543016e-01	9.074382793495507082e-02	4.206047958811494347e-02	1.027454593304576030e-01
2.351156323836467891e+03	1.621171761795764110e-01	9.925045141681926308e-02	3.076075672149174434e-01	1.951615262238514947e-01	9.084453983939072552e-02	4.213463370519562878e-02	1.028841054200178989e-01
2.365669634477433647e+03	1.616233016788674315e-01	9.889758747514217074e-02	3.079285852629382592e-01	1.953789679424097481e-01	9.094355813289906054e-02	4.220760717890817415e-02	1.030203923286040490e-01
2.380182945118399402e+03	1.611379001607743389e-01	9.855067117728991133e-02	3.082442212394523318e-01	1.955925178799080566e-01	9.104091067662903325e-02	4.227941781671224614e-02	1.031543610490029822e-01
2.394696255759364703e+03	1.606608252616671395e-01	9.820960299881763278e-02	3.085545672668488781e-01	1.958022445481080176e-01	9.113662489184139182e-02	4.235008319995527126e-02	1.032860518325306315e-01
2.409209566400331823e+03	1.601919331918951750e-01	9.787428504522829864e-02	3.088597138296603206e-01	1.960082152783450826e-01	9.123072776625364144e-02	4.241962068489472243e-02	1.034155042034917982e-01
2.423722877041296670e+03	1.597310826885316171e-01	9.754462102689773206e-02	3.091597498058637483e-01	1.962104962410291253e-01	9.132324586031473346e-02	4.248804740381048606e-02	1.035427569733216174e-01
2.438236187682262880e+03	1.592781349690694792e-01	9.722051623431156309e-02	3.094547624975038103e-01	1.964091524648562959e-01	9.141420531340951894e-02	4.255538026620173109e-02	1.036678482544165919e-01
2.452749498323228636e+03	1.588329536860464686e-01	9.690187751361382940e-02	3.097448376606542486e-01	1.966042478557356865e-01	9.150363184999274480e-02	4.262163596006278421e-02	1.037908154736631727e-01
2.467262808964194392e+03	1.583954048825768623e-01	9.658861324246655056e-02	3.100300595347357246e-01	1.967958452154328908e-01	9.159155078565271724e-02	4.268683095323275167e-02	1.039116953856714654e-01
2.481776119605160602e+03	1.579653569487692866e-01	9.628063330621949856e-02	3.103105108712057580e-01	1.969840062599338415e-01	9.167798703310484076e-02	4.275098149481414839e-02	1.040305240857216235e-01
2.496289430246126358e+03	1.575426805790095808e-01	9.597784907438956792e-02	3.105862729616379325e-01	1.971687916375315930e-01	9.176296510811474128e-02	4.281410361665558689e-02	1.041473370224299672e-01
2.510802740887092114e+03	1.571272487300892085e-01	9.568017337744820494e-02	3.108574256652045231e-01	1.973502609466391555e-01	9.184650913535154226e-02	4.287621313489418245e-02	1.042621690101422083e-01
2.525316051528057415e+03	1.567189365801586742e-01	9.538752048391604954e-02	3.111240474355789765e-01	1.975284727533307971e-01	9.192864285417104431e-02	4.293732565155333747e-02	1.043750542410601806e-01
2.539829362169024080e+03	1.563176214884883231e-01	9.509980607776311046e-02	3.113862153472716776e-01	1.977034846086156983e-01	9.200938962432939072e-02	4.299745655619177653e-02	1.044860262971091247e-01
2.554342672809989381e+03	1.559231829560173144e-01	9.481694723611303055e-02	3.116440051214138252e-01	1.978753530654460135e-01	9.208877243162712223e-02	4.305662102760005744e-02	1.045951181615517450e-01
2.568855983450955591e+03	1.555355025866729801e-01	9.453886240724980461e-02	3.118974911510030146e-01	1.980441336954630871e-01	9.216681389348409248e-02	4.311483403554064453e-02	1.047023622303554086e-01
2.583369294091921347e+03	1.551544640494436911e-01	9.426547138892507616e-02	3.121467465256234641e-01	1.982098811054844589e-01	9.224353626444545262e-02	4.317211034252824847e-02	1.048077903233186337e-01
2.597882604732887103e+03	1.547799530411874402e-01	9.399669530696405650e-02	3.123918430556543169e-01	1.983726489537347981e-01	9.231896144161896856e-02	4.322846450564687970e-02	1.049114336949625997e-01
2.612395915373853313e+03	1.544118572501609055e-01	9.373245659416817865e-02	3.126328512959777872e-01	1.985324899658240105e-01	9.239311097004403173e-02	4.328391087840046531e-02	1.050133230451937294e-01
2.626909226014819069e+03	1.540500663202517551e-01	9.347267896951229338e-02	3.128698405692002527e-01	1.986894559504752411e-01	9.246600604799290468e-02	4.333846361259402480e-02	1.051134885297426574e-01
2.641422536655784825e+03	1.536944718158997081e-01	9.321728741763404824e-02	3.131028789883972818e-01	1.988435978150062677e-01	9.253766753220413199e-02	4.339213666024246269e-02	1.052119597703852494e-01
2.655935847296750580e+03	1.533449671876903897e-01	9.296620816861356218e-02	3.133320334793942008e-01	1.989949655805668960e-01	9.260811594304911576e-02	4.344494377550418840e-02	1.053087658649508179e-01
2.670449157937716336e+03	1.530014477386078819e-01	9.271936867804046745e-02	3.135573698025935774e-01	1.991436083971358240e-01	9.267737146963170303e-02	4.349689851663701007e-02	1.054039353971227694e-01
2.684962468578682547e+03	1.526638105909312593e-01	9.247669760736632050e-02	3.137789525743598928e-01	1.992895745582798361e-01	9.274545397482160392e-02	4.354801424797376252e-02	1.054974964460365233e-01
2.699475779219648302e+03	1.523319546537612312e-01	9.223812480453970342e-02	3.139968452879728367e-01	1.994329115156786292e-01	9.281238300022190413e-02	4.359830414191524783e-02	1.055894765956797571e-01
2.713989089860614058e+03	1.520057805911633475e-01	9.200358128492135135e-02	3.142111103341576062e-01	1.995736658934177954e-01	9.287817777107121309e-02	4.364778118093839282e-02	1.056799029440996240e-01
2.728502400501579814e+03	1.516851907909147479e-01	9.177299921247696057e-02	3.144218090212043681e-01	1.997118835020536554e-01	9.294285720108093340e-02	4.369645815961730601e-02	1.057688021124214006e-01
2.743015711142545115e+03	1.513700893338408571e-01	9.154631188124465191e-02	3.146290015946845431e-01	1.998476093524526875e-01	9.300643989720808191e-02	4.374434768665532575e-02	1.058562002536831831e-01
2.757529021783511780e+03	1.510603819637305056e-01	9.132345369707467464e-02	3.148327472567744589e-01	1.999808876694084692e-01	9.306894416436418960e-02	4.379146218692608894e-02	1.059421230614909087e-01
2.772042332424477081e+03	1.507559760578161268e-01	9.110436015963840894e-02	3.150331041851945901e-01	2.001117619050394036e-01	9.313038801006089107e-02	4.383781390352183005e-02	1.060265957784979896e-01
2.786555643065443292e+03	1.504567805978082040e-01	9.088896784470401613e-02	3.152301295517740409e-01	2.002402747519699544e-01	9.319078914899257826e-02	4.388341489980711330e-02	1.061096432047133886e-01
2.801068953706408593e+03	1.501627061414712583e-01	9.067721438667573908e-02	3.154238795406478224e-01	2.003664681562986882e-01	9.325016500755677062e-02	4.392827706147645755e-02	1.061912897056425664e-01
2.815582264347374803e+03	1.498736647947310485e-01	9.046903846139418837e-02	3.156144093660965821e-01	2.004903833303557925e-01	9.330853272831268752e-02	4.397241209861421640e-02	1.062715592202647663e-01
2.830095574988341014e+03	1.495895701843011627e-01	9.026437976919474138e-02	3.158017732900356700e-01	2.006120607652532029e-01	9.336590917437861958e-02	4.401583154775531859e-02	1.063504752688506777e-01
2.844608885629306769e+03	1.493103374308186182e-01	9.006317901822089023e-02	3.159860246391617000e-01	2.007315402432301721e-01	9.342231093376865414e-02	4.405854677394542562e-02	1.064280609606239325e-01
2.859122196270272525e+03	1.490358831224779523e-01	8.986537790799008218e-02	3.161672158217653239e-01	2.008488608497973893e-01	9.347775432366921267e-02	4.410056897279925753e-02	1.065043390012701818e-01
2.873635506911238281e+03	1.487661252891535058e-01	8.967091911320868025e-02	3.163453983442159889e-01	2.009640609856820914e-01	9.353225539465620519e-02	4.414190917255578217e-02	1.065793317002971946e-01
2.888148817552204036e+03	1.485009833769996013e-01	8.947974626783349039e-02	3.165206228271271738e-01	2.010771783785776368e-01	9.358582993485313473e-02	4.418257823612917190e-02	1.066530609782492672e-01
2.902662128193170247e+03	1.482403782235195977e-01	8.929180394937663579e-02	3.166929390212090967e-01	2.011882500946997054e-01	9.363849347403087331e-02	4.422258686315436865e-02	1.067255483737792610e-01
2.917175438834136003e+03	1.479842320330933547e-01	8.910703766345103027e-02	3.168623958228150017e-01	2.012973125501525962e-01	9.369026128764974815e-02	4.426194559202627915e-02	1.067968150505815977e-01
2.931688749475101758e+03	1.477324683529548099e-01	8.892539382855346730e-02	3.170290412891884624e-01	2.014044015221079786e-01	9.374114840084425693e-02	4.430066480193157324e-02	1.068668818041891011e-01
2.946202060116067514e+03	1.474850120496096206e-01	8.874681976108221571e-02	3.171929226534183077e-01	2.015095521597989325e-01	9.379116959235139772e-02	4.433875471487221109e-02	1.069357690686369572e-01
2.960715370757033725e+03	1.472417892856848209e-01	8.857126366058645783e-02	3.173540863391068889e-01	2.016127989953322153e-01	9.384033939838290483e-02	4.437622539767983182e-02	1.070034969229965160e-01
2.975228681397999480e+03	1.470027274972013909e-01	8.839867459524443360e-02	3.175125779747582921e-01	2.017141759543211454e-01	9.388867211644214006e-02	4.441308676402015015e-02	1.070700850977820695e-01
2.989741992038964781e+03	1.467677553712614102e-01	8.822900248756747332e-02	3.176684424078925484e-01	2.018137163663422107e-01	9.393618180908609727e-02	4.444934857638668801e-02	1.071355529812331731e-01
3.004255302679930992e+03	1.465368028241417486e-01	8.806219810032683837e-02	3.178217237188917799e-01	2.019114529752175369e-01	9.398288230763332529e-02	4.448502044808305689e-02	1.071999196254753151e-01
3.018768613320896748e+03	1.463098009797857146e-01	8.789821302270067749e-02	3.179724652345837788e-01	2.020074179491262722e-01	9.402878721581825472e-02	4.452011184519320125e-02	1.072632037525617227e-01
3.033281923961862958e+03	1.460866821486855316e-01	8.773699965663803169e-02	3.181207095415685138e-01	2.021016428905474671e-01	9.407390991339244224e-02	4.455463208853890911e-02	1.073254237603987055e-01
3.047795234602828714e+03	1.458673798071473404e-01	8.757851120343707052e-02	3.182664984992939483e-01	2.021941588460366424e-01	9.411826355967352342e-02	4.458859035562407619e-02	1.073865977285570344e-01
3.062308545243794470e+03	1.456518285769314025e-01	8.742270165053458997e-02	3.184098732528849451e-01	2.022849963158389608e-01	9.416186109704235974e-02	4.462199568256516868e-02	1.074467434239722158e-01
3.076821855884760225e+03	1.454399642052605079e-01	8.726952575850419058e-02	3.185508742457316966e-01	2.023741852633414717e-01	9.420471525438900429e-02	4.465485696600735716e-02	1.075058783065354212e-01
3.091335166525725526e+03	1.452317235451886512e-01	8.711893904825984691e-02	3.186895412318423992e-01	2.024617551243667601e-01	9.424683855050805525e-02	4.468718296502594001e-02	1.075640195345780037e-01
3.105848477166692192e+03	1.450270445363238403e-01	8.697089778846242569e-02	3.188259132879647240e-01	2.025477348163105262e-01	9.428824329744404931e-02	4.471898230301257077e-02	1.076211839702514578e-01
3.120361787807657493e+03	1.448258661858975727e-01	8.682535898312626621e-02	3.189600288254812455e-01	2.026321527471256767e-01	9.432894160378753334e-02	4.475026346954585899e-02	1.076773881848053505e-01
3.134875098448624158e+03	1.446281285501745395e-01	8.668228035942279752e-02	3.190919256020836592e-01	2.027150368241549538e-01	9.436894537792223092e-02	4.478103482224613657e-02	1.077326484637651238e-01
3.149388409089589004e+03	1.444337727161957574e-01	8.654162035567879163e-02	3.192216407332298944e-01	2.027964144628150722e-01	9.440826633122406664e-02	4.481130458861383448e-02	1.077869808120120454e-01
3.163901719730555214e+03	1.442427407838492159e-01	8.640333810956622729e-02	3.193492107033887306e-01	2.028763125951339175e-01	9.444691598121263132e-02	4.484108086785143499e-02	1.078404009587673879e-01
3.178415030371521425e+03	1.440549758482610465e-01	8.626739344648115537e-02	3.194746713770768576e-01	2.029547576781438323e-01	9.448490565465551827e-02	4.487037163266847234e-02	1.078929243624826423e-01
3.192928341012487181e+03	1.438704219825019393e-01	8.613374686810887360e-02	3.195980580096918211e-01	2.030317757021329328e-01	9.452224649062639095e-02	4.489918473106948443e-02	1.079445662156380548e-01
3.207441651653452936e+03	1.436890242206020074e-01	8.600235954117274595e-02	3.197194052581452950e-01	2.031073921987567310e-01	9.455894944351707354e-02	4.492752788812469367e-02	1.079953414494510266e-01
3.221954962294418237e+03	1.435107285408686872e-01	8.587319328636383586e-02	3.198387471913008984e-01	2.031816322490121729e-01	9.459502528600437221e-02	4.495540870772311848e-02	1.080452647384965437e-01
3.236468272935384903e+03	1.433354818495017613e-01	8.574621056744907710e-02	3.199561173002203884e-01	2.032545204910767844e-01	9.463048461197230699e-02	4.498283467430802540e-02	1.080943505052412851e-01
3.250981583576350204e+03	1.431632319645001206e-01	8.562137448055501254e-02	3.200715485082221701e-01	2.033260811280143687e-01	9.466533783939010127e-02	4.500981315459456206e-02	1.081426129244933004e-01
3.265494894217316414e+03	1.429939275998544090e-01	8.549864874362476941e-02	3.201850731807557304e-01	2.033963379353498635e-01	9.469959521314676165e-02	4.503635139926936981e-02	1.081900659277687804e-01
3.280008204858282170e+03	1.428275183500204160e-01	8.537799768604557860e-02	3.202967231350956623e-01	2.034653142685153848e-01	9.473326680784249776e-02	4.506245654467213452e-02	1.082367232075779895e-01
3.294521515499247926e+03	1.426639546746677756e-01	8.525938623844445119e-02	3.204065296498593840e-01	2.035330330701695944e-01	9.476636253053792591e-02	4.508813561445892265e-02	1.082825982216316096e-01
3.309034826140214136e+03	1.425031878836991450e-01	8.514277992264933370e-02	3.205145234743511651e-01	2.035995168773921671e-01	9.479889212346123695e-02	4.511339552124727509e-02	1.083277041969693405e-01
3.323548136781179892e+03	1.423451701225343369e-01	8.502814484181342447e-02	3.206207348377369537e-01	2.036647878287556612e-01	9.483086516667411925e-02	4.513824306824291283e-02	1.083720541340123245e-01
3.338061447422145648e+03	1.421898543576547991e-01	8.491544767070019484e-02	3.207251934580522823e-01	2.037288676712766256e-01	9.486229108069693661e-02	4.516268495084808932e-02	1.084156608105407982e-01
3.352574758063111403e+03	1.420371943624035294e-01	8.480465564612653384e-02	3.208279285510476364e-01	2.037917777672481334e-01	9.489317912909364661e-02	4.518672775825153393e-02	1.084585367855986637e-01
3.367088068704076704e+03	1.418871447030356225e-01	8.469573655756187924e-02	3.209289688388736184e-01	2.038535391009552444e-01	9.492353842101715344e-02	4.521037797499990324e-02	1.085006944033262977e-01
3.381601379345043824e+03	1.417396607250148710e-01	8.458865873788071199e-02	3.210283425586091255e-01	2.039141722852758354e-01	9.495337791371530334e-02	4.523364198255082347e-02	1.085421457967230829e-01
3.396114689986008671e+03	1.415946985395516999e-01	8.448339105426633244e-02	3.211260774706364285e-01	2.039736975681682440e-01	9.498270641499850786e-02	4.525652606080746154e-02	1.085829028913410793e-01
3.410628000626974881e+03	1.414522150103783571e-01	8.437990289926337872e-02	3.212222008668652595e-01	2.040321348390477518e-01	9.501153258566916171e-02	4.527903638963468730e-02	1.086229774089112615e-01
3.425141311267940637e+03	1.413121677407565835e-01	8.427816418197696391e-02	3.213167395788088521e-01	2.040895036350538483e-01	9.503986494191346557e-02	4.530117905035678516e-02	1.086623808709033939e-01
3.439654621908906392e+03	1.411745150607136567e-01	8.417814531941615608e-02	3.214097199855156517e-01	2.041458231472099705e-01	9.506771185765632015e-02	4.532296002723687489e-02	1.087011246020213179e-01
3.454167932549872603e+03	1.410392160145026719e-01	8.407981722797948365e-02	3.215011680213585299e-01	2.042011122264772716e-01	9.509508156687961067e-02	4.534438520893795121e-02	1.087392197336344429e-01
