5.756946554249786914e+02	3.789020200356660872e-01	2.412680482183059971e-01	1.653271569858320300e-01	9.959762756640766490e-02	5.148379578802550482e-02	1.844567652312248743e-02	4.497567488240096500e-02
5.805324256386339812e+02	3.774023147680275470e-01	2.404107042935285932e-01	1.664110116061973399e-01	1.002239275700554516e-01	5.171058404297008970e-02	1.854226120808753070e-02	4.529919651089425042e-02
5.853701958522892710e+02	3.759128874125716169e-01	2.395570198780699323e-01	1.674833261640555904e-01	1.008463242766173690e-01	5.193763304695562383e-02	1.863914229063478797e-02	4.562366693085585789e-02
5.902079660659445608e+02	3.744336470642978809e-01	2.387069952372863624e-01	1.685443715531772246e-01	1.014648639647572764e-01	5.216485172956526056e-02	1.873631298947628712e-02	4.594895746120047225e-02
5.950457362795999643e+02	3.729645039921511973e-01	2.378606302817524443e-01	1.695944082700213407e-01	1.020795914142008376e-01	5.239215447337535608e-02	1.883376614922663631e-02	4.627494541903304226e-02
5.998835064932552541e+02	3.715053696173619135e-01	2.370179245747110197e-01	1.706336868802501017e-01	1.026905499702552016e-01	5.261946082142499731e-02	1.893149427672597557e-02	4.660151385903162080e-02
6.047212767069104302e+02	3.700561564923081082e-01	2.361788773394198349e-01	1.716624484632784942e-01	1.032977816055022785e-01	5.284669519986936320e-02	1.902948957513431877e-02	4.692855132424843950e-02
6.095590469205657200e+02	3.686167782798833725e-01	2.353434874663943299e-01	1.726809250359127579e-01	1.039013269787904536e-01	5.307378665504235843e-02	1.912774397591895936e-02	4.725595160781867476e-02
6.143968171342210098e+02	3.671871497333558665e-01	2.345117535205472337e-01	1.736893399560811568e-01	1.045012254916436456e-01	5.330066860419327424e-02	1.922624916885037200e-02	4.758361352508937159e-02
6.192345873478761860e+02	3.657671866767046032e-01	2.336836737482253235e-01	1.746879083076111894e-01	1.050975153422011033e-01	5.352727859919938908e-02	1.932499663011578647e-02	4.791144069570351521e-02
6.240723575615315895e+02	3.643568059854185859e-01	2.328592460841432121e-01	1.756768372669613165e-01	1.056902335767969381e-01	5.375355810259142830e-02	1.942397764865418791e-02	4.823934133519525158e-02
6.289101277751868793e+02	3.629559255677453633e-01	2.320384681582151332e-01	1.766563264527717947e-01	1.062794161392827119e-01	5.397945227526248363e-02	1.952318335081078271e-02	4.856722805567260937e-02
6.337478979888421691e+02	3.615644643463769570e-01	2.312213373022848628e-01	1.776265682590567330e-01	1.068650979181924310e-01	5.420490977526266907e-02	1.962260472340403641e-02	4.889501767518326242e-02
6.385856682024975726e+02	3.601823422405592834e-01	2.304078505567542234e-01	1.785877481728201377e-01	1.074473127918445930e-01	5.442988256711206452e-02	1.972223263529337967e-02	4.922263103537733581e-02
6.434234384161527487e+02	3.588094801486144125e-01	2.295980046771112781e-01	1.795400450768408207e-01	1.080260936714716458e-01	5.465432574109312103e-02	1.982205785753108490e-02	4.954999282709872388e-02
6.482612086298080385e+02	3.574457999308630618e-01	2.287917961403580225e-01	1.804836315383349099e-01	1.086014725424635091e-01	5.487819734201104804e-02	1.992207108217743453e-02	4.987703142355313923e-02
6.530989788434633283e+02	3.560912243929362231e-01	2.279892211513390998e-01	1.814186740841705614e-01	1.091734805038075823e-01	5.510145820693643226e-02	2.002226293985409980e-02	5.020367872071716114e-02
6.579367490571185044e+02	3.547456772694654870e-01	2.271902756489715958e-01	1.823453334632765821e-01	1.097421478058042965e-01	5.532407181146913738e-02	2.012262401610668064e-02	5.052986998466745677e-02
6.627745192707737942e+02	3.534090832081406841e-01	2.263949553123770220e-01	1.832637648968562238e-01	1.103075038861336121e-01	5.554600412408568222e-02	2.022314486664366848e-02	5.085554370552439890e-02
6.676122894844290840e+02	3.520813677541254627e-01	2.256032555669160167e-01	1.841741183169877116e-01	1.108695774043445825e-01	5.576722346815461695e-02	2.032381603151544452e-02	5.118064145771748091e-02
6.724500596980843738e+02	3.507624573348204766e-01	2.248151715901269276e-01	1.850765385941643415e-01	1.114283962748368884e-01	5.598770039122533820e-02	2.042462804829362974e-02	5.150510776629371734e-02
6.772878299117396637e+02	3.494522792449648030e-01	2.240306983175687217e-01	1.859711657543013097e-01	1.119839876984002058e-01	5.620740754121603816e-02	2.052557146430783463e-02	5.182888997900245848e-02
6.821256001253949535e+02	3.481507616320659304e-01	2.232498304485693030e-01	1.868581351857107054e-01	1.125363781923743450e-01	5.642631954914510695e-02	2.062663684799385250e-02	5.215193814390214205e-02
6.869633703390502433e+02	3.468578334821503795e-01	2.224725624518801292e-01	1.877375778365211745e-01	1.130855936194903461e-01	5.664441291806879275e-02	2.072781479940444260e-02	5.247420489224612072e-02
6.918011405527055331e+02	3.455734246058251302e-01	2.216988885712379564e-01	1.886096204029970302e-01	1.136316592154500704e-01	5.686166591790470237e-02	2.082909595993115079e-02	5.279564532641532748e-02
6.966389107663608229e+02	3.442974656246422516e-01	2.209288028308348806e-01	1.894743855091886031e-01	1.141745996152992437e-01	5.707805848583721170e-02	2.093047102128296755e-02	5.311621691267631729e-02
7.014766809800161127e+02	3.430298879577581839e-01	2.201622990406968960e-01	1.903319918783255849e-01	1.147144388786465047e-01	5.729357213201614896e-02	2.103193073376518826e-02	5.343587937855294456e-02
7.063144511936714025e+02	3.417706238088804582e-01	2.193993708019732203e-01	1.911825544963448864e-01	1.152512005137787537e-01	5.750818985027508073e-02	2.113346591389957119e-02	5.375459461460951188e-02
7.111522214073266923e+02	3.405196061534933039e-01	2.186400115121359677e-01	1.920261847679256562e-01	1.157849075007206796e-01	5.772189603360906862e-02	2.123506745142453994e-02	5.407232658045225959e-02
7.159899916209819821e+02	3.392767687263556486e-01	2.178842143700922829e-01	1.928629906653864801e-01	1.163155823132847183e-01	5.793467639416534365e-02	2.133672631571225525e-02	5.438904121476473980e-02
7.208277618346371582e+02	3.380420460092637414e-01	2.171319723812090152e-01	1.936930768707826878e-01	1.168432469401550489e-01	5.814651788751279415e-02	2.143843356163725039e-02	5.470470634920093778e-02
7.256655320482924481e+02	3.368153732190721783e-01	2.163832783622518241e-01	1.945165449115247580e-01	1.173679229050476336e-01	5.835740864096797959e-02	2.154018033492948944e-02	5.501929162596766454e-02
7.305033022619478515e+02	3.355966862959656183e-01	2.156381249462389904e-01	1.953334932898246890e-01	1.178896312859867984e-01	5.856733788576699157e-02	2.164195787704300405e-02	5.533276841893551568e-02
7.353410724756030277e+02	3.343859218919759124e-01	2.148965045872112956e-01	1.961440176062612117e-01	1.184083927337361425e-01	5.877629589288298900e-02	2.174375752956941507e-02	5.564510975812467924e-02
7.401788426892584312e+02	3.331830173597373213e-01	2.141584095649192165e-01	1.969482106777414310e-01	1.189242274894211221e-01	5.898427391229958683e-02	2.184557073822417095e-02	5.595629025741883505e-02
7.450166129029136073e+02	3.319879107414742681e-01	2.134238319894278813e-01	1.977461626501230418e-01	1.194371554013779618e-01	5.919126411555991618e-02	2.194738905643179444e-02	5.626628604536684092e-02
7.498543831165690108e+02	3.308005407582156332e-01	2.126927638056413938e-01	1.985379611057484783e-01	1.199471959412626437e-01	5.939725954142053427e-02	2.204920414853489899e-02	5.657507469893813257e-02
7.546921533302243006e+02	3.296208467992299274e-01	2.119651967977472518e-01	1.993236911661303290e-01	1.204543682194520321e-01	5.960225404444784852e-02	2.215100779265051154e-02	5.688263518010384934e-02
7.595299235438793630e+02	3.284487689116751818e-01	2.112411225935819092e-01	2.001034355900163930e-01	1.209586909997679705e-01	5.980624224640328918e-02	2.225279188319581603e-02	5.718894777512124189e-02
7.643676937575347665e+02	3.272842477904591152e-01	2.105205326689187362e-01	2.008772748670505925e-01	1.214601827135535078e-01	6.000921949027122893e-02	2.235454843310431122e-02	5.749399403640430978e-02
7.692054639711900563e+02	3.261272247683038028e-01	2.098034183516792051e-01	2.016452873072371588e-01	1.219588614731294540e-01	6.021118179679108007e-02	2.245626957575213439e-02	5.779775672686901511e-02
7.740432341848452324e+02	3.249776418060095762e-01	2.090897708260682497e-01	2.024075491264042959e-01	1.224547450846581870e-01	6.041212582336224352e-02	2.255794756661324771e-02	5.810021976664609539e-02
7.788810043985006359e+02	3.238354414829137107e-01	2.083795811366352668e-01	2.031641345278547561e-01	1.229478510604402747e-01	6.061204882519725945e-02	2.265957478466113298e-02	5.840136818205942520e-02
7.837187746121558121e+02	3.227005669875390170e-01	2.076728401922613432e-01	2.039151157803820724e-01	1.234381966306686562e-01	6.081094861860485840e-02	2.276114373353365847e-02	5.870118805677223411e-02
7.885565448258112156e+02	3.215729621084271184e-01	2.069695387700738465e-01	2.046605632928216734e-01	1.239257987546636686e-01	6.100882354629087040e-02	2.286264704247682744e-02	5.899966648500792887e-02
7.933943150394665054e+02	3.204525712251526381e-01	2.062696675192894902e-01	2.054005456852991407e-01	1.244106741316117065e-01	6.120567244457045947e-02	2.296407746708224729e-02	5.929679152675624426e-02
7.982320852531219089e+02	3.193393392995138580e-01	2.055732169649871488e-01	2.061351298573294577e-01	1.248928392108287766e-01	6.140149461239090278e-02	2.306542788983233574e-02	5.959255216487949897e-02
8.030698554667769713e+02	3.182332118668948495e-01	2.048801775118105906e-01	2.068643810529139371e-01	1.253723102015697199e-01	6.159628978206915795e-02	2.316669132046645166e-02	5.988693826403735515e-02
8.079076256804323748e+02	3.171341350277960824e-01	2.041905394476031255e-01	2.075883629227742722e-01	1.258491030824025747e-01	6.179005809165347141e-02	2.326786089618041939e-02	6.017994053135214405e-02
8.127453958940876646e+02	3.160420554395284021e-01	2.035042929469746686e-01	2.083071375838574102e-01	1.263232336101672848e-01	6.198280005882291638e-02	2.336892988167116672e-02	6.047155047874024081e-02
8.175831661077428407e+02	3.149569203080672675e-01	2.028214280748020792e-01	2.090207656762372856e-01	1.267947173285363105e-01	6.217451655624330054e-02	2.346989166903758889e-02	6.076176038683820529e-02
8.224209363213982442e+02	3.138786773800631980e-01	2.021419347896643015e-01	2.097293064175342614e-01	1.272635695761948349e-01	6.236520878830196374e-02	2.357073977754801930e-02	6.105056327045547959e-02
8.272587065350534203e+02	3.128072749350045423e-01	2.014658029472124467e-01	2.104328176549675744e-01	1.277298054946567896e-01	6.255487826914811478e-02	2.367146785328417755e-02	6.133795284548847898e-02
8.320964767487085965e+02	3.117426617775290731e-01	2.007930223034768424e-01	2.111313559151498931e-01	1.281934400357326587e-01	6.274352680196906840e-02	2.377206966867083382e-02	6.162392349723384843e-02
8.369342469623640000e+02	3.106847872298815760e-01	2.001235825181110761e-01	2.118249764517281530e-01	1.286544879686638831e-01	6.293115645943647696e-02	2.387253912189991889e-02	6.190847025004109216e-02
8.417720171760191761e+02	3.096336011245132691e-01	1.994574731575745608e-01	2.125137332909705912e-01	1.291129638869388807e-01	6.311776956525989857e-02	2.397287023625727098e-02	6.219158873824769118e-02
8.466097873896745796e+02	3.085890537968198344e-01	1.987946836982542598e-01	2.131976792753939309e-01	1.295688822148038932e-01	6.330336867678841573e-02	2.407305715935974949e-02	6.247327517834211363e-02
8.514475576033297557e+02	3.075510960780151182e-01	1.981352035295267655e-01	2.138768661055213682e-01	1.300222572134822618e-01	6.348795656860418968e-02	2.417309416231000138e-02	6.275352634230253746e-02
8.562853278169851592e+02	3.065196792881376142e-01	1.974790219567613692e-01	2.145513443798568454e-01	1.304731029871148140e-01	6.367153621705443078e-02	2.427297563877569425e-02	6.303233953206145712e-02
8.611230980306403353e+02	3.054947552291862323e-01	1.968261282042653992e-01	2.152211636331578526e-01	1.309214334884332143e-01	6.385411078567153342e-02	2.437269610399962413e-02	6.330971255504828921e-02
8.659608682442956251e+02	3.044762761783827987e-01	1.961765114181723280e-01	2.158863723730841955e-01	1.313672625241783520e-01	6.403568361143323340e-02	2.447225019374678692e-02	6.358564370076452699e-02
8.707986384579510286e+02	3.034641948815576806e-01	1.955301606692738392e-01	2.165470181152973350e-01	1.318106037602743141e-01	6.421625819181757400e-02	2.457163266319403044e-02	6.386013171834749313e-02
8.756364086716062047e+02	3.024584645466573685e-01	1.948870649557967460e-01	2.172031474170809384e-01	1.322514707267688772e-01	6.439583817260961796e-02	2.467083838576766136e-02	6.413317579508105715e-02
8.804741788852616082e+02	3.014590388373692420e-01	1.942472132061255352e-01	2.178548059095501699e-01	1.326898768225509284e-01	6.457442733641913235e-02	2.476986235193395780e-02	6.440477553581333559e-02
8.853119490989170117e+02	3.004658718668624662e-01	1.936105942814713154e-01	2.185020383285136703e-01	1.331258353198539746e-01	6.475202959187066620e-02	2.486869966794733738e-02	6.467493094324290592e-02
8.901497193125721878e+02	2.994789181916417964e-01	1.929771969784882524e-01	2.191448885440498984e-01	1.335593593685555636e-01	6.492864896342925851e-02	2.496734555456050705e-02	6.494364239903711866e-02
8.949874895262273640e+02	2.984981328055119065e-01	1.923470100318382947e-01	2.197833995888555381e-01	1.339904620002811686e-01	6.510428958182740145e-02	2.506579534570079620e-02	6.521091064574731366e-02
8.998252597398827675e+02	2.975234711336497417e-01	1.917200221167048579e-01	2.204176136854222867e-01	1.344191561323214712e-01	6.527895567506004915e-02	2.516404448711648950e-02	6.547673676948755073e-02
9.046630299535379436e+02	2.965548890267825088e-01	1.910962218512565480e-01	2.210475722720943725e-01	1.348454545713708430e-01	6.545265155991687733e-02	2.526208853499677109e-02	6.574112218334450530e-02
9.095008001671932334e+02	2.955923427554695837e-01	1.904755977990614801e-01	2.216733160280576487e-01	1.352693700170949920e-01	6.562538163402208136e-02	2.535992315456869761e-02	6.600406861148802595e-02
9.143385703808486369e+02	2.946357890044847272e-01	1.898581384714533304e-01	2.222948848973082259e-01	1.356909150655352947e-01	6.579715036835379061e-02	2.545754411867434328e-02	6.626557807395284938e-02
9.191763405945038130e+02	2.936851848672979992e-01	1.892438323298495095e-01	2.229123181116466901e-01	1.361101022123570314e-01	6.596796230021685636e-02	2.555494730633108003e-02	6.652565287206334277e-02
9.240141108081592165e+02	2.927404878406544286e-01	1.886326677880227065e-01	2.235256542127415369e-01	1.365269438559481019e-01	6.613782202664372778e-02	2.565212870127775088e-02	6.678429557447426723e-02
9.288518810218145063e+02	2.918016558192471077e-01	1.880246332143261090e-01	2.241349310733032063e-01	1.369414523003752160e-01	6.630673419819971270e-02	2.574908439050935249e-02	6.704150900380181910e-02
9.336896512354697961e+02	2.908686470904833232e-01	1.874197169338736313e-01	2.247401859174090188e-01	1.373536397582033886e-01	6.647470351317034953e-02	2.584581056280256875e-02	6.729729622382030207e-02
9.385274214491247449e+02	2.899414203293414483e-01	1.868179072306751787e-01	2.253414553400163445e-01	1.377635183531851770e-01	6.664173471210940725e-02	2.594230350723444878e-02	6.755166052720056047e-02
9.433651916627801484e+02	2.890199345933165964e-01	1.862191923497286128e-01	2.259387753257006692e-01	1.381711001228251023e-01	6.680783257272743247e-02	2.603855961169629016e-02	6.780460542376785804e-02
9.482029618764355519e+02	2.881041493174534285e-01	1.856235604990681964e-01	2.265321812666522827e-01	1.385763970208248874e-01	6.697300190510184492e-02	2.613457536140469453e-02	6.805613462925726165e-02
9.530407320900908417e+02	2.871940243094638912e-01	1.850309998517709331e-01	2.271217079799651983e-01	1.389794209194148145e-01	6.713724754719037346e-02	2.623034733741155464e-02	6.830625205454587956e-02
9.578785023037459041e+02	2.862895197449285001e-01	1.844414985479213842e-01	2.277073897242488376e-01	1.393801836115763082e-01	6.730057436063095755e-02	2.632587221511470399e-02	6.855496179534205370e-02
9.627162725174014213e+02	2.853905961625791687e-01	1.838550446965352969e-01	2.282892602155930373e-01	1.397786968131602692e-01	6.746298722681169646e-02	2.642114676277072111e-02	6.880226812231253486e-02
9.675540427310568248e+02	2.844972144596621955e-01	1.832716263774435139e-01	2.288673526429143013e-01	1.401749721649062641e-01	6.762449104319581683e-02	2.651616784001139399e-02	6.904817547162923896e-02
9.723918129447120009e+02	2.836093358873792991e-01	1.826912316431356931e-01	2.294416996827108035e-01	1.405690212343665701e-01	6.778509071988693402e-02	2.661093239636510080e-02	6.929268843591832039e-02
9.772295831583674044e+02	2.827269220464054822e-01	1.821138485205659185e-01	2.300123335132516766e-01	1.409608555177395695e-01	6.794479117642092392e-02	2.670543746978439742e-02	6.953581175559479799e-02
9.820673533720223531e+02	2.818499348824817230e-01	1.815394650129196208e-01	2.305792858282257607e-01	1.413504864416165185e-01	6.810359733877169308e-02	2.679968018518089773e-02	6.977755031056658008e-02
9.869051235856777566e+02	2.809783366820817752e-01	1.809680691013433040e-01	2.311425878498729325e-01	1.417379253646454118e-01	6.826151413655819067e-02	2.689365775296851530e-02	7.001790911229270609e-02
9.917428937993331601e+02	2.801120900681507431e-01	1.803996487466372756e-01	2.317022703416205254e-01	1.421231835791158804e-01	6.841854650044144892e-02	2.698736746761602051e-02	7.025689329618102497e-02
9.965806640129884499e+02	2.792511579959139900e-01	1.798341918909122650e-01	2.322583636202466828e-01	1.425062723124685127e-01	6.857469935970035568e-02	2.708080670620977709e-02	7.049450811431128006e-02
1.001418434226643626e+03	2.783955037487561013e-01	1.792716864592103776e-01	2.328108975675907133e-01	1.428872027287322322e-01	6.872997763997598653e-02	2.717397292702747671e-02	7.073075892847004165e-02
1.006256204440298802e+03	2.775450909341664052e-01	1.787121203610913256e-01	2.333599016418298200e-01	1.432659859298926197e-01	6.888438626117453223e-02	2.726686366812358653e-02	7.096565120348470590e-02
1.011093974653954206e+03	2.766998834797520512e-01	1.781554814921839092e-01	2.339054048883414672e-01	1.436426329571947047e-01	6.903793013551974556e-02	2.735947654592717909e-02	7.119919050084393131e-02
1.015931744867609382e+03	2.758598456293158696e-01	1.776017577357041355e-01	2.344474359501683702e-01	1.440171547923829454e-01	6.919061416574590062e-02	2.745180925385279358e-02	7.143138247259302187e-02
1.020769515081264785e+03	2.750249419389975136e-01	1.770509369639401698e-01	2.349860230781035952e-01	1.443895623588813404e-01	6.934244324342309085e-02	2.754385956092478271e-02	7.166223285549250255e-02
1.025607285294920075e+03	2.741951372734781067e-01	1.765030070397045903e-01	2.355211941404118936e-01	1.447598665229164472e-01	6.949342224740703844e-02	2.763562531041572484e-02	7.189174746542922878e-02
1.030445055508575479e+03	2.733703968022453967e-01	1.759579558177546132e-01	2.360529766322023437e-01	1.451280780945858606e-01	6.964355604240597686e-02	2.772710441849929666e-02	7.211993219206956629e-02
1.035282825722230655e+03	2.725506859959193062e-01	1.754157711461812041e-01	2.365813976844675370e-01	1.454942078288747331e-01	6.979284947765763969e-02	2.781829487291800906e-02	7.234679299374460748e-02
1.040120595935886058e+03	2.717359706226367133e-01	1.748764408677671578e-01	2.371064840728029643e-01	1.458582664266226403e-01	6.994130738570965289e-02	2.790919473166614956e-02	7.257233589255780715e-02
1.044958366149541234e+03	2.709262167444935199e-01	1.743399528213148697e-01	2.376282622258203137e-01	1.462202645354430675e-01	7.008893458129715481e-02	2.799980212168825047e-02	7.279656696970600305e-02
1.049796136363196410e+03	2.701213907140436188e-01	1.738062948429442423e-01	2.381467582332673916e-01	1.465802127505980712e-01	7.023573586031180149e-02	2.809011523759333620e-02	7.301949236100473140e-02
1.054633906576851814e+03	2.693214591708535943e-01	1.732754547673618362e-01	2.386619978538669085e-01	1.469381216158295589e-01	7.038171599885642560e-02	2.818013234038517847e-02	7.324111825260976039e-02
1.059471676790506763e+03	2.685263890381114349e-01	1.727474204291007953e-01	2.391740065228857015e-01	1.472940016241498506e-01	7.052687975238024209e-02	2.826985175620877824e-02	7.346145087692647346e-02
1.064309447004162394e+03	2.677361475192892026e-01	1.722221796637329050e-01	2.396828093594459974e-01	1.476478632185929951e-01	7.067123185488953518e-02	2.835927187511319211e-02	7.368049650869948342e-02
1.069147217217817570e+03	2.669507020948578835e-01	1.716997203090527835e-01	2.401884311735887068e-01	1.479997167929289481e-01	7.081477701822913584e-02	2.844839114983089071e-02	7.389826146127499717e-02
1.073984987431472746e+03	2.661700205190534185e-01	1.711800302062352341e-01	2.406908964730995193e-01	1.483495726923422797e-01	7.095751993143037395e-02	2.853720809457371832e-02	7.411475208302882589e-02
1.078822757645127922e+03	2.653940708166935281e-01	1.706630972009655633e-01	2.411902294701072091e-01	1.486974412140771029e-01	7.109946526012120294e-02	2.862572128384554757e-02	7.432997475395326792e-02
1.083660527858783553e+03	2.646228212800438850e-01	1.701489091445438639e-01	2.416864540874636424e-01	1.490433326080496390e-01	7.124061764599456947e-02	2.871392935127168450e-02	7.454393588239612012e-02
1.088498298072438729e+03	2.638562404657326943e-01	1.696374538949637079e-01	2.421795939649141749e-01	1.493872570774305575e-01	7.138098170633144779e-02	2.880183098844505546e-02	7.475664190194587777e-02
1.093336068286093905e+03	2.630942971917128448e-01	1.691287193179653037e-01	2.426696724650669046e-01	1.497292247791977282e-01	7.152056203357477770e-02	2.888942494378918258e-02	7.496809926845675320e-02
1.098173838499749309e+03	2.623369605342713018e-01	1.686226932880642848e-01	2.431567126791691902e-01	1.500692458246615513e-01	7.165936319495130880e-02	2.897671002143797567e-02	7.517831445720794814e-02
1.103011608713404712e+03	2.615841998250834077e-01	1.681193636895556287e-01	2.436407374326988451e-01	1.504073302799637524e-01	7.179738973213802000e-02	2.906368508013225035e-02	7.538729396019168416e-02
1.107849378927059888e+03	2.608359846483132571e-01	1.676187184174942613e-01	2.441217692907775294e-01	1.507434881665510040e-01	7.193464616097017261e-02	2.915034903213300707e-02	7.559504428352441241e-02
1.112687149140715292e+03	2.600922848377570928e-01	1.671207453786519859e-01	2.445998305634135284e-01	1.510777294616248989e-01	7.207113697118833207e-02	2.923670084215135995e-02	7.580157194497649797e-02
1.117524919354370468e+03	2.593530704740310555e-01	1.666254324924510977e-01	2.450749433105804675e-01	1.514100640985690249e-01	7.220686662622181895e-02	2.932273952629507394e-02	7.600688347161524416e-02
1.122362689568025871e+03	2.586183118818006776e-01	1.661327676918760432e-01	2.455471293471385430e-01	1.517405019673546129e-01	7.234183956300582752e-02	2.940846415103160957e-02	7.621098539755653822e-02
1.127200459781681047e+03	2.578879796270525104e-01	1.656427389243623205e-01	2.460164102476045944e-01	1.520690529149256454e-01	7.247606019183022719e-02	2.949387383216760944e-02	7.641388426182092741e-02
1.132038229995336451e+03	2.571620445144067180e-01	1.651553341526641183e-01	2.464828073507765172e-01	1.523957267455645359e-01	7.260953289621772944e-02	2.957896773384467021e-02	7.661558660628950412e-02
1.136876000208991627e+03	2.564404775844696949e-01	1.646705413557001951e-01	2.469463417642182301e-01	1.527205332212393796e-01	7.274226203282931069e-02	2.966374506755135518e-02	7.681609897375563101e-02
1.141713770422646803e+03	2.557232501112262080e-01	1.641883485293790801e-01	2.474070343686101126e-01	1.530434820619335778e-01	7.287425193139508706e-02	2.974820509115124259e-02	7.701542790606852318e-02
1.146551540636302207e+03	2.550103335994703957e-01	1.637087436874036517e-01	2.478649058219702384e-01	1.533645829459589771e-01	7.300550689466873966e-02	2.983234710792694380e-02	7.721357994236489886e-02
1.151389310849957155e+03	2.543016997822747927e-01	1.632317148620553715e-01	2.483199765637516543e-01	1.536838455102531864e-01	7.313603119840383915e-02	2.991617046563991786e-02	7.741056161738503472e-02
1.156227081063612786e+03	2.535973206184968243e-01	1.627572501049590614e-01	2.487722668188198927e-01	1.540012793506619349e-01	7.326582909135036237e-02	2.999967455560594368e-02	7.760637945986977038e-02
1.161064851277267962e+03	2.528971682903216056e-01	1.622853374878278909e-01	2.492217966013156871e-01	1.543168940222073293e-01	7.339490479527011058e-02	3.008285881178607638e-02	7.780103999103504808e-02
1.165902621490923138e+03	2.522012152008412667e-01	1.618159651031896573e-01	2.496685857184070823e-01	1.546306990393426783e-01	7.352326250496930837e-02	3.016572270989296631e-02	7.799454972312086509e-02
1.170740391704578315e+03	2.515094339716691385e-01	1.613491210650940255e-01	2.501126537739348787e-01	1.549427038761947151e-01	7.365090638834731473e-02	3.024826576651235693e-02	7.818691515801148850e-02
1.175578161918233945e+03	2.508217974405891892e-01	1.608847935098016435e-01	2.505540201719559379e-01	1.552529179667936077e-01	7.377784058646007226e-02	3.033048753823956722e-02	7.837814278592392103e-02
1.180415932131889122e+03	2.501382786592393215e-01	1.604229705964551611e-01	2.509927041201874820e-01	1.555613507052919786e-01	7.390406921359710113e-02	3.041238762083083025e-02	7.856823908416207813e-02
1.185253702345544298e+03	2.494588508908282820e-01	1.599636405077328183e-01	2.514287246333563597e-01	1.558680114461728217e-01	7.402959635737103861e-02	3.049396564836930057e-02	7.875721051593338740e-02
1.190091472559199701e+03	2.487834876078852120e-01	1.595067914504842421e-01	2.518621005364570231e-01	1.561729095044475379e-01	7.415442607881864157e-02	3.057522129244551537e-02	7.894506352922586734e-02
1.194929242772855105e+03	2.481121624900419764e-01	1.590524116563497292e-01	2.522928504679209927e-01	1.564760541558443685e-01	7.427856241251215574e-02	3.065615426135218438e-02	7.913180455574267413e-02
1.199767012986510281e+03	2.474448494218469685e-01	1.586004893823626249e-01	2.527209928827013341e-01	1.567774546369877786e-01	7.440200936668042719e-02	3.073676429929308659e-02	7.931744000989192356e-02
1.204604783200165684e+03	2.467815224906102223e-01	1.581510129115353269e-01	2.531465460552752567e-01	1.570771201455693489e-01	7.452477092333863185e-02	3.081705118560588291e-02	7.950197628782952608e-02
1.209442553413820860e+03	2.461221559842790840e-01	1.577039705534294400e-01	2.535695280825676634e-01	1.573750598405107282e-01	7.464685103842592928e-02	3.089701473399870252e-02	7.968541976655267589e-02
1.214280323627476264e+03	2.454667243893442208e-01	1.572593506447099443e-01	2.539899568867984847e-01	1.576712828421189816e-01	7.476825364195043011e-02	3.097665479180027048e-02	7.986777680304196769e-02
1.219118093841131440e+03	2.448152023887749662e-01	1.568171415496841525e-01	2.544078502182563484e-01	1.579657982322348608e-01	7.488898263814047773e-02	3.105597123922339969e-02	8.004905373345010122e-02
1.223955864054786844e+03	2.441675648599839765e-01	1.563773316608255415e-01	2.548232256580015842e-01	1.582586150543745240e-01	7.500904190560192530e-02	3.113496398864166667e-02	8.022925687233520287e-02
1.228793634268442020e+03	2.435237868728202804e-01	1.559399093992824836e-01	2.552361006205003946e-01	1.585497423138648165e-01	7.512843529748054749e-02	3.121363298387908394e-02	8.040839251193684922e-02
1.233631404482097196e+03	2.428838436875905282e-01	1.555048632153728239e-01	2.556464923561934111e-01	1.588391889779728894e-01	7.524716664162911517e-02	3.129197819951255732e-02	8.058646692149311341e-02
1.238469174695752372e+03	2.422477107531078311e-01	1.550721815890638011e-01	2.560544179540000242e-01	1.591269639760303778e-01	7.536523974077874444e-02	3.136999964018697545e-02	8.076348634659676062e-02
1.243306944909407548e+03	2.416153637047676328e-01	1.546418530304382588e-01	2.564598943437612077e-01	1.594130761995521117e-01	7.548265837271364576e-02	3.144769733994269567e-02	8.093945700858898307e-02
1.248144715123063179e+03	2.409867783626503390e-01	1.542138660801471162e-01	2.568629382986230003e-01	1.596975345023503856e-01	7.559942629044924534e-02	3.152507136155527356e-02	8.111438510398921720e-02
1.252982485336718355e+03	2.403619307296501195e-01	1.537882093098481284e-01	2.572635664373621456e-01	1.599803477006445651e-01	7.571554722241301272e-02	3.160212179588726272e-02	8.128827680395933619e-02
1.257820255550373531e+03	2.397407969896294122e-01	1.533648713226318239e-01	2.576617952266564981e-01	1.602615245731666693e-01	7.583102487262756430e-02	3.167884876125180021e-02	8.146113825380077444e-02
1.262658025764028707e+03	2.391233535055988235e-01	1.529438407534342848e-01	2.580576409833014173e-01	1.605410738612628729e-01	7.594586292089582080e-02	3.175525240278796735e-02	8.163297557248334890e-02
1.267495795977684338e+03	2.385095768179217868e-01	1.525251062694373272e-01	2.584511198763742579e-01	1.608190042689916777e-01	7.606006502298778837e-02	3.183133289184753717e-02	8.180379485220420910e-02
1.272333566191339514e+03	2.378994436425439229e-01	1.521086565704561355e-01	2.588422479293487344e-01	1.610953244632183645e-01	7.617363481082858878e-02	3.190709042539310175e-02	8.197360215797577787e-02
1.277171336404994690e+03	2.372929308692460493e-01	1.516944803893149896e-01	2.592310410221606021e-01	1.613700430737067537e-01	7.628657589268761363e-02	3.198252522540727394e-02	8.214240352724136440e-02
1.282009106618650094e+03	2.366900155599212519e-01	1.512825664922108349e-01	2.596175148932261534e-01	1.616431686932078560e-01	7.639889185336834476e-02	3.205763753831285950e-02	8.231020496951731158e-02
1.286846876832305497e+03	2.360906749468750787e-01	1.508729036790651679e-01	2.600016851414154728e-01	1.619147098775459981e-01	7.651058625439864647e-02	3.213242763440375682e-02	8.247701246606051195e-02
1.291684647045960673e+03	2.354948864311482704e-01	1.504654807838644026e-01	2.603835672279813385e-01	1.621846751457025615e-01	7.662166263422141854e-02	3.220689580728647999e-02	8.264283196956011268e-02
1.296522417259616077e+03	2.349026275808624720e-01	1.500602866749893571e-01	2.607631764784456574e-01	1.624530729798972783e-01	7.673212450838511056e-02	3.228104237333207643e-02	8.280766940385253516e-02
1.301360187473271253e+03	2.343138761295877615e-01	1.496573102555332491e-01	2.611405280844444898e-01	1.627199118256679178e-01	7.684197536973426390e-02	3.235486767113826545e-02	8.297153066365864360e-02
1.306197957686926657e+03	2.337286099747317158e-01	1.492565404636090609e-01	2.615156371055327722e-01	1.629852000919476962e-01	7.695121868859955416e-02	3.242837206100165209e-02	8.313442161434214661e-02
1.311035727900581833e+03	2.331468071759504046e-01	1.488579662726465525e-01	2.618885184709506819e-01	1.632489461511413831e-01	7.705985791298740339e-02	3.250155592439983587e-02	8.329634809168831588e-02
1.315873498114237009e+03	2.325684459535798942e-01	1.484615766916785873e-01	2.622591869813520882e-01	1.635111583391996859e-01	7.716789646876889841e-02	3.257441966348324780e-02	8.345731590170216152e-02
1.320711268327892412e+03	2.319935046870885698e-01	1.480673607656174395e-01	2.626276573104967538e-01	1.637718449556924138e-01	7.727533775986783482e-02	3.264696370057652147e-02	8.361733082042507870e-02
1.325549038541547588e+03	2.314219619135498562e-01	1.476753075755212197e-01	2.629939440069067325e-01	1.640310142638802537e-01	7.738218516844797001e-02	3.271918847768930105e-02	8.377639859376929954e-02
1.330386808755202765e+03	2.308537963261349801e-01	1.472854062388503360e-01	2.633580614954889598e-01	1.642886744907858521e-01	7.748844205509906879e-02	3.279109445603624329e-02	8.393452493736924813e-02
1.335224578968857941e+03	2.302889867726251871e-01	1.468976459097147136e-01	2.637200240791243155e-01	1.645448338272635369e-01	7.759411175902183877e-02	3.286268211556610253e-02	8.409171553644910480e-02
1.340062349182513572e+03	2.297275122539434999e-01	1.465120157791112987e-01	2.640798459402242671e-01	1.647995004280685960e-01	7.769919759821157512e-02	3.293395195449976692e-02	8.424797604570583021e-02
1.344900119396168748e+03	2.291693519227053499e-01	1.461285050751527648e-01	2.644375411422565936e-01	1.650526824119256664e-01	7.780370286964054249e-02	3.300490448887698908e-02	8.440331208920701100e-02
1.349737889609823924e+03	2.286144850817880825e-01	1.457471030632868647e-01	2.647931236312400238e-01	1.653043878615967077e-01	7.790763084943878869e-02	3.307554025211177640e-02	8.455772926030266645e-02
1.354575659823479100e+03	2.280628911829188921e-01	1.453677990465073455e-01	2.651466072372100080e-01	1.655546248239481988e-01	7.801098479307359834e-02	3.314585979455622611e-02	8.471123312155069696e-02
1.359413430037134731e+03	2.275145498252806597e-01	1.449905823655559256e-01	2.654980056756551243e-01	1.658034013100184167e-01	7.811376793552723963e-02	3.321586368307263143e-02	8.486382920465498914e-02
1.364251200250789907e+03	2.269694407541358316e-01	1.446154423991160565e-01	2.658473325489260630e-01	1.660507252950840507e-01	7.821598349147328155e-02	3.328555250061381032e-02	8.501552301041594151e-02
1.369088970464445310e+03	2.264275438594677281e-01	1.442423685639983022e-01	2.661946013476171879e-01	1.662966047187268426e-01	7.831763465545106551e-02	3.335492684581138623e-02	8.516632000869255037e-02
1.373926740678100487e+03	2.258888391746391444e-01	1.438713503153177531e-01	2.665398254519219523e-01	1.665410474849000622e-01	7.841872460203849760e-02	3.342398733257199300e-02	8.531622563837572282e-02
1.378764510891755890e+03	2.253533068750679658e-01	1.435023771466633069e-01	2.668830181329623907e-01	1.667840614619948980e-01	7.851925648602320340e-02	3.349273458968114736e-02	8.546524530737217851e-02
1.383602281105411066e+03	2.248209272769195188e-01	1.431354385902595117e-01	2.672241925540940755e-01	1.670256544829069878e-01	7.861923344257179536e-02	3.356116926041480264e-02	8.561338439259844058e-02
1.388440051319066470e+03	2.242916808358151326e-01	1.427705242171203315e-01	2.675633617721865365e-01	1.672658343451029761e-01	7.871865858739741928e-02	3.362929200215827863e-02	8.576064823998449937e-02
1.393277821532721646e+03	2.237655481455572137e-01	1.424076236371960014e-01	2.679005387388800896e-01	1.675046088106872666e-01	7.881753501692534414e-02	3.369710348603256050e-02	8.590704216448671882e-02
1.398115591746377049e+03	2.232425099368700594e-01	1.420467264995122769e-01	2.682357363018197938e-01	1.677419856064690795e-01	7.891586580845684484e-02	3.376460439652778645e-02	8.605257145010937470e-02
1.402953361960032225e+03	2.227225470761564075e-01	1.416878224923025786e-01	2.685689672058670929e-01	1.679779724240296479e-01	7.901365402033122542e-02	3.383179543114375742e-02	8.619724134993458908e-02
1.407791132173687402e+03	2.222056405642693078e-01	1.413309013431332806e-01	2.689002440942893646e-01	1.682125769197899134e-01	7.911090269208581605e-02	3.389867730003746221e-02	8.634105708616011954e-02
1.412628902387342805e+03	2.216917715352993146e-01	1.409759528190221156e-01	2.692295795099290401e-01	1.684458067150784999e-01	7.920761484461427693e-02	3.396525072567730535e-02	8.648402385014473948e-02
1.417466672600997981e+03	2.211809212553766113e-01	1.406229667265498362e-01	2.695569858963510756e-01	1.686776693962000195e-01	7.930379348032290387e-02	3.403151644250414221e-02	8.662614680246066845e-02
1.422304442814653157e+03	2.206730711214876794e-01	1.402719329119654079e-01	2.698824755989709945e-01	1.689081725145042123e-01	7.939944158328515744e-02	3.409747519659876713e-02	8.676743107295294133e-02
1.427142213028308333e+03	2.201682026603067333e-01	1.399228412612847916e-01	2.702060608661632224e-01	1.691373235864552238e-01	7.949456211939422146e-02	3.416312774535591040e-02	8.690788176080507799e-02
1.431979983241963964e+03	2.196662975270410600e-01	1.395756817003833417e-01	2.705277538503500501e-01	1.693651300937015491e-01	7.958915803651370191e-02	3.422847485716456334e-02	8.704750393461094249e-02
1.436817753455619140e+03	2.191673375042907934e-01	1.392304441950823202e-01	2.708475666090721656e-01	1.695915994831465878e-01	7.968323226462653563e-02	3.429351731109449297e-02	8.718630263245240319e-02
1.441655523669274316e+03	2.186713045009221479e-01	1.388871187512291938e-01	2.711655111060410350e-01	1.698167391670197257e-01	7.977678771598196994e-02	3.435825589658884210e-02	8.732428286198247458e-02
1.446493293882929493e+03	2.181781805509545036e-01	1.385456954147721020e-01	2.714815992121732968e-01	1.700405565229482496e-01	7.986982728524072428e-02	3.442269141316280090e-02	8.746144960051369099e-02
1.451331064096585123e+03	2.176879478124607026e-01	1.382061642718288019e-01	2.717958427066086147e-01	1.702630588940295953e-01	7.996235384961829229e-02	3.448682467010804470e-02	8.759780779511137927e-02
1.456168834310240300e+03	2.172005885664806957e-01	1.378685154487495623e-01	2.721082532777095442e-01	1.704842535889045108e-01	8.005437026902646747e-02	3.455065648620301438e-02	8.773336236269164978e-02
1.461006604523895703e+03	2.167160852159480677e-01	1.375327391121750342e-01	2.724188425240459122e-01	1.707041478818308866e-01	8.014587938621305085e-02	3.461418768942885194e-02	8.786811819012373126e-02
1.465844374737550879e+03	2.162344202846293306e-01	1.371988254690884868e-01	2.727276219553624870e-01	1.709227490127581683e-01	8.023688402689971300e-02	3.467741911669090793e-02	8.800208013433652443e-02
1.470682144951206283e+03	2.157555764160759282e-01	1.368667647668627696e-01	2.730346029935313279e-01	1.711400641874027129e-01	8.032738699991817666e-02	3.474035161354564749e-02	8.813525302242906923e-02
1.475519915164861459e+03	2.152795363725885369e-01	1.365365472933023072e-01	2.733397969734888133e-01	1.713561005773237556e-01	8.041739109734456770e-02	3.480298603393302409e-02	8.826764165178474508e-02
1.480357685378516862e+03	2.148062830341936069e-01	1.362081633766799305e-01	2.736432151441573479e-01	1.715708653199999878e-01	8.050689909463205896e-02	3.486532323991400201e-02	8.839925079018885745e-02
1.485195455592172038e+03	2.143357993976319209e-01	1.358816033857689065e-01	2.739448686693528590e-01	1.717843655189072727e-01	8.059591375074189046e-02	3.492736410141333847e-02	8.853008517594965210e-02
1.490033225805827215e+03	2.138680685753590049e-01	1.355568577298700839e-01	2.742447686286778041e-01	1.719966082435967769e-01	8.068443780827250222e-02	3.498910949596736875e-02	8.866014951802232702e-02
1.494870996019482618e+03	2.134030737945571965e-01	1.352339168588343465e-01	2.745429260184003017e-01	1.722076005297741019e-01	8.077247399358719604e-02	3.505056030847679416e-02	8.878944849613595869e-02
1.499708766233137567e+03	2.129407983961592588e-01	1.349127712630805442e-01	2.748393517523193830e-01	1.724173493793791923e-01	8.086002501694002087e-02	3.511171743096438980e-02	8.891798676092316223e-02
1.504546536446793198e+03	2.124812258338832638e-01	1.345934114736088982e-01	2.751340566626173101e-01	1.726258617606667711e-01	8.094709357260009008e-02	3.517258176233743067e-02	8.904576893405224958e-02
1.509384306660448374e+03	2.120243396732784946e-01	1.342758280620100220e-01	2.754270515006985165e-01	1.728331446082879974e-01	8.103368233897427497e-02	3.523315420815489180e-02	8.917279960836184405e-02
1.514222076874103550e+03	2.115701235907825606e-01	1.339600116404697228e-01	2.757183469380159457e-01	1.730392048233725666e-01	8.111979397872834396e-02	3.529343568039924883e-02	8.929908334799764591e-02
1.519059847087758726e+03	2.111185613727892818e-01	1.336459528617695847e-01	2.760079535668847894e-01	1.732440492736118942e-01	8.120543113890649201e-02	3.535342709725282362e-02	8.942462468855125191e-02
1.523897617301414357e+03	2.106696369147270098e-01	1.333336424192833602e-01	2.762958819012841793e-01	1.734476847933426602e-01	8.129059645104942666e-02	3.541312938287852902e-02	8.954942813720097317e-02
1.528735387515069533e+03	2.102233342201476896e-01	1.330230710469695876e-01	2.765821423776468890e-01	1.736501181836317131e-01	8.137529253131080276e-02	3.547254346720508933e-02	8.967349817285434621e-02
1.533573157728724709e+03	2.097796373998262465e-01	1.327142295193601274e-01	2.768667453556372671e-01	1.738513562123613909e-01	8.145952198057236637e-02	3.553167028571643099e-02	8.979683924629236480e-02
1.538410927942380113e+03	2.093385306708700488e-01	1.324071086515449525e-01	2.771497011189175685e-01	1.740514056143156463e-01	8.154328738455744741e-02	3.559051077924536843e-02	8.991945578031516895e-02
