5.805324256386339954e+01	5.195378122245499775e-01	4.420343518853614984e-01	1.488770232343221075e-02	4.178389499065864390e-03	7.531620841330304190e-03	7.093752456647844581e-03	4.736370769588841602e-03
6.289101277751868224e+01	5.241627924155098928e-01	4.335502026471129144e-01	1.707645014117148766e-02	4.904668481933318822e-03	8.401164158330396564e-03	7.101683299322441960e-03	4.803038856596104737e-03
6.772878299117397205e+01	5.280732059278722135e-01	4.257557316389628532e-01	1.920441220651788669e-02	5.707122334745890965e-03	9.252274324571062303e-03	7.115193838085392443e-03	4.892059729221381881e-03
7.256655320482924765e+01	5.313422393071368655e-01	4.185826645717211081e-01	2.128066799027627035e-02	6.572978198459270872e-03	1.008519849733143306e-02	7.134033344752811930e-03	5.002218090298841437e-03
7.740432341848452324e+01	5.340357296931728115e-01	4.119695743171293278e-01	2.331265928563381121e-02	7.491485379176260687e-03	1.090020602680418817e-02	7.157962722546923687e-03	5.132382575513306719e-03
8.224209363213981305e+01	5.362129009732394813e-01	4.058611938406235242e-01	2.530648380267148251e-02	8.453583676507463521e-03	1.169758840622056421e-02	7.186753808504775867e-03	5.281495492209380659e-03
8.707986384579510286e+01	5.379270263860365109e-01	4.002077980345231656e-01	2.726713647749834726e-02	9.451627710827291765e-03	1.247765832980472778e-02	7.220188750156063782e-03	5.448564311130627696e-03
9.191763405945040688e+01	5.392260248929379163e-01	3.949646475511374710e-01	2.919870777718503244e-02	1.047915761407301055e-02	1.324074813174408623e-02	7.258059444081471981e-03	5.632654588817801768e-03
9.675540427310566827e+01	5.401529979104949808e-01	3.900914884247435599e-01	3.110454663681911855e-02	1.153070812589807731e-02	1.398720781824804547e-02	7.300167026281719623e-03	5.832884057491349340e-03
1.015931744867609581e+02	5.407467123464683167e-01	3.855521018922577481e-01	3.298739431141529954e-02	1.260164952021976953e-02	1.471740285580678924e-02	7.346321406173546460e-03	6.048417667635264290e-03
1.064309447004162337e+02	5.410420352934260935e-01	3.813138993814665922e-01	3.484949431153465393e-02	1.368805492821404540e-02	1.543171183966641699e-02	7.396340837561459804e-03	6.278463408107452966e-03
1.112687149140715235e+02	5.410703252032583732e-01	3.773475581390213773e-01	3.669268267487051788e-02	1.478658956520577730e-02	1.613052413543839339e-02	7.450051521178101613e-03	6.522268761004199229e-03
1.161064851277267991e+02	5.408597838873193675e-01	3.736266934235401571e-01	3.851846207182080956e-02	1.589441814576778370e-02	1.681423756213403647e-02	7.507287234394953608e-03	6.779117674999512316e-03
1.209442553413820747e+02	5.404357732552937943e-01	3.701275635970898703e-01	4.032806262244736234e-02	1.700912741258072888e-02	1.748325616551405295e-02	7.567888984522071552e-03	7.048327962528858764e-03
1.257820255550373645e+02	5.398211003167714406e-01	3.668288048155144421e-01	4.212249179156492274e-02	1.812866123402888385e-02	1.813798811545498310e-02	7.631704682776573566e-03	7.329249043865541761e-03
1.306197957686926259e+02	5.390362736187834791e-01	3.637111923485937814e-01	4.390257530853799994e-02	1.925126616273085609e-02	1.877884374923254052e-02	7.698588836533558702e-03	7.621259975564554506e-03
1.354575659823479441e+02	5.380997339764655996e-01	3.607574258584972937e-01	4.566899071266877080e-02	2.037544570839304806e-02	1.940623377353563328e-02	7.768402257904043380e-03	7.923767712512522904e-03
1.402953361960032339e+02	5.370280620692058360e-01	3.579519362327332477e-01	4.742229484064597322e-02	2.149992187684522660e-02	2.002056763110806811e-02	7.841011787031641408e-03	8.236205562406825886e-03
1.451331064096584669e+02	5.358361652180437806e-01	3.552807118087494276e-01	4.916294633854084717e-02	2.262360277384869653e-02	2.062225203272612800e-02	7.916290028779115681e-03	8.558031799288840641e-03
1.499708766233137851e+02	5.345374454289388844e-01	3.527311420441833767e-01	5.089132408834862176e-02	2.374555527630382856e-02	2.121168965140094592e-02	7.994115101700383780e-03	8.888728409100914857e-03
1.548086468369690749e+02	5.331439505783458488e-01	3.502918768818962247e-01	5.260774228073245018e-02	2.486498194228235759e-02	2.178927797295552096e-02	8.074370398373756710e-03	9.227799945390743191e-03
1.596464170506243647e+02	5.316665104300358768e-01	3.479527002345220166e-01	5.431246273538138658e-02	2.598120147101790414e-02	2.235540829523420536e-02	8.156944356316539815e-03	9.574772477468986714e-03
1.644841872642796261e+02	5.301148590032631613e-01	3.457044161712715669e-01	5.600570496326624792e-02	2.709363213967446241e-02	2.291046486696942872e-02	8.241730238816812742e-03	9.929192616715211764e-03
1.693219574779349159e+02	5.284977446603540407e-01	3.435387465319090228e-01	5.768765437697035564e-02	2.820177773955642384e-02	2.345482415660618200e-02	8.328625925110676523e-03	1.029062660947025441e-02
1.741597276915902057e+02	5.268230291449153002e-01	3.414482388207492058e-01	5.935846898281432055e-02	2.930521561387300009e-02	2.398885424104814715e-02	8.417533709407284265e-03	1.065865948716979324e-02
1.789974979052454671e+02	5.250977766786348866e-01	3.394261833486321156e-01	6.101828482891118177e-02	3.040358646506798393e-02	2.451291430424495932e-02	8.508360108323115636e-03	1.103289426616257778e-02
1.838352681189008138e+02	5.233283341137193734e-01	3.374665386943980772e-01	6.266722043429677480e-02	3.149658565441944280e-02	2.502735423571115711e-02	8.601015676334419074e-03	1.141295119109742538e-02
1.886730383325560467e+02	5.215204030381559441e-01	3.355638646505687550e-01	6.430538038400210321e-02	3.258395576203951954e-02	2.553251431939408678e-02	8.695414828894691001e-03	1.179846701692154227e-02
1.935108085462113081e+02	5.196791046411124437e-01	3.337132619017805779e-01	6.593285824182353039e-02	3.366548021316046607e-02	2.602872500374267886e-02	8.791475672894701748e-03	1.218909432546226232e-02
1.983485787598666263e+02	5.178090380648930902e-01	3.319103177599422305e-01	6.754973890533082226e-02	3.474097780799941665e-02	2.651630674433511081e-02	8.889119844167316792e-03	1.258450087330869119e-02
2.031863489735219162e+02	5.159143328970611231e-01	3.301510573479520816e-01	6.915610050528646358e-02	3.581029801864095419e-02	2.699556991097205524e-02	8.988272351759482928e-03	1.298436896830456114e-02
2.080241191871772060e+02	5.139986963908185214e-01	3.284318996848638594e-01	7.075201593327014316e-02	3.687331693816425088e-02	2.746681475171200426e-02	9.088861428710313939e-03	1.338839487243773801e-02
2.128618894008324673e+02	5.120654559427656460e-01	3.267496181803177802e-01	7.233755406620302753e-02	3.792993378541445471e-02	2.793033140689903104e-02	9.190818389087968346e-03	1.379628822928887812e-02
2.176996596144877287e+02	5.101175973041043310e-01	3.251013050954683070e-01	7.391278074406260057e-02	3.898006788399134559e-02	2.838639996679985164e-02	9.294077491049568610e-03	1.420777151450085089e-02
2.225374298281430470e+02	5.081577989535940310e-01	3.234843395720962134e-01	7.547775954689314726e-02	4.002365604671136168e-02	2.883529056701641252e-02	9.398575805698384036e-03	1.462257950796724132e-02
2.273752000417983652e+02	5.061884630176105571e-01	3.218963588715876845e-01	7.703255240885314992e-02	4.106065030741243294e-02	2.927726351636686722e-02	9.504253091521081345e-03	1.504045878662503208e-02
2.322129702554535982e+02	5.042117430839883063e-01	3.203352325014423019e-01	7.857722010017599568e-02	4.209101595086354314e-02	2.971256945242738146e-02	9.611051674195616665e-03	1.546116723688374661e-02
2.370507404691088880e+02	5.022295692215476004e-01	3.187990389393384749e-01	8.011182260228642826e-02	4.311472979900133479e-02	3.014144952039688602e-02	9.718916331567255609e-03	1.588447358583893951e-02
2.418885106827641494e+02	5.002436704859032357e-01	3.172860446939060886e-01	8.163641939669373515e-02	4.413177871798290575e-02	3.056413557138570186e-02	9.827794183596630026e-03	1.631015695050876818e-02
2.467262808964194392e+02	4.982555951639907610e-01	3.157946854675480752e-01	8.315106968449206826e-02	4.514215831581652738e-02	3.098085037663633745e-02	9.937634587089775109e-03	1.673800640440352427e-02
2.515640511100747290e+02	4.962667289844099328e-01	3.143235492102207651e-01	8.465583255019193398e-02	4.614587180477369710e-02	3.139180785456084644e-02	1.004838903502582211e-02	1.716782056079406774e-02
2.564018213237300188e+02	4.942783114978863135e-01	3.128713608742787478e-01	8.615076708106018943e-02	4.714292900653434260e-02	3.179721330782502714e-02	1.016001106030348274e-02	1.759940717208901065e-02
2.612395915373852517e+02	4.922914508116427723e-01	3.114369686995634989e-01	8.763593245106131302e-02	4.813334548118483602e-02	3.219726366802638101e-02	1.027245614373282698e-02	1.803258274476547338e-02
2.660773617510405415e+02	4.903071368430217958e-01	3.100193318750679161e-01	8.911138797678544443e-02	4.911714176387030339e-02	3.259214774580153351e-02	1.038568162610407734e-02	1.846717216932605710e-02
2.709151319646958882e+02	4.883262532410956869e-01	3.086175094389430051e-01	9.057719315135248639e-02	5.009434269517704097e-02	3.298204648446155518e-02	1.049964662417022382e-02	1.890300836477716573e-02
2.757529021783511780e+02	4.863495881100695639e-01	3.072306502924952998e-01	9.203340766113997373e-02	5.106497683325304793e-02	3.336713321549152761e-02	1.061431195038534461e-02	1.933993193714232672e-02
2.805906723920064678e+02	4.843778436548440425e-01	3.058579842163133833e-01	9.348009138924946726e-02	5.202907593731901509e-02	3.374757391446594340e-02	1.072964003624546706e-02	1.977779085153980390e-02
2.854284426056617008e+02	4.824116448570172078e-01	3.044988137878941181e-01	9.491730440886551878e-02	5.298667451362407133e-02	3.412352745612538818e-02	1.084559485908371222e-02	2.021644011736714597e-02
2.902662128193169337e+02	4.804515472787320718e-01	3.031525071102483815e-01	9.634510696904008409e-02	5.393780941609866569e-02	3.449514586753429923e-02	1.096214187217633279e-02	2.065574148614730821e-02
2.951039830329722804e+02	4.784980440819919245e-01	3.018184912700554445e-01	9.776355947492963716e-02	5.488251949498154647e-02	3.486257457839585933e-02	1.107924793802103104e-02	2.109556316160173320e-02
2.999417532466276270e+02	4.765515723422656391e-01	3.004962464521132581e-01	9.917272246410122061e-02	5.582084528757735864e-02	3.522595266773995842e-02	1.119688126465365197e-02	2.153577952152612926e-02
3.047795234602828600e+02	4.746125187272886570e-01	2.991853006441904106e-01	1.005726565801887407e-01	5.675282874605632605e-02	3.558541310632481330e-02	1.131501134487402499e-02	2.197627085105428521e-02
3.096172936739380930e+02	4.726812246048426314e-01	2.978852248730015084e-01	1.019634225449103232e-01	5.767851299785777680e-02	3.594108299420392671e-02	1.143360889825626586e-02	2.241692308690480459e-02
3.144550638875934396e+02	4.707579906368900002e-01	2.965956289179824679e-01	1.033450811292377092e-01	5.859794213482008574e-02	3.629308379300855147e-02	1.155264581582340563e-02	2.285762757221511399e-02
3.192928341012487294e+02	4.688430809116757580e-01	2.953161574548962554e-01	1.047176931243312126e-01	5.951116102764401894e-02	3.664153155258315087e-02	1.167209510727055047e-02	2.329828082157636357e-02
3.241306043149040192e+02	4.669367266602255651e-01	2.940464865861189270e-01	1.060813193127108645e-01	6.041821516271627529e-02	3.698653713168816720e-02	1.179193085062513538e-02	2.373878429589236505e-02
3.289683745285592522e+02	4.650391295990026763e-01	2.927863207187865746e-01	1.074360204400195695e-01	6.131915049868375683e-02	3.732820641255255034e-02	1.191212814423706599e-02	2.417904418669511446e-02
3.338061447422145420e+02	4.631504649362928050e-01	2.915353897558853880e-01	1.087818571876415508e-01	6.221401334048540926e-02	3.766664050911756878e-02	1.203266306099564850e-02	2.461897120955904364e-02
3.386439149558698318e+02	4.612708840761105544e-01	2.902934465688707943e-01	1.101188901463663466e-01	6.310285022882389239e-02	3.800193596886580760e-02	1.215351260467422041e-02	2.505848040626578940e-02
3.434816851695251216e+02	4.594005170500268243e-01	2.890602647235588907e-01	1.114471797912299639e-01	6.398570784329915551e-02	3.833418496817433269e-02	1.227465466830734465e-02	2.549749095538092480e-02
3.483194553831804114e+02	4.575394747042607069e-01	2.878356364338686135e-01	1.127667864576184925e-01	6.486263291763619265e-02	3.866347550117042037e-02	1.239606799450920609e-02	2.593592599091385995e-02
3.531572255968357013e+02	4.556878506666347528e-01	2.866193707205473284e-01	1.140777703186836578e-01	6.573367216562221726e-02	3.898989156210212054e-02	1.251773213764556351e-02	2.637371242874189323e-02
3.579949958104909342e+02	4.538457231155180738e-01	2.854112917543091821e-01	1.153801913640911253e-01	6.659887221652967260e-02	3.931351332126514081e-02	1.263962742777520291e-02	2.681078080048913265e-02
3.628327660241463377e+02	4.520131563706613620e-01	2.842112373648792434e-01	1.166741093801008794e-01	6.745827955894258265e-02	3.963441729455232515e-02	1.276173493628029142e-02	2.724706509456077674e-02
3.676705362378016275e+02	4.501902023238259498e-01	2.830190576992969720e-01	1.179595839309624805e-01	6.831194049202771179e-02	3.995267650671310150e-02	1.288403644310844899e-02	2.768250260404279961e-02
3.725083064514568036e+02	4.483769017253113054e-01	2.818346140145021606e-01	1.192366743415953639e-01	6.915990108340118458e-02	4.026836064842800877e-02	1.300651440555253974e-02	2.811703378118689950e-02
3.773460766651120935e+02	4.465732853408671543e-01	2.806577775907319605e-01	1.205054396815155443e-01	7.000220713283751561e-02	4.058153622731806159e-02	1.312915192849738177e-02	2.855060209820982353e-02
3.821838468787673833e+02	4.447793749920202488e-01	2.794884287536085199e-01	1.217659387499636370e-01	7.083890414115286138e-02	4.089226671302083338e-02	1.325193273606560009e-02	2.898315391414573242e-02
3.870216170924226162e+02	4.429951844915367420e-01	2.783264559940148430e-01	1.230182300621845970e-01	7.167003728366927451e-02	4.120061267647481817e-02	1.337484114459777662e-02	2.941463834749943537e-02
3.918593873060780197e+02	4.412207204845627895e-01	2.771717551759508291e-01	1.242623718368072311e-01	7.249565138773297890e-02	4.150663192356138925e-02	1.349786203690481710e-02	2.984500715445738764e-02
3.966971575197332527e+02	4.394559832049285686e-01	2.760242288235452701e-01	1.254984219842698590e-01	7.331579091381867919e-02	4.181037962325948737e-02	1.362098083773328507e-02	3.027421461242222819e-02
4.015349277333884856e+02	4.377009671551438386e-01	2.748837854792864910e-01	1.267264380962384307e-01	7.413049993980357077e-02	4.211190843047261934e-02	1.374418349038695510e-02	3.070221740864544427e-02
4.063726979470438323e+02	4.359556617177603455e-01	2.737503391263305108e-01	1.279464774359634072e-01	7.493982214804109643e-02	4.241126860369049539e-02	1.386745643445040817e-02	3.112897453374110363e-02
4.112104681606991221e+02	4.342200517050019970e-01	2.726238086684625861e-01	1.291585969295231118e-01	7.574380081490524053e-02	4.270850811764953514e-02	1.399078658456289447e-02	3.155444717987205411e-02
4.160482383743544119e+02	4.324941178528717289e-01	2.715041174619326481e-01	1.303628531579021088e-01	7.654247880251281722e-02	4.300367277115713094e-02	1.411416131019302411e-02	3.197859864340799052e-02
4.208860085880095880e+02	4.307778372653194299e-01	2.703911928939655152e-01	1.315593023498552727e-01	7.733589855236315536e-02	4.329680629024442590e-02	1.423756841636703366e-02	3.240139423186266104e-02
4.257237788016648778e+02	4.290711838134934619e-01	2.692849660032680115e-01	1.327480003755103222e-01	7.812410208066364325e-02	4.358795042681131576e-02	1.436099612530555847e-02	3.282280117492517024e-02
4.305615490153201677e+02	4.273741284945954400e-01	2.681853711383251904e-01	1.339290027406624117e-01	7.890713097513489538e-02	4.387714505292594075e-02	1.448443305892586908e-02	3.324278853940772910e-02
4.353993192289755143e+02	4.256866397544005198e-01	2.670923456497001358e-01	1.351023645817180652e-01	7.968502639311234037e-02	4.416442825093862962e-02	1.460786822216847067e-02	3.366132714793940856e-02
4.402370894426308041e+02	4.240086837771004369e-01	2.660058296129302891e-01	1.362681406612466506e-01	8.045782906078111085e-02	4.444983639956780197e-02	1.473129098710891996e-02	3.407838950124235378e-02
4.450748596562860939e+02	4.223402247457567205e-01	2.649257655789575838e-01	1.374263853641006228e-01	8.122557927339928152e-02	4.473340425611223303e-02	1.485469107781741196e-02	3.449394970383375808e-02
4.499126298699413837e+02	4.206812250763212746e-01	2.638520983493344296e-01	1.385771526940667020e-01	8.198831689638060027e-02	4.501516503494084470e-02	1.497805855593050198e-02	3.490798339300326542e-02
4.547504000835967304e+02	4.190316456278857515e-01	2.627847747737258599e-01	1.397204962710136278e-01	8.274608136712215123e-02	4.529515048240755071e-02	1.510138380690094657e-02	3.532046767092183320e-02
4.595881702972519065e+02	4.173914458915513603e-01	2.617237435674760748e-01	1.408564693285026259e-01	8.349891169747525321e-02	4.557339094833501997e-02	1.522465752689321390e-02	3.573138103974416585e-02
4.644259405109071963e+02	4.157605841600722218e-01	2.606689551472323729e-01	1.419851247118301962e-01	8.424684647676936033e-02	4.584991545420721154e-02	1.534787071029374873e-02	3.614070333957251913e-02
4.692637107245624861e+02	4.141390176802077217e-01	2.596203614828193618e-01	1.431065148764731898e-01	8.498992387530877879e-02	4.612475175820652390e-02	1.547101463780651241e-02	3.654841568915555283e-02
4.741014809382177759e+02	4.125267027895249683e-01	2.585779159637387470e-01	1.442206918869086973e-01	8.572818164827122889e-02	4.639792641722736283e-02	1.559408086510567955e-02	3.695450042920095379e-02
4.789392511518730657e+02	4.109235950392182701e-01	2.575415732788325918e-01	1.453277074157829640e-01	8.646165713994533042e-02	4.666946484599362316e-02	1.571706121201875764e-02	3.735894106818617166e-02
4.837770213655284124e+02	4.093296493043533379e-01	2.565112893077940437e-01	1.464276127434045172e-01	8.719038728825143081e-02	4.693939137340355505e-02	1.583994775221455112e-02	3.776172223055631466e-02
4.886147915791837022e+02	4.077448198828040327e-01	2.554870210233423089e-01	1.475204587575391080e-01	8.791440862949635726e-02	4.720772929622119030e-02	1.596273280337170627e-02	3.816282960720309564e-02
4.934525617928388783e+02	4.061690605840203583e-01	2.544687264029963925e-01	1.486062959534845407e-01	8.863375730331884972e-02	4.747450093022944489e-02	1.608540891780462986e-02	3.856224990812355535e-02
4.982903320064942250e+02	4.046023248086542123e-01	2.534563643494893159e-01	1.496851744344051549e-01	8.934846905778720538e-02	4.773972765895579534e-02	1.620796887352476609e-02	3.895997081716134902e-02
5.031281022201495148e+02	4.030445656199623805e-01	2.524498946189607795e-01	1.507571439119075041e-01	9.005857925461543956e-02	4.800342998007743611e-02	1.633040566571614810e-02	3.935598094873805908e-02
5.079658724338048046e+02	4.014957358078189431e-01	2.514492777561518899e-01	1.518222537068389388e-01	9.076412287446820881e-02	4.826562754960880830e-02	1.645271249860525906e-02	3.975026980648568159e-02
5.128036426474600376e+02	3.999557879460797771e-01	2.504544750359042338e-01	1.528805527502928030e-01	9.146513452232868380e-02	4.852633922397042721e-02	1.657488277770612084e-02	4.014282774369568735e-02
5.176414128611153274e+02	3.984246744439724486e-01	2.494654484103346059e-01	1.539320895848043103e-01	9.216164843290629294e-02	4.878558310003420356e-02	1.669691010242242354e-02	4.053364592550350032e-02
5.224791830747705035e+02	3.969023475921130695e-01	2.484821604611202328e-01	1.549769123657228076e-01	9.285369847606461668e-02	4.904337655323651873e-02	1.681878825898948382e-02	4.092271629273105255e-02
5.273169532884259070e+02	3.953887596036934071e-01	2.475045743563860368e-01	1.560150688627466031e-01	9.354131816225201568e-02	4.929973627384683782e-02	1.694051121373947241e-02	4.131003152731343997e-02
5.321547235020811968e+02	3.938838626513261887e-01	2.465326538117351973e-01	1.570466064616071467e-01	9.422454064791997708e-02	4.955467830147602948e-02	1.706207310667435043e-02	4.169558501923899263e-02
5.369924937157364866e+02	3.923876088999869172e-01	2.455663630550119492e-01	1.580715721658911832e-01	9.490339874091620331e-02	4.980821805790500156e-02	1.718346824533150893e-02	4.207937083493511893e-02
5.418302639293917764e+02	3.908999505364477156e-01	2.446056667944253582e-01	1.590900125989891389e-01	9.557792490584100797e-02	5.006037037831110453e-02	1.730469109892794968e-02	4.246138368703560734e-02
5.466680341430470662e+02	3.894208397955574164e-01	2.436505301897003151e-01	1.601019740061590257e-01	9.624815126935774845e-02	5.031114954096630593e-02	1.742573629276952113e-02	4.284161890546754614e-02
5.515058043567023560e+02	3.879502289836873063e-01	2.427009188259554306e-01	1.611075022566967330e-01	9.691410962544878827e-02	5.056056929547821793e-02	1.754659860291228612e-02	4.322007240979915815e-02
5.563435745703576458e+02	3.864880704996297989e-01	2.417567986900378552e-01	1.621066428462022702e-01	9.757583144061018898e-02	5.080864288964174330e-02	1.766727295106383655e-02	4.359674068279222048e-02
5.611813447840129356e+02	3.850343168532082139e-01	2.408181361490711325e-01	1.630994408989345501e-01	9.823334785897934462e-02	5.105538309496648192e-02	1.778775439971286981e-02	4.397162074510541085e-02
5.660191149976681118e+02	3.835889206818292041e-01	2.398848979309973761e-01	1.640859411702454140e-01	9.888668970739072916e-02	5.130080223094202196e-02	1.790803814747595618e-02	4.434471013109731602e-02
5.708568852113234016e+02	3.821518347651877701e-01	2.389570511069169234e-01	1.650661880490862099e-01	9.953588750035566313e-02	5.154491218810049874e-02	1.802811952465094986e-02	4.471600686568007882e-02
5.756946554249786914e+02	3.807230120383112149e-01	2.380345630750473618e-01	1.660402255605791799e-01	1.001809714449630878e-01	5.178772444993338248e-02	1.814799398896701707e-02	4.508550944217694367e-02
5.805324256386339812e+02	3.793024056031120694e-01	2.371174015461427198e-01	1.670080973686473291e-01	1.008219714456986826e-01	5.202925011371672265e-02	1.826765712152170207e-02	4.545321680113902085e-02
5.853701958522892710e+02	3.778899687386010342e-01	2.362055345302290221e-01	1.679698467786963634e-01	1.014589171091805631e-01	5.226949991029670312e-02	1.838710462289599654e-02	4.581912831007863701e-02
5.902079660659445608e+02	3.764856549098967164e-01	2.352989303245260622e-01	1.689255167403431179e-01	1.020918377488099216e-01	5.250848422288519057e-02	1.850633230943870070e-02	4.618324374407858923e-02
5.950457362795999643e+02	3.750894177761551207e-01	2.343975575024398739e-01	1.698751498501844814e-01	1.027207623893360566e-01	5.274621310491248161e-02	1.862533610971195755e-02	4.654556326723831988e-02
5.998835064932552541e+02	3.737012111975287487e-01	2.335013849035199041e-01	1.708187883546023467e-01	1.033457197713347764e-01	5.298269629698251076e-02	1.874411206109001873e-02	4.690608741491996553e-02
6.047212767069104302e+02	3.723209892412548960e-01	2.326103816242872380e-01	1.717564741525994254e-01	1.039667383556003716e-01	5.321794324297356854e-02	1.886265630650392836e-02	4.726481707675880828e-02
6.095590469205657200e+02	3.709487061869623514e-01	2.317245170098482521e-01	1.726882487986615977e-01	1.045838463274510605e-01	5.345196310532576711e-02	1.898096509132493614e-02	4.762175348040427469e-02
6.143968171342210098e+02	3.695843165312766021e-01	2.308437606462170888e-01	1.736141535056425766e-01	1.051970716009483636e-01	5.368476477955445858e-02	1.909903476038001327e-02	4.797689817595916090e-02
6.192345873478761860e+02	3.682277749917955423e-01	2.299680823532783136e-01	1.745342291476671692e-01	1.058064418230309361e-01	5.391635690802706882e-02	1.921686175509297601e-02	4.833025302108626825e-02
6.240723575615315895e+02	3.668790365105009110e-01	2.290974521783271933e-01	1.754485162630493311e-01	1.064119843775636481e-01	5.414674789303909608e-02	1.933444261074523593e-02	4.868182016675287604e-02
6.289101277751868793e+02	3.655380562566633573e-01	2.282318403901316961e-01	1.763570550572216011e-01	1.070137263893029406e-01	5.437594590922327498e-02	1.945177395385029595e-02	4.903160204358508051e-02
6.337478979888421691e+02	3.642047896292938125e-01	2.273712174734658920e-01	1.772598854056730844e-01	1.076116947277794694e-01	5.460395891532447005e-02	1.956885249963654164e-02	4.937960134880498009e-02
6.385856682024975726e+02	3.628791922591877994e-01	2.265155541240691794e-01	1.781570468568927090e-01	1.082059160110992041e-01	5.483079466537117003e-02	1.968567504963308554e-02	4.972582103372514412e-02
6.434234384161527487e+02	3.615612200106055329e-01	2.256648212439905377e-01	1.790485786353150366e-01	1.087964166096643814e-01	5.505646071927319807e-02	1.980223848935368583e-02	5.007026429177590526e-02
6.482612086298080385e+02	3.602508289826256149e-01	2.248189899372808331e-01	1.799345196442667105e-01	1.093832226498155785e-01	5.528096445287358773e-02	1.991853978607401390e-02	5.041293454704195293e-02
6.530989788434633283e+02	3.589479755102066849e-01	2.239780315059997362e-01	1.808149084689100183e-01	1.099663600173964584e-01	5.550431306748163790e-02	2.003457598669776754e-02	5.075383544328606472e-02
6.579367490571185044e+02	3.576526161649870028e-01	2.231419174465077426e-01	1.816897833791826233e-01	1.105458543612426459e-01	5.572651359891251516e-02	2.015034421570733800e-02	5.109297083343854184e-02
6.627745192707737942e+02	3.563647077558511622e-01	2.223106194460158780e-01	1.825591823327305241e-01	1.111217310965960797e-01	5.594757292605776616e-02	2.026584167319501681e-02	5.143034476953202427e-02
6.676122894844290840e+02	3.550842073292868051e-01	2.214841093793690763e-01	1.834231429778329647e-01	1.116940154084466730e-01	5.616749777900994361e-02	2.038106563297082882e-02	5.176596149306220834e-02
6.724500596980843738e+02	3.538110721695551519e-01	2.206623593060407784e-01	1.842817026563172145e-01	1.122627322548026690e-01	5.638629474676341846e-02	2.049601344074332074e-02	5.209982542575599535e-02
6.772878299117396637e+02	3.525452597986947767e-01	2.198453414673196271e-01	1.851348984064615233e-01	1.128279063698913870e-01	5.660397028451229218e-02	2.061068251236984616e-02	5.243194116072914107e-02
6.821256001253949535e+02	3.512867279763762784e-01	2.190330282836698839e-01	1.859827669658854210e-01	1.133895622672917436e-01	5.682053072056553883e-02	2.072507033217299913e-02	5.276231345401675293e-02
6.869633703390502433e+02	3.500354346996248922e-01	2.182253923522497197e-01	1.868253447744250284e-01	1.139477242430004256e-01	5.703598226289838258e-02	2.083917445132005622e-02	5.309094721646013398e-02
6.918011405527055331e+02	3.487913382024246944e-01	2.174224064445728077e-01	1.876626679769929085e-01	1.145024163784330307e-01	5.725033100535798641e-02	2.095299248626239855e-02	5.341784750593481235e-02
6.966389107663608229e+02	3.475543969552178925e-01	2.166240435043000623e-01	1.884947724264210978e-01	1.150536625433618149e-01	5.746358293354086877e-02	2.106652211723210669e-02	5.374301951990481663e-02
7.014766809800161127e+02	3.463245696643109106e-01	2.158302766451497268e-01	1.893216936862858746e-01	1.156014863987916697e-01	5.767574393035828501e-02	2.117976108679299474e-02	5.406646858828915991e-02
7.063144511936714025e+02	3.451018152711976539e-01	2.150410791489152096e-01	1.901434670337140420e-01	1.161459113997757725e-01	5.788681978130542222e-02	2.129270719844350221e-02	5.438820016662708479e-02
7.111522214073266923e+02	3.438860929518090526e-01	2.142564244635809523e-01	1.909601274621689770e-01	1.166869607981724372e-01	5.809681617944909698e-02	2.140535831526901162e-02	5.470821982952918383e-02
7.159899916209819821e+02	3.426773621156984362e-01	2.134762862015275042e-01	1.917717096842166125e-01	1.172246576453445793e-01	5.830573873014827796e-02	2.151771235864124651e-02	5.502653326440209297e-02
7.208277618346371582e+02	3.414755824051688426e-01	2.127006381378183930e-01	1.925782481342696029e-01	1.177590247948034352e-01	5.851359295552083228e-02	2.162976730696258496e-02	5.534314626543507254e-02
7.256655320482924481e+02	3.402807136943505895e-01	2.119294542085611022e-01	1.933797769713098136e-01	1.182900849047976571e-01	5.872038429866936055e-02	2.174152119445311657e-02	5.565806472783719344e-02
7.305033022619478515e+02	3.390927160882337699e-01	2.111627085093360501e-01	1.941763300815882720e-01	1.188178604408495209e-01	5.892611812767824253e-02	2.185297210997851416e-02	5.597129464231447027e-02
7.353410724756030277e+02	3.379115499216623908e-01	2.104003752936880467e-01	1.949679410813019709e-01	1.193423736782393552e-01	5.913079973939362743e-02	2.196411819591677708e-02	5.628284208977664405e-02
7.401788426892584312e+02	3.367371757582944825e-01	2.096424289716742329e-01	1.957546433192471624e-01	1.198636467044396497e-01	5.933443436299728341e-02	2.207495764706206634e-02	5.659271323626390710e-02
7.450166129029136073e+02	3.355695543895325650e-01	2.088888441084645331e-01	1.965364698794486442e-01	1.203817014215000925e-01	5.953702716338490908e-02	2.218548870956393512e-02	5.690091432808411925e-02
7.498543831165690108e+02	3.344086468334284135e-01	2.081395954229898204e-01	1.973134535837649528e-01	1.208965595483848798e-01	5.973858324435879497e-02	2.229570967990026492e-02	5.720745168715168916e-02
7.546921533302243006e+02	3.332544143335661180e-01	2.073946577866343510e-01	1.980856269944686054e-01	1.214082426232634404e-01	5.993910765164443821e-02	2.240561890388243979e-02	5.751233170651950249e-02
7.595299235438793630e+02	3.321068183579259925e-01	2.066540062219683060e-01	1.988530224168016669e-01	1.219167720057559162e-01	6.013860537574004100e-02	2.251521477569124255e-02	5.781556084609573709e-02
7.643676937575347665e+02	3.309658205977327183e-01	2.059176159015180252e-01	1.996156719015063086e-01	1.224221688791344159e-01	6.033708135460759403e-02	2.262449573694206781e-02	5.811714562853781407e-02
7.692054639711900563e+02	3.298313829662896657e-01	2.051854621465704076e-01	2.003736072473297491e-01	1.229244542524813716e-01	6.053454047621356637e-02	2.273346027577817161e-02	5.841709263531599805e-02
7.740432341848452324e+02	3.287034675978024456e-01	2.044575204260092594e-01	2.011268600035039933e-01	1.234236489628059708e-01	6.073098758092711213e-02	2.284210692599064271e-02	5.871540850293949926e-02
7.788810043985006359e+02	3.275820368461928034e-01	2.037337663551810896e-01	2.018754614721999241e-01	1.239197736771197739e-01	6.092642746378305191e-02	2.295043426616395765e-02	5.901209991933826365e-02
7.837187746121558121e+02	3.264670532839055728e-01	2.030141756947881349e-01	2.026194427109558049e-01	1.244128488944727523e-01	6.112086487661673451e-02	2.305844091884591204e-02	5.930717362039399781e-02
7.885565448258112156e+02	3.253584797007095797e-01	2.022987243498066690e-01	2.033588345350798576e-01	1.249028949479504269e-01	6.131430453007741949e-02	2.316612554974091867e-02	5.960063638661410035e-02
7.933943150394665054e+02	3.242562791024945490e-01	2.015873883684290435e-01	2.040936675200273331e-01	1.253899320066334810e-01	6.150675109552641850e-02	2.327348686692558635e-02	5.989249503994260870e-02
7.982320852531219089e+02	3.231604147100646807e-01	2.008801439410275169e-01	2.048239720037519085e-01	1.258739800775205975e-01	6.169820920682624749e-02	2.338052362008564630e-02	6.018275644070245067e-02
8.030698554667769713e+02	3.220708499579310602e-01	2.001769673991386500e-01	2.055497780890308823e-01	1.263550590074155044e-01	6.188868346202622966e-02	2.348723459977327191e-02	6.047142748466348416e-02
8.079076256804323748e+02	3.209875484931021816e-01	1.994778352144668532e-01	2.062711156457654738e-01	1.268331884847791191e-01	6.207817842495025329e-02	2.359361863668392456e-02	6.075851510023128760e-02
8.127453958940876646e+02	3.199104741738756919e-01	1.987827239979057803e-01	2.069880143132546146e-01	1.273083880415479263e-01	6.226669862669163141e-02	2.369967460095188591e-02	6.104402624575148290e-02
8.175831661077428407e+02	3.188395910686305235e-01	1.980916104985767368e-01	2.077005035024440394e-01	1.277806770549189674e-01	6.245424856702011529e-02	2.380540140146368555e-02	6.132796790692499750e-02
8.224209363213982442e+02	3.177748634546204154e-01	1.974044716028825752e-01	2.084086123981493954e-01	1.282500747491026882e-01	6.264083271570568268e-02	2.391079798518865041e-02	6.161034709432964412e-02
8.272587065350534203e+02	3.167162558167703756e-01	1.967212843335769679e-01	2.091123699612542075e-01	1.287166001970444507e-01	6.282645551376349335e-02	2.401586333652588195e-02	6.189117084104361205e-02
8.320964767487085965e+02	3.156637328464755310e-01	1.960420258488473066e-01	2.098118049308828337e-01	1.291802723221152638e-01	6.301112137462430707e-02	2.412059647666697781e-02	6.217044620036678987e-02
8.369342469623640000e+02	3.146172594404033074e-01	1.953666734414110928e-01	2.105069458265481086e-01	1.296411098997726219e-01	6.319483468523422187e-02	2.422499646297382458e-02	6.244818024363582576e-02
8.417720171760191761e+02	3.135768006992998846e-01	1.946952045376248719e-01	2.111978209502742565e-01	1.300991315591921993e-01	6.337759980708772278e-02	2.432906238837087912e-02	6.272438005812916439e-02
8.466097873896745796e+02	3.125423219268002595e-01	1.940275966966052146e-01	2.118844583886952126e-01	1.305543557848712066e-01	6.355942107719743384e-02	2.443279338075132062e-02	6.299905274505834818e-02
8.514475576033297557e+02	3.115137886282431934e-01	1.933638276093608832e-01	2.125668860151281314e-01	1.310068009182040194e-01	6.374030280900411238e-02	2.453618860239654975e-02	6.327220541764215500e-02
8.562853278169851592e+02	3.104911665094907125e-01	1.927038750979360449e-01	2.132451314916227747e-01	1.314564851590306616e-01	6.392024929323018856e-02	2.463924724940849340e-02	6.354384519926013775e-02
8.611230980306403353e+02	3.094744214757533807e-01	1.920477171145633932e-01	2.139192222709868640e-01	1.319034265671590045e-01	6.409926479867979199e-02	2.474196855115418786e-02	6.381397922168241532e-02
8.659608682442956251e+02	3.084635196304199578e-01	1.913953317408277621e-01	2.145891855987870911e-01	1.323476430638612644e-01	6.427735357298824947e-02	2.484435176972221715e-02	6.408261462337253023e-02
8.707986384579510286e+02	3.074584272738931645e-01	1.907466971868386207e-01	2.152550485153269522e-01	1.327891524333453255e-01	6.445451984332391249e-02	2.494639619939050673e-02	6.434975854786066651e-02
8.756364086716062047e+02	3.064591109024311089e-01	1.901017917904118948e-01	2.159168378576006020e-01	1.332279723242015268e-01	6.463076781704484020e-02	2.504810116610505996e-02	6.461541814218413338e-02
8.804741788852616082e+02	3.054655372069943753e-01	1.894605940162605584e-01	2.165745802612237814e-01	1.336641202508257464e-01	6.480610168231291934e-02	2.514946602696922079e-02	6.487960055539260251e-02
8.853119490989170117e+02	3.044776730720993307e-01	1.888230824551933307e-01	2.172283021623415411e-01	1.340976135948188375e-01	6.498052560866766914e-02	2.525049016974309848e-02	6.514231293711539306e-02
8.901497193125721878e+02	3.034954855746773150e-01	1.881892358233217544e-01	2.178780297995132065e-01	1.345284696063634988e-01	6.515404374756221528e-02	2.535117301235273457e-02	6.540356243618848653e-02
8.949874895262273640e+02	3.025189419829399373e-01	1.875590329612749352e-01	2.185237892155748318e-01	1.349567054055788584e-01	6.532666023286329282e-02	2.545151400240871706e-02	6.566335619933867662e-02
8.998252597398827675e+02	3.015480097552508676e-01	1.869324528334216362e-01	2.191656062594792009e-01	1.353823379838532126e-01	6.549837918131760917e-02	2.555151261673385688e-02	6.592170136992282770e-02
9.046630299535379436e+02	3.005826565390038452e-01	1.863094745271001995e-01	2.198035065881139283e-01	1.358053842051556992e-01	6.566920469298610785e-02	2.565116836089965935e-02	6.617860508671985498e-02
9.095008001671932334e+02	2.996228501695069046e-01	1.856900772518547404e-01	2.204375156680976056e-01	1.362258608073270982e-01	6.583914085164833951e-02	2.575048076877122297e-02	6.643407448277346972e-02
9.143385703808486369e+02	2.986685586688730409e-01	1.850742403386790025e-01	2.210676587775544655e-01	1.366437844033505100e-01	6.600819172517845279e-02	2.584944940206035727e-02	6.668811668428363537e-02
9.191763405945038130e+02	2.977197502449175359e-01	1.844619432392663461e-01	2.216939610078676737e-01	1.370591714826021323e-01	6.617636136589444273e-02	2.594807384988657289e-02	6.694073880954484745e-02
9.240141108081592165e+02	2.967763932900613910e-01	1.838531655252664265e-01	2.223164472654114987e-01	1.374720384120827754e-01	6.634365381088240532e-02	2.604635372834571833e-02	6.719194796792939128e-02
9.288518810218145063e+02	2.958384563802413658e-01	1.832478868875482003e-01	2.229351422732629151e-01	1.378824014376304197e-01	6.651007308229692216e-02	2.614428868008603773e-02	6.744175125891373190e-02
9.336896512354697961e+02	2.949059082738266224e-01	1.826460871354690374e-01	2.235500705728922788e-01	1.382902766851143994e-01	6.667562318763928242e-02	2.624187837389135511e-02	6.769015577114662063e-02
9.385274214491247449e+02	2.939787179105415871e-01	1.820477461961498011e-01	2.241612565258341017e-01	1.386956801616112955e-01	6.684030812001483246e-02	2.633912250427120419e-02	6.793716858155683658e-02
9.433651916627801484e+02	2.930568544103951401e-01	1.814528441137559511e-01	2.247687243153373704e-01	1.390986277565635643e-01	6.700413185837046648e-02	2.643602079105769956e-02	6.818279675449953614e-02
9.482029618764355519e+02	2.921402870726166334e-01	1.808613610487841417e-01	2.253724979479964918e-01	1.394991352429205134e-01	6.716709836771371511e-02	2.653257297900889905e-02	6.842704734093932317e-02
9.530407320900908417e+02	2.912289853745983481e-01	1.802732772773548153e-01	2.259726012553623931e-01	1.398972182782624862e-01	6.732921159931441746e-02	2.662877883741849791e-02	6.866992737766879074e-02
9.578785023037459041e+02	2.903229189708437796e-01	1.796885731905097927e-01	2.265690578955345258e-01	1.402928924059087534e-01	6.749047549089010056e-02	2.672463815973166734e-02	6.891144388656118835e-02
9.627162725174014213e+02	2.894220576919229182e-01	1.791072292935157184e-01	2.271618913547336083e-01	1.406861730560089452e-01	6.765089396677601008e-02	2.682015076316687091e-02	6.915160387385572982e-02
9.675540427310568248e+02	2.885263715434337461e-01	1.785292262051725587e-01	2.277511249488559930e-01	1.410770755466188298e-01	6.781047093808073578e-02	2.691531648834344370e-02	6.939041432947451460e-02
9.723918129447120009e+02	2.876358307049697305e-01	1.779545446571273448e-01	2.283367818250091053e-01	1.414656150847605764e-01	6.796921030282855603e-02	2.701013519891483361e-02	6.962788222636973057e-02
9.772295831583674044e+02	2.867504055290940324e-01	1.773831654931929680e-01	2.289188849630288125e-01	1.418518067674679473e-01	6.812711594608897303e-02	2.710460678120732783e-02	6.986401451989984746e-02
9.820673533720223531e+02	2.858700665403198782e-01	1.768150696686720813e-01	2.294974571769788640e-01	1.422356655828165284e-01	6.828419174009454917e-02	2.719873114386411883e-02	7.009881814723403770e-02
9.869051235856777566e+02	2.849947844340969816e-01	1.762502382496858311e-01	2.300725211166321782e-01	1.426172064109395565e-01	6.844044154434776595e-02	2.729250821749453979e-02	7.033230002678333981e-02
9.917428937993331601e+02	2.841245300758044601e-01	1.756886524125075288e-01	2.306440992689349212e-01	1.429964440250294788e-01	6.859586920571748847e-02	2.738593795432842787e-02	7.056446705765792582e-02
9.965806640129884499e+02	2.832592744997498024e-01	1.751302934429009583e-01	2.312122139594533776e-01	1.433733930923257183e-01	6.875047855852584044e-02	2.747902032787538293e-02	7.079532611914912676e-02
1.001418434226643626e+03	2.823989889081739979e-01	1.745751427354635676e-01	2.317768873538034458e-01	1.437480681750886446e-01	6.890427342462608629e-02	2.757175533258885911e-02	7.102488407023561934e-02
1.006256204440298802e+03	2.815436446702624940e-01	1.740231817929741576e-01	2.323381414590633964e-01	1.441204837315603615e-01	6.905725761347222824e-02	2.766414298353498530e-02	7.125314774911256643e-02
1.011093974653954206e+03	2.806932133211628155e-01	1.734743922257451221e-01	2.328959981251703393e-01	1.444906541169122538e-01	6.920943492218070703e-02	2.775618331606596184e-02	7.148012397274301766e-02
1.015931744867609382e+03	2.798476665610076797e-01	1.729287557509793238e-01	2.334504790462997581e-01	1.448585935841799344e-01	6.936080913558489991e-02	2.784787638549795358e-02	7.170581953643066775e-02
1.020769515081264785e+03	2.790069762539442166e-01	1.723862541921312441e-01	2.340016057622297529e-01	1.452243162851854230e-01	6.951138402628292967e-02	2.793922226679339607e-02	7.193024121341323740e-02
