5.805324256386339954e+01	5.195378122245499775e-01	4.420343518853614984e-01	1.488770232343221075e-02	4.178389499065864390e-03	7.531620841330304190e-03	7.093752456647844581e-03	4.736370769588841602e-03
7.256655320482924765e+01	5.313577428475382280e-01	4.185672131753146452e-01	2.125898352697596499e-02	6.568858259553170958e-03	1.009896435069504439e-02	7.141565297769395838e-03	5.006672542130065004e-03
8.707986384579510286e+01	5.379503438024337836e-01	4.001843348669592015e-01	2.723176812500087418e-02	9.441260717320303780e-03	1.250005347392708910e-02	7.234624818178927649e-03	5.457614196156354569e-03
1.015931744867609581e+02	5.407731825084337585e-01	3.855251786694509075e-01	3.294299779611757628e-02	1.258510889334580121e-02	1.474442185795188376e-02	7.366994161787294472e-03	6.062116112889218145e-03
1.161064851277267991e+02	5.408866871629740558e-01	3.735989945020311009e-01	3.846800443644636525e-02	1.587259709604113903e-02	1.684281262545547081e-02	7.533518460403826507e-03	6.797385716624475445e-03
1.306197957686926259e+02	5.390621154552194261e-01	3.636842130153701280e-01	4.384813499479752602e-02	1.922525932803167276e-02	1.880667937323911992e-02	7.729710077757300478e-03	7.643887755561145150e-03
1.451331064096584669e+02	5.358602076952263538e-01	3.552552053840008495e-01	4.910609531091321422e-02	2.259445143951378104e-02	2.064768401817256363e-02	7.951656842546891285e-03	8.584699309602648529e-03
1.596464170506243647e+02	5.316884691264048834e-01	3.479289697822470218e-01	5.425444877979912484e-02	2.594980596490309779e-02	2.237728385356400895e-02	8.195945798468353555e-03	9.605076694589844560e-03
1.741597276915902057e+02	5.268428796302042638e-01	3.414263250390802140e-01	5.930030494919018985e-02	2.927232017602690931e-02	2.400643047319762566e-02	8.459598250908974618e-03	1.069214148136807263e-02
1.886730383325560467e+02	5.215382595557621626e-01	3.355436649032188523e-01	6.424789146350742830e-02	3.255016158132351123e-02	2.554537271350632369e-02	8.740013624147538809e-03	1.183463615851044343e-02
2.031863489735219162e+02	5.159303741501761742e-01	3.301323994310832455e-01	6.909995324317336207e-02	3.577608463507050279e-02	2.700354479534305269e-02	9.034920564554200367e-03	1.302272318057574700e-02
2.176996596144877287e+02	5.101320226163780225e-01	3.250839915765569299e-01	7.385850430395132782e-02	3.894581476984450286e-02	2.838951907780599276e-02	9.342334217150371350e-03	1.424781343828907150e-02
2.322129702554535982e+02	5.042247478484859213e-01	3.203190661903477787e-01	7.852522413895716979e-02	4.205702138360945669e-02	2.971100496450781309e-02	9.660518870720745388e-03	1.550241660334727989e-02
2.467262808964194392e+02	4.982673582929919021e-01	3.157794830061632640e-01	8.310166044899650051e-02	4.510865493253627539e-02	3.097487890931190091e-02	9.987955319729360792e-03	1.678000909024692303e-02
2.612395915373852517e+02	4.923021294460300790e-01	3.114225668477567655e-01	8.758932756776673101e-02	4.810051277905166150e-02	3.218723394174315133e-02	1.032331238663610450e-02	1.807491703099153163e-02
2.757529021783511780e+02	4.863593165440069366e-01	3.072169078742505444e-01	9.198974967843911998e-02	5.103295113699333335e-02	3.335344017679382073e-02	1.066542211496262875e-02	1.938221247452955390e-02
2.902662128193169337e+02	4.804604381781871214e-01	3.031393045102666606e-01	9.630447560839487664e-02	5.390669183894765404e-02	3.447821024491066338e-02	1.101325819601705128e-02	2.069762142325185655e-02
3.047795234602828600e+02	4.746206654572308614e-01	2.991725380369928966e-01	1.005350796648149247e-01	5.672269159122578924e-02	3.556566549009703565e-02	1.136591723735684220e-02	2.201744252225756177e-02
3.192928341012487294e+02	4.688505602641048209e-01	2.953037524861160668e-01	1.046831561979660319e-01	5.948205298247281891e-02	3.661940021429575115e-02	1.172260252184723940e-02	2.333847533317312886e-02
3.338061447422145420e+02	4.631573398562173760e-01	2.915232750974734999e-01	1.087503118784509115e-01	6.218596373105554631e-02	3.764254228717664463e-02	1.208260994374056249e-02	2.465795720586131182e-02
3.483194553831804114e+02	4.575457968019133737e-01	2.878237574460529302e-01	1.127381576730880214e-01	6.483565522448096752e-02	3.863780917955055710e-02	1.244531584293974771e-02	2.597350783195028628e-02
3.628327660241463377e+02	4.520189681250029734e-01	2.841995499805498593e-01	1.166483014368395188e-01	6.743237434386145646e-02	3.960755899025051457e-02	1.281016649059271706e-02	2.728308063287885124e-02
3.773460766651120935e+02	4.465786219681699976e-01	2.806462464673867285e-01	1.204823414815422711e-01	6.997736448973095047e-02	4.055383638025650272e-02	1.317666900839402182e-02	2.858492020449536139e-02
3.918593873060780197e+02	4.412256114840810151e-01	2.771603521196903119e-01	1.242418612020117080e-01	7.247185300350587889e-02	4.147841355046428397e-02	1.354438353046772368e-02	2.987752510975489814e-02
4.063726979470438323e+02	4.359601321257316475e-01	2.737390417705665713e-01	1.279284247076358794e-01	7.491704304020312122e-02	4.238282653589162119e-02	1.391291644054053374e-02	3.115961537940646273e-02
4.208860085880095880e+02	4.307819086563088873e-01	2.703799836052524497e-01	1.315435733524877582e-01	7.731410853583310649e-02	4.326840716531858699e-02	1.428191453840567567e-02	3.243010414636939703e-02
4.353993192289755143e+02	4.256903310301253240e-01	2.670812106297120736e-01	1.350888230411324553e-01	7.966419131834243106e-02	4.413631107041707941e-02	1.465106000858248068e-02	3.368807290166403456e-02
4.499126298699413837e+02	4.206845530796284871e-01	2.638410269025096566e-01	1.385656621902982277e-01	8.196839969314460850e-02	4.498754213607385199e-02	1.502006608077461128e-02	3.493274991754644759e-02
4.644259405109071963e+02	4.157635641475676547e-01	2.606579390861128442e-01	1.419755502377095246e-01	8.422780803203520905e-02	4.582297377363740709e-02	1.538867328641421381e-02	3.616349143649904424e-02
4.789392511518730657e+02	4.109262410412780619e-01	2.575306064425074704e-01	1.453199166031906020e-01	8.644345703364393618e-02	4.664336737809429007e-02	1.575664622844438409e-02	3.737976527281717393e-02
4.934525617928388783e+02	4.061713856762035335e-01	2.544578042676475804e-01	1.486001600209922446e-01	8.861635442216375669e-02	4.744938830346237535e-02	1.612377079272854508e-02	3.858113651677785860e-02
5.079658724338048046e+02	4.014977523133617665e-01	2.514383971201323842e-01	1.518176481750024842e-01	9.074747592102001825e-02	4.824161966120753264e-02	1.648985173926230050e-02	3.976725506998941145e-02
5.224791830747705035e+02	3.969040672313839946e-01	2.484713191900864149e-01	1.549737175796557787e-01	9.283776638779966950e-02	4.902057421638713469e-02	1.685471061986920996e-02	4.093784477479368161e-02
5.369924937157364866e+02	3.923890428995434609e-01	2.455555598753176028e-01	1.580696736589094487e-01	9.488814103202448946e-02	4.978670462687059123e-02	1.721818397643995122e-02	4.209269393087036043e-02
5.515058043567023560e+02	3.879513881548855014e-01	2.426901531567804693e-01	1.611067909837242684e-01	9.689948666236830599e-02	5.054041224321822318e-02	1.758012178016370511e-02	4.323164701883542432e-02
5.660191149976681118e+02	3.835898154767381496e-01	2.398741697475672841e-01	1.640863136352490870e-01	9.887266292761871800e-02	5.128205466108021887e-02	1.794038607772618921e-02	4.435459747399623370e-02
5.805324256386339812e+02	3.793030461537175713e-01	2.371067112679316746e-01	1.670094556665527030e-01	1.008085035281599817e-01	5.201195219452013629e-02	1.829884981522136855e-02	4.546148137387247268e-02
5.950457362795999643e+02	3.750898139214272065e-01	2.343869059014935807e-01	1.698774016404497877e-01	1.027078173834983232e-01	5.273039341752223941e-02	1.865539581464187996e-02	4.655227192094290450e-02
6.095590469205657200e+02	3.709488674912533313e-01	2.317139051353588330e-01	1.726913072248826286e-01	1.045713897474313814e-01	5.343763990205058906e-02	1.900991588136340463e-02	4.762697461763577833e-02
6.240723575615315895e+02	3.668789722758739047e-01	2.290868812943868682e-01	1.754522998305815817e-01	1.063999832666463335e-01	5.413393026426951971e-02	1.936231002409590299e-02	4.868562304412184932e-02
6.385856682024975726e+02	3.628789115336088500e-01	2.265050256581568888e-01	1.781614792784447232e-01	1.081943389813658923e-01	5.481948361575218753e-02	1.971248577140681871e-02	4.972827516124060654e-02
6.530989788434633283e+02	3.589474870930153272e-01	2.239675470062527096e-01	1.808199184863421571e-01	1.099551772685414125e-01	5.549450250352290503e-02	2.006035757118537072e-02	5.075501007111610924e-02
6.676122894844290840e+02	3.550835197749724337e-01	2.214736704790815913e-01	1.834286641669402862e-01	1.116831987293011724e-01	5.615917541142252667e-02	2.040584626136352636e-02	5.176592517689450335e-02
6.821256001253949535e+02	3.512858495973892881e-01	2.190226366717692996e-01	1.859887375297178957e-01	1.133790850231006231e-01	5.681367888538139954e-02	2.074887860188155686e-02	5.276113369073594933e-02
6.966389107663608229e+02	3.475533358243240722e-01	2.166137009007935987e-01	1.885011349816612392e-01	1.150434996514353159e-01	5.745817933656738319e-02	2.108938685932236490e-02	5.374076244587205897e-02
7.111522214073266923e+02	3.438848569043312930e-01	2.142461325991552867e-01	1.909668288222221566e-01	1.166770886941696783e-01	5.809283456889600961e-02	2.142730843687159006e-02	5.470494997433004991e-02
7.256655320482924481e+02	3.402793103305216116e-01	2.119192148076698978e-01	1.933867679290373065e-01	1.182804815015766758e-01	5.871779507090762323e-02	2.176258554331821429e-02	5.565384481694477664e-02
7.401788426892584312e+02	3.367356124458560918e-01	2.096322437385667314e-01	1.957618784316680349e-01	1.198542913451293990e-01	5.933320510640734818e-02	2.209516489571746595e-02	5.658760403663101041e-02
7.546921533302243006e+02	3.332526982106884805e-01	2.073845283938731965e-01	1.980930643712523476e-01	1.213991160299687511e-01	5.993920363341726648e-02	2.242499745111546997e-02	5.750639190966058689e-02
7.692054639711900563e+02	3.298295209448412479e-01	2.051753902256635287e-01	2.003812083444845293e-01	1.229155384718193661e-01	6.053592507680672502e-02	2.275203816340126695e-02	5.841037877295948005e-02
7.837187746121558121e+02	3.264650520530725242e-01	2.030041628286200772e-01	2.026271721307720264e-01	1.244041272409540377e-01	6.112349997635935228e-02	2.307624576192248214e-02	5.929974000827566843e-02
7.982320852531219089e+02	3.231582807403012847e-01	2.008701916578248536e-01	2.048317973017762805e-01	1.258654370756282781e-01	6.170205552892765039e-02	2.339758254898945816e-02	6.017465514652839409e-02
8.127453958940876646e+02	3.199082137211542998e-01	1.987728337665128076e-01	2.069959058128368612e-01	1.273000093672278232e-01	6.227171604065049465e-02	2.371601421381055314e-02	6.103530707778338782e-02
8.272587065350534203e+02	3.167138749270916875e-01	1.967114575598498949e-01	2.091203005760187972e-01	1.287083726191991795e-01	6.283260330290728335e-02	2.403150966075892972e-02	6.188188135415050029e-02
8.417720171760191761e+02	3.135743052134230546e-01	1.946854425617809414e-01	2.112057660147152460e-01	1.300910428816682562e-01	6.338483690370368129e-02	2.434404085017669722e-02	6.271456557450838520e-02
8.562853278169851592e+02	3.104885620678413116e-01	1.926941791927172798e-01	2.132530685998958175e-01	1.314485241634970325e-01	6.392853448448410081e-02	2.465358265018343167e-02	6.353354884135738179e-02
8.707986384579510286e+02	3.074557193216084228e-01	1.907370685563682389e-01	2.152629573682137143e-01	1.327813088233855132e-01	6.446381195090579441e-02	2.496011269817915296e-02	6.433902128131548104e-02
8.853119490989170117e+02	3.044748668641730216e-01	1.888135222344209108e-01	2.172361644222841337e-01	1.340898779414914643e-01	6.499078364485688653e-02	2.526361127092209904e-02	6.513117362182786751e-02
8.998252597398827675e+02	3.015451103617420858e-01	1.869229620880654974e-01	2.191734054135207332e-01	1.353747016729199837e-01	6.550956248392594827e-02	2.556406116222411512e-02	6.591019681757806503e-02
9.143385703808486369e+02	2.986655709801483427e-01	1.850648200655874154e-01	2.210753800079761078e-01	1.366362395843217503e-01	6.602026007360925486e-02	2.586144756744486461e-02	6.667628172088871374e-02
9.288518810218145063e+02	2.958353851122219602e-01	1.832385380154113730e-01	2.229427723356731394e-01	1.378749409747377086e-01	6.652298679675291981e-02	2.615575797408404429e-02	6.742961879109540813e-02
9.433651916627801484e+02	2.930537041097837081e-01	1.814435675041088381e-01	2.247762514239438070e-01	1.390912451817337692e-01	6.701785188405062765e-02	2.644698205787128151e-02	6.817039783848456713e-02
9.578785023037459041e+02	2.903196940203109366e-01	1.796793696389747674e-01	2.265764716153122471e-01	1.402855818737850369e-01	6.750496346883966270e-02	2.673511158383884770e-02	6.889880779891512097e-02
9.723918129447120009e+02	2.876325353282808139e-01	1.779454148948518277e-01	2.283440729704686589e-01	1.414583713297910272e-01	6.798442862894282790e-02	2.702014031193500365e-02	6.961503653570645656e-02
9.869051235856777566e+02	2.849914227011642875e-01	1.762411829449364309e-01	2.300796816568846936e-01	1.426100247065342774e-01	6.845635341788114392e-02	2.730206390679763145e-02	7.031927066577828289e-02
1.001418434226643626e+03	2.823955647400221425e-01	1.745661624953428748e-01	2.317839103236198628e-01	1.437409442948288096e-01	6.892084288742078568e-02	2.758087985136028694e-02	7.101169540738194730e-02
1.015931744867609382e+03	2.798441837346405392e-01	1.729198511232369062e-01	2.334573584628625298e-01	1.448515237650489229e-01	6.937800110310965440e-02	2.785658736400730209e-02	7.169249444707084806e-02
1.030445055508575479e+03	2.773365154231325347e-01	1.713017551183750320e-01	2.351006127587382533e-01	1.459421484026736937e-01	6.982793115419574925e-02	2.812918731903239419e-02	7.236184982382908026e-02
1.044958366149541234e+03	2.748718087559278711e-01	1.697113893279078023e-01	2.367142474239078698e-01	1.470131953344357145e-01	7.027073515909555701e-02	2.839868217018725466e-02	7.301994182851465065e-02
1.059471676790506763e+03	2.724493256640700412e-01	1.681482770043218333e-01	2.382988245244621328e-01	1.480650337456172749e-01	7.070651426739016365e-02	2.866507587713365904e-02	7.366694891698168102e-02
1.073984987431472746e+03	2.700683408317364753e-01	1.666119496564083535e-01	2.398548942936046258e-01	1.490980250889978320e-01	7.113536865916424146e-02	2.892837383463572193e-02	7.430304763542960877e-02
1.088498298072438729e+03	2.677281414728999165e-01	1.651019469031584086e-01	2.413829954345976525e-01	1.501125232859191194e-01	7.155739754236534189e-02	2.918858280434819333e-02	7.492841255668818146e-02
1.103011608713404712e+03	2.654280271120482149e-01	1.636178163304927713e-01	2.428836554134282122e-01	1.511088749199010761e-01	7.197269914874443453e-02	2.944571084907328731e-02	7.554321622628890065e-02
1.117524919354370468e+03	2.631673093688799425e-01	1.621591133507429838e-01	2.443573907416333457e-01	1.520874194232105792e-01	7.238137072883900347e-02	2.969976726937230069e-02	7.614762911729879014e-02
1.132038229995336451e+03	2.609453117468980565e-01	1.607254010648062614e-01	2.458047072497065444e-01	1.530484892567568200e-01	7.278350854637680167e-02	2.995076254243006150e-02	7.674181959300242772e-02
1.146551540636302207e+03	2.587613694258216746e-01	1.593162501269021758e-01	2.472261003514882316e-01	1.539924100836614906e-01	7.317920787240711489e-02	3.019870826308025322e-02	7.732595387661606035e-02
1.161064851277267962e+03	2.566148290577404678e-01	1.579312386118641720e-01	2.486220552999260369e-01	1.549195009368274645e-01	7.356856297940736478e-02	3.044361708690789675e-02	7.790019602730359483e-02
1.175578161918233945e+03	2.545050485669372864e-01	1.565699518849026362e-01	2.499930474345727627e-01	1.558300743808087585e-01	7.395166713556214355e-02	3.068550267535255852e-02	7.846470792184086218e-02
1.190091472559199701e+03	2.524313969533057977e-01	1.552319824737797560e-01	2.513395424211736229e-01	1.567244366682635781e-01	7.432861259937031950e-02	3.092437964274168463e-02	7.901964924134231849e-02
1.204604783200165684e+03	2.503932540992929168e-01	1.539169299433400806e-01	2.526619964836769872e-01	1.576028878912540676e-01	7.469949061470000651e-02	3.116026350518873861e-02	7.956517746252436685e-02
1.219118093841131440e+03	2.483900105802971658e-01	1.526244007723424057e-01	2.539608566289871527e-01	1.584657221276394856e-01	7.506439140638263008e-02	3.139317063129501428e-02	8.010144785303334458e-02
1.233631404482097196e+03	2.464210674784553801e-01	1.513540082325422476e-01	2.552365608647629847e-01	1.593132275827932043e-01	7.542340417641223149e-02	3.162311819459778794e-02	8.062861347041343218e-02
1.248144715123063179e+03	2.444858361997523655e-01	1.501053722699752513e-01	2.564895384105501108e-01	1.601456867268600537e-01	7.577661710079640345e-02	3.185012412771057178e-02	8.114682516433251169e-02
1.262658025764028707e+03	2.425837382943899223e-01	1.488781193883945975e-01	2.577202099025217019e-01	1.609633764277564327e-01	7.612411732708870837e-02	3.207420707810403754e-02	8.165623158172190255e-02
1.277171336404994690e+03	2.407142052803523946e-01	1.476718825348169450e-01	2.589289875920880446e-01	1.617665680801036177e-01	7.646599097261851108e-02	3.229538636547835129e-02	8.215697917451945942e-02
1.291684647045960673e+03	2.388766784701085444e-01	1.464863009871330557e-01	2.601162755386231540e-01	1.625555277302730972e-01	7.680232312342338830e-02	3.251368194067987688e-02	8.264921220973624194e-02
1.306197957686926657e+03	2.370706088003899370e-01	1.453210202437411336e-01	2.612824697965436815e-01	1.633305161977116060e-01	7.713319783388036810e-02	3.272911434611697201e-02	8.313307278159375036e-02
1.320711268327892412e+03	2.352954566649877732e-01	1.441756919151613581e-01	2.624279585969643835e-01	1.640917891927045069e-01	7.745869812702513291e-02	3.294170467763100213e-02	8.360870082550331261e-02
1.335224578968857941e+03	2.335506917505120461e-01	1.430499736175928904e-01	2.635531225241426467e-01	1.648395974307259870e-01	7.777890599554262985e-02	3.315147454778030051e-02	8.407623413368095489e-02
1.349737889609823924e+03	2.318357928750570118e-01	1.419435288683738861e-01	2.646583346869146314e-01	1.655741867435167325e-01	7.809390240340843836e-02	3.335844605049598927e-02	8.453580837221076616e-02
1.364251200250789907e+03	2.301502478297192122e-01	1.408560269833080414e-01	2.657439608853146007e-01	1.662957981870215596e-01	7.840376728815698359e-02	3.356264172706969334e-02	8.498755709938736469e-02
1.378764510891755890e+03	2.284935532229149802e-01	1.397871429758209549e-01	2.668103597725612897e-01	1.670046681463117078e-01	7.870857956374990860e-02	3.376408453343428956e-02	8.543161178518436649e-02
1.393277821532721646e+03	2.268652143274456356e-01	1.387365574579108585e-01	2.678578830125843413e-01	1.677010284376104221e-01	7.900841712401696082e-02	3.396279780869976284e-02	8.586810183170957844e-02
1.407791132173687402e+03	2.252647449302595251e-01	1.377039565428598844e-01	2.688868754332565669e-01	1.683851064075332082e-01	7.930335684663999962e-02	3.415880524490721298e-02	8.629715459452118320e-02
1.422304442814653157e+03	2.236916671848617200e-01	1.366890317496716745e-01	2.698976751754893488e-01	1.690571250296488137e-01	7.959347459765071797e-02	3.435213085796484656e-02	8.671889540469050750e-02
1.436817753455619140e+03	2.221455114663221375e-01	1.356914799092029944e-01	2.708906138383410100e-01	1.697173029984607728e-01	7.987884523641207435e-02	3.454279895973073194e-02	8.713344759150795649e-02
1.451331064096585123e+03	2.206258162288350921e-01	1.347110030719573803e-01	2.718660166202807593e-01	1.703658548209048829e-01	8.015954262105394468e-02	3.473083413120779672e-02	8.754093250573781460e-02
1.465844374737550879e+03	2.191321278657833715e-01	1.337473084175096472e-01	2.728242024567443802e-01	1.710029909054523456e-01	8.043563961433353171e-02	3.491626119681732338e-02	8.794146954333706412e-02
1.480357685378516862e+03	2.176640005722613180e-01	1.328001081655307836e-01	2.737654841541106165e-01	1.716289176489044777e-01	8.070720808989204076e-02	3.509910519971801146e-02	8.833517616956047813e-02
1.494870996019482618e+03	2.162209962100119232e-01	1.318691194883834239e-01	2.746901685202224885e-01	1.722438375209596473e-01	8.097431893887967191e-02	3.527939137813845827e-02	8.872216794338209922e-02
1.509384306660448374e+03	2.148026841747346372e-01	1.309540644252589203e-01	2.755985564915708896e-01	1.728479491466307361e-01	8.123704207692185320e-02	3.545714514269135420e-02	8.910255854216934945e-02
1.523897617301414357e+03	2.134086412657204002e-01	1.300546697978273714e-01	2.764909432572527082e-01	1.734414473865855399e-01	8.149544645140076315e-02	3.563239205463883397e-02	8.947645978655215104e-02
1.538410927942380113e+03	2.120384515577720674e-01	1.291706671273730733e-01	2.773676183798112760e-01	1.740245234154808307e-01	8.174960004902695476e-02	3.580515780507877860e-02	8.984398166543473840e-02
1.552924238583346096e+03	2.106917062753688730e-01	1.283017925533877779e-01	2.782288659130617292e-01	1.745973647983565247e-01	8.199956990367728016e-02	3.597546819502266124e-02	9.020523236110286613e-02
1.567437549224311852e+03	2.093680036690345470e-01	1.274477867535951936e-01	2.790749645169982585e-01	1.751601555651540187e-01	8.224542210447598201e-02	3.614334911633629993e-02	9.056031827438348891e-02
1.581950859865277607e+03	2.080669488938693135e-01	1.266083948653806968e-01	2.799061875698783397e-01	1.757130762834184234e-01	8.248722180409737148e-02	3.630882653351547723e-02	9.090934404981818040e-02
1.596464170506243590e+03	2.067881538902068828e-01	1.257833664086005776e-01	2.807228032775727078e-01	1.762563041292440347e-01	8.272503322726916519e-02	3.647192646626905982e-02	9.125241260081536077e-02
1.610977481147209119e+03	2.055312372663582188e-01	1.249724552097458974e-01	2.815250747802670039e-01	1.767900129565173339e-01	8.295891967945699663e-02	3.663267497288297259e-02	9.158962513474944167e-02
1.625490791788175102e+03	2.042958241834048616e-01	1.241754193274358792e-01	2.823132602565974203e-01	1.773143733645108355e-01	8.318894355571125609e-02	3.679109813433900644e-02	9.192108117797863354e-02
1.640004102429141085e+03	2.030815462420047790e-01	1.233920209792174899e-01	2.830876130252991119e-01	1.778295527638789619e-01	8.341516634965882859e-02	3.694722203916306347e-02	9.224687860075563017e-02
1.654517413070107068e+03	2.018880413711750255e-01	1.226220264696471357e-01	2.838483816444426489e-01	1.783357154411037704e-01	8.363764866262309028e-02	3.710107276897821327e-02	9.256711364200806424e-02
1.669030723711072824e+03	2.007149537190156263e-01	1.218652061196313086e-01	2.845958100083306741e-01	1.788330226214375207e-01	8.385645021285637046e-02	3.725267638473840626e-02	9.288188093396806955e-02
1.683544034352038352e+03	1.995619335453402976e-01	1.211213341970039242e-01	2.853301374421252645e-01	1.793216325303863823e-01	8.407162984487026591e-02	3.740205891361947366e-02	9.319127352663240937e-02
1.698057344993004335e+03	1.984286371161796403e-01	1.203901888483175225e-01	2.860515987942714444e-01	1.798017004537783570e-01	8.428324553884995740e-02	3.754924633654457139e-02	9.349538291203658702e-02
1.712570655633970318e+03	1.973147266001237243e-01	1.196715520318271109e-01	2.867604245267816321e-01	1.802733787964561907e-01	8.449135442013934461e-02	3.769426457632186339e-02	9.379429904832820020e-02
1.727083966274936301e+03	1.962198699664713664e-01	1.189652094516447794e-01	2.874568408034426925e-01	1.807368171396350198e-01	8.469601276878491181e-02	3.783713948637294766e-02	9.408811038362638324e-02
1.741597276915902057e+03	1.951437408851534605e-01	1.182709504930445216e-01	2.881410695760043272e-01	1.811921622969620838e-01	8.489727602912691684e-02	3.797789684003092386e-02	9.437690387965595729e-02
1.756110587556867813e+03	1.940860186283996924e-01	1.175885681588962478e-01	2.888133286684060330e-01	1.816395583693157789e-01	8.509519881942691211e-02	3.811656232038779235e-02	9.466076503514579688e-02
1.770623898197833569e+03	1.930463879741166899e-01	1.169178590072092738e-01	2.894738318590978077e-01	1.820791467983783607e-01	8.528983494152196643e-02	3.825316151067138098e-02	9.493977790898282254e-02
1.785137208838799552e+03	1.920245391109480504e-01	1.162586230897651035e-01	2.901227889615070055e-01	1.825110664190164322e-01	8.548123739049579006e-02	3.838771988513252353e-02	9.521402514311354259e-02
1.799650519479765535e+03	1.910201675449859360e-01	1.156106638918202173e-01	2.907604059027020238e-01	1.829354535105015278e-01	8.566945836435833905e-02	3.852026280042378931e-02	9.548358798518666313e-02
1.814163830120731291e+03	1.900329740081053709e-01	1.149737882728599919e-01	2.913868848003026146e-01	1.833524418466024319e-01	8.585454927372546119e-02	3.865081548745172291e-02	9.574854631093085433e-02
1.828677140761696819e+03	1.890626643678920693e-01	1.143478064083846557e-01	2.920024240376837277e-01	1.837621627445788774e-01	8.603656075149120064e-02	3.877940304368494157e-02	9.600897864626298239e-02
1.843190451402663257e+03	1.881089495391358724e-01	1.137325317327092244e-01	2.926072183375179048e-01	1.841647451131062929e-01	8.621554266248547538e-02	3.890605042590102036e-02	9.626496218912262981e-02
1.857703762043628785e+03	1.871715453968622322e-01	1.131277808827593628e-01	2.932014588337015226e-01	1.845603154991595218e-01	8.639154411311056325e-02	3.903078244335569241e-02	9.651657283102957341e-02
1.872217072684594768e+03	1.862501726908742106e-01	1.125333736428453524e-01	2.937853331417064062e-01	1.849489981338822142e-01	8.656461346095038756e-02	3.915362375135826578e-02	9.676388517836166658e-02
1.886730383325560297e+03	1.853445569617787614e-01	1.119491328903970268e-01	2.943590254273982798e-01	1.853309149774689801e-01	8.673479832434674575e-02	3.927459884523772787e-02	9.700697257335105794e-02
1.901243693966526507e+03	1.844544284584705707e-01	1.113748845426424383e-01	2.949227164743618013e-01	1.857061857630847579e-01	8.690214559193727706e-02	3.939373205468453543e-02	9.724590711479720595e-02
1.915757004607492036e+03	1.835795220570484443e-01	1.108104575042136303e-01	2.954765837497706493e-01	1.860749280398463767e-01	8.706670143215018698e-02	3.951104753845347678e-02	9.748075967849580137e-02
1.930270315248458019e+03	1.827195771811382374e-01	1.102556836156632775e-01	2.960208014688391898e-01	1.864372572148899898e-01	8.722851130265139863e-02	3.962656927941343721e-02	9.771159993738307015e-02
1.944783625889424002e+03	1.818743377235982062e-01	1.097103976028756950e-01	2.965555406578922470e-01	1.867932865945469700e-01	8.738761995973966246e-02	3.974032107993052954e-02	9.793849638139526248e-02
1.959296936530389530e+03	1.810435519695821061e-01	1.091744370273568243e-01	2.970809692160881199e-01	1.871431274246506127e-01	8.754407146768597436e-02	3.985232655757121184e-02	9.816151633704382762e-02
1.973810247171355968e+03	1.802269725209360296e-01	1.086476422373874318e-01	2.975972519758269264e-01	1.874868889299952657e-01	8.769790920801359690e-02	3.996260914111275653e-02	9.838072598670669078e-02
1.988323557812321269e+03	1.794243562219061117e-01	1.081298563200243229e-01	2.981045507618788615e-01	1.878246783529685937e-01	8.784917588871561656e-02	4.007119206684853913e-02	9.859619038763670074e-02
2.002836868453287707e+03	1.786354640861331777e-01	1.076209250539347240e-01	2.986030244492625108e-01	1.881566009913767934e-01	8.799791355340670640e-02	4.017809837517631599e-02	9.880797349068848323e-02
2.017350179094252780e+03	1.778600612249128243e-01	1.071206968630490086e-01	2.990928290199044159e-01	1.884827602354829379e-01	8.814416359040667948e-02	4.028335090745778502e-02	9.901613815876511571e-02
2.031863489735218764e+03	1.770979167766974505e-01	1.066290227710174204e-01	2.995741176181092591e-01	1.888032576042768251e-01	8.828796674175307113e-02	4.038697230313839648e-02	9.922074618498634424e-02
2.046376800376184747e+03	1.763488038378196454e-01	1.061457563564566359e-01	3.000470406048703631e-01	1.891181927809948426e-01	8.842936311214050216e-02	4.048898499711642979e-02	9.942185831058032719e-02
2.060890111017150957e+03	1.756124993944147838e-01	1.056707537089723037e-01	3.005117456110468210e-01	1.894276636479079734e-01	8.856839217778487983e-02	4.058941121735103186e-02	9.961953424250094558e-02
2.075403421658116713e+03	1.748887842555220951e-01	1.052038733859438080e-01	3.009683775894358426e-01	1.897317663203947347e-01	8.870509279521031354e-02	4.068827298269906551e-02	9.981383267077292842e-02
2.089916732299082469e+03	1.741774429873431396e-01	1.047449763700580155e-01	3.014170788657657973e-01	1.900305951803163418e-01	8.883950320995724625e-02	4.078559210097101179e-02	1.000048112855672633e-01
2.104430042940048224e+03	1.734782638486382367e-01	1.042939260275786983e-01	3.018579891886358779e-01	1.903242429087099730e-01	8.897166106521003925e-02	4.088139016719655877e-02	1.001925267940094455e-01
2.118943353581013525e+03	1.727910387272400539e-01	1.038505880673387394e-01	3.022912457784270313e-01	1.906128005178163998e-01	8.910160341034291387e-02	4.097568856209075211e-02	1.003770349367230641e-01
2.133456664221980191e+03	1.721155630776653178e-01	1.034148305004426588e-01	3.027169833752077488e-01	1.908963573824568605e-01	8.922936670938272363e-02	4.106850845071196437e-02	1.005583905041116805e-01
2.147969974862945492e+03	1.714516358598053292e-01	1.029865236006666379e-01	3.031353342856595856e-01	1.911750012707748025e-01	8.935498684938773806e-02	4.115987078130319693e-02	1.007366473523817751e-01
2.162483285503912157e+03	1.707990594786763239e-01	1.025655398655440503e-01	3.035464284290429471e-01	1.914488183743562888e-01	8.947849914874125843e-02	4.124979628430858192e-02	1.009118584193095941e-01
2.176996596144877003e+03	1.701576397252113071e-01	1.021517539781244821e-01	3.039503933822279014e-01	1.917178933377437777e-01	8.959993836535942724e-02	4.133830547155719487e-02	1.010840757397549750e-01
2.191509906785843214e+03	1.695271857180749575e-01	1.017450427693943338e-01	3.043473544238086137e-01	1.919823092873569892e-01	8.971933870481238471e-02	4.142541863560657983e-02	1.012533504609251928e-01
2.206023217426809424e+03	1.689075098464839220e-01	1.013452851813475275e-01	3.047374345773251614e-01	1.922421478598337063e-01	8.983673382835825894e-02	4.151115584923865953e-02	1.014197328573918505e-01
2.220536528067775180e+03	1.682984277140149310e-01	1.009523622306948837e-01	3.051207546536106596e-01	1.924974892298042528e-01	8.995215686088942064e-02	4.159553696510095988e-02	1.015832723458639786e-01
2.235049838708740936e+03	1.676997580833832768e-01	1.005661569732009403e-01	3.054974332922853475e-01	1.927484121371118575e-01	9.006564039879072503e-02	4.167858161548643192e-02	1.017440174997205210e-01
2.249563149349706237e+03	1.671113228221751401e-01	1.001865544686374870e-01	3.058675870024156751e-01	1.929949939134911752e-01	9.017721651770919944e-02	4.176030921224516135e-02	1.019020160633053035e-01
2.264076459990672902e+03	1.665329468495165832e-01	9.981344174634261546e-02	3.062313302023575989e-01	1.932373105087176468e-01	9.028691678023519074e-02	4.184073894682177608e-02	1.020573149659877860e-01
2.278589770631638203e+03	1.659644580836634464e-01	9.944670777137515350e-02	3.065887752588025705e-01	1.934754365162382195e-01	9.039477224349470874e-02	4.191988979041239710e-02	1.022099603359927361e-01
2.293103081272604413e+03	1.654056873904957148e-01	9.908624341125379931e-02	3.069400325250433159e-01	1.937094451982962762e-01	9.050081346665289628e-02	4.199778049423531084e-02	1.023599975140019880e-01
2.307616391913570169e+03	1.648564685329005630e-01	9.873194140327082313e-02	3.072852103784775579e-01	1.939394085105603793e-01	9.060507051832858427e-02	4.207442958990970788e-02	1.025074710665317412e-01
2.322129702554535925e+03	1.643166381210290350e-01	9.838369632237026208e-02	3.076244152573659463e-01	1.941653971262688738e-01	9.070757298392007062e-02	4.214985538993698544e-02	1.026524247990881628e-01
2.336643013195502135e+03	1.637860355634107035e-01	9.804140454958097661e-02	3.079577516968606821e-01	1.943874804599002026e-01	9.080834997284219223e-02	4.222407598827952052e-02	1.027949017691051209e-01
2.351156323836467891e+03	1.632645030189114055e-01	9.770496424099446575e-02	3.082853223643210461e-01	1.946057266903793159e-01	9.090743012567484294e-02	4.229710926103177893e-02	1.029349442986665641e-01
2.365669634477433647e+03	1.627518853495198425e-01	9.737427529727846198e-02	3.086072280939314849e-01	1.948202027838303041e-01	9.100484162122318699e-02	4.236897286717889594e-02	1.030725939870173052e-01
2.380182945118399402e+03	1.622480300739478631e-01	9.704923933371659150e-02	3.089235679206369101e-01	1.950309745158850250e-01	9.110061218348988743e-02	4.243968424943817680e-02	1.032078917228650000e-01
2.394696255759364703e+03	1.617527873220311607e-01	9.672975965076499594e-02	3.092344391134110859e-01	1.952381064935570787e-01	9.119476908855958519e-02	4.250926063517891651e-02	1.033408776964766657e-01
2.409209566400331823e+03	1.612660097899156486e-01	9.641574120511706147e-02	3.095399372078709854e-01	1.954416621766906781e-01	9.128733917139598975e-02	4.257771903741634778e-02	1.034715914115727914e-01
2.423722877041296670e+03	1.607875526960164392e-01	9.610709058126727655e-02	3.098401560382530451e-01	1.956417038989931578e-01	9.137834883255208096e-02	4.264507625587545675e-02	1.036000716970221086e-01
2.438236187682262880e+03	1.603172737377356605e-01	9.580371596356554442e-02	3.101351877687635317e-01	1.958382928886600871e-01	9.146782404479382456e-02	4.271134887812075981e-02	1.037263567183402402e-01
2.452749498323228636e+03	1.598550330489261206e-01	9.550552710875349904e-02	3.104251229243172316e-01	1.960314892886018956e-01	9.155579035963769263e-02	4.277655328074822516e-02	1.038504839889950598e-01
2.467262808964194392e+03	1.594006931580879138e-01	9.521243531897430334e-02	3.107100504206773972e-01	1.962213521762797286e-01	9.164227291380283580e-02	4.284070563063555742e-02	1.039724903815220508e-01
2.481776119605160602e+03	1.589541189472848393e-01	9.492435341524785297e-02	3.109900575940093836e-01	1.964079395831596908e-01	9.172729643557814283e-02	4.290382188624752152e-02	1.040924121384523560e-01
2.496289430246126358e+03	1.585151776117688094e-01	9.464119571140314213e-02	3.112652302298609674e-01	1.965913085137926120e-01	9.181088525110481235e-02	4.296591779899262831e-02	1.042102848830567946e-01
2.510802740887092114e+03	1.580837386202993133e-01	9.436287798845995056e-02	3.115356525915811137e-01	1.967715149645275496e-01	9.189306329057518596e-02	4.302700891462821198e-02	1.043261436299084272e-01
2.525316051528057415e+03	1.576596736761461393e-01	9.408931746945205232e-02	3.118014074481889608e-01	1.969486139418668014e-01	9.197385409434820358e-02	4.308711057471057565e-02	1.044400227952669985e-01
2.539829362169024080e+03	1.572428566787637538e-01	9.382043279468413322e-02	3.120625761017050692e-01	1.971226594804695864e-01	9.205328081898228598e-02	4.314623791808732539e-02	1.045519562072876191e-01
2.554342672809989381e+03	1.568331636861252654e-01	9.355614399741508935e-02	3.123192384139554245e-01	1.972937046608118916e-01	9.213136624318624124e-02	4.320440588242890206e-02	1.046619771160570145e-01
2.568855983450955591e+03	1.564304728777047016e-01	9.329637247996010185e-02	3.125714728328605752e-01	1.974618016265093923e-01	9.220813277368879179e-02	4.326162920579670196e-02	1.047701182034596751e-01
2.583369294091921347e+03	1.560346645180965275e-01	9.304104099020445162e-02	3.128193564182187858e-01	1.976270016013106090e-01	9.228360245102754100e-02	4.331792242824496902e-02	1.048764115928770974e-01
2.597882604732887103e+03	1.556456209212611907e-01	9.279007359852169123e-02	3.130629648669956411e-01	1.977893549057670175e-01	9.235779695525794808e-02	4.337329989345409947e-02	1.049808888587224348e-01
2.612395915373853313e+03	1.552632264153857300e-01	9.254339567508926279e-02	3.133023725381289815e-01	1.979489109735866059e-01	9.243073761158306090e-02	4.342777575039277055e-02	1.050835810358135836e-01
2.626909226014819069e+03	1.548873673083492608e-01	9.230093386759478935e-02	3.135376524768598294e-01	1.981057183676775413e-01	9.250244539590481152e-02	4.348136395500667994e-02	1.051845186285871175e-01
2.641422536655784825e+03	1.545179318537821811e-01	9.206261607932600399e-02	3.137688764385987983e-01	1.982598247958882176e-01	9.257294094029742959e-02	4.353407827193158525e-02	1.052837316201558626e-01
2.655935847296750580e+03	1.541548102177094370e-01	9.182837144763787707e-02	3.139961149123382533e-01	1.984112771264496533e-01	9.264224453840384788e-02	4.358593227622856170e-02	1.053812494812124967e-01
2.670449157937716336e+03	1.537978944457674135e-01	9.159813032279034983e-02	3.142194371436182188e-01	1.985601214031267325e-01	9.271037615075596039e-02	4.363693935513943828e-02	1.054771011787819512e-01
2.684962468578682547e+03	1.534470784309847069e-01	9.137182424715023510e-02	3.144389111570570217e-01	1.987064028600837029e-01	9.277735541001913555e-02	4.368711270986039980e-02	1.055713151848249043e-01
2.699475779219648302e+03	1.531022578821165936e-01	9.114938593475092887e-02	3.146546037784534455e-01	1.988501659364701468e-01	9.284320162616203909e-02	4.373646535733193702e-02	1.056639194846949736e-01
2.713989089860614058e+03	1.527633302925243963e-01	9.093074925120389618e-02	3.148665806564712732e-01	1.989914542907326445e-01	9.290793379155264098e-02	4.378501013204331993e-02	1.057549415854519836e-01
2.728502400501579814e+03	1.524301949095895059e-01	9.071584919395558888e-02	3.150749062839126591e-01	1.991303108146580680e-01	9.297157058598072565e-02	4.383275968784994953e-02	1.058444085240336785e-01
2.743015711142545115e+03	1.521027527046533989e-01	9.050462187288406402e-02	3.152796440185908211e-01	1.992667776471534480e-01	9.303413038160818216e-02	4.387972649980188822e-02	1.059323468752884079e-01
2.757529021783511780e+03	1.517809063434741035e-01	9.029700449122934902e-02	3.154808561038083270e-01	1.994008961877681008e-01	9.309563124784754617e-02	4.392592286598197976e-02	1.060187827598708526e-01
2.772042332424477081e+03	1.514645601571907585e-01	9.009293532685160033e-02	3.156786036884496882e-01	1.995327071099630700e-01	9.315609095616970980e-02	4.397136090935221259e-02	1.061037418520032471e-01
2.786555643065443292e+03	1.511536201137868296e-01	8.989235371381165685e-02	3.158729468466967560e-01	1.996622503741325438e-01	9.321552698484153465e-02	4.401605257960672368e-02	1.061872493871043599e-01
2.801068953706408593e+03	1.508479937900437939e-01	8.969520002426825678e-02	3.160639445973726369e-01	1.997895652403828270e-01	9.327395652359424250e-02	4.406000965503024946e-02	1.062693301692884396e-01
2.815582264347374803e+03	1.505475903439768004e-01	8.950141565068646388e-02	3.162516549229240637e-01	1.999146902810731985e-01	9.333139647822322194e-02	4.410324374436058736e-02	1.063500085787361521e-01
2.830095574988341014e+03	1.502523204877437846e-01	8.931094298835193235e-02	3.164361347880471631e-01	2.000376633931234271e-01	9.338786347512016695e-02	4.414576628865399255e-02	1.064293085789400073e-01
2.844608885629306769e+03	1.499620964610199336e-01	8.912372541818566751e-02	3.166174401579654463e-01	2.001585218100929708e-01	9.344337386573838000e-02	4.418758856315213590e-02	1.065072537238259814e-01
2.859122196270272525e+03	1.496768320048296741e-01	8.893970728985424457e-02	3.167956260163654059e-01	2.002773021140358545e-01	9.349794373099182265e-02	4.422872167914974895e-02	1.065838671647537511e-01
2.873635506911238281e+03	1.493964423358278837e-01	8.875883390517022575e-02	3.169707463829986582e-01	2.003940402471357241e-01	9.355158888558892660e-02	4.426917658586165122e-02	1.066591716573974252e-01
2.888148817552204036e+03	1.491208441210230828e-01	8.858105150177773834e-02	3.171428543309549597e-01	2.005087715231257950e-01	9.360432488230184533e-02	4.430896407228830658e-02	1.067331895685088156e-01
2.902662128193170247e+03	1.488499554529342794e-01	8.840630723711848105e-02	3.173120020036140909e-01	2.006215306384976360e-01	9.365616701617188178e-02	4.434809476907895093e-02	1.068059428825652718e-01
2.917175438834136003e+03	1.485836958251748330e-01	8.823454917267317676e-02	3.174782406312824934e-01	2.007323516835028132e-01	9.370713032865206349e-02	4.438657915039126434e-02	1.068774532083040241e-01
2.931688749475101758e+03	1.483219861084554003e-01	8.806572625847357283e-02	3.176416205475210974e-01	2.008412681529515575e-01	9.375722961168739267e-02	4.442442753574678271e-02	1.069477417851448925e-01
2.946202060116067514e+03	1.480647485269987185e-01	8.789978831788078373e-02	3.178021912051702258e-01	2.009483129568127024e-01	9.380647941173371473e-02	4.446165009188131345e-02	1.070168294895033345e-01
