5.805324256386339812e+02	3.776492520759784921e-01	2.403197575370040751e-01	1.664267867859945127e-01	1.001347343959228808e-01	5.162118257553543338e-02	1.862396880061004817e-02	4.522431782871322303e-02
5.853701958522892710e+02	3.761524009691178394e-01	2.394707635557533909e-01	1.674986759766156907e-01	1.007569674222502654e-01	5.185304813319680656e-02	1.871811130086303149e-02	4.555003264196168938e-02
5.902079660659445608e+02	3.746659332575292267e-01	2.386252837081648814e-01	1.685593289134071082e-01	1.013753862867388944e-01	5.208483923805495158e-02	1.881263904369427989e-02	4.587658955216936812e-02
5.950457362795999643e+02	3.731897542756072439e-01	2.377833215591989291e-01	1.696090031007878862e-01	1.019900343028713463e-01	5.231648299553501302e-02	1.890754098677310466e-02	4.620386277898514554e-02
5.998835064932552541e+02	3.717237706351792514e-01	2.369448802431372292e-01	1.706479463453739742e-01	1.026009533862091982e-01	5.254791099429439311e-02	1.900280593108507124e-02	4.653173246447951661e-02
6.047212767069104302e+02	3.702678902009340911e-01	2.361099624727443225e-01	1.716763971843569825e-01	1.032081841153575930e-01	5.277905906534547525e-02	1.909842254593698690e-02	4.686008441508310307e-02
6.095590469205657200e+02	3.688220220664644167e-01	2.352785705482869638e-01	1.726945852940170167e-01	1.038117657902405538e-01	5.300986705361581536e-02	1.919437939232561049e-02	4.718880985480813917e-02
6.143968171342210098e+02	3.673860765309049925e-01	2.344507063664117708e-01	1.737027318793070152e-01	1.044117364878054122e-01	5.324027860131708839e-02	1.929066494476090049e-02	4.751780518925136088e-02
6.192345873478761860e+02	3.659599650761481415e-01	2.336263714288826510e-01	1.747010500454034831e-01	1.050081331152698111e-01	5.347024094252521287e-02	1.938726761162967022e-02	4.784697177989952199e-02
6.240723575615315895e+02	3.645436003446194118e-01	2.328055668511791743e-01	1.756897451520744446e-01	1.056009914610194361e-01	5.369970470840435689e-02	1.948417575418120301e-02	4.817621572828042348e-02
6.289101277751868793e+02	3.631368961175955867e-01	2.319882933709570272e-01	1.766690151516757679e-01	1.061903462432599171e-01	5.392862374253529212e-02	1.958137770421199131e-02	4.850544766952279846e-02
6.337478979888421691e+02	3.617397672940499964e-01	2.311745513563716603e-01	1.776390509115476912e-01	1.067762311565217948e-01	5.415695492583598447e-02	1.967886178052281540e-02	4.883458257490837923e-02
6.385856682024975726e+02	3.603521298700083642e-01	2.303643408142668214e-01	1.786000365215471009e-01	1.073586789161130317e-01	5.438465801058755406e-02	1.977661630421743630e-02	4.916353956301804801e-02
6.434234384161527487e+02	3.589739009184007568e-01	2.295576613982285852e-01	1.795521495874158879e-01	1.079377213006092046e-01	5.461169546310346012e-02	1.987462961290858629e-02	4.949224171909191727e-02
6.482612086298080385e+02	3.576049985693942612e-01	2.287545124165073218e-01	1.804955615106527411e-01	1.085133891924677796e-01	5.483803231460231825e-02	1.997289007389348517e-02	4.982061592224052565e-02
6.530989788434633283e+02	3.562453419911932873e-01	2.279548928398077157e-01	1.814304377555230607e-01	1.090857126168488372e-01	5.506363601986748874e-02	2.007138609635777601e-02	5.014859268016032268e-02
6.579367490571185044e+02	3.548948513712927855e-01	2.271588013089492486e-01	1.823569381038124548e-01	1.096547207787210154e-01	5.528847632329673967e-02	2.017010614266370044e-02	5.047610597102251961e-02
6.627745192707737942e+02	3.535534478981718909e-01	2.263662361423980918e-01	1.832752168979004115e-01	1.102204420983280420e-01	5.551252513196568150e-02	2.026903873877537385e-02	5.080309309221898995e-02
6.676122894844290840e+02	3.522210537434149469e-01	2.255771953436716548e-01	1.841854232727023755e-01	1.107829042450877571e-01	5.573575639534728704e-02	2.036817248387116225e-02	5.112949451566333597e-02
6.724500596980843738e+02	3.508975920442476415e-01	2.247916766086181239e-01	1.850877013770033941e-01	1.113421341699924044e-01	5.595814599134777551e-02	2.046749605919057080e-02	5.145525374935860236e-02
6.772878299117396637e+02	3.495829868864769319e-01	2.240096773325711832e-01	1.859821905846815449e-01	1.118981581365760120e-01	5.617967161833625767e-02	2.056699823616048653e-02	5.178031720495609308e-02
6.821256001253949535e+02	3.482771632878222112e-01	2.232311946173826112e-01	1.868690256962949048e-01	1.124510017505116061e-01	5.640031269286173432e-02	2.066666788384320316e-02	5.210463407104216904e-02
6.869633703390502433e+02	3.469800471816277820e-01	2.224562252783333638e-01	1.877483371314845051e-01	1.130006899878984727e-01	5.662005025276631298e-02	2.076649397574643896e-02	5.242815619190153292e-02
6.918011405527055331e+02	3.456915654009450334e-01	2.216847658509251973e-01	1.886202511126229275e-01	1.135472472222966434e-01	5.683886686541833599e-02	2.086646559603333451e-02	5.275083795151691568e-02
6.966389107663608229e+02	3.444116456629744971e-01	2.209168125975539687e-01	1.894848898401191584e-01	1.140906972505638661e-01	5.705674654080288011e-02	2.096657194516845374e-02	5.307263616257560518e-02
7.014766809800161127e+02	3.431402165538575688e-01	2.201523615140664469e-01	1.903423716597694992e-01	1.146310633175471605e-01	5.727367464922033385e-02	2.106680234503374716e-02	5.339350996026371449e-02
7.063144511936714025e+02	3.418772075138083455e-01	2.193914083362017986e-01	1.911928112225271814e-01	1.151683681396793446e-01	5.748963784335628380e-02	2.116714624354676388e-02	5.371342070063876012e-02
7.111522214073266923e+02	3.406225488225759768e-01	2.186339485459197485e-01	1.920363196370445114e-01	1.157026339275283866e-01	5.770462398449806296e-02	2.126759321881146678e-02	5.403233186338035621e-02
7.159899916209819821e+02	3.393761715852286476e-01	2.178799773776162185e-01	1.928730046153252220e-01	1.162338824073456539e-01	5.791862207268430596e-02	2.136813298283051984e-02	5.435020895872792746e-02
7.208277618346371582e+02	3.381380077182506438e-01	2.171294898242286942e-01	1.937029706118088002e-01	1.167621348416564842e-01	5.813162218058495062e-02	2.146875538480622764e-02	5.466701943842273981e-02
7.256655320482924481e+02	3.369079899359432861e-01	2.163824806432323999e-01	1.945263189561926009e-01	1.172874120489354188e-01	5.834361539091921511e-02	2.156945041405587682e-02	5.498273261047968014e-02
7.305033022619478515e+02	3.356860517371226815e-01	2.156389443625289504e-01	1.953431479802843485e-01	1.178097344224059012e-01	5.855459373722880084e-02	2.167020820256581812e-02	5.529731955762196699e-02
7.353410724756030277e+02	3.344721273921051896e-01	2.148988752862286689e-01	1.961535531391621345e-01	1.183291219480028800e-01	5.876455014783290437e-02	2.177101902720724597e-02	5.561075305921940604e-02
7.401788426892584312e+02	3.332661519299736641e-01	2.141622675003288234e-01	1.969576271269076195e-01	1.188455942215348726e-01	5.897347839280021875e-02	2.187187331163543969e-02	5.592300751657783286e-02
7.450166129029136073e+02	3.320680611261166426e-01	2.134291148782882230e-01	1.977554599871641228e-01	1.193591704650806551e-01	5.918137303378170899e-02	2.197276162789294635e-02	5.623405888143417214e-02
7.498543831165690108e+02	3.308777914900336015e-01	2.126994110865006726e-01	1.985471392187605211e-01	1.198698695426539257e-01	5.938822937655561379e-02	2.207367469773611687e-02	5.654388458751796742e-02
7.546921533302243006e+02	3.296952802533992810e-01	2.119731495896680917e-01	1.993327498766295780e-01	1.203777099751680013e-01	5.959404342614386257e-02	2.217460339370327591e-02	5.685246348504632147e-02
7.595299235438793630e+02	3.285204653583797541e-01	2.112503236560749342e-01	2.001123746682393068e-01	1.208827099547313128e-01	5.979881184436605657e-02	2.227553873994182407e-02	5.715977577802526521e-02
7.643676937575347665e+02	3.273532854461942976e-01	2.105309263627656025e-01	2.008860940457450617e-01	1.213848873583028842e-01	6.000253190970415706e-02	2.237647191281057560e-02	5.746580296423591666e-02
7.692054639711900563e+02	3.261936798459167397e-01	2.098149506006258547e-01	2.016539862940608108e-01	1.218842597607357747e-01	6.020520147935731065e-02	2.247739424127271138e-02	5.777052777778934889e-02
7.740432341848452324e+02	3.250415885635097313e-01	2.091023890793702045e-01	2.024161276150377442e-01	1.223808444472353901e-01	6.040681895337248614e-02	2.257829720709391211e-02	5.807393413413915184e-02
7.788810043985006359e+02	3.238969522710860582e-01	2.083932343324362280e-01	2.031725922079309632e-01	1.228746584252582014e-01	6.060738324074234351e-02	2.267917244485932390e-02	5.837600707744550893e-02
7.837187746121558121e+02	3.227597122963917764e-01	2.076874787217874996e-01	2.039234523463249460e-01	1.233657184358753767e-01	6.080689372736735460e-02	2.278001174182230082e-02	5.867673273018935570e-02
7.885565448258112156e+02	3.216298106125047851e-01	2.069851144426264333e-01	2.046687784516815767e-01	1.238540409646248092e-01	6.100535024578439269e-02	2.288080703759713674e-02	5.897609824493951769e-02
7.933943150394665054e+02	3.205071898277435660e-01	2.062861335280185282e-01	2.054086391636660014e-01	1.243396422518740219e-01	6.120275304656905280e-02	2.298155042370716647e-02	5.927409175818030423e-02
7.982320852531219089e+02	3.193917931757816464e-01	2.055905278534292391e-01	2.061431014073991652e-01	1.248225383027150998e-01	6.139910277132368949e-02	2.308223414299921672e-02	5.957070234611057391e-02
8.030698554667769713e+02	3.182835645059615692e-01	2.048982891411748608e-01	2.068722304577778892e-01	1.253027448964126322e-01	6.159440042716755187e-02	2.318285058893442344e-02	5.986591998232971418e-02
8.079076256804323748e+02	3.171824482738039297e-01	2.042094089647891464e-01	2.075960900009973797e-01	1.257802775954237340e-01	6.178864736264991220e-02	2.328339230476516794e-02	6.015973549732935716e-02
8.127453958940876646e+02	3.160883895317067593e-01	2.035238787533063254e-01	2.083147421934047339e-01	1.262551517540094204e-01	6.198184524501095666e-02	2.338385198260705886e-02	6.045214053971331714e-02
8.175831661077428407e+02	3.150013339198305395e-01	2.028416897954625486e-01	2.090282477178054266e-01	1.267273825264549070e-01	6.217399603871903713e-02	2.348422246241452585e-02	6.074312753907159385e-02
8.224209363213982442e+02	3.139212276571637372e-01	2.021628332438164533e-01	2.097366658373399362e-01	1.271969848749160692e-01	6.236510198521669213e-02	2.358449673086799800e-02	6.103268967043758847e-02
8.272587065350534203e+02	3.128480175327656987e-01	2.014873001187907353e-01	2.104400544470409473e-01	1.276639735769088957e-01	6.255516558381128689e-02	2.368466792018023015e-02	6.132082082026064224e-02
8.320964767487085965e+02	3.117816508971813505e-01	2.008150813126353684e-01	2.111384701231777961e-01	1.281283632324567989e-01	6.274418957364927274e-02	2.378472930682878558e-02	6.160751555382908140e-02
8.369342469623640000e+02	3.107220756540242101e-01	2.001461675933143003e-01	2.118319681704885493e-01	1.285901682709116867e-01	6.293217691671644520e-02	2.388467431022139875e-02	6.189276908408181815e-02
8.417720171760191761e+02	3.096692402517237652e-01	1.994805496083167096e-01	2.125206026673963911e-01	1.290494029574626722e-01	6.311913078180932113e-02	2.398449649130042494e-02	6.217657724174904116e-02
8.466097873896745796e+02	3.086230936754331133e-01	1.988182178883937945e-01	2.132044265093018254e-01	1.295060813993462456e-01	6.330505452942579436e-02	2.408418955109222631e-02	6.245893644676530493e-02
8.514475576033297557e+02	3.075835854390925328e-01	1.981591628512227310e-01	2.138834914500381545e-01	1.299602175517712288e-01	6.348995169752570666e-02	2.418374732920705941e-02	6.273984368090081143e-02
8.562853278169851592e+02	3.065506655776468192e-01	1.975033748049987159e-01	2.145578481415738592e-01	1.304118252235708098e-01	6.367382598811473227e-02	2.428316380229455715e-02	6.301929646155883524e-02
8.611230980306403353e+02	3.055242846394106704e-01	1.968508439519562891e-01	2.152275461720409011e-01	1.308609180825938967e-01	6.385668125460722266e-02	2.438243308245969035e-02	6.329729281668963758e-02
8.659608682442956251e+02	3.045043936785808980e-01	1.962015603918214612e-01	2.158926341021653039e-01	1.313075096608474490e-01	6.403852148992597582e-02	2.448154941564374687e-02	6.357383126077345570e-02
8.707986384579510286e+02	3.034909442478900266e-01	1.955555141251954232e-01	2.165531595001717047e-01	1.317516133594003880e-01	6.421935081529923928e-02	2.458050717997455059e-02	6.384891077182694441e-02
8.756364086716062047e+02	3.024838883913995580e-01	1.949126950568709493e-01	2.172091689752310428e-01	1.321932424530599948e-01	6.439917346971711642e-02	2.467930088408994832e-02	6.412253076938968788e-02
8.804741788852616082e+02	3.014831786374285727e-01	1.942730929990829636e-01	2.178607082095170844e-01	1.326324100948307327e-01	6.457799380001158496e-02	2.477792516543821100e-02	6.439469109344908571e-02
8.853119490989170117e+02	3.004887679916156129e-01	1.936366976746943525e-01	2.185078219889342310e-01	1.330691293201650971e-01	6.475581625152623810e-02	2.487637478855891232e-02	6.466539198426385360e-02
8.901497193125721878e+02	2.995006099301094626e-01	1.930034987203176622e-01	2.191505542325762335e-01	1.335034130510158179e-01	6.493264535934369086e-02	2.497464464334748363e-02	6.493463406304793295e-02
8.949874895262273640e+02	2.985186583928873816e-01	1.923734856893744016e-01	2.197889480209732627e-01	1.339352740996982982e-01	6.510848574003998135e-02	2.507272974330648427e-02	6.520241831347843575e-02
8.998252597398827675e+02	2.975428677771969621e-01	1.917466480550925056e-01	2.204230456231807689e-01	1.343647251725714753e-01	6.528334208393735127e-02	2.517062522378644973e-02	6.546874606399269436e-02
9.046630299535379436e+02	2.965731929311188342e-01	1.911229752134433191e-01	2.210528885227628082e-01	1.347917788735455147e-01	6.545721914782777484e-02	2.526832634021891968e-02	6.573361897084106786e-02
9.095008001671932334e+02	2.956095891472478310e-01	1.905024564860191283e-01	2.216785174427184923e-01	1.352164477074237203e-01	6.563012174814156219e-02	2.536582846634411956e-02	6.599703900186339178e-02
9.143385703808486369e+02	2.946520121564902284e-01	1.898850811228519897e-01	2.222999723693989127e-01	1.356387440830865709e-01	6.580205475453634878e-02	2.546312709243558209e-02	6.625900842095863719e-02
9.191763405945038130e+02	2.937004181219736720e-01	1.892708383051752152e-01	2.229172925754595580e-01	1.360586803165242942e-01	6.597302308388319769e-02	2.556021782352383906e-02	6.651952977321849703e-02
9.240141108081592165e+02	2.927547636330678493e-01	1.886597171481284863e-01	2.235305166418909140e-01	1.364762686337252784e-01	6.614303169462777687e-02	2.565709637762114692e-02	6.677860587069675558e-02
9.288518810218145063e+02	2.918150056995136854e-01	1.880517067034071788e-01	2.241396824791680453e-01	1.368915211734266224e-01	6.631208558150586407e-02	2.575375858394907472e-02	6.703623977878772622e-02
9.336896512354697961e+02	2.908811017456578440e-01	1.874467959618573987e-01	2.247448273475581848e-01	1.373044499897329018e-01	6.648018977059313994e-02	2.585020038117064739e-02	6.729243480318806980e-02
9.385274214491247449e+02	2.899530096047911454e-01	1.868449738560172824e-01	2.253459878766235491e-01	1.377150670546093969e-01	6.664734931467085344e-02	2.594641781562863694e-02	6.754719447741730498e-02
9.433651916627801484e+02	2.890306875135881248e-01	1.862462292626057558e-01	2.259432000839547705e-01	1.381233842602550277e-01	6.681356928888934621e-02	2.604240703959141354e-02	6.780052255087369584e-02
9.482029618764355519e+02	2.881140941066457906e-01	1.856505510049595575e-01	2.265364993931687498e-01	1.385294134213607420e-01	6.697885478671286585e-02	2.613816430950768877e-02	6.805242297740274338e-02
9.530407320900908417e+02	2.872031884111189148e-01	1.850579278554194129e-01	2.271259206512032669e-01	1.389331662772586018e-01	6.714321091612963921e-02	2.623368598427144177e-02	6.830289990435686742e-02
9.578785023037459041e+02	2.862979298414506935e-01	1.844683485376664156e-01	2.277114981449390174e-01	1.393346544939660647e-01	6.730664279611218992e-02	2.632896852349805861e-02	6.855195766212568431e-02
9.627162725174014213e+02	2.853982781941959423e-01	1.838818017290093365e-01	2.282932656171786645e-01	1.397338896661308172e-01	6.746915555331368941e-02	2.642400848581282283e-02	6.879960075411686860e-02
9.675540427310568248e+02	2.845041936429351659e-01	1.832982760626236662e-01	2.288712562820106045e-01	1.401308833188803227e-01	6.763075431898678269e-02	2.651880252715261080e-02	6.904583384716894701e-02
9.723918129447120009e+02	2.836156367332777761e-01	1.827177601297436393e-01	2.294455028395846197e-01	1.405256469095805538e-01	6.779144422611219079e-02	2.661334739908171113e-02	6.929066176237766439e-02
9.772295831583674044e+02	2.827325683779516874e-01	1.821402424818076293e-01	2.300160374903243987e-01	1.409181918295079328e-01	6.795123040672501613e-02	2.670763994712255576e-02	6.953408946631881027e-02
9.820673533720223531e+02	2.818549498519792862e-01	1.815657116325579690e-01	2.305828919486018758e-01	1.413085294054388374e-01	6.811011798942735729e-02	2.680167710910203241e-02	6.977612206265064454e-02
9.869051235856777566e+02	2.809827427879355022e-01	1.809941560600959731e-01	2.311460974558962045e-01	1.416966709011598657e-01	6.826811209707624173e-02	2.689545591351406167e-02	7.001676478408014326e-02
9.917428937993331601e+02	2.801159091712885352e-01	1.804255642088930245e-01	2.317056847934595987e-01	1.420826275189031873e-01	6.842521784463694023e-02	2.698897347789901147e-02	7.025602298467775730e-02
9.965806640129884499e+02	2.792544113358200186e-01	1.798599244917584994e-01	2.322616842945114113e-01	1.424664104007098697e-01	6.858144033719169863e-02	2.708222700724044127e-02	7.049390213252616777e-02
1.001418434226643626e+03	2.783982119591238424e-01	1.792972252917650888e-01	2.328141258559804916e-01	1.428480306297249258e-01	6.873678466809504672e-02	2.717521379237967244e-02	7.073040780268899375e-02
1.006256204440298802e+03	2.775472740581815256e-01	1.787374549641327914e-01	2.333630389498153601e-01	1.432274992314270523e-01	6.889125591726677489e-02	2.726793120844857657e-02	7.096554567048601880e-02
1.011093974653954206e+03	2.767015609850125846e-01	1.781806018380717171e-01	2.339084526338800485e-01	1.436048271747961125e-01	6.904485914961444593e-02	2.736037671332092885e-02	7.119932150506218249e-02
1.015931744867609382e+03	2.758610364223988975e-01	1.776266542185849229e-01	2.344503955624540059e-01	1.439800253734214719e-01	6.919759941357793431e-02	2.745254784608267690e-02	7.143174116323802725e-02
1.020769515081264785e+03	2.750256643796807343e-01	1.770756003882318075e-01	2.349888959963520596e-01	1.443531046865536571e-01	6.934948173978842945e-02	2.754444222552136778e-02	7.166281058362988787e-02
1.025607285294920075e+03	2.741954091886232847e-01	1.765274286088528155e-01	2.355239818126810547e-01	1.447240759201023352e-01	6.950051113983506113e-02	2.763605754863494163e-02	7.189253578102834663e-02
1.030445055508575479e+03	2.733702354993532424e-01	1.759821271232560325e-01	2.360556805142482728e-01	1.450929498275828899e-01	6.965069260513280514e-02	2.772739158916013788e-02	7.212092284102444850e-02
1.035282825722230655e+03	2.725501082763621130e-01	1.754396841568666709e-01	2.365840192386360341e-01	1.454597371110142590e-01	6.980003110588513249e-02	2.781844219612063587e-02	7.234797791487301843e-02
1.040120595935886058e+03	2.717349927945765242e-01	1.749000879193398916e-01	2.371090247669568052e-01	1.458244484217700310e-01	6.994853159013601773e-02	2.790920729239503018e-02	7.257370721458353269e-02
1.044958366149541234e+03	2.709248546354935949e-01	1.743633266061376530e-01	2.376307235323020239e-01	1.461870943613855500e-01	7.009619898290554707e-02	2.799968487330480385e-02	7.279811700822862164e-02
1.049796136363196410e+03	2.701196596833800312e-01	1.738293884000703116e-01	2.381491416278971596e-01	1.465476854823227204e-01	7.024303818540389432e-02	2.808987300522228225e-02	7.302121361546139167e-02
1.054633906576851814e+03	2.693193741215335613e-01	1.732982614728036386e-01	2.386643048149754143e-01	1.469062322886945382e-01	7.038905407431898797e-02	2.817976982419866105e-02	7.324300340323290637e-02
1.059471676790506763e+03	2.685239644286061544e-01	1.727699339863317529e-01	2.391762385303818350e-01	1.472627452369517365e-01	7.053425150117298426e-02	2.826937353461210153e-02	7.346349278170112573e-02
1.064309447004162394e+03	2.677333973749865814e-01	1.722443940944169138e-01	2.396849678939183825e-01	1.476172347365328763e-01	7.067863529174338300e-02	2.835868240783586888e-02	7.368268820032368438e-02
1.069147217217817570e+03	2.669476400192425380e-01	1.717216299439963401e-01	2.401905177154411153e-01	1.479697111504800211e-01	7.082221024554460898e-02	2.844769478092651002e-02	7.390059614412657074e-02
1.073984987431472746e+03	2.661666597046200011e-01	1.712016296765570822e-01	2.406929125017195081e-01	1.483201847960216035e-01	7.096498113536603425e-02	2.853640905533201891e-02	7.411722313014150465e-02
1.078822757645127922e+03	2.653904240555996497e-01	1.706843814294792261e-01	2.411921764630671761e-01	1.486686659451239012e-01	7.110695270686301361e-02	2.862482369561988524e-02	7.433257570400485237e-02
1.083660527858783553e+03	2.646189009745083531e-01	1.701698733373484262e-01	2.416883335197540228e-01	1.490151648250131189e-01	7.124812967819725562e-02	2.871293722822496758e-02	7.454666043671150100e-02
1.088498298072438729e+03	2.638520586381852828e-01	1.696580935332377416e-01	2.421814073082079188e-01	1.493596916186691326e-01	7.138851673972343437e-02	2.880074824021709376e-02	7.475948392151701705e-02
1.093336068286093905e+03	2.630898654947012583e-01	1.691490301499599391e-01	2.426714211870148463e-01	1.497022564652924215e-01	7.152811855371883631e-02	2.888825537808827407e-02	7.497105277098203846e-02
1.098173838499749309e+03	2.623322902601305517e-01	1.686426713212904882e-01	2.431583982427253099e-01	1.500428694607457980e-01	7.166693975415323881e-02	2.897545734655936414e-02	7.518137361415287712e-02
1.103011608713404712e+03	2.615793019153740406e-01	1.681390051831617993e-01	2.436423612954748130e-01	1.503815406579718794e-01	7.180498494649623087e-02	2.906235290740609087e-02	7.539045309387269744e-02
1.107849378927059888e+03	2.608308697030325973e-01	1.676380198748294859e-01	2.441233329044261435e-01	1.507182800673878276e-01	7.194225870755947827e-02	2.914894087830423655e-02	7.559829786421773390e-02
1.112687149140715292e+03	2.600869631243297175e-01	1.671397035400108977e-01	2.446013353730399353e-01	1.510530976572582174e-01	7.207876558537142098e-02	2.923522013169387729e-02	7.580491458805339866e-02
1.117524919354370468e+03	2.593475519360828874e-01	1.666440443279966210e-01	2.450763907541805842e-01	1.513860033540475603e-01	7.221451009908215479e-02	2.932118959366245697e-02	7.601030993470525576e-02
1.122362689568025871e+03	2.586126061477221350e-01	1.661510303947352774e-01	2.455485208550640674e-01	1.517170070427531492e-01	7.234949673889642940e-02	2.940684824284653040e-02	7.621449057773990732e-02
1.127200459781681047e+03	2.578820960183555444e-01	1.656606499038925928e-01	2.460177472420536915e-01	1.520461185672196402e-01	7.248372996603263951e-02	2.949219510935201238e-02	7.641746319285140643e-02
1.132038229995336451e+03	2.571559920538800115e-01	1.651728910278844609e-01	2.464840912453096777e-01	1.523733477304360373e-01	7.261721421270590782e-02	2.957722927369271781e-02	7.661923445584868653e-02
1.136876000208991627e+03	2.564342650041375737e-01	1.646877419488851912e-01	2.469475739632983335e-01	1.526987042948162177e-01	7.274995388213358061e-02	2.966194986574700876e-02	7.681981104073964950e-02
1.141713770422646803e+03	2.557168858601147621e-01	1.642051908598110843e-01	2.474082162671661367e-01	1.530221979824638312e-01	7.288195334856141516e-02	2.974635606373233349e-02	7.701919961790802682e-02
1.146551540636302207e+03	2.550038258511860834e-01	1.637252259652799136e-01	2.478660388049839236e-01	1.533438384754222950e-01	7.301321695730872419e-02	2.983044709319745275e-02	7.721740685237908630e-02
1.151389310849957155e+03	2.542950564423996918e-01	1.632478354825465661e-01	2.483210620058663443e-01	1.536636354159110485e-01	7.314374902483132546e-02	2.991422222603216247e-02	7.741443940217036801e-02
1.156227081063612786e+03	2.535905493318038051e-01	1.627730076424156735e-01	2.487733060839708299e-01	1.539815984065484311e-01	7.327355383880053419e-02	2.999768077949424919e-02	7.761030391672393836e-02
1.161064851277267962e+03	2.528902764478153653e-01	1.623007306901313174e-01	2.492227910423811532e-01	1.542977370105621804e-01	7.340263565819717118e-02	3.008082211525352559e-02	7.780500703541676222e-02
1.165902621490923138e+03	2.521942099466275566e-01	1.618309928862445013e-01	2.496695366768796054e-01	1.546120607519882451e-01	7.353099871341918503e-02	3.016364563845266508e-02	7.799855538614577921e-02
1.170740391704578315e+03	2.515023222096571809e-01	1.613637825074584753e-01	2.501135625796121476e-01	1.549245791158584407e-01	7.365864720640190322e-02	3.024615079678464463e-02	7.819095558398472812e-02
1.175578161918233945e+03	2.508145858410307238e-01	1.608990878474530206e-01	2.505548881426503116e-01	1.552353015483778353e-01	7.378558531074963511e-02	3.032833707958657032e-02	7.838221422990943044e-02
1.180415932131889122e+03	2.501309736651080584e-01	1.604368972176871688e-01	2.509935325614536805e-01	1.555442374570921438e-01	7.391181717187783606e-02	3.041020401694964972e-02	7.857233790958893793e-02
1.185253702345544298e+03	2.494514587240435066e-01	1.599771989481815482e-01	2.514295148382369449e-01	1.558513962110460449e-01	7.403734690716466671e-02	3.049175117884508901e-02	7.876133319223957430e-02
1.190091472559199701e+03	2.487760142753833170e-01	1.595199813882804407e-01	2.518628537852445892e-01	1.561567871409329233e-01	7.416217860611121204e-02	3.057297817426569975e-02	7.894920662953915091e-02
1.194929242772855105e+03	2.481046137896989745e-01	1.590652329073938831e-01	2.522935680279367876e-01	1.564604195392361452e-01	7.428631633050949978e-02	3.065388465038293778e-02	7.913596475459905299e-02
1.199767012986510281e+03	2.474372309482559540e-01	1.586129418957203108e-01	2.527216760080897018e-01	1.567623026603631453e-01	7.440976411461747153e-02	3.073447029171924236e-02	7.932161408099143440e-02
1.204604783200165684e+03	2.467738396407167800e-01	1.581630967649501340e-01	2.531471959868131227e-01	1.570624457207719926e-01	7.453252596534035157e-02	3.081473481933533903e-02	7.950616110182949503e-02
1.209442553413820860e+03	2.461144139628781147e-01	1.577156859489505514e-01	2.535701460474888980e-01	1.573608578990915996e-01	7.465460586241749741e-02	3.089467799003234316e-02	7.968961228889821780e-02
1.214280323627476264e+03	2.454589282144411799e-01	1.572706979044320164e-01	2.539905440986320317e-01	1.576575483362354091e-01	7.477600775861428795e-02	3.097429959556844206e-02	7.987197409183378893e-02
1.219118093841131440e+03	2.448073568968150149e-01	1.568281211115966356e-01	2.544084078766783441e-01	1.579525261355094745e-01	7.489673557991836927e-02	3.105359946188989903e-02	8.005325293734935621e-02
1.223955864054786844e+03	2.441596747109516796e-01	1.563879440747691363e-01	2.548237549487000764e-01	1.582458003627150167e-01	7.501679322573978625e-02	3.113257744837615720e-02	8.023345522850525158e-02
1.228793634268442020e+03	2.435158565552132115e-01	1.559501553230100979e-01	2.552366027150528849e-01	1.585373800462458183e-01	7.513618456911436150e-02	3.121123344709885936e-02	8.041258734402176311e-02
1.233631404482097196e+03	2.428758775232693901e-01	1.555147434107127802e-01	2.556469684119564434e-01	1.588272741771812602e-01	7.525491345691000256e-02	3.128956738209449917e-02	8.059065563763259665e-02
1.238469174695752372e+03	2.422397129020261441e-01	1.550816969181827987e-01	2.560548691140102640e-01	1.591154917093745291e-01	7.537298371003532671e-02	3.136757920865054783e-02	8.076766643747733398e-02
1.243306944909407548e+03	2.416073381695839073e-01	1.546510044522018124e-01	2.564603217366477894e-01	1.594020415595372164e-01	7.549039912365032579e-02	3.144526891260480267e-02	8.094362604553108353e-02
1.248144715123063179e+03	2.409787289932251442e-01	1.542226546465751691e-01	2.568633430385303673e-01	1.596869326073199480e-01	7.560716346737862692e-02	3.152263650965771158e-02	8.111854073706993573e-02
1.252982485336718355e+03	2.403538612274308817e-01	1.537966361626638967e-01	2.572639496238836032e-01	1.599701736953895725e-01	7.572328048552097457e-02	3.159968204469756903e-02	8.129241676017044671e-02
1.257820255550373531e+03	2.397327109119256616e-01	1.533729376899012620e-01	2.576621579447768706e-01	1.602517736295034356e-01	7.583875389726973948e-02	3.167640559113819865e-02	8.146526033524176258e-02
1.262658025764028707e+03	2.391152542697502215e-01	1.529515479462943695e-01	2.580579843033498633e-01	1.605317411785805171e-01	7.595358739692381622e-02	3.175280725026909112e-02	8.163707765458903809e-02
1.267495795977684338e+03	2.385014677053615695e-01	1.525324556789110220e-01	2.584514448539859677e-01	1.608100850747699595e-01	7.606778465410417300e-02	3.182888715061763657e-02	8.180787488200662316e-02
1.272333566191339514e+03	2.378913278027601497e-01	1.521156496643520373e-01	2.588425556054349541e-01	1.610868140135173765e-01	7.618134931396917942e-02	3.190464544732339591e-02	8.197765815239989318e-02
1.277171336404994690e+03	2.372848113236431244e-01	1.517011187092096036e-01	2.592313324228872617e-01	1.613619366536286626e-01	7.629428499742994807e-02	3.198008232152403651e-02	8.214643357143430746e-02
1.282009106618650094e+03	2.366818952055839420e-01	1.512888516505115077e-01	2.596177910300007108e-01	1.616354616173320824e-01	7.640659530136524602e-02	3.205519797975290436e-02	8.231420721521058581e-02
1.286846876832305497e+03	2.360825565602371889e-01	1.508788373561520124e-01	2.600019470108806963e-01	1.619073974903386115e-01	7.651828379883582332e-02	3.212999265334787191e-02	8.248098512996482334e-02
1.291684647045960673e+03	2.354867726715686171e-01	1.504710647253092448e-01	2.603838158120169166e-01	1.621777528219004727e-01	7.662935403929786726e-02	3.220446659787139232e-02	8.264677333179254459e-02
1.296522417259616077e+03	2.348945209941098178e-01	1.500655226888494842e-01	2.607634127441765814e-01	1.624465361248685069e-01	7.673980954881574890e-02	3.227862009254151704e-02	8.281157780639533672e-02
1.301360187473271253e+03	2.343057791512371812e-01	1.496622002097189874e-01	2.611407529842561526e-01	1.627137558757481561e-01	7.684965383027339558e-02	3.235245343967366183e-02	8.297540450884949292e-02
1.306197957686926657e+03	2.337205249334744495e-01	1.492610862833229080e-01	2.615158515770924508e-01	1.629794205147544750e-01	7.695889036358462276e-02	3.242596696413295454e-02	8.313825936339519496e-02
1.311035727900581833e+03	2.331387362968189436e-01	1.488621699378920582e-01	2.618887234372350159e-01	1.632435384458661709e-01	7.706752260590200854e-02	3.249916101279700514e-02	8.330014826324577681e-02
1.315873498114237009e+03	2.325603913610906903e-01	1.484654402348378754e-01	2.622593833506804972e-01	1.635061180368789779e-01	7.717555399182429721e-02	3.257203595402886204e-02	8.346107707041580670e-02
1.320711268327892412e+03	2.319854684083039742e-01	1.480708862690952587e-01	2.626278459765701290e-01	1.637671676194581705e-01	7.728298793360222074e-02	3.264459217716000200e-02	8.362105161556730726e-02
1.325549038541547588e+03	2.314139458810613725e-01	1.476784971694541371e-01	2.629941258488515676e-01	1.640266954891909379e-01	7.738982782134262717e-02	3.271683009198320807e-02	8.378007769787328141e-02
1.330386808755202765e+03	2.308458023809695225e-01	1.472882620988795188e-01	2.633582373779064789e-01	1.642847099056378990e-01	7.749607702321084646e-02	3.278875012825507168e-02	8.393816108489772498e-02
1.335224578968857941e+03	2.302810166670764269e-01	1.469001702548206612e-01	2.637201948521446515e-01	1.645412190923847828e-01	7.760173888563121070e-02	3.286035273520802186e-02	8.409530751249127967e-02
1.340062349182513572e+03	2.297195676543297427e-01	1.465142108695093870e-01	2.640800124395648041e-01	1.647962312370936655e-01	7.770681673348564522e-02	3.293163838107170810e-02	8.425152268470204042e-02
1.344900119396168748e+03	2.291614344120560531e-01	1.461303732102476050e-01	2.644377041892846947e-01	1.650497544915542347e-01	7.781131387031030300e-02	3.300260755260351481e-02	8.440681227370054607e-02
1.349737889609823924e+03	2.286065961624602627e-01	1.457486465796846153e-01	2.647932840330401993e-01	1.653017969717350821e-01	7.791523357849015896e-02	3.307326075462810322e-02	8.456118191971848108e-02
1.354575659823479100e+03	2.280550322791453921e-01	1.453690203160841743e-01	2.651467657866545258e-01	1.655523667578351066e-01	7.801857911945160595e-02	3.314359850958575882e-02	8.471463723100035315e-02
1.359413430037134731e+03	2.275067222856517191e-01	1.449914837935815382e-01	2.654981631514787832e-01	1.658014718943350563e-01	7.812135373385281634e-02	3.321362135708944702e-02	8.486718378376752192e-02
1.364251200250789907e+03	2.269616458540157367e-01	1.446160264224309044e-01	2.658474897158042416e-01	1.660491203900494317e-01	7.822356064177206358e-02	3.328332985349038292e-02	8.501882712219412108e-02
1.369088970464445310e+03	2.264197828033479298e-01	1.442426376492430828e-01	2.661947589562472793e-01	1.662953202181786660e-01	7.832520304289389279e-02	3.335272457145195546e-02	8.516957275839412422e-02
1.373926740678100487e+03	2.258811130984294813e-01	1.438713069572138681e-01	2.665399842391079077e-01	1.665400793163616666e-01	7.842628411669304300e-02	3.342180609953184639e-02	8.531942617241913829e-02
1.378764510891755890e+03	2.253456168483271294e-01	1.435020238663433922e-01	2.668831788217024825e-01	1.667834055867290777e-01	7.852680702261616297e-02	3.349057504177226086e-02	8.546839281226642493e-02
1.383602281105411066e+03	2.248132743050266780e-01	1.431347779336464288e-01	2.672243558536712138e-01	1.670253068959566822e-01	7.862677490026138971e-02	3.355903201729804053e-02	8.561647809389649755e-02
1.388440051319066470e+03	2.242840658620839089e-01	1.427695587533537869e-01	2.675635283782613061e-01	1.672657910753197197e-01	7.872619086955563728e-02	3.362717765992254138e-02	8.576368740125998869e-02
1.393277821532721646e+03	2.237579720532932581e-01	1.424063559571052962e-01	2.679007093335865064e-01	1.675048659207477308e-01	7.882505803092967889e-02	3.369501261776115114e-02	8.591002608633331594e-02
1.398115591746377049e+03	2.232349735513736722e-01	1.420451592141342700e-01	2.682359115538631711e-01	1.677425391928799026e-01	7.892337946549098093e-02	3.376253755285230779e-02	8.605549946916252191e-02
1.402953361960032225e+03	2.227150511666717292e-01	1.416859582314438371e-01	2.685691477706244612e-01	1.679788186171214392e-01	7.902115823519439974e-02	3.382975314078583845e-02	8.620011283791514933e-02
1.407791132173687402e+03	2.221981858458809966e-01	1.413287427539750563e-01	2.689004306139117229e-01	1.682137118837005174e-01	7.911839738301051916e-02	3.389666007033852180e-02	8.634387144893951316e-02
1.412628902387342805e+03	2.216843586707782920e-01	1.409735025647672613e-01	2.692297726134455504e-01	1.684472266477259894e-01	7.921509993309185094e-02	3.396325904311676969e-02	8.648678052683113349e-02
1.417466672600997981e+03	2.211735508569757647e-01	1.406202274851107714e-01	2.695571861997753116e-01	1.686793705292460588e-01	7.931126889093692567e-02	3.402955077320619220e-02	8.662884526450587153e-02
1.422304442814653157e+03	2.206657437526891585e-01	1.402689073746917203e-01	2.698826837054087990e-01	1.689101511133077327e-01	7.940690724355196906e-02	3.409553598682805303e-02	8.677007082327947707e-02
1.427142213028308333e+03	2.201609188375216186e-01	1.399195321317300289e-01	2.702062773659220651e-01	1.691395759500170792e-01	7.950201795961066298e-02	3.416121542200237227e-02	8.691046233295311729e-02
1.431979983241963964e+03	2.196590577212628737e-01	1.395720916931095512e-01	2.705279793210500494e-01	1.693676525546005118e-01	7.959660398961151961e-02	3.422658982821762813e-02	8.705002489190477588e-02
1.436817753455619140e+03	2.191601421427035457e-01	1.392265760345016701e-01	2.708478016157585544e-01	1.695943884074670172e-01	7.969066826603331266e-02	3.429165996610693268e-02	8.718876356718592568e-02
1.441655523669274316e+03	2.186641539684645585e-01	1.388829751704815929e-01	2.711657562012976808e-01	1.698197909542711326e-01	7.978421370348820485e-02	3.435642660713045943e-02	8.732668339462336393e-02
1.446493293882929493e+03	2.181710751918408686e-01	1.385412791546381250e-01	2.714818549362378319e-01	1.700438676059771448e-01	7.987724319887297419e-02	3.442089053326418541e-02	8.746378937892584915e-02
1.451331064096585123e+03	2.176808879316601275e-01	1.382014780796767539e-01	2.717961095874878996e-01	1.702666257389240934e-01	7.996975963151799205e-02	3.448505253669467696e-02	8.760008649379538714e-02
1.456168834310240300e+03	2.171935744311551675e-01	1.378635620775161552e-01	2.721085318312970180e-01	1.704880726948917458e-01	8.006176586333425826e-02	3.454891341951986383e-02	8.773557968204272195e-02
1.461006604523895703e+03	2.167091170568504754e-01	1.375275213193784818e-01	2.724191332542392208e-01	1.707082157811677658e-01	8.015326473895832693e-02	3.461247399345571130e-02	8.787027385570690685e-02
1.465844374737550879e+03	2.162274982974627391e-01	1.371933460158734908e-01	2.727279253541823878e-01	1.709270622706156040e-01	8.024425908589534473e-02	3.467573507954863771e-02	8.800417389617870567e-02
1.470682144951206283e+03	2.157487007628145770e-01	1.368610264170765367e-01	2.730349195412410945e-01	1.711446194017436084e-01	8.033475171465999376e-02	3.473869750789360111e-02	8.813728465432751902e-02
1.475519915164861459e+03	2.152727071827618965e-01	1.365305528126005974e-01	2.733401271387142506e-01	1.713608943787751360e-01	8.042474541891554696e-02	3.480136211735777169e-02	8.826961095063173834e-02
1.480357685378516862e+03	2.147995004061341584e-01	1.362019155316627206e-01	2.736435593840076397e-01	1.715758943717196339e-01	8.051424297561099452e-02	3.486372975530958873e-02	8.840115757531220864e-02
1.485195455592172038e+03	2.143290633996876027e-01	1.358751049431446145e-01	2.739452274295418044e-01	1.717896265164447767e-01	8.060324714511629685e-02	3.492580127735323003e-02	8.853192928846866094e-02
1.490033225805827215e+03	2.138613792470712704e-01	1.355501114556477149e-01	2.742451423436456093e-01	1.720020979147494633e-01	8.069176067135572228e-02	3.498757754706830619e-02	8.866193082021887883e-02
1.494870996019482618e+03	2.133964311478056264e-01	1.352269255175430340e-01	2.745433151114355930e-01	1.722133156344382021e-01	8.077978628193939470e-02	3.504905943575471056e-02	8.879116687084044612e-02
1.499708766233137567e+03	2.129342024162731439e-01	1.349055376170154308e-01	2.748397566356818866e-01	1.724232867093961064e-01	8.086732668829296755e-02	3.511024782218252066e-02	8.891964211091497872e-02
1.504546536446793198e+03	2.124746764807213528e-01	1.345859382821030792e-01	2.751344777376604211e-01	1.726320181396652220e-01	8.095438458578566032e-02	3.517114359234690263e-02	8.904736118147438262e-02
1.509384306660448374e+03	2.120178368822777382e-01	1.342681180807315244e-01	2.754274891579923668e-01	1.728395168915217439e-01	8.104096265385633824e-02	3.523174763922782421e-02	8.917432869414945729e-02
1.514222076874103550e+03	2.115636672739762969e-01	1.339520676207431316e-01	2.757188015574705275e-01	1.730457898975541753e-01	8.112706355613806541e-02	3.529206086255459035e-02	8.930054923132019207e-02
1.519059847087758726e+03	2.111121514197958626e-01	1.336377775499214549e-01	2.760084255178731905e-01	1.732508440567426256e-01	8.121268994058081225e-02	3.535208416857508334e-02	8.942602734626792227e-02
1.523897617301414357e+03	2.106632731937095881e-01	1.333252385560109998e-01	2.762963715427659839e-01	1.734546862345390517e-01	8.129784443957262241e-02	3.541181846982956877e-02	8.955076756332912280e-02
1.528735387515069533e+03	2.102170165787458356e-01	1.330144413667325165e-01	2.765826500582914682e-01	1.736573232629484154e-01	8.138252967005903116e-02	3.547126468492906720e-02	8.967477437805067286e-02
1.533573157728724709e+03	2.097733656660600021e-01	1.327053767497936021e-01	2.768672714139468471e-01	1.738587619406109508e-01	8.146674823366101270e-02	3.553042373833810441e-02	8.979805225734652230e-02
1.538410927942380113e+03	2.093323046540173371e-01	1.323980355128950570e-01	2.771502458833506322e-01	1.740590090328852924e-01	8.155050271679119278e-02	3.558929656016187465e-02	8.992060563965556530e-02
1.543248698156035516e+03	2.088938178472864171e-01	1.320924085037328277e-01	2.774315836649980382e-01	1.742580712719326574e-01	8.163379569076865960e-02	3.564788408593762975e-02	9.004243893510066599e-02
