5.853701958522892710e+02	3.763966124064420105e-01	2.393242934513779285e-01	1.675372495674266327e-01	1.006357246595904753e-01	5.177893222867383655e-02	1.883581076242547836e-02	4.549137692381993725e-02
5.902079660659445608e+02	3.749008138904924015e-01	2.384858002429674773e-01	1.685964118314921545e-01	1.012552218046178093e-01	5.201488476108599712e-02	1.892708140558257285e-02	4.581978606351790051e-02
5.950457362795999643e+02	3.734155779661388341e-01	2.376506029651223872e-01	1.696447053672229255e-01	1.018709650112526455e-01	5.225047467033597931e-02	1.901882295675245624e-02	4.614885106293115796e-02
5.998835064932552541e+02	3.719408041889398220e-01	2.368187105614995847e-01	1.706823698779315057e-01	1.024829949937202528e-01	5.248564509627155761e-02	1.911102066071338965e-02	4.647845462068021793e-02
6.047212767069104302e+02	3.704763935386427565e-01	2.359901314146037321e-01	1.717096363266791270e-01	1.030913511789116888e-01	5.272034278629331855e-02	1.920365979001769502e-02	4.680848496460802283e-02
6.095590469205657200e+02	3.690222483911159146e-01	2.351648733580492534e-01	1.727267273127950642e-01	1.036960717625489969e-01	5.295451790198399400e-02	1.929672566038619086e-02	4.713883561287698226e-02
6.143968171342210098e+02	3.675782724909782972e-01	2.343429436886052264e-01	1.737338574313185835e-01	1.042971937628818929e-01	5.318812383561977858e-02	1.939020364497303500e-02	4.746940514537963812e-02
6.192345873478761860e+02	3.661443709249062040e-01	2.335243491780261693e-01	1.747312336161526702e-01	1.048947530720236304e-01	5.342111703607109463e-02	1.948407918756498575e-02	4.780009698501168358e-02
6.240723575615315895e+02	3.647204500955961159e-01	2.327090960846713852e-01	1.757190554676834604e-01	1.054887845050292705e-01	5.365345684362426981e-02	1.957833781477586604e-02	4.813081918837606998e-02
6.289101277751868793e+02	3.633064176963647363e-01	2.318971901649159728e-01	1.766975155655823582e-01	1.060793218468147753e-01	5.388510533327886542e-02	1.967296514729369172e-02	4.846148424550605904e-02
6.337478979888421691e+02	3.619021826863668134e-01	2.310886366843569462e-01	1.776667997674758193e-01	1.066663978970113780e-01	5.411602716609700825e-02	1.976794691023503817e-02	4.879200888821347282e-02
6.385856682024975726e+02	3.605076552664135958e-01	2.302834404288166548e-01	1.786270874941349451e-01	1.072500445128451718e-01	5.434618944820209657e-02	1.986326894265832976e-02	4.912231390668569259e-02
6.434234384161527487e+02	3.591227468553732649e-01	2.294816057151469746e-01	1.795785520018073900e-01	1.078302926501281678e-01	5.457556159704390203e-02	1.995891720628493321e-02	4.945232397397182622e-02
6.482612086298080385e+02	3.577473700671372492e-01	2.286831364018371004e-01	1.805213606422841066e-01	1.084071724024432137e-01	5.480411521456607371e-02	2.005487779347449664e-02	4.978196747801421490e-02
6.530989788434633283e+02	3.563814386881356544e-01	2.278880358994278266e-01	1.814556751112665067e-01	1.089807130386014622e-01	5.503182396692982842e-02	2.015113693449838844e-02	5.011117636089679195e-02
6.579367490571185044e+02	3.550248676553862115e-01	2.270963071807352018e-01	1.823816516855733816e-01	1.095509430384477983e-01	5.525866347046477084e-02	2.024768100415285516e-02	5.043988596499622556e-02
6.627745192707737942e+02	3.536775730350614211e-01	2.263079527908864741e-01	1.832994414497012281e-01	1.101178901270863375e-01	5.548461118353395505e-02	2.034449652775125947e-02	5.076803488573581463e-02
6.676122894844290840e+02	3.523394720015587400e-01	2.255229748571711546e-01	1.842091905122283102e-01	1.106815813075946314e-01	5.570964630401580714e-02	2.044157018653270166e-02	5.109556483065512411e-02
6.724500596980843738e+02	3.510104828170605984e-01	2.247413750987101722e-01	1.851110402125293042e-01	1.112420428922927390e-01	5.593374967212007276e-02	2.053888882252229500e-02	5.142242048452130843e-02
6.772878299117396637e+02	3.496905248115690923e-01	2.239631548359456992e-01	1.860051273182463383e-01	1.117993005326299999e-01	5.615690367826903923e-02	2.063643944287650925e-02	5.174854938021984652e-02
6.821256001253949535e+02	3.483795183634031400e-01	2.231883149999545901e-01	1.868915842139411143e-01	1.123533792477497545e-01	5.637909217578850052e-02	2.073420922374517514e-02	5.207390177517422225e-02
6.869633703390502433e+02	3.470773848801448347e-01	2.224168561415883205e-01	1.877705390813329267e-01	1.129043034517897143e-01	5.660030039816563857e-02	2.083218551368008764e-02	5.239843053305499182e-02
6.918011405527055331e+02	3.457840467800220585e-01	2.216487784404419237e-01	1.886421160715089640e-01	1.134520969799729662e-01	5.682051488064290140e-02	2.093035583661845278e-02	5.272209101054924768e-02
6.966389107663608229e+02	3.444994274737161466e-01	2.208840817136547285e-01	1.895064354694750985e-01	1.139967831135424159e-01	5.703972338592851188e-02	2.102870789446801073e-02	5.304484094897155000e-02
7.014766809800161127e+02	3.432234513465823866e-01	2.201227654245457854e-01	1.903636138513981335e-01	1.145383846035890607e-01	5.725791483381499625e-02	2.112722956931905455e-02	5.336664037050706244e-02
7.063144511936714025e+02	3.419560437412719200e-01	2.193648286910862555e-01	1.912137642348743782e-01	1.150769236938222334e-01	5.747507923450757145e-02	2.122590892530736018e-02	5.368745147888673297e-02
7.111522214073266923e+02	3.406971309407448301e-01	2.186102702942119003e-01	1.920569962225438798e-01	1.156124221423279474e-01	5.769120762547404191e-02	2.132473421015056506e-02	5.400723856430326292e-02
7.159899916209819821e+02	3.394466401516632592e-01	2.178590886859776143e-01	1.928934161393546232e-01	1.161449012423595023e-01	5.790629201163705747e-02	2.142369385637943324e-02	5.432596791238492040e-02
7.208277618346371582e+02	3.382044994881540645e-01	2.171112819975574704e-01	1.937231271637671892e-01	1.166743818422024542e-01	5.812032530873881275e-02	2.152277648228421991e-02	5.464360771705219916e-02
7.256655320482924481e+02	3.369706379559319620e-01	2.163668480470919420e-01	1.945462294531764003e-01	1.172008843641543924e-01	5.833330128971633138e-02	2.162197089259512706e-02	5.496012799709023428e-02
7.305033022619478515e+02	3.357449854367731690e-01	2.156257843473852742e-01	1.953628202638142963e-01	1.177244288226579755e-01	5.854521453393383285e-02	2.172126607891499209e-02	5.527550051627688754e-02
7.353410724756030277e+02	3.345274726733294401e-01	2.148880881134556109e-01	1.961729940653860749e-01	1.182450348416242553e-01	5.875606037912625007e-02	2.182065121992117843e-02	5.558969870691361087e-02
7.401788426892584312e+02	3.333180312542752266e-01	2.141537562699399044e-01	1.969768426506789127e-01	1.187627216709816885e-01	5.896583487591505746e-02	2.192011568135272467e-02	5.590269759661291304e-02
7.450166129029136073e+02	3.321165935997774654e-01	2.134227854583565231e-01	1.977744552403729872e-01	1.192775082024843114e-01	5.917453474476484093e-02	2.201964901579795200e-02	5.621447373820239596e-02
7.498543831165690108e+02	3.309230929472805616e-01	2.126951720442275540e-01	1.985659185832727713e-01	1.197894129848117023e-01	5.938215733525526591e-02	2.211924096229684125e-02	5.652500514261177278e-02
7.546921533302243006e+02	3.297374633375982911e-01	2.119709121240634098e-01	1.993513170521672151e-01	1.202984542379915006e-01	5.958870058754962840e-02	2.221888144577166546e-02	5.683427121461478299e-02
7.595299235438793630e+02	3.285596396013041320e-01	2.112500015322120450e-01	2.001307327355169308e-01	1.208046498671740965e-01	5.979416299594692008e-02	2.231856057629864193e-02	5.714225269130375484e-02
7.643676937575347665e+02	3.273895573454131402e-01	2.105324358475749169e-01	2.009042455251583148e-01	1.213080174757876911e-01	5.999854357441013891e-02	2.241826864823257687e-02	5.744893158317970067e-02
7.692054639711900563e+02	3.262271529403472092e-01	2.098182104001922732e-01	2.016719332002051834e-01	1.218085743781009422e-01	6.020184182396891293e-02	2.251799613919585122e-02	5.775429111774606911e-02
7.740432341848452324e+02	3.250723635071767204e-01	2.091073202776997653e-01	2.024338715073199790e-01	1.223063376112189654e-01	6.040405770189954254e-02	2.261773370894239535e-02	5.805831568549901095e-02
7.788810043985006359e+02	3.239251269051317550e-01	2.083997603316586900e-01	2.031901342375193875e-01	1.228013239465375050e-01	6.060519159259053490e-02	2.271747219810671403e-02	5.836099078821180286e-02
7.837187746121558121e+02	3.227853817193757080e-01	2.076955251837619698e-01	2.039407932996706307e-01	1.232935499006789642e-01	6.080524428000631115e-02	2.281720262684739167e-02	5.866230298941540328e-02
7.885565448258112156e+02	3.216530672490351406e-01	2.069946092319182307e-01	2.046859187908285915e-01	1.237830317459329421e-01	6.100421692166604209e-02	2.291691619339402200e-02	5.896223986698143071e-02
7.933943150394665054e+02	3.205281234954788228e-01	2.062970066562157534e-01	2.054255790635559631e-01	1.242697855202230944e-01	6.120211102405893194e-02	2.301660427250590626e-02	5.926078996771788621e-02
7.982320852531219089e+02	3.194104911508406364e-01	2.056027114247689913e-01	2.061598407903625640e-01	1.247538270366208152e-01	6.139892841942107271e-02	2.311625841385042332e-02	5.955794276389183434e-02
8.030698554667769713e+02	3.183001115867792885e-01	2.049117172994488478e-01	2.068887690253939649e-01	1.252351718924258339e-01	6.159467124380287734e-02	2.321587034030846153e-02	5.985368861159702514e-02
8.079076256804323748e+02	3.171969268434697287e-01	2.042240178414996277e-01	2.076124272634928825e-01	1.257138354778326861e-01	6.178934191635963857e-02	2.331543194621389647e-02	6.014801871088782531e-02
8.127453958940876646e+02	3.161008796188204961e-01	2.035396064170439390e-01	2.083308774967515820e-01	1.261898329842010280e-01	6.198294311980113297e-02	2.341493529553364400e-02	6.044092506760442157e-02
8.175831661077428407e+02	3.150119132579110581e-01	2.028584762024782107e-01	2.090441802686681116e-01	1.266631794119475185e-01	6.217547778193954766e-02	2.351437261999442252e-02	6.073240045681740917e-02
8.224209363213982442e+02	3.139299717426439207e-01	2.021806201897600741e-01	2.097523947260138411e-01	1.271338895780755873e-01	6.236694905827795676e-02	2.361373631716200475e-02	6.102243838782291097e-02
8.272587065350534203e+02	3.128549996816069600e-01	2.015060311915901070e-01	2.104555786685147756e-01	1.276019781233591055e-01	6.255736031558459254e-02	2.371301894847835726e-02	6.131103307062243934e-02
8.320964767487085965e+02	3.117869423001397022e-01	2.008347018464893829e-01	2.111537885964444861e-01	1.280674595191954313e-01	6.274671511640091126e-02	2.381221323726174371e-02	6.159817938382458613e-02
8.369342469623640000e+02	3.107257454305999977e-01	2.001666246237751023e-01	2.118470797562223285e-01	1.285303480741421533e-01	6.293501720443404890e-02	2.391131206667451714e-02	6.188387284390814425e-02
8.417720171760191761e+02	3.096713555028247633e-01	1.995017918284356928e-01	2.125355061841056603e-01	1.289906579401512154e-01	6.312227049078686369e-02	2.401030847766308721e-02	6.216810957578904756e-02
8.466097873896745796e+02	3.086237195347819595e-01	1.988401956059074605e-01	2.132191207480612360e-01	1.294484031185144379e-01	6.330847904098110823e-02	2.410919566687417040e-02	6.245088628463595082e-02
8.514475576033297557e+02	3.075827851234075871e-01	1.981818279467546240e-01	2.138979751878970770e-01	1.299035974655327608e-01	6.349364706273148695e-02	2.420796698455127127e-02	6.273220022888156833e-02
8.562853278169851592e+02	3.065485004356243715e-01	1.975266806912542306e-01	2.145721201537317269e-01	1.303562546979212533e-01	6.367777889443063111e-02	2.430661593241498220e-02	6.301204919437922158e-02
8.611230980306403353e+02	3.055208141995376381e-01	1.968747455338878405e-01	2.152416052428751392e-01	1.308063883979621311e-01	6.386087899430696602e-02	2.440513616153052942e-02	6.329043146965619704e-02
8.659608682442956251e+02	3.044996756958038842e-01	1.962260140277415910e-01	2.159064790351917229e-01	1.312540120184165215e-01	6.404295193021941612e-02	2.450352147016572613e-02	6.356734582221756913e-02
8.707986384579510286e+02	3.034850347491687694e-01	1.955804775888164149e-01	2.165667891270124101e-01	1.316991388872056079e-01	6.422400237005479462e-02	2.460176580164224330e-02	6.384279147585622538e-02
8.756364086716062047e+02	3.024768417201694204e-01	1.949381275002498026e-01	2.172225821636602217e-01	1.321417822118720609e-01	6.440403507269541750e-02	2.469986324218301915e-02	6.411676808892657897e-02
8.804741788852616082e+02	3.014750474969985494e-01	1.942989549164511609e-01	2.178739038706505871e-01	1.325819550838304994e-01	6.458305487952617496e-02	2.479780801875830498e-02	6.438927573354127909e-02
8.853119490989170117e+02	3.004796034875258370e-01	1.936629508671517674e-01	2.185207990836247338e-01	1.330196704824173626e-01	6.476106670645190300e-02	2.489559449693276930e-02	6.466031487565217228e-02
8.901497193125721878e+02	2.994904616114731910e-01	1.930301062613714869e-01	2.191633117770719619e-01	1.334549412787485734e-01	6.493807553639731334e-02	2.499321717871580764e-02	6.492988635597823910e-02
8.949874895262273640e+02	2.985075742927402187e-01	1.924004118913031913e-01	2.198014850918943164e-01	1.338877802393936833e-01	6.511408641226335003e-02	2.509067070041717459e-02	6.519799137174470127e-02
8.998252597398827675e+02	2.975308944518769705e-01	1.917738584361169119e-01	2.204353613618638963e-01	1.343182000298748235e-01	6.528910443031489541e-02	2.518794983050976974e-02	6.546463145919939608e-02
9.046630299535379436e+02	2.965603754987000684e-01	1.911504364656848864e-01	2.210649821390220371e-01	1.347462132179981509e-01	6.546313473397651073e-02	2.528504946750138871e-02	6.572980847687358297e-02
9.095008001671932334e+02	2.955959713250492782e-01	1.905301364442290590e-01	2.216903882180661089e-01	1.351718322770256719e-01	6.563618250801354914e-02	2.538196463781699011e-02	6.599352458955599909e-02
9.143385703808486369e+02	2.946376362976812491e-01	1.899129487338923339e-01	2.223116196597685335e-01	1.355950695886938562e-01	6.580825297307754673e-02	2.547869049369301531e-02	6.625578225295011836e-02
9.191763405945038130e+02	2.936853252512974244e-01	1.892988635982354173e-01	2.229287158134699021e-01	1.360159374460869486e-01	6.597935138059587978e-02	2.557522231108512109e-02	6.651658419898597019e-02
9.240141108081592165e+02	2.927389934817030692e-01	1.886878712056600516e-01	2.235417153386866362e-01	1.364344480563707274e-01	6.614948300798648151e-02	2.567155548759057770e-02	6.677593342175912328e-02
9.288518810218145063e+02	2.917985967390947510e-01	1.880799616327603341e-01	2.241506562258718527e-01	1.368506135433933679e-01	6.631865315417960483e-02	2.576768554038647713e-02	6.703383316407034165e-02
9.336896512354697961e+02	2.908640912214726648e-01	1.874751248676035376e-01	2.247555758163655715e-01	1.372644459501594638e-01	6.648686713542965865e-02	2.586360810418482370e-02	6.729028690454098849e-02
9.385274214491247449e+02	2.899354335681764705e-01	1.868733508129414578e-01	2.253565108215701551e-01	1.376759572411827559e-01	6.665413028140058926e-02	2.595931892920546116e-02	6.754529834527980836e-02
9.433651916627801484e+02	2.890125808535402574e-01	1.862746292893538713e-01	2.259534973413836467e-01	1.380851593047234260e-01	6.682044793150973550e-02	2.605481387916767921e-02	6.779887140007812008e-02
9.482029618764355519e+02	2.880954905806651367e-01	1.856789500383251024e-01	2.265465708819236479e-01	1.384920639549146737e-01	6.698582543151550273e-02	2.615008892930133569e-02	6.805101018311135452e-02
9.530407320900908417e+02	2.871841206753065756e-01	1.850863027252553084e-01	2.271357663725717124e-01	1.388966829337844322e-01	6.715026813033499187e-02	2.624514016437817440e-02	6.830171899812559344e-02
9.578785023037459041e+02	2.862784294798741969e-01	1.844966769424073172e-01	2.277211181823677322e-01	1.392990279131761100e-01	6.731378137707867693e-02	2.633996377676396661e-02	6.855100232808883365e-02
9.627162725174014213e+02	2.853783757475408800e-01	1.839100622117904593e-01	2.283026601357823482e-01	1.396991104965737973e-01	6.747637051828953014e-02	2.643455606449209364e-02	6.879886482528772829e-02
9.675540427310568248e+02	2.844839186364599426e-01	1.833264479879825881e-01	2.288804255278931721e-01	1.400969422208358794e-01	6.763804089537524267e-02	2.652891342935901828e-02	6.904531130185107002e-02
9.723918129447120009e+02	2.835950177040869602e-01	1.827458236608912601e-01	2.294544471389912410e-01	1.404925345578413864e-01	6.779879784222200834e-02	2.662303237504214104e-02	6.929034672068193346e-02
9.772295831583674044e+02	2.827116329016047813e-01	1.821681785584555180e-01	2.300247572486413261e-01	1.408858989160532149e-01	6.795864668297976752e-02	2.671690950524040209e-02	6.953397618678190673e-02
9.820673533720223531e+02	2.818337245684491843e-01	1.815935019492890823e-01	2.305913876492192982e-01	1.412770466420019688e-01	6.811759273000875248e-02	2.681054152183795850e-02	6.977620493895064779e-02
9.869051235856777566e+02	2.809612534269329553e-01	1.810217830452663657e-01	2.311543696589489216e-01	1.416659890216942497e-01	6.827564128197796678e-02	2.690392522309126982e-02	7.001703834184516695e-02
9.917428937993331601e+02	2.800941805769665560e-01	1.804530110040521440e-01	2.317137341344590595e-01	1.420527372819486711e-01	6.843279762210677242e-02	2.699705750183977598e-02	7.025648187838393066e-02
9.965806640129884499e+02	2.792324674908731597e-01	1.798871749315761326e-01	2.322695114828814966e-01	1.424373025916633728e-01	6.858906701654103599e-02	2.708993534374041362e-02	7.049454114248131231e-02
1.001418434226643626e+03	2.783760760082961694e-01	1.793242638844532721e-01	2.328217316735087805e-01	1.428196960630180035e-01	6.874445471285603459e-02	2.718255582552610294e-02	7.073122183209860914e-02
1.006256204440298802e+03	2.775249683311971638e-01	1.787642668723512240e-01	2.333704242490303171e-01	1.431999287526131426e-01	6.889896593867843311e-02	2.727491611328832985e-02	7.096652974259839985e-02
1.011093974653954206e+03	2.766791070189423829e-01	1.782071728603053795e-01	2.339156183363647334e-01	1.435780116625505753e-01	6.905260590042026914e-02	2.736701346078394825e-02	7.120047076038973910e-02
1.015931744867609382e+03	2.758384549834762001e-01	1.776529707709832984e-01	2.344573426571046615e-01	1.439539557414567239e-01	6.920537978211825647e-02	2.745884520776616794e-02	7.143305085685172640e-02
1.020769515081264785e+03	2.750029754845794150e-01	1.771016494868984659e-01	2.349956255375908187e-01	1.443277718854522884e-01	6.935729274437187064e-02	2.755040877833987017e-02	7.166427608252431969e-02
1.025607285294920075e+03	2.741726321252104803e-01	1.765531978525753110e-01	2.355304949186302343e-01	1.446994709390706235e-01	6.950834992337445728e-02	2.764170167934115047e-02	7.189415256155474998e-02
1.030445055508575479e+03	2.733473888469286073e-01	1.760076046766659019e-01	2.360619783648734982e-01	1.450690636961272373e-01	6.965855643003138198e-02	2.773272149874109541e-02	7.212268648638930912e-02
1.035282825722230655e+03	2.725272099253963076e-01	1.754648587340193466e-01	2.365901030738650490e-01	1.454365609005426330e-01	6.980791734916004521e-02	2.782346590407376238e-02	7.234988411269986652e-02
1.040120595935886058e+03	2.717120599659603730e-01	1.749249487677047854e-01	2.371148958847798249e-01	1.458019732471213803e-01	6.995643773876664140e-02	2.791393264088823725e-02	7.257575175453583050e-02
1.044958366149541234e+03	2.709019038993090711e-01	1.743878634909888925e-01	2.376363832868594872e-01	1.461653113822886096e-01	7.010412262939470784e-02	2.800411953122472486e-02	7.280029577969164556e-02
1.049796136363196410e+03	2.700967069772046703e-01	1.738535915892689410e-01	2.381545914275598197e-01	1.465265859047868435e-01	7.025097702354116125e-02	2.809402447211451631e-02	7.302352260528117978e-02
1.054633906576851814e+03	2.692964347682892390e-01	1.733221217219619026e-01	2.386695461204218771e-01	1.468858073663347474e-01	7.039700589513543660e-02	2.818364543410371501e-02	7.324543869351018976e-02
1.059471676790506763e+03	2.685010531539622769e-01	1.727934425243509153e-01	2.391812728526772902e-01	1.472429862722497429e-01	7.054221418907750951e-02	2.827298045980059307e-02	7.346605054763881426e-02
1.064309447004162394e+03	2.677105283243292333e-01	1.722675426093892015e-01	2.396897967925989137e-01	1.475981330820361204e-01	7.068660682083136026e-02	2.836202766244637352e-02	7.368536470812593608e-02
1.069147217217817570e+03	2.669248267742187486e-01	1.717444105694633516e-01	2.401951427966070585e-01	1.479512582099408169e-01	7.083018867606995228e-02	2.845078522450929237e-02	7.390338774894789076e-02
1.073984987431472746e+03	2.661439152992675639e-01	1.712240349781158077e-01	2.406973354161409950e-01	1.483023720254781352e-01	7.097296461036844972e-02	2.853925139630173954e-02	7.412012627408440246e-02
1.078822757645127922e+03	2.653677609920723213e-01	1.707064043917276286e-01	2.411963989043050816e-01	1.486514848539248201e-01	7.111493944894244079e-02	2.862742449462028424e-02	7.433558691416455866e-02
1.083660527858783553e+03	2.645963312384055355e-01	1.701915073511624799e-01	2.416923572222985372e-01	1.489986069767876564e-01	7.125611798642823846e-02	2.871530290140836619e-02	7.454977632326631465e-02
1.088498298072438729e+03	2.638295937134960689e-01	1.696793323833726275e-01	2.421852340456375763e-01	1.493437486322441998e-01	7.139650498670226109e-02	2.880288506244143773e-02	7.476270117586295005e-02
1.093336068286093905e+03	2.630675163783715020e-01	1.691698680029672108e-01	2.426750527701778681e-01	1.496869200155588053e-01	7.153610518273689767e-02	2.889016948603432069e-02	7.497436816391052361e-02
1.098173838499749309e+03	2.623100674762620099e-01	1.686631027137441285e-01	2.431618365179453456e-01	1.500281312794745081e-01	7.167492327649029049e-02	2.897715474177055966e-02	7.518478399407030333e-02
1.103011608713404712e+03	2.615572155290640244e-01	1.681590250101857864e-01	2.436456081427829101e-01	1.503673925345826723e-01	7.181296393882770357e-02	2.906383945925350779e-02	7.539395538506050987e-02
1.107849378927059888e+03	2.608089293338629044e-01	1.676576233789198456e-01	2.441263902358200566e-01	1.507047138496709904e-01	7.195023180947217323e-02	2.915022232687890930e-02	7.560188906513218288e-02
1.112687149140715292e+03	2.600651779595132829e-01	1.671588863001451097e-01	2.446042051307723564e-01	1.510401052520516374e-01	7.208673149698231752e-02	2.923630209062873242e-02	7.580859176966363300e-02
1.117524919354370468e+03	2.593259307432755900e-01	1.666628022490238559e-01	2.450790749090775156e-01	1.513735767278699407e-01	7.222246757875531997e-02	2.932207755288597853e-02	7.601407023886883052e-02
1.122362689568025871e+03	2.585911572875084219e-01	1.661693596970407194e-01	2.455510214048743367e-01	1.517051382223952583e-01	7.235744460105333897e-02	2.940754757127019350e-02	7.621833121561479019e-02
1.127200459781681047e+03	2.578608274564149760e-01	1.656785471133291332e-01	2.460200662098301627e-01	1.520347996402945934e-01	7.249166707905138618e-02	2.949271105749347657e-02	7.642138144334341410e-02
1.132038229995336451e+03	2.571349113728427227e-01	1.651903529659657921e-01	2.464862306778233259e-01	1.523625708458901107e-01	7.262513949690509174e-02	2.957756697623664666e-02	7.662322766409346286e-02
1.136876000208991627e+03	2.564133794151357004e-01	1.647047657232340034e-01	2.469495359294853476e-01	1.526884616634014702e-01	7.275786630783691311e-02	2.966211434404531638e-02	7.682387661661836675e-02
1.141713770422646803e+03	2.556962022140376600e-01	1.642217738548561734e-01	2.474100028566089404e-01	1.530124818771736728e-01	7.288985193423908049e-02	2.974635222824565869e-02	7.702333503459593556e-02
1.146551540636302207e+03	2.549833506496454461e-01	1.637413658331963173e-01	2.478676521264262245e-01	1.533346412318913055e-01	7.302110076779221026e-02	2.983027974587949133e-02	7.722160964492602586e-02
1.151389310849957155e+03	2.542747958484120607e-01	1.632635301344331491e-01	2.483225041857625714e-01	1.536549494327802134e-01	7.315161716959796279e-02	2.991389606265849876e-02	7.741870716611251590e-02
1.156227081063612786e+03	2.535705091801974675e-01	1.627882552397042770e-01	2.487745792650701837e-01	1.539734161457968764e-01	7.328140547032487018e-02	2.999720039193724819e-02	7.761463430672609076e-02
1.161064851277267962e+03	2.528704622553671344e-01	1.623155296362219779e-01	2.492238973823463211e-01	1.542900509978066270e-01	7.341046997036590471e-02	3.008019199370478083e-02	7.780939776394425744e-02
1.165902621490923138e+03	2.521746269219372616e-01	1.618453418183614656e-01	2.496704783469402833e-01	1.546048635767511281e-01	7.353881494000689967e-02	3.016287017359445266e-02	7.800300422216553675e-02
1.170740391704578315e+03	2.514829752627651405e-01	1.613776802887217643e-01	2.501143417632531452e-01	1.549178634318058856e-01	7.366644461960476786e-02	3.024523428191178490e-02	7.819546035169455678e-02
1.175578161918233945e+03	2.507954795927845315e-01	1.609125335591600481e-01	2.505555070343344348e-01	1.552290600735282966e-01	7.379336321977461588e-02	3.032728371268002265e-02	7.838677280749510590e-02
1.180415932131889122e+03	2.501121124562850073e-01	1.604498901517998066e-01	2.509939933653790312e-01	1.555384629739969826e-01	7.391957492158479637e-02	3.040901790270317609e-02	7.857694822800823098e-02
1.185253702345544298e+03	2.494328466242341225e-01	1.599897386000135036e-01	2.514298197671284152e-01	1.558460815669428512e-01	7.404508387675917680e-02	3.049043633064620062e-02	7.876599323403270236e-02
1.190091472559199701e+03	2.487576550916420492e-01	1.595320674493801161e-01	2.518630050591794678e-01	1.561519252478723307e-01	7.416989420788577814e-02	3.057153851613211501e-02	7.895391442766511170e-02
1.194929242772855105e+03	2.480865110749673197e-01	1.590768652586179999e-01	2.522935678732041165e-01	1.564560033741836109e-01	7.429401000863114501e-02	3.065232401885574498e-02	7.914071839129707686e-02
1.199767012986510281e+03	2.474193880095637010e-01	1.586241206004939119e-01	2.527215266560829399e-01	1.567583252652757775e-01	7.441743534395969806e-02	3.073279243771382882e-02	7.932641168666718090e-02
1.204604783200165684e+03	2.467562595471665954e-01	1.581738220627081637e-01	2.531468996729560605e-01	1.570589002026521186e-01	7.454017425035755484e-02	3.081294340995124198e-02	7.951100085396527184e-02
1.209442553413820860e+03	2.460970995534188244e-01	1.577259582487569034e-01	2.535697050101939354e-01	1.573577374300173248e-01	7.466223073606005622e-02	3.089277661032307706e-02	7.969449241098690295e-02
1.214280323627476264e+03	2.454418821054347444e-01	1.572805177787715558e-01	2.539899605782910963e-01	1.576548461533691659e-01	7.478360878128263722e-02	3.097229175027226694e-02	7.987689285233563752e-02
1.219118093841131440e+03	2.447905814894019427e-01	1.568374892903361406e-01	2.544076841146850620e-01	1.579502355410853931e-01	7.490431233845450121e-02	3.105148857712256363e-02	8.005820864867149722e-02
1.223955864054786844e+03	2.441431721982202652e-01	1.563968614392829415e-01	2.548228931865038627e-01	1.582439147240058408e-01	7.502434533245450066e-02	3.113036687328658153e-02	8.023844624600313946e-02
1.228793634268442020e+03	2.434996289291769256e-01	1.559586229004666647e-01	2.552356051932434533e-01	1.585358927955102248e-01	7.514371166084894693e-02	3.120892645548862393e-02	8.041761206502220927e-02
1.233631404482097196e+03	2.428599265816573372e-01	1.555227623685178362e-01	2.556458373693790143e-01	1.588261788115919448e-01	7.526241519413079395e-02	3.128716717400210900e-02	8.059571250047795066e-02
1.238469174695752372e+03	2.422240402548908045e-01	1.550892685585759101e-01	2.560536067869104149e-01	1.591147817909283335e-01	7.538045977596004310e-02	3.136508891190130377e-02	8.077275392059021786e-02
1.243306944909407548e+03	2.415919452457308547e-01	1.546581302070019759e-01	2.564589303578454493e-01	1.594017107149473533e-01	7.549784922340477267e-02	3.144269158432707462e-02	8.094874266649945693e-02
1.248144715123063179e+03	2.409636170464690696e-01	1.542293360720721762e-01	2.568618248366231205e-01	1.596869745278916009e-01	7.561458732718258358e-02	3.151997513776653992e-02	8.112368505175183986e-02
1.252982485336718355e+03	2.403390313426819747e-01	1.538028749346517232e-01	2.572623068224775267e-01	1.599705821368791192e-01	7.573067785190217005e-02	3.159693954934628124e-02	8.129758736181812162e-02
1.257820255550373531e+03	2.397181640111106793e-01	1.533787355988502354e-01	2.576603927617458489e-01	1.602525424119619069e-01	7.584612453630470985e-02	3.167358482613885640e-02	8.147045585364472153e-02
1.262658025764028707e+03	2.391009911175720204e-01	1.529569068926583675e-01	2.580560989501213820e-01	1.605328641861821226e-01	7.596093109350490757e-02	3.174991100448251724e-02	8.164229675523561325e-02
1.267495795977684338e+03	2.384874889149015409e-01	1.525373776685667870e-01	2.584494415348536078e-01	1.608115562556261813e-01	7.607510121123130242e-02	3.182591814931373664e-02	8.181311626526373282e-02
1.272333566191339514e+03	2.378776338409267221e-01	1.521201368041668889e-01	2.588404365168975318e-01	1.610886273794771562e-01	7.618863855206572944e-02	3.190160635351242668e-02	8.198292055271048928e-02
1.277171336404994690e+03	2.372714025164706919e-01	1.517051732027347721e-01	2.592290997530126151e-01	1.613640862800652942e-01	7.630154675368171213e-02	3.197697573725959835e-02	8.215171575653225366e-02
1.282009106618650094e+03	2.366687717433855753e-01	1.512924757937979536e-01	2.596154469578146329e-01	1.616379416429174209e-01	7.641382942908166165e-02	3.205202644740720586e-02	8.231950798535256353e-02
1.286846876832305497e+03	2.360697185026148226e-01	1.508820335336853169e-01	2.599994937057804045e-01	1.619102021168048744e-01	7.652549016683260485e-02	3.212675865686003690e-02	8.248630331717890507e-02
1.291684647045960673e+03	2.354742199522841528e-01	1.504738354060611294e-01	2.603812554332084472e-01	1.621808763137904674e-01	7.663653253130041365e-02	3.220117256396933664e-02	8.265210779914301809e-02
1.296522417259616077e+03	2.348822534258207806e-01	1.500678704224428506e-01	2.607607474401349434e-01	1.624499728092745621e-01	7.674696006288231342e-02	3.227526839193800567e-02	8.281692744726355804e-02
1.301360187473271253e+03	2.342937964300998988e-01	1.496641276227034245e-01	2.611379848922082969e-01	1.627175001420403389e-01	7.685677627823755964e-02	3.234904638823719869e-02	8.298076824623033809e-02
1.306197957686926657e+03	2.337088266436185002e-01	1.492625960755583070e-01	2.615129828225226105e-01	1.629834668142985388e-01	7.696598467051621317e-02	3.242250682403403916e-02	8.314363614920883272e-02
1.311035727900581833e+03	2.331273219146955678e-01	1.488632648790375324e-01	2.618857561334115291e-01	1.632478812917316779e-01	7.707458870958591723e-02	3.249564999363027673e-02	8.330553707766444327e-02
1.315873498114237009e+03	2.325492602596986591e-01	1.484661231609431253e-01	2.622563195982036688e-01	1.635107520035379847e-01	7.718259184225652325e-02	3.256847621391179698e-02	8.346647692120523487e-02
1.320711268327892412e+03	2.319746198612958887e-01	1.480711600792919691e-01	2.626246878629404091e-01	1.637720873424751977e-01	7.728999749250249629e-02	3.264098582380854652e-02	8.362646153744254796e-02
1.325549038541547588e+03	2.314033790667331947e-01	1.476783648227450174e-01	2.629908754480581590e-01	1.640318956649039761e-01	7.739680906168321106e-02	3.271317918376493578e-02	8.378549675186856838e-02
1.330386808755202765e+03	2.308355163861365023e-01	1.472877266110223793e-01	2.633548967500351501e-01	1.642901852908318361e-01	7.750302992876070829e-02	3.278505667522038647e-02	8.394358835775012073e-02
1.335224578968857941e+03	2.302710104908379796e-01	1.468992346953052197e-01	2.637167660430042582e-01	1.645469645039566720e-01	7.760866345051525839e-02	3.285661870009985719e-02	8.410074211603783823e-02
1.340062349182513572e+03	2.297098402117263016e-01	1.465128783586242545e-01	2.640764974803329057e-01	1.648022415517108596e-01	7.771371296175837162e-02	3.292786568031420141e-02	8.425696375529012627e-02
1.344900119396168748e+03	2.291519845376204789e-01	1.461286469162356161e-01	2.644341050961707129e-01	1.650560246453054436e-01	7.781818177554347682e-02	3.299879805727013588e-02	8.441225897161115654e-02
1.349737889609823924e+03	2.285974226136664733e-01	1.457465297159837025e-01	2.647896028069661178e-01	1.653083219597748788e-01	7.792207318337403266e-02	3.306941629138967359e-02	8.456663342860215593e-02
1.354575659823479100e+03	2.280461337397567678e-01	1.453665161386520910e-01	2.651430044129526320e-01	1.655591416340221056e-01	7.802539045540915486e-02	3.313972086163882724e-02	8.472009275732547695e-02
1.359413430037134731e+03	2.274980973689720021e-01	1.449885955983020447e-01	2.654943235996058970e-01	1.658084917708641803e-01	7.812813684066662046e-02	3.320971226506541640e-02	8.487264255628086673e-02
1.364251200250789907e+03	2.269532931060445347e-01	1.446127575425994183e-01	2.658435739390720420e-01	1.660563804370785712e-01	7.823031556722347124e-02	3.327939101634581898e-02	8.502428839139317129e-02
1.369088970464445310e+03	2.264117007058435438e-01	1.442389914531296558e-01	2.661907688915682857e-01	1.663028156634500099e-01	7.833192984241392487e-02	3.334875764734050729e-02	8.517503579601110042e-02
1.373926740678100487e+03	2.258733000718811390e-01	1.438672868457018805e-01	2.665359218067563929e-01	1.665478054448181755e-01	7.843298285302482964e-02	3.341781270665818149e-02	8.532489027091637313e-02
1.378764510891755890e+03	2.253380712548394005e-01	1.434976332706414948e-01	2.668790459250903746e-01	1.667913577401260450e-01	7.853347776548841308e-02	3.348655675922833364e-02	8.547385728434285512e-02
1.383602281105411066e+03	2.248059944511175412e-01	1.431300203130721205e-01	2.672201543791381528e-01	1.670334804724691591e-01	7.863341772607257418e-02	3.355499038588213856e-02	8.562194227200521646e-02
1.388440051319066470e+03	2.242770500013993307e-01	1.427644375931868825e-01	2.675592601948786897e-01	1.672741815291455547e-01	7.873280586106855272e-02	3.362311418294147009e-02	8.576915063713635989e-02
1.393277821532721646e+03	2.237512183892402529e-01	1.424008747665093666e-01	2.678963762929745807e-01	1.675134687617069740e-01	7.883164527697610058e-02	3.369092876181594559e-02	8.591548775053359233e-02
1.398115591746377049e+03	2.232284802396737877e-01	1.420393215241442242e-01	2.682315154900217768e-01	1.677513499860105728e-01	7.892993906068603016e-02	3.375843474860770743e-02	8.606095895061274814e-02
1.402953361960032225e+03	2.227088163178368996e-01	1.416797675930179801e-01	2.685646904997757711e-01	1.679878329822718508e-01	7.902769027966029258e-02	3.382563278372401755e-02	8.620556954347004253e-02
1.407791132173687402e+03	2.221922075276142328e-01	1.413222027361101252e-01	2.688959139343558014e-01	1.682229254951186359e-01	7.912490198210950232e-02	3.389252352149734610e-02	8.634932480295119672e-02
1.412628902387342805e+03	2.216786349103005427e-01	1.409666167526745506e-01	2.692251983054274045e-01	1.684566352336459849e-01	7.922157719716801938e-02	3.395910762981284997e-02	8.649222997072747443e-02
1.417466672600997981e+03	2.211680796432814455e-01	1.406129994784517667e-01	2.695525560253637098e-01	1.686889698714721109e-01	7.931771893506650573e-02	3.402538578974317884e-02	8.663429025637822689e-02
1.422304442814653157e+03	2.206605230387315431e-01	1.402613407858720185e-01	2.698779994083859157e-01	1.689199370467954764e-01	7.941333018730198368e-02	3.409135869519035883e-02	8.677551083747966909e-02
1.427142213028308333e+03	2.201559465423304773e-01	1.399116305842494079e-01	2.702015406716842816e-01	1.691495443624529416e-01	7.950841392680563224e-02	3.415702705253473997e-02	8.691589685969944301e-02
1.431979983241963964e+03	2.196543317319958610e-01	1.395638588199674124e-01	2.705231919365190807e-01	1.693777993859790498e-01	7.960297310810798832e-02	3.422239158029075773e-02	8.705545343689680138e-02
1.436817753455619140e+03	2.191556603166330552e-01	1.392180154766557987e-01	2.708429652293023460e-01	1.696047096496664242e-01	7.969701066750189966e-02	3.428745300876949453e-02	8.719418565122794007e-02
1.441655523669274316e+03	2.186599141349017117e-01	1.388740905753592936e-01	2.711608724826615191e-01	1.698302826506273566e-01	7.979052952320300762e-02	3.435221207974779173e-02	8.733209855325627102e-02
1.446493293882929493e+03	2.181670751539985798e-01	1.385320741746979001e-01	2.714769255364846701e-01	1.700545258508563973e-01	7.988353257550809272e-02	3.441666954614393953e-02	8.746919716206739970e-02
1.451331064096585123e+03	2.176771254684562173e-01	1.381919563710195809e-01	2.717911361389477864e-01	1.702774466772943029e-01	7.997602270695093607e-02	3.448082617169965364e-02	8.760548646538846018e-02
1.456168834310240300e+03	2.171900472989576614e-01	1.378537272985447815e-01	2.721035159475254650e-01	1.704990525218930131e-01	8.006800278245604363e-02	3.454468273066838013e-02	8.774097141971154423e-02
1.461006604523895703e+03	2.167058229911665579e-01	1.375173771295036540e-01	2.724140765299841171e-01	1.707193507416817913e-01	8.015947564949006676e-02	3.460824000750967883e-02	8.787565695042102998e-02
1.465844374737550879e+03	2.162244350145724192e-01	1.371828960742656478e-01	2.727228293653587987e-01	1.709383486588346990e-01	8.025044413821107170e-02	3.467149879658967121e-02	8.800954795192458824e-02
1.470682144951206283e+03	2.157458659613510354e-01	1.368502743814618006e-01	2.730297858449144410e-01	1.711560535607389577e-01	8.034091106161564411e-02	3.473445990188738647e-02	8.814264928778757502e-02
1.475519915164861459e+03	2.152700985452395965e-01	1.365195023381001460e-01	2.733349572730909283e-01	1.713724727000648373e-01	8.043087921568385645e-02	3.479712413670686677e-02	8.827496579087061590e-02
1.480357685378516862e+03	2.147971156004262194e-01	1.361905702696738774e-01	2.736383548684330203e-01	1.715876132948363775e-01	8.052035137952211208e-02	3.485949232339503184e-02	8.840650226347018803e-02
1.485195455592172038e+03	2.143269000804539082e-01	1.358634685402628495e-01	2.739399897645055648e-01	1.718014825285034686e-01	8.060933031550389372e-02	3.492156529306508078e-02	8.853726347746204706e-02
1.490033225805827215e+03	2.138594350571384195e-01	1.355381875526285584e-01	2.742398730107935556e-01	1.720140875500150990e-01	8.069781876940858301e-02	3.498334388532538947e-02	8.866725417444716595e-02
1.494870996019482618e+03	2.133947037194999785e-01	1.352147177483024598e-01	2.745380155735884231e-01	1.722254354738936566e-01	8.078581947055823997e-02	3.504482894801375786e-02	8.879647906590025508e-02
1.499708766233137567e+03	2.129326893727085945e-01	1.348930496076679031e-01	2.748344283368601704e-01	1.724355333803104240e-01	8.087333513195235635e-02	3.510602133693699334e-02	8.892494283332036398e-02
1.504546536446793198e+03	2.124733754370425887e-01	1.345731736500361264e-01	2.751291221031157419e-01	1.726443883151622949e-01	8.096036845040070762e-02	3.516692191561560099e-02	8.905265012838370353e-02
1.509384306660448374e+03	2.120167454468605550e-01	1.342550804337158954e-01	2.754221075942444585e-01	1.728520072901495175e-01	8.104692210665438712e-02	3.522753155503361572e-02	8.917960557309835556e-02
1.514222076874103550e+03	2.115627830495857842e-01	1.339387605560775074e-01	2.757133954523499075e-01	1.730583972828546313e-01	8.113299876553481393e-02	3.528785113339336782e-02	8.930581375996071714e-02
1.519059847087758726e+03	2.111114720047040094e-01	1.336242046536108563e-01	2.760029962405694537e-01	1.732635652368224588e-01	8.121860107606106161e-02	3.534788153587518911e-02	8.943127925211372120e-02
1.523897617301414357e+03	2.106627961827730600e-01	1.333114034019778071e-01	2.762909204438810939e-01	1.734675180616411794e-01	8.130373167157536884e-02	3.540762365440187215e-02	8.955600658350637566e-02
1.528735387515069533e+03	2.102167395644451708e-01	1.330003475160592974e-01	2.765771784698981550e-01	1.736702626330247079e-01	8.138839316986670736e-02	3.546707838740790347e-02	8.968000025905484285e-02
1.533573157728724709e+03	2.097732862395012832e-01	1.326910277499967206e-01	2.768617806496521117e-01	1.738718057928958227e-01	8.147258817329290637e-02	3.552624663961325563e-02	8.980326475480464310e-02
1.538410927942380113e+03	2.093324204058973903e-01	1.323834348972285080e-01	2.771447372383637475e-01	1.740721543494705981e-01	8.155631926890083427e-02	3.558512932180174504e-02	8.992580451809401021e-02
1.543248698156035516e+03	2.088941263688222638e-01	1.320775597905210486e-01	2.774260584162024923e-01	1.742713150773438358e-01	8.163958902854501209e-02	3.564372735060383074e-02	9.004762396771832933e-02
1.548086468369690692e+03	2.084583885397671421e-01	1.317733933019950565e-01	2.777057542890353226e-01	1.744692947175754960e-01	8.172240000900460322e-02	3.570204164828382626e-02	9.016872749409536592e-02
