5.902079660659445608e+02	3.751235744614687118e-01	2.383037489072863946e-01	1.686477161198020047e-01	1.011257826457871434e-01	5.196640125957127654e-02	1.905898483992949158e-02	4.577379176590989918e-02
5.950457362795999643e+02	3.736260752299523369e-01	2.374786977045411918e-01	1.696947214076240662e-01	1.017437323645591779e-01	5.220497018820651619e-02	1.914750126274764389e-02	4.610430184212400972e-02
5.998835064932552541e+02	3.721394567211606108e-01	2.366565982055798822e-01	1.707311729242154130e-01	1.023579513111018968e-01	5.244296093655944485e-02	1.923655718155715608e-02	4.643530271958049016e-02
6.047212767069104302e+02	3.706636081706830566e-01	2.358374687395735914e-01	1.717572957447486282e-01	1.029684789130920902e-01	5.268032873939727800e-02	1.932613509580239156e-02	4.676668459645782344e-02
6.095590469205657200e+02	3.691984205108252426e-01	2.350213268332234928e-01	1.727733069812010802e-01	1.035753533637294999e-01	5.291703178332914093e-02	1.941621766577971558e-02	4.709834286166671852e-02
6.143968171342210098e+02	3.677437863358832271e-01	2.342081892289455680e-01	1.737794161173508989e-01	1.041786116758225689e-01	5.315303104861927169e-02	1.950678772118697238e-02	4.743017787194640789e-02
6.192345873478761860e+02	3.662995998682724852e-01	2.333980719026957085e-01	1.747758253288894947e-01	1.047782897334972457e-01	5.338829015901440378e-02	1.959782826889972310e-02	4.776209473848583992e-02
6.240723575615315895e+02	3.648657569254854516e-01	2.325909900814418230e-01	1.757627297893262219e-01	1.053744223416323289e-01	5.362277523919076888e-02	1.968932250001982978e-02	4.809400312265845606e-02
6.289101277751868793e+02	3.634421548878554176e-01	2.317869582602892220e-01	1.767403179623286413e-01	1.059670432731196349e-01	5.385645477944522863e-02	1.978125379623955557e-02	4.842581704047714541e-02
6.337478979888421691e+02	3.620286926671027472e-01	2.309859902192653303e-01	1.777087718811139472e-01	1.065561853140440385e-01	5.408929950727337649e-02	1.987360573556211027e-02	4.875745467539335104e-02
6.385856682024975726e+02	3.606252706756417070e-01	2.301880990397703886e-01	1.786682674154773109e-01	1.071418803068731190e-01	5.432128226549451377e-02	1.996636209741732906e-02	4.908883819908051171e-02
6.434234384161527487e+02	3.592317907966270929e-01	2.293932971206997240e-01	1.796189745270174165e-01	1.077241591917432462e-01	5.455237789660009884e-02	2.005950686720929868e-02	4.941989359985796137e-02
6.482612086298080385e+02	3.578481563547187827e-01	2.286015961942437780e-01	1.805610575130930373e-01	1.083030520459247192e-01	5.478256313301770736e-02	2.015302424033056650e-02	4.975055051842625781e-02
6.530989788434633283e+02	3.564742720875449522e-01	2.278130073413718315e-01	1.814946752400202756e-01	1.088785881215448420e-01	5.501181649299771714e-02	2.024689862567590620e-02	5.008074209059931725e-02
6.579367490571185044e+02	3.551100441178442479e-01	2.270275410070053124e-01	1.824199813659972413e-01	1.094507958816448301e-01	5.524011818184396821e-02	2.034111464868677832e-02	5.041040479673244978e-02
6.627745192707737942e+02	3.537553799262683207e-01	2.262452070148859851e-01	1.833371245542199102e-01	1.100197030346427574e-01	5.546744999822327687e-02	2.043565715395596200e-02	5.073947831755858812e-02
6.676122894844290840e+02	3.524101883248264566e-01	2.254660145821451855e-01	1.842462486766322516e-01	1.105853365672718885e-01	5.569379524530150560e-02	2.053051120742023852e-02	5.106790539615727043e-02
6.724500596980843738e+02	3.510743794309543753e-01	2.246899723335792631e-01	1.851474930087335935e-01	1.111477227760604702e-01	5.591913864646626264e-02	2.062566209816753607e-02	5.139563170579330986e-02
6.772878299117396637e+02	3.497478646421907644e-01	2.239170883156368086e-01	1.860409924158461792e-01	1.117068872974165544e-01	5.614346626540783758e-02	2.072109533988352598e-02	5.172260572337315787e-02
6.821256001253949535e+02	3.484305566114445085e-01	2.231473700101230251e-01	1.869268775312283581e-01	1.122628551363783478e-01	5.636676543034121328e-02	2.081679667196120395e-02	5.204877860827818170e-02
6.869633703390502433e+02	3.471223692228369018e-01	2.223808243476265989e-01	1.878052749264005061e-01	1.128156506940879850e-01	5.658902466216255561e-02	2.091275206029588260e-02	5.237410408634438075e-02
6.918011405527055331e+02	3.458232175681031917e-01	2.216174577206740381e-01	1.886763072740346436e-01	1.133652977940445145e-01	5.681023360634362973e-02	2.100894769778660631e-02	5.269853833876819715e-02
6.966389107663608229e+02	3.445330179235385759e-01	2.208572759966167254e-01	1.895400935037420131e-01	1.139118197071887773e-01	5.703038296837721621e-02	2.110537000456401066e-02	5.302203989572750603e-02
7.014766809800161127e+02	3.432516877274741085e-01	2.201002845302558186e-01	1.903967489510784150e-01	1.144552391758713317e-01	5.724946445259571776e-02	2.120200562796339602e-02	5.334456953451613415e-02
7.063144511936714025e+02	3.419791455582680273e-01	2.193464881762096363e-01	1.912463855000718915e-01	1.149955784367517192e-01	5.746747070419382097e-02	2.129884144226089349e-02	5.366609018199894332e-02
7.111522214073266923e+02	3.407153111127996237e-01	2.185958913010287996e-01	1.920891117195639430e-01	1.155328592426758255e-01	5.768439525429439746e-02	2.139586454818948047e-02	5.398656682120282768e-02
7.159899916209819821e+02	3.394601051854516660e-01	2.178484977950633228e-01	1.929250329936417208e-01	1.160671028835755791e-01	5.790023246790468314e-02	2.149306227225075000e-02	5.430596640186712704e-02
7.208277618346371582e+02	3.382134496475687757e-01	2.171043110840870649e-01	1.937542516464264009e-01	1.165983302064336202e-01	5.811497749461723428e-02	2.159042216583738349e-02	5.462425775478439022e-02
7.256655320482924481e+02	3.369752674273794324e-01	2.163633341406833444e-01	1.945768670614705098e-01	1.171265616343538096e-01	5.832862622191737484e-02	2.168793200418052056e-02	5.494141150976983995e-02
7.305033022619478515e+02	3.357454824903695623e-01	2.156255694953971014e-01	1.953929757960062019e-01	1.176518171847762001e-01	5.854117523096550452e-02	2.178557978513530335e-02	5.525740001710492677e-02
7.353410724756030277e+02	3.345240198200956083e-01	2.148910192476573278e-01	1.962026716902742496e-01	1.181741164868741478e-01	5.875262175472933945e-02	2.188335372781722785e-02	5.557219727230687523e-02
7.401788426892584312e+02	3.333108053994260911e-01	2.141596850764746762e-01	1.970060459721542923e-01	1.186934787981688832e-01	5.896296363834695187e-02	2.198124227110110143e-02	5.588577884408273827e-02
7.450166129029136073e+02	3.321057661922005577e-01	2.134315682509182188e-01	1.978031873573061483e-01	1.192099230203958887e-01	5.917219930160772662e-02	2.207923407199385499e-02	5.619812180533234613e-02
7.498543831165690108e+02	3.309088301252951503e-01	2.127066696403755175e-01	1.985941821450226408e-01	1.197234677146555709e-01	5.938032770344360556e-02	2.217731800389164884e-02	5.650920466707055195e-02
7.546921533302243006e+02	3.297199260710843571e-01	2.119849897246008918e-01	1.993791143099853114e-01	1.202341311158796056e-01	5.958734830832845830e-02	2.227548315473129592e-02	5.681900731514470670e-02
7.595299235438793630e+02	3.285389838302891219e-01	2.112665286035547985e-01	2.001580655901055994e-01	1.207419311466428891e-01	5.979326105448842105e-02	2.237371882504522042e-02	5.712751094962854187e-02
7.643676937575347665e+02	3.273659341152012070e-01	2.105512860070392900e-01	2.009311155706261509e-01	1.212468854303493798e-01	5.999806632383081206e-02	2.247201452592881635e-02	5.743469802677897418e-02
7.692054639711900563e+02	3.262007085332743195e-01	2.098392613041330790e-01	2.016983417646482091e-01	1.217490113038196542e-01	6.020176491350389542e-02	2.257035997692845297e-02	5.774055220344697509e-02
7.740432341848452324e+02	3.250432395710733946e-01	2.091304535124302311e-01	2.024598196902445690e-01	1.222483258293059621e-01	6.040435800900396945e-02	2.266874510385786384e-02	5.804505828383851873e-02
7.788810043985006359e+02	3.238934605785722676e-01	2.084248613070860956e-01	2.032156229443093098e-01	1.227448458059601927e-01	6.060584715875050321e-02	2.276716003655026438e-02	5.834820216852591723e-02
7.837187746121558121e+02	3.227513057537910734e-01	2.077224830296743319e-01	2.039658232732894094e-01	1.232385877807783831e-01	6.080623425005397820e-02	2.286559510655300498e-02	5.864997080561432791e-02
7.885565448258112156e+02	3.216167101277659368e-01	2.070233166968588057e-01	2.047104906409366598e-01	1.237295680590450447e-01	6.100552148640472211e-02	2.296404084477124755e-02	5.895035214397213036e-02
7.933943150394665054e+02	3.204896095498413477e-01	2.063273600088836868e-01	2.054496932932112496e-01	1.242178027142989555e-01	6.120371136601475415e-02	2.306248797906664677e-02	5.924933508843787527e-02
7.982320852531219089e+02	3.193699406732784518e-01	2.056346103578856332e-01	2.061834978204638846e-01	1.247033075978417338e-01	6.140080666154785344e-02	2.316092743181679195e-02	5.954690945692017734e-02
8.030698554667769713e+02	3.182576409411704832e-01	2.049450648360311156e-01	2.069119692170161839e-01	1.251860983478090272e-01	6.159681040097648302e-02	2.325935031744058926e-02	5.984306593931060930e-02
8.079076256804323748e+02	3.171526485726588462e-01	2.042587202434825722e-01	2.076351709382545929e-01	1.256661903978237016e-01	6.179172584950710229e-02	2.335774793989469841e-02	6.013779605813296403e-02
8.127453958940876646e+02	3.160549025494414077e-01	2.035755730961969212e-01	2.083531649553470866e-01	1.261435989852494333e-01	6.198555649251844685e-02	2.345611179014555486e-02	6.043109213085558901e-02
8.175831661077428407e+02	3.149643426025669490e-01	2.028956196335590934e-01	2.090660118076881624e-01	1.266183391590622320e-01	6.217830601945997793e-02	2.355443354362141486e-02	6.072294723379665499e-02
8.224209363213982442e+02	3.138809091995079514e-01	2.022188558258544433e-01	2.097737706531711543e-01	1.270904257873568810e-01	6.236997830866055498e-02	2.365270505764844461e-02	6.101335516755506533e-02
8.272587065350534203e+02	3.128045435315057188e-01	2.015452773815829823e-01	2.104764993163843745e-01	1.275598735645042114e-01	6.256057741299965447e-02	2.375091836887468361e-02	6.130231042390285601e-02
8.320964767487085965e+02	3.117351875011808993e-01	2.008748797546183185e-01	2.111742543348214818e-01	1.280266970179749775e-01	6.275010754639603894e-02	2.384906569068541426e-02	6.158980815407733012e-02
8.369342469623640000e+02	3.106727837104029666e-01	2.002076581512147457e-01	2.118670910031937304e-01	1.284909105148447084e-01	6.293857307107093846e-02	2.394713941061321627e-02	6.187584413841416137e-02
8.417720171760191761e+02	3.096172754484126655e-01	1.995436075368651196e-01	2.125550634159270036e-01	1.289525282679938878e-01	6.312597848554500624e-02	2.404513208774583868e-02	6.216041475726485910e-02
8.466097873896745796e+02	3.085686066801918148e-01	1.988827226430128492e-01	2.132382245079228467e-01	1.294115643420171435e-01	6.331232841333038486e-02	2.414303645013472777e-02	6.244351696314467959e-02
8.514475576033297557e+02	3.075267220350730857e-01	1.982249979736203649e-01	2.139166260936600783e-01	1.298680326588538547e-01	6.349762759228104458e-02	2.424084539220684037e-02	6.272514825405921257e-02
8.562853278169851592e+02	3.064915667955863676e-01	1.975704278115974766e-01	2.145903189047085047e-01	1.303219470031531657e-01	6.368188086456665065e-02	2.433855197218227212e-02	6.300530664796005764e-02
8.611230980306403353e+02	3.054630868865342297e-01	1.969190062250919526e-01	2.152593526257245982e-01	1.307733210273848423e-01	6.386509316723675000e-02	2.443614940949994860e-02	6.328399065828217707e-02
8.659608682442956251e+02	3.044412288642917574e-01	1.962707270736452347e-01	2.159237759289950598e-01	1.312221682567074610e-01	6.404726952334383050e-02	2.453363108225350281e-02	6.356119927051762097e-02
8.707986384579510286e+02	3.034259399063259366e-01	1.956255840142159808e-01	2.165836365075911041e-01	1.316685020936048112e-01	6.422841503359541515e-02	2.463099052463933736e-02	6.383693191978190296e-02
8.756364086716062047e+02	3.024171678009286990e-01	1.949835705070739611e-01	2.172389811071940569e-01	1.321123358223006139e-01	6.440853486850700582e-02	2.472822142441861645e-02	6.411118846933153148e-02
8.804741788852616082e+02	3.014148609371590792e-01	1.943446798215670013e-01	2.178898555566499695e-01	1.325536826129620205e-01	6.458763426102867578e-02	2.482531762039490858e-02	6.438396918999285401e-02
8.853119490989170117e+02	3.004189682949898188e-01	1.937089050417633573e-01	2.185363047973076511e-01	1.329925555257007175e-01	6.476571849962006744e-02	2.492227309990899253e-02	6.465527474046385559e-02
8.901497193125721878e+02	2.994294394356533107e-01	1.930762390719722166e-01	2.191783729111933809e-01	1.334289675143813247e-01	6.494279292174949536e-02	2.501908199635222499e-02	6.492510614845248273e-02
8.949874895262273640e+02	2.984462244921822216e-01	1.924466746421445162e-01	2.198161031480720395e-01	1.338629314302453854e-01	6.511886290779420050e-02	2.511573858669975678e-02	6.519346479261628469e-02
8.998252597398827675e+02	2.974692741601409063e-01	1.918202043131566059e-01	2.204495379514428144e-01	1.342944600253593856e-01	6.529393387531985671e-02	2.521223728906478098e-02	6.546035238527007916e-02
9.046630299535379436e+02	2.964985396885425617e-01	1.911968204819790296e-01	2.210787189835150546e-01	1.347235659558949361e-01	6.546801127371873474e-02	2.530857266027488131e-02	6.572577095582923801e-02
9.095008001671932334e+02	2.955339728709483471e-01	1.905765153867328143e-01	2.217036871492084615e-01	1.351502617852484711e-01	6.564110057918694230e-02	2.540473939347144203e-02	6.598972283495796454e-02
9.143385703808486369e+02	2.945755260367441397e-01	1.899592811116354862e-01	2.223244826192189716e-01	1.355745599870076534e-01	6.581320729002207437e-02	2.550073231573301083e-02	6.625221063939305821e-02
9.191763405945038130e+02	2.936231520425910402e-01	1.893451095918389504e-01	2.229411448521905481e-01	1.359964729477720902e-01	6.598433692222353819e-02	2.559654638572337118e-02	6.651323725741488391e-02
9.240141108081592165e+02	2.926768042640450207e-01	1.887339926181614280e-01	2.235537126160310750e-01	1.364160129698342439e-01	6.615449500537902427e-02	2.569217669136506996e-02	6.677280583493855337e-02
9.288518810218145063e+02	2.917364365873433285e-01	1.881259218417156154e-01	2.241622240084086282e-01	1.368331922737272555e-01	6.632368707882113634e-02	2.578761844753900065e-02	6.703091976219938131e-02
9.336896512354697961e+02	2.908020034013523714e-01	1.875208887784352851e-01	2.247667164764632353e-01	1.372480230006460078e-01	6.649191868803903949e-02	2.588286699381061456e-02	6.728758266100771934e-02
9.385274214491247449e+02	2.898734595896742539e-01	1.869188848135020231e-01	2.253672268357672370e-01	1.376605172147468692e-01	6.665919538133111000e-02	2.597791779218325617e-02	6.754279837254961727e-02
9.433651916627801484e+02	2.889507605229081344e-01	1.863199012056743487e-01	2.259637912885660571e-01	1.380706869053317798e-01	6.682552270668480621e-02	2.607276642487901114e-02	6.779657094571019116e-02
9.482029618764355519e+02	2.880338620510636827e-01	1.857239290915213281e-01	2.265564454413301343e-01	1.384785439889223424e-01	6.699090620887108993e-02	2.616740859214746959e-02	6.804890462589824329e-02
9.530407320900908417e+02	2.871227204961219193e-01	1.851309594895623190e-01	2.271452243216465772e-01	1.388841003112286088e-01	6.715535142674125546e-02	2.626184011010271671e-02	6.829980384435091478e-02
9.578785023037459041e+02	2.862172926447410504e-01	1.845409833043147318e-01	2.277301623944789077e-01	1.392873676490175849e-01	6.731886389071461974e-02	2.635605690858876596e-02	6.854927320789859502e-02
9.627162725174014213e+02	2.853175357411043556e-01	1.839539913302520036e-01	2.283112935778209285e-01	1.396883577118863684e-01	6.748144912044619359e-02	2.645005502907370881e-02	6.879731748917067291e-02
9.675540427310568248e+02	2.844234074799061873e-01	1.833699742556732515e-01	2.288886512577702759e-01	1.400870821439440250e-01	6.764311262266393954e-02	2.654383062257266793e-02	6.904394161722390844e-02
9.723918129447120009e+02	2.835348659994733622e-01	1.827889226664865807e-01	2.294622683030463073e-01	1.404835525254064521e-01	6.780385988916592943e-02	2.663737994759975483e-02	6.928915066857584126e-02
9.772295831583674044e+02	2.826518698750195013e-01	1.822108270499077920e-01	2.300321770789748588e-01	1.408777803741089185e-01	6.796369639496811776e-02	2.673069936814904957e-02	6.953294985862602806e-02
9.820673533720223531e+02	2.817743781120281565e-01	1.816356777980761283e-01	2.305984094609625779e-01	1.412697771469393349e-01	6.812262759659387656e-02	2.682378535170467510e-02	6.977534453344948207e-02
9.869051235856777566e+02	2.809023501397636680e-01	1.810634652115886423e-01	2.311609968474818699e-01	1.416595542411966946e-01	6.828065893049706236e-02	2.691663446727998385e-02	7.001634016194629995e-02
9.917428937993331601e+02	2.800357458049052006e-01	1.804941795029552654e-01	2.317199701725865257e-01	1.420471229958776838e-01	6.843779581161077430e-02	2.700924338348583212e-02	7.025594232833289043e-02
9.965806640129884499e+02	2.791745253653024061e-01	1.799278107999755516e-01	2.322753599179779027e-01	1.424324946928955116e-01	6.859404363201426769e-02	2.710160886662785901e-02	7.049415672496060770e-02
1.001418434226643626e+03	2.783186494838497671e-01	1.793643491490393704e-01	2.328271961246395905e-01	1.428156805582336264e-01	6.874940775971104256e-02	2.719372777883274223e-02	7.073098914544793947e-02
1.006256204440298802e+03	2.774680792224767933e-01	1.788037845183525210e-01	2.333755084040588512e-01	1.431966917630376757e-01	6.890389353751143198e-02	2.728559707620330579e-02	7.096644547811345460e-02
1.011093974653954206e+03	2.766227760362521271e-01	1.782461068010892380e-01	2.339203259490513775e-01	1.435755394246487626e-01	6.905750628201337560e-02	2.737721380700232354e-02	7.120053169969675633e-02
1.015931744867609382e+03	2.757827017675987258e-01	1.776913058184727001e-01	2.344616775442058543e-01	1.439522346075808035e-01	6.921025128267538351e-02	2.746857510986493514e-02	7.143325386935553412e-02
1.020769515081264785e+03	2.749478186406174585e-01	1.771393713227852884e-01	2.349995915759636456e-01	1.443267883244447047e-01	6.936213380097618064e-02	2.755967821203943180e-02	7.166461812292725109e-02
1.025607285294920075e+03	2.741180892555174498e-01	1.765902930003100391e-01	2.355340960423484287e-01	1.446992115368218312e-01	6.951315906965549463e-02	2.765052042765629714e-02	7.189463066744436470e-02
1.030445055508575479e+03	2.732934765831506740e-01	1.760440604742045112e-01	2.360652185623602628e-01	1.450695151560895124e-01	6.966333229203111599e-02	2.774109915602523263e-02	7.212329777589263080e-02
1.035282825722230655e+03	2.724739439596480239e-01	1.755006633073083744e-01	2.365929863850472215e-01	1.454377100442007242e-01	6.981265864138733179e-02	2.783141187996000104e-02	7.235062578220217977e-02
1.040120595935886058e+03	2.716594550811557984e-01	1.749600910048867142e-01	2.371174263982679109e-01	1.458038070144203613e-01	6.996114326043036125e-02	2.792145616413082426e-02	7.257662107646184468e-02
1.044958366149541234e+03	2.708499739986692800e-01	1.744223330173093334e-01	2.376385651371571150e-01	1.461678168320201532e-01	7.010879126080640789e-02	2.801122965344412380e-02	7.280129010034734616e-02
1.049796136363196410e+03	2.700454651129618466e-01	1.738873787426684914e-01	2.381564287923066403e-01	1.465297502149345843e-01	7.025560772267845644e-02	2.810073007144927790e-02	7.302463934275443824e-02
1.054633906576851814e+03	2.692458931696082858e-01	1.733552175293352204e-01	2.386710432176723240e-01	1.468896178343793435e-01	7.040159769435781756e-02	2.818995521877222521e-02	7.324667533562846666e-02
1.059471676790506763e+03	2.684512232540989252e-01	1.728258386784566891e-01	2.391824339382187803e-01	1.472474303154345243e-01	7.054676619198702037e-02	2.827890297157555424e-02	7.346740464998212372e-02
1.064309447004162394e+03	2.676614207870440243e-01	1.722992314463947239e-01	2.396906261573115426e-01	1.476031982375943519e-01	7.069111819927054174e-02	2.836757128004483569e-02	7.368683389209361445e-02
1.069147217217817570e+03	2.668764515194655962e-01	1.717753850471072652e-01	2.401956447638670111e-01	1.479569321352849354e-01	7.083465866725027760e-02	2.845595816690089236e-02	7.390496969987767062e-02
1.073984987431472746e+03	2.660962815281752714e-01	1.712542886544739518e-01	2.406975143392698080e-01	1.483086424983521279e-01	7.097739251412267525e-02	2.854406172593772217e-02	7.412181873942214061e-02
1.078822757645127922e+03	2.653208772112362057e-01	1.707359314045669152e-01	2.411962591640662568e-01	1.486583397725205757e-01	7.111932462509468200e-02	2.863188012058573081e-02	7.433738770168331345e-02
1.083660527858783553e+03	2.645502052835076445e-01	1.702203023978677843e-01	2.416919032244432275e-01	1.490060343598258452e-01	7.126045985227585922e-02	2.871941158250001722e-02	7.455168329933334337e-02
1.088498298072438729e+03	2.637842327722698665e-01	1.697073907014319261e-01	2.421844702185002585e-01	1.493517366190207363e-01	7.140080301460416390e-02	2.880665441017334072e-02	7.476471226375336343e-02
1.093336068286093905e+03	2.630229270129283425e-01	1.691971853510016999e-01	2.426739835623234198e-01	1.496954568659574769e-01	7.154035889780288593e-02	2.889360696757351313e-02	7.497648134216626514e-02
1.098173838499749309e+03	2.622662556447951654e-01	1.686896753530687798e-01	2.431604663958681078e-01	1.500372053739468525e-01	7.167913225436660374e-02	2.898026768280482710e-02	7.518699729490326000e-02
1.103011608713404712e+03	2.615141866069460863e-01	1.681848496868873499e-01	2.436439415886585136e-01	1.503769923740956582e-01	7.181712780357413228e-02	2.906663504679325369e-02	7.539626689279857463e-02
1.107849378927059888e+03	2.607666881341520471e-01	1.676826973064389492e-01	2.441244317453107326e-01	1.507148280556235842e-01	7.195435023152618736e-02	2.915270761199503791e-02	7.560429691470701985e-02
1.112687149140715292e+03	2.600237287528831542e-01	1.671832071423499100e-01	2.446019592108859553e-01	1.510507225661606723e-01	7.209080419120621197e-02	2.923848399112841459e-02	7.581109414513925726e-02
1.117524919354370468e+03	2.592852772773840409e-01	1.666863681037624445e-01	2.450765460760805370e-01	1.513846860120264259e-01	7.222649430256235237e-02	2.932396285592804921e-02	7.601666537200967022e-02
1.122362689568025871e+03	2.585513028058187834e-01	1.661921690801603513e-01	2.455482141822590281e-01	1.517167284584919063e-01	7.236142515260907127e-02	2.940914293592195028e-02	7.622101738449242603e-02
1.127200459781681047e+03	2.578217747164839868e-01	1.657005989431502568e-01	2.460169851263361018e-01	1.520468599300250356e-01	7.249560129554680210e-02	2.949402301723047168e-02	7.642415697098076111e-02
1.132038229995336451e+03	2.570966626640892039e-01	1.652116465481994478e-01	2.464828802655128492e-01	1.523750904105210247e-01	7.262902725289814565e-02	2.957860194138706503e-02	7.662609091714568665e-02
1.136876000208991627e+03	2.563759365761024145e-01	1.647253007363307931e-01	2.469459207218732688e-01	1.527014298435179218e-01	7.276170751365922118e-02	2.966287860418051828e-02	7.682682600408932694e-02
1.141713770422646803e+03	2.556595666491598973e-01	1.642415503357763373e-01	2.474061273868456978e-01	1.530258881323988407e-01	7.289364653446496478e-02	2.974685195451829203e-02	7.702636900658943464e-02
1.146551540636302207e+03	2.549475233455392176e-01	1.637603841635897339e-01	2.478635209255347083e-01	1.533484751405811697e-01	7.302484873976708424e-02	2.983052099331063786e-02	7.722472669143085056e-02
1.151389310849957155e+03	2.542397773896933888e-01	1.632817910272189865e-01	2.483181217809278252e-01	1.536692006916938746e-01	7.315531852202354635e-02	2.991388477237520716e-02	7.742190581582060471e-02
1.156227081063612786e+03	2.535362997648457628e-01	1.628057597260395839e-01	2.487699501779817302e-01	1.539880745697434494e-01	7.328506024189845869e-02	2.999694239336179319e-02	7.761791312588264824e-02
1.161064851277267962e+03	2.528370617096438178e-01	1.623322790528498316e-01	2.492190261275926133e-01	1.543051065192692917e-01	7.341407822847158260e-02	3.007969300669687679e-02	7.781275535522937103e-02
1.165902621490923138e+03	2.521420347148713437e-01	1.618613377953283528e-01	2.496653694304546145e-01	1.546203062454890031e-01	7.354237677945615892e-02	3.016213581054771192e-02	7.800643922360624150e-02
1.170740391704578315e+03	2.514511905202166386e-01	1.613929247374548126e-01	2.501089996808103511e-01	1.549336834144346975e-01	7.366996016142454695e-02	3.024427004980554182e-02	7.819897143560672337e-02
1.175578161918233945e+03	2.507645011110973821e-01	1.609270286608950051e-01	2.505499362700978616e-01	1.552452476530803427e-01	7.379683261004062189e-02	3.032609501508774785e-02	7.839035867945436109e-02
1.180415932131889122e+03	2.500819387155392426e-01	1.604636383463503013e-01	2.509881983904970748e-01	1.555550085494609991e-01	7.392299833029816747e-02	3.040761004175851490e-02	7.858060762584913317e-02
1.185253702345544298e+03	2.494034758011080821e-01	1.600027425748728471e-01	2.514238050383797440e-01	1.558629756527846744e-01	7.404846149676466704e-02	3.048881450896774939e-02	7.876972492687558947e-02
1.190091472559199701e+03	2.487290850718950896e-01	1.595443301291472604e-01	2.518567750176665121e-01	1.561691584735369898e-01	7.417322625382977153e-02	3.056970783870795877e-02	7.895771721496977480e-02
1.194929242772855105e+03	2.480587394655524303e-01	1.590883897947389658e-01	2.522871269430934649e-01	1.564735664835793794e-01	7.429729671595772245e-02	3.065028949488876608e-02	7.914459110194270453e-02
1.199767012986510281e+03	2.473924121503798257e-01	1.586349103613102218e-01	2.527148792433925317e-01	1.567762091162409610e-01	7.442067696794325837e-02	3.073055898242874409e-02	7.933035317805788023e-02
1.204604783200165684e+03	2.467300765224602899e-01	1.581838806238048400e-01	2.531400501643878420e-01	1.570770957664051892e-01	7.454337106517043565e-02	3.081051584636432250e-02	7.951501001116052791e-02
1.209442553413820860e+03	2.460717062028440760e-01	1.577352893836015679e-01	2.535626577720113128e-01	1.573762357905909015e-01	7.466538303387383613e-02	3.089015967097543877e-02	7.969856814585628280e-02
1.214280323627476264e+03	2.454172750347801690e-01	1.572891254496374680e-01	2.539827199552403547e-01	1.576736385070287849e-01	7.478671687140170388e-02	3.096949007892764102e-02	7.988103410273733607e-02
1.219118093841131440e+03	2.447667570809941573e-01	1.568453776395013766e-01	2.544002544289598045e-01	1.579693131957333463e-01	7.490737654648048360e-02	3.104850673043036552e-02	8.006241437765386493e-02
1.223955864054786844e+03	2.441201266210116239e-01	1.564040347804985520e-01	2.548152787367518601e-01	1.582632690985707746e-01	7.502736599948058027e-02	3.112720932241112501e-02	8.024271544102881681e-02
1.228793634268442020e+03	2.434773581485263627e-01	1.559650857106868738e-01	2.552278102536147397e-01	1.585555154193230842e-01	7.514668914268271549e-02	3.120559758770529227e-02	8.042194373721424372e-02
1.233631404482097196e+03	2.428384263688120326e-01	1.555285192798850080e-01	2.556378661886141157e-01	1.588460613237489827e-01	7.526534986054461696e-02	3.128367129426123938e-02	8.060010568388728536e-02
1.238469174695752372e+03	2.422033061961769984e-01	1.550943243506537339e-01	2.560454635874685470e-01	1.591349159396415469e-01	7.538335200996780505e-02	3.136143024436053445e-02	8.077720767148412195e-02
1.243306944909407548e+03	2.415719727514610837e-01	1.546624897992504022e-01	2.564506193350714613e-01	1.594220883568830405e-01	7.550069942056410188e-02	3.143887427385293198e-02	8.095325606267025909e-02
1.248144715123063179e+03	2.409444013595737344e-01	1.542330045165574426e-01	2.568533501579517431e-01	1.597075876274973716e-01	7.561739589492148805e-02	3.151600325140593156e-02	8.112825719184556250e-02
1.252982485336718355e+03	2.403205675470724001e-01	1.538058574089853081e-01	2.572536726266751450e-01	1.599914227657001364e-01	7.573344520886929332e-02	3.159281707776855769e-02	8.130221736468240534e-02
1.257820255550373531e+03	2.397004470397807729e-01	1.533810373993504950e-01	2.576516031581879695e-01	1.602736027479468583e-01	7.584885111174226313e-02	3.166931568504921524e-02	8.147514285769569264e-02
1.262658025764028707e+03	2.390840157604457727e-01	1.529585334277291375e-01	2.580471580181054048e-01	1.605541365129791731e-01	7.596361732664339006e-02	3.174549903600728390e-02	8.164703991784305614e-02
1.267495795977684338e+03	2.384712498264328351e-01	1.525383344522869000e-01	2.584403533229459593e-01	1.608330329618696819e-01	7.607774755070534356e-02	3.182136712335824347e-02	8.181791476215423409e-02
1.272333566191339514e+03	2.378621255474583640e-01	1.521204294500851373e-01	2.588312050423139943e-01	1.611103009580653889e-01	7.619124545535019277e-02	3.189691996909205240e-02	8.198777357738801230e-02
1.277171336404994690e+03	2.372566194233590164e-01	1.517048074178646011e-01	2.592197290010316846e-01	1.613859493274300005e-01	7.630411468654746399e-02	3.197215762380457849e-02	8.215662251971575514e-02
1.282009106618650094e+03	2.366547081418969578e-01	1.512914573728064149e-01	2.596059408812223523e-01	1.616599868582852539e-01	7.641635886507015807e-02	3.204708016604181781e-02	8.232446771443016620e-02
1.286846876832305497e+03	2.360563685766002562e-01	1.508803683532713991e-01	2.599898562243463940e-01	1.619324223014513842e-01	7.652798158674870010e-02	3.212168770165668708e-02	8.249131525567825196e-02
1.291684647045960673e+03	2.354615777846380265e-01	1.504715294195179687e-01	2.603714904331916880e-01	1.622032643702871202e-01	7.663898642272277961e-02	3.219598036317814632e-02	8.265717120621733638e-02
1.296522417259616077e+03	2.348703130047295473e-01	1.500649296543989375e-01	2.607508587738190942e-01	1.624725217407291256e-01	7.674937691969087317e-02	3.226995830919237446e-02	8.282204159719314118e-02
1.301360187473271253e+03	2.342825516550863518e-01	1.496605581640379212e-01	2.611279763774656537e-01	1.627402030513311060e-01	7.685915660015726902e-02	3.234362172373592137e-02	8.298593242793883551e-02
1.306197957686926657e+03	2.336982713313873194e-01	1.492584040784859234e-01	2.615028582424056003e-01	1.630063169033027226e-01	7.696832896267678803e-02	3.241697081570045491e-02	8.314884966579429160e-02
1.311035727900581833e+03	2.331174498047855759e-01	1.488584565523578263e-01	2.618755192357710149e-01	1.632708718605485609e-01	7.707689748209678449e-02	3.249000581824898481e-02	8.331079924594433916e-02
1.315873498114237009e+03	2.325400650199469232e-01	1.484607047654501744e-01	2.622459740953336782e-01	1.635338764497069886e-01	7.718486560979660738e-02	3.256272698824332068e-02	8.347178707127543562e-02
1.320711268327892412e+03	2.319660950931190235e-01	1.480651379233398623e-01	2.626142374312482874e-01	1.637953391601893460e-01	7.729223677392438319e-02	3.263513460568254199e-02	8.363181901224961412e-02
1.325549038541547588e+03	2.313955183102308355e-01	1.476717452579647261e-01	2.629803237277593686e-01	1.640552684442193598e-01	7.739901437963106479e-02	3.270722897315234134e-02	8.379090090679532088e-02
1.330386808755202765e+03	2.308283131250217224e-01	1.472805160281860648e-01	2.633442473448719956e-01	1.643136727168728051e-01	7.750520180930164926e-02	3.277901041528494264e-02	8.394903856021376787e-02
1.335224578968857941e+03	2.302644581571996474e-01	1.468914395203337053e-01	2.637060225199877594e-01	1.645705603561179453e-01	7.761080242278366181e-02	3.285047927822946218e-02	8.410623774510066208e-02
1.340062349182513572e+03	2.297039321906279574e-01	1.465045050487337464e-01	2.640656633695074862e-01	1.648259397028561668e-01	7.771581955761279470e-02	3.292163592913252557e-02	8.426250420128220120e-02
1.344900119396168748e+03	2.291467141715400613e-01	1.461197019562196220e-01	2.644231838904003706e-01	1.650798190609635563e-01	7.782025652923561798e-02	3.299248075562887655e-02	8.441784363576478045e-02
1.349737889609823924e+03	2.285927832067818355e-01	1.457370196146267893e-01	2.647785979617421348e-01	1.653322066973329785e-01	7.792411663122948695e-02	3.306301416534192933e-02	8.457226172269780018e-02
1.354575659823479100e+03	2.280421185620806201e-01	1.453564474252713457e-01	2.651319193462216006e-01	1.655831108419170417e-01	7.802740313551954909e-02	3.313323658539388261e-02	8.472576410334893560e-02
1.359413430037134731e+03	2.274946996603411931e-01	1.449779748194128526e-01	2.654831616916178416e-01	1.658325396877717850e-01	7.813011929259283672e-02	3.320314846192540942e-02	8.487835638609109168e-02
1.364251200250789907e+03	2.269505060799671681e-01	1.446015912587020336e-01	2.658323385322474697e-01	1.660805013911014760e-01	7.823226833170945915e-02	3.327275025962463800e-02	8.503004414640080721e-02
1.369088970464445310e+03	2.264095175532083726e-01	1.442272862356131780e-01	2.661794632903839442e-01	1.663270040713041575e-01	7.833385346111094993e-02	3.334204246126525051e-02	8.518083292686716435e-02
1.373926740678100487e+03	2.258717139645328720e-01	1.438550492738621400e-01	2.665245492776495140e-01	1.665720558110182214e-01	7.843487786822564423e-02	3.341102556725358136e-02	8.533072823721105093e-02
1.378764510891755890e+03	2.253370753490237244e-01	1.434848699288099327e-01	2.668676096963797373e-01	1.668156646561700374e-01	7.853534471987122512e-02	3.347970009518447948e-02	8.547973555431392922e-02
1.383602281105411066e+03	2.248055818907997994e-01	1.431167377878520830e-01	2.672086576409620218e-01	1.670578386160228579e-01	7.863525716245443886e-02	3.354806657940584413e-02	8.562786032225595811e-02
1.388440051319066470e+03	2.242772139214602445e-01	1.427506424707946642e-01	2.675477060991494627e-01	1.672985856632265012e-01	7.873461832216788192e-02	3.361612557059163314e-02	8.577510795236262253e-02
1.393277821532721646e+03	2.237519519185521000e-01	1.423865736302166174e-01	2.678847679533488679e-01	1.675379137338684210e-01	7.883343130518398467e-02	3.368387763532313534e-02	8.592148382325980049e-02
1.398115591746377049e+03	2.232297765040608672e-01	1.420245209518191942e-01	2.682198559818855799e-01	1.677758307275258876e-01	7.893169919784624733e-02	3.375132335567847253e-02	8.606699328093664336e-02
1.402953361960032225e+03	2.227106684429231431e-01	1.416644741547624098e-01	2.685529828602445934e-01	1.680123445073193611e-01	7.902942506685750601e-02	3.381846332883005346e-02	8.621164163881582521e-02
1.407791132173687402e+03	2.221946086415615418e-01	1.413064229919890336e-01	2.688841611622886929e-01	1.682474628999671151e-01	7.912661195946567305e-02	3.388529816664991035e-02	8.635543417783086984e-02
1.412628902387342805e+03	2.216815781464409052e-01	1.409503572505365898e-01	2.692134033614545507e-01	1.684811936958412470e-01	7.922326290364656298e-02	3.395182849532273062e-02	8.649837614651022244e-02
1.417466672600997981e+03	2.211715581426457744e-01	1.405962667518370068e-01	2.695407218319273990e-01	1.687135446490246327e-01	7.931938090828404009e-02	3.401805495496643822e-02	8.664047276106749684e-02
1.422304442814653157e+03	2.206645299524787607e-01	1.402441413520049140e-01	2.698661288497941624e-01	1.689445234773694349e-01	7.941496896334754307e-02	3.408397819926024808e-02	8.678172920549778735e-02
1.427142213028308333e+03	2.201604750340789562e-01	1.398939709421144206e-01	2.701896365941762190e-01	1.691741378625568615e-01	7.951003004006690356e-02	3.414959889507994395e-02	8.692215063167960110e-02
1.431979983241963964e+03	2.196593749800606621e-01	1.395457454484646531e-01	2.705112571483424544e-01	1.694023954501581164e-01	7.960456709110459717e-02	3.421491772214031030e-02	8.706174215948206396e-02
1.436817753455619140e+03	2.191612115161717667e-01	1.391994548328346071e-01	2.708310025008023869e-01	1.696293038496968220e-01	7.969858305072534399e-02	3.427993537264462792e-02	8.720050887687724739e-02
1.441655523669274316e+03	2.186659664999712760e-01	1.388550890927271186e-01	2.711488845463804198e-01	1.698548706347126624e-01	7.979208083496318327e-02	3.434465255094095587e-02	8.733845584005713036e-02
1.446493293882929493e+03	2.181736219195258564e-01	1.385126382616026497e-01	2.714649150872714967e-01	1.700791033428263044e-01	7.988506334178610557e-02	3.440906997318526200e-02	8.747558807355508559e-02
1.451331064096585123e+03	2.176841598921250009e-01	1.381720924091026925e-01	2.717791058340786603e-01	1.703020094758057601e-01	7.997753345125807600e-02	3.447318836701106226e-02	8.761191057037148733e-02
1.456168834310240300e+03	2.171975626630144318e-01	1.378334416412635155e-01	2.720914684068329592e-01	1.705235964996340559e-01	8.006949402569873975e-02	3.453700847120568657e-02	8.774742829210337158e-02
1.461006604523895703e+03	2.167138126041474044e-01	1.374966761007199445e-01	2.724020143359963120e-01	1.707438718445780379e-01	8.016094790984061580e-02	3.460053103539280361e-02	8.788214616907769061e-02
1.465844374737550879e+03	2.162328922129538866e-01	1.371617859668997630e-01	2.727107550634469413e-01	1.709628429052588161e-01	8.025189793098401470e-02	3.466375681972126699e-02	8.801606910048803689e-02
1.470682144951206283e+03	2.157547841111266962e-01	1.368287614562091747e-01	2.730177019434490981e-01	1.711805170407232901e-01	8.034234689914954153e-02	3.472668659456010221e-02	8.814920195453473939e-02
1.475519915164861459e+03	2.152794710434248748e-01	1.364975928222086354e-01	2.733228662436063550e-01	1.713969015745170632e-01	8.043229760722836463e-02	3.478932114019946120e-02	8.828154956856786029e-02
1.480357685378516862e+03	2.148069358764935766e-01	1.361682703557803298e-01	2.736262591457992999e-01	1.716120037947585497e-01	8.052175283113019444e-02	3.485166124655753039e-02	8.841311674923306441e-02
1.485195455592172038e+03	2.143371615977005817e-01	1.358407843852869612e-01	2.739278917471079655e-01	1.718258309542145812e-01	8.061071532992906963e-02	3.491370771289323965e-02	8.854390827262013930e-02
1.490033225805827215e+03	2.138701313139886873e-01	1.355151252767219094e-01	2.742277750607192144e-01	1.720383902703771506e-01	8.069918784600693673e-02	3.497546134752462649e-02	8.867392888441397170e-02
1.494870996019482618e+03	2.134058282507441395e-01	1.351912834338513947e-01	2.745259200168198022e-01	1.722496889255414609e-01	8.078717310519509254e-02	3.503692296755279989e-02	8.880318330004779992e-02
1.499708766233137567e+03	2.129442357506802774e-01	1.348692492983486202e-01	2.748223374634748417e-01	1.724597340668851675e-01	8.087467381691353097e-02	3.509809339859141369e-02	8.893167620485858960e-02
1.504546536446793198e+03	2.124853372727368572e-01	1.345490133499199770e-01	2.751170381674925558e-01	1.726685328065490910e-01	8.096169267430823602e-02	3.515897347450145510e-02	8.905941225424429675e-02
1.509384306660448374e+03	2.120291163909940602e-01	1.342305661064235600e-01	2.754100328152752075e-01	1.728760922217188467e-01	8.104823235438637918e-02	3.521956403713132761e-02	8.918639607382299050e-02
1.514222076874103550e+03	2.115755567936014048e-01	1.339138981239804960e-01	2.757013320136570411e-01	1.730824193547080558e-01	8.113429551814964336e-02	3.527986593606213112e-02	8.931263225959364116e-02
1.519059847087758726e+03	2.111246422817210089e-01	1.335989999970786379e-01	2.759909462907287336e-01	1.732875212130423614e-01	8.121988481072542343e-02	3.533988002835799364e-02	8.943812537809828211e-02
1.523897617301414357e+03	2.106763567684851457e-01	1.332858623586694879e-01	2.762788860966494675e-01	1.734914047695449713e-01	8.130500286149623668e-02	3.539960717832140585e-02	8.956287996658574002e-02
1.528735387515069533e+03	2.102306842779678442e-01	1.329744758802578475e-01	2.765651618044464577e-01	1.736940769624232550e-01	8.138965228422724574e-02	3.545904825725341297e-02	8.968690053317641964e-02
1.533573157728724709e+03	2.097876089441700342e-01	1.326648312719851397e-01	2.768497837108019888e-01	1.738955446953564243e-01	8.147383567719188036e-02	3.551820414321863600e-02	8.981019155702833767e-02
1.538410927942380113e+03	2.093471150100184031e-01	1.323569192827056262e-01	2.771327620368291833e-01	1.740958148375845171e-01	8.155755562329562725e-02	3.557707572081496988e-02	8.993275748850412810e-02
1.543248698156035516e+03	2.089091868263773522e-01	1.320507307000565456e-01	2.774141069288352801e-01	1.742948942239983257e-01	8.164081469019811299e-02	3.563566388094793064e-02	9.005460274933893561e-02
1.548086468369690692e+03	2.084738088510739995e-01	1.317462563505218676e-01	2.776938284590740325e-01	1.744927896552305735e-01	8.172361543043341059e-02	3.569396952060949896e-02	9.017573173280908627e-02
1.552924238583346096e+03	2.080409656479360325e-01	1.314434870994898585e-01	2.779719366264869485e-01	1.746895078977480920e-01	8.180596038152863902e-02	3.575199354266145324e-02	9.029614880390141041e-02
