5.950457362795999643e+02	3.737909026877063168e-01	2.373104717566396904e-01	1.697450736485450751e-01	1.016548698725158045e-01	5.215081418953836090e-02	1.928105322351089321e-02	4.606681462129663673e-02
5.998835064932552541e+02	3.722944777276477879e-01	2.364968337056533865e-01	1.707800424091713565e-01	1.022707118639283458e-01	5.239163153987059368e-02	1.936703893838754090e-02	4.639926381509375947e-02
6.047212767069104302e+02	3.708091743664833073e-01	2.356858652299515799e-01	1.718047636530217193e-01	1.028828478728668061e-01	5.263169204974373766e-02	1.945361967784238824e-02	4.673203714984319052e-02
6.095590469205657200e+02	3.693348731937300955e-01	2.348775927012575482e-01	1.728194490468735189e-01	1.034913161168407175e-01	5.287096049723591373e-02	1.954077590185163138e-02	4.706503254196327951e-02
6.143968171342210098e+02	3.678714567375531708e-01	2.340720414700779295e-01	1.738243029649252369e-01	1.040961536315945651e-01	5.310940411657730925e-02	1.962848832560126419e-02	4.739815275342317696e-02
6.192345873478761860e+02	3.664188094238762794e-01	2.332692358895506746e-01	1.748195227897707260e-01	1.046973963230109494e-01	5.334699246556887792e-02	1.971673792333380332e-02	4.773130518464137328e-02
6.240723575615315895e+02	3.649768175364944689e-01	2.324691993387907052e-01	1.758052992002076265e-01	1.052950790167326012e-01	5.358369729970209605e-02	1.980550593166011814e-02	4.806440167616508191e-02
6.289101277751868793e+02	3.635453691781607710e-01	2.316719542457441050e-01	1.767818164464690645e-01	1.058892355056019613e-01	5.381949245265202353e-02	1.989477385236984239e-02	4.839735831875489197e-02
6.337478979888421691e+02	3.621243542326197939e-01	2.308775221095600849e-01	1.777492526134405726e-01	1.064798985950128757e-01	5.405435372283163425e-02	1.998452345477217187e-02	4.873009527151547088e-02
6.385856682024975726e+02	3.607136643275621890e-01	2.300859235224903820e-01	1.787077798723995803e-01	1.070671001462645683e-01	5.428825876571030662e-02	2.007473677759698261e-02	4.906253658772864040e-02
6.434234384161527487e+02	3.593131927984742902e-01	2.292971781913257789e-01	1.796575647217897864e-01	1.076508711180044070e-01	5.452118699161371401e-02	2.016539613048481255e-02	4.939461004805982547e-02
6.482612086298080385e+02	3.579228346533597782e-01	2.285113049583789302e-01	1.805987682175199671e-01	1.082312416058422988e-01	5.475311946873573365e-02	2.025648409509253622e-02	4.972624700082336341e-02
6.530989788434633283e+02	3.565424865383078346e-01	2.277283218220225725e-01	1.815315461932547059e-01	1.088082408802156231e-01	5.498403883110630774e-02	2.034798352584016312e-02	5.005738220900543545e-02
6.579367490571185044e+02	3.551720467038859685e-01	2.269482459567919996e-01	1.824560494711434389e-01	1.093818974225806290e-01	5.521392919127104948e-02	2.043987755032286927e-02	5.038795370375666327e-02
6.627745192707737942e+02	3.538114149723350921e-01	2.261710937330607407e-01	1.833724240634139191e-01	1.099522389600027239e-01	5.544277605745051574e-02	2.053214956941097624e-02	5.071790264407863985e-02
6.676122894844290840e+02	3.524604927055448034e-01	2.253968807362978777e-01	1.842808113652369129e-01	1.105192924982149744e-01	5.567056625495804545e-02	2.062478325705938489e-02	5.104717318244060553e-02
6.724500596980843738e+02	3.511191827737881743e-01	2.246256217859156912e-01	1.851813483392510951e-01	1.110830843532111950e-01	5.589728785166581115e-02	2.071776255984680154e-02	5.137571233607384630e-02
6.772878299117396637e+02	3.497873895251959464e-01	2.238573309537154610e-01	1.860741676921189858e-01	1.116436401814371315e-01	5.612293008731880639e-02	2.081107169626394277e-02	5.170346986370233378e-02
6.821256001253949535e+02	3.484650187559500956e-01	2.230920215819401642e-01	1.869593980434683667e-01	1.122009850086405774e-01	5.634748330650619919e-02	2.090469515576883625e-02	5.203039814747838221e-02
6.869633703390502433e+02	3.471519776811777258e-01	2.223297063009415098e-01	1.878371640875577397e-01	1.127551432574383644e-01	5.657093889510878687e-02	2.099861769762639482e-02	5.235645207990212435e-02
6.918011405527055331e+02	3.458481749065269173e-01	2.215703970464693584e-01	1.887075867479888758e-01	1.133061387736561398e-01	5.679328922004980851e-02	2.109282434954836208e-02	5.268158895551317694e-02
6.966389107663608229e+02	3.445535204004066543e-01	2.208141050765913271e-01	1.895707833257750385e-01	1.138539948514940142e-01	5.701452757218498923e-02	2.118730040614895394e-02	5.300576836715171353e-02
7.014766809800161127e+02	3.432679254668726809e-01	2.200608409882497118e-01	1.904268676410598993e-01	1.143987342575690930e-01	5.723464811217548326e-02	2.128203142723050778e-02	5.332895210659530094e-02
7.063144511936714025e+02	3.419913027191434085e-01	2.193106147334638045e-01	1.912759501687682495e-01	1.149403792538836455e-01	5.745364581919503583e-02	2.137700323591281218e-02	5.365110406938574522e-02
7.111522214073266923e+02	3.407235660537287214e-01	2.185634356351838226e-01	1.921181381684575751e-01	1.154789516197655824e-01	5.767151644232985930e-02	2.147220191661878760e-02	5.397219016366831129e-02
7.159899916209819821e+02	3.394646306251559165e-01	2.178193124028045546e-01	1.929535358086274244e-01	1.160144726728259690e-01	5.788825645453660879e-02	2.156761381292871677e-02	5.429217822287343842e-02
7.208277618346371582e+02	3.382144128212775658e-01	2.170782531473451071e-01	1.937822442857310978e-01	1.165469632889761659e-01	5.810386300903033069e-02	2.166322552531426901e-02	5.461103792207817192e-02
7.256655320482924481e+02	3.369728302391454822e-01	2.163402653963016620e-01	1.946043619381246093e-01	1.170764439215456892e-01	5.831833389798065509e-02	2.175902390876309142e-02	5.492874069789151215e-02
7.305033022619478515e+02	3.357398016614376868e-01	2.156053561081801850e-01	1.954199843551761573e-01	1.176029346195397451e-01	5.853166751340017210e-02	2.185499607030399680e-02	5.524525967171473040e-02
7.353410724756030277e+02	3.345152470334226136e-01	2.148735316867153300e-01	1.962292044817497416e-01	1.181264550450740192e-01	5.874386281011488575e-02	2.195112936644224785e-02	5.556056957623381476e-02
7.401788426892584312e+02	3.332990874404477277e-01	2.141447979947821711e-01	1.970321127182671495e-01	1.186470244900225957e-01	5.895491927071169758e-02	2.204741140051385065e-02	5.587464668500753684e-02
7.450166129029136073e+02	3.320912450859388465e-01	2.134191603680068994e-01	1.978287970165429066e-01	1.191646618919131456e-01	5.916483687236332584e-02	2.214383001996720127e-02	5.618746874502034139e-02
7.498543831165690108e+02	3.308916432698978394e-01	2.126966236280830314e-01	1.986193429715787939e-01	1.196793858491024820e-01	5.937361605543561155e-02	2.224037331358002384e-02	5.649901491207490190e-02
7.546921533302243006e+02	3.297002063678848849e-01	2.119771920957985722e-01	1.994038339094950374e-01	1.201912146352635963e-01	5.958125769378713743e-02	2.233702960861892392e-02	5.680926568890450057e-02
7.595299235438793630e+02	3.285168598104742377e-01	2.112608696037810152e-01	2.001823509717687299e-01	1.207001662132144992e-01	5.978776306667517304e-02	2.243378746794853079e-02	5.711820286589044948e-02
7.643676937575347665e+02	3.273415300631710156e-01	2.105476595089648684e-01	2.009549731959411334e-01	1.212062582481175099e-01	5.999313383218648349e-02	2.253063568709674086e-02	5.742580946427492533e-02
7.692054639711900563e+02	3.261741446067773498e-01	2.098375647047883708e-01	2.017217775929491530e-01	1.217095081200765677e-01	6.019737200211532774e-02	2.262756329128215102e-02	5.773206968176379517e-02
7.740432341848452324e+02	3.250146319181971832e-01	2.091305876331243929e-01	2.024828392212289219e-01	1.222099329361589631e-01	6.040047991821477502e-02	2.272455953240942045e-02	5.803696884041898568e-02
7.788810043985006359e+02	3.238629214516684507e-01	2.084267302959515733e-01	2.032382312577328265e-01	1.227075495418666201e-01	6.060246022975137453e-02	2.282161388603785868e-02	5.834049333674390381e-02
7.837187746121558121e+02	3.227189436204117023e-01	2.077259942667704917e-01	2.039880250659950045e-01	1.232023745320811603e-01	6.080331587229626661e-02	2.291871604832832615e-02	5.864263059386969068e-02
7.885565448258112156e+02	3.215826297786855137e-01	2.070283807017702649e-01	2.047322902613745998e-01	1.236944242615058281e-01	6.100305004768948741e-02	2.301585593297306512e-02	5.894336901575386589e-02
7.933943150394665054e+02	3.204539122042383559e-01	2.063338903507513644e-01	2.054710947735997884e-01	1.241837148546262731e-01	6.120166620511705013e-02	2.311302366811286702e-02	5.924269794330686706e-02
7.982320852531219089e+02	3.193327240811470458e-01	2.056425235678089047e-01	2.062045049067304514e-01	1.246702622152115331e-01	6.139916802324358464e-02	2.321020959324563565e-02	5.954060761236538990e-02
8.030698554667769713e+02	3.182189994830322832e-01	2.049542803217816733e-01	2.069325853966519912e-01	1.251540820353753969e-01	6.159555939334603047e-02	2.330740425613016947e-02	5.983708911343498665e-02
8.079076256804323748e+02	3.171126733566423384e-01	2.042691602064719558e-01	2.076553994662078684e-01	1.256351898042173398e-01	6.179084440339661227e-02	2.340459840968868790e-02	6.013213435312769056e-02
8.127453958940876646e+02	3.160136815057957294e-01	2.035871624506406796e-01	2.083730088780733070e-01	1.261136008160619881e-01	6.198502732304589369e-02	2.350178300891143240e-02	6.042573601722345950e-02
8.175831661077428407e+02	3.149219605756737872e-01	2.029082859277827611e-01	2.090854739854686450e-01	1.265893301783143354e-01	6.217811258945921821e-02	2.359894920776635374e-02	6.071788753528738203e-02
8.224209363213982442e+02	3.138374480374556685e-01	2.022325291656868473e-01	2.097928537808057825e-01	1.270623928189480445e-01	6.237010479396196128e-02	2.369608835611678593e-02	6.100858304677737876e-02
8.272587065350534203e+02	3.127600821732860470e-01	2.015598903557845323e-01	2.104952059423573774e-01	1.275328034936432375e-01	6.256100866945155103e-02	2.379319199664971934e-02	6.129781736857999042e-02
8.320964767487085965e+02	3.116898020615688769e-01	2.008903673622929043e-01	2.111925868790346383e-01	1.280005767925886384e-01	6.275082907853599123e-02	2.389025186181710503e-02	6.158558596391432854e-02
8.369342469623640000e+02	3.106265475625782924e-01	2.002239577311550334e-01	2.118850517733550376e-01	1.284657271469637485e-01	6.293957100236088897e-02	2.398725987079246627e-02	6.187188491254701217e-02
8.417720171760191761e+02	3.095702593043798689e-01	1.995606586987825060e-01	2.125726546226785196e-01	1.289282688351148509e-01	6.312723953008871070e-02	2.408420812644489900e-02	6.215671088226312757e-02
8.466097873896745796e+02	3.085208786690542548e-01	1.989004672006042251e-01	2.132554482787865913e-01	1.293882159884384431e-01	6.331383984899592587e-02	2.418108891233235538e-02	6.244006110154068367e-02
8.514475576033297557e+02	3.074783477792161213e-01	1.982433798794253355e-01	2.139334844858759299e-01	1.298455825969854482e-01	6.349937723515537702e-02	2.427789468971601819e-02	6.272193333337824916e-02
8.562853278169851592e+02	3.064426094848216042e-01	1.975893930936007403e-01	2.146068139170342615e-01	1.303003825147982797e-01	6.368385704467277586e-02	2.437461809459733758e-02	6.300232585022749743e-02
8.611230980306403353e+02	3.054136073502568549e-01	1.969385029250262931e-01	2.152754862092643995e-01	1.307526294649931087e-01	6.386728470544798808e-02	2.447125193477924301e-02	6.328123740998460589e-02
8.659608682442956251e+02	3.043912856417018697e-01	1.962907051869523245e-01	2.159395499971180077e-01	1.312023370445983828e-01	6.404966570943303183e-02	2.456778918695286251e-02	6.355866723299601062e-02
8.707986384579510286e+02	3.033755893147622174e-01	1.956459954316225880e-01	2.165990529449990099e-01	1.316495187291607805e-01	6.423100560536025572e-02	2.466422299381099484e-02	6.383461498003657753e-02
8.756364086716062047e+02	3.023664640023632222e-01	1.950043689577427297e-01	2.172540417781934907e-01	1.320941878771288991e-01	6.441130999191553574e-02	2.476054666118942746e-02	6.410908073121908413e-02
8.804741788852616082e+02	3.013638560028992774e-01	1.943658208177815316e-01	2.179045623126804609e-01	1.325363577340250010e-01	6.459058451133237178e-02	2.485675365523713418e-02	6.438206496579658433e-02
8.853119490989170117e+02	3.003677122686336798e-01	1.937303458251088406e-01	2.185506594837753336e-01	1.329760414364137278e-01	6.476883484338445685e-02	2.495283759961622327e-02	6.465356854282010290e-02
8.901497193125721878e+02	2.993779803943420470e-01	1.930979385609730425e-01	2.191923773736560166e-01	1.334132520156777468e-01	6.494606669975482027e-02	2.504879227273248618e-02	6.492359268261620187e-02
8.949874895262273640e+02	2.983946086061941561e-01	1.924685933813220784e-01	2.198297592378189724e-01	1.338480024016085457e-01	6.512228581876126909e-02	2.514461160499723361e-02	6.519213894905002971e-02
8.998252597398827675e+02	2.974175457508687614e-01	1.918423044234708608e-01	2.204628475305106805e-01	1.342803054258209228e-01	6.529749796041867116e-02	2.524028967612107488e-02	6.545920923254126833e-02
9.046630299535379436e+02	2.964467412848952876e-01	1.912190656126186161e-01	2.210916839291778291e-01	1.347101738249992242e-01	6.547170890181960856e-02	2.533582071244018866e-02	6.572480573380155844e-02
9.095008001671932334e+02	2.954821452642178992e-01	1.905988706682189004e-01	2.217163093579778976e-01	1.351376202439828755e-01	6.564492443281594314e-02	2.543119908427557765e-02	6.598893094826321915e-02
9.143385703808486369e+02	2.945237083339763973e-01	1.899817131102061185e-01	2.223367640103896814e-01	1.355626572386988971e-01	6.581715035198458519e-02	2.552641930332572376e-02	6.625158765117081239e-02
9.191763405945038130e+02	2.935713817184995578e-01	1.893675862650807673e-01	2.229530873709616168e-01	1.359852972789478143e-01	6.598839246286196392e-02	2.562147602009296962e-02	6.651277888330746346e-02
9.240141108081592165e+02	2.926251172115045818e-01	1.887564832718569563e-01	2.235653182362342395e-01	1.364055527510504018e-01	6.615865657043205894e-02	2.571636402134397370e-02	6.677250793732997236e-02
9.288518810218145063e+02	2.916848671664997172e-01	1.881483970878747303e-01	2.241734947348714702e-01	1.368234359603609507e-01	6.632794847785382364e-02	2.581107822760438791e-02	6.703077834468704199e-02
9.336896512354697961e+02	2.907505844873841672e-01	1.875433204944806365e-01	2.247776543470339505e-01	1.372389591336539427e-01	6.649627398341480256e-02	2.590561369068804243e-02	6.728759386309655921e-02
9.385274214491247449e+02	2.898222226192412876e-01	1.869412461025785344e-01	2.253778339230257943e-01	1.376521344213893217e-01	6.666363887769798102e-02	2.599996559126065837e-02	6.754295846455861396e-02
9.433651916627801484e+02	2.888997355393203570e-01	1.863421663580539789e-01	2.259740697012453947e-01	1.380629738998625233e-01	6.683004894094983495e-02	2.609412923643826543e-02	6.779687632388191332e-02
9.482029618764355519e+02	2.879830777482030868e-01	1.857460735470747026e-01	2.265663973254692931e-01	1.384714895732442885e-01	6.699550994063827036e-02	2.618810005742031738e-02	6.804935180770232961e-02
9.530407320900908417e+02	2.870722042611503211e-01	1.851529598012698619e-01	2.271548518614964762e-01	1.388776933755155596e-01	6.716002762918951707e-02	2.628187360715753679e-02	6.830038946397304356e-02
9.578785023037459041e+02	2.861670705996247621e-01	1.845628171027903219e-01	2.277394678131799688e-01	1.392815971723024848e-01	6.732360774189362351e-02	2.637544555805441948e-02	6.854999401190671471e-02
9.627162725174014213e+02	2.852676327829861691e-01	1.839756372892531189e-01	2.283202791378709795e-01	1.396832127626158326e-01	6.748625599496899108e-02	2.646881169970635717e-02	6.879817033235088863e-02
9.675540427310568248e+02	2.843738473203545336e-01	1.833914120585719287e-01	2.288973192612995533e-01	1.400825518804997838e-01	6.764797808377664978e-02	2.656196793667128450e-02	6.904492345857857205e-02
9.723918129447120009e+02	2.834856712026384007e-01	1.828101329736762370e-01	2.294706210919156275e-01	1.404796261965940707e-01	6.780877968117547672e-02	2.665491028627570147e-02	6.929025856747687839e-02
9.772295831583674044e+02	2.826030618947230622e-01	1.822317914671216788e-01	2.300402170347118358e-01	1.408744473196137936e-01	6.796866643601015556e-02	2.674763487645492183e-02	6.953418097111689622e-02
9.820673533720223531e+02	2.817259773278171231e-01	1.816563788455939077e-01	2.306061390045499870e-01	1.412670267977506611e-01	6.812764397172395292e-02	2.684013794362736724e-02	6.977669610868937611e-02
9.869051235856777566e+02	2.808543758919517797e-01	1.810838862943077165e-01	2.311684184390109253e-01	1.416573761199995951e-01	6.828571788508910889e-02	2.693241583060268507e-02	7.001780953879052638e-02
9.917428937993331601e+02	2.799882164286310315e-01	1.805143048813045992e-01	2.317270863107879220e-01	1.420455067174139774e-01	6.844289374504756995e-02	2.702446498452349896e-02	7.025752693204377619e-02
9.965806640129884499e+02	2.791274582236283885e-01	1.799476255616498377e-01	2.322821731396413070e-01	1.424314299642934212e-01	6.859917709165547217e-02	2.711628195484052858e-02	7.049585406404342003e-02
1.001418434226643626e+03	2.782720609999276840e-01	1.793838391815320843e-01	2.328337090039330481e-01	1.428151571793069841e-01	6.875457343512521302e-02	2.720786339132078707e-02	7.073279680860655727e-02
1.006256204440298802e+03	2.774219849108039426e-01	1.788229364822672696e-01	2.333817235517574307e-01	1.431966996265550962e-01	6.890908825495911660e-02	2.729920604208861332e-02	7.096836113132087842e-02
1.011093974653954206e+03	2.765771905330418612e-01	1.782649081042087802e-01	2.339262460116847964e-01	1.435760685165731743e-01	6.906272699916882196e-02	2.739030675169923379e-02	7.120255308337569700e-02
1.015931744867609382e+03	2.757376388602884032e-01	1.777097445905658490e-01	2.344673052031335803e-01	1.439532750072798351e-01	6.921549508357552338e-02	2.748116245924454165e-02	7.143537879566462523e-02
1.020769515081264785e+03	2.749032912965369557e-01	1.771574363911325722e-01	2.350049295463856880e-01	1.443283302048723460e-01	6.936739789118553934e-02	2.757177019649076702e-02	7.166684447314847217e-02
1.025607285294920075e+03	2.740741096497399387e-01	1.766079738659287468e-01	2.355391470722593139e-01	1.447012451646720876e-01	6.951844077163685243e-02	2.766212708604771225e-02	7.189695638946769218e-02
1.030445055508575479e+03	2.732500561255466476e-01	1.760613472887553044e-01	2.360699854314531609e-01	1.450720308919223045e-01	6.966862904071186025e-02	2.775223033956921229e-02	7.212572088179382279e-02
1.035282825722230655e+03	2.724310933211646635e-01	1.755175468506652847e-01	2.365974719035748297e-01	1.454406983425406974e-01	6.981796797991217385e-02	2.784207725598447647e-02	7.235314434591019750e-02
1.040120595935886058e+03	2.716171842193407793e-01	1.749765626633526805e-01	2.371216334058662278e-01	1.458072584238291058e-01	6.996646283609150863e-02	2.793166521975992342e-02	7.257923323151209416e-02
1.044958366149541234e+03	2.708082921824598865e-01	1.744383847624610406e-01	2.376424965016375457e-01	1.461717219951424451e-01	7.011411882114268468e-02	2.802099169919118615e-02	7.280399403771756206e-02
1.049796136363196410e+03	2.700043809467585487e-01	1.739030031108131091e-01	2.381600874084218444e-01	1.465340998685189244e-01	7.026094111173540602e-02	2.811005424472488509e-02	7.302743330877969896e-02
1.054633906576851814e+03	2.692054146166513728e-01	1.733704076015633866e-01	2.386744320058605262e-01	1.468944028092736276e-01	7.040693484910122424e-02	2.819885048730980809e-02	7.324955762999249553e-02
1.059471676790506763e+03	2.684113576591672379e-01	1.728405880612754464e-01	2.391855558433310658e-01	1.472526415365572883e-01	7.055210513886256418e-02	2.828737813677710197e-02	7.347037362378172620e-02
1.064309447004162394e+03	2.676221748984931592e-01	1.723135342529254488e-01	2.396934841473262745e-01	1.476088267238820917e-01	7.069645705090284171e-02	2.837563498024911479e-02	7.368988794597347569e-02
1.069147217217817570e+03	2.668378315106233467e-01	1.717892358788334628e-01	2.401982418285953658e-01	1.479629689996161679e-01	7.083999561927474542e-02	2.846361888057647935e-02	7.390810728223279336e-02
1.073984987431472746e+03	2.660582930181116246e-01	1.712676825835242889e-01	2.406998534890555375e-01	1.483150789474485254e-01	7.098272584214408709e-02	2.855132777480305639e-02	7.412503834466525887e-02
1.078822757645127922e+03	2.652835252849240488e-01	1.707488639565189203e-01	2.411983434284833971e-01	1.486651671068259795e-01	7.112465268176659805e-02	2.863875967265836972e-02	7.434068786857499223e-02
1.083660527858783553e+03	2.645134945113911118e-01	1.702327695350587256e-01	2.416937356509943347e-01	1.490132439733634628e-01	7.126578106449540928e-02	2.872591265507709254e-02	7.455506260937215524e-02
1.088498298072438729e+03	2.637481672292552592e-01	1.697193888067633216e-01	2.421860538713183075e-01	1.493593199992293563e-01	7.140611588081677286e-02	2.881278487274522085e-02	7.476816933962400491e-02
1.093336068286093905e+03	2.629875102968138867e-01	1.692087112122238057e-01	2.426753215208794223e-01	1.497034055935070052e-01	7.154566198541216504e-02	2.889937454467256597e-02	7.498001484624335078e-02
1.098173838499749309e+03	2.622314908941539291e-01	1.687007261475327591e-01	2.431615617536872775e-01	1.500455111225338090e-01	7.168442419724452286e-02	2.898567995679112233e-02	7.519060592780879571e-02
1.103011608713404712e+03	2.614800765184774334e-01	1.681954229667520229e-01	2.436447974520465076e-01	1.503856469102192450e-01	7.182240729966699044e-02	2.907169946057894597e-02	7.539994939201107027e-02
1.107849378927059888e+03	2.607332349795152826e-01	1.676927909843203834e-01	2.441250512320922716e-01	1.507238232383426302e-01	7.195961604055217675e-02	2.915743147170916927e-02	7.560805205322036759e-02
1.112687149140715292e+03	2.599909343950276286e-01	1.671928194774015275e-01	2.446023454491573212e-01	1.510600503468323974e-01	7.209605513244030095e-02	2.924287446872370771e-02	7.581492073016936339e-02
1.117524919354370468e+03	2.592531431863890345e-01	1.666954976881744321e-01	2.450767022029777809e-01	1.513943384340272480e-01	7.223172925270499034e-02	2.932802699173134992e-02	7.602056224374739712e-02
1.122362689568025871e+03	2.585198300742567179e-01	1.662008148260666063e-01	2.455481433427429971e-01	1.517266976569206227e-01	7.236664304373470469e-02	2.941288764112976600e-02	7.622498341490081819e-02
1.127200459781681047e+03	2.577909640743196173e-01	1.657087600699321539e-01	2.460166904719955361e-01	1.520571381313896575e-01	7.250080111312885711e-02	2.949745507635110828e-02	7.642819106263529227e-02
1.132038229995336451e+03	2.570665144931272295e-01	1.652193225701756030e-01	2.464823649533870176e-01	1.523856699324088460e-01	7.263420803390720215e-02	2.958172801463079468e-02	7.663019200211557136e-02
1.136876000208991627e+03	2.563464509239959943e-01	1.647324914508223881e-01	2.469451879132948113e-01	1.527123030942500737e-01	7.276686834473115872e-02	2.966570522979910390e-02	7.683099304285875841e-02
1.141713770422646803e+03	2.556307432429921200e-01	1.642482558115376245e-01	2.474051802463046734e-01	1.530370476106694411e-01	7.289878655013612430e-02	2.974938555109520738e-02	7.703060098701711156e-02
1.146551540636302207e+03	2.549193616049884592e-01	1.637666047295938676e-01	2.478623626195647356e-01	1.533599134350817350e-01	7.302996712077358676e-02	2.983276786200327393e-02	7.722902262774657134e-02
1.151389310849957155e+03	2.542122764397948820e-01	1.632875272617895501e-01	2.483167554770146501e-01	1.536809104807234649e-01	7.316041449366199323e-02	2.991585109911025150e-02	7.742626474765736122e-02
1.156227081063612786e+03	2.535094584483594815e-01	1.628110124463184316e-01	2.487683790434953024e-01	1.540000486208049912e-01	7.329013307244562625e-02	2.999863425098501721e-02	7.762233411734333066e-02
1.161064851277267962e+03	2.528108785990399454e-01	1.623370493045916685e-01	2.492172533287426439e-01	1.543173376886524950e-01	7.341912722766043287e-02	3.008111635707846551e-02	7.781723749398650192e-02
1.165902621490923138e+03	2.521165081239437611e-01	1.618656268430135048e-01	2.496633981312703365e-01	1.546327874778406497e-01	7.354740129700598761e-02	3.016329650664422227e-02	7.801098162003379521e-02
1.170740391704578315e+03	2.514263185153345348e-01	1.613967340547112217e-01	2.501068330421448715e-01	1.549464077423163832e-01	7.367495958562292335e-02	3.024517383767961337e-02	7.820357322194275429e-02
1.175578161918233945e+03	2.507402815221047576e-01	1.609303599212209279e-01	2.505475774486570217e-01	1.552582081965143690e-01	7.380180636637513614e-02	3.032674753588656541e-02	7.839501900899351061e-02
1.180415932131889122e+03	2.500583691463124092e-01	1.604664934141296351e-01	2.509856505378934566e-01	1.555681985154649394e-01	7.392794588013590351e-02	3.040801683365204622e-02	7.858532567216389153e-02
1.185253702345544298e+03	2.493805536397804279e-01	1.600051234966749503e-01	2.514210713002116848e-01	1.558763883348947832e-01	7.405338233607748621e-02	3.048898100904774353e-02	7.877449988306522988e-02
1.190091472559199701e+03	2.487068075007578816e-01	1.595462391253028023e-01	2.518538585326220436e-01	1.561827872513212034e-01	7.417811991196349153e-02	3.056963938484863127e-02	7.896254829293622435e-02
1.194929242772855105e+03	2.480371034706414235e-01	1.590898292511850054e-01	2.522840308420798983e-01	1.564874048221400471e-01	7.430216275444362362e-02	3.064999132757009054e-02	7.914947753169214451e-02
1.199767012986510281e+03	2.473714145307557566e-01	1.586358828216967443e-01	2.527116066486908008e-01	1.567902505657080559e-01	7.442551497935015470e-02	3.073003624652326238e-02	7.933529420702746526e-02
1.204604783200165684e+03	2.467097138991919125e-01	1.581843887818550065e-01	2.531366041888321594e-01	1.570913339614201376e-01	7.454818067199567300e-02	3.080977359288829612e-02	7.952000490356904427e-02
1.209442553413820860e+03	2.460519750277021800e-01	1.577353360757193512e-01	2.535590415181937507e-01	1.573906644497815865e-01	7.467016388747185762e-02	3.088920285880519465e-02	7.970361618207826016e-02
1.214280323627476264e+03	2.453981715986505718e-01	1.572887136477550407e-01	2.539789365147404054e-01	1.576882514324761397e-01	7.479146865094850327e-02	3.096832357648190981e-02	7.988613457869958578e-02
1.219118093841131440e+03	2.447482775220174156e-01	1.568445104441602012e-01	2.543963068815988104e-01	1.579841042724297873e-01	7.491209895797290574e-02	3.104713531731943463e-02	8.006756660425366767e-02
1.223955864054786844e+03	2.441022669324572070e-01	1.564027154141570397e-01	2.548111701498714243e-01	1.582782322938710018e-01	7.503205877476878949e-02	3.112563769105351416e-02	8.024791874357320443e-02
1.228793634268442020e+03	2.434601141864088103e-01	1.559633175112484782e-01	2.552235436813801162e-01	1.585706447823877485e-01	7.515135203853481882e-02	3.120383034491272869e-02	8.042719745487945937e-02
1.233631404482097196e+03	2.428217938592562020e-01	1.555263056944408140e-01	2.556334446713411923e-01	1.588613509849812200e-01	7.526998265774217933e-02	3.128171296279263353e-02	8.060540916919786691e-02
1.238469174695752372e+03	2.421872807425396457e-01	1.550916689294328799e-01	2.560408901509749202e-01	1.591503601101170451e-01	7.538795451243111845e-02	3.135928526444567432e-02	8.078256028981083137e-02
1.243306944909407548e+03	2.415565498412156065e-01	1.546593961897729241e-01	2.564458969900507146e-01	1.594376813277740002e-01	7.550527145450602884e-02	3.143654700468653806e-02	8.095865719174635822e-02
1.248144715123063179e+03	2.409295763709645433e-01	1.542294764579836275e-01	2.568484818993710395e-01	1.597233237694904995e-01	7.562193730802900526e-02	3.151349797261276259e-02	8.113370622130067211e-02
1.252982485336718355e+03	2.403063357555459412e-01	1.538018987266558946e-01	2.572486614331958577e-01	1.600072965284092819e-01	7.573795586951155567e-02	3.159013799084021967e-02	8.130771369559343376e-02
1.257820255550373531e+03	2.396868036241990574e-01	1.533766519995125033e-01	2.576464519916085716e-01	1.602896086593202374e-01	7.585333090820430002e-02	3.166646691475324266e-02	8.148068590215422347e-02
1.262658025764028707e+03	2.390709558090890752e-01	1.529537252924418611e-01	2.580418698228267305e-01	1.605702691787020686e-01	7.596806616638458742e-02	3.174248463176915225e-02	8.165262909853868156e-02
1.267495795977684338e+03	2.384587683427970839e-01	1.525331076345027015e-01	2.584349310254580590e-01	1.608492870647623973e-01	7.608216535964171245e-02	3.181819106061686137e-02	8.182354951197323700e-02
1.272333566191339514e+03	2.378502174558536353e-01	1.521147880689006082e-01	2.588256515507046385e-01	1.611266712574771220e-01	7.619563217715970282e-02	3.189358615062937163e-02	8.199345333902695321e-02
1.277171336404994690e+03	2.372452795743143772e-01	1.516987556539363957e-01	2.592140472045158517e-01	1.614024306586287483e-01	7.630847028199752580e-02	3.196866988104977991e-02	8.216234674530933924e-02
1.282009106618650094e+03	2.366439313173775150e-01	1.512849994639277884e-01	2.596001336496921996e-01	1.616765741318441085e-01	7.642068331136653292e-02	3.204344226035072546e-02	8.233023586519305770e-02
1.286846876832305497e+03	2.360461494950418515e-01	1.508735085901042883e-01	2.599839264079419343e-01	1.619491105026316102e-01	7.653227487690517084e-02	3.211790332556686139e-02	8.249712680156028044e-02
1.291684647045960673e+03	2.354519111058046010e-01	1.504642721414761186e-01	2.603654408618906180e-01	1.622200485584180674e-01	7.664324856495075000e-02	3.219205314164017701e-02	8.266302562557162337e-02
1.296522417259616077e+03	2.348611933343985048e-01	1.500572792456780491e-01	2.607446922570468839e-01	1.624893970485855044e-01	7.675360793680824356e-02	3.226589180077796271e-02	8.282793837645677226e-02
1.301360187473271253e+03	2.342739735495669717e-01	1.496525190497882130e-01	2.611216957037242881e-01	1.627571646845076270e-01	7.686335652901603310e-02	3.233941942182309848e-02	8.299187106132566161e-02
1.306197957686926657e+03	2.336902293018769394e-01	1.492499807211228324e-01	2.614964661789209166e-01	1.630233601395867093e-01	7.697249785360862906e-02	3.241263614963656170e-02	8.315482965499930434e-02
1.311035727900581833e+03	2.331099383215683718e-01	1.488496534480072409e-01	2.618690185281585814e-01	1.632879920492904258e-01	7.708103539837608820e-02	3.248554215449174498e-02	8.331682009985945381e-02
1.315873498114237009e+03	2.325330785164398950e-01	1.484515264405238122e-01	2.622393674672820474e-01	1.635510690111890708e-01	7.718897262712037799e-02	3.255813763148056317e-02	8.347784830571611248e-02
1.320711268327892412e+03	2.319596279697696273e-01	1.480555889312372420e-01	2.626075275842202905e-01	1.638125995849932515e-01	7.729631297990836869e-02	3.263042279993097483e-02	8.363792014969212429e-02
1.325549038541547588e+03	2.313895649382707032e-01	1.476618301758978735e-01	2.629735133407098413e-01	1.640725922925919400e-01	7.740305987332168902e-02	3.270239790283578640e-02	8.379704147612404563e-02
1.330386808755202765e+03	2.308228678500807429e-01	1.472702394541233195e-01	2.633373390739823794e-01	1.643310556180913040e-01	7.750921670070325120e-02	3.277406320629247527e-02	8.395521809647847611e-02
1.335224578968857941e+03	2.302595153027843788e-01	1.468808060700588225e-01	2.636990189984169675e-01	1.645879980078542026e-01	7.761478683240041754e-02	3.284541899895389999e-02	8.411245578928321087e-02
1.340062349182513572e+03	2.296994860614685607e-01	1.464935193530175206e-01	2.640585672071584233e-01	1.648434278705403488e-01	7.771977361600496126e-02	3.291646559148957846e-02	8.426876030007242335e-02
1.344900119396168748e+03	2.291427590568098360e-01	1.461083686581000629e-01	2.644159976737021078e-01	1.650973535771473599e-01	7.782418037658961341e-02	3.298720331605747846e-02	8.442413734134530945e-02
1.349737889609823924e+03	2.285893133831926050e-01	1.457253433667947407e-01	2.647713242534468492e-01	1.653497834610527795e-01	7.792801041694139008e-02	3.305763252578596684e-02	8.457859259253741602e-02
1.354575659823479100e+03	2.280391282968584621e-01	1.453444328875584945e-01	2.651245606852162262e-01	1.656007258180570152e-01	7.803126701779151964e-02	3.312775359426586158e-02	8.473213170000415406e-02
1.359413430037134731e+03	2.274921832140853195e-01	1.449656266563789375e-01	2.654757205927498198e-01	1.658501889064273038e-01	7.813395343804213633e-02	3.319756691505232338e-02	8.488476027701584437e-02
1.364251200250789907e+03	2.269484577093962563e-01	1.445889141373181974e-01	2.658248174861645996e-01	1.660981809469428416e-01	7.823607291498962946e-02	3.326707290117639215e-02	8.503648390376374044e-02
1.369088970464445310e+03	2.264079315137971227e-01	1.442142848230388019e-01	2.661718647633876111e-01	1.663447101229407477e-01	7.833762866454481444e-02	3.333627198466604380e-02	8.518730812737645985e-02
1.373926740678100487e+03	2.258705845130424827e-01	1.438417282353118831e-01	2.665168757115607412e-01	1.665897845803637201e-01	7.843862388144974551e-02	3.340516461607655196e-02	8.533723846194637974e-02
1.378764510891755890e+03	2.253363967459294237e-01	1.434712339255084790e-01	2.668598635084183934e-01	1.668334124278084418e-01	7.853906173949133651e-02	3.347375126402996753e-02	8.548628038856546929e-02
1.383602281105411066e+03	2.248053484026185656e-01	1.431027914750741536e-01	2.672008412236381303e-01	1.670756017365753188e-01	7.863894539171180365e-02	3.354203241476355624e-02	8.563443935536996232e-02
1.388440051319066470e+03	2.242774198229817162e-01	1.427363904959869922e-01	2.675398218201664458e-01	1.673163605407197718e-01	7.873827797061590250e-02	3.361000857168705558e-02	8.578172077759359249e-02
1.393277821532721646e+03	2.237525914949760053e-01	1.423720206311998859e-01	2.678768181555187256e-01	1.675556968371044175e-01	7.883706258837500092e-02	3.367768025494850131e-02	8.592813003762889146e-02
1.398115591746377049e+03	2.232308440530431926e-01	1.420096715550673849e-01	2.682118429830551709e-01	1.677936185854528861e-01	7.893530233702811261e-02	3.374504800100858876e-02	8.607367248509605051e-02
1.402953361960032225e+03	2.227121582765346497e-01	1.416493329737569806e-01	2.685449089532327971e-01	1.680301337084049440e-01	7.903300028867971116e-02	3.381211236222327055e-02	8.621835343691902631e-02
1.407791132173687402e+03	2.221965150881608231e-01	1.412909946256456495e-01	2.688760286148343392e-01	1.682652500915727822e-01	7.913015949569460195e-02	3.387887390643454927e-02	8.636217817740851621e-02
1.412628902387342805e+03	2.216838955524648158e-01	1.409346462817022416e-01	2.692052144161747873e-01	1.684989755835990255e-01	7.922678299088979637e-02	3.394533321656921510e-02	8.650515195835137283e-02
1.417466672600997981e+03	2.211742808743199784e-01	1.405802777458551311e-01	2.695324787062856609e-01	1.687313179962156295e-01	7.932287378772331921e-02	3.401149089024545907e-02	8.664727999910613876e-02
1.422304442814653157e+03	2.206676523974504811e-01	1.402278788553463773e-01	2.698578337360779122e-01	1.689622851043048601e-01	7.941843488048010158e-02	3.407734753938717470e-02	8.678856748670439603e-02
1.427142213028308333e+03	2.201639916029750066e-01	1.398774394810725075e-01	2.701812916594844016e-01	1.691918846459611048e-01	7.951346924445505671e-02	3.414290378984577434e-02	8.692901957595754181e-02
1.431979983241963964e+03	2.196632801079726749e-01	1.395289495279116720e-01	2.705028645345813887e-01	1.694201243225542663e-01	7.960797983613319972e-02	3.420816028102945799e-02	8.706864138956872667e-02
1.436817753455619140e+03	2.191654996640710340e-01	1.391823989350383095e-01	2.708225643246908176e-01	1.696470117987948223e-01	7.970196959336703357e-02	3.427311766553969852e-02	8.720743801824965002e-02
1.441655523669274316e+03	2.186706321560555333e-01	1.388377776762250715e-01	2.711404028994629511e-01	1.698725547028000216e-01	7.979544143555104829e-02	3.433777660881488086e-02	8.734541452084192137e-02
1.446493293882929493e+03	2.181786596005001744e-01	1.384950757601325633e-01	2.714563920359399085e-01	1.700967606261615250e-01	7.988839826379361131e-02	3.440213778878094958e-02	8.748257592444269592e-02
1.451331064096585123e+03	2.176895641444189233e-01	1.381542832305869828e-01	2.717705434196014957e-01	1.703196371240146278e-01	7.998084296108615154e-02	3.446620189550885643e-02	8.761892722453443194e-02
1.456168834310240300e+03	2.172033280639373565e-01	1.378153901668461301e-01	2.720828686453926060e-01	1.705411917151087309e-01	8.007277839246954021e-02	3.452996963087881510e-02	8.775447338511832562e-02
1.461006604523895703e+03	2.167199337629844569e-01	1.374783866838540647e-01	2.723933792187330227e-01	1.707614318818793941e-01	8.016420740519811239e-02	3.459344170825107145e-02	8.788921933885138205e-02
1.465844374737550879e+03	2.162393637720038397e-01	1.371432629324845498e-01	2.727020865565104035e-01	1.709803650705216393e-01	8.025513282890092692e-02	3.465661885214326582e-02	8.802316998718684449e-02
1.470682144951206283e+03	2.157616007466841568e-01	1.368100090997735885e-01	2.730090019880567764e-01	1.711979986910646956e-01	8.034555747574065321e-02	3.471950179791403329e-02	8.815633020051759361e-02
1.475519915164861459e+03	2.152866274667085134e-01	1.364786154091414405e-01	2.733141367561079949e-01	1.714143401174481884e-01	8.043548414056982121e-02	3.478209129145290457e-02	8.828870481832262751e-02
1.480357685378516862e+03	2.148144268345222041e-01	1.361490721206042032e-01	2.736175020177480932e-01	1.716293966875996335e-01	8.052491560108483715e-02	3.484438808887634076e-02	8.842029864931613692e-02
1.485195455592172038e+03	2.143449818741186286e-01	1.358213695309754554e-01	2.739191088453377665e-01	1.718431757035132901e-01	8.061385461797740404e-02	3.490639295622972177e-02	8.855111647159916166e-02
1.490033225805827215e+03	2.138782757298431370e-01	1.354954979740577437e-01	2.742189682274275286e-01	1.720556844313304579e-01	8.070230393508381894e-02	3.496810666919526051e-02	8.868116303281345369e-02
1.494870996019482618e+03	2.134142916652142508e-01	1.351714478208247416e-01	2.745170910696562716e-01	1.722669301014209398e-01	8.079026627953177220e-02	3.502953001280567635e-02	8.881044305029772712e-02
1.499708766233137567e+03	2.129530130617618977e-01	1.348492094795938068e-01	2.748134881956353914e-01	1.724769199084660587e-01	8.087774436188498173e-02	3.509066378116354468e-02	8.893896121124571230e-02
1.504546536446793198e+03	2.124944234178826885e-01	1.345287733961895715e-01	2.751081703478184259e-01	1.726856610115427848e-01	8.096474087628559302e-02	3.515150877716622518e-02	8.906672217286609738e-02
1.509384306660448374e+03	2.120385063477115140e-01	1.342101300540984310e-01	2.754011481883572587e-01	1.728931605342091671e-01	8.105125850059444192e-02	3.521206581223623733e-02	8.919373056254427390e-02
1.514222076874103550e+03	2.115852455800095733e-01	1.338932699746145094e-01	2.756924322999444454e-01	1.730994255645912638e-01	8.113729989652911090e-02	3.527233570605695784e-02	8.931999097800545628e-02
1.519059847087758726e+03	2.111346249570680289e-01	1.335781837169769115e-01	2.759820331866424392e-01	1.733044631554709891e-01	8.122286770979990356e-02	3.533231928631365426e-02	8.944550798747932796e-02
1.523897617301414357e+03	2.106866284336274542e-01	1.332648618784988692e-01	2.762699612747001043e-01	1.735082803243754301e-01	8.130796457024384860e-02	3.539201738843959083e-02	8.957028612986593641e-02
1.528735387515069533e+03	2.102412400758125743e-01	1.329532950946886727e-01	2.765562269133561846e-01	1.737108840536673027e-01	8.139259309195659431e-02	3.545143085536724137e-02	8.969432991490271234e-02
1.533573157728724709e+03	2.097984440600818845e-01	1.326434740393629130e-01	2.768408403756305036e-01	1.739122812906366278e-01	8.147675587342234627e-02	3.551056053728444267e-02	8.981764382333258523e-02
1.538410927942380113e+03	2.093582246721923390e-01	1.323353894247517315e-01	2.771238118591032862e-01	1.741124789475935464e-01	8.156045549764194547e-02	3.556940729139543983e-02	8.994023230707297312e-02
1.543248698156035516e+03	2.089205663061781681e-01	1.320290320015969632e-01	2.774051514866825441e-01	1.743114839019624662e-01	8.164369453225894802e-02	3.562797198168671242e-02	9.006209978938556349e-02
1.548086468369690692e+03	2.084854534633442114e-01	1.317243925592426479e-01	2.776848693073593610e-01	1.745093029963769304e-01	8.172647552968388684e-02	3.568625547869744286e-02	9.018325066504689902e-02
1.552924238583346096e+03	2.080528707512730724e-01	1.314214619257186301e-01	2.779629752969526302e-01	1.747059430387761236e-01	8.180880102721677094e-02	3.574425865929465457e-02	9.030368930051943521e-02
1.557762008797001272e+03	2.076228028828459304e-01	1.311202309678171085e-01	2.782394793588423565e-01	1.749014108025021552e-01	8.189067354716768332e-02	3.580198240645282581e-02	9.042342003412325024e-02
