5.998835064932552541e+02	3.723769552071520272e-01	2.363857578179729690e-01	1.708146248858412319e-01	1.022592359929088840e-01	5.229725147381539957e-02	1.950285280278455172e-02	4.636332181927523000e-02
6.047212767069104302e+02	3.708869769357036605e-01	2.355790276568238140e-01	1.718365213847720951e-01	1.028714783830965429e-01	5.254092374869611531e-02	1.958624035576426309e-02	4.669883153489373662e-02
6.095590469205657200e+02	3.694081617066695689e-01	2.347748517256982581e-01	1.728485855956193307e-01	1.034800697510964013e-01	5.278365559921509298e-02	1.967027726628978526e-02	4.703439835516184248e-02
6.143968171342210098e+02	3.679403875092238652e-01	2.339732595227764222e-01	1.738510095499511965e-01	1.040850457830075904e-01	5.302542131223233340e-02	1.975494220785343688e-02	4.736993411470543508e-02
6.192345873478761860e+02	3.664835343433862636e-01	2.331742794367544225e-01	1.748439789647810161e-01	1.046864411133494321e-01	5.326619713677736151e-02	1.984021418643903620e-02	4.770535481826265051e-02
6.240723575615315895e+02	3.650374841776810042e-01	2.323779387730779133e-01	1.758276734951116915e-01	1.052842893705309840e-01	5.350596117705874732e-02	1.992607254058543706e-02	4.804058046570443968e-02
6.289101277751868793e+02	3.636021209078092453e-01	2.315842637796114989e-01	1.768022669756892651e-01	1.058786232203504374e-01	5.374469329086348224e-02	2.001249694110726271e-02	4.837553488431909493e-02
6.337478979888421691e+02	3.621773303163086655e-01	2.307932796717554469e-01	1.777679276524396501e-01	1.064694744076083721e-01	5.398237499308484316e-02	2.009946739049661008e-02	4.871014556805673690e-02
6.385856682024975726e+02	3.607630000331730202e-01	2.300050106570215858e-01	1.787248184040403642e-01	1.070568737959149419e-01	5.421898936412967995e-02	2.018696422202821347e-02	4.904434352344253650e-02
6.434234384161527487e+02	3.593590194974078944e-01	2.292194799590786258e-01	1.796730969540590861e-01	1.076408514057677901e-01	5.445452096296785754e-02	2.027496809858925567e-02	4.937806312187985325e-02
6.482612086298080385e+02	3.579652799194960044e-01	2.284367098412788677e-01	1.806129160740728157e-01	1.082214364509744425e-01	5.468895574459805425e-02	2.036346001125391436e-02	4.971124195807627433e-02
6.530989788434633283e+02	3.565816742447500687e-01	2.276567216296762619e-01	1.815444237781617953e-01	1.087986573734894269e-01	5.492228098171444278e-02	2.045242127762157691e-02	5.004382071433678691e-02
6.579367490571185044e+02	3.552080971175293755e-01	2.268795357355466169e-01	1.824677635091553063e-01	1.093725418767337865e-01	5.515448519036946634e-02	2.054183353993663599e-02	5.037574303047918922e-02
6.627745192707737942e+02	3.538444448462967351e-01	2.261051716774203635e-01	1.833830743169904409e-01	1.099431169574615064e-01	5.538555805943742166e-02	2.063167876300675205e-02	5.070695537913711554e-02
6.676122894844290840e+02	3.524906153694957744e-01	2.253336481026378679e-01	1.842904910295275478e-01	1.105104089362347608e-01	5.561549038369284492e-02	2.072193923193555234e-02	5.103740694622601465e-02
6.724500596980843738e+02	3.511465082222252065e-01	2.245649828084370636e-01	1.851901444161525023e-01	1.110744434865672675e-01	5.584427400032673794e-02	2.081259754968477552e-02	5.136704951635683719e-02
6.772878299117396637e+02	3.498120245036914766e-01	2.237991927625834210e-01	1.860821613444794409e-01	1.116352456627925788e-01	5.607190172873194323e-02	2.090363663448008280e-02	5.169583736299143695e-02
6.821256001253949535e+02	3.484870668454185250e-01	2.230362941235516372e-01	1.869666649304557171e-01	1.121928399267114601e-01	5.629836731339708800e-02	2.099503971707391420e-02	5.202372714314207336e-02
6.869633703390502433e+02	3.471715393801954042e-01	2.222763022602680660e-01	1.878437746821558507e-01	1.127472501730707732e-01	5.652366536975624023e-02	2.108679033787800444e-02	5.235067779642604835e-02
6.918011405527055331e+02	3.458653477117434316e-01	2.215192317714236858e-01	1.887136066375395271e-01	1.132984997539234068e-01	5.674779133284866411e-02	2.117887234397739654e-02	5.267665044829427518e-02
6.966389107663608229e+02	3.445683988850839485e-01	2.207650965043658764e-01	1.895762734964359097e-01	1.138466115019171748e-01	5.697074140865007047e-02	2.127126988603720084e-02	5.300160831726020982e-02
7.014766809800161127e+02	3.432806013575887549e-01	2.200139095735784700e-01	1.904318847470058140e-01	1.143916077525583691e-01	5.719251252794338436e-02	2.136396741511259120e-02	5.332551662596297232e-02
7.063144511936714025e+02	3.420018649706969005e-01	2.192656833787578474e-01	1.912805467869209131e-01	1.149335103654939017e-01	5.741310230260335962e-02	2.145694967937194012e-02	5.364834251590543113e-02
7.111522214073266923e+02	3.407321009222796793e-01	2.185204296224944887e-01	1.921223630394897908e-01	1.154723407448537409e-01	5.763250898417550394e-02	2.155020172074244289e-02	5.397005496571465055e-02
7.159899916209819821e+02	3.394712217396382847e-01	2.177781593275673055e-01	1.929574340649498343e-01	1.160081198586941226e-01	5.785073142463534324e-02	2.164370887148694966e-02	5.429062471277855406e-02
7.208277618346371582e+02	3.382191412531179164e-01	2.170388828538595827e-01	1.937858576671343258e-01	1.165408682575797411e-01	5.806776903921972988e-02	2.173745675072023126e-02	5.461002417811887388e-02
7.256655320482924481e+02	3.369757745703232943e-01	2.163026099149041870e-01	1.946077289957153511e-01	1.170706060923420583e-01	5.828362177122695109e-02	2.183143126087245048e-02	5.492822739436614699e-02
7.305033022619478515e+02	3.357410380509197045e-01	2.155693495940655124e-01	1.954231406442135943e-01	1.175973531310487707e-01	5.849829005868750764e-02	2.192561858410701364e-02	5.524520993670835323e-02
7.353410724756030277e+02	3.345148492820058661e-01	2.148391103603665142e-01	1.962321827439580113e-01	1.181211287752184369e-01	5.871177480281205424e-02	2.202000517869964064e-02	5.556094885668997480e-02
7.401788426892584312e+02	3.332971270540436293e-01	2.141119000839674658e-01	1.970349430541706581e-01	1.186419520753126122e-01	5.892407733812758674e-02	2.211457777538499564e-02	5.587542261874353655e-02
7.450166129029136073e+02	3.320877913373316281e-01	2.133877260513044605e-01	1.978315070483433746e-01	1.191598417455364128e-01	5.913519940421718690e-02	2.220932337367688067e-02	5.618861103934061352e-02
7.498543831165690108e+02	3.308867632590080099e-01	2.126665949798942357e-01	1.986219579970666671e-01	1.196748161779773167e-01	5.934514311898281269e-02	2.230422923816749448e-02	5.650049522865401713e-02
7.546921533302243006e+02	3.296939650805707500e-01	2.119485130328129519e-01	1.994063770474634456e-01	1.201868934561105828e-01	5.955391095335447332e-02	2.239928289481105464e-02	5.681105753462730584e-02
7.595299235438793630e+02	3.285093201759016757e-01	2.112334858328551723e-01	2.001848432993733606e-01	1.206960913676986963e-01	5.976150570737288892e-02	2.249447212719659500e-02	5.712028148935224120e-02
7.643676937575347665e+02	3.273327530097821514e-01	2.105215184763802316e-01	2.009574338784279324e-01	1.212024274171106392e-01	5.996793048757618344e-02	2.258978497281450420e-02	5.742815175765891844e-02
7.692054639711900563e+02	3.261641891168890472e-01	2.098126155468524601e-01	2.017242240061498659e-01	1.217059188370863132e-01	6.017318868562462897e-02	2.268520971932106237e-02	5.773465408782716551e-02
7.740432341848452324e+02	3.250035550812576668e-01	2.091067811280816757e-01	2.024852870672039507e-01	1.222065825999698319e-01	6.037728395810068593e-02	2.278073490080488248e-02	5.803977526433185680e-02
7.788810043985006359e+02	3.238507785162020314e-01	2.084040188171703556e-01	2.032406946739219178e-01	1.227044354284346495e-01	6.058022020742454689e-02	2.287634929405897230e-02	5.834350306253811153e-02
7.837187746121558121e+02	3.227057880446801419e-01	2.077043317371735365e-01	2.039905167282179410e-01	1.231994938057226346e-01	6.078200156382831260e-02	2.297204191486180644e-02	5.864582620526618412e-02
7.885565448258112156e+02	3.215685132800942259e-01	2.070077225494779960e-01	2.047348214810061351e-01	1.236917739854179049e-01	6.098263236833488532e-02	2.306780201427059349e-02	5.894673432114890671e-02
7.933943150394665054e+02	3.204388848075145901e-01	2.063141934659057375e-01	2.054736755892270228e-01	1.241812920007756560e-01	6.118211715669005790e-02	2.316361907492964223e-02	5.924621790470792349e-02
7.982320852531219089e+02	3.193168341653180309e-01	2.056237462605487731e-01	2.062071441705849162e-01	1.246680636736253456e-01	6.138046064419894199e-02	2.325948280739660243e-02	5.954426827807803718e-02
8.030698554667769713e+02	3.182022938272293100e-01	2.049363822813400349e-01	2.069352908560936066e-01	1.251521046228666612e-01	6.157766771142026557e-02	2.335538314648902616e-02	5.984087755431171524e-02
8.079076256804323748e+02	3.170951971847575934e-01	2.042521024613662417e-01	2.076581778405239831e-01	1.256334302725758689e-01	6.177374339067436687e-02	2.345131024765361588e-02	6.013603860219898789e-02
8.127453958940876646e+02	3.159954785300169156e-01	2.035709073299285243e-01	2.083758659308424521e-01	1.261120558597396135e-01	6.196869285332272381e-02	2.354725448336026164e-02	6.042974501254021885e-02
8.175831661077428407e+02	3.149030730389227872e-01	2.028927970233556366e-01	2.090884145927256743e-01	1.265879964416323500e-01	6.216252139777919683e-02	2.364320643952285902e-02	6.072199106581225442e-02
8.224209363213982442e+02	3.138179167547547888e-01	2.022177712955756101e-01	2.097958819952331355e-01	1.270612669028530206e-01	6.235523443821493900e-02	2.373915691194865285e-02	6.101277170117061499e-02
8.272587065350534203e+02	3.127399465720775429e-01	2.015458295284502099e-01	2.104983250537156847e-01	1.275318819620357425e-01	6.254683749392081493e-02	2.383509690281779975e-02	6.130208248673293253e-02
8.320964767487085965e+02	3.116691002210105754e-01	2.008769707418783246e-01	2.111957994710344233e-01	1.279998561782486333e-01	6.273733617929318218e-02	2.393101761719462067e-02	6.158991959109098857e-02
8.369342469623640000e+02	3.106053162518392918e-01	2.002111936036719275e-01	2.118883597771614724e-01	1.284652039570950421e-01	6.292673619441004063e-02	2.402691045957188257e-02	6.187627975600105967e-02
8.417720171760191761e+02	3.095485340199590207e-01	1.995484964392107430e-01	2.125760593672310350e-01	1.289279395565293418e-01	6.311504331616700492e-02	2.412276703044939283e-02	6.216116027020414381e-02
8.466097873896745796e+02	3.084986936711441863e-01	1.988888772408792527e-01	2.132589505381056183e-01	1.293880770924006329e-01	6.330226338994328350e-02	2.421857912294797174e-02	6.244455894432983378e-02
8.514475576033297557e+02	3.074557361271345046e-01	1.982323336772913447e-01	2.139370845235202268e-01	1.298456305437357128e-01	6.348840232176981846e-02	2.431433871945980554e-02	6.272647408683941495e-02
8.562853278169851592e+02	3.064196030715318209e-01	1.975788631023070174e-01	2.146105115278640896e-01	1.303006137577732981e-01	6.367346607097291999e-02	2.441003798833607172e-02	6.300690448096558927e-02
8.611230980306403353e+02	3.053902369359990376e-01	1.969284625638454689e-01	2.152792807586571822e-01	1.307530404547601888e-01	6.385746064326820737e-02	2.450566928061263805e-02	6.328584936260804594e-02
8.659608682442956251e+02	3.043675808867549737e-01	1.962811288124989006e-01	2.159434404577759981e-01	1.312029242325198075e-01	6.404039208428073671e-02	2.460122512677452924e-02	6.356330839914578479e-02
8.707986384579510286e+02	3.033515788113576028e-01	1.956368583099514502e-01	2.166030379314811127e-01	1.316502785708036083e-01	6.422226647346861161e-02	2.469669823355970587e-02	6.383928166912855584e-02
8.756364086716062047e+02	3.023421753057697892e-01	1.949956472372073868e-01	2.172581195792961661e-01	1.320951168354345395e-01	6.440308991842833009e-02	2.479208148080279742e-02	6.411376964281165214e-02
8.804741788852616082e+02	3.013393156616995250e-01	1.943574915026325123e-01	2.179087309217866419e-01	1.325374522822521106e-01	6.458286854956138412e-02	2.488736791831908796e-02	6.438677316349941671e-02
8.853119490989170117e+02	3.003429458542101194e-01	1.937223867498129859e-01	2.185549166272836297e-01	1.329772980608678323e-01	6.476160851508243332e-02	2.498255076282925036e-02	6.465829342966442073e-02
8.901497193125721878e+02	2.993530125295924549e-01	1.930903283652352920e-01	2.191967205375970618e-01	1.334146672182393578e-01	6.493931597635074771e-02	2.507762339492506168e-02	6.492833197781062993e-02
8.949874895262273640e+02	2.983694629934943721e-01	1.924613114857914031e-01	2.198341856927595594e-01	1.338495727020716231e-01	6.511599710350705894e-02	2.517257935607635291e-02	6.519689066605022232e-02
8.998252597398827675e+02	2.973922451993001315e-01	1.918353310061126638e-01	2.204673543548416326e-01	1.342820273640527029e-01	6.529165807139920841e-02	2.526741234567938740e-02	6.546397165836484455e-02
9.046630299535379436e+02	2.964213077367557347e-01	1.912123815857361964e-01	2.210962680308761752e-01	1.347120439629316824e-01	6.546630505578082682e-02	2.536211621814677200e-02	6.572957740952325989e-02
9.095008001671932334e+02	2.954565998208324995e-01	1.905924576561074946e-01	2.217209674949292275e-01	1.351396351674458707e-01	6.563994422976777987e-02	2.545668498003897731e-02	6.599371065062885344e-02
9.143385703808486369e+02	2.944980712808253909e-01	1.899755534274225055e-01	2.223414928093520038e-01	1.355648135591039638e-01	6.581258176053825237e-02	2.555111278723751558e-02	6.625637437527101548e-02
9.191763405945038130e+02	2.935456725496792818e-01	1.893616628953129766e-01	2.229578833452479647e-01	1.359875916348319003e-01	6.598422380626285666e-02	2.564539394215970339e-02	6.651757182625590847e-02
9.240141108081592165e+02	2.925993546535386458e-01	1.887507798473781750e-01	2.235701778021867148e-01	1.364079818094872110e-01	6.615487651325192842e-02	2.573952289101499522e-02	6.677730648289292859e-02
9.288518810218145063e+02	2.916590692015149089e-01	1.881428978695663945e-01	2.241784142271960600e-01	1.368259964182485799e-01	6.632454601330770028e-02	2.583349422110276655e-02	6.703558204881418514e-02
9.336896512354697961e+02	2.907247683756676859e-01	1.875380103524093844e-01	2.247826300330612592e-01	1.372416477188855843e-01	6.649323842126997341e-02	2.592730265815138685e-02	6.729240244030533502e-02
9.385274214491247449e+02	2.897964049211935178e-01	1.869361104971131449e-01	2.253828620159600837e-01	1.376549478939144977e-01	6.666095983274408776e-02	2.602094306369845053e-02	6.754777177512677477e-02
9.433651916627801484e+02	2.888739321368189450e-01	1.863371913215079445e-01	2.259791463724602767e-01	1.380659090526451804e-01	6.682771632200097678e-02	2.611441043251192667e-02	6.780169436180537301e-02
9.482029618764355519e+02	2.879573038653915340e-01	1.857412456658605049e-01	2.265715187159053623e-01	1.384745432331244142e-01	6.699351394003932869e-02	2.620769989005203998e-02	6.805417468937741132e-02
9.530407320900908417e+02	2.870464744846664140e-01	1.851482661985518752e-01	2.271600140922138966e-01	1.388808624039799822e-01	6.715835871280047276e-02	2.630080668997356388e-02	6.830521741756442888e-02
9.578785023037459041e+02	2.861413988982818291e-01	1.845582454216230239e-01	2.277446669951154190e-01	1.392848784661705197e-01	6.732225663952727535e-02	2.639372621166828983e-02	6.855482736736420724e-02
9.627162725174014213e+02	2.852420325269211521e-01	1.839711756761919781e-01	2.283255113808460024e-01	1.396866032546453251e-01	6.748521369125849712e-02	2.648645395784737441e-02	6.880300951204025572e-02
9.675540427310568248e+02	2.843483312996559209e-01	1.833870491477444520e-01	2.289025806823249409e-01	1.400860485399182676e-01	6.764723580945061765e-02	2.657898555216321040e-02	6.904976896849311652e-02
9.723918129447120009e+02	2.834602516454668431e-01	1.828058578713013527e-01	2.294759078228336968e-01	1.404832260295599822e-01	6.780832890471978625e-02	2.667131673687047830e-02	6.929511098899839017e-02
9.772295831583674044e+02	2.825777504849376620e-01	1.822275937364653542e-01	2.300455252292167019e-01	1.408781473696120445e-01	6.796849885569655747e-02	2.676344337052605563e-02	6.953904095329618840e-02
9.820673533720223531e+02	2.817007852221189435e-01	1.816522484923494551e-01	2.306114648446231652e-01	1.412708241459270098e-01	6.812775150798670853e-02	2.685536142572737470e-02	6.978156436101790039e-02
9.869051235856777566e+02	2.808293137365577841e-01	1.810798137523900730e-01	2.311737581408080944e-01	1.416612678854375362e-01	6.828609267323181020e-02	2.694706698688885405e-02	7.002268682443639480e-02
9.917428937993331601e+02	2.799632943754892245e-01	1.805102809990468959e-01	2.317324361300102664e-01	1.420494900573583130e-01	6.844352812826326460e-02	2.703855624805600114e-02	7.026241406152661240e-02
9.965806640129884499e+02	2.791026859461863130e-01	1.799436415883922669e-01	2.322875293764235238e-01	1.424355020743235944e-01	6.860006361434439759e-02	2.712982551075678386e-02	7.050075188932369841e-02
1.001418434226643626e+03	2.782474477084648790e-01	1.793798867545925158e-01	2.328390680072778274e-01	1.428193152934638666e-01	6.875570483649490194e-02	2.722087118188981289e-02	7.073770621756679533e-02
1.006256204440298802e+03	2.773975393673401291e-01	1.788190076142831819e-01	2.333870817235448869e-01	1.432009410174242825e-01	6.891045746289246876e-02	2.731168977164896011e-02	7.097328304261668608e-02
1.011093974653954206e+03	2.765529210658310699e-01	1.782609951708409579e-01	2.339315998102837468e-01	1.435803904953277532e-01	6.906432712434709686e-02	2.740227789148392754e-02	7.120748844163608815e-02
1.015931744867609382e+03	2.757135533779096481e-01	1.777058403185543256e-01	2.344726511466398433e-01	1.439576749236854414e-01	6.921731941384294540e-02	2.749263225209635023e-02	7.144032856702205170e-02
1.020769515081264785e+03	2.748793973015918324e-01	1.771535338466950216e-01	2.350102642155115218e-01	1.443328054472572397e-01	6.936943988614394097e-02	2.758274966147096149e-02	7.167180964108009478e-02
1.025607285294920075e+03	2.740504142521669184e-01	1.766040664434927465e-01	2.355444671128964773e-01	1.447057931598645375e-01	6.952069405745855968e-02	2.767262702294138663e-02	7.190193795093009765e-02
1.030445055508575479e+03	2.732265660555620035e-01	1.760574287000149507e-01	2.360752875569308573e-01	1.450766491051579676e-01	6.967108740516012033e-02	2.776226133329009332e-02	7.213071984363475520e-02
1.035282825722230655e+03	2.724078149418396322e-01	1.755136111139541100e-01	2.366027528966329896e-01	1.454453842773418271e-01	6.982062536755900828e-02	2.785164968088202006e-02	7.235816172154126147e-02
1.040120595935886058e+03	2.715941235388238395e-01	1.749726040933241022e-01	2.371268901203626434e-01	1.458120096218580020e-01	6.996931334372308298e-02	2.794078924383146256e-02	7.258427003782766396e-02
1.044958366149541234e+03	2.707854548658542027e-01	1.744343979600680716e-01	2.376477258640071477e-01	1.461765360360308963e-01	7.011715669334321610e-02	2.802967728820170493e-02	7.280905129224553296e-02
1.049796136363196410e+03	2.699817723276624615e-01	1.738989829535793064e-01	2.381652864189048591e-01	1.465389743696756397e-01	7.026416073664080997e-02	2.811831116623695476e-02	7.303251202705075829e-02
1.054633906576851814e+03	2.691830397083710968e-01	1.733663492341374623e-01	2.386795977395156643e-01	1.468993354256711847e-01	7.041033075431432642e-02	2.820668831462610354e-02	7.325465882311506249e-02
1.059471676790506763e+03	2.683892211656098703e-01	1.728364868862616865e-01	2.391906854508482339e-01	1.472576299605005690e-01	7.055567198752217550e-02	2.829480625279783695e-02	7.347549829621057016e-02
1.064309447004162394e+03	2.676002812247489926e-01	1.723093859219825552e-01	2.396985748556537399e-01	1.476138686847592585e-01	7.070018963789918842e-02	2.838266258124664404e-02	7.369503709346054976e-02
1.069147217217817570e+03	2.668161847732450354e-01	1.717850362840346590e-01	2.402032909413939488e-01	1.479680622636342369e-01	7.084388886760439874e-02	2.847025497988925347e-02	7.391328188994943094e-02
1.073984987431472746e+03	2.660368970550976986e-01	1.712634278489715001e-01	2.407048583869930425e-01	1.483202213173544226e-01	7.098677479939771717e-02	2.855758120645100415e-02	7.413023938548560232e-02
1.078822757645127922e+03	2.652623836654156575e-01	1.707445504302044503e-01	2.412033015693804960e-01	1.486703564216144413e-01	7.112885251674344600e-02	2.864463909488173393e-02	7.434591630151071717e-02
1.083660527858783553e+03	2.644926105450880471e-01	1.702283937809673520e-01	2.416986445698337538e-01	1.490184781079731957e-01	7.127012706393831554e-02	2.873142655380069022e-02	7.456031937814958099e-02
1.088498298072438729e+03	2.637275439755598638e-01	1.697149475972086208e-01	2.421909111801270886e-01	1.493645968642282329e-01	7.141060344626246059e-02	2.881794156496999756e-02	7.477345537139473697e-02
1.093336068286093905e+03	2.629671505737088411e-01	1.692042015204121286e-01	2.426801249084946377e-01	1.497087231347677128e-01	7.155028663015121360e-02	2.890418218179625215e-02	7.498533105042023972e-02
1.098173838499749309e+03	2.622113972868220788e-01	1.686961451403486689e-01	2.431663089854141091e-01	1.500508673209006993e-01	7.168918154338618787e-02	2.899014652785977461e-02	7.519595319501948261e-02
1.103011608713404712e+03	2.614602513876695400e-01	1.681907679977595882e-01	2.436494863692177937e-01	1.503910397811672739e-01	7.182729307530398566e-02	2.907583279547107033e-02	7.540532859316176340e-02
1.107849378927059888e+03	2.607136804696725818e-01	1.676880595869738033e-01	2.441296797515372929e-01	1.507292508316296631e-01	7.196462607702093506e-02	2.916123924425404607e-02	7.561346403866275878e-02
1.112687149140715292e+03	2.599716524421658570e-01	1.671880093584597604e-01	2.446069115625878476e-01	1.510655107461449931e-01	7.210118536167263448e-02	2.924636419975555277e-02	7.582036632896436978e-02
1.117524919354370468e+03	2.592341355257503088e-01	1.666906067213141662e-01	2.450812039762984562e-01	1.513998297566213347e-01	7.223697570466669493e-02	2.933120605208082432e-02	7.602604226301921952e-02
1.122362689568025871e+03	2.585010982477348729e-01	1.661958410456882973e-01	2.455525789152927241e-01	1.517322180532574838e-01	7.237200184394768088e-02	2.941576325455432309e-02	7.623049863927561232e-02
1.127200459781681047e+03	2.577725094376654980e-01	1.657037016651536077e-01	2.460210580557266602e-01	1.520626857847678648e-01	7.250626848027287574e-02	2.950003432240564522e-02	7.643374225375881847e-02
1.132038229995336451e+03	2.570483382229399316e-01	1.652141778790078563e-01	2.464866628319877240e-01	1.523912430585928623e-01	7.263978027749792843e-02	2.958401783147998967e-02	7.663577989824467418e-02
1.136876000208991627e+03	2.563285540245053284e-01	1.647272589545233645e-01	2.469494144412605896e-01	1.527178999410961080e-01	7.277254186287118731e-02	2.966771241697278849e-02	7.683661835852163835e-02
1.141713770422646803e+03	2.556131265526379037e-01	1.642429341291381240e-01	2.474093338479643467e-01	1.530426664577489437e-01	7.290455782733588908e-02	2.975111677218812353e-02	7.703626441273767056e-02
1.146551540636302207e+03	2.549020258028028008e-01	1.637611926125915329e-01	2.478664417880653004e-01	1.533655525933032560e-01	7.303583272583917541e-02	2.983422964732046490e-02	7.723472482982850218e-02
1.151389310849957155e+03	2.541952220515914518e-01	1.632820235890058702e-01	2.483207587732702004e-01	1.536865682919530685e-01	7.316637107764722980e-02	2.991704984825932501e-02	7.743200636802385906e-02
1.156227081063612786e+03	2.534926858527363769e-01	1.628054162189144505e-01	2.487723050951038406e-01	1.540057234574860323e-01	7.329617736666553529e-02	2.999957623541649188e-02	7.762811577342823566e-02
1.161064851277267962e+03	2.527943880332004234e-01	1.623313596412380155e-01	2.492211008288751084e-01	1.543230279534247851e-01	7.342525604176375342e-02	3.008180772257535579e-02	7.782305977867350066e-02
1.165902621490923138e+03	2.521002996893393910e-01	1.618598429752102774e-01	2.496671658375353153e-01	1.546384916031597612e-01	7.355361151710426704e-02	3.016374327576200678e-02	7.801684510163993391e-02
1.170740391704578315e+03	2.514103921831364885e-01	1.613908553222538345e-01	2.501105197754327492e-01	1.549521241900730373e-01	7.368124817247403979e-02	3.024538191213769697e-02	7.820947844424312734e-02
1.175578161918233945e+03	2.507246371385074002e-01	1.609243857678075151e-01	2.505511820919666399e-01	1.552639354576544617e-01	7.380817035361887657e-02	3.032672269891226527e-02	7.840096649128384942e-02
1.180415932131889122e+03	2.500430064376736317e-01	1.604604233831062876e-01	2.509891720351442590e-01	1.555739351096106227e-01	7.393438237257975165e-02	3.040776475227818104e-02	7.859131590935827805e-02
1.185253702345544298e+03	2.493654722176034677e-01	1.599989572269148175e-01	2.514245086550444541e-01	1.558821328099666281e-01	7.405988850803062185e-02	3.048850723636481810e-02	7.878053334582611755e-02
1.190091472559199701e+03	2.486920068665188777e-01	1.595399763472157006e-01	2.518572108071907012e-01	1.561885381831617792e-01	7.418469300561716939e-02	3.056894936221261211e-02	7.896862542783414374e-02
1.194929242772855105e+03	2.480225830204667026e-01	1.590834697828530653e-01	2.522872971558364763e-01	1.564931608141392205e-01	7.430880007829607226e-02	3.064909038676671277e-02	7.915559876139273421e-02
1.199767012986510281e+03	2.473571735599533750e-01	1.586294265651331803e-01	2.527147861771665283e-01	1.567960102484302343e-01	7.443221390667445481e-02	3.072892961188981170e-02	7.934145993050337187e-02
1.204604783200165684e+03	2.466957516066410894e-01	1.581778357193826534e-01	2.531396961624161612e-01	1.570970959922335097e-01	7.455493863934900545e-02	3.080846638339376081e-02	7.952621549633477616e-02
1.209442553413820860e+03	2.460382905201048409e-01	1.577286862664649125e-01	2.535620452209115805e-01	1.573964275124897227e-01	7.467697839324445586e-02	3.088770009008968975e-02	7.970987199644573307e-02
1.214280323627476264e+03	2.453847638946484444e-01	1.572819672242564415e-01	2.539818512830341879e-01	1.576940142369519515e-01	7.479833725395117205e-02	3.096663016285622697e-02	7.989243594405247284e-02
1.219118093841131440e+03	2.447351455561787847e-01	1.568376676090834643e-01	2.543991321031104369e-01	1.579898655542522068e-01	7.491901927606141320e-02	3.104525607372552592e-02	8.007391382733905494e-02
1.223955864054786844e+03	2.440894095591367718e-01	1.563957764371197434e-01	2.548139052622307998e-01	1.582839908139642981e-01	7.503902848350406385e-02	3.112357733498678433e-02	8.025431210880842881e-02
1.228793634268442020e+03	2.434475301834840011e-01	1.559562827257466588e-01	2.552261881709992353e-01	1.585763993266637306e-01	7.515836886987754817e-02	3.120159349830686421e-02	8.043363722467285204e-02
1.233631404482097196e+03	2.428094819317437036e-01	1.555191754948763716e-01	2.556359980722158753e-01	1.588671003639844370e-01	7.527704439878078746e-02	3.127930415386780821e-02	8.061189558428186186e-02
1.238469174695752372e+03	2.421752395260953483e-01	1.550844437682387666e-01	2.560433520434950982e-01	1.591561031586730124e-01	7.539505900414177064e-02	3.135670892952083233e-02	8.078909356958607901e-02
1.243306944909407548e+03	2.415447779055211186e-01	1.546520765746331183e-01	2.564482669998202624e-01	1.594434169046406169e-01	7.551241659054377942e-02	3.143380748995654866e-02	8.096523753463542861e-02
1.248144715123063179e+03	2.409180722230036820e-01	1.542220629491453388e-01	2.568507596960387662e-01	1.597290507570127693e-01	7.562912103354900439e-02	3.151059953589109563e-02	8.114033380511019578e-02
1.252982485336718355e+03	2.402950978427740303e-01	1.537943919343311705e-01	2.572508467292974887e-01	1.600130138321773088e-01	7.574517618001928854e-02	3.158708480326793966e-02	8.131438867788366720e-02
1.257820255550373531e+03	2.396758303376083366e-01	1.533690525813668215e-01	2.576485445414214981e-01	1.602953152078305799e-01	7.586058584843395625e-02	3.166326306247492506e-02	8.148740842061479028e-02
1.262658025764028707e+03	2.390602454861729675e-01	1.529460339511670985e-01	2.580438694212375261e-01	1.605759639230226465e-01	7.597535382920467262e-02	3.173913411757640218e-02	8.165939927136960097e-02
1.267495795977684338e+03	2.384483192704161536e-01	1.525253251154721768e-01	2.584368375068443746e-01	1.608549689782008130e-01	7.608948388498699977e-02	3.181469780556016314e-02	8.183036743827031001e-02
1.272333566191339514e+03	2.378400278730061213e-01	1.521069151579035050e-01	2.588274647878308077e-01	1.611323393352524502e-01	7.620297975098873355e-02	3.188995399559876875e-02	8.200031909917064599e-02
1.277171336404994690e+03	2.372353476748140511e-01	1.516907931749897076e-01	2.592157671074437619e-01	1.614080839175471016e-01	7.631584513527488178e-02	3.196490258832519055e-02	8.216926040135633103e-02
1.282009106618650094e+03	2.366342552524414722e-01	1.512769482771631757e-01	2.596017601647076511e-01	1.616822116099775608e-01	7.642808371906914533e-02	3.203954351512234427e-02	8.233719746126971772e-02
1.286846876832305497e+03	2.360367273757906781e-01	1.508653695897276825e-01	2.599854595164963200e-01	1.619547312590009225e-01	7.653969915705183258e-02	3.211387673742630011e-02	8.250413636425736608e-02
1.291684647045960673e+03	2.354427410056776915e-01	1.504560462537982146e-01	2.603668805795591457e-01	1.622256516726790221e-01	7.665069507765433221e-02	3.218790224604298894e-02	8.267008316433971382e-02
1.296522417259616077e+03	2.348522732914865851e-01	1.500489674272132701e-01	2.607460386325031187e-01	1.624949816207187370e-01	7.676107508334978347e-02	3.226162006047800929e-02	8.283504388400152185e-02
1.301360187473271253e+03	2.342653015688647145e-01	1.496441222854204001e-01	2.611229488177312374e-01	1.627627298345124263e-01	7.687084275094019370e-02	3.233503022827939610e-02	8.299902451400263670e-02
1.306197957686926657e+03	2.336818033574575570e-01	1.492415000223354660e-01	2.614976261433392124e-01	1.630289050071782042e-01	7.698000163183976730e-02	3.240813282439310855e-02	8.316203101320772395e-02
1.311035727900581833e+03	2.331017563586825492e-01	1.488410898511765279e-01	2.618700854849715376e-01	1.632935157936005466e-01	7.708855525235451533e-02	3.248092795053091064e-02	8.332406930843441750e-02
1.315873498114237009e+03	2.325251384535414745e-01	1.484428810052724756e-01	2.622403415876384813e-01	1.635565708104712024e-01	7.719650711395810438e-02	3.255341573455047821e-02	8.348514529431882991e-02
1.320711268327892412e+03	2.319519277004697955e-01	1.480468627388476233e-01	2.626084090674938309e-01	1.638180786363304386e-01	7.730386069356393053e-02	3.262559632984753100e-02	8.364526483319784100e-02
1.325549038541547588e+03	2.313821023332232052e-01	1.476530243277820731e-01	2.629743024135765550e-01	1.640780478116089791e-01	7.741061944379346027e-02	3.269746991475965675e-02	8.380443375500713776e-02
1.330386808755202765e+03	2.308156407587996783e-01	1.472613550703490148e-01	2.633380359895152178e-01	1.643364868386701649e-01	7.751678679324065790e-02	3.276903669198173025e-02	8.396265785719460306e-02
1.335224578968857941e+03	2.302525215553970772e-01	1.468718442879291819e-01	2.636996240351980880e-01	1.645934041818533644e-01	7.762236614673281854e-02	3.284029688799257329e-02	8.411994290464799851e-02
1.340062349182513572e+03	2.296927234704049248e-01	1.464844813257032141e-01	2.640590806684087188e-01	1.648488082675174660e-01	7.772736088558747369e-02	3.291125075249280024e-02	8.427629462963658058e-02
1.344900119396168748e+03	2.291362254184303449e-01	1.460992555533220105e-01	2.644164198864282223e-01	1.651027074840857312e-01	7.783177436786557768e-02	3.298189855785350205e-02	8.443171873176576192e-02
1.349737889609823924e+03	2.285830064793568372e-01	1.457161563655561820e-01	2.647716555676057903e-01	1.653551101820912583e-01	7.793560992862104408e-02	3.305224059857562319e-02	8.458622087794437361e-02
1.354575659823479100e+03	2.280330458964355822e-01	1.453351731829247706e-01	2.651248014728971314e-01	1.656060246742235564e-01	7.803887088014641038e-02	3.312227719075984400e-02	8.473980670236377910e-02
1.359413430037134731e+03	2.274863230744086917e-01	1.449562954523033742e-01	2.654758712473730409e-01	1.658554592353758961e-01	7.814156051221490817e-02	3.319200867158671880e-02	8.489248180648840958e-02
1.364251200250789907e+03	2.269428175776633805e-01	1.445795126475130088e-01	2.658248784216977745e-01	1.661034221026940483e-01	7.824368209231884197e-02	3.326143539880691696e-02	8.504425175905706846e-02
1.369088970464445310e+03	2.264025091284168900e-01	1.442048142698893198e-01	2.661718364135788883e-01	1.663499214756257172e-01	7.834523886590424868e-02	3.333055775024137968e-02	8.519512209609457487e-02
1.373926740678100487e+03	2.258653776049312778e-01	1.438321898488330308e-01	2.665167585291887131e-01	1.665949655159714993e-01	7.844623405660207383e-02	3.339937612329117039e-02	8.534509832093314929e-02
1.378764510891755890e+03	2.253314030397574330e-01	1.434616289423421287e-01	2.668596579645588496e-01	1.668385623479368141e-01	7.854667086645571172e-02	3.346789093445682456e-02	8.549418590424312514e-02
1.383602281105411066e+03	2.248005656180080136e-01	1.430931211375258416e-01	2.672005478069475193e-01	1.670807200581850005e-01	7.864655247614492362e-02	3.353610261886710853e-02	8.564239028407250043e-02
1.388440051319066470e+03	2.242728456756583888e-01	1.427266560511012972e-01	2.675394410361812136e-01	1.673214466958918845e-01	7.874588204520636958e-02	3.360401162981692391e-02	8.578971686589483003e-02
1.393277821532721646e+03	2.237482236978752537e-01	1.423622233298728890e-01	2.678763505259714739e-01	1.675607502728013176e-01	7.884466271225064327e-02	3.367161843831417700e-02	8.593617102266520869e-02
1.398115591746377049e+03	2.232266803173724445e-01	1.419998126511948788e-01	2.682112890452063025e-01	1.677986387632822707e-01	7.894289759517585103e-02	3.373892353263549526e-02	8.608175809488372021e-02
1.402953361960032225e+03	2.227081963127930386e-01	1.416394137234179285e-01	2.685442692592182601e-01	1.680351201043871201e-01	7.904058979137783270e-02	3.380592741789064520e-02	8.622648339066613099e-02
1.407791132173687402e+03	2.221927526071175718e-01	1.412810162863193386e-01	2.688753037310290250e-01	1.682702021959113781e-01	7.913774237795702382e-02	3.387263061559534633e-02	8.637035218582125862e-02
1.412628902387342805e+03	2.216803302660979025e-01	1.409246101115178562e-01	2.692044049225710278e-01	1.685038929004544217e-01	7.923435841192212614e-02	3.393903366325252968e-02	8.651336972393502966e-02
1.417466672600997981e+03	2.211709104967157224e-01	1.405701850028734934e-01	2.695315851958871578e-01	1.687362000434820541e-01	7.933044093039037792e-02	3.400513711394170108e-02	8.665554121646037999e-02
1.422304442814653157e+03	2.206644746456659367e-01	1.402177307968720810e-01	2.698568568143085433e-01	1.689671314133902036e-01	7.942599295078474342e-02	3.407094153591632563e-02	8.679687184281308088e-02
1.427142213028308333e+03	2.201610041978636634e-01	1.398672373629957777e-01	2.701802319436116262e-01	1.691966947615699268e-01	7.952101747102788276e-02	3.413644751220913653e-02	8.693736675047292195e-02
1.431979983241963964e+03	2.196604807749751032e-01	1.395186946040790354e-01	2.705017226531544750e-01	1.694248978024739116e-01	7.961551746973309640e-02	3.420165564024509053e-02	8.707703105509022323e-02
1.436817753455619140e+03	2.191628861339713630e-01	1.391720924566511308e-01	2.708213409169930030e-01	1.696517482136843669e-01	7.970949590639211935e-02	3.426656653146196302e-02	8.721586984059696845e-02
1.441655523669274316e+03	2.186682021657048169e-01	1.388274208912650132e-01	2.711390986149777027e-01	1.698772536359822449e-01	7.980295572155998718e-02	3.433118081093833318e-02	8.735388815932276785e-02
1.446493293882929493e+03	2.181764108935079771e-01	1.384846699128129688e-01	2.714550075338313384e-01	1.701014216734178519e-01	7.989589983703686282e-02	3.439549911702886181e-02	8.749109103211497040e-02
1.451331064096585123e+03	2.176874944718136251e-01	1.381438295608297118e-01	2.717690793682078776e-01	1.703242598933829011e-01	7.998833115604703226e-02	3.445952210100675095e-02	8.762748344846293946e-02
1.456168834310240300e+03	2.172014351847966485e-01	1.378048899097827351e-01	2.720813257217332692e-01	1.705457758266838986e-01	8.008025256341501363e-02	3.452325042671316319e-02	8.776307036662614469e-02
1.461006604523895703e+03	2.167182154450367770e-01	1.374678410693503661e-01	2.723917581080286254e-01	1.707659769676167782e-01	8.017166692573884923e-02	3.458668477021361459e-02	8.789785671376580678e-02
1.465844374737550879e+03	2.162378177922015254e-01	1.371326731846883584e-01	2.727003879517160279e-01	1.709848707740433127e-01	8.026257709156056630e-02	3.464982581946102203e-02	8.803184738608001159e-02
1.470682144951206283e+03	2.157602248917497023e-01	1.367993764366841614e-01	2.730072265894071815e-01	1.712024646674683848e-01	8.035298589153407056e-02	3.471267427396545341e-02	8.816504724894184963e-02
1.475519915164861459e+03	2.152854195336542931e-01	1.364679410422005856e-01	2.733122852706758588e-01	1.714187660331188690e-01	8.044289613859027799e-02	3.477523084447033119e-02	8.829746113704062260e-02
1.480357685378516862e+03	2.148133846311447437e-01	1.361383572543078957e-01	2.736155751590139684e-01	1.716337822200239283e-01	8.053231062809956819e-02	3.483749625263504041e-02	8.842909385452575599e-02
1.485195455592172038e+03	2.143441032194684237e-01	1.358106153625051604e-01	2.739171073327719697e-01	1.718475205410963658e-01	8.062123213803183697e-02	3.489947123072378865e-02	8.855995017515332079e-02
1.490033225805827215e+03	2.138775584546705189e-01	1.354847056929313898e-01	2.742168927860839656e-01	1.720599882732155583e-01	8.070966342911384261e-02	3.496115652130060009e-02	8.869003484243495605e-02
1.494870996019482618e+03	2.134137336123921036e-01	1.351606186085660133e-01	2.745149424297775864e-01	1.722711926573116115e-01	8.079760724498419311e-02	3.502255287693035318e-02	8.881935256978894244e-02
1.499708766233137567e+03	2.129526120866863936e-01	1.348383445094196997e-01	2.748112670922690515e-01	1.724811408984506800e-01	8.088506631234587685e-02	3.508366105988567490e-02	8.894790804069345469e-02
1.504546536446793198e+03	2.124941773888522623e-01	1.345178738327149348e-01	2.751058775204441864e-01	1.726898401659217319e-01	8.097204334111642032e-02	3.514448184185971213e-02	8.907570590884160422e-02
1.509384306660448374e+03	2.120384131462852983e-01	1.341991970530576339e-01	2.753987843805249525e-01	1.728972975933244782e-01	8.105854102457563104e-02	3.520501600368454442e-02	8.920275079829836917e-02
1.514222076874103550e+03	2.115853031013453511e-01	1.338823046825990681e-01	2.756899982589226528e-01	1.731035202786585514e-01	8.114456203951114777e-02	3.526526433505518948e-02	8.932904730365898160e-02
1.519059847087758726e+03	2.111348311102410613e-01	1.335671872711889363e-01	2.759795296630773165e-01	1.733085152844139332e-01	8.123010904636168705e-02	3.532522763425906265e-02	8.945459999020893838e-02
1.523897617301414357e+03	2.106869811419304628e-01	1.332538354065193886e-01	2.762673890222842599e-01	1.735122896376624646e-01	8.131518468935811095e-02	3.538490670791086257e-02	8.957941339408530268e-02
1.528735387515069533e+03	2.102417372770376269e-01	1.329422397142606960e-01	2.765535866885073246e-01	1.737148503301508551e-01	8.139979159666232977e-02	3.544430237069270268e-02	8.970349202243924069e-02
1.533573157728724709e+03	2.097990837067847947e-01	1.326323908581883981e-01	2.768381329371801813e-01	1.739162043183944129e-01	8.148393238050402609e-02	3.550341544509937053e-02	8.982684035359962682e-02
1.538410927942380113e+03	2.093590047319399960e-01	1.323242795403022365e-01	2.771210379679943658e-01	1.741163585237723299e-01	8.156760963731542191e-02	3.556224676118877742e-02	8.994946283723768976e-02
1.543248698156035516e+03	2.089214847617799076e-01	1.320178965009371763e-01	2.774023119056763798e-01	1.743153198326237996e-01	8.165082594786389480e-02	3.562079715633725829e-02	9.007136389453250513e-02
1.548086468369690692e+03	2.084865083130670593e-01	1.317132325188667130e-01	2.776819648007518571e-01	1.745130950963454664e-01	8.173358387738267894e-02	3.567906747499984682e-02	9.019254791833737628e-02
1.552924238583346096e+03	2.080540600090421133e-01	1.314102784113983513e-01	2.779600066302991279e-01	1.747096911314896805e-01	8.181588597569960930e-02	3.573705856847533835e-02	9.031301927334672852e-02
1.557762008797001272e+03	2.076241245784299361e-01	1.311090250344621455e-01	2.782364472986909587e-01	1.749051147198642520e-01	8.189773477736388141e-02	3.579477129467601576e-02	9.043278229626373899e-02
1.562599779010656675e+03	2.071966868544599383e-01	1.308094632826915515e-01	2.785112966383253008e-01	1.750993726086327862e-01	8.197913280177099304e-02	3.585220651790202440e-02	9.055184129596839659e-02
