6.095590469205657200e+02	3.692562935819343473e-01	2.348964431101250305e-01	1.727780182364516415e-01	1.037757556564839756e-01	5.239461995889122675e-02	1.994548461611334728e-02	4.695338483974668270e-02
6.143968171342210098e+02	3.678012203244247491e-01	2.340831850076839360e-01	1.737766755377309069e-01	1.043744525005965984e-01	5.264509679928149055e-02	2.001841146186601403e-02	4.730095836816252536e-02
6.192345873478761860e+02	3.663565444538044447e-01	2.332729969177387563e-01	1.747665588654062074e-01	1.049698400660092762e-01	5.289408665984039748e-02	2.009229755299424963e-02	4.764767548395284352e-02
6.240723575615315895e+02	3.649221647181096206e-01	2.324658923553632739e-01	1.757477969534400331e-01	1.055619373805730676e-01	5.314159988949549579e-02	2.016711153679139751e-02	4.799349716597324511e-02
6.289101277751868793e+02	3.634979813025723261e-01	2.316618841440828969e-01	1.767205157048597208e-01	1.061507632358173192e-01	5.338764674279027067e-02	2.024282276813240897e-02	4.833838610149118753e-02
6.337478979888421691e+02	3.620838958033452681e-01	2.308609844320235194e-01	1.776848382659650949e-01	1.067363361947825384e-01	5.363223738090138609e-02	2.031940129365421982e-02	4.868230662907407913e-02
6.385856682024975726e+02	3.606798112017697289e-01	2.300632047077243170e-01	1.786408850984598506e-01	1.073186745995628327e-01	5.387538187264817591e-02	2.039681783631167727e-02	4.902522468326951655e-02
6.434234384161527487e+02	3.592856318391732251e-01	2.292685558156212777e-01	1.795887740495667739e-01	1.078977965785680310e-01	5.411709019549439809e-02	2.047504378029956287e-02	4.936710774102272964e-02
6.482612086298080385e+02	3.579012633921864195e-01	2.284770479712084357e-01	1.805286204201847489e-01	1.084737200535150214e-01	5.435737223654198147e-02	2.055405115633134050e-02	4.970792476977802660e-02
6.530989788434633283e+02	3.565266128485668484e-01	2.276886907758829959e-01	1.814605370311435373e-01	1.090464627461576186e-01	5.459623779351673728e-02	2.063381262726564011e-02	5.004764617721253750e-02
6.579367490571185044e+02	3.551615884835189751e-01	2.269034932314812902e-01	1.823846342876116189e-01	1.096160421847642702e-01	5.483369657574585498e-02	2.071430147407165440e-02	5.038624376255225468e-02
6.627745192707737942e+02	3.538060998364994658e-01	2.261214637545112816e-01	1.833010202417094392e-01	1.101824757103519042e-01	5.506975820512709230e-02	2.079549158212488924e-02	5.072369066942175597e-02
6.676122894844290840e+02	3.524600576884974190e-01	2.253426101900883050e-01	1.842098006533801346e-01	1.107457804826848385e-01	5.530443221708963852e-02	2.087735742782493090e-02	5.105996134018054439e-02
6.724500596980843738e+02	3.511233740397781133e-01	2.245669398255796811e-01	1.851110790495675562e-01	1.113059734860465250e-01	5.553772806154637365e-02	2.095987406552713914e-02	5.139503147170038089e-02
6.772878299117396637e+02	3.497959620880818354e-01	2.237944594039645574e-01	1.860049567817497751e-01	1.118630715347923715e-01	5.576965510383768976e-02	2.104301711478030745e-02	5.172887797253928471e-02
6.821256001253949535e+02	3.484777362072656870e-01	2.230251751369141111e-01	1.868915330818762544e-01	1.124170912786910809e-01	5.600022262566661801e-02	2.112676274786270958e-02	5.206147892146931883e-02
6.869633703390502433e+02	3.471686119263812098e-01	2.222590927175986386e-01	1.877709051167532339e-01	1.129680492080620269e-01	5.622943982602528201e-02	2.121108767760893424e-02	5.239281352731648550e-02
6.918011405527055331e+02	3.458685059091758940e-01	2.214962173332264139e-01	1.886431680409224043e-01	1.135159616587157194e-01	5.645731582211256649e-02	2.129596914552033329e-02	5.272286209007246566e-02
6.966389107663608229e+02	3.445773359340111308e-01	2.207365536773202019e-01	1.895084150480761398e-01	1.140608448167044348e-01	5.668385965024306389e-02	2.138138491015192238e-02	5.305160596323893474e-02
7.014766809800161127e+02	3.432950208741867293e-01	2.199801059617363108e-01	1.903667374210505359e-01	1.146027147228895621e-01	5.690908026674713210e-02	2.146731323576887146e-02	5.337902751736659651e-02
7.063144511936714025e+02	3.420214806786634476e-01	2.192268779284320124e-01	1.912182245804379399e-01	1.151415872773322718e-01	5.713298654886210526e-02	2.155373288126585449e-02	5.370511010475214481e-02
7.111522214073266923e+02	3.407566363531744358e-01	2.184768728609858546e-01	1.920629641318571112e-01	1.156774782435136123e-01	5.735558729561460872e-02	2.164062308934272191e-02	5.402983802525740398e-02
7.159899916209819821e+02	3.395004099417180954e-01	2.177300935958764172e-01	1.929010419119207287e-01	1.162104032523903346e-01	5.757689122869395770e-02	2.172796357593013636e-02	5.435319649321612712e-02
7.208277618346371582e+02	3.382527245084229750e-01	2.169865425335240072e-01	1.937325420329363557e-01	1.167403778062919700e-01	5.779690699331663239e-02	2.181573451985897860e-02	5.467517160539484694e-02
7.256655320482924481e+02	3.370135041197779846e-01	2.162462216491002620e-01	1.945575469263777224e-01	1.172674172826651540e-01	5.801564315908182973e-02	2.190391655276746272e-02	5.499575030997534003e-02
7.305033022619478515e+02	3.357826738272184919e-01	2.155091325031105176e-01	1.953761373851610195e-01	1.177915369376704713e-01	5.823310822081805005e-02	2.199249074924011782e-02	5.531492037652707000e-02
7.353410724756030277e+02	3.345601596500618613e-01	2.147752762517534941e-01	1.961883926047604532e-01	1.183127519096371233e-01	5.844931059942075346e-02	2.208143861717290837e-02	5.563267036693912704e-02
7.401788426892584312e+02	3.333458885587847753e-01	2.140446536570625169e-01	1.969943902231959254e-01	1.188310772223806211e-01	5.866425864268108581e-02	2.217074208835889335e-02	5.594898960728190290e-02
7.450166129029136073e+02	3.321397884586340110e-01	2.133172650968332695e-01	1.977942063599253120e-01	1.193465277883884873e-01	5.887796062610568121e-02	2.226038350928905701e-02	5.626386816056992701e-02
7.498543831165690108e+02	3.309417881735647882e-01	2.125931105743419092e-01	1.985879156536722034e-01	1.198591184118784625e-01	5.909042475372758285e-02	2.235034563216297190e-02	5.657729680039782355e-02
7.546921533302243006e+02	3.297518174304987504e-01	2.118721897278582900e-01	1.993755912992195289e-01	1.203688637917342541e-01	5.930165915890821260e-02	2.244061160610419381e-02	5.688926698542250138e-02
7.595299235438793630e+02	3.285698068438952513e-01	2.111545018399578755e-01	2.001573050831983447e-01	1.208757785243230326e-01	5.951167190513054900e-02	2.253116496857535123e-02	5.719977083466527834e-02
7.643676937575347665e+02	3.273956879006289511e-01	2.104400458466369750e-01	2.009331274189006811e-01	1.213798771061988940e-01	5.972047098678340271e-02	2.262198963698806853e-02	5.750880110360863384e-02
7.692054639711900563e+02	3.262293929451674512e-01	2.097288203462351341e-01	2.017031273801434266e-01	1.218811739366968683e-01	5.992806432993693505e-02	2.271306990050296973e-02	5.781635116106285249e-02
7.740432341848452324e+02	3.250708551650418054e-01	2.090208236081683435e-01	2.024673727342111429e-01	1.223796833204209705e-01	6.013445979310939188e-02	2.280439041201512071e-02	5.812241496677881397e-02
7.788810043985006359e+02	3.239200085766051340e-01	2.083160535814772285e-01	2.032259299739032632e-01	1.228754194696307367e-01	6.033966516802505287e-02	2.289593618032042394e-02	5.842698704978370461e-02
7.837187746121558121e+02	3.227767880110715693e-01	2.076145079031939955e-01	2.039788643487111530e-01	1.233683965065295457e-01	6.054368818036357652e-02	2.298769256245857331e-02	5.873006248741721030e-02
7.885565448258112156e+02	3.216411291008303697e-01	2.069161839065314645e-01	2.047262398951498197e-01	1.238586284654586422e-01	6.074653649050058141e-02	2.307964525622826363e-02	5.903163688504642348e-02
7.933943150394665054e+02	3.205129682660298185e-01	2.062210786288983522e-01	2.054681194662682786e-01	1.243461292950003017e-01	6.094821769423972024e-02	2.317178029287055019e-02	5.933170635643845309e-02
7.982320852531219089e+02	3.193922427014242449e-01	2.055291888197437467e-01	2.062045647603615028e-01	1.248309128599934675e-01	6.114873932353611513e-02	2.326408402991622312e-02	5.963026750477019161e-02
8.030698554667769713e+02	3.182788903634786171e-01	2.048405109482346609e-01	2.069356363489067985e-01	1.253129929434652623e-01	6.134810884721132729e-02	2.335654314419330357e-02	5.992731740425547016e-02
8.079076256804323748e+02	3.171728499577265437e-01	2.041550412107700774e-01	2.076613937037463942e-01	1.257923832484814097e-01	6.154633367165986135e-02	2.344914462499080726e-02	6.022285358237033231e-02
8.127453958940876646e+02	3.160740609263744672e-01	2.034727755383343717e-01	2.083818952235376720e-01	1.262690973999187893e-01	6.174342114154723199e-02	2.354187576737497289e-02	6.051687400265789996e-02
8.175831661077428407e+02	3.149824634361484965e-01	2.027937096036939169e-01	2.090971982594914125e-01	1.267431489461628979e-01	6.193937854049975239e-02	2.363472416565436107e-02	6.080937704809459554e-02
8.224209363213982442e+02	3.138979983663774953e-01	2.021178388284398386e-01	2.098073591404183980e-01	1.272145513607330913e-01	6.213421309178594060e-02	2.372767770699024323e-02	6.110036150500042229e-02
8.272587065350534203e+02	3.128206072973083729e-01	2.014451583898798359e-01	2.105124331971038876e-01	1.276833180438386450e-01	6.232793195898979344e-02	2.382072456514877992e-02	6.138982654747611456e-02
8.320964767487085965e+02	3.117502324986480833e-01	2.007756632277825359e-01	2.112124747860285312e-01	1.281494623238679242e-01	6.252054224667581706e-02	2.391385319439164742e-02	6.167777172235086591e-02
8.369342469623640000e+02	3.106868169183278350e-01	2.001093480509770761e-01	2.119075373124546524e-01	1.286129974588133829e-01	6.271205100104598751e-02	2.400705232350180268e-02	6.196419693462460604e-02
8.417720171760191761e+02	3.096303041714848492e-01	1.994462073438112160e-01	2.125976732528951918e-01	1.290739366376348896e-01	6.290246521058867613e-02	2.410031094994117412e-02	6.224910243338935278e-02
8.466097873896745796e+02	3.085806385296568921e-01	1.987862353724702547e-01	2.132829341769829912e-01	1.295322929815638235e-01	6.309179180671957432e-02	2.419361833413715551e-02	6.253248879821469985e-02
8.514475576033297557e+02	3.075377649101853073e-01	1.981294261911601684e-01	2.139633707687572939e-01	1.299880795453501603e-01	6.328003766441472888e-02	2.428696399389483965e-02	6.281435692598284770e-02
8.562853278169851592e+02	3.065016288658224952e-01	1.974757736481575765e-01	2.146390328473835596e-01	1.304413093184547123e-01	6.346720960283575019e-02	2.438033769893203917e-02	6.309470801815918184e-02
8.611230980306403353e+02	3.054721765745384565e-01	1.968252713917291730e-01	2.153099693873226361e-01	1.308919952261889674e-01	6.365331438594720725e-02	2.447372946553419068e-02	6.337354356848458325e-02
8.659608682442956251e+02	3.044493548295237884e-01	1.961779128759230939e-01	2.159762285379647762e-01	1.313401501308043284e-01	6.383835872312638993e-02	2.456712955132631104e-02	6.365086535107643273e-02
8.707986384579510286e+02	3.034331110293838063e-01	1.955336913662352738e-01	2.166378576427433478e-01	1.317857868325326975e-01	6.402234926976535512e-02	2.466052845015927197e-02	6.392667540892529865e-02
8.756364086716062047e+02	3.024233931685201826e-01	1.948925999451530944e-01	2.172949032577428385e-01	1.322289180705807643e-01	6.420529262786546509e-02	2.475391688710769367e-02	6.420097604277504033e-02
8.804741788852616082e+02	3.014201498276963265e-01	1.942546315175787408e-01	2.179474111698152250e-01	1.326695565240793295e-01	6.438719534662443178e-02	2.484728581357684499e-02	6.447376980037411442e-02
8.853119490989170117e+02	3.004233301647829535e-01	1.936197788161349020e-01	2.185954264142186965e-01	1.331077148129899412e-01	6.456806392301595032e-02	2.494062640251602792e-02	6.474505946608649642e-02
8.901497193125721878e+02	2.994328839056793479e-01	1.929880344063549247e-01	2.192389932917916673e-01	1.335434054989702302e-01	6.474790480236200518e-02	2.503393004373591357e-02	6.501484805085086527e-02
8.949874895262273640e+02	2.984487613354070423e-01	1.923593906917604179e-01	2.198781553856753446e-01	1.339766410861997770e-01	6.492672437889783488e-02	2.512718833932746018e-02	6.528313878247701818e-02
8.998252597398827675e+02	2.974709132893728070e-01	1.917338399188276976e-01	2.205129555775972860e-01	1.344074340221681763e-01	6.510452899632980517e-02	2.522039309918001557e-02	6.554993509626905190e-02
9.046630299535379436e+02	2.964992911447965063e-01	1.911113741818460665e-01	2.211434360637282714e-01	1.348357966984267686e-01	6.528132494838607969e-02	2.531353633659630745e-02	6.581524062596476321e-02
9.095008001671932334e+02	2.955338468123014373e-01	1.904919854276699298e-01	2.217696383701241447e-01	1.352617414513055116e-01	6.545711847936031003e-02	2.540661026400209063e-02	6.607905919498137381e-02
9.143385703808486369e+02	2.945745327276627079e-01	1.898756654603665217e-01	2.223916033677644788e-01	1.356852805625964886e-01	6.563191578464827591e-02	2.549960728874826194e-02	6.634139480795800403e-02
9.191763405945038130e+02	2.936213018437115463e-01	1.892624059457622965e-01	2.230093712871989708e-01	1.361064262602055819e-01	6.580572301127771140e-02	2.559252000900328478e-02	6.660225164258530561e-02
9.240141108081592165e+02	2.926741076223913218e-01	1.886521984158889553e-01	2.236229817328125591e-01	1.365251907187734481e-01	6.597854625843126153e-02	2.568534120973386611e-02	6.686163404171331648e-02
9.288518810218145063e+02	2.917329040269627805e-01	1.880450342733318569e-01	2.242324736967199472e-01	1.369415860602671009e-01	6.615039157796270830e-02	2.577806385877184567e-02	6.711954650572851677e-02
9.336896512354697961e+02	2.907976455143551076e-01	1.874409047954827545e-01	2.248378855722994174e-01	1.373556243545436539e-01	6.632126497490650752e-02	2.587068110296533718e-02	6.737599368519187060e-02
9.385274214491247449e+02	2.898682870276602652e-01	1.868398011386984969e-01	2.254392551673766176e-01	1.377673176198870031e-01	6.649117240798081696e-02	2.596318626441215111e-02	6.763098037372920757e-02
9.433651916627801484e+02	2.889447839887668845e-01	1.862417143423680255e-01	2.260366197170670943e-01	1.381766778235189452e-01	6.666011979008380772e-02	2.605557283677365291e-02	6.788451150116610322e-02
9.482029618764355519e+02	2.880270922911314369e-01	1.856466353328891095e-01	2.266300158962877287e-01	1.385837168820856502e-01	6.682811298878378603e-02	2.614783448166720439e-02	6.813659212689951450e-02
9.530407320900908417e+02	2.871151682926841309e-01	1.850545549275570134e-01	2.272194798319460141e-01	1.389884466621207071e-01	6.699515782680268150e-02	2.623996502513542203e-02	6.838722743349846811e-02
9.578785023037459041e+02	2.862089688088659267e-01	1.844654638383667056e-01	2.278050471148156397e-01	1.393908789804855775e-01	6.716126008249349855e-02	2.633195845419043779e-02	6.863642272052664084e-02
9.627162725174014213e+02	2.853084511057946138e-01	1.838793526757305508e-01	2.283867528111077627e-01	1.397910256047889266e-01	6.732642549031132850e-02	2.642380891343156304e-02	6.888418339857968475e-02
9.675540427310568248e+02	2.844135728935572316e-01	1.832962119521130417e-01	2.289646314737457111e-01	1.401888982537850270e-01	6.749065974127835266e-02	2.651551070173458272e-02	6.913051498353049718e-02
9.723918129447120009e+02	2.835242923196262255e-01	1.827160320855843179e-01	2.295387171533515291e-01	1.405845085977529552e-01	6.765396848344268355e-02	2.660705826901113916e-02	6.937542309097557980e-02
9.772295831583674044e+02	2.826405679623967271e-01	1.821388034032941916e-01	2.301090434089523573e-01	1.409778682588569421e-01	6.781635732233123881e-02	2.669844621303659946e-02	6.961891343087636685e-02
9.820673533720223531e+02	2.817623588248425182e-01	1.815645161448682376e-01	2.306756433184140587e-01	1.413689888114889881e-01	6.797783182139675862e-02	2.678966927634483103e-02	6.986099180238898587e-02
9.869051235856777566e+02	2.808896243282883454e-01	1.809931604657276649e-01	2.312385494886099180e-01	1.417578817825944915e-01	6.813839750245884175e-02	2.688072234318842485e-02	7.010166408887658074e-02
9.917428937993331601e+02	2.800223243062964218e-01	1.804247264403343876e-01	2.317977940653313529e-01	1.421445586519816395e-01	6.829805984613926406e-02	2.697160043656289530e-02	7.034093625309825737e-02
9.965806640129884499e+02	2.791604189986640061e-01	1.798592040653628765e-01	2.323534087429479089e-01	1.425290308526155070e-01	6.845682429229159316e-02	2.706229871529336126e-02	7.057881433256893433e-02
1.001418434226643626e+03	2.783038690455310049e-01	1.792965832628003464e-01	2.329054247738231442e-01	1.429113097708973601e-01	6.861469624042516868e-02	2.715281247118239011e-02	7.081530443508469996e-02
1.006256204440298802e+03	2.774526354815944895e-01	1.787368538829768316e-01	2.334538729774934540e-01	1.432914067469300279e-01	6.877168105012348986e-02	2.724313712621758907e-02	7.105041273440827754e-02
1.011093974653954206e+03	2.766066797304279623e-01	1.781800057075261512e-01	2.339987837496159406e-01	1.436693330747699504e-01	6.892778404145712134e-02	2.733326822983762547e-02	7.128414546610935265e-02
1.015931744867609382e+03	2.757659635989040958e-01	1.776260284522800104e-01	2.345401870706916858e-01	1.440451000026667372e-01	6.908301049539117278e-02	2.742320145625538885e-02	7.151650892355494726e-02
1.020769515081264785e+03	2.749304492717180581e-01	1.770749117700955444e-01	2.350781125145707251e-01	1.444187187332905964e-01	6.923736565418740774e-02	2.751293260183698339e-02	7.174750945404474722e-02
1.025607285294920075e+03	2.741000993060090374e-01	1.765266452536187192e-01	2.356125892567445257e-01	1.447902004239482454e-01	6.939085472180109293e-02	2.760245758253537796e-02	7.197715345508697016e-02
1.030445055508575479e+03	2.732748766260799100e-01	1.759812184379842270e-01	2.361436460824315187e-01	1.451595561867883855e-01	6.954348286427262937e-02	2.769177243137742328e-02	7.220544737080991649e-02
1.035282825722230655e+03	2.724547445182102234e-01	1.754386208034532935e-01	2.366713113944617919e-01	1.455267970889965734e-01	6.969525521011400715e-02	2.778087329600315708e-02	7.243239768850492921e-02
1.040120595935886058e+03	2.716396666255635473e-01	1.748988417779910598e-01	2.371956132209660228e-01	1.458919341529804348e-01	6.984617685069018089e-02	2.786975643625613439e-02	7.265801093529661303e-02
1.044958366149541234e+03	2.708296069431849196e-01	1.743618707397841250e-01	2.377165792228738972e-01	1.462549783565458839e-01	6.999625284059546315e-02	2.795841822182373870e-02	7.288229367493595512e-02
1.049796136363196410e+03	2.700245298130882210e-01	1.738276970197003002e-01	2.382342367012274253e-01	1.466159406330643233e-01	7.014548819802493562e-02	2.804685512992635688e-02	7.310525250471240633e-02
1.054633906576851814e+03	2.692243999194306459e-01	1.732963099036909371e-01	2.387486126043139867e-01	1.469748318716319058e-01	7.029388790514101704e-02	2.813506374305433516e-02	7.332689405248112025e-02
1.059471676790506763e+03	2.684291822837732155e-01	1.727676986351375510e-01	2.392597335346240695e-01	1.473316629172208014e-01	7.044145690843515994e-02	2.822304074675164101e-02	7.354722497380143664e-02
1.064309447004162394e+03	2.676388422604253359e-01	1.722418524171438481e-01	2.397676257556381196e-01	1.476864445708233331e-01	7.058820011908481518e-02	2.831078292744530420e-02	7.376625194918313977e-02
1.069147217217817570e+03	2.668533455318712333e-01	1.717187604147739632e-01	2.402723151984475780e-01	1.480391875895889220e-01	7.073412241330578887e-02	2.839828717031952013e-02	7.398398168143678622e-02
1.073984987431472746e+03	2.660726581042782146e-01	1.711984117572383779e-01	2.407738274682142410e-01	1.483899026869548166e-01	7.087922863269981166e-02	2.848555045723354454e-02	7.420042089312477163e-02
1.078822757645127922e+03	2.652967463030827533e-01	1.706807955400285182e-01	2.412721878504722195e-01	1.487386005327704375e-01	7.102352358459773640e-02	2.857256986468234561e-02	7.441557632410980561e-02
1.083660527858783553e+03	2.645255767686550685e-01	1.701659008270008377e-01	2.417674213172769648e-01	1.490852917534161437e-01	7.116701204239805900e-02	2.865934256179914624e-02	7.462945472919756129e-02
1.088498298072438729e+03	2.637591164520395881e-01	1.696537166524118290e-01	2.422595525332053301e-01	1.494299869319165586e-01	7.130969874590113722e-02	2.874586580839892311e-02	7.484206287587041873e-02
1.093336068286093905e+03	2.629973326107695741e-01	1.691442320229046281e-01	2.427486058612105257e-01	1.497726966080487609e-01	7.145158840163896852e-02	2.883213695306196395e-02	7.505340754210931831e-02
1.098173838499749309e+03	2.622401928047552455e-01	1.686374359194484640e-01	2.432346053683362153e-01	1.501134312784457581e-01	7.159268568320067971e-02	2.891815343125665391e-02	7.526349551430065732e-02
1.103011608713404712e+03	2.614876648922432878e-01	1.681333172992318659e-01	2.437175748312928880e-01	1.504522013966957117e-01	7.173299523155372837e-02	2.900391276350060971e-02	7.547233358522560664e-02
1.107849378927059888e+03	2.607397170258465846e-01	1.676318650975103797e-01	2.441975377419008109e-01	1.507890173734366401e-01	7.187252165536095472e-02	2.908941255355936006e-02	7.567992855212894721e-02
1.112687149140715292e+03	2.599963176486428940e-01	1.671330682294101810e-01	2.446745173124027783e-01	1.511238895764477619e-01	7.201126953129344255e-02	2.917465048668174687e-02	7.588628721486485873e-02
1.117524919354370468e+03	2.592574354903407485e-01	1.666369155916880840e-01	2.451485364806502143e-01	1.514568283307368979e-01	7.214924340433932770e-02	2.925962432787129752e-02	7.609141637411709347e-02
1.122362689568025871e+03	2.585230395635119138e-01	1.661433960644489172e-01	2.456196179151656778e-01	1.517878439186247097e-01	7.228644778810865146e-02	2.934433192019274272e-02	7.629532282969098134e-02
1.127200459781681047e+03	2.577930991598884058e-01	1.656524985128215166e-01	2.460877840200856870e-01	1.521169465798259679e-01	7.242288716513409219e-02	2.942877118311296863e-02	7.649801337887494890e-02
1.132038229995336451e+03	2.570675838467229579e-01	1.651642117885936678e-01	2.465530569399863869e-01	1.524441465115278227e-01	7.255856598716793615e-02	2.951294011087566074e-02	7.669949481486913745e-02
1.136876000208991627e+03	2.563464634632122707e-01	1.646785247318072742e-01	2.470154585645954470e-01	1.527694538684656045e-01	7.269348867547513471e-02	2.959683677090892487e-02	7.689977392527887201e-02
1.141713770422646803e+03	2.556297081169810470e-01	1.641954261723143071e-01	2.474750105333932970e-01	1.530928787629962373e-01	7.282765962112251745e-02	2.968045930226517748e-02	7.709885749067091343e-02
1.146551540636302207e+03	2.549172881806259783e-01	1.637149049312946192e-01	2.479317342401063107e-01	1.534144312651693765e-01	7.296108318526435543e-02	2.976380591409260451e-02	7.729675228319020375e-02
1.151389310849957155e+03	2.542091742883187400e-01	1.632369498227361493e-01	2.483856508370949345e-01	1.537341214027967695e-01	7.309376369942416352e-02	2.984687488413757459e-02	7.749346506523512035e-02
1.156227081063612786e+03	2.535053373324662740e-01	1.627615496548783791e-01	2.488367812396396206e-01	1.540519591615197026e-01	7.322570546577288064e-02	2.992966455727727113e-02	7.768900258818930982e-02
1.161064851277267962e+03	2.528057484604278038e-01	1.622886932316200126e-01	2.492851461301270610e-01	1.543679544848748919e-01	7.335691275740349737e-02	3.001217334408199516e-02	7.788337159120815867e-02
1.165902621490923138e+03	2.521103790712871384e-01	1.618183693538913781e-01	2.497307659621395282e-01	1.546821172743589601e-01	7.348738981860204744e-02	3.009439971940643804e-02	7.807657880005788864e-02
1.170740391704578315e+03	2.514192008126795441e-01	1.613505668209923860e-01	2.501736609644495402e-01	1.549944573894915245e-01	7.361714086511522703e-02	3.017634222100935848e-02	7.826863092600577776e-02
1.175578161918233945e+03	2.507321855776714070e-01	1.608852744318967909e-01	2.506138511449226280e-01	1.553049846478774809e-01	7.374617008441455845e-02	3.025799944820103948e-02	7.845953466475942550e-02
1.180415932131889122e+03	2.500493055016927424e-01	1.604224809865234247e-01	2.510513562943305632e-01	1.556137088252678990e-01	7.387448163595709827e-02	3.033937006051797697e-02	7.864929669545364654e-02
1.185253702345544298e+03	2.493705329595203579e-01	1.599621752869751223e-01	2.514861959900770993e-01	1.559206396556205576e-01	7.400207965144291189e-02	3.042045277642419984e-02	7.883792367968314729e-02
1.190091472559199701e+03	2.486958405623117541e-01	1.595043461387459782e-01	2.519183895998389211e-01	1.562257868311593689e-01	7.412896823506912036e-02	3.050124637203866992e-02	7.902542226057958363e-02
1.194929242772855105e+03	2.480252011546881519e-01	1.590489823518977108e-01	2.523479562851235203e-01	1.565291600024335261e-01	7.425515146378089404e-02	3.058174967988822393e-02	7.921179906193133446e-02
1.199767012986510281e+03	2.473585878118657044e-01	1.585960727422054961e-01	2.527749150047468585e-01	1.568307687783761228e-01	7.438063338751903231e-02	3.066196158768554059e-02	7.939706068734458944e-02
1.204604783200165684e+03	2.466959738368342814e-01	1.581456061322744355e-01	2.531992845182315932e-01	1.571306227263624677e-01	7.450541802946467063e-02	3.074188103713157080e-02	7.958121371944422429e-02
1.209442553413820860e+03	2.460373327575827440e-01	1.576975713526267697e-01	2.536210833891298644e-01	1.574287313722681214e-01	7.462950938628058750e-02	3.082150702274196602e-02	7.976426471911321481e-02
1.214280323627476264e+03	2.453826383243697395e-01	1.572519572427605872e-01	2.540403299882704746e-01	1.577251042005268222e-01	7.475291142834966651e-02	3.090083859069697389e-02	7.994622022476909062e-02
1.219118093841131440e+03	2.447318645070393484e-01	1.568087526521808606e-01	2.544570424969337941e-01	1.580197506541884678e-01	7.487562810001029134e-02	3.097987483771434680e-02	8.012708675167619365e-02
1.223955864054786844e+03	2.440849854923806406e-01	1.563679464414031994e-01	2.548712389099562214e-01	1.583126801349771795e-01	7.499766331978875711e-02	3.105861490994476365e-02	8.030687079129254780e-02
1.228793634268442020e+03	2.434419756815300595e-01	1.559295274829307909e-01	2.552829370387651453e-01	1.586039020033493396e-01	7.511902098062871180e-02	3.113705800188929299e-02	8.048557881065004915e-02
1.233631404482097196e+03	2.428028096874161879e-01	1.554934846622054168e-01	2.556921545143465702e-01	1.588934255785520722e-01	7.523970495011786386e-02	3.121520335533849513e-02	8.066321725176675561e-02
1.238469174695752372e+03	2.421674623322460917e-01	1.550598068785328243e-01	2.560989087901478500e-01	1.591812601386820014e-01	7.535971907071170595e-02	3.129305025833263587e-02	8.083979253109017937e-02
1.243306944909407548e+03	2.415359086450320214e-01	1.546284830459831172e-01	2.565032171449161957e-01	1.594674149207442604e-01	7.547906715995449101e-02	3.137059804414265435e-02	8.101531103897061104e-02
1.248144715123063179e+03	2.409081238591580798e-01	1.541995020942666106e-01	2.569050966854746210e-01	1.597518991207120820e-01	7.559775301069748821e-02	3.144784609027143074e-02	8.118977913916304578e-02
1.252982485336718355e+03	2.402840834099860823e-01	1.537728529695857882e-01	2.573045643494380474e-01	1.600347218935868621e-01	7.571578039131444948e-02	3.152479381747490955e-02	8.136320316835717048e-02
1.257820255550373531e+03	2.396637629324997742e-01	1.533485246354638343e-01	2.577016369078695690e-01	1.603158923534588609e-01	7.583315304591450867e-02	3.160144068880271079e-02	8.153558943573395446e-02
1.262658025764028707e+03	2.390471382589866023e-01	1.529265060735501836e-01	2.580963309678795947e-01	1.605954195735684598e-01	7.594987469455233287e-02	3.167778620865784045e-02	8.170694422254819178e-02
1.267495795977684338e+03	2.384341854167564279e-01	1.525067862844036171e-01	2.584886629751684817e-01	1.608733125863680280e-01	7.606594903343573411e-02	3.175382992187505971e-02	8.187727378173582926e-02
1.272333566191339514e+03	2.378248806258967118e-01	1.520893542882534033e-01	2.588786492165146003e-01	1.611495803835847063e-01	7.618137973513074146e-02	3.182957141281757274e-02	8.204658433754538627e-02
1.277171336404994690e+03	2.372192002970629487e-01	1.516741991257389288e-01	2.592663058222091088e-01	1.614242319162838835e-01	7.629617044876411958e-02	3.190501030449165859e-02	8.221488208519245333e-02
1.282009106618650094e+03	2.366171210293041005e-01	1.512613098586283178e-01	2.596516487684385477e-01	1.616972760949334509e-01	7.641032480022338924e-02	3.198014625767885838e-02	8.238217319053640908e-02
1.286846876832305497e+03	2.360186196079225585e-01	1.508506755705163183e-01	2.600346938796169183e-01	1.619687217894688336e-01	7.652384639235443320e-02	3.205497897008539182e-02	8.254846378977861998e-02
1.291684647045960673e+03	2.354236730023671065e-01	1.504422853675024541e-01	2.604154568306679129e-01	1.622385778293591874e-01	7.663673880515668724e-02	3.212950817550844912e-02	8.271375998918129024e-02
1.296522417259616077e+03	2.348322583641594963e-01	1.500361283788488320e-01	2.607939531492592944e-01	1.625068530036742342e-01	7.674900559597599980e-02	3.220373364301898356e-02	8.287806786480618471e-02
1.301360187473271253e+03	2.342443530248530248e-01	1.496321937576192418e-01	2.611701982179903681e-01	1.627735560611521803e-01	7.686065029969500750e-02	3.227765517616073415e-02	8.304139346227253082e-02
1.306197957686926657e+03	2.336599344940228085e-01	1.492304706812990489e-01	2.615442072765329362e-01	1.630386957102685497e-01	7.697167642892140116e-02	3.235127261216506206e-02	8.320374279653326710e-02
1.311035727900581833e+03	2.330789804572874768e-01	1.488309483523967969e-01	2.619159954237283983e-01	1.633022806193061560e-01	7.708208747417374940e-02	3.242458582118139254e-02	8.336512185166906896e-02
1.315873498114237009e+03	2.325014687743612862e-01	1.484336159990276849e-01	2.622855776196405531e-01	1.635643194164259351e-01	7.719188690406522668e-02	3.249759470552285312e-02	8.352553658069945819e-02
1.320711268327892412e+03	2.319273774771363761e-01	1.480384628754793097e-01	2.626529686875663794e-01	1.638248206897388870e-01	7.730107816548500987e-02	3.257029919892683728e-02	8.368499290541026037e-02
1.325549038541547588e+03	2.313566847677942240e-01	1.476454782627602269e-01	2.630181833160047944e-01	1.640837929873790735e-01	7.740966468377760701e-02	3.264269926583025089e-02	8.384349671619688305e-02
1.330386808755202765e+03	2.307893690169462997e-01	1.472546514691315811e-01	2.633812360605856662e-01	1.643412448175777807e-01	7.751764986291996562e-02	3.271479490065903190e-02	8.400105387192277617e-02
1.335224578968857941e+03	2.302254087618030298e-01	1.468659718306221940e-01	2.637421413459585251e-01	1.645971846487385704e-01	7.762503708569654104e-02	3.278658612713174908e-02	8.415767019979246422e-02
1.340062349182513572e+03	2.296647827043705181e-01	1.464794287115274152e-01	2.641009134676436387e-01	1.648516209095136631e-01	7.773182971387228302e-02	3.285807299757696753e-02	8.431335149523858097e-02
1.344900119396168748e+03	2.291074697096747992e-01	1.460950115048922360e-01	2.644575665938446174e-01	1.651045619888813487e-01	7.783803108836351292e-02	3.292925559226411725e-02	8.446810352182243520e-02
1.349737889609823924e+03	2.285534488040127654e-01	1.457127096329788873e-01	2.648121147672252151e-01	1.653560162362243402e-01	7.794364452940680255e-02	3.300013401874757335e-02	8.462193201114746877e-02
1.354575659823479100e+03	2.280026991732294617e-01	1.453325125477192281e-01	2.651645719066498819e-01	1.656059919614095710e-01	7.804867333672599328e-02	3.307070841122370514e-02	8.477484266278519087e-02
1.359413430037134731e+03	2.274552001610214147e-01	1.449544097311523949e-01	2.655149518088896210e-01	1.658544974348689083e-01	7.815312078969706422e-02	3.314097892990065797e-02	8.492684114421299169e-02
1.364251200250789907e+03	2.269109312672651368e-01	1.445783906958481024e-01	2.658632681502935413e-01	1.661015408876811150e-01	7.825699014751119620e-02	3.321094576038052110e-02	8.507793309076348842e-02
1.369088970464445310e+03	2.263698721463708319e-01	1.442044449853153720e-01	2.662095344884276016e-01	1.663471305116547283e-01	7.836028464933590676e-02	3.328060911305379815e-02	8.522812410558486262e-02
1.373926740678100487e+03	2.258320026056603036e-01	1.438325621743979099e-01	2.665537642636807147e-01	1.665912744594124917e-01	7.846300751447433941e-02	3.334996922250575008e-02	8.537741975961163354e-02
1.378764510891755890e+03	2.252973026037690396e-01	1.434627318696556630e-01	2.668959708008390441e-01	1.668339808444764538e-01	7.856516194252267937e-02	3.341902634693454111e-02	8.552582559154572883e-02
1.383602281105411066e+03	2.247657522490719151e-01	1.430949437097331078e-01	2.672361673106298241e-01	1.670752577413545659e-01	7.866675111352572358e-02	3.348778076758080618e-02	8.567334710784717255e-02
1.388440051319066470e+03	2.242373317981321279e-01	1.427291873657147436e-01	2.675743668912346496e-01	1.673151131856282503e-01	7.876777818813075760e-02	3.355623278816857735e-02	8.581998978273401579e-02
1.393277821532721646e+03	2.237120216541726436e-01	1.423654525414677630e-01	2.679105825297736776e-01	1.675535551740409967e-01	7.886824630773955902e-02	3.362438273435720132e-02	8.596575905819128782e-02
1.398115591746377049e+03	2.231898023655702334e-01	1.420037289739724540e-01	2.682448271037606302e-01	1.677905916645884288e-01	7.896815859465877718e-02	3.369223095320410949e-02	8.611066034398845437e-02
1.402953361960032225e+03	2.226706546243713003e-01	1.416440064336404459e-01	2.685771133825305412e-01	1.680262305766090647e-01	7.906751815224848101e-02	3.375977781263817673e-02	8.625469901770503600e-02
1.407791132173687402e+03	2.221545592648293543e-01	1.412862747246211581e-01	2.689074540286393034e-01	1.682604797908765215e-01	7.916632806506915254e-02	3.382702370094352318e-02	8.639788042476402585e-02
1.412628902387342805e+03	2.216414972619636103e-01	1.409305236850967036e-01	2.692358615992368476e-01	1.684933471496925794e-01	7.926459139902686246e-02	3.389396902625353702e-02	8.654020987847285684e-02
1.417466672600997981e+03	2.211314497301382909e-01	1.405767431875652729e-01	2.695623485474145098e-01	1.687248404569816063e-01	7.936231120151698848e-02	3.396061421605484076e-02	8.668169266007148821e-02
1.422304442814653157e+03	2.206243979216624129e-01	1.402249231391138884e-01	2.698869272235263073e-01	1.689549674783857314e-01	7.945949050156618509e-02	3.402695971670114533e-02	8.682233401878734769e-02
1.427142213028308333e+03	2.201203232254096143e-01	1.398750534816798619e-01	2.702096098764857901e-01	1.691837359413613795e-01	7.955613230997282681e-02	3.409300599293665218e-02	8.696213917189683784e-02
1.431979983241963964e+03	2.196192071654576583e-01	1.395271241923020100e-01	2.705304086550387455e-01	1.694111535352767484e-01	7.965223961944584152e-02	3.415875352742893389e-02	8.710111330479301806e-02
1.436817753455619140e+03	2.191210313997472570e-01	1.391811252833615731e-01	2.708493356090111992e-01	1.696372279115103965e-01	7.974781540474205899e-02	3.422420282031106431e-02	8.723926157105936496e-02
1.441655523669274316e+03	2.186257777187598783e-01	1.388370468028128080e-01	2.711664026905356017e-01	1.698619666835507747e-01	7.984286262280199109e-02	3.428935438873276231e-02	8.737658909254912565e-02
1.446493293882929493e+03	2.181334280442142615e-01	1.384948788344038118e-01	2.714816217552532551e-01	1.700853774270968122e-01	7.993738421288416884e-02	3.435420876642049370e-02	8.751310095947013867e-02
1.451331064096585123e+03	2.176439644277811669e-01	1.381546114978879358e-01	2.717950045634952017e-01	1.703074676801596410e-01	8.003138309669791117e-02	3.441876650324624670e-02	8.764880223047480379e-02
1.456168834310240300e+03	2.171573690498162235e-01	1.378162349492254302e-01	2.721065627814414634e-01	1.705282449431651248e-01	8.012486217853476145e-02	3.448302816480487698e-02	8.778369793275504762e-02
1.461006604523895703e+03	2.166736242181103167e-01	1.374797393807761781e-01	2.724163079822587430e-01	1.707477166790575540e-01	8.021782434539838358e-02	3.454699433199981407e-02	8.791779306214189682e-02
1.465844374737550879e+03	2.161927123666575745e-01	1.371451150214832715e-01	2.727242516472180855e-01	1.709658903134042285e-01	8.031027246713308421e-02	3.461066560063702502e-02	8.805109258320954757e-02
1.470682144951206283e+03	2.157146160544402280e-01	1.368123521370478990e-01	2.730304051667921117e-01	1.711827732345009567e-01	8.040220939655097487e-02	3.467404258102701337e-02	8.818360142938364010e-02
1.475519915164861459e+03	2.152393179642302645e-01	1.364814410300955738e-01	2.733347798417323782e-01	1.713983727934785262e-01	8.049363796955771866e-02	3.473712589759469366e-02	8.831532450305361326e-02
1.480357685378516862e+03	2.147668009014076507e-01	1.361523720403341187e-01	2.736373868841277535e-01	1.716126963044102560e-01	8.058456100527697230e-02	3.479991618849708618e-02	8.844626667568887546e-02
1.485195455592172038e+03	2.142970477927945983e-01	1.358251355447032960e-01	2.739382374184440305e-01	1.718257510444201885e-01	8.067498130617341279e-02	3.486241410524858197e-02	8.857643278795855613e-02
1.490033225805827215e+03	2.138300416855058728e-01	1.354997219575166112e-01	2.742373424825447770e-01	1.720375442537923627e-01	8.076490165817458433e-02	3.492462031235363251e-02	8.870582764985472657e-02
1.494870996019482618e+03	2.133657657458147838e-01	1.351761217305952056e-01	2.745347130286948101e-01	1.722480831360808928e-01	8.085432483079127430e-02	3.498653548694680843e-02	8.883445604081886826e-02
1.499708766233137567e+03	2.129042032580341082e-01	1.348543253533940334e-01	2.748303599245454087e-01	1.724573748582208799e-01	8.094325357723680670e-02	3.504816031843999147e-02	8.896232270987139423e-02
1.504546536446793198e+03	2.124453376234126944e-01	1.345343233531208771e-01	2.751242939541030386e-01	1.726654265506404051e-01	8.103169063454490617e-02	3.510949550817659554e-02	8.908943237574408480e-02
1.509384306660448374e+03	2.119891523590466398e-01	1.342161062948478423e-01	2.754165258186808130e-01	1.728722453073729126e-01	8.111963872368646578e-02	3.517054176909272661e-02	8.921578972701525723e-02
1.514222076874103550e+03	2.115356310968047604e-01	1.338996647816158014e-01	2.757070661378336895e-01	1.730778381861708126e-01	8.120710054968498237e-02	3.523129982538507343e-02	8.934139942224754438e-02
1.519059847087758726e+03	2.110847575822688837e-01	1.335849894545320105e-01	2.759959254502776793e-01	1.732822122086197236e-01	8.129407880173085410e-02	3.529177041218543864e-02	8.946626609012803266e-02
1.523897617301414357e+03	2.106365156736878796e-01	1.332720709928608971e-01	2.762831142147934016e-01	1.734853743602533804e-01	8.138057615329449823e-02	3.535195427524178563e-02	8.959039432961077298e-02
1.528735387515069533e+03	2.101908893409456525e-01	1.329609001141081048e-01	2.765686428111141515e-01	1.736873315906694581e-01	8.146659526223823389e-02	3.541185217060566909e-02	8.971378871006133182e-02
1.533573157728724709e+03	2.097478626645427058e-01	1.326514675740983751e-01	2.768525215407990347e-01	1.738880908136460901e-01	8.155213877092706842e-02	3.547146486432591755e-02	8.983645377140338228e-02
1.538410927942380113e+03	2.093074198345910020e-01	1.323437641670468512e-01	2.771347606280915588e-01	1.740876589072590797e-01	8.163720930633837358e-02	3.553079313214847074e-02	8.995839402426722420e-02
1.543248698156035516e+03	2.088695451498222000e-01	1.320377807256244707e-01	2.774153702207635130e-01	1.742860427139998614e-01	8.172180948017032653e-02	3.558983775922225368e-02	9.007961395013995565e-02
1.548086468369690692e+03	2.084342230166085219e-01	1.317335081210171677e-01	2.776943603909451941e-01	1.744832490408941006e-01	8.180594188894937946e-02	3.564859953981089347e-02	9.020011800151736536e-02
1.552924238583346096e+03	2.080014379479963871e-01	1.314309372629793582e-01	2.779717411359418078e-01	1.746792846596209869e-01	8.188960911413656341e-02	3.570707927701034790e-02	9.031991060205715738e-02
1.557762008797001272e+03	2.075711745627527305e-01	1.311300590998817628e-01	2.782475223790362162e-01	1.748741563066332216e-01	8.197281372223273743e-02	3.576527778247208522e-02	9.043899614673385490e-02
1.562599779010656675e+03	2.071434175844233394e-01	1.308308646187534008e-01	2.785217139702789169e-01	1.750678706832774767e-01	8.205555826488278304e-02	3.582319587613194689e-02	9.055737900199468948e-02
1.567437549224311852e+03	2.067181518404035412e-01	1.305333448453184775e-01	2.787943256872647546e-01	1.752604344559157701e-01	8.213784527897877163e-02	3.588083438594444341e-02	9.067506350591686415e-02
1.572275319437967255e+03	2.062953622610201876e-01	1.302374908440278312e-01	2.790653672358971993e-01	1.754518542560470906e-01	8.221967728676203568e-02	3.593819414762240705e-02	9.079205396836581565e-02
