6.289101277751868224e+01	4.937161648648699108e-01	4.628577811616887971e-01	1.777504749586748117e-02	5.124676264912295109e-03	9.058823371225308008e-03	6.686738918568855758e-03	4.780767922842836873e-03
6.772878299117397205e+01	5.027832577488803301e-01	4.501349931649263336e-01	1.947712151106767084e-02	6.197606230702423780e-03	9.791051579477908634e-03	6.735552173133048381e-03	4.880417591787765234e-03
7.256655320482924765e+01	5.104723593623822220e-01	4.387335009361074123e-01	2.120250311814373192e-02	7.284518921704600906e-03	1.052051128298248095e-02	6.788394813261991283e-03	4.998211565393114071e-03
7.740432341848452324e+01	5.169490816377589892e-01	4.284973740101954420e-01	2.294678178426491633e-02	8.382676074385449552e-03	1.124542773527704466e-02	6.845013250080854081e-03	5.133645508012760379e-03
8.224209363213981305e+01	5.223593336435036205e-01	4.192892119308680998e-01	2.470608568123513690e-02	9.489681849950573275e-03	1.196433035523227807e-02	6.905174751147808050e-03	5.286181788037960447e-03
8.707986384579510286e+01	5.268316643488664131e-01	4.109879412818514544e-01	2.647701748163095239e-02	1.060344154127379132e-02	1.267601209855416002e-02	6.968665342308819066e-03	5.455257905489906828e-03
9.191763405945040688e+01	5.304793268362433256e-01	4.034868746367487602e-01	2.825659779048032491e-02	1.172212521536236847e-02	1.337949387398846765e-02	7.035287941641076188e-03	5.640293705511185279e-03
9.675540427310566827e+01	5.334020970805057882e-01	3.966920002864325334e-01	3.004221530461781767e-02	1.284413570332052987e-02	1.407399339419178330e-02	7.104860698711157677e-03	5.840697532195899058e-03
1.015931744867609581e+02	5.356878764766965784e-01	3.905204753056101818e-01	3.183158289979424321e-02	1.396808041974723254e-02	1.475889792425355215e-02	7.177215515518277182e-03	6.055871458355378822e-03
1.064309447004162337e+02	5.374141038279265370e-01	3.848992977824962081e-01	3.362269894072696802e-02	1.509274655515542227e-02	1.543374045516849973e-02	7.252196728265209238e-03	6.285215710236740326e-03
1.112687149140715235e+02	5.386489994482414057e-01	3.797641369099649666e-01	3.541381319307738973e-02	1.621707923931846318e-02	1.609817888620448251e-02	7.329659931543913709e-03	6.528132391625030874e-03
1.161064851277267991e+02	5.394526613416412708e-01	3.750583021692414087e-01	3.720339679017872769e-02	1.734016232130718843e-02	1.675197785000045320e-02	7.409470928678366444e-03	6.784028598928185799e-03
1.209442553413820747e+02	5.398780310451007924e-01	3.707318350687408559e-01	3.899011577239500093e-02	1.846120145414615471e-02	1.739499285816692442e-02	7.491504793867905833e-03	7.052319007557974681e-03
1.257820255550373645e+02	5.399717446322946923e-01	3.667407088668974691e-01	4.077280777431467607e-02	1.957950920916731730e-02	1.802715648385594741e-02	7.575645033450752359e-03	7.332427999994711905e-03
1.306197957686926259e+02	5.397748825322148392e-01	3.630461234402760917e-01	4.255046148548945195e-02	2.069449197786988465e-02	1.864846633184312485e-02	7.661782835085850958e-03	7.623791397196221648e-03
1.354575659823479441e+02	5.393236301934175581e-01	3.596138839847300428e-01	4.432219855493083061e-02	2.180563844793189168e-02	1.925897457667096260e-02	7.749816394955284272e-03	7.925857847338917475e-03
1.402953361960032339e+02	5.386498601942165676e-01	3.564138535823455634e-01	4.608725764878782161e-02	2.291250946542547004e-02	1.985877887582537110e-02	7.839650314239872061e-03	8.238089919134796574e-03
1.451331064096584669e+02	5.377816451387873453e-01	3.534194708519796668e-01	4.784498040517794898e-02	2.401472911767137813e-02	2.044801448818222775e-02	7.931195057135406040e-03	8.559964941041421638e-03
1.499708766233137851e+02	5.367437095686483639e-01	3.506073249453611762e-01	4.959479906058482379e-02	2.511197689088905810e-02	2.102684744844493872e-02	8.024366463572418090e-03	8.890975622474636686e-03
1.548086468369690749e+02	5.355578281405212193e-01	3.479567810707439035e-01	5.133622554905737517e-02	2.620398077417264437e-02	2.159546866632817280e-02	8.119085310592367641e-03	9.230630488559661562e-03
1.596464170506243647e+02	5.342431764594471888e-01	3.454496505367308234e-01	5.306884189907824095e-02	2.729051119663010450e-02	2.215408883511923652e-02	8.215276917030453832e-03	9.578454155939303272e-03
1.644841872642796261e+02	5.328166401964106180e-01	3.430699000231381413e-01	5.479229177379210669e-02	2.837137569800821449e-02	2.270293404822441158e-02	8.312870786770556672e-03	9.933987473631463935e-03
1.693219574779349159e+02	5.312930874504182555e-01	3.408033954150959666e-01	5.650627301863144630e-02	2.944641424500647059e-02	2.324224203460927701e-02	8.411800286381056549e-03	1.029678754983303669e-02
1.741597276915902057e+02	5.296856087252548306e-01	3.386376760910870254e-01	5.821053109654319296e-02	3.051549511594973257e-02	2.377225893486934263e-02	8.512002353419770295e-03	1.066642768285166326e-02
1.789974979052454671e+02	5.280057283715235972e-01	3.365617560441974687e-01	5.990485330526319763e-02	3.157851128571020211e-02	2.429323654919620865e-02	8.613417232119726166e-03	1.104249721196520762e-02
1.838352681189008138e+02	5.262635908867533407e-01	3.345659486463423704e-01	6.158906368363564060e-02	3.263537725089251523e-02	2.480542999688958861e-02	8.715988233541395458e-03	1.142460130192070149e-02
1.886730383325560467e+02	5.244681250629568137e-01	3.326417122445284869e-01	6.326301852503242451e-02	3.368602624245202459e-02	2.530909573444359295e-02	8.819661517607308918e-03	1.181236067295481432e-02
1.935108085462113081e+02	5.226271886155923196e-01	3.307815141124230696e-01	6.492660242567080409e-02	3.473040777922052624e-02	2.580448988572691879e-02	8.924385894726761387e-03	1.220541128661509211e-02
1.983485787598666263e+02	5.207476956147086833e-01	3.289787105749662488e-01	6.657972480421232853e-02	3.576848552136725756e-02	2.629186684348665606e-02	9.030112644976160882e-03	1.260340399625816017e-02
2.031863489735219162e+02	5.188357287631175652e-01	3.272274413832227946e-01	6.822231683659010781e-02	3.680023538771516611e-02	2.677147810642799622e-02	9.136795353028458536e-03	1.300600416987338775e-02
2.080241191871772060e+02	5.168966383233052353e-01	3.255225366452791924e-01	6.985432875667625663e-02	3.782564390514221719e-02	2.724357132053901662e-02	9.244389757226511087e-03	1.341289129180704351e-02
2.128618894008324673e+02	5.149351292805771640e-01	3.238594348204200668e-01	7.147572747927366521e-02	3.884470676209351298e-02	2.770838949721364519e-02	9.352853611373440970e-03	1.382375854902391683e-02
2.176996596144877287e+02	5.129553381411772195e-01	3.222341104612985174e-01	7.308649450709023276e-02	3.985742754157416134e-02	2.816617038414036614e-02	9.462146557970559785e-03	1.423831240672433773e-02
2.225374298281430470e+02	5.109609005978122953e-01	3.206430105451937296e-01	7.468662408791280904e-02	4.086381661193821957e-02	2.861714596792551413e-02	9.572230011772845867e-03	1.465627217741992394e-02
2.273752000417983652e+02	5.089550111484811845e-01	3.190829983732339503e-01	7.627612159221483501e-02	4.186389015638374705e-02	2.906154209005769318e-02	9.683067052655371446e-03	1.507736958694854724e-02
2.322129702554535982e+02	5.069404756253911293e-01	3.175513041378670853e-01	7.785500208497110608e-02	4.285766932434903476e-02	2.949957816013719022e-02	9.794622326893282632e-03	1.550134834036658547e-02
2.370507404691088880e+02	5.049197574769855867e-01	3.160454813658309381e-01	7.942328906857133719e-02	4.384517949001808662e-02	2.993146695233003460e-02	9.906861956054686252e-03	1.592796369018479805e-02
2.418885106827641494e+02	5.028950185458715971e-01	3.145633685381257205e-01	8.098101337647209408e-02	4.482644960491608682e-02	3.035741447279404620e-02	1.001975345279153967e-02	1.635698200900430679e-02
2.467262808964194392e+02	5.008681549971158997e-01	3.131030552715379223e-01	8.252821219964773247e-02	4.580151163313704588e-02	3.077761988739367502e-02	1.013326564288958773e-02	1.678818036825357324e-02
2.515640511100747290e+02	4.988408289735644097e-01	3.116628525194333754e-01	8.406492823003380854e-02	4.677040005912073972e-02	3.119227550039801317e-02	1.024736859300576577e-02	1.722134612441934137e-02
2.564018213237300188e+02	4.968144964862742374e-01	3.102412663140133309e-01	8.559120890703633688e-02	4.773315145910719814e-02	3.160156677606500847e-02	1.036203354358130983e-02	1.765627651389806152e-02
2.612395915373852517e+02	4.947904319877338697e-01	3.088369746290308138e-01	8.710710575483618379e-02	4.868980412846330569e-02	3.200567239607482461e-02	1.047723284647180016e-02	1.809277825736459525e-02
2.660773617510405415e+02	4.927697500223205407e-01	3.074488069920187083e-01	8.861267379967686930e-02	4.964039775801514648e-02	3.240476434670477857e-02	1.059293990688254042e-02	1.853066717435686295e-02
2.709151319646958882e+02	4.907534243015402309e-01	3.060757265191813015e-01	9.010797105761005066e-02	5.058497315334667399e-02	3.279900803045261021e-02	1.070912912923952486e-02	1.896976780860513273e-02
2.757529021783511780e+02	4.887423045102746166e-01	3.047168140849613738e-01	9.159305808430548423e-02	5.152357199175334329e-02	3.318856239752836224e-02	1.082577586666347812e-02	1.940991306448887344e-02
2.805906723920064678e+02	4.867371311138461443e-01	3.033712543725315958e-01	9.306799757953056196e-02	5.245623661218035833e-02	3.357358009325953074e-02	1.094285637374757536e-02	1.985094385487965948e-02
2.854284426056617008e+02	4.847385484036332293e-01	3.020383235816262446e-01	9.453285403978385626e-02	5.338300983403958949e-02	3.395420761800073406e-02	1.106034776236895951e-02	2.029270876052275546e-02
2.902662128193169337e+02	4.827471159906977505e-01	3.007173785967119373e-01	9.598769345334194625e-02	5.430393480129602074e-02	3.433058549661699432e-02	1.117822796029041901e-02	2.073506370102022253e-02
2.951039830329722804e+02	4.807633189319842626e-01	2.994078474419150648e-01	9.743258303266189024e-02	5.521905484865197861e-02	3.470284845502737137e-02	1.129647567233203753e-02	2.117787161740279644e-02
2.999417532466276270e+02	4.787875766517024068e-01	2.981092208697599943e-01	9.886759097968260412e-02	5.612841338704229605e-02	3.507112560166004284e-02	1.141507034391355327e-02	2.162100216621438975e-02
3.047795234602828600e+02	4.768202508011718521e-01	2.968210449489561698e-01	1.002927862800991748e-01	5.703205380599252194e-02	3.543554061198853772e-02	1.153399212678678579e-02	2.206433142498021721e-02
3.096172936739380930e+02	4.748616521833680659e-01	2.955429145324901530e-01	1.017082385231507791e-01	5.793001939069022943e-02	3.579621191459564367e-02	1.165322184679424417e-02	2.250774160888608863e-02
3.144550638875934396e+02	4.729120468534016020e-01	2.942744675013983513e-01	1.031140177438741867e-01	5.882235325188207159e-02	3.615325287745336375e-02	1.177274097350490545e-02	2.295112079846075431e-02
3.192928341012487294e+02	4.709716614929328471e-01	2.930153796920308418e-01	1.045101942851380528e-01	5.970909826694012490e-02	3.650677199331724826e-02	1.189253159159158954e-02	2.339436267802457239e-02
3.241306043149040192e+02	4.690406881448743737e-01	2.917653604255780464e-01	1.058968386770917924e-01	6.059029703064389150e-02	3.685687306331583007e-02	1.201257637382629508e-02	2.383736628464502849e-02
3.289683745285592522e+02	4.671192883844620947e-01	2.905241485682876768e-01	1.072740215319450963e-01	6.146599181440340343e-02	3.720365537797444555e-02	1.213285855558065250e-02	2.428003576732197175e-02
3.338061447422145420e+02	4.652075969937315425e-01	2.892915090593059513e-01	1.086418134522416645e-01	6.233622453280568410e-02	3.754721389504975942e-02	1.225336191072833730e-02	2.472228015611238963e-02
3.386439149558698318e+02	4.633057251984640801e-01	2.880672298505769224e-01	1.100002849510092612e-01	6.320103671650523225e-02	3.788763941366998789e-02	1.237407072885493738e-02	2.516401314089492317e-02
3.434816851695251216e+02	4.614137635196425280e-01	2.868511192098359142e-01	1.113495063823611991e-01	6.406046949060058282e-02	3.822501874437814195e-02	1.249496979368865980e-02	2.560515285946823177e-02
3.483194553831804114e+02	4.595317842852705836e-01	2.856430033435554683e-01	1.126895478812931090e-01	6.491456355774596898e-02	3.855943487476404252e-02	1.261604436267228443e-02	2.604562169467378174e-02
3.531572255968357013e+02	4.576598438429536619e-01	2.844427243018290974e-01	1.140204793115695697e-01	6.576335918534091662e-02	3.889096713044642301e-02	1.273728014760318501e-02	2.648534608023244558e-02
3.579949958104909342e+02	4.557979845088391824e-01	2.832501381316972489e-01	1.153423702207254375e-01	6.660689619622300883e-02	3.921969133123132806e-02	1.285866329627398212e-02	2.692425631498511149e-02
3.628327660241463377e+02	4.539462362842777154e-01	2.820651132494013669e-01	1.166552898013240164e-01	6.744521396236179134e-02	3.954567994232892347e-02	1.298018037505162259e-02	2.736228638522983023e-02
3.676705362378016275e+02	4.521046183678379404e-01	2.808875290055595220e-01	1.179593068577156345e-01	6.827835140111541967e-02	3.986900222055743404e-02	1.310181835233742605e-02	2.779937379485186363e-02
3.725083064514568036e+02	4.502731404870231602e-01	2.797172744203479389e-01	1.192544897776305901e-01	6.910634697366738188e-02	4.018972435550344224e-02	1.322356458285491379e-02	2.823545940294777679e-02
3.773460766651120935e+02	4.484518040711403253e-01	2.785542470684972405e-01	1.205409065080196990e-01	6.992923868530986908e-02	4.050790960564130266e-02	1.334540679271615897e-02	2.867048726865055810e-02
3.821838468787673833e+02	4.466406032842218377e-01	2.773983520963109184e-01	1.218186245346257884e-01	7.074706408728353990e-02	4.082361842944275121e-02	1.346733306522097072e-02	2.910440450286926745e-02
3.870216170924226162e+02	4.448395259346530350e-01	2.762495013550287926e-01	1.230877108648308627e-01	7.155986027992104759e-02	4.113690861153135314e-02	1.358933182734641150e-02	2.953716112666363719e-02
3.918593873060780197e+02	4.430485542761771200e-01	2.751076126367202890e-01	1.243482320133778990e-01	7.236766391687488031e-02	4.144783538395597350e-02	1.371139183688720349e-02	2.996870993598184374e-02
3.966971575197332527e+02	4.412676657132047486e-01	2.739726090005360493e-01	1.256002539906145854e-01	7.317051121023925020e-02	4.175645154267324660e-02	1.383350217021017334e-02	3.039900637249721635e-02
4.015349277333884856e+02	4.394968334218177786e-01	2.728444181785902867e-01	1.268438422929475951e-01	7.396843793640120457e-02	4.206280755934190679e-02	1.395565221058849004e-02	3.082800840028796299e-02
4.063726979470438323e+02	4.377360268965019841e-01	2.717229720520232816e-01	1.280790618952339643e-01	7.476147944247817090e-02	4.236695168854211213e-02	1.407783163708361748e-02	3.125567638811208721e-02
4.112104681606991221e+02	4.359852124314498867e-01	2.706082061889139578e-01	1.293059772448684197e-01	7.554967065321921416e-02	4.266893007054058801e-02	1.420003041394508024e-02	3.168197299703803815e-02
4.160482383743544119e+02	4.342443535442240821e-01	2.695000594367049640e-01	1.305246522573540180e-01	7.633304607826364718e-02	4.296878682972850305e-02	1.432223878050001113e-02	3.210686307319990385e-02
4.208860085880095880e+02	4.325134113486427401e-01	2.683984735626721574e-01	1.317351503131698742e-01	7.711163981966634440e-02	4.326656416886336814e-02	1.444444724150625164e-02	3.253031354545435350e-02
4.257237788016648778e+02	4.307923448829356627e-01	2.673033929367393813e-01	1.329375342557708173e-01	7.788548557961157137e-02	4.356230245924866407e-02	1.456664655794438767e-02	3.295229332772457026e-02
4.305615490153201677e+02	4.290811113984965286e-01	2.662147642516176083e-01	1.341318663905745889e-01	7.865461666824878628e-02	4.385604032698708910e-02	1.468882773822566962e-02	3.337277322582481165e-02
4.353993192289755143e+02	4.273796666139260125e-01	2.651325362758421011e-01	1.353182084848089384e-01	7.941906601159375023e-02	4.414781473544336643e-02	1.481098202979407898e-02	3.379172584856682954e-02
4.402370894426308041e+02	4.256879649385007514e-01	2.640566596358082663e-01	1.364966217681066740e-01	8.017886615944695705e-02	4.443766106405263455e-02	1.493310091110219839e-02	3.420912552295757303e-02
4.450748596562860939e+02	4.240059596687108523e-01	2.629870866233696147e-01	1.376671669337496684e-01	8.093404929328908148e-02	4.472561318360922938e-02	1.505517608394166262e-02	3.462494821330498740e-02
4.499126298699413837e+02	4.223336031610761543e-01	2.619237710259689211e-01	1.388299041404753298e-01	8.168464723411930639e-02	4.501170352816907805e-02	1.517719946611013719e-02	3.503917144405620937e-02
4.547504000835967304e+02	4.206708469840685916e-01	2.608666679766341590e-01	1.399848930147691572e-01	8.243069145020855137e-02	4.529596316369700892e-02	1.529916318439781230e-02	3.545177422619980034e-02
4.595881702972519065e+02	4.190176420516325551e-01	2.598157338214869272e-01	1.411321926535760996e-01	8.317221306474426035e-02	4.557842185358736836e-02	1.542105956787732414e-02	3.586273698707056340e-02
4.644259405109071963e+02	4.173739387404967749e-01	2.587709260026905267e-01	1.422718616273717651e-01	8.390924286334786042e-02	4.585910812118387803e-02	1.554288114148197342e-02	3.627204150340229694e-02
4.692637107245624861e+02	4.157396869932130090e-01	2.577322029550108140e-01	1.434039579835419409e-01	8.464181130144943221e-02	4.613804930942134314e-02	1.566462061985793991e-02	3.667967083748060325e-02
4.741014809382177759e+02	4.141148364086233435e-01	2.566995240143803980e-01	1.445285392500241517e-01	8.536994851150774000e-02	4.641527163770860914e-02	1.578627090147694673e-02	3.708560927625394188e-02
4.789392511518730657e+02	4.124993363212577924e-01	2.556728493370464261e-01	1.456456624391719856e-01	8.609368431006617084e-02	4.669080025616859780e-02	1.590782506299662571e-02	3.748984227326754293e-02
4.837770213655284124e+02	4.108931358709836390e-01	2.546521398280522375e-01	1.467553840518067421e-01	8.681304820463758842e-02	4.696465929734789518e-02	1.602927635385647739e-02	3.789235639329049943e-02
4.886147915791837022e+02	4.092961840640715332e-01	2.536373570779500430e-01	1.478577600814254267e-01	8.752806940041331363e-02	4.723687192550455466e-02	1.615061819109800054e-02	3.829313925951217945e-02
4.934525617928388783e+02	4.077084298267036333e-01	2.526284633067734653e-01	1.489528460185382819e-01	8.823877680679267921e-02	4.750746038357922529e-02	1.627184415439815457e-02	3.869217950318958044e-02
4.982903320064942250e+02	4.061298220518282931e-01	2.516254213144134555e-01	1.500406968551121489e-01	8.894519904373177077e-02	4.777644603795101752e-02	1.639294798130589911e-02	3.908946671563238301e-02
5.031281022201495148e+02	4.045603096401567678e-01	2.506281944366432479e-01	1.511213670890986793e-01	8.964736444791057690e-02	4.804384942107588208e-02	1.651392356267211703e-02	3.948499140241771427e-02
5.079658724338048046e+02	4.029998415360034336e-01	2.496367465061262447e-01	1.521949107290295200e-01	9.034530107871915905e-02	4.830969027210161443e-02	1.663476493826366101e-02	3.987874493973132817e-02
5.128036426474600376e+02	4.014483667585874715e-01	2.486510418178212167e-01	1.532613812986624302e-01	9.103903672406429837e-02	4.857398757555003721e-02	1.675546629255283970e-02	4.027071953273665683e-02
5.176414128611153274e+02	3.999058344293395795e-01	2.476710450982674006e-01	1.543208318416641744e-01	9.172859890599856236e-02	4.883675959815349937e-02	1.687602195067402708e-02	4.066090817587766221e-02
5.224791830747705035e+02	3.983721937956936077e-01	2.466967214782935514e-01	1.553733149263187563e-01	9.241401488617476123e-02	4.909802392392917381e-02	1.699642637453955760e-02	4.104930461502555306e-02
5.273169532884259070e+02	3.968473942517842246e-01	2.457280364687495777e-01	1.564188826502496688e-01	9.309531167112879146e-02	4.935779748757149199e-02	1.711667415910741313e-02	4.143590331138375521e-02
5.321547235020811968e+02	3.953313853564240365e-01	2.447649559389063478e-01	1.574575866451472794e-01	9.377251601739465536e-02	4.961609660623962637e-02	1.723676002879365524e-02	4.182069940706928390e-02
5.369924937157364866e+02	3.938241168486857346e-01	2.438074460972111113e-01	1.584894780814936344e-01	9.444565443645538960e-02	4.987293700981376005e-02	1.735667883402285810e-02	4.220368869229240705e-02
5.418302639293917764e+02	3.923255386613790363e-01	2.428554734741233123e-01	1.595146076732770757e-01	9.511475319953417717e-02	5.012833386969092753e-02	1.747642554791016198e-02	4.258486757406021450e-02
5.466680341430470662e+02	3.908356009326756642e-01	2.419090049067880166e-01	1.605330256826913715e-01	9.577983834223002813e-02	5.038230182618792102e-02	1.759599526306883724e-02	4.296423304633305990e-02
5.515058043567023560e+02	3.893542540161064047e-01	2.409680075253327058e-01	1.615447819248136130e-01	9.644093566900230341e-02	5.063485501461615496e-02	1.771538318853767280e-02	4.334178266156601955e-02
5.563435745703576458e+02	3.878814484891269787e-01	2.400324487405985086e-01	1.625499257722567426e-01	9.709807075750873095e-02	5.088600709009042516e-02	1.783458464682261685e-02	4.371751450357089924e-02
5.611813447840129356e+02	3.864171351604260840e-01	2.391022962331393886e-01	1.635485061597926615e-01	9.775126896280154909e-02	5.113577125113077243e-02	1.795359507104751784e-02	4.409142716163699793e-02
5.660191149976681118e+02	3.849612650761284338e-01	2.381775179433423817e-01	1.645405715889428355e-01	9.840055542138623212e-02	5.138416026211409943e-02	1.807241000220898008e-02	4.446351970585207813e-02
5.708568852113234016e+02	3.835137895250274043e-01	2.372580820625390940e-01	1.655261701325334012e-01	9.904595505514750264e-02	5.163118647462969224e-02	1.819102508653064679e-02	4.483379166356729617e-02
5.756946554249786914e+02	3.820746600429653084e-01	2.363439570249944721e-01	1.665053494392126354e-01	9.968749257514707141e-02	5.187686184779037590e-02	1.830943607291237590e-02	4.520224299695282943e-02
5.805324256386339812e+02	3.806438284164656571e-01	2.354351115006714235e-01	1.674781567379284297e-01	1.003251924852976151e-01	5.212119796754861173e-02	1.842763881047012817e-02	4.556887408159319280e-02
5.853701958522892710e+02	3.792212466857091124e-01	2.345315143886830267e-01	1.684446388423645191e-01	1.009590790859174053e-01	5.236420606506483888e-02	1.854562924616242822e-02	4.593368568607374830e-02
5.902079660659445608e+02	3.778068671469337891e-01	2.336331348113528938e-01	1.694048421553339956e-01	1.015891764771698902e-01	5.260589703417286461e-02	1.866340342249957901e-02	4.629667895251205617e-02
5.950457362795999643e+02	3.764006423543314050e-01	2.327399421088150178e-01	1.703588126731286900e-01	1.022155085623925458e-01	5.284628144798553945e-02	1.878095747533195872e-02	4.665785537798995686e-02
5.998835064932552541e+02	3.750025251215008404e-01	2.318519058340917094e-01	1.713065959898238400e-01	1.028380990513188958e-01	5.308536957468149714e-02	1.889828763171386844e-02	4.701721679684443128e-02
6.047212767069104302e+02	3.736124685225154507e-01	2.309689957485953904e-01	1.722482373015374324e-01	1.034569714631979609e-01	5.332317139251220584e-02	1.901539020783966222e-02	4.737476536377702857e-02
6.095590469205657200e+02	3.722304258926510956e-01	2.300911818180067792e-01	1.731837814106432505e-01	1.040721491298149254e-01	5.355969660406657840e-02	1.913226160704892959e-02	4.773050353774364180e-02
6.143968171342210098e+02	3.708563508288187371e-01	2.292184342084873372e-01	1.741132727299376237e-01	1.046836551984166863e-01	5.379495464982873149e-02	1.924889831789773284e-02	4.808443406658834823e-02
6.192345873478761860e+02	3.694901971897384674e-01	2.283507232831885059e-01	1.750367552867595211e-01	1.052915126345462665e-01	5.402895472106290786e-02	1.936529691229305766e-02	4.843655997238648786e-02
6.240723575615315895e+02	3.681319190958876608e-01	2.274880195990250931e-01	1.759542727270639040e-01	1.058957442247891734e-01	5.426170577205779305e-02	1.948145404368769110e-02	4.878688453746390929e-02
6.289101277751868793e+02	3.667814709292527842e-01	2.266302939036835551e-01	1.768658683194481440e-01	1.064963725794356719e-01	5.449321653176116692e-02	1.959736644533294908e-02	4.913541129106092920e-02
6.337478979888421691e+02	3.654388073329102871e-01	2.257775171328397501e-01	1.777715849591316732e-01	1.070934201350617204e-01	5.472349551483425556e-02	1.971303092858678330e-02	4.948214399661083479e-02
6.385856682024975726e+02	3.641038832104580014e-01	2.249296604075631534e-01	1.786714651718889213e-01	1.076869091570321901e-01	5.495255103215378190e-02	1.982844438127485953e-02	4.982708663960443846e-02
6.434234384161527487e+02	3.627766537253186430e-01	2.240866950318876616e-01	1.795655511179357899e-01	1.082768617419291729e-01	5.518039120078847837e-02	1.994360376610241486e-02	5.017024341601324794e-02
6.482612086298080385e+02	3.614570742999304587e-01	2.232485924905310559e-01	1.804538845957700255e-01	1.088632998199084712e-01	5.540702395347546494e-02	2.005850611911466977e-02	5.051161872124532853e-02
6.530989788434633283e+02	3.601451006148418399e-01	2.224153244467476087e-01	1.813365070459653228e-01	1.094462451569870598e-01	5.563245704762073002e-02	2.017314854820384876e-02	5.085121713960908535e-02
6.579367490571185044e+02	3.588406886077226687e-01	2.215868627402997337e-01	1.822134595549199931e-01	1.100257193572642123e-01	5.585669807384689711e-02	2.028752823166076608e-02	5.118904343426123466e-02
6.627745192707737942e+02	3.575437944723038886e-01	2.207631793855364399e-01	1.830847828585602799e-01	1.106017438650789553e-01	5.607975446411010700e-02	2.040164241676917234e-02	5.152510253761662801e-02
6.676122894844290840e+02	3.562543746572561787e-01	2.199442465695675419e-01	1.839505173459987930e-01	1.111743399671063920e-01	5.630163349940722067e-02	2.051548841844109267e-02	5.185939954219824510e-02
6.724500596980843738e+02	3.549723858650156716e-01	2.191300366505242458e-01	1.848107030631485348e-01	1.117435287943953082e-01	5.652234231709309803e-02	2.062906361789144938e-02	5.219193969190714932e-02
6.772878299117396637e+02	3.536977850505661491e-01	2.183205221558971731e-01	1.856653797162927111e-01	1.123093313243492680e-01	5.674188791782706215e-02	2.074236546135034900e-02	5.252272837369272029e-02
6.821256001253949535e+02	3.524305294201831029e-01	2.175156757809445507e-01	1.865145866756111326e-01	1.128717683826536561e-01	5.696027717216670117e-02	2.085539145881156603e-02	5.285177110960472685e-02
6.869633703390502433e+02	3.511705764301468746e-01	2.167154703871633503e-01	1.873583629786633731e-01	1.134308606451504831e-01	5.717751682682613995e-02	2.096813918281565520e-02	5.317907354920949764e-02
6.918011405527055331e+02	3.499178837854294843e-01	2.159198790008180491e-01	1.881967473338293506e-01	1.139866286396634121e-01	5.739361351061532390e-02	2.108060626726642253e-02	5.350464146235326540e-02
6.966389107663608229e+02	3.486724094383601980e-01	2.151288748115209593e-01	1.890297781237078034e-01	1.145390927477744347e-01	5.760857374007589959e-02	2.119279040627930488e-02	5.382848073225674629e-02
7.014766809800161127e+02	3.474341115872732200e-01	2.143424311708599928e-01	1.898574934084728827e-01	1.150882732065546532e-01	5.782240392482853458e-02	2.130468935306049569e-02	5.415059734892550825e-02
7.063144511936714025e+02	3.462029486751426743e-01	2.135605215910691412e-01	1.906799309291898337e-01	1.156341901102505149e-01	5.803511037264599826e-02	2.141630091881552983e-02	5.447099740286157760e-02
7.111522214073266923e+02	3.449788793882056503e-01	2.127831197437383415e-01	1.914971281110899870e-01	1.161768634119274141e-01	5.824669929426534720e-02	2.152762297168620692e-02	5.478968707906237134e-02
7.159899916209819821e+02	3.437618626545779210e-01	2.120101994585590066e-01	1.923091220668053380e-01	1.167163129250723269e-01	5.845717680795213533e-02	2.163865343571476710e-02	5.510667265129371578e-02
7.208277618346371582e+02	3.425518576428641659e-01	2.112417347221027253e-01	1.931159495995638797e-01	1.172525583251570191e-01	5.866654894382888896e-02	2.174939028983424727e-02	5.542196047662427405e-02
7.256655320482924481e+02	3.413488237607639197e-01	2.104776996766297703e-01	1.939176472063454393e-01	1.177856191511632289e-01	5.887482164797953194e-02	2.185983156688399431e-02	5.573555699020932286e-02
7.305033022619478515e+02	3.401527206536761883e-01	2.097180686189256682e-01	1.947142510809991567e-01	1.183155148070715590e-01	5.908200078634068264e-02	2.196997535264947135e-02	5.604746870031247080e-02
7.353410724756030277e+02	3.389635082033037872e-01	2.089628159991634149e-01	1.955057971173225495e-01	1.188422645633151337e-01	5.928809214839059205e-02	2.207981978492529890e-02	5.635770218355433403e-02
7.401788426892584312e+02	3.377811465262586799e-01	2.082119164197894778e-01	1.962923209121033019e-01	1.193658875581995599e-01	5.949310145064560379e-02	2.218936305260082315e-02	5.666626408037766377e-02
7.450166129029136073e+02	3.366055959726692026e-01	2.074653446344317809e-01	1.970738577681235837e-01	1.198864027992903591e-01	5.969703433997377434e-02	2.229860339476723990e-02	5.697316109071914880e-02
7.498543831165690108e+02	3.354368171247911201e-01	2.067230755468283943e-01	1.978504426971278707e-01	1.204038291647691605e-01	5.989989639673468785e-02	2.240753909984558034e-02	5.727839996987826865e-02
7.546921533302243006e+02	3.342747707956221226e-01	2.059850842097752655e-01	1.986221104227547662e-01	1.209181854047597510e-01	6.010169313775419464e-02	2.251616850473472931e-02	5.758198752457421854e-02
7.595299235438793630e+02	3.331194180275217631e-01	2.052513458240919075e-01	1.993888953834328237e-01	1.214294901426251211e-01	6.030243001914228906e-02	2.262448999397882396e-02	5.788393060918232969e-02
7.643676937575347665e+02	3.319707200908361688e-01	2.045218357376038243e-01	2.001508317352415911e-01	1.219377618762366167e-01	6.050211243896187752e-02	2.273250199895326604e-02	5.818423612214171370e-02
7.692054639711900563e+02	3.308286384825294135e-01	2.037965294441408948e-01	2.009079533547375451e-01	1.224430189792160284e-01	6.070074573975609011e-02	2.284020299706875437e-02	5.848291100252634572e-02
7.740432341848452324e+02	3.296931349248207188e-01	2.030754025825505238e-01	2.016602938417461910e-01	1.229452797021519106e-01	6.089833521094096397e-02	2.294759151099266814e-02	5.877996222677214777e-02
7.788810043985006359e+02	3.285641713638287609e-01	2.023584309357248645e-01	2.024078865221200507e-01	1.234445621737907534e-01	6.109488609107054796e-02	2.305466610788720061e-02	5.907539680555287664e-02
7.837187746121558121e+02	3.274417099682234156e-01	2.016455904296413359e-01	2.031507644504637333e-01	1.239408844022040906e-01	6.129040356998061850e-02	2.316142539866369865e-02	5.936922178079816897e-02
7.885565448258112156e+02	3.263257131278840539e-01	2.009368571324159913e-01	2.038889604128256705e-01	1.244342642759322798e-01	6.148489279081722353e-02	2.326786803725261824e-02	5.966144422284713755e-02
7.933943150394665054e+02	3.252161434525666084e-01	2.002322072533686270e-01	2.046225069293578502e-01	1.249247195651059378e-01	6.167835885195589729e-02	2.337399271988859634e-02	5.995207122773146824e-02
7.982320852531219089e+02	3.241129637705772448e-01	1.995316171420994655e-01	2.053514362569434926e-01	1.254122679225455339e-01	6.187080680881696521e-02	2.347979818441012917e-02	6.024110991458210551e-02
8.030698554667769713e+02	3.230161371274550830e-01	1.988350632875768853e-01	2.060757803917931119e-01	1.258969268848402490e-01	6.206224167558234417e-02	2.358528320957337804e-02	6.052856742315389921e-02
8.079076256804323748e+02	3.219256267846620778e-01	1.981425223172355587e-01	2.067955710720096041e-01	1.263787138734064897e-01	6.225266842681872331e-02	2.369044661437964133e-02	6.081445091146290421e-02
8.127453958940876646e+02	3.208413962182815604e-01	1.974539709960845268e-01	2.075108397801227189e-01	1.268576461955268631e-01	6.244209199901197549e-02	2.379528725741604511e-02	6.109876755353124689e-02
8.175831661077428407e+02	3.197634091177250504e-01	1.967693862258252657e-01	2.082216177455930572e-01	1.273337410453705687e-01	6.263051729201725426e-02	2.389980403620906024e-02	6.138152453723467322e-02
8.224209363213982442e+02	3.186916293844469505e-01	1.960887450439786905e-01	2.089279359472865361e-01	1.278070155049950418e-01	6.281794917042915483e-02	2.400399588659040892e-02	6.166272906224816441e-02
8.272587065350534203e+02	3.176260211306675685e-01	1.954120246230212909e-01	2.096298251159193493e-01	1.282774865453305824e-01	6.300439246487597733e-02	2.410786178207499630e-02	6.194238833808519973e-02
8.320964767487085965e+02	3.165665486781046867e-01	1.947392022695300096e-01	2.103273157364737300e-01	1.287451710271474148e-01	6.318985197324203384e-02	2.421140073325049602e-02	6.222050958222652417e-02
8.369342469623640000e+02	3.155131765567132929e-01	1.940702554233353638e-01	2.110204380505854571e-01	1.292100857020065663e-01	6.337433246182165580e-02	2.431461178717823565e-02	6.249710001833419515e-02
8.417720171760191761e+02	3.144658695034334706e-01	1.934051616566827558e-01	2.117092220589029405e-01	1.296722472131945914e-01	6.355783866640847546e-02	2.441749402680503181e-02	6.277216687454739708e-02
8.466097873896745796e+02	3.134245924609466161e-01	1.927438986734015813e-01	2.123936975234183566e-01	1.301316720966430585e-01	6.374037529332328422e-02	2.452004657038569027e-02	6.304571738185608953e-02
8.514475576033297557e+02	3.123893105764395939e-01	1.920864443080820549e-01	2.130738939697715828e-01	1.305883767818327990e-01	6.392194702038372922e-02	2.462226857091579998e-02	6.331775877254910978e-02
8.562853278169851592e+02	3.113599892003776626e-01	1.914327765252594460e-01	2.137498406895268488e-01	1.310423775926837786e-01	6.410255849781879012e-02	2.472415921557459539e-02	6.358829827873349605e-02
8.611230980306403353e+02	3.103365938852849504e-01	1.907828734186055031e-01	2.144215667424229643e-01	1.314936907484310080e-01	6.428221434913088117e-02	2.482571772517753322e-02	6.385734313092171488e-02
8.659608682442956251e+02	3.093190903845333128e-01	1.901367132101270119e-01	2.150891009585968738e-01	1.319423323644866586e-01	6.446091917190854836e-02	2.492694335363837208e-02	6.412490055668380873e-02
8.707986384579510286e+02	3.083074446511387956e-01	1.894942742493710697e-01	2.157524719407815095e-01	1.323883184532890500e-01	6.463867753859203757e-02	2.502783538744043218e-02	6.439097777936167444e-02
8.756364086716062047e+02	3.073016228365667013e-01	1.888555350126372989e-01	2.164117080664777482e-01	1.328316649251388981e-01	6.481549399719449545e-02	2.512839314511685490e-02	6.465558201684255824e-02
8.804741788852616082e+02	3.063015912895441506e-01	1.882204741021964445e-01	2.170668374901013886e-01	1.332723875890227949e-01	6.499137307198089852e-02	2.522861597673955666e-02	6.491872048038932475e-02
8.853119490989170117e+02	3.053073165548803591e-01	1.875890702455153269e-01	2.177178881451049819e-01	1.337105021534251148e-01	6.516631926410720865e-02	2.532850326341668651e-02	6.518040037352484939e-02
8.901497193125721878e+02	3.043187653722951302e-01	1.869613022944883185e-01	2.183648877460751259e-01	1.341460242271277359e-01	6.534033705222161426e-02	2.542805441679834091e-02	6.544062889096816105e-02
8.949874895262273640e+02	3.033359046752547861e-01	1.863371492246748418e-01	2.190078637908056125e-01	1.345789693199985759e-01	6.551343089303011957e-02	2.552726887859035898e-02	6.569941321762018394e-02
8.998252597398827675e+02	3.023587015898155372e-01	1.857165901345426973e-01	2.196468435623463167e-01	1.350093528437690815e-01	6.568560522182820272e-02	2.562614612007593079e-02	6.595676052759667785e-02
9.046630299535379436e+02	3.013871234334750127e-01	1.850996042447175804e-01	2.202818541310290201e-01	1.354371901128008648e-01	6.585686445300044378e-02	2.572468564164491142e-02	6.621267798330658649e-02
9.095008001671932334e+02	3.004211377140307837e-01	1.844861708972383163e-01	2.209129223564693656e-01	1.358624963448419043e-01	6.602721298048995491e-02	2.582288697233054570e-02	6.646717273457351804e-02
9.143385703808486369e+02	2.994607121284467155e-01	1.838762695548177561e-01	2.215400748895462735e-01	1.362852866617725311e-01	6.619665517823897227e-02	2.592074966935352734e-02	6.672025191779867859e-02
9.191763405945038130e+02	2.985058145617263126e-01	1.832698798001091978e-01	2.221633381743582936e-01	1.367055760903415906e-01	6.636519540060253908e-02	2.601827331767314969e-02	6.697192265516331566e-02
9.240141108081592165e+02	2.975564130857939471e-01	1.826669813349785232e-01	2.227827384501581409e-01	1.371233795628928609e-01	6.653283798273650074e-02	2.611545752954538488e-02	6.722219205386906205e-02
9.288518810218145063e+02	2.966124759583826376e-01	1.820675539797815268e-01	2.233983017532646109e-01	1.375387119180820905e-01	6.669958724096121394e-02	2.621230194408777706e-02	6.747106720541451441e-02
9.336896512354697961e+02	2.956739716219299319e-01	1.814715776726466001e-01	2.240100539189530671e-01	1.379515879015850155e-01	6.686544747310253778e-02	2.630880622685094136e-02	6.771855518490629833e-02
9.385274214491247449e+02	2.947408687024797858e-01	1.808790324687628570e-01	2.246180205833243626e-01	1.383620221667962169e-01	6.703042295881116164e-02	2.640497006939654043e-02	6.796466305040341216e-02
9.433651916627801484e+02	2.938131360085927679e-01	1.802898985396730880e-01	2.252222271851525570e-01	1.387700292755195686e-01	6.719451795986151887e-02	2.650079318888159605e-02	6.820939784229318459e-02
9.482029618764355519e+02	2.928907425302623158e-01	1.797041561725721270e-01	2.258226989677117602e-01	1.391756236986499140e-01	6.735773672043150750e-02	2.659627532764901117e-02	6.845276658269768000e-02
9.530407320900908417e+02	2.919736574378382077e-01	1.791217857696099369e-01	2.264194609805823544e-01	1.395788198168467498e-01	6.752008346736400324e-02	2.669141625282412528e-02	6.869477627490894189e-02
9.578785023037459041e+02	2.910618500809571962e-01	1.785427678471999402e-01	2.270125380814368710e-01	1.399796319211996376e-01	6.768156241041131671e-02	2.678621575591722676e-02	6.893543390285215844e-02
9.627162725174014213e+02	2.901552899874802471e-01	1.779670830353319022e-01	2.276019549378057727e-01	1.403780742138857895e-01	6.784217774246341370e-02	2.688067365243185583e-02	6.917474643057534844e-02
9.675540427310568248e+02	2.892539468624365506e-01	1.773947120768898378e-01	2.281877360288233347e-01	1.407741608088201590e-01	6.800193363976102245e-02	2.697478978147880777e-02	6.941272080176461023e-02
9.723918129447120009e+02	2.883577905869741387e-01	1.768256358269747197e-01	2.287699056469542080e-01	1.411679057322976771e-01	6.816083426209430807e-02	2.706856400539569066e-02	6.964936393928355951e-02
9.772295831583674044e+02	2.874667912173174966e-01	1.762598352522315170e-01	2.293484878997005261e-01	1.415593229236284112e-01	6.831888375298808547e-02	2.716199620937196149e-02	6.988468274473624842e-02
9.820673533720223531e+02	2.865809189837315030e-01	1.756972914301812017e-01	2.299235067112899433e-01	1.419484262357654791e-01	6.847608623987440357e-02	2.725508630107930513e-02	7.011868409805231683e-02
9.869051235856777566e+02	2.857001442894919752e-01	1.751379855485573067e-01	2.304949858243450500e-01	1.423352294359258863e-01	6.863244583425300027e-02	2.734783421030726261e-02	7.035137485709359872e-02
9.917428937993331601e+02	2.848244377098628211e-01	1.745818989046466485e-01	2.310629488015339961e-01	1.427197462062046451e-01	6.878796663184069682e-02	2.744023988860400456e-02	7.058276185728119823e-02
9.965806640129884499e+02	2.839537699910792412e-01	1.740290129046351275e-01	2.316274190272031019e-01	1.431019901441820674e-01	6.894265271271013407e-02	2.753230330892215277e-02	7.081285191124213341e-02
1.001418434226643626e+03	2.830881120493379810e-01	1.734793090629571655e-01	2.321884197089913171e-01	1.434819747635245057e-01	6.909650814141861386e-02	2.762402446526956296e-02	7.104165180847486771e-02
1.006256204440298802e+03	2.822274349697931339e-01	1.729327690016501939e-01	2.327459738794266375e-01	1.438597134945787670e-01	6.924953696712758677e-02	2.771540337236495788e-02	7.126916831503272987e-02
1.011093974653954206e+03	2.813717100055588838e-01	1.723893744497129732e-01	2.333001043975054534e-01	1.442352196849601143e-01	6.940174322371349402e-02	2.780644006529834136e-02	7.149540817322468100e-02
1.015931744867609382e+03	2.805209085767183530e-01	1.718491072424684629e-01	2.338508339502539113e-01	1.446085066001342179e-01	6.955313092987026879e-02	2.789713459919612032e-02	7.172037810133256863e-02
1.020769515081264785e+03	2.796750022693381132e-01	1.713119493209308009e-01	2.343981850542726508e-01	1.449795874239929450e-01	6.970370408920434357e-02	2.798748704889078912e-02	7.194408479334417350e-02
1.025607285294920075e+03	2.788339628344895793e-01	1.707778827311763614e-01	2.349421800572644436e-01	1.453484752594243756e-01	6.985346669032237166e-02	2.807749750859519014e-02	7.216653491870148041e-02
