6.240723575615315895e+02	3.642407917238035808e-01	2.333650503283788424e-01	1.751309270241671878e-01	1.065741480383204792e-01	5.244835962073225721e-02	2.035495030873385458e-02	4.788577295560477592e-02
6.289101277751868793e+02	3.628654703576928986e-01	2.325155542485228821e-01	1.761028251636977959e-01	1.071499658411440015e-01	5.270412539356721104e-02	2.042684413949868300e-02	4.823521485561756139e-02
6.337478979888421691e+02	3.614987024795491832e-01	2.316705157510827451e-01	1.770666165716445750e-01	1.077224716547959399e-01	5.295858858283660625e-02	2.049961194109927928e-02	4.858349301873264581e-02
6.385856682024975726e+02	3.601404290020789323e-01	2.308299140516482384e-01	1.780224174223046241e-01	1.082916937441090188e-01	5.321173980798573483e-02	2.057322743109737950e-02	4.893057854051709177e-02
6.434234384161527487e+02	3.587905913534311098e-01	2.299937284302677742e-01	1.789703409213009022e-01	1.088576596991066570e-01	5.346357072135427685e-02	2.064766481175565882e-02	4.927644406252468939e-02
6.482612086298080385e+02	3.574491314704500433e-01	2.291619382315708831e-01	1.799104974100859400e-01	1.094203964605098556e-01	5.371407395315613148e-02	2.072289876312650297e-02	4.962106371084173961e-02
6.530989788434633283e+02	3.561159917920678208e-01	2.283345228648918923e-01	1.808429944662618694e-01	1.099799303442503401e-01	5.396324305909800528e-02	2.079890443617006535e-02	4.996441303700111664e-02
6.579367490571185044e+02	3.547911152528333556e-01	2.275114618043934944e-01	1.817679369998931871e-01	1.105362870650283130e-01	5.421107247051479283e-02	2.087565744590564459e-02	5.030646896117236394e-02
6.627745192707737942e+02	3.534744452765734568e-01	2.266927345891907586e-01	1.826854273459802835e-01	1.110894917589517195e-01	5.445755744690530809e-02	2.095313386460005006e-02	5.064720971753959577e-02
6.676122894844290840e+02	3.521659257701824641e-01	2.258783208234751150e-01	1.835955653532554410e-01	1.116395690052925660e-01	5.470269403075716380e-02	2.103131021499636544e-02	5.098661480178207778e-02
6.724500596980843738e+02	3.508655011175365601e-01	2.250682001766377838e-01	1.844984484694555393e-01	1.121865428473943216e-01	5.494647900455468942e-02	2.111016346358630946e-02	5.132466492057607271e-02
6.772878299117396637e+02	3.495731161735292081e-01	2.242623523833926769e-01	1.853941718232189062e-01	1.127304368127632350e-01	5.518890984986866283e-02	2.118967101392913582e-02	5.166134194303952792e-02
6.821256001253949535e+02	3.482887162582247176e-01	2.234607572438984946e-01	1.862828283027480325e-01	1.132712739323750162e-01	5.542998470843104458e-02	2.126981070001973673e-02	5.199662885404428975e-02
6.869633703390502433e+02	3.470122471511262185e-01	2.226633946238797679e-01	1.871645086313734607e-01	1.138090767592272040e-01	5.566970234510251747e-02	2.135056077970849675e-02	5.233050970932367346e-02
6.918011405527055331e+02	3.457436550855544910e-01	2.218702444547467345e-01	1.880393014401481322e-01	1.143438673861663368e-01	5.590806211264476300e-02	2.143189992817514863e-02	5.266296959230580554e-02
6.966389107663608229e+02	3.444828867431354857e-01	2.210812867337136611e-01	1.889072933375962327e-01	1.148756674630179025e-01	5.614506391821329212e-02	2.151380723145875085e-02	5.299399457260609708e-02
7.014766809800161127e+02	3.432298892483930386e-01	2.202965015239157498e-01	1.897685689767354689e-01	1.154044982130460056e-01	5.638070819149075541e-02	2.159626218004566736e-02	5.332357166611473992e-02
7.063144511936714025e+02	3.419846101634438362e-01	2.195158689545240460e-01	1.906232111194861301e-01	1.159303804487685496e-01	5.661499585438395377e-02	2.167924466251736071e-02	5.365168879661759427e-02
7.111522214073266923e+02	3.407469974827918024e-01	2.187393692208585705e-01	1.914713006985756527e-01	1.164533345871529013e-01	5.684792829221164967e-02	2.176273495925950749e-02	5.397833475889136923e-02
7.159899916209819821e+02	3.395169996282198510e-01	2.179669825844993414e-01	1.923129168770430220e-01	1.169733806642158230e-01	5.707950732631329044e-02	2.184671373623389701e-02	5.430349918321625974e-02
7.208277618346371582e+02	3.382945654437753413e-01	2.171986893733950930e-01	1.931481371054424023e-01	1.174905383490507521e-01	5.730973518801218969e-02	2.193116203881441753e-02	5.462717250125130597e-02
7.256655320482924481e+02	3.370796441908479602e-01	2.164344699819696904e-01	1.939770371768413382e-01	1.180048269573045483e-01	5.753861449386959287e-02	2.201606128568824039e-02	5.494934591322017670e-02
7.305033022619478515e+02	3.358721855433363657e-01	2.156743048712261301e-01	1.947996912797052838e-01	1.185162654641247898e-01	5.776614822216897399e-02	2.210139326282323236e-02	5.527001135635681989e-02
7.353410724756030277e+02	3.346721395829022616e-01	2.149181745688477085e-01	1.956161720487555045e-01	1.190248725165982402e-01	5.799233969057283888e-02	2.218714011750250875e-02	5.558916147456256091e-02
7.401788426892584312e+02	3.334794567943091259e-01	2.141660596692966934e-01	1.964265506138839212e-01	1.195306664457000539e-01	5.821719253489677365e-02	2.227328435242688018e-02	5.590678958922815078e-02
7.450166129029136073e+02	3.322940880608435399e-01	2.134179408339100803e-01	1.972308966472055836e-01	1.200336652777725804e-01	5.844071068894806514e-02	2.235980881988589367e-02	5.622288967117589770e-02
7.498543831165690108e+02	3.311159846598165646e-01	2.126737987909924910e-01	1.980292784083249324e-01	1.205338867455518909e-01	5.866289836537871838e-02	2.244669671599802685e-02	5.653745631367906865e-02
7.546921533302243006e+02	3.299450982581442204e-01	2.119336143359058788e-01	1.988217627878895999e-01	1.210313482987596251e-01	5.888376003750490223e-02	2.253393157502051394e-02	5.685048470651703906e-02
7.595299235438793630e+02	3.287813809080036287e-01	2.111973683311564320e-01	1.996084153495021329e-01	1.215260671142767979e-01	5.910330042204705453e-02	2.262149726372918168e-02	5.716197061102661070e-02
7.643676937575347665e+02	3.276247850425642039e-01	2.104650417064780343e-01	2.003893003700566999e-01	1.220180601059158015e-01	5.932152446274714663e-02	2.270937797586861789e-02	5.747191033611132732e-02
7.692054639711900563e+02	3.264752634717910662e-01	2.097366154589127563e-01	2.011644808785656990e-01	1.225073439338061204e-01	5.953843731482128671e-02	2.279755822667289128e-02	5.778030071517202548e-02
7.740432341848452324e+02	3.253327693783195085e-01	2.090120706528877659e-01	2.019340186935374704e-01	1.229939350134085924e-01	5.975404433020817252e-02	2.288602284745692300e-02	5.808713908392346137e-02
7.788810043985006359e+02	3.241972563133982410e-01	2.082913884202890753e-01	2.026979744589647303e-01	1.234778495241726920e-01	5.996835104357534085e-02	2.297475698027869051e-02	5.839242325906309622e-02
7.837187746121558121e+02	3.230686781929005269e-01	2.075745499605317901e-01	2.034564076789801557e-01	1.239591034178506301e-01	6.018136315904725614e-02	2.306374607267215951e-02	5.869615151775936512e-02
7.885565448258112156e+02	3.219469892934004873e-01	2.068615365406269169e-01	2.042093767512332680e-01	1.244377124264813700e-01	6.039308653762057860e-02	2.315297587245097877e-02	5.899832257792832907e-02
7.933943150394665054e+02	3.208321442483137997e-01	2.061523294952446184e-01	2.049569389990407164e-01	1.249136920700576192e-01	6.060352718523396437e-02	2.324243242258279205e-02	5.929893557926842196e-02
7.982320852531219089e+02	3.197240980441011238e-01	2.054469102267740266e-01	2.056991507023596955e-01	1.253870576638878021e-01	6.081269124146086030e-02	2.333210205613403879e-02	5.959799006502444069e-02
8.030698554667769713e+02	3.186228060165325338e-01	2.047452602053793091e-01	2.064360671276317116e-01	1.258578243256649187e-01	6.102058496879553956e-02	2.342197139128498681e-02	5.989548596445297413e-02
8.079076256804323748e+02	3.175282238470117369e-01	2.040473609690522383e-01	2.071677425565431330e-01	1.263260069822537690e-01	6.122721474250378965e-02	2.351202732641479928e-02	6.019142357596253545e-02
8.127453958940876646e+02	3.164403075589583003e-01	2.033531941236610685e-01	2.078942303137454317e-01	1.267916203762071981e-01	6.143258704101105250e-02	2.360225703525629243e-02	6.048580355090264066e-02
8.175831661077428407e+02	3.153590135142472772e-01	2.026627413429958335e-01	2.086155827935774199e-01	1.272546790720221477e-01	6.163670843680220390e-02	2.369264796212005100e-02	6.077862687797717239e-02
8.224209363213982442e+02	3.142842984097038994e-01	2.019759843688096745e-01	2.093318514858293899e-01	1.277151974621452968e-01	6.183958558780806858e-02	2.378318781718756145e-02	6.106989486825824265e-02
8.272587065350534203e+02	3.132161192736532263e-01	2.012929050108568374e-01	2.100430870005876860e-01	1.281731897727384772e-01	6.204122522925525907e-02	2.387386457187289437e-02	6.135960914077775302e-02
8.320964767487085965e+02	3.121544334625224737e-01	2.006134851469267288e-01	2.107493390921965637e-01	1.286286700692124418e-01	6.224163416595680093e-02	2.396466645425253394e-02	6.164777160867461470e-02
8.369342469623640000e+02	3.110991986574953017e-01	1.999377067228743921e-01	2.114506566823720624e-01	1.290816522615389483e-01	6.244081926502209612e-02	2.405558194456286145e-02	6.193438446587656854e-02
8.417720171760191761e+02	3.100503728612168386e-01	1.992655517526469300e-01	2.121470878825026107e-01	1.295321501093489591e-01	6.263878744896583806e-02	2.414659977076481431e-02	6.221945017429627439e-02
8.466097873896745796e+02	3.090079143945487772e-01	1.985970023183066258e-01	2.128386800151676750e-01	1.299801772268256161e-01	6.283554568919631766e-02	2.423770890417514465e-02	6.250297145152212963e-02
8.514475576033297557e+02	3.079717818933722095e-01	1.979320405700500107e-01	2.135254796349063677e-01	1.304257470874001235e-01	6.303110099986473924e-02	2.432889855516380886e-02	6.278495125898507501e-02
8.562853278169851592e+02	3.069419343054385907e-01	1.972706487262232689e-01	2.142075325482648007e-01	1.308688730282579205e-01	6.322546043205762301e-02	2.442015816891681887e-02	6.306539279058331893e-02
8.611230980306403353e+02	3.059183308872667206e-01	1.966128090733340883e-01	2.148848838331517130e-01	1.313095682546626397e-01	6.341863106831556463e-02	2.451147742126404822e-02	6.334429946174756354e-02
8.659608682442956251e+02	3.049009312010853012e-01	1.959585039660594885e-01	2.155575778575286316e-01	1.317478458441051492e-01	6.361062001746230210e-02	2.460284621457134793e-02	6.362167489893008621e-02
8.707986384579510286e+02	3.038896951118201240e-01	1.953077158272500946e-01	2.162256582974611818e-01	1.321837187502842570e-01	6.380143440972860236e-02	2.469425467369635793e-02	6.389752292950166834e-02
8.756364086716062047e+02	3.028845827841242233e-01	1.946604271479308312e-01	2.168891681545567773e-01	1.326171998069257396e-01	6.399108139215659019e-02	2.478569314200735133e-02	6.417184757204072443e-02
8.804741788852616082e+02	3.018855546794512734e-01	1.940166204872976752e-01	2.175481497728121716e-01	1.330483017314461613e-01	6.417956812427040580e-02	2.487715217746450450e-02	6.444465302700003173e-02
8.853119490989170117e+02	3.008925715531701739e-01	1.933762784727108552e-01	2.182026448548943787e-01	1.334770371284672852e-01	6.436690177400007651e-02	2.496862254876290252e-02	6.471594366773660012e-02
8.901497193125721878e+02	2.999055944517205474e-01	1.927393837996844439e-01	2.188526944778765304e-01	1.339034184931872373e-01	6.455308951384586269e-02	2.506009523153660684e-02	6.498572403189101232e-02
8.949874895262273640e+02	2.989245847098084274e-01	1.921059192318721742e-01	2.194983391084505409e-01	1.343274582146139207e-01	6.473813851727112934e-02	2.515156140462312256e-02	6.525399881310292582e-02
8.998252597398827675e+02	2.979495039476410256e-01	1.914758676010497318e-01	2.201396186176356462e-01	1.347491685786658400e-01	6.492205595531221063e-02	2.524301244638755409e-02	6.552077285305016319e-02
9.046630299535379436e+02	2.969803140681996911e-01	1.908492118070935772e-01	2.207765722950036924e-01	1.351685617711461118e-01	6.510484899339440135e-02	2.533443993110576220e-02	6.578605113379902558e-02
9.095008001671932334e+02	2.960169772545502287e-01	1.902259348179558829e-01	2.214092388624384899e-01	1.355856498805940724e-01	6.528652478834359729e-02	2.542583562540583209e-02	6.604983877045417229e-02
9.143385703808486369e+02	2.950594559671909090e-01	1.896060196696361388e-01	2.220376564874479985e-01	1.360004449010197014e-01	6.546709048558375932e-02	2.551719148476712731e-02	6.631214100409664469e-02
9.191763405945038130e+02	2.941077129414357283e-01	1.889894494661492064e-01	2.226618627960458840e-01	1.364129587345253580e-01	6.564655321651068076e-02	2.560849965007623921e-02	6.657296319499919623e-02
9.240141108081592165e+02	2.931617111848333068e-01	1.883762073794899572e-01	2.232818948852191843e-01	1.368232031938192150e-01	6.582492009603313488e-02	2.569975244423908928e-02	6.683231081610853386e-02
9.288518810218145063e+02	2.922214139746202588e-01	1.877662766495942215e-01	2.238977893349977377e-01	1.372311900046247479e-01	6.600219822027275640e-02	2.579094236884851149e-02	6.709018944678421525e-02
9.336896512354697961e+02	2.912867848552093131e-01	1.871596405842965161e-01	2.245095822201402802e-01	1.376369308079905263e-01	6.617839466441463592e-02	2.588206210090656864e-02	6.734660476678465402e-02
9.385274214491247449e+02	2.903577876357096854e-01	1.865562825592842755e-01	2.251173091214520861e-01	1.380404371625039706e-01	6.635351648070073050e-02	2.597310448960088100e-02	6.760156255049085128e-02
9.433651916627801484e+02	2.894343863874810352e-01	1.859561860180487247e-01	2.257210051367476433e-01	1.384417205464130995e-01	6.652757069655880484e-02	2.606406255313426998e-02	6.785506866135891657e-02
9.482029618764355519e+02	2.885165454417190078e-01	1.853593344718324765e-01	2.263207048914715747e-01	1.388407923596599591e-01	6.670056431285975584e-02	2.615492947560700554e-02	6.810712904659267652e-02
9.530407320900908417e+02	2.876042293870724187e-01	1.847657114995737149e-01	2.269164425489913761e-01	1.392376639258292026e-01	6.687250430229674247e-02	2.624569860395091839e-02	6.835774973202810023e-02
9.578785023037459041e+02	2.866974030672911344e-01	1.841753007478471593e-01	2.275082518205731597e-01	1.396323464940150694e-01	6.704339760787968172e-02	2.633636344491465872e-02	6.860693681722157544e-02
9.627162725174014213e+02	2.857960315789046524e-01	1.835880859308018642e-01	2.280961659750528614e-01	1.400248512406102597e-01	6.721325114153903213e-02	2.642691766209943199e-02	6.885469647073430566e-02
9.675540427310568248e+02	2.849000802689299339e-01	1.830040508300957158e-01	2.286802178482139625e-01	1.404151892710196747e-01	6.738207178283317500e-02	2.651735507304447959e-02	6.910103492560543126e-02
9.723918129447120009e+02	2.840095147326085478e-01	1.824231792948268205e-01	2.292604398518826581e-01	1.408033716213022424e-01	6.754986637775375891e-02	2.660766964636156542e-02	6.934595847500681087e-02
9.772295831583674044e+02	2.831243008111726800e-01	1.818454552414617564e-01	2.298368639827504112e-01	1.411894092597432981e-01	6.771664173762396988e-02	2.669785549891782669e-02	6.958947346807246859e-02
9.820673533720223531e+02	2.822444045896390641e-01	1.812708626537608003e-01	2.304095218309346604e-01	1.415733130883609081e-01	6.788240463808446756e-02	2.678790689306626005e-02	6.983158630589626770e-02
9.869051235856777566e+02	2.813697923946305024e-01	1.806993855826999340e-01	2.309784445882863968e-01	1.419550939443483539e-01	6.804716181816267140e-02	2.687781823392314598e-02	7.007230343769145497e-02
9.917428937993331601e+02	2.805004307922245310e-01	1.801310081463901036e-01	2.315436630564543519e-01	1.423347626014555278e-01	6.821091997942047014e-02	2.696758406669172783e-02	7.031163135710577494e-02
9.965806640129884499e+02	2.796362865858288971e-01	1.795657145299932311e-01	2.321052076547143739e-01	1.427123297713116801e-01	6.837368578517634410e-02	2.705719907403146898e-02	7.054957659868657527e-02
1.001418434226643626e+03	2.787773268140828486e-01	1.790034889856355060e-01	2.326631084275724015e-01	1.430878061046919059e-01	6.853546585979779227e-02	2.714665807347221502e-02	7.078614573448990810e-02
1.006256204440298802e+03	2.779235187487844039e-01	1.784443158323177625e-01	2.332173950521494732e-01	1.434612021927297865e-01	6.869626678806005360e-02	2.723595601487254977e-02	7.102134537082858967e-02
1.011093974653954206e+03	2.770748298928427111e-01	1.778881794558228868e-01	2.337680968453558772e-01	1.438325285680782106e-01	6.885609511456765308e-02	2.732508797792171373e-02	7.125518214515354221e-02
1.015931744867609382e+03	2.762312279782554447e-01	1.773350643086203937e-01	2.343152427708629082e-01	1.442017957060205968e-01	6.901495734323508102e-02	2.741404916968443947e-02	7.148766272306372738e-02
1.020769515081264785e+03	2.753926809641101814e-01	1.767849549097685602e-01	2.348588614458784474e-01	1.445690140255343481e-01	6.917285993682342760e-02	2.750283492218797907e-02	7.171879379543957822e-02
1.025607285294920075e+03	2.745591570346101462e-01	1.762378358448133953e-01	2.353989811477339156e-01	1.449341938903090654e-01	6.932980931652976686e-02	2.759144069005074751e-02	7.194858207569550246e-02
1.030445055508575479e+03	2.737306245971232732e-01	1.756936917656851671e-01	2.359356298202887892e-01	1.452973456097206295e-01	6.948581186162619550e-02	2.767986204815190560e-02	7.217703429714660002e-02
1.035282825722230655e+03	2.729070522802542476e-01	1.751525073905923213e-01	2.364688350801596450e-01	1.456584794397635663e-01	6.964087390914586173e-02	2.776809468934125086e-02	7.240415721048570896e-02
1.040120595935886058e+03	2.720884089319398069e-01	1.746142675039125680e-01	2.369986242227789808e-01	1.460176055839431664e-01	6.979500175361304237e-02	2.785613442218876773e-02	7.262995758136625568e-02
1.044958366149541234e+03	2.712746636175661363e-01	1.740789569560816652e-01	2.375250242282904711e-01	1.463747341941290803e-01	6.994820164681496422e-02	2.794397716877325411e-02	7.285444218808705130e-02
1.049796136363196410e+03	2.704657856181081343e-01	1.735465606634794822e-01	2.380480617672858790e-01	1.467298753713719150e-01	7.010047979761267756e-02	2.803161896250936508e-02	7.307761781937523182e-02
1.054633906576851814e+03	2.696617444282905507e-01	1.730170636083136482e-01	2.385677632063891440e-01	1.470830391666847203e-01	7.025184237178876134e-02	2.811905594601250488e-02	7.329949127226340067e-02
1.059471676790506763e+03	2.688625097547703291e-01	1.724904508385009250e-01	2.390841546136928952e-01	1.474342355817902517e-01	7.040229549192969505e-02	2.820628436900093905e-02	7.352006935005774013e-02
1.064309447004162394e+03	2.680680515143397669e-01	1.719667074675457763e-01	2.395972617640523827e-01	1.477834745698361207e-01	7.055184523734084334e-02	2.829330058623453700e-02	7.373935886039328924e-02
1.069147217217817570e+03	2.672783398321506576e-01	1.714458186744170221e-01	2.401071101442416589e-01	1.481307660360786094e-01	7.070049764399181924e-02	2.838010105548955178e-02	7.395736661337340423e-02
1.073984987431472746e+03	2.664933450399582515e-01	1.709277697034218557e-01	2.406137249579764215e-01	1.484761198385368963e-01	7.084825870449064367e-02	2.846668233556885752e-02	7.417409941978987675e-02
1.078822757645127922e+03	2.657130376743853106e-01	1.704125458640777246e-01	2.411171311308084042e-01	1.488195457886186679e-01	7.099513436808473077e-02	2.855304108434712426e-02	7.438956408942092036e-02
1.083660527858783553e+03	2.649373884752059261e-01	1.699001325309819621e-01	2.416173533148950336e-01	1.491610536517185837e-01	7.114113054068713082e-02	2.863917405685023967e-02	7.460376742940399986e-02
1.088498298072438729e+03	2.641663683836484866e-01	1.693905151436792544e-01	2.421144158936492652e-01	1.495006531477905687e-01	7.128625308492622659e-02	2.872507810336856482e-02	7.481671624268047827e-02
1.093336068286093905e+03	2.633999485407179098e-01	1.688836792065268322e-01	2.426083429862724017e-01	1.498383539518951257e-01	7.143050782021760636e-02	2.881075016760336824e-02	7.502841732650961104e-02
1.098173838499749309e+03	2.626381002855360802e-01	1.683796102885576351e-01	2.430991584521748627e-01	1.501741656947227499e-01	7.157390052285650395e-02	2.889618728484592142e-02	7.523887747104911206e-02
1.103011608713404712e+03	2.618807951537012735e-01	1.678782940233414234e-01	2.435868858952878746e-01	1.505080979630946392e-01	7.171643692612934828e-02	2.898138658018876296e-02	7.544810345799961293e-02
1.107849378927059888e+03	2.611280048756652317e-01	1.673797161088438068e-01	2.440715486682697166e-01	1.508401603004412839e-01	7.185812272044347915e-02	2.906634526676853819e-02	7.565610205931092014e-02
1.112687149140715292e+03	2.603797013751285028e-01	1.668838623072832206e-01	2.445531698766101047e-01	1.511703622072604059e-01	7.199896355347340515e-02	2.915106064403991115e-02	7.586288003594739149e-02
1.117524919354370468e+03	2.596358567674532103e-01	1.663907184449860965e-01	2.450317723826358207e-01	1.514987131415547750e-01	7.213896503032264651e-02	2.923553009608007361e-02	7.606844413671030869e-02
1.122362689568025871e+03	2.588964433580930313e-01	1.659002704122399807e-01	2.455073788094206400e-01	1.518252225192509297e-01	7.227813271370001069e-02	2.931975108992328563e-02	7.627280109711505329e-02
1.127200459781681047e+03	2.581614336410401611e-01	1.654125041631448190e-01	2.459800115446028057e-01	1.521498997145998844e-01	7.241647212410928791e-02	2.940372117392497930e-02	7.647595763832100435e-02
1.132038229995336451e+03	2.574308002972895415e-01	1.649274057154624384e-01	2.464496927441128249e-01	1.524727540605599896e-01	7.255398874005131171e-02	2.948743797615493295e-02	7.667792046611200674e-02
1.136876000208991627e+03	2.567045161933190212e-01	1.644449611504640585e-01	2.469164443358142780e-01	1.527937948491635001e-01	7.269068799823752425e-02	2.957089920281900583e-02	7.687869626992571703e-02
1.141713770422646803e+03	2.559825543795861691e-01	1.639651566127763305e-01	2.473802880230606405e-01	1.531130313318672109e-01	7.282657529381410255e-02	2.965410263670899618e-02	7.707829172192964817e-02
1.146551540636302207e+03	2.552648880890411864e-01	1.634879783102254069e-01	2.478412452881704198e-01	1.534304727198877727e-01	7.296165598059586865e-02	2.973704613568009178e-02	7.727671347614237241e-02
1.151389310849957155e+03	2.545514907356554168e-01	1.630134125136794565e-01	2.482993373958232164e-01	1.537461281845225736e-01	7.309593537130906760e-02	2.981972763115551400e-02	7.747396816759791194e-02
1.156227081063612786e+03	2.538423359129656220e-01	1.625414455568894023e-01	2.487545853963790687e-01	1.540600068574569104e-01	7.322941873784248601e-02	2.990214512665783156e-02	7.767006241155192947e-02
1.161064851277267962e+03	2.531373973926334120e-01	1.620720638363281341e-01	2.492070101291235795e-01	1.543721178310579201e-01	7.336211131150596754e-02	2.998429669636655179e-02	7.786500280272773411e-02
1.165902621490923138e+03	2.524366491230199960e-01	1.616052538110281933e-01	2.496566322254409054e-01	1.546824701586559658e-01	7.349401828329582553e-02	3.006618048370150384e-02	7.805879591460090916e-02
1.170740391704578315e+03	2.517400652277760331e-01	1.611410020024177658e-01	2.501034721119166915e-01	1.549910728548140049e-01	7.362514480416640361e-02	3.014779469993158004e-02	7.825144829872088259e-02
1.175578161918233945e+03	2.510476200044455819e-01	1.606792949941553139e-01	2.505475500133731992e-01	1.552979348955855765e-01	7.375549598530732609e-02	3.022913762280843991e-02	7.844296648406801076e-02
1.180415932131889122e+03	2.503592879230852053e-01	1.602201194319625710e-01	2.509888859558385144e-01	1.556030652187619934e-01	7.388507689842571668e-02	3.031020759522469465e-02	7.863335697644475986e-02
1.185253702345544298e+03	2.496750436248968696e-01	1.597634620234563985e-01	2.514274997694519453e-01	1.559064727241091242e-01	7.401389257603305238e-02	3.039100302389621810e-02	7.882262625789991650e-02
1.190091472559199701e+03	2.489948619208753045e-01	1.593093095379787827e-01	2.518634110913071100e-01	1.562081662735943233e-01	7.414194801173591698e-02	3.047152237806810549e-02	7.901078078618403722e-02
1.194929242772855105e+03	2.483187177904689347e-01	1.588576488064259717e-01	2.522966393682348762e-01	1.565081546916039790e-01	7.426924816053040446e-02	3.055176418824393988e-02	7.919782699423544292e-02
1.199767012986510281e+03	2.476465863802548295e-01	1.584084667210758912e-01	2.527272038595277937e-01	1.568064467651522631e-01	7.439579793909961714e-02	3.063172704493791546e-02	7.938377128969521801e-02
1.204604783200165684e+03	2.469784430026268351e-01	1.579617502354145886e-01	2.531551236396074600e-01	1.571030512440812488e-01	7.452160222611381446e-02	3.071140959744945304e-02	7.956862005445017316e-02
1.209442553413820860e+03	2.463142631344971967e-01	1.575174863639610123e-01	2.535804176006367650e-01	1.573979768412530900e-01	7.464666586253294878e-02	3.079081055265993003e-02	7.975237964420267556e-02
1.214280323627476264e+03	2.456540224160112251e-01	1.570756621820909027e-01	2.540031044550783434e-01	1.576912322327345406e-01	7.477099365191113012e-02	3.086992867385110820e-02	7.993505638806634728e-02
1.219118093841131440e+03	2.449976966492751762e-01	1.566362648258593782e-01	2.544232027382010153e-01	1.579828260579741461e-01	7.489459036070258979e-02	3.094876277954491592e-02	8.011665658818639679e-02
1.223955864054786844e+03	2.443452617970964247e-01	1.561992814918223005e-01	2.548407308105350988e-01	1.582727669199726628e-01	7.501746071856908726e-02	3.102731174236420669e-02	8.029718651938391738e-02
1.228793634268442020e+03	2.436966939817367395e-01	1.557646994368566129e-01	2.552557068602783197e-01	1.585610633854468987e-01	7.513960941868809418e-02	3.110557448791415047e-02	8.047665242882284797e-02
1.233631404482097196e+03	2.430519694836776046e-01	1.553325059779794848e-01	2.556681489056545908e-01	1.588477239849873102e-01	7.526104111806185271e-02	3.118354999368384839e-02	8.065506053569905520e-02
1.238469174695752372e+03	2.424110647403980023e-01	1.549026884921663738e-01	2.560780747972246085e-01	1.591327572132098522e-01	7.538176043782673919e-02	3.126123728796789680e-02	8.083241703095031538e-02
1.243306944909407548e+03	2.417739563451642981e-01	1.544752344161680890e-01	2.564855022201524837e-01	1.594161715289021120e-01	7.550177196356276654e-02	3.133863544880749474e-02	8.100872807698653033e-02
1.248144715123063179e+03	2.411406210458319765e-01	1.540501312463270212e-01	2.568904486964270206e-01	1.596979753551643622e-01	7.562108024560314223e-02	3.141574360295078250e-02	8.118399980743946920e-02
1.252982485336718355e+03	2.405110357436591739e-01	1.536273665383919573e-01	2.572929315870406408e-01	1.599781770795455638e-01	7.573968979934340984e-02	3.149256092483205399e-02	8.135823832693094004e-02
1.257820255550373531e+03	2.398851774921319235e-01	1.532069279073323964e-01	2.576929680941260625e-01	1.602567850541746775e-01	7.585760510555021596e-02	3.156908663556957234e-02	8.153144971085890536e-02
1.262658025764028707e+03	2.392630234958006696e-01	1.527888030271516429e-01	2.580905752630522909e-01	1.605338075958875621e-01	7.597483061066931387e-02	3.164532000198158612e-02	8.170364000520070891e-02
1.267495795977684338e+03	2.386445511091283833e-01	1.523729796306992901e-01	2.584857699844806400e-01	1.608092529863497377e-01	7.609137072713276218e-02	3.172126033562030351e-02	8.187481522633274778e-02
1.272333566191339514e+03	2.380297378353495308e-01	1.519594455094824548e-01	2.588785689963825076e-01	1.610831294721750961e-01	7.620722983366506886e-02	3.179690699182345648e-02	8.204498136086586790e-02
1.277171336404994690e+03	2.374185613253403382e-01	1.515481885134765949e-01	2.592689888860187364e-01	1.613554452650410587e-01	7.632241227558819729e-02	3.187225936878318455e-02	8.221414436549590032e-02
1.282009106618650094e+03	2.368109993764997701e-01	1.511391965509352175e-01	2.596570460918831702e-01	1.616262085418001260e-01	7.643692236512522609e-02	3.194731690663191181e-02	8.238231016686865804e-02
1.286846876832305497e+03	2.362070299316413602e-01	1.507324575881989204e-01	2.600427569056092958e-01	1.618954274445883190e-01	7.655076438170256570e-02	3.202207908654492591e-02	8.254948466145878294e-02
1.291684647045960673e+03	2.356066310778955619e-01	1.503279596495037673e-01	2.604261374738426338e-01	1.621631100809301784e-01	7.666394257225063458e-02	3.209654542985940912e-02	8.271567371546197089e-02
1.296522417259616077e+03	2.350097810456225900e-01	1.499256908167887758e-01	2.608072038000791570e-01	1.624292645238414046e-01	7.677646115150282835e-02	3.217071549720953993e-02	8.288088316469986727e-02
1.301360187473271253e+03	2.344164582073355874e-01	1.495256392295028214e-01	2.611859717464699027e-01	1.626938988119283058e-01	7.688832430229272652e-02	3.224458888767751941e-02	8.304511881453724431e-02
1.306197957686926657e+03	2.338266410766340619e-01	1.491277930844108757e-01	2.615624570355938872e-01	1.629570209494851374e-01	7.699953617584934240e-02	3.231816523796007118e-02	8.320838643981079419e-02
1.311035727900581833e+03	2.332403083071473149e-01	1.487321406353994679e-01	2.619366752521987141e-01	1.632186389065886922e-01	7.711010089209054119e-02	3.239144422155031816e-02	8.337069178476917697e-02
1.315873498114237009e+03	2.326574386914878334e-01	1.483386701932817298e-01	2.623086418449109836e-01	1.634787606191909770e-01	7.722002253991429310e-02	3.246442554793466106e-02	8.353204056302378222e-02
1.320711268327892412e+03	2.320780111602146478e-01	1.479473701256016349e-01	2.626783721279162265e-01	1.637373939892097785e-01	7.732930517748783095e-02	3.253710896180440904e-02	8.369243845750973243e-02
1.325549038541547588e+03	2.315020047808060977e-01	1.475582288564377953e-01	2.630458812826096948e-01	1.639945468846172594e-01	7.743795283253472606e-02	3.260949424228194726e-02	8.385189112045672577e-02
1.330386808755202765e+03	2.309293987566424788e-01	1.471712348662068126e-01	2.634111843592182867e-01	1.642502271395268887e-01	7.754596950261949395e-02	3.268158120216110851e-02	8.401040417336920474e-02
1.335224578968857941e+03	2.303601724259979888e-01	1.467863766914658252e-01	2.637742962783943823e-01	1.645044425542787070e-01	7.765335915543017387e-02	3.275336968716161673e-02	8.416798320701565639e-02
1.340062349182513572e+03	2.297943052610419423e-01	1.464036429247147775e-01	2.641352318327829241e-01	1.647572008955228706e-01	7.776012572905831310e-02	3.282485957519722802e-02	8.432463378142629473e-02
1.344900119396168748e+03	2.292317768668495903e-01	1.460230222141981893e-01	2.644940056885610180e-01	1.650085098963022801e-01	7.786627313227674485e-02	3.289605077565740249e-02	8.448036142589919473e-02
1.349737889609823924e+03	2.286725669804214600e-01	1.456445032637062875e-01	2.648506323869520562e-01	1.652583772561335429e-01	7.797180524481478470e-02	3.296694322870226401e-02	8.463517163901398965e-02
1.354575659823479100e+03	2.281166554697123816e-01	1.452680748323761650e-01	2.652051263457139152e-01	1.655068106410868822e-01	7.807672591763110959e-02	3.303753690457060521e-02	8.478906988865334005e-02
1.359413430037134731e+03	2.275640223326687861e-01	1.448937257344919127e-01	2.655575018606026183e-01	1.657538176838650734e-01	7.818103897318399997e-02	3.310783180290069461e-02	8.494206161203136929e-02
1.364251200250789907e+03	2.270146476962752458e-01	1.445214448392848627e-01	2.659077731068112405e-01	1.659994059838813263e-01	7.828474820569916726e-02	3.317782795206365015e-02	8.509415221572895482e-02
1.369088970464445310e+03	2.264685118156095078e-01	1.441512210707332486e-01	2.662559541403856089e-01	1.662435831073362513e-01	7.838785738143495829e-02	3.324752540850924032e-02	8.524534707573563908e-02
1.373926740678100487e+03	2.259255950729060491e-01	1.437830434073615327e-01	2.666020588996160789e-01	1.664863565872942708e-01	7.849037023894511744e-02	3.331692425612378661e-02	8.539565153749761883e-02
1.378764510891755890e+03	2.253858779766282905e-01	1.434169008820394553e-01	2.669461012064070493e-01	1.667277339237590861e-01	7.859229048933880080e-02	3.338602460559999402e-02	8.554507091597175761e-02
1.383602281105411066e+03	2.248493411605489989e-01	1.430527825817809184e-01	2.672880947676239960e-01	1.669677225837486734e-01	7.869362181653817567e-02	3.345482659381854296e-02	8.569361049568521849e-02
1.388440051319066470e+03	2.243159653828391276e-01	1.426906776475421468e-01	2.676280531764188009e-01	1.672063300013696685e-01	7.879436787753328619e-02	3.352333038324117193e-02	8.584127553080043993e-02
1.393277821532721646e+03	2.237857315251647050e-01	1.423305752740201546e-01	2.679659899135336532e-01	1.674435635778913078e-01	7.889453230263443473e-02	3.359153616131508452e-02	8.598807124518531575e-02
1.398115591746377049e+03	2.232586205917919953e-01	1.419724647094506020e-01	2.683019183485845227e-01	1.676794306818189806e-01	7.899411869572194045e-02	3.365944413988845169e-02	8.613400283248816292e-02
1.402953361960032225e+03	2.227346137087003741e-01	1.416163352554055677e-01	2.686358517413238722e-01	1.679139386489674757e-01	7.909313063449312231e-02	3.372705455463686358e-02	8.627907545621736618e-02
1.407791132173687402e+03	2.222136921227032824e-01	1.412621762665910441e-01	2.689678032428835519e-01	1.681470947825338957e-01	7.919157167070696446e-02	3.379436766450049506e-02	8.642329424982544972e-02
1.412628902387342805e+03	2.216958372005769784e-01	1.409099771506443499e-01	2.692977858969979321e-01	1.683789063531703767e-01	7.928944533042597831e-02	3.386138375113176280e-02	8.656666431679727047e-02
1.417466672600997981e+03	2.211810304281969786e-01	1.405597273679312365e-01	2.696258126412085510e-01	1.686093805990566408e-01	7.938675511425552500e-02	3.392810311835341153e-02	8.670919073074227768e-02
1.422304442814653157e+03	2.206692534096820757e-01	1.402114164313430222e-01	2.699518963080493883e-01	1.688385247259724387e-01	7.948350449758052882e-02	3.399452609162669642e-02	8.685087853549050552e-02
1.427142213028308333e+03	2.201604878665459619e-01	1.398650339060934500e-01	2.702760496262139878e-01	1.690663459073699082e-01	7.957969693079972040e-02	3.406065301752957825e-02	8.699173274519204913e-02
1.431979983241963964e+03	2.196547156368562348e-01	1.395205694095155435e-01	2.705982852217049262e-01	1.692928512844459887e-01	7.967533583955713206e-02	3.412648426324473711e-02	8.713175834442014878e-02
1.436817753455619140e+03	2.191519186744008418e-01	1.391780126108582705e-01	2.709186156189652417e-01	1.695180479662147244e-01	7.977042462497122011e-02	3.419202021605721037e-02	8.727096028827723007e-02
1.441655523669274316e+03	2.186520790478617693e-01	1.388373532310831493e-01	2.712370532419930980e-01	1.697419430295797893e-01	7.986496666386129484e-02	3.425726128286148836e-02	8.740934350250416374e-02
1.446493293882929493e+03	2.181551789399959196e-01	1.384985810426609676e-01	2.715536104154391284e-01	1.699645435194069854e-01	7.995896530897159127e-02	3.432220788967791508e-02	8.754691288359227330e-02
1.451331064096585123e+03	2.176612006468230387e-01	1.381616858693681393e-01	2.718682993656875158e-01	1.701858564485969894e-01	8.005242388919266150e-02	3.438686048117822747e-02	8.768367329889817374e-02
1.456168834310240300e+03	2.171701265768209155e-01	1.378266575860833121e-01	2.721811322219210294e-01	1.704058887981581283e-01	8.014534570978032457e-02	3.445121952022004580e-02	8.781962958676105269e-02
1.461006604523895703e+03	2.166819392501271591e-01	1.374934861185837798e-01	2.724921210171696861e-01	1.706246475172794319e-01	8.023773405257225710e-02	3.451528548739017654e-02	8.795478655662238021e-02
1.465844374737550879e+03	2.161966212977482760e-01	1.371621614433421177e-01	2.728012776893440905e-01	1.708421395234039908e-01	8.032959217620193326e-02	3.457905888055661653e-02	8.808914898914793623e-02
1.470682144951206283e+03	2.157141554607751865e-01	1.368326735873224842e-01	2.731086140822537311e-01	1.710583717023024253e-01	8.042092331631026103e-02	3.464254021442899484e-02	8.822272163635191955e-02
1.475519915164861459e+03	2.152345245896057357e-01	1.365050126277773113e-01	2.734141419466100120e-01	1.712733509081467431e-01	8.051173068575480374e-02	3.470573002012736913e-02	8.835550922172305532e-02
1.480357685378516862e+03	2.147577116431736710e-01	1.361791686920438837e-01	2.737178729410146838e-01	1.714870839635844191e-01	8.060201747481651746e-02	3.476862884475929311e-02	8.848751644035254826e-02
1.485195455592172038e+03	2.142836996881842537e-01	1.358551319573409188e-01	2.740198186329340091e-01	1.716995776598128909e-01	8.069178685140424023e-02	3.483123725100484291e-02	8.861874795906388158e-02
1.490033225805827215e+03	2.138124718983565042e-01	1.355328926505653953e-01	2.743199904996584393e-01	1.719108387566543050e-01	8.078104196125661385e-02	3.489355581670963019e-02	8.874920841654415637e-02
1.494870996019482618e+03	2.133440115536716364e-01	1.352124410480893546e-01	2.746183999292489131e-01	1.721208739826306788e-01	8.086978592814195177e-02	3.495558513448555893e-02	8.887890242347691594e-02
1.499708766233137567e+03	2.128783020396281256e-01	1.348937674755567306e-01	2.749150582214693883e-01	1.723296900350393679e-01	8.095802185405563678e-02	3.501732581131922206e-02	8.900783456267656601e-02
1.504546536446793198e+03	2.124153268465027444e-01	1.345768623076804837e-01	2.752099765887058846e-01	1.725372935800291163e-01	8.104575281941522880e-02	3.507877846818776429e-02	8.913600938922387751e-02
1.509384306660448374e+03	2.119550695686181485e-01	1.342617159680397632e-01	2.755031661568725920e-01	1.727436912526762736e-01	8.113298188325335225e-02	3.513994373968216262e-02	8.926343143060290475e-02
1.514222076874103550e+03	2.114975139036164853e-01	1.339483189288771803e-01	2.757946379663050451e-01	1.729488896570614831e-01	8.121971208340839077e-02	3.520082227363770244e-02	8.939010518683890294e-02
1.519059847087758726e+03	2.110426436517390536e-01	1.336366617108963595e-01	2.760844029726410298e-01	1.731528953663470649e-01	8.130594643671289201e-02	3.526141473077156613e-02	8.951603513063730033e-02
1.523897617301414357e+03	2.105904427151120140e-01	1.333267348830594889e-01	2.763724720476885555e-01	1.733557149228543981e-01	8.139168793917977984e-02	3.532172178432741588e-02	8.964122570752361407e-02
1.528735387515069533e+03	2.101408950970380940e-01	1.330185290623851768e-01	2.766588559802822256e-01	1.735573548381421638e-01	8.147693956618651256e-02	3.538174411972680455e-02	8.976568133598429589e-02
1.533573157728724709e+03	2.096939849012941781e-01	1.327120349137465016e-01	2.769435654771273403e-01	1.737578215930846992e-01	8.156170427265700684e-02	3.544148243422731714e-02	8.988940640760821610e-02
1.538410927942380113e+03	2.092496963314347258e-01	1.324072431496692015e-01	2.772266111636324526e-01	1.739571216379510732e-01	8.164598499324147995e-02	3.550093743658735285e-02	9.001240528722898038e-02
1.543248698156035516e+03	2.088080136901009631e-01	1.321041445301300576e-01	2.775080035847303228e-01	1.741552613924845228e-01	8.172978464249416874e-02	3.556010984673738801e-02	9.013468231306784317e-02
1.548086468369690692e+03	2.083689213783356808e-01	1.318027298623556665e-01	2.777877532056878818e-01	1.743522472459823336e-01	8.181310611504907793e-02	3.561900039545758123e-02	9.025624179687710691e-02
1.552924238583346096e+03	2.079324038949039721e-01	1.315029900006212393e-01	2.780658704129044811e-01	1.745480855573763035e-01	8.189595228579359121e-02	3.567760982406169290e-02	9.037708802408414566e-02
1.557762008797001272e+03	2.074984458356191885e-01	1.312049158460497356e-01	2.783423655147000964e-01	1.747427826553134556e-01	8.197832601004009789e-02	3.573593888408712477e-02	9.049722525393576189e-02
1.562599779010656675e+03	2.070670318926747522e-01	1.309084983464113838e-01	2.786172487420921495e-01	1.749363448382375841e-01	8.206023012369569047e-02	3.579398833699101029e-02	9.061665771964293181e-02
1.567437549224311852e+03	2.066381468539811583e-01	1.306137284959232869e-01	2.788905302495620631e-01	1.751287783744710225e-01	8.214166744342982218e-02	3.585175895385225853e-02	9.073538962852589762e-02
1.572275319437967255e+03	2.062117756025087789e-01	1.303205973350493041e-01	2.791622201158118211e-01	1.753200895022968553e-01	8.222264076684002165e-02	3.590925151507936425e-02	9.085342516215941244e-02
1.577113089651622431e+03	2.057879031156354677e-01	1.300290959503004051e-01	2.794323283445097061e-01	1.755102844300418519e-01	8.230315287261580348e-02	3.596646681012400509e-02	9.097076847651834608e-02
1.581950859865277607e+03	2.053665144645000495e-01	1.297392154740352188e-01	2.797008648650265994e-01	1.756993693361597053e-01	8.238320652070055261e-02	3.602340563720023842e-02	9.108742370212330464e-02
1.586788630078933011e+03	2.049475948133606673e-01	1.294509470842607757e-01	2.799678395331622882e-01	1.758873503693147988e-01	8.246280445245166013e-02	3.608006880300921454e-02	9.120339494418637505e-02
