6.289101277751868793e+02	3.625778383123519077e-01	2.329298753269239963e-01	1.758048577449004835e-01	1.075094693939771667e-01	5.260553216341192634e-02	2.036050871746382732e-02	4.821191834070999438e-02
6.337478979888421691e+02	3.612300273448260657e-01	2.320630969161927015e-01	1.767988500009895769e-01	1.079652581340929118e-01	5.296730872292740311e-02	2.043044582235945678e-02	4.854501305835117603e-02
6.385856682024975726e+02	3.598903629982136976e-01	2.312015186594990335e-01	1.777831531973008139e-01	1.084465810493723675e-01	5.329915542021604336e-02	2.050142093168956167e-02	4.887780774344777784e-02
6.434234384161527487e+02	3.585587891216804879e-01	2.303450220491202183e-01	1.787579969934375568e-01	1.089462365229235397e-01	5.360827405732639106e-02	2.057339896350727018e-02	4.921028229174383845e-02
6.482612086298080385e+02	3.572352501982806738e-01	2.294935118396771168e-01	1.797235923342479225e-01	1.094588411901129682e-01	5.390005456468067307e-02	2.064634580608162504e-02	4.954240406665838536e-02
6.530989788434633283e+02	3.559196913229502046e-01	2.286469102252269292e-01	1.806801350156404806e-01	1.099803719333821705e-01	5.417853132269254829e-02	2.072022826862120540e-02	4.987413191122579831e-02
6.579367490571185044e+02	3.546120581832191143e-01	2.278051524827145735e-01	1.816278083928505871e-01	1.105078232345380745e-01	5.444672455250443299e-02	2.079501403921374739e-02	5.020541911469876550e-02
6.627745192707737942e+02	3.533122970420476405e-01	2.269681837124608303e-01	1.825667854456296813e-01	1.110389508298443989e-01	5.470689572296706660e-02	2.087067164832299287e-02	5.053621559846666750e-02
6.676122894844290840e+02	3.520203547223383911e-01	2.261359563993846633e-01	1.834972303608704003e-01	1.115720799311230860e-01	5.496073863019451666e-02	2.094717043659631225e-02	5.086646951923199517e-02
6.724500596980843738e+02	3.507361785927856634e-01	2.253084285882480664e-01	1.844192997528073252e-01	1.121059617508322337e-01	5.520952235153906568e-02	2.102448052604551434e-02	5.119612843748150982e-02
6.772878299117396637e+02	3.494597165548062878e-01	2.244855625182756720e-01	1.853331436107278352e-01	1.126396661649401165e-01	5.545419819514076781e-02	2.110257279389422813e-02	5.152514016195453711e-02
6.821256001253949535e+02	3.481909170303564838e-01	2.236673236014509458e-01	1.862389060415267639e-01	1.131725014116624767e-01	5.569547971330301994e-02	2.118141884855846355e-02	5.185345335288132212e-02
6.869633703390502433e+02	3.469297289504868487e-01	2.228536796579320689e-01	1.871367258575294401e-01	1.137039540165985102e-01	5.593390256396447990e-02	2.126099100735661176e-02	5.218101794587154396e-02
6.918011405527055331e+02	3.456761017445217909e-01	2.220446003438304727e-01	1.880267370473538702e-01	1.142336438498743056e-01	5.616986929581276738e-02	2.134126227564233508e-02	5.250778544270399278e-02
6.966389107663608229e+02	3.444299853297748681e-01	2.212400567229054205e-01	1.889090691581165604e-01	1.147612905040082260e-01	5.640368285423024569e-02	2.142220632712667910e-02	5.283370910357751415e-02
7.014766809800161127e+02	3.431913301017333606e-01	2.204400209459295434e-01	1.897838476101999516e-01	1.152866881411468147e-01	5.663557164888094464e-02	2.150379748521039081e-02	5.315874406663848722e-02
7.063144511936714025e+02	3.419600869246570141e-01	2.196444660106096625e-01	1.906511939604985661e-01	1.158096866764802835e-01	5.686570830824595052e-02	2.158601070518850751e-02	5.348284741405952974e-02
7.111522214073266923e+02	3.407362071225497613e-01	2.188533655817761214e-01	1.915112261260918658e-01	1.163301777019259270e-01	5.709422371112355538e-02	2.166882155722017408e-02	5.380597819905215407e-02
7.159899916209819821e+02	3.395196424704705618e-01	2.180666938566633850e-01	1.923640585773218059e-01	1.168480839561256840e-01	5.732121748464052979e-02	2.175220620997974502e-02	5.412809744453789262e-02
7.208277618346371582e+02	3.383103451861550481e-01	2.172844254639276773e-01	1.932098025070294323e-01	1.173633514475217188e-01	5.754676585871598693e-02	2.183614141492291882e-02	5.444916812146684271e-02
7.256655320482924481e+02	3.371082679219263301e-01	2.165065353879064014e-01	1.940485659810391728e-01	1.178759435622512425e-01	5.777092754277428355e-02	2.192060449111474588e-02	5.476915511272741760e-02
7.305033022619478515e+02	3.359133637568753605e-01	2.157329989117640900e-01	1.948804540737334445e-01	1.183858366569149750e-01	5.799374812281313241e-02	2.200557331057639843e-02	5.508802516706218927e-02
7.353410724756030277e+02	3.347255861892950435e-01	2.149637915747703854e-01	1.957055689916243069e-01	1.188930167621945477e-01	5.821526335147777370e-02	2.209102628411526228e-02	5.540574684626225349e-02
7.401788426892584312e+02	3.335448891293542051e-01	2.141988891401524209e-01	1.965240101871305878e-01	1.193974771174993454e-01	5.843550160993529752e-02	2.217694234760870381e-02	5.572229046805900893e-02
7.450166129029136073e+02	3.323712268919992163e-01	2.134382675708604848e-01	1.973358744642421392e-01	1.198992163273020911e-01	5.865448575012487814e-02	2.226330094871623380e-02	5.603762804649457807e-02
7.498543831165690108e+02	3.312045541900723866e-01	2.126819030112557241e-01	1.981412560773596065e-01	1.203982369825491727e-01	5.887223447342777166e-02	2.235008203399839813e-02	5.635173323107654092e-02
7.546921533302243006e+02	3.300448261276376360e-01	2.119297717732304687e-01	1.989402468243020583e-01	1.208945446299791587e-01	5.908876336249931083e-02	2.243726603642329231e-02	5.666458124566759597e-02
7.595299235438793630e+02	3.288919981935043979e-01	2.111818503256462365e-01	1.997329361342523868e-01	1.213881470016940772e-01	5.930408565360251877e-02	2.252483386324368592e-02	5.697614882779616918e-02
7.643676937575347665e+02	3.277460262549414249e-01	2.104381152862556670e-01	2.005194111512426658e-01	1.218790534394070119e-01	5.951821281478593406e-02	2.261276688422953970e-02	5.728641416887724630e-02
7.692054639711900563e+02	3.266068665515731717e-01	2.096985434154847727e-01	2.012997568136555837e-01	1.223672744643067994e-01	5.973115497879114694e-02	2.270104692024184009e-02	5.759535685568614727e-02
7.740432341848452324e+02	3.254744756894519253e-01	2.089631116116081877e-01	2.020740559301225647e-01	1.228528214558385068e-01	5.994292126726377679e-02	2.278965623213499714e-02	5.790295781331946529e-02
7.788810043985006359e+02	3.243488106352983569e-01	2.082317969069686081e-01	2.028423892521265259e-01	1.233357064119428304e-01	6.015352003363047539e-02	2.287857750997577752e-02	5.820919924979681137e-02
7.837187746121558121e+02	3.232298287109047763e-01	2.075045764649786351e-01	2.036048355435628454e-01	1.238159417702142939e-01	6.036295904511339294e-02	2.296779386256754540e-02	5.851406460239794854e-02
7.885565448258112156e+02	3.221174875876944843e-01	2.067814275777098143e-01	2.043614716474692061e-01	1.242935402746124240e-01	6.057124561919821626e-02	2.305728880726930219e-02	5.881753848578596955e-02
7.933943150394665054e+02	3.210117452814327810e-01	2.060623276639222123e-01	2.051123725501035611e-01	1.247685148762309876e-01	6.077838672601468956e-02	2.314704626009946378e-02	5.911960664193569720e-02
7.982320852531219089e+02	3.199125601470825253e-01	2.053472542674251444e-01	2.058576114425240411e-01	1.252408786595267109e-01	6.098438906520296798e-02	2.323705052611489685e-02	5.942025589186307466e-02
8.030698554667769713e+02	3.188198908738005821e-01	2.046361850556869533e-01	2.065972597798049759e-01	1.257106447875753208e-01	6.118925912368038816e-02	2.332728629005611370e-02	5.971947408913498567e-02
8.079076256804323748e+02	3.177336964800692165e-01	2.039290978186327763e-01	2.073313873380087657e-01	1.261778264615434630e-01	6.139300321910801800e-02	2.341773860724997991e-02	6.001725007512711402e-02
8.127453958940876646e+02	3.166539363089579950e-01	2.032259704675836998e-01	2.080600622690204071e-01	1.266424368907781706e-01	6.159562753264820334e-02	2.350839289476157334e-02	6.031357363598935373e-02
8.175831661077428407e+02	3.155805700235116973e-01	2.025267810343036601e-01	2.087833511533418451e-01	1.271044892708221019e-01	6.179713813369992759e-02	2.359923492278724264e-02	6.060843546127289705e-02
8.224209363213982442e+02	3.145135576022601853e-01	2.018315076701278354e-01	2.095013190509359691e-01	1.275639967673416753e-01	6.199754099862293810e-02	2.369025080628116287e-02	6.090182710416966461e-02
8.272587065350534203e+02	3.134528593348449577e-01	2.011401286451530990e-01	2.102140295502025191e-01	1.280209725044630653e-01	6.219684202495515818e-02	2.378142699680804370e-02	6.119374094331260505e-02
8.320964767487085965e+02	3.123984358177595566e-01	2.004526223474766000e-01	2.109215448151636751e-01	1.284754295563906024e-01	6.239504704224954623e-02	2.387275027461484289e-02	6.148417014608467679e-02
8.369342469623640000e+02	3.113502479501992770e-01	1.997689672824708995e-01	2.116239256309312144e-01	1.289273809414661909e-01	6.259216182037329046e-02	2.396420774091467462e-02	6.177310863338394270e-02
8.417720171760191761e+02	3.103082569300165128e-01	1.990891420720882488e-01	2.123212314475244611e-01	1.293768396180410007e-01	6.278819207590022322e-02	2.405578681037625829e-02	6.206055104579271536e-02
8.466097873896745796e+02	3.092724242497782439e-01	1.984131254541872669e-01	2.130135204221032530e-01	1.298238184816896956e-01	6.298314347706884808e-02	2.414747520381260032e-02	6.234649271109948820e-02
8.514475576033297557e+02	3.082427116929221111e-01	1.977408962818775484e-01	2.137008494596777108e-01	1.302683303634162848e-01	6.317702164765968964e-02	2.423926094106272633e-02	6.263092961312334561e-02
8.562853278169851592e+02	3.072190813300077483e-01	1.970724335228791479e-01	2.143832742523535673e-01	1.307103880285894193e-01	6.336983217005702496e-02	2.433113233406054149e-02	6.291385836179196056e-02
8.611230980306403353e+02	3.062014955150603179e-01	1.964077162588935832e-01	2.150608493171693725e-01	1.311500041764120106e-01	6.356158058769338648e-02	2.442307798008512207e-02	6.319527616442556506e-02
8.659608682442956251e+02	3.051899168820030317e-01	1.957467236849851633e-01	2.157336280325785893e-01	1.315871914397792608e-01	6.375227240702571740e-02	2.451508675518686980e-02	6.347518079818074976e-02
8.707986384579510286e+02	3.041843083411753246e-01	1.950894351089704493e-01	2.164016626736285365e-01	1.320219623854164692e-01	6.394191309915492338e-02	2.460714780778424510e-02	6.375357058360943407e-02
8.756364086716062047e+02	3.031846330759346841e-01	1.944358299508151533e-01	2.170650044458851124e-01	1.324543295142161514e-01	6.413050810117240652e-02	2.469925055242586792e-02	6.403044435929000633e-02
8.804741788852616082e+02	3.021908545393383605e-01	1.937858877420373938e-01	2.177237035181504854e-01	1.328843052617143528e-01	6.431806281729672559e-02	2.479138466371310148e-02	6.430580145748900078e-02
8.853119490989170117e+02	3.012029364509031804e-01	1.931395881251166124e-01	2.183778090540192396e-01	1.333119019986617748e-01	6.450458261984746977e-02	2.488354007037819546e-02	6.457964168081299638e-02
8.901497193125721878e+02	3.002208427934401902e-01	1.924969108529077377e-01	2.190273692423164165e-01	1.337371320316568246e-01	6.469007285009235886e-02	2.497570694951344733e-02	6.485196527981250403e-02
8.949874895262273640e+02	2.992445378099622966e-01	1.918578357880601215e-01	2.196724313264592776e-01	1.341600076038166334e-01	6.487453881899414576e-02	2.506787572094680908e-02	6.512277293150020574e-02
8.998252597398827675e+02	2.982739860006617394e-01	1.912223429024410559e-01	2.203130416327829799e-01	1.345805408954681426e-01	6.505798580787783281e-02	2.516003704175968914e-02	6.539206571874799090e-02
9.046630299535379436e+02	2.973091521199561771e-01	1.905904122765632314e-01	2.209492455978688541e-01	1.349987440248465176e-01	6.524041906903361998e-02	2.525218180094269266e-02	6.565984511052828931e-02
9.095008001671932334e+02	2.963500011735999973e-01	1.899620240990164410e-01	2.215810877949123958e-01	1.354146290487915349e-01	6.542184382626735351e-02	2.534430111418523729e-02	6.592611294296649160e-02
9.143385703808486369e+02	2.953964984158595208e-01	1.893371586659027828e-01	2.222086119591666353e-01	1.358282079634353101e-01	6.560226527540745367e-02	2.543638631879523160e-02	6.619087140117255186e-02
9.191763405945038130e+02	2.944486093467498788e-01	1.887157963802760519e-01	2.228318610124953580e-01	1.362394927048770077e-01	6.578168858477517755e-02	2.552842896874487136e-02	6.645412300182118592e-02
9.240141108081592165e+02	2.935062997093314530e-01	1.880979177515841316e-01	2.234508770870692884e-01	1.366484951498407874e-01	6.596011889562365671e-02	2.562042082983905997e-02	6.671587057645113339e-02
9.288518810218145063e+02	2.925695354870641585e-01	1.874835033951151864e-01	2.240657015482366565e-01	1.370552271163157365e-01	6.613756132254984543e-02	2.571235387500276151e-02	6.697611725545520034e-02
9.336896512354697961e+02	2.916382829012174049e-01	1.868725340314470462e-01	2.246763750165991780e-01	1.374597003641756521e-01	6.631402095388266860e-02	2.580422027968397661e-02	6.723486645273360485e-02
9.385274214491247449e+02	2.907125084083342914e-01	1.862649904859000338e-01	2.252829373893225073e-01	1.378619265957789219e-01	6.648950285204995037e-02	2.589601241736897569e-02	6.749212185098481254e-02
9.433651916627801484e+02	2.897921786977485370e-01	1.856608536879928162e-01	2.258854278607096699e-01	1.382619174565472842e-01	6.666401205392633034e-02	2.598772285520660474e-02	6.774788738760827156e-02
9.482029618764355519e+02	2.888772606891514827e-01	1.850601046709014208e-01	2.264838849420646172e-01	1.386596845355244634e-01	6.683755357116383244e-02	2.607934434973852370e-02	6.800216724119514944e-02
9.530407320900908417e+02	2.879677215302091087e-01	1.844627245709215546e-01	2.270783464808721896e-01	1.390552393659141572e-01	6.701013239050643278e-02	2.617086984273245959e-02	6.825496581858361833e-02
9.578785023037459041e+02	2.870635285942260695e-01	1.838686946269336153e-01	2.276688496793193850e-01	1.394485934255985105e-01	6.718175347409006959e-02	2.626229245711551169e-02	6.850628774245640096e-02
9.627162725174014213e+02	2.861646494778562477e-01	1.832779961798710611e-01	2.282554311121826329e-01	1.398397581376369936e-01	6.735242175972881717e-02	2.635360549300469826e-02	6.875613783945910829e-02
9.675540427310568248e+02	2.852710519988582161e-01	1.826906106721912504e-01	2.288381267441040590e-01	1.402287448707469353e-01	6.752214216118836154e-02	2.644480242383209431e-02	6.900452112881862166e-02
9.723918129447120009e+02	2.843827041938936651e-01	1.821065196473497239e-01	2.294169719462793300e-01	1.406155649397658192e-01	6.769091956844745794e-02	2.653587689256185073e-02	6.925144281144171576e-02
9.772295831583674044e+02	2.834995743163682969e-01	1.815257047492767895e-01	2.299920015125785921e-01	1.410002296060962890e-01	6.785875884794807800e-02	2.662682270799660370e-02	6.949690825947490991e-02
9.820673533720223531e+02	2.826216308343135197e-01	1.809481477218571610e-01	2.305632496751214566e-01	1.413827500781346669e-01	6.802566484283485704e-02	2.671763384117079726e-02	6.974092300630710395e-02
9.869051235856777566e+02	2.817488424283074444e-01	1.803738304084125665e-01	2.311307501193257119e-01	1.417631375116834846e-01	6.819164237318448007e-02	2.680830442182853546e-02	6.998349273699731865e-02
9.917428937993331601e+02	2.808811779894346827e-01	1.798027347511866048e-01	2.316945359984495523e-01	1.421414030103486381e-01	6.835669623622550595e-02	2.689882873498363955e-02	7.022462327911090096e-02
9.965806640129884499e+02	2.800186066172831167e-01	1.792348427908327102e-01	2.322546399476451140e-01	1.425175576259222476e-01	6.852083120654908766e-02	2.698920121755968293e-02	7.046432059394755476e-02
1.001418434226643626e+03	2.791610976179769721e-01	1.786701366659045886e-01	2.328110940975418597e-01	1.428916123587514742e-01	6.868405203631106071e-02	2.707941645510788739e-02	7.070259076814572330e-02
1.006256204440298802e+03	2.783086205022447523e-01	1.781085986123493170e-01	2.333639300873764089e-01	1.432635781580940959e-01	6.884636345542591296e-02	2.716946917860067062e-02	7.093944000564837704e-02
1.011093974653954206e+03	2.774611449835218124e-01	1.775502109630030523e-01	2.339131790776857456e-01	1.436334659224614840e-01	6.900777017175288575e-02	2.725935426129893688e-02	7.117487462001563514e-02
1.015931744867609382e+03	2.766186409760853504e-01	1.769949561470892663e-01	2.344588717625792906e-01	1.440012864999494491e-01	6.916827687127476143e-02	2.734906671569105330e-02	7.140890102707031506e-02
1.020769515081264785e+03	2.757810785932222064e-01	1.764428166897195893e-01	2.350010383816054926e-01	1.443670506885578464e-01	6.932788821826954551e-02	2.743860169050165929e-02	7.164152573786324030e-02
1.025607285294920075e+03	2.749484281454269152e-01	1.758937752113970965e-01	2.355397087312273430e-01	1.447307692364989962e-01	6.948660885547545962e-02	2.752795446776842153e-02	7.187275535194530274e-02
1.030445055508575479e+03	2.741206601386313446e-01	1.753478144275221751e-01	2.360749121759212754e-01	1.450924528424960280e-01	6.964444340424963409e-02	2.761712045998497220e-02	7.210259655093408104e-02
1.035282825722230655e+03	2.732977452724626999e-01	1.748049171479007791e-01	2.366066776589128007e-01	1.454521121560711228e-01	6.980139646472065251e-02	2.770609520730828168e-02	7.233105609236314959e-02
1.040120595935886058e+03	2.724796544385309494e-01	1.742650662762550151e-01	2.371350337125621432e-01	1.458097577778245113e-01	6.995747261593540656e-02	2.779487437482876938e-02	7.255814080380271203e-02
1.044958366149541234e+03	2.716663587187432838e-01	1.737282448097364207e-01	2.376600084684125369e-01	1.461654002597045643e-01	7.011267641600048284e-02	2.788345374990157041e-02	7.278385757724059602e-02
1.049796136363196410e+03	2.708578293836466644e-01	1.731944358384414628e-01	2.381816296669131694e-01	1.465190501052693883e-01	7.026701240221824851e-02	2.797182923953729985e-02	7.300821336371320081e-02
1.054633906576851814e+03	2.700540378907957395e-01	1.726636225449293682e-01	2.386999246668286834e-01	1.468707177699404842e-01	7.042048509121813515e-02	2.805999686785085045e-02	7.323121516817618359e-02
1.059471676790506763e+03	2.692549558831470180e-01	1.721357882037423126e-01	2.392149204543463081e-01	1.472204136612486614e-01	7.057309897908309315e-02	2.814795277356669720e-02	7.345287004460532287e-02
1.064309447004162394e+03	2.684605551874775786e-01	1.716109161809281636e-01	2.397266436518916133e-01	1.475681481390729022e-01	7.072485854147170237e-02	2.823569320757928283e-02	7.367318509131813575e-02
1.069147217217817570e+03	2.676708078128283153e-01	1.710889899335652498e-01	2.402351205266631817e-01	1.479139315158722601e-01	7.087576823373589741e-02	2.832321453056707225e-02	7.389216744650745072e-02
1.073984987431472746e+03	2.668856859489703304e-01	1.705699930092894612e-01	2.407403769988963604e-01	1.482577740569113733e-01	7.102583249103483487e-02	2.841051321065891574e-02	7.410982428397815125e-02
1.078822757645127922e+03	2.661051619648948652e-01	1.700539090458239033e-01	2.412424386498657480e-01	1.485996859804797066e-01	7.117505572844484707e-02	2.849758582115143393e-02	7.432616280907897166e-02
1.083660527858783553e+03	2.653292084073252677e-01	1.695407217705104108e-01	2.417413307296354674e-01	1.489396774581051297e-01	7.132344234106577363e-02	2.858442903827609904e-02	7.454119025482135175e-02
1.088498298072438729e+03	2.645577979992506656e-01	1.690304149998436700e-01	2.422370781645667437e-01	1.492777586147619184e-01	7.147099670412385142e-02	2.867103963901482602e-02	7.475491387817782829e-02
1.093336068286093905e+03	2.637909036384811223e-01	1.685229726390072014e-01	2.427297055645908364e-01	1.496139395290736751e-01	7.161772317307149582e-02	2.875741449896277932e-02	7.496734095655240016e-02
1.098173838499749309e+03	2.630284983962231649e-01	1.680183786814119506e-01	2.432192372302559302e-01	1.499482302335110873e-01	7.176362608368373752e-02	2.884355059023735804e-02	7.517847878441621945e-02
1.103011608713404712e+03	2.622705555156758517e-01	1.675166172082367677e-01	2.437056971595560340e-01	1.502806407145853285e-01	7.190870975215199468e-02	2.892944497943210000e-02	7.538833467010144784e-02
1.107849378927059888e+03	2.615170484106459359e-01	1.670176723879711334e-01	2.441891090545492693e-01	1.506111809130368517e-01	7.205297847517493082e-02	2.901509482561446390e-02	7.559691593274699140e-02
1.112687149140715292e+03	2.607679506641826794e-01	1.665215284759601344e-01	2.446694963277733226e-01	1.509398607240202417e-01	7.219643653004673145e-02	2.910049737836643141e-02	7.580422989938999379e-02
1.117524919354370468e+03	2.600232360272310972e-01	1.660281698139516038e-01	2.451468821084651639e-01	1.512666899972850421e-01	7.233908817474296593e-02	2.918564997586681892e-02	7.601028390219680131e-02
1.122362689568025871e+03	2.592828784173034640e-01	1.655375808296452311e-01	2.456212892485914179e-01	1.515916785373530029e-01	7.248093764800403460e-02	2.927055004301438654e-02	7.621508527582793180e-02
1.127200459781681047e+03	2.585468519171684743e-01	1.650497460362439772e-01	2.460927403286968795e-01	1.519148361036916639e-01	7.262198916941646487e-02	2.935519508959067575e-02	7.641864135493134369e-02
1.132038229995336451e+03	2.578151307735577213e-01	1.645646500320075700e-01	2.465612576635765885e-01	1.522361724108849956e-01	7.276224693949209787e-02	2.943958270846168054e-02	7.662095947175873167e-02
1.136876000208991627e+03	2.570876893958896070e-01	1.640822774998079714e-01	2.470268633077783993e-01	1.525556971288008490e-01	7.290171513974531836e-02	2.952371057381738412e-02	7.682204695389988069e-02
1.141713770422646803e+03	2.563645023550088498e-01	1.636026132066870920e-01	2.474895790609415169e-01	1.528734198827553237e-01	7.304039793276843884e-02	2.960757643944829376e-02	7.702191112212991575e-02
1.146551540636302207e+03	2.556455443819428686e-01	1.631256420034165322e-01	2.479494264729766861e-01	1.531893502536748053e-01	7.317829946230536287e-02	2.969117813705809267e-02	7.722055928836513150e-02
1.151389310849957155e+03	2.549307903666736541e-01	1.626513488240593497e-01	2.484064268490938365e-01	1.535034977782551990e-01	7.331542385332352751e-02	2.977451357461153442e-02	7.741799875372244732e-02
1.156227081063612786e+03	2.542202153569249612e-01	1.621797186855339357e-01	2.488606012546821511e-01	1.538158719491189153e-01	7.345177521208440252e-02	2.985758073471676127e-02	7.761423680667849101e-02
1.161064851277267962e+03	2.535137945569646001e-01	1.617107366871798624e-01	2.493119705200477765e-01	1.541264822149695790e-01	7.358735762621247678e-02	2.994037767304128655e-02	7.780928072132403672e-02
1.165902621490923138e+03	2.528115033264215494e-01	1.612443880103259508e-01	2.497605552450140876e-01	1.544353379807447135e-01	7.372217516476289867e-02	3.002290251676077368e-02	7.800313775570967556e-02
1.170740391704578315e+03	2.521133171791171135e-01	1.607806579178601147e-01	2.502063758033890584e-01	1.547424486077665085e-01	7.385623187828783964e-02	3.010515346303994227e-02	7.819581515027912433e-02
1.175578161918233945e+03	2.514192117819103456e-01	1.603195317538014253e-01	2.506494523473046243e-01	1.550478234138906175e-01	7.398953179890160881e-02	3.018712877754478260e-02	7.838732012638628677e-02
1.180415932131889122e+03	2.507291629535571831e-01	1.598609949428739518e-01	2.510898048114322822e-01	1.553514716736535406e-01	7.412207894034475442e-02	3.026882679298543641e-02	7.857765988489257003e-02
1.185253702345544298e+03	2.500431466635829048e-01	1.594050329900829621e-01	2.515274529170786200e-01	1.556534026184181740e-01	7.425387729804704129e-02	3.035024590768894276e-02	7.876684160484111186e-02
1.190091472559199701e+03	2.493611390311678278e-01	1.589516314802926766e-01	2.519624161761658265e-01	1.559536254365181396e-01	7.438493084918940124e-02	3.043138458420129727e-02	7.895487244220460166e-02
1.194929242772855105e+03	2.486831163240459108e-01	1.585007760778063823e-01	2.523947138951002644e-01	1.562521492734004758e-01	7.451524355276512024e-02	3.051224134791800588e-02	7.914175952870362851e-02
1.199767012986510281e+03	2.480090549574156256e-01	1.580524525259482949e-01	2.528243651785334056e-01	1.565489832317674135e-01	7.464481934963998477e-02	3.059281478574267174e-02	7.932750997069244747e-02
1.204604783200165684e+03	2.473389314928635119e-01	1.576066466466473359e-01	2.532513889330184065e-01	1.568441363717167636e-01	7.477366216261178977e-02	3.067310354477279302e-02	7.951213084810929144e-02
1.209442553413820860e+03	2.466727226372996962e-01	1.571633443400231311e-01	2.536758038705658191e-01	1.571376177108812777e-01	7.490177589646901390e-02	3.075310633101230665e-02	7.969562921348861961e-02
1.214280323627476264e+03	2.460104052419049836e-01	1.567225315839736732e-01	2.540976285121026024e-01	1.574294362245671208e-01	7.502916443804885649e-02	3.083282190811022574e-02	7.987801209103240208e-02
1.219118093841131440e+03	2.453519563010899129e-01	1.562841944337651223e-01	2.545168811908360973e-01	1.577196008458913723e-01	7.515583165629460827e-02	3.091224909612476021e-02	8.005928647573799795e-02
1.223955864054786844e+03	2.446973529514647749e-01	1.558483190216233827e-01	2.549335800555279086e-01	1.580081204659186389e-01	7.528178140231250870e-02	3.099138677031244155e-02	8.023945933258024021e-02
1.228793634268442020e+03	2.440465724708209272e-01	1.554148915563276778e-01	2.553477430736795228e-01	1.582950039337970571e-01	7.540701750942792325e-02	3.107023385994159975e-02	8.041853759574525695e-02
1.233631404482097196e+03	2.433995922771231002e-01	1.549838983228059852e-01	2.557593880346327175e-01	1.585802600568934351e-01	7.553154379324118761e-02	3.114878934712973085e-02	8.059652816791383623e-02
1.238469174695752372e+03	2.427563899275120840e-01	1.545553256817324694e-01	2.561685325525882573e-01	1.588638976009279780e-01	7.565536405168288292e-02	3.122705226570420683e-02	8.077343791959212815e-02
1.243306944909407548e+03	2.421169431173181563e-01	1.541291600691267749e-01	2.565751940695445987e-01	1.591459252901082921e-01	7.577848206506870854e-02	3.130502170008581109e-02	8.094927368848765792e-02
1.248144715123063179e+03	2.414812296790846413e-01	1.537053879959551783e-01	2.569793898581601010e-01	1.594263518072629449e-01	7.590090159615399401e-02	3.138269678419460668e-02	8.112404227892855424e-02
1.252982485336718355e+03	2.408492275816015993e-01	1.532839960477335450e-01	2.573811370245405183e-01	1.597051857939745245e-01	7.602262639018794732e-02	3.146007670037767601e-02	8.129775046132420302e-02
1.257820255550373531e+03	2.402209149289493140e-01	1.528649708841324228e-01	2.577804525109549938e-01	1.599824358507123401e-01	7.614366017496733419e-02	3.153716067835823228e-02	8.147040497166542494e-02
1.262658025764028707e+03	2.395962699595515499e-01	1.524482992385835789e-01	2.581773530984818876e-01	1.602581105369648151e-01	7.626400666089019897e-02	3.161394799420564478e-02	8.164201251106231738e-02
1.267495795977684338e+03	2.389752710452384687e-01	1.520339679178890346e-01	2.585718554095878252e-01	1.605322183713713269e-01	7.638366954100909989e-02	3.169043796932595469e-02	8.181257974531828958e-02
1.272333566191339514e+03	2.383578966903185103e-01	1.516219638018311278e-01	2.589639759106411310e-01	1.608047678318541840e-01	7.650265249108414989e-02	3.176662996947243051e-02	8.198211330453844536e-02
1.277171336404994690e+03	2.377441255306598500e-01	1.512122738427851831e-01	2.593537309143623681e-01	1.610757673557499658e-01	7.662095916963601594e-02	3.184252340377571877e-02	8.215061978277087007e-02
1.282009106618650094e+03	2.371339363327806538e-01	1.508048850653336270e-01	2.597411365822138163e-01	1.613452253399408620e-01	7.673859321799847422e-02	3.191811772379320178e-02	8.231810573767933681e-02
1.286846876832305497e+03	2.365273079929482714e-01	1.503997845658819610e-01	2.601262089267297184e-01	1.616131501409859006e-01	7.685555826037103466e-02	3.199341242257713880e-02	8.248457769024593322e-02
1.291684647045960673e+03	2.359242195362870886e-01	1.499969595122765953e-01	2.605089638137895180e-01	1.618795500752518712e-01	7.697185790387134352e-02	3.206840703376122315e-02	8.265004212450227650e-02
1.296522417259616077e+03	2.353246501158949289e-01	1.495963971434246531e-01	2.608894169648355299e-01	1.621444334190442205e-01	7.708749573858746096e-02	3.214310113066515262e-02	8.281450548728798433e-02
1.301360187473271253e+03	2.347285790119678639e-01	1.491980847689153566e-01	2.612675839590367644e-01	1.624078084087379747e-01	7.720247533763005543e-02	3.221749432541675534e-02	8.297797418803509739e-02
1.306197957686926657e+03	2.341359856309334075e-01	1.488020097686433008e-01	2.616434802354012934e-01	1.626696832409084414e-01	7.731680025718455640e-02	3.229158626809152527e-02	8.314045459857739850e-02
1.311035727900581833e+03	2.335468495045915915e-01	1.484081595924336139e-01	2.620171210948374907e-01	1.629300660724619376e-01	7.743047403656318217e-02	3.236537664586891516e-02	8.330195305298321307e-02
1.315873498114237009e+03	2.329611502892642572e-01	1.480165217596688676e-01	2.623885217021672545e-01	1.631889650207665743e-01	7.754350019825693996e-02	3.243886518220528287e-02	8.346247584741077474e-02
1.320711268327892412e+03	2.323788677649521461e-01	1.476270838589175682e-01	2.627576970880914908e-01	1.634463881637829852e-01	7.765588224798765371e-02	3.251205163602303300e-02	8.362202923998503235e-02
1.325549038541547588e+03	2.317999818344996243e-01	1.472398335475648690e-01	2.631246621511099670e-01	1.637023435401951388e-01	7.776762367475988091e-02	3.258493580091562092e-02	8.378061945069484318e-02
1.330386808755202765e+03	2.312244725227670938e-01	1.468547585514445863e-01	2.634894316593966446e-01	1.639568391495410393e-01	7.787872795091289879e-02	3.265751750436812761e-02	8.393825266130959528e-02
1.335224578968857941e+03	2.306523199758109266e-01	1.464718466644733263e-01	2.638520202526319913e-01	1.642098829523437331e-01	7.798919853217263498e-02	3.272979660699307236e-02	8.409493501531425941e-02
1.340062349182513572e+03	2.300835044600707535e-01	1.460910857482861647e-01	2.642124424437938823e-01	1.644614828702422593e-01	7.809903885770363985e-02	3.280177300178114402e-02	8.425067261786213513e-02
1.344900119396168748e+03	2.295180063615638588e-01	1.457124637318742144e-01	2.645707126209074778e-01	1.647116467861225730e-01	7.820825235016111432e-02	3.287344661336658730e-02	8.440547153574418093e-02
1.349737889609823924e+03	2.289558061850869297e-01	1.453359686112239424e-01	2.649268450487564097e-01	1.649603825442487182e-01	7.831684241574293770e-02	3.294481739730687614e-02	8.455933779737427602e-02
1.354575659823479100e+03	2.283968845534247727e-01	1.449615884489580120e-01	2.652808538705554442e-01	1.652076979503940835e-01	7.842481244424168163e-02	3.301588533937643843e-02	8.471227739278963664e-02
1.359413430037134731e+03	2.278412222065659132e-01	1.445893113739781244e-01	2.656327531095868388e-01	1.654536007719728530e-01	7.853216580909679057e-02	3.308665045487414053e-02	8.486429627366541550e-02
1.364251200250789907e+03	2.272888000009250231e-01	1.442191255811094974e-01	2.659825566708001743e-01	1.656980987381713177e-01	7.863890586744673450e-02	3.315711278794425398e-02	8.501540035334302636e-02
1.369088970464445310e+03	2.267395989085721209e-01	1.438510193307471485e-01	2.663302783423780462e-01	1.659411995400795203e-01	7.874503596018127272e-02	3.322727241091064099e-02	8.516559550687127778e-02
1.373926740678100487e+03	2.261936000164683491e-01	1.434849809485035654e-01	2.666759317972676735e-01	1.661829108308230940e-01	7.885055941199374530e-02	3.329712942362385297e-02	8.531488757105981646e-02
1.378764510891755890e+03	2.256507845257083866e-01	1.431209988248585141e-01	2.670195305946799214e-01	1.664232402256948795e-01	7.895547953143343400e-02	3.336668395282093441e-02	8.546328234454401984e-02
1.383602281105411066e+03	2.251111337507690768e-01	1.427590614148104564e-01	2.673610881815566276e-01	1.666621953022872360e-01	7.905979961095802033e-02	3.343593615149765413e-02	8.561078558786106019e-02
1.388440051319066470e+03	2.245746291187647181e-01	1.423991572375293280e-01	2.677006178940068981e-01	1.668997836006239910e-01	7.916352292698614068e-02	3.350488619829294912e-02	8.575740302353614120e-02
1.393277821532721646e+03	2.240412521687082381e-01	1.420412748760115362e-01	2.680381329587135375e-01	1.671360126232928622e-01	7.926665273994998318e-02	3.357353429688526847e-02	8.590314033617869882e-02
1.398115591746377049e+03	2.235109845507789461e-01	1.416854029767361522e-01	2.683736464943107247e-01	1.673708898355777963e-01	7.936919229434803713e-02	3.364188067540064414e-02	8.604800317258787246e-02
1.402953361960032225e+03	2.229838080255960309e-01	1.413315302493231562e-01	2.687071715127325455e-01	1.676044226655916680e-01	7.947114481879782866e-02	3.370992558583229409e-02	8.619199714186658035e-02
1.407791132173687402e+03	2.224597044634982479e-01	1.409796454661930987e-01	2.690387209205354346e-01	1.678366185044089798e-01	7.957251352608880890e-02	3.377766930347140401e-02	8.633512781554417148e-02
1.412628902387342805e+03	2.219386558438294355e-01	1.406297374622287044e-01	2.693683075201924182e-01	1.680674847061986998e-01	7.967330161323542270e-02	3.384511212634896959e-02	8.647740072770652986e-02
1.417466672600997981e+03	2.214206442542299702e-01	1.402817951344377534e-01	2.696959440113627093e-01	1.682970285883574058e-01	7.977351226153005237e-02	3.391225437468847054e-02	8.661882137513378377e-02
1.422304442814653157e+03	2.209056518899338573e-01	1.399358074416180708e-01	2.700216429921356021e-01	1.685252574316424001e-01	7.987314863659630837e-02	3.397909639036912621e-02	8.675939521744482907e-02
1.427142213028308333e+03	2.203936610530716211e-01	1.395917634040237942e-01	2.703454169602496071e-01	1.687521784803050484e-01	7.997221388844219514e-02	3.404563853639959448e-02	8.689912767724833342e-02
1.431979983241963964e+03	2.198846541519788034e-01	1.392496521030334167e-01	2.706672783142884953e-01	1.689777989422242555e-01	8.007071115151351282e-02	3.411188119640180816e-02	8.703802414029991608e-02
1.436817753455619140e+03	2.193786137005099002e-01	1.389094626808196065e-01	2.709872393548535263e-01	1.692021259890400531e-01	8.016864354474734222e-02	3.417782477410485908e-02	8.717608995566496211e-02
1.441655523669274316e+03	2.188755223173579900e-01	1.385711843400204701e-01	2.713053122857134181e-01	1.694251667562872710e-01	8.026601417162551599e-02	3.424346969284867981e-02	8.731333043588689058e-02
1.446493293882929493e+03	2.183753627253794682e-01	1.382348063434124807e-01	2.716215092149326660e-01	1.696469283435296238e-01	8.036282612022833949e-02	3.430881639509730102e-02	8.744975085716039098e-02
1.451331064096585123e+03	2.178781177509243605e-01	1.379003180135850992e-01	2.719358421559781025e-01	1.698674178144934099e-01	8.045908246328832558e-02	3.437386534196160831e-02	8.758535645950936421e-02
1.456168834310240300e+03	2.173837703231717711e-01	1.375677087326169501e-01	2.722483230288051947e-01	1.700866421972018205e-01	8.055478625824399885e-02	3.443861701273132764e-02	8.772015244696923508e-02
1.461006604523895703e+03	2.168923034734707156e-01	1.372369679417536348e-01	2.725589636609237476e-01	1.703046084841090824e-01	8.064994054729381079e-02	3.450307190441601057e-02	8.785414398777328937e-02
1.465844374737550879e+03	2.164037003346858112e-01	1.369080851410871547e-01	2.728677757884444000e-01	1.705213236322348225e-01	8.074454835745020764e-02	3.456723053129504702e-02	8.798733621454293830e-02
1.470682144951206283e+03	2.159179441405482958e-01	1.365810498892368885e-01	2.731747710571055254e-01	1.707367945632984330e-01	8.083861270059372606e-02	3.463109342447629607e-02	8.811973422448125814e-02
1.475519915164861459e+03	2.154350182250119594e-01	1.362558518030322074e-01	2.734799610232820366e-01	1.709510281638537132e-01	8.093213657352715806e-02	3.469466113146334185e-02	8.825134307957002711e-02
1.480357685378516862e+03	2.149549060216140173e-01	1.359324805571966166e-01	2.737833571549758149e-01	1.711640312854234847e-01	8.102512295802979936e-02	3.475793421573113856e-02	8.838216780676955153e-02
1.485195455592172038e+03	2.144775910628410609e-01	1.356109258840335063e-01	2.740849708327883771e-01	1.713758107446342327e-01	8.111757482091191962e-02	3.482091325630983641e-02	8.851221339822139267e-02
1.490033225805827215e+03	2.140030569794995896e-01	1.352911775731136246e-01	2.743848133508767773e-01	1.715863733233509714e-01	8.120949511406910792e-02	3.488359884737680244e-02	8.864148481145348035e-02
1.494870996019482618e+03	2.135312875000914545e-01	1.349732254709637702e-01	2.746828959178920782e-01	1.717957257688121075e-01	8.130088677453681245e-02	3.494599159785646142e-02	8.876998696958768309e-02
1.499708766233137567e+03	2.130622664501941599e-01	1.346570594807574295e-01	2.749792296579021134e-01	1.720038747937643053e-01	8.139175272454499122e-02	3.500809213102797079e-02	8.889772476154939040e-02
1.504546536446793198e+03	2.125959777518456328e-01	1.343426695620066891e-01	2.752738256112982618e-01	1.722108270765976001e-01	8.148209587157273504e-02	3.506990108414052149e-02	8.902470304227895481e-02
1.509384306660448374e+03	2.121324054229337674e-01	1.340300457302557868e-01	2.755666947356864016e-01	1.724165892614803741e-01	8.157191910840301541e-02	3.513141910803611184e-02	8.915092663294497954e-02
1.514222076874103550e+03	2.116715335765904649e-01	1.337191780567762445e-01	2.758578479067630984e-01	1.726211679584944703e-01	8.166122531317747402e-02	3.519264686677969073e-02	8.927640032115900792e-02
1.519059847087758726e+03	2.112133464205902533e-01	1.334100566682636380e-01	2.761472959191766940e-01	1.728245697437703343e-01	8.175001734945133713e-02	3.525358503729649623e-02	8.940112886119166991e-02
1.523897617301414357e+03	2.107578282567533767e-01	1.331026717465355336e-01	2.764350494873745734e-01	1.730268011596222122e-01	8.183829806624834391e-02	3.531423430901645122e-02	8.952511697418995273e-02
1.528735387515069533e+03	2.103049634803533241e-01	1.327970135282313946e-01	2.767211192464356651e-01	1.732278687146832918e-01	8.192607029811570241e-02	3.537459538352553251e-02	8.964836934839555405e-02
1.533573157728724709e+03	2.098547365795286335e-01	1.324930723045137093e-01	2.770055157528899525e-01	1.734277788840409285e-01	8.201333686517921218e-02	3.543466897422390544e-02	8.977089063936413704e-02
1.538410927942380113e+03	2.094071321346991921e-01	1.321908384207707565e-01	2.772882494855242741e-01	1.736265381093718974e-01	8.210010057319826193e-02	3.549445580599080302e-02	8.989268547018530731e-02
1.543248698156035516e+03	2.089621348179867555e-01	1.318903022763207866e-01	2.775693308461751330e-01	1.738241527990775914e-01	8.218636421362110478e-02	3.555395661485589998e-02	9.001375843170322799e-02
1.548086468369690692e+03	2.085197293926395745e-01	1.315914543241178403e-01	2.778487701605090732e-01	1.740206293284191630e-01	8.227213056363995303e-02	3.561317214767715372e-02	9.013411408273776237e-02
1.552924238583346096e+03	2.080799007124615463e-01	1.312942850704589548e-01	2.781265776787901212e-01	1.742159740396529155e-01	8.235740238624622567e-02	3.567210316182495983e-02	9.025375695030585232e-02
1.557762008797001272e+03	2.076426337212450568e-01	1.309987850746928972e-01	2.784027635766355702e-01	1.744101932421652790e-01	8.244218243028592075e-02	3.573075042487247610e-02	9.037269152984338250e-02
1.562599779010656675e+03	2.072079134522084864e-01	1.307049449489302850e-01	2.786773379557598296e-01	1.746032932126081183e-01	8.252647343051482121e-02	3.578911471429208069e-02	9.049092228542696126e-02
1.567437549224311852e+03	2.067757250274372127e-01	1.304127553577554832e-01	2.789503108447065616e-01	1.747952801950338197e-01	8.261027810765388113e-02	3.584719681715775597e-02	9.060845364999586815e-02
1.572275319437967255e+03	2.063460536573291371e-01	1.301222070179395840e-01	2.792216921995696599e-01	1.749861604010302385e-01	8.269359916844463976e-02	3.590499752985332194e-02	9.072529002557397360e-02
1.577113089651622431e+03	2.059188846400438755e-01	1.298332906981550516e-01	2.794914919047032931e-01	1.751759400098559238e-01	8.277643930570456610e-02	3.596251765778647053e-02	9.084143578349139492e-02
1.581950859865277607e+03	2.054942033609559460e-01	1.295459972186919217e-01	2.797597197734208452e-01	1.753646251685749835e-01	8.285880119838250069e-02	3.601975801510839265e-02	9.095689526460602747e-02
1.586788630078933011e+03	2.050719952921120637e-01	1.292603174511751107e-01	2.800263855486837539e-01	1.755522219921919203e-01	8.294068751161408348e-02	3.607671942443896329e-02	9.107167277952470108e-02
1.591626400292587959e+03	2.046522459916920444e-01	1.289762423182836959e-01	2.802914989037796900e-01	1.757387365637866072e-01	8.302210089677725113e-02	3.613340271659735287e-02	9.118577260882394786e-02
