6.337478979888421691e+02	3.609357572155553751e-01	2.324959329650400086e-01	1.764718494572976304e-01	1.083843943714866004e-01	5.284514325286935460e-02	2.032434530919794910e-02	4.854257742828974737e-02
6.385856682024975726e+02	3.596023981333086317e-01	2.316295503967420732e-01	1.774558003332102063e-01	1.089479544717197185e-01	5.309153243334979039e-02	2.039638929952690069e-02	4.887637493187937249e-02
6.434234384161527487e+02	3.582770372831733940e-01	2.307680483777986014e-01	1.784306623802488778e-01	1.095082935272818359e-01	5.333659461057191353e-02	2.046942136666038414e-02	4.920994245400171080e-02
6.482612086298080385e+02	3.569596207916049257e-01	2.299113994266968053e-01	1.793965951731111286e-01	1.100654373294392557e-01	5.358033551840789971e-02	2.054340829978549068e-02	4.954320346069127079e-02
6.530989788434633283e+02	3.556500953296299339e-01	2.290595762239387434e-01	1.803537536762132854e-01	1.106194110906371930e-01	5.382276091317998723e-02	2.061831770055717883e-02	4.987608506558039584e-02
6.579367490571185044e+02	3.543484081018117848e-01	2.282125516106349727e-01	1.813022884047205685e-01	1.111702394669129845e-01	5.406387657164274385e-02	2.069411796181992377e-02	5.020851788219377748e-02
6.627745192707737942e+02	3.530545068355628868e-01	2.273702985871292603e-01	1.822423455796103597e-01	1.117179465794053972e-01	5.430368828904569983e-02	2.077077824696814748e-02	5.054043588201499737e-02
6.676122894844290840e+02	3.517683397707937476e-01	2.265327903116535202e-01	1.831740672769940625e-01	1.122625560349958668e-01	5.454220187727332886e-02	2.084826846992396746e-02	5.087177625810222759e-02
6.724500596980843738e+02	3.504898556498847739e-01	2.257000000990114219e-01	1.840975915719152978e-01	1.128040909461158758e-01	5.477942316305942083e-02	2.092655927571152388e-02	5.120247929403842074e-02
6.772878299117396637e+02	3.492190037079700993e-01	2.248719014192898935e-01	1.850130526768325179e-01	1.133425739497533058e-01	5.501535798627298079e-02	2.100562202160800515e-02	5.153248823800994638e-02
6.821256001253949535e+02	3.479557336635221154e-01	2.240484678965974918e-01	1.859205810749872123e-01	1.138780272256894460e-01	5.525001219827307963e-02	2.108542875885205045e-02	5.186174918181533922e-02
6.869633703390502433e+02	3.466999957092256057e-01	2.232296733078285578e-01	1.868203036488509383e-01	1.144104725139971218e-01	5.548339166032995040e-02	2.116595221489102688e-02	5.219021094461351318e-02
6.918011405527055331e+02	3.454517405031311550e-01	2.224154915814523237e-01	1.877123438038369729e-01	1.149399311318290706e-01	5.571550224210981839e-02	2.124716577614929255e-02	5.251782496122811561e-02
6.966389107663608229e+02	3.442109191600777329e-01	2.216058967963260296e-01	1.885968215874549991e-01	1.154664239895247663e-01	5.594634982022114039e-02	2.132904347130019224e-02	5.284454517483186398e-02
7.014766809800161127e+02	3.429774832433752918e-01	2.208008631805312150e-01	1.894738538040814657e-01	1.159899716060625724e-01	5.617594027681983154e-02	2.141155995502513898e-02	5.317032793384125766e-02
7.063144511936714025e+02	3.417513847567372198e-01	2.200003651102322710e-01	1.903435541255101560e-01	1.165105941238831905e-01	5.640427949827134246e-02	2.149469049224378425e-02	5.349513189285885068e-02
7.111522214073266923e+02	3.405325761364544901e-01	2.192043771085566695e-01	1.912060331974426985e-01	1.170283113231094518e-01	5.663137337386738024e-02	2.157841094279976113e-02	5.381891791750637727e-02
7.159899916209819821e+02	3.393210102438025122e-01	2.184128738444957585e-01	1.920613987420718427e-01	1.175431426351863096e-01	5.685722779459521231e-02	2.166269774658711317e-02	5.414164899299803851e-02
7.208277618346371582e+02	3.381166403576724711e-01	2.176258301318257926e-01	1.929097556569046301e-01	1.180551071559640536e-01	5.708184865195761043e-02	2.174752790910301770e-02	5.446329013630919064e-02
7.256655320482924481e+02	3.369194201674189371e-01	2.168432209280482803e-01	1.937512061099671279e-01	1.185642236582468562e-01	5.730524183684147094e-02	2.183287898741292227e-02	5.478380831180115068e-02
7.305033022619478515e+02	3.357293037659169754e-01	2.160650213333487613e-01	1.945858496315267805e-01	1.190705106038281308e-01	5.752741323843329341e-02	2.191872907651467098e-02	5.510317235016821968e-02
7.353410724756030277e+02	3.345462456428198172e-01	2.152912065895738192e-01	1.954137832024637755e-01	1.195739861550327715e-01	5.774836874317975516e-02	2.200505679608878370e-02	5.542135287057815135e-02
7.401788426892584312e+02	3.333702006780116522e-01	2.145217520792253585e-01	1.962351013394171007e-01	1.200746681857863263e-01	5.796811423379166772e-02	2.209184127762233579e-02	5.573832220588239433e-02
7.450166129029136073e+02	3.322011241352474387e-01	2.137566333244718397e-01	1.970498961768267776e-01	1.205725742922296173e-01	5.818665558828968465e-02	2.217906215189450331e-02	5.605405433077696731e-02
7.498543831165690108e+02	3.310389716559737350e-01	2.129958259861754188e-01	1.978582575459885973e-01	1.210677218028971963e-01	5.840399867909019244e-02	2.226669953681207834e-02	5.636852479279964162e-02
7.546921533302243006e+02	3.298836992533240031e-01	2.122393058629349072e-01	1.986602730512339876e-01	1.215601277884768849e-01	5.862014937212982335e-02	2.235473402558386252e-02	5.668171064605334597e-02
7.595299235438793630e+02	3.287352633062826657e-01	2.114870488901439416e-01	1.994560281433426230e-01	1.220498090711673034e-01	5.883511352602719541e-02	2.244314667522306211e-02	5.699359038755006518e-02
7.643676937575347665e+02	3.275936205540109225e-01	2.107390311390635596e-01	2.002456061902917472e-01	1.225367822336494300e-01	5.904889699128041541e-02	2.253191899536728660e-02	5.730414389607355746e-02
7.692054639711900563e+02	3.264587280903303856e-01	2.099952288159090130e-01	2.010290885454419363e-01	1.230210636276874991e-01	5.926150560949907525e-02	2.262103293740609644e-02	5.761335237346297544e-02
7.740432341848452324e+02	3.253305433583575379e-01	2.092556182609500715e-01	2.018065546132557508e-01	1.235026693823743360e-01	5.947294521266930506e-02	2.271047088390638208e-02	5.792119828822355626e-02
7.788810043985006359e+02	3.242090241452847410e-01	2.085201759476247863e-01	2.025780819126413168e-01	1.239816154120352981e-01	5.968322162245075918e-02	2.280021563832621001e-02	5.822766532137391149e-02
7.837187746121558121e+02	3.230941285773015204e-01	2.077888784816658285e-01	2.033437461380098732e-01	1.244579174238044789e-01	5.989234064950431369e-02	2.289025041500804616e-02	5.853273831444299330e-02
7.885565448258112156e+02	3.219858151146532954e-01	2.070617026002390115e-01	2.041036212181331910e-01	1.249315909248864126e-01	6.010030809284923337e-02	2.298055882944270017e-02	5.883640321953319263e-02
7.933943150394665054e+02	3.208840425468307833e-01	2.063386251710941366e-01	2.048577793728824648e-01	1.254026512295159934e-01	6.030712973924879511e-02	2.307112488879548007e-02	5.913864705136932104e-02
7.982320852531219089e+02	3.197887699878866896e-01	2.056196231917269968e-01	2.056062911679288063e-01	1.258711134656286812e-01	6.051281136262318811e-02	2.316193298268645617e-02	5.943945784125614917e-02
8.030698554667769713e+02	3.186999568718750231e-01	2.049046737885527603e-01	2.063492255674804210e-01	1.263369925812526939e-01	6.071735872348878876e-02	2.325296787421695863e-02	5.973882459287032515e-02
8.079076256804323748e+02	3.176175629484090934e-01	2.041937542160901509e-01	2.070866499851306552e-01	1.268003033506344690e-01	6.092077756842270014e-02	2.334421469123471038e-02	6.003673723981519522e-02
8.127453958940876646e+02	3.165415482783336398e-01	2.034868418561560643e-01	2.078186303328871665e-01	1.272610603801081763e-01	6.112307362955166773e-02	2.343565891783030292e-02	6.033318660487003299e-02
8.175831661077428407e+02	3.154718732295076489e-01	2.027839142170703712e-01	2.085452310684496879e-01	1.277192781137195254e-01	6.132425262406440702e-02	2.352728638605784336e-02	6.062816436086756328e-02
8.224209363213982442e+02	3.144084984726943088e-01	2.020849489328705173e-01	2.092665152408022256e-01	1.281749708386140663e-01	6.152432025374650337e-02	2.361908326787304918e-02	6.092166299313640787e-02
8.272587065350534203e+02	3.133513849775535487e-01	2.013899237625356997e-01	2.099825445341820251e-01	1.286281526901992822e-01	6.172328220453699582e-02	2.371103606728207011e-02	6.121367576344752259e-02
8.320964767487085965e+02	3.123004940087348857e-01	2.006988165892201192e-01	2.106933793104859010e-01	1.290788376570898011e-01	6.192114414610582623e-02	2.380313161269474731e-02	6.150419667540582558e-02
8.369342469623640000e+02	3.112557871220665295e-01	2.000116054194955584e-01	2.113990786501722119e-01	1.295270395858445500e-01	6.211791173145140427e-02	2.389535704947604727e-02	6.179322044123084640e-02
8.417720171760191761e+02	3.102172261608373005e-01	1.993282683826022028e-01	2.120997003917140522e-01	1.299727721855042928e-01	6.231359059651746246e-02	2.398769983268982456e-02	6.208074244987205753e-02
8.466097873896745796e+02	3.091847732521690317e-01	1.986487837297081782e-01	2.127953011696577801e-01	1.304160490319377086e-01	6.250818635982854921e-02	2.408014772002904993e-02	6.236675873640687429e-02
8.514475576033297557e+02	3.081583908034762342e-01	1.979731298331771916e-01	2.134859364513383706e-01	1.308568835720038126e-01	6.270170462214337548e-02	2.417268876492699101e-02	6.265126595267124510e-02
8.562853278169851592e+02	3.071380414990090846e-01	1.973012851858441385e-01	2.141716605723018585e-01	1.312952891275382949e-01	6.289415096612535616e-02	2.426531130984396420e-02	6.293426133907455144e-02
8.611230980306403353e+02	3.061236882964787909e-01	1.966332284002983710e-01	2.148525267704821939e-01	1.317312788991708561e-01	6.308553095602981164e-02	2.435800397972444700e-02	6.321574269755271536e-02
8.659608682442956251e+02	3.051152944237612297e-01	1.959689382081745146e-01	2.155285872191792240e-01	1.321648659699807549e-01	6.327585013740701092e-02	2.445075567561955099e-02	6.349570836561493903e-02
8.707986384579510286e+02	3.041128233756766885e-01	1.953083934594505855e-01	2.161998930588815426e-01	1.325960633089967311e-01	6.346511403682056351e-02	2.454355556846994982e-02	6.377415719144115258e-02
8.756364086716062047e+02	3.031162389108437161e-01	1.946515731217530187e-01	2.168664944279777296e-01	1.330248837745482693e-01	6.365332816158054963e-02	2.463639309304459929e-02	6.405108850998936232e-02
8.804741788852616082e+02	3.021255050486036375e-01	1.939984562796688849e-01	2.175284404923961690e-01	1.334513401174738656e-01	6.384049799949091664e-02	2.472925794203074262e-02	6.432650212007302859e-02
8.853119490989170117e+02	3.011405860660147926e-01	1.933490221340645465e-01	2.181857794742136092e-01	1.338754449841924876e-01	6.402662901861044809e-02	2.482214006027071151e-02	6.460039826237071181e-02
8.901497193125721878e+02	3.001614464949126648e-01	1.927032500014109473e-01	2.188385586792703785e-01	1.342972109196438057e-01	6.421172666702686105e-02	2.491502963914138391e-02	6.487277759833130764e-02
8.949874895262273640e+02	2.991880511190355141e-01	1.920611193131152306e-01	2.194868245238284221e-01	1.347166503701026086e-01	6.439579637264362943e-02	2.500791711107212822e-02	6.514364118993980213e-02
8.998252597398827675e+02	2.982203649712120708e-01	1.914226096148584910e-01	2.201306225603083810e-01	1.351337756858724815e-01	6.457884354297881158e-02	2.510079314419726149e-02	6.541299048030985164e-02
9.046630299535379436e+02	2.972583533306096260e-01	1.907877005659396608e-01	2.207699975021384098e-01	1.355485991238640775e-01	6.476087356497572944e-02	2.519364863713922584e-02	6.568082727507057461e-02
9.095008001671932334e+02	2.963019817200414074e-01	1.901563719386251405e-01	2.214049932477480942e-01	1.359611328500626160e-01	6.494189180482476398e-02	2.528647471391870169e-02	6.594715372451648294e-02
9.143385703808486369e+02	2.953512159033300777e-01	1.895286036175042044e-01	2.220356529037389448e-01	1.363713889418892156e-01	6.512190360779607223e-02	2.537926271898811870e-02	6.621197230649060461e-02
9.191763405945038130e+02	2.944060218827265207e-01	1.889043755988499551e-01	2.226620188072610529e-01	1.367793793904603372e-01	6.530091429808260184e-02	2.547200421238503959e-02	6.647528580997172365e-02
9.240141108081592165e+02	2.934663658963822530e-01	1.882836679899857479e-01	2.232841325476256078e-01	1.371851161027500265e-01	6.547892917865318074e-02	2.556469096500208274e-02	6.673709731933837042e-02
9.288518810218145063e+02	2.925322144158726267e-01	1.876664610086569984e-01	2.239020349871809756e-01	1.375886109036586757e-01	6.565595353111527976e-02	2.565731495397009440e-02	6.699741019928263930e-02
9.336896512354697961e+02	2.916035341437709927e-01	1.870527349824079311e-01	2.245157662814792621e-01	1.379898755379923569e-01	6.583199261558690674e-02	2.574986835815144121e-02	6.725622808034840971e-02
9.385274214491247449e+02	2.906802920112708244e-01	1.864424703479637124e-01	2.251253658987591999e-01	1.383889216723565019e-01	6.600705167057747957e-02	2.584234355374034897e-02	6.751355484506921245e-02
9.433651916627801484e+02	2.897624551758550271e-01	1.858356476506172750e-01	2.257308726387707576e-01	1.387857608969674250e-01	6.618113591287728970e-02	2.593473310996733533e-02	6.776939461468224624e-02
9.482029618764355519e+02	2.888499910190105435e-01	1.852322475436210814e-01	2.263323246509646169e-01	1.391804047273854372e-01	6.635425053745511170e-02	2.602702978490489469e-02	6.802375173639563233e-02
9.530407320900908417e+02	2.879428671439878129e-01	1.846322507875836627e-01	2.269297594520706673e-01	1.395728646061725753e-01	6.652640071736380667e-02	2.611922652137160447e-02	6.827663077118724388e-02
9.578785023037459041e+02	2.870410513736021407e-01	1.840356382498706811e-01	2.275232139430868883e-01	1.399631519044782502e-01	6.669759160365346107e-02	2.621131644293206095e-02	6.852803648211389098e-02
9.627162725174014213e+02	2.861445117480775902e-01	1.834423909040106271e-01	2.281127244257003805e-01	1.403512779235560615e-01	6.686782832529197806e-02	2.630329284998996625e-02	6.877797382311078012e-02
9.675540427310568248e+02	2.852532165229305638e-01	1.828524898291047918e-01	2.286983266181612517e-01	1.407372538962143593e-01	6.703711598909255220e-02	2.639514921597184427e-02	6.902644792826197195e-02
9.723918129447120009e+02	2.843671341668927433e-01	1.822659162092417906e-01	2.292800556706290627e-01	1.411210909882038567e-01	6.720545967964801359e-02	2.648687918359901930e-02	6.927346410152285250e-02
9.772295831583674044e+02	2.834862333598720530e-01	1.816826513329160842e-01	2.298579461800107637e-01	1.415028002995444290e-01	6.737286445927161138e-02	2.657847656124543226e-02	6.951902780687699290e-02
9.820673533720223531e+02	2.826104829909503180e-01	1.811026765924508841e-01	2.304320322043088287e-01	1.418823928657942102e-01	6.753933536794407000e-02	2.666993531937900466e-02	6.976314465891000904e-02
9.869051235856777566e+02	2.817398521564170588e-01	1.805259734834250840e-01	2.310023472764969332e-01	1.422598796592633164e-01	6.770487742326670999e-02	2.676124958708436807e-02	7.000582041378389242e-02
9.917428937993331601e+02	2.808743101578374812e-01	1.799525236041040754e-01	2.315689244179404693e-01	1.426352715901743340e-01	6.786949562042024486e-02	2.685241364866476632e-02	7.024706096059597782e-02
9.965806640129884499e+02	2.800138265001548832e-01	1.793823086548747003e-01	2.321317961513781614e-01	1.430085795077723765e-01	6.803319493212919844e-02	2.694342194032108007e-02	7.048687231310700463e-02
1.001418434226643626e+03	2.791583708898252025e-01	1.788153104376838387e-01	2.326909945134804647e-01	1.433798142013863741e-01	6.819598030863165128e-02	2.703426904690591631e-02	7.072526060182392216e-02
1.006256204440298802e+03	2.783079132329840388e-01	1.782515108554809657e-01	2.332465510670002073e-01	1.437489864014442342e-01	6.835785667765405249e-02	2.712494969875083733e-02	7.096223206642299219e-02
1.011093974653954206e+03	2.774624236336439842e-01	1.776908919116644003e-01	2.337984969125299350e-01	1.441161067804433704e-01	6.851882894439102756e-02	2.721545876856482082e-02	7.119779304849981061e-02
1.015931744867609382e+03	2.766218723919225964e-01	1.771334357095309398e-01	2.343468626998797266e-01	1.444811859538789878e-01	6.867890199148993235e-02	2.730579126840208121e-02	7.143194998463302248e-02
1.020769515081264785e+03	2.757862300022992930e-01	1.765791244517297132e-01	2.348916786390898015e-01	1.448442344811318450e-01	6.883808067903980643e-02	2.739594234669749315e-02	7.166470939974937948e-02
1.025607285294920075e+03	2.749554671519006122e-01	1.760279404397187275e-01	2.354329745110901873e-01	1.452052628663170197e-01	6.899636984456485045e-02	2.748590728536789984e-02	7.189607790077801042e-02
1.030445055508575479e+03	2.741295547188136728e-01	1.754798660732256044e-01	2.359707796780202982e-01	1.455642815590959538e-01	6.915377430302208084e-02	2.757568149697755405e-02	7.212606217058213642e-02
1.035282825722230655e+03	2.733084637704257247e-01	1.749348838497114256e-01	2.365051230932208315e-01	1.459213009554528317e-01	6.931029884680287023e-02	2.766526052196615140e-02	7.235466896215748955e-02
1.040120595935886058e+03	2.724921655617904559e-01	1.743929763638378261e-01	2.370360333109091944e-01	1.462763313984372371e-01	6.946594824573852633e-02	2.775464002593780455e-02	7.258190509308630467e-02
1.044958366149541234e+03	2.716806315340195566e-01	1.738541263069378062e-01	2.375635384955495366e-01	1.466293831788745561e-01	6.962072724710945126e-02	2.784381579700945936e-02	7.280777744023700371e-02
1.049796136363196410e+03	2.708738333126989861e-01	1.733183164664893472e-01	2.380876664309291013e-01	1.469804665360454621e-01	6.977464057565797850e-02	2.793278374321723351e-02	7.303229293469930272e-02
1.054633906576851814e+03	2.700717427063294984e-01	1.727855297255925515e-01	2.386084445289500533e-01	1.473295916583358955e-01	6.992769293360447114e-02	2.802153988997927239e-02	7.325545855694566566e-02
1.059471676790506763e+03	2.692743317047906482e-01	1.722557490624497534e-01	2.391258998381478318e-01	1.476767686838590665e-01	7.007988900066690341e-02	2.811008037761365472e-02	7.347728133220955693e-02
1.064309447004162394e+03	2.684815724778275015e-01	1.717289575498489873e-01	2.396400590519449647e-01	1.480220077010503954e-01	7.023123343408338437e-02	2.819840145891007108e-02	7.369776832607209671e-02
1.069147217217817570e+03	2.676934373735597728e-01	1.712051383546503158e-01	2.401509485166501146e-01	1.483653187492368908e-01	7.038173086863791506e-02	2.828649949675384606e-02	7.391692664024850090e-02
1.073984987431472746e+03	2.669098989170126668e-01	1.706842747372753488e-01	2.406585942392110433e-01	1.487067118191822135e-01	7.053138591668879631e-02	2.837437096180111390e-02	7.413476340856618718e-02
1.078822757645127922e+03	2.661309298086686481e-01	1.701663500511996219e-01	2.411630218947301285e-01	1.490461968536082038e-01	7.068020316820000648e-02	2.846201243020383270e-02	7.435128579312692831e-02
1.083660527858783553e+03	2.653565029230401939e-01	1.696513477424480554e-01	2.416642568337507568e-01	1.493837837476941766e-01	7.082818719077522973e-02	2.854942058138347158e-02	7.456650098064546150e-02
1.088498298072438729e+03	2.645865913072623088e-01	1.691392513490933835e-01	2.421623240893225337e-01	1.497194823495552884e-01	7.097534252969428525e-02	2.863659219585214938e-02	7.478041617895743454e-02
1.093336068286093905e+03	2.638211681797046348e-01	1.686300445007573034e-01	2.426572483838532746e-01	1.500533024607001720e-01	7.112167370795220711e-02	2.872352415308010790e-02	7.499303861368969426e-02
1.098173838499749309e+03	2.630602069286029909e-01	1.681237109181145106e-01	2.431490541357547996e-01	1.503852538364696956e-01	7.126718522630047514e-02	2.881021342940840585e-02	7.520437552508650592e-02
1.103011608713404712e+03	2.623036811107092303e-01	1.676202344123997878e-01	2.436377654658897773e-01	1.507153461864571553e-01	7.141188156329067449e-02	2.889665709600573382e-02	7.541443416498506969e-02
1.107849378927059888e+03	2.615515644499593062e-01	1.671195988849175085e-01	2.441234062038267483e-01	1.510435891749109805e-01	7.155576717532015352e-02	2.898285231686831623e-02	7.562322179393440869e-02
1.112687149140715292e+03	2.608038308361593227e-01	1.666217883265542488e-01	2.446059998939096591e-01	1.513699924211207304e-01	7.169884649667983278e-02	2.906879634686187694e-02	7.583074567845171643e-02
1.117524919354370468e+03	2.600604543236885724e-01	1.661267868172938422e-01	2.450855698011483730e-01	1.516945654997874093e-01	7.184112393960398468e-02	2.915448652980466918e-02	7.603701308841052942e-02
1.122362689568025871e+03	2.593214091302196711e-01	1.656345785257354042e-01	2.455621389169364566e-01	1.520173179413783215e-01	7.198260389432177553e-02	2.923992029659059841e-02	7.624203129455518757e-02
1.127200459781681047e+03	2.585866696354551797e-01	1.651451477086137709e-01	2.460357299646018514e-01	1.523382592324677709e-01	7.212329072911083383e-02	2.932509516335151181e-02	7.644580756613651717e-02
1.132038229995336451e+03	2.578562103798802130e-01	1.646584787103227143e-01	2.465063654047965069e-01	1.526573988160640494e-01	7.226318879035237286e-02	2.941000872965776614e-02	7.664834916866378189e-02
1.136876000208991627e+03	2.571300060635312024e-01	1.641745559624408213e-01	2.469740674407301106e-01	1.529747460919232971e-01	7.240230240258796468e-02	2.949465867675608866e-02	7.684966336176782264e-02
1.141713770422646803e+03	2.564080315447795910e-01	1.636933639832598431e-01	2.474388580232536328e-01	1.532903104168510944e-01	7.254063586857799339e-02	2.957904276584401651e-02	7.704975739717107031e-02
1.146551540636302207e+03	2.556902618391307391e-01	1.632148873773155984e-01	2.479007588557972375e-01	1.536041011049922855e-01	7.267819346936157943e-02	2.966315883637992215e-02	7.724863851675989324e-02
1.151389310849957155e+03	2.549766721180373730e-01	1.627391108349215687e-01	2.483597913991680839e-01	1.539161274281094505e-01	7.281497946431787771e-02	2.974700480442791714e-02	7.744631395075492197e-02
1.156227081063612786e+03	2.542672377077279666e-01	1.622660191317049083e-01	2.488159768762123469e-01	1.542263986158509403e-01	7.295099809122879142e-02	2.983057866103678429e-02	7.764279091597539595e-02
1.161064851277267962e+03	2.535619340880485018e-01	1.617955971281449801e-01	2.492693362763460929e-01	1.545349238560087268e-01	7.308625356634304571e-02	2.991387847065218528e-02	7.783807661419361867e-02
1.165902621490923138e+03	2.528607368913183828e-01	1.613278297691141672e-01	2.497198903599594788e-01	1.548417122947667868e-01	7.322075008444144106e-02	2.999690236956135958e-02	7.803217823057560787e-02
1.170740391704578315e+03	2.521636219011995084e-01	1.608627020834215715e-01	2.501676596626987159e-01	1.551467730369401887e-01	7.335449181890330017e-02	3.007964856436963139e-02	7.822510293220440170e-02
1.175578161918233945e+03	2.514705650515788871e-01	1.604001991833587104e-01	2.506126644996293229e-01	1.554501151462057695e-01	7.348748292177413599e-02	3.016211533050796104e-02	7.841685786668259328e-02
1.180415932131889122e+03	2.507815424254639103e-01	1.599403062642478501e-01	2.510549249692852203e-01	1.557517476453245675e-01	7.361972752383423579e-02	3.024430101077088193e-02	7.860745016081070735e-02
1.185253702345544298e+03	2.500965302538901147e-01	1.594830086039927541e-01	2.514944609576073575e-01	1.560516795163564563e-01	7.375122973466849419e-02	3.032620401388409770e-02	7.879688691933812994e-02
1.190091472559199701e+03	2.494155049148416015e-01	1.590282915626316518e-01	2.519312921417747320e-01	1.563499197008676178e-01	7.388199364273700942e-02	3.040782281310113952e-02	7.898517522378367683e-02
1.194929242772855105e+03	2.487384429321833068e-01	1.585761405818925940e-01	2.523654379939327952e-01	1.566464771001307710e-01	7.401202331544674828e-02	3.048915594482840691e-02	7.917232213132271990e-02
1.199767012986510281e+03	2.480653209746053467e-01	1.581265411847512792e-01	2.527969177848214954e-01	1.569413605753191832e-01	7.414132279922400204e-02	3.057020200727794679e-02	7.935833467373808181e-02
1.204604783200165684e+03	2.473961158545785466e-01	1.576794789749910164e-01	2.532257505873063974e-01	1.572345789476941869e-01	7.426989611958779991e-02	3.065095965914741913e-02	7.954321985643193760e-02
1.209442553413820860e+03	2.467308045273219064e-01	1.572349396367652141e-01	2.536519552798164878e-01	1.575261409987870342e-01	7.439774728122397485e-02	3.073142761832658651e-02	7.972698465749614161e-02
1.214280323627476264e+03	2.460693640897807788e-01	1.567929089341618676e-01	2.540755505496913869e-01	1.578160554705750063e-01	7.452488026806007582e-02	3.081160466062979678e-02	7.990963602683844036e-02
1.219118093841131440e+03	2.454117717796162335e-01	1.563533727107705440e-01	2.544965548964410740e-01	1.581043310656524425e-01	7.465129904334091848e-02	3.089148961855387593e-02	8.009118088536221203e-02
1.223955864054786844e+03	2.447580049742049957e-01	1.559163168892516160e-01	2.549149866349207372e-01	1.583909764473968029e-01	7.477700754970492691e-02	3.097108138006087960e-02	8.027162612419735943e-02
1.228793634268442020e+03	2.441080411896499325e-01	1.554817274709074659e-01	2.553308638984236878e-01	1.586760002401299274e-01	7.490200970926096102e-02	3.105037888738516536e-02	8.045097860398014999e-02
1.233631404482097196e+03	2.434618580798008358e-01	1.550495905352562431e-01	2.557442046416950054e-01	1.589594110292751605e-01	7.502630942366587952e-02	3.112938113586428621e-02	8.062924515417982385e-02
1.238469174695752372e+03	2.428194334352855588e-01	1.546198922396076758e-01	2.561550266438681889e-01	1.592412173615100901e-01	7.514991057420254694e-02	3.120808717279313985e-02	8.080643257247005495e-02
1.243306944909407548e+03	2.421807451825505886e-01	1.541926188186411029e-01	2.565633475113275330e-01	1.595214277449154838e-01	7.527281702185843748e-02	3.128649609630094336e-02	8.098254762414318353e-02
1.248144715123063179e+03	2.415457713829118613e-01	1.537677565839856153e-01	2.569691846804986191e-01	1.598000506491206729e-01	7.539503260740473833e-02	3.136460705425050260e-02	8.115759704156536025e-02
1.252982485336718355e+03	2.409144902316147918e-01	1.533452919238023904e-01	2.573725554205687494e-01	1.600770945054453831e-01	7.551656115147591108e-02	3.144241924315931136e-02	8.133158752367077027e-02
1.257820255550373531e+03	2.402868800569039620e-01	1.529252113023694126e-01	2.577734768361406026e-01	1.603525677070383459e-01	7.563740645464968326e-02	3.151993190714203613e-02	8.150452573549328561e-02
1.262658025764028707e+03	2.396629193191018303e-01	1.525075012596678325e-01	2.581719658698196085e-01	1.606264786090129404e-01	7.575757229752741462e-02	3.159714433687391827e-02	8.167641830773378353e-02
1.267495795977684338e+03	2.390425866096965724e-01	1.520921484109709898e-01	2.585680393047387060e-01	1.608988355285800032e-01	7.587706244081493523e-02	3.167405586857462846e-02	8.184727183636154868e-02
1.272333566191339514e+03	2.384258606504388589e-01	1.516791394464351850e-01	2.589617137670212066e-01	1.611696467451778914e-01	7.599588062540361955e-02	3.175066588301225096e-02	8.201709288224832972e-02
1.277171336404994690e+03	2.378127202924474881e-01	1.512684611306926719e-01	2.593530057281849266e-01	1.614389205006002692e-01	7.611403057245187675e-02	3.182697380452681468e-02	8.218588797083334341e-02
1.282009106618650094e+03	2.372031445153232054e-01	1.508601003024468423e-01	2.597419315074878665e-01	1.617066649991213412e-01	7.623151598346691871e-02	3.190297910007309362e-02	8.235366359181817142e-02
1.286846876832305497e+03	2.365971124262715441e-01	1.504540438740692154e-01	2.601285072742188231e-01	1.619728884076190867e-01	7.634834054038676376e-02	3.197868127828224633e-02	8.252042619888970421e-02
1.291684647045960673e+03	2.359946032592334653e-01	1.500502788311988689e-01	2.605127490499335452e-01	1.622375988556965798e-01	7.646450790566257372e-02	3.205407988854186430e-02	8.268618220947046571e-02
1.296522417259616077e+03	2.353955963740244628e-01	1.496487922323435360e-01	2.608946727106384866e-01	1.625008044358012271e-01	7.658002172234112948e-02	3.212917452009408231e-02	8.285093800449438994e-02
1.301360187473271253e+03	2.348000712554817737e-01	1.492495712084830617e-01	2.612742939889238225e-01	1.627625132033423128e-01	7.669488561414763983e-02	3.220396480115138987e-02	8.301469992820736943e-02
1.306197957686926657e+03	2.342080075126190264e-01	1.488526029626746627e-01	2.616516284760468936e-01	1.630227331768072108e-01	7.680910318556860572e-02	3.227845039802974825e-02	8.317747428799121545e-02
1.311035727900581833e+03	2.336193848777893267e-01	1.484578747696603251e-01	2.620266916239683552e-01	1.632814723378757937e-01	7.692267802193490656e-02	3.235263101429869392e-02	8.333926735420991994e-02
1.315873498114237009e+03	2.330341832058554496e-01	1.480653739754762277e-01	2.623994987473416418e-01	1.635387386315335922e-01	7.703561368950510857e-02	3.242650638994806767e-02	8.350008536007723359e-02
1.320711268327892412e+03	2.324523824733677746e-01	1.476750879970641361e-01	2.627700650254573556e-01	1.637945399661838164e-01	7.714791373554880094e-02	3.250007630057095975e-02	8.365993450154449174e-02
1.325549038541547588e+03	2.318739627777497148e-01	1.472870043218846570e-01	2.631384055041443015e-01	1.640488842137580450e-01	7.725958168843008456e-02	3.257334055656273264e-02	8.381882093720775806e-02
1.330386808755202765e+03	2.312989043364903075e-01	1.469011105075326562e-01	2.635045350976281675e-01	1.643017792098259988e-01	7.737062105769122733e-02	3.264629900233555898e-02	8.397675078823341188e-02
1.335224578968857941e+03	2.307271874863440209e-01	1.465173941813546765e-01	2.638684685903488480e-01	1.645532327537042594e-01	7.748103533413622235e-02	3.271895151554833625e-02	8.413373013830102720e-02
1.340062349182513572e+03	2.301587926825376662e-01	1.461358430400680197e-01	2.642302206387381336e-01	1.648032526085641825e-01	7.759082798991463747e-02	3.279129800635162406e-02	8.428976503356308547e-02
1.344900119396168748e+03	2.295937004979842488e-01	1.457564448493821885e-01	2.645898057729589303e-01	1.650518465015390346e-01	7.770000247860532616e-02	3.286333841664722255e-02	8.444486148262042580e-02
1.349737889609823924e+03	2.290318916225037305e-01	1.453791874436218268e-01	2.649472383986063440e-01	1.652990221238302693e-01	7.780856223530029092e-02	3.293507271936222530e-02	8.459902545651266925e-02
1.354575659823479100e+03	2.284733468620505359e-01	1.450040587253520197e-01	2.653025327983727921e-01	1.655447871308133867e-01	7.791651067668851904e-02	3.300650091773715822e-02	8.475226288872296510e-02
1.359413430037134731e+03	2.279180471379476658e-01	1.446310466650051474e-01	2.656557031336774233e-01	1.657891491421430441e-01	7.802385120113977668e-02	3.307762304462800312e-02	8.490457967519633720e-02
1.364251200250789907e+03	2.273659734861274706e-01	1.442601393005099319e-01	2.660067634462612296e-01	1.660321157418577220e-01	7.813058718878852782e-02	3.314843916182173139e-02	8.505598167437075641e-02
1.369088970464445310e+03	2.268171070563788083e-01	1.438913247369221771e-01	2.663557276597488532e-01	1.662736944784840853e-01	7.823672200161772838e-02	3.321894935936520188e-02	8.520647470722055028e-02
1.373926740678100487e+03	2.262714291116006693e-01	1.435245911460574786e-01	2.667026095811776965e-01	1.665138928651406225e-01	7.834225898354256479e-02	3.328915375490704848e-02	8.535606455731134523e-02
1.378764510891755890e+03	2.257289210270620738e-01	1.431599267661258779e-01	2.670474229024956125e-01	1.667527183796413126e-01	7.844720146049427578e-02	3.335905249305235604e-02	8.550475697086588889e-02
1.383602281105411066e+03	2.251895642896681593e-01	1.427973199013683192e-01	2.673901812020280100e-01	1.669901784645988485e-01	7.855155274050382164e-02	3.342864574472987488e-02	8.565255765684040568e-02
1.388440051319066470e+03	2.246533404972322345e-01	1.424367589216950225e-01	2.677308979459149807e-01	1.672262805275275821e-01	7.865531611378548393e-02	3.349793370657152408e-02	8.579947228701061135e-02
1.393277821532721646e+03	2.241202313577543292e-01	1.420782322623255767e-01	2.680695864895196179e-01	1.674610319409464421e-01	7.875849485282042373e-02	3.356691660030389213e-02	8.594550649606712278e-02
1.398115591746377049e+03	2.235902186887051557e-01	1.417217284234310593e-01	2.684062600788082453e-01	1.676944400424815185e-01	7.886109221244017031e-02	3.363559467215160997e-02	8.609066588171966627e-02
1.402953361960032225e+03	2.230632844163161488e-01	1.413672359697779324e-01	2.687409318517029466e-01	1.679265121349687584e-01	7.896311142990995735e-02	3.370396819225224272e-02	8.623495600480944601e-02
1.407791132173687402e+03	2.225394105748755569e-01	1.410147435303737151e-01	2.690736148394077820e-01	1.681572554865563285e-01	7.906455572501201734e-02	3.377203745408254715e-02	8.637838238942949221e-02
1.412628902387342805e+03	2.220185793060298063e-01	1.406642397981144876e-01	2.694043219677090262e-01	1.683866773308071996e-01	7.916542830012869569e-02	3.383980277389588703e-02	8.652095052305230904e-02
1.417466672600997981e+03	2.215007728580909163e-01	1.403157135294343660e-01	2.697330660582501483e-01	1.686147848668015925e-01	7.926573234032549542e-02	3.390726449017048699e-02	8.666266585666446143e-02
1.422304442814653157e+03	2.209859735853492435e-01	1.399691535439564205e-01	2.700598598297820896e-01	1.688415852592395072e-01	7.936547101343401078e-02	3.397442296306848325e-02	8.680353380490773985e-02
1.427142213028308333e+03	2.204741639473917492e-01	1.396245487241459249e-01	2.703847158993901711e-01	1.690670856385432519e-01	7.946464747013456953e-02	3.404127857390540357e-02	8.694355974622645922e-02
1.431979983241963964e+03	2.199653265084257903e-01	1.392818880149648275e-01	2.707076467836972977e-01	1.692912931009601385e-01	7.956326484403894450e-02	3.410783172462994450e-02	8.708274902302055864e-02
1.436817753455619140e+03	2.194594439366082672e-01	1.389411604235284703e-01	2.710286649000449022e-01	1.695142147086651507e-01	7.966132625177280158e-02	3.417408283731390023e-02	8.722110694180403023e-02
1.441655523669274316e+03	2.189564990033799341e-01	1.386023550187637232e-01	2.713477825676516297e-01	1.697358574898638894e-01	7.975883479305789781e-02	3.424003235365188913e-02	8.735863877336856598e-02
1.446493293882929493e+03	2.184564745828052046e-01	1.382654609310691729e-01	2.716650120087507614e-01	1.699562284388954903e-01	7.985579355079433506e-02	3.430568073447087807e-02	8.749534975295177042e-02
1.451331064096585123e+03	2.179593536509168150e-01	1.379304673519767543e-01	2.719803653497064877e-01	1.701753345163359854e-01	7.995220559114238346e-02	3.437102845924919908e-02	8.763124508040996685e-02
1.456168834310240300e+03	2.174651192850657611e-01	1.375973635338155199e-01	2.722938546221103651e-01	1.703931826491015544e-01	8.004807396360436034e-02	3.443607602564491277e-02	8.776632992039508363e-02
1.461006604523895703e+03	2.169737546632763692e-01	1.372661387893768237e-01	2.726054917638576214e-01	1.706097797305520525e-01	8.014340170110612060e-02	3.450082394903331712e-02	8.790060940253532906e-02
1.465844374737550879e+03	2.164852430636060587e-01	1.369367824915813381e-01	2.729152886202039774e-01	1.708251326205947607e-01	8.023819182007847772e-02	3.456527276205346999e-02	8.803408862161951620e-02
1.470682144951206283e+03	2.159995678635104610e-01	1.366092840731478741e-01	2.732232569448040382e-01	1.710392481457884972e-01	8.033244732053841652e-02	3.462942301416351704e-02	8.816677263778470441e-02
1.475519915164861459e+03	2.155167125392129790e-01	1.362836330262638396e-01	2.735294084007314219e-01	1.712521330994478119e-01	8.042617118617004235e-02	3.469327527120465160e-02	8.829866647670681079e-02
1.480357685378516862e+03	2.150366606650793433e-01	1.359598189022573345e-01	2.738337545614804580e-01	1.714637942417472916e-01	8.051936638440536365e-02	3.475683011497360253e-02	8.842977512979420529e-02
1.485195455592172038e+03	2.145593959129969974e-01	1.356378313112711620e-01	2.741363069119508999e-01	1.716742382998264760e-01	8.061203586650486641e-02	3.482008814280340703e-02	8.856010355438374837e-02
1.490033225805827215e+03	2.140849020517590628e-01	1.353176599219383380e-01	2.744370768494159840e-01	1.718834719678946910e-01	8.070418256763782494e-02	3.488304996715237138e-02	8.868965667393931274e-02
1.494870996019482618e+03	2.136131629464530224e-01	1.349992944610594325e-01	2.747360756844728358e-01	1.720915019073363250e-01	8.079580940696245994e-02	3.494571621520104615e-02	8.881843937825247004e-02
1.499708766233137567e+03	2.131441625578540111e-01	1.346827247132812988e-01	2.750333146419779995e-01	1.722983347468162729e-01	8.088691928770581907e-02	3.500808752845704225e-02	8.894645652364512045e-02
1.504546536446793198e+03	2.126778849418225203e-01	1.343679405207780231e-01	2.753288048619663142e-01	1.725039770823857954e-01	8.097751509724339380e-02	3.507016456236759089e-02	8.907371293317395411e-02
1.509384306660448374e+03	2.122143142487067924e-01	1.340549317829329012e-01	2.756225574005546908e-01	1.727084354775884067e-01	8.106759970717862529e-02	3.513194798593963913e-02	8.920021339683646688e-02
1.514222076874103550e+03	2.117534347227494895e-01	1.337436884560225803e-01	2.759145832308311230e-01	1.729117164635664006e-01	8.115717597342203549e-02	3.519343848136738395e-02	8.932596267177857208e-02
1.519059847087758726e+03	2.112952307014989151e-01	1.334342005529024489e-01	2.762048932437284332e-01	1.731138265391672926e-01	8.124624673627012239e-02	3.525463674366711292e-02	8.945096548250325297e-02
1.523897617301414357e+03	2.108396866152243698e-01	1.331264581426940541e-01	2.764934982488845283e-01	1.733147721710507627e-01	8.133481482048415812e-02	3.531554348031915730e-02	8.957522652108056149e-02
1.528735387515069533e+03	2.103867869863360884e-01	1.328204513504738782e-01	2.767804089754878905e-01	1.735145597937957085e-01	8.142288303536858451e-02	3.537615941091690197e-02	8.969875044735846348e-02
1.533573157728724709e+03	2.099365164288092278e-01	1.325161703569637806e-01	2.770656360731102441e-01	1.737131958100079088e-01	8.151045417484918676e-02	3.543648526682263711e-02	8.982154188917462756e-02
1.538410927942380113e+03	2.094888596476121023e-01	1.322136053982231052e-01	2.773491901125249570e-01	1.739106865904274657e-01	8.159753101755101712e-02	3.549652179083018222e-02	8.994360544256881085e-02
1.543248698156035516e+03	2.090438014381386378e-01	1.319127467653425367e-01	2.776310815865132842e-01	1.741070384740370236e-01	8.168411632687616608e-02	3.555626973683418540e-02	9.006494567199586909e-02
1.548086468369690692e+03	2.086013266856449611e-01	1.316135848041392609e-01	2.779113209106575111e-01	1.743022577681698493e-01	8.177021285108107551e-02	3.561572986950582026e-02	9.018556711053925257e-02
1.552924238583346096e+03	2.081614203646899308e-01	1.313161099148539568e-01	2.781899184241217737e-01	1.744963507486185783e-01	8.185582332335371303e-02	3.567490296397497762e-02	9.030547426012482115e-02
1.557762008797001272e+03	2.077240675385799429e-01	1.310203125518493161e-01	2.784668843904206659e-01	1.746893236597438503e-01	8.194095046189048270e-02	3.573378980551865369e-02	9.042467159173488145e-02
1.562599779010656675e+03	2.072892533588175656e-01	1.307261832233100329e-01	2.787422289981760226e-01	1.748811827145834719e-01	8.202559696997283045e-02	3.579239118925554158e-02	9.054316354562233493e-02
1.567437549224311852e+03	2.068569630645540891e-01	1.304337124909446810e-01	2.790159623618622131e-01	1.750719340949616620e-01	8.210976553604357187e-02	3.585070791984657640e-02	9.066095453152497874e-02
1.572275319437967255e+03	2.064271819820461817e-01	1.301428909696887570e-01	2.792880945225401090e-01	1.752615839515987428e-01	8.219345883378297024e-02	3.590874081120149636e-02	9.077804892887955668e-02
1.577113089651622431e+03	2.059998955241162388e-01	1.298537093274095555e-01	2.795586354485795622e-01	1.754501384042209122e-01	8.227667952218456482e-02	3.596649068619114931e-02	9.089445108703583798e-02
1.581950859865277607e+03	2.055750891896167276e-01	1.295661582846125148e-01	2.798275950363717235e-01	1.756376035416704062e-01	8.235943024563061043e-02	3.602395837636551690e-02	9.101016532547037685e-02
1.586788630078933011e+03	2.051527485628981406e-01	1.292802286141491175e-01	2.800949831110302046e-01	1.758239854220157161e-01	8.244171363396737839e-02	3.608114472167735926e-02	9.112519593399992512e-02
1.591626400292587959e+03	2.047328593132810570e-01	1.289959111409264003e-01	2.803608094270821915e-01	1.760092900726622500e-01	8.252353230258009653e-02	3.613805057021132749e-02	9.123954717299456729e-02
1.596464170506243590e+03	2.043154071945314509e-01	1.287131967416177691e-01	2.806250836691491779e-01	1.761935234904630498e-01	8.260488885246762558e-02	3.619467677791850940e-02	9.135322327359030048e-02
