6.434234384161527487e+02	3.576931107493827589e-01	2.316126457274106376e-01	1.779031466982720910e-01	1.098500175788536953e-01	5.356610797399789098e-02	2.015740809880480627e-02	4.921756317300943206e-02
6.482612086298080385e+02	3.563806456399638001e-01	2.307478720909501846e-01	1.788890860536296867e-01	1.104024853943788714e-01	5.380799384247372807e-02	2.023503737865194746e-02	4.953687959968306603e-02
6.530989788434633283e+02	3.550760659756616588e-01	2.298879895284483832e-01	1.798652532029182960e-01	1.109520584826803186e-01	5.404859447229213437e-02	2.031358097335260113e-02	4.985645736437790271e-02
6.579367490571185044e+02	3.537793172868358704e-01	2.290329705403774119e-01	1.808318440012966488e-01	1.114987455120058923e-01	5.428791469249069634e-02	2.039300520640362907e-02	5.017620276032117022e-02
6.627745192707737942e+02	3.524903457164471066e-01	2.281827877753400124e-01	1.817890481523228574e-01	1.120425553598753676e-01	5.452595938571588169e-02	2.047327729927515480e-02	5.049602631075493508e-02
6.676122894844290840e+02	3.512090980059001666e-01	2.273374140295034429e-01	1.827370494291387371e-01	1.125834971026972997e-01	5.476273348503495064e-02	2.055436534558125264e-02	5.081584260187547997e-02
6.724500596980843738e+02	3.499355214813594239e-01	2.264968222460268521e-01	1.836760258874284291e-01	1.131215800057830262e-01	5.499824197087217759e-02	2.063623828608421654e-02	5.113557012217716247e-02
6.772878299117396637e+02	3.486695640405196861e-01	2.256609855144820764e-01	1.846061500704606617e-01	1.136568135137432378e-01	5.523248986806478938e-02	2.071886588450336242e-02	5.145513110795747053e-02
6.821256001253949535e+02	3.474111741398150932e-01	2.248298770702687466e-01	1.855275892065113563e-01	1.141892072412526438e-01	5.546548224303391589e-02	2.080221870410017479e-02	5.177445139474930180e-02
6.869633703390502433e+02	3.461603007820512334e-01	2.240034702940235101e-01	1.864405053989530991e-01	1.147187709641688674e-01	5.569722420106644478e-02	2.088626808501287818e-02	5.209346027445514726e-02
6.918011405527055331e+02	3.449168935044435447e-01	2.231817387110242301e-01	1.873450558092865093e-01	1.152455146109924167e-01	5.592772088370349254e-02	2.097098612231424256e-02	5.241209035796665777e-02
6.966389107663608229e+02	3.436809023670485130e-01	2.223646559905892162e-01	1.882413928333785125e-01	1.157694482546548498e-01	5.615697746623148773e-02	2.105634564476761145e-02	5.273027744306089254e-02
7.014766809800161127e+02	3.424522779415720697e-01	2.215521959454719025e-01	1.891296642711622344e-01	1.162905821046229526e-01	5.638499915527204337e-02	2.114232019425688752e-02	5.304796038737297215e-02
7.063144511936714025e+02	3.412309713005427514e-01	2.207443325312513083e-01	1.900100134900440108e-01	1.168089264993069781e-01	5.661179118646690600e-02	2.122888400586715393e-02	5.336508098625188101e-02
7.111522214073266923e+02	3.400169340068353030e-01	2.199410398457185556e-01	1.908825795822537974e-01	1.173244918987616098e-01	5.683735882225433855e-02	2.131601198859347721e-02	5.368158385531389409e-02
7.159899916209819821e+02	3.388101181035321208e-01	2.191422921282598635e-01	1.917474975163655226e-01	1.178372888776686445e-01	5.706170734973359943e-02	2.140367970665623537e-02	5.399741631751500681e-02
7.208277618346371582e+02	3.376104761041108793e-01	2.183480637592359885e-01	1.926048982832066492e-01	1.183473281185909304e-01	5.728484207861411076e-02	2.149186336140204365e-02	5.431252829457034609e-02
7.256655320482924481e+02	3.364179609829459627e-01	2.175583292593588347e-01	1.934549090363671120e-01	1.188546204054872907e-01	5.750676833924618647e-02	2.158053977377018609e-02	5.462687220255534049e-02
7.305033022619478515e+02	3.352325261661122102e-01	2.167730632890651765e-01	1.942976532275098867e-01	1.193591766174787461e-01	5.772749148073023223e-02	2.166968636730518330e-02	5.494040285152949898e-02
7.353410724756030277e+02	3.340541255224802053e-01	2.159922406478877177e-01	1.951332507366785596e-01	1.198610077228565163e-01	5.794701686910149613e-02	2.175928115169675076e-02	5.525307734902964313e-02
7.401788426892584312e+02	3.328827133550931738e-01	2.152158362738239017e-01	1.959618179977888064e-01	1.203601247733229324e-01	5.816534988558743485e-02	2.184930270682915870e-02	5.556485500728548799e-02
7.450166129029136073e+02	3.317182443928138325e-01	2.144438252427027236e-01	1.967834681194846336e-01	1.208565388984563366e-01	5.838249592493510720e-02	2.193973016732258738e-02	5.587569725401567156e-02
7.498543831165690108e+02	3.305606737822329722e-01	2.136761827675495995e-01	1.975983110015328559e-01	1.213502613003916986e-01	5.859846039380585403e-02	2.203054320754981379e-02	5.618556754666806374e-02
7.546921533302243006e+02	3.294099570798294518e-01	2.129128841979495979e-01	1.984064534469231755e-01	1.218413032487088155e-01	5.881324870923473197e-02	2.212172202711197924e-02	5.649443128997309882e-02
7.595299235438793630e+02	3.282660502443727757e-01	2.121539050194090892e-01	1.992079992698342628e-01	1.223296760755204354e-01	5.902686629715233474e-02	2.221324733675795332e-02	5.680225575668396837e-02
7.643676937575347665e+02	3.271289096295595389e-01	2.113992208527164240e-01	2.000030493996210190e-01	1.228153911707526719e-01	5.923931859096658037e-02	2.230510034473226141e-02	5.710901001138227878e-02
7.692054639711900563e+02	3.259984919768752487e-01	2.106488074533013066e-01	2.007917019809719039e-01	1.232984599776105750e-01	5.945061103020227861e-02	2.239726274353711841e-02	5.741466483723231540e-02
7.740432341848452324e+02	3.248747544086737493e-01	2.099026407105933634e-01	2.015740524703792946e-01	1.237788939882219913e-01	5.966074905919622334e-02	2.248971669709459720e-02	5.771919266557155870e-02
7.788810043985006359e+02	3.237576544214657015e-01	2.091606966473799900e-01	2.023501937290614061e-01	1.242567047394529389e-01	5.986973812584578392e-02	2.258244482829555033e-02	5.802256750822937237e-02
7.837187746121558121e+02	3.226471498794097892e-01	2.084229514191637267e-01	2.031202161124681382e-01	1.247319038088881143e-01	6.007758368040894831e-02	2.267543020692221190e-02	5.832476489246973123e-02
7.885565448258112156e+02	3.215431990079983815e-01	2.076893813135189948e-01	2.038842075564987755e-01	1.252045028109704250e-01	6.028429117435390311e-02	2.276865633793208679e-02	5.862576179845805507e-02
7.933943150394665054e+02	3.204457603879310446e-01	2.069599627494489447e-01	2.046422536605543019e-01	1.256745133932934133e-01	6.048986605925625593e-02	2.286210715009099823e-02	5.892553659915568398e-02
7.982320852531219089e+02	3.193547929491693527e-01	2.062346722767418317e-01	2.053944377675429589e-01	1.261419472330411184e-01	6.069431378574213082e-02	2.295576698494366727e-02	5.922406900254954115e-02
8.030698554667769713e+02	3.182702559651666152e-01	2.055134865753277529e-01	2.061408410409528713e-01	1.266068160335695747e-01	6.089763980247539510e-02	2.304962058611065984e-02	5.952133999612772841e-02
8.079076256804323748e+02	3.171921090472658578e-01	2.047963824546353562e-01	2.068815425391010154e-01	1.270691315211248673e-01	6.109984955518732441e-02	2.314365308890083475e-02	5.981733179351538671e-02
8.127453958940876646e+02	3.161203121392605619e-01	2.040833368529489100e-01	2.076166192866642501e-01	1.275289054416924583e-01	6.130094848574723504e-02	2.323785001022887764e-02	6.011202778318827655e-02
8.175831661077428407e+02	3.150548255121124464e-01	2.033743268367657897e-01	2.083461463435942185e-01	1.279861495579731612e-01	6.150094203127232095e-02	2.333219723882786964e-02	6.040541247918478074e-02
8.224209363213982442e+02	3.139956097588197381e-01	2.026693296001544631e-01	2.090701968715132364e-01	1.284408756464805734e-01	6.169983562327541887e-02	2.342668102574715222e-02	6.069747147373995289e-02
8.272587065350534203e+02	3.129426257894324381e-01	2.019683224641132258e-01	2.097888421976855378e-01	1.288930954947558605e-01	6.189763468684917475e-02	2.352128797512617608e-02	6.098819139176809428e-02
8.320964767487085965e+02	3.118958348262075297e-01	2.012712828759296024e-01	2.105021518766543032e-01	1.293428208986951988e-01	6.209434463988524472e-02	2.361600503523525463e-02	6.127755984712331822e-02
8.369342469623640000e+02	3.108551983989006340e-01	2.005781884085406086e-01	2.112101937496315696e-01	1.297900636599859103e-01	6.228997089232722606e-02	2.371081948977452752e-02	6.156556540057001731e-02
8.417720171760191761e+02	3.098206783401884490e-01	1.998890167598938450e-01	2.119130340017247038e-01	1.302348355836468741e-01	6.248451884545601354e-02	2.380571894942272448e-02	6.185219751939786959e-02
8.466097873896745796e+02	3.087922367812176994e-01	1.992037457523100075e-01	2.126107372170803755e-01	1.306771484756698853e-01	6.267799389120644327e-02	2.390069134362762457e-02	6.213744653861846823e-02
8.514475576033297557e+02	3.077698361472763211e-01	1.985223533318461187e-01	2.133033664320233280e-01	1.311170141407574652e-01	6.287040141151391259e-02	2.399572491263037705e-02	6.242130362368299851e-02
8.562853278169851592e+02	3.067534391535824967e-01	1.978448175676601195e-01	2.139909831862649991e-01	1.315544443801540397e-01	6.306174677768992820e-02	2.409080819971613427e-02	6.270376073466280009e-02
8.611230980306403353e+02	3.057430088011872660e-01	1.971711166513767932e-01	2.146736475722536008e-01	1.319894509895668533e-01	6.325203534982547227e-02	2.418593004368370381e-02	6.298481059183674846e-02
8.659608682442956251e+02	3.047385083729871047e-01	1.965012288964551324e-01	2.153514182827350187e-01	1.324220457571732845e-01	6.344127247622116661e-02	2.428107957152718377e-02	6.326444664263150552e-02
8.707986384579510286e+02	3.037399014298423072e-01	1.958351327375569551e-01	2.160243526565911454e-01	1.328522404617110686e-01	6.362946349284313852e-02	2.437624619132280554e-02	6.354266302986295856e-02
8.756364086716062047e+02	3.027471518067978984e-01	1.951728067299171310e-01	2.166925067230196789e-01	1.332800468706487329e-01	6.381661372280367228e-02	2.447141958531444048e-02	6.381945456122874172e-02
8.804741788852616082e+02	3.017602236094032442e-01	1.945142295487154449e-01	2.173559352441172821e-01	1.337054767384330267e-01	6.400272847586575831e-02	2.456658970319139726e-02	6.409481668000405197e-02
8.853119490989170117e+02	3.007790812101271971e-01	1.938593799884499869e-01	2.180146917559250830e-01	1.341285418048104305e-01	6.418781304797047116e-02	2.466174675555248344e-02	6.436874543689451167e-02
8.901497193125721878e+02	2.998036892448650570e-01	1.932082369623124296e-01	2.186688286079941368e-01	1.345492537932199972e-01	6.437187272078653821e-02	2.475688120755035332e-02	6.464123746300162732e-02
8.949874895262273640e+02	2.988340126095349603e-01	1.925607795015648604e-01	2.193183970015255002e-01	1.349676244092549993e-01	6.455491276128100253e-02	2.485198377271053902e-02	6.491228994385826734e-02
8.998252597398827675e+02	2.978700164567598674e-01	1.919169867549185560e-01	2.199634470261382091e-01	1.353836653391905231e-01	6.473693842131045262e-02	2.494704540691959280e-02	6.518190059449292806e-02
9.046630299535379436e+02	2.969116661926329837e-01	1.912768379879144776e-01	2.206040276953156465e-01	1.357973882485748462e-01	6.491795493723177823e-02	2.504205730257710177e-02	6.545006763548327777e-02
9.095008001671932334e+02	2.959589274735628384e-01	1.906403125823060429e-01	2.212401869805797894e-01	1.362088047808821534e-01	6.509796752953193877e-02	2.513701088290641941e-02	6.571678976996102317e-02
9.143385703808486369e+02	2.950117662031963572e-01	1.900073900354433409e-01	2.218719718444403244e-01	1.366179265562237899e-01	6.527698140247578662e-02	2.523189779641916985e-02	6.598206616153144688e-02
9.191763405945038130e+02	2.940701485294166528e-01	1.893780499596597888e-01	2.224994282721641792e-01	1.370247651701167746e-01	6.545500174377154312e-02	2.532670991152877540e-02	6.624589641307249144e-02
9.240141108081592165e+02	2.931340408414132015e-01	1.887522720816606492e-01	2.231226013024089350e-01	1.374293321923066857e-01	6.563203372425294169e-02	2.542143931130836851e-02	6.650828054637945852e-02
9.288518810218145063e+02	2.922034097668217978e-01	1.881300362419136285e-01	2.237415350567626693e-01	1.378316391656430884e-01	6.580808249757766348e-02	2.551607828838864736e-02	6.676921898262273836e-02
9.336896512354697961e+02	2.912782221689325102e-01	1.875113223940416685e-01	2.243562727682302527e-01	1.382316976050056434e-01	6.598315319994131622e-02	2.561061933999137993e-02	6.702871252358741372e-02
9.385274214491247449e+02	2.903584451439626402e-01	1.868961106042179299e-01	2.249668568087054843e-01	1.386295189962789554e-01	6.615725094980635934e-02	2.570505516309437230e-02	6.728676233366442938e-02
9.433651916627801484e+02	2.894440460183930752e-01	1.862843810505627473e-01	2.255733287154664812e-01	1.390251147953741329e-01	6.633038084764546205e-02	2.579937864972393566e-02	6.754336992256437799e-02
9.482029618764355519e+02	2.885349923463654820e-01	1.856761140225431372e-01	2.261757292167300704e-01	1.394184964272957017e-01	6.650254797569875309e-02	2.589358288237092812e-02	6.779853712872613292e-02
9.530407320900908417e+02	2.876312519071389517e-01	1.850712899203743877e-01	2.267740982563007657e-01	1.398096752852518165e-01	6.667375739774425436e-02	2.598766112952662771e-02	6.805226610339337734e-02
9.578785023037459041e+02	2.867327927026037115e-01	1.844698892544238689e-01	2.273684750173470270e-01	1.401986627298061061e-01	6.684401415888133191e-02	2.608160684133486659e-02	6.830455929533324477e-02
9.627162725174014213e+02	2.858395829548497913e-01	1.838718926446173407e-01	2.279588979453374131e-01	1.405854700880700969e-01	6.701332328532627614e-02	2.617541364535684589e-02	6.855541943617235456e-02
9.675540427310568248e+02	2.849515911037895366e-01	1.832772808198473991e-01	2.285454047701675762e-01	1.409701086529341063e-01	6.718168978421987236e-02	2.626907534244533535e-02	6.880484952632624773e-02
9.723918129447120009e+02	2.840687858048316916e-01	1.826860346173845573e-01	2.291280325275079077e-01	1.413525896823353278e-01	6.734911864344625410e-02	2.636258590272492000e-02	6.905285282149939419e-02
9.772295831583674044e+02	2.831911359266056083e-01	1.820981349822902162e-01	2.297068175794005629e-01	1.417329243985620546e-01	6.751561483146283071e-02	2.645593946167517502e-02	6.929943281973351132e-02
9.820673533720223531e+02	2.823186105487338060e-01	1.815135629668327699e-01	2.302817956341336736e-01	1.421111239875920973e-01	6.768118329714067904e-02	2.654913031631370851e-02	6.954459324898319694e-02
9.869051235856777566e+02	2.814511789596516045e-01	1.809322997299054048e-01	2.308530017654190358e-01	1.424871995984645645e-01	6.784582896961502407e-02	2.664215292147609909e-02	6.978833805519815692e-02
9.917428937993331601e+02	2.805888106544719429e-01	1.803543265364468129e-01	2.314204704308993610e-01	1.428611623426836175e-01	6.800955675814553125e-02	2.673500188618992135e-02	7.003067139089265425e-02
9.965806640129884499e+02	2.797314753328943304e-01	1.797796247568641814e-01	2.319842354900092662e-01	1.432330232936529779e-01	6.817237155198598020e-02	2.682767197014003860e-02	7.027159760418306977e-02
1.001418434226643626e+03	2.788791428971562625e-01	1.792081758664586799e-01	2.325443302212142627e-01	1.436027934861397737e-01	6.833427822026284792e-02	2.692015808022254694e-02	7.051112122827545015e-02
1.006256204440298802e+03	2.780317834500258822e-01	1.786399614448533901e-01	2.331007873386501672e-01	1.439704839157673055e-01	6.849528161186262121e-02	2.701245526718477549e-02	7.074924697138568197e-02
1.011093974653954206e+03	2.771893672928346652e-01	1.780749631754237616e-01	2.336536390081851433e-01	1.443361055385348202e-01	6.865538655532732459e-02	2.710455872234882047e-02	7.098597970707522242e-02
1.015931744867609382e+03	2.763518649235485736e-01	1.775131628447308152e-01	2.342029168629256308e-01	1.446996692703637621e-01	6.881459785875819468e-02	2.719646377441625046e-02	7.122132446498648239e-02
1.020769515081264785e+03	2.755192470348768463e-01	1.769545423419563723e-01	2.347486520181862324e-01	1.450611859866695608e-01	6.897292030972694554e-02	2.728816588635159593e-02	7.145528642196211089e-02
1.025607285294920075e+03	2.746914845124170390e-01	1.763990836583413102e-01	2.352908750859437625e-01	1.454206665219575367e-01	6.913035867519434774e-02	2.737966065234240937e-02	7.168787089353323427e-02
1.030445055508575479e+03	2.738685484328353681e-01	1.758467688866259537e-01	2.358296161887936393e-01	1.457781216694424842e-01	6.928691770143602380e-02	2.747094379483367571e-02	7.191908332576248120e-02
1.035282825722230655e+03	2.730504100620810282e-01	1.752975802204933820e-01	2.363649049734274088e-01	1.461335621806907070e-01	6.944260211397500215e-02	2.756201116163449830e-02	7.214892928742754064e-02
1.040120595935886058e+03	2.722370408536335940e-01	1.747514999540150660e-01	2.368967706236487503e-01	1.464869987652840100e-01	6.959741661752082142e-02	2.765285872309496476e-02	7.237741446253237454e-02
1.044958366149541234e+03	2.714284124467826742e-01	1.742085104810990603e-01	2.374252418729444480e-01	1.468384420905042842e-01	6.975136589591492131e-02	2.774348256935125004e-02	7.260454464313295664e-02
1.049796136363196410e+03	2.706244966649384298e-01	1.736685942949409145e-01	2.379503470166271784e-01	1.471879027810384377e-01	6.990445461208207034e-02	2.783387890763705519e-02	7.283032572246540826e-02
1.054633906576851814e+03	2.698252655139727341e-01	1.731317339874770544e-01	2.384721139235653764e-01	1.475353914187026438e-01	7.005668740798762228e-02	2.792404405965946343e-02	7.305476368836461010e-02
1.059471676790506763e+03	2.690306911805887546e-01	1.725979122488406903e-01	2.389905700475152273e-01	1.478809185421849914e-01	7.020806890460032368e-02	2.801397445903749950e-02	7.327786461696196574e-02
1.064309447004162394e+03	2.682407460307200120e-01	1.720671118668204436e-01	2.395057424380692412e-01	1.482244946468063151e-01	7.035860370186054757e-02	2.810366664880157780e-02	7.349963466665129785e-02
1.069147217217817570e+03	2.674554026079559166e-01	1.715393157263215562e-01	2.400176577512357634e-01	1.485661301842981230e-01	7.050829637865345390e-02	2.819311727895222955e-02	7.372008007231237170e-02
1.073984987431472746e+03	2.666746336319952282e-01	1.710145068088293752e-01	2.405263422596621292e-01	1.489058355625969832e-01	7.065715149278738172e-02	2.828232310407642267e-02	7.393920713978185955e-02
1.078822757645127922e+03	2.658984119971244398e-01	1.704926681918759734e-01	2.410318218625151221e-01	1.492436211456548978e-01	7.080517358097676572e-02	2.837128098101991333e-02	7.415702224056225367e-02
1.083660527858783553e+03	2.651267107707220294e-01	1.699737830485088530e-01	2.415341220950306678e-01	1.495794972532651090e-01	7.095236715882964618e-02	2.845998786661413718e-02	7.437353180675891628e-02
1.088498298072438729e+03	2.643595031917869709e-01	1.694578346467625063e-01	2.420332681377449779e-01	1.499134741609024213e-01	7.109873672083960594e-02	2.854844081545609633e-02	7.458874232623674549e-02
1.093336068286093905e+03	2.635967626694914467e-01	1.689448063491325036e-01	2.425292848254185507e-01	1.502455620995777619e-01	7.124428674038182918e-02	2.863663697773985786e-02	7.480266033798743663e-02
1.098173838499749309e+03	2.628384627817558772e-01	1.684346816120521617e-01	2.430221966556643243e-01	1.505757712557064532e-01	7.138902166971318464e-02	2.872457359713826569e-02	7.501529242769916506e-02
1.103011608713404712e+03	2.620845772738473189e-01	1.679274439853717660e-01	2.435120277972905867e-01	1.509041117709893354e-01	7.153294593997620854e-02	2.881224800873350561e-02	7.522664522352071059e-02
1.107849378927059888e+03	2.613350800569992360e-01	1.674230771118405126e-01	2.439988020983688000e-01	1.512305937423067126e-01	7.167606396120675127e-02	2.889965763699522266e-02	7.543672539201222438e-02
1.112687149140715292e+03	2.605899452070525868e-01	1.669215647265907820e-01	2.444825430940364419e-01	1.515552272216242613e-01	7.181838012234514901e-02	2.898679999380495906e-02	7.564553963427526895e-02
1.117524919354370468e+03	2.598491469631176720e-01	1.664228906566252997e-01	2.449632740140444132e-01	1.518780222159104853e-01	7.195989879125085087e-02	2.907367267652561857e-02	7.585309468225512330e-02
1.122362689568025871e+03	2.591126597262559117e-01	1.659270388203066271e-01	2.454410177900580026e-01	1.521989886870655229e-01	7.210062431472027966e-02	2.916027336611486803e-02	7.605939729520828918e-02
1.127200459781681047e+03	2.583804580581812727e-01	1.654339932268493463e-01	2.459157970627204870e-01	1.525181365518605558e-01	7.224056101850780121e-02	2.924659982528123384e-02	7.626445425632878694e-02
1.132038229995336451e+03	2.576525166799808475e-01	1.649437379758148248e-01	2.463876341884878585e-01	1.528354756818875171e-01	7.237971320734970515e-02	2.933264989668182138e-02	7.646827236952694062e-02
1.136876000208991627e+03	2.569288104708536413e-01	1.644562572566084235e-01	2.468565512462426725e-01	1.531510159035187890e-01	7.251808516499103074e-02	2.941842150116058888e-02	7.667085845635432384e-02
1.141713770422646803e+03	2.562093144668677325e-01	1.639715353479794524e-01	2.473225700436952612e-01	1.534647669978763396e-01	7.265568115421523754e-02	2.950391263602607922e-02	7.687221935306935705e-02
1.146551540636302207e+03	2.554940038597345864e-01	1.634895566175234294e-01	2.477857121235796101e-01	1.537767387008101283e-01	7.279250541687634635e-02	2.958912137336765572e-02	7.707236190783767205e-02
1.151389310849957155e+03	2.547828539956007998e-01	1.630103055211873098e-01	2.482459987696513659e-01	1.540869407028850890e-01	7.292856217393374474e-02	2.967404585840918707e-02	7.727129297806192842e-02
1.156227081063612786e+03	2.540758403738562210e-01	1.625337666027766859e-01	2.487034510124952746e-01	1.543953826493767445e-01	7.306385562548935175e-02	2.975868430789927951e-02	7.746901942783587791e-02
1.161064851277267962e+03	2.533729386459584454e-01	1.620599244934661232e-01	2.491580896351481833e-01	1.547020741402747035e-01	7.319838995082705857e-02	2.984303500853709851e-02	7.766554812551774989e-02
1.165902621490923138e+03	2.526741246142732988e-01	1.615887639113114671e-01	2.496099351785450171e-01	1.550070247302943183e-01	7.333216930845443127e-02	2.992709631543289880e-02	7.786088594141798991e-02
1.170740391704578315e+03	2.519793742309299756e-01	1.611202696607651752e-01	2.500590079467932547e-01	1.553102439288952252e-01	7.346519783614652299e-02	3.001086665060235387e-02	7.805503974559688252e-02
1.175578161918233945e+03	2.512886635966922744e-01	1.606544266321937864e-01	2.505053280122825354e-01	1.556117412003076850e-01	7.359747965099165679e-02	3.009434450149387624e-02	7.824801640576754813e-02
1.180415932131889122e+03	2.506019689598435463e-01	1.601912198013982491e-01	2.509489152206348384e-01	1.559115259635652784e-01	7.372901884943922068e-02	3.017752841954808585e-02	7.843982278530013674e-02
1.185253702345544298e+03	2.499192667150863245e-01	1.597306342291364423e-01	2.513897891955013675e-01	1.562096075925445138e-01	7.385981950734921142e-02	3.026041701878862816e-02	7.863046574132288857e-02
1.190091472559199701e+03	2.492405334024559715e-01	1.592726550606482772e-01	2.518279693432108890e-01	1.565059954160105682e-01	7.398988568004363775e-02	3.034300897444355480e-02	7.881995212291641184e-02
1.194929242772855105e+03	2.485657457062477038e-01	1.588172675251834920e-01	2.522634748572754049e-01	1.568006987176693567e-01	7.411922140235954748e-02	3.042530302159654823e-02	7.900828876939723633e-02
1.199767012986510281e+03	2.478948804539569672e-01	1.583644569355316667e-01	2.526963247227577147e-01	1.570937267362251255e-01	7.424783068870365044e-02	3.050729795386722051e-02	7.919548250868696515e-02
1.204604783200165684e+03	2.472279146152327189e-01	1.579142086875549300e-01	2.531265377205059730e-01	1.573850886654437620e-01	7.437571753310855127e-02	3.058899262211978512e-02	7.938154015576352751e-02
1.209442553413820860e+03	2.465648253008434487e-01	1.574665082597229426e-01	2.535541324312601263e-01	1.576747936542215733e-01	7.450288590929035615e-02	3.067038593319943579e-02	7.956646851119134056e-02
1.214280323627476264e+03	2.459055897616554964e-01	1.570213412126504893e-01	2.539791272396337840e-01	1.579628508066590054e-01	7.462933977070775049e-02	3.075147684869571421e-02	7.975027435972698031e-02
1.219118093841131440e+03	2.452501853876234150e-01	1.565786931886374578e-01	2.544015403379771278e-01	1.582492691821393294e-01	7.475508305062233960e-02	3.083226438373229059e-02	7.993296446899719743e-02
1.223955864054786844e+03	2.445985897067921855e-01	1.561385499112112607e-01	2.548213897301244146e-01	1.585340577954121311e-01	7.488011966216027993e-02	3.091274760578241812e-02	8.011454558824643302e-02
1.228793634268442020e+03	2.439507803843108669e-01	1.557008971846717271e-01	2.552386932350296234e-01	1.588172256166812679e-01	7.500445349837514541e-02	3.099292563350955487e-02	8.029502444715100329e-02
1.233631404482097196e+03	2.433067352214576262e-01	1.552657208936383260e-01	2.556534684902949106e-01	1.590987815716970455e-01	7.512808843231186251e-02	3.107279763563247990e-02	8.047440775469692775e-02
1.238469174695752372e+03	2.426664321546755931e-01	1.548330070026000538e-01	2.560657329555955375e-01	1.593787345418526402e-01	7.525102831707185247e-02	3.115236282981435553e-02	8.065270219811916663e-02
1.243306944909407548e+03	2.420298492546197611e-01	1.544027415554673210e-01	2.564755039160041550e-01	1.596570933642845191e-01	7.537327698587904801e-02	3.123162048157515636e-02	8.082991444189915886e-02
1.248144715123063179e+03	2.413969647252141582e-01	1.539749106751266416e-01	2.568827984852188884e-01	1.599338668319764956e-01	7.549483825214704791e-02	3.131056990322695494e-02	8.100605112681888431e-02
1.252982485336718355e+03	2.407677569027194819e-01	1.535495005629975429e-01	2.572876336086974969e-01	1.602090636938675039e-01	7.561571590954714595e-02	3.138921045283142586e-02	8.118111886906845265e-02
1.257820255550373531e+03	2.401422042548108093e-01	1.531264974985918070e-01	2.576900260667017717e-01	1.604826926549628441e-01	7.573591373207716471e-02	3.146754153317922464e-02	8.135512425940548409e-02
1.262658025764028707e+03	2.395202853796651321e-01	1.527058878390750996e-01	2.580899924772547260e-01	1.607547623764486455e-01	7.585543547413124699e-02	3.154556259079054070e-02	8.152807386236368692e-02
1.267495795977684338e+03	2.389019790050586067e-01	1.522876580188310958e-01	2.584875492990139079e-01	1.610252814758097450e-01	7.597428487057038271e-02	3.162327311493646348e-02	8.169997421550888317e-02
1.272333566191339514e+03	2.382872639874732690e-01	1.518717945490277998e-01	2.588827128340632222e-01	1.612942585269501738e-01	7.609246563679367137e-02	3.170067263668066571e-02	8.187083182874027587e-02
1.277171336404994690e+03	2.376761193112130743e-01	1.514582840171862788e-01	2.592754992306265938e-01	1.615617020603168918e-01	7.620998146881027835e-02	3.177776072794087636e-02	8.204065318363508441e-02
1.282009106618650094e+03	2.370685240875289035e-01	1.510471130867516998e-01	2.596659244857056903e-01	1.618276205630261311e-01	7.632683604331211291e-02	3.185453700056976173e-02	8.220944473283475773e-02
1.286846876832305497e+03	2.364644575537525328e-01	1.506382684966667274e-01	2.600540044476447599e-01	1.620920224789923203e-01	7.644303301774715842e-02	3.193100110545472881e-02	8.237721289947080860e-02
1.291684647045960673e+03	2.358638990724394591e-01	1.502317370609473068e-01	2.604397548186243028e-01	1.623549162090595355e-01	7.655857603039321890e-02	3.200715273163626251e-02	8.254396407662889512e-02
1.296522417259616077e+03	2.352668281305201337e-01	1.498275056682604744e-01	2.608231911570870198e-01	1.626163101111354203e-01	7.667346870043244278e-02	3.208299160544434564e-02	8.270970462684913704e-02
1.301360187473271253e+03	2.346732243384596905e-01	1.494255612815048873e-01	2.612043288800970919e-01	1.628762125003272998e-01	7.678771462802617964e-02	3.215851748965253137e-02	8.287444088166127931e-02
1.306197957686926657e+03	2.340830674294258618e-01	1.490258909373931295e-01	2.615831832656362876e-01	1.631346316490804860e-01	7.690131739439047542e-02	3.223373018264937689e-02	8.303817914115328713e-02
1.311035727900581833e+03	2.334963372584649977e-01	1.486284817460367946e-01	2.619597694548382871e-01	1.633915757873185270e-01	7.701428056187190063e-02	3.230862951762672464e-02	8.320092567357170732e-02
1.315873498114237009e+03	2.329130138016858587e-01	1.482333208905334543e-01	2.623341024541630540e-01	1.636470531025855935e-01	7.712660767402389206e-02	3.238321536178451893e-02	8.336268671495246363e-02
1.320711268327892412e+03	2.323330771554516505e-01	1.478403956265561259e-01	2.627061971375143079e-01	1.639010717401905848e-01	7.723830225568344143e-02	3.245748761555184575e-02	8.352346846878094810e-02
1.325549038541547588e+03	2.317565075355790816e-01	1.474496932819447381e-01	2.630760682483003765e-01	1.641536398033530686e-01	7.734936781304814490e-02	3.253144621182369606e-02	8.368327710567978472e-02
1.330386808755202765e+03	2.311832852765454693e-01	1.470612012563001503e-01	2.634437304014423664e-01	1.644047653533507736e-01	7.745980783375359946e-02	3.260509111521327219e-02	8.384211876312328005e-02
1.335224578968857941e+03	2.306133908307028413e-01	1.466749070205801142e-01	2.638091980853293217e-01	1.646544564096688312e-01	7.756962578695116017e-02	3.267842232131937252e-02	8.399999954517733958e-02
1.340062349182513572e+03	2.300468047674994743e-01	1.462907981166975402e-01	2.641724856637234775e-01	1.649027209501504054e-01	7.767882512338589174e-02	3.275143985600858371e-02	8.415692552226355927e-02
1.344900119396168748e+03	2.294835077727085393e-01	1.459088621571210387e-01	2.645336073776171082e-01	1.651495669111487652e-01	7.778740927547483919e-02	3.282414377471196132e-02	8.431290273094665944e-02
1.349737889609823924e+03	2.289234806476636019e-01	1.455290868244775437e-01	2.648925773470418021e-01	1.653950021876806620e-01	7.789538165738559006e-02	3.289653416173584505e-02	8.446793717374391497e-02
1.354575659823479100e+03	2.283667043085011727e-01	1.451514598711572124e-01	2.652494095728322177e-01	1.656390346335810393e-01	7.800274566511487817e-02	3.296861112958656553e-02	8.462203481895584634e-02
1.359413430037134731e+03	2.278131597854098633e-01	1.447759691189204334e-01	2.656041179383464290e-01	1.658816720616587970e-01	7.810950467656761764e-02	3.304037481830869594e-02	8.477520160051703335e-02
1.364251200250789907e+03	2.272628282218863149e-01	1.444026024585070012e-01	2.659567162111430294e-01	1.661229222438538877e-01	7.821566205163592300e-02	3.311182539483656373e-02	8.492744341786616358e-02
1.369088970464445310e+03	2.267156908739975663e-01	1.440313478492473709e-01	2.663072180446169890e-01	1.663627929113952741e-01	7.832122113227836524e-02	3.318296305235877292e-02	8.507876613583442715e-02
1.373926740678100487e+03	2.261717291096499716e-01	1.436621933186763844e-01	2.666556369795962667e-01	1.666012917549599681e-01	7.842618524259933888e-02	3.325378800969542442e-02	8.522917558455148090e-02
1.378764510891755890e+03	2.256309244078641973e-01	1.432951269621486057e-01	2.670019864458987868e-01	1.668384264248329307e-01	7.853055768892855393e-02	3.332430051068777099e-02	8.537867755936803804e-02
1.383602281105411066e+03	2.250932583580567692e-01	1.429301369424561541e-01	2.673462797638530564e-01	1.670742045310678603e-01	7.863434175990061115e-02	3.339450082360009148e-02	8.552727782079434793e-02
1.388440051319066470e+03	2.245587126593275029e-01	1.425672114894486198e-01	2.676885301457818667e-01	1.673086336436488686e-01	7.873754072653472991e-02	3.346438924053345143e-02	8.567498209445385815e-02
1.393277821532721646e+03	2.240272691197529864e-01	1.422063388996548661e-01	2.680287506974514122e-01	1.675417212926527122e-01	7.884015784231440671e-02	3.353396607685115577e-02	8.582179607105126784e-02
1.398115591746377049e+03	2.234989096556863342e-01	1.418475075359071635e-01	2.683669544194862699e-01	1.677734749684119675e-01	7.894219634326721247e-02	3.360323167061564364e-02	8.596772540635423676e-02
1.402953361960032225e+03	2.229736162910622432e-01	1.414907058269672113e-01	2.687031542087512381e-01	1.680039021216785666e-01	7.904365944804465915e-02	3.367218638203654801e-02	8.611277572118837542e-02
1.407791132173687402e+03	2.224513711567081831e-01	1.411359222671544067e-01	2.690373628597020339e-01	1.682330101637881936e-01	7.914455035800194160e-02	3.374083059292976028e-02	8.625695260144435050e-02
1.412628902387342805e+03	2.219321564896611920e-01	1.407831454159759743e-01	2.693695930657045712e-01	1.684608064668250416e-01	7.924487225727787354e-02	3.380916470618720165e-02	8.640026159809700845e-02
1.417466672600997981e+03	2.214159546324903083e-01	1.404323638977592326e-01	2.696998574203247623e-01	1.686872983637871803e-01	7.934462831287461548e-02	3.387718914525711389e-02	8.654270822723562906e-02
1.422304442814653157e+03	2.209027480326243853e-01	1.400835664012860526e-01	2.700281684185890652e-01	1.689124931487522852e-01	7.944382167473758305e-02	3.394490435363464037e-02	8.668429797010487881e-02
1.427142213028308333e+03	2.203925192416853751e-01	1.397367416794290662e-01	2.703545384582171640e-01	1.691363980770437814e-01	7.954245547583511933e-02	3.401231079436253801e-02	8.682503627315582562e-02
1.431979983241963964e+03	2.198852509148271350e-01	1.393918785487900658e-01	2.706789798408275605e-01	1.693590203653974890e-01	7.964053283223827828e-02	3.407940894954172156e-02	8.696492854810659867e-02
1.436817753455619140e+03	2.193809258100792026e-01	1.390489658893403757e-01	2.710015047731167415e-01	1.695803671921284339e-01	7.973805684320045550e-02	3.414619931985150847e-02	8.710398017201211041e-02
1.441655523669274316e+03	2.188795267876962325e-01	1.387079926440631661e-01	2.713221253680126455e-01	1.698004456972979914e-01	7.983503059123699119e-02	3.421268242407937005e-02	8.724219648734241050e-02
1.446493293882929493e+03	2.183810368095121246e-01	1.383689478185979316e-01	2.716408536458035372e-01	1.700192629828813640e-01	7.993145714220470377e-02	3.427885879865991831e-02	8.737958280206921391e-02
1.451331064096585123e+03	2.178854389382993695e-01	1.380318204808866911e-01	2.719577015352431237e-01	1.702368261129351135e-01	8.002733954538127081e-02	3.434472899722307293e-02	8.751614438976021426e-02
1.456168834310240300e+03	2.173927163371335847e-01	1.376965997608222414e-01	2.722726808746317451e-01	1.704531421137650826e-01	8.012268083354461001e-02	3.441029359015109618e-02	8.765188648968058605e-02
1.461006604523895703e+03	2.169028522687626581e-01	1.373632748498985479e-01	2.725858034128755270e-01	1.706682179740942884e-01	8.021748402305205194e-02	3.447555316414438464e-02	8.778681430690143950e-02
1.465844374737550879e+03	2.164158300949811375e-01	1.370318350008628561e-01	2.728970808105236068e-01	1.708820606452310098e-01	8.031175211391944346e-02	3.454050832179585140e-02	8.792093301241493686e-02
1.470682144951206283e+03	2.159316332760090884e-01	1.367022695273698019e-01	2.732065246407837655e-01	1.710946770412370144e-01	8.040548808990009844e-02	3.460515968117366947e-02	8.805424774325536219e-02
1.475519915164861459e+03	2.154502453698758924e-01	1.363745678036375752e-01	2.735141463905176318e-01	1.713060740390956460e-01	8.049869491856362358e-02	3.466950787541227957e-02	8.818676360262610314e-02
1.480357685378516862e+03	2.149716500318086254e-01	1.360487192641056664e-01	2.738199574612160125e-01	1.715162584788802458e-01	8.059137555137467490e-02	3.473355355231141917e-02	8.831848566003211443e-02
1.485195455592172038e+03	2.144958310136251822e-01	1.357247134030949154e-01	2.741239691699542957e-01	1.717252371639222119e-01	8.068353292377142272e-02	3.479729737394314515e-02	8.844941895141751609e-02
1.490033225805827215e+03	2.140227721631318691e-01	1.354025397744693104e-01	2.744261927503297560e-01	1.719330168609793652e-01	8.077516995524393340e-02	3.486074001626648933e-02	8.857956847930791022e-02
1.494870996019482618e+03	2.135524574235255768e-01	1.350821879912995349e-01	2.747266393533797091e-01	1.721396043004040921e-01	8.086628954941239844e-02	3.492388216874982992e-02	8.870893921295745777e-02
1.499708766233137567e+03	2.130848708328003660e-01	1.347636477255285403e-01	2.750253200484824578e-01	1.723450061763114050e-01	8.095689459410522482e-02	3.498672453400061139e-02	8.883753608849997985e-02
1.504546536446793198e+03	2.126199965231584943e-01	1.344469087076388958e-01	2.753222458242407522e-01	1.725492291467469463e-01	8.104698796143677830e-02	3.504926782740244023e-02	8.896536400910426412e-02
1.509384306660448374e+03	2.121578187204257449e-01	1.341319607263221914e-01	2.756174275893484293e-01	1.727522798338548826e-01	8.113657250788515463e-02	3.511151277675930715e-02	8.909242784513288216e-02
1.514222076874103550e+03	2.116983217434711406e-01	1.338187936281499957e-01	2.759108761734406778e-01	1.729541648240456309e-01	8.122565107436963139e-02	3.517346012194683125e-02	8.921873243430465672e-02
1.519059847087758726e+03	2.112414900036308774e-01	1.335073973172467843e-01	2.762026023279289255e-01	1.731548906681634747e-01	8.131422648632792571e-02	3.523511061457040849e-02	8.934428258186023764e-02
1.523897617301414357e+03	2.107873080041364755e-01	1.331977617549647830e-01	2.764926167268193513e-01	1.733544638816538197e-01	8.140230155379335475e-02	3.529646501763006317e-02	8.946908306073078632e-02
1.528735387515069533e+03	2.103357603395469289e-01	1.328898769595605600e-01	2.767809299675175749e-01	1.735528909447305035e-01	8.148987907147160759e-02	3.535752410519198835e-02	8.959313861170942195e-02
1.533573157728724709e+03	2.098868316951852386e-01	1.325837330058733943e-01	2.770675525716180254e-01	1.737501783025426905e-01	8.157696181881753106e-02	3.541828866206651188e-02	8.971645394362522119e-02
1.538410927942380113e+03	2.094405068465788333e-01	1.322793200250053647e-01	2.773524949856790989e-01	1.739463323653416549e-01	8.166355256011147146e-02	3.547875948349245995e-02	8.983903373351967425e-02
1.543248698156035516e+03	2.089967706589040408e-01	1.319766282040034377e-01	2.776357675819852155e-01	1.741413595086471200e-01	8.174965404453557460e-02	3.553893737482776566e-02	8.996088262682527814e-02
1.548086468369690692e+03	2.085556080864345574e-01	1.316756477855432761e-01	2.779173806592949436e-01	1.743352660734136250e-01	8.183526900624976674e-02	3.559882315124617697e-02	9.008200523754616995e-02
1.552924238583346096e+03	2.081170041719938302e-01	1.313763690676146012e-01	2.781973444435757448e-01	1.745280583661961982e-01	8.192040016446747175e-02	3.565841763744000137e-02	9.020240614844066140e-02
1.557762008797001272e+03	2.076809440464112699e-01	1.310787824032085269e-01	2.784756690887271735e-01	1.747197426593161407e-01	8.200505022353124507e-02	3.571772166732872095e-02	9.032208991120535546e-02
1.562599779010656675e+03	2.072474129279825161e-01	1.307828782000066969e-01	2.787523646772906982e-01	1.749103251910262558e-01	8.208922187298799134e-02	3.577673608377338055e-02	9.044106104666084500e-02
1.567437549224311852e+03	2.068163961219331715e-01	1.304886469200720600e-01	2.790274412211479760e-01	1.750998121656756890e-01	8.217291778766408483e-02	3.583546173829666587e-02	9.055932404493881316e-02
1.572275319437967255e+03	2.063878790198866719e-01	1.301960790795411438e-01	2.793009086622070258e-01	1.752882097538746575e-01	8.225614062774012913e-02	3.589389949080851183e-02	9.067688336567031326e-02
1.577113089651622431e+03	2.059618470993356820e-01	1.299051652483185770e-01	2.795727768730776885e-01	1.754755240926585969e-01	8.233889303882556410e-02	3.595205020933717188e-02	9.079374343817514514e-02
1.581950859865277607e+03	2.055382859231171533e-01	1.296158960497728607e-01	2.798430556577354289e-01	1.756617612856520849e-01	8.242117765203296753e-02	3.600991476976567879e-02	9.090990866165225837e-02
1.586788630078933011e+03	2.051171811388911581e-01	1.293282621604340266e-01	2.801117547521744799e-01	1.758469274032322949e-01	8.250299708405212096e-02	3.606749405557347493e-02	9.102538340537089101e-02
1.591626400292587959e+03	2.046985184786231649e-01	1.290422543096930996e-01	2.803788838250505511e-01	1.760310284826920035e-01	8.258435393722382556e-02	3.612478895758326758e-02	9.114017200886249948e-02
1.596464170506243590e+03	2.042822837580702267e-01	1.287578632795030598e-01	2.806444524783131556e-01	1.762140705284023501e-01	8.266525079961339895e-02	3.618180037371288016e-02	9.125427878211336830e-02
1.601301940719898766e+03	2.038684628762702233e-01	1.284750799040814406e-01	2.809084702478279461e-01	1.763960595119751507e-01	8.274569024508400539e-02	3.623852920873209954e-02	9.136770800575751139e-02
1.606139710933553943e+03	2.034570418150351001e-01	1.281938950696148716e-01	2.811709466039895577e-01	1.765770013724246024e-01	8.282567483336970848e-02	3.629497637402436666e-02	9.148046393127015619e-02
