6.482612086298080385e+02	3.561294679350854309e-01	2.311163404843995517e-01	1.787230789994167512e-01	1.104213877765648222e-01	5.402079105843431844e-02	2.002967049003969227e-02	4.955926325578893787e-02
6.530989788434633283e+02	3.548280120245471125e-01	2.302529003373345318e-01	1.797776060129444298e-01	1.108320133560387333e-01	5.426246039022882689e-02	2.012387388850457592e-02	4.992313399013126318e-02
6.579367490571185044e+02	3.535344545972085029e-01	2.293942677952726661e-01	1.808135593294091237e-01	1.112524350377140925e-01	5.450261133938062025e-02	2.021857109181075807e-02	5.028410080893362666e-02
6.627745192707737942e+02	3.522487278738823946e-01	2.285404230855050400e-01	1.818319147951132086e-01	1.116816919306007211e-01	5.474126652653887870e-02	2.031372654141818182e-02	5.064224924667092009e-02
6.676122894844290840e+02	3.509707659938618995e-01	2.276913459929620631e-01	1.828335803341615828e-01	1.121188944835124351e-01	5.497844738779758544e-02	2.040930668238538637e-02	5.099765912504834048e-02
6.724500596980843738e+02	3.497005048945635575e-01	2.268470159028942168e-01	1.838194008386986045e-01	1.125632193076400722e-01	5.521417425839970916e-02	2.050527982946266994e-02	5.135040496807044552e-02
6.772878299117396637e+02	3.484378821997523579e-01	2.260074118404050703e-01	1.847901627055953677e-01	1.130139043738924293e-01	5.544846645038869343e-02	2.060161604270197358e-02	5.170055638699333489e-02
6.821256001253949535e+02	3.471828371157298365e-01	2.251725125070647981e-01	1.857465980451636911e-01	1.134702445578874147e-01	5.568134232464525685e-02	2.069828701189739897e-02	5.204817843734080296e-02
6.869633703390502433e+02	3.459353103349094294e-01	2.243422963148151983e-01	1.866893885856229507e-01	1.139315875074383838e-01	5.591281935771588024e-02	2.079526594921995986e-02	5.239333195000736576e-02
6.918011405527055331e+02	3.446952439462458995e-01	2.235167414173634126e-01	1.876191692953292633e-01	1.143973298092001850e-01	5.614291420380975589e-02	2.089252748945608085e-02	5.273607383832461942e-02
6.966389107663608229e+02	3.434625813520237880e-01	2.226958257392451512e-01	1.885365317431841325e-01	1.148669134328281494e-01	5.637164275231407867e-02	2.099004759730213263e-02	5.307645738283172515e-02
7.014766809800161127e+02	3.422372671905463681e-01	2.218795270027274502e-01	1.894420272161625729e-01	1.153398224325693638e-01	5.659902018115184341e-02	2.108780348120684392e-02	5.341453249536474990e-02
7.063144511936714025e+02	3.410192472642975536e-01	2.210678227527069772e-01	1.903361696115302426e-01	1.158155798876583792e-01	5.682506100628308826e-02	2.118577351329017575e-02	5.375034596396275482e-02
7.111522214073266923e+02	3.398084684731840777e-01	2.202606903797491300e-01	1.912194381200482407e-01	1.162937450642375636e-01	5.704977912762876358e-02	2.128393715490129248e-02	5.408394167998011731e-02
7.159899916209819821e+02	3.386048787524891246e-01	2.194581071414032636e-01	1.920922797152846140e-01	1.167739107827722722e-01	5.727318787167599151e-02	2.138227488740991264e-02	5.441536084869402767e-02
7.208277618346371582e+02	3.374084270151988529e-01	2.186600501819185860e-01	1.929551114630583819e-01	1.172557009760908237e-01	5.749530003100504494e-02	2.148076814785461475e-02	5.474464218460284998e-02
7.256655320482924481e+02	3.362190630983861173e-01	2.178664965504769901e-01	1.938083226640263668e-01	1.177387684242556659e-01	5.771612790096079804e-02	2.157939926909893322e-02	5.507182209252435567e-02
7.305033022619478515e+02	3.350367377133577351e-01	2.170774232180502084e-01	1.946522768414826465e-01	1.182227926534693829e-01	5.793568331367526109e-02	2.167815142417117008e-02	5.539693483552279862e-02
7.353410724756030277e+02	3.338614023992957924e-01	2.162928070929815427e-01	1.954873135855665911e-01	1.187074779871456487e-01	5.815397766963299048e-02	2.177700857448747196e-02	5.572001269061916534e-02
7.401788426892584312e+02	3.326930094801392457e-01	2.155126250353840422e-01	1.963137502642657850e-01	1.191925517381338534e-01	5.837102196695722472e-02	2.187595542167922527e-02	5.604108609316987150e-02
7.450166129029136073e+02	3.315315120244733960e-01	2.147368538704418350e-01	1.971318836108482686e-01	1.196777625318827670e-01	5.858682682858170482e-02	2.197497736276614322e-02	5.636018377073519214e-02
7.498543831165690108e+02	3.303768638082100195e-01	2.139654704006937191e-01	1.979419911966623646e-01	1.201628787510678337e-01	5.880140252746121621e-02	2.207406044843498311e-02	5.667733286719916358e-02
7.546921533302243006e+02	3.292290192798574822e-01	2.131984514173731471e-01	1.987443327975947638e-01	1.206476870928922945e-01	5.901475900996279444e-02	2.217319134420119020e-02	5.699255905784764847e-02
7.595299235438793630e+02	3.280879335281937648e-01	2.124357737108731603e-01	1.995391516618780781e-01	1.211319912309078983e-01	5.922690591756941264e-02	2.227235729424693889e-02	5.730588665606001220e-02
7.643676937575347665e+02	3.269535622521701490e-01	2.116774140803997506e-01	2.003266756863829601e-01	1.216156105737918880e-01	5.943785260701811568e-02	2.237154608774382866e-02	5.761733871222254194e-02
7.692054639711900563e+02	3.258258617328840256e-01	2.109233493428729345e-01	2.011071185080132162e-01	1.220983791140629743e-01	5.964760816898607987e-02	2.247074602748244318e-02	5.792693710542751173e-02
7.740432341848452324e+02	3.247047888074730548e-01	2.101735563411299412e-01	2.018806805163437523e-01	1.225801443602277940e-01	5.985618144542969449e-02	2.256994590064372030e-02	5.823470262848121776e-02
7.788810043985006359e+02	3.235903008447916229e-01	2.094280119514814742e-01	2.026475497931968794e-01	1.230607663463197249e-01	6.006358104567411510e-02	2.266913495155910979e-02	5.854065506670626251e-02
7.837187746121558121e+02	3.224823557227420867e-01	2.086866930906680351e-01	2.034079029844406972e-01	1.235401167132289119e-01	6.026981536134379952e-02	2.276830285631741002e-02	5.884481327098826930e-02
7.885565448258112156e+02	3.213809118071415116e-01	2.079495767222601099e-01	2.041619061089106901e-01	1.240180778566278424e-01	6.047489258021793157e-02	2.286743969908655583e-02	5.914719522548463754e-02
7.933943150394665054e+02	3.202859279320136587e-01	2.072166398625426009e-01	2.049097153090014833e-01	1.244945421366722704e-01	6.067882069908857312e-02	2.296653595002802473e-02	5.944781811038269553e-02
7.982320852531219089e+02	3.191973633812040800e-01	2.064878595859214738e-01	2.056514775471461609e-01	1.249694111450068285e-01	6.088160753569372974e-02	2.306558244469044533e-02	5.974669836006657464e-02
8.030698554667769713e+02	3.181151778712233980e-01	2.057632130298867046e-01	2.063873312520964343e-01	1.254425950249272170e-01	6.108326073979232496e-02	2.316457036477711021e-02	6.004385171702610047e-02
8.079076256804323748e+02	3.170393315352302843e-01	2.050426773995647212e-01	2.071174069186325628e-01	1.259140118408518805e-01	6.128378780344322790e-02	2.326349122018970747e-02	6.033929328181691920e-02
8.127453958940876646e+02	3.159697849080729259e-01	2.043262299718898445e-01	2.078418276640706108e-01	1.263835869935338030e-01	6.148319607054594793e-02	2.336233683225764912e-02	6.063303755935847000e-02
8.175831661077428407e+02	3.149064989123130931e-01	2.036138480994227618e-01	2.085607097446902092e-01	1.268512526777016980e-01	6.168149274569646734e-02	2.346109931806886206e-02	6.092509850183608355e-02
8.224209363213982442e+02	3.138494348451623117e-01	2.029055092138417893e-01	2.092741630349804483e-01	1.273169473790591033e-01	6.187868490240779756e-02	2.355977107582401045e-02	6.121548954845366236e-02
8.272587065350534203e+02	3.127985543662647472e-01	2.022011908291306559e-01	2.099822914723917522e-01	1.277806154077927581e-01	6.207477949074128448e-02	2.365834477114175938e-02	6.150422366226605819e-02
8.320964767487085965e+02	3.117538194862670142e-01	2.015008705444856218e-01	2.106851934700871565e-01	1.282422064659468619e-01	6.226978334439134399e-02	2.375681332424779343e-02	6.179131336430328247e-02
8.369342469623640000e+02	3.107151925561174588e-01	2.008045260469618343e-01	2.113829623000059998e-01	1.287016752462117331e-01	6.246370318726317955e-02	2.385516989798530316e-02	6.207677076518355180e-02
8.417720171760191761e+02	3.096826362570445079e-01	2.001121351138784310e-01	2.120756864483862025e-01	1.291589810598528787e-01	6.265654563958021617e-02	2.395340788658902736e-02	6.236060759439780721e-02
8.466097873896745796e+02	3.086561135911642384e-01	1.994236756150001011e-01	2.127634499457348727e-01	1.296140874916703045e-01	6.284831722355531392e-02	2.405152090516914434e-02	6.264283522743510635e-02
8.514475576033297557e+02	3.076355878726730886e-01	1.987391255145114222e-01	2.134463326730946242e-01	1.300669620800313786e-01	6.303902436865740921e-02	2.414950277985513857e-02	6.292346471090604076e-02
8.562853278169851592e+02	3.066210227195839688e-01	1.980584628727992680e-01	2.141244106463179309e-01	1.305175760201617019e-01	6.322867341650277584e-02	2.424734753855344038e-02	6.320250678581004755e-02
8.611230980306403353e+02	3.056123820459668572e-01	1.973816658480577191e-01	2.147977562799390505e-01	1.309659038890099436e-01	6.341727062539818938e-02	2.434504940227585901e-02	6.347997190908155618e-02
8.659608682442956251e+02	3.046096300546588531e-01	1.967087126977279110e-01	2.154664386321172020e-01	1.314119233901243355e-01	6.360482217456123188e-02	2.444260277699892431e-02	6.375587027354066849e-02
8.707986384579510286e+02	3.036127312304095494e-01	1.960395817797856988e-01	2.161305236320190115e-01	1.318556151170919843e-01	6.379133416804107226e-02	2.454000224601726732e-02	6.403021182636452202e-02
8.756364086716062047e+02	3.026216503334312469e-01	1.953742515538882674e-01	2.167900742909081580e-01	1.322969623341962997e-01	6.397681263836137167e-02	2.463724256275653599e-02	6.430300628618720871e-02
8.804741788852616082e+02	3.016363523933256463e-01	1.947127005823897083e-01	2.174451508981196934e-01	1.327359507730459520e-01	6.416126354990556169e-02	2.473431864401414576e-02	6.457426315892840496e-02
8.853119490989170117e+02	3.006568027033600377e-01	1.940549075312359428e-01	2.180958112030102480e-01	1.331725684440181745e-01	6.434469280206314701e-02	2.483122556359814576e-02	6.484399175244337510e-02
8.901497193125721878e+02	2.996829668150689518e-01	1.934008511707474287e-01	2.187421105838971980e-01	1.336068054614437117e-01	6.452710623215428265e-02	2.492795854633685082e-02	6.511220119008064022e-02
8.949874895262273640e+02	2.987148105331574044e-01	1.927505103762985339e-01	2.193841022049260459e-01	1.340386538815378781e-01	6.470850961814868241e-02	2.502451296243363502e-02	6.537890042322690165e-02
8.998252597398827675e+02	2.977522999106856916e-01	1.921038641289007920e-01	2.200218371617376212e-01	1.344681075521542424e-01	6.488890868119392974e-02	2.512088432214331160e-02	6.564409824291349282e-02
9.046630299535379436e+02	2.967954012445153111e-01	1.914608915156976454e-01	2.206553646167438154e-01	1.348951619735046514e-01	6.506830908796674973e-02	2.521706827074807200e-02	6.590780329055283271e-02
9.095008001671932334e+02	2.958440810709979663e-01	1.908215717303770875e-01	2.212847319247616684e-01	1.353198141690507839e-01	6.524671645286031496e-02	2.531306058381258689e-02	6.617002406786866298e-02
9.143385703808486369e+02	2.948983061618906665e-01	1.901858840735086986e-01	2.219099847497015832e-01	1.357420625658302404e-01	6.542413634001927047e-02	2.540885716269931927e-02	6.643076894607924388e-02
9.191763405945038130e+02	2.939580435204812714e-01	1.895538079528103492e-01	2.225311671729553742e-01	1.361619068835337731e-01	6.560057426523377422e-02	2.550445403032649411e-02	6.669004617438802074e-02
9.240141108081592165e+02	2.930232603779097111e-01	1.889253228833503162e-01	2.231483217940826991e-01	1.365793480316986885e-01	6.577603569770235081e-02	2.559984732715232109e-02	6.694786388783295628e-02
9.288518810218145063e+02	2.920939241896718386e-01	1.883004084876894746e-01	2.237614898243516226e-01	1.369943880144310622e-01	6.595052606167360609e-02	2.569503330737035393e-02	6.720423011454113027e-02
9.336896512354697961e+02	2.911700026322922019e-01	1.876790444959683113e-01	2.243707111736484294e-01	1.374070298421102565e-01	6.612405073797511523e-02	2.579000833530186929e-02	6.745915278243286295e-02
9.385274214491247449e+02	2.902514636001559123e-01	1.870612107459429241e-01	2.249760245312348861e-01	1.378172774495697583e-01	6.629661506543794991e-02	2.588476888197216441e-02	6.771263972541541332e-02
9.433651916627801484e+02	2.893382752024866167e-01	1.864468871829740304e-01	2.255774674407964031e-01	1.382251356202848502e-01	6.646822434222426912e-02	2.597931152185863415e-02	6.796469868910419432e-02
9.482029618764355519e+02	2.884304057604623051e-01	1.858360538599722889e-01	2.261750763701925737e-01	1.386306099161313532e-01	6.663888382706512070e-02	2.607363292979933064e-02	6.821533733610601891e-02
9.530407320900908417e+02	2.875278238044587931e-01	1.852286909373038748e-01	2.267688867762917837e-01	1.390337066123113474e-01	6.680859874041480961e-02	2.616772987805147943e-02	6.846456325089697592e-02
9.578785023037459041e+02	2.866304980714120543e-01	1.846247786826591131e-01	2.273589331652438872e-01	1.394344326370710041e-01	6.697737426552805018e-02	2.626159923349023415e-02	6.871238394432474528e-02
9.627162725174014213e+02	2.857383975022920741e-01	1.840242974708869439e-01	2.279452491485196297e-01	1.398327955158632507e-01	6.714521554946537019e-02	2.635523795493859706e-02	6.895880685776314967e-02
9.675540427310568248e+02	2.848514912396803989e-01	1.834272277837983856e-01	2.285278674950213806e-01	1.402288033196319728e-01	6.731212770403208201e-02	2.644864309062007479e-02	6.920383936694479710e-02
9.723918129447120009e+02	2.839697486254436076e-01	1.828335502099408261e-01	2.291068201795481707e-01	1.406224646169192127e-01	6.747811580665548370e-02	2.654181177572624561e-02	6.944748878549550364e-02
9.772295831583674044e+02	2.830931391984983225e-01	1.822432454443463079e-01	2.296821384278768252e-01	1.410137884295177280e-01	6.764318490120498073e-02	2.663474123009196282e-02	6.968976236819289516e-02
9.820673533720223531e+02	2.822216326926595409e-01	1.816562942882551102e-01	2.302538527587033035e-01	1.414027841914110017e-01	6.780733999875906970e-02	2.672742875597142881e-02	6.993066731396957447e-02
9.869051235856777566e+02	2.813551990345680709e-01	1.810726776488171819e-01	2.308219930226690364e-01	1.417894617107627597e-01	6.797058607832319466e-02	2.681987173590882553e-02	7.017021076867988039e-02
9.917428937993331601e+02	2.804938083416919081e-01	1.804923765387732026e-01	2.313865884386825944e-01	1.421738311347336692e-01	6.813292808750186225e-02	2.691206763069772800e-02	7.040839982764797444e-02
9.965806640129884499e+02	2.796374309203960573e-01	1.799153720761165476e-01	2.319476676277303639e-01	1.425559029169201630e-01	6.829437094312856837e-02	2.700401397742373602e-02	7.064524153801353401e-02
1.001418434226643626e+03	2.787860372640767470e-01	1.793416454837385154e-01	2.325052586443567826e-01	1.429356877872248466e-01	6.845491953185638134e-02	2.709570838758537312e-02	7.088074290089031726e-02
1.006256204440298802e+03	2.779395980513565956e-01	1.787711780890575419e-01	2.330593890059813045e-01	1.433131967239814064e-01	6.861457871071212355e-02	2.718714854528848923e-02	7.111491087335153338e-02
1.011093974653954206e+03	2.770980841443352882e-01	1.782039513236341466e-01	2.336100857202073056e-01	1.436884409281704578e-01	6.877335330761681631e-02	2.727833220550978516e-02	7.134775237025518801e-02
1.015931744867609382e+03	2.762614665868938779e-01	1.776399467227729456e-01	2.341573753102667577e-01	1.440614317995737026e-01	6.893124812187480244e-02	2.736925719242541688e-02	7.157927426592140818e-02
1.020769515081264785e+03	2.754297166030486022e-01	1.770791459251125355e-01	2.347012838387342870e-01	1.444321809147258440e-01	6.908826792463380884e-02	2.745992139780083913e-02	7.180948339567301553e-02
1.025607285294920075e+03	2.746028055953506075e-01	1.765215306722049127e-01	2.352418369296345180e-01	1.448007000065328898e-01	6.924441745931808612e-02	2.755032277943836663e-02	7.203838655724952023e-02
1.030445055508575479e+03	2.737807051433305272e-01	1.759670828080846794e-01	2.357790597890578321e-01	1.451670009454357479e-01	6.939970144203652658e-02	2.764045935967916756e-02	7.226599051210448599e-02
1.035282825722230655e+03	2.729633870019828601e-01	1.754157842788295896e-01	2.363129772243907079e-01	1.455310957220066481e-01	6.955412456196759241e-02	2.773032922395662556e-02	7.249230198659489810e-02
1.040120595935886058e+03	2.721508231002898737e-01	1.748676171321132122e-01	2.368436136622603938e-01	1.458929964308734173e-01	6.970769148172287211e-02	2.781993051939820466e-02	7.271732767307099998e-02
1.044958366149541234e+03	2.713429855397810897e-01	1.743225635167502119e-01	2.373709931652847049e-01	1.462527152558752708e-01	6.986040683769050019e-02	2.790926145347315257e-02	7.294107423087403674e-02
1.049796136363196410e+03	2.705398465931276308e-01	1.737806056822351342e-01	2.378951394477133441e-01	1.466102644563599400e-01	7.001227524036018890e-02	2.799832029268354769e-02	7.316354828724916382e-02
1.054633906576851814e+03	2.697413787027680976e-01	1.732417259782755847e-01	2.384160758900385479e-01	1.469656563545390093e-01	7.016330127463116240e-02	2.808710536129641402e-02	7.338475643818008487e-02
1.059471676790506763e+03	2.689475544795651984e-01	1.727059068543200515e-01	2.389338255526494148e-01	1.473189033238240520e-01	7.031348950010406218e-02	2.817561504011470430e-02	7.360470524915142809e-02
1.064309447004162394e+03	2.681583467014908018e-01	1.721731308590814802e-01	2.394484111885973321e-01	1.476700177780715939e-01	7.046284445135807262e-02	2.826384776528515289e-02	7.382340125584453683e-02
1.069147217217817570e+03	2.673737283123379660e-01	1.716433806400564366e-01	2.399598552555358699e-01	1.480190121616710430e-01	7.061137063821450177e-02	2.835180202714111114e-02	7.404085096477192041e-02
1.073984987431472746e+03	2.665936724204592267e-01	1.711166389430412715e-01	2.404681799268938436e-01	1.483658989404132711e-01	7.075907254598748364e-02	2.843947636907861315e-02	7.425706085385512523e-02
1.078822757645127922e+03	2.658181522975277544e-01	1.705928886116446774e-01	2.409734071023356405e-01	1.487106905930830059e-01	7.090595463572296753e-02	2.852686938646405157e-02	7.447203737295064740e-02
1.083660527858783553e+03	2.650471413773228813e-01	1.700721125867981076e-01	2.414755584175594938e-01	1.490533996037216591e-01	7.105202134442681339e-02	2.861397972557188502e-02	7.468578694432784215e-02
1.088498298072438729e+03	2.642806132545362230e-01	1.695542939062637533e-01	2.419746552534803863e-01	1.493940384545118794e-01	7.119727708528258980e-02	2.870080608255098573e-02	7.489831596310286832e-02
1.093336068286093905e+03	2.635185416835988947e-01	1.690394157041407719e-01	2.424707187448409129e-01	1.497326196192376169e-01	7.134172624786014327e-02	2.878734720241826403e-02	7.510963079763205430e-02
1.098173838499749309e+03	2.627609005775283224e-01	1.685274612103700442e-01	2.429637697882909009e-01	1.500691555572776781e-01	7.148537319831527181e-02	2.887360187807833448e-02	7.531973778986811308e-02
1.103011608713404712e+03	2.620076640067934837e-01	1.680184137502375996e-01	2.434538290499725088e-01	1.504036587080935239e-01	7.162822227958132171e-02	2.895956894936803361e-02	7.552864325568216242e-02
1.107849378927059888e+03	2.612588061981980792e-01	1.675122567438774024e-01	2.439409169726460547e-01	1.507361414861746740e-01	7.177027781155331798e-02	2.904524730212469999e-02	7.573635348515438126e-02
1.112687149140715292e+03	2.605143015337803569e-01	1.670089737057733059e-01	2.444250537823884906e-01	1.510666162764083276e-01	7.191154409126501723e-02	2.913063586727719298e-02	7.594287474283595296e-02
1.117524919354370468e+03	2.597741245497289797e-01	1.665085482442607845e-01	2.449062594948946125e-01	1.513950954298414475e-01	7.205202539305950726e-02	2.921573361995865800e-02	7.614821326798468237e-02
1.122362689568025871e+03	2.590382499353147128e-01	1.660109640610284432e-01	2.453845539214085936e-01	1.517215912598064709e-01	7.219172596875381154e-02	2.930053957864017442e-02	7.635237527477645170e-02
1.127200459781681047e+03	2.583066525318363227e-01	1.655162049506196664e-01	2.458599566743118192e-01	1.520461160383839438e-01	7.233065004779778984e-02	2.938505280428441169e-02	7.655536695249476331e-02
1.132038229995336451e+03	2.575793073315806314e-01	1.650242547999345166e-01	2.463324871723906184e-01	1.523686819931764913e-01	7.246880183742800130e-02	2.946927239951850283e-02	7.675719446569999327e-02
1.136876000208991627e+03	2.568561894767962261e-01	1.645350975877321043e-01	2.468021646458063156e-01	1.526893013043717495e-01	7.260618552281655758e-02	2.955319750782536142e-02	7.695786395438045102e-02
1.141713770422646803e+03	2.561372742586801587e-01	1.640487173841335411e-01	2.472690081407881435e-01	1.530079861020719745e-01	7.274280526721564610e-02	2.963682731275280383e-02	7.715738153408660538e-02
1.146551540636302207e+03	2.554225371163764691e-01	1.635650983501257538e-01	2.477330365240680843e-01	1.533247484638710634e-01	7.287866521209775128e-02	2.972016103713972721e-02	7.735575329605007266e-02
1.151389310849957155e+03	2.547119536359875314e-01	1.630842247370660192e-01	2.481942684870754590e-01	1.536396004126601988e-01	7.301376947729208700e-02	2.980319794235880559e-02	7.755298530728881035e-02
1.156227081063612786e+03	2.540054995495960588e-01	1.626060808861878870e-01	2.486527225499078064e-01	1.539525539146449906e-01	7.314812216111739318e-02	2.988593732757505519e-02	7.774908361069976515e-02
1.161064851277267962e+03	2.533031507342984878e-01	1.621306512281079359e-01	2.491084170650929575e-01	1.542636208775583773e-01	7.328172734051138781e-02	2.996837852901972424e-02	7.794405422514011361e-02
1.165902621490923138e+03	2.526048832112492981e-01	1.616579202823340000e-01	2.495613702211570140e-01	1.545728131490543278e-01	7.341458907115705479e-02	3.005052091927903554e-02	7.813790314549823313e-02
1.170740391704578315e+03	2.519106731447153247e-01	1.611878726567746722e-01	2.500116000460111398e-01	1.548801425152690758e-01	7.354671138760608684e-02	3.013236390659720931e-02	7.833063634275544418e-02
1.175578161918233945e+03	2.512204968411397843e-01	1.607204930472504456e-01	2.504591244101695979e-01	1.551856206995368137e-01	7.367809830339958066e-02	3.021390693419336720e-02	7.852225976403941210e-02
1.180415932131889122e+03	2.505343307482164605e-01	1.602557662370060476e-01	2.509039610298099410e-01	1.554892593612483276e-01	7.380875381118626177e-02	3.029514947959184579e-02	7.871277933267001314e-02
1.185253702345544298e+03	2.498521514539730204e-01	1.597936770962250230e-01	2.513461274696865977e-01	1.557910700948418325e-01	7.393868188283829468e-02	3.037609105396552392e-02	7.890220094819859475e-02
1.190091472559199701e+03	2.491739356858631571e-01	1.593342105815453713e-01	2.517856411459069021e-01	1.560910644289155158e-01	7.406788646956496969e-02	3.045673120149171992e-02	7.909053048644122674e-02
1.194929242772855105e+03	2.484996603098677537e-01	1.588773517355772935e-01	2.522225193285794753e-01	1.563892538254528508e-01	7.419637150202429421e-02	3.053706949872037058e-02	7.927777379950676218e-02
1.199767012986510281e+03	2.478293023296045394e-01	1.584230856864228543e-01	2.526567791443427580e-01	1.566856496791518560e-01	7.432414089043273830e-02	3.061710555395403752e-02	7.946393671582004103e-02
1.204604783200165684e+03	2.471628388854458513e-01	1.579713976471971981e-01	2.530884375787817442e-01	1.569802633168501660e-01	7.445119852467316224e-02	3.069683900663948764e-02	7.964902504014122198e-02
1.209442553413820860e+03	2.465002472536448053e-01	1.575222729155520973e-01	2.535175114787404094e-01	1.572731059970386147e-01	7.457754827440106482e-02	3.077626952677048680e-02	7.983304455358132545e-02
1.214280323627476264e+03	2.458415048454688778e-01	1.570756968732011372e-01	2.539440175545366052e-01	1.575641889094564485e-01	7.470319398914933295e-02	3.085539681430150838e-02	8.001600101361486250e-02
1.219118093841131440e+03	2.451865892063416486e-01	1.566316549854471774e-01	2.543679723820851390e-01	1.578535231747616174e-01	7.482813949843149237e-02	3.093422059857205836e-02	8.019790015408967410e-02
1.223955864054786844e+03	2.445354780149916474e-01	1.561901328007116174e-01	2.547893924049356995e-01	1.581411198442703725e-01	7.495238861184361223e-02	3.101274063774137404e-02	8.037874768523455005e-02
1.228793634268442020e+03	2.438881490826085852e-01	1.557511159500660214e-01	2.552082939362305680e-01	1.584269898997605619e-01	7.507594511916494684e-02	3.109095671823319459e-02	8.055854929366498829e-02
1.233631404482097196e+03	2.432445803520068561e-01	1.553145901467657131e-01	2.556246931605873352e-01	1.587111442533337136e-01	7.519881279045741163e-02	3.116886865419036048e-02	8.073731064238742761e-02
1.238469174695752372e+03	2.426047498967959237e-01	1.548805411857854530e-01	2.560386061359113952e-01	1.589935937473310745e-01	7.532099537616378238e-02	3.124647628693904070e-02	8.091503737080212033e-02
1.243306944909407548e+03	2.419686359205574788e-01	1.544489549433575304e-01	2.564500487951422714e-01	1.592743491542989442e-01	7.544249660720506179e-02	3.132377948446229271e-02	8.109173509470520014e-02
1.248144715123063179e+03	2.413362167560295368e-01	1.540198173765116862e-01	2.568590369479381019e-01	1.595534211770000543e-01	7.556332019507666642e-02	3.140077814088280961e-02	8.126740940628995880e-02
1.252982485336718355e+03	2.407074708642966410e-01	1.535931145226175354e-01	2.572655862823021722e-01	1.598308204484663597e-01	7.568346983194380873e-02	3.147747217595454894e-02	8.144206587414773435e-02
1.257820255550373531e+03	2.400823768339870878e-01	1.531688324989292360e-01	2.576697123661547684e-01	1.601065575320902989e-01	7.580294919073589377e-02	3.155386153456314624e-02	8.161571004326841072e-02
1.262658025764028707e+03	2.394609133804760093e-01	1.527469575021321024e-01	2.580714306488534060e-01	1.603806429217511931e-01	7.592176192524016654e-02	3.162994618623488075e-02	8.178834743504104221e-02
1.267495795977684338e+03	2.388430593450949213e-01	1.523274758078917157e-01	2.584707564626654852e-01	1.606530870419737023e-01	7.603991167019451269e-02	3.170572612465391571e-02	8.195998354725456125e-02
1.272333566191339514e+03	2.382287936943471574e-01	1.519103737704052548e-01	2.588677050241943722e-01	1.609239002481159808e-01	7.615740204137957936e-02	3.178120136718782379e-02	8.213062385409861110e-02
1.277171336404994690e+03	2.376180955191294908e-01	1.514956378219551036e-01	2.592622914357639030e-01	1.611930928265840612e-01	7.627423663571007706e-02	3.185637195442104358e-02	8.230027380616505850e-02
1.282009106618650094e+03	2.370109440339595863e-01	1.510832544724646787e-01	2.596545306867615310e-01	1.614606749950713849e-01	7.639041903132554046e-02	3.193123794969619095e-02	8.246893883044988105e-02
1.286846876832305497e+03	2.364073185762092522e-01	1.506732103090564767e-01	2.600444376549436720e-01	1.617266569028201761e-01	7.650595278768038132e-02	3.200579943866305871e-02	8.263662433035579014e-02
1.291684647045960673e+03	2.358071986053433267e-01	1.502654919956126212e-01	2.604320271077052995e-01	1.619910486309033282e-01	7.662084144563335864e-02	3.208005652883515191e-02	8.280333568569568647e-02
1.296522417259616077e+03	2.352105637021643936e-01	1.498600862723375449e-01	2.608173137033154010e-01	1.622538601925245794e-01	7.673508852753641030e-02	3.215400934915357833e-02	8.296907825269686509e-02
1.301360187473271253e+03	2.346173935680627987e-01	1.494569799553230327e-01	2.612003119921200156e-01	1.625151015333353433e-01	7.684869753732301301e-02	3.222765804955818325e-02	8.313385736400638604e-02
1.306197957686926657e+03	2.340276680242723839e-01	1.490561599361154010e-01	2.615810364177151293e-01	1.627747825317668040e-01	7.696167196059601479e-02	3.230100280056576872e-02	8.329767832869727773e-02
1.311035727900581833e+03	2.334413670111313288e-01	1.486576131812852586e-01	2.619595013180908705e-01	1.630329129993753068e-01	7.707401526471488462e-02	3.237404379285527267e-02	8.346054643227597547e-02
1.315873498114237009e+03	2.328584705873486260e-01	1.482613267319992933e-01	2.623357209267476176e-01	1.632895026812002937e-01	7.718573089888247640e-02	3.244678123685979659e-02	8.362246693669082853e-02
1.320711268327892412e+03	2.322789589292755807e-01	1.478672877035944744e-01	2.627097093737872924e-01	1.635445612561329254e-01	7.729682229423147366e-02	3.251921536236531546e-02	8.378344508034191174e-02
1.325549038541547588e+03	2.317028123301826115e-01	1.474754832851545017e-01	2.630814806869790079e-01	1.637980983372947230e-01	7.740729286391018205e-02	3.259134641811593791e-02	8.394348607809200280e-02
1.330386808755202765e+03	2.311300111995411855e-01	1.470859007390886708e-01	2.634510487928016786e-01	1.640501234724247581e-01	7.751714600316803039e-02	3.266317467142570291e-02	8.410259512127898907e-02
1.335224578968857941e+03	2.305605360623106392e-01	1.466985274007126805e-01	2.638184275174644267e-01	1.643006461442746979e-01	7.762638508944054438e-02	3.273470040779663526e-02	8.426077737772938447e-02
1.340062349182513572e+03	2.299943675582301894e-01	1.463133506778321880e-01	2.641836305879056712e-01	1.645496757710104840e-01	7.773501348243404274e-02	3.280592393054310163e-02	8.441803799177338696e-02
1.344900119396168748e+03	2.294314864411158839e-01	1.459303580503282516e-01	2.645466716327715129e-01	1.647972217066202005e-01	7.784303452420981984e-02	3.287684556042222428e-02	8.457438208426118487e-02
1.349737889609823924e+03	2.288718735781623270e-01	1.455495370697451885e-01	2.649075641833754657e-01	1.650432932413269105e-01	7.795045153926796755e-02	3.294746563527038014e-02	8.472981475258077599e-02
1.354575659823479100e+03	2.283155099492491791e-01	1.451708753588807077e-01	2.652663216746395936e-01	1.652878996020060165e-01	7.805726783463091956e-02	3.301778450964554940e-02	8.488434107067706347e-02
1.359413430037134731e+03	2.277623766462528176e-01	1.447943606113782922e-01	2.656229574460172160e-01	1.655310499526063683e-01	7.816348669992648213e-02	3.308780255447549973e-02	8.503796608907240873e-02
1.364251200250789907e+03	2.272124548723621629e-01	1.444199805913218004e-01	2.659774847423996280e-01	1.657727533945746456e-01	7.826911140747058737e-02	3.315752015671168118e-02	8.519069483488861394e-02
1.369088970464445310e+03	2.266657259413996373e-01	1.440477231328322616e-01	2.663299167150062208e-01	1.660130189672821832e-01	7.837414521234975506e-02	3.322693771898874854e-02	8.534253231187033384e-02
1.373926740678100487e+03	2.261221712771465386e-01	1.436775761396669737e-01	2.666802664222591157e-01	1.662518556484540166e-01	7.847859135250311036e-02	3.329605565928956540e-02	8.549348350040986144e-02
1.378764510891755890e+03	2.255817724126730761e-01	1.433095275848208505e-01	2.670285468306426990e-01	1.664892723545993714e-01	7.858245304880411009e-02	3.336487441061570386e-02	8.564355335757338483e-02
1.383602281105411066e+03	2.250445109896729856e-01	1.429435655101298774e-01	2.673747708155489455e-01	1.667252779414435393e-01	7.868573350514197762e-02	3.343339442066320388e-02	8.579274681712860395e-02
1.388440051319066470e+03	2.245103687578023643e-01	1.425796780258769825e-01	2.677189511621091977e-01	1.669598812043604497e-01	7.878843590850272138e-02	3.350161615150365479e-02	8.594106878957379070e-02
1.393277821532721646e+03	2.239793275740233902e-01	1.422178533103997666e-01	2.680611005660121782e-01	1.671930908788053505e-01	7.889056342904993135e-02	3.356954007927041156e-02	8.608852416216818126e-02
1.398115591746377049e+03	2.234513694019520935e-01	1.418580796097006769e-01	2.684012316343095672e-01	1.674249156407479067e-01	7.899211922020522858e-02	3.363716669384986951e-02	8.623511779896383955e-02
1.402953361960032225e+03	2.229264763112106806e-01	1.415003452370594272e-01	2.687393568862090909e-01	1.676553641071049650e-01	7.909310641872842329e-02	3.370449649857779756e-02	8.638085454083883896e-02
1.407791132173687402e+03	2.224046304767841042e-01	1.411446385726473352e-01	2.690754887538556184e-01	1.678844448361725417e-01	7.919352814479725666e-02	3.377153000994056326e-02	8.652573920553181808e-02
1.412628902387342805e+03	2.218858141783809357e-01	1.407909480631439891e-01	2.694096395831010460e-01	1.681121663280571443e-01	7.929338750208707320e-02	3.383826775728118047e-02	8.666977658767785475e-02
1.417466672600997981e+03	2.213700097997985949e-01	1.404392622213561093e-01	2.697418216342625241e-01	1.683385370251062330e-01	7.939268757784995190e-02	3.390471028251015873e-02	8.681297145884570021e-02
1.422304442814653157e+03	2.208571998282925497e-01	1.400895696258383227e-01	2.700720470828703590e-01	1.685635653123370992e-01	7.949143144299365693e-02	3.397085813982100161e-02	8.695532856757627604e-02
1.427142213028308333e+03	2.203473668539499553e-01	1.397418589205163542e-01	2.704003280204054782e-01	1.687872595178643298e-01	7.958962215216031089e-02	3.403671189541037506e-02	8.709685263942253119e-02
1.431979983241963964e+03	2.198404935690671802e-01	1.393961188143122421e-01	2.707266764550260718e-01	1.690096279133258550e-01	7.968726274380477648e-02	3.410227212720276513e-02	8.723754837699049247e-02
1.436817753455619140e+03	2.193365627675316620e-01	1.390523380807714704e-01	2.710511043122854069e-01	1.692306787143068869e-01	7.978435624027264972e-02	3.416753942457964599e-02	8.737742045998163343e-02
1.441655523669274316e+03	2.188355573442077595e-01	1.387105055576925428e-01	2.713736234358394284e-01	1.694504200807621652e-01	7.988090564787811432e-02	3.423251438811301256e-02	8.751647354523640898e-02
1.446493293882929493e+03	2.183374602943264631e-01	1.383706101467584160e-01	2.716942455881449781e-01	1.696688601174358157e-01	7.997691395698135197e-02	3.429719762930329152e-02	8.765471226677908068e-02
1.451331064096585123e+03	2.178422547128794906e-01	1.380326408131700711e-01	2.720129824511496319e-01	1.698860068742792939e-01	8.007238414206582777e-02	3.436158977032149203e-02	8.779214123586363827e-02
1.456168834310240300e+03	2.173499237940167417e-01	1.376965865852822768e-01	2.723298456269721002e-01	1.701018683468666637e-01	8.016731916181518702e-02	3.442569144375556139e-02	8.792876504102097035e-02
1.461006604523895703e+03	2.168604508304483869e-01	1.373624365542411296e-01	2.726448466385743563e-01	1.703164524768078225e-01	8.026172195918990226e-02	3.448950329236086243e-02	8.806458824810713126e-02
1.465844374737550879e+03	2.163738192128503712e-01	1.370301798736239807e-01	2.729579969304252729e-01	1.705297671521588121e-01	8.035559546150367050e-02	3.455302596881475174e-02	8.819961540035274605e-02
1.470682144951206283e+03	2.158900124292739420e-01	1.366998057590811944e-01	2.732693078691564859e-01	1.707418202078298530e-01	8.044894258049949121e-02	3.461626013547516173e-02	8.833385101841351172e-02
1.475519915164861459e+03	2.154090140645590068e-01	1.363713034879800168e-01	2.735787907442096545e-01	1.709526194259905485e-01	8.054176621242542522e-02	3.467920646414310304e-02	8.846729960042180874e-02
1.480357685378516862e+03	2.149308077997512945e-01	1.360446623990504977e-01	2.738864567684768936e-01	1.711621725364723401e-01	8.063406923811020088e-02	3.474186563582908754e-02	8.859996562203929782e-02
1.485195455592172038e+03	2.144553774115233180e-01	1.357198718920332448e-01	2.741923170789323794e-01	1.713704872171682991e-01	8.072585452303840392e-02	3.480423834052334686e-02	8.873185353651058538e-02
1.490033225805827215e+03	2.139827067715990017e-01	1.353969214273295085e-01	2.744963827372578491e-01	1.715775710944298926e-01	8.081712491742552851e-02	3.486632527696985340e-02	8.886296777471795749e-02
1.494870996019482618e+03	2.135127798461821935e-01	1.350758005256528504e-01	2.747986647304597740e-01	1.717834317434610847e-01	8.090788325629261202e-02	3.492812715244403982e-02	8.899331274523700208e-02
1.499708766233137567e+03	2.130455806953886477e-01	1.347564987676831694e-01	2.750991739714802042e-01	1.719880766887093015e-01	8.099813235954073098e-02	3.498964468253417531e-02	8.912289283439325804e-02
1.504546536446793198e+03	2.125810934726818091e-01	1.344390057937224769e-01	2.753979212998002302e-01	1.721915134042538154e-01	8.108787503202508073e-02	3.505087859092632929e-02	8.925171240631976644e-02
1.509384306660448374e+03	2.121193024243121505e-01	1.341233113033526714e-01	2.756949174820367832e-01	1.723937493141905475e-01	8.117711406362893012e-02	3.511182960919290857e-02	8.937977580301555147e-02
1.514222076874103550e+03	2.116601918887602574e-01	1.338094050550953373e-01	2.759901732125324969e-01	1.725947917930146236e-01	8.126585222933715991e-02	3.517249847658465711e-02	8.950708734440503134e-02
1.519059847087758726e+03	2.112037462961832424e-01	1.334972768660734055e-01	2.762836991139396847e-01	1.727946481659992650e-01	8.135409228930964853e-02	3.523288593982611128e-02	8.963365132839826166e-02
1.523897617301414357e+03	2.107499501678650466e-01	1.331869166116746717e-01	2.765755057377969894e-01	1.729933257095720989e-01	8.144183698895426926e-02	3.529299275291444826e-02	8.975947203095206717e-02
1.528735387515069533e+03	2.102987881156699046e-01	1.328783142252175087e-01	2.768656035651006486e-01	1.731908316516881929e-01	8.152908905899974856e-02	3.535281967692166516e-02	8.988455370613189499e-02
1.533573157728724709e+03	2.098502448414995003e-01	1.325714596976182158e-01	2.771540030068689320e-01	1.733871731722002318e-01	8.161585121556809430e-02	3.541236747980001931e-02	9.000890058617466716e-02
1.538410927942380113e+03	2.094043051367535102e-01	1.322663430770602833e-01	2.774407144047006391e-01	1.735823574032254180e-01	8.170212616024687124e-02	3.547163693619075076e-02	9.013251688155221597e-02
1.543248698156035516e+03	2.089609538817937817e-01	1.319629544686657940e-01	2.777257480313276017e-01	1.737763914295096801e-01	8.178791658016119903e-02	3.553062882723593413e-02	9.025540678103566306e-02
1.548086468369690692e+03	2.085201760454116759e-01	1.316612840341684076e-01	2.780091140911617464e-01	1.739692822887885237e-01	8.187322514804533380e-02	3.558934394039356408e-02	9.037757445176035354e-02
1.552924238583346096e+03	2.080819566842989077e-01	1.313613219915882868e-01	2.782908227208358842e-01	1.741610369721449947e-01	8.195805452231420818e-02	3.564778306925560358e-02	9.049902403929167838e-02
1.557762008797001272e+03	2.076462809425217715e-01	1.310630586149091614e-01	2.785708839897389488e-01	1.743516624243645341e-01	8.204240734713447170e-02	3.570594701336917559e-02	9.061975966769149349e-02
1.562599779010656675e+03	2.072131340509986430e-01	1.307664842337567246e-01	2.788493079005457398e-01	1.745411655442869470e-01	8.212628625249543401e-02	3.576383657806073146e-02	9.073978543958527432e-02
1.567437549224311852e+03	2.067825013269809220e-01	1.304715892330793880e-01	2.791261043897411698e-01	1.747295531851553452e-01	8.220969385427961962e-02	3.582145257426314761e-02	9.085910543622989499e-02
1.572275319437967255e+03	2.063543681735371116e-01	1.301783640528304531e-01	2.794012833281390162e-01	1.749168321549618987e-01	8.229263275433310043e-02	3.587879581834578502e-02	9.097772371758204579e-02
1.577113089651622431e+03	2.059287200790402839e-01	1.298867991876524186e-01	2.796748545213956216e-01	1.751030092167909225e-01	8.237510554053553702e-02	3.593586713194733828e-02	9.109564432236731679e-02
1.581950859865277607e+03	2.055055426166587373e-01	1.295968851865628713e-01	2.799468277105178204e-01	1.752880910891586597e-01	8.245711478686992835e-02	3.599266734181158500e-02	9.121287126814982271e-02
1.586788630078933011e+03	2.050848214438498185e-01	1.293086126526422075e-01	2.802172125723665363e-01	1.754720844463504292e-01	8.253866305349218113e-02	3.604919727962586917e-02	9.132940855140239678e-02
1.591626400292587959e+03	2.046665423018571572e-01	1.290219722427233262e-01	2.804860187201542732e-01	1.756549959187545251e-01	8.261975288680030449e-02	3.610545778186233234e-02	9.144526014757747845e-02
1.596464170506243590e+03	2.042506910152107891e-01	1.287369546670829035e-01	2.807532557039386645e-01	1.758368320931935069e-01	8.270038681950336867e-02	3.616144968962184403e-02	9.156043001117836200e-02
1.601301940719898766e+03	2.038372534912306078e-01	1.284535506891344159e-01	2.810189330111101946e-01	1.760175995132524096e-01	8.278056737069015847e-02	3.621717384848061744e-02	9.167492207583106956e-02
1.606139710933553943e+03	2.034262157195328713e-01	1.281717511251231345e-01	2.812830600668757564e-01	1.761973046796040387e-01	8.286029704589763234e-02	3.627263110833937182e-02	9.178874025435672379e-02
1.610977481147209119e+03	2.030175637715398718e-01	1.278915468438227010e-01	2.815456462347366573e-01	1.763759540503316015e-01	8.293957833717903461e-02	3.632782232327516625e-02	9.190188843884443404e-02
