6.579367490571185044e+02	3.532604850179164591e-01	2.298666616905044868e-01	1.805836989216083599e-01	1.112600988642062361e-01	5.500209732051844491e-02	1.977731818931547855e-02	5.024963999565623674e-02
6.627745192707737942e+02	3.519791440485988687e-01	2.290068478814767661e-01	1.815656728598603054e-01	1.117760804889654652e-01	5.517690403494319995e-02	1.986780255815925531e-02	5.062754812772182061e-02
6.676122894844290840e+02	3.507053896988531760e-01	2.281518671710491830e-01	1.825369642145405757e-01	1.122914512480022720e-01	5.535374547932816330e-02	1.995901698454893847e-02	5.100156520340335536e-02
6.724500596980843738e+02	3.494391729441137517e-01	2.273016962408938857e-01	1.834978216485134705e-01	1.128060778278110604e-01	5.553247937264938622e-02	2.005092802233375895e-02	5.137182394341033298e-02
6.772878299117396637e+02	3.481804452107727377e-01	2.264563116561608136e-01	1.844484851004367099e-01	1.133198357458950617e-01	5.571296962395078101e-02	2.014350324685676083e-02	5.173844941565276800e-02
6.821256001253949535e+02	3.469291583675042090e-01	2.256156898808542866e-01	1.853891861281943554e-01	1.138326088198244185e-01	5.589508607910430998e-02	2.023671122142959092e-02	5.210155950281444154e-02
6.869633703390502433e+02	3.456852647168778825e-01	2.247798072922466972e-01	1.863201482382678131e-01	1.143442886680767073e-01	5.607870427782510325e-02	2.033052146502644167e-02	5.246126534140492514e-02
6.918011405527055331e+02	3.444487169872501031e-01	2.239486401943868166e-01	1.872415872016377214e-01	1.148547742407538402e-01	5.626370522052500517e-02	2.042490442114946667e-02	5.281767173402259624e-02
6.966389107663608229e+02	3.432194683249211176e-01	2.231221648307576411e-01	1.881537113567818831e-01	1.153639713783836257e-01	5.644997514460509819e-02	2.051983142782011493e-02	5.317087753645607928e-02
7.014766809800161127e+02	3.419974722865479766e-01	2.223003573961344626e-01	1.890567219003116139e-01	1.158717923971218922e-01	5.663740530980414939e-02	2.061527468865249207e-02	5.352097602115295227e-02
7.063144511936714025e+02	3.407826828318032408e-01	2.214831940476914285e-01	1.899508131657641208e-01	1.163781556987723981e-01	5.682589179223557913e-02	2.071120724496684079e-02	5.386805521849187539e-02
7.111522214073266923e+02	3.395750543162691093e-01	2.206706509154015283e-01	1.908361728910472621e-01	1.168829854041366634e-01	5.701533528676067109e-02	2.080760294890277723e-02	5.421219823720737491e-02
7.159899916209819821e+02	3.383745414845579225e-01	2.198627041117727776e-01	1.917129824750108957e-01	1.173862110082951743e-01	5.720564091736007190e-02	2.090443643749365088e-02	5.455348356523485182e-02
7.208277618346371582e+02	3.371810994636501024e-01	2.190593297409601237e-01	1.925814172235989497e-01	1.178877670565055269e-01	5.739671805517945757e-02	2.100168310766494656e-02	5.489198535216625874e-02
7.256655320482924481e+02	3.359946837564409261e-01	2.182605039072908759e-01	1.934416465860168410e-01	1.183875928394818589e-01	5.758848014393855297e-02	2.109931909212112155e-02	5.522777367443518215e-02
7.305033022619478515e+02	3.348152502354882487e-01	2.174662027232389105e-01	1.942938343813301327e-01	1.188856321068942207e-01	5.778084453240527052e-02	2.119732123608677327e-02	5.556091478428180214e-02
7.353410724756030277e+02	3.336427551369525735e-01	2.166764023168805953e-01	1.951381390158927476e-01	1.193818327979961902e-01	5.797373231364901652e-02	2.129566707486928862e-02	5.589147134348493307e-02
7.401788426892584312e+02	3.324771550547226950e-01	2.158910788388637703e-01	1.959747136919856858e-01	1.198761467883545651e-01	5.816706817079880104e-02	2.139433481221165653e-02	5.621950264278814668e-02
7.450166129029136073e+02	3.313184069347194227e-01	2.151102084689190952e-01	1.968037066080310649e-01	1.203685296517165992e-01	5.836078022904299389e-02	2.149330329940512749e-02	5.654506480789103784e-02
7.498543831165690108e+02	3.301664680693701670e-01	2.143337674219412126e-01	1.976252611507309798e-01	1.208589404361081476e-01	5.855479991361831754e-02	2.159255201513285427e-02	5.686821099282363123e-02
7.546921533302243006e+02	3.290212960922486718e-01	2.135617319536655123e-01	1.984395160794655555e-01	1.213473414533104561e-01	5.874906181354586088e-02	2.169206104601665436e-02	5.718899156147254359e-02
7.595299235438793630e+02	3.278828489728724538e-01	2.127940783659653667e-01	1.992466057032702409e-01	1.218336980809144321e-01	5.894350355088187610e-02	2.179181106784024505e-02	5.750745425798065719e-02
7.643676937575347665e+02	3.267510850116527310e-01	2.120307830117918180e-01	2.000466600506991544e-01	1.223179785761994431e-01	5.913806565526046749e-02	2.189178332742327746e-02	5.782364436669838736e-02
7.692054639711900563e+02	3.256259628349906232e-01	2.112718222997782280e-01	2.008398050328679962e-01	1.228001539011288473e-01	5.933269144351439178e-02	2.199195962512162650e-02	5.813760486232354835e-02
7.740432341848452324e+02	3.245074413905140731e-01	2.105171726985293756e-01	2.016261625999580531e-01	1.232801975577966919e-01	5.952732690416884243e-02	2.209232229793029259e-02	5.844937655082797778e-02
7.788810043985006359e+02	3.233954799424504922e-01	2.097668107406141791e-01	2.024058508914498289e-01	1.237580854337003294e-01	5.972192058661147246e-02	2.219285420316621793e-02	5.875899820173280386e-02
7.837187746121558121e+02	3.222900380671294696e-01	2.090207130262802804e-01	2.031789843803453177e-01	1.242337956562507700e-01	5.991642349474984169e-02	2.229353870270929516e-02	5.906650667226035628e-02
7.885565448258112156e+02	3.211910756486111573e-01	2.082788562269070054e-01	2.039456740116249167e-01	1.247073084559682798e-01	6.011078898497517614e-02	2.239435964778061297e-02	5.937193702385824834e-02
7.933943150394665054e+02	3.200985528744351161e-01	2.075412170882120488e-01	2.047060273351765658e-01	1.251786060378436705e-01	6.030497266825864122e-02	2.249530136423785742e-02	5.967532263156147265e-02
7.982320852531219089e+02	3.190124302314858995e-01	2.068077724332279543e-01	2.054601486334230454e-01	1.256476724603767248e-01	6.049893231621342876e-02	2.259634863836862406e-02	5.997669528662968874e-02
8.030698554667769713e+02	3.179326685019699394e-01	2.060784991650610187e-01	2.062081390438652850e-01	1.261144935218328211e-01	6.069262777096257749e-02	2.269748670316306532e-02	6.027608529287065142e-02
8.079076256804323748e+02	3.168592287595006218e-01	2.053533742694465258e-01	2.069500966767491845e-01	1.265790566532861983e-01	6.088602085865921221e-02	2.279870122504810276e-02	6.057352155703541602e-02
8.127453958940876646e+02	3.157920723652872241e-01	2.046323748171126333e-01	2.076861167280557585e-01	1.270413508180439632e-01	6.107907530651171535e-02	2.289997829106611704e-02	6.086903167364782208e-02
8.175831661077428407e+02	3.147311609644233288e-01	2.039154779659639316e-01	2.084162915880053701e-01	1.275013664170697170e-01	6.127175666317264541e-02	2.300130439648167061e-02	6.116264200460849731e-02
8.224209363213982442e+02	3.136764564822723811e-01	2.032026609630964431e-01	2.091407109452591284e-01	1.279590952000480286e-01	6.146403222235569813e-02	2.310266643280050811e-02	6.145437775389298724e-02
8.272587065350534203e+02	3.126279211209450626e-01	2.024939011466536654e-01	2.098594618869928097e-01	1.284145301817528617e-01	6.165587094955071040e-02	2.320405167618566286e-02	6.174426303764432578e-02
8.320964767487085965e+02	3.115855173558673141e-01	2.017891759475334279e-01	2.105726289950115293e-01	1.288676655634032053e-01	6.184724341171173728e-02	2.330544777625611144e-02	6.203232094994175216e-02
8.369342469623640000e+02	3.105492079324334576e-01	2.010884628909548888e-01	2.112802944380662296e-01	1.293184966587076212e-01	6.203812170979840918e-02	2.340684274525395639e-02	6.231857362451054261e-02
8.417720171760191761e+02	3.095189558627432502e-01	2.003917395978938587e-01	2.119825380605258325e-01	1.297670198243182083e-01	6.222847941405564715e-02	2.350822494756674846e-02	6.260304229262148024e-02
8.466097873896745796e+02	3.084947244224187646e-01	1.996989837863948625e-01	2.126794374675540500e-01	1.302132323944305003e-01	6.241829150192135939e-02	2.360958308959192065e-02	6.288574733741347789e-02
8.514475576033297557e+02	3.074764771474988168e-01	1.990101732727669048e-01	2.133710681069316273e-01	1.306571326192816629e-01	6.260753429845623830e-02	2.371090620993102430e-02	6.316670834485871300e-02
8.562853278169851592e+02	3.064641778314073917e-01	1.983252859726706563e-01	2.140575033476604661e-01	1.310987196073146455e-01	6.279618541919410046e-02	2.381218366990171115e-02	6.344594415157603362e-02
8.611230980306403353e+02	3.054577905219948430e-01	1.976442999021032487e-01	2.147388145554800232e-01	1.315379932707892996e-01	6.298422371531524344e-02	2.391340514435607092e-02	6.372347288968624457e-02
8.659608682442956251e+02	3.044572795186479275e-01	1.969671931782872032e-01	2.154150711654205796e-01	1.319749542746350701e-01	6.317162922104914424e-02	2.401456061279425014e-02	6.399931202889069803e-02
8.707986384579510286e+02	3.034626093694671733e-01	1.962939440204692909e-01	2.160863407515134227e-01	1.324096039883515818e-01	6.335838310321696698e-02	2.411564035076273552e-02	6.427347841594367728e-02
8.756364086716062047e+02	3.024737448685085872e-01	1.956245307506347120e-01	2.167526890937722661e-01	1.328419444407757943e-01	6.354446761282740719e-02	2.421663492152711580e-02	6.454598831167890349e-02
8.804741788852616082e+02	3.014906510530881434e-01	1.949589317941422817e-01	2.174141802425568482e-01	1.332719782775444173e-01	6.372986603864336241e-02	2.431753516800950338e-02	6.481685742574024023e-02
8.853119490989170117e+02	3.005132932011463365e-01	1.942971256802848712e-01	2.180708765804232063e-01	1.336997087210912705e-01	6.391456266263990937e-02	2.441833220498120308e-02	6.508610094915801003e-02
8.901497193125721878e+02	2.995416368286711317e-01	1.936390910427800982e-01	2.187228388815625202e-01	1.341251395330284868e-01	6.409854271727764841e-02	2.451901741150151401e-02	6.535373358490337292e-02
8.949874895262273640e+02	2.985756476871770371e-01	1.929848066201957923e-01	2.193701263689255554e-01	1.345482749787692001e-01	6.428179234451797397e-02	2.461958242359400459e-02	6.561976957654516718e-02
8.998252597398827675e+02	2.976152917612386872e-01	1.923342512563135931e-01	2.200127967691250797e-01	1.349691197942587406e-01	6.446429855651045204e-02	2.472001912715180924e-02	6.588422273512631322e-02
9.046630299535379436e+02	2.966605352660768302e-01	1.916874039004352881e-01	2.206509063652062341e-01	1.353876791546884673e-01	6.464604919788469184e-02	2.482031965106390806e-02	6.614710646436924857e-02
9.095008001671932334e+02	2.957113446451950511e-01	1.910442436076349726e-01	2.212845100473700977e-01	1.358039586450741631e-01	6.482703290958224951e-02	2.492047636055463519e-02	6.640843378431346422e-02
9.143385703808486369e+02	2.947676865680657898e-01	1.904047495389607214e-01	2.219136613617324338e-01	1.362179642325882789e-01	6.500723909416648849e-02	2.502048185072891853e-02	6.666821735348205102e-02
9.191763405945038130e+02	2.938295279278635430e-01	1.897689009615886602e-01	2.225384125571964189e-01	1.366297022405413564e-01	6.518665788255076365e-02	2.512032894031607927e-02	6.692646948966783638e-02
9.240141108081592165e+02	2.928968358392441962e-01	1.891366772489327663e-01	2.231588146305148734e-01	1.370391793239150169e-01	6.536528010208801642e-02	2.522001066560529414e-02	6.718320218942445965e-02
9.288518810218145063e+02	2.919695776361687645e-01	1.885080578807128704e-01	2.237749173696142180e-01	1.374464024463535605e-01	6.554309724596671383e-02	2.531952027456603818e-02	6.743842714634243340e-02
9.336896512354697961e+02	2.910477208697699325e-01	1.878830224429837992e-01	2.243867693952497355e-01	1.378513788585281341e-01	6.572010144386060404e-02	2.541885122114713458e-02	6.769215576818529700e-02
9.385274214491247449e+02	2.901312333062601168e-01	1.872615506281279096e-01	2.249944182010588656e-01	1.382541160777914502e-01	6.589628543378175940e-02	2.551799715974822913e-02	6.794439919295632013e-02
9.433651916627801484e+02	2.892200829248802174e-01	1.866436222348134832e-01	2.255979101920759511e-01	1.386546218690465904e-01	6.607164253508837626e-02	2.561695193985777386e-02	6.819516830396221696e-02
9.482029618764355519e+02	2.883142379158869506e-01	1.860292171679212014e-01	2.261972907217703888e-01	1.390529042267577009e-01	6.624616662260088273e-02	2.571570960085181601e-02	6.844447374393558547e-02
9.530407320900908417e+02	2.874136666785780392e-01	1.854183154384405341e-01	2.267926041276664695e-01	1.394489713580348844e-01	6.641985210178155685e-02	2.581426436694807952e-02	6.869232592827494155e-02
9.578785023037459041e+02	2.865183378193537633e-01	1.848108971633385667e-01	2.273838937656014192e-01	1.398428316667292004e-01	6.659269388493489761e-02	2.591261064231007230e-02	6.893873505745658214e-02
9.627162725174014213e+02	2.856282201498143714e-01	1.842069425654021542e-01	2.279712020426759855e-01	1.402344937384783219e-01	6.676468736838744866e-02	2.601074300629611230e-02	6.918371112867013895e-02
9.675540427310568248e+02	2.847432826848913523e-01	1.836064319730560945e-01	2.285545704489491958e-01	1.406239663266459772e-01	6.693582841060775890e-02	2.610865620884839436e-02	6.942726394672578405e-02
9.723918129447120009e+02	2.838634946410122928e-01	1.830093458201582091e-01	2.291340395879273850e-01	1.410112583391025520e-01	6.710611331122845469e-02	2.620634516601733424e-02	6.966940313427834319e-02
9.772295831583674044e+02	2.829888254342977083e-01	1.824156646457733844e-01	2.297096492058949280e-01	1.413963788257968091e-01	6.727553879093403633e-02	2.630380495561669002e-02	6.991013814141104621e-02
9.820673533720223531e+02	2.821192446787894048e-01	1.818253690939275469e-01	2.302814382201329169e-01	1.417793369670716230e-01	6.744410197217937109e-02	2.640103081300505805e-02	7.014947825461856357e-02
9.869051235856777566e+02	2.812547221847092049e-01	1.812384399133432911e-01	2.308494447460696375e-01	1.421601420626801560e-01	6.761180036070567334e-02	2.649801812698953166e-02	7.038743260522697942e-02
9.917428937993331601e+02	2.803952279567464845e-01	1.806548579571581048e-01	2.314137061234049220e-01	1.425388035214605054e-01	6.777863182782138673e-02	2.659476243584745977e-02	7.062401017728556218e-02
9.965806640129884499e+02	2.795407321923752408e-01	1.800746041826266075e-01	2.319742589412490952e-01	1.429153308516301901e-01	6.794459459341735397e-02	2.669125942346241287e-02	7.085921981496348665e-02
1.001418434226643626e+03	2.786912052801979733e-01	1.794976596508079114e-01	2.325311390623154839e-01	1.432897336516635312e-01	6.810968720968652024e-02	2.678750491557055358e-02	7.109307022948241350e-02
1.006256204440298802e+03	2.778466177983171526e-01	1.789240055262389106e-01	2.330843816462033480e-01	1.436620216017175655e-01	6.827390854551970700e-02	2.688349487611378305e-02	7.132557000561394467e-02
1.011093974653954206e+03	2.770069405127322248e-01	1.783536230765947750e-01	2.336340211718077875e-01	1.440322044555741587e-01	6.843725777155015844e-02	2.697922540369623173e-02	7.155672760776911334e-02
1.015931744867609382e+03	2.761721443757625405e-01	1.777864936723373979e-01	2.341800914588901272e-01	1.444002920330673678e-01	6.859973434582074259e-02	2.707469272814061467e-02	7.178655138570551320e-02
1.020769515081264785e+03	2.753422005244947068e-01	1.772225987863529362e-01	2.347226256888428342e-01	1.447662942129681607e-01	6.876133800004825825e-02	2.716989320714128034e-02	7.201504957987615863e-02
1.025607285294920075e+03	2.745170802792535891e-01	1.766619199935786089e-01	2.352616564246792219e-01	1.451302209262985143e-01	6.892206872646129689e-02	2.726482332301080960e-02	7.224223032644232212e-02
1.030445055508575479e+03	2.736967551420970701e-01	1.761044389706203916e-01	2.357972156302798328e-01	1.454920821500504391e-01	6.908192676518784547e-02	2.735947967951710483e-02	7.246810166197166503e-02
1.035282825722230655e+03	2.728811967953332362e-01	1.755501374953618021e-01	2.363293346889236701e-01	1.458518879012852543e-01	6.924091259217084182e-02	2.745385899880812414e-02	7.269267152784140984e-02
1.040120595935886058e+03	2.720703771000597682e-01	1.749989974465643583e-01	2.368580444211324798e-01	1.462096482315913271e-01	6.939902690759003345e-02	2.754795811842137079e-02	7.291594777436496977e-02
1.044958366149541234e+03	2.712642680947243146e-01	1.744510008034608206e-01	2.373833751018554761e-01	1.465653732218785699e-01	6.955627062476978095e-02	2.764177398837554950e-02	7.313793816465979925e-02
1.049796136363196410e+03	2.704628419937061268e-01	1.739061296453414673e-01	2.379053564770192697e-01	1.469190729774904336e-01	6.971264485955298851e-02	2.773530366834163832e-02	7.335865037827235535e-02
1.054633906576851814e+03	2.696660711859178994e-01	1.733643661511339029e-01	2.384240177794690607e-01	1.472707576236140237e-01	6.986815092012249595e-02	2.782854432489098931e-02	7.357809201457593540e-02
1.059471676790506763e+03	2.688739282334270397e-01	1.728256925989773152e-01	2.389393877443238279e-01	1.476204373009713244e-01	7.002279029725141934e-02	2.792149322881795626e-02	7.379627059595539329e-02
1.064309447004162394e+03	2.680863858700965885e-01	1.722900913657912925e-01	2.394514946237687181e-01	1.479681221617747400e-01	7.017656465496546758e-02	2.801414775253473557e-02	7.401319357079261252e-02
1.069147217217817570e+03	2.673034170002447918e-01	1.717575449268398946e-01	2.399603662013068128e-01	1.483138223659313248e-01	7.032947582160019306e-02	2.810650536753615120e-02	7.422886831626489268e-02
1.073984987431472746e+03	2.665249946973224926e-01	1.712280358552913384e-01	2.404660298054908385e-01	1.486575480774813274e-01	7.048152578123725864e-02	2.819856364193222206e-02	7.444330214096858689e-02
1.078822757645127922e+03	2.657510922026086742e-01	1.707015468217735477e-01	2.409685123231553316e-01	1.489993094612569180e-01	7.063271666550439976e-02	2.829032023804639584e-02	7.465650228737878702e-02
1.083660527858783553e+03	2.649816829239232674e-01	1.701780605939264834e-01	2.414678402121686607e-01	1.493391166797485570e-01	7.078305074572405209e-02	2.838177291007743311e-02	7.486847593415557611e-02
1.088498298072438729e+03	2.642167404343568893e-01	1.696575600359509495e-01	2.419640395137232503e-01	1.496769798901663173e-01	7.093253042539685027e-02	2.847291950182296791e-02	7.507923019830677058e-02
1.093336068286093905e+03	2.634562384710168459e-01	1.691400281081546775e-01	2.424571358641822161e-01	1.500129092416853382e-01	7.108115823300602265e-02	2.856375794446287461e-02	7.528877213721597850e-02
1.098173838499749309e+03	2.627001509337893448e-01	1.686254478664957202e-01	2.429471545064995075e-01	1.503469148728638904e-01	7.122893681512976194e-02	2.865428625440062660e-02	7.549710875054495285e-02
1.103011608713404712e+03	2.619484518841175835e-01	1.681138024621239846e-01	2.434341203012298505e-01	1.506790069092245055e-01	7.137586892984901232e-02	2.874450253116084264e-02	7.570424698201805302e-02
1.107849378927059888e+03	2.612011155437942711e-01	1.676050751409202677e-01	2.439180577371444780e-01	1.510091954609882603e-01	7.152195744043875203e-02	2.883440495534136602e-02	7.591019372109636398e-02
1.112687149140715292e+03	2.604581162937705252e-01	1.670992492430339593e-01	2.443989909414680528e-01	1.513374906209533910e-01	7.166720530933091970e-02	2.892399178661822848e-02	7.611495580454867571e-02
1.117524919354370468e+03	2.597194286729778701e-01	1.665963082024192465e-01	2.448769436897508256e-01	1.516639024625096865e-01	7.181161559233825709e-02	2.901326136180189599e-02	7.631854001792591491e-02
1.122362689568025871e+03	2.589850273771654998e-01	1.660962355463701245e-01	2.453519394153906574e-01	1.519884410377808914e-01	7.195519143312809063e-02	2.910221209294329425e-02	7.652095309694513514e-02
1.127200459781681047e+03	2.582548872577506427e-01	1.655990148950543250e-01	2.458240012188181445e-01	1.523111163758872622e-01	7.209793605793607396e-02	2.919084246548808714e-02	7.672220172878906064e-02
1.132038229995336451e+03	2.575289833206835799e-01	1.651046299610465229e-01	2.462931518763574468e-01	1.526319384813216162e-01	7.223985277050998244e-02	2.927915103647785872e-02	7.692229255332654059e-02
1.136876000208991627e+03	2.568072907253247106e-01	1.646130645488609601e-01	2.467594138487760325e-01	1.529509173324320459e-01	7.238094494727408124e-02	2.936713643279675184e-02	7.712123216425899319e-02
1.141713770422646803e+03	2.560897847833353835e-01	1.641243025544836809e-01	2.472228092895342733e-01	1.532680628800050238e-01	7.252121603270521299e-02	2.945479734946223824e-02	7.731902711019782160e-02
1.146551540636302207e+03	2.553764409575812189e-01	1.636383279649045175e-01	2.476833600527472423e-01	1.535833850459431271e-01	7.266066953491175096e-02	2.954213254795878818e-02	7.751568389567697892e-02
1.151389310849957155e+03	2.546672348610478087e-01	1.631551248576491309e-01	2.481410877008691784e-01	1.538968937220318856e-01	7.279930902140718807e-02	2.962914085461314240e-02	7.771120898210526207e-02
1.156227081063612786e+03	2.539621422557687414e-01	1.626746774003107743e-01	2.485960135121113856e-01	1.542085987687904225e-01	7.293713811507035460e-02	2.971582115900996135e-02	7.790560878866187311e-02
1.161064851277267962e+03	2.532611390517651717e-01	1.621969698500827506e-01	2.490481584876038101e-01	1.545185100144009227e-01	7.307416049028463145e-02	2.980217241244679377e-02	7.809888969313937002e-02
1.165902621490923138e+03	2.525642013059973823e-01	1.617219865532908418e-01	2.494975433583098423e-01	1.548266372537125679e-01	7.321037986924866514e-02	2.988819362642710850e-02	7.829105803273700426e-02
1.170740391704578315e+03	2.518713052213273906e-01	1.612497119449264604e-01	2.499441885917036421e-01	1.551329902473155276e-01	7.334580001845177055e-02	2.997388387119040778e-02	7.848212010480817846e-02
1.175578161918233945e+03	2.511824271454929924e-01	1.607801305481802723e-01	2.503881143982196189e-01	1.554375787206806747e-01	7.348042474530698531e-02	3.005924227427832565e-02	7.867208216756446659e-02
1.180415932131889122e+03	2.504975435700926290e-01	1.603132269739764582e-01	2.508293407374819206e-01	1.557404123633615578e-01	7.361425789493541982e-02	3.014426801913567405e-02	7.886095044073970772e-02
1.185253702345544298e+03	2.498166311295808295e-01	1.598489859205079189e-01	2.512678873243226474e-01	1.560415008282546034e-01	7.374730334709563018e-02	3.022896034374551733e-02	7.904873110621619958e-02
1.190091472559199701e+03	2.491396666002743954e-01	1.593873921727723963e-01	2.517037736345966725e-01	1.563408537309146640e-01	7.387956501325203262e-02	3.031331853929726192e-02	7.923543030861589231e-02
1.194929242772855105e+03	2.484666268993687421e-01	1.589284306021093440e-01	2.521370189108011473e-01	1.566384806489219128e-01	7.401104683377651705e-02	3.039734194888687666e-02	7.942105415585880290e-02
1.199767012986510281e+03	2.477974890839640953e-01	1.584720861657381852e-01	2.525676421675060457e-01	1.569343911212980891e-01	7.414175277527787489e-02	3.048102996624834152e-02	7.960560871969063479e-02
1.204604783200165684e+03	2.471322303501019835e-01	1.580183439062973760e-01	2.529956621966042429e-01	1.572285946479683449e-01	7.427168682805378175e-02	3.056438203451546445e-02	7.978910003618200353e-02
1.209442553413820860e+03	2.464708280318111122e-01	1.575671889513850232e-01	2.534210975723865666e-01	1.575211006892664189e-01	7.440085300365996412e-02	3.064739764501324404e-02	7.997153410620085057e-02
1.214280323627476264e+03	2.458132596001628700e-01	1.571186065131005005e-01	2.538439666564492603e-01	1.578119186654805828e-01	7.452925533259199820e-02	3.073007633607794178e-02	8.015291689586001578e-02
1.219118093841131440e+03	2.451595026623361040e-01	1.566725818875875920e-01	2.542642876024397980e-01	1.581010579564380569e-01	7.465689786207495293e-02	3.081241769190511473e-02	8.033325433694150919e-02
1.223955864054786844e+03	2.445095349606911661e-01	1.562291004545789119e-01	2.546820783606471572e-01	1.583885279011255365e-01	7.478378465395629782e-02	3.089442134142484503e-02	8.051255232729914724e-02
1.228793634268442020e+03	2.438633343718527580e-01	1.557881476769419626e-01	2.550973566824424887e-01	1.586743377973435509e-01	7.490991978269787022e-02	3.097608695720340671e-02	8.069081673124101073e-02
1.233631404482097196e+03	2.432208789058018517e-01	1.553497091002264685e-01	2.555101401245751247e-01	1.589584969013931870e-01	7.503530733346272519e-02	3.105741425437071393e-02	8.086805337989297349e-02
1.238469174695752372e+03	2.425821467049760483e-01	1.549137703522134590e-01	2.559204460533304748e-01	1.592410144277926765e-01	7.515995140029288479e-02	3.113840298957279776e-02	8.104426807154473111e-02
1.243306944909407548e+03	2.419471160433785129e-01	1.544803171424658783e-01	2.563282916485535301e-01	1.595218995490227110e-01	7.528385608437432319e-02	3.121905295994870447e-02	8.121946657197935682e-02
1.248144715123063179e+03	2.413157653256954305e-01	1.540493352618808043e-01	2.567336939075444691e-01	1.598011613952981802e-01	7.540702549238524621e-02	3.129936400213113173e-02	8.139365461478768882e-02
1.252982485336718355e+03	2.406880730864215112e-01	1.536208105822434167e-01	2.571366696488295300e-01	1.600788090543654452e-01	7.552946373492445964e-02	3.137933599127019912e-02	8.156683790166842363e-02
1.257820255550373531e+03	2.400640179889936554e-01	1.531947290557825747e-01	2.575372355158128124e-01	1.603548515713230926e-01	7.565117492501623186e-02	3.145896884007974570e-02	8.173902210271491442e-02
1.262658025764028707e+03	2.394435788249324459e-01	1.527710767147282267e-01	2.579354079803133915e-01	1.606292979484650330e-01	7.577216317668865331e-02	3.153826249790554759e-02	8.191021285668974306e-02
1.267495795977684338e+03	2.388267345129916064e-01	1.523498396708706237e-01	2.583312033459911894e-01	1.609021571451448029e-01	7.589243260362214805e-02	3.161721694981491082e-02	8.208041577128770416e-02
1.272333566191339514e+03	2.382134640983152585e-01	1.519310041151212820e-01	2.587246377516664864e-01	1.611734380776595199e-01	7.601198731786533436e-02	3.169583221570707737e-02	8.224963642338808945e-02
1.277171336404994690e+03	2.376037467516022017e-01	1.515145563170756382e-01	2.591157271745365143e-01	1.614431496191524040e-01	7.613083142861534758e-02	3.177410834944391360e-02	8.241788035929699385e-02
1.282009106618650094e+03	2.369975617682782698e-01	1.511004826245778143e-01	2.595044874332930740e-01	1.617113005995331476e-01	7.624896904105991913e-02	3.185204543800033983e-02	8.258515309498042078e-02
1.286846876832305497e+03	2.363948885676757372e-01	1.506887694632871588e-01	2.598909341911444515e-01	1.619778998054144104e-01	7.636640425527845000e-02	3.192964360063407780e-02	8.275146011628868592e-02
1.291684647045960673e+03	2.357957066922196920e-01	1.502794033362464809e-01	2.602750829587460735e-01	1.622429559800640797e-01	7.648314116519976114e-02	3.200690298807408463e-02	8.291680687917274417e-02
1.296522417259616077e+03	2.351999958066219309e-01	1.498723708234525609e-01	2.606569490970417347e-01	1.625064778233721308e-01	7.659918385761398107e-02	3.208382378172732613e-02	8.308119880989316142e-02
1.301360187473271253e+03	2.346077356970816541e-01	1.494676585814281866e-01	2.610365478200198930e-01	1.627684739918312806e-01	7.671453641123625322e-02	3.216040619290340408e-02	8.324464130522207794e-02
1.306197957686926657e+03	2.340189062704928213e-01	1.490652533427964666e-01	2.614138941973876418e-01	1.630289530985304103e-01	7.682920289582015339e-02	3.223665046205654444e-02	8.340713973263871872e-02
1.311035727900581833e+03	2.334334875536586418e-01	1.486651419158568632e-01	2.617890031571648568e-01	1.632879237131604211e-01	7.694318737131851382e-02	3.231255685804456518e-02	8.356869943051886684e-02
1.315873498114237009e+03	2.328514596925124469e-01	1.482673111841633085e-01	2.621618894882027373e-01	1.635453943620313044e-01	7.705649388708972480e-02	3.238812567740435161e-02	8.372932570831879973e-02
1.320711268327892412e+03	2.322728029513453640e-01	1.478717481061042061e-01	2.625325678426276288e-01	1.638013735281002581e-01	7.716912648114762630e-02	3.246335724364353414e-02	8.388902384675400725e-02
1.325549038541547588e+03	2.316974977120402901e-01	1.474784397144845716e-01	2.629010527382142914e-01	1.640558696510096004e-01	7.728108917945288037e-02	3.253825190654778543e-02	8.404779909797310822e-02
1.330386808755202765e+03	2.311255244733123049e-01	1.470873731161098652e-01	2.632673585606906119e-01	1.643088911271345376e-01	7.739238599524425610e-02	3.261281004150359819e-02	8.420565668572731199e-02
1.335224578968857941e+03	2.305568638499554401e-01	1.466985354913722672e-01	2.636314995659755911e-01	1.645604463096397019e-01	7.750302092840796742e-02	3.268703204883594005e-02	8.436260180553560584e-02
1.340062349182513572e+03	2.299914965720955273e-01	1.463119140938384799e-01	2.639934898823542153e-01	1.648105435085440995e-01	7.761299796488338454e-02	3.276091835316057022e-02	8.451863962484626458e-02
1.344900119396168748e+03	2.294294034844492347e-01	1.459274962498398609e-01	2.643533435125904885e-01	1.650591909907940802e-01	7.772232107610366203e-02	3.283446940275060871e-02	8.467377528319459945e-02
1.349737889609823924e+03	2.288705655455892662e-01	1.455452693580643886e-01	2.647110743359811225e-01	1.653063969803436062e-01	7.783099421846965960e-02	3.290768566891705271e-02	8.482801389235745948e-02
1.354575659823479100e+03	2.283149638272152226e-01	1.451652208891508200e-01	2.650666961103518848e-01	1.655521696582415991e-01	7.793902133285561529e-02	3.298056764540281682e-02	8.498136053650461041e-02
1.359413430037134731e+03	2.277625795134305409e-01	1.447873383852846529e-01	2.654202224739988236e-01	1.657965171627257539e-01	7.804640634414541922e-02	3.305311584779010298e-02	8.513382027234729643e-02
1.364251200250789907e+03	2.272133939000251512e-01	1.444116094597962252e-01	2.657716669475759796e-01	1.660394475893226529e-01	7.815315316079783636e-02	3.312533081292068360e-02	8.528539812928404018e-02
1.369088970464445310e+03	2.266673883937639633e-01	1.440380217967609511e-01	2.661210429359317509e-01	1.662809689909533761e-01	7.825926567443963755e-02	3.319721309832884132e-02	8.543609910954404196e-02
1.373926740678100487e+03	2.261245445116808472e-01	1.436665631506013063e-01	2.664683637298955188e-01	1.665210893780446899e-01	7.836474775948525096e-02	3.326876328168666686e-02	8.558592818832827520e-02
1.378764510891755890e+03	2.255848438803781386e-01	1.432972213456910060e-01	2.668136425080164242e-01	1.667598167186454261e-01	7.846960327278183767e-02	3.333998196026136812e-02	8.573489031394841697e-02
1.383602281105411066e+03	2.250482682353319164e-01	1.429299842759612083e-01	2.671568923382554583e-01	1.669971589385473298e-01	7.857383605327854237e-02	3.341086975038443790e-02	8.588299040796375239e-02
1.388440051319066470e+03	2.245147994202024155e-01	1.425648399045086334e-01	2.674981261796333665e-01	1.672331239214105147e-01	7.867744992171901708e-02	3.348142728693224990e-02	8.603023336531635812e-02
1.393277821532721646e+03	2.239844193861499355e-01	1.422017762632058757e-01	2.678373568838352536e-01	1.674677195088931647e-01	7.878044868035595505e-02	3.355165522281793739e-02	8.617662405446450957e-02
1.398115591746377049e+03	2.234571101911559110e-01	1.418407814523135191e-01	2.681745971967728903e-01	1.677009535007848440e-01	7.888283611268678830e-02	3.362155422849422148e-02	8.632216731751443661e-02
1.402953361960032225e+03	2.229328539993495617e-01	1.414818436400944179e-01	2.685098597601076054e-01	1.679328336551437761e-01	7.898461598320954957e-02	3.369112499146701550e-02	8.646686797035069150e-02
1.407791132173687402e+03	2.224116330803392050e-01	1.411249510624298931e-01	2.688431571127335995e-01	1.681633676884373430e-01	7.908579203719795503e-02	3.376036821581943764e-02	8.661073080276514291e-02
1.412628902387342805e+03	2.218934298085490087e-01	1.407700920224379815e-01	2.691745016922242884e-01	1.683925632756857749e-01	7.918636800049483337e-02	3.382928462174616263e-02	8.675376057858458223e-02
1.417466672600997981e+03	2.213782266625606843e-01	1.404172548900936568e-01	2.695039058362414530e-01	1.686204280506088393e-01	7.928634757932301325e-02	3.389787494509769600e-02	8.689596203579727507e-02
1.422304442814653157e+03	2.208660062244602595e-01	1.400664281018511592e-01	2.698313817839101403e-01	1.688469696057752212e-01	7.938573446011304435e-02	3.396613993693449463e-02	8.703733988667831933e-02
1.427142213028308333e+03	2.203567511791894862e-01	1.397176001602681017e-01	2.701569416771590904e-01	1.690721954927545678e-01	7.948453230934668379e-02	3.403408036309061441e-02	8.717789881791399020e-02
1.431979983241963964e+03	2.198504443139024933e-01	1.393707596336317411e-01	2.704805975620288017e-01	1.692961132222718657e-01	7.958274477341570341e-02	3.410169700374676011e-02	8.731764349072512754e-02
1.436817753455619140e+03	2.193470685173268819e-01	1.390258951555871647e-01	2.708023613899473436e-01	1.695187302643640093e-01	7.968037547849501911e-02	3.416899065301242516e-02	8.745657854098959350e-02
1.441655523669274316e+03	2.188466067791300096e-01	1.386829954247675023e-01	2.711222450189757494e-01	1.697400540485385079e-01	7.977742803042972564e-02	3.423596211851701737e-02	8.759470857936393906e-02
1.446493293882929493e+03	2.183490421892893552e-01	1.383420492044260264e-01	2.714402602150239319e-01	1.699600919639341068e-01	7.987390601463519035e-02	3.430261222100967206e-02	8.773203819140416859e-02
1.451331064096585123e+03	2.178543579374681849e-01	1.380030453220702225e-01	2.717564186530377346e-01	1.701788513594829633e-01	7.996981299600965098e-02	3.436894179396767640e-02	8.786857193768594920e-02
1.456168834310240300e+03	2.173625373123954374e-01	1.376659726690979968e-01	2.720707319181583372e-01	1.703963395440747097e-01	8.006515251885876205e-02	3.443495168321321354e-02	8.800431435392389035e-02
1.461006604523895703e+03	2.168735637012501605e-01	1.373308202004355216e-01	2.723832115068545723e-01	1.706125637867219325e-01	8.015992810683147951e-02	3.450064274653829449e-02	8.813926995109042095e-02
1.465844374737550879e+03	2.163874205890504998e-01	1.369975769341773564e-01	2.726938688280294287e-01	1.708275313167269827e-01	8.025414326286656186e-02	3.456601585333769072e-02	8.827344321553379225e-02
1.470682144951206283e+03	2.159040915580473508e-01	1.366662319512282620e-01	2.730027152041016314e-01	1.710412493238500087e-01	8.034780146914954901e-02	3.463107188424972144e-02	8.840683860909574754e-02
1.475519915164861459e+03	2.154235602871218958e-01	1.363367743949470690e-01	2.733097618720624622e-01	1.712537249584784038e-01	8.044090618707935847e-02	3.469581173080462516e-02	8.853946056922840091e-02
1.480357685378516862e+03	2.149458105511880546e-01	1.360091934707924610e-01	2.736150199845093778e-01	1.714649653317969202e-01	8.053346085724409631e-02	3.476023629508047386e-02	8.867131350911079679e-02
1.485195455592172038e+03	2.144708262205988480e-01	1.356834784459706456e-01	2.739185006106564790e-01	1.716749775159590596e-01	8.062546889940581940e-02	3.482434648936644228e-02	8.880240181776485886e-02
1.490033225805827215e+03	2.139985912605572305e-01	1.353596186490849673e-01	2.742202147373233312e-01	1.718837685442591301e-01	8.071693371249354099e-02	3.488814323583314114e-02	8.893272986017083936e-02
1.494870996019482618e+03	2.135290897305309743e-01	1.350376034697873540e-01	2.745201732699019126e-01	1.720913454113052188e-01	8.080785867460411886e-02	3.495162746621011118e-02	8.906230197738246313e-02
1.499708766233137567e+03	2.130623057836719958e-01	1.347174223584317598e-01	2.748183870333032464e-01	1.722977150731928309e-01	8.089824714301080411e-02	3.501480012147003412e-02	8.919112248664148868e-02
1.504546536446793198e+03	2.125982236662393166e-01	1.343990648257294973e-01	2.751148667728837149e-01	1.725028844476790557e-01	8.098810245417889520e-02	3.507766215151980616e-02	8.931919568149186694e-02
1.509384306660448374e+03	2.121368277170267991e-01	1.340825204424063166e-01	2.754096231553519458e-01	1.727068604143573716e-01	8.107742792378802577e-02	3.514021451489806463e-02	8.944652583189362238e-02
1.514222076874103550e+03	2.116781023667943240e-01	1.337677788388615119e-01	2.757026667696568234e-01	1.729096498148329220e-01	8.116622684676103039e-02	3.520245817847925118e-02	8.957311718433620673e-02
1.519059847087758726e+03	2.112220321377032139e-01	1.334548297048288035e-01	2.759940081278575708e-01	1.731112594528982085e-01	8.125450249729875007e-02	3.526439411718394062e-02	8.969897396195153361e-02
1.523897617301414357e+03	2.107686016427557374e-01	1.331436627890391633e-01	2.762836576659754573e-01	1.733116960947090612e-01	8.134225812892068030e-02	3.532602331369529003e-02	8.982410036462668002e-02
1.528735387515069533e+03	2.103177955852382486e-01	1.328342678988853331e-01	2.765716257448287974e-01	1.735109664689609421e-01	8.142949697451094815e-02	3.538734675818162173e-02	8.994850056911617153e-02
1.533573157728724709e+03	2.098695987581686018e-01	1.325266349000883970e-01	2.768579226508512403e-01	1.737090772670656091e-01	8.151622224636947966e-02	3.544836544802485584e-02	9.007217872915393442e-02
1.538410927942380113e+03	2.094239960437469239e-01	1.322207537163659352e-01	2.771425585968936289e-01	1.739060351433277807e-01	8.160243713626802453e-02	3.550908038755475754e-02	9.019513897556503956e-02
1.543248698156035516e+03	2.089809724128107449e-01	1.319166143291023163e-01	2.774255437230107035e-01	1.741018467151220217e-01	8.168814481551071871e-02	3.556949258778882572e-02	9.031738541637682194e-02
1.548086468369690692e+03	2.085405129242934863e-01	1.316142067770205148e-01	2.777068880972317078e-01	1.742965185630696301e-01	8.177334843499897699e-02	3.562960306617780210e-02	9.043892213692998616e-02
1.552924238583346096e+03	2.081026027246868082e-01	1.313135211558559556e-01	2.779866017163173941e-01	1.744900572312157727e-01	8.185805112530042393e-02	3.568941284635651634e-02	9.055975319998921247e-02
1.557762008797001272e+03	2.076672270475068138e-01	1.310145476180319124e-01	2.782646945065015420e-01	1.746824692272064272e-01	8.194225599672168292e-02	3.574892295790017133e-02	9.067988264585347125e-02
1.562599779010656675e+03	2.072343712127636961e-01	1.307172763723370712e-01	2.785411763242193750e-01	1.748737610224653793e-01	8.202596613938473169e-02	3.580813443608572150e-02	9.079931449246604613e-02
1.567437549224311852e+03	2.068040206264351588e-01	1.304216976836043984e-01	2.788160569568218783e-01	1.750639390523710814e-01	8.210918462330669965e-02	3.586704832165846929e-02	9.091805273552423794e-02
1.572275319437967255e+03	2.063761607799434183e-01	1.301278018723923680e-01	2.790893461232775707e-01	1.752530097164334832e-01	8.219191449848271824e-02	3.592566566060358818e-02	9.103610134858876324e-02
1.577113089651622431e+03	2.059507772496357858e-01	1.298355793146672710e-01	2.793610534748608432e-01	1.754409793784706406e-01	8.227415879497186613e-02	3.598398750392260009e-02	9.115346428319280603e-02
1.581950859865277607e+03	2.055278556962687742e-01	1.295450204414879403e-01	2.796311885958286947e-01	1.756278543667851855e-01	8.235592052298579269e-02	3.604201490741459901e-02	9.127014546895079183e-02
1.586788630078933011e+03	2.051073818644956470e-01	1.292561157386918347e-01	2.798997610040845907e-01	1.758136409743405737e-01	8.243720267298004778e-02	3.609974893146222774e-02	9.138614881366688425e-02
1.591626400292587959e+03	2.046893415823574369e-01	1.289688557465829277e-01	2.801667801518312739e-01	1.759983454589371665e-01	8.251800821574774292e-02	3.615719064082221351e-02	9.150147820344303740e-02
1.596464170506243590e+03	2.042737207607776273e-01	1.286832310596214557e-01	2.804322554262118072e-01	1.761819740433879233e-01	8.259834010251553005e-02	3.621434110442046939e-02	9.161613750278699286e-02
1.601301940719898766e+03	2.038605053930599431e-01	1.283992323261151924e-01	2.806961961499399028e-01	1.763645329156939001e-01	8.267820126504164813e-02	3.627120139515156022e-02	9.173013055471966604e-02
1.606139710933553943e+03	2.034496815543897219e-01	1.281168502479126947e-01	2.809586115819189267e-01	1.765460282292194427e-01	8.275759461571599584e-02	3.632777258968256789e-02	9.184346118088246302e-02
1.610977481147209119e+03	2.030412354013385601e-01	1.278360755800979631e-01	2.812195109178510788e-01	1.767264661028669637e-01	8.283652304766192520e-02	3.638405576826114068e-02	9.195613318164413963e-02
1.615815251360864750e+03	2.026351531713722343e-01	1.275568991306871847e-01	2.814789032908359134e-01	1.769058526212514693e-01	8.291498943483974204e-02	3.644005201452774068e-02	9.206815033620742439e-02
1.620653021574519926e+03	2.022314211823620922e-01	1.272793117603266688e-01	2.817367977719593131e-01	1.770841938348746425e-01	8.299299663215177481e-02	3.649576241533190879e-02	9.217951640271526692e-02
