6.627745192707737942e+02	3.519643155150287139e-01	2.291068581409489713e-01	1.815855588920720909e-01	1.115309617806620052e-01	5.549694109883331755e-02	1.969614703704711950e-02	5.061921753513244637e-02
6.676122894844290840e+02	3.506906605046811731e-01	2.282502893097982655e-01	1.825672495450090804e-01	1.120798246433008932e-01	5.565775935498657595e-02	1.979084051304549202e-02	5.096337612890323998e-02
6.724500596980843738e+02	3.494245685106354693e-01	2.273985823828503228e-01	1.835376454968678794e-01	1.126257524846336761e-01	5.582134467981707954e-02	1.988620589703165437e-02	5.130590054788861792e-02
6.772878299117396637e+02	3.481659891711589294e-01	2.265517109224481074e-01	1.844970373742927106e-01	1.131687539446884494e-01	5.598751394747593368e-02	1.998220904285537280e-02	5.164678559680518921e-02
6.821256001253949535e+02	3.469148726590800536e-01	2.257096485831950328e-01	1.854457047976942330e-01	1.137088379377721586e-01	5.615609239098936362e-02	2.007881693362945433e-02	5.198602669736439308e-02
6.869633703390502433e+02	3.456711696691025515e-01	2.248723691139173919e-01	1.863839168374406274e-01	1.142460136375600677e-01	5.632691323965164504e-02	2.017599764148055724e-02	5.232361986057195574e-02
6.918011405527055331e+02	3.444348314055870608e-01	2.240398463595099643e-01	1.873119324507637740e-01	1.147802904628310444e-01	5.649981737196519554e-02	2.027372028886884406e-02	5.265956166019887530e-02
6.966389107663608229e+02	3.432058095707824497e-01	2.232120542626707116e-01	1.882300009001999785e-01	1.153116780638212269e-01	5.667465298346371916e-02	2.037195501141221554e-02	5.299384920737442578e-02
7.014766809800161127e+02	3.419840563534868316e-01	2.223889668655287533e-01	1.891383621543498705e-01	1.158401863091697570e-01	5.685127526878244048e-02	2.047067292215346695e-02	5.332648012625366279e-02
7.063144511936714025e+02	3.407695244181214167e-01	2.215705583111706456e-01	1.900372472717091477e-01	1.163658252734314363e-01	5.702954611736678336e-02	2.056984607721135117e-02	5.365745253071403653e-02
7.111522214073266923e+02	3.395621668942004345e-01	2.207568028450695719e-01	1.909268787682893431e-01	1.168886052251322805e-01	5.720933382223671732e-02	2.066944744275897583e-02	5.398676500203749423e-02
7.159899916209819821e+02	3.383619373661803653e-01	2.199476748164214956e-01	1.918074709697175917e-01	1.174085366153447552e-01	5.739051280124880805e-02	2.076945086327536966e-02	5.431441656753650121e-02
7.208277618346371582e+02	3.371687898636729908e-01	2.191431486793924965e-01	1.926792303484743119e-01	1.179256300667607810e-01	5.757296333032199676e-02	2.086983103101826970e-02	5.464040668008401935e-02
7.256655320482924481e+02	3.359826788520078322e-01	2.183431989942815343e-01	1.935423558469009098e-01	1.184398963632412455e-01	5.775657128811573227e-02	2.097056345666838129e-02	5.496473519850923750e-02
7.305033022619478515e+02	3.348035592231292656e-01	2.175478004286016953e-01	1.943970391865811331e-01	1.189513464398217896e-01	5.794122791167099357e-02	2.107162444109746124e-02	5.528740236882249970e-02
7.353410724756030277e+02	3.336313862868147129e-01	2.167569277580844167e-01	1.952434651646757502e-01	1.194599913731554802e-01	5.812682956254558442e-02	2.117299104821454905e-02	5.560840880623434818e-02
7.401788426892584312e+02	3.324661157622009200e-01	2.159705558676096038e-01	1.960818119377635560e-01	1.199658423723739126e-01	5.831327750299516305e-02	2.127464107884656508e-02	5.592775547793514546e-02
7.450166129029136073e+02	3.313077037696058880e-01	2.151886597520648592e-01	1.969122512937203084e-01	1.204689107703488110e-01	5.850047768177053797e-02	2.137655304561133368e-02	5.624544368660317623e-02
7.498543831165690108e+02	3.301561068226341322e-01	2.144112145171376271e-01	1.977349489121426884e-01	1.209692080153371430e-01	5.868834052911999638e-02	2.147870614874288972e-02	5.656147505461047581e-02
7.546921533302243006e+02	3.290112818205540579e-01	2.136381953800425004e-01	1.985500646138041170e-01	1.214667456629935499e-01	5.887678076060332000e-02	2.158108025283050208e-02	5.687585150889686025e-02
7.595299235438793630e+02	3.278731860409364596e-01	2.128695776701872711e-01	1.993577525996078625e-01	1.219615353687344000e-01	5.906571718934043591e-02	2.168365586443453050e-02	5.718857526648402079e-02
7.643676937575347665e+02	3.267417771325428211e-01	2.121053368297800834e-01	2.001581616794829432e-01	1.224535888804385159e-01	5.925507254633420595e-02	2.178641411054378987e-02	5.749964882060263488e-02
7.692054639711900563e+02	3.256170131084548669e-01	2.113454484143804379e-01	2.009514354916502876e-01	1.229429180314703662e-01	5.944477330852194347e-02	2.188933671784044216e-02	5.780907492740666731e-02
7.740432341848452324e+02	3.244988523394340962e-01	2.105898880933967654e-01	2.017377127126671332e-01	1.234295347340118726e-01	5.963474953422514407e-02	2.199240599274003907e-02	5.811685659325001307e-02
7.788810043985006359e+02	3.233872535475024179e-01	2.098386316505328197e-01	2.025171272586415716e-01	1.239134509726898675e-01	5.982493470568094746e-02	2.209560480217549056e-02	5.842299706250190378e-02
7.837187746121558121e+02	3.222821757997361702e-01	2.090916549841853600e-01	2.032898084779911907e-01	1.243946787984865077e-01	6.001526557835238501e-02	2.219891655509519460e-02	5.872749980587816526e-02
7.885565448258112156e+02	3.211835785022631451e-01	2.083489341077951751e-01	2.040558813361049995e-01	1.248732303229207474e-01	6.020568203672740232e-02	2.230232518464667427e-02	5.903036850926681595e-02
7.933943150394665054e+02	3.200914213944556219e-01	2.076104451501538661e-01	2.048154665922518880e-01	1.253491177124892719e-01	6.039612695632903816e-02	2.240581513101837230e-02	5.933160706302692544e-02
7.982320852531219089e+02	3.190056645433114180e-01	2.068761643556681074e-01	2.055686809690643047e-01	1.258223531833558284e-01	6.058654607167094502e-02	2.250937132491327361e-02	5.963121955174102706e-02
8.030698554667769713e+02	3.179262683380155718e-01	2.061460680845836613e-01	2.063156373149122313e-01	1.262929489962786034e-01	6.077688784990382953e-02	2.261297917162921611e-02	5.992921024440180794e-02
8.079076256804323748e+02	3.168531934846747777e-01	2.054201328131707582e-01	2.070564447594684665e-01	1.267609174517651260e-01	6.096710336990925072e-02	2.271662453572171128e-02	6.022558358501485520e-02
8.127453958940876646e+02	3.157864010012184641e-01	2.046983351338729495e-01	2.077912088627543730e-01	1.272262708854454971e-01	6.115714620660759465e-02	2.282029372622620261e-02	6.052034418359993756e-02
8.175831661077428407e+02	3.147258522124596336e-01	2.039806517554206278e-01	2.085200317579417872e-01	1.276890216636543951e-01	6.134697232025700803e-02	2.292397348241748123e-02	6.081349680757407866e-02
8.224209363213982442e+02	3.136715087453093020e-01	2.032670595029115457e-01	2.092430122881761834e-01	1.281491821792130614e-01	6.153653995052959375e-02	2.302765096008509149e-02	6.110504637350024776e-02
8.272587065350534203e+02	3.126233325241379868e-01	2.025575353178592775e-01	2.099602461376741669e-01	1.286067648474025216e-01	6.172580951516033754e-02	2.313131371830426039e-02	6.139499793918646448e-02
8.320964767487085965e+02	3.115812857662789703e-01	2.018520562582115652e-01	2.106718259573378549e-01	1.290617821021204925e-01	6.191474351297290846e-02	2.323494970668288015e-02	6.168335669612038524e-02
8.369342469623640000e+02	3.105453309776677329e-01	2.011505994983396883e-01	2.113778414851181786e-01	1.295142463922134557e-01	6.210330643109487903e-02	2.333854725306571884e-02	6.197012796222540337e-02
8.417720171760191761e+02	3.095154309486117805e-01	2.004531423290006054e-01	2.120783796613500694e-01	1.299641701779770120e-01	6.229146465618290440e-02	2.344209505167798094e-02	6.225531717492469724e-02
8.466097873896745796e+02	3.084915487496864284e-01	1.997596621572725051e-01	2.127735247392716356e-01	1.304115659278171357e-01	6.247918638948610909e-02	2.354558215169092264e-02	6.253892988450027168e-02
8.514475576033297557e+02	3.074736477277509317e-01	1.990701365064661554e-01	2.134633583909318066e-01	1.308564461150653058e-01	6.266644156558315304e-02	2.364899794619303858e-02	6.282097174773466908e-02
8.562853278169851592e+02	3.064616915020808574e-01	1.983845430160118550e-01	2.141479598086811487e-01	1.312988232149413514e-01	6.285320177463560309e-02	2.375233216155097152e-02	6.310144852182333897e-02
8.611230980306403353e+02	3.054556439606119222e-01	1.977028594413244023e-01	2.148274058024331190e-01	1.317387097016573805e-01	6.303944018800688998e-02	2.385557484714494192e-02	6.338036605854650840e-02
8.659608682442956251e+02	3.044554692562910780e-01	1.970250636536463040e-01	2.155017708928745612e-01	1.321761180456570983e-01	6.322513148710255659e-02	2.395871636546415689e-02	6.365773029868941613e-02
8.707986384579510286e+02	3.034611318035304595e-01	1.963511336398709450e-01	2.161711274007965811e-01	1.326110607109844963e-01	6.341025179529372058e-02	2.406174738254821671e-02	6.393354726670073818e-02
8.756364086716062047e+02	3.024725962747607522e-01	1.956810475023461893e-01	2.168355455327100334e-01	1.330435501527764408e-01	6.359477861279159983e-02	2.416465885876110595e-02	6.420782306557898389e-02
8.804741788852616082e+02	3.014898275970797625e-01	1.950147834586597184e-01	2.174950934629027166e-01	1.334735988148740560e-01	6.377869075434637602e-02	2.426744203988492887e-02	6.448056387197749484e-02
8.853119490989170117e+02	3.005127909489925808e-01	1.943523198414067454e-01	2.181498374120887374e-01	1.339012191275476549e-01	6.396196828964947900e-02	2.437008844852110723e-02	6.475177593151876243e-02
8.901497193125721878e+02	2.995414517572398405e-01	1.936936350979414911e-01	2.187998417227936809e-01	1.343264235053305555e-01	6.414459248632307931e-02	2.447258987578712630e-02	6.502146555430932118e-02
8.949874895262273640e+02	2.985757756937112428e-01	1.930387077901126736e-01	2.194451689316138654e-01	1.347492243449569249e-01	6.432654575538601649e-02	2.457493837329757444e-02	6.528963911064680770e-02
8.998252597398827675e+02	2.976157286724402939e-01	1.923875165939842591e-01	2.200858798384816850e-01	1.351696340233994598e-01	6.450781159908965112e-02	2.467712624541856456e-02	6.555630302691117794e-02
9.046630299535379436e+02	2.966612768466779793e-01	1.917400402995419473e-01	2.207220335730631922e-01	1.355876648960024078e-01	6.468837456102211059e-02	2.477914604178509464e-02	6.582146378163233891e-02
9.095008001671932334e+02	2.957123866060417661e-01	1.910962578103865550e-01	2.213536876584091817e-01	1.360033292947060712e-01	6.486822017838346499e-02	2.488099055007133784e-02	6.608512790172683948e-02
9.143385703808486369e+02	2.947690245737372705e-01	1.904561481434142445e-01	2.219808980719757407e-01	1.364166395263587961e-01	6.504733493633851893e-02	2.498265278900426919e-02	6.634730195889641802e-02
9.191763405945038130e+02	2.938311576038507011e-01	1.898196904284852882e-01	2.226037193041250917e-01	1.368276078711127275e-01	6.522570622435822085e-02	2.508412600161140371e-02	6.660799256618185615e-02
9.240141108081592165e+02	2.928987527787080825e-01	1.891868639080812042e-01	2.232222044142130046e-01	1.372362465808996956e-01	6.540332229446402246e-02	2.518540364869380904e-02	6.686720637466553319e-02
9.288518810218145063e+02	2.919717774062996485e-01	1.885576479369512337e-01	2.238364050843647535e-01	1.376425678779839012e-01	6.558017222129358670e-02	2.528647940251588927e-02	6.712495007031636651e-02
9.336896512354697961e+02	2.910501990177672416e-01	1.879320219817485760e-01	2.244463716710367596e-01	1.380465839535881256e-01	6.575624586390947657e-02	2.538734714070380732e-02	6.738123037097137891e-02
9.385274214491247449e+02	2.901339853649514966e-01	1.873099656206574093e-01	2.250521532544574599e-01	1.384483069665903010e-01	6.593153382927600947e-02	2.548800094034473288e-02	6.763605402344800843e-02
9.433651916627801484e+02	2.892231044179973121e-01	1.866914585430105578e-01	2.256537976860366890e-01	1.388477490422871941e-01	6.610602743733240416e-02	2.558843507227941821e-02	6.788942780078184580e-02
9.482029618764355519e+02	2.883175243630156648e-01	1.860764805488986928e-01	2.262513516338290065e-01	1.392449222712228984e-01	6.627971868759376106e-02	2.568864399558088915e-02	6.814135849958455338e-02
9.530407320900908417e+02	2.874172135997988264e-01	1.854650115487717355e-01	2.268448606261331268e-01	1.396398387080788062e-01	6.645260022721387327e-02	2.578862235221234325e-02	6.839185293751673389e-02
9.578785023037459041e+02	2.865221407395882047e-01	1.848570315630326255e-01	2.274343690933055828e-01	1.400325103706226426e-01	6.662466532044739043e-02	2.588836496185765654e-02	6.864091795087132186e-02
9.627162725174014213e+02	2.856322746028920334e-01	1.842525207216240135e-01	2.280199204078640907e-01	1.404229492387141509e-01	6.679590781945067557e-02	2.598786681691804545e-02	6.888856039226251560e-02
9.675540427310568248e+02	2.847475842173511906e-01	1.836514592636082910e-01	2.286015569229522537e-01	1.408111672533647329e-01	6.696632213636399822e-02	2.608712307766887853e-02	6.913478712841616969e-02
9.723918129447120009e+02	2.838680388156527568e-01	1.830538275367415424e-01	2.291793200092346883e-01	1.411971763158489934e-01	6.713590321661981608e-02	2.618612906757067024e-02	6.937960503805715162e-02
9.772295831583674044e+02	2.829936078334870930e-01	1.824596059970414741e-01	2.297532500902883801e-01	1.415809882868657998e-01	6.730464651342428495e-02	2.628488026872870947e-02	6.962302100988984610e-02
9.820673533720223531e+02	2.821242609075501062e-01	1.818687752083500975e-01	2.303233866765534710e-01	1.419626149857466935e-01	6.747254796336156490e-02	2.638337231749584080e-02	6.986504194066776863e-02
9.869051235856777566e+02	2.812599678735857034e-01	1.812813158418912773e-01	2.308897683979042881e-01	1.423420681897099582e-01	6.763960396307239220e-02	2.648160100021320837e-02	7.010567473334865241e-02
9.917428937993331601e+02	2.804006987644702686e-01	1.806972086758233675e-01	2.314524330348976811e-01	1.427193596331578496e-01	6.780581134696075929e-02	2.657956224908403220e-02	7.034492629533151131e-02
9.965806640129884499e+02	2.795464238083352204e-01	1.801164345947877110e-01	2.320114175487552888e-01	1.430945010070154566e-01	6.797116736588416919e-02	2.667725213817555285e-02	7.058280353677208463e-02
1.001418434226643626e+03	2.786971134267277606e-01	1.795389745894529210e-01	2.325667581101318604e-01	1.434675039581095324e-01	6.813566966678523407e-02	2.677466687954456470e-02	7.081931336897356877e-02
1.006256204440298802e+03	2.778527382328084827e-01	1.789648097560553319e-01	2.331184901267210341e-01	1.438383800885850994e-01	6.829931627322392840e-02	2.687180281948212471e-02	7.105446270284949961e-02
1.011093974653954206e+03	2.770132690295830646e-01	1.783939212959361476e-01	2.336666482697470903e-01	1.442071409553587757e-01	6.846210556677148618e-02	2.696865643487319011e-02	7.128825844745570461e-02
1.015931744867609382e+03	2.761786768081694321e-01	1.778262905150751749e-01	2.342112664993894477e-01	1.445737980696067682e-01	6.862403626922902733e-02	2.706522432966705638e-02	7.152070750858849357e-02
1.020769515081264785e+03	2.753489327460969527e-01	1.772618988236216442e-01	2.347523780891844492e-01	1.449383628962862824e-01	6.878510742563496982e-02	2.716150323145474776e-02	7.175181678744639580e-02
1.025607285294920075e+03	2.745240082056377151e-01	1.767007277354223360e-01	2.352900156494472650e-01	1.453008468536887143e-01	6.894531838802729629e-02	2.725748998814952681e-02	7.198159317935265422e-02
1.030445055508575479e+03	2.737038747321685617e-01	1.761427588675473499e-01	2.358242111497548532e-01	1.456612613130234823e-01	6.910466879992813172e-02	2.735318156476693532e-02	7.221004357253614503e-02
1.035282825722230655e+03	2.728885040525630967e-01	1.755879739398135408e-01	2.363549959405293610e-01	1.460196175980311706e-01	6.926315858151917138e-02	2.744857504030086964e-02	7.243717484696816922e-02
1.040120595935886058e+03	2.720778680736124500e-01	1.750363547743059578e-01	2.368824007737592718e-01	1.463759269846242606e-01	6.942078791547828809e-02	2.754366760469234218e-02	7.266299387325288184e-02
1.044958366149541234e+03	2.712719388804735732e-01	1.744878832948973391e-01	2.374064558228944910e-01	1.467302007005548137e-01	6.957755723344853649e-02	2.763845655588773390e-02	7.288750751156899965e-02
1.049796136363196410e+03	2.704706887351449596e-01	1.739425415267662478e-01	2.379271907019499255e-01	1.470824499251076889e-01	6.973346720311227043e-02	2.773293929698342902e-02	7.311072261066085820e-02
1.054633906576851814e+03	2.696740900749686753e-01	1.734003115959137087e-01	2.384446344838501430e-01	1.474326857888181574e-01	6.988851871584414455e-02	2.782711333345385882e-02	7.333264600687663948e-02
1.059471676790506763e+03	2.688821155111570382e-01	1.728611757286785677e-01	2.389588157180471684e-01	1.477809193732128046e-01	7.004271287491789511e-02	2.792097627046009195e-02	7.355328452325181343e-02
1.064309447004162394e+03	2.680947378273441650e-01	1.723251162512517143e-01	2.394697624474415032e-01	1.481271617105728855e-01	7.019605098424286371e-02	2.801452581023624808e-02	7.377264496863600307e-02
1.069147217217817570e+03	2.673119299781616665e-01	1.717921155891895535e-01	2.399775022246352918e-01	1.484714237837189421e-01	7.034853453760732400e-02	2.810775974955106310e-02	7.399073413686142742e-02
1.073984987431472746e+03	2.665336650878370461e-01	1.712621562669267572e-01	2.404820621275455816e-01	1.488137165258160144e-01	7.050016520840665657e-02	2.820067597724205608e-02	7.420755880595118759e-02
1.078822757645127922e+03	2.657599164488140264e-01	1.707352209072881821e-01	2.409834687744041026e-01	1.491540508201981696e-01	7.065094483983513918e-02	2.829327247181992466e-02	7.442312573736578618e-02
1.083660527858783553e+03	2.649906575203953563e-01	1.702112922310007048e-01	2.414817483381690444e-01	1.494924375002117667e-01	7.080087543552149310e-02	2.838554729914068847e-02	7.463744167528622853e-02
1.088498298072438729e+03	2.642258619274062137e-01	1.696903530562044460e-01	2.419769265603734787e-01	1.498288873490766226e-01	7.094995915058863178e-02	2.847749861014345699e-02	7.485051334593235961e-02
1.093336068286093905e+03	2.634655034588778699e-01	1.691723862979640503e-01	2.424690287644335196e-01	1.501634110997641658e-01	7.109819828311932099e-02	2.856912463865155308e-02	7.506234745691475752e-02
1.098173838499749309e+03	2.627095560667513929e-01	1.686573749677796052e-01	2.429580798684385368e-01	1.504960194348918257e-01	7.124559526600998671e-02	2.866042369923489652e-02	7.527295069661893434e-02
1.103011608713404712e+03	2.619579938646005024e-01	1.681453021730980602e-01	2.434441043974452934e-01	1.508267229866332160e-01	7.139215265919587883e-02	2.875139418513170814e-02	7.548232973362048459e-02
1.107849378927059888e+03	2.612107911263730764e-01	1.676361511168243945e-01	2.439271264952960760e-01	1.511555323366428061e-01	7.153787314223135352e-02	2.884203456622750489e-02	7.569049121612993203e-02
1.112687149140715292e+03	2.604679222851506992e-01	1.671299050968333422e-01	2.444071699359806615e-01	1.514824580159952194e-01	7.168275950720970346e-02	2.893234338708955758e-02	7.589744177146598436e-02
1.117524919354370468e+03	2.597293619319260838e-01	1.666265475054813927e-01	2.448842581345609948e-01	1.518075105051377438e-01	7.182681465200786708e-02	2.902231926505502435e-02	7.610318800555605778e-02
1.122362689568025871e+03	2.589950848143972584e-01	1.661260618291194036e-01	2.453584141576767019e-01	1.521307002338560810e-01	7.197004157384183365e-02	2.911196088837100793e-02	7.630773650246291950e-02
1.127200459781681047e+03	2.582650658357786289e-01	1.656284316476055452e-01	2.458296607336484529e-01	1.524520375812522532e-01	7.211244336311901926e-02	2.920126701438485392e-02	7.651109382393646297e-02
1.132038229995336451e+03	2.575392800536283056e-01	1.651336406338192453e-01	2.462980202621959380e-01	1.527715328757344448e-01	7.225402319757476266e-02	2.929023646778313589e-02	7.671326650898942223e-02
1.136876000208991627e+03	2.568177026786909178e-01	1.646416725531754388e-01	2.467635148237863341e-01	1.530891963950180568e-01	7.239478433668053436e-02	2.937886813887771731e-02	7.691426107349616514e-02
1.141713770422646803e+03	2.561003090737561383e-01	1.641525112631402050e-01	2.472261661886283046e-01	1.534050383661376138e-01	7.253473011631181300e-02	2.946716098193745415e-02	7.711408400981362155e-02
1.146551540636302207e+03	2.553870747525314733e-01	1.636661407127467660e-01	2.476859958253261607e-01	1.537190689654688858e-01	7.267386394366442959e-02	2.955511401356405998e-02	7.731274178642330575e-02
1.151389310849957155e+03	2.546779753785304856e-01	1.631825449421128726e-01	2.481430249092081985e-01	1.540312983187607510e-01	7.281218929240837467e-02	2.964272631111078415e-02	7.751024084759361443e-02
1.156227081063612786e+03	2.539729867639742289e-01	1.627017080819589956e-01	2.485972743303424826e-01	1.543417365011764408e-01	7.294970969806870154e-02	2.972999701114252893e-02	7.770658761306174778e-02
1.161064851277267962e+03	2.532720848687071702e-01	1.622236143531277097e-01	2.490487647012527284e-01	1.546503935373437777e-01	7.308642875362346414e-02	2.981692530793618803e-02	7.790178847773406023e-02
1.165902621490923138e+03	2.525752457991262134e-01	1.617482480661042998e-01	2.494975163643470828e-01	1.549572794014137667e-01	7.322235010530932231e-02	2.990351045201987759e-02	7.809584981140456350e-02
1.170740391704578315e+03	2.518824458071228789e-01	1.612755936205383100e-01	2.499435493990707358e-01	1.552624040171274589e-01	7.335747744862548825e-02	2.998975174874994598e-02	7.828877795849029098e-02
1.175578161918233945e+03	2.511936612890384168e-01	1.608056355047669250e-01	2.503868836287941324e-01	1.555657772578903364e-01	7.349181452452742402e-02	3.007564855692457587e-02	7.848057923778334333e-02
1.180415932131889122e+03	2.505088687846308004e-01	1.603383582953391007e-01	2.508275386274477214e-01	1.558674089468542467e-01	7.362536511580179688e-02	3.016120028743285095e-02	7.867125994221858820e-02
1.185253702345544298e+03	2.498280449760548194e-01	1.598737466565414711e-01	2.512655337259129817e-01	1.561673088570062207e-01	7.375813304361486522e-02	3.024640640193826738e-02	7.886082633865647284e-02
1.190091472559199701e+03	2.491511666868530261e-01	1.594117853399255325e-01	2.517008880181801911e-01	1.564654867112639236e-01	7.389012216422648216e-02	3.033126641159559350e-02	7.904928466768035289e-02
1.194929242772855105e+03	2.484782108809590329e-01	1.589524591838363254e-01	2.521336203672818743e-01	1.567619521825776852e-01	7.402133636586244458e-02	3.041577987580013076e-02	7.923664114340765730e-02
1.199767012986510281e+03	2.478091546617116059e-01	1.584957531129426445e-01	2.525637494110115622e-01	1.570567148940382463e-01	7.415177956573822116e-02	3.049994640096842166e-02	7.942290195331445923e-02
1.204604783200165684e+03	2.471439752708801396e-01	1.580416521377687733e-01	2.529912935674362706e-01	1.573497844189905015e-01	7.428145570722730073e-02	3.058376563934939868e-02	7.960807325807270352e-02
1.209442553413820860e+03	2.464826500877007331e-01	1.575901413542279139e-01	2.534162710402110275e-01	1.576411702811526538e-01	7.441036875716780519e-02	3.066723728786517958e-02	7.979216119139975749e-02
1.214280323627476264e+03	2.458251566279228417e-01	1.571412059431570585e-01	2.538386998237033287e-01	1.579308819547404485e-01	7.453852270330116325e-02	3.075036108698059323e-02	7.997517185991964705e-02
1.219118093841131440e+03	2.451714725428662811e-01	1.566948311698537211e-01	2.542585977079355741e-01	1.582189288645964309e-01	7.466592155183697510e-02	3.083313681960058589e-02	8.015711134303551977e-02
1.223955864054786844e+03	2.445215756184882239e-01	1.562510023836142792e-01	2.546759822833523645e-01	1.585053203863240612e-01	7.479256932513853040e-02	3.091556430999473082e-02	8.033798569281286328e-02
1.228793634268442020e+03	2.438754437744602988e-01	1.558097050172740361e-01	2.550908709454199341e-01	1.587900658464259096e-01	7.491847005952353977e-02	3.099764342274807447e-02	8.051780093387320147e-02
1.233631404482097196e+03	2.432330550632549881e-01	1.553709245867490041e-01	2.555032808990647109e-01	1.590731745224463756e-01	7.504362780317494486e-02	3.107937406173753511e-02	8.069656306329746343e-02
1.238469174695752372e+03	2.425943876692417400e-01	1.549346466905795749e-01	2.559132291629563905e-01	1.593546556431183203e-01	7.516804661415688038e-02	3.116075616913312543e-02	8.087427805053901131e-02
1.243306944909407548e+03	2.419594199077921559e-01	1.545008570094758005e-01	2.563207325736434616e-01	1.596345183885134744e-01	7.529173055853109753e-02	3.124178972442334667e-02	8.105095183734570274e-02
1.248144715123063179e+03	2.413281302243943660e-01	1.540695413058647822e-01	2.567258077895454016e-01	1.599127718901964534e-01	7.541468370856940773e-02	3.132247474346402938e-02	8.122659033769065451e-02
1.252982485336718355e+03	2.407004971937762583e-01	1.536406854234395603e-01	2.571284712948080919e-01	1.601894252313822153e-01	7.553691014105767820e-02	3.140281127754997181e-02	8.140119943771130517e-02
1.257820255550373531e+03	2.400764995190373119e-01	1.532142752867101942e-01	2.575287394030279509e-01	1.604644874470967653e-01	7.565841393568746576e-02	3.148279941250875513e-02	8.157478499565663788e-02
1.262658025764028707e+03	2.394561160307890346e-01	1.527902969005564549e-01	2.579266282608497218e-01	1.607379675243406913e-01	7.577919917353112544e-02	3.156243926781614195e-02	8.174735284184191098e-02
1.267495795977684338e+03	2.388393256863036995e-01	1.523687363497827074e-01	2.583221538514426374e-01	1.610098744022559203e-01	7.589926993559686919e-02	3.164173099573239917e-02	8.191890877861082720e-02
1.272333566191339514e+03	2.382261075686713525e-01	1.519495797986742947e-01	2.587153319978608423e-01	1.612802169722948598e-01	7.601863030145994404e-02	3.172067478045906969e-02	8.208945858030462783e-02
1.277171336404994690e+03	2.376164408859646748e-01	1.515328134905563062e-01	2.591061783662912399e-01	1.615490040783923997e-01	7.613728434796666888e-02	3.179927083731554083e-02	8.225900799323812573e-02
1.282009106618650094e+03	2.370103049704119502e-01	1.511184237473540137e-01	2.594947084691942574e-01	1.618162445171399955e-01	7.625523614800784611e-02	3.187751941193495142e-02	8.242756273568195569e-02
1.286846876832305497e+03	2.364076792775776648e-01	1.507063969691552485e-01	2.598809376683410277e-01	1.620819470379624150e-01	7.637248976935855083e-02	3.195542077947886861e-02	8.259512849785119459e-02
1.291684647045960673e+03	2.358085433855506008e-01	1.502967196337750555e-01	2.602648811777517612e-01	1.623461203432962352e-01	7.648904927358127215e-02	3.203297524387026252e-02	8.276171094189978261e-02
1.296522417259616077e+03	2.352128769941395914e-01	1.498893782963218457e-01	2.606465540665385272e-01	1.626087730887706140e-01	7.660491871498931182e-02	3.211018313704428612e-02	8.292731570192073132e-02
1.301360187473271253e+03	2.346206599240765189e-01	1.494843595887659082e-01	2.610259712616564975e-01	1.628699138833898108e-01	7.672010213966805325e-02	3.218704481821638153e-02	8.309194838395164706e-02
1.306197957686926657e+03	2.340318721162263360e-01	1.490816502195098925e-01	2.614031475505672053e-01	1.631295512897175670e-01	7.683460358455102002e-02	3.226356067316724086e-02	8.325561456598555565e-02
1.311035727900581833e+03	2.334464936308043859e-01	1.486812369729610117e-01	2.617780975838170376e-01	1.633876938240629850e-01	7.694842707654862834e-02	3.233973111354424002e-02	8.341831979798659813e-02
1.315873498114237009e+03	2.328645046466006063e-01	1.482831067091054944e-01	2.621508358775344050e-01	1.636443499566680726e-01	7.706157663172688577e-02	3.241555657617887359e-02	8.358006960191054213e-02
1.320711268327892412e+03	2.322858854602104228e-01	1.478872463630851730e-01	2.625213768158488614e-01	1.638995281118967584e-01	7.717405625453394036e-02	3.249103752241977450e-02	8.374086947172995621e-02
1.325549038541547588e+03	2.317106164852726358e-01	1.474936429447757102e-01	2.628897346532349522e-01	1.641532366684249622e-01	7.728586993707213526e-02	3.256617443748092977e-02	8.390072487346353358e-02
1.330386808755202765e+03	2.311386782517136640e-01	1.471022835383672400e-01	2.632559235167835632e-01	1.644054839594323025e-01	7.739702165841357007e-02	3.264096782980470401e-02	8.405964124520978742e-02
1.335224578968857941e+03	2.305700514049982552e-01	1.467131553019467571e-01	2.636199574084041042e-01	1.646562782727946372e-01	7.750751538395708740e-02	3.271541823043930264e-02	8.421762399718459025e-02
1.340062349182513572e+03	2.300047167053869690e-01	1.463262454670826718e-01	2.639818502069595785e-01	1.649056278512777141e-01	7.761735506482476954e-02	3.278952619243031413e-02	8.437467851176268241e-02
1.344900119396168748e+03	2.294426550271993492e-01	1.459415413384113347e-01	2.643416156703373154e-01	1.651535408927320703e-01	7.772654463729604390e-02	3.286329229022590809e-02	8.453081014352266387e-02
1.349737889609823924e+03	2.288838473580838417e-01	1.455590302932258939e-01	2.646992674374577525e-01	1.654000255502883210e-01	7.783508802227781520e-02	3.293671711909546690e-02	8.468602421929564972e-02
1.354575659823479100e+03	2.283282747982935679e-01	1.451786997810665114e-01	2.650548190302239870e-01	1.656450899325536685e-01	7.794298912480868147e-02	3.300980129456124873e-02	8.484032603821707597e-02
1.359413430037134731e+03	2.277759185599680380e-01	1.448005373233134108e-01	2.654082838554137624e-01	1.658887421038089949e-01	7.805025183359586005e-02	3.308254545184272088e-02	8.499372087178193313e-02
1.364251200250789907e+03	2.272267599664208326e-01	1.444245305127815071e-01	2.657596752065164991e-01	1.661309900842066478e-01	7.815688002058310269e-02	3.315495024531332074e-02	8.514621396390280317e-02
1.369088970464445310e+03	2.266807804514333058e-01	1.440506670133171185e-01	2.661090062655169231e-01	1.663718418499687823e-01	7.826287754054828127e-02	3.322701634796933201e-02	8.529781053097097721e-02
1.373926740678100487e+03	2.261379615585536740e-01	1.436789345593967870e-01	2.664562901046280685e-01	1.666113053335863681e-01	7.836824823072906232e-02	3.329874445091054319e-02	8.544851576192026565e-02
1.378764510891755890e+03	2.255982849404020441e-01	1.433093209557282088e-01	2.668015396879747092e-01	1.668493884240183911e-01	7.847299591047551814e-02	3.337013526283243159e-02	8.559833481829351443e-02
1.383602281105411066e+03	2.250617323579807982e-01	1.429418140768530243e-01	2.671447678732297160e-01	1.670860989668918051e-01	7.857712438092825935e-02	3.344118950952957442e-02	8.574727283431161917e-02
1.388440051319066470e+03	2.245282856799907523e-01	1.425764018667518562e-01	2.674859874132046733e-01	1.673214447647016212e-01	7.868063742472083955e-02	3.351190793341005114e-02	8.589533491694498202e-02
1.393277821532721646e+03	2.239979268821524760e-01	1.422130723384511242e-01	2.678252109573966422e-01	1.675554335770113590e-01	7.878353880570543311e-02	3.358229129302053861e-02	8.604252614598725812e-02
1.398115591746377049e+03	2.234706380465330544e-01	1.418518135736321351e-01	2.681624510534922901e-01	1.677880731206537190e-01	7.888583226870042597e-02	3.365234036258185624e-02	8.618885157413133657e-02
1.402953361960032225e+03	2.229464013608781214e-01	1.414926137222420610e-01	2.684977201488319976e-01	1.680193710699314780e-01	7.898752153925905906e-02	3.372205593153473902e-02	8.633431622704730579e-02
1.407791132173687402e+03	2.224251991179491683e-01	1.411354610021070266e-01	2.688310305918339416e-01	1.682493350568186330e-01	7.908861032345790298e-02	3.379143880409556100e-02	8.647892510346259776e-02
1.412628902387342805e+03	2.219070137148658195e-01	1.407803436985471390e-01	2.691623946333804307e-01	1.684779726711613523e-01	7.918910230770442871e-02	3.386048979882178012e-02	8.662268317524385308e-02
1.417466672600997981e+03	2.213918276524532713e-01	1.404272501639935167e-01	2.694918244281684916e-01	1.687052914608793419e-01	7.928900115856249431e-02	3.392920974818691010e-02	8.676559538748072897e-02
1.422304442814653157e+03	2.208796235345948378e-01	1.400761688176075104e-01	2.698193320360243175e-01	1.689312989321670178e-01	7.938831052259495702e-02	3.399759949816476973e-02	8.690766665857134476e-02
1.427142213028308333e+03	2.203703840675891590e-01	1.397270881449017010e-01	2.701449294231844656e-01	1.691560025496946507e-01	7.948703402622264713e-02	3.406565990782278730e-02	8.704890188030939280e-02
1.431979983241963964e+03	2.198640920595126003e-01	1.393799966973630622e-01	2.704686284635438032e-01	1.693794097368096219e-01	7.958517527559870464e-02	3.413339184892420775e-02	8.718930591797285912e-02
1.436817753455619140e+03	2.193607304195861474e-01	1.390348830920780654e-01	2.707904409398725343e-01	1.696015278757373734e-01	7.968273785649770957e-02	3.420079620553892474e-02	8.732888361041407643e-02
1.441655523669274316e+03	2.188602821575472979e-01	1.386917360113597564e-01	2.711103785450026948e-01	1.698223643077823586e-01	7.977972533421863466e-02	3.426787387366275750e-02	8.746763977015135916e-02
1.446493293882929493e+03	2.183627303830266708e-01	1.383505442023768572e-01	2.714284528829845611e-01	1.700419263335287701e-01	7.987614125350113448e-02	3.433462576084505419e-02	8.760557918346187356e-02
1.451331064096585123e+03	2.178680583049289188e-01	1.380112964767848671e-01	2.717446754702156908e-01	1.702602212130411019e-01	7.997198913845424140e-02	3.440105278582433063e-02	8.774270661047574305e-02
1.456168834310240300e+03	2.173762492308185801e-01	1.376739817103591057e-01	2.720590577365422646e-01	1.704772561660645169e-01	8.006727249249717682e-02	3.446715587817181931e-02	8.787902678527145794e-02
1.461006604523895703e+03	2.168872865663103444e-01	1.373385888426296997e-01	2.723716110263338930e-01	1.706930383722248257e-01	8.016199479831120911e-02	3.453293597794274833e-02	8.801454441597224287e-02
1.465844374737550879e+03	2.164011538144637037e-01	1.370051068765185953e-01	2.726823465995329987e-01	1.709075749712282710e-01	8.025615951780246116e-02	3.459839403533517682e-02	8.814926418484370085e-02
1.470682144951206283e+03	2.159178345751821271e-01	1.366735248779786249e-01	2.729912756326799417e-01	1.711208730630611463e-01	8.034977009207458498e-02	3.466353101035622719e-02	8.828319074839229008e-02
1.475519915164861459e+03	2.154373125446166215e-01	1.363438319756341555e-01	2.732984092199138293e-01	1.713329397081886640e-01	8.044282994141127574e-02	3.472834787249546445e-02	8.841632873746488319e-02
1.480357685378516862e+03	2.149595715145735109e-01	1.360160173604241518e-01	2.736037583739509005e-01	1.715437819277539910e-01	8.053534246526770912e-02	3.479284560040544344e-02	8.854868275734915917e-02
1.485195455592172038e+03	2.144845953719266007e-01	1.356900702852468776e-01	2.739073340270403722e-01	1.717534067037765066e-01	8.062731104227063850e-02	3.485702518158906305e-02	8.868025738787482792e-02
1.490033225805827215e+03	2.140123680980334508e-01	1.353659800646066780e-01	2.742091470318990254e-01	1.719618209793497554e-01	8.071873903022655505e-02	3.492088761209375530e-02	8.881105718351568756e-02
1.494870996019482618e+03	2.135428737681559497e-01	1.350437360742625659e-01	2.745092081626250291e-01	1.721690316588390113e-01	8.080962976613763338e-02	3.498443389621221783e-02	8.894108667349244490e-02
1.499708766233137567e+03	2.130760965508850246e-01	1.347233277508787519e-01	2.748075281155918925e-01	1.723750456080784532e-01	8.089998656622483797e-02	3.504766504618965495e-02	8.907035036187617438e-02
1.504546536446793198e+03	2.126120207075692936e-01	1.344047445916771721e-01	2.751041175103227099e-01	1.725798696545677580e-01	8.098981272595795478e-02	3.511058208193731239e-02	8.919885272769247087e-02
1.509384306660448374e+03	2.121506305917479074e-01	1.340879761540919590e-01	2.753989868903461979e-01	1.727835105876682209e-01	8.107911152009197875e-02	3.517318603075220151e-02	8.932659822502624081e-02
1.514222076874103550e+03	2.116919106485873059e-01	1.337730120554254942e-01	2.756921467240338042e-01	1.729859751587984884e-01	8.116788620270970478e-02	3.523547792704289500e-02	8.945359128312700692e-02
1.519059847087758726e+03	2.112358454143220543e-01	1.334598419725067653e-01	2.759836074054203281e-01	1.731872700816295962e-01	8.125614000726999464e-02	3.529745881206125535e-02	8.957983630651475404e-02
1.523897617301414357e+03	2.107824195156994262e-01	1.331484556413513043e-01	2.762733792550067791e-01	1.733874020322795639e-01	8.134387614666145627e-02	3.535912973363990880e-02	8.970533767508631628e-02
1.528735387515069533e+03	2.103316176694280393e-01	1.328388428568231527e-01	2.765614725205471358e-01	1.735863776495075173e-01	8.143109781326124397e-02	3.542049174593543681e-02	8.983009974422216659e-02
1.533573157728724709e+03	2.098834246816303206e-01	1.325309934722986305e-01	2.768478973778191188e-01	1.737842035349072001e-01	8.151780817899859088e-02	3.548154590917714651e-02	8.995412684489366428e-02
1.538410927942380113e+03	2.094378254472984979e-01	1.322248973993320476e-01	2.771326639313797524e-01	1.739808862530997091e-01	8.160401039542286572e-02	3.554229328942119098e-02	9.007742328377060792e-02
1.543248698156035516e+03	2.089948049497547533e-01	1.319205446073230259e-01	2.774157822153057174e-01	1.741764323319259788e-01	8.168970759377580659e-02	3.560273495831008800e-02	9.019999334332927388e-02
1.548086468369690692e+03	2.085543482601148746e-01	1.316179251231859304e-01	2.776972621939196029e-01	1.743708482626383782e-01	8.177490288506772398e-02	3.566287199283742215e-02	9.032184128196062145e-02
1.552924238583346096e+03	2.081164405367556536e-01	1.313170290310211319e-01	2.779771137625017263e-01	1.745641405000919466e-01	8.185959936015746452e-02	3.572270547511764704e-02	9.044297133407898370e-02
1.557762008797001272e+03	2.076810670247858093e-01	1.310178464717877966e-01	2.782553467479889076e-01	1.747563154629346305e-01	8.194380008983567776e-02	3.578223649216086960e-02	9.056338771023075829e-02
1.562599779010656675e+03	2.072482130555208246e-01	1.307203676429788408e-01	2.785319709096597540e-01	1.749473795337973814e-01	8.202750812491146903e-02	3.584146613565256795e-02	9.068309459720361176e-02
1.567437549224311852e+03	2.068178640459610862e-01	1.304245827982975503e-01	2.788069959398070674e-01	1.751373390594831991e-01	8.211072649630195286e-02	3.590039550173801386e-02	9.080209615813561452e-02
1.572275319437967255e+03	2.063900054982736043e-01	1.301304822473359213e-01	2.790804314643983708e-01	1.753262003511556755e-01	8.219345821512466510e-02	3.595902569081148303e-02	9.092039653262479204e-02
1.577113089651622431e+03	2.059646229992775079e-01	1.298380563552548883e-01	2.793522870437239458e-01	1.755139696845268715e-01	8.227570627279257032e-02	3.601735780730998260e-02	9.103799983683870389e-02
1.581950859865277607e+03	2.055417022199326205e-01	1.295472955424663841e-01	2.796225721730336566e-01	1.757006533000445569e-01	8.235747364111155322e-02	3.607539295951150277e-02	9.115491016362414767e-02
1.586788630078933011e+03	2.051212289148319490e-01	1.292581902843170094e-01	2.798912962831621165e-01	1.758862574030786996e-01	8.243876327237997792e-02	3.613313225933768164e-02	9.127113158261702941e-02
1.591626400292587959e+03	2.047031889216971157e-01	1.289707311107737009e-01	2.801584687411427521e-01	1.760707881641072892e-01	8.251957809949052314e-02	3.619057682216075822e-02	9.138666814035228958e-02
1.596464170506243590e+03	2.042875681608774530e-01	1.286849086061109537e-01	2.804240988508120425e-01	1.762542517189014668e-01	8.259992103603383540e-02	3.624772776661477902e-02	9.150152386037387064e-02
1.601301940719898766e+03	2.038743526348525403e-01	1.284007134085998203e-01	2.806881958534024335e-01	1.764366541687100165e-01	8.267979497640388920e-02	3.630458621441093325e-02	9.161570274334476793e-02
1.606139710933553943e+03	2.034635284277377387e-01	1.281181362101988797e-01	2.809507689281257048e-01	1.766180015804429959e-01	8.275920279590504025e-02	3.636115329015691955e-02	9.172920876715706662e-02
1.610977481147209119e+03	2.030550817047933609e-01	1.278371677562465947e-01	2.812118271927466773e-01	1.767982999868548677e-01	8.283814735086056369e-02	3.641743012118030948e-02	9.184204588704197869e-02
1.615815251360864750e+03	2.026489987119369229e-01	1.275577988451556399e-01	2.814713797041469845e-01	1.769775553867266593e-01	8.291663147872245510e-02	3.647341783735580378e-02	9.195421803567992158e-02
1.620653021574519926e+03	2.022452657752586425e-01	1.272800203281088394e-01	2.817294354588799066e-01	1.771557737450476511e-01	8.299465799818248057e-02	3.652911757093629114e-02	9.206572912331049963e-02
1.625490791788175102e+03	2.018438693005401574e-01	1.270038231087569913e-01	2.819860033937165444e-01	1.773329609931961204e-01	8.307222970928437866e-02	3.658453045638766082e-02	9.217658303784248552e-02
