6.869633703390502433e+02	3.466251914960397640e-01	2.243168012886085916e-01	1.866160271789316927e-01	1.121631142730480785e-01	5.761846786265695242e-02	2.021886375750198486e-02	5.244153414292696685e-02
6.918011405527055331e+02	3.453792597237694828e-01	2.234883260486935641e-01	1.875953043321949565e-01	1.127341381098334455e-01	5.772232809635182565e-02	2.032830852104593883e-02	5.275233516782477927e-02
6.966389107663608229e+02	3.441407982288616219e-01	2.226645404781141813e-01	1.885595856813738480e-01	1.133012354542264899e-01	5.783260098917356040e-02	2.043789818355875448e-02	5.306334098440556452e-02
7.014766809800161127e+02	3.429097510356182155e-01	2.218454200634358553e-01	1.895094741466253896e-01	1.138644679060719228e-01	5.794884953730643912e-02	2.054760794355516354e-02	5.337442936710104502e-02
7.063144511936714025e+02	3.416860631827761674e-01	2.210309403098494330e-01	1.904455401895448763e-01	1.144238943239943573e-01	5.807066187947027697e-02	2.065741424350291122e-02	5.368548587057598437e-02
7.111522214073266923e+02	3.404696806790984964e-01	2.202210767475694941e-01	1.913683236352469175e-01	1.149795709821409551e-01	5.819764987523008692e-02	2.076729470374590047e-02	5.399640337668219769e-02
7.159899916209819821e+02	3.392605504613935841e-01	2.194158049378410746e-01	1.922783353915866467e-01	1.155315517178460011e-01	5.832944776354623273e-02	2.087722806009338627e-02	5.430708166740715742e-02
7.208277618346371582e+02	3.380586203548271995e-01	2.186151004785757412e-01	1.931760590713329506e-01	1.160798880707394204e-01	5.846571089703598428e-02	2.098719410486904469e-02	5.461742702233374908e-02
7.256655320482924481e+02	3.368638390353971834e-01	2.178189390096384181e-01	1.940619525227766373e-01	1.166246294137911199e-01	5.860611454767312295e-02	2.109717363122530498e-02	5.492735183921224063e-02
7.305033022619478515e+02	3.356761559944493878e-01	2.170272962178041165e-01	1.949364492739469601e-01	1.171658230767554792e-01	5.875035277989357901e-02	2.120714838053942494e-02	5.523677427632502079e-02
7.353410724756030277e+02	3.344955215051200192e-01	2.162401478414034406e-01	1.957999598953168996e-01	1.177035144624531682e-01	5.889813738730257514e-02	2.131710099271800704e-02	5.554561791539990023e-02
7.401788426892584312e+02	3.333218865905956951e-01	2.154574696746737184e-01	1.966528732856033246e-01	1.182377471563028082e-01	5.904919688939361949e-02	2.142701495924659999e-02	5.585381144389826857e-02
7.450166129029136073e+02	3.321552029940897932e-01	2.146792375718326873e-01	1.974955578850060567e-01	1.187685630294914030e-01	5.920327558489240499e-02	2.153687457883009942e-02	5.616128835557158278e-02
7.498543831165690108e+02	3.309954231504379507e-01	2.139054274508901954e-01	1.983283628199855597e-01	1.192960023361498978e-01	5.936013265852976145e-02	2.164666491547845989e-02	5.646798666824225099e-02
7.546921533302243006e+02	3.298425001592215078e-01	2.131360152972122113e-01	1.991516189834472983e-01	1.198201038048796602e-01	5.951954133822822540e-02	2.175637175890038702e-02	5.677384865782478945e-02
7.595299235438793630e+02	3.286963877593336303e-01	2.123709771668517154e-01	1.999656400539816248e-01	1.203409047249555247e-01	5.968128809985723260e-02	2.186598158707548506e-02	5.707882060765884225e-02
7.643676937575347665e+02	3.275570403049068990e-01	2.116102891896587679e-01	2.007707234576023292e-01	1.208584410275126003e-01	5.984517191687219878e-02	2.197548153088257558e-02	5.738285257227862535e-02
7.692054639711900563e+02	3.264244127425255937e-01	2.108539275721826034e-01	2.015671512752323924e-01	1.213727473620064556e-01	6.001100355230461203e-02	2.208485934066886300e-02	5.768589815479339272e-02
7.740432341848452324e+02	3.252984605896510617e-01	2.101018686003773284e-01	2.023551910990017688e-01	1.218838571682194089e-01	6.017860489071309715e-02	2.219410335465105480e-02	5.798791429710016543e-02
7.788810043985006359e+02	3.241791399141912833e-01	2.093540886421223213e-01	2.031350968402489132e-01	1.223918027440704381e-01	6.034780830784031852e-02	2.230320246904580334e-02	5.828886108219479001e-02
7.837187746121558121e+02	3.230664073151517379e-01	2.086105641495673013e-01	2.039071094919545635e-01	1.228966153094711439e-01	6.051845607584797893e-02	2.241214610983248770e-02	5.858870154788873436e-02
7.885565448258112156e+02	3.219602199043053448e-01	2.078712716613125844e-01	2.046714578481816371e-01	1.233983250664564130e-01	6.069039980212216634e-02	2.252092420605689843e-02	5.888740151127890704e-02
7.933943150394665054e+02	3.208605352888260764e-01	2.071361878044332971e-01	2.054283591829502709e-01	1.238969612558052796e-01	6.086349989975471664e-02	2.262952716458959887e-02	5.918492940335470104e-02
7.982320852531219089e+02	3.197673115548306799e-01	2.064052892963564034e-01	2.061780198908393369e-01	1.243925522103551395e-01	6.103762508791318181e-02	2.273794584625742771e-02	5.948125611316177480e-02
8.030698554667769713e+02	3.186805072517787663e-01	2.056785529465990081e-01	2.069206360914761511e-01	1.248851254052008586e-01	6.121265192041278752e-02	2.284617154327140548e-02	5.977635484097502949e-02
8.079076256804323748e+02	3.176000813776826415e-01	2.049559556583754882e-01	2.076563941999547414e-01	1.253747075049590765e-01	6.138846434089904186e-02	2.295419595787849890e-02	6.007020095996448705e-02
8.127453958940876646e+02	3.165259933650818591e-01	2.042374744300812506e-01	2.083854714651069973e-01	1.258613244082680271e-01	6.156495326313955740e-02	2.306201118216882548e-02	6.036277188586736814e-02
8.175831661077428407e+02	3.154582030677396953e-01	2.035230863566595549e-01	2.091080364774423606e-01	1.263450012896831232e-01	6.174201617500820610e-02	2.316960967897374254e-02	6.065404695420722331e-02
8.224209363213982442e+02	3.143966707480208567e-01	2.028127686308584254e-01	2.098242496484692410e-01	1.268257626391193493e-01	6.191955676482480131e-02	2.327698426379390048e-02	6.094400730462733173e-02
8.272587065350534203e+02	3.133413570649130619e-01	2.021064985443836171e-01	2.105342636630152253e-01	1.273036322989830049e-01	6.209748456878897566e-02	2.338412808769978896e-02	6.123263577193016616e-02
8.320964767487085965e+02	3.122922230626561935e-01	2.014042534889536884e-01	2.112382239060703049e-01	1.277786334991269923e-01	6.227571463831806098e-02	2.349103462115048960e-02	6.151991678343811387e-02
8.369342469623640000e+02	3.112492301599446565e-01	2.007060109572626205e-01	2.119362688655923588e-01	1.282507888897562176e-01	6.245416722616595889e-02	2.359769763867948511e-02	6.180583626231256344e-02
8.417720171760191761e+02	3.102123401396720825e-01	2.000117485438552001e-01	2.126285305126328073e-01	1.287201205724020636e-01	6.263276749026337742e-02	2.370411120439915378e-02	6.209038153648917258e-02
8.466097873896745796e+02	3.091815151391871797e-01	1.993214439459203291e-01	2.133151346600627996e-01	1.291866501290787894e-01	6.281144521427955985e-02	2.381026965827843025e-02	6.237354125290674178e-02
8.514475576033297557e+02	3.081567176410329734e-01	1.986350749640066471e-01	2.139962013011087738e-01	1.296503986497271332e-01	6.299013454396223954e-02	2.391616760315056975e-02	6.265530529672548588e-02
8.562853278169851592e+02	3.071379104641417945e-01	1.979526195026650726e-01	2.146718449288375907e-01	1.301113867580455385e-01	6.316877373836547738e-02	2.402179989241040592e-02	6.293566471524789097e-02
8.611230980306403353e+02	3.061250567554618662e-01	1.972740555710224830e-01	2.153421748376668221e-01	1.305696346358024285e-01	6.334730493512555349e-02	2.412716161836282736e-02	6.321461164627173446e-02
8.659608682442956251e+02	3.051181199819903989e-01	1.965993612832901694e-01	2.160072954079156615e-01	1.310251620457185406e-01	6.352567392899238774e-02	2.423224810118627948e-02	6.349213925062031916e-02
8.707986384579510286e+02	3.041170639231909889e-01	1.959285148592111725e-01	2.166673063743534411e-01	1.314779883530026727e-01	6.370382996286863553e-02	2.433705487847718021e-02	6.376824164860958599e-02
8.756364086716062047e+02	3.031218526637746713e-01	1.952614946244499994e-01	2.173223030796500865e-01	1.319281325456196641e-01	6.388172553065091241e-02	2.444157769534302874e-02	6.404291386022535615e-02
8.804741788852616082e+02	3.021324505868234755e-01	1.945982790109274385e-01	2.179723767135803569e-01	1.323756132533641938e-01	6.405931619120722176e-02	2.454581249501386342e-02	6.431615174879719288e-02
8.853119490989170117e+02	3.011488223672383890e-01	1.939388465571046938e-01	2.186176145387864478e-01	1.328204487658111166e-01	6.423656039286249064e-02	2.464975540994331776e-02	6.458795196796726645e-02
8.901497193125721878e+02	3.001709329654934644e-01	1.932831759082185019e-01	2.192581001038582111e-01	1.332626570492073115e-01	6.441341930779943825e-02	2.475340275337226809e-02	6.485831191176449906e-02
8.949874895262273640e+02	2.991987476216790842e-01	1.926312458164714247e-01	2.198939134444461152e-01	1.337022557623676056e-01	6.458985667581530754e-02	2.485675101132947193e-02	6.512722966760471632e-02
8.998252597398827675e+02	2.982322318498186187e-01	1.919830351411786207e-01	2.205251312730834579e-01	1.341392622716329475e-01	6.476583865690678510e-02	2.495979683504509494e-02	6.539470397204821817e-02
9.046630299535379436e+02	2.972713514324436535e-01	1.913385228488747036e-01	2.211518271583545470e-01	1.345736936649456206e-01	6.494133369218517415e-02	2.506253703375441524e-02	6.566073416915553518e-02
9.095008001671932334e+02	2.963160724154134118e-01	1.906976880133823826e-01	2.217740716940105328e-01	1.350055667650940372e-01	6.511631237265178007e-02	2.516496856787014264e-02	6.592532017129142108e-02
9.143385703808486369e+02	2.953663611029642144e-01	1.900605098158452133e-01	2.223919326586001333e-01	1.354348981421751030e-01	6.529074731539018239e-02	2.526708854250314662e-02	6.618846242223559717e-02
9.191763405945038130e+02	2.944221840529783196e-01	1.894269675447269874e-01	2.230054751661508516e-01	1.358617041253208924e-01	6.546461304675711690e-02	2.536889420131243147e-02	6.645016186246699430e-02
9.240141108081592165e+02	2.934835080724578216e-01	1.887970405957790365e-01	2.236147618084051991e-01	1.362860008137324330e-01	6.563788589217696423e-02	2.547038292066627560e-02	6.671041989649585668e-02
9.288518810218145063e+02	2.925503002131941144e-01	1.881707084719781709e-01	2.242198527890893467e-01	1.367078040870616240e-01	6.581054387216767054e-02	2.557155220409753488e-02	6.696923836212516357e-02
9.336896512354697961e+02	2.916225277676218197e-01	1.875479507834361126e-01	2.248208060506627637e-01	1.371271296151798380e-01	6.598256660424625664e-02	2.567239967703695280e-02	6.722661950152979127e-02
9.385274214491247449e+02	2.907001582648467419e-01	1.869287472472830614e-01	2.254176773939742529e-01	1.375439928673693468e-01	6.615393521038261115e-02	2.577292308180937144e-02	6.748256593404809711e-02
9.433651916627801484e+02	2.897831594668386912e-01	1.863130776875261962e-01	2.260105205912235626e-01	1.379584091209715702e-01	6.632463222968829064e-02	2.587312027287838948e-02	6.773708063058685169e-02
9.482029618764355519e+02	2.888714993647803486e-01	1.857009220348849465e-01	2.265993874926068852e-01	1.383703934695242888e-01	6.649464153604531247e-02	2.597298921232605792e-02	6.799016688954571952e-02
9.530407320900908417e+02	2.879651461755639019e-01	1.850922603266045574e-01	2.271843281270022885e-01	1.387799608304183252e-01	6.666394826039617749e-02	2.607252796555471763e-02	6.824182831417353878e-02
9.578785023037459041e+02	2.870640683384270142e-01	1.844870727062491444e-01	2.277653907970313973e-01	1.391871259521019477e-01	6.683253871743209673e-02	2.617173469719901238e-02	6.849206879127295311e-02
9.627162725174014213e+02	2.861682345117207427e-01	1.838853394234752914e-01	2.283426221688143742e-01	1.395919034208595866e-01	6.700040033643156479e-02	2.627060766723661803e-02	6.874089247117538826e-02
9.675540427310568248e+02	2.852776135698028015e-01	1.832870408337879120e-01	2.289160673567175452e-01	1.399943076671909536e-01	6.716752159601503680e-02	2.636914522728698446e-02	6.898830374891232187e-02
9.723918129447120009e+02	2.843921746000490081e-01	1.826921573982789870e-01	2.294857700033760273e-01	1.403943529718132965e-01	6.733389196259480236e-02	2.646734581708790751e-02	6.923430724651355450e-02
9.772295831583674044e+02	2.835118868999764175e-01	1.821006696833505634e-01	2.300517723552578664e-01	1.407920534713100469e-01	6.749950183231170908e-02	2.656520796114035174e-02	6.947890779636661795e-02
9.820673533720223531e+02	2.826367199744732606e-01	1.815125583604228487e-01	2.306141153340205974e-01	1.411874231634464294e-01	6.766434247626197662e-02	2.666273026551251729e-02	6.972211042557589777e-02
9.869051235856777566e+02	2.817666435331285246e-01	1.809278042056284841e-01	2.311728386038981453e-01	1.415804759121722378e-01	6.782840598882859673e-02	2.675991141479453633e-02	6.996392034126291959e-02
9.917428937993331601e+02	2.809016274876572905e-01	1.803463880994938540e-01	2.317279806353412519e-01	1.419712254523299855e-01	6.799168523894211225e-02	2.685675016919579147e-02	7.020434291675316241e-02
9.965806640129884499e+02	2.800416419494153319e-01	1.797682910266080736e-01	2.322795787651227295e-01	1.423596853940868323e-01	6.815417382410560165e-02	2.695324536177720609e-02	7.044338367859752370e-02
1.001418434226643626e+03	2.791866572270005342e-01	1.791934940752810401e-01	2.328276692531066339e-01	1.427458692271058593e-01	6.831586602702789668e-02	2.704939589581134909e-02	7.068104829437993342e-02
1.006256204440298802e+03	2.783366438239336937e-01	1.786219784371903818e-01	2.333722873358695937e-01	1.431297903244731218e-01	6.847675677471799782e-02	2.714520074226349500e-02	7.091734256126493163e-02
1.011093974653954206e+03	2.774915724364170888e-01	1.780537254070189979e-01	2.339134672773513224e-01	1.435114619463947472e-01	6.863684159990164624e-02	2.724065893738731800e-02	7.115227239524211933e-02
1.015931744867609382e+03	2.766514139511652703e-01	1.774887163820832170e-01	2.344512424167017051e-01	1.438908972436779288e-01	6.879611660462929545e-02	2.733576958042907915e-02	7.138584382102666770e-02
1.020769515081264785e+03	2.758161394433052971e-01	1.769269328619525183e-01	2.349856452134826412e-01	1.442681092610088589e-01	6.895457842595166531e-02	2.743053183143460971e-02	7.161806296257752780e-02
1.025607285294920075e+03	2.749857201743416968e-01	1.763683564480612309e-01	2.355167072903729675e-01	1.446431109400400372e-01	6.911222420354645735e-02	2.752494490915374445e-02	7.184893603419700847e-02
1.030445055508575479e+03	2.741601275901842660e-01	1.758129688433129056e-01	2.360444594735175705e-01	1.450159151222978615e-01	6.926905154918580609e-02	2.761900808903698656e-02	7.207846933217774976e-02
1.035282825722230655e+03	2.733393333192344343e-01	1.752607518516778040e-01	2.365689318306530564e-01	1.453865345519222696e-01	6.942505851794099347e-02	2.771272070131970688e-02	7.230666922696490917e-02
1.040120595935886058e+03	2.725233091705274724e-01	1.747116873777842250e-01	2.370901537071350984e-01	1.457549818782476470e-01	6.958024358102614382e-02	2.780608212918922462e-02	7.253354215580332109e-02
1.044958366149541234e+03	2.717120271319283242e-01	1.741657574265038921e-01	2.376081537599853688e-01	1.461212696582353809e-01	6.973460560018857057e-02	2.789909180703053701e-02	7.275909461584098570e-02
1.049796136363196410e+03	2.709054593683772327e-01	1.736229441025320119e-01	2.381229599900700489e-01	1.464854103587664991e-01	6.988814380355838629e-02	2.799174921874656927e-02	7.298333315766224183e-02
1.054633906576851814e+03	2.701035782201839375e-01	1.730832296099623913e-01	2.386345997725139167e-01	1.468474163588033565e-01	7.004085776287516385e-02	2.808405389614917688e-02	7.320626437922513052e-02
1.059471676790506763e+03	2.693063562013667256e-01	1.725465962518578089e-01	2.391430998854502943e-01	1.472072999514280889e-01	7.019274737201380843e-02	2.817600541741721587e-02	7.342789492017907926e-02
1.064309447004162394e+03	2.685137659980358360e-01	1.720130264298166400e-01	2.396484865371997508e-01	1.475650733457653241e-01	7.034381282673640712e-02	2.826760340561825999e-02	7.364823145654073033e-02
1.069147217217817570e+03	2.677257804668171648e-01	1.714825026435354005e-01	2.401507853919661040e-01	1.479207486687963424e-01	7.049405460560084768e-02	2.835884752729076266e-02	7.386728069570631938e-02
1.073984987431472746e+03	2.669423726333156610e-01	1.709550074903677386e-01	2.406500215941327070e-01	1.482743379670712902e-01	7.064347345196089756e-02	2.844973749108356195e-02	7.408504937178103655e-02
1.078822757645127922e+03	2.661635156906159705e-01	1.704305236648807065e-01	2.411462197912380701e-01	1.486258532083257755e-01	7.079207035699609796e-02	2.854027304644984886e-02	7.430154424120649637e-02
1.083660527858783553e+03	2.653891829978182737e-01	1.699090339584077847e-01	2.416394041557047290e-01	1.489753062830074248e-01	7.093984654371346399e-02	2.863045398239286166e-02	7.451677207866846953e-02
1.088498298072438729e+03	2.646193480786086516e-01	1.693905212585995468e-01	2.421295984053911943e-01	1.493227090057183126e-01	7.108680345186596528e-02	2.872028012626074225e-02	7.473073967326851474e-02
1.093336068286093905e+03	2.638539846198614813e-01	1.688749685489721597e-01	2.426168258230331498e-01	1.496680731165783151e-01	7.123294272373616176e-02	2.880975134258806358e-02	7.494345382494357888e-02
1.098173838499749309e+03	2.630930664702719746e-01	1.683623589084536909e-01	2.431011092746362956e-01	1.500114102825142182e-01	7.137826619073601997e-02	2.889886753198176589e-02	7.515492134111893818e-02
1.103011608713404712e+03	2.623365676390190249e-01	1.678526755109287227e-01	2.435824712268795100e-01	1.503527320984789084e-01	7.152277586077696037e-02	2.898762863004929538e-02	7.536514903358047801e-02
1.107849378927059888e+03	2.615844622944552555e-01	1.673459016247814679e-01	2.440609337635836762e-01	1.506920500886058112e-01	7.166647390636649018e-02	2.907603460636689133e-02	7.557414371555332133e-02
1.112687149140715292e+03	2.608367247628242680e-01	1.668420206124374139e-01	2.445365186012987135e-01	1.510293757073015997e-01	7.180936265339045443e-02	2.916408546348602665e-02	7.578191219897435771e-02
1.117524919354370468e+03	2.600933295270033141e-01	1.663410159299042734e-01	2.450092471040580255e-01	1.513647203402816444e-01	7.195144457054221399e-02	2.925178123597622915e-02	7.598846129194714027e-02
1.122362689568025871e+03	2.593542512252700605e-01	1.658428711263113253e-01	2.454791402973471037e-01	1.516980953055516723e-01	7.209272225936205758e-02	2.933912198950246880e-02	7.619379779636815953e-02
1.127200459781681047e+03	2.586194646500930561e-01	1.653475698434485885e-01	2.459462188813300310e-01	1.520295118543388280e-01	7.223319844485254215e-02	2.942610781993549446e-02	7.639792850571427985e-02
1.132038229995336451e+03	2.578889447469442930e-01	1.648550958153052470e-01	2.464105032433757669e-01	1.523589811719753828e-01	7.237287596663703748e-02	2.951273885249354120e-02	7.660086020298154108e-02
1.136876000208991627e+03	2.571626666131331396e-01	1.643654328676074916e-01	2.468720134699229074e-01	1.526865143787382029e-01	7.251175777063094408e-02	2.959901524091392358e-02	7.680259965876629069e-02
1.141713770422646803e+03	2.564406054966605897e-01	1.638785649173563341e-01	2.473307693577200261e-01	1.530121225306465271e-01	7.264984690119638544e-02	2.968493716665315807e-02	7.700315362947990350e-02
1.146551540636302207e+03	2.557227367950933861e-01	1.633944759723652274e-01	2.477867904244765718e-01	1.533358166202209161e-01	7.278714649375327139e-02	2.977050483811420969e-02	7.720252885568933132e-02
1.151389310849957155e+03	2.550090360544566281e-01	1.629131501307976015e-01	2.482400959189572098e-01	1.536576075772056460e-01	7.292365976782072545e-02	2.985571848989969010e-02	7.740073206057544730e-02
1.156227081063612786e+03	2.542994789681443102e-01	1.624345715807047064e-01	2.486907048305503631e-01	1.539775062692568808e-01	7.305939002046467345e-02	2.994057838208977543e-02	7.759776994850225984e-02
1.161064851277267962e+03	2.535940413758474010e-01	1.619587245995636748e-01	2.491386358983403992e-01	1.542955235025989247e-01	7.319434062012847297e-02	3.002508479954371645e-02	7.779364920369036263e-02
1.165902621490923138e+03	2.528926992624982439e-01	1.614855935538158094e-01	2.495839076197114981e-01	1.546116700226504992e-01	7.332851500082501750e-02	3.010923805122391397e-02	7.798837648898794550e-02
1.170740391704578315e+03	2.521954287572311104e-01	1.610151628984055339e-01	2.500265382585083462e-01	1.549259565146228756e-01	7.346191665666980397e-02	3.019303846954149786e-02	7.818195844473367628e-02
1.175578161918233945e+03	2.515022061323578528e-01	1.605474171763199842e-01	2.504665458527792765e-01	1.552383936040918344e-01	7.359454913673565968e-02	3.027648640972251115e-02	7.837440168770570814e-02
1.180415932131889122e+03	2.508130078023583232e-01	1.600823410181289874e-01	2.509039482221243067e-01	1.555489918575450325e-01	7.372641604021087924e-02	3.035958224919374157e-02	7.856571281015155284e-02
1.185253702345544298e+03	2.501278103228848360e-01	1.596199191415260954e-01	2.513387629746706153e-01	1.558577617829063622e-01	7.385752101184361873e-02	3.044232638698738877e-02	7.875589837889385159e-02
1.190091472559199701e+03	2.494465903897808146e-01	1.591601363508704237e-01	2.517710075136954107e-01	1.561647138300387150e-01	7.398786773765637925e-02	3.052471924316371710e-02	7.894496493450726959e-02
1.194929242772855105e+03	2.487693248381118993e-01	1.587029775367291284e-01	2.522006990439165097e-01	1.564698583912267627e-01	7.411745994091510636e-02	3.060676125825097238e-02	7.913291899056232315e-02
1.199767012986510281e+03	2.480959906412101013e-01	1.582484276754213548e-01	2.526278545774683915e-01	1.567732058016407803e-01	7.424630137833854171e-02	3.068845289270175428e-02	7.931976703293175390e-02
1.204604783200165684e+03	2.474265649097301678e-01	1.577964718285629619e-01	2.530524909395813205e-01	1.570747663397829563e-01	7.437439583653429609e-02	3.076979462636524054e-02	7.950551551915566173e-02
1.209442553413820860e+03	2.467610248907177450e-01	1.573470951426123587e-01	2.534746247739804725e-01	1.573745502279171316e-01	7.450174712864861271e-02	3.085078695797455542e-02	7.969017087786176012e-02
1.214280323627476264e+03	2.460993479666887807e-01	1.569002828484176992e-01	2.538942725480191065e-01	1.576725676324833292e-01	7.462835909121777467e-02	3.093143040464864726e-02	7.987373950823728475e-02
1.219118093841131440e+03	2.454415116547201958e-01	1.564560202607653272e-01	2.543114505575623241e-01	1.579688286644977402e-01	7.475423558120969370e-02	3.101172550140814804e-02	8.005622777954921054e-02
1.223955864054786844e+03	2.447874936055511597e-01	1.560142927779293587e-01	2.547261749316334645e-01	1.582633433799392753e-01	7.487938047324484148e-02	3.109167280070456590e-02	8.023764203070993251e-02
1.228793634268442020e+03	2.441372716026946332e-01	1.555750858812227633e-01	2.551384616368373992e-01	1.585561217801238487e-01	7.500379765698629575e-02	3.117127287196236676e-02	8.041798856988530142e-02
1.233631404482097196e+03	2.434908235615589611e-01	1.551383851345498333e-01	2.555483264815720523e-01	1.588471738120664500e-01	7.512749103468942258e-02	3.125052630113336893e-02	8.059727367414250276e-02
1.238469174695752372e+03	2.428481275285791219e-01	1.547041761839602070e-01	2.559557851200404688e-01	1.591365093688326959e-01	7.525046451890191057e-02	3.132943369026301716e-02	8.077550358913518358e-02
1.243306944909407548e+03	2.422091616803575265e-01	1.542724447572040580e-01	2.563608530560739784e-01	1.594241382898798909e-01	7.537272203030570550e-02	3.140799565706803298e-02	8.095268452882339871e-02
1.248144715123063179e+03	2.415739043228137817e-01	1.538431766632892272e-01	2.567635456467767807e-01	1.597100703613887063e-01	7.549426749569278228e-02	3.148621283452510133e-02	8.112882267522622537e-02
1.252982485336718355e+03	2.409423338903433631e-01	1.534163577920396593e-01	2.571638781060018863e-01	1.599943153165858389e-01	7.561510484606701055e-02	3.156408587047003500e-02	8.130392417820483941e-02
1.257820255550373531e+03	2.403144289449849480e-01	1.529919741136555322e-01	2.575618655076674646e-01	1.602768828360583986e-01	7.573523801486499452e-02	3.164161542720717035e-02	8.147799515527409664e-02
1.262658025764028707e+03	2.396901681755961577e-01	1.525700116782749693e-01	2.579575227889223665e-01	1.605577825480604681e-01	7.585467093628912860e-02	3.171880218112852617e-02	8.165104169144093982e-02
1.267495795977684338e+03	2.390695303970372665e-01	1.521504566155375271e-01	2.583508647531689295e-01	1.608370240288125863e-01	7.597340754374629079e-02	3.179564682234242712e-02	8.182306983906749431e-02
1.272333566191339514e+03	2.384524945493631809e-01	1.517332951341493208e-01	2.587419060729506115e-01	1.611146168027942360e-01	7.609145176838634506e-02	3.187215005431121712e-02	8.199408561775765880e-02
1.277171336404994690e+03	2.378390396970227749e-01	1.513185135214496491e-01	2.591306612927122832e-01	1.613905703430302541e-01	7.620880753773452698e-02	3.194831259349775049e-02	8.216409501426531758e-02
1.282009106618650094e+03	2.372291450280661074e-01	1.509060981429797277e-01	2.595171448314397833e-01	1.616648940713711624e-01	7.632547877441256401e-02	3.202413516902039708e-02	8.233310398242285610e-02
1.286846876832305497e+03	2.366227898533586060e-01	1.504960354420529778e-01	2.599013709851848430e-01	1.619375973587681705e-01	7.644146939494318727e-02	3.209961852231617285e-02	8.250111844308861964e-02
1.291684647045960673e+03	2.360199536058028569e-01	1.500883119393270904e-01	2.602833539294823195e-01	1.622086895255429317e-01	7.655678330863344150e-02	3.217476340681186403e-02	8.266814428411206617e-02
1.296522417259616077e+03	2.354206158395671378e-01	1.496829142323779782e-01	2.606631077216647885e-01	1.624781798416526646e-01	7.667142441653211626e-02	3.224957058760269391e-02	8.283418736031525342e-02
1.301360187473271253e+03	2.348247562293208079e-01	1.492798289952753932e-01	2.610406463030802704e-01	1.627460775269506943e-01	7.678539661045714892e-02	3.232404084113851134e-02	8.299925349348971637e-02
1.306197957686926657e+03	2.342323545694764420e-01	1.488790429781605695e-01	2.614159835012188626e-01	1.630123917514429976e-01	7.689870377208897489e-02	3.239817495491700144e-02	8.316334847240768047e-02
1.311035727900581833e+03	2.336433907734385695e-01	1.484805430068255605e-01	2.617891330317516085e-01	1.632771316355406122e-01	7.701134977212586996e-02	3.247197372718390457e-02	8.332647805284641718e-02
1.315873498114237009e+03	2.330578448728586882e-01	1.480843159822944621e-01	2.621601085004879872e-01	1.635403062503087701e-01	7.712333846949780136e-02	3.254543796663992433e-02	8.348864795762493685e-02
1.320711268327892412e+03	2.324756970168966042e-01	1.476903488804066356e-01	2.625289234052548548e-01	1.638019246177124522e-01	7.723467371063552633e-02	3.261856849215412357e-02	8.364986387665233891e-02
1.325549038541547588e+03	2.318969274714880735e-01	1.472986287514015391e-01	2.628955911377025001e-01	1.640619957108587768e-01	7.734535932879146869e-02	3.269136613248360690e-02	8.381013146698655658e-02
1.330386808755202765e+03	2.313215166186181337e-01	1.469091427195058086e-01	2.632601249850399228e-01	1.643205284542366695e-01	7.745539914340955623e-02	3.276383172599933724e-02	8.396945635290310739e-02
1.335224578968857941e+03	2.307494449556007077e-01	1.465218779825218920e-01	2.636225381317043315e-01	1.645775317239535906e-01	7.756479695954117404e-02	3.283596612041785046e-02	8.412784412597296146e-02
1.340062349182513572e+03	2.301806930943637031e-01	1.461368218114187933e-01	2.639828436609680806e-01	1.648330143479697085e-01	7.767355656730447200e-02	3.290777017253873615e-02	8.428530034514898628e-02
1.344900119396168748e+03	2.296152417607400242e-01	1.457539615499247321e-01	2.643410545564857106e-01	1.650869851063299087e-01	7.778168174138445912e-02	3.297924474798768352e-02	8.444183053686001028e-02
1.349737889609823924e+03	2.290530717937640792e-01	1.453732846141216062e-01	2.646971837037845887e-01	1.653394527313932771e-01	7.788917624057169198e-02	3.305039072096498109e-02	8.459744019511233892e-02
1.354575659823479100e+03	2.284941641449737271e-01	1.449947784920413985e-01	2.650512438917024260e-01	1.655904259080608065e-01	7.799604380733708708e-02	3.312120897399922076e-02	8.475213478159786262e-02
1.359413430037134731e+03	2.279384998777176929e-01	1.446184307432647476e-01	2.654032478137737239e-01	1.658399132740009108e-01	7.810228816744087255e-02	3.319170039770622666e-02	8.490591972580835423e-02
1.364251200250789907e+03	2.273860601664682846e-01	1.442442289985210180e-01	2.657532080695682031e-01	1.660879234198731624e-01	7.820791302957358360e-02	3.326186589055284831e-02	8.505880042515537309e-02
1.369088970464445310e+03	2.268368262961393544e-01	1.438721609592907569e-01	2.661011371659833813e-01	1.663344648895504485e-01	7.831292208502729779e-02	3.333170635862571507e-02	8.521078224509553989e-02
1.373926740678100487e+03	2.262907796614092859e-01	1.435022143974096220e-01	2.664470475184939069e-01	1.665795461803395161e-01	7.841731900739519479e-02	3.340122271540461873e-02	8.536187051926041880e-02
1.378764510891755890e+03	2.257479017660490306e-01	1.431343771546747801e-01	2.667909514523595371e-01	1.668231757431997697e-01	7.852110745229798350e-02	3.347041588154053143e-02	8.551207054959091003e-02
1.383602281105411066e+03	2.252081742222553917e-01	1.427686371424528589e-01	2.671328612037943140e-01	1.670653619829609582e-01	7.862429105713530930e-02	3.353928678463809904e-02	8.566138760647556971e-02
1.388440051319066470e+03	2.246715787499888872e-01	1.424049823412898430e-01	2.674727889210982701e-01	1.673061132585394739e-01	7.872687344086087835e-02	3.360783635904250610e-02	8.580982692889264907e-02
1.393277821532721646e+03	2.241380971763166086e-01	1.420434008005231619e-01	2.678107466657536628e-01	1.675454378831532087e-01	7.882885820377988351e-02	3.367606554563051802e-02	8.595739372455543648e-02
1.398115591746377049e+03	2.236077114347597983e-01	1.416838806378955262e-01	2.681467464134881240e-01	1.677833441245355495e-01	7.893024892736713594e-02	3.374397529160579057e-02	8.610409317006056940e-02
1.402953361960032225e+03	2.230804035646462014e-01	1.413264100391707356e-01	2.684808000553053353e-01	1.680198402051479578e-01	7.903104917410501418e-02	3.381156655029812080e-02	8.624993041103916347e-02
1.407791132173687402e+03	2.225561557104669130e-01	1.409709772577514286e-01	2.688129193984856724e-01	1.682549343023917454e-01	7.913126248733971801e-02	3.387884028096667388e-02	8.639491056231032862e-02
1.412628902387342805e+03	2.220349501212379451e-01	1.406175706142988313e-01	2.691431161675579831e-01	1.684886345488187387e-01	7.923089239115498061e-02	3.394579744860708875e-02	8.653903870803690557e-02
1.417466672600997981e+03	2.215167691498661773e-01	1.402661784963543379e-01	2.694714020052434433e-01	1.687209490323409444e-01	7.932994239026198990e-02	3.401243902376228229e-02	8.668231990188322855e-02
1.422304442814653157e+03	2.210015952525198613e-01	1.399167893579630340e-01	2.697977884733737675e-01	1.689518857964394938e-01	7.942841596990456166e-02	3.407876598233698651e-02	8.682475916717460884e-02
1.427142213028308333e+03	2.204894109880035369e-01	1.395693917192992739e-01	2.701222870537839382e-01	1.691814528403726980e-01	7.952631659577874546e-02	3.414477930541586631e-02	8.696636149705828933e-02
1.431979983241963964e+03	2.199801990171371402e-01	1.392239741662939789e-01	2.704449091491814006e-01	1.694096581193830497e-01	7.962364771396580887e-02	3.421047997908507193e-02	8.710713185466591180e-02
1.436817753455619140e+03	2.194739421021395798e-01	1.388805253502641557e-01	2.707656660839926621e-01	1.696365095449037519e-01	7.972041275087785039e-02	3.427586899425733719e-02	8.724707517327702500e-02
1.441655523669274316e+03	2.189706231060164765e-01	1.385390339875439691e-01	2.710845691051880224e-01	1.698620149847644700e-01	7.981661511321533342e-02	3.434094734650029040e-02	8.738619635648373074e-02
1.446493293882929493e+03	2.184702249919521777e-01	1.381994888591179804e-01	2.714016293830862625e-01	1.700861822633961129e-01	7.991225818793558366e-02	3.440571603586817240e-02	8.752450027835600999e-02
1.451331064096585123e+03	2.179727308227057403e-01	1.378618788102562442e-01	2.717168580121385735e-01	1.703090191620352245e-01	8.000734534223183370e-02	3.447017606673669771e-02	8.766199178360797872e-02
1.456168834310240300e+03	2.174781237600112160e-01	1.375261927501511827e-01	2.720302660116949434e-01	1.705305334189275435e-01	8.010187992352181541e-02	3.453432844764103143e-02	8.779867568776454634e-02
1.461006604523895703e+03	2.169863870639818226e-01	1.371924196515565963e-01	2.723418643267516703e-01	1.707507327295310073e-01	8.019586525944566446e-02	3.459817419111688858e-02	8.793455677732867071e-02
1.465844374737550879e+03	2.164975040925183614e-01	1.368605485504283681e-01	2.726516638286820005e-01	1.709696247467179242e-01	8.028930465787223469e-02	3.466171431354461707e-02	8.806963980994880759e-02
1.470682144951206283e+03	2.160114583007212430e-01	1.365305685455671658e-01	2.729596753159506117e-01	1.711872170809769500e-01	8.038220140691339222e-02	3.472494983499620907e-02	8.820392951458669306e-02
1.475519915164861459e+03	2.155282332403067880e-01	1.362024687982629489e-01	2.732659095148121664e-01	1.714035173006140667e-01	8.047455877494577581e-02	3.478788177908524043e-02	8.833743059168526479e-02
1.480357685378516862e+03	2.150478125590272738e-01	1.358762385319413901e-01	2.735703770799946533e-01	1.716185329319531716e-01	8.056638001063959331e-02	3.485051117281958571e-02	8.847014771333654160e-02
1.485195455592172038e+03	2.145701800000948678e-01	1.355518670318122953e-01	2.738730885953687966e-01	1.718322714595360567e-01	8.065766834299378796e-02	3.491283904645695046e-02	8.860208552344947530e-02
1.490033225805827215e+03	2.140953194016092243e-01	1.352293436445194952e-01	2.741740545746034763e-01	1.720447403263218877e-01	8.074842698137731090e-02	3.497486643336304712e-02	8.873324863791777484e-02
1.494870996019482618e+03	2.136232146959890776e-01	1.349086577777932616e-01	2.744732854618078810e-01	1.722559469338859894e-01	8.083865911557618078e-02	3.503659436987251879e-02	8.886364164478736949e-02
1.499708766233137567e+03	2.131538499094074168e-01	1.345897989001038353e-01	2.747707916321610599e-01	1.724658986426182983e-01	8.092836791584560874e-02	3.509802389515241650e-02	8.899326910442371952e-02
1.504546536446793198e+03	2.126872091612304339e-01	1.342727565403173673e-01	2.750665833925292070e-01	1.726746027719212040e-01	8.101755653296713322e-02	3.515915605106822300e-02	8.912213554967873819e-02
1.509384306660448374e+03	2.122232766634601642e-01	1.339575202873533877e-01	2.753606709820720089e-01	1.728820666004066975e-01	8.110622809831029290e-02	3.521999188205243714e-02	8.925024548605735297e-02
1.514222076874103550e+03	2.117620367201805964e-01	1.336440797898443000e-01	2.756530645728364481e-01	1.730882973660931856e-01	8.119438572389857389e-02	3.528053243497557279e-02	8.937760339188360881e-02
1.519059847087758726e+03	2.113034737270076957e-01	1.333324247557965414e-01	2.759437742703412799e-01	1.732933022666018064e-01	8.128203250247918732e-02	3.534077875901957960e-02	8.950421371846621621e-02
1.523897617301414357e+03	2.108475721705425909e-01	1.330225449522536574e-01	2.762328101141500736e-01	1.734970884593520501e-01	8.136917150759657991e-02	3.540073190555366456e-02	8.963008089026366920e-02
1.528735387515069533e+03	2.103943166278286758e-01	1.327144302049612090e-01	2.765201820784350395e-01	1.736996630617570203e-01	8.145580579366930307e-02	3.546039292801239640e-02	8.975520930504868322e-02
1.533573157728724709e+03	2.099436917658119572e-01	1.324080703980334006e-01	2.768059000725308638e-01	1.739010331514180829e-01	8.154193839606993510e-02	3.551976288177610686e-02	8.987960333407203628e-02
1.538410927942380113e+03	2.094956823408050117e-01	1.321034554736216504e-01	2.770899739414793284e-01	1.741012057663190726e-01	8.162757233120795930e-02	3.557884282405354703e-02	9.000326732222582726e-02
1.543248698156035516e+03	2.090502731979543838e-01	1.318005754315846878e-01	2.773724134665654928e-01	1.743001879050199154e-01	8.171271059661523728e-02	3.563763381376670869e-02	9.012620558820592931e-02
1.548086468369690692e+03	2.086074492707112593e-01	1.314994203291608987e-01	2.776532283658447176e-01	1.744979865268497521e-01	8.179735617103396639e-02	3.569613691143786599e-02	9.024842242467379094e-02
1.552924238583346096e+03	2.081671955803057472e-01	1.311999802806418924e-01	2.779324282946619151e-01	1.746946085520997005e-01	8.188151201450682981e-02	3.575435317907866423e-02	9.036992209841747392e-02
1.557762008797001272e+03	2.077294972352242974e-01	1.309022454570482608e-01	2.782100228461624192e-01	1.748900608622147856e-01	8.196518106846925611e-02	3.581228368008133184e-02	9.049070885051191393e-02
1.562599779010656675e+03	2.072943394306906439e-01	1.306062060858069196e-01	2.784860215517953042e-01	1.750843502999855916e-01	8.204836625584346899e-02	3.586992947911195329e-02	9.061078689647844575e-02
1.567437549224311852e+03	2.068617074481499118e-01	1.303118524504302267e-01	2.787604338818093774e-01	1.752774836697393313e-01	8.213107048113434117e-02	3.592729164200570563e-02	9.073016042644341250e-02
1.572275319437967255e+03	2.064315866547561107e-01	1.300191748901968758e-01	2.790332692457421770e-01	1.754694677375303880e-01	8.221329663052670544e-02	3.598437123566411433e-02	9.084883360529605323e-02
1.577113089651622431e+03	2.060039625028627364e-01	1.297281637998345394e-01	2.793045369929010868e-01	1.756603092313302750e-01	8.229504757198413678e-02	3.604116932795421030e-02	9.096681057284546068e-02
1.581950859865277607e+03	2.055788205295166760e-01	1.294388096292042045e-01	2.795742464128389004e-01	1.758500148412172059e-01	8.237632615534902503e-02	3.609768698760964373e-02	9.108409544397676194e-02
1.586788630078933011e+03	2.051561463559554710e-01	1.291511028829862850e-01	2.798424067358221135e-01	1.760385912195649438e-01	8.245713521244368849e-02	3.615392528413362283e-02	9.120069230880635536e-02
1.591626400292587959e+03	2.047359256871074396e-01	1.288650341203684269e-01	2.801090271332928872e-01	1.762260449812312058e-01	8.253747755717255608e-02	3.620988528770369835e-02	9.131660523283625930e-02
1.596464170506243590e+03	2.043181443110951845e-01	1.285805939547350341e-01	2.803741167183253502e-01	1.764123827037455683e-01	8.261735598562525151e-02	3.626556806907839381e-02	9.143183825710769763e-02
1.601301940719898766e+03	2.039027880987420716e-01	1.282977730533584326e-01	2.806376845460754055e-01	1.765976109274968175e-01	8.269677327618051021e-02	3.632097469950559820e-02	9.154639539835357498e-02
1.606139710933553943e+03	2.034898430030820382e-01	1.280165621370918105e-01	2.808997396142253744e-01	1.767817361559196054e-01	8.277573218961066515e-02	3.637610625063268655e-02	9.166028064915028584e-02
1.610977481147209119e+03	2.030792950588721779e-01	1.277369519800638231e-01	2.811602908634220910e-01	1.769647648556807451e-01	8.285423546918681270e-02	3.643096379441837507e-02	9.177349797806835796e-02
1.615815251360864750e+03	2.026711303821086274e-01	1.274589334093749471e-01	2.814193471777106659e-01	1.771467034568648402e-01	8.293228584078454757e-02	3.648554840304628344e-02	9.188605132982240187e-02
1.620653021574519926e+03	2.022653351695453128e-01	1.271824973047954166e-01	2.816769173849619778e-01	1.773275583531594146e-01	8.300988601299001679e-02	3.653986114884013453e-02	9.199794462541999174e-02
1.625490791788175102e+03	2.018618956982158597e-01	1.269076345984647691e-01	2.819330102572956687e-01	1.775073359020393760e-01	8.308703867720627911e-02	3.659390310418059178e-02	9.210918176230968590e-02
1.630328562001830505e+03	2.014607983249583067e-01	1.266343362745931955e-01	2.821876345114977536e-01	1.776860424249510073e-01	8.316374650776012234e-02	3.664767534142372718e-02	9.221976661452807589e-02
1.635166332215485909e+03	2.010620294859430113e-01	1.263625933691644443e-01	2.824407988094333466e-01	1.778636842074954316e-01	8.324001216200889453e-02	3.670117893282102972e-02	9.232970303284598890e-02
1.640004102429141085e+03	2.006655756962032466e-01	1.260923969696404190e-01	2.826925117584549452e-01	1.780402674996112988e-01	8.331583828044762663e-02	3.675441495044100282e-02	9.243899484491364948e-02
1.644841872642796488e+03	2.002714235491688810e-01	1.258237382146673022e-01	2.829427819118054965e-01	1.782157985157571123e-01	8.339122748681604413e-02	3.680738446609228831e-02	9.254764585540502242e-02
1.649679642856451665e+03	1.998795597162029702e-01	1.255566082937835948e-01	2.831916177690176895e-01	1.783902834350927780e-01	8.346618238820580071e-02	3.686008855124826844e-02	9.265565984616110085e-02
