6.918011405527055331e+02	3.457469021877631055e-01	2.232426463871723110e-01	1.875399954646692902e-01	1.123608917549364372e-01	5.788340265987633459e-02	2.048186148234144854e-02	5.274430006295105500e-02
6.966389107663608229e+02	3.445046627491850089e-01	2.224206958496486031e-01	1.885184712869656110e-01	1.129354243243697042e-01	5.798054926840667117e-02	2.058857989436463712e-02	5.305161662676982637e-02
7.014766809800161127e+02	3.432698765992962531e-01	2.216034063548262545e-01	1.894812576430794371e-01	1.135059308308755122e-01	5.808478205535172467e-02	2.069548552384897072e-02	5.335926099243195470e-02
7.063144511936714025e+02	3.420424874384979108e-01	2.207907533337147565e-01	1.904290243171397889e-01	1.140724755138976393e-01	5.819560365768195603e-02	2.080255173872786259e-02	5.366710400005020309e-02
7.111522214073266923e+02	3.408224400342772520e-01	2.199827122363710030e-01	1.913624033263844337e-01	1.146351197575888464e-01	5.831254658057029305e-02	2.090975328781600334e-02	5.397502477670224064e-02
7.159899916209819821e+02	3.396096801719551417e-01	2.191792585388090131e-01	1.922819911333097376e-01	1.151939222554514836e-01	5.843517143265396230e-02	2.101706622420101631e-02	5.428291024332976972e-02
7.208277618346371582e+02	3.384041546082467988e-01	2.183803677494603190e-01	1.931883507275885536e-01	1.157489391652575944e-01	5.856306526533404389e-02	2.112446783307265347e-02	5.459065465075015056e-02
7.256655320482924481e+02	3.372058110274720466e-01	2.175860154152116643e-01	1.940820135854294248e-01	1.163002242548226012e-01	5.869584000998154250e-02	2.123193656372914309e-02	5.489815914306363231e-02
7.305033022619478515e+02	3.360145980002583466e-01	2.167961771270448534e-01	1.949634815135981303e-01	1.168478290391725405e-01	5.883313100728006229e-02	2.133945196551562465e-02	5.520533134684053184e-02
7.353410724756030277e+02	3.348304649445905667e-01	2.160108285253025950e-01	1.958332283848965849e-01	1.173918029096130966e-01	5.897459562327529020e-02	2.144699462746403260e-02	5.551208498456786100e-02
7.401788426892584312e+02	3.336533620890709262e-01	2.152299453046023214e-01	1.966917017714945037e-01	1.179321932551787161e-01	5.911991194702139601e-02	2.155454612141742554e-02	5.581833951092469298e-02
7.450166129029136073e+02	3.324832404382577211e-01	2.144535032184191892e-01	1.975393244821318783e-01	1.184690455769115830e-01	5.926877756501539724e-02	2.166208894843438607e-02	5.612401977053978891e-02
7.498543831165690108e+02	3.313200517399624290e-01	2.136814780833576066e-01	1.983764960088555684e-01	1.190024035953941295e-01	5.942090840789438638e-02	2.176960648828131159e-02	5.642905567596444988e-02
7.546921533302243006e+02	3.301637484543898937e-01	2.129138457831298847e-01	1.992035938886199953e-01	1.195323093519335550e-01	5.957603766513660387e-02	2.187708295183164384e-02	5.673338190466829800e-02
7.595299235438793630e+02	3.290142837250131236e-01	2.121505822722597467e-01	2.000209749847675078e-01	1.200588033037730956e-01	5.973391476375881914e-02	2.198450333620168354e-02	5.703693761393589107e-02
7.643676937575347665e+02	3.278716113510820040e-01	2.113916635795265453e-01	2.008289766931088127e-01	1.205819244136830948e-01	5.989430440723828020e-02	2.209185338246281299e-02	5.733966617260830706e-02
7.692054639711900563e+02	3.267356857616696697e-01	2.106370658111661187e-01	2.016279180770449708e-01	1.211017102342637763e-01	6.005698567110998726e-02	2.219911953577920552e-02	5.764151490867613220e-02
7.740432341848452324e+02	3.256064619911663294e-01	2.098867651538424139e-01	2.024181009359119765e-01	1.216181969872721508e-01	6.022175115189910832e-02	2.230628890782908325e-02	5.794243487178871860e-02
7.788810043985006359e+02	3.244838956561367227e-01	2.091407378774039205e-01	2.031998108104810796e-01	1.221314196382670691e-01	6.038840616624512742e-02	2.241334924137594262e-02	5.824238060979990833e-02
7.837187746121558121e+02	3.233679429334602173e-01	2.083989603374374056e-01	2.039733179293173881e-01	1.226414119668490926e-01	6.055676799725972365e-02	2.252028887686390729e-02	5.854130995852208086e-02
7.885565448258112156e+02	3.222585605396796615e-01	2.076614089776312178e-01	2.047388780994806590e-01	1.231482066327552888e-01	6.072666518533451768e-02	2.262709672091897314e-02	5.883918384390950107e-02
7.933943150394665054e+02	3.211557057114876601e-01	2.069280603319597900e-01	2.054967335448470989e-01	1.236518352380541613e-01	6.089793686077897561e-02	2.273376221664464777e-02	5.913596609593754078e-02
7.982320852531219089e+02	3.200593361872840492e-01	2.061988910266994990e-01	2.062471136951370965e-01	1.241523283856710569e-01	6.107043211582310893e-02	2.284027531560718638e-02	5.943162327348788798e-02
8.030698554667769713e+02	3.189694101897420642e-01	2.054738777822866791e-01	2.069902359285532845e-01	1.246497157344608753e-01	6.124400941366488216e-02	2.294662645141175641e-02	5.972612449959031206e-02
8.079076256804323748e+02	3.178858864093243031e-01	2.047529974150264775e-01	2.077263062707610242e-01	1.251440260510323921e-01	6.141853603237901194e-02	2.305280651477662618e-02	6.001944130641009151e-02
8.127453958940876646e+02	3.168087239886925865e-01	2.040362268386622102e-01	2.084555200527828667e-01	1.256352872585159153e-01	6.159388754163235696e-02	2.315880683001799237e-02	6.031154748940592558e-02
8.175831661077428407e+02	3.157378825079609208e-01	2.033235430658133502e-01	2.091780625302274155e-01	1.261235264824551727e-01	6.176994731027242447e-02	2.326461913286317212e-02	6.060241897011740125e-02
8.224209363213982442e+02	3.146733219707406048e-01	2.026149232092898100e-01	2.098941094661293527e-01	1.266087700939935168e-01	6.194660604296925444e-02	2.337023554951466950e-02	6.089203366707270776e-02
8.272587065350534203e+02	3.136150027909326288e-01	2.019103444832903715e-01	2.106038276795446085e-01	1.270910437505141932e-01	6.212376134419821117e-02	2.347564857689231690e-02	6.118037137433748884e-02
8.320964767487085965e+02	3.125628857802240645e-01	2.012097842044921481e-01	2.113073755619169769e-01	1.275703724338855261e-01	6.230131730795231138e-02	2.358085106398482428e-02	6.146741364725396423e-02
8.369342469623640000e+02	3.115169321362459276e-01	2.005132197930374338e-01	2.120049035631146328e-01	1.280467804864523773e-01	6.247918413166733687e-02	2.368583619424616260e-02	6.175314369494592365e-02
8.417720171760191761e+02	3.104771034313560940e-01	1.998206287734244357e-01	2.126965546489227865e-01	1.285202916449072474e-01	6.265727775293268575e-02	2.379059746897607686e-02	6.203754627919039200e-02
8.466097873896745796e+02	3.094433616020092481e-01	1.991319887753077167e-01	2.133824647316734102e-01	1.289909290721668600e-01	6.283551950764490468e-02	2.389512869162740971e-02	6.232060761928016196e-02
8.514475576033297557e+02	3.084156689386807759e-01	1.984472775342136508e-01	2.140627630755937982e-01	1.294587153873714425e-01	6.301383580833985754e-02	2.399942395298648029e-02	6.260231530252366450e-02
8.562853278169851592e+02	3.073939880763126298e-01	1.977664728921761372e-01	2.147375726783631034e-01	1.299236726941184472e-01	6.319215784151417659e-02	2.410347761717581555e-02	6.288265820004941553e-02
8.611230980306403353e+02	3.063782819852493566e-01	1.970895527982976791e-01	2.154070106302777288e-01	1.303858226070349069e-01	6.337042128281658582e-02	2.420728430843147039e-02	6.316162638760197678e-02
8.659608682442956251e+02	3.053685139626385880e-01	1.964164953092399635e-01	2.160711884523438264e-01	1.308451862767867069e-01	6.354856602905582796e-02	2.431083889861009734e-02	6.343921107103471513e-02
8.707986384579510286e+02	3.043646476242662935e-01	1.957472785896486878e-01	2.167302124145379649e-01	1.313017844136174228e-01	6.372653594603366889e-02	2.441413649538347330e-02	6.371540451622217938e-02
8.756364086716062047e+02	3.033666468968037599e-01	1.950818809125163811e-01	2.173841838354036160e-01	1.317556373095037092e-01	6.390427863127033647e-02	2.451717243108066102e-02	6.399019998313121294e-02
8.804741788852616082e+02	3.023744760104413731e-01	1.944202806594871880e-01	2.180331993640821642e-01	1.322067648590090350e-01	6.408174519074434639e-02	2.461994225214039766e-02	6.426359166380513077e-02
8.853119490989170117e+02	3.013880994918875511e-01	1.937624563211073070e-01	2.186773512458127511e-01	1.326551865789129259e-01	6.425889002882048673e-02	2.472244170913841244e-02	6.453557462403018696e-02
8.901497193125721878e+02	3.004074821577113474e-01	1.931083864970240538e-01	2.193167275718742315e-01	1.331009216266883788e-01	6.443567065058859733e-02	2.482466674735650525e-02	6.480614474846659034e-02
8.949874895262273640e+02	2.994325891080090729e-01	1.924580498961372954e-01	2.199514125148846755e-01	1.335439888178952539e-01	6.461204747588140951e-02	2.492661349786213024e-02	6.507529868903982884e-02
8.998252597398827675e+02	2.984633857203769502e-01	1.918114253367058097e-01	2.205814865503211708e-01	1.339844066425542601e-01	6.478798366428291378e-02	2.502827826906908054e-02	6.534303381639952613e-02
9.046630299535379436e+02	2.974998376441707060e-01	1.911684917464115396e-01	2.212070266650700279e-01	1.344221932805617636e-01	6.496344495047925993e-02	2.512965753875157776e-02	6.560934817426483656e-02
9.095008001671932334e+02	2.965419107950375555e-01	1.905292281623846007e-01	2.218281065537714702e-01	1.348573666162022344e-01	6.513839948934238566e-02	2.523074794648568972e-02	6.587424043648577865e-02
9.143385703808486369e+02	2.955895713497038169e-01	1.898936137311910133e-01	2.224447968036769308e-01	1.352899442518116224e-01	6.531281771017259652e-02	2.533154628649358225e-02	6.613770986666020479e-02
9.191763405945038130e+02	2.946427857410034989e-01	1.892616277087859344e-01	2.230571650686949681e-01	1.357199435206424831e-01	6.548667217956001541e-02	2.543204950086741870e-02	6.639975628015541698e-02
9.240141108081592165e+02	2.937015206531349287e-01	1.886332494604347765e-01	2.236652762332620448e-01	1.361473814989777598e-01	6.565993747235666922e-02	2.553225467315124730e-02	6.666038000839227817e-02
9.288518810218145063e+02	2.927657430171315966e-01	1.880084584606035725e-01	2.242691925666370767e-01	1.365722750175376587e-01	6.583259005028103961e-02	2.563215902226033752e-02	6.691958186525842622e-02
9.336896512354697961e+02	2.918354200065356729e-01	1.873872342928211976e-01	2.248689738681828310e-01	1.369946406722219456e-01	6.600460814770492401e-02	2.573175989671870265e-02	6.717736311552439943e-02
9.385274214491247449e+02	2.909105190332623714e-01	1.867695566495150838e-01	2.254646776041647482e-01	1.374144948342269079e-01	6.617597166419911248e-02	2.583105476919668811e-02	6.743372544514474043e-02
9.433651916627801484e+02	2.899910077436442246e-01	1.861554053318221214e-01	2.260563590365662900e-01	1.378318536595738719e-01	6.634666206343928230e-02	2.593004123133147223e-02	6.768867093333236218e-02
9.482029618764355519e+02	2.890768540146457788e-01	1.855447602493762171e-01	2.266440713443900190e-01	1.382467330980843845e-01	6.651666227809700793e-02	2.602871698881443693e-02	6.794220202630170402e-02
9.530407320900908417e+02	2.881680259502381602e-01	1.849376014200745100e-01	2.272278657378870859e-01	1.386591489018349777e-01	6.668595662036293226e-02	2.612707985673025715e-02	6.819432151258164598e-02
9.578785023037459041e+02	2.872644918779251322e-01	1.843339089698232125e-01	2.278077915661300967e-01	1.390691166331220752e-01	6.685453069776986501e-02	2.622512775513339417e-02	6.844503249980569970e-02
9.627162725174014213e+02	2.863662203454126476e-01	1.837336631322645797e-01	2.283838964183217135e-01	1.394766516719665173e-01	6.702237133400328062e-02	2.632285870484862150e-02	6.869433839289218469e-02
9.675540427310568248e+02	2.854731801174119621e-01	1.831368442484865300e-01	2.289562262192067488e-01	1.398817692231846821e-01	6.718946649440492302e-02	2.642027082348288869e-02	6.894224287353180325e-02
9.723918129447120009e+02	2.845853401725715881e-01	1.825434327667155576e-01	2.295248253189349774e-01	1.402844843230520999e-01	6.735580521589280834e-02	2.651736232163661930e-02	6.918874988090586986e-02
9.772295831583674044e+02	2.837026697005283760e-01	1.819534092419948790e-01	2.300897365777001824e-01	1.406848118455839014e-01	6.752137754103697265e-02	2.661413149930325073e-02	6.943386359356197579e-02
9.820673533720223531e+02	2.828251380990729480e-01	1.813667543358479517e-01	2.306510014454631052e-01	1.410827665084544713e-01	6.768617445604591110e-02	2.671057674244639926e-02	6.967758841237878253e-02
9.869051235856777566e+02	2.819527149714219361e-01	1.807834488159290320e-01	2.312086600370470701e-01	1.414783628785782343e-01	6.785018783243286500e-02	2.680669651974475903e-02	6.991992894455562046e-02
9.917428937993331601e+02	2.810853701235921376e-01	1.802034735556616585e-01	2.317627512028781200e-01	1.418716153773712518e-01	6.801341037214493623e-02	2.690248937949531877e-02	7.016088998856613579e-02
9.965806640129884499e+02	2.802230735618698176e-01	1.796268095338655335e-01	2.323133125956256539e-01	1.422625382857129195e-01	6.817583555595065070e-02	2.699795394666609782e-02	7.040047652001887868e-02
1.001418434226643626e+03	2.793657954903714380e-01	1.790534378343728861e-01	2.328603807329844566e-01	1.426511457486254464e-01	6.833745759489377736e-02	2.709308892009006445e-02	7.063869367837145863e-02
1.006256204440298802e+03	2.785135063086894291e-01	1.784833396456353694e-01	2.334039910568246612e-01	1.430374517796879907e-01	6.849827138463225606e-02	2.718789306979244383e-02	7.087554675444736330e-02
1.011093974653954206e+03	2.776661766096191752e-01	1.779164962603217992e-01	2.339441779889230577e-01	1.434214702652011064e-01	6.865827246249218974e-02	2.728236523444398792e-02	7.111104117870822861e-02
1.015931744867609382e+03	2.768237771769628264e-01	1.773528890749074272e-01	2.344809749834766144e-01	1.438032149681163496e-01	6.881745696707647353e-02	2.737650431893332362e-02	7.134518251023662383e-02
1.020769515081264785e+03	2.759862789834051644e-01	1.767924995892558582e-01	2.350144145765867276e-01	1.441826995317453675e-01	6.897582160027741771e-02	2.747030929205175262e-02	7.157797642638746849e-02
1.025607285294920075e+03	2.751536531884584136e-01	1.762353094061937242e-01	2.355445284328926414e-01	1.445599374832610140e-01	6.913336359155122790e-02	2.756377918428442111e-02	7.180942871306830733e-02
1.030445055508575479e+03	2.743258711364722213e-01	1.756813002310790295e-01	2.360713473895206249e-01	1.449349422370034279e-01	6.929008066432115753e-02	2.765691308570200277e-02	7.203954525561125088e-02
1.035282825722230655e+03	2.735029043547046457e-01	1.751304538713634729e-01	2.365949014975071985e-01	1.453077270976022295e-01	6.944597100438323900e-02	2.774971014394741337e-02	7.226833203020155416e-02
1.040120595935886058e+03	2.726847245514518181e-01	1.745827522361493300e-01	2.371152200608437621e-01	1.456783052629261055e-01	6.960103323019660448e-02	2.784216956231244655e-02	7.249579509582979031e-02
1.044958366149541234e+03	2.718713036142324513e-01	1.740381773357413953e-01	2.376323316732829039e-01	1.460466898268699687e-01	6.975526636494702726e-02	2.793429059789941105e-02	7.272194058673665806e-02
1.049796136363196410e+03	2.710626136080253601e-01	1.734967112811947043e-01	2.381462642530371709e-01	1.464128937819893228e-01	6.990866981027900329e-02	2.802607255986322432e-02	7.294677470532104357e-02
1.054633906576851814e+03	2.702586267735556103e-01	1.729583362838577609e-01	2.386570450754939288e-01	1.467769300219910200e-01	7.006124332159770207e-02	2.811751480772967451e-02	7.317030371548416401e-02
1.059471676790506763e+03	2.694593155256286288e-01	1.724230346549123216e-01	2.391647008040628519e-01	1.471388113440887380e-01	7.021298698484813861e-02	2.820861674978570460e-02	7.339253393638348055e-02
1.064309447004162394e+03	2.686646524515085566e-01	1.718907888049099608e-01	2.396692575192649055e-01	1.474985504512317247e-01	7.036390119468420579e-02	2.829937784153796140e-02	7.361347173657253884e-02
1.069147217217817570e+03	2.678746103093391229e-01	1.713615812433054442e-01	2.401707407461664556e-01	1.478561599542138338e-01	7.051398663394553568e-02	2.838979758423595609e-02	7.383312352850350535e-02
1.073984987431472746e+03	2.670891620266043764e-01	1.708353945779877703e-01	2.406691754802551264e-01	1.482116523736703440e-01	7.066324425436480705e-02	2.847987552345643963e-02	7.405149576337095862e-02
1.078822757645127922e+03	2.663082806986282747e-01	1.703122115148086868e-01	2.411645862118484696e-01	1.485650401419691402e-01	7.081167525843284904e-02	2.856961124774577004e-02	7.426859492627664594e-02
1.083660527858783553e+03	2.655319395871102439e-01	1.697920148571092080e-01	2.416569969491214886e-01	1.489163356050023923e-01	7.095928108235294296e-02	2.865900438731728075e-02	7.448442753169626229e-02
1.088498298072438729e+03	2.647601121186953232e-01	1.692747875052444673e-01	2.421464312398339536e-01	1.492655510238851957e-01	7.110606338002010973e-02	2.874805461280074623e-02	7.469900011923001626e-02
1.093336068286093905e+03	2.639927718835771153e-01	1.687605124561071535e-01	2.426329121918332221e-01	1.496126985765659778e-01	7.125202400796463997e-02	2.883676163404127329e-02	7.491231924962049593e-02
1.098173838499749309e+03	2.632298926341319345e-01	1.682491728026494493e-01	2.431164624924044004e-01	1.499577903593546369e-01	7.139716501120292602e-02	2.892512519894508555e-02	7.512439150102148688e-02
1.103011608713404712e+03	2.624714482835831530e-01	1.677407517334041087e-01	2.435971044265350938e-01	1.503008383883728538e-01	7.154148860994168080e-02	2.901314509236980685e-02	7.533522346550329540e-02
1.107849378927059888e+03	2.617174129046932474e-01	1.672352325320047295e-01	2.440748598941581138e-01	1.506418546009314352e-01	7.168499718708544466e-02	2.910082113505698190e-02	7.554482174578000531e-02
1.112687149140715292e+03	2.609677607284834888e-01	1.667325985767054708e-01	2.445497504264319000e-01	1.509808508568390717e-01	7.182769327649951574e-02	2.918815318260466890e-02	7.575319295214585913e-02
1.117524919354370468e+03	2.602224661429787811e-01	1.662328333399001046e-01	2.450217972011148326e-01	1.513178389396464818e-01	7.196957955198358958e-02	2.927514112447816841e-02	7.596034369960803778e-02
1.122362689568025871e+03	2.594815036919775331e-01	1.657359203876410669e-01	2.454910210570860896e-01	1.516528305578298541e-01	7.211065881691428037e-02	2.936178488305691073e-02	7.616628060520426458e-02
1.127200459781681047e+03	2.587448480738450129e-01	1.652418433791582320e-01	2.459574425080630622e-01	1.519858373459171963e-01	7.225093399451665288e-02	2.944808441271577759e-02	7.637101028549411752e-02
1.132038229995336451e+03	2.580124741403282962e-01	1.647505860663780186e-01	2.464210817555619881e-01	1.523168708655612547e-01	7.239040811872751724e-02	2.953403969893910949e-02	7.657453935421379421e-02
1.136876000208991627e+03	2.572843568953940840e-01	1.642621322934423034e-01	2.468819587011459593e-01	1.526459426065616687e-01	7.252908432561572249e-02	2.961965075746585477e-02	7.677687442008442054e-02
1.141713770422646803e+03	2.565604714940853959e-01	1.637764659962280822e-01	2.473400929580015506e-01	1.529730639878398579e-01	7.266696584532587877e-02	2.970491763346432001e-02	7.697802208476488273e-02
1.146551540636302207e+03	2.558407932413989672e-01	1.632935712018673546e-01	2.477955038618836203e-01	1.532982463583693888e-01	7.280405599451514331e-02	2.978984040073513750e-02	7.717798894094041184e-02
1.151389310849957155e+03	2.551252975911806331e-01	1.628134320282677294e-01	2.482482104814644208e-01	1.536215009980642088e-01	7.294035816925310833e-02	2.987441916094103408e-02	7.737678157053891337e-02
1.156227081063612786e+03	2.544139601450394195e-01	1.623360326836335854e-01	2.486982316281219907e-01	1.539428391186276335e-01	7.307587583835802036e-02	2.995865404286224970e-02	7.757440654306720085e-02
1.161064851277267962e+03	2.537067566512780092e-01	1.618613574659882037e-01	2.491455858652003030e-01	1.542622718643641699e-01	7.321061253714286621e-02	3.004254520167626979e-02	7.777087041406026413e-02
1.165902621490923138e+03	2.530036630038404177e-01	1.613893907626967328e-01	2.495902915167717562e-01	1.545798103129566170e-01	7.334457186154726138e-02	3.012609281826085506e-02	7.796617972363639737e-02
1.170740391704578315e+03	2.523046552412751553e-01	1.609201170499900690e-01	2.500323666759309282e-01	1.548954654762101368e-01	7.347775746263228436e-02	3.020929709851924438e-02	7.816034099515224709e-02
1.175578161918233945e+03	2.516097095457133226e-01	1.604535208924900425e-01	2.504718292126466017e-01	1.552092483007657397e-01	7.361017304141646844e-02	3.029215827272652498e-02	7.835336073395134104e-02
1.180415932131889122e+03	2.509188022418620267e-01	1.599895869427353789e-01	2.509086967811978708e-01	1.555211696687848200e-01	7.374182234403278691e-02	3.037467659489622579e-02	7.854524542620097693e-02
1.185253702345544298e+03	2.502319097960110650e-01	1.595282999407093005e-01	2.513429868272180068e-01	1.558312403986062133e-01	7.387270915718766040e-02	3.045685234216621504e-02	7.873600153781161459e-02
1.190091472559199701e+03	2.495490088150538743e-01	1.590696447133682079e-01	2.517747165943691190e-01	1.561394712453778588e-01	7.400283730390376513e-02	3.053868581420306899e-02	7.892563551343420580e-02
1.194929242772855105e+03	2.488700760455208050e-01	1.586136061741717784e-01	2.522039031306686496e-01	1.564458729016642846e-01	7.413221063952991907e-02	3.062017733262408295e-02	7.911415377553063233e-02
1.199767012986510281e+03	2.481950883726253554e-01	1.581601693226143968e-01	2.526305632944879087e-01	1.567504559980314183e-01	7.426083304800217000e-02	3.070132724043616798e-02	7.930156272351278346e-02
1.204604783200165684e+03	2.475240228193224534e-01	1.577093192437582503e-01	2.530547137602414121e-01	1.570532311036101913e-01	7.438870843834087532e-02	3.078213590149092224e-02	7.948786873294609590e-02
1.209442553413820860e+03	2.468568565453783115e-01	1.572610411077677572e-01	2.534763710237850076e-01	1.573542087266399381e-01	7.451584074137006242e-02	3.086260369995518643e-02	7.967307815481387834e-02
1.214280323627476264e+03	2.461935668464515226e-01	1.568153201694458543e-01	2.538955514075392217e-01	1.576533993149931423e-01	7.464223390664551094e-02	3.094273103979639297e-02	7.985719731483843786e-02
1.219118093841131440e+03	2.455341311531853421e-01	1.563721417677715053e-01	2.543122710653538121e-01	1.579508132566823375e-01	7.476789189957919191e-02	3.102251834428218155e-02	8.004023251285576068e-02
1.223955864054786844e+03	2.448785270303098782e-01	1.559314913254392365e-01	2.547265459871283499e-01	1.582464608803502981e-01	7.489281869874837849e-02	3.110196605549361490e-02	8.022219002224040274e-02
1.228793634268442020e+03	2.442267321757552179e-01	1.554933543484002534e-01	2.551383920032025410e-01	1.585403524557447152e-01	7.501701829337832639e-02	3.118107463385150560e-02	8.040307608937757866e-02
1.233631404482097196e+03	2.435787244197739065e-01	1.550577164254052231e-01	2.555478247885299981e-01	1.588324981941780234e-01	7.514049468098815687e-02	3.125984455765527803e-02	8.058289693317957636e-02
1.238469174695752372e+03	2.429344817240731702e-01	1.546245632275488890e-01	2.559548598666470665e-01	1.591229082489732383e-01	7.526325186519022825e-02	3.133827632263391783e-02	8.076165874464368011e-02
1.243306944909407548e+03	2.422939821809563521e-01	1.541938805078166275e-01	2.563595126134488034e-01	1.594115927158969714e-01	7.538529385363368363e-02	3.141637044150853014e-02	8.093936768644920121e-02
1.248144715123063179e+03	2.416572040124734255e-01	1.537656541006326150e-01	2.567617982607834359e-01	1.596985616335798441e-01	7.550662465608361240e-02	3.149412744356602789e-02	8.111602989259114604e-02
1.252982485336718355e+03	2.410241255695802498e-01	1.533398699214099936e-01	2.571617318998746238e-01	1.599838249839256876e-01	7.562724828262770704e-02	3.157154787424356485e-02	8.129165146804828712e-02
1.257820255550373531e+03	2.403947253313060972e-01	1.529165139661027850e-01	2.575593284845822950e-01	1.602673926925095305e-01	7.574716874200264349e-02	3.164863229472329037e-02	8.146623848848348615e-02
1.262658025764028707e+03	2.397689819039297565e-01	1.524955723107599692e-01	2.579546028345103270e-01	1.605492746289656214e-01	7.586639004003310760e-02	3.172538128153707532e-02	8.163979699997434003e-02
1.267495795977684338e+03	2.391468740201634080e-01	1.520770311110811457e-01	2.583475696379705644e-01	1.608294806073654326e-01	7.598491617817662580e-02	3.180179542618079280e-02	8.181233301877217923e-02
1.272333566191339514e+03	2.385283805383445754e-01	1.516608766019744425e-01	2.587382434548106125e-01	1.611080203865871141e-01	7.610275115216774688e-02	3.187787533473790402e-02	8.198385253108779469e-02
1.277171336404994690e+03	2.379134804416353222e-01	1.512470950971162020e-01	2.591266387191131781e-01	1.613849036706756779e-01	7.621989895075584331e-02	3.195362162751188423e-02	8.215436149290203383e-02
1.282009106618650094e+03	2.373021528372292743e-01	1.508356729885127201e-01	2.595127697417745072e-01	1.616601401091958545e-01	7.633636355453050915e-02	3.202903493866732232e-02	8.232386582979996092e-02
1.286846876832305497e+03	2.366943769555656940e-01	1.504265967460639564e-01	2.598966507129679138e-01	1.619337392975768175e-01	7.645214893482951690e-02	3.210411591587931240e-02	8.249237143682686124e-02
1.291684647045960673e+03	2.360901321495506022e-01	1.500198529171291317e-01	2.602782957045003398e-01	1.622057107774499962e-01	7.656725905272428190e-02	3.217886521999085286e-02	8.265988417836490909e-02
1.296522417259616077e+03	2.354893978937848964e-01	1.496154281260946017e-01	2.606577186720655526e-01	1.624760640369798947e-01	7.668169785807807393e-02	3.225328352467806553e-02	8.282640988802904281e-02
1.301360187473271253e+03	2.348921537837991014e-01	1.492133090739434509e-01	2.610349334574020852e-01	1.627448085111890264e-01	7.679546928867259092e-02	3.232737151612288112e-02	8.299195436858097796e-02
1.306197957686926657e+03	2.342983795352949761e-01	1.488134825378273907e-01	2.614099537903596393e-01	1.630119535822762422e-01	7.690857726939875905e-02	3.240112989269301053e-02	8.315652339186006825e-02
1.311035727900581833e+03	2.337080549833932264e-01	1.484159353706403506e-01	2.617827932908798894e-01	1.632775085799298143e-01	7.702102571150780397e-02	3.247455936462894516e-02	8.332012269873009802e-02
1.315873498114237009e+03	2.331211600818878793e-01	1.480206545005945395e-01	2.621534654708952972e-01	1.635414827816349670e-01	7.713281851191891580e-02	3.254766065373777828e-02	8.348275799904074368e-02
1.320711268327892412e+03	2.325376749025065970e-01	1.476276269307981726e-01	2.625219837361520425e-01	1.638038854129764688e-01	7.724395955258009372e-02	3.262043449309367377e-02	8.364443497160307939e-02
1.325549038541547588e+03	2.319575796341772633e-01	1.472368397388354455e-01	2.628883613879596792e-01	1.640647256479363381e-01	7.735445269987885342e-02	3.269288162674463538e-02	8.380515926417791972e-02
1.330386808755202765e+03	2.313808545823003715e-01	1.468482800763485641e-01	2.632526116248723458e-01	1.643240126091871367e-01	7.746430180409977218e-02	3.276500280942561821e-02	8.396493649347636090e-02
1.335224578968857941e+03	2.308074801680273236e-01	1.464619351686217430e-01	2.636147475443050281e-01	1.645817553683809054e-01	7.757351069892599871e-02	3.283679880627759368e-02	8.412377224517161856e-02
1.340062349182513572e+03	2.302374369275444477e-01	1.460777923141673151e-01	2.639747821440883158e-01	1.648379629464341856e-01	7.768208320098193842e-02	3.290827039257246400e-02	8.428167207392150972e-02
1.344900119396168748e+03	2.296707055113627605e-01	1.456958388843139218e-01	2.643327283239651493e-01	1.650926443138091282e-01	7.779002310941465770e-02	3.297941835344373601e-02	8.443864150340077424e-02
1.349737889609823924e+03	2.291072666836129479e-01	1.453160623227967296e-01	2.646885988870325557e-01	1.653458083907909937e-01	7.789733420551162024e-02	3.305024348362263498e-02	8.459468602634261092e-02
1.354575659823479100e+03	2.285471013213461744e-01	1.449384501453497287e-01	2.650424065411309260e-01	1.655974640477622939e-01	7.800402025235236847e-02	3.312074658717967940e-02	8.474981110458888744e-02
1.359413430037134731e+03	2.279901904138399438e-01	1.445629899393000295e-01	2.653941639001845543e-01	1.658476201054734922e-01	7.811008499449219322e-02	3.319092847727142526e-02	8.490402216914834377e-02
1.364251200250789907e+03	2.274365150619094278e-01	1.441896693631643245e-01	2.657438834854949361e-01	1.660962853353110114e-01	7.821553215767566847e-02	3.326078997589233116e-02	8.505732462026227569e-02
1.369088970464445310e+03	2.268860564772237354e-01	1.438184761462473205e-01	2.660915777269901028e-01	1.663434684595617719e-01	7.832036544857826077e-02	3.333033191363155012e-02	8.520972382747719898e-02
1.373926740678100487e+03	2.263387959816275385e-01	1.434493980882423636e-01	2.664372589644317113e-01	1.665891781516755099e-01	7.842458855457418165e-02	3.339955512943458549e-02	8.536122512972398046e-02
1.378764510891755890e+03	2.257947150064674724e-01	1.430824230588338686e-01	2.667809394485829988e-01	1.668334230365240423e-01	7.852820514352888692e-02	3.346846047036962368e-02	8.551183383540300609e-02
1.383602281105411066e+03	2.252537950919236975e-01	1.427175389973019959e-01	2.671226313423379906e-01	1.670762116906582273e-01	7.863121886361465473e-02	3.353704879139843276e-02	8.566155522247499710e-02
1.388440051319066470e+03	2.247160178863460978e-01	1.423547339121294109e-01	2.674623467218156248e-01	1.673175526425624005e-01	7.873363334314770201e-02	3.360532095515178508e-02	8.581039453855694721e-02
1.393277821532721646e+03	2.241813651455956957e-01	1.419939958806098468e-01	2.678000975774200709e-01	1.675574543729067278e-01	7.883545219044556240e-02	3.367327783170916827e-02	8.595835700102293087e-02
1.398115591746377049e+03	2.236498187323901210e-01	1.416353130484589995e-01	2.681358958148681304e-01	1.677959253147970897e-01	7.893667899370337970e-02	3.374092029838283296e-02	8.610544779710943564e-02
1.402953361960032225e+03	2.231213606156544627e-01	1.412786736294272261e-01	2.684697532561866606e-01	1.680329738540231599e-01	7.903731732088785378e-02	3.380824923950587202e-02	8.625167208402474694e-02
1.407791132173687402e+03	2.225959728698762574e-01	1.409240659049144639e-01	2.688016816406804121e-01	1.682686083293043755e-01	7.913737071964781211e-02	3.387526554622448394e-02	8.639703498906216306e-02
1.412628902387342805e+03	2.220736376744653628e-01	1.405714782235869820e-01	2.691316926258724429e-01	1.685028370325339919e-01	7.923684271724019956e-02	3.394197011629412897e-02	8.654154160971684606e-02
1.417466672600997981e+03	2.215543373131179383e-01	1.402208990009962408e-01	2.694597977884186091e-01	1.687356682090213333e-01	7.933573682047055653e-02	3.400836385387952937e-02	8.668519701380579534e-02
1.422304442814653157e+03	2.210380541731852000e-01	1.398723167191998906e-01	2.697860086249960765e-01	1.689671100577322949e-01	7.943405651564702796e-02	3.407444766935849995e-02	8.682800623959095743e-02
1.427142213028308333e+03	2.205247707450465056e-01	1.395257199263845727e-01	2.701103365531692391e-01	1.691971707315282902e-01	7.953180526854697341e-02	3.414022247912947006e-02	8.696997429590497264e-02
1.431979983241963964e+03	2.200144696214865747e-01	1.391810972364907750e-01	2.704327929122319341e-01	1.694258583374033122e-01	7.962898652439531766e-02	3.420568920542259306e-02	8.711110616227953074e-02
1.436817753455619140e+03	2.195071334970772059e-01	1.388384373288397977e-01	2.707533889640289515e-01	1.696531809367197163e-01	7.972560370785400363e-02	3.427084877611440150e-02	8.725140678907603031e-02
1.441655523669274316e+03	2.190027451675630732e-01	1.384977289477625773e-01	2.710721358937562275e-01	1.698791465454424221e-01	7.982166022302156216e-02	3.433570212454593179e-02	8.739088109761829204e-02
1.446493293882929493e+03	2.185012875292518808e-01	1.381589609022306209e-01	2.713890448107421638e-01	1.701037631343716439e-01	7.991715945344231298e-02	3.440025018934422807e-02	8.752953398032728427e-02
1.451331064096585123e+03	2.180027435784084588e-01	1.378221220654888002e-01	2.717041267492096290e-01	1.703270386293741778e-01	8.001210476212441969e-02	3.446449391424716985e-02	8.766737030085754168e-02
1.456168834310240300e+03	2.175070964106531335e-01	1.374872013746900601e-01	2.720173926690205302e-01	1.705489809116134958e-01	8.010649949156624372e-02	3.452843424793154009e-02	8.780439489423520760e-02
1.461006604523895703e+03	2.170143292203640106e-01	1.371541878305323481e-01	2.723288534564032859e-01	1.707695978177784513e-01	8.020034696379042816e-02	3.459207214384423662e-02	8.794061256699743645e-02
1.465844374737550879e+03	2.165244253000832564e-01	1.368230704968973199e-01	2.726385199246639246e-01	1.709888971403107361e-01	8.029365048038507313e-02	3.465540856003669623e-02	8.807602809733316995e-02
1.470682144951206283e+03	2.160373680399275687e-01	1.364938385004909049e-01	2.729464028148817500e-01	1.712068866276311441e-01	8.038641332255161420e-02	3.471844445900224008e-02	8.821064623522494041e-02
1.475519915164861459e+03	2.155531409270022569e-01	1.361664810304860362e-01	2.732525127965900746e-01	1.714235739843645578e-01	8.047863875115880694e-02	3.478118080751653463e-02	8.834447170259183968e-02
1.480357685378516862e+03	2.150717275448194299e-01	1.358409873381671296e-01	2.735568604684429084e-01	1.716389668715639361e-01	8.057033000680255408e-02	3.484361857648089755e-02	8.847750919343323750e-02
1.485195455592172038e+03	2.145931115727200134e-01	1.355173467365765605e-01	2.738594563588678255e-01	1.718530729069329410e-01	8.066149030987083968e-02	3.490575874076851798e-02	8.860976337397337421e-02
1.490033225805827215e+03	2.141172767852994319e-01	1.351955486001631401e-01	2.741603109267057858e-01	1.720658996650477612e-01	8.075212286061381195e-02	3.496760227907349389e-02	8.874123888280661954e-02
1.494870996019482618e+03	2.136442070518373149e-01	1.348755823644323115e-01	2.744594345618387998e-01	1.722774546775776572e-01	8.084223083921808495e-02	3.502915017376261042e-02	8.887194033104320323e-02
1.499708766233137567e+03	2.131738863357306724e-01	1.345574375255984279e-01	2.747568375858052692e-01	1.724877454335045635e-01	8.093181740588549500e-02	3.509040341072987984e-02	8.900187230245563963e-02
1.504546536446793198e+03	2.127062986939309008e-01	1.342411036402389179e-01	2.750525302524039484e-01	1.726967793793415251e-01	8.102088570091563191e-02	3.515136297925369746e-02	8.913103935362536034e-02
1.509384306660448374e+03	2.122414282763845639e-01	1.339265703249500061e-01	2.753465227482868038e-01	1.729045639193503847e-01	8.110943884479177024e-02	3.521202987185664129e-02	8.925944601408973555e-02
1.514222076874103550e+03	2.117792593254776423e-01	1.336138272560049023e-01	2.756388251935417699e-01	1.731111064157581925e-01	8.119747993827028387e-02	3.527240508416779052e-02	8.938709678648933121e-02
1.519059847087758726e+03	2.113197761754834481e-01	1.333028641690133798e-01	2.759294476422644027e-01	1.733164141889728393e-01	8.128501206247285005e-02	3.533248961478763217e-02	8.951399614671538829e-02
1.523897617301414357e+03	2.108629632520140906e-01	1.329936708585833793e-01	2.762184000831205410e-01	1.735204945177977742e-01	8.137203827898149833e-02	3.539228446515537557e-02	8.964014854405727428e-02
1.528735387515069533e+03	2.104088050714756353e-01	1.326862371779845284e-01	2.765056924398991978e-01	1.737233546396455830e-01	8.145856162993612981e-02	3.545179063941871628e-02	8.976555840135011510e-02
1.533573157728724709e+03	2.099572862405265361e-01	1.323805530388133811e-01	2.767913345720565133e-01	1.739250017507509016e-01	8.154458513813427067e-02	3.551100914430600081e-02	8.989023011512230210e-02
1.538410927942380113e+03	2.095083914555397053e-01	1.320766084106605176e-01	2.770753362752507165e-01	1.741254430063822467e-01	8.163011180713292125e-02	3.556994098900070206e-02	9.001416805574302682e-02
1.543248698156035516e+03	2.090621055020679964e-01	1.317743933207796703e-01	2.773577072818690925e-01	1.743246855210529578e-01	8.171514462135227863e-02	3.562858718501819150e-02	9.013737656756960759e-02
1.548086468369690692e+03	2.086184132543131564e-01	1.314738978537584313e-01	2.776384572615462343e-01	1.745227363687313904e-01	8.179968654618109680e-02	3.568694874608482892e-02	9.025985996909467735e-02
1.552924238583346096e+03	2.081772996745980542e-01	1.311751121511907647e-01	2.779175958216749676e-01	1.747196025830501376e-01	8.188374052808361503e-02	3.574502668801919636e-02	9.038162255309317716e-02
1.557762008797001272e+03	2.077387498128423771e-01	1.308780264113515168e-01	2.781951325079092818e-01	1.749152911575142799e-01	8.196730949470777683e-02	3.580282202861552465e-02	9.050266858676907222e-02
1.562599779010656675e+03	2.073027488060416590e-01	1.305826308888726472e-01	2.784710768046606555e-01	1.751098090457091361e-01	8.205039635499467021e-02	3.586033578752929885e-02	9.062300231190173472e-02
1.567437549224311852e+03	2.068692818777496667e-01	1.302889158944211256e-01	2.787454381355859989e-01	1.753031631615067643e-01	8.213300399928909201e-02	3.591756898616497995e-02	9.074262794499213247e-02
1.572275319437967255e+03	2.064383343375638391e-01	1.299968717943787988e-01	2.790182258640702129e-01	1.754953603792718531e-01	8.221513529945088938e-02	3.597452264756572510e-02	9.086154967740849020e-02
1.577113089651622431e+03	2.060098915806142239e-01	1.297064890105238399e-01	2.792894492937009199e-01	1.756864075340667242e-01	8.229679310896728661e-02	3.603119779630519631e-02	9.097977167553164546e-02
1.581950859865277607e+03	2.055839390870557448e-01	1.294177580197141408e-01	2.795591176687373114e-01	1.758763114218555301e-01	8.237798026306569765e-02	3.608759545838136074e-02	9.109729808089994663e-02
1.586788630078933011e+03	2.051604624215632444e-01	1.291306693535723971e-01	2.798272401745729998e-01	1.760650787997076749e-01	8.245869957882732970e-02	3.614371666111225456e-02	9.121413301035381782e-02
1.591626400292587959e+03	2.047394472328302184e-01	1.288452135981727475e-01	2.800938259381920981e-01	1.762527163860002355e-01	8.253895385530107820e-02	3.619956243303366905e-02	9.133028055617961605e-02
1.596464170506243590e+03	2.043208792530703255e-01	1.285613813937295236e-01	2.803588840286200812e-01	1.764392308606198556e-01	8.261874587361793532e-02	3.625513380379874473e-02	9.144574478625325242e-02
1.601301940719898766e+03	2.039047442975221724e-01	1.282791634342873577e-01	2.806224234573684861e-01	1.766246288651635576e-01	8.269807839710564823e-02	3.631043180407945992e-02	9.156052974418309176e-02
1.606139710933553943e+03	2.034910282639573464e-01	1.279985504674132912e-01	2.808844531788743382e-01	1.768089170031389434e-01	8.277695417140357170e-02	3.636545746546991642e-02	9.167463944945247745e-02
1.610977481147209119e+03	2.030797171321911954e-01	1.277195332938904082e-01	2.811449820909340258e-01	1.769921018401636181e-01	8.285537592457770106e-02	3.642021182039142241e-02	9.178807789756150692e-02
1.615815251360864750e+03	2.026707969635971607e-01	1.274421027674133011e-01	2.814040190351321802e-01	1.771741899041635593e-01	8.293334636723576070e-02	3.647469590199942796e-02	9.190084906016846023e-02
1.620653021574519926e+03	2.022642539006236362e-01	1.271662497942851744e-01	2.816615727972650585e-01	1.773551876855710974e-01	8.301086819264227867e-02	3.652891074409213290e-02	9.201295688523050686e-02
1.625490791788175102e+03	2.018600741663141851e-01	1.268919653331165576e-01	2.819176521077592645e-01	1.775351016375216473e-01	8.308794407683361971e-02	3.658285738102083628e-02	9.212440529714376047e-02
1.630328562001830505e+03	2.014582440638306438e-01	1.266192403945259060e-01	2.821722656420853625e-01	1.777139381760501902e-01	8.316457667873289328e-02	3.663653684760200674e-02	9.223519819688286159e-02
1.635166332215485909e+03	2.010587499759791674e-01	1.263480660408415890e-01	2.824254220211671051e-01	1.778917036802864227e-01	8.324076864026468126e-02	3.668995017903097650e-02	9.234533946213986655e-02
1.640004102429141085e+03	2.006615783647393569e-01	1.260784333858058492e-01	2.826771298117857212e-01	1.780684044926495457e-01	8.331652258646958520e-02	3.674309841079728689e-02	9.245483294746248415e-02
1.644841872642796488e+03	2.002667157707960777e-01	1.258103335942801770e-01	2.829273975269797625e-01	1.782440469190420540e-01	8.339184112561845441e-02	3.679598257860165755e-02	9.256368248439168778e-02
1.649679642856451665e+03	1.998741488130745259e-01	1.255437578819524336e-01	2.831762336264406765e-01	1.784186372290428035e-01	8.346672684932633646e-02	3.684860371827450992e-02	9.267189188159860591e-02
1.654517413070107068e+03	1.994838641882778207e-01	1.252786975150455007e-01	2.834236465169041042e-01	1.785921816560993303e-01	8.354118233266609461e-02	3.690096286569609363e-02	9.277946492502087139e-02
