7.014766809800161127e+02	3.439637812795922067e-01	2.211308683739401093e-01	1.893338216556476328e-01	1.131036451226074269e-01	5.812178903287879700e-02	2.111954766058473168e-02	5.322654687445640270e-02
7.063144511936714025e+02	3.427264744762528736e-01	2.203240214499284644e-01	1.902712111015288088e-01	1.136830472970627309e-01	5.824681818482174006e-02	2.121484330200277060e-02	5.353358418810996028e-02
7.111522214073266923e+02	3.414966530033304859e-01	2.195217002812441809e-01	1.911963018818910176e-01	1.142580208295036620e-01	5.837600169612107426e-02	2.131053200332460804e-02	5.384079030429226448e-02
7.159899916209819821e+02	3.402742604389521475e-01	2.187238826722608664e-01	1.921094895475656816e-01	1.148286500378369740e-01	5.850907513715512820e-02	2.140658663626906696e-02	5.414805552966737989e-02
7.208277618346371582e+02	3.390592412981050519e-01	2.179305463832376943e-01	1.930111517570095025e-01	1.153950155050486315e-01	5.864578731487327112e-02	2.150298114262154739e-02	5.445527659881144872e-02
7.256655320482924481e+02	3.378515409978173345e-01	2.171416691383560860e-01	1.939016491387327290e-01	1.159571942746448481e-01	5.878589962783160872e-02	2.159969048784303805e-02	5.476235633448148926e-02
7.305033022619478515e+02	3.366511058239733956e-01	2.163572286333551864e-01	1.947813261116454753e-01	1.165152600358616564e-01	5.892918545257652685e-02	2.169669061684715780e-02	5.506920332544771451e-02
7.353410724756030277e+02	3.354578828996849782e-01	2.155772025427850069e-01	1.956505116653831922e-01	1.170692832991716698e-01	5.907542955985046335e-02	2.179395841184064361e-02	5.537573162099111712e-02
7.401788426892584312e+02	3.342718201551414525e-01	2.148015685268945263e-01	1.965095201025708060e-01	1.176193315625901209e-01	5.922442755916873525e-02	2.189147165212790291e-02	5.568186044121351680e-02
7.450166129029136073e+02	3.330928662988675848e-01	2.140303042381721255e-01	1.973586517448887023e-01	1.181654694692559349e-01	5.937598537038686619e-02	2.198920897578499761e-02	5.598751390235083558e-02
7.498543831165690108e+02	3.319209707903205131e-01	2.132633873275542602e-01	1.981981936047127468e-01	1.187077589567399338e-01	5.952991872094531844e-02	2.208714984311315604e-02	5.629262075632113921e-02
7.546921533302243006e+02	3.307560838137598713e-01	2.125007954503180252e-01	1.990284200240136081e-01	1.192462593985084973e-01	5.968605266754247601e-02	2.218527450178617993e-02	5.659711414377838895e-02
7.595299235438793630e+02	3.295981562533302767e-01	2.117425062716719875e-01	1.998495932821178767e-01	1.197810277379495469e-01	5.984422114104747531e-02	2.228356395361034969e-02	5.690093135997955492e-02
7.643676937575347665e+02	3.284471396692960621e-01	2.109884974720596940e-01	2.006619641738547621e-01	1.203121186153464223e-01	6.000426651352269020e-02	2.238199992281934142e-02	5.720401363280815110e-02
7.692054639711900563e+02	3.273029862753731867e-01	2.102387467521888154e-01	2.014657725595375981e-01	1.208395844881658132e-01	6.016603918628046083e-02	2.248056482583054086e-02	5.750630591233071853e-02
7.740432341848452324e+02	3.261656489171043671e-01	2.094932318377990543e-01	2.022612478881588016e-01	1.213634757450069435e-01	6.032939719795120392e-02	2.257924174239259174e-02	5.780775667129423034e-02
7.788810043985006359e+02	3.250350810512268040e-01	2.087519304841806977e-01	2.030486096951082398e-01	1.218838408135412971e-01	6.049420585158983565e-02	2.267801438805755118e-02	5.810831771600277751e-02
7.837187746121558121e+02	3.239112367259849301e-01	2.080148204804556644e-01	2.038280680756616725e-01	1.224007262627554438e-01	6.066033735989491416e-02	2.277686708791415784e-02	5.840794400704038547e-02
7.885565448258112156e+02	3.227940705623414397e-01	2.072818796536317343e-01	2.045998241354247960e-01	1.229141768997934203e-01	6.082767050765985895e-02	2.287578475152192425e-02	5.870659348933401217e-02
7.933943150394665054e+02	3.216835377360434123e-01	2.065530858724409780e-01	2.053640704188595123e-01	1.234242358616797486e-01	6.099609033061862556e-02	2.297475284898855760e-02	5.900422693107643113e-02
7.982320852531219089e+02	3.205795939605022293e-01	2.058284170509719624e-01	2.061209913169647634e-01	1.239309447021898630e-01	6.116548780988893819e-02	2.307375738813618321e-02	5.930080777105331546e-02
8.030698554667769713e+02	3.194821954704478162e-01	2.051078511521058634e-01	2.068707634551313623e-01	1.244343434741209259e-01	6.133575958125497829e-02	2.317278489270425956e-02	5.959630197394201467e-02
8.079076256804323748e+02	3.183912990063193504e-01	2.043913661907651169e-01	2.076135560621396869e-01	1.249344708072030186e-01	6.150680765856850196e-02	2.327182238153989446e-02	5.989067789317159551e-02
8.127453958940876646e+02	3.173068617993570761e-01	2.036789402369836577e-01	2.083495313212230526e-01	1.254313639818782911e-01	6.167853917058214314e-02	2.337085734872838480e-02	6.018390614095454894e-02
8.175831661077428407e+02	3.162288415573611955e-01	2.029705514188070159e-01	2.090788447040726472e-01	1.259250589991638969e-01	6.185086611056236916e-02	2.346987774461927953e-02	6.047595946512069470e-02
8.224209363213982442e+02	3.151571964510859192e-01	2.022661779250301828e-01	2.098016452886184435e-01	1.264155906468035495e-01	6.202370509806127280e-02	2.356887195770537846e-02	6.076681263240236303e-02
8.272587065350534203e+02	3.140918851012373114e-01	2.015657980077806277e-01	2.105180760613786228e-01	1.269029925619019339e-01	6.219697715225638857e-02	2.366782879731410896e-02	6.105644231783806386e-02
8.320964767487085965e+02	3.130328665660466192e-01	2.008693899849542663e-01	2.112282742051320994e-01	1.273872972902257705e-01	6.237060747629673274e-02	2.376673747707274548e-02	6.134482699997892419e-02
8.369342469623640000e+02	3.119801003293901642e-01	2.001769322425105413e-01	2.119323713726304903e-01	1.278685363423466836e-01	6.254452525212045311e-02	2.386558759911077895e-02	6.163194686159796654e-02
8.417720171760191761e+02	3.109335462894312618e-01	1.994884032366338322e-01	2.126304939470325395e-01	1.283467402467912688e-01	6.271866344523560621e-02	2.396436913896453358e-02	6.191778369561809492e-02
8.466097873896745796e+02	3.098931647477565776e-01	1.988037814957668292e-01	2.133227632897088666e-01	1.288219386003551514e-01	6.289295861898011597e-02	2.406307243115076572e-02	6.220232081598881663e-02
8.514475576033297557e+02	3.088589163989857167e-01	1.981230456225225312e-01	2.140092959760341584e-01	1.292941601157304721e-01	6.306735075780077471e-02	2.416168815537768355e-02	6.248554297325570328e-02
8.562853278169851592e+02	3.078307623208291210e-01	1.974461742954801424e-01	2.146902040197536665e-01	1.297634326665876858e-01	6.324178309911331064e-02	2.426020732336330032e-02	6.276743627457981312e-02
8.611230980306403353e+02	3.068086639645737912e-01	1.967731462708704193e-01	2.153655950864813151e-01	1.302297833302456798e-01	6.341620197332702158e-02	2.435862126623245319e-02	6.304798810797636321e-02
8.659608682442956251e+02	3.057925831459765154e-01	1.961039403841554896e-01	2.160355726968608003e-01	1.306932384280571069e-01	6.359055665163754201e-02	2.445692162246526635e-02	6.332718707055429164e-02
8.707986384579510286e+02	3.047824820365442888e-01	1.954385355515086409e-01	2.167002364198936659e-01	1.311538235636294791e-01	6.376479920121078115e-02	2.455510032637115911e-02	6.360502290054900754e-02
8.756364086716062047e+02	3.037783231551837715e-01	1.947769107711979919e-01	2.173596820569146382e-01	1.316115636589960947e-01	6.393888434739923576e-02	2.465314959706369630e-02	6.388148641295161856e-02
8.804741788852616082e+02	3.027800693602021864e-01	1.941190451248794024e-01	2.180140018166702998e-01	1.320664829888449077e-01	6.411276934264951988e-02	2.475106192791278956e-02	6.415656943854800009e-02
8.853119490989170117e+02	3.017876838416425622e-01	1.934649177788021479e-01	2.186632844819357824e-01	1.325186052129080083e-01	6.428641384177626039e-02	2.484883007645191655e-02	6.443026476619043152e-02
8.901497193125721878e+02	3.008011301139378868e-01	1.928145079849321319e-01	2.193076155680813988e-01	1.329679534066091628e-01	6.445977978329356373e-02	2.494644705471909737e-02	6.470256608813385046e-02
8.949874895262273640e+02	2.998203720088681301e-01	1.921677950819961067e-01	2.199470774739827605e-01	1.334145500900612291e-01	6.463283127651019144e-02	2.504390612001135968e-02	6.497346794827735250e-02
8.998252597398827675e+02	2.988453736688062579e-01	1.915247584964507865e-01	2.205817496256471666e-01	1.338584172555011831e-01	6.480553449410866862e-02	2.514120076603342316e-02	6.524296569315959915e-02
9.046630299535379436e+02	2.978760995402396361e-01	1.908853777433804633e-01	2.212117086129117560e-01	1.342995763932454678e-01	6.497785756994252371e-02	2.523832471442229511e-02	6.551105542556484584e-02
9.095008001671932334e+02	2.969125143675533374e-01	1.902496324273264261e-01	2.218370283195509052e-01	1.347380485162442409e-01	6.514977050179836249e-02	2.533527190663025647e-02	6.577773396060349054e-02
9.143385703808486369e+02	2.959545831870625809e-01	1.896175022430514334e-01	2.224577800471143063e-01	1.351738541833087948e-01	6.532124505888216304e-02	2.543203649614969239e-02	6.604299878413802394e-02
9.191763405945038130e+02	2.950022713212837600e-01	1.889889669762425117e-01	2.230740326328011502e-01	1.356070135210831473e-01	6.549225469380053066e-02	2.552861284106387046e-02	6.630684801343206258e-02
9.240141108081592165e+02	2.940555443734311214e-01	1.883640065041546907e-01	2.236858525616612359e-01	1.360375462448260853e-01	6.566277445881893438e-02	2.562499549690865769e-02	6.656928035990630765e-02
9.288518810218145063e+02	2.931143682221297730e-01	1.877426007961989496e-01	2.242933040733988137e-01	1.364654716780674404e-01	6.583278092618978505e-02	2.572117920983083353e-02	6.683029509389142031e-02
9.336896512354697961e+02	2.921787090163341372e-01	1.871247299144765674e-01	2.248964492640426194e-01	1.368908087711984689e-01	6.600225211235270784e-02	2.581715891002931557e-02	6.708989201127314728e-02
9.385274214491247449e+02	2.912485331704420810e-01	1.865103740142629030e-01	2.254953481827317308e-01	1.373135761190535098e-01	6.617116740581946432e-02	2.591292970546633240e-02	6.734807140193095620e-02
9.433651916627801484e+02	2.903238073595960644e-01	1.858995133444425185e-01	2.260900589238550584e-01	1.377337919775363517e-01	6.633950749856483420e-02	2.600848687583618563e-02	6.760483401987595065e-02
9.482029618764355519e+02	2.894044985151617566e-01	1.852921282478987020e-01	2.266806377147707885e-01	1.381514742793431005e-01	6.650725432075363375e-02	2.610382586677973890e-02	6.786018105499927455e-02
9.530407320900908417e+02	2.884905738203765724e-01	1.846881991618588570e-01	2.272671389993206892e-01	1.385666406488292313e-01	6.667439097864191755e-02	2.619894228433352484e-02	6.811411410634622687e-02
9.578785023037459041e+02	2.875820007061596351e-01	1.840877066181983712e-01	2.278496155173439230e-01	1.389793084160674264e-01	6.684090169549877780e-02	2.629383188960271109e-02	6.836663515683623349e-02
9.627162725174014213e+02	2.866787468470758937e-01	1.834906312437048770e-01	2.284281183803847926e-01	1.393894946301390270e-01	6.700677175540216413e-02	2.638849059364778427e-02	6.861774654935251516e-02
9.675540427310568248e+02	2.857807801574469564e-01	1.828969537603047646e-01	2.290026971437799375e-01	1.397972160717008694e-01	6.717198744976964064e-02	2.648291445257525481e-02	6.886745096412964784e-02
9.723918129447120009e+02	2.848880687876020890e-01	1.823066549852538631e-01	2.295733998753003713e-01	1.402024892648660315e-01	6.733653602649125602e-02	2.657709966282316774e-02	6.911575139737037576e-02
9.772295831583674044e+02	2.840005811202626074e-01	1.817197158312940097e-01	2.301402732205161950e-01	1.406053304884356536e-01	6.750040564153875211e-02	2.667104255663262091e-02	6.936265114102729834e-02
9.820673533720223531e+02	2.831182857670538344e-01	1.811361173067772556e-01	2.307033624650433323e-01	1.410057557865171951e-01	6.766358531293092948e-02	2.676473959769693281e-02	6.960815376368774399e-02
9.869051235856777566e+02	2.822411515651382374e-01	1.805558405157591806e-01	2.312627115938231392e-01	1.414037809785614330e-01	6.782606487694108066e-02	2.685818737698049755e-02	6.985226309250373855e-02
9.917428937993331601e+02	2.813691475739645287e-01	1.799788666580630081e-01	2.318183633475797700e-01	1.417994216688506226e-01	6.798783494643786951e-02	2.695138260869969771e-02	7.009498319611179307e-02
9.965806640129884499e+02	2.805022430721274551e-01	1.794051770293159098e-01	2.323703592765917481e-01	1.421926932554668788e-01	6.814888687125625344e-02	2.704432212645871414e-02	7.033631836849039976e-02
1.001418434226643626e+03	2.796404075543325596e-01	1.788347530209586644e-01	2.329187397919082192e-01	1.425836109387692008e-01	6.830921270050022143e-02	2.713700287953325213e-02	7.057627311370523460e-02
1.006256204440298802e+03	2.787836107284620835e-01	1.782675761202306142e-01	2.334635442141340389e-01	1.429721897294058686e-01	6.846880514668354789e-02	2.722942192929571001e-02	7.081485213149545099e-02
1.011093974653954206e+03	2.779318225127367370e-01	1.777036279101304739e-01	2.340048108199012378e-01	1.433584444558873294e-01	6.862765755161988335e-02	2.732157644577548963e-02	7.105206030365619763e-02
1.015931744867609382e+03	2.770850130329685079e-01	1.771428900693546027e-01	2.345425768861396365e-01	1.437423897717437504e-01	6.878576385397705550e-02	2.741346370434847440e-02	7.128790268117528306e-02
1.020769515081264785e+03	2.762431526199023990e-01	1.765853443722137650e-01	2.350768787322524978e-01	1.441240401622896072e-01	6.894311855841521453e-02	2.750508108255006814e-02	7.152238447208381089e-02
1.025607285294920075e+03	2.754062118066398779e-01	1.760309726885296577e-01	2.356077517602995774e-01	1.445034099510170422e-01	6.909971670623206441e-02	2.759642605700629928e-02	7.175551102998282971e-02
1.030445055508575479e+03	2.745741613261436509e-01	1.754797569835119808e-01	2.361352304932834156e-01	1.448805133056381700e-01	6.925555384744215559e-02	2.768749620047790405e-02	7.198728784321012375e-02
1.035282825722230655e+03	2.737469721088175989e-01	1.749316793176173002e-01	2.366593486116308487e-01	1.452553642437954540e-01	6.941062601422084977e-02	2.777828917901245878e-02	7.221772052461292168e-02
1.040120595935886058e+03	2.729246152801600434e-01	1.743867218463903968e-01	2.371801389879576449e-01	1.456279766384585839e-01	6.956492969564670448e-02	2.786880274919984954e-02	7.244681480189418821e-02
1.044958366149541234e+03	2.721070621584863458e-01	1.738448668202894343e-01	2.376976337201983647e-01	1.459983642230249790e-01	6.971846181367963302e-02	2.795903475552664191e-02	7.267457650850198125e-02
1.049796136363196410e+03	2.712942842527179543e-01	1.733060965844951951e-01	2.382118641631813527e-01	1.463665405961403765e-01	6.987121970031470730e-02	2.804898312782512504e-02	7.290101157503274532e-02
1.054633906576851814e+03	2.704862532602346770e-01	1.727703935787058553e-01	2.387228609587236094e-01	1.467325192262544375e-01	7.002320107585495446e-02	2.813864587881291165e-02	7.312612602112102123e-02
1.059471676790506763e+03	2.696829410647883507e-01	1.722377403369177162e-01	2.392306540643170665e-01	1.470963134559267194e-01	7.017440402824876022e-02	2.822802110171928475e-02	7.334992594778957931e-02
1.064309447004162394e+03	2.688843197344735758e-01	1.717081194871926675e-01	2.397352727804746009e-01	1.474579365058964198e-01	7.032482699344032306e-02	2.831710696799456459e-02	7.357241753023528730e-02
1.069147217217817570e+03	2.680903615197549050e-01	1.711815137514132446e-01	2.402367457768000147e-01	1.478174014789289115e-01	7.047446873668419820e-02	2.840590172509902672e-02	7.379360701102710696e-02
1.073984987431472746e+03	2.673010388515461577e-01	1.706579059450260005e-01	2.407351011168440968e-01	1.481747213634516391e-01	7.062332833477719118e-02	2.849440369436796044e-02	7.401350069369430629e-02
1.078822757645127922e+03	2.665163243393413595e-01	1.701372789767734428e-01	2.412303662818048589e-01	1.485299090369911756e-01	7.077140515916305330e-02	2.858261126894973483e-02	7.423210493668373766e-02
1.083660527858783553e+03	2.657361907693936431e-01	1.696196158484157002e-01	2.417225681931278458e-01	1.488829772694222064e-01	7.091869885986792910e-02	2.867052291181378110e-02	7.444942614766626721e-02
1.088498298072438729e+03	2.649606111029407796e-01	1.691048996544423089e-01	2.422117332340597007e-01	1.492339387260392392e-01	7.106520935022614394e-02	2.875813715382559768e-02	7.466547077817357880e-02
1.093336068286093905e+03	2.641895584744757830e-01	1.685931135817743953e-01	2.426978872702050538e-01	1.495828059704607527e-01	7.121093679235802887e-02	2.884545259188600608e-02	7.488024531854735322e-02
1.098173838499749309e+03	2.634230061900589837e-01	1.680842409094584211e-01	2.431810556691350045e-01	1.499295914673753616e-01	7.135588158336352016e-02	2.893246788713201359e-02	7.509375629318409961e-02
1.103011608713404712e+03	2.626609277256720110e-01	1.675782650083513237e-01	2.436612633190925747e-01	1.502743075851386001e-01	7.150004434219667249e-02	2.901918176319676079e-02	7.530601025605945797e-02
1.107849378927059888e+03	2.619032967256105238e-01	1.670751693407979688e-01	2.441385346468387396e-01	1.506169665982291239e-01	7.164342589718819543e-02	2.910559300452613893e-02	7.551701378651674845e-02
1.112687149140715292e+03	2.611500870009138553e-01	1.665749374603014143e-01	2.446128936346803617e-01	1.509575806895718519e-01	7.178602727418459395e-02	2.919170045474974579e-02	7.572677348530562624e-02
1.117524919354370468e+03	2.604012725278315732e-01	1.660775530111862075e-01	2.450843638367189992e-01	1.512961619527356805e-01	7.192784968527397849e-02	2.927750301510409145e-02	7.593529597085689475e-02
1.122362689568025871e+03	2.596568274463237347e-01	1.655829997282551314e-01	2.455529683943584174e-01	1.516327223940131252e-01	7.206889451807027558e-02	2.936299964290583001e-02	7.614258787578094545e-02
1.127200459781681047e+03	2.589167260585943930e-01	1.650912614364400954e-01	2.460187300511060271e-01	1.519672739343881362e-01	7.220916332552845818e-02	2.944818935007310207e-02	7.634865584357727886e-02
1.132038229995336451e+03	2.581809428276566898e-01	1.646023220504473639e-01	2.464816711667021376e-01	1.522998284113991352e-01	7.234865781626549641e-02	2.953307120169304523e-02	7.655350652554374080e-02
1.136876000208991627e+03	2.574494523759284781e-01	1.641161655743973713e-01	2.469418137306095273e-01	1.526303975809021607e-01	7.248737984536202106e-02	2.961764431463369263e-02	7.675714657787445494e-02
1.141713770422646803e+03	2.567222294838571450e-01	1.636327761014598203e-01	2.473991793748933632e-01	1.529589931187410323e-01	7.262533140562180134e-02	2.970190785619843815e-02	7.695958265893612649e-02
1.146551540636302207e+03	2.559992490885723004e-01	1.631521378134840050e-01	2.478537893865212782e-01	1.532856266223291131e-01	7.276251461926667996e-02	2.978586104282150704e-02	7.716082142671285005e-02
1.151389310849957155e+03	2.552804862825655552e-01	1.626742349806250543e-01	2.483056647191108635e-01	1.536103096121477496e-01	7.289893173004564908e-02	2.986950313880276653e-02	7.736086953641015118e-02
1.156227081063612786e+03	2.545659163123957791e-01	1.621990519609660675e-01	2.487548260041510528e-01	1.539330535331666638e-01	7.303458509573834689e-02	2.995283345508039166e-02	7.755973363820946320e-02
1.161064851277267962e+03	2.538555145774198385e-01	1.617265732001367806e-01	2.492012935617226588e-01	1.542538697561902927e-01	7.316947718103357368e-02	3.003585134803995679e-02	7.775742037516468474e-02
1.165902621490923138e+03	2.531492566285464818e-01	1.612567832309286242e-01	2.496450874107417339e-01	1.545727695791346279e-01	7.330361055076467514e-02	3.011855621835850955e-02	7.795393638123308822e-02
1.170740391704578315e+03	2.524471181670139286e-01	1.607896666729068669e-01	2.500862272787487406e-01	1.548897642282385245e-01	7.343698786348455687e-02	3.020094750988238513e-02	7.814928827943276590e-02
1.175578161918233945e+03	2.517490750431888302e-01	1.603252082320198169e-01	2.505247326112648443e-01	1.552048648592131430e-01	7.356961186536371822e-02	3.028302470853742184e-02	7.834348268012003569e-02
1.180415932131889122e+03	2.510551032553871020e-01	1.598633927002054145e-01	2.509606225807359814e-01	1.555180825583335202e-01	7.370148538439569297e-02	3.036478734127041196e-02	7.853652617937967317e-02
1.185253702345544298e+03	2.503651789487150170e-01	1.594042049549953544e-01	2.513939160950847129e-01	1.558294283434751848e-01	7.383261132489500611e-02	3.044623497502063625e-02	7.872842535752194726e-02
1.190091472559199701e+03	2.496792784139299781e-01	1.589476299591171815e-01	2.518246318058875444e-01	1.561389131650992579e-01	7.396299266227326918e-02	3.052736721572032672e-02	7.891918677768031132e-02
1.194929242772855105e+03	2.489973780863203034e-01	1.584936527600943890e-01	2.522527881161967245e-01	1.564465479071891485e-01	7.409263243808009158e-02	3.060818370732308960e-02	7.910881698450417110e-02
1.199767012986510281e+03	2.483194545446033574e-01	1.580422584898446836e-01	2.526784031880220383e-01	1.567523433881415074e-01	7.422153375529577657e-02	3.068868413085916458e-02	7.929732250294135865e-02
1.204604783200165684e+03	2.476454845098415014e-01	1.575934323642766699e-01	2.531014949494898580e-01	1.570563103616142986e-01	7.434969977386368667e-02	3.076886820351666663e-02	7.948470983710524684e-02
1.209442553413820860e+03	2.469754448443746975e-01	1.571471596828853123e-01	2.535220811016936637e-01	1.573584595173343759e-01	7.447713370645048236e-02	3.084873567774780792e-02	7.967098546922163349e-02
1.214280323627476264e+03	2.463093125507698766e-01	1.567034258283459824e-01	2.539401791252515195e-01	1.576588014818672001e-01	7.460383881442324283e-02	3.092828634039922892e-02	7.985615585865092625e-02
1.219118093841131440e+03	2.456470647707863220e-01	1.562622162661075065e-01	2.543558062865836078e-01	1.579573468193506691e-01	7.472981840403288001e-02	3.100752001186563370e-02	8.004022744098146513e-02
1.223955864054786844e+03	2.449886787843557345e-01	1.558235165439843528e-01	2.547689796439233656e-01	1.582541060321953075e-01	7.485507582279382621e-02	3.108643654526583797e-02	8.022320662718965267e-02
1.228793634268442020e+03	2.443341320085778978e-01	1.553873122917480420e-01	2.551797160530748232e-01	1.585490895617531482e-01	7.497961445605029474e-02	3.116503582564056699e-02	8.040509980286324188e-02
1.233631404482097196e+03	2.436834019967301646e-01	1.549535892207179189e-01	2.555880321729278593e-01	1.588423077889565826e-01	7.510343772372021776e-02	3.124331776917111184e-02	8.058591332748413216e-02
1.238469174695752372e+03	2.430364664372908767e-01	1.545223331233514796e-01	2.559939444707424738e-01	1.591337710349295387e-01	7.522654907720811857e-02	3.132128232241827848e-02	8.076565353376724543e-02
1.243306944909407548e+03	2.423933031529763860e-01	1.540935298728343117e-01	2.563974692272134592e-01	1.594234895615723180e-01	7.534895199647853592e-02	3.139892946158084203e-02	8.094432672705213772e-02
1.248144715123063179e+03	2.417538900997907303e-01	1.536671654226698380e-01	2.567986225413257939e-01	1.597114735721220091e-01	7.547064998728238161e-02	3.147625919177290954e-02	8.112193918474441823e-02
1.252982485336718355e+03	2.411182053660880786e-01	1.532432258062688402e-01	2.571974203350094745e-01	1.599977332116895301e-01	7.559164657852859848e-02	3.155327154631953207e-02	8.129849715580404756e-02
1.257820255550373531e+03	2.404862271716472766e-01	1.528216971365392030e-01	2.575938783576046665e-01	1.602822785677751327e-01	7.571194531979413833e-02	3.162996658607000050e-02	8.147400686027769789e-02
1.262658025764028707e+03	2.398579338667582161e-01	1.524025656054755484e-01	2.579880121901446111e-01	1.605651196707635897e-01	7.583154977896537641e-02	3.170634439872817983e-02	8.164847448887259385e-02
1.267495795977684338e+03	2.392333039313195575e-01	1.519858174837491194e-01	2.583798372494657825e-01	1.608462664944000919e-01	7.595046354000457856e-02	3.178240509819942050e-02	8.182190620256954428e-02
1.272333566191339514e+03	2.386123159739475807e-01	1.515714391202979405e-01	2.587693687921527874e-01	1.611257289562483819e-01	7.606869020083535660e-02	3.185814882395342912e-02	8.199430813227268078e-02
1.277171336404994690e+03	2.379949487310958345e-01	1.511594169419173406e-01	2.591566219183254471e-01	1.614035169181319285e-01	7.618623337134117213e-02	3.193357574040268931e-02	8.216568637849373802e-02
1.282009106618650094e+03	2.373811810661851096e-01	1.507497374528512235e-01	2.595416115752763320e-01	1.616796401865594202e-01	7.630309667147142094e-02	3.200868603629582199e-02	8.233604701106890522e-02
1.286846876832305497e+03	2.367709919687437936e-01	1.503423872343832846e-01	2.599243525609641892e-01	1.619541085131354641e-01	7.641928372944978287e-02	3.208347992412550337e-02	8.250539606890616717e-02
1.291684647045960673e+03	2.361643605535577450e-01	1.499373529444294473e-01	2.603048595273717569e-01	1.622269315949574076e-01	7.653479818007982716e-02	3.215795763955048986e-02	8.267373955976152489e-02
1.296522417259616077e+03	2.355612660598299934e-01	1.495346213171306338e-01	2.606831469837320170e-01	1.624981190749991700e-01	7.664964366314311328e-02	3.223211944083128472e-02	8.284108346004200041e-02
1.301360187473271253e+03	2.349616878503499040e-01	1.491341791624464785e-01	2.610592292996308239e-01	1.627676805424828343e-01	7.676382382188512432e-02	3.230596560827898867e-02	8.300743371463414899e-02
1.306197957686926657e+03	2.343656054106708631e-01	1.487360133657497363e-01	2.614331207079904074e-01	1.630356255332390258e-01	7.687734230158495274e-02	3.237949644371709151e-02	8.317279623675624678e-02
1.311035727900581833e+03	2.337729983482974283e-01	1.483401108874216334e-01	2.618048353079400203e-01	1.633019635300564376e-01	7.699020274820427001e-02	3.245271226995562197e-02	8.333717690783289112e-02
1.315873498114237009e+03	2.331838463918806392e-01	1.479464587624482463e-01	2.621743870675781185e-01	1.635667039630214759e-01	7.710240880711190237e-02	3.252561343027742663e-02	8.350058157739050080e-02
1.320711268327892412e+03	2.325981293904220981e-01	1.475550441000176849e-01	2.625417898266310668e-01	1.638298562098484401e-01	7.721396412188036296e-02	3.259820028793618263e-02	8.366301606297243953e-02
1.325549038541547588e+03	2.320158273124856840e-01	1.471658540831185247e-01	2.629070572990140908e-01	1.640914295962011271e-01	7.732487233315037123e-02	3.267047322566581091e-02	8.382448615007263848e-02
1.330386808755202765e+03	2.314369202454178154e-01	1.467788759681392663e-01	2.632702030752973599e-01	1.643514333960060803e-01	7.743513707756054243e-02	3.274243264520088070e-02	8.398499759208630233e-02
1.335224578968857941e+03	2.308613883945750400e-01	1.463940970844688771e-01	2.636312406250826967e-01	1.646098768317583727e-01	7.754476198673847243e-02	3.281407896680788028e-02	8.414455611027694959e-02
1.340062349182513572e+03	2.302892120825595079e-01	1.460115048340986654e-01	2.639901832992943564e-01	1.648667690748198966e-01	7.765375068635063660e-02	3.288541262882681976e-02	8.430316739375841306e-02
1.344900119396168748e+03	2.297203717484617436e-01	1.456310866912252366e-01	2.643470443323878705e-01	1.651221192457114073e-01	7.776210679520788316e-02	3.295643408722305490e-02	8.446083709949112062e-02
1.349737889609823924e+03	2.291548479471105793e-01	1.452528302018549211e-01	2.647018368444806202e-01	1.653759364143979615e-01	7.786983392442381469e-02	3.302714381514896408e-02	8.461757085229149045e-02
1.354575659823479100e+03	2.285926213483302771e-01	1.448767229834092007e-01	2.650545738434077481e-01	1.656282296005687493e-01	7.797693567662350445e-02	3.309754230251520102e-02	8.477337424485370532e-02
1.359413430037134731e+03	2.280336727362046179e-01	1.445027527243318288e-01	2.654052682267064589e-01	1.658790077739112356e-01	7.808341564520000777e-02	3.316763005557129412e-02	8.492825283778301926e-02
1.364251200250789907e+03	2.274779830083476229e-01	1.441309071836970879e-01	2.657539327835320986e-01	1.661282798543803341e-01	7.818927741361615669e-02	3.323740759649537052e-02	8.508221215963988893e-02
1.369088970464445310e+03	2.269255331751808824e-01	1.437611741908195462e-01	2.661005801965089512e-01	1.663760547124630007e-01	7.829452455474947281e-02	3.330687546299264390e-02	8.523525770699405535e-02
1.373926740678100487e+03	2.263763043592176005e-01	1.433935416448653133e-01	2.664452230435188085e-01	1.666223411694380263e-01	7.839916063027817239e-02	3.337603420790260372e-02	8.538739494448804868e-02
1.378764510891755890e+03	2.258302777943526907e-01	1.430279975144646554e-01	2.667878737994297533e-01	1.668671479976318595e-01	7.850318919010583485e-02	3.344488439881449643e-02	8.553862930490931105e-02
1.383602281105411066e+03	2.252874348251593384e-01	1.426645298373260540e-01	2.671285448377679894e-01	1.671104839206705994e-01	7.860661377182316667e-02	3.351342661769104309e-02	8.568896618927047959e-02
1.388440051319066470e+03	2.247477569061915315e-01	1.423031267198520133e-01	2.674672484323347144e-01	1.673523576137283253e-01	7.870943790020476505e-02	3.358166146050006046e-02	8.583841096689727446e-02
1.393277821532721646e+03	2.242112256012925298e-01	1.419437763367560890e-01	2.678039967587718673e-01	1.675927777037719835e-01	7.881166508673918825e-02	3.364958953685386750e-02	8.598696897552317309e-02
1.398115591746377049e+03	2.236778225829094413e-01	1.415864669306817758e-01	2.681388018960765840e-01	1.678317527698032774e-01	7.891329882919057015e-02	3.371721146965621363e-02	8.613464552139077357e-02
1.402953361960032225e+03	2.231475296314132106e-01	1.412311868118228120e-01	2.684716758280691340e-01	1.680692913430975322e-01	7.901434261119026636e-02	3.378452789475660384e-02	8.628144587935900056e-02
1.407791132173687402e+03	2.226203286344245469e-01	1.408779243575450368e-01	2.688026304448145054e-01	1.683054019074397001e-01	7.911479990185708855e-02	3.385153946061177088e-02	8.642737529301594557e-02
1.412628902387342805e+03	2.220962015861452366e-01	1.405266680120099698e-01	2.691316775439999698e-01	1.685400928993580905e-01	7.921467415544433677e-02	3.391824682795419738e-02	8.657243897479685590e-02
1.417466672600997981e+03	2.215751305866949239e-01	1.401774062857999714e-01	2.694588288322715686e-01	1.687733727083554069e-01	7.931396881101264451e-02	3.398465066946743107e-02	8.671664210610677270e-02
1.422304442814653157e+03	2.210570978414533871e-01	1.398301277555450417e-01	2.697840959265297989e-01	1.690052496771377866e-01	7.941268729212701272e-02	3.405075166946807536e-02	8.685998983744760982e-02
1.427142213028308333e+03	2.205420856604078383e-01	1.394848210635513397e-01	2.701074903551873851e-01	1.692357321018416461e-01	7.951083300657706132e-02	3.411655052359430229e-02	8.700248728854917402e-02
1.431979983241963964e+03	2.200300764575056078e-01	1.391414749174311738e-01	2.704290235593897473e-01	1.694648282322585853e-01	7.960840934611901343e-02	3.418204793850070089e-02	8.714413954850393218e-02
1.436817753455619140e+03	2.195210527500117970e-01	1.388000780897349906e-01	2.707487068942006081e-01	1.696925462720584865e-01	7.970541968623849616e-02	3.424724463155934262e-02	8.728495167590503978e-02
1.441655523669274316e+03	2.190149971578720378e-01	1.384606194175847238e-01	2.710665516297535715e-01	1.699188943790110040e-01	7.980186738593302020e-02	3.431214133056689763e-02	8.742492869898754737e-02
1.446493293882929493e+03	2.185118924030800547e-01	1.381230878023090303e-01	2.713825689523713947e-01	1.701438806652052493e-01	7.989775578751302787e-02	3.437673877345767681e-02	8.756407561577238263e-02
1.451331064096585123e+03	2.180117213090502493e-01	1.377874722090801918e-01	2.716967699656542834e-01	1.703675131972682555e-01	7.999308821642074629e-02	3.444103770802241227e-02	8.770239739421278879e-02
1.456168834310240300e+03	2.175144667999947823e-01	1.374537616665528206e-01	2.720091656915379907e-01	1.705897999965817757e-01	8.008786798106563853e-02	3.450503889163274163e-02	8.783989897234316391e-02
1.461006604523895703e+03	2.170201119003057899e-01	1.371219452665040639e-01	2.723197670713241592e-01	1.708107490394979999e-01	8.018209837267578632e-02	3.456874309097120873e-02	8.797658525842991240e-02
1.465844374737550879e+03	2.165286397339417912e-01	1.367920121634757236e-01	2.726285849666822969e-01	1.710303682575539941e-01	8.027578266516430250e-02	3.463215108176659340e-02	8.811246113112426726e-02
1.470682144951206283e+03	2.160400335238188696e-01	1.364639515744180132e-01	2.729356301606259971e-01	1.712486655376849465e-01	8.036892411500992650e-02	3.469526364853459804e-02	8.824753143961658330e-02
1.475519915164861459e+03	2.155542765912066006e-01	1.361377527783352026e-01	2.732409133584638994e-01	1.714656487224361925e-01	8.046152596115109523e-02	3.475808158432363432e-02	8.838180100379229576e-02
1.480357685378516862e+03	2.150713523551278927e-01	1.358134051159327615e-01	2.735444451887261152e-01	1.716813256101746565e-01	8.055359142489278146e-02	3.482060569046569604e-02	8.851527461438903066e-02
1.485195455592172038e+03	2.145912443317636864e-01	1.354908979892664456e-01	2.738462362040675613e-01	1.718957039552987398e-01	8.064512370982541978e-02	3.488283677633214480e-02	8.864795703315496433e-02
1.490033225805827215e+03	2.141139361338616209e-01	1.351702208613930478e-01	2.741462968821489210e-01	1.721087914684478193e-01	8.073612600175507359e-02	3.494477565909431122e-02	8.877985299300814037e-02
1.494870996019482618e+03	2.136394114701493374e-01	1.348513632560229547e-01	2.744446376264960685e-01	1.723205958167106089e-01	8.082660146864464878e-02	3.500642316348885619e-02	8.891096719819650829e-02
1.499708766233137567e+03	2.131676541447516393e-01	1.345343147571743392e-01	2.747412687673386200e-01	1.725311246238327156e-01	8.091655326056503006e-02	3.506778012158771191e-02	8.904130432445890586e-02
1.504546536446793198e+03	2.126986480566120385e-01	1.342190650088292692e-01	2.750362005624290007e-01	1.727403854704236130e-01	8.100598450965607045e-02	3.512884737257260248e-02	8.917086901918638842e-02
1.509384306660448374e+03	2.122323771989183261e-01	1.339056037145913980e-01	2.753294431978421386e-01	1.729483858941626151e-01	8.109489833009653204e-02	3.518962576251391527e-02	8.929966590158412709e-02
1.514222076874103550e+03	2.117688256585321394e-01	1.335939206373455423e-01	2.756210067887567283e-01	1.731551333900043232e-01	8.118329781808272805e-02	3.525011614415399230e-02	8.942769956283370958e-02
1.519059847087758726e+03	2.113079776154226930e-01	1.332840055989188699e-01	2.759109013802189536e-01	1.733606354103833236e-01	8.127118605181513078e-02	3.531031937669461968e-02	8.955497456625557962e-02
1.523897617301414357e+03	2.108498173421043120e-01	1.329758484797441964e-01	2.761991369478891678e-01	1.735648993654183292e-01	8.135856609149282048e-02	3.537023632558866648e-02	8.968149544747174018e-02
1.528735387515069533e+03	2.103943292030780177e-01	1.326694392185243654e-01	2.764857233987719765e-01	1.737679326231155730e-01	8.144544097931499804e-02	3.542986786233585234e-02	8.980726671456842891e-02
1.533573157728724709e+03	2.099414976542767486e-01	1.323647678118991255e-01	2.767706705719308324e-01	1.739697425095717009e-01	8.153181373948942268e-02	3.548921486428243538e-02	8.993229284825889069e-02
1.538410927942380113e+03	2.094913072425147182e-01	1.320618243141132575e-01	2.770539882391872544e-01	1.741703363091759993e-01	8.161768737824715014e-02	3.554827821442486241e-02	9.005657830204595593e-02
1.543248698156035516e+03	2.090437426049402692e-01	1.317605988366866154e-01	2.773356861058051126e-01	1.743697212648121775e-01	8.170306488386336330e-02	3.560705880121721456e-02	9.018012750238449393e-02
1.548086468369690692e+03	2.085987884684926963e-01	1.314610815480859174e-01	2.776157738111611484e-01	1.745679045780595129e-01	8.178794922668389256e-02	3.566555751838243471e-02	9.030294484884369977e-02
1.552924238583346096e+03	2.081564296493625399e-01	1.311632626733982010e-01	2.778942609294018928e-01	1.747648934093934125e-01	8.187234335915705152e-02	3.572377526472721859e-02	9.042503471426897865e-02
1.557762008797001272e+03	2.077166510524556808e-01	1.308671324940061664e-01	2.781711569700871522e-01	1.749606948783856974e-01	8.195625021587055192e-02	3.578171294396047947e-02	9.054640144494358056e-02
1.562599779010656675e+03	2.072794376708610442e-01	1.305726813472650738e-01	2.784464713788208368e-01	1.751553160639040541e-01	8.203967271359305369e-02	3.583937146451542100e-02	9.066704936074981847e-02
1.567437549224311852e+03	2.068447745853219111e-01	1.302798996261815556e-01	2.787202135378697432e-01	1.753487640043111806e-01	8.212261375132022534e-02	3.589675173937503100e-02	9.078698275532977313e-02
1.572275319437967255e+03	2.064126469637105332e-01	1.299887777790938448e-01	2.789923927667701253e-01	1.755410456976634337e-01	8.220507621032491219e-02	3.595385468590092670e-02	9.090620589624558157e-02
1.577113089651622431e+03	2.059830400605066891e-01	1.296993063093542786e-01	2.792630183229234397e-01	1.757321681019088921e-01	8.228706295421121808e-02	3.601068122566562779e-02	9.102472302513918423e-02
1.581950859865277607e+03	2.055559392162792653e-01	1.294114757750128575e-01	2.795320994021804895e-01	1.759221381350850322e-01	8.236857682897222310e-02	3.606723228428804218e-02	9.114253835789143388e-02
1.586788630078933011e+03	2.051313298571716126e-01	1.291252767885029684e-01	2.797996451394149098e-01	1.761109626755158475e-01	8.244962066305117077e-02	3.612350879127212283e-02	9.125965608478070479e-02
1.591626400292587959e+03	2.047091974943900106e-01	1.288407000163287464e-01	2.800656646090867730e-01	1.762986485620086086e-01	8.253019726740570827e-02	3.617951167984875122e-02	9.137608037064072486e-02
1.596464170506243590e+03	2.042895277236958518e-01	1.285577361787539896e-01	2.803301668257958124e-01	1.764852025940499280e-01	8.261030943557527706e-02	3.623524188682061137e-02	9.149181535501786644e-02
1.601301940719898766e+03	2.038723062249008233e-01	1.282763760494928240e-01	2.805931607448250986e-01	1.766706315320016041e-01	8.268995994375115399e-02	3.629070035241017261e-02	9.160686515232767391e-02
1.606139710933553943e+03	2.034575187613656133e-01	1.279966104554022543e-01	2.808546552626753900e-01	1.768549420972957698e-01	8.276915155084914322e-02	3.634588802011056580e-02	9.172123385201068346e-02
1.610977481147209119e+03	2.030451511795017261e-01	1.277184302761762147e-01	2.811146592175902126e-01	1.770381409726297928e-01	8.284788699858461336e-02	3.640080583653944324e-02	9.183492551868747966e-02
1.615815251360864750e+03	2.026351894082768224e-01	1.274418264440411730e-01	2.813731813900725576e-01	1.772202348021604812e-01	8.292616901154982456e-02	3.645545475129561425e-02	9.194794419231305804e-02
1.620653021574519926e+03	2.022276194587228904e-01	1.271667899434537341e-01	2.816302305033928088e-01	1.774012301916979562e-01	8.300400029729330942e-02	3.650983571681853945e-02	9.206029388833029958e-02
1.625490791788175102e+03	2.018224274234479421e-01	1.268933118107996860e-01	2.818858152240885651e-01	1.775811337088989417e-01	8.308138354640111356e-02	3.656394968825055908e-02	9.217197859782272351e-02
1.630328562001830505e+03	2.014195994761506792e-01	1.266213831340949059e-01	2.821399441624561355e-01	1.777599518834596382e-01	8.315832143257996523e-02	3.661779762330183430e-02	9.228300228766639357e-02
1.635166332215485909e+03	2.010191218711384065e-01	1.263509950526876258e-01	2.823926258730346528e-01	1.779376912073081518e-01	8.323481661274184651e-02	3.667138048211792539e-02	9.239336890068099162e-02
1.640004102429141085e+03	2.006209809428478319e-01	1.260821387569626417e-01	2.826438688550826361e-01	1.781143581347962856e-01	8.331087172709022992e-02	3.672469922714993729e-02	9.250308235578010019e-02
1.644841872642796488e+03	2.002251631053692249e-01	1.258148054880470490e-01	2.828936815530469495e-01	1.782899590828909975e-01	8.338648939920760561e-02	3.677775482302730187e-02	9.261214654812055525e-02
1.649679642856451665e+03	1.998316548519733782e-01	1.255489865375174208e-01	2.831420723570250986e-01	1.784645004313653027e-01	8.346167223614435471e-02	3.683054823643298198e-02	9.272056534925102178e-02
1.654517413070107068e+03	1.994404427546418723e-01	1.252846732471092350e-01	2.833890496032204220e-01	1.786379885229885389e-01	8.353642282850864964e-02	3.688308043598119423e-02	9.282834260725963960e-02
1.659355183283762244e+03	1.990515134636000882e-01	1.250218570084270509e-01	2.836346215743901777e-01	1.788104296637164359e-01	8.361074375055750629e-02	3.693535239209751186e-02	9.293548214692078091e-02
1.664192953497417420e+03	1.986648537068531895e-01	1.247605292626570855e-01	2.838787965002880220e-01	1.789818301228802977e-01	8.368463756028864109e-02	3.698736507690134068e-02	9.304198776984104469e-02
