7.063144511936714025e+02	3.429820862908607992e-01	2.201382615250132846e-01	1.902238147840936699e-01	1.136662788932993606e-01	5.813061283722271294e-02	2.145264870876179356e-02	5.340629696045329916e-02
7.111522214073266923e+02	3.417341475935240513e-01	2.193501028028145283e-01	1.911807482154779525e-01	1.142377436155805198e-01	5.824121487685826604e-02	2.153829783533778991e-02	5.371774506011177397e-02
7.159899916209819821e+02	3.404939535786630778e-01	2.185662233111048680e-01	1.921223226953399088e-01	1.148048828024159224e-01	5.835873848326258301e-02	2.162468811850051451e-02	5.402919101041802480e-02
7.208277618346371582e+02	3.392614463647655731e-01	2.177866001246931693e-01	1.930492159005257335e-01	1.153677898049226547e-01	5.848265120564594827e-02	2.171177659136015042e-02	5.434052000779165947e-02
7.256655320482924481e+02	3.380365689586426470e-01	2.170112105096041188e-01	1.939620650592711049e-01	1.159265529400862055e-01	5.861245509319661096e-02	2.179952232446125474e-02	5.465162511444289495e-02
7.305033022619478515e+02	3.368192652193899850e-01	2.162400319160390216e-01	1.948614694810321402e-01	1.164812558066194437e-01	5.874768450396339325e-02	2.188788631215560568e-02	5.496240676050521273e-02
7.353410724756030277e+02	3.356094798244450561e-01	2.154730419717826306e-01	1.957479929268148011e-01	1.170319775808719709e-01	5.888790405239700126e-02	2.197683136587470429e-02	5.527277227751865862e-02
7.401788426892584312e+02	3.344071582376100804e-01	2.147102184760279198e-01	1.966221658300764119e-01	1.175787932940483421e-01	5.903270668678307215e-02	2.206632201387084477e-02	5.558263546128813098e-02
7.450166129029136073e+02	3.332122466789189663e-01	2.139515393935916276e-01	1.974844873776370746e-01	1.181217740919143777e-01	5.918171188835415208e-02	2.215632440702284753e-02	5.589191616226572151e-02
7.498543831165690108e+02	3.320246920962333648e-01	2.131969828494954255e-01	1.983354274594419930e-01	1.186609874780963220e-01	5.933456398438687052e-02	2.224680623032803881e-02	5.620053990172275971e-02
7.546921533302243006e+02	3.308444421384606482e-01	2.124465271238895892e-01	1.991754284954570520e-01	1.191964975420079648e-01	5.949093056807699259e-02	2.233773661972583702e-02	5.650843751208672189e-02
7.595299235438793630e+02	3.296714451302937832e-01	2.117001506472968031e-01	2.000049071474570006e-01	1.197283651723755477e-01	5.965050101844061176e-02	2.242908608392060049e-02	5.681554479992051432e-02
7.643676937575347665e+02	3.285056500483781727e-01	2.109578319961555870e-01	2.008242559229752311e-01	1.202566482572690748e-01	5.981298511391650030e-02	2.252082643089246480e-02	5.712180223011778524e-02
7.692054639711900563e+02	3.273470064988180384e-01	2.102195498886443303e-01	2.016338446782245941e-01	1.207814018714913479e-01	5.997811173374447552e-02	2.261293069880428511e-02	5.742715462997774467e-02
7.740432341848452324e+02	3.261954646959388526e-01	2.094852831807672844e-01	2.024340220263685652e-01	1.213026784521222950e-01	6.014562764156916597e-02	2.270537309103133616e-02	5.773155091190728533e-02
7.788810043985006359e+02	3.250509754422289954e-01	2.087550108626861356e-01	2.032251166571193424e-01	1.218205279629660936e-01	6.031529634606952461e-02	2.279812891505752712e-02	5.803494381357722498e-02
7.837187746121558121e+02	3.239134901093873031e-01	2.080287120552810343e-01	2.040074385732611184e-01	1.223349980486009847e-01	6.048689703374301313e-02	2.289117452499803834e-02	5.833728965443332748e-02
7.885565448258112156e+02	3.227829606204094537e-01	2.073063660069260905e-01	2.047812802493441664e-01	1.228461341786881433e-01	6.066022356928137821e-02	2.298448726752336940e-02	5.863854810753219710e-02
7.933943150394665054e+02	3.216593394326482946e-01	2.065879520904659594e-01	2.055469177174624185e-01	1.233539797831539053e-01	6.083508355926334210e-02	2.307804543097398062e-02	5.893868198573696399e-02
7.982320852531219089e+02	3.205425795217887730e-01	2.058734498003798041e-01	2.063046115847184947e-01	1.238585763788214167e-01	6.101129747515989660e-02	2.317182819746788427e-02	5.923765704136856741e-02
8.030698554667769713e+02	3.194326343666821222e-01	2.051628387501210071e-01	2.070546079866879829e-01	1.243599636880314135e-01	6.118869783190079847e-02	2.326581559781603151e-02	5.953544177846552266e-02
8.079076256804323748e+02	3.183294579349852937e-01	2.044560986696208615e-01	2.077971394809230432e-01	1.248581797497573392e-01	6.136712841848824401e-02	2.335998846907194268e-02	5.983200727685819564e-02
8.127453958940876646e+02	3.172330046695578387e-01	2.037532094029458063e-01	2.085324258842798928e-01	1.253532610236887390e-01	6.154644357736568927e-02	2.345432841455291975e-02	6.012732702731404810e-02
8.175831661077428407e+02	3.161432294755693317e-01	2.030541509060979910e-01	2.092606750576158636e-01	1.258452424877265219e-01	6.172650752945803287e-02	2.354881776618041045e-02	6.042137677705675114e-02
8.224209363213982442e+02	3.150600877082743168e-01	2.023589032449499558e-01	2.099820836411773195e-01	1.263341577293061457e-01	6.190719374199414593e-02	2.364343954899668365e-02	6.071413438500634918e-02
8.272587065350534203e+02	3.139835351614141401e-01	2.016674465933044891e-01	2.106968377437902218e-01	1.268200390309379977e-01	6.208838433640567755e-02	2.373817744772383984e-02	6.100557968612857485e-02
8.320964767487085965e+02	3.129135280562077015e-01	2.009797612310715575e-01	2.114051135887688726e-01	1.273029174503301775e-01	6.226996953376676830e-02	2.383301577523971870e-02	6.129569436432007190e-02
8.369342469623640000e+02	3.118500230308960397e-01	2.002958275425546775e-01	2.121070781192730403e-01	1.277828228954357714e-01	6.245184713539989052e-02	2.392793944285304467e-02	6.158446183329240042e-02
8.417720171760191761e+02	3.107929771308058919e-01	1.996156260148393702e-01	2.128028895656727260e-01	1.282597841947448747e-01	6.263392203642309530e-02	2.402293393226754073e-02	6.187186712495144902e-02
8.466097873896745796e+02	3.097423477989025842e-01	1.989391372362771526e-01	2.134926979773167366e-01	1.287338291631215104e-01	6.281610577015449282e-02	2.411798526913165597e-02	6.215789678480081182e-02
8.514475576033297557e+02	3.086980928668024426e-01	1.982663418950585399e-01	2.141766457209510754e-01	1.292049846634671095e-01	6.299831608142168748e-02	2.421307999807702574e-02	6.244253877392706709e-02
8.562853278169851592e+02	3.076601705462162495e-01	1.975972207778692036e-01	2.148548679478903822e-01	1.296732766644738966e-01	6.318047652694730454e-02	2.430820515915484495e-02	6.272578237715305260e-02
8.611230980306403353e+02	3.066285394207992065e-01	1.969317547686241787e-01	2.155274930319132642e-01	1.301387302947148439e-01	6.336251610109729093e-02	2.440334826558502451e-02	6.300761811697111470e-02
8.659608682442956251e+02	3.056031584383825384e-01	1.962699248472740410e-01	2.161946429797278191e-01	1.306013698933023159e-01	6.354436888538712858e-02	2.449849728273829561e-02	6.328803767289280235e-02
8.707986384579510286e+02	3.045839869035641967e-01	1.956117120886793070e-01	2.168564338157368543e-01	1.310612190573313129e-01	6.372597372024242646e-02	2.459364060827648468e-02	6.356703380587437613e-02
8.756364086716062047e+02	3.035709844706375171e-01	1.949570976615476181e-01	2.175129759427233689e-01	1.315183006863111514e-01	6.390727389760558763e-02	2.468876705338074809e-02	6.384460028749897043e-02
8.804741788852616082e+02	3.025641111368378433e-01	1.943060628274300150e-01	2.181643744799742213e-01	1.319726370237754298e-01	6.408821687306914816e-02	2.478386582500205493e-02	6.412073183361631512e-02
8.853119490989170117e+02	3.015633272358879124e-01	1.936585889397721971e-01	2.188107295802642349e-01	1.324242496962488580e-01	6.426875399629987384e-02	2.487892650907220365e-02	6.439542404215975457e-02
8.901497193125721878e+02	3.005685934318256813e-01	1.930146574430169071e-01	2.194521367270331202e-01	1.328731597497378736e-01	6.444884025859587418e-02	2.497393905461760613e-02	6.466867333487798242e-02
8.949874895262273640e+02	2.995798707130969407e-01	1.923742498717540550e-01	2.200886870130032424e-01	1.333193876839016689e-01	6.462843405649219830e-02	2.506889375872155615e-02	6.494047690273541118e-02
8.998252597398827675e+02	2.985971203868976187e-01	1.917373478499156403e-01	2.207204674014079382e-01	1.337629534840502343e-01	6.480749697039886459e-02	2.516378125228420706e-02	6.521083265475056956e-02
9.046630299535379436e+02	2.976203040737516181e-01	1.911039330900119182e-01	2.213475609709257275e-01	1.342038766511070291e-01	6.498599355731966842e-02	2.525859248653255368e-02	6.547973917005656119e-02
9.095008001671932334e+02	2.966493837023105873e-01	1.904739873924062576e-01	2.219700471453468216e-01	1.346421762296645397e-01	6.516389115676018973e-02	2.535331872023569369e-02	6.574719565298092760e-02
9.143385703808486369e+02	2.956843215043624129e-01	1.898474926446261368e-01	2.225880019089336304e-01	1.350778708342540435e-01	6.534115970898987658e-02	2.544795150758345781e-02	6.601320189095542801e-02
9.191763405945038130e+02	2.947250800100369439e-01	1.892244308207075287e-01	2.232014980083757982e-01	1.355109786739420730e-01	6.551777158487577524e-02	2.554248268668909277e-02	6.627775821507778109e-02
9.240141108081592165e+02	2.937716220431976222e-01	1.886047839805705395e-01	2.238106051421841491e-01	1.359415175753597160e-01	6.569370142655513167e-02	2.563690436867906153e-02	6.654086546315880757e-02
9.288518810218145063e+02	2.928239107170083622e-01	1.879885342694240513e-01	2.244153901383139360e-01	1.363695050042639523e-01	6.586892599826034422e-02	2.573120892733540832e-02	6.680252494509890393e-02
9.336896512354697961e+02	2.918819094296662420e-01	1.873756639171974547e-01	2.250159171207584408e-01	1.367949580857240610e-01	6.604342404665304589e-02	2.582538898925820434e-02	6.706273841044745054e-02
9.385274214491247449e+02	2.909455818602901811e-01	1.867661552379973888e-01	2.256122476658064535e-01	1.372178936230198654e-01	6.621717617006510348e-02	2.591943742451761554e-02	6.732150801800830531e-02
9.433651916627801484e+02	2.900148919649567225e-01	1.861599906295878237e-01	2.262044409486146934e-01	1.376383281153340798e-01	6.639016469608199911e-02	2.601334733776706001e-02	6.757883630736254144e-02
9.482029618764355519e+02	2.890898039728764246e-01	1.855571525728919036e-01	2.267925538807030739e-01	1.380562777743144232e-01	6.656237356694008622e-02	2.610711205979060132e-02	6.783472617218842815e-02
9.530407320900908417e+02	2.881702823827005933e-01	1.849576236315138844e-01	2.273766412389450209e-01	1.384717585395779382e-01	6.673378823224260237e-02	2.620072513945944856e-02	6.808918083526550868e-02
9.578785023037459041e+02	2.872562919589535801e-01	1.843613864512797795e-01	2.279567557865861127e-01	1.388847860932238554e-01	6.690439554853032378e-02	2.629418033607399188e-02	6.834220382505731828e-02
9.627162725174014213e+02	2.863477977285824871e-01	1.837684237597952963e-01	2.285329483867932221e-01	1.392953758734187253e-01	6.707418368527262587e-02	2.638747161206914452e-02	6.859379895377348824e-02
9.675540427310568248e+02	2.854447649776181706e-01	1.831787183660199547e-01	2.291052681092023979e-01	1.397035430871119421e-01	6.724314203687174751e-02	2.648059312606228580e-02	6.884397029681849078e-02
9.723918129447120009e+02	2.845471592479419942e-01	1.825922531598560827e-01	2.296737623299061892e-01	1.401093027219374454e-01	6.741126114029907801e-02	2.657353922622424439e-02	6.909272217353994161e-02
9.772295831583674044e+02	2.836549463341526134e-01	1.820090111117515785e-01	2.302384768252916658e-01	1.405126695573530315e-01	6.757853259800614132e-02	2.666630444395499955e-02	6.934005912919498360e-02
9.820673533720223531e+02	2.827680922805269614e-01	1.814289752723153848e-01	2.307994558601156321e-01	1.409136581750659034e-01	6.774494900577590628e-02	2.675888348784693019e-02	6.958598591805829903e-02
9.869051235856777566e+02	2.818865633780713309e-01	1.808521287719452031e-01	2.313567422701782172e-01	1.413122829687896431e-01	6.791050388520099290e-02	2.685127123791944750e-02	6.983050748760016857e-02
9.917428937993331601e+02	2.810103261616576087e-01	1.802784548204655890e-01	2.319103775399340706e-01	1.417085581533754357e-01	6.807519162049503747e-02	2.694346274010984282e-02	7.007362896366742255e-02
9.965806640129884499e+02	2.801393474072398915e-01	1.797079367067766220e-01	2.324604018753583246e-01	1.421024977733570949e-01	6.823900739936249182e-02	2.703545320100613630e-02	7.031535563660439025e-02
1.001418434226643626e+03	2.792735941291482060e-01	1.791405577985116238e-01	2.330068542723651159e-01	1.424941157109474443e-01	6.840194715766903522e-02	2.712723798280852749e-02	7.055569294825497773e-02
1.006256204440298802e+03	2.784130335774545606e-01	1.785763015417036748e-01	2.335497725810567748e-01	1.428834256935209157e-01	6.856400752767152773e-02	2.721881259850689183e-02	7.079464647979047398e-02
1.011093974653954206e+03	2.775576332354086628e-01	1.780151514604600416e-01	2.340891935660654732e-01	1.432704413006153921e-01	6.872518578958121405e-02	2.731017270726253388e-02	7.103222194031150183e-02
1.015931744867609382e+03	2.767073608169389187e-01	1.774570911566438480e-01	2.346251529632313315e-01	1.436551759704833564e-01	6.888547982624883270e-02	2.740131410998311243e-02	7.126842515617541618e-02
1.020769515081264785e+03	2.758621842642163258e-01	1.769021043095625190e-01	2.351576855328467719e-01	1.440376430062220436e-01	6.904488808077297035e-02	2.749223274508027712e-02	7.150326206100382498e-02
1.025607285294920075e+03	2.750220717452782071e-01	1.763501746756625244e-01	2.356868251096814748e-01	1.444178555815086584e-01	6.920340951684614272e-02	2.758292468440027428e-02	7.173673868632744755e-02
1.030445055508575479e+03	2.741869916517078454e-01	1.758012860882296746e-01	2.362126046499893328e-01	1.447958267459664994e-01	6.936104358166446382e-02	2.767338612931830380e-02	7.196886115282860596e-02
1.035282825722230655e+03	2.733569125963690727e-01	1.752554224570947450e-01	2.367350562756860288e-01	1.451715694301853599e-01	6.951779017123801974e-02	2.776361340698795324e-02	7.219963566214354644e-02
1.040120595935886058e+03	2.725318034111919308e-01	1.747125677683437073e-01	2.372542113158739030e-01	1.455450964504184375e-01	6.967364959794926371e-02	2.785360296673758396e-02	7.242906848918989615e-02
1.044958366149541234e+03	2.717116331450078470e-01	1.741727060840326524e-01	2.377701003458793927e-01	1.459164205129763747e-01	6.982862256021632463e-02	2.794335137660604318e-02	7.265716597498607376e-02
1.049796136363196410e+03	2.708963710614314402e-01	1.736358215419064044e-01	2.382827532239585877e-01	1.462855542183382762e-01	6.998271011412751652e-02	2.803285532001047187e-02	7.288393451993198380e-02
1.054633906576851814e+03	2.700859866367877338e-01	1.731018983551209922e-01	2.387921991258158960e-01	1.466525100649973268e-01	7.013591364692133012e-02	2.812211159253943590e-02	7.310938057752204566e-02
1.059471676790506763e+03	2.692804495580815027e-01	1.725709208119693416e-01	2.392984665770723496e-01	1.470173004530584970e-01	7.028823485219458378e-02	2.821111709886504892e-02	7.333351064846348188e-02
1.064309447004162394e+03	2.684797297210086420e-01	1.720428732756100476e-01	2.398015834838106985e-01	1.473799376876042677e-01	7.043967570672859946e-02	2.829986884976805686e-02	7.355633127517451075e-02
1.069147217217817570e+03	2.676837972280061151e-01	1.715177401837988669e-01	2.403015771613175033e-01	1.477404339818431944e-01	7.059023844883029197e-02	2.838836395927025677e-02	7.377784903663862914e-02
1.073984987431472746e+03	2.668926223863400393e-01	1.709955060486226530e-01	2.407984743611336353e-01	1.480988014600553293e-01	7.073992555809162364e-02	2.847659964186892781e-02	7.399807054359260061e-02
1.078822757645127922e+03	2.661061757062295752e-01	1.704761554562358450e-01	2.412923012965188241e-01	1.484550521603478501e-01	7.088873973647696891e-02	2.856457320986828530e-02	7.421700243402752639e-02
1.083660527858783553e+03	2.653244278990054550e-01	1.699596730665983990e-01	2.417830836664281724e-01	1.488091980372329148e-01	7.103668389065373456e-02	2.865228207080323594e-02	7.443465136898298751e-02
1.088498298072438729e+03	2.645473498753020403e-01	1.694460436132161352e-01	2.422708466780930936e-01	1.491612509640395379e-01	7.118376111548675722e-02	2.873972372495098293e-02	7.465102402861630015e-02
1.093336068286093905e+03	2.637749127432810203e-01	1.689352519028825272e-01	2.427556150682931568e-01	1.495112227351701184e-01	7.132997467862225993e-02	2.882689576292634184e-02	7.486612710852941222e-02
1.098173838499749309e+03	2.630070878068860862e-01	1.684272828154217139e-01	2.432374131233995540e-01	1.498591250682115572e-01	7.147532800609179837e-02	2.891379586335677404e-02	7.507996731633738430e-02
1.103011608713404712e+03	2.622438465641268590e-01	1.679221213034331750e-01	2.437162646982662939e-01	1.502049696059109540e-01	7.161982466887084620e-02	2.900042179063342176e-02	7.529255136846334240e-02
1.107849378927059888e+03	2.614851607053914062e-01	1.674197523920373798e-01	2.441921932340404278e-01	1.505487679180240734e-01	7.176346837033119319e-02	2.908677139273470325e-02	7.550388598714571908e-02
1.112687149140715292e+03	2.607310021117862919e-01	1.669201611786224337e-01	2.446652217749575031e-01	1.508905315030454608e-01	7.190626293452966056e-02	2.917284259911908859e-02	7.571397789764447439e-02
1.117524919354370468e+03	2.599813428535028836e-01	1.664233328325917527e-01	2.451353729841849183e-01	1.512302717898276749e-01	7.204821229527991200e-02	2.925863341868394779e-02	7.592283382563382033e-02
1.122362689568025871e+03	2.592361551882089166e-01	1.659292525951124031e-01	2.456026691587723243e-01	1.515680001390968534e-01	7.218932048595697037e-02	2.934414193778757049e-02	7.613046049476988875e-02
1.127200459781681047e+03	2.584954115594652047e-01	1.654379057788641916e-01	2.460671322437627540e-01	1.519037278448717165e-01	7.232959162998746361e-02	2.942936631833151240e-02	7.633686462442212939e-02
1.132038229995336451e+03	2.577590845951655552e-01	1.649492777677893374e-01	2.465287838455170466e-01	1.522374661357920878e-01	7.246902993198171827e-02	2.951430479590070460e-02	7.654205292755854317e-02
1.136876000208991627e+03	2.570271471060000534e-01	1.644633540168425334e-01	2.469876452442991976e-01	1.525692261763631763e-01	7.260763966946653936e-02	2.959895567795878951e-02	7.674603210877475878e-02
1.141713770422646803e+03	2.562995720839402192e-01	1.639801200517417290e-01	2.474437374061678463e-01	1.528990190681209504e-01	7.274542518517976286e-02	2.968331734209637626e-02	7.694880886245822338e-02
1.146551540636302207e+03	2.555763327007459784e-01	1.634995614687187182e-01	2.478970809942167008e-01	1.532268558507240419e-01	7.288239087989083209e-02	2.976738823432996742e-02	7.715038987107883384e-02
1.151389310849957155e+03	2.548574023064935634e-01	1.630216639342706719e-01	2.483476963792028147e-01	1.535527475029769273e-01	7.301854120571331375e-02	2.985116686744949607e-02	7.735078180359829247e-02
1.156227081063612786e+03	2.541427544281228412e-01	1.625464131849114202e-01	2.487956036496009327e-01	1.538767049437891055e-01	7.315388065987785127e-02	2.993465181941244377e-02	7.754999131399055445e-02
1.161064851277267962e+03	2.534323627680051261e-01	1.620737950269230399e-01	2.492408226211177968e-01	1.541987390330745167e-01	7.328841377893549613e-02	3.001784173178271425e-02	7.774802503986640023e-02
1.165902621490923138e+03	2.527262012025297544e-01	1.616037953361076918e-01	2.496833728456999968e-01	1.545188605725951736e-01	7.342214513336417503e-02	3.010073530821243126e-02	7.794488960119592968e-02
1.170740391704578315e+03	2.520242437807087010e-01	1.611364000575392641e-01	2.501232736200652007e-01	1.548370803067528334e-01	7.355507932255181403e-02	3.018333131296499494e-02	7.814059159912230268e-02
1.175578161918233945e+03	2.513264647227996806e-01	1.606715952053153762e-01	2.505605439937865775e-01	1.551534089233321811e-01	7.368722097013187533e-02	3.026562856947783917e-02	7.833513761486154969e-02
1.180415932131889122e+03	2.506328384189462910e-01	1.602093668623092437e-01	2.509952027769560834e-01	1.554678570541988547e-01	7.381857471964864414e-02	3.034762595896331808e-02	7.852853420868263767e-02
1.185253702345544298e+03	2.499433394278353926e-01	1.597497011799214606e-01	2.514272685474528979e-01	1.557804352759553645e-01	7.394914523053068567e-02	3.042932241904630977e-02	7.872078791896292005e-02
1.190091472559199701e+03	2.492579424753709194e-01	1.592925843778319195e-01	2.518567596578404344e-01	1.560911541105577949e-01	7.407893717435250214e-02	3.051071694243719101e-02	7.891190526131430794e-02
1.194929242772855105e+03	2.485766224533636493e-01	1.588380027437514275e-01	2.522836942419137141e-01	1.564000240258960062e-01	7.420795523136580751e-02	3.059180857563886455e-02	7.910189272777556901e-02
1.199767012986510281e+03	2.478993544182369058e-01	1.583859426331734876e-01	2.527080902209187241e-01	1.567070554363398927e-01	7.433620408728267015e-02	3.067259641768663170e-02	7.929075678606671562e-02
1.204604783200165684e+03	2.472261135897473594e-01	1.579363904691258869e-01	2.531299653094624680e-01	1.570122587032538874e-01	7.446368843029423090e-02	3.075307961891971670e-02	7.947850387890142976e-02
1.209442553413820860e+03	2.465568753497208443e-01	1.574893327419221445e-01	2.535493370211328590e-01	1.573156441354821300e-01	7.459041294830959234e-02	3.083325737978339851e-02	7.966514042335408330e-02
1.214280323627476264e+03	2.458916152408025801e-01	1.570447560089128503e-01	2.539662226738446105e-01	1.576172219898062388e-01	7.471638232640043231e-02	3.091312894966057392e-02	7.985067281027775909e-02
1.219118093841131440e+03	2.452303089652219659e-01	1.566026468942369188e-01	2.543806393949285538e-01	1.579170024713777154e-01	7.484160124443794970e-02	3.099269362573189510e-02	8.003510740377006716e-02
1.223955864054786844e+03	2.445729323835709457e-01	1.561629920885726497e-01	2.547926041259782615e-01	1.582149957341265345e-01	7.496607437490943049e-02	3.107195075186341970e-02	8.021845054068379999e-02
1.228793634268442020e+03	2.439194615135959754e-01	1.557257783488887048e-01	2.552021336274690744e-01	1.585112118811480841e-01	7.508980638090269333e-02	3.115089971752089612e-02	8.040070853017956820e-02
1.233631404482097196e+03	2.432698725290036446e-01	1.552909924981950018e-01	2.556092444831620236e-01	1.588056609650694007e-01	7.521280191424729866e-02	3.122953995670982655e-02	8.058188765331777970e-02
1.238469174695752372e+03	2.426241417582787052e-01	1.548586214252933024e-01	2.560139531043060801e-01	1.590983529883967795e-01	7.533506561380222399e-02	3.130787094694047895e-02	8.076199416268742270e-02
1.243306944909407548e+03	2.419822456835154234e-01	1.544286520845278010e-01	2.564162757336494458e-01	1.593892979038456503e-01	7.545660210388024924e-02	3.138589220821703940e-02	8.094103428206939066e-02
1.248144715123063179e+03	2.413441609392610043e-01	1.540010714955356019e-01	2.568162284492715997e-01	1.596785056146543813e-01	7.557741599280008715e-02	3.146360330205016237e-02	8.111901420613211455e-02
1.252982485336718355e+03	2.407098643113715075e-01	1.535758667429969193e-01	2.572138271682462007e-01	1.599659859748829294e-01	7.569751187155764061e-02	3.154100383049224243e-02	8.129594010015747663e-02
1.257820255550373531e+03	2.400793327358793916e-01	1.531530249763853324e-01	2.576090876501443971e-01	1.602517487896975845e-01	7.581689431260854595e-02	3.161809343519461635e-02	8.147181809979499312e-02
1.262658025764028707e+03	2.394525432978732993e-01	1.527325334097178744e-01	2.580020255003875329e-01	1.605358038156428913e-01	7.593556786875448050e-02	3.169487179648615427e-02	8.164665431084268399e-02
1.267495795977684338e+03	2.388294732303887224e-01	1.523143793213048436e-01	2.583926561734581906e-01	1.608181607609016628e-01	7.605353707212630932e-02	3.177133863247252887e-02	8.182045480905265900e-02
1.272333566191339514e+03	2.382100999133107133e-01	1.518985500534997535e-01	2.587809949759773409e-01	1.610988292855439208e-01	7.617080643325764566e-02	3.184749369815561421e-02	8.199322563996001845e-02
1.277171336404994690e+03	2.375944008722868928e-01	1.514850330124491717e-01	2.591670570696546494e-01	1.613778190017657599e-01	7.628738044024259424e-02	3.192333678457236895e-02	8.216497281873348657e-02
1.282009106618650094e+03	2.369823537776520328e-01	1.510738156678421984e-01	2.595508574741203223e-01	1.616551394741189418e-01	7.640326355797201485e-02	3.199886771795280166e-02	8.233570233004650074e-02
1.286846876832305497e+03	2.363739364433630197e-01	1.506648855526603603e-01	2.599324110696432100e-01	1.619308002197317464e-01	7.651846022744299147e-02	3.207408635889624771e-02	8.250542012796725777e-02
1.291684647045960673e+03	2.357691268259442530e-01	1.502582302629268951e-01	2.603117325997428844e-01	1.622048107085218849e-01	7.663297486513652446e-02	3.214899260156567351e-02	8.267413213586669030e-02
1.296522417259616077e+03	2.351679030234436196e-01	1.498538374574564236e-01	2.606888366737010743e-01	1.624771803634023348e-01	7.674681186245879694e-02	3.222358637289944594e-02	8.284184424634308264e-02
1.301360187473271253e+03	2.345702432743984323e-01	1.494516948576044280e-01	2.610637377689778438e-01	1.627479185604802925e-01	7.685997558524150508e-02	3.229786763184000487e-02	8.300856232116221589e-02
1.306197957686926657e+03	2.339761259568114427e-01	1.490517902470167022e-01	2.614364502335375651e-01	1.630170346292501016e-01	7.697247037329739416e-02	3.237183636857916130e-02	8.317429219121232065e-02
1.311035727900581833e+03	2.333855295871367641e-01	1.486541114713787193e-01	2.618069882880898480e-01	1.632845378527806035e-01	7.708430054002690657e-02	3.244549260381945216e-02	8.333903965647240786e-02
1.315873498114237009e+03	2.327984328192752028e-01	1.482586464381651925e-01	2.621753660282497012e-01	1.635504374678972139e-01	7.719547037207265261e-02	3.251883638805115606e-02	8.350281048599354772e-02
1.320711268327892412e+03	2.322148144435794426e-01	1.478653831163896093e-01	2.625415974266214203e-01	1.638147426653594751e-01	7.730598412901812377e-02	3.259186780084468577e-02	8.366561041789193076e-02
1.325549038541547588e+03	2.316346533858683054e-01	1.474743095363535428e-01	2.629056963348098686e-01	1.640774625900344175e-01	7.741584604312762297e-02	3.266458695015774655e-02	8.382744515935312835e-02
1.330386808755202765e+03	2.310579287064504495e-01	1.470854137893964630e-01	2.632676764853635332e-01	1.643386063410657572e-01	7.752506031912456685e-02	3.273699397165714953e-02	8.398832038664670596e-02
1.335224578968857941e+03	2.304846195991570867e-01	1.466986840276451876e-01	2.636275514936520237e-01	1.645981829720398748e-01	7.763363113400516269e-02	3.280908902805473176e-02	8.414824174515057875e-02
1.340062349182513572e+03	2.299147053903835003e-01	1.463141084637636924e-01	2.639853348596822302e-01	1.648562014911485463e-01	7.774156263688529467e-02	3.288087230845707781e-02	8.430721484938430432e-02
1.344900119396168748e+03	2.293481655381397200e-01	1.459316753707027570e-01	2.643410399698558622e-01	1.651126708613487593e-01	7.784885894887780267e-02	3.295234402772879989e-02	8.446524528305102142e-02
1.349737889609823924e+03	2.287849796311094697e-01	1.455513730814500806e-01	2.646946800986709758e-01	1.653676000005198654e-01	7.795552416299829368e-02	3.302350442586891865e-02	8.462233859908706302e-02
1.354575659823479100e+03	2.282251273877181075e-01	1.451731899887802046e-01	2.650462684103713218e-01	1.656209977816187340e-01	7.806156234409718231e-02	3.309435376740012952e-02	8.477850031971899403e-02
1.359413430037134731e+03	2.276685886552086702e-01	1.447971145450045738e-01	2.653958179605447332e-01	1.658728730328325185e-01	7.816697752881605898e-02	3.316489234077063530e-02	8.493373593652754627e-02
1.364251200250789907e+03	2.271153434087264666e-01	1.444231352617219299e-01	2.657433416976741070e-01	1.661232345377297026e-01	7.827177372556651247e-02	3.323512045776820523e-02	8.508805091051778458e-02
1.369088970464445310e+03	2.265653717504116926e-01	1.440512407095689007e-01	2.660888524646430331e-01	1.663720910354096194e-01	7.837595491452990781e-02	3.330503845294627979e-02	8.524145067219532357e-02
1.373926740678100487e+03	2.260186539085003721e-01	1.436814195179703935e-01	2.664323630001977361e-01	1.666194512206503886e-01	7.847952504767620463e-02	3.337464668306166365e-02	8.539394062164795685e-02
1.378764510891755890e+03	2.254751702364330979e-01	1.433136603748906557e-01	2.667738859403682716e-01	1.668653237440556880e-01	7.858248804880066385e-02	3.344394552652381336e-02	8.554552612863250416e-02
1.383602281105411066e+03	2.249349012119717939e-01	1.429479520265841963e-01	2.671134338198498659e-01	1.671097172122004981e-01	7.868484781357679148e-02	3.351293538285519263e-02	8.569621253266636318e-02
1.388440051319066470e+03	2.243978274363240821e-01	1.425842832773471236e-01	2.674510190733471737e-01	1.673526401877757919e-01	7.878660820962439526e-02	3.358161667216262580e-02	8.584600514312344666e-02
1.393277821532721646e+03	2.238639296332756157e-01	1.422226429892686494e-01	2.677866540368826764e-01	1.675941011897325306e-01	7.888777307659147753e-02	3.364998983461935794e-02	8.599490923933429676e-02
1.398115591746377049e+03	2.233331886483297390e-01	1.418630200819828158e-01	2.681203509490708292e-01	1.678341086934249105e-01	7.898834622624878454e-02	3.371805532995751642e-02	8.614293007068996033e-02
1.402953361960032225e+03	2.228055854478547537e-01	1.415054035324204984e-01	2.684521219523597901e-01	1.680726711307531651e-01	7.908833144259609649e-02	3.378581363697088363e-02	8.629007285674929195e-02
1.407791132173687402e+03	2.222811011182384833e-01	1.411497823745617164e-01	2.687819790942418408e-01	1.683097968903059793e-01	7.918773248197912007e-02	3.385326525302765482e-02	8.643634278734972642e-02
1.412628902387342805e+03	2.217597168650502215e-01	1.407961456991882465e-01	2.691099343284337198e-01	1.685454943175023756e-01	7.928655307321624823e-02	3.392041069359297278e-02	8.658174502272075745e-02
1.417466672600997981e+03	2.212414140122099249e-01	1.404444826536364876e-01	2.694359995160289789e-01	1.687797717147334620e-01	7.938479691773410452e-02	3.398725049176112151e-02	8.672628469360044168e-02
1.422304442814653157e+03	2.207261740011643991e-01	1.400947824415506859e-01	2.697601864266225835e-01	1.690126373415041516e-01	7.948246768971128917e-02	3.405378519779703878e-02	8.686996690135431742e-02
1.427142213028308333e+03	2.202139783900705916e-01	1.397470343226364653e-01	2.700825067394095891e-01	1.692440994145746058e-01	7.957956903622946665e-02	3.412001537868709911e-02	8.701279671809666882e-02
1.431979983241963964e+03	2.197048088529857945e-01	1.394012276124146354e-01	2.704029720442583384e-01	1.694741661081017592e-01	7.967610457743108665e-02	3.418594161769883399e-02	8.715477918681402425e-02
1.436817753455619140e+03	2.191986471790648150e-01	1.390573516819754996e-01	2.707215938427600110e-01	1.697028455537807901e-01	7.977207790668325305e-02	3.425156451394951312e-02	8.729591932149048661e-02
1.441655523669274316e+03	2.186954752717637229e-01	1.387153959577335505e-01	2.710383835492548577e-01	1.699301458409869514e-01	7.986749259074689411e-02	3.431688468198335756e-02	8.743622210723506205e-02
1.446493293882929493e+03	2.181952751480505659e-01	1.383753499211822224e-01	2.713533524918360085e-01	1.701560750169171243e-01	7.996235216995091488e-02	3.438190275135717677e-02	8.757569250041043196e-02
1.451331064096585123e+03	2.176980289376224675e-01	1.380372031086494478e-01	2.716665119133322426e-01	1.703806410867320376e-01	8.005666015837061000e-02	3.444661936623434617e-02	8.771433542876333478e-02
1.456168834310240300e+03	2.172037188821293596e-01	1.377009451110533245e-01	2.719778729722702737e-01	1.706038520136982928e-01	8.015042004401003173e-02	3.451103518498685463e-02	8.785215579155630783e-02
1.461006604523895703e+03	2.167123273344042644e-01	1.373665655736583946e-01	2.722874467438170520e-01	1.708257157193311393e-01	8.024363528898773024e-02	3.457515087980534557e-02	8.798915845970058103e-02
1.465844374737550879e+03	2.162238367576998499e-01	1.370340541958322000e-01	2.725952442207029147e-01	1.710462400835369157e-01	8.033630932972554706e-02	3.463896713631692964e-02	8.812534827589012243e-02
1.470682144951206283e+03	2.157382297249313963e-01	1.367034007308024490e-01	2.729012763141268061e-01	1.712654329447564905e-01	8.042844557713994813e-02	3.470248465321064402e-02	8.826073005473669686e-02
1.475519915164861459e+03	2.152554889179259523e-01	1.363745949854143213e-01	2.732055538546437345e-01	1.714833021001086200e-01	8.052004741683563283e-02	3.476570414187040575e-02	8.839530858290575721e-02
1.480357685378516862e+03	2.147755971266777086e-01	1.360476268198886896e-01	2.735080875930346878e-01	1.716998553055337218e-01	8.061111820930115524e-02	3.482862632601528563e-02	8.852908861925309902e-02
1.485195455592172038e+03	2.142985372486094497e-01	1.357224861475803401e-01	2.738088882011610048e-01	1.719151002759382318e-01	8.070166129010605816e-02	3.489125194134699154e-02	8.866207489496225058e-02
1.490033225805827215e+03	2.138242922878401397e-01	1.353991629347370274e-01	2.741079662728018174e-01	1.721290446853392109e-01	8.079167997009931157e-02	3.495358173520441564e-02	8.879427211368244588e-02
1.494870996019482618e+03	2.133528453544582815e-01	1.350776472002588324e-01	2.744053323244768361e-01	1.723416961670093672e-01	8.088117753560888912e-02	3.501561646622504409e-02	8.892568495166709719e-02
1.499708766233137567e+03	2.128841796638015205e-01	1.347579290154580500e-01	2.747009967962542598e-01	1.725530623136225516e-01	8.097015724864213559e-02	3.507735690401322937e-02	8.905631805791264233e-02
1.504546536446793198e+03	2.124182785357416892e-01	1.344399985038196299e-01	2.749949700525439189e-01	1.727631506773996128e-01	8.105862234708664793e-02	3.513880382881501979e-02	8.918617605429786377e-02
1.509384306660448374e+03	2.119551253939760682e-01	1.341238458407622014e-01	2.752872623828766518e-01	1.729719687702548914e-01	8.114657604491157250e-02	3.519995803119956718e-02	8.931526353572349919e-02
1.514222076874103550e+03	2.114947037653239770e-01	1.338094612533994032e-01	2.755778840026704146e-01	1.731795240639427136e-01	8.123402153236909673e-02	3.526082031174690434e-02	8.944358507025189364e-02
1.519059847087758726e+03	2.110369972790292481e-01	1.334968350203020460e-01	2.758668450539832340e-01	1.733858239902049125e-01	8.132096197619588518e-02	3.532139148074200236e-02	8.957114519924709584e-02
1.523897617301414357e+03	2.105819896660682533e-01	1.331859574712605243e-01	2.761541556062533376e-01	1.735908759409181545e-01	8.140740051981440462e-02	3.538167235787495479e-02	8.969794843751478786e-02
1.528735387515069533e+03	2.101296647584634525e-01	1.328768189870480343e-01	2.764398256570270718e-01	1.737946872682422650e-01	8.149334028353383275e-02	3.544166377194719192e-02	8.982399927344254797e-02
1.533573157728724709e+03	2.096800064886024939e-01	1.325694099991842345e-01	2.767238651326751064e-01	1.739972652847685819e-01	8.157878436475057837e-02	3.550136656058362761e-02	8.994930216913989141e-02
1.538410927942380113e+03	2.092329988885625047e-01	1.322637209896994903e-01	2.770062838890964274e-01	1.741986172636688923e-01	8.166373583814819093e-02	3.556078156995060718e-02	9.007386156057838045e-02
1.543248698156035516e+03	2.087886260894401547e-01	1.319597424908997008e-01	2.772870917124120593e-01	1.743987504388448406e-01	8.174819775589650672e-02	3.561990965447952434e-02	9.019768185773167912e-02
1.548086468369690692e+03	2.083468723206866324e-01	1.316574650851317363e-01	2.775662983196470202e-01	1.745976720050775588e-01	8.183217314785007357e-02	3.567875167659602387e-02	9.032076744471541352e-02
1.552924238583346096e+03	2.079077219094482010e-01	1.313568794045494870e-01	2.778439133594017285e-01	1.747953891181779629e-01	8.191566502174552067e-02	3.573730850645469304e-02	9.044312267992692111e-02
1.557762008797001272e+03	2.074711592799115545e-01	1.310579761308804658e-01	2.781199464125134191e-01	1.749919088951371049e-01	8.199867636339799870e-02	3.579558102167910982e-02	9.056475189618483357e-02
1.562599779010656675e+03	2.070371689526547543e-01	1.307607459951929951e-01	2.783944069927072884e-01	1.751872384142773020e-01	8.208121013689655132e-02	3.585357010710717163e-02	9.068565940086834032e-02
1.567437549224311852e+03	2.066057355440030496e-01	1.304651797776641975e-01	2.786673045472378152e-01	1.753813847154032102e-01	8.216326928479820990e-02	3.591127665454157958e-02	9.080584947605631341e-02
1.572275319437967255e+03	2.061768437653898056e-01	1.301712683073483479e-01	2.789386484575202552e-01	1.755743547999536747e-01	8.224485672832096417e-02	3.596870156250541600e-02	9.092532637866605760e-02
1.577113089651622431e+03	2.057504784227221495e-01	1.298790024619460304e-01	2.792084480397530877e-01	1.757661556311535533e-01	8.232597536753531731e-02	3.602584573600267626e-02	9.104409434059175521e-02
1.581950859865277607e+03	2.053266244157520015e-01	1.295883731675739614e-01	2.794767125455315249e-01	1.759567941341661224e-01	8.240662808155463370e-02	3.608271008628368554e-02	9.116215756884261945e-02
1.586788630078933011e+03	2.049052667374518244e-01	1.292993713985353121e-01	2.797434511624517506e-01	1.761462771962457874e-01	8.248681772872384910e-02	3.613929553061531741e-02	9.127952024568070089e-02
1.591626400292587959e+03	2.044863904733950355e-01	1.290119881770907806e-01	2.800086730147066105e-01	1.763346116668909336e-01	8.256654714680700113e-02	3.619560299205590997e-02	9.139618652875822202e-02
1.596464170506243590e+03	2.040699808011413874e-01	1.287262145732303575e-01	2.802723871636730313e-01	1.765218043579973306e-01	8.264581915317306682e-02	3.625163339923480332e-02	9.151216055125460658e-02
1.601301940719898766e+03	2.036560229896270668e-01	1.284420417044456197e-01	2.805346026084907241e-01	1.767078620440115100e-01	8.272463654498035668e-02	3.630738768613635953e-02	9.162744642201299528e-02
1.606139710933553943e+03	2.032445023985596233e-01	1.281594607355028281e-01	2.807953282866333389e-01	1.768927914620845865e-01	8.280300209935934075e-02	3.636286679188849291e-02	9.174204822567641471e-02
1.610977481147209119e+03	2.028354044778170884e-01	1.278784628782166921e-01	2.810545730744716253e-01	1.770765993122264403e-01	8.288091857359386472e-02	3.641807166055548856e-02	9.185597002282340495e-02
1.615815251360864750e+03	2.024287147668524245e-01	1.275990393912246612e-01	2.813123457878283218e-01	1.772592922574599550e-01	8.295838870530078402e-02	3.647300324093515067e-02	9.196921585010330025e-02
1.620653021574519926e+03	2.020244188941018038e-01	1.273211815797621049e-01	2.815686551825263284e-01	1.774408769239755046e-01	8.303541521260794644e-02	3.652766248636010044e-02	9.208178972037085741e-02
1.625490791788175102e+03	2.016225025763980494e-01	1.270448807954379922e-01	2.818235099549286082e-01	1.776213599012856914e-01	8.311200079433059273e-02	3.658205035450325104e-02	9.219369562282049568e-02
1.630328562001830505e+03	2.012229516183878797e-01	1.267701284360115421e-01	2.820769187424715940e-01	1.778007477423803329e-01	8.318814813014596687e-02	3.663616780718727262e-02	9.230493752312006472e-02
1.635166332215485909e+03	2.008257519119542867e-01	1.264969159451692082e-01	2.823288901241913229e-01	1.779790469638814487e-01	8.326385988076638600e-02	3.669001581019800534e-02	9.241551936354398811e-02
1.640004102429141085e+03	2.004308894356428283e-01	1.262252348123026058e-01	2.825794326212421881e-01	1.781562640461986646e-01	8.333913868811054781e-02	3.674359533310185555e-02	9.252544506310589334e-02
1.644841872642796488e+03	2.000383502540922787e-01	1.259550765722872168e-01	2.828285546974096953e-01	1.783324054336845321e-01	8.341398717547317265e-02	3.679690734906691102e-02	9.263471851769081167e-02
1.649679642856451665e+03	1.996481205174698570e-01	1.256864328052615665e-01	2.830762647596155590e-01	1.785074775347900988e-01	8.348840794769302187e-02	3.684995283468787269e-02	9.274334360018667012e-02
1.654517413070107068e+03	1.992601864609104823e-01	1.254192951364072606e-01	2.833225711584173023e-01	1.786814867222205894e-01	8.356240359131907047e-02	3.690273276981460154e-02	9.285132416061532556e-02
1.659355183283762244e+03	1.988745344039603846e-01	1.251536552357297716e-01	2.835674821885008079e-01	1.788544393330911697e-01	8.363597667477509767e-02	3.695524813738432918e-02	9.295866402626308533e-02
1.664192953497417420e+03	1.984911507500248251e-01	1.248895048178398637e-01	2.838110060891665953e-01	1.790263416690828502e-01	8.370912974852261212e-02	3.700749992325740034e-02	9.306536700181049226e-02
1.669030723711072824e+03	1.981100219858199230e-01	1.246268356417357948e-01	2.840531510448104924e-01	1.791971999965983886e-01	8.378186534522190365e-02	3.705948911605647100e-02	9.317143686946167958e-02
