7.111522214073266923e+02	3.419222360401406591e-01	2.191934913598654056e-01	1.911247851874139647e-01	1.143249845265923159e-01	5.812269287941833340e-02	2.175585001046744654e-02	5.355595999580505667e-02
7.159899916209819821e+02	3.406574228645978253e-01	2.184304614800779420e-01	1.920675256267914410e-01	1.148846501567496459e-01	5.824635007512304202e-02	2.183845089676157702e-02	5.387513889960168084e-02
7.208277618346371582e+02	3.394010774249385243e-01	2.176710138513169579e-01	1.929955415532982055e-01	1.154405694799131715e-01	5.837613658416096474e-02	2.192180497168841335e-02	5.419385613438693072e-02
7.256655320482924481e+02	3.381531242535978921e-01	2.169151419900408051e-01	1.939094748389267320e-01	1.159928034034169858e-01	5.851156360427811620e-02	2.200587061539720224e-02	5.451202129404540686e-02
7.305033022619478515e+02	3.369134891569448564e-01	2.161628392145097388e-01	1.948099288555992514e-01	1.165414096542473493e-01	5.865217445346978392e-02	2.209060814133257875e-02	5.482955052359957115e-02
7.353410724756030277e+02	3.356820991698896695e-01	2.154140986488607967e-01	1.956974709059445539e-01	1.170864429865367262e-01	5.879754250666512083e-02	2.217597968875368100e-02	5.514636609305264420e-02
7.401788426892584312e+02	3.344588825129034548e-01	2.146689132271941414e-01	1.965726344991777785e-01	1.176279553755530810e-01	5.894726926440863046e-02	2.226194912182156288e-02	5.546239599864442871e-02
7.450166129029136073e+02	3.332437685513045533e-01	2.139272756976647039e-01	1.974359214819742803e-01	1.181659961990557534e-01	5.910098254510214727e-02	2.234848193484051740e-02	5.577757358976113272e-02
7.498543831165690108e+02	3.320366877566724439e-01	2.131891786265726063e-01	1.982878040335970815e-01	1.187006124068328283e-01	5.925833479290987249e-02	2.243554516326527748e-02	5.609183721985299548e-02
7.546921533302243006e+02	3.308375716702632308e-01	2.124546144024476169e-01	1.991287265339456991e-01	1.192318486791829057e-01	5.941900149393370550e-02	2.252310730011092277e-02	5.640512991981897623e-02
7.595299235438793630e+02	3.296463528683048483e-01	2.117235752401222804e-01	1.999591073126406049e-01	1.197597475750550033e-01	5.958267969373854528e-02	2.261113821742521957e-02	5.671739909241656219e-02
7.643676937575347665e+02	3.284629649290591868e-01	2.109960531847891452e-01	2.007793402867386889e-01	1.202843496705144483e-01	5.974908660974945218e-02	2.269960909250496456e-02	5.702859622634717102e-02
7.692054639711900563e+02	3.272873424015463883e-01	2.102720401160380614e-01	2.015897964941900655e-01	1.208056936881598958e-01	5.991795833245654873e-02	2.278849233855806400e-02	5.733867662875397064e-02
7.740432341848452324e+02	3.261194207758311148e-01	2.095515277518698871e-01	2.023908255296926473e-01	1.213238166180761329e-01	6.008904860975090856e-02	2.287776153953205091e-02	5.764759917495022173e-02
7.788810043985006359e+02	3.249591364547786965e-01	2.088345076526826882e-01	2.031827568891747815e-01	1.218387538308699086e-01	6.026212770907772576e-02	2.296739138884757239e-02	5.795532607427159727e-02
7.837187746121558121e+02	3.238064267271936747e-01	2.081209712252276300e-01	2.039659012287391437e-01	1.223505391833010075e-01	6.043698135243227160e-02	2.305735763179193182e-02	5.826182265101730734e-02
7.885565448258112156e+02	3.226612297422594700e-01	2.074109097265318669e-01	2.047405515435277157e-01	1.228592051169873495e-01	6.061340971954232160e-02	2.314763701134340407e-02	5.856705713951084608e-02
7.933943150394665054e+02	3.215234844852020712e-01	2.067043142677855994e-01	2.055069842716193140e-01	1.233647827506327704e-01	6.079122651487808837e-02	2.323820721721153032e-02	5.887100049237355831e-02
7.982320852531219089e+02	3.203931307541070250e-01	2.060011758181908847e-01	2.062654603277443988e-01	1.238673019661966357e-01	6.097025809440936167e-02	2.332904683789235531e-02	5.917362620116227434e-02
8.030698554667769713e+02	3.192701091378210010e-01	2.053014852087705067e-01	2.070162260712961333e-01	1.243667914893979431e-01	6.115034264829027205e-02	2.342013531555022648e-02	5.947491012857675924e-02
8.079076256804323748e+02	3.181543609948767060e-01	2.046052331361348786e-01	2.077595142128308425e-01	1.248632789649210262e-01	6.133132943589613556e-02	2.351145290354982736e-02	5.977483035149351587e-02
8.127453958940876646e+02	3.170458284333796395e-01	2.039124101662051214e-01	2.084955446629826459e-01	1.253567910266664698e-01	6.151307806986542476e-02	2.360298062647325085e-02	6.007336701413032443e-02
8.175831661077428407e+02	3.159444542918041776e-01	2.032230067378912597e-01	2.092245253274671035e-01	1.258473533633687191e-01	6.169545784601369875e-02	2.369470024246743065e-02	6.037050219069044904e-02
8.224209363213982442e+02	3.148501821206438622e-01	2.025370131667240114e-01	2.099466528516131802e-01	1.263349907798809735e-01	6.187834711618659528e-02	2.378659420777703287e-02	6.066621975687717938e-02
8.272587065350534203e+02	3.137629561648691001e-01	2.018544196484390041e-01	2.106621133176435623e-01	1.268197272544090148e-01	6.206163270130644893e-02	2.387864564332715239e-02	6.096050526970851757e-02
8.320964767487085965e+02	3.126827213471463085e-01	2.011752162625126683e-01	2.113710828977173328e-01	1.273015859919569559e-01	6.224520934204245265e-02	2.397083830322871076e-02	6.125334585509834007e-02
8.369342469623640000e+02	3.116094232517743756e-01	2.004993929756488658e-01	2.120737284655573318e-01	1.277805894742314041e-01	6.242897918469862001e-02	2.406315654508748778e-02	6.154473010270476024e-02
8.417720171760191761e+02	3.105430081092993566e-01	1.998269396452153623e-01	2.127702081693030045e-01	1.282567595062341914e-01	6.261285130006750965e-02	2.415558530200529949e-02	6.183464796757813520e-02
8.466097873896745796e+02	3.094834227817689909e-01	1.991578460226301472e-01	2.134606719680619824e-01	1.287301172597596077e-01	6.279674123314156475e-02	2.424811005616894430e-02	6.212309067817162883e-02
8.514475576033297557e+02	3.084306147485916250e-01	1.984921017566963486e-01	2.141452621344750173e-01	1.292006833139973387e-01	6.298057058170875022e-02	2.434071681392899547e-02	6.241005065030478388e-02
8.562853278169851592e+02	3.073845320929660674e-01	1.978296963968861344e-01	2.148241137254612299e-01	1.296684776934301786e-01	6.316426660198512510e-02	2.443339208227683634e-02	6.269552140669727713e-02
8.611230980306403353e+02	3.063451234888511787e-01	1.971706193965727660e-01	2.154973550231724100e-01	1.301335199032027656e-01	6.334776183955517781e-02	2.452612284663411094e-02	6.297949750171437377e-02
8.659608682442956251e+02	3.053123381884463861e-01	1.965148601162109154e-01	2.161651079480552684e-01	1.305958289621262647e-01	6.353099378400119124e-02	2.461889654987411968e-02	6.326197445098862004e-02
8.707986384579510286e+02	3.042861260101540344e-01	1.958624078264651347e-01	2.168274884457994933e-01	1.310554234334738721e-01	6.371390454570644013e-02	2.471170107249983511e-02	6.354294866560397659e-02
8.756364086716062047e+02	3.032664373269994273e-01	1.952132517112862287e-01	2.174846068498356710e-01	1.315123214537111673e-01	6.389644055341378581e-02	2.480452471390796540e-02	6.382241739054851648e-02
8.804741788852616082e+02	3.022532230554831334e-01	1.945673808709359187e-01	2.181365682209413237e-01	1.319665407592965911e-01	6.407855227121184161e-02	2.489735617467287235e-02	6.410037864716111589e-02
8.853119490989170117e+02	3.012464346448425756e-01	1.939247843249597703e-01	2.187834726654131479e-01	1.324180987116784780e-01	6.426019393370593913e-02	2.499018453978841398e-02	6.437683117931453092e-02
8.901497193125721878e+02	3.002460240667023661e-01	1.932854510151080785e-01	2.194254156331712224e-01	1.328670123206067699e-01	6.444132329821029848e-02	2.508299926280965070e-02	6.465177440309455292e-02
8.949874895262273640e+02	2.992519438050921243e-01	1.926493698082057116e-01	2.200624881970729418e-01	1.333132982658699617e-01	6.462190141287241230e-02	2.517579015083996549e-02	6.492520835974976978e-02
8.998252597398827675e+02	2.982641468468137935e-01	1.920165294989707727e-01	2.206947773146335223e-01	1.337569729175608624e-01	6.480189239971012594e-02	2.526854735031261803e-02	6.519713367170122675e-02
9.046630299535379436e+02	2.972825866721391930e-01	1.913869188127822196e-01	2.213223660732729914e-01	1.341980523549675952e-01	6.498126325160703820e-02	2.536126133351899320e-02	6.546755150141486679e-02
9.095008001671932334e+02	2.963072172458228737e-01	1.907605264083969410e-01	2.219453339201386266e-01	1.346365523841807077e-01	6.515998364237296503e-02	2.545392288583866666e-02	6.573646351295212020e-02
9.143385703808486369e+02	2.953379930084128469e-01	1.901373408806169563e-01	2.225637568774841979e-01	1.350724885545003806e-01	6.533802574903316285e-02	2.554652309362942519e-02	6.600387183602593466e-02
9.191763405945038130e+02	2.943748688678454184e-01	1.895173507629064613e-01	2.231777077445252777e-01	1.355058761737234496e-01	6.551536408556364599e-02	2.563905333273778717e-02	6.626977903240081902e-02
9.240141108081592165e+02	2.934178001913094747e-01	1.889005445299599129e-01	2.237872562866309312e-01	1.359367303223840417e-01	6.569197534733972610e-02	2.573150525759322627e-02	6.653418806448549438e-02
9.288518810218145063e+02	2.924667427973673406e-01	1.882869106002210968e-01	2.243924694126572528e-01	1.363650658670166882e-01	6.586783826561201649e-02	2.582387079085148723e-02	6.679710226597693201e-02
9.336896512354697961e+02	2.915216529483199981e-01	1.876764373383538187e-01	2.249934113411765635e-01	1.367908974725070281e-01	6.604293347136765135e-02	2.591614211355460634e-02	6.705852531442313413e-02
9.385274214491247449e+02	2.905824873428047850e-01	1.870691130576647709e-01	2.255901437563087586e-01	1.372142396135904163e-01	6.621724336797599197e-02	2.600831165577719567e-02	6.731846120558095115e-02
9.433651916627801484e+02	2.896492031086143615e-01	1.864649260224791050e-01	2.261827259538149448e-01	1.376351065855548894e-01	6.639075201205583976e-02	2.610037208773057296e-02	6.757691422945313886e-02
9.482029618764355519e+02	2.887217577957274517e-01	1.858638644504690685e-01	2.267712149780726771e-01	1.380535125142017538e-01	6.656344500203799364e-02	2.619231631129797025e-02	6.783388894789593726e-02
9.530407320900908417e+02	2.878001093695403689e-01	1.852659165149366516e-01	2.273556657505117484e-01	1.384694713651125619e-01	6.673530937392981033e-02	2.628413745197576493e-02	6.808939017369594615e-02
9.578785023037459041e+02	2.868842162042913868e-01	1.846710703470502424e-01	2.279361311900525433e-01	1.388829969522695218e-01	6.690633350382051148e-02	2.637582885119727633e-02	6.834342295102131815e-02
9.627162725174014213e+02	2.859740370766682971e-01	1.840793140380364845e-01	2.285126623260554379e-01	1.392941029460719182e-01	6.707650701669524984e-02	2.646738405901702743e-02	6.859599253715838174e-02
9.675540427310568248e+02	2.850695311595916603e-01	1.834906356413274209e-01	2.290853084042554777e-01	1.397028028807891231e-01	6.724582070115361909e-02	2.655879682713485623e-02	6.884710438545056654e-02
9.723918129447120009e+02	2.841706580161657558e-01	1.829050231746638111e-01	2.296541169861281706e-01	1.401091101614882761e-01	6.741426642965418770e-02	2.665006110224044100e-02	6.909676412936208156e-02
9.772295831583674044e+02	2.832773775937895144e-01	1.823224646221551781e-01	2.302191340421025634e-01	1.405130380704713300e-01	6.758183708393068756e-02	2.674117101966005591e-02	6.934497756759329390e-02
9.820673533720223531e+02	2.823896502184220503e-01	1.817429479362970834e-01	2.307804040390115385e-01	1.409145997732551003e-01	6.774852648524837262e-02	2.683212089728848407e-02	6.959175065018000095e-02
9.869051235856777566e+02	2.815074365889941310e-01	1.811664610399462971e-01	2.313379700221448732e-01	1.413138083241245457e-01	6.791432932918996246e-02	2.692290522979004508e-02	6.983708946551278607e-02
9.917428937993331601e+02	2.806306977719614792e-01	1.805929918282545843e-01	2.318918736922465362e-01	1.417106766712886434e-01	6.807924112468077826e-02	2.701351868305375270e-02	7.008100022821693587e-02
9.965806640129884499e+02	2.797593951959925773e-01	1.800225281705615521e-01	2.324421554777765797e-01	1.421052176616654783e-01	6.824325813698103871e-02	2.710395608888840902e-02	7.032348926783711651e-02
1.001418434226643626e+03	2.788934906467868124e-01	1.794550579122472234e-01	2.329888546027370777e-01	1.424974440453217195e-01	6.840637733439068613e-02	2.719421243994445472e-02	7.056456301827473965e-02
1.006256204440298802e+03	2.780329462620166892e-01	1.788905688765451696e-01	2.335320091503428896e-01	1.428873684795901600e-01	6.856859633842850299e-02	2.728428288485006473e-02	7.080422800792922355e-02
1.011093974653954206e+03	2.771777245263897793e-01	1.783290488663163698e-01	2.340716561227996484e-01	1.432750035328871907e-01	6.872991337726241934e-02	2.737416272354989064e-02	7.104249085049742229e-02
1.015931744867609382e+03	2.763277882668257468e-01	1.777704856657847665e-01	2.346078314974352763e-01	1.436603616882506096e-01	6.889032724218230319e-02	2.746384740283538614e-02	7.127935823638861801e-02
1.020769515081264785e+03	2.754831006477437838e-01	1.772148670422352412e-01	2.351405702794151231e-01	1.440434553466173051e-01	6.904983724691962643e-02	2.755333251205648037e-02	7.151483692471517772e-02
1.025607285294920075e+03	2.746436251664565176e-01	1.766621807476740635e-01	2.356699065512561642e-01	1.444242968298584673e-01	6.920844318963131903e-02	2.764261377900487093e-02	7.174893373582130751e-02
1.030445055508575479e+03	2.738093256486666127e-01	1.761124145204530367e-01	2.361958735193426251e-01	1.448028983835889516e-01	6.936614531737643474e-02	2.773168706595987437e-02	7.198165554431522339e-02
1.035282825722230655e+03	2.729801662440618504e-01	1.755655560868575882e-01	2.367185035576313268e-01	1.451792721797667274e-01	6.952294429292529832e-02	2.782054836588825075e-02	7.221300927257175151e-02
1.040120595935886058e+03	2.721561114220054090e-01	1.750215931626594446e-01	2.372378282487247192e-01	1.455534303190969270e-01	6.967884116375129555e-02	2.790919379878998782e-02	7.244300188467506230e-02
1.044958366149541234e+03	2.713371259673180713e-01	1.744805134546346392e-01	2.377538784224762225e-01	1.459253848332539016e-01	6.983383733306479380e-02	2.799761960818250919e-02	7.267164038077265908e-02
1.049796136363196410e+03	2.705231749761492499e-01	1.739423046620472701e-01	2.382666841922840284e-01	1.462951476869343570e-01	6.998793453275768683e-02	2.808582215771612822e-02	7.289893179181400340e-02
1.054633906576851814e+03	2.697142238519332214e-01	1.734069544780997563e-01	2.387762749892178016e-01	1.466627307797532531e-01	7.014113479813575969e-02	2.817379792791416260e-02	7.312488317464881094e-02
1.059471676790506763e+03	2.689102383014281283e-01	1.728744505913498430e-01	2.392826795941151996e-01	1.470281459479932940e-01	7.029344044432356275e-02	2.826154351303137441e-02	7.334950160746134262e-02
1.064309447004162394e+03	2.681111843308352505e-01	1.723447806870955223e-01	2.397859261677748599e-01	1.473914049662192749e-01	7.044485404423400654e-02	2.834905561802480642e-02	7.357279418551905537e-02
1.069147217217817570e+03	2.673170282419951582e-01	1.718179324487277837e-01	2.402860422793656470e-01	1.477525195487657539e-01	7.059537840800193809e-02	2.843633105563149813e-02	7.379476801721492063e-02
1.073984987431472746e+03	2.665277366286593619e-01	1.712938935590521683e-01	2.407830549331635706e-01	1.481115013511080936e-01	7.074501656378719139e-02	2.852336674354781151e-02	7.401543022038446773e-02
1.078822757645127922e+03	2.657432763728337366e-01	1.707726517015795975e-01	2.412769905937212078e-01	1.484683619711245628e-01	7.089377173985883518e-02	2.861015970170545722e-02	7.423478791887934414e-02
1.083660527858783553e+03	2.649636146411924464e-01	1.702541945617869756e-01	2.417678752095674122e-01	1.488231129502578243e-01	7.104164734787772606e-02	2.869670704963952004e-02	7.445284823938087826e-02
1.088498298072438729e+03	2.641887188815601473e-01	1.697385098283480664e-01	2.422557342355292909e-01	1.491757657745829690e-01	7.118864696730019259e-02	2.878300600394422676e-02	7.466961830843783787e-02
1.093336068286093905e+03	2.634185568194603588e-01	1.692255851943353095e-01	2.427405926537620495e-01	1.495263318757889259e-01	7.133477433083025565e-02	2.886905387581219229e-02	7.488510524971368765e-02
1.098173838499749309e+03	2.626530964547269531e-01	1.687154083583930764e-01	2.432224749935675279e-01	1.498748226320794907e-01	7.148003331085261980e-02	2.895484806865336949e-02	7.509931618142978715e-02
1.103011608713404712e+03	2.618923060581789808e-01	1.682079670258826987e-01	2.437014053500763944e-01	1.502212493690003314e-01	7.162442790678294480e-02	2.904038607578998329e-02	7.531225821399147036e-02
1.107849378927059888e+03	2.611361541683552834e-01	1.677032489100001855e-01	2.441774074018649432e-01	1.505656233601970762e-01	7.176796223327604196e-02	2.912566547822401791e-02	7.552393844778530763e-02
1.112687149140715292e+03	2.603846095883077805e-01	1.672012417328665734e-01	2.446505044275723850e-01	1.509079558281097577e-01	7.191064050923640094e-02	2.921068394247398892e-02	7.573436397113600393e-02
1.117524919354370468e+03	2.596376413824520446e-01	1.667019332265920195e-01	2.451207193215805824e-01	1.512482579446086661e-01	7.205246704757900522e-02	2.929543921847792623e-02	7.594354185841263594e-02
1.122362689568025871e+03	2.588952188734733872e-01	1.662053111343136658e-01	2.455880746088141553e-01	1.515865408315758278e-01	7.219344624569173918e-02	2.937992913755967106e-02	7.615147916827447183e-02
1.127200459781681047e+03	2.581573116392864575e-01	1.657113632112079959e-01	2.460525924587154412e-01	1.519228155614363585e-01	7.233358257655385370e-02	2.946415161045574937e-02	7.635818294204695100e-02
1.132038229995336451e+03	2.574238895100480762e-01	1.652200772254781014e-01	2.465142946984451300e-01	1.522570931576438524e-01	7.247288058046787163e-02	2.954810462540020943e-02	7.656366020221955226e-02
1.136876000208991627e+03	2.566949225652207511e-01	1.647314409593162166e-01	2.469732028253558698e-01	1.525893845951227512e-01	7.261134485736489563e-02	2.963178624626501556e-02	7.676791795105727956e-02
1.141713770422646803e+03	2.559703811306859866e-01	1.642454422098423572e-01	2.474293380187842506e-01	1.529197008006719927e-01	7.274898005964618164e-02	2.971519461075364243e-02	7.697096316931832660e-02
1.146551540636302207e+03	2.552502357759066087e-01	1.637620687900190608e-01	2.478827211512022177e-01	1.532480526533323284e-01	7.288579088552583907e-02	2.979832792864573615e-02	7.717280281507103712e-02
1.151389310849957155e+03	2.545344573111358311e-01	1.632813085295428679e-01	2.483333727987672990e-01	1.535744509847206396e-01	7.302178207284200362e-02	2.988118448009070144e-02	7.737344382260344378e-02
1.156227081063612786e+03	2.538230167846732277e-01	1.628031492757131271e-01	2.487813132513089220e-01	1.538989065793337496e-01	7.315695839330607630e-02	2.996376261394834151e-02	7.757289310141930738e-02
1.161064851277267962e+03	2.531158854801651703e-01	1.623275788942783737e-01	2.492265625217842673e-01	1.542214301748245087e-01	7.329132464716099638e-02	3.004606074617460765e-02	7.777115753531489706e-02
1.165902621490923138e+03	2.524130349139490637e-01	1.618545852702608090e-01	2.496691403552364907e-01	1.545420324622522878e-01	7.342488565822211100e-02	3.012807735825079672e-02	7.796824398153122393e-02
1.170740391704578315e+03	2.517144368324414905e-01	1.613841563087592135e-01	2.501090662372855156e-01	1.548607240863100198e-01	7.355764626927545347e-02	3.020981099565444444e-02	7.816415926997667685e-02
1.175578161918233945e+03	2.510200632095668793e-01	1.609162799357308493e-01	2.505463594021791751e-01	1.551775156455302562e-01	7.368961133780989325e-02	3.029126026637039837e-02	7.835891020251532779e-02
1.180415932131889122e+03	2.503298862442283057e-01	1.604509440987526570e-01	2.509810388404319914e-01	1.554924176924715462e-01	7.382078573206123095e-02	3.037242383944055435e-02	7.855250355231657711e-02
1.185253702345544298e+03	2.496438783578175113e-01	1.599881367677620791e-01	2.514131233060754034e-01	1.558054407338872183e-01	7.395117432734782392e-02	3.045330044355081325e-02	7.874494606326200297e-02
1.190091472559199701e+03	2.489620121917643925e-01	1.595278459357781231e-01	2.518426313235439529e-01	1.561165952308782856e-01	7.408078200267839697e-02	3.053388886565395685e-02	7.893624444940570972e-02
1.194929242772855105e+03	2.482842606051246515e-01	1.590700596196029104e-01	2.522695811942181066e-01	1.564258915990316967e-01	7.420961363761395535e-02	3.061418794962713491e-02	7.912640539448441424e-02
1.199767012986510281e+03	2.476105966722045026e-01	1.586147658605040478e-01	2.526939910026446690e-01	1.567333402085455130e-01	7.433767410936735487e-02	3.069419659496273184e-02	7.931543555147403668e-02
1.204604783200165684e+03	2.469409936802224315e-01	1.581619527248783463e-01	2.531158786224542712e-01	1.570389513843422902e-01	7.446496829012437535e-02	3.077391375549150265e-02	7.950334154218961780e-02
1.209442553413820860e+03	2.462754251270063144e-01	1.577116083048970829e-01	2.535352617219931992e-01	1.573427354061718575e-01	7.459150104457176744e-02	3.085333843813682295e-02	7.969012995692578705e-02
1.214280323627476264e+03	2.456138647187257884e-01	1.572637207191334152e-01	2.539521577696867705e-01	1.576447025087045761e-01	7.471727722761853374e-02	3.093246970169905019e-02	7.987580735413474242e-02
1.219118093841131440e+03	2.449562863676586488e-01	1.568182781131718939e-01	2.543665840391501898e-01	1.579448628816161881e-01	7.484230168229744073e-02	3.101130665566899022e-02	8.006038026013959086e-02
1.223955864054786844e+03	2.443026641899909979e-01	1.563752686602010167e-01	2.547785576140613184e-01	1.582432266696650325e-01	7.496657923783488220e-02	3.108984845906947320e-02	8.024385516888025982e-02
1.228793634268442020e+03	2.436529725036501171e-01	1.559346805615885179e-01	2.551880953928096218e-01	1.585398039727628217e-01	7.509011470787754772e-02	3.116809431932421673e-02	8.042623854169007880e-02
1.233631404482097196e+03	2.430071858261695916e-01	1.554965020474403381e-01	2.555952140929340644e-01	1.588346048460394788e-01	7.521291288886566839e-02	3.124604349115304297e-02	8.060753680710075475e-02
1.238469174695752372e+03	2.423652788725859375e-01	1.550607213771429682e-01	2.559999302553619405e-01	1.591276392999029510e-01	7.533497855854273673e-02	3.132369527549265509e-02	8.078775636067379862e-02
1.243306944909407548e+03	2.417272265533659814e-01	1.546273268398902501e-01	2.564022602484606894e-01	1.594189173000945259e-01	7.545631647459256908e-02	3.140104901844217172e-02	8.096690356485679307e-02
1.248144715123063179e+03	2.410930039723647167e-01	1.541963067551941902e-01	2.568022202719130176e-01	1.597084487677407905e-01	7.557693137339516198e-02	3.147810411023267696e-02	8.114498474886244761e-02
1.252982485336718355e+03	2.404625864248129130e-01	1.537676494733807298e-01	2.571998263604250989e-01	1.599962435794019533e-01	7.569682796889304344e-02	3.155485998422009192e-02	8.132200620856920581e-02
1.257820255550373531e+03	2.398359493953332866e-01	1.533413433760703604e-01	2.575950943872782894e-01	1.602823115671179466e-01	7.581601095156084713e-02	3.163131611590062203e-02	8.149797420644168400e-02
1.262658025764028707e+03	2.392130685559859249e-01	1.529173768766440566e-01	2.579880400677320718e-01	1.605666625184522522e-01	7.593448498747092101e-02	3.170747202194816594e-02	8.167289497146966448e-02
1.267495795977684338e+03	2.385939197643411891e-01	1.524957384206948319e-01	2.583786789622872782e-01	1.608493061765341459e-01	7.605225471744826715e-02	3.178332725927304064e-02	8.184677469912426950e-02
1.272333566191339514e+03	2.379784790615802892e-01	1.520764164864652490e-01	2.587670264798171416e-01	1.611302522400997195e-01	7.616932475630894261e-02	3.185888142410144702e-02	8.201961955133027504e-02
1.277171336404994690e+03	2.373667226706226707e-01	1.516593995852709986e-01	2.591530978805735019e-01	1.614095103635319051e-01	7.628569969217577351e-02	3.193413415107503733e-02	8.219143565645313509e-02
1.282009106618650094e+03	2.367586269942799082e-01	1.512446762619110430e-01	2.595369082790752735e-01	1.616870901569002761e-01	7.640138408586638619e-02	3.200908511237007814e-02	8.236222910930002250e-02
1.286846876832305497e+03	2.361541686134355500e-01	1.508322350950644375e-01	2.599184726468851125e-01	1.619630011860004326e-01	7.651638247034821261e-02	3.208373401683568132e-02	8.253200597113359571e-02
1.291684647045960673e+03	2.355533242852502762e-01	1.504220646976741627e-01	2.602978058152808361e-01	1.622372529723936363e-01	7.663069935025586255e-02	3.215808060915055500e-02	8.270077226969774209e-02
1.296522417259616077e+03	2.349560709413922033e-01	1.500141537173182160e-01	2.606749224778271978e-01	1.625098549934467784e-01	7.674433920146653265e-02	3.223212466899778861e-02	8.286853399925436792e-02
1.301360187473271253e+03	2.343623856862916410e-01	1.496084908365684918e-01	2.610498371928530736e-01	1.627808166823729585e-01	7.685730647072926136e-02	3.230586601025724897e-02	8.303529712063047186e-02
1.306197957686926657e+03	2.337722457954199140e-01	1.492050647733371704e-01	2.614225643858392734e-01	1.630501474282728680e-01	7.696960557534414382e-02	3.237930448021505286e-02	8.320106756127473857e-02
1.311035727900581833e+03	2.331856287135918582e-01	1.488038642812111734e-01	2.617931183517221427e-01	1.633178565761773116e-01	7.708124090288805130e-02	3.245243995878974858e-02	8.336585121532287534e-02
1.315873498114237009e+03	2.326025120532915491e-01	1.484048781497751546e-01	2.621615132571162299e-01	1.635839534270908668e-01	7.719221681098338561e-02	3.252527235777475517e-02	8.352965394367126151e-02
1.320711268327892412e+03	2.320228735930208175e-01	1.480080952049228349e-01	2.625277631424614011e-01	1.638484472380368207e-01	7.730253762710670440e-02	3.259780162009664334e-02	8.369248157405796695e-02
1.325549038541547588e+03	2.314466912756702188e-01	1.476135043091572063e-01	2.628918819240975702e-01	1.641113472221038816e-01	7.741220764843448343e-02	3.267002771908885522e-02	8.385433990115087610e-02
1.330386808755202765e+03	2.308739432069120134e-01	1.472210943618798284e-01	2.632538833962712044e-01	1.643726625484942250e-01	7.752123114172308760e-02	3.274195065778059271e-02	8.401523468664222338e-02
1.335224578968857941e+03	2.303046076536146292e-01	1.468308542996691335e-01	2.636137812330764385e-01	1.646324023425733418e-01	7.762961234322034165e-02	3.281357046820029127e-02	8.417517165934906842e-02
1.340062349182513572e+03	2.297386630422785792e-01	1.464427730965486008e-01	2.639715889903346269e-01	1.648905756859219418e-01	7.773735545860667451e-02	3.288488721069359605e-02	8.433415651531926682e-02
1.344900119396168748e+03	2.291760879574932241e-01	1.460568397642442173e-01	2.643273201074154422e-01	1.651471916163895493e-01	7.784446466296310319e-02	3.295590097325527823e-02	8.449219491794252024e-02
1.349737889609823924e+03	2.286168611404139073e-01	1.456730433524322244e-01	2.646809879090016859e-01	1.654022591281501531e-01	7.795094410076448821e-02	3.302661187087485573e-02	8.464929249806601996e-02
1.354575659823479100e+03	2.280609614872594337e-01	1.452913729489767047e-01	2.650326056068013636e-01	1.656557871717600494e-01	7.805679788589564572e-02	3.309702004489564059e-02	8.480545485411447593e-02
1.359413430037134731e+03	2.275083680478292847e-01	1.449118176801577063e-01	2.653821863012090221e-01	1.659077846542175994e-01	7.816203010168891463e-02	3.316712566238678994e-02	8.496068755221398983e-02
1.364251200250789907e+03	2.269590600240404266e-01	1.445343667108897612e-01	2.657297429829188484e-01	1.661582604390253459e-01	7.826664480098122212e-02	3.323692891552820772e-02	8.511499612631945322e-02
1.369088970464445310e+03	2.264130167684831052e-01	1.441590092449315241e-01	2.660752885344921381e-01	1.664072233462541017e-01	7.837064600618914856e-02	3.330643002100785316e-02	8.526838607834542894e-02
1.373926740678100487e+03	2.258702177829956803e-01	1.437857345250857510e-01	2.664188357318806322e-01	1.666546821526094513e-01	7.847403770940056256e-02	3.337562921943128258e-02	8.542086287829991909e-02
1.378764510891755890e+03	2.253306427172578064e-01	1.434145318333909791e-01	2.667603972459085537e-01	1.669006455915005016e-01	7.857682387248141054e-02	3.344452677474316071e-02	8.557243196442088085e-02
1.383602281105411066e+03	2.247942713674019599e-01	1.430453904913041585e-01	2.670999856437143438e-01	1.671451223531107699e-01	7.867900842719641186e-02	3.351312297366038084e-02	8.572309874331522639e-02
1.388440051319066470e+03	2.242610836746428693e-01	1.426782998598752072e-01	2.674376133901545383e-01	1.673881210844714029e-01	7.878059527534241047e-02	3.358141812511664104e-02	8.587286859010015427e-02
1.393277821532721646e+03	2.237310597239244581e-01	1.423132493399128229e-01	2.677732928491712849e-01	1.676296503895366719e-01	7.888158828889335616e-02	3.364941255971815731e-02	8.602174684854649311e-02
1.398115591746377049e+03	2.232041797425841911e-01	1.419502283721425229e-01	2.681070362851247224e-01	1.678697188292618270e-01	7.898199131015584684e-02	3.371710662921033330e-02	8.616973883122383548e-02
1.402953361960032225e+03	2.226804240990345185e-01	1.415892264373565246e-01	2.684388558640925515e-01	1.681083349216829781e-01	7.908180815193416313e-02	3.378450070595508808e-02	8.631684981964742043e-02
1.407791132173687402e+03	2.221597733014610276e-01	1.412302330565561037e-01	2.687687636551372994e-01	1.683455071419995841e-01	7.918104259770414322e-02	3.385159518241866866e-02	8.646308506442645925e-02
1.412628902387342805e+03	2.216422079965369718e-01	1.408732377910861255e-01	2.690967716315431080e-01	1.685812439226588300e-01	7.927969840179480143e-02	3.391839047066970425e-02	8.660844978541383521e-02
1.417466672600997981e+03	2.211277089681541741e-01	1.405182302427622487e-01	2.694228916720233791e-01	1.688155536534424184e-01	7.937777928957705231e-02	3.398488700188727341e-02	8.675294917185683019e-02
1.422304442814653157e+03	2.206162571361699465e-01	1.401652000539909126e-01	2.697471355619000533e-01	1.690484446815557762e-01	7.947528895765880452e-02	3.405108522587879660e-02	8.689658838254908646e-02
1.427142213028308333e+03	2.201078335551695797e-01	1.398141369078821639e-01	2.700695149942561324e-01	1.692799253117188707e-01	7.957223107408575857e-02	3.411698561060756002e-02	8.703937254598331785e-02
1.431979983241963964e+03	2.196024194132441820e-01	1.394650305283555436e-01	2.703900415710620564e-01	1.695100038062598291e-01	7.966860927854721441e-02	3.418258864172962763e-02	8.718130676050490913e-02
1.436817753455619140e+03	2.190999960307840888e-01	1.391178706802391474e-01	2.707087268042774331e-01	1.697386883852101680e-01	7.976442718258638931e-02	3.424789482213998898e-02	8.732239609446605655e-02
1.441655523669274316e+03	2.186005448592868716e-01	1.387726471693622177e-01	2.710255821169286761e-01	1.699659872264025484e-01	7.985968836981464924e-02	3.431290467152773443e-02	8.746264558638060238e-02
1.446493293882929493e+03	2.181040474801801965e-01	1.384293498426409919e-01	2.713406188441632727e-01	1.701919084655702796e-01	7.995439639612919591e-02	3.437761872594006368e-02	8.760206024507924405e-02
1.451331064096585123e+03	2.176104856036593371e-01	1.380879685881584162e-01	2.716538482342826244e-01	1.704164601964489878e-01	8.004855478993375129e-02	3.444203753735504414e-02	8.774064504986511803e-02
1.456168834310240300e+03	2.171198410675386214e-01	1.377484933352375318e-01	2.719652814497526272e-01	1.706396504708803386e-01	8.014216705236168470e-02	3.450616167326275158e-02	8.787840495066974456e-02
1.461006604523895703e+03	2.166320958361171722e-01	1.374109140545090035e-01	2.722749295681941573e-01	1.708614872989176470e-01	8.023523665750142975e-02	3.456999171625481371e-02	8.801534486820904168e-02
1.465844374737550879e+03	2.161472319990583868e-01	1.370752207579723769e-01	2.725828035833537943e-01	1.710819786489333749e-01	8.032776705262351102e-02	3.463352826362209314e-02	8.815146969413967248e-02
1.470682144951206283e+03	2.156652317702831556e-01	1.367414034990517835e-01	2.728889144060547833e-01	1.713011324477287101e-01	8.041976165840918067e-02	3.469677192696036389e-02	8.828678429121525340e-02
1.475519915164861459e+03	2.151860774868760984e-01	1.364094523726460673e-01	2.731932728651297881e-01	1.715189565806448380e-01	8.051122386917991536e-02	3.475972333178382195e-02	8.842129349344267364e-02
1.480357685378516862e+03	2.147097516080053448e-01	1.360793575151732493e-01	2.734958897083358820e-01	1.717354588916759905e-01	8.060215705312803736e-02	3.482238311714630496e-02	8.855500210623837298e-02
1.485195455592172038e+03	2.142362367138551937e-01	1.357511091046094964e-01	2.737967756032521072e-01	1.719506471835843819e-01	8.069256455254761318e-02	3.488475193527001278e-02	8.868791490658442522e-02
1.490033225805827215e+03	2.137655155045713740e-01	1.354246973605230109e-01	2.740959411381599375e-01	1.721645292180168374e-01	8.078244968406579629e-02	3.494683045118163189e-02	8.882003664318458003e-02
1.494870996019482618e+03	2.132975707992193215e-01	1.351001125441027295e-01	2.743933968229081977e-01	1.723771127156231431e-01	8.087181573887418373e-02	3.500861934235569711e-02	8.895137203661995784e-02
1.499708766233137567e+03	2.128323855347541982e-01	1.347773449581818883e-01	2.746891530897613842e-01	1.725884053561759779e-01	8.096066598296006167e-02	3.507011929836505865e-02	8.908192577950459212e-02
1.504546536446793198e+03	2.123699427650037330e-01	1.344563849472568129e-01	2.749832202942338322e-01	1.727984147786925107e-01	8.104900365733731793e-02	3.513133102053827422e-02	8.921170253664068017e-02
1.509384306660448374e+03	2.119102256596626099e-01	1.341372228975007685e-01	2.752756087159081710e-01	1.730071485815575794e-01	8.113683197827670224e-02	3.519225522162391928e-02	8.934070694517343147e-02
1.514222076874103550e+03	2.114532175032990124e-01	1.338198492367731751e-01	2.755663285592400147e-01	1.732146143226482859e-01	8.122415413753561464e-02	3.525289262546146135e-02	8.946894361474562463e-02
1.519059847087758726e+03	2.109989016943725482e-01	1.335042544346243532e-01	2.758553899543486621e-01	1.734208195194602287e-01	8.131097330258686695e-02	3.531324396665881660e-02	8.959641712765173405e-02
1.523897617301414357e+03	2.105472617442638861e-01	1.331904290022956905e-01	2.761428029577940313e-01	1.736257716492350944e-01	8.139729261684656991e-02	3.537330999027628320e-02	8.972313203899165424e-02
1.528735387515069533e+03	2.100982812763154406e-01	1.328783634927153956e-01	2.764285775533410483e-01	1.738294781490896945e-01	8.148311519990092400e-02	3.543309145151680994e-02	8.984909287682395218e-02
1.533573157728724709e+03	2.096519440248834076e-01	1.325680485004901710e-01	2.767127236527104905e-01	1.740319464161463048e-01	8.156844414773170571e-02	3.549258911542245432e-02	8.997430414231866180e-02
1.538410927942380113e+03	2.092082338344005976e-01	1.322594746618925843e-01	2.769952510963186176e-01	1.742331838076643102e-01	8.165328253294051875e-02	3.555180375657691211e-02	9.009877030990955105e-02
1.543248698156035516e+03	2.087671346584502041e-01	1.319526326548444983e-01	2.772761696540034237e-01	1.744331976411733487e-01	8.173763340497161578e-02	3.561073615881404225e-02	9.022249582744594487e-02
1.548086468369690692e+03	2.083286305588500364e-01	1.316475131988963654e-01	2.775554890257401763e-01	1.746319951946073146e-01	8.182149979033319365e-02	3.566938711493217173e-02	9.034548511634388213e-02
1.552924238583346096e+03	2.078927057047473270e-01	1.313441070552029133e-01	2.778332188423448534e-01	1.748295837064400005e-01	8.190488469281706485e-02	3.572775742641420144e-02	9.046774257173681444e-02
1.557762008797001272e+03	2.074593443717238361e-01	1.310424050264949181e-01	2.781093686661671449e-01	1.750259703758214602e-01	8.198779109371677476e-02	3.578584790315331166e-02	9.058927256262572225e-02
1.562599779010656675e+03	2.070285309409111985e-01	1.307423979570472850e-01	2.783839479917720738e-01	1.752211623627159820e-01	8.207022195204398407e-02	3.584365936318417711e-02	9.071007943202859247e-02
1.567437549224311852e+03	2.066002498981161228e-01	1.304440767326436046e-01	2.786569662466110708e-01	1.754151667880406162e-01	8.215218020474293614e-02	3.590119263241962899e-02	9.083016749712934101e-02
1.572275319437967255e+03	2.061744858329555841e-01	1.301474322805372119e-01	2.789284327916833339e-01	1.756079907338051749e-01	8.223366876690335614e-02	3.595844854439259747e-02	9.094954104942612472e-02
1.577113089651622431e+03	2.057512234380016736e-01	1.298524555694089422e-01	2.791983569221862527e-01	1.757996412432530353e-01	8.231469053197126851e-02	3.601542794000327924e-02	9.106820435487895937e-02
1.581950859865277607e+03	2.053304475079360814e-01	1.295591376093213620e-01	2.794667478681567840e-01	1.759901253210029715e-01	8.239524837195802420e-02	3.607213166727143983e-02	9.118616165405678264e-02
1.586788630078933011e+03	2.049121429387139592e-01	1.292674694516698641e-01	2.797336147951028362e-01	1.761794499331919006e-01	8.247534513764734343e-02	3.612856058109370494e-02	9.130341716228383697e-02
1.591626400292587959e+03	2.044962947267370823e-01	1.289774421891307643e-01	2.799989668046254376e-01	1.763676220076186296e-01	8.255498365880042932e-02	3.618471554300579235e-02	9.141997506978535859e-02
1.596464170506243590e+03	2.040828879680362529e-01	1.286890469556059291e-01	2.802628129350317465e-01	1.765546484338882394e-01	8.263416674435905551e-02	3.624059742094955933e-02	9.153583954183271143e-02
1.601301940719898766e+03	2.036719078574626696e-01	1.284022749261649332e-01	2.805251621619391234e-01	1.767405360635575240e-01	8.271289718264664137e-02	3.629620708904482407e-02	9.165101471888774387e-02
1.606139710933553943e+03	2.032633396878881227e-01	1.281171173169839694e-01	2.807860233988705434e-01	1.769252917102811518e-01	8.279117774156738441e-02	3.635154542736580841e-02	9.176550471674650711e-02
1.610977481147209119e+03	2.028571688494141545e-01	1.278335653852818721e-01	2.810454054978413496e-01	1.771089221499584920e-01	8.286901116880319995e-02	3.640661332172214631e-02	9.187931362668229351e-02
1.615815251360864750e+03	2.024533808285896297e-01	1.275516104292536146e-01	2.813033172499376788e-01	1.772914341208813582e-01	8.294640019200874570e-02	3.646141166344438883e-02	9.199244551558805050e-02
1.620653021574519926e+03	2.020519612076370486e-01	1.272712437880010317e-01	2.815597673858868388e-01	1.774728343238822781e-01	8.302334751900430909e-02	3.651594134917390128e-02	9.210490442611797557e-02
1.625490791788175102e+03	2.016528956636871872e-01	1.269924568414607657e-01	2.818147645766196918e-01	1.776531294224834856e-01	8.309985583796666853e-02	3.657020328065704873e-02	9.221669437682852855e-02
1.630328562001830505e+03	2.012561699680217864e-01	1.267152410103298821e-01	2.820683174338249333e-01	1.778323260430466346e-01	8.317592781761785903e-02	3.662419836454364891e-02	9.232781936231870823e-02
1.635166332215485909e+03	2.008617699853247618e-01	1.264395877559888748e-01	2.823204345104958768e-01	1.780104307749229009e-01	8.325156610741188401e-02	3.667792751218956065e-02	9.243828335336966295e-02
1.640004102429141085e+03	2.004696816729412412e-01	1.261654885804223136e-01	2.825711243014699670e-01	1.781874501706038338e-01	8.332677333771935924e-02	3.673139163946334551e-02	9.254809029708349621e-02
1.644841872642796488e+03	2.000798910801445396e-01	1.258929350261371316e-01	2.828203952439605762e-01	1.783633907458727630e-01	8.340155212001010288e-02	3.678459166655692614e-02	9.265724411702150332e-02
1.649679642856451665e+03	1.996923843474110449e-01	1.256219186760786088e-01	2.830682557180818626e-01	1.785382589799565656e-01	8.347590504703367165e-02	3.683752851780019294e-02	9.276574871334164474e-02
1.654517413070107068e+03	1.993071477057027086e-01	1.253524311535441638e-01	2.833147140473662451e-01	1.787120613156779336e-01	8.354983469299781529e-02	3.689020312147942710e-02	9.287360796293527010e-02
1.659355183283762244e+03	1.989241674757571687e-01	1.250844641220950071e-01	2.835597784992753279e-01	1.788848041596083904e-01	8.362334361374494651e-02	3.694261640965951915e-02	9.298082571956318987e-02
1.664192953497417420e+03	1.985434300673853680e-01	1.248180092854656309e-01	2.838034572857037752e-01	1.790564938822211960e-01	8.369643434692652928e-02	3.699476931800991381e-02	9.308740581399109482e-02
1.669030723711072824e+03	1.981649219787766092e-01	1.245530583874712854e-01	2.840457585634766913e-01	1.792271368180451407e-01	8.376910941217549644e-02	3.704666278563418375e-02	9.319335205412412892e-02
1.673868493924728000e+03	1.977886297958107442e-01	1.242896032119135269e-01	2.842866904348401724e-01	1.793967392658185056e-01	8.384137131127659959e-02	3.709829775490314230e-02	9.329866822514083780e-02
