7.256655320482924765e+01	4.645015963195782138e-01	4.826011224499897612e-01	2.348867267620892083e-02	7.134694124144322011e-03	1.195152509758185162e-02	5.560763212563246335e-03	4.761626119904060345e-03
7.740432341848452324e+01	4.820582734832761229e-01	4.616145285332315940e-01	2.503608215186947303e-02	8.157251337129500443e-03	1.253119606592400723e-02	5.657620992621475824e-03	4.945047435918186254e-03
8.224209363213981305e+01	4.963847654859317449e-01	4.437454637587608941e-01	2.663204216519496695e-02	9.210464453214044223e-03	1.312671560279160890e-02	5.759241596174099684e-03	5.141306937903013068e-03
8.707986384579510286e+01	5.080025365385072433e-01	4.284945205765102183e-01	2.826678983905698064e-02	1.028785263468279081e-02	1.373292880558478479e-02	5.864905989072755239e-03	5.350465616555551834e-03
9.191763405945040688e+01	5.173492424492263098e-01	4.154425270416141625e-01	2.993214232760173926e-02	1.138400274497793942e-02	1.434562565155913898e-02	5.974008852510292664e-03	5.572450932480753696e-03
9.675540427310566827e+01	5.247921976323952631e-01	4.042376543436104197e-01	3.162124300751548850e-02	1.249439683073899805e-02	1.496138346036255187e-02	6.086040333007147925e-03	5.807084392340457549e-03
1.015931744867609581e+02	5.306396781589070022e-01	3.945845959581178453e-01	3.332834844345615444e-02	1.361526736914420686e-02	1.557743495120879340e-02	6.200570724860402470e-03	6.054104394275863082e-03
1.064309447004162337e+02	5.351504085651114240e-01	3.862354855420723765e-01	3.504864957634071937e-02	1.474347581693294038e-02	1.619155776822778225e-02	6.317237613841037748e-03	6.313185117443969284e-03
1.112687149140715235e+02	5.385415242637553446e-01	3.789822741823353769e-01	3.677812163585220812e-02	1.587641071483179150e-02	1.680198201126972130e-02	6.435735086642820242e-03	6.583952105283116980e-03
1.161064851277267991e+02	5.409952545056789797e-01	3.726503325013726942e-01	3.851339816205641420e-02	1.701190220317859089e-02	1.740731286649178575e-02	6.555804674137390153e-03	6.865995087054633204e-03
1.209442553413820747e+02	5.426645314812854615e-01	3.670930808037961568e-01	4.025166526257650118e-02	1.814815030986112118e-02	1.800646589856586335e-02	6.677227749829501430e-03	7.158878494055919903e-03
1.257820255550373645e+02	5.436776981156455912e-01	3.621874820730187627e-01	4.199057285417472779e-02	1.928366479580737730e-02	1.859861295870392575e-02	6.799819149674834508e-03	7.462150052945245270e-03
1.306197957686926259e+02	5.441424593842171253e-01	3.578302591709850988e-01	4.372816015998256395e-02	2.041721469922993734e-02	1.918313699198078565e-02	6.923421816997619646e-03	7.775347776577316503e-03
1.354575659823479441e+02	5.441491987045726786e-01	3.539347198724683285e-01	4.546279317207256587e-02	2.154778601858994835e-02	1.975959430377925707e-02	7.047902307782378563e-03	8.098005620705417754e-03
1.402953361960032339e+02	5.437737614273525644e-01	3.504280920641203445e-01	4.719311215706516877e-02	2.267454622499871439e-02	2.032768307709749769e-02	7.173147018083593160e-03	8.429658031252753453e-03
1.451331064096584669e+02	5.430797910560130060e-01	3.472492871325543184e-01	4.891798759133302033e-02	2.379681450523078376e-02	2.088721712708329833e-02	7.299059017513293869e-03	8.769843570242921715e-03
1.499708766233137851e+02	5.421206900655138883e-01	3.443470227380183712e-01	5.063648317160412970e-02	2.491403681315807264e-02	2.143810404248846710e-02	7.425555391412964890e-03	9.118107777774742476e-03
1.548086468369690749e+02	5.409412656416014986e-01	3.416782472259128900e-01	5.234782476434924475e-02	2.602576495566361059e-02	2.198032700079792859e-02	7.552565009966279337e-03	9.474005401679336247e-03
1.596464170506243647e+02	5.395791109695283749e-01	3.392068172076038723e-01	5.405137433996102386e-02	2.713163906351809609e-02	2.251392965880518252e-02	7.680026655644558997e-03	9.837102104909678513e-03
1.644841872642796261e+02	5.380657645657311861e-01	3.369023876301605047e-01	5.574660809101086856e-02	2.823137290213056580e-02	2.303900361692080151e-02	7.807887451401564032e-03	1.020697574261540501e-02
1.693219574779349159e+02	5.364276833178895920e-01	3.347394801913708418e-01	5.743309806251862409e-02	2.932474156472965332e-02	2.355567803648838526e-02	7.936101541287350972e-03	1.058321728568641269e-02
1.741597276915902057e+02	5.346870591678750673e-01	3.326967014427646419e-01	5.911049673014832223e-02	3.041157116409097180e-02	2.406411105733821318e-02	8.064628982917270913e-03	1.096543145483642144e-02
1.789974979052454671e+02	5.328625045620501988e-01	3.307560865281616858e-01	6.077852405287145765e-02	3.149173020066265566e-02	2.456448271982812279e-02	8.193434817750503904e-03	1.135323711864629631e-02
1.838352681189008138e+02	5.309696277562411248e-01	3.289025483701399910e-01	6.243695660270513759e-02	3.256512233675495221e-02	2.505698914346167483e-02	8.322488290603476460e-03	1.174626750006454307e-02
1.886730383325560467e+02	5.290215156742734681e-01	3.271234153606580874e-01	6.408561843797686008e-02	3.363168034994534761e-02	2.554183775431154504e-02	8.451762194415296178e-03	1.214417022839030594e-02
1.935108085462113081e+02	5.270291391750034915e-01	3.254080433346734913e-01	6.572437344015290284e-02	3.469136107534673968e-02	2.601924338714934823e-02	8.581232320136340450e-03	1.254660726750857734e-02
1.983485787598666263e+02	5.250016931958002564e-01	3.237474898907219956e-01	6.735311887924400054e-02	3.574414117701529142e-02	2.648942511643168421e-02	8.710876994845783219e-03	1.295325474591187305e-02
2.031863489735219162e+02	5.229468822370088033e-01	3.221342410403620904e-01	6.897178001055015439e-02	3.679001361448036578e-02	2.695260369398806352e-02	8.840676693918733675e-03	1.336380270966272370e-02
2.080241191871772060e+02	5.208711599704236583e-01	3.205619817781404923e-01	7.058030553719177314e-02	3.782898469195195013e-02	2.740899949113198911e-02	8.970613715342306768e-03	1.377795481578883430e-02
2.128618894008324673e+02	5.187799303434902365e-01	3.190254035148279432e-01	7.217866379946699662e-02	3.886107159586554838e-02	2.785883085958628519e-02	9.100671906192443414e-03	1.419542798054159241e-02
2.176996596144877287e+02	5.166777163664205696e-01	3.175200424506628427e-01	7.376683957439546246e-02	3.988630034161867038e-02	2.830231283959333544e-02	9.230836432888430906e-03	1.461595199439172030e-02
2.225374298281430470e+02	5.145683017752135102e-01	3.160421439171160474e-01	7.534483138754419218e-02	4.090470406310324492e-02	2.873965615530332460e-02	9.361093588189317583e-03	1.503926911350140366e-02
2.273752000417983652e+02	5.124548499291268211e-01	3.145885485145299976e-01	7.691264925495457094e-02	4.191632158933880636e-02	2.917106644736183751e-02	9.491430629027136287e-03	1.546513363563191586e-02
2.322129702554535982e+02	5.103400036007897933e-01	3.131565965434620069e-01	7.847031278618851746e-02	4.292119626149050460e-02	2.959674370085736347e-02	9.621835640220909730e-03	1.589331146696204219e-02
2.370507404691088880e+02	5.082259687293229078e-01	3.117440477903041796e-01	8.001784959058902413e-02	4.391937495109082823e-02	3.001688183369499718e-02	9.752297419911888296e-03	1.632357968505735238e-02
2.418885106827641494e+02	5.061145847134628228e-01	3.103490142000705498e-01	8.155529393814865691e-02	4.491090724660704026e-02	3.043166841624984909e-02	9.882805383229057578e-03	1.675572610220317157e-02
2.467262808964194392e+02	5.040073834076020942e-01	3.089699033656649885e-01	8.308268563418393093e-02	4.589584478080166452e-02	3.084128449800239979e-02	1.001334948125500585e-02	1.718954883246099144e-02
2.515640511100747290e+02	5.019056386361009370e-01	3.076053710956680454e-01	8.460006907356380779e-02	4.687424067578498804e-02	3.124590452091948606e-02	1.014392013283318614e-02	1.762485586510074281e-02
2.564018213237300188e+02	4.998104077495215680e-01	3.062542816019420688e-01	8.610749244573888406e-02	4.784614908639414632e-02	3.164569630274589873e-02	1.027450816715284355e-02	1.806146464647579927e-02
2.612395915373852517e+02	4.977225665016072886e-01	3.049156740827413392e-01	8.760500706643323254e-02	4.881162482566690081e-02	3.204082107621870207e-02	1.040510477537963906e-02	1.849920167192404749e-02
2.660773617510405415e+02	4.956428383203329568e-01	3.035887346737388692e-01	8.909266681573417557e-02	4.977072305880751724e-02	3.243143357259940102e-02	1.053570146987837901e-02	1.893790208887986479e-02
2.709151319646958882e+02	4.935718188738844048e-01	3.022727729044970557e-01	9.057052766556694667e-02	5.072349905424800715e-02	3.281768213991226313e-02	1.066629004980796172e-02	1.937740931205445688e-02
2.757529021783511780e+02	4.915099966876674831e-01	3.009672019364922346e-01	9.203864728227056924e-02	5.167000798225824393e-02	3.319970888794383790e-02	1.079686257206477311e-02	1.981757465127397325e-02
2.805906723920064678e+02	4.894577704469477708e-01	2.996715219751174275e-01	9.349708469228230900e-02	5.261030475311042481e-02	3.357764985345162295e-02	1.092741132671533680e-02	2.025825695234621804e-02
2.854284426056617008e+02	4.874154635177496142e-01	2.983853063457155841e-01	9.494590000086071402e-02	5.354444388810536415e-02	3.395163518019320842e-02	1.105792881619721210e-02	2.069932225114937824e-02
2.902662128193169337e+02	4.853833361330551210e-01	2.971081898056300852e-01	9.638515415539199160e-02	5.447247941785962611e-02	3.432178930935818328e-02	1.118840773768302842e-02	2.114064344099306908e-02
2.951039830329722804e+02	4.833615956195065344e-01	2.958398587330347551e-01	9.781490874617922160e-02	5.539446480316827237e-02	3.468823117679503687e-02	1.131884096809990074e-02	2.158209995318737667e-02
2.999417532466276270e+02	4.813504049795249706e-01	2.945800428910266278e-01	9.923522583875137026e-02	5.631045287452549758e-02	3.505107441409990171e-02	1.144922155137807936e-02	2.202357745066457761e-02
3.047795234602828600e+02	4.793498900931540407e-01	2.933285085139097914e-01	1.006461678326841802e-01	5.722049578702898681e-02	3.541042755119588881e-02	1.157954268757129500e-02	2.246496753442686622e-02
3.096172936739380930e+02	4.773601457614625732e-01	2.920850525032628875e-01	1.020477973427265372e-01	5.812464498793360607e-02	3.576639421849859418e-02	1.170979772354870801e-02	2.290616746253814479e-02
3.144550638875934396e+02	4.753812407776952798e-01	2.908494975555112605e-01	1.034401770986985714e-01	5.902295119457174472e-02	3.611907334715129536e-02	1.183998014500670624e-02	2.334707988133614617e-02
3.192928341012487294e+02	4.734132221824388642e-01	2.896216880713678998e-01	1.048233698611932968e-01	5.991546438073680481e-02	3.646855936613460636e-02	1.197008356958926753e-02	2.378761256851031833e-02
3.241306043149040192e+02	4.714561188339592146e-01	2.884014867215505817e-01	1.061974383505874392e-01	6.080223376994370321e-02	3.681494239532140389e-02	1.210010174093963976e-02	2.422767818766902170e-02
3.289683745285592522e+02	4.695099444037902914e-01	2.871887715633618665e-01	1.075624451872656401e-01	6.168330783424585961e-02	3.715830843376755760e-02	1.223002852353457549e-02	2.466719405400519607e-02
3.338061447422145420e+02	4.675746998899625306e-01	2.859834336196539484e-01	1.089184528412963232e-01	6.255873429751107606e-02	3.749873954270962345e-02	1.235985789817635287e-02	2.510608191066115644e-02
3.386439149558698318e+02	4.656503757254147335e-01	2.847853748459160950e-01	1.102655235900787123e-01	6.342856014224465544e-02	3.783631402288945705e-02	1.248958395803787848e-02	2.554426771538957641e-02
3.434816851695251216e+02	4.637369535466688841e-01	2.835945064231542578e-01	1.116037194827157047e-01	6.429283161920422429e-02	3.817110658594700251e-02	1.261920090517302563e-02	2.598168143710802638e-02
3.483194553831804114e+02	4.618344076773901463e-01	2.824107473242457589e-01	1.129331023100659942e-01	6.515159425918114200e-02	3.850318851972178019e-02	1.274870304741855184e-02	2.641825686194781975e-02
3.531572255968357013e+02	4.599427063726754805e-01	2.812340231098561794e-01	1.142537335795942438e-01	6.600489288643206220e-02	3.883262784738364393e-02	1.287808479562575076e-02	2.685393140840380485e-02
3.579949958104909342e+02	4.580618128625464913e-01	2.800642649170622112e-01	1.155656744942787778e-01	6.685277163333568085e-02	3.915948948037845101e-02	1.300734066117000855e-02	2.728864595119952566e-02
3.628327660241463377e+02	4.561916862269378981e-01	2.789014086097433842e-01	1.168689859349526378e-01	6.769527395592539465e-02	3.948383536522571263e-02	1.313646525369477000e-02	2.772234465349135077e-02
3.676705362378016275e+02	4.543322821292845037e-01	2.777453940647757746e-01	1.181637284455530484e-01	6.853244265001218194e-02	3.980572462424649544e-02	1.326545327905343657e-02	2.815497480704564834e-02
3.725083064514568036e+02	4.524835534314515795e-01	2.765961645722329609e-01	1.194499622208368972e-01	6.936431986766498914e-02	4.012521369033204832e-02	1.339429953741861495e-02	2.858648668003406501e-02
3.773460766651120935e+02	4.506454507090985051e-01	2.754536663312985856e-01	1.207277470961894278e-01	7.019094713385970463e-02	4.044235643588817153e-02	1.352299892153303526e-02	2.901683337210378411e-02
3.821838468787673833e+02	4.488179226834975721e-01	2.743178480265357488e-01	1.219971425392117614e-01	7.101236536314466108e-02	4.075720429610922568e-02	1.365154641508066653e-02	2.944597067639158350e-02
3.870216170924226162e+02	4.470009165832530273e-01	2.731886604716226574e-01	1.232582076428221790e-01	7.182861487620112451e-02	4.106980638674949391e-02	1.377993709115995710e-02	2.987385694816278858e-02
3.918593873060780197e+02	4.451943784472052745e-01	2.720660563097353490e-01	1.245110011196473021e-01	7.263973541620204200e-02	4.138020961656879715e-02	1.390816611084409044e-02	3.030045297976838650e-02
3.966971575197332527e+02	4.433982533779903257e-01	2.709499897614954800e-01	1.257555812975139353e-01	7.344576616489388587e-02	4.168845879463616011e-02	1.403622872181557041e-02	3.072572188162587745e-02
4.015349277333884856e+02	4.416124857542018667e-01	2.698404164128599958e-01	1.269920061158819891e-01	7.424674575834316892e-02	4.199459673267838533e-02	1.416412025706452471e-02	3.114962896894139452e-02
4.063726979470438323e+02	4.398370194078258244e-01	2.687372930365524160e-01	1.282203331230828969e-01	7.504271230230383227e-02	4.229866434266204428e-02	1.429183613364178214e-02	3.157214165390252736e-02
4.112104681606991221e+02	4.380717977725451240e-01	2.676405774416646954e-01	1.294406194742492300e-01	7.583370338717333736e-02	4.260070072979686012e-02	1.441937185145929223e-02	3.199322934308286570e-02
4.160482383743544119e+02	4.363167640076105469e-01	2.665502283469190492e-01	1.306529219298381284e-01	7.661975610251467450e-02	4.290074328114685392e-02	1.454672299213160061e-02	3.241286333981054091e-02
4.208860085880095880e+02	4.345718611012208688e-01	2.654662052738048228e-01	1.318572968546662394e-01	7.740090705112989689e-02	4.319882775003244801e-02	1.467388521785314114e-02	3.283101675126402080e-02
4.257237788016648778e+02	4.328370319567182989e-01	2.643884684564115073e-01	1.330538002173858869e-01	7.817719236267654803e-02	4.349498833640320222e-02	1.480085427030695434e-02	3.324766440006905049e-02
4.305615490153201677e+02	4.311122194643757788e-01	2.633169787652903659e-01	1.342424875903429626e-01	7.894864770682409605e-02	4.378925776335639009e-02	1.492762596960112501e-02	3.366278274018079386e-02
4.353993192289755143e+02	4.293973665611044432e-01	2.622516976431037428e-01	1.354234141497655530e-01	7.971530830595105477e-02	4.408166734997150116e-02	1.505419621322987359e-02	3.407634977684528832e-02
4.402370894426308041e+02	4.276924162800358475e-01	2.611925870501821678e-01	1.365966346762397809e-01	8.047720894738751019e-02	4.437224708062589840e-02	1.518056097505669604e-02	3.448834499044355767e-02
4.450748596562860939e+02	4.259973117916175389e-01	2.601396094184091345e-01	1.377622035554357804e-01	8.123438399520944986e-02	4.466102567095097536e-02	1.530671630431737484e-02	3.489874926403122024e-02
4.499126298699413837e+02	4.243119964375984265e-01	2.590927276121084422e-01	1.389201747790517749e-01	8.198686740159424891e-02	4.494803063058271098e-02	1.543265832464105203e-02	3.530754481439483949e-02
4.547504000835967304e+02	4.226364137590577497e-01	2.580519048948195504e-01	1.400706019459490859e-01	8.273469271774755440e-02	4.523328832285474638e-02	1.555838323308783057e-02	3.571471512645493090e-02
4.595881702972519065e+02	4.209705075194452029e-01	2.570171049010274156e-01	1.412135382634540082e-01	8.347789310441326716e-02	4.551682402157644636e-02	1.568388729920160499e-02	3.612024489085348400e-02
4.644259405109071963e+02	4.193142217234451796e-01	2.559882916120593266e-01	1.423490365488066511e-01	8.421650134197918025e-02	4.579866196503250275e-02	1.580916686407706634e-02	3.652411994457152589e-02
4.692637107245624861e+02	4.176675006323454786e-01	2.549654293354913226e-01	1.434771492307386487e-01	8.495054984019098643e-02	4.607882540733533594e-02	1.593421833943995183e-02	3.692632721442969806e-02
4.741014809382177759e+02	4.160302887764821267e-01	2.539484826875086920e-01	1.445979283511648894e-01	8.568007064748850432e-02	4.635733666725567331e-02	1.605903820673978619e-02	3.732685466333181962e-02
4.789392511518730657e+02	4.144025309652397127e-01	2.529374165777554251e-01	1.457114255669751668e-01	8.640509545997719643e-02	4.663421717465155575e-02	1.618362301625447808e-02	3.772569123911803657e-02
4.837770213655284124e+02	4.127841722950081338e-01	2.519321961962819878e-01	1.468176921519148692e-01	8.712565563004895375e-02	4.690948751461062466e-02	1.630796938620619752e-02	3.812282682590076993e-02
4.886147915791837022e+02	4.111751581554337065e-01	2.509327870022622919e-01	1.479167789985440240e-01	8.784178217466541427e-02	4.718316746941546291e-02	1.643207400188809869e-02	3.851825219776255221e-02
4.934525617928388783e+02	4.095754342342458054e-01	2.499391547142037207e-01	1.490087366202655361e-01	8.855350578331726286e-02	4.745527605843685021e-02	1.655593361480148934e-02	3.891195897470088594e-02
4.982903320064942250e+02	4.079849465208968962e-01	2.489512653014183119e-01	1.500936151534151553e-01	8.926085682567251600e-02	4.772583157605499865e-02	1.667954504180309966e-02	3.930393958071067007e-02
5.031281022201495148e+02	4.064036413092128597e-01	2.479690849765596727e-01	1.511714643594057883e-01	8.996386535892682279e-02	4.799485162770426167e-02	1.680290516426219752e-02	3.969418720390011091e-02
5.079658724338048046e+02	4.048314651992214186e-01	2.469925801890617834e-01	1.522423336269199401e-01	9.066256113486792501e-02	4.826235316413236137e-02	1.692601092722724118e-02	4.008269575854103706e-02
5.128036426474600376e+02	4.032683650982968326e-01	2.460217176193410793e-01	1.533062719741446756e-01	9.135697360666676647e-02	4.852835251396098865e-02	1.704885933860193770e-02	4.046945984895942289e-02
5.176414128611153274e+02	4.017142882217372146e-01	2.450564641736464322e-01	1.543633280510442463e-01	9.204713193540657590e-02	4.879286541463038335e-02	1.717144746833043634e-02	4.085447473517643535e-02
5.224791830747705035e+02	4.001691820928728327e-01	2.440967869794583855e-01	1.554135501416657739e-01	9.273306499636163602e-02	4.905590704180689404e-02	1.729377244759155996e-02	4.123773630021468350e-02
5.273169532884259070e+02	3.986329945427864452e-01	2.431426533813559610e-01	1.564569861664739658e-01	9.341480138503642505e-02	4.931749203732852666e-02	1.741583146800190426e-02	4.161924101898853423e-02
5.321547235020811968e+02	3.971056737097143907e-01	2.421940309372814515e-01	1.574936836847112553e-01	9.409236942297574680e-02	4.957763453575993184e-02	1.753762178082766618e-02	4.199898592870131286e-02
5.369924937157364866e+02	3.955871680381851663e-01	2.412508874151448324e-01	1.585236898967798125e-01	9.476579716335584158e-02	4.983634818962507512e-02	1.765914069620508342e-02	4.237696860067596133e-02
5.418302639293917764e+02	3.940774262779433434e-01	2.403131907897183006e-01	1.595470516466428179e-01	9.543511239636640053e-02	5.009364619338226021e-02	1.778038558236942970e-02	4.275318711354923751e-02
5.466680341430470662e+02	3.925763974826987357e-01	2.393809092397797544e-01	1.605638154242420290e-01	9.610034265439247603e-02	5.034954130620333812e-02	1.790135386489237479e-02	4.312764002776307837e-02
5.515058043567023560e+02	3.910840310087341787e-01	2.384540111454697409e-01	1.615740273679289185e-01	9.676151521700553093e-02	5.060404587361575640e-02	1.802204302592771284e-02	4.350032636128995517e-02
5.563435745703576458e+02	3.896002765133992907e-01	2.375324650858324782e-01	1.625777332669074426e-01	9.741865711577193943e-02	5.085717184806339691e-02	1.814245060346532379e-02	4.387124556653194257e-02
5.611813447840129356e+02	3.881250839535134722e-01	2.366162398365157515e-01	1.635749785636862186e-01	9.807179513888714117e-02	5.110893080843934011e-02	1.826257419059329826e-02	4.424039750833654722e-02
5.660191149976681118e+02	3.866584035836979627e-01	2.357053043676085868e-01	1.645658083565379182e-01	9.872095583564331756e-02	5.135933397864116123e-02	1.838241143476811862e-02	4.460778244307470053e-02
5.708568852113234016e+02	3.852001859546516638e-01	2.347996278415985516e-01	1.655502674019643516e-01	9.936616552073795905e-02	5.160839224519700452e-02	1.850196003709290993e-02	4.497340099872932512e-02
5.756946554249786914e+02	3.837503819113853298e-01	2.338991796114336108e-01	1.665284001171655481e-01	1.000074502784305264e-01	5.185611617400804479e-02	1.862121775160358039e-02	4.533725415594520858e-02
5.805324256386339812e+02	3.823089425914240058e-01	2.330039292186752986e-01	1.675002505825111954e-01	1.006448359665539222e-01	5.210251602625112083e-02	1.874018238456286178e-02	4.569934322999341658e-02
5.853701958522892710e+02	3.808758194229878713e-01	2.321138463917328254e-01	1.684658625440130231e-01	1.012783482203874208e-01	5.234760177348288246e-02	1.885885179376215956e-02	4.605966985360566285e-02
5.902079660659445608e+02	3.794509641231578190e-01	2.312289010441679338e-01	1.694252794157968811e-01	1.019080124563969264e-01	5.259138311198476717e-02	1.897722388783109476e-02	4.641823596063641283e-02
5.950457362795999643e+02	3.780343286960330396e-01	2.303490632730629817e-01	1.703785442825732910e-01	1.025338538758488599e-01	5.283386947638655379e-02	1.909529662555477930e-02	4.677504377051235063e-02
5.998835064932552541e+02	3.766258654308845544e-01	2.294743033574454805e-01	1.713256999021052773e-01	1.031558974683029900e-01	5.307507005260394400e-02	1.921306801519865118e-02	4.713009577343098971e-02
6.047212767069104302e+02	3.752255269003102467e-01	2.286045917567626207e-01	1.722667887076724247e-01	1.037741680149897733e-01	5.331499379012413775e-02	1.933053611384087309e-02	4.748339471627192887e-02
6.095590469205657200e+02	3.738332659583930018e-01	2.277398991094016778e-01	1.732018528105300215e-01	1.043886900920772132e-01	5.355364941367171672e-02	1.944769902671220074e-02	4.783494358918615602e-02
6.143968171342210098e+02	3.724490357388664519e-01	2.268801962312512188e-01	1.741309340023629859e-01	1.049994880738321229e-01	5.379104543428547824e-02	1.956455490654326890e-02	4.818474561283046104e-02
6.192345873478761860e+02	3.710727896532889925e-01	2.260254541142995288e-01	1.750540737577327977e-01	1.056065861356805385e-01	5.402719015983536294e-02	1.968110195291920828e-02	4.853280422621553125e-02
6.240723575615315895e+02	3.697044813892289006e-01	2.251756439252672326e-01	1.759713132365174348e-01	1.062100082571716120e-01	5.426209170500717605e-02	1.979733841164158306e-02	4.887912307513803817e-02
6.289101277751868793e+02	3.683440649084610552e-01	2.243307370042711413e-01	1.768826932863430956e-01	1.068097782248492306e-01	5.449575800078168553e-02	1.991326257409751360e-02	4.922370600116823813e-02
6.337478979888421691e+02	3.669914944451772576e-01	2.234907048635167703e-01	1.777882544450074820e-01	1.074059196350353879e-01	5.472819680343289639e-02	2.002887277663597393e-02	4.956655703116626815e-02
6.385856682024975726e+02	3.656467245042099856e-01	2.226555191860176697e-01	1.786880369428931747e-01	1.079984558965292052e-01	5.495941570306956542e-02	2.014416739995118777e-02	4.990768036730130336e-02
6.434234384161527487e+02	3.643097098592710248e-01	2.218251518243394005e-01	1.795820807053716550e-01	1.085874102332251290e-01	5.518942213174251460e-02	2.025914486847304324e-02	5.024708037754937323e-02
6.482612086298080385e+02	3.629804055512046435e-01	2.209995747993667159e-01	1.804704253551965565e-01	1.091728056866538982e-01	5.541822337113940650e-02	2.037380364976448116e-02	5.058476158664645950e-02
6.530989788434633283e+02	3.616587668862563665e-01	2.201787602990923076e-01	1.813531102148858154e-01	1.097546651184495570e-01	5.564582655988739579e-02	2.048814225392578403e-02	5.092072866747490711e-02
6.579367490571185044e+02	3.603447494343569590e-01	2.193626806774260085e-01	1.822301743090924409e-01	1.103330112127456492e-01	5.587223870048321078e-02	2.060215923300571378e-02	5.125498643286221373e-02
6.627745192707737942e+02	3.590383090274216205e-01	2.185513084530229522e-01	1.831016563669634056e-01	1.109078664785036611e-01	5.609746666586917785e-02	2.071585318041941834e-02	5.158753982777199848e-02
6.676122894844290840e+02	3.577394017576651097e-01	2.177446163081301345e-01	1.839675948244861581e-01	1.114792532517765306e-01	5.632151720567281361e-02	2.082922273037304817e-02	5.191839392186843594e-02
6.724500596980843738e+02	3.564479839759319701e-01	2.169425770874501280e-01	1.848280278268224497e-01	1.120471936979099692e-01	5.654439695212676309e-02	2.094226655729504796e-02	5.224755390243591979e-02
6.772878299117396637e+02	3.551640122900420748e-01	2.161451637970210615e-01	1.856829932306290898e-01	1.126117098136842215e-01	5.676611242568497390e-02	2.105498337527398484e-02	5.257502506763682415e-02
6.821256001253949535e+02	3.538874435631517157e-01	2.153523496031122253e-01	1.865325286063653221e-01	1.131728234293987168e-01	5.698667004035031652e-02	2.116737193750295454e-02	5.290081282009100050e-02
6.869633703390502433e+02	3.526182349121287918e-01	2.145641078311348315e-01	1.873766712405866008e-01	1.137305562109020007e-01	5.720607610872801424e-02	2.127943103573043393e-02	5.322492266076150891e-02
6.918011405527055331e+02	3.513563437059439298e-01	2.137804119645666800e-01	1.882154581382244896e-01	1.142849296615692095e-01	5.742433684681857997e-02	2.139115949971750683e-02	5.354736018313174112e-02
6.966389107663608229e+02	3.501017275640752602e-01	2.130012356438908128e-01	1.890489260248522929e-01	1.148359651242291807e-01	5.764145837856320814e-02	2.150255619670146320e-02	5.386813106765991899e-02
7.014766809800161127e+02	3.488543443549278478e-01	2.122265526655472967e-01	1.898771113489363394e-01	1.153836837830432838e-01	5.785744674015420863e-02	2.161362003086565731e-02	5.418724107649752764e-02
7.063144511936714025e+02	3.476141521942673895e-01	2.114563369808974691e-01	1.907000502840727474e-01	1.159281066653379683e-01	5.807230788412195976e-02	2.172434994281555870e-02	5.450469604845904759e-02
7.111522214073266923e+02	3.463811094436676230e-01	2.106905626952007282e-01	1.915177787312093149e-01	1.164692546433928472e-01	5.828604768320982954e-02	2.183474490906099977e-02	5.482050189423078729e-02
7.159899916209819821e+02	3.451551747089715572e-01	2.099292040666027592e-01	1.923303323208525040e-01	1.170071484361860092e-01	5.849867193404748728e-02	2.194480394150445657e-02	5.513466459180735996e-02
7.208277618346371582e+02	3.439363068387655265e-01	2.091722355051355009e-01	1.931377464152595202e-01	1.175418086110984334e-01	5.871018636063289609e-02	2.205452608693540470e-02	5.544719018214484124e-02
7.256655320482924481e+02	3.427244649228672335e-01	2.084196315717278813e-01	1.939400561106148779e-01	1.180732555855788929e-01	5.892059661763243000e-02	2.216391042653063220e-02	5.575808476502013694e-02
7.305033022619478515e+02	3.415196082908260045e-01	2.076713669772273507e-01	1.947372962391919760e-01	1.186015096287711540e-01	5.912990829350840694e-02	2.227295607536043318e-02	5.606735449508672836e-02
7.353410724756030277e+02	3.403216965104360892e-01	2.069274165814317112e-01	1.955295013714989927e-01	1.191265908631046894e-01	5.933812691348257923e-02	2.238166218190067516e-02	5.637500557811734453e-02
7.401788426892584312e+02	3.391306893862622296e-01	2.061877553921310502e-01	1.963167058184093205e-01	1.196485192658503921e-01	5.954525794234395014e-02	2.249002792755063623e-02	5.668104426742452684e-02
7.450166129029136073e+02	3.379465469581774406e-01	2.054523585641594152e-01	1.970989436332766243e-01	1.201673146706427053e-01	5.975130678710869475e-02	2.259805252615659094e-02	5.698547686045060678e-02
7.498543831165690108e+02	3.367692294999131142e-01	2.047212013984559820e-01	1.978762486140339949e-01	1.206829967689693334e-01	5.995627879953969314e-02	2.270573522354103063e-02	5.728830969551900604e-02
7.546921533302243006e+02	3.355986975176202258e-01	2.039942593411353811e-01	1.986486543052775333e-01	1.211955851116297833e-01	6.016017927853269803e-02	2.281307529703751821e-02	5.758954914873907344e-02
7.595299235438793630e+02	3.344349117484428091e-01	2.032715079825670457e-01	1.994161940003342792e-01	1.217050991101639029e-01	6.036301347237597176e-02	2.292007205503108352e-02	5.788920163105713834e-02
7.643676937575347665e+02	3.332778331591024212e-01	2.025529230564634686e-01	2.001789007433141809e-01	1.222115580382515110e-01	6.056478658088971373e-02	2.302672483650411439e-02	5.818727358544683453e-02
7.692054639711900563e+02	3.321274229444937665e-01	2.018384804389767584e-01	2.009368073311464664e-01	1.227149810330842028e-01	6.076550375745139870e-02	2.313303301058766692e-02	5.848377148423192229e-02
7.740432341848452324e+02	3.309836425262915882e-01	2.011281561478037161e-01	2.016899463156001104e-01	1.232153870967102466e-01	6.096517011091286131e-02	2.323899597611818121e-02	5.877870182653546077e-02
7.788810043985006359e+02	3.298464535515678864e-01	2.004219263412988228e-01	2.024383500052886475e-01	1.237127950973536672e-01	6.116379070741451845e-02	2.334461316119948102e-02	5.907207113584912045e-02
7.837187746121558121e+02	3.287158178914201256e-01	1.997197673175954424e-01	2.031820504676589978e-01	1.242072237707083915e-01	6.136137057210208634e-02	2.344988402277006778e-02	5.936388595771708437e-02
7.885565448258112156e+02	3.275916976396096025e-01	1.990216555137345467e-01	2.039210795309647495e-01	1.246986917212081214e-01	6.155791469075064942e-02	2.355480804617559112e-02	5.965415285752893176e-02
7.933943150394665054e+02	3.264740551112105815e-01	1.983275675048011832e-01	2.046554687862233712e-01	1.251872174232732393e-01	6.175342801130090375e-02	2.365938474474650610e-02	5.994287841841644537e-02
7.982320852531219089e+02	3.253628528412688126e-01	1.976374800030681611e-01	2.053852495891581587e-01	1.256728192225349816e-01	6.194791544531195321e-02	2.376361365938079936e-02	6.023006923924935363e-02
8.030698554667769713e+02	3.242580535834705402e-01	1.969513698571474236e-01	2.061104530621240549e-01	1.261555153370381432e-01	6.214138186933505781e-02	2.386749435813175987e-02	6.051573193272531681e-02
8.079076256804323748e+02	3.231596203088210051e-01	1.962692140511479721e-01	2.068311100960180671e-01	1.266353238584226604e-01	6.233383212621224079e-02	2.397102643580073869e-02	6.079987312354966089e-02
8.127453958940876646e+02	3.220675162043329376e-01	1.955909897038412559e-01	2.075472513521738893e-01	1.271122627530850147e-01	6.252527102630373035e-02	2.407420951353485619e-02	6.108249944670070264e-02
8.175831661077428407e+02	3.209817046717240996e-01	1.949166740678330567e-01	2.082589072642412609e-01	1.275863498633200421e-01	6.271570334864784435e-02	2.417704323842955957e-02	6.136361754577653038e-02
8.224209363213982442e+02	3.199021493261246518e-01	1.942462445287422013e-01	2.089661080400495308e-01	1.280576029084437573e-01	6.290513384205678737e-02	2.427952728313603412e-02	6.164323407141943101e-02
8.272587065350534203e+02	3.188288139947933475e-01	1.935796786043859907e-01	2.096688836634558739e-01	1.285260394858978306e-01	6.309356722615169777e-02	2.438166134547336411e-02	6.192135567981429251e-02
8.320964767487085965e+02	3.177616627158431628e-01	1.929169539439717918e-01	2.103672638961781582e-01	1.289916770723362471e-01	6.328100819234003249e-02	2.448344514804544000e-02	6.219798903125750567e-02
8.369342469623640000e+02	3.167006597369758092e-01	1.922580483272951779e-01	2.110612782796125741e-01	1.294545330246948955e-01	6.346746140473837061e-02	2.458487843786250765e-02	6.247314078879306898e-02
8.417720171760191761e+02	3.156457695142248498e-01	1.916029396639441773e-01	2.117509561366357207e-01	1.299146245812442535e-01	6.365293150104334163e-02	2.468596098596735969e-02	6.274681761691268400e-02
8.466097873896745796e+02	3.145969567107080311e-01	1.909516059925098208e-01	2.124363265733918982e-01	1.303719688626261419e-01	6.383742309335353748e-02	2.478669258706607537e-02	6.301902618031690606e-02
8.514475576033297557e+02	3.135541861953878295e-01	1.903040254798024078e-01	2.131174184810650796e-01	1.308265828728746583e-01	6.402094076894473962e-02	2.488707305916329840e-02	6.328977314273441512e-02
8.562853278169851592e+02	3.125174230418407695e-01	1.896601764200739892e-01	2.137942605376358385e-01	1.312784835004218720e-01	6.420348909100116741e-02	2.498710224320195919e-02	6.355906516579677701e-02
8.611230980306403353e+02	3.114866325270351788e-01	1.890200372342464019e-01	2.144668812096235666e-01	1.317276875190888930e-01	6.438507259930484339e-02	2.508678000270743447e-02	6.382690890796605121e-02
8.659608682442956251e+02	3.104617801301169377e-01	1.883835864691452977e-01	2.151353087538136200e-01	1.321742115890623404e-01	6.456569581088537901e-02	2.518610622343606109e-02	6.409331102351276122e-02
8.707986384579510286e+02	3.094428315312038880e-01	1.877508027967394744e-01	2.157995712189697823e-01	1.326180722578572391e-01	6.474536322063215166e-02	2.528508081302797278e-02	6.435827816154189585e-02
8.756364086716062047e+02	3.084297526101880127e-01	1.871216650133860904e-01	2.164596964475321017e-01	1.330592859612660384e-01	6.492407930187109322e-02	2.538370370066422854e-02	6.462181696506484607e-02
8.804741788852616082e+02	3.074225094455456664e-01	1.864961520390811811e-01	2.171157120773001825e-01	1.334978690242947241e-01	6.510184850690768632e-02	2.548197483672813915e-02	6.488393407011486258e-02
8.853119490989170117e+02	3.064210683131561308e-01	1.858742429167154764e-01	2.177676455431017677e-01	1.339338376620859139e-01	6.527867526753811100e-02	2.557989419247078122e-02	6.514463610490428547e-02
8.901497193125721878e+02	3.054253956851274987e-01	1.852559168113357690e-01	2.184155240784472485e-01	1.343672079808296282e-01	6.545456399553024884e-02	2.567746175968065037e-02	6.540392968902145054e-02
8.949874895262273640e+02	3.044354582286305511e-01	1.846411530094112796e-01	2.190593747171696026e-01	1.347979959786619886e-01	6.562951908307604332e-02	2.577467755035738398e-02	6.566182143266560689e-02
8.998252597398827675e+02	3.034512228047404059e-01	1.840299309181052945e-01	2.196992242950503438e-01	1.352262175465519523e-01	6.580354490321699279e-02	2.587154159638953635e-02	6.591831793591783339e-02
9.046630299535379436e+02	3.024726564672856055e-01	1.834222300645519943e-01	2.203350994514312877e-01	1.356518884691767235e-01	6.597664581024383079e-02	2.596805394923635060e-02	6.617342578804660813e-02
9.095008001671932334e+02	3.014997264617045869e-01	1.828180300951380843e-01	2.209670266308122744e-01	1.360750244257856734e-01	6.614882614007215611e-02	2.606421467961345453e-02	6.642715156684618483e-02
9.143385703808486369e+02	3.005324002239101455e-01	1.822173107747895038e-01	2.215950320844350119e-01	1.364956409910537405e-01	6.632009021059519227e-02	2.616002387718248390e-02	6.667950183800643027e-02
9.191763405945038130e+02	2.995706453791604496e-01	1.816200519862630203e-01	2.222191418718531819e-01	1.369137536359238405e-01	6.649044232201480054e-02	2.625548165024456718e-02	6.693048315451266550e-02
9.240141108081592165e+02	2.986144297409379922e-01	1.810262337294428758e-01	2.228393818624889722e-01	1.373293777284390615e-01	6.665988675715203704e-02	2.635058812543761980e-02	6.718010205607398422e-02
9.288518810218145063e+02	2.976637213098355939e-01	1.804358361206417904e-01	2.234557777371756482e-01	1.377425285345645900e-01	6.682842778173850307e-02	2.644534344743739926e-02	6.742836506857907697e-02
9.336896512354697961e+02	2.967184882724492878e-01	1.798488393919069617e-01	2.240683549896869964e-01	1.381532212189998110e-01	6.699606964468927950e-02	2.653974777866231760e-02	6.767527870357793740e-02
9.385274214491247449e+02	2.957786990002788108e-01	1.792652238903307271e-01	2.246771389282532505e-01	1.385614708459807498e-01	6.716281657835862506e-02	2.663380129898191770e-02	6.792084945778857630e-02
9.433651916627801484e+02	2.948443220486343108e-01	1.786849700773657235e-01	2.252821546770636951e-01	1.389672923800730486e-01	6.732867279877940980e-02	2.672750420542902711e-02	6.816508381262745275e-02
9.482029618764355519e+02	2.939153261555509378e-01	1.781080585281447637e-01	2.258834271777561686e-01	1.393707006869555343e-01	6.749364250588714420e-02	2.682085671191547505e-02	6.840798823376262328e-02
9.530407320900908417e+02	2.929916802407095955e-01	1.775344699308050445e-01	2.264809811908935211e-01	1.397717105341950983e-01	6.765772988372940888e-02	2.691385904895142109e-02	6.864956917068849862e-02
9.578785023037459041e+02	2.920733534043649660e-01	1.769641850858169052e-01	2.270748412974270547e-01	1.401703365920123623e-01	6.782093910066169795e-02	2.700651146336816716e-02	6.888983305632144505e-02
9.627162725174014213e+02	2.911603149262798063e-01	1.763971849053170282e-01	2.276650319001470857e-01	1.405665934340389611e-01	6.798327430953020334e-02	2.709881421804448756e-02	6.912878630661500878e-02
9.675540427310568248e+02	2.902525342646664619e-01	1.758334504124459963e-01	2.282515772251208774e-01	1.409604955380662772e-01	6.814473964784249771e-02	2.719076759163636947e-02	6.936643532019411140e-02
9.723918129447120009e+02	2.893499810551348195e-01	1.752729627406899304e-01	2.288345013231177505e-01	1.413520572867858482e-01	6.830533923792671269e-02	2.728237187831019164e-02	6.960278647800732799e-02
9.772295831583674044e+02	2.884526251096467542e-01	1.747157031332269572e-01	2.294138280710217859e-01	1.417412929685216705e-01	6.846507718707982304e-02	2.737362738747924767e-02	6.983784614299630433e-02
9.820673533720223531e+02	2.875604364154771830e-01	1.741616529422772564e-01	2.299895811732321493e-01	1.421282167779546468e-01	6.862395758770581389e-02	2.746453444354361034e-02	7.007162065978189691e-02
9.869051235856777566e+02	2.866733851341815020e-01	1.736107936284578268e-01	2.305617841630508980e-01	1.425128428168390693e-01	6.878198451744417519e-02	2.755509338563327110e-02	7.030411635436578655e-02
9.917428937993331601e+02	2.857914416005698510e-01	1.730631067601410000e-01	2.311304604040586852e-01	1.428951850947116353e-01	6.893916203928944497e-02	2.764530456735454431e-02	7.053533953384742705e-02
9.965806640129884499e+02	2.849145763216870963e-01	1.725185740128172829e-01	2.316956330914783646e-01	1.432752575295928588e-01	6.909549420170219003e-02	2.773516835653968421e-02	7.076529648615519086e-02
1.001418434226643626e+03	2.840427599757994748e-01	1.719771771684623363e-01	2.322573252535264088e-01	1.436530739486812092e-01	6.925098503871202071e-02	2.782468513499967988e-02	7.099399347979150343e-02
1.006256204440298802e+03	2.831759634113879542e-01	1.714388981149077562e-01	2.328155597527527543e-01	1.440286480890399234e-01	6.940563857001311177e-02	2.791385529828017964e-02	7.122143676359100894e-02
1.011093974653954206e+03	2.823141576461467017e-01	1.709037188452160183e-01	2.333703592873685173e-01	1.444019935982767677e-01	6.955945880105270096e-02	2.800267925542054143e-02	7.144763256649140637e-02
1.015931744867609382e+03	2.814573138659888785e-01	1.703716214570593912e-01	2.339217463925620799e-01	1.447731240352170823e-01	6.971244972311291255e-02	2.809115742871594323e-02	7.167258709731635924e-02
1.020769515081264785e+03	2.806054034240578199e-01	1.698425881521025693e-01	2.344697434418037130e-01	1.451420528705695823e-01	6.986461531338646058e-02	2.817929025348251890e-02	7.189630654456995174e-02
1.025607285294920075e+03	2.797583978397446547e-01	1.693166012353894412e-01	2.350143726481385698e-01	1.455087934875858025e-01	7.001595953504646808e-02	2.826707817782551924e-02	7.211879707624217761e-02
1.030445055508575479e+03	2.789162687977115307e-01	1.687936431147336047e-01	2.355556560654682996e-01	1.458733591827128528e-01	7.016648633731087381e-02	2.835452166241040142e-02	7.234006483962501788e-02
1.035282825722230655e+03	2.780789881469215019e-01	1.682736963001126573e-01	2.360936155898214761e-01	1.462357631662394852e-01	7.031619965550182927e-02	2.844162118023688124e-02	7.256011596113867701e-02
