7.353410724756030277e+02	3.357456191786004629e-01	2.150706426505348268e-01	1.957965323147838888e-01	1.183238062739881413e-01	5.820740694512868685e-02	2.245010958978756882e-02	5.440588304686762300e-02
7.401788426892584312e+02	3.345538131374231616e-01	2.143018755096619543e-01	1.966029945458378225e-01	1.188435599662545222e-01	5.841928774005431674e-02	2.253091543457282422e-02	5.474755366588661409e-02
7.450166129029136073e+02	3.333690958030890994e-01	2.135374418366129401e-01	1.974035752666557231e-01	1.193603999276233174e-01	5.863005580661088956e-02	2.261221482579461178e-02	5.508721653330467954e-02
7.498543831165690108e+02	3.321914233813392237e-01	2.127773173031085874e-01	1.981983327177943011e-01	1.198743402626844812e-01	5.883971636491779761e-02	2.269398836535980318e-02	5.542488160448709456e-02
7.546921533302243006e+02	3.310207523780989702e-01	2.120214777146594010e-01	1.989873243495268451e-01	1.203853950519083171e-01	5.904827462082614525e-02	2.277621705896240231e-02	5.576055882570919026e-02
7.595299235438793630e+02	3.298570395969148694e-01	2.112698990098860474e-01	1.997706068347150643e-01	1.208935783506818323e-01	5.925573576575399182e-02	2.285888230855375250e-02	5.609425813318576898e-02
7.643676937575347665e+02	3.287002421364207949e-01	2.105225572598421468e-01	2.005482360814555831e-01	1.213989041883710429e-01	5.946210497652667376e-02	2.294196590494926302e-02	5.642598945212583955e-02
7.692054639711900563e+02	3.275503173878337448e-01	2.097794286673393405e-01	2.013202672455059183e-01	1.219013865674089120e-01	5.966738741522226858e-02	2.302545002056925055e-02	5.675576269581193711e-02
7.740432341848452324e+02	3.264072230324777668e-01	2.090404895662750784e-01	2.020867547424931576e-01	1.224010394624082537e-01	5.987158822902194366e-02	2.310931720231143571e-02	5.708358776470378454e-02
7.788810043985006359e+02	3.252709170393368043e-01	2.083057164209623779e-01	2.028477522599096416e-01	1.228978768192990484e-01	6.007471255006514160e-02	2.319355036455273897e-02	5.740947454556560164e-02
7.837187746121558121e+02	3.241413576626354653e-01	2.075750858254622744e-01	2.036033127688993138e-01	1.233919125544899326e-01	6.027676549530957412e-02	2.327813278227805482e-02	5.773343291061670823e-02
7.885565448258112156e+02	3.230185034394467136e-01	2.068485745029186307e-01	2.043534885358384012e-01	1.238831605540531289e-01	6.047775216639582341e-02	2.336304808433372834e-02	5.805547271670490062e-02
7.933943150394665054e+02	3.219023131873273158e-01	2.061261593048953900e-01	2.050983311337142567e-01	1.243716346729322880e-01	6.067767764951652321e-02	2.344828024680344417e-02	5.837560380450210890e-02
7.982320852531219089e+02	3.207927460019796007e-01	2.054078172107162148e-01	2.058378914533059711e-01	1.248573487341731736e-01	6.087654701528999457e-02	2.353381358650437349e-02	5.869383599772199506e-02
8.030698554667769713e+02	3.196897612549398637e-01	2.046935253268066524e-01	2.065722197141700578e-01	1.253403165281762321e-01	6.107436531863828094e-02	2.361963275460137249e-02	5.901017910235886038e-02
8.079076256804323748e+02	3.185933185912925292e-01	2.039832608860388530e-01	2.073013654754347901e-01	1.258205518119709376e-01	6.127113759866940901e-02	2.370572273033716079e-02	5.932464290594762629e-02
8.127453958940876646e+02	3.175033779274099022e-01	2.032770012470785370e-01	2.080253776464069670e-01	1.262980683085113132e-01	6.146686887856395165e-02	2.379206881487631181e-02	5.963723717684434045e-02
8.175831661077428407e+02	3.164198994487171235e-01	2.025747238937346262e-01	2.087443044969938821e-01	1.267728797059922974e-01	6.166156416546555996e-02	2.387865662526107019e-02	5.994797166352679174e-02
8.224209363213982442e+02	3.153428436074820485e-01	2.018764064343113729e-01	2.094581936679440759e-01	1.272449996571863584e-01	6.185522845037568634e-02	2.396547208847697383e-02	6.025685609391485953e-02
8.272587065350534203e+02	3.142721711206294954e-01	2.011820266009628488e-01	2.101670921809102588e-01	1.277144417788001751e-01	6.204786670805211013e-02	2.405250143562626813e-02	6.056390017471017378e-02
8.320964767487085965e+02	3.132078429675798081e-01	2.004915622490501537e-01	2.108710464483372349e-01	1.281812196508508028e-01	6.223948389691141836e-02	2.413973119620721128e-02	6.086911359075472538e-02
8.369342469623640000e+02	3.121498203881107880e-01	1.998049913565010105e-01	2.115701022831781852e-01	1.286453468160609348e-01	6.243008495893521970e-02	2.422714819249731713e-02	6.117250600440792691e-02
8.417720171760191761e+02	3.110980648802437187e-01	1.991222920231718041e-01	2.122643049084422529e-01	1.291068367792729543e-01	6.261967481958008452e-02	2.431473953403871444e-02	6.147408705494190884e-02
8.466097873896745796e+02	3.100525381981517614e-01	1.984434424702124222e-01	2.129536989665765934e-01	1.295657030068813054e-01	6.280825838769110714e-02	2.440249261222377300e-02	6.177386635795450998e-02
8.514475576033297557e+02	3.090132023500918312e-01	1.977684210394333175e-01	2.136383285286856670e-01	1.300219589262828490e-01	6.299584055541904148e-02	2.449039509497911993e-02	6.207185350479971914e-02
8.562853278169851592e+02	3.079800195963584564e-01	1.970972061926753727e-01	2.143182371035906864e-01	1.304756179253447612e-01	6.318242619814085081e-02	2.457843492154639445e-02	6.236805806203513103e-02
8.611230980306403353e+02	3.069529524472597304e-01	1.964297765111821248e-01	2.149934676467322447e-01	1.309266933518897502e-01	6.336802017438376844e-02	2.466660029735790252e-02	6.266248957088611793e-02
8.659608682442956251e+02	3.059319636611156357e-01	1.957661106949747098e-01	2.156640625689188184e-01	1.313751985131980660e-01	6.355262732575259199e-02	2.475487968900547814e-02	6.295515754672630082e-02
8.707986384579510286e+02	3.049170162422774055e-01	1.951061875622292219e-01	2.163300637449235841e-01	1.318211466755261352e-01	6.373625247686030837e-02	2.484326181930092761e-02	6.324607147857404243e-02
8.756364086716062047e+02	3.039080734391679250e-01	1.944499860486567089e-01	2.169915125219329943e-01	1.322645510636411281e-01	6.391890043526185505e-02	2.493173566242632908e-02	6.353524082860462219e-02
8.804741788852616082e+02	3.029050987423438368e-01	1.937974852068856946e-01	2.176484497278489694e-01	1.327054248603717068e-01	6.410057599139107332e-02	2.502029043917261900e-02	6.382267503167769751e-02
8.853119490989170117e+02	3.019080558825772975e-01	1.931486642058473091e-01	2.183009156794476213e-01	1.331437812061739834e-01	6.428128391850068679e-02	2.510891561226486629e-02	6.410838349487980870e-02
8.901497193125721878e+02	3.009169088289588845e-01	1.925035023301629733e-01	2.189489501903973956e-01	1.335796331987127716e-01	6.446102897260530540e-02	2.519760088177265198e-02	6.439237559708162195e-02
8.949874895262273640e+02	2.999316217870199863e-01	1.918619789795346919e-01	2.195925925791384903e-01	1.340129938924577158e-01	6.463981589242728809e-02	2.528633618060404167e-02	6.467466068850946659e-02
8.998252597398827675e+02	2.989521591968752889e-01	1.912240736681377062e-01	2.202318816766264675e-01	1.344438762982939073e-01	6.481764939934560321e-02	2.537511167008164176e-02	6.495524809033104141e-02
9.046630299535379436e+02	2.979784857313846902e-01	1.905897660240160885e-01	2.208668558339425547e-01	1.348722933831467963e-01	6.499453419734738113e-02	2.546391773559925770e-02	6.523414709425490177e-02
9.095008001671932334e+02	2.970105662943342550e-01	1.899590357884807235e-01	2.214975529297724399e-01	1.352982580696208970e-01	6.517047497298225633e-02	2.555274498235767314e-02	6.551136696214338029e-02
9.143385703808486369e+02	2.960483660186364885e-01	1.893318628155097882e-01	2.221240103777566421e-01	1.357217832356523157e-01	6.534547639531942953e-02	2.564158423117819316e-02	6.578691692563874704e-02
9.191763405945038130e+02	2.950918502645489272e-01	1.887082270711519516e-01	2.227462651337140664e-01	1.361428817141744907e-01	6.551954311590735269e-02	2.573042651439245987e-02	6.606080618580233155e-02
9.240141108081592165e+02	2.941409846179114940e-01	1.880881086329320162e-01	2.233643537027416581e-01	1.365615662927970320e-01	6.569267976873593984e-02	2.581926307180725660e-02	6.633304391276624579e-02
9.288518810218145063e+02	2.931957348884016157e-01	1.874714876892593918e-01	2.239783121461915438e-01	1.369778497134973572e-01	6.586489097020133132e-02	2.590808534674286442e-02	6.660363924539754177e-02
9.336896512354697961e+02	2.922560671078078820e-01	1.868583445388388720e-01	2.245881760885288236e-01	1.373917446723247893e-01	6.603618131907318389e-02	2.599688498214372187e-02	6.687260129097440109e-02
9.385274214491247449e+02	2.913219475283209126e-01	1.862486595900841035e-01	2.251939807240711799e-01	1.378032638191169224e-01	6.620655539646426446e-02	2.608565381676001757e-02	6.713993912487424554e-02
9.433651916627801484e+02	2.903933426208419322e-01	1.856424133605337201e-01	2.257957608236132174e-01	1.382124197572278945e-01	6.637601776580245860e-02	2.617438388139899097e-02	6.740566179027349114e-02
9.482029618764355519e+02	2.894702190733083325e-01	1.850395864762699183e-01	2.263935507409367831e-01	1.386192250432684847e-01	6.654457297280508277e-02	2.626306739524462974e-02	6.766977829785847387e-02
9.530407320900908417e+02	2.885525437890364975e-01	1.844401596713396985e-01	2.269873844192101253e-01	1.390236921868575892e-01	6.671222554545547245e-02	2.635169676224460161e-02	6.793229762554765794e-02
9.578785023037459041e+02	2.876402838850812271e-01	1.838441137871786868e-01	2.275772953972772239e-01	1.394258336503849394e-01	6.687897999398172144e-02	2.644026456756312995e-02	6.819322871822468268e-02
9.627162725174014213e+02	2.867334066906116474e-01	1.832514297720374830e-01	2.281633168158395675e-01	1.398256618487846992e-01	6.704484081083766922e-02	2.652876357409868907e-02	6.845258048748190105e-02
9.675540427310568248e+02	2.858318797453034410e-01	1.826620886804106725e-01	2.287454814235320433e-01	1.402231891493198879e-01	6.720981247068585906e-02	2.661718671906529443e-02	6.871036181137445131e-02
9.723918129447120009e+02	2.849356707977473979e-01	1.820760716724681982e-01	2.293238215828952709e-01	1.406184278713772662e-01	6.737389943038273044e-02	2.670552711063631235e-02	6.896658153418445958e-02
9.772295831583674044e+02	2.840447478038736207e-01	1.814933600134896186e-01	2.298983692762455733e-01	1.410113902862724922e-01	6.753710612896569876e-02	2.679377802464956437e-02	6.922124846619515104e-02
9.820673533720223531e+02	2.831590789253911611e-01	1.809139350733007245e-01	2.304691561114449727e-01	1.414020886170652413e-01	6.769943698764221973e-02	2.688193290137272373e-02	6.947437138347473118e-02
9.869051235856777566e+02	2.822786325282437003e-01	1.803377783257127387e-01	2.310362133275727925e-01	1.417905350383841523e-01	6.786089640978086590e-02	2.696998534232782768e-02	6.972595902766973164e-02
9.917428937993331601e+02	2.814033771810800499e-01	1.797648713479641502e-01	2.315995718005003090e-01	1.421767416762614034e-01	6.802148878090423512e-02	2.705792910717391003e-02	6.997602010580768195e-02
9.965806640129884499e+02	2.805332816537398632e-01	1.791951958201650763e-01	2.321592620483708402e-01	1.425607206079767542e-01	6.818121846868363534e-02	2.714575811064666097e-02	7.022456329010888509e-02
1.001418434226643626e+03	2.796683149157540016e-01	1.786287335247441765e-01	2.327153142369861594e-01	1.429424838619104965e-01	6.834008982293565682e-02	2.723346641955408376e-02	7.047159721780707486e-02
1.006256204440298802e+03	2.788084461348598331e-01	1.780654663458980935e-01	2.332677581851015924e-01	1.433220434174056479e-01	6.849810717562053453e-02	2.732104824982720115e-02	7.071713049097874682e-02
1.011093974653954206e+03	2.779536446755306867e-01	1.775053762690435299e-01	2.338166233696308827e-01	1.436994112046387218e-01	6.865527484084209264e-02	2.740849796362469781e-02	7.096117167638102408e-02
1.015931744867609382e+03	2.771038800975200167e-01	1.769484453802717405e-01	2.343619389307628476e-01	1.440745991044991292e-01	6.881159711484946540e-02	2.749581006649066614e-02	7.120372930529779432e-02
1.020769515081264785e+03	2.762591221544190012e-01	1.763946558658057440e-01	2.349037336769911055e-01	1.444476189484770190e-01	6.896707827604045549e-02	2.758297920456438332e-02	7.144481187339397910e-02
1.025607285294920075e+03	2.754193407922288506e-01	1.758439900114598664e-01	2.354420360900583431e-01	1.448184825185590829e-01	6.912172258496648847e-02	2.767000016184124542e-02	7.168442784057778294e-02
1.030445055508575479e+03	2.745845061479461613e-01	1.752964302021020604e-01	2.359768743298171767e-01	1.451872015471326327e-01	6.927553428433906590e-02	2.775686785748392171e-02	7.192258563087065848e-02
1.035282825722230655e+03	2.737545885481620922e-01	1.747519589211184998e-01	2.365082762390083582e-01	1.455537877168973093e-01	6.942851759903784226e-02	2.784357734318279598e-02	7.215929363228479332e-02
1.040120595935886058e+03	2.729295585076748631e-01	1.742105587498810060e-01	2.370362693479582950e-01	1.459182526607844532e-01	6.958067673612011728e-02	2.793012380056483779e-02	7.239456019670817422e-02
1.044958366149541234e+03	2.721093867281156320e-01	1.736722123672164997e-01	2.375608808791970783e-01	1.462806079618839128e-01	6.973201588483188273e-02	2.801650253865002604e-02	7.262839363979672891e-02
1.049796136363196410e+03	2.712940440965870836e-01	1.731369025488795621e-01	2.380821377519986015e-01	1.466408651533782914e-01	6.988253921662013202e-02	2.810270899135444353e-02	7.286080224087357338e-02
1.054633906576851814e+03	2.704835016843151752e-01	1.726046121670271882e-01	2.386000665868439619e-01	1.469990357184840779e-01	7.003225088514673791e-02	2.818873871503921671e-02	7.309179424283529514e-02
1.059471676790506763e+03	2.696777307453132599e-01	1.720753241896960384e-01	2.391146937098095893e-01	1.473551310903999101e-01	7.018115502630355163e-02	2.827458738610448552e-02	7.332137785206477298e-02
1.064309447004162394e+03	2.688767027150592570e-01	1.715490216802821877e-01	2.396260451568814898e-01	1.477091626522614998e-01	7.032925575822886188e-02	2.836025079862755302e-02	7.354956123835076909e-02
1.069147217217817570e+03	2.680803892091845886e-01	1.710256877970234846e-01	2.401341466781967693e-01	1.480611417371032745e-01	7.047655718132520009e-02	2.844572486204445180e-02	7.377635253481387712e-02
1.073984987431472746e+03	2.672887620221756078e-01	1.705053057924844073e-01	2.406390237422138811e-01	1.484110796278264588e-01	7.062306337827832514e-02	2.853100559887413595e-02	7.400175983783882638e-02
1.078822757645127922e+03	2.665017931260874051e-01	1.699878590130431966e-01	2.411407015398127351e-01	1.487589875571734832e-01	7.076877841407749892e-02	2.861608914248450417e-02	7.422579120701279509e-02
1.083660527858783553e+03	2.657194546692691617e-01	1.694733308983817077e-01	2.416392049883259452e-01	1.491048767077085002e-01	7.091370633603689966e-02	2.870097173489954273e-02	7.444845466506985754e-02
1.088498298072438729e+03	2.649417189751011592e-01	1.689617049809776228e-01	2.421345587355024920e-01	1.494487582118040614e-01	7.105785117381822891e-02	2.878564972464679392e-02	7.466975819784124613e-02
1.093336068286093905e+03	2.641685585407437808e-01	1.684529648855991046e-01	2.426267871634048556e-01	1.497906431516335679e-01	7.120121693945452579e-02	2.887011956464446971e-02	7.488970975421131715e-02
1.098173838499749309e+03	2.633999460358978362e-01	1.679470943288020046e-01	2.431159143922410060e-01	1.501305425591693832e-01	7.134380762737496662e-02	2.895437781012745806e-02	7.510831724607906767e-02
1.103011608713404712e+03	2.626358543015759883e-01	1.674440771184293741e-01	2.436019642841320831e-01	1.504684674161867186e-01	7.148562721443083023e-02	2.903842111661154857e-02	7.532558854832516193e-02
1.107849378927059888e+03	2.618762563488858386e-01	1.669438971531136406e-01	2.440849604468173784e-01	1.508044286542729040e-01	7.162667965992250418e-02	2.912224623789515243e-02	7.554153149878423124e-02
1.112687149140715292e+03	2.611211253578237246e-01	1.664465384217810040e-01	2.445649262372970589e-01	1.511384371548420424e-01	7.176696890562754561e-02	2.920585002409787148e-02	7.575615389822232260e-02
1.117524919354370468e+03	2.603704346760795096e-01	1.659519850031584143e-01	2.450418847654144139e-01	1.514705037491546613e-01	7.190649887582968580e-02	2.928922941973524999e-02	7.596946351031956535e-02
1.122362689568025871e+03	2.596241578178522524e-01	1.654602210652829364e-01	2.455158588973782863e-01	1.518006392183426367e-01	7.204527347734883402e-02	2.937238146182900161e-02	7.618146806165757012e-02
1.127200459781681047e+03	2.588822684626762571e-01	1.649712308650134740e-01	2.459868712592268025e-01	1.521288542934390309e-01	7.218329659957206657e-02	2.945530327805215634e-02	7.639217524171178220e-02
1.132038229995336451e+03	2.581447404542579482e-01	1.644849987475450470e-01	2.464549442402335366e-01	1.524551596554126753e-01	7.232057211448550404e-02	2.953799208490843348e-02	7.660159270284848387e-02
1.136876000208991627e+03	2.574115477993231260e-01	1.640015091459252894e-01	2.469200999962569421e-01	1.527795659352075841e-01	7.245710387670711849e-02	2.962044518594522668e-02	7.680972806032639044e-02
1.141713770422646803e+03	2.566826646664743250e-01	1.635207465805735561e-01	2.473823604530343556e-01	1.531020837137867241e-01	7.259289572352035924e-02	2.970265996999963548e-02	7.701658889230271476e-02
1.146551540636302207e+03	2.559580653850583865e-01	1.630426956588022225e-01	2.478417473094212675e-01	1.534227235221805596e-01	7.272795147490879186e-02	2.978463390947688749e-02	7.722218273984356174e-02
1.151389310849957155e+03	2.552377244440441340e-01	1.625673410743405101e-01	2.482982820405768010e-01	1.537414958415396771e-01	7.286227493359132001e-02	2.986636455866060330e-02	7.742651710693862488e-02
1.156227081063612786e+03	2.545216164909097079e-01	1.620946676068606984e-01	2.487519859010966783e-01	1.540584111031917669e-01	7.299586988505847585e-02	2.994784955205434876e-02	7.762959946051997684e-02
1.161064851277267962e+03	2.538097163305400583e-01	1.616246601215065581e-01	2.492028799280941731e-01	1.543734796887027971e-01	7.312874009760930716e-02	3.002908660275381905e-02	7.783143723048491225e-02
1.165902621490923138e+03	2.531019989241338752e-01	1.611573035684243371e-01	2.496509849442303253e-01	1.546867119299421001e-01	7.326088932238911111e-02	3.011007350084922776e-02	7.803203780972271797e-02
1.170740391704578315e+03	2.523984393881198995e-01	1.606925829822958840e-01	2.500963215606940571e-01	1.549981181091514004e-01	7.339232129342793121e-02	3.019080811185723481e-02	7.823140855414528749e-02
1.175578161918233945e+03	2.516990129930831155e-01	1.602304834818743806e-01	2.505389101801332452e-01	1.553077084590177570e-01	7.352303972767974816e-02	3.027128837518195531e-02	7.842955678272146847e-02
1.180415932131889122e+03	2.510036951626999913e-01	1.597709902695222117e-01	2.509787709995374150e-01	1.556154931627501403e-01	7.365304832506237853e-02	3.035151230260451499e-02	7.862648977751499069e-02
1.185253702345544298e+03	2.503124614726828789e-01	1.593140886307512771e-01	2.514159240130732220e-01	1.559214823541595629e-01	7.378235076849806728e-02	3.043147797680058331e-02	7.882221478372603007e-02
1.190091472559199701e+03	2.496252876497337403e-01	1.588597639337656353e-01	2.518503890148730551e-01	1.562256861177429568e-01	7.391095072395467702e-02	3.051118354988543308e-02	7.901673900973615883e-02
1.194929242772855105e+03	2.489421495705067267e-01	1.584080016290062287e-01	2.522821856017781195e-01	1.565281144887702425e-01	7.403885184048768220e-02	3.059062724198602021e-02	7.921006962715665400e-02
1.199767012986510281e+03	2.482630232605796405e-01	1.579587872486983013e-01	2.527113331760366122e-01	1.568287774533747847e-01	7.416605775028263514e-02	3.066980733983957000e-02	7.940221377088008126e-02
1.204604783200165684e+03	2.475878848934343346e-01	1.575121064064009258e-01	2.531378509479575434e-01	1.571276849486472615e-01	7.429257206869831209e-02	3.074872219541820856e-02	7.959317853913509822e-02
1.209442553413820860e+03	2.469167107894456592e-01	1.570679447965586673e-01	2.535617579385209819e-01	1.574248468627325037e-01	7.441839839431041437e-02	3.082737022457916407e-02	7.978297099354428323e-02
1.214280323627476264e+03	2.462494774148791254e-01	1.566262881940558849e-01	2.539830729819462229e-01	1.577202730349294424e-01	7.454354030895588012e-02	3.090574990574006947e-02	7.997159815918503112e-02
1.219118093841131440e+03	2.455861613808969501e-01	1.561871224537730307e-01	2.544018147282176012e-01	1.580139732557940824e-01	7.466800137777777902e-02	3.098385977857892604e-02	8.015906702465332156e-02
1.223955864054786844e+03	2.449267394425725664e-01	1.557504335101452808e-01	2.548180016455691144e-01	1.583059572672453341e-01	7.479178514927062316e-02	3.106169844275825584e-02	8.034538454213044356e-02
1.228793634268442020e+03	2.442711884979133774e-01	1.553162073767234419e-01	2.552316520229293006e-01	1.585962347626737601e-01	7.491489515532633037e-02	3.113926455667305471e-02	8.053055762745234269e-02
1.233631404482097196e+03	2.436194855868918652e-01	1.548844301457373285e-01	2.556427839723251494e-01	1.588848153870528190e-01	7.503733491128061761e-02	3.121655683622203206e-02	8.071459316018177177e-02
1.238469174695752372e+03	2.429716078904846088e-01	1.544550879876608884e-01	2.560514154312483193e-01	1.591717087370531081e-01	7.515910791595992180e-02	3.129357405360180117e-02	8.089749798368299494e-02
1.243306944909407548e+03	2.423275327297194359e-01	1.540281671507800487e-01	2.564575641649818327e-01	1.594569243611588805e-01	7.528021765172879243e-02	3.137031503612355138e-02	8.107927890519910086e-02
1.248144715123063179e+03	2.416872375647305393e-01	1.536036539607625317e-01	2.568612477688900775e-01	1.597404717597872559e-01	7.540066758453772833e-02	3.144677866505181385e-02	8.125994269593171671e-02
1.252982485336718355e+03	2.410506999938212547e-01	1.531815348202300031e-01	2.572624836706711160e-01	1.600223603854097343e-01	7.552046116397144460e-02	3.152296387446493209e-02	8.143949609112312304e-02
1.257820255550373531e+03	2.404178977525349148e-01	1.527617962083323566e-01	2.576612891325728016e-01	1.603025996426762634e-01	7.563960182329759752e-02	3.159886965013679327e-02	8.161794579014079731e-02
1.262658025764028707e+03	2.397888087127330869e-01	1.523444246803243030e-01	2.580576812535733677e-01	1.605811988885412767e-01	7.575809297951592580e-02	3.167449502843950465e-02	8.179529845656410836e-02
1.267495795977684338e+03	2.391634108816813875e-01	1.519294068671438735e-01	2.584516769715263784e-01	1.608581674323923405e-01	7.587593803340778043e-02	3.174983909526657433e-02	8.197156071827317592e-02
1.272333566191339514e+03	2.385416824011430958e-01	1.515167294749936999e-01	2.588432930652718178e-01	1.611335145361805776e-01	7.599314036958598750e-02	3.182490098497629122e-02	8.214673916754006155e-02
1.277171336404994690e+03	2.379236015464797627e-01	1.511063792849236531e-01	2.592325461567127065e-01	1.614072494145535053e-01	7.610970335654522467e-02	3.189967987935483223e-02	8.232084036112177761e-02
1.282009106618650094e+03	2.373091467257595899e-01	1.506983431524163974e-01	2.596194527128589669e-01	1.616793812349895665e-01	7.622563034671261950e-02	3.197417500659887474e-02	8.249387082035544716e-02
1.286846876832305497e+03	2.366982964788726107e-01	1.502926080069748038e-01	2.600040290478377591e-01	1.619499191179349373e-01	7.634092467649876423e-02	3.204838564031724235e-02	8.266583703125535143e-02
1.291684647045960673e+03	2.360910294766534190e-01	1.498891608517113616e-01	2.603862913248725652e-01	1.622188721369419440e-01	7.645558966634902198e-02	3.212231109855129274e-02	8.283674544461189226e-02
1.296522417259616077e+03	2.354873245200108378e-01	1.494879887629399218e-01	2.607662555582299646e-01	1.624862493188094781e-01	7.656962862079520760e-02	3.219595074281372815e-02	8.300660247609237263e-02
1.301360187473271253e+03	2.348871605390645545e-01	1.490890788897696051e-01	2.611439376151356573e-01	1.627520596437252165e-01	7.668304482850754611e-02	3.226930397714543319e-02	8.317541450634347022e-02
1.306197957686926657e+03	2.342905165922888611e-01	1.486924184537007643e-01	2.615193532176600111e-01	1.630163120454093395e-01	7.679584156234692260e-02	3.234237024719007619e-02	8.334318788109552900e-02
1.311035727900581833e+03	2.336973718656630006e-01	1.482979947482229721e-01	2.618925179445734663e-01	1.632790154112601921e-01	7.690802207941745128e-02	3.241514903928607166e-02	8.350992891126841899e-02
1.315873498114237009e+03	2.331077056718285634e-01	1.479057951384154246e-01	2.622634472331724642e-01	1.635401785825012222e-01	7.701958962111923879e-02	3.248763987957572347e-02	8.367564387307901974e-02
1.320711268327892412e+03	2.325214974492535447e-01	1.475158070605490090e-01	2.626321563810763982e-01	1.637998103543297779e-01	7.713054741320155006e-02	3.255984233313105602e-02	8.384033900815028584e-02
1.325549038541547588e+03	2.319387267614029247e-01	1.471280180216907874e-01	2.629986605479966433e-01	1.640579194760672377e-01	7.724089866581611286e-02	3.263175600309619478e-02	8.400402052362175576e-02
1.330386808755202765e+03	2.313593732959158822e-01	1.467424155993105606e-01	2.633629747574767199e-01	1.643145146513104726e-01	7.735064657357065832e-02	3.270338052984589350e-02	8.416669459226150396e-02
1.335224578968857941e+03	2.307834168637896421e-01	1.463589874408892932e-01	2.637251138986054788e-01	1.645696045380848904e-01	7.745979431558279449e-02	3.277471559015995156e-02	8.432836735257955019e-02
1.340062349182513572e+03	2.302108373985696510e-01	1.459777212635297028e-01	2.640850927277037519e-01	1.648231977489987010e-01	7.756834505553399095e-02	3.284576089641323693e-02	8.448904490894251773e-02
1.344900119396168748e+03	2.296416149555460529e-01	1.455986048535691246e-01	2.644429258699833030e-01	1.650753028513984866e-01	7.767630194172382707e-02	3.291651619578104399e-02	8.464873333168970726e-02
1.349737889609823924e+03	2.290757297109565771e-01	1.452216260661939595e-01	2.647986278211807987e-01	1.653259283675261038e-01	7.778366810712442070e-02	3.298698126945941861e-02	8.480743865725026698e-02
1.354575659823479100e+03	2.285131619611956988e-01	1.448467728250567021e-01	2.651522129491654667e-01	1.655750827746765019e-01	7.789044666943512052e-02	3.305715593190031859e-02	8.496516688826175057e-02
1.359413430037134731e+03	2.279538921220297665e-01	1.444740331218944962e-01	2.655036954955221074e-01	1.658227745053570401e-01	7.799664073113725393e-02	3.312704003006124165e-02	8.512192399368967433e-02
1.364251200250789907e+03	2.273979007278185693e-01	1.441033950161501043e-01	2.658530895771087366e-01	1.660690119474476367e-01	7.810225337954913860e-02	3.319663344266905736e-02	8.527771590894832332e-02
1.369088970464445310e+03	2.268451684307425664e-01	1.437348466345946818e-01	2.662004091875906919e-01	1.663138034443621127e-01	7.820728768688121890e-02	3.326593607949783482e-02	8.543254853602250121e-02
1.373926740678100487e+03	2.262956760000364442e-01	1.433683761709526050e-01	2.665456681989499255e-01	1.665571572952103951e-01	7.831174671029139667e-02	3.333494788066041631e-02	8.558642774359043193e-02
1.378764510891755890e+03	2.257494043212282808e-01	1.430039718855282693e-01	2.668888803629717588e-01	1.667990817549618587e-01	7.841563349194044519e-02	3.340366881591336906e-02	8.573935936714760508e-02
1.383602281105411066e+03	2.252063343953849273e-01	1.426416221048349975e-01	2.672300593127077684e-01	1.670395850346094724e-01	7.851895105904761751e-02	3.347209888397528060e-02	8.589134920913152338e-02
1.388440051319066470e+03	2.246664473383628013e-01	1.422813152212257237e-01	2.675692185639164111e-01	1.672786753013349170e-01	7.862170242394636577e-02	3.354023811185793263e-02	8.604240303904746312e-02
1.393277821532721646e+03	2.241297243800647043e-01	1.419230396925257598e-01	2.679063715164811676e-01	1.675163606786744808e-01	7.872389058414017149e-02	3.360808655421024943e-02	8.619252659359509516e-02
1.398115591746377049e+03	2.235961468637022165e-01	1.415667840416675871e-01	2.682415314558070918e-01	1.677526492466857033e-01	7.882551852235841761e-02	3.367564429267479870e-02	8.634172557679579973e-02
1.402953361960032225e+03	2.230656962450637548e-01	1.412125368563275085e-01	2.685747115541952668e-01	1.679875490421149364e-01	7.892658920661257960e-02	3.374291143525650488e-02	8.649000566012103597e-02
1.407791132173687402e+03	2.225383540917880432e-01	1.408602867885642707e-01	2.689059248721967776e-01	1.682210680585655704e-01	7.902710559025230563e-02	3.380988811570349861e-02	8.663737248262121105e-02
1.412628902387342805e+03	2.220141020826433553e-01	1.405100225544594905e-01	2.692351843599450900e-01	1.684532142466668991e-01	7.912707061202160774e-02	3.387657449289974837e-02	8.678383165105549302e-02
1.417466672600997981e+03	2.214929220068120319e-01	1.401617329337603857e-01	2.695625028584688332e-01	1.686839955142437064e-01	7.922648719611526114e-02	3.394297075026934951e-02	8.692938874002216487e-02
1.422304442814653157e+03	2.209747957631804371e-01	1.398154067695239477e-01	2.698878931009838222e-01	1.689134197264863801e-01	7.932535825223516190e-02	3.400907709519222083e-02	8.707404929208978350e-02
1.427142213028308333e+03	2.204597053596343281e-01	1.394710329677632810e-01	2.702113677141658177e-01	1.691414947061217755e-01	7.942368667564678186e-02	3.407489375843098661e-02	8.721781881792886604e-02
1.431979983241963964e+03	2.199476329123593032e-01	1.391286004970959111e-01	2.705329392194033011e-01	1.693682282335844669e-01	7.952147534723573441e-02	3.414042099356889154e-02	8.736070279644418679e-02
1.436817753455619140e+03	2.194385606451468851e-01	1.387880983883937880e-01	2.708526200340319323e-01	1.695936280471887214e-01	7.961872713356432651e-02	3.420565907645846393e-02	8.750270667490771259e-02
1.441655523669274316e+03	2.189324708887054327e-01	1.384495157344353411e-01	2.711704224725495216e-01	1.698177018433006391e-01	7.971544488692815233e-02	3.427060830468085101e-02	8.764383586909195445e-02
1.446493293882929493e+03	2.184293460799762165e-01	1.381128416895592015e-01	2.714863587478129059e-01	1.700404572765111255e-01	7.981163144541285337e-02	3.433526899701552088e-02	8.778409576340401310e-02
1.451331064096585123e+03	2.179291687614549888e-01	1.377780654693200324e-01	2.718004409722170056e-01	1.702619019598090311e-01	7.990728963295076759e-02	3.439964149292016465e-02	8.792349171101988825e-02
1.456168834310240300e+03	2.174319215805179673e-01	1.374451763501460810e-01	2.721126811588553407e-01	1.704820434647548177e-01	8.000242225937764795e-02	3.446372615202068779e-02	8.806202903401938453e-02
1.461006604523895703e+03	2.169375872887533696e-01	1.371141636689985621e-01	2.724230912226636714e-01	1.707008893216544754e-01	8.009703212048945031e-02	3.452752335361098518e-02	8.819971302352137832e-02
1.465844374737550879e+03	2.164461487412976115e-01	1.367850168230329011e-01	2.727316829815462640e-01	1.709184470197339656e-01	8.019112199809913522e-02	3.459103349616244466e-02	8.833654893981958411e-02
1.470682144951206283e+03	2.159575888961763335e-01	1.364577252692618925e-01	2.730384681574851702e-01	1.711347240073138043e-01	8.028469466009337252e-02	3.465425699684289429e-02	8.847254201251844585e-02
1.475519915164861459e+03	2.154718908136505351e-01	1.361322785242205791e-01	2.733434583776327420e-01	1.713497276919839774e-01	8.037775286048944035e-02	3.471719429104489635e-02	8.860769744066968046e-02
1.480357685378516862e+03	2.149890376555672888e-01	1.358086661636329906e-01	2.736466651753882706e-01	1.715634654407792448e-01	8.047029933949195746e-02	3.477984583192320067e-02	8.874202039290894628e-02
1.485195455592172038e+03	2.145090126847153389e-01	1.354868778220806591e-01	2.739480999914578607e-01	1.717759445803544727e-01	8.056233682354967118e-02	3.484221208994112834e-02	8.887551600759281689e-02
1.490033225805827215e+03	2.140317992641852241e-01	1.351669031926728826e-01	2.742477741748994835e-01	1.719871723971602706e-01	8.065386802541227307e-02	3.490429355242581633e-02	8.900818939293606014e-02
1.494870996019482618e+03	2.135573808567343967e-01	1.348487320267189316e-01	2.745456989841513762e-01	1.721971561376188509e-01	8.074489564418713128e-02	3.496609072313210803e-02	8.914004562714922253e-02
1.499708766233137567e+03	2.130857410241565886e-01	1.345323541334019490e-01	2.748418855880461198e-01	1.724059030083000266e-01	8.083542236539606463e-02	3.502760412181494393e-02	8.927108975857629691e-02
1.504546536446793198e+03	2.126168634266560886e-01	1.342177593794544876e-01	2.751363450668092292e-01	1.726134201760973208e-01	8.092545086103207497e-02	3.508883428381008585e-02	8.940132680583273705e-02
1.509384306660448374e+03	2.121507318222262128e-01	1.339049376888361564e-01	2.754290884130431438e-01	1.728197147684041035e-01	8.101498378961598246e-02	3.514978175962298751e-02	8.953076175794352776e-02
1.514222076874103550e+03	2.116873300660325752e-01	1.335938790424125167e-01	2.757201265326965078e-01	1.730247938732900614e-01	8.110402379625317182e-02	3.521044711452581827e-02	8.965939957448149089e-02
1.519059847087758726e+03	2.112266421098007441e-01	1.332845734776361979e-01	2.760094702460196281e-01	1.732286645396775848e-01	8.119257351269013046e-02	3.527083092816223758e-02	8.978724518570570245e-02
1.523897617301414357e+03	2.107686520012080900e-01	1.329770110882295686e-01	2.762971302885053881e-01	1.734313337775180708e-01	8.128063555737108370e-02	3.533093379416003127e-02	8.991430349269999289e-02
1.528735387515069533e+03	2.103133438832802127e-01	1.326711820238690165e-01	2.765831173118170061e-01	1.736328085579685043e-01	8.136821253549454680e-02	3.539075631975127645e-02	9.004057936751165558e-02
1.533573157728724709e+03	2.098607019937916984e-01	1.323670764898712271e-01	2.768674418847016372e-01	1.738330958135679560e-01	8.145530703906969650e-02	3.545029912540000050e-02	9.016607765329005819e-02
1.538410927942380113e+03	2.094107106646711236e-01	1.320646847468807117e-01	2.771501144938909866e-01	1.740322024384139132e-01	8.154192164697290912e-02	3.550956284443717442e-02	9.029080316442544829e-02
1.543248698156035516e+03	2.089633543214101108e-01	1.317639971105596663e-01	2.774311455449889330e-01	1.742301352883388610e-01	8.162805892500407667e-02	3.556854812270288102e-02	9.041476068668778676e-02
1.548086468369690692e+03	2.085186174824769645e-01	1.314650039512789415e-01	2.777105453633458287e-01	1.744269011810865577e-01	8.171372142594293675e-02	3.562725561819555381e-02	9.053795497736552567e-02
1.552924238583346096e+03	2.080764847587342203e-01	1.311676956938110927e-01	2.779883241949206996e-01	1.746225068964884497e-01	8.179891168960527759e-02	3.568568600072815483e-02	9.066039076540442776e-02
1.557762008797001272e+03	2.076369408528603300e-01	1.308720628170249589e-01	2.782644922071305649e-01	1.748169591766397246e-01	8.188363224289911535e-02	3.574383995159114563e-02	9.078207275154644151e-02
1.562599779010656675e+03	2.071999705587757035e-01	1.305780958535818215e-01	2.785390594896878791e-01	1.750102647260756150e-01	8.196788559988078815e-02	3.580171816322212652e-02	9.090300560846840960e-02
1.567437549224311852e+03	2.067655587610723600e-01	1.302857853896333962e-01	2.788120360554254829e-01	1.752024302119472021e-01	8.205167426181098067e-02	3.585932133888205392e-02	9.102319398092086067e-02
1.572275319437967255e+03	2.063336904344479916e-01	1.299951220645214067e-01	2.790834318411103410e-01	1.753934622641974972e-01	8.213500071721063778e-02	3.591665019233788309e-02	9.114264248586666228e-02
1.577113089651622431e+03	2.059043506431438575e-01	1.297060965704786850e-01	2.793532567082451235e-01	1.755833674757368568e-01	8.221786744191682261e-02	3.597370544755153221e-02	9.126135571261960455e-02
1.581950859865277607e+03	2.054775245403865358e-01	1.294186996523322419e-01	2.796215204438584068e-01	1.757721524026188420e-01	8.230027689913847755e-02	3.603048783837502905e-02	9.137933822298290043e-02
1.586788630078933011e+03	2.050531973678339781e-01	1.291329221072076150e-01	2.798882327612841614e-01	1.759598235642152730e-01	8.238223153951207411e-02	3.608699810825178461e-02	9.149659455138764441e-02
1.591626400292587959e+03	2.046313544550248109e-01	1.288487547842349090e-01	2.801534033009293601e-01	1.761463874433914778e-01	8.246373380115722129e-02	3.614323700992377875e-02	9.161312920503100754e-02
1.596464170506243590e+03	2.042119812188320782e-01	1.285661885842566687e-01	2.804170416310314828e-01	1.763318504866812075e-01	8.254478610973209340e-02	3.619920530514468548e-02	9.172894666401439079e-02
1.601301940719898766e+03	2.037950631629204257e-01	1.282852144595371113e-01	2.806791572484046426e-01	1.765162191044614137e-01	8.262539087848887187e-02	3.625490376439868129e-02	9.184405138148145353e-02
1.606139710933553943e+03	2.033805858772072261e-01	1.280058234134729966e-01	2.809397595791759961e-01	1.766994996711265253e-01	8.270555050832897881e-02	3.631033316662495708e-02	9.195844778375590611e-02
1.610977481147209119e+03	2.029685350373275354e-01	1.277280065003062459e-01	2.811988579795108856e-01	1.768816985252628093e-01	8.278526738785825512e-02	3.636549429894774671e-02	9.207214027047914973e-02
1.615815251360864750e+03	2.025588964041024065e-01	1.274517548248380039e-01	2.814564617363285448e-01	1.770628219698221484e-01	8.286454389344198590e-02	3.642038795641182325e-02	9.218513321474776367e-02
1.620653021574519926e+03	2.021516558230112004e-01	1.271770595421442551e-01	2.817125800680074788e-01	1.772428762722957074e-01	8.294338238925991202e-02	3.647501494172331049e-02	9.229743096325075669e-02
1.625490791788175102e+03	2.017467992236676166e-01	1.269039118572929947e-01	2.819672221250811850e-01	1.774218676648874060e-01	8.302178522736103350e-02	3.652937606499575413e-02	9.240903783640662394e-02
1.630328562001830505e+03	2.013443126192989430e-01	1.266323030250632031e-01	2.822203969909238830e-01	1.775998023446867524e-01	8.309975474771831572e-02	3.658347214350132770e-02	9.251995812850014045e-02
1.635166332215485909e+03	2.009441821062292743e-01	1.263622243496650144e-01	2.824721136824271395e-01	1.777766864738416497e-01	8.317729327828331243e-02	3.663730400142713173e-02	9.263019610781898783e-02
1.640004102429141085e+03	2.005463938633661181e-01	1.260936671844616885e-01	2.827223811506668905e-01	1.779525261797307578e-01	8.325440313504063605e-02	3.669087246963639859e-02	9.273975601679008973e-02
1.644841872642796488e+03	2.001509341516904961e-01	1.258266229316928608e-01	2.829712082815611929e-01	1.781273275551355229e-01	8.333108662206228923e-02	3.674417838543457548e-02	9.284864207211566967e-02
1.649679642856451665e+03	1.997577893137506277e-01	1.255610830421997337e-01	2.832186038965190944e-01	1.783010966584119006e-01	8.340734603156195470e-02	3.679722259234022297e-02	9.295685846490911453e-02
1.654517413070107068e+03	1.993669457731589989e-01	1.252970390151512403e-01	2.834645767530807881e-01	1.784738395136615807e-01	8.348318364394903546e-02	3.685000593986055561e-02	9.306440936083050508e-02
1.659355183283762244e+03	1.989783900340929834e-01	1.250344823977722342e-01	2.837091355455484409e-01	1.786455621109029612e-01	8.355860172788266704e-02	3.690252928327160398e-02	9.317129890022182725e-02
1.664192953497417420e+03	1.985921086807986569e-01	1.247734047850728306e-01	2.839522889056089738e-01	1.788162704062417896e-01	8.363360254032553565e-02	3.695479348340292153e-02	9.327753119824201689e-02
1.669030723711072824e+03	1.982080883770982183e-01	1.245137978195794137e-01	2.841940454029480145e-01	1.789859703220411380e-01	8.370818832659761288e-02	3.700679940642665616e-02	9.338311034500157426e-02
1.673868493924728000e+03	1.978263158659006593e-01	1.242556531910670309e-01	2.844344135458560241e-01	1.791546677470913784e-01	8.378236132042969631e-02	3.705854792365102096e-02	9.348804040569687335e-02
1.678706264138383403e+03	1.974467779687156532e-01	1.239989626362934111e-01	2.846734017818252638e-01	1.793223685367793252e-01	8.385612374401685276e-02	3.711003991131803931e-02	9.359232542074422123e-02
1.683544034352038352e+03	1.970694615851709408e-01	1.237437179387342601e-01	2.849110184981396010e-01	1.794890785132572386e-01	8.392947780807173686e-02	3.716127625040545335e-02	9.369596940591354284e-02
1.688381804565693983e+03	1.966943536925328251e-01	1.234899109283201374e-01	2.851472720224562662e-01	1.796548034656114123e-01	8.400242571187770124e-02	3.721225782643276109e-02	9.379897635246171872e-02
1.693219574779349159e+03	1.963214413452299412e-01	1.232375334811748602e-01	2.853821706233793387e-01	1.798195491500300669e-01	8.407496964334180978e-02	3.726298552927128499e-02	9.390135022726556202e-02
1.698057344993004335e+03	1.959507116743802457e-01	1.229865775193551419e-01	2.856157225110259601e-01	1.799833212899709933e-01	8.414711177904775352e-02	3.731346025295819574e-02	9.400309497295453176e-02
