7.450166129029136073e+02	3.330397286231762677e-01	2.137678449917519985e-01	1.976623848866543576e-01	1.195674151621104048e-01	5.856799920043419261e-02	2.253131113464508159e-02	5.486331600091536725e-02
7.498543831165690108e+02	3.318681985488430297e-01	2.130040358167769043e-01	1.985411313359710106e-01	1.200504716137697214e-01	5.868680883544804411e-02	2.261832482102895878e-02	5.523102902784995938e-02
7.546921533302243006e+02	3.307036532660516670e-01	2.122444813014875697e-01	1.993850502819664861e-01	1.205323578666360612e-01	5.883410981911800508e-02	2.270500002624041211e-02	5.559534743818738550e-02
7.595299235438793630e+02	3.295460306597923217e-01	2.114891693144470564e-01	2.002024006526704203e-01	1.210129765585845618e-01	5.900162733696134865e-02	2.279151774135646652e-02	5.595627773587541487e-02
7.643676937575347665e+02	3.283952744097117238e-01	2.107380849959240299e-01	2.009991669038479201e-01	1.214922456015792296e-01	5.918337866490522986e-02	2.287800471340133493e-02	5.631384471031809086e-02
7.692054639711900563e+02	3.272513324636206478e-01	2.099912115243376676e-01	2.017796882188247765e-01	1.219700945841535045e-01	5.937503901882193458e-02	2.296454853573127661e-02	5.666808565419770294e-02
7.740432341848452324e+02	3.261141559326766193e-01	2.092485306715181625e-01	2.025471136299052677e-01	1.224464621429446898e-01	5.957348285022614348e-02	2.305120856211292577e-02	5.701904621030368797e-02
7.788810043985006359e+02	3.249836982915870198e-01	2.085100232051677882e-01	2.033037312227686244e-01	1.229212940362537365e-01	5.977645204848976157e-02	2.313802379994581160e-02	5.736677739547478561e-02
7.837187746121558121e+02	3.238599147994522531e-01	2.077756691807556844e-01	2.040512062606901766e-01	1.233945417264348809e-01	5.998231593911350357e-02	2.322501861840776949e-02	5.771133347483330123e-02
7.885565448258112156e+02	3.227427620802134633e-01	2.070454481533971214e-01	2.047907534273169516e-01	1.238661613313278842e-01	6.018989768140247526e-02	2.331220687607200165e-02	5.805277044995767882e-02
7.933943150394665054e+02	3.216321978185551766e-01	2.063193393318171753e-01	2.055232614151348558e-01	1.243361128435790247e-01	6.039834869523779542e-02	2.339959490528746577e-02	5.839114499007607567e-02
7.982320852531219089e+02	3.205281805393279115e-01	2.055973216903861089e-01	2.062493830439614817e-01	1.248043595446443194e-01	6.060705782904246552e-02	2.348718366963127926e-02	5.872651368269395794e-02
8.030698554667769713e+02	3.194306694473911246e-01	2.048793740507925398e-01	2.069696004461604455e-01	1.252708675604842226e-01	6.081558565732569227e-02	2.357497032323051245e-02	5.905893251430303914e-02
8.079076256804323748e+02	3.183396243111671353e-01	2.041654751417208702e-01	2.076842722168054378e-01	1.257356055205845202e-01	6.102361695537918823e-02	2.366294933745073659e-02	5.938845651657969488e-02
8.127453958940876646e+02	3.172550053778201429e-01	2.034556036425876901e-01	2.083936675185249776e-01	1.261985442925180612e-01	6.123092632218533199e-02	2.375111331466132555e-02	5.971513953138999492e-02
8.175831661077428407e+02	3.161767733113176049e-01	2.027497382157166794e-01	2.090979907502741320e-01	1.266596567719161515e-01	6.143735331392388005e-02	2.383945357566812778e-02	6.003903406087088973e-02
8.224209363213982442e+02	3.151048891470494828e-01	2.020478575301219715e-01	2.097973993907266688e-01	1.271189177132569792e-01	6.164278445686015295e-02	2.392796058344745860e-02	6.036019117822469249e-02
8.272587065350534203e+02	3.140393142584317343e-01	2.013499402791937842e-01	2.104920169046916867e-01	1.275763035908850096e-01	6.184714023636017632e-02	2.401662424848676619e-02	6.067866048163826631e-02
8.320964767487085965e+02	3.129800103321841998e-01	2.006559651939469613e-01	2.111819420785010504e-01	1.280317924825756515e-01	6.205036568533947583e-02	2.410543414850287169e-02	6.099449007863719935e-02
8.369342469623640000e+02	3.119269393498904641e-01	1.999659110530343231e-01	2.118672557724028127e-01	1.284853639700575534e-01	6.225242357633294782e-02	2.419437968624210678e-02	6.130772659172721573e-02
8.417720171760191761e+02	3.108800635741068574e-01	1.992797566903957429e-01	2.125480258046375248e-01	1.289369990524248388e-01	6.245328949687799919e-02	2.428345020250841438e-02	6.161841517873604263e-02
8.466097873896745796e+02	3.098393455377690953e-01	1.985974810011735259e-01	2.132243104841471670e-01	1.293866800694707109e-01	6.265294828718524778e-02	2.437263505682171066e-02	6.192659956311993147e-02
8.514475576033297557e+02	3.088047480359898955e-01	1.979190629463516427e-01	2.138961611658403428e-01	1.298343906327714681e-01	6.285139146321964965e-02	2.446192368467743627e-02	6.223232207083689849e-02
8.562853278169851592e+02	3.077762341195923734e-01	1.972444815564502185e-01	2.145636240988850474e-01	1.302801155629262631e-01	6.304861535258195204e-02	2.455130563789619316e-02	6.253562367135524769e-02
8.611230980306403353e+02	3.067537670899047608e-01	1.965737159345163354e-01	2.152267417636662961e-01	1.307238408317775158e-01	6.324461974600131819e-02	2.464077061275701114e-02	6.283654402106399195e-02
8.659608682442956251e+02	3.057373104944733910e-01	1.959067452585860347e-01	2.158855538389190531e-01	1.311655535087398738e-01	6.343940692180405350e-02	2.473030846930914309e-02	6.313512150785563493e-02
8.707986384579510286e+02	3.047268281234455922e-01	1.952435487837454187e-01	2.165400979013923088e-01	1.316052417105861294e-01	6.363298094018454698e-02	2.481990924431795587e-02	6.343139329601522880e-02
8.756364086716062047e+02	3.037222840064429108e-01	1.945841058438832205e-01	2.171904099320806081e-01	1.320428945541992916e-01	6.382534713264841064e-02	2.490956315962093715e-02	6.372539537081176042e-02
8.804741788852616082e+02	3.027236424097947687e-01	1.939283958532034002e-01	2.178365246825734458e-01	1.324785021119167516e-01	6.401651173264434613e-02	2.499926062717841568e-02	6.401716258237598323e-02
8.853119490989170117e+02	3.017308678340379080e-01	1.932763983075475867e-01	2.184784759402555454e-01	1.329120553691771345e-01	6.420648160833586360e-02	2.508899225174804348e-02	6.430672868858505753e-02
8.901497193125721878e+02	3.007439250116135665e-01	1.926280927855640313e-01	2.191162967203729994e-01	1.333435461842440994e-01	6.439526406926682212e-02	2.517874883185490520e-02	6.459412639677070134e-02
8.949874895262273640e+02	2.997627789047136448e-01	1.919834589497506627e-01	2.197500194052276756e-01	1.337729672498255973e-01	6.458286672648855253e-02	2.526852135954316819e-02	6.487938740413777550e-02
8.998252597398827675e+02	2.987873947032391175e-01	1.913424765473924483e-01	2.203796758451544990e-01	1.342003120564426166e-01	6.476929739136871866e-02	2.535830101926052349e-02	6.516254243682918779e-02
9.046630299535379436e+02	2.978177378228449856e-01	1.907051254114085215e-01	2.210052974318799379e-01	1.346255748574253508e-01	6.495456400239048300e-02	2.544807918612945752e-02	6.544362128760826403e-02
9.095008001671932334e+02	2.968537739030536748e-01	1.900713854611208453e-01	2.216269151519269509e-01	1.350487506354345058e-01	6.513867457220781643e-02	2.553784742378888140e-02	6.572265285215431185e-02
9.143385703808486369e+02	2.958954688054214466e-01	1.894412367029535138e-01	2.222445596256081013e-01	1.354698350704185705e-01	6.532163714936214949e-02	2.562759748193879292e-02	6.599966516398431127e-02
9.191763405945038130e+02	2.949427886117498288e-01	1.888146592310694927e-01	2.228582611356154375e-01	1.358888245089303060e-01	6.550345979061272805e-02	2.571732129368377653e-02	6.627468542802525397e-02
9.240141108081592165e+02	2.939956996223332397e-01	1.881916332279508219e-01	2.234680496481037670e-01	1.363057159347324521e-01	6.568415054095255723e-02	2.580701097274445618e-02	6.654774005286955008e-02
9.288518810218145063e+02	2.930541683542381426e-01	1.875721389649266935e-01	2.240739548283622595e-01	1.367205069406304541e-01	6.586371741919135048e-02	2.589665881058682631e-02	6.681885468175116638e-02
9.336896512354697961e+02	2.921181615396095665e-01	1.869561568026532616e-01	2.246760060525882230e-01	1.371331957014749470e-01	6.604216840757244633e-02	2.598625727350535944e-02	6.708805422228310278e-02
9.385274214491247449e+02	2.911876461240021641e-01	1.863436671915484066e-01	2.252742324168563737e-01	1.375437809482811247e-01	6.621951144431469094e-02	2.607579899968575851e-02	6.735536287499835351e-02
9.433651916627801484e+02	2.902625892647339723e-01	1.857346506721840595e-01	2.258686627440739392e-01	1.379522619434152553e-01	6.639575441827627600e-02	2.616527679626585307e-02	6.762080416073748546e-02
9.482029618764355519e+02	2.893429583292599916e-01	1.851290878756389202e-01	2.264593255894916946e-01	1.383586384568026018e-01	6.657090516515970502e-02	2.625468363640796193e-02	6.788440094692592408e-02
9.530407320900908417e+02	2.884287208935660818e-01	1.845269595238132887e-01	2.270462492451825187e-01	1.387629107431128384e-01	6.674497146483689136e-02	2.634401265639210385e-02	6.814617547278307985e-02
9.578785023037459041e+02	2.875198447405806768e-01	1.839282464297082309e-01	2.276294617437841783e-01	1.391650795198815516e-01	6.691796103949004815e-02	2.643325715273679016e-02	6.840614937350526781e-02
9.627162725174014213e+02	2.866162978586047072e-01	1.833329294976708268e-01	2.282089908617196961e-01	1.395651459465289956e-01	6.708988155234746342e-02	2.652241057935204524e-02	6.866434370346297111e-02
9.675540427310568248e+02	2.857180484397582321e-01	1.827409897236071112e-01	2.287848641220491808e-01	1.399631116042385770e-01	6.726074060685419131e-02	2.661146654472790543e-02	6.892077895845157010e-02
9.723918129447120009e+02	2.848250648784435568e-01	1.821524081951642060e-01	2.293571087970633915e-01	1.403589784766592907e-01	6.743054574616164087e-02	2.670041880916058236e-02	6.917547509703415864e-02
9.772295831583674044e+02	2.839373157698250050e-01	1.815671660918833641e-01	2.299257519106976955e-01	1.407527489313984137e-01	6.759930445285194933e-02	2.678926128201771645e-02	6.942845156101264126e-02
9.820673533720223531e+02	2.830547699083241220e-01	1.809852446853249253e-01	2.304908202408233742e-01	1.411444257022718973e-01	6.776702414883564729e-02	2.687798801904361587e-02	6.967972729506313745e-02
9.869051235856777566e+02	2.821773962861302554e-01	1.804066253391666819e-01	2.310523403214554683e-01	1.415340118722815121e-01	6.793371219537844286e-02	2.696659321970496653e-02	6.992932076556937493e-02
9.917428937993331601e+02	2.813051640917264562e-01	1.798312895092767927e-01	2.316103384449060276e-01	1.419215108572886574e-01	6.809937589322431761e-02	2.705507122457720404e-02	7.017724997868722558e-02
9.965806640129884499e+02	2.804380427084303129e-01	1.792592187437625773e-01	2.321648406639024997e-01	1.423069263903565529e-01	6.826402248279136997e-02	2.714341651277158221e-02	7.042353249767176193e-02
1.001418434226643626e+03	2.795760017129494401e-01	1.786903946829960788e-01	2.327158727936845806e-01	1.426902625067338060e-01	6.842765914442298925e-02	2.723162369940271624e-02	7.066818545949705987e-02
1.006256204440298802e+03	2.787190108739512895e-01	1.781247990596176167e-01	2.332634604140892409e-01	1.430715235294526266e-01	6.859029299868149576e-02	2.731968753309644074e-02	7.091122559079794663e-02
1.011093974653954206e+03	2.778670401506470600e-01	1.775624136985182733e-01	2.338076288716300355e-01	1.434507140555172644e-01	6.875193110667482399e-02	2.740760289353755957e-02	7.115266922316158815e-02
1.015931744867609382e+03	2.770200596913903190e-01	1.770032205168022565e-01	2.343484032815742746e-01	1.438278389426579096e-01	6.891258047040915713e-02	2.749536478905711956e-02	7.139253230779553372e-02
1.020769515081264785e+03	2.761780398322883912e-01	1.764472015237301683e-01	2.348858085300210008e-01	1.442029032966277990e-01	6.907224803316229511e-02	2.758296835425885080e-02	7.163083042959805802e-02
1.025607285294920075e+03	2.753409510958280126e-01	1.758943388206439806e-01	2.354198692759805756e-01	1.445759124590208222e-01	6.923094067987360656e-02	2.767040884768419071e-02	7.186757882065536451e-02
1.030445055508575479e+03	2.745087641895142538e-01	1.753446146008747208e-01	2.359506099534563195e-01	1.449468719955888663e-01	6.938866523754762261e-02	2.775768164951554137e-02	7.210279237318922840e-02
1.035282825722230655e+03	2.736814500045227638e-01	1.747980111496332534e-01	2.364780547735284844e-01	1.453157876850382502e-01	6.954542847566887176e-02	2.784478225931718079e-02	7.233648565197776936e-02
1.040120595935886058e+03	2.728589796143648383e-01	1.742545108438856294e-01	2.370022277264395572e-01	1.456826655082860411e-01	6.970123710662604055e-02	2.793170629381339087e-02	7.256867290627112832e-02
1.044958366149541234e+03	2.720413242735653658e-01	1.737140961522130322e-01	2.375231525836808411e-01	1.460475116381574345e-01	6.985609778614396137e-02	2.801844948470328875e-02	7.279936808122269842e-02
1.049796136363196410e+03	2.712284554163539307e-01	1.731767496346576229e-01	2.380408529000787032e-01	1.464103324295063235e-01	7.001001711372220604e-02	2.810500767651183049e-02	7.302858482885604685e-02
1.054633906576851814e+03	2.704203446553677392e-01	1.726424539425545357e-01	2.385553520158801566e-01	1.467711344097417381e-01	7.016300163307932769e-02	2.819137682447652241e-02	7.325633651858665107e-02
1.059471676790506763e+03	2.696169637803673691e-01	1.721111918183510781e-01	2.390666730588363598e-01	1.471299242697440557e-01	7.031505783260176556e-02	2.827755299246932641e-02	7.348263624731665722e-02
1.064309447004162394e+03	2.688182847569647316e-01	1.715829460954133856e-01	2.395748389462833694e-01	1.474867088551546634e-01	7.046619214579677437e-02	2.836353235095324943e-02	7.370749684912050737e-02
1.069147217217817570e+03	2.680242797253626352e-01	1.710576996978212527e-01	2.400798723872186458e-01	1.478414951580242498e-01	7.061641095174871208e-02	2.844931117497312770e-02	7.393093090453803362e-02
1.073984987431472746e+03	2.672349209991067842e-01	1.705354356401520555e-01	2.405817958843729787e-01	1.481942903088051267e-01	7.076572057557811712e-02	2.853488584218011326e-02	7.415295074949145027e-02
1.078822757645127922e+03	2.664501810638491008e-01	1.700161370272537942e-01	2.410806317362762796e-01	1.485451015686735377e-01	7.091412728890297834e-02	2.862025283088935612e-02	7.437356848384150954e-02
1.083660527858783553e+03	2.656700325761228720e-01	1.694997870540080609e-01	2.415764020393166012e-01	1.488939363221687684e-01	7.106163731030187836e-02	2.870540871817043455e-02	7.459279597959794783e-02
1.088498298072438729e+03	2.648944483621288870e-01	1.689863690050835976e-01	2.420691286897914685e-01	1.492408020701359028e-01	7.120825680577849703e-02	2.879035017796998525e-02	7.481064488879822505e-02
1.093336068286093905e+03	2.641234014165334543e-01	1.684758662546804453e-01	2.425588333859506895e-01	1.495857064229602629e-01	7.135399188922705860e-02	2.887507397926613803e-02	7.502712665106849033e-02
1.098173838499749309e+03	2.633568649012769103e-01	1.679682622662659053e-01	2.430455376300299508e-01	1.499286570940814856e-01	7.149884862289845877e-02	2.895957698425419280e-02	7.524225250087959727e-02
1.103011608713404712e+03	2.625948121443936745e-01	1.674635405923018683e-01	2.435292627302741986e-01	1.502696618937760242e-01	7.164283301786660008e-02	2.904385614656313994e-02	7.545603347451095011e-02
1.107849378927059888e+03	2.618372166388428512e-01	1.669616848739646220e-01	2.440100298029502790e-01	1.506087287231972216e-01	7.178595103449476877e-02	2.912790850950252794e-02	7.566848041673414349e-02
1.112687149140715292e+03	2.610840520413493238e-01	1.664626788408573310e-01	2.444878597743485593e-01	1.509458655686623796e-01	7.192820858290169261e-02	2.921173120433920994e-02	7.587960398722791433e-02
1.117524919354370468e+03	2.603352921712557833e-01	1.659665063107156058e-01	2.449627733827718645e-01	1.512810804961770839e-01	7.206961152342693244e-02	2.929532144860354931e-02	7.608941466673554976e-02
1.122362689568025871e+03	2.595909110093851391e-01	1.654731511891062989e-01	2.454347911805125348e-01	1.516143816461869298e-01	7.221016566709551054e-02	2.937867654442458468e-02	7.629792276297532594e-02
1.127200459781681047e+03	2.588508826969130316e-01	1.649825974691203345e-01	2.459039335358160772e-01	1.519457772285476016e-01	7.234987677608144263e-02	2.946179387689374859e-02	7.650513841631413625e-02
1.132038229995336451e+03	2.581151815342504485e-01	1.644948292310595972e-01	2.463702206348310775e-01	1.522752755177045336e-01	7.248875056416989593e-02	2.954467091245669905e-02	7.671107160521406509e-02
1.136876000208991627e+03	2.573837819799369986e-01	1.640098306421182983e-01	2.468336724835454854e-01	1.526028848480734945e-01	7.262679269721791786e-02	2.962730519733279555e-02	7.691573215146131626e-02
1.141713770422646803e+03	2.566566586495432345e-01	1.635275859560591238e-01	2.472943089097081881e-01	1.529286136096141002e-01	7.276400879361337448e-02	2.970969435596183816e-02	7.711912972518643328e-02
1.146551540636302207e+03	2.559337863145833558e-01	1.630480795128846361e-01	2.477521495647357630e-01	1.532524702435885400e-01	7.290040442473205706e-02	2.979183608947757675e-02	7.732127384968440209e-02
1.151389310849957155e+03	2.552151399014372379e-01	1.625712957385037349e-01	2.482072139256042698e-01	1.535744632384978825e-01	7.303598511539266536e-02	2.987372817420766435e-02	7.752217390604282388e-02
1.156227081063612786e+03	2.545006944902825641e-01	1.620972191443943722e-01	2.486595212967252222e-01	1.538946011261888014e-01	7.317075634430959818e-02	2.995536846019954472e-02	7.772183913758616558e-02
1.161064851277267962e+03	2.537904253140356170e-01	1.616258343272615194e-01	2.491090908118060721e-01	1.542128924781240862e-01	7.330472354454337092e-02	3.003675486977193387e-02	7.792027865414365151e-02
1.165902621490923138e+03	2.530843077573020072e-01	1.611571259686920277e-01	2.495559414356945394e-01	1.545293459018099447e-01	7.343789210394847944e-02	3.011788539609145526e-02	7.811750143614792918e-02
1.170740391704578315e+03	2.523823173553361721e-01	1.606910788348052954e-01	2.500000919662065946e-01	1.548439700373740457e-01	7.357026736561862734e-02	3.019875810177403280e-02	7.831351633857158712e-02
1.175578161918233945e+03	2.516844297930105334e-01	1.602276777759013282e-01	2.504415610359381206e-01	1.551567735542882520e-01	7.370185462832924694e-02	3.027937111751068111e-02	7.850833209470828300e-02
1.180415932131889122e+03	2.509906209037929270e-01	1.597669077261050508e-01	2.508803671140595881e-01	1.554677651482299916e-01	7.383265914697707821e-02	3.035972264071724186e-02	7.870195731980461629e-02
1.185253702345544298e+03	2.503008666687334682e-01	1.593087537030081213e-01	2.513165285080942168e-01	1.557769535380769399e-01	7.396268613301677786e-02	3.043981093420774706e-02	7.889440051454917058e-02
1.190091472559199701e+03	2.496151432154599670e-01	1.588532008073081647e-01	2.517500633656789555e-01	1.560843474630294603e-01	7.409194075489444753e-02	3.051963432489099987e-02	7.908567006842437408e-02
1.194929242772855105e+03	2.489334268171819464e-01	1.584002342224453130e-01	2.521809896763083647e-01	1.563899556798555857e-01	7.422042813847809506e-02	3.059919120248996705e-02	7.927577426292706231e-02
1.199767012986510281e+03	2.482556938917032663e-01	1.579498392142365260e-01	2.526093252730613470e-01	1.566937869602539612e-01	7.434815336748466785e-02	3.067848001828370544e-02	7.946472127466283619e-02
1.204604783200165684e+03	2.475819210004434057e-01	1.575020011305078849e-01	2.530350878343102794e-01	1.569958500883296693e-01	7.447512148390396380e-02	3.075749928387135762e-02	7.965251917831971118e-02
1.209442553413820860e+03	2.469120848474667118e-01	1.570567054007250274e-01	2.534582948854132156e-01	1.572961538581784946e-01	7.460133748841903112e-02	3.083624756995791139e-02	7.983917594952583130e-02
1.214280323627476264e+03	2.462461622785203363e-01	1.566139375356218055e-01	2.538789638003882132e-01	1.575947070715752185e-01	7.472680634082318196e-02	3.091472350516138654e-02	8.002469946759604991e-02
1.219118093841131440e+03	2.455841302800799708e-01	1.561736831268273062e-01	2.542971118035703970e-01	1.578915185357619988e-01	7.485153296043349502e-02	3.099292577484103611e-02	8.020909751817201228e-02
1.223955864054786844e+03	2.449259659784038812e-01	1.557359278464913732e-01	2.547127559712514810e-01	1.581865970613324790e-01	7.497552222650075149e-02	3.107085311994628452e-02	8.039237779576000054e-02
1.228793634268442020e+03	2.442716466385947138e-01	1.553006574469091572e-01	2.551259132333016932e-01	1.584799514602079629e-01	7.509877897861580442e-02	3.114850433588602779e-02	8.057454790617088469e-02
1.233631404482097196e+03	2.436211496636695173e-01	1.548678577601441120e-01	2.555366003747741588e-01	1.587715905437021013e-01	7.522130801711229831e-02	3.122587827141796654e-02	8.075561536886607938e-02
1.238469174695752372e+03	2.429744525936372301e-01	1.544375146976502411e-01	2.559448340374920194e-01	1.590615231206699842e-01	7.534311410346573867e-02	3.130297382755765218e-02	8.093558761921339217e-02
1.243306944909407548e+03	2.423315331045838295e-01	1.540096142498934839e-01	2.563506307216175673e-01	1.593497579957390553e-01	7.546420196068882869e-02	3.137978995650690661e-02	8.111447201065656587e-02
1.248144715123063179e+03	2.416923690077655007e-01	1.535841424859721305e-01	2.567540067872044474e-01	1.596363039676178264e-01	7.558457627372312804e-02	3.145632566060130308e-02	8.129227581680183168e-02
1.252982485336718355e+03	2.410569382487088852e-01	1.531610855532368476e-01	2.571549784557320972e-01	1.599211698274798088e-01	7.570424168982690938e-02	3.153257999127641320e-02	8.146900623342517855e-02
1.257820255550373531e+03	2.404252189063189604e-01	1.527404296769099834e-01	2.575535618116228664e-01	1.602043643574192211e-01	7.582320281895935099e-02	3.160855204805246288e-02	8.164467038040329472e-02
1.262658025764028707e+03	2.397971891919943310e-01	1.523221611597045111e-01	2.579497728037418725e-01	1.604858963289758911e-01	7.594146423416081593e-02	3.168424097753714391e-02	8.181927530357152589e-02
1.267495795977684338e+03	2.391728274487496253e-01	1.519062663814427228e-01	2.583436272468797035e-01	1.607657745017266049e-01	7.605903047192943967e-02	3.175964597244623766e-02	8.199282797651173682e-02
1.272333566191339514e+03	2.385521121503452746e-01	1.514927317986745625e-01	2.587351408232178573e-01	1.610440076219397387e-01	7.617590603259385973e-02	3.183476627064176639e-02	8.216533530227297655e-02
1.277171336404994690e+03	2.379350219004241485e-01	1.510815439442959596e-01	2.591243290837771385e-01	1.613206044212914247e-01	7.629209538068221219e-02	3.190960115418738779e-02	8.233680411502776464e-02
1.282009106618650094e+03	2.373215354316554893e-01	1.506726894271670780e-01	2.595112074498489019e-01	1.615955736156401423e-01	7.640760294528724239e-02	3.198414994842075504e-02	8.250724118166638532e-02
1.286846876832305497e+03	2.367116316048855362e-01	1.502661549317305389e-01	2.598957912144098104e-01	1.618689239038577365e-01	7.652243312042766865e-02	3.205841202104253718e-02	8.267665320333214551e-02
1.291684647045960673e+03	2.361052894082953102e-01	1.498619272176298922e-01	2.602780955435194388e-01	1.621406639667142546e-01	7.663659026540568797e-02	3.213238678122178754e-02	8.284504681689959515e-02
1.296522417259616077e+03	2.355024879565648654e-01	1.494599931193282272e-01	2.606581354777012249e-01	1.624108024658150462e-01	7.675007870516077635e-02	3.220607367871748672e-02	8.301242859639833271e-02
1.301360187473271253e+03	2.349032064900445360e-01	1.490603395457270608e-01	2.610359259333071558e-01	1.626793480425873517e-01	7.686290273061954781e-02	3.227947220301589926e-02	8.317880505438444982e-02
1.306197957686926657e+03	2.343074243739326212e-01	1.486629534797855590e-01	2.614114817038656335e-01	1.629463093173148802e-01	7.697506659904199133e-02	3.235258188248347350e-02	8.334418264326182157e-02
1.311035727900581833e+03	2.337151210974598436e-01	1.482678219781402851e-01	2.617848174614133550e-01	1.632116948882182117e-01	7.708657453436384976e-02	3.242540228353510412e-02	8.350856775655532416e-02
1.315873498114237009e+03	2.331262762730801630e-01	1.478749321707252540e-01	2.621559477578107589e-01	1.634755133305793029e-01	7.719743072753526558e-02	3.249793300981740352e-02	8.367196673013785335e-02
1.320711268327892412e+03	2.325408696356679739e-01	1.474842712603926520e-01	2.625248870260414313e-01	1.637377731959083205e-01	7.730763933685566580e-02	3.257017370140680157e-02	8.383438584341315614e-02
1.325549038541547588e+03	2.319588810417219371e-01	1.470958265225341954e-01	2.628916495814957455e-01	1.639984830111509417e-01	7.741720448830495538e-02	3.264212403402216855e-02	8.399583132045607137e-02
1.330386808755202765e+03	2.313802904685746953e-01	1.467095853047030440e-01	2.632562496232385696e-01	1.642576512779348741e-01	7.752613027587096362e-02	3.271378371825174602e-02	8.415630933111215017e-02
1.335224578968857941e+03	2.308050780136091940e-01	1.463255350262364085e-01	2.636187012352612102e-01	1.645152864718535946e-01	7.763442076187326846e-02	3.278515249879416366e-02	8.431582599205822426e-02
1.340062349182513572e+03	2.302332238934809427e-01	1.459436631778790461e-01	2.639790183877182006e-01	1.647713970417860607e-01	7.774207997728325992e-02	3.285623015371318817e-02	8.447438736782530988e-02
1.344900119396168748e+03	2.296647084433464103e-01	1.455639573214075333e-01	2.643372149381484348e-01	1.650259914092510327e-01	7.784911192204065078e-02	3.292701649370616962e-02	8.463199947178581817e-02
1.349737889609823924e+03	2.290995121160974701e-01	1.451864050892552882e-01	2.646933046326809258e-01	1.652790779677942579e-01	7.795552056536633745e-02	3.299751136138574098e-02	8.478866826710604321e-02
1.354575659823479100e+03	2.285376154816018135e-01	1.448109941841385639e-01	2.650473011072260188e-01	1.655306650824076853e-01	7.806130984607162482e-02	3.306771463057469468e-02	8.494439966766566263e-02
1.359413430037134731e+03	2.279789992259492193e-01	1.444377123786834693e-01	2.653992178886512288e-01	1.657807610889790451e-01	7.816648367286395394e-02	3.313762620561371691e-02	8.509919953894545808e-02
1.364251200250789907e+03	2.274236441507036799e-01	1.440665475150538222e-01	2.657490683959423672e-01	1.660293742937707373e-01	7.827104592464900756e-02	3.320724602068185483e-02	8.525307369888462938e-02
1.369088970464445310e+03	2.268715311721613004e-01	1.436974875045800848e-01	2.660968659413502913e-01	1.662765129729268931e-01	7.837500045082937405e-02	3.327657403912937656e-02	8.540602791870875732e-02
1.373926740678100487e+03	2.263226413206140542e-01	1.433305203273894657e-01	2.664426237315228319e-01	1.665221853720073586e-01	7.847835107159967238e-02	3.334561025282292007e-02	8.555806792372980252e-02
1.378764510891755890e+03	2.257769557396188398e-01	1.429656340320368813e-01	2.667863548686227326e-01	1.667663997055475467e-01	7.858110157823819386e-02	3.341435468150268095e-02	8.570919939411922317e-02
1.383602281105411066e+03	2.252344556852725055e-01	1.426028167351371667e-01	2.671280723514312672e-01	1.670091641566433804e-01	7.868325573339522705e-02	3.348280737215138247e-02	8.585942796565512736e-02
1.388440051319066470e+03	2.246951225254922579e-01	1.422420566209985915e-01	2.674677890764378674e-01	1.672504868765597452e-01	7.878481727137782997e-02	3.355096839837493766e-02	8.600875923044484783e-02
1.393277821532721646e+03	2.241589377393015392e-01	1.418833419412572072e-01	2.678055178389158186e-01	1.674903759843621720e-01	7.888578989843134104e-02	3.361883785979447037e-02	8.615719873762352210e-02
1.398115591746377049e+03	2.236258829161212880e-01	1.415266610145127502e-01	2.681412713339845211e-01	1.677288395665703646e-01	7.898617729301754542e-02	3.368641588144959814e-02	8.630475199402994069e-02
1.402953361960032225e+03	2.230959397550667800e-01	1.411720022259655427e-01	2.684750621576580398e-01	1.679658856768329045e-01	7.908598310608941362e-02	3.375370261321276183e-02	8.645142446486055177e-02
1.407791132173687402e+03	2.225690900642494918e-01	1.408193540270546995e-01	2.688069028078802214e-01	1.682015223356221612e-01	7.918521096136275916e-02	3.382069822921433822e-02	8.659722157430231604e-02
1.412628902387342805e+03	2.220453157600844607e-01	1.404687049350978323e-01	2.691368056855464874e-01	1.684357575299487431e-01	7.928386445558446849e-02	3.388740292727848713e-02	8.674214870614548045e-02
1.417466672600997981e+03	2.215245988666027233e-01	1.401200435329316707e-01	2.694647830955133050e-01	1.686685992130944334e-01	7.938194715879760832e-02	3.395381692836942078e-02	8.688621120437685363e-02
1.422304442814653157e+03	2.210069215147690003e-01	1.397733584685543484e-01	2.697908472475934460e-01	1.689000553043632502e-01	7.947946261460335504e-02	3.401994047604794263e-02	8.702941437375463773e-02
1.427142213028308333e+03	2.204922659418043773e-01	1.394286384547688273e-01	2.701150102575399781e-01	1.691301336888496598e-01	7.957641434041975992e-02	3.408577383593815874e-02	8.717176348036530242e-02
1.431979983241963964e+03	2.199806144905141481e-01	1.390858722688278482e-01	2.704372841480162104e-01	1.693588422172230823e-01	7.967280582773739184e-02	3.415131729520406306e-02	8.731326375216327818e-02
1.436817753455619140e+03	2.194719496086205979e-01	1.387450487520800746e-01	2.707576808495545384e-01	1.695861887055286343e-01	7.976864054237189916e-02	3.421657116203592058e-02	8.745392037949434316e-02
1.441655523669274316e+03	2.189662538481007004e-01	1.384061568096178196e-01	2.710762122015018538e-01	1.698121809350027211e-01	7.986392192471358786e-02	3.428153576514623990e-02	8.759373851560303681e-02
1.446493293882929493e+03	2.184635098645288376e-01	1.380691854099260485e-01	2.713928899529536309e-01	1.700368266519033111e-01	7.995865338997384941e-02	3.434621145327515501e-02	8.773272327712505758e-02
1.451331064096585123e+03	2.179637004164243219e-01	1.377341235845328804e-01	2.717077257636756338e-01	1.702601335673543381e-01	8.005283832842870206e-02	3.441059859470506355e-02	8.787087974456488093e-02
1.456168834310240300e+03	2.174668083646036365e-01	1.374009604276614227e-01	2.720207312050140214e-01	1.704821093572032875e-01	8.014648010565944558e-02	3.447469757678441049e-02	8.800821296275962435e-02
1.461006604523895703e+03	2.169728166715375883e-01	1.370696850958832702e-01	2.723319177607933517e-01	1.707027616618918830e-01	8.023958206279023508e-02	3.453850880546033980e-02	8.814472794132924283e-02
1.465844374737550879e+03	2.164817084007130410e-01	1.367402868077731981e-01	2.726412968282034277e-01	1.709220980863391526e-01	8.033214751672294873e-02	3.460203270482018617e-02	8.828042965511395668e-02
1.470682144951206283e+03	2.159934667159993660e-01	1.364127548435656034e-01	2.729488797186749860e-01	1.711401261998360401e-01	8.042417976036905780e-02	3.466526971664157797e-02	8.841532304459924496e-02
1.475519915164861459e+03	2.155080748810195845e-01	1.360870785448121678e-01	2.732546776587436166e-01	1.713568535359518141e-01	8.051568206287876284e-02	3.472822029995104032e-02	8.854941301632889006e-02
1.480357685378516862e+03	2.150255162585260338e-01	1.357632473140411578e-01	2.735587017909026919e-01	1.715722875924511615e-01	8.060665766986739589e-02	3.479088493059087628e-02	8.868270444330655922e-02
1.485195455592172038e+03	2.145457743097804459e-01	1.354412506144183348e-01	2.738609631744456929e-01	1.717864358312216899e-01	8.069710980363890840e-02	3.485326410079428450e-02	8.881520216538647816e-02
1.490033225805827215e+03	2.140688325939387460e-01	1.351210779694090036e-01	2.741614727862976553e-01	1.719993056782116725e-01	8.078704166340686110e-02	3.491535831876849821e-02	8.894691098965337717e-02
1.494870996019482618e+03	2.135946747674401514e-01	1.348027189624420863e-01	2.744602415218355129e-01	1.722109045233772562e-01	8.087645642551252734e-02	3.497716810828581380e-02	8.907783569079245900e-02
1.499708766233137567e+03	2.131232845834007128e-01	1.344861632365751958e-01	2.747572801956985611e-01	1.724212397206389413e-01	8.096535724364056774e-02	3.503869400828242553e-02	8.920798101144943038e-02
1.504546536446793198e+03	2.126546458910111848e-01	1.341714004941617355e-01	2.750525995425879833e-01	1.726303185878470259e-01	8.105374724903181838e-02	3.509993657246480991e-02	8.933735166258124916e-02
1.509384306660448374e+03	2.121887426349392813e-01	1.338584204965190816e-01	2.753462102180567750e-01	1.728381484067553764e-01	8.114162955069373351e-02	3.516089636892368031e-02	8.946595232379786489e-02
1.514222076874103550e+03	2.117255588547362066e-01	1.335472130635986243e-01	2.756381227992890648e-01	1.730447364230034424e-01	8.122900723560816383e-02	3.522157397975523435e-02	8.959378764369513304e-02
1.519059847087758726e+03	2.112650786842472650e-01	1.332377680736572256e-01	2.759283477858694433e-01	1.732500898461060146e-01	8.131588336893660895e-02	3.528197000068968026e-02	8.972086224017959688e-02
1.523897617301414357e+03	2.108072863510269956e-01	1.329300754629302861e-01	2.762168956005430775e-01	1.734542158494505604e-01	8.140226099422306905e-02	3.534208504072682000e-02	8.984718070078505370e-02
1.528735387515069533e+03	2.103521661757581929e-01	1.326241252253061720e-01	2.765037765899653888e-01	1.736571215703015814e-01	8.148814313359431516e-02	3.540191972177865465e-02	8.997274758298157149e-02
1.533573157728724709e+03	2.098997025716750620e-01	1.323199074120024743e-01	2.767890010254426825e-01	1.738588141098119932e-01	8.157353278795782814e-02	3.546147467831880368e-02	9.009756741447691453e-02
1.538410927942380113e+03	2.094498800439907327e-01	1.320174121312436555e-01	2.770725791036634522e-01	1.740593005330409448e-01	8.165843293719732277e-02	3.552075055703868278e-02	9.022164469351096061e-02
1.543248698156035516e+03	2.090026831893284087e-01	1.317166295479402782e-01	2.773545209474196915e-01	1.742585878689779932e-01	8.174284654036589881e-02	3.557974801651028057e-02	9.034498388914317946e-02
1.548086468369690692e+03	2.085580966951568749e-01	1.314175498833697886e-01	2.776348366063198236e-01	1.744566831105734406e-01	8.182677653587683286e-02	3.563846772685542313e-02	9.046758944153353299e-02
1.552924238583346096e+03	2.081161053392298343e-01	1.311201634148588535e-01	2.779135360574921942e-01	1.746535932147742221e-01	8.191022584169213583e-02	3.569691036942146400e-02	9.058946576221697800e-02
1.557762008797001272e+03	2.076766939890291874e-01	1.308244604754673357e-01	2.781906292062798491e-01	1.748493251025654838e-01	8.199319735550877897e-02	3.575507663646314976e-02	9.071061723437186253e-02
1.562599779010656675e+03	2.072398476012121682e-01	1.305304314536737398e-01	2.784661258869263190e-01	1.750438856590174896e-01	8.207569395494274112e-02	3.581296723083075839e-02	9.083104821308242427e-02
1.567437549224311852e+03	2.068055512210624780e-01	1.302380667930622404e-01	2.787400358632528552e-01	1.752372817333374688e-01	8.215771849771072444e-02	3.587058286566420506e-02	9.095076302559561288e-02
1.572275319437967255e+03	2.063737899819451105e-01	1.299473569920113480e-01	2.790123688293272286e-01	1.754295201389264869e-01	8.223927382180984402e-02	3.592792426409308765e-02	9.106976597157243059e-02
1.577113089651622431e+03	2.059445491047651178e-01	1.296582926033840177e-01	2.792831344101239788e-01	1.756206076534407579e-01	8.232036274569504153e-02	3.598499215894260250e-02	9.118806132333399928e-02
1.581950859865277607e+03	2.055178138974299573e-01	1.293708642342193404e-01	2.795523421621763926e-01	1.758105510188575915e-01	8.240098806845447266e-02	3.604178729244521956e-02	9.130565332610258988e-02
1.586788630078933011e+03	2.050935697543157243e-01	1.290850625454258438e-01	2.798200015742203228e-01	1.759993569415454484e-01	8.248115256998260481e-02	3.609831041595785300e-02	9.142254619823771133e-02
1.591626400292587959e+03	2.046718021557370204e-01	1.288008782514764305e-01	2.800861220678300123e-01	1.761870320923382693e-01	8.256085901115157999e-02	3.615456228968472185e-02	9.153874413146752265e-02
1.596464170506243590e+03	2.042524966674204023e-01	1.285183021201046216e-01	2.803507129980457036e-01	1.763735831066133852e-01	8.264011013398017691e-02	3.621054368240553961e-02	9.165425129111569313e-02
1.601301940719898766e+03	2.038356389399817448e-01	1.282373249720025754e-01	2.806137836539937536e-01	1.765590165843733961e-01	8.271890866180105217e-02	3.626625537120907461e-02	9.176907181632389110e-02
1.606139710933553943e+03	2.034212147084067390e-01	1.279579376805206614e-01	2.808753432594989219e-01	1.767433390903315193e-01	8.279725729942574719e-02	3.632169814123192841e-02	9.188320982026999817e-02
1.610977481147209119e+03	2.030092097915354443e-01	1.276801311713683384e-01	2.811354009736887205e-01	1.769265571540001858e-01	8.287515873330794647e-02	3.637687278540246982e-02	9.199666939038236846e-02
1.615815251360864750e+03	2.025996100915501141e-01	1.274038964223168924e-01	2.813939658915909359e-01	1.771086772697831047e-01	8.295261563170466812e-02	3.643178010418982038e-02	9.210945458854996604e-02
1.620653021574519926e+03	2.021924015934663532e-01	1.271292244629035062e-01	2.816510470447228798e-01	1.772897058970703821e-01	8.302963064483562250e-02	3.648642090535780813e-02	9.222156945132896355e-02
1.625490791788175102e+03	2.017875703646282159e-01	1.268561063741369677e-01	2.819066534016741454e-01	1.774696494603363039e-01	8.310620640504062795e-02	3.654079600372377168e-02	9.233301799014548283e-02
1.630328562001830505e+03	2.013851025542063578e-01	1.265845332882048757e-01	2.821607938686817030e-01	1.776485143492402830e-01	8.318234552693523631e-02	3.659490622092217982e-02	9.244380419149482442e-02
1.635166332215485909e+03	2.009849843926998225e-01	1.263144963881824012e-01	2.824134772901982227e-01	1.778263069187302203e-01	8.325805060756448495e-02	3.664875238517293493e-02	9.255393201713733864e-02
1.640004102429141085e+03	2.005872021914410219e-01	1.260459869077426021e-01	2.826647124494529040e-01	1.780030334891486987e-01	8.333332422655485849e-02	3.670233533105427687e-02	9.266340540429110484e-02
1.644841872642796488e+03	2.001917423421041842e-01	1.257789961308680704e-01	2.829145080690059766e-01	1.781787003463412566e-01	8.340816894626448819e-02	3.675565589928025262e-02	9.277222826582116888e-02
1.649679642856451665e+03	1.997985913162173000e-01	1.255135153915645230e-01	2.831628728112961513e-01	1.783533137417673275e-01	8.348258731193153315e-02	3.680871493648262688e-02	9.288040449042593572e-02
1.654517413070107068e+03	1.994077356646768717e-01	1.252495360735754459e-01	2.834098152791815206e-01	1.785268798926129830e-01	8.355658185182091025e-02	3.686151329499715024e-02	9.298793794282048109e-02
1.659355183283762244e+03	1.990191620172664932e-01	1.249870496100985717e-01	2.836553440164735207e-01	1.786994049819062291e-01	8.363015507736934473e-02	3.691405183265412254e-02	9.309483246391705991e-02
1.664192953497417420e+03	1.986328570821783435e-01	1.247260474835036603e-01	2.838994675084648978e-01	1.788708951586339413e-01	8.370330948332856125e-02	3.696633141257318206e-02	9.320109187100272807e-02
1.669030723711072824e+03	1.982488076455379278e-01	1.244665212250519876e-01	2.841421941824509023e-01	1.790413565378607963e-01	8.377604754790700381e-02	3.701835290296225794e-02	9.330671995791438300e-02
1.673868493924728000e+03	1.978670005709321500e-01	1.242084624146171518e-01	2.843835324082443772e-01	1.792107952008500649e-01	8.384837173290983492e-02	3.707011717692051261e-02	9.341172049521116738e-02
1.678706264138383403e+03	1.974874227989404374e-01	1.239518626804074902e-01	2.846234904986842951e-01	1.793792171951859304e-01	8.392028448387733874e-02	3.712162511224537803e-02	9.351609723034434718e-02
1.683544034352038352e+03	1.971100613466688356e-01	1.236967136986899252e-01	2.848620767101387452e-01	1.795466285348976954e-01	8.399178823022168672e-02	3.717287759124341534e-02	9.361985388782476103e-02
1.688381804565693983e+03	1.967349033072877118e-01	1.234430071935154055e-01	2.850992992430015360e-01	1.797130352005851806e-01	8.406288538536225985e-02	3.722387550054509497e-02	9.372299416938791039e-02
1.693219574779349159e+03	1.963619358495718725e-01	1.231907349364456117e-01	2.853351662421824142e-01	1.798784431395458738e-01	8.413357834685922243e-02	3.727461973092331682e-02	9.382552175415678763e-02
1.698057344993004335e+03	1.959911462174442898e-01	1.229398887462814088e-01	2.855696857975923431e-01	1.800428582659032439e-01	8.420386949654576347e-02	3.732511117711564269e-02	9.392744029880238654e-02
1.702895115206659511e+03	1.956225217295226304e-01	1.226904604887925493e-01	2.858028659446222863e-01	1.802062864607363590e-01	8.427376120065874221e-02	3.737535073765021337e-02	9.402875343770225602e-02
1.707732885420315142e+03	1.952560497786686999e-01	1.224424420764489846e-01	2.860347146646166627e-01	1.803687335722108376e-01	8.434325580996782090e-02	3.742533931467519753e-02	9.412946478309680565e-02
