7.498543831165690108e+02	3.316532727304200567e-01	2.131961023939200062e-01	1.985885128606054706e-01	1.200340462803921038e-01	5.880616022079626637e-02	2.259018066769427971e-02	5.513172484585849437e-02
7.546921533302243006e+02	3.304909046977980713e-01	2.124339553784369561e-01	1.993645633889379598e-01	1.205373282671817897e-01	5.901575633476011801e-02	2.267561489810247105e-02	5.548187703446928049e-02
7.595299235438793630e+02	3.293354039913706788e-01	2.116761248840456633e-01	2.001352239147216605e-01	1.210379452666362349e-01	5.922421858610604772e-02	2.276140368171181844e-02	5.582967967509455676e-02
7.643676937575347665e+02	3.281867285394012290e-01	2.109225867508149055e-01	2.009005436791368449e-01	1.215359073730622186e-01	5.943155310538383168e-02	2.284753077545764385e-02	5.617514977642995566e-02
7.692054639711900563e+02	3.270448365553813574e-01	2.101733169478613439e-01	2.016605712968380648e-01	1.220312247129869271e-01	5.963776598852939259e-02	2.293398027372496248e-02	5.651830422436455309e-02
7.740432341848452324e+02	3.259096865356370665e-01	2.094282915727643801e-01	2.024153547659404417e-01	1.225239074435842263e-01	5.984286329707687313e-02	2.302073660215371922e-02	5.685915978252998465e-02
7.788810043985006359e+02	3.247812372569614525e-01	2.086874868509822345e-01	2.031649414778299023e-01	1.230139657511296891e-01	6.004685105836941872e-02	2.310778451155463126e-02	5.719773309285940133e-02
7.837187746121558121e+02	3.236594477742746889e-01	2.079508791352686348e-01	2.039093782268011634e-01	1.235014098494838092e-01	6.024973526576888477e-02	2.319510907193365543e-02	5.753404067615588979e-02
7.885565448258112156e+02	3.225442774183098216e-01	2.072184449050908650e-01	2.046487112195260194e-01	1.239862499786029137e-01	6.045152187886426720e-02	2.328269566662315854e-02	5.786809893266973287e-02
7.933943150394665054e+02	3.214356857933241551e-01	2.064901607660485083e-01	2.053829860843555122e-01	1.244684964030775692e-01	6.065221682367898798e-02	2.337052998651785451e-02	5.819992414268421871e-02
7.982320852531219089e+02	3.203336327748368406e-01	2.057660034492934942e-01	2.061122478804584823e-01	1.249481594106977983e-01	6.085182599287697336e-02	2.345859802441370087e-02	5.852953246710949214e-02
8.030698554667769713e+02	3.192380785073907212e-01	2.050459498109512557e-01	2.068365411068002202e-01	1.254252493110450950e-01	6.105035524596754554e-02	2.354688606944784629e-02	5.885693994808405272e-02
8.079076256804323748e+02	3.181489834023396579e-01	2.043299768315428033e-01	2.075559097109632711e-01	1.258997764341104608e-01	6.124781040950906530e-02	2.363538070163793622e-02	5.918216250958350383e-02
8.127453958940876646e+02	3.170663081356598356e-01	2.036180616154079914e-01	2.082703970978140307e-01	1.263717511289384199e-01	6.144419727731144365e-02	2.372406878651888568e-02	5.950521595803614366e-02
8.175831661077428407e+02	3.159900136457851061e-01	2.029101813901300899e-01	2.089800461380173779e-01	1.268411837622963056e-01	6.163952161063739055e-02	2.381293746987548157e-02	5.982611598294503008e-02
8.224209363213982442e+02	3.149200611314663112e-01	2.022063135059614658e-01	2.096848991764025116e-01	1.273080847173687358e-01	6.183378913840249791e-02	2.390197417256906959e-02	6.014487815751615868e-02
8.272587065350534203e+02	3.138564120496537546e-01	2.015064354352505416e-01	2.103849980401825137e-01	1.277724643924768588e-01	6.202700555737408056e-02	2.399116658545663583e-02	6.046151793929232382e-02
8.320964767487085965e+02	3.127990281134029327e-01	2.008105247718697806e-01	2.110803840470302228e-01	1.282343331998216651e-01	6.221917653236885837e-02	2.408050266440069087e-02	6.077605067079247525e-02
8.369342469623640000e+02	3.117478712898028026e-01	2.001185592306452543e-01	2.117710980130132759e-01	1.286937015642516391e-01	6.241030769644939635e-02	2.416997062536828389e-02	6.108849158015602909e-02
8.417720171760191761e+02	3.107029037979264219e-01	1.994305166467871815e-01	2.124571802603904824e-01	1.291505799220536987e-01	6.260040465111933738e-02	2.425955893961759605e-02	6.139885578179195280e-02
8.466097873896745796e+02	3.096640881068039031e-01	1.987463749753220488e-01	2.131386706252727248e-01	1.296049787197676717e-01	6.278947296651748999e-02	2.434925632897055187e-02	6.170715827703223549e-02
8.514475576033297557e+02	3.086313869334170734e-01	1.980661122905258420e-01	2.138156084651501310e-01	1.300569084130235309e-01	6.297751818161062554e-02	2.443905176116989431e-02	6.201341395478949386e-02
8.562853278169851592e+02	3.076047632407155064e-01	1.973897067853588039e-01	2.144880326662882142e-01	1.305063794654013343e-01	6.316454580438514432e-02	2.452893444531926287e-02	6.231763759221831817e-02
8.611230980306403353e+02	3.065841802356538692e-01	1.967171367709015239e-01	2.151559816509955592e-01	1.309534023473132303e-01	6.335056131203747887e-02	2.461889382740477597e-02	6.261984385538017783e-02
8.659608682442956251e+02	3.055696013672499212e-01	1.960483806757922220e-01	2.158194933847652763e-01	1.313979875349076398e-01	6.353557015116338691e-02	2.470891958589663609e-02	6.292004729991150513e-02
8.707986384579510286e+02	3.045609903246637717e-01	1.953834170456657526e-01	2.164786053832921942e-01	1.318401455089947549e-01	6.371957773794598157e-02	2.479900162742941505e-02	6.321826237169478335e-02
8.756364086716062047e+02	3.035583110352964020e-01	1.947222245425938303e-01	2.171333547193685654e-01	1.322798867539935197e-01	6.390258945834251247e-02	2.488913008255952755e-02	6.351450340753227175e-02
8.804741788852616082e+02	3.025615276629091688e-01	1.940647819445268096e-01	2.177837780296602577e-01	1.327172217568994006e-01	6.408461066827014774e-02	2.497929530159859537e-02	6.380878463582219384e-02
8.853119490989170117e+02	3.015706046057627931e-01	1.934110681447368807e-01	2.184299115213653164e-01	1.331521610062728067e-01	6.426564669379031258e-02	2.506948785052132145e-02	6.410112017723711142e-02
8.901497193125721878e+02	3.005855064947754451e-01	1.927610621512626521e-01	2.190717909787576190e-01	1.335847149912479381e-01	6.444570283129209820e-02	2.515969850694652760e-02	6.439152404540419983e-02
8.949874895262273640e+02	2.996061981917005901e-01	1.921147430863555106e-01	2.197094517696172311e-01	1.340148942005615074e-01	6.462478434767425506e-02	2.524991825619011393e-02	6.468001014758724410e-02
8.998252597398827675e+02	2.986326447873235979e-01	1.914720901859272018e-01	2.203429288515496576e-01	1.344427091216011394e-01	6.480289648052615925e-02	2.534013828738860066e-02	6.496659228537017550e-02
9.046630299535379436e+02	2.976648115996768373e-01	1.908330827989991596e-01	2.209722567781959579e-01	1.348681702394732285e-01	6.498004443830758536e-02	2.543034998969202765e-02	6.525128415534175996e-02
9.095008001671932334e+02	2.967026641722736446e-01	1.901977003871532512e-01	2.215974697053361420e-01	1.352912880360899184e-01	6.515623340052718870e-02	2.552054494852499383e-02	6.553409934978145224e-02
9.143385703808486369e+02	2.957461682723601659e-01	1.895659225239841039e-01	2.222186013968868168e-01	1.357120729892749011e-01	6.533146851792001608e-02	2.561071494191459810e-02	6.581505135734604106e-02
9.191763405945038130e+02	2.947952898891853524e-01	1.889377288945531252e-01	2.228356852307960267e-01	1.361305355718875898e-01	6.550575491262362882e-02	2.570085193688407404e-02	6.609415356375687722e-02
9.240141108081592165e+02	2.938499952322884967e-01	1.883130992948440496e-01	2.234487542048365361e-01	1.365466862509655821e-01	6.567909767835329593e-02	2.579094808591103974e-02	6.637141925248771224e-02
9.288518810218145063e+02	2.929102507298043667e-01	1.876920136312199838e-01	2.240578409422995798e-01	1.369605354868852487e-01	6.585150188057578569e-02	2.588099572344909616e-02	6.664686160545266191e-02
9.336896512354697961e+02	2.919760230267855472e-01	1.870744519198822009e-01	2.246629776975908599e-01	1.373720937325397518e-01	6.602297255668224119e-02	2.597098736251174031e-02	6.692049370369435035e-02
9.385274214491247449e+02	2.910472789835418239e-01	1.864603942863306552e-01	2.252641963617305620e-01	1.377813714325345218e-01	6.619351471615975147e-02	2.606091569131744126e-02	6.719232852807191514e-02
9.433651916627801484e+02	2.901239856739963319e-01	1.858498209648259403e-01	2.258615284677590596e-01	1.381883790224000264e-01	6.636313334076178461e-02	2.615077356999480351e-02	6.746237895994880440e-02
9.482029618764355519e+02	2.892061103840579683e-01	1.852427122978529683e-01	2.264550051960502464e-01	1.385931269278210254e-01	6.653183338467760777e-02	2.624055402734676648e-02	6.773065778188015751e-02
9.530407320900908417e+02	2.882936206100109033e-01	1.846390487355864252e-01	2.270446573795337486e-01	1.389956255638829241e-01	6.669961977470041659e-02	2.633025025767275068e-02	6.799717767829958903e-02
9.578785023037459041e+02	2.873864840569194112e-01	1.840388108353578633e-01	2.276305155088279852e-01	1.393958853343339743e-01	6.686649741039445149e-02	2.641985561764776183e-02	6.826195123620526495e-02
9.627162725174014213e+02	2.864846686370490780e-01	1.834419792611244326e-01	2.282126097372857987e-01	1.397939166308639070e-01	6.703247116426092056e-02	2.650936362325743284e-02	6.852499094584514616e-02
9.675540427310568248e+02	2.855881424683035519e-01	1.828485347829392760e-01	2.287909698859537377e-01	1.401897298323981633e-01	6.719754588190286759e-02	2.659876794678799408e-02	6.878630920140121896e-02
9.723918129447120009e+02	2.846968738726765591e-01	1.822584582764238958e-01	2.293656254484470192e-01	1.405833353044078082e-01	6.736172638218883291e-02	2.668806241387019357e-02	6.904591830167250421e-02
9.772295831583674044e+02	2.838108313747200184e-01	1.816717307222419919e-01	2.299366055957415278e-01	1.409747433982347087e-01	6.752501745741550099e-02	2.677724100057624762e-02	6.930383045075694248e-02
9.820673533720223531e+02	2.829299837000260887e-01	1.810883332055750472e-01	2.305039391808841875e-01	1.413639644504318671e-01	6.768742387346919631e-02	2.686629783056885060e-02	6.956005775873178032e-02
9.869051235856777566e+02	2.820542997737249813e-01	1.805082469155998848e-01	2.310676547436234796e-01	1.417510087821185483e-01	6.784895036998633833e-02	2.695522717230128956e-02	6.981461224233243001e-02
9.917428937993331601e+02	2.811837487189972618e-01	1.799314531449677235e-01	2.316277805149614677e-01	1.421358866983500613e-01	6.800960166051270295e-02	2.704402343626784166e-02	7.006750582562981666e-02
9.965806640129884499e+02	2.803182998556006944e-01	1.793579332892851763e-01	2.321843444216283303e-01	1.425186084875017800e-01	6.816938243266165709e-02	2.713268117230346541e-02	7.031875034070578234e-02
1.001418434226643626e+03	2.794579226984109099e-01	1.787876688465968866e-01	2.327373740904814803e-01	1.428991844206674577e-01	6.832829734827139401e-02	2.722119506693198090e-02	7.056835752832682496e-02
1.006256204440298802e+03	2.786025869559768942e-01	1.782206414168700515e-01	2.332868968528300224e-01	1.432776247510713363e-01	6.848635104356091963e-02	2.730955994076184751e-02	7.081633903861581092e-02
1.011093974653954206e+03	2.777522625290901881e-01	1.776568327014807769e-01	2.338329397486864081e-01	1.436539397134941332e-01	6.864354812928513683e-02	2.739777074592868525e-02	7.106270643172156454e-02
1.015931744867609382e+03	2.769069195093675773e-01	1.770962245027020154e-01	2.343755295309460640e-01	1.440281395237122120e-01	6.879989319088875011e-02	2.748582256358374221e-02	7.130747117848640348e-02
1.020769515081264785e+03	2.760665281778481583e-01	1.765387987231935574e-01	2.349146926694968274e-01	1.444002343779502429e-01	6.895539078865921268e-02	2.757371060142747507e-02	7.155064466111137056e-02
1.025607285294920075e+03	2.752310590036025073e-01	1.759845373654936318e-01	2.354504553552587975e-01	1.447702344523467965e-01	6.911004545787852171e-02	2.766143019128741373e-02	7.179223817381913397e-02
1.030445055508575479e+03	2.744004826423565579e-01	1.754334225315125617e-01	2.359828435041567418e-01	1.451381499024327892e-01	6.926386170897406991e-02	2.774897678673959173e-02	7.203226292351448679e-02
1.035282825722230655e+03	2.735747699351276374e-01	1.748854364220279178e-01	2.365118827610252772e-01	1.455039908626225009e-01	6.941684402766840067e-02	2.783634596077268208e-02	7.227073003044236221e-02
1.040120595935886058e+03	2.727538919068737133e-01	1.743405613361818929e-01	2.370375985034488542e-01	1.458677674457170559e-01	6.956899687512792252e-02	2.792353340349418289e-02	7.250765052884321216e-02
1.044958366149541234e+03	2.719378197651553530e-01	1.737987796709801191e-01	2.375600158455371258e-01	1.462294897424200879e-01	6.972032468811065198e-02	2.801053491987779212e-02	7.274303536760574895e-02
1.049796136363196410e+03	2.711265248988102838e-01	1.732600739207925955e-01	2.380791596416374223e-01	1.465891678208653126e-01	6.987083187911288795e-02	2.809734642755134723e-02	7.297689541091705034e-02
1.054633906576851814e+03	2.703199788766404987e-01	1.727244266768565018e-01	2.385950544899846926e-01	1.469468117261560902e-01	7.002052283651490072e-02	2.818396395462453158e-02	7.320924143890972235e-02
1.059471676790506763e+03	2.695181534461114081e-01	1.721918206267805396e-01	2.391077247362908831e-01	1.473024314799164791e-01	7.016940192472562177e-02	2.827038363755568842e-02	7.344008414830631437e-02
1.064309447004162394e+03	2.687210205320634260e-01	1.716622385540515217e-01	2.396171944772742257e-01	1.476560370798536970e-01	7.031747348432629274e-02	2.835660171905701743e-02	7.366943415306077825e-02
1.069147217217817570e+03	2.679285522354350468e-01	1.711356633375426262e-01	2.401234875641298228e-01	1.480076384993318783e-01	7.046474183221315690e-02	2.844261454603751182e-02	7.389730198499688818e-02
1.073984987431472746e+03	2.671407208319985238e-01	1.706120779510233998e-01	2.406266276059423892e-01	1.483572456869567679e-01	7.061121126173919293e-02	2.852841856758291453e-02	7.412369809444377400e-02
1.078822757645127922e+03	2.663574987711063158e-01	1.700914654626719535e-01	2.411266379730422349e-01	1.487048685661714054e-01	7.075688604285475247e-02	2.861401033297207921e-02	7.434863285086820706e-02
1.083660527858783553e+03	2.655788586744498025e-01	1.695738090345887128e-01	2.416235418003057078e-01	1.490505170348624120e-01	7.090177042224739268e-02	2.869938648972907361e-02	7.457211654350380525e-02
1.088498298072438729e+03	2.648047733348290467e-01	1.690590919223122768e-01	2.421173619904007923e-01	1.493942009649766867e-01	7.104586862348061249e-02	2.878454378171038663e-02	7.479415938197707392e-02
1.093336068286093905e+03	2.640352157149338796e-01	1.685472974743370267e-01	2.426081212169789170e-01	1.497359302021486205e-01	7.118918484713163131e-02	2.886947904722663577e-02	7.501477149693014379e-02
1.098173838499749309e+03	2.632701589461360347e-01	1.680384091316326767e-01	2.430958419278141658e-01	1.500757145653372482e-01	7.133172327092830722e-02	2.895418921719812577e-02	7.523396294064030321e-02
1.103011608713404712e+03	2.625095763272923821e-01	1.675324104271657122e-01	2.435805463478903921e-01	1.504135638464735580e-01	7.147348804988502835e-02	2.903867131334370022e-02	7.545174368763613026e-02
1.107849378927059888e+03	2.617534413235588775e-01	1.670292849854226602e-01	2.440622564824376783e-01	1.507494878101174329e-01	7.161448331643768817e-02	2.912292244640227526e-02	7.566812363531030816e-02
1.112687149140715292e+03	2.610017275652155022e-01	1.665290165219353302e-01	2.445409941199186143e-01	1.510834961931243337e-01	7.175471318057770331e-02	2.920693981438646572e-02	7.588311260452902662e-02
1.117524919354370468e+03	2.602544088465013616e-01	1.660315888428078868e-01	2.450167808349654475e-01	1.514155987043213913e-01	7.189418172998514323e-02	2.929072070086775545e-02	7.609672034023799714e-02
1.122362689568025871e+03	2.595114591244604973e-01	1.655369858442459208e-01	2.454896379912691051e-01	1.517458050241929368e-01	7.203289303016091605e-02	2.937426247329263593e-02	7.630895651206487384e-02
1.127200459781681047e+03	2.587728525177982464e-01	1.650451915120872970e-01	2.459595867444207828e-01	1.520741248045750227e-01	7.217085112455798313e-02	2.945756258132917541e-02	7.651983071491834376e-02
1.132038229995336451e+03	2.580385633057472039e-01	1.645561899213349721e-01	2.464266480447068752e-01	1.524005676683589938e-01	7.230806003471181020e-02	2.954061855524345304e-02	7.672935246958351163e-02
1.136876000208991627e+03	2.573085659269438996e-01	1.640699652356916727e-01	2.468908426398582767e-01	1.527251432092038841e-01	7.244452376036980557e-02	2.962342800430538617e-02	7.693753122331392635e-02
1.141713770422646803e+03	2.565828349783148554e-01	1.635865017070965988e-01	2.473521910777548016e-01	1.530478609912576116e-01	7.258024627961978670e-02	2.970598861522335404e-02	7.714437635041983266e-02
1.146551540636302207e+03	2.558613452139731903e-01	1.631057836752637935e-01	2.478107137090854728e-01	1.533687305488865005e-01	7.271523154901779473e-02	2.978829815060716341e-02	7.734989715285296719e-02
1.151389310849957155e+03	2.551440715441241069e-01	1.626277955672227049e-01	2.482664306899654005e-01	1.536877613864133518e-01	7.284948350371477088e-02	2.987035444745883214e-02	7.755410286078766313e-02
1.156227081063612786e+03	2.544309890339809810e-01	1.621525218968603854e-01	2.487193619845102788e-01	1.540049629778636464e-01	7.298300605758251125e-02	2.995215541569069134e-02	7.775700263319830496e-02
1.161064851277267962e+03	2.537220729026898880e-01	1.616799472644658564e-01	2.491695273673688316e-01	1.543203447667199912e-01	7.311580310333876120e-02	3.003369903667034088e-02	7.795860555843314721e-02
1.165902621490923138e+03	2.530172985222644000e-01	1.612100563562761379e-01	2.496169464262142923e-01	1.546339161656842820e-01	7.324787851267131056e-02	3.011498336179195545e-02	7.815892065478446948e-02
1.170740391704578315e+03	2.523166414165289861e-01	1.607428339440243603e-01	2.500616385641957207e-01	1.549456865564479424e-01	7.337923613636133935e-02	3.019600651107350042e-02	7.835795687105497065e-02
1.175578161918233945e+03	2.516200772600722946e-01	1.602782648844897351e-01	2.505036230023493515e-01	1.552556652894696299e-01	7.350987980440591707e-02	3.027676667177938222e-02	7.855572308712052698e-02
1.180415932131889122e+03	2.509275818772087607e-01	1.598163341190493858e-01	2.509429187819713913e-01	1.555638616837605459e-01	7.363981332613959985e-02	3.035726209706808565e-02	7.875222811448918947e-02
1.185253702345544298e+03	2.502391312409495971e-01	1.593570266732320662e-01	2.513795447669521232e-01	1.558702850266772133e-01	7.376904049035518107e-02	3.043749110466434371e-02	7.894748069685647573e-02
1.190091472559199701e+03	2.495547014719826096e-01	1.589003276562739597e-01	2.518135196460730141e-01	1.561749445737214137e-01	7.389756506542373427e-02	3.051745207555543044e-02	7.914148951065687332e-02
1.194929242772855105e+03	2.488742688376606726e-01	1.584462222606761728e-01	2.522448619352662957e-01	1.564778495483473697e-01	7.402539079941367062e-02	3.059714345271113620e-02	7.933426316561166536e-02
1.199767012986510281e+03	2.481978097509988934e-01	1.579946957617643366e-01	2.526735899798389084e-01	1.567790091417758380e-01	7.415252142020906101e-02	3.067656373982698831e-02	7.952581020527295375e-02
1.204604783200165684e+03	2.475253007696802676e-01	1.575457335172499029e-01	2.530997219566601952e-01	1.570784325128152248e-01	7.427896063562715312e-02	3.075571150009032140e-02	7.971613910756392141e-02
1.209442553413820860e+03	2.468567185950698850e-01	1.570993209667934098e-01	2.535232758763152905e-01	1.573761287876892789e-01	7.440471213353500035e-02	3.083458535496879163e-02	7.990525828531533370e-02
1.214280323627476264e+03	2.461920400712374057e-01	1.566554436315697740e-01	2.539442695852236476e-01	1.576721070598716135e-01	7.452977958196541075e-02	3.091318398302094969e-02	8.009317608679827893e-02
1.219118093841131440e+03	2.455312421839878634e-01	1.562140871138354148e-01	2.543627207677235935e-01	1.579663763899265827e-01	7.465416662923202162e-02	3.099150611872844227e-02	8.027990079625314801e-02
1.223955864054786844e+03	2.448743020599006004e-01	1.557752370964971544e-01	2.547786469481246874e-01	1.582589458053567377e-01	7.477787690404356924e-02	3.106955055134949170e-02	8.046544063441483929e-02
1.228793634268442020e+03	2.442211969653763359e-01	1.553388793426831727e-01	2.551920654927264387e-01	1.585498243004563323e-01	7.490091401561739526e-02	3.114731612379326858e-02	8.064980375903413323e-02
1.233631404482097196e+03	2.435719043056920052e-01	1.549049996953157926e-01	2.556029936118056067e-01	1.588390208361712685e-01	7.502328155379225927e-02	3.122480173151478272e-02	8.083299826539534771e-02
1.238469174695752372e+03	2.429264016240638702e-01	1.544735840766862378e-01	2.560114483615717473e-01	1.591265443399648150e-01	7.514498308914026314e-02	3.130200632142992462e-02	8.101503218683024643e-02
1.243306944909407548e+03	2.422846666007180405e-01	1.540446184880311098e-01	2.564174466460918955e-01	1.594124037056895149e-01	7.526602217307802600e-02	3.137892889085032444e-02	8.119591349522814472e-02
1.248144715123063179e+03	2.416466770519689611e-01	1.536180890091109197e-01	2.568210052191854387e-01	1.596966077934647565e-01	7.538640233797717916e-02	3.145556848643761561e-02	8.137565010154222678e-02
1.252982485336718355e+03	2.410124109293054484e-01	1.531939817977904239e-01	2.572221406862880144e-01	1.599791654295602272e-01	7.550612709727404226e-02	3.153192420317685318e-02	8.155424985629215751e-02
1.257820255550373531e+03	2.403818463184843324e-01	1.527722830896209028e-01	2.576208695062872089e-01	1.602600854062846414e-01	7.562519994557856395e-02	3.160799518336864650e-02	8.173172055006289183e-02
1.262658025764028707e+03	2.397549614386314532e-01	1.523529791974242986e-01	2.580172079933288898e-01	1.605393764818805191e-01	7.574362435878252697e-02	3.168378061563976306e-02	8.190806991399977866e-02
1.267495795977684338e+03	2.391317346413500688e-01	1.519360565108791861e-01	2.584111723185953391e-01	1.608170473804239053e-01	7.586140379416701773e-02	3.175927973397180137e-02	8.208330562029990396e-02
1.272333566191339514e+03	2.385121444098367849e-01	1.515215014961086848e-01	2.588027785120556867e-01	1.610931067917295845e-01	7.597854169050914652e-02	3.183449181674765510e-02	8.225743528269968685e-02
1.277171336404994690e+03	2.378961693580042835e-01	1.511093006952702322e-01	2.591920424641889209e-01	1.613675633712614854e-01	7.609504146818812931e-02	3.190941618581542849e-02	8.243046645695878416e-02
1.282009106618650094e+03	2.372837882296116030e-01	1.506994407261471325e-01	2.595789799276799759e-01	1.616404257400482214e-01	7.621090652929049525e-02	3.198405220556956724e-02	8.260240664134022026e-02
1.286846876832305497e+03	2.366749798974012442e-01	1.502919082817422702e-01	2.599636065190897849e-01	1.619117024846035702e-01	7.632614025771472521e-02	3.205839928204876760e-02	8.277326327708689480e-02
1.291684647045960673e+03	2.360697233622432445e-01	1.498866901298732124e-01	2.603459377204990766e-01	1.621814021568519226e-01	7.644074601927512702e-02	3.213245686205043472e-02	8.294304374889430176e-02
1.296522417259616077e+03	2.354679977522863565e-01	1.494837731127696412e-01	2.607259888811267468e-01	1.624495332740584219e-01	7.655472716180500292e-02	3.220622443226146825e-02	8.311175538537964036e-02
1.301360187473271253e+03	2.348697823221159997e-01	1.490831441466723972e-01	2.611037752189235839e-01	1.627161043187640710e-01	7.666808701525909542e-02	3.227970151840495877e-02	8.327940545954723439e-02
1.306197957686926657e+03	2.342750564519186784e-01	1.486847902214343820e-01	2.614793118221407364e-01	1.629811237387252809e-01	7.678082889181542248e-02	3.235288768440259394e-02	8.344600118925020460e-02
1.311035727900581833e+03	2.336837996466536171e-01	1.482886984001234032e-01	2.618526136508747548e-01	1.632445999468579989e-01	7.689295608597641885e-02	3.242578253155244117e-02	8.361154973764865772e-02
1.315873498114237009e+03	2.330959915352306677e-01	1.478948558186267970e-01	2.622236955385883750e-01	1.635065413211862773e-01	7.700447187466927246e-02	3.249838569772189184e-02	8.377605821366405914e-02
1.320711268327892412e+03	2.325116118696946843e-01	1.475032496852580199e-01	2.625925721936080426e-01	1.637669562047952831e-01	7.711537951734573348e-02	3.257069685655547553e-02	8.393953367243016384e-02
1.325549038541547588e+03	2.319306405244166702e-01	1.471138672803648517e-01	2.629592582005987889e-01	1.640258529057884995e-01	7.722568225608118786e-02	3.264271571669721816e-02	8.410198311574017260e-02
1.330386808755202765e+03	2.313530574952911700e-01	1.467266959559396233e-01	2.633237680220164023e-01	1.642832396972492559e-01	7.733538331567309243e-02	3.271444202102742616e-02	8.426341349249036328e-02
1.335224578968857941e+03	2.307788428989401008e-01	1.463417231352313053e-01	2.636861159995373960e-01	1.645391248172061449e-01	7.744448590373868846e-02	3.278587554591347319e-02	8.442383169912019703e-02
1.340062349182513572e+03	2.302079769719225233e-01	1.459589363123592609e-01	2.640463163554673809e-01	1.647935164686026577e-01	7.755299321081221553e-02	3.285701610047447874e-02	8.458324458004881641e-02
1.344900119396168748e+03	2.296404400699512405e-01	1.455783230519288596e-01	2.644043831941277345e-01	1.650464228192707605e-01	7.766090841044125115e-02	3.292786352585955201e-02	8.474165892810792133e-02
1.349737889609823924e+03	2.290762126671149757e-01	1.451998709886491157e-01	2.647603305032217302e-01	1.652978520019082465e-01	7.776823465928263401e-02	3.299841769453937257e-02	8.489908148497127272e-02
1.354575659823479100e+03	2.285152753551067950e-01	1.448235678269518822e-01	2.651141721551796837e-01	1.655478121140599168e-01	7.787497509719759625e-02	3.306867850961090621e-02	8.505551894158054627e-02
1.359413430037134731e+03	2.279576088424587754e-01	1.444494013406130706e-01	2.654659219084838373e-01	1.657963112181025378e-01	7.798113284734635442e-02	3.313864590411499250e-02	8.521097793856774461e-02
1.364251200250789907e+03	2.274031939537823344e-01	1.440773593723754242e-01	2.658155934089735384e-01	1.660433573412333219e-01	7.808671101628202049e-02	3.320831984036654722e-02	8.536546506667415379e-02
1.369088970464445310e+03	2.268520116290146382e-01	1.437074298335734024e-01	2.661632001911303225e-01	1.662889584754620731e-01	7.819171269404390223e-02	3.327770030929725481e-02	8.551898686716576103e-02
1.373926740678100487e+03	2.263040429226707562e-01	1.433396007037595898e-01	2.665087556793443446e-01	1.665331225776068014e-01	7.829614095425019293e-02	3.334678732981038313e-02	8.567154983224531395e-02
1.378764510891755890e+03	2.257592690031015037e-01	1.429738600303331608e-01	2.668522731891614375e-01	1.667758575692926681e-01	7.839999885419007830e-02	3.341558094814763707e-02	8.582316040546093816e-02
1.383602281105411066e+03	2.252176711517572538e-01	1.426101959281698139e-01	2.671937659285117395e-01	1.670171713369544286e-01	7.850328943491519107e-02	3.348408123726778068e-02	8.597382498211121604e-02
1.388440051319066470e+03	2.246792307624572715e-01	1.422485965792538998e-01	2.675332469989198381e-01	1.672570717318420386e-01	7.860601572133045500e-02	3.355228829623679854e-02	8.612354990964714296e-02
1.393277821532721646e+03	2.241439293406644606e-01	1.418890502323119085e-01	2.678707293966972047e-01	1.674955665700295082e-01	7.870818072228441542e-02	3.362020224962943005e-02	8.627234148807044756e-02
1.398115591746377049e+03	2.236117485027659946e-01	1.415315452024480392e-01	2.682062260141169219e-01	1.677326636324269205e-01	7.880978743065890357e-02	3.368782324694185454e-02	8.642020597032869234e-02
1.402953361960032225e+03	2.230826699753592490e-01	1.411760698707814066e-01	2.685397496405706463e-01	1.679683706647954744e-01	7.891083882345809042e-02	3.375515146201532590e-02	8.656714956270707140e-02
1.407791132173687402e+03	2.225566755945430908e-01	1.408226126840850523e-01	2.688713129637091970e-01	1.682026953777654987e-01	7.901133786189708241e-02	3.382218709247058336e-02	8.671317842521676644e-02
1.412628902387342805e+03	2.220337473052147181e-01	1.404711621544266764e-01	2.692009285705654897e-01	1.684356454468575737e-01	7.911128749148979566e-02	3.388893035915283014e-02	8.685829867198018028e-02
1.417466672600997981e+03	2.215138671603717191e-01	1.401217068588111458e-01	2.695286089486618741e-01	1.686672285125063731e-01	7.921069064213631661e-02	3.395538150558705809e-02	8.700251637161275642e-02
1.422304442814653157e+03	2.209970173204194033e-01	1.397742354388248898e-01	2.698543664871006498e-01	1.688974521800873652e-01	7.930955022820970757e-02	3.402154079744362791e-02	8.714583754760160672e-02
1.427142213028308333e+03	2.204831800524834906e-01	1.394287366002817108e-01	2.701782134776386513e-01	1.691263240199463169e-01	7.940786914864227108e-02	3.408740852201381372e-02	8.728826817868097498e-02
1.431979983241963964e+03	2.199723377297277127e-01	1.390851991128707055e-01	2.705001621157466229e-01	1.693538515674314904e-01	7.950565028701120363e-02	3.415298498769520769e-02	8.742981419920430042e-02
1.436817753455619140e+03	2.194644728306767156e-01	1.387436118098057114e-01	2.708202245016526621e-01	1.695800423229283649e-01	7.960289651162370805e-02	3.421827052348678372e-02	8.757048149951331129e-02
1.441655523669274316e+03	2.189595679385439864e-01	1.384039635874765029e-01	2.711384126413708962e-01	1.698049037518970794e-01	7.969961067560150936e-02	3.428326547849344652e-02	8.771027592630382952e-02
1.446493293882929493e+03	2.184576057405648308e-01	1.380662434051018184e-01	2.714547384477150049e-01	1.700284432849123173e-01	7.979579561696499568e-02	3.434797022143988576e-02	8.784920328298842507e-02
1.451331064096585123e+03	2.179585690273342091e-01	1.377304402843839148e-01	2.717692137412973108e-01	1.702506683177056612e-01	7.989145415871660993e-02	3.441238514019365202e-02	8.798726933005598938e-02
1.456168834310240300e+03	2.174624406921495945e-01	1.373965433091650645e-01	2.720818502515132131e-01	1.704715862112104185e-01	7.998658910892379736e-02	3.447651064129708676e-02	8.812447978542817251e-02
1.461006604523895703e+03	2.169692037303586896e-01	1.370645416250855786e-01	2.723926596175119119e-01	1.706912042916087224e-01	8.008120326080142570e-02	3.454034714950825202e-02	8.826084032481273933e-02
1.465844374737550879e+03	2.164788412387119443e-01	1.367344244392436625e-01	2.727016533891528649e-01	1.709095298503809368e-01	8.017529939279371964e-02	3.460389510735039503e-02	8.839635658205385882e-02
1.470682144951206283e+03	2.159913364147197368e-01	1.364061810198568259e-01	2.730088430279485889e-01	1.711265701443573373e-01	8.026888026865554304e-02	3.466715497466997531e-02	8.853103414947939565e-02
1.475519915164861459e+03	2.155066725560145779e-01	1.360798006959252071e-01	2.733142399079940832e-01	1.713423323957720679e-01	8.036194863753327866e-02	3.473012722820311565e-02	8.866487857824510710e-02
1.480357685378516862e+03	2.150248330597177293e-01	1.357552728568963141e-01	2.736178553168832073e-01	1.715568237923190131e-01	8.045450723404515281e-02	3.479281236115017162e-02	8.879789537867591176e-02
1.485195455592172038e+03	2.145458014218105391e-01	1.354325869523316794e-01	2.739197004566117366e-01	1.717700514872100015e-01	8.054655877836103262e-02	3.485521088275845419e-02	8.893009002060410506e-02
1.490033225805827215e+03	2.140695612365104139e-01	1.351117324915749873e-01	2.742197864444679833e-01	1.719820225992349239e-01	8.063810597628172372e-02	3.491732331791280036e-02	8.906146793370468828e-02
1.494870996019482618e+03	2.135960961956513415e-01	1.347926990434221151e-01	2.745181243139104832e-01	1.721927442128239338e-01	8.072915151931780997e-02	3.497915020673401931e-02	8.919203450782774156e-02
1.499708766233137567e+03	2.131253900880689112e-01	1.344754762357927014e-01	2.748147250154335808e-01	1.724022233781115077e-01	8.081969808476791028e-02	3.504069210418490204e-02	8.932179509332788259e-02
1.504546536446793198e+03	2.126574267989898015e-01	1.341600537554032690e-01	2.751095994174208581e-01	1.726104671110023359e-01	8.090974833579651915e-02	3.510194957968378049e-02	8.945075500139078317e-02
1.509384306660448374e+03	2.121921903094255712e-01	1.338464213474421516e-01	2.754027583069866836e-01	1.728174823932393800e-01	8.099930492151127814e-02	3.516292321672546961e-02	8.957891950435688255e-02
1.514222076874103550e+03	2.117296646955711681e-01	1.335345688152459742e-01	2.756942123908054376e-01	1.730232761724733448e-01	8.108837047703987277e-02	3.522361361250940515e-02	8.970629383604225571e-02
1.519059847087758726e+03	2.112698341282072956e-01	1.332244860199779668e-01	2.759839722959301356e-01	1.732278553623342043e-01	8.117694762360630478e-02	3.528402137757496310e-02	8.983288319205659511e-02
1.523897617301414357e+03	2.108126828721076929e-01	1.329161628803077200e-01	2.762720485705988938e-01	1.734312268425042547e-01	8.126503896860683140e-02	3.534414713544369036e-02	8.995869273011845857e-02
1.528735387515069533e+03	2.103581952854499948e-01	1.326095893720924679e-01	2.765584516850306818e-01	1.736333974587930540e-01	8.135264710568525237e-02	3.540399152226846730e-02	9.008372757036764433e-02
1.533573157728724709e+03	2.099063558192313383e-01	1.323047555280603693e-01	2.768431920322099171e-01	1.738343740232137502e-01	8.143977461480796098e-02	3.546355518648935945e-02	9.020799279567492945e-02
1.538410927942380113e+03	2.094571490166880490e-01	1.320016514374950378e-01	2.771262799286601242e-01	1.740341633140612132e-01	8.152642406233824579e-02	3.552283878849609583e-02	9.033149345194889379e-02
1.543248698156035516e+03	2.090105595127191573e-01	1.317002672459219870e-01	2.774077256152072679e-01	1.742327720759915544e-01	8.161259800111039797e-02	3.558184300029708369e-02	9.045423454844021827e-02
1.548086468369690692e+03	2.085665720333144957e-01	1.314005931547963524e-01	2.776875392577325408e-01	1.744302070201032562e-01	8.169829897050318035e-02	3.564056850519474462e-02	9.057622105804313817e-02
1.552924238583346096e+03	2.081251713949864579e-01	1.311026194211925011e-01	2.779657309479145466e-01	1.746264748240198283e-01	8.178352949651289394e-02	3.569901599746717891e-02	9.069745791759430131e-02
1.557762008797001272e+03	2.076863425042061451e-01	1.308063363574951121e-01	2.782423107039619925e-01	1.748215821319736851e-01	8.186829209182598655e-02	3.575718618205592225e-02	9.081795002816894780e-02
1.562599779010656675e+03	2.072500703568431746e-01	1.305117343310918110e-01	2.785172884713357222e-01	1.750155355548916325e-01	8.195258925589121723e-02	3.581507977425982259e-02	9.093770225537439744e-02
1.567437549224311852e+03	2.068163400376097361e-01	1.302188037640675256e-01	2.787906741234616459e-01	1.752083416704816321e-01	8.203642347499141840e-02	3.587269749943480107e-02	9.105671942964105314e-02
1.572275319437967255e+03	2.063851367195083386e-01	1.299275351329002293e-01	2.790624774624335114e-01	1.754000070233208142e-01	8.211979722231471657e-02	3.593004009269947646e-02	9.117500634651069802e-02
1.577113089651622431e+03	2.059564456632835827e-01	1.296379189681584609e-01	2.793327082197067379e-01	1.755905381249449060e-01	8.220271295802535072e-02	3.598710829864646549e-02	9.129256776692226683e-02
1.581950859865277607e+03	2.055302522168778179e-01	1.293499458542002045e-01	2.796013760567824247e-01	1.757799414539387706e-01	8.228517312933414374e-02	3.604390287105938007e-02	9.140940841749509160e-02
1.586788630078933011e+03	2.051065418148904640e-01	1.290636064288734064e-01	2.798684905658823108e-01	1.759682234560283332e-01	8.236718017056841867e-02	3.610042457263528543e-02	9.152553299080957994e-02
1.591626400292587959e+03	2.046852999780413296e-01	1.287788913832182414e-01	2.801340612706152422e-01	1.761553905441735068e-01	8.244873650324152647e-02	3.615667417471262607e-02	9.164094614568535357e-02
1.596464170506243590e+03	2.042665123126374549e-01	1.284957914611705165e-01	2.803980976266340353e-01	1.763414490986623395e-01	8.252984453612201288e-02	3.621265245700444613e-02	9.175565250745702783e-02
1.601301940719898766e+03	2.038501645100438686e-01	1.282142974592669904e-01	2.806606090222842909e-01	1.765264054672062710e-01	8.261050666530220243e-02	3.626836020733684857e-02	9.186965666824742360e-02
1.606139710933553943e+03	2.034362423461579250e-01	1.279344002263520519e-01	2.809216047792438831e-01	1.767102659650364727e-01	8.269072527426660213e-02	3.632379822139261000e-02	9.198296318723830911e-02
1.610977481147209119e+03	2.030247316808873603e-01	1.276560906632859538e-01	2.811810941531550090e-01	1.768930368750012139e-01	8.277050273395963886e-02	3.637896730245980537e-02	9.209557659093883797e-02
1.615815251360864750e+03	2.026156184576318464e-01	1.273793597226545171e-01	2.814390863342470239e-01	1.770747244476643389e-01	8.284984140285317489e-02	3.643386826118544253e-02	9.220750137345147535e-02
1.620653021574519926e+03	2.022088887027682913e-01	1.271041984084805287e-01	2.816955904479516160e-01	1.772553349014044932e-01	8.292874362701350976e-02	3.648850191533389159e-02	9.231874199673555104e-02
1.625490791788175102e+03	2.018045285251396093e-01	1.268305977759363601e-01	2.819506155555096538e-01	1.774348744225155705e-01	8.300721174016800763e-02	3.654286908955015067e-02	9.242930289086852269e-02
1.630328562001830505e+03	2.014025241155470713e-01	1.265585489310583900e-01	2.822041706545704853e-01	1.776133491653079655e-01	8.308524806377129424e-02	3.659697061512775379e-02	9.253918845430486595e-02
1.635166332215485909e+03	2.010028617462460976e-01	1.262880430304627044e-01	2.824562646797833532e-01	1.777907652522106585e-01	8.316285490707114869e-02	3.665080732978133471e-02	9.264840305413256372e-02
1.640004102429141085e+03	2.006055277704454354e-01	1.260190712810624059e-01	2.827069065033807616e-01	1.779671287738742447e-01	8.324003456717386784e-02	3.670438007742366643e-02	9.275695102632743050e-02
1.644841872642796488e+03	2.002105086218101404e-01	1.257516249397864216e-01	2.829561049357549041e-01	1.781424457892748225e-01	8.331678932910931146e-02	3.675768970794719703e-02	9.286483667600503589e-02
1.649679642856451665e+03	1.998177908139673886e-01	1.254856953132996444e-01	2.832038687260263199e-01	1.783167223258186329e-01	8.339312146589555885e-02	3.681073707700988767e-02	9.297206427767043535e-02
1.654517413070107068e+03	1.994273609400162850e-01	1.252212737577246549e-01	2.834502065626053335e-01	1.784899643794474744e-01	8.346903323860313528e-02	3.686352304582538042e-02	9.307863807546559731e-02
1.659355183283762244e+03	1.990392056720405312e-01	1.249583516783650122e-01	2.836951270737463338e-01	1.786621779147449518e-01	8.354452689641890528e-02	3.691604848095734331e-02	9.318456228341474856e-02
1.664192953497417420e+03	1.986533117606246179e-01	1.246969205294297389e-01	2.839386388280952245e-01	1.788333688650433906e-01	8.361960467670956354e-02	3.696831425411797184e-02	9.328984108566729105e-02
1.669030723711072824e+03	1.982696660343734041e-01	1.244369718137595116e-01	2.841807503352294928e-01	1.790035431325314175e-01	8.369426880508469557e-02	3.702032124197053575e-02	9.339447863673876193e-02
1.673868493924728000e+03	1.978882553994347482e-01	1.241784970825541706e-01	2.844214700461916712e-01	1.791727065883623182e-01	8.376852149545957471e-02	3.707207032593588802e-02	9.349847906174948986e-02
1.678706264138383403e+03	1.975090668390255266e-01	1.239214879351016735e-01	2.846608063540161937e-01	1.793408650727629783e-01	8.384236495011747337e-02	3.712356239200289426e-02	9.360184645666111414e-02
1.683544034352038352e+03	1.971320874129608713e-01	1.236659360185085738e-01	2.848987675942494802e-01	1.795080243951434618e-01	8.391580135977166899e-02	3.717479833054275484e-02	9.370458488851104994e-02
1.688381804565693983e+03	1.967573042571864050e-01	1.234118330274318054e-01	2.851353620454635251e-01	1.796741903342072566e-01	8.398883290362707532e-02	3.722577903612699773e-02	9.380669839564480250e-02
1.693219574779349159e+03	1.963847045833139460e-01	1.231591707038119932e-01	2.853705979297629924e-01	1.798393686380619916e-01	8.406146174944145733e-02	3.727650540734925300e-02	9.390819098794619957e-02
1.698057344993004335e+03	1.960142756781600715e-01	1.229079408366081233e-01	2.856044834132863142e-01	1.800035650243307916e-01	8.413369005358635466e-02	3.732697834665064246e-02	9.400906664706551452e-02
1.702895115206659511e+03	1.956460049032878179e-01	1.226581352615336296e-01	2.858370266067002952e-01	1.801667851802641329e-01	8.420551996110763049e-02	3.737719876014872905e-02	9.410932932664563266e-02
1.707732885420315142e+03	1.952798796945516280e-01	1.224097458607939087e-01	2.860682355656883891e-01	1.803290347628523083e-01	8.427695360578561778e-02	3.742716755746997026e-02	9.420898295254610810e-02
1.712570655633970318e+03	1.949158875616451847e-01	1.221627645628252101e-01	2.862981182914336453e-01	1.804903193989381427e-01	8.434799311019496038e-02	3.747688565158560636e-02	9.430803142306522224e-02
