7.546921533302243006e+02	3.302614453999251354e-01	2.126500637024751894e-01	1.995121282027086385e-01	1.204427346401497206e-01	5.904149055907353255e-02	2.267673651929989764e-02	5.541540097605272136e-02
7.595299235438793630e+02	3.291079007342323504e-01	2.118903948627433309e-01	2.002788643283079373e-01	1.209521828633750296e-01	5.924929732251144054e-02	2.276416959114299296e-02	5.575719029737170179e-02
7.643676937575347665e+02	3.279611596891996439e-01	2.111350377157093505e-01	2.010403427780741992e-01	1.214587209789077249e-01	5.945600478389437976e-02	2.285187265724600639e-02	5.609686139665349958e-02
7.692054639711900563e+02	3.268211809610704899e-01	2.103839678670161861e-01	2.017966101488852804e-01	1.219623642747908743e-01	5.966161828170315345e-02	2.293983173272318155e-02	5.643442673349564204e-02
7.740432341848452324e+02	3.256879235172899234e-01	2.096371610580187450e-01	2.025477124753271851e-01	1.224631279840985437e-01	5.986614313512207686e-02	2.302803311765610692e-02	5.676989871217222317e-02
7.788810043985006359e+02	3.245613465943906761e-01	2.088945931650727506e-01	2.032936952380689499e-01	1.229610272846196062e-01	6.006958464399640013e-02	2.311646339204759953e-02	5.710328968148883910e-02
7.837187746121558121e+02	3.234414096959009055e-01	2.081562401988266142e-01	2.040346033721007202e-01	1.234560772985547616e-01	6.027194808879231258e-02	2.320510941086173853e-02	5.743461193464778625e-02
7.885565448258112156e+02	3.223280725902730182e-01	2.074220783035159998e-01	2.047704812748378511e-01	1.239482930922263665e-01	6.047323873055945875e-02	2.329395829914867114e-02	5.776387770912343872e-02
7.933943150394665054e+02	3.212212953088335876e-01	2.066920837562617741e-01	2.055013728140923646e-01	1.244376896758011553e-01	6.067346181089586232e-02	2.338299744725263682e-02	5.809109918654743743e-02
7.982320852531219089e+02	3.201210381437535335e-01	2.059662329663704272e-01	2.062273213359150370e-01	1.249242820030250778e-01	6.087262255191523003e-02	2.347221450610194673e-02	5.841628849260351725e-02
8.030698554667769713e+02	3.190272616460391175e-01	2.052445024746377134e-01	2.069483696723094790e-01	1.254080849709705570e-01	6.107072615621669809e-02	2.356159738257939187e-02	5.873945769693177804e-02
8.079076256804323748e+02	3.179399266235428123e-01	2.045268689526550387e-01	2.076645601488207871e-01	1.258891134197953898e-01	6.126777780685677133e-02	2.365113423497182746e-02	5.906061881304212197e-02
8.127453958940876646e+02	3.168589941389937659e-01	2.038133092021190140e-01	2.083759345920007666e-01	1.263673821325133895e-01	6.146378266732355905e-02	2.374081346849752153e-02	5.937978379823671826e-02
8.175831661077428407e+02	3.157844255080483609e-01	2.031038001541437543e-01	2.090825343367516687e-01	1.268429058347765315e-01	6.165874588151323138e-02	2.383062373090999789e-02	5.969696455354121106e-02
8.224209363213982442e+02	3.147161822973596479e-01	2.023983188685762880e-01	2.097844002335507163e-01	1.273156991946679806e-01	6.185267257370859195e-02	2.392055390817704810e-02	6.001217292364448286e-02
8.272587065350534203e+02	3.136542263226663185e-01	2.016968425333146298e-01	2.104815726555573085e-01	1.277857768225061919e-01	6.204556784855982943e-02	2.401059312023366005e-02	6.032542069684683483e-02
8.320964767487085965e+02	3.125985196468998306e-01	2.009993484636292405e-01	2.111740915056047885e-01	1.282531532706596977e-01	6.223743679106727433e-02	2.410073071680758280e-02	6.063671960501632041e-02
8.369342469623640000e+02	3.115490245783109624e-01	2.003058141014870397e-01	2.118619962230788301e-01	1.287178430333722756e-01	6.242828446656623759e-02	2.419095627331636911e-02	6.094608132355303770e-02
8.417720171760191761e+02	3.105057036686140748e-01	1.996162170148784443e-01	2.125453257906843030e-01	1.291798605465983296e-01	6.261811592071381272e-02	2.428125958683457000e-02	6.125351747136122821e-02
8.466097873896745796e+02	3.094685197111498032e-01	1.989305348971475706e-01	2.132241187411025307e-01	1.296392201878482919e-01	6.280693617947760710e-02	2.437163067213000620e-02	6.155903961082899445e-02
8.514475576033297557e+02	3.084374357390654575e-01	1.982487455663250464e-01	2.138984131635407182e-01	1.300959362760438498e-01	6.299475024912644383e-02	2.446205975776789832e-02	6.186265924781538666e-02
8.562853278169851592e+02	3.074124150235134634e-01	1.975708269644640414e-01	2.145682467101752700e-01	1.305500230713827481e-01	6.318156311622281918e-02	2.455253728228167648e-02	6.216438783164478926e-02
8.611230980306403353e+02	3.063934210718667894e-01	1.968967571569790187e-01	2.152336566024911635e-01	1.310014947752127512e-01	6.336737974761730285e-02	2.464305389040941097e-02	6.246423675510832246e-02
8.659608682442956251e+02	3.053804176259519720e-01	1.962265143319876781e-01	2.158946796375185717e-01	1.314503655299150697e-01	6.355220509044462451e-02	2.473360042939469830e-02	6.276221735447218286e-02
8.707986384579510286e+02	3.043733686602987376e-01	1.955600767996555078e-01	2.165513521939688435e-01	1.318966494187965854e-01	6.373604407212157819e-02	2.482416794535092022e-02	6.305834090949263837e-02
8.756364086716062047e+02	3.033722383804068334e-01	1.948974229915435286e-01	2.172037102382715079e-01	1.323403604659907085e-01	6.391890160034663371e-02	2.491474767968781395e-02	6.335261864343767757e-02
8.804741788852616082e+02	3.023769912210294564e-01	1.942385314599589519e-01	2.178517893305137176e-01	1.327815126363671161e-01	6.410078256310117184e-02	2.500533106559932328e-02	6.364506172311497345e-02
8.853119490989170117e+02	3.013875918444723911e-01	1.935833808773086140e-01	2.184956246302840188e-01	1.332201198354495963e-01	6.428169182865235698e-02	2.509590972461162028e-02	6.393568125890609910e-02
8.901497193125721878e+02	3.004040051389103017e-01	1.929319500354553518e-01	2.191352509024219464e-01	1.336561959093421348e-01	6.446163424555774457e-02	2.518647546319035396e-02	6.422448830480687043e-02
8.949874895262273640e+02	2.994261962167182323e-01	1.922842178450774875e-01	2.197707025226749711e-01	1.340897546446631616e-01	6.464061464267124857e-02	2.527702026940608498e-02	6.451149385847350370e-02
8.998252597398827675e+02	2.984541304128192629e-01	1.916401633350310607e-01	2.204020134832644640e-01	1.345208097684873483e-01	6.481863782915085748e-02	2.536753630965691078e-02	6.479670886127472662e-02
9.046630299535379436e+02	2.974877732830477073e-01	1.909997656517149756e-01	2.210292173983622599e-01	1.349493749482953975e-01	6.499570859446761328e-02	2.545801592544736508e-02	6.508014419834931563e-02
9.095008001671932334e+02	2.965270906025274100e-01	1.903630040584392003e-01	2.216523475094787921e-01	1.353754637919309944e-01	6.517183170841633899e-02	2.554845163022256491e-02	6.536181069866928151e-02
9.143385703808486369e+02	2.955720483640656981e-01	1.897298579347956038e-01	2.222714366907653505e-01	1.357990898475653352e-01	6.534701192112753187e-02	2.563883610625674811e-02	6.564171913510830070e-02
9.191763405945038130e+02	2.946226127765619318e-01	1.891003067760321232e-01	2.228865174542306038e-01	1.362202666036684828e-01	6.552125396308089433e-02	2.572916220159518833e-02	6.591988022451539253e-02
9.240141108081592165e+02	2.936787502634312097e-01	1.884743301924292624e-01	2.234976219548737708e-01	1.366390074889880790e-01	6.569456254512000271e-02	2.581942292704868594e-02	6.619630462779363400e-02
9.288518810218145063e+02	2.927404274610424517e-01	1.878519079086799770e-01	2.241047819957356080e-01	1.370553258725344947e-01	6.586694235846854428e-02	2.590961145323965667e-02	6.647100294998385672e-02
9.336896512354697961e+02	2.918076112171711922e-01	1.872330197632723070e-01	2.247080290328682950e-01	1.374692350635729754e-01	6.603839807474770618e-02	2.599972110769900244e-02	6.674398574035309006e-02
9.385274214491247449e+02	2.908802685894665285e-01	1.866176457078746465e-01	2.253073941802257729e-01	1.378807483116220589e-01	6.620893434599493810e-02	2.608974537201287289e-02	6.701526349248772274e-02
9.433651916627801484e+02	2.899583668439320583e-01	1.860057658067242881e-01	2.259029082144760892e-01	1.382898788064585438e-01	6.637855580468388084e-02	2.617967787901847795e-02	6.728484664439116081e-02
9.482029618764355519e+02	2.890418734534212497e-01	1.853973602360184936e-01	2.264946015797366652e-01	1.386966396781283695e-01	6.654726706374565481e-02	2.626951241004812920e-02	6.755274557858600981e-02
9.530407320900908417e+02	2.881307560961458014e-01	1.847924092833086729e-01	2.270825043922339859e-01	1.391010439969638246e-01	6.671507271659118943e-02	2.635924289222068076e-02	6.781897062222047579e-02
9.578785023037459041e+02	2.872249826541984352e-01	1.841908933468972553e-01	2.276666464448889315e-01	1.395031047736066676e-01	6.688197733713481530e-02	2.644886339577958573e-02	6.808353204717894347e-02
9.627162725174014213e+02	2.863245212120887895e-01	1.835927929352374754e-01	2.282470572118290575e-01	1.399028349590368814e-01	6.704798547981903611e-02	2.653836813147674237e-02	6.834644007019670398e-02
9.675540427310568248e+02	2.854293400552922466e-01	1.829980886663362116e-01	2.288237658528289031e-01	1.403002474446070902e-01	6.721310167964025806e-02	2.662775144800140492e-02	6.860770485297856824e-02
9.723918129447120009e+02	2.845394076688126384e-01	1.824067612671591565e-01	2.293968012176797189e-01	1.406953550620825555e-01	6.737733045217579597e-02	2.671700782945334723e-02	6.886733650232140791e-02
9.772295831583674044e+02	2.836546927357572745e-01	1.818187915730395121e-01	2.299661918504895541e-01	1.410881705836865563e-01	6.754067629361182323e-02	2.680613189285955753e-02	6.912534507024030439e-02
9.820673533720223531e+02	2.827751641359252943e-01	1.812341605270888223e-01	2.305319659939149557e-01	1.414787067221509043e-01	6.770314368077239020e-02	2.689511838573370797e-02	6.938174055409848662e-02
9.869051235856777566e+02	2.819007909444081195e-01	1.806528491796111358e-01	2.310941515933257751e-01	1.418669761307716493e-01	6.786473707114949738e-02	2.698396218367770522e-02	6.963653289674065494e-02
9.917428937993331601e+02	2.810315424302030074e-01	1.800748386875197782e-01	2.316527763009035290e-01	1.422529914034697529e-01	6.802546090293409842e-02	2.707265828802456198e-02	6.988973198662978836e-02
9.965806640129884499e+02	2.801673880548387063e-01	1.795001103137568998e-01	2.322078674796749509e-01	1.426367650748566196e-01	6.818531959504807449e-02	2.716120182352193407e-02	7.014134765798729632e-02
1.001418434226643626e+03	2.793082974710132671e-01	1.789286454267160209e-01	2.327594522074815930e-01	1.430183096203044013e-01	6.834431754717723573e-02	2.724958803605561156e-02	7.039138969093636233e-02
1.006256204440298802e+03	2.784542405212439564e-01	1.783604254996670746e-01	2.333075572808866738e-01	1.433976374560208822e-01	6.850245913980511359e-02	2.733781229041227015e-02	7.063986781164842410e-02
1.011093974653954206e+03	2.776051872365294937e-01	1.777954321101846147e-01	2.338522092190200019e-01	1.437747609391289427e-01	6.865974873424776637e-02	2.742587006808086536e-02	7.088679169249267886e-02
1.015931744867609382e+03	2.767611078350233345e-01	1.772336469395784098e-01	2.343934342673622828e-01	1.441496923677504371e-01	6.881619067268941736e-02	2.751375696509195112e-02	7.113217095218853092e-02
1.020769515081264785e+03	2.759219727207194994e-01	1.766750517723270908e-01	2.349312584014695560e-01	1.445224439810941230e-01	6.897178927821887018e-02	2.760146868989436092e-02	7.137601515596087021e-02
1.025607285294920075e+03	2.750877524821492282e-01	1.761196284955144908e-01	2.354657073306389015e-01	1.448930279595481152e-01	6.912654885486692324e-02	2.768900106126850891e-02	7.161833381569820967e-02
1.030445055508575479e+03	2.742584178910894011e-01	1.755673590982686216e-01	2.359968065015165539e-01	1.452614564247761975e-01	6.928047368764446434e-02	2.777635000627579759e-02	7.185913639011332066e-02
1.035282825722230655e+03	2.734339399012821192e-01	1.750182256712037310e-01	2.365245811016489785e-01	1.456277414398181036e-01	6.943356804258134229e-02	2.786351155824346240e-02	7.209843228490658840e-02
1.040120595935886058e+03	2.726142896471655530e-01	1.744722104058646917e-01	2.370490560629780752e-01	1.459918950091936840e-01	6.958583616676612682e-02	2.795048185478426345e-02	7.233623085293186539e-02
1.044958366149541234e+03	2.717994384426156151e-01	1.739292955941744157e-01	2.375702560652816764e-01	1.463539290790109304e-01	6.973728228838656229e-02	2.803725713585040677e-02	7.257254139436471185e-02
1.049796136363196410e+03	2.709893577796984032e-01	1.733894636278838219e-01	2.380882055395597552e-01	1.467138555370774977e-01	6.988791061677068761e-02	2.812383374182118520e-02	7.280737315687293987e-02
1.054633906576851814e+03	2.701840193274337998e-01	1.728526969980247185e-01	2.386029286713678699e-01	1.470716862130158897e-01	7.003772534242877490e-02	2.821020811162368302e-02	7.304073533578948896e-02
1.059471676790506763e+03	2.693833949305695641e-01	1.723189782943652659e-01	2.391144494040978730e-01	1.474274328783820864e-01	7.018673063709589266e-02	2.829637678088605182e-02	7.327263707428750827e-02
1.064309447004162394e+03	2.685874566083656934e-01	1.717882902048680493e-01	2.396227914422075500e-01	1.477811072467875853e-01	7.033493065377516285e-02	2.838233638012274684e-02	7.350308746355745104e-02
1.069147217217817570e+03	2.677961765533894423e-01	1.712606155151511489e-01	2.401279782543998542e-01	1.481327209740245787e-01	7.048232952678169794e-02	2.846808363295123129e-02	7.373209554298627844e-02
1.073984987431472746e+03	2.670095271303204454e-01	1.707359371079515686e-01	2.406300330767522089e-01	1.484822856581946293e-01	7.062893137178712089e-02	2.855361535433958639e-02	7.395967030033863410e-02
1.078822757645127922e+03	2.662274808747664423e-01	1.702142379625915247e-01	2.411289789157970154e-01	1.488298128398399811e-01	7.077474028586482058e-02	2.863892844888451042e-02	7.418582067193987828e-02
1.083660527858783553e+03	2.654500104920882730e-01	1.696955011544474257e-01	2.416248385515541997e-01	1.491753140020784518e-01	7.091976034753565139e-02	2.872401990911917224e-02	7.441055554286098161e-02
1.088498298072438729e+03	2.646770888562354762e-01	1.691797098544214062e-01	2.421176345405164632e-01	1.495188005707407120e-01	7.106399561681438215e-02	2.880888681385046501e-02	7.463388374710513973e-02
1.093336068286093905e+03	2.639086890085916015e-01	1.686668473284155534e-01	2.426073892185881264e-01	1.498602839145108667e-01	7.120745013525658917e-02	2.889352632652510133e-02	7.485581406779612257e-02
1.098173838499749309e+03	2.631447841568289592e-01	1.681568969368088529e-01	2.430941247039781483e-01	1.501997753450694528e-01	7.135012792600620157e-02	2.897793569362407118e-02	7.507635523736817806e-02
1.103011608713404712e+03	2.623853476737733059e-01	1.676498421339367162e-01	2.435778629000482920e-01	1.505372861172393495e-01	7.149203299384353227e-02	2.906211224308503926e-02	7.529551593775764273e-02
1.107849378927059888e+03	2.616303530962776902e-01	1.671456664675730341e-01	2.440586254981171044e-01	1.508728274291342153e-01	7.163316932523379477e-02	2.914605338275211982e-02	7.551330480059585681e-02
1.112687149140715292e+03	2.608797741241061230e-01	1.666443535784150609e-01	2.445364339802205134e-01	1.512064104223095062e-01	7.177354088837629986e-02	2.922975659885262284e-02	7.572973040740373085e-02
1.117524919354370468e+03	2.601335846188261303e-01	1.661458871995706854e-01	2.450113096218295428e-01	1.515380461819157976e-01	7.191315163325391613e-02	2.931321945450029651e-02	7.594480128978751965e-02
1.122362689568025871e+03	2.593917586027107425e-01	1.656502511560485613e-01	2.454832734945260331e-01	1.518677457368547423e-01	7.205200549168316870e-02	2.939643958822463210e-02	7.615852592963599788e-02
1.127200459781681047e+03	2.586542702576496433e-01	1.651574293642504854e-01	2.459523464686371175e-01	1.521955200599371671e-01	7.219010637736480995e-02	2.947941471252572831e-02	7.637091275931892631e-02
1.132038229995336451e+03	2.579210939240691447e-01	1.646674058314667177e-01	2.464185492158289248e-01	1.525213800680433884e-01	7.232745818593469544e-02	2.956214261245438193e-02	7.658197016188665607e-02
1.136876000208991627e+03	2.571922040998609882e-01	1.641801646553735783e-01	2.468819022116604256e-01	1.528453366222858045e-01	7.246406479501525666e-02	2.964462114421687750e-02	7.679170647127099569e-02
1.141713770422646803e+03	2.564675754393201390e-01	1.636956900235339574e-01	2.473424257380977820e-01	1.531674005281735418e-01	7.259993006426732065e-02	2.972684823380412206e-02	7.700012997248699420e-02
1.146551540636302207e+03	2.557471827520912955e-01	1.632139662128998803e-01	2.478001398859903948e-01	1.534875825357791546e-01	7.273505783544235992e-02	2.980882187564467406e-02	7.720724890183605638e-02
1.151389310849957155e+03	2.550310010021240026e-01	1.627349775893180694e-01	2.482550645575083981e-01	1.538058933399071848e-01	7.286945193243513086e-02	2.989054013128128462e-02	7.741307144710977972e-02
1.156227081063612786e+03	2.543190053066359257e-01	1.622587086070378659e-01	2.487072194685431004e-01	1.541223435802649144e-01	7.300311616133667303e-02	2.997200112807052105e-02	7.761760574779487387e-02
1.161064851277267962e+03	2.536111709350850618e-01	1.617851438082216209e-01	2.491566241510707047e-01	1.544369438416345885e-01	7.313605431048773864e-02	3.005320305790513957e-02	7.782085989527902370e-02
1.165902621490923138e+03	2.529074733081499993e-01	1.613142678224577797e-01	2.496032979554795306e-01	1.547497046540477206e-01	7.326827015053258285e-02	3.013414417595872488e-02	7.802284193305750182e-02
1.170740391704578315e+03	2.522078879967185605e-01	1.608460653662762696e-01	2.500472600528620415e-01	1.550606364929609515e-01	7.339976743447297614e-02	3.021482279945232954e-02	7.822355985694064151e-02
1.175578161918233945e+03	2.515123907208846044e-01	1.603805212426665516e-01	2.504885294372715121e-01	1.553697497794335747e-01	7.353054989772273009e-02	3.029523730644264820e-02	7.842302161526211457e-02
1.180415932131889122e+03	2.508209573489526556e-01	1.599176203405979491e-01	2.509271249279445559e-01	1.556770548803068643e-01	7.366062125816244532e-02	3.037538613463140399e-02	7.862123510908777813e-02
1.185253702345544298e+03	2.501335638964508612e-01	1.594573476345427787e-01	2.513630651714897080e-01	1.559825621083846814e-01	7.378998521619456463e-02	3.045526778019557942e-02	7.881820819242540965e-02
1.190091472559199701e+03	2.494501865251517458e-01	1.589996881840017029e-01	2.517963686440425897e-01	1.562862817226157996e-01	7.391864545479877313e-02	3.053488079663814470e-02	7.901394867243485831e-02
1.194929242772855105e+03	2.487708015421005170e-01	1.585446271330316070e-01	2.522270536533884888e-01	1.565882239282773980e-01	7.404660563958767594e-02	3.061422379365890886e-02	7.920846430963894569e-02
1.199767012986510281e+03	2.480953853986516688e-01	1.580921497097759754e-01	2.526551383410529095e-01	1.568883988771603011e-01	7.417386941886272567e-02	3.069329543604517457e-02	7.940176281813482451e-02
1.204604783200165684e+03	2.474239146895127195e-01	1.576422412259975425e-01	2.530806406843599254e-01	1.571868166677552747e-01	7.430044042367044133e-02	3.077209444258185295e-02	7.959385186580587856e-02
1.209442553413820860e+03	2.467563661517957752e-01	1.571948870766136652e-01	2.535035784984598362e-01	1.574834873454406536e-01	7.442632226785890481e-02	3.085061958498072285e-02	7.978473907453409453e-02
1.214280323627476264e+03	2.460927166640766717e-01	1.567500727392338311e-01	2.539239694383259582e-01	1.577784209026713014e-01	7.455151854813450718e-02	3.092886968682846335e-02	7.997443202041286392e-02
1.219118093841131440e+03	2.454329432454612769e-01	1.563077837736998044e-01	2.543418310007216632e-01	1.580716272791686805e-01	7.467603284411883369e-02	3.100684362255319571e-02	8.016293823396015983e-02
1.223955864054786844e+03	2.447770230546593428e-01	1.558680058216279640e-01	2.547571805261369393e-01	1.583631163621120885e-01	7.479986871840595131e-02	3.108454031640918436e-02	8.035026520033208830e-02
1.228793634268442020e+03	2.441249333890656847e-01	1.554307246059541958e-01	2.551700352006968098e-01	1.586528979863308653e-01	7.492302971661976563e-02	3.116195874147938485e-02	8.053642035953675893e-02
1.233631404482097196e+03	2.434766516838482997e-01	1.549959259304811432e-01	2.555804120580403849e-01	1.589409819344978769e-01	7.504551936747164143e-02	3.123909791869557834e-02	8.072141110664846075e-02
1.238469174695752372e+03	2.428321555110439511e-01	1.545635956794278176e-01	2.559883279811718260e-01	1.592273779373237497e-01	7.516734118281824528e-02	3.131595691587572144e-02	8.090524479202208796e-02
1.243306944909407548e+03	2.421914225786604424e-01	1.541337198169814016e-01	2.563937997042836647e-01	1.595120956737522411e-01	7.528849865771952699e-02	3.139253484677829303e-02	8.108792872150773212e-02
1.248144715123063179e+03	2.415544307297861348e-01	1.537062843868518547e-01	2.567968438145531995e-01	1.597951447711563611e-01	7.540899527049696460e-02	3.146883087017329772e-02	8.126947015666553809e-02
1.252982485336718355e+03	2.409211579417063209e-01	1.532812755118282133e-01	2.571974767539109696e-01	1.600765348055355752e-01	7.552883448279189282e-02	3.154484418892965214e-02	8.144987631498072644e-02
1.257820255550373531e+03	2.402915823250263705e-01	1.528586793933378873e-01	2.575957148207841940e-01	1.603562753017136189e-01	7.564801973962402559e-02	3.162057404911870762e-02	8.162915437007861597e-02
1.262658025764028707e+03	2.396656821228016765e-01	1.524384823110078169e-01	2.579915741718131206e-01	1.606343757335371714e-01	7.576655446945018690e-02	3.169601973913357268e-02	8.180731145193992360e-02
1.267495795977684338e+03	2.390434357096743179e-01	1.520206706222281545e-01	2.583850708235425064e-01	1.609108455240753632e-01	7.588444208422316650e-02	3.177118058882403423e-02	8.198435464711598120e-02
1.272333566191339514e+03	2.384248215910164670e-01	1.516052307617182238e-01	2.587762206540875631e-01	1.611856940458198384e-01	7.600168597945060334e-02	3.184605596864673732e-02	8.216029099894410492e-02
1.277171336404994690e+03	2.378098184020801253e-01	1.511921492410946977e-01	2.591650394047755879e-01	1.614589306208856490e-01	7.611828953425417432e-02	3.192064528883045704e-02	8.233512750776286748e-02
1.282009106618650094e+03	2.371984049071535205e-01	1.507814126484422201e-01	2.595515426817627813e-01	1.617305645212126497e-01	7.623425611142879699e-02	3.199494799855610166e-02	8.250887113112746751e-02
1.286846876832305497e+03	2.365905599987239427e-01	1.503730076478860533e-01	2.599357459576276397e-01	1.620006049687675587e-01	7.634958905750204028e-02	3.206896358515128748e-02	8.268152878402498795e-02
1.291684647045960673e+03	2.359862626966469090e-01	1.499669209791673063e-01	2.603176645729404215e-01	1.622690611357465729e-01	7.646429170279350762e-02	3.214269157329915916e-02	8.285310733908957115e-02
1.296522417259616077e+03	2.353854921473217399e-01	1.495631394572200790e-01	2.606973137378097993e-01	1.625359421447784281e-01	7.657836736147446977e-02	3.221613152426128224e-02	8.302361362681759394e-02
1.301360187473271253e+03	2.347882276228733245e-01	1.491616499717512145e-01	2.610747085334064188e-01	1.628012570691280692e-01	7.669181933162746989e-02	3.228928303511431619e-02	8.319305443578257908e-02
1.306197957686926657e+03	2.341944485203398818e-01	1.487624394868219402e-01	2.614498639134643643e-01	1.630650149329007648e-01	7.680465089530612299e-02	3.236214573800025307e-02	8.336143651285012057e-02
1.311035727900581833e+03	2.336041343608671328e-01	1.483654950404319772e-01	2.618227947057603089e-01	1.633272247112465270e-01	7.691686531859492915e-02	3.243471929938997189e-02	8.352876656339255912e-02
1.315873498114237009e+03	2.330172647889086346e-01	1.479708037441057611e-01	2.621935156135712930e-01	1.635878953305651418e-01	7.702846585166914228e-02	3.250700341935994220e-02	8.369505125150347724e-02
1.320711268327892412e+03	2.324338195714316935e-01	1.475783527824808816e-01	2.625620412171110196e-01	1.638470356687112550e-01	7.713945572885480551e-02	3.257899783088177154e-02	8.386029720021197231e-02
1.325549038541547588e+03	2.318537785971295229e-01	1.471881294128988271e-01	2.629283859749450558e-01	1.641046545552001246e-01	7.724983816868874476e-02	3.265070229912441641e-02	8.402451099169679083e-02
1.330386808755202765e+03	2.312771218756393410e-01	1.468001209649976990e-01	2.632925642253854392e-01	1.643607607714133723e-01	7.735961637397868740e-02	3.272211662076884159e-02	8.418769916750006022e-02
1.335224578968857941e+03	2.307038295367661029e-01	1.464143148403072581e-01	2.636545901878655229e-01	1.646153630508053467e-01	7.746879353186340855e-02	3.279324062333491968e-02	8.434986822874085410e-02
1.340062349182513572e+03	2.301338818297122557e-01	1.460306985118461631e-01	2.640144779642938921e-01	1.648684700791093471e-01	7.757737281387286354e-02	3.286407416452036268e-02	8.451102463632845230e-02
1.344900119396168748e+03	2.295672591223129333e-01	1.456492595237212362e-01	2.643722415403895187e-01	1.651200904945443471e-01	7.768535737598847302e-02	3.293461713155142884e-02	8.467117481117529543e-02
1.349737889609823924e+03	2.290039419002771470e-01	1.452699854907290589e-01	2.647278947869969867e-01	1.653702328880218286e-01	7.779275035870336641e-02	3.300486944054527999e-02	8.483032513440953715e-02
1.354575659823479100e+03	2.284439107664343049e-01	1.448928640979594840e-01	2.650814514613829553e-01	1.656189058033528116e-01	7.789955488708259768e-02	3.307483103588374634e-02	8.498848194758733265e-02
1.359413430037134731e+03	2.278871464399865043e-01	1.445178831004014508e-01	2.654329252085139146e-01	1.658661177374547713e-01	7.800577407082354142e-02	3.314450188959831151e-02	8.514565155290472476e-02
1.364251200250789907e+03	2.273336297557661534e-01	1.441450303225508545e-01	2.657823295623155668e-01	1.661118771405591665e-01	7.811141100431613638e-02	3.321388200076615116e-02	8.530184021340915523e-02
1.369088970464445310e+03	2.267833416634992827e-01	1.437742936580204967e-01	2.661296779469140561e-01	1.663561924164186079e-01	7.821646876670325377e-02	3.328297139491694090e-02	8.545705415321055987e-02
1.373926740678100487e+03	2.262362632270741025e-01	1.434056610691522848e-01	2.664749836778591563e-01	1.665990719225142191e-01	7.832095042194101020e-02	3.335177012345039854e-02	8.561129955769201938e-02
1.378764510891755890e+03	2.256923756238148060e-01	1.430391205866312909e-01	2.668182599633305285e-01	1.668405239702631104e-01	7.842485901885909438e-02	3.342027826306427640e-02	8.576458257372007732e-02
1.383602281105411066e+03	2.251516601437610621e-01	1.426746603091020582e-01	2.671595199053259373e-01	1.670805568252258233e-01	7.852819759122109389e-02	3.348849591519261620e-02	8.591690930985451669e-02
1.388440051319066470e+03	2.246140981889523935e-01	1.423122684027869345e-01	2.674987765008333684e-01	1.673191787073138592e-01	7.863096915778480800e-02	3.355642320545415558e-02	8.606828583655765086e-02
1.393277821532721646e+03	2.240796712727179119e-01	1.419519331011064311e-01	2.678360426429853836e-01	1.675563977909968749e-01	7.873317672236253284e-02	3.362406028311067108e-02	8.621871818640325369e-02
1.398115591746377049e+03	2.235483610189712145e-01	1.415936427043017198e-01	2.681713311221984308e-01	1.677922222055102941e-01	7.883482327388140198e-02	3.369140732053507725e-02	8.636821235428489285e-02
1.402953361960032225e+03	2.230201491615104725e-01	1.412373855790590160e-01	2.685046546272946144e-01	1.680266600350624195e-01	7.893591178644356054e-02	3.375846451268914306e-02	8.651677429762377747e-02
1.407791132173687402e+03	2.224950175433233479e-01	1.408831501581362389e-01	2.688360257466085312e-01	1.682597193190416840e-01	7.903644521938642253e-02	3.382523207661067288e-02	8.666440993657609226e-02
1.412628902387342805e+03	2.219729481158972673e-01	1.405309249399914195e-01	2.691654569690778986e-01	1.684914080522237900e-01	7.913642651734285882e-02	3.389171025090992329e-02	8.681112515423985987e-02
1.417466672600997981e+03	2.214539229385342756e-01	1.401806984884133023e-01	2.694929606853191939e-01	1.687217341849786001e-01	7.923585861030137123e-02	3.395789929527518597e-02	8.695692579686110923e-02
1.422304442814653157e+03	2.209379241776712466e-01	1.398324594321539160e-01	2.698185491886878062e-01	1.689507056234769711e-01	7.933474441366615559e-02	3.402379948998728726e-02	8.710181767403965547e-02
1.427142213028308333e+03	2.204249341062045897e-01	1.394861964645631447e-01	2.701422346763235893e-01	1.691783302298973946e-01	7.943308682831724810e-02	3.408941113544293466e-02	8.724580655893415804e-02
1.431979983241963964e+03	2.199149351028200639e-01	1.391418983432251566e-01	2.704640292501814813e-01	1.694046158226324705e-01	7.953088874067046343e-02	3.415473455168670930e-02	8.738889818846672097e-02
1.436817753455619140e+03	2.194079096513273097e-01	1.387995538895970549e-01	2.707839449180478031e-01	1.696295701764951314e-01	7.962815302273737461e-02	3.421977007795157927e-02	8.753109826352681311e-02
1.441655523669274316e+03	2.189038403399989896e-01	1.384591519886492483e-01	2.711019935945425674e-01	1.698532010229246714e-01	7.972488253218525112e-02	3.428451807220774666e-02	8.767241244917460541e-02
1.446493293882929493e+03	2.184027098609148954e-01	1.381206815885079320e-01	2.714181871021072445e-01	1.700755160501925545e-01	7.982108011239688605e-02	3.434897891071975878e-02	8.781284637484373934e-02
1.451331064096585123e+03	2.179045010093105805e-01	1.377841317000994825e-01	2.717325371719795379e-01	1.702965229036079720e-01	7.991674859253035390e-02	3.441315298761166153e-02	8.795240563454342908e-02
1.456168834310240300e+03	2.174091966829305167e-01	1.374494913967967136e-01	2.720450554451540048e-01	1.705162291857229562e-01	8.001189078757875439e-02	3.447704071444013946e-02	8.809109578705991150e-02
1.461006604523895703e+03	2.169167798813860792e-01	1.371167498140671570e-01	2.723557534733297425e-01	1.707346424565376053e-01	8.010650949842981761e-02	3.454064251977538580e-02	8.822892235615728551e-02
1.465844374737550879e+03	2.164272337055178907e-01	1.367858961491233150e-01	2.726646427198444744e-01	1.709517702337045586e-01	8.020060751192546744e-02	3.460395884878970929e-02	8.836589083077765749e-02
1.470682144951206283e+03	2.159405413567626608e-01	1.364569196605744938e-01	2.729717345605967016e-01	1.711676199927334163e-01	8.029418760092135732e-02	3.466699016285368362e-02	8.850200666524073168e-02
1.475519915164861459e+03	2.154566861365246888e-01	1.361298096680810810e-01	2.732770402849540314e-01	1.713821991671947986e-01	8.038725252434621160e-02	3.472973693913963128e-02	8.863727527944256779e-02
1.480357685378516862e+03	2.149756514455515299e-01	1.358045555520101533e-01	2.735805710966498494e-01	1.715955151489240160e-01	8.047980502726115315e-02	3.479219967023246957e-02	8.877170205905379752e-02
1.485195455592172038e+03	2.144974207833142132e-01	1.354811467530934177e-01	2.738823381146672231e-01	1.718075752882243790e-01	8.057184784091893370e-02	3.485437886374766897e-02	8.890529235571707767e-02
1.490033225805827215e+03	2.140219777473918172e-01	1.351595727720867335e-01	2.741823523741110380e-01	1.720183868940701466e-01	8.066338368282309490e-02	3.491627504195626841e-02	8.903805148724384944e-02
1.494870996019482618e+03	2.135493060328601533e-01	1.348398231694315774e-01	2.744806248270678650e-01	1.722279572343091425e-01	8.075441525678697663e-02	3.497788874141676690e-02	8.916998473781045931e-02
1.499708766233137567e+03	2.130793894316849735e-01	1.345218875649184243e-01	2.747771663434546707e-01	1.724362935358648430e-01	8.084494525299268375e-02	3.503922051261385701e-02	8.930109735815348893e-02
1.504546536446793198e+03	2.126122118321193133e-01	1.342057556373519589e-01	2.750719877118553147e-01	1.726434029849382434e-01	8.093497634804990015e-02	3.510027091960378487e-02	8.943139456576441881e-02
1.509384306660448374e+03	2.121477572181049986e-01	1.338914171242180096e-01	2.753650996403463891e-01	1.728492927272090307e-01	8.102451120505467508e-02	3.516104053966630227e-02	8.956088154508355659e-02
1.514222076874103550e+03	2.116860096686783155e-01	1.335788618213524515e-01	2.756565127573111784e-01	1.730539698680367000e-01	8.111355247364801513e-02	3.522152996296306487e-02	8.968956344769324351e-02
1.519059847087758726e+03	2.112269533573797875e-01	1.332680795826119147e-01	2.759462376122432947e-01	1.732574414726608669e-01	8.120210279007442078e-02	3.528173979220234485e-02	8.981744539251032555e-02
1.523897617301414357e+03	2.107705725516682005e-01	1.329590603195461296e-01	2.762342846765390991e-01	1.734597145664013296e-01	8.129016477724035350e-02	3.534167064231000938e-02	8.994453246597780560e-02
1.528735387515069533e+03	2.103168516123384846e-01	1.326517940010723540e-01	2.765206643442796874e-01	1.736607961348575202e-01	8.137774104477246695e-02	3.540132314010657061e-02	9.007082972225588513e-02
1.533573157728724709e+03	2.098657749929436767e-01	1.323462706531512711e-01	2.768053869330020511e-01	1.738606931241076792e-01	8.146483418907579654e-02	3.546069792399028642e-02	9.019634218341217313e-02
1.538410927942380113e+03	2.094173272392209351e-01	1.320424803584649698e-01	2.770884626844603571e-01	1.740594124409074184e-01	8.155144679339192126e-02	3.551979564362616609e-02	9.032107483961111793e-02
1.543248698156035516e+03	2.089714929885213290e-01	1.317404132560965335e-01	2.773699017653769583e-01	1.742569609528877017e-01	8.163758142785682015e-02	3.557861695964074922e-02	9.044503264930274511e-02
1.548086468369690692e+03	2.085282569692439303e-01	1.314400595412114070e-01	2.776497142681830788e-01	1.744533454887525203e-01	8.172324064955870104e-02	3.563716254332265077e-02	9.056822053941056272e-02
1.552924238583346096e+03	2.080876040002732630e-01	1.311414094647404549e-01	2.779279102117501177e-01	1.746485728384758740e-01	8.180842700259575995e-02	3.569543307632867812e-02	9.069064340551871717e-02
1.557762008797001272e+03	2.076495189904209726e-01	1.308444533330649640e-01	2.782044995421110722e-01	1.748426497534982527e-01	8.189314301813371832e-02	3.575342925039545761e-02	9.081230611205838577e-02
1.562599779010656675e+03	2.072139869378712695e-01	1.305491815077032547e-01	2.784794921331722461e-01	1.750355829469228686e-01	8.197739121446326327e-02	3.581115176705649411e-02	9.093321349249337826e-02
1.567437549224311852e+03	2.067809929296300642e-01	1.302555844049989586e-01	2.787528977874160208e-01	1.752273790937108333e-01	8.206117409705740440e-02	3.586860133736454598e-02	9.105337034950496122e-02
1.572275319437967255e+03	2.063505221409778767e-01	1.299636524958111272e-01	2.790247262365939673e-01	1.754180448308761686e-01	8.214449415862856707e-02	3.592577868161924565e-02	9.117278145517584975e-02
1.577113089651622431e+03	2.059225598349264386e-01	1.296733763052060617e-01	2.792949871424110220e-01	1.756075867576801508e-01	8.222735387918578276e-02	3.598268452909981346e-02	9.129145155117349142e-02
1.581950859865277607e+03	2.054970913616791517e-01	1.293847464121506974e-01	2.795636900972009453e-01	1.757960114358251558e-01	8.230975572609142143e-02	3.603931961780289239e-02	9.140938534893247591e-02
1.586788630078933011e+03	2.050741021580951284e-01	1.290977534492079026e-01	2.798308446245923453e-01	1.759833253896477823e-01	8.239170215411811826e-02	3.609568469418529546e-02	9.152658752983616752e-02
1.591626400292587959e+03	2.046535777471566731e-01	1.288123881022331940e-01	2.800964601801667619e-01	1.761695351063115034e-01	8.247319560550532558e-02	3.615178051291165900e-02	9.164306274539758823e-02
1.596464170506243590e+03	2.042355037374405935e-01	1.285286411100733939e-01	2.803605461521079256e-01	1.763546470359986518e-01	8.255423851001580937e-02	3.620760783660684906e-02	9.175881561743942649e-02
1.601301940719898766e+03	2.038198658225931492e-01	1.282465032642668146e-01	2.806231118618423004e-01	1.765386675921019888e-01	8.263483328499197922e-02	3.626316743561313477e-02	9.187385073827324111e-02
1.606139710933553943e+03	2.034066497808081908e-01	1.279659654087451082e-01	2.808841665646716890e-01	1.767216031514154406e-01	8.271498233541214884e-02	3.631846008775196227e-02	9.198817267087795735e-02
1.610977481147209119e+03	2.029958414743092687e-01	1.276870184395368091e-01	2.811437194503979553e-01	1.769034600543243352e-01	8.279468805394654685e-02	3.637348657809023889e-02	9.210178594907739158e-02
1.615815251360864750e+03	2.025874268488347674e-01	1.274096533044725144e-01	2.814017796439386987e-01	1.770842446049950836e-01	8.287395282101318872e-02	3.642824769871117613e-02	9.221469507771712371e-02
1.620653021574519926e+03	2.021813919331268694e-01	1.271338610028915350e-01	2.816583562059364887e-01	1.772639630715641679e-01	8.295277900483369327e-02	3.648274424848942099e-02	9.232690453284037035e-02
1.625490791788175102e+03	2.017777228384237398e-01	1.268596325853505735e-01	2.819134581333590517e-01	1.774426216863265182e-01	8.303116896148884929e-02	3.653697703287060033e-02	9.243841876186326134e-02
1.630328562001830505e+03	2.013764057579552069e-01	1.265869591533334282e-01	2.821670943600925185e-01	1.776202266459232237e-01	8.310912503497407122e-02	3.659094686365502169e-02	9.254924218374910305e-02
1.635166332215485909e+03	2.009774269664417745e-01	1.263158318589630569e-01	2.824192737575268453e-01	1.777967841115286607e-01	8.318664955725468824e-02	3.664465455878558597e-02	9.265937918918193406e-02
1.640004102429141085e+03	2.005807728195969641e-01	1.260462419047144456e-01	2.826700051351339060e-01	1.779723002090370099e-01	8.326374484832110845e-02	3.669810094213979412e-02	9.276883414073920642e-02
1.644841872642796488e+03	2.001864297536330717e-01	1.257781805431296696e-01	2.829192972410383700e-01	1.781467810292481080e-01	8.334041321624376109e-02	3.675128684332576445e-02	9.287761137306370374e-02
1.649679642856451665e+03	1.997943842847700324e-01	1.255116390765342316e-01	2.831671587625810282e-01	1.783202326280524663e-01	8.341665695722796925e-02	3.680421309748217740e-02	9.298571519303451549e-02
1.654517413070107068e+03	1.994046230087477001e-01	1.252466088567551483e-01	2.834135983268755155e-01	1.784926610266159841e-01	8.349247835566857290e-02	3.685688054508219624e-02	9.309314987993730361e-02
1.659355183283762244e+03	1.990171326003414565e-01	1.249830812848403971e-01	2.836586245013576479e-01	1.786640722115636626e-01	8.356787968420445467e-02	3.690929003174105855e-02	9.319991968563370865e-02
1.664192953497417420e+03	1.986318998128807078e-01	1.247210478107801807e-01	2.839022457943282673e-01	1.788344721351629307e-01	8.364286320377288531e-02	3.696144240802755332e-02	9.330602883472992326e-02
1.669030723711072824e+03	1.982489114777709061e-01	1.244604999332294820e-01	2.841444706554888122e-01	1.790038667155060270e-01	8.371743116366368864e-02	3.701333852927910645e-02	9.341148152474437749e-02
1.673868493924728000e+03	1.978681545040185952e-01	1.242014291992323549e-01	2.843853074764708388e-01	1.791722618366920761e-01	8.379158580157326786e-02	3.706497925542049515e-02	9.351628192627474412e-02
1.678706264138383403e+03	1.974896158777595667e-01	1.239438272039476707e-01	2.846247645913585478e-01	1.793396633490080549e-01	8.386532934365847902e-02	3.711636545078616373e-02	9.362043418316391696e-02
1.683544034352038352e+03	1.971132826617901235e-01	1.236876855903764755e-01	2.848628502772048710e-01	1.795060770691093988e-01	8.393866400459026877e-02	3.716749798394595322e-02	9.372394241266536474e-02
1.688381804565693983e+03	1.967391419951015075e-01	1.234329960490906514e-01	2.850995727545413971e-01	1.796715087801998012e-01	8.401159198760724256e-02	3.721837772753434220e-02	9.382681070560751346e-02
1.693219574779349159e+03	1.963671810924174088e-01	1.231797503179633546e-01	2.853349401878819136e-01	1.798359642322104601e-01	8.408411548456899698e-02	3.726900555808300430e-02	9.392904312655731003e-02
1.698057344993004335e+03	1.959973872437344167e-01	1.229279401819007994e-01	2.855689606862197860e-01	1.799994491419783516e-01	8.415623667600927171e-02	3.731938235585672420e-02	9.403064371398305032e-02
1.702895115206659511e+03	1.956297478138655233e-01	1.226775574725755824e-01	2.858016423035192877e-01	1.801619691934241707e-01	8.422795773118903206e-02	3.736950900469252629e-02	9.413161648041627749e-02
1.707732885420315142e+03	1.952642502419866533e-01	1.224285940681614504e-01	2.860329930392008779e-01	1.803235300377292460e-01	8.429928080814926006e-02	3.741938639184205773e-02	9.423196541261291692e-02
1.712570655633970318e+03	1.949008820411860243e-01	1.221810418930696224e-01	2.862630208386205410e-01	1.804841372935120092e-01	8.437020805376366228e-02	3.746901540781703149e-02	9.433169447171353694e-02
1.717408425847625494e+03	1.945396307980168660e-01	1.219348929176865687e-01	2.864917335935435738e-01	1.806437965470036322e-01	8.444074160379112792e-02	3.751839694623785443e-02	9.443080759340280461e-02
