7.595299235438793630e+02	3.288748798940852591e-01	2.121168088496850346e-01	2.004268431537412354e-01	1.208485492330993588e-01	5.925082664964093082e-02	2.279330644876307113e-02	5.568878577066800617e-02
7.643676937575347665e+02	3.277319646824390365e-01	2.113577587203837316e-01	2.013361522180119045e-01	1.213456353020598011e-01	5.930757223692496860e-02	2.288038448646162459e-02	5.604053235340189509e-02
7.692054639711900563e+02	3.265959498396108773e-01	2.106030075679999891e-01	2.021587788999719415e-01	1.218399735623564850e-01	5.944514994073304970e-02	2.296711566923905629e-02	5.639002451977160463e-02
7.740432341848452324e+02	3.254666983693076387e-01	2.098525449465046544e-01	2.029355802106347362e-01	1.223316892070609313e-01	5.962254764001226337e-02	2.305381685253280952e-02	5.673712277363003598e-02
7.788810043985006359e+02	3.243441216735631349e-01	2.091063535569233356e-01	2.036870549938733510e-01	1.228208480109872630e-01	5.981921294269669509e-02	2.314063959705374082e-02	5.708176922458552127e-02
7.837187746121558121e+02	3.232281555451790855e-01	2.083644127300113003e-01	2.044234971330578521e-01	1.233074860317296684e-01	6.002484907271337516e-02	2.322765275698409140e-02	5.742394673000767585e-02
7.885565448258112156e+02	3.221187481326299173e-01	2.076267001717086447e-01	2.051500849637464818e-01	1.237916244956372563e-01	6.023429994327206966e-02	2.331488387558504002e-02	5.776365841710363880e-02
7.933943150394665054e+02	3.210158539063129313e-01	2.068931928377938656e-01	2.058694324021581035e-01	1.242732772576129463e-01	6.044498624252081509e-02	2.340233993259650813e-02	5.810091742068780596e-02
7.982320852531219089e+02	3.199194306330510051e-01	2.061638673720379289e-01	2.065828677298369997e-01	1.247524545384991190e-01	6.065562024308791822e-02	2.349001774153334360e-02	5.843574174163664037e-02
8.030698554667769713e+02	3.188294378585265210e-01	2.054387003255576938e-01	2.072910746015068917e-01	1.252291647966019272e-01	6.086556158647253578e-02	2.357790915891875422e-02	5.876815167209874236e-02
8.079076256804323748e+02	3.177458361455939295e-01	2.047176682664926528e-01	2.079944133600231948e-01	1.257034156639715017e-01	6.107449436334154436e-02	2.366600369298566334e-02	5.909816850727464543e-02
8.127453958940876646e+02	3.166685866914948910e-01	2.040007478347048708e-01	2.086930821015937632e-01	1.261752144139196008e-01	6.128226524703549172e-02	2.375428980887461100e-02	5.942581390205992076e-02
8.175831661077428407e+02	3.155976511350132019e-01	2.032879157689208849e-01	2.093871974139656644e-01	1.266445681936029521e-01	6.148880235681333795e-02	2.384275558047751695e-02	5.975110955088953207e-02
8.224209363213982442e+02	3.145329914588488873e-01	2.025791489200597095e-01	2.100768348497391580e-01	1.271114841388809591e-01	6.169407458778500275e-02	2.393138901482156494e-02	6.007407702954779827e-02
8.272587065350534203e+02	3.134745699397318286e-01	2.018744242576362702e-01	2.107620492164213877e-01	1.275759694301987768e-01	6.189807122522092420e-02	2.402017821235052225e-02	6.039473771812341185e-02
8.320964767487085965e+02	3.124223491224754623e-01	2.011737188726937242e-01	2.114428847493569075e-01	1.280380313189449504e-01	6.210079172662624769e-02	2.410911144498767075e-02	6.071311276459816914e-02
8.369342469623640000e+02	3.113762918060404283e-01	2.004770099789958959e-01	2.121193802133006789e-01	1.284976771390446693e-01	6.230224060051313406e-02	2.419817719302492717e-02	6.102922306876340519e-02
8.417720171760191761e+02	3.103363610356272284e-01	1.997842749133473816e-01	2.127915714618822118e-01	1.289549143111866913e-01	6.250242483994167264e-02	2.428736416141162244e-02	6.134308927628639302e-02
8.466097873896745796e+02	3.093025200978010703e-01	1.990954911354763934e-01	2.134594927227746464e-01	1.294097503433921659e-01	6.270135263665845005e-02	2.437666128575494834e-02	6.165473177782560682e-02
8.514475576033297557e+02	3.082747325171454333e-01	1.984106362276986668e-01	2.141231772440765346e-01	1.298621928297830075e-01	6.289903273714049503e-02	2.446605773320046848e-02	6.196417071063871351e-02
8.562853278169851592e+02	3.072529620536911255e-01	1.977296878944714564e-01	2.147826576204619198e-01	1.303122494484807437e-01	6.309547412039263892e-02	2.455554290078273971e-02	6.227142596140271269e-02
8.611230980306403353e+02	3.062371727007435207e-01	1.970526239618926034e-01	2.154379659587782325e-01	1.307599279591012686e-01	6.329068583701899509e-02	2.464510641254376300e-02	6.257651716960505039e-02
8.659608682442956251e+02	3.052273286829173538e-01	1.963794223771721803e-01	2.160891339631347274e-01	1.312052362000789008e-01	6.348467692912621030e-02	2.473473811606911182e-02	6.287946373118494248e-02
8.707986384579510286e+02	3.042233944542854229e-01	1.957100612080905910e-01	2.167361929796035869e-01	1.316481820859355112e-01	6.367745639073640884e-02	2.482442807876693996e-02	6.318028480226496602e-02
8.756364086716062047e+02	3.032253346965921859e-01	1.950445186424500377e-01	2.173791740206457435e-01	1.320887736045523175e-01	6.386903314849780300e-02	2.491416658405220044e-02	6.347899930289316317e-02
8.804741788852616082e+02	3.022331143175089885e-01	1.943827729875227950e-01	2.180181077793437172e-01	1.325270188144728745e-01	6.405941605256146310e-02	2.500394412751696938e-02	6.377562592075666781e-02
8.853119490989170117e+02	3.012466984489180488e-01	1.937248026694982084e-01	2.186530246384958409e-01	1.329629258422505567e-01	6.424861387254629519e-02	2.509375141312680801e-02	6.407018311484770356e-02
8.901497193125721878e+02	3.002660524452198110e-01	1.930705862329293032e-01	2.192839546771052639e-01	1.333965028798470565e-01	6.443663529604642948e-02	2.518357934946259535e-02	6.436268911907305768e-02
8.949874895262273640e+02	2.992911418816597835e-01	1.924201023401793664e-01	2.199109276755344122e-01	1.338277581820841167e-01	6.462348892840551196e-02	2.527341904601708086e-02	6.465316194580329745e-02
8.998252597398827675e+02	2.983219325526731969e-01	1.917733297708689999e-01	2.205339731199630338e-01	1.342567000641495811e-01	6.480918329311816106e-02	2.536326180955021659e-02	6.494161938936034162e-02
9.046630299535379436e+02	2.973583904702473135e-01	1.911302474213236458e-01	2.211531202064686008e-01	1.346833368991572910e-01	6.499372683253856753e-02	2.545309914050478822e-02	6.522807902944335878e-02
9.095008001671932334e+02	2.964004818622993365e-01	1.904908343040216112e-01	2.217683978448906634e-01	1.351076771157605216e-01	6.517712790873547712e-02	2.554292272948254991e-02	6.551255823449346483e-02
9.143385703808486369e+02	2.954481731710708048e-01	1.898550695470429539e-01	2.223798346625599498e-01	1.355297291958177663e-01	6.535939480441338434e-02	2.563272445378053654e-02	6.579507416499828787e-02
9.191763405945038130e+02	2.945014310515377542e-01	1.892229323935188390e-01	2.229874590079331531e-01	1.359495016721103122e-01	6.554053572385966364e-02	2.572249637398676611e-02	6.607564377673720568e-02
9.240141108081592165e+02	2.935602223698362545e-01	1.885944022010821175e-01	2.235912989541543605e-01	1.363670031261103588e-01	6.572055879389777922e-02	2.581223073063454790e-02	6.635428382396833802e-02
9.288518810218145063e+02	2.926245142017031564e-01	1.879694584413181269e-01	2.241913823025542818e-01	1.367822421857987913e-01	6.589947206483642850e-02	2.590191994091447722e-02	6.663101086255847350e-02
9.336896512354697961e+02	2.916942738309320493e-01	1.873480806992170733e-01	2.247877365860929677e-01	1.371952275235317764e-01	6.607728351140997047e-02	2.599155659544313129e-02	6.690584125305683305e-02
9.385274214491247449e+02	2.907694687478438178e-01	1.867302486726267474e-01	2.253803890727491821e-01	1.376059678539549302e-01	6.625400103370764071e-02	2.608113345508758507e-02	6.717879116371389125e-02
9.433651916627801484e+02	2.898500666477721310e-01	1.861159421717065166e-01	2.259693667688590923e-01	1.380144719319644220e-01	6.642963245809059558e-02	2.617064344784478247e-02	6.744987657344621301e-02
9.482029618764355519e+02	2.889360354295634203e-01	1.855051411183821497e-01	2.265546964224048054e-01	1.384207485507139845e-01	6.660418553809625830e-02	2.626007966577482977e-02	6.771911327474830489e-02
9.530407320900908417e+02	2.880273431940906792e-01	1.848978255458018638e-01	2.271364045262546649e-01	1.388248065396666397e-01	6.677766795532993904e-02	2.634943536198732991e-02	6.798651687655261899e-02
9.578785023037459041e+02	2.871239582427820847e-01	1.842939755977932581e-01	2.277145173213555862e-01	1.392266547626908046e-01	6.695008732034370136e-02	2.643870394767981746e-02	6.825210280703851440e-02
9.627162725174014213e+02	2.862258490761629415e-01	1.836935715283214421e-01	2.282890607998786514e-01	1.396263021161995022e-01	6.712145117350259982e-02	2.652787898922747203e-02	6.851588631639127236e-02
9.675540427310568248e+02	2.853329843924115594e-01	1.830965937009482736e-01	2.288600607083186023e-01	1.400237575273316770e-01	6.729176698583849703e-02	2.661695420532316989e-02	6.877788247951209522e-02
9.723918129447120009e+02	2.844453330859291196e-01	1.825030225882928459e-01	2.294275425505479249e-01	1.404190299521753948e-01	6.746104215989158492e-02	2.670592346416707924e-02	6.903810619868000487e-02
9.772295831583674044e+02	2.835628642459221416e-01	1.819128387714930295e-01	2.299915315908262481e-01	1.408121283740313978e-01	6.762928403053977688e-02	2.679478078070492153e-02	6.929657220616647351e-02
9.820673533720223531e+02	2.826855471549991061e-01	1.813260229396684298e-01	2.305520528567656935e-01	1.412030618017166284e-01	6.779649986581615106e-02	2.688352031391410060e-02	6.955329506680389684e-02
9.869051235856777566e+02	2.818133512877793456e-01	1.807425558893844264e-01	2.311091311422532879e-01	1.415918392679068327e-01	6.796269686771476415e-02	2.697213636413685681e-02	6.980828918050852039e-02
9.917428937993331601e+02	2.809462463095154239e-01	1.801624185241176568e-01	2.316627910103302157e-01	1.419784698275174395e-01	6.812788217298473836e-02	2.706062337045968269e-02	7.006156878475890137e-02
9.965806640129884499e+02	2.800842020747280059e-01	1.795855918537227203e-01	2.322130567960295489e-01	1.423629625561219358e-01	6.829206285391303810e-02	2.714897590813819886e-02	7.031314795703062781e-02
1.001418434226643626e+03	2.792271886258533842e-01	1.790120569939003814e-01	2.327599526091725934e-01	1.427453265484069644e-01	6.845524591909603329e-02	2.723718868606668855e-02	7.056304061718808585e-02
1.006256204440298802e+03	2.783751761919033840e-01	1.784417951656669110e-01	2.333035023371243799e-01	1.431255709166635859e-01	6.861743831420001605e-02	2.732525654429160400e-02	7.081126052983428842e-02
1.011093974653954206e+03	2.775281351871376478e-01	1.778747876948250650e-01	2.338437296475094074e-01	1.435037047893137352e-01	6.877864692271082325e-02	2.741317445156822921e-02	7.105782130661929263e-02
1.015931744867609382e+03	2.766860362097481318e-01	1.773110160114362843e-01	2.343806579908877252e-01	1.438797373094712617e-01	6.893887856667271774e-02	2.750093750295979494e-02	7.130273640850824657e-02
1.020769515081264785e+03	2.758488500405553712e-01	1.767504616492945879e-01	2.349143106033923789e-01	1.442536776335370530e-01	6.909814000741681950e-02	2.758854091747832762e-02	7.154601914800953755e-02
1.025607285294920075e+03	2.750165476417167909e-01	1.761931062454017705e-01	2.354447105093286363e-01	1.446255349298272153e-01	6.925643794627904526e-02	2.767598003576652102e-02	7.178768269136411029e-02
1.030445055508575479e+03	2.741891001554465079e-01	1.756389315394439876e-01	2.359718805237354389e-01	1.449953183772338672e-01	6.941377902530790345e-02	2.776325031781992636e-02	7.202774006069648238e-02
1.035282825722230655e+03	2.733664789027471231e-01	1.750879193732702288e-01	2.364958432549099654e-01	1.453630371639177965e-01	6.957016982796215832e-02	2.785034734074877741e-02	7.226620413612812321e-02
1.040120595935886058e+03	2.725486553821521163e-01	1.745400516903720112e-01	2.370166211068959194e-01	1.457287004860325363e-01	6.972561687979859923e-02	2.793726679657878784e-02	7.250308765785419551e-02
1.044958366149541234e+03	2.717356012684805644e-01	1.739953105353646834e-01	2.375342362819355679e-01	1.460923175464790003e-01	6.988012664915012329e-02	2.802400449009023742e-02	7.273840322818403425e-02
1.049796136363196410e+03	2.709272884116022406e-01	1.734536780534704503e-01	2.380487107828865856e-01	1.464538975536900101e-01	7.003370554779406176e-02	2.811055633669472947e-02	7.297216331354623720e-02
1.054633906576851814e+03	2.701236888352138710e-01	1.729151364900028132e-01	2.385600664156042883e-01	1.468134497204443556e-01	7.018635993161112530e-02	2.819691836034893262e-02	7.320438024645889441e-02
1.059471676790506763e+03	2.693247747356266597e-01	1.723796681898528138e-01	2.390683247912894493e-01	1.471709832627097481e-01	7.033809610123509248e-02	2.828308669150472743e-02	7.343506622746581725e-02
1.064309447004162394e+03	2.685305184805639178e-01	1.718472555969768056e-01	2.395735073288023098e-01	1.475265073985139452e-01	7.048892030269313103e-02	2.836905756509509532e-02	7.366423332703911364e-02
1.069147217217817570e+03	2.677408926079699603e-01	1.713178812538858897e-01	2.400756352569435870e-01	1.478800313468434102e-01	7.063883872803730646e-02	2.845482731855517380e-02	7.389189348744902575e-02
1.073984987431472746e+03	2.669558698248289397e-01	1.707915278011370164e-01	2.405747296167027316e-01	1.482315643265693372e-01	7.078785751596697318e-02	2.854039238987786387e-02	7.411805852460147392e-02
1.078822757645127922e+03	2.661754230059946158e-01	1.702681779768257520e-01	2.410708112634739608e-01	1.485811155554000451e-01	7.093598275244260287e-02	2.862574931570338946e-02	7.434274012984395941e-02
1.083660527858783553e+03	2.653995251930297838e-01	1.697478146160809609e-01	2.415639008692406497e-01	1.489286942488594889e-01	7.108322047129080057e-02	2.871089472944227811e-02	7.456594987174038069e-02
1.088498298072438729e+03	2.646281495930563055e-01	1.692304206505607367e-01	2.420540189247284979e-01	1.492743096192911956e-01	7.122957665480098011e-02	2.879582535943112781e-02	7.478769919781545761e-02
1.093336068286093905e+03	2.638612695776149653e-01	1.687159791079506088e-01	2.425411857415280814e-01	1.496179708748872905e-01	7.137505723431356031e-02	2.888053802712064327e-02	7.500799943626919319e-02
1.098173838499749309e+03	2.630988586815351526e-01	1.682044731114631375e-01	2.430254214541870128e-01	1.499596872187418106e-01	7.151966809079995935e-02	2.896502964529540369e-02	7.522686179766195635e-02
1.103011608713404712e+03	2.623408906018143139e-01	1.676958858793392571e-01	2.435067460222724578e-01	1.502994678479281365e-01	7.166341505543452617e-02	2.904929721632477577e-02	7.544429737657093460e-02
1.107849378927059888e+03	2.615873391965073957e-01	1.671902007243516453e-01	2.439851792324043978e-01	1.506373219525999896e-01	7.180630391015835334e-02	2.913333783044448969e-02	7.566031715321810958e-02
1.112687149140715292e+03	2.608381784836255046e-01	1.666874010533097306e-01	2.444607407002596933e-01	1.509732587151151606e-01	7.194834038823536004e-02	2.921714866406830563e-02	7.587493199507065744e-02
1.117524919354370468e+03	2.600933826400438909e-01	1.661874703665664477e-01	2.449334498725483089e-01	1.513072873091819426e-01	7.208953017480050629e-02	2.930072697812931282e-02	7.608815265841406550e-02
1.122362689568025871e+03	2.593529260004197590e-01	1.656903922575266586e-01	2.454033260289609497e-01	1.516394168990277125e-01	7.222987890740051320e-02	2.938407011645031638e-02	7.629998978989853409e-02
1.127200459781681047e+03	2.586167830561189040e-01	1.651961504121578772e-01	2.458703882840896637e-01	1.519696566385889958e-01	7.236939217652693657e-02	2.946717550414281947e-02	7.651045392805921885e-02
1.132038229995336451e+03	2.578849284541515630e-01	1.647047286085023543e-01	2.463346555893209666e-01	1.522980156707227639e-01	7.250807552614188523e-02	2.955004064603412514e-02	7.671955550481072972e-02
1.136876000208991627e+03	2.571573369961173694e-01	1.642161107161910216e-01	2.467961467347025706e-01	1.526245031264385210e-01	7.264593445419652296e-02	2.963266312512209677e-02	7.692730484691631676e-02
1.141713770422646803e+03	2.564339836371591352e-01	1.637302806959596013e-01	2.472548803507835236e-01	1.529491281241505962e-01	7.278297441314228455e-02	2.971504060105703560e-02	7.713371217743235364e-02
1.146551540636302207e+03	2.557148434849252916e-01	1.632472225991662973e-01	2.477108749104286189e-01	1.532718997689504481e-01	7.291920081043509749e-02	2.979717080865031814e-02	7.733878761712847938e-02
1.151389310849957155e+03	2.549998917985415448e-01	1.627669205673114572e-01	2.481641487306074367e-01	1.535928271518984534e-01	7.305461900903262307e-02	2.987905155640922100e-02	7.754254118588385647e-02
1.156227081063612786e+03	2.542891039875906367e-01	1.622893588315589830e-01	2.486147199741580160e-01	1.539119193493347360e-01	7.318923432788462802e-02	2.996068072509758956e-02	7.774498280406000328e-02
1.161064851277267962e+03	2.535824556111008210e-01	1.618145217122597956e-01	2.490626066515261583e-01	1.542291854222087311e-01	7.332305204241665320e-02	3.004205626632182324e-02	7.794612229385065871e-02
1.165902621490923138e+03	2.528799223765427762e-01	1.613423936184769647e-01	2.495078266224800556e-01	1.545446344154270124e-01	7.345607738500700701e-02	3.012317620114182345e-02	7.814596938060901221e-02
1.170740391704578315e+03	2.521814801388347904e-01	1.608729590475130034e-01	2.499503975978012438e-01	1.548582753572191884e-01	7.358831554545719467e-02	3.020403861870640458e-02	7.834453369415285418e-02
1.175578161918233945e+03	2.514871048993562175e-01	1.604062025844388006e-01	2.503903371409518241e-01	1.551701172585211452e-01	7.371977167145593590e-02	3.028464167491280029e-02	7.854182477004795215e-02
1.180415932131889122e+03	2.507967728049692591e-01	1.599421089016245523e-01	2.508276626697185097e-01	1.554801691123756935e-01	7.385045086903685441e-02	3.036498359108983844e-02	7.873785205087006911e-02
1.185253702345544298e+03	2.501104601470481859e-01	1.594806627582726344e-01	2.512623914578338002e-01	1.557884398933499503e-01	7.398035820302983900e-02	3.044506265270437856e-02	7.893262488744605399e-02
1.190091472559199701e+03	2.494281433605173293e-01	1.590218489999524198e-01	2.516945406365746485e-01	1.560949385569692094e-01	7.410949869750631247e-02	3.052487720809060265e-02	7.912615254007433763e-02
1.194929242772855105e+03	2.487497990228964839e-01	1.585656525581368714e-01	2.521241271963389763e-01	1.563996740391671025e-01	7.423787733621842189e-02	3.060442566720179836e-02	7.931844417972527816e-02
1.199767012986510281e+03	2.480754038533540817e-01	1.581120584497411330e-01	2.525511679882003757e-01	1.567026552557512498e-01	7.436549906303227542e-02	3.068370650038421132e-02	7.950950888922161952e-02
1.204604783200165684e+03	2.474049347117683317e-01	1.576610517766630359e-01	2.529756797254412160e-01	1.570038911018848127e-01	7.449236878235528103e-02	3.076271823717263015e-02	7.969935566439964592e-02
1.209442553413820860e+03	2.467383685977956875e-01	1.572126177253257151e-01	2.533976789850647116e-01	1.573033904515828418e-01	7.461849135955765655e-02	3.084145946510729458e-02	7.988799341525103237e-02
1.214280323627476264e+03	2.460756826499471139e-01	1.567667415662217789e-01	2.538171822092861185e-01	1.576011621572236954e-01	7.474387162138833307e-02	3.091992882857179034e-02	8.007543096704614061e-02
1.219118093841131440e+03	2.454168541446715979e-01	1.563234086534596723e-01	2.542342057070033912e-01	1.578972150490748627e-01	7.486851435638515462e-02	3.099812502765155256e-02	8.026167706143877423e-02
1.223955864054786844e+03	2.447618604954471533e-01	1.558826044243120379e-01	2.546487656552475221e-01	1.581915579348331102e-01	7.499242431527956831e-02	3.107604681701262722e-02	8.044674035755296215e-02
1.228793634268442020e+03	2.441106792518791813e-01	1.554443143987658260e-01	2.550608781006133419e-01	1.584841995991784769e-01	7.511560621139587446e-02	3.115369300480037157e-02	8.063062943305196462e-02
1.233631404482097196e+03	2.434632880988058246e-01	1.550085241790744306e-01	2.554705589606702243e-01	1.587751488033418423e-01	7.523806472104516141e-02	3.123106245155768748e-02	8.081335278518983478e-02
1.238469174695752372e+03	2.428196648554107051e-01	1.545752194493118792e-01	2.558778240253539726e-01	1.590644142846861231e-01	7.535980448391386977e-02	3.130815406916254151e-02	8.099491883184595231e-02
1.243306944909407548e+03	2.421797874743426005e-01	1.541443859749286605e-01	2.562826889583394441e-01	1.593520047563001252e-01	7.548083010344715238e-02	3.138496681978436564e-02	8.117533591254269543e-02
1.248144715123063179e+03	2.415436340408421978e-01	1.537160096023099387e-01	2.566851692983944111e-01	1.596379289066055251e-01	7.560114614722721060e-02	3.146149971485904390e-02	8.135461228944675105e-02
1.252982485336718355e+03	2.409111827718755650e-01	1.532900762583353782e-01	2.570852804607152153e-01	1.599221953989761746e-01	7.572075714734648189e-02	3.153775181408217249e-02	8.153275614835409080e-02
1.257820255550373531e+03	2.402824120152746434e-01	1.528665719499410214e-01	2.574830377382442692e-01	1.602048128713697284e-01	7.583966760077590075e-02	3.161372222442027785e-02	8.170977559965923731e-02
1.262658025764028707e+03	2.396573002488846527e-01	1.524454827636831378e-01	2.578784563029694610e-01	1.604857899359712348e-01	7.595788196972826090e-02	3.168941009913966295e-02	8.188567867930873767e-02
1.267495795977684338e+03	2.390358260797176559e-01	1.520267948653039880e-01	2.582715512072061292e-01	1.607651351788484950e-01	7.607540468201672013e-02	3.176481463685261464e-02	8.206047334973953777e-02
1.272333566191339514e+03	2.384179682431134539e-01	1.516104944992996695e-01	2.586623373848618290e-01	1.610428571596188574e-01	7.619224013140857288e-02	3.183993508058063221e-02	8.223416750080211890e-02
1.277171336404994690e+03	2.378037056019065842e-01	1.511965679884897107e-01	2.590508296526837229e-01	1.613189644111272525e-01	7.630839267797440151e-02	3.191477071683444799e-02	8.240676895066904872e-02
1.282009106618650094e+03	2.371930171455997605e-01	1.507850017335886916e-01	2.594370427114895405e-01	1.615934654391353309e-01	7.642386664843249522e-02	3.198932087471048624e-02	8.257828544672887738e-02
1.286846876832305497e+03	2.365858819895441389e-01	1.503757822127799459e-01	2.598209911473817191e-01	1.618663687220211200e-01	7.653866633648888362e-02	3.206358492500346880e-02	8.274872466646590596e-02
1.291684647045960673e+03	2.359822793741255531e-01	1.499688959812910949e-01	2.602026894329453333e-01	1.621376827104895613e-01	7.665279600317272124e-02	3.213756227933499410e-02	8.291809421832596616e-02
1.296522417259616077e+03	2.353821886639572147e-01	1.495643296709714132e-01	2.605821519284300947e-01	1.624074158272929558e-01	7.676625987716742539e-02	3.221125238929772178e-02	8.308640164256839156e-02
1.301360187473271253e+03	2.347855893470786881e-01	1.491620699898715263e-01	2.609593928829163079e-01	1.626755764669617910e-01	7.687906215513741481e-02	3.228465474561486442e-02	8.325365441210463846e-02
1.306197957686926657e+03	2.341924610341608592e-01	1.487621037218245512e-01	2.613344264354655611e-01	1.629421729955453924e-01	7.699120700205050460e-02	3.235776887731486862e-02	8.341985993332357019e-02
1.311035727900581833e+03	2.336027834577172058e-01	1.483644177260296237e-01	2.617072666162557626e-01	1.632072137503619014e-01	7.710269855149626261e-02	3.243059435092086884e-02	8.358502554690371011e-02
1.315873498114237009e+03	2.330165364713208953e-01	1.479689989366371194e-01	2.620779273477014115e-01	1.634707070397582174e-01	7.721354090600004993e-02	3.250313076965473391e-02	8.374915852861294918e-02
1.320711268327892412e+03	2.324337000488280180e-01	1.475758343623358448e-01	2.624464224455588246e-01	1.637326611428787382e-01	7.732373813733300905e-02	3.257537777265547690e-02	8.391226609009541648e-02
1.325549038541547588e+03	2.318542542836068421e-01	1.471849110859423382e-01	2.628127656200166529e-01	1.639930843094433710e-01	7.743329428681816617e-02	3.264733503421170940e-02	8.407435537964624839e-02
1.330386808755202765e+03	2.312781793877724812e-01	1.467962162639918633e-01	2.631769704767722429e-01	1.642519847595342031e-01	7.754221336563238420e-02	3.271900226300795272e-02	8.423543348297417299e-02
1.335224578968857941e+03	2.307054556914278909e-01	1.464097371263316238e-01	2.635390505180935095e-01	1.645093706833909430e-01	7.765049935510454082e-02	3.279037920138458406e-02	8.439550742395228455e-02
1.340062349182513572e+03	2.301360636419102490e-01	1.460254609757154765e-01	2.638990191438669308e-01	1.647652502412147724e-01	7.775815620700976538e-02	3.286146562461109838e-02	8.455458416535710509e-02
1.344900119396168748e+03	2.295699838030431927e-01	1.456433751874011417e-01	2.642568896526318323e-01	1.650196315629805233e-01	7.786518784386002590e-02	3.293226134017254031e-02	8.471267060959615514e-02
1.349737889609823924e+03	2.290071968543946346e-01	1.452634672087488865e-01	2.646126752426011253e-01	1.652725227482566561e-01	7.797159815919080250e-02	3.300276618706884935e-02	8.486977359942443622e-02
1.354575659823479100e+03	2.284476835905401571e-01	1.448857245588223708e-01	2.649663890126686128e-01	1.655239318660335912e-01	7.807739101784422209e-02	3.307298003512688933e-02	8.502589991864960284e-02
1.359413430037134731e+03	2.278914249203317921e-01	1.445101348279912712e-01	2.653180439634029719e-01	1.657738669545593957e-01	7.818257025624855694e-02	3.314290278432496795e-02	8.518105629282651803e-02
1.364251200250789907e+03	2.273384018661725459e-01	1.441366856775360139e-01	2.656676529980290247e-01	1.660223360211832144e-01	7.828713968269407353e-02	3.321253436412955479e-02	8.533524938994106745e-02
1.369088970464445310e+03	2.267885955632960859e-01	1.437653648392542283e-01	2.660152289233962408e-01	1.662693470422059450e-01	7.839110307760546736e-02	3.328187473284412862e-02	8.548848582108339866e-02
1.373926740678100487e+03	2.262419872590518688e-01	1.433961601150691711e-01	2.663607844509345846e-01	1.665149079627382955e-01	7.849446419381075901e-02	3.335092387696979299e-02	8.564077214111104341e-02
1.378764510891755890e+03	2.256985583121955408e-01	1.430290593766402052e-01	2.667043321975978154e-01	1.667590266965657819e-01	7.859722675680680393e-02	3.341968181057756310e-02	8.579211484930182596e-02
1.383602281105411066e+03	2.251582901921847235e-01	1.426640505649749147e-01	2.670458846867948544e-01	1.670017111260206355e-01	7.869939446502147162e-02	3.348814857469206707e-02	8.594252038999687648e-02
1.388440051319066470e+03	2.246211644784797401e-01	1.423011216900434139e-01	2.673854543493090485e-01	1.672429691018605669e-01	7.880097099007248029e-02	3.355632423668647446e-02	8.609199515323386065e-02
1.393277821532721646e+03	2.240871628598497256e-01	1.419402608303942936e-01	2.677230535242055010e-01	1.674828084431539410e-01	7.890195997702298403e-02	3.362420888968848526e-02	8.624054547537064741e-02
1.398115591746377049e+03	2.235562671336837892e-01	1.415814561327727317e-01	2.680586944597267984e-01	1.677212369371715028e-01	7.900236504463392651e-02	3.369180265199717139e-02	8.638817763969967867e-02
1.402953361960032225e+03	2.230284592053071169e-01	1.412246958117400752e-01	2.683923893141773598e-01	1.679582623392844309e-01	7.910218978561325831e-02	3.375910566651043471e-02	8.653489787705284653e-02
1.407791132173687402e+03	2.225037210873022364e-01	1.408699681492958933e-01	2.687241501567964042e-01	1.681938923728684698e-01	7.920143776686199011e-02	3.382611810016301207e-02	8.668071236639754429e-02
1.412628902387342805e+03	2.219820348988350844e-01	1.405172614945014165e-01	2.690539889686195396e-01	1.684281347292140296e-01	7.930011252971724822e-02	3.389284014337471534e-02	8.682562723542358585e-02
1.417466672600997981e+03	2.214633828649860414e-01	1.401665642631049757e-01	2.693819176433297491e-01	1.686609970674423642e-01	7.939821759019223546e-02	3.395927200950881603e-02	8.696964856112150699e-02
1.422304442814653157e+03	2.209477473160859351e-01	1.398178649371694671e-01	2.697079479880973296e-01	1.688924870144272172e-01	7.949575643921322210e-02	3.402541393434035943e-02	8.711278237035217920e-02
1.427142213028308333e+03	2.204351106870566235e-01	1.394711520647015923e-01	2.700320917244092844e-01	1.691226121647223524e-01	7.959273254285362253e-02	3.409126617553429051e-02	8.725503464040802737e-02
1.431979983241963964e+03	2.199254555167566016e-01	1.391264142592828768e-01	2.703543604888881680e-01	1.693513800804941627e-01	7.968914934256510207e-02	3.415682901213312056e-02	8.739641129956575438e-02
1.436817753455619140e+03	2.194187644473312160e-01	1.387836401997027125e-01	2.706747658341005502e-01	1.695787982914600533e-01	7.978501025540597758e-02	3.422210274405406566e-02	8.753691822763115526e-02
1.441655523669274316e+03	2.189150202235675413e-01	1.384428186295930951e-01	2.709933192293553783e-01	1.698048742948319867e-01	7.988031867426663435e-02	3.428708769159545533e-02	8.767656125647570187e-02
1.446493293882929493e+03	2.184142056922538655e-01	1.381039383570651924e-01	2.713100320614922345e-01	1.700296155552646904e-01	7.997507796809230629e-02	3.435178419495223123e-02	8.781534617056528658e-02
1.451331064096585123e+03	2.179163038015438647e-01	1.377669882543480218e-01	2.716249156356598249e-01	1.702530295048094167e-01	8.006929148210302494e-02	3.441619261374043170e-02	8.795327870748126387e-02
1.456168834310240300e+03	2.174212976003253306e-01	1.374319572574286275e-01	2.719379811760845311e-01	1.704751235428721423e-01	8.016296253801094562e-02	3.448031332653041237e-02	8.809036455843384517e-02
1.461006604523895703e+03	2.169291702375932829e-01	1.370988343656943942e-01	2.722492398268295810e-01	1.706959050361769037e-01	8.025609443423498135e-02	3.454414673038880279e-02	8.822660936876795812e-02
1.465844374737550879e+03	2.164399049618276061e-01	1.367676086415768044e-01	2.725587026525446710e-01	1.709153813187332949e-01	8.034869044611291089e-02	3.460769324042887313e-02	8.836201873846184773e-02
1.470682144951206283e+03	2.159534851203752936e-01	1.364382692101974159e-01	2.728663806392060409e-01	1.711335596918089064e-01	8.044075382611075298e-02	3.467095328936928983e-02	8.849659822261833619e-02
1.475519915164861459e+03	2.154698941588368000e-01	1.361108052590154494e-01	2.731722846948479999e-01	1.713504474239059550e-01	8.053228780402975351e-02	3.473392732710105929e-02	8.863035333194907439e-02
1.480357685378516862e+03	2.149891156204568332e-01	1.357852060374772074e-01	2.734764256502846269e-01	1.715660517507423266e-01	8.062329558721080536e-02	3.479661582026254141e-02	8.876328953325175741e-02
1.485195455592172038e+03	2.145111331455195891e-01	1.354614608566672984e-01	2.737788142598233110e-01	1.717803798752367272e-01	8.071378036073638407e-02	3.485901925182236655e-02	8.889541224988045665e-02
1.490033225805827215e+03	2.140359304707480370e-01	1.351395590889616916e-01	2.740794612019688548e-01	1.719934389674980246e-01	8.080374528763012432e-02	3.492113812067014489e-02	8.902672686220930443e-02
1.494870996019482618e+03	2.135634914287076469e-01	1.348194901676824931e-01	2.743783770801192512e-01	1.722052361648185870e-01	8.089319350905395389e-02	3.498297294121481549e-02	8.915723870808940632e-02
1.499708766233137567e+03	2.130937999472140854e-01	1.345012435867546652e-01	2.746755724232531892e-01	1.724157785716714519e-01	8.098212814450286845e-02	3.504452424299053792e-02	8.928695308329938352e-02
1.504546536446793198e+03	2.126268400487452970e-01	1.341848089003642996e-01	2.749710576866086220e-01	1.726250732597113535e-01	8.107055229199740254e-02	3.510579257026989058e-02	8.941587524198937875e-02
1.509384306660448374e+03	2.121625958498575271e-01	1.338701757226187783e-01	2.752648432523533972e-01	1.728331272677795238e-01	8.115846902827378306e-02	3.516677848168440340e-02	8.954401039711885890e-02
1.514222076874103550e+03	2.117010515606055077e-01	1.335573337272088212e-01	2.755569394302477271e-01	1.730399476019119920e-01	8.124588140897189004e-02	3.522748254985218902e-02	8.967136372088817253e-02
1.519059847087758726e+03	2.112421914839666126e-01	1.332462726470720893e-01	2.758473564582986093e-01	1.732455412353515189e-01	8.133279246882088587e-02	3.528790536101252678e-02	8.979794034516411227e-02
1.523897617301414357e+03	2.107860000152691204e-01	1.329369822740587015e-01	2.761361045034060879e-01	1.734499151085629187e-01	8.141920522182277686e-02	3.534804751466743417e-02	8.992374536189930156e-02
1.528735387515069533e+03	2.103324616416243631e-01	1.326294524585983348e-01	2.764231936620022423e-01	1.736530761292518488e-01	8.150512266143369877e-02	3.540790962322987873e-02	9.004878382354600252e-02
1.533573157728724709e+03	2.098815609413628991e-01	1.323236731093692664e-01	2.767086339606818490e-01	1.738550311723867092e-01	8.159054776074310678e-02	3.546749231167872773e-02	9.017306074346383149e-02
1.538410927942380113e+03	2.094332825834745171e-01	1.320196341929690265e-01	2.769924353568259390e-01	1.740557870802237617e-01	8.167548347265095321e-02	3.552679621722015096e-02	9.029658109632202057e-02
1.543248698156035516e+03	2.089876113270520697e-01	1.317173257335868264e-01	2.772746077392177488e-01	1.742553506623354675e-01	8.175993273004267259e-02	3.558582198895550441e-02	9.041934981849597541e-02
1.548086468369690692e+03	2.085445320207393038e-01	1.314167378126777086e-01	2.775551609286514010e-01	1.744537286956418798e-01	8.184389844596216823e-02	3.564457028755545209e-02	9.054137180845839294e-02
1.552924238583346096e+03	2.081040296021822444e-01	1.311178605686383336e-01	2.778341046785329782e-01	1.746509279244447266e-01	8.192738351378284212e-02	3.570304178494031894e-02	9.066265192716493893e-02
1.557762008797001272e+03	2.076660890974846019e-01	1.308206841964845435e-01	2.781114486754749371e-01	1.748469550604646039e-01	8.201039080737654308e-02	3.576123716396650831e-02	9.078319499843466589e-02
1.562599779010656675e+03	2.072306956206667605e-01	1.305251989475308128e-01	2.783872025398831940e-01	1.750418167828809990e-01	8.209292318128064148e-02	3.581915711811887310e-02	9.090300580932517138e-02
1.567437549224311852e+03	2.067978343731284863e-01	1.302313951290710869e-01	2.786613758265372720e-01	1.752355197383747842e-01	8.217498347086318877e-02	3.587680235120901950e-02	9.102208911050264917e-02
1.572275319437967255e+03	2.063674906431153533e-01	1.299392631040613977e-01	2.789339780251638423e-01	1.754280705411735974e-01	8.225657449248606479e-02	3.593417357707931470e-02	9.114044961660686117e-02
1.577113089651622431e+03	2.059396498051888069e-01	1.296487932908043650e-01	2.792050185610033264e-01	1.756194757730998035e-01	8.233769904366637638e-02	3.599127151931259122e-02	9.125809200661121057e-02
1.581950859865277607e+03	2.055142973196997236e-01	1.293599761626350875e-01	2.794745067953696704e-01	1.758097419836207875e-01	8.241835990323595484e-02	3.604809691094741642e-02	9.137502092417784660e-02
1.586788630078933011e+03	2.050914187322657178e-01	1.290728022476090309e-01	2.797424520262040692e-01	1.759988756899018292e-01	8.249855983149904926e-02	3.610465049419881584e-02	9.149124097800803712e-02
1.591626400292587959e+03	2.046709996732518355e-01	1.287872621281911378e-01	2.800088634886217509e-01	1.761868833768613640e-01	8.257830157038822949e-02	3.616093302018440203e-02	9.160675674218780873e-02
1.596464170506243590e+03	2.042530258572549662e-01	1.285033464409471859e-01	2.802737503554528220e-01	1.763737714972284654e-01	8.265758784361845746e-02	3.621694524865573528e-02	9.172157275652893793e-02
1.601301940719898766e+03	2.038374830825915029e-01	1.282210458762362004e-01	2.805371217377763404e-01	1.765595464716027407e-01	8.273642135683953458e-02	3.627268794773492316e-02	9.183569352690539034e-02
1.606139710933553943e+03	2.034243572307885550e-01	1.279403511779048930e-01	2.807989866854487815e-01	1.767442146885162269e-01	8.281480479778671744e-02	3.632816189365627862e-02	9.194912352558520796e-02
1.610977481147209119e+03	2.030136342660787130e-01	1.276612531429836828e-01	2.810593541876259538e-01	1.769277825044975050e-01	8.289274083642975133e-02	3.638336787051300175e-02	9.206186719155809439e-02
1.615815251360864750e+03	2.026053002348980059e-01	1.273837426213842439e-01	2.813182331732790864e-01	1.771102562441379258e-01	8.297023212512008583e-02	3.643830667000876045e-02	9.217392893085860073e-02
1.620653021574519926e+03	2.021993412653874111e-01	1.271078105155987181e-01	2.815756325117051428e-01	1.772916422001597769e-01	8.304728129873656384e-02	3.649297909121410055e-02	9.228531311688496774e-02
1.625490791788175102e+03	2.017957435668976396e-01	1.268334477804006766e-01	2.818315610130309734e-01	1.774719466334863938e-01	8.312389097482947298e-02	3.654738594032765076e-02	9.239602409071388800e-02
1.630328562001830505e+03	2.013944934294970568e-01	1.265606454225474686e-01	2.820860274287119163e-01	1.776511757733142682e-01	8.320006375376293173e-02	3.660152803044194880e-02	9.250606616141111849e-02
1.635166332215485909e+03	2.009955772234832683e-01	1.262893945004842922e-01	2.823390404520248476e-01	1.778293358171868233e-01	8.327580221885574896e-02	3.665540618131380574e-02	9.261544360633790218e-02
1.640004102429141085e+03	2.005989813988976467e-01	1.260196861240500121e-01	2.825906087185553472e-01	1.780064329310701576e-01	8.335110893652070141e-02	3.670902121913927757e-02	9.272416067145357321e-02
1.644841872642796488e+03	2.002046924850432175e-01	1.257515114541842560e-01	2.828407408066793693e-01	1.781824732494304842e-01	8.342598645640234012e-02	3.676237397633294601e-02	9.283222157161406807e-02
1.649679642856451665e+03	1.998126970900057642e-01	1.254848617026363689e-01	2.830894452380400272e-01	1.783574628753130942e-01	8.350043731151313153e-02	3.681546529131161927e-02	9.293963049086670369e-02
1.654517413070107068e+03	1.994229819001779869e-01	1.252197281316758115e-01	2.833367304780182172e-01	1.785314078804231819e-01	8.357446401836829408e-02	3.686829600828227249e-02	9.304639158274104205e-02
1.659355183283762244e+03	1.990355336797870744e-01	1.249561020538040856e-01	2.835826049361984680e-01	1.787043143052080563e-01	8.364806907711902495e-02	3.692086697703413078e-02	9.315250897053600765e-02
1.664192953497417420e+03	1.986503392704251358e-01	1.246939748314684349e-01	2.838270769668294613e-01	1.788761881589410740e-01	8.372125497168431130e-02	3.697317905273496408e-02	9.325798674760346629e-02
1.669030723711072824e+03	1.982673855905828508e-01	1.244333378767768922e-01	2.840701548692795564e-01	1.790470354198068770e-01	8.379402416988136759e-02	3.702523309573135107e-02	9.336282897762795963e-02
1.673868493924728000e+03	1.978866596351862572e-01	1.241741826512149649e-01	2.843118468884868744e-01	1.792168620349881836e-01	8.386637912355456026e-02	3.707702997135291223e-02	9.346703969490308128e-02
1.678706264138383403e+03	1.975081484751364802e-01	1.239165006653638740e-01	2.845521612154047197e-01	1.793856739207539963e-01	8.393832226870302782e-02	3.712857054972050486e-02	9.357062290460421705e-02
1.683544034352038352e+03	1.971318392568525146e-01	1.236602834786202920e-01	2.847911059874421169e-01	1.795534769625490856e-01	8.400985602560687160e-02	3.717985570555819297e-02	9.367358258305778784e-02
1.688381804565693983e+03	1.967577192018170607e-01	1.234055226989176079e-01	2.850286892888990731e-01	1.797202770150847506e-01	8.408098279895198646e-02	3.723088631800899190e-02	9.377592267800731463e-02
1.693219574779349159e+03	1.963857756061254400e-01	1.231522099824488292e-01	2.852649191513977334e-01	1.798860799024310231e-01	8.415170497795362858e-02	3.728166327045431827e-02	9.387764710887586128e-02
1.698057344993004335e+03	1.960159958400371494e-01	1.229003370333908163e-01	2.854998035543080404e-01	1.800508914181098152e-01	8.422202493647856780e-02	3.733218745033708291e-02	9.397875976702538270e-02
1.702895115206659511e+03	1.956483673475306606e-01	1.226498956036301963e-01	2.857333504251693412e-01	1.802147173251895940e-01	8.429194503316601861e-02	3.738245974898832258e-02	9.407926451601272833e-02
1.707732885420315142e+03	1.952828776458609417e-01	1.224008774924906229e-01	2.859655676401072766e-01	1.803775633563808878e-01	8.436146761154725282e-02	3.743248106145735665e-02	9.417916519184256485e-02
1.712570655633970318e+03	1.949195143251200024e-01	1.221532745464617292e-01	2.861964630242457841e-01	1.805394352141330983e-01	8.443059500016392160e-02	3.748225228634536471e-02	9.427846560321700986e-02
1.717408425847625494e+03	1.945582650478002718e-01	1.219070786589293853e-01	2.864260443521152166e-01	1.807003385707321996e-01	8.449932951268515624e-02	3.753177432564238497e-02	9.437716953178232338e-02
1.722246196061280898e+03	1.941991175483606669e-01	1.216622817699075376e-01	2.866543193480554641e-01	1.808602790683997430e-01	8.456767344802351705e-02	3.758104808456756707e-02	9.447528073237244917e-02
