7.643676937575347665e+02	3.274938017981136595e-01	2.115947644623794310e-01	2.013189082236706007e-01	1.213017531592580217e-01	5.942696244227742286e-02	2.293636438230940364e-02	5.592744553167428717e-02
7.692054639711900563e+02	3.263597840616547785e-01	2.108379638366011666e-01	2.020675673461131139e-01	1.218003420277957161e-01	5.963292502099065001e-02	2.302200184181421236e-02	5.627941586471319618e-02
7.740432341848452324e+02	3.252324348470845283e-01	2.100854700942031139e-01	2.028112270203953627e-01	1.222962919933658910e-01	5.983777699430229552e-02	2.310794432916031191e-02	5.662885472117131641e-02
7.788810043985006359e+02	3.241117136301312485e-01	2.093372590326783300e-01	2.035499296987052231e-01	1.227896122984792754e-01	6.004152441102449111e-02	2.319417694014282855e-02	5.697578398852139875e-02
7.837187746121558121e+02	3.229975801570362792e-01	2.085933065784785212e-01	2.042837173335724510e-01	1.232803122455685407e-01	6.024417328296486490e-02	2.328068507779793711e-02	5.732022532426418737e-02
7.885565448258112156e+02	3.218899944423397330e-01	2.078535887864555731e-01	2.050126313854428728e-01	1.237684011947097762e-01	6.044572958523233841e-02	2.336745444685266529e-02	5.766220015864977066e-02
7.933943150394665054e+02	3.207889167666907460e-01	2.071180818393034695e-01	2.057367128301224590e-01	1.242538885613880262e-01	6.064619925653937788e-02	2.345447104827191528e-02	5.800172969736674261e-02
7.982320852531219089e+02	3.196943076746812107e-01	2.063867620469999331e-01	2.064560021660938882e-01	1.247367838143063346e-01	6.084558819950076219e-02	2.354172117390103056e-02	5.833883492419957711e-02
8.030698554667769713e+02	3.186061279727037676e-01	2.056596058462485666e-01	2.071705394217073504e-01	1.252170964732373937e-01	6.104390228092888143e-02	2.362919140120222500e-02	5.867353660365453444e-02
8.079076256804323748e+02	3.175243387268325002e-01	2.049365897999211594e-01	2.078803641622484766e-01	1.256948361069173126e-01	6.124114733212571854e-02	2.371686858808321266e-02	5.900585528355431486e-02
8.127453958940876646e+02	3.164489012607270002e-01	2.042176905965003286e-01	2.085855154968850877e-01	1.261700123309805188e-01	6.143732914917135468e-02	2.380473986781649065e-02	5.933581129760193140e-02
8.175831661077428407e+02	3.153797771535586936e-01	2.035028850495223252e-01	2.092860320854953715e-01	1.266426348059354612e-01	6.163245349320928962e-02	2.389279264404762029e-02	5.966342476791391958e-02
8.224209363213982442e+02	3.143169282379599805e-01	2.027921500970204516e-01	2.099819521453792914e-01	1.271127132351801692e-01	6.182652609072842448e-02	2.398101458589101120e-02	5.998871560752339072e-02
8.272587065350534203e+02	3.132603165979946924e-01	2.020854628009686738e-01	2.106733134578556710e-01	1.275802573630570869e-01	6.201955263384185263e-02	2.406939362311164010e-02	6.031170352285306763e-02
8.320964767487085965e+02	3.122099045671510864e-01	2.013828003467258709e-01	2.113601533747466177e-01	1.280452769729465978e-01	6.221153878056246561e-02	2.415791794139124371e-02	6.063240801615871894e-02
8.369342469623640000e+02	3.111656547263556560e-01	2.006841400424806687e-01	2.120425088247516188e-01	1.285077818853985199e-01	6.240249015507542962e-02	2.424657597767745573e-02	6.095084838794328358e-02
8.417720171760191761e+02	3.101275299020080367e-01	1.999894593186964664e-01	2.127204163197133346e-01	1.289677819563008754e-01	6.259241234800753950e-02	2.433535641561451746e-02	6.126704373934190040e-02
8.466097873896745796e+02	3.090954931640371162e-01	1.992987357275574356e-01	2.133939119607765333e-01	1.294252870750856599e-01	6.278131091669356123e-02	2.442424818105406667e-02	6.158101297447828026e-02
8.514475576033297557e+02	3.080695078239774065e-01	1.986119469424148798e-01	2.140630314444430526e-01	1.298803071629704431e-01	6.296919138543956296e-02	2.451324043764464833e-02	6.189277480279262861e-02
8.562853278169851592e+02	3.070495374330656779e-01	1.979290707572345653e-01	2.147278100685235391e-01	1.303328521712356636e-01	6.315605924578319985e-02	2.460232258249856960e-02	6.220234774134144468e-02
8.611230980306403353e+02	3.060355457803575763e-01	1.972500850860443022e-01	2.153882827379885179e-01	1.307829320795367567e-01	6.334191995675120257e-02	2.469148424193473579e-02	6.250975011706949580e-02
8.659608682442956251e+02	3.050274968908641693e-01	1.965749679623827739e-01	2.160444839707205966e-01	1.312305568942508383e-01	6.352677894511379875e-02	2.478071526729615920e-02	6.281500006905429978e-02
8.707986384579510286e+02	3.040253550237073665e-01	1.959036975387487278e-01	2.166964479031692481e-01	1.316757366468566948e-01	6.371064160563644219e-02	2.487000573084081900e-02	6.311811555072328883e-02
8.756364086716062047e+02	3.030290846702951568e-01	1.952362520860512762e-01	2.173442082959101407e-01	1.321184813923486079e-01	6.389351330132861384e-02	2.495934592170461971e-02	6.341911433204412696e-02
8.804741788852616082e+02	3.020386505525154419e-01	1.945726099930608077e-01	2.179877985391106554e-01	1.325588012076822364e-01	6.407539936368994438e-02	2.504872634193516800e-02	6.371801400168833340e-02
8.853119490989170117e+02	3.010540176209481888e-01	1.939127497658609256e-01	2.186272516579034209e-01	1.329967061902530001e-01	6.425630509295342241e-02	2.513813770259514316e-02	6.401483196916857299e-02
8.901497193125721878e+02	3.000751510530965671e-01	1.932566500273013022e-01	2.192626003176690874e-01	1.334322064564056332e-01	6.443623575832613248e-02	2.522757091993405379e-02	6.430958546694978684e-02
8.949874895262273640e+02	2.991020162516362380e-01	1.926042895164513935e-01	2.198938768292307555e-01	1.338653121399752122e-01	6.461519659822716199e-02	2.531701711162716653e-02	6.460229155253470468e-02
8.998252597398827675e+02	2.981345788426816856e-01	1.919556470880550703e-01	2.205211131539606961e-01	1.342960333908582160e-01	6.479319282052285744e-02	2.540646759308045829e-02	6.489296711052369715e-02
9.046630299535379436e+02	2.971728046740712004e-01	1.913107017119865250e-01	2.211443409088015288e-01	1.347243803736138390e-01	6.497022960275961045e-02	2.549591387380046106e-02	6.518162885464948153e-02
9.095008001671932334e+02	2.962166598136689033e-01	1.906694324727069012e-01	2.217635913712035223e-01	1.351503632660946419e-01	6.514631209239396537e-02	2.558534765382778492e-02	6.546829332978688909e-02
9.143385703808486369e+02	2.952661105476838133e-01	1.900318185687222272e-01	2.223788954839787391e-01	1.355739922581062629e-01	6.532144540702027047e-02	2.567476082023332010e-02	6.575297691393795774e-02
9.191763405945038130e+02	2.943211233790061776e-01	1.893978393120421544e-01	2.229902838600744674e-01	1.359952775500954114e-01	6.549563463459577572e-02	2.576414544367595233e-02	6.603569582019262751e-02
9.240141108081592165e+02	2.933816650255602343e-01	1.887674741276401669e-01	2.235977867872667169e-01	1.364142293518660065e-01	6.566888483366332963e-02	2.585349377502072638e-02	6.631646609866537201e-02
9.288518810218145063e+02	2.924477024186737939e-01	1.881407025529146515e-01	2.242014342327753318e-01	1.368308578813227649e-01	6.584120103357159193e-02	2.594279824201644810e-02	6.659530363840793221e-02
9.336896512354697961e+02	2.915192027014639198e-01	1.875175042371513001e-01	2.248012558478025003e-01	1.372451733632418513e-01	6.601258823469288717e-02	2.603205144603163226e-02	6.687222416929852753e-02
9.385274214491247449e+02	2.905961332272385400e-01	1.868978589409865387e-01	2.253972809719954340e-01	1.376571860280678683e-01	6.618305140863865732e-02	2.612124615884781412e-02	6.714724326390775211e-02
9.433651916627801484e+02	2.896784615579146016e-01	1.862817465358724833e-01	2.259895386378350246e-01	1.380669061107372975e-01	6.635259549847262461e-02	2.621037531950923954e-02	6.742037633934137852e-02
9.482029618764355519e+02	2.887661554624509908e-01	1.856691470035426450e-01	2.265780575749516135e-01	1.384743438495273371e-01	6.652122541892163676e-02	2.629943203122789980e-02	6.769163865906051292e-02
9.530407320900908417e+02	2.878591829152975512e-01	1.850600404354795225e-01	2.271628662143690969e-01	1.388795094849300249e-01	6.668894605658423624e-02	2.638840955834300186e-02	6.796104533467915709e-02
9.578785023037459041e+02	2.869575120948592573e-01	1.844544070323829166e-01	2.277439926926789204e-01	1.392824132585512298e-01	6.685576227013696748e-02	2.647730132333388567e-02	6.822861132773946902e-02
9.627162725174014213e+02	2.860611113819750417e-01	1.838522271036398537e-01	2.283214648561447957e-01	1.396830654120337911e-01	6.702167889053853300e-02	2.656610090388548950e-02	6.849435145146516579e-02
9.675540427310568248e+02	2.851699493584120004e-01	1.832534810667958980e-01	2.288953102647399152e-01	1.400814761860046942e-01	6.718670072123172909e-02	2.665480203000542697e-02	6.875828037249311075e-02
9.723918129447120009e+02	2.842839948053739185e-01	1.826581494470275180e-01	2.294655561961171097e-01	1.404776558190458380e-01	6.735083253834318884e-02	2.674339858119177682e-02	6.902041261258337612e-02
9.772295831583674044e+02	2.834032167020246740e-01	1.820662128766161181e-01	2.300322296495140861e-01	1.408716145466877567e-01	6.751407909088114057e-02	2.683188458365073220e-02	6.928076255030816977e-02
9.820673533720223531e+02	2.825275842240254631e-01	1.814776520944233751e-01	2.305953573495939657e-01	1.412633626004261289e-01	6.767644510093090426e-02	2.692025420756318649e-02	6.953934442271968164e-02
9.869051235856777566e+02	2.816570667420861818e-01	1.808924479453679346e-01	2.311549657502229294e-01	1.416529102067604629e-01	6.783793526384844508e-02	2.700850176439945766e-02	6.979617232699725227e-02
9.917428937993331601e+02	2.807916338205312945e-01	1.803105813799035506e-01	2.317110810381858010e-01	1.420402675862548481e-01	6.799855424845184515e-02	2.709662170428129430e-02	7.005126022207404379e-02
9.965806640129884499e+02	2.799312552158787493e-01	1.797320334534987796e-01	2.322637291368405688e-01	1.424254449526201338e-01	6.815830669721070767e-02	2.718460861339032017e-02	7.030462193024339390e-02
1.001418434226643626e+03	2.790759008754328252e-01	1.791567853261179510e-01	2.328129357097134533e-01	1.428084525118172854e-01	6.831719722643372905e-02	2.727245721142212975e-02	7.055627113874528289e-02
1.006256204440298802e+03	2.782255409358905252e-01	1.785848182617037760e-01	2.333587261640346910e-01	1.431893004611814180e-01	6.847523042645414781e-02	2.736016234908525760e-02	7.080622140133281672e-02
1.011093974653954206e+03	2.773801457219606803e-01	1.780161136276614264e-01	2.339011256542169737e-01	1.435679989885665087e-01	6.863241086181336159e-02	2.744771900564419581e-02	7.105448613981943384e-02
1.015931744867609382e+03	2.765396857449967660e-01	1.774506528943441686e-01	2.344401590852769335e-01	1.439445582715097038e-01	6.878874307144262901e-02	2.753512228650572755e-02	7.130107864560658593e-02
1.020769515081264785e+03	2.757041317016420967e-01	1.768884176345403292e-01	2.349758511162010899e-01	1.443189884764158604e-01	6.894423156884285642e-02	2.762236742084779942e-02	7.154601208119248934e-02
1.025607285294920075e+03	2.748734544724878992e-01	1.763293895229621489e-01	2.355082261632568397e-01	1.446912997577609328e-01	6.909888084226253890e-02	2.770944975929022849e-02	7.178929948166187791e-02
1.030445055508575479e+03	2.740476251207442648e-01	1.757735503357358009e-01	2.360373084032499624e-01	1.450615022573147062e-01	6.925269535487392492e-02	2.779636477160646324e-02	7.203095375615732598e-02
1.035282825722230655e+03	2.732266148909230918e-01	1.752208819498933534e-01	2.365631217767290018e-01	1.454296061033819309e-01	6.940567954494730740e-02	2.788310804447574967e-02	7.227098768933200301e-02
1.040120595935886058e+03	2.724103952075334067e-01	1.746713663428660912e-01	2.370856899911380211e-01	1.457956214100620262e-01	6.955783782602355247e-02	2.796967527927492203e-02	7.250941394278438701e-02
1.044958366149541234e+03	2.715989376737891758e-01	1.741249855919794753e-01	2.376050365239181228e-01	1.461595582765266299e-01	6.970917458708492109e-02	2.805606228990919354e-02	7.274624505647489525e-02
1.049796136363196410e+03	2.707922140703283298e-01	1.735817218739498236e-01	2.381211846255590903e-01	1.465214267863148290e-01	6.985969419272405889e-02	2.814226500068124984e-02	7.298149345012491795e-02
1.054633906576851814e+03	2.699901963539445560e-01	1.730415574643825449e-01	2.386341573226017643e-01	1.468812370066458484e-01	7.000940098331139005e-02	2.822827944419795121e-02	7.321517142459819938e-02
1.059471676790506763e+03	2.691928566563298042e-01	1.725044747372719567e-01	2.391439774205919855e-01	1.472389989877486982e-01	7.015829927516074871e-02	2.831410175931403303e-02	7.344729116326503826e-02
1.064309447004162394e+03	2.684001672828287832e-01	1.719704561645029051e-01	2.396506675069872139e-01	1.475947227622085578e-01	7.030639336069334500e-02	2.839972818911211741e-02	7.367786473334932140e-02
1.069147217217817570e+03	2.676121007112051697e-01	1.714394843153538295e-01	2.401542499540162967e-01	1.479484183443296741e-01	7.045368750860013518e-02	2.848515507891846016e-02	7.390690408725864025e-02
1.073984987431472746e+03	2.668286295904182537e-01	1.709115418560017974e-01	2.406547469214936341e-01	1.483000957295144140e-01	7.060018596400252644e-02	2.857037887435373222e-02	7.413442106389782349e-02
1.078822757645127922e+03	2.660497267394115184e-01	1.703866115490289268e-01	2.411521803595880475e-01	1.486497648936579152e-01	7.074589294861149957e-02	2.865539611941831169e-02	7.436042738996594126e-02
1.083660527858783553e+03	2.652753651459115458e-01	1.698646762529306409e-01	2.416465720115475169e-01	1.489974357925587800e-01	7.089081266088520517e-02	2.874020345461142031e-02	7.458493468123704451e-02
1.088498298072438729e+03	2.645055179652380795e-01	1.693457189216257264e-01	2.421379434163805910e-01	1.493431183613445068e-01	7.103494927618485277e-02	2.882479761508354582e-02	7.480795444382483395e-02
1.093336068286093905e+03	2.637401585191248010e-01	1.688297226039678633e-01	2.426263159114948054e-01	1.496868225139123543e-01	7.117830694692924010e-02	2.890917542882158117e-02	7.502949807543143890e-02
1.098173838499749309e+03	2.629792602945505986e-01	1.683166704432591254e-01	2.431117106352933266e-01	1.500285581423846937e-01	7.132088980274764456e-02	2.899333381486607006e-02	7.524957686658062528e-02
1.103011608713404712e+03	2.622227969425812155e-01	1.678065456767650065e-01	2.435941485297302422e-01	1.503683351165788495e-01	7.146270195063131325e-02	2.907726978156005559e-02	7.546820200183537719e-02
1.107849378927059888e+03	2.614707422772213352e-01	1.672993316352313908e-01	2.440736503428254378e-01	1.507061632834913456e-01	7.160374747508338467e-02	2.916098042482891464e-02	7.568538456100025458e-02
1.112687149140715292e+03	2.607230702742769357e-01	1.667950117424030210e-01	2.445502366311396725e-01	1.510420524667955844e-01	7.174403043826739490e-02	2.924446292649072673e-02	7.590113552030874899e-02
1.117524919354370468e+03	2.599797550702274695e-01	1.662935695145439929e-01	2.450239277622102974e-01	1.513760124663537654e-01	7.188355488015438222e-02	2.932771455259656004e-02	7.611546575359556810e-02
1.122362689568025871e+03	2.592407709611082578e-01	1.657949885599597495e-01	2.454947439169489487e-01	1.517080530577420427e-01	7.202232481866849279e-02	2.941073265180019561e-02	7.632838603345430684e-02
1.127200459781681047e+03	2.585060924014026540e-01	1.652992525785210165e-01	2.459627050920010771e-01	1.520381839917885058e-01	7.216034424983128193e-02	2.949351465375679368e-02	7.653990703238056081e-02
1.132038229995336451e+03	2.577756940029438670e-01	1.648063453611895435e-01	2.464278311020686174e-01	1.523664149941247326e-01	7.229761714790453042e-02	2.957605806754995056e-02	7.675003932390067618e-02
1.136876000208991627e+03	2.570495505338262765e-01	1.643162507895454261e-01	2.468901415821960210e-01	1.526927557647493328e-01	7.243414746553178407e-02	2.965836048014670184e-02	7.695879338368631639e-02
1.141713770422646803e+03	2.563276369173267399e-01	1.638289528353164548e-01	2.473496559900206226e-01	1.530172159776045371e-01	7.256993913387854711e-02	2.974041955487995506e-02	7.716617959065504018e-02
1.146551540636302207e+03	2.556099282308344489e-01	1.633444355599089626e-01	2.478063936079877572e-01	1.533398052801646927e-01	7.270499606277104621e-02	2.982223302995788000e-02	7.737220822805709886e-02
1.151389310849957155e+03	2.548963997047909436e-01	1.628626831139408926e-01	2.482603735455310989e-01	1.536605332930367496e-01	7.283932214083378709e-02	2.990379871699978820e-02	7.757688948454853628e-02
1.156227081063612786e+03	2.541870267216389534e-01	1.623836797367762264e-01	2.487116147412191947e-01	1.539794096095727094e-01	7.297292123562584831e-02	2.998511449959806452e-02	7.778023345525079957e-02
1.161064851277267962e+03	2.534817848147798425e-01	1.619074097560615211e-01	2.491601359648685232e-01	1.542964437954933710e-01	7.310579719377571783e-02	3.006617833190565470e-02	7.798225014279715206e-02
1.165902621490923138e+03	2.527806496675407688e-01	1.614338575872640846e-01	2.496059558196236927e-01	1.546116453885236219e-01	7.323795384111510265e-02	3.014698823724868901e-02	7.818294945836586074e-02
1.170740391704578315e+03	2.520835971121501706e-01	1.609630077332120379e-01	2.500490927440054412e-01	1.549250238980387218e-01	7.336939498281129513e-02	3.022754230676380494e-02	7.838234122270039406e-02
1.175578161918233945e+03	2.513906031287221343e-01	1.604948447836363756e-01	2.504895650139267738e-01	1.552365888047214648e-01	7.350012440349847076e-02	3.030783869805974556e-02	7.858043516711693544e-02
1.180415932131889122e+03	2.507016438442496442e-01	1.600293534147143870e-01	2.509273907446781249e-01	1.555463495602301682e-01	7.363014586740765366e-02	3.038787563390278612e-02	7.877724093449912923e-02
1.185253702345544298e+03	2.500166955316060480e-01	1.595665183886153804e-01	2.513625878928817392e-01	1.558543155868770680e-01	7.375946311849558568e-02	3.046765140092560359e-02	7.897276808028044770e-02
1.190091472559199701e+03	2.493357346085551540e-01	1.591063245530480452e-01	2.517951742584160768e-01	1.561604962773169292e-01	7.388807988057236043e-02	3.054716434835915220e-02	7.916702607341416509e-02
1.194929242772855105e+03	2.486587376367696278e-01	1.586487568408095072e-01	2.522251674863104642e-01	1.564649009942459812e-01	7.401599985742783605e-02	3.062641288678718751e-02	7.936002429733125807e-02
1.199767012986510281e+03	2.479856813208576871e-01	1.581938002693365763e-01	2.526525850686109353e-01	1.567675390701104843e-01	7.414322673295706267e-02	3.070539548692297060e-02	7.955177205088614922e-02
1.204604783200165684e+03	2.473165425073979018e-01	1.577414399402584100e-01	2.530774443462172063e-01	1.570684198068252879e-01	7.426976417128441921e-02	3.078411067840786455e-02	7.974227854929079318e-02
1.209442553413820860e+03	2.466512981839821816e-01	1.572916610389514247e-01	2.534997625106916730e-01	1.573675524755015764e-01	7.439561581688670933e-02	3.086255704863137203e-02	7.993155292503691112e-02
1.214280323627476264e+03	2.459899254782666189e-01	1.568444488340957899e-01	2.539195566060410414e-01	1.576649463161843012e-01	7.452078529471513335e-02	3.094073324157223942e-02	8.011960422880673449e-02
1.219118093841131440e+03	2.453324016570304356e-01	1.563997886772336421e-01	2.543368435304704245e-01	1.579606105375986058e-01	7.464527621031616378e-02	3.101863795666030474e-02	8.030644143037235505e-02
1.223955864054786844e+03	2.446787041252423411e-01	1.559576660023296590e-01	2.547516400381110158e-01	1.582545543169051327e-01	7.476909214995135222e-02	3.109626994765870428e-02	8.049207341948373673e-02
1.228793634268442020e+03	2.440288104251351065e-01	1.555180663253329376e-01	2.551639627407215616e-01	1.585467867994644064e-01	7.489223668071606776e-02	3.117362802156607715e-02	8.067650900674579184e-02
1.233631404482097196e+03	2.433826982352873536e-01	1.550809752437410372e-01	2.555738281093640762e-01	1.588373170986095428e-01	7.501471335065716672e-02	3.125071103753843116e-02	8.085975692448431340e-02
1.238469174695752372e+03	2.427403453697132840e-01	1.546463784361656879e-01	2.559812524760540220e-01	1.591261542954277575e-01	7.513652568888971872e-02	3.132751790583030577e-02	8.104182582760113829e-02
1.243306944909407548e+03	2.421017297769594290e-01	1.542142616619005813e-01	2.563862520353858976e-01	1.594133074385498394e-01	7.525767720571256703e-02	3.140404758675494762e-02	8.122272429441865227e-02
1.248144715123063179e+03	2.414668295392092268e-01	1.537846107604907420e-01	2.567888428461341244e-01	1.596987855439479520e-01	7.537817139272295908e-02	3.148029908966312046e-02	8.140246082751377565e-02
1.252982485336718355e+03	2.408356228713945391e-01	1.533574116513038987e-01	2.571890408328301181e-01	1.599825975947414269e-01	7.549801172293024720e-02	3.155627147194019905e-02	8.158104385454138796e-02
1.257820255550373531e+03	2.402080881203147722e-01	1.529326503331038256e-01	2.575868617873156019e-01	1.602647525410102469e-01	7.561720165086840972e-02	3.163196383802135275e-02	8.175848172904769118e-02
1.262658025764028707e+03	2.395842037637625765e-01	1.525103128836252375e-01	2.579823213702723272e-01	1.605452592996163552e-01	7.573574461270783653e-02	3.170737533842433314e-02	8.193478273127323408e-02
1.267495795977684338e+03	2.389639484096573174e-01	1.520903854591507676e-01	2.583754351127297566e-01	1.608241267540323483e-01	7.585364402636594894e-02	3.178250516879969206e-02	8.210995506894601392e-02
1.272333566191339514e+03	2.383473007951849576e-01	1.516728542940897484e-01	2.587662184175497648e-01	1.611013637541775512e-01	7.597090329161701461e-02	3.185735256899807633e-02	8.228400687806476654e-02
1.277171336404994690e+03	2.377342397859452117e-01	1.512577057005587700e-01	2.591546865608890249e-01	1.613769791162613099e-01	7.608752579020096329e-02	3.193191682215429372e-02	8.245694622367230608e-02
1.282009106618650094e+03	2.371247443751053896e-01	1.508449260679641524e-01	2.595408546936403549e-01	1.616509816226333884e-01	7.620351488593128664e-02	3.200619725378787278e-02	8.262878110061944170e-02
1.286846876832305497e+03	2.365187936825609571e-01	1.504345018625863895e-01	2.599247378428521382e-01	1.619233800216412500e-01	7.631887392480204979e-02	3.208019323091984565e-02	8.279951943431924921e-02
1.291684647045960673e+03	2.359163669541028963e-01	1.500264196271661743e-01	2.603063509131273157e-01	1.621941830274941376e-01	7.643360623509393159e-02	3.215390416120540718e-02	8.296916908149204462e-02
1.296522417259616077e+03	2.353174435605917825e-01	1.496206659804923123e-01	2.606857086880011720e-01	1.624633993201337334e-01	7.654771512747948758e-02	3.222732949208225589e-02	8.313773783090108727e-02
1.301360187473271253e+03	2.347220029971381627e-01	1.492172276169918821e-01	2.610628258312993610e-01	1.627310375451115620e-01	7.666120389512741384e-02	3.230046870993431157e-02	8.330523340407910982e-02
1.306197957686926657e+03	2.341300248822896224e-01	1.488160913063216739e-01	2.614377168884756686e-01	1.629971063134723896e-01	7.677407581380603363e-02	3.237332133927051103e-02	8.347166345604586923e-02
1.311035727900581833e+03	2.335414889572241526e-01	1.484172438929618476e-01	2.618103962879304025e-01	1.632616142016442284e-01	7.688633414198592364e-02	3.244588694191843925e-02	8.363703557601676053e-02
1.315873498114237009e+03	2.329563750849499848e-01	1.480206722958112842e-01	2.621808783423093536e-01	1.635245697513341978e-01	7.699798212094161043e-02	3.251816511623258771e-02	8.380135728810271523e-02
1.320711268327892412e+03	2.323746632495115871e-01	1.476263635077848524e-01	2.625491772497839382e-01	1.637859814694306304e-01	7.710902297485247581e-02	3.259015549631687214e-02	8.396463605200135683e-02
1.325549038541547588e+03	2.317963335552019055e-01	1.472343045954124241e-01	2.629153070953126892e-01	1.640458578279107571e-01	7.721945991090292671e-02	3.266185775126131258e-02	8.412687926367967695e-02
1.330386808755202765e+03	2.312213662257808777e-01	1.468444826984398321e-01	2.632792818518843170e-01	1.643042072637543871e-01	7.732929611938159364e-02	3.273327158439245238e-02	8.428809425604814887e-02
1.335224578968857941e+03	2.306497416036998593e-01	1.464568850294315494e-01	2.636411153817431741e-01	1.645610381788630561e-01	7.743853477377986294e-02	3.280439673253743998e-02	8.444828829962663930e-02
1.340062349182513572e+03	2.300814401493322392e-01	1.460714988733752828e-01	2.640008214375963447e-01	1.648163589399847528e-01	7.754717903088946540e-02	3.287523296530144024e-02	8.460746860320203511e-02
1.344900119396168748e+03	2.295164424402097725e-01	1.456883115872883716e-01	2.643584136638040261e-01	1.650701778786440310e-01	7.765523203089944038e-02	3.294578008435816718e-02	8.476564231447775155e-02
1.349737889609823924e+03	2.289547291702651310e-01	1.453073105998259062e-01	2.647139055975522570e-01	1.653225032910774217e-01	7.776269689749222558e-02	3.301603792275328852e-02	8.492281652071523301e-02
1.354575659823479100e+03	2.283962811490801714e-01	1.449284834108910403e-01	2.650673106700093262e-01	1.655733434381737867e-01	7.786957673793899748e-02	3.308600634422055597e-02	8.507899824936758504e-02
1.359413430037134731e+03	2.278410793011398372e-01	1.445518175912464953e-01	2.654186422074649165e-01	1.658227065454202231e-01	7.797587464319424844e-02	3.315568524251031463e-02	8.523419446870535154e-02
1.364251200250789907e+03	2.272891046650919455e-01	1.441773007821284536e-01	2.657679134324539838e-01	1.660706008028523528e-01	7.808159368798965605e-02	3.322507454073028721e-02	8.538841208843464536e-02
1.369088970464445310e+03	2.267403383930126082e-01	1.438049206948621428e-01	2.661151374648637047e-01	1.663170343650098582e-01	7.818673693092713373e-02	3.329417419069836265e-02	8.554165796030760438e-02
1.373926740678100487e+03	2.261947617496772589e-01	1.434346651104788650e-01	2.664603273230248814e-01	1.665620153508964862e-01	7.829130741457121512e-02	3.336298417230718072e-02	8.569393887872546467e-02
1.378764510891755890e+03	2.256523561118372323e-01	1.430665218793353288e-01	2.668034959247885807e-01	1.668055518439449381e-01	7.839530816554074466e-02	3.343150449290033244e-02	8.584526158133412577e-02
1.383602281105411066e+03	2.251131029675018103e-01	1.427004789207345359e-01	2.671446560885866739e-01	1.670476518919861153e-01	7.849874219459974933e-02	3.349973518665993327e-02	8.599563274961247172e-02
1.388440051319066470e+03	2.245769839152256808e-01	1.423365242225483884e-01	2.674838205344777231e-01	1.672883235072228081e-01	7.860161249674772754e-02	3.356767631400546514e-02	8.614505900945348960e-02
1.393277821532721646e+03	2.240439806634019204e-01	1.419746458408423229e-01	2.678210018851784335e-01	1.675275746662077681e-01	7.870392205130909147e-02	3.363532796100349165e-02	8.629354693173825475e-02
1.398115591746377049e+03	2.235140750295601664e-01	1.416148318995015531e-01	2.681562126670802293e-01	1.677654133098260281e-01	7.880567382202213755e-02	3.370269023878833675e-02	8.644110303290286623e-02
1.402953361960032225e+03	2.229872489396701185e-01	1.412570705898592016e-01	2.684894653112516738e-01	1.680018473432814130e-01	7.890687075712705945e-02	3.376976328299327590e-02	8.658773377549858208e-02
1.407791132173687402e+03	2.224634844274502310e-01	1.409013501703262339e-01	2.688207721544271234e-01	1.682368846360869918e-01	7.900751578945358622e-02	3.383654725319220485e-02	8.673344556874491851e-02
1.412628902387342805e+03	2.219427636336817056e-01	1.405476589660229758e-01	2.691501454399815030e-01	1.684705330220595265e-01	7.910761183650769079e-02	3.390304233235157810e-02	8.687824476907624049e-02
1.417466672600997981e+03	2.214250688055274807e-01	1.401959853684126844e-01	2.694775973188914264e-01	1.687028002993179454e-01	7.920716180055782651e-02	3.396924872629236702e-02	8.702213768068151056e-02
1.422304442814653157e+03	2.209103822958563001e-01	1.398463178349367841e-01	2.698031398506827716e-01	1.689336942302853695e-01	7.930616856872045595e-02	3.403516666316201006e-02	8.716513055603751503e-02
1.427142213028308333e+03	2.203986865625718605e-01	1.394986448886517127e-01	2.701267850043659879e-01	1.691632225416950241e-01	7.940463501304485805e-02	3.410079639291597325e-02	8.730722959643572034e-02
1.431979983241963964e+03	2.198899641679469275e-01	1.391529551178678770e-01	2.704485446593576370e-01	1.693913929245996763e-01	7.950256399059749124e-02	3.416613818680897668e-02	8.744844095250255134e-02
1.436817753455619140e+03	2.193841977779623920e-01	1.388092371757899401e-01	2.707684306063896651e-01	1.696182130343846794e-01	7.959995834354548216e-02	3.423119233689553981e-02	8.758877072471346614e-02
1.441655523669274316e+03	2.188813701616511009e-01	1.384674797801593304e-01	2.710864545484060195e-01	1.698436904907844047e-01	7.969682089923972590e-02	3.429595915553976943e-02	8.772822496390084157e-02
1.446493293882929493e+03	2.183814641904466558e-01	1.381276717128980536e-01	2.714026281014473296e-01	1.700678328779020310e-01	7.979315447029723674e-02	3.436043897493422372e-02	8.786680967175564128e-02
1.451331064096585123e+03	2.178844628375369852e-01	1.377898018197546426e-01	2.717169627955231537e-01	1.702906477442327760e-01	7.988896185468294386e-02	3.442463214662766502e-02	8.800453080132301931e-02
1.456168834310240300e+03	2.173903491772225527e-01	1.374538590099515512e-01	2.720294700754725126e-01	1.705121426026902365e-01	7.998424583579083480e-02	3.448853904106158330e-02	8.814139425749192847e-02
1.461006604523895703e+03	2.168991063842792832e-01	1.371198322558344063e-01	2.723401613018128775e-01	1.707323249306358093e-01	8.007900918252461309e-02	3.455216004711531008e-02	8.827740589747888611e-02
1.465844374737550879e+03	2.164107177333262910e-01	1.367877105925230929e-01	2.726490477515773891e-01	1.709512021699113038e-01	8.017325464937764823e-02	3.461549557165952834e-02	8.841257153130586965e-02
1.470682144951206283e+03	2.159251665981980761e-01	1.364574831175643932e-01	2.729561406191410300e-01	1.711687817268745249e-01	8.026698497651248154e-02	3.467854603911816463e-02	8.854689692227245279e-02
1.475519915164861459e+03	2.154424364513211620e-01	1.361291389905864568e-01	2.732614510170354727e-01	1.713850709724377419e-01	8.036020288983956872e-02	3.474131189103837891e-02	8.868038778742232120e-02
1.480357685378516862e+03	2.149625108630956460e-01	1.358026674329548822e-01	2.735649899767532145e-01	1.716000772421090725e-01	8.045291110109570321e-02	3.480379358566856179e-02	8.881304979800407062e-02
1.485195455592172038e+03	2.144853735012807461e-01	1.354780577274307674e-01	2.738667684495406096e-01	1.718138078360365584e-01	8.054511230792164855e-02	3.486599159754422139e-02	8.894488857992660646e-02
1.490033225805827215e+03	2.140110081303851775e-01	1.351552992178300383e-01	2.741667973071809095e-01	1.720262700190550442e-01	8.063680919393935442e-02	3.492790641708161392e-02	8.907590971420899228e-02
1.494870996019482618e+03	2.135393986110617204e-01	1.348343813086849419e-01	2.744650873427661453e-01	1.722374710207357218e-01	8.072800442882861749e-02	3.498953855017892384e-02	8.920611873742501086e-02
1.499708766233137567e+03	2.130705288995061730e-01	1.345152934649069820e-01	2.747616492714592962e-01	1.724474180354381436e-01	8.081870066840317335e-02	3.505088851782495879e-02	8.933552114214234063e-02
1.504546536446793198e+03	2.126043830468606344e-01	1.341980252114514938e-01	2.750564937312461877e-01	1.726561182223648738e-01	8.090890055468619169e-02	3.511195685571513736e-02	8.946412237735647255e-02
1.509384306660448374e+03	2.121409451986210615e-01	1.338825661329841044e-01	2.753496312836775095e-01	1.728635787056186646e-01	8.099860671598539674e-02	3.517274411387469324e-02	8.959192784891951977e-02
1.514222076874103550e+03	2.116801995940490178e-01	1.335689058735488322e-01	2.756410724146010072e-01	1.730698065742617142e-01	8.108782176696748001e-02	3.523325085628897096e-02	8.971894291996392046e-02
1.519059847087758726e+03	2.112221305655876680e-01	1.332570341362376842e-01	2.759308275348840156e-01	1.732748088823776456e-01	8.117654830873220762e-02	3.529347766054064667e-02	8.984517291132104733e-02
1.523897617301414357e+03	2.107667225382819642e-01	1.329469406828620581e-01	2.762189069811268327e-01	1.734785926491355379e-01	8.126478892888577832e-02	3.535342511745380445e-02	8.997062310193487678e-02
1.528735387515069533e+03	2.103139600292028566e-01	1.326386153336259199e-01	2.765053210163664343e-01	1.736811648588562629e-01	8.135254620161390393e-02	3.541309383074468797e-02	9.009529872927075911e-02
1.533573157728724709e+03	2.098638276468755282e-01	1.323320479668004535e-01	2.767900798307713073e-01	1.738825324610808742e-01	8.143982268775415423e-02	3.547248441667910646e-02	9.021920498971935931e-02
1.538410927942380113e+03	2.094163100907119601e-01	1.320272285184004302e-01	2.770731935423270120e-01	1.740827023706412457e-01	8.152662093486807982e-02	3.553159750373625220e-02	9.034234703899579610e-02
1.543248698156035516e+03	2.089713921504471605e-01	1.317241469818622446e-01	2.773546721975130303e-01	1.742816814677327075e-01	8.161294347731258558e-02	3.559043373227892965e-02	9.046472999253407643e-02
1.548086468369690692e+03	2.085290587055796674e-01	1.314227934077236148e-01	2.776345257719710080e-01	1.744794765979885975e-01	8.169879283631099887e-02	3.564899375422998090e-02	9.058635892587688088e-02
1.552924238583346096e+03	2.080892947248156322e-01	1.311231579033048933e-01	2.779127641711642283e-01	1.746760945725568392e-01	8.178417152002354085e-02	3.570727823275492152e-02	9.070723887506071392e-02
1.557762008797001272e+03	2.076520852655171501e-01	1.308252306323919589e-01	2.781893972310285901e-01	1.748715421681784898e-01	8.186908202361740938e-02	3.576528784195055766e-02	9.082737483699662717e-02
1.562599779010656675e+03	2.072174154731542539e-01	1.305290018149209141e-01	2.784644347186153723e-01	1.750658261272679261e-01	8.195352682933636224e-02	3.582302326653954982e-02	9.094677176984640454e-02
1.567437549224311852e+03	2.067852705807608771e-01	1.302344617266641136e-01	2.787378863327260037e-01	1.752589531579948900e-01	8.203750840656980070e-02	3.588048520157079840e-02	9.106543459339426494e-02
1.572275319437967255e+03	2.063556359083944525e-01	1.299416006989181360e-01	2.790097617045383394e-01	1.754509299343684492e-01	8.212102921192142302e-02	3.593767435212555372e-02	9.118336818941438771e-02
1.577113089651622431e+03	2.059284968625993695e-01	1.296504091181930329e-01	2.792800703982253885e-01	1.756417630963223731e-01	8.220409168927744759e-02	3.599459143302911890e-02	9.130057740203401107e-02
1.581950859865277607e+03	2.055038389358741224e-01	1.293608774259035477e-01	2.795488219115659922e-01	1.758314592498023687e-01	8.228669826987433655e-02	3.605123716856810379e-02	9.141706703809227008e-02
1.586788630078933011e+03	2.050816477061422338e-01	1.290729961180615837e-01	2.798160256765479525e-01	1.760200249668548156e-01	8.236885137236611698e-02	3.610761229221310514e-02	9.153284186749492679e-02
1.591626400292587959e+03	2.046619088362268135e-01	1.287867557449705047e-01	2.800816910599635556e-01	1.762074667857169707e-01	8.245055340289124401e-02	3.616371754634669505e-02	9.164790662356497863e-02
1.596464170506243590e+03	2.042446080733285318e-01	1.285021469109209336e-01	2.803458273639976572e-01	1.763937912109088957e-01	8.253180675513897835e-02	3.621955368199662739e-02	9.176226600338913131e-02
1.601301940719898766e+03	2.038297312485075896e-01	1.282191602738880498e-01	2.806084438268083847e-01	1.765790047133267149e-01	8.261261381041545837e-02	3.627512145857423459e-02	9.187592466816026093e-02
1.606139710933553943e+03	2.034172642761690186e-01	1.279377865452307195e-01	2.808695496231007893e-01	1.767631137303372346e-01	8.269297693770917557e-02	3.633042164361784121e-02	9.198888724351593493e-02
1.610977481147209119e+03	2.030071931535514240e-01	1.276580164893918456e-01	2.811291538646931709e-01	1.769461246658739773e-01	8.277289849375617237e-02	3.638545501254113190e-02	9.210115831987300550e-02
1.615815251360864750e+03	2.025995039602194736e-01	1.273798409236006068e-01	2.813872656010764639e-01	1.771280438905347143e-01	8.285238082310474039e-02	3.644022234838643209e-02	9.221274245275831727e-02
1.620653021574519926e+03	2.021941828575598010e-01	1.271032507175759996e-01	2.816438938199667397e-01	1.773088777416800543e-01	8.293142625817975788e-02	3.649472444158272100e-02	9.232364416313565414e-02
1.625490791788175102e+03	2.017912160882801287e-01	1.268282367932320465e-01	2.818990474478514363e-01	1.774886325235334184e-01	8.301003711934654139e-02	3.654896208970839083e-02	9.243386793772882803e-02
1.630328562001830505e+03	2.013905899759121931e-01	1.265547901243846141e-01	2.821527353505277058e-01	1.776673145072821813e-01	8.308821571497433667e-02	3.660293609725862041e-02	9.254341822934111783e-02
1.635166332215485909e+03	2.009922909243176958e-01	1.262829017364596740e-01	2.824049663336355431e-01	1.778449299311800069e-01	8.316596434149944872e-02	3.665664727541727286e-02	9.265229945717111393e-02
1.640004102429141085e+03	2.005963054171978344e-01	1.260125627062030351e-01	2.826557491431836988e-01	1.780214850006503480e-01	8.324328528348787226e-02	3.671009644183326204e-02	9.276051600712471867e-02
1.644841872642796488e+03	2.002026200176061366e-01	1.257437641613918244e-01	2.829050924660690414e-01	1.781969858883910574e-01	8.332018081369764462e-02	3.676328442040126959e-02	9.286807223212381612e-02
1.649679642856451665e+03	1.998112213674645143e-01	1.254764972805472723e-01	2.831530049305903129e-01	1.783714387344798868e-01	8.339665319314065739e-02	3.681621204104681966e-02	9.297497245241127806e-02
1.654517413070107068e+03	1.994220961870826481e-01	1.252107532926490796e-01	2.833994951069552792e-01	1.785448496464813462e-01	8.347270467114427384e-02	3.686888013951553772e-02	9.308122095585252831e-02
1.659355183283762244e+03	1.990352312746806740e-01	1.249465234768513261e-01	2.836445715077819396e-01	1.787172246995541725e-01	8.354833748541237726e-02	3.692128955716655891e-02	9.318682199823366541e-02
1.664192953497417420e+03	1.986506135059149247e-01	1.246837991621998487e-01	2.838882425885934091e-01	1.788885699365601323e-01	8.362355386208616959e-02	3.697344114077002336e-02	9.329177980355622679e-02
1.669030723711072824e+03	1.982682298334070836e-01	1.244225717273511611e-01	2.841305167483074157e-01	1.790588913681734340e-01	8.369835601580448425e-02	3.702533574230858215e-02	9.339609856432852519e-02
1.673868493924728000e+03	1.978880672862762813e-01	1.241628326002928162e-01	2.843714023297197468e-01	1.792281949729913060e-01	8.377274614976386313e-02	3.707697421878283078e-02	9.349978244185382092e-02
1.678706264138383403e+03	1.975101129696745228e-01	1.239045732580652398e-01	2.846109076199818677e-01	1.793964866976451855e-01	8.384672645577814776e-02	3.712835743202060751e-02	9.360283556651509407e-02
1.683544034352038352e+03	1.971343540643251957e-01	1.236477852264851324e-01	2.848490408510729877e-01	1.795637724569129345e-01	8.392029911433772360e-02	3.717948624849006650e-02	9.370526203805668031e-02
1.688381804565693983e+03	1.967607778260644369e-01	1.233924600798702031e-01	2.850858102002667427e-01	1.797300581338317493e-01	8.399346629466845904e-02	3.723036153911651186e-02	9.380706592586267323e-02
1.693219574779349159e+03	1.963893715853859134e-01	1.231385894407654863e-01	2.853212237905920490e-01	1.798953495798118751e-01	8.406623015479025574e-02	3.728098417910288148e-02	9.390825126923231514e-02
1.698057344993004335e+03	1.960201227469884622e-01	1.228861649796710726e-01	2.855552896912890715e-01	1.800596526147510146e-01	8.413859284157521046e-02	3.733135504775381142e-02	9.400882207765214049e-02
1.702895115206659511e+03	1.956530187893266715e-01	1.226351784147712981e-01	2.857880159182593083e-01	1.802229730271495689e-01	8.421055649080544381e-02	3.738147502830323904e-02	9.410878233106520496e-02
1.707732885420315142e+03	1.952880472641646270e-01	1.223856215116653767e-01	2.860194104345111232e-01	1.803853165742264064e-01	8.428212322723060979e-02	3.743134500774549650e-02	9.420813598013712264e-02
1.712570655633970318e+03	1.949251957961324333e-01	1.221374860830994891e-01	2.862494811505992831e-01	1.805466889820353804e-01	8.435329516462505839e-02	3.748096587666979035e-02	9.430688694651934156e-02
1.717408425847625494e+03	1.945644520822858436e-01	1.218907639887002736e-01	2.864782359250602206e-01	1.807070959455824299e-01	8.442407440584459577e-02	3.753033852909802570e-02	9.440503912310939383e-02
1.722246196061280898e+03	1.942058038916687213e-01	1.216454471347097888e-01	2.867056825648419127e-01	1.808665431289433745e-01	8.449446304288291132e-02	3.757946386232593333e-02	9.450259637430810655e-02
1.727083966274936301e+03	1.938492390648784425e-01	1.214015274737218070e-01	2.869318288257289296e-01	1.810250361653820694e-01	8.456446315692783822e-02	3.762834277676740946e-02	9.459956253627425926e-02
