7.740432341848452324e+01	4.602386236939576269e-01	4.824375457517888210e-01	2.623202457791161749e-02	8.085819486218621954e-03	1.331020956931269587e-02	4.928059210442707790e-03	4.767717710333811178e-03
8.224209363213981305e+01	4.811490090805203290e-01	4.581328342807801657e-01	2.773913902855040803e-02	9.102450329919490810e-03	1.384905068938885146e-02	5.040862985269496319e-03	4.986653605537135804e-03
8.707986384579510286e+01	4.977522752709180875e-01	4.380021717979227236e-01	2.930334272742500176e-02	1.015603224999309280e-02	1.441037755705103923e-02	5.159201300109361385e-03	5.216599096546591617e-03
9.191763405945040688e+01	5.108420495798610128e-01	4.212808608003482114e-01	3.091209723893425729e-02	1.123798217104227636e-02	1.498713421343324942e-02	5.282058501285932101e-03	5.457817495061030588e-03
9.675540427310566827e+01	5.210662162356058946e-01	4.073446024751254391e-01	3.255517142750535831e-02	1.234132375405951401e-02	1.557369525221759775e-02	5.408604149785667392e-03	5.710386705666625415e-03
1.015931744867609581e+02	5.289536776366594584e-01	3.956837172718396523e-01	3.422421827079498435e-02	1.346039123822305970e-02	1.616559632905316402e-02	5.538159023946315380e-03	5.974240229449475498e-03
1.064309447004162337e+02	5.349362017628728205e-01	3.858820990208724488e-01	3.591242934743151677e-02	1.459058771636047129e-02	1.675931449932597725e-02	5.670167364978847754e-03	6.249200288124015859e-03
1.112687149140715235e+02	5.393662580096170167e-01	3.776000334358276533e-01	3.761425273846055739e-02	1.572818784641825257e-02	1.735208921747556643e-02	5.804174219001062562e-03	6.535004533165963275e-03
1.161064851277267991e+02	5.425315780413538791e-01	3.705601714318300099e-01	3.932516270011622572e-02	1.687017683715752100e-02	1.794177651512052565e-02	5.939806939747377737e-03	6.831327534640499292e-03
1.209442553413820747e+02	5.446670430088899062e-01	3.645360779805827955e-01	4.104147160320938126e-02	1.801411904506998105e-02	1.852673025005421512e-02	6.076760087956636393e-03	7.137798024203063918e-03
1.257820255550373645e+02	5.459643880572248031e-01	3.593428835888530237e-01	4.276017637958329232e-02	1.915805074307512165e-02	1.910570544049052313e-02	6.214783103724566896e-03	7.454012687014560136e-03
1.306197957686926259e+02	5.465801249080941560e-01	3.548296523222163046e-01	4.447883314080827710e-02	2.030039262045171822e-02	1.967777961514137475e-02	6.353670242633628965e-03	7.779547150620464389e-03
1.354575659823479441e+02	5.466420097102965281e-01	3.508731511865980091e-01	4.619545479740743560e-02	2.143987838892896444e-02	2.024228885764018868e-02	6.493252359969889538e-03	8.113964699124839169e-03
1.402953361960032339e+02	5.462543232724913489e-01	3.473727635540746483e-01	4.790842745646041456e-02	2.257549653559421873e-02	2.079877583438872329e-02	6.633390203665843164e-03	8.456823143290773809e-03
1.451331064096584669e+02	5.455021817461903622e-01	3.442463365666614816e-01	4.961644215063486241e-02	2.370644280676076007e-02	2.134694759332321501e-02	6.773968938921844790e-03	8.807680197473423053e-03
1.499708766233137851e+02	5.444550557855970530e-01	3.414267910236494230e-01	5.131843908456026893e-02	2.483208145062664948e-02	2.188664132796334927e-02	6.914893678330653881e-03	9.166097649238456185e-03
1.548086468369690749e+02	5.431696435221126107e-01	3.388593537474233752e-01	5.301356210112159739e-02	2.595191360877006914e-02	2.241779663323626229e-02	7.056085832860385827e-03	9.531644554441586967e-03
1.596464170506243647e+02	5.416922160047416002e-01	3.364992981300680697e-01	5.470112149204708896e-02	2.706555154222713838e-02	2.294043305068232605e-02	7.197480132956133973e-03	9.903899647243455742e-03
1.644841872642796261e+02	5.400605319711718755e-01	3.343100995501135375e-01	5.638056362151489670e-02	2.817269761929899405e-02	2.345463192195476262e-02	7.339022196699908698e-03	1.028245311921181966e-02
1.693219574779349159e+02	5.383054010282142254e-01	3.322619294822313218e-01	5.805144611262701843e-02	2.927312718930600438e-02	2.396052175016837038e-02	7.480666544565427872e-03	1.066690789285336394e-02
1.741597276915902057e+02	5.364519598000454526e-01	3.303304261101488448e-01	5.971341757610600098e-02	3.036667462738868936e-02	2.445826641610155186e-02	7.622374978751977372e-03	1.105688049142318150e-02
1.789974979052454671e+02	5.345207137486220894e-01	3.284956906721619441e-01	6.136620104793737152e-02	3.145322196679206650e-02	2.494805571660640292e-02	7.764115260141869236e-03	1.145200158770396000e-02
1.838352681189008138e+02	5.325283876931760085e-01	3.267414680909916380e-01	6.300958045564646059e-02	3.253268964228819143e-02	2.543009779081137345e-02	7.905860028220973099e-03	1.185191629883108021e-02
1.886730383325560467e+02	5.304886201551959335e-01	3.250544780503473175e-01	6.464338955777869378e-02	3.360502895591913758e-02	2.590461307987219561e-02	8.047585919339092161e-03	1.225628428151336914e-02
1.935108085462113081e+02	5.284125302054656359e-01	3.234238688937317030e-01	6.626750290310454150e-02	3.467021594769556514e-02	2.637182953145687445e-02	8.189272846881274354e-03	1.266477967163005987e-02
1.983485787598666263e+02	5.263091802241994799e-01	3.218407717933496337e-01	6.788182843930383459e-02	3.572824641221579445e-02	2.683197881354702774e-02	8.330903413610715735e-03	1.307709090373916638e-02
2.031863489735219162e+02	5.241859536866271263e-01	3.202979367779421604e-01	6.948630146883644221e-02	3.677913184978697653e-02	2.728529334571137485e-02	8.472462431905199154e-03	1.349292043915635737e-02
2.080241191871772060e+02	5.220488635770105246e-01	3.187894355889741571e-01	7.108087970518273124e-02	3.782289617950060356e-02	2.773200399156239282e-02	8.613936532067439575e-03	1.391198442566767696e-02
2.128618894008324673e+02	5.199028041690844093e-01	3.173104190944720515e-01	7.266553922792885756e-02	3.885957307344566070e-02	2.817233828511699067e-02	8.755313842529491297e-03	1.433401230738804398e-02
2.176996596144877287e+02	5.177517565719863546e-01	3.158569192429160899e-01	7.424027117214868077e-02	3.988920379714430003e-02	2.860651908744975963e-02	8.896583728742742808e-03	1.475874639957763454e-02
2.225374298281430470e+02	5.155989565312840694e-01	3.144256873789924023e-01	7.580507901772234880e-02	4.091183546243907371e-02	2.903476358933378826e-02	9.037736579970853668e-03	1.518594144022312672e-02
2.273752000417983652e+02	5.134470314158597892e-01	3.130140622446609955e-01	7.735997636887852191e-02	4.192751961631965840e-02	2.945728259131168494e-02	9.178763635183287417e-03	1.561536412775172550e-02
2.322129702554535982e+02	5.112981120487956055e-01	3.116198622149216613e-01	7.890498513436934591e-02	4.293631110326506795e-02	2.987428000548171536e-02	9.319656840863832503e-03	1.604679265226839624e-02
2.370507404691088880e+02	5.091539240014634204e-01	3.102412973184806022e-01	8.044013403511589277e-02	4.393826715017652706e-02	3.028595253375553076e-02	9.460408734868246128e-03	1.648001622610540187e-02
2.418885106827641494e+02	5.070158621218493478e-01	3.088768974105776111e-01	8.196545737957516842e-02	4.493344663236219227e-02	3.069248948588049197e-02	9.601012351542700246e-03	1.691483461817813727e-02
2.467262808964194392e+02	5.048850513757112690e-01	3.075254535322608507e-01	8.348099405803086070e-02	4.592190948669544470e-02	3.109407270747712587e-02	9.741461144194210262e-03	1.735105769559588951e-02
2.515640511100747290e+02	5.027623965138766637e-01	3.061859700349491287e-01	8.498678671595165379e-02	4.690371624432101288e-02	3.149087659401127171e-02	9.881748921722364326e-03	1.778850497513353654e-02
2.564018213237300188e+02	5.006486226174953202e-01	3.048576254936837260e-01	8.648288107386156720e-02	4.787892766038578246e-02	3.188306817123814224e-02	1.002186979680782901e-02	1.822700518649324544e-02
2.612395915373852517e+02	4.985443081963095713e-01	3.035397407954036897e-01	8.796932536712752382e-02	4.884760442243555462e-02	3.227080722641539889e-02	1.016181814353164618e-02	1.866639584874222810e-02
2.660773617510405415e+02	4.964499122074264026e-01	3.022317530848734890e-01	8.944616988393702672e-02	4.980980692251709557e-02	3.265424647764242350e-02	1.030158856269003040e-02	1.910652286087914306e-02
2.709151319646958882e+02	4.943657961109790833e-01	3.009331944927790548e-01	9.091346658371264600e-02	5.076559508079767080e-02	3.303353177117226980e-02	1.044117585338824421e-02	1.954724010713667151e-02
2.757529021783511780e+02	4.922922418740736661e-01	2.996436747679801504e-01	9.237126878145618392e-02	5.171502821077676032e-02	3.340880229856649924e-02	1.058057498975749529e-02	1.998840907735483993e-02
2.805906723920064678e+02	4.902294666670623524e-01	2.983628670971248953e-01	9.381963088616475377e-02	5.265816491801028620e-02	3.378019082720712385e-02	1.071978110185130978e-02	2.042989850254485484e-02
2.854284426056617008e+02	4.881776348595633364e-01	2.970904965264410391e-01	9.525860818362602567e-02	5.359506302577349279e-02	3.414782393901465846e-02	1.085878945995130337e-02	2.087158400559566140e-02
2.902662128193169337e+02	4.861368678121106846e-01	2.958263305079683048e-01	9.668825665566684047e-02	5.452577952231649205e-02	3.451182227330319707e-02	1.099759546165394487e-02	2.131334776694599267e-02
2.951039830329722804e+02	4.841072518682612569e-01	2.945701711802108935e-01	9.810863282937332119e-02	5.545037052536827549e-02	3.487230077058040001e-02	1.113619462122542904e-02	2.175507820494591502e-02
2.999417532466276270e+02	4.820888448776486368e-01	2.933218490648022980e-01	9.951979365097975150e-02	5.636889126036143116e-02	3.522936891480924620e-02	1.127458256080621397e-02	2.219666967055795165e-02
3.047795234602828600e+02	4.800816815197883058e-01	2.920812179192363023e-01	1.009217963800864981e-01	5.728139604951565378e-02	3.558313097222116222e-02	1.141275500312374791e-02	2.263802215599380538e-02
3.096172936739380930e+02	4.780857776488934285e-01	2.908481505334463146e-01	1.023146985006542220e-01	5.818793830946056289e-02	3.593368622523170769e-02	1.155070776543481829e-02	2.307904101684439893e-02
3.144550638875934396e+02	4.761011338395151338e-01	2.896225352969777345e-01	1.036985576458645808e-01	5.908857055552065030e-02	3.628112920038151223e-02	1.168843675447026748e-02	2.351963670723559302e-02
3.192928341012487294e+02	4.741277382798011475e-01	2.884042733953106619e-01	1.050734315344627190e-01	5.998334441114512583e-02	3.662554988952269885e-02	1.182593796219667814e-02	2.395972452752640966e-02
3.241306043149040192e+02	4.721655691322109716e-01	2.871932765198570991e-01	1.064393779166264292e-01	6.087231062125868231e-02	3.696703396370921990e-02	1.196320746224385431e-02	2.439922438405912539e-02
3.289683745285592522e+02	4.702145964595177974e-01	2.859894649973587222e-01	1.077964545277577124e-01	6.175551906854786360e-02	3.730566297943910259e-02	1.210024140687481972e-02	2.483806056046933969e-02
3.338061447422145420e+02	4.682747837959634341e-01	2.847927662617187328e-01	1.091447190488791380e-01	6.263301879189174526e-02	3.764151457704675852e-02	1.223703602439778215e-02	2.527616150006774601e-02
3.386439149558698318e+02	4.663460894287633218e-01	2.836031136054334989e-01	1.104842290725524118e-01	6.350485800630359390e-02	3.797466267116181293e-02	1.237358761693815347e-02	2.571345959881253529e-02
3.434816851695251216e+02	4.644284674431880533e-01	2.824204451593219090e-01	1.118150420734281697e-01	6.437108412387822221e-02	3.830517763324345348e-02	1.250989255850383682e-02	2.614989100840159689e-02
3.483194553831804114e+02	4.625218685746700364e-01	2.812447030586721075e-01	1.131372153826931681e-01	6.523174377534396440e-02	3.863312646627075492e-02	1.264594729328937135e-02	2.658539544902582472e-02
3.531572255968357013e+02	4.606262409034062033e-01	2.800758327616096888e-01	1.144508061658094794e-01	6.608688283190240764e-02	3.895857297172431594e-02	1.278174833417464185e-02	2.701991603133851311e-02
3.579949958104909342e+02	4.587415304204111033e-01	2.789137824917723996e-01	1.157558714030456348e-01	6.693654642710761271e-02	3.928157790903574753e-02	1.291729226138204484e-02	2.745339908721068992e-02
3.628327660241463377e+02	4.568676814886584725e-01	2.777585027824974184e-01	1.170524678723858514e-01	6.778077897859155487e-02	3.960219914771162530e-02	1.305257572126279110e-02	2.788579400885751389e-02
3.676705362378016275e+02	4.550046372186054011e-01	2.766099461039125962e-01	1.183406521344741169e-01	6.861962420948743147e-02	3.992049181236038274e-02	1.318759542518840866e-02	2.831705309593681580e-02
3.725083064514568036e+02	4.531523397738509429e-01	2.754680665577382559e-01	1.196204805193079035e-01	6.945312516943830117e-02	4.023650842086495122e-02	1.332234814852807474e-02	2.874713141023664542e-02
3.773460766651120935e+02	4.513107306197853830e-01	2.743328196273943642e-01	1.208920091144437964e-01	7.028132425510760783e-02	4.055029901595320896e-02	1.345683072969598021e-02	2.917598663758473251e-02
3.821838468787673833e+02	4.494797507257260460e-01	2.732041619732840654e-01	1.221552937545167250e-01	7.110426323013112337e-02	4.086191129042278380e-02	1.359104006925591392e-02	2.960357895662843117e-02
3.870216170924226162e+02	4.476593407291062365e-01	2.720820512649839151e-01	1.234103900119060543e-01	7.192198324446875957e-02	4.117139070627829495e-02	1.372497312907268972e-02	3.002987091414914891e-02
3.918593873060780197e+02	4.458494410687095511e-01	2.709664460435879385e-01	1.246573531884088426e-01	7.273452485312902061e-02	4.147878060803728006e-02	1.385862693150199769e-02	3.045482730659042001e-02
3.966971575197332527e+02	4.440499920926576083e-01	2.698573056086909783e-01	1.258962383078021108e-01	7.354192803425102509e-02	4.178412233045800117e-02	1.399199855861184977e-02	3.087841506749341297e-02
4.015349277333884856e+02	4.422609341458087484e-01	2.687545899255095461e-01	1.271271001091937580e-01	7.434423220653786635e-02	4.208745530093700032e-02	1.412508515143013482e-02	3.130060316054785602e-02
4.063726979470438323e+02	4.404822076403702158e-01	2.676582595484625626e-01	1.283499930410774703e-01	7.514147624604254616e-02	4.238881713681815627e-02	1.425788390921381953e-02	3.172136247798013065e-02
4.112104681606991221e+02	4.387137531128265655e-01	2.665682755582097774e-01	1.295649712560179301e-01	7.593369850231312945e-02	4.268824373784793624e-02	1.439039208873623375e-02	3.214066574401342608e-02
4.160482383743544119e+02	4.369555112697165455e-01	2.654845995096948297e-01	1.307720886059044463e-01	7.672093681390815267e-02	4.298576937400378634e-02	1.452260700358953653e-02	3.255848742314765287e-02
4.208860085880095880e+02	4.352074230243250241e-01	2.644071933891913861e-01	1.319713986377184511e-01	7.750322852329631640e-02	4.328142676891483936e-02	1.465452602350008141e-02	3.297480363301884959e-02
4.257237788016648778e+02	4.334694295259750585e-01	2.633360195787148306e-01	1.331629545897679567e-01	7.828061049115724035e-02	4.357524717908543149e-02	1.478614657365483372e-02	3.338959206160961590e-02
4.305615490153201677e+02	4.317414721832972258e-01	2.622710408264641302e-01	1.343468093883478376e-01	7.905311911010112769e-02	4.386726046912404336e-02	1.491746613403734101e-02	3.380283188859320442e-02
4.353993192289755143e+02	4.300234926825973192e-01	2.612122202222020295e-01	1.355230156447902734e-01	7.982079031782701728e-02	4.415749518317153149e-02	1.504848223877213245e-02	3.421450371060459628e-02
4.402370894426308041e+02	4.283154330022389544e-01	2.601595211766810078e-01	1.366916256528726281e-01	8.058365960973941367e-02	4.444597861271438327e-02	1.517919247547660881e-02	3.462458947024194683e-02
4.450748596562860939e+02	4.266172354237865449e-01	2.591129074043866942e-01	1.378526913865557590e-01	8.134176205104372281e-02	4.473273686096072149e-02	1.530959448461968048e-02	3.503307238861175926e-02
4.499126298699413837e+02	4.249288425405194358e-01	2.580723429090028831e-01	1.390062644980260553e-01	8.209513228834112997e-02	4.501779490394856170e-02	1.543968595888664010e-02	3.543993690124012247e-02
4.547504000835967304e+02	4.232501972638114673e-01	2.570377919711111514e-01	1.401523963160198338e-01	8.284380456074295906e-02	4.530117664854830389e-02	1.556946464254978235e-02	3.584516859718132192e-02
4.595881702972519065e+02	4.215812428277826429e-01	2.560092191377266180e-01	1.412911378444087762e-01	8.358781271052494188e-02	4.558290498751382813e-02	1.569892833084447770e-02	3.624875416116354887e-02
4.644259405109071963e+02	4.199219227925518050e-01	2.549865892133451051e-01	1.424225397610280608e-01	8.432719019334075639e-02	4.586300185172930560e-02	1.582807486935043986e-02	3.665068131861931588e-02
4.692637107245624861e+02	4.182721810463596035e-01	2.539698672522344158e-01	1.435466524167305358e-01	8.506197008801433257e-02	4.614148825979195317e-02	1.595690215337799978e-02	3.705093878345591674e-02
4.741014809382177759e+02	4.166319618067797492e-01	2.529590185517526790e-01	1.446635258346512798e-01	8.579218510592924452e-02	4.641838436506410398e-02	1.608540812735924017e-02	3.744951620842843637e-02
4.789392511518730657e+02	4.150012096211978530e-01	2.519540086465146822e-01	1.457732097096684221e-01	8.651786760003346566e-02	4.669370950032161738e-02	1.621359078424394404e-02	3.784640413798472103e-02
4.837770213655284124e+02	4.133798693667025126e-01	2.509548033032605319e-01	1.468757534080469551e-01	8.723904957347673739e-02	4.696748222011948998e-02	1.634144816490023383e-02	3.824159396345826190e-02
4.886147915791837022e+02	4.117678862495063319e-01	2.499613685163067089e-01	1.479712059672537439e-01	8.795576268789728758e-02	4.723972034098948558e-02	1.646897835751993597e-02	3.863507788049116987e-02
4.934525617928388783e+02	4.101652058039932935e-01	2.489736705034815423e-01	1.490596160959325178e-01	8.866803827137416383e-02	4.751044097957919654e-02	1.659617949702858059e-02	3.902684884857534481e-02
4.982903320064942250e+02	4.085717738914697028e-01	2.479916757024646645e-01	1.501410321740279663e-01	8.937590732606033594e-02	4.777966058883625217e-02	1.672304976450011277e-02	3.941690055260552161e-02
5.031281022201495148e+02	4.069875366986826504e-01	2.470153507674640592e-01	1.512155022530501103e-01	9.007940053551161119e-02	4.804739499233657424e-02	1.684958738657623203e-02	3.980522736634328762e-02
5.079658724338048046e+02	4.054124407361566762e-01	2.460446625661767694e-01	1.522830740564687646e-01	9.077854827172530949e-02	4.831365941685036164e-02	1.697579063489046414e-02	4.019182431769614816e-02
5.128036426474600376e+02	4.038464328363904898e-01	2.450795781769883330e-01	1.533437949802306521e-01	9.147338060190236819e-02	4.857846852323509379e-02	1.710165782549693050e-02	4.057668705572063661e-02
5.176414128611153274e+02	4.022894601519471647e-01	2.441200648863742217e-01	1.543977120933906488e-01	9.216392729494551905e-02	4.884183643574016576e-02	1.722718731830384306e-02	4.095981181926296177e-02
5.224791830747705035e+02	4.007414701534647294e-01	2.431660901864731439e-01	1.554448721388497767e-01	9.285021782770627730e-02	4.910377676980370865e-02	1.735237751651178342e-02	4.134119540715507773e-02
5.273169532884259070e+02	3.992024106276096385e-01	2.422176217728067571e-01	1.564853215341930892e-01	9.353228139099206695e-02	4.936430265841795090e-02	1.747722686605673870e-02	4.172083514988821767e-02
5.321547235020811968e+02	3.976722296749895524e-01	2.412746275421255582e-01	1.575191063726208429e-01	9.421014689534489006e-02	4.962342677713584699e-02	1.760173385505795635e-02	4.209872888268978430e-02
5.369924937157364866e+02	3.961508757080404175e-01	2.403370755903633804e-01	1.585462724239665722e-01	9.488384297660223954e-02	4.988116136778783516e-02	1.772589701327063200e-02	4.247487491993328507e-02
5.418302639293917764e+02	3.946382974488988338e-01	2.394049342106864819e-01	1.595668651357965706e-01	9.555339800125026151e-02	5.013751826097424119e-02	1.784971491154346834e-02	4.284927203081447672e-02
5.466680341430470662e+02	3.931344439272683178e-01	2.384781718916250681e-01	1.605809296345848680e-01	9.621884007157893715e-02	5.039250889739562561e-02	1.797318616128106700e-02	4.322191941623040184e-02
5.515058043567023560e+02	3.916392644782871191e-01	2.375567573152775613e-01	1.615885107269589283e-01	9.688019703064852661e-02	5.064614434807999249e-02	1.809630941391123307e-02	4.359281668680089344e-02
5.563435745703576458e+02	3.901527087404020877e-01	2.366406593555794580e-01	1.625896529010109615e-01	9.753749646707603194e-02	5.089843533356303712e-02	1.821908336035719250e-02	4.396196384197548906e-02
5.611813447840129356e+02	3.886747266532542544e-01	2.357298470766291121e-01	1.635844003276701597e-01	9.819076571964989453e-02	5.114939224207472324e-02	1.834150673051472211e-02	4.432936125017141599e-02
5.660191149976681118e+02	3.872052684555785107e-01	2.348242897310653388e-01	1.645727968621316650e-01	9.884003188178101806e-02	5.139902514678266338e-02	1.846357829273417503e-02	4.469500962989093190e-02
5.708568852113234016e+02	3.857442846831200534e-01	2.339239567584914248e-01	1.655548860453380511e-01	9.948532180579758299e-02	5.164734382214045127e-02	1.858529685330748832e-02	4.505891003176916432e-02
5.756946554249786914e+02	3.842917261665700357e-01	2.330288177839411889e-01	1.665307111055096823e-01	1.001266621070909524e-01	5.189435775938640999e-02	1.870666125596008936e-02	4.542106382150588179e-02
5.805324256386339812e+02	3.828475440295205368e-01	2.321388426163839280e-01	1.675003149597196483e-01	1.007640791681192471e-01	5.214007618123618626e-02	1.882767038134775320e-02	4.578147266363693374e-02
5.853701958522892710e+02	3.814116896864416795e-01	2.312540012472643070e-01	1.684637402155107766e-01	1.013975991422753770e-01	5.238450805581013753e-02	1.894832314655841773e-02	4.614013850610352435e-02
5.902079660659445608e+02	3.799841148406797320e-01	2.303742638490756112e-01	1.694210291725503914e-01	1.020272479576256053e-01	5.262766210983468168e-02	1.906861850461888039e-02	4.649706356557931075e-02
5.950457362795999643e+02	3.785647714824776355e-01	2.294996007739629196e-01	1.703722238243205456e-01	1.026530513205243661e-01	5.286954684115459380e-02	1.918855544400647692e-02	4.685225031351768210e-02
5.998835064932552541e+02	3.771536118870175702e-01	2.286299825523549212e-01	1.713173658598403093e-01	1.032750347191112861e-01	5.311017053059140236e-02	1.930813298816565562e-02	4.720570146288306790e-02
6.047212767069104302e+02	3.757505886124861139e-01	2.277653798916219607e-01	1.722564966654177854e-01	1.038932234266952415e-01	5.334954125318133733e-02	1.942735019502946775e-02	4.755741995553229573e-02
6.095590469205657200e+02	3.743556544981611056e-01	2.269057636747594253e-01	1.731896573264286865e-01	1.045076425050310565e-01	5.358766688882452695e-02	1.954620615654593593e-02	4.790740895021348977e-02
6.143968171342210098e+02	3.729687626625207142e-01	2.260511049590942234e-01	1.741168886291195317e-01	1.051183168074931451e-01	5.382455513237548173e-02	1.966469999820934234e-02	4.825567181115177767e-02
6.192345873478761860e+02	3.715898665013739333e-01	2.252013749750139404e-01	1.750382310624328808e-01	1.057252709821510234e-01	5.406021350320354413e-02	1.978283087859634970e-02	4.860221209719256530e-02
6.240723575615315895e+02	3.702189196860123932e-01	2.243565451247166442e-01	1.759537248198523585e-01	1.063285294747509241e-01	5.429464935425032390e-02	1.990059798890699005e-02	4.894703355147456830e-02
6.289101277751868793e+02	3.688558761613830450e-01	2.235165869809812023e-01	1.768634098012656364e-01	1.069281165316075671e-01	5.452786988060995266e-02	2.001800055251048288e-02	4.929014009160629511e-02
6.337478979888421691e+02	3.675006901442810503e-01	2.226814722859564444e-01	1.777673256148431524e-01	1.075240562024102065e-01	5.475988212765661028e-02	2.013503782449585153e-02	4.963153580032083484e-02
6.385856682024975726e+02	3.661533161215629328e-01	2.218511729499686724e-01	1.786655115789309023e-01	1.081163723429465207e-01	5.499069299874245753e-02	2.025170909122733440e-02	4.997122491658531618e-02
6.434234384161527487e+02	3.648137088483788260e-01	2.210256610503467112e-01	1.795580067239555266e-01	1.087050886177480663e-01	5.522030926248806815e-02	2.036801366990456316e-02	5.030921182714229861e-02
6.482612086298080385e+02	3.634818233464245374e-01	2.202049088302635849e-01	1.804448497943399177e-01	1.092902285026605413e-01	5.544873755968630219e-02	2.048395090812746289e-02	5.064550105846173100e-02
6.530989788434633283e+02	3.621576149022111557e-01	2.193888886975944585e-01	1.813260792504280128e-01	1.098718152873422033e-01	5.567598440983936164e-02	2.059952018346588448e-02	5.098009726908302869e-02
6.579367490571185044e+02	3.608410390653536970e-01	2.185775732237898727e-01	1.822017332704171100e-01	1.104498720776933979e-01	5.590205621734804092e-02	2.071472090303391397e-02	5.131300524232804833e-02
6.627745192707737942e+02	3.595320516468772931e-01	2.177709351427638829e-01	1.830718497522965393e-01	1.110244217982202658e-01	5.612695927737091500e-02	2.082955250306881348e-02	5.164422987936637122e-02
6.676122894844290840e+02	3.582306087175401998e-01	2.169689473497966314e-01	1.839364663157911917e-01	1.115954871943352633e-01	5.635069978137054181e-02	2.094401444851463900e-02	5.197377619261563109e-02
6.724500596980843738e+02	3.569366666061740689e-01	2.161715829004506872e-01	1.847956203043088497e-01	1.121630908345972039e-01	5.657328382236272851e-02	2.105810623261039627e-02	5.230164929946019836e-02
6.772878299117396637e+02	3.556501818980405960e-01	2.153788150095005960e-01	1.856493487868899894e-01	1.127272551128933875e-01	5.679471739988426610e-02	2.117182737648281785e-02	5.262785441627249733e-02
6.821256001253949535e+02	3.543711114332041001e-01	2.145906170498755872e-01	1.864976885601592194e-01	1.132880022505660805e-01	5.701500642469354424e-02	2.128517742874362975e-02	5.295239685272198904e-02
6.869633703390502433e+02	3.530994123049198130e-01	2.138069625516144934e-01	1.873406761502771356e-01	1.138453542984857736e-01	5.723415672321792436e-02	2.139815596509135262e-02	5.327528200635763683e-02
6.918011405527055331e+02	3.518350418580376004e-01	2.130278252008329098e-01	1.881783478148916777e-01	1.143993331390733004e-01	5.745217404176089504e-02	2.151076258791755069e-02	5.359651535745029588e-02
6.966389107663608229e+02	3.505779576874199499e-01	2.122531788387019280e-01	1.890107395450881522e-01	1.149499604882729120e-01	5.766906405048148609e-02	2.162299692591752170e-02	5.391610246408230778e-02
7.014766809800161127e+02	3.493281176363753349e-01	2.114829974604383322e-01	1.898378870673371743e-01	1.154972578974782921e-01	5.788483234715766784e-02	2.173485863370539645e-02	5.423404895747199750e-02
7.063144511936714025e+02	3.480854797951055679e-01	2.107172552143056488e-01	1.906598258454393624e-01	1.160412467554133714e-01	5.809948446074502532e-02	2.184634739143358900e-02	5.455036053752163744e-02
7.111522214073266923e+02	3.468500024991665875e-01	2.099559264006259363e-01	1.914765910824665074e-01	1.165819482899696502e-01	5.831302585474120587e-02	2.195746290441659768e-02	5.486504296857772772e-02
7.159899916209819821e+02	3.456216443279433448e-01	2.091989854708019847e-01	1.922882177226981626e-01	1.171193835700019559e-01	5.852546193036630567e-02	2.206820490275910110e-02	5.517810207539335099e-02
7.208277618346371582e+02	3.444003641031378460e-01	2.084464070263493951e-01	1.930947404535534040e-01	1.176535735070839278e-01	5.873679802956877777e-02	2.217857314098828705e-02	5.548954373928254025e-02
7.256655320482924481e+02	3.431861208872700186e-01	2.076981658179388179e-01	1.938961937075165676e-01	1.181845388572251299e-01	5.894703943786586131e-02	2.228856739769044526e-02	5.579937389445727841e-02
7.305033022619478515e+02	3.419788739821917889e-01	2.069542367444471564e-01	1.946926116640569915e-01	1.187123002225509982e-01	5.915619138702720575e-02	2.239818747515172695e-02	5.610759852453821306e-02
7.353410724756030277e+02	3.407785829276130385e-01	2.062145948520186511e-01	1.954840282515418748e-01	1.192368780529470401e-01	5.936425905760991245e-02	2.250743319900307127e-02	5.641422365923053073e-02
7.401788426892584312e+02	3.395852074996399406e-01	2.054792153331346238e-01	1.962704771491418088e-01	1.197582926476688653e-01	5.957124758135261960e-02	2.261630441786923254e-02	5.671925537115699023e-02
7.450166129029136073e+02	3.383987077093256191e-01	2.047480735256921869e-01	1.970519917887287586e-01	1.202765641569190219e-01	5.977716204343617307e-02	2.272480100302190151e-02	5.702269977284037117e-02
7.498543831165690108e+02	3.372190438012321878e-01	2.040211449120913900e-01	1.978286053567656633e-01	1.207917125833920802e-01	5.998200748461771786e-02	2.283292284803686151e-02	5.732456301382810732e-02
7.546921533302243006e+02	3.360461762520043916e-01	2.032984051183309993e-01	1.986003507961874304e-01	1.213037577837888931e-01	6.018578890324496888e-02	2.294066986845516576e-02	5.762485127795212436e-02
7.595299235438793630e+02	3.348800657689545712e-01	2.025798299131121583e-01	1.993672608082734110e-01	1.218127194703014365e-01	6.038851125715682944e-02	2.304804200144825940e-02	5.792357078071735943e-02
7.643676937575347665e+02	3.337206732886584537e-01	2.018653952069503488e-01	2.001293678545100208e-01	1.223186172120689641e-01	6.059017946547649164e-02	2.315503920548705324e-02	5.822072776681266881e-02
7.692054639711900563e+02	3.325679599755624882e-01	2.011550770512949282e-01	2.008867041584440905e-01	1.228214704366067944e-01	6.079079841030253506e-02	2.326166146001490756e-02	5.851632850773820504e-02
7.740432341848452324e+02	3.314218872206012856e-01	2.004488516376564111e-01	2.016393017075263361e-01	1.233212984312083843e-01	6.099037293830349843e-02	2.336790876512442883e-02	5.881037929954360810e-02
7.788810043985006359e+02	3.302824166398254935e-01	1.997466952967412168e-01	2.023871922549445590e-01	1.238181203443218387e-01	6.118890786222097589e-02	2.347378114123813836e-02	5.910288646067172330e-02
7.837187746121558121e+02	3.291495100730406631e-01	1.990485844975936891e-01	2.031304073214463546e-01	1.243119551869016209e-01	6.138640796228613666e-02	2.357927862879290182e-02	5.939385632990257929e-02
7.885565448258112156e+02	3.280231295824555526e-01	1.983544958467454156e-01	2.038689781971513848e-01	1.248028218337363243e-01	6.158287798755417153e-02	2.368440128792810573e-02	5.968329526439299093e-02
7.933943150394665054e+02	3.269032374513409778e-01	1.976644060873712361e-01	2.046029359433526595e-01	1.252907390247532948e-01	6.177832265716119708e-02	2.378914919817755325e-02	5.997120963780704084e-02
7.982320852531219089e+02	3.257897961826980993e-01	1.969782920984525787e-01	2.053323113943066602e-01	1.257757253663009112e-01	6.197274666150750372e-02	2.389352245816504100e-02	6.025760583853312369e-02
8.030698554667769713e+02	3.246827684979367579e-01	1.962961308939471239e-01	2.060571351590125833e-01	1.262577993324091041e-01	6.216615466337131052e-02	2.399752118530357192e-02	6.054249026798341760e-02
8.079076256804323748e+02	3.235821173355630798e-01	1.956178996219653798e-01	2.067774376229797872e-01	1.267369792660290595e-01	6.235855129895662846e-02	2.410114551549814507e-02	6.082586933897177889e-02
8.127453958940876646e+02	3.224878058498765188e-01	1.949435755639535306e-01	2.074932489499840549e-01	1.272132833802524510e-01	6.254994117887874294e-02	2.420439560285216063e-02	6.110774947416634795e-02
8.175831661077428407e+02	3.213997974096763910e-01	1.942731361338827789e-01	2.082045990838120031e-01	1.276867297595111750e-01	6.274032888909078509e-02	2.430727161937731168e-02	6.138813710461334117e-02
8.224209363213982442e+02	3.203180555969772914e-01	1.936065588774449064e-01	2.089115177499937248e-01	1.281573363607579619e-01	6.292971899175439643e-02	2.440977375470700095e-02	6.166703866832851100e-02
8.272587065350534203e+02	3.192425442057335583e-01	1.929438214712540234e-01	2.096140344575236902e-01	1.286251210146284463e-01	6.311811602605771343e-02	2.451190221581319925e-02	6.194446060895319323e-02
8.320964767487085965e+02	3.181732272405727313e-01	1.922849017220542578e-01	2.103121785005696021e-01	1.290901014265853630e-01	6.330552450898331573e-02	2.461365722672672826e-02	6.222040937447179815e-02
8.369342469623640000e+02	3.171100689155377794e-01	1.916297775659335234e-01	2.110059789601692048e-01	1.295522951780454513e-01	6.349194893602901069e-02	2.471503902826094681e-02	6.249489141598787295e-02
8.417720171760191761e+02	3.160530336528378226e-01	1.909784270675430051e-01	2.116954647059149930e-01	1.300117197274892888e-01	6.367739378188395916e-02	2.481604787773877135e-02	6.276791318655594587e-02
8.466097873896745796e+02	3.150020860816075130e-01	1.903308284193224176e-01	2.123806643976268727e-01	1.304683924115548344e-01	6.386186350106255738e-02	2.491668404872302012e-02	6.303948114006650838e-02
8.514475576033297557e+02	3.139571910366748542e-01	1.896869599407310647e-01	2.130616064870123616e-01	1.309223304461151483e-01	6.404536252849848954e-02	2.501694783075005327e-02	6.330960173018172765e-02
8.562853278169851592e+02	3.129183135573374019e-01	1.890468000774842006e-01	2.137383192193147985e-01	1.313735509273402935e-01	6.422789528010099114e-02	2.511683952906663964e-02	6.357828140931932881e-02
8.611230980306403353e+02	3.118854188861464038e-01	1.884103274007951356e-01	2.144108306349492010e-01	1.318220708327446089e-01	6.440946615327558522e-02	2.521635946437006046e-02	6.384552662768265552e-02
8.659608682442956251e+02	3.108584724676995426e-01	1.877775206066227831e-01	2.150791685711256340e-01	1.322679070222189113e-01	6.459007952741106784e-02	2.531550797255137722e-02	6.411134383233441092e-02
8.707986384579510286e+02	3.098374399474411178e-01	1.871483585149241180e-01	2.157433606634605594e-01	1.327110762390488197e-01	6.476973976433479663e-02	2.541428540444186368e-02	6.437573946631244826e-02
8.756364086716062047e+02	3.088222871704709438e-01	1.865228200689123816e-01	2.164034343475756961e-01	1.331515951109189799e-01	6.494845120873792010e-02	2.551269212556252566e-02	6.463871996778526585e-02
8.804741788852616082e+02	3.078129801803605181e-01	1.859008843343202821e-01	2.170594168606845287e-01	1.335894801509036889e-01	6.512621818857235179e-02	2.561072851587672949e-02	6.490029176924563825e-02
8.853119490989170117e+02	3.068094852179769072e-01	1.852825304986682187e-01	2.177113352431666315e-01	1.340247477584446123e-01	6.530304501542093243e-02	2.570839496954585232e-02	6.516046129674056553e-02
8.901497193125721878e+02	3.058117687203147361e-01	1.846677378705376960e-01	2.183592163401297248e-01	1.344574142203155132e-01	6.547893598484239019e-02	2.580569189468797514e-02	6.541923496913569502e-02
8.949874895262273640e+02	3.048197973193355614e-01	1.840564858788495683e-01	2.190030868029590183e-01	1.348874957115744067e-01	6.565389537669256981e-02	2.590261971313952138e-02	6.567661919741298038e-02
8.998252597398827675e+02	3.038335378408149601e-01	1.834487540721473908e-01	2.196429730908550093e-01	1.353150082965036416e-01	6.582792745542313806e-02	2.599917886021988270e-02	6.593262038399963498e-02
9.046630299535379436e+02	3.028529573031965016e-01	1.828445221178855440e-01	2.202789014723583183e-01	1.357399679295378248e-01	6.600103647035925059e-02	2.609536978449892436e-02	6.618724492212732513e-02
9.095008001671932334e+02	3.018780229164537698e-01	1.822437698017220220e-01	2.209108980268628120e-01	1.361623904561804765e-01	6.617322665595720688e-02	2.619119294756741545e-02	6.644049919522000691e-02
9.143385703808486369e+02	3.009087020809594892e-01	1.816464770268161610e-01	2.215389886461164026e-01	1.365822916139089460e-01	6.634450223204335639e-02	2.628664882381028661e-02	6.669238957630915787e-02
9.191763405945038130e+02	2.999449623863614800e-01	1.810526238131309473e-01	2.221631990357095798e-01	1.369996870330684180e-01	6.651486740403539377e-02	2.638173790018271195e-02	6.694292242747522381e-02
9.240141108081592165e+02	2.989867716104663842e-01	1.804621902967401270e-01	2.227835547165522567e-01	1.374145922377551232e-01	6.668432636314687578e-02	2.647646067598899422e-02	6.719210409931400396e-02
9.288518810218145063e+02	2.980340977181301643e-01	1.798751567291394238e-01	2.234000810263380432e-01	1.378270226466887238e-01	6.685288328657622292e-02	2.657081766266420828e-02	6.743994093042697535e-02
9.336896512354697961e+02	2.970869088601554853e-01	1.792915034765629745e-01	2.240128031209968895e-01	1.382369935740745404e-01	6.702054233768091340e-02	2.666480938355857144e-02	6.768643924693433511e-02
9.385274214491247449e+02	2.961451733721965907e-01	1.787112110193036507e-01	2.246217459761357671e-01	1.386445202304554536e-01	6.718730766613785488e-02	2.675843637372452011e-02	6.793160536200994193e-02
9.433651916627801484e+02	2.952088597736700626e-01	1.781342599510381264e-01	2.252269343884673869e-01	1.390496177235540087e-01	6.735318340809073878e-02	2.685169917970644388e-02	6.817544557543697703e-02
9.482029618764355519e+02	2.942779367666739088e-01	1.775606309781562475e-01	2.258283929772270937e-01	1.394523010591046941e-01	6.751817368628515448e-02	2.694459835933308775e-02	6.841796617318357532e-02
9.530407320900908417e+02	2.933523732349119784e-01	1.769903049190946764e-01	2.264261461855780477e-01	1.398525851416767829e-01	6.768228261019229586e-02	2.703713448151253904e-02	6.865917342699744130e-02
9.578785023037459041e+02	2.924321382426259275e-01	1.764232627036749212e-01	2.270202182820047765e-01	1.402504847754877382e-01	6.784551427612182939e-02	2.712930812602980246e-02	6.889907359401870046e-02
9.627162725174014213e+02	2.915172010335337349e-01	1.758594853724457507e-01	2.276106333616949029e-01	1.406460146652075416e-01	6.800787276732467301e-02	2.722111988334695656e-02	6.913767291641009782e-02
9.675540427310568248e+02	2.906075310297746572e-01	1.752989540760293563e-01	2.281974153479095213e-01	1.410391894167539462e-01	6.816936215408639366e-02	2.731257035440579420e-02	6.937497762100394705e-02
9.723918129447120009e+02	2.897030978308605675e-01	1.747416500744722878e-01	2.287805879933419717e-01	1.414300235380792359e-01	6.832998649381161194e-02	2.740366015043299228e-02	6.961099391896488631e-02
9.772295831583674044e+02	2.888038712126344554e-01	1.741875547365999422e-01	2.293601748814652896e-01	1.418185314399479369e-01	6.848974983110027448e-02	2.749438989274773093e-02	6.984572800546789972e-02
9.820673533720223531e+02	2.879098211262344220e-01	1.736366495393757148e-01	2.299361994278681098e-01	1.422047274367064240e-01	6.864865619781604367e-02	2.758476021257177599e-02	7.007918605939100765e-02
9.869051235856777566e+02	2.870209176970651144e-01	1.730889160672636484e-01	2.305086848815795508e-01	1.425886257470439511e-01	6.880670961314748479e-02	2.767477175084195884e-02	7.031137424302182082e-02
9.917428937993331601e+02	2.861371312237744324e-01	1.725443360115954672e-01	2.310776543263826366e-01	1.429702404947458261e-01	6.896391408366250864e-02	2.776442515802504674e-02	7.054229870177752826e-02
9.965806640129884499e+02	2.852584321772375087e-01	1.720028911699415797e-01	2.316431306821168934e-01	1.433495857094382597e-01	6.912027360335652737e-02	2.785372109393497234e-02	7.077196556393770821e-02
1.001418434226643626e+03	2.843847911995460720e-01	1.714645634454857182e-01	2.322051367059696503e-01	1.437266753273256370e-01	6.927579215369461529e-02	2.794266022755240858e-02	7.100038094038932379e-02
1.006256204440298802e+03	2.835161791030046397e-01	1.709293348464038798e-01	2.327636949937564315e-01	1.441015231919198780e-01	6.943047370364835436e-02	2.803124323684664035e-02	7.122755092438354252e-02
1.011093974653954206e+03	2.826525668691325932e-01	1.703971874852469592e-01	2.333188279811905241e-01	1.444741430547622774e-01	6.958432220972744775e-02	2.811947080859971554e-02	7.145348159130385235e-02
1.015931744867609382e+03	2.817939256476723053e-01	1.698681035783270454e-01	2.338705579451416383e-01	1.448445485761378215e-01	6.973734161600672610e-02	2.820734363823285476e-02	7.167817899844490526e-02
1.020769515081264785e+03	2.809402267556033728e-01	1.693420654451079366e-01	2.344189070048840751e-01	1.452127533257823455e-01	6.988953585414867109e-02	2.829486242963510922e-02	7.190164918480176914e-02
1.025607285294920075e+03	2.800914416761627890e-01	1.688190555075990973e-01	2.349638971233337925e-01	1.455787707835822786e-01	7.004090884342195622e-02	2.838202789499419051e-02	7.212389817086911625e-02
1.030445055508575479e+03	2.792475420578713341e-01	1.682990562897535569e-01	2.355055501082753966e-01	1.459426143402672849e-01	7.019146449071621274e-02	2.846884075462949651e-02	7.234493195844989011e-02
1.035282825722230655e+03	2.784084997135655715e-01	1.677820504168693605e-01	2.360438876135783071e-01	1.463042972980962142e-01	7.034120669055331232e-02	2.855530173682730224e-02	7.256475653047315955e-02
1.040120595935886058e+03	2.775742866194355618e-01	1.672680206149947946e-01	2.365789311404026263e-01	1.466638328715358375e-01	7.049013932509547165e-02	2.864141157767806367e-02	7.278337785082078515e-02
