7.788810043985006359e+02	3.235421761290578901e-01	2.099429617928904868e-01	2.038804092453272709e-01	1.229767430106554760e-01	5.985151035403835085e-02	2.327539726281044330e-02	5.653080220489616753e-02
7.837187746121558121e+02	3.224356893530562207e-01	2.091921256696532561e-01	2.045960183432424528e-01	1.234466070440986413e-01	6.005822933167855038e-02	2.336438620455066548e-02	5.690694405339628142e-02
7.885565448258112156e+02	3.213356484344465636e-01	2.084455580265966446e-01	2.053075379909037879e-01	1.239149384074162419e-01	6.026375690352626935e-02	2.345349609399152366e-02	5.727906414279498176e-02
7.933943150394665054e+02	3.202420153914876666e-01	2.077032361621021783e-01	2.060149787115773679e-01	1.243817021782333554e-01	6.046810208226617578e-02	2.354271763945205154e-02	5.764724783455720675e-02
7.982320852531219089e+02	3.191547524658902568e-01	2.069651374374824049e-01	2.067183516729847459e-01	1.248468651602140655e-01	6.067127373815438957e-02	2.363204169612701661e-02	5.801157782882310904e-02
8.030698554667769713e+02	3.180738221218519790e-01	2.062312392789814042e-01	2.074176686541608361e-01	1.253103958199371371e-01	6.087328060306831240e-02	2.372145926527213095e-02	5.837213425640416786e-02
8.079076256804323748e+02	3.169991870450770133e-01	2.055015191796814022e-01	2.081129420136251795e-01	1.257722642260050983e-01	6.107413127442008066e-02	2.381096149333887871e-02	5.872899476752833914e-02
8.127453958940876646e+02	3.159308101417817594e-01	2.047759547013187353e-01	2.088041846588175043e-01	1.262324419903075035e-01	6.127383421893855403e-02	2.390053967106213137e-02	5.908223461744972066e-02
8.175831661077428407e+02	3.148686545376880863e-01	2.040545234760131610e-01	2.094914100167503401e-01	1.266909022113624217e-01	6.147239777632430846e-02	2.399018523250353793e-02	5.943192674903407385e-02
8.224209363213982442e+02	3.138126835770037037e-01	2.033372032079127090e-01	2.101746320058338613e-01	1.271476194196624609e-01	6.166983016278214380e-02	2.407988975405350729e-02	5.977814187242755373e-02
8.272587065350534203e+02	3.127628608213921524e-01	2.026239716747580688e-01	2.108538650088289668e-01	1.276025695249544956e-01	6.186613947443531797e-02	2.416964495339460686e-02	6.012094854191233489e-02
8.320964767487085965e+02	3.117191500489318590e-01	2.019148067293689841e-01	2.115291238468866575e-01	1.280557297653850957e-01	6.206133369062559468e-02	2.425944268842891716e-02	6.046041323004885254e-02
8.369342469623640000e+02	3.106815152530657542e-01	2.012096863010555403e-01	2.122004237546332162e-01	1.285070786584451286e-01	6.225542067710321259e-02	2.434927495617192003e-02	6.079660039920117137e-02
8.417720171760191761e+02	3.096499206415421201e-01	2.005085883969574545e-01	2.128677803562620263e-01	1.289565959536503603e-01	6.244840818911046032e-02	2.443913389161526603e-02	6.112957257053826948e-02
8.466097873896745796e+02	3.086243306353471660e-01	1.998114911033134489e-01	2.135312096425944495e-01	1.294042625868966345e-01	6.264030387436260450e-02	2.452901176656074184e-02	6.145939039060088066e-02
8.514475576033297557e+02	3.076047098676303326e-01	1.991183725866639276e-01	2.141907279490735672e-01	1.298500606364303422e-01	6.283111527592982748e-02	2.461890098842764094e-02	6.178611269552031215e-02
8.562853278169851592e+02	3.065910231826225463e-01	1.984292110949888444e-01	2.148463519346555939e-01	1.302939732803772843e-01	6.302084983502344306e-02	2.470879409903560184e-02	6.210979657297265033e-02
8.611230980306403353e+02	3.055832356345486445e-01	1.977439849587836751e-01	2.154980985615655986e-01	1.307359847557746368e-01	6.320951489368986653e-02	2.479868377336495039e-02	6.243049742194862334e-02
8.659608682442956251e+02	3.045813124865340837e-01	1.970626725920753275e-01	2.161459850758847834e-01	1.311760803190532565e-01	6.339711769741546155e-02	2.488856281829640929e-02	6.274826901041671845e-02
8.707986384579510286e+02	3.035852192095065405e-01	1.963852524933806243e-01	2.167900289889382048e-01	1.316142462079188113e-01	6.358366539764540026e-02	2.497842417133208301e-02	6.306316353095435534e-02
8.756364086716062047e+02	3.025949214810937926e-01	1.957117032466090811e-01	2.174302480594529352e-01	1.320504696045822768e-01	6.376916505421945103e-02	2.506826089929935220e-02	6.337523165441910633e-02
8.804741788852616082e+02	3.016103851845166606e-01	1.950420035219126158e-01	2.180666602764572415e-01	1.324847386002926952e-01	6.395362363772767733e-02	2.515806619703943661e-02	6.368452258172968561e-02
8.853119490989170117e+02	3.006315764074793950e-01	1.943761320764834100e-01	2.186992838428932773e-01	1.329170421611254871e-01	6.413704803178867098e-02	2.524783338608215660e-02	6.399108409382359142e-02
8.901497193125721878e+02	2.996584614410570668e-01	1.937140677553027268e-01	2.193281371599157537e-01	1.333473700949825425e-01	6.431944503525324763e-02	2.533755591330843354e-02	6.429496259985623130e-02
8.949874895262273640e+02	2.986910067785801814e-01	1.930557894918416839e-01	2.199532388118514703e-01	1.337757130197609334e-01	6.450082136433588076e-02	2.542722734960194478e-02	6.459620318370391800e-02
8.998252597398827675e+02	2.977291791145176836e-01	1.924012763087165345e-01	2.205746075517937277e-01	1.342020623326493911e-01	6.468118365467655229e-02	2.551684138849134170e-02	6.489484964883078522e-02
9.046630299535379436e+02	2.967729453433584075e-01	1.917505073182996789e-01	2.211922622878081390e-01	1.346264101805123292e-01	6.486053846333546258e-02	2.560639184478429725e-02	6.519094456157775719e-02
9.095008001671932334e+02	2.958222725584909729e-01	1.911034617232880428e-01	2.218062220697266385e-01	1.350487494313233894e-01	6.503889227072279233e-02	2.569587265319467004e-02	6.548452929292956914e-02
9.143385703808486369e+02	2.948771280510835147e-01	1.904601188172308779e-01	2.224165060765068425e-01	1.354690736466112877e-01	6.521625148246582016e-02	2.578527786696394042e-02	6.577564405881376752e-02
9.191763405945038130e+02	2.939374793089625237e-01	1.898204579850182316e-01	2.230231336041356149e-01	1.358873770548822968e-01	6.539262243121564400e-02	2.587460165647807384e-02	6.606432795898366239e-02
9.240141108081592165e+02	2.930032940154920773e-01	1.891844587033314207e-01	2.236261240540559359e-01	1.363036545259847798e-01	6.556801137839535221e-02	2.596383830788085226e-02	6.635061901453566391e-02
9.288518810218145063e+02	2.920745400484527909e-01	1.885521005410571993e-01	2.242254969220972005e-01	1.367179015463829694e-01	6.574242451589189240e-02	2.605298222168471109e-02	6.663455420410921426e-02
9.336896512354697961e+02	2.911511854789223808e-01	1.879233631596670673e-01	2.248212717878893818e-01	1.371301141953074065e-01	6.591586796769355328e-02	2.614202791138006340e-02	6.691616949881619425e-02
9.385274214491247449e+02	2.902331985701557260e-01	1.872982263135627434e-01	2.254134683047428200e-01	1.375402891217513413e-01	6.608834779147478022e-02	2.623097000204399620e-02	6.719549989594461592e-02
9.433651916627801484e+02	2.893205477764675404e-01	1.866766698503894706e-01	2.260021061899756822e-01	1.379484235222834809e-01	6.625986998013026763e-02	2.631980322894924076e-02	6.747257945148042724e-02
9.482029618764355519e+02	2.884132017421155991e-01	1.860586737113180400e-01	2.265872052156714944e-01	1.383545151196479417e-01	6.643044046326003482e-02	2.640852243617423240e-02	6.774744131148882631e-02
9.530407320900908417e+02	2.875111293001862967e-01	1.854442179312970063e-01	2.271687851998508423e-01	1.387585621421238702e-01	6.660006510860713713e-02	2.649712257521504022e-02	6.802011774239601072e-02
9.578785023037459041e+02	2.866142994714817593e-01	1.848332826392761197e-01	2.277468659980407539e-01	1.391605633036178680e-01	6.676874972344978842e-02	2.658559870359993721e-02	6.829064016020991446e-02
9.627162725174014213e+02	2.857226814634096779e-01	1.842258480584020863e-01	2.283214674952265821e-01	1.395605177844636557e-01	6.693650005594915797e-02	2.667394598350724538e-02	6.855903915871777721e-02
9.675540427310568248e+02	2.848362446688748606e-01	1.836218945061878216e-01	2.288926095981713149e-01	1.399584252129035256e-01	6.710332179645471518e-02	2.676215968038719167e-02	6.882534453669671148e-02
9.723918129447120009e+02	2.839549586651744506e-01	1.830214023946562241e-01	2.294603122280884089e-01	1.403542856472280997e-01	6.726922057876830174e-02	2.685023516158839205e-02	6.908958532417228127e-02
9.772295831583674044e+02	2.830787932128951967e-01	1.824243522304591913e-01	2.300245953136541566e-01	1.407480995585509986e-01	6.743420198136845789e-02	2.693816789498950509e-02	6.935178980775867641e-02
9.820673533720223531e+02	2.822077182548142771e-01	1.818307246149733214e-01	2.305854787843464038e-01	1.411398678141959073e-01	6.759827152859641808e-02	2.702595344763666918e-02	6.961198555511322050e-02
9.869051235856777566e+02	2.813417039148031762e-01	1.812405002443729096e-01	2.311429825640969327e-01	1.415295916616746141e-01	6.776143469180495593e-02	2.711358748438721586e-02	6.987019943853639559e-02
9.917428937993331601e+02	2.804807204967350587e-01	1.806536599096812135e-01	2.316971265652451595e-01	1.419172727132353984e-01	6.792369689047142445e-02	2.720106576656019029e-02	7.012645765774773443e-02
9.965806640129884499e+02	2.796247384833956406e-01	1.800701844968009280e-01	2.322479306827812118e-01	1.423029129309613117e-01	6.808506349327619889e-02	2.728838415059410202e-02	7.038078576186676538e-02
1.001418434226643626e+03	2.787737285353982797e-01	1.794900549865243444e-01	2.327954147888671721e-01	1.426865146123991734e-01	6.824553981914774359e-02	2.737553858671238141e-02	7.063320867062708452e-02
1.006256204440298802e+03	2.779276614901020626e-01	1.789132524545246905e-01	2.333395987276256633e-01	1.430680803767007958e-01	6.840513113827535741e-02	2.746252511759691983e-02	7.088375069485072788e-02
1.011093974653954206e+03	2.770865083605349444e-01	1.783397580713286801e-01	2.338805023101847846e-01	1.434476131512579522e-01	6.856384267309072189e-02	2.754933987707011006e-02	7.113243555620910041e-02
1.015931744867609382e+03	2.762502403343202184e-01	1.777695531022715492e-01	2.344181453099696000e-01	1.438251161588141869e-01	6.872167959921939018e-02	2.763597908878573026e-02	7.137928640629558064e-02
1.020769515081264785e+03	2.754188287726079820e-01	1.772026189074350500e-01	2.349525474582303819e-01	1.442005929050364232e-01	6.887864704640316027e-02	2.772243906492900464e-02	7.162432584503426736e-02
1.025607285294920075e+03	2.745922452090104882e-01	1.766389369415692079e-01	2.354837284397977848e-01	1.445740471665301619e-01	6.903475009939427642e-02	2.780871620492616700e-02	7.186757593844821101e-02
1.030445055508575479e+03	2.737704613485422711e-01	1.760784887539983135e-01	2.360117078890565101e-01	1.449454829792829746e-01	6.918999379882256884e-02	2.789480699416380799e-02	7.210905823581000018e-02
1.035282825722230655e+03	2.729534490665645463e-01	1.755212559885120926e-01	2.365365053861282207e-01	1.453149046275206691e-01	6.934438314203629494e-02	2.798070800271826655e-02	7.234879378619633872e-02
1.040120595935886058e+03	2.721411804077352170e-01	1.749672203832425554e-01	2.370581404532554892e-01	1.456823166329623276e-01	6.949792308391768147e-02	2.806641588409536370e-02	7.258680315446779108e-02
1.044958366149541234e+03	2.713336275849624890e-01	1.744163637705269387e-01	2.375766325513787580e-01	1.460477237444596232e-01	6.965061853767391675e-02	2.815192737398064526e-02	7.282310643669402672e-02
1.049796136363196410e+03	2.705307629783643697e-01	1.738686680767575488e-01	2.380920010768984574e-01	1.464111309280069773e-01	6.980247437560452295e-02	2.823723928900039731e-02	7.305772327504410357e-02
1.054633906576851814e+03	2.697325591342323858e-01	1.733241153222191133e-01	2.386042653586145645e-01	1.467725433571100135e-01	6.995349542984587166e-02	2.832234852549359722e-02	7.329067287216076143e-02
1.059471676790506763e+03	2.689389887640010746e-01	1.727826876209138385e-01	2.391134446548368320e-01	1.471319664034989871e-01	7.010368649309357825e-02	2.840725205829502248e-02	7.352197400503691915e-02
1.064309447004162394e+03	2.681500247432218598e-01	1.722443671803751408e-01	2.396195581506585237e-01	1.474894056281755295e-01	7.025305231930355221e-02	2.849194693952962487e-02	7.375164503841200037e-02
1.069147217217817570e+03	2.673656401105425906e-01	1.717091363014701666e-01	2.401226249553866376e-01	1.478448667727810251e-01	7.040159762437242508e-02	2.857643029741836413e-02	7.397970393770500475e-02
1.073984987431472746e+03	2.665858080666922425e-01	1.711769773781917636e-01	2.406226641001228683e-01	1.481983557512750460e-01	7.054932708679800824e-02	2.866069933509561574e-02	7.420616828150064515e-02
1.078822757645127922e+03	2.658105019734706143e-01	1.706478728974404335e-01	2.411196945354886212e-01	1.485498786419130191e-01	7.069624534832055773e-02	2.874475132943828809e-02	7.443105527360453777e-02
1.083660527858783553e+03	2.650396953527437427e-01	1.701218054387966250e-01	2.416137351294882218e-01	1.488994416795129949e-01	7.084235701454533185e-02	2.882858362990671844e-02	7.465438175468239179e-02
1.088498298072438729e+03	2.642733618854444799e-01	1.695987576742835901e-01	2.421048046655046027e-01	1.492470512480005840e-01	7.098766665554714916e-02	2.891219365739750025e-02	7.487616421349801987e-02
1.093336068286093905e+03	2.635114754105785662e-01	1.690787123681216642e-01	2.425929218404220822e-01	1.495927138732232597e-01	7.113217880645766877e-02	2.899557890310827668e-02	7.509641879776440820e-02
1.098173838499749309e+03	2.627540099242359206e-01	1.685616523764741082e-01	2.430781052628706584e-01	1.499364362160236497e-01	7.127589796803569799e-02	2.907873692741459390e-02	7.531516132462126589e-02
1.103011608713404712e+03	2.620009395786078166e-01	1.680475606471847627e-01	2.435603734515871810e-01	1.502782250655634033e-01	7.141882860722133242e-02	2.916166535875888005e-02	7.553240729075248738e-02
1.107849378927059888e+03	2.612522386810093855e-01	1.675364202195083196e-01	2.440397448338877673e-01	1.506180873328884784e-01	7.156097515767437245e-02	2.924436189255156388e-02	7.574817188215600405e-02
1.112687149140715292e+03	2.605078816929074503e-01	1.670282142238330159e-01	2.445162377442475221e-01	1.509560300447275183e-01	7.170234202029748816e-02	2.932682429008443697e-02	7.596246998357850111e-02
1.117524919354370468e+03	2.597678432289544093e-01	1.665229258813964996e-01	2.449898704229823976e-01	1.512920603375149942e-01	7.184293356374481243e-02	2.940905037745622508e-02	7.617531618762657386e-02
1.122362689568025871e+03	2.590320980560272823e-01	1.660205385039952297e-01	2.454606610150293078e-01	1.516261854516314511e-01	7.198275412491622616e-02	2.949103804451043767e-02	7.638672480356591132e-02
1.127200459781681047e+03	2.583006210922726420e-01	1.655210354936874073e-01	2.459286275688198908e-01	1.519584127258530037e-01	7.212180800943797376e-02	2.957278524378548906e-02	7.659670986581945673e-02
1.132038229995336451e+03	2.575733874061569839e-01	1.650244003424898021e-01	2.463937880352441157e-01	1.522887495920028367e-01	7.226009949212992833e-02	2.965428998947709435e-02	7.680528514217507818e-02
1.136876000208991627e+03	2.568503722155227043e-01	1.645306166320693875e-01	2.468561602666997923e-01	1.526172035697977714e-01	7.239763281746020018e-02	2.973555035641295419e-02	7.701246414171308841e-02
1.141713770422646803e+03	2.561315508866499613e-01	1.640396680334289536e-01	2.473157620162241555e-01	1.529437822618827103e-01	7.253441219998706113e-02	2.981656447903971094e-02	7.721826012246331417e-02
1.146551540636302207e+03	2.554168989333241435e-01	1.635515383065881123e-01	2.477726109367042184e-01	1.532684933490467971e-01	7.267044182478908654e-02	2.989733055042214163e-02	7.742268609880147145e-02
1.151389310849957155e+03	2.547063920159084449e-01	1.630662113002591118e-01	2.482267245801619282e-01	1.535913445856144088e-01	7.280572584788362611e-02	2.997784682125461189e-02	7.762575484859382535e-02
1.156227081063612786e+03	2.540000059404232124e-01	1.625836709515182665e-01	2.486781203971112908e-01	1.539123437950054574e-01	7.294026839663399209e-02	3.005811159888472500e-02	7.782747892009898860e-02
1.161064851277267962e+03	2.532977166576298456e-01	1.621039012854729178e-01	2.491268157359841917e-01	1.542314988654585051e-01	7.307407357014586435e-02	3.013812324634913484e-02	7.802787063863554640e-02
1.165902621490923138e+03	2.525995002621208574e-01	1.616268864149243423e-01	2.495728278426213032e-01	1.545488177459112544e-01	7.320714543965313459e-02	3.021788018142149493e-02	7.822694211302365364e-02
1.170740391704578315e+03	2.519053329914157091e-01	1.611526105400267472e-01	2.500161738598261074e-01	1.548643084420329163e-01	7.333948804889357798e-02	3.029738087567250548e-02	7.842470524180847335e-02
1.175578161918233945e+03	2.512151912250620289e-01	1.606810579479427126e-01	2.504568708269782062e-01	1.551779790124030445e-01	7.347110541447476884e-02	3.037662385354197858e-02	7.862117171927328341e-02
1.180415932131889122e+03	2.505290514837425486e-01	1.602122130124949972e-01	2.508949356797039454e-01	1.554898375648317010e-01	7.360200152623042058e-02	3.045560769142291804e-02	7.881635304124949559e-02
1.185253702345544298e+03	2.498468904283878966e-01	1.597460601938152092e-01	2.513303852496010515e-01	1.557998922528160968e-01	7.373218034756752470e-02	3.053433101675748912e-02	7.901026051073078982e-02
1.190091472559199701e+03	2.491686848592945258e-01	1.592825840379895330e-01	2.517632362640154220e-01	1.561081512721287645e-01	7.386164581580466348e-02	3.061279250714489183e-02	7.920290524329823278e-02
1.194929242772855105e+03	2.484944117152488585e-01	1.588217691767014050e-01	2.521935053458674858e-01	1.564146228575327424e-01	7.399040184250159358e-02	3.069099088946098189e-02	7.939429817236300091e-02
1.199767012986510281e+03	2.478240480726566219e-01	1.583636003268716341e-01	2.526212090135251387e-01	1.567193152796194366e-01	7.411845231378054455e-02	3.076892493898967032e-02	7.958445005423307739e-02
1.204604783200165684e+03	2.471575711446778179e-01	1.579080622902960807e-01	2.530463636807220307e-01	1.570222368417645287e-01	7.424580109063952382e-02	3.084659347856595624e-02	7.977337147301016840e-02
1.209442553413820860e+03	2.464949582803674655e-01	1.574551399532808926e-01	2.534689856565186528e-01	1.573233958771982355e-01	7.437245200925765576e-02	3.092399537773053014e-02	7.996107284532272264e-02
1.214280323627476264e+03	2.458361869638217845e-01	1.570048182862755493e-01	2.538890911453035026e-01	1.576228007461854541e-01	7.449840888129311001e-02	3.100112955189588196e-02	8.014756442490085508e-02
1.219118093841131440e+03	2.451812348133298458e-01	1.565570823435042114e-01	2.543066962468337189e-01	1.579204598333123211e-01	7.462367549417364687e-02	3.107799496152384086e-02	8.033285630699855961e-02
1.223955864054786844e+03	2.445300795805308292e-01	1.561119172625947682e-01	2.547218169563119639e-01	1.582163815448752175e-01	7.474825561138009888e-02	3.115459061131442900e-02	8.051695843266884478e-02
1.228793634268442020e+03	2.438826991495768037e-01	1.556693082642064685e-01	2.551344691644986118e-01	1.585105743063687789e-01	7.487215297272298287e-02	3.123091554940596315e-02	8.069988059289660842e-02
1.233631404482097196e+03	2.432390715363009492e-01	1.552292406516560253e-01	2.555446686578567439e-01	1.588030465600692442e-01	7.499537129461246454e-02	3.130696886658633493e-02	8.088163243259451074e-02
1.238469174695752372e+03	2.425991748873912168e-01	1.547916998105420550e-01	2.559524311187292844e-01	1.590938067627100938e-01	7.511791427032193935e-02	3.138274969551532734e-02	8.106222345446638389e-02
1.243306944909407548e+03	2.419629874795695135e-01	1.543566712083684345e-01	2.563577721255455577e-01	1.593828633832463926e-01	7.523978557024538216e-02	3.145825720995792940e-02	8.124166302274306306e-02
1.248144715123063179e+03	2.413304877187762432e-01	1.539241403941663811e-01	2.567607071530565443e-01	1.596702249007051211e-01	7.536098884214864624e-02	3.153349062402849984e-02	8.141996036679484405e-02
1.252982485336718355e+03	2.407016541393601772e-01	1.534940929981154223e-01	2.571612515725968384e-01	1.599558998021180234e-01	7.548152771141490580e-02	3.160844919144575882e-02	8.159712458462506368e-02
1.257820255550373531e+03	2.400764654032739032e-01	1.530665147311635610e-01	2.575594206523723062e-01	1.602398965805345854e-01	7.560140578128454747e-02	3.168313220479841014e-02	8.177316464624891090e-02
1.262658025764028707e+03	2.394549002992742703e-01	1.526413913846465520e-01	2.579552295577713927e-01	1.605222237331117852e-01	7.572062663308946895e-02	3.175753899482139375e-02	8.194808939696134054e-02
1.267495795977684338e+03	2.388369377421285522e-01	1.522187088299064572e-01	2.583486933516997985e-01	1.608028897592785056e-01	7.583919382648215968e-02	3.183166892968259526e-02	8.212190756049812801e-02
1.272333566191339514e+03	2.382225567718256332e-01	1.517984530179094516e-01	2.587398269949363061e-01	1.610819031589715289e-01	7.595711089965959117e-02	3.190552141427994981e-02	8.229462774209371501e-02
1.277171336404994690e+03	2.376117365527925240e-01	1.513806099788633508e-01	2.591286453465090900e-01	1.613592724309407811e-01	7.607438136958216690e-02	3.197909588954884336e-02	8.246625843143946810e-02
1.282009106618650094e+03	2.370044563731161236e-01	1.509651658218345294e-01	2.595151631640911782e-01	1.616350060711213010e-01	7.619100873218782877e-02	3.205239183177964468e-02	8.263680800554565331e-02
1.286846876832305497e+03	2.364006956437701701e-01	1.505521067343646713e-01	2.598993951044137329e-01	1.619091125710699630e-01	7.630699646260152846e-02	3.212540875194540291e-02	8.280628473151080415e-02
1.291684647045960673e+03	2.358004338978474945e-01	1.501414189820869938e-01	2.602813557236969277e-01	1.621816004164640668e-01	7.642234801534007749e-02	3.219814619503937742e-02	8.297469676920135595e-02
1.296522417259616077e+03	2.352036507897971584e-01	1.497330889083425820e-01	2.606610594780960355e-01	1.624524780856602402e-01	7.653706682451273668e-02	3.227060373942259447e-02	8.314205217384496027e-02
1.301360187473271253e+03	2.346103260946670599e-01	1.493271029337966127e-01	2.610385207241631700e-01	1.627217540483108793e-01	7.665115630401746205e-02	3.234278099618102115e-02	8.330835889854014409e-02
1.306197957686926657e+03	2.340204397073513687e-01	1.489234475560542448e-01	2.614137537193227390e-01	1.629894367640368491e-01	7.676461984773302882e-02	3.241467760849249535e-02	8.347362479668560264e-02
1.311035727900581833e+03	2.334339716418430966e-01	1.485221093492771205e-01	2.617867726223602198e-01	1.632555346811539465e-01	7.687746082970724204e-02	3.248629325100315518e-02	8.363785762433161020e-02
1.315873498114237009e+03	2.328509020304917465e-01	1.481230749637995336e-01	2.621575914939229257e-01	1.635200562354514053e-01	7.698968260434116417e-02	3.255762762921330516e-02	8.380106504245633803e-02
1.320711268327892412e+03	2.322712111232659027e-01	1.477263311257450418e-01	2.625262242970329285e-01	1.637830098490203889e-01	7.710128850656962352e-02	3.262868047887267087e-02	8.396325461916978594e-02
1.325549038541547588e+03	2.316948792870209550e-01	1.473318646366434115e-01	2.628926848976101405e-01	1.640444039291313605e-01	7.721228185203811434e-02	3.269945156538479891e-02	8.412443383184763090e-02
1.330386808755202765e+03	2.311218870047714591e-01	1.469396623730476470e-01	2.632569870650051658e-01	1.643042468671576939e-01	7.732266593727615822e-02	3.276994068322068576e-02	8.428461006919761578e-02
1.335224578968857941e+03	2.305522148749687694e-01	1.465497112861516016e-01	2.636191444725421440e-01	1.645625470375447486e-01	7.743244403986714042e-02	3.284014765534129521e-02	8.444379063326071244e-02
1.340062349182513572e+03	2.299858436107832527e-01	1.461619984014080886e-01	2.639791706980695873e-01	1.648193127968222149e-01	7.754161941861494045e-02	3.291007233262911724e-02	8.460198274134921037e-02
1.344900119396168748e+03	2.294227540393915521e-01	1.457765108181473812e-01	2.643370792245190448e-01	1.650745524826584543e-01	7.765019531370731531e-02	3.297971459332842137e-02	8.475919352792418704e-02
1.349737889609823924e+03	2.288629271012685706e-01	1.453932357091963223e-01	2.646928834404714270e-01	1.653282744129555004e-01	7.775817494687607689e-02	3.304907434249430842e-02	8.491543004641413650e-02
1.354575659823479100e+03	2.283063438494842834e-01	1.450121603204981013e-01	2.650465966407294927e-01	1.655804868849829192e-01	7.786556152155429955e-02	3.311815151145026254e-02	8.507069927097699047e-02
1.359413430037134731e+03	2.277529854490052963e-01	1.446332719707326409e-01	2.653982320268967743e-01	1.658311981745493879e-01	7.797235822303057173e-02	3.318694605725423796e-02	8.522500809820741929e-02
1.364251200250789907e+03	2.272028331760011233e-01	1.442565580509377055e-01	2.657478027079620553e-01	1.660804165352107176e-01	7.807856821860038876e-02	3.325545796217311417e-02	8.537836334879123079e-02
1.369088970464445310e+03	2.266558684171551541e-01	1.438820060241307319e-01	2.660953217008883986e-01	1.663281501975129306e-01	7.818419465771468679e-02	3.332368723316547765e-02	8.553077176910883761e-02
1.373926740678100487e+03	2.261120726689803406e-01	1.435096034249317143e-01	2.664408019312072828e-01	1.665744073682691451e-01	7.828924067212585103e-02	3.339163390137248055e-02	8.568224003278933354e-02
1.378764510891755890e+03	2.255714275371394073e-01	1.431393378591865051e-01	2.667842562336161794e-01	1.668191962298691544e-01	7.839370937603096223e-02	3.345929802161685951e-02	8.583277474221706616e-02
1.383602281105411066e+03	2.250339147357697800e-01	1.427711970035913103e-01	2.671256973525800715e-01	1.670625249396203438e-01	7.849760386621251751e-02	3.352667967190987169e-02	8.598238242999226011e-02
1.388440051319066470e+03	2.244995160868129835e-01	1.424051686053180443e-01	2.674651379429359155e-01	1.673044016291191649e-01	7.860092722217673633e-02	3.359377895296612737e-02	8.613106956034714823e-02
1.393277821532721646e+03	2.239682135193486190e-01	1.420412404816406571e-01	2.678025905704999876e-01	1.675448344036518378e-01	7.870368250628942408e-02	3.366059598772615236e-02	8.627884253051940067e-02
1.398115591746377049e+03	2.234399890689328649e-01	1.416794005195623207e-01	2.681380677126772860e-01	1.677838313416233351e-01	7.880587276390960128e-02	3.372713092088663878e-02	8.642570767208400395e-02
1.402953361960032225e+03	2.229148248769414753e-01	1.413196366754438382e-01	2.684715817590729303e-01	1.680214004940135675e-01	7.890750102352067641e-02	3.379338391843825229e-02	8.657167125224524140e-02
1.407791132173687402e+03	2.223927031899171070e-01	1.409619369746329398e-01	2.688031450121054489e-01	1.682575498838599082e-01	7.900857029685962041e-02	3.385935516721086391e-02	8.671673947509002389e-02
1.412628902387342805e+03	2.218736063589211160e-01	1.406062895110948008e-01	2.691327696876208431e-01	1.684922875057651426e-01	7.910908357904389288e-02	3.392504487442623423e-02	8.686091848280386163e-02
1.417466672600997981e+03	2.213575168388898229e-01	1.402526824470435030e-01	2.694604679155077065e-01	1.687256213254297865e-01	7.920904384869635606e-02	3.399045326725785160e-02	8.700421435685090632e-02
1.422304442814653157e+03	2.208444171879949680e-01	1.399011040125749117e-01	2.697862517403128990e-01	1.689575592792080805e-01	7.930845406806802389e-02	3.405558059239801455e-02	8.714663311911902133e-02
1.427142213028308333e+03	2.203342900670086091e-01	1.395515425053004410e-01	2.701101331218578872e-01	1.691881092736865488e-01	7.940731718315914567e-02	3.412042711563193637e-02	8.728818073303135083e-02
1.431979983241963964e+03	2.198271182386723199e-01	1.392039862899821512e-01	2.704321239358545292e-01	1.694172791852848192e-01	7.950563612383801382e-02	3.418499312141885793e-02	8.742886310462534560e-02
1.436817753455619140e+03	2.193228845670703864e-01	1.388584237981690117e-01	2.707522359745208052e-01	1.696450768598772307e-01	7.960341380395823119e-02	3.424927891248001621e-02	8.756868608360032780e-02
1.441655523669274316e+03	2.188215720170076650e-01	1.385148435278345525e-01	2.710704809471962684e-01	1.698715101124352866e-01	7.970065312147395220e-02	3.431328480939339898e-02	8.770765546433487159e-02
1.446493293882929493e+03	2.183231636533912445e-01	1.381732340430155415e-01	2.713868704809564991e-01	1.700965867266893694e-01	7.979735695855352806e-02	3.437701115019517473e-02	8.784577698687466574e-02
1.451331064096585123e+03	2.178276426406164923e-01	1.378335839734520785e-01	2.717014161212265022e-01	1.703203144548096071e-01	7.989352818169130621e-02	3.444045828998777703e-02	8.798305633789221814e-02
1.456168834310240300e+03	2.173349922419570146e-01	1.374958820142290206e-01	2.720141293323933840e-01	1.705427010171050861e-01	7.998916964181793099e-02	3.450362660055440039e-02	8.811949915161916558e-02
1.461006604523895703e+03	2.168451958189590856e-01	1.371601169254186847e-01	2.723250214984168638e-01	1.707637541017405225e-01	8.008428417440881242e-02	3.456651646997999094e-02	8.825511101075203535e-02
1.465844374737550879e+03	2.163582368308397952e-01	1.368262775317247160e-01	2.726341039234389529e-01	1.709834813644702800e-01	8.017887459959126273e-02	3.462912830227849598e-02	8.838989744733255494e-02
1.470682144951206283e+03	2.158740988338893052e-01	1.364943527221276764e-01	2.729413878323912468e-01	1.712018904283882925e-01	8.027294372224991204e-02	3.469146251702641404e-02	8.852386394360317601e-02
1.475519915164861459e+03	2.153927654808773517e-01	1.361643314495317170e-01	2.732468843716007734e-01	1.714189888836942510e-01	8.036649433213070848e-02	3.475351954900240958e-02	8.865701593283877024e-02
1.480357685378516862e+03	2.149142205204634393e-01	1.358362027304126918e-01	2.735506046093933441e-01	1.716347842874747509e-01	8.045952920394348895e-02	3.481529984783303389e-02	8.878935880015523252e-02
1.485195455592172038e+03	2.144384477966111424e-01	1.355099556444676889e-01	2.738525595366947951e-01	1.718492841634991219e-01	8.055205109746306491e-02	3.487680387764444806e-02	8.892089788329578248e-02
1.490033225805827215e+03	2.139654312480063492e-01	1.351855793342659207e-01	2.741527600676296195e-01	1.720624960020295802e-01	8.064406275762901755e-02	3.493803211671992620e-02	8.905163847339560290e-02
1.494870996019482618e+03	2.134951549074791954e-01	1.348630630049011958e-01	2.744512170401176010e-01	1.722744272596448689e-01	8.073556691464407742e-02	3.499898505716325658e-02	8.918158581572578625e-02
1.499708766233137567e+03	2.130276029014301631e-01	1.345423959236456135e-01	2.747479412164670620e-01	1.724850853590771393e-01	8.082656628407119959e-02	3.505966320456780499e-02	8.931074511041699193e-02
1.504546536446793198e+03	2.125627594492598693e-01	1.342235674196047834e-01	2.750429432839655020e-01	1.726944776890614319e-01	8.091706356692950075e-02	3.512006707769123326e-02	8.943912151316368853e-02
1.509384306660448374e+03	2.121006088628024089e-01	1.339065668833746836e-01	2.753362338554677380e-01	1.729026116041972316e-01	8.100706144978869760e-02	3.518019720813574808e-02	8.956672013590948056e-02
1.514222076874103550e+03	2.116411355457630816e-01	1.335913837666995452e-01	2.756278234699804930e-01	1.731094944248221801e-01	8.109656260486258761e-02	3.524005414003383158e-02	8.969354604751425541e-02
1.519059847087758726e+03	2.111843239931592286e-01	1.332780075821316246e-01	2.759177225932441524e-01	1.733151334368966401e-01	8.118556969010119750e-02	3.529963842973934951e-02	8.981960427440373318e-02
1.523897617301414357e+03	2.107301587907652318e-01	1.329664279026922802e-01	2.762059416183111904e-01	1.735195358918995012e-01	8.127408534928183548e-02	3.535895064552396078e-02	8.994489980120190520e-02
1.528735387515069533e+03	2.102786246145610383e-01	1.326566343615345478e-01	2.764924908661210989e-01	1.737227090067343382e-01	8.136211221209901923e-02	3.541799136727879355e-02	9.006943757134701356e-02
1.533573157728724709e+03	2.098297062301842097e-01	1.323486166516071871e-01	2.767773805860725966e-01	1.739246599636457558e-01	8.144965289425330768e-02	3.547676118622120761e-02	9.019322248769158501e-02
1.538410927942380113e+03	2.093833884923859412e-01	1.320423645253203104e-01	2.770606209565914524e-01	1.741253959101454196e-01	8.153670999753902249e-02	3.553526070460670538e-02	9.031625941308701888e-02
1.543248698156035516e+03	2.089396563444904098e-01	1.317378677942124543e-01	2.773422220856953668e-01	1.743249239589475530e-01	8.162328610993099809e-02	3.559349053544578340e-02	9.043855317095335355e-02
1.548086468369690692e+03	2.084984948178578157e-01	1.314351163286191226e-01	2.776221940115551345e-01	1.745232511879133974e-01	8.170938380567026316e-02	3.565145130222571734e-02	9.056010854583443348e-02
1.552924238583346096e+03	2.080598890313510307e-01	1.311341000573429116e-01	2.779005467030521981e-01	1.747203846400044724e-01	8.179500564534875062e-02	3.570914363863722518e-02	9.068093028393921229e-02
1.557762008797001272e+03	2.076238241908056614e-01	1.308348089673251891e-01	2.781772900603324827e-01	1.749163313232440509e-01	8.188015417599303625e-02	3.576656818830589724e-02	9.080102309366953894e-02
1.562599779010656675e+03	2.071902855885036365e-01	1.305372331033191335e-01	2.784524339153559569e-01	1.751110982106869052e-01	8.196483193114713350e-02	3.582372560452828925e-02	9.092039164613481550e-02
1.567437549224311852e+03	2.067592586026503754e-01	1.302413625675645503e-01	2.787259880324433059e-01	1.753046922403965202e-01	8.204904143095430313e-02	3.588061655001271305e-02	9.103904057565405383e-02
1.572275319437967255e+03	2.063307286968553145e-01	1.299471875194640191e-01	2.789979621088180539e-01	1.754971203154301607e-01	8.213278518223808555e-02	3.593724169662453755e-02	9.115697448024563665e-02
1.577113089651622431e+03	2.059046814196158204e-01	1.296546981752605965e-01	2.792683657751450776e-01	1.756883893038307942e-01	8.221606567858232018e-02	3.599360172513599992e-02	9.127419792210522687e-02
1.581950859865277607e+03	2.054811024038046274e-01	1.293638848077171277e-01	2.795372085960649566e-01	1.758785060386259813e-01	8.229888540041038758e-02	3.604969732498046475e-02	9.139071542807224169e-02
1.586788630078933011e+03	2.050599773661605507e-01	1.290747377457970857e-01	2.798045000707247709e-01	1.760674773178335928e-01	8.238124681506359126e-02	3.610552919401098515e-02	9.150653149008514120e-02
1.591626400292587959e+03	2.046412921067826407e-01	1.287872473743469082e-01	2.800702496333046243e-01	1.762553099044737170e-01	8.246315237687863731e-02	3.616109803826321467e-02	9.162165056562601717e-02
1.596464170506243590e+03	2.042250325086274187e-01	1.285014041337798618e-01	2.803344666535400043e-01	1.764420105265867844e-01	8.254460452726446185e-02	3.621640457172246863e-02	9.173607707815474577e-02
1.601301940719898766e+03	2.038111845370097486e-01	1.282171985197614883e-01	2.805971604372406447e-01	1.766275858772576590e-01	8.262560569477814254e-02	3.627144951609503898e-02	9.184981541753303724e-02
1.606139710933553943e+03	2.033997342391067331e-01	1.279346210828966046e-01	2.808583402268047813e-01	1.768120426146452817e-01	8.270615829520004680e-02	3.632623360058352679e-02	9.196286994043872953e-02
1.610977481147209119e+03	2.029906677434649975e-01	1.276536624284178023e-01	2.811180152017298539e-01	1.769953873620178919e-01	8.278626473160830002e-02	3.638075756166620628e-02	9.207524497077063108e-02
1.615815251360864750e+03	2.025839712595110254e-01	1.273743132158755287e-01	2.813761944791186576e-01	1.771776267077933842e-01	8.286592739445249045e-02	3.643502214288040636e-02	9.218694480004419045e-02
1.620653021574519926e+03	2.021796310770649363e-01	1.270965641588296391e-01	2.816328871141817181e-01	1.773587672055847997e-01	8.294514866162655542e-02	3.648902809460975727e-02	9.229797368777825639e-02
1.625490791788175102e+03	2.017776335658572062e-01	1.268204060245425313e-01	2.818881021007355603e-01	1.775388153742506192e-01	8.302393089854112618e-02	3.654277617387529514e-02	9.240833586187327531e-02
1.630328562001830505e+03	2.013779651750486621e-01	1.265458296336739175e-01	2.821418483716968129e-01	1.777177776979496915e-01	8.310227645819504017e-02	3.659626714413034138e-02	9.251803551898113431e-02
1.635166332215485909e+03	2.009806124327535859e-01	1.262728258599769837e-01	2.823941347995722606e-01	1.778956606262004914e-01	8.318018768124627038e-02	3.664950177505912898e-02	9.262707682486688576e-02
1.640004102429141085e+03	2.005855619455659267e-01	1.260013856299960489e-01	2.826449701969447337e-01	1.780724705739450131e-01	8.325766689608210536e-02	3.670248084237905106e-02	9.273546391476278350e-02
1.644841872642796488e+03	2.001928003980885107e-01	1.257314999227660546e-01	2.828943633169549443e-01	1.782482139216163275e-01	8.333471641888876014e-02	3.675520512764657993e-02	9.284320089371454754e-02
1.649679642856451665e+03	1.998023145524653599e-01	1.254631597695132217e-01	2.831423228537793269e-01	1.784228970152104687e-01	8.341133855372027950e-02	3.680767541806667653e-02	9.295029183692034291e-02
1.654517413070107068e+03	1.994140912479171746e-01	1.251963562533574548e-01	2.833888574431039364e-01	1.785965261663617909e-01	8.348753559256688606e-02	3.685989250630573172e-02	9.305674079006276411e-02
1.659355183283762244e+03	1.990281174002796472e-01	1.249310805090162457e-01	2.836339756625935737e-01	1.787691076524220435e-01	8.356330981542268999e-02	3.691185719030794926e-02	9.316255176963363083e-02
1.664192953497417420e+03	1.986443800015447736e-01	1.246673237225100761e-01	2.838776860323576900e-01	1.789406477165431386e-01	8.363866349035270487e-02	3.696357027311507337e-02	9.326772876325237216e-02
1.669030723711072824e+03	1.982628661194052455e-01	1.244050771308693321e-01	2.841199970154118515e-01	1.791111525677628324e-01	8.371359887355946106e-02	3.701503256268950937e-02	9.337227572997763847e-02
1.673868493924728000e+03	1.978835628968016180e-01	1.241443320218427876e-01	2.843609170181352064e-01	1.792806283810938761e-01	8.378811820944888356e-02	3.706624487174067784e-02	9.347619660061280700e-02
1.678706264138383403e+03	1.975064575514726695e-01	1.238850797336075726e-01	2.846004543907239004e-01	1.794490812976161920e-01	8.386222373069567027e-02	3.711720801755458848e-02	9.357949527800529799e-02
1.683544034352038352e+03	1.971315373755083145e-01	1.236273116544806122e-01	2.848386174276404947e-01	1.796165174245718532e-01	8.393591765830811513e-02	3.716792282182663359e-02	9.368217563733993725e-02
1.688381804565693983e+03	1.967587897349057091e-01	1.233710192226316893e-01	2.850754143680592767e-01	1.797829428354628944e-01	8.400920220169237618e-02	3.721839011049746238e-02	9.378424152642657330e-02
1.693219574779349159e+03	1.963882020691279651e-01	1.231161939257979093e-01	2.853108533963080173e-01	1.799483635701518702e-01	8.408207955871618844e-02	3.726861071359192923e-02	9.388569676598211566e-02
1.698057344993004335e+03	1.960197618906659167e-01	1.228628273009997329e-01	2.855449426423050663e-01	1.801127856349648559e-01	8.415455191577209115e-02	3.731858546506112984e-02	9.398654514990711917e-02
1.702895115206659511e+03	1.956534567846025252e-01	1.226109109342584935e-01	2.857776901819933379e-01	1.802762150027969745e-01	8.422662144784011373e-02	3.736831520262729606e-02	9.408679044555715021e-02
1.707732885420315142e+03	1.952892744081801135e-01	1.223604364603153583e-01	2.860091040377696348e-01	1.804386576132200881e-01	8.429829031854998989e-02	3.741780076763174395e-02	9.418643639400894885e-02
1.712570655633970318e+03	1.949272024903704603e-01	1.221113955623519265e-01	2.862391921789104732e-01	1.806001193725928766e-01	8.436956068024280275e-02	3.746704300488558348e-02	9.428548671032176143e-02
1.717408425847625494e+03	1.945672288314475862e-01	1.218637799717121051e-01	2.864679625219938575e-01	1.807606061541729980e-01	8.444043467403218595e-02	3.751604276252337722e-02	9.438394508379376047e-02
1.722246196061280898e+03	1.942093413025632320e-01	1.216175814676256628e-01	2.866954229313175562e-01	1.809201237982311639e-01	8.451091442986508051e-02	3.756480089185948446e-02	9.448181517821375996e-02
1.727083966274936301e+03	1.938535278453251132e-01	1.213727918769331587e-01	2.869215812193127157e-01	1.810786781121672961e-01	8.458100206658195064e-02	3.761331824724721551e-02	9.457910063210844820e-02
1.731921736488591478e+03	1.934997764713778934e-01	1.211294030738123556e-01	2.871464451469548096e-01	1.812362748706283777e-01	8.465069969197661082e-02	3.766159568594062979e-02	9.467580505898520737e-02
1.736759506702246881e+03	1.931480752619866847e-01	1.208874069795061179e-01	2.873700224241699241e-01	1.813929198156280787e-01	8.472000940285549786e-02	3.770963406795905387e-02	9.477193204757052014e-02
1.741597276915902057e+03	1.927984123676234063e-01	1.206467955620518229e-01	2.875923207102375478e-01	1.815486186566679927e-01	8.478893328509659599e-02	3.775743425595413927e-02	9.486748516204439319e-02
