7.837187746121558121e+02	3.222983860626110753e-01	2.093377885822240714e-01	2.047110314137703946e-01	1.235829206683637244e-01	6.004045397061824607e-02	2.327490635605351452e-02	5.675451294602959496e-02
7.982320852531219089e+02	3.190257386678814755e-01	2.071052825719158497e-01	2.068129137964773989e-01	1.249244601555720424e-01	6.065504548714014538e-02	2.355553122578166528e-02	5.792102809490201620e-02
8.127453958940876646e+02	3.158095606050794202e-01	2.049104829739724631e-01	2.088819369167639051e-01	1.262640344368994028e-01	6.125883996840599671e-02	2.383590409011576705e-02	5.903924100843362111e-02
8.272587065350534203e+02	3.126488941048378156e-01	2.027528427075120099e-01	2.109178059748821887e-01	1.275986580864368891e-01	6.185213390030074726e-02	2.411587164214597581e-02	6.011379358355496694e-02
8.417720171760191761e+02	3.095427940945105760e-01	2.006318096018235853e-01	2.129203738643804245e-01	1.289258135794720539e-01	6.243520148793696434e-02	2.439528500176860182e-02	6.114872236977837022e-02
8.562853278169851592e+02	3.064903286213107592e-01	1.985468284892463187e-01	2.148896176723412155e-01	1.302433857782090976e-01	6.300829744209342220e-02	2.467400026953727593e-02	6.214754172693248702e-02
8.707986384579510286e+02	3.034905791726923430e-01	1.964973429854089404e-01	2.168256185461685248e-01	1.315496054895883560e-01	6.357165938559324048e-02	2.495187894437387796e-02	6.311331547584526913e-02
8.853119490989170117e+02	3.005426409093117091e-01	1.944827970004440465e-01	2.187285444558226821e-01	1.328430008393629014e-01	6.412550993207891126e-02	2.522878822680926433e-02	6.404871863584107872e-02
8.998252597398827675e+02	2.976456228237434054e-01	1.925026360187492291e-01	2.205986354458796816e-01	1.341223553805022950e-01	6.467005848238345511e-02	2.550460122629137974e-02	6.495609062212109874e-02
9.143385703808486369e+02	2.947986478362676355e-01	1.905563081796618208e-01	2.224361910281870691e-01	1.353866720038170712e-01	6.520550277744426027e-02	2.577919708840597721e-02	6.583748108588670378e-02
9.288518810218145063e+02	2.920008528374427037e-01	1.886432651869295873e-01	2.242415594144629709e-01	1.366351418477688429e-01	6.573203024131880901e-02	2.605246105554153910e-02	6.669468941620600166e-02
9.433651916627801484e+02	2.892513886858020800e-01	1.867629630709959632e-01	2.260151283300205205e-01	1.378671175156255813e-01	6.624981914322081167e-02	2.632428447254231765e-02	6.752929878146324283e-02
9.578785023037459041e+02	2.865494201678260855e-01	1.849148628247904158e-01	2.277573171858320311e-01	1.390820900039139718e-01	6.675903960349581501e-02	2.659456474718627922e-02	6.834270546662590817e-02
9.723918129447120009e+02	2.838941259263225159e-01	1.830984309308463787e-01	2.294685704171794405e-01	1.402796688286470361e-01	6.725985446501089871e-02	2.686320527385923848e-02	6.913614415780497402e-02
9.869051235856777566e+02	2.812846983624687214e-01	1.813131397950993873e-01	2.311493518238625089e-01	1.414595649069000372e-01	6.775242004846426802e-02	2.713011532753850999e-02	6.991070973533700106e-02
1.001418434226643626e+03	2.787203435160157117e-01	1.795584681005885919e-01	2.328001397699521746e-01	1.426215758125577993e-01	6.823688680756377634e-02	2.739520993412047911e-02	7.066737605887184193e-02
1.015931744867609382e+03	2.762002809275038717e-01	1.778339010924523123e-01	2.344214231208965882e-01	1.437655730778222285e-01	6.871339989781929947e-02	2.765840972220118613e-02	7.140701216097487813e-02
1.030445055508575479e+03	2.737237434857823226e-01	1.761389308040273993e-01	2.360136978128547502e-01	1.448914912575279546e-01	6.918209967079587408e-02	2.791964076062614791e-02	7.213039620805589136e-02
1.044958366149541234e+03	2.712899772636437890e-01	1.744730562325015333e-01	2.375774639638295049e-01	1.459993185124778825e-01	6.964312210403846015e-02	2.817883438544644889e-02	7.283822753773269709e-02
1.059471676790506763e+03	2.688982413439736652e-01	1.728357834713949714e-01	2.391132234488262120e-01	1.470890885017497041e-01	7.009659917546985641e-02	2.843592701933680272e-02	7.353113703891904496e-02
1.073984987431472746e+03	2.665478076384581452e-01	1.712266258061375945e-01	2.406214778721591507e-01	1.481608734029929431e-01	7.054265918984865824e-02	2.869085998603416315e-02	7.420969610403961580e-02
1.088498298072438729e+03	2.642379607005906350e-01	1.696451037781367133e-01	2.421027268794085086e-01	1.492147779047780787e-01	7.098142706382785938e-02	2.894357932193046892e-02	7.487442435099797566e-02
1.103011608713404712e+03	2.619679975344553768e-01	1.680907452219815024e-01	2.435574667596059062e-01	1.502509340366356694e-01	7.141302457525278147e-02	2.919403558659036668e-02	7.552579628514861920e-02
1.117524919354370468e+03	2.597372274005411708e-01	1.665630852797830019e-01	2.449861892951794851e-01	1.512694967210096997e-01	7.183757058156006736e-02	2.944218367365529151e-02	7.616424704794153011e-02
1.132038229995336451e+03	2.575449716196465122e-01	1.650616663960924047e-01	2.463893808231721883e-01	1.522706399473653383e-01	7.225518121146970452e-02	2.968798262333173163e-02	7.679017737859228365e-02
1.146551540636302207e+03	2.553905633757710958e-01	1.635860382963609527e-01	2.477675214763989386e-01	1.532545534824875377e-01	7.266597003358524209e-02	2.993139543743724568e-02	7.740395789762916090e-02
1.161064851277267962e+03	2.532733475187473049e-01	1.621357579514903779e-01	2.491210845776389848e-01	1.542214400428943699e-01	7.307004820501970810e-02	3.017238889778723482e-02	7.800593280609215141e-02
1.175578161918233945e+03	2.511926803672442921e-01	1.607103895306681296e-01	2.504505361637755501e-01	1.551715128655313247e-01	7.346752460273657526e-02	3.041093338854405220e-02	7.859642308117011089e-02
1.190091472559199701e+03	2.491479295126722560e-01	1.593095043443736591e-01	2.517563346200757390e-01	1.561049936217360490e-01	7.385850593992519808e-02	3.064700272301321832e-02	7.917572923787385974e-02
1.204604783200165684e+03	2.471384736244257863e-01	1.579326807791782694e-01	2.530389304076275381e-01	1.570221106270664468e-01	7.424309686941223119e-02	3.088057397525617240e-02	7.974413371670351081e-02
1.219118093841131440e+03	2.451637022568296242e-01	1.565795042257333847e-01	2.542987658693787179e-01	1.579230973061356569e-01	7.462140007583581425e-02	3.111162731679173454e-02	8.030190294896501213e-02
1.233631404482097196e+03	2.432230156580842406e-01	1.552495670011451723e-01	2.555362751023118051e-01	1.588081908772413509e-01	7.499351635807297023e-02	3.134014585857683444e-02	8.084928914423751556e-02
1.248144715123063179e+03	2.413158245814536473e-01	1.539424682667652478e-01	2.567518838850848528e-01	1.596776312264406861e-01	7.535954470320642418e-02	3.156611549838880815e-02	8.138653183833022275e-02
1.262658025764028707e+03	2.394415500988903156e-01	1.526578139422805069e-01	2.579460096520114765e-01	1.605316599449117809e-01	7.571958235314163455e-02	3.178952477367470025e-02	8.191385923475948128e-02
1.277171336404994690e+03	2.375996234172518817e-01	1.513952166168611446e-01	2.591190615055812829e-01	1.613705195070542220e-01	7.607372486483281182e-02	3.201036471988581711e-02	8.243148936820271500e-02
1.291684647045960673e+03	2.357894856972298503e-01	1.501542954580153133e-01	2.602714402608622968e-01	1.621944525698923167e-01	7.642206616494658100e-02	3.222862873427686375e-02	8.293963111444660474e-02
1.306197957686926657e+03	2.340105878750821100e-01	1.489346761187088364e-01	2.614035385161051495e-01	1.630037013770254950e-01	7.676469859967852138e-02	3.244431244511734175e-02	8.343848506795228936e-02
1.320711268327892412e+03	2.322623904872349321e-01	1.477359906432250403e-01	2.625157407447126778e-01	1.637985072526815244e-01	7.710171298034131093e-02	3.265741358623698576e-02	8.392824430523727897e-02
1.335224578968857941e+03	2.305443634978012746e-01	1.465578773721729344e-01	2.636084234044580588e-01	1.645791101734182804e-01	7.743319862525888109e-02	3.286793187680627643e-02	8.440909504975399602e-02
1.349737889609823924e+03	2.288559861290431485e-01	1.453999808469911004e-01	2.646819550604568305e-01	1.653457484067369920e-01	7.775924339842903155e-02	3.307586890623687159e-02	8.488121725177567856e-02
1.364251200250789907e+03	2.271967466947917569e-01	1.442619517142437746e-01	2.657366965189281172e-01	1.660986582073472606e-01	7.807993374535421305e-02	3.328122802407391945e-02	8.534478509493062526e-02
1.378764510891755890e+03	2.255661424368263779e-01	1.431434466299615071e-01	2.667730009692368953e-01	1.668380735630998202e-01	7.839535472638681224e-02	3.348401423474267613e-02	8.579996743941552262e-02
1.393277821532721646e+03	2.239636793642034440e-01	1.420441281642402243e-01	2.677912141321006079e-01	1.675642259837009374e-01	7.870559004788836577e-02	3.368423409700486287e-02	8.624692821053113467e-02
1.407791132173687402e+03	2.223888720955175813e-01	1.409636647062803283e-01	2.687916744121758850e-01	1.682773443262695345e-01	7.901072209146234315e-02	3.388189562797516707e-02	8.668582673998866117e-02
1.422304442814653157e+03	2.208412437040701559e-01	1.399017303700190173e-01	2.697747130535300686e-01	1.689776546526138290e-01	7.931083194148549897e-02	3.407700821154558551e-02	8.711681806640524106e-02
1.436817753455619140e+03	2.193203255659151030e-01	1.388580049004841943e-01	2.707406542967450425e-01	1.696653801138086615e-01	7.960599941113279121e-02	3.426958251106346220e-02	8.754005320052000994e-02
1.451331064096585123e+03	2.178256572107464539e-01	1.378321735809785453e-01	2.716898155366114231e-01	1.703407408582601756e-01	7.989630306706509144e-02	3.445963038610905943e-02	8.795567935989845321e-02
1.465844374737550879e+03	2.163567861755891775e-01	1.368239271411828273e-01	2.726225074795487480e-01	1.710039539599686187e-01	8.018182025292688864e-02	3.464716481321919450e-02	8.836384017723367124e-02
1.480357685378516862e+03	2.149132678612510894e-01	1.358329616662536654e-01	2.735390343000410063e-01	1.716552333641500894e-01	8.046262711178138460e-02	3.483219981040509144e-02	8.876467588578679235e-02
1.494870996019482618e+03	2.134946653914920056e-01	1.348589785069762570e-01	2.744396937955048688e-01	1.722947898477668882e-01	8.073879860759440585e-02	3.501475036531494223e-02	8.915832348501968874e-02
1.509384306660448374e+03	2.121005494748640918e-01	1.339016841910217748e-01	2.753247775391205465e-01	1.729228309928522445e-01	8.101040854586352702e-02	3.519483236689448930e-02	8.954491688905232005e-02
1.523897617301414357e+03	2.107304982691762807e-01	1.329607903353493548e-01	2.761945710302464718e-01	1.735395611708033248e-01	8.127752959347683825e-02	3.537246254040229965e-02	8.992458706021443093e-02
1.538410927942380113e+03	2.093840972485350171e-01	1.320360135597837548e-01	2.770493538421202051e-01	1.741451815360663125e-01	8.154023329787482566e-02	3.554765838563993252e-02	9.029746212964886998e-02
1.552924238583346096e+03	2.080609390729124819e-01	1.311270754017931361e-01	2.778893997666153082e-01	1.747398900278528677e-01	8.179859010557946619e-02	3.572043811826114412e-02	9.066366750665445784e-02
1.567437549224311852e+03	2.067606234601939430e-01	1.302337022324840943e-01	2.787149769558789902e-01	1.753238813787121597e-01	8.205266938014663114e-02	3.589082061402831120e-02	9.102332597822471172e-02
1.581950859865277607e+03	2.054827570606553300e-01	1.293556251738270380e-01	2.795263480607250162e-01	1.758973471289435597e-01	8.230253941959106423e-02	3.605882535588837701e-02	9.137655780003844930e-02
1.596464170506243590e+03	2.042269533338224030e-01	1.284925800171196619e-01	2.803237703656955571e-01	1.764604756459726143e-01	8.254826747332684456e-02	3.622447238374496004e-02	9.172348077998675187e-02
1.610977481147209119e+03	2.029928324276638885e-01	1.276443071426922593e-01	2.811074959207389146e-01	1.770134521479332645e-01	8.278991975866116515e-02	3.638778224680754014e-02	9.206421035517174667e-02
1.625490791788175102e+03	2.017800210600700916e-01	1.268105514408559009e-01	2.818777716694790825e-01	1.775564587308008924e-01	8.302756147687476163e-02	3.654877595840277937e-02	9.239885966318528432e-02
1.640004102429141085e+03	2.005881524025708851e-01	1.259910622340910114e-01	2.826348395740745922e-01	1.780896743985110886e-01	8.326125682891816204e-02	3.670747495313759351e-02	9.272753960836538356e-02
1.654517413070107068e+03	1.994168659662458321e-01	1.251855932004719008e-01	2.833789367366855161e-01	1.786132750955748694e-01	8.349106903074986208e-02	3.686390104630739989e-02	9.305035892363323902e-02
1.669030723711072824e+03	1.982658074897815093e-01	1.243939022983205495e-01	2.841102955175799361e-01	1.791274337417680385e-01	8.371706032833901856e-02	3.701807639544747730e-02	9.336742422843205547e-02
1.683544034352038352e+03	1.971346288296306759e-01	1.236157516920813187e-01	2.848291436499270080e-01	1.796323202685291553e-01	8.393929201235308946e-02	3.717002346392923179e-02	9.367884008321807066e-02
1.698057344993004335e+03	1.960229878522298241e-01	1.228509076794065957e-01	2.855357043513315762e-01	1.801281016567508886e-01	8.415782443254848921e-02	3.731976498650720064e-02	9.398470904089394062e-02
1.712570655633970318e+03	1.949305483282315066e-01	1.220991406194424089e-01	2.862301964321746217e-01	1.806149419756915286e-01	8.437271701188019113e-02	3.746732393672639466e-02	9.428513169552175943e-02
1.727083966274936301e+03	1.938569798287097246e-01	1.213602248623019131e-01	2.869128344008292641e-01	1.810930024227710988e-01	8.458402826034465416e-02	3.761272349610353394e-02	9.458020672860822931e-02
1.741597276915902057e+03	1.928019576232965215e-01	1.206339386797136703e-01	2.875838285658266491e-01	1.815624413640481161e-01	8.479181578856891111e-02	3.775598702499911169e-02	9.487003095321534796e-02
1.756110587556867813e+03	1.917651625802101745e-01	1.199200641968311970e-01	2.882433851350503229e-01	1.820234143752014477e-01	8.499613632115732287e-02	3.789713803510105783e-02	9.515469935611678420e-02
1.770623898197833569e+03	1.907462810681345156e-01	1.192183873251894538e-01	2.888917063120391981e-01	1.824760742828645255e-01	8.519704570980633773e-02	3.803620016344382015e-02	9.543430513819041450e-02
1.785137208838799552e+03	1.897450048599116368e-01	1.185286976967935973e-01	2.895289903894808781e-01	1.829205712061813260e-01	8.539459894619656766e-02	3.817319714789037255e-02	9.570893975321377589e-02
1.799650519479765535e+03	1.887610310380100354e-01	1.178507885993250459e-01	2.901554318399778287e-01	1.833570525984705990e-01	8.558885017467078582e-02	3.830815280400746287e-02	9.597869294520636196e-02
1.814163830120731291e+03	1.877940619017310075e-01	1.171844569124493168e-01	2.907712214041688337e-01	1.837856632889007802e-01	8.577985270470539492e-02	3.844109100326772305e-02	9.624365278444509120e-02
1.828677140761696819e+03	1.868438048761180970e-01	1.165295030452102726e-01	2.913765461762878317e-01	1.842065455240914917e-01	8.596765902318244390e-02	3.857203565251508121e-02	9.650390570226287379e-02
1.843190451402663257e+03	1.859099724225340422e-01	1.158857308744950659e-01	2.919715896872419059e-01	1.846198390095693531e-01	8.615232080646863244e-02	3.870101067463278810e-02	9.675953652472626954e-02
1.857703762043628785e+03	1.849922819508710015e-01	1.152529476845539219e-01	2.925565319852875823e-01	1.850256809510158473e-01	8.633388893230697914e-02	3.882803999035604192e-02	9.701062850527664150e-02
1.872217072684594768e+03	1.840904557333608582e-01	1.146309641075589358e-01	2.931315497143847648e-01	1.854242060952540072e-01	8.651241349152688498e-02	3.895314750117387370e-02	9.725726335640862141e-02
1.886730383325560297e+03	1.832042208199531064e-01	1.140195940651861500e-01	2.936968161903048546e-01	1.858155467709282915e-01	8.668794379957731056e-02	3.907635707326731489e-02	9.749952128045094590e-02
1.901243693966526507e+03	1.823333089552281183e-01	1.134186547112049914e-01	2.942525014745681622e-01	1.861998329288385989e-01	8.686052840788771601e-02	3.919769252243344992e-02	9.773748099950693713e-02
1.915757004607492036e+03	1.814774564968152093e-01	1.128279663750592909e-01	2.947987724462841630e-01	1.865771921818956403e-01	8.703021511506117691e-02	3.931717759994703826e-02	9.797121978460544833e-02
1.930270315248458019e+03	1.806364043352848836e-01	1.122473525064243693e-01	2.953357928719653192e-01	1.869477498446690256e-01	8.719705097790358961e-02	3.943483597931381895e-02	9.820081348410690525e-02
1.944783625889424002e+03	1.798098978154860084e-01	1.116766396207244105e-01	2.958637234733832999e-01	1.873116289725051675e-01	8.736108232229268522e-02	3.955069124387150525e-02	9.842633655140477222e-02
1.959296936530389530e+03	1.789976866592988269e-01	1.111156572455947317e-01	2.963827219935351587e-01	1.876689504001944064e-01	8.752235475389033570e-02	3.966476687519655819e-02	9.864786207195781753e-02
1.973810247171355968e+03	1.781995248897756678e-01	1.105642378682736154e-01	2.968929432607834706e-01	1.880198327801715363e-01	8.768091316870155194e-02	3.977708624227686840e-02	9.886546178968513843e-02
1.988323557812321269e+03	1.774151707566423153e-01	1.100222168839085357e-01	2.973945392512335473e-01	1.883643926202356877e-01	8.783680176348308832e-02	3.988767259141209193e-02	9.907920613275261745e-02
2.002836868453287707e+03	1.766443866631324522e-01	1.094894325447616362e-01	2.978876591494076798e-01	1.887027443207791311e-01	8.799006404600483167e-02	3.999654903680538443e-02	9.928916423877678921e-02
2.017350179094252780e+03	1.758869390941297517e-01	1.089657259102997794e-01	2.983724494072751976e-01	1.890350002115156747e-01	8.814074284516650037e-02	4.010373855181177671e-02	9.949540397946921022e-02
2.031863489735218764e+03	1.751425985455914991e-01	1.084509407981542051e-01	2.988490538016945197e-01	1.893612705877021629e-01	8.828888032097244321e-02	4.020926396081007242e-02	9.969799198474296742e-02
2.046376800376184747e+03	1.744111394552292360e-01	1.079449237359355329e-01	2.993176134903207108e-01	1.896816637458479948e-01	8.843451797436702178e-02	4.031314793166689697e-02	9.989699366630043487e-02
2.060890111017150957e+03	1.736923401344215578e-01	1.074475239138895782e-01	2.997782670660320559e-01	1.899962860189088054e-01	8.857769665693297767e-02	4.041541296876256101e-02	1.000924732407203060e-01
2.075403421658116713e+03	1.729859827013355555e-01	1.069585931383798816e-01	3.002311506099243354e-01	1.903052418109623667e-01	8.871845658045508787e-02	4.051608140655034440e-02	1.002844937520602359e-01
2.089916732299082469e+03	1.722918530152337258e-01	1.064779857861829770e-01	3.006763977429229850e-01	1.906086336313651541e-01	8.885683732635124565e-02	4.061517540362162559e-02	1.004731170939900942e-01
2.104430042940048224e+03	1.716097406119431179e-01	1.060055587595827437e-01	3.011141396760579347e-01	1.909065621283896619e-01	8.899287785497322911e-02	4.071271693725096036e-02	1.006584040314701389e-01
2.118943353581013525e+03	1.709394386404651800e-01	1.055411714422499481e-01	3.015445052594473707e-01	1.911991261223430771e-01	8.912661651477898905e-02	4.080872779839619935e-02	1.008404142219869737e-01
2.133456664221980191e+03	1.702807438007041541e-01	1.050846856558939890e-01	3.019676210300322738e-01	1.914864226381688406e-01	8.925809105137866295e-02	4.090322958712998280e-02	1.010192062363597792e-01
2.147969974862945492e+03	1.696334562822926217e-01	1.046359656176733405e-01	3.023836112581040902e-01	1.917685469375331742e-01	8.938733861645598022e-02	4.099624370848012345e-02	1.011948375791282828e-01
2.162483285503912157e+03	1.689973797044940496e-01	1.041948778983517593e-01	3.027925979926649469e-01	1.920455925503993799e-01	8.951439577656708502e-02	4.108779136865725601e-02	1.013673647085331503e-01
2.176996596144877003e+03	1.683723210571614892e-01	1.037612913811876425e-01	3.031947011056583818e-01	1.923176513060930459e-01	8.963929852181840019e-02	4.117789357164938768e-02	1.015368430560992935e-01
2.191509906785843214e+03	1.677580906427329210e-01	1.033350772215436142e-01	3.035900383351080034e-01	1.925848133638620729e-01	8.976208227442540599e-02	4.126657111616380269e-02	1.017033270458318067e-01
2.206023217426809424e+03	1.671545020192435893e-01	1.029161088072041708e-01	3.039787253271991618e-01	1.928471672429352968e-01	8.988278189715387390e-02	4.135384459289768999e-02	1.018668701130337889e-01
2.220536528067775180e+03	1.665613719443367613e-01	1.025042617193890754e-01	3.043608756773372170e-01	1.931047998520844244e-01	9.000143170164531803e-02	4.143973438211985549e-02	1.020275247227548782e-01
2.235049838708740936e+03	1.659785203202536474e-01	1.020994136944504554e-01	3.047366009702156542e-01	1.933577965186938641e-01	9.011806545662810752e-02	4.152426065154661561e-02	1.021853423878791300e-01
2.249563149349706237e+03	1.654057701397850522e-01	1.017014445862417793e-01	3.051060108189254105e-01	1.936062410173433057e-01	9.023271639601597449e-02	4.160744335449581555e-02	1.023403736868601643e-01
2.264076459990672902e+03	1.648429474331664923e-01	1.013102363291470548e-01	3.054692129031347791e-01	1.938502155979086039e-01	9.034541722689520826e-02	4.168930222830367210e-02	1.024926682811116985e-01
2.278589770631638203e+03	1.642898812158996025e-01	1.009256729017588283e-01	3.058263130063701429e-01	1.940898010131860418e-01	9.045620013740227061e-02	4.176985679298986232e-02	1.026422749320607536e-01
2.293103081272604413e+03	1.637464034374828403e-01	1.005476402911935768e-01	3.061774150524244620e-01	1.943250765460454998e-01	9.056509680449305322e-02	4.184912635015704263e-02	1.027892415178710134e-01
2.307616391913570169e+03	1.632123489310343678e-01	1.001760264580335846e-01	3.065226211409207702e-01	1.945561200361185517e-01	9.067213840160530391e-02	4.192712998211151065e-02	1.029336150498433161e-01
2.322129702554535925e+03	1.626875553637914806e-01	9.981072130188420322e-02	3.068620315820564937e-01	1.947830079060269559e-01	9.077735560621562338e-02	4.200388655119250553e-02	1.030754416885000663e-01
2.336643013195502135e+03	1.621718631884702111e-01	9.945161662753586318e-02	3.071957449305529053e-01	1.950058151871575385e-01	9.088077860729230906e-02	4.207941469929817740e-02	1.032147667593602963e-01
2.351156323836467891e+03	1.616651155954692554e-01	9.909860611172031930e-02	3.075238580188343618e-01	1.952246155449894049e-01	9.098243711264550337e-02	4.215373284759679762e-02	1.033516347684116793e-01
2.365669634477433647e+03	1.611671584659034595e-01	9.875158527045055368e-02	3.078464659894594169e-01	1.954394813039797840e-01	9.108236035617577053e-02	4.222685919641239877e-02	1.034860894172858758e-01
2.380182945118399402e+03	1.606778403254511822e-01	9.841045142693440051e-02	3.081636623268270703e-01	1.956504834720141361e-01	9.118057710502266988e-02	4.229881172527451966e-02	1.036181736181432528e-01
2.394696255759364703e+03	1.601970122990014900e-01	9.807510368005153967e-02	3.084755388881778582e-01	1.958576917644269111e-01	9.127711566661432518e-02	4.236960819312232673e-02	1.037479295082727876e-01
2.409209566400331823e+03	1.597245280660861411e-01	9.774544287338432502e-02	3.087821859339115460e-01	1.960611746275991440e-01	9.137200389561926650e-02	4.243926613865361269e-02	1.038753984644131961e-01
2.423722877041296670e+03	1.592602438170828139e-01	9.742137156479246940e-02	3.090836921572404639e-01	1.962609992621389132e-01	9.146526920080204348e-02	4.250780288080993619e-02	1.040006211168005706e-01
2.438236187682262880e+03	1.588040182101752573e-01	9.710279399652207988e-02	3.093801447131978022e-01	1.964572316456508205e-01	9.155693855178341500e-02	4.257523551938944412e-02	1.041236373629482875e-01
2.452749498323228636e+03	1.583557123290572355e-01	9.678961606583989796e-02	3.096716292470187981e-01	1.966499365551006573e-01	9.164703848570665556e-02	4.264158093577927189e-02	1.042444863811645556e-01
2.467262808964194392e+03	1.579151896413663880e-01	9.648174529618322448e-02	3.099582299219125203e-01	1.968391775887814998e-01	9.173559511381082499e-02	4.270685579379995822e-02	1.043632066438125588e-01
2.481776119605160602e+03	1.574823159578357668e-01	9.617909080881656414e-02	3.102400294462416275e-01	1.970250171878871748e-01	9.182263412791254187e-02	4.277107654065462339e-02	1.044798359303186625e-01
2.496289430246126358e+03	1.570569593921495033e-01	9.588156329498626063e-02	3.105171091001253658e-01	1.972075166576993666e-01	9.190818080679703794e-02	4.283425940797591647e-02	1.045944113399334269e-01
2.510802740887092114e+03	1.566389903214906454e-01	9.558907498856407392e-02	3.107895487614831254e-01	1.973867361883942795e-01	9.199226002251975620e-02	4.289642041296434088e-02	1.047069693042505939e-01
2.525316051528057415e+03	1.562282813477685606e-01	9.530153963917122051e-02	3.110574269315323770e-01	1.975627348754749324e-01	9.207489624661970018e-02	4.295757535961159529e-02	1.048175455994884570e-01
2.539829362169024080e+03	1.558247072595138616e-01	9.501887248577460532e-02	3.113208207597560340e-01	1.977355707398351647e-01	9.215611355624547807e-02	4.301773984000304557e-02	1.049261753585386397e-01
2.554342672809989381e+03	1.554281449944294458e-01	9.474099023074648851e-02	3.115798060683538928e-01	1.979053007474611270e-01	9.223593564019520741e-02	4.307692923569376303e-02	1.050328930827867935e-01
2.568855983450955591e+03	1.550384736025855192e-01	9.446781101437999595e-02	3.118344573761912542e-01	1.980719808287763894e-01	9.231438580487129342e-02	4.313515871915271638e-02	1.051377326537094870e-01
2.583369294091921347e+03	1.546555742102474207e-01	9.419925438985185528e-02	3.120848479222578797e-01	1.982356658976361929e-01	9.239148698015114958e-02	4.319244325527013539e-02	1.052407273442519664e-01
2.597882604732887103e+03	1.542793299843255028e-01	9.393524129862489136e-02	3.123310496886500531e-01	1.983964098699770029e-01	9.246726172517502618e-02	4.324879760292316133e-02	1.053419098299908790e-01
2.612395915373853313e+03	1.539096260974355534e-01	9.367569404628239838e-02	3.125731334230884562e-01	1.985542656821267515e-01	9.254173223405175175e-02	4.330423631659525985e-02	1.054413122000862763e-01
2.626909226014819069e+03	1.535463496935594307e-01	9.342053627878670052e-02	3.128111686609829634e-01	1.987092853087817357e-01	9.261492034148348373e-02	4.335877374804508744e-02	1.055389659680270459e-01
2.641422536655784825e+03	1.531893898542950327e-01	9.316969295915447646e-02	3.130452237470562893e-01	1.988615197806556101e-01	9.268684752831068963e-02	4.341242404802062721e-02	1.056349020821736734e-01
2.655935847296750580e+03	1.528386375656857199e-01	9.292309034454156180e-02	3.132753658565377575e-01	1.990110192018060831e-01	9.275753492697803859e-02	4.346520116801484007e-02	1.057291509361023701e-01
2.670449157937716336e+03	1.524939856856188103e-01	9.268065596372987436e-02	3.135016610159370720e-01	1.991578327666448656e-01	9.282700332692227219e-02	4.351711886205895941e-02	1.058217423787544825e-01
2.684962468578682547e+03	1.521553289117830721e-01	9.244231859500938453e-02	3.137241741234093051e-01	1.993020087766362303e-01	9.289527317988328925e-02	4.356819068855010552e-02	1.059127057243949566e-01
2.699475779219648302e+03	1.518225637501758873e-01	9.220800824444830290e-02	3.139429689687204261e-01	1.994435946566895101e-01	9.296236460513895850e-02	4.361843001210978510e-02	1.060020697623834662e-01
2.713989089860614058e+03	1.514955884841498457e-01	9.197765612454444906e-02	3.141581082528238644e-01	1.995826369712509485e-01	9.302829739466499104e-02	4.366785000547017404e-02	1.060898627667620497e-01
2.728502400501579814e+03	1.511743031439900797e-01	9.175119463325111246e-02	3.143696536070565428e-01	1.997191814401000631e-01	9.309309101822067778e-02	4.371646365138526918e-02	1.061761125056625704e-01
2.743015711142545115e+03	1.508586094770127672e-01	9.152855733337089683e-02	3.145776656119639303e-01	1.998532729538556318e-01	9.315676462836129657e-02	4.376428374456398096e-02	1.062608462505377493e-01
2.757529021783511780e+03	1.505484109181756125e-01	9.130967893231094201e-02	3.147822038157629954e-01	1.999849555891965447e-01	9.321933706537843811e-02	4.381132289362259929e-02	1.063440907852190725e-01
2.772042332424477081e+03	1.502436125611916751e-01	9.109449526219311200e-02	3.149833267524514424e-01	2.001142726238022973e-01	9.328082686216868091e-02	4.385759352305407949e-02	1.064258724148048479e-01
2.786555643065443292e+03	1.499441211301377752e-01	9.088294326031305659e-02	3.151810919595711136e-01	2.002412665510183154e-01	9.334125224903210005e-02	4.390310787521179564e-02	1.065062169743819093e-01
2.801068953706408593e+03	1.496498449515487328e-01	9.067496094994169364e-02	3.153755559956342158e-01	2.003659790942509122e-01	9.340063115840098462e-02	4.394787801230545798e-02	1.065851498375840062e-01
2.815582264347374803e+03	1.493606939269891409e-01	9.047048742146342193e-02	3.155667744572197009e-01	2.004884512210965697e-01	9.345898122949994336e-02	4.399191581840713322e-02	1.066626959249900863e-01
2.830095574988341014e+03	1.490765795060946253e-01	9.026946281384466697e-02	3.157548019957470697e-01	2.006087231572104834e-01	9.351631981293818952e-02	4.403523300146527930e-02	1.067388797123656891e-01
2.844608885629306769e+03	1.487974146600740122e-01	9.007182829642748634e-02	3.159396923339354291e-01	2.007268343999188687e-01	9.357266397523489321e-02	4.407784109532503908e-02	1.068137252387502401e-01
2.859122196270272525e+03	1.485231138556648012e-01	8.987752605104191994e-02	3.161214982819546826e-01	2.008428237315797171e-01	9.362803050327840604e-02	4.411975146175287771e-02	1.068872561143934669e-01
2.873635506911238281e+03	1.482535930295341975e-01	8.968649925443186732e-02	3.163002717532753527e-01	2.009567292326965571e-01	9.368243590872027404e-02	4.416097529246391235e-02	1.069594955285437243e-01
2.888148817552204036e+03	1.479887695631173505e-01	8.949869206098870489e-02	3.164760637802239152e-01	2.010685882947895187e-01	9.373589643230487156e-02	4.420152361115041451e-02	1.070304662570910476e-01
2.902662128193170247e+03	1.477285622578864421e-01	8.931404958578739728e-02	3.166489245292505861e-01	2.011784376330283397e-01	9.378842804813536382e-02	4.424140727550991692e-02	1.071001906700678047e-01
2.917175438834136003e+03	1.474728913110417705e-01	8.913251788791952401e-02	3.168189033159147239e-01	2.012863132986313641e-01	9.384004646787706683e-02	4.428063697927155790e-02	1.071686907390097948e-01
2.931688749475101758e+03	1.472216782916190014e-01	8.895404395411826703e-02	3.169860486195951732e-01	2.013922506910350574e-01	9.389076714489875963e-02	4.431922325421935871e-02	1.072359880441801222e-01
2.946202060116067514e+03	1.469748461170042042e-01	8.877857568266996069e-02	3.171504080979306028e-01	2.014962845698379801e-01	9.394060527835296215e-02	4.435717647221113641e-02	1.073021037816589141e-01
2.960715370757033725e+03	1.467323190298504554e-01	8.860606186760718039e-02	3.173120286009957769e-01	2.015984490665234108e-01	9.398957581719577514e-02	4.439450684719194878e-02	1.073670587703012130e-01
2.975228681397999480e+03	1.464940225753888492e-01	8.843645218317858214e-02	3.174709561852196438e-01	2.016987776959648371e-01	9.403769346414730945e-02	4.443122443720098208e-02	1.074308734585655567e-01
2.989741992038964781e+03	1.462598835791270036e-01	8.826969716859037196e-02	3.176272361270504607e-01	2.017973033677179506e-01	9.408497267959330113e-02	4.446733914637080592e-02	1.074935679312158943e-01
3.004255302679930992e+03	1.460298301249286224e-01	8.810574821301464521e-02	3.177809129363730611e-01	2.018940583971035041e-01	9.413142768542871741e-02	4.450286072691810729e-02	1.075551619158991029e-01
3.018768613320896748e+03	1.458037915334675916e-01	8.794455754086011323e-02	3.179320303696840377e-01	2.019890745160843881e-01	9.417707246884417238e-02	4.453779878112490431e-02	1.076156747896006016e-01
3.033281923961862958e+03	1.455816983410498089e-01	8.778607819730024908e-02	3.180806314430287829e-01	2.020823828839411751e-01	9.422192078605597099e-02	4.457216276330958765e-02	1.076751255849802691e-01
3.047795234602828714e+03	1.453634822787970848e-01	8.763026403405450859e-02	3.182267584447064923e-01	2.021740140977495159e-01	9.426598616598023950e-02	4.460596198178680416e-02	1.077335329965911775e-01
3.062308545243794470e+03	1.451490762521863709e-01	8.747706969541821365e-02	3.183704529477470735e-01	2.022639982026631367e-01	9.430928191385229420e-02	4.463920560081559991e-02	1.077909153869831271e-01
3.076821855884760225e+03	1.449384143209383191e-01	8.732645060453643471e-02	3.185117558221646772e-01	2.023523647020062100e-01	9.435182111479173406e-02	4.467190264253510096e-02	1.078472907926932983e-01
3.091335166525725526e+03	1.447314316792494004e-01	8.717836294991800072e-02	3.186507072469927926e-01	2.024391425671783762e-01	9.439361663731392349e-02	4.470406198888710048e-02	1.079026769301262428e-01
3.105848477166692192e+03	1.445280646363615862e-01	8.703276367218480691e-02	3.187873467221042922e-01	2.025243602473760507e-01	9.443468113678880893e-02	4.473569238352499006e-02	1.079570912013252670e-01
3.120361787807657493e+03	1.443282505974638474e-01	8.688961045105292325e-02	3.189217130798224220e-01	2.026080456791333195e-01	9.447502705884756879e-02	4.476680243370848716e-02	1.080105506996371922e-01
3.134875098448624158e+03	1.441319280449196716e-01	8.674886169254089618e-02	3.190538444963250120e-01	2.026902262956858658e-01	9.451466664273797114e-02	4.479740061218367292e-02	1.080630722152726431e-01
3.149388409089589004e+03	1.439390365198150168e-01	8.661047651640151057e-02	3.191837785028471819e-01	2.027709290361612293e-01	9.455361192462903575e-02	4.482749525904788229e-02	1.081146722407638483e-01
3.163901719730555214e+03	1.437495166038216809e-01	8.647441474377298709e-02	3.193115519966860938e-01	2.028501803545984250e-01	9.459187474086565295e-02	4.485709458359900953e-02	1.081653669763218417e-01
3.178415030371521425e+03	1.435633099013699787e-01	8.634063688504574341e-02	3.194372012520115267e-01	2.029280062288005282e-01	9.462946673117399177e-02	4.488620666616890964e-02	1.082151723350949779e-01
3.192928341012487181e+03	1.433803590221259805e-01	8.620910412794088873e-02	3.195607619304866032e-01	2.030044321690228359e-01	9.466639934181814153e-02	4.491483945994042409e-02	1.082641039483307199e-01
3.207441651653452936e+03	1.432006075637678177e-01	8.607977832579685740e-02	3.196822690917016652e-01	2.030794832264999628e-01	9.470268382870891677e-02	4.494300079274787807e-02	1.083121771704424335e-01
3.221954962294418237e+03	1.430240000950563084e-01	8.595262198606032356e-02	3.198017572034249634e-01	2.031531840018149793e-01	9.473833126046531106e-02	4.497069836886061212e-02	1.083594070839830475e-01
3.236468272935384903e+03	1.428504821391941848e-01	8.582759825897784411e-02	3.199192601516743784e-01	2.032255586531131752e-01	9.477335252142923827e-02	4.499793977074939555e-02	1.084058085045273567e-01
3.250981583576350204e+03	1.426800001574698995e-01	8.570467092648492713e-02	3.200348112506125609e-01	2.032966309041637498e-01	9.480775831463435221e-02	4.502473246083540243e-02	1.084513959854646464e-01
3.265494894217316414e+03	1.425125015331805411e-01	8.558380439128862593e-02	3.201484432522699319e-01	2.033664240522719546e-01	9.484155916472943038e-02	4.505108378322161128e-02	1.084961838227034292e-01
3.280008204858282170e+03	1.423479345558291420e-01	8.546496366614063367e-02	3.202601883560977081e-01	2.034349609760447708e-01	9.487476542085698794e-02	4.507700096540644824e-02	1.085401860592897921e-01
3.294521515499247926e+03	1.421862484055918807e-01	8.534811436329726997e-02	3.203700782183551143e-01	2.035022641430127011e-01	9.490738725948787147e-02	4.510249111997946536e-02	1.085834164899411591e-01
3.309034826140214136e+03	1.420273931380506005e-01	8.523322268416325120e-02	3.204781439613332283e-01	2.035683556171102859e-01	9.493943468721220691e-02	4.512756124629890842e-02	1.086258886654969807e-01
3.323548136781179892e+03	1.418713196691858969e-01	8.512025540911584420e-02	3.205844161824187855e-01	2.036332570660181474e-01	9.497091754348756243e-02	4.515221823215117419e-02	1.086676158972880307e-01
3.338061447422145648e+03	1.417179797606265557e-01	8.500917988750636423e-02	3.206889249630011096e-01	2.036969897683692243e-01	9.500184550334478395e-02	4.517646885539191443e-02	1.087086112614255168e-01
3.352574758063111403e+03	1.415673260051507065e-01	8.489996402783581142e-02	3.207916998772246120e-01	2.037595746208215042e-01	9.503222808005205857e-02	4.520031978556878632e-02	1.087488876030120039e-01
3.367088068704076704e+03	1.414193118124348059e-01	8.479257628810167591e-02	3.208927700005900774e-01	2.038210321449999418e-01	9.506207462773795525e-02	4.522377758552578036e-02	1.087884575402752324e-01
3.381601379345043824e+03	1.412738913950458419e-01	8.468698566631262248e-02	3.209921639184075137e-01	2.038813824943100650e-01	9.509139434397388679e-02	4.524684871298906980e-02	1.088273334686264276e-01
3.396114689986008671e+03	1.411310197546727929e-01	8.458316169116865402e-02	3.210899097341030628e-01	2.039406454606253194e-01	9.512019627231656227e-02	4.526953952213437493e-02	1.088655275646445708e-01
3.410628000626974881e+03	1.409906526685932304e-01	8.448107441290320097e-02	3.211860350773829142e-01	2.039988404808510958e-01	9.514848930481120681e-02	4.529185626513575896e-02	1.089030517899879508e-01
3.425141311267940637e+03	1.408527466763709601e-01	8.438069439428472207e-02	3.212805671122565543e-01	2.040559866433671599e-01	9.517628218445574328e-02	4.531380509369594550e-02	1.089399178952343006e-01
3.439654621908906392e+03	1.407172590667812029e-01	8.428199270177491598e-02	3.213735325449220137e-01	2.041121026943512606e-01	9.520358350762678223e-02	4.533539206055812315e-02	1.089761374236510594e-01
3.454167932549872603e+03	1.405841478649586807e-01	8.418494089684061543e-02	3.214649576315160573e-01	2.041672070439859155e-01	9.523040172646797530e-02	4.535662312099925098e-02	1.090117217148968420e-01
3.468681243190838359e+03	1.404533718197654157e-01	8.408951102741701877e-02	3.215548681857309798e-01	2.042213177725504258e-01	9.525674515124100961e-02	4.537750413430490654e-02	1.090466819086556016e-01
3.483194553831804114e+03	1.403248903913744405e-01	8.399567561951916395e-02	3.216432895863007291e-01	2.042744526364006219e-01	9.528262195264003420e-02	4.539804086522575971e-02	1.090810289482045947e-01
3.497707864472769415e+03	1.401986637390653656e-01	8.390340766899942460e-02	3.217302467843591862e-01	2.043266290738382784e-01	9.530804016406997647e-02	4.541823898541565152e-02	1.091147735839174543e-01
3.512221175113736081e+03	1.400746527092287530e-01	8.381268063344822494e-02	3.218157643106719923e-01	2.043778642108720345e-01	9.533300768388919266e-02	4.543810407485143754e-02	1.091479263767036190e-01
3.526734485754701382e+03	1.399528188235751314e-01	8.372346842423555868e-02	3.218998662827452506e-01	2.044281748668723975e-01	9.535753227761707695e-02	4.545764162323458896e-02	1.091804977013852429e-01
3.541247796395667592e+03	1.398331242675456276e-01	8.363574539869080005e-02	3.219825764118119937e-01	2.044775775601223311e-01	9.538162158010701774e-02	4.547685703137467617e-02	1.092124977500127658e-01
3.555761107036633348e+03	1.397155318789206346e-01	8.354948635241847554e-02	3.220639180097000231e-01	2.045260885132655637e-01	9.540528309768533943e-02	4.549575561255479045e-02	1.092439365351203229e-01
3.570274417677599104e+03	1.396000051366231287e-01	8.346466651174740126e-02	3.221439139955822317e-01	2.045737236586546159e-01	9.542852421025663223e-02	4.551434259387908410e-02	1.092748238929221183e-01
3.584787728318565314e+03	1.394865081497131676e-01	8.338126152631113175e-02	3.222225869026114631e-01	2.046204986436002959e-01	9.545135217337598343e-02	4.553262311760240127e-02	1.093051694864507761e-01
3.599301038959531070e+03	1.393750056465706821e-01	8.329924746175706995e-02	3.222999588844430163e-01	2.046664288355246886e-01	9.547377412028856813e-02	4.555060224244222855e-02	1.093349828086388753e-01
3.613814349600496826e+03	1.392654629642632036e-01	8.321860079258242004e-02	3.223760517216454624e-01	2.047115293270191094e-01	9.549579706393716838e-02	4.556828494487304149e-02	1.093642731853446820e-01
3.628327660241463036e+03	1.391578460380950011e-01	8.313929839509431874e-02	3.224508868280023810e-01	2.047558149408093275e-01	9.551742789893796770e-02	4.558567612040310274e-02	1.093930497783229816e-01
3.642840970882427882e+03	1.390521213913350762e-01	8.306131754049220217e-02	3.225244852567071274e-01	2.047993002346292224e-01	9.553867340352517612e-02	4.560278058483396846e-02	1.094213215881423146e-01
3.657354281523394548e+03	1.389482561251207116e-01	8.298463588807031277e-02	3.225968677064519063e-01	2.048419995060051790e-01	9.555954024146490200e-02	4.561960307550272375e-02	1.094490974570493103e-01
3.671867592164359849e+03	1.388462179085337422e-01	8.290923147853809794e-02	3.226680545274137613e-01	2.048839267969522759e-01	9.558003496393874254e-02	4.563614825250709994e-02	1.094763860717813259e-01
