7.837187746121558121e+02	3.222983860626110753e-01	2.093377885822240714e-01	2.047110314137703946e-01	1.235829206683637244e-01	6.004045397061824607e-02	2.327490635605351452e-02	5.675451294602959496e-02
7.885565448258112156e+02	3.212011880287791166e-01	2.085894161030170946e-01	2.054152868630615691e-01	1.240301033138479780e-01	6.024653075260844731e-02	2.336846098301679359e-02	5.714901395533968781e-02
7.933943150394665054e+02	3.201103357649276449e-01	2.078452731613443794e-01	2.061159215185476290e-01	1.244773176904033773e-01	6.045138430178421951e-02	2.346199915478749953e-02	5.753776840787599295e-02
7.982320852531219089e+02	3.190257933456229766e-01	2.071053397658001449e-01	2.068129181576013054e-01	1.249244333711602151e-01	6.065502653707272734e-02	2.355551505324377307e-02	5.792097376916957585e-02
8.030698554667769713e+02	3.179475249932188219e-01	2.063695958212589943e-01	2.075062618326646569e-01	1.253713269712728451e-01	6.085746904878629182e-02	2.364900290306922587e-02	5.829881842939994840e-02
8.079076256804323748e+02	3.168754950804478221e-01	2.056380211400717639e-01	2.081959397469444750e-01	1.258178818034258739e-01	6.105872311320719587e-02	2.374245697517412754e-02	5.867148214039942522e-02
8.127453958940876646e+02	3.158096681328216304e-01	2.049105954526845574e-01	2.088819411363108669e-01	1.262639875500395081e-01	6.125879970647451350e-02	2.383587158985648116e-02	5.903913643148309132e-02
8.175831661077428407e+02	3.147500088308470279e-01	2.041872984177096340e-01	2.095642571570948132e-01	1.267095399513642195e-01	6.145770951780665098e-02	2.392924111971711162e-02	5.940194500513117093e-02
8.224209363213982442e+02	3.136964820120697883e-01	2.034681096314742699e-01	2.102428807794969046e-01	1.271544405086948437e-01	6.165546296209184485e-02	2.402255999234219341e-02	5.976006411350082842e-02
8.272587065350534203e+02	3.126490526729536756e-01	2.027530086370734896e-01	2.109178066863321710e-01	1.275985962019714481e-01	6.185207019187704408e-02	2.411582269276592305e-02	6.011364291669699100e-02
8.320964767487085965e+02	3.116076859706038427e-01	2.020419749329506742e-01	2.115890311768499898e-01	1.280419192210697499e-01	6.204754110878432649e-02	2.420902376572545492e-02	6.046282382368673575e-02
8.369342469623640000e+02	3.105723472243425709e-01	2.013349879810293619e-01	2.122565520753806612e-01	1.284843267101173359e-01	6.224188537438245239e-02	2.430215781771960862e-02	6.080774281669883846e-02
8.417720171760191761e+02	3.095430019171448999e-01	2.006320272144175854e-01	2.129203686445720611e-01	1.289257405242048016e-01	6.243511242053994409e-02	2.439521951888218299e-02	6.114852975990934386e-02
8.466097873896745796e+02	3.085196156969417514e-01	1.999330720447063947e-01	2.135804815029915815e-01	1.293660869978909278e-01	6.262723145928467128e-02	2.448820360468034057e-02	6.148530869317517938e-02
8.514475576033297557e+02	3.075021543777971544e-01	1.992381018688816341e-01	2.142368925468793039e-01	1.298052967249303802e-01	6.281825149219390225e-02	2.458110487744779790e-02	6.181819811154071198e-02
8.562853278169851592e+02	3.064905839409665655e-01	1.985470960758683456e-01	2.148896048758489052e-01	1.302433043486803388e-01	6.300818131933724753e-02	2.467391820776222364e-02	6.214731123120724454e-02
8.611230980306403353e+02	3.054848705358423899e-01	1.978600340527257861e-01	2.155386227223426709e-01	1.306800483626681386e-01	6.319702954779445048e-02	2.476663853567566409e-02	6.247275624262177418e-02
8.659608682442956251e+02	3.044849804807925886e-01	1.971768951905097378e-01	2.161839513846563199e-01	1.311154709208279534e-01	6.338480459976819636e-02	2.485926087180643021e-02	6.279463655130965161e-02
8.707986384579510286e+02	3.034908802638981440e-01	1.964976588898187937e-01	2.168255971633584467e-01	1.315495176569378977e-01	6.357151472031175032e-02	2.495178029830044664e-02	6.311305100704539539e-02
8.756364086716062047e+02	3.025025365435949909e-01	1.958223045660400785e-01	2.174635673009378545e-01	1.319821375128114038e-01	6.375716798468983315e-02	2.504419196966958111e-02	6.342809412192713936e-02
8.804741788852616082e+02	3.015199161492252422e-01	1.951508116543087534e-01	2.180978699245200436e-01	1.324132825748194353e-01	6.394177230539056789e-02	2.513649111351420884e-02	6.373985627789265085e-02
8.853119490989170117e+02	3.005429860815027054e-01	1.944831596141956831e-01	2.187285139915021437e-01	1.328429079183391093e-01	6.412533543880530318e-02	2.522867303113681542e-02	6.404842392418919061e-02
8.901497193125721878e+02	2.995717135128972974e-01	1.938193279341365594e-01	2.193555092379626537e-01	1.332709714597453410e-01	6.430786499159224512e-02	2.532073309805306024e-02	6.435387976528386678e-02
8.949874895262273640e+02	2.986060657879429092e-01	1.931592961356150273e-01	2.199788661297095993e-01	1.336974338155793030e-01	6.448936842673928804e-02	2.541266676440650379e-02	6.465630293967840336e-02
8.998252597398827675e+02	2.976460104234728843e-01	1.925030437771119984e-01	2.205985958158368787e-01	1.341222581685469761e-01	6.466985306934043554e-02	2.550446955529282744e-02	6.495576919006905425e-02
9.046630299535379436e+02	2.966915151087868296e-01	1.918505504578324472e-01	2.212147100846656722e-01	1.345454101400159475e-01	6.484932611209966169e-02	2.559613707099897897e-02	6.525235102527150721e-02
9.095008001671932334e+02	2.957425477057526453e-01	1.912017958212211821e-01	2.218272213219530109e-01	1.349668576686962329e-01	6.502779462057546589e-02	2.568766498716259367e-02	6.554611787430994485e-02
9.143385703808486369e+02	2.947990762488478800e-01	1.905567595582769447e-01	2.224361424712558710e-01	1.353865708952053659e-01	6.520526553817836135e-02	2.577904905485657594e-02	6.583713623305009754e-02
9.191763405945038130e+02	2.938610689451431335e-01	1.899154214106759386e-01	2.230414869963443514e-01	1.358045220522326457e-01	6.538174569093348210e-02	2.587028510060360512e-02	6.612546980373801286e-02
9.240141108081592165e+02	2.929284941742307802e-01	1.892777611737133103e-01	2.236432688455629314e-01	1.362206853600314294e-01	6.555724179201936896e-02	2.596136902632495067e-02	6.641117962778834982e-02
9.288518810218145063e+02	2.920013204881029001e-01	1.886437586990720450e-01	2.242415024180433869e-01	1.366350369269813958e-01	6.573176044609400914e-02	2.605229680922794763e-02	6.669432421214942230e-02
9.336896512354697961e+02	2.910795166109804710e-01	1.880133938974273833e-01	2.248362025316778257e-01	1.370475546549747570e-01	6.590530815341806570e-02	2.614306450163600415e-02	6.697495964955661740e-02
9.385274214491247449e+02	2.901630514390967086e-01	1.873866467408953629e-01	2.254273843927648013e-01	1.374582181493936850e-01	6.607789131378526137e-02	2.623366823076504067e-02	6.725313973297024350e-02
9.433651916627801484e+02	2.892518940404379402e-01	1.867634972653327563e-01	2.260150635672459329e-01	1.378670086334554956e-01	6.624951623026917313e-02	2.632410419844990676e-02	6.752891606447997130e-02
9.482029618764355519e+02	2.883460136544434005e-01	1.861439255724959552e-01	2.265992559534535655e-01	1.382739088667149507e-01	6.642018911279516657e-02	2.641436868082420314e-02	6.780233815894395888e-02
9.530407320900908417e+02	2.874453796916676129e-01	1.855279118320658227e-01	2.271799777562953648e-01	1.386789030675217027e-01	6.658991608154601893e-02	2.650445802795670450e-02	6.807345354261799819e-02
9.578785023037459041e+02	2.865499617334062443e-01	1.849154362835450649e-01	2.277572454628039311e-01	1.390819768392417277e-01	6.675870317020914102e-02	2.659436866344750197e-02	6.834230784701761374e-02
9.627162725174014213e+02	2.856597295312888196e-01	1.843064792380344485e-01	2.283310758189839862e-01	1.394831171000601999e-01	6.692655632907301699e-02	2.668409708398667216e-02	6.860894489824408138e-02
9.675540427310568248e+02	2.847746530068393511e-01	1.837010210798939447e-01	2.289014858078924908e-01	1.398823120161926392e-01	6.709348142798020331e-02	2.677363985887828979e-02	6.887340680199430243e-02
9.723918129447120009e+02	2.838947022510076579e-01	1.830990422682944874e-01	2.294684926288902971e-01	1.402795509383389372e-01	6.725948425914363149e-02	2.686299362953230990e-02	6.913573402446393512e-02
9.772295831583674044e+02	2.830198475236726519e-01	1.825005233386656489e-01	2.300321136780072717e-01	1.406748243412235533e-01	6.742457053983287596e-02	2.695215510892681049e-02	6.939596546934251320e-02
9.820673533720223531e+02	2.821500592531192009e-01	1.819054449040449217e-01	2.305923665293650726e-01	1.410681237660722787e-01	6.758874591493664596e-02	2.704112108104289591e-02	6.965413855109037211e-02
9.869051235856777566e+02	2.812853080354913438e-01	1.813137876563326867e-01	2.311492689176049276e-01	1.414594417658833758e-01	6.775201595940734400e-02	2.712988840027444684e-02	6.991028926467725280e-02
9.917428937993331601e+02	2.804255646342217467e-01	1.807255323674585579e-01	2.317028387212704821e-01	1.418487718533579522e-01	6.791438618059347787e-02	2.721845399081480529e-02	7.016445225195436231e-02
9.965806640129884499e+02	2.795707999794402321e-01	1.801406598904626011e-01	2.322530939470975608e-01	1.422361084513604212e-01	6.807586202046522761e-02	2.730681484602232034e-02	7.041666086482299691e-02
1.001418434226643626e+03	2.787209851673623784e-01	1.795591511604963664e-01	2.328000527151656562e-01	1.426214468457872309e-01	6.823644885773827440e-02	2.739496802776664186e-02	7.066694722535489526e-02
1.006256204440298802e+03	2.778760914596590248e-01	1.789809871957475373e-01	2.333437332448679846e-01	1.430047831407264269e-01	6.839615200990084576e-02	2.748291066575749356e-02	7.091534228301218934e-02
1.011093974653954206e+03	2.770360902828091221e-01	1.784061490982919440e-01	2.338841538416590038e-01	1.433861142157979718e-01	6.855497673514847345e-02	2.757063995685754901e-02	7.116187586910746599e-02
1.015931744867609382e+03	2.762009532274359302e-01	1.778346180548768529e-01	2.344213328845403677e-01	1.437654376855685978e-01	6.871292823423111318e-02	2.765815316438099969e-02	7.140657674863767901e-02
1.020769515081264785e+03	2.753706520476282837e-01	1.772663753376385876e-01	2.349552888142482643e-01	1.441427518609412484e-01	6.887001165221656729e-02	2.774544761737927565e-02	7.164947266961928241e-02
1.025607285294920075e+03	2.745451586602481453e-01	1.767014023047583371e-01	2.354860401221065547e-01	1.445180557124231824e-01	6.902623208017444334e-02	2.783252070991529617e-02	7.189059041004552952e-02
1.030445055508575479e+03	2.737244451442252258e-01	1.761396804010588180e-01	2.360136053395123501e-01	1.448913488351820655e-01	6.918159455678417336e-02	2.791936990032755500e-02	7.212995582258131810e-02
1.035282825722230655e+03	2.729084837398395025e-01	1.755811911585450635e-01	2.365380030280222479e-01	1.452626314158033394e-01	6.933610406987106289e-02	2.800599271048527170e-02	7.236759387710511859e-02
1.040120595935886058e+03	2.720972468479929129e-01	1.750259161968922006e-01	2.370592517700083890e-01	1.456319042006664621e-01	6.948976555787353404e-02	2.809238672503580267e-02	7.260352870120229118e-02
1.044958366149541234e+03	2.712907070294712786e-01	1.744738372238827107e-01	2.375773701598559440e-01	1.459991684658621947e-01	6.964258391124499015e-02	2.817854959064532844e-02	7.283778361870925366e-02
1.049796136363196410e+03	2.704888370041962364e-01	1.739249360357958130e-01	2.380923767956743820e-01	1.463644259885754084e-01	6.979456397379331378e-02	2.826447901523392037e-02	7.307038118640263313e-02
1.054633906576851814e+03	2.696916096504695659e-01	1.733791945177518001e-01	2.386042902714961278e-01	1.467276790198636105e-01	6.994571054396117593e-02	2.835017276720591325e-02	7.330134322892357945e-02
1.059471676790506763e+03	2.688989980042089667e-01	1.728365946440130474e-01	2.391131291699384875e-01	1.470889302587626291e-01	7.009602837604966830e-02	2.843562867467649621e-02	7.353069087202249166e-02
1.064309447004162394e+03	2.681109752581774530e-01	1.722971184782444432e-01	2.396189120553045560e-01	1.474481828276560103e-01	7.024552218138827020e-02	2.852084462469539269e-02	7.375844457420570321e-02
1.069147217217817570e+03	2.673275147612062530e-01	1.717607481737349062e-01	2.401216574671009019e-01	1.478054402488463981e-01	7.039419662945348155e-02	2.860581856246841026e-02	7.398462415686149485e-02
1.073984987431472746e+03	2.665485900174117129e-01	1.712274659735825155e-01	2.406213839139509092e-01	1.481607064222713599e-01	7.054205634893868926e-02	2.869054849057761994e-02	7.420924883293908425e-02
1.078822757645127922e+03	2.657741746854073717e-01	1.706972542108446678e-01	2.411181098678832069e-01	1.485139856043075912e-01	7.068910592877761245e-02	2.877503246820089719e-02	7.443233723425062009e-02
1.083660527858783553e+03	2.650042425775114840e-01	1.701700953086552892e-01	2.416118537589759530e-01	1.488652823876114306e-01	7.083534991912322776e-02	2.885926861033142124e-02	7.465390743746312674e-02
1.088498298072438729e+03	2.642387676589505463e-01	1.696459717803111278e-01	2.421026339703389596e-01	1.492146016819451970e-01	7.098079283228489467e-02	2.894325508699783361e-02	7.487397698884339092e-02
1.093336068286093905e+03	2.634777240470591586e-01	1.691248662293280414e-01	2.425904688334155901e-01	1.495619486959418598e-01	7.112543914362497166e-02	2.902699012248557628e-02	7.509256292781676945e-02
1.098173838499749309e+03	2.627210860104771117e-01	1.686067613494696138e-01	2.430753766235886626e-01	1.499073289197625503e-01	7.126929329241731004e-02	2.911047199455996798e-02	7.530968180939683065e-02
1.103011608713404712e+03	2.619688279683436427e-01	1.680916399247491810e-01	2.435573755560738463e-01	1.502507481086037266e-01	7.141235968266929079e-02	2.919369903369154265e-02	7.552534972554086901e-02
1.107849378927059888e+03	2.612209244894899696e-01	1.675794848294067108e-01	2.440364837820862276e-01	1.505922122670129426e-01	7.155464268390911153e-02	2.927666962228409053e-02	7.573958232548307079e-02
1.112687149140715292e+03	2.604773502916296057e-01	1.670702790278620065e-01	2.445127193852654202e-01	1.509317276339741665e-01	7.169614663194000259e-02	2.935938219390587037e-02	7.595239483509505507e-02
1.117524919354370468e+03	2.597380802405478972e-01	1.665640055746454296e-01	2.449861003783457281e-01	1.512693006687252650e-01	7.183687582956284345e-02	2.944183523252438817e-02	7.616380207532058577e-02
1.122362689568025871e+03	2.590030893492898945e-01	1.660606476143073607e-01	2.454566447000588736e-01	1.516049380372723188e-01	7.197683454726888641e-02	2.952402727174513117e-02	7.637381847972962712e-02
1.127200459781681047e+03	2.582723527773485017e-01	1.655601883813075381e-01	2.459243702122564101e-01	1.519386465995673230e-01	7.211602702390371156e-02	2.960595689405460043e-02	7.658245811123402802e-02
1.132038229995336451e+03	2.575458458298512943e-01	1.650626111998856060e-01	2.463892946972409403e-01	1.522704333973165791e-01	7.225445746730399521e-02	2.968762273006797861e-02	7.678973467800571939e-02
1.136876000208991627e+03	2.568235439567480571e-01	1.645678994839134823e-01	2.468514358552947596e-01	1.526003056423900217e-01	7.239213005490829911e-02	2.976902345778173475e-02	7.699566154863574097e-02
1.141713770422646803e+03	2.561054227519984905e-01	1.640760367367310180e-01	2.473108113023951837e-01	1.529282707058019219e-01	7.252904893434296285e-02	2.985015780183144368e-02	7.720025176657106802e-02
1.146551540636302207e+03	2.553914579527601925e-01	1.635870065509654192e-01	2.477674385681071789e-01	1.532543361072354893e-01	7.266521822398464003e-02	2.993102453275509750e-02	7.740351806386408517e-02
1.151389310849957155e+03	2.546816254385775857e-01	1.631007926083358484e-01	2.482213350936434415e-01	1.535785095050851423e-01	7.280064201350007480e-02	3.001162246626210353e-02	7.760547287426790286e-02
1.156227081063612786e+03	2.539759012305720098e-01	1.626173786794437581e-01	2.486725182300830173e-01	1.539007986869911915e-01	7.293532436436458988e-02	3.009195046250825317e-02	7.780612834570931058e-02
1.161064851277267962e+03	2.532742614906329792e-01	1.621367486235495148e-01	2.491210052367398287e-01	1.542212115608435630e-01	7.306926931036013262e-02	3.017200742537677963e-02	7.800549635216930122e-02
1.165902621490923138e+03	2.525766825206108290e-01	1.616588863883368921e-01	2.495668132796733385e-01	1.545397561462313885e-01	7.320248085805376725e-02	3.025179230176576473e-02	7.820358850500008785e-02
1.170740391704578315e+03	2.518831407615113038e-01	1.611837760096653527e-01	2.500099594303332173e-01	1.548564405663171717e-01	7.333496298725766804e-02	3.033130408088203361e-02	7.840041616370543864e-02
1.175578161918233945e+03	2.511936127926915896e-01	1.607114016113109500e-01	2.504504606643307985e-01	1.551712730401151596e-01	7.346671965147130723e-02	3.041054179354164139e-02	7.859599044621075337e-02
1.180415932131889122e+03	2.505080753310588992e-01	1.602417474046972934e-01	2.508883338603308255e-01	1.554842618751539340e-01	7.359775477830687862e-02	3.048950451147718066e-02	7.879032223864719520e-02
1.185253702345544298e+03	2.498265052302708067e-01	1.597747976886161048e-01	2.513235957990561098e-01	1.557954154605050712e-01	7.372807226989856744e-02	3.056819134665195170e-02	7.898342220467360897e-02
1.190091472559199701e+03	2.491488794799383011e-01	1.593105368489386442e-01	2.517562631623992964e-01	1.561047422601600232e-01	7.385767600329645743e-02	3.064660145058112004e-02	7.917530079435838863e-02
1.194929242772855105e+03	2.484751752048310058e-01	1.588489493583185586e-01	2.521863525326359379e-01	1.564122508067383455e-01	7.398656983084575534e-02	3.072473401366002110e-02	7.936596825264267963e-02
1.199767012986510281e+03	2.478053696640853398e-01	1.583900197758863204e-01	2.526138803917325482e-01	1.567179496955111995e-01	7.411475758055220686e-02	3.080258826449960852e-02	7.955543462740509442e-02
1.204604783200165684e+03	2.471394402504152044e-01	1.579337327469362284e-01	2.530388631207453054e-01	1.570218475787252543e-01	7.424224305643398192e-02	3.088016346926916386e-02	7.974370977714718978e-02
1.209442553413820860e+03	2.464773644893257509e-01	1.574800730026061357e-01	2.534613169993031878e-01	1.573239531602118324e-01	7.436903003886104202e-02	3.095745893104634092e-02	7.993080337831806603e-02
1.214280323627476264e+03	2.458191200383299801e-01	1.570290253595504892e-01	2.538812582051712674e-01	1.576242751902682815e-01	7.449512228488233689e-02	3.103447398917458591e-02	8.011672493229547720e-02
1.219118093841131440e+03	2.451646846861685325e-01	1.565805747196072351e-01	2.542987028138897765e-01	1.579228224607976405e-01	7.462052352854128823e-02	3.111120801862797200e-02	8.030148377204002208e-02
1.223955864054786844e+03	2.445140363520325877e-01	1.561347060694587008e-01	2.547136667984840619e-01	1.582196038006947747e-01	7.474523748118051814e-02	3.118766042938349303e-02	8.048508906843826471e-02
1.228793634268442020e+03	2.438671530847901225e-01	1.556914044802872876e-01	2.551261660292418743e-01	1.585146280714666567e-01	7.486926783173579458e-02	3.126383066580085829e-02	8.066754983634984166e-02
1.233631404482097196e+03	2.432240130622154994e-01	1.552506551074259167e-01	2.555362162735530518e-01	1.588079041630756083e-01	7.499261824702008195e-02	3.133971820600976038e-02	8.084887494037254485e-02
1.238469174695752372e+03	2.425845945902224132e-01	1.548124431900040343e-01	2.559438331958092672e-01	1.590994409899947892e-01	7.511529237199793263e-02	3.141532256130471351e-02	8.102907310033939658e-02
1.243306944909407548e+03	2.419488761021004186e-01	1.543767540505888713e-01	2.563490323573592855e-01	1.593892474874654686e-01	7.523729383005076099e-02	3.149064327554737530e-02	8.120815289656040104e-02
1.248144715123063179e+03	2.413168361577550380e-01	1.539435730948232883e-01	2.567518292165165694e-01	1.596773326079465871e-01	7.535862622323336035e-02	3.156567992457644939e-02	8.138612277482129564e-02
1.252982485336718355e+03	2.406884534429514777e-01	1.535128858110594297e-01	2.571522391286162335e-01	1.599637053177472568e-01	7.547929313252207950e-02	3.164043211562504732e-02	8.156299105115108472e-02
1.257820255550373531e+03	2.400637067685619241e-01	1.530846777699891859e-01	2.575502773461182948e-01	1.602483745938330373e-01	7.559929811805506106e-02	3.171489948674562770e-02	8.173876591636944355e-02
1.262658025764028707e+03	2.394425750698167543e-01	1.526589346242715750e-01	2.579459590187541673e-01	1.605313494207981639e-01	7.571864471936481933e-02	3.178908170624240859e-02	8.191345544042472060e-02
1.267495795977684338e+03	2.388250374055594094e-01	1.522356421081571265e-01	2.583392991937139005e-01	1.608126387879950658e-01	7.583733645560356007e-02	3.186297847211124606e-02	8.208706757653239094e-02
1.272333566191339514e+03	2.382110729575049879e-01	1.518147860371098223e-01	2.587303128158713883e-01	1.610922516868140975e-01	7.595537682576160299e-02	3.193658951148700686e-02	8.225961016512381430e-02
1.277171336404994690e+03	2.376006610295029464e-01	1.513963523074265960e-01	2.591190147280453271e-01	1.613701971081059894e-01	7.607276930887918454e-02	3.200991458009831009e-02	8.243109093761429029e-02
1.282009106618650094e+03	2.369937810468035200e-01	1.509803268958548050e-01	2.595054196712936467e-01	1.616464840397400515e-01	7.618951736425182142e-02	3.208295346172972823e-02	8.260151751999912639e-02
1.286846876832305497e+03	2.363904125553279445e-01	1.505666958592075111e-01	2.598895422852385284e-01	1.619211214642916341e-01	7.630562443162974828e-02	3.215570596769128792e-02	8.277089743628607277e-02
1.291684647045960673e+03	2.357905352209429539e-01	1.501554453339774553e-01	2.602713971084209543e-01	1.621941183568527678e-01	7.642109393141142959e-02	3.222817193629531896e-02	8.293923811177182637e-02
1.296522417259616077e+03	2.351941288287389409e-01	1.497465615359492297e-01	2.606509985786823469e-01	1.624654836829596827e-01	7.653592926483171466e-02	3.230035123234057531e-02	8.310654687617030634e-02
1.301360187473271253e+03	2.346011732823122531e-01	1.493400307598101995e-01	2.610283610335707993e-01	1.627352263966317658e-01	7.665013381414455262e-02	3.237224374660357951e-02	8.327283096659966743e-02
1.306197957686926657e+03	2.340116486030513754e-01	1.489358393787603152e-01	2.614034987107717312e-01	1.630033554385167116e-01	7.676371094280069751e-02	3.244384939533714179e-02	8.343809753043489319e-02
1.311035727900581833e+03	2.334255349294273585e-01	1.485339738441209256e-01	2.617764257485593049e-01	1.632698797341362307e-01	7.687666399562062547e-02	3.251516811977600563e-02	8.360235362803242198e-02
1.315873498114237009e+03	2.328428125162880225e-01	1.481344206849428413e-01	2.621471561862686595e-01	1.635348081922280428e-01	7.698899629896274743e-02	3.258619988564960546e-02	8.376560623533292615e-02
1.320711268327892412e+03	2.322634617341563790e-01	1.477371665076133989e-01	2.625157039647868507e-01	1.637981497031790745e-01	7.710071116088722254e-02	3.265694468270179118e-02	8.392786224634818382e-02
1.325549038541547588e+03	2.316874630685329950e-01	1.473421979954634420e-01	2.628820829270603343e-01	1.640599131375455599e-01	7.721181187131563595e-02	3.272740252421754703e-02	8.408912847553738634e-02
1.330386808755202765e+03	2.311147971192024642e-01	1.469495019083735809e-01	2.632463068186192690e-01	1.643201073446559912e-01	7.732230170218644394e-02	3.279757344655662848e-02	8.424941166007848814e-02
1.335224578968857941e+03	2.305454445995439861e-01	1.465590650823804242e-01	2.636083892881158075e-01	1.645787411512925902e-01	7.743218390760667202e-02	3.286745750869402710e-02	8.440871846203928941e-02
1.340062349182513572e+03	2.299793863358458590e-01	1.461708744292823936e-01	2.639683438878763222e-01	1.648358233604478584e-01	7.754146172399985215e-02	3.293705479176719381e-02	8.456705547045330340e-02
1.344900119396168748e+03	2.294166032666243027e-01	1.457849169362456787e-01	2.643261840744652869e-01	1.650913627501521819e-01	7.765013837025039334e-02	3.300636539863002761e-02	8.472442920330490457e-02
1.349737889609823924e+03	2.288570764419459447e-01	1.454011796654102184e-01	2.646819232092610386e-01	1.653453680723694641e-01	7.775821704784459387e-02	3.307538945341349790e-02	8.488084610942797648e-02
1.354575659823479100e+03	2.283007870227548031e-01	1.450196497534959050e-01	2.650355745590413648e-01	1.655978480519570695e-01	7.786570094100837836e-02	3.314412710109285176e-02	8.503631257032237545e-02
1.359413430037134731e+03	2.277477162802029331e-01	1.446403144114089823e-01	2.653871512965784163e-01	1.658488113856872725e-01	7.797259321684180122e-02	3.321257850706135079e-02	8.519083490189198471e-02
1.364251200250789907e+03	2.271978455949854869e-01	1.442631609238488044e-01	2.657366665012421691e-01	1.660982667413270220e-01	7.807889702545071919e-02	3.328074385671046798e-02	8.534441935610813379e-02
1.369088970464445310e+03	2.266511564566794368e-01	1.438881766489152059e-01	2.660841331596107695e-01	1.663462227567733820e-01	7.818461550007548000e-02	3.334862335501646152e-02	8.549707212260204692e-02
1.373926740678100487e+03	2.261076304630866840e-01	1.435153490177162039e-01	2.664295641660884839e-01	1.665926880392417098e-01	7.828975175721687718e-02	3.341621722613329765e-02	8.564879933018955394e-02
1.378764510891755890e+03	2.255672493195809147e-01	1.431446655339764229e-01	2.667729723235285899e-01	1.668376711645042365e-01	7.839430889675948200e-02	3.348352571299177682e-02	8.579960704833135277e-02
1.383602281105411066e+03	2.250299948384586746e-01	1.427761137736461849e-01	2.671143703438623174e-01	1.670811806761763885e-01	7.849829000209243568e-02	3.355054907690488419e-02	8.594950128853197369e-02
1.388440051319066470e+03	2.244958489382943012e-01	1.424096813845113219e-01	2.674537708487314536e-01	1.673232250850486269e-01	7.860169814022778534e-02	3.361728759717923232e-02	8.609848800568015159e-02
1.393277821532721646e+03	2.239647936432988817e-01	1.420453560858039310e-01	2.677911863701256667e-01	1.675638128684617256e-01	7.870453636191651614e-02	3.368374157073255465e-02	8.624657309933363158e-02
1.398115591746377049e+03	2.234368110826832898e-01	1.416831256678138251e-01	2.681266293510224941e-01	1.678029524697230712e-01	7.880680770176230754e-02	3.374991131171715258e-02	8.639376241495082265e-02
1.402953361960032225e+03	2.229118834900250257e-01	1.413229779915010642e-01	2.684601121460302164e-01	1.680406522975622652e-01	7.890851517833313844e-02	3.381579715114927526e-02	8.654006174507199167e-02
1.407791132173687402e+03	2.223899932026391635e-01	1.409649009881094039e-01	2.687916470220331200e-01	1.682769207256238353e-01	7.900966179427092173e-02	3.388139943654427944e-02	8.668547683045225993e-02
1.412628902387342805e+03	2.218711226609529352e-01	1.406088826587809648e-01	2.691212461588380900e-01	1.685117660919956128e-01	7.911025053639895999e-02	3.394671853155761115e-02	8.683001336114883062e-02
1.417466672600997981e+03	2.213552544078846995e-01	1.402549110741716509e-01	2.694489216498227036e-01	1.687451966987704721e-01	7.921028437582768034e-02	3.401175481563142866e-02	8.697367697756440419e-02
1.422304442814653157e+03	2.208423710882264079e-01	1.399029743740681786e-01	2.697746855025836554e-01	1.689772208116405716e-01	7.930976626805841256e-02	3.407650868364687363e-02	8.711647327144907138e-02
1.427142213028308333e+03	2.203324554480300679e-01	1.395530607670057988e-01	2.700985496395859609e-01	1.692078466595217101e-01	7.940869915308543248e-02	3.414098054558184492e-02	8.725840778686237698e-02
1.431979983241963964e+03	2.198254903339981470e-01	1.392051585298877403e-01	2.704205258988120475e-01	1.694370824342068260e-01	7.950708595549633995e-02	3.420517082617432342e-02	8.739948602109778864e-02
1.436817753455619140e+03	2.193214586928778631e-01	1.388592560076054583e-01	2.707406260344101256e-01	1.696649362900471414e-01	7.960492958457072998e-02	3.426907996459103295e-02	8.753971342557094470e-02
1.441655523669274316e+03	2.188203435708589717e-01	1.385153416126605475e-01	2.710588617173419479e-01	1.698914163436592573e-01	7.970223293437737888e-02	3.433270841410149266e-02	8.767909540667369328e-02
1.446493293882929493e+03	2.183221281129758551e-01	1.381734038247877383e-01	2.713752445360297361e-01	1.701165306736574512e-01	7.979899888386983442e-02	3.439605664175730826e-02	8.781763732659537969e-02
1.451331064096585123e+03	2.178267955625129149e-01	1.378334311905794474e-01	2.716897859970012763e-01	1.703402873204095669e-01	7.989523029698057666e-02	3.445912512807666056e-02	8.795534450411285343e-02
1.456168834310240300e+03	2.173343292604140720e-01	1.374954123231115766e-01	2.720024975255338484e-01	1.705626942858152750e-01	7.999093002271377706e-02	3.452191436673394953e-02	8.809222221535085995e-02
1.461006604523895703e+03	2.168447126446959028e-01	1.371593359015709224e-01	2.723133904662953797e-01	1.707837595331060110e-01	8.008610089523666986e-02	3.458442486425448298e-02	8.822827569451402452e-02
1.465844374737550879e+03	2.163579292498644113e-01	1.368251906708838339e-01	2.726224760839845440e-01	1.710034909866650632e-01	8.018074573396967442e-02	3.464665713971415428e-02	8.836351013459177450e-02
1.470682144951206283e+03	2.158739627063357702e-01	1.364929654413463145e-01	2.729297655639675302e-01	1.712218965318669239e-01	8.027486734367515753e-02	3.470861172444406756e-02	8.849793068803758767e-02
1.475519915164861459e+03	2.153927967398603927e-01	1.361626490882560658e-01	2.732352700129128120e-01	1.714389840149353472e-01	8.036846851454511331e-02	3.477028916174001311e-02	8.863154246742357967e-02
1.480357685378516862e+03	2.149144151709508621e-01	1.358342305515453929e-01	2.735390004594225877e-01	1.716547612428185321e-01	8.046155202228749692e-02	3.483169000657673764e-02	8.876435054607165198e-02
1.485195455592172038e+03	2.144388019143136093e-01	1.355076988354162459e-01	2.738409678546614989e-01	1.718692359830810146e-01	8.055412062821158681e-02	3.489281482532692602e-02	8.889635995866239371e-02
1.490033225805827215e+03	2.139659409782839750e-01	1.351830430079763168e-01	2.741411830729822974e-01	1.720824159638112971e-01	8.064617707931211188e-02	3.495366419548486675e-02	8.902757570182250058e-02
1.494870996019482618e+03	2.134958164642649647e-01	1.348602522008771065e-01	2.744396569125475693e-01	1.722943088735445494e-01	8.073772410835243496e-02	3.501423870539472488e-02	8.915800273469200177e-02
1.499708766233137567e+03	2.130284125661697503e-01	1.345393156089533526e-01	2.747364000959490182e-01	1.725049223611993532e-01	8.082876443394661214e-02	3.507453895398328358e-02	8.928764597947201620e-02
1.504546536446793198e+03	2.125637135698673907e-01	1.342202224898642049e-01	2.750314232708219730e-01	1.727142640360280479e-01	8.091930076064048072e-02	3.513456555049726537e-02	8.941651032195396809e-02
1.509384306660448374e+03	2.121017038526323839e-01	1.339029621637358169e-01	2.753247370104572322e-01	1.729223414675799264e-01	8.100933577899187277e-02	3.519431911424492770e-02	8.954460061203117771e-02
1.514222076874103550e+03	2.116423678825976318e-01	1.335875240128057972e-01	2.756163518144080782e-01	1.731291621856763940e-01	8.109887216564978796e-02	3.525380027434212721e-02	8.967192166419359067e-02
1.519059847087758726e+03	2.111856902182107643e-01	1.332738974810690757e-01	2.759062781090940719e-01	1.733347336803979233e-01	8.118791258343269202e-02	3.531300966946254727e-02	8.979847825800635341e-02
1.523897617301414357e+03	2.107316555076941822e-01	1.329620720739256301e-01	2.761945262484004626e-01	1.735390634020818335e-01	8.127645968140599642e-02	3.537194794759224159e-02	8.992427513857315091e-02
1.528735387515069533e+03	2.102802484885083201e-01	1.326520373578297662e-01	2.764811065142733781e-01	1.737421587613304508e-01	8.136451609495863602e-02	3.543061576578829946e-02	9.004931701698468127e-02
1.533573157728724709e+03	2.098314539868184059e-01	1.323437829599409532e-01	2.767660291173111853e-01	1.739440271290292606e-01	8.145208444587881402e-02	3.548901378994157724e-02	9.017360857075330804e-02
1.538410927942380113e+03	2.093852569169647182e-01	1.320372985677766009e-01	2.770493041973512427e-01	1.741446758363741631e-01	8.153916734242902531e-02	3.554714269454353065e-02	9.029715444423422332e-02
1.543248698156035516e+03	2.089416422809360074e-01	1.317325739288662256e-01	2.773309418240523239e-01	1.743441121749078615e-01	8.162576737942023319e-02	3.560500316245696073e-02	9.041995924903388493e-02
1.548086468369690692e+03	2.085005951678465530e-01	1.314295988504075308e-01	2.776109519974725992e-01	1.745423433965644922e-01	8.171188713828536621e-02	3.566259588469074954e-02	9.054202756440615785e-02
1.552924238583346096e+03	2.080621007534162181e-01	1.311283631989240139e-01	2.778893446486435659e-01	1.747393767137223053e-01	8.179752918715199606e-02	3.571992156017839148e-02	9.066336393763695101e-02
1.557762008797001272e+03	2.076261442994542239e-01	1.308288568999243784e-01	2.781661296401388150e-01	1.749352192992638388e-01	8.188269608091434948e-02	3.577698089556037575e-02	9.078397288441750201e-02
1.562599779010656675e+03	2.071927111533457266e-01	1.305310699375636097e-01	2.784413167666387467e-01	1.751298782866431702e-01	8.196739036130469558e-02	3.583377460497032957e-02	9.090385888920723967e-02
1.567437549224311852e+03	2.067617867475421145e-01	1.302349923543056343e-01	2.787149157554906220e-01	1.753233607699601626e-01	8.205161455696395600e-02	3.589030340982479056e-02	9.102302640558626590e-02
1.572275319437967255e+03	2.063333565990542739e-01	1.299406142505878936e-01	2.789869362672639519e-01	1.755156738040409004e-01	8.213537118351173227e-02	3.594656803861669830e-02	9.114147985659815099e-02
1.577113089651622431e+03	2.059074063089491036e-01	1.296479257844874722e-01	2.792573878963011680e-01	1.757068244045243144e-01	8.221866274361568083e-02	3.600256922671243170e-02	9.125922363508345847e-02
1.581950859865277607e+03	2.054839215618494419e-01	1.293569171713889743e-01	2.795262801712637968e-01	1.758968195479544694e-01	8.230149172706027749e-02	3.605830771615233660e-02	9.137626210400434656e-02
1.586788630078933011e+03	2.050628881254368263e-01	1.290675786836542049e-01	2.797936225556740264e-01	1.760856661718782079e-01	8.238386061081495737e-02	3.611378425545484078e-02	9.149259959676062093e-02
1.591626400292587959e+03	2.046442918499577213e-01	1.287799006502932109e-01	2.800594244484513884e-01	1.762733711749481236e-01	8.246577185910168584e-02	3.616899959942387194e-02	9.160824041749766888e-02
1.596464170506243590e+03	2.042281186677326887e-01	1.284938734566374863e-01	2.803236951844451097e-01	1.764599414170302527e-01	8.254722792346196047e-02	3.622395450895974506e-02	9.172318884140651107e-02
1.601301940719898766e+03	2.038143545926688061e-01	1.282094875440146220e-01	2.805864440349610800e-01	1.766453837193162346e-01	8.262823124282325793e-02	3.627864975087331106e-02	9.183744911501647012e-02
1.606139710933553943e+03	2.034029857197749702e-01	1.279267334094246478e-01	2.808476802082851553e-01	1.768297048644399960e-01	8.270878424356488401e-02	3.633308609770341535e-02	9.195102545648066450e-02
1.610977481147209119e+03	2.029939982246806163e-01	1.276456016052182341e-01	2.811074128502009661e-01	1.770129115965984601e-01	8.278888933958343521e-02	3.638726432753754819e-02	9.206392205585456345e-02
1.615815251360864750e+03	2.025873783631570446e-01	1.273660827387763927e-01	2.813656510445032288e-01	1.771950106216758081e-01	8.286854893235752473e-02	3.644118522383570785e-02	9.217614307536810270e-02
1.620653021574519926e+03	2.021831124706421901e-01	1.270881674721920374e-01	2.816224038135069496e-01	1.773760086073717657e-01	8.294776541101220313e-02	3.649484957525734458e-02	9.228769264969138852e-02
1.625490791788175102e+03	2.017811869617681664e-01	1.268118465219531810e-01	2.818776801185509107e-01	1.775559121833330256e-01	8.302654115238276844e-02	3.654825817549139239e-02	9.239857488619442061e-02
1.630328562001830505e+03	2.013815883298917808e-01	1.265371106586277994e-01	2.821314888604977145e-01	1.777347279412880010e-01	8.310487852107810436e-02	3.660141182308937480e-02	9.250879386520111103e-02
1.635166332215485909e+03	2.009843031466281571e-01	1.262639507065504985e-01	2.823838388802281663e-01	1.779124624351844097e-01	8.318277986954360215e-02	3.665431132130143183e-02	9.261835364023758566e-02
1.640004102429141085e+03	2.005893180613871896e-01	1.259923575435106802e-01	2.826347389591318815e-01	1.780891221813299674e-01	8.326024753812352741e-02	3.670695747791531682e-02	9.272725823827530911e-02
1.644841872642796488e+03	2.001966198009129394e-01	1.257223221004425129e-01	2.828841978195926754e-01	1.782647136585354675e-01	8.333728385512305381e-02	3.675935110509827991e-02	9.283551165996903332e-02
1.649679642856451665e+03	1.998061951688259452e-01	1.254538353611166224e-01	2.831322241254696226e-01	1.784392433082604146e-01	8.341389113686968615e-02	3.681149301924178247e-02	9.294311787988986107e-02
1.654517413070107068e+03	1.994180310451685312e-01	1.251868883618333927e-01	2.833788264825738423e-01	1.786127175347611562e-01	8.349007168777443366e-02	3.686338404080903575e-02	9.305008084675360502e-02
1.659355183283762244e+03	1.990321143859526409e-01	1.249214721911178771e-01	2.836240134391402323e-01	1.787851427052408737e-01	8.356582780039237268e-02	3.691502499418530814e-02	9.315640448364460868e-02
1.664192953497417420e+03	1.986484322227110577e-01	1.246575779894165126e-01	2.838677934862953722e-01	1.789565251500019050e-01	8.364116175548295951e-02	3.696641670753088998e-02	9.326209268823529297e-02
1.669030723711072824e+03	1.982669716620507894e-01	1.243951969487954168e-01	2.841101750585200980e-01	1.791268711625997601e-01	8.371607582206978815e-02	3.701756001263679235e-02	9.336714933300138686e-02
1.673868493924728000e+03	1.978877198852098118e-01	1.241343203126402950e-01	2.843511665341084682e-01	1.792961869999990243e-01	8.379057225750005666e-02	3.706845574478307564e-02	9.347157826543331383e-02
1.678706264138383403e+03	1.975106641476163383e-01	1.238749393753581507e-01	2.845907762356219006e-01	1.794644788827308712e-01	8.386465330750356162e-02	3.711910474259969700e-02	9.357538330824358153e-02
1.683544034352038352e+03	1.971357917784508640e-01	1.236170454820804954e-01	2.848290124303389237e-01	1.796317529950519909e-01	8.393832120625133175e-02	3.716950784793000145e-02	9.367856825957052158e-02
1.688381804565693983e+03	1.967630901802109589e-01	1.233606300283682372e-01	2.850658833307007645e-01	1.797980154851051837e-01	8.401157817641385916e-02	3.721966590569666250e-02	9.378113689317846280e-02
1.693219574779349159e+03	1.963925468282788356e-01	1.231056844599182354e-01	2.853013970947525513e-01	1.799632724650808702e-01	8.408442642921901133e-02	3.726957976377009985e-02	9.388309295865443493e-02
1.698057344993004335e+03	1.960241492704917210e-01	1.228522002722715056e-01	2.855355618265800755e-01	1.801275300113803213e-01	8.415686816450951291e-02	3.731925027283935353e-02	9.398444018160152791e-02
1.702895115206659511e+03	1.956578851267145036e-01	1.226001690105229663e-01	2.857683855767426118e-01	1.802907941647794443e-01	8.422890557080008056e-02	3.736867828628532423e-02	9.408518226382915628e-02
1.707732885420315142e+03	1.952937420884155451e-01	1.223495822690328499e-01	2.859998763427010759e-01	1.804530709305939007e-01	8.430054082533419701e-02	3.741786466005638662e-02	9.418532288354011794e-02
1.712570655633970318e+03	1.949317079182449897e-01	1.221004316911397797e-01	2.862300420692425740e-01	1.806143662788451121e-01	8.437177609414056589e-02	3.746681025254629260e-02	9.428486569551476626e-02
1.717408425847625494e+03	1.945717704496154055e-01	1.218527089688753312e-01	2.864588906489003994e-01	1.807746861444271269e-01	8.444261353208917797e-02	3.751551592447438521e-02	9.438381433129233722e-02
1.722246196061280898e+03	1.942139175862854505e-01	1.216064058426802874e-01	2.866864299223698676e-01	1.809340364272740420e-01	8.451305528294704439e-02	3.756398253876805371e-02	9.448217239934939005e-02
1.727083966274936301e+03	1.938581373019458987e-01	1.213615141011224891e-01	2.869126676789205410e-01	1.810924229925284512e-01	8.458310347943363838e-02	3.761221096044737450e-02	9.457994348527574979e-02
1.731921736488591478e+03	1.935044176398083293e-01	1.211180255806161982e-01	2.871376116568039594e-01	1.812498516707101159e-01	8.465276024327593463e-02	3.766020205651193081e-02	9.467713115194767437e-02
1.736759506702246881e+03	1.931527467121962605e-01	1.208759321651431268e-01	2.873612695436575382e-01	1.814063282578855241e-01	8.472202768526315708e-02	3.770795669582979737e-02	9.477373893969873175e-02
1.741597276915902057e+03	1.928031127001390843e-01	1.206352257859749644e-01	2.875836489769044713e-01	1.815618585158376708e-01	8.479090790530126320e-02	3.775547574902859971e-02	9.486977036648812367e-02
1.746435047129557461e+03	1.924555038529680573e-01	1.203958984213975153e-01	2.878047575441498029e-01	1.817164481722364222e-01	8.485940299246697016e-02	3.780276008838866914e-02	9.496522892806671945e-02
