7.933943150394665054e+02	3.199657075096356551e-01	2.080563460135518294e-01	2.063012244290844399e-01	1.245964160463357839e-01	6.075375803058384594e-02	2.298059103049314780e-02	5.734595693998423283e-02
7.982320852531219089e+02	3.188835400079838012e-01	2.073142962196741490e-01	2.069881900474394021e-01	1.250339973369840596e-01	6.095283007858431912e-02	2.308706828608789521e-02	5.774007802291528796e-02
8.030698554667769713e+02	3.178076045960701590e-01	2.065764369354379237e-01	2.076717858018542473e-01	1.254720526362883004e-01	6.115071974157911677e-02	2.319324437393404867e-02	5.812815591450511132e-02
8.079076256804323748e+02	3.167378663581937315e-01	2.058427491076961491e-01	2.083519918620038713e-01	1.259104206211873467e-01	6.134744080870583455e-02	2.329911847032599403e-02	5.851041277155601822e-02
8.127453958940876646e+02	3.156742905218228312e-01	2.051132135219551900e-01	2.090287906683977459e-01	1.263489489849309866e-01	6.154300658568447741e-02	2.340468972734561365e-02	5.888705998953209370e-02
8.175831661077428407e+02	3.146168424598863589e-01	2.043878108171704178e-01	2.097021668073023315e-01	1.267874939744352003e-01	6.173742991853681250e-02	2.350995727644775851e-02	5.925829874589010060e-02
8.224209363213982442e+02	3.135654876928894441e-01	2.036665214997520346e-01	2.103721068921079462e-01	1.272259199511579231e-01	6.193072321610290643e-02	2.361492023182490754e-02	5.962432051583384240e-02
8.272587065350534203e+02	3.125201918908644405e-01	2.029493259568212193e-01	2.110385994508118535e-01	1.276640989743001442e-01	6.212289847141602012e-02	2.371957769356273713e-02	5.998530756189258267e-02
8.320964767487085965e+02	3.114809208751648240e-01	2.022362044687555649e-01	2.117016348193054842e-01	1.281019104051989155e-01	6.231396728199369017e-02	2.382392875059770668e-02	6.034143339865280509e-02
8.369342469623640000e+02	3.104476406201108762e-01	2.015271372210591938e-01	2.123612050401704754e-01	1.285392405318355469e-01	6.250394086910014690e-02	2.392797248348737735e-02	6.069286323390532534e-02
8.417720171760191761e+02	3.094203172544950364e-01	2.008221043155927754e-01	2.130173037667025537e-01	1.289759822124374178e-01	6.269283009603233980e-02	2.403170796700336911e-02	6.103975438740543574e-02
8.466097873896745796e+02	3.083989170629539700e-01	2.001210857811960286e-01	2.136699261718966458e-01	1.294120345372035685e-01	6.288064548547905863e-02	2.413513427255659441e-02	6.138225668838308280e-02
8.514475576033297557e+02	3.073834064872151828e-01	1.994240615837334085e-01	2.143190688621403051e-01	1.298473025072335307e-01	6.306739723600034153e-02	2.423825047046371250e-02	6.172051285288231853e-02
8.562853278169851592e+02	3.063737521272249520e-01	1.987310116355929801e-01	2.149647297953756475e-01	1.302816967297857342e-01	6.325309523767179420e-02	2.434105563206345399e-02	6.205465884195428272e-02
8.611230980306403353e+02	3.053699207421625150e-01	1.980419158046660133e-01	2.156069082035013129e-01	1.307151331290356822e-01	6.343774908693618209e-02	2.444354883169087833e-02	6.238482420167626441e-02
8.659608682442956251e+02	3.043718792513491200e-01	1.973567539228342493e-01	2.162456045187987896e-01	1.311475326715471068e-01	6.362136810070269377e-02	2.454572914851730486e-02	6.271113238591966010e-02
8.707986384579510286e+02	3.033795947350553246e-01	1.966755057939898466e-01	2.168808203041772686e-01	1.315788211057083712e-01	6.380396132973195633e-02	2.464759566826323078e-02	6.303370106274297502e-02
8.756364086716062047e+02	3.023930344352134258e-01	1.959981512016119032e-01	2.175125581870426261e-01	1.320089287144251000e-01	6.398553757134321784e-02	2.474914748479114385e-02	6.335264240524154933e-02
8.804741788852616082e+02	3.014121657560399625e-01	1.953246699159224831e-01	2.181408217966051277e-01	1.324377900803954122e-01	6.416610538147796139e-02	2.485038370158482168e-02	6.366806336764314900e-02
8.853119490989170117e+02	3.004369562645728964e-01	1.946550417006434885e-01	2.187656157044506333e-01	1.328653438633287942e-01	6.434567308615274372e-02	2.495130343312134541e-02	6.398006594739899522e-02
8.901497193125721878e+02	2.994673736911280804e-01	1.939892463193750582e-01	2.193869453682084913e-01	1.332915325885021263e-01	6.452424879233231714e-02	2.505190580614171519e-02	6.428874743398116376e-02
8.949874895262273640e+02	2.985033859296801206e-01	1.933272635416146412e-01	2.200048170781580270e-01	1.337163024460764904e-01	6.470184039825230271e-02	2.515218996082574029e-02	6.459420064506161963e-02
8.998252597398827675e+02	2.975449610381714627e-01	1.926690731484353991e-01	2.206192379066236608e-01	1.341396031006287237e-01	6.487845560321967020e-02	2.525215505187640430e-02	6.489651415071361062e-02
9.046630299535379436e+02	2.965920672387531987e-01	1.920146549378416445e-01	2.212302156600158831e-01	1.345613875103784107e-01	6.505410191691722577e-02	2.535180024951886116e-02	6.519577248624366939e-02
9.095008001671932334e+02	2.956446729179623700e-01	1.913639887298171638e-01	2.218377588333830530e-01	1.349816117556183470e-01	6.522878666823747618e-02	2.545112474041874573e-02	6.549205635423166472e-02
9.143385703808486369e+02	2.947027466268384854e-01	1.907170543710832167e-01	2.224418765673457921e-01	1.354002348758802932e-01	6.540251701366985027e-02	2.555012772852437858e-02	6.578544281632681123e-02
9.191763405945038130e+02	2.937662570809829732e-01	1.900738317395803678e-01	2.230425786072917083e-01	1.358172187153928734e-01	6.557529994526374584e-02	2.564880843583711850e-02	6.607600547531997104e-02
9.240141108081592165e+02	2.928351731605653430e-01	1.894343007486887220e-01	2.236398752647155153e-01	1.362325277764102893e-01	6.574714229818909295e-02	2.574716610311397411e-02	6.636381464798593588e-02
9.288518810218145063e+02	2.919094639102776112e-01	1.887984413512000248e-01	2.242337773805940238e-01	1.366461290800116135e-01	6.591805075791486168e-02	2.584519999050627001e-02	6.664893752916439817e-02
9.336896512354697961e+02	2.909890985392423191e-01	1.881662335430543398e-01	2.248242962906926434e-01	1.370579920339918822e-01	6.608803186702492949e-02	2.594290937813809386e-02	6.693143834752458832e-02
9.385274214491247449e+02	2.900740464208740876e-01	1.875376573668534330e-01	2.254114437927036974e-01	1.374680883074842208e-01	6.625709203168966832e-02	2.604029356662790340e-02	6.721137851343575442e-02
9.433651916627801484e+02	2.891642770926997064e-01	1.869126929151624372e-01	2.259952321151236232e-01	1.378763917119711635e-01	6.642523752781077928e-02	2.613735187755665546e-02	6.748881675934442770e-02
9.482029618764355519e+02	2.882597602561374206e-01	1.862913203336109824e-01	2.265756738877792442e-01	1.382828780883606778e-01	6.659247450685601422e-02	2.623408365388549268e-02	6.776380927303894686e-02
9.530407320900908417e+02	2.873604657762395265e-01	1.856735198238035900e-01	2.271527821139189829e-01	1.386875251998188618e-01	6.675880900139948004e-02	2.633048826032599946e-02	6.803640982416234162e-02
9.578785023037459041e+02	2.864663636813987724e-01	1.850592716460497389e-01	2.277265701437887757e-01	1.390903126300667703e-01	6.692424693038243055e-02	2.642656508366576090e-02	6.830666988431646769e-02
9.627162725174014213e+02	2.855774241630218424e-01	1.844485561219228464e-01	2.282970516496164448e-01	1.394912216868637866e-01	6.708879410410890920e-02	2.652231353305190692e-02	6.857463874108286894e-02
9.675540427310568248e+02	2.846936175751715314e-01	1.838413536366566292e-01	2.288642406019324727e-01	1.398902353104141960e-01	6.725245622898955167e-02	2.661773304023512532e-02	6.884036360626906437e-02
9.723918129447120009e+02	2.838149144341792218e-01	1.832376446413879478e-01	2.294281512471582629e-01	1.402873379864465753e-01	6.741523891204642682e-02	2.671282305977653801e-02	6.910388971867355290e-02
9.772295831583674044e+02	2.829412854182305481e-01	1.826374096552534632e-01	2.299887980863969672e-01	1.406825156637289131e-01	6.757714766519101746e-02	2.680758306921964332e-02	6.936526044164791072e-02
9.820673533720223531e+02	2.820727013669242500e-01	1.820406292673483195e-01	2.305461958553654822e-01	1.410757556757939180e-01	6.773818790928687328e-02	2.690201256922950673e-02	6.962451735572004752e-02
9.869051235856777566e+02	2.812091332808074884e-01	1.814472841385535440e-01	2.311003595054083037e-01	1.414670466666606008e-01	6.789836497800785797e-02	2.699611108370118112e-02	6.988170034652940732e-02
9.917428937993331601e+02	2.803505523208878469e-01	1.808573550032392396e-01	2.316513041855380317e-01	1.418563785203492966e-01	6.805768412150255131e-02	2.708987815983926808e-02	7.013684768831211780e-02
9.965806640129884499e+02	2.794969298081245723e-01	1.802708226708501227e-01	2.321990452254497350e-01	1.422437422939972218e-01	6.821615050987421547e-02	2.718331336821042804e-02	7.038999612316204635e-02
1.001418434226643626e+03	2.786482372228996640e-01	1.796876680273792326e-01	2.327435981194588277e-01	1.426291301543916590e-01	6.837376923648624816e-02	2.727641630277055293e-02	7.064118093628216077e-02
1.006256204440298802e+03	2.778044462044705343e-01	1.791078720367362542e-01	2.332849785113150221e-01	1.430125353177469083e-01	6.853054532110156027e-02	2.736918658086821832e-02	7.089043602742986505e-02
1.011093974653954206e+03	2.769655285504049047e-01	1.785314157420153924e-01	2.338232021798473947e-01	1.433939519925608586e-01	6.868648371286456555e-02	2.746162384322593797e-02	7.113779397874936405e-02
1.015931744867609382e+03	2.761314562159999930e-01	1.779582802666682118e-01	2.343582850253973227e-01	1.437733753253938873e-01	6.884158929313362318e-02	2.755372775390069542e-02	7.138328611917459099e-02
1.020769515081264785e+03	2.753022013136867119e-01	1.773884468155869087e-01	2.348902430569990984e-01	1.441508013494221530e-01	6.899586687817156616e-02	2.764549800022507789e-02	7.162694258557682214e-02
1.025607285294920075e+03	2.744777361124188797e-01	1.768218966761020694e-01	2.354190923802692292e-01	1.445262269356240303e-01	6.914932122170169837e-02	2.773693429273035166e-02	7.186879238082204135e-02
1.030445055508575479e+03	2.736580330370509406e-01	1.762586112188997134e-01	2.359448491859680308e-01	1.448996497464660194e-01	6.930195701733578295e-02	2.782803636505270031e-02	7.210886342889517853e-02
1.035282825722230655e+03	2.728430646677020843e-01	1.756985718988622047e-01	2.364675297391987119e-01	1.452710681919609781e-01	6.945377890088080819e-02	2.791880397382375326e-02	7.234718262723982551e-02
1.040120595935886058e+03	2.720328037391102072e-01	1.751417602558365261e-01	2.369871503692112524e-01	1.456404813879782489e-01	6.960479145253051225e-02	2.800923689854655299e-02	7.258377589645505223e-02
1.044958366149541234e+03	2.712272231399752154e-01	1.745881579153341079e-01	2.375037274597789905e-01	1.460078891166912973e-01	6.975499919894760648e-02	2.809933494145794297e-02	7.281866822748320200e-02
1.049796136363196410e+03	2.704262959122925580e-01	1.740377465891657649e-01	2.380172774401192737e-01	1.463732917890538943e-01	6.990440661524222055e-02	2.818909792737841341e-02	7.305188372641624461e-02
1.054633906576851814e+03	2.696299952506782671e-01	1.734905080760152374e-01	2.385278167763291435e-01	1.467366904092022584e-01	7.005301812685188478e-02	2.827852570355027934e-02	7.328344565704134062e-02
1.059471676790506763e+03	2.688382945016857262e-01	1.729464242619546399e-01	2.390353619633098781e-01	1.470980865406845695e-01	7.020083811132800389e-02	2.836761813946509989e-02	7.351337648124051105e-02
1.064309447004162394e+03	2.680511671631153892e-01	1.724054771209046766e-01	2.395399295171544429e-01	1.474574822744259273e-01	7.034787090003352672e-02	2.845637512668116806e-02	7.374169789735331160e-02
1.069147217217817570e+03	2.672685868833172274e-01	1.718676487150432586e-01	2.400415359679744509e-01	1.478148801983394656e-01	7.049412077975647506e-02	2.854479657863182029e-02	7.396843087660569249e-02
1.073984987431472746e+03	2.664905274604876251e-01	1.713329211951643283e-01	2.405401978531432061e-01	1.481702833685008269e-01	7.063959199424346691e-02	2.863288243042534306e-02	7.419359569770349327e-02
1.078822757645127922e+03	2.657169628419602803e-01	1.708012768009905813e-01	2.410359317109335153e-01	1.485236952818060063e-01	7.078428874565738382e-02	2.872063263863714605e-02	7.441721197968335921e-02
1.083660527858783553e+03	2.649478671234921090e-01	1.702726978614418074e-01	2.415287540745293671e-01	1.488751198500373740e-01	7.092821519596297086e-02	2.880804718109486809e-02	7.463929871310981401e-02
1.088498298072438729e+03	2.641832145485448202e-01	1.697471667948617924e-01	2.420186814663921882e-01	1.492245613752662126e-01	7.107137546824408847e-02	2.889512605665705072e-02	7.485987428970213020e-02
1.093336068286093905e+03	2.634229795075626046e-01	1.692246661092056681e-01	2.425057303929633867e-01	1.495720245265238779e-01	7.121377364795603016e-02	2.898186928498593107e-02	7.507895653047085005e-02
1.098173838499749309e+03	2.626671365372458267e-01	1.687051784021902368e-01	2.429899173396846690e-01	1.499175143176768310e-01	7.135541378411629221e-02	2.906827690631494723e-02	7.529656271243957699e-02
1.103011608713404712e+03	2.619156603198219413e-01	1.681886863614089900e-01	2.434712587663208083e-01	1.502610360864448102e-01	7.149629989043686240e-02	2.915434898121144550e-02	7.551270959402356375e-02
1.107849378927059888e+03	2.611685256823136903e-01	1.676751727644139323e-01	2.439497711025676863e-01	1.506025954745034978e-01	7.163643594640095591e-02	2.924008559033507496e-02	7.572741343913355627e-02
1.112687149140715292e+03	2.604257075958047452e-01	1.671646204787661238e-01	2.444254707439318386e-01	1.509421984086168067e-01	7.177582589828714055e-02	2.932548683419240049e-02	7.594069004006935575e-02
1.117524919354370468e+03	2.596871811747035741e-01	1.666570124620565252e-01	2.448983740478659077e-01	1.512798510827464415e-01	7.191447366014341869e-02	2.941055283288805319e-02	7.615255473926448027e-02
1.122362689568025871e+03	2.589529216760056984e-01	1.661523317618987527e-01	2.453684973301479277e-01	1.516155599410887733e-01	7.205238311471393042e-02	2.949528372587293876e-02	7.636302244994035149e-02
1.127200459781681047e+03	2.582229044985545618e-01	1.656505615158957723e-01	2.458358568614904538e-01	1.519493316619922318e-01	7.218955811432042902e-02	2.957967967168981596e-02	7.657210767572507348e-02
1.132038229995336451e+03	2.574971051823016777e-01	1.651516849515812790e-01	2.463004688643678775e-01	1.522811731427100301e-01	7.232600248170120705e-02	2.966374084771666170e-02	7.677982452928959478e-02
1.136876000208991627e+03	2.567754994075655550e-01	1.646556853863380410e-01	2.467623495100504938e-01	1.526110914849459488e-01	7.246172001080931901e-02	2.974746744990811390e-02	7.698618675005081124e-02
1.141713770422646803e+03	2.560580629942909026e-01	1.641625462272937874e-01	2.472215149158339675e-01	1.529390939811528793e-01	7.259671446757230695e-02	2.983085969253534975e-02	7.719120772098905792e-02
1.146551540636302207e+03	2.553447719013071104e-01	1.636722509711963369e-01	2.476779811424541788e-01	1.532651881015456297e-01	7.273098959061538582e-02	2.991391780792470104e-02	7.739490048462489835e-02
1.151389310849957155e+03	2.546356022255871765e-01	1.631847832042691293e-01	2.481317641916773453e-01	1.535893814817917147e-01	7.286454909194989282e-02	2.999664204619525640e-02	7.759727775819774687e-02
1.156227081063612786e+03	2.539305302015068544e-01	1.627001266020481340e-01	2.485828800040562891e-01	1.539116819113456325e-01	7.299739665762874918e-02	3.007903267499573846e-02	7.779835194808687460e-02
1.161064851277267962e+03	2.532295322001042459e-01	1.622182649292016055e-01	2.490313444568436618e-01	1.542320973223939018e-01	7.312953594837083571e-02	3.016108997924094384e-02	7.799813516351311593e-02
1.165902621490923138e+03	2.525325847283402259e-01	1.617391820393332125e-01	2.494771733620539389e-01	1.545506357793798302e-01	7.326097060015543394e-02	3.024281426084787783e-02	7.819663922955780166e-02
1.170740391704578315e+03	2.518396644283599217e-01	1.612628618747698472e-01	2.499203824646663852e-01	1.548673054690780648e-01	7.339170422478875910e-02	3.032420583847192722e-02	7.839387569953344681e-02
1.175578161918233945e+03	2.511507480767549705e-01	1.607892884663350008e-01	2.503609874409608582e-01	1.551821146911916971e-01	7.352174041044354236e-02	3.040526504724316847e-02	7.858985586673911117e-02
1.180415932131889122e+03	2.504658125838274962e-01	1.603184459331085110e-01	2.507990038969798441e-01	1.554950718494445272e-01	7.365108272217334162e-02	3.048599223850308529e-02	7.878459077563150503e-02
1.185253702345544298e+03	2.497848349928552536e-01	1.598503184821735701e-01	2.512344473671095368e-01	1.558061854431437299e-01	7.377973470240278830e-02	3.056638777954180999e-02	7.897809123244158014e-02
1.190091472559199701e+03	2.491077924793583531e-01	1.593848904083518814e-01	2.516673333127736334e-01	1.561154640591888021e-01	7.390769987139489405e-02	3.064645205333610053e-02	7.917036781526459732e-02
1.194929242772855105e+03	2.484346623503679019e-01	1.589221460939273800e-01	2.520976771212337653e-01	1.564229163645040332e-01	7.403498172769669428e-02	3.072618545828819867e-02	7.936143088365033016e-02
1.199767012986510281e+03	2.477654220436963373e-01	1.584620700083596290e-01	2.525254941044905999e-01	1.567285510988731256e-01	7.416158374856429703e-02	3.080558840796569775e-02	7.955129058771863437e-02
1.204604783200165684e+03	2.471000491272098976e-01	1.580046467079874728e-01	2.529507994982803654e-01	1.570323770681548992e-01	7.428750939036839196e-02	3.088466133084257284e-02	7.973995687682475242e-02
1.209442553413820860e+03	2.464385212981031192e-01	1.575498608357231434e-01	2.533736084611613038e-01	1.573344031378614838e-01	7.441276208898119082e-02	3.096340467004149791e-02	7.992743950779665485e-02
1.214280323627476264e+03	2.457808163821755265e-01	1.570976971207383721e-01	2.537939360736850003e-01	1.576346382270797097e-01	7.453734526014571538e-02	3.104181888307756820e-02	8.011374805276655353e-02
1.219118093841131440e+03	2.451269123331108468e-01	1.566481403781418980e-01	2.542117973376482598e-01	1.579330913027187644e-01	7.466126229982844587e-02	3.111990444160351449e-02	8.029889190661670950e-02
1.223955864054786844e+03	2.444767872317582524e-01	1.562011755086499531e-01	2.546272071754211996e-01	1.582297713740670464e-01	7.478451658455603779e-02	3.119766183115654790e-02	8.048288029405935295e-02
1.228793634268442020e+03	2.438304192854165164e-01	1.557567874982496714e-01	2.550401804293462860e-01	1.585246874876428402e-01	7.490711147173705065e-02	3.127509155090689441e-02	8.066572227636908954e-02
1.233631404482097196e+03	2.431877868271205556e-01	1.553149614178559179e-01	2.554507318612057043e-01	1.588178487223234348e-01	7.502905029996922992e-02	3.135219411340811613e-02	8.084742675778540388e-02
1.238469174695752372e+03	2.425488683149306379e-01	1.548756824229623463e-01	2.558588761517520127e-01	1.591092641847386968e-01	7.515033638933343862e-02	3.142897004434933722e-02	8.102800249160188595e-02
1.243306944909407548e+03	2.419136423312242545e-01	1.544389357532869045e-01	2.562646279002997463e-01	1.593989430049154998e-01	7.527097304167450209e-02	3.150541988230934343e-02	8.120745808595811188e-02
1.248144715123063179e+03	2.412820875819910449e-01	1.540047067324120389e-01	2.566680016243731988e-01	1.596868943321602952e-01	7.539096354086997909e-02	3.158154417851275625e-02	8.138580200934912579e-02
1.252982485336718355e+03	2.406541828961302754e-01	1.535729807674203196e-01	2.570690117594080504e-01	1.599731273311674473e-01	7.551031115308723396e-02	3.165734349658823332e-02	8.156304259586684424e-02
1.257820255550373531e+03	2.400299072247515930e-01	1.531437433485255406e-01	2.574676726585038988e-01	1.602576511783420643e-01	7.562901912702954532e-02	3.173281841232880596e-02	8.173918805018690059e-02
1.262658025764028707e+03	2.394092396404783607e-01	1.527169800487002127e-01	2.578639985922237532e-01	1.605404750583260542e-01	7.574709069417175089e-02	3.180796951345441631e-02	8.191424645231383528e-02
1.267495795977684338e+03	2.387921593367542672e-01	1.522926765232988644e-01	2.582580037484388247e-01	1.608216081607172498e-01	7.586452906898594195e-02	3.188279739937661256e-02	8.208822576209665045e-02
1.272333566191339514e+03	2.381786456271530739e-01	1.518708185096783181e-01	2.586497022322153394e-01	1.611010596769716086e-01	7.598133744915780419e-02	3.195730268096558940e-02	8.226113382352667758e-02
1.277171336404994690e+03	2.375686779446911090e-01	1.514513918268149684e-01	2.590391080657414857e-01	1.613788387974791072e-01	7.609751901579396571e-02	3.203148598031944905e-02	8.243297836882836072e-02
1.282009106618650094e+03	2.369622358411433427e-01	1.510343823749189796e-01	2.594262351882913320e-01	1.616549547088044769e-01	7.621307693362083802e-02	3.210534793053584912e-02	8.260376702235361357e-02
1.286846876832305497e+03	2.363592989863624039e-01	1.506197761350463460e-01	2.598110974562240494e-01	1.619294165910844241e-01	7.632801435117549105e-02	3.217888917548598904e-02	8.277350730428967296e-02
1.291684647045960673e+03	2.357598471676007890e-01	1.502075591687085099e-01	2.601937086430167190e-01	1.622022336155728717e-01	7.644233440098879839e-02	3.225211036959097638e-02	8.294220663418973294e-02
1.296522417259616077e+03	2.351638602888364571e-01	1.497977176174800640e-01	2.605740824393273369e-01	1.624734149423272822e-01	7.655604019976135211e-02	3.232501217760063578e-02	8.310987233433529686e-02
1.301360187473271253e+03	2.345713183701015891e-01	1.493902377026045669e-01	2.609522324530876292e-01	1.627429697180284018e-01	7.666913484853252192e-02	3.239759527437471170e-02	8.327651163293894876e-02
1.306197957686926657e+03	2.339822015468146776e-01	1.489851057245990262e-01	2.613281722096235105e-01	1.630109070739265142e-01	7.678162143284292251e-02	3.246986034466652765e-02	8.344213166719524621e-02
1.311035727900581833e+03	2.333964900691159472e-01	1.485823080628568549e-01	2.617019151518002462e-01	1.632772361239079872e-01	7.689350302289070516e-02	3.254180808290912247e-02	8.360673948618760343e-02
1.315873498114237009e+03	2.328141643012059392e-01	1.481818311752495787e-01	2.620734746401929272e-01	1.635419659626757838e-01	7.700478267368196517e-02	3.261343919300379451e-02	8.377034205365839481e-02
1.320711268327892412e+03	2.322352047206878711e-01	1.477836615977280166e-01	2.624428639532787044e-01	1.638051056640379977e-01	7.711546342517551500e-02	3.268475438811123401e-02	8.393294625064905146e-02
1.325549038541547588e+03	2.316595919179128549e-01	1.473877859439221005e-01	2.628100962876501745e-01	1.640666642792990293e-01	7.722554830242242541e-02	3.275575439044503545e-02	8.409455887801679796e-02
1.330386808755202765e+03	2.310873065953286676e-01	1.469941909047405293e-01	2.631751847582490256e-01	1.643266508357478506e-01	7.733504031570040405e-02	3.282643993106771491e-02	8.425518665883412195e-02
1.335224578968857941e+03	2.305183295668322419e-01	1.466028632479695615e-01	2.635381423986178362e-01	1.645850743352387235e-01	7.744394246064358056e-02	3.289681174968930172e-02	8.441483624067702696e-02
1.340062349182513572e+03	2.299526417571249037e-01	1.462137898178718642e-01	2.638989821611690267e-01	1.648419437528591269e-01	7.755225771836748994e-02	3.296687059446831713e-02	8.457351419780742563e-02
1.344900119396168748e+03	2.293902242010716075e-01	1.458269575347848346e-01	2.642577169174701868e-01	1.650972680356809774e-01	7.765998905559003129e-02	3.303661722181527871e-02	8.473122703325522420e-02
1.349737889609823924e+03	2.288310580430632790e-01	1.454423533947189484e-01	2.646143594585439462e-01	1.653510561015902325e-01	7.776713942474808294e-02	3.310605239619870965e-02	8.488798118080495558e-02
1.354575659823479100e+03	2.282751245363825732e-01	1.450599644689562484e-01	2.649689224951825017e-01	1.656033168381910725e-01	7.787371176411038431e-02	3.317517688995359065e-02	8.504378300689177661e-02
1.359413430037134731e+03	2.277224050425731283e-01	1.446797779036490539e-01	2.653214186582742440e-01	1.658540591017811372e-01	7.797970899788671251e-02	3.324399148309235136e-02	8.519863881241143688e-02
1.364251200250789907e+03	2.271728810308123181e-01	1.443017809194187817e-01	2.656718604991433197e-01	1.661032917163935141e-01	7.808513403633349226e-02	3.331249696311821412e-02	8.535255483444852131e-02
1.369088970464445310e+03	2.266265340772871395e-01	1.439259608109551281e-01	2.660202604898995182e-01	1.663510234729023152e-01	7.818998977585607524e-02	3.338069412484111903e-02	8.550553724792685217e-02
1.373926740678100487e+03	2.260833458645737648e-01	1.435523049466160828e-01	2.663666310237990387e-01	1.665972631281888439e-01	7.829427909910802175e-02	3.344858377019600815e-02	8.565759216718632496e-02
1.378764510891755890e+03	2.255432981810204518e-01	1.431808007680280825e-01	2.667109844156148601e-01	1.668420194043644667e-01	7.839800487508714888e-02	3.351616670806357307e-02	8.580872564748942555e-02
1.383602281105411066e+03	2.250063729201337293e-01	1.428114357896870801e-01	2.670533329020154389e-01	1.670853009880480522e-01	7.850116995922891416e-02	3.358344375409345189e-02	8.595894368646128658e-02
1.388440051319066470e+03	2.244725520799683016e-01	1.424441975985603348e-01	2.673936886419517878e-01	1.673271165296943697e-01	7.860377719349703751e-02	3.365041573052978546e-02	8.610825222546635016e-02
1.393277821532721646e+03	2.239418177625198680e-01	1.420790738536888698e-01	2.677320637170520490e-01	1.675674746429715034e-01	7.870582940647150028e-02	3.371708346603920908e-02	8.625665715092495356e-02
1.398115591746377049e+03	2.234141521731218272e-01	1.417160522857910665e-01	2.680684701320228402e-01	1.678063839041840921e-01	7.880732941343421283e-02	3.378344779554119659e-02	8.640416429557273847e-02
1.402953361960032225e+03	2.228895376198450629e-01	1.413551206968670371e-01	2.684029198150565398e-01	1.680438528517404495e-01	7.890828001645226741e-02	3.384950956004079137e-02	8.655077943966579812e-02
1.407791132173687402e+03	2.223679565129011715e-01	1.409962669598040508e-01	2.687354246182447892e-01	1.682798899856609853e-01	7.900868400445908157e-02	3.391526960646366884e-02	8.669650831213415731e-02
1.412628902387342805e+03	2.218493913640492143e-01	1.406394790179831544e-01	2.690659963179965475e-01	1.685145037671258728e-01	7.910854415333337664e-02	3.398072878749354431e-02	8.684135659168625010e-02
1.417466672600997981e+03	2.213338247860055230e-01	1.402847448848867362e-01	2.693946466154609753e-01	1.687477026180598805e-01	7.920786322597621332e-02	3.404588796141186369e-02	8.698532990786674024e-02
1.422304442814653157e+03	2.208212394918572519e-01	1.399320526437073664e-01	2.697213871369547045e-01	1.689794949207524266e-01	7.930664397238613994e-02	3.411074799193985346e-02	8.712843384207011321e-02
1.427142213028308333e+03	2.203116182944788448e-01	1.395813904469580535e-01	2.700462294343925485e-01	1.692098890175109394e-01	7.940488912973257818e-02	3.417530974808275640e-02	8.727067392851207972e-02
1.431979983241963964e+03	2.198049441059522491e-01	1.392327465160835276e-01	2.703691849857215446e-01	1.694388932103457479e-01	7.950260142242743244e-02	3.423957410397641260e-02	8.741205565516095566e-02
1.436817753455619140e+03	2.193011999369900711e-01	1.388861091410729387e-01	2.706902651953577710e-01	1.696665157606849217e-01	7.959978356219514495e-02	3.430354193873601937e-02	8.755258446463097532e-02
1.441655523669274316e+03	2.188003688963624238e-01	1.385414666800739991e-01	2.710094813946261061e-01	1.698927648891174758e-01	7.969643824814118260e-02	3.436721413630713234e-02	8.769226575503945298e-02
1.446493293882929493e+03	2.183024341903266885e-01	1.381988075590084852e-01	2.713268448422018198e-01	1.701176487751632493e-01	7.979256816681912223e-02	3.443059158531888014e-02	8.783110488082955525e-02
1.451331064096585123e+03	2.178073791220608568e-01	1.378581202711891551e-01	2.716423667245538853e-01	1.703411755570680697e-01	7.988817599229630639e-02	3.449367517893930229e-02	8.796910715356025257e-02
1.456168834310240300e+03	2.173151870910999817e-01	1.375193933769381927e-01	2.719560581563901791e-01	1.705633533316232020e-01	7.998326438621815304e-02	3.455646581473290069e-02	8.810627784266522600e-02
1.461006604523895703e+03	2.168258415927760141e-01	1.371826155032070949e-01	2.722679301811035679e-01	1.707841901540073093e-01	8.007783599787128559e-02	3.461896439452030044e-02	8.824262217618224213e-02
1.465844374737550879e+03	2.163393262176607490e-01	1.368477753431981969e-01	2.725779937712192735e-01	1.710036940376498116e-01	8.017189346424541396e-02	3.468117182424004796e-02	8.837814534145430057e-02
1.470682144951206283e+03	2.158556246510120735e-01	1.365148616559876404e-01	2.728862598288426811e-01	1.712218729541148121e-01	8.026543941009409155e-02	3.474308901381245596e-02	8.851285248580398335e-02
1.475519915164861459e+03	2.153747206722234353e-01	1.361838632661500070e-01	2.731927391861078136e-01	1.714387348330039806e-01	8.035847644799445910e-02	3.480471687700555095e-02	8.864674871718247751e-02
1.480357685378516862e+03	2.148965981542765302e-01	1.358547690633845062e-01	2.734974426056256402e-01	1.716542875618778385e-01	8.045100717840585058e-02	3.486605633130308163e-02	8.877983910479421426e-02
1.485195455592172038e+03	2.144212410631971821e-01	1.355275680021429396e-01	2.738003807809328283e-01	1.718685389861940582e-01	8.054303418972752482e-02	3.492710829777453257e-02	8.891212867969854050e-02
1.490033225805827215e+03	2.139486334575143034e-01	1.352022491012590255e-01	2.741015643369401622e-01	1.720814969092620550e-01	8.063456005835546725e-02	3.498787370094714327e-02	8.904362243538949118e-02
1.494870996019482618e+03	2.134787594877220751e-01	1.348788014435796656e-01	2.744010038303802412e-01	1.722931690922128722e-01	8.072558734873820641e-02	3.504835346867996027e-02	8.917432532835450898e-02
1.499708766233137567e+03	2.130116033957454025e-01	1.345572141755978224e-01	2.746987097502553987e-01	1.725035632539836938e-01	8.081611861343193648e-02	3.510854853203976278e-02	8.930424227861354092e-02
1.504546536446793198e+03	2.125471495144082845e-01	1.342374765070869502e-01	2.749946925182837898e-01	1.727126870713158457e-01	8.090615639315471008e-02	3.516845982517900759e-02	8.943337817023901126e-02
1.509384306660448374e+03	2.120853822669054034e-01	1.339195777107372864e-01	2.752889624893454790e-01	1.729205481787658705e-01	8.099570321683999263e-02	3.522808828521566127e-02	8.956173785185787828e-02
1.514222076874103550e+03	2.116262861662767947e-01	1.336035071217939740e-01	2.755815299519271955e-01	1.731271541687286475e-01	8.108476160168938407e-02	3.528743485211491976e-02	8.968932613713652413e-02
1.519059847087758726e+03	2.111698458148857094e-01	1.332892541376966000e-01	2.758724051285659229e-01	1.733325125914722264e-01	8.117333405322474382e-02	3.534650046857284317e-02	8.981614780524938002e-02
1.523897617301414357e+03	2.107160459038992795e-01	1.329768082177207045e-01	2.761615981762909344e-01	1.735366309551833186e-01	8.126142306533959414e-02	3.540528607990178073e-02	8.994220760133185555e-02
1.528735387515069533e+03	2.102648712127724862e-01	1.326661588826208993e-01	2.764491191870648845e-01	1.737395167260230577e-01	8.134903112034989892e-02	3.546379263391769704e-02	9.006751023691857150e-02
1.533573157728724709e+03	2.098163066087351258e-01	1.323572957142760131e-01	2.767349781882229021e-01	1.739411773281925311e-01	8.143616068904431515e-02	3.552202108082923304e-02	9.019206039036742339e-02
1.538410927942380113e+03	2.093703370462816071e-01	1.320502083553357076e-01	2.770191851429104068e-01	1.741416201440071643e-01	8.152281423073380606e-02	3.557997237312864741e-02	9.031586270727022525e-02
1.543248698156035516e+03	2.089269475666639952e-01	1.317448865088690357e-01	2.773017499505189276e-01	1.743408525139799325e-01	8.160899419330072679e-02	3.563764746548443024e-02	9.043892180085055799e-02
1.548086468369690692e+03	2.084861232973879708e-01	1.314413199380145836e-01	2.775826824471201992e-01	1.745388817369123990e-01	8.169470301324743833e-02	3.569504731463570696e-02	9.056124225234930825e-02
1.552924238583346096e+03	2.080478494517115362e-01	1.311394984656328033e-01	2.778619924058984281e-01	1.747357150699934691e-01	8.177994311574435238e-02	3.575217287928839083e-02	9.068282861139861928e-02
1.557762008797001272e+03	2.076121113281470809e-01	1.308394119739595962e-01	2.781396895375804479e-01	1.749313597289051114e-01	8.186471691467757383e-02	3.580902512001297999e-02	9.080368539638478120e-02
1.562599779010656675e+03	2.071788943099660274e-01	1.305410504042620878e-01	2.784157834908638218e-01	1.751258228879350731e-01	8.194902681269604361e-02	3.586560499914408229e-02	9.092381709480042151e-02
1.567437549224311852e+03	2.067481838647066417e-01	1.302444037564961243e-01	2.786902838528427240e-01	1.753191116800955074e-01	8.203287520125829291e-02	3.592191348068156376e-02	9.104322816358667581e-02
1.572275319437967255e+03	2.063199655436844804e-01	1.299494620889652952e-01	2.789632001494321001e-01	1.755112331972477901e-01	8.211626446067879503e-02	3.597795153019338332e-02	9.116192302946563020e-02
1.577113089651622431e+03	2.058942249815060577e-01	1.296562155179820930e-01	2.792345418457889972e-01	1.757021944902327215e-01	8.219919696017383148e-02	3.603372011472000952e-02	9.127990608926375704e-02
1.581950859865277607e+03	2.054709478955851487e-01	1.293646542175307113e-01	2.795043183467318393e-01	1.758920025690059175e-01	8.228167505790709435e-02	3.608922020268040542e-02	9.139718171022627458e-02
1.586788630078933011e+03	2.050501200856620632e-01	1.290747684189317013e-01	2.797725389971573717e-01	1.760806644027782530e-01	8.236370110103488629e-02	3.614445276377968586e-02	9.151375423032336032e-02
1.591626400292587959e+03	2.046317274333256109e-01	1.287865484105081837e-01	2.800392130824554404e-01	1.762681869201606633e-01	8.244527742575098739e-02	3.619941876891823174e-02	9.162962795854830145e-02
1.596464170506243590e+03	2.042157559015380930e-01	1.284999845372541971e-01	2.803043498289206625e-01	1.764545770093130239e-01	8.252640635733111962e-02	3.625411919010241429e-02	9.174480717520784590e-02
1.601301940719898766e+03	2.038021915341629853e-01	1.282150672005045733e-01	2.805679584041626540e-01	1.766398415180975567e-01	8.260709021017725862e-02	3.630855500035678335e-02	9.185929613220553125e-02
1.606139710933553943e+03	2.033910204554954249e-01	1.279317868576067829e-01	2.808300479175127595e-01	1.768239872542353985e-01	8.268733128786144582e-02	3.636272717363778911e-02	9.197309905331774171e-02
1.610977481147209119e+03	2.029822288697954169e-01	1.276501340215944191e-01	2.810906274204290067e-01	1.770070209854668064e-01	8.276713188316943415e-02	3.641663668474895421e-02	9.208622013446327026e-02
1.615815251360864750e+03	2.025758030608239280e-01	1.273700992608625404e-01	2.813497059068980066e-01	1.771889494397147491e-01	8.284649427814409772e-02	3.647028450925752369e-02	9.219866354396644148e-02
1.620653021574519926e+03	2.021717293913816438e-01	1.270916731988448178e-01	2.816072923138346895e-01	1.773697793052510518e-01	8.292542074412841135e-02	3.652367162341255136e-02	9.231043342281414210e-02
1.625490791788175102e+03	2.017699943028504195e-01	1.268148465136923475e-01	2.818633955214790432e-01	1.775495172308659275e-01	8.300391354180830517e-02	3.657679900406440865e-02	9.242153388490688404e-02
1.630328562001830505e+03	2.013705843147374774e-01	1.265396099379543782e-01	2.821180243537906307e-01	1.777281698260394505e-01	8.308197492125522776e-02	3.662966762858564651e-02	9.253196901730452451e-02
1.635166332215485909e+03	2.009734860242224364e-01	1.262659542582605654e-01	2.823711875788403325e-01	1.779057436611158061e-01	8.315960712196850124e-02	3.668227847479332837e-02	9.264174288046642114e-02
1.640004102429141085e+03	2.005786861057066994e-01	1.259938703150053629e-01	2.826228939091992021e-01	1.780822452674795942e-01	8.323681237291738477e-02	3.673463252087264680e-02	9.275085950848654948e-02
1.644841872642796488e+03	2.001861713103658125e-01	1.257233490020338573e-01	2.828731520023251567e-01	1.782576811377341031e-01	8.331359289258295775e-02	3.678673074530192100e-02	9.285932290932365218e-02
1.649679642856451665e+03	1.997959284657042367e-01	1.254543812663293234e-01	2.831219704609466703e-01	1.784320577258815821e-01	8.338995088899982255e-02	3.683857412677891269e-02	9.296713706502680863e-02
1.654517413070107068e+03	1.994079444751130359e-01	1.251869581077030003e-01	2.833693578334440244e-01	1.786053814475050128e-01	8.346588855979755750e-02	3.689016364414845345e-02	9.307430593195627211e-02
1.659355183283762244e+03	1.990222063174298395e-01	1.249210705784848940e-01	2.836153226142275052e-01	1.787776586799516010e-01	8.354140809224191999e-02	3.694150027633136962e-02	9.318083344100022702e-02
1.664192953497417420e+03	1.986387010465016090e-01	1.246567097832168985e-01	2.838598732441133810e-01	1.789488957625175736e-01	8.361651166327602192e-02	3.699258500225464930e-02	9.328672349778721617e-02
1.669030723711072824e+03	1.982574157907500412e-01	1.243938668783473728e-01	2.841030181106970476e-01	1.791190989966342240e-01	8.369120143956113034e-02	3.704341880078290683e-02	9.339197998289465452e-02
1.673868493924728000e+03	1.978783377527392751e-01	1.241325330719275088e-01	2.843447655487234549e-01	1.792882746460552068e-01	8.376547957751741269e-02	3.709400265065105479e-02	9.349660675205351268e-02
1.678706264138383403e+03	1.975014542087464575e-01	1.238726996233094207e-01	2.845851238404548122e-01	1.794564289370448595e-01	8.383934822336443216e-02	3.714433753039823871e-02	9.360060763634929504e-02
1.683544034352038352e+03	1.971267525083346961e-01	1.236143578428459122e-01	2.848241012160356300e-01	1.796235680585673011e-01	8.391280951316155978e-02	3.719442441830286827e-02	9.370398644241952069e-02
1.688381804565693983e+03	1.967542200739285096e-01	1.233574990915920211e-01	2.850617058538554849e-01	1.797896981624764745e-01	8.398586557284815068e-02	3.724426429231900842e-02	9.380674695264783203e-02
1.693219574779349159e+03	1.963838444003917771e-01	1.231021147810081456e-01	2.852979458809085656e-01	1.799548253637067996e-01	8.405851851828358146e-02	3.729385813001375588e-02	9.390889292535477273e-02
1.698057344993004335e+03	1.960156130546083508e-01	1.228481963726649612e-01	2.855328293731508871e-01	1.801189557404646036e-01	8.413077045528714881e-02	3.734320690850593399e-02	9.401042809498544317e-02
1.702895115206659511e+03	1.956495136750649455e-01	1.225957353779500020e-01	2.857663643558547295e-01	1.802820953344198840e-01	8.420262347967778782e-02	3.739231160440580071e-02	9.411135617229418604e-02
1.707732885420315142e+03	1.952855339714365257e-01	1.223447233577758669e-01	2.859985588039605231e-01	1.804442501508985719e-01	8.427407967731367910e-02	3.744117319375594999e-02	9.421168084452630209e-02
1.712570655633970318e+03	1.949236617241741631e-01	1.220951519222901599e-01	2.862294206424260135e-01	1.806054261590751553e-01	8.434514112413166176e-02	3.748979265197330268e-02	9.431140577559699034e-02
1.717408425847625494e+03	1.945638847840954477e-01	1.218470127305870260e-01	2.864589577465730397e-01	1.807656292921656360e-01	8.441580988618657688e-02	3.753817095379215207e-02	9.441053460626756821e-02
1.722246196061280898e+03	1.942061910719771467e-01	1.216002974904204365e-01	2.866871779424312594e-01	1.809248654476206808e-01	8.448608801969040294e-02	3.758630907320835435e-02	9.450907095431908267e-02
1.727083966274936301e+03	1.938505685781502785e-01	1.213549979579190280e-01	2.869140890070799310e-01	1.810831404873188000e-01	8.455597757105132173e-02	3.763420798342453910e-02	9.460701841472345108e-02
1.731921736488591478e+03	1.934970053620977126e-01	1.211111059373026211e-01	2.871396986689861985e-01	1.812404602377597207e-01	8.462548057691260395e-02	3.768186865679632597e-02	9.470438055981214576e-02
1.736759506702246881e+03	1.931454895520539061e-01	1.208686132806003621e-01	2.873640146083418223e-01	1.813968304902576767e-01	8.469459906419141149e-02	3.772929206477965147e-02	9.480116093944247757e-02
1.741597276915902057e+03	1.927960093446072498e-01	1.206275118873705865e-01	2.875870444573964679e-01	1.815522570011347536e-01	8.476333505011739156e-02	3.777647917787907428e-02	9.489736308116170083e-02
1.746435047129557461e+03	1.924485530043046622e-01	1.203877937044220275e-01	2.878087958007891634e-01	1.817067454919140956e-01	8.483169054227129857e-02	3.782343096559705881e-02	9.499299049036891152e-02
1.751272817343212637e+03	1.921031088632583761e-01	1.201494507255369826e-01	2.880292761758767028e-01	1.818603016495128066e-01	8.489966753862332460e-02	3.787014839638426500e-02	9.508804665047475291e-02
1.756110587556867813e+03	1.917596653207553348e-01	1.199124749911958665e-01	2.882484930730595529e-01	1.820129311264350458e-01	8.496726802757142982e-02	3.791663243759083729e-02	9.518253502305919211e-02
