8.079076256804323748e+02	3.170269129275408715e-01	2.058256692760148665e-01	2.084347323962000009e-01	1.253532374001376237e-01	6.284872557424062145e-02	2.183236841070896467e-02	5.867835401482009855e-02
8.127453958940876646e+02	3.159621414872340606e-01	2.050951239898656242e-01	2.092022563255526713e-01	1.258226156314771194e-01	6.291268248155675036e-02	2.196622044478224040e-02	5.903895963919453260e-02
8.175831661077428407e+02	3.149035057562610262e-01	2.043687627025090048e-01	2.099558774972841713e-01	1.262901249364243583e-01	6.298701059266187396e-02	2.209933832268551682e-02	5.939538019183710632e-02
8.224209363213982442e+02	3.138509681615717084e-01	2.036465640001070831e-01	2.106965305505167918e-01	1.267557383416688943e-01	6.307073481977189255e-02	2.223172669579105698e-02	5.974773743023566175e-02
8.272587065350534203e+02	3.128044916135073183e-01	2.029285063803125955e-01	2.114250702426134498e-01	1.272194307720959927e-01	6.316296415773574313e-02	2.236339015935692731e-02	6.009614667404108296e-02
8.320964767487085965e+02	3.117640394781071578e-01	2.022145682696013247e-01	2.121422783434333548e-01	1.276811789424405763e-01	6.326288446346625682e-02	2.249433325431213909e-02	6.044071724830234194e-02
8.369342469623640000e+02	3.107295755517730518e-01	2.015047280391124851e-01	2.128488699359911140e-01	1.281409612561865696e-01	6.336975185554892531e-02	2.262456046894675832e-02	6.078155289210430967e-02
8.417720171760191761e+02	3.097010640380877811e-01	2.007989640191237268e-01	2.135454991745614761e-01	1.285987577111585567e-01	6.348288668075137420e-02	2.275407624051341976e-02	6.111875213546685837e-02
8.466097873896745796e+02	3.086784695266002188e-01	2.000972545122763346e-01	2.142327645468862507e-01	1.290545498112984357e-01	6.360166799873395727e-02	2.288288495674616757e-02	6.145240864712191858e-02
8.514475576033297557e+02	3.076617569734065305e-01	1.993995778056558421e-01	2.149112136831289877e-01	1.295083204841606106e-01	6.372552854044524762e-02	2.301099095730212152e-02	6.178261155556399181e-02
8.562853278169851592e+02	3.066508916833723397e-01	1.987059121818254837e-01	2.155813477505585107e-01	1.299600540036976171e-01	6.385395009951111422e-02	2.313839853513102729e-02	6.210944574556724607e-02
8.611230980306403353e+02	3.056458392938526947e-01	1.980162359289004692e-01	2.162436254695914994e-01	1.304097359179421933e-01	6.398645931942170684e-02	2.326511193777737463e-02	6.243299213217742144e-02
8.659608682442956251e+02	3.046465657597798304e-01	1.973305273497441004e-01	2.168984667837618729e-01	1.308573529812245562e-01	6.412262384251622704e-02	2.339113536861939235e-02	6.275332791401742882e-02
8.707986384579510286e+02	3.036530373400002647e-01	1.966487647703598074e-01	2.175462562133859135e-01	1.313028930905913993e-01	6.426204878968655443e-02	2.351647298804897604e-02	6.307052680759057950e-02
8.756364086716062047e+02	3.026652205847521482e-01	1.959709265475468587e-01	2.181873459201322807e-01	1.317463452261214418e-01	6.440437354239050838e-02	2.364112891459619128e-02	6.338465926412405194e-02
8.804741788852616082e+02	3.016830823241842818e-01	1.952969910758815264e-01	2.188220585073684665e-01	1.321876993948555012e-01	6.454926880100646247e-02	2.376510722600181855e-02	6.369579267036548642e-02
8.853119490989170117e+02	3.007065896578250963e-01	1.946269367940805795e-01	2.194506895790160061e-01	1.326269465780821055e-01	6.469643389579177173e-02	2.388841196024111754e-02	6.400399153462682511e-02
8.901497193125721878e+02	2.997357099449201034e-01	1.939607421907990903e-01	2.200735100776937125e-01	1.330640786817401389e-01	6.484559432874693885e-02	2.401104711650176027e-02	6.430931765926174715e-02
8.949874895262273640e+02	2.987704107955609922e-01	1.932983858099094898e-01	2.206907684211412701e-01	1.334990884897187813e-01	6.499649952655127405e-02	2.413301665611866306e-02	6.461183030066300348e-02
8.998252597398827675e+02	2.978106600625384237e-01	1.926398462553060575e-01	2.213026924542824958e-01	1.339319696198524312e-01	6.514892078644006490e-02	2.425432450346822616e-02	6.491158631777582677e-02
9.046630299535379436e+02	2.968564258338540207e-01	1.919851021952739267e-01	2.219094912327965186e-01	1.343627164824237885e-01	6.530264939845049910e-02	2.437497454682444054e-02	6.520864031004038053e-02
9.095008001671932334e+02	2.959076764258355419e-01	1.913341323664594640e-01	2.225113566526990827e-01	1.347913242410033186e-01	6.545749492888749965e-02	2.449497063917890904e-02	6.550304474559988377e-02
9.143385703808486369e+02	2.949643803768010053e-01	1.906869155774750246e-01	2.231084649391905372e-01	1.352177887754663077e-01	6.561328365116192440e-02	2.461431659902694677e-02	6.579485008054190842e-02
9.191763405945038130e+02	2.940265064412253548e-01	1.900434307121687538e-01	2.237009780068870135e-01	1.356421066470410997e-01	6.576985711134332446e-02	2.473301621112158552e-02	6.608410486987652266e-02
9.240141108081592165e+02	2.930940235843637609e-01	1.894036567325872167e-01	2.242890447025091272e-01	1.360642750652530097e-01	6.592707081685665604e-02	2.485107322719728659e-02	6.637085587089659733e-02
9.288518810218145063e+02	2.921669009772933090e-01	1.887675726816564203e-01	2.248728019401504408e-01	1.364842918566396002e-01	6.608479303774651703e-02	2.496849136666498895e-02	6.665514813951241291e-02
9.336896512354697961e+02	2.912451079923353281e-01	1.881351576856047647e-01	2.254523757383777305e-01	1.369021554351211312e-01	6.624290371084089191e-02	2.508527431728004020e-02	6.693702512010382688e-02
9.385274214491247449e+02	2.903286141988256630e-01	1.875063909561490438e-01	2.260278821676189043e-01	1.373178647739201341e-01	6.640129343797700201e-02	2.520142573578445372e-02	6.721652872938853329e-02
9.433651916627801484e+02	2.894173893592015823e-01	1.868812517924633987e-01	2.265994282155679718e-01	1.377314193789308805e-01	6.655986257021105634e-02	2.531694924852478934e-02	6.749369943476406231e-02
9.482029618764355519e+02	2.885114034253780657e-01	1.862597195829491237e-01	2.271671125776706379e-01	1.381428192634475971e-01	6.671852037062755980e-02	2.543184845204698313e-02	6.776857632754386407e-02
9.530407320900908417e+02	2.876106265353877145e-01	1.856417738068214529e-01	2.277310263791476608e-01	1.385520649241665514e-01	6.687718424899814773e-02	2.554612691366923635e-02	6.804119719147304346e-02
9.578785023037459041e+02	2.867150290102615240e-01	1.850273940355290914e-01	2.282912538344567255e-01	1.389591573183839857e-01	6.703577906211991011e-02	2.565978817203408771e-02	6.831159856687853138e-02
9.627162725174014213e+02	2.858245813511283706e-01	1.844165599340194528e-01	2.288478728495865755e-01	1.393640978423164312e-01	6.719423647419310586e-02	2.577283573764068553e-02	6.857981581077918221e-02
9.675540427310568248e+02	2.849392542365151715e-01	1.838092512618629271e-01	2.294009555721130134e-01	1.397668883104767890e-01	6.735249437208247481e-02	2.588527309335823812e-02	6.884588315325523844e-02
9.723918129447120009e+02	2.840590185198286766e-01	1.832054478742473902e-01	2.299505688935217784e-01	1.401675309360428112e-01	6.751049633074944489e-02	2.599710369492154796e-02	6.910983375035219256e-02
9.772295831583674044e+02	2.831838452270039053e-01	1.826051297228538095e-01	2.304967749079167294e-01	1.405660283121600851e-01	6.766819112454748597e-02	2.610833097140945191e-02	6.937169973377230181e-02
9.820673533720223531e+02	2.823137055543040730e-01	1.820082768566225195e-01	2.310396313308759608e-01	1.409623833941254789e-01	6.782553228044231608e-02	2.621895832570701398e-02	6.963151225758641705e-02
9.869051235856777566e+02	2.814485708662582408e-01	1.814148694224190228e-01	2.315791918818958794e-01	1.413565994824005356e-01	6.798247766955761717e-02	2.632898913495218193e-02	6.988930154218032931e-02
9.917428937993331601e+02	2.805884126937251422e-01	1.808248876656078363e-01	2.321155066335667816e-01	1.417486802064080731e-01	6.813898913375565636e-02	2.643842675096761199e-02	7.014509691563276805e-02
9.965806640129884499e+02	2.797332027320715842e-01	1.802383119305416004e-01	2.326486223303523004e-01	1.421386295090683038e-01	6.829503214424488544e-02	2.654727450067839375e-02	7.039892685270679462e-02
1.001418434226643626e+03	2.788829128394554879e-01	1.796551226609722773e-01	2.331785826795990391e-01	1.425264516320339792e-01	6.845057548946524573e-02	2.665553568651620256e-02	7.065081901162165168e-02
1.006256204440298802e+03	2.780375150352037417e-01	1.790753004003911575e-01	2.337054286171754147e-01	1.429121511015861989e-01	6.860559098973763315e-02	2.676321358681056986e-02	7.090080026875916763e-02
1.011093974653954206e+03	2.771969814982774838e-01	1.784988257923029176e-01	2.342291985499327656e-01	1.432957327151558879e-01	6.876005323638012534e-02	2.687031145616775377e-02	7.114889675144694947e-02
1.015931744867609382e+03	2.763612845658156014e-01	1.779256795804395330e-01	2.347499285769930333e-01	1.436772015284377424e-01	6.891393935319080344e-02	2.697683252583781346e-02	7.139513386894935643e-02
1.020769515081264785e+03	2.755303967317510039e-01	1.773558426089185402e-01	2.352676526916941402e-01	1.440565628430655332e-01	6.906722877837745411e-02	2.708278000407031080e-02	7.163953634178693575e-02
1.025607285294920075e+03	2.747042906454919553e-01	1.767892958223504785e-01	2.357824029658670273e-01	1.444338221948198997e-01	6.921990306517915303e-02	2.718815707645918373e-02	7.188212822949628655e-02
1.030445055508575479e+03	2.738829391106634148e-01	1.762260202658993136e-01	2.362942097179736856e-01	1.448089853423416840e-01	6.937194569957563783e-02	2.729296690627720096e-02	7.212293295693306128e-02
1.035282825722230655e+03	2.730663150839027775e-01	1.756659970852998132e-01	2.368031016665041733e-01	1.451820582563253526e-01	6.952334193361794923e-02	2.739721263480042468e-02	7.236197333921355612e-02
1.040120595935886058e+03	2.722543916737051872e-01	1.751092075268352866e-01	2.373091060699094312e-01	1.455530471091683320e-01	6.967407863303996807e-02	2.750089738162310102e-02	7.259927160538275082e-02
1.044958366149541234e+03	2.714471421393138684e-01	1.745556329372789650e-01	2.378122488542376567e-01	1.459219582650544966e-01	6.982414413792532859e-02	2.760402424496334953e-02	7.283484942089035741e-02
1.049796136363196410e+03	2.706445398896519250e-01	1.740052547638016034e-01	2.383125547295401603e-01	1.462887982704503542e-01	6.997352813530975657e-02	2.770659630196004378e-02	7.306872790895015124e-02
1.054633906576851814e+03	2.698465584822912766e-01	1.734580545538486063e-01	2.388100472960216492e-01	1.466535738449944171e-01	7.012222154269470709e-02	2.780861660896118137e-02	7.330092767085216732e-02
1.059471676790506763e+03	2.690531716224560110e-01	1.729140139549885935e-01	2.393047491408253069e-01	1.470162918727610513e-01	7.027021640153624515e-02	2.791008820180409730e-02	7.353146880529272400e-02
1.064309447004162394e+03	2.682643531620566013e-01	1.723731147147359588e-01	2.397966819262665195e-01	1.473769593938814293e-01	7.041750577985377013e-02	2.801101409608787104e-02	7.376037092678179585e-02
1.069147217217817570e+03	2.674800770987530441e-01	1.718353386803494753e-01	2.402858664702584857e-01	1.477355835965050990e-01	7.056408368317602930e-02	2.811139728743815985e-02	7.398765318318362150e-02
1.073984987431472746e+03	2.667003175750429778e-01	1.713006677986088355e-01	2.407723228196092247e-01	1.480921718090865424e-01	7.070994497310968685e-02	2.821124075176478091e-02	7.421333427244183878e-02
1.078822757645127922e+03	2.659250488773743371e-01	1.707690841155709849e-01	2.412560703168104559e-01	1.484467314929821535e-01	7.085508529287658230e-02	2.831054744551232683e-02	7.443743245853709500e-02
1.083660527858783553e+03	2.651542454352787681e-01	1.702405697763078041e-01	2.417371276608855368e-01	1.487992702353437280e-01	7.099950099922226754e-02	2.840932030590402613e-02	7.465996558672181871e-02
1.088498298072438729e+03	2.643878818205252501e-01	1.697151070246266380e-01	2.422155129628145442e-01	1.491497957422955045e-01	7.114318910014966191e-02	2.850756225117915751e-02	7.488095109807323124e-02
1.093336068286093905e+03	2.636259327462911473e-01	1.691926782027752818e-01	2.426912437960097313e-01	1.494983158323821559e-01	7.128614719797821131e-02	2.860527618082419482e-02	7.510040604340328940e-02
1.098173838499749309e+03	2.628683730663500806e-01	1.686732657511322842e-01	2.431643372422737370e-01	1.498448384302762670e-01	7.142837343727240218e-02	2.870246497579796718e-02	7.531834709656129445e-02
1.103011608713404712e+03	2.621151777742745104e-01	1.681568522078841776e-01	2.436348099336356210e-01	1.501893715607339752e-01	7.156986645722208940e-02	2.879913149875098707e-02	7.553479056716272400e-02
1.107849378927059888e+03	2.613663220026519740e-01	1.676434202086904413e-01	2.441026780904255733e-01	1.505319233427883929e-01	7.171062534809330424e-02	2.889527859423922027e-02	7.574975241277522031e-02
1.112687149140715292e+03	2.606217810223140918e-01	1.671329524863373883e-01	2.445679575559177310e-01	1.508725019841708204e-01	7.185064961140069650e-02	2.899090908893242960e-02	7.596324825059098951e-02
1.117524919354370468e+03	2.598815302415770079e-01	1.666254318703816739e-01	2.450306638278424987e-01	1.512111157759500890e-01	7.198993912348286561e-02	2.908602579181734232e-02	7.617529336861265932e-02
1.122362689568025871e+03	2.591455452054921560e-01	1.661208412867847817e-01	2.454908120870429866e-01	1.515477730873813211e-01	7.212849410218914736e-02	2.918063149439578674e-02	7.638590273637800576e-02
1.127200459781681047e+03	2.584138015951068512e-01	1.656191637575384623e-01	2.459484172235270050e-01	1.518824823609553620e-01	7.226631507641130547e-02	2.927472897087796469e-02	7.659509101524722419e-02
1.132038229995336451e+03	2.576862752267339296e-01	1.651203824002826503e-01	2.464034938601439850e-01	1.522152521076408083e-01	7.240340285821672550e-02	2.936832097837107150e-02	7.680287256827497688e-02
1.136876000208991627e+03	2.569629420512293816e-01	1.646244804279161367e-01	2.468560563740961056e-01	1.525460909023108047e-01	7.253975851736024771e-02	2.946141025706337097e-02	7.700926146968808950e-02
1.141713770422646803e+03	2.562437781532775904e-01	1.641314411482007185e-01	2.473061189164751927e-01	1.528750073793472830e-01	7.267538335797110727e-02	2.955399953040393352e-02	7.721427151398828348e-02
1.146551540636302207e+03	2.555287597506836761e-01	1.636412479633594097e-01	2.477536954299999761e-01	1.532020102284157026e-01	7.281027889722897772e-02	2.964609150527812084e-02	7.741791622469834655e-02
1.151389310849957155e+03	2.548178631936721672e-01	1.631538843696691277e-01	2.481987996651129902e-01	1.535271081904033275e-01	7.294444684585885130e-02	2.973768887217901474e-02	7.762020886276871368e-02
1.156227081063612786e+03	2.541110649641918906e-01	1.626693339570486618e-01	2.486414451945835047e-01	1.538503100535150159e-01	7.307788909028922752e-02	2.982879430537490467e-02	7.782116243466101480e-02
1.161064851277267962e+03	2.534083416752263007e-01	1.621875804086420347e-01	2.490816454267483493e-01	1.541716246495199449e-01	7.321060767633129351e-02	2.991941046307296584e-02	7.802078970012327197e-02
1.165902621490923138e+03	2.527096700701089715e-01	1.617086075003979495e-01	2.495194136175131194e-01	1.544910608501439964e-01	7.334260479424943580e-02	3.000953998757924235e-02	7.821910317967144255e-02
1.170740391704578315e+03	2.520150270218441957e-01	1.612323991006455182e-01	2.499547628812236466e-01	1.548086275636016140e-01	7.347388276510358196e-02	3.009918550545509497e-02	7.841611516179051999e-02
1.175578161918233945e+03	2.513243895324319133e-01	1.607589391696667702e-01	2.503877062005097076e-01	1.551243337312622761e-01	7.360444402825540300e-02	3.018834962767016905e-02	7.861183770986797381e-02
1.180415932131889122e+03	2.506377347321970817e-01	1.602882117592663858e-01	2.508182564351925659e-01	1.554381883244462526e-01	7.373429112993833134e-02	3.027703494975206300e-02	7.880628266887153288e-02
1.185253702345544298e+03	2.499550398791230976e-01	1.598202010123386252e-01	2.512464263303411105e-01	1.557502003413449299e-01	7.386342671280118899e-02	3.036524405193274587e-02	7.899946167178249767e-02
1.190091472559199701e+03	2.492762823581891329e-01	1.593548911624321773e-01	2.516722285235531986e-01	1.560603788040607065e-01	7.399185350634174263e-02	3.045297949929186634e-02	7.919138614579541990e-02
1.194929242772855105e+03	2.486014396807109117e-01	1.588922665333128148e-01	2.520956755515324499e-01	1.563687327557623241e-01	7.411957431815467678e-02	3.054024384189703289e-02	7.938206731829407226e-02
1.199767012986510281e+03	2.479304894836851514e-01	1.584323115385244674e-01	2.525167798560244425e-01	1.566752712579511653e-01	7.424659202592444329e-02	3.062703961494118998e-02	7.957151622261343649e-02
1.204604783200165684e+03	2.472634095291372514e-01	1.579750106809486299e-01	2.529355537891709305e-01	1.569800033878345491e-01	7.437290957009928816e-02	3.071336933887713200e-02	7.975974370359660559e-02
1.209442553413820860e+03	2.466001777034720621e-01	1.575203485523626323e-01	2.533520096183347059e-01	1.572829382358017780e-01	7.449852994718868249e-02	3.079923551954929367e-02	7.994676042295527363e-02
1.214280323627476264e+03	2.459407720168280131e-01	1.570683098329967164e-01	2.537661595304444573e-01	1.575840849029994939e-01	7.462345620363088072e-02	3.088464064832288983e-02	8.013257686444194561e-02
1.219118093841131440e+03	2.452851706024339884e-01	1.566188792910902239e-01	2.541780156359035314e-01	1.578834524990025134e-01	7.474769143018215878e-02	3.096958720221045652e-02	8.031720333884156959e-02
1.223955864054786844e+03	2.446333517159688942e-01	1.561720417824472851e-01	2.545875899721026792e-01	1.581810501395765622e-01	7.487123875678325380e-02	3.105407764399593581e-02	8.050064998878986300e-02
1.228793634268442020e+03	2.439852937349245021e-01	1.557277822499916475e-01	2.549948945065741990e-01	1.584768869445299377e-01	7.499410134786253790e-02	3.113811442235630417e-02	8.068292679342539686e-02
1.233631404482097196e+03	2.433409751579705127e-01	1.552860857233213376e-01	2.553999411398206743e-01	1.587709720356503817e-01	7.511628239803873341e-02	3.122169997198091101e-02	8.086404357288198841e-02
1.238469174695752372e+03	2.427003746043224774e-01	1.548469373182631281e-01	2.558027417078488908e-01	1.590633145347244704e-01	7.523778512818916908e-02	3.130483671368848586e-02	8.104400999262786898e-02
1.243306944909407548e+03	2.420634708131124135e-01	1.544103222364268113e-01	2.562033079844369121e-01	1.593539235616363570e-01	7.535861278185268519e-02	3.138752705454202208e-02	8.122283556765738655e-02
1.248144715123063179e+03	2.414302426427617221e-01	1.539762257647595833e-01	2.566016516831591820e-01	1.596428082325428432e-01	7.547876862193869663e-02	3.146977338796143331e-02	8.140052966654111322e-02
1.252982485336718355e+03	2.408006690703568820e-01	1.535446332751005116e-01	2.569977844591941341e-01	1.599299776581225296e-01	7.559825592771647618e-02	3.155157809383425660e-02	8.157710151533983933e-02
1.257820255550373531e+03	2.401747291910272808e-01	1.531155302237354188e-01	2.573917179109332931e-01	1.602154409418958259e-01	7.571707799206091327e-02	3.163294353862421832e-02	8.175256020138761681e-02
1.262658025764028707e+03	2.395524022173259326e-01	1.526889021509519606e-01	2.577834635814130748e-01	1.604992071786137398e-01	7.583523811893298772e-02	3.171387207547800291e-02	8.192691467694883378e-02
1.267495795977684338e+03	2.389336674786122217e-01	1.522647346805954538e-01	2.581730329595852691e-01	1.607812854527124191e-01	7.595273962107525201e-02	3.179436604433000246e-02	8.210017376275394185e-02
1.272333566191339514e+03	2.383185044204371716e-01	1.518430135196250086e-01	2.585604374814424178e-01	1.610616848368319476e-01	7.606958581790396190e-02	3.187442777200531763e-02	8.227234615141870711e-02
1.277171336404994690e+03	2.377068926039312136e-01	1.514237244576704666e-01	2.589456885310135181e-01	1.613404143903962307e-01	7.618578003358132678e-02	3.195405957232094751e-02	8.244344041075084284e-02
1.282009106618650094e+03	2.370988117051942290e-01	1.510068533665901713e-01	2.593287974412413210e-01	1.616174831582522231e-01	7.630132559525275304e-02	3.203326374618525874e-02	8.261346498694870089e-02
1.286846876832305497e+03	2.364942415146878696e-01	1.505923862000292657e-01	2.597097754947547688e-01	1.618929001693664993e-01	7.641622583143498071e-02	3.211204258169580300e-02	8.278242820769550481e-02
1.291684647045960673e+03	2.358931619366304300e-01	1.501803089929793222e-01	2.600886339245468970e-01	1.621666744355767797e-01	7.653048407054265090e-02	3.219039835423548324e-02	8.295033828515323282e-02
1.296522417259616077e+03	2.352955529883939412e-01	1.497706078613385283e-01	2.604653839145672500e-01	1.624388149503966927e-01	7.664410363954141103e-02	3.226833332656715153e-02	8.311720331885981417e-02
1.301360187473271253e+03	2.347013947999035954e-01	1.493632690014731756e-01	2.608400366002394666e-01	1.627093306878718837e-01	7.675708786271709383e-02	3.234584974892668746e-02	8.328303129853284470e-02
1.306197957686926657e+03	2.341106676130396413e-01	1.489582786897801492e-01	2.612126030689100875e-01	1.629782306014855298e-01	7.686944006055121403e-02	3.242294985911457761e-02	8.344783010678345769e-02
1.311035727900581833e+03	2.335233517810414994e-01	1.485556232822505540e-01	2.615830943602379111e-01	1.632455236231115103e-01	7.698116354869367906e-02	3.249963588258605179e-02	8.361160752174343069e-02
1.315873498114237009e+03	2.329394277679142922e-01	1.481552892140344524e-01	2.619515214665288361e-01	1.635112186620138186e-01	7.709226163702485868e-02	3.257591003253979683e-02	8.377437121960862321e-02
1.320711268327892412e+03	2.323588761478375952e-01	1.477572629990070996e-01	2.623178953330235763e-01	1.637753246038900767e-01	7.720273762879928392e-02	3.265177451000536579e-02	8.393612877710172893e-02
1.325549038541547588e+03	2.317816776045769078e-01	1.473615312293362067e-01	2.626822268581429642e-01	1.640378503099579610e-01	7.731259481986438309e-02	3.272723150392917862e-02	8.409688767385717356e-02
1.330386808755202765e+03	2.312078129308969832e-01	1.469680805750507302e-01	2.630445268936961178e-01	1.642988046160830662e-01	7.742183649794771860e-02	3.280228319125930853e-02	8.425665529473086446e-02
1.335224578968857941e+03	2.306372630279778790e-01	1.465768977836109654e-01	2.634048062450558558e-01	1.645581963319464325e-01	7.753046594200735386e-02	3.287693173702897764e-02	8.441543893203738713e-02
1.340062349182513572e+03	2.300700089048332564e-01	1.461879696794800843e-01	2.637630756713050806e-01	1.648160342402505696e-01	7.763848642163974356e-02	3.295117929443884541e-02	8.457324578771728552e-02
1.344900119396168748e+03	2.295060316777310927e-01	1.458012831636970597e-01	2.641193458853587916e-01	1.650723270959624234e-01	7.774590119654070652e-02	3.302502800493809648e-02	8.473008297543670186e-02
1.349737889609823924e+03	2.289453125696166991e-01	1.454168252134511730e-01	2.644736275540637283e-01	1.653270836255922027e-01	7.785271351601480427e-02	3.309847999830441145e-02	8.488595752262184657e-02
1.354575659823479100e+03	2.283878329095382076e-01	1.450345828816580751e-01	2.648259312982793601e-01	1.655803125265066233e-01	7.795892661852929506e-02	3.317153739272279966e-02	8.504087637243044895e-02
1.359413430037134731e+03	2.278335741320744456e-01	1.446545432965371525e-01	2.651762676929433349e-01	1.658320224662754028e-01	7.806454373130888857e-02	3.324420229486330786e-02	8.519484638566227064e-02
1.364251200250789907e+03	2.272825177767650862e-01	1.442766936611909190e-01	2.655246472671222713e-01	1.660822220820497297e-01	7.816956806996801232e-02	3.331647679995775740e-02	8.534787434261106864e-02
1.369088970464445310e+03	2.267346454875434070e-01	1.439010212531854904e-01	2.658710805040519487e-01	1.663309199799717641e-01	7.827400283817737003e-02	3.338836299187534357e-02	8.549996694485953452e-02
1.373926740678100487e+03	2.261899390121712428e-01	1.435275134241331130e-01	2.662155778411675611e-01	1.665781247346138638e-01	7.837785122736215526e-02	3.345986294319733267e-02	8.565113081701959674e-02
1.378764510891755890e+03	2.256483802016766294e-01	1.431561575992760793e-01	2.665581496701259767e-01	1.668238448884466207e-01	7.848111641642918634e-02	3.353097871529069074e-02	8.580137250841969598e-02
1.383602281105411066e+03	2.251099510097935297e-01	1.427869412770725599e-01	2.668988063368220587e-01	1.670680889513345979e-01	7.858380157152061729e-02	3.360171235838080306e-02	8.595069849474079593e-02
1.388440051319066470e+03	2.245746334924042520e-01	1.424198520287838221e-01	2.672375581413998780e-01	1.673108654000586837e-01	7.868590984579217074e-02	3.367206591162329871e-02	8.609911517960297522e-02
1.393277821532721646e+03	2.240424098069841718e-01	1.420548774980634477e-01	2.675744153382603185e-01	1.675521826778643975e-01	7.878744437921367250e-02	3.374204140317491052e-02	8.624662889610421046e-02
1.398115591746377049e+03	2.235132622120490353e-01	1.416920054005481600e-01	2.679093881360664064e-01	1.677920491940349257e-01	7.888840829839023627e-02	3.381164085026349547e-02	8.639324590831291839e-02
1.402953361960032225e+03	2.229871730666044549e-01	1.413312235234503444e-01	2.682424866977466960e-01	1.680304733234881942e-01	7.898880471640250256e-02	3.388086625925718076e-02	8.653897241271581164e-02
1.407791132173687402e+03	2.224641248295981533e-01	1.409725197251524287e-01	2.685737211404982672e-01	1.682674634063968389e-01	7.908863673266415539e-02	3.394971962573269803e-02	8.668381453962269168e-02
1.412628902387342805e+03	2.219441000593743996e-01	1.406158819348030387e-01	2.689031015357895016e-01	1.685030277478306582e-01	7.918790743279545408e-02	3.401820293454286409e-02	8.682777835452928916e-02
1.417466672600997981e+03	2.214270814131310272e-01	1.402612981519148760e-01	2.692306379093640789e-01	1.687371746174204934e-01	7.928661988851155862e-02	3.408631815988330538e-02	8.697086985943991433e-02
1.422304442814653157e+03	2.209130516463788940e-01	1.399087564459643995e-01	2.695563402412456955e-01	1.689699122490425642e-01	7.938477715752434438e-02	3.415406726535838433e-02	8.711309499415098578e-02
1.427142213028308333e+03	2.204019936124039236e-01	1.395582449559933935e-01	2.698802184657451697e-01	1.692012488405228998e-01	7.948238228345659573e-02	3.422145220404639726e-02	8.725445963749685341e-02
1.431979983241963964e+03	2.198938902617312285e-01	1.392097518902122855e-01	2.702022824714696569e-01	1.694311925533610874e-01	7.957943829576782924e-02	3.428847491856402280e-02	8.739496960855915042e-02
1.436817753455619140e+03	2.193887246415921199e-01	1.388632655256052950e-01	2.705225421013343623e-01	1.696597515124722566e-01	7.967594820969045588e-02	3.435513734113001399e-02	8.753463066784077096e-02
1.441655523669274316e+03	2.188864798953935320e-01	1.385187742075374984e-01	2.708410071525774176e-01	1.698869338059470491e-01	7.977191502617579644e-02	3.442144139362826594e-02	8.767344851840573605e-02
1.446493293882929493e+03	2.183871392621895835e-01	1.381762663493637244e-01	2.711576873767780338e-01	1.701127474848287691e-01	7.986734173184900643e-02	3.448738898767015476e-02	8.781142880698611375e-02
1.451331064096585123e+03	2.178906860761559428e-01	1.378357304320390608e-01	2.714725924798782608e-01	1.703372005629069375e-01	7.996223129897213344e-02	3.455298202465618279e-02	8.794857712505689540e-02
1.456168834310240300e+03	2.173971037660665795e-01	1.374971550037317192e-01	2.717857321222081901e-01	1.705603010165269995e-01	8.005658668541487666e-02	3.461822239583704774e-02	8.808489900988002164e-02
1.461006604523895703e+03	2.169063758547728760e-01	1.371605286794371770e-01	2.720971159185153199e-01	1.707820567844152149e-01	8.015041083463228522e-02	3.468311198237399029e-02	8.822039994551850173e-02
1.465844374737550879e+03	2.164184859586854581e-01	1.368258401405948177e-01	2.724067534379975841e-01	1.710024757675183693e-01	8.024370667564893755e-02	3.474765265539857956e-02	8.835508536382163935e-02
1.470682144951206283e+03	2.159334177872581084e-01	1.364930781347056810e-01	2.727146542043409339e-01	1.712215658288575859e-01	8.033647712304892163e-02	3.481184627607188109e-02	8.848896064538223916e-02
1.475519915164861459e+03	2.154511551424745652e-01	1.361622314749529328e-01	2.730208276957604707e-01	1.714393347933962086e-01	8.042872507697146345e-02	3.487569469564300029e-02	8.862203112046672382e-02
1.480357685378516862e+03	2.149716819183375427e-01	1.358332890398235293e-01	2.733252833450461883e-01	1.716557904479203978e-01	8.052045342311152376e-02	3.493919975550707768e-02	8.875430206991914706e-02
1.485195455592172038e+03	2.144949821003602763e-01	1.355062397727321288e-01	2.736280305396128210e-01	1.718709405409327984e-01	8.061166503272497452e-02	3.500236328726272217e-02	8.888577872603974084e-02
1.490033225805827215e+03	2.140210397650605112e-01	1.351810726816467523e-01	2.739290786215539675e-01	1.720847927825581436e-01	8.070236276263825781e-02	3.506518711276883360e-02	8.901646627343902385e-02
1.494870996019482618e+03	2.135498390794570156e-01	1.348577768387164422e-01	2.742284368877004330e-01	1.722973548444608205e-01	8.079254945526177789e-02	3.512767304420096742e-02	8.914636984986802626e-02
1.499708766233137567e+03	2.130813643005686209e-01	1.345363413799006425e-01	2.745261145896825683e-01	1.725086343597736493e-01	8.088222793860722071e-02	3.518982288410709564e-02	8.927549454702575493e-02
1.504546536446793198e+03	2.126155997749153981e-01	1.342167555046006044e-01	2.748221209339969939e-01	1.727186389230375430e-01	8.097140102630796810e-02	3.525163842546288895e-02	8.940384541134416274e-02
1.509384306660448374e+03	2.121525299380226937e-01	1.338990084752926246e-01	2.751164650820774882e-01	1.729273760901516299e-01	8.106007151764287044e-02	3.531312145172647160e-02	8.953142744475177384e-02
1.514222076874103550e+03	2.116921393139274410e-01	1.335830896171631699e-01	2.754091561503696495e-01	1.731348533783334809e-01	8.114824219756275325e-02	3.537427373689270432e-02	8.965824560541636734e-02
1.519059847087758726e+03	2.112344125146868590e-01	1.332689883177458900e-01	2.757002032104098332e-01	1.733410782660888827e-01	8.123591583671962990e-02	3.543509704554694689e-02	8.978430480846756601e-02
1.523897617301414357e+03	2.107793342398896763e-01	1.329566940265604902e-01	2.759896152889078635e-01	1.735460581931911328e-01	8.132309519149838462e-02	3.549559313291836271e-02	8.990960992669978780e-02
1.528735387515069533e+03	2.103268892761697983e-01	1.326461962547536011e-01	2.762774013678335194e-01	1.737498005606689655e-01	8.140978300405071755e-02	3.555576374493275849e-02	9.003416579125635144e-02
1.533573157728724709e+03	2.098770624967223608e-01	1.323374845747412876e-01	2.765635703845072402e-01	1.739523127308033879e-01	8.149598200233115763e-02	3.561561061826494512e-02	9.015797719229529106e-02
1.538410927942380113e+03	2.094298388608223926e-01	1.320305486198538047e-01	2.768481312316937726e-01	1.741536020271325647e-01	8.158169490013508773e-02	3.567513548039068227e-02	9.028104887963736558e-02
1.543248698156035516e+03	2.089852034133455883e-01	1.317253780839817701e-01	2.771310927577000927e-01	1.743536757344646693e-01	8.166692439713842122e-02	3.573434004963817884e-02	9.040338556339701237e-02
1.548086468369690692e+03	2.085431412842917720e-01	1.314219627212246388e-01	2.774124637664762139e-01	1.745525410988982840e-01	8.175167317893909658e-02	3.579322603523910074e-02	9.052499191459659200e-02
1.552924238583346096e+03	2.081036376883107497e-01	1.311202923455408176e-01	2.776922530177201587e-01	1.747502053278503220e-01	8.183594391709997362e-02	3.585179513737927343e-02	9.064587256576450702e-02
1.557762008797001272e+03	2.076666779242303251e-01	1.308203568303996922e-01	2.779704692269853727e-01	1.749466755900906667e-01	8.191973926919317306e-02	3.591004904724885011e-02	9.076603211151784700e-02
1.562599779010656675e+03	2.072322473745871196e-01	1.305221461084355161e-01	2.782471210657918581e-01	1.751419590157837769e-01	8.200306187884573439e-02	3.596798944709214685e-02	9.088547510912985128e-02
1.567437549224311852e+03	2.068003315051595570e-01	1.302256501711031300e-01	2.785222171617405817e-01	1.753360626965365376e-01	8.208591437578646732e-02	3.602561801025706834e-02	9.100420607908273063e-02
1.572275319437967255e+03	2.063709158645031516e-01	1.299308590683355691e-01	2.787957660986303821e-01	1.755289936854526056e-01	8.216829937589388566e-02	3.608293640124409646e-02	9.112222950560638912e-02
1.577113089651622431e+03	2.059439860834884062e-01	1.296377629082036964e-01	2.790677764165780950e-01	1.757207589971923056e-01	8.225021948124516813e-02	3.613994627575498053e-02	9.123954983720339307e-02
1.581950859865277607e+03	2.055195278748410959e-01	1.293463518565773074e-01	2.793382566121414556e-01	1.759113656080385224e-01	8.233167728016610454e-02	3.619664928074095567e-02	9.135617148716063118e-02
1.586788630078933011e+03	2.050975270326845790e-01	1.290566161367883158e-01	2.796072151384447202e-01	1.761008204559678936e-01	8.241267534728184685e-02	3.625304705445064196e-02	9.147209883404808228e-02
1.591626400292587959e+03	2.046779694320849108e-01	1.287685460292958550e-01	2.798746604053067299e-01	1.762891304407272763e-01	8.249321624356847904e-02	3.630914122647759673e-02	9.158733622220523174e-02
1.596464170506243590e+03	2.042608410285980947e-01	1.284821318713530169e-01	2.801406007793718067e-01	1.764763024239152378e-01	8.257330251640529473e-02	3.636493341780745736e-02	9.170188796221519223e-02
1.601301940719898766e+03	2.038461278578198033e-01	1.281973640566754780e-01	2.804050445842427575e-01	1.766623432290680973e-01	8.265293669962782419e-02	3.642042524086477884e-02	9.181575833136730591e-02
1.606139710933553943e+03	2.034338160349371538e-01	1.279142330351120405e-01	2.806680001006166547e-01	1.768472596417510478e-01	8.273212131358137489e-02	3.647561829955948270e-02	9.192895157410828355e-02
1.610977481147209119e+03	2.030238917542832588e-01	1.276327293123168671e-01	2.809294755664222265e-01	1.770310584096531359e-01	8.281085886517521033e-02	3.653051418933301459e-02	9.204147190248235244e-02
1.615815251360864750e+03	2.026163412888938864e-01	1.273528434494236306e-01	2.811894791769596891e-01	1.772137462426866261e-01	8.288915184793721469e-02	3.658511449720411313e-02	9.215332349656081556e-02
1.620653021574519926e+03	2.022111509900663406e-01	1.270745660627214391e-01	2.814480190850431884e-01	1.773953298130905021e-01	8.296700274206900150e-02	3.663942080181430833e-02	9.226451050486123018e-02
1.625490791788175102e+03	2.018083072869208128e-01	1.267978878233324003e-01	2.817051034011439636e-01	1.775758157555376304e-01	8.304441401450156357e-02	3.669343467347305904e-02	9.237503704475655275e-02
1.630328562001830505e+03	2.014077966859640356e-01	1.265227994568912384e-01	2.819607401935367297e-01	1.777552106672455612e-01	8.312138811895113111e-02	3.674715767420257129e-02	9.248490720287465272e-02
1.635166332215485909e+03	2.010096057706552142e-01	1.262492917432266326e-01	2.822149374884470041e-01	1.779335211080909085e-01	8.319792749597551551e-02	3.680059135778232515e-02	9.259412503548830609e-02
1.640004102429141085e+03	2.006137212009742321e-01	1.259773555160441094e-01	2.824677032702003210e-01	1.781107536007269510e-01	8.327403457303080014e-02	3.685373726979326858e-02	9.270269456889619619e-02
1.644841872642796488e+03	2.002201297129921342e-01	1.257069816626110448e-01	2.827190454813733878e-01	1.782869146307044517e-01	8.334971176452815600e-02	3.690659694766174059e-02	9.281061979979500498e-02
1.649679642856451665e+03	1.998288181184438850e-01	1.254381611234431093e-01	2.829689720229463523e-01	1.784620106465955314e-01	8.342496147189108757e-02	3.695917192070304752e-02	9.291790469564290000e-02
1.654517413070107068e+03	1.994397733043035137e-01	1.251708848919928230e-01	2.832174907544569020e-01	1.786360480601203171e-01	8.349978608361278976e-02	3.701146371016479641e-02	9.302455319501479192e-02
1.659355183283762244e+03	1.990529822323612863e-01	1.249051440143395392e-01	2.834646094941555838e-01	1.788090332462764220e-01	8.357418797531379617e-02	3.706347382926989537e-02	9.313056920794950122e-02
1.664192953497417420e+03	1.986684319388034581e-01	1.246409295888813301e-01	2.837103360191624013e-01	1.789809725434707843e-01	8.364816950979971077e-02	3.711520378325929709e-02	9.323595661628904241e-02
1.669030723711072824e+03	1.982861095337938584e-01	1.243782327660285930e-01	2.839546780656251879e-01	1.791518722536544206e-01	8.372173303711911985e-02	3.716665506943444414e-02	9.334071927401041413e-02
1.673868493924728000e+03	1.979060022010581399e-01	1.241170447478994604e-01	2.841976433288782578e-01	1.793217386424589832e-01	8.379488089462178158e-02	3.721782917719945738e-02	9.344486100755000635e-02
1.678706264138383403e+03	1.975280971974698596e-01	1.238573567880167647e-01	2.844392394636029442e-01	1.794905779393359546e-01	8.386761540701660744e-02	3.726872758810301223e-02	9.354838561612091596e-02
1.683544034352038352e+03	1.971523818526390581e-01	1.235991601910069043e-01	2.846794740839890814e-01	1.796583963376977289e-01	8.393993888643012935e-02	3.731935177587998587e-02	9.365129687202321251e-02
1.688381804565693983e+03	1.967788435685029758e-01	1.233424463123002773e-01	2.849183547638970970e-01	1.798251999950606639e-01	8.401185363246470306e-02	3.736970320649279920e-02	9.375359852094768132e-02
1.693219574779349159e+03	1.964074698189188228e-01	1.230872065578334923e-01	2.851558890370212707e-01	1.799909950331902153e-01	8.408336193225694755e-02	3.741978333817254365e-02	9.385529428227287752e-02
1.698057344993004335e+03	1.960382481492589923e-01	1.228334323837532993e-01	2.853920843970542687e-01	1.801557875382475693e-01	8.415446606053621215e-02	3.746959362145979577e-02	9.395638784935600452e-02
1.702895115206659511e+03	1.956711661760082155e-01	1.225811152961221590e-01	2.856269482978518459e-01	1.803195835609381903e-01	8.422516827968304365e-02	3.751913549924522362e-02	9.405688288981754741e-02
1.707732885420315142e+03	1.953062115863630210e-01	1.223302468506254487e-01	2.858604881535984910e-01	1.804823891166617567e-01	8.429547083978759792e-02	3.756841040680987398e-02	9.415678304582009162e-02
1.712570655633970318e+03	1.949433721378333872e-01	1.220808186522805289e-01	2.860927113389740706e-01	1.806442101856636784e-01	8.436537597870817640e-02	3.761741977186531388e-02	9.425609193434117405e-02
1.717408425847625494e+03	1.945826356578463923e-01	1.218328223551472383e-01	2.863236251893209183e-01	1.808050527131880025e-01	8.443488592212969324e-02	3.766616501459340433e-02	9.435481314744070813e-02
1.722246196061280898e+03	1.942239900433521405e-01	1.215862496620401800e-01	2.865532370008114782e-01	1.809649226096315955e-01	8.450400288362205914e-02	3.771464754768594912e-02	9.445295025252292698e-02
1.727083966274936301e+03	1.938674232604318259e-01	1.213410923242426859e-01	2.867815540306165589e-01	1.811238257506996019e-01	8.457272906469867624e-02	3.776286877638398293e-02	9.455050679259296986e-02
1.731921736488591478e+03	1.935129233439077945e-01	1.210973421412223500e-01	2.870085834970743655e-01	1.812817679775618473e-01	8.464106665487466929e-02	3.781083009851694127e-02	9.464748628650840323e-02
1.736759506702246881e+03	1.931604783969558536e-01	1.208549909603482131e-01	2.872343325798591973e-01	1.814387550970106011e-01	8.470901783172525568e-02	3.785853290454148368e-02	9.474389222922573184e-02
1.741597276915902057e+03	1.928100765907196645e-01	1.206140306766096265e-01	2.874588084201517013e-01	1.815947928816190882e-01	8.477658476094393492e-02	3.790597857758017802e-02	9.483972809204213594e-02
1.746435047129557461e+03	1.924617061639271598e-01	1.203744532323366562e-01	2.876820181208085137e-01	1.817498870699009728e-01	8.484376959640066440e-02	3.795316849345990728e-02	9.493499732283246229e-02
1.751272817343212637e+03	1.921153554225091820e-01	1.201362506169221661e-01	2.879039687465326791e-01	1.819040433664707301e-01	8.491057448019988241e-02	3.800010402075004734e-02	9.502970334628164928e-02
1.756110587556867813e+03	1.917710127392200092e-01	1.198994148665454701e-01	2.881246673240444589e-01	1.820572674422048232e-01	8.497700154273853113e-02	3.804678652080042273e-02	9.512384956411268355e-02
1.760948357770523216e+03	1.914286665532600740e-01	1.196639380638975791e-01	2.883441208422520274e-01	1.822095649344034340e-01	8.504305290276385765e-02	3.809321734777906809e-02	9.521743935531042091e-02
1.765786127984178393e+03	1.910883053699007628e-01	1.194298123379081145e-01	2.885623362524226687e-01	1.823609414469529455e-01	8.510873066743121496e-02	3.813939784870974681e-02	9.531047607634102192e-02
1.770623898197833569e+03	1.907499177601112428e-01	1.191970298634736913e-01	2.887793204683541948e-01	1.825114025504890602e-01	8.517403693236168249e-02	3.818532936350923362e-02	9.540296306136740456e-02
