8.127453958940876646e+02	3.161559451178507230e-01	2.050340003755961316e-01	2.090654948279447589e-01	1.255220207964731494e-01	6.362554669568733223e-02	2.138673073588452656e-02	5.921026145022356690e-02
8.175831661077428407e+02	3.150936053725574837e-01	2.043100480237617089e-01	2.098298995793710375e-01	1.260100918921930879e-01	6.366449731921097754e-02	2.154471155521085757e-02	5.954714625735504224e-02
8.224209363213982442e+02	3.140374086985058821e-01	2.035901670236948124e-01	2.105814090660646232e-01	1.264949661175118201e-01	6.371397382600510473e-02	2.170038339298520011e-02	5.988169187489276318e-02
8.272587065350534203e+02	3.129873179991363719e-01	2.028743412249586486e-01	2.113207774150332452e-01	1.269767020794579371e-01	6.377311033917019978e-02	2.185386746239028483e-02	6.021388347951353581e-02
8.320964767487085965e+02	3.119432965640470679e-01	2.021625540243702224e-01	2.120487018778157151e-01	1.274553544912905845e-01	6.384110697107550636e-02	2.200527614393913214e-02	6.054370992712199834e-02
8.369342469623640000e+02	3.109053080524848411e-01	2.014547884096107855e-01	2.127658271766850184e-01	1.279309744796629233e-01	6.391722480740241741e-02	2.215471365186453753e-02	6.087116342194969637e-02
8.417720171760191761e+02	3.098733164780487770e-01	2.007510269994815522e-01	2.134727495194268243e-01	1.284036098679778026e-01	6.400078127273527151e-02	2.230227664993984782e-02	6.119623921205019634e-02
8.466097873896745796e+02	3.088472861945133485e-01	2.000512520810586725e-01	2.141700203079355269e-01	1.288733054377599885e-01	6.409114584866626441e-02	2.244805482057560600e-02	6.151893530915082675e-02
8.514475576033297557e+02	3.078271818826860406e-01	1.993554456439843026e-01	2.148581495639485250e-01	1.293401031697293257e-01	6.418773611759037712e-02	2.259213139074406004e-02	6.183925223097767182e-02
8.562853278169851592e+02	3.068129685382187111e-01	1.986635894121107360e-01	2.155376090934638666e-01	1.298040424661311698e-01	6.429001410740792233e-02	2.273458361801336883e-02	6.215719276431450058e-02
8.611230980306403353e+02	3.058046114603015786e-01	1.979756648726993806e-01	2.162088354097463916e-01	1.302651603557616611e-01	6.439748291423813553e-02	2.287548323972362491e-02	6.247276174718944391e-02
8.659608682442956251e+02	3.048020762411707274e-01	1.972916533033601538e-01	2.168722324333116069e-01	1.307234916830154470e-01	6.450968358198989894e-02	2.301489688810618925e-02	6.278596586870627272e-02
8.707986384579510286e+02	3.038053287563669547e-01	1.966115357969032695e-01	2.175281739858772601e-01	1.311790692821822590e-01	6.462619221924534307e-02	2.315288647393471191e-02	6.309681348515042143e-02
8.756364086716062047e+02	3.028143351556897289e-01	1.959352932842620132e-01	2.181770060939785261e-01	1.316319241381256611e-01	6.474661733539963104e-02	2.328950954109925212e-02	6.340531445110539344e-02
8.804741788852616082e+02	3.018290618547908588e-01	1.952629065556333032e-01	2.188190491167478213e-01	1.320820855343895206e-01	6.487059737937427017e-02	2.342481959431310864e-02	6.371147996441135775e-02
8.853119490989170117e+02	3.008494755273605770e-01	1.945943562799713755e-01	2.194545997112561930e-01	1.325295811896993470e-01	6.499779846549100237e-02	2.355886640199380058e-02	6.401532242388795202e-02
8.901497193125721878e+02	2.998755430978595204e-01	1.939296230229599349e-01	2.200839326477937452e-01	1.329744373837509763e-01	6.512791227226595592e-02	2.369169627620445681e-02	6.431685529882562313e-02
8.949874895262273640e+02	2.989072317347554741e-01	1.932686872635785424e-01	2.207073024865231492e-01	1.334166790731106389e-01	6.526065410096786035e-02	2.382335233139827591e-02	6.461609300932623368e-02
8.998252597398827675e+02	2.979445088442255751e-01	1.926115294093694308e-01	2.213249451260706491e-01	1.338563299979887988e-01	6.539576108178495051e-02	2.395387472357628916e-02	6.491305081664444643e-02
9.046630299535379436e+02	2.969873420642884509e-01	1.919581298105048905e-01	2.219370792338138665e-01	1.342934127805898714e-01	6.553299051637057060e-02	2.408330087134614300e-02	6.520774472274637468e-02
9.095008001671932334e+02	2.960356992593333736e-01	1.913084687727447941e-01	2.225439075668833033e-01	1.347279490156884918e-01	6.567211834639159751e-02	2.421166566025646089e-02	6.550019137836213257e-02
9.143385703808486369e+02	2.950895485150161202e-01	1.906625265693701332e-01	2.231456181922070736e-01	1.351599593540313560e-01	6.581293773849389295e-02	2.433900163167685912e-02	6.579040799886476387e-02
9.191763405945038130e+02	2.941488581334926744e-01	1.900202834521692585e-01	2.237423856132946254e-01	1.355894635791192460e-01	6.595525777682814672e-02	2.446533915739703899e-02	6.607841228735918115e-02
9.240141108081592165e+02	2.932135966289657891e-01	1.893817196615496246e-01	2.243343718108692098e-01	1.360164806778805802e-01	6.609890225495354543e-02	2.459070660102919206e-02	6.636422236441222311e-02
9.288518810218145063e+02	2.922837327235196514e-01	1.887468154358410422e-01	2.249217272039168714e-01	1.364410289057089165e-01	6.624370855955941106e-02	2.471513046721549728e-02	6.664785670389870853e-02
9.336896512354697961e+02	2.913592353432207793e-01	1.881155510198523617e-01	2.255045915372204945e-01	1.368631258463009481e-01	6.638952663902003559e-02	2.483863553956636161e-02	6.692933407447906879e-02
9.385274214491247449e+02	2.904400736144649442e-01	1.874879066727377364e-01	2.260830947009841718e-01	1.372827884666978915e-01	6.653621805032973457e-02	2.496124500818454328e-02	6.720867348626104187e-02
9.433651916627801484e+02	2.895262168605505226e-01	1.868638626752257281e-01	2.266573574877272790e-01	1.377000331679021083e-01	6.668365507845601392e-02	2.508298058756546628e-02	6.748589414223295224e-02
9.482029618764355519e+02	2.886176345984616254e-01	1.862433993362591633e-01	2.272274922912325135e-01	1.381148758314129088e-01	6.683171992260240890e-02	2.520386262560380536e-02	6.776101539408763141e-02
9.530407320900908417e+02	2.877142965358447380e-01	1.856264969990907010e-01	2.277936037519680545e-01	1.385273318619985039e-01	6.698030394429167755e-02	2.532391020438098592e-02	6.803405670208541312e-02
9.578785023037459041e+02	2.868161725681634966e-01	1.850131360468756092e-01	2.283557893530670235e-01	1.389374162269970125e-01	6.712930697256763724e-02	2.544314123335695427e-02	6.830503759863228164e-02
9.627162725174014213e+02	2.859232327760186654e-01	1.844032969077998296e-01	2.289141399706370872e-01	1.393451434924173615e-01	6.727863666197107795e-02	2.556157253554218467e-02	6.857397765527376010e-02
9.675540427310568248e+02	2.850354474226199364e-01	1.837969600597790520e-01	2.294687403818845561e-01	1.397505278560891573e-01	6.742820789927636560e-02	2.567921992718210852e-02	6.884089645282868986e-02
9.723918129447120009e+02	2.841527869513985616e-01	1.831941060347609118e-01	2.300196697342731245e-01	1.401535831780927610e-01	6.757794225528036824e-02	2.579609829144571820e-02	6.910581355440845175e-02
9.772295831583674044e+02	2.832752219837492147e-01	1.825947154226608971e-01	2.305670019786908720e-01	1.405543230086818418e-01	6.772776747821757093e-02	2.591222164657272509e-02	6.936874848108673386e-02
9.820673533720223531e+02	2.824027233168920903e-01	1.819987688749598043e-01	2.311108062693739695e-01	1.409527606138953615e-01	6.787761702563616106e-02	2.602760320889910620e-02	6.962972069000333830e-02
9.869051235856777566e+02	2.815352619218453589e-01	1.814062471079885830e-01	2.316511473331242799e-01	1.413489089990399017e-01	6.802742963181014624e-02	2.614225545114902752e-02	6.988874955470246453e-02
9.917428937993331601e+02	2.806728089414998184e-01	1.808171309059239396e-01	2.321880858101670886e-01	1.417427809302102548e-01	6.817714890798594329e-02	2.625619015635155887e-02	7.014585434752122761e-02
9.965806640129884499e+02	2.798153356887873588e-01	1.802314011235174596e-01	2.327216785688138723e-01	1.421343889540024330e-01	6.832672297296650543e-02	2.636941846771346729e-02	7.040105422385881107e-02
1.001418434226643626e+03	2.789628136449373019e-01	1.796490386885777335e-01	2.332519789959322520e-01	1.425237454155620642e-01	6.847610411172673495e-02	2.648195093475417400e-02	7.065436820816964336e-02
1.006256204440298802e+03	2.781152144578126206e-01	1.790700246042253863e-01	2.337790372650711823e-01	1.429108624750994316e-01	6.862524845992903910e-02	2.659379755598568693e-02	7.090581518153658835e-02
1.011093974653954206e+03	2.772725099403204330e-01	1.784943399509369977e-01	2.343029005839493417e-01	1.432957521229932252e-01	6.877411571237015964e-02	2.670496781839884134e-02	7.115541387069093671e-02
1.015931744867609382e+03	2.764346720688913295e-01	1.779219658883953170e-01	2.348236134228842142e-01	1.436784261935945828e-01	6.892266885354006445e-02	2.681547073399746101e-02	7.140318283835696278e-02
1.020769515081264785e+03	2.756016729820219280e-01	1.773528836571597045e-01	2.353412177256191395e-01	1.440588963778352549e-01	6.907087390861228748e-02	2.692531487360344186e-02	7.164914047480816506e-02
1.025607285294920075e+03	2.747734849788761591e-01	1.767870745801707610e-01	2.358557531038948940e-01	1.444371742347351217e-01	6.921869971331275073e-02	2.703450839813918011e-02	7.189330499053106505e-02
1.030445055508575479e+03	2.739500805179403420e-01	1.762245200641021636e-01	2.363672570170087528e-01	1.448132712018974644e-01	6.936611770123229936e-02	2.714305908757775818e-02	7.213569440990109938e-02
1.035282825722230655e+03	2.731314322157287755e-01	1.756652016005708361e-01	2.368757649375104191e-01	1.451871986050730090e-01	6.951310170725752413e-02	2.725097436773708109e-02	7.237632656578218970e-02
1.040120595935886058e+03	2.723175128455351812e-01	1.751091007672166966e-01	2.373813105040956939e-01	1.455589676668676835e-01	6.965962778589485094e-02	2.735826133508074617e-02	7.261521909496897187e-02
1.044958366149541234e+03	2.715082953362270013e-01	1.745561992286618902e-01	2.378839256626779919e-01	1.459285895146634759e-01	6.980567404335660808e-02	2.746492677967591819e-02	7.285238943439692472e-02
1.049796136363196410e+03	2.707037527710793867e-01	1.740064787373586941e-01	2.383836407965435333e-01	1.462960751878160937e-01	6.995122048236326884e-02	2.757097720644734531e-02	7.308785481805153694e-02
1.054633906576851814e+03	2.699038583866454899e-01	1.734599211343346159e-01	2.388804848464263220e-01	1.466614356441880429e-01	7.009624885869601696e-02	2.767641885485585748e-02	7.332163227451340970e-02
1.059471676790506763e+03	2.691085855716612851e-01	1.729165083498427902e-01	2.393744854212757067e-01	1.470246817660718630e-01	7.024074254860705746e-02	2.778125771712012387e-02	7.355373862508099436e-02
1.064309447004162394e+03	2.683179078659805317e-01	1.723762224039246671e-01	2.398656689004298459e-01	1.473858243655528921e-01	7.038468642626306837e-02	2.788549955509132816e-02	7.378419048241743883e-02
1.069147217217817570e+03	2.675317989595402124e-01	1.718390454068920437e-01	2.403540605278547404e-01	1.477448741893584161e-01	7.052806675045986129e-02	2.798914991588218049e-02	7.401300424967231784e-02
1.073984987431472746e+03	2.667502326913516186e-01	1.713049595597345154e-01	2.408396844990573493e-01	1.481018419232348893e-01	7.067087105990423057e-02	2.809221414634396549e-02	7.424019612003317226e-02
1.078822757645127922e+03	2.659731830485171367e-01	1.707739471544579835e-01	2.413225640412354212e-01	1.484567381958933618e-01	7.081308807641256697e-02	2.819469740647824463e-02	7.446578207666501581e-02
1.083660527858783553e+03	2.652006241652699048e-01	1.702459905743598512e-01	2.418027214871831532e-01	1.488095735825583910e-01	7.095470761542529980e-02	2.829660468186321123e-02	7.468977789300000614e-02
1.088498298072438729e+03	2.644325303220346202e-01	1.697210722942457672e-01	2.422801783434328504e-01	1.491603586081541866e-01	7.109572050328180626e-02	2.839794079516876762e-02	7.491219913334182245e-02
1.093336068286093905e+03	2.636688759445089403e-01	1.691991748805921625e-01	2.427549553530758131e-01	1.495091037501585507e-01	7.123611850074273999e-02	2.849871041682860637e-02	7.513306115375299743e-02
1.098173838499749309e+03	2.629096356027627590e-01	1.686802809916591872e-01	2.432270725536711808e-01	1.498558194411529765e-01	7.137589423228588026e-02	2.859891807493258886e-02	7.535237910319528276e-02
1.103011608713404712e+03	2.621547840103546911e-01	1.681643733775577410e-01	2.436965493306215425e-01	1.502005160710945531e-01	7.151504112073715780e-02	2.869856816439779121e-02	7.557016792489638923e-02
1.107849378927059888e+03	2.614042960234650992e-01	1.676514348802741750e-01	2.441634044663636427e-01	1.505432039893341289e-01	7.165355332683259748e-02	2.879766495547221583e-02	7.578644235791798245e-02
1.112687149140715292e+03	2.606581466400433311e-01	1.671414484336562201e-01	2.446276561856976228e-01	1.508838935064024389e-01	7.179142569333681057e-02	2.889621260162113930e-02	7.600121693890234120e-02
1.117524919354370468e+03	2.599163109989692244e-01	1.666343970633627214e-01	2.450893221975514735e-01	1.512225948955847055e-01	7.192865369337274328e-02	2.899421514684218104e-02	7.621450600397683406e-02
1.122362689568025871e+03	2.591787643792273776e-01	1.661302638867807602e-01	2.455484197334569241e-01	1.515593183943023670e-01	7.206523338264343714e-02	2.909167653245178786e-02	7.642632369079724319e-02
1.127200459781681047e+03	2.584454821990938012e-01	1.656290321129119114e-01	2.460049655829896764e-01	1.518940742053189463e-01	7.220116135525071754e-02	2.918860060338255777e-02	7.663668394071228296e-02
1.132038229995336451e+03	2.577164400153333923e-01	1.651306850422310790e-01	2.464589761264093237e-01	1.522268724977861865e-01	7.233643470283830645e-02	2.928499111402785293e-02	7.684560050103383944e-02
1.136876000208991627e+03	2.569916135224080689e-01	1.646352060665190187e-01	2.469104673647152803e-01	1.525577234081449685e-01	7.247105097680742181e-02	2.938085173366740757e-02	7.705308692739780418e-02
1.141713770422646803e+03	2.562709785516952832e-01	1.641425786686717403e-01	2.473594549473188686e-01	1.528866370408939190e-01	7.260500815337228575e-02	2.947618605150511412e-02	7.725915658620276238e-02
1.146551540636302207e+03	2.555545110707151957e-01	1.636527864224879281e-01	2.478059541975159152e-01	1.532136234692388077e-01	7.273830460124033892e-02	2.957099758134774936e-02	7.746382265711407311e-02
1.151389310849957155e+03	2.548421871823667861e-01	1.631658129924363765e-01	2.482499801359310254e-01	1.535386927356332809e-01	7.287093905171858343e-02	2.966528976595134495e-02	7.766709813562260034e-02
1.156227081063612786e+03	2.541339831241723468e-01	1.626816421334054130e-01	2.486915475020906041e-01	1.538618548522217855e-01	7.300291057106238213e-02	2.975906598105976589e-02	7.786899583564772798e-02
1.161064851277267962e+03	2.534298752675293032e-01	1.622002576904351956e-01	2.491306707742701188e-01	1.541831198011940629e-01	7.313421853489712743e-02	2.985232953915832599e-02	7.806952839217591589e-02
1.165902621490923138e+03	2.527298401169697506e-01	1.617216435984348832e-01	2.495673641877499405e-01	1.545024975350599017e-01	7.326486260455587762e-02	2.994508369296345826e-02	7.826870826392616498e-02
1.170740391704578315e+03	2.520338543094267081e-01	1.612457838818856792e-01	2.500016417516037759e-01	1.548199979768523360e-01	7.339484270518827069e-02	3.003733163866796271e-02	7.846654773603520261e-02
1.175578161918233945e+03	2.513418946135065335e-01	1.607726626545309401e-01	2.504335172641342089e-01	1.551356310202665068e-01	7.352415900550665628e-02	3.012907651895980685e-02	7.866305892275521350e-02
1.180415932131889122e+03	2.506539379287682223e-01	1.603022641190546826e-01	2.508630043270604904e-01	1.554494065297410410e-01	7.365281189904589187e-02	3.022032142583115644e-02	7.885825377015838467e-02
1.185253702345544298e+03	2.499699612850080077e-01	1.598345725667490724e-01	2.512901163585570252e-01	1.557613343404879447e-01	7.378080198682243629e-02	3.031106940319303750e-02	7.905214405884239404e-02
1.190091472559199701e+03	2.492899418415496782e-01	1.593695723771724748e-01	2.517148666052318462e-01	1.560714242584770317e-01	7.390813006128706120e-02	3.040132344930988537e-02	7.924474140663186061e-02
1.194929242772855105e+03	2.486138568865404186e-01	1.589072480177985136e-01	2.521372681531287019e-01	1.563796860603797745e-01	7.403479709147367527e-02	3.049108651906716136e-02	7.943605727127150962e-02
1.199767012986510281e+03	2.479416838362515640e-01	1.584475840436569694e-01	2.525573339378289761e-01	1.566861294934774052e-01	7.416080420925390271e-02	3.058036152608424249e-02	7.962610295310672270e-02
1.204604783200165684e+03	2.472734002343842108e-01	1.579905650969672670e-01	2.529750767537247702e-01	1.569907642755375698e-01	7.428615269661413556e-02	3.066915134468383222e-02	7.981488959774797609e-02
1.209442553413820860e+03	2.466089837513796290e-01	1.575361759067656631e-01	2.533905092625283739e-01	1.572936000946636437e-01	7.441084397387806582e-02	3.075745881172839077e-02	8.000242819871601629e-02
1.214280323627476264e+03	2.459484121837341164e-01	1.570844012885260488e-01	2.538036440010781880e-01	1.575946466091201204e-01	7.453487958880335162e-02	3.084528672833317456e-02	8.018872960006477590e-02
1.219118093841131440e+03	2.452916634533180706e-01	1.566352261437757298e-01	2.542144933884972202e-01	1.578939134471375738e-01	7.465826120648670627e-02	3.093263786146489142e-02	8.037380449897960077e-02
1.223955864054786844e+03	2.446387156066995028e-01	1.561886354597060989e-01	2.546230697327549475e-01	1.581914102067000505e-01	7.478099060001665299e-02	3.101951494543417343e-02	8.055766344834837389e-02
1.228793634268442020e+03	2.439895468144712420e-01	1.557446143087790613e-01	2.550293852366807834e-01	1.584871464553176124e-01	7.490306964181761562e-02	3.110592068328955212e-02	8.074031685930385671e-02
1.233631404482097196e+03	2.433441353705823873e-01	1.553031478483297423e-01	2.554334520034719502e-01	1.587811317297868341e-01	7.502450029563348388e-02	3.119185774812006581e-02	8.092177500373526344e-02
1.238469174695752372e+03	2.427024596916732835e-01	1.548642213201655016e-01	2.558352820417368334e-01	1.590733755359409196e-01	7.514528460910253893e-02	3.127732878427295915e-02	8.110204801676769437e-02
1.243306944909407548e+03	2.420644983164143005e-01	1.544278200501622567e-01	2.562348872701106783e-01	1.593638873483920748e-01	7.526542470687960784e-02	3.136233640849261234e-02	8.128114589920813760e-02
1.248144715123063179e+03	2.414302299048483313e-01	1.539939294478579190e-01	2.566322795214781571e-01	1.596526766102678851e-01	7.538492278426410509e-02	3.144688321098632749e-02	8.145907851995691507e-02
1.252982485336718355e+03	2.407996332377365378e-01	1.535625350060436101e-01	2.570274705468343912e-01	1.599397527329429192e-01	7.550378110129629672e-02	3.153097175642213118e-02	8.163585561838375415e-02
1.257820255550373531e+03	2.401726872159077042e-01	1.531336223003529617e-01	2.574204720188135731e-01	1.602251250957676398e-01	7.562200197728667639e-02	3.161460458486343300e-02	8.181148680666762429e-02
1.262658025764028707e+03	2.395493708596109494e-01	1.527071769888496688e-01	2.578112955349122770e-01	1.605088030457959003e-01	7.573958778574599315e-02	3.169778421264501933e-02	8.198598157209972814e-02
1.267495795977684338e+03	2.389296633078715482e-01	1.522831848116137088e-01	2.581999526204326600e-01	1.607907958975118290e-01	7.585654094968613537e-02	3.178051313319447263e-02	8.215934927934924470e-02
1.272333566191339514e+03	2.383135438178502208e-01	1.518616315903262848e-01	2.585864547311670369e-01	1.610711129325577695e-01	7.597286393726401799e-02	3.186279381780288134e-02	8.233159917269138039e-02
1.277171336404994690e+03	2.377009917642053938e-01	1.514425032278539918e-01	2.589708132558473097e-01	1.613497633994638580e-01	7.608855925774310469e-02	3.194462871634839302e-02	8.250274037819749218e-02
1.282009106618650094e+03	2.370919866384587071e-01	1.510257857078322885e-01	2.593530395183762938e-01	1.616267565133805428e-01	7.620362945774865338e-02	3.202602025797587210e-02	8.267278190588719933e-02
1.286846876832305497e+03	2.364865080483635751e-01	1.506114650942483035e-01	2.597331447798605364e-01	1.619021014558142124e-01	7.631807711779503567e-02	3.210697085173568055e-02	8.284173265184223423e-02
1.291684647045960673e+03	2.358845357172767720e-01	1.501995275310235300e-01	2.601111402404603923e-01	1.621758073743673478e-01	7.643190484906488280e-02	3.218748288718450284e-02	8.300960140028222634e-02
1.296522417259616077e+03	2.352860494835329053e-01	1.497899592415961878e-01	2.604870370410729552e-01	1.624478833824832547e-01	7.654511529042119788e-02	3.226755873495071314e-02	8.317639682560240555e-02
1.301360187473271253e+03	2.346910292998221625e-01	1.493827465285038902e-01	2.608608462648617232e-01	1.627183385591963183e-01	7.665771110563540658e-02	3.234720074726680356e-02	8.334212749437334977e-02
1.306197957686926657e+03	2.340994552325706413e-01	1.489778757729661174e-01	2.612325789386458208e-01	1.629871819488878937e-01	7.676969498081515075e-02	3.242641125847105926e-02	8.350680186730306820e-02
1.311035727900581833e+03	2.335113074613237027e-01	1.485753334344672716e-01	2.616022460341608236e-01	1.632544225610486899e-01	7.688106962201717021e-02	3.250519258548061757e-02	8.367042830116148966e-02
1.315873498114237009e+03	2.329265662781323798e-01	1.481751060503400386e-01	2.619698584692025101e-01	1.635200693700474273e-01	7.699183775303168609e-02	3.258354702823776372e-02	8.383301505066793891e-02
1.320711268327892412e+03	2.323452120869424209e-01	1.477771802353492758e-01	2.623354271086628109e-01	1.637841313149067946e-01	7.710200211332533804e-02	3.266147687013143397e-02	8.399457027034165635e-02
1.325549038541547588e+03	2.317672254029863321e-01	1.473815426812766505e-01	2.626989627654678916e-01	1.640466172990862337e-01	7.721156545613140632e-02	3.273898437839532771e-02	8.415510201631588860e-02
1.330386808755202765e+03	2.311925868521780836e-01	1.469881801565059432e-01	2.630604762014268627e-01	1.643075361902723575e-01	7.732053054667621661e-02	3.281607180448443267e-02	8.431461824811589678e-02
1.335224578968857941e+03	2.306212771705107023e-01	1.465970795056092124e-01	2.634199781279986108e-01	1.645668968201767501e-01	7.742890016053186053e-02	3.289274138443122608e-02	8.447312683040138215e-02
1.340062349182513572e+03	2.300532772034568074e-01	1.462082276489339583e-01	2.637774792069846885e-01	1.648247079843416785e-01	7.753667708208590581e-02	3.296899533918298125e-02	8.463063553467370381e-02
1.344900119396168748e+03	2.294885679053715599e-01	1.458216115821911185e-01	2.641329900511540929e-01	1.650809784419534909e-01	7.764386410311967246e-02	3.304483587492136609e-02	8.478715204094842972e-02
1.349737889609823924e+03	2.289271303388986378e-01	1.454372183760442860e-01	2.644865212248067032e-01	1.653357169156638440e-01	7.775046402148709512e-02	3.312026518336548542e-02	8.494268393939367889e-02
1.354575659823479100e+03	2.283689456743790425e-01	1.450550351757000644e-01	2.648380832442805422e-01	1.655889320914191165e-01	7.785647963988676090e-02	3.319528544205947035e-02	8.509723873193468513e-02
1.359413430037134731e+03	2.278139951892623194e-01	1.446750492004995892e-01	2.651876865784084103e-01	1.658406326182977342e-01	7.796191376472055845e-02	3.326989881464558624e-02	8.525082383382545648e-02
1.364251200250789907e+03	2.272622602675207493e-01	1.442972477435112977e-01	2.655353416489284468e-01	1.660908271083552934e-01	7.806676920503251293e-02	3.334410745112376118e-02	8.540344657518748883e-02
1.369088970464445310e+03	2.267137223990662587e-01	1.439216181711250597e-01	2.658810588308531675e-01	1.663395241364779842e-01	7.817104877152200593e-02	3.341791348809844409e-02	8.555511420251661614e-02
1.373926740678100487e+03	2.261683631791699400e-01	1.435481479226476120e-01	2.662248484528002557e-01	1.665867322402437845e-01	7.827475527562620383e-02	3.349131904901352097e-02	8.570583388015821924e-02
1.378764510891755890e+03	2.256261643078843193e-01	1.431768245098994086e-01	2.665667207972901021e-01	1.668324599197915370e-01	7.837789152866647679e-02	3.356432624437614282e-02	8.585561269175151500e-02
1.383602281105411066e+03	2.250871075894682605e-01	1.428076355168129696e-01	2.669066861010123137e-01	1.670767156376981866e-01	7.848046034105440882e-02	3.363693717196999944e-02	8.600445764164332818e-02
1.388440051319066470e+03	2.245511749318146733e-01	1.424405685990327852e-01	2.672447545550645787e-01	1.673195078188634277e-01	7.858246452155304151e-02	3.370915391705883724e-02	8.615237565627209548e-02
1.393277821532721646e+03	2.240183483458809410e-01	1.420756114835164119e-01	2.675809363051672163e-01	1.675608448504022352e-01	7.868390687658943783e-02	3.378097855258073434e-02	8.629937358552251803e-02
1.398115591746377049e+03	2.234886099451217356e-01	1.417127519681374848e-01	2.679152414518550240e-01	1.678007350815451659e-01	7.878479020961504098e-02	3.385241313933368829e-02	8.644545820405136194e-02
1.402953361960032225e+03	2.229619419449248852e-01	1.413519779212901450e-01	2.682476800506500281e-01	1.680391868235459052e-01	7.888511732051016467e-02	3.392345972615309901e-02	8.659063621258529519e-02
1.407791132173687402e+03	2.224383266620495736e-01	1.409932772814950774e-01	2.685782621122160818e-01	1.682762083495965288e-01	7.898489100502982529e-02	3.399412035008158445e-02	8.673491423919083010e-02
1.412628902387342805e+03	2.219177465140674543e-01	1.406366380570072128e-01	2.689069976024984210e-01	1.685118078947497322e-01	7.908411405428779350e-02	3.406439703653153100e-02	8.687829884051735674e-02
1.417466672600997981e+03	2.214001840188063452e-01	1.402820483254250128e-01	2.692338964428487857e-01	1.687459936558486084e-01	7.918278925427629789e-02	3.413429179944095504e-02	8.702079650301353109e-02
1.422304442814653157e+03	2.208856217937964217e-01	1.399294962333014203e-01	2.695589685101391075e-01	1.689787737914631716e-01	7.928091938541881323e-02	3.420380664142291804e-02	8.716241364411768389e-02
1.427142213028308333e+03	2.203740425557192961e-01	1.395789699957567243e-01	2.698822236368640382e-01	1.692101564218340404e-01	7.937850722215371302e-02	3.427294355390893277e-02	8.730315661342283318e-02
1.431979983241963964e+03	2.198654291198596233e-01	1.392304578960927297e-01	2.702036716112343750e-01	1.694401496288228393e-01	7.947555553254662120e-02	3.434170451728668638e-02	8.744303169381667518e-02
1.436817753455619140e+03	2.193597643995592039e-01	1.388839482854090368e-01	2.705233221772629926e-01	1.696687614558693435e-01	7.957206707792943701e-02	3.441009150103239989e-02	8.758204510259717801e-02
1.441655523669274316e+03	2.188570314056740851e-01	1.385394295822207356e-01	2.708411850348430572e-01	1.698959999079549255e-01	7.966804461256432601e-02	3.447810646383817068e-02	8.772020299256431952e-02
1.446493293882929493e+03	2.183572132460338266e-01	1.381968902720781822e-01	2.711572698398210801e-01	1.701218729515727168e-01	7.976349088333083148e-02	3.454575135373449263e-02	8.785751145308848264e-02
1.451331064096585123e+03	2.178602931249038477e-01	1.378563189071880524e-01	2.714715862040650851e-01	1.703463885147038226e-01	7.985840862943464902e-02	3.461302810820827969e-02	8.799397651115584140e-02
1.456168834310240300e+03	2.173662543424500215e-01	1.375177041060367533e-01	2.717841436955282242e-01	1.705695544867997238e-01	7.995280058213656560e-02	3.467993865431664990e-02	8.812960413239157020e-02
1.461006604523895703e+03	2.168750802942060740e-01	1.371810345530151132e-01	2.720949518383098953e-01	1.707913787187706478e-01	8.004666946450010589e-02	3.474648490879660850e-02	8.826440022206091807e-02
1.465844374737550879e+03	2.163867544705436463e-01	1.368462989980450684e-01	2.724040201127138627e-01	1.710118690229798233e-01	8.014001799115685887e-02	3.481266877817099786e-02	8.839837062604911921e-02
1.470682144951206283e+03	2.159012604561446613e-01	1.365134862562081275e-01	2.727113579553042677e-01	1.712310331732432578e-01	8.023284886808811078e-02	3.487849215885074211e-02	8.853152113182018168e-02
1.475519915164861459e+03	2.154185819294766879e-01	1.361825852073755838e-01	2.730169747589609730e-01	1.714488789048352890e-01	8.032516479242175766e-02	3.494395693723373331e-02	8.866385746935537271e-02
1.480357685378516862e+03	2.149387026622706087e-01	1.358535847958405318e-01	2.733208798729333533e-01	1.716654139144993818e-01	8.041696845224358126e-02	3.500906498980043552e-02	8.879538531207152585e-02
1.485195455592172038e+03	2.144616065190009524e-01	1.355264740299517157e-01	2.736230826028943075e-01	1.718806458604643650e-01	8.050826252642177827e-02	3.507381818320636641e-02	8.892611027771986365e-02
1.490033225805827215e+03	2.139872774563689184e-01	1.352012419817491540e-01	2.739235922109939936e-01	1.720945823624656645e-01	8.059904968444409068e-02	3.513821837437177548e-02	8.905603792926573836e-02
1.494870996019482618e+03	2.135156995227878163e-01	1.348778777866015965e-01	2.742224179159137853e-01	1.723072310017715880e-01	8.068933258626659333e-02	3.520226741056838027e-02	8.918517377574962379e-02
1.499708766233137567e+03	2.130468568578711974e-01	1.345563706428457018e-01	2.745195688929212841e-01	1.725185993212143831e-01	8.077911388217336175e-02	3.526596712950360452e-02	8.931352327312983008e-02
1.504546536446793198e+03	2.125807336919234014e-01	1.342367098114271295e-01	2.748150542739263846e-01	1.727286948252263477e-01	8.086839621264645117e-02	3.532931935940221424e-02	8.944109182510744105e-02
1.509384306660448374e+03	2.121173143454328502e-01	1.339188846155434376e-01	2.751088831475382301e-01	1.729375249798800473e-01	8.095718220824542344e-02	3.539232591908562930e-02	8.956788478393368225e-02
1.514222076874103550e+03	2.116565832285678128e-01	1.336028844402886717e-01	2.754010645591240536e-01	1.731450972129335297e-01	8.104547448949596389e-02	3.545498861804891738e-02	8.969390745120039976e-02
1.519059847087758726e+03	2.111985248406746951e-01	1.332886987322998429e-01	2.756916075108692965e-01	1.733514189138793682e-01	8.113327566678676939e-02	3.551730925653565074e-02	8.981916507861374688e-02
1.523897617301414357e+03	2.107431237697788839e-01	1.329763169994052641e-01	2.759805209618400590e-01	1.735564974339983690e-01	8.122058834027448548e-02	3.557928962561071606e-02	8.994366286875166150e-02
1.528735387515069533e+03	2.102903646920881164e-01	1.326657288102745524e-01	2.762678138280471041e-01	1.737603400864170533e-01	8.130741509979606818e-02	3.564093150723111891e-02	9.006740597580541186e-02
1.533573157728724709e+03	2.098402323714984585e-01	1.323569237940706300e-01	2.765534949825122490e-01	1.739629541461692741e-01	8.139375852478805684e-02	3.570223667431497716e-02	9.019039950630568236e-02
1.538410927942380113e+03	2.093927116591026982e-01	1.320498916401033618e-01	2.768375732553370883e-01	1.741643468502616643e-01	8.147962118421238353e-02	3.576320689080867560e-02	9.031264851983343556e-02
1.543248698156035516e+03	2.089477874927013479e-01	1.317446220974849980e-01	2.771200574337734368e-01	1.743645253977427478e-01	8.156500563648851065e-02	3.582384391175235522e-02	9.043415802971591089e-02
1.548086468369690692e+03	2.085054448963160612e-01	1.314411049747874760e-01	2.774009562622969938e-01	1.745634969497756872e-01	8.164991442943117517e-02	3.588414948334374410e-02	9.055493300370820453e-02
1.552924238583346096e+03	2.080656689797055481e-01	1.311393301397016375e-01	2.776802784426827264e-01	1.747612686297145279e-01	8.173435010019369784e-02	3.594412534300051032e-02	9.067497836466069383e-02
1.557762008797001272e+03	2.076284449378842101e-01	1.308392875186978610e-01	2.779580326340831964e-01	1.749578475231839680e-01	8.181831517521639952e-02	3.600377321942102582e-02	9.079429899117269498e-02
1.562599779010656675e+03	2.071937580506429122e-01	1.305409670966888591e-01	2.782342274531092174e-01	1.751532406781621254e-01	8.190181217017986071e-02	3.606309483264379112e-02	9.091289971823250660e-02
1.567437549224311852e+03	2.067615936820725031e-01	1.302443589166941695e-01	2.785088714739131777e-01	1.753474551050668018e-01	8.198484358996278865e-02	3.612209189410546528e-02	9.103078533784439430e-02
1.572275319437967255e+03	2.063319372800897500e-01	1.299494530795061997e-01	2.787819732282745822e-01	1.755404977768444674e-01	8.206741192860406153e-02	3.618076610669765381e-02	9.114796059964264119e-02
1.577113089651622431e+03	2.059047743759656601e-01	1.296562397433583813e-01	2.790535412056884268e-01	1.757323756290624928e-01	8.214951966926906102e-02	3.623911916482235734e-02	9.126443021149298340e-02
1.581950859865277607e+03	2.054800905838562453e-01	1.293647091235948510e-01	2.793235838534561810e-01	1.759230955600042112e-01	8.223116928421958516e-02	3.629715275444636569e-02	9.138019884008197202e-02
1.586788630078933011e+03	2.050578716003359503e-01	1.290748514923419077e-01	2.795921095767790465e-01	1.761126644307665357e-01	8.231236323478755001e-02	3.635486855315437499e-02	9.149527111149403924e-02
1.591626400292587959e+03	2.046381032039332748e-01	1.287866571781815239e-01	2.798591267388538806e-01	1.763010890653604890e-01	8.239310397135209130e-02	3.641226823020111275e-02	9.160965161177705984e-02
1.596464170506243590e+03	2.042207712546689202e-01	1.285001165658261058e-01	2.801246436609714507e-01	1.764883762508141773e-01	8.247339393331987178e-02	3.646935344656239419e-02	9.172334488749644965e-02
1.601301940719898766e+03	2.038058616935964351e-01	1.282152200957954735e-01	2.803886686226175762e-01	1.766745327372782337e-01	8.255323554910842798e-02	3.652612585498515863e-02	9.183635544627803682e-02
1.606139710933553943e+03	2.033933605423451640e-01	1.279319582640953135e-01	2.806512098615759898e-01	1.768595652381337591e-01	8.263263123613254213e-02	3.658258710003656905e-02	9.194868775734002520e-02
1.610977481147209119e+03	2.029832539026656946e-01	1.276503216218974057e-01	2.809122755740340316e-01	1.770434804301025122e-01	8.271158340079318161e-02	3.663873881815215422e-02	9.206034625201434118e-02
1.615815251360864750e+03	2.025755279559776911e-01	1.273703007752217398e-01	2.811718739146908397e-01	1.772262849533591811e-01	8.279009443846921390e-02	3.669458263768311801e-02	9.217133532425751674e-02
1.620653021574519926e+03	2.021701689629199772e-01	1.270918863846201285e-01	2.814300129968673181e-01	1.774079854116461519e-01	8.286816673351143914e-02	3.675012017894276756e-02	9.228165933115146935e-02
1.625490791788175102e+03	2.017671632629033096e-01	1.268150691648617101e-01	2.816867008926188798e-01	1.775885883723898884e-01	8.294580265923909290e-02	3.680535305425212955e-02	9.239132259339433162e-02
1.630328562001830505e+03	2.013664972736652070e-01	1.265398398846200867e-01	2.819419456328496332e-01	1.777681003668195869e-01	8.302300457793848620e-02	3.686028286798478243e-02	9.250032939578151092e-02
1.635166332215485909e+03	2.009681574908273316e-01	1.262661893661622958e-01	2.821957552074298992e-01	1.779465278900877190e-01	8.309977484086381039e-02	3.691491121661095304e-02	9.260868398767732601e-02
1.640004102429141085e+03	2.005721304874551747e-01	1.259941084850391135e-01	2.824481375653145609e-01	1.781238774013922110e-01	8.317611578823985719e-02	3.696923968874086391e-02	9.271639058347749818e-02
1.644841872642796488e+03	2.001784029136201293e-01	1.257235881697777446e-01	2.826991006146643004e-01	1.783001553241005399e-01	8.325202974926675104e-02	3.702326986516742829e-02	9.282345336306242756e-02
1.649679642856451665e+03	1.997869614959639217e-01	1.254546194015753180e-01	2.829486522229683887e-01	1.784753680458753822e-01	8.332751904212641614e-02	3.707700331890820267e-02	9.292987647224171255e-02
1.654517413070107068e+03	1.993977930372651530e-01	1.251871932139948795e-01	2.831968002171695864e-01	1.786495219188020400e-01	8.340258597399077822e-02	3.713044161524679115e-02	9.303566402319007889e-02
1.659355183283762244e+03	1.990108844160085322e-01	1.249213006926625236e-01	2.834435523837909310e-01	1.788226232595172549e-01	8.347723284103161778e-02	3.718358631177354906e-02	9.314082009487485714e-02
1.664192953497417420e+03	1.986262225859561359e-01	1.246569329749664806e-01	2.836889164690641896e-01	1.789946783493394644e-01	8.355146192843196373e-02	3.723643895842575213e-02	9.324534873347527231e-02
1.669030723711072824e+03	1.982437945757210829e-01	1.243940812497576626e-01	2.839329001790600882e-01	1.791656934344006691e-01	8.362527551039898588e-02	3.728900109752715519e-02	9.334925395279358717e-02
1.673868493924728000e+03	1.978635874883435120e-01	1.241327367570520673e-01	2.841755111798204281e-01	1.793356747257794925e-01	8.369867585017827516e-02	3.734127426382700260e-02	9.345253973465851571e-02
1.678706264138383403e+03	1.974855885008687806e-01	1.238728907877346408e-01	2.844167570974915904e-01	1.795046283996353798e-01	8.377166520006945616e-02	3.739325998453852523e-02	9.355521002932096208e-02
1.683544034352038352e+03	1.971097848639280781e-01	1.236145346832649705e-01	2.846566455184597055e-01	1.796725605973444051e-01	8.384424580144314576e-02	3.744495977937691705e-02	9.365726875584214073e-02
1.688381804565693983e+03	1.967361639013210928e-01	1.233576598353844506e-01	2.848951839894874882e-01	1.798394774256358575e-01	8.391641988475904979e-02	3.749637516059681902e-02	9.375871980247453552e-02
1.693219574779349159e+03	1.963647130096011495e-01	1.231022576858251255e-01	2.851323800178525159e-01	1.800053849567302411e-01	8.398818966958529475e-02	3.754750763302934502e-02	9.385956702703560084e-02
1.698057344993004335e+03	1.959954196576624841e-01	1.228483197260202275e-01	2.853682410714865614e-01	1.801702892284780810e-01	8.405955736461878658e-02	3.759835869411858739e-02	9.395981425727452374e-02
1.702895115206659511e+03	1.956282713863297940e-01	1.225958374968162956e-01	2.856027745791166472e-01	1.803341962444998114e-01	8.413052516770673506e-02	3.764892983395776854e-02	9.405946529123218602e-02
1.707732885420315142e+03	1.952632558079499814e-01	1.223448025881867796e-01	2.858359879304073758e-01	1.804971119743267460e-01	8.420109526586902482e-02	3.769922253532491385e-02	9.415852389759436780e-02
1.712570655633970318e+03	1.949003606059860894e-01	1.220952066389474205e-01	2.860678884761045926e-01	1.806590423535427148e-01	8.427126983532175208e-02	3.774923827371812896e-02	9.425699381603849791e-02
1.717408425847625494e+03	1.945395735346137078e-01	1.218470413364731303e-01	2.862984835281796037e-01	1.808199932839266999e-01	8.434105104150155241e-02	3.779897851739043996e-02	9.435487875757408993e-02
1.722246196061280898e+03	1.941808824183190729e-01	1.216002984164165079e-01	2.865277803599755591e-01	1.809799706335962211e-01	8.441044103909073337e-02	3.784844472738436300e-02	9.445218240487682215e-02
1.727083966274936301e+03	1.938242751514999418e-01	1.213549696624278001e-01	2.867557862063540575e-01	1.811389802371514424e-01	8.447944197204342032e-02	3.789763835756596033e-02	9.454890841261667789e-02
1.731921736488591478e+03	1.934697396980681605e-01	1.211110469058766792e-01	2.869825082638431946e-01	1.812970278958201675e-01	8.454805597361242375e-02	3.794656085465865358e-02	9.464506040778002116e-02
1.736759506702246881e+03	1.931172640910547578e-01	1.208685220255753395e-01	2.872079536907866659e-01	1.814541193776031680e-01	8.461628516637680064e-02	3.799521365827662756e-02	9.474064198998599640e-02
1.741597276915902057e+03	1.927668364322170369e-01	1.206273869475032734e-01	2.874321296074934251e-01	1.816102604174203994e-01	8.468413166227020672e-02	3.804359820095792877e-02	9.483565673179711331e-02
1.746435047129557461e+03	1.924184448916477497e-01	1.203876336445336148e-01	2.876550430963886740e-01	1.817654567172577451e-01	8.475159756260994270e-02	3.809171590819725173e-02	9.493010817902443332e-02
1.751272817343212637e+03	1.920720777073865737e-01	1.201492541361609406e-01	2.878767012021655747e-01	1.819197139463141211e-01	8.481868495812662501e-02	3.813956819847839214e-02	9.502399985102721880e-02
1.756110587556867813e+03	1.917277231850336716e-01	1.199122404882306953e-01	2.880971109319374057e-01	1.820730377411493572e-01	8.488539592899455033e-02	3.818715648330640866e-02	9.511733524100733639e-02
1.760948357770523216e+03	1.913853696973653040e-01	1.196765848126700726e-01	2.883162792553911058e-01	1.822254337058323015e-01	8.495173254486258763e-02	3.823448216723951409e-02	9.521011781629848403e-02
1.765786127984178393e+03	1.910450056839517186e-01	1.194422792672204803e-01	2.885342131049410397e-01	1.823769074120894784e-01	8.501769686488563904e-02	3.828154664792064038e-02	9.530235101865035252e-02
1.770623898197833569e+03	1.907066196507769262e-01	1.192093160551714742e-01	2.887509193758833748e-01	1.825274643994541646e-01	8.508329093775676699e-02	3.832835131610878160e-02	9.539403826450784663e-02
1.775461668411488745e+03	1.903702001698606705e-01	1.189776874250961930e-01	2.889664049265517898e-01	1.826771101754155191e-01	8.514851680173968207e-02	3.837489755571007327e-02	9.548518294528540729e-02
