8.224209363213981305e+01	4.617974005353652767e-01	4.766556229730836702e-01	2.886345569191182264e-02	8.926513620387266368e-03	1.462276617324263610e-02	4.310959549976120693e-03	4.823281455997055663e-03
8.707986384579510286e+01	4.851295480533645565e-01	4.499224318878018436e-01	3.028410149987947192e-02	1.003596122920303278e-02	1.512479226232014799e-02	2.867112185118644158e-03	6.636052882276213816e-03
9.191763405945040688e+01	5.030757633592998213e-01	4.284282571829984287e-01	3.177540416824066460e-02	1.118122636387381894e-02	1.564629414915483588e-02	2.972864357174530379e-03	6.920190419221899057e-03
9.675540427310566827e+01	5.167604175997017046e-01	4.110846676359339313e-01	3.332056860592459008e-02	1.234950921943996430e-02	1.618545567695999984e-02	3.094093266964971847e-03	7.205287995038941323e-03
1.015931744867609581e+02	5.270735248157600861e-01	3.970297496807977389e-01	3.490670691892139993e-02	1.353333976784380603e-02	1.673625638450242786e-02	3.219520121596159811e-03	7.500902310542580630e-03
1.064309447004162337e+02	5.347198466922875593e-01	3.855809587672524574e-01	3.652359014741925897e-02	1.472688541601544811e-02	1.729398021074626118e-02	3.348688556688772175e-03	7.806050209554570019e-03
1.112687149140715235e+02	5.402574498634715727e-01	3.761977891243571959e-01	3.816309378558545296e-02	1.592558947256970947e-02	1.785497340692509399e-02	3.481271879457828369e-03	8.119832467597495884e-03
1.161064851277267991e+02	5.441282363410299139e-01	3.684522127423615068e-01	3.981876167157588631e-02	1.712590306344773800e-02	1.841642044446116511e-02	3.616987465536125601e-03	8.441478271552095569e-03
1.209442553413820747e+02	5.466821199197909875e-01	3.620052705996746889e-01	4.148546057214742844e-02	1.832507307278642000e-02	1.897616646159381096e-02	3.755588136000280724e-03	8.770321237970913134e-03
1.257820255550373645e+02	5.481961709782049441e-01	3.565885357276916134e-01	4.315910656895746017e-02	1.952097431764107313e-02	1.953257678591397567e-02	3.896855708735931338e-03	9.105779912819640665e-03
1.306197957686926259e+02	5.488897768532282617e-01	3.519894341851979580e-01	4.483644830681756538e-02	2.071197674543762135e-02	2.008442581312247510e-02	4.040595857929490595e-03	9.447342238231300204e-03
1.354575659823479441e+02	5.489366470295977685e-01	3.480396210331417883e-01	4.651489527341754610e-02	2.189684036112424931e-02	2.063080912755640636e-02	4.186634007988847272e-03	9.794553167138049174e-03
1.402953361960032339e+02	5.484743198018192656e-01	3.446057755022627345e-01	4.819238174204509839e-02	2.307463210900036199e-02	2.117107402275505632e-02	4.334812048009646125e-03	1.014700477407261443e-02
1.451331064096584669e+02	5.476116904032570787e-01	3.415823118705216821e-01	4.986725895844652812e-02	2.424466013626661726e-02	2.170476458818626844e-02	4.484985697380197353e-03	1.050432834590649990e-02
1.499708766233137851e+02	5.464349723753179067e-01	3.388856073523168200e-01	5.153820969684503456e-02	2.540642181722454346e-02	2.223157832634257633e-02	4.637022388319940631e-03	1.086618804359806671e-02
1.548086468369690749e+02	5.450124182513936821e-01	3.364494312786209806e-01	5.320418053269930503e-02	2.655956267082538319e-02	2.275133189639891307e-02	4.790799559024176875e-03	1.123227581100257576e-02
1.596464170506243647e+02	5.433980577674650814e-01	3.342213255550948725e-01	5.486432814791621093e-02	2.770384390115779652e-02	2.326393408107086877e-02	4.946203273165756219e-03	1.160230727409455008e-02
1.644841872642796261e+02	5.416346580721245196e-01	3.321597384179985069e-01	5.651797675088041095e-02	2.883911676312252148e-02	2.376936446959969362e-02	5.103127098989611483e-03	1.197601842724991053e-02
1.693219574779349159e+02	5.397560678538386725e-01	3.302317547114139162e-01	5.816458430076267699e-02	2.996530232982519415e-02	2.426765666359557982e-02	5.261471195084146957e-03	1.235316294544499746e-02
1.741597276915902057e+02	5.377890736048803744e-01	3.284112985376605454e-01	5.980371570632329187e-02	3.108237553459971408e-02	2.475888506096063368e-02	5.421141560881489671e-03	1.273350999465909517e-02
1.789974979052454671e+02	5.357548695562898144e-01	3.266777099705258092e-01	6.143502155013155774e-02	3.219035259526761839e-02	2.524315446988112388e-02	5.582049418625740361e-03	1.311684243924360338e-02
1.838352681189008138e+02	5.336702216868579596e-01	3.250146179813155900e-01	6.305822119059924236e-02	3.328928111408215734e-02	2.572059196068967116e-02	5.744110700429268593e-03	1.350295536599145640e-02
1.886730383325560467e+02	5.315483894756283245e-01	3.234090479298926124e-01	6.467308933296393725e-02	3.437923229396645797e-02	2.619134048677600191e-02	5.907245619487649750e-03	1.389165486125041975e-02
1.935108085462113081e+02	5.293998558164918489e-01	3.218507148030324561e-01	6.627944534941414279e-02	3.546029482818381651e-02	2.665555390342049663e-02	6.071378308841639433e-03	1.428275699058095122e-02
1.983485787598666263e+02	5.272329050203201639e-01	3.203314635423734069e-01	6.787714477826194137e-02	3.653257011285025030e-02	2.711339309078250950e-02	6.236436514495253408e-03	1.467608694088185645e-02
2.031863489735219162e+02	5.250540805207806194e-01	3.188448258496913712e-01	6.946607255062782482e-02	3.759616850476361904e-02	2.756502294852895135e-02	6.402351332409341941e-03	1.507147829316379806e-02
2.080241191871772060e+02	5.228685473200150868e-01	3.173856692282622238e-01	7.104613758699146464e-02	3.865120640487716697e-02	2.801061007808928680e-02	6.569056981037655826e-03	1.546877240069268779e-02
2.128618894008324673e+02	5.206803789998220022e-01	3.159499190641674726e-01	7.261726848031319070e-02	3.969780399355464506e-02	2.845032100692525268e-02	6.736490602774431423e-03	1.586781785240862913e-02
2.176996596144877287e+02	5.184927849978595571e-01	3.145343385465021457e-01	7.417941004131319016e-02	4.073608348001556828e-02	2.888432083960950150e-02	6.904592089031665048e-03	1.626847000563397955e-02
2.225374298281430470e+02	5.163082905809993628e-01	3.131363543890884893e-01	7.573252052812483315e-02	4.176616775709820345e-02	2.931277224458070374e-02	7.073303924733794282e-03	1.667059057534026750e-02
2.273752000417983652e+02	5.141288793605759411e-01	3.117539188215227020e-01	7.727656941946775548e-02	4.278817937520618120e-02	2.973583470450240698e-02	7.242571048865734974e-03	1.707404726982481719e-02
2.322129702554535982e+02	5.119561061453866690e-01	3.103854003012196938e-01	7.881153561973225363e-02	4.380223976730750202e-02	3.015366397324163381e-02	7.412340728383043018e-03	1.747871346469484846e-02
2.370507404691088880e+02	5.097911863058149917e-01	3.090294969690790539e-01	8.033740600752875549e-02	4.480846867110727105e-02	3.056641169442861003e-02	7.582562443326827661e-03	1.788446790868025715e-02
2.418885106827641494e+02	5.076350665376472282e-01	3.076851681154098572e-01	8.185417425760110888e-02	4.580698370579884549e-02	3.097422514601440649e-02	7.753187781409955764e-03	1.829119445608448288e-02
2.467262808964194392e+02	5.054884808967380350e-01	3.063515799078553314e-01	8.336183988053137706e-02	4.679790006973032213e-02	3.137724708272777996e-02	7.924170340677693866e-03	1.869878182170532643e-02
2.515640511100747290e+02	5.033519951700118344e-01	3.050280624131494478e-01	8.486040743617213888e-02	4.778133033239324867e-02	3.177561565425599671e-02	8.095465639113542944e-03	1.910712335486965119e-02
2.564018213237300188e+02	5.012260420102958580e-01	3.037140755622683708e-01	8.634988588585776337e-02	4.875738429973680566e-02	3.216946438166207178e-02	8.267031030273805370e-03	1.951611682987121343e-02
2.612395915373852517e+02	4.991109487572670256e-01	3.024091821977148986e-01	8.783028805566678310e-02	4.972616893623928169e-02	3.255892217826014678e-02	8.438825624203904335e-03	1.992566425061394197e-02
2.660773617510405415e+02	4.970069594667280155e-01	3.011130267290362816e-01	8.930163018872769309e-02	5.068778833067332651e-02	3.294411340410480921e-02	8.610810213024429685e-03	2.033567166767152185e-02
2.709151319646958882e+02	4.949142523536205762e-01	2.998253182294250974e-01	9.076393156909252913e-02	5.164234369527424817e-02	3.332515794557151800e-02	8.782947200682754418e-03	2.074604900629939755e-02
2.757529021783511780e+02	4.928329536033144165e-01	2.985458170491573915e-01	9.221721420329298535e-02	5.258993339021394986e-02	3.370217131334030808e-02	8.955200536452063292e-03	2.115670990419507569e-02
2.805906723920064678e+02	4.907631483070477585e-01	2.972743242139763709e-01	9.366150254853967960e-02	5.353065296701794290e-02	3.407526475354603901e-02	9.127535651828711655e-03	2.156757155800978140e-02
2.854284426056617008e+02	4.887048891200830303e-01	2.960106730288495913e-01	9.509682327877978791e-02	5.446459522593434521e-02	3.444454536800482108e-02	9.299919400534100919e-03	2.197855457778070953e-02
2.902662128193169337e+02	4.866582031165636590e-01	2.947547224281480416e-01	9.652320508161682522e-02	5.539185028334790706e-02	3.481011624033213125e-02	9.472320001371816942e-03	2.238958284858603640e-02
2.951039830329722804e+02	4.846230972164141115e-01	2.935063517088100093e-01	9.794067848051227210e-02	5.631250564618858062e-02	3.517207656548278216e-02	9.644706983726693272e-03	2.280058339883206039e-02
2.999417532466276270e+02	4.825995624815035967e-01	2.922654563586913334e-01	9.934927567781411117e-02	5.722664629096080313e-02	3.553052178080721990e-02	9.817051135521585523e-03	2.321148627466797579e-02
3.047795234602828600e+02	4.805875775164382691e-01	2.910319447521990122e-01	1.007490304150482768e-01	5.813435474555311150e-02	3.588554369716309700e-02	9.989324453471285642e-03	2.362222442009369316e-02
3.096172936739380930e+02	4.785871111603591799e-01	2.898057355327351980e-01	1.021399778476166365e-01	5.903571117240924426e-02	3.623723062897134944e-02	1.016150009549231931e-02	2.403273356238285613e-02
3.144550638875934396e+02	4.765981246173345287e-01	2.885867555390376760e-01	1.035221544316073661e-01	5.993079345197323965e-02	3.658566752238134878e-02	1.033355233514331693e-02	2.444295210248933342e-02
3.192928341012487294e+02	4.746205731422162843e-01	2.873749381622450194e-01	1.048955978208695738e-01	6.081967726558262094e-02	3.693093608092598568e-02	1.050545651798366620e-02	2.485282101014366779e-02
3.241306043149040192e+02	4.726544073745075347e-01	2.861702220440683897e-01	1.062603467728586992e-01	6.170243617718873530e-02	3.727311488821732216e-02	1.067718901974920240e-02	2.526228372337695205e-02
3.289683745285592522e+02	4.706995743935259435e-01	2.849725500450999705e-01	1.076164410620417400e-01	6.257914171344473864e-02	3.761227952736582308e-02	1.084872720625268752e-02	2.567128605223594623e-02
3.338061447422145420e+02	4.687560185528933943e-01	2.837818684270604352e-01	1.089639213998759570e-01	6.344986344182780569e-02	3.794850269690987904e-02	1.102004939492468374e-02	2.607977608647472217e-02
3.386439149558698318e+02	4.668236821403063397e-01	2.825981262044800491e-01	1.103028293605535226e-01	6.431466904656099604e-02	3.828185432312252584e-02	1.119113481791694439e-02	2.648770410702658284e-02
3.434816851695251216e+02	4.649025058989738612e-01	2.814212746305718715e-01	1.116332073118479901e-01	6.517362440217677744e-02	3.861240166862473649e-02	1.136196358669611280e-02	2.689502250107558140e-02
3.483194553831804114e+02	4.629924294395387219e-01	2.802512667893882758e-01	1.129550983505125950e-01	6.602679364462425704e-02	3.894020943728238732e-02	1.153251665806042520e-02	2.730168568056028783e-02
3.531572255968357013e+02	4.610933915652969395e-01	2.790880572721594066e-01	1.142685462417717818e-01	6.687423923986793306e-02	3.926533987540056780e-02	1.170277580151641086e-02	2.770765000395399372e-02
3.579949958104909342e+02	4.592053305287834841e-01	2.779316019203123544e-01	1.155735953625211393e-01	6.771602204996142460e-02	3.958785286925665253e-02	1.187272356795637113e-02	2.811287370117571821e-02
3.628327660241463377e+02	4.573281842340304881e-01	2.767818576213102455e-01	1.168702906479097137e-01	6.855220139660643530e-02	3.990780603903431450e-02	1.204234325958081220e-02	2.851731680149519402e-02
3.676705362378016275e+02	4.554618903958256859e-01	2.756387821463354149e-01	1.181586775410267687e-01	6.938283512222777338e-02	4.022525482923564738e-02	1.221161890101301294e-02	2.892094106430293313e-02
3.725083064514568036e+02	4.536063866649403531e-01	2.745023340211245055e-01	1.194388019454534905e-01	7.020797964860997498e-02	4.054025259565968708e-02	1.238053521155568423e-02	2.932370991262359811e-02
3.773460766651120935e+02	4.517616107264295633e-01	2.733724724230705561e-01	1.207107101804716920e-01	7.102769003315291541e-02	4.085285068904311034e-02	1.254907757854221637e-02	2.972558836925729212e-02
3.821838468787673833e+02	4.499275003766278203e-01	2.722491570991415477e-01	1.219744489387472181e-01	7.184202002281066257e-02	4.116309853546366165e-02	1.271723203173721894e-02	3.012654299543925107e-02
3.870216170924226162e+02	4.481039935832923371e-01	2.711323483002969770e-01	1.232300652463269586e-01	7.265102210578409936e-02	4.147104371361007985e-02	1.288498521874334099e-02	3.052654183191368109e-02
3.918593873060780197e+02	4.462910285324193094e-01	2.700220067289825776e-01	1.244776064248057229e-01	7.345474756104075631e-02	4.177673202902335015e-02	1.305232438137318360e-02	3.092555434232262257e-02
3.966971575197332527e+02	4.444885436645238386e-01	2.689180934969955805e-01	1.257171200555340651e-01	7.425324650573754404e-02	4.208020758541437117e-02	1.321923733294709698e-02	3.132355135881511460e-02
4.015349277333884856e+02	4.426964777025929054e-01	2.678205700915745058e-01	1.269486539457496954e-01	7.504656794062258829e-02	4.238151285316236333e-02	1.338571243647932764e-02	3.172050502978630837e-02
4.063726979470438323e+02	4.409147696734606048e-01	2.667293983480147346e-01	1.281722560965260216e-01	7.583475979349270368e-02	4.268068873509683891e-02	1.355173858371660003e-02	3.211638876966025485e-02
4.112104681606991221e+02	4.391433589239899238e-01	2.656445404274636046e-01	1.293879746724399538e-01	7.661786896078170983e-02	4.297777462966400480e-02	1.371730517499484062e-02	3.251117721063369326e-02
4.160482383743544119e+02	4.373821851331571864e-01	2.645659587988289374e-01	1.305958579728682956e-01	7.739594134735425235e-02	4.327280849157604664e-02	1.388240209988109673e-02	3.290484615630196591e-02
4.208860085880095880e+02	4.356311883209058045e-01	2.634936162239556734e-01	1.317959544048289688e-01	7.816902190457752919e-02	4.356582689003941217e-02	1.404701971856922582e-02	3.329737253709124517e-02
4.257237788016648778e+02	4.338903088544563413e-01	2.624274757454019280e-01	1.329883124572888708e-01	7.893715466674186554e-02	4.385686506465494988e-02	1.421114884399909094e-02	3.368873436742479688e-02
4.305615490153201677e+02	4.321594874526154539e-01	2.613675006762838926e-01	1.341729806768652278e-01	7.970038278589884617e-02	4.414595697908033078e-02	1.437478072467042109e-02	3.407891070455375954e-02
4.353993192289755143e+02	4.304386651885132586e-01	2.603136545917684730e-01	1.353500076448513056e-01	8.045874856518350771e-02	4.443313537254195422e-02	1.453790702812352009e-02	3.446788160898596465e-02
4.402370894426308041e+02	4.287277834911090157e-01	2.592659013218813202e-01	1.365194419555027794e-01	8.121229349068505299e-02	4.471843180928071482e-02	1.470051982506031564e-02	3.485562810644896731e-02
4.450748596562860939e+02	4.270267841457331959e-01	2.582242049453655208e-01	1.376813321955225322e-01	8.196105826192781607e-02	4.500187672601276695e-02	1.486261157408017702e-02	3.524213215132623173e-02
4.499126298699413837e+02	4.253356092938793687e-01	2.571885297843817808e-01	1.388357269246869585e-01	8.270508282102249920e-02	4.528349947748398774e-02	1.502417510700608527e-02	3.562737659150769232e-02
4.547504000835967304e+02	4.236542014324121697e-01	2.561588403998829033e-01	1.399826746575587311e-01	8.344440638054502479e-02	4.556332838019334919e-02	1.518520361477766409e-02	3.601134513459858244e-02
4.595881702972519065e+02	4.219825034123249607e-01	2.551351015875320538e-01	1.411222238462342404e-01	8.417906745019800019e-02	4.584139075435807176e-02	1.534569063388857221e-02	3.639402231543248378e-02
4.644259405109071963e+02	4.203204584371512120e-01	2.541172783740587859e-01	1.422544228640763853e-01	8.490910386230811346e-02	4.611771296419042016e-02	1.550563003334666512e-02	3.677539346483683913e-02
4.692637107245624861e+02	4.186680100611119837e-01	2.531053360139700614e-01	1.433793199903855842e-01	8.563455279621003113e-02	4.639232045655338615e-02	1.566501600213619436e-02	3.715544467960128772e-02
4.741014809382177759e+02	4.170251021870647890e-01	2.520992399865501499e-01	1.444969633959647393e-01	8.635545080156567521e-02	4.666523779805990813e-02	1.582384303716214205e-02	3.753416279360115293e-02
4.789392511518730657e+02	4.153916790643047419e-01	2.510989559930967840e-01	1.456074011295356296e-01	8.707183382066560617e-02	4.693648871067781364e-02	1.598210593165762250e-02	3.791153535003036895e-02
4.837770213655284124e+02	4.137676852862580690e-01	2.501044499543515487e-01	1.467106811049657955e-01	8.778373720975728156e-02	4.720609610590006944e-02	1.613979976403606686e-02	3.828755057469991618e-02
4.886147915791837022e+02	4.121530657880995707e-01	2.491156880080904745e-01	1.478068510892676934e-01	8.849119575944297544e-02	4.747408211753784829e-02	1.629691988717052106e-02	3.866219735035968802e-02
4.934525617928388783e+02	4.105477658443194011e-01	2.481326365068493855e-01	1.488959586913333466e-01	8.919424371418861741e-02	4.774046813319136190e-02	1.645346191808331332e-02	3.903546519200336296e-02
4.982903320064942250e+02	4.089517310662570404e-01	2.471552620157615454e-01	1.499780513513689351e-01	8.989291479098257542e-02	4.800527482445147293e-02	1.660942172802978151e-02	3.940734422311748669e-02
5.031281022201495148e+02	4.073649073996187253e-01	2.461835313104907275e-01	1.510531763309962416e-01	9.058724219718228277e-02	4.826852217588284422e-02	1.676479543296059693e-02	3.977782515283748849e-02
5.079658724338048046e+02	4.057872411219893838e-01	2.452174113752461637e-01	1.521213807039887289e-01	9.127725864758451380e-02	4.853022951283744030e-02	1.691957938434773823e-02	4.014689925397497972e-02
5.128036426474600376e+02	4.042186788403481223e-01	2.442568694008683816e-01	1.531827113476117164e-01	9.196299638075386418e-02	4.879041552814522564e-02	1.707377016035979342e-02	4.051455834188191774e-02
5.176414128611153274e+02	4.026591674885943162e-01	2.433018727829762418e-01	1.542372149345374033e-01	9.264448717464235372e-02	4.904909830772705148e-02	1.722736455737286163e-02	4.088079475411882796e-02
5.224791830747705035e+02	4.011086543250894088e-01	2.423523891201689040e-01	1.552849379253072037e-01	9.332176236153147397e-02	4.930629535517293272e-02	1.738035958180385310e-02	4.124560133089535258e-02
5.273169532884259070e+02	3.995670869302180295e-01	2.414083862122757551e-01	1.563259265613144988e-01	9.399485284232735050e-02	4.956202361532709155e-02	1.753275244225352414e-02	4.160897139625290009e-02
5.321547235020811968e+02	3.980344132039719818e-01	2.404698320586504401e-01	1.573602268582826591e-01	9.466378910023717785e-02	4.981629949691971510e-02	1.768454054194707956e-02	4.197089873996018294e-02
5.369924937157364866e+02	3.965105813635586007e-01	2.395366948565041121e-01	1.583878846002136076e-01	9.532860121385501595e-02	5.006913889428352832e-02	1.783572147146069570e-02	4.233137760009368644e-02
5.418302639293917764e+02	3.949955399410353674e-01	2.386089429992751809e-01	1.594089453337847184e-01	9.598931886968309346e-02	5.032055720819187533e-02	1.798629300172273002e-02	4.269040264627633335e-02
5.466680341430470662e+02	3.934892377809713349e-01	2.376865450750322573e-01	1.604234543631709309e-01	9.664597137411386207e-02	5.057056936585363482e-02	1.813625307727890351e-02	4.304796896354841362e-02
5.515058043567023560e+02	3.919916240381365324e-01	2.367694698649085161e-01	1.614314567452716231e-01	9.729858766489689337e-02	5.081918984009861640e-02	1.828559980981107197e-02	4.340407203684613913e-02
5.563435745703576458e+02	3.905026481752190137e-01	2.358576863415650093e-01	1.624329972853219006e-01	9.794719632211368321e-02	5.106643266778600199e-02	1.843433147189972587e-02	4.375870773606409941e-02
5.611813447840129356e+02	3.890222599605700493e-01	2.349511636676814841e-01	1.634281205328691755e-01	9.859182557868238772e-02	5.131231146746698807e-02	1.858244649102067797e-02	4.411187230167871315e-02
5.660191149976681118e+02	3.875504094659774634e-01	2.340498711944730414e-01	1.644168707780963579e-01	9.923250333041358506e-02	5.155683945633142418e-02	1.872994344376679651e-02	4.446356233091088711e-02
5.708568852113234016e+02	3.860870470644661157e-01	2.331537784602316365e-01	1.653992920484746443e-01	9.986925714563706091e-02	5.180002946646732748e-02	1.887682105028603424e-02	4.481377476440676771e-02
5.756946554249786914e+02	3.846321234281264156e-01	2.322628551888907544e-01	1.663754281057288897e-01	1.005021142744191021e-01	5.204189396046069588e-02	1.902307816892727377e-02	4.516250687341653858e-02
5.805324256386339812e+02	3.831855895259693168e-01	2.313770712886128178e-01	1.673453224430994091e-01	1.011311016573884364e-01	5.228244504636211931e-02	1.916871379108601656e-02	4.550975624745165482e-02
5.853701958522892710e+02	3.817473966218080661e-01	2.304963968503982163e-01	1.683090182828852754e-01	1.017562459341885134e-01	5.252169449204560636e-02	1.931372703624197745e-02	4.585552078240223012e-02
5.902079660659445608e+02	3.803174962721657115e-01	2.296208021467147919e-01	1.692665585742546830e-01	1.023775734515730007e-01	5.275965373898400257e-02	1.945811714718130234e-02	4.619979866909644517e-02
5.950457362795999643e+02	3.788958403242085882e-01	2.287502576301475854e-01	1.702179859913081073e-01	1.029951102711603589e-01	5.299633391546433592e-02	1.960188348539616127e-02	4.654258838228488709e-02
5.998835064932552541e+02	3.774823809137041741e-01	2.278847339320676513e-01	1.711633429313812182e-01	1.036088821768630791e-01	5.323174584926566866e-02	1.974502552665480942e-02	4.688388867003347171e-02
6.047212767069104302e+02	3.760770704630037597e-01	2.270242018613197743e-01	1.721026715135750285e-01	1.042189146820060169e-01	5.346590007982098686e-02	1.988754285673562106e-02	4.722369854350894763e-02
6.095590469205657200e+02	3.746798616790488756e-01	2.261686324029280049e-01	1.730360135775010078e-01	1.048252330361479218e-01	5.369880686988372231e-02	2.002943516731864326e-02	4.756201726714200106e-02
6.143968171342210098e+02	3.732907075514010353e-01	2.253179967168186804e-01	1.739634106822300630e-01	1.054278622316196928e-01	5.393047621671896025e-02	2.017070225202867439e-02	4.789884434915311906e-02
6.192345873478761860e+02	3.719095613502944042e-01	2.244722661365604610e-01	1.748849041054337250e-01	1.060268270097918797e-01	5.416091786283829673e-02	2.031134400262395515e-02	4.823417953242745831e-02
6.240723575615315895e+02	3.705363766247107282e-01	2.236314121681209632e-01	1.758005348427080228e-01	1.066221518670838198e-01	5.439014130629667848e-02	2.045136040532489000e-02	4.856802278572512621e-02
6.289101277751868793e+02	3.691711072004758010e-01	2.227954064886390473e-01	1.767103436070690814e-01	1.072138610607260983e-01	5.461815581056885666e-02	2.059075153727741442e-02	4.890037429521398860e-02
6.337478979888421691e+02	3.678137071783774692e-01	2.219642209452128701e-01	1.776143708286118950e-01	1.078019786142874331e-01	5.484497041402227463e-02	2.072951756314581062e-02	4.923123445631259754e-02
6.385856682024975726e+02	3.664641309323043439e-01	2.211378275537029814e-01	1.785126566543225046e-01	1.083865283229765719e-01	5.507059393900263361e-02	2.086765873183000358e-02	4.956060386583133887e-02
6.434234384161527487e+02	3.651223331074048284e-01	2.203161984975501031e-01	1.794052409480353105e-01	1.089675337587296122e-01	5.529503500054769316e-02	2.100517537330257034e-02	4.988848331440031564e-02
6.482612086298080385e+02	3.637882686182659642e-01	2.194993061266070911e-01	1.802921632905272187e-01	1.095450182750920820e-01	5.551830201474423215e-02	2.114206789556085514e-02	5.021487377917307343e-02
6.530989788434633283e+02	3.624618926471115388e-01	2.186871229559851360e-01	1.811734629797406293e-01	1.101190050119054825e-01	5.574040320674248511e-02	2.127833678168983625e-02	5.053977641679545385e-02
6.579367490571185044e+02	3.611431606420195117e-01	2.178796216649131756e-01	1.820491790311280778e-01	1.106895168998069390e-01	5.596134661844187619e-02	2.141398258703141808e-02	5.086319255662962585e-02
6.627745192707737942e+02	3.598320283151574817e-01	2.170767750956106856e-01	1.829193501781112841e-01	1.112565766645503829e-01	5.618114011586120699e-02	2.154900593645620380e-02	5.118512369422338615e-02
6.676122894844290840e+02	3.585284516410368050e-01	2.162785562521734317e-01	1.837840148726476996e-01	1.118202068311574676e-01	5.639979139620601017e-02	2.168340752173374131e-02	5.150557148501547222e-02
6.724500596980843738e+02	3.572323868547839232e-01	2.154849382994716844e-01	1.846432112858982788e-01	1.123804297279059894e-01	5.661730799464528840e-02	2.181718809899754058e-02	5.182453773826792287e-02
6.772878299117396637e+02	3.559437904504295092e-01	2.146958945620606185e-01	1.854969773089903406e-01	1.129372674901629875e-01	5.683369729080921945e-02	2.195034848630126809e-02	5.214202441121670167e-02
6.821256001253949535e+02	3.546626191792141558e-01	2.139113985231030635e-01	1.863453505538694432e-01	1.134907420640697273e-01	5.704896651501917965e-02	2.208288956126262109e-02	5.245803360343251343e-02
6.869633703390502433e+02	3.533888300479109956e-01	2.131314238233034120e-01	1.871883683542349130e-01	1.140408752100853379e-01	5.726312275426075765e-02	2.221481225879160318e-02	5.277256755138370892e-02
6.918011405527055331e+02	3.521223803171645850e-01	2.123559442598533520e-01	1.880260677665537838e-01	1.145876885063953216e-01	5.747617295791021541e-02	2.234611756889994666e-02	5.308562862319356201e-02
6.966389107663608229e+02	3.508632274998454426e-01	2.115849337853885626e-01	1.888584855711478716e-01	1.151312033521912359e-01	5.768812394322420795e-02	2.247680653458868777e-02	5.339721931358479279e-02
7.014766809800161127e+02	3.496113293594205751e-01	2.108183665069563451e-01	1.896856582733492946e-01	1.156714409708273494e-01	5.789898240060235152e-02	2.260688024981087618e-02	5.370734223900400228e-02
7.063144511936714025e+02	3.483666439083389355e-01	2.100562166849939405e-01	1.905076221047200813e-01	1.162084224128598769e-01	5.810875489863186888e-02	2.273633985750663639e-02	5.401600013291951025e-02
7.111522214073266923e+02	3.471291294064320909e-01	2.092984587323172829e-01	1.913244130243309804e-01	1.167421685589740410e-01	5.831744788892292281e-02	2.286518654770783310e-02	5.432319584128578183e-02
7.159899916209819821e+02	3.458987443593296018e-01	2.085450672131196892e-01	1.921360667200960326e-01	1.172727001228041910e-01	5.852506771074327679e-02	2.299342155570974211e-02	5.462893231816845496e-02
7.208277618346371582e+02	3.446754475168886667e-01	2.077960168419809850e-01	1.929426186101584895e-01	1.178000376536517263e-01	5.873162059546023495e-02	2.312104616030719387e-02	5.493321262152373041e-02
7.256655320482924481e+02	3.434591978716380334e-01	2.070512824828859011e-01	1.937441038443245833e-01	1.183242015391055002e-01	5.893711267079770194e-02	2.324806168209279239e-02	5.523603990912650391e-02
7.305033022619478515e+02	3.422499546572358997e-01	2.063108391482523229e-01	1.945405573055414838e-01	1.188452120075690760e-01	5.914154996491582938e-02	2.337446948181490236e-02	5.553741743464155056e-02
7.353410724756030277e+02	3.410476773469409695e-01	2.055746619979688661e-01	1.953320136114160832e-01	1.193630891306992486e-01	5.934493841032038863e-02	2.350027095879311106e-02	5.583734854383252955e-02
7.401788426892584312e+02	3.398523256520972202e-01	2.048427263384413888e-01	1.961185071157715842e-01	1.198778528257595372e-01	5.954728384760879512e-02	2.362546754938912863e-02	5.613583667090356333e-02
7.450166129029136073e+02	3.386638595206320490e-01	2.041150076216487197e-01	1.969000719102386443e-01	1.203895228578928667e-01	5.974859202905934141e-02	2.375006072553095815e-02	5.643288533496860354e-02
7.498543831165690108e+02	3.374822391355668527e-01	2.033914814442071006e-01	1.976767418258783271e-01	1.208981188423167430e-01	5.994886862207001593e-02	2.387405199328844485e-02	5.672849813664369856e-02
7.546921533302243006e+02	3.363074249135403204e-01	2.026721235464432613e-01	1.984485504348340867e-01	1.214036602464447084e-01	6.014811921245298565e-02	2.399744289149823018e-02	5.702267875475765246e-02
7.595299235438793630e+02	3.351393775033443823e-01	2.019569098114757932e-01	1.992155310520101752e-01	1.219061663919372845e-01	6.034634930759060628e-02	2.412023499043634139e-02	5.731543094317678028e-02
7.643676937575347665e+02	3.339780577844722043e-01	2.012458162643050719e-01	1.999777167367740027e-01	1.224056564566855937e-01	6.054356433945851101e-02	2.424242989053663339e-02	5.760675852773941563e-02
7.692054639711900563e+02	3.328234268656784511e-01	2.005388190709111174e-01	2.007351402946802865e-01	1.229021494767307404e-01	6.073976966752128032e-02	2.436402922115337571e-02	5.789666540329620192e-02
7.740432341848452324e+02	3.316754460835512064e-01	1.998358945373595041e-01	2.014878342792145727e-01	1.233956643481217558e-01	6.093497058150577211e-02	2.448503463936639590e-02	5.818515553085229497e-02
7.788810043985006359e+02	3.305340770010953833e-01	1.991370191089151531e-01	2.022358309935540777e-01	1.238862198287150052e-01	6.112917230405704588e-02	2.460544782882721424e-02	5.847223293480766082e-02
7.837187746121558121e+02	3.293992814063277930e-01	1.984421693691637567e-01	2.029791624923440174e-01	1.243738345399176409e-01	6.132237999328182809e-02	2.472527049864463658e-02	5.875790170029190906e-02
7.885565448258112156e+02	3.282710213108834263e-01	1.977513220391407256e-01	2.037178605834873146e-01	1.248585269683775284e-01	6.151459874518386967e-02	2.484450438230838970e-02	5.904216597059031013e-02
7.933943150394665054e+02	3.271492589486330038e-01	1.970644539764675462e-01	2.044519568299461298e-01	1.253403154676221987e-01	6.170583359599576823e-02	2.496315123664943209e-02	5.932502994465746471e-02
7.982320852531219089e+02	3.260339567743110734e-01	1.963815421744956324e-01	2.051814825515534679e-01	1.258192182596489517e-01	6.189608952441137679e-02	2.508121284083554559e-02	5.960649787471558603e-02
8.030698554667769713e+02	3.249250774621548210e-01	1.957025637614571156e-01	2.059064688268331389e-01	1.262952534364684409e-01	6.208537145372287208e-02	2.519869099540099008e-02	5.988657406393429333e-02
8.079076256804323748e+02	3.238225839045540955e-01	1.950274959996227131e-01	2.066269464948268519e-01	1.267684389616037244e-01	6.227368425386639594e-02	2.531558752130894097e-02	6.016526286418898140e-02
8.127453958940876646e+02	3.227264392107111468e-01	1.943563162844667014e-01	2.073429461569267496e-01	1.272387926715467521e-01	6.246103274337998917e-02	2.543190425904557489e-02	6.044256867389480314e-02
8.175831661077428407e+02	3.216366067053111899e-01	1.936890021438384124e-01	2.080544981787121883e-01	1.277063322771743170e-01	6.264742169127739124e-02	2.554764306774458954e-02	6.071849593591373967e-02
8.224209363213982442e+02	3.205530499272024603e-01	1.930255312371406684e-01	2.087616326917894893e-01	1.281710753651250367e-01	6.283285581884114068e-02	2.566280582434114776e-02	6.099304913553189184e-02
8.272587065350534203e+02	3.194757326280871501e-01	1.923658813545148782e-01	2.094643795956334653e-01	1.286330393991393373e-01	6.301733980133829294e-02	2.577739442275410811e-02	6.126623279850472448e-02
8.320964767487085965e+02	3.184046187712211706e-01	1.917100304160322399e-01	2.101627685594295858e-01	1.290922417213638262e-01	6.320087826966196143e-02	2.589141077309560848e-02	6.153805148916760559e-02
8.369342469623640000e+02	3.173396725301245169e-01	1.910579564708917710e-01	2.108568290239157816e-01	1.295486995536219155e-01	6.338347581190169333e-02	2.600485680090695167e-02	6.180850980860945476e-02
8.417720171760191761e+02	3.162808582873006813e-01	1.904096376966243620e-01	2.115465902032227785e-01	1.300024299986517473e-01	6.356513697484553194e-02	2.611773444641991154e-02	6.207761239290716937e-02
8.466097873896745796e+02	3.152281406329655589e-01	1.897650523983031579e-01	2.122320810867121821e-01	1.304534500413133957e-01	6.374586626541670076e-02	2.623004566384251612e-02	6.234536391141867750e-02
8.514475576033297557e+02	3.141814843637859567e-01	1.891241790077599905e-01	2.129133304408113436e-01	1.309017765497662855e-01	6.392566815204756003e-02	2.634179242066848545e-02	6.261176906513264695e-02
8.562853278169851592e+02	3.131408544816269290e-01	1.884869960828078339e-01	2.135903668108440623e-01	1.313474262766179956e-01	6.410454706599336139e-02	2.645297669700945320e-02	6.287683258507262285e-02
8.611230980306403353e+02	3.121062161923085498e-01	1.878534823064691994e-01	2.142632185228567909e-01	1.317904158600463338e-01	6.428250740258831253e-02	2.656360048494914305e-02	6.314055923075392873e-02
8.659608682442956251e+02	3.110775349043715110e-01	1.872236164862103869e-01	2.149319136854389023e-01	1.322307618248950434e-01	6.445955352244644998e-02	2.667366578791881965e-02	6.340295378869123533e-02
8.707986384579510286e+02	3.100547762278511588e-01	1.865973775531815371e-01	2.155964801915370987e-01	1.326684805837448078e-01	6.463568975260937377e-02	2.678317462009314684e-02	6.366402107095522900e-02
8.756364086716062047e+02	3.090379059730612443e-01	1.859747445614622074e-01	2.162569457202628831e-01	1.331035884379604406e-01	6.481092038764323104e-02	2.689212900580586346e-02	6.392376591377653405e-02
8.804741788852616082e+02	3.080268901493853351e-01	1.853556966873127487e-01	2.169133377386923967e-01	1.335361015787152050e-01	6.498524969068708579e-02	2.700053097898447857e-02	6.418219317619523745e-02
8.853119490989170117e+02	3.070216949640772186e-01	1.847402132284310661e-01	2.175656835036586800e-01	1.339660360879932621e-01	6.515868189445440939e-02	2.710838258260341027e-02	6.443930773875450324e-02
8.901497193125721878e+02	3.060222868210697444e-01	1.841282736032149314e-01	2.182140100635350799e-01	1.343934079395713022e-01	6.533122120219003737e-02	2.721568586815483956e-02	6.469511450223672244e-02
8.949874895262273640e+02	3.050286323197917704e-01	1.835198573500297081e-01	2.188583442600097739e-01	1.348182329999800255e-01	6.550287178858409110e-02	2.732244289513675525e-02	6.494961838644058849e-02
8.998252597398827675e+02	3.040406982539937686e-01	1.829149441264812659e-01	2.194987127298508867e-01	1.352405270294462780e-01	6.567363780064498779e-02	2.742865573055754125e-02	6.520282432899800196e-02
9.046630299535379436e+02	3.030584516105811477e-01	1.823135137086941970e-01	2.201351419066618353e-01	1.356603056828170895e-01	6.584352335853292659e-02	2.753432644845657182e-02	6.545473728422904203e-02
9.095008001671932334e+02	3.020818595684555685e-01	1.817155459905952231e-01	2.207676580226264618e-01	1.360775845104656434e-01	6.601253255635572414e-02	2.763945712944021471e-02	6.570536222203401944e-02
9.143385703808486369e+02	3.011108894973646977e-01	1.811210209832018192e-01	2.213962871102433672e-01	1.364923789591804548e-01	6.618066946292852637e-02	2.774404986023276676e-02	6.595470412682118144e-02
9.191763405945038130e+02	3.001455089567595658e-01	1.805299188139156408e-01	2.220210550040496167e-01	1.369047043730383384e-01	6.634793812249890899e-02	2.784810673324183972e-02	6.620276799646887533e-02
9.240141108081592165e+02	2.991856856946595866e-01	1.799422197258212230e-01	2.226419873423330642e-01	1.373145759942615562e-01	6.651434255543879626e-02	2.795162984613755452e-02	6.644955884132103252e-02
9.288518810218145063e+02	2.982313876465252922e-01	1.793579040769894828e-01	2.232591095688333527e-01	1.377220089640600609e-01	6.667988675890458572e-02	2.805462130144531149e-02	6.669508168321480746e-02
9.336896512354697961e+02	2.972825829341390058e-01	1.787769523397859939e-01	2.238724469344310075e-01	1.381270183234592774e-01	6.684457470746697771e-02	2.815708320615144949e-02	6.693934155453928891e-02
9.385274214491247449e+02	2.963392398644926207e-01	1.781993451001842033e-01	2.244820244988248448e-01	1.385296190141139805e-01	6.700841035371155052e-02	2.825901767132150272e-02	6.718234349732432609e-02
9.433651916627801484e+02	2.954013269286832610e-01	1.776250630570835320e-01	2.250878671321968616e-01	1.389298258791090424e-01	6.717139762881148279e-02	2.836042681173061783e-02	6.742409256235826209e-02
9.482029618764355519e+02	2.944688128008159378e-01	1.770540870216319451e-01	2.256899995168650530e-01	1.393276536637469976e-01	6.733354044307367225e-02	2.846131274550563889e-02	6.766459380833385329e-02
9.530407320900908417e+02	2.935416663369138646e-01	1.764863979165532670e-01	2.262884461489236554e-01	1.397231170163234781e-01	6.749484268645909724e-02	2.856167759377857551e-02	6.790385230102122249e-02
9.578785023037459041e+02	2.926198565738356017e-01	1.759219767754791330e-01	2.268832313398706502e-01	1.401162304888909083e-01	6.765530822907891983e-02	2.866152348035104491e-02	6.814187311246702738e-02
9.627162725174014213e+02	2.917033527281996941e-01	1.753608047422854366e-01	2.274743792182224722e-01	1.405070085380103750e-01	6.781494092166695520e-02	2.876085253136924369e-02	6.837866132021912235e-02
9.675540427310568248e+02	2.907921241953164704e-01	1.748028630704334119e-01	2.280619137311159506e-01	1.408954655254928412e-01	6.797374459602996410e-02	2.885966687500924818e-02	6.861422200657552040e-02
9.723918129447120009e+02	2.898861405481263365e-01	1.742481331223150187e-01	2.286458586458968989e-01	1.412816157191295052e-01	6.813172306547621293e-02	2.895796864117219926e-02	6.884856025785725253e-02
9.772295831583674044e+02	2.889853715361457298e-01	1.736965963686027958e-01	2.292262375516960493e-01	1.416654732934119754e-01	6.828888012522379980e-02	2.905575996118904547e-02	6.908168116370407008e-02
9.820673533720223531e+02	2.880897870844194575e-01	1.731482343876041829e-01	2.298030738609913026e-01	1.420470523302425903e-01	6.844521955278914938e-02	2.915304296753461200e-02	6.931358981639232364e-02
9.869051235856777566e+02	2.871993572924799731e-01	1.726030288646198119e-01	2.303763908111571002e-01	1.424263668196350530e-01	6.860074510835675876e-02	2.924981979355062434e-02	6.954429131017436649e-02
9.917428937993331601e+02	2.863140524333134818e-01	1.720609615913065438e-01	2.309462114660004728e-01	1.428034306604060721e-01	6.875546053513108269e-02	2.934609257317740555e-02	6.977379074063867759e-02
9.965806640129884499e+02	2.854338429523329279e-01	1.715220144650445033e-01	2.315125587172833788e-01	1.431782576608578994e-01	6.890936955967111310e-02	2.944186344069397998e-02	7.000209320409009339e-02
1.001418434226643626e+03	2.845586994663569236e-01	1.709861694883081651e-01	2.320754552862321629e-01	1.435508615394522347e-01	6.906247589220865235e-02	2.953713453046633713e-02	7.022920379694946869e-02
1.006256204440298802e+03	2.836885927625962811e-01	1.704534087680419363e-01	2.326349237250333324e-01	1.439212559254759438e-01	6.921478322695076568e-02	2.963190797670353649e-02	7.045512761517219724e-02
1.011093974653954206e+03	2.828234937976460972e-01	1.699237145150394312e-01	2.331909864183161485e-01	1.442894543596985879e-01	6.936629524236730127e-02	2.972618591322144510e-02	7.067986975368498181e-02
1.015931744867609382e+03	2.819633736964850534e-01	1.693970690433272142e-01	2.337436655846215072e-01	1.446554702950221261e-01	6.951701560146410219e-02	2.981997047321387900e-02	7.090343530584009013e-02
1.020769515081264785e+03	2.811082037514805454e-01	1.688734547695523169e-01	2.342929832778577748e-01	1.450193170971231793e-01	6.966694795204241009e-02	2.991326378903083963e-02	7.112582936288695812e-02
1.025607285294920075e+03	2.802579554214004731e-01	1.683528542123737537e-01	2.348389613887430505e-01	1.453810080450876896e-01	6.981609592694527910e-02	3.000606799196373423e-02	7.134705701346009954e-02
1.030445055508575479e+03	2.794126003304311934e-01	1.678352499918581153e-01	2.353816216462342459e-01	1.457405563320388064e-01	6.996446314429138891e-02	3.009838521203724720e-02	7.156712334308311385e-02
1.035282825722230655e+03	2.785721102672018556e-01	1.673206248288790499e-01	2.359209856189426469e-01	1.460979750657575016e-01	7.011205320769701987e-02	3.019021757780772364e-02	7.178603343368832046e-02
1.040120595935886058e+03	2.777364571838148444e-01	1.668089615445205176e-01	2.364570747165364584e-01	1.464532772692966889e-01	7.025886970648652363e-02	3.028156721616787062e-02	7.200379236315125608e-02
1.044958366149541234e+03	2.769056131948821609e-01	1.663002430594840431e-01	2.369899101911298323e-01	1.468064758815887938e-01	7.040491621589201054e-02	3.037243625215750240e-02	7.222040520483986870e-02
