8.320964767487085965e+02	3.128569071101422461e-01	2.017731634140945696e-01	2.115019501224410514e-01	1.266205226858325705e-01	6.569555818201607000e-02	2.027233989144830439e-02	6.127955859367707064e-02
8.369342469623640000e+02	3.118065836997601092e-01	2.010720298890447955e-01	2.124595800552866454e-01	1.271389719868050994e-01	6.545452551194599899e-02	2.048054665108165612e-02	6.158776220572764054e-02
8.417720171760191761e+02	3.107628631982150558e-01	2.003744559504349876e-01	2.133659375502611477e-01	1.276507128589837170e-01	6.526745111387462217e-02	2.068577192818086066e-02	6.189280739970150907e-02
8.466097873896745796e+02	3.097256297419605509e-01	1.996804812225202175e-01	2.142274157749209651e-01	1.281562349088004316e-01	6.512723235528475318e-02	2.088807975604759296e-02	6.219492624011742354e-02
8.514475576033297557e+02	3.086947785532434541e-01	1.989901373098677817e-01	2.150495773368485131e-01	1.286559668873233919e-01	6.502768989239925135e-02	2.108753513293383508e-02	6.249431488703566934e-02
8.562853278169851592e+02	3.076702145160759572e-01	1.983034488562691600e-01	2.158372620691609289e-01	1.291502845696507196e-01	6.496344761193824369e-02	2.128420346237338417e-02	6.279113891418358628e-02
8.611230980306403353e+02	3.066518509371776169e-01	1.976204344658458734e-01	2.165946808250140965e-01	1.296395176106729663e-01	6.492982818545821322e-02	2.147815009242509676e-02	6.308553788305806820e-02
8.659608682442956251e+02	3.056396084678602576e-01	1.969411075042720449e-01	2.173254970982248513e-01	1.301239555102568779e-01	6.492276220610511406e-02	2.166943993918793790e-02	6.337762927374473998e-02
8.707986384579510286e+02	3.046334141659474137e-01	1.962654767957046353e-01	2.180328980510286008e-01	1.306038528036059243e-01	6.493870914158965391e-02	2.185813718197896632e-02	6.366751185979657723e-02
8.756364086716062047e+02	3.036332006795384730e-01	1.955935472289858923e-01	2.187196563245719094e-01	1.310794335775047614e-01	6.497458856684633355e-02	2.204430501932311617e-02	6.395526860288132387e-02
8.804741788852616082e+02	3.026389055367906811e-01	1.949253202849179911e-01	2.193881838290167585e-01	1.315508954000641217e-01	6.502772033963150067e-02	2.222800547642402730e-02	6.424096913280676058e-02
8.853119490989170117e+02	3.016504705279479670e-01	1.942607944948757104e-01	2.200405785546403203e-01	1.320184127401914376e-01	6.509577255613080426e-02	2.240929925610008616e-02	6.452467186976539038e-02
8.901497193125721878e+02	3.006678411676355078e-01	1.935999658396876655e-01	2.206786653100249185e-01	1.324821399431052038e-01	6.517671627486266994e-02	2.258824562630611099e-02	6.480642583802956325e-02
8.949874895262273640e+02	2.996909662269940378e-01	1.929428280965552744e-01	2.213040311757291934e-01	1.329422138195884562e-01	6.526878612871779561e-02	2.276490233834300644e-02	6.508627221372385863e-02
8.998252597398827675e+02	2.987197973265842132e-01	1.922893731407686047e-01	2.219180563594205235e-01	1.333987558991783229e-01	6.537044605942381181e-02	2.293932557070543082e-02	6.536424564357068423e-02
9.046630299535379436e+02	2.977542885821679586e-01	1.916395912080986474e-01	2.225219410493472771e-01	1.338518743909629383e-01	6.548035950829156349e-02	2.311156989424913849e-02	6.564037536653398452e-02
9.095008001671932334e+02	2.967943962965000071e-01	1.909934711229815674e-01	2.231167287855051751e-01	1.343016658899797711e-01	6.559736348372073589e-02	2.328168825499076638e-02	6.591468616597348507e-02
9.143385703808486369e+02	2.958400786911534186e-01	1.903510004969445613e-01	2.237033268004018360e-01	1.347482168622717580e-01	6.572044600130083625e-02	2.344973197139669369e-02	6.618719917618239024e-02
9.191763405945038130e+02	2.948912956731811197e-01	1.897121659011446471e-01	2.242825237226367674e-01	1.351916049373601270e-01	6.584872645790296186e-02	2.361575074348619060e-02	6.645793256393958681e-02
9.240141108081592165e+02	2.939480086320889196e-01	1.890769530163881607e-01	2.248550049854524946e-01	1.356319000331545899e-01	6.598143855819300907e-02	2.377979267147727060e-02	6.672690210289694557e-02
9.288518810218145063e+02	2.930101802631831509e-01	1.884453467635605062e-01	2.254213662379848104e-01	1.360691653350700747e-01	6.611791546161560618e-02	2.394190428205051485e-02	6.699412165618671977e-02
9.336896512354697961e+02	2.920777744138688403e-01	1.878173314170148156e-01	2.259821250182847963e-01	1.365034581482891807e-01	6.625757686106517608e-02	2.410213056060409725e-02	6.725960358052449073e-02
9.385274214491247449e+02	2.911507559499169062e-01	1.871928907031368550e-01	2.265377309135508388e-01	1.369348306396480086e-01	6.639991774201442487e-02	2.426051498812899221e-02	6.752335906325539205e-02
9.433651916627801484e+02	2.902290906391074565e-01	1.865720078860146347e-01	2.270885744037443588e-01	1.373633304834817048e-01	6.654449860354136326e-02	2.441709958155272031e-02	6.778539840220919321e-02
9.482029618764355519e+02	2.893127450499922149e-01	1.859546658418910481e-01	2.276349945592992252e-01	1.377890014239025462e-01	6.669093695111825981e-02	2.457192493658777455e-02	6.804573123686030733e-02
9.530407320900908417e+02	2.884016864638131450e-01	1.853408471238586486e-01	2.281772857414788858e-01	1.382118837643624976e-01	6.683889989575286794e-02	2.472503027228158817e-02	6.830436673810369452e-02
9.578785023037459041e+02	2.874958827978670306e-01	1.847305340180666611e-01	2.287157034346572748e-01	1.386320147939419378e-01	6.698809771558345005e-02	2.487645347660209436e-02	6.856131376293281288e-02
9.627162725174014213e+02	2.865953025388303099e-01	1.841237085925448436e-01	2.292504693230241197e-01	1.390494291585792352e-01	6.713827825474318056e-02	2.502623115250996247e-02	6.881658097941961705e-02
9.675540427310568248e+02	2.856999146847498672e-01	1.835203527396047918e-01	2.297817757096193292e-01	1.394641591843880923e-01	6.728922205059009731e-02	2.517439866406822463e-02	6.907017696663081407e-02
9.723918129447120009e+02	2.848096886945736261e-01	1.829204482126549902e-01	2.303097893629005299e-01	1.398762351592817976e-01	6.744073809456235802e-02	2.532099018222464665e-02	6.932211029345324016e-02
9.772295831583674044e+02	2.839245944442412295e-01	1.823239766581563615e-01	2.308346548649956032e-01	1.402856855783139178e-01	6.759266014424003544e-02	2.546603872997396309e-02	6.957238957973006788e-02
9.820673533720223531e+02	2.830446021884819863e-01	1.817309196433511687e-01	2.313564975261751533e-01	1.406925373574438032e-01	6.774484351491422141e-02	2.560957622666776290e-02	6.982102354261703059e-02
9.869051235856777566e+02	2.821696825275785692e-01	1.811412586803153035e-01	2.318754259217120361e-01	1.410968160198220744e-01	6.789716228828948652e-02	2.575163353129100371e-02	7.006802103064264930e-02
9.917428937993331601e+02	2.812998063784498681e-01	1.805549752468126878e-01	2.323915341000120094e-01	1.414985458581602684e-01	6.804950688405825288e-02	2.589224048456715763e-02	7.031339104759087855e-02
9.965806640129884499e+02	2.804349449494917823e-01	1.799720508043683442e-01	2.329049035045633875e-01	1.418977500762853006e-01	6.820178194714358877e-02	2.603142594979006991e-02	7.055714276800857665e-02
1.001418434226643626e+03	2.795750697186870082e-01	1.793924668139219303e-01	2.334156046467385504e-01	1.422944509125767532e-01	6.835390450954653696e-02	2.616921785231061601e-02	7.079928554586957523e-02
1.006256204440298802e+03	2.787201524145572762e-01	1.788162047493772333e-01	2.339236985616817976e-01	1.426886697476346111e-01	6.850580239107537106e-02	2.630564321763133317e-02	7.103982891769325403e-02
1.011093974653954206e+03	2.778701649995889422e-01	1.782432461093215459e-01	2.344292380753410510e-01	1.430804271982198672e-01	6.865741280788099921e-02	2.644072820808267277e-02	7.127878260121578435e-02
1.015931744867609382e+03	2.770250796558086370e-01	1.776735724271530925e-01	2.349322689070670045e-01	1.434697431992459360e-01	6.880868116176490357e-02	2.657449815807155780e-02	7.151615649053970347e-02
1.020769515081264785e+03	2.761848687722292528e-01	1.771071652798243135e-01	2.354328306290404127e-01	1.438566370753668888e-01	6.895955998674288545e-02	2.670697760790664496e-02	7.175196064854041933e-02
1.025607285294920075e+03	2.753495049339212408e-01	1.765440062953811118e-01	2.359309575010350712e-01	1.442411276035086842e-01	6.911000803240680002e-02	2.683819033621581696e-02	7.198620529718198491e-02
1.030445055508575479e+03	2.745189609124983332e-01	1.759840771594549380e-01	2.364266791966282699e-01	1.446232330675144839e-01	6.925998946628809938e-02	2.696815939098016687e-02	7.221890080628641517e-02
1.035282825722230655e+03	2.736932096578305051e-01	1.754273596208445196e-01	2.369200214348858302e-01	1.450029713059227676e-01	6.940947317974202613e-02	2.709690711921581424e-02	7.245005768120919842e-02
1.040120595935886058e+03	2.728722242908259710e-01	1.748738354963055852e-01	2.374110065297338201e-01	1.453803597537655368e-01	6.955843218388542415e-02	2.722445519534010677e-02	7.267968654979418963e-02
1.044958366149541234e+03	2.720559780971398833e-01	1.743234866746521117e-01	2.378996538676490524e-01	1.457554154791580459e-01	6.970684308387338490e-02	2.735082464826275872e-02	7.290779814891533428e-02
1.049796136363196410e+03	2.712444445216896649e-01	1.737762951202588557e-01	2.383859803229260999e-01	1.461281552153517183e-01	6.985468562132378378e-02	2.747603588724538068e-02	7.313440331085502288e-02
1.054633906576851814e+03	2.704375971638694476e-01	1.732322428760433020e-01	2.388700006185817126e-01	1.464985953888349179e-01	7.000194227602508923e-02	2.760010872657474301e-02	7.335951294972131720e-02
1.059471676790506763e+03	2.696354097733729693e-01	1.726913120659947509e-01	2.393517276399154958e-01	1.468667521439898371e-01	7.014859791921601584e-02	2.772306240909625311e-02	7.358313804806518310e-02
1.064309447004162394e+03	2.688378562465430499e-01	1.721534848973103882e-01	2.398311727068392629e-01	1.472326413647488952e-01	7.029463951172910952e-02	2.784491562865468520e-02	7.380528964382511437e-02
1.069147217217817570e+03	2.680449106231790335e-01	1.716187436621887108e-01	2.403083458102978909e-01	1.475962786936353688e-01	7.044005584116315444e-02	2.796568655148919461e-02	7.402597881769708288e-02
1.073984987431472746e+03	2.672565470837408030e-01	1.710870707393260526e-01	2.407832558174173299e-01	1.479576795485240681e-01	7.058483729300869813e-02	2.808539283662921104e-02	7.424521668100421412e-02
1.078822757645127922e+03	2.664727399468966862e-01	1.705584485951543994e-01	2.412559106494170935e-01	1.483168591374136591e-01	7.072897565131146258e-02	2.820405165533710484e-02	7.446301436411993657e-02
1.083660527858783553e+03	2.656934636673691230e-01	1.700328597848546064e-01	2.417263174358037503e-01	1.486738324714653725e-01	7.087246392503293579e-02	2.832167970964244094e-02	7.467938300548210284e-02
1.088498298072438729e+03	2.649186928340382940e-01	1.695102869531745493e-01	2.421944826479084101e-01	1.490286143765286175e-01	7.101529619676744121e-02	2.843829325001154262e-02	7.489433374122141107e-02
1.093336068286093905e+03	2.641484021682688477e-01	1.689907128350776055e-01	2.426604122144365439e-01	1.493812195033467904e-01	7.115746749090966217e-02	2.855390809219457079e-02	7.510787769541628356e-02
1.098173838499749309e+03	2.633825665224291401e-01	1.684741202562437534e-01	2.431241116213538611e-01	1.497316623366104771e-01	7.129897365874474091e-02	2.866853963329097851e-02	7.532002597097733898e-02
1.103011608713404712e+03	2.626211608785775087e-01	1.679604921334429957e-01	2.435855859981336524e-01	1.500799572030043771e-01	7.143981127826236344e-02	2.878220286707264958e-02	7.553078964115671201e-02
1.107849378927059888e+03	2.618641603472916524e-01	1.674498114747973720e-01	2.440448401921298249e-01	1.504261182783750705e-01	7.157997756678201318e-02	2.889491239860227795e-02	7.574017974167200629e-02
1.112687149140715292e+03	2.611115401666219138e-01	1.669420613799466879e-01	2.445018788326122905e-01	1.507701595941303152e-01	7.171947030472601570e-02	2.900668245818317087e-02	7.594820726342979555e-02
1.117524919354370468e+03	2.603632757011510868e-01	1.664372250401306153e-01	2.449567063858043015e-01	1.511120950429662713e-01	7.185828776909307380e-02	2.911752691467483709e-02	7.615488314583010454e-02
1.122362689568025871e+03	2.596193424411454287e-01	1.659352857381978796e-01	2.454093272020888561e-01	1.514519383840068900e-01	7.199642867537368873e-02	2.922745928820720540e-02	7.636021827063033118e-02
1.127200459781681047e+03	2.588797160017843879e-01	1.654362268485529697e-01	2.458597455564013878e-01	1.517897032474285202e-01	7.213389212681252383e-02	2.933649276232469516e-02	7.656422345634575355e-02
1.132038229995336451e+03	2.581443721224572219e-01	1.649400318370478069e-01	2.463079656826947517e-01	1.521254031386334027e-01	7.227067757006547244e-02	2.944464019558988219e-02	7.676690945316162751e-02
1.136876000208991627e+03	2.574132866661166252e-01	1.644466842608265367e-01	2.467539918032493063e-01	1.524590514420279819e-01	7.240678475642287060e-02	2.955191413267484538e-02	7.696828693833193680e-02
1.141713770422646803e+03	2.566864356186817631e-01	1.639561677681289631e-01	2.471978281535013033e-01	1.527906614244540218e-01	7.254221370787840295e-02	2.965832681496699888e-02	7.716836651203863584e-02
1.146551540636302207e+03	2.559637950884817714e-01	1.634684660980589843e-01	2.476394790029766424e-01	1.531202462383151608e-01	7.267696468741698113e-02	2.976389019071467093e-02	7.736715869368582243e-02
1.151389310849957155e+03	2.552453413057348408e-01	1.629835630803222191e-01	2.480789486728414983e-01	1.534478189244355695e-01	7.281103817297625291e-02	2.986861592473636848e-02	7.756467391860324967e-02
1.156227081063612786e+03	2.545310506220564983e-01	1.625014426349372654e-01	2.485162415505157152e-01	1.537733924146826858e-01	7.294443483460762157e-02	2.997251540771640396e-02	7.776092253513387786e-02
1.161064851277267962e+03	2.538208995099920928e-01	1.620220887719240888e-01	2.489513621017377110e-01	1.540969795343823945e-01	7.307715551442425794e-02	3.007559976510828029e-02	7.795591480208118040e-02
1.165902621490923138e+03	2.531148645625705962e-01	1.615454855909729259e-01	2.493843148804202603e-01	1.544185930045506305e-01	7.320920120897732308e-02	3.017787986566604005e-02	7.814966088649218101e-02
1.170740391704578315e+03	2.524129224928743365e-01	1.610716172810963687e-01	2.498151045365918921e-01	1.547382454439632793e-01	7.334057305374792890e-02	3.027936632962268879e-02	7.834217086175342126e-02
1.175578161918233945e+03	2.517150501336228863e-01	1.606004681202667650e-01	2.502437358226821118e-01	1.550559493710826076e-01	7.347127230948391485e-02	3.038006953653369160e-02	7.853345470597794531e-02
1.180415932131889122e+03	2.510212244367681089e-01	1.601320224750413801e-01	2.506702135983747692e-01	1.553717172058565466e-01	7.360130035014453287e-02	3.047999963280257837e-02	7.872352230066202716e-02
1.185253702345544298e+03	2.503314224730979753e-01	1.596662648001769824e-01	2.510945428342251651e-01	1.556855612714053982e-01	7.373065865224807947e-02	3.057916653890467226e-02	7.891238342959176755e-02
1.190091472559199701e+03	2.496456214318472089e-01	1.592031796382354092e-01	2.515167286142117598e-01	1.559974937956077889e-01	7.385934878544336835e-02	3.067757995632405810e-02	7.910004777798039510e-02
1.194929242772855105e+03	2.489637986203130926e-01	1.587427516191816379e-01	2.519367761373715875e-01	1.563075269125974998e-01	7.398737240414968164e-02	3.077524937421811241e-02	7.928652493181838345e-02
1.199767012986510281e+03	2.482859314634748571e-01	1.582849654599752520e-01	2.523546907186480226e-01	1.566156726641800556e-01	7.411473124012971092e-02	3.087218407582299762e-02	7.947182437741909244e-02
1.204604783200165684e+03	2.476119975036159271e-01	1.578298059641566609e-01	2.527704777890648624e-01	1.569219430011776772e-01	7.424142709587785993e-02	3.096839314461281509e-02	7.965595550114419610e-02
1.209442553413820860e+03	2.469419743999472228e-01	1.573772580214289618e-01	2.531841428953245376e-01	1.572263497847100067e-01	7.436746183872139371e-02	3.106388547022442825e-02	7.983892758929342359e-02
1.214280323627476264e+03	2.462758399282313215e-01	1.569273066072358336e-01	2.535956916989168253e-01	1.575289047874168513e-01	7.449283739554510286e-02	3.115866975415917950e-02	8.002074982814480486e-02
1.219118093841131440e+03	2.456135719804063977e-01	1.564799367823367371e-01	2.540051299748120606e-01	1.578296196946286367e-01	7.461755574806204494e-02	3.125275451527220055e-02	8.020143130413180665e-02
1.223955864054786844e+03	2.449551485642092463e-01	1.560351336923796739e-01	2.544124636098042402e-01	1.581285061054895080e-01	7.474161892856275025e-02	3.134614809505930494e-02	8.038098100414511893e-02
1.228793634268442020e+03	2.443005478027971966e-01	1.555928825674720017e-01	2.548176986005606937e-01	1.584255755340373550e-01	7.486502901608400873e-02	3.143885866275101387e-02	8.055940781594753131e-02
1.233631404482097196e+03	2.436497479343682493e-01	1.551531687217499456e-01	2.552208410514273385e-01	1.587208394102447573e-01	7.498778813294601497e-02	3.153089422022255922e-02	8.073672052869085292e-02
1.238469174695752372e+03	2.430027273117791042e-01	1.547159775529470815e-01	2.556218971720324862e-01	1.590143090810242077e-01	7.510989844161330975e-02	3.162226260672840183e-02	8.091292783352510565e-02
1.243306944909407548e+03	2.423594644021608013e-01	1.542812945419621828e-01	2.560208732747263349e-01	1.593059958112002517e-01	7.523136214184067416e-02	3.171297150346916865e-02	8.108803832429029024e-02
1.248144715123063179e+03	2.417199377865319743e-01	1.538491052524266767e-01	2.564177757718884010e-01	1.595959107844517055e-01	7.535218146806997586e-02	3.180302843799857199e-02	8.126206049828232914e-02
1.252982485336718355e+03	2.410841261594092177e-01	1.534193953302722124e-01	2.568126111731310335e-01	1.598840651042259253e-01	7.547235868704872674e-02	3.189244078847743025e-02	8.143500275708506764e-02
1.257820255550373531e+03	2.404520083284146514e-01	1.529921505032981188e-01	2.572053860824232707e-01	1.601704697946272349e-01	7.559189609564426204e-02	3.198121578778148622e-02	8.160687340746060336e-02
1.262658025764028707e+03	2.398235632138806250e-01	1.525673565807393051e-01	2.575961071951558545e-01	1.604551358012814566e-01	7.571079601883151655e-02	3.206936052746940657e-02	8.177768066229142152e-02
1.267495795977684338e+03	2.391987698484512592e-01	1.521449994528349670e-01	2.579847812951659991e-01	1.607380739921781820e-01	7.582906080783449743e-02	3.215688196161697876e-02	8.194743264156773010e-02
1.272333566191339514e+03	2.385776073766811278e-01	1.517250650903975151e-01	2.583714152517371798e-01	1.610192951584919763e-01	7.594669283840446705e-02	3.224378691052317419e-02	8.211613737341418029e-02
1.277171336404994690e+03	2.379600550546308035e-01	1.513075395443827798e-01	2.587560160165874867e-01	1.612988100153843751e-01	7.606369450922012554e-02	3.233008206429349024e-02	8.228380279515053186e-02
1.282009106618650094e+03	2.373460922494594616e-01	1.508924089454608541e-01	2.591385906208589218e-01	1.615766292027870643e-01	7.618006824039633140e-02	3.241577398630570567e-02	8.245043675438126773e-02
1.286846876832305497e+03	2.367356984390145413e-01	1.504796595035880757e-01	2.595191461721160775e-01	1.618527632861680998e-01	7.629581647209039696e-02	3.250086911656278887e-02	8.261604701010961949e-02
1.291684647045960673e+03	2.361288532114182714e-01	1.500692775075803953e-01	2.598976898513642442e-01	1.621272227572813918e-01	7.641094166319571668e-02	3.258537377493766346e-02	8.278064123387182671e-02
1.296522417259616077e+03	2.355255362646516970e-01	1.496612493246876063e-01	2.602742289100932749e-01	1.624000180349009781e-01	7.652544629011411026e-02	3.266929416431411937e-02	8.294422701088770278e-02
1.301360187473271253e+03	2.349257274061355150e-01	1.492555614001689346e-01	2.606487706673537574e-01	1.626711594655401438e-01	7.663933284559919235e-02	3.275263637362799823e-02	8.310681184122392651e-02
1.306197957686926657e+03	2.343294065523084391e-01	1.488522002568703484e-01	2.610213225068701015e-01	1.629406573241568013e-01	7.675260383766405181e-02	3.283540638081258733e-02	8.326840314096711770e-02
1.311035727900581833e+03	2.337365537282029282e-01	1.484511524948028405e-01	2.613918918741958697e-01	1.632085218148451311e-01	7.686526178854737046e-02	3.291761005565197601e-02	8.342900824340337973e-02
1.315873498114237009e+03	2.331471490670181390e-01	1.480524047907223750e-01	2.617604862739138505e-01	1.634747630715145117e-01	7.697730923373276302e-02	3.299925316254583019e-02	8.358863440020197766e-02
1.320711268327892412e+03	2.325611728096907971e-01	1.476559438977114169e-01	2.621271132668846482e-01	1.637393911585561246e-01	7.708874872101684206e-02	3.308034136318911689e-02	8.374728878260048748e-02
1.325549038541547588e+03	2.319786053044634033e-01	1.472617566447618764e-01	2.624917804675455657e-01	1.640024160714976531e-01	7.719958280962185837e-02	3.316088021916972772e-02	8.390497848258933467e-02
1.330386808755202765e+03	2.313994270064503311e-01	1.468698299363596083e-01	2.628544955412624451e-01	1.642638477376464623e-01	7.730981406934948896e-02	3.324087519448736677e-02	8.406171051409370987e-02
1.335224578968857941e+03	2.308236184772017030e-01	1.464801507520706592e-01	2.632152662017349098e-01	1.645236960167220930e-01	7.741944507977260859e-02	3.332033165799632574e-02	8.421749181415105756e-02
1.340062349182513572e+03	2.302511603842653520e-01	1.460927061461291532e-01	2.635741002084574514e-01	1.647819707014777924e-01	7.752847842946203327e-02	3.339925488577508844e-02	8.437232924408245849e-02
1.344900119396168748e+03	2.296820335007467573e-01	1.457074832470265924e-01	2.639310053642356935e-01	1.650386815183120803e-01	7.763691671524625137e-02	3.347765006342536681e-02	8.452622959065653196e-02
1.349737889609823924e+03	2.291162187048671195e-01	1.453244692571031838e-01	2.642859895127596115e-01	1.652938381278703239e-01	7.774476254150142207e-02	3.355552228830308015e-02	8.467919956724456743e-02
1.354575659823479100e+03	2.285536969795196882e-01	1.449436514521404984e-01	2.646390605362332060e-01	1.655474501256366526e-01	7.785201851946986495e-02	3.363287657168365086e-02	8.483124581496567784e-02
1.359413430037134731e+03	2.279944494118246734e-01	1.445650171809561846e-01	2.649902263530615198e-01	1.657995270425165479e-01	7.795868726660543091e-02	3.370971784086403134e-02	8.498237490382079540e-02
1.364251200250789907e+03	2.274384571926822418e-01	1.441885538650003185e-01	2.653394949155937210e-01	1.660500783454104679e-01	7.806477140594397790e-02	3.378605094120348123e-02	8.513259333381503757e-02
1.369088970464445310e+03	2.268857016163245699e-01	1.438142489979531147e-01	2.656868742079226409e-01	1.662991134377788116e-01	7.817027356549759165e-02	3.386188063810539189e-02	8.528190753606709751e-02
1.373926740678100487e+03	2.263361640798661478e-01	1.434420901453251074e-01	2.660323722437412663e-01	1.665466416601981414e-01	7.827519637767121896e-02	3.393721161894202448e-02	8.543032387390536719e-02
1.378764510891755890e+03	2.257898260828530568e-01	1.430720649440584413e-01	2.663759970642538000e-01	1.667926722909091053e-01	7.837954247870070057e-02	3.401204849492414639e-02	8.557784864394996083e-02
1.383602281105411066e+03	2.252466692268112747e-01	1.427041611021302725e-01	2.667177567361425083e-01	1.670372145463565605e-01	7.848331450811101007e-02	3.408639580291743243e-02	8.572448807718016650e-02
1.388440051319066470e+03	2.247066752147935664e-01	1.423383663981578062e-01	2.670576593495880835e-01	1.672802775817215371e-01	7.858651510819375519e-02	3.416025800720733085e-02	8.587024833998709028e-02
1.393277821532721646e+03	2.241698258509257080e-01	1.419746686810052227e-01	2.673957130163445717e-01	1.675218704914456791e-01	7.868914692350309492e-02	3.423363950121414284e-02	8.601513553521063227e-02
1.398115591746377049e+03	2.236361030399519612e-01	1.416130558693923791e-01	2.677319258678662051e-01	1.677620023097482760e-01	7.879121260036925367e-02	3.430654460915993909e-02	8.615915570316104444e-02
1.402953361960032225e+03	2.231054887867794378e-01	1.412535159515051764e-01	2.680663060534865805e-01	1.680006820111357435e-01	7.889271478642892466e-02	3.437897758768884010e-02	8.630231482262437637e-02
1.407791132173687402e+03	2.225779651960221317e-01	1.408960369846078420e-01	2.683988617386489639e-01	1.682379185109043052e-01	7.899365613017179932e-02	3.445094262744219371e-02	8.644461881185191987e-02
1.412628902387342805e+03	2.220535144715441167e-01	1.405406070946570996e-01	2.687296011031863885e-01	1.684737206656355124e-01	7.909403928050262600e-02	3.452244385459004444e-02	8.658607352953333336e-02
1.417466672600997981e+03	2.215321189160024962e-01	1.401872144759178651e-01	2.690585323396516571e-01	1.687080972736851592e-01	7.919386688631824267e-02	3.459348533232034506e-02	8.672668477575339041e-02
1.422304442814653157e+03	2.210137609303897410e-01	1.398358473905810528e-01	2.693856636516945846e-01	1.689410570756652574e-01	7.929314159609901491e-02	3.466407106228719393e-02	8.686645829293226928e-02
1.427142213028308333e+03	2.204984230135758616e-01	1.394864941683829906e-01	2.697110032524873691e-01	1.691726087549199897e-01	7.939186605751404058e-02	3.473420498601933332e-02	8.700539976674953602e-02
1.431979983241963964e+03	2.199860877618499966e-01	1.391391432062268063e-01	2.700345593631958141e-01	1.694027609379949451e-01	7.949004291703981595e-02	3.480389098629029648e-02	8.714351482705139096e-02
1.436817753455619140e+03	2.194767378684622794e-01	1.387937829678054236e-01	2.703563402114962377e-01	1.696315221951003038e-01	7.958767481959189150e-02	3.487313288845115405e-02	8.728080904874184476e-02
1.441655523669274316e+03	2.189703561231651774e-01	1.384504019832265564e-01	2.706763540301360682e-01	1.698589010405679445e-01	7.968476440816883721e-02	3.494193446172723372e-02	8.741728795265728269e-02
1.446493293882929493e+03	2.184669254117550807e-01	1.381089888486394246e-01	2.709946090555386822e-01	1.700849059333026936e-01	7.978131432350844821e-02	3.501029942047977073e-02	8.755295700642495849e-02
1.451331064096585123e+03	2.179664287156136970e-01	1.377695322258633281e-01	2.713111135264498763e-01	1.703095452772276919e-01	7.987732720375559370e-02	3.507823142543358558e-02	8.768782162530526503e-02
1.456168834310240300e+03	2.174688491112498068e-01	1.374320208420179434e-01	2.716258756826259169e-01	1.705328274217241258e-01	7.997280568414137647e-02	3.514573408487180889e-02	8.782188717301801784e-02
1.461006604523895703e+03	2.169741697698409078e-01	1.370964434891556172e-01	2.719389037635622786e-01	1.707547606620653524e-01	8.006775239667326960e-02	3.521281095579867348e-02	8.795515896255290400e-02
1.465844374737550879e+03	2.164823739567751648e-01	1.367627890238951871e-01	2.722502060072616303e-01	1.709753532398456399e-01	8.016216996983585585e-02	3.527946554507128962e-02	8.808764225696426309e-02
1.470682144951206283e+03	2.159934450311938314e-01	1.364310463670579676e-01	2.725597906490401789e-01	1.711946133434035511e-01	8.025606102830190602e-02	3.534570131050127767e-02	8.821934227015025554e-02
1.475519915164861459e+03	2.155073664455337545e-01	1.361012045033052065e-01	2.728676659203722044e-01	1.714125491082401087e-01	8.034942819265344927e-02	3.541152166192727824e-02	8.835026416761687651e-02
1.480357685378516862e+03	2.150241217450704900e-01	1.357732524807774843e-01	2.731738400477706774e-01	1.716291686174318265e-01	8.044227407911255789e-02	3.547692996225907530e-02	8.848041306722674582e-02
1.485195455592172038e+03	2.145436945674616680e-01	1.354471794107360572e-01	2.734783212517036266e-01	1.718444799020387992e-01	8.053460129928148581e-02	3.554192952849417192e-02	8.860979403993299308e-02
1.490033225805827215e+03	2.140660686422911629e-01	1.351229744672057531e-01	2.737811177455460321e-01	1.720584909415076302e-01	8.062641245989199401e-02	3.560652363270771364e-02	8.873841211049850186e-02
1.494870996019482618e+03	2.135912277906135415e-01	1.348006268866198676e-01	2.740822377345649707e-01	1.722712096640699742e-01	8.071771016256346076e-02	3.567071550301639110e-02	8.886627225820062370e-02
1.499708766233137567e+03	2.131191559244992317e-01	1.344801259674666405e-01	2.743816894149382346e-01	1.724826439471359718e-01	8.080849700356973475e-02	3.573450832451720294e-02	8.899337941752179237e-02
1.504546536446793198e+03	2.126498370465804699e-01	1.341614610699378429e-01	2.746794809728053122e-01	1.726928016176832725e-01	8.089877557361424554e-02	3.579790524020174530e-02	8.911973847882596889e-02
1.509384306660448374e+03	2.121832552495977742e-01	1.338446216155787794e-01	2.749756205833496780e-01	1.729016904526412546e-01	8.098854845761320476e-02	3.586090935184666623e-02	8.924535428902141687e-02
1.514222076874103550e+03	2.117193947159474177e-01	1.335295970869404270e-01	2.752701164099117803e-01	1.731093181792713043e-01	8.107781823448681480e-02	3.592352372088109674e-02	8.937023165220991938e-02
1.519059847087758726e+03	2.112582397172294291e-01	1.332163770272330461e-01	2.755629766031316152e-01	1.733156924755420991e-01	8.116658747695806864e-02	3.598575136923160001e-02	8.949437533032281178e-02
1.523897617301414357e+03	2.107997746137965922e-01	1.329049510399818723e-01	2.758542093001211115e-01	1.735208209705010329e-01	8.125485875135887714e-02	3.604759528014533226e-02	8.961779004374381685e-02
1.528735387515069533e+03	2.103439838543043339e-01	1.325953087886843629e-01	2.761438226236638260e-01	1.737247112446412556e-01	8.134263461744367651e-02	3.610905839899199860e-02	8.974048047191922339e-02
1.533573157728724709e+03	2.098908519752616386e-01	1.322874399964691638e-01	2.764318246814427837e-01	1.739273708302647159e-01	8.142991762820979418e-02	3.617014363404522787e-02	8.986245125395542210e-02
1.538410927942380113e+03	2.094403636005825742e-01	1.319813344457572146e-01	2.767182235652950184e-01	1.741288072118409580e-01	8.151671032972480913e-02	3.623085385724395674e-02	8.998370698920421518e-02
1.543248698156035516e+03	2.089925034411392879e-01	1.316769819779241291e-01	2.770030273504923701e-01	1.743290278263621429e-01	8.160301526096044866e-02	3.629119190493428071e-02	9.010425223783606608e-02
1.548086468369690692e+03	2.085472562943157804e-01	1.313743724929646861e-01	2.772862440950473739e-01	1.745280400636940454e-01	8.168883495363299385e-02	3.635116057859248684e-02	9.022409152140135891e-02
1.552924238583346096e+03	2.081046070435627060e-01	1.310734959491589580e-01	2.775678818390439062e-01	1.747258512669232489e-01	8.177417193204986057e-02	3.641076264552962904e-02	9.034322932338036127e-02
1.557762008797001272e+03	2.076645406579534503e-01	1.307743423627402146e-01	2.778479486039922008e-01	1.749224687327005923e-01	8.185902871296230066e-02	3.647000083957822880e-02	9.046167008972161305e-02
1.562599779010656675e+03	2.072270421917412897e-01	1.304769018075644105e-01	2.781264523922070131e-01	1.751178997115808711e-01	8.194340780542401503e-02	3.652887786176166329e-02	9.057941822936933784e-02
1.567437549224311852e+03	2.067920967839176893e-01	1.301811644147816693e-01	2.784034011862081548e-01	1.753121514083590127e-01	8.202731171065547056e-02	3.658739638094656021e-02	9.069647811477997423e-02
1.572275319437967255e+03	2.063596896577718498e-01	1.298871203725093793e-01	2.786788029481442330e-01	1.755052309824025603e-01	8.211074292191380963e-02	3.664555903447877516e-02	9.081285408242793789e-02
1.577113089651622431e+03	2.059298061204512809e-01	1.295947599255069804e-01	2.789526656192367615e-01	1.756971455479806876e-01	8.219370392436813055e-02	3.670336842880342343e-02	9.092855043330121123e-02
1.581950859865277607e+03	2.055024315625241238e-01	1.293040733748525017e-01	2.792249971192459768e-01	1.758879021745898830e-01	8.227619719498008299e-02	3.676082714006935481e-02	9.104357143338652480e-02
1.586788630078933011e+03	2.050775514575422509e-01	1.290150510776208737e-01	2.794958053459565828e-01	1.760775078872760802e-01	8.235822520238955669e-02	3.681793771471840448e-02	9.115792131414471311e-02
1.591626400292587959e+03	2.046551513616058915e-01	1.287276834465638509e-01	2.797650981746833687e-01	1.762659696669536258e-01	8.243979040680525505e-02	3.687470267006012076e-02	9.127160427297631440e-02
1.596464170506243590e+03	2.042352169129296180e-01	1.284419609497917392e-01	2.800328834577965331e-01	1.764532944507207768e-01	8.252089525990018160e-02	3.693112449483196280e-02	9.138462447367756702e-02
1.601301940719898766e+03	2.038177338314096920e-01	1.281578741104568153e-01	2.802991690242649381e-01	1.766394891321722560e-01	8.260154220471173370e-02	3.698720564974577324e-02	9.149698604688720482e-02
1.606139710933553943e+03	2.034026879181926040e-01	1.278754135064383568e-01	2.805639626792180708e-01	1.768245605617083660e-01	8.268173367554637609e-02	3.704294856802057417e-02	9.160869309052407927e-02
1.610977481147209119e+03	2.029900650552453611e-01	1.275945697700294479e-01	2.808272722035255464e-01	1.770085155468412719e-01	8.276147209788871362e-02	3.709835565590221401e-02	9.171974967021587211e-02
1.615815251360864750e+03	2.025798512049268307e-01	1.273153335876254233e-01	2.810891053533938200e-01	1.771913608524979811e-01	8.284075988831487991e-02	3.715342929317026061e-02	9.183015981971921760e-02
1.620653021574519926e+03	2.021720324095608035e-01	1.270376956994140882e-01	2.813494698599795507e-01	1.773731032013204922e-01	8.291959945440996460e-02	3.720817183363231417e-02	9.193992754133116507e-02
1.625490791788175102e+03	2.017665947910103896e-01	1.267616468990674372e-01	2.816083734290192320e-01	1.775537492739628909e-01	8.299799319468960379e-02	3.726258560560628125e-02	9.204905680629250908e-02
1.630328562001830505e+03	2.013635245502539139e-01	1.264871780334351492e-01	2.818658237404744749e-01	1.777333057093856694e-01	8.307594349852551185e-02	3.731667291239072065e-02	9.215755155518286224e-02
1.635166332215485909e+03	2.009628079669623923e-01	1.262142800022397204e-01	2.821218284481927796e-01	1.779117791051470221e-01	8.315345274607463533e-02	3.737043603272383052e-02	9.226541569830795653e-02
1.640004102429141085e+03	2.005644313990783412e-01	1.259429437577733180e-01	2.823763951795829619e-01	1.780891760176914196e-01	8.323052330821217870e-02	3.742387722123112492e-02	9.237265311607899265e-02
1.644841872642796488e+03	2.001683812823963071e-01	1.256731603045962431e-01	2.826295315353051785e-01	1.782655029626354082e-01	8.330715754646819682e-02	3.747699870886229273e-02	9.247926765938466187e-02
1.649679642856451665e+03	1.997746441301447573e-01	1.254049206992368937e-01	2.828812450889752750e-01	1.784407664150506889e-01	8.338335781296753180e-02	3.752980270331744000e-02	9.258526314995565998e-02
1.654517413070107068e+03	1.993832065325698288e-01	1.251382160498935581e-01	2.831315433868820675e-01	1.786149728097445877e-01	8.345912645037326105e-02	3.758229138946301423e-02	9.269064338072194320e-02
1.659355183283762244e+03	1.989940551565203553e-01	1.248730375161377498e-01	2.833804339477183909e-01	1.787881285415376387e-01	8.353446579183337883e-02	3.763446692973768104e-02	9.279541211616305907e-02
1.664192953497417420e+03	1.986071767450345582e-01	1.246093763086192213e-01	2.836279242623248598e-01	1.789602399655388920e-01	8.360937816093062802e-02	3.768633146454847260e-02	9.289957309265153840e-02
1.669030723711072824e+03	1.982225581169284045e-01	1.243472236887725041e-01	2.838740217934464516e-01	1.791313133974184457e-01	8.368386587163545443e-02	3.773788711265736728e-02	9.300313001878954267e-02
1.673868493924728000e+03	1.978401861663855732e-01	1.240865709685251006e-01	2.841187339755003594e-01	1.793013551136775630e-01	8.375793122826193093e-02	3.778913597155861975e-02	9.310608657573898883e-02
1.678706264138383403e+03	1.974600478625488931e-01	1.238274095100073274e-01	2.843620682143566669e-01	1.794703713519162080e-01	8.383157652542659599e-02	3.784008011784711217e-02	9.320844641754529036e-02
1.683544034352038352e+03	1.970821302491136684e-01	1.235697307252636573e-01	2.846040318871295716e-01	1.796383683110983065e-01	8.390480404801012315e-02	3.789072160757791380e-02	9.331021317145478389e-02
1.688381804565693983e+03	1.967064204439224473e-01	1.233135260759657681e-01	2.848446323419803194e-01	1.798053521518144515e-01	8.397761607112164128e-02	3.794106247661726411e-02	9.341139043822611898e-02
1.693219574779349159e+03	1.963329056385615667e-01	1.230587870731270350e-01	2.850838768979304660e-01	1.799713289965422514e-01	8.405001486006580258e-02	3.799110474098528478e-02	9.351198179243558339e-02
1.698057344993004335e+03	1.959615730979591408e-01	1.228055052768187438e-01	2.853217728446859613e-01	1.801363049299044283e-01	8.412200267031237633e-02	3.804085039719057315e-02	9.361199078277675223e-02
1.702895115206659511e+03	1.955924101599850473e-01	1.225536722958877334e-01	2.855583274424711160e-01	1.803002859989245865e-01	8.419358174746828516e-02	3.809030142255689227e-02	9.371142093235430848e-02
1.707732885420315142e+03	1.952254042350523300e-01	1.223032797876757449e-01	2.857935479218724484e-01	1.804632782132806201e-01	8.426475432725213932e-02	3.813945977554222128e-02	9.381027573897243732e-02
1.712570655633970318e+03	1.948605428057204048e-01	1.220543194577402013e-01	2.860274414836922463e-01	1.806252875455560125e-01	8.433552263547107464e-02	3.818832739605030474e-02	9.390855867541771096e-02
1.717408425847625494e+03	1.944978134262999037e-01	1.218067830595765955e-01	2.862600152988111213e-01	1.807863199314888869e-01	8.440588888799979705e-02	3.823690620573491628e-02	9.400627318973669988e-02
1.722246196061280898e+03	1.941372037224592395e-01	1.215606623943424336e-01	2.864912765080598334e-01	1.809463812702189200e-01	8.447585529076194477e-02	3.828519810829707215e-02	9.410342270550849098e-02
1.727083966274936301e+03	1.937787013908329192e-01	1.213159493105826631e-01	2.867212322220996090e-01	1.811054774245319521e-01	8.454542403971347653e-02	3.833320498977529911e-02	9.420001062211205700e-02
1.731921736488591478e+03	1.934222941986314115e-01	1.210726357039566964e-01	2.869498895213109524e-01	1.812636142211027090e-01	8.461459732082814156e-02	3.838092871882919227e-02	9.429604031498879657e-02
1.736759506702246881e+03	1.930679699832529572e-01	1.208307135169668783e-01	2.871772554556910051e-01	1.814207974507353605e-01	8.468337731008501734e-02	3.842837114701643658e-02	9.439151513590018916e-02
1.741597276915902057e+03	1.927157166518968789e-01	1.205901747386885076e-01	2.874033370447582336e-01	1.815770328686019675e-01	8.475176617345790697e-02	3.847553410906345839e-02	9.448643841318087044e-02
1.746435047129557461e+03	1.923655221811786942e-01	1.203510114045014123e-01	2.876281412774653323e-01	1.817323261944790158e-01	8.481976606690661002e-02	3.852241942312983197e-02	9.458081345198693368e-02
1.751272817343212637e+03	1.920173746167471440e-01	1.201132155958229281e-01	2.878516751121192319e-01	1.818866831129818118e-01	8.488737913637008081e-02	3.856902889106670479e-02	9.467464353453999837e-02
1.756110587556867813e+03	1.916712620729024708e-01	1.198767794398424152e-01	2.880739454763088236e-01	1.820401092737969906e-01	8.495460751776125197e-02	3.861536429866924830e-02	9.476793192036667146e-02
1.760948357770523216e+03	1.913271727322170268e-01	1.196416951092573316e-01	2.882949592668392902e-01	1.821926102919131929e-01	8.502145333696364826e-02	3.866142741592344667e-02	9.486068184653392854e-02
1.765786127984178393e+03	1.909850948451571051e-01	1.194079548220106507e-01	2.885147233496733743e-01	1.823441917478495766e-01	8.508791870982961025e-02	3.870721999724725804e-02	9.495289652788024837e-02
1.770623898197833569e+03	1.906450167297068510e-01	1.191755508410298897e-01	2.887332445598794206e-01	1.824948591878826354e-01	8.515400574218007224e-02	3.875274378172632178e-02	9.504457915724269512e-02
1.775461668411488745e+03	1.903069267709936174e-01	1.189444754739674565e-01	2.889505297015854124e-01	1.826446181242710742e-01	8.521971652980592227e-02	3.879800049334442696e-02	9.513573290567994833e-02
1.780299438625144376e+03	1.899708134209154853e-01	1.187147210729425778e-01	2.891665855479396141e-01	1.827934740354788534e-01	8.528505315847091650e-02	3.884299184120871412e-02	9.522636092269164132e-02
1.785137208838799552e+03	1.896366651977699491e-01	1.184862800342846717e-01	2.893814188410770427e-01	1.829414323663965114e-01	8.535001770391592579e-02	3.888771951976997127e-02	9.531646633643371669e-02
1.789974979052454728e+03	1.893044706858849069e-01	1.182591447982780514e-01	2.895950362920916010e-01	1.830884985285604338e-01	8.541461223186463947e-02	3.893218520903790614e-02	9.540605225393022915e-02
1.794812749266109904e+03	1.889742185352509263e-01	1.180333078489082532e-01	2.898074445810142064e-01	1.832346779003706516e-01	8.547883879803058749e-02	3.897639057479172081e-02	9.549512176128138741e-02
