8.369342469623640000e+02	3.120975347890136420e-01	2.008963779345411538e-01	2.121570273422243580e-01	1.270658626728798091e-01	6.586889763576432577e-02	2.023494067562914278e-02	6.167935894959630100e-02
8.417720171760191761e+02	3.110503217913785368e-01	2.002010887304379594e-01	2.131396442150630122e-01	1.275862016033569579e-01	6.559214763811477278e-02	2.045339519456822533e-02	6.197720082672931313e-02
8.466097873896745796e+02	3.100097438334777911e-01	1.995092743829042226e-01	2.140628515791977993e-01	1.280990361189329463e-01	6.537876911865285467e-02	2.066827816451163174e-02	6.227204680197157005e-02
8.514475576033297557e+02	3.089756714260021853e-01	1.988209867085834748e-01	2.149347021449306006e-01	1.286050031137102034e-01	6.521974285821927064e-02	2.087968013684532095e-02	6.256421361135777737e-02
8.562853278169851592e+02	3.079479889984569896e-01	1.981362671352971394e-01	2.157621182107938851e-01	1.291046529322684711e-01	6.510731998482234550e-02	2.108769279999614388e-02	6.285395993801386194e-02
8.611230980306403353e+02	3.069265929605456966e-01	1.974551481830859601e-01	2.165510503672844755e-01	1.295984615277471219e-01	6.503484301021673908e-02	2.129240808684800326e-02	6.314149586392087121e-02
8.659608682442956251e+02	3.059113900360648231e-01	1.967776547364857298e-01	2.173066138972328531e-01	1.300868409077747534e-01	6.499659207765218216e-02	2.149391745526750899e-02	6.342699088917104489e-02
8.707986384579510286e+02	3.049022958309800524e-01	1.961038051374480728e-01	2.180332060100393932e-01	1.305701481094095617e-01	6.498765286954624742e-02	2.169231131400092827e-02	6.371058072822463614e-02
8.756364086716062047e+02	3.038992336027482311e-01	1.954336121241744273e-01	2.187346066054707272e-01	1.310486929102853693e-01	6.500380312403022942e-02	2.188767857035769232e-02	6.399237306258219460e-02
8.804741788852616082e+02	3.029021332025842450e-01	1.947670836375720305e-01	2.194140648833341478e-01	1.315227444539750767e-01	6.504141513906153138e-02	2.208010627964566291e-02	6.427245240347626010e-02
8.853119490989170117e+02	3.019109301663531753e-01	1.941042235139826821e-01	2.200743737893822993e-01	1.319925369425094530e-01	6.509737201201375167e-02	2.226967937935651204e-02	6.455088419605110872e-02
8.901497193125721878e+02	3.009255649331921689e-01	1.934450320802077183e-01	2.207179340077225771e-01	1.324582745274477669e-01	6.516899567986948749e-02	2.245648049368954846e-02	6.482771827751969418e-02
8.949874895262273640e+02	2.999459821739027809e-01	1.927895066645955169e-01	2.213468089693557683e-01	1.329201355123890149e-01	6.525398509767753319e-02	2.264058979621322645e-02	6.510299178551512411e-02
8.998252597398827675e+02	2.989721302136844061e-01	1.921376420360183246e-01	2.219627721396941478e-01	1.333782759639111914e-01	6.535036312708533690e-02	2.282208492034936906e-02	6.537673159890614039e-02
9.046630299535379436e+02	2.980039605359474653e-01	1.914894307808996388e-01	2.225673476702414444e-01	1.338328328142652235e-01	6.545643090792883922e-02	2.300104090897315406e-02	6.564895638139313372e-02
9.095008001671932334e+02	2.970414273558116824e-01	1.908448636270209386e-01	2.231618453469562113e-01	1.342839265274127780e-01	6.557072865869724432e-02	2.317753019579163465e-02	6.591967828795847195e-02
9.143385703808486369e+02	2.960844872534963423e-01	1.902039297216083225e-01	2.237473906366478638e-01	1.347316633899132421e-01	6.569200200018242286e-02	2.335162261232997735e-02	6.618890438547082866e-02
9.191763405945038130e+02	2.951330988591877036e-01	1.895666168701409249e-01	2.243249505200432259e-01	1.351761374795018011e-01	6.581917302419988680e-02	2.352338541534667801e-02	6.645663783122879309e-02
9.240141108081592165e+02	2.941872225821506870e-01	1.889329117414178527e-01	2.248953557033121498e-01	1.356174323567566342e-01	6.595131543887554348e-02	2.369288333034233474e-02	6.672287884679382886e-02
9.288518810218145063e+02	2.932468203778704208e-01	1.883028000436376970e-01	2.254593197166225027e-01	1.360556225188590262e-01	6.608763321616170638e-02	2.386017860754262310e-02	6.698762551895506845e-02
9.336896512354697961e+02	2.923118555478812497e-01	1.876762666755770470e-01	2.260174553367860495e-01	1.364907746489555374e-01	6.622744224815109437e-02	2.402533108734357381e-02	6.725087445495456229e-02
9.385274214491247449e+02	2.913822925676929909e-01	1.870532958563773940e-01	2.265702887096097962e-01	1.369229486899114223e-01	6.637015458826672765e-02	2.418839827272178944e-02	6.751262131506897968e-02
9.433651916627801484e+02	2.904580969388690925e-01	1.864338712369559836e-01	2.271182714947677372e-01	1.373521987671888211e-01	6.651526491312415024e-02	2.434943540654781191e-02	6.777286124219550345e-02
9.482029618764355519e+02	2.895392350618650745e-01	1.858179759956307131e-01	2.276617913106352142e-01	1.377785739820989452e-01	6.666233889216927055e-02	2.450849555210870417e-02	6.803158920514117136e-02
9.530407320900908417e+02	2.886256741267133608e-01	1.852055929201845974e-01	2.282011807175388651e-01	1.382021190936849886e-01	6.681100319627503170e-02	2.466562967545635199e-02	6.828880026979590456e-02
9.578785023037459041e+02	2.877173820190487841e-01	1.845967044782818589e-01	2.287367249443713890e-01	1.386228751049193575e-01	6.696093691435059392e-02	2.482088672845935567e-02	6.854448981021782350e-02
9.627162725174014213e+02	2.868143272393220422e-01	1.839912928778776324e-01	2.292686685347280484e-01	1.390408797666903840e-01	6.711186417955314343e-02	2.497431373165601154e-02	6.879865366982190755e-02
9.675540427310568248e+02	2.859164788333501406e-01	1.833893401190325734e-01	2.297972210639792900e-01	1.394561680111552626e-01	6.726354783464558174e-02	2.512595585619014499e-02	6.905128828129618312e-02
9.723918129447120009e+02	2.850238063326122617e-01	1.827908280383442885e-01	2.303225620574313737e-01	1.398687723244046721e-01	6.741578399005869471e-02	2.527585650426551062e-02	6.930239075253243064e-02
9.772295831583674044e+02	2.841362797029244880e-01	1.821957383470367564e-01	2.308448452214530155e-01	1.402787230669838570e-01	6.756839734884879933e-02	2.542405738768298978e-02	6.955195892471927044e-02
9.820673533720223531e+02	2.832538693003173180e-01	1.816040526636026053e-01	2.313642020837429203e-01	1.406860487496109924e-01	6.772123719046831136e-02	2.557059860413160579e-02	6.979999140777548572e-02
9.869051235856777566e+02	2.823765458331044531e-01	1.810157525417662450e-01	2.318807451254160379e-01	1.410907762703995372e-01	6.787417392049509279e-02	2.571551871099269151e-02	7.004648759747522657e-02
9.917428937993331601e+02	2.815042803292756024e-01	1.804308194944282406e-01	2.323945704759872721e-01	1.414929311190029626e-01	6.802709610655036099e-02	2.585885479648956584e-02	7.029144767791528636e-02
9.965806640129884499e+02	2.806370441084649614e-01	1.798492350141579210e-01	2.329057602323623133e-01	1.418925375523364396e-01	6.817990793187533871e-02	2.600064254807468028e-02	7.053487261237770256e-02
1.001418434226643626e+03	2.797748087578538767e-01	1.792709805907211074e-01	2.334143844543762891e-01	1.422896187458748130e-01	6.833252700769346100e-02	2.614091631799499854e-02	7.077676412513481119e-02
1.006256204440298802e+03	2.789175461114551946e-01	1.786960377260619071e-01	2.339205028820571519e-01	1.426841969239626418e-01	6.848488249378169301e-02	2.627970918601574973e-02	7.101712467631497716e-02
1.011093974653954206e+03	2.780652282323046176e-01	1.781243879470975067e-01	2.344241664134597003e-01	1.430762934720877788e-01	6.863691348380171475e-02	2.641705301931427524e-02	7.125595743158366635e-02
1.015931744867609382e+03	2.772178273971507290e-01	1.775560128166348839e-01	2.349254183764757642e-01	1.434659290336545712e-01	6.878856761806545483e-02	2.655297852958072094e-02	7.149326622808716003e-02
1.020769515081264785e+03	2.763753160832926881e-01	1.769908939426747541e-01	2.354242956233479067e-01	1.438531235934349950e-01	6.893979989166980349e-02	2.668751532738196028e-02	7.172905553784716948e-02
1.025607285294920075e+03	2.755376669572639492e-01	1.764290129863305412e-01	2.359208294725944344e-01	1.442378965495698662e-01	6.909057163045477512e-02	2.682069197386009046e-02	7.196333042957564485e-02
1.030445055508575479e+03	2.747048528651016563e-01	1.758703516685579116e-01	2.364150465195963557e-01	1.446202667757276739e-01	6.924084961112227099e-02	2.695253602984817864e-02	7.219609652969521951e-02
1.035282825722230655e+03	2.738768468239797249e-01	1.753148917758631797e-01	2.369069693341254723e-01	1.450002526748028486e-01	6.939060530518788295e-02	2.708307410249398417e-02	7.242735998319617396e-02
1.040120595935886058e+03	2.730536220150119875e-01	1.747626151651346660e-01	2.373966170605387727e-01	1.453778722253403766e-01	6.953981422930372025e-02	2.721233188948798606e-02	7.265712741483180970e-02
1.044958366149541234e+03	2.722351517770616458e-01	1.742135037677214060e-01	2.378840059341670032e-01	1.457531430217060553e-01	6.968845538695218889e-02	2.734033422099550054e-02	7.288540589104552936e-02
1.049796136363196410e+03	2.714214096014144206e-01	1.736675395928652388e-01	2.383691497255373826e-01	1.461260823088791072e-01	6.983651078862526673e-02	2.746710509939440104e-02	7.311220288293353298e-02
1.054633906576851814e+03	2.706123691271927756e-01	1.731247047305782549e-01	2.388520601224462248e-01	1.464967070126194371e-01	6.998396503942072577e-02	2.759266773692034894e-02	7.333752623047158636e-02
1.059471676790506763e+03	2.698080041374071314e-01	1.725849813540437649e-01	2.393327470585004946e-01	1.468650337656561833e-01	7.013080498454735134e-02	2.771704459132069351e-02	7.356138410817369966e-02
1.064309447004162394e+03	2.690082885555528103e-01	1.720483517216086500e-01	2.398112189955470541e-01	1.472310789304534517e-01	7.027701940457217744e-02	2.784025739961662124e-02	7.378378499229852616e-02
1.069147217217817570e+03	2.682131964426753834e-01	1.715147981784245768e-01	2.402874831663749100e-01	1.475948586190305722e-01	7.042259875339441921e-02	2.796232721007085170e-02	7.400473762967865743e-02
1.073984987431472746e+03	2.674227019948370865e-01	1.709843031577882866e-01	2.407615457831876471e-01	1.479563887102468556e-01	7.056753493292017287e-02	2.808327441245538417e-02	7.422425100821399002e-02
1.078822757645127922e+03	2.666367795409276820e-01	1.704568491822234522e-01	2.412334122165792072e-01	1.483156848649035964e-01	7.071182109926203718e-02	2.820311876671066642e-02	7.444233432904279191e-02
1.083660527858783553e+03	2.658554035407692528e-01	1.699324188643411837e-01	2.417030871490882249e-01	1.486727625389659413e-01	7.085545149601790715e-02	2.832187943008410147e-02	7.465899698038280796e-02
1.088498298072438729e+03	2.650785485834726840e-01	1.694109949075100763e-01	2.421705747068418346e-01	1.490276369951651914e-01	7.099842131081034180e-02	2.843957498283219629e-02	7.487424851301717477e-02
1.093336068286093905e+03	2.643061893860096379e-01	1.688925601063633042e-01	2.426358785723113642e-01	1.493803233132047215e-01	7.114072655180671279e-02	2.855622345256691660e-02	7.508809861738685587e-02
1.098173838499749309e+03	2.635383007919678833e-01	1.683770973471662435e-01	2.430990020807857754e-01	1.497308363987622792e-01	7.128236394140316512e-02	2.867184233732315499e-02	7.530055710224103915e-02
1.103011608713404712e+03	2.627748577704634991e-01	1.678645896080638578e-01	2.435599483028064727e-01	1.500791909914532263e-01	7.142333082465293637e-02	2.878644862742026772e-02	7.551163387478919409e-02
1.107849378927059888e+03	2.620158354151860269e-01	1.673550199592258869e-01	2.440187201144983220e-01	1.504254016718974407e-01	7.156362509036102992e-02	2.890005882618712496e-02	7.572133892229358787e-02
1.112687149140715292e+03	2.612612089435571994e-01	1.668483715629036357e-01	2.444753202574636020e-01	1.507694828680112009e-01	7.170324510306060051e-02	2.901268896961632301e-02	7.592968229503688216e-02
1.117524919354370468e+03	2.605109536959850924e-01	1.663446276734119045e-01	2.449297513896771250e-01	1.511114488606294937e-01	7.184218964433818078e-02	2.912435464500969309e-02	7.613667409059800273e-02
1.122362689568025871e+03	2.597650451352003231e-01	1.658437716370461945e-01	2.453820161286210388e-01	1.514513137885486749e-01	7.198045786219176012e-02	2.923507100867384773e-02	7.634232443936764256e-02
1.127200459781681047e+03	2.590234588456601372e-01	1.653457868919449847e-01	2.458321170877295070e-01	1.517890916530673928e-01	7.211804922729078693e-02	2.934485280272108171e-02	7.654664349123559142e-02
1.132038229995336451e+03	2.582861705330104507e-01	1.648506569679047684e-01	2.462800569070646151e-01	1.521247963220919153e-01	7.225496349516762062e-02	2.945371437102786705e-02	7.674964140338230711e-02
1.136876000208991627e+03	2.575531560235955753e-01	1.643583654861550669e-01	2.467258382790199489e-01	1.524584415338638421e-01	7.239120067350651722e-02	2.956166967440003804e-02	7.695132832910861476e-02
1.141713770422646803e+03	2.568243912640087445e-01	1.638688961590988868e-01	2.471694639697384344e-01	1.527900409003593030e-01	7.252676099381424879e-02	2.966873230499089339e-02	7.715171440763907151e-02
1.146551540636302207e+03	2.560998523206755029e-01	1.633822327900241456e-01	2.476109368368374919e-01	1.531196079104021335e-01	7.266164488685750156e-02	2.977491550001569801e-02	7.735080975483710208e-02
1.151389310849957155e+03	2.553795153794645167e-01	1.628983592727900054e-01	2.480502598439534023e-01	1.534471559325276124e-01	7.279585296133915528e-02	2.988023215480338848e-02	7.754862445477153643e-02
1.156227081063612786e+03	2.546633567453206459e-01	1.624172595914921691e-01	2.484874360725472242e-01	1.537726982176282897e-01	7.292938598535990413e-02	2.998469483522381296e-02	7.774516855207758148e-02
1.161064851277267962e+03	2.539513528419158894e-01	1.619389178201102730e-01	2.489224687313544848e-01	1.540962479014091335e-01	7.306224487027600245e-02	3.008831578952649716e-02	7.794045204505731239e-02
1.165902621490923138e+03	2.532434802113147643e-01	1.614633181221398761e-01	2.493553611638083534e-01	1.544178180066751449e-01	7.319443065661891679e-02	3.019110695962474999e-02	7.813448487946778043e-02
1.170740391704578315e+03	2.525397155136505090e-01	1.609904447502119029e-01	2.497861168537220400e-01	1.547374214454717012e-01	7.332594450178943346e-02	3.029307999185667372e-02	7.832727694294736032e-02
1.175578161918233945e+03	2.518400355268095581e-01	1.605202820457010404e-01	2.502147394294769733e-01	1.550550710210953087e-01	7.345678766928026571e-02	3.039424624725289154e-02	7.851883806003363830e-02
1.180415932131889122e+03	2.511444171461226782e-01	1.600528144383253359e-01	2.506412326669300028e-01	1.553707794299890033e-01	7.358696151921484407e-02	3.049461681133878999e-02	7.870917798772911200e-02
1.185253702345544298e+03	2.504528373840594901e-01	1.595880264457379960e-01	2.510656004912245054e-01	1.556845592635363040e-01	7.371646750002106008e-02	3.059420250349736276e-02	7.889830641157308255e-02
1.190091472559199701e+03	2.497652733699260164e-01	1.591259026731130788e-01	2.514878469776646308e-01	1.559964230097644067e-01	7.384530714108342164e-02	3.069301388591719540e-02	7.908623294218102007e-02
1.194929242772855105e+03	2.490817023495631166e-01	1.586664278127261352e-01	2.519079763517909631e-01	1.563063830549660249e-01	7.397348204623990786e-02	3.079106127214847888e-02	7.927296711221509806e-02
1.199767012986510281e+03	2.484021016850448127e-01	1.582095866435304921e-01	2.523259929887773367e-01	1.566144516852491231e-01	7.410099388800810150e-02	3.088835473528858330e-02	7.945851837375135507e-02
1.204604783200165684e+03	2.477264488543756693e-01	1.577553640307301219e-01	2.527419014122518348e-01	1.569206410880208402e-01	7.422784440244184490e-02	3.098490411581736673e-02	7.964289609601214737e-02
1.209442553413820860e+03	2.470547214511863154e-01	1.573037449253499864e-01	2.531557062926322876e-01	1.572249633534127666e-01	7.435403538453350114e-02	3.108071902910112053e-02	7.982610956343386133e-02
1.214280323627476264e+03	2.463868971844263844e-01	1.568547143638043817e-01	2.535674124450529865e-01	1.575274304756524302e-01	7.447956868408879549e-02	3.117580887258284902e-02	8.000816797404208813e-02
1.219118093841131440e+03	2.457229538780544009e-01	1.564082574674634796e-01	2.539770248269501152e-01	1.578280543543860992e-01	7.460444620201152344e-02	3.127018283267555404e-02	8.018908043810871189e-02
1.223955864054786844e+03	2.450628694707243094e-01	1.559643594422190360e-01	2.543845485353643521e-01	1.581268467959571211e-01	7.472866988694433499e-02	3.136384989137410567e-02	8.036885597706663886e-02
1.228793634268442020e+03	2.444066220154677282e-01	1.555230055780491838e-01	2.547899888040103811e-01	1.584238195146429884e-01	7.485224173221934063e-02	3.145681883260032646e-02	8.054750352265996338e-02
1.233631404482097196e+03	2.437541896793725682e-01	1.550841812485830029e-01	2.551933510001569427e-01	1.587189841338549900e-01	7.497516377307847368e-02	3.154909824829503495e-02	8.072503191630894803e-02
1.238469174695752372e+03	2.431055507432569596e-01	1.546478719106649247e-01	2.555946406213553956e-01	1.590123521873025858e-01	7.509743808412976118e-02	3.164069654426992367e-02	8.090144990867043084e-02
1.243306944909407548e+03	2.424606836013387390e-01	1.542140631039193299e-01	2.559938632920491508e-01	1.593039351201255005e-01	7.521906677700980481e-02	3.173162194583141471e-02	8.107676615937606246e-02
1.248144715123063179e+03	2.418195667609004396e-01	1.537827404503155082e-01	2.563910247600919567e-01	1.595937442899952319e-01	7.534005199822731147e-02	3.182188250318782746e-02	8.125098923693176156e-02
1.252982485336718355e+03	2.411821788419493406e-01	1.533538896537331442e-01	2.567861308931997377e-01	1.598817909681882476e-01	7.546039592716573263e-02	3.191148609665057923e-02	8.142412761876324789e-02
1.257820255550373531e+03	2.405484985768731321e-01	1.529274964995286090e-01	2.571791876753563577e-01	1.601680863406325095e-01	7.558010077422633310e-02	3.200044044163945223e-02	8.159618969139363631e-02
1.262658025764028707e+03	2.399185048100907214e-01	1.525035468541019734e-01	2.575702012031920729e-01	1.604526415089284619e-01	7.569916877909553532e-02	3.208875309350139177e-02	8.176718375073986633e-02
1.267495795977684338e+03	2.392921764976982113e-01	1.520820266644650753e-01	2.579591776823496607e-01	1.607354674913465120e-01	7.581760220912249493e-02	3.217643145215170336e-02	8.193711800251633759e-02
1.272333566191339514e+03	2.386694927071105199e-01	1.516629219578107535e-01	2.583461234238517701e-01	1.610165752238015835e-01	7.593540335779494499e-02	3.226348276654605884e-02	8.210600056273437142e-02
1.277171336404994690e+03	2.380504326166981988e-01	1.512462188410830799e-01	2.587310448404809837e-01	1.612959755608062151e-01	7.605257454330288658e-02	3.234991413899114543e-02	8.227383945828753431e-02
1.282009106618650094e+03	2.374349755154199215e-01	1.508319035005488695e-01	2.591139484431823070e-01	1.615736792764029817e-01	7.616911810718113296e-02	3.243573252930142398e-02	8.244064262761341411e-02
1.286846876832305497e+03	2.368231008024505591e-01	1.504199622013706328e-01	2.594948408374965765e-01	1.618496970650772360e-01	7.628503641302301908e-02	3.252094475880899782e-02	8.260641792142311979e-02
1.291684647045960673e+03	2.362147879868047584e-01	1.500103812871808051e-01	2.598737287200313384e-01	1.621240395426509495e-01	7.640033184525824028e-02	3.260555751423317716e-02	8.277117310349087209e-02
1.296522417259616077e+03	2.356100166869566359e-01	1.496031471796574197e-01	2.602506188749762472e-01	1.623967172471584564e-01	7.651500680798939413e-02	3.268957735141595627e-02	8.293491585149606604e-02
1.301360187473271253e+03	2.350087666304553069e-01	1.491982463781011681e-01	2.606255181706665369e-01	1.626677406397046277e-01	7.662906372388181286e-02	3.277301069892932933e-02	8.309765375791147712e-02
1.306197957686926657e+03	2.344110176535363077e-01	1.487956654590141536e-01	2.609984335562000046e-01	1.629371201053062546e-01	7.674250503310224569e-02	3.285586386155998906e-02	8.325939433093126896e-02
1.311035727900581833e+03	2.338167497007294371e-01	1.483953910756800609e-01	2.613693720581106161e-01	1.632048659537172486e-01	7.685533319230285210e-02	3.293814302367666091e-02	8.342014499543337624e-02
1.315873498114237009e+03	2.332259428244628230e-01	1.479974099577459346e-01	2.617383407771008974e-01	1.634709884202379393e-01	7.696755067364664804e-02	3.301985425248498557e-02	8.357991309397101720e-02
1.320711268327892412e+03	2.326385771846634365e-01	1.476017089108055125e-01	2.621053468848365542e-01	1.637354976665093553e-01	7.707915996387179614e-02	3.310100350117477219e-02	8.373870588778883906e-02
1.325549038541547588e+03	2.320546330483541919e-01	1.472082748159843080e-01	2.624703976208039302e-01	1.639984037812926565e-01	7.719016356339197804e-02	3.318159661196395244e-02	8.389653055785929736e-02
1.330386808755202765e+03	2.314740907892477995e-01	1.468170946295262180e-01	2.628335002892324690e-01	1.642597167812343550e-01	7.730056398543043439e-02	3.326163931904350946e-02	8.405339420593546662e-02
1.335224578968857941e+03	2.308969308873375093e-01	1.464281553823819082e-01	2.631946622560833449e-01	1.645194466116174647e-01	7.741036375518599300e-02	3.334113725142741347e-02	8.420930385561661846e-02
1.340062349182513572e+03	2.303231339284847468e-01	1.460414441797986684e-01	2.635538909461036527e-01	1.647776031470994662e-01	7.751956540902872617e-02	3.342009593571126924e-02	8.436426645342366692e-02
1.344900119396168748e+03	2.297526806040039726e-01	1.456569482009123784e-01	2.639111938399483215e-01	1.650341961924368939e-01	7.762817149372411296e-02	3.349852079874334615e-02	8.451828886988117795e-02
1.349737889609823924e+03	2.291855517102448225e-01	1.452746546983407216e-01	2.642665784713684185e-01	1.652892354831974331e-01	7.773618456568390234e-02	3.357641717021137701e-02	8.467137790060359770e-02
1.354575659823479100e+03	2.286217281481714714e-01	1.448945509977783153e-01	2.646200524244669561e-01	1.655427306864593606e-01	7.784360719024263631e-02	3.365379028514841470e-02	8.482354026738314623e-02
1.359413430037134731e+03	2.280611909229397494e-01	1.445166244975937819e-01	2.649716233310212554e-01	1.657946914014990780e-01	7.795044194095836210e-02	3.373064528636075809e-02	8.497478261927736420e-02
1.364251200250789907e+03	2.275039211434717878e-01	1.441408626684282102e-01	2.653212988678714801e-01	1.660451271604668766e-01	7.805669139893681163e-02	3.380698722678094487e-02	8.512511153369424488e-02
1.369088970464445310e+03	2.269499000220285279e-01	1.437672530527955850e-01	2.656690867543756718e-01	1.662940474290511839e-01	7.816235815217768834e-02	3.388282107174859364e-02	8.527453351747317500e-02
1.373926740678100487e+03	2.263991088737800084e-01	1.433957832646849395e-01	2.660149947499292344e-01	1.665414616071315967e-01	7.826744479494247841e-02	3.395815170122180177e-02	8.542305500796036621e-02
1.378764510891755890e+03	2.258515291163738226e-01	1.430264409891642274e-01	2.663590306515498662e-01	1.667873790294210901e-01	7.837195392714277342e-02	3.403298391192149941e-02	8.557068237407709776e-02
1.383602281105411066e+03	2.253071422695015757e-01	1.426592139819860550e-01	2.667012022915256075e-01	1.670318089660976502e-01	7.847588815374839655e-02	3.410732241941140386e-02	8.571742191737970196e-02
1.388440051319066470e+03	2.247659299544638445e-01	1.422940900691950505e-01	2.670415175351257830e-01	1.672747606234253892e-01	7.857925008421462465e-02	3.418117186011564862e-02	8.586327987311002941e-02
1.393277821532721646e+03	2.242278738937331928e-01	1.419310571467370385e-01	2.673799842783744496e-01	1.675162431443656952e-01	7.868204233192786778e-02	3.425453679327646744e-02	8.600826241123563087e-02
1.398115591746377049e+03	2.236929559105160503e-01	1.415701031800703225e-01	2.677166104458840179e-01	1.677562656091782511e-01	7.878426751366912617e-02	3.432742170285396632e-02	8.615237563747858707e-02
1.402953361960032225e+03	2.231611579283128699e-01	1.412112162037781615e-01	2.680514039887493816e-01	1.679948370360127841e-01	7.888592824909472501e-02	3.439983099937003047e-02	8.629562559433240354e-02
1.407791132173687402e+03	2.226324619704771746e-01	1.408543843211835789e-01	2.683843728825004993e-01	1.682319663814910993e-01	7.898702716023360548e-02	3.447176902169822588e-02	8.643801826206622130e-02
1.412628902387342805e+03	2.221068501597733280e-01	1.404995957039656684e-01	2.687155251251131527e-01	1.684676625412799278e-01	7.908756687100093608e-02	3.454324003880163141e-02	8.657955955971573248e-02
1.417466672600997981e+03	2.215843047179334169e-01	1.401468385917777892e-01	2.690448687350762702e-01	1.687019343506550306e-01	7.918755000672719757e-02	3.461424825142031536e-02	8.672025534606042640e-02
1.422304442814653157e+03	2.210648079652128284e-01	1.397961012918674806e-01	2.693724117495142623e-01	1.689347905850562825e-01	7.928697919370264469e-02	3.468479779371015648e-02	8.686011142058677748e-02
1.427142213028308333e+03	2.205483423199453563e-01	1.394473721786983755e-01	2.696981622223647013e-01	1.691662399606342071e-01	7.938585705873633935e-02	3.475489273483460539e-02	8.699913352443687520e-02
1.431979983241963964e+03	2.200348902980970300e-01	1.391006396935736689e-01	2.700221282226085151e-01	1.693962911347882960e-01	7.948418622872951977e-02	3.482453708051103103e-02	8.713732734134241320e-02
1.436817753455619140e+03	2.195244345128196661e-01	1.387558923442615277e-01	2.703443178325528051e-01	1.696249527066969187e-01	7.958196933026290276e-02	3.489373477451301886e-02	8.727469849854367634e-02
1.441655523669274316e+03	2.190169576740035873e-01	1.384131187046223066e-01	2.706647391461641794e-01	1.698522332178393768e-01	7.967920898919746142e-02	3.496248970013014074e-02	8.741125256769342877e-02
1.446493293882929493e+03	2.185124425878298970e-01	1.380723074142373996e-01	2.709834002674528231e-01	1.700781411525101317e-01	7.977590783028820631e-02	3.503080568158653541e-02	8.754699506574553647e-02
1.451331064096585123e+03	2.180108721563222551e-01	1.377334471780401193e-01	2.713003093089040862e-01	1.703026849383252606e-01	7.987206847681084521e-02	3.509868648541963898e-02	8.768193145582835191e-02
1.456168834310240300e+03	2.175122293768984028e-01	1.373965267659482681e-01	2.716154743899587554e-01	1.705258729467215850e-01	7.996769355020062753e-02	3.516613582182035597e-02	8.781606714810262504e-02
1.461006604523895703e+03	2.170164973419212440e-01	1.370615350124984033e-01	2.719289036355393985e-01	1.707477134934482776e-01	8.006278566970334576e-02	3.523315734593580884e-02	8.794940750060414869e-02
1.465844374737550879e+03	2.165236592382499548e-01	1.367284608164821003e-01	2.722406051746220079e-01	1.709682148390516687e-01	8.015734745203802192e-02	3.529975465913592209e-02	8.808195782007104124e-02
1.470682144951206283e+03	2.160336983467907035e-01	1.363972931405839084e-01	2.725505871388521073e-01	1.711873851893525866e-01	8.025138151107082118e-02	3.536593131024495795e-02	8.821372336275566661e-02
1.475519915164861459e+03	2.155465980420475103e-01	1.360680210110210842e-01	2.728588576612042682e-01	1.714052326959172312e-01	8.034489045750010938e-02	3.543169079673906541e-02	8.834470933522149683e-02
1.480357685378516862e+03	2.150623417916731894e-01	1.357406335171850720e-01	2.731654248746834268e-01	1.716217654565212469e-01	8.043787689855219636e-02	3.549703656591093187e-02	8.847492089512469515e-02
1.485195455592172038e+03	2.145809131560200145e-01	1.354151198112849008e-01	2.734702969110677229e-01	1.718369915156072458e-01	8.053034343768755710e-02	3.556197201600249519e-02	8.860436315198086388e-02
1.490033225805827215e+03	2.141022957876909938e-01	1.350914691079923569e-01	2.737734818996911401e-01	1.720509188647357246e-01	8.062229267431715585e-02	3.562650049730672897e-02	8.873304116791681795e-02
1.494870996019482618e+03	2.136264734310910351e-01	1.347696706840887104e-01	2.740749879662653932e-01	1.722635554430300697e-01	8.071372720352855412e-02	3.569062531323944493e-02	8.886095995840771755e-02
1.499708766233137567e+03	2.131534299219785822e-01	1.344497138781135526e-01	2.743748232317401170e-01	1.724749091376151788e-01	8.080464961582181638e-02	3.575434972138200745e-02	8.898812449299968452e-02
1.504546536446793198e+03	2.126831491870174451e-01	1.341315880900152691e-01	2.746729958111997494e-01	1.726849877840501424e-01	8.089506249685449180e-02	3.581767693449582068e-02	8.911453969601804137e-02
1.509384306660448374e+03	2.122156152433291310e-01	1.338152827808031797e-01	2.749695138127969951e-01	1.728937991667550411e-01	8.098496842719576927e-02	3.588061012150944862e-02	8.924021044726136720e-02
1.514222076874103550e+03	2.117508121980455904e-01	1.335007874722015653e-01	2.752643853367213178e-01	1.731013510194321092e-01	8.107436998208950030e-02	3.594315240847919396e-02	8.936514158268163421e-02
1.519059847087758726e+03	2.112887242478625471e-01	1.331880917463054981e-01	2.755576184742017931e-01	1.733076510254810687e-01	8.116326973122560406e-02	3.600530687952391978e-02	8.948933789505050806e-02
1.523897617301414357e+03	2.108293356785931605e-01	1.328771852452384217e-01	2.758492213065434351e-01	1.735127068184089127e-01	8.125167023851992409e-02	3.606707657773482872e-02	8.961280413461227001e-02
1.528735387515069533e+03	2.103726308647226317e-01	1.325680576708112846e-01	2.761392019041959411e-01	1.737165259822347485e-01	8.133957406190220341e-02	3.612846450606102544e-02	8.973554500972316661e-02
1.533573157728724709e+03	2.099185942689632267e-01	1.322606987841838111e-01	2.764275683258542449e-01	1.739191160518887003e-01	8.142698375311169245e-02	3.618947362817149377e-02	8.985756518747781141e-02
1.538410927942380113e+03	2.094672104418100755e-01	1.319550984055272158e-01	2.767143286175899330e-01	1.741204845136061219e-01	8.151390185750072293e-02	3.625010686929419634e-02	8.997886929432272196e-02
1.543248698156035516e+03	2.090184640210977773e-01	1.316512464136886940e-01	2.769994908120124166e-01	1.743206388053165912e-01	8.160033091384538695e-02	3.631036711703301834e-02	9.009946191665711701e-02
1.548086468369690692e+03	2.085723397315577821e-01	1.313491327458579383e-01	2.772830629274594672e-01	1.745195863170278527e-01	8.168627345416362706e-02	3.637025722216308959e-02	9.021934760142132081e-02
1.552924238583346096e+03	2.081288223843765217e-01	1.310487473972349881e-01	2.775650529672161193e-01	1.747173343912049870e-01	8.177173200354022342e-02	3.642977999940522765e-02	9.033853085667303828e-02
1.557762008797001272e+03	2.076878968767545686e-01	1.307500804207001877e-01	2.778454689187613291e-01	1.749138903231448050e-01	8.185670907995871992e-02	3.648893822817999427e-02	9.045701615215154257e-02
1.562599779010656675e+03	2.072495481914666537e-01	1.304531219264855046e-01	2.781243187530412220e-01	1.751092613613456084e-01	8.194120719413974796e-02	3.654773465334208021e-02	9.057480791983030244e-02
1.567437549224311852e+03	2.068137613964227406e-01	1.301578620818479859e-01	2.784016104237688194e-01	1.753034547078722860e-01	8.202522884938603931e-02	3.660617198589539989e-02	9.069191055445796623e-02
1.572275319437967255e+03	2.063805216442297641e-01	1.298642911107445730e-01	2.786773518667487459e-01	1.754964775187168868e-01	8.210877654143340643e-02	3.666425290368966611e-02	9.080832841408821576e-02
1.577113089651622431e+03	2.059498141717549524e-01	1.295723992935088886e-01	2.789515509992271936e-01	1.756883369041550014e-01	8.219185275830795390e-02	3.672198005209877103e-02	9.092406582059844866e-02
1.581950859865277607e+03	2.055216242996897313e-01	1.292821769665296328e-01	2.792242157192654783e-01	1.758790399290977025e-01	8.227445998018921569e-02	3.677935604468161174e-02	9.103912706019783030e-02
1.586788630078933011e+03	2.050959374321149886e-01	1.289936145219305885e-01	2.794953539051371894e-01	1.760685936134391560e-01	8.235660067927884354e-02	3.683638346382581835e-02	9.115351638392460432e-02
1.591626400292587959e+03	2.046727390560673654e-01	1.287067024072524601e-01	2.797649734147478751e-01	1.762570049324003463e-01	8.243827731967495742e-02	3.689306486137489127e-02	9.126723800813320298e-02
1.596464170506243590e+03	2.042520147411069353e-01	1.284214311251364871e-01	2.800330820850770452e-01	1.764442808168685262e-01	8.251949235725190845e-02	3.694940275923915690e-02	9.138029611497108795e-02
1.601301940719898766e+03	2.038337501388857165e-01	1.281377912330095015e-01	2.802996877316412672e-01	1.766304281537327270e-01	8.260024823954513484e-02	3.700539964999105536e-02	9.149269485284583503e-02
1.606139710933553943e+03	2.034179309827175708e-01	1.278557733427707899e-01	2.805647981479784669e-01	1.768154537862155207e-01	8.268054740564127758e-02	3.706105799744517648e-02	9.160443833688242110e-02
1.610977481147209119e+03	2.030045430871496026e-01	1.275753681204807866e-01	2.808284211051524371e-01	1.769993645142006466e-01	8.276039228607316722e-02	3.711638023722349522e-02	9.171553064937108812e-02
1.615815251360864750e+03	2.025935723475344175e-01	1.272965662860511549e-01	2.810905643512767726e-01	1.771821670945572802e-01	8.283978530271950136e-02	3.717136877730615324e-02	9.182597584020589510e-02
1.620653021574519926e+03	2.021850047396040739e-01	1.270193586129368113e-01	2.813512356110581258e-01	1.773638682414601930e-01	8.291872886870932380e-02	3.722602599856829342e-02	9.193577792731434661e-02
1.625490791788175102e+03	2.017788263190450071e-01	1.267437359278293096e-01	2.816104425853581672e-01	1.775444746267066942e-01	8.299722538833088914e-02	3.728035425530320385e-02	9.204494089707797311e-02
1.630328562001830505e+03	2.013750232210744784e-01	1.264696891103521958e-01	2.818681929507730888e-01	1.777239928800296576e-01	8.307527725694502374e-02	3.733435587573229186e-02	9.215346870474447338e-02
1.635166332215485909e+03	2.009735816600186076e-01	1.261972090927578616e-01	2.821244943592313703e-01	1.779024295894073293e-01	8.315288686090259451e-02	3.738803316250215170e-02	9.226136527483125294e-02
1.640004102429141085e+03	2.005744879288913485e-01	1.259262868596259521e-01	2.823793544376080322e-01	1.780797913013696387e-01	8.323005657746626595e-02	3.744138839316910050e-02	9.236863450152080213e-02
1.644841872642796488e+03	2.001777283989752687e-01	1.256569134475635785e-01	2.826327807873554865e-01	1.782560845213011225e-01	8.330678877473614297e-02	3.749442382067158519e-02	9.247528024904791422e-02
1.649679642856451665e+03	1.997832895194035507e-01	1.253890799449070559e-01	2.828847809841507077e-01	1.784313157137405736e-01	8.338308581157929944e-02	3.754714167379071682e-02	9.258130635207918735e-02
1.654517413070107068e+03	1.993911578167435750e-01	1.251227774914253354e-01	2.831353625775576699e-01	1.786054913026774438e-01	8.345895003756312325e-02	3.759954415759932805e-02	9.268671661608467172e-02
1.659355183283762244e+03	1.990013198945818351e-01	1.248579972780249348e-01	2.833845330907049376e-01	1.787786176718451636e-01	8.353438379289232496e-02	3.765163345389981042e-02	9.279151481770209209e-02
1.664192953497417420e+03	1.986137624331104912e-01	1.245947305464566585e-01	2.836323000199785782e-01	1.789507011650111890e-01	8.360938940834941602e-02	3.770341172165105753e-02	9.289570470509375677e-02
1.669030723711072824e+03	1.982284721887153101e-01	1.243329685890237901e-01	2.838786708347282861e-01	1.791217480862640488e-01	8.368396920523868410e-02	3.775488109738485420e-02	9.299928999829620846e-02
1.673868493924728000e+03	1.978454359935652440e-01	1.240727027482918798e-01	2.841236529769881614e-01	1.792917647002975068e-01	8.375812549533348528e-02	3.780604369561194056e-02	9.310227438956300561e-02
1.678706264138383403e+03	1.974646407552033689e-01	1.238139244168002251e-01	2.843672538612106448e-01	1.794607572326915590e-01	8.383186058082674197e-02	3.785690160921808406e-02	9.320466154370059264e-02
1.683544034352038352e+03	1.970860734561395988e-01	1.235566250367748226e-01	2.846094808740135540e-01	1.796287318701906555e-01	8.390517675428463273e-02	3.790745690985035388e-02	9.330645509839752272e-02
1.688381804565693983e+03	1.967097211534447887e-01	1.233007960998429992e-01	2.848503413739397749e-01	1.797956947609790634e-01	8.397807629860327971e-02	3.795771164829397915e-02	9.340765866454722732e-02
1.693219574779349159e+03	1.963355709783464464e-01	1.230464291467495697e-01	2.850898426912289452e-01	1.799616520149534271e-01	8.405056148696840590e-02	3.800766785483995769e-02	9.350827582656434656e-02
1.698057344993004335e+03	1.959636101358260829e-01	1.227935157670745209e-01	2.853279921276016262e-01	1.801266097039924963e-01	8.412263458281780959e-02	3.805732753964365805e-02	9.360831014269495320e-02
1.702895115206659511e+03	1.955938259042180882e-01	1.225420475989522917e-01	2.855647969560544674e-01	1.802905738622242182e-01	8.419429783980660054e-02	3.810669269307476875e-02	9.370776514532071222e-02
1.707732885420315142e+03	1.952262056348103569e-01	1.222920163287926631e-01	2.858002644206670273e-01	1.804535504862901096e-01	8.426555350177517001e-02	3.815576528605871265e-02	9.380664434125707274e-02
1.712570655633970318e+03	1.948607367514463007e-01	1.220434136910030776e-01	2.860344017364191971e-01	1.806155455356072137e-01	8.433640380271979764e-02	3.820454727040975551e-02	9.390495121204572859e-02
1.717408425847625494e+03	1.944974067501287762e-01	1.217962314677126096e-01	2.862672160890192830e-01	1.807765649326270596e-01	8.440685096676561749e-02	3.825304057915618339e-02	9.400268921424154156e-02
1.722246196061280898e+03	1.941362031986253733e-01	1.215504614884973938e-01	2.864987146347421354e-01	1.809366145630925959e-01	8.447689720814216541e-02	3.830124712685756272e-02	9.409986177969384413e-02
1.727083966274936301e+03	1.937771137360754792e-01	1.213060956301076077e-01	2.867289045002776038e-01	1.810957002762922374e-01	8.454654473116125779e-02	3.834916880991444399e-02	9.419647231582248259e-02
1.731921736488591478e+03	1.934201260725990634e-01	1.210631258161959239e-01	2.869577927825881503e-01	1.812538278853116913e-01	8.461579573019709088e-02	3.839680750687059912e-02	9.429252420588855876e-02
1.736759506702246881e+03	1.930652279889070178e-01	1.208215440170476024e-01	2.871853865487762336e-01	1.814110031672832302e-01	8.468465238966868536e-02	3.844416507870816041e-02	9.438802080926016191e-02
1.741597276915902057e+03	1.927124073359132161e-01	1.205813422493119264e-01	2.874116928359602974e-01	1.815672318636327165e-01	8.475311688402434318e-02	3.849124336913560540e-02	9.448296546167303522e-02
1.746435047129557461e+03	1.923616520343481573e-01	1.203425125757352637e-01	2.876367186511598062e-01	1.817225196803242404e-01	8.482119137772826944e-02	3.853804420486902499e-02	9.457736147548641281e-02
1.751272817343212637e+03	1.920129500743745221e-01	1.201050471048955570e-01	2.878604709711886644e-01	1.818768722881023980e-01	8.488887802524919257e-02	3.858456939590671625e-02	9.467121213993417994e-02
1.756110587556867813e+03	1.916662895152040080e-01	1.198689379909382569e-01	2.880829567425571280e-01	1.820302953227324605e-01	8.495617897105087191e-02	3.863082073579728049e-02	9.476452072137127314e-02
1.760948357770523216e+03	1.913216584847163282e-01	1.196341774333138375e-01	2.883041828813812102e-01	1.821827943852381282e-01	8.502309634958460371e-02	3.867680000190148321e-02	9.485729046351569493e-02
1.765786127984178393e+03	1.909790451790795984e-01	1.194007576765167555e-01	2.885241562733002474e-01	1.823343750421373421e-01	8.508963228528346190e-02	3.872250895564793849e-02	9.494952458768604608e-02
1.770623898197833569e+03	1.906384378623724729e-01	1.191686710098257551e-01	2.887428837734017373e-01	1.824850428256756252e-01	8.515578889255825956e-02	3.876794934278286059e-02	9.504122629303476955e-02
1.775461668411488745e+03	1.902998248662080283e-01	1.189379097670458102e-01	2.889603722061534485e-01	1.826348032340575911e-01	8.522156827579539795e-02	3.881312289361400769e-02	9.513239875677720336e-02
1.780299438625144376e+03	1.899631945893593410e-01	1.187084663262514134e-01	2.891766283653427472e-01	1.827836617316762891e-01	8.528697252935621420e-02	3.885803132324899128e-02	9.522304513441656737e-02
1.785137208838799552e+03	1.896285354973868131e-01	1.184803331095312107e-01	2.893916590140224177e-01	1.829316237493402997e-01	8.535200373757792502e-02	3.890267633182804136e-02	9.531316855996486981e-02
1.789974979052454728e+03	1.892958361222671082e-01	1.182535025827343572e-01	2.896054708844634229e-01	1.830786946844990271e-01	8.541666397477619410e-02	3.894705960475148415e-02	9.540277214615998369e-02
1.794812749266109904e+03	1.889650850620238909e-01	1.180279672552179970e-01	2.898180706781137705e-01	1.832248799014659368e-01	8.548095530524917052e-02	3.899118281290194638e-02	9.549185898467887901e-02
1.799650519479765535e+03	1.886362709803602600e-01	1.178037196795963387e-01	2.900294650655636519e-01	1.833701847316397682e-01	8.554487978328291498e-02	3.903504761286155644e-02	9.558043214634713569e-02
