8.417720171760191761e+02	3.113761524067216180e-01	1.999728265368951874e-01	2.128459290256157210e-01	1.275568952890957508e-01	6.592614446105184156e-02	2.031520093915674050e-02	6.200685134111137697e-02
8.466097873896745796e+02	3.102193300399546105e-01	1.993793897398010995e-01	2.139138606542372589e-01	1.280662605245259655e-01	6.558802485931089499e-02	2.053902593852915612e-02	6.229410824328935475e-02
8.514475576033297557e+02	3.090765848582263664e-01	1.987831126038644702e-01	2.148927797970348608e-01	1.285691304072359709e-01	6.533904331135842458e-02	2.075886522145649685e-02	6.258048380047176451e-02
8.562853278169851592e+02	3.079473727375107162e-01	1.981843721475750331e-01	2.157978750801447798e-01	1.290660911000958977e-01	6.516346753012794424e-02	2.097485817919711448e-02	6.286596322499687917e-02
8.611230980306403353e+02	3.068311860354083764e-01	1.975835217797949628e-01	2.166416828554406093e-01	1.295576317012732404e-01	6.504832156687387346e-02	2.118713846346270691e-02	6.315051759739466475e-02
8.659608682442956251e+02	3.057275502876684037e-01	1.969808928162251060e-01	2.174345506555060148e-01	1.300441610975523743e-01	6.498290299926902380e-02	2.139583401487619302e-02	6.343410812855126979e-02
8.707986384579510286e+02	3.046360213070962719e-01	1.963767958810357372e-01	2.181850195946912485e-01	1.305260218732914312e-01	6.495838467136337557e-02	2.160106715182199752e-02	6.371668952034829914e-02
8.756364086716062047e+02	3.035561826245553596e-01	1.957715222051248372e-01	2.189001398996217318e-01	1.310035017901856336e-01	6.496748618048094059e-02	2.180295470418158743e-02	6.399821259549823282e-02
8.804741788852616082e+02	3.024876432217379341e-01	1.951653448309567385e-01	2.195857312699437403e-01	1.314768432628293515e-01	6.500420289827192610e-02	2.200160817955267023e-02	6.427862633635596235e-02
8.853119490989170117e+02	3.014300355136355636e-01	1.945585197326600013e-01	2.202465977221021165e-01	1.319462511806786531e-01	6.506358245144355790e-02	2.219713395208080045e-02	6.455787944704757808e-02
8.901497193125721878e+02	3.003830135454840788e-01	1.939512868589849670e-01	2.208867048794672383e-01	1.324118993656488996e-01	6.514154035162217360e-02	2.238963346609060961e-02	6.483592153235041844e-02
8.949874895262273640e+02	2.993462513746312781e-01	1.933438711058063919e-01	2.215093262783965067e-01	1.328739359039577961e-01	6.523470791889643405e-02	2.257920344837544002e-02	6.511270396958453166e-02
8.998252597398827675e+02	2.983194416124890780e-01	1.927364832240783254e-01	2.221171641100581351e-01	1.333324875490634887e-01	6.534030684392690136e-02	2.276593612435866970e-02	6.538818053567381494e-02
9.046630299535379436e+02	2.973022941056405188e-01	1.921293206684830945e-01	2.227124488693469351e-01	1.337876633580954433e-01	6.545604572368352025e-02	2.294991943443490737e-02	6.566230783996400422e-02
9.095008001671932334e+02	2.962945347384288719e-01	1.915225683914467403e-01	2.232970215997545915e-01	1.342395576957562953e-01	6.558003472268539302e-02	2.313123724768183231e-02	6.593504560389470970e-02
9.143385703808486369e+02	2.952959043420609886e-01	1.909163995867030061e-01	2.238724017775501340e-01	1.346882527162279464e-01	6.571071518541758694e-02	2.330996957084263688e-02	6.620635682084617668e-02
9.191763405945038130e+02	2.943061576975141702e-01	1.903109763861647596e-01	2.244398433461080311e-01	1.351338204142741029e-01	6.584680158142770801e-02	2.348619275104653348e-02	6.647620782311317034e-02
9.240141108081592165e+02	2.933250626214173873e-01	1.897064505134952450e-01	2.250003809719098580e-01	1.355763243207761815e-01	6.598723362311403884e-02	2.365997967118696477e-02	6.674456827774880030e-02
9.288518810218145063e+02	2.923523991256505861e-01	1.891029638974515703e-01	2.255548682313234798e-01	1.360158209047771793e-01	6.613113677444645844e-02	2.383139993723549371e-02	6.701141112876371486e-02
9.336896512354697961e+02	2.913879586427210455e-01	1.885006492477941942e-01	2.261040091382753858e-01	1.364523607332493171e-01	6.627778968086690814e-02	2.400052005705130900e-02	6.727671249969029155e-02
9.385274214491247449e+02	2.904315433100806421e-01	1.878996305963103464e-01	2.266483841762678419e-01	1.368859894308433189e-01	6.642659730799145568e-02	2.416740361046652852e-02	6.754045156768834213e-02
9.433651916627801484e+02	2.894829653074723619e-01	1.873000238052831279e-01	2.271884717946978938e-01	1.373167484744876321e-01	6.657706878904724734e-02	2.433211141059769822e-02	6.780261041806251443e-02
9.482029618764355519e+02	2.885420462421770527e-01	1.867019370455467731e-01	2.277246661615515977e-01	1.377446758516081837e-01	6.672879915611358570e-02	2.449470165646377637e-02	6.806317388618748909e-02
9.530407320900908417e+02	2.876086165776876591e-01	1.861054712460973315e-01	2.282572918260402373e-01	1.381698066057107654e-01	6.688145427470654214e-02	2.465523007708840184e-02	6.832212939231749327e-02
9.578785023037459041e+02	2.866825151018962403e-01	1.855107205170757612e-01	2.287866158304759645e-01	1.385921732889175417e-01	6.703475842041999033e-02	2.481375006733580260e-02	6.857946677352712295e-02
9.627162725174014213e+02	2.857635884313517449e-01	1.849177725478040324e-01	2.293128577164063597e-01	1.390118063376266089e-01	6.718848403464150465e-02	2.497031281578045159e-02	6.883517811603770409e-02
9.675540427310568248e+02	2.848516905485482531e-01	1.843267089814309145e-01	2.298361977922462884e-01	1.394287343846384308e-01	6.734244327745340930e-02	2.512496742494518126e-02	6.908925759038597736e-02
9.723918129447120009e+02	2.839466823695463438e-01	1.837376057676330665e-01	2.303567839654696303e-01	1.398429845187632581e-01	6.749648106272089498e-02	2.527776102426380900e-02	6.934170129125145909e-02
9.772295831583674044e+02	2.830484313395261187e-01	1.831505334947154950e-01	2.308747373894741717e-01	1.402545825010009517e-01	6.765046931554738463e-02	2.542873887613579520e-02	6.959250708324848933e-02
9.820673533720223531e+02	2.821568110541211594e-01	1.825655577023635179e-01	2.313901571315460093e-01	1.406635529447979593e-01	6.780430223779231047e-02	2.557794447544398803e-02	6.984167445358351045e-02
9.869051235856777566e+02	2.812717009046021843e-01	1.819827391762136870e-01	2.319031240323013998e-01	1.410699194665777090e-01	6.795789240489147343e-02	2.572541964290412167e-02	7.008920437215793164e-02
9.917428937993331601e+02	2.803929857451696317e-01	1.814021342253339664e-01	2.324137038972411695e-01	1.414737048116607443e-01	6.811116754818906383e-02	2.587120461260767126e-02	7.033509915944632929e-02
9.965806640129884499e+02	2.795205555807760422e-01	1.808237949436329872e-01	2.329219501365085709e-01	1.418749309597996111e-01	6.826406790253644608e-02	2.601533811410959920e-02	7.057936236228529170e-02
1.001418434226643626e+03	2.786543052740471649e-01	1.802477694561513410e-01	2.334279059486898400e-01	1.422736192138181199e-01	6.841654401998382984e-02	2.615785744939968724e-02	7.082199863755858638e-02
1.006256204440298802e+03	2.777941342699929428e-01	1.796741021511286673e-01	2.339316061277832426e-01	1.426697902742377899e-01	6.856855496777218562e-02	2.629879856508200719e-02	7.106301364365175122e-02
1.011093974653954206e+03	2.769399463373146131e-01	1.791028338986838386e-01	2.344330785586704602e-01	1.430634643022734576e-01	6.872006684316872560e-02	2.643819612007174830e-02	7.130241393946576411e-02
1.015931744867609382e+03	2.760916493252106862e-01	1.785340022568931984e-01	2.349323454550417412e-01	1.434546609731670030e-01	6.887105154951475572e-02	2.657608354910276707e-02	7.154020689071846628e-02
1.020769515081264785e+03	2.752491549346733346e-01	1.779676416660039839e-01	2.354294243843322865e-01	1.438433995214861705e-01	6.902148578760804176e-02	2.671249312232313461e-02	7.177640058322164174e-02
1.025607285294920075e+03	2.744123785033446561e-01	1.774037836314751315e-01	2.359243291164734302e-01	1.442296987797348218e-01	6.917135022458684168e-02	2.684745600123993742e-02	7.201100374279376104e-02
1.030445055508575479e+03	2.735812388030735565e-01	1.768424568964948596e-01	2.364170703268621276e-01	1.446135772113875395e-01	6.932062880911818437e-02	2.698100229125895491e-02	7.224402566145338156e-02
1.035282825722230655e+03	2.727556578493763317e-01	1.762836876045868195e-01	2.369076561786692403e-01	1.449950529392704524e-01	6.946930820716536170e-02	2.711316109104939739e-02	7.247547612953103569e-02
1.040120595935886058e+03	2.719355607220619309e-01	1.757274994528786882e-01	2.373960928052460673e-01	1.453741437700506733e-01	6.961737733712385079e-02	2.724396053894922662e-02	7.270536537333818772e-02
1.044958366149541234e+03	2.711208753963353923e-01	1.751739138365737414e-01	2.378823847097865651e-01	1.457508672154668172e-01	6.976482698683704464e-02	2.737342785661239786e-02	7.293370399803664195e-02
1.049796136363196410e+03	2.703115325837387450e-01	1.746229499851331413e-01	2.383665350964315477e-01	1.461252405108241781e-01	6.991164949807349149e-02	2.750158939008597384e-02	7.316050293536147109e-02
1.054633906576851814e+03	2.695074655823344600e-01	1.740746250906478609e-01	2.388485461445431779e-01	1.464972806311890252e-01	7.005783850657962275e-02	2.762847064849208514e-02	7.338577339586230264e-02
1.059471676790506763e+03	2.687086101355730672e-01	1.735289544288498298e-01	2.393284192358534068e-01	1.468670043056430063e-01	7.020338872790943263e-02	2.775409634047788093e-02	7.360952682534190050e-02
1.064309447004162394e+03	2.679149042993262952e-01	1.729859514731861281e-01	2.398061551425126059e-01	1.472344280298972796e-01	7.034829578095494473e-02	2.787849040858504657e-02	7.383177486518618937e-02
1.069147217217817570e+03	2.671262883165981261e-01	1.724456280023553556e-01	2.402817541826828829e-01	1.475995680775154251e-01	7.049255604252105400e-02	2.800167606167987960e-02	7.405252931629575930e-02
1.073984987431472746e+03	2.663427044994579607e-01	1.719079942016818463e-01	2.407552163491760433e-01	1.479624405099530804e-01	7.063616652745915991e-02	2.812367580557490962e-02	7.427180210634551361e-02
1.078822757645127922e+03	2.655640971177702925e-01	1.713730587586812792e-01	2.412265414156923304e-01	1.483230611855868575e-01	7.077912478983934552e-02	2.824451147196360354e-02	7.448960526011484673e-02
1.083660527858783553e+03	2.647904122943188221e-01	1.708408289531515023e-01	2.416957290244351186e-01	1.486814457678773960e-01	7.092142884143685932e-02	2.836420424578114940e-02	7.470595087264771117e-02
1.088498298072438729e+03	2.640215979059511442e-01	1.703113107421021233e-01	2.421627787582303348e-01	1.490376097327872074e-01	7.106307708446500671e-02	2.848277469109592938e-02	7.492085108501680968e-02
1.093336068286093905e+03	2.632576034903900686e-01	1.697845088398189928e-01	2.426276901997468372e-01	1.493915683755544788e-01	7.120406825602725032e-02	2.860024277562897912e-02	7.513431806248196954e-02
1.098173838499749309e+03	2.624983801583815057e-01	1.692604267933418838e-01	2.430904629799713890e-01	1.497433368169078516e-01	7.134440138220760064e-02	2.871662789399147611e-02	7.534636397484693882e-02
1.103011608713404712e+03	2.617438805108671662e-01	1.687390670536187409e-01	2.435510968177267421e-01	1.500929300087935347e-01	7.148407574008562582e-02	2.883194888972390874e-02	7.555700097883299993e-02
1.107849378927059888e+03	2.609940585608903074e-01	1.682204310425830518e-01	2.440095915517194181e-01	1.504403627396750931e-01	7.162309082626558410e-02	2.894622407621446486e-02	7.576624120230079917e-02
1.112687149140715292e+03	2.602488696599590257e-01	1.677045192163885701e-01	2.444659471663523376e-01	1.507856496394571200e-01	7.176144633075881574e-02	2.905947125656851981e-02	7.597409673016433662e-02
1.117524919354370468e+03	2.595082704286088005e-01	1.671913311250203538e-01	2.449201638123313651e-01	1.511288051840755098e-01	7.189914211526406140e-02	2.917170774249598295e-02	7.618057959185273176e-02
1.122362689568025871e+03	2.587722186909211519e-01	1.666808654684897306e-01	2.453722418229216384e-01	1.514698436997913844e-01	7.203617819506002995e-02	2.928295037227835254e-02	7.638570175018655206e-02
1.127200459781681047e+03	2.580406734127692614e-01	1.661731201498087007e-01	2.458221817265680009e-01	1.518087793672203423e-01	7.217255472386417681e-02	2.939321552787292277e-02	7.658947509154540034e-02
1.132038229995336451e+03	2.573135946435757826e-01	1.656680923249270743e-01	2.462699842564751163e-01	1.521456262251233149e-01	7.230827198112646514e-02	2.950251915120739865e-02	7.679191141721365688e-02
1.136876000208991627e+03	2.565909434613788953e-01	1.651657784498067327e-01	2.467156503576447557e-01	1.524803981739828451e-01	7.244333036132172277e-02	2.961087675971443497e-02	7.699302243579943250e-02
1.141713770422646803e+03	2.558726819210170311e-01	1.646661743247957999e-01	2.471591811917865367e-01	1.528131089793842434e-01	7.257773036488220086e-02	2.971830346115200347e-02	7.719281975663100370e-02
1.146551540636302207e+03	2.551587730052517489e-01	1.641692751364574876e-01	2.476005781404501116e-01	1.531437722752193031e-01	7.271147259047588962e-02	2.982481396775224503e-02	7.739131488404200898e-02
1.151389310849957155e+03	2.544491805786596728e-01	1.636750754969985289e-01	2.480398428066709349e-01	1.534724015667277286e-01	7.284455772838922816e-02	2.993042260973849400e-02	7.758851921246420758e-02
1.156227081063612786e+03	2.537438693441340098e-01	1.631835694814344206e-01	2.484769770153745783e-01	1.537990102333891829e-01	7.297698655481607566e-02	3.003514334824727156e-02	7.778444402225320742e-02
1.161064851277267962e+03	2.530428048018458775e-01	1.626947506626205131e-01	2.489119828127453193e-01	1.541236115316780009e-01	7.310875992689072622e-02	3.013898978768959208e-02	7.797910047617868934e-02
1.165902621490923138e+03	2.523459532105232217e-01	1.622086121442709306e-01	2.493448624647323919e-01	1.544462185976906987e-01	7.323987877833192106e-02	3.024197518758339406e-02	7.817249961651613621e-02
1.170740391704578315e+03	2.516532815509150423e-01	1.617251465920799269e-01	2.497756184548397540e-01	1.547668444496553830e-01	7.337034411558912561e-02	3.034411247388681468e-02	7.836465236268265466e-02
1.175578161918233945e+03	2.509647574913145829e-01	1.612443462630536450e-01	2.502042534813226915e-01	1.550855019903314980e-01	7.350015701440205940e-02	3.044541424985997696e-02	7.855556950936425087e-02
1.180415932131889122e+03	2.502803493550236347e-01	1.607662030331552250e-01	2.506307704538953129e-01	1.554022040093069323e-01	7.362931861670080069e-02	3.054589280648098426e-02	7.874526172508587718e-02
1.185253702345544298e+03	2.496000260896465428e-01	1.602907084233582691e-01	2.510551724900370041e-01	1.557169631851992586e-01	7.375783012778709680e-02	3.064556013244018259e-02	7.893373955118046514e-02
1.190091472559199701e+03	2.489237572381087227e-01	1.598178536242002290e-01	2.514774629109726711e-01	1.560297920877670996e-01	7.388569281374858522e-02	3.074442792373509661e-02	7.912101340111643566e-02
1.194929242772855105e+03	2.482515129113007368e-01	1.593476295189210912e-01	2.518976452373900554e-01	1.563407031799371461e-01	7.401290799906636020e-02	3.084250759288691482e-02	7.930709356014654932e-02
1.199767012986510281e+03	2.475832637622549792e-01	1.588800267052675741e-01	2.523157231849479931e-01	1.566497088197514875e-01	7.413947706438406282e-02	3.093981027779809170e-02	7.949199018524465143e-02
1.204604783200165684e+03	2.469189809617667042e-01	1.584150355160394430e-01	2.527317006596215831e-01	1.569568212622401981e-01	7.426540144441221014e-02	3.103634685026931614e-02	7.967571330529940599e-02
1.209442553413820860e+03	2.462586361753768827e-01	1.579526460384491071e-01	2.531455817529231211e-01	1.572620526612231173e-01	7.439068262594682179e-02	3.113212792419291913e-02	7.985827282153687423e-02
1.214280323627476264e+03	2.456022015416388926e-01	1.574928481323625562e-01	2.535573707370324392e-01	1.575654150710446566e-01	7.451532214598516335e-02	3.122716386343869083e-02	8.003967850814645846e-02
1.219118093841131440e+03	2.449496496515951860e-01	1.570356314474848636e-01	2.539670720598648512e-01	1.578669204482454624e-01	7.463932158992471477e-02	3.132146478944711210e-02	8.021994001308670186e-02
1.223955864054786844e+03	2.443009535293948764e-01	1.565809854395508183e-01	2.543746903401008508e-01	1.581665806531740159e-01	7.476268258983435888e-02	3.141504058854398262e-02	8.039906685904997519e-02
1.228793634268442020e+03	2.436560866139870773e-01	1.561288993855771412e-01	2.547802303621987674e-01	1.584644074515413337e-01	7.488540682278854721e-02	3.150790091898966749e-02	8.057706844456638540e-02
1.233631404482097196e+03	2.430150227418278186e-01	1.556793623982297148e-01	2.551836970714074782e-01	1.587604125159216006e-01	7.500749600925746274e-02	3.160005521777524418e-02	8.075395404522971166e-02
1.238469174695752372e+03	2.423777361305431699e-01	1.552323634393560914e-01	2.555850955687949400e-01	1.590546074272015664e-01	7.512895191154704555e-02	3.169151270717723845e-02	8.092973281502900684e-02
1.243306944909407548e+03	2.417442013634937548e-01	1.547878913327310479e-01	2.559844311063050881e-01	1.593470036759810360e-01	7.524977633228452367e-02	3.178228240108177394e-02	8.110441378777180632e-02
1.248144715123063179e+03	2.411143933751886403e-01	1.543459347760598177e-01	2.563817090818542033e-01	1.596376126639270920e-01	7.536997111294545248e-02	3.187237311108847421e-02	8.127800587858539927e-02
1.252982485336718355e+03	2.404882874375005031e-01	1.539064823522812708e-01	2.567769350344757950e-01	1.599264457050837140e-01	7.548953813241940369e-02	3.196179345240377639e-02	8.145051788548468563e-02
1.257820255550373531e+03	2.398658591466361345e-01	1.534695225402108731e-01	2.571701146395224957e-01	1.602135140271396530e-01	7.560847930561180597e-02	3.205055184953269770e-02	8.162195849099543321e-02
1.262658025764028707e+03	2.392470844108191275e-01	1.530350437245610040e-01	2.575612537039315142e-01	1.604988287726559493e-01	7.572679658208013309e-02	3.213865654177777004e-02	8.179233626382362288e-02
1.267495795977684338e+03	2.386319394386438308e-01	1.526030342053740774e-01	2.579503581615585905e-01	1.607824010002550930e-01	7.584449194470262168e-02	3.222611558855315028e-02	8.196165966056173646e-02
1.272333566191339514e+03	2.380204007280627976e-01	1.521734822069016890e-01	2.583374340685862802e-01	1.610642416857737402e-01	7.596156740837867183e-02	3.231293687452160834e-02	8.212993702742431290e-02
1.277171336404994690e+03	2.374124450559708110e-01	1.517463758859617096e-01	2.587224875990094541e-01	1.613443617233804028e-01	7.607802501875948753e-02	3.239912811456166497e-02	8.229717660200558393e-02
1.282009106618650094e+03	2.368080494683519888e-01	1.513217033398025213e-01	2.591055250402020116e-01	1.616227719266598861e-01	7.619386685100831835e-02	3.248469685857170719e-02	8.246338651505275008e-02
1.286846876832305497e+03	2.362071912709577115e-01	1.508994526135027381e-01	2.594865527885665268e-01	1.618994830296656973e-01	7.630909500858965022e-02	3.256965049611760393e-02	8.262857479224924862e-02
1.291684647045960673e+03	2.356098480204849022e-01	1.504796117069328310e-01	2.598655773452698825e-01	1.621745056879422830e-01	7.642371162208662361e-02	3.265399626092994195e-02	8.279274935600276775e-02
1.296522417259616077e+03	2.350159975162262882e-01	1.500621685813034734e-01	2.602426053120652782e-01	1.624478504795177913e-01	7.653771884804624892e-02	3.273774123525674540e-02	8.295591802723339958e-02
1.301360187473271253e+03	2.344256177921659468e-01	1.496471111653238650e-01	2.606176433872030573e-01	1.627195279058691879e-01	7.665111886785187789e-02	3.282089235407720240e-02	8.311808852715811546e-02
1.306197957686926657e+03	2.338386871094942088e-01	1.492344273609927940e-01	2.609906983614297404e-01	1.629895483928607280e-01	7.676391388662258397e-02	3.290345640918176939e-02	8.327926847906745589e-02
1.311035727900581833e+03	2.332551839495186075e-01	1.488241050490428097e-01	2.613617771140770984e-01	1.632579222916565320e-01	7.687610613213907707e-02	3.298544005312348260e-02	8.343946541009164553e-02
1.315873498114237009e+03	2.326750870069479171e-01	1.484161320940575179e-01	2.617308866092404318e-01	1.635246598796092354e-01	7.698769785379569464e-02	3.306684980304538252e-02	8.359868675295310803e-02
1.320711268327892412e+03	2.320983751835284103e-01	1.480104963492802628e-01	2.620980338920462227e-01	1.637897713611247696e-01	7.709869132157824712e-02	3.314769204438857558e-02	8.375693984770288258e-02
1.325549038541547588e+03	2.315250275820118497e-01	1.476071856611322064e-01	2.624632260850094934e-01	1.640532668685047435e-01	7.720908882506723192e-02	3.322797303448517953e-02	8.391423194343870795e-02
1.330386808755202765e+03	2.309550235004369512e-01	1.472061878734557683e-01	2.628264703844795380e-01	1.643151564627675365e-01	7.731889267246615238e-02	3.330769890604040606e-02	8.407057020000306691e-02
1.335224578968857941e+03	2.303883424267058611e-01	1.468074908314996041e-01	2.631877740571740842e-01	1.645754501344484644e-01	7.742810518965462241e-02	3.338687567050758337e-02	8.422596168965926222e-02
1.340062349182513572e+03	2.298249640334393828e-01	1.464110823856594190e-01	2.635471444368005511e-01	1.648341578043800437e-01	7.753672871926574339e-02	3.346550922135999029e-02	8.438041339874435831e-02
1.344900119396168748e+03	2.292648681730947990e-01	1.460169503949885761e-01	2.639045889207641826e-01	1.650912893244536606e-01	7.764476561978758684e-02	3.354360533726305493e-02	8.453393222929762862e-02
1.349737889609823924e+03	2.287080348733318835e-01	1.456250827304917672e-01	2.642601149669612237e-01	1.653468544783624483e-01	7.775221826468832476e-02	3.362116968515031779e-02	8.468652500066362054e-02
1.354575659823479100e+03	2.281544443326121996e-01	1.452354672782137646e-01	2.646137300906566958e-01	1.656008629823269018e-01	7.785908904156467469e-02	3.369820782320654545e-02	8.483819845106879698e-02
1.359413430037134731e+03	2.276040769160194710e-01	1.448480919421352708e-01	2.649654418614456608e-01	1.658533244858036715e-01	7.796538035131314603e-02	3.377472520376106901e-02	8.498895923917131057e-02
1.364251200250789907e+03	2.270569131512876204e-01	1.444629446468866096e-01	2.653152579002959754e-01	1.661042485721778428e-01	7.807109460732392092e-02	3.385072717609436538e-02	8.513881394558324434e-02
1.369088970464445310e+03	2.265129337250253727e-01	1.440800133402894700e-01	2.656631858766721477e-01	1.663536447594399781e-01	7.817623423469687027e-02	3.392621898916086537e-02	8.528776907436484700e-02
1.373926740678100487e+03	2.259721194791259324e-01	1.436992859957369750e-01	2.660092335057381296e-01	1.666015225008479483e-01	7.828080166947924690e-02	3.400120579423063227e-02	8.543583105449058246e-02
1.378764510891755890e+03	2.254344514073515215e-01	1.433207506144207610e-01	2.663534085456386036e-01	1.668478911855743874e-01	7.838479935792480591e-02	3.407569264745272108e-02	8.558300624128666045e-02
1.383602281105411066e+03	2.248999106520825630e-01	1.429443952274141727e-01	2.666957187948559294e-01	1.670927601393402406e-01	7.848822975577382510e-02	3.414968451234268176e-02	8.572930091784007611e-02
1.388440051319066470e+03	2.243684785012228511e-01	1.425702078976192888e-01	2.670361720896430313e-01	1.673361386250350469e-01	7.859109532755369221e-02	3.422318626219666288e-02	8.587472129637899187e-02
1.393277821532721646e+03	2.238401363852511317e-01	1.421981767215860781e-01	2.673747763015295043e-01	1.675780358433241191e-01	7.869339854589957328e-02	3.429620268243459974e-02	8.601927351962455892e-02
1.398115591746377049e+03	2.233148658744115445e-01	1.418282898312106244e-01	2.677115393348999395e-01	1.678184609332435684e-01	7.879514189089494025e-02	3.436873847287461731e-02	8.616296366211435853e-02
1.402953361960032225e+03	2.227926486760347935e-01	1.414605353953193589e-01	2.680464691246425835e-01	1.680574229727831714e-01	7.889632784943126365e-02	3.444079824994093764e-02	8.630579773149744949e-02
1.407791132173687402e+03	2.222734666319825803e-01	1.410949016211459073e-01	2.683795736338677185e-01	1.682949309794578019e-01	7.899695891458673180e-02	3.451238654880733892e-02	8.644778166980146561e-02
1.412628902387342805e+03	2.217573017162088045e-01	1.407313767557064610e-01	2.687108608516931563e-01	1.685309939108676491e-01	7.909703758502345528e-02	3.458350782547825464e-02	8.658892135467174955e-02
1.417466672600997981e+03	2.212441360324306217e-01	1.403699490870797262e-01	2.690403387910960675e-01	1.687656206652478619e-01	7.919656636440272623e-02	3.465416645880945584e-02	8.672922260058305022e-02
1.422304442814653157e+03	2.207339518119033339e-01	1.400106069455966384e-01	2.693680154868297039e-01	1.689988200820076170e-01	7.929554776081809697e-02	3.472436675247014826e-02	8.686869116002400582e-02
1.427142213028308333e+03	2.202267314112933694e-01	1.396533387049452013e-01	2.696938989934029585e-01	1.692306009422592239e-01	7.939398428624555581e-02	3.479411293684839951e-02	8.700733272465481505e-02
1.431979983241963964e+03	2.197224573106438539e-01	1.392981327831952221e-01	2.700179973831218772e-01	1.694609719693377647e-01	7.949187845601084212e-02	3.486340917090154090e-02	8.714515292643840172e-02
1.436817753455619140e+03	2.192211121114275296e-01	1.389449776437473860e-01	2.703403187441913991e-01	1.696899418293110751e-01	7.958923278827305381e-02	3.493225954395340338e-02	8.728215733874561399e-02
1.441655523669274316e+03	2.187226785346823577e-01	1.385938617962112485e-01	2.706608711788759392e-01	1.699175191314809541e-01	7.968604980352456124e-02	3.500066807743981018e-02	8.741835147743465262e-02
1.446493293882929493e+03	2.182271394192249192e-01	1.382447737972159474e-01	2.709796628017170361e-01	1.701437124288754654e-01	7.978233202410647817e-02	3.506863872660407472e-02	8.755374080190551911e-02
1.451331064096585123e+03	2.177344777199377579e-01	1.378977022511578554e-01	2.712967017378077883e-01	1.703685302187329109e-01	7.987808197373962027e-02	3.513617538214398178e-02	8.768833071612958108e-02
1.456168834310240300e+03	2.172446765061259444e-01	1.375526358108881964e-01	2.716119961211208578e-01	1.705919809429775336e-01	7.997330217707035449e-02	3.520328187181169521e-02	8.782212656965494857e-02
1.461006604523895703e+03	2.167577189599397547e-01	1.372095631783447345e-01	2.719255540928905979e-01	1.708140729886872822e-01	8.006799515923108956e-02	3.526996196196804934e-02	8.795513365858795285e-02
1.465844374737550879e+03	2.162735883748592158e-01	1.368684731051303394e-01	2.722373838000466950e-01	1.710348146885541654e-01	8.016216344541501893e-02	3.533621935909259104e-02	8.808735722655142153e-02
1.470682144951206283e+03	2.157922681542376042e-01	1.365293543930414799e-01	2.725474933936981592e-01	1.712542143213367785e-01	8.025580956046472758e-02	3.540205771125072565e-02	8.821880246561999983e-02
1.475519915164861459e+03	2.153137418099000666e-01	1.361921958945497557e-01	2.728558910276672189e-01	1.714722801123058915e-01	8.034893602847423266e-02	3.546748060951921550e-02	8.834947451723315637e-02
1.480357685378516862e+03	2.148379929607952266e-01	1.358569865132389087e-01	2.731625848570702897e-01	1.716890202336830984e-01	8.044154537240433278e-02	3.553249158937130808e-02	8.847937847308631754e-02
1.485195455592172038e+03	2.143650053316960569e-01	1.355237152042002569e-01	2.734675830369466265e-01	1.719044428050724715e-01	8.053364011371082209e-02	3.559709413202269412e-02	8.860851937600056072e-02
1.490033225805827215e+03	2.138947627519476591e-01	1.351923709743883262e-01	2.737708937209318294e-01	1.721185558938858606e-01	8.062522277198498621e-02	3.566129166573949599e-02	8.873690222077133816e-02
1.494870996019482618e+03	2.134272491542595074e-01	1.348629428829398180e-01	2.740725250599757024e-01	1.723313675157617242e-01	8.071629586460651873e-02	3.572508756710932737e-02	8.886453195499686986e-02
1.499708766233137567e+03	2.129624485735396588e-01	1.345354200414571877e-01	2.743724852011036330e-01	1.725428856349779105e-01	8.080686190640812283e-02	3.578848516227661064e-02	8.899141347988641371e-02
1.504546536446793198e+03	2.125003451457687098e-01	1.342097916142593605e-01	2.746707822862192172e-01	1.727531181648581105e-01	8.089692340935168702e-02	3.585148772814319984e-02	8.911755165104920384e-02
1.509384306660448374e+03	2.120409231069112777e-01	1.338860468186018060e-01	2.749674244509484611e-01	1.729620729681728142e-01	8.098648288221572955e-02	3.591409849353525280e-02	8.924295127926416826e-02
1.514222076874103550e+03	2.115841667918629265e-01	1.335641749248668020e-01	2.752624198235229525e-01	1.731697578575345509e-01	8.107554283029369535e-02	3.597632064033747662e-02	8.936761713123113349e-02
1.519059847087758726e+03	2.111300606334310381e-01	1.332441652567265544e-01	2.755557765237020562e-01	1.733761805957873547e-01	8.116410575510291103e-02	3.603815730459557221e-02	8.949155393030394645e-02
1.523897617301414357e+03	2.106785891613473516e-01	1.329260071912803098e-01	2.758475026617328019e-01	1.735813488963912909e-01	8.125217415410385113e-02	3.609961157758798111e-02	8.961476635720579120e-02
1.528735387515069533e+03	2.102297370013108679e-01	1.326096901591670985e-01	2.761376063373456868e-01	1.737852704238012913e-01	8.133975052042949350e-02	3.616068650686762864e-02	8.973725905072742204e-02
1.533573157728724709e+03	2.097834888740590376e-01	1.322952036446553570e-01	2.764260956387862844e-01	1.739879527938413273e-01	8.142683734262433359e-02	3.622138509727474559e-02	8.985903660840836860e-02
1.538410927942380113e+03	2.093398295944665921e-01	1.319825371857113461e-01	2.767129786418816018e-01	1.741894035740734203e-01	8.151343710439303003e-02	3.628171031192145568e-02	8.998010358720195945e-02
1.543248698156035516e+03	2.088987440706696064e-01	1.316716803740467512e-01	2.769982634091396889e-01	1.743896302841619339e-01	8.159955228435823715e-02	3.634166507314906536e-02	9.010046450412420582e-02
1.548086468369690692e+03	2.084602173032141514e-01	1.313626228551474928e-01	2.772819579888815000e-01	1.745886403962330913e-01	8.168518535582733331e-02	3.640125226345880538e-02	9.022012383688716997e-02
1.552924238583346096e+03	2.080242343842279018e-01	1.310553543282845235e-01	2.775640704144051174e-01	1.747864413352300805e-01	8.177033878656798926e-02	3.646047472641680137e-02	9.033908602451723446e-02
1.557762008797001272e+03	2.075907804966139747e-01	1.307498645465076104e-01	2.778446087031800626e-01	1.749830404792635241e-01	8.185501503859202166e-02	3.651933526753404352e-02	9.045735546795846682e-02
1.562599779010656675e+03	2.071598409132651419e-01	1.304461433166232698e-01	2.781235808560719724e-01	1.751784451599578407e-01	8.193921656794776742e-02	3.657783665512202159e-02	9.057493653066174544e-02
1.567437549224311852e+03	2.067314009962982202e-01	1.301441804991577689e-01	2.784009948565959736e-01	1.753726626627931107e-01	8.202294582452014648e-02	3.663598162112486484e-02	9.069183353915967472e-02
1.572275319437967255e+03	2.063054461963068076e-01	1.298439660083062219e-01	2.786768586701983685e-01	1.755657002274430833e-01	8.210620525183873197e-02	3.669377286192851417e-02	9.080805078362806648e-02
1.577113089651622431e+03	2.058819620516322557e-01	1.295454898118681697e-01	2.789511802435656329e-01	1.757575650481088825e-01	8.218899728689316175e-02	3.675121303914771070e-02	9.092359251843395995e-02
1.581950859865277607e+03	2.054609341876512396e-01	1.292487419311712238e-01	2.792239675039600577e-01	1.759482642738491032e-01	8.227132435995603010e-02	3.680830478039136266e-02	9.103846296267083249e-02
1.586788630078933011e+03	2.050423483160794813e-01	1.289537124409827484e-01	2.794952283585809827e-01	1.761378050089057734e-01	8.235318889441282930e-02	3.686505068000697771e-02	9.115266630068108444e-02
1.591626400292587959e+03	2.046261902342910721e-01	1.286603914694108286e-01	2.797649706939513425e-01	1.763261943130266796e-01	8.243459330659871909e-02	3.692145329980478508e-02	9.126620668256639479e-02
1.596464170506243590e+03	2.042124458246519225e-01	1.283687691977949685e-01	2.800332023753285826e-01	1.765134392017841392e-01	8.251554000564219338e-02	3.697751516976199859e-02	9.137908822468605863e-02
1.601301940719898766e+03	2.038011010538673951e-01	1.280788358605872146e-01	2.802999312461385006e-01	1.766995466468900822e-01	8.259603139331500588e-02	3.703323878870797697e-02	9.149131501014373669e-02
1.606139710933553943e+03	2.033921419723430102e-01	1.277905817452242021e-01	2.805651651274327918e-01	1.768845235765075796e-01	8.267606986388860435e-02	3.708862662499071150e-02	9.160289108926293611e-02
1.610977481147209119e+03	2.029855547135578087e-01	1.275039971919910697e-01	2.808289118173686316e-01	1.770683768755590970e-01	8.275565780399656013e-02	3.714368111712523096e-02	9.171382048005140286e-02
1.615815251360864750e+03	2.025813254934495933e-01	1.272190725938771583e-01	2.810911790907093533e-01	1.772511133860313060e-01	8.283479759250306218e-02	3.719840467442441651e-02	9.182410716865492539e-02
1.620653021574519926e+03	2.021794406098116892e-01	1.269357983964246595e-01	2.813519746983464964e-01	1.774327399072766209e-01	8.291349160037705945e-02	3.725279967761275374e-02	9.193375510980061893e-02
1.625490791788175102e+03	2.017798864417006122e-01	1.266541650975701039e-01	2.816113063668420069e-01	1.776132631963115160e-01	8.299174219057207924e-02	3.730686847942351475e-02	9.204276822723012064e-02
1.630328562001830505e+03	2.013826494488541174e-01	1.263741632474796595e-01	2.818691817979901426e-01	1.777926899681117889e-01	8.306955171791141623e-02	3.736061340517984886e-02	9.215115041412297314e-02
1.635166332215485909e+03	2.009877161711192683e-01	1.260957834483782680e-01	2.821256086683984199e-01	1.779710268959048269e-01	8.314692252897860902e-02	3.741403675336021917e-02	9.225890553351032142e-02
1.640004102429141085e+03	2.005950732278898307e-01	1.258190163543732865e-01	2.823805946290872115e-01	1.781482806114585427e-01	8.322385696201306526e-02	3.746714079614866383e-02	9.236603741867928374e-02
1.644841872642796488e+03	2.002047073175530212e-01	1.255438526712728264e-01	2.826341473051071085e-01	1.783244577053676727e-01	8.330035734681057180e-02	3.751992777997031903e-02	9.247254987356831601e-02
1.649679642856451665e+03	1.998166052169448037e-01	1.252702831563993202e-01	2.828862742951738785e-01	1.784995647273369956e-01	8.337642600462856490e-02	3.757239992601258544e-02	9.257844667315370812e-02
1.654517413070107068e+03	1.994307537808134301e-01	1.249982986183984651e-01	2.831369831713199670e-01	1.786736081864618852e-01	8.345206524809621607e-02	3.762455943073242381e-02	9.268373156382743450e-02
1.659355183283762244e+03	1.990471399412911679e-01	1.247278899170440464e-01	2.833862814785629292e-01	1.788465945515060052e-01	8.352727738112886158e-02	3.767640846635011975e-02	9.278840826376663631e-02
1.664192953497417420e+03	1.986657507073734952e-01	1.244590479630389157e-01	2.836341767345893494e-01	1.790185302511762278e-01	8.360206469884685909e-02	3.772794918132990616e-02	9.289248046329504072e-02
1.669030723711072824e+03	1.982865731644057050e-01	1.241917637178121120e-01	2.838806764294540264e-01	1.791894216743949442e-01	8.367642948749876020e-02	3.777918370084783900e-02	9.299595182523641423e-02
1.673868493924728000e+03	1.979095944735765056e-01	1.239260281933130536e-01	2.841257880252944790e-01	1.793592751705698207e-01	8.375037402438843814e-02	3.783011412724730793e-02	9.309882598526030006e-02
1.678706264138383403e+03	1.975348018714185028e-01	1.236618324518021922e-01	2.843695189560593861e-01	1.795280970498607243e-01	8.382390057780633730e-02	3.788074254048251488e-02	9.320110655222028917e-02
1.683544034352038352e+03	1.971621826693150670e-01	1.233991676056392095e-01	2.846118766272515144e-01	1.796958935834445381e-01	8.389701140696445569e-02	3.793107099855023284e-02	9.330279710848495001e-02
1.688381804565693983e+03	1.967917242530133615e-01	1.231380248170683284e-01	2.848528684156839685e-01	1.798626710037770637e-01	8.396970876193518563e-02	3.798110153791027510e-02	9.340390121026169445e-02
1.693219574779349159e+03	1.964234140821436436e-01	1.228783952980013056e-01	2.850925016692497649e-01	1.800284355048528406e-01	8.404199488359370696e-02	3.803083617389486915e-02	9.350442238791376037e-02
1.698057344993004335e+03	1.960572396897440617e-01	1.226202703097983016e-01	2.853307837067036723e-01	1.801931932424623017e-01	8.411387200356386373e-02	3.808027690110733082e-02	9.360436414627043566e-02
1.702895115206659511e+03	1.956931886817912247e-01	1.223636411630465992e-01	2.855677218174567655e-01	1.803569503344467917e-01	8.418534234416745476e-02	3.812942569381041341e-02	9.370372996493074591e-02
1.707732885420315142e+03	1.953312487367361294e-01	1.221084992173376155e-01	2.858033232613830799e-01	1.805197128609511703e-01	8.425640811837684097e-02	3.817828450630442183e-02	9.380252329856075821e-02
1.712570655633970318e+03	1.949714076050452494e-01	1.218548358810421228e-01	2.860375952686373680e-01	1.806814868646741123e-01	8.432707152977073073e-02	3.822685527329560545e-02	9.390074757718480658e-02
1.717408425847625494e+03	1.946136531087465649e-01	1.216026426110841524e-01	2.862705450394845696e-01	1.808422783511162701e-01	8.439733477249297677e-02	3.827513991025495443e-02	9.399840620647052780e-02
1.722246196061280898e+03	1.942579731409805333e-01	1.213519109127133150e-01	2.865021797441396068e-01	1.810020932888261880e-01	8.446720003121443998e-02	3.832314031376773955e-02	9.409550256800815193e-02
1.727083966274936301e+03	1.939043556655558331e-01	1.211026323392761089e-01	2.867325065226180580e-01	1.811609376096440793e-01	8.453666948109773982e-02	3.837085836187408699e-02	9.419204001958406125e-02
1.731921736488591478e+03	1.935527887165094107e-01	1.208547984919860901e-01	2.869615324845968818e-01	1.813188172089434669e-01	8.460574528776468317e-02	3.841829591440071301e-02	9.428802189544874257e-02
1.736759506702246881e+03	1.932032603976710505e-01	1.206084010196930428e-01	2.871892647092849638e-01	1.814757379458706577e-01	8.467442960726657974e-02	3.846545481328425553e-02	9.438345150657941052e-02
1.741597276915902057e+03	1.928557588822323032e-01	1.203634316186514147e-01	2.874157102453032686e-01	1.816317056435824417e-01	8.474272458605699998e-02	3.851233688288628609e-02	9.447833214093734333e-02
1.746435047129557461e+03	1.925102724123193554e-01	1.201198820322879612e-01	2.876408761105739287e-01	1.817867260894812931e-01	8.481063236096719749e-02	3.855894393030031425e-02	9.457266706372001452e-02
1.751272817343212637e+03	1.921667892985701176e-01	1.198777440509688763e-01	2.878647692922187695e-01	1.819408050354490158e-01	8.487815505918389070e-02	3.860527774565101350e-02	9.466645951760840894e-02
1.756110587556867813e+03	1.918252979197149211e-01	1.196370095117663263e-01	2.880873967464659402e-01	1.820939481980783370e-01	8.494529479822943152e-02	3.865134010238582829e-02	9.475971272300930115e-02
1.760948357770523216e+03	1.914857867221612941e-01	1.193976702982246230e-01	2.883087653985653143e-01	1.822461612589023339e-01	8.501205368594436096e-02	3.869713275755926052e-02	9.485242987829296812e-02
1.765786127984178393e+03	1.911482442195823195e-01	1.191597183401260640e-01	2.885288821427114958e-01	1.823974498646221409e-01	8.507843382047199088e-02	3.874265745210997425e-02	9.494461416002618337e-02
1.770623898197833569e+03	1.908126589925084882e-01	1.189231456132565784e-01	2.887477538419752077e-01	1.825478196273328246e-01	8.514443729024531726e-02	3.878791591113098236e-02	9.503626872320078411e-02
1.775461668411488745e+03	1.904790196879231345e-01	1.186879441391711365e-01	2.889653873282417851e-01	1.826972761247472876e-01	8.521006617397583471e-02	3.883290984413305391e-02	9.512739670145786697e-02
1.780299438625144376e+03	1.901473150188613959e-01	1.184541059849591599e-01	2.891817894021571633e-01	1.828458249004185077e-01	8.527532254064455752e-02	3.887764094530155035e-02	9.521800120730779249e-02
1.785137208838799552e+03	1.898175337640121141e-01	1.182216232630098895e-01	2.893969668330808043e-01	1.829934714639597504e-01	8.534020844949473383e-02	3.892211089374691263e-02	9.530808533234594315e-02
1.789974979052454728e+03	1.894896647673234846e-01	1.179904881307777820e-01	2.896109263590456173e-01	1.831402212912632277e-01	8.540472595002662759e-02	3.896632135374893807e-02	9.539765214746455391e-02
1.794812749266109904e+03	1.891636969376115640e-01	1.177606927905480577e-01	2.898236746867242086e-01	1.832860798247168133e-01	8.546887708199397971e-02	3.901027397499502031e-02	9.548670470306055980e-02
1.799650519479765535e+03	1.888396192481717750e-01	1.175322294892025138e-01	2.900352184914020692e-01	1.834310524734193704e-01	8.553266387540228721e-02	3.905397039281256061e-02	9.557524602923962720e-02
1.804488289693420711e+03	1.885174207363938259e-01	1.173050905179853498e-01	2.902455644169562032e-01	1.835751446133939702e-01	8.559608835050870612e-02	3.909741222839566849e-02	9.566327913601656296e-02
