8.611230980306403353e+02	3.082634944538816257e-01	1.963094551761261630e-01	2.157893034178479663e-01	1.295798674538510276e-01	6.545098009607885903e-02	2.188866856215900686e-02	6.271823083969381429e-02
8.659608682442956251e+02	3.070699613306504538e-01	1.957825395944726432e-01	2.168018869608192012e-01	1.300680701677048301e-01	6.520125793070506715e-02	2.205901577376613923e-02	6.301726824152015238e-02
8.707986384579510286e+02	3.058936039324274270e-01	1.952498249310058442e-01	2.177156505411219911e-01	1.305512190020227392e-01	6.505005687571308037e-02	2.222465830269428413e-02	6.331498641465317656e-02
8.756364086716062047e+02	3.047337291192392938e-01	1.947118473472764788e-01	2.185526001022646825e-01	1.310297485171775245e-01	6.497444619399934951e-02	2.238641792027347074e-02	6.361121079940774969e-02
8.804741788852616082e+02	3.035896839553238746e-01	1.941691111691898342e-01	2.193296815649442288e-01	1.315040014152006331e-01	6.495677992416797053e-02	2.254492973017701435e-02	6.390581224063492105e-02
8.853119490989170117e+02	3.024608528493821225e-01	1.936220907531583102e-01	2.200599459746037379e-01	1.319742494429982649e-01	6.498347944159388323e-02	2.270068514333147686e-02	6.419869639457069510e-02
8.901497193125721878e+02	3.013466549924181392e-01	1.930712322341277820e-01	2.207534462873562420e-01	1.324407094936748963e-01	6.504409645686642927e-02	2.285406495320530668e-02	6.448979558198972284e-02
8.949874895262273640e+02	3.002465420451049249e-01	1.925169551649891231e-01	2.214179276085344317e-01	1.329035560113253633e-01	6.513059185398396844e-02	2.300536479186795699e-02	6.477906252383276720e-02
8.998252597398827675e+02	2.991599960365201594e-01	1.919596540556987863e-01	2.220593584596261549e-01	1.333629305500848850e-01	6.523678065040644514e-02	2.315481472193086157e-02	6.506646552537130590e-02
9.046630299535379436e+02	2.980865274437894397e-01	1.913996998194634480e-01	2.226823396906124630e-01	1.338189491422894506e-01	6.535790481334120827e-02	2.330259431519702759e-02	6.535198477494551239e-02
9.095008001671932334e+02	2.970256734281576105e-01	1.908374411325428344e-01	2.232904192202649629e-01	1.342717079797947632e-01	6.549030448093681733e-02	2.344884425768639993e-02	6.563560950025519591e-02
9.143385703808486369e+02	2.959769962076699845e-01	1.902732057135580190e-01	2.238863342953262558e-01	1.347212877964314715e-01	6.563116492103142352e-02	2.359367528121869909e-02	6.591733578440274466e-02
9.191763405945038130e+02	2.949400815502926099e-01	1.897073015276316554e-01	2.244721979631739972e-01	1.351677572502385238e-01	6.577832178142280217e-02	2.373717503741441109e-02	6.619716488946461586e-02
9.240141108081592165e+02	2.939145373741556266e-01	1.891400179202097909e-01	2.250496426071177947e-01	1.356111755353564818e-01	6.593011120424245586e-02	2.387941338811106623e-02	6.647510197044539937e-02
9.288518810218145063e+02	2.928999924438532854e-01	1.885716266850047396e-01	2.256199304338019074e-01	1.360515944005399880e-01	6.608525446996595110e-02	2.402044647700626520e-02	6.675115508946646847e-02
9.336896512354697961e+02	2.918960951535102821e-01	1.880023830701442467e-01	2.261840385242531726e-01	1.364890597105142545e-01	6.624276921709459920e-02	2.416031986330351156e-02	6.702533446081856972e-02
9.385274214491247449e+02	2.909025123887362119e-01	1.874325267262991479e-01	2.267427243068869391e-01	1.369236126550473220e-01	6.640190111571134257e-02	2.429907093345903824e-02	6.729765187349867617e-02
9.433651916627801484e+02	2.899189284607174288e-01	1.868622826002879767e-01	2.272965759613989611e-01	1.373552906864781153e-01	6.656207128324928557e-02	2.443673075734809075e-02	6.756812025015880574e-02
9.482029618764355519e+02	2.889450441066024333e-01	1.862918617774099450e-01	2.278460512239095792e-01	1.377841282478647900e-01	6.672283581613035197e-02	2.457332551685618982e-02	6.783675331086538862e-02
9.530407320900908417e+02	2.879805755510710386e-01	1.857214622755378741e-01	2.283915072643873945e-01	1.382101573396203320e-01	6.688385464625140608e-02	2.470887760541328956e-02	6.810356531735733965e-02
9.578785023037459041e+02	2.870252536245794794e-01	1.851512697938017538e-01	2.289332236921623465e-01	1.386334079614974790e-01	6.704486757420377585e-02	2.484340647429342935e-02	6.836857087910037933e-02
9.627162725174014213e+02	2.860788229342662858e-01	1.845814584185128115e-01	2.294714202718307616e-01	1.390539084583123919e-01	6.720567582592906763e-02	2.497692928403525553e-02	6.863178480675215243e-02
9.675540427310568248e+02	2.851410410839164689e-01	1.840121912888090239e-01	2.300062705674149055e-01	1.394716857912764729e-01	6.736612786035231504e-02	2.510946140589501163e-02	6.889322200197445234e-02
9.723918129447120009e+02	2.842116779397283466e-01	1.834436212243519548e-01	2.305379124521446943e-01	1.398867657517842977e-01	6.752610844864696815e-02	2.524101680789667124e-02	6.915289737508573120e-02
9.772295831583674044e+02	2.832905149389185473e-01	1.828758913172600920e-01	2.310664562053418580e-01	1.402991731306418022e-01	6.768553027138232703e-02	2.537160835208052134e-02	6.941082578401350234e-02
9.820673533720223531e+02	2.823773444384551912e-01	1.823091354903349504e-01	2.315919907517287046e-01	1.407089318527429411e-01	6.784432745343427218e-02	2.550124802342239316e-02	6.966702198952019753e-02
9.869051235856777566e+02	2.814719691014261893e-01	1.817434790235114006e-01	2.321145884705938800e-01	1.411160650849123399e-01	6.800245059017562266e-02	2.562994710617871874e-02	6.992150062284055445e-02
9.917428937993331601e+02	2.805742013187410566e-01	1.811790390503511539e-01	2.326343089038184764e-01	1.415205953228668156e-01	6.815986292131515079e-02	2.575771631978200638e-02	7.017427616276407376e-02
9.965806640129884499e+02	2.796838626640340553e-01	1.806159250262909521e-01	2.331512016160051104e-01	1.419225444618911203e-01	6.831653738791440555e-02	2.588456592361733019e-02	7.042536291988582553e-02
1.001418434226643626e+03	2.788007833797853663e-01	1.800542391702574241e-01	2.336653084016430404e-01	1.423219338547760948e-01	6.847245436903842686e-02	2.601050579785989247e-02	7.067477502627855790e-02
1.006256204440298802e+03	2.779248018928139330e-01	1.794940768811671417e-01	2.341766649893629038e-01	1.427187843597620132e-01	6.862759994138722952e-02	2.613554550589877040e-02	7.092252642924687378e-02
1.011093974653954206e+03	2.770557643574168005e-01	1.789355271307422890e-01	2.346853023587901488e-01	1.431131163806083073e-01	6.878196454134534454e-02	2.625969434259819643e-02	7.116863088813783766e-02
1.015931744867609382e+03	2.761935242245413535e-01	1.783786728339902816e-01	2.351912477589198636e-01	1.435049499004333595e-01	6.893554193666356911e-02	2.638296137166751265e-02	7.141310197342302934e-02
1.020769515081264785e+03	2.753379418354786612e-01	1.778235911986185969e-01	2.356945254964701864e-01	1.438943045105978702e-01	6.908832843636457388e-02	2.650535545465647347e-02	7.165595306745262127e-02
1.025607285294920075e+03	2.744888840386601192e-01	1.772703540545820522e-01	2.361951575469205811e-01	1.442811994356220928e-01	6.924032228391782673e-02	2.662688527351209089e-02	7.189719736642427583e-02
1.030445055508575479e+03	2.736462238282255099e-01	1.767190281648926831e-01	2.366931640288167660e-01	1.446656535549066536e-01	6.939152319139246794e-02	2.674755934818636924e-02	7.213684788321855779e-02
1.035282825722230655e+03	2.728098400031123694e-01	1.761696755187566465e-01	2.371885635725913266e-01	1.450476854218583078e-01	6.954193198204267068e-02	2.686738605044048864e-02	7.237491745083715622e-02
1.040120595935886058e+03	2.719796168454889362e-01	1.756223536080426528e-01	2.376813736079656236e-01	1.454273132808903690e-01	6.969155031628107566e-02	2.698637361472643048e-02	7.261141872624390925e-02
1.044958366149541234e+03	2.711554438174243464e-01	1.750771156880286394e-01	2.381716105884690293e-01	1.458045550826669867e-01	6.984038048176827163e-02	2.710453014682347866e-02	7.284636419445829347e-02
1.049796136363196410e+03	2.703372152747542945e-01	1.745340110233197517e-01	2.386592901673543488e-01	1.461794284978818470e-01	6.998842523278969718e-02	2.722186363075033630e-02	7.307976617278875986e-02
1.054633906576851814e+03	2.695248301971606697e-01	1.739930851197799000e-01	2.391444273359114303e-01	1.465519509298013612e-01	7.013568766751027139e-02	2.733838193435312452e-02	7.331163681512224695e-02
1.059471676790506763e+03	2.687181919335408509e-01	1.734543799432709532e-01	2.396270365326581275e-01	1.469221395257557239e-01	7.028217113432841390e-02	2.745409281387682990e-02	7.354198811620812903e-02
1.064309447004162394e+03	2.679172079617958002e-01	1.729179341259487468e-01	2.401071317299454388e-01	1.472900111877242790e-01	7.042787916057662023e-02	2.756900391775632397e-02	7.377083191589184352e-02
1.069147217217817570e+03	2.671217896622170573e-01	1.723837831608224236e-01	2.405847265030178206e-01	1.476555825821333767e-01	7.057281539837371998e-02	2.768312278980840022e-02	7.399817990326627848e-02
1.073984987431472746e+03	2.663318521036980302e-01	1.718519595852436854e-01	2.410598340854185340e-01	1.480188701489626724e-01	7.071698358363383285e-02	2.779645687196394613e-02	7.422404362071843842e-02
1.078822757645127922e+03	2.655473138420411106e-01	1.713224931539539253e-01	2.415324674137420691e-01	1.483798901102389989e-01	7.086038750515932794e-02	2.790901350664694303e-02	7.444843446785681662e-02
1.083660527858783553e+03	2.647680967296733856e-01	1.707954110022825434e-01	2.420026391640536234e-01	1.487386584779820942e-01	7.100303098145582803e-02	2.802079993888207526e-02	7.467136370530967626e-02
1.088498298072438729e+03	2.639941257361222426e-01	1.702707378000554439e-01	2.424703617817682566e-01	1.490951910616571396e-01	7.114491784345318426e-02	2.813182331819358284e-02	7.489284245838934151e-02
1.093336068286093905e+03	2.632253287786400220e-01	1.697484958967410418e-01	2.429356475063777776e-01	1.494495034751796847e-01	7.128605192173734229e-02	2.824209070034320104e-02	7.511288172062011159e-02
1.098173838499749309e+03	2.624616365624014014e-01	1.692287054583311579e-01	2.433985083921000325e-01	1.498016111435117592e-01	7.142643703722111048e-02	2.835160904894374473e-02	7.533149235713001990e-02
1.103011608713404712e+03	2.617029824297300578e-01	1.687113845964261782e-01	2.438589563252850367e-01	1.501515293088829806e-01	7.156607699443069681e-02	2.846038523697622807e-02	7.554868510790807568e-02
1.107849378927059888e+03	2.609493022178418498e-01	1.681965494899670954e-01	2.443170030392260716e-01	1.504992730366660481e-01	7.170497557677651956e-02	2.856842604823173898e-02	7.576447059092997205e-02
1.112687149140715292e+03	2.602005341246214076e-01	1.676842145000314865e-01	2.447726601268805924e-01	1.508448572209318550e-01	7.184313654332386001e-02	2.867573817869414204e-02	7.597885930515596575e-02
1.117524919354370468e+03	2.594566185819760507e-01	1.671743922780876135e-01	2.452259390518952975e-01	1.511882965897073661e-01	7.198056362669202901e-02	2.878232823787582606e-02	7.619186163340520290e-02
1.122362689568025871e+03	2.587174981363370985e-01	1.666670938680778202e-01	2.456768511582436143e-01	1.515296057099561611e-01	7.211726053179799700e-02	2.888820275011567615e-02	7.640348784511104274e-02
1.127200459781681047e+03	2.579831173359031227e-01	1.661623288026816414e-01	2.461254076787185996e-01	1.518687989923004078e-01	7.225323093522716122e-02	2.899336815584619906e-02	7.661374809896229210e-02
1.132038229995336451e+03	2.572534226242425004e-01	1.656601051940888580e-01	2.465716197424721035e-01	1.522058906955005009e-01	7.238847848506535509e-02	2.909783081283492251e-02	7.682265244543518001e-02
1.136876000208991627e+03	2.565283622398944474e-01	1.651604298195944454e-01	2.470154983817522687e-01	1.525408949307077433e-01	7.252300680106577024e-02	2.920159699740390927e-02	7.703021082922080487e-02
1.141713770422646803e+03	2.558078861216284694e-01	1.646633082023093719e-01	2.474570545379598252e-01	1.528738256655037819e-01	7.265681947505463201e-02	2.930467290563021701e-02	7.723643309155314718e-02
1.146551540636302207e+03	2.550919458190408218e-01	1.641687446872642231e-01	2.478962990671202682e-01	1.532046967277398697e-01	7.278992007150295040e-02	2.940706465452934057e-02	7.744132897244197788e-02
1.151389310849957155e+03	2.543804944081861641e-01	1.636767425131675779e-01	2.483332427448503577e-01	1.535335218091874177e-01	7.292231212820925179e-02	2.950877828322310409e-02	7.764490811281564431e-02
1.156227081063612786e+03	2.536734864119574162e-01	1.631873038800659148e-01	2.487678962708820829e-01	1.538603144690113833e-01	7.305399915705210190e-02	2.960981975409304051e-02	7.784718005657767503e-02
1.161064851277267962e+03	2.529708777249459750e-01	1.627004300131371928e-01	2.492002702731974106e-01	1.541850881370759319e-01	7.318498464478151444e-02	2.971019495391999388e-02	7.804815425258167239e-02
1.165902621490923138e+03	2.522726255425271624e-01	1.622161212228384608e-01	2.496303753118156998e-01	1.545078561170929177e-01	7.331527205382644408e-02	2.980990969501038854e-02	7.824784005652864194e-02
1.170740391704578315e+03	2.515786882939317626e-01	1.617343769616137739e-01	2.500582218822714475e-01	1.548286315896213738e-01	7.344486482310161324e-02	2.990896971630948101e-02	7.844624673279027016e-02
1.175578161918233945e+03	2.508890255790774959e-01	1.612551958773582039e-01	2.504838204188119533e-01	1.551474276149265030e-01	7.357376636880158527e-02	3.000738068450176099e-02	7.864338345616223025e-02
1.180415932131889122e+03	2.502035981089473227e-01	1.607785758638219098e-01	2.509071812973413529e-01	1.554642571357064129e-01	7.370198008517353516e-02	3.010514819509855708e-02	7.883925931355065253e-02
1.185253702345544298e+03	2.495223676493131815e-01	1.603045141081283209e-01	2.513283148381337817e-01	1.557791329796934521e-01	7.382950934526280595e-02	3.020227777351291998e-02	7.903388330559533992e-02
1.190091472559199701e+03	2.488452969676159809e-01	1.598330071355698601e-01	2.517472313083344848e-01	1.560920678621375290e-01	7.395635750162747601e-02	3.029877487612171738e-02	7.922726434823280928e-02
1.194929242772855105e+03	2.481723497828222935e-01	1.593640508518364141e-01	2.521639409242672492e-01	1.564030743881774654e-01	7.408252788701945313e-02	3.039464489131487104e-02	7.941941127420217017e-02
1.199767012986510281e+03	2.475034907180896637e-01	1.588976405828217142e-01	2.525784538535624790e-01	1.567121650551068224e-01	7.420802381503098510e-02	3.048989314053173610e-02	7.961033283449657494e-02
1.204604783200165684e+03	2.468386852560807976e-01	1.584337711121457104e-01	2.529907802171195708e-01	1.570193522545401399e-01	7.433284858070618450e-02	3.058452487928449426e-02	7.980003769976308503e-02
1.209442553413820860e+03	2.461778996967767252e-01	1.579724367165225851e-01	2.534009300909165208e-01	1.573246482744845021e-01	7.445700546111767848e-02	3.067854529816852263e-02	7.998853446165347936e-02
1.214280323627476264e+03	2.455211011176471614e-01	1.575136311990964488e-01	2.538089135076773695e-01	1.576280653013219235e-01	7.458049771590921639e-02	3.077195952385966549e-02	8.017583163412828062e-02
1.219118093841131440e+03	2.448682573360447257e-01	1.570573479208604850e-01	2.542147404584075843e-01	1.579296154217073866e-01	7.470332858780506791e-02	3.086477262009834979e-02	8.036193765471648376e-02
1.223955864054786844e+03	2.442193368736967629e-01	1.566035798302685134e-01	2.546184208938068738e-01	1.582293106243870262e-01	7.482550130308744663e-02	3.095698958866050648e-02	8.054686088573299874e-02
1.228793634268442020e+03	2.435743089231759417e-01	1.561523194911411672e-01	2.550199647255679825e-01	1.585271628019405132e-01	7.494701907204336100e-02	3.104861537031526272e-02	8.073060961545591718e-02
1.233631404482097196e+03	2.429331433162376097e-01	1.557035591089641902e-01	2.554193818275691252e-01	1.588231837524522183e-01	7.506788508938205817e-02	3.113965484576937739e-02	8.091319205926554570e-02
1.238469174695752372e+03	2.422958104939181567e-01	1.552572905556698080e-01	2.558166820369675021e-01	1.591173851811144846e-01	7.518810253462475390e-02	3.123011283659840945e-02	8.109461636074700996e-02
1.243306944909407548e+03	2.416622814782944384e-01	1.548135053929875493e-01	2.562118751552004969e-01	1.594097787017668688e-01	7.530767457246795304e-02	3.131999410616463642e-02	8.127489059275824768e-02
1.248144715123063179e+03	2.410325278458103071e-01	1.543721948944455080e-01	2.566049709489013897e-01	1.597003758383746530e-01	7.542660435312183165e-02	3.140930336052170924e-02	8.145402275846484741e-02
1.252982485336718355e+03	2.404065217020815992e-01	1.539333500660993725e-01	2.569959791507345215e-01	1.599891880264500132e-01	7.554489501262505458e-02	3.149804524930614053e-02	8.163202079234353759e-02
1.257820255550373531e+03	2.397842356580957568e-01	1.534969616660610270e-01	2.573849094601562970e-01	1.602762266144185377e-01	7.566254967313752744e-02	3.158622436661554650e-02	8.180889256115556063e-02
1.262658025764028707e+03	2.391656428077269525e-01	1.530630202228948911e-01	2.577717715441065760e-01	1.605615028649344245e-01	7.577957144321213756e-02	3.167384525187381256e-02	8.198464586489156991e-02
1.267495795977684338e+03	2.385507167064925549e-01	1.526315160529467529e-01	2.581565750376354496e-01	1.608450279561464691e-01	7.589596341804698276e-02	3.176091239068317557e-02	8.215928843768900702e-02
1.272333566191339514e+03	2.379394313514803239e-01	1.522024392766656298e-01	2.585393295444700090e-01	1.611268129829181717e-01	7.601172867971926761e-02	3.184743021566329574e-02	8.233282794872373578e-02
1.277171336404994690e+03	2.373317611623805834e-01	1.517757798339758324e-01	2.589200446375247711e-01	1.614068689580034632e-01	7.612687029740188016e-02	3.193340310727741521e-02	8.250527200307648801e-02
1.282009106618650094e+03	2.367276809635601165e-01	1.513515274987532189e-01	2.592987298593604772e-01	1.616852068131811870e-01	7.624139132756388437e-02	3.201883539464569356e-02	8.267662814257584203e-02
1.286846876832305497e+03	2.361271659671196066e-01	1.509296718924567626e-01	2.596753947225943215e-01	1.619618374003498062e-01	7.635529481415585795e-02	3.210373135634579655e-02	8.284690384661833051e-02
1.291684647045960673e+03	2.355301917568782821e-01	1.505102024969633689e-01	2.600500487102651581e-01	1.622367714925848636e-01	7.646858378878119977e-02	3.218809522120081451e-02	8.301610653296687126e-02
1.296522417259616077e+03	2.349367342732339714e-01	1.500931086666512648e-01	2.604227012761572424e-01	1.625100197851606365e-01	7.658126127085415624e-02	3.227193116905468367e-02	8.318424355852861718e-02
1.301360187473271253e+03	2.343467697988485532e-01	1.496783796397746780e-01	2.607933618450853364e-01	1.627815928965384018e-01	7.669333026774560746e-02	3.235524333153519394e-02	8.335132222011279457e-02
1.306197957686926657e+03	2.337602749451124506e-01	1.492660045491704113e-01	2.611620398131438425e-01	1.630515013693223658e-01	7.680479377491727933e-02	3.243803579280464533e-02	8.351734975516961201e-02
1.311035727900581833e+03	2.331772266393438986e-01	1.488559724323337552e-01	2.615287445479227979e-01	1.633197556711853404e-01	7.691565477604538070e-02	3.252031259029838917e-02	8.368233334251110045e-02
1.315873498114237009e+03	2.325976021126816007e-01	1.484482722409003475e-01	2.618934853886935032e-01	1.635863661957654980e-01	7.702591624313413765e-02	3.260207771545124700e-02	8.384628010301441170e-02
1.320711268327892412e+03	2.320213788886317241e-01	1.480428928495671759e-01	2.622562716465656196e-01	1.638513432635355926e-01	7.713558113662009885e-02	3.268333511441207789e-02	8.400919710030849141e-02
1.325549038541547588e+03	2.314485347722320396e-01	1.476398230644851706e-01	2.626171126046181747e-01	1.641146971226463136e-01	7.724465240546786460e-02	3.276408868874651492e-02	8.417109134144476479e-02
1.330386808755202765e+03	2.308790478397982349e-01	1.472390516311531117e-01	2.629760175180067550e-01	1.643764379497445471e-01	7.735313298725771114e-02	3.284434229612805123e-02	8.433196977755248736e-02
1.335224578968857941e+03	2.303128964292200653e-01	1.468405672418413854e-01	2.633329956140483263e-01	1.646365758507682964e-01	7.746102580826576267e-02	3.292409975101764918e-02	8.449183930447938529e-02
1.340062349182513572e+03	2.297500591307758966e-01	1.464443585425725114e-01	2.636880560922860162e-01	1.648951208617190078e-01	7.756833378353736319e-02	3.300336482533194893e-02	8.465070676341815425e-02
1.344900119396168748e+03	2.291905147784362162e-01	1.460504141396835043e-01	2.640412081245349651e-01	1.651520829494126930e-01	7.767505981695391193e-02	3.308214124910029141e-02	8.480857894151939969e-02
1.349737889609823924e+03	2.286342424416291375e-01	1.456587226059938289e-01	2.643924608549114708e-01	1.654074720122105657e-01	7.778120680129391173e-02	3.316043271111059759e-02	8.496546257249147638e-02
1.354575659823479100e+03	2.280812214174414154e-01	1.452692724866019580e-01	2.647418233998465320e-01	1.656612978807303627e-01	7.788677761828842472e-02	3.323824285954442292e-02	8.512136433718797690e-02
1.359413430037134731e+03	2.275314312232303848e-01	1.448820523043310715e-01	2.650893048480848502e-01	1.659135703185393163e-01	7.799177513867151801e-02	3.331557530260112476e-02	8.527629086418286875e-02
1.364251200250789907e+03	2.269848515896238372e-01	1.444970505648443260e-01	2.654349142606716727e-01	1.661642990228294758e-01	7.809620222222601882e-02	3.339243360911146180e-02	8.543024873033429334e-02
1.369088970464445310e+03	2.264414624538861331e-01	1.441142557614483177e-01	2.657786606709275357e-01	1.664134936250762919e-01	7.820006171782503679e-02	3.346882130914070885e-02	8.558324446133708241e-02
1.373926740678100487e+03	2.259012439536295103e-01	1.437336563796027533e-01	2.661205530844123479e-01	1.666611636916812411e-01	7.830335646346942013e-02	3.354474189458139799e-02	8.573528453226450519e-02
1.378764510891755890e+03	2.253641764208516307e-01	1.433552409011529249e-01	2.664606004788803717e-01	1.669073187245991019e-01	7.840608928632168684e-02	3.362019881973593582e-02	8.588637536809960726e-02
1.383602281105411066e+03	2.248302403762804935e-01	1.429789978083010338e-01	2.667988118042265433e-01	1.671519681619508257e-01	7.850826300273658354e-02	3.369519550188914553e-02	8.603652334425665460e-02
1.388440051319066470e+03	2.242994165240100868e-01	1.426049155873309882e-01	2.671351959824255218e-01	1.673951213786223635e-01	7.860988041828852191e-02	3.376973532187092786e-02	8.618573478709283531e-02
1.393277821532721646e+03	2.237716857464098763e-01	1.422329827321010542e-01	2.674697619074635768e-01	1.676367876868503914e-01	7.871094432779640604e-02	3.384382162460924243e-02	8.633401597441067721e-02
1.398115591746377049e+03	2.232470290992930040e-01	1.418631877473174319e-01	2.678025184452649254e-01	1.678769763367952139e-01	7.881145751534573973e-02	3.391745771967345779e-02	8.648137313595150033e-02
1.402953361960032225e+03	2.227254278073285410e-01	1.414955191516016064e-01	2.681334744336128506e-01	1.681156965171014539e-01	7.891142275430858277e-02	3.399064688180827160e-02	8.662781245388005702e-02
1.407791132173687402e+03	2.222068632596845283e-01	1.411299654803626624e-01	2.684626386820662680e-01	1.683529573554473358e-01	7.901084280736128673e-02	3.406339235145838112e-02	8.677334006326092863e-02
1.412628902387342805e+03	2.216913170058881222e-01	1.407665152884865767e-01	2.687900199718727956e-01	1.685887679190827548e-01	7.910972042650046832e-02	3.413569733528397376e-02	8.691796205252669272e-02
1.417466672600997981e+03	2.211787707518914903e-01	1.404051571528522613e-01	2.691156270558782704e-01	1.688231372153566334e-01	7.920805835305724796e-02	3.420756500666728012e-02	8.706168446393829086e-02
1.422304442814653157e+03	2.206692063563312212e-01	1.400458796746845425e-01	2.694394686584338783e-01	1.690560741922341459e-01	7.930585931770986474e-02	3.427899850621021066e-02	8.720451329403765273e-02
1.427142213028308333e+03	2.201626058269711139e-01	1.396886714817537622e-01	2.697615534753008970e-01	1.692875877388042294e-01	7.940312604049512557e-02	3.435000094222335348e-02	8.734645449409308982e-02
1.431979983241963964e+03	2.196589513173174135e-01	1.393335212304301352e-01	2.700818901735540511e-01	1.695176866857776299e-01	7.949986123081848044e-02	3.442057539120639553e-02	8.748751397053748657e-02
1.436817753455619140e+03	2.191582251233974155e-01	1.389804176076018249e-01	2.704004873914836460e-01	1.697463798059759277e-01	7.959606758746316790e-02	3.449072489832010618e-02	8.762769758539958043e-02
1.441655523669274316e+03	2.186604096806921138e-01	1.386293493324641246e-01	2.707173537384965911e-01	1.699736758148120419e-01	7.969174779859836133e-02	3.456045247785008434e-02	8.776701115672840003e-02
1.446493293882929493e+03	2.181654875612142053e-01	1.382803051581875664e-01	2.710324977950175906e-01	1.701995833707622974e-01	7.978690454178644087e-02	3.462976111366233845e-02	8.790546045901133365e-02
1.451331064096585123e+03	2.176734414707234277e-01	1.379332738734715957e-01	2.713459281123896671e-01	1.704241110758306366e-01	7.988154048398983520e-02	3.469865375965085902e-02	8.804305122358582758e-02
1.456168834310240300e+03	2.171842542460717951e-01	1.375882443039905811e-01	2.716576532127754073e-01	1.706472674760050601e-01	7.997565828157694734e-02	3.476713334017736412e-02	8.817978913904483962e-02
1.461006604523895703e+03	2.166979088526711505e-01	1.372452053137382388e-01	2.719676815890583743e-01	1.708690610617067673e-01	8.006926058032784455e-02	3.483520275050328713e-02	8.831567985163636669e-02
1.465844374737550879e+03	2.162143883820765444e-01	1.369041458062766337e-01	2.722760217047459630e-01	1.710895002682321087e-01	8.016235001543943473e-02	3.490286485721419418e-02	8.845072896565719933e-02
1.470682144951206283e+03	2.157336760496789130e-01	1.365650547258947523e-01	2.725826819938726442e-01	1.713085934761878204e-01	8.025492921153039305e-02	3.497012249863670069e-02	8.858494204384093074e-02
1.475519915164861459e+03	2.152557551925008694e-01	1.362279210586824774e-01	2.728876708609049295e-01	1.715263490119194878e-01	8.034700078264582490e-02	3.503697848524809505e-02	8.871832460774051188e-02
1.480357685378516862e+03	2.147806092670903333e-01	1.358927338335243484e-01	2.731909966806478351e-01	1.717427751479337072e-01	8.043856733226180389e-02	3.510343560007871816e-02	8.885088213810542201e-02
1.485195455592172038e+03	2.143082218475059753e-01	1.355594821230181601e-01	2.734926677981530108e-01	1.719578801033142812e-01	8.052963145328982664e-02	3.516949659910727916e-02	8.898262007525362116e-02
1.490033225805827215e+03	2.138385766233899532e-01	1.352281550443224789e-01	2.737926925286288116e-01	1.721716720441321125e-01	8.062019572808115653e-02	3.523516421164924611e-02	8.911354381943842329e-02
1.494870996019482618e+03	2.133716573981228604e-01	1.348987417599373240e-01	2.740910791573522576e-01	1.723841590838497417e-01	8.071026272843133398e-02	3.530044114073834643e-02	8.924365873121038739e-02
1.499708766233137567e+03	2.129074480870564723e-01	1.345712314784218988e-01	2.743878359395834354e-01	1.725953492837201397e-01	8.079983501558465897e-02	3.536533006350139202e-02	8.937297013177430971e-02
1.504546536446793198e+03	2.124459327158199073e-01	1.342456134550532032e-01	2.746829711004821761e-01	1.728052506531801147e-01	8.088891514023882623e-02	3.542983363152650556e-02	8.950148330334163627e-02
1.509384306660448374e+03	2.119870954186954537e-01	1.339218769924284957e-01	2.749764928350268978e-01	1.730138711502387239e-01	8.097750564254981021e-02	3.549395447122487973e-02	8.962920348947814309e-02
1.514222076874103550e+03	2.115309204370598439e-01	1.336000114410155204e-01	2.752684093079363903e-01	1.732212186818604949e-01	8.106560905213686108e-02	3.555769518418618741e-02	8.975613589544714777e-02
1.519059847087758726e+03	2.110773921178877299e-01	1.332800061996530228e-01	2.755587286535940983e-01	1.734273011043437895e-01	8.115322788808780607e-02	3.562105834752770511e-02	8.988228568854830791e-02
1.523897617301414357e+03	2.106264949123139996e-01	1.329618507160048313e-01	2.758474589759749018e-01	1.736321262236945606e-01	8.124036465896462833e-02	3.568404651423738583e-02	9.000765799845217296e-02
1.528735387515069533e+03	2.101782133742514103e-01	1.326455344869700848e-01	2.761346083485750058e-01	1.738357017959953343e-01	8.132702186280937884e-02	3.574666221351079781e-02	9.013225791753044780e-02
1.533573157728724709e+03	2.097325321590609581e-01	1.323310470590521593e-01	2.764201848143445495e-01	1.740380355277699742e-01	8.141320198715037981e-02	3.580890795108228331e-02	9.025609050118223176e-02
1.538410927942380113e+03	2.092894360222716521e-01	1.320183780286888209e-01	2.767041963856229358e-01	1.742391350763439484e-01	8.149890750900881664e-02	3.587078620955022612e-02	9.037916076815613597e-02
1.543248698156035516e+03	2.088489098183476111e-01	1.317075170425457964e-01	2.769866510440774920e-01	1.744390080502006002e-01	8.158414089490582943e-02	3.593229944869665016e-02	9.050147370086862597e-02
1.548086468369690692e+03	2.084109384994995429e-01	1.313984537977760658e-01	2.772675567406446273e-01	1.746376620093330889e-01	8.166890460086978498e-02	3.599345010580123211e-02	9.062303424571832577e-02
1.552924238583346096e+03	2.079755071145381329e-01	1.310911780422468476e-01	2.775469213954745995e-01	1.748351044655925557e-01	8.175320107244413159e-02	3.605424059594980468e-02	9.074384731339665833e-02
1.557762008797001272e+03	2.075426008077676243e-01	1.307856795747361633e-01	2.778247528978787240e-01	1.750313428830322926e-01	8.183703274469568412e-02	3.611467331233750994e-02	9.086391777919475277e-02
1.562599779010656675e+03	2.071122048179168396e-01	1.304819482451007318e-01	2.781010591062801907e-01	1.752263846782482759e-01	8.192040204222336697e-02	3.617475062656658885e-02	9.098325048330679898e-02
1.567437549224311852e+03	2.066843044771060900e-01	1.301799739544173273e-01	2.783758478481672682e-01	1.754202372207159522e-01	8.200331137916735957e-02	3.623447488893909163e-02	9.110185023112969682e-02
1.572275319437967255e+03	2.062588852098478920e-01	1.298797466550985213e-01	2.786491269200503385e-01	1.756129078331235271e-01	8.208576315921874145e-02	3.629384842874439077e-02	9.121972179355943011e-02
1.577113089651622431e+03	2.058359325320796296e-01	1.295812563509849968e-01	2.789209040874213730e-01	1.758044037917015912e-01	8.216775977562969235e-02	3.635287355454172586e-02	9.133686990728383248e-02
1.581950859865277607e+03	2.054154320502268316e-01	1.292844930974154649e-01	2.791911870847169630e-01	1.759947323265495522e-01	8.224930361122408107e-02	3.641155255443784960e-02	9.145329927507213352e-02
1.586788630078933011e+03	2.049973694602950092e-01	1.289894470012756256e-01	2.794599836152840133e-01	1.761839006219586556e-01	8.233039703840862311e-02	3.646988769635984423e-02	9.156901456606117429e-02
1.591626400292587959e+03	2.045817305469888880e-01	1.286961082210276441e-01	2.797273013513486006e-01	1.763719158167316725e-01	8.241104241918453810e-02	3.652788122832323348e-02	9.168402041603838926e-02
1.596464170506243590e+03	2.041685011828575369e-01	1.284044669667210314e-01	2.799931479339882179e-01	1.765587850044995633e-01	8.249124210515962341e-02	3.658553537869539685e-02	9.179832142772161030e-02
1.601301940719898766e+03	2.037576673274640315e-01	1.281145134999862878e-01	2.802575309731065167e-01	1.767445152340349490e-01	8.257099843756095237e-02	3.664285235645450833e-02	9.191192217103580364e-02
1.606139710933553943e+03	2.033492150265782117e-01	1.278262381340123099e-01	2.805204580474112697e-01	1.769291135095626133e-01	8.265031374724803037e-02	3.669983435144391626e-02	9.202482718338671208e-02
1.610977481147209119e+03	2.029431304113919199e-01	1.275396312335086157e-01	2.807819367043955516e-01	1.771125867910668672e-01	8.272919035472640903e-02	3.675648353462222101e-02	9.213704096993149961e-02
1.615815251360864750e+03	2.025393996977548627e-01	1.272546832146532747e-01	2.810419744603213088e-01	1.772949419945962224e-01	8.280763057016195250e-02	3.681280205830899516e-02	9.224856800384649558e-02
1.620653021574519926e+03	2.021380091854305394e-01	1.269713845450274603e-01	2.813005788002064800e-01	1.774761859925650109e-01	8.288563669339542306e-02	3.686879205642629859e-02	9.235941272659191348e-02
1.625490791788175102e+03	2.017389452573711273e-01	1.266897257435374846e-01	2.815577571778145050e-01	1.776563256140524794e-01	8.296321101395767728e-02	3.692445564473604419e-02	9.246957954817389136e-02
1.630328562001830505e+03	2.013421943790101587e-01	1.264096973803250923e-01	2.818135170156469971e-01	1.778353676450987186e-01	8.304035581108538955e-02	3.697979492107330429e-02	9.257907284740357623e-02
1.635166332215485909e+03	2.009477430975725454e-01	1.261312900766669021e-01	2.820678657049391358e-01	1.780133188289983737e-01	8.311707335373719197e-02	3.703481196557562027e-02	9.268789697215353007e-02
1.640004102429141085e+03	2.005555780414006728e-01	1.258544945048633845e-01	2.823208106056577238e-01	1.781901858665913829e-01	8.319336590061043868e-02	3.708950884090837785e-02	9.279605623961137417e-02
1.644841872642796488e+03	2.001656859192958715e-01	1.255793013881185138e-01	2.825723590465022972e-01	1.783659754165512756e-01	8.326923570015819231e-02	3.714388759248637290e-02	9.290355493653082442e-02
1.649679642856451665e+03	1.997780535198748486e-01	1.253057015004100938e-01	2.828225183249087893e-01	1.785406940956708877e-01	8.334468499060707081e-02	3.719795024869161637e-02	9.301039731948007594e-02
1.654517413070107068e+03	1.993926677109398582e-01	1.250336856663521456e-01	2.830712957070557478e-01	1.787143484791455239e-01	8.341971599997526077e-02	3.725169882108737146e-02	9.311658761508752324e-02
1.659355183283762244e+03	1.990095154388624166e-01	1.247632447610491080e-01	2.833186984278733833e-01	1.788869451008537337e-01	8.349433094609114148e-02	3.730513530462861715e-02	9.322213002028503781e-02
1.664192953497417420e+03	1.986285837279794242e-01	1.244943697099430285e-01	2.835647336910551708e-01	1.790584904536357547e-01	8.356853203661239460e-02	3.735826167786895219e-02	9.332702870254870609e-02
1.669030723711072824e+03	1.982498596800016943e-01	1.242270514886538307e-01	2.838094086690720053e-01	1.792289909895693478e-01	8.364232146904548859e-02	3.741107990316398790e-02	9.343128780013709722e-02
1.673868493924728000e+03	1.978733304734339171e-01	1.239612811228133216e-01	2.840527305031886884e-01	1.793984531202434951e-01	8.371570143076571824e-02	3.746359192687129247e-02	9.353491142232703282e-02
1.678706264138383403e+03	1.974989833630054759e-01	1.236970496878933012e-01	2.842947063034833022e-01	1.795668832170297657e-01	8.378867409903756336e-02	3.751579967954700445e-02	9.363790364964708068e-02
1.683544034352038352e+03	1.971268056791120327e-01	1.234343483090282467e-01	2.845353431488685247e-01	1.797342876113513510e-01	8.386124164103564427e-02	3.756770507613914345e-02	9.374026853410859228e-02
1.688381804565693983e+03	1.967567848272669395e-01	1.231731681608329437e-01	2.847746480871157226e-01	1.799006725949498231e-01	8.393340621386602418e-02	3.761931001617764558e-02	9.384201009943443639e-02
1.693219574779349159e+03	1.963889082875623082e-01	1.229135004672153586e-01	2.850126281348813184e-01	1.800660444201499788e-01	8.400516996458785857e-02	3.767061638396125567e-02	9.394313234128545687e-02
1.698057344993004335e+03	1.960231636141394063e-01	1.226553365011852914e-01	2.852492902777351014e-01	1.802304093001220742e-01	8.407653503023569674e-02	3.772162604874129688e-02	9.404363922748466831e-02
1.702895115206659511e+03	1.956595384346672684e-01	1.223986675846588656e-01	2.854846414701915358e-01	1.803937734091424216e-01	8.414750353784189452e-02	3.777234086490236648e-02	9.414353469823918963e-02
1.707732885420315142e+03	1.952980204498305505e-01	1.221434850882594791e-01	2.857186886357422906e-01	1.805561428828514614e-01	8.421807760445969293e-02	3.782276267214003396e-02	9.424282266635999883e-02
1.712570655633970318e+03	1.949385974328246562e-01	1.218897804311152300e-01	2.859514386668918773e-01	1.807175238185100841e-01	8.428825933718653296e-02	3.787289329563560403e-02	9.434150701747957835e-02
1.717408425847625494e+03	1.945812572288589115e-01	1.216375450806531783e-01	2.861828984251947872e-01	1.808779222752536220e-01	8.435805083318780040e-02	3.792273454622797912e-02	9.443959161026725668e-02
1.722246196061280898e+03	1.942259877546670954e-01	1.213867705523907908e-01	2.864130747412952371e-01	1.810373442743440642e-01	8.442745417972097322e-02	3.797228822058267006e-02	9.453708027664271818e-02
1.727083966274936301e+03	1.938727769980249649e-01	1.211374484097248322e-01	2.866419744149683035e-01	1.811957957994201895e-01	8.449647145416008809e-02	3.802155610135807967e-02	9.463397682198711192e-02
1.731921736488591478e+03	1.935216130172746074e-01	1.208895702637176606e-01	2.868696042151636094e-01	1.813532827967457295e-01	8.456510472402069267e-02	3.807053995736899010e-02	9.473028502535234263e-02
1.736759506702246881e+03	1.931724839408553163e-01	1.206431277728814561e-01	2.870959708800507881e-01	1.815098111754555599e-01	8.463335604698489500e-02	3.811924154374742024e-02	9.482600863966826610e-02
1.741597276915902057e+03	1.928253779668407109e-01	1.203981126429604503e-01	2.873210811170667234e-01	1.816653868078001166e-01	8.470122747092709292e-02	3.816766260210079781e-02	9.492115139194785833e-02
1.746435047129557461e+03	1.924802833624819076e-01	1.201545166267113385e-01	2.875449416029649541e-01	1.818200155293877296e-01	8.476872103393975899e-02	3.821580486066765425e-02	9.501571698349042805e-02
1.751272817343212637e+03	1.921371884637566307e-01	1.199123315236820808e-01	2.877675589838665782e-01	1.819737031394252635e-01	8.483583876435968341e-02	3.826367003447066206e-02	9.510970909008292784e-02
1.756110587556867813e+03	1.917960816749234576e-01	1.196715491799892617e-01	2.879889398753131546e-01	1.821264554009568160e-01	8.490258268079456383e-02	3.831125982546727815e-02	9.520313136219928085e-02
1.760948357770523216e+03	1.914569514680820317e-01	1.194321614880941296e-01	2.882090908623213821e-01	1.822782780411006665e-01	8.496895479214985891e-02	3.835857592269794475e-02	9.529598742519787558e-02
1.765786127984178393e+03	1.911197863827379939e-01	1.191941603865775967e-01	2.884280184994391649e-01	1.824291767512842832e-01	8.503495709765589161e-02	3.840562000243183394e-02	9.538828087951710388e-02
1.770623898197833569e+03	1.907845750253731876e-01	1.189575378599141142e-01	2.886457293108038447e-01	1.825791571874778307e-01	8.510059158689536885e-02	3.845239372831032315e-02	9.548001530086915045e-02
1.775461668411488745e+03	1.904513060690207205e-01	1.187222859382447704e-01	2.888622297902015967e-01	1.827282249704255956e-01	8.516586023983113707e-02	3.849889875148813922e-02	9.557119424043190870e-02
1.780299438625144376e+03	1.901199682528443291e-01	1.184883966971496394e-01	2.890775264011287704e-01	1.828763856858758308e-01	8.523076502683411826e-02	3.854513671077221953e-02	9.566182122503905094e-02
1.785137208838799552e+03	1.897905503817226835e-01	1.182558622574194362e-01	2.892916255768543943e-01	1.830236448848089614e-01	8.529530790871174550e-02	3.859110923275840127e-02	9.575189975736839165e-02
1.789974979052454728e+03	1.894630413258378832e-01	1.180246747848268246e-01	2.895045337204844582e-01	1.831700080836639599e-01	8.535949083673641247e-02	3.863681793196591108e-02	9.584143331612851591e-02
1.794812749266109904e+03	1.891374300202682546e-01	1.177948264898971559e-01	2.897162572050278606e-01	1.833154807645630546e-01	8.542331575267442245e-02	3.868226441096971058e-02	9.593042535624354827e-02
1.799650519479765535e+03	1.888137054645850077e-01	1.175663096276789443e-01	2.899268023734630773e-01	1.834600683755349126e-01	8.548678458881492359e-02	3.872745026053078105e-02	9.601887930903632573e-02
1.804488289693420711e+03	1.884918567224532771e-01	1.173391164975141759e-01	2.901361755388070507e-01	1.836037763307359905e-01	8.554989926799931588e-02	3.877237705972430559e-02	9.610679858240984974e-02
1.809326059907075887e+03	1.881718729212365770e-01	1.171132394428084228e-01	2.903443829841849677e-01	1.837466100106703304e-01	8.561266170365075534e-02	3.881704637606588071e-02	9.619418656102701748e-02
1.814163830120731291e+03	1.878537432516053374e-01	1.168886708508010130e-01	2.905514309629013137e-01	1.838885747624078304e-01	8.567507379980394966e-02	3.886145976563575022e-02	9.628104660648872937e-02
1.819001600334386467e+03	1.875374569671489633e-01	1.166654031523350482e-01	2.907573256985124810e-01	1.840296758998007931e-01	8.573713745113518969e-02	3.890561877320101308e-02	9.636738205751041453e-02
1.823839370548041643e+03	1.872230033839913099e-01	1.164434288216276980e-01	2.909620733849005436e-01	1.841699187036989205e-01	8.579885454299247816e-02	3.894952493233605484e-02	9.645319623009689092e-02
