8.659608682442956251e+02	3.071910147982475081e-01	1.956788495219356772e-01	2.164866117008630853e-01	1.300846498631425818e-01	6.525463143328648352e-02	2.253654959168999855e-02	6.276769309047294798e-02
8.707986384579510286e+02	3.060069473000087137e-01	1.951521112713608397e-01	2.174803945699545771e-01	1.305707544432676004e-01	6.502957900130702795e-02	2.268973252136084751e-02	6.307048089237862754e-02
8.756364086716062047e+02	3.048398734841564206e-01	1.946197570866124993e-01	2.183660555898908062e-01	1.310511172233993493e-01	6.491237743564488849e-02	2.283887905597220547e-02	6.337194012396200893e-02
8.804741788852616082e+02	3.036890906324880568e-01	1.940823130251495832e-01	2.191715541116828203e-01	1.315264297767295976e-01	6.487393476641833967e-02	2.298482769095051489e-02	6.367184999621926245e-02
8.853119490989170117e+02	3.025539421155610809e-01	1.935402735295199961e-01	2.199173926857711792e-01	1.319972085180083909e-01	6.489293345280346126e-02	2.312819473496841027e-02	6.397005496300560423e-02
8.901497193125721878e+02	3.014338126788350669e-01	1.929941033841212628e-01	2.206186083755582450e-01	1.324638411896505996e-01	6.495375357621621659e-02	2.326943365729451652e-02	6.426644713796218766e-02
8.949874895262273640e+02	3.003281245593523163e-01	1.924442395191883204e-01	2.212862321928395493e-01	1.329266209462231230e-01	6.504495078539393460e-02	2.340887858146935285e-02	6.456095341517152641e-02
8.998252597398827675e+02	2.992363342354166234e-01	1.918910926818169771e-01	2.219283587253313150e-01	1.333857713490890218e-01	6.515814081112403233e-02	2.354677616012884958e-02	6.485352603673136263e-02
9.046630299535379436e+02	2.981579296631161613e-01	1.913350489897312212e-01	2.225509300777096799e-01	1.338414646984139589e-01	6.528718194988515633e-02	2.368330893461314743e-02	6.514413568616880812e-02
9.095008001671932334e+02	2.970924278912743244e-01	1.907764713804315782e-01	2.231583104354237790e-01	1.342938354814472990e-01	6.542757592442215164e-02	2.381861245396942744e-02	6.543276643266958403e-02
9.143385703808486369e+02	2.960393729741454538e-01	1.902157009660454534e-01	2.237537071773899044e-01	1.347429902408609770e-01	6.557602878939811086e-02	2.395278782037372350e-02	6.571941203142445120e-02
9.191763405945038130e+02	2.949983341215665633e-01	1.896530583024445549e-01	2.243394795251324181e-01	1.351890148187134821e-01	6.573012913152093128e-02	2.408591088270708308e-02	6.600407321755305534e-02
9.240141108081592165e+02	2.939689040412867271e-01	1.890888445798494799e-01	2.249173647676759591e-01	1.356319796763991725e-01	6.588811223282954599e-02	2.421803897367497127e-02	6.628675572792222526e-02
9.288518810218145063e+02	2.929506974392631080e-01	1.885233427411026341e-01	2.254886440776599499e-01	1.360719438039039442e-01	6.604868723486562176e-02	2.434921584668418154e-02	6.656746885615859310e-02
9.336896512354697961e+02	2.919433496518760163e-01	1.879568185329796304e-01	2.260542640535805614e-01	1.365089575946086264e-01	6.621091047501116711e-02	2.447947529340391976e-02	6.684622439817804185e-02
9.385274214491247449e+02	2.909465153900596124e-01	1.873895214952659982e-01	2.266149258132775235e-01	1.369430649614132023e-01	6.637409266147030473e-02	2.460884379447205242e-02	6.712303588367926621e-02
9.433651916627801484e+02	2.899598675798218395e-01	1.868216858918100298e-01	2.271711503051918324e-01	1.373743048963245450e-01	6.653773084784246616e-02	2.473734246165699285e-02	6.739791801699017426e-02
9.482029618764355519e+02	2.889830962869604503e-01	1.862535315873431185e-01	2.277233261890309057e-01	1.378027126216832543e-01	6.670145858270426498e-02	2.486498846078418964e-02	6.767088627113175547e-02
9.530407320900908417e+02	2.880159077162687820e-01	1.856852648735093092e-01	2.282717449409209232e-01	1.382283204416526190e-01	6.686500937914907627e-02	2.499179605416619251e-02	6.794195659397109233e-02
9.578785023037459041e+02	2.870580232773930485e-01	1.851170792472548454e-01	2.288166265947420008e-01	1.386511583736047548e-01	6.702818994609810455e-02	2.511777736421336171e-02	6.821114519633186823e-02
9.627162725174014213e+02	2.861091787109126261e-01	1.845491561444762840e-01	2.293581386200774230e-01	1.390712546177904907e-01	6.719086057365053488e-02	2.524294293274022619e-02	6.847846839999037483e-02
9.675540427310568248e+02	2.851691232692850630e-01	1.839816656316106136e-01	2.298964097693541597e-01	1.394886359081072835e-01	6.735292076131441097e-02	2.536730213057606861e-02	6.874394252939029781e-02
9.723918129447120009e+02	2.842376189481220505e-01	1.834147670576587730e-01	2.304315402372869304e-01	1.399033277753648496e-01	6.751429868846828275e-02	2.549086345749916258e-02	6.900758383523784845e-02
9.772295831583674044e+02	2.833144397638975853e-01	1.828486096689657947e-01	2.309636091170134686e-01	1.403153547460807282e-01	6.767494350054850671e-02	2.561363476182221266e-02	6.926940844130959063e-02
9.820673533720223531e+02	2.823993710746909303e-01	1.822833331889270603e-01	2.314926798744036118e-01	1.407247404937055080e-01	6.783481965866118568e-02	2.573562340112058380e-02	6.952943230812895503e-02
9.869051235856777566e+02	2.814922089409622186e-01	1.817190683646530136e-01	2.320188043693404978e-01	1.411315079546812956e-01	6.799390280127817765e-02	2.585683635985225673e-02	6.978767120887036102e-02
9.917428937993331601e+02	2.805927595236792915e-01	1.811559374824974200e-01	2.325420258115569461e-01	1.415356794184407796e-01	6.815217671395701338e-02	2.597728033540985110e-02	7.004414071409650888e-02
9.965806640129884499e+02	2.797008385173757605e-01	1.805940548542387669e-01	2.330623809351123898e-01	1.419372765980378981e-01	6.830963111096370610e-02	2.609696180106072308e-02	7.029885618284854865e-02
1.001418434226643626e+03	2.788162706159381110e-01	1.800335272755964888e-01	2.335799015997412909e-01	1.423363206863289820e-01	6.846626001178419962e-02	2.621588705197075084e-02	7.055183275827794920e-02
1.006256204440298802e+03	2.779388890091035735e-01	1.794744544586637236e-01	2.340946159717111619e-01	1.427328324013236172e-01	6.862206055348593625e-02	2.633406223885100678e-02	7.080308536649880524e-02
1.011093974653954206e+03	2.770685349078069737e-01	1.789169294397461585e-01	2.346065493960822479e-01	1.431268320233713143e-01	6.877703212238008013e-02	2.645149339255252474e-02	7.105262871769851829e-02
1.015931744867609382e+03	2.762050570966547713e-01	1.783610389640086225e-01	2.351157250423973055e-01	1.435183394261510259e-01	6.893117571957427248e-02	2.656818644204482840e-02	7.130047730880699486e-02
1.020769515081264785e+03	2.753483115119216285e-01	1.778068638482505071e-01	2.356221643839429281e-01	1.439073741029165410e-01	6.908449349782697091e-02	2.668414722756205087e-02	7.154664542721711484e-02
1.025607285294920075e+03	2.744981608435762555e-01	1.772544793230549642e-01	2.361258875546806690e-01	1.442939551890745353e-01	6.923698842383926855e-02	2.679938151022267720e-02	7.179114715518934708e-02
1.030445055508575479e+03	2.736544741599383768e-01	1.767039553554844988e-01	2.366269136161871234e-01	1.446781014818951105e-01	6.938866403237707592e-02	2.691389497907905465e-02	7.203399637467650107e-02
1.035282825722230655e+03	2.728171265536579737e-01	1.761553569534292929e-01	2.371252607583246297e-01	1.450598314579507053e-01	6.953952424759951567e-02	2.702769325629636107e-02	7.227520677237929403e-02
1.040120595935886058e+03	2.719859988077889534e-01	1.756087444526507058e-01	2.376209464510446179e-01	1.454391632887303276e-01	6.968957325355207288e-02	2.714078190097270540e-02	7.251479184489845187e-02
1.044958366149541234e+03	2.711609770808033337e-01	1.750641737875029413e-01	2.381139875600959133e-01	1.458161148547650054e-01	6.983881540060744852e-02	2.725316641197460601e-02	7.275276490388853101e-02
1.049796136363196410e+03	2.703419526094619774e-01	1.745216967462603630e-01	2.386044004360140802e-01	1.461907037585196689e-01	6.998725513817236066e-02	2.736485223006111453e-02	7.298913908114823546e-02
1.054633906576851814e+03	2.695288214285210260e-01	1.739813612119240349e-01	2.390922009832790740e-01	1.465629473362459745e-01	7.013489696656925731e-02	2.747584473949609210e-02	7.322392733360233441e-02
1.059471676790506763e+03	2.687214841063143567e-01	1.734432113893327188e-01	2.395774047147033459e-01	1.469328626689467843e-01	7.028174540290030303e-02	2.758614926929409475e-02	7.345714244814620375e-02
1.064309447004162394e+03	2.679198454953067299e-01	1.729072880193554262e-01	2.400600267947739508e-01	1.473004665925692347e-01	7.042780495709227706e-02	2.769577109420571365e-02	7.368879704633442274e-02
1.069147217217817570e+03	2.671238144967662542e-01	1.723736285808990520e-01	2.405400820746903534e-01	1.476657757075196808e-01	7.057308011534001169e-02	2.780471543551931227e-02	7.391890358890315649e-02
1.073984987431472746e+03	2.663333038387520335e-01	1.718422674814230056e-01	2.410175851211195097e-01	1.480288063875739579e-01	7.071757532891304043e-02	2.791298746173487624e-02	7.414747438012130043e-02
1.078822757645127922e+03	2.655482298666619889e-01	1.713132362366129868e-01	2.414925502401612523e-01	1.483895747882444938e-01	7.086129500683713278e-02	2.802059228915024930e-02	7.437452157196962343e-02
1.083660527858783553e+03	2.647685123456242628e-01	1.707865636398296916e-01	2.419649914976291227e-01	1.487480968546531501e-01	7.100424351136325196e-02	2.812753498238868347e-02	7.460005716814954724e-02
1.088498298072438729e+03	2.639940742740630175e-01	1.702622759219122039e-01	2.424349227364664128e-01	1.491043883289523975e-01	7.114642515542975165e-02	2.823382055488842662e-02	7.482409302792546180e-02
1.093336068286093905e+03	2.632248417078012492e-01	1.697403969018844994e-01	2.429023575919080913e-01	1.494584647573302949e-01	7.128784420153903845e-02	2.833945396936901617e-02	7.504664086980543380e-02
1.098173838499749309e+03	2.624607435941041511e-01	1.692209481290805062e-01	2.433673095048451418e-01	1.498103414966305003e-01	7.142850486162681534e-02	2.844444013828458309e-02	7.526771227506591500e-02
1.103011608713404712e+03	2.617017116150980316e-01	1.687039490171756417e-01	2.438297917337342857e-01	1.501600337206140112e-01	7.156841129761754017e-02	2.854878392427129957e-02	7.548731869112680626e-02
1.107849378927059888e+03	2.609476800400333252e-01	1.681894169705835662e-01	2.442898173653126892e-01	1.505075564258872012e-01	7.170756762244383242e-02	2.865249014059381011e-02	7.570547143478320584e-02
1.112687149140715292e+03	2.601985855858891528e-01	1.676773675036521971e-01	2.447473993243151902e-01	1.508529244375176881e-01	7.184597790136934559e-02	2.875556355159378935e-02	7.592218169530026706e-02
1.117524919354370468e+03	2.594543672858470318e-01	1.671678143530672400e-01	2.452025503823464236e-01	1.511961524143573543e-01	7.198364615349936435e-02	2.885800887314263555e-02	7.613746053737760477e-02
1.122362689568025871e+03	2.587149663651865383e-01	1.666607695838488445e-01	2.456552831660255010e-01	1.515372548540910858e-01	7.212057635339660933e-02	2.895983077309940285e-02	7.635131890398957899e-02
1.127200459781681047e+03	2.579803261241824797e-01	1.661562436893056494e-01	2.461056101644967242e-01	1.518762460980272178e-01	7.225677243274354622e-02	2.906103387177450328e-02	7.656376761910746453e-02
1.132038229995336451e+03	2.572503918276058954e-01	1.656542456852883594e-01	2.465535437363798599e-01	1.522131403356449253e-01	7.239223828200981592e-02	2.916162274239927216e-02	7.677481739030939112e-02
1.136876000208991627e+03	2.565251106004551862e-01	1.651547831990673454e-01	2.469990961162205068e-01	1.525479516089130183e-01	7.252697775209648867e-02	2.926160191160124061e-02	7.698447881128372972e-02
1.141713770422646803e+03	2.558044313295627092e-01	1.646578625531387730e-01	2.474422794204891862e-01	1.528806938163931040e-01	7.266099465593767182e-02	2.936097585988473382e-02	7.719276236423128212e-02
1.146551540636302207e+03	2.550883045707449392e-01	1.641634888442476126e-01	2.478831056531707322e-01	1.532113807171396058e-01	7.279429277004687004e-02	2.945974902211623975e-02	7.739967842217145011e-02
1.151389310849957155e+03	2.543766824611810584e-01	1.636716660178990368e-01	2.483215867109782038e-01	1.535400259344077978e-01	7.292687583600017398e-02	2.955792578801403822e-02	7.760523725115713034e-02
1.156227081063612786e+03	2.536695186367237120e-01	1.631823969386140272e-01	2.487577343882220182e-01	1.538666429591810658e-01	7.305874756185197494e-02	2.965551050264146962e-02	7.780944901240319234e-02
1.161064851277267962e+03	2.529667681538622093e-01	1.626956834561711918e-01	2.491915603813598112e-01	1.541912451535272788e-01	7.318991162348109647e-02	2.975250746690311782e-02	7.801232376433271665e-02
1.165902621490923138e+03	2.522683874160744355e-01	1.622115264680626390e-01	2.496230762932504788e-01	1.545138457537940380e-01	7.332037166586707899e-02	2.984892093804341479e-02	7.821387146454535089e-02
1.170740391704578315e+03	2.515743341043185644e-01	1.617299259783785415e-01	2.500522936371327720e-01	1.548344578736514932e-01	7.345013130429757509e-02	2.994475513014693835e-02	7.841410197171160001e-02
1.175578161918233945e+03	2.508845671114297571e-01	1.612508811533237274e-01	2.504792238403474314e-01	1.551530945069913292e-01	7.357919412550861793e-02	3.004001421463984786e-02	7.861302504739681174e-02
1.180415932131889122e+03	2.501990464802006930e-01	1.607743903735570912e-01	2.509038782478194562e-01	1.554697685306900001e-01	7.370756368875985842e-02	3.013470232079189931e-02	7.881065035781853467e-02
1.185253702345544298e+03	2.495177333449371537e-01	1.603004512835342898e-01	2.513262681253163322e-01	1.557844927072434549e-01	7.383524352684746328e-02	3.022882353621848817e-02	7.900698747554035783e-02
1.190091472559199701e+03	2.488405898762912627e-01	1.598290608380242284e-01	2.517464046624961482e-01	1.560972796872805435e-01	7.396223714705750518e-02	3.032238190738221345e-02	7.920204588110558996e-02
1.194929242772855105e+03	2.481675792291867522e-01	1.593602153459597326e-01	2.521642989757594822e-01	1.564081420119617649e-01	7.408854803206253725e-02	3.041538144009347730e-02	7.939583496461374845e-02
1.199767012986510281e+03	2.474986654936613684e-01	1.588939105117732620e-01	2.525799621109163784e-01	1.567170921152698237e-01	7.421417964076439111e-02	3.050782610000969328e-02	7.958836402724257797e-02
1.204604783200165684e+03	2.468338136484607703e-01	1.584301414743614078e-01	2.529934050456809635e-01	1.570241423261974356e-01	7.433913540908590467e-02	3.059971981313269751e-02	7.977964228271834657e-02
1.209442553413820860e+03	2.461729895172276861e-01	1.579689028438121534e-01	2.534046386920038030e-01	1.573293048708383768e-01	7.446341875071446625e-02	3.069106646630395327e-02	7.996967885873704218e-02
1.214280323627476264e+03	2.455161597271399709e-01	1.575101887360224051e-01	2.538136738982518792e-01	1.576325918743871901e-01	7.458703305780006731e-02	3.078186990769723325e-02	8.015848279833871770e-02
1.219118093841131440e+03	2.448632916698582351e-01	1.570539928053253098e-01	2.542205214512460176e-01	1.579340153630519050e-01	7.470998170161027851e-02	3.087213394730841873e-02	8.034606306123727448e-02
1.223955864054786844e+03	2.442143534646523395e-01	1.566003082752406572e-01	2.546251920781643641e-01	1.582335872658850728e-01	7.483226803314488307e-02	3.096186235744213464e-02	8.053242852510794636e-02
1.228793634268442020e+03	2.435693139235834970e-01	1.561491279674550869e-01	2.550276964483197961e-01	1.585313194165373085e-01	7.495389538371230453e-02	3.105105887319496716e-02	8.071758798683441316e-02
1.233631404482097196e+03	2.429281425186251842e-01	1.557004443291321871e-01	2.554280451748200953e-01	1.588272235549373634e-01	7.507486706547016053e-02	3.113972719293498989e-02	8.090155016371736174e-02
1.238469174695752372e+03	2.422908093506133953e-01	1.552542494586479638e-01	2.558262488161167081e-01	1.591213113289031145e-01	7.519518637193214894e-02	3.122787097877737644e-02	8.108432369464656231e-02
1.243306944909407548e+03	2.416572851199224048e-01	1.548105351298409149e-01	2.562223178774503674e-01	1.594135942956866614e-01	7.531485657844307069e-02	3.131549385705591215e-02	8.126591714123794497e-02
1.248144715123063179e+03	2.410275410987683664e-01	1.543692928148609200e-01	2.566162628121987366e-01	1.597040839234574183e-01	7.543388094262416799e-02	3.140259941879017941e-02	8.144633898893743895e-02
1.252982485336718355e+03	2.404015491050487674e-01	1.539305137056971029e-01	2.570080940231334043e-01	1.599927915927263633e-01	7.555226270479031836e-02	3.148919122014832289e-02	8.162559764809294849e-02
1.257820255550373531e+03	2.397792814776301962e-01	1.534941887344591360e-01	2.573978218635908366e-01	1.602797285977147768e-01	7.567000508834097194e-02	3.157527278290515882e-02	8.180370145499619994e-02
1.262658025764028707e+03	2.391607110530032942e-01	1.530603085924833462e-01	2.577854566385633928e-01	1.605649061476698836e-01	7.578711130012634467e-02	3.166084759489555533e-02	8.198065867289544562e-02
1.267495795977684338e+03	2.385458111432267048e-01	1.526288637483301791e-01	2.581710086057152909e-01	1.608483353681310069e-01	7.590358453079040779e-02	3.174591911046296261e-02	8.215647749298075897e-02
1.272333566191339514e+03	2.379345555150877145e-01	1.521998444647360560e-01	2.585544879763275739e-01	1.611300273021481488e-01	7.601942795509207540e-02	3.183049075090295388e-02	8.233116603534278155e-02
1.277171336404994690e+03	2.373269183704101448e-01	1.517732408145792411e-01	2.589359049161779613e-01	1.614099929114558574e-01	7.613464473220604711e-02	3.191456590490170803e-02	8.250473234990630955e-02
1.282009106618650094e+03	2.367228743274449043e-01	1.513490426959157309e-01	2.593152695463585289e-01	1.616882430776046264e-01	7.624923800600434676e-02	3.199814792896940596e-02	8.267718441733969137e-02
1.286846876832305497e+03	2.361223984032821965e-01	1.509272398461378728e-01	2.596925919440356001e-01	1.619647886030519957e-01	7.636321090532000033e-02	3.208124014786833955e-02	8.284853014994125742e-02
1.291684647045960673e+03	2.355254659972269571e-01	1.505078218553057567e-01	2.600678821431557375e-01	1.622396402122155690e-01	7.647656654419376920e-02	3.216384585503585802e-02	8.301877739250358712e-02
1.296522417259616077e+03	2.349320528750836468e-01	1.500907781786987305e-01	2.604411501351011626e-01	1.625128085524898403e-01	7.658930802210521527e-02	3.224596831300195754e-02	8.318793392315666779e-02
1.301360187473271253e+03	2.343421351542985531e-01	1.496760981486308928e-01	2.608124058692979919e-01	1.627843041952287406e-01	7.670143842418881974e-02	3.232761075380154864e-02	8.335600745419070867e-02
1.306197957686926657e+03	2.337556892899116667e-01	1.492637709855726968e-01	2.611816592537801185e-01	1.630541376366954065e-01	7.681296082143634907e-02	3.240877637938135991e-02	8.352300563285970647e-02
1.311035727900581833e+03	2.331726920612714471e-01	1.488537858086182719e-01	2.615489201557121834e-01	1.633223192989814443e-01	7.692387827088621732e-02	3.248946836200147792e-02	8.368893604216628979e-02
1.315873498114237009e+03	2.325931205594706508e-01	1.484461316453356827e-01	2.619141984018736879e-01	1.635888595308964966e-01	7.703419381580067782e-02	3.256968984463145395e-02	8.385380620162867504e-02
1.320711268327892412e+03	2.320169521754613107e-01	1.480407974410348770e-01	2.622775037791074126e-01	1.638537686088303025e-01	7.714391048583167654e-02	3.264944394134107475e-02	8.401762356803064991e-02
1.325549038541547588e+03	2.314441645888111188e-01	1.476377720674870719e-01	2.626388460347344189e-01	1.641170567375880018e-01	7.725303129717604744e-02	3.272873373768565852e-02	8.418039553615493109e-02
1.330386808755202765e+03	2.308747357570649361e-01	1.472370443311265265e-01	2.629982348769374645e-01	1.643787340512006812e-01	7.736155925272082678e-02	3.280756229108601485e-02	8.434212943950081254e-02
1.335224578968857941e+03	2.303086439056770962e-01	1.468386029807639548e-01	2.633556799751157196e-01	1.646388106137116891e-01	7.746949734217917216e-02	3.288593263120301313e-02	8.450283255098660351e-02
1.340062349182513572e+03	2.297458675184825549e-01	1.464424367148399742e-01	2.637111909602121718e-01	1.648972964199404978e-01	7.757684854221771897e-02	3.296384776030680808e-02	8.466251208363749503e-02
1.344900119396168748e+03	2.291863853286762731e-01	1.460485341882443999e-01	2.640647774250157731e-01	1.651542013962250532e-01	7.768361581657573511e-02	3.304131065364069447e-02	8.482117519125931260e-02
1.349737889609823924e+03	2.286301763102720763e-01	1.456568840187261182e-01	2.644164489244403282e-01	1.654095354011434205e-01	7.778980211617678164e-02	3.311832425977968841e-02	8.497882896909882133e-02
1.354575659823479100e+03	2.280772196700144305e-01	1.452674747929171284e-01	2.647662149757816774e-01	1.656633082262159717e-01	7.789541037923330968e-02	3.319489150098381414e-02	8.513548045449087498e-02
1.359413430037134731e+03	2.275274948397169872e-01	1.448802950719927096e-01	2.651140850589543407e-01	1.659155295965891452e-01	7.800044353134462372e-02	3.327101527354613120e-02	8.529113662749321367e-02
1.364251200250789907e+03	2.269809814690045002e-01	1.444953333969882237e-01	2.654600686167097878e-01	1.661662091717013845e-01	7.810490448558872478e-02	3.334669844813558520e-02	8.544580441150896599e-02
1.369088970464445310e+03	2.264376594184347169e-01	1.441125782937925093e-01	2.658041750548369997e-01	1.664153565459320916e-01	7.820879614260853319e-02	3.342194387013468909e-02	8.559949067389757693e-02
1.373926740678100487e+03	2.258975087529794534e-01	1.437320182778360766e-01	2.661464137423473764e-01	1.666629812492349261e-01	7.831212139069268496e-02	3.349675435997206963e-02	8.575220222657448099e-02
1.378764510891755890e+03	2.253605097358443443e-01	1.433536418584916705e-01	2.664867940116443790e-01	1.669090927477554498e-01	7.841488310585147115e-02	3.357113271344990685e-02	8.590394582659985345e-02
1.383602281105411066e+03	2.248266428226081970e-01	1.429774375432035782e-01	2.668253251586795716e-01	1.671537004444342556e-01	7.851708415188810020e-02	3.364508170206641224e-02	8.605472817675692554e-02
1.388440051319066470e+03	2.242958886556641329e-01	1.426033938413613089e-01	2.671620164430962285e-01	1.673968136795963291e-01	7.861872738046578324e-02	3.371860407333329007e-02	8.620455592612004392e-02
1.393277821532721646e+03	2.237682280589455286e-01	1.422314992679318824e-01	2.674968770883607849e-01	1.676384417315269215e-01	7.871981563117075309e-02	3.379170255108824433e-02	8.635343567061294634e-02
1.398115591746377049e+03	2.232436420329207416e-01	1.418617423468651328e-01	2.678299162818842949e-01	1.678785938170348768e-01	7.882035173157178609e-02	3.386437983580266320e-02	8.650137395355762815e-02
1.402953361960032225e+03	2.227221117498413006e-01	1.414941116142846289e-01	2.681611431751329544e-01	1.681172790920038018e-01	7.892033849727608796e-02	3.393663860488446010e-02	8.664837726621388292e-02
1.407791132173687402e+03	2.222036185492299309e-01	1.411285956214764492e-01	2.684905668837307413e-01	1.683545066519316069e-01	7.901977873198222369e-02	3.400848151297614086e-02	8.679445204830998906e-02
1.412628902387342805e+03	2.216881439335943726e-01	1.407651829376875274e-01	2.688181964875531182e-01	1.685902855324590555e-01	7.911867522753010529e-02	3.407991119224815235e-02	8.693960468856476442e-02
1.417466672600997981e+03	2.211756695643546100e-01	1.404038621527446129e-01	2.691440410308131304e-01	1.688246247098875719e-01	7.921703076394819021e-02	3.415093025268764459e-02	8.708384152520122490e-02
1.422304442814653157e+03	2.206661772579717185e-01	1.400446218795038389e-01	2.694681095221411748e-01	1.690575331016871130e-01	7.931484810949834818e-02	3.422154128238256987e-02	8.722716884645219382e-02
1.427142213028308333e+03	2.201596489822665592e-01	1.396874507561408907e-01	2.697904109346577206e-01	1.692890195669942699e-01	7.941213002071832727e-02	3.429174684780128546e-02	8.736959289105790394e-02
1.431979983241963964e+03	2.196560668529183857e-01	1.393323374482906551e-01	2.701109542060411428e-01	1.695190929071008212e-01	7.950887924246219374e-02	3.436154949406767384e-02	8.751111984875610539e-02
1.436817753455619140e+03	2.191554131301327313e-01	1.389792706510454556e-01	2.704297482385897289e-01	1.697477618659337661e-01	7.960509850793882902e-02	3.443095174523187058e-02	8.765175586076459635e-02
1.441655523669274316e+03	2.186576702154695018e-01	1.386282390908193107e-01	2.707468018992797987e-01	1.699750351305264473e-01	7.970079053874865038e-02	3.449995610453660683e-02	8.779150702025660669e-02
1.446493293882929493e+03	2.181628206488221422e-01	1.382792315270865990e-01	2.710621240198191617e-01	1.702009213314817915e-01	7.979595804491873556e-02	3.456856505467930524e-02	8.793037937282917327e-02
1.451331064096585123e+03	2.176708471055394389e-01	1.379322367540021521e-01	2.713757233966970217e-01	1.704254290434273067e-01	7.989060372493644868e-02	3.463678105806990148e-02	8.806837891696457643e-02
1.456168834310240300e+03	2.171817323936824640e-01	1.375872436019092704e-01	2.716876087912307169e-01	1.706485667854628629e-01	7.998473026578173384e-02	3.470460655708453024e-02	8.820551160448530936e-02
1.461006604523895703e+03	2.166954594514082511e-01	1.372442409387426288e-01	2.719977889296093521e-01	1.708703430216008956e-01	8.007834034295822911e-02	3.477204397431511718e-02	8.834178334100231678e-02
1.465844374737550879e+03	2.162120113444744030e-01	1.369032176713318449e-01	2.723062725029353759e-01	1.710907661611998365e-01	8.017143662052321484e-02	3.483909571281486317e-02	8.847719998635719674e-02
1.470682144951206283e+03	2.157313712638566916e-01	1.365641627466116503e-01	2.726130681672633282e-01	1.713098445593906893e-01	8.026402175111657655e-02	3.490576415633980800e-02	8.861176735505804647e-02
1.475519915164861459e+03	2.152535225234741278e-01	1.362270651527437426e-01	2.729181845436371434e-01	1.715275865174971104e-01	8.035609837598889360e-02	3.497205166958645972e-02	8.874549121670941010e-02
1.480357685378516862e+03	2.147784485580155611e-01	1.358919139201558712e-01	2.732216302181256218e-01	1.717440002834492441e-01	8.044766912502876455e-02	3.503796059842551741e-02	8.887837729643630058e-02
1.485195455592172038e+03	2.143061329208617583e-01	1.355586981225025411e-01	2.735234137418571798e-01	1.719590940521916467e-01	8.053873661678921658e-02	3.510349327013186083e-02	8.901043127530269827e-02
1.490033225805827215e+03	2.138365592820982430e-01	1.352274068775522753e-01	2.738235436310526016e-01	1.721728759660851593e-01	8.062930345851379577e-02	3.516865199361071670e-02	8.914165879072416532e-02
1.494870996019482618e+03	2.133697114266133177e-01	1.348980293480052106e-01	2.741220283670575131e-01	1.723853541153034796e-01	8.071937224616183848e-02	3.523343905962020295e-02	8.927206543687538076e-02
1.499708766233137567e+03	2.129055732522771582e-01	1.345705547422458848e-01	2.744188763963742450e-01	1.725965365382240158e-01	8.080894556443329879e-02	3.529785674099025078e-02	8.940165676509206905e-02
1.504546536446793198e+03	2.124441287681971269e-01	1.342449723150339058e-01	2.747140961306931972e-01	1.728064312218136611e-01	8.089802598679321499e-02	3.536190729283790468e-02	8.953043828426786310e-02
1.509384306660448374e+03	2.119853620930453320e-01	1.339212713681371403e-01	2.750076959469238691e-01	1.730150461020095176e-01	8.098661607549584307e-02	3.542559295277915993e-02	8.965841546124606043e-02
1.514222076874103550e+03	2.115292574534543835e-01	1.335994412509102225e-01	2.752996841872255573e-01	1.732223890640946229e-01	8.107471838160829058e-02	3.548891594113733755e-02	8.978559372120642479e-02
1.519059847087758726e+03	2.110757991824776802e-01	1.332794713608217441e-01	2.755900691590390528e-01	1.734284679430690423e-01	8.116233544503410891e-02	3.555187846114809397e-02	8.991197844804711681e-02
1.523897617301414357e+03	2.106249717181107872e-01	1.329613511439330653e-01	2.758788591351173380e-01	1.736332905240162428e-01	8.124946979453656626e-02	3.561448269916100973e-02	9.003757498476183674e-02
1.528735387515069533e+03	2.101767596018702666e-01	1.326450700953317186e-01	2.761660623535576731e-01	1.738368645424651082e-01	8.133612394776167098e-02	3.567673082483802799e-02	9.016238863381237367e-02
1.533573157728724709e+03	2.097311474774274098e-01	1.323306177595220401e-01	2.764516870178334584e-01	1.740391976847475430e-01	8.142230041126131967e-02	3.573862499134852766e-02	9.028642465749646406e-02
1.538410927942380113e+03	2.092881200892933447e-01	1.320179837307755566e-01	2.767357412968269870e-01	1.742402975883520222e-01	8.150800168051611228e-02	3.580016733556135727e-02	9.040968827831137589e-02
1.543248698156035516e+03	2.088476622815528816e-01	1.317071576534432908e-01	2.770182333248629170e-01	1.744401718422729231e-01	8.159323023995818103e-02	3.586135997823362842e-02	9.053218467931288538e-02
1.548086468369690692e+03	2.084097589966450448e-01	1.313981292222326513e-01	2.772991712017422450e-01	1.746388279873559435e-01	8.167798856299408883e-02	3.592220502419654626e-02	9.065391900447013207e-02
1.552924238583346096e+03	2.079743952741867907e-01	1.310908881824506822e-01	2.775785629927774445e-01	1.748362735166396620e-01	8.176227911202764431e-02	3.598270456253818000e-02	9.077489635901618559e-02
1.557762008797001272e+03	2.075415562498383326e-01	1.307854243302159214e-01	2.778564167288283815e-01	1.750325158756934341e-01	8.184610433848280020e-02	3.604286066678327738e-02	9.089512180979443523e-02
1.562599779010656675e+03	2.071112271542077665e-01	1.304817275126404774e-01	2.781327404063391184e-01	1.752275624629515416e-01	8.192946668282653777e-02	3.610267539507017870e-02	9.101460038560098276e-02
1.567437549224311852e+03	2.066833933117926958e-01	1.301797876279843225e-01	2.784075419873757729e-01	1.754214206300438450e-01	8.201236857459193175e-02	3.616215079032489288e-02	9.113333707752309387e-02
1.572275319437967255e+03	2.062580401399568830e-01	1.298795946257834677e-01	2.786808293996660968e-01	1.756140976821229382e-01	8.209481243240127069e-02	3.622128888043232159e-02	9.125133683927365291e-02
1.577113089651622431e+03	2.058351531479404306e-01	1.295811385069534638e-01	2.789526105366388897e-01	1.758056008781879453e-01	8.217680066398928840e-02	3.628009167840477722e-02	9.136860458752175951e-02
1.581950859865277607e+03	2.054147179359013531e-01	1.292844093238698644e-01	2.792228932574661870e-01	1.759959374314050973e-01	8.225833566622658966e-02	3.633856118254776002e-02	9.148514520221966151e-02
1.586788630078933011e+03	2.049967201939870143e-01	1.289893971804269845e-01	2.794916853871054485e-01	1.761851145094248949e-01	8.233941982514311753e-02	3.639669937662307064e-02	9.160096352692594091e-02
1.591626400292587959e+03	2.045811457014339585e-01	1.286960922320761758e-01	2.797589947163435786e-01	1.763731392346964966e-01	8.242005551595193991e-02	3.645450823000933455e-02	9.171606436912499438e-02
1.596464170506243590e+03	2.041679803256945536e-01	1.284044846858450883e-01	2.800248290018421127e-01	1.765600186847785524e-01	8.250024510307310543e-02	3.651198969785994508e-02	9.183045250054300279e-02
1.601301940719898766e+03	2.037572100215893633e-01	1.281145648003390591e-01	2.802891959661838461e-01	1.767457598926475415e-01	8.257999094015774921e-02	3.656914572125849472e-02	9.194413265746037567e-02
1.606139710933553943e+03	2.033488208304831124e-01	1.278263228857255129e-01	2.805521032979203522e-01	1.769303698470027497e-01	8.265929537011232342e-02	3.662597822737170827e-02	9.205710954102068466e-02
1.610977481147209119e+03	2.029427988794842430e-01	1.275397493037026819e-01	2.808135586516214977e-01	1.771138554925686392e-01	8.273816072512313324e-02	3.668248912959994751e-02	9.216938781753625243e-02
1.615815251360864750e+03	2.025391303806656496e-01	1.272548344674535592e-01	2.810735696479259027e-01	1.772962237303944422e-01	8.281658932668103934e-02	3.673868032772538428e-02	9.228097211879038309e-02
1.620653021574519926e+03	2.021378016303066738e-01	1.269715688415858357e-01	2.813321438735928437e-01	1.774774814181507288e-01	8.289458348560638234e-02	3.679455370805771730e-02	9.239186704233622038e-02
1.625490791788175102e+03	2.017387990081541405e-01	1.266899429420589862e-01	2.815892888815553774e-01	1.776576353704235334e-01	8.297214550207418493e-02	3.685011114357771012e-02	9.250207715179251111e-02
1.630328562001830505e+03	2.013421089767023497e-01	1.264099473360991710e-01	2.818450121909752970e-01	1.778366923590058435e-01	8.304927766563946490e-02	3.690535449407836288e-02	9.261160697713599621e-02
1.635166332215485909e+03	2.009477180804908614e-01	1.261315726421028127e-01	2.820993212872989209e-01	1.780146591131861467e-01	8.312598225526296458e-02	3.696028560630394699e-02	9.272046101499083204e-02
1.640004102429141085e+03	2.005556129454188485e-01	1.258548095295294045e-01	2.823522236223147130e-01	1.781915423200350346e-01	8.320226153933696356e-02	3.701490631408678456e-02	9.282864372891475035e-02
1.644841872642796488e+03	2.001657802780756612e-01	1.255796487187844368e-01	2.826037266142120141e-01	1.783673486246887263e-01	8.327811777571139662e-02	3.706921843848195314e-02	9.293615954968234560e-02
1.649679642856451665e+03	1.997782068650866549e-01	1.253060809810931098e-01	2.828538376476411043e-01	1.785420846306304266e-01	8.335355321172023546e-02	3.712322378789984639e-02	9.304301287556518418e-02
1.654517413070107068e+03	1.993928795724733694e-01	1.250340971383651911e-01	2.831025640737747096e-01	1.787157568999693247e-01	8.342857008420812015e-02	3.717692415823669466e-02	9.314920807260909652e-02
1.659355183283762244e+03	1.990097853450276399e-01	1.247636880630519918e-01	2.833499132103711737e-01	1.788883719537170680e-01	8.350317061955712938e-02	3.723032133300303859e-02	9.325474947490847155e-02
1.664192953497417420e+03	1.986289112056988104e-01	1.244948446779955975e-01	2.835958923418382960e-01	1.790599362720618759e-01	8.357735703371395319e-02	3.728341708345022515e-02	9.335964138487769237e-02
1.669030723711072824e+03	1.982502442549934629e-01	1.242275579562712312e-01	2.838405087192991116e-01	1.792304562946406554e-01	8.365113153221719056e-02	3.733621316869495388e-02	9.346388807351978245e-02
1.673868493924728000e+03	1.978737716703872218e-01	1.239618189210228566e-01	2.840837695606587276e-01	1.793999384208085635e-01	8.372449631022496619e-02	3.738871133584191486e-02	9.356749378069217915e-02
1.678706264138383403e+03	1.974994807057477431e-01	1.236976186452929671e-01	2.843256820506721572e-01	1.795683890099064317e-01	8.379745355254274164e-02	3.744091332010450468e-02	9.367046271536987045e-02
1.683544034352038352e+03	1.971273586907687503e-01	1.234349482518464769e-01	2.845662533410142081e-01	1.797358143815260823e-01	8.387000543365139005e-02	3.749282084492375905e-02	9.377279905590572839e-02
1.688381804565693983e+03	1.967573930304144236e-01	1.231737989129895183e-01	2.848054905503499268e-01	1.799022208157734781e-01	8.394215411773547908e-02	3.754443562208539809e-02	9.387450695028816405e-02
1.693219574779349159e+03	1.963895712043736697e-01	1.229141618503832856e-01	2.850434007644065404e-01	1.800676145535296535e-01	8.401390175871187305e-02	3.759575935183515072e-02	9.397559051639625682e-02
1.698057344993004335e+03	1.960238807665238003e-01	1.226560283348533814e-01	2.852799910360467317e-01	1.802320017967096455e-01	8.408525050025841829e-02	3.764679372299230276e-02	9.407605384225209422e-02
1.702895115206659511e+03	1.956603093444035379e-01	1.223993896861950564e-01	2.855152683853430240e-01	1.803953887085194274e-01	8.415620247584304492e-02	3.769754041306153797e-02	9.417590098627073858e-02
1.707732885420315142e+03	1.952988446386942634e-01	1.221442372729745485e-01	2.857492397996532763e-01	1.805577814137106496e-01	8.422675980875296564e-02	3.774800108834309997e-02	9.427513597750751539e-02
1.712570655633970318e+03	1.949394744227100629e-01	1.218905625123268416e-01	2.859819122336976216e-01	1.807191859988335481e-01	8.429692461212412447e-02	3.779817740404126797e-02	9.437376281590288685e-02
1.717408425847625494e+03	1.945821865418952412e-01	1.216383568697502748e-01	2.862132926096360719e-01	1.808796085124877440e-01	8.436669898897085351e-02	3.784807100437127120e-02	9.447178547252485514e-02
1.722246196061280898e+03	1.942269689133299115e-01	1.213876118588980840e-01	2.864433878171478431e-01	1.810390549655712111e-01	8.443608503221580741e-02	3.789768352266453116e-02	9.456920788980886783e-02
1.727083966274936301e+03	1.938738095252423854e-01	1.211383190413671540e-01	2.866722047135114582e-01	1.811975313315273284e-01	8.450508482472009197e-02	3.794701658147241891e-02	9.466603398179539164e-02
1.731921736488591478e+03	1.935226964365291402e-01	1.208904700264844395e-01	2.868997501236858483e-01	1.813550435465897670e-01	8.457370043931350390e-02	3.799607179266839552e-02	9.476226763436509937e-02
1.736759506702246881e+03	1.931736177762809481e-01	1.206440564710909019e-01	2.871260308403928985e-01	1.815115975100259904e-01	8.464193393882508964e-02	3.804485075754874407e-02	9.485791270547168363e-02
1.741597276915902057e+03	1.928265617433159163e-01	1.203990700793235169e-01	2.873510536242003810e-01	1.816671990843784223e-01	8.470978737611387088e-02	3.809335506693171947e-02	9.495297302537242246e-02
1.746435047129557461e+03	1.924815166057185500e-01	1.201555026023953809e-01	2.875748252036066654e-01	1.818218540957041440e-01	8.477726279409979193e-02	3.814158630125531052e-02	9.504745239685639946e-02
1.751272817343212637e+03	1.921384707003847003e-01	1.199133458383740691e-01	2.877973522751260949e-01	1.819755683338125929e-01	8.484436222579472275e-02	3.818954603067357262e-02	9.514135459547053142e-02
1.756110587556867813e+03	1.917974124325724505e-01	1.196725916319585636e-01	2.880186415033750835e-01	1.821283475525014850e-01	8.491108769433383663e-02	3.823723581515151709e-02	9.523468336974333370e-02
1.760948357770523216e+03	1.914583302754584437e-01	1.194332318742548221e-01	2.882386995211597136e-01	1.822801974697911276e-01	8.497744121300701559e-02	3.828465720455868915e-02	9.532744244140646528e-02
1.765786127984178393e+03	1.911212127696996221e-01	1.191952585025500833e-01	2.884575329295636092e-01	1.824311237681568443e-01	8.504342478529060279e-02	3.833181173876133718e-02	9.541963550561420593e-02
1.770623898197833569e+03	1.907860485230000180e-01	1.189586635000862841e-01	2.886751482980373096e-01	1.825811320947597072e-01	8.510904040487908551e-02	3.837870094771328455e-02	9.551126623116067138e-02
1.775461668411488745e+03	1.904528262096825408e-01	1.187234388958323533e-01	2.888915521644882523e-01	1.827302280616754926e-01	8.517429005571719447e-02	3.842532635154552456e-02	9.560233826069501617e-02
1.780299438625144376e+03	1.901215345702655657e-01	1.184895767642559494e-01	2.891067510353715342e-01	1.828784172461223045e-01	8.523917571203194765e-02	3.847168946065449013e-02	9.569285521093451319e-02
1.785137208838799552e+03	1.897921624110443795e-01	1.182570692250944216e-01	2.893207513857818935e-01	1.830257051906859500e-01	8.530369933836506879e-02	3.851779177578911612e-02	9.578282067287549606e-02
1.789974979052454728e+03	1.894646986036767344e-01	1.180259084431251743e-01	2.895335596595458583e-01	1.831720974035442318e-01	8.536786288960530877e-02	3.856363478813662482e-02	9.587223821200240026e-02
1.794812749266109904e+03	1.891391320847728985e-01	1.177960866279358088e-01	2.897451822693153933e-01	1.833175993586892427e-01	8.543166831102119718e-02	3.860921997940714584e-02	9.596111136849468093e-02
1.799650519479765535e+03	1.888154518554901462e-01	1.175675960336936554e-01	2.899556255966617146e-01	1.834622164961482449e-01	8.549511753829368288e-02	3.865454882191714930e-02	9.604944365743176005e-02
1.804488289693420711e+03	1.884936469811309689e-01	1.173404289589153188e-01	2.901648959921704352e-01	1.836059542222028274e-01	8.555821249754903823e-02	3.869962277867167177e-02	9.613723856899607234e-02
1.809326059907075887e+03	1.881737065907454487e-01	1.171145777462359039e-01	2.903729997755369885e-01	1.837488179096065655e-01	8.562095510539191601e-02	3.874444330344544579e-02	9.622449956867411280e-02
1.814163830120731291e+03	1.878556198767373508e-01	1.168900347821782149e-01	2.905799432356628853e-01	1.838908128978010426e-01	8.568334726893842013e-02	3.878901184086286369e-02	9.631123009745552743e-02
1.819001600334386467e+03	1.875393760944742139e-01	1.166667924969220227e-01	2.907857326307527468e-01	1.840319444931304838e-01	8.574539088584945401e-02	3.883332982647689363e-02	9.639743357203044150e-02
1.823839370548041643e+03	1.872249645619006309e-01	1.164448433640733888e-01	2.909903741884118378e-01	1.841722179690546135e-01	8.580708784436406888e-02	3.887739868684688543e-02	9.648311338498473388e-02
1.828677140761696819e+03	1.869123746591554169e-01	1.162241799004341131e-01	2.911938741057445990e-01	1.843116385663602086e-01	8.586844002333292314e-02	3.892121983961528697e-02	9.656827290499363226e-02
