8.707986384579510286e+01	4.682065423004300730e-01	4.662049250765185615e-01	3.135988952541680225e-02	9.652857897531603656e-03	1.588933698425195815e-02	3.756043738848803028e-03	4.930404476966185508e-03
9.191763405945040688e+01	4.927965189913429689e-01	4.381772113367424226e-01	3.280410789199650345e-02	1.078461909238362555e-02	1.633086641390465651e-02	3.900034686948314344e-03	5.206641586645501842e-03
9.675540427310566827e+01	5.110392727664728740e-01	4.163452730586822415e-01	3.431825232439776607e-02	1.195383786380774076e-02	1.679749516310487592e-02	4.050582461124367477e-03	5.495286362374256738e-03
1.015931744867609581e+02	5.244233622501612846e-01	3.992615875075364307e-01	3.588387016859536510e-02	1.314843055907514123e-02	1.728148103204560360e-02	4.206041686964403538e-03	5.795226795585903257e-03
1.064309447004162337e+02	5.340890403152699362e-01	3.858173005577725245e-01	3.748681593668661688e-02	1.435922259295772940e-02	1.777695090357860400e-02	4.365152045834568527e-03	6.105517647864203666e-03
1.112687149140715235e+02	5.409097487061514942e-01	3.751629872482460382e-01	3.911624463995322376e-02	1.557926483553204698e-02	1.827946125185942947e-02	4.526948167221686407e-03	6.425345151000193961e-03
1.161064851277267991e+02	5.455545450508150207e-01	3.666479522884945608e-01	4.076384060632926021e-02	1.680331006306206437e-02	1.878566156464786530e-02	4.690690604906286483e-03	6.753999821709200796e-03
1.209442553413820747e+02	5.485359235838108694e-01	3.597737326534461433e-01	4.242322668709364725e-02	1.802741201684955608e-02	1.929303659689695152e-02	4.855812963856905029e-03	7.090855498010149686e-03
1.257820255550373645e+02	5.502464470690027198e-01	3.541584793500200390e-01	4.408951164835560321e-02	1.924861837863355019e-02	1.979970900803375636e-02	5.021881398956203751e-03	7.435353146962565829e-03
1.306197957686926259e+02	5.509868078084473320e-01	3.495096729145053538e-01	4.575894341755651351e-02	2.046473568433174184e-02	2.030428825171135335e-02	5.188563590832377150e-03	7.786988332579759635e-03
1.354575659823479441e+02	5.509873231068155297e-01	3.456032227661361422e-01	4.742864341945951523e-02	2.167414934040581484e-02	2.080575489326419447e-02	5.355604981361237853e-03	8.145301492522067158e-03
1.402953361960032339e+02	5.504244013568639904e-01	3.422674567618446129e-01	4.909640303051275578e-02	2.287568584640756186e-02	2.130337206292379562e-02	5.522810570227628529e-03	8.509870371184247509e-03
1.451331064096584669e+02	5.494331554889848590e-01	3.393708567733168535e-01	5.076052761914837813e-02	2.406850734484423937e-02	2.179661769305754962e-02	5.690030971366968199e-03	8.880304109245774208e-03
1.499708766233137851e+02	5.481170652008133803e-01	3.368126638153516317e-01	5.241971703972442970e-02	2.525203093104238378e-02	2.228513267393755423e-02	5.857151732551106257e-03	9.256238606544280045e-03
1.548086468369690749e+02	5.465553784751447930e-01	3.345156813257731954e-01	5.407297405241928701e-02	2.642586692638407633e-02	2.276868120104445781e-02	6.024085154594209165e-03	9.637332864604740423e-03
1.596464170506243647e+02	5.448087813335709129e-01	3.324207622870969936e-01	5.571953413658475851e-02	2.758977167468315908e-02	2.324712045902663227e-02	6.190764025300497450e-03	1.002326608370181921e-02
1.644841872642796261e+02	5.429237410134010178e-01	3.304825862151648530e-01	5.735881169343871183e-02	2.874361146049619897e-02	2.372037745549445201e-02	6.357136820123166637e-03	1.041373534184646121e-02
1.693219574779349159e+02	5.409358329521584130e-01	3.286664242197398500e-01	5.899035880475592825e-02	2.988733494408034319e-02	2.418843132957703215e-02	6.523164026332578178e-03	1.080845372332077392e-02
1.741597276915902057e+02	5.388722893421451499e-01	3.269456609541758763e-01	6.061383361106400386e-02	3.102095211739880343e-02	2.465129985217719144e-02	6.688815327793307119e-03	1.120714879521073765e-02
1.789974979052454671e+02	5.367539513873689216e-01	3.252998963620122308e-01	6.222897605986289077e-02	3.214451825260735557e-02	2.510902913514595491e-02	6.854067448962648454e-03	1.160956135400515246e-02
1.838352681189008138e+02	5.345967647809410916e-01	3.237134915632643994e-01	6.383558930065730275e-02	3.325812167221021270e-02	2.556168579662120716e-02	7.018902503843705946e-03	1.201544438242738676e-02
1.886730383325560467e+02	5.324129252774653098e-01	3.221744549634177335e-01	6.543352540673035012e-02	3.436187444411881176e-02	2.600935100597600788e-02	7.183306731721700138e-03	1.242456217053542790e-02
1.935108085462113081e+02	5.302117562290994401e-01	3.206735889819827268e-01	6.702267441240387924e-02	3.545590531476870699e-02	2.645211596679355320e-02	7.347269529162207130e-03	1.283668956575483022e-02
1.983485787598666263e+02	5.280003807988402631e-01	3.192038364225174840e-01	6.860295589109455250e-02	3.654035435425147943e-02	2.689007849967468833e-02	7.510782708930652599e-03	1.325161132465615087e-02
2.031863489735219162e+02	5.257842368912533093e-01	3.177597797732978346e-01	7.017431248069044836e-02	3.761536891059268778e-02	2.732334046587968704e-02	7.673839932717281022e-03	1.366912154553402182e-02
2.080241191871772060e+02	5.235674716007111540e-01	3.163372576569215000e-01	7.173670490159064772e-02	3.868110056465823288e-02	2.775200583346960209e-02	7.836436276980452906e-03	1.408902316563371768e-02
2.128618894008324673e+02	5.213532433669527677e-01	3.149330710191146077e-01	7.329010811908957812e-02	3.973770284944318221e-02	2.817617923407972000e-02	7.998567900741743175e-03	1.451112751054375177e-02
2.176996596144877287e+02	5.191439534320954063e-01	3.135447580601651851e-01	7.483450838324841314e-02	4.078532955285602002e-02	2.859596489405047057e-02	8.160231791459351611e-03	1.493525388609051943e-02
2.225374298281430470e+02	5.169414231407662985e-01	3.121704218250570539e-01	7.636990094179799127e-02	4.182413346551422384e-02	2.901146585090374694e-02	8.321425570692906476e-03	1.536122920523328925e-02
2.273752000417983652e+02	5.147470297547040996e-01	3.108085981315901192e-01	7.789628826942092410e-02	4.285426546754568522e-02	2.942278338703437079e-02	8.482147345552233306e-03	1.578888764411807977e-02
2.322129702554535982e+02	5.125618104884132054e-01	3.094581543984999406e-01	7.941367869338013252e-02	4.387587387326702393e-02	2.983001662848010563e-02	8.642395595200759104e-03	1.621807032272440732e-02
2.370507404691088880e+02	5.103865422013655895e-01	3.081182121438243993e-01	8.092208532351441441e-02	4.488910397166308991e-02	3.023326226888324933e-02	8.802169084195378412e-03	1.664862500651947269e-02
2.418885106827641494e+02	5.082218024425319003e-01	3.067880876153422642e-01	8.242152521611184612e-02	4.589409771518417752e-02	3.063261438813841622e-02	8.961466796368111609e-03	1.708040582628897811e-02
2.467262808964194392e+02	5.060680162103584623e-01	3.054672463106893332e-01	8.391201871763580289e-02	4.689099352055314113e-02	3.102816434240555574e-02	9.120287884428377248e-03	1.751327301389499214e-02
2.515640511100747290e+02	5.039254917704503178e-01	3.041552681373695388e-01	8.539358894689058621e-02	4.787992615383273448e-02	3.142000070766920450e-02	9.278631631593366874e-03	1.794709265215984131e-02
2.564018213237300188e+02	5.017944480912156502e-01	3.028518207232390180e-01	8.686626138387672225e-02	4.886102667855671960e-02	3.180820926323750519e-02	9.436497422418565692e-03	1.838173643742143856e-02
2.612395915373852517e+02	4.996750358586942720e-01	3.015566389704999462e-01	8.833006354098868473e-02	4.983442245074598542e-02	3.219287300480002528e-02	9.593884720662776422e-03	1.881708145357394169e-02
2.660773617510405415e+02	4.975673535729163155e-01	3.002695093924194758e-01	8.978502469787991158e-02	5.080023714847232280e-02	3.257407217913241282e-02	9.750793052529226415e-03	1.925300995661599276e-02
2.709151319646958882e+02	4.954714598766253864e-01	2.989902581137722226e-01	9.123117568566545266e-02	5.175859082657276872e-02	3.295188433442584192e-02	9.907221994012931771e-03	1.968940916889108314e-02
2.757529021783511780e+02	4.933873829979337211e-01	2.977187416778222517e-01	9.266854870946306111e-02	5.270959998936775026e-02	3.332638438166525552e-02	1.006317116138215513e-02	2.012617108233156690e-02
2.805906723920064678e+02	4.913151279822131068e-01	2.964548400032160358e-01	9.409717720082434733e-02	5.365337767595825674e-02	3.369764466358681626e-02	1.021864020404970701e-02	2.056319227011751266e-02
2.854284426056617008e+02	4.892546822305192666e-01	2.951984509877925156e-01	9.551709569356413299e-02	5.459003355399382612e-02	3.406573502859110147e-02	1.037362879926451674e-02	2.100037370624042304e-02
2.902662128193169337e+02	4.872060197408120685e-01	2.939494863740014785e-01	9.692833971799441617e-02	5.551967401881052755e-02	3.443072290763536658e-02	1.052813664818756656e-02	2.143762059252441940e-02
2.951039830329722804e+02	4.851691043555182437e-01	2.927078685807732450e-01	9.833094570971812054e-02	5.644240229560741617e-02	3.479267339262231973e-02	1.068216347301879400e-02	2.187484219270769900e-02
2.999417532466276270e+02	4.831438922479598941e-01	2.914735282757408008e-01	9.972495093001940147e-02	5.735831854291783410e-02	3.515164931518032637e-02	1.083570901491992360e-02	2.231195167322770623e-02
3.047795234602828600e+02	4.811303338257659212e-01	2.902464025146150872e-01	1.011103933955619927e-01	5.826751995608047546e-02	3.550771132501768373e-02	1.098877303253834904e-02	2.274886595038645015e-02
3.096172936739380930e+02	4.791283751877085662e-01	2.890264333150383003e-01	1.024873118156258422e-01	5.917010086975729721e-02	3.586091796725308922e-02	1.114135530098309297e-02	2.318550554359981308e-02
3.144550638875934396e+02	4.771379592384816792e-01	2.878135665632811646e-01	1.038557455355095804e-01	6.006615285880560068e-02	3.621132575829128647e-02	1.129345561113919739e-02	2.362179443445750968e-02
3.192928341012487294e+02	4.751590265414819547e-01	2.866077511759292373e-01	1.052157344850317283e-01	6.095576483701005410e-02	3.655898925993975729e-02	1.144507376923376007e-02	2.405765993133957351e-02
3.241306043149040192e+02	4.731915159709220164e-01	2.854089384569180043e-01	1.065673191312979107e-01	6.183902315333030669e-02	3.690396115155852169e-02	1.159620959658755508e-02	2.449303253935180766e-02
3.289683745285592522e+02	4.712353652102525547e-01	2.842170816042313142e-01	1.079105404350817893e-01	6.271601168543396165e-02	3.724629230010766817e-02	1.174686292950193230e-02	2.492784583535696472e-02
3.338061447422145420e+02	4.692905111328797285e-01	2.830321353312647559e-01	1.092454398103054752e-01	6.358681193037041268e-02	3.758603182801216469e-02	1.189703361924276774e-02	2.536203634789094621e-02
3.386439149558698318e+02	4.673568900927423386e-01	2.818540555760442601e-01	1.105720590862128289e-01	6.445150309230553154e-02	3.792322717880432931e-02	1.204672153209252958e-02	2.579554344176454225e-02
3.434816851695251216e+02	4.654344381458635493e-01	2.806827992777622960e-01	1.118904404719102685e-01	6.531016216728539880e-02	3.825792418053510641e-02	1.219592654944853978e-02	2.622830920716121700e-02
3.483194553831804114e+02	4.635230912190507757e-01	2.795183242048988603e-01	1.132006265230142555e-01	6.616286402503321340e-02	3.859016710696773489e-02	1.234464856795096897e-02	2.666027835305062946e-02
3.531572255968357013e+02	4.616227852381312724e-01	2.783605888228743441e-01	1.145026601101930969e-01	6.700968148780959976e-02	3.891999873658411047e-02	1.249288749962815942e-02	2.709139810474584659e-02
3.579949958104909342e+02	4.597334562252144985e-01	2.772095521920011074e-01	1.157965843894293301e-01	6.785068540638568291e-02	3.924746040944567665e-02	1.264064327205011683e-02	2.752161810544003981e-02
3.628327660241463377e+02	4.578550403722472795e-01	2.760651738886606976e-01	1.170824427738582779e-01	6.868594473319190874e-02	3.957259208195948452e-02	1.278791582848331360e-02	2.795089032156551634e-02
3.676705362378016275e+02	4.559874740964302564e-01	2.749274139442873244e-01	1.183602789070617722e-01	6.951552659271509338e-02	3.989543237960543887e-02	1.293470512804186998e-02	2.837916895182472296e-02
3.725083064514568036e+02	4.541306940817586568e-01	2.737962327980064114e-01	1.196301366377141850e-01	7.033949634922215255e-02	4.021601864768452328e-02	1.308101114583147193e-02	2.880641033974913959e-02
3.773460766651120935e+02	4.522846373099529971e-01	2.726715912597469371e-01	1.208920599954919489e-01	7.115791767189313943e-02	4.053438700015003782e-02	1.322683387308356065e-02	2.923257288964793352e-02
3.821838468787673833e+02	4.504492410832803273e-01	2.715534504813912897e-01	1.221460931681697809e-01	7.197085259744837038e-02	4.085057236658488911e-02	1.337217331727800530e-02	2.965761698581393518e-02
3.870216170924226162e+02	4.486244430411813755e-01	2.704417719340945214e-01	1.233922804798349288e-01	7.277836159035473707e-02	4.116460853738809766e-02	1.351702950225317293e-02	3.008150491485979752e-02
3.918593873060780197e+02	4.468101811721698069e-01	2.693365173903427556e-01	1.246306663701589462e-01	7.358050360069670615e-02	4.147652820723334716e-02	1.366140246830271215e-02	3.050420079106230808e-02
3.966971575197332527e+02	4.450063938221264226e-01	2.682376489096541805e-01	1.258612953746721386e-01	7.437733611979613357e-02	4.178636301686140114e-02	1.380529227225871236e-02	3.092567048459774967e-02
4.015349277333884856e+02	4.432130196998472771e-01	2.671451288270815239e-01	1.270842121059903018e-01	7.516891523366349415e-02	4.209414359326723448e-02	1.394869898756117936e-02	3.134588155255577796e-02
4.063726979470438323e+02	4.414299978805048541e-01	2.660589197438731901e-01	1.282994612359483200e-01	7.595529567436186402e-02	4.239989958834085998e-02	1.409162270431392298e-02	3.176480317262381226e-02
4.112104681606991221e+02	4.396572678075241214e-01	2.649789845197981775e-01	1.295070874785975990e-01	7.673653086936205181e-02	4.270365971601970678e-02	1.423406352932710117e-02	3.218240607933807451e-02
4.160482383743544119e+02	4.378947692932598779e-01	2.639052862667564670e-01	1.307071355740280216e-01	7.751267298896574731e-02	4.300545178800838780e-02	1.437602158614677966e-02	3.259866250280162719e-02
4.208860085880095880e+02	4.361424425187693799e-01	2.628377883433843376e-01	1.318996502729770648e-01	7.828377299187085081e-02	4.330530274811995872e-02	1.451749701507188198e-02	3.301354610977359078e-02
4.257237788016648778e+02	4.344002280329053445e-01	2.617764543504322305e-01	1.330846763221913975e-01	7.904988066895049514e-02	4.360323870529118906e-02	1.465848997315902409e-02	3.342703194703744440e-02
4.305615490153201677e+02	4.326680667509022471e-01	2.607212481267434656e-01	1.342622584505080430e-01	7.981104468531537155e-02	4.389928496532229107e-02	1.479900063421569177e-02	3.383909638696001171e-02
4.353993192289755143e+02	4.309458999525860867e-01	2.596721337457035261e-01	1.354324413556231843e-01	8.056731262072608368e-02	4.419346606139001182e-02	1.493902918878226363e-02	3.424971707515607477e-02
4.402370894426308041e+02	4.292336692803087050e-01	2.586290755120572160e-01	1.365952696915198328e-01	8.131873100841999213e-02	4.448580578338111324e-02	1.507857584410339340e-02	3.465887288017698020e-02
4.450748596562860939e+02	4.275313167366832645e-01	2.575920379590184717e-01	1.377507880565254639e-01	8.206534537241468030e-02	4.477632720609147493e-02	1.521764082408925967e-02	3.506654384514466816e-02
4.499126298699413837e+02	4.258387846821777845e-01	2.565609858456110448e-01	1.388990409819730876e-01	8.280720026334777162e-02	4.506505271633474280e-02	1.535622436926717405e-02	3.547271114125574026e-02
4.547504000835967304e+02	4.241560158326126984e-01	2.555358841541953141e-01	1.400400729214395512e-01	8.354433929291064931e-02	4.535200403900219862e-02	1.549432673672405253e-02	3.587735702308302022e-02
4.595881702972519065e+02	4.224829532565943513e-01	2.545166980881448104e-01	1.411739282405371498e-01	8.427680516693146495e-02	4.563720226211462339e-02	1.563194820004021324e-02	3.628046478560490590e-02
4.644259405109071963e+02	4.208195403729109163e-01	2.535033930696461435e-01	1.423006512072344798e-01	8.500463971716051836e-02	4.592066786090488739e-02	1.576908904921498975e-02	3.668201872289564985e-02
4.692637107245624861e+02	4.191657209479089374e-01	2.524959347375996810e-01	1.434202859826843868e-01	8.572788393180932887e-02	4.620242072096875097e-02	1.590574959058461274e-02	3.708200408841200862e-02
4.741014809382177759e+02	4.175214390928655983e-01	2.514942889456053821e-01	1.445328766125371645e-01	8.644657798489244205e-02	4.648248016051986786e-02	1.604193014673276421e-02	3.748040705681455337e-02
4.789392511518730657e+02	4.158866392613668750e-01	2.504984217600207397e-01	1.456384670187187425e-01	8.716076126441940630e-02	4.676086495178369273e-02	1.617763105639426560e-02	3.787721468726411300e-02
4.837770213655284124e+02	4.142612662466995110e-01	2.495082994580805624e-01	1.467371009916537128e-01	8.787047239948211907e-02	4.703759334156348837e-02	1.631285267435228850e-02	3.827241488813624276e-02
4.886147915791837022e+02	4.126452651792626991e-01	2.485238885260704633e-01	1.478288221829145155e-01	8.857574928628147992e-02	4.731268307101054588e-02	1.644759537132948687e-02	3.866599638309870662e-02
4.934525617928388783e+02	4.110385815240039098e-01	2.475451556575485879e-01	1.489136740982782980e-01	8.927662911313515026e-02	4.758615139462930160e-02	1.658185953387339429e-02	3.905794867849928659e-02
4.982903320064942250e+02	4.094411610778810329e-01	2.465720677516093640e-01	1.499917000911743237e-01	8.997314838450659602e-02	4.785801509854706315e-02	1.671564556423651635e-02	3.944826203201307058e-02
5.031281022201495148e+02	4.078529499673534398e-01	2.456045919111863596e-01	1.510629433565051083e-01	9.066534294409450689e-02	4.812829051807667596e-02	1.684895388025135082e-02	3.983692742250057733e-02
5.079658724338048046e+02	4.062738946459031331e-01	2.446426954413904176e-01	1.521274469248250216e-01	9.135324799701938225e-02	4.839699355459961549e-02	1.698178491520079339e-02	4.022393652102966566e-02
5.128036426474600376e+02	4.047039418915868159e-01	2.436863458478803479e-01	1.531852536568612533e-01	9.203689813114336593e-02	4.866413969179569921e-02	1.711413911768413371e-02	4.060928166301642356e-02
5.176414128611153274e+02	4.031430388046189917e-01	2.427355108352643454e-01	1.542364062383622669e-01	9.271632733755735822e-02	4.892974401124475237e-02	1.724601695147902000e-02	4.099295582144140554e-02
5.224791830747705035e+02	4.015911328049861506e-01	2.417901583055298009e-01	1.552809471752594483e-01	9.339156903026872569e-02	4.919382120742449988e-02	1.737741889539962462e-02	4.137495258109995244e-02
5.273169532884259070e+02	4.000481716300923751e-01	2.408502563565003973e-01	1.563189187891287635e-01	9.406265606512100030e-02	4.945638560212809592e-02	1.750834544315134356e-02	4.175526611384625802e-02
5.321547235020811968e+02	3.985141033324356430e-01	2.399157732803187393e-01	1.573503632129387431e-01	9.472962075797614068e-02	4.971745115832367640e-02	1.763879710318222091e-02	4.213389115479301839e-02
5.369924937157364866e+02	3.969888762773142732e-01	2.389866775619537698e-01	1.583753223870730253e-01	9.539249490218867922e-02	4.997703149347761109e-02	1.776877439853142421e-02	4.251082297942948562e-02
5.418302639293917764e+02	3.954724391405631811e-01	2.380629378777311955e-01	1.593938380556147727e-01	9.605130978539956621e-02	5.023513989236211980e-02	1.789827786667495466e-02	4.288605738162250269e-02
5.466680341430470662e+02	3.939647409063198880e-01	2.371445230938869497e-01	1.604059517628819154e-01	9.670609620567699460e-02	5.049178931936729176e-02	1.802730805936884895e-02	4.325959065246637314e-02
5.515058043567023560e+02	3.924657308648188403e-01	2.362314022651419987e-01	1.614117048502021479e-01	9.735688448702990716e-02	5.074699243033660434e-02	1.815586554249009124e-02	4.363141955994873089e-02
5.563435745703576458e+02	3.909753586102133194e-01	2.353235446332982983e-01	1.624111384529167978e-01	9.800370449431922149e-02	5.100076158394441922e-02	1.828395089587541225e-02	4.400154132940087282e-02
5.611813447840129356e+02	3.894935740384256606e-01	2.344209196258549011e-01	1.634042934976036310e-01	9.864658564759050396e-02	5.125310885263320571e-02	1.841156471315822177e-02	4.436995362470219639e-02
5.660191149976681118e+02	3.880203273450237855e-01	2.335234968546434364e-01	1.643912106995089606e-01	9.928555693585124076e-02	5.150404603312745688e-02	1.853870760160383421e-02	4.473665453020966160e-02
5.708568852113234016e+02	3.865555690231234909e-01	2.326312461144828536e-01	1.653719305601792644e-01	9.992064693031467437e-02	5.175358465654074369e-02	1.866538018194315030e-02	4.510164253338421608e-02
5.756946554249786914e+02	3.850992498613169390e-01	2.317441373818523720e-01	1.663464933652838706e-01	1.005518837971313278e-01	5.200173599809160274e-02	1.879158308820502027e-02	4.546491650808727469e-02
5.805324256386339812e+02	3.836513209416255177e-01	2.308621408135821118e-01	1.673149391826199150e-01	1.011792953096286862e-01	5.224851108644341241e-02	1.891731696754740330e-02	4.582647569852137115e-02
5.853701958522892710e+02	3.822117336374770691e-01	2.299852267455613775e-01	1.682773078602910755e-01	1.018029088600785337e-01	5.249392071268277338e-02	1.904258248008749987e-02	4.618631970379010604e-02
5.902079660659445608e+02	3.807804396117068779e-01	2.291133656914633721e-01	1.692336390250526457e-01	1.024227514710106257e-01	5.273797543895047263e-02	1.916738029873098562e-02	4.654444846305346578e-02
5.950457362795999643e+02	3.793573908145817519e-01	2.282465283414865098e-01	1.701839720808148992e-01	1.030388498060908625e-01	5.298068560673836053e-02	1.929171110900052694e-02	4.690086224125557257e-02
5.998835064932552541e+02	3.779425394818464734e-01	2.273846855611114659e-01	1.711283462072979156e-01	1.036512301805811720e-01	5.322206134486510282e-02	1.941557560886367217e-02	4.725556161540266781e-02
6.047212767069104302e+02	3.765358381327926218e-01	2.265278083898738526e-01	1.720668003588303741e-01	1.042599185713978249e-01	5.346211257714327675e-02	1.953897450856025703e-02	4.760854746137026250e-02
6.095590469205657200e+02	3.751372395683483796e-01	2.256758680401518280e-01	1.729993732632862380e-01	1.048649406267840312e-01	5.370084902974969071e-02	1.966190853042946649e-02	4.795982094121885309e-02
6.143968171342210098e+02	3.737466968691897096e-01	2.248288358959682764e-01	1.739261034211525003e-01	1.054663216756122623e-01	5.393828023831045287e-02	1.978437840873664005e-02	4.830938349099873214e-02
6.192345873478761860e+02	3.723641633938715723e-01	2.239866835118075050e-01	1.748470291047218850e-01	1.060640867363309842e-01	5.417441555471178699e-02	1.990638488949992430e-02	4.865723680902490911e-02
6.240723575615315895e+02	3.709895927769800150e-01	2.231493826114457346e-01	1.757621883574046473e-01	1.066582605255699256e-01	5.440926415364723961e-02	2.002792873031691498e-02	4.900338284460416943e-02
6.289101277751868793e+02	3.696229389273024135e-01	2.223169050867949970e-01	1.766716189931542280e-01	1.072488674664175690e-01	5.464283503891147892e-02	2.014901070019135126e-02	4.934782378719666796e-02
6.337478979888421691e+02	3.682641560260181413e-01	2.214892229967605763e-01	1.775753585960004877e-01	1.078359316963837106e-01	5.487513704945044118e-02	2.026963157935996948e-02	4.969056205599538950e-02
6.385856682024975726e+02	3.669131985249071692e-01	2.206663085661110524e-01	1.784734445196863306e-01	1.084194770750598613e-01	5.510617886517730352e-02	2.038979215911959630e-02	5.003160028990746855e-02
6.434234384161527487e+02	3.655700211445770398e-01	2.198481341843610826e-01	1.793659138874018066e-01	1.089995271914893649e-01	5.533596901256333800e-02	2.050949324165457846e-02	5.037094133792166528e-02
6.482612086298080385e+02	3.642345788727076594e-01	2.190346724046663696e-01	1.802528035916117488e-01	1.095761053712588501e-01	5.556451587001232789e-02	2.062873563986459408e-02	5.070858824984735697e-02
6.530989788434633283e+02	3.629068269623137999e-01	2.182258959427308131e-01	1.811341502939718684e-01	1.101492346833220365e-01	5.579182767302692803e-02	2.074752017719297750e-02	5.104454426741054929e-02
6.579367490571185044e+02	3.615867209300243634e-01	2.174217776757250420e-01	1.820099904253290324e-01	1.107189379465666063e-01	5.601791251917507403e-02	2.086584768745558885e-02	5.137881281569331438e-02
6.627745192707737942e+02	3.602742165543783570e-01	2.166222906412166860e-01	1.828803601858017547e-01	1.112852377361345235e-01	5.624277837286408704e-02	2.098371901467026984e-02	5.171139749490331894e-02
6.676122894844290840e+02	3.589692698741376309e-01	2.158274080361116953e-01	1.837452955449365433e-01	1.118481563895053210e-01	5.646643306992998185e-02	2.110113501288700399e-02	5.204230207246084844e-02
6.724500596980843738e+02	3.576718371866151047e-01	2.150371032156065676e-01	1.846048322419365229e-01	1.124077160123519853e-01	5.668888432204909761e-02	2.121809654601882617e-02	5.237153047539094830e-02
6.772878299117396637e+02	3.563818750460190921e-01	2.142513496921511496e-01	1.854590057859586139e-01	1.129639384841785305e-01	5.691013972097896945e-02	2.133460448767349540e-02	5.269908678300919830e-02
6.821256001253949535e+02	3.550993402618128347e-01	2.134701211344222360e-01	1.863078514564754928e-01	1.135168454637478785e-01	5.713020674263501186e-02	2.145065972098604903e-02	5.302497521988955992e-02
6.869633703390502433e+02	3.538241898970890809e-01	2.126933913663069109e-01	1.871514043036995589e-01	1.140664583943083732e-01	5.734909275100935622e-02	2.156626313845221368e-02	5.334920014910363856e-02
6.918011405527055331e+02	3.525563812669595398e-01	2.119211343658961577e-01	1.879896991490647984e-01	1.146127985086270451e-01	5.756680500193798317e-02	2.168141564176278083e-02	5.367176606572086894e-02
6.966389107663608229e+02	3.512958719369587701e-01	2.111533242644882680e-01	1.888227705857642158e-01	1.151558868338373037e-01	5.778335064672203425e-02	2.179611814163898154e-02	5.399267759055957627e-02
7.014766809800161127e+02	3.500426197214623336e-01	2.103899353456016863e-01	1.896506529793395845e-01	1.156957441961084243e-01	5.799873673560891618e-02	2.191037155766885000e-02	5.431193946417933044e-02
7.063144511936714025e+02	3.487965826821189941e-01	2.096309420439972926e-01	1.904733804683204634e-01	1.162323912251439079e-01	5.821297022113863101e-02	2.202417681814466954e-02	5.462955654110525361e-02
7.111522214073266923e+02	3.475577191262959609e-01	2.088763189447098712e-01	1.912909869649101757e-01	1.167658483585156531e-01	5.842605796136057100e-02	2.213753485990152189e-02	5.494553378427544793e-02
7.159899916209819821e+02	3.463259876055386211e-01	2.081260407820886560e-01	1.921035061557158918e-01	1.172961358458403242e-01	5.863800672292576732e-02	2.225044662815696059e-02	5.525987625970296691e-02
7.208277618346371582e+02	3.451013469140428169e-01	2.073800824388463693e-01	1.929109715025203453e-01	1.178232737528043528e-01	5.884882318405945667e-02	2.236291307635185008e-02	5.557258913134405925e-02
7.256655320482924481e+02	3.438837560871397803e-01	2.066384189451174469e-01	1.937134162430928785e-01	1.183472819650435159e-01	5.905851393741854555e-02	2.247493516599237406e-02	5.588367765616479577e-02
7.305033022619478515e+02	3.426731743997945556e-01	2.059010254775241744e-01	1.945108733920374589e-01	1.188681801918829023e-01	5.926708549283848243e-02	2.258651386649329976e-02	5.619314717939850184e-02
7.353410724756030277e+02	3.414695613651165251e-01	2.051678773582515658e-01	1.953033757416755833e-01	1.193859879699428611e-01	5.947454427997379139e-02	2.269765015502243910e-02	5.650100312998663360e-02
7.401788426892584312e+02	3.402728767328822013e-01	2.044389500541301252e-01	1.960909558629619076e-01	1.199007246666162485e-01	5.968089665083641665e-02	2.280834501634641104e-02	5.680725101619609613e-02
7.450166129029136073e+02	3.390830804880701210e-01	2.037142191757268239e-01	1.968736461064306831e-01	1.204124094834221337e-01	5.988614888223577765e-02	2.291859944267765972e-02	5.711189642140624551e-02
7.498543831165690108e+02	3.379001328494076750e-01	2.029936604764436547e-01	1.976514786031709214e-01	1.209210614592408778e-01	6.009030717812444827e-02	2.302841443352280151e-02	5.741494500005905888e-02
7.546921533302243006e+02	3.367239942679297049e-01	2.022772498516243744e-01	1.984244852658287595e-01	1.214266994734351929e-01	6.029337767185297126e-02	2.313779099553225568e-02	5.771640247376624150e-02
7.595299235438793630e+02	3.355546254255483696e-01	2.015649633376681849e-01	1.991926977896349704e-01	1.219293422488619549e-01	6.049536642833754085e-02	2.324673014235124555e-02	5.801627462756726167e-02
7.643676937575347665e+02	3.343919872336345578e-01	2.008567771111514633e-01	1.999561476534562621e-01	1.224290083547789898e-01	6.069627944614365556e-02	2.335523289447213879e-02	5.831456730633252650e-02
7.692054639711900563e+02	3.332360408316104028e-01	2.001526674879562928e-01	2.007148661208683627e-01	1.229257162096509121e-01	6.089612265948928654e-02	2.346330027908813398e-02	5.861128641130618211e-02
7.740432341848452324e+02	3.320867475855526219e-01	1.994526109224067090e-01	2.014688842412500347e-01	1.234194840838583190e-01	6.109490194017048320e-02	2.357093332994834867e-02	5.890643789678316061e-02
7.788810043985006359e+02	3.309440690868066248e-01	1.987565840064115241e-01	2.022182328508955462e-01	1.239103301023138370e-01	6.129262309941250347e-02	2.367813308721426410e-02	5.920002776691533214e-02
7.837187746121558121e+02	3.298079671506117250e-01	1.980645634686144796e-01	2.029629425741455717e-01	1.243982722469890584e-01	6.148929188964933484e-02	2.378490059731757852e-02	5.949206207264192553e-02
7.885565448258112156e+02	3.286784038147361198e-01	1.973765261735509202e-01	2.037030438245336916e-01	1.248833283593556998e-01	6.168491400623444393e-02	2.389123691281946904e-02	5.978254690873935351e-02
7.933943150394665054e+02	3.275553413381227519e-01	1.966924491208114356e-01	2.044385668059485461e-01	1.253655161427444931e-01	6.187949508908532209e-02	2.399714309227122394e-02	6.007148841098590430e-02
7.982320852531219089e+02	3.264387421995451066e-01	1.960123094442120795e-01	2.051695415138096446e-01	1.258448531646249591e-01	6.207304072426450547e-02	2.410262020007634259e-02	6.035889275343704619e-02
8.030698554667769713e+02	3.253285690962731125e-01	1.953360844109708616e-01	2.058959977362559146e-01	1.263213568588094637e-01	6.226555644549946339e-02	2.420766930635399536e-02	6.064476614580690400e-02
8.079076256804323748e+02	3.242247849427487560e-01	1.946637514208910680e-01	2.066179650553458536e-01	1.267950445275842497e-01	6.245704773564375589e-02	2.431229148680396149e-02	6.092911483095207748e-02
8.127453958940876646e+02	3.231273528692718000e-01	1.939952880055505480e-01	2.073354728482683651e-01	1.272659333437705653e-01	6.264752002808174347e-02	2.441648782257292011e-02	6.121194508245372812e-02
8.175831661077428407e+02	3.220362362206949380e-01	1.933306718274974134e-01	2.080485502885631444e-01	1.277340403527185697e-01	6.283697870807905539e-02	2.452025940012224001e-02	6.149326320229433346e-02
8.224209363213982442e+02	3.209513985551281645e-01	1.926698806794517882e-01	2.087572263473496115e-01	1.281993824742367893e-01	6.302542911408089144e-02	2.462360731109713985e-02	6.177307551862536855e-02
8.272587065350534203e+02	3.198728036426530807e-01	1.920128924835135253e-01	2.094615297945636723e-01	1.286619765044594577e-01	6.321287653896022485e-02	2.472653265219730556e-02	6.205138838362257020e-02
8.320964767487085965e+02	3.188004154640459165e-01	1.913596852903761414e-01	2.101614892002012236e-01	1.291218391176545133e-01	6.339932623121785626e-02	2.482903652504891631e-02	6.232820817142534220e-02
8.369342469623640000e+02	3.177341982095099882e-01	1.907102372785462463e-01	2.108571329355679314e-01	1.295789868679742829e-01	6.358478339613610197e-02	2.493112003607810337e-02	6.260354127615722075e-02
8.417720171760191761e+02	3.166741162774173168e-01	1.900645267535691352e-01	2.115484891745339213e-01	1.300334361911514580e-01	6.376925319688808713e-02	2.503278429638583144e-02	6.287739411002421508e-02
8.466097873896745796e+02	3.156201342730584058e-01	1.894225321472597923e-01	2.122355858947932161e-01	1.304852034061421140e-01	6.395274075560423988e-02	2.513403042162419554e-02	6.314977310148808809e-02
8.514475576033297557e+02	3.145722170074017332e-01	1.887842320169396126e-01	2.129184508791267250e-01	1.309343047167183527e-01	6.413525115439773494e-02	2.523485953187412298e-02	6.342068469351180848e-02
8.562853278169851592e+02	3.135303294958612930e-01	1.881496050446787860e-01	2.135971117166687305e-01	1.313807562130121509e-01	6.431678943635034396e-02	2.533527275152451519e-02	6.369013534187428771e-02
8.611230980306403353e+02	3.124944369570731850e-01	1.875186300365440373e-01	2.142715958041753743e-01	1.318245738730124683e-01	6.449736060646045488e-02	2.543527120915277731e-02	6.395813151355188297e-02
8.659608682442956251e+02	3.114645048116799764e-01	1.868912859218518074e-01	2.149419303472953624e-01	1.322657735640176135e-01	6.467696963255459286e-02	2.553485603740674945e-02	6.422467968516415437e-02
8.707986384579510286e+02	3.104404986811243328e-01	1.862675517524266799e-01	2.156081423618416426e-01	1.327043710440444502e-01	6.485562144616385805e-02	2.563402837288805344e-02	6.448978634148129496e-02
8.756364086716062047e+02	3.094223843864500889e-01	1.856474067018653862e-01	2.162702586750640532e-01	1.331403819631961916e-01	6.503332094336675140e-02	2.573278935603682399e-02	6.475345797399105485e-02
8.804741788852616082e+02	3.084101279471123114e-01	1.850308300648056126e-01	2.169283059269219716e-01	1.335738218649903108e-01	6.521007298559962362e-02	2.583114013101781709e-02	6.501570107952282795e-02
8.853119490989170117e+02	3.074036955797945780e-01	1.844178012562001923e-01	2.175823105713566852e-01	1.340047061876484813e-01	6.538588240043596844e-02	2.592908184560790280e-02	6.527652215892669474e-02
8.901497193125721878e+02	3.064030536972350838e-01	1.838082998105963484e-01	2.182322988775631245e-01	1.344330502653495740e-01	6.556075398233592033e-02	2.602661565108494932e-02	6.553592771580550591e-02
8.949874895262273640e+02	3.054081689070601846e-01	1.832023053814199609e-01	2.188782969312601245e-01	1.348588693294475171e-01	6.573469249336702513e-02	2.612374270211803920e-02	6.579392425529774491e-02
8.998252597398827675e+02	3.044190080106258245e-01	1.825997977402644967e-01	2.195203306359592987e-01	1.352821785096550988e-01	6.590770266389736620e-02	2.622046415665907348e-02	6.605051828290947613e-02
9.046630299535379436e+02	3.034355380018667336e-01	1.820007567761854350e-01	2.201584257142315260e-01	1.357029928351954629e-01	6.607978919326233658e-02	2.631678117583571841e-02	6.630571630339344991e-02
9.095008001671932334e+02	3.024577260661536204e-01	1.814051624949990227e-01	2.207926077089711892e-01	1.361213272359219906e-01	6.625095675040573728e-02	2.641269492384569137e-02	6.655952481967347678e-02
9.143385703808486369e+02	3.014855395791571357e-01	1.808129950185859980e-01	2.214229019846576940e-01	1.365371965434083457e-01	6.642120997449660336e-02	2.650820656785236873e-02	6.681195033181258625e-02
9.191763405945038130e+02	3.005189461057204969e-01	1.802242345842000326e-01	2.220493337286136015e-01	1.369506154920094310e-01	6.659055347552239601e-02	2.660331727788175366e-02	6.706299933602309638e-02
9.240141108081592165e+02	2.995579133987382736e-01	1.796388615437809477e-01	2.226719279522594852e-01	1.373615987198947008e-01	6.675899183485964339e-02	2.669802822672072418e-02	6.731267832371704007e-02
9.288518810218145063e+02	2.986024093980436667e-01	1.790568563632723431e-01	2.232907094923648472e-01	1.377701607700546893e-01	6.692652960582298749e-02	2.679234058981660310e-02	6.756099378059565730e-02
9.336896512354697961e+02	2.976524022293023375e-01	1.784781996219440003e-01	2.239057030122951208e-01	1.381763160912818644e-01	6.709317131419324787e-02	2.688625554517803939e-02	6.780795218577623240e-02
9.385274214491247449e+02	2.967078602029136203e-01	1.779028720117188378e-01	2.245169330032542043e-01	1.385800790391267245e-01	6.725892145872550132e-02	2.697977427327715241e-02	6.805356001095480556e-02
9.433651916627801484e+02	2.957687518129192283e-01	1.773308543365040568e-01	2.251244237855224983e-01	1.389814638768302746e-01	6.742378451163802411e-02	2.707289795695297721e-02	6.829782371960382847e-02
9.482029618764355519e+02	2.948350457359182886e-01	1.767621275115271728e-01	2.257281995096901139e-01	1.393804847762336596e-01	6.758776491908262407e-02	2.716562778131616229e-02	6.854074976620290471e-02
9.530407320900908417e+02	2.939067108299902586e-01	1.761966725626760155e-01	2.263282841578848625e-01	1.397771558186657881e-01	6.775086710159727854e-02	2.725796493365494760e-02	6.878234459550183755e-02
9.578785023037459041e+02	2.929837161336240614e-01	1.756344706258433086e-01	2.269247015449951388e-01	1.401714909958098609e-01	6.791309545454182750e-02	2.734991060334236376e-02	6.902261464181440320e-02
9.627162725174014213e+02	2.920660308646546577e-01	1.750755029462755519e-01	2.275174753198873634e-01	1.405635042105496668e-01	6.807445434851712440e-02	2.744146598174470458e-02	6.926156632834197524e-02
9.675540427310568248e+02	2.911536244192058920e-01	1.745197508779260109e-01	2.281066289666175417e-01	1.409532092777961154e-01	6.823494812976860224e-02	2.753263226213119308e-02	6.949920606652570942e-02
9.723918129447120009e+02	2.902464663706404990e-01	1.739671958828121756e-01	2.286921858056372436e-01	1.413406199252954243e-01	6.839458112057461570e-02	2.762341063958490342e-02	6.973554025542631762e-02
9.772295831583674044e+02	2.893445264685166052e-01	1.734178195303769932e-01	2.292741689949933104e-01	1.417257497944186817e-01	6.855335761962046137e-02	2.771380231091484167e-02	6.997057528113029279e-02
9.820673533720223531e+02	2.884477746375510576e-01	1.728716034968547921e-01	2.298526015315217608e-01	1.421086124409344509e-01	6.871128190235822886e-02	2.780380847456928942e-02	7.020431751618162741e-02
9.869051235856777566e+02	2.875561809765889709e-01	1.723285295646407589e-01	2.304275062520350636e-01	1.424892213357644433e-01	6.886835822135349561e-02	2.789343033055026802e-02	7.043677331903822059e-02
9.917428937993331601e+02	2.866697157575801569e-01	1.717885796216648553e-01	2.309989058345031654e-01	1.428675898657230381e-01	6.902459080661907387e-02	2.798266908032922412e-02	7.066794903355179402e-02
9.965806640129884499e+02	2.857883494245617162e-01	1.712517356607694829e-01	2.315668227992280503e-01	1.432437313342412866e-01	6.917998386593637861e-02	2.807152592676387046e-02	7.089785098847056766e-02
1.001418434226643626e+03	2.849120525926472358e-01	1.707179797790914499e-01	2.321312795100112514e-01	1.436176589620762056e-01	6.933454158516511034e-02	2.816000207401616467e-02	7.112648549696391764e-02
1.006256204440298802e+03	2.840407960470223703e-01	1.701872941774475456e-01	2.326922981753151709e-01	1.439893858880053890e-01	6.948826812854140555e-02	2.824809872747145040e-02	7.135385885616804535e-02
1.011093974653954206e+03	2.831745507419463626e-01	1.696596611597241955e-01	2.332499008494170745e-01	1.443589251695079068e-01	6.964116763896517626e-02	2.833581709365873627e-02	7.157997734675194956e-02
1.015931744867609382e+03	2.823132877997602264e-01	1.691350631322710851e-01	2.338041094335562009e-01	1.447262897834319106e-01	6.979324423827693025e-02	2.842315838017207136e-02	7.180484723250296630e-02
1.020769515081264785e+03	2.814569785099009236e-01	1.686134826032983369e-01	2.343549456770742390e-01	1.450914926266492488e-01	6.994450202752452994e-02	2.851012379559305851e-02	7.202847475993105764e-02
1.025607285294920075e+03	2.806055943279215925e-01	1.680949021822779332e-01	2.349024311785480601e-01	1.454545465166977580e-01	7.009494508722030615e-02	2.859671454941445368e-02	7.225086615789125255e-02
1.030445055508575479e+03	2.797591068745182152e-01	1.675793045793484426e-01	2.354465873869157344e-01	1.458154641924117312e-01	7.024457747758888759e-02	2.868293185196486156e-02	7.247202763722351837e-02
1.035282825722230655e+03	2.789174879345617808e-01	1.670666726047238537e-01	2.359874356025952469e-01	1.461742583145406449e-01	7.039340323880616257e-02	2.876877691433451373e-02	7.269196539040929939e-02
1.040120595935886058e+03	2.780807094561368320e-01	1.665569891681058234e-01	2.365249969785957196e-01	1.465309414663569787e-01	7.054142639122969183e-02	2.885425094830209453e-02	7.291068559124438964e-02
1.044958366149541234e+03	2.772487435495860075e-01	1.660502372780999492e-01	2.370592925216216396e-01	1.468855261542532931e-01	7.068865093562087809e-02	2.893935516626265289e-02	7.312819439452719616e-02
1.049796136363196410e+03	2.764215624865600796e-01	1.655464000416353998e-01	2.375903430931692872e-01	1.472380248083290100e-01	7.083508085335933624e-02	2.902409078115655502e-02	7.334449793576201804e-02
