8.756364086716062047e+02	3.045626848474421444e-01	1.949415589979511532e-01	2.177893496275958019e-01	1.311472904532991202e-01	6.481978520689384016e-02	2.395981199303483591e-02	6.277951887341662318e-02
8.804741788852616082e+02	3.034304744008671229e-01	1.943865842932885057e-01	2.187594560278764699e-01	1.316108632665846379e-01	6.461944472523097061e-02	2.407816969891804493e-02	6.311500758686776347e-02
8.853119490989170117e+02	3.023131715623688098e-01	1.938279715304752626e-01	2.195736343812396130e-01	1.320714766722055622e-01	6.457496771371758204e-02	2.419589131579154978e-02	6.344288682383511513e-02
8.901497193125721878e+02	3.012100494688261243e-01	1.932661377726765106e-01	2.202944460558545758e-01	1.325291488531300244e-01	6.462208572442207366e-02	2.431298305174223878e-02	6.376514907298193313e-02
8.949874895262273640e+02	3.001204898315872893e-01	1.927014723447800504e-01	2.209588364262634053e-01	1.329839029580756060e-01	6.472286198267056256e-02	2.442945084126556948e-02	6.408298561499092827e-02
8.998252597398827675e+02	2.990439485389881358e-01	1.921343395914328345e-01	2.215886278838490597e-01	1.334357646435686273e-01	6.485490452477918333e-02	2.454530038568195072e-02	6.439711443133365465e-02
9.046630299535379436e+02	2.979799347806090792e-01	1.915650809969471902e-01	2.221967144496903579e-01	1.338847606465956852e-01	6.500499815033010387e-02	2.466053718077487744e-02	6.470797379468611055e-02
9.095008001671932334e+02	2.969279981864593743e-01	1.909940169005257815e-01	2.227907188129639726e-01	1.343309179642940554e-01	6.516534503494544883e-02	2.477516653667346733e-02	6.501583656377132869e-02
9.143385703808486369e+02	2.958877207282850086e-01	1.904214479462119081e-01	2.233751513025123425e-01	1.347742633907130505e-01	6.533134537343944503e-02	2.488919359295648989e-02	6.532087766551511465e-02
9.191763405945038130e+02	2.948587114609677595e-01	1.898476563513626647e-01	2.239526844682829532e-01	1.352148232631521507e-01	6.550028718421831153e-02	2.500262333074671980e-02	6.562321394090279980e-02
9.240141108081592165e+02	2.938406029677002596e-01	1.892729070445290651e-01	2.245249055587140719e-01	1.356526233310720586e-01	6.567057283937682843e-02	2.511546058285059335e-02	6.592292767539052745e-02
9.288518810218145063e+02	2.928330488365704087e-01	1.886974487041162274e-01	2.250927607708857747e-01	1.360876886962820165e-01	6.584126245201807337e-02	2.522771004257595359e-02	6.622008049718489109e-02
9.336896512354697961e+02	2.918357217701673112e-01	1.881215147176016345e-01	2.256568175363759809e-01	1.365200437941825884e-01	6.601180432077723148e-02	2.533937627161100825e-02	6.651472158891748310e-02
9.385274214491247449e+02	2.908483120916466880e-01	1.875453240741744576e-01	2.262174193826262114e-01	1.369497123982819642e-01	6.618187580372489331e-02	2.545046370719961093e-02	6.680689254197931526e-02
9.433651916627801484e+02	2.898705265063095671e-01	1.869690821995069752e-01	2.267747773747020856e-01	1.373767176375433330e-01	6.635128938419668221e-02	2.556097666876010893e-02	6.709663022861436787e-02
9.482029618764355519e+02	2.889020870342641767e-01	1.863929817388576271e-01	2.273290241159419134e-01	1.378010820204513265e-01	6.651993722249954777e-02	2.567091936404266792e-02	6.738396850357587786e-02
9.530407320900908417e+02	2.879427300631793862e-01	1.858172032931585116e-01	2.278802456440464363e-01	1.382228274622383513e-01	6.668775842751609173e-02	2.578029589488859546e-02	6.766893921460584438e-02
9.578785023037459041e+02	2.869922054899395891e-01	1.852419161117743462e-01	2.284285002766549832e-01	1.386419753132162036e-01	6.685471974073280144e-02	2.588911026263630843e-02	6.795157280467901961e-02
9.627162725174014213e+02	2.860502759317662402e-01	1.846672787449940289e-01	2.289738297515519772e-01	1.390585463870437077e-01	6.702080413801494996e-02	2.599736637320688298e-02	6.823189867305536060e-02
9.675540427310568248e+02	2.851167159943658325e-01	1.840934396588967126e-01	2.295162658170827041e-01	1.394725609882821737e-01	6.718600410534694700e-02	2.610506804189510408e-02	6.850994539376363546e-02
9.723918129447120009e+02	2.841913115888512475e-01	1.835205378149397659e-01	2.300558341357365755e-01	1.398840389388935901e-01	6.735031767357893551e-02	2.621221899788706705e-02	6.878574084974591052e-02
9.772295831583674044e+02	2.832738592917050657e-01	1.829487032163969185e-01	2.305925566007519523e-01	1.402929996035162385e-01	6.751374608169417868e-02	2.631882288852258056e-02	6.905931231704622031e-02
9.820673533720223531e+02	2.823641657435911889e-01	1.823780574236036067e-01	2.311264527150909687e-01	1.406994619134534219e-01	6.767629240122711998e-02	2.642488328331827133e-02	6.933068651934858051e-02
9.869051235856777566e+02	2.814620470837767008e-01	1.818087140398253199e-01	2.316575404161738960e-01	1.411034443893707802e-01	6.783796072786253684e-02	2.653040367776587916e-02	6.959988966485798623e-02
9.917428937993331601e+02	2.805673284175299043e-01	1.812407791694441994e-01	2.321858365727502427e-01	1.415049651627300897e-01	6.799875570764871147e-02	2.663538749691894691e-02	6.986694747261097682e-02
9.965806640129884499e+02	2.796798433142616558e-01	1.806743518500520396e-01	2.327113572875880165e-01	1.419040419960049260e-01	6.815868226054087875e-02	2.673983809878020118e-02	7.013188519240536045e-02
1.001418434226643626e+03	2.787994333344509523e-01	1.801095244599421052e-01	2.332341180849373530e-01	1.423006923017325065e-01	6.831774542024124375e-02	2.684375877750101724e-02	7.039472762082790713e-02
1.006256204440298802e+03	2.779259475835931248e-01	1.795463831024030066e-01	2.337541340294161385e-01	1.426949331604595583e-01	6.847595024250871520e-02	2.694715276640370985e-02	7.065549911484883538e-02
1.011093974653954206e+03	2.770592422915609809e-01	1.789850079681363504e-01	2.342714198038885198e-01	1.430867813376406616e-01	6.863330175371479269e-02	2.705002324083667989e-02	7.091422360385506163e-02
1.015931744867609382e+03	2.761991804158916985e-01	1.784254736770435612e-01	2.347859897626438375e-01	1.434762532995464690e-01	6.878980492299349714e-02	2.715237332087186775e-02	7.117092460064207426e-02
1.020769515081264785e+03	2.753456312676132445e-01	1.778678496005556553e-01	2.352978579695328143e-01	1.438633652282371722e-01	6.894546464816497799e-02	2.725420607385345070e-02	7.142562521167565570e-02
1.025607285294920075e+03	2.744984701583143560e-01	1.773122001656124436e-01	2.358070382267891951e-01	1.442481330356547298e-01	6.910028574964414971e-02	2.735552451680613173e-02	7.167834814681194044e-02
1.030445055508575479e+03	2.736575780672423908e-01	1.767585851413347731e-01	2.363135440979444168e-01	1.446305723768840368e-01	6.925427296892559814e-02	2.745633161871095448e-02	7.192911572859082836e-02
1.035282825722230655e+03	2.728228413272849040e-01	1.762070599093735201e-01	2.368173889268714583e-01	1.450106986626313599e-01	6.940743096964079040e-02	2.755663030265610020e-02	7.217794990117493148e-02
1.040120595935886058e+03	2.719941513287594259e-01	1.756576757188638149e-01	2.373185858541829729e-01	1.453885270709648625e-01	6.955976434001187592e-02	2.765642344786970949e-02	7.242487223898048943e-02
1.044958366149541234e+03	2.711714042399968050e-01	1.751104799268592693e-01	2.378171478317284704e-01	1.457640725583608243e-01	6.971127759601536411e-02	2.775571389164132111e-02	7.266990395503106215e-02
1.049796136363196410e+03	2.703545007437637704e-01	1.745655162250715764e-01	2.383130876356511496e-01	1.461373498700954399e-01	6.986197518485703917e-02	2.785450443113825572e-02	7.291306590905591301e-02
1.054633906576851814e+03	2.695433457886227124e-01	1.740228248536944966e-01	2.388064178782942915e-01	1.465083735500204709e-01	7.001186148852928115e-02	2.795279782512277711e-02	7.315437861534912489e-02
1.059471676790506763e+03	2.687378483543807484e-01	1.734824428030457277e-01	2.392971510191482798e-01	1.468771579497590296e-01	7.016094082732143855e-02	2.805059679557565799e-02	7.339386225040225864e-02
1.064309447004162394e+03	2.679379212308264924e-01	1.729444040037196872e-01	2.397852993749664818e-01	1.472437172373550485e-01	7.030921746321297516e-02	2.814790402923138604e-02	7.363153666032098976e-02
1.069147217217817570e+03	2.671434808089996893e-01	1.724087395059040739e-01	2.402708751291428024e-01	1.476080654054087449e-01	7.045669560311292046e-02	2.824472217902993659e-02	7.386742136803491066e-02
1.073984987431472746e+03	2.663544468842810597e-01	1.718754776484764379e-01	2.407538903404200792e-01	1.479702162787278896e-01	7.060337940192930317e-02	2.834105386548983752e-02	7.410153558030845022e-02
1.078822757645127922e+03	2.655707424706315600e-01	1.713446442184612950e-01	2.412343569509851626e-01	1.483301835215237452e-01	7.074927296546365540e-02	2.843690167800691851e-02	7.433389819456069636e-02
1.083660527858783553e+03	2.647922936253465642e-01	1.708162626013963181e-01	2.417122867939964226e-01	1.486879806441779861e-01	7.089438035313216924e-02	2.853226817608289778e-02	7.456452780550065773e-02
1.088498298072438729e+03	2.640190292837280572e-01	1.702903539231239993e-01	2.421876916005835934e-01	1.490436210096063030e-01	7.103870558051868234e-02	2.862715589048776474e-02	7.479344271158466784e-02
1.093336068286093905e+03	2.632508811031111229e-01	1.697669371834964192e-01	2.426605830063554570e-01	1.493971178392420052e-01	7.118225262176634816e-02	2.872156732435961549e-02	7.502066092130214858e-02
1.098173838499749309e+03	2.624877833157134854e-01	1.692460293824528117e-01	2.431309725574473946e-01	1.497484842186624365e-01	7.132502541181608147e-02	2.881550495424548344e-02	7.524620015929543715e-02
1.103011608713404712e+03	2.617296725898066168e-01	1.687276456389036894e-01	2.435988717161383654e-01	1.500977331028789663e-01	7.146702784849981449e-02	2.890897123108646105e-02	7.547007787231933829e-02
1.107849378927059888e+03	2.609764878987352321e-01	1.682117993028300340e-01	2.440642918660643756e-01	1.504448773213108992e-01	7.160826379449680701e-02	2.900196858115017956e-02	7.569231123504573111e-02
1.112687149140715292e+03	2.602281703973405858e-01	1.676985020609839672e-01	2.445272443170543597e-01	1.507899295824614849e-01	7.174873707916080978e-02	2.909449940691366532e-02	7.591291715571828191e-02
1.117524919354370468e+03	2.594846633053655149e-01	1.671877640365541651e-01	2.449877403096118456e-01	1.511329024783142905e-01	7.188845150022581121e-02	2.918656608789924403e-02	7.613191228166228675e-02
1.122362689568025871e+03	2.587459117974448275e-01	1.666795938831392154e-01	2.454457910190651626e-01	1.514738084884660330e-01	7.202741082539763917e-02	2.927817098146620264e-02	7.634931300465405690e-02
1.127200459781681047e+03	2.580118628993083307e-01	1.661739988733528239e-01	2.459014075594065374e-01	1.518126599840119162e-01	7.216561879383832923e-02	2.936931642356061661e-02	7.656513546615460741e-02
1.132038229995336451e+03	2.572824653898417857e-01	1.656709849823656544e-01	2.463546009868405051e-01	1.521494692311980423e-01	7.230307911754961514e-02	2.946000472942569143e-02	7.677939556241185348e-02
1.136876000208991627e+03	2.565576697086739966e-01	1.651705569666723217e-01	2.468053823030596505e-01	1.524842483948549987e-01	7.243979548266199497e-02	2.955023819427482490e-02	7.699210894943538108e-02
1.141713770422646803e+03	2.558374278689760084e-01	1.646727184383542097e-01	2.472537624582653026e-01	1.528170095416254703e-01	7.257577155063499319e-02	2.964001909392942682e-02	7.720329104784778851e-02
1.146551540636302207e+03	2.551216933751763727e-01	1.641774719350949652e-01	2.476997523539492818e-01	1.531477646429983408e-01	7.271101095937418379e-02	2.972934968542352216e-02	7.741295704761654017e-02
1.151389310849957155e+03	2.544104211453132036e-01	1.636848189861897784e-01	2.481433628454524642e-01	1.534765255781611326e-01	7.284551732427002602e-02	2.981823220757689671e-02	7.762112191266971883e-02
1.156227081063612786e+03	2.537035674377596250e-01	1.631947601747764098e-01	2.485846047443143192e-01	1.538033041366811959e-01	7.297929423916355018e-02	2.990666888153860337e-02	7.782780038539949263e-02
1.161064851277267962e+03	2.530010897820741955e-01	1.627072951965027325e-01	2.490234888204274355e-01	1.541281120210265809e-01	7.311234527724333465e-02	2.999466191130243514e-02	7.803300699105647498e-02
1.165902621490923138e+03	2.523029469137426095e-01	1.622224229148334362e-01	2.494600258040090834e-01	1.544509608489356978e-01	7.324467399187820082e-02	3.008221348419591948e-02	7.823675604203828016e-02
1.170740391704578315e+03	2.516090987125886302e-01	1.617401414131871829e-01	2.498942263874027181e-01	1.547718621556454510e-01	7.337628391738947042e-02	3.016932577134430471e-02	7.843906164207545273e-02
1.175578161918233945e+03	2.509195061446471975e-01	1.612604480440842925e-01	2.503261012267201657e-01	1.550908273959860639e-01	7.350717856976692055e-02	3.025600092811092656e-02	7.863993769031772663e-02
1.180415932131889122e+03	2.502341312073018131e-01	1.607833394754749345e-01	2.507556609433352346e-01	1.554078679463508361e-01	7.363736144733175337e-02	3.034224109451524876e-02	7.883939788532351445e-02
1.185253702345544298e+03	2.495529368775020740e-01	1.603088117344084462e-01	2.511829161252389642e-01	1.557229951065485229e-01	7.376683603135002210e-02	3.042804839562982672e-02	7.903745572895548577e-02
1.190091472559199701e+03	2.488758870628854925e-01	1.598368602481948231e-01	2.516078773282656167e-01	1.560362201015454975e-01	7.389560578659985779e-02	3.051342494195730809e-02	7.923412453018477408e-02
1.194929242772855105e+03	2.482029465556394587e-01	1.593674798832010464e-01	2.520305550771980707e-01	1.563475540831042732e-01	7.402367416189523097e-02	3.059837282978864967e-02	7.942941740880664347e-02
1.199767012986510281e+03	2.475340809889473026e-01	1.589006649814166672e-01	2.524509598667618593e-01	1.566570081313249929e-01	7.415104459056920394e-02	3.068289414154351524e-02	7.962334729906982156e-02
1.204604783200165684e+03	2.468692567958720718e-01	1.584364093949159336e-01	2.528691021625141255e-01	1.569645932560957413e-01	7.427772049091940776e-02	3.076699094609384316e-02	7.981592695322223263e-02
1.209442553413820860e+03	2.462084411705395826e-01	1.579747065183357002e-01	2.532849924016360998e-01	1.572703203984573139e-01	7.440370526661793660e-02	3.085066529907154464e-02	8.000716894497510168e-02
1.214280323627476264e+03	2.455516020314901238e-01	1.575155493194821954e-01	2.536986409936354825e-01	1.575742004318879397e-01	7.452900230708829621e-02	3.093391924316117939e-02	8.019708567288803824e-02
1.219118093841131440e+03	2.448987079870759420e-01	1.570589303681731441e-01	2.541100583209648933e-01	1.578762441635125080e-01	7.465361498785150207e-02	3.101675480837839949e-02	8.038568936367687656e-02
1.223955864054786844e+03	2.442497283027882660e-01	1.566048418634155559e-01	2.545192547395628280e-01	1.581764623352415189e-01	7.477754667084325624e-02	3.109917401233498746e-02	8.057299207544683928e-02
1.228793634268442020e+03	2.436046328704046526e-01	1.561532756590140181e-01	2.549262405793227271e-01	1.584748656248438359e-01	7.490080070470436779e-02	3.118117886049122031e-02	8.075900570085248198e-02
1.233631404482097196e+03	2.429633921788528772e-01	1.557042232876985344e-01	2.553310261444953211e-01	1.587714646469574054e-01	7.502338042504605453e-02	3.126277134639620509e-02	8.094374197018693040e-02
1.238469174695752372e+03	2.423259772866946937e-01	1.552576759838565634e-01	2.557336217140293577e-01	1.590662699540421332e-01	7.514528915469191606e-02	3.134395345191686583e-02	8.112721245440186746e-02
1.243306944909407548e+03	2.416923597961368186e-01	1.548136247049483605e-01	2.561340375418553195e-01	1.593592920372781385e-01	7.526653020389827142e-02	3.142472714745622731e-02	8.130942856806031016e-02
1.248144715123063179e+03	2.410625118284832058e-01	1.543720601516807844e-01	2.565322838571165720e-01	1.596505413274132978e-01	7.538710687055415194e-02	3.150509439216154367e-02	8.149040157222392500e-02
1.252982485336718355e+03	2.404364060009465121e-01	1.539329727870100695e-01	2.569283708643520514e-01	1.599400281955629666e-01	7.550702244036255895e-02	3.158505713412278204e-02	8.167014257727646387e-02
1.257820255550373531e+03	2.398140154047416761e-01	1.534963528540404520e-01	2.573223087436344314e-01	1.602277629539652914e-01	7.562628018700426336e-02	3.166461731056208900e-02	8.184866254568518018e-02
1.262658025764028707e+03	2.391953135843890299e-01	1.530621903928812699e-01	2.577141076506669348e-01	1.605137558566945011e-01	7.574488337228531265e-02	3.174377684801465288e-02	8.202597229470166840e-02
1.267495795977684338e+03	2.385802745181585249e-01	1.526304752565219303e-01	2.581037777168428415e-01	1.607980171003354219e-01	7.586283524626961927e-02	3.182253766250141280e-02	8.220208249900365360e-02
1.272333566191339514e+03	2.379688725995900145e-01	1.522011971257809237e-01	2.584913290492703020e-01	1.610805568246212738e-01	7.598013904739743529e-02	3.190090165969410030e-02	8.237700369327934091e-02
1.277171336404994690e+03	2.373610826200290569e-01	1.517743455233811767e-01	2.588767717307657867e-01	1.613613851130375199e-01	7.609679800259105953e-02	3.197887073507301586e-02	8.255074627475575411e-02
1.282009106618650094e+03	2.367568797521203694e-01	1.513499098272019505e-01	2.592601158198185596e-01	1.616405119933936874e-01	7.621281532734849873e-02	3.205644677407789439e-02	8.272332050567240969e-02
1.286846876832305497e+03	2.361562395342048370e-01	1.509278792827537796e-01	2.596413713505291709e-01	1.619179474383655171e-01	7.632819422582605429e-02	3.213363165225224805e-02	8.289473651570178347e-02
1.291684647045960673e+03	2.355591378555689508e-01	1.505082430149211059e-01	2.600205483325239708e-01	1.621937013660091631e-01	7.644293789091086144e-02	3.221042723538159597e-02	8.306500430431769388e-02
1.296522417259616077e+03	2.349655509424981581e-01	1.500909900390141050e-01	2.603976567508485274e-01	1.624677836402496356e-01	7.655704950428385280e-02	3.228683537962578898e-02	8.323413374311323942e-02
1.301360187473271253e+03	2.343754553450890510e-01	1.496761092711691166e-01	2.607727065658411170e-01	1.627402040713448184e-01	7.667053223647420090e-02	3.236285793164582480e-02	8.340213457806913699e-02
1.306197957686926657e+03	2.337888279247769818e-01	1.492635895381349553e-01	2.611457077129890614e-01	1.630109724163270879e-01	7.678338924690569778e-02	3.243849672872543832e-02	8.356901643177402916e-02
1.311035727900581833e+03	2.332056458425388612e-01	1.488534195864798237e-01	2.615166701027695217e-01	1.632800983794237826e-01	7.689562368393589031e-02	3.251375359888773742e-02	8.373478880559762083e-02
1.315873498114237009e+03	2.326258865477331683e-01	1.484455880912521342e-01	2.618856036204762483e-01	1.635475916124580209e-01	7.700723868488856816e-02	3.258863036100712041e-02	8.389946108181793594e-02
1.320711268327892412e+03	2.320495277675403700e-01	1.480400836641264373e-01	2.622525181260343397e-01	1.638134617152314232e-01	7.711823737607996498e-02	3.266312882491672481e-02	8.406304252570394320e-02
1.325549038541547588e+03	2.314765474969708303e-01	1.476368948610634058e-01	2.626174234538036223e-01	1.640777182358897079e-01	7.722862287283957516e-02	3.273725079151172668e-02	8.422554228755427252e-02
1.330386808755202765e+03	2.309069239894072922e-01	1.472360101895121565e-01	2.629803294123733703e-01	1.643403706712725509e-01	7.733839827952578017e-02	3.281099805284857368e-02	8.438696940469339602e-02
1.335224578968857941e+03	2.303406357476522615e-01	1.468374181151805014e-01	2.633412457843483101e-01	1.646014284672486228e-01	7.744756668953681200e-02	3.288437239224048514e-02	8.454733280342612012e-02
1.340062349182513572e+03	2.297776615154513702e-01	1.464411070683984128e-01	2.637001823261277966e-01	1.648609010190371926e-01	7.755613118531762273e-02	3.295737558434931602e-02	8.470664130095137412e-02
1.344900119396168748e+03	2.292179802694660484e-01	1.460470654500972965e-01	2.640571487676794393e-01	1.651187976715169370e-01	7.766409483836296535e-02	3.303000939527403479e-02	8.486490360723636384e-02
1.349737889609823924e+03	2.286615712116703558e-01	1.456552816374273029e-01	2.644121548123075649e-01	1.653751277195229519e-01	7.777146070921703291e-02	3.310227558263600239e-02	8.502212832685182575e-02
1.354575659823479100e+03	2.281084137621475494e-01	1.452657439890335522e-01	2.647652101364181831e-01	1.656299004081329962e-01	7.787823184747007244e-02	3.317417589566116348e-02	8.517832396076958912e-02
1.359413430037134731e+03	2.275584875522642381e-01	1.448784408500103371e-01	2.651163243892806221e-01	1.658831249329433544e-01	7.798441129175233411e-02	3.324571207525931632e-02	8.533349890812293170e-02
1.364251200250789907e+03	2.270117724182005303e-01	1.444933605565521806e-01	2.654655071927873311e-01	1.661348104403358727e-01	7.809000206972553648e-02	3.331688585410067655e-02	8.548766146793100595e-02
1.369088970464445310e+03	2.264682483948166625e-01	1.441104914403186776e-01	2.658127681412121301e-01	1.663849660277357534e-01	7.819500719807227773e-02	3.338769895668978333e-02	8.564081984078783516e-02
1.373926740678100487e+03	2.259278957098363461e-01	1.437298218325296917e-01	2.661581168009677922e-01	1.666336007438618261e-01	7.829942968248358726e-02	3.345815309943696303e-02	8.579298213051686495e-02
1.378764510891755890e+03	2.253906947783296255e-01	1.433513400678064764e-01	2.665015627103637930e-01	1.668807235889691598e-01	7.840327251764482586e-02	3.352824999072739898e-02	8.594415634579176400e-02
1.383602281105411066e+03	2.248566261974782599e-01	1.429750344877728507e-01	2.668431153793642263e-01	1.671263435150850130e-01	7.850653868722028139e-02	3.359799133098800850e-02	8.609435040172441767e-02
1.388440051319066470e+03	2.243256707416075302e-01	1.426008934444306653e-01	2.671827842893470528e-01	1.673704694262384551e-01	7.860923116383655707e-02	3.366737881275216199e-02	8.624357212142064188e-02
1.393277821532721646e+03	2.237978093574698457e-01	1.422289053033221617e-01	2.675205788928648465e-01	1.676131101786842992e-01	7.871135290906502990e-02	3.373641412072242440e-02	8.639182923750443610e-02
1.398115591746377049e+03	2.232730231597655490e-01	1.418590584464916038e-01	2.678565086134078732e-01	1.678542745811217041e-01	7.881290687340344880e-02	3.380509893183131914e-02	8.653912939361159407e-02
1.402953361960032225e+03	2.227512934268881528e-01	1.414913412752574762e-01	2.681905828451690565e-01	1.680939713949078096e-01	7.891389599625708851e-02	3.387343491530035028e-02	8.668548014585314432e-02
1.407791132173687402e+03	2.222326015968808521e-01	1.411257422128065486e-01	2.685228109528124407e-01	1.683322093342671522e-01	7.901432320591925129e-02	3.394142373269722068e-02	8.683088896424957792e-02
1.412628902387342805e+03	2.217169292635930433e-01	1.407622497066195466e-01	2.688532022712443736e-01	1.685689970664967230e-01	7.911419141955162992e-02	3.400906703799150277e-02	8.697536323413618264e-02
1.417466672600997981e+03	2.212042581730250257e-01	1.404008522307385043e-01	2.691817661053884647e-01	1.688043432121675291e-01	7.921350354316439302e-02	3.407636647760861615e-02	8.711891025754046891e-02
1.422304442814653157e+03	2.206945702198510051e-01	1.400415382878844872e-01	2.695085117299641508e-01	1.690382563453226294e-01	7.931226247159627041e-02	3.414332369048242444e-02	8.726153725453200671e-02
1.427142213028308333e+03	2.201878474441097966e-01	1.396842964114349550e-01	2.698334483892695368e-01	1.692707449936721176e-01	7.941047108849465241e-02	3.420994030810638187e-02	8.740325136454556165e-02
1.431979983241963964e+03	2.196840720280545112e-01	1.393291151672678696e-01	2.701565852969682324e-01	1.695018176387853293e-01	7.950813226629592501e-02	3.427621795458332676e-02	8.754405964767786319e-02
1.436817753455619140e+03	2.191832262931516506e-01	1.389759831554812641e-01	2.704779316358809638e-01	1.697314827162803574e-01	7.960524886620601315e-02	3.434215824667399136e-02	8.768396908595882389e-02
1.441655523669274316e+03	2.186852926972218669e-01	1.386248890119947674e-01	2.707974965577816806e-01	1.699597486160116244e-01	7.970182373818127108e-02	3.440776279384431119e-02	8.782298658459755658e-02
1.446493293882929493e+03	2.181902538317142259e-01	1.382758214100400229e-01	2.711152891831985490e-01	1.701866236822548450e-01	7.979785972090987223e-02	3.447303319831157564e-02	8.796111897320391115e-02
1.451331064096585123e+03	2.176980924191065647e-01	1.379287690615468576e-01	2.714313186012199952e-01	1.704121162138905743e-01	7.989335964179358762e-02	3.453797105508944754e-02	8.809837300698596108e-02
1.456168834310240300e+03	2.172087913104248647e-01	1.375837207184303634e-01	2.717455938693056350e-01	1.706362344645858398e-01	7.998832631693023054e-02	3.460257795203192793e-02	8.823475536792407814e-02
1.461006604523895703e+03	2.167223334828753400e-01	1.372406651737855532e-01	2.720581240131025869e-01	1.708589866429744974e-01	8.008276255109668396e-02	3.466685546987637034e-02	8.837027266592190067e-02
1.465844374737550879e+03	2.162387020375825808e-01	1.368995912629943357e-01	2.723689180262671150e-01	1.710803809128359221e-01	8.017667113773258025e-02	3.473080518228543329e-02	8.850493143993498624e-02
1.470682144951206283e+03	2.157578801974281146e-01	1.365604878647501130e-01	2.726779848702915454e-01	1.713004253932728371e-01	8.027005485892477199e-02	3.479442865588823486e-02	8.863873815907732934e-02
1.475519915164861459e+03	2.152798513049839491e-01	1.362233439020047454e-01	2.729853334743366222e-01	1.715191281588880068e-01	8.036291648539253818e-02	3.485772745032056363e-02	8.877169922370647948e-02
1.480357685378516862e+03	2.148045988205355417e-01	1.358881483428425740e-01	2.732909727350693041e-01	1.717364972399599843e-01	8.045525877647360935e-02	3.492070311826428464e-02	8.890382096648763444e-02
1.485195455592172038e+03	2.143321063201893417e-01	1.355548902012853052e-01	2.735949115165062784e-01	1.719525406226181108e-01	8.054708448011102528e-02	3.498335720548592653e-02	8.903510965343695849e-02
1.490033225805827215e+03	2.138623574940606842e-01	1.352235585380322791e-01	2.738971586498626931e-01	1.721672662490168204e-01	8.063839633284089481e-02	3.504569125087456105e-02	8.916557148494495821e-02
1.494870996019482618e+03	2.133953361445369568e-01	1.348941424611396211e-01	2.741977229334068844e-01	1.723806820175094456e-01	8.072919705978101601e-02	3.510770678647889137e-02	8.929521259678009637e-02
1.499708766233137567e+03	2.129310261846123209e-01	1.345666311266419113e-01	2.744966131323202108e-01	1.725927957828213011e-01	8.081948937462044014e-02	3.516940533754369519e-02	8.942403906107300460e-02
1.504546536446793198e+03	2.124694116362900176e-01	1.342410137391197300e-01	2.747938379785628271e-01	1.728036153562227395e-01	8.090927597961002082e-02	3.523078842254561555e-02	8.955205688728193336e-02
1.509384306660448374e+03	2.120104766290485387e-01	1.339172795522162451e-01	2.750894061707447880e-01	1.730131485057015417e-01	8.099855956555385150e-02	3.529185755322826468e-02	8.967927202313967505e-02
1.514222076874103550e+03	2.115542053983681392e-01	1.335954178691059202e-01	2.753833263740027570e-01	1.732214029561351676e-01	8.108734281180171588e-02	3.535261423463679359e-02	8.980569035558240432e-02
1.519059847087758726e+03	2.111005822843144974e-01	1.332754180429180368e-01	2.756756072198822682e-01	1.734283863894629518e-01	8.117562838624250987e-02	3.541305996515180937e-02	8.993131771166083810e-02
1.523897617301414357e+03	2.106495917301763610e-01	1.329572694771177788e-01	2.759662573062253155e-01	1.736341064448578830e-01	8.126341894529866272e-02	3.547319623652280679e-02	9.005615985943406232e-02
1.528735387515069533e+03	2.102012182811541785e-01	1.326409616258473478e-01	2.762552851970638268e-01	1.738385707188985219e-01	8.135071713392155734e-02	3.553302453390102394e-02	9.018022250884639990e-02
1.533573157728724709e+03	2.097554465830973047e-01	1.323264839942295545e-01	2.765426994225178570e-01	1.740417867657406970e-01	8.143752558558796373e-02	3.559254633587181221e-02	9.030351131258766706e-02
1.538410927942380113e+03	2.093122613812865296e-01	1.320138261386360479e-01	2.768285084786996642e-01	1.742437620972894230e-01	8.152384692229744378e-02	3.565176311448650659e-02	9.042603186693720652e-02
1.543248698156035516e+03	2.088716475192604338e-01	1.317029776669221552e-01	2.771127208276230602e-01	1.744445041833705967e-01	8.160968375457075541e-02	3.571067633529384500e-02	9.054778971259200282e-02
1.548086468369690692e+03	2.084335899376821288e-01	1.313939282386306362e-01	2.773953448971177016e-01	1.746440204519028039e-01	8.169503868144939451e-02	3.576928745737090881e-02	9.066879033547926847e-02
1.552924238583346096e+03	2.079980736732451874e-01	1.310866675651661539e-01	2.776763890807488755e-01	1.748423182890694316e-01	8.177991429049585870e-02	3.582759793335368176e-02	9.078903916755369508e-02
1.557762008797001272e+03	2.075650838576160173e-01	1.307811854099417415e-01	2.779558617377422824e-01	1.750394050394905865e-01	8.186431315779522933e-02	3.588560920946716470e-02	9.090854158757984138e-02
1.562599779010656675e+03	2.071346057164112631e-01	1.304774715884996217e-01	2.782337711929141477e-01	1.752352880063953455e-01	8.194823784795751687e-02	3.594332272555508800e-02	9.102730292189997741e-02
1.567437549224311852e+03	2.067066245682078196e-01	1.301755159686076857e-01	2.785101257366056071e-01	1.754299744517940907e-01	8.203169091412110259e-02	3.600073991510926302e-02	9.114532844518742627e-02
1.572275319437967255e+03	2.062811258235845158e-01	1.298753084703328231e-01	2.787849336246230325e-01	1.756234715966508986e-01	8.211467489795704067e-02	3.605786220529857283e-02	9.126262338118616702e-02
1.577113089651622431e+03	2.058580949841927743e-01	1.295768390660928804e-01	2.790582030781824652e-01	1.758157866210563192e-01	8.219719232967451217e-02	3.611469101699759515e-02	9.137919290343649026e-02
1.581950859865277607e+03	2.054375176418558879e-01	1.292800977806884410e-01	2.793299422838592116e-01	1.760069266644000985e-01	8.227924572802705616e-02	3.617122776481489915e-02	9.149504213598733116e-02
1.586788630078933011e+03	2.050193794776945244e-01	1.289850746913156487e-01	2.796001593935421581e-01	1.761968988255442903e-01	8.236083760031982781e-02	3.622747385712099533e-02	9.161017615409546011e-02
1.591626400292587959e+03	2.046036662612774060e-01	1.286917599275611557e-01	2.798688625243923589e-01	1.763857101629963398e-01	8.244197044241784178e-02	3.628343069607600085e-02	9.172459998491175326e-02
1.596464170506243590e+03	2.041903638497962192e-01	1.284001436713805289e-01	2.801360597588066215e-01	1.765733676950825837e-01	8.252264673875500667e-02	3.633909967765701354e-02	9.183831860815488968e-02
1.601301940719898766e+03	2.037794581872628408e-01	1.281102161570608633e-01	2.804017591443854207e-01	1.767598784001217227e-01	8.260286896234422804e-02	3.639448219168513188e-02	9.195133695677268348e-02
1.606139710933553943e+03	2.033709353037284340e-01	1.278219676711689345e-01	2.806659686939050879e-01	1.769452492165986268e-01	8.268263957478826087e-02	3.644957962185228773e-02	9.206365991759128675e-02
1.610977481147209119e+03	2.029647813145227242e-01	1.275353885524854458e-01	2.809286963852945518e-01	1.771294870433383073e-01	8.276196102629153339e-02	3.650439334574771821e-02	9.217529233195263794e-02
1.615815251360864750e+03	2.025609824195128139e-01	1.272504691919264519e-01	2.811899501616162977e-01	1.773125987396799441e-01	8.284083575567283142e-02	3.655892473488425026e-02	9.228623899634025296e-02
1.620653021574519926e+03	2.021595249023805940e-01	1.269672000324528205e-01	2.814497379310514358e-01	1.774945911256513298e-01	8.291926619037885693e-02	3.661317515472428674e-02	9.239650466299360876e-02
1.625490791788175102e+03	2.017603951299173082e-01	1.266855715689682582e-01	2.817080675668885981e-01	1.776754709821431744e-01	8.299725474649853607e-02	3.666714596470558446e-02	9.250609404051150786e-02
1.630328562001830505e+03	2.013635795513352422e-01	1.264055743482069838e-01	2.819649469075175552e-01	1.778552450510837435e-01	8.307480382877827085e-02	3.672083851826676848e-02	9.261501179444443788e-02
1.635166332215485909e+03	2.009690646975948458e-01	1.261271989686114647e-01	2.822203837564259965e-01	1.780339200356137186e-01	8.315191583063796799e-02	3.677425416287263826e-02	9.272326254787631450e-02
1.640004102429141085e+03	2.005768371807474248e-01	1.258504360802009947e-01	2.824743858822006959e-01	1.782115026002610292e-01	8.322859313418778937e-02	3.682739424003923789e-02	9.283085088199580226e-02
1.644841872642796488e+03	2.001868836932916007e-01	1.255752763844315834e-01	2.827269610185320636e-01	1.783879993711158796e-01	8.330483811024577689e-02	3.688026008535874589e-02	9.293778133665729635e-02
1.649679642856451665e+03	1.997991910075440913e-01	1.253017106340478803e-01	2.829781168642228062e-01	1.785634169360059142e-01	8.338065311835622662e-02	3.693285302852412910e-02	9.304405841093191243e-02
1.654517413070107068e+03	1.994137459750229824e-01	1.250297296329277441e-01	2.832278610831996946e-01	1.787377618446714389e-01	8.345604050680877073e-02	3.698517439335361617e-02	9.314968656364869259e-02
1.659355183283762244e+03	1.990305355258437103e-01	1.247593242359196913e-01	2.834762013045294404e-01	1.789110406089406968e-01	8.353100261265819504e-02	3.703722549781499063e-02	9.325467021392609690e-02
1.664192953497417420e+03	1.986495466681268418e-01	1.244904853486739210e-01	2.837231451224376810e-01	1.790832597029055340e-01	8.360554176174506136e-02	3.708900765404962718e-02	9.335901374169415512e-02
1.669030723711072824e+03	1.982707664874169551e-01	1.242232039274673572e-01	2.839687000963313501e-01	1.792544255630965366e-01	8.367966026871687113e-02	3.714052216839645870e-02	9.346272148820729264e-02
1.673868493924728000e+03	1.978941821461126793e-01	1.239574709790230572e-01	2.842128737508243241e-01	1.794245445886588075e-01	8.375336043705014499e-02	3.719177034141567945e-02	9.356579775654816356e-02
1.678706264138383403e+03	1.975197808829066981e-01	1.236932775603244161e-01	2.844556735757666210e-01	1.795936231415274087e-01	8.382664455907287704e-02	3.724275346791233038e-02	9.366824681212250481e-02
1.683544034352038352e+03	1.971475500122356617e-01	1.234306147784246660e-01	2.846971070262763193e-01	1.797616675466030545e-01	8.389951491598796052e-02	3.729347283695966936e-02	9.377007288314551103e-02
1.688381804565693983e+03	1.967774769237395360e-01	1.231694737902517545e-01	2.849371815227750293e-01	1.799286840919276376e-01	8.397197377789698824e-02	3.734392973192244419e-02	9.387128016111948026e-02
1.693219574779349159e+03	1.964095490817300282e-01	1.229098458024092816e-01	2.851759044510256969e-01	1.800946790288598387e-01	8.404402340382485792e-02	3.739412543047993670e-02	9.397187280130317455e-02
1.698057344993004335e+03	1.960437540246674493e-01	1.226517220709734818e-01	2.854132831621742361e-01	1.802596585722506806e-01	8.411566604174486317e-02	3.744406120464894433e-02	9.407185492317311770e-02
1.702895115206659511e+03	1.956800793646459036e-01	1.223950939012868194e-01	2.856493249727932726e-01	1.804236289006190819e-01	8.418690392860445071e-02	3.749373832080652585e-02	9.417123061087667724e-02
1.707732885420315142e+03	1.953185127868863058e-01	1.221399526477483372e-01	2.858840371649290502e-01	1.805865961563273003e-01	8.425773929035156040e-02	3.754315803971264992e-02	9.427000391367751364e-02
1.712570655633970318e+03	1.949590420492371134e-01	1.218862897136010481e-01	2.861174269861508357e-01	1.807485664457564034e-01	8.432817434196145101e-02	3.759232161653270482e-02	9.436817884639316090e-02
1.717408425847625494e+03	1.946016549816820540e-01	1.216340965507166499e-01	2.863495016496031553e-01	1.809095458394816003e-01	8.439821128746415047e-02	3.764123030085988336e-02	9.446575938982518239e-02
1.722246196061280898e+03	1.942463394858551518e-01	1.213833646593776988e-01	2.865802683340608614e-01	1.810695403724473518e-01	8.446785231997239185e-02	3.768988533673737346e-02	9.456274949118188833e-02
1.727083966274936301e+03	1.938930835345621106e-01	1.211340855880577161e-01	2.868097341839859205e-01	1.812285560441426191e-01	8.453709962171013226e-02	3.773828796268049318e-02	9.465915306449378119e-02
1.731921736488591478e+03	1.935418751713083307e-01	1.208862509331990048e-01	2.870379063095874761e-01	1.813865988187758349e-01	8.460595536404146022e-02	3.778643941169866627e-02	9.475497399102203455e-02
1.736759506702246881e+03	1.931927025098330308e-01	1.206398523389888844e-01	2.872647917868840217e-01	1.815436746254496525e-01	8.467442170750011377e-02	3.783434091131726573e-02	9.485021611965983868e-02
1.741597276915902057e+03	1.928455537336493109e-01	1.203948814971340930e-01	2.874903976577677378e-01	1.816997893583358059e-01	8.474250080181935929e-02	3.788199368359937425e-02	9.494488326732708483e-02
1.746435047129557461e+03	1.925004170955900151e-01	1.201513301466337891e-01	2.877147309300712719e-01	1.818549488768495537e-01	8.481019478596246719e-02	3.792939894516737104e-02	9.503897921935826332e-02
1.751272817343212637e+03	1.921572809173589802e-01	1.199091900735512750e-01	2.879377985776366833e-01	1.820091590058239006e-01	8.487750578815350666e-02	3.797655790722446328e-02	9.513250772988392223e-02
1.756110587556867813e+03	1.918161335890877506e-01	1.196684531107844313e-01	2.881596075403863866e-01	1.821624255356838751e-01	8.494443592590866787e-02	3.802347177557605790e-02	9.522547252220556202e-02
1.760948357770523216e+03	1.914769635688972071e-01	1.194291111378352893e-01	2.883801647243964261e-01	1.823147542226204454e-01	8.501098730606787557e-02	3.807014175065105699e-02	9.531787728916440994e-02
1.765786127984178393e+03	1.911397593824644692e-01	1.191911560805786197e-01	2.885994770019715272e-01	1.824661507887641587e-01	8.507716202482698553e-02	3.811656902752304232e-02	9.540972569350388011e-02
1.770623898197833569e+03	1.908045096225943205e-01	1.189545799110298119e-01	2.888175512117223676e-01	1.826166209223585302e-01	8.514296216777024473e-02	3.816275479593131403e-02	9.550102136822610777e-02
1.775461668411488745e+03	1.904712029487952984e-01	1.187193746471120470e-01	2.890343941586443477e-01	1.827661702779334318e-01	8.520838980990316780e-02	3.820870024030188078e-02	9.559176791694244668e-02
1.780299438625144376e+03	1.901398280868603630e-01	1.184855323524231507e-01	2.892500126141989147e-01	1.829148044764777603e-01	8.527344701568578822e-02	3.825440653976833194e-02	9.568196891421826278e-02
1.785137208838799552e+03	1.898103738284518394e-01	1.182530451360017804e-01	2.894644133163958299e-01	1.830625291056123261e-01	8.533813583906624256e-02	3.829987486819260573e-02	9.577162790591202401e-02
1.789974979052454728e+03	1.894828290306906082e-01	1.180219051520934731e-01	2.896776029698774901e-01	1.832093497197619936e-01	8.540245832351477107e-02	3.834510639418563932e-02	9.586074840950865872e-02
1.794812749266109904e+03	1.891571826157492087e-01	1.177921045999164446e-01	2.898895882460055251e-01	1.833552718403277937e-01	8.546641650205794027e-02	3.839010228112797740e-02	9.594933391444768200e-02
1.799650519479765535e+03	1.888334235704491326e-01	1.175636357234272067e-01	2.901003757829482277e-01	1.835003009558587306e-01	8.553001239731326810e-02	3.843486368719022800e-02	9.603738788244577107e-02
1.804488289693420711e+03	1.885115409458618108e-01	1.173364908110861998e-01	2.903099721857697046e-01	1.836444425222230892e-01	8.559324802152412648e-02	3.847939176535347672e-02	9.612491374781417797e-02
1.809326059907075887e+03	1.881915238569132620e-01	1.171106621956234106e-01	2.905183840265211370e-01	1.837877019627793818e-01	8.565612537659492154e-02	3.852368766342958301e-02	9.621191491777089655e-02
1.814163830120731291e+03	1.878733614819926012e-01	1.168861422538041012e-01	2.907256178443328176e-01	1.839300846685472113e-01	8.571864645412662076e-02	3.856775252408138621e-02	9.629839477274788895e-02
1.819001600334386467e+03	1.875570430625638219e-01	1.166629234061947740e-01	2.909316801455080204e-01	1.840715959983774130e-01	8.578081323545247439e-02	3.861158748484284225e-02	9.638435666669330215e-02
1.823839370548041643e+03	1.872425579027811315e-01	1.164409981169292618e-01	2.911365774036182019e-01	1.842122412791221409e-01	8.584262769167408380e-02	3.865519367813907703e-02	9.646980392736877186e-02
1.828677140761696819e+03	1.869298953691076182e-01	1.162203588934751924e-01	2.913403160595995356e-01	1.843520258058043426e-01	8.590409178369762255e-02	3.869857223130634266e-02	9.655473985664202174e-02
1.833514910975352450e+03	1.866190448899372190e-01	1.160009982864008693e-01	2.915429025218506109e-01	1.844909548417868750e-01	8.596520746227044596e-02	3.874172426661186969e-02	9.663916773077477207e-02
1.838352681189008081e+03	1.863099959552198259e-01	1.157829088891423330e-01	2.917443431663316322e-01	1.846290336189413406e-01	8.602597666801775622e-02	3.878465090127369147e-02	9.672309080070605469e-02
