8.804741788852616082e+02	3.030968477757968738e-01	1.947497778475419661e-01	2.184268669339864688e-01	1.316810757132398646e-01	6.458353771100022733e-02	2.467579346481490327e-02	6.278610055325020700e-02
8.853119490989170117e+02	3.020025879786973899e-01	1.941706141176794409e-01	2.192252256900693586e-01	1.321282926213986075e-01	6.455019367706574251e-02	2.478194368928370028e-02	6.314114222543620869e-02
8.901497193125721878e+02	3.009210327359168602e-01	1.935893757610313848e-01	2.199567643475545398e-01	1.325733845754029638e-01	6.458334014171644710e-02	2.488781711364763255e-02	6.348828532436058547e-02
8.949874895262273640e+02	2.998517085574414209e-01	1.930063855962272645e-01	2.206413482024599526e-01	1.330163148353029623e-01	6.466203346295987253e-02	2.499335808281213586e-02	6.382885126242680840e-02
8.998252597398827675e+02	2.987941791616946507e-01	1.924219461890224192e-01	2.212926792381291474e-01	1.334570589635346027e-01	6.477183228989073782e-02	2.509852909981763816e-02	6.416377505754122801e-02
9.046630299535379436e+02	2.977480396726939205e-01	1.918363412369230303e-01	2.219202089536966571e-01	1.338956010096099269e-01	6.490277938922495160e-02	2.520330516209452754e-02	6.449372457538747605e-02
9.095008001671932334e+02	2.967129122936006391e-01	1.912498368050017661e-01	2.225304575214292202e-01	1.343319308849297844e-01	6.504800985466650809e-02	2.530766985692677398e-02	6.481918278307571835e-02
9.143385703808486369e+02	2.956884430169315348e-01	1.906626824430801281e-01	2.231279235290102303e-01	1.347660425577428545e-01	6.520279128909274580e-02	2.541161267005626057e-02	6.514050449371656948e-02
9.191763405945038130e+02	2.946742990671218920e-01	1.900751122060009846e-01	2.237157113755615934e-01	1.351979328131458491e-01	6.536386188836751376e-02	2.551512713084536088e-02	6.545795551858708816e-02
9.240141108081592165e+02	2.936701668645864682e-01	1.894873455928318406e-01	2.242959639520674120e-01	1.356276004022382020e-01	6.552897396712671629e-02	2.561820953429776171e-02	6.577173968648185320e-02
9.288518810218145063e+02	2.926757503649285441e-01	1.888995884167345707e-01	2.248701610390945183e-01	1.360550454591714920e-01	6.569657916349139204e-02	2.572085806084313878e-02	6.608201749536658787e-02
9.336896512354697961e+02	2.916907696714856058e-01	1.883120336143598028e-01	2.254393250982712760e-01	1.364802691025048531e-01	6.586561134974053267e-02	2.582307217037925137e-02	6.638891899288888732e-02
9.385274214491247449e+02	2.907149598501655441e-01	1.877248620015962155e-01	2.260041631989623268e-01	1.369032731632543187e-01	6.603533692382893006e-02	2.592485218540013792e-02	6.669255267642272555e-02
9.433651916627801484e+02	2.897480698967916379e-01	1.871382429810651005e-01	2.265651649011761193e-01	1.373240599999358547e-01	6.620525156862033800e-02	2.602619900447601317e-02	6.699301164756524263e-02
9.482029618764355519e+02	2.887898618218840419e-01	1.865523352057193163e-01	2.271226697639540659e-01	1.377426323732523772e-01	6.637500905650264849e-02	2.612711390558209931e-02	6.729037787273577098e-02
9.530407320900908417e+02	2.878401098279919634e-01	1.859672872021576051e-01	2.276769139060219327e-01	1.381589933615914034e-01	6.654437215330777367e-02	2.622759841134661082e-02	6.758472513721296149e-02
9.578785023037459041e+02	2.868985995617545082e-01	1.853832379567149635e-01	2.282280621197428361e-01	1.385731463043693434e-01	6.671317876242299771e-02	2.632765419695868095e-02	6.787612109766689994e-02
9.627162725174014213e+02	2.859651274277786315e-01	1.848003174669775317e-01	2.287762300217264233e-01	1.389850947643070100e-01	6.688131857884715981e-02	2.642728302745646005e-02	6.816462871253700651e-02
9.675540427310568248e+02	2.850394999548437891e-01	1.842186472610560510e-01	2.293214993319891426e-01	1.393948425025090532e-01	6.704871699107643745e-02	2.652648671523917534e-02	6.845030724291649438e-02
9.723918129447120009e+02	2.841215332073353528e-01	1.836383408867059974e-01	2.298639284139628591e-01	1.398023934621427378e-01	6.721532398117406604e-02	2.662526709149039619e-02	6.873321295681868170e-02
9.772295831583674044e+02	2.832110522364906791e-01	1.830595043721848503e-01	2.304035595458794328e-01	1.402077517578356192e-01	6.738110647160713840e-02	2.672362598716085738e-02	6.901339962847158338e-02
9.820673533720223531e+02	2.823078905672310457e-01	1.824822366605763357e-01	2.309404239376805501e-01	1.406109216688233021e-01	6.754604304895427125e-02	2.682156522051131961e-02	6.929091889585338448e-02
9.869051235856777566e+02	2.814118897172017686e-01	1.819066300191754249e-01	2.314745451928662545e-01	1.410119076345067723e-01	6.771012032665874036e-02	2.691908658914847138e-02	6.956582052007273531e-02
9.917428937993331601e+02	2.805228987452532130e-01	1.813327704254116268e-01	2.320059416976433808e-01	1.414107142515095283e-01	6.787333043800743149e-02	2.701619186512988283e-02	6.983815257667518039e-02
9.965806640129884499e+02	2.796407738270419441e-01	1.807607379306860607e-01	2.325346282700471445e-01	1.418073462716221145e-01	6.803566930844512362e-02	2.711288279215731331e-02	7.010796159963052221e-02
1.001418434226643626e+03	2.787653778557647177e-01	1.801906070034075824e-01	2.330606172984783786e-01	1.422018086002253268e-01	6.819713546524616699e-02	2.720916108418342319e-02	7.037529269232459250e-02
1.006256204440298802e+03	2.778965800662857588e-01	1.796224468524313111e-01	2.335839195279062197e-01	1.425941062949220017e-01	6.835772921767427346e-02	2.730502842496762561e-02	7.064018961544303588e-02
1.011093974653954206e+03	2.770342556811141166e-01	1.790563217320289835e-01	2.341045446028877375e-01	1.429842445642033888e-01	6.851745209255837021e-02	2.740048646826214948e-02	7.090269485857539356e-02
1.015931744867609382e+03	2.761782855768402101e-01	1.784922912294517050e-01	2.346225014426964184e-01	1.433722287660407768e-01	6.867630644593315792e-02	2.749553683840946089e-02	7.116284970025836543e-02
1.020769515081264785e+03	2.753285559697646878e-01	1.779304105360826338e-01	2.351377985004974025e-01	1.437580644063367885e-01	6.883429519602612956e-02	2.759018113120120450e-02	7.142069425972122354e-02
1.025607285294920075e+03	2.744849581195569210e-01	1.773707307031189839e-01	2.356504439424031427e-01	1.441417571372005380e-01	6.899142163986109189e-02	2.768442091489638560e-02	7.167626754259302790e-02
1.030445055508575479e+03	2.736473880498676570e-01	1.768132988826668361e-01	2.361604457711340976e-01	1.445233127550307195e-01	6.914768932746281904e-02	2.777825773132919576e-02	7.192960748213879374e-02
1.035282825722230655e+03	2.728157462848964099e-01	1.762581585550818952e-01	2.366678119113487522e-01	1.449027371984033252e-01	6.930310197572649156e-02	2.787169309705945022e-02	7.218075097711383614e-02
1.040120595935886058e+03	2.719899376009815573e-01	1.757053497433410105e-01	2.371725502684216280e-01	1.452800365457693754e-01	6.945766340958635376e-02	2.796472850453404074e-02	7.242973392699610102e-02
1.044958366149541234e+03	2.711698707923413942e-01	1.751549092151837295e-01	2.376746687688043869e-01	1.456552170129733481e-01	6.961137752195997730e-02	2.805736542323852487e-02	7.267659126512875101e-02
1.049796136363196410e+03	2.703554584501479674e-01	1.746068706737214093e-01	2.381741753875888934e-01	1.460282849506052694e-01	6.976424824659346879e-02	2.814960530082521312e-02	7.292135699014792860e-02
1.054633906576851814e+03	2.695466167541673563e-01	1.740612649371709175e-01	2.386710781671583514e-01	1.463992468412022574e-01	6.991627953975967924e-02	2.824144956420908750e-02	7.316406419596251098e-02
1.059471676790506763e+03	2.687432652762444807e-01	1.735181201083326186e-01	2.391653852296132532e-01	1.467681092963152578e-01	7.006747536802108989e-02	2.833289962062640610e-02	7.340474510047709233e-02
1.064309447004162394e+03	2.679453267949535866e-01	1.729774617343970144e-01	2.396571047848347902e-01	1.471348790534564022e-01	7.021783970013728560e-02	2.842395685865299962e-02	7.364343107319812343e-02
1.069147217217817570e+03	2.671527271207758680e-01	1.724393129576307915e-01	2.401462451354768324e-01	1.474995629729433377e-01	7.036737650179578085e-02	2.851462264918097622e-02	7.388015266182658414e-02
1.073984987431472746e+03	2.663653949312025926e-01	1.719036946574618863e-01	2.406328146797840628e-01	1.478621680346546841e-01	7.051608973225752253e-02	2.860489834635351544e-02	7.411493961791584817e-02
1.078822757645127922e+03	2.655832616151965753e-01	1.713706255844535120e-01	2.411168219128616286e-01	1.482227013347114652e-01	7.066398334229283262e-02	2.869478528845815363e-02	7.434782092165591327e-02
1.083660527858783553e+03	2.648062611264782040e-01	1.708401224866285817e-01	2.415982754268339305e-01	1.485811700820971470e-01	7.081106127297975839e-02	2.878428479877942134e-02	7.457882480583305496e-02
1.088498298072438729e+03	2.640343298451321430e-01	1.703122002285808734e-01	2.420771839101992506e-01	1.489375815952293236e-01	7.095732745507143946e-02	2.887339818641193948e-02	7.480797877900507986e-02
1.093336068286093905e+03	2.632674064470607034e-01	1.697868719037833041e-01	2.425535561465974321e-01	1.492919432984942119e-01	7.110278580873248544e-02	2.896212674703528556e-02	7.503530964792665126e-02
1.098173838499749309e+03	2.625054317808357962e-01	1.692641489404804189e-01	2.430274010131445173e-01	1.496442627187546670e-01	7.124744024350798677e-02	2.905047176365203529e-02	7.526084353925466264e-02
1.103011608713404712e+03	2.617483487515281926e-01	1.687440412015310531e-01	2.434987274784455036e-01	1.499945474818417390e-01	7.139129465843303823e-02	2.913843450729040191e-02	7.548460592056011054e-02
1.107849378927059888e+03	2.609961022111162987e-01	1.682265570785451969e-01	2.439675446003651826e-01	1.503428053090384853e-01	7.153435294222074137e-02	2.922601623767293391e-02	7.570662162067121059e-02
1.112687149140715292e+03	2.602486388550989127e-01	1.677117035806400536e-01	2.444338615236163192e-01	1.506890440135645604e-01	7.167661897348748257e-02	2.931321820385264509e-02	7.592691484937007240e-02
1.117524919354370468e+03	2.595059071249592453e-01	1.671994864181216012e-01	2.448976874772094692e-01	1.510332714970689938e-01	7.181809662098836977e-02	2.940004164481805141e-02	7.614550921646429105e-02
1.122362689568025871e+03	2.587678571161464158e-01	1.666899100813807877e-01	2.453590317717973812e-01	1.513754957461379280e-01	7.195878974384556370e-02	2.948648779006839832e-02	7.636242775025359197e-02
1.127200459781681047e+03	2.580344404912593426e-01	1.661829779152765030e-01	2.458179037969408232e-01	1.517157248288237004e-01	7.209870219175870676e-02	2.957255786016042484e-02	7.657769291541051404e-02
1.132038229995336451e+03	2.573056103981382070e-01	1.656786921892626219e-01	2.462743130183155105e-01	1.520539668912008480e-01	7.223783780519116293e-02	2.965825306722791668e-02	7.679132663029372696e-02
1.136876000208991627e+03	2.565813213925820513e-01	1.651770541635010636e-01	2.467282689748772628e-01	1.523902301539538928e-01	7.237620041552879357e-02	2.974357461547524548e-02	7.700335028371164958e-02
1.141713770422646803e+03	2.558615293654304401e-01	1.646780641511898513e-01	2.471797812759983226e-01	1.527245229090018475e-01	7.251379384521006166e-02	2.982852370164606678e-02	7.721378475115338313e-02
1.146551540636302207e+03	2.551461914737597758e-01	1.641817215773209160e-01	2.476288595985868257e-01	1.530568535161631327e-01	7.265062190782731188e-02	2.991310151546830789e-02	7.742265041050368224e-02
1.151389310849957155e+03	2.544352660759601759e-01	1.636880250340718990e-01	2.480755136841985287e-01	1.533872303998648767e-01	7.278668840820032293e-02	2.999730924007644461e-02	7.762996715725770103e-02
1.156227081063612786e+03	2.537287126704718121e-01	1.631969723330226052e-01	2.485197533361491740e-01	1.537156620458994261e-01	7.292199714242335318e-02	3.008114805241215994e-02	7.783575441925137672e-02
1.161064851277267962e+03	2.530264918379722672e-01	1.627085605543776570e-01	2.489615884166346271e-01	1.540421569982313721e-01	7.305655189788734516e-02	3.016461912360431097e-02	7.804003117092231379e-02
1.165902621490923138e+03	2.523285651868184543e-01	1.622227860933652122e-01	2.494010288438649192e-01	1.543667238558570631e-01	7.319035645327931494e-02	3.024772361932914072e-02	7.824281594711576804e-02
1.170740391704578315e+03	2.516348953015578038e-01	1.617396447039727847e-01	2.498380845892179125e-01	1.546893712697191836e-01	7.332341457856057787e-02	3.033046270015162318e-02	7.844412685644996941e-02
1.175578161918233945e+03	2.509454456943336353e-01	1.612591315401717407e-01	2.502727656744171969e-01	1.550101079396779546e-01	7.345573003492586461e-02	3.041283752184880187e-02	7.864398159425459167e-02
1.180415932131889122e+03	2.502601807590204008e-01	1.607812411947734943e-01	2.507050821687384912e-01	1.553289426115407879e-01	7.358730657474511772e-02	3.049484923571591302e-02	7.884239745509553920e-02
1.185253702345544298e+03	2.495790657279329250e-01	1.603059677360518798e-01	2.511350441862483795e-01	1.556458840741513916e-01	7.371814794148971728e-02	3.057649898885608786e-02	7.903939134489927631e-02
1.190091472559199701e+03	2.489020666309634533e-01	1.598333047422593745e-01	2.515626618830788530e-01	1.559609411565397175e-01	7.384825786964484273e-02	3.065778792445434525e-02	7.923497979268905034e-02
1.194929242772855105e+03	2.482291502570081188e-01	1.593632453341566613e-01	2.519879454547401254e-01	1.562741227251333298e-01	7.397764008460949725e-02	3.073871718203659981e-02	7.942917896194527649e-02
1.199767012986510281e+03	2.475602841175524871e-01	1.588957822056689395e-01	2.524109051334749720e-01	1.565854376810310311e-01	7.410629830258577688e-02	3.081928789771439317e-02	7.962200466160201939e-02
1.204604783200165684e+03	2.468954364122935563e-01	1.584309076527750659e-01	2.528315511856562559e-01	1.568948949573392149e-01	7.423423623045861952e-02	3.089950120441591411e-02	7.981347235669096485e-02
1.209442553413820860e+03	2.462345759966820813e-01	1.579686136007311670e-01	2.532498939092297507e-01	1.572025035165710849e-01	7.436145756566753251e-02	3.097935823210399772e-02	8.000359717864402587e-02
1.214280323627476264e+03	2.455776723512758108e-01	1.575088916297221753e-01	2.536659436312042049e-01	1.575082723481091851e-01	7.448796599607117319e-02	3.105886010798165550e-02	8.019239393526542137e-02
1.219118093841131440e+03	2.449246955528012470e-01	1.570517329990320787e-01	2.540797107051896431e-01	1.578122104657308511e-01	7.461376519980628119e-02	3.113800795668573637e-02	8.037987712038380250e-02
1.223955864054786844e+03	2.442756162468258663e-01	1.565971286698163989e-01	2.544912055089854630e-01	1.581143269051968336e-01	7.473885884514157307e-02	3.121680290046919062e-02	8.056606092319436307e-02
1.228793634268442020e+03	2.436304056219498748e-01	1.561450693265566403e-01	2.549004384422189351e-01	1.584146307219026217e-01	7.486325059032788998e-02	3.129524605937252651e-02	8.075095923730116199e-02
1.233631404482097196e+03	2.429890353854310125e-01	1.556955453972719838e-01	2.553074199240354947e-01	1.587131309885923269e-01	7.498694408344516726e-02	3.137333855138491057e-02	8.093458566946877542e-02
1.238469174695752372e+03	2.423514777401602760e-01	1.552485470725587235e-01	2.557121603908407148e-01	1.590098367931344625e-01	7.510994296224721145e-02	3.145108149259537300e-02	8.111695354809292380e-02
1.243306944909407548e+03	2.417177053629126493e-01	1.548040643235243374e-01	2.561146702940949038e-01	1.593047572363592290e-01	7.523225085400493672e-02	3.152847599733462486e-02	8.129807593139895538e-02
1.248144715123063179e+03	2.410876913837998459e-01	1.543620869186790312e-01	2.565149600981606048e-01	1.595979014299568344e-01	7.535387137534868551e-02	3.160552317830785107e-02	8.147796561537674898e-02
1.252982485336718355e+03	2.404614093668567265e-01	1.539226044398442073e-01	2.569130402782029976e-01	1.598892784944357937e-01	7.547480813211028539e-02	3.168222414671891668e-02	8.165663514146068169e-02
1.257820255550373531e+03	2.398388332916971122e-01	1.534856062971337587e-01	2.573089213181433133e-01	1.601788975571408757e-01	7.559506471916538350e-02	3.175858001238639899e-02	8.183409680396273866e-02
1.262658025764028707e+03	2.392199375361784008e-01	1.530510817430611459e-01	2.577026137086650404e-01	1.604667677503298362e-01	7.571464472027654435e-02	3.183459188385181354e-02	8.201036265726679986e-02
1.267495795977684338e+03	2.386046968600172291e-01	1.526190198858216884e-01	2.580941279452734216e-01	1.607528982093078540e-01	7.583355170793748545e-02	3.191026086848036680e-02	8.218544452279155643e-02
1.272333566191339514e+03	2.379930863893024995e-01	1.521894097017973679e-01	2.584834745264070754e-01	1.610372980706190893e-01	7.595178924321907554e-02	3.198558807255461045e-02	8.235935399572986981e-02
1.277171336404994690e+03	2.373850816018548693e-01	1.517622400473286060e-01	2.588706639516019092e-01	1.613199764702942518e-01	7.606936087561719240e-02	3.206057460136133019e-02	8.253210245157142910e-02
1.282009106618650094e+03	2.367806583133845177e-01	1.513374996697940678e-01	2.592557067197068243e-01	1.616009425421533474e-01	7.618627014290291211e-02	3.213522155927194673e-02	8.270370105241589553e-02
1.286846876832305497e+03	2.361797926644015888e-01	1.509151772180386541e-01	2.596386133271509911e-01	1.618802054161627979e-01	7.630252057097530738e-02	3.220953004981678969e-02	8.287416075308337571e-02
1.291684647045960673e+03	2.355824611078373987e-01	1.504952612521862632e-01	2.600193942662614166e-01	1.621577742168452962e-01	7.641811567371714631e-02	3.228350117575350120e-02	8.304349230702846862e-02
1.296522417259616077e+03	2.349886403973351912e-01	1.500777402528729321e-01	2.603980600236310838e-01	1.624336580617422587e-01	7.653305895285364424e-02	3.235713603912980518e-02	8.321170627206461723e-02
1.301360187473271253e+03	2.343983075761730261e-01	1.496626026299326395e-01	2.607746210785363283e-01	1.627078660599272919e-01	7.664735389781447694e-02	3.243043574134098217e-02	8.337881301590469030e-02
1.306197957686926657e+03	2.338114399667829968e-01	1.492498367305679363e-01	2.611490879014033983e-01	1.629804073105696471e-01	7.676100398559931870e-02	3.250340138318227184e-02	8.354482272152378985e-02
1.311035727900581833e+03	2.332280151608324692e-01	1.488394308470337435e-01	2.615214709523226988e-01	1.632512909015469971e-01	7.687401268064697479e-02	3.257603406489643916e-02	8.370974539235007117e-02
1.315873498114237009e+03	2.326480110098360643e-01	1.484313732238626837e-01	2.618917806796105530e-01	1.635205259081058127e-01	7.698638343470826095e-02	3.264833488621671220e-02	8.387359085728925134e-02
1.320711268327892412e+03	2.320714056162681282e-01	1.480256520646582030e-01	2.622600275184176488e-01	1.637881213915691470e-01	7.709811968672275473e-02	3.272030494640540410e-02	8.403636877558802454e-02
1.325549038541547588e+03	2.314981773251471586e-01	1.476222555384796020e-01	2.626262218893831157e-01	1.640540863980899100e-01	7.720922486269946039e-02	3.279194534428828134e-02	8.419808864154178230e-02
1.330386808755202765e+03	2.309283047160656799e-01	1.472211717858425972e-01	2.629903741973333431e-01	1.643184299574493856e-01	7.731970237560159553e-02	3.286325717828506715e-02	8.435875978905164885e-02
1.335224578968857941e+03	2.303617665956405325e-01	1.468223889243572000e-01	2.633524948300252078e-01	1.645811610818990744e-01	7.742955562523533286e-02	3.293424154643610074e-02	8.451839139603581352e-02
1.340062349182513572e+03	2.297985419903594007e-01	1.464258950540239801e-01	2.637125941569322674e-01	1.648422887650456137e-01	7.753878799814280243e-02	3.300489954642544382e-02	8.467699248869973994e-02
1.344900119396168748e+03	2.292386101398014298e-01	1.460316782622075593e-01	2.640706825280730863e-01	1.651018219807773024e-01	7.764740286749913234e-02	3.307523227560061480e-02	8.483457194567003978e-02
1.349737889609823924e+03	2.286819504902107836e-01	1.456397266283063485e-01	2.644267702728816394e-01	1.653597696822311780e-01	7.775540359301377769e-02	3.314524083098904089e-02	8.499113850199639664e-02
1.354575659823479100e+03	2.281285426884032408e-01	1.452500282281354582e-01	2.647808676991174059e-01	1.656161408007998936e-01	7.786279352083594341e-02	3.321492630931147105e-02	8.514670075302582797e-02
1.359413430037134731e+03	2.275783665759868735e-01	1.448625711380394365e-01	2.651329850918157094e-01	1.658709442451770100e-01	7.796957598346425378e-02	3.328428980699247447e-02	8.530126715815346261e-02
1.364251200250789907e+03	2.270314021838792939e-01	1.444773434387503219e-01	2.654831327122768037e-01	1.661241889004401173e-01	7.807575429966061298e-02	3.335333242016817745e-02	8.545484604445387211e-02
1.369088970464445310e+03	2.264876297271047056e-01	1.440943332190049997e-01	2.658313207970924852e-01	1.663758836271705677e-01	7.818133177436813186e-02	3.342205524469137740e-02	8.560744561019695276e-02
1.373926740678100487e+03	2.259470295998547984e-01	1.437135285789365169e-01	2.661775595572098974e-01	1.666260372606086226e-01	7.828631169863327355e-02	3.349045937613419344e-02	8.575907392825193876e-02
1.378764510891755890e+03	2.254095823707988611e-01	1.433349176332515407e-01	2.665218591770314727e-01	1.668746586098435181e-01	7.839069734953203750e-02	3.355854590978833013e-02	8.590973894938343236e-02
1.383602281105411066e+03	2.248752687786292059e-01	1.429584885142064221e-01	2.668642298135499580e-01	1.671217564570373348e-01	7.849449199010020972e-02	3.362631594066317620e-02	8.605944850544285096e-02
1.388440051319066470e+03	2.243440697278281382e-01	1.425842293743936617e-01	2.672046815955177457e-01	1.673673395566813715e-01	7.859769886926763760e-02	3.369377056348173138e-02	8.620821031245878840e-02
1.393277821532721646e+03	2.238159662846447573e-01	1.422121283893491295e-01	2.675432246226499000e-01	1.676114166348847689e-01	7.870032122179644596e-02	3.376091087267461127e-02	8.635603197362945460e-02
1.398115591746377049e+03	2.232909396732690177e-01	1.418421737599907806e-01	2.678798689648594911e-01	1.678539963886938047e-01	7.880236226822315282e-02	3.382773796237214387e-02	8.650292098222066295e-02
1.402953361960032225e+03	2.227689712721928894e-01	1.414743537148982211e-01	2.682146246615247920e-01	1.680950874854416077e-01	7.890382521480462930e-02	3.389425292639468290e-02	8.664888472437225209e-02
1.407791132173687402e+03	2.222500426107471838e-01	1.411086565124422543e-01	2.685475017207875625e-01	1.683346985621269054e-01	7.900471325346786200e-02	3.396045685824127663e-02	8.679393048181605064e-02
1.412628902387342805e+03	2.217341353658049963e-01	1.407450704427735122e-01	2.688785101188810311e-01	1.685728382248212198e-01	7.910502956176342082e-02	3.402635085107673374e-02	8.693806543450814661e-02
1.417466672600997981e+03	2.212212313586420509e-01	1.403835838296773886e-01	2.692076597994875753e-01	1.688095150481037088e-01	7.920477730282254880e-02	3.409193599771725980e-02	8.708129666317858397e-02
1.422304442814653157e+03	2.207113125519450936e-01	1.400241850323036275e-01	2.695349606731246017e-01	1.690447375745225689e-01	7.930395962531784637e-02	3.415721339061463663e-02	8.722363115180079007e-02
1.427142213028308333e+03	2.202043610469605339e-01	1.396668624467775621e-01	2.698604226165580711e-01	1.692785143140826121e-01	7.940257966342750828e-02	3.422218412183914565e-02	8.736507578998370382e-02
1.431979983241963964e+03	2.197003590807749540e-01	1.393116045076999432e-01	2.701840554722432231e-01	1.695108537437578777e-01	7.950064053680291898e-02	3.428684928306121454e-02	8.750563737528894992e-02
1.436817753455619140e+03	2.191992890237206004e-01	1.389583996895414619e-01	2.705058690477910588e-01	1.697417643070287252e-01	7.959814535053966189e-02	3.435120996553197442e-02	8.764532261547564040e-02
1.441655523669274316e+03	2.187011333768985322e-01	1.386072365079382418e-01	2.708258731154603582e-01	1.699712544134423797e-01	7.969509719515183166e-02	3.441526726006269993e-02	8.778413813067507954e-02
1.446493293882929493e+03	2.182058747698133183e-01	1.382581035208942100e-01	2.711440774116743446e-01	1.701993324381967376e-01	7.979149914654945497e-02	3.447902225700325701e-02	8.792209045549778668e-02
1.451331064096585123e+03	2.177134959581126794e-01	1.379109893298952894e-01	2.714604916365613851e-01	1.704260067217460983e-01	7.988735426601914491e-02	3.454247604621958623e-02	8.805918604107486336e-02
1.456168834310240300e+03	2.172239798214265494e-01	1.375658825809407404e-01	2.717751254535187844e-01	1.706512855694286568e-01	7.998266560020778071e-02	3.460562971707037416e-02	8.819543125703617481e-02
1.461006604523895703e+03	2.167373093612998125e-01	1.372227719654965372e-01	2.720879884887988931e-01	1.708751772511146183e-01	8.007743618110912953e-02	3.466848435838288528e-02	8.833083239342714998e-02
1.465844374737550879e+03	2.162534676992139415e-01	1.368816462213752472e-01	2.723990903311174772e-01	1.710976900008745749e-01	8.017166902605346590e-02	3.473104105842800271e-02	8.846539566256626796e-02
1.470682144951206283e+03	2.157724380746921800e-01	1.365424941335463271e-01	2.727084405312830140e-01	1.713188320166676160e-01	8.026536713769984177e-02	3.479330090489465149e-02	8.859912720084531235e-02
1.475519915164861459e+03	2.152942038434839112e-01	1.362053045348814162e-01	2.730160486018465837e-01	1.715386114600479794e-01	8.035853350403129869e-02	3.485526498486350711e-02	8.873203307047416999e-02
1.480357685378516862e+03	2.148187484758240229e-01	1.358700663068382053e-01	2.733219240167715225e-01	1.717570364558903273e-01	8.045117109835264735e-02	3.491693438478019051e-02	8.886411926117193660e-02
1.485195455592172038e+03	2.143460555547627711e-01	1.355367683800861311e-01	2.736260762111225042e-01	1.719741150921325623e-01	8.054328287929082841e-02	3.497831019042785261e-02	8.899539169180624432e-02
1.490033225805827215e+03	2.138761087745625344e-01	1.352053997350777803e-01	2.739285145807733302e-01	1.721898554195357423e-01	8.063487179079781297e-02	3.503939348689932148e-02	8.912585621198242103e-02
1.494870996019482618e+03	2.134088919391578520e-01	1.348759494025689176e-01	2.742292484821325926e-01	1.724042654514606476e-01	8.072594076215602876e-02	3.510018535856875704e-02	8.925551860358407752e-02
1.499708766233137567e+03	2.129443889606753015e-01	1.345484064640901922e-01	2.745282872318871581e-01	1.726173531636603087e-01	8.081649270798602069e-02	3.516068688906297951e-02	8.938438458226691252e-02
1.504546536446793198e+03	2.124825838580096660e-01	1.342227600523732411e-01	2.748256401067621923e-01	1.728291264940879923e-01	8.090653052825651226e-02	3.522089916123231218e-02	8.951245979890699866e-02
1.509384306660448374e+03	2.120234607554537243e-01	1.338989993517341048e-01	2.751213163432977837e-01	1.730395933427200938e-01	8.099605710829667349e-02	3.528082325712122991e-02	8.963974984100531174e-02
1.514222076874103550e+03	2.115670038813786402e-01	1.335771135984162306e-01	2.754153251376416089e-01	1.732487615713935725e-01	8.108507531881051222e-02	3.534046025793863288e-02	8.976626023404966903e-02
1.519059847087758726e+03	2.111131975669620908e-01	1.332570920808957282e-01	2.757076756453565869e-01	1.734566390036572370e-01	8.117358801589343031e-02	3.539981124402791918e-02	8.989199644283581148e-02
1.523897617301414357e+03	2.106620262449618031e-01	1.329389241401506550e-01	2.759983769812436316e-01	1.736632334246365483e-01	8.126159804105073658e-02	3.545887729483680750e-02	9.001696387274858713e-02
1.528735387515069533e+03	2.102134744485318341e-01	1.326225991698970208e-01	2.762874382191785050e-01	1.738685525809114119e-01	8.134910822121811658e-02	3.551765948888702118e-02	9.014116787100484585e-02
1.533573157728724709e+03	2.097675268100795687e-01	1.323081066167929587e-01	2.765748683919627138e-01	1.740726041804064872e-01	8.143612136878404517e-02	3.557615890374375700e-02	9.026461372785915538e-02
1.538410927942380113e+03	2.093241680601611032e-01	1.319954359806133903e-01	2.768606764911878959e-01	1.742753958922937385e-01	8.152264028161397558e-02	3.563437661598509859e-02	9.038730667777357397e-02
1.543248698156035516e+03	2.088833830264128499e-01	1.316845768143966311e-01	2.771448714671125857e-01	1.744769353469064199e-01	8.160866774307629079e-02	3.569231370117126323e-02	9.050925190055270075e-02
1.548086468369690692e+03	2.084451566325178917e-01	1.313755187245650158e-01	2.774274622285521907e-01	1.746772301356646073e-01	8.169420652207000366e-02	3.574997123381386255e-02	9.063045452244511413e-02
1.552924238583346096e+03	2.080094738972047552e-01	1.310682513710204056e-01	2.777084576427806817e-01	1.748762878110114716e-01	8.177925937305401127e-02	3.580735028734503139e-02	9.075091961721225287e-02
1.557762008797001272e+03	2.075763199332773534e-01	1.307627644672169631e-01	2.779878665354437728e-01	1.750741158863599878e-01	8.186382903607805628e-02	3.586445193408661219e-02	9.087065220716586400e-02
1.562599779010656675e+03	2.071456799466739329e-01	1.304590477802118065e-01	2.782656976904837043e-01	1.752707218360497476e-01	8.194791823681506215e-02	3.592127724521930465e-02	9.098965726417507227e-02
1.567437549224311852e+03	2.067175392355543040e-01	1.301570911306954570e-01	2.785419598500743499e-01	1.754661130953136250e-01	8.203152968659505051e-02	3.597782729075185010e-02	9.110793971064395924e-02
1.572275319437967255e+03	2.062918831894131055e-01	1.298568843930030248e-01	2.788166617145674264e-01	1.756602970602537117e-01	8.211466608244040455e-02	3.603410313949025057e-02	9.122550442046066521e-02
1.577113089651622431e+03	2.058686972882181887e-01	1.295584174951071865e-01	2.790898119424482515e-01	1.758532810878263020e-01	8.219733010710252030e-02	3.609010585900708501e-02	9.134235621991905474e-02
1.581950859865277607e+03	2.054479671015728148e-01	1.292616804185945656e-01	2.793614191503014377e-01	1.760450724958355639e-01	8.227952442909974851e-02	3.614583651561088795e-02	9.145849988861362578e-02
1.586788630078933011e+03	2.050296782879002799e-01	1.289666631986258749e-01	2.796314919127859677e-01	1.762356785629356215e-01	8.236125170275657159e-02	3.620129617431563224e-02	9.157394016030867556e-02
1.591626400292587959e+03	2.046138165936501052e-01	1.286733559238816271e-01	2.799000387626193742e-01	1.764251065286406572e-01	8.244251456824401580e-02	3.625648589881031586e-02	9.168868172378255577e-02
1.596464170506243590e+03	2.042003678525245169e-01	1.283817487364934673e-01	2.801670681905701898e-01	1.766133635933426760e-01	8.252331565162120131e-02	3.631140675142871532e-02	9.180272922364783594e-02
1.601301940719898766e+03	2.037893179847241332e-01	1.280918318319627103e-01	2.804325886454594463e-01	1.768004569183369845e-01	8.260365756487798861e-02	3.636605979311931247e-02	9.191608726114802730e-02
1.606139710933553943e+03	2.033806529962121357e-01	1.278035954590665269e-01	2.806966085341696115e-01	1.769863936258544990e-01	8.268354290597869360e-02	3.642044608341527684e-02	9.202876039493179672e-02
1.610977481147209119e+03	2.029743589779959279e-01	1.275170299197527779e-01	2.809591362216617427e-01	1.771711807991012133e-01	8.276297425890680182e-02	3.647456668040474637e-02	9.214075314180537879e-02
1.615815251360864750e+03	2.025704221054251963e-01	1.272321255690239405e-01	2.812201800309996891e-01	1.773548254823040793e-01	8.284195419371068181e-02	3.652842264070127465e-02	9.225206997746369930e-02
1.620653021574519926e+03	2.021688286375061816e-01	1.269488728148112089e-01	2.814797482433819553e-01	1.775373346807634090e-01	8.292048526655015905e-02	3.658201501941439615e-02	9.236271533720125104e-02
1.625490791788175102e+03	2.017695649162305205e-01	1.266672621178391578e-01	2.817378490981799488e-01	1.777187153609113557e-01	8.299857001974413062e-02	3.663534487012052449e-02	9.247269361660294396e-02
1.630328562001830505e+03	2.013726173659187157e-01	1.263872839914815804e-01	2.819944907929833877e-01	1.778989744503760573e-01	8.307621098181872110e-02	3.668841324483398253e-02	9.258200917221606763e-02
1.635166332215485909e+03	2.009779724925772892e-01	1.261089290016092768e-01	2.822496814836517598e-01	1.780781188380517466e-01	8.315341066755664590e-02	3.674122119397833786e-02	9.269066632220344937e-02
1.640004102429141085e+03	2.005856168832687025e-01	1.258321877664301258e-01	2.825034292843718875e-01	1.782561553741739413e-01	8.323017157804697697e-02	3.679376976635791857e-02	9.279866934697893199e-02
1.644841872642796488e+03	2.001955372054939897e-01	1.255570509563221637e-01	2.827557422677215992e-01	1.784330908703999352e-01	8.330649620073586614e-02	3.684606000912963447e-02	9.290602248982529621e-02
1.649679642856451665e+03	1.998077202065869640e-01	1.252835092936599448e-01	2.830066284647388963e-01	1.786089320998943131e-01	8.338238700947786519e-02	3.689809296777503411e-02	9.301272995749551575e-02
1.654517413070107068e+03	1.994221527131198324e-01	1.250115535526347132e-01	2.832560958649965599e-01	1.787836857974191007e-01	8.345784646458792588e-02	3.694986968607264638e-02	9.311879592079772006e-02
1.659355183283762244e+03	1.990388216303198288e-01	1.247411745590691901e-01	2.835041524166820315e-01	1.789573586594284949e-01	8.353287701289403844e-02	3.700139120607055798e-02	9.322422451516439168e-02
1.664192953497417420e+03	1.986577139414956727e-01	1.244723631902265315e-01	2.837508060266821786e-01	1.791299573441680060e-01	8.360748108779043897e-02	3.705265856805934482e-02	9.332901984120633987e-02
1.669030723711072824e+03	1.982788167074743535e-01	1.242051103746147772e-01	2.839960645606730560e-01	1.793014884717776813e-01	8.368166110929135815e-02	3.710367281054523930e-02	9.343318596525203301e-02
1.673868493924728000e+03	1.979021170660471285e-01	1.239394070917865937e-01	2.842399358432138867e-01	1.794719586243993525e-01	8.375541948408538051e-02	3.715443497022359598e-02	9.353672691987253984e-02
1.678706264138383403e+03	1.975276022314245150e-01	1.236752443721347711e-01	2.844824276578458710e-01	1.796413743462877410e-01	8.382875860559020620e-02	3.720494608195267644e-02	9.363964670439274551e-02
1.683544034352038352e+03	1.971552594937000802e-01	1.234126132966839179e-01	2.847235477471945497e-01	1.798097421439250332e-01	8.390168085400798170e-02	3.725520717872773946e-02	9.374194928538913396e-02
1.688381804565693983e+03	1.967850762183224467e-01	1.231515049968784498e-01	2.849633038130773288e-01	1.799770684861392578e-01	8.397418859638090816e-02	3.730521929165543649e-02	9.384363859717465006e-02
1.693219574779349159e+03	1.964170398455750977e-01	1.228919106543674422e-01	2.852017035166133363e-01	1.801433598042255224e-01	8.404628418664746026e-02	3.735498344992850550e-02	9.394471854227111340e-02
1.698057344993004335e+03	1.960511378900641200e-01	1.226338215007862359e-01	2.854387544783382191e-01	1.803086224920708025e-01	8.411796996569892437e-02	3.740450068080083262e-02	9.404519299186933634e-02
1.702895115206659511e+03	1.956873579402129415e-01	1.223772288175354883e-01	2.856744642783219379e-01	1.804728629062815615e-01	8.418924826143615869e-02	3.745377200956274272e-02	9.414506578627764022e-02
1.707732885420315142e+03	1.953256876577642021e-01	1.221221239355575611e-01	2.859088404562897812e-01	1.806360873663142574e-01	8.426012138882693625e-02	3.750279845951674795e-02	9.424434073535896406e-02
1.712570655633970318e+03	1.949661147772885350e-01	1.218684982351105894e-01	2.861418905117469325e-01	1.807983021546085700e-01	8.433059164996342671e-02	3.755158105195349760e-02	9.434302161895689876e-02
1.717408425847625494e+03	1.946086271056996220e-01	1.216163431455405258e-01	2.863736219041056463e-01	1.809595135167233471e-01	8.440066133412002514e-02	3.760012080612813723e-02	9.444111218731113255e-02
1.722246196061280898e+03	1.942532125217755756e-01	1.213656501450512404e-01	2.866040420528158106e-01	1.811197276614748275e-01	8.447033271781145825e-02	3.764841873923695931e-02	9.453861616146252977e-02
1.727083966274936301e+03	1.938998589756864011e-01	1.211164107604729423e-01	2.868331583374981175e-01	1.812789507610772788e-01	8.453960806485105728e-02	3.769647586639442161e-02	9.463553723364820369e-02
1.731921736488591478e+03	1.935485544885271747e-01	1.208686165670290191e-01	2.870609780980796222e-01	1.814371889512859104e-01	8.460848962640937776e-02	3.774429320061049170e-02	9.473187906768688882e-02
1.736759506702246881e+03	1.931992871518568022e-01	1.206222591881015993e-01	2.872875086349319096e-01	1.815944483315418689e-01	8.467697964107301356e-02	3.779187175276828986e-02	9.482764529935501507e-02
1.741597276915902057e+03	1.928520451272424108e-01	1.203773302949958379e-01	2.875127572090119266e-01	1.817507349651191484e-01	8.474508033490346648e-02	3.783921253160214826e-02	9.492283953675353936e-02
1.746435047129557461e+03	1.925068166458085428e-01	1.201338216067031617e-01	2.877367310420048674e-01	1.819060548792734711e-01	8.481279392149630725e-02	3.788631654367594082e-02	9.501746536066614512e-02
1.751272817343212637e+03	1.921635900077917347e-01	1.198917248896636395e-01	2.879594373164691135e-01	1.820604140653928893e-01	8.488012260204047532e-02	3.793318479336178078e-02	9.511152632490875447e-02
1.756110587556867813e+03	1.918223535820998416e-01	1.196510319575274928e-01	2.881808831759832823e-01	1.822138184791501636e-01	8.494706856537762030e-02	3.797981828281908612e-02	9.520502595667085233e-02
1.760948357770523216e+03	1.914830958058760524e-01	1.194117346709160365e-01	2.884010757252952195e-01	1.823662740406565563e-01	8.501363398806170701e-02	3.802621801197393625e-02	9.529796775684881704e-02
1.765786127984178393e+03	1.911458051840674854e-01	1.191738249371820241e-01	2.886200220304727670e-01	1.825177866346171796e-01	8.507982103441860677e-02	3.807238497849881054e-02	9.539035520037145166e-02
1.770623898197833569e+03	1.908104702889982518e-01	1.189372947101694916e-01	2.888377291190563634e-01	1.826683621104878696e-01	8.514563185660574407e-02	3.811832017779264586e-02	9.548219173651802116e-02
1.775461668411488745e+03	1.904770797599467380e-01	1.187021359899734091e-01	2.890542039802129759e-01	1.828180062826330887e-01	8.521106859467189598e-02	3.816402460296124816e-02	9.557348078922894841e-02
1.780299438625144376e+03	1.901456223027271630e-01	1.184683408226990531e-01	2.892694535648920318e-01	1.829667249304853249e-01	8.527613337661710258e-02	3.820949924479805082e-02	9.566422575740952949e-02
1.785137208838799552e+03	1.898160866892749654e-01	1.182359013002211440e-01	2.894834847859822924e-01	1.831145237987055197e-01	8.534082831845238304e-02	3.825474509176521321e-02	9.575443001522672415e-02
1.789974979052454728e+03	1.894884617572364094e-01	1.180048095599430247e-01	2.896963045184702823e-01	1.832614085973443829e-01	8.540515552425972934e-02	3.829976312997503129e-02	9.584409691239936802e-02
1.794812749266109904e+03	1.891627364095617436e-01	1.177750577845557700e-01	2.899079195996000502e-01	1.834073850020050411e-01	8.546911708625200277e-02	3.834455434317171618e-02	9.593322977448190403e-02
1.799650519479765535e+03	1.888388996141022458e-01	1.175466382017975181e-01	2.901183368290338738e-01	1.835524586540063785e-01	8.553271508483278884e-02	3.838911971271352641e-02	9.602183190314191041e-02
1.804488289693420711e+03	1.885169404032107643e-01	1.173195430842129128e-01	2.903275629690144077e-01	1.836966351605471004e-01	8.559595158865629383e-02	3.843346021755521258e-02	9.610990657643155022e-02
1.809326059907075887e+03	1.881968478733459516e-01	1.170937647489126154e-01	2.905356047445274981e-01	1.838399200948708789e-01	8.565882865468726903e-02	3.847757683423079500e-02	9.619745704905320605e-02
1.814163830120731291e+03	1.878786111846797446e-01	1.168692955573334691e-01	2.907424688434662174e-01	1.839823189964320260e-01	8.572134832826076856e-02	3.852147053683667444e-02	9.628448655261935551e-02
1.819001600334386467e+03	1.875622195607082321e-01	1.166461279149986485e-01	2.909481619167956223e-01	1.841238373710617215e-01	8.578351264314193481e-02	3.856514229701513141e-02	9.637099829590696498e-02
1.823839370548041643e+03	1.872476622878660735e-01	1.164242542712784489e-01	2.911526905787181763e-01	1.842644806911350741e-01	8.584532362158585339e-02	3.860859308393806838e-02	9.645699546510658196e-02
1.828677140761696819e+03	1.869349287151436112e-01	1.162036671191514353e-01	2.913560614068405608e-01	1.844042543957383762e-01	8.590678327439700557e-02	3.865182386429117517e-02	9.654248122406616783e-02
1.833514910975352450e+03	1.866240082537075629e-01	1.159843589949661469e-01	2.915582809423400978e-01	1.845431638908372196e-01	8.596789360098903987e-02	3.869483560225833729e-02	9.662745871452986524e-02
1.838352681189008081e+03	1.863148903765245445e-01	1.157663224782033567e-01	2.917593556901330043e-01	1.846812145494446389e-01	8.602865658944416904e-02	3.873762925950643976e-02	9.671193105637201914e-02
1.843190451402663257e+03	1.860075646179876196e-01	1.155495501912388728e-01	2.919592921190423129e-01	1.848184117117899206e-01	8.608907421657266412e-02	3.878020579517047622e-02	9.679590134782634081e-02
