8.853119490989170117e+02	3.016079644740402577e-01	1.945798200236934505e-01	2.190864771757437546e-01	1.322035296340269561e-01	6.433665269405047793e-02	2.536208064041680851e-02	6.282347535765529789e-02
8.901497193125721878e+02	3.006250527058850763e-01	1.939135817678249440e-01	2.197533752133171703e-01	1.326391434317807927e-01	6.442792662592194963e-02	2.545340178298806030e-02	6.318751847190899606e-02
8.949874895262273640e+02	2.996478025306187898e-01	1.932511579440590599e-01	2.204027055085761855e-01	1.330732828989529826e-01	6.453583671415652478e-02	2.554459246993523100e-02	6.354462193332822972e-02
8.998252597398827675e+02	2.986761843715887710e-01	1.925925306012042926e-01	2.210372426263881307e-01	1.335058830840118449e-01	6.465717277797622398e-02	2.563563789066429510e-02	6.389534864779340684e-02
9.046630299535379436e+02	2.977101685228485395e-01	1.919376812961583190e-01	2.216592527173535387e-01	1.339368868866450124e-01	6.478930853698347536e-02	2.572652576450682946e-02	6.424017627513120554e-02
9.095008001671932334e+02	2.967497251928523094e-01	1.912865911974661881e-01	2.222705861424650875e-01	1.343662438916274071e-01	6.493009557286720523e-02	2.581724587563437312e-02	6.457951212671438068e-02
9.143385703808486369e+02	2.957948245405484511e-01	1.906392411702950429e-01	2.228727532644334819e-01	1.347939094038266006e-01	6.507777654828994507e-02	2.590778969296834988e-02	6.491370537926501039e-02
9.191763405945038130e+02	2.948454367052336655e-01	1.899956118461877952e-01	2.234669864632258529e-01	1.352198436482275612e-01	6.523091418568602307e-02	2.599815005962463274e-02	6.524305709144140319e-02
9.240141108081592165e+02	2.939015318312817593e-01	1.893556836803462207e-01	2.240542908780665809e-01	1.356440111054016129e-01	6.538833314383746265e-02	2.608832093924057932e-02	6.556782842145265910e-02
9.288518810218145063e+02	2.929630800886610653e-01	1.887194369986975595e-01	2.246354859237015278e-01	1.360663799582018940e-01	6.554907244988392168e-02	2.617829720883113609e-02	6.588824737164984680e-02
9.336896512354697961e+02	2.920300516899871357e-01	1.880868520365869823e-01	2.252112392568097754e-01	1.364869216298500998e-01	6.571234656981470024e-02	2.626807448970184394e-02	6.620451432687643467e-02
9.385274214491247449e+02	2.911024169047248811e-01	1.874579089706068513e-01	2.257820945640767463e-01	1.369056103971685034e-01	6.587751354862603215e-02	2.635764900948600262e-02	6.651680660493791697e-02
9.433651916627801484e+02	2.901801460710414227e-01	1.868325879447975124e-01	2.263484942943465583e-01	1.373224230656477363e-01	6.604404893623899708e-02	2.644701748963335444e-02	6.682528219792131796e-02
9.482029618764355519e+02	2.892632096057211610e-01	1.862108690922322785e-01	2.269107982534162293e-01	1.377373386954452161e-01	6.621152444844188856e-02	2.653617705370845889e-02	6.713008285066163205e-02
9.530407320900908417e+02	2.883515780124814021e-01	1.855927325528143879e-01	2.274692988132010207e-01	1.381503383693773734e-01	6.637959050294367502e-02	2.662512515270087574e-02	6.743133659610808794e-02
9.578785023037459041e+02	2.874452218889640420e-01	1.849781584879649499e-01	2.280242333504656493e-01	1.385614049955800064e-01	6.654796192679363065e-02	2.671385950423977099e-02	6.772915984561875269e-02
9.627162725174014213e+02	2.865441119326315733e-01	1.843671270927570160e-01	2.285757944185785040e-01	1.389705231388293494e-01	6.671640625922804768e-02	2.680237804317053482e-02	6.802365911443181146e-02
9.675540427310568248e+02	2.856482189457529297e-01	1.837596186059513581e-01	2.291241380643009029e-01	1.393776788755972107e-01	6.688473417860073267e-02	2.689067888141351281e-02	6.831493244801023490e-02
9.723918129447120009e+02	2.847575138396324923e-01	1.831556133183061819e-01	2.296693906267868734e-01	1.397828596687975544e-01	6.705279166765387711e-02	2.697876027540336077e-02	6.860307060304654536e-02
9.772295831583674044e+02	2.838719676382081558e-01	1.825550915794666440e-01	2.302116542947231226e-01	1.401860542589052350e-01	6.722045360144011938e-02	2.706662059971712275e-02	6.888815802716641290e-02
9.820673533720223531e+02	2.829915514811217614e-01	1.819580338036843048e-01	2.307510116474167094e-01	1.405872525687212604e-01	6.738761849953840699e-02	2.715425832575266499e-02	6.917027367339173560e-02
9.869051235856777566e+02	2.821162366263464949e-01	1.813644204745714639e-01	2.312875293646183827e-01	1.409864456195443483e-01	6.755420423112595829e-02	2.724167200452631138e-02	6.944949167889387376e-02
9.917428937993331601e+02	2.812459944524419719e-01	1.807742321490591053e-01	2.318212612563010089e-01	1.413836254569062201e-01	6.772014449986754614e-02	2.732886025282829298e-02	6.972588193222260811e-02
9.965806640129884499e+02	2.803807964604948522e-01	1.801874494606958421e-01	2.323522507361390210e-01	1.417787850843537367e-01	6.788538596700820216e-02	2.741582174211345049e-02	6.999951054882160018e-02
1.001418434226643626e+03	2.795206142757918344e-01	1.796040531224013248e-01	2.328805328399529695e-01	1.421719184040287076e-01	6.804988589677363198e-02	2.750255518961819065e-02	7.027044027106006674e-02
1.006256204440298802e+03	2.786654196492651114e-01	1.790240239287668733e-01	2.334061358719832779e-01	1.425630201630142813e-01	6.821361022923018436e-02	2.758905935128769943e-02	7.053873080607923896e-02
1.011093974653954206e+03	2.778151844587430919e-01	1.784473427579800209e-01	2.339290827467999656e-01	1.429520859045967096e-01	6.837653200298107747e-02	2.767533301617340971e-02	7.080443911235241583e-02
1.015931744867609382e+03	2.769698807100328120e-01	1.778739905734349480e-01	2.344493920823322586e-01	1.433391119237382438e-01	6.853863006417246218e-02	2.776137500202299768e-02	7.106761964389297914e-02
1.020769515081264785e+03	2.761294805378572415e-01	1.773039484250809317e-01	2.349670790894183292e-01	1.437240952261776561e-01	6.869988800981960408e-02	2.784718415183602344e-02	7.132832455943685646e-02
1.025607285294920075e+03	2.752939562066656909e-01	1.767371974505509979e-01	2.354821562950217828e-01	1.441070334906740524e-01	6.886029332290513616e-02	2.793275933120000984e-02	7.158660390260897233e-02
1.030445055508575479e+03	2.744632801113331966e-01	1.761737188761057227e-01	2.359946341295083849e-01	1.444879250339904109e-01	6.901983666442795817e-02	2.801809942625582001e-02	7.184250575800507632e-02
1.035282825722230655e+03	2.736374247777625390e-01	1.756134940174209902e-01	2.365045214028497766e-01	1.448667687782810298e-01	6.917851129390530096e-02	2.810320334216898086e-02	7.209607638723790346e-02
1.040120595935886058e+03	2.728163628633987758e-01	1.750565042802434967e-01	2.370118256900979881e-01	1.452435642206010846e-01	6.933631259500537547e-02	2.818807000200649476e-02	7.234736034827331241e-02
1.044958366149541234e+03	2.720000671576668361e-01	1.745027311609335663e-01	2.375165536427731594e-01	1.456183114043022586e-01	6.949323768722348582e-02	2.827269834593719791e-02	7.259640060079000645e-02
1.049796136363196410e+03	2.711885105823394482e-01	1.739521562469119320e-01	2.380187112397783022e-01	1.459910108921153027e-01	6.964928510798093497e-02	2.835708733068903822e-02	7.284323859981151061e-02
1.054633906576851814e+03	2.703816661918425068e-01	1.734047612170233343e-01	2.385183039889768875e-01	1.463616637407510468e-01	6.980445455236207464e-02	2.844123592920904872e-02	7.308791437946157710e-02
1.059471676790506763e+03	2.695795071735030413e-01	1.728605278418286484e-01	2.390153370885400308e-01	1.467302714768770611e-01	6.995874666002716014e-02	2.852514313048196484e-02	7.333046662836856244e-02
1.064309447004162394e+03	2.687820068477453916e-01	1.723194379838349499e-01	2.395098155555111519e-01	1.470968360743475645e-01	7.011216284073801264e-02	2.860880793947184059e-02	7.357093275797749188e-02
1.069147217217817570e+03	2.679891386682399235e-01	1.717814735976709584e-01	2.400017443276779017e-01	1.474613599325816926e-01	7.026470513148869168e-02	2.869222937715762423e-02	7.380934896480961793e-02
1.073984987431472746e+03	2.672008762220072220e-01	1.712466167302147124e-01	2.404911283437296543e-01	1.478238458559997526e-01	7.041637607950580746e-02	2.877540648063942053e-02	7.404575028752988231e-02
1.078822757645127922e+03	2.664171932294822076e-01	1.707148495206789185e-01	2.409779726057701132e-01	1.481842970344386667e-01	7.056717864642447768e-02	2.885833830329652405e-02	7.428017065953547438e-02
1.083660527858783553e+03	2.656380635445402261e-01	1.701861542006585515e-01	2.414622822275109271e-01	1.485427170244782435e-01	7.071711612979827977e-02	2.894102391498207943e-02	7.451264295765805401e-02
1.088498298072438729e+03	2.648634611544879447e-01	1.696605130941447603e-01	2.419440624708625309e-01	1.488991097316174350e-01	7.086619209879907455e-02	2.902346240224224633e-02	7.474319904747238341e-02
1.093336068286093905e+03	2.640933601800213859e-01	1.691379086175084923e-01	2.424233187731418826e-01	1.492534793932474568e-01	7.101441034153348209e-02	2.910565286855014769e-02	7.497186982562348279e-02
1.098173838499749309e+03	2.633277348751533742e-01	1.686183232794563891e-01	2.429000567667090327e-01	1.496058305623742812e-01	7.116177482186970826e-02	2.918759443454691654e-02	7.519868525951660387e-02
1.103011608713404712e+03	2.625665596271116731e-01	1.681017396809620645e-01	2.433742822925105409e-01	1.499561680920472040e-01	7.130828964405117043e-02	2.926928623828380788e-02	7.542367442465985894e-02
1.107849378927059888e+03	2.618098089562103103e-01	1.675881405151741776e-01	2.438460014087363847e-01	1.503044971204557378e-01	7.145395902368596730e-02	2.935072743546056351e-02	7.564686553990315754e-02
1.112687149140715292e+03	2.610574575156949240e-01	1.670775085673037452e-01	2.443152203955737400e-01	1.506508230566593332e-01	7.159878726395735304e-02	2.943191719965644951e-02	7.586828600078070195e-02
1.117524919354370468e+03	2.603094800915642382e-01	1.665698267144919420e-01	2.447819457568581325e-01	1.509951515669183120e-01	7.174277873611026313e-02	2.951285472255109343e-02	7.608796241113230385e-02
1.122362689568025871e+03	2.595658516023681694e-01	1.660650779256602483e-01	2.452461842192745489e-01	1.513374885615962340e-01	7.188593786343999703e-02	2.959353921413304667e-02	7.630592061315398522e-02
1.127200459781681047e+03	2.588265470989850048e-01	1.655632452613437777e-01	2.457079427296385010e-01	1.516778401826073264e-01	7.202826910815000871e-02	2.967396990289456263e-02	7.652218571600702401e-02
1.132038229995336451e+03	2.580915417643772081e-01	1.650643118735092563e-01	2.461672284506878916e-01	1.520162127913833039e-01	7.216977696056023350e-02	2.975414603601148067e-02	7.673678212309689717e-02
1.136876000208991627e+03	2.573608109133283528e-01	1.645682610053586237e-01	2.466240487557345151e-01	1.523526129573363752e-01	7.231046593024172131e-02	2.983406687950755989e-02	7.694973355811907112e-02
1.141713770422646803e+03	2.566343299921618470e-01	1.640750759911190626e-01	2.470784112224588824e-01	1.526870474467966754e-01	7.245034053873025681e-02	2.991373171840279455e-02	7.716106308995669683e-02
1.146551540636302207e+03	2.559120745784415618e-01	1.635847402558203711e-01	2.475303236260761597e-01	1.530195232124035576e-01	7.258940531353438863e-02	2.999313985684558606e-02	7.737079315650459421e-02
1.151389310849957155e+03	2.551940203806564722e-01	1.630972373150606225e-01	2.479797939320579625e-01	1.533500473829312316e-01	7.272766478320520644e-02	3.007229061822871974e-02	7.757894558748605618e-02
1.156227081063612786e+03	2.544801432378891448e-01	1.626125507747605559e-01	2.484268302885579427e-01	1.536786272535309861e-01	7.286512347327703254e-02	3.015118334528935767e-02	7.778554162632127233e-02
1.161064851277267962e+03	2.537704191194697922e-01	1.621306643309075590e-01	2.488714410186599890e-01	1.540052702763720915e-01	7.300178590292311087e-02	3.022981740019326999e-02	7.799060195110045501e-02
1.165902621490923138e+03	2.530648241246160057e-01	1.616515617692897144e-01	2.493136346125433833e-01	1.543299840516655363e-01	7.313765658219828492e-02	3.030819216460365825e-02	7.819414669470965695e-02
1.170740391704578315e+03	2.523633344820588875e-01	1.611752269652206582e-01	2.497534197196401851e-01	1.546527763190548299e-01	7.327274000976397028e-02	3.038630703973501518e-02	7.839619546415266260e-02
1.175578161918233945e+03	2.516659265496569153e-01	1.607016438832555849e-01	2.501908051408437972e-01	1.549736549493589965e-01	7.340704067100971286e-02	3.046416144639241264e-02	7.859676735910879619e-02
1.180415932131889122e+03	2.509725768139972057e-01	1.602307965768990650e-01	2.506257998208149540e-01	1.552926279366537987e-01	7.354056303650097215e-02	3.054175482499682168e-02	7.879588098976335331e-02
1.185253702345544298e+03	2.502832618899861750e-01	1.597626691883050898e-01	2.510584128404206306e-01	1.556097033906775062e-01	7.367331156069564790e-02	3.061908663559687743e-02	7.899355449394429574e-02
1.190091472559199701e+03	2.495979585204284590e-01	1.592972459479697345e-01	2.514886534093332959e-01	1.559248895295485271e-01	7.380529068088191591e-02	3.069615635786769256e-02	7.918980555359660112e-02
1.194929242772855105e+03	2.489166435755965079e-01	1.588345111744168814e-01	2.519165308588104391e-01	1.562381946727823823e-01	7.393650481629904236e-02	3.077296349109722579e-02	7.938465141062375774e-02
1.199767012986510281e+03	2.482392940527899106e-01	1.583744492738775878e-01	2.523420546346690219e-01	1.565496272345963946e-01	7.406695836740909145e-02	3.084950755416075718e-02	7.957810888212339673e-02
1.204604783200165684e+03	2.475658870758858654e-01	1.579170447399632637e-01	2.527652342904654348e-01	1.568591957174906848e-01	7.419665571529361625e-02	3.092578808548403224e-02	7.977019437504322130e-02
1.209442553413820860e+03	2.468963998948811023e-01	1.574622821533329109e-01	2.531860794808869497e-01	1.571669087060945935e-01	7.432560122115412782e-02	3.100180464299554656e-02	7.996092390028097796e-02
1.214280323627476264e+03	2.462308098854252836e-01	1.570101461813551147e-01	2.536045999553586672e-01	1.574727748612682887e-01	7.445379922589845378e-02	3.107755680406857485e-02	8.015031308625188144e-02
1.219118093841131440e+03	2.455690945483471888e-01	1.565606215777650134e-01	2.540208055518675123e-01	1.577768029144494544e-01	7.458125404979894235e-02	3.115304416545338489e-02	8.033837719194478200e-02
1.223955864054786844e+03	2.449112315091734604e-01	1.561136931823162710e-01	2.544347061910026131e-01	1.580790016622355965e-01	7.470796999221031298e-02	3.122826634320019501e-02	8.052513111948783608e-02
1.228793634268442020e+03	2.442571985176406058e-01	1.556693459204288033e-01	2.548463118702101182e-01	1.583793799611925845e-01	7.483395133133768917e-02	3.130322297257331216e-02	8.071058942624319277e-02
1.233631404482097196e+03	2.436069734472005588e-01	1.552275648028320354e-01	2.552556326582597901e-01	1.586779467228810192e-01	7.495920232404659767e-02	3.137791370795694340e-02	8.089476633644936132e-02
1.238469174695752372e+03	2.429605342945202751e-01	1.547883349252044405e-01	2.556626786899195425e-01	1.589747109090912935e-01	7.508372720570848091e-02	3.145233822275316643e-02	8.107767575242905145e-02
1.243306944909407548e+03	2.423178591789758307e-01	1.543516414678094695e-01	2.560674601608332046e-01	1.592696815272798827e-01	7.520753019007603291e-02	3.152649620927242685e-02	8.125933126537941698e-02
1.248144715123063179e+03	2.416789263421409983e-01	1.539174696951278176e-01	2.564699873225966820e-01	1.595628676261986734e-01	7.533061546918404239e-02	3.160038737861707581e-02	8.143974616576098169e-02
1.252982485336718355e+03	2.410437141472712153e-01	1.534858049554866932e-01	2.568702704780276846e-01	1.598542782917097282e-01	7.545298721327188540e-02	3.167401146055827399e-02	8.161893345330081817e-02
1.257820255550373531e+03	2.404122010787829167e-01	1.530566326806861444e-01	2.572683199766225837e-01	1.601439226427785745e-01	7.557464957072465572e-02	3.174736820340672006e-02	8.179690584662467623e-02
1.262658025764028707e+03	2.397843657417284002e-01	1.526299383856226377e-01	2.576641462101959545e-01	1.604318098276388271e-01	7.569560666803036575e-02	3.182045737387755036e-02	8.197367579253253544e-02
1.267495795977684338e+03	2.391601868612669990e-01	1.522057076679100562e-01	2.580577596086957581e-01	1.607179490201216532e-01	7.581586260975083091e-02	3.189327875694980552e-02	8.214925547493119595e-02
1.272333566191339514e+03	2.385396432821324519e-01	1.517839262074984763e-01	2.584491706361896624e-01	1.610023494161432478e-01	7.593542147850487756e-02	3.196583215572075531e-02	8.232365682343681379e-02
1.277171336404994690e+03	2.379227139680969993e-01	1.513645797662907799e-01	2.588383897870159545e-01	1.612850202303448000e-01	7.605428733496197302e-02	3.203811739125547731e-02	8.249689152166030104e-02
1.282009106618650094e+03	2.373093780014322862e-01	1.509476541877572131e-01	2.592254275820936038e-01	1.615659706928785078e-01	7.617246421784522326e-02	3.211013430243197381e-02	8.266897101518742852e-02
1.286846876832305497e+03	2.366996145823674902e-01	1.505331353965485008e-01	2.596102945653863125e-01	1.618452100463339260e-01	7.628995614394262770e-02	3.218188274578218100e-02	8.283990651926527449e-02
1.291684647045960673e+03	2.360934030285447849e-01	1.501210093981069083e-01	2.599930013005140594e-01	1.621227475427995390e-01	7.640676710812568939e-02	3.225336259532909228e-02	8.300970902620628811e-02
1.296522417259616077e+03	2.354907227744724163e-01	1.497112622782763303e-01	2.603735583675082510e-01	1.623985924410540072e-01	7.652290108337456154e-02	3.232457374242034970e-02	8.317838931252044543e-02
1.301360187473271253e+03	2.348915533709758918e-01	1.493038802029107714e-01	2.607519763597038742e-01	1.626727540038818975e-01	7.663836202080921700e-02	3.239551609555853945e-02	8.334595794578612826e-02
1.306197957686926657e+03	2.342958744846468933e-01	1.488988494174818822e-01	2.611282658807644874e-01	1.629452414955095130e-01	7.675315384972586363e-02	3.246618958022846196e-02	8.351242529126923220e-02
1.311035727900581833e+03	2.337036658972906911e-01	1.484961562466853846e-01	2.615024375418346092e-01	1.632160641791553790e-01	7.686728047763836946e-02	3.253659413872158485e-02	8.367780151830028768e-02
1.315873498114237009e+03	2.331149075053720321e-01	1.480957870940467769e-01	2.618745019588153422e-01	1.634852313146914760e-01	7.698074579032397613e-02	3.260672972995801860e-02	8.384209660641868400e-02
1.320711268327892412e+03	2.325295793194596949e-01	1.476977284415261493e-01	2.622444697497574584e-01	1.637527521564109412e-01	7.709355365187327280e-02	3.267659632930611235e-02	8.400532035129271158e-02
1.325549038541547588e+03	2.319476614636698519e-01	1.473019668491225287e-01	2.626123515323690594e-01	1.640186359508973291e-01	7.720570790474373668e-02	3.274619392839996090e-02	8.416748237042391556e-02
1.330386808755202765e+03	2.313691341751086261e-01	1.469084889544777506e-01	2.629781579216319276e-01	1.642828919349922367e-01	7.731721236981688172e-02	3.281552253495504529e-02	8.432859210864394883e-02
1.335224578968857941e+03	2.307939778033135936e-01	1.465172814724798600e-01	2.633418995275235708e-01	1.645455293338569935e-01	7.742807084645858540e-02	3.288458217258213162e-02	8.448865884341166810e-02
1.340062349182513572e+03	2.302221728096950359e-01	1.461283311948663455e-01	2.637035869528402410e-01	1.648065573591248334e-01	7.753828711258224649e-02	3.295337288059967812e-02	8.464769168991800874e-02
1.344900119396168748e+03	2.296536997669763602e-01	1.457416249898272342e-01	2.640632307911170984e-01	1.650659852071398870e-01	7.764786492471495438e-02	3.302189471384491676e-02	8.480569960600593815e-02
1.349737889609823924e+03	2.290885393586342966e-01	1.453571498016079933e-01	2.644208416246422444e-01	1.653238220572797179e-01	7.775680801806600373e-02	3.309014774248377616e-02	8.496269139691235706e-02
1.354575659823479100e+03	2.285266723783390408e-01	1.449748926501127078e-01	2.647764300225604051e-01	1.655800770703579061e-01	7.786512010659790706e-02	3.315813205181975670e-02	8.511867571983865177e-02
1.359413430037134731e+03	2.279680797293942296e-01	1.445948406305071487e-01	2.651300065390631011e-01	1.658347593871037085e-01	7.797280488309966950e-02	3.322584774210205621e-02	8.527366108835646163e-02
1.364251200250789907e+03	2.274127424241769446e-01	1.442169809128222013e-01	2.654815817116619736e-01	1.660878781267155768e-01	7.807986601926213133e-02	3.329329492833291854e-02	8.542765587665467064e-02
1.369088970464445310e+03	2.268606415835779933e-01	1.438413007415576539e-01	2.658311660595416570e-01	1.663394423854856474e-01	7.818630716575522555e-02	3.336047374007445471e-02	8.558066832363375731e-02
1.373926740678100487e+03	2.263117584364425505e-01	1.434677874352861260e-01	2.661787700819900349e-01	1.665894612354924809e-01	7.829213195230706746e-02	3.342738432125506864e-02	8.573270653685306775e-02
1.378764510891755890e+03	2.257660743190111341e-01	1.430964283862577457e-01	2.665244042569012706e-01	1.668379437233590556e-01	7.839734398778493152e-02	3.349402682997554975e-02	8.588377849633671568e-02
1.383602281105411066e+03	2.252235706743610788e-01	1.427272110600051880e-01	2.668680790393505031e-01	1.670848988690739334e-01	7.850194686027749114e-02	3.356040143831501288e-02	8.603389205824321651e-02
1.388440051319066470e+03	2.246842290518487883e-01	1.423601229949493230e-01	2.672098048602361553e-01	1.673303356648722651e-01	7.860594413717893192e-02	3.362650833213682439e-02	8.618305495840414276e-02
1.393277821532721646e+03	2.241480311065526532e-01	1.419951518020055592e-01	2.675495921249876896e-01	1.675742630741752504e-01	7.870933936527416130e-02	3.369234771089450048e-02	8.633127481573656115e-02
1.398115591746377049e+03	2.236149585987168009e-01	1.416322851641909075e-01	2.678874512123364804e-01	1.678166900305847475e-01	7.881213607082548922e-02	3.375791978743781369e-02	8.647855913553412210e-02
1.402953361960032225e+03	2.230849933931957074e-01	1.412715108362319338e-01	2.682233924731463603e-01	1.680576254369315070e-01	7.891433775966051611e-02	3.382322478781914915e-02	8.662491531264121525e-02
1.407791132173687402e+03	2.225581174588999733e-01	1.409128166441732388e-01	2.685574262293028425e-01	1.682970781643744196e-01	7.901594791726107569e-02	3.388826295110022868e-02	8.677035063451461749e-02
1.412628902387342805e+03	2.220343128682429057e-01	1.405561904849873534e-01	2.688895627726575199e-01	1.685350570515490864e-01	7.911697000885331565e-02	3.395303452915925113e-02	8.691487228417690836e-02
1.417466672600997981e+03	2.215135617965885984e-01	1.402016203261850502e-01	2.692198123640264229e-01	1.687715709037634348e-01	7.921740747949874983e-02	3.401753978649852544e-02	8.705848734306560754e-02
1.422304442814653157e+03	2.209958465217010115e-01	1.398490942054269603e-01	2.695481852322388350e-01	1.690066284922386308e-01	7.931726375418617081e-02	3.408177900005276983e-02	8.720120279378193451e-02
1.427142213028308333e+03	2.204811494231944113e-01	1.394986002301362438e-01	2.698746915732366802e-01	1.692402385533934572e-01	7.941654223792442291e-02	3.414575245899807016e-02	8.734302552274308962e-02
1.431979983241963964e+03	2.199694529819852529e-01	1.391501265771120932e-01	2.701993415492199291e-01	1.694724097881701863e-01	7.951524631583602176e-02	3.420946046456153911e-02	8.748396232274134598e-02
1.436817753455619140e+03	2.194607397797453674e-01	1.388036614921448197e-01	2.705221452878384669e-01	1.697031508614005590e-01	7.961337935325144000e-02	3.427290332983187054e-02	8.762401989541382386e-02
1.441655523669274316e+03	2.189549924983567319e-01	1.384591932896316324e-01	2.708431128814271505e-01	1.699324704012101228e-01	7.971094469580400355e-02	3.433608137957068485e-02	8.776320485362595902e-02
1.446493293882929493e+03	2.184521939193679319e-01	1.381167103521938611e-01	2.711622543862828305e-01	1.701603769984591785e-01	7.980794566952549574e-02	3.439899495002488039e-02	8.790152372377207923e-02
1.451331064096585123e+03	2.179523269234518723e-01	1.377762011302954837e-01	2.714795798219816758e-01	1.703868792062190329e-01	7.990438558094223320e-02	3.446164438873996344e-02	8.803898294799604451e-02
1.456168834310240300e+03	2.174553744898654328e-01	1.374376541418627640e-01	2.717950991707347441e-01	1.706119855392822238e-01	8.000026771717164142e-02	3.452403005437441191e-02	8.817558888633501846e-02
1.461006604523895703e+03	2.169613196959107870e-01	1.371010579719054434e-01	2.721088223767813563e-01	1.708357044737048580e-01	8.009559534601934372e-02	3.458615231651514244e-02	8.831134781878924311e-02
1.465844374737550879e+03	2.164701457163984433e-01	1.367664012721389322e-01	2.724207593458174426e-01	1.710580444463802585e-01	8.019037171607661107e-02	3.464801155549413619e-02	8.844626594732038494e-02
1.470682144951206283e+03	2.159818358231119506e-01	1.364336727606082211e-01	2.727309199444578613e-01	1.712790138546423369e-01	8.028460005681811729e-02	3.470960816220620970e-02	8.858034939778146322e-02
1.475519915164861459e+03	2.154963733842747975e-01	1.361028612213129041e-01	2.730393139997321916e-01	1.714986210558974711e-01	8.037828357870015206e-02	3.477094253792809009e-02	8.871360422178051208e-02
1.480357685378516862e+03	2.150137418640188092e-01	1.357739555038339208e-01	2.733459512986113893e-01	1.717168743672837228e-01	8.047142547325888962e-02	3.483201509413865610e-02	8.884603639848066836e-02
1.485195455592172038e+03	2.145339248218546546e-01	1.354469445229613822e-01	2.736508415875647526e-01	1.719337820653563664e-01	8.056402891320921245e-02	3.489282625234059465e-02	8.897765183633907227e-02
1.490033225805827215e+03	2.140569059121442963e-01	1.351218172583243116e-01	2.739539945721455871e-01	1.721493523857984542e-01	8.065609705254342399e-02	3.495337644388330639e-02	8.910845637478660708e-02
1.494870996019482618e+03	2.135826688835754106e-01	1.347985627540214393e-01	2.742554199166051809e-01	1.723635935231554728e-01	8.074763302663022502e-02	3.501366610978721289e-02	8.923845578585098970e-02
1.499708766233137567e+03	2.131111975786377788e-01	1.344771701182538026e-01	2.745551272435328705e-01	1.725765136305930370e-01	8.083863995231393984e-02	3.507369570056945857e-02	8.936765577572504393e-02
1.504546536446793198e+03	2.126424759331016767e-01	1.341576285229588161e-01	2.748531261335216413e-01	1.727881208196766494e-01	8.092912092801370083e-02	3.513346567607102122e-02	8.949606198628233533e-02
1.509384306660448374e+03	2.121764879754986788e-01	1.338399272034458409e-01	2.751494261248587092e-01	1.729984231601724987e-01	8.101907903382274401e-02	3.519297650528529359e-02	8.962367999654206885e-02
1.514222076874103550e+03	2.117132178266040998e-01	1.335240554580332806e-01	2.754440367132387490e-01	1.732074286798687135e-01	8.110851733160773236e-02	3.525222866618811512e-02	8.975051532408506727e-02
1.519059847087758726e+03	2.112526496989217961e-01	1.332100026476874532e-01	2.757369673515004949e-01	1.734151453644157403e-01	8.119743886510813469e-02	3.531122264556929569e-02	8.987657342642284275e-02
1.523897617301414357e+03	2.107947678961710758e-01	1.328977581956627685e-01	2.760282274493841559e-01	1.736215811571854006e-01	8.128584666003556281e-02	3.536995893886565878e-02	9.000185970232110755e-02
1.528735387515069533e+03	2.103395568127758297e-01	1.325873115871439023e-01	2.763178263733100382e-01	1.738267439591475172e-01	8.137374372417298385e-02	3.542843804999559754e-02	9.012637949307986118e-02
1.533573157728724709e+03	2.098870009333557995e-01	1.322786523688891658e-01	2.766057734461766504e-01	1.740306416287636937e-01	8.146113304747402972e-02	3.548666049119515720e-02	9.025013808377126134e-02
1.538410927942380113e+03	2.094370848322200385e-01	1.319717701488757611e-01	2.768920779471778504e-01	1.742332819818971923e-01	8.154801760216205675e-02	3.554462678285573440e-02	9.037314070443713820e-02
1.543248698156035516e+03	2.089897931728625646e-01	1.316666545959467582e-01	2.771767491116383098e-01	1.744346727917383266e-01	8.163440034282919144e-02	3.560233745336327527e-02	9.049539253124733174e-02
1.548086468369690692e+03	2.085451107074604016e-01	1.313632954394594876e-01	2.774597961308661875e-01	1.746348217887447318e-01	8.172028420653522363e-02	3.565979303893907632e-02	9.061689868762058675e-02
1.552924238583346096e+03	2.081030222763736726e-01	1.310616824689357085e-01	2.777412281520229009e-01	1.748337366605956789e-01	8.180567211290630525e-02	3.571699408348218835e-02	9.073766424530921304e-02
1.557762008797001272e+03	2.076635128076481929e-01	1.307618055337134988e-01	2.780210542780081062e-01	1.750314250521601278e-01	8.189056696423352433e-02	3.577394113841340234e-02	9.085769422544881513e-02
1.562599779010656675e+03	2.072265673165200606e-01	1.304636545426007821e-01	2.782992835673607224e-01	1.752278945654775211e-01	8.197497164557127070e-02	3.583063476252085905e-02	9.097699359957446552e-02
1.567437549224311852e+03	2.067921709049227730e-01	1.301672194635305202e-01	2.785759250341741655e-01	1.754231527597511220e-01	8.205888902483537972e-02	3.588707552180721988e-02	9.109556729060448721e-02
1.572275319437967255e+03	2.063603087609966191e-01	1.298724903232175709e-01	2.788509876480259053e-01	1.756172071513528998e-01	8.214232195290105398e-02	3.594326398933851002e-02	9.121342017379308054e-02
1.577113089651622431e+03	2.059309661586001816e-01	1.295794572068174055e-01	2.791244803339201219e-01	1.758100652138399056e-01	8.222527326370060452e-02	3.599920074509456447e-02	9.133055707765286302e-02
1.581950859865277607e+03	2.055041284568244198e-01	1.292881102575862418e-01	2.793964119722433526e-01	1.760017343779812504e-01	8.230774577432084516e-02	3.605488637582105610e-02	9.144698278484843235e-02
1.586788630078933011e+03	2.050797810995088899e-01	1.289984396765431474e-01	2.796667913987325726e-01	1.761922220317953813e-01	8.238974228510027864e-02	3.611032147488321686e-02	9.156270203306210442e-02
1.591626400292587959e+03	2.046579096147604360e-01	1.287104357221337814e-01	2.799356274044544346e-01	1.763815355205971547e-01	8.247126557972593586e-02	3.616550664212113408e-02	9.167771951583265910e-02
1.596464170506243590e+03	2.042384996144741838e-01	1.284240887098957451e-01	2.802029287357964971e-01	1.765696821470542077e-01	8.255231842533000686e-02	3.622044248370665659e-02	9.179203988336828712e-02
1.601301940719898766e+03	2.038215367938566724e-01	1.281393890121257095e-01	2.804687040944686127e-01	1.767566691712520177e-01	8.263290357258612495e-02	3.627512961200200087e-02	9.190566774333439048e-02
1.606139710933553943e+03	2.034070069309516782e-01	1.278563270575483191e-01	2.807329621375149187e-01	1.769425038107678427e-01	8.271302375580531774e-02	3.632956864541989767e-02	9.201860766161752692e-02
1.610977481147209119e+03	2.029948958861682029e-01	1.275748933309868716e-01	2.809957114773353748e-01	1.771271932407521843e-01	8.279268169303159730e-02	3.638376020828539004e-02	9.213086416306597026e-02
1.615815251360864750e+03	2.025851896018107390e-01	1.272950783730352753e-01	2.812569606817166279e-01	1.773107445940183546e-01	8.287188008613731449e-02	3.643770493069928978e-02	9.224244173220798315e-02
1.620653021574519926e+03	2.021778741016121150e-01	1.270168727797323649e-01	2.815167182738722018e-01	1.774931649611391216e-01	8.295062162091808300e-02	3.649140344840316741e-02	9.235334481394856521e-02
1.625490791788175102e+03	2.017729354902685901e-01	1.267402672022375498e-01	2.817749927324906811e-01	1.776744613905501813e-01	8.302890896718735647e-02	3.654485640264600044e-02	9.246357781424534295e-02
1.630328562001830505e+03	2.013703599529771127e-01	1.264652523465081280e-01	2.820317924917923880e-01	1.778546408886605146e-01	8.310674477887064482e-02	3.659806444005244547e-02	9.257314510076447567e-02
1.635166332215485909e+03	2.009701337549752997e-01	1.261918189729786532e-01	2.822871259415938860e-01	1.780337104199686826e-01	8.318413169409934194e-02	3.665102821249266452e-02	9.268205100351718795e-02
1.640004102429141085e+03	2.005722432410835532e-01	1.259199578962416355e-01	2.825410014273794790e-01	1.782116769071853124e-01	8.326107233530422036e-02	3.670374837695375425e-02	9.279029981547776140e-02
1.644841872642796488e+03	2.001766748352494796e-01	1.256496599847302109e-01	2.827934272503802027e-01	1.783885472313610498e-01	8.333756930930848184e-02	3.675622559541279200e-02	9.289789579318349921e-02
1.649679642856451665e+03	1.997834150400949194e-01	1.253809161604024225e-01	2.830444116676593125e-01	1.785643282320198144e-01	8.341362520742039155e-02	3.680846053471144297e-02	9.300484315731737117e-02
1.654517413070107068e+03	1.993924504364650852e-01	1.251137173984272488e-01	2.832939628922043207e-01	1.787390267072973549e-01	8.348924260552563481e-02	3.686045386643211491e-02	9.311114609327401925e-02
1.659355183283762244e+03	1.990037676829801150e-01	1.248480547268722429e-01	2.835420890930247517e-01	1.789126494140843571e-01	8.356442406417910473e-02	3.691220626677571559e-02	9.321680875170952618e-02
1.664192953497417420e+03	1.986173535155891512e-01	1.245839192263930861e-01	2.837887983952563364e-01	1.790852030681741314e-01	8.363917212869638462e-02	3.696371841644095768e-02	9.332183524907580741e-02
1.669030723711072824e+03	1.982331947471264455e-01	1.243213020299246407e-01	2.840340988802702027e-01	1.792566943444147132e-01	8.371348932924475850e-02	3.701499100050519020e-02	9.342622966813990404e-02
1.673868493924728000e+03	1.978512782668701009e-01	1.240601943223737513e-01	2.842779985857876723e-01	1.794271298768648493e-01	8.378737818093383305e-02	3.706602470830680507e-02	9.352999605848884290e-02
1.678706264138383403e+03	1.974715910401030616e-01	1.238005873403138085e-01	2.845205055059997767e-01	1.795965162589538422e-01	8.386084118390567388e-02	3.711682023332912167e-02	9.363313843702053552e-02
1.683544034352038352e+03	1.970941201076763238e-01	1.235424723716809364e-01	2.847616275916916018e-01	1.797648600436451138e-01	8.393388082342460865e-02	3.716737827308587427e-02	9.373566078842131277e-02
1.688381804565693983e+03	1.967188525855746717e-01	1.232858407554719149e-01	2.850013727503712957e-01	1.799321677436030165e-01	8.400649956996647516e-02	3.721769952900809419e-02	9.383756706563030348e-02
1.693219574779349159e+03	1.963457756644845231e-01	1.230306838814436837e-01	2.852397488464031849e-01	1.800984458313627801e-01	8.407869987930756406e-02	3.726778470633260176e-02	9.393886119029143389e-02
1.698057344993004335e+03	1.959748766093643568e-01	1.227769931898146927e-01	2.854767637011448311e-01	1.802637007395036794e-01	8.415048419261296486e-02	3.731763451399193465e-02	9.403954705319328422e-02
1.702895115206659511e+03	1.956061427590171931e-01	1.225247601709677642e-01	2.857124250930882514e-01	1.804279388608248658e-01	8.422185493652459276e-02	3.736724966450574031e-02	9.413962851469724613e-02
1.707732885420315142e+03	1.952395615256656003e-01	1.222739763651547323e-01	2.859467407580046916e-01	1.805911665485238071e-01	8.429281452324867419e-02	3.741663087387368108e-02	9.423910940515445311e-02
1.712570655633970318e+03	1.948751203945288668e-01	1.220246333622026641e-01	2.861797183890923968e-01	1.807533901163771994e-01	8.436336535064288544e-02	3.746577886146976871e-02	9.433799352531181681e-02
1.717408425847625494e+03	1.945128069234025037e-01	1.217767228012217873e-01	2.864113656371283234e-01	1.809146158389242920e-01	8.443350980230292235e-02	3.751469434993814911e-02	9.443628464670759948e-02
1.722246196061280898e+03	1.941526087422401070e-01	1.215302363703150840e-01	2.866416901106224047e-01	1.810748499516522669e-01	8.450325024764873683e-02	3.756337806509031652e-02	9.453398651205675851e-02
1.727083966274936301e+03	1.937945135527373297e-01	1.212851658062894938e-01	2.868706993759747581e-01	1.812340986511834506e-01	8.457258904201020444e-02	3.761183073580376401e-02	9.463110283562663205e-02
1.731921736488591478e+03	1.934385091279184343e-01	1.210415028943687271e-01	2.870984009576361684e-01	1.813923680954647732e-01	8.464152852671236182e-02	3.766005309392203571e-02	9.472763730360311829e-02
1.736759506702246881e+03	1.930845833117247889e-01	1.207992394679078818e-01	2.873248023382702909e-01	1.815496644039585328e-01	8.471007102916026932e-02	3.770804587415617359e-02	9.482359357444766768e-02
1.741597276915902057e+03	1.927327240186058332e-01	1.205583674081094070e-01	2.875499109589190194e-01	1.817059936578349910e-01	8.477821886292329079e-02	3.775580981398757308e-02	9.491897527924553213e-02
1.746435047129557461e+03	1.923829192331122373e-01	1.203188786437409397e-01	2.877737342191695191e-01	1.818613619001662463e-01	8.484597432781901261e-02	3.780334565357218457e-02	9.501378602204550716e-02
1.751272817343212637e+03	1.920351570094912530e-01	1.200807651508546681e-01	2.879962794773239798e-01	1.820157751361216603e-01	8.491333970999659364e-02	3.785065413564608905e-02	9.510802938019138897e-02
1.756110587556867813e+03	1.916894254712844525e-01	1.198440189525082772e-01	2.882175540505708677e-01	1.821692393331642568e-01	8.498031728201979607e-02	3.789773600543245441e-02	9.520170890464553504e-02
1.760948357770523216e+03	1.913457128109274652e-01	1.196086321184875317e-01	2.884375652151582869e-01	1.823217604212484522e-01	8.504690930294944717e-02	3.794459201054976860e-02	9.529482812030469485e-02
1.765786127984178393e+03	1.910040072893522400e-01	1.193745967650304690e-01	2.886563202065690614e-01	1.824733442930185634e-01	8.511311801842538771e-02	3.799122290092146054e-02	9.538739052630845761e-02
1.770623898197833569e+03	1.906642972355912513e-01	1.191419050545531183e-01	2.888738262196974271e-01	1.826239968040083428e-01	8.517894566074817042e-02	3.803762942868679081e-02	9.547939959634055285e-02
1.775461668411488745e+03	1.903265710463840354e-01	1.189105491953769134e-01	2.890900904090271117e-01	1.827737237728414010e-01	8.524439444896002305e-02	3.808381234811307470e-02	9.557085877892308734e-02
1.780299438625144376e+03	1.899908171857859762e-01	1.186805214414575343e-01	2.893051198888110798e-01	1.829225309814320466e-01	8.530946658892554768e-02	3.812977241550915414e-02	9.566177149770423160e-02
1.785137208838799552e+03	1.896570241847791438e-01	1.184518140921154983e-01	2.895189217332523879e-01	1.830704241751871519e-01	8.537416427341192049e-02	3.817551038914020894e-02	9.575214115173931451e-02
1.789974979052454728e+03	1.893251806408853544e-01	1.182244194917681651e-01	2.897315029766859840e-01	1.832174090632081032e-01	8.543848968216849471e-02	3.822102702914376843e-02	9.584197111576577000e-02
1.794812749266109904e+03	1.889952752177814777e-01	1.179983300296633397e-01	2.899428706137622269e-01	1.833634913184935544e-01	8.550244498200616772e-02	3.826632309744701366e-02	9.593126474047183883e-02
1.799650519479765535e+03	1.886672966449169653e-01	1.177735381396144837e-01	2.901530315996308507e-01	1.835086765781424600e-01	8.556603232687605420e-02	3.831139935768526628e-02	9.602002535275956652e-02
1.804488289693420711e+03	1.883412337171331274e-01	1.175500362997373982e-01	2.903619928501260938e-01	1.836529704435572452e-01	8.562925385794790956e-02	3.835625657512178183e-02	9.610825625600205591e-02
1.809326059907075887e+03	1.880170752942851575e-01	1.173278170321884611e-01	2.905697612419526066e-01	1.837963784806475320e-01	8.569211170368790098e-02	3.840089551656870187e-02	9.619596073029523797e-02
1.814163830120731291e+03	1.876948103008657665e-01	1.171068729029044186e-01	2.907763436128721901e-01	1.839389062200336156e-01	8.575460797993604556e-02	3.844531695030920654e-02	9.628314203270435523e-02
1.819001600334386467e+03	1.873744277256312596e-01	1.168871965213436476e-01	2.909817467618909248e-01	1.840805591572503841e-01	8.581674478998317646e-02	3.848952164602088832e-02	9.636980339750529645e-02
1.823839370548041643e+03	1.870559166212296398e-01	1.166687805402290001e-01	2.911859774494472419e-01	1.842213427529511560e-01	8.587852422464740954e-02	3.853351037470024998e-02	9.645594803642089377e-02
1.828677140761696819e+03	1.867392661038306534e-01	1.164516176552920917e-01	2.913890423976003841e-01	1.843612624331114336e-01	8.593994836235015200e-02	3.857728390858843059e-02	9.654157913885247355e-02
1.833514910975352450e+03	1.864244653527582507e-01	1.162357006050191016e-01	2.915909482902191985e-01	1.845003235892325455e-01	8.600101926919170858e-02	3.862084302109800721e-02	9.662669987210677214e-02
1.838352681189008081e+03	1.861115036101248510e-01	1.160210221703980998e-01	2.917917017731715412e-01	1.846385315785454562e-01	8.606173899902640201e-02	3.866418848674098296e-02	9.671131338161820246e-02
1.843190451402663257e+03	1.858003701804678831e-01	1.158075751746678178e-01	2.919913094545139032e-01	1.847758917242139642e-01	8.612210959353720774e-02	3.870732108105791325e-02	9.679542279116686021e-02
1.848028221616318433e+03	1.854910544303881581e-01	1.155953524830679174e-01	2.921897779046811472e-01	1.849124093155379289e-01	8.618213308231002789e-02	3.875024158054807960e-02	9.687903120309231120e-02
