8.901497193125721878e+02	3.001534642960583255e-01	1.943556207157932925e-01	2.197833124619316125e-01	1.327127751931299615e-01	6.409930598652976985e-02	2.598277298312798300e-02	6.291274836305291163e-02
8.949874895262273640e+02	2.991798600348738457e-01	1.936887269009519852e-01	2.203677380425268506e-01	1.331494450001242669e-01	6.428138592354035175e-02	2.606027909592866995e-02	6.327256500167788289e-02
8.998252597398827675e+02	2.982118856083013636e-01	1.930256728660436627e-01	2.209502384835053956e-01	1.335841922195854514e-01	6.446244316631438709e-02	2.613787256148660323e-02	6.362769509438696847e-02
9.046630299535379436e+02	2.972495103259747973e-01	1.923664372435591741e-01	2.215307636599873620e-01	1.340170008911098498e-01	6.464248541823232330e-02	2.621554789004372846e-02	6.397825457071654176e-02
9.095008001671932334e+02	2.962927035822631727e-01	1.917109987549607542e-01	2.221092661349867436e-01	1.344478561416372342e-01	6.482152025200121903e-02	2.629329958113746715e-02	6.432435555263715798e-02
9.143385703808486369e+02	2.953414348595871930e-01	1.910593362114341165e-01	2.226857010535867876e-01	1.348767441436083125e-01	6.499955511351568349e-02	2.637112212874937606e-02	6.466610648914226933e-02
9.191763405945038130e+02	2.943956737315707173e-01	1.904114285145906693e-01	2.232600260410632087e-01	1.353036520746372373e-01	6.517659732558860053e-02	2.644901002618202379e-02	6.500361228599127461e-02
9.240141108081592165e+02	2.934553898660332005e-01	1.897672546571219365e-01	2.238322011048101134e-01	1.357285680786447513e-01	6.535265409155618932e-02	2.652695777067543351e-02	6.533697443078211042e-02
9.288518810218145063e+02	2.925205530278295329e-01	1.891267937234081542e-01	2.244021885399288818e-01	1.361514812283988463e-01	6.552773249876166217e-02	2.660495986777395086e-02	6.566629111352266512e-02
9.336896512354697961e+02	2.915911330815429414e-01	1.884900248900827358e-01	2.249699528383456992e-01	1.365723814894127253e-01	6.570183952192190646e-02	2.668301083545394914e-02	6.599165734286378815e-02
9.385274214491247449e+02	2.906670999940369482e-01	1.878569274265539935e-01	2.255354606013275642e-01	1.369912596851507736e-01	6.587498202638103484e-02	2.676110520802244333e-02	6.631316505815096352e-02
9.433651916627801484e+02	2.897484238368718268e-01	1.872274806954864479e-01	2.260986804552725105e-01	1.374081074634957156e-01	6.604716677125484214e-02	2.683923753979626861e-02	6.663090323744609578e-02
9.482029618764355519e+02	2.888350747885906622e-01	1.866016641532425024e-01	2.266595829706530840e-01	1.378229172644312717e-01	6.621840041247002706e-02	2.691740240857106933e-02	6.694495800166516686e-02
9.530407320900908417e+02	2.879270231368801780e-01	1.859794573502868420e-01	2.272181405839971136e-01	1.382356822888966830e-01	6.638868950570164795e-02	2.699559441888906702e-02	6.725541271497227636e-02
9.578785023037459041e+02	2.870242392806116594e-01	1.853608399315543054e-01	2.277743275227946396e-01	1.386463964687707773e-01	6.655804050921264314e-02	2.707380820511415612e-02	6.756234808156560967e-02
9.627162725174014213e+02	2.861266937317659687e-01	1.847457916367832020e-01	2.283281197332224510e-01	1.390550544379453579e-01	6.672645978659841326e-02	2.715203843432256736e-02	6.786584223898585455e-02
9.675540427310568248e+02	2.852343571172477610e-01	1.841342923008150723e-01	2.288794948105831450e-01	1.394616515044478644e-01	6.689395360944011548e-02	2.723027980901704739e-02	6.816597084807285434e-02
9.723918129447120009e+02	2.843472001805931182e-01	1.835263218538623620e-01	2.294284319323586785e-01	1.398661836235761680e-01	6.706052815986961180e-02	2.730852706967215951e-02	6.846280717969170648e-02
9.772295831583674044e+02	2.834651937835750424e-01	1.829218603217454553e-01	2.299749117937817944e-01	1.402686473720089477e-01	6.722618953304923539e-02	2.738677499711800883e-02	6.875642219834537938e-02
9.820673533720223531e+02	2.825883089077099730e-01	1.823208878260997867e-01	2.305189165458329525e-01	1.406690399228563981e-01	6.739094373956927564e-02	2.746501841476944872e-02	6.904688464278606330e-02
9.869051235856777566e+02	2.817165166556706568e-01	1.817233845845549478e-01	2.310604297355730308e-01	1.410673590216175444e-01	6.755479670776599888e-02	2.754325219070753034e-02	6.933426110373418216e-02
9.917428937993331601e+02	2.808497882526082012e-01	1.811293309108861493e-01	2.315994362487260594e-01	1.414636029630113867e-01	6.771775428596306379e-02	2.762147123961965559e-02	6.961861609880939938e-02
9.965806640129884499e+02	2.799880950473866426e-01	1.805387072151397321e-01	2.321359222544288614e-01	1.418577705686506207e-01	6.787982224463878778e-02	2.769967052460469911e-02	6.990001214477459257e-02
1.001418434226643626e+03	2.791314085137348022e-01	1.799514940037335031e-01	2.326698751520673292e-01	1.422498611655274581e-01	6.804100627852206762e-02	2.777784505884911201e-02	7.017850982718974728e-02
1.006256204440298802e+03	2.782797002513170970e-01	1.793676718795329805e-01	2.332012835201230094e-01	1.426398745652825428e-01	6.820131200861906384e-02	2.785598990717972137e-02	7.045416786756955596e-02
1.011093974653954206e+03	2.774329419867286317e-01	1.787872215419043787e-01	2.337301370669553346e-01	1.430278110442283201e-01	6.836074498417347989e-02	2.793410018749879764e-02	7.072704318813503865e-02
1.015931744867609382e+03	2.765911055744150193e-01	1.782101237867456944e-01	2.342564265834481407e-01	1.434136713241005168e-01	6.851931068456226792e-02	2.801217107210667370e-02	7.099719097424574132e-02
1.020769515081264785e+03	2.757541629975226449e-01	1.776363595064962553e-01	2.347801438974514709e-01	1.437974565535105331e-01	6.867701452112934257e-02	2.809019778891704011e-02	7.126466473459679152e-02
1.025607285294920075e+03	2.749220863686802629e-01	1.770659096901260610e-01	2.353012818299528297e-01	1.441791682900745442e-01	6.883386183895920385e-02	2.816817562256981183e-02	7.152951635926133034e-02
1.030445055508575479e+03	2.740948479307158125e-01	1.764987554231055022e-01	2.358198341529133546e-01	1.445588084831943565e-01	6.898985791859263417e-02	2.824609991544625026e-02	7.179179617565613347e-02
1.035282825722230655e+03	2.732724200573106166e-01	1.759348778873562058e-01	2.363357955487077056e-01	1.449363794574665132e-01	6.914500797768642626e-02	2.832396606859091323e-02	7.205155300250561112e-02
1.040120595935886058e+03	2.724547752535936840e-01	1.753742583611843653e-01	2.368491615711083020e-01	1.453118838966976356e-01	6.929931717261904323e-02	2.840176954254471434e-02	7.230883420187629584e-02
1.044958366149541234e+03	2.716418861566783916e-01	1.748168782191962534e-01	2.373599286077566206e-01	1.456853248285036873e-01	6.945279060004413973e-02	2.847950585809327570e-02	7.256368572935162353e-02
1.049796136363196410e+03	2.708337255361445983e-01	1.742627189321979131e-01	2.378680938440667358e-01	1.460567056094723704e-01	6.960543329839356808e-02	2.855717059693460222e-02	7.281615218241418996e-02
1.054633906576851814e+03	2.700302662944676357e-01	1.737117620670785290e-01	2.383736552285078691e-01	1.464260299108682550e-01	6.975725024933182583e-02	2.863475940226986940e-02	7.306627684710001458e-02
1.059471676790506763e+03	2.692314814673967271e-01	1.731639892866790598e-01	2.388766114392149309e-01	1.467933017048615452e-01	6.990824637916333295e-02	2.871226797932103711e-02	7.331410174298740035e-02
1.064309447004162394e+03	2.684373442242848906e-01	1.726193823496462998e-01	2.393769618518779563e-01	1.471585252512611908e-01	7.005842656019445336e-02	2.878969209577881064e-02	7.355966766658038336e-02
1.069147217217817570e+03	2.676478278683729894e-01	1.720779231102732010e-01	2.398747065088627783e-01	1.475217050847344447e-01	7.020779561205142683e-02	2.886702758218435624e-02	7.380301423314478138e-02
1.073984987431472746e+03	2.668629058370286522e-01	1.715395935183258447e-01	2.403698460895173361e-01	1.478828460024953773e-01	7.035635830295616788e-02	2.894427033224800799e-02	7.404417991705260216e-02
1.078822757645127922e+03	2.660825517019431152e-01	1.710043756188577846e-01	2.408623818816199302e-01	1.482419530524454743e-01	7.050411935096090321e-02	2.902141630310809892e-02	7.428320209068862978e-02
1.083660527858783553e+03	2.653067391692872090e-01	1.704722515520126214e-01	2.413523157539264330e-01	1.485990315217502189e-01	7.065108342514342388e-02	2.909846151553290017e-02	7.452011706197117502e-02
1.088498298072438729e+03	2.645354420798282091e-01	1.699432035528145035e-01	2.418396501297763179e-01	1.489540869258355327e-01	7.079725514676400711e-02	2.917540205406856171e-02	7.475496011053685275e-02
1.093336068286093905e+03	2.637686344090097723e-01	1.694172139509481645e-01	2.423243879617174301e-01	1.493071249977896975e-01	7.094263909038556193e-02	2.925223406713579888e-02	7.498776552263751449e-02
1.098173838499749309e+03	2.630062902669957903e-01	1.688942651705280518e-01	2.428065327071124435e-01	1.496581516781557153e-01	7.108723978495798401e-02	2.932895376707793031e-02	7.521856662479604883e-02
1.103011608713404712e+03	2.622483838986802707e-01	1.683743397298576028e-01	2.432860883046897016e-01	1.500071731051000057e-01	7.123106171486819072e-02	2.940555743016286944e-02	7.544739581626536129e-02
1.107849378927059888e+03	2.614948896836648551e-01	1.678574202411788618e-01	2.437630591520036916e-01	1.503541956049443129e-01	7.137410932095672456e-02	2.948204139654145989e-02	7.567428460033412407e-02
1.112687149140715292e+03	2.607457821362048067e-01	1.673434894104129933e-01	2.442374500837713458e-01	1.506992256830476107e-01	7.151638700150238226e-02	2.955840207016444468e-02	7.589926361452042913e-02
1.117524919354370468e+03	2.600010359051253550e-01	1.668325300368921904e-01	2.447092663510514188e-01	1.510422700150252373e-01	7.165789911317561878e-02	2.963463591866037986e-02	7.612236265969384019e-02
1.122362689568025871e+03	2.592606257737094522e-01	1.663245250130830910e-01	2.451785136012353539e-01	1.513833354382934926e-01	7.179864997196200305e-02	2.971073947317656380e-02	7.634361072816409077e-02
1.127200459781681047e+03	2.585245266595588287e-01	1.658194573243024772e-01	2.456451978588196083e-01	1.517224289439277063e-01	7.193864385405662754e-02	2.978670932818505701e-02	7.656303603077373177e-02
1.132038229995336451e+03	2.577927136144284037e-01	1.653173100484253977e-01	2.461093255069303209e-01	1.520595576688228423e-01	7.207788499673052629e-02	2.986254214125575943e-02	7.678066602303082466e-02
1.136876000208991627e+03	2.570651618240363256e-01	1.648180663555862679e-01	2.465709032695718728e-01	1.523947288881453144e-01	7.221637759916994803e-02	2.993823463279841196e-02	7.699652743031594471e-02
1.141713770422646803e+03	2.563418466078505320e-01	1.643217095078728651e-01	2.470299381945726958e-01	1.527279500080661878e-01	7.235412582328951125e-02	3.001378358577529853e-02	7.721064627219696719e-02
1.146551540636302207e+03	2.556227434188524383e-01	1.638282228590143830e-01	2.474864376372020447e-01	1.530592285587651091e-01	7.249113379451997685e-02	3.008918584538643540e-02	7.742304788588368070e-02
1.151389310849957155e+03	2.549078278432793110e-01	1.633375898540628535e-01	2.479404092444325580e-01	1.533885721876954988e-01	7.262740560257169298e-02	3.016443831872884715e-02	7.763375694885327194e-02
1.156227081063612786e+03	2.541970756003464893e-01	1.628497940290691837e-01	2.483918609398247102e-01	1.537159886531015429e-01	7.276294530217425338e-02	3.023953797443148725e-02	7.784279750067642223e-02
1.161064851277267962e+03	2.534904625419492907e-01	1.623648190107533917e-01	2.488408009090095629e-01	1.540414858177782120e-01	7.289775691379342393e-02	3.031448184226739548e-02	7.805019296407279816e-02
1.165902621490923138e+03	2.527879646523473745e-01	1.618826485161699302e-01	2.492872375857476952e-01	1.543650716430650660e-01	7.303184442432596180e-02	3.038926701274444891e-02	7.825596616522362270e-02
1.170740391704578315e+03	2.520895580478307862e-01	1.614032663523678468e-01	2.497311796385423277e-01	1.546867541830659609e-01	7.316521178777309065e-02	3.046389063667614278e-02	7.846013935336799971e-02
1.175578161918233945e+03	2.513952189763694056e-01	1.609266564160464763e-01	2.501726359577860492e-01	1.550065415790863044e-01	7.329786292589331176e-02	3.053834992473370216e-02	7.866273421970897128e-02
1.180415932131889122e+03	2.507049238172465166e-01	1.604528026932065810e-01	2.506116156434212705e-01	1.553244420542800042e-01	7.342980172883534218e-02	3.061264214698081534e-02	7.886377191565369094e-02
1.185253702345544298e+03	2.500186490806771689e-01	1.599816892587975492e-01	2.510481279930947274e-01	1.556404639084988384e-01	7.356103205575176274e-02	3.068676463239214391e-02	7.906327307041201291e-02
1.190091472559199701e+03	2.493363714074120219e-01	1.595133002763606256e-01	2.514821824907877423e-01	1.559546155133366696e-01	7.369155773539393106e-02	3.076071476835680329e-02	7.926125780797634024e-02
1.194929242772855105e+03	2.486580675683279229e-01	1.590476199976684490e-01	2.519137887959040922e-01	1.562669053073617309e-01	7.382138256668903387e-02	3.083449000016794464e-02	7.945774576350501939e-02
1.199767012986510281e+03	2.479837144640049396e-01	1.585846327623611218e-01	2.523429567327984402e-01	1.565773417915299892e-01	7.395051031929959773e-02	3.090808783049941999e-02	7.965275609913065324e-02
1.204604783200165684e+03	2.473132891242917353e-01	1.581243229975792253e-01	2.527696962807287062e-01	1.568859335247736464e-01	7.407894473416619385e-02	3.098150581887059926e-02	7.984630751921401037e-02
1.209442553413820860e+03	2.466467687078590099e-01	1.576666752175935882e-01	2.531940175642162227e-01	1.571926891197577003e-01	7.420668952403393359e-02	3.105474158110025848e-02	8.003841828506334799e-02
1.214280323627476264e+03	2.459841305017419211e-01	1.572116740234326127e-01	2.536159308437984650e-01	1.574976172387990980e-01	7.433374837396303225e-02	3.112779278875051070e-02	8.022910622913848044e-02
1.219118093841131440e+03	2.453253519208724309e-01	1.567593041025064637e-01	2.540354465071590351e-01	1.578007265899423750e-01	7.446012494182441266e-02	3.120065716856157412e-02	8.041838876875782860e-02
1.223955864054786844e+03	2.446704105076014657e-01	1.563095502282292604e-01	2.544525750606217995e-01	1.581020259231865899e-01	7.458582285878032070e-02	3.127333250187830371e-02	8.060628291932642187e-02
1.228793634268442020e+03	2.440192839312122497e-01	1.558623972596389073e-01	2.548673271209935254e-01	1.584015240268573099e-01	7.471084572975086879e-02	3.134581662406921154e-02	8.079280530710214459e-02
1.233631404482097196e+03	2.433719499874243963e-01	1.554178301410147067e-01	2.552797134077438579e-01	1.586992297241192895e-01	7.483519713386679872e-02	3.141810742393876671e-02	8.097797218151638055e-02
1.238469174695752372e+03	2.427283865978904775e-01	1.549758339014931929e-01	2.556897447355082620e-01	1.589951518696242905e-01	7.495888062490882464e-02	3.149020284313369666e-02	8.116179942706541750e-02
1.243306944909407548e+03	2.420885718096843220e-01	1.545363936546819972e-01	2.560974320069024923e-01	1.592892993462893536e-01	7.508189973173423626e-02	3.156210087554399413e-02	8.134430257478776627e-02
1.248144715123063179e+03	2.414524837947823466e-01	1.540994945982724629e-01	2.565027862056361574e-01	1.595816810622008031e-01	7.520425795869091490e-02	3.163379956669922638e-02	8.152549681334224363e-02
1.252982485336718355e+03	2.408201008495380602e-01	1.536651220136503460e-01	2.569058183899148862e-01	1.598723059476394870e-01	7.532595878601938688e-02	3.170529701316086857e-02	8.170539699970112701e-02
1.257820255550373531e+03	2.401914013941501835e-01	1.532332612655055715e-01	2.573065396861191623e-01	1.601611829522226749e-01	7.544700567024324733e-02	3.177659136191114675e-02	8.188401766947213389e-02
1.262658025764028707e+03	2.395663639721250515e-01	1.528038978014405747e-01	2.577049612827496117e-01	1.604483210421591144e-01	7.556740204454821808e-02	3.184768080973906373e-02	8.206137304686249301e-02
1.267495795977684338e+03	2.389449672497331867e-01	1.523770171515775873e-01	2.581010944246289185e-01	1.607337291976120852e-01	7.568715131915029759e-02	3.191856360262403797e-02	8.223747705429798605e-02
1.272333566191339514e+03	2.383271900154609046e-01	1.519526049281651470e-01	2.584949504073500437e-01	1.610174164101676464e-01	7.580625688165354426e-02	3.198923803511777297e-02	8.241234332170901955e-02
1.277171336404994690e+03	2.377130111794571177e-01	1.515306468251834959e-01	2.588865405719616986e-01	1.612993916804036088e-01	7.592472209739740963e-02	3.205970244972475985e-02	8.258598519549602279e-02
1.282009106618650094e+03	2.371024097729758084e-01	1.511111286179496471e-01	2.592758762998814137e-01	1.615796640155557629e-01	7.604255030979434338e-02	3.212995523628190547e-02	8.275841574718525995e-02
1.286846876832305497e+03	2.364953649478142295e-01	1.506940361627214231e-01	2.596629690080285990e-01	1.618582424272781428e-01	7.615974484065780870e-02	3.219999483133775126e-02	8.292964778178629759e-02
1.291684647045960673e+03	2.358918559757475775e-01	1.502793553963014117e-01	2.600478301441674356e-01	1.621351359294934680e-01	7.627630899052108282e-02	3.226981971753160872e-02	8.309969384586167462e-02
1.296522417259616077e+03	2.352918622479599764e-01	1.498670723356402001e-01	2.604304711824536600e-01	1.624103535363310424e-01	7.639224603894703702e-02	3.233942842297314602e-02	8.326856623531915524e-02
1.301360187473271253e+03	2.346953632744725737e-01	1.494571730774396090e-01	2.608109036191753605e-01	1.626839042601483376e-01	7.650755924482936787e-02	3.240881952062263371e-02	8.343627700293632099e-02
1.306197957686926657e+03	2.341023386835686393e-01	1.490496437977553990e-01	2.611891389686814002e-01	1.629557971096340097e-01	7.662225184668540467e-02	3.247799162767235626e-02	8.360283796562704983e-02
1.311035727900581833e+03	2.335127682212160272e-01	1.486444707516001440e-01	2.615651887594901970e-01	1.632260410879885770e-01	7.673632706294074290e-02	3.254694340492936960e-02	8.376826071145922203e-02
1.315873498114237009e+03	2.329266317504875283e-01	1.482416402725459936e-01	2.619390645305715304e-01	1.634946451911807597e-01	7.684978809220616158e-02	3.261567355620009767e-02	8.393255660643229865e-02
1.320711268327892412e+03	2.323439092509788084e-01	1.478411387723273518e-01	2.623107778277947721e-01	1.637616184062761493e-01	7.696263811354686624e-02	3.268418082767687166e-02	8.409573680102354343e-02
1.325549038541547588e+03	2.317645808182248746e-01	1.474429527404438611e-01	2.626803402005375987e-01	1.640269697098359347e-01	7.707488028674443215e-02	3.275246400732684943e-02	8.425781223651081231e-02
1.330386808755202765e+03	2.311886266631148490e-01	1.470470687437636093e-01	2.630477631984478037e-01	1.642907080663829067e-01	7.718651775255160052e-02	3.282052192428350224e-02	8.441879365108019562e-02
1.335224578968857941e+03	2.306160271113051607e-01	1.466534734261264183e-01	2.634130583683532145e-01	1.645528424269326884e-01	7.729755363294017745e-02	3.288835344824090484e-02	8.457869158572589585e-02
1.340062349182513572e+03	2.300467626026317103e-01	1.462621535079477453e-01	2.637762372513141607e-01	1.648133817275874158e-01	7.740799103134235470e-02	3.295595748885114112e-02	8.473751638994984903e-02
1.344900119396168748e+03	2.294808136905212848e-01	1.458730957858228594e-01	2.641373113798117789e-01	1.650723348881898422e-01	7.751783303288550808e-02	3.302333299512492937e-02	8.489527822726818107e-02
1.349737889609823924e+03	2.289181610414016965e-01	1.454862871321314366e-01	2.644962922750677126e-01	1.653297108110357017e-01	7.762708270462075066e-02	3.309047895483583496e-02	8.505198708053121615e-02
1.354575659823479100e+03	2.283587854341119217e-01	1.451017144946427917e-01	2.648531914444900992e-01	1.655855183796420826e-01	7.773574309574547703e-02	3.315739439392804272e-02	8.520765275706397579e-02
1.359413430037134731e+03	2.278026677593113503e-01	1.447193648961217494e-01	2.652080203792402946e-01	1.658397664575698705e-01	7.784381723782005102e-02	3.322407837592811219e-02	8.536228489363305305e-02
1.364251200250789907e+03	2.272497890188890091e-01	1.443392254339350977e-01	2.655607905519161149e-01	1.660924638872982861e-01	7.795130814497880367e-02	3.329053000136069501e-02	8.551589296124648132e-02
1.369088970464445310e+03	2.267001303253727840e-01	1.439612832796587916e-01	2.659115134143468229e-01	1.663436194891498299e-01	7.805821881413559093e-02	3.335674840716847805e-02	8.566848626979223225e-02
1.373926740678100487e+03	2.261536729013385039e-01	1.435855256786858769e-01	2.662602003954954721e-01	1.665932420602632136e-01	7.816455222518398083e-02	3.342273276613644956e-02	8.582007397252107428e-02
1.378764510891755890e+03	2.256103980788193575e-01	1.432119399498352486e-01	2.666068628994641698e-01	1.668413403736133949e-01	7.827031134119234734e-02	3.348848228632065466e-02	8.597066507037937066e-02
1.383602281105411066e+03	2.250702872987157821e-01	1.428405134849613511e-01	2.669515123035987036e-01	1.670879231770761031e-01	7.837549910859395452e-02	3.355399621048155839e-02	8.612026841619713213e-02
1.388440051319066470e+03	2.245333221102055743e-01	1.424712337485645464e-01	2.672941599566877602e-01	1.673329991925361082e-01	7.848011845737222492e-02	3.361927381552210631e-02	8.626889271873625087e-02
1.393277821532721646e+03	2.239994841701548889e-01	1.421040882774027847e-01	2.676348171772539586e-01	1.675765771150367900e-01	7.858417230124134512e-02	3.368431441193064230e-02	8.641654654660417545e-02
1.398115591746377049e+03	2.234687552425298762e-01	1.417390646801038878e-01	2.679734952519320368e-01	1.678186656119703413e-01	7.868766353782233325e-02	3.374911734322873225e-02	8.656323833203741214e-02
1.402953361960032225e+03	2.229411171978091244e-01	1.413761506367791354e-01	2.683102054339314702e-01	1.680592733223063850e-01	7.879059504881473497e-02	3.381368198542404613e-02	8.670897637455970974e-02
1.407791132173687402e+03	2.224165520123972395e-01	1.410153338986377125e-01	2.686449589415799699e-01	1.682984088558580893e-01	7.889296970016410060e-02	3.387800774646828467e-02	8.685376884451918855e-02
1.412628902387342805e+03	2.218950417680391751e-01	1.406566022876025446e-01	2.689777669569441976e-01	1.685360807925842530e-01	7.899479034222529894e-02	3.394209406572036569e-02	8.699762378650875705e-02
1.417466672600997981e+03	2.213765686512362829e-01	1.402999436959267987e-01	2.693086406245251418e-01	1.687722976819259479e-01	7.909605980992183427e-02	3.400594041341477303e-02	8.714054912267386876e-02
1.422304442814653157e+03	2.208611149526630013e-01	1.399453460858120502e-01	2.696375910500246609e-01	1.690070680421766891e-01	7.919678092290138860e-02	3.406954629013529690e-02	8.728255265591162992e-02
1.427142213028308333e+03	2.203486630665854595e-01	1.395927974890273093e-01	2.699646292991806917e-01	1.692404003598846352e-01	7.929695648568758914e-02	3.413291122629408952e-02	8.742364207296492162e-02
1.431979983241963964e+03	2.198391954902811918e-01	1.392422860065293810e-01	2.702897663966683517e-01	1.694723030892858751e-01	7.939658928782815372e-02	3.419603478161614696e-02	8.756382494741551947e-02
1.436817753455619140e+03	2.193326948234604890e-01	1.388937998080845004e-01	2.706130133250639336e-01	1.697027846517675520e-01	7.949568210403946955e-02	3.425891654462929342e-02	8.770310874257943035e-02
1.441655523669274316e+03	2.188291437676894158e-01	1.385473271318912181e-01	2.709343810238689088e-01	1.699318534353595755e-01	7.959423769434785523e-02	3.432155613215961271e-02	8.784150081430806833e-02
1.446493293882929493e+03	2.183285251258144100e-01	1.382028562842045893e-01	2.712538803885929384e-01	1.701595177942543113e-01	7.969225880422747821e-02	3.438395318883243762e-02	8.797900841369848957e-02
1.451331064096585123e+03	2.178308218013887132e-01	1.378603756389616131e-01	2.715715222698916742e-01	1.703857860483527220e-01	7.978974816473513587e-02	3.444610738657889054e-02	8.811563868971589164e-02
1.456168834310240300e+03	2.173360167981005786e-01	1.375198736374081687e-01	2.718873174727582942e-01	1.706106664828362929e-01	7.988670849264188634e-02	3.450801842414802367e-02	8.825139869173138918e-02
1.461006604523895703e+03	2.168440932192034487e-01	1.371813387877272861e-01	2.722012767557658863e-01	1.708341673477636047e-01	7.998314249056168168e-02	3.456968602662454509e-02	8.838629537197817410e-02
1.465844374737550879e+03	2.163550342669479654e-01	1.368447596646686637e-01	2.725134108303592373e-01	1.710562968576908038e-01	8.007905284707714233e-02	3.463110994495212369e-02	8.852033558792871126e-02
1.470682144951206283e+03	2.158688232420160058e-01	1.365101249091797975e-01	2.728237303601930286e-01	1.712770631913151098e-01	8.017444223686244487e-02	3.469228995546243255e-02	8.865352610459580063e-02
1.475519915164861459e+03	2.153854435429569114e-01	1.361774232280383301e-01	2.731322459605157738e-01	1.714964744911401107e-01	8.026931332080361470e-02	3.475322585940967407e-02	8.878587359676026747e-02
1.480357685378516862e+03	2.149048786656255483e-01	1.358466433934860662e-01	2.734389681975959996e-01	1.717145388631625968e-01	8.036366874611595990e-02	3.481391748251085050e-02	8.891738465112765388e-02
1.485195455592172038e+03	2.144271122026228105e-01	1.355177742428642640e-01	2.737439075881906159e-01	1.719312643765797677e-01	8.045751114645915969e-02	3.487436467449162025e-02	8.904806576841640953e-02
1.490033225805827215e+03	2.139521278427380935e-01	1.351908046782504813e-01	2.740470745990522539e-01	1.721466590635161720e-01	8.055084314204971618e-02	3.493456730863776782e-02	8.917792336538016285e-02
1.494870996019482618e+03	2.134799093703943218e-01	1.348657236660969483e-01	2.743484796464745190e-01	1.723607309187694114e-01	8.064366733977106072e-02	3.499452528135232887e-02	8.930696377676602959e-02
1.499708766233137567e+03	2.130104406650946691e-01	1.345425202368703554e-01	2.746481330958740474e-01	1.725734878995745791e-01	8.073598633328127328e-02	3.505423851171828031e-02	8.943519325721149826e-02
1.504546536446793198e+03	2.125437057008723041e-01	1.342211834846931684e-01	2.749460452614063133e-01	1.727849379253856843e-01	8.082780270311865078e-02	3.511370694106686480e-02	8.956261798308171040e-02
1.509384306660448374e+03	2.120796885457419678e-01	1.339017025669865246e-01	2.752422264056158530e-01	1.729950888776743967e-01	8.091911901680495789e-02	3.517293053255145935e-02	8.968924405424950896e-02
1.514222076874103550e+03	2.116183733611541606e-01	1.335840667041146845e-01	2.755366867391173535e-01	1.732039485997449169e-01	8.100993782894655437e-02	3.523190927072702289e-02	8.981507749581997546e-02
1.519059847087758726e+03	2.111597444014517155e-01	1.332682651790309813e-01	2.758294364203074389e-01	1.734115248965645006e-01	8.110026168133349644e-02	3.529064316113505323e-02	8.994012425980148218e-02
1.523897617301414357e+03	2.107037860133287865e-01	1.329542873369252420e-01	2.761204855551057658e-01	1.736178255346090271e-01	8.119009310303670901e-02	3.534913222989408133e-02	9.006439022672509120e-02
1.528735387515069533e+03	2.102504826352922518e-01	1.326421225848729846e-01	2.764098441967236530e-01	1.738228582417230828e-01	8.127943461050303464e-02	3.540737652329565416e-02	9.018788120721409063e-02
1.533573157728724709e+03	2.097998187971256978e-01	1.323317603914859475e-01	2.766975223454595234e-01	1.740266307069939233e-01	8.136828870764853394e-02	3.546537610740573693e-02	9.031060294350537476e-02
1.538410927942380113e+03	2.093517791193559574e-01	1.320231902865644513e-01	2.769835299485194913e-01	1.742291505806390639e-01	8.145665788594991241e-02	3.552313106767159001e-02	9.043256111092426441e-02
1.543248698156035516e+03	2.089063483127220899e-01	1.317164018607511200e-01	2.772678768998625976e-01	1.744304254739063031e-01	8.154454462453419872e-02	3.558064150853402358e-02	9.055376131931443251e-02
1.548086468369690692e+03	2.084635111776468042e-01	1.314113847651863509e-01	2.775505730400689153e-01	1.746304629589865154e-01	8.163195139026666047e-02	3.563790755304501595e-02	9.067420911442446163e-02
1.552924238583346096e+03	2.080232526037107676e-01	1.311081287111653393e-01	2.778316281562300816e-01	1.748292705689383497e-01	8.171888063783708245e-02	3.569492934249065413e-02	9.079390997925250451e-02
1.557762008797001272e+03	2.075855575691292754e-01	1.308066234697966290e-01	2.781110519818606464e-01	1.750268557976240313e-01	8.180533480984440720e-02	3.575170703601935479e-02	9.091286933535044912e-02
1.562599779010656675e+03	2.071504111402315274e-01	1.305068588716623845e-01	2.783888541968300157e-01	1.752232260996565705e-01	8.189131633687980749e-02	3.580824081027541433e-02	9.103109254408903173e-02
1.567437549224311852e+03	2.067177984709426541e-01	1.302088248064802167e-01	2.786650444273134353e-01	1.754183888903573796e-01	8.197682763760828772e-02	3.586453085903767990e-02	9.114858490788513290e-02
1.572275319437967255e+03	2.062877048022682402e-01	1.299125112227666745e-01	2.789396322457613486e-01	1.756123515457238271e-01	8.206187111884870322e-02	3.592057739286343143e-02	9.126535167139264437e-02
1.577113089651622431e+03	2.058601154617815121e-01	1.296179081275022904e-01	2.792126271708861851e-01	1.758051214024069775e-01	8.214644917565239179e-02	3.597638063873742631e-02	9.138139802265815570e-02
1.581950859865277607e+03	2.054350158631132184e-01	1.293250055857983472e-01	2.794840386676660238e-01	1.759967057576984073e-01	8.223056419138048689e-02	3.603194083972603712e-02	9.149672909424245992e-02
1.586788630078933011e+03	2.050123915054441470e-01	1.290337937205650043e-01	2.797538761473644109e-01	1.761871118695260141e-01	8.231421853777973197e-02	3.608725825463636461e-02	9.161134996430927990e-02
1.591626400292587959e+03	2.045922279730003901e-01	1.287442627121815619e-01	2.800221489675644992e-01	1.763763469564587349e-01	8.239741457505711519e-02	3.614233315768047849e-02	9.172526565768220064e-02
1.596464170506243590e+03	2.041745109345510789e-01	1.284564027981677514e-01	2.802888664322185086e-01	1.765644181977191196e-01	8.248015465195315810e-02	3.619716583814452243e-02	9.183848114687082065e-02
1.601301940719898766e+03	2.037592261429089502e-01	1.281702042728571078e-01	2.805540377917103978e-01	1.767513327332043693e-01	8.256244110581396900e-02	3.625175660006277334e-02	9.195100135306734368e-02
1.606139710933553943e+03	2.033463594344334935e-01	1.278856574870718410e-01	2.808176722429319705e-01	1.769370976635145642e-01	8.264427626266210303e-02	3.630610576189656491e-02	9.206283114711442950e-02
1.610977481147209119e+03	2.029358967285370408e-01	1.276027528477990669e-01	2.810797789293706384e-01	1.771217200499885513e-01	8.272566243726629798e-02	3.636021365621806833e-02	9.217397535044528911e-02
1.615815251360864750e+03	2.025278240271930763e-01	1.273214808178691482e-01	2.813403669412101182e-01	1.773052069147466880e-01	8.280660193321001672e-02	3.641408062939881229e-02	9.228443873599710690e-02
1.620653021574519926e+03	2.021221274144476554e-01	1.270418319156353670e-01	2.815994453154413435e-01	1.774875652407402749e-01	8.288709704295894876e-02	3.646770704130293528e-02	9.239422602909846960e-02
1.625490791788175102e+03	2.017187930559333486e-01	1.267637967146552080e-01	2.818570230359844775e-01	1.776688019718076494e-01	8.296715004792735992e-02	3.652109326498514247e-02	9.250334190833182924e-02
1.630328562001830505e+03	2.013178071983858508e-01	1.264873658433733616e-01	2.821131090338209746e-01	1.778489240127362758e-01	8.304676321854348453e-02	3.657423968639329781e-02	9.261179100637177697e-02
1.635166332215485909e+03	2.009191561691631989e-01	1.262125299848063931e-01	2.823677121871350226e-01	1.780279382293309398e-01	8.312593881431391829e-02	3.662714670407556800e-02	9.271957791079984967e-02
1.640004102429141085e+03	2.005228263757679597e-01	1.259392798762289933e-01	2.826208413214644222e-01	1.782058514484874956e-01	8.320467908388695655e-02	3.667981472889216693e-02	9.282670716489689611e-02
1.644841872642796488e+03	2.001288043053718047e-01	1.256676063088617012e-01	2.828725052098594595e-01	1.783826704582720246e-01	8.328298626511501657e-02	3.673224418373149253e-02	9.293318326841336352e-02
1.649679642856451665e+03	1.997370765243428881e-01	1.253975001275604573e-01	2.831227125730505501e-01	1.785584020080053236e-01	8.336086258511619940e-02	3.678443550323082234e-02	9.303901067831861493e-02
1.654517413070107068e+03	1.993476296777758616e-01	1.251289522305077673e-01	2.833714720796230990e-01	1.787330528083523051e-01	8.343831026033485254e-02	3.683638913350130439e-02	9.314419380952972116e-02
1.659355183283762244e+03	1.989604504890245817e-01	1.248619535689053234e-01	2.836187923461996330e-01	1.789066295314162280e-01	8.351533149660131383e-02	3.688810553185732644e-02	9.324873703562053251e-02
1.664192953497417420e+03	1.985755257592375089e-01	1.245964951466683734e-01	2.838646819376290376e-01	1.790791388108374516e-01	8.359192848919082264e-02	3.693958516655016650e-02	9.335264468951159911e-02
1.669030723711072824e+03	1.981928423668957995e-01	1.243325680201216588e-01	2.841091493671820123e-01	1.792505872418963808e-01	8.366810342288161229e-02	3.699082851650590392e-02	9.345592106414157829e-02
1.673868493924728000e+03	1.978123872673538397e-01	1.240701632976969476e-01	2.843522030967528536e-01	1.794209813816209087e-01	8.374385847201211430e-02	3.704183607106749376e-02	9.355857041312083677e-02
1.678706264138383403e+03	1.974341474923826945e-01	1.238092721396321927e-01	2.845938515370664001e-01	1.795903277488975214e-01	8.381919580053753815e-02	3.709260832974101141e-02	9.366059695136762231e-02
1.683544034352038352e+03	1.970581101497161647e-01	1.235498857576722564e-01	2.848341030478910851e-01	1.797586328245863729e-01	8.389411756208554893e-02	3.714314580194597037e-02	9.376200485572760979e-02
1.688381804565693983e+03	1.966842624225992042e-01	1.232919954147713021e-01	2.850729659382563730e-01	1.799259030516399405e-01	8.396862590001130666e-02	3.719344900676967852e-02	9.386279826557723804e-02
1.693219574779349159e+03	1.963125915693392509e-01	1.230355924247966970e-01	2.853104484666754148e-01	1.800921448352251208e-01	8.404272294745172844e-02	3.724351847272562577e-02	9.396298128341121214e-02
1.698057344993004335e+03	1.959430849228601668e-01	1.227806681522345261e-01	2.855465588413717559e-01	1.802573645428486304e-01	8.411641082737912611e-02	3.729335473751577146e-02	9.406255797541512864e-02
1.702895115206659511e+03	1.955757298902585650e-01	1.225272140118967706e-01	2.857813052205103732e-01	1.804215685044854578e-01	8.418969165265409449e-02	3.734295834779673834e-02	9.416153237202311288e-02
1.707732885420315142e+03	1.952105139523630517e-01	1.222752214686299577e-01	2.860146957124324874e-01	1.805847630127104253e-01	8.426256752607781675e-02	3.739232985894987149e-02	9.425990846846150906e-02
1.712570655633970318e+03	1.948474246632957430e-01	1.220246820370254337e-01	2.862467383758940387e-01	1.807469543228325259e-01	8.433504054044364817e-02	3.744146983485509284e-02	9.435769022527863703e-02
1.717408425847625494e+03	1.944864496500366136e-01	1.217755872811311368e-01	2.864774412203073828e-01	1.809081486530319527e-01	8.440711277858818640e-02	3.749037884766850265e-02	9.445488156886133746e-02
1.722246196061280898e+03	1.941275766119902602e-01	1.215279288141651731e-01	2.867068122059861501e-01	1.810683521844996535e-01	8.447878631344160616e-02	3.753905747760364481e-02	9.455148639193859672e-02
1.727083966274936301e+03	1.937707933205554123e-01	1.212816982982305863e-01	2.869348592443928814e-01	1.812275710615794400e-01	8.455006320807754994e-02	3.758750631271648435e-02	9.464750855407269570e-02
1.731921736488591478e+03	1.934160876186967470e-01	1.210368874440320430e-01	2.871615901983893826e-01	1.813858113919122883e-01	8.462094551576232471e-02	3.763572594869397242e-02	9.474295188213827101e-02
1.736759506702246881e+03	1.930634474205194240e-01	1.207934880105937803e-01	2.873870128824895231e-01	1.815430792465828891e-01	8.469143528000358523e-02	3.768371698864612235e-02	9.483782017078967730e-02
1.741597276915902057e+03	1.927128607108461733e-01	1.205514918049793299e-01	2.876111350631140318e-01	1.816993806602681671e-01	8.476153453459855935e-02	3.773148004290169388e-02	9.493211718291709456e-02
1.746435047129557461e+03	1.923643155447967712e-01	1.203108906820126028e-01	2.878339644588475132e-01	1.818547216313878834e-01	8.483124530368160721e-02	3.777901572880722203e-02	9.502584665009149167e-02
1.751272817343212637e+03	1.920178000473701796e-01	1.200716765440006523e-01	2.880555087406972969e-01	1.820091081222569573e-01	8.490056960177133627e-02	3.782632467052958469e-02	9.511901227299911221e-02
1.756110587556867813e+03	1.916733024130291008e-01	1.198338413404578251e-01	2.882757755323538396e-01	1.821625460592397328e-01	8.496950943381724464e-02	3.787340749886182467e-02	9.521161772186560734e-02
1.760948357770523216e+03	1.913308109052868633e-01	1.195973770678316062e-01	2.884947724104526268e-01	1.823150413329056307e-01	8.503806679524583689e-02	3.792026485103238559e-02	9.530366663687019069e-02
1.765786127984178393e+03	1.909903138562972780e-01	1.193622757692298086e-01	2.887125069048375181e-01	1.824665997981865795e-01	8.510624367200624041e-02	3.796689737051760216e-02	9.539516262855013418e-02
1.770623898197833569e+03	1.906517996664463810e-01	1.191285295341494022e-01	2.889289864988250356e-01	1.826172272745356651e-01	8.517404204061548856e-02	3.801330570685742399e-02	9.548610927819581318e-02
1.775461668411488745e+03	1.903152568039470083e-01	1.188961304982067979e-01	2.891442186294697625e-01	1.827669295460873644e-01	8.524146386820317944e-02	3.805949051547428963e-02	9.557651013823686981e-02
1.780299438625144376e+03	1.899806738044356735e-01	1.186650708428695911e-01	2.893582106878307414e-01	1.829157123618189162e-01	8.530851111255581543e-02	3.810545245749522025e-02	9.566636873261932794e-02
1.785137208838799552e+03	1.896480392705718609e-01	1.184353427951899268e-01	2.895709700192385938e-01	1.830635814357129132e-01	8.537518572216072632e-02	3.815119219957695262e-02	9.575568855717436767e-02
1.789974979052454728e+03	1.893173418716399270e-01	1.182069386275392125e-01	2.897825039235629174e-01	1.832105424469210320e-01	8.544148963624947912e-02	3.819671041373417369e-02	9.584447307997866206e-02
1.794812749266109904e+03	1.889885703431530006e-01	1.179798506573444261e-01	2.899928196554805715e-01	1.833566010399287627e-01	8.550742478484096853e-02	3.824200777717072508e-02	9.593272574170690070e-02
1.799650519479765535e+03	1.886617134864598255e-01	1.177540712468258116e-01	2.902019244247442953e-01	1.835017628247211374e-01	8.557299308878411892e-02	3.828708497211381900e-02	9.602044995597633359e-02
1.804488289693420711e+03	1.883367601683534898e-01	1.175295928027361020e-01	2.904098253964513821e-01	1.836460333769492359e-01	8.563819645980010054e-02	3.833194268565118246e-02	9.610764910968390418e-02
1.809326059907075887e+03	1.880136993206829032e-01	1.173064077761012264e-01	2.906165296913123530e-01	1.837894182380976627e-01	8.570303680052432371e-02	3.837658160957105324e-02	9.619432656333593012e-02
1.814163830120731291e+03	1.876925199399662458e-01	1.170845086619623499e-01	2.908220443859203530e-01	1.839319229156526070e-01	8.576751600454794733e-02	3.842100244020504179e-02	9.628048565137087289e-02
1.819001600334386467e+03	1.873732110870072187e-01	1.168638879991195645e-01	2.910263765130199354e-01	1.840735528832707635e-01	8.583163595645906807e-02	3.846520587827381710e-02	9.636612968247507127e-02
1.823839370548041643e+03	1.870557618865132388e-01	1.166445383698768157e-01	2.912295330617757361e-01	1.842143135809487520e-01	8.589539853188359053e-02	3.850919262873551269e-02	9.645126193989182750e-02
1.828677140761696819e+03	1.867401615267161308e-01	1.164264523997884798e-01	2.914315209780411475e-01	1.843542104151930650e-01	8.595880559752573646e-02	3.855296340063690125e-02	9.653588568172401241e-02
1.833514910975352450e+03	1.864263992589951513e-01	1.162096227574071494e-01	2.916323471646266041e-01	1.844932487591907089e-01	8.602185901120817935e-02	3.859651890696722681e-02	9.662000414123042558e-02
1.838352681189008081e+03	1.861144643975021773e-01	1.159940421540330557e-01	2.918320184815674789e-01	1.846314339529800952e-01	8.608456062191198466e-02	3.863985986451468763e-02	9.670362052711596601e-02
1.843190451402663257e+03	1.858043463187892819e-01	1.157797033434647682e-01	2.920305417463915365e-01	1.847687713036223478e-01	8.614691226981609218e-02	3.868298699372550720e-02	9.678673802381593250e-02
1.848028221616318433e+03	1.854960344614385304e-01	1.155665991217513233e-01	2.922279237343857750e-01	1.849052660853731378e-01	8.620891578633654850e-02	3.872590101856559358e-02	9.686935979177452305e-02
1.852865991829973609e+03	1.851895183256940802e-01	1.153547223269458938e-01	2.924241711788628795e-01	1.850409235398545738e-01	8.627057299416550362e-02	3.876860266638473135e-02	9.695148896771781100e-02
