8.949874895262273640e+02	2.987652898480070429e-01	1.940402808347106434e-01	2.205185431132918039e-01	1.332038750811480321e-01	6.390468782452089769e-02	2.650952680442198242e-02	6.305779649352594163e-02
8.998252597398827675e+02	2.978016654717422496e-01	1.933721796927340975e-01	2.211081882769979634e-01	1.336002716539405888e-01	6.411425606607985828e-02	2.656075484700574224e-02	6.344268399112579226e-02
9.046630299535379436e+02	2.968436501254648197e-01	1.927078978199281145e-01	2.216952279143176718e-01	1.339979756503023589e-01	6.432203608520295490e-02	2.661314421785897916e-02	6.382006818655137914e-02
9.095008001671932334e+02	2.958912110733790124e-01	1.920474187976974612e-01	2.222796419355471953e-01	1.343967667732177684e-01	6.452803724989421286e-02	2.666664856170294223e-02	6.419027560818775513e-02
9.143385703808486369e+02	2.949443157254857950e-01	1.913907259454645793e-01	2.228614120080506800e-01	1.347964376999986336e-01	6.473227016514247756e-02	2.672122308675200716e-02	6.455361536873226169e-02
9.191763405945038130e+02	2.940029316414534688e-01	1.907378023422357793e-01	2.234405214655293404e-01	1.351967933678308031e-01	6.493474655318708100e-02	2.677682450639119055e-02	6.491038012299879534e-02
9.240141108081592165e+02	2.930670265341275282e-01	1.900886308469378894e-01	2.240169552219470894e-01	1.355976502985325460e-01	6.513547914201289757e-02	2.683341098330537661e-02	6.526084697276308966e-02
9.288518810218145063e+02	2.921365682727022350e-01	1.894431941175932499e-01	2.245906996898673347e-01	1.359988359603663821e-01	6.533448156156909659e-02	2.689094207594672908e-02	6.560527832158133399e-02
9.336896512354697961e+02	2.912115248855763339e-01	1.888014746293975032e-01	2.251617427029682927e-01	1.364001881648639058e-01	6.553176824723577765e-02	2.694937868723240246e-02	6.594392268235219068e-02
9.385274214491247449e+02	2.902918645629132821e-01	1.881634546917606288e-01	2.257300734425173872e-01	1.368015544967364772e-01	6.572735435009011140e-02	2.700868301536995392e-02	6.627701544023861802e-02
9.433651916627801484e+02	2.893775556589259779e-01	1.875291164643684561e-01	2.262956823675966456e-01	1.372027917750509585e-01	6.592125565355037853e-02	2.706881850671298897e-02	6.660477957342107735e-02
9.482029618764355519e+02	2.884685666939034721e-01	1.868984419723191681e-01	2.268585611488820875e-01	1.376037655439500962e-01	6.611348849600051647e-02	2.712974981055433360e-02	6.692742633401677077e-02
9.530407320900908417e+02	2.875648663559974838e-01	1.862714131203854206e-01	2.274187026057910566e-01	1.380043495912920970e-01	6.630406969902165326e-02	2.719144273576857423e-02	6.724515589137013138e-02
9.578785023037459041e+02	2.866664235027840402e-01	1.856480117064508439e-01	2.279761006468211948e-01	1.384044254936735441e-01	6.649301650087886817e-02	2.725386420922018549e-02	6.755815793979770556e-02
9.627162725174014213e+02	2.857732071626163384e-01	1.850282194341665576e-01	2.285307502129140522e-01	1.388038821863848415e-01	6.668034649493204125e-02	2.731698223585746904e-02	6.786661227275513075e-02
9.675540427310568248e+02	2.848851865357821533e-01	1.844120179248703584e-01	2.290826472236856814e-01	1.392026155569271451e-01	6.686607757265958241e-02	2.738076586041648941e-02	6.817068932528498604e-02
9.723918129447120009e+02	2.840023309954800568e-01	1.837993887288101313e-01	2.296317885263745306e-01	1.396005280607956200e-01	6.705022787100194115e-02	2.744518513066285942e-02	6.847055068650119425e-02
9.772295831583674044e+02	2.831246100886261052e-01	1.831903133357094260e-01	2.301781718473654426e-01	1.399975283583047569e-01	6.723281572374950610e-02	2.751021106210271502e-02	6.876634958376841300e-02
9.820673533720223531e+02	2.822519935365030985e-01	1.825847731847115574e-01	2.307217957461555891e-01	1.403935309712999180e-01	6.741385961671543525e-02	2.757581560409751859e-02	6.905823134014320297e-02
9.869051235856777566e+02	2.813844512352642324e-01	1.819827496737372874e-01	2.312626595716356093e-01	1.407884559586621009e-01	6.759337814644994502e-02	2.764197160732053543e-02	6.934633380655663704e-02
9.917428937993331601e+02	2.805219532563000273e-01	1.813842241682876721e-01	2.318007634205659917e-01	1.411822286095738566e-01	6.777138998226672761e-02	2.770865279249579843e-02	6.963078777013635701e-02
9.965806640129884499e+02	2.796644698464795242e-01	1.807891780097234391e-01	2.323361080981352911e-01	1.415747791535705014e-01	6.794791383136608576e-02	2.777583372036312309e-02	6.991171733998850779e-02
1.001418434226643626e+03	2.788119714282744632e-01	1.801975925230497877e-01	2.328686950804920441e-01	1.419660424864555848e-01	6.812296840685223842e-02	2.784348976281561527e-02	7.018924031168670419e-02
1.006256204440298802e+03	2.779644285997749931e-01	1.796094490242336750e-01	2.333985264791491321e-01	1.423559579112092244e-01	6.829657239845444983e-02	2.791159707515844524e-02	7.046346851164653202e-02
1.011093974653954206e+03	2.771218121346049057e-01	1.790247288270798431e-01	2.339256050071636395e-01	1.427444688930664396e-01	6.846874444577311092e-02	2.798013256944031912e-02	7.073450812249827691e-02
1.015931744867609382e+03	2.762840929817438340e-01	1.784434132496901526e-01	2.344499339470011157e-01	1.431315228279882168e-01	6.863950311388261616e-02	2.804907388881117125e-02	7.100245999050942836e-02
1.020769515081264785e+03	2.754512422652641845e-01	1.778654836205288414e-01	2.349715171199977526e-01	1.435170708237905046e-01	6.880886687113334232e-02	2.811839938286194232e-02	7.126741991604995663e-02
1.025607285294920075e+03	2.746232312839881895e-01	1.772909212841160542e-01	2.354903588573384887e-01	1.439010674932368616e-01	6.897685406900413985e-02	2.818808808390432102e-02	7.152947892803840357e-02
1.030445055508575479e+03	2.738000315110727390e-01	1.767197076063700967e-01	2.360064639724733238e-01	1.442834707584385034e-01	6.914348292386640615e-02	2.825811968415030059e-02	7.178872354325514793e-02
1.035282825722230655e+03	2.729816145935261562e-01	1.761518239796178720e-01	2.365198377348984859e-01	1.446642416659423280e-01	6.930877150052876245e-02	2.832847451375332393e-02	7.204523601135963407e-02
1.040120595935886058e+03	2.721679523516639665e-01	1.755872518272919847e-01	2.370304858452328411e-01	1.450433442119209715e-01	6.947273769743962657e-02	2.839913351967447708e-02	7.229909454640266742e-02
1.044958366149541234e+03	2.713590167785076002e-01	1.750259726083321921e-01	2.375384144115234575e-01	1.454207451769111703e-01	6.963539923343270432e-02	2.847007824533904011e-02	7.255037354558026286e-02
1.049796136363196410e+03	2.705547800391316371e-01	1.744679678213069685e-01	2.380436299267180422e-01	1.457964139695776817e-01	6.979677363590690298e-02	2.854129081105012330e-02	7.279914379593507845e-02
1.054633906576851814e+03	2.697552144699628673e-01	1.739132190082716689e-01	2.385461392472445763e-01	1.461703224790082412e-01	6.995687823033974739e-02	2.861275389512781681e-02	7.304547266967154062e-02
1.059471676790506763e+03	2.689602925780366638e-01	1.733617077583770594e-01	2.390459495726428296e-01	1.465424449350728742e-01	7.011573013103880592e-02	2.868445071574361738e-02	7.328942430871462910e-02
1.064309447004162394e+03	2.681699870402139418e-01	1.728134157112428959e-01	2.395430684261938004e-01	1.469127577764055836e-01	7.027334623304215544e-02	2.875636501342137066e-02	7.353105979910679046e-02
1.069147217217817570e+03	2.673842707023620924e-01	1.722683245601092095e-01	2.400375036364971459e-01	1.472812395255917173e-01	7.042974320508432751e-02	2.882848103417720229e-02	7.377043733580483653e-02
1.073984987431472746e+03	2.666031165785036627e-01	1.717264160547778140e-01	2.405292633199488661e-01	1.476478706711670807e-01	7.058493748354920105e-02	2.890078351327219491e-02	7.400761237840777773e-02
1.078822757645127922e+03	2.658264978499357833e-01	1.711876720043556677e-01	2.410183558640737189e-01	1.480126335560554285e-01	7.073894526733660870e-02	2.897325765955277577e-02	7.424263779831664911e-02
1.083660527858783553e+03	2.650543878643235596e-01	1.706520742798114110e-01	2.415047899116697094e-01	1.483755122720932240e-01	7.089178251357386440e-02	2.904588914035489619e-02	7.447556401779996393e-02
1.088498298072438729e+03	2.642867601347697604e-01	1.701196048163554353e-01	2.419885743457239335e-01	1.487364925603084920e-01	7.104346493410770846e-02	2.911866406694911882e-02	7.470643914141225639e-02
1.093336068286093905e+03	2.635235883388634681e-01	1.695902456156530291e-01	2.424697182750611968e-01	1.490955617166393188e-01	7.119400799271653757e-02	2.919156898050485893e-02	7.493530908018830594e-02
1.098173838499749309e+03	2.627648463177105764e-01	1.690639787478806222e-01	2.429482310206888540e-01	1.494527085027952118e-01	7.134342690298656198e-02	2.926459083855284526e-02	7.516221766901204360e-02
1.103011608713404712e+03	2.620105080749475790e-01	1.685407863536333151e-01	2.434241221028033142e-01	1.498079230619801805e-01	7.149173662679883523e-02	2.933771700192594478e-02	7.538720677753751875e-02
1.107849378927059888e+03	2.612605477757414807e-01	1.680206506456924653e-01	2.438974012284251536e-01	1.501611968392121133e-01	7.163895187337812609e-02	2.941093522215929706e-02	7.561031641501805844e-02
1.112687149140715292e+03	2.605149397457769411e-01	1.675035539106609350e-01	2.443680782796319451e-01	1.505125225059879002e-01	7.178508709885737804e-02	2.948423362933154032e-02	7.583158482938001654e-02
1.117524919354370468e+03	2.597736584702333706e-01	1.669894785104736878e-01	2.448361633023590223e-01	1.508618938890570194e-01	7.193015650631455482e-02	2.955760072032975402e-02	7.605104860085920571e-02
1.122362689568025871e+03	2.590366785927528670e-01	1.664784068837905917e-01	2.453016664957402837e-01	1.512093059030794606e-01	7.207417404624179291e-02	2.963102534752146827e-02	7.626874273050018860e-02
1.127200459781681047e+03	2.583039749144007136e-01	1.659703215472781435e-01	2.457645982019622810e-01	1.515547544869564889e-01	7.221715341740903016e-02	2.970449670781782903e-02	7.648470072380217366e-02
1.132038229995336451e+03	2.575755223926205484e-01	1.654652050967864996e-01	2.462249688966065275e-01	1.518982365436336301e-01	7.235910806808723561e-02	2.977800433211269873e-02	7.669895466977945386e-02
1.136876000208991627e+03	2.568512961401842598e-01	1.649630402084276415e-01	2.466827891794562133e-01	1.522397498831873919e-01	7.250005119759836414e-02	2.985153807508316229e-02	7.691153531568957480e-02
1.141713770422646803e+03	2.561312714241388844e-01	1.644638096395602544e-01	2.471380697657441783e-01	1.525792931690159449e-01	7.263999575816156018e-02	2.992508810533743221e-02	7.712247213766838805e-02
1.146551540636302207e+03	2.554154236647513398e-01	1.639674962296867877e-01	2.475908214778209659e-01	1.529168658669657344e-01	7.277895445700710564e-02	2.999864489589689279e-02	7.733179340749786468e-02
1.151389310849957155e+03	2.547037284344515484e-01	1.634740829012675811e-01	2.480410552372225019e-01	1.532524681972335656e-01	7.291693975873182743e-02	3.007219921499948781e-02	7.753952625572022028e-02
1.156227081063612786e+03	2.539961614567761150e-01	1.629835526604568041e-01	2.484887820571177186e-01	1.535861010888933398e-01	7.305396388787084583e-02	3.014574211721220490e-02	7.774569673129971825e-02
1.161064851277267962e+03	2.532926986053118390e-01	1.624958885977647871e-01	2.489340130351180291e-01	1.539177661369049155e-01	7.319003883166330660e-02	3.021926493484099197e-02	7.795032985802290149e-02
1.165902621490923138e+03	2.525933159026412800e-01	1.620110738886509361e-01	2.493767593464308319e-01	1.542474655614697043e-01	7.332517634299019760e-02	3.029275926962687188e-02	7.815344968781695600e-02
1.170740391704578315e+03	2.518979895192902108e-01	1.615290917940510329e-01	2.498170322373408636e-01	1.545752021696059908e-01	7.345938794346487666e-02	3.036621698471753464e-02	7.835507935115629263e-02
1.175578161918233945e+03	2.512066957726782346e-01	1.610499256608430296e-01	2.502548430190029705e-01	1.549009793188229345e-01	7.359268492665765882e-02	3.043963019690407862e-02	7.855524110471789889e-02
1.180415932131889122e+03	2.505194111260728440e-01	1.605735589222547499e-01	2.506902030615322241e-01	1.552248008827795955e-01	7.372507836143732396e-02	3.051299126911309265e-02	7.875395637643707591e-02
1.185253702345544298e+03	2.498361121875473378e-01	1.600999750982167180e-01	2.511231237883762568e-01	1.555466712188208755e-01	7.385657909541400168e-02	3.058629280314459700e-02	7.895124580810709836e-02
1.190091472559199701e+03	2.491567757089440671e-01	1.596291577956637509e-01	2.515536166709570476e-01	1.558665951372890379e-01	7.398719775846848701e-02	3.065952763264678110e-02	7.914712929565781430e-02
1.194929242772855105e+03	2.484813785848419831e-01	1.591610907087877003e-01	2.519816932235685036e-01	1.561845778725139411e-01	7.411694476635462270e-02	3.073268881631885385e-02	7.934162602724138813e-02
1.199767012986510281e+03	2.478098978515304029e-01	1.586957576192447317e-01	2.524073649985189016e-01	1.565006250553913070e-01	7.424583032436203600e-02	3.080576963133369733e-02	7.953475451924595097e-02
1.204604783200165684e+03	2.471423106859881313e-01	1.582331423963195816e-01	2.528306435815053099e-01	1.568147426874628991e-01	7.437386443102779465e-02	3.087876356697228861e-02	7.972653265035106740e-02
1.209442553413820860e+03	2.464785944048693278e-01	1.577732289970494584e-01	2.532515405872095560e-01	1.571269371164169537e-01	7.450105688188628228e-02	3.095166431846226029e-02	7.991697769373325155e-02
1.214280323627476264e+03	2.458187264634958680e-01	1.573160014663097794e-01	2.536700676551054690e-01	1.574372150129324799e-01	7.462741727324723184e-02	3.102446578101324126e-02	8.010610634752303449e-02
1.219118093841131440e+03	2.451626844548562834e-01	1.568614439368643254e-01	2.540862364454671285e-01	1.577455833487941272e-01	7.475295500599331289e-02	3.109716204404188236e-02	8.029393476361010307e-02
1.223955864054786844e+03	2.445104461086123615e-01	1.564095406293815049e-01	2.545000586355687378e-01	1.580520493762090639e-01	7.487767928938843243e-02	3.116974738557982613e-02	8.048047857488718759e-02
1.228793634268442020e+03	2.438619892901127406e-01	1.559602758524193389e-01	2.549115459160674613e-01	1.583566206082610839e-01	7.500159914488951918e-02	3.124221626685810133e-02	8.066575292101885175e-02
1.233631404482097196e+03	2.432172919994140814e-01	1.555136340023806907e-01	2.553207099875601238e-01	1.586593048004398543e-01	7.512472340995456077e-02	3.131456332706169382e-02	8.084977247281611989e-02
1.238469174695752372e+03	2.425763323703100938e-01	1.550695995634405189e-01	2.557275625573058875e-01	1.589601099331879042e-01	7.524706074184070448e-02	3.138678337824828829e-02	8.103255145529376924e-02
1.243306944909407548e+03	2.419390886693683906e-01	1.546281571074471228e-01	2.561321153361075242e-01	1.592590441954097324e-01	7.536861962138635684e-02	3.145887140042543523e-02	8.121410366948257631e-02
1.248144715123063179e+03	2.413055392949752520e-01	1.541892912937987414e-01	2.565343800353436232e-01	1.595561159688915209e-01	7.548940835677221683e-02	3.153082253678058527e-02	8.139444251306511557e-02
1.252982485336718355e+03	2.406756627763887713e-01	1.537529868692974200e-01	2.569343683641444054e-01	1.598513338135819084e-01	7.560943508725621875e-02	3.160263208905867566e-02	8.157358099989964195e-02
1.257820255550373531e+03	2.400494377727997730e-01	1.533192286679807559e-01	2.573320920267054279e-01	1.601447064536876408e-01	7.572870778687813831e-02	3.167429551308214436e-02	8.175153177849316111e-02
1.262658025764028707e+03	2.394268430724013075e-01	1.528880016109342432e-01	2.577275627197316288e-01	1.604362427645399658e-01	7.584723426812997604e-02	3.174580841440850093e-02	8.192830714948140525e-02
1.267495795977684338e+03	2.388078575914664992e-01	1.524592907060838276e-01	2.581207921300069930e-01	1.607259517601903887e-01	7.596502218558837116e-02	3.181716654412067302e-02	8.210391908217026802e-02
1.272333566191339514e+03	2.381924603734345003e-01	1.520330810479715578e-01	2.585117919320830127e-01	1.610138425816960983e-01	7.608207903950607587e-02	3.188836579474559063e-02	8.227837923019021282e-02
1.277171336404994690e+03	2.375806305880049929e-01	1.516093578175141676e-01	2.589005737860811118e-01	1.612999244860583159e-01	7.619841217935952038e-02	3.195940219629667817e-02	8.245169894631225460e-02
1.282009106618650094e+03	2.369723475302411841e-01	1.511881062817465038e-01	2.592871493356038171e-01	1.615842068357780381e-01	7.631402880735002614e-02	3.203027191243600774e-02	8.262388929647151992e-02
1.286846876832305497e+03	2.363675906196809617e-01	1.507693117935502425e-01	2.596715302057492347e-01	1.618666990889962576e-01	7.642893598185643289e-02	3.210097123675208913e-02	8.279496107304186447e-02
1.291684647045960673e+03	2.357663393994566814e-01	1.503529597913693672e-01	2.600537280012248376e-01	1.621474107901869632e-01	7.654314062083714121e-02	3.217149658914937593e-02	8.296492480740266795e-02
1.296522417259616077e+03	2.351685735354232809e-01	1.499390357989130729e-01	2.604337543045555092e-01	1.624263515613730835e-01	7.665664950517989129e-02	3.224184451234581722e-02	8.313379078183642801e-02
1.301360187473271253e+03	2.345742728152945544e-01	1.495275254248468744e-01	2.608116206743817944e-01	1.627035310938374224e-01	7.676946928199786246e-02	3.231201166847474243e-02	8.330156904079381863e-02
1.306197957686926657e+03	2.339834171477881419e-01	1.491184143624728897e-01	2.611873386438444133e-01	1.629789591403021098e-01	7.688160646787083052e-02	3.238199483578765858e-02	8.346826940156105989e-02
1.311035727900581833e+03	2.333959865617784846e-01	1.487116883894001318e-01	2.615609197190507107e-01	1.632526455075508920e-01	7.699306745203024493e-02	3.245179090545466383e-02	8.363390146436194827e-02
1.315873498114237009e+03	2.328119612054581344e-01	1.483073333672051963e-01	2.619323753776203190e-01	1.635246000494708640e-01	7.710385849948761527e-02	3.252139687845918836e-02	8.379847462192580032e-02
1.320711268327892412e+03	2.322313213455072245e-01	1.479053352410844846e-01	2.623017170673048737e-01	1.637948326604909965e-01	7.721398575410523546e-02	3.259080986258396789e-02	8.396199806855031422e-02
1.325549038541547588e+03	2.316540473662710986e-01	1.475056800394983492e-01	2.626689562046804483e-01	1.640633532693960006e-01	7.732345524160885719e-02	3.266002706948530759e-02	8.412448080868700773e-02
1.330386808755202765e+03	2.310801197689460185e-01	1.471083538738076624e-01	2.630341041739078789e-01	1.643301718334956307e-01	7.743227287254202118e-02	3.272904581185271528e-02	8.428593166507521162e-02
1.335224578968857941e+03	2.305095191707729196e-01	1.467133429379036680e-01	2.633971723255582043e-01	1.645952983331300523e-01	7.754044444516164369e-02	3.279786350065116984e-02	8.444635928644951550e-02
1.340062349182513572e+03	2.299422263042388836e-01	1.463206335078315878e-01	2.637581719755015541e-01	1.648587427664933713e-01	7.764797564827484455e-02	3.286647764244328418e-02	8.460577215484363367e-02
1.344900119396168748e+03	2.293782220162866869e-01	1.459302119414083165e-01	2.641171144038551577e-01	1.651205151447583119e-01	7.775487206401690554e-02	3.293488583678889914e-02	8.476417859251286768e-02
1.349737889609823924e+03	2.288174872675321214e-01	1.455420646778348426e-01	2.644740108539884171e-01	1.653806254874857773e-01	7.786113917057059519e-02	3.300308577371947882e-02	8.492158676849596854e-02
1.354575659823479100e+03	2.282600031314888089e-01	1.451561782373038678e-01	2.648288725315828263e-01	1.656390838183038339e-01	7.796678234482692926e-02	3.307107523128501730e-02	8.507800470483586897e-02
1.359413430037134731e+03	2.277057507938008429e-01	1.447725392206029582e-01	2.651817106037441807e-01	1.658959001608421857e-01	7.807180686498781108e-02	3.313885207317116000e-02	8.523344028247807624e-02
1.364251200250789907e+03	2.271547115514829240e-01	1.443911343087138366e-01	2.655325361981639154e-01	1.661510845349076781e-01	7.817621791311053780e-02	3.320641424638419437e-02	8.538790124686407301e-02
1.369088970464445310e+03	2.266068668121678509e-01	1.440119502624078174e-01	2.658813604023291255e-01	1.664046469528887850e-01	7.828002057759517185e-02	3.327375977900189075e-02	8.554139521323647632e-02
1.373926740678100487e+03	2.260621980933614217e-01	1.436349739218382993e-01	2.662281942627774400e-01	1.666565974163758124e-01	7.838321985561470806e-02	3.334088677798801442e-02	8.569392967167141495e-02
1.378764510891755890e+03	2.255206870217045523e-01	1.432601922061300104e-01	2.665730487843958052e-01	1.669069459129861044e-01	7.848582065548891096e-02	3.340779342706860777e-02	8.584551199185309900e-02
1.383602281105411066e+03	2.249823153322426383e-01	1.428875921129658944e-01	2.669159349297609563e-01	1.671557024133827341e-01	7.858782779900240489e-02	3.347447798466802321e-02	8.599614942760445968e-02
1.388440051319066470e+03	2.244470648677021341e-01	1.425171607181716371e-01	2.672568636185193580e-01	1.674028768684764357e-01	7.868924602366748899e-02	3.354093878190288203e-02	8.614584912118718185e-02
1.393277821532721646e+03	2.239149175777737921e-01	1.421488851752982507e-01	2.675958457268058921e-01	1.676484792068010377e-01	7.879007998493256504e-02	3.360717422063216192e-02	8.629461810738346672e-02
1.398115591746377049e+03	2.233858555184029815e-01	1.417827527152028533e-01	2.679328920866985153e-01	1.678925193320528475e-01	7.889033425833680280e-02	3.367318277156167161e-02	8.644246331737152900e-02
1.402953361960032225e+03	2.228598608510869994e-01	1.414187506456280052e-01	2.682680134857078347e-01	1.681350071207855235e-01	7.899001334161177834e-02	3.373896297240120551e-02	8.658939158240583356e-02
1.407791132173687402e+03	2.223369158421787950e-01	1.410568663507799358e-01	2.686012206663003776e-01	1.683759524202517177e-01	7.908912165673100125e-02	3.380451342607282417e-02	8.673540963731260489e-02
1.412628902387342805e+03	2.218170028621974654e-01	1.406970872909054093e-01	2.689325243254532261e-01	1.686153650463838860e-01	7.918766355190802464e-02	3.386983279896861598e-02	8.688052412381069844e-02
1.417466672600997981e+03	2.213001043851453575e-01	1.403394010018682581e-01	2.692619351142395701e-01	1.688532547819065199e-01	7.928564330354395673e-02	3.393491981925648993e-02	8.702474159366721529e-02
1.422304442814653157e+03	2.207862029878314702e-01	1.399837950947250553e-01	2.695894636374432385e-01	1.690896313745730295e-01	7.938306511812537325e-02	3.399977327523252130e-02	8.716806851169668635e-02
1.427142213028308333e+03	2.202752813492012962e-01	1.396302572553003996e-01	2.699151204532012627e-01	1.693245045355204481e-01	7.947993313407332450e-02	3.406439201371837255e-02	8.731051125861222229e-02
1.431979983241963964e+03	2.197673222496729917e-01	1.392787752437620596e-01	2.702389160726731965e-01	1.695578839377352987e-01	7.957625142354446401e-02	3.412877493850256100e-02	8.745207613373680300e-02
1.436817753455619140e+03	2.192623085704795138e-01	1.389293368941958984e-01	2.705608609597355829e-01	1.697897792146252638e-01	7.967202399418504832e-02	3.419292100882415086e-02	8.759276935758195104e-02
1.441655523669274316e+03	2.187602232930170865e-01	1.385819301141811566e-01	2.708809655307013453e-01	1.700201999586904156e-01	7.976725479083884851e-02	3.425682923789757917e-02	8.773259707430100529e-02
1.446493293882929493e+03	2.182610494981994942e-01	1.382365428843656818e-01	2.711992401540623820e-01	1.702491557202888417e-01	7.986194769720979247e-02	3.432049869147749815e-02	8.787156535402375346e-02
1.451331064096585123e+03	2.177647703658183720e-01	1.378931632580418232e-01	2.715156951502544769e-01	1.704766560064915615e-01	7.995610653748015662e-02	3.438392848646228822e-02	8.800968019507876550e-02
1.456168834310240300e+03	2.172713691739093511e-01	1.375517793607225481e-01	2.718303407914436365e-01	1.707027102800219298e-01	8.004973507788545883e-02	3.444711778953525594e-02	8.814694752610933992e-02
1.461006604523895703e+03	2.167808292981237561e-01	1.372123793897185029e-01	2.721431873013326896e-01	1.709273279582748661e-01	8.014283702824670508e-02	3.451006581584224048e-02	8.828337320808879451e-02
1.465844374737550879e+03	2.162931342111062416e-01	1.368749516137154898e-01	2.724542448549880369e-01	1.711505184124116064e-01	8.023541604346104417e-02	3.457277182770467777e-02	8.841896303624045828e-02
1.470682144951206283e+03	2.158082674818777857e-01	1.365394843723531648e-01	2.727635235786844969e-01	1.713722909665259531e-01	8.032747572495167743e-02	3.463523513336700527e-02	8.855372274186752712e-02
1.475519915164861459e+03	2.153262127752242350e-01	1.362059660758043189e-01	2.730710335497683605e-01	1.715926548968781107e-01	8.041901962207789745e-02	3.469745508577744275e-02	8.868765799409723816e-02
1.480357685378516862e+03	2.148469538510903443e-01	1.358743852043555467e-01	2.733767847965374864e-01	1.718116194311923584e-01	8.051005123350624126e-02	3.475943108140110843e-02	8.882077440154453885e-02
1.485195455592172038e+03	2.143704745639789522e-01	1.355447303079887755e-01	2.736807872981381062e-01	1.720291937480150357e-01	8.060057400854347964e-02	3.482116255906463065e-02	8.895307751389872064e-02
1.490033225805827215e+03	2.138967588623556237e-01	1.352169900059641272e-01	2.739830509844765616e-01	1.722453869761298717e-01	8.069059134843252490e-02	3.488264899883122133e-02	8.908457282343774930e-02
1.494870996019482618e+03	2.134257907880583727e-01	1.348911529864043057e-01	2.742835857361469176e-01	1.724602081940270759e-01	8.078010660761192341e-02	3.494388992090543405e-02	8.921526576647374751e-02
1.499708766233137567e+03	2.129575544757124073e-01	1.345672080058799014e-01	2.745824013843721212e-01	1.726736664294234447e-01	8.086912309493990425e-02	3.500488488456666991e-02	8.934516172473337681e-02
1.504546536446793198e+03	2.124920341521500111e-01	1.342451438889963877e-01	2.748795077109595919e-01	1.728857706588308729e-01	8.095764407488381664e-02	3.506563348713064715e-02	8.947426602667649109e-02
1.509384306660448374e+03	2.120292141358353644e-01	1.339249495279827284e-01	2.751749144482692477e-01	1.730965298071701630e-01	8.104567276867583048e-02	3.512613536293799493e-02	8.960258394875642018e-02
1.514222076874103550e+03	2.115690788362942498e-01	1.336066138822813165e-01	2.754686312791945757e-01	1.733059527474280770e-01	8.113321235543552445e-02	3.518639018236925653e-02	8.973012071662475608e-02
1.519059847087758726e+03	2.111116127535484499e-01	1.332901259781396064e-01	2.757606678371551934e-01	1.735140483003549394e-01	8.122026597326047204e-02	3.524639765088548315e-02	8.985688150628361182e-02
1.523897617301414357e+03	2.106568004775549452e-01	1.329754749082035226e-01	2.760510337061012343e-01	1.737208252342006543e-01	8.130683672028547748e-02	3.530615750809371067e-02	8.998287144518822556e-02
1.528735387515069533e+03	2.102046266876498593e-01	1.326626498311123392e-01	2.763397384205285578e-01	1.739262922644869425e-01	8.139292765571111421e-02	3.536566952683663917e-02	9.010809561330228312e-02
1.533573157728724709e+03	2.097550761519968998e-01	1.323516399710955860e-01	2.766267914655042848e-01	1.741304580538138858e-01	8.147854180080270348e-02	3.542493351230577986e-02	9.023255904410859563e-02
1.538410927942380113e+03	2.093081337270404352e-01	1.320424346175714525e-01	2.769122022767025459e-01	1.743333312116986389e-01	8.156368213985999704e-02	3.548394930117745871e-02	9.035626672557718619e-02
1.543248698156035516e+03	2.088637843569629005e-01	1.317350231247473302e-01	2.771959802404495021e-01	1.745349202944447564e-01	8.164835162115886835e-02	3.554271676077101760e-02	9.047922360109340867e-02
1.548086468369690692e+03	2.084220130731466725e-01	1.314293949112219917e-01	2.774781346937774673e-01	1.747352338050401632e-01	8.173255315786527586e-02	3.560123578822856072e-02	9.060143457034765258e-02
1.552924238583346096e+03	2.079828049936403300e-01	1.311255394595897961e-01	2.777586749244880804e-01	1.749342801930824087e-01	8.181628962892249779e-02	3.565950630971567031e-02	9.072290449018902136e-02
1.557762008797001272e+03	2.075461453226291608e-01	1.308234463160466710e-01	2.780376101712233594e-01	1.751320678547292342e-01	8.189956387991220721e-02	3.571752827964253668e-02	9.084363817544456599e-02
1.562599779010656675e+03	2.071120193499098594e-01	1.305231050899981482e-01	2.783149496235450826e-01	1.753286051326735095e-01	8.198237872389024794e-02	3.577530167990485704e-02	9.096364039970604443e-02
1.567437549224311852e+03	2.066804124503694440e-01	1.302245054536694535e-01	2.785907024220209971e-01	1.755239003161407352e-01	8.206473694219751369e-02	3.583282651914403844e-02	9.108291589608555339e-02
1.572275319437967255e+03	2.062513100834682256e-01	1.299276371417174558e-01	2.788648776583190769e-01	1.757179616409078327e-01	8.214664128524699904e-02	3.589010283202610785e-02	9.120146935794203047e-02
1.577113089651622431e+03	2.058246977927267463e-01	1.296324899508446149e-01	2.791374843753082757e-01	1.759107972893424188e-01	8.222809447328711940e-02	3.594713067853884392e-02	9.131930543957968160e-02
1.581950859865277607e+03	2.054005612052169916e-01	1.293390537394151218e-01	2.794085315671656633e-01	1.761024153904606759e-01	8.230909919714257672e-02	3.600391014330664441e-02	9.143642875692002681e-02
1.586788630078933011e+03	2.049788860310571836e-01	1.290473184270729268e-01	2.796780281794899459e-01	1.762928240200032082e-01	8.238965811893295133e-02	3.606044133492260217e-02	9.155284388814885488e-02
1.591626400292587959e+03	2.045596580629106265e-01	1.287572739943619315e-01	2.799459831094212037e-01	1.764820312005278002e-01	8.246977387276967220e-02	3.611672438529733159e-02	9.166855537433911405e-02
1.596464170506243590e+03	2.041428631754884371e-01	1.284689104823481254e-01	2.802124052057657910e-01	1.766700449015176644e-01	8.254944906543221217e-02	3.617275944902414997e-02	9.178356772005133446e-02
1.601301940719898766e+03	2.037284873250559403e-01	1.281822179922440796e-01	2.804773032691268986e-01	1.768568730395046196e-01	8.262868627702381341e-02	3.622854670276006578e-02	9.189788539391224864e-02
1.606139710933553943e+03	2.033165165489428383e-01	1.278971866850352745e-01	2.807406860520403891e-01	1.770425234782063428e-01	8.270748806160752031e-02	3.628408634462220589e-02	9.201151282917315044e-02
1.610977481147209119e+03	2.029069369650569887e-01	1.276138067811085908e-01	2.810025622591150740e-01	1.772270040286763604e-01	8.278585694782293614e-02	3.633937859359928635e-02	9.212445442424849196e-02
1.615815251360864750e+03	2.024997347714020124e-01	1.273320685598830215e-01	2.812629405471779864e-01	1.774103224494664732e-01	8.286379543948434179e-02	3.639442368897766178e-02	9.223671454323617569e-02
1.620653021574519926e+03	2.020948962455982323e-01	1.270519623594424108e-01	2.815218295254240943e-01	1.775924864468006736e-01	8.294130601616060694e-02	3.644922188978159949e-02	9.234829751642012474e-02
1.625490791788175102e+03	2.016924077444072760e-01	1.267734785761702732e-01	2.817792377555697891e-01	1.777735036747595254e-01	8.301839113373754575e-02	3.650377347422740365e-02	9.245920764075600540e-02
1.630328562001830505e+03	2.012922557032601478e-01	1.264966076643869175e-01	2.820351737520106483e-01	1.779533817354748693e-01	8.309505322496313351e-02	3.655807873919098699e-02	9.256944918034111514e-02
1.635166332215485909e+03	2.008944266357887976e-01	1.262213401359885412e-01	2.822896459819831394e-01	1.781321281793337707e-01	8.317129469997608382e-02	3.661213799968855015e-02	9.267902636686897733e-02
1.640004102429141085e+03	2.004989071333609374e-01	1.259476665600884615e-01	2.825426628657293215e-01	1.783097505051912945e-01	8.324711794681831367e-02	3.666595158837005625e-02	9.278794340006944752e-02
1.644841872642796488e+03	2.001056838646184666e-01	1.256755775626606231e-01	2.827942327766655439e-01	1.784862561605913001e-01	8.332252533193172661e-02	3.671951985502504984e-02	9.289620444813515010e-02
1.649679642856451665e+03	1.997147435750188382e-01	1.254050638261850481e-01	2.830443640415539197e-01	1.786616525419950086e-01	8.339751920063970259e-02	3.677284316610066051e-02	9.300381364813470331e-02
1.654517413070107068e+03	1.993260730863801733e-01	1.251361160892955071e-01	2.832930649406768531e-01	1.788359469950166203e-01	8.347210187761400224e-02	3.682592190423131934e-02	9.311077510641338484e-02
1.659355183283762244e+03	1.989396592964291777e-01	1.248687251464293962e-01	2.835403437080147859e-01	1.790091468146653986e-01	8.354627566732712729e-02	3.687875646777994537e-02	9.321709289898198747e-02
1.664192953497417420e+03	1.985554891783526121e-01	1.246028818474796407e-01	2.837862085314261096e-01	1.791812592455939435e-01	8.362004285449096963e-02	3.693134727039032450e-02	9.332277107189419774e-02
1.669030723711072824e+03	1.981735497803514823e-01	1.243385770974487214e-01	2.840306675528300184e-01	1.793522914823521552e-01	8.369340570448181860e-02	3.698369474055034772e-02	9.342781364161321933e-02
1.673868493924728000e+03	1.977938282251988644e-01	1.240758018561048948e-01	2.842737288683915842e-01	1.795222506696463327e-01	8.376636646375229533e-02	3.703579932116583817e-02	9.353222459536790490e-02
1.678706264138383403e+03	1.974163117098004516e-01	1.238145471376404377e-01	2.845154005287091059e-01	1.796911439026031565e-01	8.383892736023070003e-02	3.708766146914466849e-02	9.363600789149915948e-02
1.683544034352038352e+03	1.970409875047582915e-01	1.235548040103321282e-01	2.847556905390035142e-01	1.798589782270380300e-01	8.391109060370791073e-02	3.713928165499096046e-02	9.373916745979685161e-02
1.688381804565693983e+03	1.966678429539374384e-01	1.232965635962036816e-01	2.849946068593099957e-01	1.800257606397275834e-01	8.398285838621233346e-02	3.719066036240908230e-02	9.384170720182766212e-02
1.693219574779349159e+03	1.962968654740356589e-01	1.230398170706904215e-01	2.852321574046708386e-01	1.801914980886858697e-01	8.405423288237340307e-02	3.724179808791710372e-02	9.394363099125445371e-02
1.698057344993004335e+03	1.959280425541561343e-01	1.227845556623059914e-01	2.854683500453311096e-01	1.803561974734439743e-01	8.412521624977366275e-02	3.729269534046963930e-02	9.404494267414725828e-02
1.702895115206659511e+03	1.955613617553828565e-01	1.225307706523111884e-01	2.857031926069347749e-01	1.805198656453327333e-01	8.419581062929007431e-02	3.734335264108968461e-02	9.414564606928652046e-02
1.707732885420315142e+03	1.951968107103591865e-01	1.222784533743847268e-01	2.859366928707230415e-01	1.806825094077681437e-01	8.426601814542472590e-02	3.739377052250927175e-02	9.424574496845880556e-02
1.712570655633970318e+03	1.948343771228690513e-01	1.220275952142963333e-01	2.861688585737338086e-01	1.808441355165395503e-01	8.433584090662527011e-02	3.744394952881876376e-02	9.434524313674517992e-02
1.717408425847625494e+03	1.944740487674209706e-01	1.217781876095817284e-01	2.863996974090026737e-01	1.810047506800998296e-01	8.440528100559545333e-02	3.749389021512446185e-02	9.444414431280293010e-02
1.722246196061280898e+03	1.941158134888349707e-01	1.215302220492196772e-01	2.866292170257647154e-01	1.811643615598577117e-01	8.447434051959605561e-02	3.754359314721443519e-02	9.454245220914046788e-02
1.727083966274936301e+03	1.937596592018321073e-01	1.212836900733111622e-01	2.868574250296579975e-01	1.813229747704719341e-01	8.454302151073647686e-02	3.759305890123227495e-02	9.464017051238607370e-02
1.731921736488591478e+03	1.934055738906269861e-01	1.210385832727605415e-01	2.870843289829272948e-01	1.814805968801469216e-01	8.461132602625726085e-02	3.764228806335860600e-02	9.473730288355047824e-02
1.736759506702246881e+03	1.930535456085224200e-01	1.207948932889588156e-01	2.873099364046293180e-01	1.816372344109297154e-01	8.467925609880393167e-02	3.769128122950018284e-02	9.483385295828371253e-02
1.741597276915902057e+03	1.927035624775074729e-01	1.205526118134687963e-01	2.875342547708387153e-01	1.817928938390082350e-01	8.474681374669222611e-02	3.774003900498634073e-02	9.492982434712630979e-02
1.746435047129557461e+03	1.923556126878575856e-01	1.203117305877123983e-01	2.877572915148546295e-01	1.819475815950103714e-01	8.481400097416524897e-02	3.778856200427262169e-02	9.502522063575526146e-02
1.751272817343212637e+03	1.920096844977375317e-01	1.200722414026598600e-01	2.879790540274079214e-01	1.821013040643039704e-01	8.488081977164257941e-02	3.783685085065144338e-02	9.512004538522478292e-02
1.756110587556867813e+03	1.916657662328069278e-01	1.198341360985210324e-01	2.881995496568693915e-01	1.822540675872973137e-01	8.494727211596173055e-02	3.788490617596956128e-02	9.521430213220211103e-02
1.760948357770523216e+03	1.913238462858283528e-01	1.195974065644385964e-01	2.884187857094578922e-01	1.824058784597402394e-01	8.501335997061200411e-02	3.793272862035224069e-02	9.530799438919870803e-02
1.765786127984178393e+03	1.909839131162778258e-01	1.193620447381832927e-01	2.886367694494497149e-01	1.825567429330252900e-01	8.507908528596125342e-02	3.798031883193386804e-02	9.540112564479676094e-02
1.770623898197833569e+03	1.906459552499580878e-01	1.191280426058510672e-01	2.888535080993874238e-01	1.827066672144894433e-01	8.514444999947561044e-02	3.802767746659496684e-02	9.549369936387142044e-02
1.775461668411488745e+03	1.903099612786139649e-01	1.188953922015622555e-01	2.890690088402897984e-01	1.828556574677154545e-01	8.520945603593238493e-02	3.807480518770534755e-02	9.558571898780879317e-02
1.780299438625144376e+03	1.899759198595505627e-01	1.186640856071626421e-01	2.892832788118618326e-01	1.830037198128334486e-01	8.527410530762641327e-02	3.812170266587330825e-02	9.567718793471979843e-02
1.785137208838799552e+03	1.896438197152537086e-01	1.184341149519264474e-01	2.894963251127047887e-01	1.831508603268220958e-01	8.533839971457005125e-02	3.816837057870070549e-02	9.576810959965031955e-02
1.789974979052454728e+03	1.893136496330127816e-01	1.182054724122613004e-01	2.897081548005264184e-01	1.832970850438095378e-01	8.540234114468697735e-02	3.821480961054377762e-02	9.585848735478735838e-02
1.794812749266109904e+03	1.889853984645460394e-01	1.179781502114150421e-01	2.899187748923516272e-01	1.834423999553739526e-01	8.546593147400019519e-02	3.826102045227957466e-02	9.594832454966174817e-02
1.799650519479765535e+03	1.886590551256282500e-01	1.177521406191845560e-01	2.901281923647328065e-01	1.835868110108434537e-01	8.552917256681401292e-02	3.830700380107780745e-02	9.603762451134731370e-02
1.804488289693420711e+03	1.883346085957205429e-01	1.175274359516263467e-01	2.903364141539603316e-01	1.837303241175955726e-01	8.559206627589062422e-02	3.835276036017808837e-02	9.612639054465660360e-02
1.809326059907075887e+03	1.880120479176029258e-01	1.173040285707690755e-01	2.905434471562732268e-01	1.838729451413557425e-01	8.565461444262130464e-02	3.839829083867234150e-02	9.621462593233347238e-02
1.814163830120731291e+03	1.876913621970086876e-01	1.170819108843279693e-01	2.907492982280692750e-01	1.840146799064952821e-01	8.571681889719218184e-02	3.844359595129225732e-02	9.630233393524244290e-02
1.819001600334386467e+03	1.873725406022612727e-01	1.168610753454210477e-01	2.909539741861153495e-01	1.841555341963284353e-01	8.577868145874521788e-02	3.848867641820178515e-02	9.638951779255504337e-02
1.823839370548041643e+03	1.870555723639134582e-01	1.166415144522872371e-01	2.911574818077575233e-01	1.842955137534083299e-01	8.584020393553404293e-02	3.853353296479437168e-02	9.647618072193318850e-02
1.828677140761696819e+03	1.867404467743888630e-01	1.164232207480063036e-01	2.913598278311309575e-01	1.844346242798220736e-01	8.590138812507525090e-02	3.857816632149495967e-02	9.656232591970982659e-02
1.833514910975352450e+03	1.864271531876252330e-01	1.162061868202205889e-01	2.915610189553694553e-01	1.845728714374847146e-01	8.596223581429500438e-02	3.862257722356662870e-02	9.664795656106664468e-02
1.838352681189008081e+03	1.861156810187203914e-01	1.159904053008586206e-01	2.917610618408148504e-01	1.847102608484321173e-01	8.602274877967128197e-02	3.866676641092164912e-02	9.673307580020935881e-02
1.843190451402663257e+03	1.858060197435801864e-01	1.157758688658604568e-01	2.919599631092260617e-01	1.848467980951125911e-01	8.608292878737174025e-02	3.871073462793699071e-02	9.681768677054020111e-02
1.848028221616318433e+03	1.854981588985686325e-01	1.155625702349048489e-01	2.921577293439878154e-01	1.849824887206772683e-01	8.614277759338756502e-02	3.875448262327409882e-02	9.690179258482803371e-02
1.852865991829973609e+03	1.851920880801600777e-01	1.153505021711381945e-01	2.923543670903186453e-01	1.851173382292692626e-01	8.620229694366318696e-02	3.879801114970289622e-02	9.698539633537599236e-02
1.857703762043628785e+03	1.848877969445936464e-01	1.151396574809052248e-01	2.925498828554792818e-01	1.852513520863113827e-01	8.626148857422220873e-02	3.884132096392974715e-02	9.706850109418679873e-02
