8.998252597398827675e+02	2.974537629741806355e-01	1.936261428803521534e-01	2.212841458719756460e-01	1.336746734286055338e-01	6.377408716948775036e-02	2.692176168659379462e-02	6.326542598842652132e-02
9.046630299535379436e+02	2.964990077090149945e-01	1.929592199374331185e-01	2.218542619136032179e-01	1.340596059776487936e-01	6.400438560738244687e-02	2.696018227742631029e-02	6.366333657711316374e-02
9.095008001671932334e+02	2.955498217142559225e-01	1.922960949911806938e-01	2.224227404220182613e-01	1.344468152261028560e-01	6.423186770035915760e-02	2.700026506394017853e-02	6.405239488176502072e-02
9.143385703808486369e+02	2.946061718276496433e-01	1.916367536943223149e-01	2.229895174130145374e-01	1.348360017488672014e-01	6.445658241611955386e-02	2.704194068428936171e-02	6.443303221535955083e-02
9.191763405945038130e+02	2.936680250534661196e-01	1.909811812733687719e-01	2.235545324074588724e-01	1.352268849362732173e-01	6.467857890862105386e-02	2.708514251380211152e-02	6.480565490663196815e-02
9.240141108081592165e+02	2.927353485664260235e-01	1.903293625619581764e-01	2.241177282778056001e-01	1.356192018719199477e-01	6.489790639228354419e-02	2.712980654369988309e-02	6.517064578552882181e-02
9.288518810218145063e+02	2.918081097151823955e-01	1.896812820321630289e-01	2.246790511012953240e-01	1.360127062773078821e-01	6.511461402814266997e-02	2.717587126573958733e-02	6.552836557979102583e-02
9.336896512354697961e+02	2.908862760253901336e-01	1.890369238238826799e-01	2.252384500195363792e-01	1.364071675192817246e-01	6.532875082106366638e-02	2.722327756246975886e-02	6.587915422799758836e-02
9.385274214491247449e+02	2.899698152023937325e-01	1.883962717724356750e-01	2.257958771041817803e-01	1.368023696765312269e-01	6.554036552718989217e-02	2.727196860280813734e-02	6.622333211408150400e-02
9.433651916627801484e+02	2.890586951335622490e-01	1.877593094344594260e-01	2.263512872284279553e-01	1.371981106616245449e-01	6.574950657085576466e-02	2.732188974266413703e-02	6.656120122802784700e-02
9.482029618764355519e+02	2.881528838902974732e-01	1.871260201122190436e-01	2.269046379440743666e-01	1.375942013952593246e-01	6.595622197024580968e-02	2.737298843034479887e-02	6.689304625718112129e-02
9.530407320900908417e+02	2.872523497297409523e-01	1.864963868764198396e-01	2.274558893638952140e-01	1.379904650296149560e-01	6.616055927113083379e-02	2.742521411649698204e-02	6.721913561232312206e-02
9.578785023037459041e+02	2.863570610962020146e-01	1.858703925876138419e-01	2.280050040490869123e-01	1.383867362178768934e-01	6.636256548805759270e-02	2.747851816835197511e-02	6.753972239243261066e-02
9.627162725174014213e+02	2.854669866223296104e-01	1.852480199162836738e-01	2.285519469015649119e-01	1.387828604271781618e-01	6.656228705241126753e-02	2.753285378805148120e-02	6.785504529180272359e-02
9.675540427310568248e+02	2.845820951300468971e-01	1.846292513616836772e-01	2.290966850608947558e-01	1.391786932923688713e-01	6.675976976680993158e-02	2.758817593484571076e-02	6.816532945297200385e-02
9.723918129447120009e+02	2.837023556312681660e-01	1.840140692695119984e-01	2.296391878056523450e-01	1.395741000081792138e-01	6.695505876532759082e-02	2.764444125096576776e-02	6.847078726871667909e-02
9.772295831583674044e+02	2.828277373284154850e-01	1.834024558484843304e-01	2.301794264590173722e-01	1.399689547574871906e-01	6.714819847907729788e-02	2.770160799098309382e-02	6.877161913615700839e-02
9.820673533720223531e+02	2.819582096147504879e-01	1.827943931858743432e-01	2.307173742984131581e-01	1.403631401735387640e-01	6.733923260671877131e-02	2.775963595447878546e-02	6.906801416584755493e-02
9.869051235856777566e+02	2.810937420745374116e-01	1.821898632620830294e-01	2.312530064690152820e-01	1.407565468340977732e-01	6.752820408948487230e-02	2.781848642185513754e-02	6.936015084854831036e-02
9.917428937993331601e+02	2.802343044830514773e-01	1.815888479642953357e-01	2.317862999009585312e-01	1.411490727856230532e-01	6.771515509035057334e-02	2.787812209313074094e-02	6.964819768221208740e-02
9.965806640129884499e+02	2.793798668064445545e-01	1.809913290992781199e-01	2.323172332300805776e-01	1.415406230956843814e-01	6.790012697699415734e-02	2.793850702956882787e-02	6.993231376157119095e-02
1.001418434226643626e+03	2.785303992014817043e-01	1.803972884053713643e-01	2.328457867220472544e-01	1.419311094319358202e-01	6.808316030822544884e-02	2.799960659799676649e-02	7.021264933256349261e-02
1.006256204440298802e+03	2.776858720151586524e-01	1.798067075637207468e-01	2.333719421997124399e-01	1.423204496660652185e-01	6.826429482357929124e-02	2.806138741768194819e-02	7.048934631370341874e-02
1.011093974653954206e+03	2.768462557842122918e-01	1.792195682087972808e-01	2.338956829735711618e-01	1.427085675012335630e-01	6.844356943579391062e-02	2.812381730963656873e-02	7.076253878637690786e-02
1.015931744867609382e+03	2.760115212345317648e-01	1.786358519382460208e-01	2.344169937751715838e-01	1.430953921216063518e-01	6.862102222591433265e-02	2.818686524823052486e-02	7.103235345592104344e-02
1.020769515081264785e+03	2.751816392804814493e-01	1.780555403221050492e-01	2.349358606933577287e-01	1.434808578626627917e-01	6.879669044077982298e-02	2.825050131499803538e-02	7.129891008523669971e-02
1.025607285294920075e+03	2.743565810241426761e-01	1.774786149114318257e-01	2.354522711132200907e-01	1.438649039010470310e-01	6.897061049267201593e-02	2.831469665452958362e-02	7.156232190257839909e-02
1.030445055508575479e+03	2.735363177544825608e-01	1.769050572463723159e-01	2.359662136576373137e-01	1.442474739627996883e-01	6.914281796091681365e-02	2.837942343234647891e-02	7.182269598506645092e-02
1.035282825722230655e+03	2.727208209464575539e-01	1.763348488637070388e-01	2.364776781312969423e-01	1.446285160488771093e-01	6.931334759524865330e-02	2.844465479466073629e-02	7.208013361937362640e-02
1.040120595935886058e+03	2.719100622600573169e-01	1.757679713039046465e-01	2.369866554670887193e-01	1.450079821769307553e-01	6.948223332075993686e-02	2.851036482992805668e-02	7.233473064095222171e-02
1.044958366149541234e+03	2.711040135392965289e-01	1.752044061177129575e-01	2.374931376747684009e-01	1.453858281383811069e-01	6.964950824427172671e-02	2.857652853210645993e-02	7.258657775308446913e-02
1.049796136363196410e+03	2.703026468111590086e-01	1.746441348723151987e-01	2.379971177917946101e-01	1.457620132698773385e-01	6.981520466197459196e-02	2.864312176553769976e-02	7.283576082696315013e-02
1.054633906576851814e+03	2.695059342845004258e-01	1.740871391570776305e-01	2.384985898362455281e-01	1.461365002382890577e-01	6.997935406819974502e-02	2.871012123137286348e-02	7.308236118393630909e-02
1.059471676790506763e+03	2.687138483489140417e-01	1.735334005889126174e-01	2.389975487617268524e-01	1.465092548384263615e-01	7.014198716519152998e-02	2.877750443546768511e-02	7.332645586098242296e-02
1.064309447004162394e+03	2.679263615735640314e-01	1.729829008172811822e-01	2.394939904141857034e-01	1.468802458027332059e-01	7.030313387376253831e-02	2.884524965767682608e-02	7.356811786041803081e-02
1.069147217217817570e+03	2.671434467059907725e-01	1.724356215288556649e-01	2.399879114905492661e-01	1.472494446222436804e-01	7.046282334472186992e-02	2.891333592248014270e-02	7.380741638478013900e-02
1.073984987431472746e+03	2.663650766708914874e-01	1.718915444518638036e-01	2.404793094991108382e-01	1.476168253781334760e-01	7.062108397097571766e-02	2.898174297087728959e-02	7.404441705776887428e-02
1.078822757645127922e+03	2.655912245688808460e-01	1.713506513601328607e-01	2.409681827215886252e-01	1.479823645832377133e-01	7.077794340020783503e-02	2.905045123349034655e-02	7.427918213208316300e-02
1.083660527858783553e+03	2.648218636752332489e-01	1.708129240768523072e-01	2.414545301767865582e-01	1.483460410329453805e-01	7.093342854805477493e-02	2.911944180481719144e-02	7.451177068493199107e-02
1.088498298072438729e+03	2.640569674386108456e-01	1.702783444780713307e-01	2.419383515857892741e-01	1.487078356649138844e-01	7.108756561169783661e-02	2.918869641858123573e-02	7.474223880195708658e-02
1.093336068286093905e+03	2.632965094797799499e-01	1.697468944959482084e-01	2.424196473386263928e-01	1.490677314270818787e-01	7.124038008380040310e-02	2.925819742412593891e-02	7.497063975025869409e-02
1.098173838499749309e+03	2.625404635903183515e-01	1.692185561217654788e-01	2.428984184623438902e-01	1.494257131534887650e-01	7.139189676672504092e-02	2.932792776380513042e-02	7.519702414117482303e-02
1.103011608713404712e+03	2.617888037313151339e-01	1.686933114087258434e-01	2.433746665904233386e-01	1.497817674474387351e-01	7.154213978697072929e-02	2.939787095132257583e-02	7.542144008342506478e-02
1.107849378927059888e+03	2.610415040320663294e-01	1.681711424745415406e-01	2.438483939334923356e-01	1.501358825715747858e-01	7.169113260977570679e-02	2.946801105097663839e-02	7.564393332719404617e-02
1.112687149140715292e+03	2.602985387887674085e-01	1.676520315038299569e-01	2.443196032512714999e-01	1.504880483444539785e-01	7.183889805383614213e-02	2.953833265776806966e-02	7.586454739969437921e-02
1.117524919354370468e+03	2.595598824632044943e-01	1.671359607503271338e-01	2.447882978257065467e-01	1.508382560432391939e-01	7.198545830609547058e-02	2.960882087833102694e-02	7.608332373271756155e-02
1.122362689568025871e+03	2.588255096814464640e-01	1.666229125389304677e-01	2.452544814352352609e-01	1.511864983121463391e-01	7.213083493656348433e-02	2.967946131264947648e-02	7.630030178264991803e-02
1.127200459781681047e+03	2.580953952325389378e-01	1.661128692675803709e-01	2.457181583301421002e-01	1.515327690763063062e-01	7.227504891312792890e-02	2.975024003652297633e-02	7.651551914340279370e-02
1.132038229995336451e+03	2.573695140672013770e-01	1.656058134089913036e-01	2.461793332089547981e-01	1.518770634607221337e-01	7.241812061632509068e-02	2.982114358474756075e-02	7.672901165267918822e-02
1.136876000208991627e+03	2.566478412965288447e-01	1.651017275122411976e-01	2.466380111958394183e-01	1.522193777140202486e-01	7.256006985403916365e-02	2.989215893497930085e-02	7.694081349197331998e-02
1.141713770422646803e+03	2.559303521906993173e-01	1.646005942042275683e-01	2.470941978189521715e-01	1.525597091367130453e-01	7.270091587610319483e-02	2.996327349224954528e-02	7.715095728067665470e-02
1.146551540636302207e+03	2.552170221776876580e-01	1.641023961909990614e-01	2.475478989897080540e-01	1.528980560137061795e-01	7.284067738877723908e-02	3.003447507410243744e-02	7.735947416464085402e-02
1.151389310849957155e+03	2.545078268419867507e-01	1.636071162589693706e-01	2.479991209829282284e-01	1.532344175508005557e-01	7.297937256908211545e-02	3.010575189632675244e-02	7.756639389952765806e-02
1.156227081063612786e+03	2.538027419233371829e-01	1.631147372760212988e-01	2.484478704178293140e-01	1.535687938149530585e-01	7.311701907896932251e-02	3.017709255925546744e-02	7.777174492925570393e-02
1.161064851277267962e+03	2.531017433154658658e-01	1.626252421925074576e-01	2.488941542398196982e-01	1.539011856780745924e-01	7.325363407931018145e-02	3.024848603460770016e-02	7.797555445983583855e-02
1.165902621490923138e+03	2.524048070648337583e-01	1.621386140421539335e-01	2.493379797030695066e-01	1.542315947641570983e-01	7.338923424368903881e-02	3.031992165284896901e-02	7.817784852886905389e-02
1.170740391704578315e+03	2.517119093693941378e-01	1.616548359428730541e-01	2.497793543538216476e-01	1.545600233995331751e-01	7.352383577198759457e-02	3.039138909104684150e-02	7.837865207096486597e-02
1.175578161918233945e+03	2.510230265773614744e-01	1.611738910974907513e-01	2.502182860144137599e-01	1.548864745660839259e-01	7.365745440374885100e-02	3.046287836120015191e-02	7.857798897932238846e-02
1.180415932131889122e+03	2.503381351859909065e-01	1.606957627943939038e-01	2.506547827679811435e-01	1.552109518572215019e-01	7.379010543131082900e-02	3.053437979902099558e-02	7.877588216370204344e-02
1.185253702345544298e+03	2.496572118403694585e-01	1.602204344081024634e-01	2.510888529438126127e-01	1.555334594364830569e-01	7.392180371270198891e-02	3.060588405314973795e-02	7.897235360500204360e-02
1.190091472559199701e+03	2.489802333322186645e-01	1.597478893997713034e-01	2.515205051033324035e-01	1.558540019985822644e-01	7.405256368429112557e-02	3.067738207478420270e-02	7.916742440664134572e-02
1.194929242772855105e+03	2.483071765987093504e-01	1.592781113176260921e-01	2.519497480266818523e-01	1.561725847327743721e-01	7.418239937318618638e-02	3.074886510770507425e-02	7.936111484293835450e-02
1.199767012986510281e+03	2.476380187212884054e-01	1.588110837973369938e-01	2.523765906998766129e-01	1.564892132883979881e-01	7.431132440937729400e-02	3.082032467868043787e-02	7.955344440466345646e-02
1.204604783200165684e+03	2.469727369245178772e-01	1.583467905623348049e-01	2.528010423025150999e-01	1.568038937424666990e-01	7.443935203762049035e-02	3.089175258823316159e-02	7.974443184193309719e-02
1.209442553413820860e+03	2.463113085749266684e-01	1.578852154240723560e-01	2.532231121960153430e-01	1.571166325691890076e-01	7.456649512905952348e-02	3.096314090175559738e-02	7.993409520460270645e-02
1.214280323627476264e+03	2.456537111798746953e-01	1.574263422822353709e-01	2.536428099123592683e-01	1.574274366113042611e-01	7.469276619258397032e-02	3.103448194095680124e-02	8.012245188030669985e-02
1.219118093841131440e+03	2.449999223864297027e-01	1.569701551249055582e-01	2.540601451433227576e-01	1.577363130531274082e-01	7.481817738592251577e-02	3.110576827562818239e-02	8.030951863028494564e-02
1.223955864054786844e+03	2.443499199802568189e-01	1.565166380286788783e-01	2.544751277301710579e-01	1.580432693952024681e-01	7.494274052647133255e-02	3.117699271571411357e-02	8.049531162312634214e-02
1.228793634268442020e+03	2.437036818845207675e-01	1.560657751587425646e-01	2.548877676538016668e-01	1.583483134304704276e-01	7.506646710185782556e-02	3.124814830367468252e-02	8.067984646655308734e-02
1.233631404482097196e+03	2.430611861588009015e-01	1.556175507689126492e-01	2.552980750253149300e-01	1.586514532218624152e-01	7.518936828024051777e-02	3.131922830712836892e-02	8.086313823736121509e-02
1.238469174695752372e+03	2.424224109980187558e-01	1.551719492016351565e-01	2.557060600769956449e-01	1.589526970812351059e-01	7.531145492034681255e-02	3.139022621176291994e-02	8.104520150962647718e-02
1.243306944909407548e+03	2.417873347313785337e-01	1.547289548879533239e-01	2.561117331536883479e-01	1.592520535495692280e-01	7.543273758125024209e-02	3.146113571450337432e-02	8.122605038127782284e-02
1.248144715123063179e+03	2.411559358213198057e-01	1.542885523474425424e-01	2.565151047045497457e-01	1.595495313783573121e-01	7.555322653188974169e-02	3.153195071692655588e-02	8.140569849913514844e-02
1.252982485336718355e+03	2.405281928624830312e-01	1.538507261881159882e-01	2.569161852751636332e-01	1.598451395121111007e-01	7.567293176033354496e-02	3.160266531891185726e-02	8.158415908250164772e-02
1.257820255550373531e+03	2.399040845806874322e-01	1.534154611063020812e-01	2.573149855000026465e-01	1.601388870719229474e-01	7.579186298279080858e-02	3.167327381251873464e-02	8.176144494539609731e-02
1.262658025764028707e+03	2.392835898319211341e-01	1.529827418864961042e-01	2.577115160952229145e-01	1.604307833400196170e-01	7.591002965237415856e-02	3.174377067608156328e-02	8.193756851750527703e-02
1.267495795977684338e+03	2.386666876013435190e-01	1.525525534011878959e-01	2.581057878517774573e-01	1.607208377452501724e-01	7.602744096761687720e-02	3.181415056851309708e-02	8.211254186393177057e-02
1.272333566191339514e+03	2.380533570022997369e-01	1.521248806106665075e-01	2.584978116288360606e-01	1.610090598494536285e-01	7.614410588074846387e-02	3.188440832380805279e-02	8.228637670380833935e-02
1.277171336404994690e+03	2.374435772753472340e-01	1.516997085628042918e-01	2.588875983474982490e-01	1.612954593346545562e-01	7.626003310573252481e-02	3.195453894573880432e-02	8.245908442784515013e-02
1.282009106618650094e+03	2.368373277872939386e-01	1.512770223928212865e-01	2.592751589847874794e-01	1.615800459910384512e-01	7.637523112607122466e-02	3.202453760273542976e-02	8.263067611487301400e-02
1.286846876832305497e+03	2.362345880302482437e-01	1.508568073230313888e-01	2.596605045679151180e-01	1.618628297056612930e-01	7.648970820238057411e-02	3.209439962294286658e-02	8.280116254744131210e-02
1.291684647045960673e+03	2.356353376206805073e-01	1.504390486625718226e-01	2.600436461688032108e-01	1.621438204518500237e-01	7.660347237974091117e-02	3.216412048944799346e-02	8.297055422652628576e-02
1.296522417259616077e+03	2.350395562984959885e-01	1.500237318071166448e-01	2.604245948988548887e-01	1.624230282792541169e-01	7.671653149482715595e-02	3.223369583567004676e-02	8.313886138540196868e-02
1.301360187473271253e+03	2.344472239261187196e-01	1.496108422385760139e-01	2.608033619039625273e-01	1.627004633045096571e-01	7.682889318282343227e-02	3.230312144090788373e-02	8.330609400272258325e-02
1.306197957686926657e+03	2.338583204875869237e-01	1.492003655247817473e-01	2.611799583597441687e-01	1.629761357024805124e-01	7.694056488412659434e-02	3.237239322603795155e-02	8.347226181486290530e-02
1.311035727900581833e+03	2.332728260876588411e-01	1.487922873191606377e-01	2.615543954669981574e-01	1.632500556980425177e-01	7.705155385084348774e-02	3.244150724935714741e-02	8.363737432755995183e-02
1.315873498114237009e+03	2.326907209509296581e-01	1.483865933603961129e-01	2.619266844473673861e-01	1.635222335583794151e-01	7.716186715308655242e-02	3.251045970256478262e-02	8.380144082689681972e-02
1.320711268327892412e+03	2.321119854209586775e-01	1.479832694720791819e-01	2.622968365392043255e-01	1.637926795857602702e-01	7.727151168507249979e-02	3.257924690687851593e-02	8.396447038966720067e-02
1.325549038541547588e+03	2.315365999594071189e-01	1.475823015623497769e-01	2.626648629936289558e-01	1.640614041107703036e-01	7.738049417102885186e-02	3.264786530927889230e-02	8.412647189315675123e-02
1.330386808755202765e+03	2.309645451451859677e-01	1.471836756235290478e-01	2.630307750707708281e-01	1.643284174859687419e-01	7.748882117091304700e-02	3.271631147887767155e-02	8.428745402437540224e-02
1.335224578968857941e+03	2.303958016736139258e-01	1.467873777317430795e-01	2.633945840361884283e-01	1.645937300799487635e-01	7.759649908594870582e-02	3.278458210340519374e-02	8.444742528877254018e-02
1.340062349182513572e+03	2.298303503555853278e-01	1.463933940465395878e-01	2.637563011574581284e-01	1.648573522717760031e-01	7.770353416398392832e-02	3.285267398581231263e-02	8.460639401846530017e-02
1.344900119396168748e+03	2.292681721167476872e-01	1.460017108104970096e-01	2.641159377009258402e-01	1.651192944457832990e-01	7.780993250467602151e-02	3.292058404098244934e-02	8.476436838000823981e-02
1.349737889609823924e+03	2.287092479966886804e-01	1.456123143488278482e-01	2.644735049286143780e-01	1.653795669867011986e-01	7.791570006450744545e-02	3.298830929254984584e-02	8.492135638173116396e-02
1.354575659823479100e+03	2.281535591481326508e-01	1.452251910689759395e-01	2.648290140952802019e-01	1.656381802751044907e-01	7.802084266163737680e-02	3.305584686981978548e-02	8.507736588067013606e-02
1.359413430037134731e+03	2.276010868361462158e-01	1.448403274602084179e-01	2.651824764456138239e-01	1.658951446831560261e-01	7.812536598059352522e-02	3.312319400478719311e-02	8.523240458911535145e-02
1.364251200250789907e+03	2.270518124373530622e-01	1.444577100932033231e-01	2.655339032115768827e-01	1.661504705706308704e-01	7.822927557680842137e-02	3.319034802924986788e-02	8.538648008079809115e-02
1.369088970464445310e+03	2.265057174391574002e-01	1.440773256196326568e-01	2.658833056098712788e-01	1.664041682812039680e-01	7.833257688100471461e-02	3.325730637201288614e-02	8.553959979673754488e-02
1.373926740678100487e+03	2.259627834389762446e-01	1.436991607717417740e-01	2.662306948395339878e-01	1.666562481389863293e-01	7.843527520343371306e-02	3.332406655618081609e-02	8.569177105076751511e-02
1.378764510891755890e+03	2.254229921434802442e-01	1.433232023619253614e-01	2.665760820796529984e-01	1.669067204452947262e-01	7.853737573797137106e-02	3.339062619653453134e-02	8.584300103476111277e-02
1.383602281105411066e+03	2.248863253678428653e-01	1.429494372823004456e-01	2.669194784871986581e-01	1.671555954756416551e-01	7.863888356607583174e-02	3.345698299698962597e-02	8.599329682357126359e-02
1.388440051319066470e+03	2.243527650349979030e-01	1.425778525042767364e-01	2.672608951949662082e-01	1.674028834769322460e-01	7.873980366061072989e-02	3.352313474813332916e-02	8.614266537970316495e-02
1.393277821532721646e+03	2.238222931749049294e-01	1.422084350781247786e-01	2.676003433096247330e-01	1.676485946648563208e-01	7.884014088953802957e-02	3.358907932483722741e-02	8.629111355773423642e-02
1.398115591746377049e+03	2.232948919238228747e-01	1.418411721325420483e-01	2.679378339098675843e-01	1.678927392214640546e-01	7.893990001948454627e-02	3.365481468394302539e-02	8.643864810849617719e-02
1.402953361960032225e+03	2.227705435235911580e-01	1.414760508742176071e-01	2.682733780446602267e-01	1.681353272929141662e-01	7.903908571918577541e-02	3.372033886201871583e-02	8.658527568303263366e-02
1.407791132173687402e+03	2.222492303209186171e-01	1.411130585873950072e-01	2.686069867315823423e-01	1.683763689873850611e-01	7.913770256281085769e-02	3.378564997318272284e-02	8.673100283634564700e-02
1.412628902387342805e+03	2.217309347666799602e-01	1.407521826334345305e-01	2.689386709552584187e-01	1.686158743731387966e-01	7.923575503317238644e-02	3.385074620699356912e-02	8.687583603094259366e-02
1.417466672600997981e+03	2.212156394152194339e-01	1.403934104503742897e-01	2.692684416658746582e-01	1.688538534767290711e-01	7.933324752482449893e-02	3.391562582640274964e-02	8.701978164019545658e-02
1.422304442814653157e+03	2.207033269236618189e-01	1.400367295524909128e-01	2.695963097777779871e-01	1.690903162813449656e-01	7.943018434705290121e-02	3.398028716576866753e-02	8.716284595152289094e-02
1.427142213028308333e+03	2.201939800512305034e-01	1.396821275298595066e-01	2.699222861681531693e-01	1.693252727252820000e-01	7.952656972676014346e-02	3.404472862892944651e-02	8.730503516940531228e-02
1.431979983241963964e+03	2.196875816585724950e-01	1.393295920479139249e-01	2.702463816757758597e-01	1.695587327005333156e-01	7.962240781124937938e-02	3.410894868733260060e-02	8.744635541824258285e-02
1.436817753455619140e+03	2.191841147070901219e-01	1.389791108470064818e-01	2.705686070998371551e-01	1.697907060514935729e-01	7.971770267091013440e-02	3.417294587821961133e-02	8.758681274506302517e-02
1.441655523669274316e+03	2.186835622582797845e-01	1.386306717419683310e-01	2.708889731988376459e-01	1.700212025737693755e-01	7.981245830180890011e-02	3.423671880286349722e-02	8.772641312209261688e-02
1.446493293882929493e+03	2.181859074730768400e-01	1.382842626216698456e-01	2.712074906895469151e-01	1.702502320130891977e-01	7.990667862818788547e-02	3.430026612485763404e-02	8.786516244919181928e-02
1.451331064096585123e+03	2.176911336112072604e-01	1.379398714485816357e-01	2.715241702460270412e-01	1.704778040643074588e-01	8.000036750487472814e-02	3.436358656845395210e-02	8.800306655616806084e-02
1.456168834310240300e+03	2.171992240305454791e-01	1.375974862583362324e-01	2.718390224987156656e-01	1.707039283704969435e-01	8.009352871960630227e-02	3.442667891694906057e-02	8.814013120497042608e-02
1.461006604523895703e+03	2.167101621864785110e-01	1.372570951592905208e-01	2.721520580335677897e-01	1.709286145221241560e-01	8.018616599526921795e-02	3.448954201111641138e-02	8.827636209177354421e-02
1.465844374737550879e+03	2.162239316312761506e-01	1.369186863320890624e-01	2.724632873912520847e-01	1.711518720563029172e-01	8.027828299205988505e-02	3.455217474768321195e-02	8.841176484895678367e-02
1.470682144951206283e+03	2.157405160134671096e-01	1.365822480292284979e-01	2.727727210664014357e-01	1.713737104561211810e-01	8.036988330956683357e-02	3.461457607785045631e-02	8.854634504698465081e-02
1.475519915164861459e+03	2.152598990772210952e-01	1.362477685746229794e-01	2.730803695069126125e-01	1.715941391500368784e-01	8.046097048877791369e-02	3.467674500585466585e-02	8.868010819619398521e-02
1.480357685378516862e+03	2.147820646617367157e-01	1.359152363631709326e-01	2.733862431132958459e-01	1.718131675113386547e-01	8.055154801401480380e-02	3.473868058756997973e-02	8.881305974849314222e-02
1.485195455592172038e+03	2.143069967006351051e-01	1.355846398603231528e-01	2.736903522380697007e-01	1.720308048576673909e-01	8.064161931479732481e-02	3.480038192914930439e-02	8.894520509897807514e-02
1.490033225805827215e+03	2.138346792213587644e-01	1.352559676016522605e-01	2.739927071852009677e-01	1.722470604505949021e-01	8.073118776763994753e-02	3.486184818570318283e-02	8.907654958747000806e-02
1.494870996019482618e+03	2.133650963445762605e-01	1.349292081924238218e-01	2.742933182095865230e-01	1.724619434952563424e-01	8.082025669778292176e-02	3.492307856001518329e-02	8.920709849997901508e-02
1.499708766233137567e+03	2.128982322835923646e-01	1.346043503071687464e-01	2.745921955165756545e-01	1.726754631400330142e-01	8.090882938086001175e-02	3.498407230129265549e-02	8.933685707009765553e-02
1.504546536446793198e+03	2.124340713437629091e-01	1.342813826892577111e-01	2.748893492615315792e-01	1.728876284762824733e-01	8.099690904450522477e-02	3.504482870395168870e-02	8.946583048032855090e-02
1.509384306660448374e+03	2.119725979219156398e-01	1.339602941504768330e-01	2.751847895494292651e-01	1.730984485381130700e-01	8.108449886990061473e-02	3.510534710643517520e-02	8.959402386334953949e-02
1.514222076874103550e+03	2.115137965057754532e-01	1.336410735706057562e-01	2.754785264344891127e-01	1.733079323021999574e-01	8.117160199326708958e-02	3.516562689006295234e-02	8.972144230321979497e-02
1.519059847087758726e+03	2.110576516733951025e-01	1.333237098969968781e-01	2.757705699198439997e-01	1.735160886876404573e-01	8.125822150730034610e-02	3.522566747791294056e-02	8.984809083653036432e-02
1.523897617301414357e+03	2.106041480925906761e-01	1.330081921441569892e-01	2.760609299572387432e-01	1.737229265558455915e-01	8.134436046255370811e-02	3.528546833373241709e-02	8.997397445350187317e-02
1.528735387515069533e+03	2.101532705203819074e-01	1.326945093933305508e-01	2.763496164467604266e-01	1.739284547104662237e-01	8.143002186876988069e-02	3.534502896087834967e-02	9.009909809903257627e-02
1.533573157728724709e+03	2.097050038024372842e-01	1.323826507920849993e-01	2.766366392365978144e-01	1.741326818973512047e-01	8.151520869616335485e-02	3.540434890128600631e-02	9.022346667369923745e-02
1.538410927942380113e+03	2.092593328725239066e-01	1.320726055538982702e-01	2.769220081228285779e-01	1.743356168045355203e-01	8.159992387665508662e-02	3.546342773446482799e-02	9.034708503471365615e-02
1.543248698156035516e+03	2.088162427519618947e-01	1.317643629577479880e-01	2.772057328492340544e-01	1.745372680622567230e-01	8.168417030506130994e-02	3.552226507652087722e-02	9.046995799683696382e-02
1.548086468369690692e+03	2.083757185490833497e-01	1.314579123477030154e-01	2.774878231071387091e-01	1.747376442429974253e-01	8.176795084023814886e-02	3.558086057920490514e-02	9.059209033325418825e-02
1.552924238583346096e+03	2.079377454586958107e-01	1.311532431325171666e-01	2.777682885352742992e-01	1.749367538615526907e-01	8.185126830618327798e-02	3.563921392898536378e-02	9.071348677641115354e-02
1.557762008797001272e+03	2.075023087615499862e-01	1.308503447852247537e-01	2.780471387196669641e-01	1.751346053751201837e-01	8.193412549309667114e-02	3.569732484614550339e-02	9.083415201881574197e-02
1.562599779010656675e+03	2.070693938238120646e-01	1.305492068427385743e-01	2.783243831935465762e-01	1.753312071834118857e-01	8.201652515840134050e-02	3.575519308390393697e-02	9.095409071380546051e-02
1.567437549224311852e+03	2.066389860965399672e-01	1.302498189054499822e-01	2.786000314372770736e-01	1.755265676287857124e-01	8.209847002772610591e-02	3.581281842755786038e-02	9.107330747628306078e-02
1.572275319437967255e+03	2.062110711151641518e-01	1.299521706368311491e-01	2.788740928783069450e-01	1.757206949963960319e-01	8.217996279585117192e-02	3.587020069364835195e-02	9.119180688342191921e-02
1.577113089651622431e+03	2.057856344989722197e-01	1.296562517630395761e-01	2.791465768911384759e-01	1.759135975143612807e-01	8.226100612761835795e-02	3.592733972914693985e-02	9.130959347534285675e-02
1.581950859865277607e+03	2.053626619505977968e-01	1.293620520725247969e-01	2.794174927973154254e-01	1.761052833539479556e-01	8.234160265880692553e-02	3.598423541066303466e-02	9.142667175576379979e-02
1.586788630078933011e+03	2.049421392555132448e-01	1.290695614156374127e-01	2.796868498654278556e-01	1.762957606297695656e-01	8.242175499697644570e-02	3.604088764367138764e-02	9.154304619262383647e-02
1.591626400292587959e+03	2.045240522815265916e-01	1.287787697042403201e-01	2.799546573111333370e-01	1.764850373999997390e-01	8.250146572227778918e-02	3.609729636175911666e-02	9.165872121868284816e-02
1.596464170506243590e+03	2.041083869782820970e-01	1.284896669113221312e-01	2.802209242971940850e-01	1.766731216665980153e-01	8.258073738823355769e-02	3.615346152589170303e-02	9.177370123209815933e-02
1.601301940719898766e+03	2.036951293767647886e-01	1.282022430706130645e-01	2.804856599335283085e-01	1.768600213755480155e-01	8.265957252248885834e-02	3.620938312369735568e-02	9.188799059697931593e-02
1.606139710933553943e+03	2.032842655888086603e-01	1.279164882762030275e-01	2.807488732772764894e-01	1.770457444171064654e-01	8.273797362753375351e-02	3.626506116876932612e-02	9.200159364392201944e-02
1.610977481147209119e+03	2.028757818066088126e-01	1.276323926821618382e-01	2.810105733328800981e-01	1.772302986260626267e-01	8.281594318139823274e-02	3.632049569998552219e-02	9.211451467052260422e-02
1.615815251360864750e+03	2.024696643022369513e-01	1.273499465021620536e-01	2.812707690521737969e-01	1.774136917820073323e-01	8.289348363832084454e-02	3.637568678084503876e-02	9.222675794187368270e-02
1.620653021574519926e+03	2.020658994271608833e-01	1.270691400091038537e-01	2.815294693344891352e-01	1.775959316096106244e-01	8.297059742939191795e-02	3.643063449882103649e-02	9.233832769104223515e-02
1.625490791788175102e+03	2.016644736117671477e-01	1.267899635347421727e-01	2.817866830267701794e-01	1.777770257789075270e-01	8.304728696317234538e-02	3.648533896472956617e-02	9.244922811953071307e-02
1.630328562001830505e+03	2.012653733648876453e-01	1.265124074693164125e-01	2.820424189236993007e-01	1.779569819055911994e-01	8.312355462628881475e-02	3.653980031211387369e-02	9.255946339772239129e-02
1.635166332215485909e+03	2.008685852733293198e-01	1.262364622611821807e-01	2.822966857678337327e-01	1.781358075513129191e-01	8.319940278400630995e-02	3.659401869664375556e-02	9.266903766531146835e-02
1.640004102429141085e+03	2.004740960014075868e-01	1.259621184164453900e-01	2.825494922497515105e-01	1.783135102239880310e-01	8.327483378077893406e-02	3.664799429552947907e-02	9.277795503171873404e-02
1.644841872642796488e+03	2.000818922904829544e-01	1.256893664985987702e-01	2.828008470082068460e-01	1.784900973781078370e-01	8.334984994077954124e-02	3.670172730694998275e-02	9.288621957649365046e-02
1.649679642856451665e+03	1.996919609585011135e-01	1.254181971281605468e-01	2.830507586302937195e-01	1.786655764150565096e-01	8.342445356840944015e-02	3.675521794949489912e-02	9.299383534970341592e-02
1.654517413070107068e+03	1.993042888995362194e-01	1.251486009823153667e-01	2.832992356516179089e-01	1.788399546834323339e-01	8.349864694878832150e-02	3.680846646161996250e-02	9.310080637230955247e-02
1.659355183283762244e+03	1.989188630833373939e-01	1.248805687945576393e-01	2.835462865564768453e-01	1.790132394793735593e-01	8.357243234822572808e-02	3.686147310111557301e-02	9.320713663653291958e-02
1.664192953497417420e+03	1.985356705548787237e-01	1.246140913543370837e-01	2.837919197780463532e-01	1.791854380468876906e-01	8.364581201467440053e-02	3.691423814458798941e-02	9.331283010620740337e-02
1.669030723711072824e+03	1.981546984339121187e-01	1.243491595067064553e-01	2.840361436985745502e-01	1.793565575781841670e-01	8.371878817816637286e-02	3.696676188695300486e-02	9.341789071712298942e-02
1.673868493924728000e+03	1.977759339145234163e-01	1.240857641519717142e-01	2.842789666495818546e-01	1.795266052140099267e-01	8.379136305123237316e-02	3.701904464094158548e-02	9.352232237735876030e-02
1.678706264138383403e+03	1.973993642646916513e-01	1.238238962453442893e-01	2.845203969120673193e-01	1.796955880439878028e-01	8.386353882930520920e-02	3.707108673661724252e-02	9.362612896760608150e-02
1.683544034352038352e+03	1.970249768258512946e-01	1.235635467965956330e-01	2.847604427167205188e-01	1.798635131069567239e-01	8.393531769110770813e-02	3.712288852090484675e-02	9.372931434148283614e-02
1.688381804565693983e+03	1.966527590124575731e-01	1.233047068697140647e-01	2.849991122441385416e-01	1.800303873913142727e-01	8.400670179902594570e-02	3.717445035713051738e-02	9.383188232583861144e-02
1.693219574779349159e+03	1.962826983115548429e-01	1.230473675825637658e-01	2.852364136250482018e-01	1.801962178353605781e-01	8.407769329946805648e-02	3.722577262457233555e-02	9.393383672105171112e-02
1.698057344993004335e+03	1.959147822823477103e-01	1.227915201065460510e-01	2.854723549405328575e-01	1.803610113276436222e-01	8.414829432320954095e-02	3.727685571802158426e-02	9.403518130131818809e-02
1.702895115206659511e+03	1.955489985557752330e-01	1.225371556662628036e-01	2.857069442222631150e-01	1.805247747073056852e-01	8.421850698572524996e-02	3.732770004735423003e-02	9.413591981493314720e-02
1.707732885420315142e+03	1.951853348340881200e-01	1.222842655391821187e-01	2.859401894527325294e-01	1.806875147644305957e-01	8.428833338750875426e-02	3.737830603711241040e-02	9.423605598456491483e-02
1.712570655633970318e+03	1.948237788904285672e-01	1.220328410553061793e-01	2.861720985654958027e-01	1.808492382403915355e-01	8.435777561437952932e-02	3.742867412609562905e-02	9.433559350752220019e-02
1.717408425847625494e+03	1.944643185684129527e-01	1.217828735968412568e-01	2.864026794454114233e-01	1.810099518281992059e-01	8.442683573777848283e-02	3.747880476696147101e-02	9.443453605601462297e-02
1.722246196061280898e+03	1.941069417817174458e-01	1.215343545978698897e-01	2.866319399288870806e-01	1.811696621728503542e-01	8.449551581505222730e-02	3.752869842583545640e-02	9.453288727740699615e-02
1.727083966274936301e+03	1.937516365136663643e-01	1.212872755440251860e-01	2.868598878041279665e-01	1.813283758716759952e-01	8.456381788972645863e-02	3.757835558193000497e-02	9.463065079446747463e-02
1.731921736488591478e+03	1.933983908168230847e-01	1.210416279721674288e-01	2.870865308113881853e-01	1.814860994746896883e-01	8.463174399176907892e-02	3.762777672717209504e-02	9.472783020560991696e-02
1.736759506702246881e+03	1.930471928125839509e-01	1.207974034700625698e-01	2.873118766432240512e-01	1.816428394849353423e-01	8.469929613784327183e-02	3.767696236583951280e-02	9.482442908513072366e-02
1.741597276915902057e+03	1.926980306907746243e-01	1.205545936760630266e-01	2.875359329447504386e-01	1.817986023588345490e-01	8.476647633155096062e-02	3.772591301420538668e-02	9.492045098344038812e-02
1.746435047129557461e+03	1.923508927092491549e-01	1.203131902787905189e-01	2.877587073138984097e-01	1.819533945065331670e-01	8.483328656366717624e-02	3.777462920019087483e-02	9.501589942728999594e-02
1.751272817343212637e+03	1.920057671934917443e-01	1.200731850168210157e-01	2.879802073016752839e-01	1.821072222922472672e-01	8.489972881236547420e-02	3.782311146302579780e-02	9.511077791999272835e-02
1.756110587556867813e+03	1.916626425362209507e-01	1.198345696783718051e-01	2.882004404124259289e-01	1.822600920346079123e-01	8.496580504343485829e-02	3.787136035291695929e-02	9.520508994164084138e-02
1.760948357770523216e+03	1.913215071969966707e-01	1.195973361009905478e-01	2.884194141040962167e-01	1.824120100070051320e-01	8.503151721048861356e-02	3.791937643072398889e-02	9.529883894931810706e-02
1.765786127984178393e+03	1.909823497018295346e-01	1.193614761712464417e-01	2.886371357884968680e-01	1.825629824379306487e-01	8.509686725516527050e-02	3.796716026764258151e-02	9.539202837730795248e-02
1.770623898197833569e+03	1.906451586427927725e-01	1.191269818244234668e-01	2.888536128315693507e-01	1.827130155113192711e-01	8.516185710732199210e-02	3.801471244489484924e-02	9.548466163729750489e-02
1.775461668411488745e+03	1.903099226776366892e-01	1.188938450442156569e-01	2.890688525536525000e-01	1.828621153668890109e-01	8.522648868522086918e-02	3.806203355342674399e-02	9.557674211857766777e-02
1.780299438625144376e+03	1.899766305294056934e-01	1.186620578624243000e-01	2.892828622297495822e-01	1.830102881004798121e-01	8.529076389570811045e-02	3.810912419361218995e-02	9.566827318823940829e-02
1.785137208838799552e+03	1.896452709860574071e-01	1.184316123586572900e-01	2.894956490897967472e-01	1.831575397643905589e-01	8.535468463438676545e-02	3.815598497496400232e-02	9.575925819136635320e-02
1.789974979052454728e+03	1.893158329000846629e-01	1.182025006600303935e-01	2.897072203189314799e-01	1.833038763677146132e-01	8.541825278578284164e-02	3.820261651585119683e-02	9.584970045122388760e-02
1.794812749266109904e+03	1.889883051881396103e-01	1.179747149408705009e-01	2.899175830577621071e-01	1.834493038766738249e-01	8.548147022350546798e-02	3.824901944322269681e-02	9.593960326944488137e-02
1.799650519479765535e+03	1.886626768306602642e-01	1.177482474224208625e-01	2.901267444026369158e-01	1.835938282149504608e-01	8.554433881040117427e-02	3.829519439233724371e-02	9.602896992621215433e-02
1.804488289693420711e+03	1.883389368714994405e-01	1.175230903725483222e-01	2.903347114059143252e-01	1.837374552640175240e-01	8.560686039870234187e-02	3.834114200649930970e-02	9.611780368043779110e-02
1.809326059907075887e+03	1.880170744175560793e-01	1.172992361054524119e-01	2.905414910762325054e-01	1.838801908634672966e-01	8.566903683017039473e-02	3.838686293680093620e-02	9.620610776993943070e-02
1.814163830120731291e+03	1.876970786384087042e-01	1.170766769813765124e-01	2.907470903787792160e-01	1.840220408113378003e-01	8.573086993623377228e-02	3.843235784186935233e-02	9.629388541161368331e-02
1.819001600334386467e+03	1.873789387659514083e-01	1.168554054063207503e-01	2.909515162355617024e-01	1.841630108644374542e-01	8.579236153812092036e-02	3.847762738762016549e-02	9.638113980160667449e-02
1.823839370548041643e+03	1.870626440940319490e-01	1.166354138317570038e-01	2.911547755256762016e-01	1.843031067386675104e-01	8.585351344698839704e-02	3.852267224701610288e-02	9.646787411548189695e-02
1.828677140761696819e+03	1.867481839780922581e-01	1.164166947543456149e-01	2.913568750855772826e-01	1.844423341093427982e-01	8.591432746404450982e-02	3.856749309983110302e-02	9.655409150838548116e-02
1.833514910975352450e+03	1.864355478348108108e-01	1.161992407156541840e-01	2.915578217093469093e-01	1.845806986115100523e-01	8.597480538066848421e-02	3.861209063241964612e-02	9.663979511520887078e-02
1.838352681189008081e+03	1.861247251417478821e-01	1.159830443018780438e-01	2.917576221489628363e-01	1.847182058402643823e-01	8.603494897852551060e-02	3.865646553749118447e-02	9.672498805074909722e-02
1.843190451402663257e+03	1.858157054369923289e-01	1.157680981435626755e-01	2.919562831145665616e-01	1.848548613510634375e-01	8.609476002967760000e-02	3.870061851388964524e-02	9.680967340986668113e-02
1.848028221616318433e+03	1.855084783188108988e-01	1.155543949153280403e-01	2.921538112747308347e-01	1.849906706600395467e-01	8.615424029669066508e-02	3.874455026637775579e-02	9.689385426764120235e-02
1.852865991829973609e+03	1.852030334452996196e-01	1.153419273355945768e-01	2.923502132567264433e-01	1.851256392443095533e-01	8.621339153273779865e-02	3.878826150542617063e-02	9.697753367952471892e-02
1.857703762043628785e+03	1.848993605340374657e-01	1.151306881663111681e-01	2.925454956467881673e-01	1.852597725422825969e-01	8.627221548169917986e-02	3.883175294700726837e-02	9.706071468149299331e-02
1.862541532257283961e+03	1.845974493617418832e-01	1.149206702126848584e-01	2.927396649903801218e-01	1.853930759539655082e-01	8.633071387825830278e-02	3.887502531239354214e-02	9.714340029019465084e-02
