9.095008001671932334e+02	2.951216970221295366e-01	1.925141493822065675e-01	2.228460983207490309e-01	1.345471483155827874e-01	6.372591121303500250e-02	2.740765187291906158e-02	6.383734387299645763e-02
9.143385703808486369e+02	2.941821296676052633e-01	1.918523344116813967e-01	2.233733366190768788e-01	1.349295690558284522e-01	6.399386533089995721e-02	2.743510942452994511e-02	6.423365548999659946e-02
9.191763405945038130e+02	2.932480538714650198e-01	1.911943105773511731e-01	2.239014842010322304e-01	1.353141229637420673e-01	6.425618273220752574e-02	2.746468165782258927e-02	6.462116399599793226e-02
9.240141108081592165e+02	2.923194353883237229e-01	1.905400624498505835e-01	2.244303265758087751e-01	1.357005253932282995e-01	6.451309177271678796e-02	2.749627486512088576e-02	6.500028355456946572e-02
9.288518810218145063e+02	2.913962402632671034e-01	1.898895742554673749e-01	2.249596610719775680e-01	1.360885090936075070e-01	6.476481039924876504e-02	2.752979947289148355e-02	6.537140544315883650e-02
9.336896512354697961e+02	2.904784348271017280e-01	1.892428299035585071e-01	2.254892962452481053e-01	1.364778232133571634e-01	6.501154662281510843e-02	2.756516984174098642e-02	6.573489934579704319e-02
9.385274214491247449e+02	2.895659856917118802e-01	1.885998130123578420e-01	2.260190513153835790e-01	1.368682323604041573e-01	6.525349897069177008e-02	2.760230407660639249e-02	6.609111457246305554e-02
9.433651916627801484e+02	2.886588597455216898e-01	1.879605069332662692e-01	2.265487556308413142e-01	1.372595157157585066e-01	6.549085691834592715e-02	2.764112384660654537e-02	6.644038120927837909e-02
9.482029618764355519e+02	2.877570241490620129e-01	1.873248947737112535e-01	2.270782481597808933e-01	1.376514661974627407e-01	6.572380130208754778e-02	2.768155421405043073e-02	6.678301120346373521e-02
9.530407320900908417e+02	2.868604463306408947e-01	1.866929594186568231e-01	2.276073770061481649e-01	1.380438896720013742e-01	6.595250471328033270e-02	2.772352347212492241e-02	6.711929938676611251e-02
9.578785023037459041e+02	2.859690939821165623e-01	1.860646835508410757e-01	2.281359989496062335e-01	1.384366042104787087e-01	6.617713187491287841e-02	2.776696299080963146e-02	6.744952444085360044e-02
9.627162725174014213e+02	2.850829350547713914e-01	1.854400496698137002e-01	2.286639790081451684e-01	1.388294393870247445e-01	6.639784000129700381e-02	2.781180707059061064e-02	6.777394980797608881e-02
9.675540427310568248e+02	2.842019377552858495e-01	1.848190401098416813e-01	2.291911900222590448e-01	1.392222356170345343e-01	6.661477914162863834e-02	2.785799280356707555e-02	6.809282455000192913e-02
9.723918129447120009e+02	2.833260705418099157e-01	1.842016370567481076e-01	2.297175122596332164e-01	1.396148435329808979e-01	6.682809250811554136e-02	2.790545994156685625e-02	6.840638415876423850e-02
9.772295831583674044e+02	2.824553021201314240e-01	1.835878225637444516e-01	2.302428330393363753e-01	1.400071233956703409e-01	6.703791678934696574e-02	2.795415077090649195e-02	6.871485132048280042e-02
9.820673533720223531e+02	2.815896014399386083e-01	1.829775785663138865e-01	2.307670463745614409e-01	1.403989445389314805e-01	6.724438244955165123e-02	2.800400999345107125e-02	6.901843663687071140e-02
9.869051235856777566e+02	2.807289376911757395e-01	1.823708868962001239e-01	2.312900526330057549e-01	1.407901848458404659e-01	6.744761401436359660e-02	2.805498461364709650e-02	6.931733930538609700e-02
9.917428937993331601e+02	2.798732803004894132e-01	1.817677292945520939e-01	2.318117582140256094e-01	1.411807302546951859e-01	6.764773034368845583e-02	2.810702383121889067e-02	6.961174776094926353e-02
9.965806640129884499e+02	2.790225989277641538e-01	1.811680874242732886e-01	2.323320752417425139e-01	1.415704742930511406e-01	6.784484489223879811e-02	2.816007893923526753e-02	6.990184028131370131e-02
1.001418434226643626e+03	2.781768634627450609e-01	1.805719428816210392e-01	2.328509212733189393e-01	1.419593176382284161e-01	6.803906595828183856e-02	2.821410322726870118e-02	7.018778555815484432e-02
1.006256204440298802e+03	2.773360440217453315e-01	1.799792772070983593e-01	2.333682190216590790e-01	1.423471677027888793e-01	6.823049692112044540e-02	2.826905188938376792e-02	7.046974323582300137e-02
1.011093974653954206e+03	2.765001109444369387e-01	1.793900718956790707e-01	2.338838960918274701e-01	1.427339382435679760e-01	6.841923646780576074e-02	2.832488193670549409e-02	7.074786441959619865e-02
1.015931744867609382e+03	2.756690347907228000e-01	1.788043084064040167e-01	2.343978847305117907e-01	1.431195489929259490e-01	6.860537880955866474e-02	2.838155211433132999e-02	7.102229215516432659e-02
1.020769515081264785e+03	2.748427863376876612e-01	1.782219681713848314e-01	2.349101215878902360e-01	1.435039253109592627e-01	6.878901388835664821e-02	2.843902282236285273e-02	7.129316188097742368e-02
1.025607285294920075e+03	2.740213365766263065e-01	1.776430326042486019e-01	2.354205474912940965e-01	1.438869978574836839e-01	6.897022757412313299e-02	2.849725604084509326e-02	7.156060185499796278e-02
1.030445055508575479e+03	2.732046567101469869e-01	1.770674831080559508e-01	2.359291072300870040e-01	1.442687022826690812e-01	6.914910185293751677e-02	2.855621525841242972e-02	7.182473355730993603e-02
1.035282825722230655e+03	2.723927181493476790e-01	1.764953010827224056e-01	2.364357493512099229e-01	1.446489789352681798e-01	6.932571500666595554e-02	2.861586540445059876e-02	7.208567206995415699e-02
1.040120595935886058e+03	2.715854925110639528e-01	1.759264679319715030e-01	2.369404259648679734e-01	1.450277725874430657e-01	6.950014178439591073e-02	2.867617278459427474e-02	7.234352643528210725e-02
1.044958366149541234e+03	2.707829516151861182e-01	1.753609650698469136e-01	2.374430925598614850e-01	1.454050321752477504e-01	6.967245356604057083e-02	2.873710501938919054e-02	7.259839999404672783e-02
1.049796136363196410e+03	2.699850674820431506e-01	1.747987739268084539e-01	2.379437078280867979e-01	1.457807105538806713e-01	6.984271851846364509e-02	2.879863098595663098e-02	7.285039070437941688e-02
1.054633906576851814e+03	2.691918123298527310e-01	1.742398759554359966e-01	2.384422334977571167e-01	1.461547642668695191e-01	7.001100174445949731e-02	2.886072076250669957e-02	7.309959144273725506e-02
1.059471676790506763e+03	2.684031585722346236e-01	1.736842526357640637e-01	2.389386341749142328e-01	1.465271533283992178e-01	7.017736542490923823e-02	2.892334557555470767e-02	7.334609028784280782e-02
1.064309447004162394e+03	2.676190788157858935e-01	1.731318854802680607e-01	2.394328771928241339e-01	1.468978410180382110e-01	7.034186895441929543e-02	2.898647774970266808e-02	7.358997078858073304e-02
1.069147217217817570e+03	2.668395458577158541e-01	1.725827560385224668e-01	2.399249324688683960e-01	1.472667936871607797e-01	7.050456907073558710e-02	2.905009065985507399e-02	7.383131221676084155e-02
1.073984987431472746e+03	2.660645326835397451e-01	1.720368459015497453e-01	2.404147723685635674e-01	1.476339805764025070e-01	7.066551997821338138e-02	2.911415868574498272e-02	7.407018980560507726e-02
1.078822757645127922e+03	2.652940124648283104e-01	1.714941367058778754e-01	2.409023715763571327e-01	1.479993736435238350e-01	7.082477346561112663e-02	2.917865716865282455e-02	7.430667497476790839e-02
1.083660527858783553e+03	2.645279585570126102e-01	1.709546101373232430e-01	2.413877069728673219e-01	1.483629474010918770e-01	7.098237901846425613e-02	2.924356237020655017e-02	7.454083554265308886e-02
1.088498298072438729e+03	2.637663444972417892e-01	1.704182479345150991e-01	2.418707575182496017e-01	1.487246787634247114e-01	7.113838392628379914e-02	2.930885143315748245e-02	7.477273592674646419e-02
1.093336068286093905e+03	2.630091440022921390e-01	1.698850318921760194e-01	2.423515041413881466e-01	1.490845469022728242e-01	7.129283338481412491e-02	2.937450234403173391e-02	7.500243733264400081e-02
1.098173838499749309e+03	2.622563309665266185e-01	1.693549438641730465e-01	2.428299296346257963e-01	1.494425331107427091e-01	7.144577059357341831e-02	2.944049389756225182e-02	7.522999793241515187e-02
1.103011608713404712e+03	2.615078794599024481e-01	1.688279657663525335e-01	2.433060185537597175e-01	1.497986206749962190e-01	7.159723684889078565e-02	2.950680566281154577e-02	7.545547303290577046e-02
1.107849378927059888e+03	2.607637637260253882e-01	1.683040795791713173e-01	2.437797571230434779e-01	1.501527947532844409e-01	7.174727163264447982e-02	2.957341795089967612e-02	7.567891523455023972e-02
1.112687149140715292e+03	2.600239581802500921e-01	1.677832673501360172e-01	2.442511331449488121e-01	1.505050422619009232e-01	7.189591269689635245e-02	2.964031178425667601e-02	7.590037458123011227e-02
1.117524919354370468e+03	2.592884374078238130e-01	1.672655111960618113e-01	2.447201359144528521e-01	1.508553517676620437e-01	7.204319614460948096e-02	2.970746886732264155e-02	7.611989870168633932e-02
1.122362689568025871e+03	2.585571761620731324e-01	1.667507933051612101e-01	2.451867561376272486e-01	1.512037133865447025e-01	7.218915650662692529e-02	2.977487155862277093e-02	7.633753294296295733e-02
1.127200459781681047e+03	2.578301493626318219e-01	1.662390959389724865e-01	2.456509858543177993e-01	1.515501186881325624e-01	7.233382681508240819e-02	2.984250284414837265e-02	7.655332049633353786e-02
1.132038229995336451e+03	2.571073320937085627e-01	1.657304014341375309e-01	2.461128183647121881e-01	1.518945606055413511e-01	7.247723867340534476e-02	2.991034631197839189e-02	7.676730251613553269e-02
1.136876000208991627e+03	2.563886996023939102e-01	1.652246922040377930e-01	2.465722481596044902e-01	1.522370333505133344e-01	7.261942232307601330e-02	2.997838612807946293e-02	7.697951823191392928e-02
1.141713770422646803e+03	2.556742272970037866e-01	1.647219507402966909e-01	2.470292708541738103e-01	1.525775323333871669e-01	7.276040670727916548e-02	3.004660701322561453e-02	7.719000505425271941e-02
1.146551540636302207e+03	2.549638907454601644e-01	1.642221596141562601e-01	2.474838831251037763e-01	1.529160540876675356e-01	7.290021953159822599e-02	3.011499422098184997e-02	7.739879867465115915e-02
1.151389310849957155e+03	2.542576656737063345e-01	1.637253014777357296e-01	2.479360826508776317e-01	1.532525961989335828e-01	7.303888732188541788e-02	3.018353351669865459e-02	7.760593315978175921e-02
1.156227081063612786e+03	2.535555279641561466e-01	1.632313590651786328e-01	2.483858680550923292e-01	1.535871572378399719e-01	7.317643547943732119e-02	3.025221115746723130e-02	7.781144104044750154e-02
1.161064851277267962e+03	2.528574536541765561e-01	1.627403151936955839e-01	2.488332388526424410e-01	1.539197366969789760e-01	7.331288833359955737e-02	3.032101387298784256e-02	7.801535339553815340e-02
1.165902621490923138e+03	2.521634189346017019e-01	1.622521527645083006e-01	2.492781953986320242e-01	1.542503349313842087e-01	7.344826919191851933e-02	3.038992884730609342e-02	7.821769993126834186e-02
1.170740391704578315e+03	2.514734001482774040e-01	1.617668547637014231e-01	2.497207388398791361e-01	1.545789531024699959e-01	7.358260038795304270e-02	3.045894370137427684e-02	7.841850905596391141e-02
1.175578161918233945e+03	2.507873737886365251e-01	1.612844042629869856e-01	2.501608710688855708e-01	1.549055931252110718e-01	7.371590332685348801e-02	3.052804647639712973e-02	7.861780795064839122e-02
1.180415932131889122e+03	2.501053164983020882e-01	1.608047844203876198e-01	2.505985946801490005e-01	1.552302576183791916e-01	7.384819852881117919e-02	3.059722561792342643e-02	7.881562263566666005e-02
1.185253702345544298e+03	2.494272050677190378e-01	1.603279784808422925e-01	2.510339129287021964e-01	1.555529498576628256e-01	7.397950567047628656e-02	3.066646996064682426e-02	7.901197803356971305e-02
1.190091472559199701e+03	2.487530164338127570e-01	1.598539697767403234e-01	2.514668296907684453e-01	1.558736737315068732e-01	7.410984362443777396e-02	3.073576871388117651e-02	7.920689802847187544e-02
1.194929242772855105e+03	2.480827276786738422e-01	1.593827417283873726e-01	2.518973494264287738e-01	1.561924336995175466e-01	7.423923049685486608e-02	3.080511144767742598e-02	7.940040552207940083e-02
1.199767012986510281e+03	2.474163160282680518e-01	1.589142778444078419e-01	2.523254771442011157e-01	1.565092347532871797e-01	7.436768366332564828e-02	3.087448807955074648e-02	7.959252248657863738e-02
1.204604783200165684e+03	2.467537588511711233e-01	1.584485617220873499e-01	2.527512183674364143e-01	1.568240823795012673e-01	7.449521980307390046e-02	3.094388886178828235e-02	7.978327001456089751e-02
1.209442553413820860e+03	2.460950336573269337e-01	1.579855770476591703e-01	2.531745791024416770e-01	1.571369825251983654e-01	7.462185493153238036e-02	3.101330436930930731e-02	7.997266836615136987e-02
1.214280323627476264e+03	2.454401180968289742e-01	1.575253075965380167e-01	2.535955658082442166e-01	1.574479415650606173e-01	7.474760443139648325e-02	3.108272548805106686e-02	8.016073701349978042e-02
1.219118093841131440e+03	2.447889899587238072e-01	1.570677372335043398e-01	2.540141853679157014e-01	1.577569662706192755e-01	7.487248308221935988e-02	3.115214340385492192e-02	8.034749468278179485e-02
1.223955864054786844e+03	2.441416271698363671e-01	1.566128499128423834e-01	2.544304450613776858e-01	1.580640637812665561e-01	7.499650508861611942e-02	3.122154959182869838e-02	8.053295939385135549e-02
1.228793634268442020e+03	2.434980077936158560e-01	1.561606296784348313e-01	2.548443525396167364e-01	1.583692415769711592e-01	7.511968410714153777e-02	3.129093580616238573e-02	8.071714849767668010e-02
1.233631404482097196e+03	2.428581100290020112e-01	1.557110606638166250e-01	2.552559158002367656e-01	1.586725074526006418e-01	7.524203327190302770e-02	3.136029407037545236e-02	8.090007871168469755e-02
1.238469174695752372e+03	2.422219122093109966e-01	1.552641270921908401e-01	2.556651431642837924e-01	1.589738694937588570e-01	7.536356521896760141e-02	3.142961666797518261e-02	8.108176615313202051e-02
1.243306944909407548e+03	2.415893928011401126e-01	1.548198132764088131e-01	2.560720432542787361e-01	1.592733360540528331e-01	7.548429210961889180e-02	3.149889613350644046e-02	8.126222637061354670e-02
1.248144715123063179e+03	2.409605304032910456e-01	1.543781036189167954e-01	2.564766249733984038e-01	1.595709157337072970e-01	7.560422565251778693e-02	3.156812524397430153e-02	8.144147437381370203e-02
1.252982485336718355e+03	2.403353037457108266e-01	1.539389826116715487e-01	2.568788974857477148e-01	1.598666173594503193e-01	7.572337712481777561e-02	3.163729701062183847e-02	8.161952466159930197e-02
1.257820255550373531e+03	2.397136916884501923e-01	1.535024348360264357e-01	2.572788701976676529e-01	1.601604499655972791e-01	7.584175739228375679e-02	3.170640467104642035e-02	8.179639124854758137e-02
1.262658025764028707e+03	2.390956732206385993e-01	1.530684449625906163e-01	2.576765527400282640e-01	1.604524227762655075e-01	7.595937692846062295e-02	3.177544168163842081e-02	8.197208768999728057e-02
1.267495795977684338e+03	2.384812274594753090e-01	1.526369977510625142e-01	2.580719549514572386e-01	1.607425451886545231e-01	7.607624583293616516e-02	3.184440171032739547e-02	8.214662710570620752e-02
1.272333566191339514e+03	2.378703336492365983e-01	1.522080780500394970e-01	2.584650868624565612e-01	1.610308267573313246e-01	7.619237384874059937e-02	3.191327862962122647e-02	8.232002220219351851e-02
1.277171336404994690e+03	2.372629711602978475e-01	1.517816707968054624e-01	2.588559586803640955e-01	1.613172771794634808e-01	7.630777037892294556e-02	3.198206650992466149e-02	8.249228529384085296e-02
1.282009106618650094e+03	2.366591194881707827e-01	1.513577610170977472e-01	2.592445807751159736e-01	1.616019062809455342e-01	7.642244450234285391e-02	3.205075961312425781e-02	8.266342832282215503e-02
1.286846876832305497e+03	2.360587582525548456e-01	1.509363338248547737e-01	2.596309636657716524e-01	1.618847240033681467e-01	7.653640498871459863e-02	3.211935238642738000e-02	8.283346287792794915e-02
1.291684647045960673e+03	2.354618671964025245e-01	1.505173744219458487e-01	2.600151180077615032e-01	1.621657403917811935e-01	7.664966031293818371e-02	3.218783945644360794e-02	8.300240021234650545e-02
1.296522417259616077e+03	2.348684261849984523e-01	1.501008680978841436e-01	2.603970545808221293e-01	1.624449655832060080e-01	7.676221866875114486e-02	3.225621562349735572e-02	8.317025126046016792e-02
1.301360187473271253e+03	2.342784152050513546e-01	1.496868002295244915e-01	2.607767842775836065e-01	1.627224097958533955e-01	7.687408798173274438e-02	3.232447585616116115e-02	8.333702665371260643e-02
1.306197957686926657e+03	2.336918143637989886e-01	1.492751562807467236e-01	2.611543180927768937e-01	1.629980833190071976e-01	7.698527592169102096e-02	3.239261528599962636e-02	8.350273673559886756e-02
1.311035727900581833e+03	2.331086038881254319e-01	1.488659218021255171e-01	2.615296671130294959e-01	1.632719965035351606e-01	7.709578991446165708e-02	3.246062920251437112e-02	8.366739157582778197e-02
1.315873498114237009e+03	2.325287641236903069e-01	1.484590824305884460e-01	2.619028425072193467e-01	1.635441597529911639e-01	7.720563715314632258e-02	3.252851304828100615e-02	8.383100098370291353e-02
1.320711268327892412e+03	2.319522755340698850e-01	1.480546238890620703e-01	2.622738555173600994e-01	1.638145835152748087e-01	7.731482460881690388e-02	3.259626241426939047e-02	8.399357452076627872e-02
1.325549038541547588e+03	2.313791186999095140e-01	1.476525319861081986e-01	2.626427174499900152e-01	1.640832782748161967e-01	7.742335904071061259e-02	3.266387303533908881e-02	8.415512151274588681e-02
1.330386808755202765e+03	2.308092743180870099e-01	1.472527926155499933e-01	2.630094396680381363e-01	1.643502545452559249e-01	7.753124700594003771e-02	3.273134078590208412e-02	8.431565106084637495e-02
1.335224578968857941e+03	2.302427232008870950e-01	1.468553917560893873e-01	2.633740335831455948e-01	1.646155228625915401e-01	7.763849486874101202e-02	3.279866167574537611e-02	8.447517205241956983e-02
1.340062349182513572e+03	2.296794462751859112e-01	1.464603154709164801e-01	2.637365106484173549e-01	1.648790937787635857e-01	7.774510880928008072e-02	3.286583184600642971e-02	8.463369317104971201e-02
1.344900119396168748e+03	2.291194245816461361e-01	1.460675499073113282e-01	2.640968823515831843e-01	1.651409778556559849e-01	7.785109483204219472e-02	3.293284756529470808e-02	8.479122290608603896e-02
1.349737889609823924e+03	2.285626392739217305e-01	1.456770812962389638e-01	2.644551602085465913e-01	1.654011856594866381e-01	7.795645877381869593e-02	3.299970522595290640e-02	8.494776956165397963e-02
1.354575659823479100e+03	2.280090716178725108e-01	1.452888959519383905e-01	2.648113557573026910e-01	1.656597277555658665e-01	7.806120631131426013e-02	3.306640134045180091e-02	8.510334126517399289e-02
1.359413430037134731e+03	2.274587029907880475e-01	1.449029802715056936e-01	2.651654805522054570e-01	1.659166147034009664e-01	7.816534296839092177e-02	3.313293253791291942e-02	8.525794597541555553e-02
1.364251200250789907e+03	2.269115148806207793e-01	1.445193207344722119e-01	2.655175461585669305e-01	1.661718570521273641e-01	7.826887412296629210e-02	3.319929556075352367e-02	8.541159149011250118e-02
1.369088970464445310e+03	2.263674888852280076e-01	1.441379039023783504e-01	2.658675641475710671e-01	1.664254653362469971e-01	7.837180501358229079e-02	3.326548726144869933e-02	8.556428545316420442e-02
1.373926740678100487e+03	2.258266067116227460e-01	1.437587164183428412e-01	2.662155460914867322e-01	1.666774500716559915e-01	7.847414074566018416e-02	3.333150459940544680e-02	8.571603536144564717e-02
1.378764510891755890e+03	2.252888501752328132e-01	1.433817450066287857e-01	2.665615035591637483e-01	1.669278217519450103e-01	7.857588629745650144e-02	3.339734463794416519e-02	8.586684857124851633e-02
1.383602281105411066e+03	2.247542011991684741e-01	1.430069764722062264e-01	2.669054481117976163e-01	1.671765908449563687e-01	7.867704652573428992e-02	3.346300454138284586e-02	8.601673230437367756e-02
1.388440051319066470e+03	2.242226418134979637e-01	1.426343977003120267e-01	2.672473912989496991e-01	1.674237677895823451e-01	7.877762617116293442e-02	3.352848157221985370e-02	8.616569365389463442e-02
1.393277821532721646e+03	2.236941541545309775e-01	1.422639956560071139e-01	2.675873446548087120e-01	1.676693629927915319e-01	7.887762986345973892e-02	3.359377308841095255e-02	8.631373958961040260e-02
1.398115591746377049e+03	2.231687204641099043e-01	1.418957573837318353e-01	2.679253196946816962e-01	1.679133868268688767e-01	7.897706212628520517e-02	3.365887654073686230e-02	8.646087696320503557e-02
1.402953361960032225e+03	2.226463230889085265e-01	1.415296700068592872e-01	2.682613279117024851e-01	1.681558496268572289e-01	7.907592738190402648e-02	3.372378947025756607e-02	8.660711251313021886e-02
1.407791132173687402e+03	2.221269444797380199e-01	1.411657207272474235e-01	2.685953807737462840e-01	1.683967616881887897e-01	7.917422995562262145e-02	3.378850950584971063e-02	8.675245286922646237e-02
1.412628902387342805e+03	2.216105671908601971e-01	1.408038968247896927e-01	2.689274897205395365e-01	1.686361332644946698e-01	7.927197408001412926e-02	3.385303436182386660e-02	8.689690455709722650e-02
1.417466672600997981e+03	2.210971738793077734e-01	1.404441856569648983e-01	2.692576661609549782e-01	1.688739745655823687e-01	7.936916389894078938e-02	3.391736183561831069e-02	8.704047400225012332e-02
1.422304442814653157e+03	2.205867473042115445e-01	1.400865746583865035e-01	2.695859214704824924e-01	1.691102957555712383e-01	7.946580347138343381e-02	3.398148980556630477e-02	8.718316753401775254e-02
1.427142213028308333e+03	2.200792703261340022e-01	1.397310513403511312e-01	2.699122669888659454e-01	1.693451069511762164e-01	7.956189677508727909e-02	3.404541622873395040e-02	8.732499138927073135e-02
1.431979983241963964e+03	2.195747259064098622e-01	1.393776032903872863e-01	2.702367140178978944e-01	1.695784182201312273e-01	7.965744771003274716e-02	3.410913913882573228e-02	8.746595171593446461e-02
1.436817753455619140e+03	2.190730971064928090e-01	1.390262181718036616e-01	2.705592738193635105e-01	1.698102395797438657e-01	7.975246010173976663e-02	3.417265664415521098e-02	8.760605457632039683e-02
1.441655523669274316e+03	2.185743670873085964e-01	1.386768837232379148e-01	2.708799576131256659e-01	1.700405809955733705e-01	7.984693770441331218e-02	3.423596692567820038e-02	8.774530595028218194e-02
1.446493293882929493e+03	2.180785191086141994e-01	1.383295877582056133e-01	2.711987765753443580e-01	1.702694523802245063e-01	7.994088420393795358e-02	3.429906823508606373e-02	8.788371173820654081e-02
1.451331064096585123e+03	2.175855365283631826e-01	1.379843181646498718e-01	2.715157418368226994e-01	1.704968635922502473e-01	8.003430322072860315e-02	3.436195889295683842e-02	8.802127776384781332e-02
1.456168834310240300e+03	2.170954028020767868e-01	1.376410629044914902e-01	2.718308644814729225e-01	1.707228244351569058e-01	8.012719831244419222e-02	3.442463728696185110e-02	8.815800977701510055e-02
1.461006604523895703e+03	2.166081014822209549e-01	1.372998100131801180e-01	2.721441555448961269e-01	1.709473446565052679e-01	8.021957297657104913e-02	3.448710187012583861e-02	8.829391345611992126e-02
1.465844374737550879e+03	2.161236162175888820e-01	1.369605475992461963e-01	2.724556260130693852e-01	1.711704339471017966e-01	8.031143065288207095e-02	3.454935115913856936e-02	8.842899441059239030e-02
1.470682144951206283e+03	2.156419307526893092e-01	1.366232638438541758e-01	2.727652868211349335e-01	1.713921019402744883e-01	8.040277472577765649e-02	3.461138373271583496e-02	8.856325818317291321e-02
1.475519915164861459e+03	2.151630289271401208e-01	1.362879470003567350e-01	2.730731488522852302e-01	1.716123582112283052e-01	8.049360852651417375e-02	3.467319823000823698e-02	8.869671025208653026e-02
1.480357685378516862e+03	2.146868946750673524e-01	1.359545853938504967e-01	2.733792229367393301e-01	1.718312122764748817e-01	8.058393533532523523e-02	3.473479334905584665e-02	8.882935603310619654e-02
1.485195455592172038e+03	2.142135120245095559e-01	1.356231674207331872e-01	2.736835198508051348e-01	1.720486735933321742e-01	8.067375838344098549e-02	3.479616784528707929e-02	8.896120088151128480e-02
1.490033225805827215e+03	2.137428650968270227e-01	1.352936815482621569e-01	2.739860503160230776e-01	1.722647515594895595e-01	8.076308085501032741e-02	3.485732053006020126e-02	8.909225009394707018e-02
1.494870996019482618e+03	2.132749381061165295e-01	1.349661163141145925e-01	2.742868249983869133e-01	1.724794555126342444e-01	8.085190588893066688e-02	3.491825026924594289e-02	8.922250891019048447e-02
1.499708766233137567e+03	2.128097153586306911e-01	1.346404603259494792e-01	2.745858545076368951e-01	1.726927947301352684e-01	8.094023658058974169e-02	3.497895598184971866e-02	8.935198251482762144e-02
1.504546536446793198e+03	2.123471812522022828e-01	1.343167022609712269e-01	2.748831493966216177e-01	1.729047784287810752e-01	8.102807598352361473e-02	3.503943663867204600e-02	8.948067603884753141e-02
1.509384306660448374e+03	2.118873202756735297e-01	1.339948308654951847e-01	2.751787201607249767e-01	1.731154157645676539e-01	8.111542711099507807e-02	3.509969126100583037e-02	8.960859456115714827e-02
1.514222076874103550e+03	2.114301170083299486e-01	1.336748349545150427e-01	2.754725772373539106e-01	1.733247158325336157e-01	8.120229293749611776e-02	3.515971891936928162e-02	8.973574311002151249e-02
1.519059847087758726e+03	2.109755561193389084e-01	1.333567034112722594e-01	2.757647310054842094e-01	1.735326876666393736e-01	8.128867640017813090e-02	3.521951873227308766e-02	8.986212666443349484e-02
1.523897617301414357e+03	2.105236223671927420e-01	1.330404251868273491e-01	2.760551917852606674e-01	1.737393402396875119e-01	8.137458040021353090e-02	3.527908986502083233e-02	8.998775015541686517e-02
1.528735387515069533e+03	2.100743005991564383e-01	1.327259892996333623e-01	2.763439698376485842e-01	1.739446824632815691e-01	8.146000780409184960e-02	3.533843152854146408e-02	9.011261846726634217e-02
1.533573157728724709e+03	2.096275757507195248e-01	1.324133848351114195e-01	2.766310753641339493e-01	1.741487231878204867e-01	8.154496144485361142e-02	3.539754297825264268e-02	9.023673643872806571e-02
1.538410927942380113e+03	2.091834328450526137e-01	1.321026009452283823e-01	2.769165185064689783e-01	1.743514712025268087e-01	8.162944412326506027e-02	3.545642351295406197e-02	9.036010886412375320e-02
1.543248698156035516e+03	2.087418569924680278e-01	1.317936268480768836e-01	2.772003093464608936e-01	1.745529352355060237e-01	8.171345860893643176e-02	3.551507247374974252e-02	9.048274049442166234e-02
1.548086468369690692e+03	2.083028333898847284e-01	1.314864518274572458e-01	2.774824579058011165e-01	1.747531239538346326e-01	8.179700764138660152e-02	3.557348924299819082e-02	9.060463603825714973e-02
1.552924238583346096e+03	2.078663473202973511e-01	1.311810652324619519e-01	2.777629741459325396e-01	1.749520459636757508e-01	8.188009393105673273e-02	3.563167324328972430e-02	9.072580016290568428e-02
1.557762008797001272e+03	2.074323841522494327e-01	1.308774564770621984e-01	2.780418679679525495e-01	1.751497098104194405e-01	8.196272016027530971e-02	3.568962393644994208e-02	9.084623749521082703e-02
1.562599779010656675e+03	2.070009293393105798e-01	1.305756150396969462e-01	2.783191492125504096e-01	1.753461239788465520e-01	8.204488898417706955e-02	3.574734082256855044e-02	9.096595262246962021e-02
1.567437549224311852e+03	2.065719684195576056e-01	1.302755304628640809e-01	2.785948276599753415e-01	1.755412968933143247e-01	8.212660303157785779e-02	3.580482343905271730e-02	9.108495009327781389e-02
1.572275319437967255e+03	2.061454870150598029e-01	1.299771923527140993e-01	2.788689130300350816e-01	1.757352369179619456e-01	8.220786490580771211e-02	3.586207135970420623e-02	9.120323441833687317e-02
1.577113089651622431e+03	2.057214708313676310e-01	1.296805903786461267e-01	2.791414149821221935e-01	1.759279523569348413e-01	8.228867718550421373e-02	3.591908419381957540e-02	9.132081007122511140e-02
1.581950859865277607e+03	2.052999056570058156e-01	1.293857142729061827e-01	2.794123431152665815e-01	1.761194514546260137e-01	8.236904242536788323e-02	3.597586158531261569e-02	9.143768148913457294e-02
1.586788630078933011e+03	2.048807773629698070e-01	1.290925538301879727e-01	2.796817069682125401e-01	1.763097423959334720e-01	8.244896315688160504e-02	3.603240321185849360e-02	9.155385307357580271e-02
1.591626400292587959e+03	2.044640719022259023e-01	1.288010989072360946e-01	2.799495160195187848e-01	1.764988333065322101e-01	8.252844188899591260e-02	3.608870878405877336e-02	9.166932919105207078e-02
1.596464170506243590e+03	2.040497753092154476e-01	1.285113394224514649e-01	2.802157796876800777e-01	1.766867322531597007e-01	8.260748110878148032e-02	3.614477804462688793e-02	9.178411417370464787e-02
1.601301940719898766e+03	2.036378736993621485e-01	1.282232653554994939e-01	2.804805073312692243e-01	1.768734472439138505e-01	8.268608328205087621e-02	3.620061076759324009e-02	9.189821231993083872e-02
1.606139710933553943e+03	2.032283532685833505e-01	1.279368667469202858e-01	2.807437082490976121e-01	1.770589862285621985e-01	8.276425085395058834e-02	3.625620675752950356e-02	9.201162789497614736e-02
1.610977481147209119e+03	2.028212002928046764e-01	1.276521336977416710e-01	2.810053916803931795e-01	1.772433570988616869e-01	8.284198624952518464e-02	3.631156584879149246e-02	9.212436513150179529e-02
1.615815251360864750e+03	2.024164011274781072e-01	1.273690563690943189e-01	2.812655668049952595e-01	1.774265676888878984e-01	8.291929187425485515e-02	3.636668790478005120e-02	9.223642823012927205e-02
1.620653021574519926e+03	2.020139422071035584e-01	1.270876249818294890e-01	2.815242427435643013e-01	1.776086257753728137e-01	8.299617011456737747e-02	3.642157281721947887e-02	9.234782135996272290e-02
1.625490791788175102e+03	2.016138100447538994e-01	1.268078298161391670e-01	2.817814285578061351e-01	1.777895390780506457e-01	8.307262333832624024e-02	3.647622050545299560e-02	9.245854865909068632e-02
1.630328562001830505e+03	2.012159912316033028e-01	1.265296612111786179e-01	2.820371332507090600e-01	1.779693152600105854e-01	8.314865389529557671e-02	3.653063091575466798e-02	9.256861423506798636e-02
1.635166332215485909e+03	2.008204724364588134e-01	1.262531095646913515e-01	2.822913657667933673e-01	1.781479619280560978e-01	8.322426411758358789e-02	3.658480402065748122e-02	9.267802216537909810e-02
1.640004102429141085e+03	2.004272404052953871e-01	1.259781653326365047e-01	2.825441349923724643e-01	1.783254866330697685e-01	8.329945632006496847e-02	3.663873981829697535e-02	9.278677649788373560e-02
1.644841872642796488e+03	2.000362819607939269e-01	1.257048190288187206e-01	2.827954497558239910e-01	1.785018968703835640e-01	8.337423280078376520e-02	3.669243833177009140e-02	9.289488125124573115e-02
1.649679642856451665e+03	1.996475840018827608e-01	1.254330612245204146e-01	2.830453188278710952e-01	1.786772000801533089e-01	8.344859584133750008e-02	3.674589960850879050e-02	9.300234041534595486e-02
1.654517413070107068e+03	1.992611335032822006e-01	1.251628825481362894e-01	2.832937509218723671e-01	1.788514036477373281e-01	8.352254770724341915e-02	3.679912371966798795e-02	9.310915795168023257e-02
1.659355183283762244e+03	1.988769175150521540e-01	1.248942736848105556e-01	2.835407546941202117e-01	1.790245149040785855e-01	8.359609064828779634e-02	3.685211075952757320e-02	9.321533779374296946e-02
1.664192953497417420e+03	1.984949231621429000e-01	1.246272253760762616e-01	2.837863387441463825e-01	1.791965411260898200e-01	8.366922689885931963e-02	3.690486084490788438e-02	9.332088384739725684e-02
1.669030723711072824e+03	1.981151376439489742e-01	1.243617284194971501e-01	2.840305116150351195e-01	1.793674895370410971e-01	8.374195867826687845e-02	3.695737411459856098e-02	9.342579999123204471e-02
1.673868493924728000e+03	1.977375482338660229e-01	1.240977736683119004e-01	2.842732817937417278e-01	1.795373673069497467e-01	8.381428819104304317e-02	3.700965072880019191e-02	9.353009007690724075e-02
1.678706264138383403e+03	1.973621422788507385e-01	1.238353520310806338e-01	2.845146577114173181e-01	1.797061815529718276e-01	8.388621762723361130e-02	3.706169086857857842e-02	9.363375792948715193e-02
1.683544034352038352e+03	1.969889071989836260e-01	1.235744544713339582e-01	2.847546477437389312e-01	1.798739393397951192e-01	8.395774916267405297e-02	3.711349473533118865e-02	9.373680734776297652e-02
1.688381804565693983e+03	1.966178304870347948e-01	1.233150720072241219e-01	2.849932602112440483e-01	1.800406476800330002e-01	8.402888495925343870e-02	3.716506255026554711e-02	9.383924210456488779e-02
1.693219574779349159e+03	1.962488997080328312e-01	1.230571957111787351e-01	2.852305033796689315e-01	1.802063135346192724e-01	8.409962716516657111e-02	3.721639455388921908e-02	9.394106594706423674e-02
1.698057344993004335e+03	1.958821024988360582e-01	1.228008167095566705e-01	2.854663854602916273e-01	1.803709438132032328e-01	8.416997791515473670e-02	3.726749100551108446e-02	9.404228259706629012e-02
1.702895115206659511e+03	1.955174265677073475e-01	1.225459261823063084e-01	2.857009146102775787e-01	1.805345453745449413e-01	8.423993933073577189e-02	3.731835218275372096e-02	9.414289575129405896e-02
1.707732885420315142e+03	1.951548596938909863e-01	1.222925153626261557e-01	2.859340989330280136e-01	1.806971250269103491e-01	8.430951352042406755e-02	3.736897838107645226e-02	9.424290908166371716e-02
1.712570655633970318e+03	1.947943897271929847e-01	1.220405755366275879e-01	2.861659464785316631e-01	1.808586895284661211e-01	8.437870257994069256e-02	3.741936991330890860e-02	9.434232623555183217e-02
1.717408425847625494e+03	1.944360045875638821e-01	1.217900980430001306e-01	2.863964652437175351e-01	1.810192455876738771e-01	8.444750859241452468e-02	3.746952710919485008e-02	9.444115083605500449e-02
1.722246196061280898e+03	1.940796922646841338e-01	1.215410742726786980e-01	2.866256631728107407e-01	1.811787998636835983e-01	8.451593362857451330e-02	3.751945031494592631e-02	9.453938648224217978e-02
1.727083966274936301e+03	1.937254408175526077e-01	1.212934956685133570e-01	2.868535481576887647e-01	1.813373589667261754e-01	8.458397974693369903e-02	3.756913989280517147e-02	9.463703674940002197e-02
1.731921736488591478e+03	1.933732383740773830e-01	1.210473537249411591e-01	2.870801280382395682e-01	1.814949294585045947e-01	8.465164899396537823e-02	3.761859622062001252e-02	9.473410518927170842e-02
1.736759506702246881e+03	1.930230731306694925e-01	1.208026399876602347e-01	2.873054106027204679e-01	1.816515178525839880e-01	8.471894340427177372e-02	3.766781969142455472e-02	9.483059533028934118e-02
1.741597276915902057e+03	1.926749333518391338e-01	1.205593460533061628e-01	2.875294035881175714e-01	1.818071306147800437e-01	8.478586500074555832e-02	3.771681071303088773e-02	9.492651067780048801e-02
1.746435047129557461e+03	1.923288073697945744e-01	1.203174635691304367e-01	2.877521146805058772e-01	1.819617741635460029e-01	8.485241579472467544e-02	3.776556970762928733e-02	9.502185471428895025e-02
1.751272817343212637e+03	1.919846835840436361e-01	1.200769842326811915e-01	2.879735515154094316e-01	1.821154548703577125e-01	8.491859778614072041e-02	3.781409711139695901e-02	9.511663089959010442e-02
1.756110587556867813e+03	1.916425504609977626e-01	1.198378997914861105e-01	2.881937216781614297e-01	1.822681790600968466e-01	8.498441296366128495e-02	3.786239337411526767e-02	9.521084267110105359e-02
1.760948357770523216e+03	1.913023965335786669e-01	1.196002020427373858e-01	2.884126327042640936e-01	1.824199530114321566e-01	8.504986330482644519e-02	3.791045895879520400e-02	9.530449344398581046e-02
1.765786127984178393e+03	1.909642104008273111e-01	1.193638828329789403e-01	2.886302920797482741e-01	1.825707829571987517e-01	8.511495077617982352e-02	3.795829434131083036e-02	9.539758661137578977e-02
1.770623898197833569e+03	1.906279807275157168e-01	1.191289340577957184e-01	2.888467072415323855e-01	1.827206750847750194e-01	8.517967733339443237e-02	3.800590001004067880e-02	9.549012554456585977e-02
1.775461668411488745e+03	1.902936962437609958e-01	1.188953476615050991e-01	2.890618855777802865e-01	1.828696355364573256e-01	8.524404492139350809e-02	3.805327646551669857e-02	9.558211359320595291e-02
1.780299438625144376e+03	1.899613457446418241e-01	1.186631156368503637e-01	2.892758344282589933e-01	1.830176704098324114e-01	8.530805547446675130e-02	3.810042422008083629e-02	9.567355408548865181e-02
1.785137208838799552e+03	1.896309180898176627e-01	1.184322300246963694e-01	2.894885610846945623e-01	1.831647857581474026e-01	8.537171091638204312e-02	3.814734379754886745e-02	9.576445032833290349e-02
1.789974979052454728e+03	1.893024022031500608e-01	1.182026829137271529e-01	2.897000727911271944e-01	1.833109875906772102e-01	8.543501316049295635e-02	3.819403573288140258e-02	9.585480560756381996e-02
1.794812749266109904e+03	1.889757870723264011e-01	1.179744664401456977e-01	2.899103767442648416e-01	1.834562818730895717e-01	8.549796410984226991e-02	3.824050057186193646e-02	9.594462318808910650e-02
1.799650519479765535e+03	1.886510617484863095e-01	1.177475727873756595e-01	2.901194800938355911e-01	1.836006745278072338e-01	8.556056565726156971e-02	3.828673887078170440e-02	9.603390631407178468e-02
1.804488289693420711e+03	1.883282153458500363e-01	1.175219941857651718e-01	2.903273899429381633e-01	1.837441714343678589e-01	8.562281968546740785e-02	3.833275119613129001e-02	9.612265820909994540e-02
1.809326059907075887e+03	1.880072370413494731e-01	1.172977229122926651e-01	2.905341133483912430e-01	1.838867784297809616e-01	8.568472806715382584e-02	3.837853812429873473e-02	9.621088207635301870e-02
1.814163830120731291e+03	1.876881160742613075e-01	1.170747512902746701e-01	2.907396573210805357e-01	1.840285013088821531e-01	8.574629266508183856e-02	3.842410024127410756e-02	9.629858109876529570e-02
1.819001600334386467e+03	1.873708417458425646e-01	1.168530716890755494e-01	2.909440288263046015e-01	1.841693458246848603e-01	8.580751533216564308e-02	3.846943814236027798e-02	9.638575843918638364e-02
1.823839370548041643e+03	1.870554034189684800e-01	1.166326765238193397e-01	2.911472347841181918e-01	1.843093176887289630e-01	8.586839791155599644e-02	3.851455243188989935e-02	9.647241724053902401e-02
1.828677140761696819e+03	1.867417905177723991e-01	1.164135582551033832e-01	2.913492820696740870e-01	1.844484225714268233e-01	8.592894223672079002e-02	3.855944372294835276e-02	9.655856062597406586e-02
1.833514910975352450e+03	1.864299925272882852e-01	1.161957093887140829e-01	2.915501775135624918e-01	1.845866661024064825e-01	8.598915013152300113e-02	3.860411263710254032e-02	9.664419169902299656e-02
1.838352681189008081e+03	1.861199989930951426e-01	1.159791224753443512e-01	2.917499279021487091e-01	1.847240538708519730e-01	8.604902341029611879e-02	3.864855980413547248e-02	9.672931354374809942e-02
1.843190451402663257e+03	1.858117995209638273e-01	1.157637901103131944e-01	2.919485399779085388e-01	1.848605914258407146e-01	8.610856387791716859e-02	3.869278586178647589e-02	9.681392922489000241e-02
1.848028221616318433e+03	1.855053837765059110e-01	1.155497049332870896e-01	2.921460204397610672e-01	1.849962842766781634e-01	8.616777332987758664e-02	3.873679145549684122e-02	9.689804178801315893e-02
1.852865991829973609e+03	1.852007414848249600e-01	1.153368596280032327e-01	2.923423759434001790e-01	1.851311378932295193e-01	8.622665355235184514e-02	3.878057723816094593e-02	9.698165425964906661e-02
1.857703762043628785e+03	1.848978624301697293e-01	1.151252469219947311e-01	2.925376131016226289e-01	1.852651577062486565e-01	8.628520632226412135e-02	3.882414386988260191e-02	9.706476964743737668e-02
1.862541532257283961e+03	1.845967364555894941e-01	1.149148595863175720e-01	2.927317384846542803e-01	1.853983491077039192e-01	8.634343340735305128e-02	3.886749201773657264e-02	9.714739094026496324e-02
1.867379302470939592e+03	1.842973534625917675e-01	1.147056904352794643e-01	2.929247586204744014e-01	1.855307174511013901e-01	8.640133656623459613e-02	3.891062235553516269e-02	9.722952110840303586e-02
1.872217072684594768e+03	1.839997034108018792e-01	1.144977323261705260e-01	2.931166799951370194e-01	1.856622680518049406e-01	8.645891754846325716e-02	3.895353556359971298e-02	9.731116310364243405e-02
