9.143385703808486369e+02	2.941354366451052194e-01	1.918196032401429663e-01	2.236243640714513647e-01	1.349966975863665930e-01	6.376188736002599833e-02	2.749162640215081430e-02	6.417038469437051640e-02
9.191763405945038130e+02	2.932017655778528797e-01	1.911619741697322405e-01	2.241290945457128647e-01	1.353779123197150214e-01	6.404701529544833127e-02	2.751882822421538449e-02	6.456340986693674677e-02
9.240141108081592165e+02	2.922735525133536294e-01	1.905081144295188156e-01	2.246362897803552694e-01	1.357611744433834255e-01	6.432496817987615190e-02	2.754820993004362603e-02	6.494769072308254065e-02
9.288518810218145063e+02	2.913507630375908874e-01	1.898580084884123886e-01	2.251456263173467753e-01	1.361462043930433685e-01	6.459608789097399939e-02	2.757967029297318448e-02	6.532363957927285469e-02
9.336896512354697961e+02	2.904333630671685484e-01	1.892116404839833399e-01	2.256567996828456879e-01	1.365327397432653522e-01	6.486069821377191125e-02	2.761311283683582155e-02	6.569164597174274867e-02
9.385274214491247449e+02	2.895213188411269734e-01	1.885689942491578230e-01	2.261695233450041753e-01	1.369205342252937385e-01	6.511910580664073689e-02	2.764844559209228558e-02	6.605207794029774315e-02
9.433651916627801484e+02	2.886145969131145850e-01	1.879300533373434723e-01	2.266835277283106576e-01	1.373093568005020193e-01	6.537160111572300203e-02	2.768558086504989413e-02	6.640528323956988721e-02
9.482029618764355519e+02	2.877131641438983589e-01	1.872948010460749879e-01	2.271985592814134425e-01	1.376989907863790941e-01	6.561845924056684820e-02	2.772443501944927766e-02	6.675159048183150479e-02
9.530407320900908417e+02	2.868169876941958352e-01	1.866632204392643102e-01	2.277143795955325067e-01	1.380892330320742656e-01	6.585994075356371713e-02	2.776492826974582412e-02	6.709131021523707938e-02
9.578785023037459041e+02	2.859260350178134402e-01	1.860352943681339577e-01	2.282307645707232768e-01	1.384798931406981404e-01	6.609629247565232402e-02	2.780698448544847642e-02	6.742473594114398172e-02
9.627162725174014213e+02	2.850402738550760207e-01	1.854110054909093031e-01	2.287475036274040918e-01	1.388707927357335226e-01	6.632774821062022153e-02	2.785053100591338218e-02	6.775214507395706243e-02
9.675540427310568248e+02	2.841596722265335440e-01	1.847903362913399516e-01	2.292643989606982513e-01	1.392617647690617411e-01	6.655452944021038320e-02	2.789549846502304559e-02	6.807379984674667706e-02
9.723918129447120009e+02	2.832841984269313107e-01	1.841732690961170316e-01	2.297812648352750009e-01	1.396526528682493495e-01	6.677684598212216271e-02	2.794182062521274879e-02	6.838994816570612145e-02
9.772295831583674044e+02	2.824138210194303555e-01	1.835597860912495938e-01	2.302979269184975419e-01	1.400433107208744199e-01	6.699489661288526854e-02	2.798943422033560446e-02	6.870082441634098314e-02
9.820673533720223531e+02	2.815485088300673233e-01	1.829498693374591312e-01	2.308142216498061117e-01	1.404336014937966892e-01	6.720886965747971398e-02	2.803827880688544369e-02	6.900665022411936467e-02
9.869051235856777566e+02	2.806882309424405531e-01	1.823435007846483658e-01	2.313299956443748417e-01	1.408233972853945304e-01	6.741894354747506035e-02	2.808829662312308656e-02	6.930763517215737801e-02
9.917428937993331601e+02	2.798329566926123224e-01	1.817406622854971510e-01	2.318451051291878784e-01	1.412125786089033774e-01	6.762528734936766595e-02	2.813943245567648160e-02	6.960397747836902238e-02
9.965806640129884499e+02	2.789826556642164279e-01	1.811413356082351989e-01	2.323594154097800846e-01	1.416010339050960409e-01	6.782806126470551644e-02	2.819163351320871924e-02	6.989586463437190422e-02
1.001418434226643626e+03	2.781372976837616640e-01	1.805455024486390392e-01	2.328728003659829571e-01	1.419886590826442141e-01	6.802741710350521109e-02	2.824484930677013603e-02	7.018347400831068117e-02
1.006256204440298802e+03	2.772968528161208757e-01	1.799531444412968140e-01	2.333851419751053202e-01	1.423753570845952832e-01	6.822349873238582607e-02	2.829903153647181369e-02	7.046697341363802880e-02
1.011093974653954206e+03	2.764612913601974253e-01	1.793642431701835405e-01	2.338963298610638453e-01	1.427610374794861803e-01	6.841644249876817352e-02	2.835413398413755282e-02	7.074652164577729940e-02
1.015931744867609382e+03	2.756305838447599132e-01	1.787787801785859498e-01	2.344062608680586579e-01	1.431456160757002549e-01	6.860637763241636544e-02	2.841011241161027837e-02	7.102226898848250369e-02
1.020769515081264785e+03	2.748047010244381583e-01	1.781967369784139832e-01	2.349148386574648750e-01	1.435290145577517440e-01	6.879342662553039611e-02	2.846692446440644494e-02	7.129435769160828718e-02
1.025607285294920075e+03	2.739836138758707795e-01	1.776180950589343888e-01	2.354219733266830206e-01	1.439111601432566390e-01	6.897770559253429967e-02	2.852452958042892006e-02	7.156292242190592789e-02
1.030445055508575479e+03	2.731672935939987168e-01	1.770428358949593939e-01	2.359275810487591052e-01	1.442919852594193586e-01	6.915932461064289161e-02	2.858288890346454697e-02	7.182809068837001099e-02
1.035282825722230655e+03	2.723557115884976398e-01	1.764709409545216490e-01	2.364315837316498525e-01	1.446714272379302779e-01	6.933838804223310670e-02	2.864196520120764269e-02	7.208998324357383802e-02
1.040120595935886058e+03	2.715488394803417527e-01	1.759023917060650311e-01	2.369339086960683960e-01	1.450494280272323355e-01	6.951499483999072637e-02	2.870172278756481440e-02	7.234871446235099923e-02
1.044958366149541234e+03	2.707466490984929419e-01	1.753371696251791734e-01	2.374344883709044729e-01	1.454259339211728674e-01	6.968923883575171840e-02	2.876212744900981735e-02	7.260439269910307081e-02
1.049796136363196410e+03	2.699491124767101069e-01	1.747752562009038668e-01	2.379332600052666280e-01	1.458008953031136867e-01	6.986120901390849292e-02	2.882314637476988961e-02	7.285712062494147101e-02
1.054633906576851814e+03	2.691562018504720655e-01	1.742166329416278969e-01	2.384301653962458967e-01	1.461742664046236095e-01	7.003098977020479066e-02	2.888474809063688517e-02	7.310699554580302184e-02
1.059471676790506763e+03	2.683678896540090397e-01	1.736612813806061861e-01	2.389251506315491214e-01	1.465460050779282819e-01	7.019866115669919082e-02	2.894690239620785477e-02	7.335410970261449504e-02
1.064309447004162394e+03	2.675841485174376699e-01	1.731091830811166132e-01	2.394181658461958517e-01	1.469160725813377644e-01	7.036429911363563383e-02	2.900958030537036103e-02	7.359855055452031725e-02
1.069147217217817570e+03	2.668049512639942833e-01	1.725603196412777707e-01	2.399091649925165770e-01	1.472844333769173786e-01	7.052797568891970570e-02	2.907275398985794193e-02	7.384040104613059929e-02
1.073984987431472746e+03	2.660302709073623650e-01	1.720146726985471441e-01	2.403981056227312563e-01	1.476510549397077876e-01	7.068975924586266835e-02	2.913639672571065320e-02	7.407973985969237840e-02
1.078822757645127922e+03	2.652600806490895136e-01	1.714722239339180609e-01	2.408849486834258313e-01	1.480159075778411104e-01	7.084971465981937389e-02	2.920048284248456458e-02	7.431664165303586422e-02
1.083660527858783553e+03	2.644943538760894941e-01	1.709329550758327265e-01	2.413696583212818769e-01	1.483789642629347039e-01	7.100790350431319953e-02	2.926498767506275842e-02	7.455117728409953182e-02
1.088498298072438729e+03	2.637330641582259494e-01	1.703968479038284745e-01	2.418522016994487656e-01	1.487402004701812719e-01	7.116438422720945678e-02	2.932988751792821661e-02	7.478341402279216343e-02
1.093336068286093905e+03	2.629761852459735483e-01	1.698638842519318015e-01	2.423325488239811698e-01	1.490995940275851861e-01	7.131921231746844725e-02	2.939515958176679156e-02	7.501341575090741953e-02
1.098173838499749309e+03	2.622236910681530753e-01	1.693340460118153978e-01	2.428106723797957001e-01	1.494571249738274321e-01	7.147244046298160958e-02	2.946078195227548255e-02	7.524124315076570479e-02
1.103011608713404712e+03	2.614755557297372413e-01	1.688073151357318835e-01	2.432865475756305351e-01	1.498127754242696008e-01	7.162411869996666847e-02	2.952673355105815689e-02	7.546695388322033349e-02
1.107849378927059888e+03	2.607317535097236627e-01	1.682836736392372967e-01	2.437601519975187980e-01	1.501665294446359322e-01	7.177429455437284167e-02	2.959299409849719051e-02	7.569060275562873585e-02
1.112687149140715292e+03	2.599922588590725114e-01	1.677631036037162959e-01	2.442314654703139909e-01	1.505183729319378994e-01	7.192301317572286079e-02	2.965954407849559146e-02	7.591224188035537723e-02
1.117524919354370468e+03	2.592570463987049489e-01	1.672455871787211223e-01	2.447004699268302275e-01	1.508682935022308547e-01	7.207031746379582993e-02	2.972636470498999511e-02	7.613192082434157293e-02
1.122362689568025871e+03	2.585260909175604582e-01	1.667311065841349249e-01	2.451671492841837607e-01	1.512162803848156045e-01	7.221624818853329686e-02	2.979343789014018626e-02	7.634968675024639273e-02
1.127200459781681047e+03	2.577993673707100752e-01	1.662196441121698010e-01	2.456314893269443689e-01	1.515623243225187045e-01	7.236084410353067764e-02	2.986074621410604590e-02	7.656558454963495464e-02
1.132038229995336451e+03	2.570768508775229666e-01	1.657111821292092391e-01	2.460934775967272004e-01	1.519064174777074172e-01	7.250414205345692698e-02	2.992827289632764981e-02	7.677965696866320688e-02
1.136876000208991627e+03	2.563585167198841330e-01	1.652057030775043733e-01	2.465531032878745532e-01	1.522485533437133998e-01	7.264617707572651462e-02	2.999600176822878744e-02	7.699194472668290101e-02
1.141713770422646803e+03	2.556443403404603520e-01	1.647031894767322646e-01	2.470103571488969918e-01	1.525887266613586424e-01	7.278698249673119791e-02	3.006391724726850678e-02	7.720248662816672769e-02
1.146551540636302207e+03	2.549342973410134161e-01	1.642036239254248409e-01	2.474652313893603295e-01	1.529269333402938358e-01	7.292659002292223303e-02	3.013200431226943990e-02	7.741131966833063316e-02
1.151389310849957155e+03	2.542283634807575021e-01	1.637069891022754631e-01	2.479177195919228249e-01	1.532631703848760796e-01	7.306502982701808258e-02	3.020024847995542161e-02	7.761847913280937872e-02
1.156227081063612786e+03	2.535265146747590626e-01	1.632132677673313881e-01	2.483678166292419276e-01	1.535974358243281102e-01	7.320233062959843884e-02	3.026863578263469870e-02	7.782399869172111628e-02
1.161064851277267962e+03	2.528287269923776281e-01	1.627224427630779013e-01	2.488155185854859786e-01	1.539297286469361592e-01	7.333851977633099040e-02	3.033715274696838216e-02	7.802791048843769894e-02
1.165902621490923138e+03	2.521349766557453576e-01	1.622344970154213917e-01	2.492608226822002060e-01	1.542600487380566543e-01	7.347362331106427336e-02	3.040578637376708734e-02	7.823024522335977893e-02
1.170740391704578315e+03	2.514452400382839459e-01	1.617494135345767525e-01	2.497037272082897608e-01	1.545883968217156845e-01	7.360766604500808274e-02	3.047452411876185041e-02	7.843103223297864801e-02
1.175578161918233945e+03	2.507594936632573934e-01	1.612671754158655490e-01	2.501442314538958600e-01	1.549147744055968667e-01	7.374067162220997174e-02	3.054335387429822635e-02	7.863029956449084368e-02
1.180415932131889122e+03	2.500777142023585253e-01	1.607877658404296140e-01	2.505823356479530140e-01	1.552391837292250720e-01	7.387266258152647147e-02	3.061226395190535035e-02	7.882807404621669511e-02
1.185253702345544298e+03	2.493998784743285679e-01	1.603111680758658175e-01	2.510180408992261913e-01	1.555616277151642968e-01	7.400366041527606242e-02	3.068124306569424559e-02	7.902438135405961961e-02
1.190091472559199701e+03	2.487259634436078393e-01	1.598373654767862584e-01	2.514513491406390466e-01	1.558821099230581764e-01	7.413368562475158852e-02	3.075028031654220007e-02	7.921924607422968501e-02
1.194929242772855105e+03	2.480559462190166931e-01	1.593663414853090099e-01	2.518822630767132420e-01	1.562006345063514656e-01	7.426275777275988255e-02	3.081936517702232176e-02	7.941269176244218631e-02
1.199767012986510281e+03	2.473898040524650510e-01	1.588980796314828359e-01	2.523107861339492497e-01	1.565172061715398855e-01	7.439089553334783667e-02	3.088848747703963615e-02	7.960474099979034102e-02
1.204604783200165684e+03	2.467275143376895796e-01	1.584325635336508997e-01	2.527369224139880410e-01	1.568318301398043957e-01	7.451811673886510334e-02	3.095763739013709936e-02	7.979541544547977261e-02
1.209442553413820860e+03	2.460690546090174291e-01	1.579697768987564366e-01	2.531606766494021721e-01	1.571445121108940302e-01	7.464443842450622923e-02	3.102680542043694673e-02	7.998473588660169609e-02
1.214280323627476264e+03	2.454144025401552576e-01	1.575097035225944686e-01	2.535820541619722146e-01	1.574552582291293412e-01	7.476987687046679487e-02	3.109598239018460802e-02	8.017272228511225507e-02
1.219118093841131440e+03	2.447635359430029023e-01	1.570523272900125333e-01	2.540010608233131961e-01	1.577640750514054668e-01	7.489444764184140235e-02	3.116515942786418983e-02	8.035939382217528737e-02
1.223955864054786844e+03	2.441164327664900879e-01	1.565976321750640055e-01	2.544177030177220966e-01	1.580709695170806617e-01	7.501816562638420616e-02	3.123432795685623584e-02	8.054476894001762199e-02
1.228793634268442020e+03	2.434730710954359501e-01	1.561456022411167877e-01	2.548319876071256651e-01	1.583759489196431280e-01	7.514104507024640944e-02	3.130347968460994723e-02	8.072886538143696222e-02
1.233631404482097196e+03	2.428334291494299857e-01	1.556962216409200350e-01	2.552439218980128155e-01	1.586790208800543944e-01	7.526309961179900032e-02	3.137260659230367565e-02	8.091170022709495702e-02
1.238469174695752372e+03	2.421974852817339596e-01	1.552494746166320216e-01	2.556535136102431327e-01	1.589801933216734020e-01	7.538434231364327109e-02	3.144170092496875041e-02	8.109328993072037473e-02
1.243306944909407548e+03	2.415652179782036557e-01	1.548053454998110645e-01	2.560607708476295707e-01	1.592794744466713985e-01	7.550478569290587638e-02	3.151075518205318643e-02	8.127365035234020152e-02
1.248144715123063179e+03	2.409366058562298907e-01	1.543638187113724747e-01	2.564657020701970880e-01	1.595768727138520970e-01	7.562444174991053703e-02	3.157976210840292980e-02	8.145279678964996439e-02
1.252982485336718355e+03	2.403116276636981241e-01	1.539248787615132563e-01	2.568683160680257926e-01	1.598723968177968024e-01	7.574332199531315368e-02	3.164871468563962287e-02	8.163074400762816707e-02
1.257820255550373531e+03	2.396902622779658321e-01	1.534885102496070242e-01	2.572686219365916682e-01	1.601660556692589554e-01	7.586143747578261154e-02	3.171760612391490153e-02	8.180750626649396784e-02
1.262658025764028707e+03	2.390724887048569502e-01	1.530546978640706934e-01	2.576666290535223891e-01	1.604578583767361510e-01	7.597879879830513050e-02	3.178642985402230919e-02	8.198309734810134419e-02
1.267495795977684338e+03	2.384582860776730817e-01	1.526234263822053017e-01	2.580623470566910105e-01	1.607478142291525469e-01	7.609541615318589358e-02	3.185517951984901536e-02	8.215753058085806249e-02
1.272333566191339514e+03	2.378476336562204696e-01	1.521946806700123778e-01	2.584557858235736472e-01	1.610359326795879065e-01	7.621129933581764770e-02	3.192384897115028985e-02	8.233081886325256671e-02
1.277171336404994690e+03	2.372405108258523743e-01	1.517684456819875793e-01	2.588469554518014193e-01	1.613222233299930752e-01	7.632645776728247400e-02	3.199243225663081502e-02	8.250297468606723750e-02
1.282009106618650094e+03	2.366368970965264107e-01	1.513447064608930692e-01	2.592358662408412173e-01	1.616066959168356576e-01	7.644090051384901108e-02	3.206092361731752161e-02	8.267401015335208714e-02
1.286846876832305497e+03	2.360367721018761522e-01	1.509234481375103243e-01	2.596225286747435579e-01	1.618893602976219648e-01	7.655463630542450049e-02	3.212931748020971673e-02	8.284393700222879298e-02
1.291684647045960673e+03	2.354401155982964455e-01	1.505046559303747367e-01	2.600069534058975229e-01	1.621702264382453018e-01	7.666767355301742914e-02	3.219760845219270945e-02	8.301276662159093322e-02
1.296522417259616077e+03	2.348469074640423537e-01	1.500883151454927844e-01	2.603891512397381036e-01	1.624493044011128817e-01	7.678002036526407337e-02	3.226579131420220098e-02	8.318051006976268091e-02
1.301360187473271253e+03	2.342571276983407835e-01	1.496744111760437979e-01	2.607691331203536578e-01	1.627266043340065693e-01	7.689168456406872409e-02	3.233386101562706061e-02	8.334717809117453413e-02
1.306197957686926657e+03	2.336707564205148802e-01	1.492629295020668767e-01	2.611469101169421880e-01	1.630021364596349609e-01	7.700267369940551332e-02	3.240181266893902429e-02	8.351278113211169085e-02
1.311035727900581833e+03	2.330877738691201073e-01	1.488538556901342347e-01	2.615224934110718658e-01	1.632759110658373591e-01	7.711299506332636167e-02	3.246964154453828993e-02	8.367732935558694352e-02
1.315873498114237009e+03	2.325081604010924841e-01	1.484471753930120541e-01	2.618958942846985605e-01	1.635479384964016736e-01	7.722265570321790173e-02	3.253734306580461505e-02	8.384083265538784524e-02
1.320711268327892412e+03	2.319318964909078962e-01	1.480428743493096833e-01	2.622671241089009064e-01	1.638182291424607750e-01	7.733166243434755338e-02	3.260491280434409112e-02	8.400330066934420803e-02
1.325549038541547588e+03	2.313589627297525653e-01	1.476409383831180644e-01	2.626361943332912730e-01	1.640867934344340806e-01	7.744002185173669284e-02	3.267234647542222731e-02	8.416474279186023089e-02
1.330386808755202765e+03	2.307893398247038153e-01	1.472413534036386418e-01	2.630031164760660012e-01	1.643536418344824224e-01	7.754774034139730321e-02	3.273963993357451724e-02	8.432516818575239159e-02
1.335224578968857941e+03	2.302230085979217467e-01	1.468441054048026939e-01	2.633679021146593802e-01	1.646187848294469735e-01	7.765482409096599592e-02	3.280678916838609960e-02	8.448458579343222363e-02
1.340062349182513572e+03	2.296599499858503202e-01	1.464491804648828110e-01	2.637305628769672228e-01	1.648822329242434215e-01	7.776127909976769670e-02	3.287379030043256073e-02	8.464300434747108748e-02
1.344900119396168748e+03	2.291001450384285432e-01	1.460565647460965455e-01	2.640911104331088444e-01	1.651439966356856581e-01	7.786711118833991585e-02	3.294063957737428106e-02	8.480043238058128374e-02
1.349737889609823924e+03	2.285435749183111209e-01	1.456662444942032342e-01	2.644495564876969684e-01	1.654040864867135641e-01	7.797232600744608000e-02	3.300733337019734481e-02	8.495687823504677327e-02
1.354575659823479100e+03	2.279902209000980728e-01	1.452782060380944096e-01	2.648059127725873596e-01	1.656625130010012104e-01	7.807692904660572253e-02	3.307386816959399095e-02	8.511235007163428512e-02
1.359413430037134731e+03	2.274400643695733693e-01	1.448924357893786041e-01	2.651601910400816497e-01	1.659192866979239123e-01	7.818092564216719276e-02	3.314024058247638099e-02	8.526685587801388633e-02
1.364251200250789907e+03	2.268930868229523112e-01	1.445089202419609087e-01	2.655124030565574333e-01	1.661744180878623189e-01	7.828432098494755853e-02	3.320644732861749437e-02	8.542040347671697731e-02
1.369088970464445310e+03	2.263492698661372649e-01	1.441276459716177294e-01	2.658625605965017624e-01	1.664279176678245820e-01	7.838712012746301694e-02	3.327248523741338504e-02	8.557300053265730344e-02
1.373926740678100487e+03	2.258085952139816943e-01	1.437485996355677420e-01	2.662106754369256145e-01	1.666797959173672572e-01	7.848932799077149025e-02	3.333835124476126899e-02	8.572465456023997676e-02
1.378764510891755890e+03	2.252710446895621332e-01	1.433717679720388216e-01	2.665567593521379619e-01	1.669300632947980922e-01	7.859094937094861233e-02	3.340404239004830800e-02	8.587537293008111472e-02
1.383602281105411066e+03	2.247366002234579552e-01	1.429971377998317250e-01	2.669008241088586808e-01	1.671787302336435743e-01	7.869198894521643728e-02	3.346955581324606577e-02	8.602516287536061956e-02
1.388440051319066470e+03	2.242052438530388325e-01	1.426246960178809975e-01	2.672428814616514825e-01	1.674258071393656677e-01	7.879245127774382740e-02	3.353488875210603598e-02	8.617403149782820737e-02
1.393277821532721646e+03	2.236769577217595228e-01	1.422544296048133261e-01	2.675829431486588250e-01	1.676713043863135022e-01	7.889234082513586765e-02	3.360003853945165569e-02	8.632198577348233759e-02
1.398115591746377049e+03	2.231517240784619827e-01	1.418863256185036170e-01	2.679210208876214860e-01	1.679152323148954962e-01	7.899166194162923760e-02	3.366500260056272398e-02	8.646903255794051446e-02
1.402953361960032225e+03	2.226295252766843646e-01	1.415203711956294352e-01	2.682571263721666432e-01	1.681576012289592026e-01	7.909041888400920872e-02	3.372977845064808328e-02	8.661517859151807164e-02
1.407791132173687402e+03	2.221103437739771480e-01	1.411565535512238900e-01	2.685912712683495296e-01	1.683984213933664154e-01	7.918861581626325530e-02	3.379436369240282345e-02	8.676043050403194068e-02
1.412628902387342805e+03	2.215941621312258469e-01	1.407948599782271881e-01	2.689234672114333424e-01	1.686377030317519621e-01	7.928625681398548952e-02	3.385875601364633086e-02	8.690479481934484940e-02
1.417466672600997981e+03	2.210809630119803249e-01	1.404352778470371876e-01	2.692537258028950831e-01	1.688754563244550255e-01	7.938334586854516040e-02	3.392295318503779633e-02	8.704827795966442461e-02
1.422304442814653157e+03	2.205707291817905757e-01	1.400777946050596467e-01	2.695820586076429493e-01	1.691116914066129184e-01	7.947988689103210880e-02	3.398695305786583742e-02	8.719088624961099376e-02
1.427142213028308333e+03	2.200634435075488615e-01	1.397223977762575287e-01	2.699084771514341785e-01	1.693464183664073752e-01	7.957588371599100263e-02	3.405075356190920971e-02	8.733262592006700575e-02
1.431979983241963964e+03	2.195590889568378168e-01	1.393690749607003065e-01	2.702329929184812407e-01	1.695796472434540902e-01	7.967134010495580121e-02	3.411435270336556080e-02	8.747350311182035265e-02
1.436817753455619140e+03	2.190576485972848819e-01	1.390178138341133240e-01	2.705556173492359995e-01	1.698113880273272036e-01	7.976625974979510703e-02	3.417774856284545859e-02	8.761352387901318040e-02
1.441655523669274316e+03	2.185591055959222873e-01	1.386686021474272390e-01	2.708763618383407401e-01	1.700416506562101582e-01	7.986064627587867448e-02	3.424093929342905684e-02	8.775269419240691593e-02
1.446493293882929493e+03	2.180634432185532268e-01	1.383214277263276615e-01	2.711952377327373487e-01	1.702704450156654059e-01	7.995450324507469286e-02	3.430392311878275452e-02	8.789101994247397465e-02
1.451331064096585123e+03	2.175706448291233885e-01	1.379762784708056245e-01	2.715122563299244285e-01	1.704977809375156361e-01	8.004783415858678086e-02	3.436669833133349644e-02	8.802850694232575157e-02
1.456168834310240300e+03	2.170806938890980919e-01	1.376331423547085264e-01	2.718274288763544155e-01	1.707236681988299754e-01	8.014064245963962996e-02	3.442926329049846024e-02	8.816516093048606950e-02
1.461006604523895703e+03	2.165935739568450868e-01	1.372920074252919620e-01	2.721407665659622555e-01	1.709481165210082476e-01	8.023293153602112371e-02	3.449161642096778418e-02	8.830098757351874383e-02
1.465844374737550879e+03	2.161092686870224600e-01	1.369528618027725242e-01	2.724522805388180924e-01	1.711711355689574943e-01	8.032470472248884330e-02	3.455375621103844858e-02	8.843599246851735485e-02
1.470682144951206283e+03	2.156277618299719534e-01	1.366156936798817167e-01	2.727619818798959761e-01	1.713927349503551745e-01	8.041596530304824519e-02	3.461568121099708323e-02	8.857018114546499898e-02
1.475519915164861459e+03	2.151490372311173627e-01	1.362804913214210878e-01	2.730698816179527033e-01	1.716129242149933010e-01	8.050671651310935262e-02	3.467739003155007049e-02	8.870355906947127722e-02
1.480357685378516862e+03	2.146730788303680137e-01	1.359472430638186125e-01	2.733759907245091880e-01	1.718317128541985706e-01	8.059696154152863612e-02	3.473888134229891067e-02	8.883613164289322350e-02
1.485195455592172038e+03	2.141998706615273751e-01	1.356159373146866576e-01	2.736803201129289764e-01	1.720491103003239375e-01	8.068670353254207839e-02	3.480015387025928858e-02	8.896790420734684846e-02
1.490033225805827215e+03	2.137293968517061382e-01	1.352865625523813897e-01	2.739828806375880221e-01	1.722651259263068280e-01	8.077594558759546017e-02	3.486120639842209268e-02	8.909888204561529357e-02
1.494870996019482618e+03	2.132616416207406274e-01	1.349591073255636542e-01	2.742836830931296710e-01	1.724797690452897492e-01	8.086469076707734904e-02	3.492203776435491569e-02	8.922907038345927189e-02
1.499708766233137567e+03	2.127965892806155945e-01	1.346335602527619080e-01	2.745827382138003037e-01	1.726930489102994903e-01	8.095294209196002289e-02	3.498264685884248937e-02	8.935847439133541570e-02
1.504546536446793198e+03	2.123342242348918718e-01	1.343099100219365127e-01	2.748800566728604178e-01	1.729049747139811133e-01	8.104070254535326867e-02	3.504303262456462398e-02	8.948709918602748559e-02
1.509384306660448374e+03	2.118745309781383812e-01	1.339881453900462482e-01	2.751756490820662093e-01	1.731155555883829023e-01	8.112797507397580266e-02	3.510319405481034799e-02	8.961494983219545074e-02
1.514222076874103550e+03	2.114174940953688631e-01	1.336682551826163523e-01	2.754695259912182115e-01	1.733248006047893586e-01	8.121476258954883620e-02	3.516313019222690184e-02	8.974203134384678426e-02
1.519059847087758726e+03	2.109630982614829342e-01	1.333502282933090033e-01	2.757616978877718839e-01	1.735327187735988264e-01	8.130106797011578401e-02	3.522284012760238531e-02	8.986834868573445601e-02
1.523897617301414357e+03	2.105113282407115594e-01	1.330340536834953291e-01	2.760521751965068216e-01	1.737393190442428070e-01	8.138689406129225035e-02	3.528232299868085814e-02	8.999390677468567523e-02
1.528735387515069533e+03	2.100621688860667136e-01	1.327197203818297477e-01	2.763409682792507538e-01	1.739446103051441594e-01	8.147224367745008189e-02	3.534157798900876279e-02	9.011871048086513014e-02
1.533573157728724709e+03	2.096156051387954578e-01	1.324072174838264171e-01	2.766280874346547791e-01	1.741486013837117985e-01	8.155711960283887341e-02	3.540060432681160080e-02	9.024276462897644346e-02
1.538410927942380113e+03	2.091716220278381499e-01	1.320965341514378777e-01	2.769135428980167291e-01	1.743513010463690061e-01	8.164152459264861772e-02	3.545940128389984958e-02	9.036607399940516094e-02
1.543248698156035516e+03	2.087302046692906532e-01	1.317876596126356381e-01	2.771973448411496621e-01	1.745527179986134936e-01	8.172546137401624777e-02	3.551796817460307204e-02	9.048864332930664500e-02
1.548086468369690692e+03	2.082913382658707346e-01	1.314805831609933695e-01	2.774795033722919912e-01	1.747528608851066922e-01	8.180893264697955414e-02	3.557630435473137925e-02	9.061047731364173241e-02
1.552924238583346096e+03	2.078550081063884891e-01	1.311752941552720708e-01	2.777600285360573573e-01	1.749517382897901041e-01	8.189194108538098982e-02	3.563440922056324012e-02	9.073158060616320908e-02
1.557762008797001272e+03	2.074211995652205376e-01	1.308717820190075376e-01	2.780389303134210843e-01	1.751493587360274384e-01	8.197448933772426283e-02	3.569228220785881228e-02	9.085195782035569712e-02
1.562599779010656675e+03	2.069898981017883610e-01	1.305700362401003289e-01	2.783162186217409406e-01	1.753457306867699517e-01	8.205658002798617290e-02	3.574992279089805186e-02	9.097161353033156317e-02
1.567437549224311852e+03	2.065610892600404092e-01	1.302700463704079270e-01	2.785919033148095969e-01	1.755408625447435478e-01	8.213821575638612094e-02	3.580733048154261661e-02	9.109055227168519342e-02
1.572275319437967255e+03	2.061347586679377897e-01	1.299718020253392281e-01	2.788659941829372824e-01	1.757347626526563344e-01	8.221939910011571984e-02	3.586450482832104214e-02	9.120877854230807769e-02
1.577113089651622431e+03	2.057108920369440930e-01	1.296752928834514484e-01	2.791385009530619743e-01	1.759274392934245812e-01	8.230013261403043567e-02	3.592144541553625448e-02	9.132629680316667331e-02
1.581950859865277607e+03	2.052894751615186308e-01	1.293805086860495002e-01	2.794094332888856780e-01	1.761189006904162746e-01	8.238041883130546583e-02	3.597815186239484986e-02	9.144311147904514436e-02
1.586788630078933011e+03	2.048704939186133944e-01	1.290874392367875045e-01	2.796788007910342433e-01	1.763091550077101333e-01	8.246026026405785248e-02	3.603462382215744803e-02	9.155922695925497456e-02
1.591626400292587959e+03	2.044539342671737869e-01	1.287960744012730807e-01	2.799466129972399964e-01	1.764982103503697219e-01	8.253965940393642731e-02	3.609086098130943887e-02	9.167464759831311927e-02
1.596464170506243590e+03	2.040397822476426593e-01	1.285064041066736329e-01	2.802128793825447994e-01	1.766860747647307772e-01	8.261861872268165541e-02	3.614686305875156047e-02	9.178937771659054223e-02
1.601301940719898766e+03	2.036280239814681481e-01	1.282184183413254408e-01	2.804776093595220399e-01	1.768727562387009955e-01	8.269714067265665491e-02	3.620262980500967703e-02	9.190342160093267765e-02
1.606139710933553943e+03	2.032186456706147060e-01	1.279321071543449428e-01	2.807408122785170490e-01	1.770582627020712285e-01	8.277522768735125214e-02	3.625816100146319471e-02	9.201678350525327454e-02
1.610977481147209119e+03	2.028116335970779616e-01	1.276474606552425173e-01	2.810024974279030641e-01	1.772426020268368374e-01	8.285288218186036280e-02	3.631345645959161567e-02	9.212946765110324732e-02
1.615815251360864750e+03	2.024069741224026053e-01	1.273644690135386781e-01	2.812626740343530662e-01	1.774257820275286779e-01	8.293010655333825365e-02	3.636851602023865454e-02	9.224147822821567033e-02
1.620653021574519926e+03	2.020046536872038834e-01	1.270831224583826302e-01	2.815213512631249415e-01	1.776078104615526065e-01	8.300690318142973922e-02	3.642333955289338288e-02	9.235281939502841542e-02
1.625490791788175102e+03	2.016046588106923665e-01	1.268034112781735168e-01	2.817785382183597975e-01	1.777886950295366197e-01	8.308327442867979862e-02	3.647792695498806859e-02	9.246349527918541755e-02
1.630328562001830505e+03	2.012069760902018833e-01	1.265253258201837760e-01	2.820342439433919379e-01	1.779684433756852924e-01	8.315922264092275029e-02	3.653227815121203731e-02	9.257350997801785941e-02
1.635166332215485909e+03	2.008115922007210341e-01	1.262488564901851074e-01	2.822884774210696612e-01	1.781470630881401285e-01	8.323475014765198410e-02	3.658639309284129892e-02	9.268286755900635721e-02
1.640004102429141085e+03	2.004184938944276462e-01	1.259739937520767961e-01	2.825412475740853857e-01	1.783245616993459348e-01	8.330985926237140238e-02	3.664027175708332168e-02	9.279157206022504989e-02
1.644841872642796488e+03	2.000276680002264773e-01	1.257007281275165367e-01	2.827925632653155996e-01	1.785009466864219685e-01	8.338455228292952770e-02	3.669391414643674576e-02	9.289962749076867421e-02
1.649679642856451665e+03	1.996391014232900829e-01	1.254290501955535597e-01	2.830424332981683055e-01	1.786762254715374698e-01	8.345883149183726257e-02	3.674732028806544648e-02	9.300703783116344436e-02
1.654517413070107068e+03	1.992527811446029862e-01	1.251589505922641732e-01	2.832908664169375701e-01	1.788504054222913864e-01	8.353269915657016154e-02	3.680049023318666263e-02	9.311380703376262447e-02
1.659355183283762244e+03	1.988686942205086794e-01	1.248904200103898715e-01	2.835378713071655676e-01	1.790234938520950114e-01	8.360615752985600668e-02	3.685342405647280828e-02	9.321993902312765423e-02
1.664192953497417420e+03	1.984868277822598170e-01	1.246234491989775817e-01	2.837834565960096755e-01	1.791954980205579528e-01	8.367920884994861641e-02	3.690612185546656571e-02	9.332543769639546627e-02
1.669030723711072824e+03	1.981071690355714066e-01	1.243580289630225044e-01	2.840276308526152871e-01	1.793664251338762117e-01	8.375185534088849804e-02	3.695858375000899559e-02	9.343030692363286926e-02
1.673868493924728000e+03	1.977297052601771632e-01	1.240941501631131899e-01	2.842704025884931207e-01	1.795362823452224255e-01	8.382409921275120468e-02	3.701080988168019975e-02	9.353455054817849668e-02
1.678706264138383403e+03	1.973544238093885572e-01	1.238318037150790557e-01	2.845117802579009703e-01	1.797050767551378048e-01	8.389594266188388216e-02	3.706280041325238361e-02	9.363817238697315359e-02
1.683544034352038352e+03	1.969813121096570252e-01	1.235709805896402363e-01	2.847517722582286193e-01	1.798728154119252076e-01	8.396738787113089408e-02	3.711455552815480508e-02	9.374117623087903362e-02
1.688381804565693983e+03	1.966103576601389846e-01	1.233116718120597644e-01	2.849903869303860304e-01	1.800395053120431854e-01	8.403843701004884426e-02	3.716607542995050556e-02	9.384356584498844411e-02
1.693219574779349159e+03	1.962415480322638461e-01	1.230538684617981243e-01	2.852276325591943662e-01	1.802051534005006672e-01	8.410909223511185695e-02	3.721736034182440700e-02	9.394534496892252562e-02
1.698057344993004335e+03	1.958748708693047735e-01	1.227975616721700275e-01	2.854635173737787301e-01	1.803697665712518383e-01	8.417935568990736472e-02	3.726841050608252492e-02	9.404651731712053431e-02
1.702895115206659511e+03	1.955103138859523582e-01	1.225427426300036565e-01	2.856980495479630733e-01	1.805333516675913241e-01	8.424922950532316712e-02	3.731922618366201316e-02	9.414708657912015943e-02
1.707732885420315142e+03	1.951478648678909578e-01	1.222894025753020475e-01	2.859312372006666547e-01	1.806959154825488467e-01	8.431871579972616271e-02	3.736980765365183199e-02	9.424705641982926430e-02
1.712570655633970318e+03	1.947875116713781440e-01	1.220375328009068588e-01	2.861630883963008354e-01	1.808574647592835760e-01	8.438781667913304585e-02	3.742015521282370666e-02	9.434643047978957808e-02
1.717408425847625494e+03	1.944292422228265649e-01	1.217871246521643469e-01	2.863936111451674815e-01	1.810180061914778149e-01	8.445653423737370380e-02	3.747026917517316119e-02	9.444521237543268555e-02
1.722246196061280898e+03	1.940730445183886377e-01	1.215381695265936729e-01	2.866228134038571462e-01	1.811775464237297684e-01	8.452487055624743895e-02	3.752014987147041236e-02	9.454340569932870308e-02
1.727083966274936301e+03	1.937189066235441015e-01	1.212906588735573749e-01	2.868507030756476395e-01	1.813360920519452024e-01	8.459282770567257137e-02	3.756979764882088096e-02	9.464101402042808531e-02
1.731921736488591478e+03	1.933668166726900395e-01	1.210445841939341571e-01	2.870772880109023761e-01	1.814936496237278263e-01	8.466040774382976863e-02	3.761921287023501509e-02	9.473804088429665926e-02
1.736759506702246881e+03	1.930167628687337600e-01	1.207999370397937755e-01	2.873025760074685575e-01	1.816502256387685088e-01	8.472761271729935262e-02	3.766839591420734906e-02	9.483448981334460792e-02
1.741597276915902057e+03	1.926687334826881759e-01	1.205567090140742953e-01	2.875265748110740760e-01	1.818058265492324965e-01	8.479444466119302748e-02	3.771734717430450662e-02	9.493036430704931972e-02
1.746435047129557461e+03	1.923227168532697651e-01	1.203148917702614035e-01	2.877492921157245864e-01	1.819604587601453827e-01	8.486090559928029242e-02	3.776606705876188463e-02	9.502566784217260365e-02
1.751272817343212637e+03	1.919787013864993896e-01	1.200744770120699134e-01	2.879707355640984678e-01	1.821141286297768835e-01	8.492699754410977520e-02	3.781455599008894802e-02	9.512040387297253374e-02
1.756110587556867813e+03	1.916366755553053636e-01	1.198354564931275179e-01	2.881909127479413968e-01	1.822668424700228107e-01	8.499272249712586103e-02	3.786281440468284437e-02	9.521457583141010317e-02
1.760948357770523216e+03	1.912966278991292401e-01	1.195978220166606237e-01	2.884098312084589777e-01	1.824186065467851003e-01	8.505808244878075575e-02	3.791084275245018564e-02	9.530818712735099341e-02
1.765786127984178393e+03	1.909585470235340976e-01	1.193615654351823235e-01	2.886274984367082075e-01	1.825694270803494001e-01	8.512307937864241336e-02	3.795864149643682350e-02	9.540124114876265271e-02
1.770623898197833569e+03	1.906224215998152671e-01	1.191266786501825187e-01	2.888439218739867198e-01	1.827193102457606855e-01	8.518771525549835577e-02	3.800621111246540312e-02	9.549374126190691980e-02
1.775461668411488745e+03	1.902882403646137532e-01	1.188931536118200682e-01	2.890591089122209190e-01	1.828682621731963776e-01	8.525199203745577325e-02	3.805355208878055673e-02	9.558569081152842872e-02
1.780299438625144376e+03	1.899559921195318468e-01	1.186609823186171447e-01	2.892730668943513939e-01	1.830162889483371857e-01	8.531591167203791959e-02	3.810066492570154256e-02	9.567709312103887809e-02
1.785137208838799552e+03	1.896256657307513471e-01	1.184301568171556018e-01	2.894858031147166111e-01	1.831633966127352853e-01	8.537947609627724588e-02	3.814755013528224603e-02	9.576795149269758112e-02
1.789974979052454728e+03	1.892972501286541986e-01	1.182006692017754240e-01	2.896973248194344985e-01	1.833095911641801357e-01	8.544268723680532862e-02	3.819420824097823075e-02	9.585826920778811600e-02
1.794812749266109904e+03	1.889707343074454871e-01	1.179725116142751884e-01	2.899076392067815311e-01	1.834548785570616625e-01	8.550554700993961976e-02	3.824063977732081177e-02	9.594804952679160392e-02
1.799650519479765535e+03	1.886461073247788223e-01	1.177456762436145943e-01	2.901167534275696513e-01	1.835992647027306912e-01	8.556805732176755996e-02	3.828684528959799133e-02	9.603729568955651774e-02
1.804488289693420711e+03	1.883233583013841639e-01	1.175201553256190051e-01	2.903246745855206923e-01	1.837427554698569110e-01	8.563022006822776366e-02	3.833282533354202826e-02	9.612601091546534027e-02
1.809326059907075887e+03	1.880024764206978671e-01	1.172959411426860027e-01	2.905314097376378024e-01	1.838853566847838961e-01	8.569203713518877552e-02	3.837858047502358538e-02	9.621419840359801690e-02
1.814163830120731291e+03	1.876834509284951991e-01	1.170730260234939257e-01	2.907369658945749835e-01	1.840270741318815184e-01	8.575351039852546764e-02	3.842411128975228851e-02	9.630186133289257711e-02
1.819001600334386467e+03	1.873662711325249919e-01	1.168514023427123655e-01	2.909413500210038528e-01	1.841679135538954737e-01	8.581464172419296654e-02	3.846941836298351652e-02	9.638900286230281389e-02
1.823839370548041643e+03	1.870509264021468221e-01	1.166310625207146595e-01	2.911445690359771854e-01	1.843078806522940594e-01	8.587543296829858175e-02	3.851450228923136015e-02	9.647562613095331252e-02
1.828677140761696819e+03	1.867374061679702990e-01	1.164119990232922730e-01	2.913466298132901811e-01	1.844469810876121496e-01	8.593588597717165267e-02	3.855936367198757597e-02	9.656173425829185641e-02
1.833514910975352450e+03	1.864256999214965738e-01	1.161942043613712200e-01	2.915475391818388995e-01	1.845852204797922003e-01	8.599600258743139714e-02	3.860400312344643842e-02	9.664733034423927949e-02
1.838352681189008081e+03	1.861157972147622630e-01	1.159776710907302749e-01	2.917473039259755874e-01	1.847226044085225338e-01	8.605578462605305290e-02	3.864842126423533725e-02	9.673241746933705643e-02
1.843190451402663257e+03	1.858076876599853988e-01	1.157623918117211825e-01	2.919459307858613961e-01	1.848591384135725157e-01	8.611523391043217346e-02	3.869261872315100936e-02	9.681699869489239496e-02
1.848028221616318433e+03	1.855013609292137933e-01	1.155483591689907413e-01	2.921434264578163797e-01	1.849948279951251495e-01	8.617435224844741115e-02	3.873659613690130787e-02	9.690107706312127422e-02
1.852865991829973609e+03	1.851968067539753460e-01	1.153355658512047188e-01	2.923397975946659955e-01	1.851296786141066186e-01	8.623314143852166269e-02	3.878035414985238349e-02	9.698465559728930430e-02
1.857703762043628785e+03	1.848940149249308218e-01	1.151240045907736542e-01	2.925350508060852728e-01	1.852636956925128586e-01	8.629160326968179917e-02	3.882389341378115338e-02	9.706773730185047633e-02
1.862541532257283961e+03	1.845929752915284328e-01	1.149136681635805624e-01	2.927291926589397075e-01	1.853968846137333537e-01	8.634973952161699440e-02	3.886721458763298109e-02	9.715032516258401141e-02
1.867379302470939592e+03	1.842936777616609456e-01	1.147045493887103723e-01	2.929222296776232692e-01	1.855292507228720189e-01	8.640755196473579036e-02	3.891031833728440803e-02	9.723242214672929429e-02
1.872217072684594768e+03	1.839961123013244826e-01	1.144966411281812951e-01	2.931141683443935220e-01	1.856607993270650847e-01	8.646504236022191370e-02	3.895320533531089480e-02	9.731403120311889199e-02
1.877054842898249490e+03	1.837002689342798756e-01	1.142899362866779123e-01	2.933050150997036920e-01	1.857915356957963449e-01	8.652221246008885702e-02	3.899587626075941976e-02	9.739515526230997644e-02
