9.240141108081592165e+02	2.925163024361712716e-01	1.902327999742441655e-01	2.251985006363385611e-01	1.359348172802765098e-01	6.383715380238155768e-02	2.741014680622928801e-02	6.487027906397010990e-02
9.288518810218145063e+02	2.915909798531869379e-01	1.895857346854215031e-01	2.256372807951220194e-01	1.363162046556257723e-01	6.417504650902529362e-02	2.744348832227084395e-02	6.525126517895912803e-02
9.336896512354697961e+02	2.906710643396000493e-01	1.889423926157107747e-01	2.260848000166175154e-01	1.366989880983634775e-01	6.449955803627319129e-02	2.747905124957275569e-02	6.562414564347371360e-02
9.385274214491247449e+02	2.897565211924177375e-01	1.883027563744910926e-01	2.265401678873332214e-01	1.370829396967531144e-01	6.481161602295426594e-02	2.751670932306522072e-02	6.598928950259690118e-02
9.433651916627801484e+02	2.888473161599211525e-01	1.876668084096508593e-01	2.270025606214390590e-01	1.374678452522762884e-01	6.511207979886735053e-02	2.755634389975492732e-02	6.634704585770197227e-02
9.482029618764355519e+02	2.879434154195965045e-01	1.870345310224036661e-01	2.274712161913871322e-01	1.378535035110730333e-01	6.540174543028874632e-02	2.759784345052046853e-02	6.669774497434205474e-02
9.530407320900908417e+02	2.870447855577134555e-01	1.864059063813338357e-01	2.279454298139771962e-01	1.382397254382037033e-01	6.568135039318211132e-02	2.764110308729751664e-02	6.704169932790382536e-02
9.578785023037459041e+02	2.861513935504239048e-01	1.857809165357070524e-01	2.284245497658881074e-01	1.386263335323341950e-01	6.595157790155391220e-02	2.768602412314271483e-02	6.737920459056179201e-02
9.627162725174014213e+02	2.852632067462647636e-01	1.851595434280807473e-01	2.289079735045979891e-01	1.390131611785807852e-01	6.621306091637660374e-02	2.773251366284518529e-02	6.771054056286557321e-02
9.675540427310568248e+02	2.843801928499560261e-01	1.845417689062473499e-01	2.293951440723773494e-01	1.394000520373797347e-01	6.646638585862886528e-02	2.778048422192160027e-02	6.803597205310067675e-02
9.723918129447120009e+02	2.835023199073938849e-01	1.839275747345421874e-01	2.298855467626725602e-01	1.397868594673665754e-01	6.671209604826758288e-02	2.782985337198565223e-02	6.835574970738317324e-02
9.772295831583674044e+02	2.826295562917471860e-01	1.833169426045457295e-01	2.303787060297103895e-01	1.401734459803643251e-01	6.695069488933919066e-02	2.788054341062657857e-02	6.867011079327825507e-02
9.820673533720223531e+02	2.817618706905714032e-01	1.827098541452100433e-01	2.308741826235564953e-01	1.405596827266866744e-01	6.718264881994943927e-02	2.793248105406479290e-02	6.897927993957277126e-02
9.869051235856777566e+02	2.808992320938624165e-01	1.821062909324365209e-01	2.313715709341608306e-01	1.409454490090631396e-01	6.740839004443116567e-02	2.798559715097651002e-02	6.928346983468100517e-02
9.917428937993331601e+02	2.800416097829757645e-01	1.815062344981314968e-01	2.318704965291272790e-01	1.413306318235894032e-01	6.762831906377256286e-02	2.803982641599407286e-02	6.958288188602104740e-02
9.965806640129884499e+02	2.791889733203457569e-01	1.809096663387653459e-01	2.323706138710608937e-01	1.417151254261943827e-01	6.784280701918461720e-02	2.809510718149539274e-02	6.987770684256519593e-02
1.001418434226643626e+03	2.783412925399419979e-01	1.803165679234590424e-01	2.328716042013814491e-01	1.420988309232020519e-01	6.805219786258999426e-02	2.815138116639482116e-02	7.016812538264223520e-02
1.006256204440298802e+03	2.774985375384056985e-01	1.797269207016212178e-01	2.333731735784496941e-01	1.424816558846446202e-01	6.825681036680042446e-02	2.820859326073956591e-02	7.045430866895037447e-02
1.011093974653954206e+03	2.766606786668137086e-01	1.791407061101580045e-01	2.338750510587424281e-01	1.428635139790599418e-01	6.845693998720821238e-02	2.826669132500108511e-02	7.073641887262813177e-02
1.015931744867609382e+03	2.758276865230211428e-01	1.785579055802768711e-01	2.343769870106351683e-01	1.432443246285768912e-01	6.865286058594662066e-02	2.832562600302990577e-02	7.101460966812503384e-02
1.020769515081264785e+03	2.749995319445370789e-01	1.779785005439038781e-01	2.348787515511150392e-01	1.436240126831591635e-01	6.884482602866580370e-02	2.838535054771580690e-02	7.128902670051479040e-02
1.025607285294920075e+03	2.741761860018936958e-01	1.774024724397345321e-01	2.353801330964538641e-01	1.440025081129420459e-01	6.903307166332382783e-02	2.844582065846339505e-02	7.155980802680023123e-02
1.030445055508575479e+03	2.733576199924681593e-01	1.768298027189354193e-01	2.358809370185259713e-01	1.443797457176556887e-01	6.921781568969874454e-02	2.850699432965644181e-02	7.182708453267114268e-02
1.035282825722230655e+03	2.725438054347234518e-01	1.762604728505152707e-01	2.363809843990651860e-01	1.447556648521852729e-01	6.939926042768654324e-02	2.856883170934297264e-02	7.209098032609287388e-02
1.040120595935886058e+03	2.717347140628354474e-01	1.756944643263808892e-01	2.368801108747157769e-01	1.451302091673709327e-01	6.957759349185481390e-02	2.863129496742774366e-02	7.235161310902599174e-02
1.044958366149541234e+03	2.709303178216755370e-01	1.751317586660948999e-01	2.373781655662563495e-01	1.455033263652013853e-01	6.975298887917150137e-02	2.869434817270918869e-02	7.260909452850278223e-02
1.049796136363196410e+03	2.701305888621214901e-01	1.745723374213493939e-01	2.378750100858582905e-01	1.458749679676017985e-01	6.992560797631798553e-02	2.875795717814507921e-02	7.286353050821757493e-02
1.054633906576851814e+03	2.693354995366712967e-01	1.740161821801708142e-01	2.383705176166890094e-01	1.462450890980612483e-01	7.009560049252287761e-02	2.882208951377460138e-02	7.311502156172181022e-02
1.059471676790506763e+03	2.685450223953353976e-01	1.734632745708690471e-01	2.388645720595857502e-01	1.466136482753871983e-01	7.026310532341557835e-02	2.888671428676515759e-02	7.336366308825352511e-02
1.064309447004162394e+03	2.677591301817866531e-01	1.729135962657442072e-01	2.393570672419111089e-01	1.469806072189148716e-01	7.042825135099275990e-02	2.895180208808975642e-02	7.360954565217228684e-02
1.069147217217817570e+03	2.669777958297474552e-01	1.723671289845634114e-01	2.398479061840579352e-01	1.473459306645354683e-01	7.059115818441549783e-02	2.901732490537579923e-02	7.385275524691609084e-02
1.073984987431472746e+03	2.662009924595953869e-01	1.718238544978191451e-01	2.403370004194028409e-01	1.477095861909441255e-01	7.075193684600693256e-02	2.908325604149845575e-02	7.409337354434479550e-02
1.078822757645127922e+03	2.654286933751707211e-01	1.712837546297809599e-01	2.408242693638133480e-01	1.480715440555409879e-01	7.091069040649769506e-02	2.914957003852198039e-02	7.433147813028596895e-02
1.083660527858783553e+03	2.646608720607698251e-01	1.707468112613508837e-01	2.413096397310990626e-01	1.484317770394505687e-01	7.106751457326813959e-02	2.921624260662021577e-02	7.456714272705296243e-02
1.088498298072438729e+03	2.638975021783100949e-01	1.702130063327327025e-01	2.417930449910594415e-01	1.487902603011543312e-01	7.122249823505959199e-02	2.928325055763355764e-02	7.480043740366189298e-02
1.093336068286093905e+03	2.631385575646531527e-01	1.696823218459249383e-01	2.422744248670264111e-01	1.491469712382596513e-01	7.137572396637090200e-02	2.935057174294374710e-02	7.503142877443290393e-02
1.098173838499749309e+03	2.623840122290735932e-01	1.691547398670466551e-01	2.427537248700249173e-01	1.495018893569545482e-01	7.152726849451894464e-02	2.941818499537022027e-02	7.526018018662293529e-02
1.103011608713404712e+03	2.616338403508626786e-01	1.686302425285050310e-01	2.432308958668855658e-01	1.498549961487230242e-01	7.167720313212239125e-02	2.948607007481262796e-02	7.548675189770057137e-02
1.107849378927059888e+03	2.608880162770557121e-01	1.681088120310128831e-01	2.437058936798374709e-01	1.502062749739190295e-01	7.182559417756392839e-02	2.955420761738337607e-02	7.571120124283942099e-02
1.112687149140715292e+03	2.601465145202746521e-01	1.675904306454639725e-01	2.441786787152895044e-01	1.505557109518196879e-01	7.197250328579798961e-02	2.962257908779204404e-02	7.593358279317401205e-02
1.117524919354370468e+03	2.594093097566752548e-01	1.670750807146737793e-01	2.446492156196755363e-01	1.509032908567994324e-01	7.211798781169605210e-02	2.969116673476019166e-02	7.615394850533163673e-02
1.122362689568025871e+03	2.586763768239928596e-01	1.665627446549928503e-01	2.451174729603942115e-01	1.512490030202866542e-01	7.226210112795987406e-02	2.975995354926058711e-02	7.637234786272489862e-02
1.127200459781681047e+03	2.579476907196773250e-01	1.660534049577995219e-01	2.455834229300172533e-01	1.515928372381827871e-01	7.240489291948319639e-02	2.982892322538921101e-02	7.658882800906260946e-02
1.132038229995336451e+03	2.572232265991118427e-01	1.655470441908786505e-01	2.460470410720730083e-01	1.519347846834422644e-01	7.254640945590350165e-02	2.989806012369185598e-02	7.680343387451077364e-02
1.136876000208991627e+03	2.565029597739076905e-01	1.650436449996918187e-01	2.465083060268364323e-01	1.522748378235278532e-01	7.268669384395697042e-02	2.996734923677948567e-02	7.701620829491162556e-02
1.141713770422646803e+03	2.557868657102704835e-01	1.645431901085459281e-01	2.469671992956694873e-01	1.526129903424720269e-01	7.282578626113039855e-02	3.003677615707814677e-02	7.722719212444541237e-02
1.146551540636302207e+03	2.550749200274315398e-01	1.640456623216646481e-01	2.474237050225635559e-01	1.529492370672896062e-01	7.296372417199396831e-02	3.010632704656983002e-02	7.743642434209868641e-02
1.151389310849957155e+03	2.543670984961403092e-01	1.635510445241687150e-01	2.478778097916322920e-01	1.532835738985016960e-01	7.310054252849607082e-02	3.017598860839080729e-02	7.764394215228201390e-02
1.156227081063612786e+03	2.536633770372120900e-01	1.630593196829694946e-01	2.483295024393957218e-01	1.536159977445432645e-01	7.323627395540706353e-02	3.024574806016312040e-02	7.784978107992113205e-02
1.161064851277267962e+03	2.529637317201282043e-01	1.625704708475812499e-01	2.487787738807800131e-01	1.539465064598402599e-01	7.337094892201113938e-02	3.031559310894352613e-02	7.805397506032750454e-02
1.165902621490923138e+03	2.522681387616837467e-01	1.620844811508556915e-01	2.492256169478357097e-01	1.542750987863533430e-01	7.350459590106413199e-02	3.038551192768227174e-02	7.825655652413705810e-02
1.170740391704578315e+03	2.515765745246798524e-01	1.616013338096439211e-01	2.496700262402501980e-01	1.546017742983966103e-01	7.363724151595997525e-02	3.045549313309144773e-02	7.845755647758993756e-02
1.175578161918233945e+03	2.508890155166572100e-01	1.611210121253893734e-01	2.501119979867973964e-01	1.549265333505507880e-01	7.376891067697893822e-02	3.052552576482960370e-02	7.865700457840872628e-02
1.180415932131889122e+03	2.502054383886673228e-01	1.606434994846555608e-01	2.505515299169292498e-01	1.552493770284996688e-01	7.389962670742607209e-02	3.059559926591576620e-02	7.885492920751843715e-02
1.185253702345544298e+03	2.495258199340798511e-01	1.601687793595925335e-01	2.509886211417727275e-01	1.555703071026285078e-01	7.402941146040867282e-02	3.066570346429194072e-02	7.905135753683786848e-02
1.190091472559199701e+03	2.488501370874220686e-01	1.596968353083451364e-01	2.514232720438487334e-01	1.558893259842317192e-01	7.415828542694628822e-02	3.073582855545877596e-02	7.924631559335938713e-02
1.194929242772855105e+03	2.481783669232494050e-01	1.592276509754069203e-01	2.518554841748788520e-01	1.562064366841858509e-01	7.428626783605520034e-02	3.080596508611421064e-02	7.943982831972169756e-02
1.199767012986510281e+03	2.475104866550440208e-01	1.587612100919219282e-01	2.522852601610932610e-01	1.565216427739514748e-01	7.441337674740228225e-02	3.087610393872972786e-02	7.963191963146944163e-02
1.204604783200165684e+03	2.468464736341400567e-01	1.582974964759382708e-01	2.527126036154939137e-01	1.568349483487757323e-01	7.453962913707876115e-02	3.094623631700334568e-02	7.982261247118209446e-02
1.209442553413820860e+03	2.461863053486733344e-01	1.578364940326155708e-01	2.531375190565685052e-01	1.571463579929734955e-01	7.466504097700400744e-02	3.101635373213261146e-02	8.001192885964465706e-02
1.214280323627476264e+03	2.455299594225540949e-01	1.573781867543892210e-01	2.535600118329863761e-01	1.574558767471726795e-01	7.478962730843152773e-02	3.108644798985469443e-02	8.019988994422354300e-02
1.219118093841131440e+03	2.448774136144611924e-01	1.569225587210939798e-01	2.539800880538420347e-01	1.577635100774148758e-01	7.491340230999443683e-02	3.115651117820435884e-02	8.038651604460121669e-02
1.223955864054786844e+03	2.442286458168562158e-01	1.564695941000491530e-01	2.543977545240430072e-01	1.580692638460091670e-01	7.503637936069557091e-02	3.122653565594386837e-02	8.057182669601518910e-02
1.228793634268442020e+03	2.435836340550164847e-01	1.560192771461076378e-01	2.548130186844686507e-01	1.583731442840417281e-01	7.515857109821688642e-02	3.129651404162200196e-02	8.075584069013878874e-02
1.233631404482097196e+03	2.429423564860856144e-01	1.555715922016710773e-01	2.552258885565538149e-01	1.586751579654501476e-01	7.527998947289586684e-02	3.136643920322229606e-02	8.093857611373334038e-02
1.238469174695752372e+03	2.423047913981404289e-01	1.551265236966731798e-01	2.556363726909750556e-01	1.589753117825757345e-01	7.540064579768997188e-02	3.143630424836329346e-02	8.112005038519445876e-02
1.243306944909407548e+03	2.416709172092735836e-01	1.546840561485326171e-01	2.560444801201423037e-01	1.592736129231120401e-01	7.552055079442725194e-02	3.150610251501606562e-02	8.130028028910818438e-02
1.248144715123063179e+03	2.410407124666906209e-01	1.542441741620782514e-01	2.564502203142187686e-01	1.595700688483725482e-01	7.563971463661872674e-02	3.157582756270663205e-02	8.147928200892637363e-02
1.252982485336718355e+03	2.404141558458207928e-01	1.538068624294473830e-01	2.568536031404139441e-01	1.598646872728042567e-01	7.575814698908769906e-02	3.164547316417316153e-02	8.165707115786470516e-02
1.257820255550373531e+03	2.397912261494409003e-01	1.533721057299593515e-01	2.572546388253101335e-01	1.601574761446785400e-01	7.587585704465246716e-02	3.171503329744963795e-02	8.183366280812086335e-02
1.262658025764028707e+03	2.391719023068112904e-01	1.529398889299658504e-01	2.576533379200042773e-01	1.604484436278940385e-01	7.599285355808134412e-02	3.178450213834981691e-02	8.200907151850528320e-02
1.267495795977684338e+03	2.385561633728237318e-01	1.525101969826792581e-01	2.580497112678585281e-01	1.607375980848295971e-01	7.610914487752253044e-02	3.185387405332688188e-02	8.218331136057144271e-02
1.272333566191339514e+03	2.379439885271599220e-01	1.520830149279803478e-01	2.584437699746713335e-01	1.610249480601897432e-01	7.622473897359653694e-02	3.192314359268584589e-02	8.235639594332816449e-02
1.277171336404994690e+03	2.373353570734609008e-01	1.516583278922072897e-01	2.588355253810925016e-01	1.613105022657872478e-01	7.633964346632492182e-02	3.199230548412742431e-02	8.252833843661157298e-02
1.282009106618650094e+03	2.367302484385060413e-01	1.512361210879260565e-01	2.592249890371191023e-01	1.615942695662108408e-01	7.645386565005611590e-02	3.206135462660326257e-02	8.269915159319042586e-02
1.286846876832305497e+03	2.361286421714019201e-01	1.508163798136845646e-01	2.596121726785208250e-01	1.618762589653292006e-01	7.656741251653725877e-02	3.213028608446401313e-02	8.286884776967405608e-02
1.291684647045960673e+03	2.355305179427799600e-01	1.503990894537508283e-01	2.599970882050550713e-01	1.621564795935847014e-01	7.668029077627006029e-02	3.219909508188268515e-02	8.303743894628862199e-02
1.296522417259616077e+03	2.349358555440029250e-01	1.499842354778365972e-01	2.603797476603404437e-01	1.624349406960329256e-01	7.679250687827821054e-02	3.226777699753707873e-02	8.320493674558372688e-02
1.301360187473271253e+03	2.343446348863798545e-01	1.495718034408074215e-01	2.607601632132692249e-01	1.627116516210869168e-01	7.690406702840452136e-02	3.233632735953605869e-02	8.337135245012793072e-02
1.306197957686926657e+03	2.337568360003888235e-01	1.491617789823798113e-01	2.611383471408455503e-01	1.629866218099264852e-01	7.701497720624737864e-02	3.240474184057542256e-02	8.353669701924851254e-02
1.311035727900581833e+03	2.331724390349073917e-01	1.487541478268068484e-01	2.615143118123462451e-01	1.632598607865360096e-01	7.712524318083757713e-02	3.247301625331009550e-02	8.370098110486784426e-02
1.315873498114237009e+03	2.325914242564507406e-01	1.483488957825525034e-01	2.618880696747077352e-01	1.635313781483355156e-01	7.723487052514953211e-02	3.254114654593020378e-02	8.386421506648578106e-02
1.320711268327892412e+03	2.320137720484168331e-01	1.479460087419560144e-01	2.622596332390493279e-01	1.638011835573722208e-01	7.734386462953357633e-02	3.260912879792934177e-02	8.402640898535476688e-02
1.325549038541547588e+03	2.314394629103382894e-01	1.475454726808866357e-01	2.626290150682504820e-01	1.640692867320409365e-01	7.745223071414966687e-02	3.267695921605425630e-02	8.418757267789181431e-02
1.330386808755202765e+03	2.308684774571415910e-01	1.471472736583898933e-01	2.629962277655043534e-01	1.643356974393043457e-01	7.755997384047709498e-02	3.274463413042559556e-02	8.434771570836922805e-02
1.335224578968857941e+03	2.303007964184120293e-01	1.467513978163254296e-01	2.633612839637773928e-01	1.646004254873848494e-01	7.766709892196882459e-02	3.281214999082040368e-02	8.450684740092313796e-02
1.340062349182513572e+03	2.297364006376656498e-01	1.463578313789976881e-01	2.637241963161078284e-01	1.648634807189017504e-01	7.777361073391442225e-02	3.287950336310722921e-02	8.466497685091754766e-02
1.344900119396168748e+03	2.291752710716269681e-01	1.459665606527795756e-01	2.640849774866816380e-01	1.651248730044290181e-01	7.787951392257057293e-02	3.294669092582558356e-02	8.482211293569870414e-02
1.349737889609823924e+03	2.286173887895129320e-01	1.455775720257299899e-01	2.644436401426301653e-01	1.653846122364499849e-01	7.798481301361362417e-02	3.301370946690194291e-02	8.497826432477344205e-02
1.354575659823479100e+03	2.280627349723225727e-01	1.451908519672054643e-01	2.648001969464949257e-01	1.656427083236866327e-01	7.808951241996503478e-02	3.308055588049488294e-02	8.513343948944261663e-02
1.359413430037134731e+03	2.275112909121324023e-01	1.448063870274665932e-01	2.651546605493119713e-01	1.658991711857827900e-01	7.819361644903626007e-02	3.314722716396250463e-02	8.528764671191961522e-02
1.364251200250789907e+03	2.269630380113975832e-01	1.444241638372797953e-01	2.655070435842695753e-01	1.661540107483209794e-01	7.829712930943663607e-02	3.321372041494567717e-02	8.544089409396192492e-02
1.369088970464445310e+03	2.264179577822583722e-01	1.440441691075144415e-01	2.658573586608973249e-01	1.664072369381545957e-01	7.840005511718411979e-02	3.328003282856113049e-02	8.559318956504224918e-02
1.373926740678100487e+03	2.258760318458520877e-01	1.436663896287364295e-01	2.662056183597473202e-01	1.666588596790371801e-01	7.850239790145625840e-02	3.334616169469855479e-02	8.574454089008447244e-02
1.378764510891755890e+03	2.253372419316302111e-01	1.432908122707980680e-01	2.665518352275315084e-01	1.669088888875324694e-01	7.860416160991552659e-02	3.341210439541658639e-02	8.589495567678799570e-02
1.383602281105411066e+03	2.248015698766808734e-01	1.429174239824247405e-01	2.668960217726809581e-01	1.671573344691892615e-01	7.870535011364104827e-02	3.347785840243251015e-02	8.604444138256296670e-02
1.388440051319066470e+03	2.242689976250561990e-01	1.425462117907989323e-01	2.672381904612965431e-01	1.674042063149661641e-01	7.880596721169588759e-02	3.354342127470107821e-02	8.619300532109762381e-02
1.393277821532721646e+03	2.237395072271048113e-01	1.421771628011416766e-01	2.675783537134612255e-01	1.676495142978917108e-01	7.890601663535735943e-02	3.360879065607799698e-02	8.634065466857762661e-02
1.398115591746377049e+03	2.232130808388093357e-01	1.418102641962919741e-01	2.679165238998877929e-01	1.678932682699473267e-01	7.900550205203549226e-02	3.367396427306394019e-02	8.648739646957660787e-02
1.402953361960032225e+03	2.226897007211284252e-01	1.414455032362842701e-01	2.682527133388765694e-01	1.681354780591596543e-01	7.910442706890281894e-02	3.373893993262522262e-02	8.663323764263551607e-02
1.407791132173687402e+03	2.221693492393440328e-01	1.410828672579244325e-01	2.685869342935605641e-01	1.683761534668908044e-01	7.920279523625740892e-02	3.380371552008740871e-02	8.677818498554785986e-02
1.412628902387342805e+03	2.216520088624130691e-01	1.407223436743642309e-01	2.689191989694157958e-01	1.686153042653152634e-01	7.930061005063884783e-02	3.386828899709850432e-02	8.692224518036684167e-02
1.417466672600997981e+03	2.211376621623239447e-01	1.403639199746750110e-01	2.692495195120175322e-01	1.688529401950725484e-01	7.939787495771569170e-02	3.393265839965833169e-02	8.706542479814947944e-02
1.422304442814653157e+03	2.206262918134574702e-01	1.400075837234203702e-01	2.695779080050239584e-01	1.690890709630858690e-01	7.949459335496170120e-02	3.399682183621126341e-02	8.720773030345191357e-02
1.427142213028308333e+03	2.201178805919526416e-01	1.396533225602283046e-01	2.699043764683694002e-01	1.693237062405370252e-01	7.959076859413638516e-02	3.406077748579916520e-02	8.734916805858962408e-02
1.431979983241963964e+03	2.196124113750765883e-01	1.393011241993627747e-01	2.702289368566525574e-01	1.695568556609886868e-01	7.968640398358475818e-02	3.412452359627208415e-02	8.748974432767504805e-02
1.436817753455619140e+03	2.191098671405991849e-01	1.389509764292953808e-01	2.705516010577035946e-01	1.697885288186457564e-01	7.978150279036969050e-02	3.418805848255398322e-02	8.762946528044489314e-02
1.441655523669274316e+03	2.186102309661720478e-01	1.386028671122765399e-01	2.708723808913172104e-01	1.700187352667474061e-01	7.987606824224953439e-02	3.425138052496110724e-02	8.776833699588861004e-02
1.446493293882929493e+03	2.181134860287117505e-01	1.382567841839071054e-01	2.711912881081391391e-01	1.702474845160826533e-01	7.997010352951251788e-02	3.431448816757084325e-02	8.790636546568844634e-02
1.451331064096585123e+03	2.176196156037874807e-01	1.379127156527103770e-01	2.715083343886935396e-01	1.704747860336218446e-01	8.006361180667874444e-02	3.437737991663875059e-02	8.804355659748176743e-02
1.456168834310240300e+03	2.171286030650129428e-01	1.375706495997041090e-01	2.718235313425412802e-01	1.707006492412578846e-01	8.015659619407955461e-02	3.444005433906183883e-02	8.817991621795488733e-02
1.461006604523895703e+03	2.166404318834425080e-01	1.372305741779734634e-01	2.721368905075584599e-01	1.709250835146503278e-01	8.024905977932372814e-02	3.450251006088618511e-02	8.831545007577780437e-02
1.465844374737550879e+03	2.161550856269714438e-01	1.368924776122446285e-01	2.724484233493258967e-01	1.711480981821665304e-01	8.034100561865868684e-02	3.456474576585702452e-02	8.845016384438829371e-02
1.470682144951206283e+03	2.156725479597403905e-01	1.365563481984590766e-01	2.727581412606208122e-01	1.713697025239141747e-01	8.043243673823487205e-02	3.462676019400964811e-02	8.858406312463358578e-02
1.475519915164861459e+03	2.151928026415439177e-01	1.362221743033488752e-01	2.730660555610029405e-01	1.715899057708597242e-01	8.052335613528036062e-02	3.468855214029945705e-02	8.871715344727722219e-02
1.480357685378516862e+03	2.147158335272432439e-01	1.358899443640131655e-01	2.733721774964873452e-01	1.718087171040277861e-01	8.061376677919253331e-02	3.475012045326966725e-02	8.884944027537869382e-02
1.485195455592172038e+03	2.142416245661827590e-01	1.355596468874955274e-01	2.736765182392969509e-01	1.720261456537766631e-01	8.070367161255308230e-02	3.481146403375521420e-02	8.898092900655223125e-02
1.490033225805827215e+03	2.137701598016109039e-01	1.352312704503627616e-01	2.739790888876884045e-01	1.722422004991452371e-01	8.079307355207196450e-02	3.487258183362142855e-02	8.911162497511168623e-02
1.494870996019482618e+03	2.133014233701046036e-01	1.349048036982849752e-01	2.742799004658459383e-01	1.724568906672673818e-01	8.088197548946569893e-02	3.493347285453625439e-02	8.924153345410759663e-02
1.499708766233137567e+03	2.128353995009980293e-01	1.345802353456170275e-01	2.745789639238360724e-01	1.726702251328496029e-01	8.097038029227507372e-02	3.499413614677468476e-02	8.937065965726201378e-02
1.504546536446793198e+03	2.123720725158149969e-01	1.342575541749815304e-01	2.748762901376202716e-01	1.728822128177079642e-01	8.105829080462659264e-02	3.505457080805438747e-02	8.949900874080686519e-02
1.509384306660448374e+03	2.119114268277054181e-01	1.339367490368533198e-01	2.751718899091187831e-01	1.730928625903610241e-01	8.114570984794197694e-02	3.511477598240118903e-02	8.962658580523093221e-02
1.514222076874103550e+03	2.114534469408854978e-01	1.336178088491455640e-01	2.754657739663228244e-01	1.733021832656751748e-01	8.123264022159969178e-02	3.517475085904357701e-02	8.975339589694032727e-02
1.519059847087758726e+03	2.109981174500816514e-01	1.333007225967975662e-01	2.757579529634499038e-01	1.735101836045592483e-01	8.131908470355195262e-02	3.523449467133506208e-02	8.987944400983728654e-02
1.523897617301414357e+03	2.105454230399784465e-01	1.329854793313643979e-01	2.760484374811389419e-01	1.737168723137052506e-01	8.140504605090069512e-02	3.529400669570348370e-02	9.000473508682145518e-02
1.528735387515069533e+03	2.100953484846700414e-01	1.326720681706079763e-01	2.763372380266821415e-01	1.739222580453725908e-01	8.149052700043549202e-02	3.535328625062640617e-02	9.012927402121802267e-02
1.533573157728724709e+03	2.096478786471155376e-01	1.323604782980905004e-01	2.766243650342893878e-01	1.741263493972128595e-01	8.157553026913630378e-02	3.541233269563164032e-02	9.025306565813646931e-02
1.538410927942380113e+03	2.092029984785979124e-01	1.320506989627692751e-01	2.769098288653831785e-01	1.743291549121327166e-01	8.166005855464369967e-02	3.547114543032211381e-02	9.037611479576380946e-02
1.543248698156035516e+03	2.087606930181866438e-01	1.317427194785936173e-01	2.771936398089208109e-01	1.745306830781926388e-01	8.174411453569892239e-02	3.552972389342432674e-02	9.049842618659578730e-02
1.548086468369690692e+03	2.083209473922039701e-01	1.314365292241038707e-01	2.774758080817409933e-01	1.747309423285389185e-01	8.182770087255625269e-02	3.558806756185956682e-02	9.062000453860913352e-02
1.552924238583346096e+03	2.078837468136947586e-01	1.311321176420321699e-01	2.777563438289335496e-01	1.749299410413670541e-01	8.191082020736949187e-02	3.564617594983725268e-02	9.074085451637853295e-02
1.557762008797001272e+03	2.074490765818998994e-01	1.308294742389053966e-01	2.780352571242282189e-01	1.751276875399144228e-01	8.199347516455461615e-02	3.570404860796962815e-02	9.086098074214067621e-02
1.562599779010656675e+03	2.070169220817333622e-01	1.305285885846500238e-01	2.783125579704027186e-01	1.753241900924803198e-01	8.207566835113046244e-02	3.576168512240725933e-02	9.098038779680873989e-02
1.567437549224311852e+03	2.065872687832626398e-01	1.302294503121991520e-01	2.785882562997062939e-01	1.755194569124717552e-01	8.215740235703898608e-02	3.581908511399454348e-02	9.109908022093948787e-02
1.572275319437967255e+03	2.061601022411928552e-01	1.299320491171016001e-01	2.788623619742983673e-01	1.757134961584727040e-01	8.223867975544650599e-02	3.587624823744485492e-02	9.121706251565593615e-02
1.577113089651622431e+03	2.057354080943540886e-01	1.296363747571330494e-01	2.791348847866996774e-01	1.759063159343361438e-01	8.231950310302774132e-02	3.593317418053453699e-02	9.133433914352760696e-02
1.581950859865277607e+03	2.053131720651923953e-01	1.293424170519093808e-01	2.794058344602549093e-01	1.760979242892964924e-01	8.239987494023340298e-02	3.598986266331532374e-02	9.145091452941088439e-02
1.586788630078933011e+03	2.048933799592641547e-01	1.290501658825021769e-01	2.796752206496058157e-01	1.762883292181016970e-01	8.247979779154299140e-02	3.604631343734462229e-02	9.156679306125138640e-02
1.591626400292587959e+03	2.044760176647335836e-01	1.287596111910563057e-01	2.799430529411726098e-01	1.764775386611630859e-01	8.255927416570366106e-02	3.610252628493312160e-02	9.168197909085047670e-02
1.596464170506243590e+03	2.040610711518739961e-01	1.284707429804096968e-01	2.802093408536432961e-01	1.766655605047222632e-01	8.263830655595631736e-02	3.615850101840933223e-02	9.179647693459794255e-02
1.601301940719898766e+03	2.036485264725722000e-01	1.281835513137153937e-01	2.804740938384695514e-01	1.768524025810332689e-01	8.271689744024975088e-02	3.621423747940045318e-02	9.191029087417225407e-02
1.606139710933553943e+03	2.032383697598361683e-01	1.278980263140656326e-01	2.807373212803680462e-01	1.770380726685594208e-01	8.279504928144382214e-02	3.626973553812927464e-02	9.202342515721056992e-02
1.610977481147209119e+03	2.028305872273059307e-01	1.276141581641182798e-01	2.809990324978265952e-01	1.772225784921833969e-01	8.287276452750243216e-02	3.632499509272654054e-02	9.213588399794973849e-02
1.615815251360864750e+03	2.024251651687679898e-01	1.273319371057253790e-01	2.812592367436139718e-01	1.774059277234298626e-01	8.295004561167711177e-02	3.638001606855845865e-02	9.224767157784008464e-02
1.620653021574519926e+03	2.020220899576727902e-01	1.270513534395638910e-01	2.815179432052929420e-01	1.775881279806993951e-01	8.302689495268177067e-02	3.643479841756893517e-02	9.235879204613309246e-02
1.625490791788175102e+03	2.016213480466552965e-01	1.267723975247687651e-01	2.817751610057353528e-01	1.777691868295130373e-01	8.310331495485939746e-02	3.648934211763611019e-02	9.246924952044481560e-02
1.630328562001830505e+03	2.012229259670589854e-01	1.264950597785680919e-01	2.820308992036391627e-01	1.779491117827667057e-01	8.317930800834122396e-02	3.654364717194286821e-02	9.257904808729575108e-02
1.635166332215485909e+03	2.008268103284628348e-01	1.262193306759205047e-01	2.822851667940463050e-01	1.781279103009943410e-01	8.325487648919892292e-02	3.659771360836099052e-02	9.268819180262891089e-02
1.640004102429141085e+03	2.004329878182115054e-01	1.259452007491548564e-01	2.825379727088614401e-01	1.783055897926394129e-01	8.333002275959033867e-02	3.665154147884849833e-02	9.279668469230684114e-02
1.644841872642796488e+03	2.000414452009485200e-01	1.256726605876120895e-01	2.827893258173700963e-01	1.784821576143339750e-01	8.340474916789923643e-02	3.670513085886000643e-02	9.290453075258896243e-02
1.649679642856451665e+03	1.996521693181528001e-01	1.254017008372892428e-01	2.830392349267571994e-01	1.786576210711845469e-01	8.347905804886941727e-02	3.675848184676962921e-02	9.301173395059003646e-02
1.654517413070107068e+03	1.992651470876779518e-01	1.251323122004857902e-01	2.832877087826239926e-01	1.788319874170641866e-01	8.355295172373380930e-02	3.681159456330621027e-02	9.311829822472091067e-02
1.659355183283762244e+03	1.988803655032948259e-01	1.248644854354520883e-01	2.835347560695039570e-01	1.790052638549103903e-01	8.362643250033854891e-02	3.686446915100059785e-02	9.322422748511245694e-02
1.664192953497417420e+03	1.984978116342368537e-01	1.245982113560400589e-01	2.837803854113771784e-01	1.791774575370280176e-01	8.369950267326284332e-02	3.691710577364454987e-02	9.332952561402331482e-02
1.669030723711072824e+03	1.981174726247486306e-01	1.243334808313561052e-01	2.840246053721828812e-01	1.793485755653969338e-01	8.377216452393446144e-02	3.696950461576118535e-02	9.343419646623264685e-02
1.673868493924728000e+03	1.977393356936373581e-01	1.240702847854161656e-01	2.842674244563292429e-01	1.795186249919835941e-01	8.384442032074151951e-02	3.702166588208649634e-02	9.353824386941841929e-02
1.678706264138383403e+03	1.973633881338271445e-01	1.238086141968030018e-01	2.845088511092014327e-01	1.796876128190566801e-01	8.391627231914061680e-02	3.707358979706185109e-02	9.364167162452205484e-02
1.683544034352038352e+03	1.969896173119162208e-01	1.235484600983255826e-01	2.847488937176663182e-01	1.798555459995057615e-01	8.398772276176162677e-02	3.712527660433711379e-02	9.374448350610012359e-02
1.688381804565693983e+03	1.966180106677373751e-01	1.232898135766807429e-01	2.849875606105744530e-01	1.800224314371628442e-01	8.405877387850940741e-02	3.717672656628417255e-02	9.384668326266372429e-02
1.693219574779349159e+03	1.962485557139208303e-01	1.230326657721169947e-01	2.852248600592589556e-01	1.801882759871264450e-01	8.412942788666262495e-02	3.722793996352065371e-02	9.394827461700620830e-02
1.698057344993004335e+03	1.958812400354602024e-01	1.227770078781004054e-01	2.854608002780309461e-01	1.803530864560880242e-01	8.419968699096980203e-02	3.727891709444355883e-02	9.404926126651980134e-02
1.702895115206659511e+03	1.955160512892812619e-01	1.225228311409827103e-01	2.856953894246716530e-01	1.805168696026598352e-01	8.426955338374289561e-02	3.732965827477262299e-02	9.414964688350178912e-02
1.707732885420315142e+03	1.951529772038135824e-01	1.222701268596715213e-01	2.859286356009205776e-01	1.806796321377047432e-01	8.433902924494854347e-02	3.738016383710319329e-02	9.424943511545058605e-02
1.712570655633970318e+03	1.947920055785647697e-01	1.220188863853026856e-01	2.861605468529604956e-01	1.808413807246669891e-01	8.440811674229703465e-02	3.743043413046835688e-02	9.434862958535239486e-02
1.717408425847625494e+03	1.944331242836976059e-01	1.217691011209147689e-01	2.863911311718979613e-01	1.810021219799040626e-01	8.447681803132928158e-02	3.748046951991020059e-02	9.444723389195888719e-02
1.722246196061280898e+03	1.940763212596099963e-01	1.215207625211256054e-01	2.866203964942399818e-01	1.811618624730191862e-01	8.454513525550183539e-02	3.753027038605990379e-02	9.454525161005618294e-02
1.727083966274936301e+03	1.937215845165174422e-01	1.212738620918110549e-01	2.868483507023673607e-01	1.813206087271942990e-01	8.461307054627009716e-02	3.757983712472657417e-02	9.464268629072586370e-02
1.731921736488591478e+03	1.933689021340384284e-01	1.210283913897856889e-01	2.870750016250026571e-01	1.814783672195234288e-01	8.468062602316980825e-02	3.762917014649454217e-02	9.473954146159810352e-02
1.736759506702246881e+03	1.930182622607823084e-01	1.207843420224856829e-01	2.873003570376752025e-01	1.816351443813459532e-01	8.474780379389704188e-02	3.767826987632900276e-02	9.483582062709747240e-02
1.741597276915902057e+03	1.926696531139399926e-01	1.205417056476537491e-01	2.875244246631809553e-01	1.817909465985798056e-01	8.481460595438658490e-02	3.772713675318978971e-02	9.493152726868178681e-02
1.746435047129557461e+03	1.923230629788771906e-01	1.203004739730260397e-01	2.877472121720388576e-01	1.819457802120543199e-01	8.488103458888894559e-02	3.777577122965312950e-02	9.502666484507424349e-02
1.751272817343212637e+03	1.919784802087303732e-01	1.200606387560212290e-01	2.879687271829419193e-01	1.820996515178426589e-01	8.494709177004612644e-02	3.782417377154118077e-02	9.512123679248926655e-02
1.756110587556867813e+03	1.916358932240051216e-01	1.198221918034315936e-01	2.881889772632049707e-01	1.822525667675935490e-01	8.501277955896599514e-02	3.787234485755921337e-02	9.521524652485229001e-02
1.760948357770523216e+03	1.912952905121773628e-01	1.195851249711160080e-01	2.884079699292074750e-01	1.824045321688622379e-01	8.507810000529561489e-02	3.792028497894026767e-02	9.530869743401373939e-02
1.765786127984178393e+03	1.909566606272968814e-01	1.193494301636950639e-01	2.886257126468320666e-01	1.825555538854405080e-01	8.514305514729332558e-02	3.796799463909714123e-02	9.540159288995768427e-02
1.770623898197833569e+03	1.906199921895936067e-01	1.191150993342481729e-01	2.888422128318985926e-01	1.827056380376856637e-01	8.520764701189996460e-02	3.801547435328151564e-02	9.549393624100513400e-02
1.775461668411488745e+03	1.902852738850861758e-01	1.188821244840125996e-01	2.890574778505941023e-01	1.828547907028483799e-01	8.527187761480883865e-02	3.806272464825014717e-02	9.558573081401242066e-02
1.780299438625144376e+03	1.899524944651931890e-01	1.186504976620845614e-01	2.892715150198978957e-01	1.830030179153993297e-01	8.533574896053496006e-02	3.810974606193787140e-02	9.567697991456489137e-02
1.785137208838799552e+03	1.896216427463469356e-01	1.184202109651221607e-01	2.894843316080025764e-01	1.831503256673543134e-01	8.539926304248328381e-02	3.815653914313739403e-02	9.576768682716599312e-02
1.789974979052454728e+03	1.892927076096095063e-01	1.181912565370503848e-01	2.896959348347309948e-01	1.832967199085979437e-01	8.546242184301609812e-02	3.820310445118565296e-02	9.585785481542209718e-02
1.794812749266109904e+03	1.889656780002913206e-01	1.179636265687680347e-01	2.899063318719478644e-01	1.834422065472059993e-01	8.552522733351961004e-02	3.824944255565668194e-02	9.594748712222320175e-02
1.799650519479765535e+03	1.886405429275722356e-01	1.177373132978564302e-01	2.901155298439680452e-01	1.835867914497658349e-01	8.558768147446972618e-02	3.829555403606069164e-02	9.603658696991970722e-02
1.804488289693420711e+03	1.883172914641249307e-01	1.175123090082902805e-01	2.903235358279599998e-01	1.837304804416953208e-01	8.564978621549715343e-02	3.834143948154952047e-02	9.612515756049547222e-02
1.809326059907075887e+03	1.879959127457407064e-01	1.172886060301502331e-01	2.905303568543448067e-01	1.838732793075599781e-01	8.571154349545172246e-02	3.838709949062800442e-02	9.621320207573720584e-02
1.814163830120731291e+03	1.876763959709577545e-01	1.170661967393374081e-01	2.907359999071914003e-01	1.840151937913882263e-01	8.577295524246601743e-02	3.843253467087139053e-02	9.630072367740048767e-02
1.819001600334386467e+03	1.873587304006915644e-01	1.168450735572898191e-01	2.909404719246068693e-01	1.841562295969848273e-01	8.583402337401846438e-02	3.847774563864859998e-02	9.638772550737251255e-02
1.823839370548041643e+03	1.870429053578678835e-01	1.166252289507006268e-01	2.911437797991232590e-01	1.842963923882423583e-01	8.589474979699565638e-02	3.852273301885112550e-02	9.647421068783174070e-02
1.828677140761696819e+03	1.867289102270579260e-01	1.164066554312382235e-01	2.913459303780796539e-01	1.844356877894507696e-01	8.595513640775412356e-02	3.856749744462757701e-02	9.656018232140439750e-02
1.833514910975352450e+03	1.864167344541157456e-01	1.161893455552682197e-01	2.915469304640001535e-01	1.845741213856048890e-01	8.601518509218158970e-02	3.861203955712379232e-02	9.664564349131828103e-02
1.838352681189008081e+03	1.861063675458182465e-01	1.159732919235772208e-01	2.917467868149680177e-01	1.847116987227097884e-01	8.607489772575752096e-02	3.865636000522817972e-02	9.673059726155373850e-02
1.843190451402663257e+03	1.857977990695070247e-01	1.157584871810983795e-01	2.919455061449953148e-01	1.848484253080843187e-01	8.613427617361331390e-02	3.870045944532248677e-02	9.681504667699193656e-02
1.848028221616318433e+03	1.854910186527327642e-01	1.155449240166388503e-01	2.921430951243889074e-01	1.849843066106621470e-01	8.619332229059181727e-02	3.874433854103764147e-02	9.689899476356071684e-02
1.852865991829973609e+03	1.851860159829017138e-01	1.153325951626089224e-01	2.923395603801120513e-01	1.851193480612911280e-01	8.625203792130632652e-02	3.878799796301471425e-02	9.698244452837799512e-02
1.857703762043628785e+03	1.848827808069244960e-01	1.151214933947530134e-01	2.925349084961423318e-01	1.852535550530300945e-01	8.631042490019927294e-02	3.883143838867083447e-02	9.706539895989275968e-02
1.862541532257283961e+03	1.845813029308670528e-01	1.149116115318823961e-01	2.927291460138256030e-01	1.853869329414437050e-01	8.636848505160019118e-02	3.887466050196998479e-02	9.714786102802393242e-02
1.867379302470939592e+03	1.842815722196037287e-01	1.147029424356095922e-01	2.929222794322255408e-01	1.855194870448949873e-01	8.642622018978342313e-02	3.891766499319855577e-02	9.722983368429702344e-02
1.872217072684594768e+03	1.839835785964726023e-01	1.144954790100847636e-01	2.931143152084701997e-01	1.856512226448356895e-01	8.648363211902525272e-02	3.896045255874562574e-02	9.731131986197870398e-02
1.877054842898249490e+03	1.836873120429328987e-01	1.142892142017335050e-01	2.933052597580940724e-01	1.857821449860944940e-01	8.654072263366065221e-02	3.900302390088779964e-02	9.739232247620942251e-02
1.881892613111905121e+03	1.833927625982247345e-01	1.140841409989965666e-01	2.934951194553764853e-01	1.859122592771628169e-01	8.659749351813955665e-02	3.904537972757854414e-02	9.747284442413410577e-02
1.886730383325560297e+03	1.830999203590305824e-01	1.138802524320712412e-01	2.936839006336767754e-01	1.860415706904785527e-01	8.665394654708273581e-02	3.908752075224197070e-02	9.755288858503102789e-02
