9.288518810218145063e+02	2.918463421858867868e-01	1.893755431013692814e-01	2.259800278796417206e-01	1.363897073560057238e-01	6.388205570181047788e-02	2.728991478920209449e-02	6.523640898569299518e-02
9.336896512354697961e+02	2.909238499810304912e-01	1.887345214049815922e-01	2.263958512425874314e-01	1.367693826770164656e-01	6.423487528535459790e-02	2.732891456636099906e-02	6.561260484227746104e-02
9.385274214491247449e+02	2.900067368599887341e-01	1.880971881808293777e-01	2.268221355649662485e-01	1.371504172644474884e-01	6.457285826078218438e-02	2.737005589075137621e-02	6.598060797784366383e-02
9.433651916627801484e+02	2.890949695234705796e-01	1.874635255991153326e-01	2.272578461958727480e-01	1.375325788646984959e-01	6.489705918772788185e-02	2.741320662368563338e-02	6.634081400503831494e-02
9.482029618764355519e+02	2.881885150246722427e-01	1.868335157216040598e-01	2.277020270873705010e-01	1.379156498696172684e-01	6.520845358038449002e-02	2.745824312125249092e-02	6.669359559470804111e-02
9.530407320900908417e+02	2.872873407542293478e-01	1.862071405125725054e-01	2.281537949459739312e-01	1.382994264432814147e-01	6.550794384405095316e-02	2.750504964120522450e-02	6.703930385829567906e-02
9.578785023037459041e+02	2.863914144263224326e-01	1.855843818492645680e-01	2.286123338186579201e-01	1.386837177012338607e-01	6.579636476647120202e-02	2.755351779264854015e-02	6.737826964501046623e-02
9.627162725174014213e+02	2.855007040658411044e-01	1.849652215318655646e-01	2.290768900810872255e-01	1.390683449389637782e-01	6.607448859730893909e-02	2.760354602539601826e-02	6.771080475914638408e-02
9.675540427310568248e+02	2.846151779965235273e-01	1.843496412930124007e-01	2.295467677981635202e-01	1.394531409066248617e-01	6.634302974660842567e-02	2.765503915609996213e-02	6.803720310257628523e-02
9.723918129447120009e+02	2.837348048299930814e-01	1.837376228068559603e-01	2.300213244292117210e-01	1.398379491271714570e-01	6.660264913078281501e-02	2.770790792846879874e-02	6.835774174712513918e-02
9.772295831583674044e+02	2.828595534556190838e-01	1.831291476976912580e-01	2.304999668521869882e-01	1.402226232552678531e-01	6.685395819253581173e-02	2.776206860508435154e-02	6.867268194122361225e-02
9.820673533720223531e+02	2.819893930311369590e-01	1.825241975481708412e-01	2.309821476831900311e-01	1.406070264744904708e-01	6.709752261914607441e-02	2.781744258851423859e-02	6.898227005496031239e-02
9.869051235856777566e+02	2.811242929739655172e-01	1.819227539071172073e-01	2.314673618693423862e-01	1.409910309304977238e-01	6.733386578171567105e-02	2.787395606958385091e-02	6.928673846738665765e-02
9.917428937993331601e+02	2.802642229531652207e-01	1.813247982969491134e-01	2.319551435347056156e-01	1.413745171979852999e-01	6.756347191629216709e-02	2.793153970082928178e-02	6.958630639968230169e-02
9.965806640129884499e+02	2.794091528819870329e-01	1.807303122207370161e-01	2.324450630604405765e-01	1.417573737793804689e-01	6.778678906620859423e-02	2.799012829329770510e-02	6.988118069755770712e-02
1.001418434226643626e+03	2.785590529109620572e-01	1.801392771689016015e-01	2.329367243818005750e-01	1.421394966333552889e-01	6.800423180353787345e-02	2.804966053499640191e-02	7.017155656605535141e-02
1.006256204440298802e+03	2.777138934214903321e-01	1.795516746255702289e-01	2.334297624858476805e-01	1.425207887313572064e-01	6.821618374621810088e-02	2.811007872941605548e-02	7.045761825970957293e-02
1.011093974653954206e+03	2.768736450198869825e-01	1.789674860746047480e-01	2.339238410949789904e-01	1.429011596404664020e-01	6.842299988616590278e-02	2.817132855266956185e-02	7.073953973083663138e-02
1.015931744867609382e+03	2.760382785318487575e-01	1.783866930053143174e-01	2.344186505224592210e-01	1.432805251309936800e-01	6.862500874254799654e-02	2.823335882789439200e-02	7.101748523855079542e-02
1.020769515081264785e+03	2.752077649973080353e-01	1.778092769178664379e-01	2.349139056871821229e-01	1.436588068073296476e-01	6.882251435332009670e-02	2.829612131566567809e-02	7.129160992093717952e-02
1.025607285294920075e+03	2.743820756656407678e-01	1.772352193284086053e-01	2.354093442758335986e-01	1.440359317606478007e-01	6.901579811716086754e-02	2.835957051925890385e-02	7.156206033265870292e-02
1.030445055508575479e+03	2.735611819912014409e-01	1.766645017739132406e-01	2.359047250415085561e-01	1.444118322421496237e-01	6.920512049702004509e-02	2.842366350368610156e-02	7.182897495013018663e-02
1.035282825722230655e+03	2.727450556291577399e-01	1.760971058167579428e-01	2.363998262286474972e-01	1.447864453556197972e-01	6.939072259565982892e-02	2.848835972750822856e-02	7.209248464625819808e-02
1.040120595935886058e+03	2.719336684315998287e-01	1.755330130490519447e-01	2.368944441149124502e-01	1.451597127681353294e-01	6.957282761279119654e-02	2.855362088649930283e-02	7.235271313661915948e-02
1.044958366149541234e+03	2.711269924439029810e-01	1.749722050967210951e-01	2.373883916613186151e-01	1.455315804378429223e-01	6.975164219268760457e-02	2.861941076830546229e-02	7.260977739883051063e-02
1.049796136363196410e+03	2.703249999013219718e-01	1.744146636233608882e-01	2.378814972625845348e-01	1.459019983577843904e-01	6.992735767049296225e-02	2.868569511730480887e-02	7.286378806675956887e-02
1.054633906576851814e+03	2.695276632257988525e-01	1.738603703338688911e-01	2.383736035902596917e-01	1.462709203148131465e-01	7.010015122482537997e-02	2.875244150893179265e-02	7.311484980111132570e-02
1.059471676790506763e+03	2.687349550229662376e-01	1.733093069778661177e-01	2.388645665217424829e-01	1.466383036627018355e-01	7.027018694370844309e-02	2.881961923278369281e-02	7.336306163784024614e-02
1.064309447004162394e+03	2.679468480793303908e-01	1.727614553529172314e-01	2.393542541488127007e-01	1.470041091085965979e-01	7.043761681033515465e-02	2.888719918387663496e-02	7.360851731574036272e-02
1.069147217217817570e+03	2.671633153596192911e-01	1.722167973075587610e-01	2.398425458597771009e-01	1.473683005120239031e-01	7.060258161468173366e-02	2.895515376146453462e-02	7.385130558448381455e-02
1.073984987431472746e+03	2.663843300042820217e-01	1.716753147441442140e-01	2.403293314897640143e-01	1.477308446957048549e-01	7.076521179653805227e-02	2.902345677487731812e-02	7.409151049429868463e-02
1.078822757645127922e+03	2.656098653271277144e-01	1.711369896215147735e-01	2.408145105341099601e-01	1.480917112674760283e-01	7.092562822510384279e-02	2.909208335587423755e-02	7.432921166840268656e-02
1.083660527858783553e+03	2.648398948130912811e-01	1.706018039575039058e-01	2.412979914201567044e-01	1.484508724526585055e-01	7.108394291991385061e-02	2.916100987704489667e-02	7.456448455924007124e-02
1.088498298072438729e+03	2.640743921161174956e-01	1.700697398312835673e-01	2.417796908331242001e-01	1.488083029362568532e-01	7.124025971749838038e-02	2.923021387582456707e-02	7.479740068950417597e-02
1.093336068286093905e+03	2.633133310571515451e-01	1.695407793855597256e-01	2.422595330920477852e-01	1.491639797144063972e-01	7.139467488785490590e-02	2.929967398372193207e-02	7.502802787886696245e-02
1.098173838499749309e+03	2.625566856222293910e-01	1.690149048286244127e-01	2.427374495720655001e-01	1.495178819545223969e-01	7.154727770450096391e-02	2.936936986038658770e-02	7.525643045727999081e-02
1.103011608713404712e+03	2.618044299606582248e-01	1.684920984362715535e-01	2.432133781696169672e-01	1.498699908636376144e-01	7.169815097159601414e-02	2.943928213217069517e-02	7.548266946565815316e-02
1.107849378927059888e+03	2.610565383832806896e-01	1.679723425535827597e-01	2.436872628073712410e-01	1.502202895644453862e-01	7.184737151135793531e-02	2.950939233486436081e-02	7.570680284470683585e-02
1.112687149140715292e+03	2.603129853608153743e-01	1.674556195965898886e-01	2.441590529759365136e-01	1.505687629785944781e-01	7.199501061475839514e-02	2.957968286030737692e-02	7.592888561260713320e-02
1.117524919354370468e+03	2.595737455222680290e-01	1.669419120538202794e-01	2.446287033096244401e-01	1.509153977168085081e-01	7.214113445825713622e-02	2.965013690660173867e-02	7.614897003222897975e-02
1.122362689568025871e+03	2.588387936534070066e-01	1.664312024877306617e-01	2.450961731937429944e-01	1.512601819754294252e-01	7.228580448912820533e-02	2.972073843166915530e-02	7.636710576850161414e-02
1.127200459781681047e+03	2.581081046952985458e-01	1.659234735360350932e-01	2.455614264010805292e-01	1.516031054390070409e-01	7.242907778173972300e-02	2.979147210991638789e-02	7.658334003653181898e-02
1.132038229995336451e+03	2.573816537428961215e-01	1.654187079129324500e-01	2.460244307554163568e-01	1.519441591885801468e-01	7.257100736697147392e-02	2.986232329178836395e-02	7.679771774102420179e-02
1.136876000208991627e+03	2.566594160436808658e-01	1.649168884102387989e-01	2.464851578200539239e-01	1.522833356153155682e-01	7.271164253679068823e-02	2.993327796600491267e-02	7.701028160752430851e-02
1.141713770422646803e+03	2.559413669963477300e-01	1.644179978984287860e-01	2.469435826095221220e-01	1.526206283391910168e-01	7.285102912585468549e-02	3.000432272429177233e-02	7.722107230597304028e-02
1.146551540636302207e+03	2.552274821495340573e-01	1.639220193275915116e-01	2.473996833227261882e-01	1.529560321324268668e-01	7.298920977186902637e-02	3.007544472843016667e-02	7.743012856703139490e-02
1.151389310849957155e+03	2.545177372005878458e-01	1.634289357283049138e-01	2.478534410959596090e-01	1.532895428473887989e-01	7.312622415629951855e-02	3.014663167946184108e-02	7.763748729160661888e-02
1.156227081063612786e+03	2.538121079943722602e-01	1.629387302124329917e-01	2.483048397743036206e-01	1.536211573487004378e-01	7.326210922691712979e-02	3.021787178889835321e-02	7.784318365398439077e-02
1.161064851277267962e+03	2.531105705221025071e-01	1.624513859738497268e-01	2.487538657000523401e-01	1.539508734493197917e-01	7.339689940354313102e-02	3.028915375179416780e-02	7.804725119894743990e-02
1.165902621490923138e+03	2.524131009202149611e-01	1.619668862890939476e-01	2.492005075169012318e-01	1.542786898503486215e-01	7.353062676825938837e-02	3.036046672155327808e-02	7.824972193323774527e-02
1.170740391704578315e+03	2.517196754692633265e-01	1.614852145179581644e-01	2.496447559887308709e-01	1.546046060843568604e-01	7.366332124125377079e-02	3.043180028634842604e-02	7.845062641169771311e-02
1.175578161918233945e+03	2.510302705928423306e-01	1.610063541040157309e-01	2.500866038319043971e-01	1.549286224620174957e-01	7.379501074338264133e-02	3.050314444704066083e-02	7.864999381840591386e-02
1.180415932131889122e+03	2.503448628565345113e-01	1.605302885750889696e-01	2.505260455600774039e-01	1.552507400218590128e-01	7.392572134645093718e-02	3.057448959649505110e-02	7.884785204310328088e-02
1.185253702345544298e+03	2.496634289668806794e-01	1.600570015436615090e-01	2.509630773405925885e-01	1.555709604829544901e-01	7.405547741213569513e-02	3.064582650019581286e-02	7.904422775318845074e-02
1.190091472559199701e+03	2.489859457703704759e-01	1.595864767072382451e-01	2.513976968616014052e-01	1.558892862003759816e-01	7.418430172040844928e-02	3.071714627807105996e-02	7.923914646154361918e-02
1.194929242772855105e+03	2.483123902524529136e-01	1.591186978486553716e-01	2.518299032091173562e-01	1.562057201232541770e-01	7.431221558824857576e-02	3.078844038744379952e-02	7.943263259043704949e-02
1.199767012986510281e+03	2.476427395365645712e-01	1.586536488363435027e-01	2.522596967532653722e-01	1.565202657552917376e-01	7.443923897937924916e-02	3.085970060703170301e-02	7.962470953173315935e-02
1.204604783200165684e+03	2.469769708831749122e-01	1.581913136245462204e-01	2.526870790430456037e-01	1.568329271175880335e-01	7.456539060570326061e-02	3.093091902192381809e-02	7.981539970362749870e-02
1.209442553413820860e+03	2.463150616888470090e-01	1.577316762534967387e-01	2.531120527089811278e-01	1.571437087136413613e-01	7.469068802106473837e-02	3.100208800946739271e-02	8.000472460411098274e-02
1.214280323627476264e+03	2.456569894853132818e-01	1.572747208495550164e-01	2.535346213730650944e-01	1.574526154964022706e-01	7.481514770791568292e-02	3.107320022600279508e-02	8.019270486135525455e-02
1.219118093841131440e+03	2.450027319385646163e-01	1.568204316253073438e-01	2.539547895654663545e-01	1.577596528372594009e-01	7.493878515742292967e-02	3.114424859438894716e-02	8.037936028119982423e-02
1.223955864054786844e+03	2.443522668479525539e-01	1.563687928796308191e-01	2.543725626474931945e-01	1.580648264968457506e-01	7.506161494351049068e-02	3.121522629226568604e-02	8.056470989191084897e-02
1.228793634268442020e+03	2.437055721453036394e-01	1.559197889977245455e-01	2.547879467403511011e-01	1.583681425975603241e-01	7.518365079129528394e-02	3.128612674100337415e-02	8.074877198637099573e-02
1.233631404482097196e+03	2.430626258940448980e-01	1.554734044511093261e-01	2.552009486592652920e-01	1.586696075977057085e-01	7.530490564033971712e-02	3.135694359529354186e-02	8.093156416185083579e-02
1.238469174695752372e+03	2.424234062883403318e-01	1.550296237975980762e-01	2.556115758525701054e-01	1.589692282671480994e-01	7.542539170311239605e-02	3.142767073333756211e-02	8.111310335750279710e-02
1.243306944909407548e+03	2.417878916522373800e-01	1.545884316812383141e-01	2.560198363453978776e-01	1.592670116644122336e-01	7.554512051901941805e-02	3.149830224759354175e-02	8.129340588971058212e-02
1.248144715123063179e+03	2.411560604388230944e-01	1.541498128322285888e-01	2.564257386876256928e-01	1.595629651151279915e-01	7.566410300434056602e-02	3.156883243604424738e-02	8.147248748541914554e-02
1.252982485336718355e+03	2.405278912293894178e-01	1.537137520668103996e-01	2.568292919057643120e-01	1.598570961917505917e-01	7.578234949838039136e-02	3.163925579395160392e-02	8.165036331356261001e-02
1.257820255550373531e+03	2.399033627326071505e-01	1.532802342871367185e-01	2.572305054584974604e-01	1.601494126944811858e-01	7.589986980612016543e-02	3.170956700606572531e-02	8.182704801470087885e-02
1.262658025764028707e+03	2.392824537837082710e-01	1.528492444811189732e-01	2.576293891956009108e-01	1.604399226333182160e-01	7.601667323763537654e-02	3.177976093925859863e-02	8.200255572896895939e-02
1.267495795977684338e+03	2.386651433436760839e-01	1.524207677222538526e-01	2.580259533199893984e-01	1.607286342111746702e-01	7.613276864452366011e-02	3.184983263555477701e-02	8.217690012243696052e-02
1.272333566191339514e+03	2.380514104984430834e-01	1.519947891694305442e-01	2.584202083526610516e-01	1.610155558079994775e-01	7.624816445356916161e-02	3.191977730553317849e-02	8.235009441197289892e-02
1.277171336404994690e+03	2.374412344580960343e-01	1.515712940667204578e-01	2.588121651003237322e-01	1.613006959658452033e-01	7.636286869785281761e-02	3.198959032207609327e-02	8.252215138869509192e-02
1.282009106618650094e+03	2.368345945560880461e-01	1.511502677431498798e-01	2.592018346255032246e-01	1.615840633748278077e-01	7.647688904550170585e-02	3.205926721444304905e-02	8.269308344009569656e-02
1.286846876832305497e+03	2.362314702484576423e-01	1.507316956124571117e-01	2.595892282189506961e-01	1.618656668599264548e-01	7.659023282625648799e-02	3.212880366264871806e-02	8.286290257091226408e-02
1.291684647045960673e+03	2.356318411130539914e-01	1.503155631728347597e-01	2.599743573741775116e-01	1.621455153685757433e-01	7.670290705602218762e-02	3.219819549212554755e-02	8.303162042281969635e-02
1.296522417259616077e+03	2.350356868487689099e-01	1.499018560066582850e-01	2.603572337639596945e-01	1.624236179590038132e-01	7.681491845955509823e-02	3.226743866865317695e-02	8.319924829301049429e-02
1.301360187473271253e+03	2.344429872747746391e-01	1.494905597802019537e-01	2.607378692186660407e-01	1.626999837892740830e-01	7.692627349142730497e-02	3.233652929353778710e-02	8.336579715172770522e-02
1.306197957686926657e+03	2.338537223297678935e-01	1.490816602433424620e-01	2.611162757062738260e-01	1.629746221069898193e-01	7.703697835539925765e-02	3.240546359902583134e-02	8.353127765881050715e-02
1.311035727900581833e+03	2.332678720712196563e-01	1.486751432292516273e-01	2.614924653139465982e-01	1.632475422396230669e-01	7.714703902232131205e-02	3.247423794393763941e-02	8.369570017930964834e-02
1.315873498114237009e+03	2.326854166746305519e-01	1.482709946540788915e-01	2.618664502310584785e-01	1.635187535854326080e-01	7.725646124667578940e-02	3.254284880950731457e-02	8.385907479822596322e-02
1.320711268327892412e+03	2.321063364327919376e-01	1.478692005166238055e-01	2.622382427335562816e-01	1.637882656049362007e-01	7.736525058186281834e-02	3.261129279541627457e-02	8.402141133442235510e-02
1.325549038541547588e+03	2.315306117550523513e-01	1.474697468979998261e-01	2.626078551695604779e-01	1.640560878129060096e-01	7.747341239432528615e-02	3.267956661600877888e-02	8.418271935375697124e-02
1.330386808755202765e+03	2.309582231665893159e-01	1.470726199612898688e-01	2.629752999461129059e-01	1.643222297708562540e-01	7.758095187660118963e-02	3.274766709667842335e-02	8.434300818148177115e-02
1.335224578968857941e+03	2.303891513076864461e-01	1.466778059511939791e-01	2.633405895169846911e-01	1.645867010799953456e-01	7.768787405938486212e-02	3.281559117041539519e-02	8.450228691394905123e-02
1.340062349182513572e+03	2.298233769330155496e-01	1.462852911936701750e-01	2.637037363714663241e-01	1.648495113746152874e-01	7.779418382267232202e-02	3.288333587450495421e-02	8.466056442966517215e-02
1.344900119396168748e+03	2.292608809109239754e-01	1.458950620955686561e-01	2.640647530240657903e-01	1.651106703158934375e-01	7.789988590606054808e-02	3.295089834736825152e-02	8.481784939972911164e-02
1.349737889609823924e+03	2.287016442227268465e-01	1.455071051442599905e-01	2.644236520050473049e-01	1.653701875860825732e-01	7.800498491826497738e-02	3.301827582553726326e-02	8.497415029769080086e-02
1.354575659823479100e+03	2.281456479620041500e-01	1.451214069072579715e-01	2.647804458517475923e-01	1.656280728830669124e-01	7.810948534591470593e-02	3.308546564075597746e-02	8.512947540886248166e-02
1.359413430037134731e+03	2.275928733339030174e-01	1.447379540318372293e-01	2.651351471006110350e-01	1.658843359152631924e-01	7.821339156168038986e-02	3.315246521720070783e-02	8.528383283911428192e-02
1.364251200250789907e+03	2.270433016544441962e-01	1.443567332446464568e-01	2.654877682798910676e-01	1.661389863968463221e-01	7.831670783178569517e-02	3.321927206881280376e-02	8.543723052318336064e-02
1.369088970464445310e+03	2.264969143498339610e-01	1.439777313513173340e-01	2.658383219029659683e-01	1.663920340432816503e-01	7.841943832294923089e-02	3.328588379673733805e-02	8.558967623252439205e-02
1.373926740678100487e+03	2.259536929557802165e-01	1.436009352360698987e-01	2.661868204622244716e-01	1.666434885671451704e-01	7.852158710880045855e-02	3.335229808686205472e-02	8.574117758272753465e-02
1.378764510891755890e+03	2.254136191168133740e-01	1.432263318613142822e-01	2.665332764234775720e-01	1.668933596742158965e-01	7.862315817580949051e-02	3.341851270745092167e-02	8.589174204052826833e-02
1.383602281105411066e+03	2.248766745856118909e-01	1.428539082672495297e-01	2.668777022208566607e-01	1.671416570598237838e-01	7.872415542876809447e-02	3.348452550686725759e-02	8.604137693043260871e-02
1.388440051319066470e+03	2.243428412223323620e-01	1.424836515714596463e-01	2.672201102521619132e-01	1.673883904054391247e-01	7.882458269585598809e-02	3.355033441138157574e-02	8.619008944097922287e-02
1.393277821532721646e+03	2.238121009939439965e-01	1.421155489685074491e-01	2.675605128746263439e-01	1.676335693754889833e-01	7.892444373332416219e-02	3.361593742305966914e-02	8.633788663065927738e-02
1.398115591746377049e+03	2.232844359735677020e-01	1.417495877295261164e-01	2.678989224010641101e-01	1.678772036143875157e-01	7.902374222982441743e-02	3.368133261772669057e-02	8.648477543351330843e-02
1.402953361960032225e+03	2.227598283398195822e-01	1.413857552018088770e-01	2.682353510963746412e-01	1.681193027437679066e-01	7.912248181041216244e-02	3.374651814300333452e-02	8.663076266442339135e-02
1.407791132173687402e+03	2.222382603761587638e-01	1.410240388083974783e-01	2.685698111743739513e-01	1.683598763599038761e-01	7.922066604024753655e-02	3.381149221641041591e-02	8.677585502411791496e-02
1.412628902387342805e+03	2.217197144702395817e-01	1.406644260476690445e-01	2.689023147949297643e-01	1.685989340313101825e-01	7.931829842801774166e-02	3.387625312353838292e-02	8.692005910390521173e-02
1.417466672600997981e+03	2.212041731132683708e-01	1.403069044929217690e-01	2.692328740613765814e-01	1.688364852965112684e-01	7.941538242910210765e-02	3.394079921627855823e-02	8.706338139015126765e-02
1.422304442814653157e+03	2.206916188993641170e-01	1.399514617919602189e-01	2.695615010181889315e-01	1.690725396619682519e-01	7.951192144849941745e-02	3.400512891111295843e-02	8.720582826851604186e-02
1.427142213028308333e+03	2.201820345249237698e-01	1.395980856666794723e-01	2.698882076488936521e-01	1.693071066001552161e-01	7.960791884353574099e-02	3.406924068746004092e-02	8.734740602796202402e-02
1.431979983241963964e+03	2.196754027879915250e-01	1.392467639126492296e-01	2.702130058742021612e-01	1.695401955477759681e-01	7.970337792636968122e-02	3.413313308607353325e-02	8.748812086454779702e-02
1.436817753455619140e+03	2.191717065876325199e-01	1.388974843986973129e-01	2.705359075503461219e-01	1.697718159041129160e-01	7.979830196631032546e-02	3.419680470749190959e-02	8.762797888501878962e-02
1.441655523669274316e+03	2.186709289233106646e-01	1.385502350664933324e-01	2.708569244676004573e-01	1.700019770295002619e-01	7.989269419196257105e-02	3.426025421053614101e-02	8.776698611020647411e-02
1.446493293882929493e+03	2.181730528942705805e-01	1.382050039301322142e-01	2.711760683489792823e-01	1.702306882439144631e-01	7.998655779321275916e-02	3.432348031085354773e-02	8.790514847824711098e-02
1.451331064096585123e+03	2.176780616989236472e-01	1.378617790757180883e-01	2.714933508490912639e-01	1.704579588256746880e-01	8.007989592306700988e-02	3.438648177950560936e-02	8.804247184762963030e-02
1.456168834310240300e+03	2.171859386342382126e-01	1.375205486609484828e-01	2.718087835531417529e-01	1.706837980102471342e-01	8.017271169935362429e-02	3.444925744159780395e-02	8.817896200008286389e-02
1.461006604523895703e+03	2.166966670951341045e-01	1.371813009146989892e-01	2.721223779760700845e-01	1.709082149891465452e-01	8.026500820629982325e-02	3.451180617494965103e-02	8.831462464331063522e-02
1.465844374737550879e+03	2.162102305738806685e-01	1.368440241366085663e-01	2.724341455618115027e-01	1.711312189089297942e-01	8.035678849599255102e-02	3.457412690880322381e-02	8.844946541358356118e-02
1.470682144951206283e+03	2.157266126594992728e-01	1.365087066966655105e-01	2.727440976826737140e-01	1.713528188702753141e-01	8.044805558973232296e-02	3.463621862256843070e-02	8.858348987819532339e-02
1.475519915164861459e+03	2.152457970371697560e-01	1.361753370347944525e-01	2.730522456388188579e-01	1.715730239271439361e-01	8.053881247928816600e-02	3.469808034460366425e-02	8.871670353779115281e-02
1.480357685378516862e+03	2.147677674876405929e-01	1.358439036604441041e-01	2.733586006578421213e-01	1.717918430860158607e-01	8.062906212806143780e-02	3.475971115103020787e-02	8.884911182857573031e-02
1.485195455592172038e+03	2.142925078866433353e-01	1.355143951521761425e-01	2.736631738944401149e-01	1.720092853051991000e-01	8.071880747216533813e-02	3.482111016457915820e-02	8.898072012440694234e-02
1.490033225805827215e+03	2.138200022043107440e-01	1.351868001572550659e-01	2.739659764301601852e-01	1.722253594942056709e-01	8.080805142142677422e-02	3.488227655346949618e-02	8.911153373878220874e-02
1.494870996019482618e+03	2.133502345045990012e-01	1.348611073912397151e-01	2.742670192732251655e-01	1.724400745131905444e-01	8.089679686031645001e-02	3.494320953031613414e-02	8.924155792672311405e-02
1.499708766233137567e+03	2.128831889447136694e-01	1.345373056375754328e-01	2.745663133584271276e-01	1.726534391724502959e-01	8.098504664881273074e-02	3.500390835106673842e-02	8.937079788656407398e-02
1.504546536446793198e+03	2.124188497745395088e-01	1.342153837471881661e-01	2.748638695470837501e-01	1.728654622319776568e-01	8.107280362320429257e-02	3.506437231396625914e-02	8.949925876165046312e-02
1.509384306660448374e+03	2.119572013360740970e-01	1.338953306380796515e-01	2.751596986270525846e-01	1.730761524010680508e-01	8.116007059683646996e-02	3.512460075854813291e-02	8.962694564195110292e-02
1.514222076874103550e+03	2.114982280628653621e-01	1.335771352949242652e-01	2.754538113127982246e-01	1.732855183379757302e-01	8.124685036080538103e-02	3.518459306465124975e-02	8.975386356558988366e-02
1.519059847087758726e+03	2.110419144794528357e-01	1.332607867686672887e-01	2.757462182455073796e-01	1.734935686496157925e-01	8.133314568460413285e-02	3.524434865146156698e-02	8.988001752030111424e-02
1.523897617301414357e+03	2.105882452008125405e-01	1.329462741761250066e-01	2.760369299932483034e-01	1.737003118913094668e-01	8.141895931672445130e-02	3.530386697657773853e-02	9.000541244481262415e-02
1.528735387515069533e+03	2.101372049318057378e-01	1.326335866995862200e-01	2.763259570511698571e-01	1.739057565665702021e-01	8.150429398521748248e-02	3.536314753509972597e-02	9.013005323016087811e-02
1.533573157728724709e+03	2.096887784666313648e-01	1.323227135864155635e-01	2.766133098417377090e-01	1.741099111269274746e-01	8.158915239821674936e-02	3.542218985873972492e-02	9.025394472094153131e-02
1.538410927942380113e+03	2.092429506882819978e-01	1.320136441486586820e-01	2.768989987150029530e-01	1.743127839717864558e-01	8.167353724442616425e-02	3.548099351495458131e-02	9.037709171649932482e-02
1.543248698156035516e+03	2.087997065680036735e-01	1.317063677626489904e-01	2.771830339489012585e-01	1.745143834483209866e-01	8.175745119357590018e-02	3.553955810609901039e-02	9.049949897206033267e-02
1.548086468369690692e+03	2.083590311647591509e-01	1.314008738686164024e-01	2.774654257495792198e-01	1.747147178513978605e-01	8.184089689684843905e-02	3.559788326859898711e-02	9.062117119981008551e-02
1.552924238583346096e+03	2.079209096246948385e-01	1.310971519702979204e-01	2.777461842517451873e-01	1.749137954235302495e-01	8.192387698727725265e-02	3.565596867214453763e-02	9.074211306992016612e-02
1.557762008797001272e+03	2.074853271806113009e-01	1.307951916345499732e-01	2.780253195190423021e-01	1.751116243548586637e-01	8.200639408011999032e-02	3.571381401890146717e-02	9.086232921152646858e-02
1.562599779010656675e+03	2.070522691514373181e-01	1.304949824909628353e-01	2.783028415444415149e-01	1.753082127831572523e-01	8.208845077320846284e-02	3.577141904274130924e-02	9.098182421366145245e-02
1.567437549224311852e+03	2.066217209417074152e-01	1.301965142314768509e-01	2.785787602506524796e-01	1.755035687938642508e-01	8.217004964727693539e-02	3.582878350848902466e-02	9.110060262614319559e-02
1.572275319437967255e+03	2.061936680410429712e-01	1.298997766100007945e-01	2.788530854905502676e-01	1.756977004201345227e-01	8.225119326627039484e-02	3.588590721118787435e-02	9.121866896042329920e-02
1.577113089651622431e+03	2.057680960236366041e-01	1.296047594420320082e-01	2.791258270476165704e-01	1.758906156429131951e-01	8.233188417763456779e-02	3.594278997538093157e-02	9.133602769039622649e-02
1.581950859865277607e+03	2.053449905477403026e-01	1.293114526042786760e-01	2.793969946363931145e-01	1.760823223910284729e-01	8.241212491258877171e-02	3.599943165440883108e-02	9.145268325317186531e-02
1.586788630078933011e+03	2.049243373551566660e-01	1.290198460342841524e-01	2.796665979029466786e-01	1.762728285413026896e-01	8.249191798638315365e-02	3.605583212972317264e-02	9.156864004981352112e-02
1.591626400292587959e+03	2.045061222707337256e-01	1.287299297300531775e-01	2.799346464253429922e-01	1.764621419186802320e-01	8.257126589854144050e-02	3.611199131021525233e-02	9.168390244604318617e-02
1.596464170506243590e+03	2.040903312018632065e-01	1.284416937496802302e-01	2.802011497141300711e-01	1.766502702963710092e-01	8.265017113309020003e-02	3.616790913155959464e-02	9.179847477291569469e-02
1.601301940719898766e+03	2.036769501379818159e-01	1.281551282109799350e-01	2.804661172128280477e-01	1.768372213960087702e-01	8.272863615877580623e-02	3.622358555557192439e-02	9.191236132746372078e-02
1.606139710933553943e+03	2.032659651500761944e-01	1.278702232911196612e-01	2.807295582984254412e-01	1.770230028878226614e-01	8.280666342926995549e-02	3.627902056958117599e-02	9.202556637331493761e-02
1.610977481147209119e+03	2.028573623901909762e-01	1.275869692262538713e-01	2.809914822818809221e-01	1.772076223908216341e-01	8.288425538336451071e-02	3.633421418581517931e-02	9.213809414128294739e-02
1.615815251360864750e+03	2.024511280909401800e-01	1.273053563111609388e-01	2.812518984086287976e-01	1.773910874729902332e-01	8.296141444515679753e-02	3.638916644079962653e-02	9.224994882993353684e-02
1.620653021574519926e+03	2.020472485650217920e-01	1.270253748988817155e-01	2.815108158590884369e-01	1.775734056514954029e-01	8.303814302422560245e-02	3.644387739476996624e-02	9.236113460612718762e-02
1.625490791788175102e+03	2.016457102047355954e-01	1.267470154003605409e-01	2.817682437491763059e-01	1.777545843929031200e-01	8.311444351579906631e-02	3.649834713109596784e-02	9.247165560553960439e-02
1.630328562001830505e+03	2.012464994815043318e-01	1.264702682840879444e-01	2.820241911308196125e-01	1.779346311134042402e-01	8.319031830091463964e-02	3.655257575571854017e-02	9.258151593316099603e-02
1.635166332215485909e+03	2.008496029453977483e-01	1.261951240757458181e-01	2.822786669924717828e-01	1.781135531790488113e-01	8.326576974657202979e-02	3.660656339659851266e-02	9.269071966377558092e-02
1.640004102429141085e+03	2.004550072246600867e-01	1.259215733578545326e-01	2.825316802596286037e-01	1.782913579059881848e-01	8.334080020587952831e-02	3.666031020317716410e-02	9.279927084242212132e-02
1.644841872642796488e+03	2.000626990252404869e-01	1.256496067694220509e-01	2.827832397953443655e-01	1.784680525607244272e-01	8.341541201819416274e-02	3.671381634584808956e-02	9.290717348483662485e-02
1.649679642856451665e+03	1.996726651303267208e-01	1.253792150055953736e-01	2.830333544007476720e-01	1.786436443603659219e-01	8.348960750925621399e-02	3.676708201544019727e-02	9.301443157787818439e-02
1.654517413070107068e+03	1.992848923998816191e-01	1.251103888173139278e-01	2.832820328155568612e-01	1.788181404728892698e-01	8.356338899131844633e-02	3.682010742271155102e-02	9.312104907993865033e-02
1.659355183283762244e+03	1.988993677701830221e-01	1.248431190109650230e-01	2.835292837185939829e-01	1.789915480174066598e-01	8.363675876327053560e-02	3.687289279785383594e-02	9.322702992133725941e-02
1.664192953497417420e+03	1.985160782533664237e-01	1.245773964480415136e-01	2.837751157282976111e-01	1.791638740644379557e-01	8.370971911075890393e-02	3.692543839000709399e-02	9.333237800470077505e-02
1.669030723711072824e+03	1.981350109369707513e-01	1.243132120448015160e-01	2.840195374032334352e-01	1.793351256361874757e-01	8.378227230630247435e-02	3.697774446678464555e-02	9.343709720533001362e-02
1.673868493924728000e+03	1.977561529834871434e-01	1.240505567719301649e-01	2.842625572426026870e-01	1.795053097068246839e-01	8.385442060940442865e-02	3.702981131380779500e-02	9.354119137155343655e-02
1.678706264138383403e+03	1.973794916299106139e-01	1.237894216542035075e-01	2.845041836867485130e-01	1.796744332027686020e-01	8.392616626666048185e-02	3.708163923425020214e-02	9.364466432506851623e-02
1.683544034352038352e+03	1.970050141872947413e-01	1.235297977701544647e-01	2.847444251176591279e-01	1.798425030029754401e-01	8.399751151186367337e-02	3.713322854839166964e-02	9.374751986127138892e-02
1.688381804565693983e+03	1.966327080403092176e-01	1.232716762517408055e-01	2.849832898594685249e-01	1.800095259392290870e-01	8.406845856610613288e-02	3.718457959318117317e-02	9.384976174957557205e-02
1.693219574779349159e+03	1.962625606468003381e-01	1.230150482840152715e-01	2.852207861789538557e-01	1.801755087964341806e-01	8.413900963787795950e-02	3.723569272180880102e-02	9.395139373372014824e-02
1.698057344993004335e+03	1.958945595373543513e-01	1.227599051047977008e-01	2.854569222860293132e-01	1.803404583129113170e-01	8.420916692316328389e-02	3.728656830328656163e-02	9.405241953206806838e-02
1.702895115206659511e+03	1.955286923148635281e-01	1.225062380043491772e-01	2.856917063342368501e-01	1.805043811806942844e-01	8.427893260553401267e-02	3.733720672203780233e-02	9.415284283789496222e-02
1.707732885420315142e+03	1.951649466540953670e-01	1.222540383250483448e-01	2.859251464212330118e-01	1.806672840458287410e-01	8.434830885624106100e-02	3.738760837749496857e-02	9.425266731966910894e-02
1.712570655633970318e+03	1.948033103012642708e-01	1.220032974610696097e-01	2.861572505892723273e-01	1.808291735086724750e-01	8.441729783430343415e-02	3.743777368370567599e-02	9.435189662132283106e-02
1.717408425847625494e+03	1.944437710736062197e-01	1.217540068580634655e-01	2.863880268256864259e-01	1.809900561241966910e-01	8.448590168659535216e-02	3.748770306894681076e-02	9.445053436251575618e-02
1.722246196061280898e+03	1.940863168589560261e-01	1.215061580128387331e-01	2.866174830633594350e-01	1.811499384022881298e-01	8.455412254793136240e-02	3.753739697534648478e-02	9.454858413889055679e-02
1.727083966274936301e+03	1.937309356153276707e-01	1.212597424730469525e-01	2.868456271811993807e-01	1.813088268080519094e-01	8.462196254114975891e-02	3.758685585851373467e-02	9.464604952232130719e-02
1.731921736488591478e+03	1.933776153704969969e-01	1.210147518368687031e-01	2.870724670046052585e-01	1.814667277621148656e-01	8.468942377719419767e-02	3.763608018717579801e-02	9.474293406115490146e-02
1.736759506702246881e+03	1.930263442215871816e-01	1.207711777527018249e-01	2.872980103059299406e-01	1.816236476409291700e-01	8.475650835519388249e-02	3.768507044282271012e-02	9.483924128044594892e-02
1.741597276915902057e+03	1.926771103346570924e-01	1.205290119188517778e-01	2.875222648049391427e-01	1.817795927770759212e-01	8.482321836254218261e-02	3.773382711935920064e-02	9.493497468218532742e-02
1.746435047129557461e+03	1.923299019442920865e-01	1.202882460832238876e-01	2.877452381692654493e-01	1.819345694595687901e-01	8.488955587497391819e-02	3.778235072276366763e-02	9.503013774552283854e-02
1.751272817343212637e+03	1.919847073531975312e-01	1.200488720430175071e-01	2.879669380148586755e-01	1.820885839341574997e-01	8.495552295664134113e-02	3.783064177075405599e-02	9.512473392698408969e-02
1.756110587556867813e+03	1.916415149317949318e-01	1.198108816444222319e-01	2.881873719064313999e-01	1.822416424036306937e-01	8.502112166018878370e-02	3.787870079246057065e-02	9.521876666068206096e-02
1.760948357770523216e+03	1.913003131178206973e-01	1.195742667823160021e-01	2.884065473579005001e-01	1.823937510281186669e-01	8.508635402682630799e-02	3.792652832810504415e-02	9.531223935852349560e-02
1.765786127984178393e+03	1.909610904159274314e-01	1.193390193999651072e-01	2.886244718328237480e-01	1.825449159253951514e-01	8.515122208640217571e-02	3.797412492868682682e-02	9.540515541041036385e-02
1.770623898197833569e+03	1.906238353972877497e-01	1.191051314887261597e-01	2.888411527448325744e-01	1.826951431711784646e-01	8.521572785747420775e-02	3.802149115567504678e-02	9.549751818443662221e-02
1.775461668411488745e+03	1.902885366992007332e-01	1.188725950877499299e-01	2.890565974580601716e-01	1.828444387994319076e-01	8.527987334738032499e-02	3.806862758070714281e-02	9.558933102708062901e-02
1.780299438625144376e+03	1.899551830247008244e-01	1.186414022836871363e-01	2.892708132875649873e-01	1.829928088026631650e-01	8.534366055230803438e-02	3.811553478529354499e-02	9.568059726339313287e-02
1.785137208838799552e+03	1.896237631421693604e-01	1.184115452103960686e-01	2.894838074997502231e-01	1.831402591322225104e-01	8.540709145736305463e-02	3.816221336052835755e-02	9.577132019718130607e-02
1.789974979052454728e+03	1.892942658849482707e-01	1.181830160486520981e-01	2.896955873127783909e-01	1.832867956986000968e-01	8.547016803663709528e-02	3.820866390680592584e-02	9.586150311118891987e-02
1.794812749266109904e+03	1.889666801509566896e-01	1.179558070258590607e-01	2.899061598969823184e-01	1.834324243717219416e-01	8.553289225327485867e-02	3.825488703354320424e-02	9.595114926727273119e-02
1.799650519479765535e+03	1.886409949023095944e-01	1.177299104157624871e-01	2.901155323752707682e-01	1.835771509812446078e-01	8.559526605954026479e-02	3.830088335890770995e-02	9.604026190657539985e-02
1.804488289693420711e+03	1.883171991649391086e-01	1.175053185381646631e-01	2.903237118235304504e-01	1.837209813168486083e-01	8.565729139688188498e-02	3.834665350955115265e-02	9.612884424969492247e-02
1.809326059907075887e+03	1.879952820282180803e-01	1.172820237586416348e-01	2.905307052710235372e-01	1.838639211285303110e-01	8.571897019599776513e-02	3.839219812034837254e-02	9.621689949685099941e-02
1.814163830120731291e+03	1.876752326445862984e-01	1.170600184882617800e-01	2.907365197007809043e-01	1.840059761268924288e-01	8.578030437689952714e-02	3.843751783414168371e-02	9.630443082804811261e-02
1.819001600334386467e+03	1.873570402291786785e-01	1.168392951833064491e-01	2.909411620499906537e-01	1.841471519834330106e-01	8.584129584897574883e-02	3.848261330149042869e-02	9.639144140323573084e-02
1.823839370548041643e+03	1.870406940594561696e-01	1.166198463449922701e-01	2.911446392103833047e-01	1.842874543308327673e-01	8.590194651105488577e-02	3.852748518042563991e-02	9.647793436246571153e-02
1.828677140761696819e+03	1.867261834748387417e-01	1.164016645191952026e-01	2.913469580286119909e-01	1.844268887632408149e-01	8.596225825146740218e-02	3.857213413620975972e-02	9.656391282604684378e-02
1.833514910975352450e+03	1.864134978763408723e-01	1.161847422961765353e-01	2.915481253066287692e-01	1.845654608365588922e-01	8.602223294810752707e-02	3.861656084110123149e-02	9.664937989469694901e-02
1.838352681189008081e+03	1.861026267262092249e-01	1.159690723103104504e-01	2.917481478020569341e-01	1.847031760687236346e-01	8.608187246849423324e-02	3.866076597412398258e-02	9.673433864969234464e-02
1.843190451402663257e+03	1.857935595475626589e-01	1.157546472398134491e-01	2.919470322285588892e-01	1.848400399399873772e-01	8.614117866983182770e-02	3.870475022084161193e-02	9.681879215301493480e-02
1.848028221616318433e+03	1.854862859240345163e-01	1.155414598064755244e-01	2.921447852562005232e-01	1.849760578931969601e-01	8.620015339906998697e-02	3.874851427313621283e-02	9.690274344749703894e-02
1.852865991829973609e+03	1.851807954994169891e-01	1.153295027753930141e-01	2.923414135118108659e-01	1.851112353340710337e-01	8.625879849296320956e-02	3.879205882899177532e-02	9.698619555696388894e-02
1.857703762043628785e+03	1.848770779773080408e-01	1.151187689547031878e-01	2.925369235793383038e-01	1.852455776314752278e-01	8.631711577812986591e-02	3.883538459228204343e-02	9.706915148637414170e-02
1.862541532257283961e+03	1.845751231207602427e-01	1.149092511953205553e-01	2.927313220002026317e-01	1.853790901176957384e-01	8.637510707111069330e-02	3.887849227256274381e-02	9.715161422195817131e-02
1.867379302470939592e+03	1.842749207519319699e-01	1.147009423906747982e-01	2.929246152736434405e-01	1.855117780887109713e-01	8.643277417842691601e-02	3.892138258486814439e-02	9.723358673135451546e-02
1.872217072684594768e+03	1.839764607517407613e-01	1.144938354764505339e-01	2.931168098570642311e-01	1.856436468044613541e-01	8.649011889663775488e-02	3.896405624951178315e-02	9.731507196374437896e-02
1.877054842898249490e+03	1.836797330595187350e-01	1.142879234303286473e-01	2.933079121663730304e-01	1.857747014891172055e-01	8.654714301239764540e-02	3.900651399189135338e-02	9.739607284998418046e-02
1.881892613111905121e+03	1.833847276726703890e-01	1.140831992717292603e-01	2.934979285763192336e-01	1.859049473313447165e-01	8.660384830251295629e-02	3.904875654229766901e-02	9.747659230273655884e-02
1.886730383325560297e+03	1.830914346463321796e-01	1.138796560615564085e-01	2.936868654208266705e-01	1.860343894845702117e-01	8.666023653399826387e-02	3.909078463572754347e-02	9.755663321659943654e-02
1.891568153539215928e+03	1.827998440930346524e-01	1.136772869019443688e-01	2.938747289933229534e-01	1.861630330672422451e-01	8.671630946413218244e-02	3.913259901170063754e-02	9.763619846823362591e-02
