9.336896512354697961e+02	2.912177357926409305e-01	1.885107148793648824e-01	2.267443976857416443e-01	1.367957205871975501e-01	6.397355014350905589e-02	2.714024347071489207e-02	6.561763744043694335e-02
9.385274214491247449e+02	2.902981610444208549e-01	1.878756427072967028e-01	2.271229098110302824e-01	1.371782876508816640e-01	6.435106489327578616e-02	2.718857994943755380e-02	6.598535394326301984e-02
9.433651916627801484e+02	2.893839089331089465e-01	1.872442436153185785e-01	2.275162451192356827e-01	1.375617253573922782e-01	6.470980663293018909e-02	2.723879738515922952e-02	6.634527295646093503e-02
9.482029618764355519e+02	2.884749493491617911e-01	1.866164974049657754e-01	2.279228781548859328e-01	1.379458352945684696e-01	6.505130441956261111e-02	2.729076107945942187e-02	6.669777429700182725e-02
9.530407320900908417e+02	2.875712523244796093e-01	1.859923840001867501e-01	2.283414133577328364e-01	1.383304317812152073e-01	6.537695744684920984e-02	2.734434632670455431e-02	6.704321476243765843e-02
9.578785023037459041e+02	2.866727880319144273e-01	1.853718834385503222e-01	2.287705741263636461e-01	1.387153410811164389e-01	6.568804607973213749e-02	2.739943761315261073e-02	6.738192962877623260e-02
9.627162725174014213e+02	2.857795267849124743e-01	1.847549758636267414e-01	2.292091928032485015e-01	1.391004006674477766e-01	6.598574195290403399e-02	2.745592788212487118e-02	6.771423404534138157e-02
9.675540427310568248e+02	2.848914390372699335e-01	1.841416415184167488e-01	2.296562015034883109e-01	1.394854585341878950e-01	6.627111721243686415e-02	2.751371785973331582e-02	6.804042433407275769e-02
9.723918129447120009e+02	2.840084953829826175e-01	1.835318607397154189e-01	2.301106237160920054e-01	1.398703725513688323e-01	6.654515297317577238e-02	2.757271543611456571e-02	6.836077920015659615e-02
9.772295831583674044e+02	2.831306665561743041e-01	1.829256139533083358e-01	2.305715666126215424e-01	1.402550098612293239e-01	6.680874705836896410e-02	2.763283509754462311e-02	6.867556086035865592e-02
9.820673533720223531e+02	2.822579234310880203e-01	1.823228816699068999e-01	2.310382140035451004e-01	1.406392463125427372e-01	6.706272108237415486e-02	2.769399740519646116e-02	6.898501609495238940e-02
9.869051235856777566e+02	2.813902370221277316e-01	1.817236444817396657e-01	2.315098198876755220e-01	1.410229659305822225e-01	6.730782693212966628e-02	2.775612851665773539e-02	6.928937722869317473e-02
9.917428937993331601e+02	2.805275784839391107e-01	1.811278830597243816e-01	2.319857025446824261e-01	1.414060604203647986e-01	6.754475269836124340e-02	2.781915974665102181e-02	6.958886304588267346e-02
9.965806640129884499e+02	2.796699191115193384e-01	1.805355781511525093e-01	2.324652391248885897e-01	1.417884287009788247e-01	6.777412810317777481e-02	2.788302716369718548e-02	6.988367964419144041e-02
1.001418434226643626e+03	2.788172303403467778e-01	1.799467105778251030e-01	2.329478606944261065e-01	1.421699764689537959e-01	6.799652946675747989e-02	2.794767121973512625e-02	7.017402123156132876e-02
1.006256204440298802e+03	2.779694837465233603e-01	1.793612612345855395e-01	2.334330476973662527e-01	1.425506157887711234e-01	6.821248425220881317e-02	2.801303640996125749e-02	7.046007087018943404e-02
1.011093974653954206e+03	2.771266510469230226e-01	1.787792110881988583e-01	2.339203257996773366e-01	1.429302647087469791e-01	6.842247522437851226e-02	2.807907096038099112e-02	7.074200117130008403e-02
1.015931744867609382e+03	2.762887040993400878e-01	1.782005411765341385e-01	2.344092620828303886e-01	1.433088469006389143e-01	6.862694425534926479e-02	2.814572654077423033e-02	7.101997494413878065e-02
1.020769515081264785e+03	2.754556149026323175e-01	1.776252326080096366e-01	2.348994615575882017e-01	1.436862913214416171e-01	6.882629580659467561e-02	2.821295800096897816e-02	7.129414580237034005e-02
1.025607285294920075e+03	2.746273555968557489e-01	1.770532665612651047e-01	2.353905639709996112e-01	1.440625318959411760e-01	6.902090011522017676e-02	2.828072312849308836e-02	7.156465873083088514e-02
1.030445055508575479e+03	2.738038984633859307e-01	1.764846242850293678e-01	2.358822408818969929e-01	1.444375072186945830e-01	6.921109610939439605e-02	2.834898242583549707e-02	7.183165061536901652e-02
1.035282825722230655e+03	2.729852159250239496e-01	1.759192870981547974e-01	2.363741929822791576e-01	1.448111602741917747e-01	6.939719407594782674e-02	2.841769890569588106e-02	7.209525073831229980e-02
1.040120595935886058e+03	2.721712805460840268e-01	1.753572363897933084e-01	2.368661476438695956e-01	1.451834381740408353e-01	6.957947810116837939e-02	2.848683790273689315e-02	7.235558124191264484e-02
1.044958366149541234e+03	2.713620650324605199e-01	1.747984536196907912e-01	2.373578566708867965e-01	1.455542919100949462e-01	6.975820830404140527e-02	2.855636690047727924e-02	7.261275756195394171e-02
1.049796136363196410e+03	2.705575422316733314e-01	1.742429203185802133e-01	2.378490942416636444e-01	1.459236761225122803e-01	6.993362287954978107e-02	2.862625537207745194e-02	7.286688883354895674e-02
1.054633906576851814e+03	2.697576851328897241e-01	1.736906180886554629e-01	2.383396550232160516e-01	1.462915488818069265e-01	7.010593996815700502e-02	2.869647463387331801e-02	7.311807827100724744e-02
1.059471676790506763e+03	2.689624668669215457e-01	1.731415286041099455e-01	2.388293524442025584e-01	1.466578714840114095e-01	7.027535936622897328e-02	2.876699771060938285e-02	7.336642352352186480e-02
1.064309447004162394e+03	2.681718607061982507e-01	1.725956336117261403e-01	2.393180171129438427e-01	1.470226082581300719e-01	7.044206409089961984e-02	2.883779921140947403e-02	7.361201700829833605e-02
1.069147217217817570e+03	2.673858400647130540e-01	1.720529149315034312e-01	2.398054953682955681e-01	1.473857263851156840e-01	7.060622181173992207e-02	2.890885521560342467e-02	7.385494622263466535e-02
1.073984987431472746e+03	2.666043784979444387e-01	1.715133544573137492e-01	2.402916479521955972e-01	1.477471957276532133e-01	7.076798616054259805e-02	2.898014316760141873e-02	7.409529403635471689e-02
1.078822757645127922e+03	2.658274497027509620e-01	1.709769341575754220e-01	2.407763487936508962e-01	1.481069886700802363e-01	7.092749792957471489e-02	2.905164178007479600e-02	7.433313896589867353e-02
1.083660527858783553e+03	2.650550275172406378e-01	1.704436360759365443e-01	2.412594838947903497e-01	1.484650799678181310e-01	7.108488616777304536e-02	2.912333094476371106e-02	7.456855543128322605e-02
1.088498298072438729e+03	2.642870859206143397e-01	1.699134423319613452e-01	2.417409503104004376e-01	1.488214466057282692e-01	7.124026918355320925e-02	2.919519165028845731e-02	7.480161399705953507e-02
1.093336068286093905e+03	2.635235990329843347e-01	1.693863351218125868e-01	2.422206552130838630e-01	1.491760676648453132e-01	7.139375546216802926e-02	2.926720590639288883e-02	7.503238159831862597e-02
1.098173838499749309e+03	2.627645411151670052e-01	1.688622967189251367e-01	2.426985150368433930e-01	1.495289241969752492e-01	7.154544450487763940e-02	2.933935667409580395e-02	7.526092175272135198e-02
1.103011608713404712e+03	2.620098865684523104e-01	1.683413094746660232e-01	2.431744546924993478e-01	1.498799991066785131e-01	7.169542759657739073e-02	2.941162780126955686e-02	7.548729475946250322e-02
1.107849378927059888e+03	2.612596099343483247e-01	1.678233558189768104e-01	2.436484068489042920e-01	1.502292770401888466e-01	7.184378850796595273e-02	2.948400396320490988e-02	7.571155788601652281e-02
1.112687149140715292e+03	2.605136858943035705e-01	1.673084182609951009e-01	2.441203112744276815e-01	1.505767442808478573e-01	7.199060413781976919e-02	2.955647060775766499e-02	7.593376554345397655e-02
1.117524919354370468e+03	2.597720892694059813e-01	1.667964793896528630e-01	2.445901142336471823e-01	1.509223886506614043e-01	7.213594510046772434e-02	2.962901390470593782e-02	7.615396945106446547e-02
1.122362689568025871e+03	2.590347950200608262e-01	1.662875218742484729e-01	2.450577679346109816e-01	1.512661994176088542e-01	7.227987626312726288e-02	2.970162069897771748e-02	7.637221879097146060e-02
1.127200459781681047e+03	2.583017782456468181e-01	1.657815284649916954e-01	2.455232300224249320e-01	1.516081672083595122e-01	7.242245723736799590e-02	2.977427846743630271e-02	7.658856035337838208e-02
1.132038229995336451e+03	2.575730141841526266e-01	1.652784819935192440e-01	2.459864631152759440e-01	1.519482839260725970e-01	7.256374282860607317e-02	2.984697527893699631e-02	7.680303867304219545e-02
1.136876000208991627e+03	2.568484782117936294e-01	1.647783653733804754e-01	2.464474343793302269e-01	1.522865426729767269e-01	7.270378344720186681e-02	2.991969975739210141e-02	7.701569615753062203e-02
1.141713770422646803e+03	2.561281458426100666e-01	1.642811616004920816e-01	2.469061151392449027e-01	1.526229376774442814e-01	7.284262548442933805e-02	2.999244104760277058e-02	7.722657320778224255e-02
1.146551540636302207e+03	2.554119927280472657e-01	1.637868537535613622e-01	2.473624805213050226e-01	1.529574642252935490e-01	7.298031165630872175e-02	3.006518878363621111e-02	7.743570833145362042e-02
1.151389310849957155e+03	2.546999946565187134e-01	1.632954249944778835e-01	2.478165091264506736e-01	1.532901185950681366e-01	7.311688131803920077e-02	3.013793305954489896e-02	7.764313824950627718e-02
1.156227081063612786e+03	2.539921275529531952e-01	1.628068585686732739e-01	2.482681827306875699e-01	1.536208979970585253e-01	7.325237075153649691e-02	3.021066440224107197e-02	7.784889799645565434e-02
1.161064851277267962e+03	2.532883674783260597e-01	1.623211378054493226e-01	2.487174860105861585e-01	1.539498005158451421e-01	7.338681342836698984e-02	3.028337374635516749e-02	7.805302101467691267e-02
1.165902621490923138e+03	2.525886906291760492e-01	1.618382461182745480e-01	2.491644062917666436e-01	1.542768250561558085e-01	7.352024025017540876e-02	3.035605241092083004e-02	7.825553924313650989e-02
1.170740391704578315e+03	2.518930733371079755e-01	1.613581670050496519e-01	2.496089333184444148e-01	1.546019712918429712e-01	7.365267976852479803e-02	3.042869207774195547e-02	7.845648320089401717e-02
1.175578161918233945e+03	2.512014920682825725e-01	1.608808840483423597e-01	2.500510590422719281e-01	1.549252396177983881e-01	7.378415838590465792e-02	3.050128477130909649e-02	7.865588206569686103e-02
1.180415932131889122e+03	2.505139234228933587e-01	1.604063809155920339e-01	2.504907774288613331e-01	1.552466311046334368e-01	7.391470053951330887e-02	3.057382284014334428e-02	7.885376374796908283e-02
1.185253702345544298e+03	2.498303441346325093e-01	1.599346413592850069e-01	2.509280842805077238e-01	1.555661474559639768e-01	7.404432886928462298e-02	3.064629893945567882e-02	7.905015496047640422e-02
1.190091472559199701e+03	2.491507310701450706e-01	1.594656492171009354e-01	2.513629770737577651e-01	1.558837909681484446e-01	7.417306437150353315e-02	3.071870601501895323e-02	7.924508128393123463e-02
1.194929242772855105e+03	2.484750612284730431e-01	1.589993884120313727e-01	2.517954548105810209e-01	1.561995644923366289e-01	7.430092653924114110e-02	3.079103728815800120e-02	7.943856722878475662e-02
1.199767012986510281e+03	2.478033117404899177e-01	1.585358429524710289e-01	2.522255178820068666e-01	1.565134713986953974e-01	7.442793349073469067e-02	3.086328624177098884e-02	7.963063629343708483e-02
1.204604783200165684e+03	2.471354598683259962e-01	1.580749969322826076e-01	2.526531679431848199e-01	1.568255155426857561e-01	7.455410208674249917e-02	3.093544660730221385e-02	7.982131101908210291e-02
1.209442553413820860e+03	2.464714830047854965e-01	1.576168345308362473e-01	2.530784077989128855e-01	1.571357012332726399e-01	7.467944803781603746e-02	3.100751235259295580e-02	8.001061304138974706e-02
1.214280323627476264e+03	2.458113586727554423e-01	1.571613400130243143e-01	2.535012412987600050e-01	1.574440332029564404e-01	7.480398600235121931e-02	3.107947767054294874e-02	8.019856313921569502e-02
1.219118093841131440e+03	2.451550645246078075e-01	1.567084977292522718e-01	2.539216732409803057e-01	1.577505165795214936e-01	7.492772967620733859e-02	3.115133696852042181e-02	8.038518128051644340e-02
1.223955864054786844e+03	2.445025783415945841e-01	1.562582921154069826e-01	2.543397092844861818e-01	1.580551568594028011e-01	7.505069187461521629e-02	3.122308485846368373e-02	8.057048666563666750e-02
1.228793634268442020e+03	2.438538780332368261e-01	1.558107076928027246e-01	2.547553558682060793e-01	1.583579598825789747e-01	7.517288460703443198e-02	3.129471614762181775e-02	8.075449776812530789e-02
1.233631404482097196e+03	2.432089416367080870e-01	1.553657290681063619e-01	2.551686201372116991e-01	1.586589318089033918e-01	7.529431914556336536e-02	3.136622582988617125e-02	8.093723237322709985e-02
1.238469174695752372e+03	2.425677473162125564e-01	1.549233409332421985e-01	2.555795098750496264e-01	1.589580790957921541e-01	7.541500608745432821e-02	3.143760907766827289e-02	8.111870761418710218e-02
1.243306944909407548e+03	2.419302733623586443e-01	1.544835280652774590e-01	2.559880334417596326e-01	1.592554084771908296e-01	7.553495541223888277e-02	3.150886123428332797e-02	8.129894000649741381e-02
1.248144715123063179e+03	2.412964981915282914e-01	1.540462753262893947e-01	2.563941997171061971e-01	1.595509269437481170e-01	7.565417653392547681e-02	3.157997780680164845e-02	8.147794548020707850e-02
1.252982485336718355e+03	2.406664003452423650e-01	1.536115676632145988e-01	2.567980180485876507e-01	1.598446417241269901e-01	7.577267834869208518e-02	3.165095445933339968e-02	8.165573941040910055e-02
1.257820255550373531e+03	2.400399584895228366e-01	1.531793901076817788e-01	2.571994982038262600e-01	1.601365602673892885e-01	7.589046927846020141e-02	3.172178700671481055e-02	8.183233664601106960e-02
1.262658025764028707e+03	2.394171514142517943e-01	1.527497277758281535e-01	2.575986503269729888e-01	1.604266902263927486e-01	7.600755731070417409e-02	3.179247140856645421e-02	8.200775153688991126e-02
1.267495795977684338e+03	2.387979580325279294e-01	1.523225658681008621e-01	2.579954848987939808e-01	1.607150394421434370e-01	7.612395003481883804e-02	3.186300376369655130e-02	8.218199795952467468e-02
1.272333566191339514e+03	2.381823573800205818e-01	1.518978896690438285e-01	2.583900127001308999e-01	1.610016159290491300e-01	7.623965467534153662e-02	3.193338030482439915e-02	8.235508934119588342e-02
1.277171336404994690e+03	2.375703286143222848e-01	1.514756845470709434e-01	2.587822447784554059e-01	1.612864278610231239e-01	7.635467812229886075e-02	3.200359739360093825e-02	8.252703868283464694e-02
1.282009106618650094e+03	2.369618510142990908e-01	1.510559359542262836e-01	2.591721924172601943e-01	1.615694835583905697e-01	7.646902695892544843e-02	3.207365151590527153e-02	8.269785858059942873e-02
1.286846876832305497e+03	2.363569039794400639e-01	1.506386294259318137e-01	2.595598671080497910e-01	1.618507914755517030e-01	7.658270748698120522e-02	3.214353927739766609e-02	8.286756124625403730e-02
1.291684647045960673e+03	2.357554670292056065e-01	1.502237505807236251e-01	2.599452805247166043e-01	1.621303601893600010e-01	7.669572574987366942e-02	3.221325739931097526e-02	8.303615852641579864e-02
1.296522417259616077e+03	2.351575198023750368e-01	1.498112851199772666e-01	2.603284445001023961e-01	1.624081983881743019e-01	7.680808755377470376e-02	3.228280271446387628e-02	8.320366192073877509e-02
1.301360187473271253e+03	2.345630420563936946e-01	1.494012188276225561e-01	2.607093710045640944e-01	1.626843148615478019e-01	7.691979848690455590e-02	3.235217216348063030e-02	8.337008259909298169e-02
1.306197957686926657e+03	2.339720136667199912e-01	1.489935375698486775e-01	2.610880721263779680e-01	1.629587184905176567e-01	7.703086393714145275e-02	3.242136279120320236e-02	8.353543141779734560e-02
1.311035727900581833e+03	2.333844146261722652e-01	1.485882272948001182e-01	2.614645600538287318e-01	1.632314182384616286e-01	7.714128910810111317e-02	3.249037174328265470e-02	8.369971893495985193e-02
1.315873498114237009e+03	2.328002250442759713e-01	1.481852740322640860e-01	2.618388470588434713e-01	1.635024231424901664e-01	7.725107903381865648e-02	3.255919626293774655e-02	8.386295542497625155e-02
1.320711268327892412e+03	2.322194251466113413e-01	1.477846638933498213e-01	2.622109454820434338e-01	1.637717423053436649e-01	7.736023859215362952e-02	3.262783368786965899e-02	8.402515089223479283e-02
1.325549038541547588e+03	2.316419952741617938e-01	1.473863830701601929e-01	2.625808677190942797e-01	1.640393848877667871e-01	7.746877251702866118e-02	3.269628144732242975e-02	8.418631508407219133e-02
1.330386808755202765e+03	2.310679158826629276e-01	1.469904178354564661e-01	2.629486262082482706e-01	1.643053601013330922e-01	7.757668540960276082e-02	3.276453705927966087e-02	8.434645750302308120e-02
1.335224578968857941e+03	2.304971675419528465e-01	1.465967545423164098e-01	2.633142334189788047e-01	1.645696772016948528e-01	7.768398174847164495e-02	3.283259812778865222e-02	8.450558741840301369e-02
1.340062349182513572e+03	2.299297309353235119e-01	1.462053796237861303e-01	2.636777018416167073e-01	1.648323454822342993e-01	7.779066589897938588e-02	3.290046234040381462e-02	8.466371387726238928e-02
1.344900119396168748e+03	2.293655868588734548e-01	1.458162795925264377e-01	2.640390439779053411e-01	1.650933742680936456e-01	7.789674212171861234e-02	3.296812746574181996e-02	8.482084571474690637e-02
1.349737889609823924e+03	2.288047162208619867e-01	1.454294410404538274e-01	2.643982723323983763e-01	1.653527729105630506e-01	7.800221458028976096e-02	3.303559135114148698e-02	8.497699156389777742e-02
1.354575659823479100e+03	2.282471000410651318e-01	1.450448506383765213e-01	2.647553994046294434e-01	1.656105507818062816e-01	7.810708734838375800e-02	3.310285192042197039e-02	8.513215986492320142e-02
1.359413430037134731e+03	2.276927194501331964e-01	1.446624951356261513e-01	2.651104376819909403e-01	1.658667172699052894e-01	7.821136441624708391e-02	3.316990717173319558e-02	8.528635887397044424e-02
1.364251200250789907e+03	2.271415556889504750e-01	1.442823613596851684e-01	2.654633996332616541e-01	1.661212817742060421e-01	7.831504969658295567e-02	3.323675517549304348e-02	8.543959667142689285e-02
1.369088970464445310e+03	2.265935901079966508e-01	1.439044362158105606e-01	2.658142977027305731e-01	1.663742537009484934e-01	7.841814702993789299e-02	3.330339407240610894e-02	8.559188116977595184e-02
1.373926740678100487e+03	2.260488041667104986e-01	1.435287066866540173e-01	2.661631443048663725e-01	1.666256424591650298e-01	7.852066018961853522e-02	3.336982207155916869e-02	8.574322012103270663e-02
1.378764510891755890e+03	2.255071794328558366e-01	1.431551598318789309e-01	2.665099518194877226e-01	1.668754574568323268e-01	7.862259288617964859e-02	3.343603744858910515e-02	8.589362112378277903e-02
1.383602281105411066e+03	2.249686975818896983e-01	1.427837827877747323e-01	2.668547325873927845e-01	1.671237080972626243e-01	7.872394877152115444e-02	3.350203854391894248e-02	8.604309162984648263e-02
1.388440051319066470e+03	2.244333403963329754e-01	1.424145627668684522e-01	2.671974989064093142e-01	1.673704037757206831e-01	7.882473144262797105e-02	3.356782376105828941e-02	8.619163895058871983e-02
1.393277821532721646e+03	2.239010897651435572e-01	1.420474870575339221e-01	2.675382630278309026e-01	1.676155538762542918e-01	7.892494444498437955e-02	3.363339156496464311e-02	8.633927026289464624e-02
1.398115591746377049e+03	2.233719276830919143e-01	1.416825430235993111e-01	2.678770371532065986e-01	1.678591677687257810e-01	7.902459127569122499e-02	3.369874048046214016e-02	8.648599261482933787e-02
1.402953361960032225e+03	2.228458362501394840e-01	1.413197181039524408e-01	2.682138334314547179e-01	1.681012548060339951e-01	7.912367538631215336e-02	3.376386909071472237e-02	8.663181293099886382e-02
1.407791132173687402e+03	2.223227976708194997e-01	1.409589998121447418e-01	2.685486639562736921e-01	1.683418243215153987e-01	7.922220018547272702e-02	3.382877603575090014e-02	8.677673801762944561e-02
1.412628902387342805e+03	2.218027942536209551e-01	1.406003757359937933e-01	2.688815407638253108e-01	1.685808856265149092e-01	7.932016904123417866e-02	3.389346001103728939e-02	8.692077456737991314e-02
1.417466672600997981e+03	2.212858084103751233e-01	1.402438335371848366e-01	2.692124758306674859e-01	1.688184480081162675e-01	7.941758528326162137e-02	3.395791976609859736e-02	8.706392916390243153e-02
1.422304442814653157e+03	2.207718226556448504e-01	1.398893609508711222e-01	2.695414810719150567e-01	1.690545207270237327e-01	7.951445220480490850e-02	3.402215410318160105e-02	8.720620828616511278e-02
1.427142213028308333e+03	2.202608196061170698e-01	1.395369457852738693e-01	2.698685683396102042e-01	1.692891130155858848e-01	7.961077306450881075e-02	3.408616187596098107e-02	8.734761831254958531e-02
1.431979983241963964e+03	2.197527819799979520e-01	1.391865759212811415e-01	2.701937494212849344e-01	1.695222340759541535e-01	7.970655108806733169e-02	3.414994198828500555e-02	8.748816552473590025e-02
1.436817753455619140e+03	2.192476925964114143e-01	1.388382393120468350e-01	2.705170360386983108e-01	1.697538930783681066e-01	7.980178946973628951e-02	3.421349339295914199e-02	8.762785611138633468e-02
1.441655523669274316e+03	2.187455343748002379e-01	1.384919239825889714e-01	2.708384398467350018e-01	1.699840991595605866e-01	7.989649137371665488e-02	3.427681509056586251e-02	8.776669617163915249e-02
1.446493293882929493e+03	2.182462903343305172e-01	1.381476180293882416e-01	2.711579724324507112e-01	1.702128614212756463e-01	7.999065993541992770e-02	3.433990612831883116e-02	8.790469171842262008e-02
1.451331064096585123e+03	2.177499435932992444e-01	1.378053096199863825e-01	2.714756453142518899e-01	1.704401889288934269e-01	8.008429826262639106e-02	3.440276559895016906e-02	8.804184868159904698e-02
1.456168834310240300e+03	2.172564773685448369e-01	1.374649869925847201e-01	2.717914699411989599e-01	1.706660907101552327e-01	8.017740943654552699e-02	3.446539263962911104e-02	8.817817291094814935e-02
1.461006604523895703e+03	2.167658749748609115e-01	1.371266384556432127e-01	2.721054576924216706e-01	1.708905757539839476e-01	8.026999651278751702e-02	3.452778643091081873e-02	8.831367017899847960e-02
1.465844374737550879e+03	2.162781198244131398e-01	1.367902523874796050e-01	2.724176198766378176e-01	1.711136530093934072e-01	8.036206252225359947e-02	3.458994619571397616e-02	8.844834618371510970e-02
1.470682144951206283e+03	2.157931954261593510e-01	1.364558172358693588e-01	2.727279677317651085e-01	1.713353313844827586e-01	8.045361047195270787e-02	3.465187119832602303e-02	8.858220655105131236e-02
1.475519915164861459e+03	2.153110853852729656e-01	1.361233215176461953e-01	2.730365124246197372e-01	1.715556197455100351e-01	8.054464334575089923e-02	3.471356074343494302e-02	8.871525683737178924e-02
1.480357685378516862e+03	2.148317734025692871e-01	1.357927538183033023e-01	2.733432650506928963e-01	1.717745269160410038e-01	8.063516410505966459e-02	3.477501417518635146e-02	8.884750253175409396e-02
1.485195455592172038e+03	2.143552432739353197e-01	1.354641027915953755e-01	2.736482366339983985e-01	1.719920616761686505e-01	8.072517568946857569e-02	3.483623087626509102e-02	8.897894905817520239e-02
1.490033225805827215e+03	2.138814788897627495e-01	1.351373571591414913e-01	2.739514381269861354e-01	1.722082327617995290e-01	8.081468101732743048e-02	3.489721026700025319e-02	8.910960177758903145e-02
1.494870996019482618e+03	2.134104642343840896e-01	1.348125057100293123e-01	2.742528804105143214e-01	1.724230488640028647e-01	8.090368298628215771e-02	3.495795180449281364e-02	8.923946598990106782e-02
1.499708766233137567e+03	2.129421833855121016e-01	1.344895373004199868e-01	2.745525742938760838e-01	1.726365186284190001e-01	8.099218447376896335e-02	3.501845498176495847e-02	8.936854693584551923e-02
1.504546536446793198e+03	2.124766205136824626e-01	1.341684408531544359e-01	2.748505305148752353e-01	1.728486506547236012e-01	8.108018833747035470e-02	3.507871932693039374e-02	8.949684979877017832e-02
1.509384306660448374e+03	2.120137598816997371e-01	1.338492053573606955e-01	2.751467597399461229e-01	1.730594534961446551e-01	8.116769741573653940e-02	3.513874440238480557e-02	8.962437970633410633e-02
1.514222076874103550e+03	2.115535858440865113e-01	1.335318198680627844e-01	2.754412725643149429e-01	1.732689356590287333e-01	8.125471452797522476e-02	3.519852980401583231e-02	8.975114173212264679e-02
1.519059847087758726e+03	2.110960828465358874e-01	1.332162735057906555e-01	2.757340795121969168e-01	1.734771056024540514e-01	8.134124247501299532e-02	3.525807516043180656e-02	8.987714089718429333e-02
1.523897617301414357e+03	2.106412354253669739e-01	1.329025554561916733e-01	2.760251910370277173e-01	1.736839717378876047e-01	8.142728403943040594e-02	3.531738013220869776e-02	9.000238217149357511e-02
1.528735387515069533e+03	2.101890282069840965e-01	1.325906549696435344e-01	2.763146175217237044e-01	1.738895424288832425e-01	8.151284198587366303e-02	3.537644441115458255e-02	9.012687047534385931e-02
1.533573157728724709e+03	2.097394459073385897e-01	1.322805613608687425e-01	2.766023692789706945e-01	1.740938259908191010e-01	8.159791906134464257e-02	3.543526771959114308e-02	9.025061068067379011e-02
1.538410927942380113e+03	2.092924733313944741e-01	1.319722640085504994e-01	2.768884565515363216e-01	1.742968306906712561e-01	8.168251799547147918e-02	3.549384980965157588e-02	9.037360761233111106e-02
1.543248698156035516e+03	2.088480953725969091e-01	1.316657523549502884e-01	2.771728895126048253e-01	1.744985647468220991e-01	8.176664150076137783e-02	3.555219046259438381e-02	9.049586604927682687e-02
1.548086468369690692e+03	2.084062970123441161e-01	1.313610159055270399e-01	2.774556782661314336e-01	1.746990363289008530e-01	8.185029227283731335e-02	3.561028948813271117e-02	9.061739072573328502e-02
1.552924238583346096e+03	2.079670633194622420e-01	1.310580442285580183e-01	2.777368328472145098e-01	1.748982535576545927e-01	8.193347299066010281e-02	3.566814672377853490e-02	9.073818633227877239e-02
1.557762008797001272e+03	2.075303794496838328e-01	1.307568269547612905e-01	2.780163632224835757e-01	1.750962245048477417e-01	8.201618631673716908e-02	3.572576203420137902e-02	9.085825751689174945e-02
1.562599779010656675e+03	2.070962306451291368e-01	1.304573537769200542e-01	2.782942792905011564e-01	1.752929571931886865e-01	8.209843489731928623e-02	3.578313531060119124e-02	9.097760888594721984e-02
1.567437549224311852e+03	2.066646022337907118e-01	1.301596144495086038e-01	2.785705908821773380e-01	1.754884595962813154e-01	8.218022136258623656e-02	3.584026647009476430e-02	9.109624500516787238e-02
1.572275319437967255e+03	2.062354796290211123e-01	1.298635987883202114e-01	2.788453077611949271e-01	1.756827396386002049e-01	8.226154832682264217e-02	3.589715545511559802e-02	9.121417040053220182e-02
1.577113089651622431e+03	2.058088483290241022e-01	1.295692966700966176e-01	2.791184396244446031e-01	1.758758051954882606e-01	8.234241838858465112e-02	3.595380223282652193e-02	9.133138955914213430e-02
1.581950859865277607e+03	2.053846939163485041e-01	1.292766980321595760e-01	2.793899961024683409e-01	1.760676640931748971e-01	8.242283413085850496e-02	3.601020679454500911e-02	9.144790693005205862e-02
1.586788630078933011e+03	2.049630020573853795e-01	1.289857928720441471e-01	2.796599867599100508e-01	1.762583241088138408e-01	8.250279812121152911e-02	3.606636915518057762e-02	9.156372692506140054e-02
1.591626400292587959e+03	2.045437585018685944e-01	1.286965712471336842e-01	2.799284210959723795e-01	1.764477929705391135e-01	8.258231291193643409e-02	3.612228935268421010e-02	9.167885391947258600e-02
1.596464170506243590e+03	2.041269490823779398e-01	1.284090232742970406e-01	2.801953085448788405e-01	1.766360783575383064e-01	8.266138104018938559e-02	3.617796744750922944e-02	9.179329225281629423e-02
1.601301940719898766e+03	2.037125597138458866e-01	1.281231391295274413e-01	2.804606584763404964e-01	1.768231879001415097e-01	8.274000502812253743e-02	3.623340352208354737e-02	9.190704622954565250e-02
1.606139710933553943e+03	2.033005763930670895e-01	1.278389090475832435e-01	2.807244801960259717e-01	1.770091291799255895e-01	8.281818738301145733e-02	3.628859768029280009e-02	9.202012011970095440e-02
1.610977481147209119e+03	2.028909851982109436e-01	1.275563233216308601e-01	2.809867829460345190e-01	1.771939097298321775e-01	8.289593059737782044e-02	3.634355004697428088e-02	9.213251815954652535e-02
1.615815251360864750e+03	2.024837722883375268e-01	1.272753723028892114e-01	2.812475759053712498e-01	1.773775370342987878e-01	8.297323714910807835e-02	3.639826076742123939e-02	9.224424455218101226e-02
1.620653021574519926e+03	2.020789239029160411e-01	1.269960464002765632e-01	2.815068681904241976e-01	1.775600185294020639e-01	8.305010950156807570e-02	3.645273000689739501e-02	9.235530346812277636e-02
1.625490791788175102e+03	2.016764263613466390e-01	1.267183360800589187e-01	2.817646688554419909e-01	1.777413616030124877e-01	8.312655010371435005e-02	3.650695795016138667e-02	9.246569904587134681e-02
1.630328562001830505e+03	2.012762660624852207e-01	1.264422318655007149e-01	2.820209868930123598e-01	1.779215735949594979e-01	8.320256139020212882e-02	3.656094480100087474e-02	9.257543539244636466e-02
1.635166332215485909e+03	2.008784294841710616e-01	1.261677243365171563e-01	2.822758312345405862e-01	1.781006617972065997e-01	8.327814578149048130e-02	3.661469078177616993e-02	9.268451658390512715e-02
1.640004102429141085e+03	2.004829031827574659e-01	1.258948041293287134e-01	2.825292107507278994e-01	1.782786334540354956e-01	8.335330568394470896e-02	3.666819613297303548e-02	9.279294666583987050e-02
1.644841872642796488e+03	2.000896737926453062e-01	1.256234619361176197e-01	2.827811342520488158e-01	1.784554957622387361e-01	8.342804348993647368e-02	3.672146111276455155e-02	9.290072965385566539e-02
1.649679642856451665e+03	1.996987280258197273e-01	1.253536885046860616e-01	2.830316104892277029e-01	1.786312558713201437e-01	8.350236157794153902e-02	3.677448599658177802e-02	9.300786953403020196e-02
1.654517413070107068e+03	1.993100526713894316e-01	1.250854746381167282e-01	2.832806481537136212e-01	1.788059208837026737e-01	8.357626231263558247e-02	3.682727107669304945e-02	9.311437026335610267e-02
1.659355183283762244e+03	1.989236345951290175e-01	1.248188111944349143e-01	2.835282558781538342e-01	1.789794978549428817e-01	8.364974804498806482e-02	3.687981666179168672e-02	9.322023577016681772e-02
1.664192953497417420e+03	1.985394607390242316e-01	1.245536890862729978e-01	2.837744422368651542e-01	1.791519937939516083e-01	8.372282111235440638e-02	3.693212307659190369e-02	9.332546995454694960e-02
1.669030723711072824e+03	1.981575181208200254e-01	1.242900992805365673e-01	2.840192157463033995e-01	1.793234156632203535e-01	8.379548383856653959e-02	3.698419066143282530e-02	9.343007668872761740e-02
1.673868493924728000e+03	1.977777938335713304e-01	1.240280327980727154e-01	2.842625848655299658e-01	1.794937703790530359e-01	8.386773853402207379e-02	3.703601977189033972e-02	9.353405981746783227e-02
1.678706264138383403e+03	1.974002750451969435e-01	1.237674807133402194e-01	2.845045579966765659e-01	1.796630648118024698e-01	8.393958749577205836e-02	3.708761077839665271e-02	9.363742315842246700e-02
1.683544034352038352e+03	1.970249489980359092e-01	1.235084341540815950e-01	2.847451434854064156e-01	1.798313057861111175e-01	8.401103300760744130e-02	3.713896406586738447e-02	9.374017050249748573e-02
1.688381804565693983e+03	1.966518030084069280e-01	1.232508843009973293e-01	2.849843496213734229e-01	1.799985000811560876e-01	8.408207734014440382e-02	3.719008003333604956e-02	9.384230561419311389e-02
1.693219574779349159e+03	1.962808244661702894e-01	1.229948223874218760e-01	2.852221846386773785e-01	1.801646544308977138e-01	8.415272275090868170e-02	3.724095909359574630e-02	9.394383223193560062e-02
1.698057344993004335e+03	1.959120008342927766e-01	1.227402396990016492e-01	2.854586567163169830e-01	1.803297755243313816e-01	8.422297148441873493e-02	3.729160167284791688e-02	9.404475406839787888e-02
1.702895115206659511e+03	1.955453196484152334e-01	1.224871275733750570e-01	2.856937739786385988e-01	1.804938700057422962e-01	8.429282577226800133e-02	3.734200821035801171e-02	9.414507481081015039e-02
1.707732885420315142e+03	1.951807685164228257e-01	1.222354773998542837e-01	2.859275444957826706e-01	1.806569444749630826e-01	8.436228783320631752e-02	3.739217915811793302e-02	9.424479812126032585e-02
1.712570655633970318e+03	1.948183351180178824e-01	1.219852806191092237e-01	2.861599762841258165e-01	1.808190054876337161e-01	8.443135987322043789e-02	3.744211498051512599e-02	9.434392763698529194e-02
1.717408425847625494e+03	1.944580072042955965e-01	1.217365287228531490e-01	2.863910773067201987e-01	1.809800595554635627e-01	8.450004408561373470e-02	3.749181615400815765e-02	9.444246697065314389e-02
1.722246196061280898e+03	1.940997725973223342e-01	1.214892132535305008e-01	2.866208554737286196e-01	1.811401131464952241e-01	8.456834265108525983e-02	3.754128316680865884e-02	9.454041971063698035e-02
1.727083966274936301e+03	1.937436191897166093e-01	1.212433258040063466e-01	2.868493186428565100e-01	1.812991726853701302e-01	8.463625773780786288e-02	3.759051651856951809e-02	9.463778942128063532e-02
1.731921736488591478e+03	1.933895349442325551e-01	1.209988580172579875e-01	2.870764746197798645e-01	1.814572445535954370e-01	8.470379150150589287e-02	3.763951672007916083e-02	9.473457964315672164e-02
1.736759506702246881e+03	1.930375078933460886e-01	1.207558015860683009e-01	2.873023311585699568e-01	1.816143350898122011e-01	8.477094608553199795e-02	3.768828429296182392e-02	9.483079389331729170e-02
1.741597276915902057e+03	1.926875261388437399e-01	1.205141482527210678e-01	2.875268959621136156e-01	1.817704505900644141e-01	8.483772362094343933e-02	3.773681976938374899e-02	9.492643566553762846e-02
1.746435047129557461e+03	1.923395778514139509e-01	1.202738898086981312e-01	2.877501766825303342e-01	1.819255973080690647e-01	8.490412622657775299e-02	3.778512369176503100e-02	9.502150843055336138e-02
1.751272817343212637e+03	1.919936512702408171e-01	1.200350180943784290e-01	2.879721809215854411e-01	1.820797814554866723e-01	8.497015600912782851e-02	3.783319661249721216e-02	9.511601563629122624e-02
1.756110587556867813e+03	1.916497347026007159e-01	1.197975249987389551e-01	2.881929162310993275e-01	1.822330092021921533e-01	8.503581506321636341e-02	3.788103909366632993e-02	9.520996070809377432e-02
1.760948357770523216e+03	1.913078165234610994e-01	1.195614024590575253e-01	2.884123901133529011e-01	1.823852866765464098e-01	8.510110547146983173e-02	3.792865170678140496e-02	9.530334704893846098e-02
1.765786127984178393e+03	1.909678851750819528e-01	1.193266424606173881e-01	2.886306100214893200e-01	1.825366199656676680e-01	8.516602930459189758e-02	3.797603503250827212e-02	9.539617803965111387e-02
1.770623898197833569e+03	1.906299291666198048e-01	1.190932370364137100e-01	2.888475833599119524e-01	1.826870151157030386e-01	8.523058862143628733e-02	3.802318966040858089e-02	9.548845703911425231e-02
1.775461668411488745e+03	1.902939370737339042e-01	1.188611782668619055e-01	2.890633174846783393e-01	1.828364781321000498e-01	8.529478546907914849e-02	3.807011618868393066e-02	9.558018738447034146e-02
1.780299438625144376e+03	1.899598975381952826e-01	1.186304582795076890e-01	2.892778197038906041e-01	1.829850149798777914e-01	8.535862188289088104e-02	3.811681522392503657e-02	9.567137239132035564e-02
1.785137208838799552e+03	1.896277992674978430e-01	1.184010692487391242e-01	2.894910972780817549e-01	1.831326315838978092e-01	8.542209988660753872e-02	3.816328738086576661e-02	9.576201535391778985e-02
1.789974979052454728e+03	1.892976310344721969e-01	1.181730033955002424e-01	2.897031574205986004e-01	1.832793338291347218e-01	8.548522149240164736e-02	3.820953328214203581e-02	9.585211954535824419e-02
1.794812749266109904e+03	1.889693816769016099e-01	1.179462529870067278e-01	2.899140072979803917e-01	1.834251275609458942e-01	8.554798870095263463e-02	3.825555355805541208e-02	9.594168821776495604e-02
1.799650519479765535e+03	1.886430400971405852e-01	1.177208103364631164e-01	2.901236540303344102e-01	1.835700185853410826e-01	8.561040350151676026e-02	3.830134884634141257e-02	9.603072460247026598e-02
1.804488289693420711e+03	1.883185952617356940e-01	1.174966678027819789e-01	2.903321046917070047e-01	1.837140126692508035e-01	8.567246787199653268e-02	3.834691979194226191e-02	9.611923191019333679e-02
1.809326059907075887e+03	1.879960362010486274e-01	1.172738177903047130e-01	2.905393663104517965e-01	1.838571155407943414e-01	8.573418377900969556e-02	3.839226704678419533e-02	9.620721333121429186e-02
1.814163830120731291e+03	1.876753520088818294e-01	1.170522527485242381e-01	2.907454458695933885e-01	1.839993328895466185e-01	8.579555317795777014e-02	3.843739126955912633e-02	9.629467203554473165e-02
1.819001600334386467e+03	1.873565318421063775e-01	1.168319651718093405e-01	2.909503503071879105e-01	1.841406703668042322e-01	8.585657801309412585e-02	3.848229312551059572e-02	9.638161117309507198e-02
1.823839370548041643e+03	1.870395649202920008e-01	1.166129475991307396e-01	2.911540865166801217e-01	1.842811335858506872e-01	8.591726021759160670e-02	3.852697328622395334e-02	9.646803387383856565e-02
1.828677140761696819e+03	1.867244405253395689e-01	1.163951926137889725e-01	2.913566613472561850e-01	1.844207281222202122e-01	8.597760171360968595e-02	3.857143242942070310e-02	9.655394324797236805e-02
1.833514910975352450e+03	1.864111480011158006e-01	1.161786928431438881e-01	2.915580816041934975e-01	1.845594595139607996e-01	8.603760441236124601e-02	3.861567123875686569e-02	9.663934238607560512e-02
1.838352681189008081e+03	1.860996767530901930e-01	1.159634409583459452e-01	2.917583540492067473e-01	1.846973332618959129e-01	8.609727021417885873e-02	3.865969040362537273e-02	9.672423435926465196e-02
1.843190451402663257e+03	1.857900162479742268e-01	1.157494296740691486e-01	2.919574854007905840e-01	1.848343548298850281e-01	8.615660100858062165e-02	3.870349061896234677e-02	9.680862221934570522e-02
1.848028221616318433e+03	1.854821560133628477e-01	1.155366517482456362e-01	2.921554823345585694e-01	1.849705296450829817e-01	8.621559867433560564e-02	3.874707258505723922e-02	9.689250899896478808e-02
1.852865991829973609e+03	1.851760856373778075e-01	1.153250999818020844e-01	2.923523514835789650e-01	1.851058630981979591e-01	8.627426507952887236e-02	3.879043700736675010e-02	9.697589771175522955e-02
1.857703762043628785e+03	1.848717947683138629e-01	1.151147672183975568e-01	2.925480994387069100e-01	1.852403605437481782e-01	8.633260208162600591e-02	3.883358459633240445e-02	9.705879135248278444e-02
1.862541532257283961e+03	1.845692731142864751e-01	1.149056463441632120e-01	2.927427327489133257e-01	1.853740273003173233e-01	8.639061152753724215e-02	3.887651606720180647e-02	9.714119289718839423e-02
1.867379302470939592e+03	1.842685104428821163e-01	1.146977302874435528e-01	2.929362579216102103e-01	1.855068686508083431e-01	8.644829525368123713e-02	3.891923213985346713e-02	9.722310530332882450e-02
1.872217072684594768e+03	1.839694965808104932e-01	1.144910120185393537e-01	2.931286814229732696e-01	1.856388898426961365e-01	8.650565508604832199e-02	3.896173353862505961e-02	9.730453150991509592e-02
1.877054842898249490e+03	1.836722214135590170e-01	1.142854845494521571e-01	2.933200096782604405e-01	1.857700960882785746e-01	8.656269284026336941e-02	3.900402099214519275e-02	9.738547443764893063e-02
1.881892613111905121e+03	1.833766748850493289e-01	1.140811409336304622e-01	2.935102490721278046e-01	1.859004925649261342e-01	8.661941032164827137e-02	3.904609523316853598e-02	9.746593698905711700e-02
1.886730383325560297e+03	1.830828469972959893e-01	1.138779742657174132e-01	2.936994059489418940e-01	1.860300844153300603e-01	8.667580932528398674e-02	3.908795699841422638e-02	9.754592204862411187e-02
1.891568153539215928e+03	1.827907278100671939e-01	1.136759776813002082e-01	2.938874866130889441e-01	1.861588767477489470e-01	8.673189163607214480e-02	3.912960702840755089e-02	9.762543248292265829e-02
1.896405923752871104e+03	1.825003074405475711e-01	1.134751443566610063e-01	2.940744973292813147e-01	1.862868746362539574e-01	8.678765902879627403e-02	3.917104606732480648e-02	9.770447114074275186e-02
