9.482029618764355519e+02	2.891207980271778277e-01	1.862824532892278506e-01	2.288428481836528305e-01	1.375529539461285145e-01	6.469103181374427636e-02	2.671340526468920715e-02	6.679650947498079472e-02
9.530407320900908417e+02	2.882109123909072923e-01	1.856622681247686035e-01	2.291282365696889756e-01	1.379756282173431881e-01	6.510905920904316857e-02	2.679154781890855444e-02	6.712234766894151217e-02
9.578785023037459041e+02	2.873062221020972196e-01	1.850456736982590278e-01	2.294423569488265036e-01	1.383960371147472390e-01	6.549673918405432560e-02	2.687029021483639327e-02	6.744268073678058584e-02
9.627162725174014213e+02	2.864067051100220862e-01	1.844326504266549926e-01	2.297816055510480682e-01	1.388141716967439820e-01	6.585748904519983515e-02	2.694954711162144551e-02	6.775783105831095776e-02
9.675540427310568248e+02	2.855123386924503515e-01	1.838231786725706418e-01	2.301427930209435091e-01	1.392300248995400891e-01	6.619433246148552497e-02	2.702924268592132168e-02	6.806808956668992938e-02
9.723918129447120009e+02	2.846230995468876368e-01	1.832172387639269262e-01	2.305230968018801563e-01	1.396435913480486291e-01	6.650994478649072117e-02	2.710930954005537699e-02	6.837371921231194527e-02
9.772295831583674044e+02	2.837389638713939677e-01	1.826148110112740808e-01	2.309200189962704597e-01	1.400548671872487161e-01	6.680669316460152718e-02	2.718968773586397103e-02	6.867495803294869361e-02
9.820673533720223531e+02	2.828599074361687893e-01	1.820158757230564694e-01	2.313313490719500765e-01	1.404638499316946121e-01	6.708667202163899612e-02	2.727032393980501762e-02	6.897202187528747586e-02
9.869051235856777566e+02	2.819859056469612990e-01	1.814204132190557206e-01	2.317551308571617619e-01	1.408705383311301962e-01	6.735173447098048716e-02	2.735117066648371648e-02	6.926510680782825558e-02
9.917428937993331601e+02	2.811169336012412368e-01	1.808284038422216800e-01	2.321896333307835458e-01	1.412749322503990546e-01	6.760352010516378074e-02	2.743218560928474201e-02	6.955439126050731724e-02
9.965806640129884499e+02	2.802529661379585257e-01	1.802398279690767269e-01	2.326333247712024932e-01	1.416770325620467508e-01	6.784347958888642394e-02	2.751333104808014601e-02	6.984003792235030095e-02
1.001418434226643626e+03	2.793939778816242892e-01	1.796546660188571287e-01	2.330848498774666100e-01	1.420768410501950796e-01	6.807289642145759878e-02	2.759457332514004060e-02	7.012219542486061719e-02
1.006256204440298802e+03	2.785399432813625009e-01	1.790728984615371500e-01	2.335430095208008150e-01	1.424743603244306434e-01	6.829290619441047427e-02	2.767588238139423798e-02	7.040099983566559805e-02
1.011093974653954206e+03	2.776908366455067001e-01	1.784945058248635918e-01	2.340067428239096525e-01	1.428695937425924489e-01	6.850451363250709136e-02	2.775723134609658915e-02	7.067657598412535602e-02
1.015931744867609382e+03	2.768466321722495849e-01	1.779194687005153930e-01	2.344751113003020193e-01	1.432625453414715644e-01	6.870860767320288720e-02	2.783859617374350240e-02	7.094903863811648226e-02
1.020769515081264785e+03	2.760073039767962921e-01	1.773477677494882110e-01	2.349472848166788974e-01	1.436532197745470363e-01	6.890597481028992721e-02	2.791995532280557718e-02	7.121849354899556506e-02
1.025607285294920075e+03	2.751728261154188782e-01	1.767793837067934970e-01	2.354225291686876387e-01	1.440416222559828541e-01	6.909731090146578603e-02	2.800128947145764241e-02	7.148503837979518216e-02
1.030445055508575479e+03	2.743431726067661058e-01	1.762142973855508055e-01	2.359001950844712148e-01	1.444277585101980399e-01	6.928323161659200036e-02	2.808258126604654820e-02	7.174876352997684725e-02
1.035282825722230655e+03	2.735183174507391790e-01	1.756524896805429781e-01	2.363797084917907132e-01	1.448116347264004067e-01	6.946428168306649498e-02	2.816381509852641449e-02	7.200975286853535107e-02
1.040120595935886058e+03	2.726982346452112571e-01	1.750939415712964298e-01	2.368605619033926635e-01	1.451932575175435836e-01	6.964094306673647428e-02	2.824497690952508522e-02	7.226808438589603367e-02
1.044958366149541234e+03	2.718828982008347772e-01	1.745386341247406048e-01	2.373423067920114315e-01	1.455726338832278310e-01	6.981364221084938870e-02	2.832605401408943777e-02	7.252383077384796928e-02
1.049796136363196410e+03	2.710722821541538541e-01	1.739865484974955911e-01	2.378245468411940289e-01	1.459497711761195970e-01	6.998275644144531793e-02	2.840703494749710969e-02	7.277705994169592074e-02
1.054633906576851814e+03	2.702663605792130497e-01	1.734376659378303043e-01	2.383069319712265710e-01	1.463246770715124767e-01	7.014861963512021570e-02	2.848790932882286700e-02	7.302783547587590740e-02
1.059471676790506763e+03	2.694651075978335419e-01	1.728919677873294869e-01	2.387891530510301841e-01	1.466973595396948438e-01	7.031152723405141580e-02	2.856866774021401753e-02	7.327621704944796421e-02
1.064309447004162394e+03	2.686684973887056849e-01	1.723494354823029984e-01	2.392709372171467896e-01	1.470678268208271688e-01	7.047174068340851527e-02	2.864930162006466136e-02	7.352226078714560464e-02
1.069147217217817570e+03	2.678765041954332404e-01	1.718100505549670920e-01	2.397520437300101337e-01	1.474360874020650414e-01	7.062949135762898456e-02	2.872980316848712523e-02	7.376601959100986816e-02
1.073984987431472746e+03	2.670891023336452452e-01	1.712737946344239370e-01	2.402322603057269745e-01	1.478021499966936936e-01	7.078498403438755748e-02	2.881016526366311781e-02	7.400754343106094590e-02
1.078822757645127922e+03	2.663062661972822598e-01	1.707406494474629222e-01	2.407113998687002987e-01	1.481660235250657487e-01	7.093839996831959038e-02	2.889038138782056356e-02	7.424687960495005012e-02
1.083660527858783553e+03	2.655279702641475947e-01	1.702105968192042240e-01	2.411892976767143759e-01	1.485277170971574245e-01	7.108989961056785822e-02	2.897044556172631916e-02	7.448407297008365069e-02
1.088498298072438729e+03	2.647541891008072801e-01	1.696836186736027097e-01	2.416658087756668460e-01	1.488872399965784077e-01	7.123962501492102362e-02	2.905035228671281472e-02	7.471916615131235506e-02
1.093336068286093905e+03	2.639848973669106647e-01	1.691596970338288819e-01	2.421408057460585073e-01	1.492446016658894592e-01	7.138770196662046208e-02	2.913009649336974552e-02	7.495219972692380994e-02
1.098173838499749309e+03	2.632200698189959831e-01	1.686388140225405508e-01	2.426141767077085731e-01	1.495998116930972455e-01	7.153424186576125277e-02	2.920967349613207836e-02	7.518321239536590594e-02
1.103011608713404712e+03	2.624596813138389551e-01	1.681209518620584431e-01	2.430858235530209688e-01	1.499528797992109863e-01	7.167934339353862483e-02	2.928907895308397596e-02	7.541224112484959385e-02
1.107849378927059888e+03	2.617037068113942100e-01	1.676060928744567691e-01	2.435556603825402844e-01	1.503038158267570312e-01	7.182309398634063868e-02	2.936830883037690187e-02	7.563932128773577512e-02
1.112687149140715292e+03	2.609521213773741688e-01	1.670942194815785709e-01	2.440236121195558383e-01	1.506526297291599925e-01	7.196557113981046083e-02	2.944735937072922791e-02	7.586448678139338930e-02
1.117524919354370468e+03	2.602049001855065713e-01	1.665853142049847913e-01	2.444896132831859137e-01	1.509993315609083619e-01	7.210684356245582183e-02	2.952622706553620358e-02	7.608777013702403003e-02
1.122362689568025871e+03	2.594620185195043449e-01	1.660793596658450832e-01	2.449536069017395346e-01	1.513439314684308090e-01	7.224697219613029908e-02	2.960490863017336757e-02	7.630920261777821012e-02
1.127200459781681047e+03	2.587234517747805662e-01	1.655763385847767999e-01	2.454155435502461957e-01	1.516864396816187399e-01	7.238601111871700855e-02	2.968340098212455050e-02	7.652881430733776691e-02
1.132038229995336451e+03	2.579891754599348275e-01	1.650762337816387426e-01	2.458753804978968949e-01	1.520268665059359980e-01	7.252400834258122819e-02	2.976170122160810838e-02	7.674663419000588016e-02
1.136876000208991627e+03	2.572591651980368765e-01	1.645790281752848028e-01	2.463330809527788101e-01	1.523652223150638030e-01	7.266100652079689193e-02	2.983980661441268042e-02	7.696269022322779763e-02
1.141713770422646803e+03	2.565333967277291793e-01	1.640847047832823813e-01	2.467886133927370829e-01	1.527015175440341599e-01	7.279704357177052554e-02	2.991771457668700868e-02	7.717700940336125193e-02
1.146551540636302207e+03	2.558118459041672232e-01	1.635932467216000552e-01	2.472419509724809727e-01	1.530357626828099393e-01	7.293215323166295228e-02	2.999542266145787880e-02	7.738961782542258527e-02
1.151389310849957155e+03	2.550944886998152139e-01	1.631046372042677384e-01	2.476930709981876311e-01	1.533679682702737412e-01	7.306636554292783581e-02	3.007292854667621695e-02	7.760054073745317749e-02
1.156227081063612786e+03	2.543813012051128197e-01	1.626188595430134720e-01	2.481419544618626849e-01	1.536981448885925416e-01	7.319970728632790857e-02	3.015023002461453966e-02	7.780980259007758137e-02
1.161064851277267962e+03	2.536722596290261200e-01	1.621358971468790100e-01	2.485885856286061957e-01	1.540263031579268416e-01	7.333220236294291094e-02	3.022732499245927087e-02	7.801742708176125085e-02
1.165902621490923138e+03	2.529673402994947473e-01	1.616557335218172797e-01	2.490329516707205648e-01	1.543524537314581724e-01	7.346387213193315835e-02	3.030421144395956459e-02	7.822343720021808500e-02
1.170740391704578315e+03	2.522665196637869922e-01	1.611783522702740223e-01	2.494750423432931796e-01	1.546766072907095613e-01	7.359473570915942009e-02	3.038088746201019971e-02	7.842785526036813448e-02
1.175578161918233945e+03	2.515697742887706978e-01	1.607037370907556384e-01	2.499148496965042654e-01	1.549987745411373907e-01	7.372481023117223586e-02	3.045735121206028309e-02	7.863070293920099152e-02
1.180415932131889122e+03	2.508770808611102687e-01	1.602318717773849321e-01	2.503523678204550573e-01	1.553189662079740574e-01	7.385411108856457241e-02	3.053360093625201097e-02	7.883200130786052751e-02
1.185253702345544298e+03	2.501884161873964563e-01	1.597627402194465862e-01	2.507875926187957960e-01	1.556371930323041941e-01	7.398265213222152137e-02	3.060963494820473710e-02	7.903177086123214234e-02
1.190091472559199701e+03	2.495037571942155252e-01	1.592963264009236157e-01	2.512205216078591818e-01	1.559534657673571356e-01	7.411044585559431463e-02	3.068545162836950821e-02	7.923003154528218683e-02
1.194929242772855105e+03	2.488230809281646028e-01	1.588326144000263007e-01	2.516511537383839814e-01	1.562677951750017502e-01	7.423750355576537452e-02	3.076104941988775168e-02	7.942680278237172764e-02
1.199767012986510281e+03	2.481463645558177888e-01	1.583715883887146236e-01	2.520794892372486551e-01	1.565801920224292043e-01	7.436383547575288466e-02	3.083642682489561374e-02	7.962210349474270477e-02
1.204604783200165684e+03	2.474735853636485516e-01	1.579132326322151836e-01	2.525055294669300565e-01	1.568906670790120583e-01	7.448945093022103781e-02	3.091158240122205206e-02	7.981595212635256287e-02
1.209442553413820860e+03	2.468047207579119884e-01	1.574575314885333921e-01	2.529292768006655145e-01	1.571992311133281472e-01	7.461435841651306577e-02	3.098651475943498337e-02	8.000836666321441137e-02
1.214280323627476264e+03	2.461397482644912538e-01	1.570044694079620884e-01	2.533507345115282305e-01	1.575058948903392819e-01	7.473856571270286187e-02	3.106122256019490727e-02	8.019936465238282353e-02
1.219118093841131440e+03	2.454786455287118196e-01	1.565540309325868795e-01	2.537699066738313136e-01	1.578106691687150565e-01	7.486207996416595345e-02	3.113570451188029178e-02	8.038896321971014669e-02
1.223955864054786844e+03	2.448213903151256754e-01	1.561062006957891213e-01	2.541867980754576872e-01	1.581135646982935461e-01	7.498490775999758218e-02	3.120995936845298233e-02	8.057717908648485972e-02
1.228793634268442020e+03	2.441679605072694381e-01	1.556609634217469007e-01	2.546014141398740271e-01	1.584145922176707910e-01	7.510705520045272976e-02	3.128398592753577762e-02	8.076402858505181415e-02
1.233631404482097196e+03	2.435183341073978713e-01	1.552183039249346863e-01	2.550137608567289993e-01	1.587137624519118217e-01	7.522852795644738300e-02	3.135778302867733153e-02	8.094952767350330203e-02
1.238469174695752372e+03	2.428724892361957821e-01	1.547782071096220069e-01	2.554238447200626316e-01	1.590110861103768425e-01	7.534933132204064965e-02	3.143134955178264467e-02	8.113369194952085861e-02
1.243306944909407548e+03	2.422304041324695179e-01	1.543406579693713532e-01	2.558316726732642321e-01	1.593065738846558554e-01	7.546947026071142151e-02	3.150468441568977235e-02	8.131653666343928444e-02
1.248144715123063179e+03	2.415920571528206162e-01	1.539056415865360794e-01	2.562372520600164627e-01	1.596002364466065637e-01	7.558894944614914790e-02	3.157778657687573820e-02	8.149807673059683566e-02
1.252982485336718355e+03	2.409574267713027462e-01	1.534731431317583328e-01	2.566405905805488885e-01	1.598920844464898072e-01	7.570777329819573798e-02	3.165065502827654753e-02	8.167832674302941132e-02
1.257820255550373531e+03	2.403264915790636058e-01	1.530431478634671216e-01	2.570416962526028137e-01	1.601821285111980908e-01	7.582594601450171057e-02	3.172328879820805747e-02	8.185730098056005766e-02
1.262658025764028707e+03	2.396992302839729971e-01	1.526156411273772717e-01	2.574405773765774952e-01	1.604703792425720421e-01	7.594347159839510975e-02	3.179568694937590784e-02	8.203501342133058538e-02
1.267495795977684338e+03	2.390756217102383840e-01	1.521906083559888823e-01	2.578372425043880534e-01	1.607568472158010797e-01	7.606035388340375014e-02	3.186784857796413212e-02	8.221147775181715522e-02
1.272333566191339514e+03	2.384556447980087646e-01	1.517680350680881141e-01	2.582317004116188586e-01	1.610415429779038232e-01	7.617659655482103553e-02	3.193977281279331698e-02	8.238670737636752395e-02
1.277171336404994690e+03	2.378392786029683570e-01	1.513479068682488105e-01	2.586239600726047971e-01	1.613244770462849420e-01	7.629220316866008877e-02	3.201145881454027509e-02	8.256071542629411786e-02
1.282009106618650094e+03	2.372265022959203218e-01	1.509302094463357002e-01	2.590140306381136792e-01	1.616056599073645850e-01	7.640717716830117134e-02	3.208290577501196617e-02	8.273351476855397846e-02
1.286846876832305497e+03	2.366172951623619625e-01	1.505149285770089052e-01	2.594019214153400199e-01	1.618851020152772546e-01	7.652152189910252367e-02	3.215411291646751851e-02	8.290511801404325254e-02
1.291684647045960673e+03	2.360116366020516554e-01	1.501020501192300294e-01	2.597876418499551754e-01	1.621628137906370726e-01	7.663524062121292169e-02	3.222507949098271651e-02	8.307553752553191451e-02
1.296522417259616077e+03	2.354095061285684243e-01	1.496915600157701087e-01	2.601712015099857944e-01	1.624388056193663832e-01	7.674833652079712798e-02	3.229580477985209697e-02	8.324478542526154989e-02
1.301360187473271253e+03	2.348108833688649089e-01	1.492834442927191696e-01	2.605526100713197457e-01	1.627130878515850865e-01	7.686081271986092145e-02	3.236628809302432436e-02	8.341287360222736369e-02
1.306197957686926657e+03	2.342157480628138944e-01	1.488776890589975921e-01	2.609318773046609419e-01	1.629856708005579524e-01	7.697267228484061530e-02	3.243652876856704947e-02	8.357981371916342606e-02
1.311035727900581833e+03	2.336240800627494840e-01	1.484742805058697490e-01	2.613090130637750752e-01	1.632565647416975019e-01	7.708391823410298827e-02	3.250652617215796236e-02	8.374561721924879409e-02
1.315873498114237009e+03	2.330358593330025818e-01	1.480732049064591715e-01	2.616840272748855445e-01	1.635257799116202615e-01	7.719455354448456763e-02	3.257627969659898648e-02	8.391029533255038586e-02
1.320711268327892412e+03	2.324510659494322673e-01	1.476744486152662961e-01	2.620569299270962271e-01	1.637933265072537559e-01	7.730458115698450594e-02	3.264578876135105362e-02	8.407385908221741422e-02
1.325549038541547588e+03	2.318696800989522300e-01	1.472779980676879319e-01	2.624277310637290750e-01	1.640592146849927657e-01	7.741400398171142949e-02	3.271505281208732241e-02	8.423631929044074484e-02
1.330386808755202765e+03	2.312916820790536232e-01	1.468838397795390049e-01	2.627964407744803332e-01	1.643234545599022434e-01	7.752282490217390909e-02	3.278407132026255749e-02	8.439768658418977942e-02
1.335224578968857941e+03	2.307170522973241711e-01	1.464919603465767162e-01	2.631630691883071749e-01	1.645860562049652753e-01	7.763104677899272665e-02	3.285284378269720529e-02	8.455797140073816054e-02
1.340062349182513572e+03	2.301457712709639725e-01	1.461023464440266151e-01	2.635276264669683677e-01	1.648470296503743715e-01	7.773867245310482621e-02	3.292136972117437610e-02	8.471718399298891478e-02
1.344900119396168748e+03	2.295778196262983351e-01	1.457149848261111158e-01	2.638901227991503062e-01	1.651063848828637770e-01	7.784570474852041400e-02	3.298964868204852519e-02	8.487533443460898441e-02
1.349737889609823924e+03	2.290131780982879173e-01	1.453298623255805111e-01	2.642505683951171247e-01	1.653641318450821407e-01	7.795214647468726166e-02	3.305768023586456300e-02	8.503243262498202948e-02
1.354575659823479100e+03	2.284518275300364276e-01	1.449469658532458460e-01	2.646089734818313222e-01	1.656202804350028202e-01	7.805800042851039622e-02	3.312546397698641620e-02	8.518848829398821543e-02
1.359413430037134731e+03	2.278937488722962146e-01	1.445662823975145395e-01	2.649653482984973274e-01	1.658748405053712405e-01	7.816326939606943469e-02	3.319299952323403330e-02	8.534351100661860534e-02
1.364251200250789907e+03	2.273389231829716361e-01	1.441877990239282259e-01	2.653197030924834832e-01	1.661278218631872250e-01	7.826795615407093620e-02	3.326028651552811327e-02	8.549751016743178944e-02
1.369088970464445310e+03	2.267873316266210415e-01	1.438115028747030122e-01	2.656720481155861457e-01	1.663792342692212156e-01	7.837206347106875914e-02	3.332732461754182862e-02	8.565049502485942712e-02
1.373926740678100487e+03	2.262389554739568376e-01	1.434373811682720656e-01	2.660223936206017603e-01	1.666290874375630504e-01	7.847559410848152506e-02	3.339411351535894606e-02	8.580247467536726569e-02
1.378764510891755890e+03	2.256937761013445287e-01	1.430654211988306723e-01	2.663707498581761035e-01	1.668773910352018275e-01	7.857855082143297420e-02	3.346065291713773426e-02	8.595345806747764494e-02
1.383602281105411066e+03	2.251517749903003129e-01	1.426956103358836547e-01	2.667171270739044919e-01	1.671241546816357726e-01	7.868093635943773645e-02	3.352694255278032553e-02	8.610345400565920515e-02
1.388440051319066470e+03	2.246129337269878734e-01	1.423279360237952873e-01	2.670615355056586426e-01	1.673693879485108893e-01	7.878275346695251535e-02	3.359298217360703193e-02	8.625247115408922471e-02
1.393277821532721646e+03	2.240772340017142261e-01	1.419623857813415990e-01	2.674039853811192580e-01	1.676131003592873647e-01	7.888400488381036579e-02	3.365877155203524096e-02	8.640051804029345861e-02
1.398115591746377049e+03	2.235446576084247905e-01	1.415989472012650907e-01	2.677444869154944618e-01	1.678553013889323708e-01	7.898469334555351107e-02	3.372431048126271758e-02	8.654760305866850134e-02
1.402953361960032225e+03	2.230151864441981546e-01	1.412376079498319781e-01	2.680830503094085993e-01	1.680960004636385119e-01	7.908482158367828585e-02	3.378959877495490288e-02	8.669373447389107368e-02
1.407791132173687402e+03	2.224888025087400079e-01	1.408783557663915720e-01	2.684196857469443032e-01	1.683352069605667245e-01	7.918439232580440357e-02	3.385463626693601541e-02	8.683892042421847979e-02
1.412628902387342805e+03	2.219654879038773787e-01	1.405211784629386562e-01	2.687544033938255028e-01	1.685729302076126590e-01	7.928340829577892879e-02	3.391942281088385081e-02	8.698316892468453687e-02
1.417466672600997981e+03	2.214452248330520401e-01	1.401660639236777250e-01	2.690872133957292189e-01	1.688091794831958481e-01	7.938187221372432212e-02	3.398395828002798852e-02	8.712648787019444674e-02
1.422304442814653157e+03	2.209279956008143309e-01	1.398130001045900239e-01	2.694181258767140985e-01	1.690439640160703583e-01	7.947978679603873164e-02	3.404824256685129447e-02	8.726888503852277268e-02
1.427142213028308333e+03	2.204137826123168664e-01	1.394619750330028385e-01	2.697471509377573073e-01	1.692772929851564800e-01	7.957715475535578897e-02	3.411227558279465721e-02	8.741036809321772738e-02
1.431979983241963964e+03	2.199025683728083602e-01	1.391129768071614203e-01	2.700742986553897884e-01	1.695091755193923744e-01	7.967397880046989123e-02	3.417605725796475646e-02	8.755094458641511646e-02
1.436817753455619140e+03	2.193943354871278617e-01	1.387659935958030222e-01	2.703995790804230581e-01	1.697396206976047039e-01	7.977026163623290866e-02	3.423958754084480832e-02	8.769062196156530986e-02
1.441655523669274316e+03	2.188890666591991330e-01	1.384210136377337086e-01	2.707230022367594913e-01	1.699686375483981382e-01	7.986600596342671721e-02	3.430286639800827347e-02	8.782940755607622496e-02
1.446493293882929493e+03	2.183867446915255806e-01	1.380780252414073039e-01	2.710445781202801552e-01	1.701962350500621779e-01	7.996121447861613551e-02	3.436589381383530623e-02	8.796730860387511064e-02
1.451331064096585123e+03	2.178873524846857146e-01	1.377370167845069771e-01	2.713643166978039756e-01	1.704224221304950770e-01	8.005588987398568057e-02	3.442866979023207624e-02	8.810433223789224111e-02
1.456168834310240300e+03	2.173908730368292186e-01	1.373979767135291852e-01	2.716822279061140710e-01	1.706472076671441684e-01	8.015003483716352795e-02	3.449119434635274095e-02	8.824048549246883699e-02
1.461006604523895703e+03	2.168972894431737963e-01	1.370608935433697551e-01	2.719983216510451496e-01	1.708706004869615658e-01	8.024365205103529963e-02	3.455346751832417962e-02	8.837577530569204476e-02
1.465844374737550879e+03	2.164065848955023796e-01	1.367257558569128228e-01	2.723126078066284150e-01	1.710926093663749925e-01	8.033674419355039953e-02	3.461548935897332951e-02	8.851020852165941699e-02
1.470682144951206283e+03	2.159187426816617517e-01	1.363925523046218835e-01	2.726250962142900969e-01	1.713132430312730436e-01	8.042931393752261737e-02	3.467725993755718661e-02	8.864379189267512782e-02
1.475519915164861459e+03	2.154337461850615865e-01	1.360612716041330883e-01	2.729357966820999404e-01	1.715325101570040200e-01	8.052136395042722161e-02	3.473877933949537367e-02	8.877653208138040763e-02
1.480357685378516862e+03	2.149515788841747377e-01	1.357319025398513734e-01	2.732447189840661594e-01	1.717504193683880853e-01	8.061289689419573468e-02	3.480004766610533817e-02	8.890843566282016774e-02
1.485195455592172038e+03	2.144722243520383043e-01	1.354044339625485038e-01	2.735518728594744653e-01	1.719669792397419683e-01	8.070391542501015314e-02	3.486106503434009685e-02	8.903950912644813254e-02
1.490033225805827215e+03	2.139956662557559730e-01	1.350788547889636981e-01	2.738572680122678960e-01	1.721821982949158503e-01	8.079442219309732054e-02	3.492183157652849895e-02	8.916975887807235268e-02
1.494870996019482618e+03	2.135218883560015268e-01	1.347551540014065574e-01	2.741609141104656144e-01	1.723960850073417150e-01	8.088441984252489614e-02	3.498234744011812641e-02	8.929919124174316714e-02
1.499708766233137567e+03	2.130508745065232690e-01	1.344333206473624920e-01	2.744628207856175672e-01	1.726086478000928570e-01	8.097391101099939148e-02	3.504261278742062946e-02	8.942781246158539032e-02
1.504546536446793198e+03	2.125826086536499460e-01	1.341133438391000632e-01	2.747629976322940037e-01	1.728198950459540473e-01	8.106289832966727393e-02	3.510262779535962968e-02	8.955562870357668126e-02
1.509384306660448374e+03	2.121170748357978919e-01	1.337952127532812119e-01	2.750614542076065816e-01	1.730298350675016916e-01	8.115138442291942866e-02	3.516239265522117657e-02	8.968264605727369054e-02
1.514222076874103550e+03	2.116542571829794495e-01	1.334789166305733465e-01	2.753582000307608357e-01	1.732384761371937865e-01	8.123937190819986720e-02	3.522190757240664660e-02	8.980887053748776161e-02
1.519059847087758726e+03	2.111941399163128619e-01	1.331644447752640126e-01	2.756532445826369582e-01	1.734458264774691172e-01	8.132686339581865487e-02	3.528117276618820963e-02	8.993430808591185155e-02
1.523897617301414357e+03	2.107367073475334418e-01	1.328517865548776433e-01	2.759465973053986110e-01	1.736518942608553107e-01	8.141386148876979256e-02	3.534018846946678644e-02	9.005896457270010091e-02
1.528735387515069533e+03	2.102819438785062389e-01	1.325409313997948646e-01	2.762382676021269967e-01	1.738566876100853531e-01	8.150036878255399742e-02	3.539895492853245562e-02	9.018284579800175949e-02
1.533573157728724709e+03	2.098298340007404283e-01	1.322318688028738254e-01	2.765282648364803531e-01	1.740602145982221016e-01	8.158638786500677087e-02	3.545747240282744184e-02	9.030595749345073087e-02
1.538410927942380113e+03	2.093803622949048093e-01	1.319245883190739432e-01	2.768165983323764290e-01	1.742624832487905673e-01	8.167192131613196238e-02	3.551574116471153258e-02	9.042830532361234575e-02
1.543248698156035516e+03	2.089335134303452746e-01	1.316190795650818424e-01	2.771032773736978316e-01	1.744635015359175256e-01	8.175697170794059276e-02	3.557376149922997915e-02	9.054989488738851566e-02
1.548086468369690692e+03	2.084892721646036950e-01	1.313153322189395678e-01	2.773883112040179122e-01	1.746632773844780384e-01	8.184154160429553404e-02	3.563153370388393026e-02	9.067073171938284937e-02
1.552924238583346096e+03	2.080476233429383037e-01	1.310133360196750474e-01	2.776717090263478016e-01	1.748618186702486921e-01	8.192563356076168479e-02	3.568905808840326654e-02	9.079082129122674483e-02
1.557762008797001272e+03	2.076085518978461331e-01	1.307130807669347750e-01	2.779534800029018204e-01	1.750591332200672479e-01	8.200925012446169671e-02	3.574633497452198855e-02	9.091016901286785856e-02
1.562599779010656675e+03	2.071720428485867294e-01	1.304145563206186298e-01	2.782336332548823732e-01	1.752552288119981483e-01	8.209239383393755751e-02	3.580336469575599867e-02	9.102878023382207640e-02
1.567437549224311852e+03	2.067380813007076434e-01	1.301177526005170282e-01	2.785121778622819955e-01	1.754501131755038523e-01	8.217506721901750300e-02	3.586014759718339495e-02	9.114666024439013747e-02
1.572275319437967255e+03	2.063066524455719752e-01	1.298226595859502119e-01	2.787891228637017216e-01	1.756437939916217217e-01	8.225727280068870217e-02	3.591668403522716574e-02	9.126381427684009118e-02
1.577113089651622431e+03	2.058777415598873894e-01	1.295292673154096463e-01	2.790644772561866049e-01	1.758362788931457643e-01	8.233901309097521604e-02	3.597297437744040316e-02	9.138024750655653061e-02
1.581950859865277607e+03	2.054513340052369352e-01	1.292375658862018051e-01	2.793382499950760600e-01	1.760275754648136237e-01	8.242029059282156289e-02	3.602901900229386195e-02	9.149596505315774064e-02
1.586788630078933011e+03	2.050274152276118089e-01	1.289475454540938426e-01	2.796104499938688037e-01	1.762176912434978981e-01	8.250110779998140464e-02	3.608481829896603710e-02	9.161097198158178745e-02
1.591626400292587959e+03	2.046059707569458097e-01	1.286591962329615979e-01	2.798810861241023407e-01	1.764066337184021782e-01	8.258146719691158988e-02	3.614037266713560070e-02	9.172527330314242389e-02
1.596464170506243590e+03	2.041869862066517660e-01	1.283725084944397354e-01	2.801501672152457711e-01	1.765944103312609426e-01	8.266137125867123459e-02	3.619568251677628828e-02	9.183887397655585150e-02
1.601301940719898766e+03	2.037704472731596550e-01	1.280874725675738568e-01	2.804177020546054222e-01	1.767810284765434781e-01	8.274082245082586828e-02	3.625074826795417898e-02	9.195177890893917183e-02
1.606139710933553943e+03	2.033563397354568314e-01	1.278040788384748883e-01	2.806836993872430797e-01	1.769664955016616026e-01	8.281982322935639573e-02	3.630557035062734889e-02	9.206399295678144301e-02
1.610977481147209119e+03	2.029446494546299773e-01	1.275223177499756055e-01	2.809481679159061551e-01	1.771508187071808016e-01	8.289837604057290199e-02	3.636014920444793908e-02	9.217552092688820198e-02
1.615815251360864750e+03	2.025353623734089947e-01	1.272421798012890459e-01	2.812111163009690662e-01	1.773340053470345845e-01	8.297648332103309265e-02	3.641448527856658290e-02	9.228636757730028506e-02
1.620653021574519926e+03	2.021284645157128135e-01	1.269636555476692796e-01	2.814725531603853859e-01	1.775160626287420051e-01	8.305414749746527214e-02	3.646857903143919249e-02	9.239653761818764077e-02
1.625490791788175102e+03	2.017239419861973082e-01	1.266867356000739020e-01	2.817324870696513717e-01	1.776969977136280965e-01	8.313137098669569347e-02	3.652243093063609058e-02	9.250603571271909242e-02
1.630328562001830505e+03	2.013217809698048810e-01	1.264114106248290237e-01	2.819909265617782657e-01	1.778768177170469700e-01	8.320815619558030729e-02	3.657604145265348078e-02	9.261486647790860560e-02
1.635166332215485909e+03	2.009219677313162922e-01	1.261376713432958430e-01	2.822478801272751414e-01	1.780555297086074407e-01	8.328450552094056325e-02	3.662941108272726315e-02	9.272303448543894877e-02
1.640004102429141085e+03	2.005244886149041561e-01	1.258655085315397160e-01	2.825033562141406329e-01	1.782331407124011224e-01	8.336042134950340243e-02	3.668254031464911885e-02	9.283054426246330204e-02
1.644841872642796488e+03	2.001293300436887135e-01	1.255949130200008923e-01	2.827573632278637672e-01	1.784096577072325773e-01	8.343590605784496905e-02	3.673542965058494009e-02	9.293740029238560518e-02
1.649679642856451665e+03	1.997364785192955461e-01	1.253258756931673601e-01	2.830099095314330127e-01	1.785850876268516296e-01	8.351096201233837446e-02	3.678807960089550827e-02	9.304360701562014446e-02
1.654517413070107068e+03	1.993459206214149571e-01	1.250583874892498282e-01	2.832610034453534875e-01	1.787594373601874842e-01	8.358559156910501386e-02	3.684049068395944815e-02	9.314916883033132200e-02
1.659355183283762244e+03	1.989576430073638491e-01	1.247924393998586096e-01	2.835106532476726615e-01	1.789327137515847876e-01	8.365979707396946352e-02	3.689266342599845788e-02	9.325409009315374642e-02
1.664192953497417420e+03	1.985716324116493514e-01	1.245280224696824617e-01	2.837588671740123303e-01	1.791049236010409662e-01	8.373358086241793063e-02	3.694459836090476651e-02	9.335837511989379667e-02
1.669030723711072824e+03	1.981878756455344170e-01	1.242651277961693834e-01	2.840056534176089165e-01	1.792760736644454234e-01	8.380694525955997842e-02	3.699629603007077716e-02	9.346202818621268671e-02
1.673868493924728000e+03	1.978063595966055854e-01	1.240037465292094521e-01	2.842510201293602101e-01	1.794461706538197365e-01	8.387989258009356797e-02	3.704775698222100705e-02	9.356505352829200262e-02
1.678706264138383403e+03	1.974270712283427709e-01	1.237438698708195617e-01	2.844949754178785484e-01	1.796152212375593527e-01	8.395242512827309767e-02	3.709898177324613688e-02	9.366745534348207280e-02
1.683544034352038352e+03	1.970499975796909109e-01	1.234854890748300765e-01	2.847375273495507120e-01	1.797832320406761997e-01	8.402454519788073173e-02	3.714997096603926685e-02	9.376923779093365718e-02
1.688381804565693983e+03	1.966751257646338347e-01	1.232285954465734967e-01	2.849786839486034840e-01	1.799502096450424637e-01	8.409625507220037932e-02	3.720072513033437916e-02	9.387040499221357970e-02
1.693219574779349159e+03	1.963024429717701858e-01	1.229731803425748726e-01	2.852184531971753145e-01	1.801161605896350604e-01	8.416755702399472683e-02	3.725124484254686147e-02	9.397096103190462346e-02
1.698057344993004335e+03	1.959319364638912320e-01	1.227192351702442868e-01	2.854568430353935371e-01	1.802810913707809659e-01	8.423845331548490689e-02	3.730153068561620211e-02	9.407090995819042401e-02
1.702895115206659511e+03	1.955635935775608958e-01	1.224667513875711961e-01	2.856938613614569134e-01	1.804450084424033263e-01	8.430894619833280423e-02	3.735158324885082953e-02	9.417025578342554104e-02
1.707732885420315142e+03	1.951974017226976998e-01	1.222157205028205351e-01	2.859295160317231188e-01	1.806079182162678709e-01	8.437903791362594275e-02	3.740140312777497783e-02	9.426900248469129162e-02
1.712570655633970318e+03	1.948333483821587941e-01	1.219661340742308198e-01	2.861638148608012799e-01	1.807698270622301318e-01	8.444873069186487058e-02	3.745099092397768253e-02	9.436715400433781653e-02
1.717408425847625494e+03	1.944714211113260927e-01	1.217179837097140810e-01	2.863967656216490631e-01	1.809307413084828842e-01	8.451802675295286282e-02	3.750034724496380256e-02	9.446471425051265747e-02
1.722246196061280898e+03	1.941116075376943806e-01	1.214712610665576314e-01	2.866283760456743157e-01	1.810906672418037822e-01	8.458692830618788627e-02	3.754947270400708220e-02	9.456168709767630298e-02
1.727083966274936301e+03	1.937538953604616143e-01	1.212259578511276220e-01	2.868586538228411476e-01	1.812496111078034655e-01	8.465543755025692341e-02	3.759836792000528782e-02	9.465807638710525829e-02
1.731921736488591478e+03	1.933982723501210810e-01	1.209820658185744996e-01	2.870876066017797879e-01	1.814075791111736669e-01	8.472355667323219763e-02	3.764703351733730136e-02	9.475388592738273608e-02
1.736759506702246881e+03	1.930447263480556674e-01	1.207395767725402691e-01	2.873152419899006049e-01	1.815645774159354298e-01	8.479128785256967449e-02	3.769547012572219830e-02	9.484911949487742633e-02
1.741597276915902057e+03	1.926932452661343498e-01	1.204984825648674485e-01	2.875415675535115678e-01	1.817206121456872436e-01	8.485863325510940858e-02	3.774367838008031717e-02	9.494378083421094183e-02
1.746435047129557461e+03	1.923438170863105146e-01	1.202587750953100082e-01	2.877665908179395382e-01	1.818756893838532063e-01	8.492559503707780566e-02	3.779165892039627883e-02	9.503787365871388393e-02
1.751272817343212637e+03	1.919964298602224173e-01	1.200204463112459069e-01	2.879903192676550039e-01	1.820298151739310477e-01	8.499217534409181374e-02	3.783941239158394865e-02	9.513140165087113909e-02
1.756110587556867813e+03	1.916510717087956117e-01	1.197834882073915419e-01	2.882127603463995880e-01	1.821829955197398765e-01	8.505837631116471009e-02	3.788693944335327912e-02	9.522436846275664224e-02
1.760948357770523216e+03	1.913077308218475991e-01	1.195478928255178097e-01	2.884339214573173327e-01	1.823352363856677594e-01	8.512420006271376183e-02	3.793424073007908154e-02	9.531677771645791220e-02
1.765786127984178393e+03	1.909663954576943379e-01	1.193136522541680955e-01	2.886538099630883147e-01	1.824865436969187182e-01	8.518964871256939908e-02	3.798131691067167803e-02	9.540863300449069218e-02
1.770623898197833569e+03	1.906270539427588617e-01	1.190807586283778585e-01	2.888724331860653693e-01	1.826369233397598379e-01	8.525472436398602583e-02	3.802816864844939942e-02	9.549993789020386203e-02
1.775461668411488745e+03	1.902896946711819248e-01	1.188492041293959800e-01	2.890897984084134231e-01	1.827863811617674306e-01	8.531942910965431559e-02	3.807479661101290103e-02	9.559069590817520501e-02
1.780299438625144376e+03	1.899543061044346726e-01	1.186189809844078735e-01	2.893059128722513806e-01	1.829349229720730607e-01	8.538376503171495047e-02	3.812120147012137278e-02	9.568091056459786248e-02
1.785137208838799552e+03	1.896208767709332277e-01	1.183900814662602330e-01	2.895207837797962869e-01	1.830825545416088496e-01	8.544773420177381729e-02	3.816738390157049798e-02	9.577058533765822612e-02
1.789974979052454728e+03	1.892893952656556911e-01	1.181624978931875292e-01	2.897344182935098766e-01	1.832292816033523064e-01	8.551133868091849444e-02	3.821334458507219534e-02	9.585972367790504545e-02
1.794812749266109904e+03	1.889598502497605581e-01	1.179362226285401438e-01	2.899468235362473445e-01	1.833751098525705225e-01	8.557458051973598767e-02	3.825908420413615812e-02	9.594832900861041680e-02
1.799650519479765535e+03	1.886322304502076053e-01	1.177112480805142941e-01	2.901580065914080020e-01	1.835200449470635875e-01	8.563746175833182595e-02	3.830460344595316285e-02	9.603640472612264001e-02
1.804488289693420711e+03	1.883065246593807196e-01	1.174875667018834280e-01	2.903679745030878778e-01	1.836640925074075337e-01	8.569998442635021196e-02	3.834990300128002239e-02	9.612395420021120629e-02
1.809326059907075887e+03	1.879827217347125601e-01	1.172651709897314792e-01	2.905767342762344829e-01	1.838072581171963094e-01	8.576215054299542173e-02	3.839498356432637094e-02	9.621098077440431995e-02
1.814163830120731291e+03	1.876608105983113006e-01	1.170440534851875797e-01	2.907842928768028523e-01	1.839495473232830858e-01	8.582396211705424494e-02	3.843984583264305199e-02	9.629748776631884277e-02
1.819001600334386467e+03	1.873407802365893993e-01	1.168242067731625755e-01	2.909906572319134188e-01	1.840909656360206759e-01	8.588542114691945228e-02	3.848449050701219926e-02	9.638347846798327179e-02
1.823839370548041643e+03	1.870226196998943657e-01	1.166056234820870008e-01	2.911958342300113856e-01	1.842315185295012869e-01	8.594652962061431756e-02	3.852891829133903850e-02	9.646895614615361159e-02
1.828677140761696819e+03	1.867063181021414719e-01	1.163882962836508272e-01	2.913998307210277638e-01	1.843712114417950798e-01	8.600728951581811110e-02	3.857312989254525065e-02	9.655392404262251593e-02
1.833514910975352450e+03	1.863918646204483776e-01	1.161722178925447269e-01	2.916026535165413547e-01	1.845100497751882007e-01	8.606770279989245376e-02	3.861712602046400017e-02	9.663838537452192068e-02
1.838352681189008081e+03	1.860792484947718095e-01	1.159573810662028748e-01	2.918043093899423401e-01	1.846480388964195918e-01	8.612777142990861445e-02	3.866090738773658719e-02	9.672234333461918188e-02
1.843190451402663257e+03	1.857684590275462677e-01	1.157437786045474870e-01	2.920048050765970959e-01	1.847851841369168857e-01	8.618749735267564049e-02	3.870447470971060538e-02	9.680580109160710767e-02
1.848028221616318433e+03	1.854594855833245348e-01	1.155314033497348014e-01	2.922041472740133927e-01	1.849214907930314677e-01	8.624688250476925111e-02	3.874782870433977899e-02	9.688876179038791170e-02
1.852865991829973609e+03	1.851523175884202121e-01	1.153202481859026823e-01	2.924023426420078731e-01	1.850569641262723164e-01	8.630592881256157756e-02	3.879097009208525709e-02	9.697122855235129624e-02
1.857703762043628785e+03	1.848469445305521708e-01	1.151103060389197102e-01	2.925993978028735287e-01	1.851916093635389282e-01	8.636463819225156935e-02	3.883389959581849682e-02	9.705320447564685926e-02
1.862541532257283961e+03	1.845433559584910288e-01	1.149015698761359783e-01	2.927953193415481215e-01	1.853254316973532712e-01	8.642301254989621928e-02	3.887661794072565929e-02	9.713469263545100596e-02
1.867379302470939592e+03	1.842415414817074604e-01	1.146940327061351794e-01	2.929901138057841026e-01	1.854584362860904334e-01	8.648105378144230193e-02	3.891912585421346965e-02	9.721569608422833686e-02
1.872217072684594768e+03	1.839414907700224477e-01	1.144876875784884701e-01	2.931837877063184772e-01	1.855906282542083563e-01	8.653876377275891707e-02	3.896142406581658280e-02	9.729621785198803996e-02
1.877054842898249490e+03	1.836431935532595039e-01	1.142825275835096382e-01	2.933763475170438340e-01	1.857220126924764014e-01	8.659614439967047717e-02	3.900351330710643410e-02	9.737626094653496767e-02
1.881892613111905121e+03	1.833466396208987270e-01	1.140785458520119228e-01	2.935677996751799301e-01	1.858525946582028354e-01	8.665319752799047204e-02	3.904539431160148483e-02	9.745582835371587038e-02
1.886730383325560297e+03	1.830518188217327979e-01	1.138757355550662903e-01	2.937581505814457206e-01	1.859823791754609823e-01	8.670992501355567761e-02	3.908706781467895935e-02	9.753492303766085614e-02
1.891568153539215928e+03	1.827587210635248371e-01	1.136740899037611136e-01	2.939474066002319419e-01	1.861113712353145155e-01	8.676632870226083649e-02	3.912853455348792864e-02	9.761354794102006238e-02
1.896405923752871104e+03	1.824673363126683434e-01	1.134736021489634594e-01	2.941355740597743629e-01	1.862395757960413345e-01	8.682241043009396309e-02	3.916979526686385771e-02	9.769170598519590076e-02
1.901243693966526507e+03	1.821776545938486591e-01	1.132742655810817511e-01	2.943226592523270346e-01	1.863669977833564417e-01	8.687817202317210663e-02	3.921085069524445771e-02	9.776940007057079163e-02
1.906081464180181683e+03	1.818896659897065726e-01	1.130760735298299430e-01	2.945086684343363181e-01	1.864936420906333492e-01	8.693361529777747509e-02	3.925170158058699510e-02	9.784663307673059640e-02
1.910919234393836859e+03	1.816033606405037804e-01	1.128790193639930689e-01	2.946936078266149672e-01	1.866195135791245685e-01	8.698874206039411416e-02	3.929234866628684292e-02	9.792340786268392827e-02
