9.530407320900908417e+02	2.882403922627127524e-01	1.857546300490182378e-01	2.294645611852750011e-01	1.377251687357131660e-01	6.507667681376928803e-02	2.657873670193008908e-02	6.715983425117999506e-02
9.578785023037459041e+02	2.873362557021441055e-01	1.851367622395917734e-01	2.297276645754194047e-01	1.381530381878455227e-01	6.550078882944398995e-02	2.666646465041426148e-02	6.747902581473952388e-02
9.627162725174014213e+02	2.864371869497413514e-01	1.845224975470942386e-01	2.300257080862329884e-01	1.385784472224042552e-01	6.588913457387327033e-02	2.675415096576133633e-02	6.779287465449117256e-02
9.675540427310568248e+02	2.855431769146232757e-01	1.839118140994192296e-01	2.303537515806673985e-01	1.390013930485817228e-01	6.624636402462490137e-02	2.684177151674587217e-02	6.810172881493617436e-02
9.723918129447120009e+02	2.846542140594370274e-01	1.833046902232625119e-01	2.307075078788148881e-01	1.394218746578867463e-01	6.657651133924274989e-02	2.692930517194064635e-02	6.840589666901389365e-02
9.772295831583674044e+02	2.837702847393420713e-01	1.827011044342946589e-01	2.310832564412083345e-01	1.398398926063808834e-01	6.688307637227372537e-02	2.701673340594031025e-02	6.870565200015847640e-02
9.820673533720223531e+02	2.828913734962298920e-01	1.821010354285279575e-01	2.314777684704504568e-01	1.402554488246811892e-01	6.716909540513772703e-02	2.710403995771522995e-02	6.900123841685605608e-02
9.869051235856777566e+02	2.820174633140969944e-01	1.815044620747204851e-01	2.318882419204286727e-01	1.406685464520924800e-01	6.743720251619136907e-02	2.719121053419505663e-02	6.929287318787345773e-02
9.917428937993331601e+02	2.811485358407051494e-01	1.809113634076807975e-01	2.323122451022651136e-01	1.410791896917116817e-01	6.768968282947367132e-02	2.727823255309464248e-02	6.958075057466747704e-02
9.965806640129884499e+02	2.802845715799842652e-01	1.803217186223546042e-01	2.327476677495954882e-01	1.414873836837634846e-01	6.792851871674866759e-02	2.736509491978735692e-02	6.986504472736465576e-02
1.001418434226643626e+03	2.794255500590436814e-01	1.797355070685909828e-01	2.331926785562652149e-01	1.418931343947886503e-01	6.815542988526997192e-02	2.745178783371825595e-02	7.014591220192183119e-02
1.006256204440298802e+03	2.785714499731464788e-01	1.791527082464985099e-01	2.336456883301137322e-01	1.422964485206189289e-01	6.837190816031640805e-02	2.753830262044612912e-02	7.042349414845841538e-02
1.011093974653954206e+03	2.777222493115582003e-01	1.785733018023143992e-01	2.341053180198207351e-01	1.426973334013462158e-01	6.857924766449648157e-02	2.762463158592101328e-02	7.069791821414159183e-02
1.015931744867609382e+03	2.768779254667947942e-01	1.779972675247189773e-01	2.345703709701015272e-01	1.430957969467285262e-01	6.877857100293303938e-02	2.771076789005284466e-02	7.096930019826888647e-02
1.020769515081264785e+03	2.760384553294627508e-01	1.774245853415378493e-01	2.350398088458414414e-01	1.434918475706812857e-01	6.897085198284293173e-02	2.779670543701665344e-02	7.123774549221570385e-02
1.025607285294920075e+03	2.752038153705925749e-01	1.768552353167803792e-01	2.355127307397764935e-01	1.438854941336798476e-01	6.915693532609501482e-02	2.788243878007772361e-02	7.150335033259661022e-02
1.030445055508575479e+03	2.743739817131165548e-01	1.762891976479714351e-01	2.359883550425508347e-01	1.442767458920539703e-01	6.933755377265053699e-02	2.796796303901359290e-02	7.176620289224173999e-02
1.035282825722230655e+03	2.735489301939230677e-01	1.757264526637377922e-01	2.364660037097068845e-01	1.446656124532884891e-01	6.951334292014024752e-02	2.805327382846428685e-02	7.202638423033794202e-02
1.040120595935886058e+03	2.727286364177298195e-01	1.751669808216161639e-01	2.369450886085167074e-01	1.450521037365613553e-01	6.968485409914895734e-02	2.813836719576297968e-02	7.228396912026277543e-02
1.044958366149541234e+03	2.719130758038552087e-01	1.746107627060544953e-01	2.374250996695165539e-01	1.454362299378506307e-01	6.985256554413954433e-02	2.822323956699107281e-02	7.253902677119121456e-02
1.049796136363196410e+03	2.711022236268232355e-01	1.740577790265813996e-01	2.379055946040117553e-01	1.458180014990300422e-01	7.001689208555414434e-02	2.830788770016773662e-02	7.279162145743039991e-02
1.054633906576851814e+03	2.702960550516146920e-01	1.735080106161221436e-01	2.383861899804033402e-01	1.461974290804481935e-01	7.017819355878758547e-02	2.839230864462849099e-02	7.304181306759428838e-02
1.059471676790506763e+03	2.694945451642692946e-01	1.729614384294424489e-01	2.388665534795973155e-01	1.465745235365531751e-01	7.033678209983379448e-02	2.847649970577232487e-02	7.328965758413048814e-02
1.064309447004162394e+03	2.686976689984502675e-01	1.724180435417038693e-01	2.393463971735365625e-01	1.469492958941815419e-01	7.049292847493746073e-02	2.856045841446569825e-02	7.353520750232350744e-02
1.069147217217817570e+03	2.679054015585032866e-01	1.718778071471167845e-01	2.398254716915308449e-01	1.473217573331794261e-01	7.064686757208858692e-02	2.864418250048582359e-02	7.377851219669408211e-02
1.073984987431472746e+03	2.671177178394695817e-01	1.713407105576783274e-01	2.403035611569641350e-01	1.476919191690684585e-01	7.079880316528162909e-02	2.872766986946756473e-02	7.401961824166915227e-02
1.078822757645127922e+03	2.663345928444530997e-01	1.708067352019850826e-01	2.407804787924931467e-01	1.480597928375047556e-01	7.094891204778380756e-02	2.881091858288908555e-02	7.425856969248989525e-02
1.083660527858783553e+03	2.655560015996900614e-01	1.702758626241109019e-01	2.412560631053315974e-01	1.484253898803132299e-01	7.109734761792159408e-02	2.889392684069302941e-02	7.449540833153846242e-02
1.088498298072438729e+03	2.647819191676207273e-01	1.697480744825422272e-01	2.417301745759101728e-01	1.487887219329071253e-01	7.124424298984442794e-02	2.897669296619342569e-02	7.473017388458071120e-02
1.093336068286093905e+03	2.640123206582263293e-01	1.692233525491635970e-01	2.422026927833506593e-01	1.491498007129271608e-01	7.138971369213653606e-02	2.905921539296480935e-02	7.496290421082972555e-02
1.098173838499749309e+03	2.632471812388565424e-01	1.687016787082874780e-01	2.426735139099990557e-01	1.495086380099561463e-01	7.153386000882847040e-02	2.914149265345028494e-02	7.519363547022078764e-02
1.103011608713404712e+03	2.624864761427465054e-01	1.681830349557231485e-01	2.431425485749027782e-01	1.498652456761836449e-01	7.167676901014111146e-02	2.922352336906012746e-02	7.542240227084147375e-02
1.107849378927059888e+03	2.617301806763928096e-01	1.676674033978801659e-01	2.436097199527467727e-01	1.502196356179106573e-01	7.181851631403179947e-02	2.930530624156284930e-02	7.564923779907381518e-02
1.112687149140715292e+03	2.609782702259380027e-01	1.671547662509021148e-01	2.440749621405161884e-01	1.505718197877992104e-01	7.195916761417753271e-02	2.938684004559678417e-02	7.587417393466905358e-02
1.117524919354370468e+03	2.602307202626923943e-01	1.666451058398276119e-01	2.445382187391445805e-01	1.509218101777831389e-01	7.209878000531434739e-02	2.946812362215321668e-02	7.609724135268354506e-02
1.122362689568025871e+03	2.594875063479050170e-01	1.661384045977754298e-01	2.449994416217373683e-01	1.512696188125670638e-01	7.223740313276072467e-02	2.954915587290165430e-02	7.631846961395154227e-02
1.127200459781681047e+03	2.587486041368808332e-01	1.656346450651510760e-01	2.454585898637188512e-01	1.516152577436500892e-01	7.237508018940251586e-02	2.962993575524515769e-02	7.653788724555035672e-02
1.132038229995336451e+03	2.580139893825290631e-01	1.651338098888724126e-01	2.459156288135113388e-01	1.519587390438180419e-01	7.251184878033647974e-02	2.971046227800841141e-02	7.675552181252318085e-02
1.136876000208991627e+03	2.572836379384160210e-01	1.646358818216128450e-01	2.463705292851844086e-01	1.523000748020558737e-01	7.264774167269683058e-02	2.979073449767417545e-02	7.697139998195873245e-02
1.141713770422646803e+03	2.565575257613858517e-01	1.641408437210599702e-01	2.468232668569679267e-01	1.526392771188370134e-01	7.278278744586957894e-02	2.987075151509498844e-02	7.718554758038358166e-02
1.146551540636302207e+03	2.558356289138044026e-01	1.636486785491882423e-01	2.472738212616515385e-01	1.529763581017522245e-01	7.291701105528794469e-02	2.995051247261661109e-02	7.739798964529798209e-02
1.151389310849957155e+03	2.551179235654751909e-01	1.631593693715444326e-01	2.477221758567428322e-01	1.533113298614451059e-01	7.305043432125524205e-02	3.003001655155827093e-02	7.760875047157790585e-02
1.156227081063612786e+03	2.544043859952683229e-01	1.626728993565448311e-01	2.481683171638597307e-01	1.536442045078247609e-01	7.318307635272744416e-02	3.010926297000192722e-02	7.781785365337191840e-02
1.161064851277267962e+03	2.536949925924994464e-01	1.621892517747830220e-01	2.486122344682242524e-01	1.539749941465307082e-01	7.331495391467250655e-02	3.018825098084924885e-02	7.802532212203977524e-02
1.165902621490923138e+03	2.529897198580897122e-01	1.617084099983475409e-01	2.490539194703322579e-01	1.543037108756267484e-01	7.344608174648331600e-02	3.026697987011042409e-02	7.823117818060899842e-02
1.170740391704578315e+03	2.522885444055347204e-01	1.612303575001485800e-01	2.494933659829223771e-01	1.546303667825042472e-01	7.357647283793145032e-02	3.034544895539373344e-02	7.843544353516386514e-02
1.175578161918233945e+03	2.515914429617061576e-01	1.607550778532531588e-01	2.499305696672752264e-01	1.549549739409773197e-01	7.370613866829014982e-02	3.042365758456893818e-02	7.863813932352797798e-02
1.180415932131889122e+03	2.508983923675069394e-01	1.602825547302281772e-01	2.503655278036640008e-01	1.552775444085537360e-01	7.383508941350988564e-02	3.050160513458113204e-02	7.883928614155509551e-02
1.185253702345544298e+03	2.502093695783977334e-01	1.598127719024905469e-01	2.507982390914615389e-01	1.555980902238681129e-01	7.396333412568349697e-02	3.057929101039484621e-02	7.903890406730268436e-02
1.190091472559199701e+03	2.495243516648112947e-01	1.593457132396647047e-01	2.512287034750029791e-01	1.559166234042648203e-01	7.409088088847691489e-02	3.065671464405084548e-02	7.923701268332741798e-02
1.194929242772855105e+03	2.488433158124675748e-01	1.588813627089463443e-01	2.516569219918188272e-01	1.562331559435193307e-01	7.421773695171474117e-02	3.073387549382044712e-02	7.943363109731173266e-02
1.199767012986510281e+03	2.481662393226018448e-01	1.584197043744724476e-01	2.520828966403002580e-01	1.565476998096886896e-01	7.434390884788780185e-02	3.081077304344422355e-02	7.962877796120378104e-02
1.204604783200165684e+03	2.474930996121164906e-01	1.579607223966970897e-01	2.525066302642464677e-01	1.568602669430816943e-01	7.446940249298336645e-02	3.088740680144367451e-02	7.982247148903026668e-02
1.209442553413820860e+03	2.468238742136651953e-01	1.575044010317731835e-01	2.529281264520811257e-01	1.571708692543409280e-01	7.459422327372056127e-02	3.096377630049603619e-02	8.001472947352201992e-02
1.214280323627476264e+03	2.461585407756778088e-01	1.570507246309393590e-01	2.533473894488164069e-01	1.574795186226296828e-01	7.471837612299814246e-02	3.103988109686364738e-02	8.020556930167398180e-02
1.219118093841131440e+03	2.454970770623325360e-01	1.565996776399122270e-01	2.537644240790975503e-01	1.577862268939169421e-01	7.484186558512201382e-02	3.111572076987054181e-02	8.039500796934717641e-02
1.223955864054786844e+03	2.448394609534815247e-01	1.561512445982836950e-01	2.541792356798803221e-01	1.580910058793549289e-01	7.496469587217245711e-02	3.119129492141985843e-02	8.058306209500622208e-02
1.228793634268442020e+03	2.441856704445354298e-01	1.557054101389229173e-01	2.545918300414847235e-01	1.583938673537433339e-01	7.508687091269088121e-02	3.126660317554651874e-02	8.076974793267517605e-02
1.233631404482097196e+03	2.435356836463113683e-01	1.552621589873833530e-01	2.550022133559345372e-01	1.586948230540759786e-01	7.520839439370934076e-02	3.134164517800041433e-02	8.095508138418402999e-02
1.238469174695752372e+03	2.428894787848481784e-01	1.548214759613141811e-01	2.554103921716350811e-01	1.589938846781647763e-01	7.532926979701082271e-02	3.141642059585601082e-02	8.113907801076999937e-02
1.243306944909407548e+03	2.422470342011928957e-01	1.543833459698762123e-01	2.558163733535678275e-01	1.592910638833374692e-01	7.544950043039015675e-02	3.149092911714474613e-02	8.132175304408972849e-02
1.248144715123063179e+03	2.416083283511612778e-01	1.539477540131624078e-01	2.562201640482870135e-01	1.595863722852049749e-01	7.556908945458379323e-02	3.156517045050717674e-02	8.150312139669239897e-02
1.252982485336718355e+03	2.409733398050752651e-01	1.535146851816224234e-01	2.566217716530987958e-01	1.598798214564950415e-01	7.568803990644761004e-02	3.163914432486223532e-02	8.168319767199765102e-02
1.257820255550373531e+03	2.403420472474798453e-01	1.530841246554916768e-01	2.570212037888843781e-01	1.601714229259489641e-01	7.580635471888549914e-02	3.171285048909125437e-02	8.186199617381745286e-02
1.262658025764028707e+03	2.397144294768412953e-01	1.526560577042242461e-01	2.574184682760994880e-01	1.604611881772783077e-01	7.592403673796442598e-02	3.178628871173484055e-02	8.203953091545654330e-02
1.267495795977684338e+03	2.390904654052286860e-01	1.522304696859300144e-01	2.578135731135441366e-01	1.607491286481789183e-01	7.604108873759415910e-02	3.185945878070089304e-02	8.221581562842235347e-02
1.272333566191339514e+03	2.384701340579804540e-01	1.518073460468158942e-01	2.582065264595492793e-01	1.610352557293997511e-01	7.615751343209935242e-02	3.193236050298226686e-02	8.239086377077212142e-02
1.277171336404994690e+03	2.378534145733575689e-01	1.513866723206308273e-01	2.585973366152744535e-01	1.613195807638636570e-01	7.627331348696822499e-02	3.200499370438284613e-02	8.256468853512147210e-02
1.282009106618650094e+03	2.372402862021842085e-01	1.509684341281148645e-01	2.589860120098493312e-01	1.616021150458383238e-01	7.638849152802436315e-02	3.207735822925099345e-02	8.273730285633693060e-02
1.286846876832305497e+03	2.366307283074775003e-01	1.505526171764519361e-01	2.593725611871277037e-01	1.618828698201549565e-01	7.650305014923555746e-02	3.214945394021937602e-02	8.290871941893197816e-02
1.291684647045960673e+03	2.360247203640671587e-01	1.501392072587265369e-01	2.597569927938528367e-01	1.621618562814728659e-01	7.661699191934449871e-02	3.222128071795043319e-02	8.307895066418469199e-02
1.296522417259616077e+03	2.354222419582061854e-01	1.497281902533840470e-01	2.601393155690587822e-01	1.624390855735876882e-01	7.673031938748245406e-02	3.229283846088678439e-02	8.324800879699305323e-02
1.301360187473271253e+03	2.348232727871730763e-01	1.493195521236949097e-01	2.605195383345557114e-01	1.627145687887819325e-01	7.684303508790475690e-02	3.236412708500600866e-02	8.341590579248261972e-02
1.306197957686926657e+03	2.342277926588663961e-01	1.489132789172223914e-01	2.608976699863663207e-01	1.629883169672157739e-01	7.695514154396893014e-02	3.243514652357928907e-02	8.358265340237992780e-02
1.311035727900581833e+03	2.336357814913927744e-01	1.485093567652941426e-01	2.612737194869982349e-01	1.632603410963565649e-01	7.706664127145998466e-02	3.250589672693356136e-02	8.374826316116373848e-02
1.315873498114237009e+03	2.330472193126484071e-01	1.481077718824770351e-01	2.616476958584527113e-01	1.635306521104455124e-01	7.717753678135344519e-02	3.257637766221670172e-02	8.391274639200520247e-02
1.320711268327892412e+03	2.324620862598948123e-01	1.477085105660557729e-01	2.620196081758807694e-01	1.637992608900002145e-01	7.728783058209456880e-02	3.264658931316557350e-02	8.407611421250735240e-02
1.325549038541547588e+03	2.318803625793292855e-01	1.473115591955152792e-01	2.623894655618120297e-01	1.640661782613511976e-01	7.739752518146168769e-02	3.271653167987660649e-02	8.423837754025295665e-02
1.330386808755202765e+03	2.313020286256508018e-01	1.469169042320260521e-01	2.627572771808892038e-01	1.643314149962118165e-01	7.750662308807257372e-02	3.278620477857873555e-02	8.439954709816985257e-02
1.335224578968857941e+03	2.307270648616210895e-01	1.465245322179333787e-01	2.631230522350505585e-01	1.645949818112792951e-01	7.761512681258485313e-02	3.285560864140847637e-02	8.455963341972132230e-02
1.340062349182513572e+03	2.301554518576221509e-01	1.461344297762499911e-01	2.634867999591092858e-01	1.648568893678668823e-01	7.772303886863415889e-02	3.292474331618706201e-02	8.471864685392939409e-02
1.344900119396168748e+03	2.295871702912097023e-01	1.457465836101519419e-01	2.638485296166868110e-01	1.651171482715645678e-01	7.783036177354878127e-02	3.299360886619943922e-02	8.487659757023767459e-02
1.349737889609823924e+03	2.290222009466634234e-01	1.453609805024779211e-01	2.642082504964604617e-01	1.653757690719283580e-01	7.793709804887323511e-02	3.306220536997508258e-02	8.503349556322042924e-02
1.354575659823479100e+03	2.284605247145340967e-01	1.449776073152320988e-01	2.645659719086923545e-01	1.656327622621965312e-01	7.804325022072958196e-02	3.313053292107052961e-02	8.518935065714379473e-02
1.359413430037134731e+03	2.279021225911878612e-01	1.445964509890901029e-01	2.649217031820096380e-01	1.658881382790317327e-01	7.814882082004104280e-02	3.319859162785355339e-02	8.534417251038502183e-02
1.364251200250789907e+03	2.273469756783481344e-01	1.442174985429083567e-01	2.652754536604111091e-01	1.661419075022882164e-01	7.825381238263923178e-02	3.326638161328895199e-02	8.549797061971493861e-02
1.369088970464445310e+03	2.267950651826347863e-01	1.438407370732368296e-01	2.656272327004762790e-01	1.663940802548030118e-01	7.835822744927328776e-02	3.333390301472591993e-02	8.565075432444883841e-02
1.373926740678100487e+03	2.262463724151015654e-01	1.434661537538348408e-01	2.659770496687580699e-01	1.666446668022102395e-01	7.846206856553689102e-02	3.340115598368686989e-02	8.580253281047044156e-02
1.378764510891755890e+03	2.257008787907713865e-01	1.430937358351901389e-01	2.663249139393415454e-01	1.668936773527776307e-01	7.856533828172672373e-02	3.346814068565788503e-02	8.595331511413362158e-02
1.383602281105411066e+03	2.251585658281699820e-01	1.427234706440413947e-01	2.666708348915524662e-01	1.671411220572643075e-01	7.866803915264415636e-02	3.353485729988055913e-02	8.610311012604607295e-02
1.388440051319066470e+03	2.246194151488579704e-01	1.423553455829035530e-01	2.670148219078034013e-01	1.673870110087992136e-01	7.877017373735037409e-02	3.360130601914538412e-02	8.625192659473907009e-02
1.393277821532721646e+03	2.240834084769613710e-01	1.419893481295965709e-01	2.673568843715646293e-01	1.676313542427791126e-01	7.887174459888349198e-02	3.366748704958659466e-02	8.639977313022721706e-02
1.398115591746377049e+03	2.235505276387012574e-01	1.416254658367772090e-01	2.676970316654491699e-01	1.678741617367856265e-01	7.897275430394529172e-02	3.373340061047848393e-02	8.654665820746192118e-02
1.402953361960032225e+03	2.230207545619219411e-01	1.412636863314740143e-01	2.680352731694033430e-01	1.681154434105202877e-01	7.907320542256390805e-02	3.379904693403323196e-02	8.669259016968215714e-02
1.407791132173687402e+03	2.224940712756184602e-01	1.409039973146251623e-01	2.683716182589940269e-01	1.683552091257574101e-01	7.917310052773784967e-02	3.386442626520017041e-02	8.683757723166581066e-02
1.412628902387342805e+03	2.219704599094630137e-01	1.405463865606197127e-01	2.687060763037847910e-01	1.685934686863133081e-01	7.927244219506641987e-02	3.392953886146659465e-02	8.698162748288504331e-02
1.417466672600997981e+03	2.214499026933309522e-01	1.401908419168415854e-01	2.690386566657956280e-01	1.688302318380319744e-01	7.937123300237002022e-02	3.399438499266001223e-02	8.712474889056871785e-02
1.422304442814653157e+03	2.209323819568260461e-01	1.398373513032166726e-01	2.693693686980391799e-01	1.690655082687860800e-01	7.946947552930405667e-02	3.405896494075198039e-02	8.726694930267483996e-02
1.427142213028308333e+03	2.204178801288053657e-01	1.394859027117630879e-01	2.696982217431289075e-01	1.692993076084927384e-01	7.956717235696941781e-02	3.412327899966335204e-02	8.740823645077598625e-02
1.431979983241963964e+03	2.199063797369036899e-01	1.391364842061441898e-01	2.700252251319539831e-01	1.695316394291437323e-01	7.966432606752160694e-02	3.418732747507117337e-02	8.754861795286045245e-02
1.436817753455619140e+03	2.193978634070578859e-01	1.387890839212246319e-01	2.703503881824174115e-01	1.697625132448490892e-01	7.976093924378095668e-02	3.425111068421701765e-02	8.768810131605177249e-02
1.441655523669274316e+03	2.188923138630309295e-01	1.384436900626293265e-01	2.706737201982328256e-01	1.699919385118940918e-01	7.985701446884541088e-02	3.431462895571694288e-02	8.782669393924923129e-02
1.446493293882929493e+03	2.183897139259359521e-01	1.381002909063054063e-01	2.709952304677765711e-01	1.702199246288085555e-01	7.995255432570745613e-02	3.437788262937294809e-02	8.796440311569186932e-02
1.451331064096585123e+03	2.178900465137603160e-01	1.377588747980870998e-01	2.713149282629924164e-01	1.704464809364484301e-01	8.004756139687624339e-02	3.444087205598604651e-02	8.810123603544821325e-02
1.456168834310240300e+03	2.173932946408898559e-01	1.374194301532631057e-01	2.716328228383459997e-01	1.706716167180885035e-01	8.014203826400609354e-02	3.450359759717089997e-02	8.823719978783431395e-02
1.461006604523895703e+03	2.168994414176332874e-01	1.370819454561474637e-01	2.719489234298254621e-01	1.708953411995266236e-01	8.023598750753191400e-02	3.456605962517205616e-02	8.837230136376204859e-02
1.465844374737550879e+03	2.164084700497467817e-01	1.367464092596525349e-01	2.722632392539870994e-01	1.711176635491981346e-01	8.032941170631253958e-02	3.462825852268176102e-02	8.850654765801999058e-02
1.470682144951206283e+03	2.159203638379591783e-01	1.364128101848654517e-01	2.725757795070433698e-01	1.713385928783006384e-01	8.042231343728198367e-02	3.469019468265940875e-02	8.863994547148890124e-02
1.475519915164861459e+03	2.154351061774973375e-01	1.360811369206268717e-01	2.728865533639904806e-01	1.715581382409282762e-01	8.051469527510954349e-02	3.475186850815260853e-02	8.877250151329384165e-02
1.480357685378516862e+03	2.149526805576121025e-01	1.357513782231127564e-01	2.731955699777753321e-01	1.717763086342153633e-01	8.060655979186868991e-02	3.481328041211982638e-02	8.890422240289487521e-02
1.485195455592172038e+03	2.144730705611048449e-01	1.354235229154187869e-01	2.735028384784985445e-01	1.719931129984887952e-01	8.069790955671506116e-02	3.487443081725473404e-02	8.903511467211815134e-02
1.490033225805827215e+03	2.139962598638547042e-01	1.350975598871475281e-01	2.738083679726526221e-01	1.722085602174288910e-01	8.078874713557372689e-02	3.493532015581212596e-02	8.916518476712928520e-02
1.494870996019482618e+03	2.135222322343463541e-01	1.347734780939983668e-01	2.741121675423936477e-01	1.724226591182384249e-01	8.087907509083573643e-02	3.499594886943553640e-02	8.929443905035078233e-02
1.499708766233137567e+03	2.130509715331985743e-01	1.344512665573601162e-01	2.744142462448453390e-01	1.726354184718191243e-01	8.096889598106404851e-02	3.505631740898644544e-02	8.942288380232521483e-02
1.504546536446793198e+03	2.125824617126936544e-01	1.341309143639060619e-01	2.747146131114338030e-01	1.728468469929556883e-01	8.105821236070877289e-02	3.511642623437521288e-02	8.955052522352566213e-02
1.509384306660448374e+03	2.121166868163077424e-01	1.338124106651921441e-01	2.750132771472518778e-01	1.730569533405066640e-01	8.114702677983171020e-02	3.517627581439356638e-02	8.967736943611523404e-02
1.514222076874103550e+03	2.116536309782418579e-01	1.334957446772572220e-01	2.753102473304518960e-01	1.732657461176020652e-01	8.123534178384002324e-02	3.523586662654885904e-02	8.980342248565702234e-02
1.519059847087758726e+03	2.111932784229540727e-01	1.331809056802264746e-01	2.756055326116659820e-01	1.734732338718472933e-01	8.132315991322908166e-02	3.529519915689989518e-02	8.992869034277613249e-02
1.523897617301414357e+03	2.107356134646927170e-01	1.328678830179168824e-01	2.758991419134524947e-01	1.736794250955330798e-01	8.141048370333416051e-02	3.535427389989446306e-02	9.005317890477511356e-02
1.528735387515069533e+03	2.102806205070303358e-01	1.325566660974457633e-01	2.761910841297677277e-01	1.738843282258511480e-01	8.149731568409106230e-02	3.541309135820853299e-02	9.017689399720431320e-02
1.533573157728724709e+03	2.098282840423991713e-01	1.322472443888415006e-01	2.764813681254621458e-01	1.740879516451153131e-01	8.158365837980523227e-02	3.547165204258708598e-02	9.029984137538839273e-02
1.538410927942380113e+03	2.093785886516274786e-01	1.319396074246569628e-01	2.767700027358000470e-01	1.742903036809877459e-01	8.166951430892953334e-02	3.552995647168664950e-02	9.042202672591043155e-02
1.543248698156035516e+03	2.089315190034770064e-01	1.316337447995855059e-01	2.770569967660018729e-01	1.744913926067101217e-01	8.175488598385018124e-02	3.558800517191943596e-02	9.054345566805480083e-02
1.548086468369690692e+03	2.084870598541819497e-01	1.313296461700793338e-01	2.773423589908082243e-01	1.746912266413393477e-01	8.183977591068085367e-02	3.564579867729918833e-02	9.066413375521009677e-02
1.552924238583346096e+03	2.080451960469887895e-01	1.310273012539704685e-01	2.776260981540652484e-01	1.748898139499877047e-01	8.192418658906468198e-02	3.570333752928867704e-02	9.078406647623338266e-02
1.557762008797001272e+03	2.076059125116978266e-01	1.307266998300941618e-01	2.779082229683300653e-01	1.750871626440672624e-01	8.200812051198402841e-02	3.576062227664882770e-02	9.090325925677675278e-02
1.562599779010656675e+03	2.071691942642056861e-01	1.304278317379146679e-01	2.781887421144959571e-01	1.752832807815378757e-01	8.209158016557771553e-02	3.581765347528952786e-02	9.102171746057750867e-02
1.567437549224311852e+03	2.067350264060493770e-01	1.301306868771535674e-01	2.784676642414362080e-01	1.754781763671591499e-01	8.217456802896572210e-02	3.587443168812202987e-02	9.113944639071290543e-02
1.572275319437967255e+03	2.063033941239515168e-01	1.298352552074204247e-01	2.787449979656667076e-01	1.756718573527457916e-01	8.225708657408088709e-02	3.593095748491307445e-02	9.125645129082060603e-02
1.577113089651622431e+03	2.058742826893673328e-01	1.295415267478459143e-01	2.790207518710256518e-01	1.758643316374260412e-01	8.233913826550759429e-02	3.598723144214058950e-02	9.137273734628589827e-02
1.581950859865277607e+03	2.054476774580327736e-01	1.292494915767171682e-01	2.792949345083707846e-01	1.760556070679034357e-01	8.242072556032728481e-02	3.604325414285105417e-02	9.148830968539650721e-02
1.586788630078933011e+03	2.050235638695141194e-01	1.289591398311158987e-01	2.795675543952927389e-01	1.762456914387212081e-01	8.250185090797046428e-02	3.609902617651845891e-02	9.160317338046611302e-02
1.591626400292587959e+03	2.046019274467593685e-01	1.286704617065581868e-01	2.798386200158444193e-01	1.764345924925294629e-01	8.258251675007510784e-02	3.615454813890492392e-02	9.171733344892755990e-02
1.596464170506243590e+03	2.041827537956506511e-01	1.283834474566373507e-01	2.801081398202857065e-01	1.766223179203547100e-01	8.266272552035126842e-02	3.620982063192292044e-02	9.183079485439642198e-02
1.601301940719898766e+03	2.037660286045587243e-01	1.280980873926685359e-01	2.803761222248429830e-01	1.768088753618719533e-01	8.274247964445168024e-02	3.626484426349908113e-02	9.194356250770605032e-02
1.606139710933553943e+03	2.033517376438986890e-01	1.278143718833360254e-01	2.806425756114830361e-01	1.769942724056786376e-01	8.282178153984816327e-02	3.631961964743964794e-02	9.205564126791479507e-02
1.610977481147209119e+03	2.029398667656872324e-01	1.275322913543424919e-01	2.809075083277008389e-01	1.771785165895708447e-01	8.290063361571371747e-02	3.637414740329746737e-02	9.216703594328634619e-02
1.615815251360864750e+03	2.025304019031017866e-01	1.272518362880607767e-01	2.811709286863207091e-01	1.773616154008210710e-01	8.297903827281011280e-02	3.642842815624059566e-02	9.227775129224384532e-02
1.620653021574519926e+03	2.021233290700410745e-01	1.269729972231877502e-01	2.814328449653102360e-01	1.775435762764578096e-01	8.305699790338080812e-02	3.648246253692252056e-02	9.238779202429867055e-02
1.625490791788175102e+03	2.017186343606872934e-01	1.266957647544005305e-01	2.816932654076068077e-01	1.777244066035467140e-01	8.313451489104892178e-02	3.653625118135388206e-02	9.249716280095468535e-02
1.630328562001830505e+03	2.013163039490700468e-01	1.264201295320149521e-01	2.819521982209563515e-01	1.779041137194730393e-01	8.321159161072029520e-02	3.658979473077579592e-02	9.260586823658836786e-02
1.635166332215485909e+03	2.009163240886319701e-01	1.261460822616459199e-01	2.822096515777633430e-01	1.780827049122254702e-01	8.328823042849137215e-02	3.664309383153471766e-02	9.271391289930604185e-02
1.640004102429141085e+03	2.005186811117958823e-01	1.258736137038704295e-01	2.824656336149526936e-01	1.782601874206808934e-01	8.336443370156178256e-02	3.669614913495884007e-02	9.282130131177832033e-02
1.644841872642796488e+03	2.001233614295338525e-01	1.256027146738923073e-01	2.827201524338417982e-01	1.784365684348903636e-01	8.344020377815138112e-02	3.674896129723607963e-02	9.292803795205301087e-02
1.649679642856451665e+03	1.997303515309377941e-01	1.253333760412094489e-01	2.829732161000237944e-01	1.786118550963659568e-01	8.351554299742174059e-02	3.680153097929349942e-02	9.303412725434656583e-02
1.654517413070107068e+03	1.993396379827919451e-01	1.250655887292830559e-01	2.832248326432603158e-01	1.787860544983681244e-01	8.359045368940197507e-02	3.685385884667829320e-02	9.313957360981509059e-02
1.659355183283762244e+03	1.989512074291469867e-01	1.247993437152089546e-01	2.834750100573846243e-01	1.789591736861940729e-01	8.366493817491851837e-02	3.690594556944030297e-02	9.324438136730539561e-02
1.664192953497417420e+03	1.985650465908958273e-01	1.245346320293911485e-01	2.837237563002137364e-01	1.791312196574665616e-01	8.373899876552901023e-02	3.695779182201597290e-02	9.334855483408661947e-02
1.669030723711072824e+03	1.981811422653515231e-01	1.242714447552173557e-01	2.839710792934702077e-01	1.793021993624229482e-01	8.381263776345998506e-02	3.700939828311380214e-02	9.345209827656304757e-02
1.673868493924728000e+03	1.977994813258264761e-01	1.240097730287366834e-01	2.842169869227123002e-01	1.794721197042049854e-01	8.388585746154836320e-02	3.706076563560131015e-02	9.355501592096876484e-02
1.678706264138383403e+03	1.974200507212137690e-01	1.237496080383394120e-01	2.844614870372728643e-01	1.796409875391485333e-01	8.395866014318646708e-02	3.711189456639341078e-02	9.365731195404444764e-02
1.683544034352038352e+03	1.970428374755701928e-01	1.234909410244386940e-01	2.847045874502064922e-01	1.798088096770736888e-01	8.403104808227056244e-02	3.716278576634225728e-02	9.375899052369703057e-02
1.688381804565693983e+03	1.966678286877009685e-01	1.232337632791544874e-01	2.849462959382446647e-01	1.799755928815747197e-01	8.410302354315284112e-02	3.721343993012855150e-02	9.386005573964270599e-02
1.693219574779349159e+03	1.962950115307464660e-01	1.229780661459993485e-01	2.851866202417583374e-01	1.801413438703103609e-01	8.417458878059654037e-02	3.726385775615424778e-02	9.396051167403363102e-02
1.698057344993004335e+03	1.959243732517706171e-01	1.227238410195663071e-01	2.854255680647281856e-01	1.803060693152937766e-01	8.424574603973437881e-02	3.731403994643670008e-02	9.406036236206893886e-02
1.702895115206659511e+03	1.955559011713511319e-01	1.224710793452187668e-01	2.856631470747219570e-01	1.804697758431824395e-01	8.431649755602994845e-02	3.736398720650420391e-02	9.415961180259048435e-02
1.707732885420315142e+03	1.951895826831715752e-01	1.222197726187823213e-01	2.858993649028785389e-01	1.806324700355677604e-01	8.438684555524210429e-02	3.741370024529291904e-02	9.425826395866371277e-02
1.712570655633970318e+03	1.948254052536153857e-01	1.219699123862385826e-01	2.861342291438989660e-01	1.807941584292644677e-01	8.445679225339217111e-02	3.746317977504520780e-02	9.435632275814416492e-02
1.717408425847625494e+03	1.944633564213614774e-01	1.217214902434209794e-01	2.863677473560435893e-01	1.809548475165996262e-01	8.452633985673398131e-02	3.751242651120933330e-02	9.445379209422995193e-02
1.722246196061280898e+03	1.941034237969819498e-01	1.214744978357124167e-01	2.865999270611357397e-01	1.811145437457011287e-01	8.459549056172652182e-02	3.756144117234050395e-02	9.455067582600069909e-02
1.727083966274936301e+03	1.937455950625414647e-01	1.212289268577449869e-01	2.868307757445708872e-01	1.812732535207858264e-01	8.466424655500917607e-02	3.761022448000328477e-02	9.464697777894325037e-02
1.731921736488591478e+03	1.933898579711985921e-01	1.209847690531014874e-01	2.870603008553322399e-01	1.814309832024470492e-01	8.473261001337950571e-02	3.765877715867534115e-02	9.474270174546461920e-02
1.736759506702246881e+03	1.930362003468089060e-01	1.207420162140189074e-01	2.872885098060111164e-01	1.815877391079414871e-01	8.480058310377336372e-02	3.770709993565252161e-02	9.483785148539249088e-02
1.741597276915902057e+03	1.926846100835299114e-01	1.205006601810938160e-01	2.875154099728334245e-01	1.817435275114754334e-01	8.486816798324739453e-02	3.775519354095521057e-02	9.493243072646360969e-02
1.746435047129557461e+03	1.923350751454280250e-01	1.202606928429895139e-01	2.877410086956907476e-01	1.818983546444903066e-01	8.493536679896375452e-02	3.780305870723604106e-02	9.502644316480043929e-02
1.751272817343212637e+03	1.919875835660871666e-01	1.200221061361451819e-01	2.879653132781765934e-01	1.820522266959474778e-01	8.500218168817705311e-02	3.785069616968885636e-02	9.511989246537651266e-02
1.756110587556867813e+03	1.916421234482194036e-01	1.197848920444868348e-01	2.881883309876275279e-01	1.822051498126121827e-01	8.506861477822330597e-02	3.789810666595897631e-02	9.521278226247063825e-02
1.760948357770523216e+03	1.912986829632773167e-01	1.195490425991400651e-01	2.884100690551687496e-01	1.823571300993366284e-01	8.513466818651098389e-02	3.794529093605467779e-02	9.530511616011037856e-02
1.765786127984178393e+03	1.909572503510683361e-01	1.193145498781446601e-01	2.886305346757643830e-01	1.825081736193422677e-01	8.520034402051400446e-02	3.799224972226003527e-02	9.539689773250506488e-02
1.770623898197833569e+03	1.906178139193708265e-01	1.190814060061710644e-01	2.888497350082716020e-01	1.826582863945009627e-01	8.526564437776656957e-02	3.803898376904887857e-02	9.548813052446879224e-02
1.775461668411488745e+03	1.902803620435521981e-01	1.188496031542385784e-01	2.890676771754993046e-01	1.828074744056153722e-01	8.533057134585987635e-02	3.808549382300007585e-02	9.557881805183335300e-02
1.780299438625144376e+03	1.899448831661886550e-01	1.186191335394353036e-01	2.892843682642703418e-01	1.829557435926980613e-01	8.539512700244057675e-02	3.813178063271398244e-02	9.566896380185180293e-02
1.785137208838799552e+03	1.896113657966869703e-01	1.183899894246400047e-01	2.894998153254881301e-01	1.831030998552499456e-01	8.545931341521093016e-02	3.817784494873011775e-02	9.575857123359257650e-02
1.789974979052454728e+03	1.892797985109080650e-01	1.181621631182456639e-01	2.897140253742063742e-01	1.832495490525372639e-01	8.552313264193055209e-02	3.822368752344603576e-02	9.584764377832474813e-02
1.794812749266109904e+03	1.889501699507925014e-01	1.179356469738847280e-01	2.899270053897024524e-01	1.833950970038676354e-01	8.558658673041978637e-02	3.826930911103737509e-02	9.593618483989427292e-02
1.799650519479765535e+03	1.886224688239876990e-01	1.177104333901561189e-01	2.901387623155544104e-01	1.835397494888649228e-01	8.564967771856460410e-02	3.831471046737906783e-02	9.602419779509190068e-02
1.804488289693420711e+03	1.882966839034772022e-01	1.174865148103541312e-01	2.903493030597208979e-01	1.836835122477429860e-01	8.571240763432297349e-02	3.835989234996775576e-02	9.611168599401277712e-02
1.809326059907075887e+03	1.879728040272115597e-01	1.172638837221987168e-01	2.905586344946247124e-01	1.838263909815780472e-01	8.577477849573258983e-02	3.840485551784528218e-02	9.619865276040784341e-02
1.814163830120731291e+03	1.876508180977412843e-01	1.170425326575678660e-01	2.907667634572385640e-01	1.839683913525800574e-01	8.583679231091999318e-02	3.844960073152336316e-02	9.628510139202760276e-02
1.819001600334386467e+03	1.873307150818515343e-01	1.168224541922313481e-01	2.909736967491746151e-01	1.841095189843626745e-01	8.589845107811108771e-02	3.849412875290938313e-02	9.637103516095812950e-02
1.823839370548041643e+03	1.870124840101985986e-01	1.166036409455862843e-01	2.911794411367759627e-01	1.842497794622119656e-01	8.595975678564279909e-02	3.853844034523330742e-02	9.645645731394979216e-02
1.828677140761696819e+03	1.866961139769483802e-01	1.163860855803944411e-01	2.913840033512117289e-01	1.843891783333538592e-01	8.602071141197602244e-02	3.858253627297564964e-02	9.654137107273873253e-02
1.833514910975352450e+03	1.863815941394165732e-01	1.161697808025210776e-01	2.915873900885733172e-01	1.845277211072202106e-01	8.608131692570973603e-02	3.862641730179659783e-02	9.662577963436133621e-02
1.838352681189008081e+03	1.860689137177107544e-01	1.159547193606754178e-01	2.917896080099746658e-01	1.846654132557136452e-01	8.614157528559622523e-02	3.867008419846612588e-02	9.670968617146200041e-02
1.843190451402663257e+03	1.857580619943742795e-01	1.157408940461528840e-01	2.919906637416537776e-01	1.848022602134709313e-01	8.620148844055744441e-02	3.871353773079530547e-02	9.679309383259422639e-02
1.848028221616318433e+03	1.854490283140320106e-01	1.155282976925788851e-01	2.921905638750768586e-01	1.849382673781249931e-01	8.626105832970237808e-02	3.875677866756850609e-02	9.687600574251531427e-02
1.852865991829973609e+03	1.851418020830378486e-01	1.153169231756541319e-01	2.923893149670444003e-01	1.850734401105655902e-01	8.632028688234541502e-02	3.879980777847678169e-02	9.695842500247477125e-02
1.857703762043628785e+03	1.848363727691241243e-01	1.151067634129017692e-01	2.925869235397996482e-01	1.852077837351986389e-01	8.637917601802570788e-02	3.884262583405220792e-02	9.704035469049680784e-02
1.862541532257283961e+03	1.845327299010527944e-01	1.148978113634158554e-01	2.927833960811388470e-01	1.853413035402038667e-01	8.643772764652751794e-02	3.888523360560328102e-02	9.712179786165672790e-02
1.867379302470939592e+03	1.842308630682684134e-01	1.146900600276116039e-01	2.929787390445230955e-01	1.854740047777913847e-01	8.649594366790136490e-02	3.892763186515127427e-02	9.720275754835172588e-02
1.872217072684594768e+03	1.839307619205530209e-01	1.144835024469771090e-01	2.931729588491925886e-01	1.856058926644565399e-01	8.655382597248600929e-02	3.896982138536764229e-02	9.728323676056600811e-02
1.877054842898249490e+03	1.836324161676825550e-01	1.142781317038265992e-01	2.933660618802818587e-01	1.857369723812334616e-01	8.661137644093146182e-02	3.901180293951239664e-02	9.736323848613059884e-02
1.881892613111905121e+03	1.833358155790855704e-01	1.140739409210553973e-01	2.935580544889371812e-01	1.858672490739470273e-01	8.666859694422254790e-02	3.905357730137343913e-02	9.744276569097778951e-02
1.886730383325560297e+03	1.830409499835030929e-01	1.138709232618961981e-01	2.937489429924353690e-01	1.859967278534635227e-01	8.672548934370341578e-02	3.909514524520689427e-02	9.752182131939041154e-02
1.891568153539215928e+03	1.827478092686508904e-01	1.136690719296770263e-01	2.939387336743041201e-01	1.861254137959396926e-01	8.678205549110266925e-02	3.913650754567835760e-02	9.760040829424619646e-02
1.896405923752871104e+03	1.824563833808831026e-01	1.134683801675807069e-01	2.941274327844431991e-01	1.862533119430702933e-01	8.683829722855923583e-02	3.917766497780509477e-02	9.767852951725730648e-02
1.901243693966526507e+03	1.821666623248577310e-01	1.132688412584057502e-01	2.943150465392481152e-01	1.863804273023342561e-01	8.689421638864895658e-02	3.921861831689920502e-02	9.775618786920496628e-02
1.906081464180181683e+03	1.818786361632040993e-01	1.130704485243288065e-01	2.945015811217337465e-01	1.865067648472392425e-01	8.694981479441173111e-02	3.925936833851165209e-02	9.783338621016969550e-02
1.910919234393836859e+03	1.815922950161918126e-01	1.128731953266686322e-01	2.946870426816602384e-01	1.866323295175647268e-01	8.700509425937934249e-02	3.929991581837726650e-02	9.791012737975691993e-02
1.915757004607492036e+03	1.813076290614017427e-01	1.126770750656514303e-01	2.948714373356593477e-01	1.867571262196035808e-01	8.706005658760392063e-02	3.934026153236058754e-02	9.798641419731829449e-02
