9.578785023037459041e+02	2.872424316838328995e-01	1.853500485356534278e-01	2.300630117586565659e-01	1.379132465272078223e-01	6.550690674753738285e-02	2.643543776274143858e-02	6.748891698396787542e-02
9.627162725174014213e+02	2.863462268635795782e-01	1.847319340110318842e-01	2.303161491345414591e-01	1.383421955787453861e-01	6.593379149317928067e-02	2.652818233571687875e-02	6.780152058280293492e-02
9.675540427310568248e+02	2.854549519992810036e-01	1.841174992641063934e-01	2.306092280581814868e-01	1.387686463938496706e-01	6.631996522660719984e-02	2.662065524766406982e-02	6.810905380990758817e-02
9.723918129447120009e+02	2.845686112355709785e-01	1.835067142592048117e-01	2.309359663373330429e-01	1.391925976238992668e-01	6.667138369328523551e-02	2.671285560355074820e-02	6.841187124675332520e-02
9.772295831583674044e+02	2.836872040721560295e-01	1.828995503269307821e-01	2.312910144308965577e-01	1.396140497210875686e-01	6.699311721546695464e-02	2.680478251886413490e-02	6.871028171419545083e-02
9.820673533720223531e+02	2.828107260709158410e-01	1.822959799802768011e-01	2.316698169598742363e-01	1.400330046910186199e-01	6.728948228126568898e-02	2.689643512101622114e-02	6.900455489523005248e-02
9.869051235856777566e+02	2.819391694580206664e-01	1.816959767579403862e-01	2.320684947921137498e-01	1.404494658809138652e-01	6.756415358123683823e-02	2.698781255055436590e-02	6.929492697881764474e-02
9.917428937993331601e+02	2.810725236366571900e-01	1.810995150908018825e-01	2.324837446440865263e-01	1.408634377981778374e-01	6.782025939759740718e-02	2.707891396220401745e-02	6.958160547007269381e-02
9.965806640129884499e+02	2.802107756236411618e-01	1.805065701881231333e-01	2.329127535971167728e-01	1.412749259548498060e-01	6.806046281956625033e-02	2.716973852576639453e-02	6.986477329053407404e-02
1.001418434226643626e+03	2.793539104212190427e-01	1.799171179405375798e-01	2.333531263121642330e-01	1.416839367341325984e-01	6.828703089079904420e-02	2.726028542689064652e-02	7.014459227385444473e-02
1.006256204440298802e+03	2.785019113336837382e-01	1.793311348373377301e-01	2.338028230564975496e-01	1.420904772757538848e-01	6.850189348198773565e-02	2.735055386773730876e-02	7.042120614659962141e-02
1.011093974653954206e+03	2.776547602369994205e-01	1.787485978959358346e-01	2.342601069359117327e-01	1.424945553773964424e-01	6.870669341527989304e-02	2.744054306754727807e-02	7.069474307052703299e-02
1.015931744867609382e+03	2.768124378084123594e-01	1.781694846016901590e-01	2.347234989648100678e-01	1.428961794098432547e-01	6.890282914034388806e-02	2.753025226312866627e-02	7.096531781136920791e-02
1.020769515081264785e+03	2.759749237219887297e-01	1.775937728565570861e-01	2.351917398096788625e-01	1.432953582438325491e-01	6.909149106877751634e-02	2.761968070927198551e-02	7.123303358949088782e-02
1.025607285294920075e+03	2.751421968151372965e-01	1.770214409352583729e-01	2.356637572144950898e-01	1.436921011869141118e-01	6.927369250912486509e-02	2.770882767910276198e-02	7.149798365956509805e-02
1.030445055508575479e+03	2.743142352304244191e-01	1.764524674478477051e-01	2.361386382639178438e-01	1.440864179288512403e-01	6.945029600476437803e-02	2.779769246437928734e-02	7.176025265941274323e-02
1.035282825722230655e+03	2.734910165363476642e-01	1.758868313077260881e-01	2.366156057655335043e-01	1.444783184943285725e-01	6.962203575773089070e-02	2.788627437574221074e-02	7.201991776218870378e-02
1.040120595935886058e+03	2.726725178301913077e-01	1.753245117042974699e-01	2.370939981392120033e-01	1.448678132019083631e-01	6.978953672004453712e-02	2.797457274292172724e-02	7.227704966102230233e-02
1.044958366149541234e+03	2.718587158256212111e-01	1.747654880795753429e-01	2.375732522925512735e-01	1.452549126283349812e-01	6.995333084770939680e-02	2.806258691490727888e-02	7.253171341089820201e-02
1.049796136363196410e+03	2.710495869272839253e-01	1.742097401081543206e-01	2.380528890387983154e-01	1.456396275774195503e-01	7.011387093897281098e-02	2.815031626008410170e-02	7.278396914888467240e-02
1.054633906576851814e+03	2.702451072943363730e-01	1.736572476800471720e-01	2.385325006795448455e-01	1.460219690528501424e-01	7.027154241579618155e-02	2.823776016634028246e-02	7.303387271068270681e-02
1.059471676790506763e+03	2.694452528945482928e-01	1.731079908859619598e-01	2.390117404306131288e-01	1.464019482343696388e-01	7.042667335415481178e-02	2.832491804114756206e-02	7.328147615880234444e-02
1.064309447004162394e+03	2.686499995503740523e-01	1.725619500046578492e-01	2.394903134173254067e-01	1.467795764568450012e-01	7.057954302337529628e-02	2.841178931161864735e-02	7.352682823540152013e-02
1.069147217217817570e+03	2.678593229781847662e-01	1.720191054920708063e-01	2.399679690060321779e-01	1.471548651918221928e-01	7.073038915605643628e-02	2.849837342454348763e-02	7.376997475088795109e-02
1.073984987431472746e+03	2.670731988216726305e-01	1.714794379719473405e-01	2.404444942734091650e-01	1.475278260312201939e-01	7.087941413720266759e-02	2.858466984640661498e-02	7.401095891773913638e-02
1.078822757645127922e+03	2.662916026802922276e-01	1.709429282277624973e-01	2.409197084445239279e-01	1.478984706728680987e-01	7.102679027317120031e-02	2.867067806338740796e-02	7.424982163759243081e-02
1.083660527858783553e+03	2.655145101334711044e-01	1.704095571957319755e-01	2.413934581557802828e-01	1.482668109076335505e-01	7.117266427717212907e-02	2.875639758134486759e-02	7.448660174846395698e-02
1.088498298072438729e+03	2.647418967612174545e-01	1.698793059587566101e-01	2.418656134202275820e-01	1.486328586079258551e-01	7.131716108774351082e-02	2.884182792578842899e-02	7.472133623793844603e-02
1.093336068286093905e+03	2.639737381616566458e-01	1.693521557411610812e-01	2.423360641909226287e-01	1.489966257173907516e-01	7.146038711932457821e-02	2.892696864183593938e-02	7.495406042730626273e-02
1.098173838499749309e+03	2.632100099659501757e-01	1.688280879041095806e-01	2.428047174335299097e-01	1.493581242416380794e-01	7.160243302932270404e-02	2.901181929416002045e-02	7.518480813088744552e-02
1.103011608713404712e+03	2.624506878509841323e-01	1.683070839415984066e-01	2.432714946325396921e-01	1.497173662398685601e-01	7.174337607352931911e-02	2.909637946692378296e-02	7.541361179415406735e-02
1.107849378927059888e+03	2.616957475501555663e-01	1.677891254769405815e-01	2.437363296667190427e-01	1.500743638172837291e-01	7.188328211106349841e-02	2.918064876370673674e-02	7.564050261372888551e-02
1.112687149140715292e+03	2.609451648625374931e-01	1.672741942596696618e-01	2.441991669989744540e-01	1.504291291181808488e-01	7.202220731093168793e-02	2.926462680742172515e-02	7.586551064188225280e-02
1.117524919354370468e+03	2.601989156606611120e-01	1.667622721628013449e-01	2.446599601339503605e-01	1.507816743196474518e-01	7.216019960455202775e-02	2.934831324022360924e-02	7.608866487776227983e-02
1.122362689568025871e+03	2.594569758971186912e-01	1.662533411804002492e-01	2.451186703036203063e-01	1.511320116257834911e-01	7.229729992200227551e-02	2.943170772341029140e-02	7.630999334726301653e-02
1.127200459781681047e+03	2.587193216101596471e-01	1.657473834254070411e-01	2.455752653470325564e-01	1.514801532623884506e-01	7.243354324413960044e-02	2.951480993731669944e-02	7.652952317315436792e-02
1.132038229995336451e+03	2.579859289284284207e-01	1.652443811276881891e-01	2.460297187553979192e-01	1.518261114720598215e-01	7.256895949796356160e-02	2.959761958120224121e-02	7.674728063685821999e-02
1.136876000208991627e+03	2.572567740749691634e-01	1.647443166322752062e-01	2.464820088579873780e-01	1.521698985096567314e-01	7.270357431852628172e-02	2.968013637313221889e-02	7.696329123305138686e-02
1.141713770422646803e+03	2.565318333706041454e-01	1.642471723977666775e-01	2.469321181279514610e-01	1.525115266380892287e-01	7.283740969723102865e-02	2.976236004985363323e-02	7.717757971810218498e-02
1.146551540636302207e+03	2.558110832367777587e-01	1.637529309948686784e-01	2.473800325902755504e-01	1.528510081243985852e-01	7.297048453341213603e-02	2.984429036666579049e-02	7.739017015319990533e-02
1.151389310849957155e+03	2.550945001979432192e-01	1.632615751050543740e-01	2.478257413167268275e-01	1.531883552360989165e-01	7.310281510357857782e-02	2.992592709728607303e-02	7.760108594291038886e-02
1.156227081063612786e+03	2.543820608835589137e-01	1.627730875193250382e-01	2.482692359948985295e-01	1.535235802377548364e-01	7.323441546056655427e-02	3.000727003371123774e-02	7.781034986978331569e-02
1.161064851277267962e+03	2.536737420297501822e-01	1.622874511370584194e-01	2.487105105603706623e-01	1.538566953877722465e-01	7.336529777302655542e-02	3.008831898607455119e-02	7.801798412554589168e-02
1.165902621490923138e+03	2.529695204806850506e-01	1.618046489649321296e-01	2.491495608826386488e-01	1.541877129353832199e-01	7.349547261412088528e-02	3.016907378249904237e-02	7.822401033933956693e-02
1.170740391704578315e+03	2.522693731897050484e-01	1.613246641159111483e-01	2.495863844968484457e-01	1.545166451178078826e-01	7.362494920698897660e-02	3.024953426894718550e-02	7.842844960338986315e-02
1.175578161918233945e+03	2.515732772202459722e-01	1.608474798082907831e-01	2.500209803745587211e-01	1.548435041575786097e-01	7.375373563341391936e-02	3.032970030906725206e-02	7.863132249644327887e-02
1.180415932131889122e+03	2.508812097465782376e-01	1.603730793647874242e-01	2.504533487277580406e-01	1.551683022600134909e-01	7.388183901116811281e-02	3.040957178403658895e-02	7.883264910525665525e-02
1.185253702345544298e+03	2.501931480543928554e-01	1.599014462116705448e-01	2.508834908412205800e-01	1.554910516108274909e-01	7.400926564470139413e-02	3.048914859240201697e-02	7.903244904438365415e-02
1.190091472559199701e+03	2.495090695412543746e-01	1.594325638779303667e-01	2.513114089290150455e-01	1.558117643738714531e-01	7.413602115314193997e-02	3.056843064991763073e-02	7.923074147446775017e-02
1.194929242772855105e+03	2.488289517169391674e-01	1.589664159944764732e-01	2.517371060116012638e-01	1.561304526889900346e-01	7.426211057898995938e-02	3.064741788938015604e-02	7.942754511922150984e-02
1.199767012986510281e+03	2.481527722036756256e-01	1.585029862933635403e-01	2.521605858104788989e-01	1.564471286699903596e-01	7.438753848038179295e-02	3.072611026046205215e-02	7.962287828124632594e-02
1.204604783200165684e+03	2.474805087362991207e-01	1.580422586070403812e-01	2.525818526578024747e-01	1.567618044027146440e-01	7.451230900937430568e-02	3.080450772954260175e-02	7.981675885682515403e-02
1.209442553413820860e+03	2.468121391623335215e-01	1.575842168676198918e-01	2.530009114187607988e-01	1.570744919432102704e-01	7.463642597833489156e-02	3.088261027953708576e-02	8.000920434980228479e-02
1.214280323627476264e+03	2.461476414420094572e-01	1.571288451061669533e-01	2.534177674248452861e-01	1.573852033159916508e-01	7.475989291621268351e-02	3.096041790972427210e-02	8.020023188464842079e-02
1.219118093841131440e+03	2.454869936482273474e-01	1.566761274520024338e-01	2.538324264164098509e-01	1.576939505123887697e-01	7.488271311620231518e-02	3.103793063557233264e-02	8.038985821879565674e-02
1.223955864054786844e+03	2.448301739664727472e-01	1.562260481320213445e-01	2.542448944931611221e-01	1.580007454889777174e-01	7.500488967608673341e-02	3.111514848856337945e-02	8.057809975431574900e-02
1.228793634268442020e+03	2.441771606946900597e-01	1.557785914700237084e-01	2.546551780714201296e-01	1.583056001660889112e-01	7.512642553235431009e-02	3.119207151601671030e-02	8.076497254900498468e-02
1.233631404482097196e+03	2.435279322431202487e-01	1.553337418860567531e-01	2.550632838471683650e-01	1.586085264263893402e-01	7.524732348902257728e-02	3.126869978091097180e-02	8.095049232693063423e-02
1.238469174695752372e+03	2.428824671341067165e-01	1.548914838957674844e-01	2.554692187640358880e-01	1.589095361135348383e-01	7.536758624196186751e-02	3.134503336170527815e-02	8.113467448848681041e-02
1.243306944909407548e+03	2.422407440018735925e-01	1.544518021097643912e-01	2.558729899855156087e-01	1.592086410308897193e-01	7.548721639939461048e-02	3.142107235215951117e-02	8.131753412000143622e-02
1.248144715123063179e+03	2.416027415922796795e-01	1.540146812329875048e-01	2.562746048707922886e-01	1.595058529403101388e-01	7.560621649914482656e-02	3.149681686115383267e-02	8.149908600293059857e-02
1.252982485336718355e+03	2.409684387625510293e-01	1.535801060640864524e-01	2.566740709536656229e-01	1.598011835609887410e-01	7.572458902312720341e-02	3.157226701250757245e-02	8.167934462267222029e-02
1.257820255550373531e+03	2.403378144809945605e-01	1.531480614948056984e-01	2.570713959241240354e-01	1.600946445683577302e-01	7.584233640949213096e-02	3.164742294479761658e-02	8.185832417702716690e-02
1.262658025764028707e+03	2.397108478266951059e-01	1.527185325093760593e-01	2.574665876121902675e-01	1.603862475930480092e-01	7.595946106278091137e-02	3.172228481117629617e-02	8.203603858433228257e-02
1.267495795977684338e+03	2.390875179891976121e-01	1.522915041839129624e-01	2.578596539737168514e-01	1.606760042199022465e-01	7.607596536239279172e-02	3.179685277918904013e-02	8.221250149128740692e-02
1.272333566191339514e+03	2.384678042681761256e-01	1.518669616858200067e-01	2.582506030778559114e-01	1.609639259870394024e-01	7.619185166962011424e-02	3.187112703059174351e-02	8.238772628049564895e-02
1.277171336404994690e+03	2.378516860730909288e-01	1.514448902731984348e-01	2.586394430959686463e-01	1.612500243849686876e-01	7.630712233347000661e-02	3.194510776116800399e-02	8.256172607773429317e-02
1.282009106618650094e+03	2.372391429228353221e-01	1.510252752942616294e-01	2.590261822917745427e-01	1.615343108557512897e-01	7.642177969545822791e-02	3.201879518054630974e-02	8.273451375897164506e-02
1.286846876832305497e+03	2.366301544453728867e-01	1.506081021867547443e-01	2.594108290125693994e-01	1.618167967922078121e-01	7.653582609353287713e-02	3.209218951201724124e-02	8.290610195714402664e-02
1.291684647045960673e+03	2.360247003773663088e-01	1.501933564773789420e-01	2.597933916813657262e-01	1.620974935371695680e-01	7.664926386526262070e-02	3.216529099235081873e-02	8.307650306870505152e-02
1.296522417259616077e+03	2.354227605637983500e-01	1.497810237812203238e-01	2.601738787898318361e-01	1.623764123827724226e-01	7.676209535040320886e-02	3.223809987161400936e-02	8.324572925995891992e-02
1.301360187473271253e+03	2.348243149575861555e-01	1.493710898011834654e-01	2.605522988919223848e-01	1.626535645697912424e-01	7.687432289293966159e-02	3.231061641298847015e-02	8.341379247318778112e-02
1.306197957686926657e+03	2.342293436191889844e-01	1.489635403274289227e-01	2.609286605981096518e-01	1.629289612870136184e-01	7.698594884268648852e-02	3.238284089258862408e-02	8.358070443258287796e-02
1.311035727900581833e+03	2.336378267162106115e-01	1.485583612368152617e-01	2.613029725701379036e-01	1.632026136706513919e-01	7.709697555651603973e-02	3.245477359928018724e-02	8.374647664998778607e-02
1.315873498114237009e+03	2.330497445229961218e-01	1.481555384923450014e-01	2.616752435162336687e-01	1.634745328037884582e-01	7.720740539927466173e-02	3.252641483449905668e-02	8.391112043046221325e-02
1.320711268327892412e+03	2.324650774202242920e-01	1.477550581426146648e-01	2.620454821867155282e-01	1.637447297158637072e-01	7.731724074443707684e-02	3.259776491207076743e-02	8.407464687767320088e-02
1.325549038541547588e+03	2.318838058944954206e-01	1.473569063212686048e-01	2.624136973699540132e-01	1.640132153821876049e-01	7.742648397454209019e-02	3.266882415803050443e-02	8.423706689912102696e-02
1.330386808755202765e+03	2.313059105379153269e-01	1.469610692464568547e-01	2.627798978886397019e-01	1.642800007234915816e-01	7.753513748144597040e-02	3.273959291044375997e-02	8.439839121120602805e-02
1.335224578968857941e+03	2.307313720476757701e-01	1.465675332202967251e-01	2.631440925963241528e-01	1.645450966055083120e-01	7.764320366642436799e-02	3.281007151922762238e-02	8.455863034414223822e-02
1.340062349182513572e+03	2.301601712256314269e-01	1.461762846283378992e-01	2.635062903742016460e-01	1.648085138385826098e-01	7.775068494014909792e-02	3.288026034597282821e-02	8.471779464672371529e-02
1.344900119396168748e+03	2.295922889778738152e-01	1.457873099390316063e-01	2.638665001281056965e-01	1.650702631773111606e-01	7.785758372256183779e-02	3.295015976376658440e-02	8.487589429094852256e-02
1.349737889609823924e+03	2.290277063143026648e-01	1.454005957032030449e-01	2.642247307856977478e-01	1.653303553202103426e-01	7.796390244266369896e-02	3.301977015701618168e-02	8.503293927650561190e-02
1.354575659823479100e+03	2.284664043481944296e-01	1.450161285535276068e-01	2.645809912938271724e-01	1.655888009094109714e-01	7.806964353823639402e-02	3.308909192127350296e-02	8.518893943512918787e-02
1.359413430037134731e+03	2.279083642957688005e-01	1.446338952040107095e-01	2.649352906160463150e-01	1.658456105303793837e-01	7.817480945550848992e-02	3.315812546306041303e-02	8.534390443482520183e-02
1.364251200250789907e+03	2.273535674757526381e-01	1.442538824494709049e-01	2.652876377302655353e-01	1.661007947116630301e-01	7.827940264877816801e-02	3.322687119969508496e-02	8.549784378397393136e-02
1.369088970464445310e+03	2.268019953089424889e-01	1.438760771650265946e-01	2.656380416265352040e-01	1.663543639246607142e-01	7.838342558000190030e-02	3.329532955911928410e-02	8.565076683531315516e-02
1.373926740678100487e+03	2.262536293177648816e-01	1.435004663055862439e-01	2.659865113049430518e-01	1.666063285834158414e-01	7.848688071835724367e-02	3.336350097972671375e-02	8.580268278980537899e-02
1.378764510891755890e+03	2.257084511258352633e-01	1.431270369053418423e-01	2.663330557736185433e-01	1.668566990444319276e-01	7.858977053978631611e-02	3.343138591019235301e-02	8.595360070039312350e-02
1.383602281105411066e+03	2.251664424575154089e-01	1.427557760772660556e-01	2.666776840468334520e-01	1.671054856065100624e-01	7.869209752652583933e-02	3.349898480930287026e-02	8.610352947564572923e-02
1.388440051319066470e+03	2.246275851374694432e-01	1.423866710126122648e-01	2.670204051431935288e-01	1.673526985106066622e-01	7.879386416662827186e-02	3.356629814578816762e-02	8.625247788330103749e-02
1.393277821532721646e+03	2.240918610902188357e-01	1.420197089804184354e-01	2.673612280839129940e-01	1.675983479397115117e-01	7.889507295347819582e-02	3.363332639815401481e-02	8.640045455370540251e-02
1.398115591746377049e+03	2.235592523396962017e-01	1.416548773270139283e-01	2.677001618911664105e-01	1.678424440187448463e-01	7.899572638530706625e-02	3.370007005451589044e-02	8.654746798315500478e-02
1.402953361960032225e+03	2.230297410087981880e-01	1.412921634755296973e-01	2.680372155865136108e-01	1.680849968144731144e-01	7.909582696470915386e-02	3.376652961243390566e-02	8.669352653714165746e-02
1.407791132173687402e+03	2.225033093189376643e-01	1.409315549254119282e-01	2.683723981893916810e-01	1.683260163354422800e-01	7.919537719816086008e-02	3.383270557874905327e-02	8.683863845350592303e-02
1.412628902387342805e+03	2.219799395895949989e-01	1.405730392519385641e-01	2.687057187156711158e-01	1.685655125319285019e-01	7.929437959554526405e-02	3.389859846942055999e-02	8.698281184550044065e-02
1.417466672600997981e+03	2.214596142378689458e-01	1.402166041057393564e-01	2.690371861762718142e-01	1.688034952959050206e-01	7.939283666968342812e-02	3.396420880936457110e-02	8.712605470476623981e-02
1.422304442814653157e+03	2.209423157780270319e-01	1.398622372123188573e-01	2.693668095758362524e-01	1.690399744610251442e-01	7.949075093587358587e-02	3.402953713229400767e-02	8.726837490422448274e-02
1.427142213028308333e+03	2.204280268210551119e-01	1.395099263715829097e-01	2.696945979114557246e-01	1.692749598026201674e-01	7.958812491143923973e-02	3.409458398055981859e-02	8.740978020088642497e-02
1.431979983241963964e+03	2.199167300742073394e-01	1.391596594573677181e-01	2.700205601714482651e-01	1.695084610377120271e-01	7.968496111528683423e-02	3.415934990499339130e-02	8.755027823858385627e-02
1.436817753455619140e+03	2.194084083405551944e-01	1.388114244169727507e-01	2.703447053341847539e-01	1.697404878250400595e-01	7.978126206747375437e-02	3.422383546475035038e-02	8.768987655062258912e-02
1.441655523669274316e+03	2.189030445185368157e-01	1.384652092706961379e-01	2.706670423669618741e-01	1.699710497651011065e-01	7.987703028878681555e-02	3.428804122715565367e-02	8.782858256236107664e-02
1.446493293882929493e+03	2.184006216015061119e-01	1.381210021113735142e-01	2.709875802249187560e-01	1.702001564002026679e-01	7.997226830033174472e-02	3.435196776755006232e-02	8.796640359371660223e-02
1.451331064096585123e+03	2.179011226772818999e-01	1.377787911039197732e-01	2.713063278499966424e-01	1.704278172145283210e-01	8.006697862313388869e-02	3.441561566913787368e-02	8.810334686160110895e-02
1.456168834310240300e+03	2.174045309276970150e-01	1.374385644848738763e-01	2.716232941699385228e-01	1.706540416342152977e-01	8.016116377775008017e-02	3.447898552283607670e-02	8.823941948228866683e-02
1.461006604523895703e+03	2.169108296281478387e-01	1.371003105619466866e-01	2.719384880973281793e-01	1.708788390274433577e-01	8.025482628389182804e-02	3.454207792712485348e-02	8.837462847371685415e-02
1.465844374737550879e+03	2.164200021471438806e-01	1.367640177135719115e-01	2.722519185286664256e-01	1.711022187045344867e-01	8.034796866005984584e-02	3.460489348789944769e-02	8.850898075772364870e-02
1.470682144951206283e+03	2.159320319458575554e-01	1.364296743884597651e-01	2.725635943434835395e-01	1.713241899180634187e-01	8.044059342318977956e-02	3.466743281832340012e-02	8.864248316222220203e-02
1.475519915164861459e+03	2.154469025776745428e-01	1.360972691051539063e-01	2.728735244034861118e-01	1.715447618629779292e-01	8.053270308830909330e-02	3.472969653868322043e-02	8.877514242331484284e-02
1.480357685378516862e+03	2.149645976877443687e-01	1.357667904515911239e-01	2.731817175517375906e-01	1.717639436767289252e-01	8.062430016820490430e-02	3.479168527624440510e-02	8.890696518734841902e-02
1.485195455592172038e+03	2.144851010125314594e-01	1.354382270846638536e-01	2.734881826118703563e-01	1.719817444394096673e-01	8.071538717310278166e-02	3.485339966510885013e-02	8.903795801291269907e-02
1.490033225805827215e+03	2.140083963793670829e-01	1.351115677297859419e-01	2.737929283873297148e-01	1.721981731739039290e-01	8.080596661035596706e-02	3.491484034607371389e-02	8.916812737278331791e-02
1.494870996019482618e+03	2.135344677060011798e-01	1.347868011804608801e-01	2.740959636606469796e-01	1.724132388460425935e-01	8.089604098414533706e-02	3.497600796649165400e-02	8.929747965581107116e-02
1.499708766233137567e+03	2.130632990001555815e-01	1.344639162978532310e-01	2.743972971927419180e-01	1.726269503647681336e-01	8.098561279518932954e-02	3.503690318013244487e-02	8.942602116875904283e-02
1.504546536446793198e+03	2.125948743590773127e-01	1.341429020103626912e-01	2.746969377222531206e-01	1.728393165823070843e-01	8.107468454046415363e-02	3.509752664704608727e-02	8.955375813808921781e-02
1.509384306660448374e+03	2.121291779690929746e-01	1.338237473132011524e-01	2.749948939648952373e-01	1.730503462943495940e-01	8.116325871293361693e-02	3.515787903342724313e-02	8.968069671169982826e-02
1.514222076874103550e+03	2.116661941051638796e-01	1.335064412679722590e-01	2.752911746128423043e-01	1.732600482402363307e-01	8.125133780128857008e-02	3.521796101148113450e-02	8.980684296061521021e-02
1.519059847087758726e+03	2.112059071304417668e-01	1.331909730022542149e-01	2.755857883341363279e-01	1.734684311031517434e-01	8.133892428969566324e-02	3.527777325929085106e-02	8.993220288062919732e-02
1.523897617301414357e+03	2.107483014958255463e-01	1.328773317091848372e-01	2.758787437721202940e-01	1.736755035103239309e-01	8.142602065755534524e-02	3.533731646068607318e-02	9.005678239390375872e-02
1.528735387515069533e+03	2.102933617395191801e-01	1.325655066470499688e-01	2.761700495448946024e-01	1.738812740332305595e-01	8.151262937926841146e-02	3.539659130511316198e-02	9.018058735052390806e-02
1.533573157728724709e+03	2.098410724865900356e-01	1.322554871388739728e-01	2.764597142447967060e-01	1.740857511878105279e-01	8.159875292401144731e-02	3.545559848750673426e-02	9.030362353001032683e-02
1.538410927942380113e+03	2.093914184485285990e-01	1.319472625720133907e-01	2.767477464379024532e-01	1.742889434346812094e-01	8.168439375552057069e-02	3.551433870816260441e-02	9.042589664279089556e-02
1.543248698156035516e+03	2.089443844228089653e-01	1.316408223977531267e-01	2.770341546635490815e-01	1.744908591793608299e-01	8.176955433188322353e-02	3.557281267261214880e-02	9.054741233163229874e-02
1.548086468369690692e+03	2.084999552924505783e-01	1.313361561309053516e-01	2.773189474338787486e-01	1.746915067724959525e-01	8.185423710533805408e-02	3.563102109149803715e-02	9.066817617303295218e-02
1.552924238583346096e+03	2.080581160255809137e-01	1.310332533494110163e-01	2.776021332334021596e-01	1.748908945100934864e-01	8.193844452208240425e-02	3.568896468045142795e-02	9.078819367857828004e-02
1.557762008797001272e+03	2.076188516749993551e-01	1.307321036939440573e-01	2.778837205185816228e-01	1.750890306337573588e-01	8.202217902208729094e-02	3.574664415997051703e-02	9.090747029625950715e-02
1.562599779010656675e+03	2.071821473777422373e-01	1.304326968675182385e-01	2.781637177174328679e-01	1.752859233309292664e-01	8.210544303891958995e-02	3.580406025530048775e-02	9.102601141175699351e-02
1.567437549224311852e+03	2.067479883546490260e-01	1.301350226350964367e-01	2.784421332291451279e-01	1.754815807351336188e-01	8.218823899957142243e-02	3.586121369631484201e-02	9.114382234968917973e-02
1.572275319437967255e+03	2.063163599099297196e-01	1.298390708232028679e-01	2.787189754237187067e-01	1.756760109262259506e-01	8.227056932429623048e-02	3.591810521739817463e-02	9.126090837482808693e-02
1.577113089651622431e+03	2.058872474307334166e-01	1.295448313195373680e-01	2.789942526416195334e-01	1.758692219306451643e-01	8.235243642645154183e-02	3.597473555733021744e-02	9.137727469328246754e-02
1.581950859865277607e+03	2.054606363867184371e-01	1.292522940725927827e-01	2.792679731934504805e-01	1.760612217216691311e-01	8.243384271234824312e-02	3.603110545917136143e-02	9.149292645364932863e-02
1.586788630078933011e+03	2.050365123296232495e-01	1.289614490912744105e-01	2.795401453596385033e-01	1.762520182196731788e-01	8.251479058110597342e-02	3.608721567014948339e-02	9.160786874813495184e-02
1.591626400292587959e+03	2.046148608928392010e-01	1.286722864445223047e-01	2.798107773901372664e-01	1.764416192923918270e-01	8.259528242451467939e-02	3.614306694154819505e-02	9.172210661364627038e-02
1.596464170506243590e+03	2.041956677909842477e-01	1.283847962609359350e-01	2.800798775041447031e-01	1.766300327551832139e-01	8.267532062690202688e-02	3.619866002859634807e-02	9.183564503285328307e-02
1.601301940719898766e+03	2.037789188194782108e-01	1.280989687284012080e-01	2.803474538898352297e-01	1.768172663712960224e-01	8.275490756500647471e-02	3.625399569035899633e-02	9.194848893522356015e-02
1.606139710933553943e+03	2.033645998541193656e-01	1.278147940937202354e-01	2.806135147041060596e-01	1.770033278521389863e-01	8.283404560785591342e-02	3.630907468962962098e-02	9.206064319802954865e-02
1.610977481147209119e+03	2.029526968506623341e-01	1.275322626622433231e-01	2.808780680723366729e-01	1.771882248575525065e-01	8.291273711665166080e-02	3.636389779282373641e-02	9.217211264732948217e-02
1.615815251360864750e+03	2.025431958443976721e-01	1.272513647975034856e-01	2.811411220881621098e-01	1.773719649960824596e-01	8.299098444465755064e-02	3.641846576987380069e-02	9.228290205892263065e-02
1.620653021574519926e+03	2.021360829497325928e-01	1.269720909208533755e-01	2.814026848132584191e-01	1.775545558252558942e-01	8.306878993709423953e-02	3.647277939412545827e-02	9.239301615927966727e-02
1.625490791788175102e+03	2.017313443597732459e-01	1.266944315111045438e-01	2.816627642771411533e-01	1.777360048518586144e-01	8.314615593103821811e-02	3.652683944223508727e-02	9.250245962644887410e-02
1.630328562001830505e+03	2.013289663459086332e-01	1.264183771041691440e-01	2.819213684769746875e-01	1.779163195322142343e-01	8.322308475532562422e-02	3.658064669406863034e-02	9.261123709093882495e-02
1.635166332215485909e+03	2.009289352573956633e-01	1.261439182927039937e-01	2.821785053773945284e-01	1.780955072724649257e-01	8.329957873046063555e-02	3.663420193260178565e-02	9.271935313657832245e-02
1.640004102429141085e+03	2.005312375209461206e-01	1.258710457257570525e-01	2.824341829103395041e-01	1.782735754288533592e-01	8.337564016852827553e-02	3.668750594382139130e-02	9.282681230135411687e-02
1.644841872642796488e+03	2.001358596403147450e-01	1.255997501084159806e-01	2.826884089748959994e-01	1.784505313080061162e-01	8.345127137311154908e-02	3.674055951662816982e-02	9.293361907822723922e-02
1.649679642856451665e+03	1.997427881958893092e-01	1.253300222014593623e-01	2.829411914371515180e-01	1.786263821672179619e-01	8.352647463921268611e-02	3.679336344274070081e-02	9.303977791592828173e-02
1.654517413070107068e+03	1.993520098442817523e-01	1.250618528210099833e-01	2.831925381300591238e-01	1.788011352147372834e-01	8.360125225317846520e-02	3.684591851660064948e-02	9.314529321973251397e-02
1.659355183283762244e+03	1.989635113179211989e-01	1.247952328381904258e-01	2.834424568533117639e-01	1.789747976100523885e-01	8.367560649262949235e-02	3.689822553527928595e-02	9.325016935221526471e-02
1.664192953497417420e+03	1.985772794246484507e-01	1.245301531787810778e-01	2.836909553732253619e-01	1.791473764641785538e-01	8.374953962639310190e-02	3.695028529838519094e-02	9.335441063398809691e-02
1.669030723711072824e+03	1.981933010473119761e-01	1.242666048228801973e-01	2.839380414226321814e-01	1.793188788399457667e-01	8.382305391444007381e-02	3.700209860797327305e-02	9.345802134441648368e-02
1.673868493924728000e+03	1.978115631433656207e-01	1.240045788045663205e-01	2.841837227007819600e-01	1.794893117522869119e-01	8.389615160782487591e-02	3.705366626845491007e-02	9.356100572231937362e-02
1.678706264138383403e+03	1.974320527444678730e-01	1.237440662115629059e-01	2.844280068732527034e-01	1.796586821685265956e-01	8.396883494862925068e-02	3.710498908650938787e-02	9.366336796665120090e-02
1.683544034352038352e+03	1.970547569560827383e-01	1.234850581849051970e-01	2.846709015718689728e-01	1.798269970086703584e-01	8.404110616990925764e-02	3.715606787099651892e-02	9.376511223716688104e-02
1.688381804565693983e+03	1.966796629570822241e-01	1.232275459186090855e-01	2.849124143946287213e-01	1.799942631456938058e-01	8.411296749564545205e-02	3.720690343287044038e-02	9.386624265507025056e-02
1.693219574779349159e+03	1.963067579993503509e-01	1.229715206593424287e-01	2.851525529056376240e-01	1.801604874058323480e-01	8.418442114069617233e-02	3.725749658509459883e-02	9.396676330364639451e-02
1.698057344993004335e+03	1.959360294073889952e-01	1.227169737060983812e-01	2.853913246350513466e-01	1.803256765688709962e-01	8.425546931075392210e-02	3.730784814255794224e-02	9.406667822887837538e-02
1.702895115206659511e+03	1.955674645779252319e-01	1.224638964098708066e-01	2.856287370790244751e-01	1.804898373684338531e-01	8.432611420230459731e-02	3.735795892199225698e-02	9.416599144004875188e-02
1.707732885420315142e+03	1.952010509795203963e-01	1.222122801733320080e-01	2.858647976996669393e-01	1.806529764922739090e-01	8.439635800258961373e-02	3.740782974189065663e-02	9.426470691032640126e-02
1.712570655633970318e+03	1.948367761521807573e-01	1.219621164505124006e-01	2.860995139250074870e-01	1.808151005825624213e-01	8.446620288957067124e-02	3.745746142242720178e-02	9.436282857733895024e-02
1.717408425847625494e+03	1.944746277069697993e-01	1.217133967464823219e-01	2.863328931489629858e-01	1.809762162361784332e-01	8.453565103189727981e-02	3.750685478537771345e-02	9.446036034373132828e-02
1.722246196061280898e+03	1.941145933256222811e-01	1.214661126170360345e-01	2.865649427313146647e-01	1.811363300049977088e-01	8.460470458887678347e-02	3.755601065404165495e-02	9.455730607771074825e-02
1.727083966274936301e+03	1.937566607601599322e-01	1.212202556683776578e-01	2.867956699976902946e-01	1.812954483961814189e-01	8.467336571044689619e-02	3.760492985316515185e-02	9.465366961357858655e-02
1.731921736488591478e+03	1.934008178325087868e-01	1.209758175568092231e-01	2.870250822395523094e-01	1.814535778724644666e-01	8.474163653715055533e-02	3.765361320886512903e-02	9.474945475224948177e-02
1.736759506702246881e+03	1.930470524341180993e-01	1.207327899884208106e-01	2.872531867141919215e-01	1.816107248524434226e-01	8.480951920011324530e-02	3.770206154855453018e-02	9.484466526175795720e-02
1.741597276915902057e+03	1.926953525255811761e-01	1.204911647187826423e-01	2.874799906447283449e-01	1.817668957108637406e-01	8.487701582102241682e-02	3.775027570086861295e-02	9.493930487775308069e-02
1.746435047129557461e+03	1.923457061362577603e-01	1.202509335526392303e-01	2.877055012201135686e-01	1.819220967789065835e-01	8.494412851210922377e-02	3.779825649559233336e-02	9.503337730398130068e-02
1.751272817343212637e+03	1.919981013638980827e-01	1.200120883436054664e-01	2.879297255951425716e-01	1.820763343444749272e-01	8.501085937613216126e-02	3.784600476358882665e-02	9.512688621275799949e-02
1.756110587556867813e+03	1.916525263742684948e-01	1.197746209938648498e-01	2.881526708904680878e-01	1.822296146524789995e-01	8.507721050636292415e-02	3.789352133672887341e-02	9.521983524542783350e-02
1.760948357770523216e+03	1.913089694007791830e-01	1.195385234538694635e-01	2.883743441926203688e-01	1.823819439051209690e-01	8.514318398657418074e-02	3.794080704782147595e-02	9.531222801281445667e-02
1.765786127984178393e+03	1.909674187441130488e-01	1.193037877220421150e-01	2.885947525540317193e-01	1.825333282621789122e-01	8.520878189102917832e-02	3.798786273054543389e-02	9.540406809565964152e-02
1.770623898197833569e+03	1.906278627718567820e-01	1.190704058444802815e-01	2.888139029930654744e-01	1.826837738412899204e-01	8.527400628447324993e-02	3.803468921938196051e-02	9.549535904505238038e-02
1.775461668411488745e+03	1.902902899181332097e-01	1.188383699146620953e-01	2.890318024940490282e-01	1.828332867182324017e-01	8.533885922212705588e-02	3.808128734954829148e-02	9.558610438284795285e-02
1.780299438625144376e+03	1.899546886832356452e-01	1.186076720731541329e-01	2.892484580073115819e-01	1.829818729272073285e-01	8.540334274968156003e-02	3.812765795693236204e-02	9.567630760207747331e-02
1.785137208838799552e+03	1.896210476332637895e-01	1.183783045073212026e-01	2.894638764492252214e-01	1.831295384611186794e-01	8.546745890329469908e-02	3.817380187802837249e-02	9.576597216734812623e-02
1.789974979052454728e+03	1.892893553997613276e-01	1.181502594510379645e-01	2.896780647022507704e-01	1.832762892718529102e-01	8.553120970958953684e-02	3.821971994987342913e-02	9.585510151523420064e-02
1.794812749266109904e+03	1.889596006793552163e-01	1.179235291844025063e-01	2.898910296149865284e-01	1.834221312705572593e-01	8.559459718565411157e-02	3.826541300998514278e-02	9.594369905465940929e-02
1.799650519479765535e+03	1.886317722333968605e-01	1.176981060334516549e-01	2.901027780022210623e-01	1.835670703279171923e-01	8.565762333904265724e-02	3.831088189630015017e-02	9.603176816727058973e-02
1.804488289693420711e+03	1.883058588876046768e-01	1.174739823698782715e-01	2.903133166449896052e-01	1.837111122744325975e-01	8.572029016777835131e-02	3.835612744711364153e-02	9.611931220780302321e-02
1.809326059907075887e+03	1.879818495317085725e-01	1.172511506107503376e-01	2.905226522906334541e-01	1.838542629006930107e-01	8.578259966035743644e-02	3.840115050101978317e-02	9.620633450443764889e-02
1.814163830120731291e+03	1.876597331190959506e-01	1.170296032182317897e-01	2.907307916528627523e-01	1.839965279576515622e-01	8.584455379575457734e-02	3.844595189685313941e-02	9.629283835915049272e-02
1.819001600334386467e+03	1.873394986664597139e-01	1.168093326993052822e-01	2.909377414118224925e-01	1.841379131568978700e-01	8.590615454342974411e-02	3.849053247363094094e-02	9.637882704805422751e-02
1.823839370548041643e+03	1.870211352534476290e-01	1.165903316054967415e-01	2.911435082141614616e-01	1.842784241709297388e-01	8.596740386333606709e-02	3.853489307049632467e-02	9.646430382173243334e-02
1.828677140761696819e+03	1.867046320223134104e-01	1.163725925326016125e-01	2.913480986731037947e-01	1.844180666334234164e-01	8.602830370592917664e-02	3.857903452666246180e-02	9.654927190556650274e-02
1.833514910975352450e+03	1.863899781775697762e-01	1.161561081204129514e-01	2.915515193685240258e-01	1.845568461395030169e-01	8.608885601217751427e-02	3.862295768135758783e-02	9.663373450005553755e-02
1.838352681189008081e+03	1.860771629856428910e-01	1.159408710524513081e-01	2.917537768470238602e-01	1.846947682460081952e-01	8.614906271357383738e-02	3.866666337377088619e-02	9.671769478112940410e-02
1.843190451402663257e+03	1.857661757745286690e-01	1.157268740556963021e-01	2.919548776220122210e-01	1.848318384717609897e-01	8.620892573214783416e-02	3.871015244299930852e-02	9.680115590045500207e-02
1.848028221616318433e+03	1.854570059334506860e-01	1.155141099003199195e-01	2.921548281737876285e-01	1.849680622978310540e-01	8.626844698047972382e-02	3.875342572799517910e-02	9.688412098573614961e-02
1.852865991829973609e+03	1.851496429125196741e-01	1.153025713994216689e-01	2.923536349496225761e-01	1.851034451677996406e-01	8.632762836171493925e-02	3.879648406751475681e-02	9.696659314100707083e-02
1.857703762043628785e+03	1.848440762223949596e-01	1.150922514087652365e-01	2.925513043638509059e-01	1.852379924880223072e-01	8.638647176957969798e-02	3.883932830006753267e-02	9.704857544691980475e-02
1.862541532257283961e+03	1.845402954339472323e-01	1.148831428265170707e-01	2.927478427979563480e-01	1.853717096278902077e-01	8.644497908839761380e-02	3.888195926386645712e-02	9.713007096102554971e-02
1.867379302470939592e+03	1.842382901779233972e-01	1.146752385929865337e-01	2.929432566006643923e-01	1.855046019200899954e-01	8.650315219310704407e-02	3.892437779677895143e-02	9.721108271805024847e-02
1.872217072684594768e+03	1.839380501446126470e-01	1.144685316903676781e-01	2.931375520880351027e-01	1.856366746608623941e-01	8.656099294927953325e-02	3.896658473627873792e-02	9.729161373016448344e-02
1.877054842898249490e+03	1.836395650835145332e-01	1.142630151424828822e-01	2.933307355435584296e-01	1.857679331102593812e-01	8.661850321313895040e-02	3.900858091939849587e-02	9.737166698724787628e-02
1.881892613111905121e+03	1.833428248030085361e-01	1.140586820145279567e-01	2.935228132182514660e-01	1.858983824923998163e-01	8.667568483158138992e-02	3.905036718268328766e-02	9.745124545714811681e-02
1.886730383325560297e+03	1.830478191700253277e-01	1.138555254128189309e-01	2.937137913307569237e-01	1.860280279957238214e-01	8.673253964219594658e-02	3.909194436214482454e-02	9.753035208593474614e-02
1.891568153539215928e+03	1.827545381097197830e-01	1.136535384845406005e-01	2.939036760674440529e-01	1.861568747732455786e-01	8.678906947328625388e-02	3.913331329321646096e-02	9.760898979814790211e-02
1.896405923752871104e+03	1.824629716051453243e-01	1.134527144174965058e-01	2.940924735825103387e-01	1.862849279428048233e-01	8.684527614389260519e-02	3.917447481070899379e-02	9.768716149704206875e-02
1.901243693966526507e+03	1.821731096969303743e-01	1.132530464398607134e-01	2.942801899980855285e-01	1.864121925873167274e-01	8.690116146381494933e-02	3.921542974876723875e-02	9.776487006482512121e-02
1.906081464180181683e+03	1.818849424829561412e-01	1.130545278199310000e-01	2.944668314043369928e-01	1.865386737550204788e-01	8.695672723363631618e-02	3.925617894082730069e-02	9.784211836289248565e-02
1.910919234393836859e+03	1.815984601180360147e-01	1.128571518658837841e-01	2.946524038595758621e-01	1.866643764597262778e-01	8.701197524474718614e-02	3.929672321957464881e-02	9.791890923205698316e-02
1.915757004607492036e+03	1.813136528135967374e-01	1.126609119255305991e-01	2.948369133903655515e-01	1.867893056810608909e-01	8.706690727937012320e-02	3.933706341690292041e-02	9.799524549277399688e-02
1.920594774821147894e+03	1.810305108373612415e-01	1.124658013860760364e-01	2.950203659916306176e-01	1.869134663647117334e-01	8.712152511058528226e-02	3.937720036387340472e-02	9.807112994536251738e-02
