9.627162725174014213e+02	2.861367247187263096e-01	1.850590111143716743e-01	2.306431066338938407e-01	1.381286719963667198e-01	6.596116008997464364e-02	2.627412644778032505e-02	6.779719899848130060e-02
9.675540427310568248e+02	2.852475568739097356e-01	1.844405461934220114e-01	2.309070732500711209e-01	1.385664319971405545e-01	6.637880561872705476e-02	2.637090708225054911e-02	6.808867898407382213e-02
9.723918129447120009e+02	2.843633731433051204e-01	1.838257483356237898e-01	2.312118920473409944e-01	1.390009546737894230e-01	6.675391129225304032e-02	2.646736747746064253e-02	6.837675302982192116e-02
9.772295831583674044e+02	2.834841636399804132e-01	1.832145936946794340e-01	2.315506029019109013e-01	1.394323142119968384e-01	6.709318900993468948e-02	2.656350629285552517e-02	6.866163024823716821e-02
9.820673533720223531e+02	2.826099156913399191e-01	1.826070587850719407e-01	2.319173637325660786e-01	1.398605761613472276e-01	6.740227366783420326e-02	2.665932231428366772e-02	6.894348964715191208e-02
9.869051235856777566e+02	2.817406143078708958e-01	1.820031204472661313e-01	2.323072710792776219e-01	1.402857987936056705e-01	6.768589601760628682e-02	2.675481443873973034e-02	6.922248491522865754e-02
9.917428937993331601e+02	2.808762425765957138e-01	1.814027558183142763e-01	2.327162094773334022e-01	1.407080342432808218e-01	6.794802778245420671e-02	2.684998166147314902e-02	6.949874844014336528e-02
9.965806640129884499e+02	2.800167819913132461e-01	1.808059423070008942e-01	2.331407250054987890e-01	1.411273294654103450e-01	6.819200348270557099e-02	2.694482306508410793e-02	6.977239468258192301e-02
1.001418434226643626e+03	2.791622127297733180e-01	1.802126575727993341e-01	2.335779191284344525e-01	1.415437270398999803e-01	6.842062270897275589e-02	2.703933781028902347e-02	7.004352300942603970e-02
1.006256204440298802e+03	2.783125138863008496e-01	1.796228795080305474e-01	2.340253595762777916e-01	1.419572658470404924e-01	6.863623598094277523e-02	2.713352512808875003e-02	7.031222007291366982e-02
1.011093974653954206e+03	2.774676636670191932e-01	1.790365862227116800e-01	2.344810055270387106e-01	1.423679816348743243e-01	6.884081682620446507e-02	2.722738431311547483e-02	7.057856180863106288e-02
1.015931744867609382e+03	2.766276395536742538e-01	1.784537560316646621e-01	2.349431447963046260e-01	1.427759074957662411e-01	6.903602229071473251e-02	2.732091471797017113e-02	7.084261511350017915e-02
1.020769515081264785e+03	2.757924184410988633e-01	1.778743674435233901e-01	2.354103411071656049e-01	1.431810742667475600e-01	6.922324373755718574e-02	2.741411574839275334e-02	7.110443925510950836e-02
1.025607285294920075e+03	2.749619767525467440e-01	1.772983991513368274e-01	2.358813898225549377e-01	1.435835108658640724e-01	6.940364949266486505e-02	2.750698685913232841e-02	7.136408705549511511e-02
1.030445055508575479e+03	2.741362905364478353e-01	1.767258300245133085e-01	2.363552807818487533e-01	1.439832445747962764e-01	6.957822064602192658e-02	2.759952755040619155e-02	7.162160588556061580e-02
1.035282825722230655e+03	2.733153355475659851e-01	1.761566391018924427e-01	2.368311671015432829e-01	1.443803012763717475e-01	6.974778110685025956e-02	2.769173736485415482e-02	7.187703850051700705e-02
1.040120595935886058e+03	2.724990873150619497e-01	1.755908055857653416e-01	2.373083389828206935e-01	1.447747056542062205e-01	6.991302283498360137e-02	2.778361588490969522e-02	7.213042374184740202e-02
1.044958366149541234e+03	2.716875211995627426e-01	1.750283088366922923e-01	2.377862017224365854e-01	1.451664813605486049e-01	7.007452702262403910e-02	2.787516273052203369e-02	7.238179712720858860e-02
1.049796136363196410e+03	2.708806124410015337e-01	1.744691283689917827e-01	2.382642572523305524e-01	1.455556511574302991e-01	7.023278187642212345e-02	2.796637755717380075e-02	7.263119134624478057e-02
1.054633906576851814e+03	2.700783361987083575e-01	1.739132438467944908e-01	2.387420886416291022e-01	1.459422370354004350e-01	7.038819754551003949e-02	2.805726005414782565e-02	7.287863667740460127e-02
1.059471676790506763e+03	2.692806675849958586e-01	1.733606350805729224e-01	2.392193470856027737e-01	1.463262603134416473e-01	7.054111865354763256e-02	2.814780994300404918e-02	7.312416133842999932e-02
1.064309447004162394e+03	2.684875816932825732e-01	1.728112820240721992e-01	2.396957409824449214e-01	1.467077417230838177e-01	7.069183481932461710e-02	2.823802697623374255e-02	7.336779178115303279e-02
1.069147217217817570e+03	2.676990536216308780e-01	1.722651647715788270e-01	2.401710267627963080e-01	1.470867014792497651e-01	7.084058948874595585e-02	2.832791093606356475e-02	7.360955293952951839e-02
1.073984987431472746e+03	2.669150584924351310e-01	1.717222635554748744e-01	2.406450011907184938e-01	1.474631593399590712e-01	7.098758734921528646e-02	2.841746163338626160e-02	7.384946843840568820e-02
1.078822757645127922e+03	2.661355714688764529e-01	1.711825587440329588e-01	2.411174948999645073e-01	1.478371346566760558e-01	7.113300055393523280e-02	2.850667890679867492e-02	7.408756076931086176e-02
1.083660527858783553e+03	2.653605677686644571e-01	1.706460308394150971e-01	2.415883669672963252e-01	1.482086464168006212e-01	7.127697394712786960e-02	2.859556262173067881e-02	7.432385143855972653e-02
1.088498298072438729e+03	2.645900226754995255e-01	1.701126604758437244e-01	2.420575003564162664e-01	1.485777132795605415e-01	7.141962945052386658e-02	2.868411266965134251e-02	7.455836109209955376e-02
1.093336068286093905e+03	2.638239115486219477e-01	1.695824284179192065e-01	2.425247980927912606e-01	1.489443536063617679e-01	7.156106974573367419e-02	2.877232896734082182e-02	7.479110962082617664e-02
1.098173838499749309e+03	2.630622098307544565e-01	1.690553155590611145e-01	2.429901800520725408e-01	1.493085854864836526e-01	7.170138136550976982e-02	2.886021145621830292e-02	7.502211624949502167e-02
1.103011608713404712e+03	2.623048930546957869e-01	1.685313029200552204e-01	2.434535802636391133e-01	1.496704267588636339e-01	7.184063728877125576e-02	2.894776010171780031e-02	7.525139961185206561e-02
1.107849378927059888e+03	2.615519368487812524e-01	1.680103716476903652e-01	2.439149446465972149e-01	1.500298950305968548e-01	7.197889911903614102e-02	2.903497489270501566e-02	7.547897781418801133e-02
1.112687149140715292e+03	2.608033169413924157e-01	1.674925030134720993e-01	2.443742291088356056e-01	1.503870076926752675e-01	7.211621891312408605e-02	2.912185584092949128e-02	7.570486848916584133e-02
1.117524919354370468e+03	2.600590091646677315e-01	1.669776784124021862e-01	2.448313979508746629e-01	1.507417819334071207e-01	7.225264071626077977e-02	2.920840298050720110e-02	7.592908884147518689e-02
1.122362689568025871e+03	2.593189894575421151e-01	1.664658793618145893e-01	2.452864225255975417e-01	1.510942347498866467e-01	7.238820185070708735e-02	2.929461636742949904e-02	7.615165568661738660e-02
1.127200459781681047e+03	2.585832338682237386e-01	1.659570875002602808e-01	2.457392801128023274e-01	1.514443829578248080e-01	7.252293399747246350e-02	2.938049607909499691e-02	7.637258548391626101e-02
1.132038229995336451e+03	2.578517185561970404e-01	1.654512845864343495e-01	2.461899529741031489e-01	1.517922432000013977e-01	7.265686410432344033e-02	2.946604221386148539e-02	7.659189436467400691e-02
1.136876000208991627e+03	2.571244197938286069e-01	1.649484524981394973e-01	2.466384275592414244e-01	1.521378319535582335e-01	7.279001514796760997e-02	2.955125489061544153e-02	7.680959815624402443e-02
1.141713770422646803e+03	2.564013139676393216e-01	1.644485732312818138e-01	2.470846938395122039e-01	1.524811655363165208e-01	7.292240677381910119e-02	2.963613424835707943e-02	7.702571240266881114e-02
1.146551540636302207e+03	2.556823775792956277e-01	1.639516288988946413e-01	2.475287447479101455e-01	1.528222601122732338e-01	7.305405583299466599e-02	2.972068044579917814e-02	7.724025238242736291e-02
1.151389310849957155e+03	2.549675872463657567e-01	1.634576017301870021e-01	2.479705757088728202e-01	1.531611316964060499e-01	7.318497683303606949e-02	2.980489366097827109e-02	7.745323312374884084e-02
1.156227081063612786e+03	2.542569197028777817e-01	1.629664740696144809e-01	2.484101842432464569e-01	1.534977961588956386e-01	7.331518231620717807e-02	2.988877409087688924e-02	7.766466941787641964e-02
1.161064851277267962e+03	2.535503517997113043e-01	1.624782283759693691e-01	2.488475696364069734e-01	1.538322692288566496e-01	7.344468317699105742e-02	2.997232195105585528e-02	7.787457583060367061e-02
1.165902621490923138e+03	2.528478605048494754e-01	1.619928472214887116e-01	2.492827326594053983e-01	1.541645664976543928e-01	7.357348892854714828e-02	3.005553747529569886e-02	7.808296671235404052e-02
1.170740391704578315e+03	2.521494229035137202e-01	1.615103132909784245e-01	2.497156753346323754e-01	1.544947034218713822e-01	7.370160792632152180e-02	3.013842091524646452e-02	7.828985620703088344e-02
1.175578161918233945e+03	2.514550161981997656e-01	1.610306093809516781e-01	2.501464007388620736e-01	1.548226953259782268e-01	7.382904755568880928e-02	3.022097254008523914e-02	7.849525825982901772e-02
1.180415932131889122e+03	2.507646177086302886e-01	1.605537183987809924e-01	2.505749128376806856e-01	1.551485574047538896e-01	7.395581438939993757e-02	3.030319263618084027e-02	7.869918662416815203e-02
1.185253702345544298e+03	2.500782048716385098e-01	1.600796233618624331e-01	2.510012163462678192e-01	1.554723047254941426e-01	7.408191431968354224e-02	3.038508150676524217e-02	7.890165486788315585e-02
1.190091472559199701e+03	2.493957552409926948e-01	1.596083073967913268e-01	2.514253166123054384e-01	1.557939522300397506e-01	7.420735266907022010e-02	3.046663947161125721e-02	7.910267637878412583e-02
1.194929242772855105e+03	2.487172464871717226e-01	1.591397537385487726e-01	2.518472195174681905e-01	1.561135147366516651e-01	7.433213428335638806e-02	3.054786686671620913e-02	7.930226436968183801e-02
1.199767012986510281e+03	2.480426563970987430e-01	1.586739457296981459e-01	2.522669313945171687e-01	1.564310069417558235e-01	7.445626360957552370e-02	3.062876404399119540e-02	7.950043188295820296e-02
1.204604783200165684e+03	2.473719628738406118e-01	1.582108668195910395e-01	2.526844589574968603e-01	1.567464434215765645e-01	7.457974476138459763e-02	3.070933137095578636e-02	7.969719179474930859e-02
1.209442553413820860e+03	2.467051439362776544e-01	1.577505005635824464e-01	2.530998092429375679e-01	1.570598386336749253e-01	7.470258157388706688e-02	3.078956923043781740e-02	7.989255681879735282e-02
1.214280323627476264e+03	2.460421777187487558e-01	1.572928306222544093e-01	2.535129895603004946e-01	1.573712069184046713e-01	7.482477764958904431e-02	3.086947802027819460e-02	8.008653951001928895e-02
1.219118093841131440e+03	2.453830424706761326e-01	1.568378407606479397e-01	2.539240074501867284e-01	1.576805625002982991e-01	7.494633639691322680e-02	3.094905815304042213e-02	8.027915226783205460e-02
1.223955864054786844e+03	2.447277165561723145e-01	1.563855148475032097e-01	2.543328706490681212e-01	1.579879194893917260e-01	7.506726106246651431e-02	3.102831005572477194e-02	8.047040733926814904e-02
1.228793634268442020e+03	2.440761784536328582e-01	1.559358368545069595e-01	2.547395870594968970e-01	1.582932918824961621e-01	7.518755475806507271e-02	3.110723416948692893e-02	8.066031682190992480e-02
1.233631404482097196e+03	2.434284067553165176e-01	1.554887908555477039e-01	2.551441647249195754e-01	1.585966935644237685e-01	7.530722048335958263e-02	3.118583094936097991e-02	8.084889266666664409e-02
1.238469174695752372e+03	2.427843801669153367e-01	1.550443610259781002e-01	2.555466118083594140e-01	1.588981383091728761e-01	7.542626114476820576e-02	3.126410086398665605e-02	8.103614668041414504e-02
1.243306944909407548e+03	2.421440775071158902e-01	1.546025316418843665e-01	2.559469365743505809e-01	1.591976397810774269e-01	7.554467957131116851e-02	3.134204439534069020e-02	8.122209052851457611e-02
1.248144715123063179e+03	2.415074777071535561e-01	1.541632870793626375e-01	2.563451473736057529e-01	1.594952115359248579e-01	7.566247852784543926e-02	3.141966203847224026e-02	8.140673573723020140e-02
1.252982485336718355e+03	2.408745598103605445e-01	1.537266118138018722e-01	2.567412526299825970e-01	1.597908670220457572e-01	7.577966072611802550e-02	3.149695430124225398e-02	8.159009369604362794e-02
1.257820255550373531e+03	2.402453029717090682e-01	1.532924904191736437e-01	2.571352608293832054e-01	1.600846195813782347e-01	7.589622883398930431e-02	3.157392170406671944e-02	8.177217565989459980e-02
1.262658025764028707e+03	2.396196864573501284e-01	1.528609075673280915e-01	2.575271805102801737e-01	1.603764824505093112e-01	7.601218548312121959e-02	3.165056477966370768e-02	8.195299275134221295e-02
1.267495795977684338e+03	2.389976896441490251e-01	1.524318480272964793e-01	2.579170202556115843e-01	1.606664687616958520e-01	7.612753327537792603e-02	3.172688407280414846e-02	8.213255596265982283e-02
1.272333566191339514e+03	2.383792920192178699e-01	1.520052966645999426e-01	2.583047886858290676e-01	1.609545915438660713e-01	7.624227478814672720e-02	3.180288014006631137e-02	8.231087615786894518e-02
1.277171336404994690e+03	2.377644731794459065e-01	1.515812384405641478e-01	2.586904944529160311e-01	1.612408637236037723e-01	7.635641257875362686e-02	3.187855354959378412e-02	8.248796407471761793e-02
1.282009106618650094e+03	2.371532128310277765e-01	1.511596584116405295e-01	2.590741462352253999e-01	1.615252981261163512e-01	7.646994918812011210e-02	3.195390488085713548e-02	8.266383032660759578e-02
1.286846876832305497e+03	2.365454907889903702e-01	1.507405417287327465e-01	2.594557527330070279e-01	1.618079074761875069e-01	7.658288714378386208e-02	3.202893472441896427e-02	8.283848540447440179e-02
1.291684647045960673e+03	2.359412869767184839e-01	1.503238736365296868e-01	2.598353226645181424e-01	1.620887043991159349e-01	7.669522896238660514e-02	3.210364368170243177e-02	8.301193967862360856e-02
1.296522417259616077e+03	2.353405814254794504e-01	1.499096394728439419e-01	2.602128647626259506e-01	1.623677014216403924e-01	7.680697715171580509e-02	3.217803236476313167e-02	8.318420340052617989e-02
1.301360187473271253e+03	2.347433542739471857e-01	1.494978246679559974e-01	2.605883877718269126e-01	1.626449109728523301e-01	7.691813421237270187e-02	3.225210139606433934e-02	8.335528670457535705e-02
1.306197957686926657e+03	2.341495857677257653e-01	1.490884147439641982e-01	2.609619004456181224e-01	1.629203453850961159e-01	7.702870263912772741e-02	3.232585140825552927e-02	8.352519960980728242e-02
1.311035727900581833e+03	2.335592562588726384e-01	1.486813953141402633e-01	2.613334115441681704e-01	1.631940168948578795e-01	7.713868492201447769e-02	3.239928304395408437e-02	8.369395202158723401e-02
1.315873498114237009e+03	2.329723462054216487e-01	1.482767520822901308e-01	2.617029298322411934e-01	1.634659376436431166e-01	7.724808354720530401e-02	3.247239695553023886e-02	8.386155373326310836e-02
1.320711268327892412e+03	2.323888361709062211e-01	1.478744708421204923e-01	2.620704640773373617e-01	1.637361196788436335e-01	7.735690099770425876e-02	3.254519380489517832e-02	8.402801442778760899e-02
1.325549038541547588e+03	2.318087068238824655e-01	1.474745374766106010e-01	2.624360230480171641e-01	1.640045749545939735e-01	7.746513975388802375e-02	3.261767426329215125e-02	8.419334367931040342e-02
1.330386808755202765e+03	2.312319389374526135e-01	1.470769379573893254e-01	2.627996155123830668e-01	1.642713153326178510e-01	7.757280229391977366e-02	3.268983901109075163e-02	8.435755095474141430e-02
1.335224578968857941e+03	2.306585133887886219e-01	1.466816583441175326e-01	2.631612502366958983e-01	1.645363525830648155e-01	7.767989109405760983e-02	3.276168873758411593e-02	8.452064561528620235e-02
1.340062349182513572e+03	2.300884111586563030e-01	1.462886847838757443e-01	2.635209359841065857e-01	1.647996983853373953e-01	7.778640862887517549e-02	3.283322414078914536e-02	8.468263691795441250e-02
1.344900119396168748e+03	2.295216133309398443e-01	1.458980035105567619e-01	2.638786815134880892e-01	1.650613643289087773e-01	7.789235737140948190e-02	3.290444592724963563e-02	8.484353401704211595e-02
1.349737889609823924e+03	2.289581010921667992e-01	1.455096008442634259e-01	2.642344955783534344e-01	1.653213619141314650e-01	7.799773979324858830e-02	3.297535481184231398e-02	8.500334596558870026e-02
1.354575659823479100e+03	2.283978557310337165e-01	1.451234631907115380e-01	2.645883869258482401e-01	1.655797025530369171e-01	7.810255836456939105e-02	3.304595151758571436e-02	8.516208171680918204e-02
1.359413430037134731e+03	2.278408586379323808e-01	1.447395770406375293e-01	2.649403642958091942e-01	1.658363975701267479e-01	7.820681555413468156e-02	3.311623677545186273e-02	8.531975012550233051e-02
1.364251200250789907e+03	2.272870913044766905e-01	1.443579289692111800e-01	2.652904364198792053e-01	1.660914582031548514e-01	7.831051382925660609e-02	3.318621132418074493e-02	8.547635994943544868e-02
1.369088970464445310e+03	2.267365353230304525e-01	1.439785056354531689e-01	2.656386120206732371e-01	1.663448956039013937e-01	7.841365565573277241e-02	3.325587591009750849e-02	8.563191985070617296e-02
1.373926740678100487e+03	2.261891723862355930e-01	1.436012937816575075e-01	2.659848998109887730e-01	1.665967208389384502e-01	7.851624349776012424e-02	3.332523128693236358e-02	8.578643839708187391e-02
1.378764510891755890e+03	2.256449842865416167e-01	1.432262802328186091e-01	2.663293084930554722e-01	1.668469448903874830e-01	7.861827981783116315e-02	3.339427821564314169e-02	8.593992406331719958e-02
1.383602281105411066e+03	2.251039529157354002e-01	1.428534518960630773e-01	2.666718467578211293e-01	1.670955786566686585e-01	7.871976707661580697e-02	3.346301746424049789e-02	8.609238523245008046e-02
1.388440051319066470e+03	2.245660602644723725e-01	1.424827957600862671e-01	2.670125232842691654e-01	1.673426329532423373e-01	7.882070773283203491e-02	3.353144980761570138e-02	8.624383019707680675e-02
1.393277821532721646e+03	2.240312884218082501e-01	1.421142988945933439e-01	2.673513467387650389e-01	1.675881185133427098e-01	7.892110424310798400e-02	3.359957602737095178e-02	8.639426716060642775e-02
1.398115591746377049e+03	2.234996195747318837e-01	1.417479484497450037e-01	2.676883257744293587e-01	1.678320459887037985e-01	7.902095906183735641e-02	3.366739691165226978e-02	8.654370423849504224e-02
1.402953361960032225e+03	2.229710360076989362e-01	1.413837316556075530e-01	2.680234690305353107e-01	1.680744259502777727e-01	7.912027464103014995e-02	3.373491325498485793e-02	8.669214945946011885e-02
1.407791132173687402e+03	2.224455201021666439e-01	1.410216358216076216e-01	2.683567851319280662e-01	1.683152688889458515e-01	7.921905343015993306e-02	3.380212585811087633e-02	8.683961076667560952e-02
1.412628902387342805e+03	2.219230543361296881e-01	1.406616483359912351e-01	2.686882826884654518e-01	1.685545852162216862e-01	7.931729787600905190e-02	3.386903552782971616e-02	8.698609601894773113e-02
1.417466672600997981e+03	2.214036212836568984e-01	1.403037566652872437e-01	2.690179702944774376e-01	1.687923852649475809e-01	7.941501042251268572e-02	3.393564307684061171e-02	8.713161299187217879e-02
1.422304442814653157e+03	2.208872036144292617e-01	1.399479483537749425e-01	2.693458565282439987e-01	1.690286792899833856e-01	7.951219351060262452e-02	3.400194932358762551e-02	8.727616937897279825e-02
1.427142213028308333e+03	2.203737840932786796e-01	1.395942110229564659e-01	2.696719499514904639e-01	1.692634774688883126e-01	7.960884957805136608e-02	3.406795509210695100e-02	8.741977279282237001e-02
1.431979983241963964e+03	2.198633455797283087e-01	1.392425323710327068e-01	2.699962591088982955e-01	1.694967899025959235e-01	7.970498105931730914e-02	3.413366121187654673e-02	8.756243076614539378e-02
1.436817753455619140e+03	2.193558710275336221e-01	1.388929001723840928e-01	2.703187925276320236e-01	1.697286266160818180e-01	7.980059038539122351e-02	3.419906851766799788e-02	8.770415075290366458e-02
1.441655523669274316e+03	2.188513434842247751e-01	1.385453022770550824e-01	2.706395587168801131e-01	1.699589975590246604e-01	7.989567998364456580e-02	3.426417784940061911e-02	8.784494012936452934e-02
1.446493293882929493e+03	2.183497460906502485e-01	1.381997266102430177e-01	2.709585661674105417e-01	1.701879126064605174e-01	7.999025227767990465e-02	3.432899005199777087e-02	8.798480619515235135e-02
1.451331064096585123e+03	2.178510620805214348e-01	1.378561611717908642e-01	2.712758233511392003e-01	1.704153815594304233e-01	8.008430968718363574e-02	3.439350597524537534e-02	8.812375617428344632e-02
1.456168834310240300e+03	2.173552747799587515e-01	1.375145940356841956e-01	2.715913387207117280e-01	1.706414141456212008e-01	8.017785462778130590e-02	3.445772647365252100e-02	8.826179721618471197e-02
1.461006604523895703e+03	2.168623676070386974e-01	1.371750133495519552e-01	2.719051207090977251e-01	1.708660200200000367e-01	8.027088951089550450e-02	3.452165240631424603e-02	8.839893639669624270e-02
1.465844374737550879e+03	2.163723240713422979e-01	1.368374073341713792e-01	2.722171777291970129e-01	1.710892087654423965e-01	8.036341674360671095e-02	3.458528463677635473e-02	8.853518071905826237e-02
1.470682144951206283e+03	2.158851277735047147e-01	1.365017642829765843e-01	2.725275181734577168e-01	1.713109898933535824e-01	8.045543872851684819e-02	3.464862403290235732e-02	8.867053711488255552e-02
1.475519915164861459e+03	2.154007624047663549e-01	1.361680725615712906e-01	2.728361504135054516e-01	1.715313728442841856e-01	8.054695786361595888e-02	3.471167146674240117e-02	8.880501244510868863e-02
1.480357685378516862e+03	2.149192117465249519e-01	1.358363206072451812e-01	2.731430827997838873e-01	1.717503669885390161e-01	8.063797654215172639e-02	3.477442781440419350e-02	8.893861350094535434e-02
1.485195455592172038e+03	2.144404596698891163e-01	1.355064969284941190e-01	2.734483236612058610e-01	1.719679816267801475e-01	8.072849715250211833e-02	3.483689395592597104e-02	8.907134700479694966e-02
1.490033225805827215e+03	2.139644901352332762e-01	1.351785901045441940e-01	2.737518813048148703e-01	1.721842259906238015e-01	8.081852207805101385e-02	3.489907077515135708e-02	8.920321961117576304e-02
1.494870996019482618e+03	2.134912871917538091e-01	1.348525887848793237e-01	2.740537640154570576e-01	1.723991092432310690e-01	8.090805369706691175e-02	3.496095915960616141e-02	8.933423790759988103e-02
1.499708766233137567e+03	2.130208349770265630e-01	1.345284816887728219e-01	2.743539800554629093e-01	1.726126404798930258e-01	8.099709438258458072e-02	3.502256000037711620e-02	8.946440841547723122e-02
1.504546536446793198e+03	2.125531177165657926e-01	1.342062576048222156e-01	2.746525376643386140e-01	1.728248287286096863e-01	8.108564650228974879e-02	3.508387419199244378e-02	8.959373759097581658e-02
1.509384306660448374e+03	2.120881197233844273e-01	1.338859053904880858e-01	2.749494450584670235e-01	1.730356829506632665e-01	8.117371241840679041e-02	3.514490263230429790e-02	8.972223182588047463e-02
1.514222076874103550e+03	2.116258253975556169e-01	1.335674139716361564e-01	2.752447104308179959e-01	1.732452120411857588e-01	8.126129448758941110e-02	3.520564622237303681e-02	8.984989744843634163e-02
1.519059847087758726e+03	2.111662192257759141e-01	1.332507723420832402e-01	2.755383419506676757e-01	1.734534248297208148e-01	8.134839506081414928e-02	3.526610586635325201e-02	8.997674072417931324e-02
1.523897617301414357e+03	2.107092857809296504e-01	1.329359695631462945e-01	2.758303477633263778e-01	1.736603300807799954e-01	8.143501648327682030e-02	3.532628247138164951e-02	9.010276785675355726e-02
1.528735387515069533e+03	2.102550097216547564e-01	1.326229947631953343e-01	2.761207359898756875e-01	1.738659364943935803e-01	8.152116109429184687e-02	3.538617694746661740e-02	9.022798498871655026e-02
1.533573157728724709e+03	2.098033757919101072e-01	1.323118371372096203e-01	2.764095147269134967e-01	1.740702527066557426e-01	8.160683122719429583e-02	3.544579020737957664e-02	9.035239820233152697e-02
1.538410927942380113e+03	2.093543688205441455e-01	1.320024859463372335e-01	2.766966920463077573e-01	1.742732872902645336e-01	8.169202920924477362e-02	3.550512316654796940e-02	9.047601352034789768e-02
1.543248698156035516e+03	2.089079737208652254e-01	1.316949305174580920e-01	2.769822759949580604e-01	1.744750487550564000e-01	8.177675736153702801e-02	3.556417674294999609e-02	9.059883690676949486e-02
1.548086468369690692e+03	2.084641754902130661e-01	1.313891602427501859e-01	2.772662745945654317e-01	1.746755455485353159e-01	8.186101799890813102e-02	3.562295185701098987e-02	9.072087426761113460e-02
1.552924238583346096e+03	2.080229592095318991e-01	1.310851645792592557e-01	2.775486958414097316e-01	1.748747860563970302e-01	8.194481342985142358e-02	3.568144943150142884e-02	9.084213145164350689e-02
1.557762008797001272e+03	2.075843100429449473e-01	1.307829330484717723e-01	2.778295477061346608e-01	1.750727786030477351e-01	8.202814595643197204e-02	3.573967039143655794e-02	9.096261425112663057e-02
1.562599779010656675e+03	2.071482132373306251e-01	1.304824552358909706e-01	2.781088381335403703e-01	1.752695314521179604e-01	8.211101787420453657e-02	3.579761566397759998e-02	9.108232840253217832e-02
1.567437549224311852e+03	2.067146541218998212e-01	1.301837207906164084e-01	2.783865750423833996e-01	1.754650528069712501e-01	8.219343147213414857e-02	3.585528617833457637e-02	9.120127958725461614e-02
1.572275319437967255e+03	2.062836181077751518e-01	1.298867194249262724e-01	2.786627663251837195e-01	1.756593508112079260e-01	8.227538903251896407e-02	3.591268286567063373e-02	9.131947343231154590e-02
1.577113089651622431e+03	2.058550906875713515e-01	1.295914409138634038e-01	2.789374198480384925e-01	1.758524335491638835e-01	8.235689283091571222e-02	3.596980665900792462e-02	9.143691551103344528e-02
1.581950859865277607e+03	2.054290574349772469e-01	1.292978750948238775e-01	2.792105434504434380e-01	1.760443090464045013e-01	8.243794513606737817e-02	3.602665849313500118e-02	9.155361134374276344e-02
1.586788630078933011e+03	2.050055040043393673e-01	1.290060118671491896e-01	2.794821449451201922e-01	1.762349852702138342e-01	8.251854820983317573e-02	3.608323930451567962e-02	9.166956639842276100e-02
1.591626400292587959e+03	2.045844161302471098e-01	1.287158411917210810e-01	2.797522321178506632e-01	1.764244701300789198e-01	8.259870430712090705e-02	3.613955003119940362e-02	9.178478609137617761e-02
1.596464170506243590e+03	2.041657796271191261e-01	1.284273530905596095e-01	2.800208127273177694e-01	1.766127714781693947e-01	8.267841567582147333e-02	3.619559161273302322e-02	9.189927578787393525e-02
1.601301940719898766e+03	2.037495803887914847e-01	1.281405376464243573e-01	2.802878945049523951e-01	1.767998971098125593e-01	8.275768455674553659e-02	3.625136499007403090e-02	9.201304080279391895e-02
1.606139710933553943e+03	2.033358043881075272e-01	1.278553850024183314e-01	2.805534851547868413e-01	1.769858547639637514e-01	8.283651318356242965e-02	3.630687110550519237e-02	9.212608640125023729e-02
1.610977481147209119e+03	2.029244376765088342e-01	1.275718853615951109e-01	2.808175923533138274e-01	1.771706521236721121e-01	8.291490378274105066e-02	3.636211090255058592e-02	9.223841779921281014e-02
1.615815251360864750e+03	2.025154663836280788e-01	1.272900289865686041e-01	2.810802237493520428e-01	1.773542968165420231e-01	8.299285857349283924e-02	3.641708532589298802e-02	9.235004016411769989e-02
1.620653021574519926e+03	2.021088767168833789e-01	1.270098061991260796e-01	2.813413869639170284e-01	1.775367964151899070e-01	8.307037976771690369e-02	3.647179532129261881e-02	9.246095861546832495e-02
1.625490791788175102e+03	2.017046549610740924e-01	1.267312073798437522e-01	2.816010895900980526e-01	1.777181584376967549e-01	8.314746956994689686e-02	3.652624183550725462e-02	9.257117822542741681e-02
1.630328562001830505e+03	2.013027874779783066e-01	1.264542229677053653e-01	2.818593391929404279e-01	1.778983903480562678e-01	8.322413017729997364e-02	3.658042581621364503e-02	9.268070401940027569e-02
1.635166332215485909e+03	2.009032607059517139e-01	1.261788434597235775e-01	2.821161433093333781e-01	1.780774995566185848e-01	8.330036377942769132e-02	3.663434821193018581e-02	9.278954097660914446e-02
1.640004102429141085e+03	2.005060611595283482e-01	1.259050594105641518e-01	2.823715094479031240e-01	1.782554934205299868e-01	8.337617255846861697e-02	3.668800997194091029e-02	9.289769403065907538e-02
1.644841872642796488e+03	2.001111754290225697e-01	1.256328614321729209e-01	2.826254450889115200e-01	1.784323792441682710e-01	8.345155868900287766e-02	3.674141204622077134e-02	9.300516807009524822e-02
1.649679642856451665e+03	1.997185901801328822e-01	1.253622401934054442e-01	2.828779576841593535e-01	1.786081642795738500e-01	8.352652433800848708e-02	3.679455538536211684e-02	9.311196793895204493e-02
1.654517413070107068e+03	1.993282921535471375e-01	1.250931864196595245e-01	2.831290546568950850e-01	1.787828557268769381e-01	8.360107166481930974e-02	3.684744094050243501e-02	9.321809843729378375e-02
1.659355183283762244e+03	1.989402681645494608e-01	1.248256908925101383e-01	2.833787434017283058e-01	1.789564607347205183e-01	8.367520282108491247e-02	3.690006966325327931e-02	9.332356432174765404e-02
1.664192953497417420e+03	1.985545051026287033e-01	1.245597444493473788e-01	2.836270312845479702e-01	1.791289864006793686e-01	8.374891995073197037e-02	3.695244250563042843e-02	9.342837030602843540e-02
1.669030723711072824e+03	1.981709899310885037e-01	1.242953379830168681e-01	2.838739256424456237e-01	1.793004397716751186e-01	8.382222518992735183e-02	3.700456041998519130e-02	9.353252106145562572e-02
1.673868493924728000e+03	1.977897096866588211e-01	1.240324624414627236e-01	2.841194337836428496e-01	1.794708278443872818e-01	8.389512066704282733e-02	3.705642435893690551e-02	9.363602121746282536e-02
1.678706264138383403e+03	1.974106514791093281e-01	1.237711088273733412e-01	2.843635629874236015e-01	1.796401575656605132e-01	8.396760850262133258e-02	3.710803527530657370e-02	9.373887536209957183e-02
1.683544034352038352e+03	1.970338024908641072e-01	1.235112681978295379e-01	2.846063205040704203e-01	1.798084358329078980e-01	8.403969080934482749e-02	3.715939412205161718e-02	9.384108804252579150e-02
1.688381804565693983e+03	1.966591499766180973e-01	1.232529316639554007e-01	2.848477135548058703e-01	1.799756694945105762e-01	8.411136969200359859e-02	3.721050185220174666e-02	9.394266376549892383e-02
1.693219574779349159e+03	1.962866812629550373e-01	1.229960903905715774e-01	2.850877493317371947e-01	1.801418653502133982e-01	8.418264724746706007e-02	3.726135941879599178e-02	9.404360699785387079e-02
1.698057344993004335e+03	1.959163837479672154e-01	1.227407355958511359e-01	2.853264349978059111e-01	1.803070301515171392e-01	8.425352556465610931e-02	3.731196777482073679e-02	9.414392216697592408e-02
1.702895115206659511e+03	1.955482449008764945e-01	1.224868585509778507e-01	2.855637776867408495e-01	1.804711706020667439e-01	8.432400672451673129e-02	3.736232787314887338e-02	9.424361366126667028e-02
1.707732885420315142e+03	1.951822522616571687e-01	1.222344505798070302e-01	2.857997845030156858e-01	1.806342933580361021e-01	8.439409279999510183e-02	3.741244066648000827e-02	9.434268583060312352e-02
1.712570655633970318e+03	1.948183934406604867e-01	1.219835030585287028e-01	2.860344625218100290e-01	1.807964050285091329e-01	8.446378585601407862e-02	3.746230710728171154e-02	9.444114298679015529e-02
1.717408425847625494e+03	1.944566561182404785e-01	1.217340074153332868e-01	2.862678187889741155e-01	1.809575121758574823e-01	8.453308794945091353e-02	3.751192814773177814e-02	9.453898940400620732e-02
1.722246196061280898e+03	1.940970280443816143e-01	1.214859551300796620e-01	2.864998603209980566e-01	1.811176213161144188e-01	8.460200112911633874e-02	3.756130473966151628e-02	9.463622931924260684e-02
1.727083966274936301e+03	1.937394970383279902e-01	1.212393377339655992e-01	2.867305941049836382e-01	1.812767389193454537e-01	8.467052743573504070e-02	3.761043783450003508e-02	9.473286693273645642e-02
1.731921736488591478e+03	1.933840509882141512e-01	1.209941468092004674e-01	2.869600270986203405e-01	1.814348714100154358e-01	8.473866890192707779e-02	3.765932838321953136e-02	9.482890640839718166e-02
1.736759506702246881e+03	1.930306778506974408e-01	1.207503739886804928e-01	2.871881662301646321e-01	1.815920251673523167e-01	8.480642755219090778e-02	3.770797733628151321e-02	9.492435187422691711e-02
1.741597276915902057e+03	1.926793656505920438e-01	1.205080109556661283e-01	2.874150183984225948e-01	1.817482065257073065e-01	8.487380540288730346e-02	3.775638564358402283e-02	9.501920742273481379e-02
1.746435047129557461e+03	1.923301024805045556e-01	1.202670494434617821e-01	2.876405904727361018e-01	1.819034217749120053e-01	8.494080446222458669e-02	3.780455425440978207e-02	9.511347711134533756e-02
1.751272817343212637e+03	1.919828765004711613e-01	1.200274812350979464e-01	2.878648892929721037e-01	1.820576771606320643e-01	8.500742673024497265e-02	3.785248411737526797e-02	9.520716496280068331e-02
1.756110587556867813e+03	1.916376759375964245e-01	1.197892981630153536e-01	2.880879216695147460e-01	1.822109788847175449e-01	8.507367419881207982e-02	3.790017618038074576e-02	9.530027496555731892e-02
1.760948357770523216e+03	1.912944890856936864e-01	1.195524921087515735e-01	2.883096943832612613e-01	1.823633331055500850e-01	8.513954885159945307e-02	3.794763139056115536e-02	9.539281107417696415e-02
1.765786127984178393e+03	1.909533043049270185e-01	1.193170550026297488e-01	2.885302141856205260e-01	1.825147459383870130e-01	8.520505266408021083e-02	3.799485069423791384e-02	9.548477720971176863e-02
1.770623898197833569e+03	1.906141100214548689e-01	1.190829788234495090e-01	2.887494877985142816e-01	1.826652234557019916e-01	8.527018760351776083e-02	3.804183503687164070e-02	9.557617726008414694e-02
1.775461668411488745e+03	1.902768947270750965e-01	1.188502555981801045e-01	2.889675219143816864e-01	1.828147716875229423e-01	8.533495562895750119e-02	3.808858536301566039e-02	9.566701508046104863e-02
1.780299438625144376e+03	1.899416469788718920e-01	1.186188774016557479e-01	2.891843231961869209e-01	1.829633966217664998e-01	8.539935869121957623e-02	3.813510261627049702e-02	9.575729449362289925e-02
1.785137208838799552e+03	1.896083553988639758e-01	1.183888363562729668e-01	2.893998982774285689e-01	1.831111042045694970e-01	8.546339873289254818e-02	3.818138773923906298e-02	9.584701929032735102e-02
1.789974979052454728e+03	1.892770086736546009e-01	1.181601246316902054e-01	2.896142537621527735e-01	1.832579003406176743e-01	8.552707768832809587e-02	3.822744167348278432e-02	9.593619322966778773e-02
1.794812749266109904e+03	1.889475955540831364e-01	1.179327344445295356e-01	2.898273962249683366e-01	1.834037908934709749e-01	8.559039748363660161e-02	3.827326535947854491e-02	9.602482003942673650e-02
1.799650519479765535e+03	1.886201048548780401e-01	1.177066580580803240e-01	2.900393322110648708e-01	1.835487816858862586e-01	8.565336003668369558e-02	3.831885973657638000e-02	9.611290341642432511e-02
1.804488289693420711e+03	1.882945254543116342e-01	1.174818877820051621e-01	2.902500682362328388e-01	1.836928785001368247e-01	8.571596725708763298e-02	3.836422574295805105e-02	9.620044702686171567e-02
1.809326059907075887e+03	1.879708462938564084e-01	1.172584159720477248e-01	2.904596107868868127e-01	1.838360870783292134e-01	8.577822104621764254e-02	3.840936431559630743e-02	9.628745450665977812e-02
1.814163830120731291e+03	1.876490563778427378e-01	1.170362350297426690e-01	2.906679663200905095e-01	1.839784131227169550e-01	8.584012329719309387e-02	3.845427639021504335e-02	9.637392946179292041e-02
1.819001600334386467e+03	1.873291447731184611e-01	1.168153374021276281e-01	2.908751412635843803e-01	1.841198622960115994e-01	8.590167589488342803e-02	3.849896290125012777e-02	9.645987546861826967e-02
1.823839370548041643e+03	1.870111006087098182e-01	1.165957155814571350e-01	2.910811420158156970e-01	1.842604402216909409e-01	8.596288071590905966e-02	3.854342478181102538e-02	9.654529607420019033e-02
1.828677140761696819e+03	1.866949130754839703e-01	1.163773621049186274e-01	2.912859749459705272e-01	1.844001524843043582e-01	8.602373962864291734e-02	3.858766296364318782e-02	9.663019479663026434e-02
1.833514910975352450e+03	1.863805714258132129e-01	1.161602695543503261e-01	2.914896463940079840e-01	1.845390046297755438e-01	8.608425449321285838e-02	3.863167837709111790e-02	9.671457512534281653e-02
1.838352681189008081e+03	1.860680649732406045e-01	1.159444305559610838e-01	2.916921626706966975e-01	1.846770021657023753e-01	8.614442716150491619e-02	3.867547195106221802e-02	9.679844052142601296e-02
1.843190451402663257e+03	1.857573830921473157e-01	1.157298377800522193e-01	2.918935300576532832e-01	1.848141505616541780e-01	8.620425947716706117e-02	3.871904461299133932e-02	9.688179441792861557e-02
1.848028221616318433e+03	1.854485152174213669e-01	1.155164839407412797e-01	2.920937548073826440e-01	1.849504552494662668e-01	8.626375327561396078e-02	3.876239728880598312e-02	9.696464022016246243e-02
1.852865991829973609e+03	1.851414508441281692e-01	1.153043617956876765e-01	2.922928431433208796e-01	1.850859216235318794e-01	8.632291038403225314e-02	3.880553090289229345e-02	9.704698130600081241e-02
1.857703762043628785e+03	1.848361795271822594e-01	1.150934641458201957e-01	2.924908012598791962e-01	1.852205550410915558e-01	8.638173262138662545e-02	3.884844637806163237e-02	9.712882102617251268e-02
1.862541532257283961e+03	1.845326908810208943e-01	1.148837838350664220e-01	2.926876353224903138e-01	1.853543608225197703e-01	8.644022179842653086e-02	3.889114463551791856e-02	9.721016270455209995e-02
1.867379302470939592e+03	1.842309745792791442e-01	1.146753137500840097e-01	2.928833514676566496e-01	1.854873442516091486e-01	8.649837971769357148e-02	3.893362659482554194e-02	9.729100963844586336e-02
1.872217072684594768e+03	1.839310203544663735e-01	1.144680468199938128e-01	2.930779558029999454e-01	1.856195105758521591e-01	8.655620817352950580e-02	3.897589317387803454e-02	9.737136509887407698e-02
1.877054842898249490e+03	1.836328179976444153e-01	1.142619760161148607e-01	2.932714544073130036e-01	1.857508650067201117e-01	8.661370895208497789e-02	3.901794528886728258e-02	9.745123233084923564e-02
1.881892613111905121e+03	1.833363573581072159e-01	1.140570943517010272e-01	2.934638533306129782e-01	1.858814127199399369e-01	8.667088383132870444e-02	3.905978385425347421e-02	9.753061455365058530e-02
1.886730383325560297e+03	1.830416283430620072e-01	1.138533948816796981e-01	2.936551585941959974e-01	1.860111588557684104e-01	8.672773458105742517e-02	3.910140978273559526e-02	9.760951496109479542e-02
1.891568153539215928e+03	1.827486209173121157e-01	1.136508707023920900e-01	2.938453761906940076e-01	1.861401085192637972e-01	8.678426296290631115e-02	3.914282398522259815e-02	9.768793672180300924e-02
1.896405923752871104e+03	1.824573251029411591e-01	1.134495149513353729e-01	2.940345120841326154e-01	1.862682667805553582e-01	8.684047073036005315e-02	3.918402737080515369e-02	9.776588297946425810e-02
1.901243693966526507e+03	1.821677309789987709e-01	1.132493208069065144e-01	2.942225722099907070e-01	1.863956386751103034e-01	8.689635962876439412e-02	3.922502084672802036e-02	9.784335685309523967e-02
1.906081464180181683e+03	1.818798286811879883e-01	1.130502814881479967e-01	2.944095624752616769e-01	1.865222292039983298e-01	8.695193139533835547e-02	3.926580531836298266e-02	9.792036143729664077e-02
1.910919234393836859e+03	1.815936084015540020e-01	1.128523902544950747e-01	2.945954887585156001e-01	1.866480433341541068e-01	8.700718775918682424e-02	3.930638168918240000e-02	9.799689980250594901e-02
1.915757004607492036e+03	1.813090603881745422e-01	1.126556404055249344e-01	2.947803569099633481e-01	1.867730859986371506e-01	8.706213044131375089e-02	3.934675086073334549e-02	9.807297499524689210e-02
1.920594774821147894e+03	1.810261749448516810e-01	1.124600252807073791e-01	2.949641727515217582e-01	1.868973620968895910e-01	8.711676115463586056e-02	3.938691373261222345e-02	9.814859003837546336e-02
1.925432545034802843e+03	1.807449424308050778e-01	1.122655382591573603e-01	2.951469420768802476e-01	1.870208764949916891e-01	8.717108160399683614e-02	3.942687120244008775e-02	9.822374793132267190e-02
