9.675540427310568248e+02	2.849351846406826816e-01	1.848744539386215913e-01	2.311928780180578513e-01	1.383770698583586256e-01	6.642480167785642931e-02	2.609715688873652864e-02	6.809845497727883001e-02
9.723918129447120009e+02	2.840557680238800509e-01	1.842556048868491947e-01	2.314621315182523453e-01	1.388027256507379514e-01	6.679590171985749780e-02	2.619787577602648507e-02	6.842999242398897786e-02
9.772295831583674044e+02	2.831810273707484615e-01	1.836405169888870037e-01	2.317680321667595078e-01	1.392261524025477926e-01	6.713174231110541346e-02	2.629819997379804694e-02	6.875432878574629092e-02
9.820673533720223531e+02	2.823109899602609385e-01	1.830291462008231118e-01	2.321046071113077869e-01	1.396473285662305774e-01	6.743777630530473077e-02	2.639813049891821806e-02	6.907202135674710142e-02
9.869051235856777566e+02	2.814456748530045904e-01	1.824214522420445350e-01	2.324668090362621564e-01	1.400662362009871542e-01	6.771860304164346867e-02	2.649766833599172255e-02	6.938355628965879596e-02
9.917428937993331601e+02	2.805850941807551679e-01	1.818173980211322538e-01	2.328503721385180025e-01	1.404828605051064994e-01	6.797810162235842779e-02	2.659681444063825145e-02	6.968935909108373017e-02
9.965806640129884499e+02	2.797292542354588019e-01	1.812169491514803443e-01	2.332516905536302920e-01	1.408971894165521876e-01	6.821954339581687288e-02	2.669556974242189712e-02	6.998980350423192331e-02
1.001418434226643626e+03	2.788781563888799164e-01	1.806200735426324033e-01	2.336677157310327602e-01	1.413092132713576476e-01	6.844568688883763408e-02	2.679393514747864177e-02	7.028521902937334698e-02
1.006256204440298802e+03	2.780317978693032099e-01	1.800267410555141945e-01	2.340958698032768737e-01	1.417189245110030416e-01	6.865885792601685023e-02	2.689191154088086885e-02	7.057589729359736719e-02
1.011093974653954206e+03	2.771901724175596660e-01	1.794369232115851920e-01	2.345339724551224192e-01	1.421263174313167899e-01	6.886101724678406200e-02	2.698949978877230108e-02	7.086209744845199665e-02
1.015931744867609382e+03	2.763532708411767791e-01	1.788505929474885070e-01	2.349801791873229739e-01	1.425313879665989492e-01	6.905381757048383029e-02	2.708670074030172445e-02	7.114405074621969749e-02
1.020769515081264785e+03	2.755210814825194143e-01	1.782677244080927148e-01	2.354329291982856787e-01	1.429341335036409533e-01	6.923865175556698226e-02	2.718351522937992662e-02	7.142196442210679841e-02
1.025607285294920075e+03	2.746935906143151973e-01	1.776882927719281025e-01	2.358909013839085300e-01	1.433345527211390136e-01	6.941669344221483573e-02	2.727994407628061072e-02	7.169602498980620631e-02
1.030445055508575479e+03	2.738707827738700029e-01	1.771122741039551640e-01	2.363529771897976695e-01	1.437326454506943907e-01	6.958893135100824301e-02	2.737598808910326337e-02	7.196640104116376613e-02
1.035282825722230655e+03	2.730526410455161868e-01	1.765396452313938158e-01	2.368182092474845901e-01	1.441284125561815566e-01	6.975619822734452358e-02	2.747164806511328758e-02	7.223324562655854264e-02
1.040120595935886058e+03	2.722391472993488937e-01	1.759703836390081044e-01	2.372857948928882854e-01	1.445218558287607591e-01	6.991919526692590148e-02	2.756692479197273005e-02	7.249669828068787403e-02
1.044958366149541234e+03	2.714302823930497821e-01	1.754044673808038135e-01	2.377550538059041152e-01	1.449129778952307213e-01	7.007851272734447190e-02	2.766181904887300702e-02	7.275688674838666492e-02
1.049796136363196410e+03	2.706260263425383505e-01	1.748418750055716064e-01	2.382254091287018538e-01	1.453017821377709518e-01	7.023464732081330375e-02	2.775633160757956866e-02	7.301392845661688891e-02
1.054633906576851814e+03	2.698263584662958792e-01	1.742825854941089381e-01	2.386963715205019099e-01	1.456882726234222658e-01	7.038801689027238129e-02	2.785046323339710958e-02	7.326793177159400539e-02
1.059471676790506763e+03	2.690312575074523815e-01	1.737265782062918651e-01	2.391675256911601488e-01	1.460724540419057749e-01	7.053897279275508914e-02	2.794421468606282655e-02	7.351899707396443440e-02
1.064309447004162394e+03	2.682407017370889157e-01	1.731738328364547108e-01	2.396385190272627419e-01	1.464543316505950155e-01	7.068781034777815719e-02	2.803758672057425280e-02	7.376721767983869527e-02
1.069147217217817570e+03	2.674546690416714223e-01	1.726243293757744879e-01	2.401090519846730831e-01	1.468339112256354939e-01	7.083477765270901338e-02	2.813058008795743872e-02	7.401268063117158458e-02
1.073984987431472746e+03	2.666731369970757326e-01	1.720780480805623736e-01	2.405788699723164781e-01	1.472111990183578578e-01	7.098008301996067138e-02	2.822319553598047828e-02	7.425546737533898767e-02
1.078822757645127922e+03	2.658960829312824736e-01	1.715349694455345353e-01	2.410477564949033980e-01	1.475862017162606066e-01	7.112390125110809591e-02	2.831543380981688812e-02	7.449565435068659924e-02
1.083660527858783553e+03	2.651234839774955776e-01	1.709950741812808483e-01	2.415155273585129492e-01	1.479589264079463895e-01	7.126637892946442732e-02	2.840729565266272849e-02	7.473331349222969711e-02
1.088498298072438729e+03	2.643553171191654338e-01	1.704583431952709505e-01	2.419820257735302849e-01	1.483293805514880881e-01	7.140763888433522555e-02	2.849878180631102223e-02	7.496851266949158821e-02
1.093336068286093905e+03	2.635915592281678488e-01	1.699247575758414674e-01	2.424471182152358739e-01	1.486975719457789002e-01	7.154778395626444631e-02	2.858989301168654226e-02	7.520131606661750734e-02
1.098173838499749309e+03	2.628321870971944141e-01	1.693942985786942024e-01	2.429106909241237344e-01	1.490635087044863416e-01	7.168690017241222123e-02	2.868063000934382295e-02	7.543178451333780454e-02
1.103011608713404712e+03	2.620771774672466803e-01	1.688669476155096327e-01	2.433726469464090880e-01	1.494271992322859233e-01	7.182505942417569123e-02	2.877099353993089331e-02	7.565997577403470176e-02
1.107849378927059888e+03	2.613265070509862009e-01	1.683426862443410665e-01	2.438329036307015363e-01	1.497886522030973666e-01	7.196232172479337386e-02	2.886098434462101847e-02	7.588594480105201323e-02
1.112687149140715292e+03	2.605801525525786588e-01	1.678214961615080714e-01	2.442913905099166061e-01	1.501478765400862392e-01	7.209873711254285999e-02	2.895060316551451712e-02	7.610974395744564414e-02
1.117524919354370468e+03	2.598380906845672023e-01	1.673033591947509779e-01	2.447480475085516138e-01	1.505048813972277577e-01	7.223434725490480990e-02	2.903985074601250077e-02	7.633142321357778981e-02
1.122362689568025871e+03	2.591002981822304041e-01	1.667882572974464517e-01	2.452028234247830563e-01	1.508596761422580923e-01	7.236918680042486729e-02	2.912872783116433190e-02	7.655103032128547647e-02
1.127200459781681047e+03	2.583667518158083154e-01	1.662761725437148508e-01	2.456556746447169093e-01	1.512122703408631808e-01	7.250328451771270721e-02	2.921723516799029988e-02	7.676861096878641322e-02
1.132038229995336451e+03	2.576374284009197435e-01	1.657670871242770683e-01	2.461065640527712040e-01	1.515626737419753789e-01	7.263666425486231537e-02	2.930537350578098915e-02	7.698420891900599472e-02
1.136876000208991627e+03	2.569123048074462012e-01	1.652609833429405928e-01	2.465554601077802888e-01	1.519108962640659255e-01	7.276934574738233574e-02	2.939314359637472743e-02	7.719786613360267447e-02
1.141713770422646803e+03	2.561913579671125096e-01	1.647578436136139524e-01	2.470023360591466211e-01	1.522569479823363547e-01	7.290134529834145505e-02	2.948054619441426577e-02	7.740962288462757690e-02
1.146551540636302207e+03	2.554745648799611191e-01	1.642576504577637209e-01	2.474471692813634549e-01	1.526008391167244793e-01	7.303267635073271147e-02	2.956758205758393612e-02	7.761951785546321314e-02
1.151389310849957155e+03	2.547619026198850722e-01	1.637603865022429217e-01	2.478899407086052054e-01	1.529425800206513364e-01	7.316334996893786302e-02	2.965425194682827850e-02	7.782758823244201318e-02
1.156227081063612786e+03	2.540533483393593306e-01	1.632660344774296002e-01	2.483306343539316285e-01	1.532821811704449810e-01	7.329337524353675415e-02	2.974055662655322035e-02	7.803386978833720677e-02
1.161064851277267962e+03	2.533488792734899242e-01	1.627745772156254933e-01	2.487692369000557013e-01	1.536196531553845057e-01	7.342275963148243989e-02	2.982649686481068235e-02	7.823839695874394706e-02
1.165902621490923138e+03	2.526484727434805677e-01	1.622859976496712209e-01	2.492057373506542661e-01	1.539550066683151031e-01	7.355150924178455174e-02	2.991207343346753700e-02	7.844120291221948205e-02
1.170740391704578315e+03	2.519521061596013967e-01	1.618002788117423318e-01	2.496401267329141638e-01	1.542882524967896796e-01	7.367962907525973937e-02	2.999728710835971104e-02	7.864231961492570977e-02
1.175578161918233945e+03	2.512597570237327660e-01	1.613174038322957304e-01	2.500723978434528094e-01	1.546194015146986067e-01	7.380712322556981508e-02	3.008213866943225748e-02	7.884177789041069140e-02
1.180415932131889122e+03	2.505714029315440627e-01	1.608373559391412244e-01	2.505025450309725787e-01	1.549484646743527205e-01	7.393399504764031072e-02	3.016662890086609788e-02	7.903960747507574047e-02
1.185253702345544298e+03	2.498870215743594081e-01	1.603601184566166016e-01	2.509305640100392143e-01	1.552754529989885668e-01	7.406024729859925215e-02	3.025075859119215338e-02	7.923583706979760166e-02
1.190091472559199701e+03	2.492065907407551018e-01	1.598856748048482490e-01	2.513564517012448207e-01	1.556003775756682750e-01	7.418588225557212756e-02	3.033452853339349206e-02	7.943049438811074225e-02
1.194929242772855105e+03	2.485300883179246967e-01	1.594140084990825490e-01	2.517802060937504027e-01	1.559232495485486369e-01	7.431090181399103989e-02	3.041793952499616607e-02	7.962360620129929623e-02
1.199767012986510281e+03	2.478574922928441504e-01	1.589451031490751731e-01	2.522018261268229034e-01	1.562440801124970191e-01	7.443530756950303418e-02	3.050099236814930379e-02	7.981519838070127992e-02
1.204604783200165684e+03	2.471887807532637538e-01	1.584789424585275608e-01	2.526213115875054482e-01	1.565628805070332918e-01	7.455910088607987929e-02	3.058368786969499140e-02	8.000529593748795243e-02
1.209442553413820860e+03	2.465239318885497355e-01	1.580155102245623666e-01	2.530386630220020638e-01	1.568796620105791795e-01	7.468228295252377080e-02	3.066602684122852682e-02	8.019392306014720695e-02
1.214280323627476264e+03	2.458629239903952768e-01	1.575547903372297998e-01	2.534538816587310062e-01	1.571944359349972953e-01	7.480485482921933604e-02	3.074801009914953850e-02	8.038110314987055582e-02
1.219118093841131440e+03	2.452057354534172562e-01	1.570967667790393041e-01	2.538669693413156958e-01	1.575072136204047069e-01	7.492681748669223485e-02	3.082963846470443067e-02	8.056685885401916603e-02
1.223955864054786844e+03	2.445523447756530744e-01	1.566414236245109726e-01	2.542779284700499298e-01	1.578180064302457941e-01	7.504817183728956786e-02	3.091091276402062674e-02	8.075121209782278042e-02
1.228793634268442020e+03	2.439027305589699934e-01	1.561887450397428101e-01	2.546867619505975289e-01	1.581268257466114657e-01	7.516891876109055293e-02	3.099183382813306548e-02	8.093418411444736060e-02
1.233631404482097196e+03	2.432568715093970102e-01	1.557387152819901255e-01	2.550934731488769258e-01	1.584336829657915502e-01	7.528905912698177771e-02	3.107240249300334545e-02	8.111579547355206310e-02
1.238469174695752372e+03	2.426147464373885898e-01	1.552913186992543326e-01	2.554980658512421288e-01	1.587385894940491760e-01	7.540859380968417680e-02	3.115261959953191662e-02	8.129606610844244963e-02
1.243306944909407548e+03	2.419763342580275867e-01	1.548465397298786628e-01	2.559005442292065502e-01	1.590415567436060662e-01	7.552752370339453625e-02	3.123248599356372168e-02	8.147501534191566031e-02
1.248144715123063179e+03	2.413416139911745695e-01	1.544043629021487063e-01	2.563009128080703802e-01	1.593425961288283399e-01	7.564584973259995404e-02	3.131200252588760974e-02	8.165266191088316194e-02
1.252982485336718355e+03	2.407105647615685740e-01	1.539647728338966737e-01	2.566991764389104924e-01	1.596417190626034932e-01	7.576357286053518603e-02	3.139117005222990392e-02	8.182902398984845393e-02
1.257820255550373531e+03	2.400831657988847512e-01	1.535277542321073219e-01	2.570953402734713622e-01	1.599389369528993743e-01	7.588069409567824164e-02	3.146998943324239711e-02	8.200411921330925946e-02
1.262658025764028707e+03	2.394593964377531858e-01	1.530932918925253794e-01	2.574894097415673100e-01	1.602342611994968524e-01	7.599721449661714368e-02	3.154846153448521290e-02	8.217796469714766516e-02
1.267495795977684338e+03	2.388392361177423817e-01	1.526613706992628050e-01	2.578813905306620025e-01	1.605277031908878271e-01	7.611313517556723973e-02	3.162658722640464271e-02	8.235057705906585757e-02
1.272333566191339514e+03	2.382226643833110502e-01	1.522319756244060462e-01	2.582712885673434378e-01	1.608192743013313053e-01	7.622845730077426607e-02	3.170436738430641721e-02	8.252197243812027516e-02
1.277171336404994690e+03	2.376096608837307833e-01	1.518050917276220213e-01	2.586591100004523858e-01	1.611089858880600800e-01	7.634318209800047828e-02	3.178180288832458539e-02	8.269216651340247082e-02
1.282009106618650094e+03	2.370002053729823588e-01	1.513807041557631017e-01	2.590448611856583927e-01	1.613968492886315997e-01	7.645731085125939686e-02	3.185889462338630657e-02	8.286117452191162080e-02
1.286846876832305497e+03	2.363942777096278702e-01	1.509587981424703462e-01	2.594285486713079347e-01	1.616828758184160053e-01	7.657084490293809831e-02	3.193564347917277751e-02	8.302901127565970318e-02
1.291684647045960673e+03	2.357918578566604861e-01	1.505393590077751254e-01	2.598101791853939524e-01	1.619670767682157009e-01	7.668378565342329201e-02	3.201205035007653743e-02	8.319569117804770375e-02
1.296522417259616077e+03	2.351929258813338086e-01	1.501223721576987191e-01	2.601897596235173138e-01	1.622494634020102411e-01	7.679613456032861885e-02	3.208811613515538674e-02	8.336122823954866812e-02
1.301360187473271253e+03	2.345974619549724971e-01	1.497078230838500557e-01	2.605672970377309050e-01	1.625300469548212889e-01	7.690789313740425959e-02	3.216384173808315566e-02	8.352563609273062906e-02
1.306197957686926657e+03	2.340054463527652673e-01	1.492956973630214790e-01	2.609427986261689814e-01	1.628088386306919266e-01	7.701906295319704832e-02	3.223922806709744737e-02	8.368892800665060638e-02
1.311035727900581833e+03	2.334168594535417918e-01	1.488859806567825184e-01	2.613162717233817878e-01	1.630858496007756564e-01	7.712964562951735159e-02	3.231427603494466810e-02	8.385111690064898926e-02
1.315873498114237009e+03	2.328316817395344740e-01	1.484786587110716594e-01	2.616877237913027843e-01	1.633610910015300122e-01	7.723964283975978673e-02	3.238898655882241351e-02	8.401221535757157077e-02
1.320711268327892412e+03	2.322498937961263443e-01	1.480737173557865882e-01	2.620571624107881359e-01	1.636345739330102578e-01	7.734905630711677582e-02	3.246336056031949580e-02	8.417223563644513074e-02
1.325549038541547588e+03	2.316714763115859665e-01	1.476711425043721049e-01	2.624245952736740106e-01	1.639063094572587032e-01	7.745788780271714580e-02	3.253739896535370185e-02	8.433118968463107490e-02
1.330386808755202765e+03	2.310964100767898544e-01	1.472709201534068146e-01	2.627900301753063328e-01	1.641763085967857527e-01	7.756613914371637830e-02	3.261110270410748357e-02	8.448908914948004278e-02
1.335224578968857941e+03	2.305246759849340632e-01	1.468730363821882934e-01	2.631534750075009699e-01	1.644445823331378564e-01	7.767381219136022807e-02	3.268447271096175388e-02	8.464594538950946656e-02
1.340062349182513572e+03	2.299562550312346243e-01	1.464774773523163653e-01	2.635149377518997693e-01	1.647111416055496158e-01	7.778090884903968161e-02	3.275750992442785087e-02	8.480176948512471724e-02
1.344900119396168748e+03	2.293911283126184864e-01	1.460842293072755205e-01	2.638744264736902490e-01	1.649759973096753818e-01	7.788743106035161956e-02	3.283021528707794068e-02	8.495657224890346138e-02
1.349737889609823924e+03	2.288292770274047705e-01	1.456932785720158607e-01	2.642319493156615184e-01	1.652391602963975692e-01	7.799338080717695132e-02	3.290258974547387305e-02	8.511036423546212981e-02
1.354575659823479100e+03	2.282706824749775598e-01	1.453046115525331305e-01	2.645875144925720068e-01	1.655006413707076629e-01	7.809876010778557531e-02	3.297463425009469762e-02	8.526315575092201227e-02
1.359413430037134731e+03	2.277153260554505010e-01	1.449182147354477201e-01	2.649411302858065698e-01	1.657604512906572236e-01	7.820357101497552033e-02	3.304634975526288265e-02	8.541495686199217230e-02
1.364251200250789907e+03	2.271631892693236343e-01	1.445340746875829474e-01	2.652928050383036584e-01	1.660186007663756735e-01	7.830781561425208259e-02	3.311773721906947909e-02	8.556577740468510052e-02
1.369088970464445310e+03	2.266142537171330906e-01	1.441521780555425347e-01	2.656425471497350088e-01	1.662751004591516146e-01	7.841149602205128855e-02	3.318879760329820211e-02	8.571562699268077401e-02
1.373926740678100487e+03	2.260685010990941546e-01	1.437725115652877250e-01	2.659903650719220303e-01	1.665299609805751813e-01	7.851461438401120818e-02	3.325953187334861061e-02	8.586451502535359659e-02
1.378764510891755890e+03	2.255259132147377776e-01	1.433950620217137595e-01	2.663362673044742945e-01	1.667831928917386519e-01	7.861717287329314519e-02	3.332994099815846795e-02	8.601245069547637512e-02
1.383602281105411066e+03	2.249864719625415954e-01	1.430198163082262719e-01	2.666802623906373571e-01	1.670348067024925998e-01	7.871917368895457734e-02	3.340002595012538100e-02	8.615944299661472405e-02
1.388440051319066470e+03	2.244501593395550609e-01	1.426467613863171557e-01	2.670223589133378095e-01	1.672848128707551951e-01	7.882061905437465210e-02	3.346978770502784251e-02	8.630550073022476287e-02
1.393277821532721646e+03	2.239169574410195818e-01	1.422758842951407365e-01	2.673625654914150718e-01	1.675332218018724395e-01	7.892151121573270922e-02	3.353922724194566968e-02	8.645063251246624947e-02
1.398115591746377049e+03	2.233868484599838278e-01	1.419071721510898054e-01	2.677008907760292655e-01	1.677800438480265000e-01	7.902185244053992752e-02	3.360834554317999184e-02	8.659484678074318154e-02
1.402953361960032225e+03	2.228598146869144314e-01	1.415406121473716528e-01	2.680373434472364536e-01	1.680252893076907561e-01	7.912164501622366564e-02	3.367714359417289111e-02	8.673815179998264902e-02
1.407791132173687402e+03	2.223358385093026357e-01	1.411761915535846013e-01	2.683719322107228078e-01	1.682689684251287010e-01	7.922089124876387223e-02	3.374562238342670994e-02	8.688055566866310919e-02
1.412628902387342805e+03	2.218149024112670287e-01	1.408138977152947058e-01	2.687046657946892680e-01	1.685110913899353358e-01	7.931959346138092726e-02	3.381378290242306739e-02	8.702206632460213198e-02
1.417466672600997981e+03	2.212969889731523643e-01	1.404537180536129248e-01	2.690355529468794193e-01	1.687516683366186709e-01	7.941775399327372087e-02	3.388162614554176416e-02	8.716269155051360740e-02
1.422304442814653157e+03	2.207820808711254967e-01	1.400956400647727917e-01	2.693646024317443155e-01	1.689907093442196140e-01	7.951537519840697066e-02	3.394915310997955599e-02	8.730243897934371333e-02
1.427142213028308333e+03	2.202701608767677066e-01	1.397396513197087520e-01	2.696918230277369766e-01	1.692282244359687715e-01	7.961245944434650057e-02	3.401636479566884363e-02	8.744131609939488625e-02
1.431979983241963964e+03	2.197612118566645290e-01	1.393857394636352220e-01	2.700172235247308983e-01	1.694642235789780016e-01	7.970900911114114917e-02	3.408326220519639765e-02	8.757933025924621862e-02
1.436817753455619140e+03	2.192552167719926115e-01	1.390338922156262036e-01	2.703408127215569667e-01	1.696987166839654670e-01	7.980502659025009993e-02	3.414984634372212474e-02	8.771648867247884562e-02
1.441655523669274316e+03	2.187521586781043526e-01	1.386840973681960909e-01	2.706625994236532273e-01	1.699317136050125521e-01	7.990051428351410689e-02	3.421611821889793126e-02	8.785279842221412061e-02
1.446493293882929493e+03	2.182520207241102350e-01	1.383363427868808671e-01	2.709825924408220121e-01	1.701632241393510048e-01	7.999547460216922812e-02	3.428207884078676021e-02	8.798826646547226737e-02
1.451331064096585123e+03	2.177547861524590234e-01	1.379906164098210208e-01	2.713008005850909288e-01	1.703932580271790842e-01	8.008990996590172051e-02	3.434772922178180171e-02	8.812289963735873977e-02
1.456168834310240300e+03	2.172604382985162952e-01	1.376469062473448801e-01	2.716172326686716043e-01	1.706218249515053520e-01	8.018382280194273626e-02	3.441307037652599488e-02	8.825670465508551887e-02
1.461006604523895703e+03	2.167689605901410299e-01	1.373052003815532218e-01	2.719318975020129092e-01	1.708489345380184710e-01	8.027721554420128025e-02	3.447810332183172399e-02	8.838968812183374546e-02
1.465844374737550879e+03	2.162803365472610595e-01	1.369654869659052143e-01	2.722448038919441649e-01	1.710745963549823723e-01	8.037009063243419349e-02	3.454282907660091023e-02	8.852185653046447389e-02
1.470682144951206283e+03	2.157945497814468261e-01	1.366277542248055532e-01	2.725559606399045043e-01	1.712988199131549039e-01	8.046245051145170524e-02	3.460724866174545028e-02	8.865321626708347336e-02
1.475519915164861459e+03	2.153115839954840849e-01	1.362919904531926241e-01	2.728653765402547782e-01	1.715216146657294050e-01	8.055429763035741597e-02	3.467136310010800193e-02	8.878377361446614102e-02
1.480357685378516862e+03	2.148314229829456357e-01	1.359581840161283028e-01	2.731730603786681200e-01	1.717429900082977356e-01	8.064563444182122620e-02	3.473517341638322070e-02	8.891353475534817530e-02
1.485195455592172038e+03	2.143540506277621105e-01	1.356263233483889497e-01	2.734790209305965614e-01	1.719629552788338456e-01	8.073646340138403155e-02	3.479868063703946135e-02	8.904250577558743551e-02
1.490033225805827215e+03	2.138794509037920122e-01	1.352963969540578737e-01	2.737832669598094237e-01	1.721815197576968826e-01	8.082678696679303221e-02	3.486188579024092349e-02	8.917069266720221987e-02
1.494870996019482618e+03	2.134076078743909755e-01	1.349683934061193247e-01	2.740858072170015425e-01	1.723986926676528142e-01	8.091660759736635233e-02	3.492478990577031761e-02	8.929810133129105487e-02
1.499708766233137567e+03	2.129385056919806951e-01	1.346423013460537887e-01	2.743866504384673832e-01	1.726144831739138685e-01	8.100592775338592844e-02	3.498739401495207235e-02	8.942473758083871460e-02
1.504546536446793198e+03	2.124721285976174934e-01	1.343181094834350053e-01	2.746858053448387738e-01	1.728289003841944338e-01	8.109474989551755664e-02	3.504969915057606217e-02	8.955060714341306349e-02
1.509384306660448374e+03	2.120084609205604986e-01	1.339958065955285937e-01	2.749832806398840868e-01	1.730419533487831119e-01	8.118307648425689138e-02	3.511170634682195257e-02	8.967571566375723280e-02
1.514222076874103550e+03	2.115474870778395189e-01	1.336753815268921786e-01	2.752790850093649322e-01	1.732536510606297320e-01	8.127090997940053518e-02	3.517341663918409356e-02	8.980006870628134963e-02
1.519059847087758726e+03	2.110891915738232205e-01	1.333568231889770139e-01	2.755732271199492489e-01	1.734640024554468252e-01	8.135825283954109532e-02	3.523483106439706525e-02	8.992367175745781538e-02
1.523897617301414357e+03	2.106335589997870017e-01	1.330401205597316616e-01	2.758657156181776315e-01	1.736730164118246156e-01	8.144510752158536093e-02	3.529595066036183421e-02	9.004653022812418584e-02
1.528735387515069533e+03	2.101805740334811157e-01	1.327252626832069737e-01	2.761565591294813382e-01	1.738807017513586683e-01	8.153147648029453187e-02	3.535677646607254809e-02	9.016864945569713630e-02
1.533573157728724709e+03	2.097302214386990160e-01	1.324122386691630460e-01	2.764457662572488150e-01	1.740870672387902496e-01	8.161736216784573617e-02	3.541730952154398954e-02	9.029003470630143913e-02
1.538410927942380113e+03	2.092824860648458962e-01	1.321010376926778085e-01	2.767333455819401267e-01	1.742921215821577052e-01	8.170276703341387836e-02	3.547755086773975858e-02	9.041069117681714562e-02
1.543248698156035516e+03	2.088373528465078122e-01	1.317916489937573932e-01	2.770193056602455739e-01	1.744958734329590533e-01	8.178769352277306948e-02	3.553750154650104492e-02	9.053062399684833061e-02
1.548086468369690692e+03	2.083948068030210821e-01	1.314840618769483604e-01	2.773036550242883314e-01	1.746983313863248732e-01	8.187214407791676418e-02	3.559716260047618430e-02	9.064983823061667501e-02
1.552924238583346096e+03	2.079548330380421584e-01	1.311782657109515915e-01	2.775864021808681081e-01	1.748995039812008545e-01	8.195612113669599463e-02	3.565653507305087400e-02	9.076833887878273111e-02
1.557762008797001272e+03	2.075174167391183044e-01	1.308742499282381788e-01	2.778675556107443878e-01	1.750993997005396152e-01	8.203962713247466010e-02	3.571562000827913780e-02	9.088613088019807662e-02
1.562599779010656675e+03	2.070825431772587710e-01	1.305720040246669544e-01	2.781471237679580821e-01	1.752980269715013195e-01	8.212266449380155320e-02	3.577441845081499872e-02	9.100321911359073035e-02
1.567437549224311852e+03	2.066501977065068607e-01	1.302715175591040997e-01	2.784251150791891005e-01	1.754953941656622884e-01	8.220523564409815132e-02	3.583293144584488721e-02	9.111960839918699373e-02
1.572275319437967255e+03	2.062203657635125198e-01	1.299727801530445315e-01	2.787015379431494466e-01	1.756915095992314935e-01	8.228734300136164581e-02	3.589116003902081964e-02	9.123530350027193869e-02
1.577113089651622431e+03	2.057930328671060127e-01	1.296757814902349260e-01	2.789764007300092330e-01	1.758863815332742664e-01	8.236898897788255680e-02	3.594910527639426367e-02	9.135030912469116471e-02
1.581950859865277607e+03	2.053681846178724013e-01	1.293805113162992126e-01	2.792497117808548368e-01	1.760800181739426984e-01	8.245017597997635062e-02	3.600676820435083636e-02	9.146462992629611488e-02
1.586788630078933011e+03	2.049458066977269677e-01	1.290869594383652896e-01	2.795214794071779751e-01	1.762724276727127837e-01	8.253090640772842157e-02	3.606414986954568913e-02	9.157827050633535193e-02
1.591626400292587959e+03	2.045258848694917475e-01	1.287951157246941813e-01	2.797917118903939238e-01	1.764636181266271142e-01	8.261118265475199396e-02	3.612125131883972551e-02	9.169123541479380635e-02
1.596464170506243590e+03	2.041084049764728403e-01	1.285049701043109172e-01	2.800604174813881020e-01	1.766535975785436807e-01	8.269100710795831977e-02	3.617807359923649185e-02	9.180352915168217554e-02
1.601301940719898766e+03	2.036933529420391631e-01	1.282165125666372418e-01	2.803276044000894696e-01	1.768423740173895586e-01	8.277038214733861698e-02	3.623461775781996325e-02	9.191515616827854174e-02
1.606139710933553943e+03	2.032807147692020644e-01	1.279297331611264910e-01	2.805932808350698471e-01	1.770299553784196456e-01	8.284931014575752650e-02	3.629088484169296080e-02	9.202612086832399896e-02
1.610977481147209119e+03	2.028704765401962706e-01	1.276446219969001872e-01	2.808574549431681056e-01	1.772163495434801728e-01	8.292779346875717161e-02	3.634687589791646412e-02	9.213642760917420405e-02
1.615815251360864750e+03	2.024626244160619704e-01	1.273611692423867181e-01	2.811201348491377261e-01	1.774015643412761023e-01	8.300583447437179241e-02	3.640259197344964531e-02	9.224608070290865602e-02
1.620653021574519926e+03	2.020571446362282308e-01	1.270793651249619571e-01	2.813813286453173412e-01	1.775856075476428264e-01	8.308343551295234442e-02	3.645803411509063868e-02	9.235508441739928576e-02
1.625490791788175102e+03	2.016540235180976082e-01	1.267991999305917994e-01	2.816410443913230921e-01	1.777684868858213085e-01	8.316059892700054801e-02	3.651320336941817069e-02	9.246344297734016004e-02
1.630328562001830505e+03	2.012532474566320062e-01	1.265206640034765850e-01	2.818992901137615248e-01	1.779502100267368048e-01	8.323732705101213880e-02	3.656810078273388387e-02	9.257116056523970182e-02
1.635166332215485909e+03	2.008548029239401456e-01	1.262437477456976320e-01	2.821560738059627482e-01	1.781307845892806108e-01	8.331362221132898593e-02	3.662272740100552815e-02	9.267824132237699464e-02
1.640004102429141085e+03	2.004586764688661149e-01	1.259684416168657117e-01	2.824114034277322993e-01	1.783102181405946673e-01	8.338948672599949541e-02	3.667708426981081821e-02	9.278468934972357307e-02
1.644841872642796488e+03	2.000648547165795876e-01	1.256947361337713009e-01	2.826652869051214378e-01	1.784885181963588863e-01	8.346492290464706254e-02	3.673117243428215828e-02	9.289050870883221178e-02
1.649679642856451665e+03	1.996733243681672876e-01	1.254226218700370543e-01	2.829177321302153714e-01	1.786656922210807241e-01	8.353993304834633760e-02	3.678499293905205386e-02	9.299570342269380951e-02
1.654517413070107068e+03	1.992840722002258702e-01	1.251520894557720531e-01	2.831687469609374119e-01	1.788417476283872820e-01	8.361451944950683279e-02	3.683854682819939080e-02	9.310027747656382524e-02
1.659355183283762244e+03	1.988970850644564969e-01	1.248831295772280386e-01	2.834183392208697860e-01	1.790166917813189595e-01	8.368868439176357921e-02	3.689183514519639440e-02	9.320423481875944605e-02
1.664192953497417420e+03	1.985123498872607140e-01	1.246157329764576577e-01	2.836665166990896547e-01	1.791905319926251627e-01	8.376243014987463931e-02	3.694485893285637951e-02	9.330757936142854148e-02
1.669030723711072824e+03	1.981298536693380519e-01	1.243498904509746650e-01	2.839132871500194555e-01	1.793632755250615107e-01	8.383575898962505879e-02	3.699761923328228480e-02	9.341031498129172272e-02
1.673868493924728000e+03	1.977495834852849022e-01	1.240855928534160407e-01	2.841586582932920102e-01	1.795349295916884858e-01	8.390867316773700790e-02	3.705011708781594942e-02	9.351244552035836710e-02
1.678706264138383403e+03	1.973715264831950311e-01	1.238228310912060509e-01	2.844026378136282340e-01	1.797055013561713599e-01	8.398117493178601511e-02	3.710235353698812522e-02	9.361397478661784288e-02
1.683544034352038352e+03	1.969956698842619813e-01	1.235615961262223200e-01	2.846452333607285556e-01	1.798749979330810100e-01	8.405326652012277966e-02	3.715432962046926607e-02	9.371490655470678111e-02
1.688381804565693983e+03	1.966220009823824721e-01	1.233018789744637911e-01	2.848864525491757171e-01	1.800434263881958152e-01	8.412495016180049356e-02	3.720604637702105977e-02	9.381524456655332411e-02
1.693219574779349159e+03	1.962505071437620208e-01	1.230436707057205731e-01	2.851263029583501751e-01	1.802107937388042758e-01	8.419622807650743723e-02	3.725750484444869531e-02	9.391499253199948882e-02
1.698057344993004335e+03	1.958811758065217568e-01	1.227869624432458978e-01	2.853647921323562708e-01	1.803771069540081873e-01	8.426710247450452940e-02	3.730870605955385888e-02	9.401415412940218597e-02
1.702895115206659511e+03	1.955139944803069574e-01	1.225317453634298115e-01	2.856019275799592805e-01	1.805423729550264533e-01	8.433757555656762328e-02	3.735965105808849301e-02	9.411273300621400550e-02
1.707732885420315142e+03	1.951489507458974426e-01	1.222780106954749479e-01	2.858377167745328462e-01	1.807065986154990644e-01	8.440764951393460447e-02	3.741034087470927055e-02	9.421073277954447600e-02
1.712570655633970318e+03	1.947860322548193024e-01	1.220257497210740644e-01	2.860721671540160660e-01	1.808697907617913825e-01	8.447732652825661048e-02	3.746077654293277631e-02	9.430815703670247796e-02
1.717408425847625494e+03	1.944252267289585112e-01	1.217749537740896726e-01	2.863052861208799649e-01	1.810319561732986748e-01	8.454660877155370513e-02	3.751095909509143123e-02	9.440500933572078257e-02
1.722246196061280898e+03	1.940665219601761804e-01	1.215256142402354189e-01	2.865370810421031811e-01	1.811931015827503433e-01	8.461549840617432761e-02	3.756088956229011733e-02	9.450129320586313220e-02
1.727083966274936301e+03	1.937099058099253091e-01	1.212777225567594763e-01	2.867675592491563119e-01	1.813532336765144304e-01	8.468399758475884942e-02	3.761056897436353824e-02	9.459701214811479242e-02
1.731921736488591478e+03	1.933553662088695890e-01	1.210312702121297407e-01	2.869967280379937535e-01	1.815123590949016263e-01	8.475210845020664241e-02	3.765999835983423888e-02	9.469216963565710299e-02
1.736759506702246881e+03	1.930028911565035421e-01	1.207862487457209977e-01	2.872245946690543117e-01	1.816704844324690538e-01	8.481983313564674110e-02	3.770917874587135371e-02	9.478676911432666607e-02
1.741597276915902057e+03	1.926524687207746001e-01	1.205426497475039493e-01	2.874511663672685846e-01	1.818276162383237748e-01	8.488717376441184959e-02	3.775811115825006281e-02	9.488081400305986568e-02
1.746435047129557461e+03	1.923040870377066558e-01	1.203004648577360725e-01	2.876764503220738400e-01	1.819837610164257991e-01	8.495413245001559588e-02	3.780679662131168628e-02	9.497430769432309294e-02
1.751272817343212637e+03	1.919577343110255851e-01	1.200596857666543782e-01	2.879004536874356091e-01	1.821389252258902858e-01	8.502071129613286704e-02	3.785523615792450031e-02	9.506725355452949611e-02
1.756110587556867813e+03	1.916133988117864340e-01	1.198203042141700314e-01	2.881231835818757747e-01	1.822931152812895528e-01	8.508691239658311423e-02	3.790343078944521937e-02	9.515965492444258822e-02
1.760948357770523216e+03	1.912710688780021595e-01	1.195823119895648573e-01	2.883446470885068780e-01	1.824463375529539744e-01	8.515273783531643326e-02	3.795138153568114459e-02	9.525151511956723993e-02
1.765786127984178393e+03	1.909307329142742593e-01	1.193457009311896105e-01	2.885648512550724187e-01	1.825985983672723245e-01	8.521818968640233749e-02	3.799908941485298508e-02	9.534283743052869575e-02
1.770623898197833569e+03	1.905923793914251207e-01	1.191104629261641318e-01	2.887838030939925416e-01	1.827499040069913150e-01	8.528327001402119523e-02	3.804655544355831781e-02	9.543362512343989135e-02
1.775461668411488745e+03	1.902559968461319528e-01	1.188765899100794055e-01	2.890015095824157720e-01	1.829002607115139956e-01	8.534798087245808185e-02	3.809378063673572040e-02	9.552388144025768246e-02
1.780299438625144376e+03	1.899215738805626053e-01	1.186440738667012135e-01	2.892179776622746945e-01	1.830496746771974881e-01	8.541232430609886628e-02	3.814076600762952851e-02	9.561360959912829083e-02
1.785137208838799552e+03	1.895890991620131361e-01	1.184129068276758984e-01	2.894332142403476804e-01	1.831981520576495270e-01	8.547630234942876770e-02	3.818751256775525238e-02	9.570281279472243885e-02
1.789974979052454728e+03	1.892585614225469337e-01	1.181830808722377085e-01	2.896472261883249466e-01	1.833456989640239454e-01	8.553991702703292455e-02	3.823402132686562482e-02	9.579149419856061720e-02
1.794812749266109904e+03	1.889299494586359207e-01	1.179545881269180030e-01	2.898600203428785549e-01	1.834923214653151613e-01	8.560317035359900351e-02	3.828029329291725291e-02	9.587965695932881838e-02
1.799650519479765535e+03	1.886032521308029508e-01	1.177274207652563021e-01	2.900716035057374076e-01	1.836380255886513047e-01	8.566606433392182085e-02	3.832632947203793577e-02	9.596730420318498600e-02
1.804488289693420711e+03	1.882784583632665654e-01	1.175015710075130171e-01	2.902819824437654628e-01	1.837828173195864001e-01	8.572860096290983722e-02	3.837213086849453059e-02	9.605443903405687378e-02
1.809326059907075887e+03	1.879555571435869987e-01	1.172770311203840399e-01	2.904911638890445569e-01	1.839267026023910234e-01	8.579078222559334554e-02	3.841769848466151244e-02	9.614106453393117535e-02
1.814163830120731291e+03	1.876345375223141820e-01	1.170537934167170252e-01	2.906991545389602805e-01	1.840696873403418754e-01	8.585261009713450464e-02	3.846303332099005462e-02	9.622718376313471600e-02
1.819001600334386467e+03	1.873153886126373846e-01	1.168318502552294635e-01	2.909059610562914622e-01	1.842117773960100235e-01	8.591408654283888557e-02	3.850813637597773342e-02	9.631279976060766468e-02
1.823839370548041643e+03	1.869980995900365761e-01	1.166111940402284747e-01	2.911115900693032055e-01	1.843529785915476726e-01	8.597521351816857227e-02	3.855300864613887130e-02	9.639791554416923813e-02
1.828677140761696819e+03	1.866826596919356485e-01	1.163918172213323915e-01	2.913160481718425898e-01	1.844932967089736031e-01	8.603599296875685809e-02	3.859765112597537268e-02	9.648253411077620245e-02
1.833514910975352450e+03	1.863690582173571086e-01	1.161737122931939675e-01	2.915193419234375916e-01	1.846327374904573049e-01	8.609642683042417755e-02	3.864206480794821902e-02	9.656665843677432470e-02
1.838352681189008081e+03	1.860572845265788255e-01	1.159568717952253331e-01	2.917214778493989469e-01	1.847713066386015013e-01	8.615651702919549515e-02	3.868625068244947729e-02	9.665029147814312160e-02
1.843190451402663257e+03	1.857473280407922478e-01	1.157412883113247970e-01	2.919224624409244018e-01	1.849090098167233132e-01	8.621626548131891554e-02	3.873020973777488440e-02	9.673343617073416889e-02
1.848028221616318433e+03	1.854391782417624812e-01	1.155269544696050643e-01	2.921223021552055155e-01	1.850458526491339240e-01	8.627567409328557035e-02	3.877394296009703534e-02	9.681609543050313793e-02
1.852865991829973609e+03	1.851328246714899761e-01	1.153138629421234795e-01	2.923210034155371284e-01	1.851818407214165796e-01	8.633474476185062918e-02	3.881745133343907778e-02	9.689827215373589264e-02
1.857703762043628785e+03	1.848282569318740187e-01	1.151020064446136026e-01	2.925185726114285512e-01	1.853169795807034226e-01	8.639347937405533751e-02	3.886073583964892719e-02	9.697996921726882713e-02
1.862541532257283961e+03	1.845254646843779711e-01	1.148913777362187694e-01	2.927150160987176952e-01	1.854512747359503555e-01	8.645187980725030363e-02	3.890379745837409253e-02	9.706118947870354119e-02
1.867379302470939592e+03	1.842244376496960101e-01	1.146819696192270949e-01	2.929103401996862033e-01	1.855847316582105166e-01	8.650994792911953502e-02	3.894663716703698764e-02	9.714193577661636714e-02
1.872217072684594768e+03	1.839251656074218921e-01	1.144737749388082121e-01	2.931045512031775213e-01	1.857173557809062847e-01	8.656768559770558480e-02	3.898925594081077001e-02	9.722221093076249820e-02
1.877054842898249490e+03	1.836276383957190506e-01	1.142667865827516199e-01	2.932976553647158591e-01	1.858491525000995348e-01	8.662509466143557268e-02	3.903165475259570694e-02	9.730201774227544009e-02
1.881892613111905121e+03	1.833318459109927190e-01	1.140609974812067384e-01	2.934896589066275374e-01	1.859801271747602569e-01	8.668217695914806620e-02	3.907383457299607593e-02	9.738135899386139716e-02
1.886730383325560297e+03	1.830377781075636090e-01	1.138564006064244488e-01	2.936805680181635569e-01	1.861102851270336478e-01	8.673893432012066973e-02	3.911579637029755779e-02	9.746023744998930094e-02
1.891568153539215928e+03	1.827454249973431699e-01	1.136529889725004100e-01	2.938703888556237209e-01	1.862396316425055931e-01	8.679536856409855727e-02	3.915754111044508767e-02	9.753865585707627295e-02
1.896405923752871104e+03	1.824547766495106804e-01	1.134507556351198598e-01	2.940591275424821460e-01	1.863681719704664008e-01	8.685148150132357414e-02	3.919906975702128898e-02	9.761661694366882691e-02
1.901243693966526507e+03	1.821658231901920888e-01	1.132496936913040542e-01	2.942467901695143273e-01	1.864959113241728694e-01	8.690727493256414360e-02	3.924038327122533754e-02	9.769412342061997712e-02
1.906081464180181683e+03	1.818785548021401854e-01	1.130497962791582878e-01	2.944333827949249804e-01	1.866228548811088850e-01	8.696275064914574249e-02	3.928148261185231138e-02	9.777117798126239157e-02
1.910919234393836859e+03	1.815929617244169125e-01	1.128510565776214558e-01	2.946189114444774937e-01	1.867490077832441309e-01	8.701791043298207073e-02	3.932236873527304721e-02	9.784778330157768711e-02
1.915757004607492036e+03	1.813090342520768672e-01	1.126534678062172667e-01	2.948033821116242126e-01	1.868743751372912154e-01	8.707275605660672047e-02	3.936304259541445472e-02	9.792394204036200533e-02
1.920594774821147894e+03	1.810267627358528031e-01	1.124570232248068985e-01	2.949868007576379458e-01	1.869989620149611342e-01	8.712728928320553901e-02	3.940350514374028196e-02	9.799965683938814676e-02
1.925432545034802843e+03	1.807461375818427418e-01	1.122617161333433200e-01	2.951691733117437488e-01	1.871227734532170672e-01	8.718151186664935270e-02	3.944375732923235955e-02	9.807493032356415230e-02
1.930270315248458019e+03	1.804671492511984443e-01	1.120675398716270560e-01	2.953505056712525945e-01	1.872458144545264269e-01	8.723542555152725975e-02	3.948380009837228893e-02	9.814976510108858188e-02
