9.723918129447120009e+02	2.836757642239483568e-01	1.847642008153685678e-01	2.317086978522510665e-01	1.386461822695298773e-01	6.689059284395389160e-02	2.591975225615616649e-02	6.839480973838098221e-02
9.772295831583674044e+02	2.828051400558402317e-01	1.841435884755236452e-01	2.320010147139797418e-01	1.390700559035473738e-01	6.723454960886363074e-02	2.602468685020393330e-02	6.872096439163029313e-02
9.820673533720223531e+02	2.819391775024341906e-01	1.835267443369693052e-01	2.323267765854196421e-01	1.394917724957365490e-01	6.754601809879405561e-02	2.612916213092537909e-02	6.904034884930980442e-02
9.869051235856777566e+02	2.810778985100714222e-01	1.829136258016269279e-01	2.326803025268107949e-01	1.399113077149170270e-01	6.783021414600116927e-02	2.623317995548634859e-02	6.935347134467523267e-02
9.917428937993331601e+02	2.802213174019900221e-01	1.823041939258674415e-01	2.330568259188709745e-01	1.403286409660428891e-01	6.809150534445422565e-02	2.633674214203576142e-02	6.966077430032767415e-02
9.965806640129884499e+02	2.793694421217060020e-01	1.816984128412408583e-01	2.334523466452194107e-01	1.407437549023899115e-01	6.833354865742893858e-02	2.643985047253504667e-02	6.996264435906887624e-02
1.001418434226643626e+03	2.785222752754617503e-01	1.810962492692886616e-01	2.338635072139845228e-01	1.411566350111398138e-01	6.855940571942963080e-02	2.654250669531952461e-02	7.025942081496516778e-02
1.006256204440298802e+03	2.776798150062746995e-01	1.804976721151792252e-01	2.342874889398431915e-01	1.415672692607062577e-01	6.877163944734500378e-02	2.664471252742611415e-02	7.055140270281458348e-02
1.011093974653954206e+03	2.768420557268492233e-01	1.799026521273801860e-01	2.347219249362682281e-01	1.419756478000259170e-01	6.897239498993423812e-02	2.674646965671666904e-02	7.083885476241462420e-02
1.015931744867609382e+03	2.760089887341977688e-01	1.793111616126539520e-01	2.351648271944369317e-01	1.423817627016133180e-01	6.916346755386339196e-02	2.684777974382173901e-02	7.112201245900191815e-02
1.020769515081264785e+03	2.751806027251159636e-01	1.787231741973998311e-01	2.356145254665845956e-01	1.427856077414973723e-01	6.934635923318184514e-02	2.694864442392599577e-02	7.140108621188344384e-02
1.025607285294920075e+03	2.743568842285549203e-01	1.781386646278203811e-01	2.360696160413971179e-01	1.431871782102649704e-01	6.952232662445612110e-02	2.704906530841337184e-02	7.167626495868213710e-02
1.030445055508575479e+03	2.735378179683357613e-01	1.775576086026104672e-01	2.365289188089247929e-01	1.435864707503635984e-01	6.969242072095968576e-02	2.714904398638746941e-02	7.194771916200726203e-02
1.035282825722230655e+03	2.727233871674722976e-01	1.769799826328878056e-01	2.369914412721663977e-01	1.439834832155931499e-01	6.985752033730276145e-02	2.724858202608044372e-02	7.221560334808620196e-02
1.040120595935886058e+03	2.719135738035448613e-01	1.764057639249409781e-01	2.374563483800634089e-01	1.443782145493689439e-01	7.001836011309058028e-02	2.734768097616187971e-02	7.248005825241835010e-02
1.044958366149541234e+03	2.711083588230369656e-01	1.758349302820879367e-01	2.379229372389756736e-01	1.447706646788842200e-01	7.017555397426616937e-02	2.744634236695747687e-02	7.274121263538051163e-02
1.049796136363196410e+03	2.703077223212665414e-01	1.752674600225389290e-01	2.383906159124929702e-01	1.451608344227588443e-01	7.032961478839946934e-02	2.754456771158613274e-02	7.299918482054600088e-02
1.054633906576851814e+03	2.695116436934690829e-01	1.747033319106620353e-01	2.388588856474643252e-01	1.455487254101454353e-01	7.048097083086574122e-02	2.764235850702281491e-02	7.325408399995951558e-02
1.059471676790506763e+03	2.687201017616901999e-01	1.741425250994707852e-01	2.393273259714065182e-01	1.459343400095862164e-01	7.062997957887316713e-02	2.773971623509370599e-02	7.350601134346836096e-02
1.064309447004162394e+03	2.679330748813919527e-01	1.735850190825079797e-01	2.397955821963501932e-01	1.463176812661842463e-01	7.077693926651947021e-02	2.783664236340931825e-02	7.375506094322588357e-02
1.069147217217817570e+03	2.671505410310429651e-01	1.730307936535951940e-01	2.402633549395103152e-01	1.466987528458797152e-01	7.092209856385366107e-02	2.793313834624052555e-02	7.400132061946668172e-02
1.073984987431472746e+03	2.663724778874365651e-01	1.724798288731663742e-01	2.407303913342907775e-01	1.470775589858120957e-01	7.106566468409263038e-02	2.802920562534189433e-02	7.424487260944880040e-02
1.078822757645127922e+03	2.655988628890337822e-01	1.719321050401114714e-01	2.411964776580267922e-01	1.474541044499085574e-01	7.120781017384865408e-02	2.812484563072629312e-02	7.448579415793366021e-02
1.083660527858783553e+03	2.648296732892585492e-01	1.713876026682311926e-01	2.416614331471922672e-01	1.478283944889732249e-01	7.134867859991866901e-02	2.822005978139413215e-02	7.472415802462119283e-02
1.088498298072438729e+03	2.640648862013603160e-01	1.708463024665487495e-01	2.421251048079400559e-01	1.482004348046644937e-01	7.148838931157476539e-02	2.831484948602044568e-02	7.496003292148042951e-02
1.093336068286093905e+03	2.633044786361971035e-01	1.703081853228483322e-01	2.425873630609658993e-01	1.485702315168416776e-01	7.162704142829298681e-02	2.840921614360254061e-02	7.519348389084075379e-02
1.098173838499749309e+03	2.625484275340748130e-01	1.697732322899111745e-01	2.430480980857674111e-01	1.489377911338421734e-01	7.176471717855491261e-02	2.850316114407073359e-02	7.542457263336811712e-02
1.103011608713404712e+03	2.617967097915939179e-01	1.692414245740068990e-01	2.435072167512223884e-01	1.493031205253170512e-01	7.190148469499289818e-02	2.859668586886449787e-02	7.565335779359173840e-02
1.107849378927059888e+03	2.610493022843015654e-01	1.687127435252696317e-01	2.439646400377254443e-01	1.496662268973079357e-01	7.203740035408574827e-02	2.868979169147603189e-02	7.587989520942306498e-02
1.112687149140715292e+03	2.603061818858183885e-01	1.681871706296483304e-01	2.444203008714660452e-01	1.500271177692972246e-01	7.217251073431357744e-02	2.878247997796320318e-02	7.610423813108271873e-02
1.117524919354370468e+03	2.595673254840002442e-01	1.676646875021716165e-01	2.448741423042923304e-01	1.503858009530014139e-01	7.230685425469927929e-02	2.887475208743358127e-02	7.632643741399099124e-02
1.122362689568025871e+03	2.588327099946071685e-01	1.671452758813096462e-01	2.453261159833796667e-01	1.507422845327120176e-01	7.244046254562433451e-02	2.896660937250116266e-02	7.654654168945548842e-02
1.127200459781681047e+03	2.581023123728721225e-01	1.666289176242510550e-01	2.457761808639539747e-01	1.510965768470159398e-01	7.257336159539505560e-02	2.905805317971727961e-02	7.676459751638407825e-02
1.132038229995336451e+03	2.573761096233027623e-01	1.661155947029423208e-01	2.462243021258866127e-01	1.514486864717516923e-01	7.270557270898568569e-02	2.914908484997707355e-02	7.698064951674339629e-02
1.136876000208991627e+03	2.566540788079929580e-01	1.656052892007626176e-01	2.466704502613190630e-01	1.517986222040767774e-01	7.283711330947850726e-02	2.923970571890279965e-02	7.719474049705676855e-02
1.141713770422646803e+03	2.559361970536778719e-01	1.650979833097271920e-01	2.471146003057895224e-01	1.521463930475399073e-01	7.296799760777204769e-02	2.932991711720514191e-02	7.740691155787782218e-02
1.146551540636302207e+03	2.552224415577278305e-01	1.645936593281299432e-01	2.475567311897867995e-01	1.524920081980646325e-01	7.309823716198123045e-02	2.941972037102372553e-02	7.761720219287544797e-02
1.151389310849957155e+03	2.545127895932460249e-01	1.640922996585512106e-01	2.479968251913889365e-01	1.528354770307639721e-01	7.322784134447826720e-02	2.950911680224777706e-02	7.782565037891346627e-02
1.156227081063612786e+03	2.538072185134078174e-01	1.635938868061680984e-01	2.484348674737711926e-01	1.531768090875158250e-01	7.335681773161190078e-02	2.959810772881799751e-02	7.803229265829686456e-02
1.161064851277267962e+03	2.531057057551579503e-01	1.630984033773150987e-01	2.488708456939886238e-01	1.535160140652371830e-01	7.348517242870249155e-02	2.968669446501054701e-02	7.823716421417779843e-02
1.165902621490923138e+03	2.524082288423628584e-01	1.626058320782521327e-01	2.493047496716360167e-01	1.538531018048030219e-01	7.361291034086620000e-02	2.977487832170401874e-02	7.844029893996537495e-02
1.170740391704578315e+03	2.517147653885001835e-01	1.621161557141032050e-01	2.497365711078274597e-01	1.541880822805622164e-01	7.374003539850917943e-02	2.986266060663021402e-02	7.864172950345710289e-02
1.175578161918233945e+03	2.510252930989548270e-01	1.616293571879355850e-01	2.501663033464814334e-01	1.545209655904075108e-01	7.386655074489688333e-02	2.995004262460954775e-02	7.884148740630378405e-02
1.180415932131889122e+03	2.503397897729791599e-01	1.611454194999544509e-01	2.505939411711900489e-01	1.548517619463617434e-01	7.399245889200145587e-02	3.003702567777178506e-02	7.903960303933088571e-02
1.185253702345544298e+03	2.496582333053666281e-01	1.606643257467917363e-01	2.510194806320346639e-01	1.551804816656470187e-01	7.411776184982274418e-02	3.012361106576283767e-02	7.923610573416384195e-02
1.190091472559199701e+03	2.489806016878798878e-01	1.601860591208718876e-01	2.514429188976184948e-01	1.555071351622054898e-01	7.424246123353389626e-02	3.020980008593828273e-02	7.943102381154153180e-02
1.194929242772855105e+03	2.483068730104684152e-01	1.597106029098397384e-01	2.518642541283482861e-01	1.558317329386444683e-01	7.436655835209562970e-02	3.029559403354424932e-02	7.962438462664868377e-02
1.199767012986510281e+03	2.476370254623046496e-01	1.592379404960386768e-01	2.522834853676351186e-01	1.561542855785812145e-01	7.449005428139059137e-02	3.038099420188626262e-02	7.981621461175299193e-02
1.204604783200165684e+03	2.469710373326638175e-01	1.587680553560291141e-01	2.527006124482192306e-01	1.564748037393641211e-01	7.461294992443257001e-02	3.046600188248664576e-02	8.000653931639400973e-02
1.209442553413820860e+03	2.463088870116683371e-01	1.583009310601387609e-01	2.531156359112729515e-01	1.567932981451495844e-01	7.473524606078964239e-02	3.055061836523102065e-02	8.019538344533920504e-02
1.214280323627476264e+03	2.456505529909145669e-01	1.578365512720379671e-01	2.535285569363103786e-01	1.571097795803156894e-01	7.485694338701180672e-02	3.063484493850442483e-02	8.038277089449472057e-02
1.219118093841131440e+03	2.449960138639970808e-01	1.573748997483344070e-01	2.539393772802492899e-01	1.574242588831944456e-01	7.497804254956169645e-02	3.071868288931755425e-02	8.056872478493505574e-02
1.223955864054786844e+03	2.443452483269433484e-01	1.569159603381828083e-01	2.543480992242340144e-01	1.577367469401068367e-01	7.509854417150244044e-02	3.080213350342362461e-02	8.075326749519652625e-02
1.228793634268442020e+03	2.436982351785694778e-01	1.564597169829052559e-01	2.547547255270494748e-01	1.580472546796849453e-01	7.521844887399205259e-02	3.088519806542626422e-02	8.093642069196205213e-02
1.233631404482097196e+03	2.430549533207668755e-01	1.560061537156197387e-01	2.551592593841440215e-01	1.583557930674675263e-01	7.533775729346187111e-02	3.096787785887891026e-02	8.111820535925057252e-02
1.238469174695752372e+03	2.424153817587272886e-01	1.555552546608738040e-01	2.555617043914320541e-01	1.586623731007550664e-01	7.545647009521316839e-02	3.105017416637614186e-02	8.129864182621204804e-02
1.243306944909407548e+03	2.417794996011132513e-01	1.551070040342815703e-01	2.559620645131805983e-01	1.589670058037127576e-01	7.557458798404551037e-02	3.113208826963727652e-02	8.147774979361864511e-02
1.248144715123063179e+03	2.411472860601800439e-01	1.546613861421624325e-01	2.563603440533926414e-01	1.592697022227091141e-01	7.569211171242964942e-02	3.121362144958270135e-02	8.165554835913303722e-02
1.252982485336718355e+03	2.405187204518538235e-01	1.542183853811799898e-01	2.567565476301919558e-01	1.595704734218795495e-01	7.580904208665337207e-02	3.129477498640319960e-02	8.183205604142772260e-02
1.257820255550373531e+03	2.398937821957706218e-01	1.537779862379805851e-01	2.571506801527915775e-01	1.598693304789044756e-01	7.592537997129805705e-02	3.137555015962274763e-02	8.200729080322158304e-02
1.262658025764028707e+03	2.392724508152798135e-01	1.533401732888299562e-01	2.575427468006935561e-01	1.601662844809921549e-01	7.604112629234456577e-02	3.145594824815496626e-02	8.218127007329467659e-02
1.267495795977684338e+03	2.386547059374155288e-01	1.529049311992480842e-01	2.579327530048211026e-01	1.604613465210570911e-01	7.615628203915736361e-02	3.153597053035366027e-02	8.235401076753683103e-02
1.272333566191339514e+03	2.380405272928387272e-01	1.524722447236414313e-01	2.583207044303309496e-01	1.607545276940852141e-01	7.627084826555453889e-02	3.161561828405771296e-02	8.252552930908105266e-02
1.277171336404994690e+03	2.374298947157527095e-01	1.520420987049322936e-01	2.587066069608912056e-01	1.610458390936773954e-01	7.638482609013658164e-02	3.169489278663058934e-02	8.269584164756885181e-02
1.282009106618650094e+03	2.368227881437939275e-01	1.516144780741850440e-01	2.590904666842434589e-01	1.613352918087634369e-01	7.649821669601777896e-02	3.177379531499476689e-02	8.286496327759125535e-02
1.286846876832305497e+03	2.362191876179003669e-01	1.511893678502291283e-01	2.594722898788939247e-01	1.616228969204792087e-01	7.661102133007971493e-02	3.185232714566137158e-02	8.303290925634590480e-02
1.291684647045960673e+03	2.356190732821593914e-01	1.507667531392788418e-01	2.598520830018025141e-01	1.619086654991993834e-01	7.672324130184624003e-02	3.193048955475520645e-02	8.319969422054801500e-02
1.296522417259616077e+03	2.350224253836361021e-01	1.503466191345496916e-01	2.602298526769562526e-01	1.621926086017193569e-01	7.683487798206214969e-02	3.200828381803548506e-02	8.336533240263060973e-02
1.301360187473271253e+03	2.344292242721841002e-01	1.499289511158715393e-01	2.606056056847317337e-01	1.624747372685794167e-01	7.694593280104353172e-02	3.208571121091243622e-02	8.352983764626692453e-02
1.306197957686926657e+03	2.338394504002396235e-01	1.495137344492985798e-01	2.609793489519636744e-01	1.627550625215252733e-01	7.705640724685619558e-02	3.216277300846006465e-02	8.369322342124624337e-02
1.311035727900581833e+03	2.332530843226004458e-01	1.491009545867161834e-01	2.613510895426479075e-01	1.630335953610989874e-01	7.716630286336847999e-02	3.223947048542525479e-02	8.385550283773238189e-02
1.315873498114237009e+03	2.326701066961903985e-01	1.486905970654446851e-01	2.617208346492181925e-01	1.633103467643544082e-01	7.727562124821628353e-02	3.231580491623339130e-02	8.401668865993223989e-02
1.320711268327892412e+03	2.320904982798104310e-01	1.482826475078404260e-01	2.620885915843435554e-01	1.635853276826917668e-01	7.738436405071177915e-02	3.239177757499071136e-02	8.417679331920094321e-02
1.325549038541547588e+03	2.315142399338774304e-01	1.478770916208939912e-01	2.624543677731991931e-01	1.638585490398066224e-01	7.749253296972107019e-02	3.246738973548358304e-02	8.433582892660770880e-02
1.330386808755202765e+03	2.309413126201508293e-01	1.474739151958261718e-01	2.628181707461722527e-01	1.641300217297475550e-01	7.760012975153141035e-02	3.254264267117489007e-02	8.449380728498644133e-02
1.335224578968857941e+03	2.303716974014488605e-01	1.470731041076811241e-01	2.631800081319657370e-01	1.643997566150784961e-01	7.770715618772472411e-02	3.261753765519764120e-02	8.465073990049296060e-02
1.340062349182513572e+03	2.298053754413539873e-01	1.466746443149177515e-01	2.635398876510705035e-01	1.646677645251407029e-01	7.781361411307069487e-02	3.269207596034601898e-02	8.480663799368998168e-02
1.344900119396168748e+03	2.292423280039090905e-01	1.462785218589987279e-01	2.638978171095774372e-01	1.649340562544102662e-01	7.791950540344996790e-02	3.276625885906401386e-02	8.496151251018027595e-02
1.349737889609823924e+03	2.286825364533043026e-01	1.458847228639777727e-01	2.642538043933060354e-01	1.651986425609469900e-01	7.802483197381598901e-02	3.284008762343176846e-02	8.511537413080684511e-02
1.354575659823479100e+03	2.281259822535554871e-01	1.454932335360854812e-01	2.646078574622282575e-01	1.654615341649306737e-01	7.812959577620151586e-02	3.291356352514974992e-02	8.526823328143860736e-02
1.359413430037134731e+03	2.275726469681747521e-01	1.451040401633130472e-01	2.649599843451661552e-01	1.657227417472808551e-01	7.823379879777506152e-02	3.298668783552099332e-02	8.542010014235883186e-02
1.364251200250789907e+03	2.270225122598333867e-01	1.447171291149951800e-01	2.653101931347495168e-01	1.659822759483564336e-01	7.833744305895060100e-02	3.305946182543138129e-02	8.557098465727322467e-02
1.369088970464445310e+03	2.264755598900177191e-01	1.443324868413915218e-01	2.656584919826140978e-01	1.662401473667318164e-01	7.844053061155305262e-02	3.313188676532822369e-02	8.572089654195330644e-02
1.373926740678100487e+03	2.259317717186785368e-01	1.439500998732669845e-01	2.660048890948291667e-01	1.664963665580461716e-01	7.854306353704137988e-02	3.320396392519717188e-02	8.586984529253034737e-02
1.378764510891755890e+03	2.253911297038740380e-01	1.435699548214714183e-01	2.663493927275398798e-01	1.667509440339223215e-01	7.864504394478999405e-02	3.327569457453759955e-02	8.601784019345452836e-02
1.383602281105411066e+03	2.248536159014072888e-01	1.431920383765181715e-01	2.666920111828131046e-01	1.670038902609526921e-01	7.874647397042899843e-02	3.334707998233656795e-02	8.616489032513291457e-02
1.388440051319066470e+03	2.243192124644580454e-01	1.428163373081623166e-01	2.670327528046758658e-01	1.672552156597490736e-01	7.884735577424319131e-02	3.341812141704149364e-02	8.631100457125980008e-02
1.393277821532721646e+03	2.237879016432093304e-01	1.424428384649782664e-01	2.673716259753361468e-01	1.675049306040532759e-01	7.894769153962917507e-02	3.348882014653151856e-02	8.645619162585205242e-02
1.398115591746377049e+03	2.232596657844695687e-01	1.420715287739371668e-01	2.677086391115772179e-01	1.677530454199064047e-01	7.904748347161004440e-02	3.355917743808780468e-02	8.660046000000157229e-02
1.402953361960032225e+03	2.227344873312900875e-01	1.417023952399838194e-01	2.680438006613165558e-01	1.679995703848735644e-01	7.914673379540654308e-02	3.362919455836275301e-02	8.674381802835653965e-02
1.407791132173687402e+03	2.222123488225783428e-01	1.413354249456136025e-01	2.683771191003214152e-01	1.682445157273222136e-01	7.924544475506337116e-02	3.369887277334828596e-02	8.688627387534267332e-02
1.412628902387342805e+03	2.216932328927074536e-01	1.409706050504495600e-01	2.687086029290736700e-01	1.684878916257512571e-01	7.934361861212965716e-02	3.376821334834319288e-02	8.702783554113509290e-02
1.417466672600997981e+03	2.211771222711221285e-01	1.406079227908194340e-01	2.690382606697768741e-01	1.687297082081686550e-01	7.944125764439188830e-02	3.383721754791970543e-02	8.716851086739120513e-02
1.422304442814653157e+03	2.206639997819410393e-01	1.402473654793328917e-01	2.693661008634987697e-01	1.689699755515157997e-01	7.953836414465785543e-02	3.390588663588932350e-02	8.730830754275412109e-02
1.427142213028308333e+03	2.201538483435563909e-01	1.398889205044591688e-01	2.696921320674435796e-01	1.692087036811361356e-01	7.963494041959033598e-02	3.397422187526797505e-02	8.744723310813630468e-02
1.431979983241963964e+03	2.196466509682301893e-01	1.395325753301051575e-01	2.700163628523472026e-01	1.694459025702860222e-01	7.973098878858848881e-02	3.404222452824054446e-02	8.758529496179234819e-02
1.436817753455619140e+03	2.191423907616883160e-01	1.391783174951937985e-01	2.703388017999912019e-01	1.696815821396863988e-01	7.982651158271586445e-02	3.410989585612488051e-02	8.772250036418945129e-02
1.441655523669274316e+03	2.186410509227119381e-01	1.388261346132434737e-01	2.706594575008293146e-01	1.699157522571128065e-01	7.992151114367303244e-02	3.417723711933533248e-02	8.785885644268393024e-02
1.446493293882929493e+03	2.181426147427266704e-01	1.384760143719476477e-01	2.709783385517218757e-01	1.701484227370223534e-01	8.001598982281367400e-02	3.424424957734582831e-02	8.799437019601180632e-02
1.451331064096585123e+03	2.176470656053897113e-01	1.381279445327554811e-01	2.712954535537731027e-01	1.703796033402159293e-01	8.010994998020212754e-02	3.431093448865259188e-02	8.812904849860081491e-02
1.456168834310240300e+03	2.171543869861752019e-01	1.377819129304533874e-01	2.716108111102676914e-01	1.706093037735340878e-01	8.020339398371134632e-02	3.437729311073654814e-02	8.826289810471145414e-02
1.461006604523895703e+03	2.166645624519578373e-01	1.374379074727472838e-01	2.719244198247013355e-01	1.708375336895847363e-01	8.029632420815938088e-02	3.444332670002541591e-02	8.839592565241374822e-02
1.465844374737550879e+03	2.161775756605949228e-01	1.370959161398458415e-01	2.722362882989019517e-01	1.710643026865015792e-01	8.038874303448316494e-02	3.450903651185561333e-02	8.852813766740666446e-02
1.470682144951206283e+03	2.156934103605072650e-01	1.367559269840449565e-01	2.725464251312373909e-01	1.712896203077315660e-01	8.048065284894809213e-02	3.457442380043394825e-02	8.865954056668651218e-02
1.475519915164861459e+03	2.152120503902586190e-01	1.364179281293132484e-01	2.728548389149058062e-01	1.715134960418503163e-01	8.057205604239206509e-02	3.463948981879916983e-02	8.879014066207045752e-02
1.480357685378516862e+03	2.147334796781343313e-01	1.360819077708786684e-01	2.731615382363058453e-01	1.717359393224038022e-01	8.066295500950253217e-02	3.470423581878341601e-02	8.891994416358114939e-02
1.485195455592172038e+03	2.142576822417188442e-01	1.357478541748162737e-01	2.734665316734821716e-01	1.719569595277753993e-01	8.075335214812544293e-02	3.476866305097357779e-02	8.904895718269807692e-02
1.490033225805827215e+03	2.137846421874725622e-01	1.354157556776375004e-01	2.737698277946444825e-01	1.721765659810769178e-01	8.084324985860466550e-02	3.483277276467266342e-02	8.917718573548101546e-02
1.494870996019482618e+03	2.133143437103081630e-01	1.350856006858805192e-01	2.740714351567555829e-01	1.723947679500626440e-01	8.093265054315079698e-02	3.489656620786112801e-02	8.930463574557098716e-02
1.499708766233137567e+03	2.128467710931661316e-01	1.347573776757020336e-01	2.743713623041869609e-01	1.726115746470650025e-01	8.102155660523804870e-02	3.496004462715821687e-02	8.943131304707342688e-02
1.504546536446793198e+03	2.123819087065901001e-01	1.344310751924706893e-01	2.746696177674375350e-01	1.728269952289512024e-01	8.110997044902822084e-02	3.502320926778343391e-02	8.955722338732866050e-02
1.509384306660448374e+03	2.119197410083019095e-01	1.341066818503615088e-01	2.749662100619144622e-01	1.730410387970992836e-01	8.119789447882065636e-02	3.508606137351802379e-02	8.968237242957403932e-02
1.514222076874103550e+03	2.114602525427761726e-01	1.337841863319523261e-01	2.752611476867720675e-01	1.732537143973933991e-01	8.128533109852696670e-02	3.514860218666662067e-02	8.980676575550228247e-02
1.519059847087758726e+03	2.110034279408152802e-01	1.334635773878213583e-01	2.755544391238075597e-01	1.734650310202366374e-01	8.137228271116973832e-02	3.521083294801900104e-02	8.993040886772019071e-02
1.523897617301414357e+03	2.105492519191238532e-01	1.331448438361465259e-01	2.758460928364104281e-01	1.736749976005809715e-01	8.145875171840413764e-02	3.527275489681203080e-02	9.005330719211182555e-02
1.528735387515069533e+03	2.100977092798837209e-01	1.328279745623063279e-01	2.761361172685632415e-01	1.738836230179732489e-01	8.154474052006147056e-02	3.533436927069176503e-02	9.017546608010998388e-02
1.533573157728724709e+03	2.096487849103288448e-01	1.325129585184823822e-01	2.764245208438924628e-01	1.740909160966166713e-01	8.163025151371385013e-02	3.539567730567578369e-02	9.029689081087977076e-02
1.538410927942380113e+03	2.092024637823206579e-01	1.321997847232636025e-01	2.767113119647663377e-01	1.742968856054466220e-01	8.171528709425907033e-02	3.545668023611573544e-02	9.041758659341773974e-02
1.543248698156035516e+03	2.087587309519236822e-01	1.318884422612520146e-01	2.769964990114383574e-01	1.745015402582205388e-01	8.179984965352483928e-02	3.551737929466011051e-02	9.053755856857016726e-02
1.548086468369690692e+03	2.083175715589815902e-01	1.315789202826704030e-01	2.772800903412343532e-01	1.747048887136208040e-01	8.188394157989170585e-02	3.557777571221733270e-02	9.065681181097356989e-02
1.552924238583346096e+03	2.078789708266939040e-01	1.312712080029715123e-01	2.775620942877808361e-01	1.749069395753699296e-01	8.196756525793372217e-02	3.563787071791904570e-02	9.077535133092082265e-02
1.557762008797001272e+03	2.074429140611929456e-01	1.309652947024492198e-01	2.778425191602740818e-01	1.751077013923577896e-01	8.205072306807614790e-02	3.569766553908376716e-02	9.089318207615577905e-02
1.562599779010656675e+03	2.070093866511217573e-01	1.306611697258513449e-01	2.781213732427869623e-01	1.753071826587797588e-01	8.213341738626975252e-02	3.575716140118079950e-02	9.101030893359925156e-02
1.567437549224311852e+03	2.065783740672126612e-01	1.303588224819942909e-01	2.783986647936126935e-01	1.755053918142856495e-01	8.221565058368063283e-02	3.581635952779450155e-02	9.112673673100921135e-02
1.572275319437967255e+03	2.061498618618664014e-01	1.300582424433794348e-01	2.786744020446434988e-01	1.757023372441383902e-01	8.229742502639515733e-02	3.587526114058885857e-02	9.124247023857792738e-02
1.577113089651622431e+03	2.057238356687322300e-01	1.297594191458114887e-01	2.789485932007831903e-01	1.758980272793824462e-01	8.237874307513937122e-02	3.593386745927241305e-02	9.135751417046847345e-02
1.581950859865277607e+03	2.053002812022889922e-01	1.294623421880186642e-01	2.792212464393922233e-01	1.760924701970209005e-01	8.245960708501226533e-02	3.599217970156354945e-02	9.147187318629308728e-02
1.586788630078933011e+03	2.048791842574269328e-01	1.291670012312745031e-01	2.794923699097630054e-01	1.762856742202011107e-01	8.254001940523217340e-02	3.605019908315616750e-02	9.158555189253583806e-02
1.591626400292587959e+03	2.044605307090305579e-01	1.288733859990219832e-01	2.797619717326253475e-01	1.764776475184083038e-01	8.261998237889611740e-02	3.610792681768566770e-02	9.169855484392178124e-02
1.596464170506243590e+03	2.040443065115625509e-01	1.285814862764990130e-01	2.800300599996803919e-01	1.766683982076666659e-01	8.269949834275112932e-02	3.616536411669538098e-02	9.181088654473466837e-02
1.601301940719898766e+03	2.036304976986486048e-01	1.282912919103662286e-01	2.802966427731612420e-01	1.768579343507474533e-01	8.277856962697732746e-02	3.622251218960337998e-02	9.192255145008555728e-02
1.606139710933553943e+03	2.032190903826637807e-01	1.280027928083365130e-01	2.805617280854197926e-01	1.770462639573838481e-01	8.285719855498224762e-02	3.627937224366966501e-02	9.203355396713398806e-02
1.610977481147209119e+03	2.028100707543194214e-01	1.277159789388063738e-01	2.808253239385387068e-01	1.772333949844919487e-01	8.293538744320580469e-02	3.633594548396375939e-02	9.214389845626384801e-02
1.615815251360864750e+03	2.024034250822516201e-01	1.274308403304893755e-01	2.810874383039670410e-01	1.774193353363976433e-01	8.301313860093566255e-02	3.639223311333273508e-02	9.225358923221572971e-02
1.620653021574519926e+03	2.019991397126110200e-01	1.271473670720514593e-01	2.813480791221788513e-01	1.776040928650690631e-01	8.309045433013223514e-02	3.644823633236964761e-02	9.236263056517748926e-02
1.625490791788175102e+03	2.015972010686534754e-01	1.268655493117481770e-01	2.816072543023535046e-01	1.777876753703540591e-01	8.316733692526338817e-02	3.650395633938238044e-02	9.247102668183471152e-02
1.630328562001830505e+03	2.011975956503323781e-01	1.265853772570637581e-01	2.818649717220771955e-01	1.779700906002227301e-01	8.324378867314802255e-02	3.655939433036292652e-02	9.257878176638267842e-02
1.635166332215485909e+03	2.008003100338920099e-01	1.263068411743522579e-01	2.821212392270645020e-01	1.781513462510140589e-01	8.331981185280831759e-02	3.661455149895709998e-02	9.268589996150142230e-02
1.640004102429141085e+03	2.004053308714625337e-01	1.260299313884806205e-01	2.823760646308989264e-01	1.783314499676872111e-01	8.339540873533039800e-02	3.666942903643465729e-02	9.279238536929537706e-02
1.644841872642796488e+03	2.000126448906560939e-01	1.257546382824736853e-01	2.826294557147920883e-01	1.785104093440762485e-01	8.347058158373280023e-02	3.672402813165992486e-02	9.289824205219893161e-02
1.649679642856451665e+03	1.996222388941644166e-01	1.254809522971610802e-01	2.828814202273604583e-01	1.786882319231489491e-01	8.354533265284271037e-02	3.677834997106275289e-02	9.300347403384941203e-02
1.654517413070107068e+03	1.992340997593580465e-01	1.252088639308261142e-01	2.831319658844190235e-01	1.788649251972685983e-01	8.361966418917937682e-02	3.683239573861001037e-02	9.310808529992863070e-02
1.659355183283762244e+03	1.988482144378865835e-01	1.249383637388566948e-01	2.833811003687908836e-01	1.790404966084591376e-01	8.369357843084454518e-02	3.688616661577748951e-02	9.321207979897448703e-02
1.664192953497417420e+03	1.984645699552808340e-01	1.246694423333979812e-01	2.836288313301325026e-01	1.792149535486730061e-01	8.376707760741963771e-02	3.693966378152222646e-02	9.331546144316361924e-02
1.669030723711072824e+03	1.980831534105560454e-01	1.244020903830072161e-01	2.838751663847737250e-01	1.793883033600618682e-01	8.384016393986934435e-02	3.699288841225532171e-02	9.341823410906627267e-02
1.673868493924728000e+03	1.977039519758171937e-01	1.241362986123103473e-01	2.841201131155718373e-01	1.795605533352493122e-01	8.391283964045123667e-02	3.704584168181516979e-02	9.352040163837471720e-02
1.678706264138383403e+03	1.973269528958652153e-01	1.238720578016607315e-01	2.843636790717790630e-01	1.797317107176062689e-01	8.398510691263144645e-02	3.709852476144112621e-02	9.362196783860599059e-02
1.683544034352038352e+03	1.969521434878050703e-01	1.236093587867996141e-01	2.846058717689234907e-01	1.799017827015280402e-01	8.405696795100579821e-02	3.715093881974765311e-02	9.372293648378021702e-02
1.688381804565693983e+03	1.965795111406554441e-01	1.233481924585187323e-01	2.848466986887017161e-01	1.800707764327133531e-01	8.412842494122649284e-02	3.720308502269890211e-02	9.382331131507529176e-02
1.693219574779349159e+03	1.962090433149597246e-01	1.230885497623246810e-01	2.850861672788839729e-01	1.802386990084448859e-01	8.419948005993382889e-02	3.725496453358375509e-02	9.392309604145905599e-02
1.698057344993004335e+03	1.958407275423990068e-01	1.228304216981054436e-01	2.853242849532300895e-01	1.804055574778714588e-01	8.427013547469296151e-02	3.730657851299126054e-02	9.402229434029968358e-02
1.702895115206659511e+03	1.954745514254062622e-01	1.225737993197985182e-01	2.855610590914167135e-01	1.805713588422912796e-01	8.434039334393528264e-02	3.735792811878657638e-02	9.412090985795532050e-02
1.707732885420315142e+03	1.951105026367823125e-01	1.223186737350613479e-01	2.857964970389743620e-01	1.807361100554364108e-01	8.441025581690447810e-02	3.740901450608734302e-02	9.421894621034364314e-02
1.712570655633970318e+03	1.947485689193135250e-01	1.220650361049434446e-01	2.860306061072350747e-01	1.808998180237582909e-01	8.447972503360677565e-02	3.745983882724047281e-02	9.431640698349226526e-02
1.717408425847625494e+03	1.943887380853909219e-01	1.218128776435604549e-01	2.862633935732890045e-01	1.810624896067139777e-01	8.454880312476546755e-02	3.751040223179941818e-02	9.441329573407065967e-02
1.722246196061280898e+03	1.940309980166310677e-01	1.215621896177701694e-01	2.864948666799500554e-01	1.812241316170531691e-01	8.461749221177931879e-02	3.756070586650184229e-02	9.450961598990434420e-02
1.727083966274936301e+03	1.936753366634986206e-01	1.213129633468504887e-01	2.867250326357305701e-01	1.813847508211056947e-01	8.468579440668479175e-02	3.761075087524775457e-02	9.460537125047209506e-02
1.731921736488591478e+03	1.933217420449304114e-01	1.210651902021792209e-01	2.869538986148240101e-01	1.815443539390695082e-01	8.475371181212193461e-02	3.766053839907809037e-02	9.470056498738682604e-02
1.736759506702246881e+03	1.929702022479614643e-01	1.208188616069158366e-01	2.871814717570955189e-01	1.817029476452990400e-01	8.482124652130372533e-02	3.771006957615369998e-02	9.479520064486068875e-02
1.741597276915902057e+03	1.926207054273522401e-01	1.205739690356850552e-01	2.874077591680802013e-01	1.818605385685936882e-01	8.488840061798876013e-02	3.775934554173478869e-02	9.488928164015525413e-02
1.746435047129557461e+03	1.922732398052180991e-01	1.203305040142623183e-01	2.876327679189882303e-01	1.820171332924864216e-01	8.495517617645709230e-02	3.780836742816077317e-02	9.498281136401701130e-02
1.751272817343212637e+03	1.919277936706599574e-01	1.200884581192612072e-01	2.878565050467175035e-01	1.821727383555324375e-01	8.502157526148916566e-02	3.785713636483059585e-02	9.507579318109909972e-02
1.756110587556867813e+03	1.915843553793969145e-01	1.198478229778227183e-01	2.880789775538720732e-01	1.823273602515976255e-01	8.508759992834760699e-02	3.790565347818342090e-02	9.516823043036963525e-02
1.760948357770523216e+03	1.912429133534004622e-01	1.196085902673063445e-01	2.883001924087873480e-01	1.824810054301470308e-01	8.515325222276183548e-02	3.795391989167977431e-02	9.526012642550718557e-02
1.765786127984178393e+03	1.909034560805304981e-01	1.193707517149830699e-01	2.885201565455612904e-01	1.826336802965327355e-01	8.521853418091530907e-02	3.800193672578312115e-02	9.535148445528389416e-02
1.770623898197833569e+03	1.905659721141729213e-01	1.191342990977301841e-01	2.887388768640911096e-01	1.827853912122817392e-01	8.528344782943537983e-02	3.804970509794182443e-02	9.544230778393680836e-02
1.775461668411488745e+03	1.902304500728788927e-01	1.188992242417279549e-01	2.889563602301152279e-01	1.829361444953831184e-01	8.534799518538546681e-02	3.809722612257156193e-02	9.553259965152773037e-02
1.780299438625144376e+03	1.898968786400060116e-01	1.186655190221581474e-01	2.891726134752611310e-01	1.830859464205747689e-01	8.541217825625960214e-02	3.814450091103809698e-02	9.562236327429218807e-02
1.785137208838799552e+03	1.895652465633609618e-01	1.184331753629043749e-01	2.893876433970973272e-01	1.832348032196296772e-01	8.547599903997930848e-02	3.819153057164050707e-02	9.571160184497787271e-02
1.789974979052454728e+03	1.892355426548438524e-01	1.182021852362542119e-01	2.896014567591904676e-01	1.833827210816413589e-01	8.553945952489236393e-02	3.823831620959479427e-02	9.580031853317289015e-02
1.794812749266109904e+03	1.889077557900946669e-01	1.179725406626031953e-01	2.898140602911672414e-01	1.835297061533086582e-01	8.560256168977382896e-02	3.828485892701791182e-02	9.588851648562443653e-02
1.799650519479765535e+03	1.885818749081407952e-01	1.177442337101605729e-01	2.900254606887796016e-01	1.836757645392198546e-01	8.566530750382887749e-02	3.833115982291214474e-02	9.597619882654799539e-02
1.804488289693420711e+03	1.882578890110468695e-01	1.175172564946569270e-01	2.902356646139752083e-01	1.838209023021358524e-01	8.572769892669744596e-02	3.837721999314996218e-02	9.606336865792759749e-02
1.809326059907075887e+03	1.879357871635657096e-01	1.172916011790534480e-01	2.904446786949708703e-01	1.839651254632724553e-01	8.578973790846076974e-02	3.842304053045916823e-02	9.615002905980743475e-02
1.814163830120731291e+03	1.876155584927916009e-01	1.170672599732531516e-01	2.906525095263301495e-01	1.841084400025818080e-01	8.585142638964947392e-02	3.846862252440851754e-02	9.623618309057521691e-02
1.819001600334386467e+03	1.872971921878147927e-01	1.168442251338136784e-01	2.908591636690442406e-01	1.842508518590327271e-01	8.591276630125339875e-02	3.851396706139368492e-02	9.632183378723745137e-02
1.823839370548041643e+03	1.869806774993778842e-01	1.166224889636621048e-01	2.910646476506163483e-01	1.843923669308901725e-01	8.597375956473278513e-02	3.855907522462358183e-02	9.640698416568714568e-02
1.828677140761696819e+03	1.866660037395338478e-01	1.164020438118112538e-01	2.912689679651491170e-01	1.845329910759935244e-01	8.603440809203105610e-02	3.860394809410712391e-02	9.649163722096407159e-02
1.833514910975352450e+03	1.863531602813059962e-01	1.161828820730778922e-01	2.914721310734351700e-01	1.846727301120337505e-01	8.609471378558901378e-02	3.864858674664030380e-02	9.657579592750788200e-02
1.838352681189008081e+03	1.860421365583492526e-01	1.159649961878026214e-01	2.916741434030503122e-01	1.848115898168295190e-01	8.615467853836022982e-02	3.869299225579364565e-02	9.665946323940442786e-02
1.843190451402663257e+03	1.857329220646133372e-01	1.157483786415715310e-01	2.918750113484497866e-01	1.849495759286019503e-01	8.621430423382778208e-02	3.873716569190008285e-02	9.674264209062555242e-02
1.848028221616318433e+03	1.854255063540077020e-01	1.155330219649395029e-01	2.920747412710666402e-01	1.850866941462483983e-01	8.627359274602219852e-02	3.878110812204310642e-02	9.682533539526246014e-02
1.852865991829973609e+03	1.851198790400680194e-01	1.153189187331553345e-01	2.922733394994129208e-01	1.852229501296147884e-01	8.633254593954052536e-02	3.882482061004531582e-02	9.690754604775310421e-02
1.857703762043628785e+03	1.848160297956243092e-01	1.151060615658884151e-01	2.924708123291831496e-01	1.853583494997667336e-01	8.639116566956650534e-02	3.886830421645736527e-02	9.698927692310355120e-02
1.862541532257283961e+03	1.845139483524709800e-01	1.148944431269571798e-01	2.926671660233596262e-01	1.854928978392594019e-01	8.644945378189178298e-02	3.891155999854718078e-02	9.707053087710393324e-02
1.867379302470939592e+03	1.842136245010383422e-01	1.146840561240592693e-01	2.928624068123201196e-01	1.856266006924059131e-01	8.650741211293810906e-02	3.895458901028957255e-02	9.715131074653873822e-02
1.872217072684594768e+03	1.839150480900658691e-01	1.144748933085033282e-01	2.930565408939476146e-01	1.857594635655445969e-01	8.656504248978043325e-02	3.899739230235617360e-02	9.723161934939203443e-02
1.877054842898249490e+03	1.836182090262770961e-01	1.142669474749424263e-01	2.932495744337415000e-01	1.858914919273046973e-01	8.662234673017102371e-02	3.903997092210571840e-02	9.731145948504758836e-02
1.881892613111905121e+03	1.833230972740561848e-01	1.140602114611092011e-01	2.934415135649308115e-01	1.860226912088706885e-01	8.667932664256423891e-02	3.908232591357468921e-02	9.739083393448416670e-02
1.886730383325560297e+03	1.830297028551262639e-01	1.138546781475526098e-01	2.936323643885891399e-01	1.861530668042452874e-01	8.673598402614228486e-02	3.912445831746821229e-02	9.746974546046612009e-02
1.891568153539215928e+03	1.827380158482292682e-01	1.136503404573763198e-01	2.938221329737507048e-01	1.862826240705109937e-01	8.679232067084165225e-02	3.916636917115138422e-02	9.754819680772953971e-02
1.896405923752871104e+03	1.824480263888075271e-01	1.134471913559787631e-01	2.940108253575283714e-01	1.864113683280900768e-01	8.684833835738028918e-02	3.920805950864082734e-02	9.762619070316404246e-02
1.901243693966526507e+03	1.821597246686867955e-01	1.132452238507946907e-01	2.941984475452327774e-01	1.865393048610032578e-01	8.690403885728543998e-02	3.924953036059662670e-02	9.770372985599035109e-02
1.906081464180181683e+03	1.818731009357614503e-01	1.130444309910384887e-01	2.943850055104925700e-01	1.866664389171267535e-01	8.695942393292219186e-02	3.929078275431455852e-02	9.778081695793393313e-02
1.910919234393836859e+03	1.815881454936806028e-01	1.128448058674490218e-01	2.945705051953764197e-01	1.867927757084480167e-01	8.701449533752259047e-02	3.933181771371863783e-02	9.785745468339468456e-02
1.915757004607492036e+03	1.813048487015365140e-01	1.126463416120360300e-01	2.947549525105154222e-01	1.869183204113197827e-01	8.706925481521535226e-02	3.937263625935395750e-02	9.793364568961292205e-02
1.920594774821147894e+03	1.810232009735540382e-01	1.124490313978281503e-01	2.949383533352272213e-01	1.870430781667127285e-01	8.712370410105617358e-02	3.941323940837986733e-02	9.800939261683176695e-02
1.925432545034802843e+03	1.807431927787823134e-01	1.122528684386225328e-01	2.951207135176407426e-01	1.871670540804665772e-01	8.717784492105845606e-02	3.945362817456339599e-02	9.808469808845599047e-02
1.930270315248458019e+03	1.804648146407874243e-01	1.120578459887359435e-01	2.953020388748215930e-01	1.872902532235397044e-01	8.723167899222465660e-02	3.949380356827301986e-02	9.815956471120763915e-02
1.935108085462113195e+03	1.801880571373472573e-01	1.118639573427575168e-01	2.954823351928991815e-01	1.874126806322571059e-01	8.728520802257799804e-02	3.953376659647271640e-02	9.823399507527828811e-02
