9.772295831583674044e+02	2.824074738794902228e-01	1.846796410047721326e-01	2.321943646903432690e-01	1.389237774121657443e-01	6.733262533557043961e-02	2.577115267904012130e-02	6.869096499820565027e-02
9.820673533720223531e+02	2.815761030213351224e-01	1.840303043229604141e-01	2.325070728957103205e-01	1.393668057314502717e-01	6.760116483329788040e-02	2.588701447073290390e-02	6.903153472410061831e-02
9.869051235856777566e+02	2.807479728866716928e-01	1.833858807462759588e-01	2.328416383562958714e-01	1.398060674928947311e-01	6.785212178514601900e-02	2.600193553329982477e-02	6.936438319900341265e-02
9.917428937993331601e+02	2.799231427676838746e-01	1.827462972951546805e-01	2.331951305171240107e-01	1.402416752504154485e-01	6.808779729795741420e-02	2.611595666214088299e-02	6.969000020911118864e-02
9.965806640129884499e+02	2.791016664569524464e-01	1.821114833552359424e-01	2.335649878710966132e-01	1.406737306692284750e-01	6.831018946470657216e-02	2.622911418683995105e-02	7.000882799552758662e-02
1.001418434226643626e+03	2.782835927563436784e-01	1.814813705552394130e-01	2.339489707316390332e-01	1.411023258601452612e-01	6.852103280619700754e-02	2.634144052603304767e-02	7.032126676399011456e-02
1.006256204440298802e+03	2.774689659285657917e-01	1.808558926541728729e-01	2.343451200916198129e-01	1.415275445438512469e-01	6.872183260092720736e-02	2.645296467144637662e-02	7.062767950900428193e-02
1.011093974653954206e+03	2.766578260984744464e-01	1.802349854369072468e-01	2.347517217823220093e-01	1.419494630670525281e-01	6.891389476469833575e-02	2.656371261022491895e-02	7.092839623990820908e-02
1.015931744867609382e+03	2.758502096103071510e-01	1.796185866172708701e-01	2.351672752478880246e-01	1.423681512895506596e-01	6.909835185595586404e-02	2.667370769349447154e-02	7.122371768512068824e-02
1.020769515081264785e+03	2.750461493462396656e-01	1.790066357479152825e-01	2.355904663391589493e-01	1.427836733588438711e-01	6.927618570834556677e-02	2.678297095807434178e-02	7.151391854101005197e-02
1.025607285294920075e+03	2.742456750109709684e-01	1.783990741362931065e-01	2.360201436078850912e-01	1.431960883867106349e-01	6.944824712708959347e-02	2.689152140736490379e-02	7.179925032327352796e-02
1.030445055508575479e+03	2.734488133864468873e-01	1.777958447661655006e-01	2.364552976493753955e-01	1.436054510403655393e-01	6.961527302930561878e-02	2.699937625665655913e-02	7.207994387127238112e-02
1.035282825722230655e+03	2.726555885603126339e-01	1.771968922241243805e-01	2.368950431000697021e-01	1.440118120591529771e-01	6.977790135921362047e-02	2.710655114742958199e-02	7.235621154928495447e-02
1.040120595935886058e+03	2.718660221312290681e-01	1.766021626306730208e-01	2.373386029473804060e-01	1.444152187063292292e-01	6.993668406635869528e-02	2.721306033462462734e-02	7.262824918299284893e-02
1.044958366149541234e+03	2.710801333937938873e-01	1.760116035754607788e-01	2.377852948534342203e-01	1.448157151642513740e-01	7.009209839769926786e-02	2.731891685035036169e-02	7.289623776459809579e-02
1.049796136363196410e+03	2.702979395054636025e-01	1.754251640563125048e-01	2.382345192329062555e-01	1.452133428802196424e-01	7.024455672195335787e-02	2.742413264704757561e-02	7.316034495568501939e-02
1.054633906576851814e+03	2.695194556375718475e-01	1.748427944217334495e-01	2.386857488587104947e-01	1.456081408692848356e-01	7.039441507633734108e-02	2.752871872273982695e-02	7.342072641321016613e-02
1.059471676790506763e+03	2.687446951122772765e-01	1.742644463166044266e-01	2.391385197985445021e-01	1.460001459795191303e-01	7.054198060122793268e-02	2.763268523066167090e-02	7.367752696075302588e-02
1.064309447004162394e+03	2.679736695270462654e-01	1.736900726308135967e-01	2.395924235107390610e-01	1.463893931245410784e-01	7.068751800685774134e-02	2.773604157526032149e-02	7.393088162432989718e-02
1.069147217217817570e+03	2.672063888680769050e-01	1.731196274505967247e-01	2.400470999500259328e-01	1.467759154874674621e-01	7.083125519750477217e-02	2.783879649630954800e-02	7.418091654960667913e-02
1.073984987431472746e+03	2.664428616138952988e-01	1.725530660123830162e-01	2.405022315531338828e-01	1.471597446999286796e-01	7.097338816239874559e-02	2.794095814265067090e-02	7.442774981519777178e-02
1.078822757645127922e+03	2.656830948302058015e-01	1.719903446589628460e-01	2.409575379909260073e-01	1.475409109993156553e-01	7.111408522843053193e-02	2.804253413688060498e-02	7.467149215486669489e-02
1.083660527858783553e+03	2.649270942569421083e-01	1.714314207978130111e-01	2.414127715884211711e-01	1.479194433670194542e-01	7.125349075744240313e-02	2.814353163213714412e-02	7.491224759981290893e-02
1.088498298072438729e+03	2.641748643883534697e-01	1.708762528614307108e-01	2.418677133267813639e-01	1.482953696500694529e-01	7.139172836016162427e-02	2.824395736198370005e-02	7.515011405080791740e-02
1.093336068286093905e+03	2.634264085468561167e-01	1.703248002695423868e-01	2.423221693524398312e-01	1.486687166682673922e-01	7.152890368950964861e-02	2.834381768426707388e-02	7.538518378870584513e-02
1.098173838499749309e+03	2.626817289512950460e-01	1.697770233930650241e-01	2.427759679282025518e-01	1.490395103086450679e-01	7.166510686789721862e-02	2.844311861970955785e-02	7.561754393077385616e-02
1.103011608713404712e+03	2.619408267801821566e-01	1.692328835197099424e-01	2.432289567695667676e-01	1.494077756088392495e-01	7.180041459604387388e-02	2.854186588589901347e-02	7.584727683934736064e-02
1.107849378927059888e+03	2.612037022304106726e-01	1.686923428211281606e-01	2.436810007168225545e-01	1.497735368307729908e-01	7.193489198470345847e-02	2.864006492725551870e-02	7.607446048849508813e-02
1.112687149140715292e+03	2.604703545718866087e-01	1.681553643215053517e-01	2.441319796998812908e-01	1.501368175258550597e-01	7.206859414531728569e-02	2.873772094147900025e-02	7.629916879366389904e-02
1.117524919354370468e+03	2.597407821984669130e-01	1.676219118675224551e-01	2.445817869583270243e-01	1.504976405927536676e-01	7.220156757095035072e-02	2.883483890291776985e-02	7.652147190865032922e-02
1.122362689568025871e+03	2.590149826755482887e-01	1.670919500996047025e-01	2.450303274840227030e-01	1.508560283286662362e-01	7.233385133480284279e-02	2.893142358324155700e-02	7.674143649370222808e-02
1.127200459781681047e+03	2.582929527846120066e-01	1.665654444243882260e-01	2.454775166578131440e-01	1.512120024748890845e-01	7.246547813005259353e-02	2.902747956975373911e-02	7.695912595807981316e-02
1.132038229995336451e+03	2.575746885649957130e-01	1.660423609883386331e-01	2.459232790555339609e-01	1.515655842573886969e-01	7.259647517170479680e-02	2.912301128163469893e-02	7.717460067999221129e-02
1.136876000208991627e+03	2.568601853531315982e-01	1.655226666524613754e-01	2.463675474017286149e-01	1.519167944229864176e-01	7.272686497844484121e-02	2.921802298437114337e-02	7.738791820646472031e-02
1.141713770422646803e+03	2.561494378194664745e-01	1.650063289680478162e-01	2.468102616522557247e-01	1.522656532716916700e-01	7.285666605015612973e-02	2.931251880259364700e-02	7.759913343537730435e-02
1.146551540636302207e+03	2.554424400032522247e-01	1.644933161534049004e-01	2.472513681893916404e-01	1.526121806856498286e-01	7.298589345473331658e-02	2.940650273151668853e-02	7.780829878164015334e-02
1.151389310849957155e+03	2.547391853453792043e-01	1.639835970715205482e-01	2.476908191151406813e-01	1.529563961551125839e-01	7.311455933605277846e-02	2.949997864715061743e-02	7.801546432923232854e-02
1.156227081063612786e+03	2.540396667194029234e-01	1.634771412086190312e-01	2.481285716303033573e-01	1.532983188017871257e-01	7.324267335342243834e-02	2.959295031543367205e-02	7.822067797062015604e-02
1.161064851277267962e+03	2.533438764609020066e-01	1.629739186535648365e-01	2.485645874884514217e-01	1.536379673998752304e-01	7.337024306149288189e-02	2.968542140041344202e-02	7.842398553488889867e-02
1.165902621490923138e+03	2.526518063952890580e-01	1.624739000780751619e-01	2.489988325153526805e-01	1.539753603950743122e-01	7.349727423844498730e-02	2.977739547159084788e-02	7.862543090576175342e-02
1.170740391704578315e+03	2.519634478641853415e-01	1.619770567177042098e-01	2.494312761856011529e-01	1.543105159217788014e-01	7.362377116925347686e-02	2.986887601052557253e-02	7.882505613054026361e-02
1.175578161918233945e+03	2.512787917504589186e-01	1.614833603535647810e-01	2.498618912492656385e-01	1.546434518186899087e-01	7.374973688994203302e-02	2.995986641678939633e-02	7.902290152087816655e-02
1.180415932131889122e+03	2.505978285020160623e-01	1.609927832947538884e-01	2.502906534022896756e-01	1.549741856430161269e-01	7.387517339797596005e-02	3.005037001334320487e-02	7.921900574619399060e-02
1.185253702345544298e+03	2.499205481544276020e-01	1.605052983614519979e-01	2.507175409951782896e-01	1.553027346834244815e-01	7.400008183326858835e-02	3.014039005140386682e-02	7.941340592043405477e-02
1.190091472559199701e+03	2.492469403524648075e-01	1.600208788686666439e-01	2.511425347752058168e-01	1.556291159718820871e-01	7.412446263369461275e-02	3.022992971485912242e-02	7.960613768281576963e-02
1.194929242772855105e+03	2.485769943706114260e-01	1.595394986105927448e-01	2.515656176579865733e-01	1.559533462945112692e-01	7.424831566849607323e-02	3.031899212428135204e-02	7.979723527310940423e-02
1.199767012986510281e+03	2.479106991326147647e-01	1.590611318455638357e-01	2.519867745247810209e-01	1.562754422015655564e-01	7.437164035252509520e-02	3.040758034058483120e-02	7.998673160195375609e-02
1.204604783200165684e+03	2.472480432301310815e-01	1.585857532815690141e-01	2.524059920423724068e-01	1.565954200166216059e-01	7.449443574388331379e-02	3.049569736836567693e-02	8.017465831664578879e-02
1.209442553413820860e+03	2.465890149405178811e-01	1.581133380623126194e-01	2.528232585027504475e-01	1.569132958450697168e-01	7.461670062718302188e-02	3.058334615895888162e-02	8.036104586279635420e-02
1.214280323627476264e+03	2.459336022438203539e-01	1.576438617537940234e-01	2.532385636801899875e-01	1.572290855819764022e-01	7.473843358436438322e-02	3.067052961324267038e-02	8.054592354220113659e-02
1.219118093841131440e+03	2.452817928389958158e-01	1.571773003313863271e-01	2.536518987036180395e-01	1.575428049193834390e-01	7.485963305474939433e-02	3.075725058421678246e-02	8.072931956723922164e-02
1.223955864054786844e+03	2.446335741594169444e-01	1.567136301673938137e-01	2.540632559424288450e-01	1.578544693530998522e-01	7.498029738579334302e-02	3.084351187937810559e-02	8.091126111207816440e-02
1.228793634268442020e+03	2.439889333876910649e-01	1.562528280190690344e-01	2.544726289041389089e-01	1.581640941890373186e-01	7.510042487580209647e-02	3.092931626291428593e-02	8.109177436093631397e-02
1.233631404482097196e+03	2.433478574698307584e-01	1.557948710170708739e-01	2.548800121424769638e-01	1.584716945491327356e-01	7.522001380971725382e-02	3.101466645773356262e-02	8.127088455362688202e-02
1.238469174695752372e+03	2.427103331288076316e-01	1.553397366543461111e-01	2.552854011746787943e-01	1.587772853768975034e-01	7.533906248892567603e-02	3.109956514734683528e-02	8.144861602858649574e-02
1.243306944909407548e+03	2.420763468775200544e-01	1.548874027754180704e-01	2.556887924069124463e-01	1.590808814426276641e-01	7.545756925592404796e-02	3.118401497761630684e-02	8.162499226357053383e-02
1.248144715123063179e+03	2.414458850312028726e-01	1.544378475660657946e-01	2.560901830668921852e-01	1.593824973483061458e-01	7.557553251455867427e-02	3.126801855838318850e-02	8.180003591418034958e-02
1.252982485336718355e+03	2.408189337193054058e-01	1.539910495433789439e-01	2.564895711428575864e-01	1.596821475322238448e-01	7.569295074646582855e-02	3.135157846498566603e-02	8.197376885037202521e-02
1.257820255550373531e+03	2.401954788968628796e-01	1.535469875461733802e-01	2.568869553281954432e-01	1.599798462733441340e-01	7.580982252425444434e-02	3.143469723967708129e-02	8.214621219108196593e-02
1.262658025764028707e+03	2.395755063553842157e-01	1.531056407257538055e-01	2.572823349710717800e-01	1.602756076954321707e-01	7.592614652190102231e-02	3.151737739295307206e-02	8.231738633709329012e-02
1.267495795977684338e+03	2.389590017332782201e-01	1.526669885370095792e-01	2.576757100285189117e-01	1.605694457709684053e-01	7.604192152276349759e-02	3.159962140479560117e-02	8.248731100225514812e-02
1.272333566191339514e+03	2.383459505258390954e-01	1.522310107298312232e-01	2.580670810244900526e-01	1.608613743248633599e-01	7.615714642556657699e-02	3.168143172584081402e-02	8.265600524315827591e-02
1.277171336404994690e+03	2.377363380948102067e-01	1.517976873408349026e-01	2.584564490114537039e-01	1.611514070379893027e-01	7.627182024866333010e-02	3.176281077847702139e-02	8.282348748736084731e-02
1.282009106618650094e+03	2.371301496775453099e-01	1.513669986853837246e-01	2.588438155351515113e-01	1.614395574505424480e-01	7.638594213283671219e-02	3.184376095787839339e-02	8.298977556025124991e-02
1.286846876832305497e+03	2.365273703957838092e-01	1.509389253498936434e-01	2.592291826021880796e-01	1.617258389652482253e-01	7.649951134286878118e-02	3.192428463297942304e-02	8.315488671062742920e-02
1.291684647045960673e+03	2.359279852640575603e-01	1.505134481844137562e-01	2.596125526501618652e-01	1.620102648504207765e-01	7.661252726807457614e-02	3.200438414739462112e-02	8.331883763506628404e-02
1.296522417259616077e+03	2.353319791977438180e-01	1.500905482954701109e-01	2.599939285200801309e-01	1.622928482428868668e-01	7.672498942196992466e-02	3.208406182028761267e-02	8.348164450115101720e-02
1.301360187473271253e+03	2.347393370207804253e-01	1.496702070391634776e-01	2.603733134308301445e-01	1.625736021507833418e-01	7.683689744121977028e-02	3.216331994719317383e-02	8.364332296961919655e-02
1.306197957686926657e+03	2.341500434730563462e-01	1.492524060145110909e-01	2.607507109555073366e-01	1.628525394562362894e-01	7.694825108399276636e-02	3.224216080079566477e-02	8.380388821548999390e-02
1.311035727900581833e+03	2.335640832174918913e-01	1.488371270570230664e-01	2.611261249994229483e-01	1.631296729179297633e-01	7.705905022783021696e-02	3.232058663166678669e-02	8.396335494822483592e-02
1.315873498114237009e+03	2.329814408468207643e-01	1.484243522325050801e-01	2.614995597796335169e-01	1.634050151735705891e-01	7.716929486712234554e-02	3.239859966896541099e-02	8.412173743097188516e-02
1.320711268327892412e+03	2.324021008900867546e-01	1.480140638310781520e-01	2.618710198058536998e-01	1.636785787422557759e-01	7.727898511027157802e-02	3.247620212110200605e-02	8.427904949894160502e-02
1.325549038541547588e+03	2.318260478188665097e-01	1.476062443614080122e-01	2.622405098626286457e-01	1.639503760267483901e-01	7.738812117661067469e-02	3.255339617636991006e-02	8.443530457695753999e-02
1.330386808755202765e+03	2.312532660532294615e-01	1.472008765451355283e-01	2.626080349926551705e-01	1.642204193156665826e-01	7.749670339313391443e-02	3.263018400354554538e-02	8.459051569622348665e-02
1.335224578968857941e+03	2.306837399674458722e-01	1.467979433115012555e-01	2.629736004811549233e-01	1.644887207855914857e-01	7.760473219109093046e-02	3.270656775245941311e-02	8.474469551034587156e-02
1.340062349182513572e+03	2.301174538954528503e-01	1.463974277921562261e-01	2.633372118412107277e-01	1.647552925030975612e-01	7.771220810248495592e-02	3.278254955453978325e-02	8.489785631064758475e-02
1.344900119396168748e+03	2.295543921360881923e-01	1.459993133161527346e-01	2.636988747999889360e-01	1.650201464267104234e-01	7.781913175651121450e-02	3.285813152333046105e-02	8.505001004080775528e-02
1.349737889609823924e+03	2.289945389581015678e-01	1.456035834051074007e-01	2.640585952857769092e-01	1.652832944087949674e-01	7.792550387596521022e-02	3.293331575498430891e-02	8.520116831085931819e-02
1.354575659823479100e+03	2.284378786049517385e-01	1.452102217685312113e-01	2.644163794157731728e-01	1.655447481973783830e-01	7.803132527364628479e-02	3.300810432873384215e-02	8.535134241057511229e-02
1.359413430037134731e+03	2.278843952993983013e-01	1.448192122993193220e-01	2.647722334845733494e-01	1.658045194379103859e-01	7.813659684877732881e-02	3.308249930734009220e-02	8.550054332227097209e-02
1.364251200250789907e+03	2.273340732478965898e-01	1.444305390693952362e-01	2.651261639533013525e-01	1.660626196749646066e-01	7.824131958345784121e-02	3.315650273752106247e-02	8.564878173305313924e-02
1.369088970464445310e+03	2.267868966448027546e-01	1.440441863255035315e-01	2.654781774393389915e-01	1.663190603538831913e-01	7.834549453916517248e-02	3.323011665036074841e-02	8.579606804653547303e-02
1.373926740678100487e+03	2.262428496763976005e-01	1.436601384851454444e-01	2.658282807066130182e-01	1.665738528223680015e-01	7.844912285331503976e-02	3.330334306169985270e-02	8.594241239405088495e-02
1.378764510891755890e+03	2.257019165247353965e-01	1.432783801326521222e-01	2.661764806564015373e-01	1.668270083320204933e-01	7.855220573589120903e-02	3.337618397250902147e-02	8.608782464538004831e-02
1.383602281105411066e+03	2.251640813713251255e-01	1.428988960153903809e-01	2.665227843186252499e-01	1.670785380398326914e-01	7.865474446615153270e-02	3.344864136924569076e-02	8.623231441901924033e-02
1.388440051319066470e+03	2.246293284006507518e-01	1.425216710400962206e-01	2.668671988435920017e-01	1.673284530096315614e-01	7.875674038941626875e-02	3.352071722419514704e-02	8.637589109200792536e-02
1.393277821532721646e+03	2.240976418035367512e-01	1.421466902693311607e-01	2.672097314941672686e-01	1.675767642134788071e-01	7.885819491394296943e-02	3.359241349579676628e-02	8.651856380933610480e-02
1.398115591746377049e+03	2.235690057803649544e-01	1.417739389180569520e-01	2.675503896383423785e-01	1.678234825330282010e-01	7.895910950789131189e-02	3.366373212895613920e-02	8.666034149294993272e-02
1.402953361960032225e+03	2.230434045441488655e-01	1.414034023503241422e-01	2.678891807421780458e-01	1.680686187608419757e-01	7.905948569637977208e-02	3.373467505534368666e-02	8.680123285037351366e-02
1.407791132173687402e+03	2.225208223234706184e-01	1.410350660760707753e-01	2.682261123631003996e-01	1.683121836016681638e-01	7.915932505863569613e-02	3.380524419368050731e-02	8.694124638296388263e-02
1.412628902387342805e+03	2.220012433652863992e-01	1.406689157480263963e-01	2.685611921435296923e-01	1.685541876736810218e-01	7.925862922523913001e-02	3.387544145001208235e-02	8.708039039381539059e-02
1.417466672600997981e+03	2.214846519376052758e-01	1.403049371587182514e-01	2.688944278048219227e-01	1.687946415096851227e-01	7.935739987546049090e-02	3.394526871797032969e-02	8.721867299532877482e-02
1.422304442814653157e+03	2.209710323320466241e-01	1.399431162375754101e-01	2.692258271415069459e-01	1.690335555582855587e-01	7.945563873469140004e-02	3.401472787902465322e-02	8.735610211645961076e-02
1.427142213028308333e+03	2.204603688662804817e-01	1.395834390481273668e-01	2.695553980158064133e-01	1.692709401850250317e-01	7.955334757196798334e-02	3.408382080272247955e-02	8.749268550966043945e-02
1.431979983241963964e+03	2.199526458863560741e-01	1.392258917852938760e-01	2.698831483524167796e-01	1.695068056734895245e-01	7.965052819758489111e-02	3.415254934691969863e-02	8.762843075752940747e-02
1.436817753455619140e+03	2.194478477689224272e-01	1.388704607727620777e-01	2.702090861335429417e-01	1.697411622263837183e-01	7.974718246079881556e-02	3.422091535800166062e-02	8.776334527917864503e-02
1.441655523669274316e+03	2.189459589233455072e-01	1.385171324604486109e-01	2.705332193941704100e-01	1.699740199665771556e-01	7.984331224761949397e-02	3.428892067109491626e-02	8.789743633633428921e-02
1.446493293882929493e+03	2.184469637937258013e-01	1.381658934220426349e-01	2.708555562175626319e-01	1.702053889381227592e-01	7.993891947868622672e-02	3.435656711027039456e-02	8.803071103917986528e-02
1.451331064096585123e+03	2.179508468608207516e-01	1.378167303526276199e-01	2.711761047309735884e-01	1.704352791072483442e-01	8.003400610722778696e-02	3.442385648873819842e-02	8.816317635195408675e-02
1.456168834310240300e+03	2.174575926438748474e-01	1.374696300663784676e-01	2.714948731015628947e-01	1.706637003633225125e-01	8.012857411710350153e-02	3.449079060903446903e-02	8.829483909831369048e-02
1.461006604523895703e+03	2.169671857023621475e-01	1.371245794943315444e-01	2.718118695325058565e-01	1.708906625197955942e-01	8.022262552092304655e-02	3.455737126320077707e-02	8.842570596647138237e-02
1.465844374737550879e+03	2.164796106376438156e-01	1.367815656822249093e-01	2.721271022592869349e-01	1.711161753151170528e-01	8.031616235824282080e-02	3.462360023295624201e-02	8.855578351411862170e-02
1.470682144951206283e+03	2.159948520945443040e-01	1.364405757884058767e-01	2.724405795461690705e-01	1.713402484136296589e-01	8.040918669383624595e-02	3.468947928986276796e-02	8.868507817314251473e-02
1.475519915164861459e+03	2.155128947628497105e-01	1.361015970818040544e-01	2.727523096828297078e-01	1.715628914064418753e-01	8.050170061603589833e-02	3.475501019548372927e-02	8.881359625414556036e-02
1.480357685378516862e+03	2.150337233787306679e-01	1.357646169399670533e-01	2.730623009811560253e-01	1.717841138122789546e-01	8.059370623514466869e-02	3.482019470153635554e-02	8.894134395077681055e-02
1.485195455592172038e+03	2.145573227260936522e-01	1.354296228471565389e-01	2.733705617721922110e-01	1.720039250783136076e-01	8.068520568191403508e-02	3.488503455003812148e-02	8.906832734388241135e-02
1.490033225805827215e+03	2.140836776378626516e-01	1.350966023925027348e-01	2.736771004032306775e-01	1.722223345809771600e-01	8.077620110608656201e-02	3.494953147344746769e-02	8.919455240548339325e-02
1.494870996019482618e+03	2.136127729971945555e-01	1.347655432682152432e-01	2.739819252350416678e-01	1.724393516267514193e-01	8.086669467500090525e-02	3.501368719479895641e-02	8.932002500258794109e-02
1.499708766233137567e+03	2.131445937386307055e-01	1.344364332678478213e-01	2.742850446392341990e-01	1.726549854529427774e-01	8.095668857225654658e-02	3.507750342783327174e-02	8.944475090084537394e-02
1.504546536446793198e+03	2.126791248491872177e-01	1.341092602846155335e-01	2.745864669957426285e-01	1.728692452284384118e-01	8.104618499643624630e-02	3.514098187712224458e-02	8.956873576804842696e-02
1.509384306660448374e+03	2.122163513693860470e-01	1.337840123097623068e-01	2.748862006904331245e-01	1.730821400544456934e-01	8.113518615988403460e-02	3.520412423818904818e-02	8.969198517749046862e-02
1.514222076874103550e+03	2.117562583942300958e-01	1.334606774309767818e-01	2.751842541128243225e-01	1.732936789652152476e-01	8.122369428753664633e-02	3.526693219762389725e-02	8.981450461118381523e-02
1.519059847087758726e+03	2.112988310741234499e-01	1.331392438308552639e-01	2.754806356539175050e-01	1.735038709287482217e-01	8.131171161580617868e-02	3.532940743319538252e-02	8.993629946294483257e-02
1.523897617301414357e+03	2.108440546157399620e-01	1.328196997854095007e-01	2.757753537041311431e-01	1.737127248474885088e-01	8.139924039151219537e-02	3.539155161395762111e-02	9.005737504135194471e-02
1.528735387515069533e+03	2.103919142828415412e-01	1.325020336626183681e-01	2.760684166513348026e-01	1.739202495590001230e-01	8.148628287086111255e-02	3.545336640035347958e-02	9.017773657258146280e-02
1.533573157728724709e+03	2.099423953970483980e-01	1.321862339210210791e-01	2.763598328789787506e-01	1.741264538366306402e-01	8.157284131847114539e-02	3.551485344431398739e-02	9.029738920312685435e-02
1.538410927942380113e+03	2.094954833385633819e-01	1.318722891083511650e-01	2.766496107643141578e-01	1.743313463901609572e-01	8.165891800644096976e-02	3.557601438935413529e-02	9.041633800240614360e-02
1.543248698156035516e+03	2.090511635468516316e-01	1.315601878602092600e-01	2.769377586767006738e-01	1.745349358664417538e-01	8.174451521346019767e-02	3.563685087066518348e-02	9.053458796526225871e-02
1.548086468369690692e+03	2.086094215212782321e-01	1.312499188987737431e-01	2.772242849759966044e-01	1.747372308500174110e-01	8.182963522396020928e-02	3.569736451520370835e-02	9.065214401436103020e-02
1.552924238583346096e+03	2.081702428217047374e-01	1.309414710315475461e-01	2.775091980110292456e-01	1.749382398637375213e-01	8.191428032730352360e-02	3.575755694177745747e-02	9.076901100249097631e-02
1.557762008797001272e+03	2.077336130690466964e-01	1.306348331501399340e-01	2.777925061181404365e-01	1.751379713693566043e-01	8.199845281701008404e-02	3.581742976112819304e-02	9.088519371476909414e-02
1.562599779010656675e+03	2.072995179457934045e-01	1.303299942290822855e-01	2.780742176198052751e-01	1.753364337681223295e-01	8.208215499001919602e-02	3.587698457601166957e-02	9.100069687075684755e-02
1.567437549224311852e+03	2.068679431964920712e-01	1.300269433246762085e-01	2.783543408233200012e-01	1.755336354013527500e-01	8.216538914598536802e-02	3.593622298127480824e-02	9.111552512648984914e-02
1.572275319437967255e+03	2.064388746281968223e-01	1.297256695738732146e-01	2.786328840195561596e-01	1.757295845510026822e-01	8.224815758660677933e-02	3.599514656393031087e-02	9.122968307642509433e-02
1.577113089651622431e+03	2.060122981108849505e-01	1.294261621931847295e-01	2.789098554817786013e-01	1.759242894402197332e-01	8.233046261498501439e-02	3.605375690322871335e-02	9.134317525530938342e-02
1.581950859865277607e+03	2.055881995778411631e-01	1.291284104776214692e-01	2.791852634645234921e-01	1.761177582338904202e-01	8.241230653501478709e-02	3.611205557072803135e-02	9.145600613997174888e-02
1.586788630078933011e+03	2.051665650260112994e-01	1.288324037996608218e-01	2.794591162025352182e-01	1.763099990391765737e-01	8.249369165080225330e-02	3.617004413036114391e-02	9.156818015104381536e-02
1.591626400292587959e+03	2.047473805163267935e-01	1.285381316082417624e-01	2.797314219097578603e-01	1.765010199060422225e-01	8.257462026611092631e-02	3.622772413850097739e-02	9.167970165461057641e-02
1.596464170506243590e+03	2.043306321740010478e-01	1.282455834277859419e-01	2.800021887783804009e-01	1.766908288277715955e-01	8.265509468383386293e-02	3.628509714402355923e-02	9.179057496379482151e-02
1.601301940719898766e+03	2.039163061887988848e-01	1.279547488572442271e-01	2.802714249779319489e-01	1.768794337414780760e-01	8.273511720549106552e-02	3.634216468836913572e-02	9.190080434027791956e-02
1.606139710933553943e+03	2.035043888152801295e-01	1.276656175691676665e-01	2.805391386544264787e-01	1.770668425286049119e-01	8.281469013075105912e-02	3.639892830560130521e-02	9.201039399575977606e-02
1.610977481147209119e+03	2.030948663730184900e-01	1.273781793088022973e-01	2.808053379295528118e-01	1.772530630154174613e-01	8.289381575697557514e-02	3.645538952246443060e-02	9.211934809336030927e-02
1.615815251360864750e+03	2.026877252467966517e-01	1.270924238932066852e-01	2.810700308999097286e-01	1.774381029734875548e-01	8.297249637878646722e-02	3.651154985843918510e-02	9.222767074896515149e-02
1.620653021574519926e+03	2.022829518867786947e-01	1.268083412103916396e-01	2.813332256362830464e-01	1.776219701201699752e-01	8.305073428765370747e-02	3.656741082579653690e-02	9.233536603251786545e-02
1.625490791788175102e+03	2.018805328086607231e-01	1.265259212184810245e-01	2.815949301829634988e-01	1.778046721190716661e-01	8.312853177150376915e-02	3.662297392965007531e-02	9.244243796926082668e-02
1.630328562001830505e+03	2.014804545938004288e-01	1.262451539448934401e-01	2.818551525571030836e-01	1.779862165805132790e-01	8.320589111434741059e-02	3.667824066800688676e-02	9.254889054092710343e-02
1.635166332215485909e+03	2.010827038893270302e-01	1.259660294855436125e-01	2.821139007481087146e-01	1.781666110619840315e-01	8.328281459592606906e-02	3.673321253181690421e-02	9.265472768688529093e-02
1.640004102429141085e+03	2.006872674082316454e-01	1.256885380040630162e-01	2.823711827170712896e-01	1.783458630685893775e-01	8.335930449137608778e-02	3.678789100502093123e-02	9.275995330523932603e-02
1.644841872642796488e+03	2.002941319294394007e-01	1.254126697310390948e-01	2.826270063962284529e-01	1.785239800534922094e-01	8.343536307090995696e-02	3.684227756459734771e-02	9.286457125388525302e-02
1.649679642856451665e+03	1.999032842978642199e-01	1.251384149632722709e-01	2.828813796884597220e-01	1.787009694183475383e-01	8.351099259951387521e-02	3.689637368060748324e-02	9.296858535152657810e-02
1.654517413070107068e+03	1.995147114244464892e-01	1.248657640630505411e-01	2.831343104668128108e-01	1.788768385137308736e-01	8.358619533666089563e-02	3.695018081623988038e-02	9.307199937865016925e-02
1.659355183283762244e+03	1.991284002861748448e-01	1.245947074574405011e-01	2.833858065740593180e-01	1.790515946395604130e-01	8.366097353603904607e-02	3.700370042785334351e-02	9.317481707846417271e-02
1.664192953497417420e+03	1.987443379260922793e-01	1.243252356375948303e-01	2.836358758222786158e-01	1.792252450455135426e-01	8.373532944529377131e-02	3.705693396501889836e-02	9.327704215779976382e-02
1.669030723711072824e+03	1.983625114532877598e-01	1.240573391580751667e-01	2.838845259924689390e-01	1.793977969314371756e-01	8.380926530578390599e-02	3.710988287056073837e-02	9.337867828797802305e-02
1.673868493924728000e+03	1.979829080428736621e-01	1.237910086361902057e-01	2.841317648341845081e-01	1.795692574477528725e-01	8.388278335235090089e-02	3.716254858059612337e-02	9.347972910564353310e-02
1.678706264138383403e+03	1.976055149359494945e-01	1.235262347513485237e-01	2.843776000651965230e-01	1.797396336958562157e-01	8.395588581310045595e-02	3.721493252457436229e-02	9.358019821356615420e-02
1.683544034352038352e+03	1.972303194395532422e-01	1.232630082444253483e-01	2.846220393711788033e-01	1.799089327285111339e-01	8.402857490919618533e-02	3.726703612531484522e-02	9.368008918141217112e-02
1.688381804565693983e+03	1.968573089265997778e-01	1.230013199171430399e-01	2.848650904054150779e-01	1.800771615502386735e-01	8.410085285466466221e-02	3.731886079904424280e-02	9.377940554648622751e-02
1.693219574779349159e+03	1.964864708358078638e-01	1.227411606314649101e-01	2.851067607885283128e-01	1.802443271177011919e-01	8.417272185621151037e-02	3.737040795543285221e-02	9.387815081444511600e-02
1.698057344993004335e+03	1.961177926716156650e-01	1.224825213090016407e-01	2.853470581082303559e-01	1.804104363400811928e-01	8.424418411304790411e-02	3.742167899763014505e-02	9.397632845998485362e-02
1.702895115206659511e+03	1.957512620040858520e-01	1.222253929304301934e-01	2.855859899190913431e-01	1.805754960794558051e-01	8.431524181672707396e-02	3.747267532229958675e-02	9.407394192750193063e-02
1.707732885420315142e+03	1.953868664688001022e-01	1.219697665349246674e-01	2.858235637423277575e-01	1.807395131511662922e-01	8.438589715099044375e-02	3.752339831965269268e-02	9.417099463172991236e-02
1.712570655633970318e+03	1.950245937667437479e-01	1.217156332195986901e-01	2.860597870656085284e-01	1.809024943241830941e-01	8.445615229162291293e-02	3.757384937348243192e-02	9.426748995835246281e-02
1.717408425847625494e+03	1.946644316641814865e-01	1.214629841389590625e-01	2.862946673428782285e-01	1.810644463214665378e-01	8.452600940631690984e-02	3.762402986119593729e-02	9.436343126459370567e-02
1.722246196061280898e+03	1.943063679925237930e-01	1.212118105043702015e-01	2.865282119941963690e-01	1.812253758203232756e-01	8.459547065454474379e-02	3.767394115384664621e-02	9.445882187978690836e-02
1.727083966274936301e+03	1.939503906481848949e-01	1.209621035835291569e-01	2.867604284055926267e-01	1.813852894527581139e-01	8.466453818743904791e-02	3.772358461616574093e-02	9.455366510592236318e-02
1.731921736488591478e+03	1.935964875924327533e-01	1.207138546999507039e-01	2.869913239289366702e-01	1.815441938058223459e-01	8.473321414768086868e-02	3.777296160659314450e-02	9.464796421817545102e-02
1.736759506702246881e+03	1.932446468512312443e-01	1.204670552324623722e-01	2.872209058818224747e-01	1.817020954219574769e-01	8.480150066939495801e-02	3.782207347730784375e-02	9.474172246541553988e-02
1.741597276915902057e+03	1.928948565150749861e-01	1.202216966147088839e-01	2.874491815474659595e-01	1.818590007993354518e-01	8.486939987805226793e-02	3.787092157425778205e-02	9.483494307069660623e-02
1.746435047129557461e+03	1.925471047388170043e-01	1.199777703346659591e-01	2.876761581746156704e-01	1.820149163921947477e-01	8.493691389037889838e-02	3.791950723718921085e-02	9.492762923173045375e-02
1.751272817343212637e+03	1.922013797414901526e-01	1.197352679341630310e-01	2.879018429774756749e-01	1.821698486111729687e-01	8.500404481427156766e-02	3.796783179967559013e-02	9.501978412134298724e-02
1.756110587556867813e+03	1.918576698061217056e-01	1.194941810084145656e-01	2.881262431356403919e-01	1.823238038236356384e-01	8.507079474871914737e-02	3.801589658914600323e-02	9.511141088791451315e-02
1.760948357770523216e+03	1.915159632795422617e-01	1.192545012055598597e-01	2.883493657940406907e-01	1.824767883540014124e-01	8.513716578373001220e-02	3.806370292691318991e-02	9.520251265580458033e-02
1.765786127984178393e+03	1.911762485721887062e-01	1.190162202262109448e-01	2.885712180629004253e-01	1.826288084840638204e-01	8.520316000026496861e-02	3.811125212820108688e-02	9.529309252576206868e-02
1.770623898197833569e+03	1.908385141579019562e-01	1.187793298230084144e-01	2.887918070177034613e-01	1.827798704533095397e-01	8.526877947017555415e-02	3.815854550217207680e-02	9.538315357532103911e-02
1.775461668411488745e+03	1.905027485737193493e-01	1.185438218001848426e-01	2.890111396991701942e-01	1.829299804592334766e-01	8.533402625614724957e-02	3.820558435195376551e-02	9.547269885918314991e-02
1.780299438625144376e+03	1.901689404196623134e-01	1.183096880131357526e-01	2.892292231132436164e-01	1.830791446576502945e-01	8.539890241164775631e-02	3.825236997466546773e-02	9.556173140958694467e-02
1.785137208838799552e+03	1.898370783585191512e-01	1.180769203679976065e-01	2.894460642310837106e-01	1.832273691630028900e-01	8.546340998087979812e-02	3.829890366144431818e-02	9.565025423666463633e-02
1.789974979052454728e+03	1.895071511156238286e-01	1.178455108212329572e-01	2.896616699890711688e-01	1.833746600486678147e-01	8.552755099873826650e-02	3.834518669747104952e-02	9.573827032878705345e-02
1.794812749266109904e+03	1.891791474786302663e-01	1.176154513792222883e-01	2.898760472888179951e-01	1.835210233472572561e-01	8.559132749077176527e-02	3.839122036199547894e-02	9.582578265289708186e-02
1.799650519479765535e+03	1.888530562972828009e-01	1.173867340978624330e-01	2.900892029971866570e-01	1.836664650509185204e-01	8.565474147314801334e-02	3.843700592836170327e-02	9.591279415483204562e-02
1.804488289693420711e+03	1.885288664831831495e-01	1.171593510821713757e-01	2.903011439463158982e-01	1.838109911116299344e-01	8.571779495262327186e-02	3.848254466403294716e-02	9.599930775963559648e-02
1.809326059907075887e+03	1.882065670095535714e-01	1.169332944858993001e-01	2.905118769336539342e-01	1.839546074414944166e-01	8.578048992651524096e-02	3.852783783061624473e-02	9.608532637185950021e-02
1.814163830120731291e+03	1.878861469109969484e-01	1.167085565111456308e-01	2.907214087219976983e-01	1.840973199130298277e-01	8.584282838267959237e-02	3.857288668388676040e-02	9.617085287585579179e-02
1.819001600334386467e+03	1.875675952832537297e-01	1.164851294079818633e-01	2.909297460395389723e-01	1.842391343594564912e-01	8.590481229948983277e-02	3.861769247381190845e-02	9.625589013605943822e-02
1.823839370548041643e+03	1.872509012829559893e-01	1.162630054740802221e-01	2.911368955799157332e-01	1.843800565749823817e-01	8.596644364582028963e-02	3.866225644457527144e-02	9.634044099726234156e-02
1.828677140761696819e+03	1.869360541273786258e-01	1.160421770543476477e-01	2.913428640022699967e-01	1.845200923150850381e-01	8.602772438103220565e-02	3.870657983460018547e-02	9.642450828487858505e-02
1.833514910975352450e+03	1.866230430941881180e-01	1.158226365405653213e-01	2.915476579313101002e-01	1.846592472967912568e-01	8.608865645496265040e-02	3.875066387657322836e-02	9.650809480520163020e-02
1.838352681189008081e+03	1.863118575211890060e-01	1.156043763710332684e-01	2.917512839573788153e-01	1.847975271989540091e-01	8.614924180791629083e-02	3.879450979746741635e-02	9.659120334565357568e-02
1.843190451402663257e+03	1.860024868060677905e-01	1.153873890302200972e-01	2.919537486365259560e-01	1.849349376625268049e-01	8.620948237065970132e-02	3.883811881856524817e-02	9.667383667502679745e-02
1.848028221616318433e+03	1.856949204061351388e-01	1.151716670484177057e-01	2.921550584905856507e-01	1.850714842908355862e-01	8.626938006441825513e-02	3.888149215548156179e-02	9.675599754371852490e-02
1.852865991829973609e+03	1.853891478380658708e-01	1.149572030014006790e-01	2.923552200072579432e-01	1.852071726498480952e-01	8.632893680087533328e-02	3.892463101818616211e-02	9.683768868395831175e-02
1.857703762043628785e+03	1.850851586776373348e-01	1.147439895100904328e-01	2.925542396401947243e-01	1.853420082684408277e-01	8.638815448217387893e-02	3.896753661102633076e-02	9.691891281002890102e-02
1.862541532257283961e+03	1.847829425594658959e-01	1.145320192402238535e-01	2.927521238090891598e-01	1.854759966386636538e-01	8.644703500092007498e-02	3.901021013274914850e-02	9.699967261848072009e-02
1.867379302470939592e+03	1.844824891767422592e-01	1.143212849020263933e-01	2.929488788997691162e-01	1.856091432160018873e-01	8.650558024018906167e-02	3.905265277652364420e-02	9.707997078834021409e-02
1.872217072684594768e+03	1.841837882809649052e-01	1.141117792498894390e-01	2.931445112642941386e-01	1.857414534196363542e-01	8.656379207353270822e-02	3.909486572996283271e-02	9.715980998131219792e-02
1.877054842898249490e+03	1.838868296816726922e-01	1.139034950820518588e-01	2.933390272210557037e-01	1.858729326327009101e-01	8.662167236498916068e-02	3.913685017514555858e-02	9.723919284197669877e-02
1.881892613111905121e+03	1.835916032461760161e-01	1.136964252402856423e-01	2.935324330548803595e-01	1.860035862025378461e-01	8.667922296909419400e-02	3.917860728863824249e-02	9.731812199798033081e-02
1.886730383325560297e+03	1.832980988992868876e-01	1.134905626095855657e-01	2.937247350171361404e-01	1.861334194409510479e-01	8.673644573089428489e-02	3.922013824151644734e-02	9.739660006022234084e-02
1.891568153539215928e+03	1.830063066230482594e-01	1.132859001178625757e-01	2.939159393258415909e-01	1.862624376244569058e-01	8.679334248596121126e-02	3.926144419938637498e-02	9.747462962303575507e-02
1.896405923752871104e+03	1.827162164564621605e-01	1.130824307356411706e-01	2.941060521657777871e-01	1.863906459945333105e-01	8.684991506040828924e-02	3.930252632240621713e-02	9.755221326436372409e-02
1.901243693966526507e+03	1.824278184952174975e-01	1.128801474757602508e-01	2.942950796886022458e-01	1.865180497578662333e-01	8.690616527090797017e-02	3.934338576530734682e-02	9.762935354593114956e-02
1.906081464180181683e+03	1.821411028914167451e-01	1.126790433930777019e-01	2.944830280129654976e-01	1.866446540865944193e-01	8.696209492471082547e-02	3.938402367741546117e-02	9.770605301341203641e-02
1.910919234393836859e+03	1.818560598533023320e-01	1.124791115841783651e-01	2.946699032246300476e-01	1.867704641185520542e-01	8.701770581966594698e-02	3.942444120267157848e-02	9.778231419659239032e-02
1.915757004607492036e+03	1.815726796449824709e-01	1.122803451870855035e-01	2.948557113765911675e-01	1.868954849575091837e-01	8.707299974424234645e-02	3.946463947965293123e-02	9.785813960952914614e-02
1.920594774821147894e+03	1.812909525861564342e-01	1.120827373809756000e-01	2.950404584891996307e-01	1.870197216734103829e-01	8.712797847755182623e-02	3.950461964159378975e-02	9.793353175070516892e-02
1.925432545034802843e+03	1.810108690518396624e-01	1.118862813858963329e-01	2.952241505502863350e-01	1.871431793026113455e-01	8.718264378937269632e-02	3.954438281640613312e-02	9.800849310318036911e-02
1.930270315248458019e+03	1.807324194720884569e-01	1.116909704624878125e-01	2.954067935152887014e-01	1.872658628481135568e-01	8.723699744017475444e-02	3.958393012670030631e-02	9.808302613473927900e-02
1.935108085462113195e+03	1.804555943317247557e-01	1.114967979117068297e-01	2.955883933073785719e-01	1.873877772797969965e-01	8.729104118114512645e-02	3.962326268980548988e-02	9.815713329803510412e-02
1.939945855675768371e+03	1.801803841700603259e-01	1.113037570745542271e-01	2.957689558175916056e-01	1.875089275346509543e-01	8.734477675421516152e-02	3.966238161779017668e-02	9.823081703073041626e-02
