9.820673533720223531e+02	2.811580628621664912e-01	1.845951660160599084e-01	2.326509171293215661e-01	1.391914721581188619e-01	6.772011673336929272e-02	2.567774894383698103e-02	6.900651615671204997e-02
9.869051235856777566e+02	2.803822341986422217e-01	1.839028869919004106e-01	2.329759076098625592e-01	1.396348985464301029e-01	6.796646189832314389e-02	2.579561690808971144e-02	6.934199384633697727e-02
9.917428937993331601e+02	2.796056652808416310e-01	1.832189748634855397e-01	2.333209453883314244e-01	1.400746459099228292e-01	6.819711536262983154e-02	2.591260802427257023e-02	6.967004517010125242e-02
9.965806640129884499e+02	2.788286838592463068e-01	1.825431209118080489e-01	2.336832605874140101e-01	1.405108195224045731e-01	6.841423674801055954e-02	2.602874768319650423e-02	6.999113068750512090e-02
1.001418434226643626e+03	2.780515950662366675e-01	1.818750339623160517e-01	2.340604442679187769e-01	1.409435137232498969e-01	6.861968783006057448e-02	2.614405900577014205e-02	7.030566614403292725e-02
1.006256204440298802e+03	2.772746829876667762e-01	1.812144393076805804e-01	2.344504004023288402e-01	1.413728133576872270e-01	6.881507303659409325e-02	2.625856311197800885e-02	7.061402779564958376e-02
1.011093974653954206e+03	2.764982121108873758e-01	1.805610777002266409e-01	2.348513042958219055e-01	1.417987950228387084e-01	6.900177446810124016e-02	2.637227935516267205e-02	7.091655704654652170e-02
1.015931744867609382e+03	2.757224286606666519e-01	1.799147044091033432e-01	2.352615665865016026e-01	1.422215281457640812e-01	6.918098217995205523e-02	2.648522552622096377e-02	7.121356449137636324e-02
1.020769515081264785e+03	2.749475618332168358e-01	1.792750883376674209e-01	2.356798020736326493e-01	1.426410759162144992e-01	6.935372036617665215e-02	2.659741803170583702e-02	7.150533344097118049e-02
1.025607285294920075e+03	2.741738249374507386e-01	1.786420111969179159e-01	2.361048027239395775e-01	1.430574960937340823e-01	6.952086999830961456e-02	2.670887204928985154e-02	7.179212299994333635e-02
1.030445055508575479e+03	2.734014164516315737e-01	1.780152667311460657e-01	2.365355142936370059e-01	1.434708417060945040e-01	6.968318839809417575e-02	2.681960166358294401e-02	7.207417075539886142e-02
1.035282825722230655e+03	2.726305210027357151e-01	1.773946599922625045e-01	2.369710160796533738e-01	1.438811616537526983e-01	6.984132615822598311e-02	2.692961998489623587e-02	7.235169512805859904e-02
1.040120595935886058e+03	2.718613102751012978e-01	1.767800066595334174e-01	2.374105033790836483e-01	1.442885012330366312e-01	6.999584176941876790e-02	2.703893925319655889e-02	7.262489743021480204e-02
1.044958366149541234e+03	2.710939438542754321e-01	1.761711324017038727e-01	2.378532722926364751e-01	1.446929025890476561e-01	7.014721426371746393e-02	2.714757092919607359e-02	7.289396366900807722e-02
1.049796136363196410e+03	2.703285700113909340e-01	1.755678722787101242e-01	2.382987065569222018e-01	1.450944051077816821e-01	7.029585414215268335e-02	2.725552577426147011e-02	7.315906612836599321e-02
1.054633906576851814e+03	2.695653264328816134e-01	1.749700701803880709e-01	2.387462661328908498e-01	1.454930457556879164e-01	7.044211281864239116e-02	2.736281392060222264e-02	7.342036475849204880e-02
1.059471676790506763e+03	2.688043408998904149e-01	1.743775782997721568e-01	2.391954773144655266e-01	1.458888593737723283e-01	7.058629078074130092e-02	2.746944493300270893e-02	7.367800839794076684e-02
1.064309447004162394e+03	2.680457319213107037e-01	1.737902566387507231e-01	2.396459241532017392e-01	1.462818789323918067e-01	7.072864464075734325e-02	2.757542786319445299e-02	7.393213584997847254e-02
1.069147217217817570e+03	2.672896093240409998e-01	1.732079725440013596e-01	2.400972410223003173e-01	1.466721357520543723e-01	7.086939322732727087e-02	2.768077129781875562e-02	7.418287683204211058e-02
1.073984987431472746e+03	2.665360748037052252e-01	1.726306002712749144e-01	2.405491061670940178e-01	1.470596596948213763e-01	7.100872284727792472e-02	2.778548340080380305e-02	7.443035281460795571e-02
1.078822757645127922e+03	2.657852224388017048e-01	1.720580205762295423e-01	2.410012361097110811e-01	1.474444793302858436e-01	7.114679183006777929e-02	2.788957195087087351e-02	7.467467776361838561e-02
1.083660527858783553e+03	2.650371391709846480e-01	1.714901203301392452e-01	2.414533807934288456e-01	1.478266220795641517e-01	7.128373445193843250e-02	2.799304437478964541e-02	7.491595879874020369e-02
1.088498298072438729e+03	2.642919052539468017e-01	1.709267921589149031e-01	2.419053193676388158e-01	1.482061143402721437e-01	7.141966432378644980e-02	2.809590777692058325e-02	7.515429677810545050e-02
1.093336068286093905e+03	2.635495946731642447e-01	1.703679341039799899e-01	2.423568565276761899e-01	1.485829815950552024e-01	7.155467731541780008e-02	2.819816896551135404e-02	7.538978681878036325e-02
1.098173838499749309e+03	2.628102755385749445e-01	1.698134493036403680e-01	2.428078193353027658e-01	1.489572485058939799e-01	7.168885407902993168e-02	2.829983447615280756e-02	7.562251876099035375e-02
1.103011608713404712e+03	2.620740104520929981e-01	1.692632456936770668e-01	2.432580544556117996e-01	1.493289389961063862e-01	7.182226222627491330e-02	2.840091059274672119e-02	7.585257758307520359e-02
1.107849378927059888e+03	2.613408568517075481e-01	1.687172357259738853e-01	2.437074257547596212e-01	1.496980763217065635e-01	7.195495820591146785e-02	2.850140336629135990e-02	7.608004377323467071e-02
1.112687149140715292e+03	2.606108673337746984e-01	1.681753361040692341e-01	2.441558122104010298e-01	1.500646831335566700e-01	7.208698892269914393e-02	2.860131863175096115e-02	7.630499366333341749e-02
1.117524919354370468e+03	2.598840899549879069e-01	1.676374675345928267e-01	2.446031060931707080e-01	1.504287815315526189e-01	7.221839313269212690e-02	2.870066202324061261e-02	7.652749972934838607e-02
1.122362689568025871e+03	2.591605685153954841e-01	1.671035544936144979e-01	2.450492113831482799e-01	1.507903931119168317e-01	7.234920264533528655e-02	2.879943898772785796e-02	7.674763086244697219e-02
1.127200459781681047e+03	2.584403428237310174e-01	1.665735250069946549e-01	2.454940423900849322e-01	1.511495390085256518e-01	7.247944335865300070e-02	2.889765479742652590e-02	7.696545261416942729e-02
1.132038229995336451e+03	2.577234489462283396e-01	1.660473104438832670e-01	2.459375225503592499e-01	1.515062399290732775e-01	7.260913615026388934e-02	2.899531456103550051e-02	7.718102741874163786e-02
1.136876000208991627e+03	2.570099194400052856e-01	1.655248453225679761e-01	2.463795833772555177e-01	1.518605161867656317e-01	7.273829764387801378e-02	2.909242323395571511e-02	7.739441479515710154e-02
1.141713770422646803e+03	2.562997835720220996e-01	1.650060671279224844e-01	2.468201635442936748e-01	1.522123877281430782e-01	7.286694086827158467e-02	2.918898562760162407e-02	7.760567153133067497e-02
1.146551540636302207e+03	2.555930675245489114e-01	1.644909161397528075e-01	2.472592080840570750e-01	1.525618741575500981e-01	7.299507582343267575e-02	2.928500641790869954e-02	7.781485185233502633e-02
1.151389310849957155e+03	2.548897945880083116e-01	1.639793352713824759e-01	2.476966676873119111e-01	1.529089947586996789e-01	7.312270996658019884e-02	2.938049015312562545e-02	7.802200757447712298e-02
1.156227081063612786e+03	2.541899853420009903e-01	1.634712699178592077e-01	2.481324980892470888e-01	1.532537685137193850e-01	7.324984862903692606e-02	2.947544126096890080e-02	7.822718824675282956e-02
1.161064851277267962e+03	2.534936578252640071e-01	1.629666678132030422e-01	2.485666595314229843e-01	1.535962141200135633e-01	7.337649537344785589e-02	2.956986405520781527e-02	7.843044128102605317e-02
1.165902621490923138e+03	2.528008276952615208e-01	1.624654788961519547e-01	2.489991162895409949e-01	1.539363500052309264e-01	7.350265229954726365e-02	2.966376274173936761e-02	7.863181207211333845e-02
1.170740391704578315e+03	2.521115083780589572e-01	1.619676551838944434e-01	2.494298362584646267e-01	1.542741943405873117e-01	7.362832030556405727e-02	2.975714142420552571e-02	7.883134410881045828e-02
1.175578161918233945e+03	2.514257112090894086e-01	1.614731506533092498e-01	2.498587905870644221e-01	1.546097650527599454e-01	7.375349931139175974e-02	2.985000410919876751e-02	7.902907907677185484e-02
1.180415932131889122e+03	2.507434455653785865e-01	1.609819211292623786e-01	2.502859533564473771e-01	1.549430798345395044e-01	7.387818844881624547e-02	2.994235471109638752e-02	7.922505695404484516e-02
1.185253702345544298e+03	2.500647189897585165e-01	1.604939241795386440e-01	2.507113012959868992e-01	1.552741561544020710e-01	7.400238622337457217e-02	3.003419705655929403e-02	7.941931609996537300e-02
1.190091472559199701e+03	2.493895373075653565e-01	1.600091190160100596e-01	2.511348135323097086e-01	1.556030112651398956e-01	7.412609065179460999e-02	3.012553488872670576e-02	7.961189333803909973e-02
1.194929242772855105e+03	2.487179047362837181e-01	1.595274664016688437e-01	2.515564713670392916e-01	1.559296622116719266e-01	7.424929937842741912e-02	3.021637187113470832e-02	7.980282403335953179e-02
1.199767012986510281e+03	2.480498239885706446e-01	1.590489285631739025e-01	2.519762580796487406e-01	1.562541258381388021e-01	7.437200977361814458e-02	3.030671159138325146e-02	7.999214216505194652e-02
1.204604783200165684e+03	2.473852963690642559e-01	1.585734691085818049e-01	2.523941587522582908e-01	1.565764187943720076e-01	7.449421901655890743e-02	3.039655756457354530e-02	8.017988039417664470e-02
1.209442553413820860e+03	2.467243218653566716e-01	1.581010529499525252e-01	2.528101601136292786e-01	1.568965575418154734e-01	7.461592416481896417e-02	3.048591323653528085e-02	8.036607012747724876e-02
1.214280323627476264e+03	2.460668992334862082e-01	1.576316462305393240e-01	2.532242503999672101e-01	1.572145583589672491e-01	7.473712221244688259e-02	3.057478198686106735e-02	8.055074157731749451e-02
1.219118093841131440e+03	2.454130260782815265e-01	1.571652162562895416e-01	2.536364192304592646e-01	1.575304373463995988e-01	7.485781013827888519e-02	3.066316713176353223e-02	8.073392381811311802e-02
1.223955864054786844e+03	2.447626989288701482e-01	1.567017314313988163e-01	2.540466574957424561e-01	1.578442104314081718e-01	7.497798494586348228e-02	3.075107192676896847e-02	8.091564483953343767e-02
1.228793634268442020e+03	2.441159133096433842e-01	1.562411611976778913e-01	2.544549572577340935e-01	1.581558933723339055e-01	7.509764369621763080e-02	3.083849956925997435e-02	8.109593159671862894e-02
1.233631404482097196e+03	2.434726638069521221e-01	1.557834759775043043e-01	2.548613116594589667e-01	1.584655017625958562e-01	7.521678353446219212e-02	3.092545320087820501e-02	8.127481005773386225e-02
1.238469174695752372e+03	2.428329441317908233e-01	1.553286471201461849e-01	2.552657148436845436e-01	1.587730510344675383e-01	7.533540171123939699e-02	3.101193590979739456e-02	8.145230524845961662e-02
1.243306944909407548e+03	2.421967471787107584e-01	1.548766468512567385e-01	2.556681618793288924e-01	1.590785564626256143e-01	7.545349559968954345e-02	3.109795073287565867e-02	8.162844129509824742e-02
1.248144715123063179e+03	2.415640650811896606e-01	1.544274482253513159e-01	2.560686486947378326e-01	1.593820331674954405e-01	7.557106270865621145e-02	3.118350065769535939e-02	8.180324146445966393e-02
1.252982485336718355e+03	2.409348892636697659e-01	1.539810250810892955e-01	2.564671720170438318e-01	1.596834961184150359e-01	7.568810069269552021e-02	3.126858862449800880e-02	8.197672820217402623e-02
1.257820255550373531e+03	2.403092104904643866e-01	1.535373519991940772e-01	2.568637293169189206e-01	1.599829601366362930e-01	7.580460735938457373e-02	3.135321752802103928e-02	8.214892316896618696e-02
1.262658025764028707e+03	2.396870189117204786e-01	1.530964042628542854e-01	2.572583187581200526e-01	1.602804398981793610e-01	7.592058067435422664e-02	3.143739021924257110e-02	8.231984727511444666e-02
1.267495795977684338e+03	2.390683041066130887e-01	1.526581578204585510e-01	2.576509391513016056e-01	1.605759499365547738e-01	7.603601876441144769e-02	3.152110950703994330e-02	8.248952071320607426e-02
1.272333566191339514e+03	2.384530551239370244e-01	1.522225892505252864e-01	2.580415899116340617e-01	1.608695046453651190e-01	7.615091991906444702e-02	3.160437815976718801e-02	8.265796298929228847e-02
1.277171336404994690e+03	2.378412605202517571e-01	1.517896757286969767e-01	2.584302710198264075e-01	1.611611182807976828e-01	7.626528259071903293e-02	3.168719890675619766e-02	8.282519295253741587e-02
1.282009106618650094e+03	2.372329083957248341e-01	1.513593949966758889e-01	2.588169829861965421e-01	1.614508049640169252e-01	7.637910539377607000e-02	3.176957443974606082e-02	8.299122882344917018e-02
1.286846876832305497e+03	2.366279864278114098e-01	1.509317253329865716e-01	2.592017268174803823e-01	1.617385786834654171e-01	7.649238710282653397e-02	3.185150741424458420e-02	8.315608822077061313e-02
1.291684647045960673e+03	2.360264819028989047e-01	1.505066455254557567e-01	2.595845039861048309e-01	1.620244532970802065e-01	7.660512665011209865e-02	3.193300045082576172e-02	8.331978818710793211e-02
1.296522417259616077e+03	2.354283817460379458e-01	1.500841348453081370e-01	2.599653164016837992e-01	1.623084425344313020e-01	7.671732312239425144e-02	3.201405613636676417e-02	8.348234521336321545e-02
1.301360187473271253e+03	2.348336725488731624e-01	1.496641730227819544e-01	2.603441663845250664e-01	1.625905599987875483e-01	7.682897575735381235e-02	3.209467702522759286e-02	8.364377526203625735e-02
1.306197957686926657e+03	2.342423405958816984e-01	1.492467402241737517e-01	2.607210566409589036e-01	1.628708191691152218e-01	7.694008393962442627e-02	3.217486564037652652e-02	8.380409378945485876e-02
1.311035727900581833e+03	2.336543718890193855e-01	1.488318170302277976e-01	2.610959902403235944e-01	1.631492334020135104e-01	7.705064719654744487e-02	3.225462447446408865e-02	8.396331576698960741e-02
1.315873498114237009e+03	2.330697521708699482e-01	1.484193844157900011e-01	2.614689705934589159e-01	1.634258159335909011e-01	7.716066519372268007e-02	3.233395599084821354e-02	8.412145570130480365e-02
1.320711268327892412e+03	2.324884669463855025e-01	1.480094237306513183e-01	2.618400014325776293e-01	1.637005798812860569e-01	7.727013773041740974e-02	3.241286262457312300e-02	8.427852765369445165e-02
1.325549038541547588e+03	2.319105015033028905e-01	1.476019166815099870e-01	2.622090867923975721e-01	1.639735382456360135e-01	7.737906473488598280e-02	3.249134678330416887e-02	8.443454525854883486e-02
1.330386808755202765e+03	2.313358409313139019e-01	1.471968453149860578e-01	2.625762309924309923e-01	1.642447039119949437e-01	7.748744625964411326e-02	3.256941084822083388e-02	8.458952174099458599e-02
1.335224578968857941e+03	2.307644701400639042e-01	1.467941920016257451e-01	2.629414386203373089e-01	1.645140896522057361e-01	7.759528247673437573e-02	3.264705717486995895e-02	8.474346993374842762e-02
1.340062349182513572e+03	2.301963738760481881e-01	1.463939394208365607e-01	2.633047145162569769e-01	1.647817081262267502e-01	7.770257367301301732e-02	3.272428809398109789e-02	8.489640229322284459e-02
1.344900119396168748e+03	2.296315367384716699e-01	1.459960705466986086e-01	2.636660637580511835e-01	1.650475718837159100e-01	7.780932024548317671e-02	3.280110591224585925e-02	8.504833091491907637e-02
1.349737889609823924e+03	2.290699431941335407e-01	1.456005686345990535e-01	2.640254916473798730e-01	1.653116933655739973e-01	7.791552269669457798e-02	3.287751291306288681e-02	8.519926754814155512e-02
1.354575659823479100e+03	2.285115775913948433e-01	1.452074172086416370e-01	2.643830036965583163e-01	1.655740849054488928e-01	7.802118163022615793e-02	3.295351135725016478e-02	8.534922361006543057e-02
1.359413430037134731e+03	2.279564241732832952e-01	1.448166000497846939e-01	2.647386056161365464e-01	1.658347587312024585e-01	7.812629774626458912e-02	3.302910348372616045e-02	8.549821019918767140e-02
1.364251200250789907e+03	2.274044670897869269e-01	1.444281011846646756e-01	2.650923033031524212e-01	1.660937269663414206e-01	7.823087183728875960e-02	3.310429151016122673e-02	8.564623810819003979e-02
1.369088970464445310e+03	2.268556904093843585e-01	1.440419048750644082e-01	2.654441028300127958e-01	1.663510016314137252e-01	7.833490478386823108e-02	3.317907763360070095e-02	8.579331783624119523e-02
1.373926740678100487e+03	2.263100781298575670e-01	1.436579956079876152e-01	2.657940104339627796e-01	1.666065946453716418e-01	7.843839755058111540e-02	3.325346403106099052e-02	8.593945960076369850e-02
1.378764510891755890e+03	2.257676141884293330e-01	1.432763580863039565e-01	2.661420325071037207e-01	1.668605178269028932e-01	7.854135118205557431e-02	3.332745286009982516e-02	8.608467334869011889e-02
1.383602281105411066e+03	2.252282824712657783e-01	1.428969772199303601e-01	2.664881755869276669e-01	1.671127828957307548e-01	7.864376679913735735e-02	3.340104625936194532e-02	8.622896876723153137e-02
1.388440051319066470e+03	2.246920668223818252e-01	1.425198381175172557e-01	2.668324463473352726e-01	1.673634014738844267e-01	7.874564559518493212e-02	3.347424634910129565e-02	8.637235529418040014e-02
1.393277821532721646e+03	2.241589510519848838e-01	1.421449260786090685e-01	2.671748515901090637e-01	1.676123850869404575e-01	7.884698883249238732e-02	3.354705523168078490e-02	8.651484212776877625e-02
1.398115591746377049e+03	2.236289189442903225e-01	1.417722265862515485e-01	2.675153982368151384e-01	1.678597451652363848e-01	7.894779783883969226e-02	3.361947499205068801e-02	8.665643823610169605e-02
1.402953361960032225e+03	2.231019542648401688e-01	1.414017253000186825e-01	2.678540933211086550e-01	1.681054930450573970e-01	7.904807400416923036e-02	3.369150769820653674e-02	8.679715236618489038e-02
1.407791132173687402e+03	2.225780407673546568e-01	1.410334080494348996e-01	2.681909439814204599e-01	1.683496399697967105e-01	7.914781877738677474e-02	3.376315540162755369e-02	8.693699305256454013e-02
1.412628902387342805e+03	2.220571622001442369e-01	1.406672608277686198e-01	2.685259574540038163e-01	1.685921970910909118e-01	7.924703366328486598e-02	3.383442013769640683e-02	8.707596862559671691e-02
1.417466672600997981e+03	2.215393023121085547e-01	1.403032697861752998e-01	2.688591410663214165e-01	1.688331754699305687e-01	7.934572021958592736e-02	3.390530392610120042e-02	8.721408721936256547e-02
1.422304442814653157e+03	2.210244448583468524e-01	1.399414212281691883e-01	2.691905022307545803e-01	1.690725860777472500e-01	7.944388005410243925e-02	3.397580877122036158e-02	8.735135677924485420e-02
1.427142213028308333e+03	2.205125736054028840e-01	1.395817016044044179e-01	2.695200484386172102e-01	1.693104397974774245e-01	7.954151482201111956e-02	3.404593666249137313e-02	8.748778506918111764e-02
1.431979983241963964e+03	2.200036723361664392e-01	1.392240975077466969e-01	2.698477872544592926e-01	1.695467474246040440e-01	7.963862622323780727e-02	3.411568957476391467e-02	8.762337967860731047e-02
1.436817753455619140e+03	2.194977248544515702e-01	1.388685956686189216e-01	2.701737263106447906e-01	1.697815196681765060e-01	7.973521599994996822e-02	3.418506946863821006e-02	8.775814802910557322e-02
1.441655523669274316e+03	2.189947149892712275e-01	1.385151829506037213e-01	2.704978733021893289e-01	1.700147671518095760e-01	7.983128593415333984e-02	3.425407829078912225e-02	8.789209738076919631e-02
1.446493293882929493e+03	2.184946265988264025e-01	1.381638463462884214e-01	2.708202359818457916e-01	1.702465004146617722e-01	7.992683784538924530e-02	3.432271797427678683e-02	8.802523483829706452e-02
1.451331064096585123e+03	2.179974435742265404e-01	1.378145729733376013e-01	2.711408221554242881e-01	1.704767299123942648e-01	8.002187358852927423e-02	3.439099043884421419e-02	8.815756735682933609e-02
1.456168834310240300e+03	2.175031498429574328e-01	1.374673500707797591e-01	2.714596396773358844e-01	1.707054660181101802e-01	8.011639505166390229e-02	3.445889759120259604e-02	8.828910174753576423e-02
1.461006604523895703e+03	2.170117293721121332e-01	1.371221649954957600e-01	2.717766964463484425e-01	1.709327190232756144e-01	8.021040415408164925e-02	3.452644132530470478e-02	8.841984468296723576e-02
1.465844374737550879e+03	2.165231661713986067e-01	1.367790052188965488e-01	2.720920004015449090e-01	1.711584991386220778e-01	8.030390284433530645e-02	3.459362352260705875e-02	8.854980270218103244e-02
1.470682144951206283e+03	2.160374442959376307e-01	1.364378583237793596e-01	2.724055595184737277e-01	1.713828164950317867e-01	8.039689309839236075e-02	3.466044605232120740e-02	8.867898221564943229e-02
1.475519915164861459e+03	2.155545478488636035e-01	1.360987120013516238e-01	2.727173818054828835e-01	1.716056811444056085e-01	8.048937691786581250e-02	3.472691077165477452e-02	8.880738950996122649e-02
1.480357685378516862e+03	2.150744609837401400e-01	1.357615540484127525e-01	2.730274753002279176e-01	1.718271030605143801e-01	8.058135632832283402e-02	3.479301952604255815e-02	8.893503075232495059e-02
1.485195455592172038e+03	2.145971679068014448e-01	1.354263723646844386e-01	2.733358480663467538e-01	1.720470921398342679e-01	8.067283337766772977e-02	3.485877414936826291e-02	8.906191199488264210e-02
1.490033225805827215e+03	2.141226528790302064e-01	1.350931549502805418e-01	2.736425081902927325e-01	1.722656582023661953e-01	8.076381013459672797e-02	3.492417646417712851e-02	8.918803917884196575e-02
1.494870996019482618e+03	2.136509002180816963e-01	1.347618899033085071e-01	2.739474637783189115e-01	1.724828109924403385e-01	8.085428868712105088e-02	3.498922828188003042e-02	8.931341813843493571e-02
1.499708766233137567e+03	2.131818943000632072e-01	1.344325654175943796e-01	2.742507229536063074e-01	1.726985601795056058e-01	8.094427114115620991e-02	3.505393140294928156e-02	8.943805460471049296e-02
1.504546536446793198e+03	2.127156195611779321e-01	1.341051697805243081e-01	2.745522938535295276e-01	1.729129153589047119e-01	8.103375961917427817e-02	3.511828761710659996e-02	8.956195420916811256e-02
1.509384306660448374e+03	2.122520604992412241e-01	1.337796913709953794e-01	2.748521846270537417e-01	1.731258860526355414e-01	8.112275625891676722e-02	3.518229870350349925e-02	8.968512248723936597e-02
1.514222076874103550e+03	2.117912016750770898e-01	1.334561186574695080e-01	2.751504034322562742e-01	1.733374817100984677e-01	8.121126321216556865e-02	3.524596643089455278e-02	8.980756488162401630e-02
1.519059847087758726e+03	2.113330277138020796e-01	1.331344401961244428e-01	2.754469584339679922e-01	1.735477117088309873e-01	8.129928264356943435e-02	3.530929255780373976e-02	8.992928674548676671e-02
1.523897617301414357e+03	2.108775233060035115e-01	1.328146446290958682e-01	2.757418578015282118e-01	1.737565853552290318e-01	8.138681672952383095e-02	3.537227883268417861e-02	9.005029334552080988e-02
1.528735387515069533e+03	2.104246732088183858e-01	1.324967206828052968e-01	2.760351097066485182e-01	1.739641118852560953e-01	8.147386765710168399e-02	3.543492699407169155e-02	9.017058986488374339e-02
1.533573157728724709e+03	2.099744622469192912e-01	1.321806571663689811e-01	2.763267223213801693e-01	1.741703004651400932e-01	8.156043762303306910e-02	3.549723877073225620e-02	9.029018140601154097e-02
1.538410927942380113e+03	2.095268753134123807e-01	1.318664429700827090e-01	2.766167038161808089e-01	1.743751601920584260e-01	8.164652883273165740e-02	3.555921588180380177e-02	9.040907299331565894e-02
1.543248698156035516e+03	2.090818973706535799e-01	1.315540670639783472e-01	2.769050623580753823e-01	1.745787000948114953e-01	8.173214349936593071e-02	3.562086003693242658e-02	9.052726957576831546e-02
1.548086468369690692e+03	2.086395134509874405e-01	1.312435184964476920e-01	2.771918061089076457e-01	1.747809291344852856e-01	8.181728384297320966e-02	3.568217293640348758e-02	9.064477602938082745e-02
1.552924238583346096e+03	2.081997086574136901e-01	1.309347863929297140e-01	2.774769432236778854e-01	1.749818562051025927e-01	8.190195208961471851e-02	3.574315627126759681e-02	9.076159715957940466e-02
1.557762008797001272e+03	2.077624681641858373e-01	1.306278599546577823e-01	2.777604818489629035e-01	1.751814901342641506e-01	8.198615047056992400e-02	3.580381172346186469e-02	9.087773770348313296e-02
1.562599779010656675e+03	2.073277772173460209e-01	1.303227284574628164e-01	2.780424301214146077e-01	1.753798396837792650e-01	8.206988122156835819e-02	3.586414096592656364e-02	9.099320233208789410e-02
1.567437549224311852e+03	2.068956211352001306e-01	1.300193812506296731e-01	2.783227961663339300e-01	1.755769135502863731e-01	8.215314658205741249e-02	3.592414566271740634e-02	9.110799565236063491e-02
1.572275319437967255e+03	2.064659853087365826e-01	1.297178077558032439e-01	2.786015880963161329e-01	1.757727203658638881e-01	8.223594879450445150e-02	3.598382746911368141e-02	9.122212220924756643e-02
1.577113089651622431e+03	2.060388552019930264e-01	1.294179974659415422e-01	2.788788140099648927e-01	1.759672686986315793e-01	8.231829010373185873e-02	3.604318803172235769e-02	9.133558648760019272e-02
1.581950859865277607e+03	2.056142163523731747e-01	1.291199399443131446e-01	2.791544819906721653e-01	1.761605670533427093e-01	8.240017275628346016e-02	3.610222898857839285e-02	9.144839291402245829e-02
1.586788630078933011e+03	2.051920543709176425e-01	1.288236248235362369e-01	2.794286001054595570e-01	1.763526238719670125e-01	8.248159899982110410e-02	3.616095196924140609e-02	9.156054585864251139e-02
1.591626400292587959e+03	2.047723549425316536e-01	1.285290418046569627e-01	2.797011764038807025e-01	1.765434475342651244e-01	8.256257108254987098e-02	3.621935859488883969e-02	9.167204963681237218e-02
1.596464170506243590e+03	2.043551038261716968e-01	1.282361806562647144e-01	2.799722189169797093e-01	1.767330463583542954e-01	8.264309125267094158e-02	3.627745047840580384e-02	9.178290851073833689e-02
1.601301940719898766e+03	2.039402868549947123e-01	1.279450312136423684e-01	2.802417356563047246e-01	1.769214286012658899e-01	8.272316175786069425e-02	3.633522922447177811e-02	9.189312669104539311e-02
1.606139710933553943e+03	2.035278899364711680e-01	1.276555833779493554e-01	2.805097346129730718e-01	1.771086024594946129e-01	8.280278484477490708e-02	3.639269642964420431e-02	9.200270833827822736e-02
1.610977481147209119e+03	2.031178990524650507e-01	1.273678271154357056e-01	2.807762237567867913e-01	1.772945760695399942e-01	8.288196275857714901e-02	3.644985368243924828e-02	9.211165756434162855e-02
1.615815251360864750e+03	2.027103002592826886e-01	1.270817524566854040e-01	2.810412110353949222e-01	1.774793575084400443e-01	8.296069774249002771e-02	3.650670256340972364e-02	9.221997843388277105e-02
1.620653021574519926e+03	2.023050796876921797e-01	1.267973494958870850e-01	2.813047043735016906e-01	1.776629547942975285e-01	8.303899203736855861e-02	3.656324464522044126e-02	9.232767496561805620e-02
1.625490791788175102e+03	2.019022235429157042e-01	1.265146083901309559e-01	2.815667116721182195e-01	1.778453758867986900e-01	8.311684788129444779e-02	3.661948149272093583e-02	9.243475113360663520e-02
1.630328562001830505e+03	2.015017181045961614e-01	1.262335193587299786e-01	2.818272408078549840e-01	1.780266286877249804e-01	8.319426750919056701e-02	3.667541466301586783e-02	9.254121086847301447e-02
1.635166332215485909e+03	2.011035497267401329e-01	1.259540726825643941e-01	2.820862996322546778e-01	1.782067210414577663e-01	8.327125315245462178e-02	3.673104570553304554e-02	9.264705805858100551e-02
1.640004102429141085e+03	2.007077048376382233e-01	1.256762587034479794e-01	2.823438959711620511e-01	1.783856607354762647e-01	8.334780703861113804e-02	3.678637616208927513e-02	9.275229655116075389e-02
1.644841872642796488e+03	2.003141699397650022e-01	1.254000678235148714e-01	2.826000376241306067e-01	1.785634555008487612e-01	8.342393139098117083e-02	3.684140756695410135e-02	9.285693015339122058e-02
1.649679642856451665e+03	1.999229316096591547e-01	1.251254905046258747e-01	2.828547323638633815e-01	1.787401130127173332e-01	8.349962842836862464e-02	3.689614144691152897e-02	9.296096263343980870e-02
1.654517413070107068e+03	1.995339764977856201e-01	1.248525172677931450e-01	2.831079879356868667e-01	1.789156408907764118e-01	8.357490036476274142e-02	3.695057932131983608e-02	9.306439772146098133e-02
1.659355183283762244e+03	1.991472913283810486e-01	1.245811386926222314e-01	2.833598120570563483e-01	1.790900466997448481e-01	8.364974940905596512e-02	3.700472270216951381e-02	9.316723911055563301e-02
1.664192953497417420e+03	1.987628628992831326e-01	1.243113454167704690e-01	2.836102124170910010e-01	1.792633379498322632e-01	8.372417776477636409e-02	3.705857309413950612e-02	9.326949045769282465e-02
1.669030723711072824e+03	1.983806780817455040e-01	1.240431281354209408e-01	2.838591966761384588e-01	1.794355220971991793e-01	8.379818762983418101e-02	3.711213199465172169e-02	9.337115538459557496e-02
1.673868493924728000e+03	1.980007238202389774e-01	1.237764776007710121e-01	2.841067724653659754e-01	1.796066065444116566e-01	8.387178119628173334e-02	3.716540089392401242e-02	9.347223747859215170e-02
1.678706264138383403e+03	1.976229871322400522e-01	1.235113846215348116e-01	2.843529473863783963e-01	1.797765986408901007e-01	8.394496065008617836e-02	3.721838127502154897e-02	9.357274029343437549e-02
1.683544034352038352e+03	1.972474551080076188e-01	1.232478400624587300e-01	2.845977290108608893e-01	1.799455056833527133e-01	8.401772817091447687e-02	3.727107461390679471e-02	9.367266735008422662e-02
1.688381804565693983e+03	1.968741149103487853e-01	1.229858348438494092e-01	2.848411248802454887e-01	1.801133349162533370e-01	8.409008593193008363e-02	3.732348237948807101e-02	9.377202213747028170e-02
1.693219574779349159e+03	1.965029537743744059e-01	1.227253599411134571e-01	2.850831425054006774e-01	1.802800935322142195e-01	8.416203609960085097e-02	3.737560603366677642e-02	9.387080811321510398e-02
1.698057344993004335e+03	1.961339590072453953e-01	1.224664063843082240e-01	2.853237893663426172e-01	1.804457886724535887e-01	8.423358083351759062e-02	3.742744703138336376e-02	9.396902870433475330e-02
1.702895115206659511e+03	1.957671179879102996e-01	1.222089652577032781e-01	2.855630729119670308e-01	1.806104274272079813e-01	8.430472228622284958e-02	3.747900682066209604e-02	9.406668730791191424e-02
1.707732885420315142e+03	1.954024181668345683e-01	1.219530276993517487e-01	2.858010005598016212e-01	1.807740168361499644e-01	8.437546260304953916e-02	3.753028684265464349e-02	9.416378729174337825e-02
1.712570655633970318e+03	1.950398470657228323e-01	1.216985849006711473e-01	2.860375796957763672e-01	1.809365638888006944e-01	8.444580392196875118e-02	3.758128853168257039e-02	9.426033199496312853e-02
1.717408425847625494e+03	1.946793922772339092e-01	1.214456281060333070e-01	2.862728176740127473e-01	1.810980755249379515e-01	8.451574837344662250e-02	3.763201331527876725e-02	9.435632472864213804e-02
1.722246196061280898e+03	1.943210414646898976e-01	1.211941486123627038e-01	2.865067218166301166e-01	1.812585586349994282e-01	8.458529808030966490e-02	3.768246261422791843e-02	9.445176877636567159e-02
1.727083966274936301e+03	1.939647823617791367e-01	1.209441377687430763e-01	2.867392994135682383e-01	1.814180200604814941e-01	8.465445515761824136e-02	3.773263784260592196e-02	9.454666739478921611e-02
1.731921736488591478e+03	1.936106027722540590e-01	1.206955869760315270e-01	2.869705577224259119e-01	1.815764665943336020e-01	8.472322171254785539e-02	3.778254040781846984e-02	9.464102381417383025e-02
1.736759506702246881e+03	1.932584905696242417e-01	1.204484876864801574e-01	2.872005039683143690e-01	1.817339049813481155e-01	8.479159984427778185e-02	3.783217171063875395e-02	9.473484123890178743e-02
1.741597276915902057e+03	1.929084336968447666e-01	1.202028314033645739e-01	2.874291453437251009e-01	1.818903419185460835e-01	8.485959164388692799e-02	3.788153314524426302e-02	9.482812284797341451e-02
1.746435047129557461e+03	1.925604201660008064e-01	1.199586096806190272e-01	2.876564890084116199e-01	1.820457840555586293e-01	8.492719919425636976e-02	3.793062609925287182e-02	9.492087179548576448e-02
1.751272817343212637e+03	1.922144380579884904e-01	1.197158141224779343e-01	2.878825420892835996e-01	1.822002379950043438e-01	8.499442456997846618e-02	3.797945195375809074e-02	9.501309121109415001e-02
1.756110587556867813e+03	1.918704755221924130e-01	1.194744363831233419e-01	2.881073116803140044e-01	1.823537102928626807e-01	8.506126983727205215e-02	3.802801208336365618e-02	9.510478420045685721e-02
1.760948357770523216e+03	1.915285207761601438e-01	1.192344681663382450e-01	2.883308048424582659e-01	1.825062074588431615e-01	8.512773705390365431e-02	3.807630785621738539e-02	9.519595384566416352e-02
1.765786127984178393e+03	1.911885621052741013e-01	1.189959012251652903e-01	2.885530286035839498e-01	1.826577359567509995e-01	8.519382826911427176e-02	3.812434063404437218e-02	9.528660320565204844e-02
1.770623898197833569e+03	1.908505878624211227e-01	1.187587273615707123e-01	2.887739899584120251e-01	1.828083022048486161e-01	8.525954552355158311e-02	3.817211177217957191e-02	9.537673531660134651e-02
1.775461668411488745e+03	1.905145864676598966e-01	1.185229384261133750e-01	2.889936958684680146e-01	1.829579125762136882e-01	8.532489084920734379e-02	3.821962261959978985e-02	9.546635319232278649e-02
1.780299438625144376e+03	1.901805464078863417e-01	1.182885263176185198e-01	2.892121532620432478e-01	1.831065733990932809e-01	8.538986626935957114e-02	3.826687451895504494e-02	9.555545982462887444e-02
1.785137208838799552e+03	1.898484562364976813e-01	1.180554829828560776e-01	2.894293690341649405e-01	1.832542909572544843e-01	8.545447379851962844e-02	3.831386880659942706e-02	9.564405818369267620e-02
1.789974979052454728e+03	1.895183045730549354e-01	1.178238004162234370e-01	2.896453500465756559e-01	1.834010714903314132e-01	8.551871544238358325e-02	3.836060681262142696e-02	9.573215121839444286e-02
1.794812749266109904e+03	1.891900801029442747e-01	1.175934706594323198e-01	2.898601031277212026e-01	1.835469211941689049e-01	8.558259319778799279e-02	3.840708986087378041e-02	9.581974185665642629e-02
1.799650519479765535e+03	1.888637715770373482e-01	1.173644858011998471e-01	2.900736350727463608e-01	1.836918462211625525e-01	8.564610905266965835e-02	3.845331926900277808e-02	9.590683300576632875e-02
1.804488289693420711e+03	1.885393678113509996e-01	1.171368379769432561e-01	2.902859526434985460e-01	1.838358526805954629e-01	8.570926498602940424e-02	3.849929634847719384e-02	9.599342755268996941e-02
1.809326059907075887e+03	1.882168576867060406e-01	1.169105193684784744e-01	2.904970625685387997e-01	1.839789466389718242e-01	8.577206296789950668e-02	3.854502240461669255e-02	9.607952836437350097e-02
1.814163830120731291e+03	1.878962301483858011e-01	1.166855222037223305e-01	2.907069715431594426e-01	1.841211341203469465e-01	8.583450495931463364e-02	3.859049873661993951e-02	9.616513828803574526e-02
1.819001600334386467e+03	1.875774742057943478e-01	1.164618387563980256e-01	2.909156862294088319e-01	1.842624211066543338e-01	8.589659291228622651e-02	3.863572663759219650e-02	9.625026015145088376e-02
1.823839370548041643e+03	1.872605789321143688e-01	1.162394613457440468e-01	2.911232132561221153e-01	1.844028135380294531e-01	8.595832876978015680e-02	3.868070739457261931e-02	9.633489676322205819e-02
1.828677140761696819e+03	1.869455334639651967e-01	1.160183823362262445e-01	2.913295592189582006e-01	1.845423173131305328e-01	8.601971446569733892e-02	3.872544228856115989e-02	9.641905091304618647e-02
1.833514910975352450e+03	1.866323270010608049e-01	1.157985941372529359e-01	2.915347306804421668e-01	1.846809382894561424e-01	8.608075192485740990e-02	3.876993259454512147e-02	9.650272537197031320e-02
1.838352681189008081e+03	1.863209488058679975e-01	1.155800892028930882e-01	2.917387341700133918e-01	1.848186822836598298e-01	8.614144306298515685e-02	3.881417958152540842e-02	9.658592289263995267e-02
1.843190451402663257e+03	1.860113882032650434e-01	1.153628600315973057e-01	2.919415761840788437e-01	1.849555550718619268e-01	8.620178978669958136e-02	3.885818451254245687e-02	9.666864620953963261e-02
1.848028221616318433e+03	1.857036345802005051e-01	1.151468991659215513e-01	2.921432631860710893e-01	1.850915623899581919e-01	8.626179399350557275e-02	3.890194864470183922e-02	9.675089803922604093e-02
1.852865991829973609e+03	1.853976773853526772e-01	1.149321991922536840e-01	2.923438016065110778e-01	1.852267099339257317e-01	8.632145757178799617e-02	3.894547322919960503e-02	9.683268108055402557e-02
1.857703762043628785e+03	1.850935061287896921e-01	1.147187527405424956e-01	2.925431978430751978e-01	1.853610033601261198e-01	8.638078240080811210e-02	3.898875951134736506e-02	9.691399801489579413e-02
1.862541532257283961e+03	1.847911103816300971e-01	1.145065524840293142e-01	2.927414582606669424e-01	1.854944482856056287e-01	8.643977035070213311e-02	3.903180873059707706e-02	9.699485150635354935e-02
1.867379302470939592e+03	1.844904797757043746e-01	1.142955911389820223e-01	2.929385891914922935e-01	1.856270502883926865e-01	8.649842328248191770e-02	3.907462212056561635e-02	9.707524420196579629e-02
1.872217072684594768e+03	1.841916040032171575e-01	1.140858614644315594e-01	2.931345969351386582e-01	1.857588149077928630e-01	8.655674304803773200e-02	3.911720090905908276e-02	9.715517873190768205e-02
1.877054842898249490e+03	1.838944728164103037e-01	1.138773562619105756e-01	2.933294877586577476e-01	1.858897476446808583e-01	8.661473149014284334e-02	3.915954631809688558e-02	9.723465770968549304e-02
1.881892613111905121e+03	1.835990760272271094e-01	1.136700683751945273e-01	2.935232678966520070e-01	1.860198539617899383e-01	8.667239044245991786e-02	3.920165956393562717e-02	9.731368373232560098e-02
1.886730383325560297e+03	1.833054035069771603e-01	1.134639906900447581e-01	2.937159435513636008e-01	1.861491392839991210e-01	8.672972172954916681e-02	3.924354185709277854e-02	9.739225938055814935e-02
1.891568153539215928e+03	1.830134451860026823e-01	1.132591161339539243e-01	2.939075208927671157e-01	1.862776089986172001e-01	8.678672716687818589e-02	3.928519440237012578e-02	9.747038721899550784e-02
1.896405923752871104e+03	1.827231910533456960e-01	1.130554376758933222e-01	2.940980060586648182e-01	1.864052684556647688e-01	8.684340856083329341e-02	3.932661839887705013e-02	9.754806979630588348e-02
1.901243693966526507e+03	1.824346311564162826e-01	1.128529483260623800e-01	2.942874051547845204e-01	1.865321229681534687e-01	8.689976770873239498e-02	3.936781504005364141e-02	9.762530964538222722e-02
1.906081464180181683e+03	1.821477556006622367e-01	1.126516411356400377e-01	2.944757242548803888e-01	1.866581778123628244e-01	8.695580639883919438e-02	3.940878551369360328e-02	9.770210928350653301e-02
1.910919234393836859e+03	1.818625545492399131e-01	1.124515091965381242e-01	2.946629694008361944e-01	1.867834382281148009e-01	8.701152641037884772e-02	3.944953100196701284e-02	9.777847121250987650e-02
1.915757004607492036e+03	1.815790182226861837e-01	1.122525456411565953e-01	2.948491466027702845e-01	1.869079094190456425e-01	8.706692951355482490e-02	3.949005268144291370e-02	9.785439791892830419e-02
1.920594774821147894e+03	1.812971368985918930e-01	1.120547436421407000e-01	2.950342618391432192e-01	1.870315965528756563e-01	8.712201746956702020e-02	3.953035172311177708e-02	9.792989187415450381e-02
1.925432545034802843e+03	1.810169009112763128e-01	1.118580964121397986e-01	2.952183210568674609e-01	1.871545047616765267e-01	8.717679203063094517e-02	3.957042929240777579e-02	9.800495553458592191e-02
1.930270315248458019e+03	1.807383006514635404e-01	1.116625972035682063e-01	2.954013301714186190e-01	1.872766391421363252e-01	8.723125493999815683e-02	3.961028654923096082e-02	9.807959134176894023e-02
1.935108085462113195e+03	1.804613265659596177e-01	1.114682393083675227e-01	2.955832950669488035e-01	1.873980047558223561e-01	8.728540793197755998e-02	3.964992464796929239e-02	9.815380172253966584e-02
1.939945855675768371e+03	1.801859691573314548e-01	1.112750160577708897e-01	2.957642215964016996e-01	1.875186066294414200e-01	8.733925273195777828e-02	3.968934473752050440e-02	9.822758908916111309e-02
1.944783625889424002e+03	1.799122189835870855e-01	1.110829208220687758e-01	2.959441155816290303e-01	1.876384497550983299e-01	8.739279105643045498e-02	3.972854796131392724e-02	9.830095583945731852e-02
