9.869051235856777566e+02	2.799595089208301024e-01	1.844752905745078719e-01	2.330732873342547251e-01	1.394381352401682372e-01	6.804991266427516672e-02	2.565540119113869644e-02	6.934846407440939386e-02
9.917428937993331601e+02	2.792174315638755733e-01	1.837591225285633567e-01	2.334462490093310028e-01	1.398841754597278386e-01	6.823946891048507379e-02	2.577568250399227615e-02	6.967787002360910364e-02
9.965806640129884499e+02	2.784728032743110648e-01	1.830529020890451497e-01	2.338278354297247119e-01	1.403266170148460001e-01	6.842432315903392015e-02	2.589499393252557569e-02	7.000052510009781292e-02
1.001418434226643626e+03	2.777260521362668322e-01	1.823562257946478027e-01	2.342172492988099930e-01	1.407655238291067035e-01	6.860483687066563918e-02	2.601336284891347592e-02	7.031674922117371607e-02
1.006256204440298802e+03	2.769775788786405513e-01	1.816687132444795016e-01	2.346137516448471017e-01	1.412009565881587880e-01	6.878134188570851626e-02	2.613081491775006565e-02	7.062684283999964840e-02
1.011093974653954206e+03	2.762277585357238996e-01	1.809900057205341695e-01	2.350166575594362650e-01	1.416329729719624786e-01	6.895414275698574791e-02	2.624737421752661864e-02	7.093108823741499369e-02
1.015931744867609382e+03	2.754769420070595221e-01	1.803197648929903418e-01	2.354253322497245893e-01	1.420616278694435408e-01	6.912351890337808946e-02	2.636306335324269806e-02	7.122975072374544692e-02
1.020769515081264785e+03	2.747254575226748541e-01	1.796576716033385646e-01	2.358391873811576389e-01	1.424869735768962975e-01	6.928972659764766340e-02	2.647790356080442081e-02	7.152307975706480303e-02
1.025607285294920075e+03	2.739736120194632418e-01	1.790034247206418461e-01	2.362576776892884867e-01	1.429090599813752360e-01	6.945300080110695939e-02	2.659191480381539047e-02	7.181130998389299858e-02
1.030445055508575479e+03	2.732216924341278053e-01	1.783567400665177494e-01	2.366802978407505920e-01	1.433279347302202356e-01	6.961355685676877403e-02	2.670511586332095788e-02	7.209466220787810742e-02
1.035282825722230655e+03	2.724699669177709227e-01	1.777173494046986046e-01	2.371065795249751862e-01	1.437436433877728181e-01	6.977159205173548429e-02	2.681752442102491862e-02	7.237334429160628690e-02
1.040120595935886058e+03	2.717186859769026297e-01	1.770849994912767345e-01	2.375360887595998616e-01	1.441562295802613358e-01	6.992728705877482298e-02	2.692915713645928355e-02	7.264755199630951177e-02
1.044958366149541234e+03	2.709680835453448511e-01	1.764594511819774503e-01	2.379684233937794102e-01	1.445657351297571780e-01	7.008080726627904933e-02	2.704002971855212073e-02	7.291746976389415491e-02
1.049796136363196410e+03	2.702183779912375461e-01	1.758404785930237357e-01	2.384032107947789136e-01	1.449722001780361924e-01	7.023230400511003280e-02	2.715015699200554883e-02	7.318327144539224505e-02
1.054633906576851814e+03	2.694697730630939980e-01	1.752278683123644210e-01	2.388401057043141595e-01	1.453756633011156485e-01	7.038191568019103173e-02	2.725955295886547253e-02	7.344512097963946939e-02
1.059471676790506763e+03	2.687224587786102847e-01	1.746214186582329131e-01	2.392787882521060228e-01	1.457761616151781736e-01	7.052976881411199273e-02	2.736823085563635030e-02	7.370317302570847384e-02
1.064309447004162394e+03	2.679766122597080913e-01	1.740209389821870123e-01	2.397189621150445371e-01	1.461737308745399144e-01	7.067597900946646916e-02	2.747620320626813217e-02	7.395757355237006503e-02
1.069147217217817570e+03	2.672323985170771410e-01	1.734262490139520940e-01	2.401603528112182806e-01	1.465684055622701598e-01	7.082065183612981651e-02	2.758348187131839241e-02	7.420846038761835795e-02
1.073984987431472746e+03	2.664899711872840138e-01	1.728371782455523087e-01	2.406027061188593108e-01	1.469602189740228382e-01	7.096388364921916991e-02	2.769007809357016889e-02	7.445596373107640775e-02
1.078822757645127922e+03	2.657494732253262160e-01	1.722535653523659116e-01	2.410457866109922964e-01	1.473492032955983633e-01	7.110576234304097354e-02	2.779600254036531867e-02	7.470020663189515242e-02
1.083660527858783553e+03	2.650110375553352271e-01	1.716752576488836113e-01	2.414893762972569469e-01	1.477353896747134465e-01	7.124636804593044437e-02	2.790126534289403756e-02	7.494130543457046267e-02
1.088498298072438729e+03	2.642747876819669939e-01	1.711021105770834383e-01	2.419332733650053635e-01	1.481188082874215217e-01	7.138577376051560841e-02	2.800587613266331335e-02	7.517937019492795803e-02
1.093336068286093905e+03	2.635408382648632419e-01	1.705339872254604261e-01	2.423772910123600521e-01	1.484994883995910675e-01	7.152404595359519723e-02	2.810984407535073448e-02	7.541450506836344658e-02
1.098173838499749309e+03	2.628092956584221485e-01	1.699707578768692717e-01	2.428212563664598200e-01	1.488774584238193865e-01	7.166124509950190513e-02	2.821317790223472691e-02	7.564680867227689676e-02
1.103011608713404712e+03	2.620802584189801943e-01	1.694122995834473344e-01	2.432650094806216579e-01	1.492527459721292582e-01	7.179742618052908920e-02	2.831588593937834145e-02	7.587637442449823855e-02
1.107849378927059888e+03	2.613538177813787278e-01	1.688584957669919950e-01	2.437084024046108910e-01	1.496253779047704846e-01	7.193263914772690670e-02	2.841797613473041537e-02	7.610329085937479754e-02
1.112687149140715292e+03	2.606300581067690358e-01	1.683092358432620728e-01	2.441512983226409028e-01	1.499953803754226767e-01	7.206692934512311244e-02	2.851945608329610818e-02	7.632764192307030238e-02
1.117524919354370468e+03	2.599090573033969731e-01	1.677644148687675585e-01	2.445935707541224136e-01	1.503627788730740045e-01	7.220033790019142472e-02	2.862033305051737628e-02	7.654950724951445351e-02
1.122362689568025871e+03	2.591908872220015092e-01	1.672239332086960795e-01	2.450351028125493102e-01	1.507275982608283493e-01	7.233290208317574854e-02	2.872061399399379947e-02	7.676896241833941481e-02
1.127200459781681047e+03	2.584756140273629099e-01	1.666876962247079985e-01	2.454757865182494447e-01	1.510898628118754750e-01	7.246465563767982843e-02	2.882030558366436776e-02	7.698607919604422145e-02
1.132038229995336451e+03	2.577632985474423988e-01	1.661556139814072408e-01	2.459155221610448971e-01	1.514495962428394904e-01	7.259562908474853637e-02	2.891941422056212505e-02	7.720092576153957109e-02
1.136876000208991627e+03	2.570539966014686040e-01	1.656276009703665786e-01	2.463542177091575525e-01	1.518068217447052226e-01	7.272585000249751075e-02	2.901794605424521181e-02	7.741356691714355864e-02
1.141713770422646803e+03	2.563477593082416073e-01	1.651035758506546325e-01	2.467917882609672597e-01	1.521615620115066847e-01	7.285534328319061281e-02	2.911590699900032386e-02	7.762406428602307285e-02
1.146551540636302207e+03	2.556446333758505829e-01	1.645834612048744372e-01	2.472281555364793659e-01	1.525138392669476706e-01	7.298413136952006108e-02	2.921330274890747425e-02	7.783247649700464343e-02
1.151389310849957155e+03	2.549446613739271839e-01	1.640671833097825383e-01	2.476632474055917299e-01	1.528636752891110728e-01	7.311223447170969725e-02	2.931013879184846127e-02	7.803885935761355197e-02
1.156227081063612786e+03	2.542478819894888886e-01	1.635546719206152355e-01	2.480969974504647346e-01	1.532110914334025575e-01	7.323967076693840839e-02	2.940642042253538771e-02	7.824326601613902643e-02
1.161064851277267962e+03	2.535543302673626265e-01	1.630458600682991033e-01	2.485293445594977113e-01	1.535561086538619613e-01	7.336645658246558621e-02	2.950215275462994904e-02	7.844574711346723184e-02
1.165902621490923138e+03	2.528640378361194374e-01	1.625406838687737943e-01	2.489602325505987923e-01	1.538987475229661173e-01	7.349260656373543532e-02	2.959734073201905277e-02	7.864635092537153316e-02
1.170740391704578315e+03	2.521770331203933013e-01	1.620390823437009298e-01	2.493896098216058232e-01	1.542390282500374632e-01	7.361813382863818811e-02	2.969198913930750500e-02	7.884512349590090674e-02
1.175578161918233945e+03	2.514933415404060346e-01	1.615409972518767334e-01	2.498174290258741992e-01	1.545769706983636804e-01	7.374305010901673063e-02	2.978610261158407685e-02	7.904210876246264839e-02
1.180415932131889122e+03	2.508129856994689710e-01	1.610463729307068936e-01	2.502436467711930956e-01	1.549125944011256195e-01	7.386736588042289164e-02	2.987968564351312431e-02	7.923734867315350427e-02
1.185253702345544298e+03	2.501359855601864579e-01	1.605551561471408872e-01	2.506682233403272897e-01	1.552459185762234961e-01	7.399109048105095843e-02	2.997274259780006653e-02	7.943088329685499271e-02
1.190091472559199701e+03	2.494623586100410961e-01	1.600672959574988563e-01	2.510911224316074719e-01	1.555769621400844294e-01	7.411423222070410988e-02	3.006527771307565891e-02	7.962275092657249143e-02
1.194929242772855105e+03	2.487921200170015723e-01	1.595827435756587420e-01	2.515123109181072736e-01	1.559057437205277064e-01	7.423679848058405140e-02	3.015729511124052784e-02	7.981298817646416410e-02
1.199767012986510281e+03	2.481252827757527979e-01	1.591014522491025207e-01	2.519317586240534812e-01	1.562322816687588545e-01	7.435879580463257421e-02	3.024879880430849169e-02	8.000163007297533824e-02
1.204604783200165684e+03	2.474618578451133200e-01	1.586233771423512795e-01	2.523494381172148304e-01	1.565565940705575254e-01	7.448022998309808407e-02	3.033979270078443133e-02	8.018871014046460854e-02
1.209442553413820860e+03	2.468018542771708290e-01	1.581484752273466243e-01	2.527653245161077256e-01	1.568786987567197533e-01	7.460110612894774174e-02	3.043028061160979458e-02	8.037426048168161419e-02
1.214280323627476264e+03	2.461452793386336158e-01	1.576767051803625863e-01	2.531793953109418016e-01	1.571986133128103758e-01	7.472142874769779897e-02	3.052026625570640472e-02	8.055831185343152734e-02
1.219118093841131440e+03	2.454921386248664905e-01	1.572080272850569227e-01	2.535916301973079046e-01	1.575163550882768271e-01	7.484120180119060994e-02	3.060975326514712297e-02	8.074089373773823963e-02
1.223955864054786844e+03	2.448424361670512861e-01	1.567424033412948003e-01	2.540020109216841182e-01	1.578319412049720150e-01	7.496042876580542857e-02	3.069874518997968080e-02	8.092203440879679188e-02
1.228793634268442020e+03	2.441961745328853073e-01	1.562797965793990274e-01	2.544105211379031894e-01	1.581453885651300795e-01	7.507911268555245154e-02	3.078724550272823879e-02	8.110176099598589983e-02
1.233631404482097196e+03	2.435533549212061111e-01	1.558201715795022868e-01	2.548171462737874871e-01	1.584567138588356683e-01	7.519725622046449787e-02	3.087525760259533444e-02	8.128009954319280472e-02
1.238469174695752372e+03	2.429139772509080475e-01	1.553634941956962001e-01	2.552218734072167483e-01	1.587659335710239761e-01	7.531486169066840819e-02	3.096278481938531321e-02	8.145707506468552461e-02
1.243306944909407548e+03	2.422780402444933145e-01	1.549097314846900886e-01	2.556246911509453268e-01	1.590730639880464370e-01	7.543193111648856253e-02	3.104983041716880346e-02	8.163271159775173369e-02
1.248144715123063179e+03	2.416455415065800194e-01	1.544588516387097876e-01	2.560255895455391117e-01	1.593781212038335726e-01	7.554846625490681256e-02	3.113639759770631815e-02	8.180703225230860631e-02
1.252982485336718355e+03	2.410164775976703921e-01	1.540108239223831332e-01	2.564245599598451442e-01	1.596811211256848884e-01	7.566446863267857481e-02	3.122248950364785863e-02	8.198005925767426483e-02
1.257820255550373531e+03	2.403908441034633692e-01	1.535656186133732559e-01	2.568215949984517521e-01	1.599820794797128520e-01	7.577993957638048950e-02	3.130810922152410525e-02	8.215181400667839751e-02
1.262658025764028707e+03	2.397686356999798041e-01	1.531232069465359724e-01	2.572166884156365518e-01	1.602810118159662123e-01	7.589488023964374719e-02	3.139325978454369365e-02	8.232231709727831637e-02
1.267495795977684338e+03	2.391498462147508552e-01	1.526835610613903882e-01	2.576098350353351885e-01	1.605779335132558050e-01	7.600929162780725723e-02	3.147794417521000698e-02	8.249158837183474813e-02
1.272333566191339514e+03	2.385344686843070550e-01	1.522466539527049523e-01	2.580010306766994388e-01	1.608728597837044416e-01	7.612317462020606884e-02	3.156216532777002259e-02	8.265964695419228403e-02
1.277171336404994690e+03	2.379224954081889110e-01	1.518124594240121139e-01	2.583902720848429979e-01	1.611658056770407799e-01	7.623652999029359445e-02	3.164592613050672132e-02	8.282651128469913082e-02
1.282009106618650094e+03	2.373139179996884840e-01	1.513809520438772205e-01	2.587775568664047454e-01	1.614567860846552461e-01	7.634935842378036408e-02	3.172922942788587719e-02	8.299219915329225650e-02
1.286846876832305497e+03	2.367087274335181180e-01	1.509521071047566776e-01	2.591628834295836570e-01	1.617458157434353283e-01	7.646166053495749571e-02	3.181207802256721257e-02	8.315672773076571156e-02
1.291684647045960673e+03	2.361069140905903418e-01	1.505259005842906062e-01	2.595462509283268382e-01	1.620329092393957005e-01	7.657343688135977156e-02	3.189447467728914742e-02	8.332011359833177422e-02
1.296522417259616077e+03	2.355084678000826104e-01	1.501023091088850292e-01	2.599276592103743622e-01	1.623180810111174710e-01	7.668468797691065097e-02	3.197642211663584422e-02	8.348237277557825353e-02
1.301360187473271253e+03	2.349133778789493643e-01	1.496813099194459484e-01	2.603071087688861862e-01	1.626013453530104069e-01	7.679541430368029553e-02	3.205792302869449328e-02	8.364352074691751293e-02
1.306197957686926657e+03	2.343216331690349263e-01	1.492628808391377182e-01	2.606846006973965180e-01	1.628827164184102616e-01	7.690561632237710721e-02	3.213898006661027734e-02	8.380357248661736425e-02
1.311035727900581833e+03	2.337332220719307574e-01	1.488470002430440364e-01	2.610601366478595975e-01	1.631622082225224202e-01	7.701529448168353831e-02	3.221959585004597476e-02	8.396254248249786223e-02
1.315873498114237009e+03	2.331481325817126027e-01	1.484336470296182819e-01	2.614337187915673488e-01	1.634398346452227702e-01	7.712444922653810542e-02	3.229977296655253682e-02	8.412044475837254787e-02
1.320711268327892412e+03	2.325663523156844825e-01	1.480228005938165059e-01	2.618053497827360632e-01	1.637156094337255952e-01	7.723308100545697719e-02	3.237951397285671051e-02	8.427729289530790091e-02
1.325549038541547588e+03	2.319878685432490706e-01	1.476144408018119636e-01	2.621750327245736534e-01	1.639895462051272346e-01	7.734119027698137250e-02	3.245882139607116773e-02	8.443310005176976607e-02
1.330386808755202765e+03	2.314126682130166757e-01	1.472085479671975949e-01	2.625427711376524531e-01	1.642616584488342246e-01	7.744877751532946997e-02	3.253769773483237981e-02	8.458787898272140948e-02
1.335224578968857941e+03	2.308407379782587976e-01	1.468051028285868309e-01	2.629085689304249684e-01	1.645319595288834980e-01	7.755584321532550673e-02	3.261614546037096968e-02	8.474164205773362935e-02
1.340062349182513572e+03	2.302720642208049562e-01	1.464040865285300141e-01	2.632724303717327574e-01	1.648004626861615807e-01	7.766238789667244402e-02	3.269416701751900328e-02	8.489440127816340331e-02
1.344900119396168748e+03	2.297066330734765793e-01	1.460054805936670808e-01	2.636343600651679386e-01	1.650671810405301143e-01	7.776841210762938661e-02	3.277176482565846705e-02	8.504616829345458540e-02
1.349737889609823924e+03	2.291444304411451860e-01	1.456092669160434505e-01	2.639943629251583213e-01	1.653321275928630596e-01	7.787391642814951720e-02	3.284894127961462962e-02	8.519695441660996016e-02
1.354575659823479100e+03	2.285854420204978255e-01	1.452154277355194034e-01	2.643524441546553083e-01	1.655953152270018547e-01	7.797890147253007387e-02	3.292569875049805583e-02	8.534677063888161663e-02
1.359413430037134731e+03	2.280296533185867669e-01	1.448239456232074951e-01	2.647086092243132183e-01	1.658567567116333019e-01	7.808336789162129143e-02	3.300203958649847169e-02	8.549562764372353740e-02
1.364251200250789907e+03	2.274770496702367972e-01	1.444348034658771152e-01	2.650628638530563852e-01	1.661164647020955953e-01	7.818731637463727235e-02	3.307796611363370692e-02	8.564353582004720356e-02
1.369088970464445310e+03	2.269276162543781006e-01	1.440479844512681240e-01	2.654152139899370599e-01	1.663744517421166524e-01	7.829074765060850538e-02	3.315348063645655319e-02	8.579050527481911492e-02
1.373926740678100487e+03	2.263813381093693899e-01	1.436634720542596666e-01	2.657656657971958492e-01	1.666307302654889688e-01	7.839366248951172567e-02	3.322858543872220238e-02	8.593654584503632177e-02
1.378764510891755890e+03	2.258382001473719647e-01	1.432812500238426490e-01	2.661142256344409818e-01	1.668853125976850760e-01	7.849606170311050624e-02	3.330328278401890191e-02	8.608166710911406561e-02
1.383602281105411066e+03	2.252981871678313153e-01	1.429013023708486652e-01	2.664609000438690756e-01	1.671382109574170161e-01	7.859794614553644587e-02	3.337757491636402646e-02	8.622587839771755913e-02
1.388440051319066470e+03	2.247612838701197324e-01	1.425236133563896612e-01	2.668056957364568493e-01	1.673894374581433309e-01	7.869931671363869508e-02	3.345146406076789092e-02	8.636918880406793675e-02
1.393277821532721646e+03	2.242274748653906857e-01	1.421481674809662032e-01	2.671486195790560014e-01	1.676390041095265071e-01	7.880017434712685565e-02	3.352495242376718476e-02	8.651160719375065866e-02
1.398115591746377049e+03	2.236967446876915178e-01	1.417749494742047145e-01	2.674896785823305256e-01	1.678869228188439311e-01	7.890052002853030488e-02	3.359804219393008884e-02	8.665314221405306938e-02
1.402953361960032225e+03	2.231690778043797507e-01	1.414039442851856010e-01	2.678288798894783995e-01	1.681332053923549064e-01	7.900035478299477498e-02	3.367073554233471211e-02	8.679380230285606290e-02
1.407791132173687402e+03	2.226444586258840563e-01	1.410351370733277099e-01	2.681662307656846878e-01	1.683778635366262877e-01	7.909967967793544996e-02	3.374303462302254836e-02	8.693359569710344681e-02
1.412628902387342805e+03	2.221228715148495791e-01	1.406685131997957028e-01	2.685017385882565444e-01	1.686209088598189798e-01	7.919849582256362208e-02	3.381494157342852802e-02	8.707253044087123750e-02
1.417466672600997981e+03	2.216043007947045007e-01	1.403040582193988695e-01	2.688354108373932627e-01	1.688623528729376877e-01	7.929680436730300597e-02	3.388645851478906679e-02	8.721061439305774488e-02
1.422304442814653157e+03	2.210887307576825112e-01	1.399417578729529044e-01	2.691672550875499059e-01	1.691022069910453618e-01	7.939460650310982415e-02	3.395758755252942934e-02	8.734785523471420843e-02
1.427142213028308333e+03	2.205761456723338843e-01	1.395815980800761968e-01	2.694972789993531070e-01	1.693404825344449194e-01	7.949190346070987567e-02	3.402833077663169198e-02	8.748426047603445610e-02
1.431979983241963964e+03	2.200665297905559092e-01	1.392235649323953772e-01	2.698254903120334558e-01	1.695771907298294912e-01	7.958869650976423127e-02	3.409869026198448366e-02	8.761983746302119680e-02
1.436817753455619140e+03	2.195598673541712675e-01	1.388676446871355552e-01	2.701518968363390005e-01	1.698123427114028861e-01	7.968498695797433806e-02	3.416866806871560192e-02	8.775459338384550279e-02
1.441655523669274316e+03	2.190561426010819990e-01	1.385138237610722134e-01	2.704765064478986125e-01	1.700459495219718564e-01	7.978077615013620671e-02	3.423826624250845413e-02	8.788853527491481687e-02
1.446493293882929493e+03	2.185553397710241208e-01	1.381620887248235785e-01	2.707993270810045150e-01	1.702780221140116346e-01	7.987606546715239619e-02	3.430748681490337904e-02	8.802167002666456963e-02
1.451331064096585123e+03	2.180574431109470745e-01	1.378124262974629033e-01	2.711203667227871095e-01	1.705085713507057954e-01	7.997085632500970653e-02	3.437633180358468099e-02	8.815400438908692349e-02
1.456168834310240300e+03	2.175624368800405939e-01	1.374648233414318410e-01	2.714396334077558981e-01	1.707376080069619995e-01	8.006515017372957399e-02	3.444480321265422362e-02	8.828554497701004977e-02
1.461006604523895703e+03	2.170703053544300876e-01	1.371192668577368989e-01	2.717571352126823547e-01	1.709651427704044491e-01	8.015894849629784380e-02	3.451290303289238776e-02	8.841629827514020656e-02
1.465844374737550879e+03	2.165810328315605771e-01	1.367757439814121234e-01	2.720728802518026512e-01	1.711911862423443897e-01	8.025225280757919410e-02	3.458063324200705974e-02	8.854627064287833027e-02
1.470682144951206283e+03	2.160946036342879240e-01	1.364342419772323622e-01	2.723868766723192558e-01	1.714157489387293509e-01	8.034506465322180380e-02	3.464799580487142039e-02	8.867546831892221537e-02
1.475519915164861459e+03	2.156110021146950273e-01	1.360947482356621441e-01	2.726991326501821966e-01	1.716388412910724581e-01	8.043738560855653863e-02	3.471499267375111053e-02	8.880389742566489886e-02
1.480357685378516862e+03	2.151302126576492835e-01	1.357572502690261029e-01	2.730096563861315606e-01	1.718604736473622607e-01	8.052921727749479119e-02	3.478162578852143916e-02	8.893156397339890828e-02
1.485195455592172038e+03	2.146522196841174068e-01	1.354217357078878747e-01	2.733184561019849079e-01	1.720806562729542688e-01	8.062056129142880501e-02	3.484789707687509230e-02	8.905847386433599078e-02
1.490033225805827215e+03	2.141770076542517665e-01	1.350881922976251148e-01	2.736255400371532254e-01	1.722993993514447264e-01	8.071141930813731380e-02	3.491380845452100867e-02	8.918463289645113534e-02
1.494870996019482618e+03	2.137045610702623943e-01	1.347566078951890067e-01	2.739309164453718193e-01	1.725167129855274262e-01	8.080179301069975728e-02	3.497936182537474820e-02	8.931004676715921520e-02
1.499708766233137567e+03	2.132348644790871550e-01	1.344269704660372156e-01	2.742345935916312705e-01	1.727326071978342314e-01	8.089168410642121054e-02	3.504455908174101963e-02	8.943472107683232697e-02
1.504546536446793198e+03	2.127679024748730663e-01	1.340992680812302662e-01	2.745365797492968496e-01	1.729470919317599165e-01	8.098109432577035860e-02	3.510940210448861704e-02	8.955866133216537628e-02
1.509384306660448374e+03	2.123036597012792903e-01	1.337734889146812989e-01	2.748368831974040694e-01	1.731601770522720185e-01	8.107002542133250056e-02	3.517389276321829933e-02	8.968187294939695964e-02
1.514222076874103550e+03	2.118421208536131750e-01	1.334496212405506810e-01	2.751355122181189938e-01	1.733718723467061740e-01	8.115847916677894347e-02	3.523803291642391144e-02	8.980436125739250930e-02
1.519059847087758726e+03	2.113832706808093376e-01	1.331276534307762049e-01	2.754324750943537015e-01	1.735821875255475211e-01	8.124645735585446504e-02	3.530182441164715634e-02	8.992613150059595994e-02
1.523897617301414357e+03	2.109270939872611994e-01	1.328075739527313504e-01	2.757277801075267432e-01	1.737911322231985856e-01	8.133396180138387221e-02	3.536526908562639265e-02	9.004718884185616834e-02
1.528735387515069533e+03	2.104735756345140485e-01	1.324893713670040885e-01	2.760214355354598248e-01	1.739987159987341214e-01	8.142099433429868249e-02	3.542836876443965222e-02	9.016753836513391462e-02
1.533573157728724709e+03	2.100227005428280669e-01	1.321730343252886242e-01	2.763134496504021098e-01	1.742049483366436002e-01	8.150755680268473302e-02	3.549112526364232856e-02	9.028718507809478655e-02
1.538410927942380113e+03	2.095744536926190948e-01	1.318585515683841081e-01	2.766038307171749255e-01	1.744098386475614326e-01	8.159365107085148061e-02	3.555354038839971670e-02	9.040613391459348391e-02
1.543248698156035516e+03	2.091288201257846535e-01	1.315459119242933517e-01	2.768925869914284910e-01	1.746133962689854491e-01	8.167927901842332583e-02	3.561561593361466799e-02	9.052438973705424774e-02
1.548086468369690692e+03	2.086857849469223314e-01	1.312351043064160783e-01	2.771797267180049484e-01	1.748156304659842231e-01	8.176444253945358565e-02	3.567735368405068608e-02	9.064195733875229921e-02
1.552924238583346096e+03	2.082453333244470017e-01	1.309261177118310748e-01	2.774652581294004272e-01	1.750165504318930976e-01	8.184914354156121175e-02	3.573875541445065140e-02	9.075884144600064596e-02
1.557762008797001272e+03	2.078074504916130327e-01	1.306189412196618882e-01	2.777491894443208098e-01	1.752161652889997756e-01	8.193338394509055989e-02	3.579982288965134762e-02	9.087504672024668273e-02
1.562599779010656675e+03	2.073721217474474576e-01	1.303135639895211806e-01	2.780315288663249840e-01	1.754144840892196411e-01	8.201716568229422410e-02	3.586055786469412310e-02	9.099057776008247223e-02
1.567437549224311852e+03	2.069393324575992399e-01	1.300099752600294978e-01	2.783122845825510838e-01	1.756115158147608102e-01	8.210049069653896359e-02	3.592096208493173598e-02	9.110543910317274452e-02
1.572275319437967255e+03	2.065090680551104341e-01	1.297081643474033708e-01	2.785914647625201135e-01	1.758072693787796625e-01	8.218336094153472215e-02	3.598103728613170904e-02	9.121963522810409841e-02
1.577113089651622431e+03	2.060813140411132116e-01	1.294081206441095033e-01	2.788690775570128455e-01	1.760017536260266857e-01	8.226577838058658776e-02	3.604078519457624974e-02	9.133317055615908231e-02
1.581950859865277607e+03	2.056560559854580805e-01	1.291098336175805217e-01	2.791451310970152755e-01	1.761949773334834934e-01	8.234774498586941438e-02	3.610020752715899228e-02	9.144604945301833265e-02
1.586788630078933011e+03	2.052332795272771016e-01	1.288132928089891494e-01	2.794196334927295799e-01	1.763869492109905179e-01	8.242926273772503698e-02	3.615930599147863800e-02	9.155827623039410057e-02
1.591626400292587959e+03	2.048129703754863473e-01	1.285184878320771162e-01	2.796925928326451372e-01	1.765776779018660980e-01	8.251033362398170479e-02	3.621808228592975770e-02	9.166985514759797005e-02
1.596464170506243590e+03	2.043951143092310463e-01	1.282254083720358040e-01	2.799640171826678903e-01	1.767671719835172683e-01	8.259095963929546924e-02	3.627653809979072136e-02	9.178079041304586239e-02
1.601301940719898766e+03	2.039796971782777413e-01	1.279340441844355192e-01	2.802339145853035007e-01	1.769554399680419998e-01	8.267114278451316578e-02	3.633467511330908117e-02	9.189108618570296372e-02
1.606139710933553943e+03	2.035667049033557940e-01	1.276443850942006464e-01	2.805022930588918495e-01	1.771424903028236408e-01	8.275088506605658700e-02	3.639249499778436647e-02	9.200074657647114296e-02
1.610977481147209119e+03	2.031561234764520663e-01	1.273564209946278503e-01	2.807691605968891668e-01	1.773283313711173093e-01	8.283018849532761130e-02	3.644999941564853324e-02	9.210977564952152474e-02
1.615815251360864750e+03	2.027479389610616078e-01	1.270701418464452170e-01	2.810345251671965694e-01	1.775129714926286795e-01	8.290905508813362079e-02	3.650719002054407525e-02	9.221817742357429903e-02
1.620653021574519926e+03	2.023421374923969063e-01	1.267855376769095321e-01	2.812983947115308969e-01	1.776964189240853031e-01	8.298748686413304210e-02	3.656406845740001882e-02	9.232595587312840413e-02
1.625490791788175102e+03	2.019387052775585834e-01	1.265025985789398066e-01	2.815607771448359609e-01	1.778786818598006858e-01	8.306548584630037146e-02	3.662063636250577348e-02	9.243311492964297049e-02
1.630328562001830505e+03	2.015376285956698710e-01	1.262213147102848876e-01	2.818216803547324845e-01	1.780597684322310359e-01	8.314305406041040680e-02	3.667689536358301194e-02	9.253965848267253769e-02
1.635166332215485909e+03	2.011388937979770031e-01	1.259416762927230704e-01	2.820811122010037919e-01	1.782396867125251860e-01	8.322019353454100654e-02	3.673284707985568359e-02	9.264559038095845911e-02
1.640004102429141085e+03	2.007424873079182992e-01	1.256636736112921870e-01	2.823390805151159699e-01	1.784184447110676308e-01	8.329690629859425044e-02	3.678849312211820294e-02	9.275091443347771580e-02
1.644841872642796488e+03	2.003483956211628836e-01	1.253872970135482268e-01	2.825955930997697818e-01	1.785960503780148756e-01	8.337319438383508641e-02	3.684383509280187569e-02	9.285563441045149857e-02
1.649679642856451665e+03	1.999566053056222314e-01	1.251125369088506856e-01	2.828506577284837231e-01	1.787725116038253181e-01	8.344905982244751885e-02	3.689887458603970105e-02	9.295975404431502942e-02
1.654517413070107068e+03	1.995671030014354863e-01	1.248393837676736728e-01	2.831042821452054437e-01	1.789478362197826078e-01	8.352450464710732547e-02	3.695361318772958509e-02	9.306327703065013501e-02
1.659355183283762244e+03	1.991798754209304079e-01	1.245678281209407906e-01	2.833564740639503698e-01	1.791220319985127873e-01	8.359953089057133024e-02	3.700805247559605521e-02	9.316620702908250118e-02
1.664192953497417420e+03	1.987949093485617269e-01	1.242978605593827168e-01	2.836072411684667505e-01	1.792951066544954397e-01	8.367414058528242771e-02	3.706219401925049672e-02	9.326854766414470477e-02
1.669030723711072824e+03	1.984121916408284336e-01	1.240294717329161883e-01	2.838565911119243501e-01	1.794670678445685896e-01	8.374833576299005322e-02	3.711603938024999466e-02	9.337030252610667436e-02
1.673868493924728000e+03	1.980317092261709155e-01	1.237626523500431480e-01	2.841045315166267349e-01	1.796379231684278599e-01	8.382211845438564124e-02	3.716959011215494046e-02	9.347147517177498144e-02
1.678706264138383403e+03	1.976534491048501929e-01	1.234973931772689604e-01	2.843510699737453740e-01	1.798076801691198268e-01	8.389549068875257198e-02	3.722284776058524397e-02	9.357206912526203069e-02
1.683544034352038352e+03	1.972773983488092242e-01	1.232336850385386678e-01	2.845962140430743359e-01	1.799763463335296854e-01	8.396845449363013469e-02	3.727581386327541435e-02	9.367208787872673137e-02
1.688381804565693983e+03	1.969035441015187793e-01	1.229715188146902616e-01	2.848399712528047467e-01	1.801439290928632808e-01	8.404101189449124376e-02	3.732848995012843368e-02	9.377153489308744094e-02
1.693219574779349159e+03	1.965318735778079917e-01	1.227108854429239948e-01	2.850823490993177889e-01	1.803104358231238658e-01	8.411316491443325549e-02	3.738087754326854806e-02	9.387041359870873514e-02
1.698057344993004335e+03	1.961623740636811997e-01	1.224517759162870034e-01	2.853233550469952973e-01	1.804758738455833622e-01	8.418491557388158020e-02	3.743297815709294846e-02	9.396872739606278169e-02
1.702895115206659511e+03	1.957950329161216585e-01	1.221941812831722901e-01	2.855629965280470639e-01	1.806402504272483500e-01	8.425626589030574265e-02	3.748479329832244550e-02	9.406647965636652509e-02
1.707732885420315142e+03	1.954298375628833184e-01	1.219380926468312115e-01	2.858012809423542411e-01	1.808035727813210591e-01	8.432721787794740520e-02	3.753632446605116579e-02	9.416367372219561216e-02
1.712570655633970318e+03	1.950667755022713334e-01	1.216835011648990522e-01	2.860382156573275103e-01	1.809658480676549497e-01	8.439777354755982619e-02	3.758757315179527686e-02	9.426031290807602991e-02
1.717408425847625494e+03	1.947058343029123839e-01	1.214303980489326446e-01	2.862738080077792957e-01	1.811270833932057955e-01	8.446793490615867039e-02	3.763854083954083080e-02	9.435640050105441323e-02
1.722246196061280898e+03	1.943470016035149794e-01	1.211787745639596320e-01	2.865080652958098550e-01	1.812872858124774667e-01	8.453770395678358862e-02	3.768922900579070590e-02	9.445193976124775792e-02
1.727083966274936301e+03	1.939902651126213518e-01	1.209286220280386542e-01	2.867409947907063050e-01	1.814464623279630207e-01	8.460708269827021955e-02	3.773963911961074336e-02	9.454693392237362159e-02
1.731921736488591478e+03	1.936356126083506601e-01	1.206799318118299269e-01	2.869726037288534704e-01	1.816046198905811315e-01	8.467607312503229455e-02	3.778977264267506520e-02	9.464138619226129812e-02
1.736759506702246881e+03	1.932830319381348971e-01	1.204326953381756327e-01	2.872028993136563901e-01	1.817617654001077721e-01	8.474467722685347093e-02	3.783963102931058031e-02	9.473529975334507580e-02
1.741597276915902057e+03	1.929325110184474112e-01	1.201869040816897355e-01	2.874318887154737601e-01	1.819179057056033999e-01	8.481289698868867133e-02	3.788921572654082442e-02	9.482867776313998187e-02
1.746435047129557461e+03	1.925840378345253789e-01	1.199425495683565795e-01	2.876595790715619216e-01	1.820730476058355640e-01	8.488073439047430502e-02	3.793852817412902284e-02	9.492152335470098456e-02
1.751272817343212637e+03	1.922376004400858651e-01	1.196996233751379257e-01	2.878859774860286769e-01	1.822271978496971812e-01	8.494819140694742643e-02	3.798756980462048016e-02	9.501383963706618030e-02
1.756110587556867813e+03	1.918931869570368320e-01	1.194581171295880512e-01	2.881110910297963179e-01	1.823803631366203160e-01	8.501527000747326202e-02	3.803634204338430386e-02	9.510562969568461811e-02
1.760948357770523216e+03	1.915507855751827637e-01	1.192180225094763568e-01	2.883349267405739824e-01	1.825325501169857978e-01	8.508197215588085560e-02	3.808484630865450332e-02	9.519689659282945526e-02
1.765786127984178393e+03	1.912103845519259049e-01	1.189793312424173438e-01	2.885574916228378362e-01	1.826837653925285354e-01	8.514829981030662409e-02	3.813308401157048527e-02	9.528764336799697143e-02
1.770623898197833569e+03	1.908719722119633366e-01	1.187420351055073070e-01	2.887787926478199152e-01	1.828340155167387793e-01	8.521425492304544880e-02	3.818105655621689687e-02	9.537787303829202423e-02
1.775461668411488745e+03	1.905355369469800830e-01	1.185061259249676896e-01	2.889988367535042957e-01	1.829833069952591373e-01	8.527983944040903874e-02	3.822876533966298312e-02	9.546758859880048742e-02
1.780299438625144376e+03	1.902010672153388871e-01	1.182715955757947246e-01	2.892176308446305355e-01	1.831316462862776495e-01	8.534505530259135775e-02	3.827621175200131287e-02	9.555679302294922683e-02
1.785137208838799552e+03	1.898685515417668779e-01	1.180384359814149048e-01	2.894351817927040549e-01	1.832790398009168931e-01	8.540990444354081002e-02	3.832339717638606064e-02	9.564548926285405817e-02
1.789974979052454728e+03	1.895379785170393794e-01	1.178066391133462537e-01	2.896514964360130118e-01	1.834254939036192023e-01	8.547438879083893437e-02	3.837032298907067790e-02	9.573368024965620005e-02
1.794812749266109904e+03	1.892093367976611928e-01	1.175761969908649396e-01	2.898665815796515055e-01	1.835710149125278634e-01	8.553851026558532966e-02	3.841699055944517577e-02	9.582136889384769429e-02
1.799650519479765535e+03	1.888826151055456870e-01	1.173471016806770517e-01	2.900804439955483871e-01	1.837156090998648683e-01	8.560227078228872799e-02	3.846340125007284561e-02	9.590855808558612638e-02
1.804488289693420711e+03	1.885578022276919175e-01	1.171193452965954562e-01	2.902930904225022313e-01	1.838592826923044488e-01	8.566567224876375786e-02	3.850955641672657026e-02	9.599525069499929841e-02
1.809326059907075887e+03	1.882348870158599419e-01	1.168929199992212592e-01	2.905045275662210269e-01	1.840020418713433359e-01	8.572871656603345270e-02	3.855545740842467040e-02	9.608144957248000717e-02
1.814163830120731291e+03	1.879138583862447198e-01	1.166678179956298356e-01	2.907147620993673631e-01	1.841438927736671061e-01	8.579140562823697747e-02	3.860110556746634836e-02	9.616715754897142698e-02
1.819001600334386467e+03	1.875947053191485692e-01	1.164440315390612157e-01	2.909238006616081118e-01	1.842848414915131128e-01	8.585374132254261492e-02	3.864650222946666019e-02	9.625237743624349973e-02
1.823839370548041643e+03	1.872774168586527344e-01	1.162215529286146631e-01	2.911316498596689950e-01	1.844248940730297825e-01	8.591572552906583116e-02	3.869164872339115463e-02	9.633711202716060962e-02
1.828677140761696819e+03	1.869619821122878445e-01	1.160003745089471516e-01	2.913383162673932603e-01	1.845640565226324692e-01	8.597736012079194856e-02	3.873654637159008873e-02	9.642136409594100066e-02
1.833514910975352450e+03	1.866483902507037607e-01	1.157804886699757702e-01	2.915438064258044637e-01	1.847023348013558941e-01	8.603864696350357888e-02	3.878119648983229667e-02	9.650513639840807567e-02
1.838352681189008081e+03	1.863366305073387297e-01	1.155618878465837496e-01	2.917481268431732500e-01	1.848397348272030061e-01	8.609958791571235837e-02	3.882560038733863517e-02	9.658843167223409021e-02
1.843190451402663257e+03	1.860266921780883431e-01	1.153445645183300700e-01	2.919512839950877958e-01	1.849762624754908158e-01	8.616018482859510996e-02	3.886975936681515142e-02	9.667125263717647743e-02
1.848028221616318433e+03	1.857185646209739138e-01	1.151285112091624679e-01	2.921532843245280286e-01	1.851119235791926221e-01	8.622043954593394677e-02	3.891367472448586939e-02	9.675360199530694261e-02
1.852865991829973609e+03	1.854122372558109910e-01	1.149137204871336776e-01	2.923541342419424538e-01	1.852467239292771573e-01	8.628035390406037231e-02	3.895734775012526380e-02	9.683548243123386856e-02
1.857703762043628785e+03	1.851076995638776257e-01	1.147001849641209048e-01	2.925538401253291454e-01	1.853806692750444018e-01	8.633992973180318331e-02	3.900077972709040108e-02	9.691689661231815689e-02
1.862541532257283961e+03	1.848049410875828580e-01	1.144878972955482993e-01	2.927524083203189020e-01	1.855137653244583740e-01	8.639916885043998074e-02	3.904397193235277508e-02	9.699784718888262991e-02
1.867379302470939592e+03	1.845039514301355099e-01	1.142768501801124520e-01	2.929498451402617332e-01	1.856460177444765602e-01	8.645807307365217798e-02	3.908692563652987201e-02	9.707833679441550678e-02
1.872217072684594768e+03	1.842047202552131446e-01	1.140670363595105985e-01	2.931461568663157324e-01	1.857774321613765434e-01	8.651664420748332585e-02	3.912964210391640246e-02	9.715836804576803709e-02
1.877054842898249490e+03	1.839072372866313865e-01	1.138584486181716815e-01	2.933413497475388931e-01	1.859080141610792714e-01	8.657488405030072665e-02	3.917212259251527662e-02	9.723794354334650003e-02
1.881892613111905121e+03	1.836114923080139072e-01	1.136510797829901193e-01	2.935354300009829775e-01	1.860377692894695234e-01	8.663279439276011518e-02	3.921436835406828803e-02	9.731706587129883290e-02
1.886730383325560297e+03	1.833174751624628840e-01	1.134449227230619750e-01	2.937284038117896623e-01	1.861667030527132949e-01	8.669037701777326799e-02	3.925638063408657535e-02	9.739573759769608319e-02
1.891568153539215928e+03	1.830251757522302625e-01	1.132399703494238324e-01	2.939202773332891816e-01	1.862948209175722680e-01	8.674763370047851307e-02	3.929816067188075801e-02	9.747396127470889238e-02
1.896405923752871104e+03	1.827345840383894360e-01	1.130362156147939889e-01	2.941110566871008025e-01	1.864221283117153960e-01	8.680456620821395963e-02	3.933970970059087746e-02	9.755173943877921972e-02
1.901243693966526507e+03	1.824456900405080073e-01	1.128336515133159523e-01	2.943007479632352985e-01	1.865486306240276282e-01	8.686117630049330907e-02	3.938102894721606795e-02	9.762907461078738913e-02
1.906081464180181683e+03	1.821584838363214665e-01	1.126322710803043803e-01	2.944893572201990328e-01	1.866743332049156934e-01	8.691746572898428891e-02	3.942211963264401903e-02	9.770596929621475080e-02
1.910919234393836859e+03	1.818729555614074511e-01	1.124320673919931568e-01	2.946768904851000959e-01	1.867992413666111906e-01	8.697343623748941821e-02	3.946298297168015362e-02	9.778242598530215157e-02
1.915757004607492036e+03	1.815890954088613118e-01	1.122330335652855643e-01	2.948633537537558857e-01	1.869233603834709323e-01	8.702908956192906276e-02	3.950362017307662565e-02	9.785844715320418663e-02
1.920594774821147894e+03	1.813068936289724820e-01	1.120351627575067177e-01	2.950487529908023543e-01	1.870466954922744285e-01	8.708442743032683564e-02	3.954403243956110259e-02	9.793403526013962079e-02
1.925432545034802843e+03	1.810263405289022076e-01	1.118384481661579694e-01	2.952330941298044187e-01	1.871692518925187898e-01	8.713945156279705173e-02	3.958422096786531202e-02	9.800919275153789634e-02
1.930270315248458019e+03	1.807474264723618884e-01	1.116428830286732982e-01	2.954163830733678719e-01	1.872910347467108827e-01	8.719416367153418057e-02	3.962418694875338016e-02	9.808392205818210197e-02
1.935108085462113195e+03	1.804701418792931389e-01	1.114484606221777807e-01	2.955986256932530143e-01	1.874120491806569033e-01	8.724856546080438091e-02	3.966393156704998979e-02	9.815822559634843070e-02
1.939945855675768371e+03	1.801944772255486826e-01	1.112551742632477969e-01	2.957798278304885065e-01	1.875323002837493425e-01	8.730265862693881163e-02	3.970345600166832328e-02	9.823210576794216831e-02
1.944783625889424002e+03	1.799204230425746065e-01	1.110630173076732341e-01	2.959599952954873325e-01	1.876517931092512581e-01	8.735644485832882999e-02	3.974276142563783198e-02	9.830556496063047600e-02
1.949621396103079178e+03	1.796479699170938082e-01	1.108719831502215092e-01	2.961391338681633734e-01	1.877705326745781889e-01	8.740992583542274430e-02	3.978184900613177671e-02	9.837860554797211998e-02
