9.965806640129884499e+02	2.778470135350658565e-01	1.839442699378984469e-01	2.337899626164034739e-01	1.399274391550567320e-01	6.858908456404305687e-02	2.585002863273432039e-02	7.005220155837897644e-02
1.001418434226643626e+03	2.771488588156287847e-01	1.831961945392468205e-01	2.342239455648636448e-01	1.404347821231941296e-01	6.877088260461607094e-02	2.596980524117242783e-02	7.025553111085897084e-02
1.006256204440298802e+03	2.764460334591417046e-01	1.824602156176806933e-01	2.346619613937146742e-01	1.409334493376815656e-01	6.894816403271920857e-02	2.608866526785164411e-02	7.046151089079139007e-02
1.011093974653954206e+03	2.757390831550378119e-01	1.817358049854805035e-01	2.351034358944429914e-01	1.414238584508397123e-01	6.912133238894191400e-02	2.620663179321001957e-02	7.066985333162786875e-02
1.015931744867609382e+03	2.750285197025103545e-01	1.810224646397167458e-01	2.355478484975138675e-01	1.419063990786757767e-01	6.929075076685216328e-02	2.632372628881041524e-02	7.088029102550146010e-02
1.020769515081264785e+03	2.743148230282728139e-01	1.803197249808940195e-01	2.359947272609226598e-01	1.423814348294819010e-01	6.945674580367380835e-02	2.643996875892066362e-02	7.109257533741493440e-02
1.025607285294920075e+03	2.735984430844896620e-01	1.796271431370888572e-01	2.364436443310015401e-01	1.428493051793384427e-01	6.961961128193432102e-02	2.655537786900975458e-02	7.130647511671817096e-02
1.030445055508575479e+03	2.728798016340120425e-01	1.789443013873269483e-01	2.368942118307481304e-01	1.433103272065411882e-01	6.977961137973419381e-02	2.666997106238868515e-02	7.152177549882948737e-02
1.035282825722230655e+03	2.721592939296254565e-01	1.782708056783172124e-01	2.373460781351915405e-01	1.437647971959910842e-01	6.993698360366225331e-02	2.678376466610832632e-02	7.173827679068474350e-02
1.040120595935886058e+03	2.714372902936155740e-01	1.776062842290090649e-01	2.377989244971595306e-01	1.442129921236876555e-01	7.009194143510141806e-02	2.689677398712161591e-02	7.195579343388568139e-02
1.044958366149541234e+03	2.707141376035819835e-01	1.769503862177680409e-01	2.382524619902884888e-01	1.446551710306452909e-01	7.024467671770581734e-02	2.700901339962208728e-02	7.217415303996888021e-02
1.049796136363196410e+03	2.699901606900737550e-01	1.763027805472733300e-01	2.387064287392682005e-01	1.450915762947986576e-01	7.039536181115060853e-02	2.712049642438468106e-02	7.239319549263133202e-02
1.054633906576851814e+03	2.692656636512909540e-01	1.756631546825317136e-01	2.391605874101610518e-01	1.455224348087739150e-01	7.054415153383450376e-02	2.723123580085677967e-02	7.261277211213164329e-02
1.059471676790506763e+03	2.685409310897786672e-01	1.750312135576760075e-01	2.396147229362142750e-01	1.459479590707696284e-01	7.069118491502608681e-02	2.734124355267681522e-02	7.283274487743905679e-02
1.064309447004162394e+03	2.678162292757514384e-01	1.744066785474717163e-01	2.400686404569157273e-01	1.463683481952122445e-01	7.083658677496651457e-02	2.745053104723397044e-02	7.305298570202889419e-02
1.069147217217817570e+03	2.670918072414044664e-01	1.737892864996992970e-01	2.405221634501551742e-01	1.467837888493192522e-01	7.098046914965375209e-02	2.755910904982456985e-02	7.327337575952397319e-02
1.073984987431472746e+03	2.663678978103123929e-01	1.731787888248047802e-01	2.409751320392621854e-01	1.471944561212155667e-01	7.112293257541695002e-02	2.766698777290847733e-02	7.349380485566012200e-02
1.078822757645127922e+03	2.656447185657688226e-01	1.725749506394273769e-01	2.414274014584207873e-01	1.476005143248017015e-01	7.126406724692947725e-02	2.777417692092141663e-02	7.371417084331093050e-02
1.083660527858783553e+03	2.649224727616923403e-01	1.719775499606116809e-01	2.418788406615248188e-01	1.480021177461616766e-01	7.140395406098931641e-02	2.788068573105617967e-02	7.393437907754443761e-02
1.088498298072438729e+03	2.642013501795087427e-01	1.713863769477032561e-01	2.423293310609531959e-01	1.483994113359214939e-01	7.154266555720256715e-02	2.798652301038690934e-02	7.415434190790430591e-02
1.093336068286093905e+03	2.634815279342140881e-01	1.708012331891029245e-01	2.427787653840249027e-01	1.487925313516237080e-01	7.168026676562833099e-02	2.809169716967541142e-02	7.437397820531108095e-02
1.098173838499749309e+03	2.627631712326355951e-01	1.702219310312234335e-01	2.432270466360537120e-01	1.491816059538649264e-01	7.181681597046891963e-02	2.819621625416666652e-02	7.459321292116714852e-02
1.103011608713404712e+03	2.620464340867258435e-01	1.696482929471487822e-01	2.436740871599698544e-01	1.495667557596519481e-01	7.195236539800935194e-02	2.830008797165184734e-02	7.481197667642276727e-02
1.107849378927059888e+03	2.613314599845573127e-01	1.690801509426453353e-01	2.441198077834268731e-01	1.499480943561631030e-01	7.208696183621501885e-02	2.840331971805103162e-02	7.503020537852171656e-02
1.112687149140715292e+03	2.606183825215266370e-01	1.685173459973127730e-01	2.445641370451703545e-01	1.503257287778551887e-01	7.222064719267755339e-02	2.850591860074423028e-02	7.524783986429360583e-02
1.117524919354370468e+03	2.599073259941280245e-01	1.679597275387942346e-01	2.450070104932224602e-01	1.506997599496295304e-01	7.235345899694996252e-02	2.860789145985781490e-02	7.546482556699826705e-02
1.122362689568025871e+03	2.591984059585152322e-01	1.674071529480877785e-01	2.454483700481411845e-01	1.510702830985615197e-01	7.248543085272518560e-02	2.870924488769422203e-02	7.568111220585509169e-02
1.127200459781681047e+03	2.584917297559396476e-01	1.668594870941181307e-01	2.458881634252489956e-01	1.514373881365067565e-01	7.261659284478295950e-02	2.880998524647506928e-02	7.589665349650870363e-02
1.132038229995336451e+03	2.577873970070281850e-01	1.663166018958357750e-01	2.463263436103028114e-01	1.518011600157195551e-01	7.274697190515017065e-02	2.891011868455204206e-02	7.611140688099167495e-02
1.136876000208991627e+03	2.570855000767482967e-01	1.657783759102138266e-01	2.467628683835995373e-01	1.521616790594574331e-01	7.287659214248841388e-02	2.900965115122547053e-02	7.632533327584720140e-02
1.141713770422646803e+03	2.563861245117964871e-01	1.652446939446095275e-01	2.471976998879825416e-01	1.525190212693952052e-01	7.300547513833080537e-02	2.910858841029745347e-02	7.653839683716810727e-02
1.146551540636302207e+03	2.556893494520459109e-01	1.647154466920474625e-01	2.476308042366434092e-01	1.528732586115340852e-01	7.313364021343811416e-02	2.920693605247461078e-02	7.675056474139654861e-02
1.151389310849957155e+03	2.549952480175889935e-01	1.641905303880678568e-01	2.480621511569995885e-01	1.532244592821646045e-01	7.326110466722486614e-02	2.930469950672477328e-02	7.696180698080941351e-02
1.156227081063612786e+03	2.543038876728218045e-01	1.636698464878632575e-01	2.484917136672798454e-01	1.535726879553246660e-01	7.338788399291834574e-02	2.940188405068228442e-02	7.717209617268983024e-02
1.161064851277267962e+03	2.536153305689305970e-01	1.631533013625020567e-01	2.489194677827650248e-01	1.539180060130862782e-01	7.351399207085360099e-02	2.949849482018780319e-02	7.738140738125462437e-02
1.165902621490923138e+03	2.529296338660591559e-01	1.626408060131096234e-01	2.493453922489212715e-01	1.542604717599042330e-01	7.363944134207256464e-02	2.959453681804045944e-02	7.758971795147265316e-02
1.170740391704578315e+03	2.522468500363617139e-01	1.621322758019434485e-01	2.497694682989203552e-01	1.546001406221693686e-01	7.376424296418319926e-02	2.969001492203308251e-02	7.779700735396875844e-02
1.175578161918233945e+03	2.515670271490728083e-01	1.616276301993624653e-01	2.501916794332795235e-01	1.549370653340229886e-01	7.388840695124347657e-02	2.978493389233466404e-02	7.800325704026395135e-02
1.180415932131889122e+03	2.508902091386600031e-01	1.611267925457497141e-01	2.506120112195641125e-01	1.552712961104119604e-01	7.401194229926158497e-02	2.987929837827823024e-02	7.820845030765426198e-02
1.185253702345544298e+03	2.502164360570607315e-01	1.606296898275029472e-01	2.510304511102915415e-01	1.556028808082905168e-01	7.413485709874827190e-02	2.997311292460705032e-02	7.841257217307880112e-02
1.190091472559199701e+03	2.495457443109466156e-01	1.601362524662607867e-01	2.514469882773482379e-01	1.559318650768092840e-01	7.425715863561549446e-02	3.006638197722712180e-02	7.861560925537226796e-02
1.194929242772855105e+03	2.488781668849014694e-01	1.596464141205806153e-01	2.518616134613902990e-01	1.562582924972701626e-01	7.437885348158906895e-02	3.015910988850949159e-02	7.881754966533865980e-02
1.199767012986510281e+03	2.482137335513473764e-01	1.591601114993312915e-01	2.522743188348416377e-01	1.565822047135678463e-01	7.449994757518768607e-02	3.025130092218207903e-02	7.901838290312181157e-02
1.204604783200165684e+03	2.475524710680038765e-01	1.586772841861074090e-01	2.526850978772332557e-01	1.569036415537877205e-01	7.462044629421704656e-02	3.034295925784684378e-02	7.921809976238354534e-02
1.209442553413820860e+03	2.468944033636178426e-01	1.581978744740125953e-01	2.530939452617451124e-01	1.572226411435798943e-01	7.474035452063448881e-02	3.043408899515501892e-02	7.941669224083477974e-02
1.214280323627476264e+03	2.462395517126595990e-01	1.577218272101977847e-01	2.535008567519177469e-01	1.575392400118851011e-01	7.485967669855470019e-02	3.052469415767009725e-02	7.961415345669467514e-02
1.219118093841131440e+03	2.455879348996377054e-01	1.572490896495778168e-01	2.539058291075984575e-01	1.578534731895461785e-01	7.497841688609122035e-02	3.061477869644549724e-02	7.981047757068281123e-02
1.223955864054786844e+03	2.449395693736478308e-01	1.567796113171822381e-01	2.543088599992728294e-01	1.581653743013001767e-01	7.509657880165947208e-02	3.070434649334149654e-02	8.000565971317560865e-02
1.228793634268442020e+03	2.442944693937333933e-01	1.563133438786299956e-01	2.547099479300128366e-01	1.584749756516113106e-01	7.521416586530497994e-02	3.079340136410365497e-02	8.019969591618344995e-02
1.233631404482097196e+03	2.436526471656027260e-01	1.558502410182465714e-01	2.551090921643433540e-01	1.587823083047710804e-01	7.533118123556463430e-02	3.088194706122308897e-02	8.039258304982810355e-02
1.238469174695752372e+03	2.430141129702138858e-01	1.553902583243717550e-01	2.555062926633945852e-01	1.590874021596623833e-01	7.544762784231816288e-02	3.096998727659697193e-02	8.058431876302180052e-02
1.243306944909407548e+03	2.423788752847090278e-01	1.549333531814319487e-01	2.559015500257663667e-01	1.593902860195550719e-01	7.556350841604156376e-02	3.105752564400608706e-02	8.077490142806943718e-02
1.248144715123063179e+03	2.417469408961515354e-01	1.544794846683771317e-01	2.562948654335838183e-01	1.596909876572752407e-01	7.567882551383312006e-02	3.114456574142471582e-02	8.096433008893395844e-02
1.252982485336718355e+03	2.411183150084913462e-01	1.540286134631053683e-01	2.566862406032721089e-01	1.599895338760658481e-01	7.579358154254545177e-02	3.123111109317671871e-02	8.115260441292269922e-02
1.257820255550373531e+03	2.404930013431603730e-01	1.535807017525207541e-01	2.570756777406216220e-01	1.602859505664337159e-01	7.590777877932393392e-02	3.131716517195053812e-02	8.133972464556857296e-02
1.262658025764028707e+03	2.398710022336746905e-01	1.531357131478912614e-01	2.574631794997551126e-01	1.605802627592574361e-01	7.602141938982130698e-02	3.140273140068460672e-02	8.152569156849508170e-02
1.267495795977684338e+03	2.392523187145982055e-01	1.526936126051927634e-01	2.578487489456435244e-01	1.608724946754110652e-01	7.613450544433163214e-02	3.148781315433372280e-02	8.171050646006855489e-02
1.272333566191339514e+03	2.386369506052023193e-01	1.522543663501445266e-01	2.582323895198504471e-01	1.611626697721409707e-01	7.624703893206170868e-02	3.157241376152593315e-02	8.189417105865362534e-02
1.277171336404994690e+03	2.380248965881352208e-01	1.518179418076576748e-01	2.586141050092143900e-01	1.614508107864161546e-01	7.635902177373653232e-02	3.165653650611865988e-02	8.207668752830089842e-02
1.282009106618650094e+03	2.374161542833963801e-01	1.513843075354366630e-01	2.589938995172051950e-01	1.617369397754574445e-01	7.647045583271512570e-02	3.174018462866208534e-02	8.225805842670652623e-02
1.286846876832305497e+03	2.368107203178946019e-01	1.509534331614868496e-01	2.593717774377148344e-01	1.620210781546362055e-01	7.658134292477539184e-02	3.182336132777700832e-02	8.243828667529454202e-02
1.291684647045960673e+03	2.362085903908506257e-01	1.505252893252976010e-01	2.597477434310644373e-01	1.623032467329200979e-01	7.669168482671044618e-02	3.190606976145382578e-02	8.261737553128235823e-02
1.296522417259616077e+03	2.356097593352910191e-01	1.500998476224834066e-01	2.601218024020308106e-01	1.625834657460316912e-01	7.680148328386424139e-02	3.198831304827872563e-02	8.279532856159944887e-02
1.301360187473271253e+03	2.350142211758645683e-01	1.496770805526780879e-01	2.604939594797123781e-01	1.628617548874727872e-01	7.691074001672132399e-02	3.207009426859259299e-02	8.297214961853756343e-02
1.306197957686926657e+03	2.344219691831989083e-01	1.492569614704900016e-01	2.608642199990711674e-01	1.631381333375585829e-01	7.701945672665390374e-02	3.215141646558772326e-02	8.314784281701893820e-02
1.311035727900581833e+03	2.338329959250024515e-01	1.488394645393367466e-01	2.612325894840033524e-01	1.634126197905945710e-01	7.712763510091848185e-02	3.223228264634686591e-02	8.332241251337677013e-02
1.315873498114237009e+03	2.332472933141046256e-01	1.484245646879890357e-01	2.615990736318027365e-01	1.636852324803202141e-01	7.723527681698505454e-02	3.231269578282901928e-02	8.349586328554856052e-02
1.320711268327892412e+03	2.326648526536153339e-01	1.480122375696637516e-01	2.619636782988956636e-01	1.639559892037354139e-01	7.734238354627316625e-02	3.239265881280565390e-02	8.366819991459026329e-02
1.325549038541547588e+03	2.320856646793748590e-01	1.476024595235148340e-01	2.623264094877353902e-01	1.642249073434171869e-01	7.744895695736134233e-02	3.247217464075097954e-02	8.383942736742462654e-02
1.330386808755202765e+03	2.315097195998543078e-01	1.471952075383807512e-01	2.626872733347545008e-01	1.644920038884272184e-01	7.755499871872957585e-02	3.255124613868959349e-02	8.400955078074323623e-02
1.335224578968857941e+03	2.309370071336579733e-01	1.467904592186543844e-01	2.630462760992843263e-01	1.647572954539031909e-01	7.766051050108827014e-02	3.262987614700433442e-02	8.417857544598666975e-02
1.340062349182513572e+03	2.303675165447694184e-01	1.463881927521502868e-01	2.634034241533563803e-01	1.650207982994220390e-01	7.776549397934132135e-02	3.270806747520713792e-02	8.434650679533256534e-02
1.344900119396168748e+03	2.298012366756755909e-01	1.459883868798508566e-01	2.637587239723102606e-01	1.652825283462151795e-01	7.786995083422608432e-02	3.278582290267548216e-02	8.451335038862571591e-02
1.349737889609823924e+03	2.292381559784938960e-01	1.455910208674204009e-01	2.641121821261387392e-01	1.655425011933124857e-01	7.797388275366842758e-02	3.286314517935651908e-02	8.467911190118863896e-02
1.354575659823479100e+03	2.286782625442213834e-01	1.451960744783825363e-01	2.644638052715068133e-01	1.658007321326850081e-01	7.807729143388687787e-02	3.294003702644122261e-02	8.484379711245533529e-02
1.359413430037134731e+03	2.281215441302169855e-01	1.448035279488622817e-01	2.648136001443865961e-01	1.660572361634521654e-01	7.818017858027641320e-02	3.301650113701039280e-02	8.500741189537439069e-02
1.364251200250789907e+03	2.275679881860215859e-01	1.444133619638006960e-01	2.651615735532569795e-01	1.663120280052155231e-01	7.828254590809893831e-02	3.309254017665422959e-02	8.516996220653130778e-02
1.369088970464445310e+03	2.270175818776146159e-01	1.440255576345548238e-01	2.655077323728192162e-01	1.665651221105753921e-01	7.838439514300471478e-02	3.316815678406732221e-02	8.533145407694318896e-02
1.373926740678100487e+03	2.264703121101998562e-01	1.436400964778006273e-01	2.658520835381857905e-01	1.668165326768844825e-01	7.848572802140627025e-02	3.324335357162034460e-02	8.549189360348194433e-02
1.378764510891755890e+03	2.259261655496075660e-01	1.432569603956625470e-01	2.661946340395022204e-01	1.670662736572880724e-01	7.858654629072399367e-02	3.331813312591001830e-02	8.565128694088490480e-02
1.383602281105411066e+03	2.253851286423953215e-01	1.428761316569965578e-01	2.665353909169665969e-01	1.673143587710971270e-01	7.868685170952037511e-02	3.339249800828855697e-02	8.580964029431475959e-02
1.388440051319066470e+03	2.248471876347244158e-01	1.424975928797590496e-01	2.668743612562131107e-01	1.675608015135378326e-01	7.878664604753825296e-02	3.346645075537377223e-02	8.596695991243283319e-02
1.393277821532721646e+03	2.243123285900845143e-01	1.421213270143966978e-01	2.672115521840301988e-01	1.678056151649182093e-01	7.888593108565625234e-02	3.353999387954101352e-02	8.612325208095231166e-02
1.398115591746377049e+03	2.237805374059354813e-01	1.417473173281975363e-01	2.675469708643855027e-01	1.680488127992491032e-01	7.898470861577353008e-02	3.361312986939785780e-02	8.627852311664009621e-02
1.402953361960032225e+03	2.232517998293297445e-01	1.413755473905461968e-01	2.678806244947329884e-01	1.682904072923553651e-01	7.908298044063424848e-02	3.368586119024259001e-02	8.643277936173796028e-02
1.407791132173687402e+03	2.227261014715764820e-01	1.410060010590298285e-01	2.682125203025786941e-01	1.685304113295097161e-01	7.918074837360121465e-02	3.375819028450728621e-02	8.658602717877582344e-02
1.412628902387342805e+03	2.222034278220042236e-01	1.406386624663444329e-01	2.685426655422856745e-01	1.687688374126202484e-01	7.927801423838680417e-02	3.383011957218631099e-02	8.673827294575131575e-02
1.417466672600997981e+03	2.216837642608753822e-01	1.402735160079545407e-01	2.688710674920973820e-01	1.690056978670002596e-01	7.937477986874851010e-02	3.390165145125102059e-02	8.688952305165195678e-02
1.422304442814653157e+03	2.211670960715032275e-01	1.399105463304612940e-01	2.691977334513633857e-01	1.692410048477470674e-01	7.947104710815547368e-02	3.397278829805129574e-02	8.703978389229731494e-02
1.427142213028308333e+03	2.206534084516185712e-01	1.395497383206375785e-01	2.695226707379512199e-01	1.694747703457549770e-01	7.956681780943158921e-02	3.404353246770465413e-02	8.718906186648051060e-02
1.431979983241963964e+03	2.201426865240309338e-01	1.391910770950903209e-01	2.698458866858292060e-01	1.697070061933858842e-01	7.966209383438015157e-02	3.411388629447344861e-02	8.733736337238920400e-02
1.436817753455619140e+03	2.196349153466259363e-01	1.388345479905134794e-01	2.701673886428075932e-01	1.699377240698189684e-01	7.975687705339423728e-02	3.418385209213079673e-02	8.748469480428806844e-02
1.441655523669274316e+03	2.191300799217384687e-01	1.384801365544961471e-01	2.704871839684264145e-01	1.701669355061002642e-01	7.985116934505670505e-02	3.425343215431566474e-02	8.763106254944537377e-02
1.446493293882929493e+03	2.186281652049388846e-01	1.381278285368536807e-01	2.708052800319767917e-01	1.703946518899110418e-01	7.994497259573299375e-02	3.432262875487772369e-02	8.777647298528787334e-02
1.451331064096585123e+03	2.181291561132669699e-01	1.377776098814505745e-01	2.711216842106481395e-01	1.706208844700726202e-01	8.003828869915947941e-02	3.439144414821233842e-02	8.792093247676883994e-02
1.456168834310240300e+03	2.176330375329466604e-01	1.374294667184861596e-01	2.714364038877898344e-01	1.708456443608047104e-01	8.013111955603004211e-02	3.445988056958616819e-02	8.806444737393542832e-02
1.461006604523895703e+03	2.171397943266123731e-01	1.370833853572157313e-01	2.717494464512799079e-01	1.710689425457523338e-01	8.022346707358266049e-02	3.452794023545371210e-02	8.820702400968218060e-02
1.465844374737550879e+03	2.166494113400762034e-01	1.367393522790817662e-01	2.720608192919930501e-01	1.712907898817961627e-01	8.031533316518801868e-02	3.459562534376530579e-02	8.834866869767842024e-02
1.470682144951206283e+03	2.161618734086629412e-01	1.363973541312305249e-01	2.723705298023589849e-01	1.715111971026598570e-01	8.040671974994167970e-02	3.466293807426677753e-02	8.848938773045809947e-02
1.475519915164861459e+03	2.156771653631391616e-01	1.360573777203919477e-01	2.726785853750073874e-01	1.717301748223269142e-01	8.049762875226093573e-02	3.472988058879118711e-02	8.862918737766133093e-02
1.480357685378516862e+03	2.151952720352603987e-01	1.357194100071006382e-01	2.729849934014906276e-01	1.719477335382790517e-01	8.058806210148755644e-02	3.479645503154291802e-02	8.876807388441772251e-02
1.485195455592172038e+03	2.147161782629589122e-01	1.353834381002385623e-01	2.732897612710801227e-01	1.721638836345674994e-01	8.067802173149733747e-02	3.486266352937448382e-02	8.890605346986191204e-02
1.490033225805827215e+03	2.142398688951941133e-01	1.350494492518803102e-01	2.735928963696315219e-01	1.723786353847268638e-01	8.076750958031704564e-02	3.492850819205618740e-02	8.904313232577278081e-02
1.494870996019482618e+03	2.137663287964851055e-01	1.347174308524226038e-01	2.738944060785125090e-01	1.725919989545420252e-01	8.085652758974959387e-02	3.499399111253907041e-02	8.917931661532793597e-02
1.499708766233137567e+03	2.132955428511448259e-01	1.343873704259823387e-01	2.741942977735900566e-01	1.728039844046767859e-01	8.094507770500769528e-02	3.505911436721128455e-02	8.931461247196589848e-02
1.504546536446793198e+03	2.128274959672334377e-01	1.340592556260461754e-01	2.744925788242732478e-01	1.730146016931726760e-01	8.103316187435638529e-02	3.512388001614809296e-02	8.944902599834878010e-02
1.509384306660448374e+03	2.123621730802477681e-01	1.337330742313579124e-01	2.747892565926072783e-01	1.732238606778263579e-01	8.112078204876488341e-02	3.518829010335585566e-02	8.958256326541870485e-02
1.514222076874103550e+03	2.118995591565627501e-01	1.334088141420288753e-01	2.750843384324151430e-01	1.734317711184522603e-01	8.120794018156776706e-02	3.525234665701010989e-02	8.971523031154179928e-02
1.519059847087758726e+03	2.114396391966392730e-01	1.330864633758588600e-01	2.753778316884850641e-01	1.736383426790382989e-01	8.129463822813556839e-02	3.531605168968789815e-02	8.984703314173378419e-02
1.523897617301414357e+03	2.109823982380130136e-01	1.327660100648546948e-01	2.756697436957991632e-01	1.738435849298004821e-01	8.138087814555511335e-02	3.537940719859473254e-02	8.997797772696157492e-02
1.528735387515069533e+03	2.105278213580770719e-01	1.324474424519352933e-01	2.759600817788021576e-01	1.740475073491429270e-01	8.146666189231920041e-02	3.544241516578609114e-02	9.010807000351606089e-02
1.533573157728724709e+03	2.100758936766708440e-01	1.321307488878118996e-01	2.762488532507066386e-01	1.742501193255287240e-01	8.155199142802592449e-02	3.550507755838388374e-02	9.023731587245081842e-02
1.538410927942380113e+03	2.096266003584866255e-01	1.318159178280334798e-01	2.765360654128333207e-01	1.744514301592671179e-01	8.163686871308746540e-02	3.556739632878789387e-02	9.036572119908273248e-02
1.543248698156035516e+03	2.091799266153052117e-01	1.315029378301875440e-01	2.768217255539833221e-01	1.746514490642221695e-01	8.172129570844809121e-02	3.562937341488238430e-02	9.049329181254993359e-02
1.548086468369690692e+03	2.087358577080706268e-01	1.311917975512469914e-01	2.771058409498413644e-01	1.748501851694470033e-01	8.180527437531143198e-02	3.569101074023803971e-02	9.062003350542323366e-02
1.552924238583346096e+03	2.082943789488133357e-01	1.308824857450550105e-01	2.773884188624079483e-01	1.750476475207487781e-01	8.188880667487677401e-02	3.575231021430936434e-02	9.074595203336753568e-02
1.557762008797001272e+03	2.078554757024318744e-01	1.305749912599394325e-01	2.776694665394581762e-01	1.752438450821878768e-01	8.197189456808418040e-02	3.581327373262770813e-02	9.087105311484952597e-02
1.562599779010656675e+03	2.074191333883405597e-01	1.302693030364493465e-01	2.779489912140264973e-01	1.754387867375155619e-01	8.205454001536822972e-02	3.587390317698995607e-02	9.099534243088862329e-02
1.567437549224311852e+03	2.069853374819921044e-01	1.299654101052064858e-01	2.782270001039153229e-01	1.756324812915533162e-01	8.213674497642040051e-02	3.593420041564315826e-02	9.111882562484800718e-02
1.572275319437967255e+03	2.065540735162820218e-01	1.296633015848649151e-01	2.785035004112267343e-01	1.758249374715175617e-01	8.221851140995936613e-02	3.599416730346506610e-02	9.124150830226310238e-02
1.577113089651622431e+03	2.061253270828426465e-01	1.293629666801727196e-01	2.787784993219154517e-01	1.760161639282927792e-01	8.229984127350969958e-02	3.605380568214075487e-02	9.136339603070467441e-02
1.581950859865277607e+03	2.056990838332330152e-01	1.290643946801296460e-01	2.790520040053622308e-01	1.762061692376560018e-01	8.238073652318804452e-02	3.611311738033552710e-02	9.148449433967423272e-02
1.586788630078933011e+03	2.052753294800309936e-01	1.287675749562351424e-01	2.793240216139665777e-01	1.763949619014554548e-01	8.246119911349712728e-02	3.617210421386399949e-02	9.160480872052942369e-02
1.591626400292587959e+03	2.048540497978338093e-01	1.284724969608216083e-01	2.795945592827577819e-01	1.765825503487457870e-01	8.254123099712691591e-02	3.623076798585568581e-02	9.172434462643709596e-02
1.596464170506243590e+03	2.044352306241723205e-01	1.281791502254678305e-01	2.798636241290233806e-01	1.767689429368827225e-01	8.262083412476305122e-02	3.628911048691702002e-02	9.184310747235228944e-02
1.601301940719898766e+03	2.040188578603445713e-01	1.278875243594879418e-01	2.801312232519541645e-01	1.769541479525788552e-01	8.270001044490211950e-02	3.634713349529004184e-02	9.196110263502098314e-02
1.606139710933553943e+03	2.036049174721730748e-01	1.275976090484915726e-01	2.803973637323043389e-01	1.771381736129233053e-01	8.277876190367360054e-02	3.640483877700768228e-02	9.207833545300508904e-02
1.610977481147209119e+03	2.031933954906911255e-01	1.273093940530111434e-01	2.806620526320673936e-01	1.773210280663668759e-01	8.285709044466831041e-02	3.646222808604591969e-02	9.219481122672788798e-02
1.615815251360864750e+03	2.027842780127619982e-01	1.270228692071922461e-01	2.809252969941656297e-01	1.775027193936745962e-01	8.293499800877304762e-02	3.651930316447273006e-02	9.231053521853843646e-02
1.620653021574519926e+03	2.023775512016353917e-01	1.267380244175436155e-01	2.811871038421533409e-01	1.776832556088474846e-01	8.301248653401135935e-02	3.657606574259396337e-02	9.242551265279350114e-02
1.625490791788175102e+03	2.019732012874449478e-01	1.264548496617432793e-01	2.814474801799330406e-01	1.778626446600153621e-01	8.308955795539006706e-02	3.663251753909631259e-02	9.253974871595563312e-02
1.630328562001830505e+03	2.015712145676503975e-01	1.261733349874974708e-01	2.817064329914838461e-01	1.780408944303020491e-01	8.316621420475138471e-02	3.668866026118729196e-02	9.265324855670618864e-02
1.635166332215485909e+03	2.011715774074280538e-01	1.258934705114494734e-01	2.819639692406016862e-01	1.782180127386642776e-01	8.324245721063062986e-02	3.674449560473246057e-02	9.276601728607210273e-02
1.640004102429141085e+03	2.007742762400122338e-01	1.256152464181354567e-01	2.822200958706507223e-01	1.783940073407060956e-01	8.331828889811901395e-02	3.680002525438984956e-02	9.287805997756529153e-02
1.644841872642796488e+03	2.003792975669914378e-01	1.253386529589845810e-01	2.824748198043259828e-01	1.785688859294696507e-01	8.339371118873159516e-02	3.685525088374165537e-02	9.298938166733373978e-02
1.649679642856451665e+03	1.999866279585617024e-01	1.250636804513609590e-01	2.827281479434254341e-01	1.787426561362038813e-01	8.346872600028008848e-02	3.691017415542340030e-02	9.309998735432321870e-02
1.654517413070107068e+03	1.995962540537396246e-01	1.247903192776448900e-01	2.829800871686327657e-01	1.789153255311118074e-01	8.354333524675040812e-02	3.696479672125044247e-02	9.320988200044871830e-02
1.659355183283762244e+03	1.992081625605380268e-01	1.245185598843514263e-01	2.832306443393093343e-01	1.790869016240780875e-01	8.361754083818465078e-02	3.701912022234207095e-02	9.331907053077502512e-02
1.664192953497417420e+03	1.988223402561063169e-01	1.242483927812838701e-01	2.834798262932951562e-01	1.792573918653772302e-01	8.369134468056763088e-02	3.707314628924309602e-02	9.342755783370525202e-02
1.669030723711072824e+03	1.984387739868379297e-01	1.239798085407203265e-01	2.837276398467187821e-01	1.794268036463639027e-01	8.376474867571749583e-02	3.712687654204308713e-02	9.353534876117695906e-02
1.673868493924728000e+03	1.980574506684467939e-01	1.237127977966315656e-01	2.839740917938155529e-01	1.795951443001458092e-01	8.383775472118050465e-02	3.718031259049330711e-02	9.364244812886497737e-02
1.678706264138383403e+03	1.976783572860149329e-01	1.234473512439282772e-01	2.842191889067536836e-01	1.797624211022401108e-01	8.391036471012969233e-02	3.723345603412137744e-02	9.374886071639042251e-02
1.683544034352038352e+03	1.973014808940130316e-01	1.231834596377360952e-01	2.844629379354686738e-01	1.799286412712144678e-01	8.398258053126736455e-02	3.728630846234367441e-02	9.385459126753517567e-02
1.688381804565693983e+03	1.969268086162957176e-01	1.229211137926969066e-01	2.847053456075046007e-01	1.800938119693129003e-01	8.405440406873120052e-02	3.733887145457569223e-02	9.395964449046144418e-02
1.693219574779349159e+03	1.965543276460730016e-01	1.226603045822950017e-01	2.849464186278631295e-01	1.802579403030674654e-01	8.412583720200395021e-02	3.739114658034015104e-02	9.406402505793577673e-02
1.698057344993004335e+03	1.961840252458598444e-01	1.224010229382065246e-01	2.851861636788589616e-01	1.804210333238964736e-01	8.419688180582646231e-02	3.744313539937316193e-02	9.416773760755704770e-02
1.702895115206659511e+03	1.958158887474046317e-01	1.221432598496710875e-01	2.854245874199826116e-01	1.805830980286896037e-01	8.426753975011407050e-02	3.749483946172833121e-02	9.427078674198809127e-02
1.707732885420315142e+03	1.954499055515988015e-01	1.218870063628842842e-01	2.856616964877692344e-01	1.807441413603807223e-01	8.433781289987608842e-02	3.754626030787890090e-02	9.437317702919036100e-02
1.712570655633970318e+03	1.950860631283681257e-01	1.216322535804099658e-01	2.858974974956736692e-01	1.809041702085086301e-01	8.440770311513845492e-02	3.759739946881800882e-02	9.447491300266148972e-02
1.717408425847625494e+03	1.947243490165470603e-01	1.213789926606111125e-01	2.861319970339519791e-01	1.810631914097667883e-01	8.447721225086918251e-02	3.764825846615703353e-02	9.457599916167515330e-02
1.722246196061280898e+03	1.943647508237378307e-01	1.211272148170984275e-01	2.863652016695481528e-01	1.812212117485418328e-01	8.454634215690685906e-02	3.769883881222214211e-02	9.467643997152305757e-02
1.727083966274936301e+03	1.940072562261543621e-01	1.208769113181956401e-01	2.865971179459870788e-01	1.813782379574418457e-01	8.461509467789170291e-02	3.774914201014903381e-02	9.477623986375860454e-02
1.731921736488591478e+03	1.936518529684528589e-01	1.206280734864205589e-01	2.868277523832726272e-01	1.815342767178147187e-01	8.468347165319947689e-02	3.779916955397592121e-02	9.487540323644214069e-02
1.736759506702246881e+03	1.932985288635495347e-01	1.203806926979810454e-01	2.870571114777911714e-01	1.816893346602565518e-01	8.475147491687781698e-02	3.784892292873486691e-02	9.497393445438732928e-02
1.741597276915902057e+03	1.929472717924267389e-01	1.201347603822852383e-01	2.872852017022202165e-01	1.818434183651111979e-01	8.481910629758510067e-02	3.789840361054139933e-02	9.507183784940843874e-02
1.746435047129557461e+03	1.925980697039278988e-01	1.198902680214651018e-01	2.875120295054418018e-01	1.819965343629607879e-01	8.488636761853178558e-02	3.794761306668250483e-02	9.516911772056847740e-02
1.751272817343212637e+03	1.922509106145421920e-01	1.196472071499126572e-01	2.877376013124610110e-01	1.821486891351077608e-01	8.495326069742395458e-02	3.799655275570305163e-02	9.526577833442767540e-02
1.756110587556867813e+03	1.919057826081800033e-01	1.194055693538283586e-01	2.879619235243290332e-01	1.822998891140486244e-01	8.501978734640923407e-02	3.804522412749064553e-02	9.536182392529236884e-02
1.760948357770523216e+03	1.915626738359394177e-01	1.191653462707807365e-01	2.881850025180705543e-01	1.824501406839398598e-01	8.508594937202478004e-02	3.809362862335896605e-02	9.545725869546400899e-02
1.765786127984178393e+03	1.912215725158645241e-01	1.189265295892768942e-01	2.884068446466156455e-01	1.825994501810561665e-01	8.515174857514742901e-02	3.814176767612960373e-02	9.555208681548801875e-02
1.770623898197833569e+03	1.908824669326963930e-01	1.186891110483433709e-01	2.886274562387361464e-01	1.827478238942413513e-01	8.521718675094587525e-02	3.818964271021248191e-02	9.564631242440256587e-02
1.775461668411488745e+03	1.905453454376169753e-01	1.184530824371165941e-01	2.888468435989859917e-01	1.828952680653521401e-01	8.528226568883483238e-02	3.823725514168480055e-02	9.573993962998683660e-02
1.780299438625144376e+03	1.902101964479865626e-01	1.182184355944426585e-01	2.890650130076451441e-01	1.830417888896950784e-01	8.534698717243105470e-02	3.828460637836866853e-02	9.583297250900894848e-02
1.785137208838799552e+03	1.898770084470753072e-01	1.179851624084858330e-01	2.892819707206682467e-01	1.831873925164568817e-01	8.541135297951128746e-02	3.833169781990728581e-02	9.592541510747319700e-02
1.789974979052454728e+03	1.895457699837894971e-01	1.177532548163455761e-01	2.894977229696364951e-01	1.833320850491281795e-01	8.547536488197193805e-02	3.837853085783990426e-02	9.601727144086651122e-02
1.794812749266109904e+03	1.892164696723926953e-01	1.175227048036812244e-01	2.897122759617129506e-01	1.834758725459212092e-01	8.553902464579049569e-02	3.842510687567539385e-02	9.610854549440413230e-02
1.799650519479765535e+03	1.888890961922221889e-01	1.172935044043444813e-01	2.899256358796023503e-01	1.836187610201814313e-01	8.560233403098874150e-02	3.847142724896460836e-02	9.619924122327430660e-02
1.804488289693420711e+03	1.885636382874015526e-01	1.170656457000189415e-01	2.901378088815133593e-01	1.837607564407933713e-01	8.566529479159737392e-02	3.851749334537145353e-02	9.628936255288204904e-02
1.809326059907075887e+03	1.882400847665491317e-01	1.168391208198665404e-01	2.903488011011249870e-01	1.839018647325804945e-01	8.572790867562248007e-02	3.856330652474283111e-02	9.637891337909165745e-02
1.814163830120731291e+03	1.879184245024832778e-01	1.166139219401804150e-01	2.905586186475556665e-01	1.840420917767000009e-01	8.579017742501332533e-02	3.860886813917727839e-02	9.646789756846813058e-02
1.819001600334386467e+03	1.875986464319241986e-01	1.163900412840441212e-01	2.907672676053361105e-01	1.841814434110320975e-01	8.585210277563171122e-02	3.865417953309255999e-02	9.655631895851732316e-02
1.823839370548041643e+03	1.872807395551932264e-01	1.161674711209967070e-01	2.909747540343846639e-01	1.843199254305638024e-01	8.591368645722288755e-02	3.869924204329205225e-02	9.664418135792474107e-02
1.828677140761696819e+03	1.869646929359094212e-01	1.159462037667034207e-01	2.911810839699863207e-01	1.844575435877681968e-01	8.597493019338767195e-02	3.874405699903005207e-02	9.673148854679300412e-02
1.833514910975352450e+03	1.866504957006839271e-01	1.157262315826318444e-01	2.913862634227741277e-01	1.845943035929782650e-01	8.603583570155606819e-02	3.878862572207598253e-02	9.681824427687789336e-02
1.838352681189008081e+03	1.863381370388121350e-01	1.155075469757333023e-01	2.915902983787136971e-01	1.847302111147563486e-01	8.609640469296217513e-02	3.883294952677756456e-02	9.690445227182283017e-02
1.843190451402663257e+03	1.860276062019643739e-01	1.152901423981289863e-01	2.917931947990907715e-01	1.848652717802586332e-01	8.615663887262037246e-02	3.887702972012293395e-02	9.699011622739198146e-02
1.848028221616318433e+03	1.857188925038747995e-01	1.150740103468009673e-01	2.919949586205008440e-01	1.849994911755952764e-01	8.621653993930278315e-02	3.892086760180173133e-02	9.707523981170169958e-02
1.852865991829973609e+03	1.854119853200289769e-01	1.148591433632876607e-01	2.921955957548419969e-01	1.851328748461859020e-01	8.627610958551791553e-02	3.896446446426521382e-02	9.715982666545040780e-02
1.857703762043628785e+03	1.851068740873503260e-01	1.146455340333837614e-01	2.923951120893101829e-01	1.852654282971110122e-01	8.633534949749048504e-02	3.900782159278540911e-02	9.724388040214686224e-02
1.862541532257283961e+03	1.848035483038856508e-01	1.144331749868441050e-01	2.925935134863968945e-01	1.853971569934588504e-01	8.639426135514242933e-02	3.905094026551330505e-02	9.732740460833680385e-02
1.867379302470939592e+03	1.845019975284896419e-01	1.142220588970917494e-01	2.927908057838891631e-01	1.855280663606684588e-01	8.645284683207500598e-02	3.909382175353610239e-02	9.741040284382787573e-02
1.872217072684594768e+03	1.842022113805090455e-01	1.140121784809296490e-01	2.929869947948723907e-01	1.856581617848684085e-01	8.651110759555198648e-02	3.913646732093358643e-02	9.749287864191291675e-02
1.877054842898249490e+03	1.839041795394660284e-01	1.138035264982562716e-01	2.931820863077350126e-01	1.857874486132117808e-01	8.656904530648390494e-02	3.917887822483356874e-02	9.757483550959145102e-02
1.881892613111905121e+03	1.836078917447414305e-01	1.135960957517845177e-01	2.933760860861756581e-01	1.859159321542070420e-01	8.662666161941327825e-02	3.922105571546650321e-02	9.765627692778956759e-02
1.886730383325560297e+03	1.833133377952575749e-01	1.133898790867642059e-01	2.935689998692125324e-01	1.860436176780455031e-01	8.668395818250096418e-02	3.926300103621923471e-02	9.773720635157799597e-02
1.891568153539215928e+03	1.830205075491612432e-01	1.131848693907077652e-01	2.937608333711947961e-01	1.861705104169246172e-01	8.674093663751331063e-02	3.930471542368789428e-02	9.781762721038843311e-02
1.896405923752871104e+03	1.827293909235064018e-01	1.129810595931190625e-01	2.939515922818161098e-01	1.862966155653679456e-01	8.679759861981044267e-02	3.934620010773001025e-02	9.789754290822812177e-02
1.901243693966526507e+03	1.824399778939372052e-01	1.127784426652253397e-01	2.941412822661301218e-01	1.864219382805415437e-01	8.685394575833532693e-02	3.938745631151582133e-02	9.797695682389268024e-02
1.906081464180181683e+03	1.821522584943712220e-01	1.125770116197120918e-01	2.943299089645683431e-01	1.865464836825667383e-01	8.690997967560373794e-02	3.942848525157879175e-02	9.805587231117711411e-02
1.910919234393836859e+03	1.818662228166829375e-01	1.123767595104606942e-01	2.945174779929591868e-01	1.866702568548294361e-01	8.696570198769522364e-02	3.946928813786538398e-02	9.813429269908513497e-02
1.915757004607492036e+03	1.815818610103875630e-01	1.121776794322889154e-01	2.947039949425497296e-01	1.867932628442862675e-01	8.702111430424482041e-02	3.950986617378406812e-02	9.821222129203661944e-02
1.920594774821147894e+03	1.812991632823256760e-01	1.119797645206939696e-01	2.948894653800285259e-01	1.869155066617672889e-01	8.707621822843557291e-02	3.955022055625360966e-02	9.828966137007336124e-02
1.925432545034802843e+03	1.810181198963479732e-01	1.117830079515981651e-01	2.950738948475509771e-01	1.870369932822754100e-01	8.713101535699191436e-02	3.959035247575062866e-02	9.836661618906296367e-02
1.930270315248458019e+03	1.807387211730009380e-01	1.115874029410971330e-01	2.952572888627656988e-01	1.871577276452827676e-01	8.718550728017386564e-02	3.963026311635652055e-02	9.844308898090108062e-02
1.935108085462113195e+03	1.804609574892133694e-01	1.113929427452103743e-01	2.954396529188431098e-01	1.872777146550238248e-01	8.723969558177190053e-02	3.966995365580360672e-02	9.851908295371178403e-02
1.939945855675768371e+03	1.801848192779831603e-01	1.111996206596342213e-01	2.956209924845055181e-01	1.873969591807855273e-01	8.729358183910269908e-02	3.970942526552065366e-02	9.859460129204619672e-02
1.944783625889424002e+03	1.799102970280654079e-01	1.110074300194969776e-01	2.958013130040586525e-01	1.875154660571943521e-01	8.734716762300542836e-02	3.974867911067777454e-02	9.866964715707939038e-02
1.949621396103079178e+03	1.796373812836611628e-01	1.108163641991163906e-01	2.959806198974250235e-01	1.876332400845002746e-01	8.740045449783889753e-02	3.978771635023065772e-02	9.874422368680550732e-02
1.954459166316734354e+03	1.793660626441072881e-01	1.106264166117592318e-01	2.961589185601785079e-01	1.877502860288580988e-01	8.745344402147942064e-02	3.982653813696412221e-02	9.881833399623113356e-02
1.959296936530389530e+03	1.790963317635669849e-01	1.104375807094029743e-01	2.963362143635808188e-01	1.878666086226057075e-01	8.750613774531916522e-02	3.986514561753514568e-02	9.889198117756693718e-02
