0.000000000000000000e+00	2.562819166349179500e-01	1.649738685391776427e-01	2.462069780669531305e-01	1.531014125382963720e-01	7.333227336564029919e-02	2.891793459662356930e-02	7.718561625790380798e-02
1.451331064096584811e+01	2.541182904994146452e-01	1.634656422681382559e-01	2.476770185653962564e-01	1.540764507601243838e-01	7.358876861976282324e-02	2.919999600803984546e-02	7.787383327863653393e-02
2.902662128193169622e+01	2.519923413820672753e-01	1.619836789701829538e-01	2.491126511197936655e-01	1.550395121364438189e-01	7.386095983518853325e-02	2.947895265440437715e-02	7.853190390143209576e-02
4.353993192289755143e+01	2.499034512661679197e-01	1.605275646452435090e-01	2.505155605563099686e-01	1.559894001864451929e-01	7.414563869317584988e-02	2.975468611512585917e-02	7.916369853704441351e-02
5.805324256386339954e+01	2.478510060237264778e-01	1.590968826445707807e-01	2.518872536882159063e-01	1.569252204762887071e-01	7.444010870655774770e-02	3.002710125859605825e-02	7.977242720155701405e-02
7.256655320482924765e+01	2.458343965103773898e-01	1.576912155637495982e-01	2.532290847401198475e-01	1.578463240078430418e-01	7.474210247028038878e-02	3.029612275835192811e-02	8.036075394879048372e-02
8.707986384579510286e+01	2.438530194451510869e-01	1.563101467751092932e-01	2.545422767769124350e-01	1.587522606256713542e-01	7.504971259398518502e-02	3.056169215627908137e-02	8.093089162640421108e-02
1.015931744867609581e+02	2.419062781120072392e-01	1.549532616626652093e-01	2.558279397908976849e-01	1.596427407062133152e-01	7.536133402340616794e-02	3.082376538334635416e-02	8.148468032097665181e-02
1.161064851277267991e+02	2.399935829137680721e-01	1.536201486118593251e-01	2.570870859915946327e-01	1.605176036910923865e-01	7.567561584450445411e-02	3.108231066331338874e-02	8.202365228338043268e-02
1.306197957686926259e+02	2.381143518038888462e-01	1.523103997973636881e-01	2.583206427520609583e-01	1.613767922735486193e-01	7.599142098581052052e-02	3.133730673728350735e-02	8.254908564955661110e-02
1.451331064096584669e+02	2.362680106171885785e-01	1.510236118047430243e-01	2.595294635902087865e-01	1.622203312518343821e-01	7.630779250152806836e-02	3.158874135731020577e-02	8.306204887669974002e-02
1.596464170506243647e+02	2.344539933170778079e-01	1.497593861155877004e-01	2.607143375008669772e-01	1.630483102332183909e-01	7.662392533981685072e-02	3.183661000586164580e-02	8.356343748708337793e-02
1.741597276915902057e+02	2.326717421738463965e-01	1.485173294805999800e-01	2.618759969021616230e-01	1.638608695129912529e-01	7.693914268498790177e-02	3.208091480509821930e-02	8.405400443982737058e-02
1.886730383325560467e+02	2.309207078861021389e-01	1.472970542008697759e-01	2.630151244163473900e-01	1.646581885695166669e-01	7.725287611548385669e-02	3.232166358586824328e-02	8.453438522532465138e-02
2.031863489735219162e+02	2.292003496553988995e-01	1.460981783340576379e-01	2.641323586690588199e-01	1.654404767130341347e-01	7.756464894676820543e-02	3.255886909127865547e-02	8.500511858991642578e-02
2.176996596144877287e+02	2.275101352223898310e-01	1.449203258392884053e-01	2.652282992608285817e-01	1.662079655060048622e-01	7.787406223399866156e-02	3.279254829382036857e-02	8.546666364318208919e-02
2.322129702554535982e+02	2.258495408714245034e-01	1.437631266721465795e-01	2.663035110396257399e-01	1.669609026391357109e-01	7.818078299725700342e-02	3.302272180846148319e-02	8.591941397146174442e-02
2.467262808964194392e+02	2.242180514093347621e-01	1.426262168391669860e-01	2.673585277822491113e-01	1.676995470021602486e-01	7.848453430517582374e-02	3.324941338698172294e-02	8.636370927444420031e-02
2.612395915373852517e+02	2.226151601231765309e-01	1.415092384195613395e-01	2.683938553749706801e-01	1.684241647339526360e-01	7.878508691355320948e-02	3.347264948120590861e-02	8.679984495309248094e-02
2.757529021783511780e+02	2.210403687208850332e-01	1.404118395605545022e-01	2.694099745692753456e-01	1.691350260742147948e-01	7.908225220606575345e-02	3.369245886478176855e-02	8.722808000373560855e-02
2.902662128193169337e+02	2.194931872581258048e-01	1.393336744515721592e-01	2.704073433763976575e-01	1.698324028701466704e-01	7.937587622620917438e-02	3.390887230480603420e-02	8.764864351225529204e-02
3.047795234602828600e+02	2.179731340540656537e-01	1.382744032815881319e-01	2.713863991542175835e-01	1.705165666173011907e-01	7.966583462455313625e-02	3.412192227598667693e-02	8.806173999180044731e-02
3.192928341012487294e+02	2.164797355983212601e-01	1.372336921831655843e-01	2.723475604316014653e-01	1.711877869351556003e-01	7.995202837448535382e-02	3.433164271118547411e-02	8.846755376559814477e-02
3.338061447422145420e+02	2.150125264509585021e-01	1.362112131660886127e-01	2.732912285081899872e-01	1.718463303955679589e-01	8.023438013383225875e-02	3.453806878315084788e-02	8.886625256172477061e-02
3.483194553831804114e+02	2.135710491370925446e-01	1.352066440429549599e-01	2.742177888617057802e-01	1.724924596368631879e-01	8.051283114990248624e-02	3.474123671305905797e-02	8.925799045793497699e-02
3.628327660241463377e+02	2.121548540373737468e-01	1.342196683486637232e-01	2.751276123898887538e-01	1.731264327083351651e-01	8.078733862228834606e-02	3.494118360215818508e-02	8.964291029080505291e-02
3.773460766651120935e+02	2.107634992754215675e-01	1.332499752553756578e-01	2.760210565100065794e-01	1.737485025998928012e-01	8.105787345174922387e-02	3.513794728337534673e-02	9.002114562369172013e-02
3.918593873060780197e+02	2.093965506030850132e-01	1.322972594842271032e-01	2.768984661353965926e-01	1.743589169197834743e-01	8.132441831515878350e-02	3.533156619022300576e-02	9.039282235163891011e-02
4.063726979470438323e+02	2.080535812842547738e-01	1.313612212148360103e-01	2.777601745455652305e-01	1.749579176900931954e-01	8.158696601621907851e-02	3.552207924073853135e-02	9.075806000780603511e-02
4.208860085880095880e+02	2.067341719778246212e-01	1.304415659934382299e-01	2.786065041639080309e-01	1.755457412353003677e-01	8.184551806975402799e-02	3.570952573452619572e-02	9.111697282476143023e-02
4.353993192289755143e+02	2.054379106202945948e-01	1.295380046403283303e-01	2.794377672550382719e-01	1.761226181437512417e-01	8.210008348416233948e-02	3.589394526125247453e-02	9.146967059468565087e-02
4.499126298699413837e+02	2.041643923084198453e-01	1.286502531571443730e-01	2.802542665519673903e-01	1.766887732857048976e-01	8.235067771226192712e-02	3.607537761918298835e-02	9.181625936483148176e-02
4.644259405109071963e+02	2.029132191822360098e-01	1.277780326344252759e-01	2.810562958219052776e-01	1.772444258747006285e-01	8.259732174547987360e-02	3.625386274254940866e-02	9.215684199821649880e-02
4.789392511518730657e+02	2.016840003087313760e-01	1.269210691597793816e-01	2.818441403782038779e-01	1.777897895615519475e-01	8.284004133029000683e-02	3.642944063670385674e-02	9.249151862425250559e-02
4.934525617928388783e+02	2.004763515663856022e-01	1.260790937269288814e-01	2.826180775449145255e-01	1.783250725523619906e-01	8.307886628910371440e-02	3.660215132016145234e-02	9.282038699965672324e-02
5.079658724338048046e+02	1.992898955307524089e-01	1.252518421458344855e-01	2.833783770795351709e-01	1.788504777436684123e-01	8.331382993058523978e-02	3.677203477275290538e-02	9.314354279638424605e-02
5.224791830747705035e+02	1.981242613612293479e-01	1.244390549540559943e-01	2.841253015587666408e-01	1.793662028692261379e-01	8.354496853668030854e-02	3.693913088921211424e-02	9.346107983034221411e-02
5.369924937157364866e+02	1.969790846891278369e-01	1.236404773294644960e-01	2.848591067314533709e-01	1.798724406540798681e-01	8.377232091559104477e-02	3.710347943761123368e-02	9.377309024218488664e-02
5.515058043567023560e+02	1.958540075071338871e-01	1.228558590043899584e-01	2.855800418423318221e-01	1.803693789725082375e-01	8.399592801156180455e-02	3.726512002213072661e-02	9.407966463945639790e-02
5.660191149976681118e+02	1.947486780602284417e-01	1.220849541812622924e-01	2.862883499297445011e-01	1.808572010071794467e-01	8.421583256371199810e-02	3.742409204971541836e-02	9.438089220767072185e-02
5.805324256386339812e+02	1.936627507381210034e-01	1.213275214497828158e-01	2.869842681000739915e-01	1.813360854074705930e-01	8.443207880730616011e-02	3.758043470022262578e-02	9.467686079653561682e-02
5.950457362795999643e+02	1.925958859692352976e-01	1.205833237056468943e-01	2.876680277813080111e-01	1.818062064453979110e-01	8.464471221182268135e-02	3.773418689971520801e-02	9.496765698638674758e-02
6.095590469205657200e+02	1.915477501162750895e-01	1.198521280708252507e-01	2.883398549578516379e-01	1.822677341680053464e-01	8.485377925100280605e-02	3.788538729659299970e-02	9.525336613895957205e-02
6.240723575615315895e+02	1.905180153733889437e-01	1.191337058154010864e-01	2.889999703884472138e-01	1.827208345453768534e-01	8.505932720075343179e-02	3.803407424029085077e-02	9.553407243585429476e-02
6.385856682024975726e+02	1.895063596649438353e-01	1.184278322809522582e-01	2.896485898088441702e-01	1.831656696136941542e-01	8.526140396136253075e-02	3.818028576230202836e-02	9.580985890741371136e-02
6.530989788434633283e+02	1.885124665459120552e-01	1.177342868054613023e-01	2.902859241206700025e-01	1.836023976129628199e-01	8.546005790098222532e-02	3.832405955931160457e-02	9.608080745421268554e-02
6.676122894844290840e+02	1.875360251038706016e-01	1.170528526497317812e-01	2.909121795677886424e-01	1.840311731191894007e-01	8.565533771775454830e-02	3.846543297824765034e-02	9.634699886293007776e-02
6.821256001253949535e+02	1.865767298626070936e-01	1.163833169252855571e-01	2.915275579012895357e-01	1.844521471709156812e-01	8.584729231831314533e-02	3.860444300307787346e-02	9.660851281802371182e-02
6.966389107663608229e+02	1.856342806873230722e-01	1.157254705237133058e-01	2.921322565341261668e-01	1.848654673901126144e-01	8.603597071069793434e-02	3.874112624319681064e-02	9.686542791034269406e-02
7.111522214073266923e+02	1.847083826914229510e-01	1.150791080474487943e-01	2.927264686863114695e-01	1.852712780975085682e-01	8.622142190997952871e-02	3.887551892326407410e-02	9.711782164357718461e-02
7.256655320482924481e+02	1.837987461448740978e-01	1.144440277419363772e-01	2.933103835214846966e-01	1.856697204224815323e-01	8.640369485511215086e-02	3.900765687436777429e-02	9.736577043925592756e-02
7.401788426892584312e+02	1.829050863841214236e-01	1.138200314291603898e-01	2.938841862755782186e-01	1.860609324076839266e-01	8.658283833572354149e-02	3.913757552639901549e-02	9.760934964084597154e-02
7.546921533302243006e+02	1.820271237235392137e-01	1.132069244425051580e-01	2.944480583782390637e-01	1.864450491085966333e-01	8.675890092771355866e-02	3.926530990153418582e-02	9.784863351738466719e-02
7.692054639711900563e+02	1.811645833684003004e-01	1.126045155629140093e-01	2.950021775675952806e-01	1.868222026882270237e-01	8.693193093667314630e-02	3.939089460873101273e-02	9.808369526697165164e-02
7.837187746121558121e+02	1.803171953293434826e-01	1.120126169563165630e-01	2.955467179988985338e-01	1.871925225071770782e-01	8.710197634825651847e-02	3.951436383915287592e-02	9.831460702036742827e-02
7.982320852531219089e+02	1.794846943383175408e-01	1.114310441122932788e-01	2.960818503475232122e-01	1.875561352093123579e-01	8.726908478474335040e-02	3.963575136244336383e-02	9.854143984487936936e-02
8.127453958940876646e+02	1.786668197659812274e-01	1.108596157839475405e-01	2.966077419067583154e-01	1.879131648032634772e-01	8.743330346711854217e-02	3.975509052377976943e-02	9.876426374866362212e-02
8.272587065350534203e+02	1.778633155405368871e-01	1.102981539289557972e-01	2.971245566807843019e-01	1.882637327399895866e-01	8.759467918207528014e-02	3.987241424164029296e-02	9.898314768553037601e-02
8.417720171760191761e+02	1.770739300679764761e-01	1.097464836517673542e-01	2.976324554731945016e-01	1.886079579866268841e-01	8.775325825341553920e-02	3.998775500622520074e-02	9.919815956030651749e-02
8.562853278169851592e+02	1.762984161537169969e-01	1.092044331469259194e-01	2.981315959713863872e-01	1.889459570968394231e-01	8.790908651738149615e-02	4.010114487847716430e-02	9.940936623478503764e-02
8.707986384579510286e+02	1.755365309256041728e-01	1.086718336434859544e-01	2.986221328271180808e-01	1.892778442778805525e-01	8.806220930150349124e-02	4.021261548965020249e-02	9.961683353426997733e-02
8.853119490989170117e+02	1.747880357582607957e-01	1.081485193504978376e-01	2.991042177335020980e-01	1.896037314545635510e-01	8.821267140659556916e-02	4.032219804138121449e-02	9.982062625471137263e-02
8.998252597398827675e+02	1.740526961987592935e-01	1.076343274035364977e-01	2.995779994986817463e-01	1.899237283303309987e-01	8.836051709156973744e-02	4.042992330622117991e-02	1.000208081704129642e-01
9.143385703808486369e+02	1.733302818935949507e-01	1.071290978122489412e-01	3.000436241164169959e-01	1.902379424456020485e-01	8.850579006077509414e-02	4.053582162858693910e-02	1.002174420422874274e-01
9.288518810218145063e+02	1.726205665169387449e-01	1.066326734088972605e-01	3.005012348337852690e-01	1.905464792335666013e-01	8.864853345359946513e-02	4.063992292609720780e-02	1.004105896266278414e-01
9.433651916627801484e+02	1.719233277001482041e-01	1.061448997978740039e-01	3.009509722161871625e-01	1.908494420735850350e-01	8.878878983609786446e-02	4.074225669125948468e-02	1.006003116843605938e-01
9.578785023037459041e+02	1.712383469625142485e-01	1.056656253061678541e-01	3.013929742098307440e-01	1.911469323423433120e-01	8.892660119443719646e-02	4.084285199347693213e-02	1.007866679907420820e-01
9.723918129447120009e+02	1.705654096432233646e-01	1.051947009347583423e-01	3.018273762018531814e-01	1.914390494629023554e-01	8.906200892996771201e-02	4.094173748134673219e-02	1.009697173454606883e-01
9.869051235856777566e+02	1.699043048345137974e-01	1.047319803109186265e-01	3.022543110782269782e-01	1.917258909517730869e-01	8.919505385575089706e-02	4.103894138522359153e-02	1.011495175831052945e-01
1.001418434226643626e+03	1.692548253160053306e-01	1.042773196414067127e-01	3.026739092795856512e-01	1.920075524641382536e-01	8.932577619439079075e-02	4.113449152002396358e-02	1.013261255839614933e-01
1.015931744867609382e+03	1.686167674901820068e-01	1.038305776665252866e-01	3.030862988550922510e-01	1.922841278373349783e-01	8.945421557703095439e-02	4.122841528824845031e-02	1.014995972850983308e-01
1.030445055508575479e+03	1.679899313190077181e-01	1.033916156150317400e-01	3.034916055144659119e-01	1.925557091327036729e-01	8.958041104339244110e-02	4.132073968320158081e-02	1.016699876917091794e-01
1.044958366149541234e+03	1.673741202616550738e-01	1.029602971598801014e-01	3.038899526782728455e-01	1.928223866759015137e-01	8.970440104274125803e-02	4.141149129238954479e-02	1.018373508886719347e-01
1.059471676790506763e+03	1.667691412133278650e-01	1.025364883747772043e-01	3.042814615265772571e-01	1.930842490957721536e-01	8.982622343568365253e-02	4.150069630107802721e-02	1.020017400522960777e-01
1.073984987431472746e+03	1.661748044451578921e-01	1.021200576915361757e-01	3.046662510460445006e-01	1.933413833618564392e-01	8.994591549669843367e-02	4.158838049599363623e-02	1.021632074622251252e-01
1.088498298072438729e+03	1.655909235451572536e-01	1.017108758582104672e-01	3.050444380755790719e-01	1.935938748206226800e-01	9.006351391732335399e-02	4.167456926915350662e-02	1.023218045134658138e-01
1.103011608713404712e+03	1.650173153602075560e-01	1.013088158979925935e-01	3.054161373505747124e-01	1.938418072304903261e-01	9.017905480992149947e-02	4.175928762180889514e-02	1.024775817285165369e-01
1.117524919354370468e+03	1.644537999390678074e-01	1.009137530688617446e-01	3.057814615458482876e-01	1.940852627957144472e-01	9.029257371195993642e-02	4.184256016848961895e-02	1.026305887695701663e-01
1.132038229995336451e+03	1.639002004763829290e-01	1.005255648239653521e-01	3.061405213173246653e-01	1.943243221991941549e-01	9.040410559074002483e-02	4.192441114113711065e-02	1.027808744507677646e-01
1.146551540636302207e+03	1.633563432576751184e-01	1.001441307727196084e-01	3.064934253425329325e-01	1.945590646342637009e-01	9.051368484852406748e-02	4.200486439331486271e-02	1.029284867504817180e-01
1.161064851277267962e+03	1.628220576053009683e-01	9.976933264261478307e-02	3.068402803599730166e-01	1.947895678355202609e-01	9.062134532800866782e-02	4.208394340448574217e-02	1.030734728236085418e-01
1.175578161918233945e+03	1.622971758253570207e-01	9.940105424171132020e-02	3.071811912074047801e-01	1.950159081087389501e-01	9.072712031809981870e-02	4.216167128434650940e-02	1.032158790138534982e-01
1.190091472559199701e+03	1.617815331555170488e-01	9.903918142181317164e-02	3.075162608591103242e-01	1.952381603599218640e-01	9.083104255994869924e-02	4.223807077721062481e-02	1.033557508659901786e-01
1.204604783200165684e+03	1.612749677137846060e-01	9.868360204230507138e-02	3.078455904621745787e-01	1.954563981235244718e-01	9.093314425321175065e-02	4.231316426643101647e-02	1.034931331380804648e-01
1.219118093841131440e+03	1.607773204481445228e-01	9.833420593464096970e-02	3.081692793718289192e-01	1.956706935899000244e-01	9.103345706250152991e-02	4.238697377885514150e-02	1.036280698136408523e-01
1.233631404482097196e+03	1.602884350870977526e-01	9.799088486747085935e-02	3.084874251858972793e-01	1.958811176319991132e-01	9.113201212399840712e-02	4.245952098930525637e-02	1.037606041137432433e-01
1.248144715123063179e+03	1.598081580910636346e-01	9.765353251239396182e-02	3.088001237783826181e-01	1.960877398313596864e-01	9.122884005219578096e-02	4.253082722507735280e-02	1.038907785090388419e-01
1.262658025764028707e+03	1.593363386046341978e-01	9.732204441032631104e-02	3.091074693322289901e-01	1.962906285034196341e-01	9.132397094675459570e-02	4.260091347045272259e-02	1.040186347316953974e-01
1.277171336404994690e+03	1.588728284096655452e-01	9.699631793847067474e-02	3.094095543712928609e-01	1.964898507221826129e-01	9.141743439944492733e-02	4.266980037121648889e-02	1.041442137872388290e-01
1.291684647045960673e+03	1.584174818791916906e-01	9.667625227787800257e-02	3.097064697915534737e-01	1.966854723442648112e-01	9.150925950115455787e-02	4.273750823917805280e-02	1.042675559662913226e-01
1.306197957686926657e+03	1.579701559321460558e-01	9.636174838158881317e-02	3.099983048915931350e-01	1.968775580323494367e-01	9.159947484894681580e-02	4.280405705668864635e-02	1.043887008561990154e-01
1.320711268327892412e+03	1.575307099888762219e-01	9.605270894334382026e-02	3.102851474023726186e-01	1.970661712780731323e-01	9.168810855315157049e-02	4.286946648115158576e-02	1.045076873525429273e-01
1.335224578968857941e+03	1.570990059274382233e-01	9.574903836685313974e-02	3.105670835163295007e-01	1.972513744243672706e-01	9.177518824447462864e-02	4.293375584952128371e-02	1.046245536705277951e-01
1.349737889609823924e+03	1.566749080406564520e-01	9.545064273561366941e-02	3.108441979158219071e-01	1.974332286872757247e-01	9.186074108111273728e-02	4.299694418278726671e-02	1.047393373562441055e-01
1.364251200250789907e+03	1.562582829939355433e-01	9.515742978326444113e-02	3.111165738009414317e-01	1.976117941772690123e-01	9.194479375586239733e-02	4.305905019043974186e-02	1.048520752977992881e-01
1.378764510891755890e+03	1.558489997838112540e-01	9.486930886447010602e-02	3.113842929167164875e-01	1.977871299200737454e-01	9.202737250321206541e-02	4.312009227491375718e-02	1.049628037363144889e-01
1.393277821532721646e+03	1.554469296972268988e-01	9.458619092632257475e-02	3.116474355797261842e-01	1.979592938770348698e-01	9.210850310640847360e-02	4.318008853600890928e-02	1.050715582767840356e-01
1.407791132173687402e+03	1.550519462715227725e-01	9.430798848025162551e-02	3.119060807041443284e-01	1.981283429650272931e-01	9.218821090448856004e-02	4.323905677528216973e-02	1.051783738987952105e-01
1.422304442814653157e+03	1.546639252551259558e-01	9.403461557443482111e-02	3.121603058272314768e-01	1.982943330759324718e-01	9.226652079926984940e-02	4.329701450041125582e-02	1.052832849671061222e-01
1.436817753455619140e+03	1.542827445689281263e-01	9.376598776669779756e-02	3.124101871342918613e-01	1.984573190956946120e-01	9.234345726229248319e-02	4.335397892952660981e-02	1.053863252420804142e-01
1.451331064096585123e+03	1.539082842683390517e-01	9.350202209789588992e-02	3.126557994831125065e-01	1.986173549229701685e-01	9.241904434170729321e-02	4.340996699550981469e-02	1.054875278899771313e-01
1.465844374737550879e+03	1.535404265060042461e-01	9.324263706576832456e-02	3.128972164278989165e-01	1.987744934873837410e-01	9.249330566910461682e-02	4.346499535025671879e-02	1.055869254930952988e-01
1.480357685378516862e+03	1.531790554951746597e-01	9.298775259925645686e-02	3.131345102427226523e-01	1.989287867674025823e-01	9.256626446627942706e-02	4.351908036890374948e-02	1.056845500597723697e-01
1.494870996019482618e+03	1.528240574737171620e-01	9.273729003327757514e-02	3.133677519444947324e-01	1.990802858078414006e-01	9.263794355192886409e-02	4.357223815401582018e-02	1.057804330342362598e-01
1.509384306660448374e+03	1.524753206687546048e-01	9.249117208394601330e-02	3.135970113154784022e-01	1.992290407370083394e-01	9.270836534827878173e-02	4.362448453973463008e-02	1.058746053063109871e-01
1.523897617301414357e+03	1.521327352619239182e-01	9.224932282423349561e-02	3.138223569253533185e-01	1.993751007835027067e-01	9.277755188763615879e-02	4.367583509588612856e-02	1.059670972209760115e-01
1.538410927942380113e+03	1.517961933552418596e-01	9.201166766006084463e-02	3.140438561528439143e-01	1.995185142926740318e-01	9.284552481886521047e-02	4.372630513204614489e-02	1.060579385877797182e-01
1.552924238583346096e+03	1.514655889375677855e-01	9.177813330681308668e-02	3.142615752069231605e-01	1.996593287427522734e-01	9.291230541378463215e-02	4.377590970156325367e-02	1.061471586901074626e-01
1.567437549224311852e+03	1.511408178516522038e-01	9.154864776627064105e-02	3.144755791476032680e-01	1.997975907606578116e-01	9.297791457348451860e-02	4.382466360553802925e-02	1.062347862943050780e-01
1.581950859865277607e+03	1.508217777617616440e-01	9.132314030394882154e-02	3.146859319063234905e-01	1.999333461374996901e-01	9.304237283456129326e-02	4.387258139675809243e-02	1.063208496586585117e-01
1.596464170506243590e+03	1.505083681218692127e-01	9.110154142683843381e-02	3.148926963059449080e-01	2.000666398437706550e-01	9.310570037526942622e-02	4.391967738358820705e-02	1.064053765422307146e-01
1.610977481147209119e+03	1.502004901444011220e-01	9.088378286154030761e-02	3.150959340803630715e-01	2.001975160442460155e-01	9.316791702158917776e-02	4.396596563381503092e-02	1.064883942135567974e-01
1.625490791788175102e+03	1.498980467695292806e-01	9.066979753278664456e-02	3.152957058937467250e-01	2.003260181125946227e-01	9.322904225320939597e-02	4.401145997844602836e-02	1.065699294591987978e-01
1.640004102429141085e+03	1.496009426350003724e-01	9.045951954234224268e-02	3.154920713594122073e-01	2.004521886457082402e-01	9.328909520942509082e-02	4.405617401546216283e-02	1.066500085921611579e-01
1.654517413070107068e+03	1.493090840464922076e-01	9.025288414827890848e-02	3.156850890583416946e-01	2.005760694777567466e-01	9.334809469494924350e-02	4.410012111352420994e-02	1.067286574601684357e-01
1.669030723711072824e+03	1.490223789484877714e-01	9.004982774461620099e-02	3.158748165573543876e-01	2.006977016939751612e-01	9.340605918563894827e-02	4.414331441563230929e-02	1.068059014538066814e-01
1.683544034352038352e+03	1.487407368956580045e-01	8.985028784132222113e-02	3.160613104269375806e-01	2.008171256441893537e-01	9.346300683413566457e-02	4.418576684273871347e-02	1.068817655145298945e-01
1.698057344993004335e+03	1.484640690247445716e-01	8.965420304466770185e-02	3.162446262587467749e-01	2.009343809560857341e-01	9.351895547541982934e-02	4.422749109731363704e-02	1.069562741425332253e-01
1.712570655633970318e+03	1.481922880269335441e-01	8.946151303792741760e-02	3.164248186827804954e-01	2.010495065482315047e-01	9.357392263227995444e-02	4.426849966686410148e-02	1.070294514044944495e-01
1.727083966274936301e+03	1.479253081207116405e-01	8.927215856242247394e-02	3.166019413842386943e-01	2.011625406428504959e-01	9.362792552069687524e-02	4.430880482740581078e-02	1.071013209411854350e-01
1.741597276915902057e+03	1.476630450251964211e-01	8.908608139889756528e-02	3.167760471200707917e-01	2.012735207783601932e-01	9.368098105514310880e-02	4.434841864688815471e-02	1.071719059749551145e-01
1.756110587556867813e+03	1.474054159339321657e-01	8.890322434922719175e-02	3.169471877352201261e-01	2.013824838216751456e-01	9.373310585379845961e-02	4.438735298857235390e-02	1.072412293170859204e-01
1.770623898197833569e+03	1.471523394891432190e-01	8.872353121844483992e-02	3.171154141785715863e-01	2.014894659802818344e-01	9.378431624368196995e-02	4.442561951436292678e-02	1.073093133750250283e-01
1.785137208838799552e+03	1.469037357564369206e-01	8.854694679708968730e-02	3.172807765186085871e-01	2.015945028140897488e-01	9.383462826570117266e-02	4.446322968809265225e-02	1.073761801594925736e-01
1.799650519479765535e+03	1.466595261999482369e-01	8.837341684386489093e-02	3.174433239587859945e-01	2.016976292470634147e-01	9.388405767961935378e-02	4.450019477876122898e-02	1.074418512914682294e-01
1.814163830120731291e+03	1.464196336579180469e-01	8.820288806860207553e-02	3.176031048526236078e-01	2.017988795786401779e-01	9.393261996894164412e-02	4.453652586372779804e-02	1.075063480090580337e-01
1.828677140761696819e+03	1.461839823186979470e-01	8.803530811552653934e-02	3.177601667185275813e-01	2.018982874949377115e-01	9.398033034572066124e-02	4.457223383185768967e-02	1.075696911742432677e-01
1.843190451402663257e+03	1.459524976971738330e-01	8.787062554681786264e-02	3.179145562543442827e-01	2.019958860797559930e-01	9.402720375528267338e-02	4.460732938662360925e-02	1.076319012795130814e-01
1.857703762043628785e+03	1.457251066116011240e-01	8.770878982646070077e-02	3.180663193516524712e-01	2.020917078253776367e-01	9.407325488087522891e-02	4.464182304916160249e-02	1.076929984543825852e-01
1.872217072684594768e+03	1.455017371608438026e-01	8.754975130438040487e-02	3.182155011097989039e-01	2.021857846431707739e-01	9.411849814823716742e-02	4.467572516128210519e-02	1.077530024717982260e-01
1.886730383325560297e+03	1.452823187020114148e-01	8.739346120085883518e-02	3.183621458496823653e-01	2.022781478739982264e-01	9.416294773009190044e-02	4.470904588843643140e-02	1.078119327544321965e-01
1.901243693966526507e+03	1.450667818284857580e-01	8.723987159122496837e-02	3.185062971272917265e-01	2.023688282984372755e-01	9.420661755056500275e-02	4.474179522263911635e-02	1.078698083808675157e-01
1.915757004607492036e+03	1.448550583483312892e-01	8.708893539081560831e-02	3.186479977470021985e-01	2.024578561468130256e-01	9.424952128952721053e-02	4.477398298534637083e-02	1.079266480916756255e-01
1.930270315248458019e+03	1.446470812630823444e-01	8.694060634020155109e-02	3.187872897746344969e-01	2.025452611090498289e-01	9.429167238686368691e-02	4.480561883029124393e-02	1.079824702953881554e-01
1.944783625889424002e+03	1.444427847469003379e-01	8.679483899067422237e-02	3.189242145502823034e-01	2.026310723443435768e-01	9.433308404667065106e-02	4.483671224627566732e-02	1.080372930743645488e-01
1.959296936530389530e+03	1.442421041260947001e-01	8.665158868998834585e-02	3.190588127009117425e-01	2.027153184906587968e-01	9.437376924138046741e-02	4.486727255992001978e-02	1.080911341905572420e-01
1.973810247171355968e+03	1.440449758590013896e-01	8.651081156835611907e-02	3.191911241527374266e-01	2.027980276740537491e-01	9.441374071581609684e-02	4.489730893837045461e-02	1.081440110911760927e-01
1.988323557812321269e+03	1.438513375162120966e-01	8.637246452468837210e-02	3.193211881433797861e-01	2.028792275178367133e-01	9.445301099117600629e-02	4.492683039196460754e-02	1.081959409142536771e-01
2.002836868453287707e+03	1.436611277611487825e-01	8.623650521307833772e-02	3.194490432338072949e-01	2.029589451515570464e-01	9.449159236895068870e-02	4.495584577685601130e-02	1.082469404941130975e-01
2.017350179094252780e+03	1.434742863309769467e-01	8.610289202952381427e-02	3.195747273200675309e-01	2.030372072198336209e-01	9.452949693477166737e-02	4.498436379759766790e-02	1.082970263667400040e-01
2.031863489735218764e+03	1.432907540178519068e-01	8.597158409888339126e-02	3.196982776448123453e-01	2.031140398910240008e-01	9.456673656219408142e-02	4.501239300968536139e-02	1.083462147750602206e-01
2.046376800376184747e+03	1.431104726504923430e-01	8.584254126206269930e-02	3.198197308086188073e-01	2.031894688657376047e-01	9.460332291641398994e-02	4.503994182206105118e-02	1.083945216741247358e-01
2.060890111017150957e+03	1.429333850760753644e-01	8.571572406342657657e-02	3.199391227811121952e-01	2.032635193851952682e-01	9.463926745792117234e-02	4.506701849957687328e-02	1.084419627362036842e-01
2.075403421658116713e+03	1.427594351424473496e-01	8.559109373843311330e-02	3.200564889118927558e-01	2.033362162394382333e-01	9.467458144608882631e-02	4.509363116542020739e-02	1.084885533557905929e-01
2.089916732299082469e+03	1.425885676806451785e-01	8.546861220148573024e-02	3.201718639412708955e-01	2.034075837753896998e-01	9.470927594270074634e-02	4.511978780350034413e-02	1.085343086545185881e-01
2.104430042940048224e+03	1.424207284877222479e-01	8.534824203399930809e-02	3.202852820108137433e-01	2.034776459047712982e-01	9.474336181541732904e-02	4.514549626079712719e-02	1.085792434859901012e-01
2.118943353581013525e+03	1.422558643098744691e-01	8.522994647267675972e-02	3.203967766737077505e-01	2.035464261118772600e-01	9.477684974118122385e-02	4.517076424967214621e-02	1.086233724405214762e-01
2.133456664221980191e+03	1.420939228258603637e-01	8.511368939799222877e-02	3.205063809049389367e-01	2.036139474612090050e-01	9.480975020956378119e-02	4.519559935014292457e-02	1.086667098498038525e-01
2.147969974862945492e+03	1.419348526307102898e-01	8.499943532287718151e-02	3.206141271112954438e-01	2.036802326049726442e-01	9.484207352605297792e-02	4.522000901212059470e-02	1.087092697914819883e-01
2.162483285503912157e+03	1.417786032197202728e-01	8.488714938160595025e-02	3.207200471411951748e-01	2.037453037904418951e-01	9.487382981528413861e-02	4.524400055761152589e-02	1.087510660936521767e-01
2.176996596144877003e+03	1.416251249727246975e-01	8.477679731887709236e-02	3.208241722943418472e-01	2.038091828671889927e-01	9.490502902421420195e-02	4.526758118288341098e-02	1.087921123392808914e-01
2.191509906785843214e+03	1.414743691386435021e-01	8.466834547908724806e-02	3.209265333312122936e-01	2.038718912941858696e-01	9.493568092524044821e-02	4.529075796059630482e-02	1.088324218705453428e-01
2.206023217426809424e+03	1.413262878202991013e-01	8.456176079579386107e-02	3.210271604823785041e-01	2.039334501467781890e-01	9.496579511926489525e-02	4.531353784189906531e-02	1.088720077930973862e-01
2.220536528067775180e+03	1.411808339594978201e-01	8.445701078136369500e-02	3.211260834576666334e-01	2.039938801235341992e-01	9.499538103870484862e-02	4.533592765849163431e-02	1.089108829802521300e-01
2.235049838708740936e+03	1.410379613223718409e-01	8.435406351680363457e-02	3.212233314551572461e-01	2.040532015529709919e-01	9.502444795045089654e-02	4.535793412465380370e-02	1.089490600771024914e-01
2.249563149349706237e+03	1.408976244849770021e-01	8.425288764177070455e-02	3.213189331700280205e-01	2.041114344001604131e-01	9.505300495877312683e-02	4.537956383924070941e-02	1.089865515045610050e-01
2.264076459990672902e+03	1.407597788191413957e-01	8.415345234475800351e-02	3.214129168032428541e-01	2.041685982732164839e-01	9.508106100817631523e-02	4.540082328764572656e-02	1.090233694633302164e-01
2.278589770631638203e+03	1.406243804785613505e-01	8.405572735345362423e-02	3.215053100700899225e-01	2.042247124296669436e-01	9.510862488620516753e-02	4.542171884373111951e-02	1.090595259378028814e-01
2.293103081272604413e+03	1.404913863851394995e-01	8.395968292526936883e-02	3.215961402085712462e-01	2.042797957827106048e-01	9.513570522620036496e-02	4.544225677172693267e-02	1.090950326998930409e-01
2.307616391913570169e+03	1.403607542155616283e-01	8.386528983803626103e-02	3.216854339876459856e-01	2.043338669073627989e-01	9.516231051000620389e-02	4.546244322809865623e-02	1.091299013127994960e-01
2.322129702554535925e+03	1.402324423881073090e-01	8.377251938086392735e-02	3.217732177153314610e-01	2.043869440464908815e-01	9.518844907063082894e-02	4.548228426338398606e-02	1.091641431347026014e-01
2.336643013195502135e+03	1.401064100496909881e-01	8.368134334516111328e-02	3.218595172466623411e-01	2.044390451167419631e-01	9.521412909485969800e-02	4.550178582399931615e-02	1.091977693223955687e-01
2.351156323836467891e+03	1.399826170631288391e-01	8.359173401581415641e-02	3.219443579915124976e-01	2.044901877143643631e-01	9.523935862582323664e-02	4.552095375401622041e-02	1.092307908348516404e-01
2.365669634477433647e+03	1.398610239946279366e-01	8.350366416252093249e-02	3.220277649222809124e-01	2.045403891209252034e-01	9.526414556551938972e-02	4.553979379690855506e-02	1.092632184367280102e-01
2.380182945118399402e+03	1.397415921014935891e-01	8.341710703127737381e-02	3.221097625814440812e-01	2.045896663089257217e-01	9.528849767729186127e-02	4.555831159727048718e-02	1.092950627018077908e-01
2.394696255759364703e+03	1.396242833200513622e-01	8.333203633601390936e-02	3.221903750889776319e-01	2.046380359473162491e-01	9.531242258826486125e-02	4.557651270250595577e-02	1.093263340163809633e-01
2.409209566400331823e+03	1.395090602537795987e-01	8.324842625037921773e-02	3.222696261496489356e-01	2.046855144069125998e-01	9.533592779173508114e-02	4.559440256449001638e-02	1.093570425825654835e-01
2.423722877041296670e+03	1.393958861616488576e-01	8.316625139966858649e-02	3.223475390601841517e-01	2.047321177657157321e-01	9.535902064952159196e-02	4.561198654120243029e-02	1.093871984215695897e-01
2.438236187682262880e+03	1.392847249466652171e-01	8.308548685289442182e-02	3.224241367163099281e-01	2.047778618141364304e-01	9.538170839427456693e-02	4.562926989833397673e-02	1.094168113768963502e-01
2.452749498323228636e+03	1.391755411446131685e-01	8.300610811499635477e-02	3.224994416196742542e-01	2.048227620601264232e-01	9.540399813174332833e-02	4.564625781086593947e-02	1.094458911174914229e-01
2.467262808964194392e+03	1.390682999129949637e-01	8.292809111918857112e-02	3.225734758846464656e-01	2.048668337342181567e-01	9.542589684300462061e-02	4.566295536462307986e-02	1.094744471408350406e-01
2.481776119605160602e+03	1.389629670201629474e-01	8.285141221944167245e-02	3.226462612450003986e-01	2.049100917944743083e-01	9.544741138665165103e-02	4.567936755780065833e-02	1.095024887759792481e-01
2.496289430246126358e+03	1.388595088346415152e-01	8.277604818309709789e-02	3.227178190604812480e-01	2.049525509313490923e-01	9.546854850094470268e-02	4.569549930246574743e-02	1.095300251865314184e-01
2.510802740887092114e+03	1.387578923146355059e-01	8.270197618361148362e-02	3.227881703232591271e-01	2.049942255724626627e-01	9.548931480592394438e-02	4.571135542603337043e-02	1.095570653735847694e-01
2.525316051528057415e+03	1.386580849977214203e-01	8.262917379342864244e-02	3.228573356642704950e-01	2.050351298872903072e-01	9.550971680548510367e-02	4.572694067271779184e-02	1.095836181785970337e-01
2.539829362169024080e+03	1.385600549907186896e-01	8.255761897697719287e-02	3.229253353594507270e-01	2.050752777917679015e-01	9.552976088941868282e-02	4.574225970495939680e-02	1.096096922862181827e-01
2.554342672809989381e+03	1.384637709597376365e-01	8.248729008379120098e-02	3.229921893358581042e-01	2.051146829528151527e-01	9.554945333541325914e-02	4.575731710482750653e-02	1.096352962270679271e-01
2.568855983450955591e+03	1.383692021204012135e-01	8.241816584175215565e-02	3.230579171776918890e-01	2.051533587927781843e-01	9.556880031102363282e-02	4.577211737539953890e-02	1.096604383804641591e-01
2.583369294091921347e+03	1.382763182282369940e-01	8.235022535044969616e-02	3.231225381322072598e-01	2.051913184937926571e-01	9.558780787560436365e-02	4.578666494211688920e-02	1.096851269771029203e-01
2.597882604732887103e+03	1.381850895692373626e-01	8.228344807465920452e-02	3.231860711155269406e-01	2.052285750020691746e-01	9.560648198220927929e-02	4.580096415411789856e-02	1.097093701016909478e-01
2.612395915373853313e+03	1.380954869505839899e-01	8.221781383793429210e-02	3.232485347183528535e-01	2.052651410321021386e-01	9.562482847945769082e-02	4.581501928554826408e-02	1.097331756955316207e-01
2.626909226014819069e+03	1.380074816915343450e-01	8.215330281631191833e-02	3.233099472115790185e-01	2.053010290708034702e-01	9.564285311336773177e-02	4.582883453684931385e-02	1.097565515590650104e-01
2.641422536655784825e+03	1.379210456144673580e-01	8.208989553212829582e-02	3.233703265518076408e-01	2.053362513815626955e-01	9.566056152915745903e-02	4.584241403602443143e-02	1.097795053543628996e-01
2.655935847296750580e+03	1.378361510360852082e-01	8.202757284794366666e-02	3.234296903867694417e-01	2.053708200082343394e-01	9.567795927301435410e-02	4.585576183988401139e-02	1.098020446075797518e-01
2.670449157937716336e+03	1.377527707587685724e-01	8.196631596057391000e-02	3.234880560606507305e-01	2.054047467790544590e-01	9.569505179383365479e-02	4.586888193526932056e-02	1.098241767113601053e-01
2.684962468578682547e+03	1.376708780620830019e-01	8.190610639522720449e-02	3.235454406193282173e-01	2.054380433104871506e-01	9.571184444492621124e-02	4.588177824025557044e-02	1.098459089272033340e-01
2.699475779219648302e+03	1.375904466944334048e-01	8.184692599974377480e-02	3.236018608155137311e-01	2.054707210110023330e-01	9.572834248569624116e-02	4.589445460533453369e-02	1.098672483877866229e-01
2.713989089860614058e+03	1.375114508648640488e-01	8.178875693893705723e-02	3.236573331138097309e-01	2.055027910847863626e-01	9.574455108328965014e-02	4.590691481457714190e-02	1.098882020992466152e-01
2.728502400501579814e+03	1.374338652350020062e-01	8.173158168903434107e-02	3.237118736956775544e-01	2.055342645353863129e-01	9.576047531421343073e-02	4.591916258677621737e-02	1.099087769434207440e-01
2.743015711142545115e+03	1.373576649111408476e-01	8.167538303221531792e-02	3.237654984643201783e-01	2.055651521692892225e-01	9.577612016592644550e-02	4.593120157656978980e-02	1.099289796800488467e-01
2.757529021783511780e+03	1.372828254364627798e-01	8.162014405124651262e-02	3.238182230494802138e-01	2.055954645994376440e-01	9.579149053840241290e-02	4.594303537554534494e-02	1.099488169489357403e-01
2.772042332424477081e+03	1.372093227833965368e-01	8.156584812421023567e-02	3.238700628121555236e-01	2.056252122486822431e-01	9.580659124566530405e-02	4.595466751332519251e-02	1.099682952720755502e-01
2.786555643065443292e+03	1.371371333461084419e-01	8.151247891932625333e-02	3.239210328492332924e-01	2.056544053531731420e-01	9.582142701729789991e-02	4.596610145863334190e-02	1.099874210557382215e-01
2.801068953706408593e+03	1.370662339331247259e-01	8.146002038986444038e-02	3.239711479980436626e-01	2.056830539656904488e-01	9.583600249992368925e-02	4.597734062034421199e-02	1.100062005925193237e-01
2.815582264347374803e+03	1.369966017600826869e-01	8.140845676914694462e-02	3.240204228408355980e-01	2.057111679589156417e-01	9.585032225866284283e-02	4.598838834851345231e-02	1.100246400633533711e-01
2.830095574988341014e+03	1.369282144426082759e-01	8.135777256563829496e-02	3.240688717091743665e-01	2.057387570286444423e-01	9.586439077856249991e-02	4.599924793539112572e-02	1.100427455394914905e-01
2.844608885629306769e+03	1.368610499893179455e-01	8.130795255812175992e-02	3.241165086882645818e-01	2.057658306969424311e-01	9.587821246600203295e-02	4.600992261641764086e-02	1.100605229844441035e-01
2.859122196270272525e+03	1.367950867949429550e-01	8.125898179096058271e-02	3.241633476211970843e-01	2.057923983152444847e-01	9.589179165007355454e-02	4.602041557120261500e-02	1.100779782558891362e-01
2.873635506911238281e+03	1.367303036335733024e-01	8.121084556944256627e-02	3.242094021131238235e-01	2.058184690673988682e-01	9.590513258393815188e-02	4.603072992448706963e-02	1.100951171075465196e-01
2.888148817552204036e+03	1.366666796520200344e-01	8.116352945520648177e-02	3.242546855353599100e-01	2.058440519726570384e-01	9.591823944615840425e-02	4.604086874708909760e-02	1.101119451910193420e-01
