0.000000000000000000e+00	2.210146289652242801e-01	1.391184867612417497e-01	2.712990951898872627e-01	1.672887944414679917e-01	8.066998749263026847e-02	3.326254867049747987e-02	8.734645847843497402e-02
1.451331064096584811e+01	2.194244505173623128e-01	1.380636042689055987e-01	2.722936133203618936e-01	1.686200267507940442e-01	8.006511175942516989e-02	3.350237402008658660e-02	8.803081936244845640e-02
2.902662128193169622e+01	2.178646231075207496e-01	1.370240165903652552e-01	2.732286027323190813e-01	1.697145272277377492e-01	7.987110222550393435e-02	3.373799408758273305e-02	8.855913402835459414e-02
4.353993192289755143e+01	2.163339064302542969e-01	1.360010028087589029e-01	2.741248091760294936e-01	1.706653950722921143e-01	7.990276897925785438e-02	3.396947579318392030e-02	8.900264173960753533e-02
5.805324256386339954e+01	2.148313758065379109e-01	1.349951217663636904e-01	2.749938363977079137e-01	1.715251862269435434e-01	8.005734116878002182e-02	3.419688829187473439e-02	8.940025034117636549e-02
7.256655320482924765e+01	2.133562882718532394e-01	1.340065360778452119e-01	2.758422108037614784e-01	1.723238604525684781e-01	8.027778959900229439e-02	3.442030139014214812e-02	8.977301340421134368e-02
8.707986384579510286e+01	2.119080078455548855e-01	1.330351917797296668e-01	2.766736375171356954e-01	1.730787522618049690e-01	8.053247334490803988e-02	3.463978468002144179e-02	9.013215257022950955e-02
1.015931744867609581e+02	2.104859636863181949e-01	1.320809178850604615e-01	2.774902527580496714e-01	1.738001143700686757e-01	8.080384472102974946e-02	3.485540707072398714e-02	9.048349950813348863e-02
1.161064851277267991e+02	2.090896265367135354e-01	1.311434815046836622e-01	2.782933192171585524e-01	1.744942030106323705e-01	8.108218086406000780e-02	3.506723654045560551e-02	9.082995232568055743e-02
1.306197957686926259e+02	2.077184953520407606e-01	1.302226183224356737e-01	2.790836122865268387e-01	1.751649980726899258e-01	8.136210469306487392e-02	3.527534001002365083e-02	9.117283126260256054e-02
1.451331064096584669e+02	2.063720896116550685e-01	1.293180494030659322e-01	2.798616346967988666e-01	1.758151646917220645e-01	8.164065378883200719e-02	3.547978328365910400e-02	9.151262452365122035e-02
1.596464170506243647e+02	2.050499448109248668e-01	1.284294904240544655e-01	2.806277358929207821e-01	1.764465930382395908e-01	8.191620829379153701e-02	3.568063102679644438e-02	9.184939651265656979e-02
1.741597276915902057e+02	2.037516097421959438e-01	1.275566567104294002e-01	2.813821785110681151e-01	1.770607032764524025e-01	8.218789555174529915e-02	3.587794676404493233e-02	9.218300944344813563e-02
1.886730383325560467e+02	2.024766447896231558e-01	1.266992659468765825e-01	2.821251754688642310e-01	1.776586195404012136e-01	8.245525935058875544e-02	3.607179288806806883e-02	9.251324201496223532e-02
2.031863489735219162e+02	2.012246208051866325e-01	1.258570396065055996e-01	2.828569107201305277e-01	1.782412706372980549e-01	8.271807604544327563e-02	3.626223067423860191e-02	9.283985151058153640e-02
2.176996596144877287e+02	1.999951183235595953e-01	1.250297036724177802e-01	2.835775509201162725e-01	1.788094495752693136e-01	8.297625223117410798e-02	3.644932029823732406e-02	9.316260497860982814e-02
2.322129702554535982e+02	1.987877269793982549e-01	1.242169889712533004e-01	2.842872520253061919e-01	1.793638497909654239e-01	8.322976770625613308e-02	3.663312085503920429e-02	9.348129367116572719e-02
2.467262808964194392e+02	1.976020450496362157e-01	1.234186312953675368e-01	2.849861630636704168e-01	1.799050880527213181e-01	8.347864360332114819e-02	3.681369037843634090e-02	9.379573855623118961e-02
2.612395915373852517e+02	1.964376790763250891e-01	1.226343714112536898e-01	2.856744283185592703e-01	1.804337196242532526e-01	8.372292451478632880e-02	3.699108586063790810e-02	9.410579119356861366e-02
2.757529021783511780e+02	1.952942435440388202e-01	1.218639550080223288e-01	2.863521886182907039e-01	1.809502488312641488e-01	8.396266841058831754e-02	3.716536327170261167e-02	9.441133231547718663e-02
2.902662128193169337e+02	1.941713605962752665e-01	1.211071326154834205e-01	2.870195821173636697e-01	1.814551368124913133e-01	8.419794090262830433e-02	3.733657757867782367e-02	9.471226937646434751e-02
3.047795234602828600e+02	1.930686597812115157e-01	1.203636595079493332e-01	2.876767447851149018e-01	1.819488074768541019e-01	8.442881194114273957e-02	3.750478276438442421e-02	9.500853374272712204e-02
3.192928341012487294e+02	1.919857778205809606e-01	1.196332956024591110e-01	2.883238107230304270e-01	1.824316522625503145e-01	8.465535387792172406e-02	3.767003184582156522e-02	9.530007786702006378e-02
3.338061447422145420e+02	1.909223583974426763e-01	1.189158053560374628e-01	2.889609123792321044e-01	1.829040340540404874e-01	8.487764030312401620e-02	3.783237689218454242e-02	9.558687261732289053e-02
3.483194553831804114e+02	1.898780519598201877e-01	1.182109576643586846e-01	2.895881806992616214e-01	1.833662904765590573e-01	8.509574532453807738e-02	3.799186904249860636e-02	9.586890483234797311e-02
3.628327660241463377e+02	1.888525155379402742e-01	1.175185257629636076e-01	2.902057452358253742e-01	1.838187367093827851e-01	8.530974310382534453e-02	3.814855852287654669e-02	9.614617512657025467e-02
3.773460766651120935e+02	1.878454125732936519e-01	1.168382871315187810e-01	2.908137342309062845e-01	1.842616679131519608e-01	8.551970754533977370e-02	3.830249466341013181e-02	9.641869594176358249e-02
3.918593873060780197e+02	1.868564127580754630e-01	1.161700234012580935e-01	2.914122746784030271e-01	1.846953613389275550e-01	8.572571207828569295e-02	3.845372591470627710e-02	9.668648982972803674e-02
4.063726979470438323e+02	1.858851918838065609e-01	1.155135202655689364e-01	2.920014923724500444e-01	1.851200781694908593e-01	8.592782949820497451e-02	3.860229986407882202e-02	9.694958794578398265e-02
4.208860085880095880e+02	1.849314316981200690e-01	1.148685673935986168e-01	2.925815119448206270e-01	1.855360651322373600e-01	8.612613184792780596e-02	3.874826325140663663e-02	9.720802873127300237e-02
4.353993192289755143e+02	1.839948197688422438e-01	1.142349583467208163e-01	2.931524568937710629e-01	1.859435559154086204e-01	8.632069032609651638e-02	3.889166198466809804e-02	9.746185676387669750e-02
4.499126298699413837e+02	1.830750493546143276e-01	1.136124904976912459e-01	2.937144496060404286e-01	1.863427724139424257e-01	8.651157521590686905e-02	3.903254115516169298e-02	9.771112175602707228e-02
4.644259405109071963e+02	1.821718192814005544e-01	1.130009649523255055e-01	2.942676113733096455e-01	1.867339258271054625e-01	8.669885582932410073e-02	3.917094505242166291e-02	9.795587768349714453e-02
4.789392511518730657e+02	1.812848338243099322e-01	1.124001864735414691e-01	2.948120624041464244e-01	1.871172176268396936e-01	8.688260046356560684e-02	3.930691717883743469e-02	9.819618202814354990e-02
4.934525617928388783e+02	1.804138025942312318e-01	1.118099634076201720e-01	2.953479218322667132e-01	1.874928404131298576e-01	8.706287636756651627e-02	3.944050026398480957e-02	9.843209512058484489e-02
5.079658724338048046e+02	1.795584404288413094e-01	1.112301076125527532e-01	2.958753077217996519e-01	1.878609786705170703e-01	8.723974971672254775e-02	3.957173627867656418e-02	9.866367957027423474e-02
5.224791830747705035e+02	1.787184672876007130e-01	1.106604343883524633e-01	2.963943370701299651e-01	1.882218094380392892e-01	8.741328559458076686e-02	3.970066644873974232e-02	9.889099977194114321e-02
5.369924937157364866e+02	1.778936081503968702e-01	1.101007624092226328e-01	2.969051258088019618e-01	1.885755029032993024e-01	8.758354798040721145e-02	3.982733126852646549e-02	9.911412147872962486e-02
5.515058043567023560e+02	1.770835929195347935e-01	1.095509136574820547e-01	2.974077888028954231e-01	1.889222229300006606e-01	8.775059974174649613e-02	3.995177051416482633e-02	9.933311143355981476e-02
5.660191149976681118e+02	1.762881563248117900e-01	1.090107133591581012e-01	2.979024398492222114e-01	1.892621275271103298e-01	8.791450263122943531e-02	4.007402325655606140e-02	9.954803705129605662e-02
5.805324256386339812e+02	1.755070378314423640e-01	1.084799899211669472e-01	2.983891916736397532e-01	1.895953692667821100e-01	8.807531728699519169e-02	4.019412787412398463e-02	9.975896614523366290e-02
5.950457362795999643e+02	1.747399815506269494e-01	1.079585748700069708e-01	2.988681559277313049e-01	1.899220956572799657e-01	8.823310323618502315e-02	4.031212206532239911e-02	9.996596669223134501e-02
6.095590469205657200e+02	1.739867361525819223e-01	1.074463027918987762e-01	2.993394431850673887e-01	1.902424494763604312e-01	8.838791890103972482e-02	4.042804286090588561e-02	1.001691066315297807e-01
6.240723575615315895e+02	1.732470547818685258e-01	1.069430112743103983e-01	2.998031629372259754e-01	1.905565690698920456e-01	8.853982160719583994e-02	4.054192663596929008e-02	1.003684536929218690e-01
6.385856682024975726e+02	1.725206949748766816e-01	1.064485408488120982e-01	3.002594235897228514e-01	1.908645886198939712e-01	8.868886759383055873e-02	4.065380912176093375e-02	1.005640752504868007e-01
6.530989788434633283e+02	1.718074185793355690e-01	1.059627349352091907e-01	3.007083324579782890e-01	1.911666383856563123e-01	8.883511202535154805e-02	4.076372541727447951e-02	1.007560381985785208e-01
6.676122894844290840e+02	1.711069916757365916e-01	1.054854397869057769e-01	3.011499957634232727e-01	1.914628449211483452e-01	8.897860900436870002e-02	4.087171000062410353e-02	1.009444088471770640e-01
6.821256001253949535e+02	1.704191845005665062e-01	1.050165044374557488e-01	3.015845186298325431e-01	1.917533312715244409e-01	8.911941158571970445e-02	4.097779674020754492e-02	1.011292528340773100e-01
6.966389107663608229e+02	1.697437713712593443e-01	1.045557806482606683e-01	3.020120050799533495e-01	1.920382171511878511e-01	8.925757179135215824e-02	4.108201890566152287e-02	1.013106350517089804e-01
7.111522214073266923e+02	1.690805306127848295e-01	1.041031228573768980e-01	3.024325580324865315e-01	1.923176191055689932e-01	8.939314062589118204e-02	4.118440917861369149e-02	1.014886195866617491e-01
7.256655320482924481e+02	1.684292444857993232e-01	1.036583881293970805e-01	3.028462792994652819e-01	1.925916506585083898e-01	8.952616809274518972e-02	4.128499966323538606e-02	1.016632696702331751e-01
7.401788426892584312e+02	1.677896991162929896e-01	1.032214361063731461e-01	3.032532695840641779e-01	1.928604224469011585e-01	8.965670321062196857e-02	4.138382189659912253e-02	1.018346476385312144e-01
7.546921533302243006e+02	1.671616844266719804e-01	1.027921289597503035e-01	3.036536284788655671e-01	1.931240423440561127e-01	8.978479403034568540e-02	4.148090685884484735e-02	1.020028149008493368e-01
7.692054639711900563e+02	1.665449940682215413e-01	1.023703313432830497e-01	3.040474544646009081e-01	1.933826155730438978e-01	8.991048765187992231e-02	4.157628498315869142e-02	1.021678319151958503e-01
7.837187746121558121e+02	1.659394253548997222e-01	1.019559103469060701e-01	3.044348449093791653e-01	1.936362448111536017e-01	9.003383024147591784e-02	4.166998616556798207e-02	1.023297581700014225e-01
7.982320852531219089e+02	1.653447791984159754e-01	1.015487354515341722e-01	3.048158960684090868e-01	1.938850302864385533e-01	9.015486704887636094e-02	4.176203977455617000e-02	1.024886521711535214e-01
8.127453958940876646e+02	1.647608600445529536e-01	1.011486784847670933e-01	3.051907030842169744e-01	1.941290698672148707e-01	9.027364242451543785e-02	4.185247466050113357e-02	1.026445714336154252e-01
8.272587065350534203e+02	1.641874758106929288e-01	1.007556135774757833e-01	3.055593599873580035e-01	1.943684591452693733e-01	9.039019983666471414e-02	4.194131916494036466e-02	1.027975724769826932e-01
8.417720171760191761e+02	1.636244378245132469e-01	1.003694171212482084e-01	3.059219596976175404e-01	1.946032915134436603e-01	9.050458188848177488e-02	4.202860112966639444e-02	1.029477108244130773e-01
8.562853278169851592e+02	1.630715607638176523e-01	9.998996772667356758e-02	3.062785940256925743e-01	1.948336582381798299e-01	9.061683033492580475e-02	4.211434790565573433e-02	1.030950410044386562e-01
8.707986384579510286e+02	1.625286625974732557e-01	9.961714618244478514e-02	3.066293536753461058e-01	1.950596485275434000e-01	9.072698609950942406e-02	4.219858636183457939e-02	1.032396165552322553e-01
8.853119490989170117e+02	1.619955645274240852e-01	9.925083541525976660e-02	3.069743282460206113e-01	1.952813495951773448e-01	9.083508929086159256e-02	4.228134289368434134e-02	1.033814900309560636e-01
8.998252597398827675e+02	1.614720909317543807e-01	9.889092045050325297e-02	3.073136062358993725e-01	1.954988467205876213e-01	9.094117921908070890e-02	4.236264343169015428e-02	1.035207130098683287e-01
9.143385703808486369e+02	1.609580693087769021e-01	9.853728837369098159e-02	3.076472750454002925e-01	1.957122233061128758e-01	9.104529441186053063e-02	4.244251344963533706e-02	1.036573361039068580e-01
9.288518810218145063e+02	1.604533302221219926e-01	9.818982829265919532e-02	3.079754209810884880e-01	1.959215609308898598e-01	9.114747263037512037e-02	4.252097797274469876e-02	1.037914089695044090e-01
9.433651916627801484e+02	1.599577072468050254e-01	9.784843130048290205e-02	3.082981292599906720e-01	1.961269394020897228e-01	9.124775088491182684e-02	4.259806158567965712e-02	1.039229803194239438e-01
9.578785023037459041e+02	1.594710369162509189e-01	9.751299043910667541e-02	3.086154840142965039e-01	1.963284368036687932e-01	9.134616545024357159e-02	4.267378844038785535e-02	1.040520979354294523e-01
9.723918129447120009e+02	1.589931586702552913e-01	9.718340066367271712e-02	3.089275682964294778e-01	1.965261295428493149e-01	9.144275188073391902e-02	4.274818226381017772e-02	1.041788086816328313e-01
9.869051235856777566e+02	1.585239148038631307e-01	9.685955880753102654e-02	3.092344640844718606e-01	1.967200923945209845e-01	9.153754502517041924e-02	4.282126636544769660e-02	1.043031585183786109e-01
1.001418434226643626e+03	1.580631504171456925e-01	9.654136354791707786e-02	3.095362522879259171e-01	1.969103985437333781e-01	9.163057904132286546e-02	4.289306364479135436e-02	1.044251925165473882e-01
1.015931744867609382e+03	1.576107133658586623e-01	9.622871537228291916e-02	3.098330127537962664e-01	1.970971196264296177e-01	9.172188741022480052e-02	4.296359659861681557e-02	1.045449548721746197e-01
1.030445055508575479e+03	1.571664542129636855e-01	9.592151654526806515e-02	3.101248242729751636e-01	1.972803257685557532e-01	9.181150295017764806e-02	4.303288732814711942e-02	1.046624889212962733e-01
1.044958366149541234e+03	1.567302261809971342e-01	9.561967107629668061e-02	3.104117645869166053e-01	1.974600856236653490e-01	9.189945783047767658e-02	4.310095754608556790e-02	1.047778371549447501e-01
1.059471676790506763e+03	1.563018851052697944e-01	9.532308468778817601e-02	3.106939103945813851e-01	1.976364664091262713e-01	9.198578358486717010e-02	4.316782858352132685e-02	1.048910412342296539e-01
1.073984987431472746e+03	1.558812893878823991e-01	9.503166478396855854e-02	3.109713373596388331e-01	1.978095339410254894e-01	9.207051112471130450e-02	4.323352139671001598e-02	1.050021420054471216e-01
1.088498298072438729e+03	1.554682999525415776e-01	9.474532042027025702e-02	3.112441201179093619e-01	1.979793526678572113e-01	9.215367075190356028e-02	4.329805657373176492e-02	1.051111795151700307e-01
1.103011608713404712e+03	1.550627802001618705e-01	9.446396227330844386e-02	3.115123322850324450e-01	1.981459857030719030e-01	9.223529217150225334e-02	4.336145434102887941e-02	1.052181930252780312e-01
1.117524919354370468e+03	1.546645959652396263e-01	9.418750261142204427e-02	3.117760464643463680e-01	1.983094948565552462e-01	9.231540450410187504e-02	4.342373456982548396e-02	1.053232210278931547e-01
1.132038229995336451e+03	1.542736154729849041e-01	9.391585526576824716e-02	3.120353342549654352e-01	1.984699406650997922e-01	9.239403629794254447e-02	4.348491678243122244e-02	1.054263012601915767e-01
1.146551540636302207e+03	1.538897092971980296e-01	9.364893560195933220e-02	3.122902662600401391e-01	1.986273824219258188e-01	9.247121554076181971e-02	4.354502015843128571e-02	1.055274707190672900e-01
1.161064851277267962e+03	1.535127503188773168e-01	9.338666049223076637e-02	3.125409120951880837e-01	1.987818782053027977e-01	9.254696967139286468e-02	4.360406354076473701e-02	1.056267656756271489e-01
1.175578161918233945e+03	1.531426136855459641e-01	9.312894828813024495e-02	3.127873403970817812e-01	1.989334849063181809e-01	9.262132559111335706e-02	4.366206544169338316e-02	1.057242216895007136e-01
1.190091472559199701e+03	1.527791767712845805e-01	9.287571879371715744e-02	3.130296188321824991e-01	1.990822582558360032e-01	9.269430967474970307e-02	4.371904404866303051e-02	1.058198736229506859e-01
1.204604783200165684e+03	1.524223191374576847e-01	9.262689323926243112e-02	3.132678141056060017e-01	1.992282528506841288e-01	9.276594778154083343e-02	4.377501723005924883e-02	1.059137556547733588e-01
1.219118093841131440e+03	1.520719224941221026e-01	9.238239425543880168e-02	3.135019919701107494e-01	1.993715221791059755e-01	9.283626526576660432e-02	4.383000254085955144e-02	1.060059012939798817e-01
1.233631404482097196e+03	1.517278706621054962e-01	9.214214584799197694e-02	3.137322172351962868e-01	1.995121186455091900e-01	9.290528698714513312e-02	4.388401722818389278e-02	1.060963433932516770e-01
1.248144715123063179e+03	1.513900495357431986e-01	9.190607337288313194e-02	3.139585537763016632e-01	1.996500935945415278e-01	9.297303732100400953e-02	4.393707823674537077e-02	1.061851141621648204e-01
1.262658025764028707e+03	1.510583470462625311e-01	9.167410351189343720e-02	3.141810645440931693e-01	1.997854973345220275e-01	9.303954016822987838e-02	4.398920221420297288e-02	1.062722451801797613e-01
1.277171336404994690e+03	1.507326531258031954e-01	9.144616424868179383e-02	3.143998115738323995e-01	1.999183791602529014e-01	9.310481896500114041e-02	4.404040551641818374e-02	1.063577674093941217e-01
1.291684647045960673e+03	1.504128596720629707e-01	9.122218484528679672e-02	3.146148559948146461e-01	2.000487873752365697e-01	9.316889669230862814e-02	4.409070421261715444e-02	1.064417112070569771e-01
1.306197957686926657e+03	1.500988605135580023e-01	9.100209581906425205e-02	3.148262580398684674e-01	2.001767693133198189e-01	9.323179588526830930e-02	4.414011409046031398e-02	1.065241063378445791e-01
1.320711268327892412e+03	1.497905513754873852e-01	9.078582892005186700e-02	3.150340770549082126e-01	2.003023713597862909e-01	9.329353864223130510e-02	4.418865066102094924e-02	1.066049819858977121e-01
1.335224578968857941e+03	1.494878298461912447e-01	9.057331710875278497e-02	3.152383715085316229e-01	2.004256389719166476e-01	9.335414663369509536e-02	4.423632916367455092e-02	1.066843667666218798e-01
1.349737889609823924e+03	1.491905953441928778e-01	9.036449453432986167e-02	3.154391990016531810e-01	2.005466166990347576e-01	9.341364111102065659e-02	4.428316457090052116e-02	1.067622887382519425e-01
1.364251200250789907e+03	1.488987490858145191e-01	9.015929651320277183e-02	3.156366162771680473e-01	2.006653482020574475e-01	9.347204291495996020e-02	4.432917159299783888e-02	1.068387754131832762e-01
1.378764510891755890e+03	1.486121940533572383e-01	8.995765950804013311e-02	3.158306792296365351e-01	2.007818762725638029e-01	9.352937248399778580e-02	4.437436468271624412e-02	1.069138537690721286e-01
1.393277821532721646e+03	1.483308349638350898e-01	8.975952110713912580e-02	3.160214429149850179e-01	2.008962428513997034e-01	9.358564986251249884e-02	4.441875803980456505e-02	1.069875502597078809e-01
1.407791132173687402e+03	1.480545782382544640e-01	8.956482000418498901e-02	3.162089615602148851e-01	2.010084890468319119e-01	9.364089470875962273e-02	4.446236561547761007e-02	1.070598908256603782e-01
1.422304442814653157e+03	1.477833319714290383e-01	8.937349597838331605e-02	3.163932885731142730e-01	2.011186551522660126e-01	9.369512630268228559e-02	4.450520111680315860e-02	1.071309009047057836e-01
1.436817753455619140e+03	1.475170059023213354e-01	8.918548987495786284e-02	3.165744765519662995e-01	2.012267806635407996e-01	9.374836355355273265e-02	4.454727801101051460e-02	1.072006054420343163e-01
1.451331064096585123e+03	1.472555113849019215e-01	8.900074358600691682e-02	3.167525772952484164e-01	2.013329042958123816e-01	9.380062500744852649e-02	4.458860952972202446e-02	1.072690289002437014e-01
1.465844374737550879e+03	1.469987613595175602e-01	8.881920003171134281e-02	3.169276418113172733e-01	2.014370640000392731e-01	9.385192885456747347e-02	4.462920867310901651e-02	1.073361952691219562e-01
1.480357685378516862e+03	1.467466703247592708e-01	8.864080314188765852e-02	3.170997203280744303e-01	2.015392969790807398e-01	9.390229293638485686e-02	4.466908821397349433e-02	1.074021280752234797e-01
1.494870996019482618e+03	1.464991543098222160e-01	8.846549783787947818e-02	3.172688623026080346e-01	2.016396397034184995e-01	9.395173475265652940e-02	4.470826070175691613e-02	1.074668503912422635e-01
1.509384306660448374e+03	1.462561308473488420e-01	8.829323001478095456e-02	3.174351164308053530e-01	2.017381279265132166e-01	9.400027146827180657e-02	4.474673846647748282e-02	1.075303848451862609e-01
1.523897617301414357e+03	1.460175189467469437e-01	8.812394652398594652e-02	3.175985306569328315e-01	2.018347966998051690e-01	9.404791991995919975e-02	4.478453362259712106e-02	1.075927536293566772e-01
1.538410927942380113e+03	1.457832390679746071e-01	8.795759515605648671e-02	3.177591521831790722e-01	2.019296803873692203e-01	9.409469662284859759e-02	4.482165807281952852e-02	1.076539785091363693e-01
1.552924238583346096e+03	1.455532130957841175e-01	8.779412462390488725e-02	3.179170274791566775e-01	2.020228126802332547e-01	9.414061777689330945e-02	4.485812351182046770e-02	1.077140808315911191e-01
1.567437549224311852e+03	1.453273643144170346e-01	8.763348454628319684e-02	3.180722022913599067e-01	2.021142266103694296e-01	9.418569927315489920e-02	4.489394142991159908e-02	1.077730815338877324e-01
1.581950859865277607e+03	1.451056173827423856e-01	8.747562543157427761e-02	3.182247216525746492e-01	2.022039545643662950e-01	9.422995669995434809e-02	4.492912311663902619e-02	1.078310011515328931e-01
1.596464170506243590e+03	1.448878983098309259e-01	8.732049866187902021e-02	3.183746298912366601e-01	2.022920282967907990e-01	9.427340534889230850e-02	4.496367966431771834e-02	1.078878598264364636e-01
1.610977481147209119e+03	1.446741344309575572e-01	8.716805647739377105e-02	3.185219706407366180e-01	2.023784789432480080e-01	9.431606022074168205e-02	4.499762197150302540e-02	1.079436773148033102e-01
1.625490791788175102e+03	1.444642543840247428e-01	8.701825196107267069e-02	3.186667868486675603e-01	2.024633370331462567e-01	9.435793603121536699e-02	4.503096074640036695e-02	1.079984729948570282e-01
1.640004102429141085e+03	1.442581880863996746e-01	8.687103902356969887e-02	3.188091207860132004e-01	2.025466325021755276e-01	9.439904721661197817e-02	4.506370651021428947e-02	1.080522658743995612e-01
1.654517413070107068e+03	1.440558667121581704e-01	8.672637238845477825e-02	3.189490140562741827e-01	2.026283947045062761e-01	9.443940793934249567e-02	4.509586960043789755e-02	1.081050745982101158e-01
1.669030723711072824e+03	1.438572226697280854e-01	8.658420757769912102e-02	3.190865076045295567e-01	2.027086524247157517e-01	9.447903209334047869e-02	4.512746017408383187e-02	1.081569174552870494e-01
1.683544034352038352e+03	1.436621895799258530e-01	8.644450089742462817e-02	3.192216417264323591e-01	2.027874338894487261e-01	9.451793330935844006e-02	4.515848821085773762e-02	1.082078123859361724e-01
1.698057344993004335e+03	1.434707022543785515e-01	8.630720942391234551e-02	3.193544560771362506e-01	2.028647667788192610e-01	9.455612496015314283e-02	4.518896351627540997e-02	1.082577769887089342e-01
1.712570655633970318e+03	1.432826966743260821e-01	8.617229098986520230e-02	3.194849896801518763e-01	2.029406782375603180e-01	9.459362016556212283e-02	4.521889572472451158e-02	1.083068285271937825e-01
1.727083966274936301e+03	1.430981099697956338e-01	8.603970417092031420e-02	3.196132809361311722e-01	2.030151948859265087e-01	9.463043179747424039e-02	4.524829430247190309e-02	1.083549839366640954e-01
1.741597276915902057e+03	1.429168803991428538e-01	8.590940827240603483e-02	3.197393676315778421e-01	2.030883428303574822e-01	9.466657248469625974e-02	4.527716855061756501e-02	1.084022598305858093e-01
1.756110587556867813e+03	1.427389473289533417e-01	8.578136331633927358e-02	3.198632869474825613e-01	2.031601476739064993e-01	9.470205461771820377e-02	4.530552760799611695e-02	1.084486725069878366e-01
1.770623898197833569e+03	1.425642512142976381e-01	8.565553002865856913e-02	3.199850754678820186e-01	2.032306345264407454e-01	9.473689035337942710e-02	4.533338045402680871e-02	1.084942379546986191e-01
1.785137208838799552e+03	1.423927335793344073e-01	8.553186982668861682e-02	3.201047691883396329e-01	2.032998280146188219e-01	9.477109161943789162e-02	4.536073591151295464e-02	1.085389718594515218e-01
1.799650519479765535e+03	1.422243369982553463e-01	8.541034480683172558e-02	3.202224035243475542e-01	2.033677522916505498e-01	9.480467011904478158e-02	4.538760264939172701e-02	1.085828896098622320e-01
1.814163830120731291e+03	1.420590050765658807e-01	8.529091773248223540e-02	3.203380133196487844e-01	2.034344310468444994e-01	9.483763733512642902e-02	4.541398918543514823e-02	1.086260063032809253e-01
1.828677140761696819e+03	1.418966824326961529e-01	8.517355202215953769e-02	3.204516328544784742e-01	2.034998875149485742e-01	9.487000453467581140e-02	4.543990388890326027e-02	1.086683367515220711e-01
1.843190451402663257e+03	1.417373146799362493e-01	8.505821173785574341e-02	3.205632958537231736e-01	2.035641444852881732e-01	9.490178277295559239e-02	4.546535498315022739e-02	1.087098954864747086e-01
1.857703762043628785e+03	1.415808484086901464e-01	8.494486157359398826e-02	3.206730354949979822e-01	2.036272243107072333e-01	9.493298289761459285e-02	4.549035054818426765e-02	1.087506967655955947e-01
1.872217072684594768e+03	1.414272311690431827e-01	8.483346684419346140e-02	3.207808844166404882e-01	2.036891489163164815e-01	9.496361555271973232e-02	4.551489852318224560e-02	1.087907545772882068e-01
1.886730383325560297e+03	1.412764114536370907e-01	8.472399347423734128e-02	3.208868747256207188e-01	2.037499398080536428e-01	9.499369118270528656e-02	4.553900670895975195e-02	1.088300826461699733e-01
1.901243693966526507e+03	1.411283386808474816e-01	8.461640798723982226e-02	3.209910380053675460e-01	2.038096180810601288e-01	9.502322003624119606e-02	4.556268277039740577e-02	1.088686944382302041e-01
1.915757004607492036e+03	1.409829631782588411e-01	8.451067749500872084e-02	3.210934053235100505e-01	2.038682044278782302e-01	9.505221217002240985e-02	4.558593423882426748e-02	1.089066031658812717e-01
1.930270315248458019e+03	1.408402361664313207e-01	8.440676968719965090e-02	3.211940072395340628e-01	2.039257191464735330e-01	9.508067745248090230e-02	4.560876851435903545e-02	1.089438217929053487e-01
1.944783625889424002e+03	1.407001097429546044e-01	8.430465282105883973e-02	3.212928738123534411e-01	2.039821821480861663e-01	9.510862556742190332e-02	4.563119286820980364e-02	1.089803630392990885e-01
1.959296936530389530e+03	1.405625368667837716e-01	8.420429571135049085e-02	3.213900346077964154e-01	2.040376129649151271e-01	9.513606601758639592e-02	4.565321444493323361e-02	1.090162393860184542e-01
1.973810247171355968e+03	1.404274713428523835e-01	8.410566772046561279e-02	3.214855187060055575e-01	2.040920307576395420e-01	9.516300812814108834e-02	4.567484026465366137e-02	1.090514630796260154e-01
1.988323557812321269e+03	1.402948678069575739e-01	8.400873874870899705e-02	3.215793547087530402e-01	2.041454543227807228e-01	9.518946105009773451e-02	4.569607722524306193e-02	1.090860461368427237e-01
2.002836868453287707e+03	1.401646817109129528e-01	8.391347922476086185e-02	3.216715707466695218e-01	2.041979020999084571e-01	9.521543376366320421e-02	4.571693210446244049e-02	1.091200003490064713e-01
2.017350179094252780e+03	1.400368693079642179e-01	8.381986009631013645e-02	3.217621944863875427e-01	2.042493921786954214e-01	9.524093508152187137e-02	4.573741156206540676e-02	1.091533372864393059e-01
2.031863489735218764e+03	1.399113876384631139e-01	8.372785282085602743e-02	3.218512531375998242e-01	2.042999423058231567e-01	9.526597365205173584e-02	4.575752214186456363e-02	1.091860683027254808e-01
2.046376800376184747e+03	1.397881945157951333e-01	8.363742935667504985e-02	3.219387734600315243e-01	2.043495698917428549e-01	9.529055796247579146e-02	4.577727027376141122e-02	1.092182045389021999e-01
2.060890111017150957e+03	1.396672485125565188e-01	8.354856215395023433e-02	3.220247817703274507e-01	2.043982920172943696e-01	9.531469634194995877e-02	4.579666227574041154e-02	1.092497569275650143e-01
2.075403421658116713e+03	1.395485089469765683e-01	8.346122414605963713e-02	3.221093039488542309e-01	2.044461254401868655e-01	9.533839696458906721e-02	4.581570435582784512e-02	1.092807361968897162e-01
2.089916732299082469e+03	1.394319358695801925e-01	8.337538874102121134e-02	3.221923654464177167e-01	2.044930866013439652e-01	9.536166785243208044e-02	4.583440261401609123e-02	1.093111528745726035e-01
2.104430042940048224e+03	1.393174900500874780e-01	8.329102981309116638e-02	3.222739912908955673e-01	2.045391916311167235e-01	9.538451687834798021e-02	4.585276304415394910e-02	1.093410172916908785e-01
2.118943353581013525e+03	1.392051329645452307e-01	8.320812169451310969e-02	3.223542060937860110e-01	2.045844563553672613e-01	9.540695176888353002e-02	4.587079153580361779e-02	1.093703395864848993e-01
2.133456664221980191e+03	1.390948267826870033e-01	8.312663916741497294e-02	3.224330340566725628e-01	2.046288963014260276e-01	9.542898010705422318e-02	4.588849387606488972e-02	1.093991297080640218e-01
2.147969974862945492e+03	1.389865343555174992e-01	8.304655745585125259e-02	3.225104989776048647e-01	2.046725267039256890e-01	9.545060933507948375e-02	4.590587575136723109e-02	1.094273974200376254e-01
2.162483285503912157e+03	1.388802192031173555e-01	8.296785221798780308e-02	3.225866242573974807e-01	2.047153625105141150e-01	9.547184675706357759e-02	4.592294274923020697e-02	1.094551523040731139e-01
2.176996596144877003e+03	1.387758455026642801e-01	8.289049953842654583e-02	3.226614329058450359e-01	2.047574183874495690e-01	9.549269954162305230e-02	4.593970035999291740e-02	1.094824037633821967e-01
2.191509906785843214e+03	1.386733780766671587e-01	8.281447592066766561e-02	3.227349475478560326e-01	2.047987087250804084e-01	9.551317472446213541e-02	4.595615397851291611e-02	1.095091610261372944e-01
2.206023217426809424e+03	1.385727823814091320e-01	8.273975827970661556e-02	3.228071904295043981e-01	2.048392476432119580e-01	9.553327921089703467e-02	4.597230890583521579e-02	1.095354331488193056e-01
2.220536528067775180e+03	1.384740244955957877e-01	8.266632393476359975e-02	3.228781834240005422e-01	2.048790489963632222e-01	9.555301977833022264e-02	4.598817035083188620e-02	1.095612290194984406e-01
2.235049838708740936e+03	1.383770711092054406e-01	8.259415060214309046e-02	3.229479480375813116e-01	2.049181263789157936e-01	9.557240307867588547e-02	4.600374343181277276e-02	1.095865573610493582e-01
2.249563149349706237e+03	1.382818895125374203e-01	8.252321638822093797e-02	3.230165054153205650e-01	2.049564931301571524e-01	9.559143564073740995e-02	4.601903317810784183e-02	1.096114267343023113e-01
2.264076459990672902e+03	1.381884475854549821e-01	8.245349978255687995e-02	3.230838763468596997e-01	2.049941623392212142e-01	9.561012387253800537e-02	4.603404453162168730e-02	1.096358455411311633e-01
2.278589770631638203e+03	1.380967137868197858e-01	8.238497965113003585e-02	3.231500812720599081e-01	2.050311468499276535e-01	9.562847406360547309e-02	4.604878234836064232e-02	1.096598220274801749e-01
2.293103081272604413e+03	1.380066571441140866e-01	8.231763522969523517e-02	3.232151402865759415e-01	2.050674592655229445e-01	9.564649238721197044e-02	4.606325139993302370e-02	1.096833642863305064e-01
2.307616391913570169e+03	1.379182472432477491e-01	8.225144611725795918e-02	3.232790731473524359e-01	2.051031119533248404e-01	9.566418490256980989e-02	4.607745637502299457e-02	1.097064802606078360e-01
2.322129702554535925e+03	1.378314542185463953e-01	8.218639226966573119e-02	3.233418992780436874e-01	2.051381170492726780e-01	9.568155755698419529e-02	4.609140188083846873e-02	1.097291777460324413e-01
2.336643013195502135e+03	1.377462487429180482e-01	8.212245399331383200e-02	3.234036377743566004e-01	2.051724864623851730e-01	9.569861618796376979e-02	4.610509244453357691e-02	1.097514643939126178e-01
2.351156323836467891e+03	1.376626020181945520e-01	8.205961193896331440e-02	3.234643074093184745e-01	2.052062318791282869e-01	9.571536652528983558e-02	4.611853251460609066e-02	1.097733477138830988e-01
2.365669634477433647e+03	1.375804857656452440e-01	8.199784709566922125e-02	3.235239266384698498e-01	2.052393647676946098e-01	9.573181419304518935e-02	4.613172646227026857e-02	1.097948350765892978e-01
2.380182945118399402e+03	1.374998722166593246e-01	8.193714078481702245e-02	3.235825136049832462e-01	2.052718963821965614e-01	9.574796471160326727e-02	4.614467858280558998e-02	1.098159337163186339e-01
2.394696255759364703e+03	1.374207341035944552e-01	8.187747465426536975e-02	3.236400861447084609e-01	2.053038377667749659e-01	9.576382349957859863e-02	4.615739309688179220e-02	1.098366507335800102e-01
2.409209566400331823e+03	1.373430446507881153e-01	8.181883067259314302e-02	3.236966617911448685e-01	2.053351997596251088e-01	9.577939587573916502e-02	4.616987415186055155e-02	1.098569930976326381e-01
2.423722877041296670e+03	1.372667775657294420e-01	8.176119112344894246e-02	3.237522577803421120e-01	2.053659929969418874e-01	9.579468706088167806e-02	4.618212582307437697e-02	1.098769676489650959e-01
2.438236187682262880e+03	1.371919070303881383e-01	8.170453860000127799e-02	3.238068910557292401e-01	2.053962279167858007e-01	9.580970217967033076e-02	4.619415211508299396e-02	1.098965811017257738e-01
2.452749498323228636e+03	1.371184076926981465e-01	8.164885599948741579e-02	3.238605782728731786e-01	2.054259147628715310e-01	9.582444626243985519e-02	4.620595696290765581e-02	1.099158400461057311e-01
2.467262808964194392e+03	1.370462546581932006e-01	8.159412651785924453e-02	3.239133358041677013e-01	2.054550635882808618e-01	9.583892424696369150e-02	4.621754423324377775e-02	1.099347509506749532e-01
2.481776119605160602e+03	1.369754234817912308e-01	8.154033364452452359e-02	3.239651797434532909e-01	2.054836842591014900e-01	9.585314098018782314e-02	4.622891772565229651e-02	1.099533201646727826e-01
2.496289430246126358e+03	1.369058901597256794e-01	8.148746115718141780e-02	3.240161259105682201e-01	2.055117864579929510e-01	9.586710121993122224e-02	4.624008117373010207e-02	1.099715539202538311e-01
2.510802740887092114e+03	1.368376311216206176e-01	8.143549311674509739e-02	3.240661898558324649e-01	2.055393796876820445e-01	9.588080963655325195e-02	4.625103824625991650e-02	1.099894583346899962e-01
2.525316051528057415e+03	1.367706232227071661e-01	8.138441386236429376e-02	3.241153868644650049e-01	2.055664732743884004e-01	9.589427081458898328e-02	4.626179254834000137e-02	1.100070394125295670e-01
2.539829362169024080e+03	1.367048437361789437e-01	8.133420800652663152e-02	3.241637319609342871e-01	2.055930763711822096e-01	9.590748925435292616e-02	4.627234762249404082e-02	1.100243030477143641e-01
2.554342672809989381e+03	1.366402703456838785e-01	8.128486043025072438e-02	3.242112399132442979e-01	2.056191979612752574e-01	9.592046937351197955e-02	4.628270694976153316e-02	1.100412550256557737e-01
2.568855983450955591e+03	1.365768811379501346e-01	8.123635627836378603e-02	3.242579252371551313e-01	2.056448468612468716e-01	9.593321550862798919e-02	4.629287395076910061e-02	1.100579010252703965e-01
2.583369294091921347e+03	1.365146545955437662e-01	8.118868095486300729e-02	3.243038022003405518e-01	2.056700317242061704e-01	9.594573191667066236e-02	4.630285198678294606e-02	1.100742466209763404e-01
2.597882604732887103e+03	1.364535695897552692e-01	8.114182011835932573e-02	3.243488848264821089e-01	2.056947610428916662e-01	9.595802277650150591e-02	4.631264436074290780e-02	1.100902972846507233e-01
2.612395915373853313e+03	1.363936053736139187e-01	8.109575967760197790e-02	3.243931868993008005e-01	2.057190431527098906e-01	9.597009219032917593e-02	4.632225431827835527e-02	1.101060583875494298e-01
2.626909226014819069e+03	1.363347415750261471e-01	8.105048578708257123e-02	3.244367219665278412e-01	2.057428862347140397e-01	9.598194418513708581e-02	4.633168504870625176e-02	1.101215352021896882e-01
2.641422536655784825e+03	1.362769581900371008e-01	8.100598484271702426e-02	3.244795033438137577e-01	2.057662983185241656e-01	9.599358271408350851e-02	4.634093968601180058e-02	1.101367329041963022e-01
2.655935847296750580e+03	1.362202355762121841e-01	8.096224347760413997e-02	3.245215441185783090e-01	2.057892872851899424e-01	9.600501165787500568e-02	4.635002130981179941e-02	1.101516565741123277e-01
2.670449157937716336e+03	1.361645544461370649e-01	8.091924855785935511e-02	3.245628571538003992e-01	2.058118608699972540e-01	9.601623482611357230e-02	4.635893294630123035e-02	1.101663111991748739e-01
2.684962468578682547e+03	1.361098958610340026e-01	8.087698717852229158e-02	3.246034550917499262e-01	2.058340266652197714e-01	9.602725595861803798e-02	4.636767756918313416e-02	1.101807016750566137e-01
2.699475779219648302e+03	1.360562412244920028e-01	8.083544665953690256e-02	3.246433503576616753e-01	2.058557921228165999e-01	9.603807872672028012e-02	4.637625810058228909e-02	1.101948328075740141e-01
2.713989089860614058e+03	1.360035722763093258e-01	8.079461454180282554e-02	3.246825551633520934e-01	2.058771645570773856e-01	9.604870673453672070e-02	4.638467741194288868e-02	1.102087093143625240e-01
2.728502400501579814e+03	1.359518710864459079e-01	8.075447858329663775e-02	3.247210815107797743e-01	2.058981511472155745e-01	9.605914352021557856e-02	4.639293832491044045e-02	1.102223358265198155e-01
2.743015711142545115e+03	1.359011200490841398e-01	8.071502675526177895e-02	3.247589411955503769e-01	2.059187589399111840e-01	9.606939255716048787e-02	4.640104361219825335e-02	1.102357168902174112e-01
2.757529021783511780e+03	1.358513018767957270e-01	8.067624723846603119e-02	3.247961458103669208e-01	2.059389948518040303e-01	9.607945725523070468e-02	4.640899599843873596e-02	1.102488569682815167e-01
2.772042332424477081e+03	1.358023995948129392e-01	8.063812841952508470e-02	3.248327067484252928e-01	2.059588656719383293e-01	9.608934096191862340e-02	4.641679816101984546e-02	1.102617604417435032e-01
2.786555643065443292e+03	1.357543965354024718e-01	8.060065888729138484e-02	3.248686352067570726e-01	2.059783780641600281e-01	9.609904696350488051e-02	4.642445273090684693e-02	1.102744316113609124e-01
2.801068953706408593e+03	1.357072763323397824e-01	8.056382742930662255e-02	3.249039421895192903e-01	2.059975385694673700e-01	9.610857848619164256e-02	4.643196229344967452e-02	1.102868746991092636e-01
2.815582264347374803e+03	1.356610229154825709e-01	8.052762302831716068e-02	3.249386385112319475e-01	2.060163536083159386e-01	9.611793869721427241e-02	4.643932938917622738e-02	1.102990938496454659e-01
2.830095574988341014e+03	1.356156205054412089e-01	8.049203485885096654e-02	3.249727347999651905e-01	2.060348294828790172e-01	9.612713070593209563e-02	4.644655651457174628e-02	1.103110931317433652e-01
2.844608885629306769e+03	1.355710536083446494e-01	8.045705228385520436e-02	3.250062415004746352e-01	2.060529723792643153e-01	9.613615756489846120e-02	4.645364612284454131e-02	1.103228765397018252e-01
2.859122196270272525e+03	1.355273070106999822e-01	8.042266485139311361e-02	3.250391688772877874e-01	2.060707883696876186e-01	9.614502227091051290e-02	4.646060062467838314e-02	1.103344479947262202e-01
2.873635506911238281e+03	1.354843657743441399e-01	8.038886229139935446e-02	3.250715270177408911e-01	2.060882834146047782e-01	9.615372776603928195e-02	4.646742238897168253e-02	1.103458113462834345e-01
2.888148817552204036e+03	1.354422152314860850e-01	8.035563451249273792e-02	3.251033258349672606e-01	2.061054633648022882e-01	9.616227693864018433e-02	4.647411374356374275e-02	1.103569703734312429e-01
