0.000000000000000000e+00	1.969658662560004048e-01	1.186068356934936868e-01	2.884097093008873847e-01	1.804667447755758103e-01	8.322054152166361018e-02	3.836280763901180751e-02	9.396749481262364756e-02
1.451331064096584811e+01	1.954417274974486196e-01	1.181937740801041054e-01	2.881673536096641119e-01	1.816761048806160295e-01	8.352545513559898882e-02	3.844338761201712695e-02	9.455219718380739047e-02
2.902662128193169622e+01	1.939893205680419952e-01	1.177538817080601846e-01	2.882172523080687165e-01	1.826274335469627585e-01	8.382127475316476783e-02	3.853016419286890010e-02	9.506067292208907060e-02
4.353993192289755143e+01	1.926016825888200723e-01	1.172915099788277293e-01	2.884652235784223029e-01	1.833995357838656137e-01	8.410878091369890230e-02	3.862180617412043493e-02	9.551146098150138652e-02
5.805324256386339954e+01	1.912728490903579104e-01	1.168104752576617777e-01	2.888461904301748984e-01	1.840467374808153755e-01	8.438856929515106686e-02	3.871727678403783651e-02	9.591790166105761128e-02
7.256655320482924765e+01	1.899976627597602663e-01	1.163141283833323686e-01	2.893152100177189823e-01	1.846064647695680738e-01	8.466110573657947835e-02	3.881575632171307272e-02	9.628967201058424852e-02
8.707986384579510286e+01	1.887716285585697984e-01	1.158054133549216436e-01	2.898412679362783462e-01	1.851044817756988814e-01	8.492676441057177283e-02	3.891658704408947067e-02	9.663385691912659836e-02
1.015931744867609581e+02	1.875908022888678472e-01	1.152869173663159941e-01	2.904029851270891749e-01	1.855585094234087074e-01	8.518585432786003608e-02	3.901923364714070946e-02	9.695569781857406311e-02
1.161064851277267991e+02	1.864517035192773398e-01	1.147609138176254179e-01	2.909856478139754565e-01	1.859807250388644806e-01	8.543863776062160520e-02	3.912325470950073214e-02	9.725911733939147930e-02
1.306197957686926259e+02	1.853512464510649604e-01	1.142293995443037363e-01	2.915791526593288774e-01	1.863794883268096725e-01	8.568534306686932667e-02	3.922828187178189346e-02	9.754708807909799606e-02
1.451331064096584669e+02	1.842866841648118648e-01	1.136941272235919426e-01	2.921765850512103579e-01	1.867605326728594417e-01	8.592617363438602440e-02	3.933400449967020679e-02	9.782189275272666629e-02
1.596464170506243647e+02	1.832555629877992975e-01	1.131566337123398880e-01	2.927732353944171861e-01	1.871277869871261768e-01	8.616131413401632855e-02	3.944015825584211432e-02	9.808530852771549235e-02
1.741597276915902057e+02	1.822556846327770264e-01	1.126182649181846351e-01	2.933659184285623001e-01	1.874839423122842408e-01	8.639093490628192706e-02	3.954651647629566641e-02	9.833873832487072253e-02
1.886730383325560467e+02	1.812850743988805857e-01	1.120801976920689363e-01	2.939525022020073597e-01	1.878308421567347342e-01	8.661519505206946579e-02	3.965288357415980985e-02	9.858330492333558515e-02
2.031863489735219162e+02	1.803419541773949863e-01	1.115434591433892703e-01	2.945315821095501607e-01	1.881697511299532666e-01	8.683424462285622980e-02	3.975908992228356642e-02	9.881991889382903127e-02
2.176996596144877287e+02	1.794247193258460549e-01	1.110089437121113409e-01	2.951022553087943590e-01	1.885015395971419983e-01	8.704822618458017691e-02	3.986498782527446438e-02	9.904932804550820036e-02
2.322129702554535982e+02	1.785319187030799115e-01	1.104774282796599227e-01	2.956639646004898259e-01	1.888268104133992709e-01	8.725727594522211805e-02	3.997044830318540604e-02	9.927215375422018817e-02
2.467262808964194392e+02	1.776622373230143381e-01	1.099495855585126830e-01	2.962163903837854995e-01	1.891459857388252119e-01	8.746152457795772217e-02	4.007535848731668543e-02	9.948891792984447535e-02
2.612395915373852517e+02	1.768144812046874292e-01	1.094259959665275089e-01	2.967593758869129239e-01	1.894593663653204030e-01	8.766109783140638156e-02	4.017961948370860070e-02	9.970006326069343061e-02
2.757529021783511780e+02	1.759875640843528710e-01	1.089071581641891939e-01	2.972928754324681289e-01	1.897671721356550267e-01	8.785611699055248525e-02	4.028314459886092602e-02	9.990596859317803224e-02
2.902662128193169337e+02	1.751804957209294467e-01	1.083934984097899845e-01	2.978169186502621635e-01	1.900695693747954107e-01	8.804669923253365116e-02	4.038585784989346533e-02	1.001069607610524936e-01
3.047795234602828600e+02	1.743923715755537340e-01	1.078853788680452092e-01	2.983315857327145104e-01	1.903666894153394629e-01	8.823295790804795702e-02	4.048769270113869445e-02	1.003033237984170545e-01
3.192928341012487294e+02	1.736223636838384321e-01	1.073831049910458912e-01	2.988369903375196479e-01	1.906586410293395484e-01	8.841500276980183981e-02	4.058859098338381960e-02	1.004953062043274920e-01
3.338061447422145420e+02	1.728697125688727632e-01	1.068869320762055597e-01	2.993332677870136349e-01	1.909455187022227329e-01	8.859294016294202989e-02	4.068850196229507887e-02	1.006831267397048785e-01
3.483194553831804114e+02	1.721337200662582667e-01	1.063970710935453756e-01	2.998205669366335591e-01	1.912274080795567377e-01	8.876687318791207093e-02	4.078738153010285500e-02	1.008669791052478198e-01
3.628327660241463377e+02	1.714137429511431443e-01	1.059136938639542863e-01	3.002990445852322110e-01	1.915043895001236340e-01	8.893690184304318957e-02	4.088519150020255427e-02	1.010470357555576792e-01
3.773460766651120935e+02	1.707091872724289805e-01	1.054369376607044717e-01	3.007688616463746745e-01	1.917765402411230335e-01	8.910312315200948075e-02	4.098189898849258217e-02	1.012234510381235381e-01
3.918593873060780197e+02	1.700195033118948318e-01	1.049669092982943308e-01	3.012301805395327103e-01	1.920439359032228288e-01	8.926563127975889467e-02	4.107747586842101090e-02	1.013963637981321747e-01
4.063726979470438323e+02	1.693441810965013727e-01	1.045036887654672703e-01	3.016831634261426531e-01	1.923066512268787054e-01	8.942451763947188714e-02	4.117189828912460464e-02	1.015658995556703442e-01
4.208860085880095880e+02	1.686827464010391131e-01	1.040473324528819604e-01	3.021279710304954902e-01	1.925647605376976657e-01	8.957987099235985295e-02	4.126514624791448316e-02	1.017321723368683623e-01
4.353993192289755143e+02	1.680347571858867572e-01	1.035978760202758420e-01	3.025647618651080561e-01	1.928183379543856601e-01	8.973177754159776531e-02	4.135720320983260478e-02	1.018952862221702144e-01
4.499126298699413837e+02	1.673998004211945112e-01	1.031553369429763223e-01	3.029936917354424941e-01	1.930674574488510375e-01	8.988032102132305357e-02	4.144805576817237741e-02	1.020553366612971802e-01
4.644259405109071963e+02	1.667774892544829357e-01	1.027197167731924710e-01	3.034149134371218470e-01	1.933121928180217830e-01	9.002558278137830217e-02	4.153769334079859821e-02	1.022124115942610462e-01
4.789392511518730657e+02	1.661674604835973734e-01	1.022910031475977172e-01	3.038285765853459552e-01	1.935526176065151538e-01	9.016764186829664962e-02	4.162610789786871934e-02	1.023665924100354840e-01
4.934525617928388783e+02	1.655693723012897633e-01	1.018691715692304350e-01	3.042348275346345998e-01	1.937888050054677458e-01	9.030657510290274192e-02	4.171329371718850848e-02	1.025179547685432374e-01
5.079658724338048046e+02	1.649829022815086088e-01	1.014541869886452785e-01	3.046338093598208174e-01	1.940208277435202799e-01	9.044245715481327719e-02	4.179924716395951728e-02	1.026665693069891971e-01
5.224791830747705035e+02	1.644077455808325428e-01	1.010460052064970637e-01	3.050256618781045925e-01	1.942487579797246011e-01	9.057536061405840888e-02	4.188396649211435785e-02	1.028125022479253886e-01
5.369924937157364866e+02	1.638436133314467302e-01	1.006445741172944108e-01	3.054105216981572446e-01	1.944726672040204829e-01	9.070535606000028339e-02	4.196745166480644884e-02	1.029558159235313547e-01
5.515058043567023560e+02	1.632902312046842774e-01	1.002498348118842225e-01	3.057885222865683872e-01	1.946926261482379295e-01	9.083251212769379024e-02	4.204970419193469755e-02	1.030965692282536372e-01
5.660191149976681118e+02	1.627473381264773478e-01	9.986172255429466571e-02	3.061597940449188315e-01	1.949087047088582381e-01	9.095689557181121931e-02	4.213072698285202228e-02	1.032348180100445684e-01
5.805324256386339812e+02	1.622146851281249524e-01	9.948016764684199098e-02	3.065244643928516921e-01	1.951209718816900307e-01	9.107857132823689306e-02	4.221052421263642856e-02	1.033706154088750023e-01
5.950457362795999643e+02	1.616920343176121988e-01	9.910509619587595798e-02	3.068826578539671224e-01	1.953294957079758365e-01	9.119760257342533760e-02	4.228910120050118071e-02	1.035040121498993493e-01
6.095590469205657200e+02	1.611791579583436995e-01	9.873643078917512805e-02	3.072344961423836840e-01	1.955343432310855667e-01	9.131405078160857725e-02	4.236646429909143169e-02	1.036350567975689585e-01
6.240723575615315895e+02	1.606758376435958313e-01	9.837409109479086644e-02	3.075800982485148438e-01	1.957355804627806395e-01	9.142797577993111435e-02	4.244262079356288242e-02	1.037637959760808054e-01
6.385856682024975726e+02	1.601818635562792803e-01	9.801799439005970394e-02	3.079195805231083050e-01	1.959332723579758351e-01	9.153943580158679927e-02	4.251757880946643170e-02	1.038902745607806349e-01
6.530989788434633283e+02	1.596970338047444538e-01	9.766805602854265744e-02	3.082530567589357173e-01	1.961274827969420320e-01	9.164848753702774242e-02	4.259134722857482735e-02	1.040145358444895807e-01
6.676122894844290840e+02	1.592211538263794690e-01	9.732418985179604187e-02	3.085806382697650063e-01	1.963182745739509572e-01	9.175518618331278409e-02	4.266393561188482758e-02	1.041366216821679319e-01
6.821256001253949535e+02	1.587540358516548455e-01	9.698630855211651247e-02	3.089024339664123153e-01	1.965057093914419628e-01	9.185958549166010900e-02	4.273535412911394493e-02	1.042565726168573764e-01
6.966389107663608229e+02	1.582954984220734107e-01	9.665432399172679823e-02	3.092185504297852994e-01	1.966898478588818555e-01	9.196173781326714980e-02	4.280561349408527200e-02	1.043744279894373017e-01
7.111522214073266923e+02	1.578453659562014388e-01	9.632814748326537502e-02	3.095290919809092767e-01	1.968707494955793391e-01	9.206169414345855007e-02	4.287472490545976567e-02	1.044902260343833211e-01
7.256655320482924481e+02	1.574034683585933680e-01	9.600769003590699235e-02	3.098341607479810911e-01	1.970484727368041200e-01	9.215950416422158398e-02	4.294269999233260582e-02	1.046040039634172913e-01
7.401788426892584312e+02	1.569696406669914002e-01	9.569286257096387693e-02	3.101338567305295113e-01	1.972230749426434337e-01	9.225521628518668082e-02	4.300955076426128676e-02	1.047157980386808490e-01
7.546921533302243006e+02	1.565437227336854698e-01	9.538357611039230410e-02	3.104282778607850291e-01	1.973946124091043308e-01	9.234887768310949541e-02	4.307528956533734910e-02	1.048256436368430605e-01
7.692054639711900563e+02	1.561255589373701791e-01	9.507974194125115575e-02	3.107175200623739086e-01	1.975631403810375886e-01	9.244053433990903623e-02	4.313992903195350281e-02	1.049335753053616954e-01
7.837187746121558121e+02	1.557149979222344216e-01	9.478127175882267164e-02	3.110016773064598894e-01	1.977287130665200954e-01	9.253023107931528102e-02	4.320348205395237173e-02	1.050396268119522664e-01
7.982320852531219089e+02	1.553118923613773517e-01	9.448807779080604929e-02	3.112808416654591626e-01	1.978913836523850389e-01	9.261801160217812690e-02	4.326596173887418961e-02	1.051438311881771337e-01
8.127453958940876646e+02	1.549160987419608282e-01	9.420007290472795503e-02	3.115551033644528012e-01	1.980512043206361650e-01	9.270391852048795456e-02	4.332738137904807579e-02	1.052462207679432799e-01
8.272587065350534203e+02	1.545274771697917882e-01	9.391717070047694849e-02	3.118245508304216540e-01	1.982082262655226745e-01	9.278799339015697534e-02	4.338775442129576276e-02	1.053468272215912771e-01
8.417720171760191761e+02	1.541458911912791385e-01	9.363928558965782523e-02	3.120892707394207211e-01	1.983624997110864929e-01	9.287027674260857346e-02	4.344709443903841534e-02	1.054456815861659069e-01
8.562853278169851592e+02	1.537712076309342701e-01	9.336633286327379599e-02	3.123493480618093066e-01	1.985140739290233991e-01	9.295080811522085651e-02	4.350541510661634637e-02	1.055428142923791612e-01
8.707986384579510286e+02	1.534032964427835266e-01	9.309822874907744406e-02	3.126048661056449740e-01	1.986629972567260094e-01	9.302962608066893402e-02	4.356273017564873257e-02	1.056382551887075222e-01
8.853119490989170117e+02	1.530420305742390408e-01	9.283489045978261800e-02	3.128559065583463306e-01	1.988093171153986483e-01	9.310676827520898702e-02	4.361905345327572042e-02	1.057320335630057978e-01
8.998252597398827675e+02	1.526872858411315592e-01	9.257623623319745365e-02	3.131025495267215630e-01	1.989530800281527623e-01	9.318227142594601164e-02	4.367439878213926624e-02	1.058241781619684713e-01
9.143385703808486369e+02	1.523389408127510114e-01	9.232218536522004970e-02	3.133448735754563175e-01	1.990943316380087702e-01	9.325617137712523264e-02	4.372878002197125302e-02	1.059147172087244460e-01
9.288518810218145063e+02	1.519968767058649251e-01	9.207265823653465464e-02	3.135829557641474086e-01	1.992331167257424818e-01	9.332850311548623878e-02	4.378221103266874414e-02	1.060036784188126413e-01
9.433651916627801484e+02	1.516609772867972272e-01	9.182757633375211725e-02	3.138168716829641824e-01	1.993694792275277627e-01	9.339930079471726876e-02	4.383470565874602459e-02	1.060910890147525321e-01
9.578785023037459041e+02	1.513311287807485306e-01	9.158686226565600219e-02	3.140466954870143601e-01	1.995034622523355894e-01	9.346859775904560463e-02	4.388627771506234398e-02	1.061769757393947466e-01
9.723918129447120009e+02	1.510072197876288491e-01	9.135043977514156754e-02	3.142724999294855270e-01	1.996351080990585447e-01	9.353642656599903127e-02	4.393694097373232466e-02	1.062613648682113887e-01
9.869051235856777566e+02	1.506891412037510147e-01	9.111823374736943704e-02	3.144943563936299924e-01	1.997644582733371366e-01	9.360281900837157110e-02	4.398670915213342275e-02	1.063442822206647348e-01
1.001418434226643626e+03	1.503767861488045088e-01	9.089017021459724899e-02	3.147123349236550793e-01	1.998915535040698133e-01	9.366780613542571854e-02	4.403559590193150547e-02	1.064257531707735044e-01
1.015931744867609382e+03	1.500700498975916508e-01	9.066617635810060583e-02	3.149265042545774107e-01	2.000164337595936592e-01	9.373141827336210763e-02	4.408361479905182484e-02	1.065058026569801197e-01
1.030445055508575479e+03	1.497688298160631815e-01	9.044618050754862915e-02	3.151369318410965348e-01	2.001391382635269445e-01	9.379368504508613091e-02	4.413077933452803220e-02	1.065844551914079952e-01
1.044958366149541234e+03	1.494730253012407362e-01	9.023011213815797238e-02	3.153436838855374624e-01	2.002597055102681989e-01	9.385463538930008398e-02	4.417710290616706781e-02	1.066617348685859751e-01
1.059471676790506763e+03	1.491825377246574214e-01	9.001790186591307474e-02	3.155468253649113541e-01	2.003781732801491744e-01	9.391429757894798058e-02	4.422259881097240913e-02	1.067376653737061309e-01
1.073984987431472746e+03	1.488972703789872287e-01	8.980948144110721676e-02	3.157464200571374890e-01	2.004945786542415564e-01	9.397269923903935063e-02	4.426728023827217195e-02	1.068122699904726081e-01
1.088498298072438729e+03	1.486171284275688009e-01	8.960478374043090444e-02	3.159425305664688155e-01	2.006089580288187291e-01	9.402986736387704270e-02	4.431116026350269410e-02	1.068855716085906071e-01
1.103011608713404712e+03	1.483420188565609532e-01	8.940374275780761659e-02	3.161352183481595524e-01	2.007213471294764240e-01	9.408582833371303966e-02	4.435425184260164549e-02	1.069575927309383834e-01
1.117524919354370468e+03	1.480718504294941673e-01	8.920629359415450932e-02	3.163245437324106457e-01	2.008317810249162505e-01	9.414060793085525514e-02	4.439656780696785154e-02	1.070283554804588866e-01
1.132038229995336451e+03	1.478065336440081978e-01	8.901237244622521583e-02	3.165105659476278865e-01	2.009402941403976017e-01	9.419423135524752910e-02	4.443812085894836839e-02	1.070978816068027667e-01
1.146551540636302207e+03	1.475459806905871085e-01	8.882191659467393585e-02	3.166933431430229984e-01	2.010469202708644043e-01	9.424672323954366715e-02	4.447892356781562445e-02	1.071661924927499177e-01
1.161064851277267962e+03	1.472901054131233178e-01	8.863486439146349427e-02	3.168729324105884482e-01	2.011516925937530675e-01	9.429810766369582653e-02	4.451898836620046124e-02	1.072333091604330962e-01
1.175578161918233945e+03	1.470388232711593857e-01	8.845115524672657326e-02	3.170493898064733473e-01	2.012546436814892925e-01	9.434840816907656691e-02	4.455832754694891845e-02	1.072992522773835306e-01
1.190091472559199701e+03	1.467920513036725105e-01	8.827072961517590244e-02	3.172227703717858116e-01	2.013558055136809577e-01	9.439764777215300939e-02	4.459695326037299568e-02	1.073640421624164065e-01
1.204604783200165684e+03	1.465497080942792796e-01	8.809352898214801997e-02	3.173931281528470372e-01	2.014552094890147416e-01	9.444584897773068699e-02	4.463487751186751007e-02	1.074276987913704018e-01
1.219118093841131440e+03	1.463117137377529520e-01	8.791949584935568329e-02	3.175605162209188537e-01	2.015528864368644757e-01	9.449303379178404516e-02	4.467211215986707090e-02	1.074902418027146311e-01
1.233631404482097196e+03	1.460779898077541883e-01	8.774857372041458548e-02	3.177249866914273468e-01	2.016488666286191389e-01	9.453922373388970457e-02	4.470866891411900967e-02	1.075516905030338005e-01
1.248144715123063179e+03	1.458484593256874629e-01	8.758070708620231681e-02	3.178865907427017024e-01	2.017431797887379863e-01	9.458443984927794590e-02	4.474455933424952708e-02	1.076120638724008122e-01
1.262658025764028707e+03	1.456230467306042498e-01	8.741584141010051712e-02	3.180453786342479772e-01	2.018358551055407790e-01	9.462870272051714104e-02	4.477979482860200422e-02	1.076713805696451753e-01
1.277171336404994690e+03	1.454016778500807905e-01	8.725392311316491900e-02	3.182013997245743964e-01	2.019269212417409975e-01	9.467203247884513340e-02	4.481438665332770910e-02	1.077296589375239394e-01
1.291684647045960673e+03	1.451842798720067162e-01	8.709489955926226490e-02	3.183547024885869936e-01	2.020164063447289493e-01	9.471444881516122294e-02	4.484834591171042023e-02	1.077869170078013111e-01
1.306197957686926657e+03	1.449707813172261828e-01	8.693871904020868124e-02	3.185053345345689735e-01	2.021043380566129866e-01	9.475597099069150986e-02	4.488168355370777962e-02	1.078431725062417856e-01
1.320711268327892412e+03	1.447611120129788098e-01	8.678533076093891685e-02	3.186533426207608932e-01	2.021907435240250239e-01	9.479661784733990626e-02	4.491441037569315897e-02	1.078984428575212456e-01
1.335224578968857941e+03	1.445552030670929078e-01	8.663468482473281329e-02	3.187987726715544312e-01	2.022756494076981826e-01	9.483640781773663986e-02	4.494653702038308579e-02	1.079527451900599844e-01
1.349737889609823924e+03	1.443529868428882479e-01	8.648673221852151705e-02	3.189416697933133427e-01	2.023590818918231393e-01	9.487535893499537965e-02	4.497807397693599774e-02	1.080060963407804414e-01
1.364251200250789907e+03	1.441543969347487963e-01	8.634142479829275130e-02	3.190820782898352026e-01	2.024410666931892588e-01	9.491348884218993309e-02	4.500903158120925923e-02	1.080585128597929406e-01
1.378764510891755890e+03	1.439593681443303019e-01	8.619871527461236971e-02	3.192200416774637062e-01	2.025216290701178645e-01	9.495081480156059017e-02	4.503942001616201285e-02	1.081100110150113036e-01
1.393277821532721646e+03	1.437678364573699297e-01	8.605855719827627814e-02	3.193556026998659592e-01	2.026007938311929213e-01	9.498735370346000906e-02	4.506924931239244397e-02	1.081606067967006563e-01
1.407791132173687402e+03	1.435797390210689362e-01	8.592090494610536699e-02	3.194888033424822527e-01	2.026785853437957363e-01	9.502312207504810815e-02	4.509852934879850922e-02	1.082103159219592742e-01
1.422304442814653157e+03	1.433950141220212138e-01	8.578571370689380693e-02	3.196196848466613671e-01	2.027550275424489512e-01	9.505813608874483234e-02	4.512726985335224067e-02	1.082591538391358271e-01
1.436817753455619140e+03	1.432136011646628626e-01	8.565293946751956211e-02	3.197482877234890664e-01	2.028301439369757653e-01	9.509241157044948101e-02	4.515548040397804330e-02	1.083071357321834655e-01
1.451331064096585123e+03	1.430354406502205300e-01	8.552253899922444835e-02	3.198746517673206058e-01	2.029039576204798856e-01	9.512596400753477177e-02	4.518317042952613855e-02	1.083542765249519146e-01
1.465844374737550879e+03	1.428604741561375902e-01	8.539446984407000896e-02	3.199988160690246941e-01	2.029764912771506724e-01	9.515880855662350868e-02	4.521034921083315339e-02	1.084005908854186045e-01
1.480357685378516862e+03	1.426886443159590123e-01	8.526869030157396834e-02	3.201208190289487332e-01	2.030477671898993919e-01	9.519096005115540438e-02	4.523702588186179208e-02	1.084460932298599023e-01
1.494870996019482618e+03	1.425198947996572096e-01	8.514515941553126022e-02	3.202406983696121090e-01	2.031178072478307395e-01	9.522243300875123106e-02	4.526320943091267229e-02	1.084907977269630591e-01
1.509384306660448374e+03	1.423541702943828813e-01	8.502383696102275290e-02	3.203584911481358044e-01	2.031866329535543525e-01	9.525324163838126690e-02	4.528890870190140777e-02	1.085347183018797873e-01
1.523897617301414357e+03	1.421914164856253882e-01	8.490468343161390596e-02	3.204742337684162168e-01	2.032542654303412522e-01	9.528339984734450485e-02	4.531413239569475476e-02	1.085778686402222165e-01
1.538410927942380113e+03	1.420315800387686178e-01	8.478766002674510693e-02	3.205879619930488977e-01	2.033207254291289623e-01	9.531292124806510502e-02	4.533888907149988962e-02	1.086202621920017430e-01
1.552924238583346096e+03	1.418746085810295154e-01	8.467272863931443738e-02	3.206997109550100977e-01	2.033860333353795236e-01	9.534181916471207163e-02	4.536318714830132881e-02	1.086619121755114104e-01
1.567437549224311852e+03	1.417204506837668743e-01	8.455985184345361783e-02	3.208095151691023883e-01	2.034502091757947884e-01	9.537010663964794188e-02	4.538703490634038440e-02	1.087028315811524593e-01
1.581950859865277607e+03	1.415690558451493108e-01	8.444899288249703428e-02	3.209174085431695800e-01	2.035132726248924107e-01	9.539779643971212086e-02	4.541044048863240173e-02	1.087430331752056029e-01
1.596464170506243590e+03	1.414203744731709067e-01	8.434011565714351344e-02	3.210234243890885408e-01	2.035752430114466660e-01	9.542490106234417790e-02	4.543341190251719980e-02	1.087825295035474982e-01
1.610977481147209119e+03	1.412743578690055513e-01	8.423318471381016637e-02	3.211275954335420790e-01	2.036361393247969331e-01	9.545143274155212798e-02	4.545595702123871734e-02	1.088213328953128861e-01
1.625490791788175102e+03	1.411309582106897720e-01	8.412816523317712125e-02	3.212299538285794953e-01	2.036959802210283610e-01	9.547740345373079141e-02	4.547808358554987496e-02	1.088594554665031355e-01
1.640004102429141085e+03	1.409901285371252255e-01	8.402502301892215975e-02	3.213305311619690241e-01	2.037547840290269141e-01	9.550282492333479756e-02	4.549979920533907263e-02	1.088969091235414133e-01
1.654517413070107068e+03	1.408518227323926619e-01	8.392372448664345286e-02	3.214293584673486581e-01	2.038125687564129596e-01	9.552770862841075683e-02	4.552111136127497126e-02	1.089337055667751880e-01
1.669030723711072824e+03	1.407159955103690907e-01	8.382423665296892534e-02	3.215264662341789648e-01	2.038693520953557825e-01	9.555206580599308330e-02	4.554202740646641490e-02	1.089698562939264426e-01
1.683544034352038352e+03	1.405826023996406271e-01	8.372652712485020854e-02	3.216218844175032232e-01	2.039251514282724720e-01	9.557590745736743720e-02	4.556255456813458615e-02	1.090053726034901777e-01
1.698057344993004335e+03	1.404515997287036633e-01	8.363056408903941918e-02	3.217156424475195453e-01	2.039799838334138138e-01	9.559924435320596436e-02	4.558269994929470964e-02	1.090402655980816510e-01
1.712570655633970318e+03	1.403229446114477308e-01	8.353631630174640499e-02	3.218077692389689770e-01	2.040338660903399381e-01	9.562208703857810743e-02	4.560247053044475668e-02	1.090745461877329070e-01
1.727083966274936301e+03	1.401965949329129768e-01	8.344375307847436141e-02	3.218982932003441877e-01	2.040868146852887199e-01	9.564444583784066645e-02	4.562187317125885461e-02	1.091082250931390552e-01
1.741597276915902057e+03	1.400725093353163975e-01	8.335284428403150203e-02	3.219872422429231329e-01	2.041388458164390685e-01	9.566633085941073089e-02	4.564091461228320795e-02	1.091413128488547823e-01
1.756110587556867813e+03	1.399506472043403338e-01	8.326356032271653440e-02	3.220746437896306325e-01	2.041899753990721045e-01	9.568775200042488327e-02	4.565960147663257473e-02	1.091738198064417659e-01
1.770623898197833569e+03	1.398309686556778730e-01	8.317587212867522117e-02	3.221605247837328601e-01	2.042402190706322784e-01	9.570871895128792162e-02	4.567794027168541049e-02	1.092057561375673058e-01
1.785137208838799552e+03	1.397134345218289386e-01	8.308975115642595888e-02	3.222449116973680194e-01	2.042895921956908167e-01	9.572924120011434834e-02	4.569593739077597999e-02	1.092371318370548572e-01
1.799650519479765535e+03	1.395980063391423220e-01	8.300516937155166808e-02	3.223278305399164267e-01	2.043381098708140775e-01	9.574932803706569240e-02	4.571359911488185462e-02	1.092679567258868917e-01
1.814163830120731291e+03	1.394846463350977728e-01	8.292209924155545531e-02	3.224093068662146622e-01	2.043857869293386753e-01	9.576898855858644033e-02	4.573093161430533821e-02	1.092982404541606861e-01
1.828677140761696819e+03	1.393733174158236221e-01	8.284051372687768755e-02	3.224893657846156225e-01	2.044326379460554288e-01	9.578823167154164320e-02	4.574794095034749597e-02	1.093279925039975370e-01
1.843190451402663257e+03	1.392639831538449169e-01	8.276038627207184251e-02	3.225680319648991934e-01	2.044786772418049070e-01	9.580706609725875289e-02	4.576463307697353072e-02	1.093572221924059701e-01
1.857703762043628785e+03	1.391566077760570674e-01	8.268169079713663661e-02	3.226453296460357056e-01	2.045239188879854619e-01	9.582550037547644950e-02	4.578101384246839600e-02	1.093859386740994311e-01
1.872217072684594768e+03	1.390511561519208461e-01	8.260440168900187730e-02	3.227212826438062288e-01	2.045683767109767182e-01	9.584354286820290225e-02	4.579708899108156372e-02	1.094141509442690813e-01
1.886730383325560297e+03	1.389475937818739626e-01	8.252849379316570810e-02	3.227959143582817547e-01	2.046120642964796288e-01	9.586120176348594812e-02	4.581286416466009981e-02	1.094418678413121987e-01
1.901243693966526507e+03	1.388458867859550250e-01	8.245394240548041542e-02	3.228692477811648809e-01	2.046549949937756518e-01	9.587848507909757512e-02	4.582834490426905549e-02	1.094690980495167248e-01
1.915757004607492036e+03	1.387460018926358063e-01	8.238072326408465984e-02	3.229413055029968782e-01	2.046971819199059905e-01	9.589540066613501390e-02	4.584353665179849435e-02	1.094958501017025548e-01
1.930270315248458019e+03	1.386479064278574314e-01	8.230881254147939807e-02	3.230121097202321989e-01	2.047386379637733123e-01	9.591195621254057502e-02	4.585844475155637090e-02	1.095221323818200837e-01
1.944783625889424002e+03	1.385515683042668478e-01	8.223818683674535834e-02	3.230816822421841983e-01	2.047793757901673062e-01	9.592815924654243820e-02	4.587307445184667098e-02	1.095479531275065782e-01
1.959296936530389530e+03	1.384569560106494457e-01	8.216882316789933527e-02	3.231500444978436803e-01	2.048194078437155508e-01	9.594401714001833670e-02	4.588743090653216866e-02	1.095733204326009014e-01
1.973810247171355968e+03	1.383640386015539681e-01	8.210069896438716708e-02	3.232172175425735428e-01	2.048587463527618835e-01	9.595953711178434320e-02	4.590151917658138320e-02	1.095982422496172004e-01
1.988323557812321269e+03	1.382727856871065475e-01	8.203379205971081389e-02	3.232832220646816856e-01	2.048974033331728561e-01	9.597472623081046428e-02	4.591534423159911171e-02	1.096227263921780715e-01
2.002836868453287707e+03	1.381831674230096230e-01	8.196808068418744153e-02	3.233480783918746826e-01	2.049353905920747176e-01	9.598959141936501405e-02	4.592891095134032237e-02	1.096467805374077287e-01
2.017350179094252780e+03	1.380951545007226555e-01	8.190354345783822099e-02	3.234118064975948226e-01	2.049727197315216187e-01	9.600413945608959887e-02	4.594222412720685295e-02	1.096704122282857879e-01
2.031863489735218764e+03	1.380087181378209515e-01	8.184015938340413743e-02	3.234744260072422439e-01	2.050094021520970922e-01	9.601837697900630908e-02	4.595528846372672060e-02	1.096936288759621375e-01
2.046376800376184747e+03	1.379238300685294571e-01	8.177790783948722664e-02	3.235359562042850468e-01	2.050454490564495580e-01	9.603231048845903284e-02	4.596810858001571659e-02	1.097164377620335474e-01
2.060890111017150957e+03	1.378404625344280821e-01	8.171676857381450498e-02	3.235964160362593267e-01	2.050808714527637411e-01	9.604594634999040481e-02	4.598068901122110558e-02	1.097388460407824617e-01
2.075403421658116713e+03	1.377585882753253055e-01	8.165672169662283042e-02	3.236558241206610731e-01	2.051156801581688616e-01	9.605929079715588847e-02	4.599303420994708264e-02	1.097608607413785575e-01
2.089916732299082469e+03	1.376781805202972886e-01	8.159774767416209940e-02	3.237141987507326513e-01	2.051498858020852356e-01	9.607234993427669900e-02	4.600514854766202949e-02	1.097824887700436097e-01
2.104430042940048224e+03	1.375992129788888296e-01	8.153982732231518371e-02	3.237715579011449796e-01	2.051834988295101747e-01	9.608512973913298227e-02	4.601703631608727169e-02	1.098037369121801915e-01
2.118943353581013525e+03	1.375216598324736084e-01	8.148294180033217871e-02	3.238279192335782875e-01	2.052165295042447657e-01	9.609763606559873494e-02	4.602870172856728115e-02	1.098246118344647637e-01
2.133456664221980191e+03	1.374454957257706111e-01	8.142707260467706154e-02	3.238833001022029534e-01	2.052489879120623362e-01	9.610987464621978393e-02	4.604014892142130333e-02	1.098451200869055983e-01
2.147969974862945492e+03	1.373706957585139055e-01	8.137220156298470564e-02	3.239377175590623104e-01	2.052808839638199934e-01	9.612185109473621314e-02	4.605138195527625627e-02	1.098652681048662288e-01
2.162483285503912157e+03	1.372972354772729053e-01	8.131831082812639167e-02	3.239911883593598052e-01	2.053122273985142354e-01	9.613357090855069453e-02	4.606240481638095713e-02	1.098850622110546793e-01
2.176996596144877003e+03	1.372250908674202963e-01	8.126538287238171954e-02	3.240437289666511234e-01	2.053430277862818010e-01	9.614503947114379223e-02	4.607322141790165526e-02	1.099045086174793434e-01
2.191509906785843214e+03	1.371542383452449554e-01	8.121340048171518666e-02	3.240953555579445533e-01	2.053732945313469227e-01	9.615626205443761343e-02	4.608383560119882344e-02	1.099236134273716553e-01
2.206023217426809424e+03	1.370846547502072854e-01	8.116234675015537858e-02	3.241460840287107015e-01	2.054030368749155955e-01	9.616724382110908298e-02	4.609425113708534583e-02	1.099423826370763552e-01
2.220536528067775180e+03	1.370163173373342980e-01	8.111220507427512050e-02	3.241959299978023901e-01	2.054322638980184967e-01	9.617798982685378528e-02	4.610447172706603342e-02	1.099608221379096834e-01
2.235049838708740936e+03	1.369492037697517817e-01	8.106295914777061906e-02	3.242449088122880130e-01	2.054609845243029198e-01	9.618850502260183066e-02	4.611450100455866119e-02	1.099789377179859612e-01
2.249563149349706237e+03	1.368832921113512235e-01	8.101459295613790135e-02	3.242930355521990715e-01	2.054892075227753023e-01	9.619879425668650952e-02	4.612434253609649926e-02	1.099967350640133207e-01
2.264076459990672902e+03	1.368185608195887915e-01	8.096709077144481626e-02	3.243403250351932221e-01	2.055169415104946828e-01	9.620886227696714976e-02	4.613399982251249754e-02	1.100142197630586821e-01
2.278589770631638203e+03	1.367549887384144069e-01	8.092043714719687753e-02	3.243867918211348900e-01	2.055441949552186676e-01	9.621871373290695473e-02	4.614347630010520035e-02	1.100313973042828519e-01
2.293103081272604413e+03	1.366925550913280496e-01	8.087461691329521363e-02	3.244324502165951141e-01	2.055709761780020461e-01	9.622835317760709828e-02	4.615277534178654356e-02	1.100482730806458254e-01
2.307616391913570169e+03	1.366312394745610725e-01	8.082961517108493144e-02	3.244773142792716225e-01	2.055972933557497773e-01	9.623778506979777103e-02	4.616190025821159670e-02	1.100648523905830983e-01
2.322129702554535925e+03	1.365710218503806694e-01	8.078541728849251979e-02	3.245213978223309703e-01	2.056231545237244829e-01	9.624701377578746830e-02	4.617085429889051379e-02	1.100811404396533077e-01
2.336643013195502135e+03	1.365118825405146341e-01	8.074200889525033620e-02	3.245647144186738497e-01	2.056485675780096445e-01	9.625604357137121370e-02	4.617964065328266504e-02	1.100971423421576029e-01
2.351156323836467891e+03	1.364538022196947753e-01	8.069937587820687208e-02	3.246072774051254606e-01	2.056735402779294730e-01	9.626487864369873138e-02	4.618826245187327567e-02	1.101128631227313442e-01
2.365669634477433647e+03	1.363967619093165162e-01	8.065750437672117301e-02	3.246490998865517175e-01	2.056980802484259241e-01	9.627352309310358014e-02	4.619672276723261334e-02	1.101283077179084080e-01
2.380182945118399402e+03	1.363407429712125141e-01	8.061638077813985948e-02	3.246901947399033483e-01	2.057221949823937190e-01	9.628198093489379050e-02	4.620502461505798103e-02	1.101434809776587753e-01
2.394696255759364703e+03	1.362857271015386063e-01	8.057599171335533272e-02	3.247305746181882724e-01	2.057458918429744543e-01	9.629025610110528155e-02	4.621317095519858476e-02	1.101583876668995321e-01
2.409209566400331823e+03	1.362316963247696133e-01	8.053632405244362524e-02	3.247702519543745892e-01	2.057691780658101321e-01	9.629835244221850166e-02	4.622116469266360217e-02	1.101730324669800143e-01
2.423722877041296670e+03	1.361786329878033608e-01	8.049736490038054970e-02	3.248092389652248446e-01	2.057920607612571118e-01	9.630627372883940329e-02	4.622900867861350072e-02	1.101874199771413071e-01
2.438236187682262880e+03	1.361265197541706995e-01	8.045910159283481411e-02	3.248475476550626295e-01	2.058145469165612862e-01	9.631402365334519600e-02	4.623670571133484120e-02	1.102015547159506254e-01
2.452749498323228636e+03	1.360753395983497205e-01	8.042152169203631296e-02	3.248851898194734522e-01	2.058366433979947896e-01	9.632160583149615429e-02	4.624425853719879576e-02	1.102154411227109637e-01
2.467262808964194392e+03	1.360250758001822768e-01	8.038461298271881716e-02	3.249221770489401084e-01	2.058583569529554291e-01	9.632902380401359155e-02	4.625166985160352601e-02	1.102290835588463913e-01
2.481776119605160602e+03	1.359757119393910918e-01	8.034836346813528651e-02	3.249585207324149905e-01	2.058796942120293405e-01	9.633628103812529042e-02	4.625894229990065026e-02	1.102424863092635043e-01
2.496289430246126358e+03	1.359272318901952881e-01	8.031276136614476369e-02	3.249942320608289470e-01	2.059006616910172005e-01	9.634338092907876461e-02	4.626607847830596643e-02	1.102556535836892448e-01
2.510802740887092114e+03	1.358796198160228397e-01	8.027779510536929564e-02	3.250293220305392472e-01	2.059212657929252732e-01	9.635032680162317065e-02	4.627308093479468726e-02	1.102685895179856684e-01
2.525316051528057415e+03	1.358328601643182254e-01	8.024345332141996634e-02	3.250638014467169823e-01	2.059415128099213455e-01	9.635712191146048045e-02	4.627995216998129907e-02	1.102812981754419108e-01
2.539829362169024080e+03	1.357869376614433132e-01	8.020972485319045886e-02	3.250976809266747369e-01	2.059614089252568003e-01	9.636376944666673328e-02	4.628669463798438383e-02	1.102937835480438250e-01
2.554342672809989381e+03	1.357418373076701157e-01	8.017659873921717528e-02	3.251309709031366402e-01	2.059809602151545238e-01	9.637027252908378361e-02	4.629331074727645323e-02	1.103060495577215944e-01
2.568855983450955591e+03	1.356975443722633901e-01	8.014406421410458226e-02	3.251636816274507402e-01	2.060001726506644204e-01	9.637663421568233579e-02	4.629980286151914870e-02	1.103181000575757381e-01
2.583369294091921347e+03	1.356540443886518343e-01	8.011211070501469966e-02	3.251958231727452020e-01	2.060190520994861219e-01	9.638285749989679296e-02	4.630617330038386964e-02	1.103299388330818420e-01
2.597882604732887103e+03	1.356113231496860472e-01	8.008072782821944180e-02	3.252274054370295486e-01	2.060376043277600822e-01	9.638894531293262791e-02	4.631242434035820477e-02	1.103415696032743892e-01
2.612395915373853313e+03	1.355693667029815863e-01	8.004990538571492287e-02	3.252584381462416130e-01	2.060558350018272811e-01	9.639490052504673390e-02	4.631855821553820113e-02	1.103529960219100381e-01
2.626909226014819069e+03	1.355281613463460433e-01	8.001963336189629739e-02	3.252889308572406435e-01	2.060737496899584520e-01	9.640072594680140772e-02	4.632457711840676923e-02	1.103642216786106939e-01
2.641422536655784825e+03	1.354876936232881079e-01	7.998990192029238611e-02	3.253188929607494506e-01	2.060913538640527232e-01	9.640642433029252001e-02	4.633048320059843239e-02	1.103752500999867214e-01
2.655935847296750580e+03	1.354479503186073464e-01	7.996070140035868579e-02	3.253483336842434848e-01	2.061086529013072266e-01	9.641199837035235864e-02	4.633627857365060776e-02	1.103860847507406318e-01
2.670449157937716336e+03	1.354089184540634705e-01	7.993202231432797178e-02	3.253772620947907868e-01	2.061256520858572583e-01	9.641745070572775578e-02	4.634196530974161315e-02	1.103967290347515340e-01
2.684962468578682547e+03	1.353705852841231572e-01	7.990385534411725832e-02	3.254056871018417563e-01	2.061423566103877947e-01	9.642278392023398426e-02	4.634754544241559415e-02	1.104071862961407968e-01
2.699475779219648302e+03	1.353329382917835000e-01	7.987619133829033935e-02	3.254336174599704590e-01	2.061587715777174479e-01	9.642800054388492303e-02	4.635302096729462112e-02	1.104174598203190860e-01
2.713989089860614058e+03	1.352959651844705125e-01	7.984902130907464701e-02	3.254610617715676391e-01	2.061749020023542212e-01	9.643310305399999116e-02	4.635839384277811587e-02	1.104275528350152219e-01
2.728502400501579814e+03	1.352596538900111556e-01	7.982233642943166452e-02	3.254880284894874909e-01	2.061907528120247857e-01	9.643809387628840546e-02	4.636366599072976047e-02	1.104374685112870791e-01
2.743015711142545115e+03	1.352239925526781128e-01	7.979612803017972766e-02	3.255145259196476903e-01	2.062063288491766955e-01	9.644297538591109498e-02	4.636883929715224228e-02	1.104472099645148475e-01
2.757529021783511780e+03	1.351889695293050919e-01	7.977038759716861827e-02	3.255405622235840180e-01	2.062216348724549009e-01	9.644774990852088281e-02	4.637391561284984198e-02	1.104567802553770850e-01
2.772042332424477081e+03	1.351545733854726539e-01	7.974510676850447843e-02	3.255661454209611283e-01	2.062366755581520883e-01	9.645241972128133778e-02	4.637889675407916301e-02	1.104661823908096863e-01
2.786555643065443292e+03	1.351207928917618484e-01	7.972027733182472653e-02	3.255912833920386329e-01	2.062514555016344009e-01	9.645698705386461513e-02	4.638378450318822455e-02	1.104754193249480321e-01
2.801068953706408593e+03	1.350876170200756010e-01	7.969589122162172579e-02	3.256159838800952167e-01	2.062659792187420682e-01	9.646145408942903565e-02	4.638858060924397342e-02	1.104844939600528458e-01
2.815582264347374803e+03	1.350550349400260752e-01	7.967194051661426191e-02	3.256402544938095667e-01	2.062802511471656108e-01	9.646582296557647263e-02	4.639328678864858974e-02	1.104934091474198687e-01
2.830095574988341014e+03	1.350230360153869269e-01	7.964841743716638556e-02	3.256641027096002783e-01	2.062942756477985362e-01	9.647009577529018498e-02	4.639790472574456537e-02	1.105021676882735893e-01
2.844608885629306769e+03	1.349916098006093135e-01	7.962531434275230136e-02	3.256875358739249604e-01	2.063080570060661645e-01	9.647427456785344357e-02	4.640243607340893001e-02	1.105107723346453880e-01
2.859122196270272525e+03	1.349607460374004364e-01	7.960262372946673437e-02	3.257105612055394839e-01	2.063215994332315839e-01	9.647836134974928368e-02	4.640688245363666642e-02	1.105192257902363889e-01
2.873635506911238281e+03	1.349304346513637010e-01	7.958033822757992759e-02	3.257331857977172618e-01	2.063349070676789854e-01	9.648235808554192494e-02	4.641124545811362023e-02	1.105275307112651706e-01
2.888148817552204036e+03	1.349006657486989669e-01	7.955845059913645156e-02	3.257554166204308377e-01	2.063479839761745982e-01	9.648626669874009465e-02	4.641552664877891116e-02	1.105356897073007522e-01
