0.000000000000000000e+00	1.837398520603616692e-01	1.153408363513299534e-01	2.889055732414199107e-01	1.895747113312586385e-01	8.627452700371497640e-02	3.894436730562697568e-02	9.722013270547606723e-02
1.451331064096584811e+01	1.828257732509983857e-01	1.146641717929647170e-01	2.906198196797893374e-01	1.889093433543864164e-01	8.648201793674389903e-02	3.909134722133937589e-02	9.740752676296608736e-02
2.902662128193169622e+01	1.819253359855345642e-01	1.140013340531745023e-01	2.919523014966327046e-01	1.885520598960442606e-01	8.668726091994663485e-02	3.923560961215267345e-02	9.764609803570294122e-02
4.353993192289755143e+01	1.810391197497784321e-01	1.133515881669770048e-01	2.930277694462753990e-01	1.884037353286677763e-01	8.688974366190120591e-02	3.937720786435526532e-02	9.791083578123324638e-02
5.805324256386339954e+01	1.801674489979055993e-01	1.127143745552661586e-01	2.939293348329328759e-01	1.883973109541848268e-01	8.708913339739113302e-02	3.951619319672690367e-02	9.818620406478091589e-02
7.256655320482924765e+01	1.793104738529562037e-01	1.120892516016437912e-01	2.947123502325261768e-01	1.884872917779978896e-01	8.728521975562825164e-02	3.965261510038742276e-02	9.846279767804863581e-02
8.707986384579510286e+01	1.784682249428247436e-01	1.114758573699217992e-01	2.954136690570620116e-01	1.886427080474518680e-01	8.747787610415019843e-02	3.978652163651453383e-02	9.873514284126325147e-02
1.015931744867609581e+02	1.776406508008592788e-01	1.108738840867722897e-01	2.960578213490741573e-01	1.888423943308741304e-01	8.766703331624720041e-02	3.991795963929226088e-02	9.900025647606909562e-02
1.161064851277267991e+02	1.768276434869975600e-01	1.102830611356562657e-01	2.966611319142976044e-01	1.890718195091115328e-01	8.785266190636512040e-02	4.004697485567276088e-02	9.925670719108757589e-02
1.306197957686926259e+02	1.760290562291433603e-01	1.097031437241229451e-01	2.972344656227051130e-01	1.893209552570271348e-01	8.803475981340493084e-02	4.017361204300690103e-02	9.950400730977801422e-02
1.451331064096584669e+02	1.752447156412404450e-01	1.091339053315052154e-01	2.977850569109549150e-01	1.895828404016019209e-01	8.821334400552721666e-02	4.029791503857653445e-02	9.974222266978215179e-02
1.596464170506243647e+02	1.744744302411576076e-01	1.085751326745799522e-01	2.983177284732386192e-01	1.898526119936302103e-01	8.838844467846720954e-02	4.041992681037735735e-02	9.997172512773751241e-02
1.741597276915902057e+02	1.737179964323668224e-01	1.080266223494759648e-01	2.988357026461621047e-01	1.901268497415494751e-01	8.856010122032906273e-02	4.053968949537817279e-02	1.001930381139268800e-01
1.886730383325560467e+02	1.729752027378048118e-01	1.074881785887871893e-01	2.993411412638330993e-01	1.904031311282059491e-01	8.872835938473794259e-02	4.065724442940019806e-02	1.004067424664192298e-01
2.031863489735219162e+02	1.722458328216354140e-01	1.069596117600699892e-01	2.998355045587132728e-01	1.906797284107546453e-01	8.889326929477051054e-02	4.077263217137239160e-02	1.006134209818722591e-01
2.176996596144877287e+02	1.715296676643484064e-01	1.064407373567626824e-01	3.003197895203736922e-01	1.909554013640366310e-01	8.905488402146195803e-02	4.088589252379468131e-02	1.008136275484104727e-01
2.322129702554535982e+02	1.708264871416217690e-01	1.059313753158159510e-01	3.007946879973062981e-01	1.912292547909383855e-01	8.921325856242190433e-02	4.099706455062528815e-02	1.010078716404588933e-01
2.467262808964194392e+02	1.701360711794927816e-01	1.054313495518134636e-01	3.012606913983716383e-01	1.915006399755289912e-01	8.936844910124144836e-02	4.110618659339904807e-02	1.011966121993412016e-01
2.612395915373852517e+02	1.694582006054739520e-01	1.049404876343357912e-01	3.017181598922384356e-01	1.917690860568851130e-01	8.952051246567657716e-02	4.121329628611139495e-02	1.013802570584674129e-01
2.757529021783511780e+02	1.687926577791711291e-01	1.044586205599454254e-01	3.021673680281255492e-01	1.920342518629374329e-01	8.966950572789839091e-02	4.131843056922165219e-02	1.015591654718890624e-01
2.902662128193169337e+02	1.681392270612414030e-01	1.039855825865612926e-01	3.026085347166978523e-01	1.922958918057797728e-01	8.981548590732907345e-02	4.142162570300961938e-02	1.017336522185696007e-01
3.047795234602828600e+02	1.674976951625067600e-01	1.035212111088929382e-01	3.030418428536221787e-01	1.925538314981903587e-01	8.995850974836042124e-02	4.152291728043967789e-02	1.019039923471763420e-01
3.192928341012487294e+02	1.668678514032400917e-01	1.030653465608496605e-01	3.034674520979450119e-01	1.928079501369071025e-01	9.009863355334513102e-02	4.162234023963437557e-02	1.020704260072673453e-01
3.338061447422145420e+02	1.662494879044039975e-01	1.026178323356488759e-01	3.038855071380672235e-01	1.930581676330397622e-01	9.023591305684453001e-02	4.171992887602463118e-02	1.022331630551597259e-01
3.483194553831804114e+02	1.656423997268265391e-01	1.021785147175357650e-01	3.042961429927904526e-01	1.933044351021447060e-01	9.037040333100906930e-02	4.181571685422096063e-02	1.023923872746612534e-01
3.628327660241463377e+02	1.650463849701807317e-01	1.017472428211355640e-01	3.046994883723477265e-01	1.935467277551805865e-01	9.050215871469743933e-02	4.190973721963530546e-02	1.025482601460114412e-01
3.773460766651120935e+02	1.644612448406803651e-01	1.013238685358524155e-01	3.050956677768731917e-01	1.937850395232980361e-01	9.063123276087169111e-02	4.200202240987309377e-02	1.027009241517399668e-01
3.918593873060780197e+02	1.638867836942634604e-01	1.009082464736454493e-01	3.054848027789666687e-01	1.940193789487759946e-01	9.075767819818519877e-02	4.209260426590911292e-02	1.028505056394428685e-01
4.063726979470438323e+02	1.633228090604628147e-01	1.005002339191141125e-01	3.058670127838892250e-01	1.942497660113219060e-01	9.088154690367597488e-02	4.218151404305649221e-02	1.029971172776682625e-01
4.208860085880095880e+02	1.627691316509973229e-01	1.000996907812176095e-01	3.062424154595019821e-01	1.944762296535163248e-01	9.100288988420514313e-02	4.226878242173558176e-02	1.031408601480148651e-01
4.353993192289755143e+02	1.622255653562426070e-01	9.970647954620760756e-02	3.066111269610078405e-01	1.946988058349375383e-01	9.112175726481674953e-02	4.235443951804802876e-02	1.032818255179285133e-01
4.499126298699413837e+02	1.616919272320745671e-01	9.932046523151819017e-02	3.069732620313398441e-01	1.949175359905754301e-01	9.123819828259648046e-02	4.243851489416001349e-02	1.034200963369243664e-01
4.644259405109071963e+02	1.611680374790684100e-01	9.894151534046076446e-02	3.073289340289741545e-01	1.951324658017124236e-01	9.135226128490954445e-02	4.252103756849830163e-02	1.035557484955652585e-01
4.789392511518730657e+02	1.606537194156401893e-01	9.856949981763797608e-02	3.076782549159154390e-01	1.953436442106865345e-01	9.146399373113031639e-02	4.260203602576234649e-02	1.036888518824160277e-01
4.934525617928388783e+02	1.601487994464069753e-01	9.820429100503072495e-02	3.080213352262115012e-01	1.955511226277105441e-01	9.157344219715471412e-02	4.268153822675524456e-02	1.038194712699191530e-01
5.079658724338048046e+02	1.596531070267972474e-01	9.784576359873664586e-02	3.083582840273375592e-01	1.957549542901380613e-01	9.168065238212654011e-02	4.275957161803656259e-02	1.039476670560162547e-01
5.224791830747705035e+02	1.591664746247469786e-01	9.749379460635247685e-02	3.086892088816540758e-01	1.959551937435800861e-01	9.178566911691865560e-02	4.283616314139977732e-02	1.040734958845368346e-01
5.369924937157364866e+02	1.586887376801612293e-01	9.714826330499959361e-02	3.090142158118895921e-01	1.961518964209999494e-01	9.188853637399735375e-02	4.291133924317706849e-02	1.041970111639640151e-01
5.515058043567023560e+02	1.582197345626947249e-01	9.680905119999590192e-02	3.093334092725760209e-01	1.963451183009930490e-01	9.198929727836800685e-02	4.298512588337431717e-02	1.043182635011867948e-01
5.660191149976681118e+02	1.577593065283024454e-01	9.647604198417771004e-02	3.096468921281334552e-01	1.965349156303355660e-01	9.208799411935601753e-02	4.305754854463903630e-02	1.044373010642445782e-01
5.805324256386339812e+02	1.573072976749288476e-01	9.614912149787518958e-02	3.099547656375838955e-01	1.967213446988795855e-01	9.218466836302288692e-02	4.312863224106399523e-02	1.045541698858343665e-01
5.950457362795999643e+02	1.568635548976361205e-01	9.582817768954342286e-02	3.102571294454746220e-01	1.969044616572059869e-01	9.227936066505341983e-02	4.319840152682928591e-02	1.046689141174459020e-01
6.095590469205657200e+02	1.564279278434166642e-01	9.551310057705024448e-02	3.105540815783968123e-01	1.970843223692832213e-01	9.237211088398075698e-02	4.326688050468562724e-02	1.047815762423754543e-01
6.240723575615315895e+02	1.560002688658893855e-01	9.520378220961978055e-02	3.108457184464140100e-01	1.972609822938362345e-01	9.246295809463973836e-02	4.333409283428159980e-02	1.048921972545081432e-01
6.385856682024975726e+02	1.555804329800424268e-01	9.490011663042977053e-02	3.111321348487115501e-01	1.974344963892946114e-01	9.255194060175973847e-02	4.340006174033753106e-02	1.050008168086133120e-01
6.530989788434633283e+02	1.551682778171538934e-01	9.460199983985889682e-02	3.114134239828196260e-01	1.976049190381242437e-01	9.263909595362442018e-02	4.346481002066878568e-02	1.051074733469390676e-01
6.676122894844290840e+02	1.547636635799971017e-01	9.430932975937957041e-02	3.116896774568198580e-01	1.977723039871030208e-01	9.272446095573917690e-02	4.352836005406104936e-02	1.052122042060891910e-01
6.821256001253949535e+02	1.543664529984158928e-01	9.402200619609010768e-02	3.119609853040120617e-01	1.979367043007162208e-01	9.280807168445856514e-02	4.359073380800028430e-02	1.053150457074958496e-01
6.966389107663608229e+02	1.539765112853386242e-01	9.373993080788002585e-02	3.122274359995860782e-01	1.980981723253467663e-01	9.288996350053482787e-02	4.365195284626000038e-02	1.054160332342426315e-01
7.111522214073266923e+02	1.535937060932852094e-01	9.346300706922074097e-02	3.124891164789054265e-01	1.982567596623453221e-01	9.297017106255654750e-02	4.371203833634836056e-02	1.055152012965273889e-01
7.256655320482924481e+02	1.532179074714095923e-01	9.319114023757388288e-02	3.127461121570683233e-01	1.984125171484007466e-01	9.304872834025235129e-02	4.377101105681772270e-02	1.056125835876664254e-01
7.401788426892584312e+02	1.528489878231112098e-01	9.292423732040894224e-02	3.129985069494629069e-01	1.985654948419068033e-01	9.312566862763993480e-02	4.382889140443903958e-02	1.057082130322201385e-01
7.546921533302243006e+02	1.524868218642404238e-01	9.266220704282118747e-02	3.132463832930785785e-01	1.987157420142482978e-01	9.320102455600497160e-02	4.388569940124366353e-02	1.058021218275519149e-01
7.692054639711900563e+02	1.521312865819162141e-01	9.240495981574115003e-02	3.134898221683733999e-01	1.988633071451160750e-01	9.327482810669772417e-02	4.394145470143494270e-02	1.058943414799095317e-01
7.837187746121558121e+02	1.517822611939701194e-01	9.215240770472624132e-02	3.137289031215331203e-01	1.990082379211152441e-01	9.334711062373826640e-02	4.399617659817202375e-02	1.059849028359340223e-01
7.982320852531219089e+02	1.514396271090246715e-01	9.190446439932528633e-02	3.139637042869822814e-01	1.991505812370583939e-01	9.341790282622348951e-02	4.404988403022814386e-02	1.060738361103468197e-01
8.127453958940876646e+02	1.511032678872122337e-01	9.166104518300639825e-02	3.141943024100344872e-01	1.992903831994400909e-01	9.348723482053103440e-02	4.410259558852583361e-02	1.061611709104390566e-01
8.272587065350534203e+02	1.507730692015358531e-01	9.142206690363897936e-02	3.144207728695883608e-01	1.994276891316769662e-01	9.355513611231684734e-02	4.415432952255118199e-02	1.062469362578809529e-01
8.417720171760191761e+02	1.504489187998728772e-01	9.118744794452003644e-02	3.146431897007913592e-01	1.995625435807695525e-01	9.362163561830461056e-02	4.420510374664947395e-02	1.063311606082813221e-01
8.562853278169851592e+02	1.501307064676182801e-01	9.095710819593577634e-02	3.148616256176092199e-01	1.996949903251010461e-01	9.368676167786577080e-02	4.425493584620435183e-02	1.064138718688548008e-01
8.707986384579510286e+02	1.498183239909654241e-01	9.073096902724875346e-02	3.150761520352500233e-01	1.998250723831384301e-01	9.375054206439056848e-02	4.430384308370271390e-02	1.064950974144933532e-01
8.853119490989170117e+02	1.495116651208177605e-01	9.050895325950152059e-02	3.152868390924014608e-01	1.999528320228416700e-01	9.381300399645051136e-02	4.435184240468734163e-02	1.065748641024890364e-01
8.998252597398827675e+02	1.492106255373268076e-01	9.029098513852736041e-02	3.154937556732478887e-01	2.000783107716211651e-01	9.387417414875361132e-02	4.439895044359946225e-02	1.066531982861129296e-01
9.143385703808486369e+02	1.489151028150490774e-01	9.007699030855922939e-02	3.156969694292415252e-01	2.002015494267110618e-01	9.393407866289420205e-02	4.444518352951321721e-02	1.067301258272208980e-01
9.288518810218145063e+02	1.486249963887144310e-01	8.986689578632772735e-02	3.158965468006060817e-01	2.003225880658495162e-01	9.399274315789934997e-02	4.449055769176405578e-02	1.068056721080280630e-01
9.433651916627801484e+02	1.483402075195982550e-01	8.966062993563919670e-02	3.160925530375577330e-01	2.004414660581767538e-01	9.405019274057420386e-02	4.453508866547300354e-02	1.068798620421701207e-01
9.578785023037459041e+02	1.480606392624888024e-01	8.945812244242536126e-02	3.162850522212306559e-01	2.005582220752766820e-01	9.410645201564915574e-02	4.457879189696874883e-02	1.069527200851499021e-01
9.723918129447120009e+02	1.477861964332414513e-01	8.925930429025578927e-02	3.164741072842975345e-01	2.006728941023025736e-01	9.416154509573125553e-02	4.462168254910946208e-02	1.070242702442512489e-01
9.869051235856777566e+02	1.475167855769110026e-01	8.906410773630470123e-02	3.166597800312794808e-01	2.007855194491361683e-01	9.421549561106315474e-02	4.466377550650615230e-02	1.070945360879886760e-01
1.001418434226643626e+03	1.472523149364524941e-01	8.887246628776362956e-02	3.168421311585404299e-01	2.008961347615411674e-01	9.426832671909241013e-02	4.470508538064942722e-02	1.071635407551498193e-01
1.015931744867609382e+03	1.469926944219823450e-01	8.868431467869204721e-02	3.170212202739635665e-01	2.010047760322768440e-01	9.432006111385435321e-02	4.474562651494146115e-02	1.072313069634787258e-01
1.030445055508575479e+03	1.467378355805903645e-01	8.849958884729759723e-02	3.171971059163085638e-01	2.011114786121464271e-01	9.437072103517159249e-02	4.478541298963486378e-02	1.072978570180398716e-01
1.044958366149541234e+03	1.464876515666931334e-01	8.831822591363799879e-02	3.173698455742499092e-01	2.012162772209578898e-01	9.442032827767352088e-02	4.482445862668026082e-02	1.073632128192965884e-01
1.059471676790506763e+03	1.462420571129204316e-01	8.814016415773705260e-02	3.175394957050968192e-01	2.013192059583799876e-01	9.446890419963879792e-02	4.486277699448418255e-02	1.074273958709320437e-01
1.073984987431472746e+03	1.460009685015250247e-01	8.796534299810677970e-02	3.177061117531973511e-01	2.014202983146803627e-01	9.451646973166415167e-02	4.490038141257905735e-02	1.074904272874365879e-01
1.088498298072438729e+03	1.457643035363072048e-01	8.779370297066847739e-02	3.178697481680282655e-01	2.015195871813343087e-01	9.456304538516265012e-02	4.493728495620678831e-02	1.075523278014816758e-01
1.103011608713404712e+03	1.455319815150451224e-01	8.762518570806490659e-02	3.180304584219742492e-01	2.016171048614956440e-01	9.460865126069460673e-02	4.497350046081760588e-02	1.076131177710971665e-01
1.117524919354370468e+03	1.453039232024220528e-01	8.745973391935679686e-02	3.181882950277994393e-01	2.017128830803242845e-01	9.465330705613422824e-02	4.500904052648577180e-02	1.076728171866666861e-01
1.132038229995336451e+03	1.450800508034418290e-01	8.729729137009617501e-02	3.183433095558149684e-01	2.018069529951643237e-01	9.469703207467518313e-02	4.504391752224366080e-02	1.077314456777531682e-01
1.146551540636302207e+03	1.448602879373241947e-01	8.713780286276967546e-02	3.184955526507463608e-01	2.018993452055700133e-01	9.473984523267811597e-02	4.507814359033564949e-02	1.077890225197653401e-01
1.161064851277267962e+03	1.446445596118711152e-01	8.698121421760497685e-02	3.186450740483054989e-01	2.019900897631771997e-01	9.478176506736304963e-02	4.511173065039348479e-02	1.078455666404740526e-01
1.175578161918233945e+03	1.444327921982961616e-01	8.682747225373346756e-02	3.187919225914702115e-01	2.020792161814186638e-01	9.482280974434990906e-02	4.514469040353440848e-02	1.079010966263865556e-01
1.190091472559199701e+03	1.442249134065083371e-01	8.667652477070278416e-02	3.189361462464770924e-01	2.021667534450824200e-01	9.486299706504977558e-02	4.517703433638356469e-02	1.079556307289853134e-01
1.204604783200165684e+03	1.440208522608427133e-01	8.652832053033240878e-02	3.190777921185311561e-01	2.022527300197133615e-01	9.490234447391006356e-02	4.520877372502208474e-02	1.080091868708374647e-01
1.219118093841131440e+03	1.438205390762293534e-01	8.638280923890616358e-02	3.192169064672368273e-01	2.023371738608582271e-01	9.494086906551622851e-02	4.523991963886217493e-02	1.080617826515803265e-01
1.233631404482097196e+03	1.436239054347930588e-01	8.623994152969517712e-02	3.193535347217551501e-01	2.024201124231549687e-01	9.497858759155303199e-02	4.527048294445062959e-02	1.081134353537872850e-01
1.248144715123063179e+03	1.434308841628763320e-01	8.609966894580541041e-02	3.194877214956915457e-01	2.025015726692674378e-01	9.501551646762788905e-02	4.530047430920208090e-02	1.081641619487185707e-01
1.262658025764028707e+03	1.432414093084774798e-01	8.596194392334348400e-02	3.196195106017183929e-01	2.025815810786669446e-01	9.505167177995918482e-02	4.532990420506323448e-02	1.082139791019605529e-01
1.277171336404994690e+03	1.430554161190968065e-01	8.582671977489486626e-02	3.197489450659369847e-01	2.026601636562622988e-01	9.508706929193205815e-02	4.535878291210943686e-02	1.082629031789568291e-01
1.291684647045960673e+03	1.428728410199834598e-01	8.569395067330883020e-02	3.198760671419835777e-01	2.027373459408798317e-01	9.512172445052437253e-02	4.538712052207479614e-02	1.083109502504344540e-01
1.306197957686926657e+03	1.426936215927757379e-01	8.556359163578430849e-02	3.200009183248833100e-01	2.028131530135955929e-01	9.515565239260534436e-02	4.541492694181708395e-02	1.083581360977278890e-01
1.320711268327892412e+03	1.425176965545277563e-01	8.543559850825102608e-02	3.201235393646570948e-01	2.028876095059217455e-01	9.518886795110943766e-02	4.544221189671866085e-02	1.084044762180035454e-01
1.335224578968857941e+03	1.423450057371153377e-01	8.530992795004059548e-02	3.202439702796848753e-01	2.029607396078488557e-01	9.522138566108785673e-02	4.546898493402454916e-02	1.084499858293871410e-01
1.349737889609823924e+03	1.421754900670147703e-01	8.518653741884188446e-02	3.203622503698307367e-01	2.030325670757465173e-01	9.525321976564010695e-02	4.549525542611888851e-02	1.084946798759963138e-01
1.364251200250789907e+03	1.420090915454472469e-01	8.506538515593572991e-02	3.204784182293322070e-01	2.031031152401244488e-01	9.528438422172803846e-02	4.552103257374088413e-02	1.085385730328806281e-01
1.378764510891755890e+03	1.418457532288824596e-01	8.494643017170347421e-02	3.205925117594601303e-01	2.031724070132561177e-01	9.531489270587467644e-02	4.554632540914133748e-02	1.085816797108709736e-01
1.393277821532721646e+03	1.416854192098952747e-01	8.482963223140441156e-02	3.207045681809509996e-01	2.032404648966673055e-01	9.534475861974993360e-02	4.557114279918092481e-02	1.086240140613402572e-01
1.407791132173687402e+03	1.415280345983685462e-01	8.471495184121717592e-02	3.208146240462175780e-01	2.033073109884914464e-01	9.537399509564577216e-02	4.559549344837124374e-02	1.086655899808773029e-01
1.422304442814653157e+03	1.413735455030361854e-01	8.460235023453993586e-02	3.209227152513404180e-01	2.033729669906943205e-01	9.540261500184267496e-02	4.561938590185973114e-02	1.087064211158758203e-01
1.436817753455619140e+03	1.412218990133604080e-01	8.449178935854481654e-02	3.210288770478446074e-01	2.034374542161701827e-01	9.543063094786977119e-02	4.564282854835945841e-02	1.087465208670398836e-01
1.451331064096585123e+03	1.410730431817367181e-01	8.438323186098174722e-02	3.211331440542657956e-01	2.035007935957114100e-01	9.545805528966076758e-02	4.566582962302487975e-02	1.087859023938078235e-01
1.465844374737550879e+03	1.409269270060212742e-01	8.427664107722705744e-02	3.212355502675091623e-01	2.035630056848538039e-01	9.548490013460739223e-02	4.568839721027444234e-02	1.088245786186960301e-01
1.480357685378516862e+03	1.407835004123742240e-01	8.417198101757226991e-02	3.213361290740047171e-01	2.036241106705999337e-01	9.551117734651284885e-02	4.571053924656113404e-02	1.088625622315640695e-01
1.494870996019482618e+03	1.406427142384137630e-01	8.406921635474869092e-02	3.214349132606627024e-01	2.036841283780222445e-01	9.553689855044696089e-02	4.573226352309189835e-02	1.088998656938029302e-01
1.509384306660448374e+03	1.405045202166752827e-01	8.396831241168331572e-02	3.215319350256328201e-01	2.037430782767485071e-01	9.556207513750496207e-02	4.575357768849683260e-02	1.089365012424475115e-01
1.523897617301414357e+03	1.403688709583695848e-01	8.386923514948181613e-02	3.216272259888705021e-01	2.038009794873311686e-01	9.558671826947197359e-02	4.577448925144916164e-02	1.089724808942149487e-01
1.538410927942380113e+03	1.402357199374354713e-01	8.377195115563440542e-02	3.217208172025142754e-01	2.038578507875030699e-01	9.561083888339498571e-02	4.579500558323682663e-02	1.090078164494701213e-01
1.552924238583346096e+03	1.401050214748809641e-01	8.367642763244038939e-02	3.218127391610763333e-01	2.039137106183210035e-01	9.563444769606405105e-02	4.581513392028667420e-02	1.090425194961196914e-01
1.567437549224311852e+03	1.399767307234079661e-01	8.358263238564725417e-02	3.219030218114512509e-01	2.039685770901999151e-01	9.565755520840465986e-02	4.583488136664203016e-02	1.090766014134360029e-01
1.581950859865277607e+03	1.398508036523153086e-01	8.349053381330054369e-02	3.219916945627449567e-01	2.040224679888386072e-01	9.568017170978297681e-02	4.585425489639458757e-02	1.091100733758121472e-01
1.596464170506243590e+03	1.397271970326753321e-01	8.340010089480033584e-02	3.220787862959273440e-01	2.040754007810398618e-01	9.570230728222556271e-02	4.587326135607142780e-02	1.091429463564492774e-01
1.610977481147209119e+03	1.396058684227786395e-01	8.331130318016068126e-02	3.221643253733122436e-01	2.041273926204263400e-01	9.572397180455555210e-02	4.589190746697797973e-02	1.091752311309776846e-01
1.625490791788175102e+03	1.394867761538426121e-01	8.322411077946809121e-02	3.222483396478673101e-01	2.041784603530540088e-01	9.574517495644660481e-02	4.591019982749782596e-02	1.092069382810126610e-01
1.640004102429141085e+03	1.393698793159787452e-01	8.313849435253548026e-02	3.223308564723565972e-01	2.042286205229253693e-01	9.576592622239646357e-02	4.592814491535002208e-02	1.092380781976464155e-01
1.654517413070107068e+03	1.392551377444138927e-01	8.305442509874781665e-02	3.224119027083199307e-01	2.042778893774037929e-01	9.578623489562175519e-02	4.594574908980484512e-02	1.092686610848770112e-01
1.669030723711072824e+03	1.391425120059613108e-01	8.297187474709606658e-02	3.224915047348909103e-01	2.043262828725310454e-01	9.580611008187531197e-02	4.596301859385860944e-02	1.092986969629757693e-01
1.683544034352038352e+03	1.390319633857365900e-01	8.289081554639576854e-02	3.225696884574565937e-01	2.043738166782495536e-01	9.582556070318795638e-02	4.597995955636845905e-02	1.093281956717940956e-01
1.698057344993004335e+03	1.389234538741142277e-01	8.281122025568692091e-02	3.226464793161622491e-01	2.044205061835313586e-01	9.584459550153581753e-02	4.599657799414774012e-02	1.093571668740107306e-01
1.712570655633970318e+03	1.388169461539204563e-01	8.273306213481181060e-02	3.227219022942635074e-01	2.044663665014148923e-01	9.586322304243495573e-02	4.601287981402274463e-02	1.093856200583206290e-01
1.727083966274936301e+03	1.387124035878581352e-01	8.265631493516734096e-02	3.227959819263288010e-01	2.045114124739519368e-01	9.588145171846471082e-02	4.602887081485157461e-02	1.094135645425664827e-01
1.741597276915902057e+03	1.386097902061592113e-01	8.258095289062883371e-02	3.228687423062944761e-01	2.045556586770657659e-01	9.589928975272092593e-02	4.604455668950573760e-02	1.094410094768139413e-01
1.756110587556867813e+03	1.385090706944612504e-01	8.250695070864194625e-02	3.229402070953759085e-01	2.045991194253222734e-01	9.591674520220082323e-02	4.605994302681523656e-02	1.094679638463715021e-01
1.770623898197833569e+03	1.384102103819030150e-01	8.243428356147962377e-02	3.230103995298359565e-01	2.046418087766159188e-01	9.593382596112050298e-02	4.607503531347782039e-02	1.094944364747561100e-01
1.785137208838799552e+03	1.383131752294364247e-01	8.236292707766100507e-02	3.230793424286150795e-01	2.046837405367713802e-01	9.595053976416668962e-02	4.608983893593301268e-02	1.095204360266053695e-01
1.799650519479765535e+03	1.382179318183495986e-01	8.229285733352939558e-02	3.231470582008239001e-01	2.047249282640631329e-01	9.596689418968387675e-02	4.610435918220163326e-02	1.095459710105374379e-01
1.814163830120731291e+03	1.381244473389983130e-01	8.222405084498617123e-02	3.232135688531016515e-01	2.047653852736537883e-01	9.598289666279821719e-02	4.611860124369140251e-02	1.095710497819594315e-01
1.828677140761696819e+03	1.380326895797414632e-01	8.215648455937783756e-02	3.232788959968426745e-01	2.048051246419531068e-01	9.599855445847929603e-02	4.613257021696928056e-02	1.095956805458253996e-01
1.843190451402663257e+03	1.379426269160768936e-01	8.209013584753335757e-02	3.233430608552930186e-01	2.048441592108989073e-01	9.601387470454122997e-02	4.614627110550111044e-02	1.096198713593445895e-01
1.857703762043628785e+03	1.378542282999743462e-01	8.202498249594887547e-02	3.234060842705200889e-01	2.048825015921613424e-01	9.602886438458403673e-02	4.615970882135930764e-02	1.096436301346410680e-01
1.872217072684594768e+03	1.377674632494014784e-01	8.196100269911738012e-02	3.234679867102573381e-01	2.049201641712716515e-01	9.604353034087668994e-02	4.617288818689897073e-02	1.096669646413655497e-01
1.886730383325560297e+03	1.376823018380398667e-01	8.189817505200019943e-02	3.235287882746256116e-01	2.049571591116772507e-01	9.605787927718283103e-02	4.618581393640319721e-02	1.096898825092601226e-01
1.901243693966526507e+03	1.375987146851872789e-01	8.183647854263804977e-02	3.235885087027345342e-01	2.049934983587238801e-01	9.607191776153037321e-02	4.619849071769802779e-02	1.097123912306769561e-01
1.915757004607492036e+03	1.375166729458428549e-01	8.177589254489889270e-02	3.236471673791652126e-01	2.050291936435665874e-01	9.608565222892616331e-02	4.621092309373772689e-02	1.097344981630516969e-01
1.930270315248458019e+03	1.374361483009723106e-01	8.171639681135997590e-02	3.237047833403365882e-01	2.050642564870106543e-01	9.609908898401658961e-02	4.622311554416076024e-02	1.097562105313323044e-01
1.944783625889424002e+03	1.373571129479493058e-01	8.165797146632179648e-02	3.237613752807577128e-01	2.050986982032835804e-01	9.611223420369539860e-02	4.623507246681722582e-02	1.097775354303642398e-01
1.959296936530389530e+03	1.372795395911700078e-01	8.160059699895134966e-02	3.238169615591677819e-01	2.051325299037396188e-01	9.612509393965969207e-02	4.624679817926807129e-02	1.097984798272327589e-01
1.973810247171355968e+03	1.372034014328381568e-01	8.154425425655227599e-02	3.238715602045660891e-01	2.051657625004978391e-01	9.613767412091513143e-02	4.625829692025674317e-02	1.098190505635630865e-01
1.988323557812321269e+03	1.371286721639167205e-01	8.148892443795965890e-02	3.239251889221336778e-01	2.051984067100150466e-01	9.614998055623134865e-02	4.626957285115372576e-02	1.098392543577791786e-01
2.002836868453287707e+03	1.370553259552439174e-01	8.143458908705702992e-02	3.239778650990486897e-01	2.052304730565947533e-01	9.616201893654857669e-02	4.628063005737451108e-02	1.098590978073218649e-01
2.017350179094252780e+03	1.369833374488101385e-01	8.138123008641348632e-02	3.240296058101977961e-01	2.052619718758330325e-01	9.617379483733644319e-02	4.629147254977140219e-02	1.098785873908271205e-01
2.031863489735218764e+03	1.369126817491930215e-01	8.132882965103838124e-02	3.240804278237843228e-01	2.052929133180029786e-01	9.618531372090584342e-02	4.630210426599978835e-02	1.098977294702650764e-01
2.046376800376184747e+03	1.368433344151477882e-01	8.127737032225185176e-02	3.241303476068368994e-01	2.053233073513781315e-01	9.619658093867498871e-02	4.631252907185919032e-02	1.099165302930406041e-01
2.060890111017150957e+03	1.367752714513502110e-01	8.122683496166853423e-02	3.241793813306180772e-01	2.053531637654966713e-01	9.620760173339017174e-02	4.632275076260964491e-02	1.099349959940561366e-01
2.075403421658116713e+03	1.367084693002890428e-01	8.117720674529275982e-02	3.242275448759368572e-01	2.053824921743669374e-01	9.621838124130263625e-02	4.633277306426386577e-02	1.099531325977373547e-01
2.089916732299082469e+03	1.366429048343057173e-01	8.112846915772306544e-02	3.242748538383650736e-01	2.054113020196155770e-01	9.622892449430202333e-02	4.634259963485565237e-02	1.099709460200223310e-01
2.104430042940048224e+03	1.365785553477782410e-01	8.108060598646378569e-02	3.243213235333607947e-01	2.054396025735791831e-01	9.623923642200740702e-02	4.635223406568490800e-02	1.099884420703150789e-01
2.118943353581013525e+03	1.365153985494468314e-01	8.103360131634194941e-02	3.243669690012996876e-01	2.054674029423406711e-01	9.624932185381679384e-02	4.636167988253978023e-02	1.100056264534037820e-01
2.133456664221980191e+03	1.364534125548787225e-01	8.098743952402756574e-02	3.244118050124155661e-01	2.054947120687110051e-01	9.625918552091579372e-02	4.637094054689629152e-02	1.100225047713446064e-01
2.147969974862945492e+03	1.363925758790697496e-01	8.094210527265519040e-02	3.244558460716529535e-01	2.055215387351577716e-01	9.626883205824644796e-02	4.638001945709593205e-02	1.100390825253115823e-01
2.162483285503912157e+03	1.363328674291799103e-01	8.089758350654503716e-02	3.244991064234321043e-01	2.055478915666810458e-01	9.627826600643679678e-02	4.638891994950158221e-02	1.100553651174131786e-01
2.176996596144877003e+03	1.362742664974008755e-01	8.085385944602162256e-02	3.245416000563288716e-01	2.055737790336377435e-01	9.628749181369213039e-02	4.639764529963213979e-02	1.100713578524762648e-01
2.191509906785843214e+03	1.362167527539527301e-01	8.081091858232844483e-02	3.245833407076701982e-01	2.055992094545154858e-01	9.629651383764858963e-02	4.640619872327629569e-02	1.100870659397979179e-01
2.206023217426809424e+03	1.361603062402078346e-01	8.076874667263660157e-02	3.246243418680472281e-01	2.056241909986565863e-01	9.630533634718987934e-02	4.641458337758585379e-02	1.101024944948656992e-01
2.220536528067775180e+03	1.361049073619393646e-01	8.072732973514568089e-02	3.246646167857475951e-01	2.056487316889332173e-01	9.631396352422783025e-02	4.642280236214890027e-02	1.101176485410470113e-01
2.235049838708740936e+03	1.360505368826923633e-01	8.068665404427539933e-02	3.247041784711081625e-01	2.056728394043747798e-01	9.632239946544764175e-02	4.643085872004325959e-02	1.101325330112480211e-01
2.249563149349706237e+03	1.359971759172749484e-01	8.064670612594597443e-02	3.247430397007893266e-01	2.056965218827479236e-01	9.633064818401815277e-02	4.643875543887057006e-02	1.101471527495427594e-01
2.264076459990672902e+03	1.359448059253677288e-01	8.060747275294594116e-02	3.247812130219727700e-01	2.057197867230906585e-01	9.633871361126836175e-02	4.644649545177137462e-02	1.101615125127728967e-01
2.278589770631638203e+03	1.358934087052491302e-01	8.056894094038555276e-02	3.248187107564838305e-01	2.057426413882005867e-01	9.634659959833037635e-02	4.645408163842150440e-02	1.101756169721186951e-01
2.293103081272604413e+03	1.358429663876344340e-01	8.053109794123421150e-02	3.248555450048403737e-01	2.057650932070789751e-01	9.635430991774973641e-02	4.646151682601018518e-02	1.101894707146417601e-01
2.307616391913570169e+03	1.357934614296268938e-01	8.049393124194041682e-02	3.248917276502278906e-01	2.057871493773307248e-01	9.636184826506367929e-02	4.646880379020012358e-02	1.102030782447999402e-01
2.322129702554535925e+03	1.357448766087782643e-01	8.045742855813274585e-02	3.249272703624042635e-01	2.058088169675214296e-01	9.636921826034795802e-02	4.647594525607000315e-02	1.102164439859350392e-01
2.336643013195502135e+03	1.356971950172572716e-01	8.042157783040027041e-02	3.249621846015337545e-01	2.058301029194921916e-01	9.637642344973292030e-02	4.648294389903960544e-02	1.102295722817336759e-01
2.351156323836467891e+03	1.356504000561240264e-01	8.038636722015091163e-02	3.249964816219528263e-01	2.058510140506327468e-01	9.638346730688926445e-02	4.648980234577793080e-02	1.102424673976619834e-01
2.365669634477433647e+03	1.356044754297080490e-01	8.035178510554641385e-02	3.250301724758677402e-01	2.058715570561141239e-01	9.639035323448440218e-02	4.649652317509467975e-02	1.102551335223743018e-01
2.380182945118399402e+03	1.355594051400886013e-01	8.031782007751250840e-02	3.250632680169858180e-01	2.058917385110810849e-01	9.639708456560966421e-02	4.650310891881531683e-02	1.102675747690966823e-01
2.394696255759364703e+03	1.355151734816750497e-01	8.028446093582265741e-02	3.250957789040820889e-01	2.059115648728052916e-01	9.640366456517912574e-02	4.650956206264005716e-02	1.102797951769854123e-01
2.409209566400331823e+03	1.354717650358855940e-01	8.025169668525430899e-02	3.251277156045012107e-01	2.059310424827998920e-01	9.641009643130060702e-02	4.651588504698706689e-02	1.102917987124610311e-01
2.423722877041296670e+03	1.354291646659226134e-01	8.021951653181615127e-02	3.251590883975968849e-01	2.059501775688961089e-01	9.641638329661925133e-02	4.652208026782020389e-02	1.103035892705185039e-01
2.438236187682262880e+03	1.353873575116428807e-01	8.018790987904499123e-02	3.251899073781095995e-01	2.059689762472826369e-01	9.642252822963448544e-02	4.652815007746152060e-02	1.103151706760135964e-01
2.452749498323228636e+03	1.353463289845207584e-01	8.015686632437123149e-02	3.252201824594833091e-01	2.059874445245086783e-01	9.642853423599059837e-02	4.653409678538886207e-02	1.103265466849263216e-01
2.467262808964194392e+03	1.353060647627030433e-01	8.012637565555126573e-02	3.252499233771229403e-01	2.060055882994506482e-01	9.643440425974171559e-02	4.653992265901879533e-02	1.103377209856014202e-01
2.481776119605160602e+03	1.352665507861533500e-01	8.009642784716600183e-02	3.252791396915931665e-01	2.060234133652439348e-01	9.644014118459144635e-02	4.654562992447519587e-02	1.103486971999667055e-01
2.496289430246126358e+03	1.352277732518848141e-01	8.006701305718397221e-02	3.253078407917601167e-01	2.060409254111798816e-01	9.644574783510795335e-02	4.655122076734367897e-02	1.103594788847293284e-01
2.510802740887092114e+03	1.351897186092792802e-01	8.003812162358792115e-02	3.253360358978762967e-01	2.060581300245688252e-01	9.645122697791468080e-02	4.655669733341222249e-02	1.103700695325505743e-01
2.525316051528057415e+03	1.351523735554914230e-01	8.000974406106370340e-02	3.253637340646099441e-01	2.060750326925696596e-01	9.645658132285739317e-02	4.656206172939814092e-02	1.103804725731995506e-01
2.539829362169024080e+03	1.351157250309364954e-01	7.998187105775038386e-02	3.253909441840205918e-01	2.060916388039865654e-01	9.646181352414799626e-02	4.656731602366175754e-02	1.103906913746860313e-01
2.554342672809989381e+03	1.350797602148597620e-01	7.995449347205031698e-02	3.254176749884808428e-01	2.061079536510335986e-01	9.646692618148546006e-02	4.657246224690696212e-02	1.104007292443728860e-01
2.568855983450955591e+03	1.350444665209865058e-01	7.992760232949816523e-02	3.254439350535455189e-01	2.061239824310676927e-01	9.647192184115445379e-02	4.657750239286889693e-02	1.104105894300686230e-01
2.583369294091921347e+03	1.350098315932511672e-01	7.990118881968770459e-02	3.254697328007695734e-01	2.061397302482902982e-01	9.647680299710199858e-02	4.658243841898901394e-02	1.104202751211001005e-01
2.597882604732887103e+03	1.349758433016038095e-01	7.987524429325543185e-02	3.254950765004752666e-01	2.061552021154188508e-01	9.648157209199272055e-02	4.658727224707778086e-02	1.104297894493660170e-01
2.612395915373853313e+03	1.349424897378928012e-01	7.984976025891980800e-02	3.255199742744696589e-01	2.061704029553279027e-01	9.648623151824303745e-02	4.659200576396522325e-02	1.104391354903714040e-01
2.626909226014819069e+03	1.349097592118223832e-01	7.982472838057515230e-02	3.255444340987133645e-01	2.061853376026613616e-01	9.649078361903466738e-02	4.659664082213945541e-02	1.104483162642434929e-01
2.641422536655784825e+03	1.348776402469835933e-01	7.980014047443924341e-02	3.255684638059411218e-01	2.062000108054150849e-01	9.649523068930791758e-02	4.660117924037358167e-02	1.104573347367293484e-01
2.655935847296750580e+03	1.348461215769571897e-01	7.977598850625365612e-02	3.255920710882356794e-01	2.062144272264916089e-01	9.649957497673523898e-02	4.660562280434108612e-02	1.104661938201754456e-01
2.670449157937716336e+03	1.348151921414875443e-01	7.975226458853555689e-02	3.256152634995551076e-01	2.062285914452269830e-01	9.650381868267521313e-02	4.660997326721987716e-02	1.104748963744896506e-01
2.684962468578682547e+03	1.347848410827258703e-01	7.972896097788038927e-02	3.256380484582150348e-01	2.062425079588898202e-01	9.650796396310762360e-02	4.661423235028529927e-02	1.104834452080858814e-01
2.699475779219648302e+03	1.347550577415418394e-01	7.970607007231435281e-02	3.256604332493259202e-01	2.062561811841540083e-01	9.651201292954976474e-02	4.661840174349224375e-02	1.104918430788117967e-01
2.713989089860614058e+03	1.347258316539020340e-01	7.968358440869563464e-02	3.256824250271868615e-01	2.062696154585445252e-01	9.651596764995452882e-02	4.662248310604663604e-02	1.105000926948597056e-01
2.728502400501579814e+03	1.346971525473143749e-01	7.966149666016368591e-02	3.257040308176363808e-01	2.062828150418575257e-01	9.651983014959049367e-02	4.662647806696634811e-02	1.105081967156611167e-01
2.743015711142545115e+03	1.346690103373370528e-01	7.963979963363561343e-02	3.257252575203606892e-01	2.062957841175550033e-01	9.652360241190448276e-02	4.663038822563190383e-02	1.105161577527652289e-01
2.757529021783511780e+03	1.346413951241507978e-01	7.961848626734854828e-02	3.257461119111608183e-01	2.063085267941344170e-01	9.652728637936688894e-02	4.663421515232707426e-02	1.105239783707014506e-01
2.772042332424477081e+03	1.346142971891936824e-01	7.959754962844770021e-02	3.257666006441790052e-01	2.063210471064734763e-01	9.653088395430008128e-02	4.663796038876953653e-02	1.105316610878265687e-01
2.786555643065443292e+03	1.345877069918568203e-01	7.957698291061858498e-02	3.257867302540847221e-01	2.063333490171513351e-01	9.653439699969028343e-02	4.664162544863180437e-02	1.105392083771565281e-01
2.801068953706408593e+03	1.345616151662402671e-01	7.955677943176313327e-02	3.258065071582218475e-01	2.063454364177455258e-01	9.653782733998325649e-02	4.664521181805265926e-02	1.105466226671833335e-01
2.815582264347374803e+03	1.345360125179677901e-01	7.953693263171859873e-02	3.258259376587173128e-01	2.063573131301060237e-01	9.654117676186406427e-02	4.664872095613913777e-02	1.105539063426771301e-01
2.830095574988341014e+03	1.345108900210595371e-01	7.951743607001858505e-02	3.258450279445513353e-01	2.063689829076061633e-01	9.654444701502117032e-02	4.665215429545935266e-02	1.105610617454739486e-01
2.844608885629306769e+03	1.344862388148616583e-01	7.949828342369530398e-02	3.258637840935907359e-01	2.063804494363714603e-01	9.654763981289539443e-02	4.665551324252631415e-02	1.105680911752491696e-01
2.859122196270272525e+03	1.344620502010315244e-01	7.947946848512243978e-02	3.258822120745862305e-01	2.063917163364859808e-01	9.655075683341388104e-02	4.665879917827282786e-02	1.105749968902771246e-01
2.873635506911238281e+03	1.344383156405779267e-01	7.946098515989771793e-02	3.259003177491330283e-01	2.064027871631773925e-01	9.655379971970923236e-02	4.666201345851771209e-02	1.105817811081770130e-01
2.888148817552204036e+03	1.344150267509549024e-01	7.944282746476462320e-02	3.259181068735965692e-01	2.064136654079805899e-01	9.655677008082445834e-02	4.666515741442349430e-02	1.105884460066453301e-01
