0.000000000000000000e+00	1.765416988887837935e-01	1.082449780027199132e-01	2.990336904788205019e-01	1.903399880503610919e-01	8.708666113826935007e-02	3.847330558539280299e-02	1.002796778547762058e-01
1.451331064096584811e+01	1.757195895593086366e-01	1.077166757042185147e-01	2.994377635327409859e-01	1.905150138499662749e-01	8.732682708016582807e-02	3.875551666235956677e-02	1.005286136103638317e-01
2.902662128193169622e+01	1.749127258918879990e-01	1.071974906485882034e-01	2.998524620169758514e-01	1.906970212263891795e-01	8.756052524825738703e-02	3.902345107785336331e-02	1.007563238891715923e-01
4.353993192289755143e+01	1.741208966329127195e-01	1.066872918092761913e-01	3.002731464811877471e-01	1.908852047205762126e-01	8.778800458106253424e-02	3.927801075761699900e-02	1.009674450164911863e-01
5.805324256386339954e+01	1.733438745989431262e-01	1.061859481889460416e-01	3.006963911294495140e-01	1.910788078433915405e-01	8.800948626546720166e-02	3.952003646584492658e-02	1.011654555070812672e-01
7.256655320482924765e+01	1.725814220717298564e-01	1.056933289158708406e-01	3.011196752576059676e-01	1.912771233246282343e-01	8.822516991022984201e-02	3.975031189818849925e-02	1.013529686208704123e-01
8.707986384579510286e+01	1.718332947975207137e-01	1.052093033510611841e-01	3.015411528908623628e-01	1.914794923684202399e-01	8.843523817337335668e-02	3.996956753850129662e-02	1.015319508793844361e-01
1.015931744867609581e+02	1.710992449449041941e-01	1.047337412000887841e-01	3.019594808160783739e-01	1.916853032334117080e-01	8.863986023489336952e-02	4.017848428247587644e-02	1.017038852872712562e-01
1.161064851277267991e+02	1.703790232857051723e-01	1.042665126253479457e-01	3.023736902184240849e-01	1.918939893706722855e-01	8.883919440707364890e-02	4.037769683454925373e-02	1.018698932573511434e-01
1.306197957686926259e+02	1.696723807964382880e-01	1.038074883558100098e-01	3.027830908773501140e-01	1.921050272889320842e-01	8.903339010066595172e-02	4.056779688657746047e-02	1.020308256933497026e-01
1.451331064096584669e+02	1.689790698277817971e-01	1.033565397922882323e-01	3.031871996737723896e-01	1.923179342696675342e-01	8.922258930990627224e-02	4.074933608809953173e-02	1.021873310376078120e-01
1.596464170506243647e+02	1.682988449521668484e-01	1.029135391069345290e-01	3.035856872491070613e-01	1.925322660197290314e-01	8.940692773805428151e-02	4.092282881875025646e-02	1.023399061143815264e-01
1.741597276915902057e+02	1.676314635716707746e-01	1.024783593361996287e-01	3.039783382166240111e-01	1.927476143234554684e-01	8.958653565431427823e-02	4.108875477370377283e-02	1.024889341231556283e-01
1.886730383325560467e+02	1.669766863475658780e-01	1.020508744668564283e-01	3.043650214904545792e-01	1.929636047372446650e-01	8.976153854997430404e-02	4.124756137305826686e-02	1.026347130339694547e-01
2.031863489735219162e+02	1.663342774973143590e-01	1.016309595149480910e-01	3.047456681674849954e-01	1.931798943556128079e-01	8.993205764441032646e-02	4.139966600589511242e-02	1.027774768134578770e-01
2.176996596144877287e+02	1.657040049931821912e-01	1.012184905977063648e-01	3.051202550469874764e-01	1.933961696675849939e-01	9.009821027876596666e-02	4.154545811943021610e-02	1.029174112954664155e-01
2.322129702554535982e+02	1.650856406879678273e-01	1.008133449986121644e-01	3.054887923579612252e-01	1.936121445148513698e-01	9.026011022553463714e-02	4.168530116326883000e-02	1.030546660509276402e-01
2.467262808964194392e+02	1.644789603868653249e-01	1.004154012258551137e-01	3.058513146264261739e-01	1.938275581577789120e-01	9.041786793511409626e-02	4.181953439831298525e-02	1.031893632687710810e-01
2.612395915373852517e+02	1.638837438796442447e-01	1.000245390645015803e-01	3.062078738854430160e-01	1.940421734515514474e-01	9.057159073506110269e-02	4.194847457937857238e-02	1.033216044035437237e-01
2.757529021783511780e+02	1.632997749437188617e-01	9.964063962271313413e-02	3.065585346326491489e-01	1.942557751320222181e-01	9.072138299378484927e-02	4.207241752007450514e-02	1.034514751541609212e-01
2.902662128193169337e+02	1.627268413259828073e-01	9.926358537237175983e-02	3.069033700909596374e-01	1.944681682090059205e-01	9.086734625744009863e-02	4.219163954799251548e-02	1.035790491953708925e-01
3.047795234602828600e+02	1.621647347092744773e-01	9.889326018447273936e-02	3.072424594407253129e-01	1.946791764634897837e-01	9.100957936655805491e-02	4.230639885776214804e-02	1.037043909768410460e-01
3.192928341012487294e+02	1.616132506678362724e-01	9.852954935964176875e-02	3.075758857757590614e-01	1.948886410444413131e-01	9.114817855729427654e-02	4.241693676904649546e-02	1.038275578251043330e-01
3.338061447422145420e+02	1.610721886150101867e-01	9.817233965412354435e-02	3.079037345984467211e-01	1.950964191604123155e-01	9.128323755093417646e-02	4.252347889609484066e-02	1.039486015241017636e-01
3.483194553831804114e+02	1.605413517455764327e-01	9.782151930157596820e-02	3.082260927160559993e-01	1.953023828608937695e-01	9.141484763437346395e-02	4.262623623503079828e-02	1.040675695056171024e-01
3.628327660241463377e+02	1.600205469745181186e-01	9.747697803098892555e-02	3.085430474353711983e-01	1.955064179022971416e-01	9.154309773360096159e-02	4.272540617463970597e-02	1.041845057477075315e-01
3.773460766651120935e+02	1.595095848735300359e-01	9.713860708102972641e-02	3.088546859789211285e-01	1.957084226934746596e-01	9.166807448169764228e-02	4.282117343602750981e-02	1.042994514544427903e-01
3.918593873060780197e+02	1.590082796062429749e-01	9.680629921110051050e-02	3.091610950655852008e-01	1.959083073158101873e-01	9.178986228248181556e-02	4.291371094615539089e-02	1.044124455717474198e-01
4.063726979470438323e+02	1.585164488628763024e-01	9.647994870937497136e-02	3.094623606129272564e-01	1.961059926130822861e-01	9.190854337064502388e-02	4.300318064990898276e-02	1.045235251803087184e-01
4.208860085880095880e+02	1.580339137948402473e-01	9.615945139806579556e-02	3.097585675294827201e-01	1.963014093465076382e-01	9.202419786901004650e-02	4.308973426503743404e-02	1.046327257961796597e-01
4.353993192289755143e+02	1.575604989496653396e-01	9.584470463615642200e-02	3.100497995733379475e-01	1.964944974105975461e-01	9.213690384338361905e-02	4.317351398399562473e-02	1.047400816019870978e-01
4.499126298699413837e+02	1.570960322065303449e-01	9.553560731981587673e-02	3.103361392593951829e-01	1.966852051056956485e-01	9.224673735535868224e-02	4.325465312644023730e-02	1.048456256258876312e-01
4.644259405109071963e+02	1.566403447125814530e-01	9.523205988069954886e-02	3.106176678022353199e-01	1.968734884633026039e-01	9.235377251333286297e-02	4.333327674586737177e-02	1.049493898811044712e-01
4.789392511518730657e+02	1.561932708201766995e-01	9.493396428232477036e-02	3.108944650848574076e-01	1.970593106205284772e-01	9.245808152194476270e-02	4.340950219363397949e-02	1.050514054756574861e-01
4.934525617928388783e+02	1.557546480251462973e-01	9.464122401469642065e-02	3.111666096460882769e-01	1.972426412402428775e-01	9.255973473008083374e-02	4.348343964337694767e-02	1.051517026994918808e-01
5.079658724338048046e+02	1.553243169061275519e-01	9.435374408734489848e-02	3.114341786813259461e-01	1.974234559737134131e-01	9.265880067756995797e-02	4.355519257863085109e-02	1.052503110944108949e-01
5.224791830747705035e+02	1.549021210650099178e-01	9.407143102092700715e-02	3.116972480526762901e-01	1.976017359627344205e-01	9.275534614065589212e-02	4.362485824624766362e-02	1.053472595108722598e-01
5.369924937157364866e+02	1.544879070685085676e-01	9.379419283752893355e-02	3.119558923055804622e-01	1.977774673784482573e-01	9.284943617631813417e-02	4.369252807803750832e-02	1.054425761547015949e-01
5.515058043567023560e+02	1.540815243908715826e-01	9.352193904980003747e-02	3.122101846898023836e-01	1.979506409942515532e-01	9.294113416549722173e-02	4.375828808287829386e-02	1.055362886260223648e-01
5.660191149976681118e+02	1.536828253577179615e-01	9.325458064903674460e-02	3.124601971832213776e-01	1.981212517903566672e-01	9.303050185526948179e-02	4.382221921138305942e-02	1.056284239521380897e-01
5.805324256386339812e+02	1.532916650909963430e-01	9.299203009232623329e-02	3.127060005172992985e-01	1.982892985877470482e-01	9.311759940000874369e-02	4.388439769506576743e-02	1.057190086156798853e-01
5.950457362795999643e+02	1.529079014550502602e-01	9.273420128885154212e-02	3.129476642034085820e-01	1.984547837094222944e-01	9.320248540156615691e-02	4.394489536180873346e-02	1.058080685790157016e-01
6.095590469205657200e+02	1.525313950037726352e-01	9.248100958545193984e-02	3.131852565594407944e-01	1.986177126669753379e-01	9.328521694849560564e-02	4.400377992930725596e-02	1.058956293056797227e-01
6.240723575615315895e+02	1.521620089288294730e-01	9.223237175152439182e-02	3.134188447362883934e-01	1.987780938706825984e-01	9.336584965434852057e-02	4.406111527804793676e-02	1.059817157794019360e-01
6.385856682024975726e+02	1.517996090089326344e-01	9.198820596334636446e-02	3.136484947439188153e-01	1.989359383614146826e-01	9.344443769506013964e-02	4.411696170526714644e-02	1.060663525211834601e-01
6.530989788434633283e+02	1.514440635601392859e-01	9.174843178789271469e-02	3.138742714768526509e-01	1.990912595627963022e-01	9.352103384544713238e-02	4.417137616123323340e-02	1.061495636047619096e-01
6.676122894844290840e+02	1.510952433871568523e-01	9.151297016621437463e-02	3.140962387389265587e-01	1.992440730521539971e-01	9.359568951483571153e-02	4.422441246910105428e-02	1.062313726707346390e-01
6.821256001253949535e+02	1.507530217356306546e-01	9.128174339644072599e-02	3.143144592672703630e-01	1.993943963488948590e-01	9.366845478183817575e-02	4.427612152949858548e-02	1.063118029395498376e-01
6.966389107663608229e+02	1.504172742453929734e-01	9.105467511646281320e-02	3.145289947554617549e-01	1.995422487190556260e-01	9.373937842829518918e-02	4.432655151092347590e-02	1.063908772235313549e-01
7.111522214073266923e+02	1.500878789046513062e-01	9.083169028634970055e-02	3.147399058758499901e-01	1.996876509948506684e-01	9.380850797240102013e-02	4.437574802695062881e-02	1.064686179380698039e-01
7.256655320482924481e+02	1.497647160050953885e-01	9.061271517054579616e-02	3.149472523010542480e-01	1.998306254081319566e-01	9.387588970102796193e-02	4.442375430118119389e-02	1.065450471120866494e-01
7.401788426892584312e+02	1.494476680979009708e-01	9.039767731989357957e-02	3.151510927246564120e-01	1.999711954367502653e-01	9.394156870126638137e-02	4.447061132079722923e-02	1.066201863978583908e-01
7.546921533302243006e+02	1.491366199506114765e-01	9.018650555352175635e-02	3.153514848811156401e-01	2.001093856628804180e-01	9.400558889119635386e-02	4.451635797952507856e-02	1.066940570802725197e-01
7.692054639711900563e+02	1.488314585048764183e-01	8.997912994063599068e-02	3.155484855649364762e-01	2.002452216424388809e-01	9.406799304990676180e-02	4.456103121075351975e-02	1.067666800855751746e-01
7.837187746121558121e+02	1.485320728350282560e-01	8.977548178224570297e-02	3.157421506491251417e-01	2.003787297847857141e-01	9.412882284677742684e-02	4.460466611150006033e-02	1.068380759896608995e-01
7.982320852531219089e+02	1.482383541074784594e-01	8.957549359285801871e-02	3.159325351029704798e-01	2.005099372419595627e-01	9.418811887003979144e-02	4.464729605786929567e-02	1.069082650259476491e-01
8.127453958940876646e+02	1.479501955409146252e-01	8.937909908216680466e-02	3.161196930091856316e-01	2.006388718067486365e-01	9.424592065463154034e-02	4.468895281260194113e-02	1.069772670928740843e-01
8.272587065350534203e+02	1.476674923672809947e-01	8.918623313676250774e-02	3.163036775804468070e-01	2.007655618189508884e-01	9.430226670936014965e-02	4.472966662527051024e-02	1.070451017610514061e-01
8.417720171760191761e+02	1.473901417935252478e-01	8.899683180188587561e-02	3.164845411753630100e-01	2.008900360792219564e-01	9.435719454339049073e-02	4.476946632563835043e-02	1.071117882800983467e-01
8.562853278169851592e+02	1.471180429640944753e-01	8.881083226324679170e-02	3.166623353139108588e-01	2.010123237699537324e-01	9.441074069207118502e-02	4.480837941066211777e-02	1.071773455851841306e-01
8.707986384579510286e+02	1.468510969241645092e-01	8.862817282892748727e-02	3.168371106923655312e-01	2.011324543826654987e-01	9.446294074211450398e-02	4.484643212558369479e-02	1.072417923033020387e-01
8.853119490989170117e+02	1.465892065835864566e-01	8.844879291138717237e-02	3.170089171977587550e-01	2.012504576514272392e-01	9.451382935614399683e-02	4.488364953952617836e-02	1.073051467592935071e-01
8.998252597398827675e+02	1.463322766815352560e-01	8.827263300958378134e-02	3.171778039218910994e-01	2.013663634918688161e-01	9.456344029662434869e-02	4.492005561597898350e-02	1.073674269816410481e-01
9.143385703808486369e+02	1.460802137518451282e-01	8.809963469122714108e-02	3.173438191749258785e-01	2.014802019453615367e-01	9.461180644918737448e-02	4.495567327853002698e-02	1.074286507080462333e-01
9.288518810218145063e+02	1.458329260890176005e-01	8.792974057517564945e-02	3.175070104985890929e-01	2.015920031279875568e-01	9.465895984536805419e-02	4.499052447217752326e-02	1.074888353908078076e-01
9.433651916627801484e+02	1.455903237148876428e-01	8.776289431398830165e-02	3.176674246789988332e-01	2.017017971839403789e-01	9.470493168476419588e-02	4.502463022053047881e-02	1.075479982020134256e-01
9.578785023037459041e+02	1.453523183459344281e-01	8.759904057664162635e-02	3.178251077591453533e-01	2.018096142430261253e-01	9.474975235663318784e-02	4.505801067918505792e-02	1.076061560385574711e-01
9.723918129447120009e+02	1.451188233612228928e-01	8.743812503142073256e-02	3.179801050510421279e-01	2.019154843819581380e-01	9.479345146093906549e-02	4.509068518554372462e-02	1.076633255269965200e-01
9.869051235856777566e+02	1.448897537709636640e-01	8.728009432899230813e-02	3.181324611475667696e-01	2.020194375891599392e-01	9.483605782886274371e-02	4.512267230532515661e-02	1.077195230282526062e-01
1.001418434226643626e+03	1.446650261856775588e-01	8.712489608566630073e-02	3.182822199340083480e-01	2.021215037328129016e-01	9.487759954278833507e-02	4.515398987599545527e-02	1.077747646421742672e-01
1.015931744867609382e+03	1.444445587859536639e-01	8.697247886685258167e-02	3.184294245993379291e-01	2.022217125319023812e-01	9.491810395577791881e-02	4.518465504733486932e-02	1.078290662119638504e-01
1.030445055508575479e+03	1.442282712927873134e-01	8.682279217071747768e-02	3.185741176472168257e-01	2.023200935300357439e-01	9.495759771054715359e-02	4.521468431933907406e-02	1.078824433284795714e-01
1.044958366149541234e+03	1.440160849384873043e-01	8.667578641204506940e-02	3.187163409067567121e-01	2.024166760718205949e-01	9.499610675795377990e-02	4.524409357764010847e-02	1.079349113344195837e-01
1.059471676790506763e+03	1.438079224381404730e-01	8.653141290630649018e-02	3.188561355430433175e-01	2.025114892816080592e-01	9.503365637501075269e-02	4.527289812661891566e-02	1.079864853283951376e-01
1.073984987431472746e+03	1.436037079616219458e-01	8.638962385394095833e-02	3.189935420674371302e-01	2.026045620444189010e-01	9.507027118243573105e-02	4.530111272036926873e-02	1.080371801688991829e-01
1.088498298072438729e+03	1.434033671061408777e-01	8.625037232485054106e-02	3.191286003476607180e-01	2.026959229888848635e-01	9.510597516174817967e-02	4.532875159166175477e-02	1.080870104781762181e-01
1.103011608713404712e+03	1.432068268693101887e-01	8.611361224311125939e-02	3.192613496176832100e-01	2.027856004720483274e-01	9.514079167192526776e-02	4.535582847904586629e-02	1.081359906459990888e-01
1.117524919354370468e+03	1.430140156227303616e-01	8.597929837190164404e-02	3.193918284874117108e-01	2.028736225658760717e-01	9.517474346562740384e-02	4.538235665221857645e-02	1.081841348333574954e-01
1.132038229995336451e+03	1.428248630860767809e-01	8.584738629865006077e-02	3.195200749521976413e-01	2.029600170453528529e-01	9.520785270500416175e-02	4.540834893577869874e-02	1.082314569760629841e-01
1.146551540636302207e+03	1.426393003016806216e-01	8.571783242040152684e-02	3.196461264021669968e-01	2.030448113780301544e-01	9.524014097709102011e-02	4.543381773147803920e-02	1.082779707882748077e-01
1.161064851277267962e+03	1.424572596095937949e-01	8.559059392940429611e-02	3.197700196313804089e-01	2.031280327149148635e-01	9.527162930880701819e-02	4.545877503907233552e-02	1.083236897659504983e-01
1.175578161918233945e+03	1.422786746231279043e-01	8.546562879891619890e-02	3.198917908468315585e-01	2.032097078825910452e-01	9.530233818156351455e-02	4.548323247586803092e-02	1.083686271902249004e-01
1.190091472559199701e+03	1.421034802048584400e-01	8.534289576923054232e-02	3.200114756772898250e-01	2.032898633764758101e-01	9.533228754549365191e-02	4.550720129505385347e-02	1.084127961307210231e-01
1.204604783200165684e+03	1.419316124430846093e-01	8.522235433392090498e-02	3.201291091819921109e-01	2.033685253551173189e-01	9.536149683331214544e-02	4.553069240290016917e-02	1.084562094487958733e-01
1.219118093841131440e+03	1.417630086287361146e-01	8.510396472630395170e-02	3.202447258591908930e-01	2.034457196354499398e-01	9.538998497381478980e-02	4.555371637490317899e-02	1.084988798007242294e-01
1.233631404482097196e+03	1.415976072327181368e-01	8.498768790611938018e-02	3.203583596545622747e-01	2.035214716889280073e-01	9.541777040502673335e-02	4.557628347094550003e-02	1.085408196408230858e-01
1.248144715123063179e+03	1.414353478836858358e-01	8.487348554642551446e-02	3.204700439694796454e-01	2.035958066384647991e-01	9.544487108700838718e-02	4.559840364953995223e-02	1.085820412245189631e-01
1.262658025764028707e+03	1.412761713462401258e-01	8.476132002070924099e-02	3.205798116691569999e-01	2.036687492561096158e-01	9.547130451432786491e-02	4.562008658121829291e-02	1.086225566113609153e-01
1.277171336404994690e+03	1.411200194995366752e-01	8.465115439020862165e-02	3.206876950906657475e-01	2.037403239614002382e-01	9.549708772820826586e-02	4.564134166112272795e-02	1.086623776679808556e-01
1.291684647045960673e+03	1.409668353162995824e-01	8.454295239144637986e-02	3.207937260508291200e-01	2.038105548203327233e-01	9.552223732835818382e-02	4.566217802085362210e-02	1.087015160710035344e-01
1.306197957686926657e+03	1.408165628422326787e-01	8.443667842397239998e-02	3.208979358539978954e-01	2.038794655448953053e-01	9.554676948449357388e-02	4.568260453962341705e-02	1.087399833099079172e-01
1.320711268327892412e+03	1.406691471758200196e-01	8.433229753831321396e-02	3.210003552997101606e-01	2.039470794931164677e-01	9.557069994755885978e-02	4.570262985476298417e-02	1.087777906898415026e-01
1.335224578968857941e+03	1.405245344485086811e-01	8.422977542412628249e-02	3.211010146902385509e-01	2.040134196695815305e-01	9.559404406065501181e-02	4.572226237162364121e-02	1.088149493343894963e-01
1.349737889609823924e+03	1.403826718052659517e-01	8.412907839855698899e-02	3.211999438380278571e-01	2.040785087263752851e-01	9.561681676968213084e-02	4.574151027291496752e-02	1.088514701882999786e-01
1.364251200250789907e+03	1.402435073855040903e-01	8.403017339479580683e-02	3.212971720730253833e-01	2.041423689644115691e-01	9.563903263370390762e-02	4.576038152751564503e-02	1.088873640201667159e-01
1.378764510891755890e+03	1.401069903043654918e-01	8.393302795083348866e-02	3.213927282499069449e-01	2.042050223351132843e-01	9.566070583504114599e-02	4.577888389879222059e-02	1.089226414250706182e-01
1.393277821532721646e+03	1.399730706343612074e-01	8.383761019841176609e-02	3.214866407552001148e-01	2.042664904424096317e-01	9.568185018910126127e-02	4.579702495245798616e-02	1.089573128271812685e-01
1.407791132173687402e+03	1.398416993873562442e-01	8.374388885216699219e-02	3.215789375143082163e-01	2.043267945450193968e-01	9.570247915395077576e-02	4.581481206400212641e-02	1.089913884823195123e-01
1.422304442814653157e+03	1.397128284968948142e-01	8.365183319896428438e-02	3.216696459984356715e-01	2.043859555589919164e-01	9.572260583963726477e-02	4.583225242571713903e-02	1.090248784804821319e-01
1.436817753455619140e+03	1.395864108008593174e-01	8.356141308741962814e-02	3.217587932314176502e-01	2.044439940604790840e-01	9.574224301726734498e-02	4.584935305335054168e-02	1.090577927483295934e-01
1.451331064096585123e+03	1.394624000244562845e-01	8.347259891760720751e-02	3.218464057964551261e-01	2.045009302887144942e-01	9.576140312784699182e-02	4.586612079240515866e-02	1.090901410516378067e-01
1.465844374737550879e+03	1.393407507635232856e-01	8.338536163094945053e-02	3.219325098427578968e-01	2.045567841491766625e-01	9.578009829089056959e-02	4.588256232411058733e-02	1.091219329977146241e-01
1.480357685378516862e+03	1.392214184681507261e-01	8.329967270028706960e-02	3.220171310920961205e-01	2.046115752169160584e-01	9.579834031280419493e-02	4.589868417108686205e-02	1.091531780377820171e-01
1.494870996019482618e+03	1.391043594266124228e-01	8.321550412012659881e-02	3.221002948452632020e-01	2.046653227400268282e-01	9.581614069504965081e-02	4.591449270271986960e-02	1.091838854693244765e-01
1.509384306660448374e+03	1.389895307495989940e-01	8.313282839706255534e-02	3.221820259884501381e-01	2.047180456432454443e-01	9.583351064209452708e-02	4.592999414026679300e-02	1.092140644384046039e-01
1.523897617301414357e+03	1.388768903547484834e-01	8.305161854037174107e-02	3.222623489995338208e-01	2.047697625316601822e-01	9.585046106915391662e-02	4.594519456170859106e-02	1.092437239419462303e-01
1.538410927942380113e+03	1.387663969514686124e-01	8.297184805277685316e-02	3.223412879542799647e-01	2.048204916945168264e-01	9.586700260972944032e-02	4.596009990636527875e-02	1.092728728299859897e-01
1.552924238583346096e+03	1.386580100260448034e-01	8.289349092137698882e-02	3.224188665324619896e-01	2.048702511091061718e-01	9.588314562295062460e-02	4.597471597928878828e-02	1.093015198078936129e-01
1.567437549224311852e+03	1.385516898270288122e-01	8.281652160874207469e-02	3.224951080238975809e-01	2.049190584447215802e-01	9.589890020072393273e-02	4.598904845544716374e-02	1.093296734385618002e-01
1.581950859865277607e+03	1.384473973509025013e-01	8.274091504416898613e-02	3.225700353344034821e-01	2.049669310666744626e-01	9.591427617469455713e-02	4.600310288371289164e-02	1.093573421445660221e-01
1.596464170506243590e+03	1.383450943280119250e-01	8.266664661509630363e-02	3.226436709916695733e-01	2.050138860403574459e-01	9.592928312302560767e-02	4.601688469066730208e-02	1.093845342102947177e-01
1.610977481147209119e+03	1.382447432087658690e-01	8.259369215867537473e-02	3.227160371510542358e-01	2.050599401353451479e-01	9.594393037699976146e-02	4.603039918423210142e-02	1.094112577840503919e-01
1.625490791788175102e+03	1.381463071500943773e-01	8.252202795349507236e-02	3.227871556013006682e-01	2.051051098295240405e-01	9.595822702744777333e-02	4.604365155713857627e-02	1.094375208801222771e-01
1.640004102429141085e+03	1.380497500021625468e-01	8.245163071145759914e-02	3.228570477701765973e-01	2.051494113132428243e-01	9.597218193100867656e-02	4.605664689024397546e-02	1.094633313808305308e-01
1.654517413070107068e+03	1.379550362953338993e-01	8.238247756980282555e-02	3.229257347300368841e-01	2.051928604934762645e-01	9.598580371622579543e-02	4.606939015570420820e-02	1.094886970385428593e-01
1.669030723711072824e+03	1.378621312273794475e-01	8.231454608327859468e-02	3.229932372033113008e-01	2.052354729979954662e-01	9.599910078948303838e-02	4.608188622001124085e-02	1.095136254776636203e-01
1.683544034352038352e+03	1.377710006509275942e-01	8.224781421645468993e-02	3.230595755679173120e-01	2.052772641795384823e-01	9.601208134078562106e-02	4.609413984690307470e-02	1.095381241965959762e-01
1.698057344993004335e+03	1.376816110611498722e-01	8.218226033617764825e-02	3.231247698625995812e-01	2.053182491199753157e-01	9.602475334938934126e-02	4.610615570015360459e-02	1.095622005696773593e-01
1.712570655633970318e+03	1.375939295836787757e-01	8.211786320416439300e-02	3.231888397921966471e-01	2.053584426344627623e-01	9.603712458928227724e-02	4.611793834624926952e-02	1.095858618490885977e-01
1.727083966274936301e+03	1.375079239627527150e-01	8.205460196973191067e-02	3.232518047328353794e-01	2.053978592755837385e-01	9.604920263452292051e-02	4.612949225695885114e-02	1.096091151667372005e-01
1.741597276915902057e+03	1.374235625495840163e-01	8.199245616266077896e-02	3.233136837370547689e-01	2.054365133374675412e-01	9.606099486443842039e-02	4.614082181180238079e-02	1.096319675361148716e-01
1.756110587556867813e+03	1.373408142909459118e-01	8.193140568619017294e-02	3.233744955388589970e-01	2.054744188598864874e-01	9.607250846868663208e-02	4.615193130042483799e-02	1.096544258541297667e-01
1.770623898197833569e+03	1.372596487179741365e-01	8.187143081014200408e-02	3.234342585587013930e-01	2.055115896323262692e-01	9.608375045218556232e-02	4.616282492487969874e-02	1.096764969029137698e-01
1.785137208838799552e+03	1.371800359351791621e-01	8.181251216417190220e-02	3.234929909083993360e-01	2.055480391980262500e-01	9.609472763991375177e-02	4.617350680182742001e-02	1.096981873516049560e-01
1.799650519479765535e+03	1.371019466096652095e-01	8.175463073114472290e-02	3.235507103959817110e-01	2.055837808579872306e-01	9.610544668158484127e-02	4.618398096465318320e-02	1.097195037581057825e-01
1.814163830120731291e+03	1.370253519605520720e-01	8.169776784063255415e-02	3.236074345304683630e-01	2.056188276749444099e-01	9.611591405619979156e-02	4.619425136550840694e-02	1.097404525708170764e-01
1.828677140761696819e+03	1.369502237485956120e-01	8.164190516253266861e-02	3.236631805265838269e-01	2.056531924773026265e-01	9.612613607647989278e-02	4.620432187727984558e-02	1.097610401303481392e-01
1.843190451402663257e+03	1.368765342660039352e-01	8.158702470080365921e-02	3.237179653094052201e-01	2.056868878630326580e-01	9.613611889318361692e-02	4.621419629549011754e-02	1.097812726712033699e-01
1.857703762043628785e+03	1.368042563264446621e-01	8.153310878731735711e-02	3.237718055189447997e-01	2.057199262035264153e-01	9.614586849931062995e-02	4.622387834013309132e-02	1.098011563234455590e-01
1.872217072684594768e+03	1.367333632552404088e-01	8.148014007582450591e-02	3.238247175146687362e-01	2.057523196474097260e-01	9.615539073419562821e-02	4.623337165744749455e-02	1.098206971143360217e-01
1.886730383325560297e+03	1.366638288797485112e-01	8.142810153603216583e-02	3.238767173799518839e-01	2.057840801243110140e-01	9.616469128749505213e-02	4.624267982163172974e-02	1.098399009699522061e-01
1.901243693966526507e+03	1.365956275199217418e-01	8.137697644779080808e-02	3.239278209264698782e-01	2.058152193485850989e-01	9.617377570306953616e-02	4.625180633650286671e-02	1.098587737167825845e-01
1.915757004607492036e+03	1.365287339790464960e-01	8.132674839538892031e-02	3.239780436985295053e-01	2.058457488229910592e-01	9.618264938276477327e-02	4.626075463710242058e-02	1.098773210832993258e-01
1.930270315248458019e+03	1.364631235346549787e-01	8.127740126195358294e-02	3.240274009773368435e-01	2.058756798423231338e-01	9.619131759009336147e-02	4.626952809125156607e-02	1.098955487015089993e-01
1.944783625889424002e+03	1.363987719296086698e-01	8.122891922395457376e-02	3.240759077852051750e-01	2.059050234969940496e-01	9.619978545382051882e-02	4.627813000105805014e-02	1.099134621084814495e-01
1.959296936530389530e+03	1.363356553633490176e-01	8.118128674581039095e-02	3.241235788897026682e-01	2.059337906765702775e-01	9.620805797145585980e-02	4.628656360437712752e-02	1.099310667478571868e-01
1.973810247171355968e+03	1.362737504833128332e-01	8.113448857459425179e-02	3.241704288077405516e-01	2.059619920732587706e-01	9.621614001265399452e-02	4.629483207622858004e-02	1.099483679713335604e-01
1.988323557812321269e+03	1.362130343765091955e-01	8.108850973483830438e-02	3.242164718096026133e-01	2.059896381853446867e-01	9.622403632252622685e-02	4.630293853017180411e-02	1.099653710401296558e-01
2.002836868453287707e+03	1.361534845612545341e-01	8.104333552343410962e-02	3.242617219229168568e-01	2.060167393205799002e-01	9.623175152486557193e-02	4.631088601964081924e-02	1.099820811264306808e-01
2.017350179094252780e+03	1.360950789790631721e-01	8.099895150462761706e-02	3.243061929365692597e-01	2.060433055995222196e-01	9.623929012528763260e-02	4.631867753924095304e-02	1.099985033148116048e-01
2.031863489735218764e+03	1.360377959866903852e-01	8.095534350510709409e-02	3.243498984045611322e-01	2.060693469588252835e-01	9.624665651428931934e-02	4.632631602600882637e-02	1.100146426036404251e-01
2.046376800376184747e+03	1.359816143483249806e-01	8.091249760918199641e-02	3.243928516498100212e-01	2.060948731544789414e-01	9.625385497022771741e-02	4.633380436063723462e-02	1.100305039064614909e-01
2.060890111017150957e+03	1.359265132279287303e-01	8.087040015405133619e-02	3.244350657678959360e-01	2.061198937650002005e-01	9.626088966222109966e-02	4.634114536866631301e-02	1.100460920533587322e-01
2.075403421658116713e+03	1.358724721817198278e-01	8.082903772515970253e-02	3.244765536307515630e-01	2.061444181945750465e-01	9.626776465297427754e-02	4.634834182164244282e-02	1.100614117922994323e-01
2.089916732299082469e+03	1.358194711507975383e-01	8.078839715163944890e-02	3.245173278902994118e-01	2.061684556761512466e-01	9.627448390153009461e-02	4.635539643824613393e-02	1.100764677904584043e-01
2.104430042940048224e+03	1.357674904539056260e-01	8.074846550183739646e-02	3.245574009820346162e-01	2.061920152744823320e-01	9.628105126594907470e-02	4.636231188539014642e-02	1.100912646355230867e-01
2.118943353581013525e+03	1.357165107803318393e-01	8.070923007892449874e-02	3.245967851285553318e-01	2.062151058891227573e-01	9.628747050591929257e-02	4.636909077928898920e-02	1.101058068369795834e-01
2.133456664221980191e+03	1.356665131829407345e-01	8.067067841658671912e-02	3.246354923430406214e-01	2.062377362573754036e-01	9.629374528529797972e-02	4.637573568650091294e-02	1.101200988273798864e-01
2.147969974862945492e+03	1.356174790713376432e-01	8.063279827479605255e-02	3.246735344326768802e-01	2.062599149571905932e-01	9.629987917458690538e-02	4.638224912494341018e-02	1.101341449635906966e-01
2.162483285503912157e+03	1.355693902051611222e-01	8.059557763565980415e-02	3.247109230020329695e-01	2.062816504100181136e-01	9.630587565334319811e-02	4.638863356488320822e-02	1.101479495280238280e-01
2.176996596144877003e+03	1.355222286875013005e-01	8.055900469934672292e-02	3.247476694563849464e-01	2.063029508836119186e-01	9.631173811252724537e-02	4.639489142990170512e-02	1.101615167298484327e-01
2.191509906785843214e+03	1.354759769584422402e-01	8.052306788008881111e-02	3.247837850049912767e-01	2.063238244947883659e-01	9.631746985678953099e-02	4.640102509783666784e-02	1.101748507061854759e-01
2.206023217426809424e+03	1.354306177887255325e-01	8.048775580225700499e-02	3.248192806643184771e-01	2.063442792121381597e-01	9.632307410669764536e-02	4.640703690170111528e-02	1.101879555232843921e-01
2.220536528067775180e+03	1.353861342735331041e-01	8.045305729650978344e-02	3.248541672612186293e-01	2.063643228586928835e-01	9.632855400090543918e-02	4.641292913058013558e-02	1.102008351776823242e-01
2.235049838708740936e+03	1.353425098263866533e-01	8.041896139601292792e-02	3.248884554360585430e-01	2.063839631145461539e-01	9.633391259826559749e-02	4.641870403050631089e-02	1.102134935973460989e-01
2.249563149349706237e+03	1.352997281731622148e-01	8.038545733272944860e-02	3.249221556458012916e-01	2.064032075194303373e-01	9.633915287988720211e-02	4.642436380531459600e-02	1.102259346427971881e-01
2.264076459990672902e+03	1.352577733462167198e-01	8.035253453377805277e-02	3.249552781670417279e-01	2.064220634752491068e-01	9.634427775113965642e-02	4.642991061747730325e-02	1.102381621082196839e-01
2.278589770631638203e+03	1.352166296786253830e-01	8.032018261785921209e-02	3.249878330989950936e-01	2.064405382485664520e-01	9.634929004360461013e-02	4.643534658891969313e-02	1.102501797225517721e-01
2.293103081272604413e+03	1.351762817985271981e-01	8.028839139174724637e-02	3.250198303664403876e-01	2.064586389730528604e-01	9.635419251697678600e-02	4.644067380181701732e-02	1.102619911505607481e-01
2.307616391913570169e+03	1.351367146235767924e-01	8.025715084684741096e-02	3.250512797226182693e-01	2.064763726518889508e-01	9.635898786091560975e-02	4.644589429937339559e-02	1.102735999939016970e-01
2.322129702554535925e+03	1.350979133555006428e-01	8.022645115581668318e-02	3.250821907520852205e-01	2.064937461601273894e-01	9.636367869684855925e-02	4.645101008658324149e-02	1.102850097921603267e-01
2.336643013195502135e+03	1.350598634747554316e-01	8.019628266924705429e-02	3.251125728735229647e-01	2.065107662470135608e-01	9.636826757972756508e-02	4.645602313097562525e-02	1.102962240238797575e-01
2.351156323836467891e+03	1.350225507352870724e-01	8.016663591241014741e-02	3.251424353425054203e-01	2.065274395382655781e-01	9.637275699973979481e-02	4.646093536334220536e-02	1.103072461075718380e-01
2.365669634477433647e+03	1.349859611593879072e-01	8.013750158206206509e-02	3.251717872542218002e-01	2.065437725383141021e-01	9.637714938397397291e-02	4.646574867844917300e-02	1.103180794027130152e-01
2.380182945118399402e+03	1.349500810326510203e-01	8.010887054330737000e-02	3.252006375461589105e-01	2.065597716325029420e-01	9.638144709804330468e-02	4.647046493573361858e-02	1.103287272107248418e-01
2.394696255759364703e+03	1.349148968990191433e-01	8.008073382652095007e-02	3.252289950007404284e-01	2.065754430892505766e-01	9.638565244766632290e-02	4.647508595998488257e-02	1.103391927759396485e-01
2.409209566400331823e+03	1.348803955559265411e-01	8.005308262432681010e-02	3.252568682479261564e-01	2.065907930621735111e-01	9.638976768020660058e-02	4.647961354201117501e-02	1.103494792865511720e-01
2.423722877041296670e+03	1.348465640495323803e-01	8.002590828863265227e-02	3.252842657677700866e-01	2.066058275921717202e-01	9.639379498617246800e-02	4.648404943929200506e-02	1.103595898755506677e-01
2.438236187682262880e+03	1.348133896700437484e-01	7.999920232771935702e-02	3.253111958929386094e-01	2.066205526094772038e-01	9.639773650067784416e-02	4.648839537661673266e-02	1.103695276216484500e-01
2.452749498323228636e+03	1.347808599471263802e-01	7.997295640338408784e-02	3.253376668111894743e-01	2.066349739356659332e-01	9.640159430486509862e-02	4.649265304670963800e-02	1.103792955501812778e-01
2.467262808964194392e+03	1.347489626454019263e-01	7.994716232813620094e-02	3.253636865678116163e-01	2.066490972856338260e-01	9.640537042729095674e-02	4.649682411084184869e-02	1.103888966340055844e-01
2.481776119605160602e+03	1.347176857600295985e-01	7.992181206244494684e-02	3.253892630680262910e-01	2.066629282695373604e-01	9.640906684527647541e-02	4.650091019943053405e-02	1.103983337943767601e-01
2.496289430246126358e+03	1.346870175123709990e-01	7.989689771203795088e-02	3.254144040793511827e-01	2.066764723946993287e-01	9.641268548622206058e-02	4.650491291262562332e-02	1.104076099018148488e-01
2.510802740887092114e+03	1.346569463457364391e-01	7.987241152524948706e-02	3.254391172339262672e-01	2.066897350674805900e-01	9.641622822888820665e-02	4.650883382088440154e-02	1.104167277769565886e-01
2.525316051528057415e+03	1.346274609212113338e-01	7.984834589041779618e-02	3.254634100308032019e-01	2.067027215951179053e-01	9.641969690464324838e-02	4.651267446553435797e-02	1.104256901913942407e-01
2.539829362169024080e+03	1.345985501135606721e-01	7.982469333333033767e-02	3.254872898381982460e-01	2.067154371875288277e-01	9.642309329867856937e-02	4.651643635932441179e-02	1.104344998685010126e-01
2.554342672809989381e+03	1.345702030072110089e-01	7.980144651471611505e-02	3.255107638957098204e-01	2.067278869590839230e-01	9.642641915119239127e-02	4.652012098696500092e-02	1.104431594842437553e-01
2.568855983450955591e+03	1.345424088923075356e-01	7.977859822778431143e-02	3.255338393164999844e-01	2.067400759303472391e-01	9.642967615854297625e-02	4.652372980565716576e-02	1.104516716679827537e-01
2.583369294091921347e+03	1.345151572608455082e-01	7.975614139580827766e-02	3.255565230894414963e-01	2.067520090297850777e-01	9.643286597437182583e-02	4.652726424561097474e-02	1.104600390032587920e-01
2.597882604732887103e+03	1.344884378028743110e-01	7.973406906975395725e-02	3.255788220812305678e-01	2.067636910954439300e-01	9.643599021069784727e-02	4.653072571055351381e-02	1.104682640285678114e-01
2.612395915373853313e+03	1.344622404027729090e-01	7.971237442595206779e-02	3.256007430384655899e-01	2.067751268765980754e-01	9.643905043898318152e-02	4.653411557822671740e-02	1.104763492381233558e-01
2.626909226014819069e+03	1.344365551355953536e-01	7.969105076381323427e-02	3.256222925896924969e-01	2.067863210353673986e-01	9.644204819117149774e-02	4.653743520087519348e-02	1.104842970826067777e-01
2.641422536655784825e+03	1.344113722634848462e-01	7.967009150358504710e-02	3.256434772474172124e-01	2.067972781483056188e-01	9.644498496069929538e-02	4.654068590572443126e-02	1.104921099699055220e-01
2.655935847296750580e+03	1.343866822321553856e-01	7.964949018415050375e-02	3.256643034100857870e-01	2.068080027079599870e-01	9.644786220348118555e-02	4.654386899544948192e-02	1.104997902658396702e-01
2.670449157937716336e+03	1.343624756674393905e-01	7.962924046086695962e-02	3.256847773640323407e-01	2.068184991244024218e-01	9.645068133886962325e-02	4.654698574863438271e-02	1.105073402948768546e-01
2.684962468578682547e+03	1.343387433719003266e-01	7.960933610344479716e-02	3.257049052853959181e-01	2.068287717267330295e-01	9.645344375058975683e-02	4.655003742022251201e-02	1.105147623408356400e-01
2.699475779219648302e+03	1.343154763215091141e-01	7.958977099386521648e-02	3.257246932420055363e-01	2.068388247645560341e-01	9.645615078765024109e-02	4.655302524195815278e-02	1.105220586475776923e-01
2.713989089860614058e+03	1.342926656623826542e-01	7.957053912433627307e-02	3.257441471952352563e-01	2.068486624094292015e-01	9.645880376523040256e-02	4.655595042281933382e-02	1.105292314196888309e-01
2.728502400501579814e+03	1.342703027075840272e-01	7.955163459528639958e-02	3.257632730018291678e-01	2.068582887562865624e-01	9.646140396554458984e-02	4.655881414944228885e-02	1.105362828231489652e-01
2.743015711142545115e+03	1.342483789339826983e-01	7.953305161339503659e-02	3.257820764156958426e-01	2.068677078248353507e-01	9.646395263868405567e-02	4.656161758653761668e-02	1.105432149859914420e-01
2.757529021783511780e+03	1.342268859791737046e-01	7.951478448965924872e-02	3.258005630896744220e-01	2.068769235609276003e-01	9.646645100343724522e-02	4.656436187729830894e-02	1.105500299989514990e-01
2.772042332424477081e+03	1.342058156384548784e-01	7.949682763749600645e-02	3.258187385772714495e-01	2.068859398379065961e-01	9.646890024808876807e-02	4.656704814379995783e-02	1.105567299161043793e-01
2.786555643065443292e+03	1.341851598618607755e-01	7.947917557087919027e-02	3.258366083343691155e-01	2.068947604579288724e-01	9.647130153119787277e-02	4.656967748739316432e-02	1.105633167554929963e-01
2.801068953706408593e+03	1.341649107512523920e-01	7.946182290251103952e-02	3.258541777209059132e-01	2.069033891532620628e-01	9.647365598235674300e-02	4.657225098908837624e-02	1.105697924997454396e-01
2.815582264347374803e+03	1.341450605574615873e-01	7.944476434202694948e-02	3.258714520025292605e-01	2.069118295875591318e-01	9.647596470292926774e-02	4.657476970993335019e-02	1.105761590966824609e-01
2.830095574988341014e+03	1.341256016774892146e-01	7.942799469423332537e-02	3.258884363522212002e-01	2.069200853571093179e-01	9.647822876677077109e-02	4.657723469138331379e-02	1.105824184599148718e-01
2.844608885629306769e+03	1.341065266517559307e-01	7.941150885737778553e-02	3.259051358518972874e-01	2.069281599920662906e-01	9.648044922092914588e-02	4.657964695566407798e-02	1.105885724694314898e-01
2.859122196270272525e+03	1.340878281614046597e-01	7.939530182145111692e-02	3.259215554939789983e-01	2.069360569576538800e-01	9.648262708632798779e-02	4.658200750612815494e-02	1.105946229721771618e-01
2.873635506911238281e+03	1.340694990256537655e-01	7.937936866652033074e-02	3.259377001829404930e-01	2.069437796553497966e-01	9.648476335843196583e-02	4.658431732760411753e-02	1.106005717826214763e-01
2.888148817552204036e+03	1.340515321991999353e-01	7.936370456109236027e-02	3.259535747368293435e-01	2.069513314240477020e-01	9.648685900789524816e-02	4.658657738673923493e-02	1.106064206833181213e-01
