0.000000000000000000e+00	5.129718132418300547e-01	3.304500021522733810e-01	6.903376079072869043e-02	3.854912639839536137e-02	2.705363662678177475e-02	8.965978099936773582e-03	1.297568268997021865e-02
1.451331064096584811e+01	5.064220356490934938e-01	3.262496048685083472e-01	7.383181481414946568e-02	4.153532871903871382e-02	2.828978301725774275e-02	9.335332963722161106e-03	1.433609996814621569e-02
2.902662128193169622e+01	4.999861245126264175e-01	3.221196516574513780e-01	7.853343636118591264e-02	4.446286571114573677e-02	2.949608470131088317e-02	9.706309979847572642e-03	1.569552707634822020e-02
4.353993192289755143e+01	4.936620429997840565e-01	3.180589418187320105e-01	8.314081123113914451e-02	4.733338842202152591e-02	3.067384648251002266e-02	1.007861903489805713e-02	1.705235001083135749e-02
5.805324256386339954e+01	4.874477940547791155e-01	3.140662967480769563e-01	8.765606491869236405e-02	5.014846749528623082e-02	3.182428710809173666e-02	1.045198555688284930e-02	1.840510411810688043e-02
7.256655320482924765e+01	4.813414194112639599e-01	3.101405593977986652e-01	9.208126483946313390e-02	5.290959860143034516e-02	3.294854566154840209e-02	1.082614970884178407e-02	1.975246237956982190e-02
8.707986384579510286e+01	4.753409986427595824e-01	3.062805937599128447e-01	9.641842244331787215e-02	5.561820746520059616e-02	3.404768747097912385e-02	1.120086562975718993e-02	2.109322458798885622e-02
1.015931744867609581e+02	4.694446482487728556e-01	3.024852843704510796e-01	1.006694952224997108e-01	5.827565452029238868e-02	3.512270956991435378e-02	1.157590071963880869e-02	2.242630734834687167e-02
1.161064851277267991e+02	4.636505207745915125e-01	2.987535358336371738e-01	1.048363886211262225e-01	6.088323921951687562e-02	3.617454574454526117e-02	1.195103496587250971e-02	2.375073484062641127e-02
1.306197957686926259e+02	4.579568039628850173e-01	2.950842723646950883e-01	1.089209578521559835e-01	6.344220402647682278e-02	3.720407119871903256e-02	1.232606030813027109e-02	2.506563028685379960e-02
1.451331064096584669e+02	4.523617199353657248e-01	2.914764373501437800e-01	1.129250096274970888e-01	6.595373811281396437e-02	3.821210686568646958e-02	1.270078003933040184e-02	2.637020806907851636e-02
1.596464170506243647e+02	4.468635244028866804e-01	2.879289929245194557e-01	1.168503038065380750e-01	6.841898078326766330e-02	3.919942339339251708e-02	1.307500824031435083e-02	2.766376644899714438e-02
1.741597276915902057e+02	4.414605059024577782e-01	2.844409195625400288e-01	1.206985549680166664e-01	7.083902464910016294e-02	4.016674482807134489e-02	1.344856924607083087e-02	2.894568084365907804e-02
1.886730383325560467e+02	4.361509850597677929e-01	2.810112156857992871e-01	1.244714339098032946e-01	7.321491856888640015e-02	4.111475201903175974e-02	1.382129714149026890e-02	3.021539761513710245e-02
2.031863489735219162e+02	4.309333138758922321e-01	2.776388972831428936e-01	1.281705690808631615e-01	7.554767037422754905e-02	4.204408576578499285e-02	1.419303528477369042e-02	3.147242833523133249e-02
2.176996596144877287e+02	4.258058750369543843e-01	2.743229975439397395e-01	1.317975479493699309e-01	7.783824939661690423e-02	4.295534972706444715e-02	1.456363585675098278e-02	3.271634448921940941e-02
2.322129702554535982e+02	4.207670812455892584e-01	2.710625665035167886e-01	1.353539183106741428e-01	8.008758881045729972e-02	4.384911310980572907e-02	1.493295943448468346e-02	3.394677258538775916e-02
2.467262808964194392e+02	4.158153745731344442e-01	2.678566707000794578e-01	1.388411895385799899e-01	8.229658780609309943e-02	4.472591315478613438e-02	1.530087458764786690e-02	3.516338963959460273e-02
2.612395915373852517e+02	4.109492258315420865e-01	2.647043928424857029e-01	1.422608337831512970e-01	8.446611360566914917e-02	4.558625743435731903e-02	1.566725749626886321e-02	3.636591900644119135e-02
2.757529021783511780e+02	4.061671339640712808e-01	2.616048314882876702e-01	1.456142871180532150e-01	8.659700333365842606e-02	4.643062597653507817e-02	1.603199158853220452e-02	3.755412653077766505e-02
2.902662128193169337e+02	4.014676254538805944e-01	2.585571007314952929e-01	1.489029506402355096e-01	8.869006575300311668e-02	4.725947322862929234e-02	1.639496719741482048e-02	3.872781699525697924e-02
3.047795234602828600e+02	3.968492537496942085e-01	2.555603298995540174e-01	1.521281915245786542e-01	9.074608287698408826e-02	4.807322987259732977e-02	1.675608123501956884e-02	3.988683084148769015e-02
3.192928341012487294e+02	3.923105987077706858e-01	2.526136632590648134e-01	1.552913440359516284e-01	9.276581146616781626e-02	4.887230450338107823e-02	1.711523688354538858e-02	4.103104114403419850e-02
3.338061447422145420e+02	3.878502660494481113e-01	2.497162597298054620e-01	1.583937105009697588e-01	9.474998441907091229e-02	4.965708518063355337e-02	1.747234330190483229e-02	4.216035081808290619e-02
3.483194553831804114e+02	3.834668868335863179e-01	2.468672926066451390e-01	1.614365622415938617e-01	9.669931206452793415e-02	5.042794086345239041e-02	1.782731534706621934e-02	4.327469004304367040e-02
3.628327660241463377e+02	3.791591169432665942e-01	2.440659492889688809e-01	1.644211404725727521e-01	9.861448336314308782e-02	5.118522273700785996e-02	1.818007330925920997e-02	4.437401388569715138e-02
3.773460766651120935e+02	3.749256365861505791e-01	2.413114310172563282e-01	1.673486571646040366e-01	1.004961670246469208e-01	5.192926543927910144e-02	1.853054266023988067e-02	4.545830010773868612e-02
3.918593873060780197e+02	3.707651498079326258e-01	2.386029526164830383e-01	1.702202958749684802e-01	1.023450125474624772e-01	5.266038819548923833e-02	1.887865381386450228e-02	4.652754714371515332e-02
4.063726979470438323e+02	3.666763840183567824e-01	2.359397422460334792e-01	1.730372125472824374e-01	1.041616511863072692e-01	5.337889586725405588e-02	1.922434189827051595e-02	4.758177223641090609e-02
4.208860085880095880e+02	3.626580895292972895e-01	2.333210411558367947e-01	1.758005362819108353e-01	1.059466968532164211e-01	5.408507992292673622e-02	1.956754653900914798e-02	4.862100971771814162e-02
4.353993192289755143e+02	3.587090391044331916e-01	2.307461034484541984e-01	1.785113700784861368e-01	1.077007469569638276e-01	5.477921933512919922e-02	1.990821165251657060e-02	4.964530942393219348e-02
4.499126298699413837e+02	3.548280275200728084e-01	2.282141958468650866e-01	1.811707915518908085e-01	1.094243831854812415e-01	5.546158141100591965e-02	2.024628524935018908e-02	5.065473523524929161e-02
4.644259405109071963e+02	3.510138711367097875e-01	2.257245974677150047e-01	1.837798536229770796e-01	1.111181722355266133e-01	5.613242256031587135e-02	2.058171924665341823e-02	5.164936373001757092e-02
4.789392511518730657e+02	3.472654074809154445e-01	2.232765995998036712e-01	1.863395851852216456e-01	1.127826664935309697e-01	5.679198900608974088e-02	2.091446928934645455e-02	5.262928294500740511e-02
4.934525617928388783e+02	3.435814948371936906e-01	2.208695054876055330e-01	1.888509917484395007e-01	1.144184046712552888e-01	5.744051744222083977e-02	2.124449457957246559e-02	5.359459123362798894e-02
5.079658724338048046e+02	3.399610118494456046e-01	2.185026301196272835e-01	1.913150560606164119e-01	1.160259123996137953e-01	5.807823564202602845e-02	2.157175771395814998e-02	5.454539621462799887e-02
5.224791830747705035e+02	3.364028571317091987e-01	2.161753000214204912e-01	1.937327387088546571e-01	1.176057027837658225e-01	5.870536302150669572e-02	2.189622452827514817e-02	5.548181380438320376e-02
5.369924937157364866e+02	3.329059488878580164e-01	2.138868530530765588e-01	1.961049787003708855e-01	1.191582769223433619e-01	5.932211116075617602e-02	2.221786394911452397e-02	5.640396732639568755e-02
5.515058043567023560e+02	3.294692245399578612e-01	2.116366382110434208e-01	1.984326940244290904e-01	1.206841243934643343e-01	5.992868428669816810e-02	2.253664785221027103e-02	5.731198669211209906e-02
5.660191149976681118e+02	3.260916403649972151e-01	2.094240154341116822e-01	2.007167821960418597e-01	1.221837237099809292e-01	6.052527972009880824e-02	2.285255092707012825e-02	5.820600764761454243e-02
5.805324256386339812e+02	3.227721711397215643e-01	2.072483554134272321e-01	2.029581207822260536e-01	1.236575427462267562e-01	6.111208828957106348e-02	2.316555054759264140e-02	5.908617108114982974e-02
5.950457362795999643e+02	3.195098097933129488e-01	2.051090394063958544e-01	2.051575679115542616e-01	1.251060391383554404e-01	6.168929471508362988e-02	2.347562664836875396e-02	5.995262238684424816e-02
6.095590469205657200e+02	3.163035670676722089e-01	2.030054590543523552e-01	2.073159627677033101e-01	1.265296606602044904e-01	6.225707796329530558e-02	2.378276160638414724e-02	6.080551088030332341e-02
6.240723575615315895e+02	3.131524711850698361e-01	2.009370162038747465e-01	2.094341260676617356e-01	1.279288455764724663e-01	6.281561157685931762e-02	2.408694012785539407e-02	6.164498926212162028e-02
6.385856682024975726e+02	3.100555675229447750e-01	1.989031227316294947e-01	2.115128605252228067e-01	1.293040229748616265e-01	6.336506397967879567e-02	2.438814913994858877e-02	6.247121312562900486e-02
6.530989788434633283e+02	3.070119182956391191e-01	1.969032003726410296e-01	2.135529513003559254e-01	1.306556130787136227e-01	6.390559875994392125e-02	2.468637768714372974e-02	6.328434050547770973e-02
6.676122894844290840e+02	3.040206022428671995e-01	1.949366805518839285e-01	2.155551664350177365e-01	1.319840275415502528e-01	6.443737493264185823e-02	2.498161683202185235e-02	6.408453146393229549e-02
6.821256001253949535e+02	3.010807143247266060e-01	1.930030042191011042e-01	2.175202572759349640e-01	1.332896697248242002e-01	6.496054718310170784e-02	2.527385956026447986e-02	6.487194771196208576e-02
6.966389107663608229e+02	2.981913654230670119e-01	1.911016216867572337e-01	2.194489588848637929e-01	1.345729349600868208e-01	6.547526609301783374e-02	2.556310068966705096e-02	6.564675226245544892e-02
7.111522214073266923e+02	2.953516820490399986e-01	1.892319924710403334e-01	2.213419904368039703e-01	1.358342107966880041e-01	6.598167835028491413e-02	2.584933678297895651e-02	6.640910911307901232e-02
7.256655320482924481e+02	2.925608060566622926e-01	1.873935851358291826e-01	2.232000556066225938e-01	1.370738772360394764e-01	6.647992694387641621e-02	2.613256606439330609e-02	6.715918295649193903e-02
7.401788426892584312e+02	2.898178943622298775e-01	1.855858771395478279e-01	2.250238429445192423e-01	1.382923069533950056e-01	6.697015134490420796e-02	2.641278833951923172e-02	6.789713891579979288e-02
7.546921533302243006e+02	2.871221186694285499e-01	1.838083546848329752e-01	2.268140262407432051e-01	1.394898655080287486e-01	6.745248767491042463e-02	2.669000491867866420e-02	6.862314230329259745e-02
7.692054639711900563e+02	2.844726651999920364e-01	1.820605125709421623e-01	2.285712648799531899e-01	1.406669115426270045e-01	6.792706886236235531e-02	2.696421854337804208e-02	6.933735840066027056e-02
7.837187746121558121e+02	2.818687344297647890e-01	1.803418540488354316e-01	2.302962041855918240e-01	1.418237969726470482e-01	6.839402478824715970e-02	2.723543331581337532e-02	7.003995225901542276e-02
7.982320852531219089e+02	2.793095408300317328e-01	1.786518906788648053e-01	2.319894757546286934e-01	1.429608671663396557e-01	6.885348242159455845e-02	2.750365463127463564e-02	7.073108851718087897e-02
8.127453958940876646e+02	2.767943126139842946e-01	1.769901421910096972e-01	2.336516977830100927e-01	1.440784611160799700e-01	6.930556594569264872e-02	2.776888911332233562e-02	7.141093123681591104e-02
8.272587065350534203e+02	2.743222914881938701e-01	1.753561363475983348e-01	2.352834753821370639e-01	1.451769116016027039e-01	6.975039687570336322e-02	2.803114455161594132e-02	7.207964375306366578e-02
8.417720171760191761e+02	2.718927324089713271e-01	1.737494088084582111e-01	2.368854008866797256e-01	1.462565453456931008e-01	7.018809416833014792e-02	2.829042984227972055e-02	7.273738853950267869e-02
8.562853278169851592e+02	2.695049033434945285e-01	1.721695029984407488e-01	2.384580541540209098e-01	1.473176831628431327e-01	7.061877432414045974e-02	2.854675493069761677e-02	7.338432708627748435e-02
8.707986384579510286e+02	2.671580850355893544e-01	1.706159699772671900e-01	2.400020028556100471e-01	1.483606401013452536e-01	7.104255148309984724e-02	2.880013075663406114e-02	7.402061979036911321e-02
8.853119490989170117e+02	2.648515707760549232e-01	1.690883683116453373e-01	2.415178027604953093e-01	1.493857255792594707e-01	7.145953751383135599e-02	2.905056920158285982e-02	7.464642585704553412e-02
8.998252597398827675e+02	2.625846661774270396e-01	1.675862639496080442e-01	2.430059980112907470e-01	1.503932435146581037e-01	7.186984209707508731e-02	2.929808303825101601e-02	7.526190321160475261e-02
9.143385703808486369e+02	2.603566889530761763e-01	1.661092300970267444e-01	2.444671213928242826e-01	1.513834924505213786e-01	7.227357280378611526e-02	2.954268588208897039e-02	7.586720842059116454e-02
9.288518810218145063e+02	2.581669687005425096e-01	1.646568470962543607e-01	2.459016945937014531e-01	1.523567656746298016e-01	7.267083516827547995e-02	2.978439214478294933e-02	7.646249662172831252e-02
9.433651916627801484e+02	2.560148466890103669e-01	1.632287023068541010e-01	2.473102284610109725e-01	1.533133513347736676e-01	7.306173275676795809e-02	3.002321698962919991e-02	7.704792146186857649e-02
9.578785023037459041e+02	2.538996756508302144e-01	1.618243899883718140e-01	2.486932232483880512e-01	1.542535325495755227e-01	7.344636723172164039e-02	3.025917628871357609e-02	7.762363504231400979e-02
9.723918129447120009e+02	2.518208195769978675e-01	1.604435111851105211e-01	2.500511688576430580e-01	1.551775875152002215e-01	7.382483841222782506e-02	3.049228658182365215e-02	7.818978787091170057e-02
9.869051235856777566e+02	2.497776535165034950e-01	1.590856736128683224e-01	2.513845450741548637e-01	1.560857896082063767e-01	7.419724433078536685e-02	3.072256503702379057e-02	7.874652882037262713e-02
1.001418434226643626e+03	2.477695633794658736e-01	1.577504915476008740e-01	2.526938217962201305e-01	1.569784074847746791e-01	7.456368128672113960e-02	3.095002941282686687e-02	7.929400509230526140e-02
1.015931744867609382e+03	2.457959457439702067e-01	1.564375857159709948e-01	2.539794592585423727e-01	1.578557051765310248e-01	7.492424389650698124e-02	3.117469802189929209e-02	7.983236218649396310e-02
1.030445055508575479e+03	2.438562076665291289e-01	1.551465831877500978e-01	2.552419082500374525e-01	1.587179421831662329e-01	7.527902514120471400e-02	3.139658969623890239e-02	8.036174387498823402e-02
1.044958366149541234e+03	2.419497664960900130e-01	1.538771172700357792e-01	2.564816103261263192e-01	1.595653735620395086e-01	7.562811641125290196e-02	3.161572375376787286e-02	8.088229218060241643e-02
1.059471676790506763e+03	2.400760496915130271e-01	1.526288274032515935e-01	2.576989980156772497e-01	1.603982500149394586e-01	7.597160754879227207e-02	3.183211996628547424e-02	8.139414735945572910e-02
1.073984987431472746e+03	2.382344946424473642e-01	1.514013590588963731e-01	2.588944950227566877e-01	1.612168179721632510e-01	7.630958688771194431e-02	3.204579852872777024e-02	8.189744788721138591e-02
1.088498298072438729e+03	2.364245484935339203e-01	1.501943636390105086e-01	2.600685164233392799e-01	1.620213196740630801e-01	7.664214129158451738e-02	3.225678002968376118e-02	8.239233044869963274e-02
1.103011608713404712e+03	2.346456679718657568e-01	1.490074983773279349e-01	2.612214688571241616e-01	1.628119932501986000e-01	7.696935618964480252e-02	3.246508542311957873e-02	8.287892993063385172e-02
1.117524919354370468e+03	2.328973192176387319e-01	1.478404262420832116e-01	2.623537507145979886e-01	1.635890727962235336e-01	7.729131561095553549e-02	3.267073600126443184e-02	8.335737941715123944e-02
1.132038229995336451e+03	2.311789776179269673e-01	1.466928158404443572e-01	2.634657523194810502e-01	1.643527884486260804e-01	7.760810221689186383e-02	3.287375336861380476e-02	8.382781018793052097e-02
1.146551540636302207e+03	2.294901276435194482e-01	1.455643413245418516e-01	2.645578561066875833e-01	1.651033664574333981e-01	7.791979733206667869e-02	3.307415941700758699e-02	8.429035171865807696e-02
1.161064851277267962e+03	2.278302626887551696e-01	1.444546822990658286e-01	2.656304367959269053e-01	1.658410292569836020e-01	7.822648097380913157e-02	3.327197630174212606e-02	8.474513168363181914e-02
1.175578161918233945e+03	2.261988849142965441e-01	1.433635237304038412e-01	2.666838615610678254e-01	1.665659955348605670e-01	7.852823188030005896e-02	3.346722641867733855e-02	8.519227596030834460e-02
1.190091472559199701e+03	2.245955050927821162e-01	1.422905558572919726e-01	2.677184901953844065e-01	1.672784802990804620e-01	7.882512753746021006e-02	3.365993238230116646e-02	8.563190863561417898e-02
1.204604783200165684e+03	2.230196424573005487e-01	1.412354741029530070e-01	2.687346752727970967e-01	1.679786949436131716e-01	7.911724420467942942e-02	3.385011700471553253e-02	8.606415201385569924e-02
1.219118093841131440e+03	2.214708245526302854e-01	1.401979789886960981e-01	2.697327623052199752e-01	1.686668473123150713e-01	7.940465693946850700e-02	3.403780327550912782e-02	8.648912662607549651e-02
1.233631404482097196e+03	2.199485870891891848e-01	1.391777760489521787e-01	2.707130898961204180e-01	1.693431417613452949e-01	7.968743962110871881e-02	3.422301434248394003e-02	8.690695124071473598e-02
1.248144715123063179e+03	2.184524737996418886e-01	1.381745757477211567e-01	2.716759898903948200e-01	1.700077792201321325e-01	7.996566497336868307e-02	3.440577349320361744e-02	8.731774287545213120e-02
1.262658025764028707e+03	2.169820362981111639e-01	1.371880933964059190e-01	2.726217875206599639e-01	1.706609572509519002e-01	8.023940458635218931e-02	3.458610413733297778e-02	8.772161681010032241e-02
1.277171336404994690e+03	2.155368339419435342e-01	1.362180490730101057e-01	2.735508015500566215e-01	1.713028701071783733e-01	8.050872893753655002e-02	3.476402978973934521e-02	8.811868660044989976e-02
1.291684647045960673e+03	2.141164336959785752e-01	1.352641675426762558e-01	2.744633444116594823e-01	1.719337087902571282e-01	8.077370741205555649e-02	3.493957405432731450e-02	8.850906409296013799e-02
1.306197957686926657e+03	2.127204099992734410e-01	1.343261781795416221e-01	2.753597223445834463e-01	1.725536611054554470e-01	8.103440832227748469e-02	3.511276060857976972e-02	8.889285944020317021e-02
1.320711268327892412e+03	2.113483446342351302e-01	1.334038148898894771e-01	2.762402355268746557e-01	1.731629117164350251e-01	8.129089892672464179e-02	3.528361318877899083e-02	8.927018111697641867e-02
1.335224578968857941e+03	2.099998265981138090e-01	1.324968160365739556e-01	2.771051782052706969e-01	1.737616421986920567e-01	8.154324544837697475e-02	3.545215557588265315e-02	8.964113593700410998e-02
1.349737889609823924e+03	2.086744519768120032e-01	1.316049243646971456e-01	2.779548388219131305e-01	1.743500310919061103e-01	8.179151309239951484e-02	3.561841158203044727e-02	9.000582907015584888e-02
1.364251200250789907e+03	2.073718238209649178e-01	1.307278869285176670e-01	2.787895001380915616e-01	1.749282539512364287e-01	8.203576606332990684e-02	3.578240503765807434e-02	9.036436406011563727e-02
1.378764510891755890e+03	2.060915520242486976e-01	1.298654550195695589e-01	2.796094393550975221e-01	1.754964833976025707e-01	8.227606758175963486e-02	3.594415977919603739e-02	9.071684284244012353e-02
1.393277821532721646e+03	2.048332532038739939e-01	1.290173840959720764e-01	2.804149282322627723e-01	1.760548891669832527e-01	8.251247990054011439e-02	3.610369963733173898e-02	9.106336576295019636e-02
1.407791132173687402e+03	2.035965505832233180e-01	1.281834337129099111e-01	2.812062332022548516e-01	1.766036381587658133e-01	8.274506432054207217e-02	3.626104842581395760e-02	9.140403159640420050e-02
1.422304442814653157e+03	2.023810738765914330e-01	1.273633674542647143e-01	2.819836154837014885e-01	1.771428944831764107e-01	8.297388120599472061e-02	3.641622993077964221e-02	9.173893756540575650e-02
1.436817753455619140e+03	2.011864591759891241e-01	1.265569528653788800e-01	2.827473311912110931e-01	1.776728195078193795e-01	8.319898999942915152e-02	3.656926790058374205e-02	9.206817935950271925e-02
1.451331064096585123e+03	2.000123488399713212e-01	1.257639613869325490e-01	2.834976314428578892e-01	1.781935719033528598e-01	8.342044923624830632e-02	3.672018603611343357e-02	9.239185115443773744e-02
1.465844374737550879e+03	1.988583913844512996e-01	1.249841682899156259e-01	2.842347624651942462e-01	1.787053076883256264e-01	8.363831655894438111e-02	3.686900798156868969e-02	9.271004563151415134e-02
1.480357685378516862e+03	1.977242413754639605e-01	1.242173526116766985e-01	2.849589656958549932e-01	1.792081802731994300e-01	8.385264873098290106e-02	3.701575731569208688e-02	9.302285399704389446e-02
1.494870996019482618e+03	1.966095593238413597e-01	1.234632970930310825e-01	2.856704778838133896e-01	1.797023405035790555e-01	8.406350165037096422e-02	3.716045754343093310e-02	9.333036600184713150e-02
1.509384306660448374e+03	1.955140115817648461e-01	1.227217881164104768e-01	2.863695311873487026e-01	1.801879367026719414e-01	8.427093036292621075e-02	3.730313208801578490e-02	9.363266996077594662e-02
1.523897617301414357e+03	1.944372702411588105e-01	1.219926156450370919e-01	2.870563532697826825e-01	1.806651147129971491e-01	8.447498907526149181e-02	3.744380428343981743e-02	9.392985277223686591e-02
1.538410927942380113e+03	1.933790130338915447e-01	1.212755731631054018e-01	2.877311673930412761e-01	1.811340179373633619e-01	8.467573116749928241e-02	3.758249736732403173e-02	9.422199993768903825e-02
1.552924238583346096e+03	1.923389232337499588e-01	1.205704576169549652e-01	2.883941925090951486e-01	1.815947873791339262e-01	8.487320920572861971e-02	3.771923447415388708e-02	9.450919558109732721e-02
1.567437549224311852e+03	1.913166895601546846e-01	1.198770693572179802e-01	2.890456433493334698e-01	1.820475616817964215e-01	8.506747495421658478e-02	3.785403862887350146e-02	9.479152246832114881e-02
1.581950859865277607e+03	1.903120060835840344e-01	1.191952120819255584e-01	2.896857305119198700e-01	1.824924771678531621e-01	8.525857938738533315e-02	3.798693274082391713e-02	9.506906202642188830e-02
1.596464170506243590e+03	1.893245721326744513e-01	1.185246927805571060e-01	2.903146605471830788e-01	1.829296678770486739e-01	8.544657270156484630e-02	3.811793959801246939e-02	9.534189436287314467e-02
1.610977481147209119e+03	1.883540922029669495e-01	1.178653216790170599e-01	2.909326360410894319e-01	1.833592656039489399e-01	8.563150432653079958e-02	3.824708186170087260e-02	9.561009828465977245e-02
1.625490791788175102e+03	1.874002758672693447e-01	1.172169121855240331e-01	2.915398556968442079e-01	1.837813999348870686e-01	8.581342293683642819e-02	3.837438206129977630e-02	9.587375131725299482e-02
1.640004102429141085e+03	1.864628376876040217e-01	1.165792808373972422e-01	2.921365144146691462e-01	1.841961982842887646e-01	8.599237646294637105e-02	3.849986258955835627e-02	9.613292972344994469e-02
1.654517413070107068e+03	1.855414971287124570e-01	1.159522472487256456e-01	2.927228033697994447e-01	1.846037859303913675e-01	8.616841210217993097e-02	3.862354569803753274e-02	9.638770852206748896e-02
1.669030723711072824e+03	1.846359784730879083e-01	1.153356340589051093e-01	2.932989100887443135e-01	1.850042860503684217e-01	8.634157632947095373e-02	3.874545349285609536e-02	9.663816150648112113e-02
1.683544034352038352e+03	1.837460107375080975e-01	1.147292668820295153e-01	2.938650185238534940e-01	1.853978197548726836e-01	8.651191490795046013e-02	3.886560793069919473e-02	9.688436126300048468e-02
1.698057344993004335e+03	1.828713275910408553e-01	1.141329742571218497e-01	2.944213091262305459e-01	1.857845061220087246e-01	8.667947289935828969e-02	3.898403081507914592e-02	9.712637918907457424e-02
1.712570655633970318e+03	1.820116672744949982e-01	1.135465875991913814e-01	2.949679589170334237e-01	1.861644622307463415e-01	8.684429467428925187e-02	3.910074379283879492e-02	9.736428551131980080e-02
1.727083966274936301e+03	1.811667725212911251e-01	1.129699411511034257e-01	2.955051415572009788e-01	1.865378031937861558e-01	8.700642392227886379e-02	3.921576835088799728e-02	9.759814930336543903e-02
1.741597276915902057e+03	1.803363904797255779e-01	1.124028719362484829e-01	2.960330274156432462e-01	1.869046421898873656e-01	8.716590366173364302e-02	3.932912581316418132e-02	9.782803850351143304e-02
1.756110587556867813e+03	1.795202726366026957e-01	1.118452197119974290e-01	2.965517836359330417e-01	1.872650904956678908e-01	8.732277624971036822e-02	3.944083733780821138e-02	9.805401993219428625e-02
1.770623898197833569e+03	1.787181747422101896e-01	1.112968269239301145e-01	2.970615742015341176e-01	1.876192575168867949e-01	8.747708339154851298e-02	3.955092391454703010e-02	9.827615930925714949e-02
1.785137208838799552e+03	1.779298567366135453e-01	1.107575386608245227e-01	2.975625599996014059e-01	1.879672508192183067e-01	8.762886615035982152e-02	3.965940636227501676e-02	9.849452127102123478e-02
1.799650519479765535e+03	1.771550826772453346e-01	1.102272026103940650e-01	2.980548988833874313e-01	1.883091761585266866e-01	8.777816495637859318e-02	3.976630532682606106e-02	9.870916938715564026e-02
1.814163830120731291e+03	1.763936206677660379e-01	1.097056690157607317e-01	2.985387457332874805e-01	1.886451375106508177e-01	8.792501961617622819e-02	3.987164127892887239e-02	9.892016617734356032e-02
1.828677140761696819e+03	1.756452427881733946e-01	1.091927906326521230e-01	2.990142525165568888e-01	1.889752371007071274e-01	8.806946932174306020e-02	3.997543451233803724e-02	9.912757312774310436e-02
1.843190451402663257e+03	1.749097250261374692e-01	1.086884226873103126e-01	2.994815683457309197e-01	1.892995754319192758e-01	8.821155265944070900e-02	4.007770514213379598e-02	9.933145070724123948e-02
1.857703762043628785e+03	1.741868472095397802e-01	1.081924228351009570e-01	2.999408395357788804e-01	1.896182513139826886e-01	8.835130761882765971e-02	4.017847310318371085e-02	9.953185838349996872e-02
1.872217072684594768e+03	1.734763929401944016e-01	1.077046511198112705e-01	3.003922096600214475e-01	1.899313618909719281e-01	8.848877160136076059e-02	4.027775814875958482e-02	9.972885463879418988e-02
1.886730383325560297e+03	1.727781495287298574e-01	1.072249699336252360e-01	3.008358196048410704e-01	1.902390026687985902e-01	8.862398142897512376e-02	4.037557984930324750e-02	9.992249698564051319e-02
1.901243693966526507e+03	1.720919079306106048e-01	1.067532439777653386e-01	3.012718076232130948e-01	1.905412675422274160e-01	8.875697335254484344e-02	4.047195759133506016e-02	1.001128419822172461e-01
1.915757004607492036e+03	1.714174626832785098e-01	1.062893402237895385e-01	3.017003093870861408e-01	1.908382488214578065e-01	8.888778306022684927e-02	4.056691057649921411e-02	1.002999452475755865e-01
1.930270315248458019e+03	1.707546118443929450e-01	1.058331278755328536e-01	3.021214580386378801e-01	1.911300372582777907e-01	8.901644568568985172e-02	4.066045782074002163e-02	1.004838614766423305e-01
1.944783625889424002e+03	1.701031569311507174e-01	1.053844783316830042e-01	3.025353842404328031e-01	1.914167220717979956e-01	8.914299581623051638e-02	4.075261815360375905e-02	1.006646444550148151e-01
1.959296936530389530e+03	1.694629028606662313e-01	1.049432651489795865e-01	3.029422162245076766e-01	1.916983909737718095e-01	8.926746750077885206e-02	4.084341021766060148e-02	1.008423470735488048e-01
1.973810247171355968e+03	1.688336578913926522e-01	1.045093640060266310e-01	3.033420798404091734e-01	1.919751301935088694e-01	8.938989425779444997e-02	4.093285246804161809e-02	1.010170213427401681e-01
1.988323557812321269e+03	1.682152335655655861e-01	1.040826526677082892e-01	3.037350986022084864e-01	1.922470245023883417e-01	8.951030908305554479e-02	4.102096317208572818e-02	1.011887184069015927e-01
2.002836868453287707e+03	1.676074446526512052e-01	1.036630109501979619e-01	3.041213937345161322e-01	1.925141572379783506e-01	8.962874445734242412e-02	4.110776040909192020e-02	1.013574885581355611e-01
2.017350179094252780e+03	1.670101090937803900e-01	1.032503206865508644e-01	3.045010842175206456e-01	1.927766103277681053e-01	8.974523235401674071e-02	4.119326207017201535e-02	1.015233812501047939e-01
2.031863489735218764e+03	1.664230479471516810e-01	1.028444656928705764e-01	3.048742868310729826e-01	1.930344643125182502e-01	8.985980424649855913e-02	4.127748585819959737e-02	1.016864451116018808e-01
2.046376800376184747e+03	1.658460853343856067e-01	1.024453317350400433e-01	3.052411161978390575e-01	1.932877983692364854e-01	8.997249111564223356e-02	4.136044928785066743e-02	1.018467279599194197e-01
2.060890111017150957e+03	1.652790483878134320e-01	1.020528064960078002e-01	3.056016848255415641e-01	1.935366903337833178e-01	9.008332345701280941e-02	4.144216968573202070e-02	1.020042768140225625e-01
2.075403421658116713e+03	1.647217671986835608e-01	1.016667795436201893e-01	3.059561031483121751e-01	1.937812167231147131e-01	9.019233128806422584e-02	4.152266419059317398e-02	1.021591379075255240e-01
2.089916732299082469e+03	1.641740747662695232e-01	1.012871422989905651e-01	3.063044795671739928e-01	1.940214527571665903e-01	9.029954415522066513e-02	4.160194975361811848e-02	1.023113567014741210e-01
2.104430042940048224e+03	1.636358069478632826e-01	1.009137880053966735e-01	3.066469204896747347e-01	1.942574723803874581e-01	9.040499114086238130e-02	4.168004313879302564e-02	1.024609778969359786e-01
2.118943353581013525e+03	1.631068024096381797e-01	1.005466116976975605e-01	3.069835303686896943e-01	1.944893482829240239e-01	9.050870087021715971e-02	4.175696092334645060e-02	1.026080454474004311e-01
2.133456664221980191e+03	1.625869025783660549e-01	1.001855101722612940e-01	3.073144117404130182e-01	1.947171519214658530e-01	9.061070151815864282e-02	4.183271949825842495e-02	1.027526025709902535e-01
2.147969974862945492e+03	1.620759515939734774e-01	9.983038195739507570e-02	3.076396652615560057e-01	1.949409535397537696e-01	9.071102081591297939e-02	4.190733506883518450e-02	1.028946917624870838e-01
2.162483285503912157e+03	1.615737962629219537e-01	9.948112728426956874e-02	3.079593897457708063e-01	1.951608221887579375e-01	9.080968605767436586e-02	4.198082365534628463e-02	1.030343548051726454e-01
2.176996596144877003e+03	1.610802860123980162e-01	9.913764805832915583e-02	3.082736821993161125e-01	1.953768257465300362e-01	9.090672410713132590e-02	4.205320109372095300e-02	1.031716327824879625e-01
2.191509906785843214e+03	1.605952728452980649e-01	9.879984783118021807e-02	3.085826378559825556e-01	1.955890309377351366e-01	9.100216140390418595e-02	4.212448303630075136e-02	1.033065660895126220e-01
2.206023217426809424e+03	1.601186112959946117e-01	9.846763177294928782e-02	3.088863502112945136e-01	1.957975033528680242e-01	9.109602396989524564e-02	4.219468495264559749e-02	1.034391944442662470e-01
2.220536528067775180e+03	1.596501583868698004e-01	9.814090664510363715e-02	3.091849110560039304e-01	1.960023074671588816e-01	9.118833741555255890e-02	4.226382213039037855e-02	1.035695568988343751e-01
2.235049838708740936e+03	1.591897735856024898e-01	9.781958077372636395e-02	3.094784105088928539e-01	1.962035066591731325e-01	9.127912694604829735e-02	4.233190967614951922e-02	1.036976918503208639e-01
2.249563149349706237e+03	1.587373187631960225e-01	9.750356402323868965e-02	3.097669370488995155e-01	1.964011632291104981e-01	9.136841736737283393e-02	4.239896251646685377e-02	1.038236370516291279e-01
2.264076459990672902e+03	1.582926581527328846e-01	9.719276777056176653e-02	3.100505775465833835e-01	1.965953384168073470e-01	9.145623309234547638e-02	4.246499539880833896e-02	1.039474296220743443e-01
2.278589770631638203e+03	1.578556583088443210e-01	9.688710487971108343e-02	3.103294172949438434e-01	1.967860924194474170e-01	9.154259814654287786e-02	4.253002289259524143e-02	1.040691060578287502e-01
2.293103081272604413e+03	1.574261880678815839e-01	9.658648967681600361e-02	3.106035400396066071e-01	1.969734844089853776e-01	9.162753617414605423e-02	4.259405939027546134e-02	1.041887022422024051e-01
2.307616391913570169e+03	1.570041185087767688e-01	9.629083792555748200e-02	3.108730280083926156e-01	1.971575725492874520e-01	9.171107044370692407e-02	4.265711910843075771e-02	1.043062534557614579e-01
2.322129702554535925e+03	1.565893229145808585e-01	9.600006680301712003e-02	3.111379619402822039e-01	1.973384140129937625e-01	9.179322385383553717e-02	4.271921608891777328e-02	1.044217943862862374e-01
2.336643013195502135e+03	1.561816767346675405e-01	9.571409487593057763e-02	3.113984211137882929e-01	1.975160649981064220e-01	9.187401893880854653e-02	4.278036420004080465e-02	1.045353591385712599e-01
2.351156323836467891e+03	1.557810575475902792e-01	9.543284207733879199e-02	3.116544833747522114e-01	1.976905807443082030e-01	9.195347787410024232e-02	4.284057713775425019e-02	1.046469812440694730e-01
2.365669634477433647e+03	1.553873450245822074e-01	9.515622968363025846e-02	3.119062251635734140e-01	1.978620155490150578e-01	9.203162248183678618e-02	4.289986842689295921e-02	1.047566936703827195e-01
2.380182945118399402e+03	1.550004208936863748e-01	9.488418029196803161e-02	3.121537215418875300e-01	1.980304227831675978e-01	9.210847423617457563e-02	4.295825142242856026e-02	1.048645288306007117e-01
2.394696255759364703e+03	1.546201689045061944e-01	9.461661779809486805e-02	3.123970462187028452e-01	1.981958549067648623e-01	9.218405426860382113e-02	4.301573931075004104e-02	1.049705185924907219e-01
2.409209566400331823e+03	1.542464747935646252e-01	9.435346737451044685e-02	3.126362715760086508e-01	1.983583634841449006e-01	9.225838337317796012e-02	4.307234511096685869e-02	1.050746942875398909e-01
2.423722877041296670e+03	1.538792262502619579e-01	9.409465544901426948e-02	3.128714686938658396e-01	1.985179991990157211e-01	9.233148201166987978e-02	4.312808167623299882e-02	1.051770867198525694e-01
2.438236187682262880e+03	1.535183128834210764e-01	9.384010968360838312e-02	3.131027073749920175e-01	1.986748118692409082e-01	9.240337031865594741e-02	4.318296169509034527e-02	1.052777261749045790e-01
2.452749498323228636e+03	1.531636261884102568e-01	9.358975895375371001e-02	3.133300561688513453e-01	1.988288504613830998e-01	9.247406810652843145e-02	4.323699769282992461e-02	1.053766424281565584e-01
2.467262808964194392e+03	1.528150595148334012e-01	9.334353332797434843e-02	3.135535823952602108e-01	1.989801631050099884e-01	9.254359487043745114e-02	4.329020203286956109e-02	1.054738647535284207e-01
2.481776119605160602e+03	1.524725080347775763e-01	9.310136404780379460e-02	3.137733521675195036e-01	1.991287971067658147e-01	9.261196979316299593e-02	4.334258691814652648e-02	1.055694219317371285e-01
2.496289430246126358e+03	1.521358687116083908e-01	9.286318350806767319e-02	3.139894304150833149e-01	1.992747989642123796e-01	9.267921174991812505e-02	4.339416439252385266e-02	1.056633422584995485e-01
2.510802740887092114e+03	1.518050402693032486e-01	9.262892523749710616e-02	3.142018809057741668e-01	1.994182143794431261e-01	9.274533931308394374e-02	4.344494634220909257e-02	1.057556535526025937e-01
2.525316051528057415e+03	1.514799231623132070e-01	9.239852387966741853e-02	3.144107662675546533e-01	1.995590882724737891e-01	9.281037075687732785e-02	4.349494449718421807e-02	1.058463831638426361e-01
2.539829362169024080e+03	1.511604195459445299e-01	9.217191517425669944e-02	3.146161480098650931e-01	1.996974647944131653e-01	9.287432406195215984e-02	4.354417043264553061e-02	1.059355579808360509e-01
2.554342672809989381e+03	1.508464332472503611e-01	9.194903593861881996e-02	3.148180865445363574e-01	1.998333873404176120e-01	9.293721691993478418e-02	4.359263557045239129e-02	1.060232044387029032e-01
2.568855983450955591e+03	1.505378697364238849e-01	9.172982404966574521e-02	3.150166412062869736e-01	1.999668985624322992e-01	9.299906673789468114e-02	4.364035118058380569e-02	1.061093485266257908e-01
2.583369294091921347e+03	1.502346360986840934e-01	9.151421842605401979e-02	3.152118702728139987e-01	2.000980403817230191e-01	9.305989064275088651e-02	4.368732838260169088e-02	1.061940157952854652e-01
2.597882604732887103e+03	1.499366410066456101e-01	9.130215901067020856e-02	3.154038309844851007e-01	2.002268540012015763e-01	9.311970548561521177e-02	4.373357814711990171e-02	1.062772313641754951e-01
2.612395915373853313e+03	1.496437946931644114e-01	9.109358675341054645e-02	3.155925795636417841e-01	2.003533799175479524e-01	9.317852784607283390e-02	4.377911129727807965e-02	1.063590199287975380e-01
2.626909226014819069e+03	1.493560089246504241e-01	9.088844359424952390e-02	3.157781712335207547e-01	2.004776579331328523e-01	9.323637403640107346e-02	4.382393851021933184e-02	1.064394057677391647e-01
2.641422536655784825e+03	1.490731969748396168e-01	9.068667244659303628e-02	3.159606602368028039e-01	2.005997271677434357e-01	9.329326010572726313e-02	4.386807031857096334e-02	1.065184127496360267e-01
2.655935847296750580e+03	1.487952735990172304e-01	9.048821718091100419e-02	3.161400998537958751e-01	2.007196260701152590e-01	9.334920184412620614e-02	4.391151711192733953e-02	1.065960643400201829e-01
2.670449157937716336e+03	1.485221550086842368e-01	9.029302260864492669e-02	3.163165424202611375e-01	2.008373924292740087e-01	9.340421478665822397e-02	4.395428913833415024e-02	1.066723836080563925e-01
2.684962468578682547e+03	1.482537588466594780e-01	9.010103446638573210e-02	3.164900393448887295e-01	2.009530633856894677e-01	9.345831421734840383e-02	4.399639650577327060e-02	1.067473932331679531e-01
2.699475779219648302e+03	1.479900041626097951e-01	8.991219940031758284e-02	3.166606411264311083e-01	2.010666754422452129e-01	9.351151517310773986e-02	4.403784918364751083e-02	1.068211155115540018e-01
2.713989089860614058e+03	1.477308113890008490e-01	8.972646495092287400e-02	3.168283973705012246e-01	2.011782644750264304e-01	9.356383244759715334e-02	4.407865700426447791e-02	1.068935723625998868e-01
2.728502400501579814e+03	1.474761023174609165e-01	8.954377953794438738e-02	3.169933568060422369e-01	2.012878657439293451e-01	9.361528059503469723e-02	4.411882966431907027e-02	1.069647853351822220e-01
2.743015711142545115e+03	1.472258000755511387e-01	8.936409244560007681e-02	3.171555673014757604e-01	2.013955139030945696e-01	9.366587393394705530e-02	4.415837672637373118e-02	1.070347756138704670e-01
2.757529021783511780e+03	1.469798291039345617e-01	8.918735380804640456e-02	3.173150758805358129e-01	2.015012430111676467e-01	9.371562655086590476e-02	4.419730762033606541e-02	1.071035640250264653e-01
2.772042332424477081e+03	1.467381151339372525e-01	8.901351459508592689e-02	3.174719287377942289e-01	2.016050865413889781e-01	9.376455230396973928e-02	4.423563164493306971e-02	1.071711710428036174e-01
2.786555643065443292e+03	1.465005851654948843e-01	8.884252659811522901e-02	3.176261712538850368e-01	2.017070773915166926e-01	9.381266482667202644e-02	4.427335796918158151e-02	1.072376167950473830e-01
2.801068953706408593e+03	1.462671674454777415e-01	8.867434241630903213e-02	3.177778480104327397e-01	2.018072478935842295e-01	9.385997753115629672e-02	4.431049563385427992e-02	1.073029210690984725e-01
2.815582264347374803e+03	1.460377914463878157e-01	8.850891544303662872e-02	3.179270028046921603e-01	2.019056298234959412e-01	9.390650361185891304e-02	4.434705355294089185e-02	1.073671033175004341e-01
2.830095574988341014e+03	1.458123878454214983e-01	8.834619985250660723e-02	3.180736786639045688e-01	2.020022544104630169e-01	9.395225604890007631e-02	4.438304051510395115e-02	1.074301826636131496e-01
2.844608885629306769e+03	1.455908885038915968e-01	8.818615058663628603e-02	3.182179178593764757e-01	2.020971523462822550e-01	9.399724761146388552e-02	4.441846518512882619e-02	1.074921779071335570e-01
2.859122196270272525e+03	1.453732264470020963e-01	8.802872334214188743e-02	3.183597619202872542e-01	2.021903537944606533e-01	9.404149086112814637e-02	4.445333610536750940e-02	1.075531075295253769e-01
2.873635506911238281e+03	1.451593358439701165e-01	8.787387455784577417e-02	3.184992516472304747e-01	2.022818883991875094e-01	9.408499815514433096e-02	4.448766169717573160e-02	1.076129896993589657e-01
2.888148817552204036e+03	1.449491519884885948e-01	8.772156140219727893e-02	3.186364271254948366e-01	2.023717852941573636e-01	9.412778164966867367e-02	4.452145026234313047e-02	1.076718422775630596e-01
