0.000000000000000000e+00	1.666653303026472410e-01	1.070580378213511208e-01	3.013158617465035438e-01	1.940061290678840034e-01	9.018143985893613268e-02	3.994386052824393935e-02	1.008293406734895176e-01
1.451331064096584811e+01	1.664667194534825423e-01	1.061362140555838912e-01	3.022872344855669358e-01	1.936180560846266219e-01	9.017135738531946443e-02	4.024587434874483255e-02	1.010745441857312382e-01
2.902662128193169622e+01	1.661970470791645227e-01	1.052935120564122695e-01	3.030544923149234293e-01	1.934470011996670680e-01	9.018160708105235623e-02	4.052235213468164537e-02	1.013039881331542769e-01
4.353993192289755143e+01	1.658704000425729463e-01	1.045181546041200893e-01	3.036865628810129225e-01	1.934166898009446467e-01	9.021040437728616856e-02	4.077625016537850949e-02	1.015215381277403267e-01
5.805324256386339954e+01	1.654983853616986411e-01	1.038003139663981195e-01	3.042284474127035510e-01	1.934772902091177471e-01	9.025563422752334863e-02	4.101019321862181544e-02	1.017297356029923799e-01
7.256655320482924765e+01	1.650905788762410120e-01	1.031317816366759121e-01	3.047095341659580292e-01	1.935962398529604278e-01	9.031510766455409789e-02	4.122649513463018389e-02	1.019302626680359536e-01
8.707986384579510286e+01	1.646548866699084346e-01	1.025056953534207865e-01	3.051490234989350792e-01	1.937522559544365419e-01	9.038670856286108723e-02	4.142718558259532446e-02	1.021242443768984320e-01
1.015931744867609581e+02	1.641978381930114528e-01	1.019163130293654768e-01	3.055594679762129728e-01	1.939314249824163339e-01	9.046847176891557873e-02	4.161403896699889665e-02	1.023124450821349812e-01
1.161064851277267991e+02	1.637248253291149480e-01	1.013588252431251863e-01	3.059490823602850629e-01	1.941246491245406935e-01	9.055861901829155569e-02	4.178860309750821039e-02	1.024953958261900916e-01
1.306197957686926259e+02	1.632402982706288586e-01	1.008291995278269154e-01	3.063232508694745948e-01	1.943259786606564288e-01	9.065556950228330357e-02	4.195222630693531962e-02	1.026734768612503207e-01
1.451331064096584669e+02	1.627479266035134486e-01	1.003240509422050758e-01	3.066855106161505695e-01	1.945315227135351599e-01	9.075793576610201308e-02	4.210608235980010244e-02	1.028469709977494068e-01
1.596464170506243647e+02	1.622507321761225696e-01	9.984053440807164059e-02	3.070381932437900585e-01	1.947387376327332775e-01	9.086451163484222937e-02	4.225119289433110908e-02	1.030160980091648915e-01
1.741597276915902057e+02	1.617511989552754825e-01	9.937625510165995490e-02	3.073828435440373874e-01	1.949459619660636189e-01	9.097425630277887476e-02	4.238844737707322258e-02	1.031810367521672628e-01
1.886730383325560467e+02	1.612513640263995018e-01	9.892919383759178620e-02	3.077204925646980782e-01	1.951521124683348041e-01	9.108627708504599130e-02	4.251862068224115943e-02	1.033419393347444898e-01
2.031863489735219162e+02	1.607528930858455607e-01	9.849764491504675590e-02	3.080518357863447076e-01	1.953564852942766272e-01	9.119981229220455732e-02	4.264238847657139675e-02	1.034989401487662330e-01
2.176996596144877287e+02	1.602571431405701019e-01	9.808016433042754390e-02	3.083773493688698464e-01	1.955586259081981415e-01	9.131421503553087404e-02	4.276034061968433247e-02	1.036521615957750053e-01
2.322129702554535982e+02	1.597652146296043574e-01	9.767552661817840987e-02	3.086973659996120611e-01	1.957582438978378858e-01	9.142893836628607218e-02	4.287299279580265854e-02	1.038017176917344353e-01
2.467262808964194392e+02	1.592779947817069275e-01	9.728268887609528570e-02	3.090121243902734793e-01	1.959551571413596094e-01	9.154352190640371867e-02	4.298079658514441376e-02	1.039477163180724251e-01
2.612395915373852517e+02	1.587961937014273628e-01	9.690076077505498098e-02	3.093218015862551074e-01	1.961492551701135012e-01	9.165757998311523103e-02	4.308414816870618363e-02	1.040902606143834785e-01
2.757529021783511780e+02	1.583203744145603442e-01	9.652897955484086856e-02	3.096265340656854659e-01	1.963404750913980701e-01	9.177079119867516399e-02	4.318339584233535366e-02	1.042294498315606555e-01
2.902662128193169337e+02	1.578509778909170380e-01	9.616668917509746395e-02	3.099264315266068159e-01	1.965287857350060396e-01	9.188288932451654789e-02	4.327884649727514049e-02	1.043653798496368967e-01
3.047795234602828600e+02	1.573883438877780871e-01	9.581332292943871287e-02	3.102215859046718593e-01	1.967141771890805191e-01	9.199365539147004445e-02	4.337077120608795466e-02	1.044981434905287859e-01
3.192928341012487294e+02	1.569327283138302886e-01	9.546838894628220662e-02	3.105120772791333250e-01	1.968966538716917514e-01	9.210291084431874997e-02	4.345941003574502193e-02	1.046278307080546061e-01
3.338061447422145420e+02	1.564843176949593240e-01	9.513145809610935866e-02	3.107979777479973893e-01	1.970762299253498995e-01	9.221051163375058868e-02	4.354497619405688080e-02	1.047545287068325226e-01
3.483194553831804114e+02	1.560432412253390244e-01	9.480215390487085891e-02	3.110793539770020932e-01	1.972529261404097067e-01	9.231634312785361174e-02	4.362765960162684475e-02	1.048783220219538515e-01
3.628327660241463377e+02	1.556095808061174479e-01	9.448014413989609672e-02	3.113562688817964053e-01	1.974267678870420262e-01	9.242031573631143138e-02	4.370762996912096882e-02	1.049992925787716219e-01
3.773460766651120935e+02	1.551833794066708738e-01	9.416513379018122409e-02	3.116287827427988155e-01	1.975977837144427818e-01	9.252236115198192445e-02	4.378503944877329412e-02	1.051175197442071191e-01
3.918593873060780197e+02	1.547646480274593728e-01	9.385685920919230318e-02	3.118969539480024311e-01	1.977660043930637435e-01	9.262242912576908183e-02	4.386002491955793420e-02	1.052330803760111178e-01
4.063726979470438323e+02	1.543533714970018178e-01	9.355508322687712541e-02	3.121608394910883044e-01	1.979314622523270228e-01	9.272048470118882113e-02	4.393270995721974825e-02	1.053460488733531514e-01
4.208860085880095880e+02	1.539495132967767244e-01	9.325959106972073198e-02	3.124204953079679492e-01	1.980941907165283677e-01	9.281650584457866449e-02	4.400320653322201125e-02	1.054564972302615977e-01
4.353993192289755143e+02	1.535530195756218963e-01	9.297018695447482883e-02	3.126759765060630469e-01	1.982542239745923307e-01	9.291048141544258621e-02	4.407161648050889752e-02	1.055644950923525088e-01
4.499126298699413837e+02	1.531638224883527799e-01	9.268669124353168254e-02	3.129273375218595277e-01	1.984115967409929571e-01	9.300240942897057550e-02	4.413803275866921838e-02	1.056701098166794167e-01
4.644259405109071963e+02	1.527818429709422721e-01	9.240893806854018344e-02	3.131746322300524299e-01	1.985663440793957180e-01	9.309229556938518335e-02	4.420254054651411718e-02	1.057734065342263302e-01
4.789392511518730657e+02	1.524069930459508448e-01	9.213677334439322741e-02	3.134179140196342583e-01	1.987185012699700104e-01	9.318015191852718759e-02	4.426521818614671810e-02	1.058744482144340360e-01
4.934525617928388783e+02	1.520391777363439834e-01	9.187005310866573626e-02	3.136572358470908206e-01	1.988681037075310520e-01	9.326599586908398964e-02	4.432613799921867465e-02	1.059732957311220330e-01
5.079658724338048046e+02	1.516782966528657794e-01	9.160864213238129050e-02	3.138926502734821766e-01	1.990151868217880926e-01	9.334984919617919652e-02	4.438536699316105588e-02	1.060700079291987674e-01
5.224791830747705035e+02	1.513242453093218698e-01	9.135241275698866015e-02	3.141242094899743820e-01	1.991597860137197529e-01	9.343173726476036722e-02	4.444296747267888203e-02	1.061646416916125074e-01
5.369924937157364866e+02	1.509769162111047336e-01	9.110124391993749959e-02	3.143519653349378107e-01	1.993019366039340823e-01	9.351168835342253682e-02	4.449899756965267766e-02	1.062572520060671155e-01
5.515058043567023560e+02	1.506361997547701892e-01	9.085502033750104955e-02	3.145759693047742167e-01	1.994416737901070769e-01	9.358973307805608377e-02	4.455351170274688549e-02	1.063478920311009962e-01
5.660191149976681118e+02	1.503019849701993926e-01	9.061363181871344430e-02	3.147962725600014222e-01	1.995790326114328661e-01	9.366590390106954711e-02	4.460656097644165319e-02	1.064366131611982069e-01
5.805324256386339812e+02	1.499741601316437745e-01	9.037697268863945088e-02	3.150129259277051896e-01	1.997140479185934847e-01	9.374023471396550344e-02	4.465819352784417690e-02	1.065234650906650427e-01
5.950457362795999643e+02	1.496526132595855374e-01	9.014494130282245388e-02	3.152259799011798425e-01	1.998467543481522724e-01	9.381276048278679169e-02	4.470845482846706048e-02	1.066084958760626783e-01
6.095590469205657200e+02	1.493372325317028904e-01	8.991743963778021931e-02	3.154354846373853549e-01	1.999771863005536943e-01	9.388351694744193066e-02	4.475738794715739682e-02	1.066917519970352196e-01
6.240723575615315895e+02	1.490279066181907919e-01	8.969437294493876056e-02	3.156414899527091311e-01	2.001053779211078298e-01	9.395254036719759283e-02	4.480503377949736354e-02	1.067732784154152154e-01
6.385856682024975726e+02	1.487245249541537806e-01	8.947564945749625354e-02	3.158440453174237161e-01	2.002313630834807179e-01	9.401986730572287065e-02	4.485143124825556604e-02	1.068531186325237387e-01
6.530989788434633283e+02	1.484269779596734673e-01	8.926118014145992263e-02	3.160431998491569083e-01	2.003551753753131104e-01	9.408553445001020810e-02	4.489661747883134241e-02	1.069313147446116496e-01
6.676122894844290840e+02	1.481351572163896457e-01	8.905087848355927593e-02	3.162390023056362853e-01	2.004768480856678470e-01	9.414957845830441985e-02	4.494062795308605834e-02	1.070079074964130350e-01
6.821256001253949535e+02	1.478489556079634615e-01	8.884466030995505359e-02	3.164315010769260805e-01	2.005964141940628775e-01	9.421203583286276440e-02	4.498349664448456076e-02	1.070829363328017897e-01
6.966389107663608229e+02	1.475682674305643649e-01	8.864244363067796950e-02	3.166207441773386533e-01	2.007139063608910923e-01	9.427294281396179920e-02	4.502525613706478275e-02	1.071564394485579885e-01
7.111522214073266923e+02	1.472929884784992538e-01	8.844414850557547059e-02	3.168067792371748181e-01	2.008293569190623129e-01	9.433233529207585288e-02	4.506593773040500767e-02	1.072284538362639622e-01
7.256655320482924481e+02	1.470230161092495047e-01	8.824969692824942424e-02	3.169896534944226518e-01	2.009427978667287229e-01	9.439024873558789219e-02	4.510557153245873391e-02	1.072990153323598456e-01
7.401788426892584312e+02	1.467582492914695225e-01	8.805901272505410604e-02	3.171694137865216367e-01	2.010542608609778292e-01	9.444671813176833131e-02	4.514418654186892060e-02	1.073681586613964012e-01
7.546921533302243006e+02	1.464985886389071623e-01	8.787202146671266312e-02	3.173461065422855110e-01	2.011637772123923695e-01	9.450177793907835189e-02	4.518181072115182162e-02	1.074359174785289028e-01
7.692054639711900563e+02	1.462439364327118574e-01	8.768865039051722265e-02	3.175197777740561556e-01	2.012713778803920939e-01	9.455546204913008179e-02	4.521847106194920585e-02	1.075023244103001790e-01
7.837187746121558121e+02	1.459941966341835595e-01	8.750882833141750139e-02	3.176904730701522461e-01	2.013770934692826753e-01	9.460780375687269372e-02	4.525419364338366390e-02	1.075674110937645256e-01
7.982320852531219089e+02	1.457492748896713763e-01	8.733248566058499085e-02	3.178582375876607413e-01	2.014809542249473839e-01	9.465883573777658655e-02	4.528900368440990504e-02	1.076312082140058607e-01
8.127453958940876646e+02	1.455090785290446831e-01	8.715955423027518800e-02	3.180231160456124528e-01	2.015829900321241819e-01	9.470859003096218642e-02	4.532292559093307333e-02	1.076937455401051069e-01
8.272587065350534203e+02	1.452735165589195687e-01	8.698996732400662846e-02	3.181851527185706185e-01	2.016832304122179176e-01	9.475709802736960452e-02	4.535598299836014757e-02	1.077550519596123940e-01
8.417720171760191761e+02	1.450424996516248288e-01	8.682365961123834908e-02	3.183443914306568479e-01	2.017817045216032112e-01	9.480439046219424348e-02	4.538819881015992291e-02	1.078151555115795246e-01
8.562853278169851592e+02	1.448159401307254068e-01	8.666056710586378387e-02	3.185008755500290389e-01	2.018784411503778686e-01	9.485049741092366204e-02	4.541959523292912748e-02	1.078740834182080333e-01
8.707986384579510286e+02	1.445937519537829063e-01	8.650062712795197895e-02	3.186546479838229251e-01	2.019734687215307689e-01	9.489544828840583424e-02	4.545019380839513540e-02	1.079318621151673652e-01
8.853119490989170117e+02	1.443758506929168350e-01	8.634377826826156177e-02	3.188057511735617466e-01	2.020668152904920301e-01	9.493927185046058259e-02	4.548001544272768648e-02	1.079885172806364646e-01
8.998252597398827675e+02	1.441621535136351495e-01	8.618996035513099008e-02	3.189542270910356581e-01	2.021585085450358643e-01	9.498199619761599211e-02	4.550908043348204229e-02	1.080440738631211900e-01
9.143385703808486369e+02	1.439525791523215970e-01	8.603911442341451166e-02	3.191001172346481507e-01	2.022485758055094507e-01	9.502364878061150821e-02	4.553740849445322980e-02	1.080985561080985285e-01
9.288518810218145063e+02	1.437470478927012907e-01	8.589118268518713961e-02	3.192434626262241615e-01	2.023370440253630387e-01	9.506425640736117233e-02	4.556501877868340822e-02	1.081519875835367794e-01
9.433651916627801484e+02	1.435454815415502794e-01	8.574610850198752243e-02	3.193843038082720964e-01	2.024239397919593286e-01	9.510384525111514886e-02	4.559192989983281569e-02	1.082043912043398476e-01
9.578785023037459041e+02	1.433478034038682125e-01	8.560383635840529415e-02	3.195226808416892217e-01	2.025092893276406458e-01	9.514244085959516761e-02	4.561815995209670543e-02	1.082557892557617779e-01
9.723918129447120009e+02	1.431539382576954011e-01	8.546431183685078425e-02	3.196586333038995975e-01	2.025931184910352845e-01	9.518006816491293709e-02	4.564372652882701942e-02	1.083062034158360359e-01
9.869051235856777566e+02	1.429638123287226281e-01	8.532748159337096017e-02	3.197922002874105107e-01	2.026754527785852855e-01	9.521675149410828431e-02	4.566864673999680019e-02	1.083556547768626810e-01
1.001418434226643626e+03	1.427773532648166366e-01	8.519329333439765173e-02	3.199234203987741942e-01	2.027563173262784957e-01	9.525251458016799344e-02	4.569293722862760587e-02	1.084041638659946072e-01
1.015931744867609382e+03	1.425944901105604123e-01	8.506169579433188466e-02	3.200523317579397897e-01	2.028357369115703912e-01	9.528738057340738199e-02	4.571661418628474027e-02	1.084517506649625568e-01
1.030445055508575479e+03	1.424151532818905552e-01	8.493263871388308239e-02	3.201789719979797333e-01	2.029137359554808173e-01	9.532137205311398687e-02	4.573969336773182209e-02	1.084984346289770696e-01
1.044958366149541234e+03	1.422392745408976311e-01	8.480607281909501027e-02	3.203033782651753536e-01	2.029903385248524039e-01	9.535451103936844197e-02	4.576219010482464322e-02	1.085442347048437006e-01
1.059471676790506763e+03	1.420667869708428510e-01	8.468194980100005043e-02	3.204255872194448074e-01	2.030655683347578622e-01	9.538681900497056332e-02	4.578411931971446830e-02	1.085891693483265752e-01
1.073984987431472746e+03	1.418976249514344867e-01	8.456022229585299921e-02	3.205456350350990857e-01	2.031394487510447822e-01	9.541831688740988471e-02	4.580549553742208763e-02	1.086332565407939210e-01
1.088498298072438729e+03	1.417317241343976353e-01	8.444084386590178237e-02	3.206635574019073287e-01	2.032120027930067463e-01	9.544902510082992064e-02	4.582633289783666353e-02	1.086765138051772189e-01
1.103011608713404712e+03	1.415690214193644769e-01	8.432376898065960247e-02	3.207793895264582917e-01	2.032832531361700723e-01	9.547896354794296880e-02	4.584664516718676974e-02	1.087189582212750721e-01
1.117524919354370468e+03	1.414094549301059267e-01	8.420895299864721018e-02	3.208931661338003671e-01	2.033532221151870822e-01	9.550815163186031354e-02	4.586644574902563887e-02	1.087606064404307155e-01
1.132038229995336451e+03	1.412529639911201951e-01	8.409635214957870974e-02	3.210049214693456165e-01	2.034219317268260441e-01	9.553660826780797921e-02	4.588574769476744947e-02	1.088014746996113918e-01
1.146551540636302207e+03	1.410994891045904698e-01	8.398592351696763936e-02	3.211146893010219938e-01	2.034894036330495704e-01	9.556435189470387226e-02	4.590456371380760570e-02	1.088415788349162416e-01
1.161064851277267962e+03	1.409489719277197128e-01	8.387762502113314811e-02	3.212225029216604910e-01	2.035556591641732860e-01	9.559140048657642497e-02	4.592290618325604173e-02	1.088809342945382813e-01
1.175578161918233945e+03	1.408013552504480403e-01	8.377141540258827013e-02	3.213283951516013870e-01	2.036207193220969103e-01	9.561777156380851794e-02	4.594078715730944007e-02	1.089195561512048688e-01
1.190091472559199701e+03	1.406565829735563489e-01	8.366725420579453065e-02	3.214323983415060537e-01	2.036846047836008422e-01	9.564348220419417734e-02	4.595821837628560891e-02	1.089574591141198728e-01
1.204604783200165684e+03	1.405146000871569101e-01	8.356510176326908956e-02	3.215345443753618304e-01	2.037473359037011988e-01	9.566854905379779117e-02	4.597521127534066887e-02	1.089946575404299040e-01
1.219118093841131440e+03	1.403753526495712944e-01	8.346491918003147437e-02	3.216348646736661432e-01	2.038089327190569511e-01	9.569298833760811474e-02	4.599177699288767990e-02	1.090311654462357699e-01
1.233631404482097196e+03	1.402387877665938476e-01	8.336666831837885594e-02	3.217333901967772691e-01	2.038694149514232723e-01	9.571681586998155578e-02	4.600792637873341723e-02	1.090669965171692374e-01
1.248144715123063179e+03	1.401048535711381937e-01	8.327031178297919500e-02	3.218301514484208647e-01	2.039288020111451605e-01	9.574004706487072858e-02	4.602367000194861058e-02	1.091021641185547231e-01
1.262658025764028707e+03	1.399734992032636571e-01	8.317581290627309998e-02	3.219251784793395466e-01	2.039871130006861988e-01	9.576269694583570968e-02	4.603901815848514961e-02	1.091366813051741491e-01
1.277171336404994690e+03	1.398446747905775500e-01	8.308313573417547282e-02	3.220185008910750324e-01	2.040443667181874032e-01	9.578478015583664906e-02	4.605398087855297473e-02	1.091705608306524911e-01
1.291684647045960673e+03	1.397183314290085521e-01	8.299224501206890758e-02	3.221101478398726292e-01	2.041005816610511059e-01	9.580631096680750081e-02	4.606856793376787329e-02	1.092038151564810322e-01
1.306197957686926657e+03	1.395944211639468524e-01	8.290310617108123670e-02	3.222001480406972429e-01	2.041557760295458768e-01	9.582730328901151173e-02	4.608278884408083254e-02	1.092364564606940341e-01
1.320711268327892412e+03	1.394728969717452804e-01	8.281568531464020277e-02	3.222885297713519170e-01	2.042099677304279048e-01	9.584777068017957813e-02	4.609665288449837223e-02	1.092684966462143387e-01
1.335224578968857941e+03	1.393537127415761523e-01	8.272994920529838647e-02	3.223753208766893530e-01	2.042631743805750355e-01	9.586772635443355228e-02	4.611016909160281507e-02	1.092999473488823065e-01
1.349737889609823924e+03	1.392368232576383924e-01	8.264586525182227028e-02	3.224605487729079734e-01	2.043154133106296899e-01	9.588718319099669152e-02	4.612334626988063430e-02	1.093308199451819701e-01
1.364251200250789907e+03	1.391221841817085469e-01	8.256340149653923488e-02	3.225442404519238138e-01	2.043667015686473631e-01	9.590615374269424731e-02	4.613619299786660133e-02	1.093611255596778215e-01
1.378764510891755890e+03	1.390097520360308037e-01	8.248252660293657612e-02	3.226264224858108043e-01	2.044170559237470652e-01	9.592465024424709497e-02	4.614871763411063088e-02	1.093908750721746814e-01
1.393277821532721646e+03	1.388994841865389407e-01	8.240320984350742173e-02	3.227071210313015026e-01	2.044664928697610962e-01	9.594268462036184553e-02	4.616092832297413046e-02	1.094200791246127263e-01
1.407791132173687402e+03	1.387913388264052916e-01	8.232542108783766355e-02	3.227863618343415064e-01	2.045150286288807684e-01	9.596026849362118694e-02	4.617283300026195358e-02	1.094487481277093416e-01
1.422304442814653157e+03	1.386852749599102874e-01	8.224913079092911750e-02	3.228641702346904951e-01	2.045626791552958013e-01	9.597741319217785450e-02	4.618443939869575077e-02	1.094768922673584471e-01
1.436817753455619140e+03	1.385812523866266632e-01	8.217430998175381807e-02	3.229405711705636284e-01	2.046094601388246670e-01	9.599412975725646335e-02	4.619575505323435249e-02	1.095045215107981473e-01
1.451331064096585123e+03	1.384792316859126682e-01	8.210093025203461792e-02	3.230155891833073611e-01	2.046553870085336957e-01	9.601042895046688064e-02	4.620678730624618730e-02	1.095316456125563498e-01
1.465844374737550879e+03	1.383791742017085047e-01	8.202896374524736023e-02	3.230892484221036254e-01	2.047004749363423026e-01	9.602632126093328668e-02	4.621754331253876552e-02	1.095582741201839988e-01
1.480357685378516862e+03	1.382810420276298358e-01	8.195838314584016904e-02	3.231615726486973816e-01	2.047447388406128110e-01	9.604181691224279727e-02	4.622803004424985013e-02	1.095844163797850546e-01
1.494870996019482618e+03	1.381847979923533365e-01	8.188916166866520852e-02	3.232325852421420453e-01	2.047881933897227613e-01	9.605692586921799059e-02	4.623825429560473460e-02	1.096100815413518365e-01
1.509384306660448374e+03	1.380904056452881001e-01	8.182127304861891437e-02	3.233023092035583468e-01	2.048308530056177357e-01	9.607165784451705826e-02	4.624822268754383292e-02	1.096352785639138905e-01
1.523897617301414357e+03	1.379978292425277919e-01	8.175469153048624260e-02	3.233707671609015732e-01	2.048727318673434217e-01	9.608602230506577135e-02	4.625794167222466863e-02	1.096600162205084300e-01
1.538410927942380113e+03	1.379070337330777496e-01	8.168939185898481392e-02	3.234379813737335296e-01	2.049138439145548329e-01	9.610002847832525841e-02	4.626741753740198915e-02	1.096843031029797882e-01
1.552924238583346096e+03	1.378179847453521178e-01	8.162534926900508192e-02	3.235039737379944436e-01	2.049542028510019376e-01	9.611368535839949490e-02	4.627665641068986341e-02	1.097081476266150574e-01
1.567437549224311852e+03	1.377306485739353825e-01	8.156253947604234777e-02	3.235687657907720394e-01	2.049938221479899458e-01	9.612700171198640398e-02	4.628566426370911424e-02	1.097315580346227698e-01
1.581950859865277607e+03	1.376449921666033638e-01	8.150093866681723531e-02	3.236323787150632292e-01	2.050327150478129246e-01	9.613998608417645420e-02	4.629444691612361745e-02	1.097545424024611721e-01
1.596464170506243590e+03	1.375609831115985060e-01	8.144052349008028269e-02	3.236948333445256454e-01	2.050708945671601280e-01	9.615264680410247344e-02	4.630301003956869416e-02	1.097771086420222947e-01
1.610977481147209119e+03	1.374785896251544681e-01	8.138127104759740327e-02	3.237561501682157394e-01	2.051083735004935182e-01	9.616499199044446777e-02	4.631135916147462867e-02	1.097992645056777988e-01
1.625490791788175102e+03	1.373977805392652407e-01	8.132315888531251036e-02	3.238163493353105604e-01	2.051451644233958926e-01	9.617702955679298393e-02	4.631949966878848995e-02	1.098210175901923047e-01
1.640004102429141085e+03	1.373185252896937936e-01	8.126616498468369754e-02	3.238754506598105487e-01	2.051812796958884522e-01	9.618876721687480424e-02	4.632743681159710858e-02	1.098423753405095571e-01
1.654517413070107068e+03	1.372407939042157854e-01	8.121026775418957455e-02	3.239334736252205693e-01	2.052167314657173391e-01	9.620021248964412408e-02	4.633517570665396379e-02	1.098633450534165917e-01
1.669030723711072824e+03	1.371645569910933948e-01	8.115544602100246974e-02	3.239904373892071865e-01	2.052515316716082283e-01	9.621137270424294508e-02	4.634272134081280498e-02	1.098839338810909810e-01
1.683544034352038352e+03	1.370897857277752208e-01	8.110167902282500174e-02	3.240463607882292374e-01	2.052856920464883883e-01	9.622225500483397309e-02	4.635007857437049156e-02	1.099041488345356976e-01
1.698057344993004335e+03	1.370164518498171724e-01	8.104894639988703686e-02	3.241012623421409833e-01	2.053192241206756030e-01	9.623286635530908795e-02	4.635725214432179220e-02	1.099239967869063139e-01
1.712570655633970318e+03	1.369445276400207134e-01	8.099722818709952088e-02	3.241551602587642300e-01	2.053521392250337030e-01	9.624321354387695149e-02	4.636424666752832907e-02	1.099434844767345210e-01
1.727083966274936301e+03	1.368739859177834639e-01	8.094650480636246537e-02	3.242080724384290846e-01	2.053844484940937909e-01	9.625330318753247405e-02	4.637106664380432480e-02	1.099626185110524068e-01
1.741597276915902057e+03	1.368048000286585797e-01	8.089675705902368841e-02	3.242600164784807948e-01	2.054161628691411057e-01	9.626314173641142835e-02	4.637771645892119210e-02	1.099814053684212700e-01
1.756110587556867813e+03	1.367369438341182741e-01	8.084796611848560355e-02	3.243110096777517271e-01	2.054472931012671366e-01	9.627273547803322229e-02	4.638420038753341551e-02	1.099998514018686452e-01
1.770623898197833569e+03	1.366703917015181236e-01	8.080011352295692062e-02	3.243610690409968744e-01	2.054778497543866544e-01	9.628209054143450907e-02	4.639052259602773065e-02	1.100179628417371908e-01
1.785137208838799552e+03	1.366051184942573271e-01	8.075318116834648285e-02	3.244102112832913942e-01	2.055078432082193540e-01	9.629121290119668775e-02	4.639668714529779359e-02	1.100357457984489501e-01
1.799650519479765535e+03	1.365410995621317847e-01	8.070715130129650638e-02	3.244584528343896213e-01	2.055372836612359422e-01	9.630010838136984774e-02	4.640269799344625551e-02	1.100532062651880943e-01
1.814163830120731291e+03	1.364783107318760236e-01	8.066200651235223840e-02	3.245058098430435023e-01	2.055661811335685596e-01	9.630878265929604387e-02	4.640855899841638682e-02	1.100703501205053253e-01
1.828677140761696819e+03	1.364167282978899776e-01	8.061772972926564695e-02	3.245522981812807850e-01	2.055945454698853980e-01	9.631724126933441377e-02	4.641427392055496454e-02	1.100871831308469495e-01
1.843190451402663257e+03	1.363563290131471761e-01	8.057430421043025592e-02	3.245979334486408519e-01	2.056223863422293463e-01	9.632548960649055247e-02	4.641984642510842834e-02	1.101037109530114549e-01
1.857703762043628785e+03	1.362970900802809582e-01	8.053171353844465474e-02	3.246427309763684210e-01	2.056497132528206095e-01	9.633353292995298911e-02	4.642528008465404005e-02	1.101199391365363378e-01
1.872217072684594768e+03	1.362389891428447963e-01	8.048994161380203238e-02	3.246867058315633381e-01	2.056765355368234960e-01	9.634137636653880565e-02	4.643057838146779498e-02	1.101358731260177054e-01
1.886730383325560297e+03	1.361820042767435956e-01	8.044897264870336240e-02	3.247298728212870134e-01	2.057028623650770660e-01	9.634902491405096525e-02	4.643574470983081320e-02	1.101515182633652223e-01
1.901243693966526507e+03	1.361261139818324140e-01	8.040879116099182433e-02	3.247722464966238398e-01	2.057287027467897267e-01	9.635648344454958436e-02	4.644078237827580641e-02	1.101668797899948010e-01
1.915757004607492036e+03	1.360712971736797172e-01	8.036938196820583857e-02	3.248138411566982020e-01	2.057540655321983269e-01	9.636375670753945244e-02	4.644569461177528585e-02	1.101819628489612291e-01
1.930270315248458019e+03	1.360175331754912287e-01	8.033073018174867463e-02	3.248546708526453553e-01	2.057789594151910040e-01	9.637084933307582535e-02	4.645048455387303793e-02	1.101967724870329540e-01
1.944783625889424002e+03	1.359648017101917905e-01	8.029282120117214872e-02	3.248947493915373963e-01	2.058033929358944747e-01	9.637776583479075454e-02	4.645515526876035917e-02	1.102113136567111767e-01
1.959296936530389530e+03	1.359130828926620738e-01	8.025564070857224563e-02	3.249340903402622716e-01	2.058273744832259666e-01	9.638451061284200594e-02	4.645970974329855646e-02	1.102255912181950709e-01
1.973810247171355968e+03	1.358623572221265841e-01	8.021917466309429201e-02	3.249727070293572107e-01	2.058509122974093164e-01	9.639108795678646979e-02	4.646415088898911416e-02	1.102396099412952107e-01
1.988323557812321269e+03	1.358126055746908256e-01	8.018340929554580720e-02	3.250106125567952531e-01	2.058740144724562071e-01	9.639750204838012926e-02	4.646848154389293661e-02	1.102533745072970112e-01
2.002836868453287707e+03	1.357638091960238769e-01	8.014833110311464504e-02	3.250478197917252010e-01	2.058966889586122673e-01	9.640375696430641961e-02	4.647270447450002617e-02	1.102668895107758035e-01
2.017350179094252780e+03	1.357159496941838794e-01	8.011392684419052501e-02	3.250843413781646651e-01	2.059189435647680311e-01	9.640985667883490706e-02	4.647682237755083878e-02	1.102801594613653929e-01
2.031863489735218764e+03	1.356690090325838594e-01	8.008018353328776040e-02	3.251201897386468143e-01	2.059407859608355651e-01	9.641580506641206361e-02	4.648083788181071180e-02	1.102931887854814580e-01
2.046376800376184747e+03	1.356229695230946330e-01	8.004708843606733737e-02	3.251553770778196628e-01	2.059622236800906780e-01	9.642160590418581700e-02	4.648475354979846041e-02	1.103059818280017063e-01
2.060890111017150957e+03	1.355778138192824944e-01	8.001462906445636070e-02	3.251899153859986735e-01	2.059832641214808524e-01	9.642726287446570788e-02	4.648857187947050967e-02	1.103185428539037866e-01
2.075403421658116713e+03	1.355335249097786576e-01	7.998279317186279824e-02	3.252238164426731193e-01	2.060039145518991199e-01	9.643277956712026366e-02	4.649229530586158898e-02	1.103308760498628027e-01
2.089916732299082469e+03	1.354900861117784572e-01	7.995156874848391437e-02	3.252570918199653160e-01	2.060241821084247971e-01	9.643815948191326870e-02	4.649592620268322429e-02	1.103429855258094838e-01
2.104430042940048224e+03	1.354474810646670302e-01	7.992094401670624126e-02	3.252897528860430598e-01	2.060440738005303030e-01	9.644340603078035978e-02	4.649946688388109650e-02	1.103548753164504126e-01
2.118943353581013525e+03	1.354056937237696490e-01	7.989090742659556155e-02	3.253218108084864335e-01	2.060635965122553370e-01	9.644852254004759873e-02	4.650291960515238326e-02	1.103665493827515887e-01
2.133456664221980191e+03	1.353647083542236784e-01	7.986144765147493163e-02	3.253532765576077068e-01	2.060827570043481660e-01	9.645351225259367334e-02	4.650628656542406258e-02	1.103780116133863815e-01
2.147969974862945492e+03	1.353245095249702157e-01	7.983255358358916365e-02	3.253841609097257170e-01	2.061015619163741874e-01	9.645837832995682315e-02	4.650956990829326759e-02	1.103892658261492188e-01
2.162483285503912157e+03	1.352850821028629691e-01	7.980421432985390640e-02	3.254144744503940645e-01	2.061200177687928237e-01	9.646312385438821080e-02	4.651277172343072641e-02	1.104003157693358855e-01
2.176996596144877003e+03	1.352464112468918511e-01	7.977641920768786810e-02	3.254442275775840110e-01	2.061381309650021365e-01	9.646775183085301575e-02	4.651589404794805732e-02	1.104111651230916397e-01
2.191509906785843214e+03	1.352084824025192311e-01	7.974915774092627974e-02	3.254734305048220255e-01	2.061559077933522721e-01	9.647226518898056880e-02	4.651893886773015435e-02	1.104218175007280756e-01
2.206023217426809424e+03	1.351712812961266552e-01	7.972241965581423895e-02	3.255020932642823106e-01	2.061733544291274589e-01	9.647666678496495674e-02	4.652190811873328086e-02	1.104322764500097059e-01
2.220536528067775180e+03	1.351347939295697020e-01	7.969619487707828298e-02	3.255302257098348639e-01	2.061904769364972800e-01	9.648095940341717969e-02	4.652480368825001600e-02	1.104425454544112617e-01
2.235049838708740936e+03	1.350990065748390867e-01	7.967047352407460870e-02	3.255578375200488539e-01	2.062072812704375258e-01	9.648514575917029046e-02	4.652762741614173414e-02	1.104526279343464729e-01
2.249563149349706237e+03	1.350639057688255706e-01	7.964524590701241302e-02	3.255849382011523074e-01	2.062237732786206534e-01	9.648922849903866783e-02	4.653038109603957473e-02	1.104625272483692883e-01
2.264076459990672902e+03	1.350294783081871508e-01	7.962050252325109101e-02	3.256115370899480554e-01	2.062399587032766601e-01	9.649321020353250622e-02	4.653306647651465205e-02	1.104722466943483805e-01
2.278589770631638203e+03	1.349957112443160301e-01	7.959623405366943183e-02	3.256376433566860462e-01	2.062558431830242567e-01	9.649709338852886786e-02	4.653568526221835144e-02	1.104817895106155468e-01
2.293103081272604413e+03	1.349625918784035927e-01	7.957243135910595233e-02	3.256632660078931929e-01	2.062714322546731482e-01	9.650088050690021346e-02	4.653823911499351679e-02	1.104911588770889769e-01
2.307616391913570169e+03	1.349301077566016915e-01	7.954908547686834197e-02	3.256884138891605329e-01	2.062867313549971993e-01	9.650457395010161865e-02	4.654072965495716779e-02	1.105003579163720551e-01
2.322129702554535925e+03	1.348982466652780265e-01	7.952618761731126973e-02	3.257130956878881434e-01	2.063017458224795930e-01	9.650817604971771713e-02	4.654315846155561431e-02	1.105093896948282778e-01
2.336643013195502135e+03	1.348669966263638387e-01	7.950372916048073502e-02	3.257373199359884786e-01	2.063164808990294863e-01	9.651168907897036964e-02	4.654552707459259919e-02	1.105182572236331207e-01
2.351156323836467891e+03	1.348363458927923086e-01	7.948170165282390787e-02	3.257610950125481852e-01	2.063309417316712968e-01	9.651511525418818294e-02	4.654783699523123985e-02	1.105269634598034928e-01
2.365669634477433647e+03	1.348062829440256905e-01	7.946009680396314001e-02	3.257844291464493391e-01	2.063451333742063187e-01	9.651845673623860034e-02	4.655008968697036537e-02	1.105355113072051948e-01
2.380182945118399402e+03	1.347767964816694031e-01	7.943890648353281458e-02	3.258073304189496588e-01	2.063590607888476369e-01	9.652171563192381287e-02	4.655228657659597064e-02	1.105439036175393380e-01
2.394696255759364703e+03	1.347478754251716093e-01	7.941812271807789647e-02	3.258298067662234732e-01	2.063727288478280075e-01	9.652489399534125436e-02	4.655442905510845386e-02	1.105521431913079472e-01
2.409209566400331823e+03	1.347195089076063945e-01	7.939773768801279552e-02	3.258518659818623875e-01	2.063861423349817592e-01	9.652799382920965177e-02	4.655651847862613685e-02	1.105602327787595651e-01
2.423722877041296670e+03	1.346916862715390462e-01	7.937774372463964057e-02	3.258735157193369814e-01	2.063993059473004654e-01	9.653101708616144971e-02	4.655855616926585228e-02	1.105681750808152203e-01
2.438236187682262880e+03	1.346643970649716859e-01	7.935813330722463199e-02	3.258947634944201477e-01	2.064122242964632203e-01	9.653396567000245565e-02	4.656054341600106977e-02	1.105759727499754791e-01
2.452749498323228636e+03	1.346376310373677554e-01	7.933889906013118221e-02	3.259156166875715743e-01	2.064249019103415184e-01	9.653684143693970487e-02	4.656248147549817140e-02	1.105836283912088047e-01
2.467262808964194392e+03	1.346113781357539951e-01	7.932003375000908074e-02	3.259360825462847555e-01	2.064373432344792925e-01	9.653964619677821157e-02	4.656437157293146639e-02	1.105911445628219997e-01
2.481776119605160602e+03	1.345856285008978637e-01	7.930153028303829621e-02	3.259561681873967554e-01	2.064495526335481945e-01	9.654238171408735525e-02	4.656621490277744468e-02	1.105985237773129404e-01
2.496289430246126358e+03	1.345603724635596743e-01	7.928338170222645753e-02	3.259758805993608344e-01	2.064615343927790059e-01	9.654504970933783237e-02	4.656801262958887300e-02	1.106057685022062559e-01
2.510802740887092114e+03	1.345356005408173128e-01	7.926558118475895975e-02	3.259952266444826052e-01	2.064732927193688172e-01	9.654765186000985322e-02	4.656976588874914974e-02	1.106128811608722701e-01
2.525316051528057415e+03	1.345113034324625367e-01	7.924812203940072297e-02	3.260142130611202727e-01	2.064848317438649494e-01	9.655018980167327791e-02	4.657147578720757103e-02	1.106198641333296512e-01
2.539829362169024080e+03	1.344874720174672467e-01	7.923099770394839703e-02	3.260328464658495684e-01	2.064961555215253652e-01	9.655266512904042697e-02	4.657314340419584087e-02	1.106267197570321575e-01
2.554342672809989381e+03	1.344640973505184800e-01	7.921420174273223480e-02	3.260511333555931590e-01	2.065072680336564881e-01	9.655507939699232989e-02	4.657476979192641531e-02	1.106334503276399650e-01
2.568855983450955591e+03	1.344411706586206567e-01	7.919772784416656553e-02	3.260690801097156366e-01	2.065181731889283723e-01	9.655743412157900829e-02	4.657635597627310386e-02	1.106400580997757566e-01
2.583369294091921347e+03	1.344186833377639667e-01	7.918156981834791053e-02	3.260866929920845925e-01	2.065288748246676409e-01	9.655973078099450158e-02	4.657790295743442083e-02	1.106465452877661848e-01
2.597882604732887103e+03	1.343966269496572608e-01	7.916572159469983938e-02	3.261039781530973847e-01	2.065393767081286081e-01	9.656197081652721781e-02	4.657941171058008201e-02	1.106529140663688737e-01
2.612395915373853313e+03	1.343749932185247242e-01	7.915017721966363662e-02	3.261209416316753207e-01	2.065496825377428347e-01	9.656415563348637321e-02	4.658088318648107712e-02	1.106591665714853207e-01
2.626909226014819069e+03	1.343537740279644177e-01	7.913493085443389086e-02	3.261375893572245888e-01	2.065597959443473963e-01	9.656628660210493653e-02	4.658231831212382434e-02	1.106653049008602258e-01
2.641422536655784825e+03	1.343329614178681020e-01	7.911997677273810425e-02	3.261539271515650484e-01	2.065697204923923336e-01	9.656836505841981388e-02	4.658371799130869156e-02	1.106713311147672213e-01
2.655935847296750580e+03	1.343125475814006542e-01	7.910530935865947577e-02	3.261699607308267690e-01	2.065794596811275086e-01	9.657039230512988459e-02	4.658508310523339080e-02	1.106772472366816529e-01
2.670449157937716336e+03	1.342925248620382983e-01	7.909092310450202556e-02	3.261856957073156482e-01	2.065890169457690884e-01	9.657236961243224893e-02	4.658641451306155118e-02	1.106830552539404960e-01
2.684962468578682547e+03	1.342728857506642060e-01	7.907681260869724171e-02	3.262011375913476674e-01	2.065983956586461556e-01	9.657429821883749266e-02	4.658771305247690758e-02	1.106887571183897689e-01
2.699475779219648302e+03	1.342536228827206357e-01	7.906297257375134724e-02	3.262162917930523376e-01	2.066075991303275572e-01	9.657617933196435689e-02	4.658897954022348659e-02	1.106943547470198019e-01
2.713989089860614058e+03	1.342347290354160838e-01	7.904939780423254903e-02	3.262311636241466140e-01	2.066166306107295458e-01	9.657801412931429907e-02	4.659021477263203259e-02	1.106998500225883919e-01
2.728502400501579814e+03	1.342161971249868635e-01	7.903608320479738047e-02	3.262457582996787786e-01	2.066254932902042152e-01	9.657980375902663894e-02	4.659141952613318760e-02	1.107052447942324797e-01
2.743015711142545115e+03	1.341980202040117531e-01	7.902302377825527746e-02	3.262600809397427359e-01	2.066341903006093106e-01	9.658154934061458086e-02	4.659259455775763975e-02	1.107105408780682532e-01
2.757529021783511780e+03	1.341801914587787137e-01	7.901021462367095738e-02	3.262741365711641639e-01	2.066427247163594161e-01	9.658325196568268156e-02	4.659374060562361530e-02	1.107157400577800654e-01
2.772042332424477081e+03	1.341627042067026765e-01	7.899765093450350495e-02	3.262879301291574663e-01	2.066510995554590169e-01	9.658491269862627682e-02	4.659485838941207492e-02	1.107208440851985554e-01
2.786555643065443292e+03	1.341455518937935132e-01	7.898532799678165128e-02	3.263014664589553582e-01	2.066593177805179926e-01	9.658653257731329711e-02	4.659594861082985012e-02	1.107258546808679162e-01
2.801068953706408593e+03	1.341287280921730218e-01	7.897324118731451070e-02	3.263147503174105846e-01	2.066673822997488197e-01	9.658811261374881940e-02	4.659701195406111551e-02	1.107307735346027694e-01
2.815582264347374803e+03	1.341122264976400968e-01	7.896138597193699815e-02	3.263277863745701057e-01	2.066752959679472312e-01	9.658965379472295165e-02	4.659804908620738401e-02	1.107356023060347971e-01
2.830095574988341014e+03	1.340960409272831111e-01	7.894975790378951086e-02	3.263405792152236917e-01	2.066830615874551413e-01	9.659115708244242482e-02	4.659906065771643457e-02	1.107403426251492989e-01
2.844608885629306769e+03	1.340801653171385110e-01	7.893835262163063915e-02	3.263531333404247059e-01	2.066906819091072767e-01	9.659262341514619765e-02	4.660004730280040142e-02	1.107449960928119231e-01
2.859122196270272525e+03	1.340645937198950421e-01	7.892716584818301739e-02	3.263654531689856864e-01	2.066981596331611826e-01	9.659405370770558774e-02	4.660100963984326744e-02	1.107495642812858505e-01
2.873635506911238281e+03	1.340493203026421887e-01	7.891619338851108001e-02	3.263775430389486698e-01	2.067054974102108256e-01	9.659544885220940069e-02	4.660194827179808819e-02	1.107540487347394575e-01
2.888148817552204036e+03	1.340343393446624953e-01	7.890543112843030615e-02	3.263894072090293696e-01	2.067126978420844308e-01	9.659680971853412679e-02	4.660286378657422374e-02	1.107584509697447789e-01
