0.000000000000000000e+00	1.662292679694499509e-01	1.024572722008139647e-01	3.054659327535168556e-01	1.925449053457089221e-01	9.005743830209014811e-02	4.035997621635310090e-02	1.028852072110909011e-01
1.451331064096584811e+01	1.655935312131297243e-01	1.019911977841553713e-01	3.058528298772936749e-01	1.928289163981263543e-01	9.010149026953444273e-02	4.070631812822879392e-02	1.029257163285554472e-01
2.902662128193169622e+01	1.649697423618223524e-01	1.015335762248180396e-01	3.062216930396230996e-01	1.931055982683359262e-01	9.016654976897889306e-02	4.101593975749178583e-02	1.029869005779536634e-01
4.353993192289755143e+01	1.643576570992747732e-01	1.010844052249110642e-01	3.065755934835188712e-01	1.933755084431595939e-01	9.024858211032078803e-02	4.129402288598330029e-02	1.030642307518554318e-01
5.805324256386339954e+01	1.637570429403396033e-01	1.006436548182252505e-01	3.069169831750708788e-01	1.936391274583914857e-01	9.034419676939972610e-02	4.154495621398630184e-02	1.031540386236105555e-01
7.256655320482924765e+01	1.631676773823890758e-01	1.002112722674241285e-01	3.072478144779901554e-01	1.938968699832129827e-01	9.045054698938917448e-02	4.177246016262224637e-02	1.032533587359960314e-01
8.707986384579510286e+01	1.625893464148398804e-01	9.978718618708466714e-02	3.075696374898457819e-01	1.941490943318593121e-01	9.056524510033167608e-02	4.197969173582685037e-02	1.033597987392355505e-01
1.015931744867609581e+02	1.620218433188971296e-01	9.937131001414878373e-02	3.078836791158468533e-01	1.943961106246805959e-01	9.068629107028101932e-02	4.216933266475850206e-02	1.034714331904107998e-01
1.161064851277267991e+02	1.614649677021501306e-01	9.896354492809077141e-02	3.081909072238619429e-01	1.946381877892636447e-01	9.081201219928650148e-02	4.234366353151459289e-02	1.035867166248560650e-01
1.306197957686926259e+02	1.609185247229128757e-01	9.856378230693350895e-02	3.084920826222676271e-01	1.948755595652952033e-01	9.094101220092160043e-02	4.250462612961655728e-02	1.037044124510762971e-01
1.451331064096584669e+02	1.603823244675972037e-01	9.817190579165886721e-02	3.087878011072581752e-01	1.951084296537063389e-01	9.107212819571612605e-02	4.265387595152453359e-02	1.038235348315624113e-01
1.596464170506243647e+02	1.598561814512748924e-01	9.778779302013645980e-02	3.090785274195356758e-01	1.953369761307877095e-01	9.120439437546486172e-02	4.279282638650091369e-02	1.039433012153230668e-01
1.741597276915902057e+02	1.593399142171958716e-01	9.741131708209224693e-02	3.093646226162385382e-01	1.955613552309363457e-01	9.133701129428435650e-02	4.292268595549480342e-02	1.040630936027814035e-01
1.886730383325560467e+02	1.588333450156139415e-01	9.704234773856053320e-02	3.096463660897059711e-01	1.957817045870804962e-01	9.146931990759671338e-02	4.304448969506108336e-02	1.041824269654047924e-01
2.031863489735219162e+02	1.583362995460096956e-01	9.668075244246557287e-02	3.099239732396238400e-01	1.959981460052854507e-01	9.160077961905675747e-02	4.315912562273297587e-02	1.043009235238492594e-01
2.176996596144877287e+02	1.578486067498494905e-01	9.632639719125649092e-02	3.101976096205109057e-01	1.962107878392755633e-01	9.173094971208922699e-02	4.326735706596088193e-02	1.044182918200809579e-01
2.322129702554535982e+02	1.573700986435008498e-01	9.597914723770009648e-02	3.104674022352019169e-01	1.964197270213605406e-01	9.185947364075000565e-02	4.336984151089630368e-02	1.045343097096137486e-01
2.467262808964194392e+02	1.569006101829445166e-01	9.563886768087574708e-02	3.107334485210260233e-01	1.966250507983131612e-01	9.198606573706887002e-02	4.346714652191778494e-02	1.046488105568774002e-01
2.612395915373852517e+02	1.564399791535636131e-01	9.530542395599424232e-02	3.109958234738942617e-01	1.968268382139243822e-01	9.211049996138109819e-02	4.355976319451307366e-02	1.047616720457528044e-01
2.757529021783511780e+02	1.559880460796224944e-01	9.497868223877727056e-02	3.112545852724755702e-01	1.970251613741011987e-01	9.223260038051571408e-02	4.364811753014766205e-02	1.048728071233835241e-01
2.902662128193169337e+02	1.555446541491262991e-01	9.465850977769944830e-02	3.115097796967509214e-01	1.972200865253368740e-01	9.235223310783889639e-02	4.373258005972704976e-02	1.049821566825439034e-01
3.047795234602828600e+02	1.551096491506254171e-01	9.434477516534121866e-02	3.117614435797727568e-01	1.974116749730557840e-01	9.246929948053060622e-02	4.381347399024623085e-02	1.050896836594513717e-01
3.192928341012487294e+02	1.546828794192347811e-01	9.403734855836656803e-02	3.120096074861807289e-01	1.975999838626148752e-01	9.258373028433604379e-02	4.389108210558387291e-02	1.051953682827065084e-01
3.338061447422145420e+02	1.542641957897059324e-01	9.373610185417489971e-02	3.122542977740994097e-01	1.977850668425464309e-01	9.269548086542128695e-02	4.396565261577720096e-02	1.052992042572981624e-01
3.483194553831804114e+02	1.538534515548486137e-01	9.344090883103914336e-02	3.124955381669540788e-01	1.979669746268774289e-01	9.280452699374333592e-02	4.403740411836841451e-02	1.054011957071922384e-01
3.628327660241463377e+02	1.534505024279646523e-01	9.315164525749627944e-02	3.127333509372506870e-01	1.981457554709968039e-01	9.291086136325064915e-02	4.410652980959040015e-02	1.055013547324738094e-01
3.773460766651120935e+02	1.530552065082524671e-01	9.286818897587191535e-02	3.129677577844516834e-01	1.983214555735095252e-01	9.301449063187385013e-02	4.417320106146344766e-02	1.055996994636003439e-01
3.918593873060780197e+02	1.526674242483755661e-01	9.259041996407270381e-02	3.131987804729085001e-01	1.984941194147673560e-01	9.311543291916345166e-02	4.423757046263809833e-02	1.056962525170976053e-01
4.063726979470438323e+02	1.522870184235748103e-01	9.231822037914716450e-02	3.134264412826923141e-01	1.986637900412633884e-01	9.321371569201479523e-02	4.429977440548445167e-02	1.057910397748463571e-01
4.208860085880095880e+02	1.519138541018537625e-01	9.205147458557982887e-02	3.136507633155451447e-01	1.988305093037834592e-01	9.330937397955342549e-02	4.435993528902862360e-02	1.058840894236789953e-01
4.353993192289755143e+02	1.515477986148832112e-01	9.179006917082986605e-02	3.138717706895792769e-01	1.989943180560952152e-01	9.340244886724377582e-02	4.441816339648096967e-02	1.059754312039108970e-01
4.499126298699413837e+02	1.511887215293636899e-01	9.153389295024058625e-02	3.140894886494198235e-01	1.991552563199985582e-01	9.349298622788655699e-02	4.447455849696090036e-02	1.060650958251531523e-01
4.644259405109071963e+02	1.508364946186567801e-01	9.128283696312110285e-02	3.143039436128958752e-01	1.993133634217380545e-01	9.358103565360294251e-02	4.452921121332512749e-02	1.061531145156833222e-01
4.789392511518730657e+02	1.504909918345525288e-01	9.103679446152483645e-02	3.145151631708938966e-01	1.994686781040691526e-01	9.366664955834876072e-02	4.458220419151903702e-02	1.062395186781149720e-01
4.934525617928388783e+02	1.501520892790832729e-01	9.079566089301566167e-02	3.147231760533776845e-01	1.996212386176615394e-01	9.374988242511222980e-02	4.463361310140322863e-02	1.063243396293694909e-01
5.079658724338048046e+02	1.498196651763274156e-01	9.055933387851385075e-02	3.149280120716991815e-01	1.997710827949980006e-01	9.383079017585546633e-02	4.468350749439500835e-02	1.064076084072342609e-01
5.224791830747705035e+02	1.494935998441720704e-01	9.032771318614575551e-02	3.151297020450160025e-01	1.999182481094771424e-01	9.390942964556968364e-02	4.473195153937392643e-02	1.064893556292686311e-01
5.369924937157364866e+02	1.491737756660217462e-01	9.010070070187771452e-02	3.153282777168063267e-01	2.000627717220397894e-01	9.398585814462098731e-02	4.477900465501581662e-02	1.065696113926408173e-01
5.515058043567023560e+02	1.488600770624542158e-01	8.987820039759410184e-02	3.155237716660140856e-01	2.002046905173059110e-01	9.406013309594375704e-02	4.482472205394619214e-02	1.066484052057649901e-01
5.660191149976681118e+02	1.485523904628341108e-01	8.966011829717558668e-02	3.157162172162154001e-01	2.003440411309219127e-01	9.413231173565868304e-02	4.486915521176034621e-02	1.067257659444571932e-01
5.805324256386339812e+02	1.482506042769020094e-01	8.944636244104708922e-02	3.159056483452962749e-01	2.004808599695714344e-01	9.420245086740658413e-02	4.491235227197682561e-02	1.068017218268229734e-01
5.950457362795999643e+02	1.479546088663608039e-01	8.923684284958995072e-02	3.160920995974270675e-01	2.006151832248908862e-01	9.427060666214505391e-02	4.495435839631580638e-02	1.068763004022936502e-01
6.095590469205657200e+02	1.476642965164836896e-01	8.903147148575044079e-02	3.162756059985742940e-01	2.007470468823489007e-01	9.433683449639129748e-02	4.499521606827686093e-02	1.069495285511977700e-01
6.240723575615315895e+02	1.473795614077698102e-01	8.883016221712249083e-02	3.164562029763705597e-01	2.008764867259917875e-01	9.440118882294543101e-02	4.503496535679100271e-02	1.070214324920321231e-01
6.385856682024975726e+02	1.471002995876732611e-01	8.863283077773788377e-02	3.166339262848413272e-01	2.010035383398234565e-01	9.446372306902117710e-02	4.507364414570601968e-02	1.070920377942200380e-01
6.530989788434633283e+02	1.468264089424314023e-01	8.843939472975781424e-02	3.168088119342455378e-01	2.011282371064714858e-01	9.452448955747073944e-02	4.511128833400371990e-02	1.071613693946424639e-01
6.676122894844290840e+02	1.465577891690166834e-01	8.824977342522750956e-02	3.169808961261077473e-01	2.012506182036933045e-01	9.458353944743602693e-02	4.514793201091796965e-02	1.072294516166238249e-01
6.821256001253949535e+02	1.462943417472359064e-01	8.806388796802749885e-02	3.171502151933885405e-01	2.013707165991902026e-01	9.464092269130816582e-02	4.518360760950380223e-02	1.072963081903690191e-01
6.966389107663608229e+02	1.460359699119977706e-01	8.788166117613165074e-02	3.173168055456447867e-01	2.014885670441245169e-01	9.469668800534444819e-02	4.521834604168305932e-02	1.073619622740968477e-01
7.111522214073266923e+02	1.457825786257700706e-01	8.770301754426212959e-02	3.174807036189704057e-01	2.016042040656728374e-01	9.475088285169068480e-02	4.525217681734630681e-02	1.074264364753106382e-01
7.256655320482924481e+02	1.455340745512437028e-01	8.752788320701444802e-02	3.176419458304640120e-01	2.017176619588939568e-01	9.480355342989457701e-02	4.528512814971237532e-02	1.074897528717999873e-01
7.401788426892584312e+02	1.452903660242211847e-01	8.735618590251140181e-02	3.178005685369474920e-01	2.018289747781453203e-01	9.485474467628546291e-02	4.531722704882524405e-02	1.075519330320868772e-01
7.546921533302243006e+02	1.450513630267442899e-01	8.718785493663266939e-02	3.179566079976476334e-01	2.019381763282415421e-01	9.490450026984094400e-02	4.534849940479462882e-02	1.076129980351213239e-01
7.692054639711900563e+02	1.448169771604739531e-01	8.702282114785639400e-02	3.181101003405500394e-01	2.020453001555158334e-01	9.495286264337038373e-02	4.537897006215405732e-02	1.076729684891022665e-01
7.837187746121558121e+02	1.445871216203351295e-01	8.686101687274072614e-02	3.182610815321417763e-01	2.021503795389164859e-01	9.499987299902373783e-02	4.540866288651220634e-02	1.077318645493528654e-01
7.982320852531219089e+02	1.443617111684361021e-01	8.670237591206547689e-02	3.184095873502657548e-01	2.022534474812454630e-01	9.504557132728604085e-02	4.543760082450482712e-02	1.077897059352192072e-01
8.127453958940876646e+02	1.441406621082719219e-01	8.654683349764882849e-02	3.185556533598260520e-01	2.023545367006268358e-01	9.508999642874739477e-02	4.546580595791092222e-02	1.078465119459908889e-01
8.272587065350534203e+02	1.439238922592198100e-01	8.639432625984760916e-02	3.186993148910957641e-01	2.024536796222733692e-01	9.513318593804870327e-02	4.549329955267453207e-02	1.079023014758629662e-01
8.417720171760191761e+02	1.437113209313327644e-01	8.624479219574660016e-02	3.188406070203970710e-01	2.025509083706065749e-01	9.517517634949727856e-02	4.552010210346882357e-02	1.079570930279736968e-01
8.562853278169851592e+02	1.435028689004374802e-01	8.609817063803790194e-02	3.189795645529377999e-01	2.026462547617711996e-01	9.521600304392652259e-02	4.554623337435031311e-02	1.080109047275616269e-01
8.707986384579510286e+02	1.432984583835409109e-01	8.595440222458879120e-02	3.191162220076076972e-01	2.027397502965756770e-01	9.525570031644220448e-02	4.557171243597490928e-02	1.080637543342925777e-01
8.853119490989170117e+02	1.430980130145494966e-01	8.581342886869383624e-02	3.192506136035516140e-01	2.028314261538804730e-01	9.529430140475572686e-02	4.559655769978222806e-02	1.081156592538093791e-01
8.998252597398827675e+02	1.429014578203037511e-01	8.567519373000515026e-02	3.193827732483526805e-01	2.029213131844487539e-01	9.533183851785440033e-02	4.562078694949930208e-02	1.081666365485586812e-01
9.143385703808486369e+02	1.427087191969306501e-01	8.553964118613306689e-02	3.195127345276746467e-01	2.030094419052679289e-01	9.536834286480062872e-02	4.564441737026697643e-02	1.082167029479487730e-01
9.288518810218145063e+02	1.425197248865156252e-01	8.540671680490771744e-02	3.196405306962243897e-01	2.030958424943448692e-01	9.540384468348779567e-02	4.566746557565175973e-02	1.082658748578905206e-01
9.433651916627801484e+02	1.423344039540946071e-01	8.527636731729162922e-02	3.197661946699092428e-01	2.031805447859738045e-01	9.543837326921107700e-02	4.568994763277078874e-02	1.083141683697715213e-01
9.578785023037459041e+02	1.421526867649670900e-01	8.514854059093200644e-02	3.198897590190762363e-01	2.032635782664718727e-01	9.547195700293692466e-02	4.571187908572781761e-02	1.083615992689107299e-01
9.723918129447120009e+02	1.419745049623302724e-01	8.502318560434102279e-02	3.200112559627294462e-01	2.033449720703747465e-01	9.550462337917725586e-02	4.573327497753221921e-02	1.084081830425376453e-01
9.869051235856777566e+02	1.417997914452334973e-01	8.490025242169178810e-02	3.201307173636336878e-01	2.034247549770825114e-01	9.553639903339278261e-02	4.575414987065115624e-02	1.084539348873371778e-01
1.001418434226643626e+03	1.416284803468523534e-01	8.477969216821754084e-02	3.202481747242197918e-01	2.035029554079435810e-01	9.556730976886546047e-02	4.577451786632596997e-02	1.084988697165979038e-01
1.015931744867609382e+03	1.414605070130816045e-01	8.466145700620089642e-02	3.203636591832166314e-01	2.035796014237638840e-01	9.559738058299356578e-02	4.579439262276745193e-02	1.085430021669985257e-01
1.030445055508575479e+03	1.412958079814451151e-01	8.454550011154059186e-02	3.204772015129413454e-01	2.036547207227265566e-01	9.562663569297409627e-02	4.581378737233079979e-02	1.085863466050640547e-01
1.044958366149541234e+03	1.411343209603211912e-01	8.443177565088214043e-02	3.205888321171862509e-01	2.037283406387071505e-01	9.565509856084634943e-02	4.583271493775871452e-02	1.086289171333207487e-01
1.059471676790506763e+03	1.409759848084817524e-01	8.432023875929967049e-02	3.206985810296473227e-01	2.038004881399687329e-01	9.568279191787884552e-02	4.585118774757065974e-02	1.086707275961755065e-01
1.073984987431472746e+03	1.408207395149425889e-01	8.421084551851598654e-02	3.208064779128437793e-01	2.038711898282207780e-01	9.570973778828804901e-02	4.586921785066747081e-02	1.087117915855438655e-01
1.088498298072438729e+03	1.406685261791228991e-01	8.410355293564747425e-02	3.209125520574838131e-01	2.039404719380253639e-01	9.573595751228317074e-02	4.588681693021233465e-02	1.087521224462473790e-01
1.103011608713404712e+03	1.405192869913112486e-01	8.399831892246160947e-02	3.210168323822367165e-01	2.040083603365348275e-01	9.576147176843562148e-02	4.590399631684261017e-02	1.087917332811998011e-01
1.117524919354370468e+03	1.403729652134357020e-01	8.389510227513410912e-02	3.211193474338723819e-01	2.040748805235442775e-01	9.578630059537576735e-02	4.592076700126095090e-02	1.088306369563993015e-01
1.132038229995336451e+03	1.402295051601347708e-01	8.379386265449342841e-02	3.212201253877371987e-01	2.041400576318431748e-01	9.581046341282273282e-02	4.593713964624912549e-02	1.088688461057420176e-01
1.146551540636302207e+03	1.400888521801270659e-01	8.369456056674046129e-02	3.213191940485351505e-01	2.042039164278500740e-01	9.583397904195525840e-02	4.595312459814344941e-02	1.089063731356709752e-01
1.161064851277267962e+03	1.399509526378759361e-01	8.359715734463131487e-02	3.214165808513864686e-01	2.042664813125151524e-01	9.585686572513410497e-02	4.596873189780682073e-02	1.089432302296726718e-01
1.175578161918233945e+03	1.398157538955465407e-01	8.350161512911158379e-02	3.215123128631396932e-01	2.043277763224753130e-01	9.587914114498781448e-02	4.598397129112897358e-02	1.089794293526325369e-01
1.190091472559199701e+03	1.396832042952520503e-01	8.340789685139045340e-02	3.216064167839148835e-01	2.043878251314472094e-01	9.590082244287509439e-02	4.599885223908362075e-02	1.090149822550591924e-01
1.204604783200165684e+03	1.395532531415855926e-01	8.331596621544365422e-02	3.216989189488562717e-01	2.044466510518440916e-01	9.592192623673798102e-02	4.601338392736845084e-02	1.090499004771864344e-01
1.219118093841131440e+03	1.394258506844351375e-01	8.322578768093408241e-02	3.217898453300772066e-01	2.045042770366023166e-01	9.594246863836093653e-02	4.602757527565173867e-02	1.090841953529610164e-01
1.233631404482097196e+03	1.393009481020775486e-01	8.313732644653944182e-02	3.218792215387791811e-01	2.045607256812045638e-01	9.596246527005114491e-02	4.604143494644723222e-02	1.091178780139232946e-01
1.248144715123063179e+03	1.391784974845487743e-01	8.305054843367652706e-02	3.219670728275298988e-01	2.046160192258866251e-01	9.598193128075604985e-02	4.605497135363723071e-02	1.091509593929872735e-01
1.262658025764028707e+03	1.390584518172867656e-01	8.296542027061185043e-02	3.220534240926862801e-01	2.046701795580155026e-01	9.600088136163410779e-02	4.606819267066211698e-02	1.091834502281257419e-01
1.277171336404994690e+03	1.389407649650436227e-01	8.288190927694875920e-02	3.221382998769487527e-01	2.047232282146269344e-01	9.601932976109509021e-02	4.608110683839334448e-02	1.092153610659658131e-01
1.291684647045960673e+03	1.388253916560636680e-01	8.279998344848131520e-02	3.222217243720357227e-01	2.047751863851108856e-01	9.603729029932589478e-02	4.609372157270534565e-02	1.092467022652993947e-01
1.306197957686926657e+03	1.387122874665240868e-01	8.271961144240566610e-02	3.223037214214661828e-01	2.048260749140342063e-01	9.605477638231797732e-02	4.610604437176104436e-02	1.092774840005129727e-01
1.320711268327892412e+03	1.386014088052344995e-01	8.264076256287940236e-02	3.223843145234410734e-01	2.048759143040899122e-01	9.607180101541241968e-02	4.611808252302432298e-02	1.093077162649405132e-01
1.335224578968857941e+03	1.384927128985923017e-01	8.256340674692044801e-02	3.224635268338132965e-01	2.049247247191629540e-01	9.608837681637814876e-02	4.612984311001221832e-02	1.093374088741427552e-01
1.349737889609823924e+03	1.383861577757901640e-01	8.248751455063632609e-02	3.225413811691389410e-01	2.049725259875032346e-01	9.610451602803873894e-02	4.614133301879842081e-02	1.093665714691163110e-01
1.364251200250789907e+03	1.382817022542721652e-01	8.241305713577568026e-02	3.226179000098001182e-01	2.050193376049967986e-01	9.612023053046298005e-02	4.615255894427928995e-02	1.093952135194351527e-01
1.378764510891755890e+03	1.381793059254356471e-01	8.234000625659368411e-02	3.226931055031930784e-01	2.050651787385258940e-01	9.613553185273385204e-02	4.616352739621265577e-02	1.094233443263273736e-01
1.393277821532721646e+03	1.380789291405747909e-01	8.226833424702335862e-02	3.227670194669745585e-01	2.051100682294106081e-01	9.615043118431032543e-02	4.617424470503920381e-02	1.094509730256893881e-01
1.407791132173687402e+03	1.379805329970627270e-01	8.219801400814497061e-02	3.228396633923593662e-01	2.051540245969235565e-01	9.616493938599610103e-02	4.618471702749563090e-02	1.094781085910398605e-01
1.422304442814653157e+03	1.378840793247689267e-01	8.212901899594607369e-02	3.229110584474642609e-01	2.051970660418704073e-01	9.617906700052887559e-02	4.619495035202826616e-02	1.095047598364154301e-01
1.436817753455619140e+03	1.377895306727084379e-01	8.206132320936473934e-02	3.229812254806913585e-01	2.052392104502290537e-01	9.619282426280333087e-02	4.620495050401543513e-02	1.095309354192099127e-01
1.451331064096585123e+03	1.376968502959195206e-01	8.199490117860880334e-02	3.230501850241468964e-01	2.052804753968409668e-01	9.620622110974087760e-02	4.621472315080618620e-02	1.095566438429589340e-01
1.465844374737550879e+03	1.376060021425665469e-01	8.192972795374423023e-02	3.231179572970903635e-01	2.053208781491480117e-01	9.621926718981853310e-02	4.622427380658303969e-02	1.095818934600714667e-01
1.480357685378516862e+03	1.375169508412645014e-01	8.186577909354576799e-02	3.231845622094086101e-01	2.053604356709690937e-01	9.623197187226895100e-02	4.623360783705549731e-02	1.096066924745097565e-01
1.494870996019482618e+03	1.374296616886222788e-01	8.180303065460337031e-02	3.232500193651122733e-01	2.053991646263105819e-01	9.624434425596337106e-02	4.624273046399119541e-02	1.096310489444190933e-01
1.509384306660448374e+03	1.373441006370012263e-01	8.174145918067797500e-02	3.233143480658491886e-01	2.054370813832051557e-01	9.625639317798891093e-02	4.625164676959097471e-02	1.096549707847087191e-01
1.523897617301414357e+03	1.372602342824857657e-01	8.168104169230024081e-02	3.233775673144317353e-01	2.054742020175745476e-01	9.626812722193082983e-02	4.626036170071390341e-02	1.096784657695851345e-01
1.538410927942380113e+03	1.371780298530628495e-01	8.162175567660656661e-02	3.234396958183747839e-01	2.055105423171103562e-01	9.627955472587067243e-02	4.626888007295811012e-02	1.097015415350388878e-01
1.552924238583346096e+03	1.370974551970068622e-01	8.156357907740609259e-02	3.235007519934406939e-01	2.055461177851692356e-01	9.629068379011027079e-02	4.627720657460285963e-02	1.097242055812860939e-01
1.567437549224311852e+03	1.370184787714678332e-01	8.150649028547322927e-02	3.235607539671886967e-01	2.055809436446780214e-01	9.630152228463148556e-02	4.628534577041722164e-02	1.097464652751655861e-01
1.581950859865277607e+03	1.369410696312580999e-01	8.145046812905999689e-02	3.236197195825253892e-01	2.056150348420443252e-01	9.631207785630119256e-02	4.629330210534029350e-02	1.097683278524927142e-01
1.596464170506243590e+03	1.368651974178359820e-01	8.139549186462283203e-02	3.236776664012541715e-01	2.056484060510693213e-01	9.632235793583079908e-02	4.630107990803788293e-02	1.097898004203709671e-01
1.610977481147209119e+03	1.367908323484825217e-01	8.134154116775857424e-02	3.237346117076206897e-01	2.056810716768590896e-01	9.633236974449885248e-02	4.630868339434019570e-02	1.098108899594619770e-01
1.625490791788175102e+03	1.367179452056684896e-01	8.128859612434446991e-02	3.237905725118526146e-01	2.057130458597306866e-01	9.634212030064562282e-02	4.631611667056494130e-02	1.098316033262150271e-01
1.640004102429141085e+03	1.366465073266085739e-01	8.123663722187719760e-02	3.238455655536908173e-01	2.057443424791107200e-01	9.635161642594744502e-02	4.632338373673021426e-02	1.098519472550568837e-01
1.654517413070107068e+03	1.365764905930000050e-01	8.118564534100619623e-02	3.238996073059103309e-01	2.057749751574224628e-01	9.636086475147920272e-02	4.633048848966103000e-02	1.098719283605426311e-01
1.669030723711072824e+03	1.365078674209425635e-01	8.113560174725630014e-02	3.239527139778293763e-01	2.058049572639595315e-01	9.636987172357210085e-02	4.633743472599353985e-02	1.098915531394684536e-01
1.683544034352038352e+03	1.364406107510368893e-01	8.108648808293539290e-02	3.240049015188042336e-01	2.058343019187432454e-01	9.637864360947454023e-02	4.634422614508061644e-02	1.099108279729469756e-01
1.698057344993004335e+03	1.363746940386585949e-01	8.103828635922234735e-02	3.240561856217086811e-01	2.058630219963611674e-01	9.638718650282269984e-02	4.635086635180241110e-02	1.099297591284459918e-01
1.712570655633970318e+03	1.363100912444050183e-01	8.099097894843107492e-02	3.241065817263960591e-01	2.058911301297850494e-01	9.639550632892812665e-02	4.635735885928527616e-02	1.099483527617912543e-01
1.727083966274936301e+03	1.362467768247121735e-01	8.094454857644629853e-02	3.241561050231430707e-01	2.059186387141654917e-01	9.640360884988845303e-02	4.636370709153240371e-02	1.099666149191339815e-01
1.741597276915902057e+03	1.361847257226386776e-01	8.089897831532706640e-02	3.242047704560733212e-01	2.059455599106018164e-01	9.641149966952786143e-02	4.636991438596934495e-02	1.099845515388838124e-01
1.756110587556867813e+03	1.361239133588143524e-01	8.085425157607391278e-02	3.242525927265597074e-01	2.059719056498852952e-01	9.641918423817333328e-02	4.637598399590743548e-02	1.100021684536078431e-01
1.770623898197833569e+03	1.360643156225506134e-01	8.081035210155571025e-02	3.242995862966049914e-01	2.059976876362138998e-01	9.642666785727239953e-02	4.638191909292808945e-02	1.100194713918962591e-01
1.785137208838799552e+03	1.360059088631099256e-01	8.076726395959250848e-02	3.243457653921978379e-01	2.060229173508772993e-01	9.643395568385818017e-02	4.638772276919075205e-02	1.100364659801953970e-01
1.799650519479765535e+03	1.359486698811320504e-01	8.072497153619054289e-02	3.243911440066457597e-01	2.060476060559105205e-01	9.644105273486718033e-02	4.639339803966724407e-02	1.100531577446086512e-01
1.814163830120731291e+03	1.358925759202137817e-01	8.068345952892591599e-02	3.244357359038815836e-01	2.060717647977149125e-01	9.644796389131490844e-02	4.639894784430502461e-02	1.100695521126658222e-01
1.828677140761696819e+03	1.358376046586406150e-01	8.064271294047337113e-02	3.244795546217442150e-01	2.060954044106456107e-01	9.645469390233453455e-02	4.640437505012198760e-02	1.100856544150616567e-01
1.843190451402663257e+03	1.357837342012668813e-01	8.060271707227668891e-02	3.245226134752322023e-01	2.061185355205638614e-01	9.646124738908334884e-02	4.640968245323513763e-02	1.101014698873638842e-01
1.857703762043628785e+03	1.357309430715422649e-01	8.056345751835744529e-02	3.245649255597298777e-01	2.061411685483537370e-01	9.646762884852169706e-02	4.641487278082542106e-02	1.101170036716915268e-01
1.872217072684594768e+03	1.356792102036826209e-01	8.052492015925891145e-02	3.246065037542046339e-01	2.061633137134020466e-01	9.647384265706895889e-02	4.641994869304105070e-02	1.101322608183638446e-01
1.886730383325560297e+03	1.356285149349818475e-01	8.048709115612175113e-02	3.246473607243752779e-01	2.061849810370405822e-01	9.647989307414076010e-02	4.642491278484130179e-02	1.101472462875205116e-01
1.901243693966526507e+03	1.355788369982632025e-01	8.044995694488871196e-02	3.246875089258512981e-01	2.062061803459503961e-01	9.648578424557185951e-02	4.642976758778306207e-02	1.101619649507134951e-01
1.915757004607492036e+03	1.355301565144671483e-01	8.041350423063498010e-02	3.247269606072413772e-01	2.062269212755269976e-01	9.649152020692834675e-02	4.643451557175189148e-02	1.101764215924713047e-01
1.930270315248458019e+03	1.354824539853738963e-01	8.037771998202156154e-02	3.247657278132317638e-01	2.062472132732060537e-01	9.649710488671338349e-02	4.643915914663965250e-02	1.101906209118357766e-01
1.944783625889424002e+03	1.354357102864579276e-01	8.034259142586867852e-02	3.248038223876334452e-01	2.062670656017492887e-01	9.650254210947005473e-02	4.644370066397050106e-02	1.102045675238721850e-01
1.959296936530389530e+03	1.353899066598723833e-01	8.030810604184639157e-02	3.248412559763985130e-01	2.062864873424898327e-01	9.650783559878484130e-02	4.644814241847701475e-02	1.102182659611530141e-01
1.973810247171355968e+03	1.353450247075614066e-01	8.027425155727983819e-02	3.248780400306043314e-01	2.063054873985369353e-01	9.651298898019537720e-02	4.645248664962817881e-02	1.102317206752158329e-01
1.988323557812321269e+03	1.353010463844977473e-01	8.024101594206634047e-02	3.249141858094061197e-01	2.063240744979394914e-01	9.651800578400554498e-02	4.645673554311078451e-02	1.102449360379958165e-01
2.002836868453287707e+03	1.352579539920437945e-01	8.020838740370186959e-02	3.249497043829571163e-01	2.063422571968083763e-01	9.652288944801147574e-02	4.646089123226596757e-02	1.102579163432332310e-01
2.017350179094252780e+03	1.352157301714337623e-01	8.017635438241434154e-02	3.249846066352968244e-01	2.063600438823970651e-01	9.652764332014111825e-02	4.646495579948230203e-02	1.102706658078563828e-01
2.031863489735218764e+03	1.351743578973752247e-01	8.014490554640130160e-02	3.250189032672062273e-01	2.063774427761407015e-01	9.653227066101080500e-02	4.646893127754694180e-02	1.102831885733406014e-01
2.046376800376184747e+03	1.351338204717674185e-01	8.011402978716956891e-02	3.250526047990306977e-01	2.063944619366534228e-01	9.653677464640124384e-02	4.647281965095619721e-02	1.102954887070433099e-01
2.060890111017150957e+03	1.350941015175348148e-01	8.008371621497459292e-02	3.250857215734697103e-01	2.064111092626836341e-01	9.654115836965600217e-02	4.647662285718700409e-02	1.103075702035160588e-01
2.075403421658116713e+03	1.350551849725736830e-01	8.005395415435714868e-02	3.251182637583343027e-01	2.064273924960275952e-01	9.654542484400506497e-02	4.648034278793047175e-02	1.103194369857935231e-01
2.089916732299082469e+03	1.350170550838097339e-01	8.002473313977530311e-02	3.251502413492708965e-01	2.064433192244009563e-01	9.654957700481596461e-02	4.648398129028884912e-02	1.103310929066600443e-01
2.104430042940048224e+03	1.349796964013647571e-01	7.999604291132932088e-02	3.251816641724525891e-01	2.064588968842687444e-01	9.655361771177498054e-02	4.648754016793713029e-02	1.103425417498942324e-01
2.118943353581013525e+03	1.349430937728307300e-01	7.996787341057751131e-02	3.252125418872372498e-01	2.064741327636333834e-01	9.655754975100082349e-02	4.649102118225038188e-02	1.103537872314916124e-01
2.133456664221980191e+03	1.349072323376491744e-01	7.994021477644103202e-02	3.252428839887928635e-01	2.064890340047812189e-01	9.656137583709310801e-02	4.649442605339810380e-02	1.103648330008662054e-01
2.147969974862945492e+03	1.348720975215938755e-01	7.991305734119542870e-02	3.252726998106896805e-01	2.065036076069875215e-01	9.656509861511775039e-02	4.649775646140646979e-02	1.103756826420309728e-01
2.162483285503912157e+03	1.348376750313556305e-01	7.988639162654714854e-02	3.253019985274596682e-01	2.065178604291803277e-01	9.656872066253145703e-02	4.650101404718974540e-02	1.103863396747577080e-01
2.176996596144877003e+03	1.348039508492265559e-01	7.986020833979307065e-02	3.253307891571231569e-01	2.065317991925631202e-01	9.657224449104738484e-02	4.650420041355171619e-02	1.103968075557166945e-01
2.191509906785843214e+03	1.347709112278826227e-01	7.983449837006117988e-02	3.253590805636827343e-01	2.065454304831965959e-01	9.657567254844387494e-02	4.650731712615817359e-02	1.104070896795965179e-01
2.206023217426809424e+03	1.347385426852627799e-01	7.980925278463051054e-02	3.253868814595844983e-01	2.065587607545399385e-01	9.657900722031828589e-02	4.651036571448144419e-02	1.104171893802042559e-01
2.220536528067775180e+03	1.347068319995425312e-01	7.978446282532876410e-02	3.254142004081468920e-01	2.065717963299516513e-01	9.658225083178760551e-02	4.651334767271774612e-02	1.104271099315464744e-01
2.235049838708740936e+03	1.346757662042006309e-01	7.976011990500564419e-02	3.254410458259574535e-01	2.065845434051504226e-01	9.658540564913786763e-02	4.651626446067839288e-02	1.104368545488912945e-01
2.249563149349706237e+03	1.346453325831771797e-01	7.973621560408038211e-02	3.254674259852367024e-01	2.065970080506361051e-01	9.658847388142366430e-02	4.651911750465557993e-02	1.104464263898120580e-01
2.264076459990672902e+03	1.346155186661213976e-01	7.971274166716180165e-02	3.254933490161708853e-01	2.066091962140715332e-01	9.659145768201987670e-02	4.652190819826363538e-02	1.104558285552125624e-01
2.278589770631638203e+03	1.345863122237274945e-01	7.968968999973918832e-02	3.255188229092123020e-01	2.066211137226248995e-01	9.659435915012688778e-02	4.652463790325647025e-02	1.104650640903344638e-01
2.293103081272604413e+03	1.345577012631573033e-01	7.966705266494254756e-02	3.255438555173482684e-01	2.066327662852736058e-01	9.659718033223087252e-02	4.652730795032201938e-02	1.104741359857471239e-01
2.307616391913570169e+03	1.345296740235477628e-01	7.964482188037071142e-02	3.255684545583382716e-01	2.066441594950697846e-01	9.659992322352077554e-02	4.652991963985442236e-02	1.104830471783199847e-01
2.322129702554535925e+03	1.345022189716018612e-01	7.962299001498554518e-02	3.255926276169207600e-01	2.066552988313676564e-01	9.660258976926321128e-02	4.653247424270458288e-02	1.104918005521780683e-01
2.336643013195502135e+03	1.344753247972617916e-01	7.960154958607126852e-02	3.256163821469877928e-01	2.066661896620133887e-01	9.660518186613681335e-02	4.653497300090989747e-02	1.105003989396406566e-01
2.351156323836467891e+03	1.344489804094624874e-01	7.958049325625690673e-02	3.256397254737301017e-01	2.066768372454975689e-01	9.660770136352726800e-02	4.653741712840363948e-02	1.105088451221436785e-01
2.365669634477433647e+03	1.344231749319642899e-01	7.955981383060101164e-02	3.256626647957503451e-01	2.066872467330711227e-01	9.661015006478429479e-02	4.653980781170486553e-02	1.105171418311457210e-01
2.380182945118399402e+03	1.343978976992632191e-01	7.953950425373687572e-02	3.256852071871474408e-01	2.066974231708245680e-01	9.661252972844196207e-02	4.654214621058921225e-02	1.105252917490184006e-01
2.394696255759364703e+03	1.343731382525776563e-01	7.951955760707719867e-02	3.257073595995697568e-01	2.067073715017313795e-01	9.661484206940328112e-02	4.654443345874139520e-02	1.105332975099209275e-01
2.409209566400331823e+03	1.343488863359098007e-01	7.949996710607674932e-02	3.257291288642394367e-01	2.067170965676559113e-01	9.661708876009045266e-02	4.654667066438977069e-02	1.105411617006595015e-01
2.423722877041296670e+03	1.343251318921807047e-01	7.948072609755175988e-02	3.257505216939463599e-01	2.067266031113258462e-01	9.661927143156173736e-02	4.654885891092373079e-02	1.105488868615315257e-01
2.438236187682262880e+03	1.343018650594374752e-01	7.946182805705495622e-02	3.257715446850134589e-01	2.067358957782703677e-01	9.662139167459612987e-02	4.655099925749425771e-02	1.105564754871550676e-01
2.452749498323228636e+03	1.342790761671314448e-01	7.944326658630493365e-02	3.257922043192330586e-01	2.067449791187236374e-01	9.662345104074659963e-02	4.655309273959831046e-02	1.105639300272837494e-01
2.467262808964194392e+03	1.342567557324660099e-01	7.942503541066854578e-02	3.258125069657741846e-01	2.067538575894948272e-01	9.662545104336343893e-02	4.655514036964744640e-02	1.105712528876073297e-01
2.481776119605160602e+03	1.342348944568126090e-01	7.940712837669545998e-02	3.258324588830618374e-01	2.067625355558045108e-01	9.662739315858798195e-02	4.655714313752121192e-02	1.105784464305381853e-01
2.496289430246126358e+03	1.342134832221940632e-01	7.938953944970353338e-02	3.258520662206280671e-01	2.067710172930881385e-01	9.662927882631815180e-02	4.655910201110569080e-02	1.105855129759840683e-01
2.510802740887092114e+03	1.341925130878336703e-01	7.937226271141398226e-02	3.258713350209351267e-01	2.067793069887672586e-01	9.663110945114661288e-02	4.656101793681777234e-02	1.105924548021072068e-01
2.525316051528057415e+03	1.341719752867691073e-01	7.935529235763522093e-02	3.258902712211712571e-01	2.067874087439883490e-01	9.663288640327213908e-02	4.656289184011545151e-02	1.105992741460701118e-01
2.539829362169024080e+03	1.341518612225296447e-01	7.933862269599441241e-02	3.259088806550189954e-01	2.067953265753303127e-01	9.663461101938544684e-02	4.656472462599468148e-02	1.106059732047681710e-01
2.554342672809989381e+03	1.341321624658759204e-01	7.932224814371566235e-02	3.259271690543968369e-01	2.068030644164807197e-01	9.663628460352986782e-02	4.656651717947312558e-02	1.106125541355494485e-01
2.568855983450955591e+03	1.341128707516009433e-01	7.930616322544380148e-02	3.259451420511743636e-01	2.068106261198814633e-01	9.663790842793802682e-02	4.656827036606114856e-02	1.106190190569218690e-01
2.583369294091921347e+03	1.340939779753909655e-01	7.929036257111284069e-02	3.259628051788605041e-01	2.068180154583438846e-01	9.663948373384505242e-02	4.656998503222061631e-02	1.106253700492477454e-01
2.597882604732887103e+03	1.340754761907457238e-01	7.927484091385818277e-02	3.259801638742663710e-01	2.068252361266344763e-01	9.664101173227901409e-02	4.657166200581158017e-02	1.106316091554262748e-01
2.612395915373853313e+03	1.340573576059562177e-01	7.925959308797153602e-02	3.259972234791418955e-01	2.068322917430310826e-01	9.664249360482948803e-02	4.657330209652751907e-02	1.106377383815638910e-01
2.626909226014819069e+03	1.340396145811396100e-01	7.924461402689768341e-02	3.260139892417875940e-01	2.068391858508499825e-01	9.664393050439472332e-02	4.657490609631916717e-02	1.106437596976328902e-01
2.641422536655784825e+03	1.340222396253298587e-01	7.922989876127221887e-02	3.260304663186406327e-01	2.068459219199448584e-01	9.664532355590821355e-02	4.657647477980751682e-02	1.106496750381183308e-01
2.655935847296750580e+03	1.340052253936232229e-01	7.921544241699944588e-02	3.260466597758363561e-01	2.068525033481775355e-01	9.664667385704524272e-02	4.657800890468613564e-02	1.106554863026536495e-01
2.670449157937716336e+03	1.339885646843773648e-01	7.920124021336941156e-02	3.260625745907456130e-01	2.068589334628610776e-01	9.664798247890990512e-02	4.657950921211327644e-02	1.106611953566449397e-01
2.684962468578682547e+03	1.339722504364635192e-01	7.918728746121335427e-02	3.260782156534871024e-01	2.068652155221759326e-01	9.664925046670350128e-02	4.658097642709382175e-02	1.106668040318842944e-01
2.699475779219648302e+03	1.339562757265702064e-01	7.917357956109676020e-02	3.260935877684168482e-01	2.068713527165592092e-01	9.665047884037449022e-02	4.658241125885167339e-02	1.106723141271523103e-01
2.713989089860614058e+03	1.339406337665580426e-01	7.916011200154932093e-02	3.261086956555930283e-01	2.068773481700676986e-01	9.665166859525090026e-02	4.658381440119259420e-02	1.106777274088098922e-01
2.728502400501579814e+03	1.339253179008644823e-01	7.914688035733069560e-02	3.261235439522183199e-01	2.068832049417149987e-01	9.665282070265546199e-02	4.658518653285792510e-02	1.106830456113796074e-01
2.743015711142545115e+03	1.339103216039573274e-01	7.913388028773157834e-02	3.261381372140588764e-01	2.068889260267832986e-01	9.665393611050412948e-02	4.658652831786939258e-02	1.106882704381168675e-01
2.757529021783511780e+03	1.338956384778366981e-01	7.912110753490947390e-02	3.261524799168407096e-01	2.068945143581100155e-01	9.665501574388851713e-02	4.658784040586522873e-02	1.106934035615708412e-01
2.772042332424477081e+03	1.338812622495839100e-01	7.910855792225797434e-02	3.261665764576235360e-01	2.068999728073499800e-01	9.665606050564254370e-02	4.658912343242794379e-02	1.106984466241355825e-01
2.786555643065443292e+03	1.338671867689568973e-01	7.909622735280928685e-02	3.261804311561530278e-01	2.069053041862131403e-01	9.665707127689399103e-02	4.659037801940386914e-02	1.107034012385912786e-01
2.801068953706408593e+03	1.338534060060311004e-01	7.908411180766902748e-02	3.261940482561904164e-01	2.069105112476788411e-01	9.665804891760122752e-02	4.659160477521474830e-02	1.107082689886360882e-01
2.815582264347374803e+03	1.338399140488849282e-01	7.907220734448275334e-02	3.262074319268216116e-01	2.069155966871863706e-01	9.665899426707570685e-02	4.659280429516170219e-02	1.107130514294083629e-01
2.830095574988341014e+03	1.338267051013290465e-01	7.906051009593356715e-02	3.262205862637441167e-01	2.069205631438028603e-01	9.665990814449045010e-02	4.659397716172156839e-02	1.107177500879997362e-01
2.844608885629306769e+03	1.338137734806788826e-01	7.904901626826998928e-02	3.262335152905338487e-01	2.069254132013682856e-01	9.666079134937519135e-02	4.659512394483601022e-02	1.107223664639590682e-01
2.859122196270272525e+03	1.338011136155689007e-01	7.903772213986365314e-02	3.262462229598909191e-01	2.069301493896184285e-01	9.666164466209833939e-02	4.659624520219353416e-02	1.107269020297875078e-01
2.873635506911238281e+03	1.337887200438088731e-01	7.902662405979604676e-02	3.262587131548648767e-01	2.069347741852858857e-01	9.666246884433624120e-02	4.659734147950457539e-02	1.107313582314246869e-01
2.888148817552204036e+03	1.337765874102803121e-01	7.901571844647387044e-02	3.262709896900607420e-01	2.069392900131798718e-01	9.666326463953014980e-02	4.659841331076990112e-02	1.107357364887263523e-01
