0.000000000000000000e+00	1.585156956204137046e-01	9.256885054316445205e-02	3.127042836848322738e-01	1.972693966316458880e-01	9.095070997839960203e-02	4.326867491390579828e-02	1.047223886265286757e-01
1.451331064096584811e+01	1.576114532069599339e-01	9.259908671920301371e-02	3.128303147990995625e-01	1.973595141927805274e-01	9.133865380569085313e-02	4.348377846820809106e-02	1.047771988069483712e-01
2.902662128193169622e+01	1.567828888008019339e-01	9.258363774882619190e-02	3.129622282313246351e-01	1.974655559630656976e-01	9.168863336320039192e-02	4.365120423693658047e-02	1.048658516547348873e-01
4.353993192289755143e+01	1.560204045033280473e-01	9.252990146733168497e-02	3.130991655964177611e-01	1.975848998270390289e-01	9.200498333511539228e-02	4.378560491066448013e-02	1.049750403589939096e-01
5.805324256386339954e+01	1.553156966099157044e-01	9.244420343404825824e-02	3.132404665079685513e-01	1.977152571854902674e-01	9.229151306152792722e-02	4.389689212595604406e-02	1.050959710739835379e-01
7.256655320482924765e+01	1.546615896398176593e-01	9.233194809749108167e-02	3.133856013066753654e-01	1.978546331831447791e-01	9.255157209436082333e-02	4.399178717583306086e-02	1.052228685015675902e-01
8.707986384579510286e+01	1.540518880085437747e-01	9.219774931603667845e-02	3.135341272298526327e-01	1.980012913653773077e-01	9.278810742718363036e-02	4.407486300566218484e-02	1.053519736462341511e-01
1.015931744867609581e+02	1.534812448069666768e-01	9.204554285371753519e-02	3.136856600678680218e-01	1.981537223679235016e-01	9.300371346532741723e-02	4.414924454216752336e-02	1.054808718949196422e-01
1.161064851277267991e+02	1.529450465772786150e-01	9.187868320586195514e-02	3.138398560060601250e-01	1.983106162430108288e-01	9.320067566715550811e-02	4.421707952951969833e-02	1.056080427700036156e-01
1.306197957686926259e+02	1.524393126973686008e-01	9.170002684631495260e-02	3.139964001260647786e-01	1.984708380412745499e-01	9.338100866823753621e-02	4.427985520090568089e-02	1.057325584187241707e-01
1.451331064096584669e+02	1.519606078898367574e-01	9.151200373840552571e-02	3.141549992276111425e-01	1.986334062937754885e-01	9.354648959583132528e-02	4.433861137329631052e-02	1.058538818801336850e-01
1.596464170506243647e+02	1.515059663864572193e-01	9.131667872168564015e-02	3.143153774247163801e-01	1.987974740676343999e-01	9.369868718987432732e-02	4.439408394018046905e-02	1.059717322683417090e-01
1.741597276915902057e+02	1.510728263561164908e-01	9.111580417830694723e-02	3.144772734989637608e-01	1.989623122992820459e-01	9.383898726709991034e-02	4.444680158145428855e-02	1.060859948176666734e-01
1.886730383325560467e+02	1.506589733139093723e-01	9.091086519716004566e-02	3.146404393444796610e-01	1.991272951392990542e-01	9.396861499552705554e-02	4.449715101845962140e-02	1.061966609900553277e-01
2.031863489735219162e+02	1.502624913522715711e-01	9.070311828977840884e-02	3.148046390728824750e-01	1.992918870712643564e-01	9.408865438616303978e-02	4.454542111148074995e-02	1.063037887150495436e-01
2.176996596144877287e+02	1.498817211602560262e-01	9.049362456803163035e-02	3.149696485010944902e-01	1.994556315934022661e-01	9.420006535618183352e-02	4.459183271849744001e-02	1.064074761014265069e-01
2.322129702554535982e+02	1.495152239175902009e-01	9.028327816800797712e-02	3.151352548467877268e-01	1.996181412758916141e-01	9.430369867209674462e-02	4.463655896490293512e-02	1.065078441536129739e-01
2.467262808964194392e+02	1.491617502623364400e-01	9.007283059532056324e-02	3.153012565229830200e-01	1.997790890284349419e-01	9.440030904165631898e-02	4.467973904979313793e-02	1.066050254983657575e-01
2.612395915373852517e+02	1.488202136330998293e-01	8.986291157250506090e-02	3.154674629667210128e-01	1.999382004321570705e-01	9.449056658858460966e-02	4.472148769061439627e-02	1.066991571152081930e-01
2.757529021783511780e+02	1.484896673782791499e-01	8.965404688745177986e-02	3.156336944646528919e-01	2.000952470072494271e-01	9.457506691418705869e-02	4.476190162011168400e-02	1.067903757269581810e-01
2.902662128193169337e+02	1.481692851060282257e-01	8.944667367132014268e-02	3.157997819561182973e-01	2.002500403031649001e-01	9.465433992366066585e-02	4.480106408731247825e-02	1.068788149512854141e-01
3.047795234602828600e+02	1.478583438199939093e-01	8.924115347366122497e-02	3.159655668052908650e-01	2.004024267117820446e-01	9.472885757217104630e-02	4.483904800362775028e-02	1.069646036123634292e-01
3.192928341012487294e+02	1.475562094483207631e-01	8.903778345022972385e-02	3.161309005406151007e-01	2.005522829159714360e-01	9.479904066594055378e-02	4.487591816629633162e-02	1.070478648115163467e-01
3.338061447422145420e+02	1.472623244277489751e-01	8.883680593405590686e-02	3.162956445635790037e-01	2.006995118965858305e-01	9.486526483634491469e-02	4.491173285093284784e-02	1.071287154896427701e-01
3.483194553831804114e+02	1.469761970517622640e-01	8.863841662176789871e-02	3.164596698308822509e-01	2.008440394302140886e-01	9.492786579000198066e-02	4.494654497042344793e-02	1.072072663038383250e-01
3.628327660241463377e+02	1.466973923325206874e-01	8.844277157403118705e-02	3.166228565149538654e-01	2.009858110182373980e-01	9.498714392476405310e-02	4.498040293377771059e-02	1.072836217006053611e-01
3.773460766651120935e+02	1.464255241615203540e-01	8.824999320054645324e-02	3.167850936479761348e-01	2.011247891949297095e-01	9.504336839013911853e-02	4.501335129566704646e-02	1.073578801081114253e-01
3.918593873060780197e+02	1.461602485842730670e-01	8.806017537566018794e-02	3.169462787543753657e-01	2.012609511686774544e-01	9.509678066074678249e-02	4.504543125845983376e-02	1.074301341966975298e-01
4.063726979470438323e+02	1.459012580304333007e-01	8.787338780972836494e-02	3.171063174763246728e-01	2.013942867559540550e-01	9.514759768276975782e-02	4.507668106903231497e-02	1.075004711746477548e-01
4.208860085880095880e+02	1.456482763632796218e-01	8.768967978343970848e-02	3.172651231962864138e-01	2.015247965725723012e-01	9.519601464582519434e-02	4.510713633942355083e-02	1.075689730980634723e-01
4.353993192289755143e+02	1.454010546317818509e-01	8.750908333693217800e-02	3.174226166600726540e-01	2.016524904510286764e-01	9.524220742610789436e-02	4.513683031144747476e-02	1.076357171815194858e-01
4.499126298699413837e+02	1.451593674250858113e-01	8.733161599235848838e-02	3.175787256033645312e-01	2.017773860565240662e-01	9.528633474092387812e-02	4.516579407928920237e-02	1.077007761013442366e-01
4.644259405109071963e+02	1.449230097435025011e-01	8.715728307726340607e-02	3.177333843841258498e-01	2.018995076775570163e-01	9.532854004972951545e-02	4.519405677996313209e-02	1.077642182867487863e-01
4.789392511518730657e+02	1.446917943123249561e-01	8.698607970645803877e-02	3.178865336228907101e-01	2.020188851698966059e-01	9.536895323242397526e-02	4.522164575866879921e-02	1.078261081962272050e-01
4.934525617928388783e+02	1.444655492752955350e-01	8.681799247178503820e-02	3.180381198524984132e-01	2.021355530352968444e-01	9.540769207182817069e-02	4.524858671412496786e-02	1.078865065780613558e-01
5.079658724338048046e+02	1.442441162135564559e-01	8.665300088206390194e-02	3.181880951784935019e-01	2.022495496185639785e-01	9.544486356395179283e-02	4.527490382760730736e-02	1.079454707146534770e-01
5.224791830747705035e+02	1.440273484436424556e-01	8.649107858942042815e-02	3.183364169511022634e-01	2.023609164085610479e-01	9.548056507673817472e-02	4.530061987846952659e-02	1.080030546509565953e-01
5.369924937157364866e+02	1.438151095547029745e-01	8.633219443299113005e-02	3.184830474494367847e-01	2.024696974304716623e-01	9.551488537543137425e-02	4.532575634826063737e-02	1.080593094075959770e-01
5.515058043567023560e+02	1.436072721508245276e-01	8.617631332652833653e-02	3.186279535783551053e-01	2.025759387181706728e-01	9.554790553048359003e-02	4.535033351507616189e-02	1.081142831794520559e-01
5.660191149976681118e+02	1.434037167691977754e-01	8.602339701260769411e-02	3.187711065782221631e-01	2.026796878568922489e-01	9.557969972197397079e-02	4.537437053943750576e-02	1.081680215205590989e-01
5.805324256386339812e+02	1.432043309490512173e-01	8.587340470286450311e-02	3.189124817476615692e-01	2.027809935875660441e-01	9.561033595280532538e-02	4.539788554274235000e-02	1.082205675161995034e-01
5.950457362795999643e+02	1.430090084298574482e-01	8.572629362088128591e-02	3.190520581792632426e-01	2.028799054652313527e-01	9.563987668145318422e-02	4.542089567914138482e-02	1.082719619430626556e-01
6.095590469205657200e+02	1.428176484603880803e-01	8.558201946194742005e-02	3.191898185081079031e-01	2.029764735648519058e-01	9.566837938373515260e-02	4.544341720155445352e-02	1.083222434183056526e-01
6.240723575615315895e+02	1.426301552028263198e-01	8.544053678185568879e-02	3.193257486728882655e-01	2.030707482286585042e-01	9.569589705192307894e-02	4.546546552242969330e-02	1.083714485383090037e-01
6.385856682024975726e+02	1.424464372184034711e-01	8.530179932514067587e-02	3.194598376893401648e-01	2.031627798498536752e-01	9.572247863851769678e-02	4.548705526976278002e-02	1.084196120078721182e-01
6.530989788434633283e+02	1.422664070229599231e-01	8.516576030165685929e-02	3.195920774356473815e-01	2.032526186881350450e-01	9.574816945112517297e-02	4.550820033882429366e-02	1.084667667605419550e-01
6.676122894844290840e+02	1.420899807024889328e-01	8.503237261910492895e-02	3.197224624494453549e-01	2.033403147130426192e-01	9.577301150410330588e-02	4.552891393998723113e-02	1.085129440707183479e-01
6.821256001253949535e+02	1.419170775801433526e-01	8.490158907801063914e-02	3.198509897360209409e-01	2.034259174716164797e-01	9.579704383196818718e-02	4.554920864299986938e-02	1.085581736581312795e-01
6.966389107663608229e+02	1.417476199274034510e-01	8.477336253471604022e-02	3.199776585872861068e-01	2.035094759772771156e-01	9.582030276895758814e-02	4.556909641801058092e-02	1.086024837852399283e-01
7.111522214073266923e+02	1.415815327131474677e-01	8.464764603713452462e-02	3.201024704110911334e-01	2.035910386172130881e-01	9.584282219862537422e-02	4.558858867361800793e-02	1.086459013480610830e-01
7.256655320482924481e+02	1.414187433852617526e-01	8.452439293732963432e-02	3.202254285704384529e-01	2.036706530758913281e-01	9.586463377688292375e-02	4.560769629219164900e-02	1.086884519608950356e-01
7.401788426892584312e+02	1.412591816801939126e-01	8.440355698438535559e-02	3.203465382321531996e-01	2.037483662725934064e-01	9.588576713150022413e-02	4.562642966268348754e-02	1.087301600353812320e-01
7.546921533302243006e+02	1.411027794565097027e-01	8.428509240053025375e-02	3.204658062245746564e-01	2.038242243111378360e-01	9.590625004072567128e-02	4.564479871112990528e-02	1.087710488542827231e-01
7.692054639711900563e+02	1.409494705490771937e-01	8.416895394304400868e-02	3.205832409038340547e-01	2.038982724401716407e-01	9.592610859337148688e-02	4.566281292902447941e-02	1.088111406403679121e-01
7.837187746121558121e+02	1.407991906409843674e-01	8.405509695410559590e-02	3.206988520282942345e-01	2.039705550226131037e-01	9.594536733243778925e-02	4.568048139972544219e-02	1.088504566207302571e-01
7.982320852531219089e+02	1.406518771507104526e-01	8.394347740042475137e-02	3.208126506407382728e-01	2.040411155130011922e-01	9.596404938410735275e-02	4.569781282304732212e-02	1.088890170868614116e-01
8.127453958940876646e+02	1.405074691324243452e-01	8.383405190422871245e-02	3.209246489579047901e-01	2.041099964416605017e-01	9.598217657373014911e-02	4.571481553817291488e-02	1.089268414507692656e-01
8.272587065350534203e+02	1.403659071875883180e-01	8.372677776694416318e-02	3.210348602669806373e-01	2.041772394047257078e-01	9.599976953023021953e-02	4.573149754501017183e-02	1.089639482974115031e-01
8.417720171760191761e+02	1.402271333863047420e-01	8.362161298671690057e-02	3.211432988286760937e-01	2.042428850591876954e-01	9.601684778020205813e-02	4.574786652410806065e-02	1.090003554336951841e-01
8.562853278169851592e+02	1.400910911970664752e-01	8.351851627074262374e-02	3.212499797865230322e-01	2.043069731222286745e-01	9.603342983281863698e-02	4.576392985523627249e-02	1.090360799342751097e-01
8.707986384579510286e+02	1.399577254237628077e-01	8.341744704323807158e-02	3.213549190820486623e-01	2.043695423742049599e-01	9.604953325654494445e-02	4.577969463472469219e-02	1.090711381843667838e-01
8.853119490989170117e+02	1.398269821489561415e-01	8.331836544975837477e-02	3.214581333754955028e-01	2.044306306647171168e-01	9.606517474853774885e-02	4.579516769165143525e-02	1.091055459197746574e-01
8.998252597398827675e+02	1.396988086825852737e-01	8.322123235846096145e-02	3.215596399717705056e-01	2.044902749212788584e-01	9.608037019751250463e-02	4.581035560296074782e-02	1.091393182643221882e-01
9.143385703808486369e+02	1.395731535153705016e-01	8.312600935882674680e-02	3.216594567513226255e-01	2.045485111601575978e-01	9.609513474077011064e-02	4.582526470758617465e-02	1.091724697648573106e-01
9.288518810218145063e+02	1.394499662762995473e-01	8.303265875827259279e-02	3.217576021056614555e-01	2.046053744990156131e-01	9.610948281599873688e-02	4.583990111964843239e-02	1.092050144239946341e-01
9.433651916627801484e+02	1.393291976936608390e-01	8.294114357702332685e-02	3.218540948772452559e-01	2.046608991710283931e-01	9.612342820839631097e-02	4.585427074079208298e-02	1.092369657307447478e-01
9.578785023037459041e+02	1.392107995591666258e-01	8.285142754155581934e-02	3.219489543034781409e-01	2.047151185401994700e-01	9.613698409359951180e-02	4.586837927172057738e-02	1.092683366891708391e-01
9.723918129447120009e+02	1.390947246947725480e-01	8.276347507688025518e-02	3.220421999645720623e-01	2.047680651176282396e-01	9.615016307685025909e-02	4.588223222298468823e-02	1.092991398452029250e-01
9.869051235856777566e+02	1.389809269218566512e-01	8.267725129788260074e-02	3.221338517350407216e-01	2.048197705785202716e-01	9.616297722878383580e-02	4.589583492507526286e-02	1.093293873117316406e-01
1.001418434226643626e+03	1.388693610324673311e-01	8.259272199991819774e-02	3.222239297386050305e-01	2.048702657797578375e-01	9.617543811818021759e-02	4.590919253786766158e-02	1.093590907920946736e-01
1.015931744867609382e+03	1.387599827623912652e-01	8.250985364881648076e-02	3.223124543063023428e-01	2.049195807778740053e-01	9.618755684198296296e-02	4.592231005946180444e-02	1.093882616020620258e-01
1.030445055508575479e+03	1.386527487658263669e-01	8.242861337043209946e-02	3.223994459376025024e-01	2.049677448472954633e-01	9.619934405285708590e-02	4.593519233445865491e-02	1.094169106904187144e-01
1.044958366149541234e+03	1.385476165914757418e-01	8.234896893985596544e-02	3.224849252643449682e-01	2.050147864987385271e-01	9.621080998452763433e-02	4.594784406171099206e-02	1.094450486582370652e-01
1.059471676790506763e+03	1.384445446599032736e-01	8.227088877038182813e-02	3.225689130173218788e-01	2.050607334976601859e-01	9.622196447511514872e-02	4.596026980158376268e-02	1.094726857769248302e-01
1.073984987431472746e+03	1.383434922420139213e-01	8.219434190230857917e-02	3.226514299953420206e-01	2.051056128826797276e-01	9.623281698866076317e-02	4.597247398275684793e-02	1.094998320051291107e-01
1.088498298072438729e+03	1.382444194385404890e-01	8.211929799164502386e-02	3.227324970366190482e-01	2.051494509839008606e-01	9.624337663501336682e-02	4.598446090860074109e-02	1.095264970045714686e-01
1.103011608713404712e+03	1.381472871604348118e-01	8.204572729877311621e-02	3.228121349923381844e-01	2.051922734410742133e-01	9.625365218823297986e-02	4.599623476315352344e-02	1.095526901548841969e-01
1.117524919354370468e+03	1.380520571100749272e-01	8.197360067711573217e-02	3.228903647022624557e-01	2.052341052215506390e-01	9.626365210364851155e-02	4.600779961672578355e-02	1.095784205675130324e-01
1.132038229995336451e+03	1.379586917632118492e-01	8.190288956184754721e-02	3.229672069722485661e-01	2.052749706379840833e-01	9.627338453369332916e-02	4.601915943115789803e-02	1.096036970987477738e-01
1.146551540636302207e+03	1.378671543515899434e-01	8.183356595868042371e-02	3.230426825535502311e-01	2.053148933657503450e-01	9.628285734262959084e-02	4.603031806475296750e-02	1.096285283619376077e-01
1.161064851277267962e+03	1.377774088461825031e-01	8.176560243274896833e-02	3.231168121237933399e-01	2.053538964600539196e-01	9.629207812026097102e-02	4.604127927690661315e-02	1.096529227389448496e-01
1.175578161918233945e+03	1.376894199409935959e-01	8.169897209761736723e-02	3.231896162695148123e-01	2.053920023727020261e-01	9.630105419472279049e-02	4.605204673245380520e-02	1.096768883908867676e-01
1.190091472559199701e+03	1.376031530373815204e-01	8.163364860442412496e-02	3.232611154701641731e-01	2.054292329685278584e-01	9.630979264443019494e-02	4.606262400575123622e-02	1.097004332682121469e-01
1.204604783200165684e+03	1.375185742288659863e-01	8.156960613117807124e-02	3.233313300834707027e-01	2.054656095414510997e-01	9.631830030925636610e-02	4.607301458451279474e-02	1.097235651201562551e-01
1.219118093841131440e+03	1.374356502863860185e-01	8.150681937221608553e-02	3.234002803320880637e-01	2.055011528301660673e-01	9.632658380100593554e-02	4.608322187341425125e-02	1.097462915036148401e-01
1.233631404482097196e+03	1.373543486439784411e-01	8.144526352783068579e-02	3.234679862914305870e-01	2.055358830334515219e-01	9.633464951324229031e-02	4.609324919748238741e-02	1.097686197914753137e-01
1.248144715123063179e+03	1.372746373848517942e-01	8.138491429407297695e-02	3.235344678786229999e-01	2.055698198250986986e-01	9.634250363052160315e-02	4.610309980528272400e-02	1.097905571804405345e-01
1.262658025764028707e+03	1.371964852278320657e-01	8.132574785273567752e-02	3.235997448424884904e-01	2.056029823684561442e-01	9.635015213708145176e-02	4.611277687191901037e-02	1.098121106983785678e-01
1.277171336404994690e+03	1.371198615141606958e-01	8.126774086151862531e-02	3.236638367545064954e-01	2.056353893305921110e-01	9.635760082502714541e-02	4.612228350185681308e-02	1.098332872112295078e-01
1.291684647045960673e+03	1.370447361946263154e-01	8.121087044437863556e-02	3.237267630006736008e-01	2.056670588960767543e-01	9.636485530205501915e-02	4.613162273158283311e-02	1.098540934294981869e-01
1.306197957686926657e+03	1.369710798170141464e-01	8.115511418206401706e-02	3.237885427742066557e-01	2.056980087803878532e-01	9.637192099874802853e-02	4.614079753211045715e-02	1.098745359143602218e-01
1.320711268327892412e+03	1.368988635138586318e-01	8.110045010283387090e-02	3.238491950690304266e-01	2.057282562429441630e-01	9.637880317547585507e-02	4.614981081134188895e-02	1.098946210834065296e-01
1.335224578968857941e+03	1.368280589904863342e-01	8.104685667336114507e-02	3.239087386739964436e-01	2.057578180997728934e-01	9.638550692892858263e-02	4.615866541629599223e-02	1.099143552160500442e-01
1.349737889609823924e+03	1.367586385133371940e-01	8.099431278981779336e-02	3.239671921677811373e-01	2.057867107358169190e-01	9.639203719831079820e-02	4.616736413521071308e-02	1.099337444586168944e-01
1.364251200250789907e+03	1.366905748985534075e-01	8.094279776914072022e-02	3.240245739144173576e-01	2.058149501168892448e-01	9.639839877121991751e-02	4.617590969952822810e-02	1.099527948291425805e-01
1.378764510891755890e+03	1.366238415008262375e-01	8.089229134047577763e-02	3.240809020594137002e-01	2.058425518012814981e-01	9.640459628923109259e-02	4.618430478577049969e-02	1.099715122218926922e-01
1.393277821532721646e+03	1.365584122024915414e-01	8.084277363679763517e-02	3.241361945264203404e-01	2.058695309510351623e-01	9.641063425320854641e-02	4.619255201731232302e-02	1.099899024116259560e-01
1.407791132173687402e+03	1.364942614028661627e-01	8.079422518670262288e-02	3.241904690144030710e-01	2.058959023428825752e-01	9.641651702836184779e-02	4.620065396605851221e-02	1.100079710576167547e-01
1.422304442814653157e+03	1.364313640078169132e-01	8.074662690637190998e-02	3.242437429952876315e-01	2.059216803788669059e-01	9.642224884906387683e-02	4.620861315403151232e-02	1.100257237074527827e-01
1.436817753455619140e+03	1.363696954195557087e-01	8.069996009170175844e-02	3.242960337120416314e-01	2.059468790966488272e-01	9.642783382344592702e-02	4.621643205487517558e-02	1.100431658006225250e-01
1.451331064096585123e+03	1.363092315266536958e-01	8.065420641059786733e-02	3.243473581771608716e-01	2.059715121795085702e-01	9.643327593778394657e-02	4.622411309528019763e-02	1.100603026719064043e-01
1.465844374737550879e+03	1.362499486942684024e-01	8.060934789543075518e-02	3.243977331715308665e-01	2.059955929660519103e-01	9.643857906068901975e-02	4.623165865633623028e-02	1.100771395545843967e-01
1.480357685378516862e+03	1.361918237545779731e-01	8.056536693564887719e-02	3.244471752436353107e-01	2.060191344596280782e-01	9.644374694711388418e-02	4.623907107481537576e-02	1.100936815834721305e-01
1.494870996019482618e+03	1.361348339974169375e-01	8.052224627054632711e-02	3.244957007090848999e-01	2.060421493374685609e-01	9.644878324218664201e-02	4.624635264439157234e-02	1.101099337977967108e-01
1.509384306660448374e+03	1.360789571611083493e-01	8.047996898218186257e-02	3.245433256504428043e-01	2.060646499595544523e-01	9.645369148488151800e-02	4.625350561679992395e-02	1.101259011439227053e-01
1.523897617301414357e+03	1.360241714234874111e-01	8.043851848844625618e-02	3.245900659173228675e-01	2.060866483772209046e-01	9.645847511153625431e-02	4.626053220293983859e-02	1.101415884779380627e-01
1.538410927942380113e+03	1.359704553931114501e-01	8.039787853627468339e-02	3.246359371267398264e-01	2.061081563415062268e-01	9.646313745922475980e-02	4.626743457392556991e-02	1.101570005681091202e-01
1.552924238583346096e+03	1.359177881006521926e-01	8.035803319500094133e-02	3.246809546636909571e-01	2.061291853112540429e-01	9.646768176899277181e-02	4.627421486208754126e-02	1.101721420972131271e-01
1.567437549224311852e+03	1.358661489904658126e-01	8.031896684985075086e-02	3.247251336819511613e-01	2.061497464609755581e-01	9.647211118896427406e-02	4.628087516192758155e-02	1.101870176647564564e-01
1.581950859865277607e+03	1.358155179123362588e-01	8.028066419557076949e-02	3.247684891050629519e-01	2.061698506884796778e-01	9.647642877732533206e-02	4.628741753103092493e-02	1.102016317890856523e-01
1.596464170506243590e+03	1.357658751133885289e-01	8.024311023019052580e-02	3.248110356275059618e-01	2.061895086222784446e-01	9.648063750519184079e-02	4.629384399093785379e-02	1.102159889093984046e-01
1.610977481147209119e+03	1.357172012301674224e-01	8.020629024891444414e-02	3.248527877160297117e-01	2.062087306287746225e-01	9.648474025936709664e-02	4.630015652797735137e-02	1.102300933876609185e-01
1.625490791788175102e+03	1.356694772808782201e-01	8.017018983814080957e-02	3.248937596111365345e-01	2.062275268192382827e-01	9.648873984499474477e-02	4.630635709406534517e-02	1.102439495104376443e-01
1.640004102429141085e+03	1.356226846577857914e-01	8.013479486960516096e-02	3.249339653287005025e-01	2.062459070565793584e-01	9.649263898811229201e-02	4.631244760746952571e-02	1.102575614906389778e-01
1.654517413070107068e+03	1.355768051197685786e-01	8.010009149464535072e-02	3.249734186617098675e-01	2.062638809619224689e-01	9.649644033810998722e-02	4.631842995354305131e-02	1.102709334691922977e-01
1.669030723711072824e+03	1.355318207850238488e-01	8.006606613858535670e-02	3.250121331821222981e-01	2.062814579209903965e-01	9.650014647009967639e-02	4.632430598542888744e-02	1.102840695166411727e-01
1.683544034352038352e+03	1.354877141239213822e-01	8.003270549523551491e-02	3.250501222428208714e-01	2.062986470903022396e-01	9.650375988719771259e-02	4.633007752473666807e-02	1.102969736346772339e-01
1.698057344993004335e+03	1.354444679520017680e-01	7.999999652150642515e-02	3.250873989796621011e-01	2.063154574031923760e-01	9.650728302272608417e-02	4.633574636219377901e-02	1.103096497576090823e-01
1.712570655633970318e+03	1.354020654231168630e-01	7.996792643213414264e-02	3.251239763136054561e-01	2.063318975756555929e-01	9.651071824233531382e-02	4.634131425827212047e-02	1.103221017537721199e-01
1.727083966274936301e+03	1.353604900227088903e-01	7.993648269451412991e-02	3.251598669529162655e-01	2.063479761120242950e-01	9.651406784605270905e-02	4.634678294379220714e-02	1.103343334268831188e-01
1.741597276915902057e+03	1.353197255612254846e-01	7.990565302364173450e-02	3.251950833954336262e-01	2.063637013104829554e-01	9.651733407025929468e-02	4.635215412050573691e-02	1.103463485173428044e-01
1.756110587556867813e+03	1.352797561676674643e-01	7.987542537715658364e-02	3.252296379308962093e-01	2.063790812684250242e-01	9.652051908959841109e-02	4.635742946165809231e-02	1.103581507034898657e-01
1.770623898197833569e+03	1.352405662832672495e-01	7.984578795048900834e-02	3.252635426433179155e-01	2.063941238876572937e-01	9.652362501881901757e-02	4.636261061253189181e-02	1.103697436028092532e-01
1.785137208838799552e+03	1.352021406552942895e-01	7.981672917210601292e-02	3.252968094134079946e-01	2.064088368794565476e-01	9.652665391455649002e-02	4.636769919097264575e-02	1.103811307730976077e-01
1.799650519479765535e+03	1.351644643309856397e-01	7.978823769885461104e-02	3.253294499210286905e-01	2.064232277694832418e-01	9.652960777705332784e-02	4.637269678789763400e-02	1.103923157135884292e-01
1.814163830120731291e+03	1.351275226515983308e-01	7.976030241140062704e-02	3.253614756476853054e-01	2.064373039025565182e-01	9.653248855182239296e-02	4.637760496778895597e-02	1.104033018660394300e-01
1.828677140761696819e+03	1.350913012465817242e-01	7.973291240976079775e-02	3.253928978790429638e-01	2.064510724472951864e-01	9.653529813125504011e-02	4.638242526917157882e-02	1.104140926157842761e-01
1.843190451402663257e+03	1.350557860278666922e-01	7.970605700892607892e-02	3.254237277074656376e-01	2.064645404006287543e-01	9.653803835617624785e-02	4.638715920507731350e-02	1.104246912927508567e-01
1.857703762043628785e+03	1.350209631842698987e-01	7.967972573457428320e-02	3.254539760345726007e-01	2.064777145921824486e-01	9.654071101734885973e-02	4.639180826349542652e-02	1.104351011724480358e-01
1.872217072684594768e+03	1.349868191760100755e-01	7.965390831887014800e-02	3.254836535738084846e-01	2.064906016885403317e-01	9.654331785692903123e-02	4.639637390781065768e-02	1.104453254769228038e-01
1.886730383325560297e+03	1.349533407293344867e-01	7.962859469635098775e-02	3.255127708530226038e-01	2.065032081973900979e-01	9.654586056987464471e-02	4.640085757722932358e-02	1.104553673756893534e-01
1.901243693966526507e+03	1.349205148312531133e-01	7.960377499989594596e-02	3.255413382170543879e-01	2.065155404715535992e-01	9.654834080530856621e-02	4.640526068719412478e-02	1.104652299866317744e-01
1.915757004607492036e+03	1.348883287243785589e-01	7.957943955677723724e-02	3.255693658303212557e-01	2.065276047129060433e-01	9.655076016783836756e-02	4.640958462978821836e-02	1.104749163768818654e-01
1.930270315248458019e+03	1.348567699018689281e-01	7.955557888479161677e-02	3.255968636794063786e-01	2.065394069761876950e-01	9.655312021883433182e-02	4.641383077412915281e-02	1.104844295636733670e-01
1.944783625889424002e+03	1.348258261024724292e-01	7.953218368847031483e-02	3.256238415756430027e-01	2.065509531727114378e-01	9.655542247766704667e-02	4.641800046675320646e-02	1.104937725151739630e-01
1.959296936530389530e+03	1.347954853056708424e-01	7.950924485536571551e-02	3.256503091576931630e-01	2.065622490739689177e-01	9.655766842290626484e-02	4.642209503199044851e-02	1.105029481512961459e-01
1.973810247171355968e+03	1.347657357269202161e-01	7.948675345241335011e-02	3.256762758941176283e-01	2.065733003151386249e-01	9.655985949348228070e-02	4.642611577233121678e-02	1.105119593444881532e-01
1.988323557812321269e+03	1.347365658129868193e-01	7.946470072236749838e-02	3.257017510859364640e-01	2.065841123984991090e-01	9.656199708981139107e-02	4.643006396878417152e-02	1.105208089205059890e-01
2.002836868453287707e+03	1.347079642373762154e-01	7.944307808030881546e-02	3.257267438691763273e-01	2.065946906967497110e-01	9.656408257488642566e-02	4.643394088122651531e-02	1.105294996591674184e-01
2.017350179094252780e+03	1.346799198958536226e-01	7.942187711022258290e-02	3.257512632174039968e-01	2.066050404562418397e-01	9.656611727533385980e-02	4.643774774874662864e-02	1.105380342950888772e-01
2.031863489735218764e+03	1.346524219020539537e-01	7.940108956164595999e-02	3.257753179442438585e-01	2.066151668001235120e-01	9.656810248243853645e-02	4.644148578997947530e-02	1.105464155184061742e-01
2.046376800376184747e+03	1.346254595831792022e-01	7.938070734638302817e-02	3.257989167058777946e-01	2.066250747313994607e-01	9.657003945313716309e-02	4.644515620343511730e-02	1.105546459754797040e-01
2.060890111017150957e+03	1.345990224757818710e-01	7.936072253528587972e-02	3.258220680035268102e-01	2.066347691359098071e-01	9.657192941098162453e-02	4.644876016782063799e-02	1.105627282695848534e-01
2.075403421658116713e+03	1.345731003216324440e-01	7.934112735510071013e-02	3.258447801859119530e-01	2.066442547852289924e-01	9.657377354707326333e-02	4.645229884235568818e-02	1.105706649615883913e-01
2.089916732299082469e+03	1.345476830636694043e-01	7.932191418537733185e-02	3.258670614516944175e-01	2.066535363394880476e-01	9.657557302096890506e-02	4.645577336708197475e-02	1.105784585706113404e-01
2.104430042940048224e+03	1.345227608420295762e-01	7.930307555544086062e-02	3.258889198518931662e-01	2.066626183501218961e-01	9.657732896155987734e-02	4.645918486316692742e-02	1.105861115746790690e-01
2.118943353581013525e+03	1.344983239901582361e-01	7.928460414142439461e-02	3.259103632922795701e-01	2.066715052625441029e-01	9.657904246792459180e-02	4.646253443320168264e-02	1.105936264113588502e-01
2.133456664221980191e+03	1.344743630309959415e-01	7.926649276336117378e-02	3.259313995357476235e-01	2.066802014187512360e-01	9.658071461015588222e-02	4.646582316149377306e-02	1.106010054783858193e-01
2.147969974862945492e+03	1.344508686732419356e-01	7.924873438233526191e-02	3.259520362046600117e-01	2.066887110598586430e-01	9.658234643016372356e-02	4.646905211435441857e-02	1.106082511342773994e-01
2.162483285503912157e+03	1.344278318076915779e-01	7.923132209768943279e-02	3.259722807831684221e-01	2.066970383285698931e-01	9.658393894245424771e-02	4.647222234038099475e-02	1.106153656989368461e-01
2.176996596144877003e+03	1.344052435036466597e-01	7.921424914428890074e-02	3.259921406195076532e-01	2.067051872715816307e-01	9.658549313488577759e-02	4.647533487073447073e-02	1.106223514542463426e-01
2.191509906785843214e+03	1.343830950053973572e-01	7.919750888984013193e-02	3.260116229282636890e-01	2.067131618419255634e-01	9.658700996940265682e-02	4.647839071941221173e-02	1.106292106446498669e-01
2.206023217426809424e+03	1.343613777287738509e-01	7.918109483226325185e-02	3.260307347926145738e-01	2.067209659012496648e-01	9.658849038274758270e-02	4.648139088351624371e-02	1.106359454777263163e-01
2.220536528067775180e+03	1.343400832577668347e-01	7.916500059711709114e-02	3.260494831665439741e-01	2.067286032220402026e-01	9.658993528715323351e-02	4.648433634351704924e-02	1.106425581247531403e-01
2.235049838708740936e+03	1.343192033412148878e-01	7.914921993507589848e-02	3.260678748770272639e-01	2.067360774897859799e-01	9.659134557101353713e-02	4.648722806351309605e-02	1.106490507212608970e-01
2.249563149349706237e+03	1.342987298895577664e-01	7.913374671945630490e-02	3.260859166261895759e-01	2.067433923050870648e-01	9.659272209953567723e-02	4.649006699148623689e-02	1.106554253675788996e-01
2.264076459990672902e+03	1.342786549716543099e-01	7.911857494379403999e-02	3.261036149934359862e-01	2.067505511857087031e-01	9.659406571537312858e-02	4.649285405955300848e-02	1.106616841293722869e-01
2.278589770631638203e+03	1.342589708116634084e-01	7.910369871946884568e-02	3.261209764375532227e-01	2.067575575685828837e-01	9.659537723924035979e-02	4.649559018421203782e-02	1.106678290381708091e-01
2.293103081272604413e+03	1.342396697859868371e-01	7.908911227337703242e-02	3.261380072987827283e-01	2.067644148117580849e-01	9.659665747050993900e-02	4.649827626658759039e-02	1.106738620918893690e-01
2.307616391913570169e+03	1.342207444202729583e-01	7.907480994565037336e-02	3.261547138008660807e-01	2.067711261962995317e-01	9.659790718779241725e-02	4.650091319266936446e-02	1.106797852553408901e-01
2.322129702554535925e+03	1.342021873864796822e-01	7.906078618742062858e-02	3.261711020530612681e-01	2.067776949281405485e-01	9.659912714949955848e-02	4.650350183354864247e-02	1.106856004607413152e-01
2.336643013195502135e+03	1.341839914999957695e-01	7.904703555862868658e-02	3.261871780521304887e-01	2.067841241398869490e-01	9.660031809439158235e-02	4.650604304565089664e-02	1.106913096082072362e-01
2.351156323836467891e+03	1.341661497168193384e-01	7.903355272587736513e-02	3.262029476842997489e-01	2.067904168925753516e-01	9.660148074210871127e-02	4.650853767096487651e-02	1.106969145662462378e-01
2.365669634477433647e+03	1.341486551307919661e-01	7.902033246032702518e-02	3.262184167271898194e-01	2.067965761773869482e-01	9.660261579368756291e-02	4.651098653726831733e-02	1.107024171722399836e-01
2.380182945118399402e+03	1.341315009708880790e-01	7.900736963563317894e-02	3.262335908517188798e-01	2.068026049173178338e-01	9.660372393206294317e-02	4.651339045835028302e-02	1.107078192329205013e-01
2.394696255759364703e+03	1.341146805985576063e-01	7.899465922592517619e-02	3.262484756239766859e-01	2.068085059688070382e-01	9.660480582255542847e-02	4.651575023423026173e-02	1.107131225248395162e-01
2.409209566400331823e+03	1.340981875051216188e-01	7.898219630382509460e-02	3.262630765070711480e-01	2.068142821233235895e-01	9.660586211334507012e-02	4.651806665137400709e-02	1.107183287948311917e-01
2.423722877041296670e+03	1.340820153092193434e-01	7.896997603850612613e-02	3.262773988629464328e-01	2.068199361089134158e-01	9.660689343593183154e-02	4.652034048290631940e-02	1.107234397604682508e-01
2.438236187682262880e+03	1.340661577543059146e-01	7.895799369378965482e-02	3.262914479541733082e-01	2.068254705917074721e-01	9.660790040558302205e-02	4.652257248882067653e-02	1.107284571105117965e-01
2.452749498323228636e+03	1.340506087061993645e-01	7.894624462628005435e-02	3.263052289457120114e-01	2.068308881773919250e-01	9.660888362176806021e-02	4.652476341618584643e-02	1.107333825053546383e-01
2.467262808964194392e+03	1.340353621506765736e-01	7.893472428353673354e-02	3.263187469066475832e-01	2.068361914126416179e-01	9.660984366858124672e-02	4.652691399934949512e-02	1.107382175774587058e-01
2.481776119605160602e+03	1.340204121911163782e-01	7.892342820228244460e-02	3.263320068118978345e-01	2.068413827865176191e-01	9.661078111515251921e-02	4.652902496013897049e-02	1.107429639317861342e-01
2.496289430246126358e+03	1.340057530461895852e-01	7.891235200664727112e-02	3.263450135438948352e-01	2.068464647318298821e-01	9.661169651604673003e-02	4.653109700805907467e-02	1.107476231462245359e-01
2.510802740887092114e+03	1.339913790475945610e-01	7.890149140644735215e-02	3.263577718942388128e-01	2.068514396264659050e-01	9.661259041165193295e-02	4.653313084048706083e-02	1.107521967720063172e-01
2.525316051528057415e+03	1.339772846378377014e-01	7.889084219549796773e-02	3.263702865653260732e-01	2.068563097946864160e-01	9.661346332855667851e-02	4.653512714286488217e-02	1.107566863341222368e-01
2.539829362169024080e+03	1.339634643680576165e-01	7.888040024996009758e-02	3.263825621719506076e-01	2.068610775083887798e-01	9.661431577991697051e-02	4.653708658888865146e-02	1.107610933317292601e-01
2.554342672809989381e+03	1.339499128958924201e-01	7.887016152671974534e-02	3.263946032428795552e-01	2.068657449883391786e-01	9.661514826581284188e-02	4.653900984069537367e-02	1.107654192385528480e-01
2.568855983450955591e+03	1.339366249833892630e-01	7.886012206179938977e-02	3.264064142224031295e-01	2.068703144053742615e-01	9.661596127359528552e-02	4.654089754904706250e-02	1.107696655032836680e-01
2.583369294091921347e+03	1.339235954949548613e-01	7.885027796880110518e-02	3.264179994718586775e-01	2.068747878815730135e-01	9.661675527822340126e-02	4.654275035351222722e-02	1.107738335499687948e-01
2.597882604732887103e+03	1.339108193953469084e-01	7.884062543738043494e-02	3.264293632711301463e-01	2.068791674913998679e-01	9.661753074259231411e-02	4.654456888264471570e-02	1.107779247783977072e-01
2.612395915373853313e+03	1.338982917477049284e-01	7.883116073175053251e-02	3.264405098201222932e-01	2.068834552628193990e-01	9.661828811785197479e-02	4.654635375416005943e-02	1.107819405644828448e-01
2.626909226014819069e+03	1.338860077116199865e-01	7.882188018921605643e-02	3.264514432402104704e-01	2.068876531783839234e-01	9.661902784371731445e-02	4.654810557510931368e-02	1.107858822606349880e-01
2.641422536655784825e+03	1.338739625412426471e-01	7.881278021873597273e-02	3.264621675756659291e-01	2.068917631762941245e-01	9.661975034876969792e-02	4.654982494205034405e-02	1.107897511961333514e-01
2.655935847296750580e+03	1.338621515834280684e-01	7.880385729951497331e-02	3.264726867950575318e-01	2.068957871514338076e-01	9.662045605075020305e-02	4.655151244121671222e-02	1.107935486774908329e-01
2.670449157937716336e+03	1.338505702759179294e-01	7.879510797962273327e-02	3.264830047926293721e-01	2.068997269563792041e-01	9.662114535684487859e-02	4.655316864868414006e-02	1.107972759888139480e-01
2.684962468578682547e+03	1.338392141455581330e-01	7.878652887464049348e-02	3.264931253896553032e-01	2.069035844023837667e-01	9.662181866396207797e-02	4.655479413053456583e-02	1.108009343921579626e-01
2.699475779219648302e+03	1.338280788065516203e-01	7.877811666633448284e-02	3.265030523357702608e-01	2.069073612603387347e-01	9.662247635900231280e-02	4.655638944301785515e-02	1.108045251278770710e-01
2.713989089860614058e+03	1.338171599587458516e-01	7.876986810135551409e-02	3.265127893102790502e-01	2.069110592617104116e-01	9.662311881912068190e-02	4.655795513271117347e-02	1.108080494149696893e-01
2.728502400501579814e+03	1.338064533859536775e-01	7.876177998996448937e-02	3.265223399234423729e-01	2.069146800994545732e-01	9.662374641198219483e-02	4.655949173667608965e-02	1.108115084514189469e-01
2.743015711142545115e+03	1.337959549543076831e-01	7.875384920478289974e-02	3.265317077177412597e-01	2.069182254289086975e-01	9.662435949601000384e-02	4.656099978261337563e-02	1.108149034145284872e-01
2.757529021783511780e+03	1.337856606106467838e-01	7.874607267956823531e-02	3.265408961691187439e-01	2.069216968686624081e-01	9.662495842062712725e-02	4.656247978901557200e-02	1.108182354612535503e-01
2.772042332424477081e+03	1.337755663809347129e-01	7.873844740801341779e-02	3.265499086882012736e-01	2.069250960014069329e-01	9.662554352649134481e-02	4.656393226531733986e-02	1.108215057285274058e-01
2.786555643065443292e+03	1.337656683687095949e-01	7.873097044257014454e-02	3.265587486214979740e-01	2.069284243747640251e-01	9.662611514572387594e-02	4.656535771204364099e-02	1.108247153335831792e-01
2.801068953706408593e+03	1.337559627535640783e-01	7.872363889329545006e-02	3.265674192525793162e-01	2.069316835020947043e-01	9.662667360213179901e-02	4.656675662095576679e-02	1.108278653742712921e-01
2.815582264347374803e+03	1.337464457896554715e-01	7.871644992672097163e-02	3.265759238032354683e-01	2.069348748632886259e-01	9.662721921142447545e-02	4.656812947519517465e-02	1.108309569293722541e-01
2.830095574988341014e+03	1.337371138042451890e-01	7.870940076474465530e-02	3.265842654346138296e-01	2.069379999055343533e-01	9.662775228142414519e-02	4.656947674942527038e-02	1.108339910589050681e-01
2.844608885629306769e+03	1.337279631962669524e-01	7.870248868354422223e-02	3.265924472483371366e-01	2.069410600440710069e-01	9.662827311227073501e-02	4.657079890997110894e-02	1.108369688044313767e-01
2.859122196270272525e+03	1.337189904349231628e-01	7.869571101251235379e-02	3.266004722876017508e-01	2.069440566629219547e-01	9.662878199662126855e-02	4.657209641495702046e-02	1.108398911893550692e-01
2.873635506911238281e+03	1.337101920583089743e-01	7.868906513321261009e-02	3.266083435382563516e-01	2.069469911156108233e-01	9.662927921984382218e-02	4.657336971444217544e-02	1.108427592192178512e-01
2.888148817552204036e+03	1.337015646720633444e-01	7.868254847835608190e-02	3.266160639298619772e-01	2.069498647258603274e-01	9.662976506020626299e-02	4.657461925055421392e-02	1.108455738819904002e-01
