0.000000000000000000e+00	1.530626583298443089e-01	9.428167378333730808e-02	3.126898318318357406e-01	1.989293486898865704e-01	9.237391303866854253e-02	4.427854785411752814e-02	1.043840264711662358e-01
1.451331064096584811e+01	1.527512640548185086e-01	9.387283173191912633e-02	3.129335303712108551e-01	1.985573923863498125e-01	9.272218821328093163e-02	4.426384291751803146e-02	1.048989503237589549e-01
2.902662128193169622e+01	1.524345439163063975e-01	9.348387213562323050e-02	3.131549356912279869e-01	1.984046697734749010e-01	9.300785615300702358e-02	4.426428149951633362e-02	1.052498408297003890e-01
4.353993192289755143e+01	1.521142850503031108e-01	9.311284574538310210e-02	3.133625302773612731e-01	1.983866424924504157e-01	9.324822930892777417e-02	4.427442590521191851e-02	1.055010412192187025e-01
5.805324256386339954e+01	1.517919607407786087e-01	9.275805604782075275e-02	3.135615380761954674e-01	1.984509010834698273e-01	9.345482187315556910e-02	4.429092602403209705e-02	1.056917961534040024e-01
7.256655320482924765e+01	1.514687951897006890e-01	9.241802225949924399e-02	3.137551645220414409e-01	1.985649034868247342e-01	9.363545383344384909e-02	4.431170674050351199e-02	1.058459539668427929e-01
8.707986384579510286e+01	1.511458107636979020e-01	9.209144873947575083e-02	3.139453632361472457e-01	1.987084066421555550e-01	9.379556605446121020e-02	4.433547022168428386e-02	1.059779343412343561e-01
1.015931744867609581e+02	1.508238635147315376e-01	9.177719937351865032e-02	3.141333105670367498e-01	1.988687923714908545e-01	9.393904623456167391e-02	4.436139164643625177e-02	1.060963962910805719e-01
1.161064851277267991e+02	1.505036706601611540e-01	9.147427590699332145e-02	3.143196997008971261e-01	1.990381786275627063e-01	9.406875099457544243e-02	4.438893364731606034e-02	1.062064904613505140e-01
1.306197957686926259e+02	1.501858323931316852e-01	9.118179948119882472e-02	3.145049232632272651e-01	1.992116324193438648e-01	9.418683865800962784e-02	4.441773350136610232e-02	1.063112402825788921e-01
1.451331064096584669e+02	1.498708495725793455e-01	9.089899481376230439e-02	3.146891869403783404e-01	1.993860628372443045e-01	9.429498364936385324e-02	4.444753481837546150e-02	1.064123873671525972e-01
1.596464170506243647e+02	1.495591383254593898e-01	9.062517659103740131e-02	3.148725803752793762e-01	1.995595341740500350e-01	9.439451649438665437e-02	4.447814637807489396e-02	1.065109076605685323e-01
1.741597276915902057e+02	1.492510422661433300e-01	9.035973773014831234e-02	3.150551215545537853e-01	1.997308387451955380e-01	9.448651675754211887e-02	4.450941747623225753e-02	1.066073254690409755e-01
1.886730383325560467e+02	1.489468428277927747e-01	9.010213923340922026e-02	3.152367847123219158e-01	1.998992304251589192e-01	9.457187595483849962e-02	4.454122326497177153e-02	1.067019035803632443e-01
2.031863489735219162e+02	1.486467680637154065e-01	8.985190140653288859e-02	3.154175179548326935e-01	2.000642577868832206e-01	9.465134110336098638e-02	4.457345610754867571e-02	1.067947575759825157e-01
2.176996596144877287e+02	1.483510001859313365e-01	8.960859624953196323e-02	3.155972544508479083e-01	2.002256590882900145e-01	9.472554561308448029e-02	4.460602052380974875e-02	1.068859238873608453e-01
2.322129702554535982e+02	1.480596820465121810e-01	8.937184085885171991e-02	3.157759195751553283e-01	2.003832957599416265e-01	9.479503176702328004e-02	4.463883025633613028e-02	1.069753997350361141e-01
2.467262808964194392e+02	1.477729227241914300e-01	8.914129170323488449e-02	3.159534354913297038e-01	2.005371099413502667e-01	9.486026750187552536e-02	4.467180657076352118e-02	1.070631660661110762e-01
2.612395915373852517e+02	1.474908023477478347e-01	8.891663965555145210e-02	3.161297241019307980e-01	2.006870971050063457e-01	9.492165924080020467e-02	4.470487725981855259e-02	1.071492002880012062e-01
2.757529021783511780e+02	1.472133762646289645e-01	8.869760567931377071e-02	3.163047089483955188e-01	2.008332882004893183e-01	9.497956192526267605e-02	4.473797603708851850e-02	1.072334829436776132e-01
2.902662128193169337e+02	1.469406786456302072e-01	8.848393708252445811e-02	3.164783164279513783e-01	2.009757378497183111e-01	9.503428700952330777e-02	4.477104213751922912e-02	1.073160008459895370e-01
3.047795234602828600e+02	1.466727256025293358e-01	8.827540426336728807e-02	3.166504765609670646e-01	2.011145164240234207e-01	9.508610893611116333e-02	4.480402002034483688e-02	1.073967481915133054e-01
3.192928341012487294e+02	1.464095178843341227e-01	8.807179788241362162e-02	3.168211234584175640e-01	2.012497046398722955e-01	9.513527045195975529e-02	4.483685911700364263e-02	1.074757265648554477e-01
3.338061447422145420e+02	1.461510432085352806e-01	8.787292640476060401e-02	3.169901955865239707e-01	2.013813898112622458e-01	9.518198702077401707e-02	4.486951359410404350e-02	1.075529443728962670e-01
3.483194553831804114e+02	1.458972782760001030e-01	8.767861396306245170e-02	3.171576358923596795e-01	2.015096632093016371e-01	9.522645051772539448e-02	4.490194211733945784e-02	1.076284160230677051e-01
3.628327660241463377e+02	1.456481905115690201e-01	8.748869849893935180e-02	3.173233918330096714e-01	2.016346181751458577e-01	9.526883234529154310e-02	4.493410761109304513e-02	1.077021610238080018e-01
3.773460766651120935e+02	1.454037395668016930e-01	8.730303014589710364e-02	3.174874153372152508e-01	2.017563487555727730e-01	9.530928607616619141e-02	4.496597701317304324e-02	1.077742031040304221e-01
3.918593873060780197e+02	1.451638786164883288e-01	8.712146982178479993e-02	3.176496627195382061e-01	2.018749487084857130e-01	9.534794970573678974e-02	4.499752102640593859e-02	1.078445694004166872e-01
4.063726979470438323e+02	1.449285554763712347e-01	8.694388800306190879e-02	3.178100945611850858e-01	2.019905107754833562e-01	9.538494757953289160e-02	4.502871386972819717e-02	1.079132897334937752e-01
4.208860085880095880e+02	1.446977135659081870e-01	8.677016365682663213e-02	3.179686755676684462e-01	2.021031261508430821e-01	9.542039204827633403e-02	4.505953303157968909e-02	1.079803959777541483e-01
4.353993192289755143e+02	1.444712927367742816e-01	8.660018330975020884e-02	3.181253744107556125e-01	2.022128840973531627e-01	9.545438489340914157e-02	4.508995902817963808e-02	1.080459215226344805e-01
4.499126298699413837e+02	1.442492299850751114e-01	8.643384023583156051e-02	3.182801635602467427e-01	2.023198716734609104e-01	9.548701855837521402e-02	4.511997516887040344e-02	1.081099008169966041e-01
4.644259405109071963e+02	1.440314600628758990e-01	8.627103374728911644e-02	3.184330191097520246e-01	2.024241735457145419e-01	9.551837721490910593e-02	4.514956733026560809e-02	1.081723689880502715e-01
4.789392511518730657e+02	1.438179160025920833e-01	8.611166857499095995e-02	3.185839205996375822e-01	2.025258718670563951e-01	9.554853768874334297e-02	4.517872374050002637e-02	1.082333615253362330e-01
4.934525617928388783e+02	1.436085295659966232e-01	8.595565432663128391e-02	3.187328508395578797e-01	2.026250462061814084e-01	9.557757026520789789e-02	4.520743477448169179e-02	1.082929140207998381e-01
5.079658724338048046e+02	1.434032316280407504e-01	8.580290501242943124e-02	3.188797957324243648e-01	2.027217735165425250e-01	9.560553939196189677e-02	4.523569276070351503e-02	1.083510619567541328e-01
5.224791830747705035e+02	1.432019525043324581e-01	8.565333862948626420e-02	3.190247441012185603e-01	2.028161281360743584e-01	9.563250429342329273e-02	4.526349179988624349e-02	1.084078405344354318e-01
5.369924937157364866e+02	1.430046222299390657e-01	8.550687679711117817e-02	3.191676875197145824e-01	2.029081818105889223e-01	9.565851950923671965e-02	4.529082759549258458e-02	1.084632845367735909e-01
5.515058043567023560e+02	1.428111707961587651e-01	8.536344443645492441e-02	3.193086201479041208e-01	2.029980037352396016e-01	9.568363536725985052e-02	4.531769729596914903e-02	1.085174282198702600e-01
5.660191149976681118e+02	1.426215283510174625e-01	8.522296948866883715e-02	3.194475385727006955e-01	2.030856606095804429e-01	9.570789839998743165e-02	4.534409934843187245e-02	1.085703052284699294e-01
5.805324256386339812e+02	1.424356253684761764e-01	8.508538266657815485e-02	3.195844416543293098e-01	2.031712167026376303e-01	9.573135171201857530e-02	4.537003336340500459e-02	1.086219485314118410e-01
5.950457362795999643e+02	1.422533927906654005e-01	8.495061723552321808e-02	3.197193303786672325e-01	2.032547339251242757e-01	9.575403530506486349e-02	4.539549999014812209e-02	1.086723903736635660e-01
6.095590469205657200e+02	1.420747621468819444e-01	8.481860881959800424e-02	3.198522077156946697e-01	2.033362719065019419e-01	9.577598636605955118e-02	4.542050080205416174e-02	1.087216622420664469e-01
6.240723575615315895e+02	1.418996656525801370e-01	8.468929523001568482e-02	3.199830784841237175e-01	2.034158880750563392e-01	9.579723952313459745e-02	4.544503819156960056e-02	1.087697948423766575e-01
6.385856682024975726e+02	1.417280362911531311e-01	8.456261631276344726e-02	3.201119492222059826e-01	2.034936377395323570e-01	9.581782707355876449e-02	4.546911527407179743e-02	1.088168180855712680e-01
6.530989788434633283e+02	1.415598078809208737e-01	8.443851381308424553e-02	3.202388280646629726e-01	2.035695741711798790e-01	9.583777918715775945e-02	4.549273580013443036e-02	1.088627610817165942e-01
6.676122894844290840e+02	1.413949151294139617e-01	8.431693125464816141e-02	3.203637246256416105e-01	2.036437486853114043e-01	9.585712408825070030e-02	4.551590407561761226e-02	1.089076521399732905e-01
6.821256001253949535e+02	1.412332936767586589e-01	8.419781383155788834e-02	3.204866498875630909e-01	2.037162107216774765e-01	9.587588821872139455e-02	4.553862488903202832e-02	1.089515187735462520e-01
6.966389107663608229e+02	1.410748801297218302e-01	8.408110831157696030e-02	3.206076160957079813e-01	2.037870079231310083e-01	9.589409638448968820e-02	4.556090344564443090e-02	1.089943877085849389e-01
7.111522214073266923e+02	1.409196120877625746e-01	8.396676294918101191e-02	3.207266366583635953e-01	2.038561862121860135e-01	9.591177188734437142e-02	4.558274530781369904e-02	1.090362848962055375e-01
7.256655320482924481e+02	1.407674281622521839e-01	8.385472740721570950e-02	3.208437260523444023e-01	2.039237898651865832e-01	9.592893664384095909e-02	4.560415634107103933e-02	1.090772355269459676e-01
7.401788426892584312e+02	1.406182679898652366e-01	8.374495268610432364e-02	3.209588997336877414e-01	2.039898615838887652e-01	9.594561129274457867e-02	4.562514266548399477e-02	1.091172640470822047e-01
7.546921533302243006e+02	1.404720722410067457e-01	8.363739105968512333e-02	3.210721740533237778e-01	2.040544425643295301e-01	9.596181529230846108e-02	4.564571061187072676e-02	1.091563941763324941e-01
7.692054639711900563e+02	1.403287826240207092e-01	8.353199601687899545e-02	3.211835661775128692e-01	2.041175725629134075e-01	9.597756700851364786e-02	4.566586668245801311e-02	1.091946489265591541e-01
7.837187746121558121e+02	1.401883418858227981e-01	8.342872220849095743e-02	3.212930940128466695e-01	2.041792899596915345e-01	9.599288379525507120e-02	4.568561751560344664e-02	1.092320506211462844e-01
7.982320852531219089e+02	1.400506938095107401e-01	8.332752539853906237e-02	3.214007761356075243e-01	2.042396318188438586e-01	9.600778206733694142e-02	4.570496985422834585e-02	1.092686209147903098e-01
8.127453958940876646e+02	1.399157832094284903e-01	8.322836241958254944e-02	3.215066317252867623e-01	2.042986339464018253e-01	9.602227736703529415e-02	4.572393051763339739e-02	1.093043808134884776e-01
8.272587065350534203e+02	1.397835559240948322e-01	8.313119113158844165e-02	3.216106805020649273e-01	2.043563309452697263e-01	9.603638442489442761e-02	4.574250637639352968e-02	1.093393506945509602e-01
8.417720171760191761e+02	1.396539588073485716e-01	8.303597038393467633e-02	3.217129426680617743e-01	2.044127562676187337e-01	9.605011721534491287e-02	4.576070433005158256e-02	1.093735503264965936e-01
8.562853278169851592e+02	1.395269397180135817e-01	8.294265998019895170e-02	3.218134388521709521e-01	2.044679422647384393e-01	9.606348900766263632e-02	4.577853128735249327e-02	1.094069988887198253e-01
8.707986384579510286e+02	1.394024475083439629e-01	8.285122064542638221e-02	3.219121900582982976e-01	2.045219202344392972e-01	9.607651241272796572e-02	4.579599414878040425e-02	1.094397149908406253e-01
8.853119490989170117e+02	1.392804320114725547e-01	8.276161399560824639e-02	3.220092176168312670e-01	2.045747204661029772e-01	9.608919942599286612e-02	4.581309979118063092e-02	1.094717166916684553e-01
8.998252597398827675e+02	1.391608440280546477e-01	8.267380250913661244e-02	3.221045431391713065e-01	2.046263722834825438e-01	9.610156146701782920e-02	4.582985505426652451e-02	1.095030215177275335e-01
9.143385703808486369e+02	1.390436353122702640e-01	8.258774950002976956e-02	3.221981884751699554e-01	2.046769040853535226e-01	9.611360941590087192e-02	4.584626672882836235e-02	1.095336464813042449e-01
9.288518810218145063e+02	1.389287585573260875e-01	8.250341909274756802e-02	3.222901756733135281e-01	2.047263433841177427e-01	9.612535364688627737e-02	4.586234154647707284e-02	1.095636080979887073e-01
9.433651916627801484e+02	1.388161673805762830e-01	8.242077619843883596e-02	3.223805269435106036e-01	2.047747168424602637e-01	9.613680405940952522e-02	4.587808617077017426e-02	1.095929224036912564e-01
9.578785023037459041e+02	1.387058163083650653e-01	8.233978649248140103e-02	3.224692646223409898e-01	2.048220503081572830e-01	9.614797010680870004e-02	4.589350718958088576e-02	1.096216049711226104e-01
9.723918129447120009e+02	1.385976607606774769e-01	8.226041639319232879e-02	3.225564111406322154e-01	2.048683688471306386e-01	9.615886082290819870e-02	4.590861110858381749e-02	1.096496709257323288e-01
9.869051235856777566e+02	1.384916570356733434e-01	8.218263304160047800e-02	3.226419889932354290e-01	2.049136967748407256e-01	9.616948484666021368e-02	4.592340434574197078e-02	1.096771349611048579e-01
1.001418434226643626e+03	1.383877622941661056e-01	8.210640428218618503e-02	3.227260207108799683e-01	2.049580576861067260e-01	9.617985044501041469e-02	4.593789322669052100e-02	1.097040113538171047e-01
1.015931744867609382e+03	1.382859345441009580e-01	8.203169864450378379e-02	3.228085288339890835e-01	2.050014744834388614e-01	9.618996553413802775e-02	4.595208398092236884e-02	1.097303139777639630e-01
1.030445055508575479e+03	1.381861326250759525e-01	8.195848532561256228e-02	3.228895358883479560e-01	2.050439694039639660e-01	9.619983769920600891e-02	4.596598273868941070e-02	1.097560563179611898e-01
1.044958366149541234e+03	1.380883161929445935e-01	8.188673417325006976e-02	3.229690643625188762e-01	2.050855640450214845e-01	9.620947421274374245e-02	4.597959552854152809e-02	1.097812514838367309e-01
1.059471676790506763e+03	1.379924457045308694e-01	8.181641566968914092e-02	3.230471366869042127e-01	2.051262793885035296e-01	9.621888205177334119e-02	4.599292827543270679e-02	1.098059122220232386e-01
1.073984987431472746e+03	1.378984824024834244e-01	8.174750091622644266e-02	3.231237752143626407e-01	2.051661358240084165e-01	9.622806791378013536e-02	4.600598679933059348e-02	1.098300509286654070e-01
1.088498298072438729e+03	1.378063883002902390e-01	8.167996161825606671e-02	3.231990022022894204e-01	2.052051531708738441e-01	9.623703823161877668e-02	4.601877681427172379e-02	1.098536796612569477e-01
1.103011608713404712e+03	1.377161261674720305e-01	8.161377007088646551e-02	3.232728397960761835e-01	2.052433506991518941e-01	9.624579918743808582e-02	4.603130392781059482e-02	1.098768101500219030e-01
1.117524919354370468e+03	1.376276595149681092e-01	8.154889914506378845e-02	3.233453100138685143e-01	2.052807471495849412e-01	9.625435672570013812e-02	4.604357364081557158e-02	1.098994538088560180e-01
1.132038229995336451e+03	1.375409525807276545e-01	8.148532227416802054e-02	3.234164347325473310e-01	2.053173607526380395e-01	9.626271656536294907e-02	4.605559134756958412e-02	1.099216217458434813e-01
1.146551540636302207e+03	1.374559703155140422e-01	8.142301344105214167e-02	3.234862356748596235e-01	2.053532092466399117e-01	9.627088421128932039e-02	4.606736233613747955e-02	1.099433247733646035e-01
1.161064851277267962e+03	1.373726783689307451e-01	8.136194716549710604e-02	3.235547343976315493e-01	2.053883098950821939e-01	9.627886496493967550e-02	4.607889178896601434e-02	1.099645734178098799e-01
1.175578161918233945e+03	1.372910430756732192e-01	8.130209849205843886e-02	3.236219522809992699e-01	2.054226795031234842e-01	9.628666393440139804e-02	4.609018478368583777e-02	1.099853779289154398e-01
1.190091472559199701e+03	1.372110314420111610e-01	8.124344297828217654e-02	3.236879105185959671e-01	2.054563344333417418e-01	9.629428604380307899e-02	4.610124629408794694e-02	1.100057482887350502e-01
1.204604783200165684e+03	1.371326111325033015e-01	8.118595668327024950e-02	3.237526301086368075e-01	2.054892906207760883e-01	9.630173604215774841e-02	4.611208119125005667e-02	1.100256942202628985e-01
1.219118093841131440e+03	1.370557504569464569e-01	8.112961615657704462e-02	3.238161318458482874e-01	2.055215635872972568e-01	9.630901851167568417e-02	4.612269424479081836e-02	1.100452251957216437e-01
1.233631404482097196e+03	1.369804183575595025e-01	8.107439842742041047e-02	3.238784363141889999e-01	2.055531684553424943e-01	9.631613787558433726e-02	4.613309012423229272e-02	1.100643504445292242e-01
1.248144715123063179e+03	1.369065843964014095e-01	8.102028099419210372e-02	3.239395638803136968e-01	2.055841199610496661e-01	9.632309840548945734e-02	4.614327340045299569e-02	1.100830789609579530e-01
1.262658025764028707e+03	1.368342187430233170e-01	8.096724181425352107e-02	3.239995346877341253e-01	2.056144324668223999e-01	9.632990422830906008e-02	4.615324854721605807e-02	1.101014195114987937e-01
1.277171336404994690e+03	1.367632921623523623e-01	8.091525929400407435e-02	3.240583686516329553e-01	2.056441199733568814e-01	9.633655933280957373e-02	4.616301994275842646e-02	1.101193806419429877e-01
1.291684647045960673e+03	1.366937760028059945e-01	8.086431227921023202e-02	3.241160854542898817e-01	2.056731961311583645e-01	9.634306757577061620e-02	4.617259187142887245e-02	1.101369706841933416e-01
1.306197957686926657e+03	1.366256421846342439e-01	8.081438004558454125e-02	3.241727045410798813e-01	2.057016742515747343e-01	9.634943268780367387e-02	4.618196852536377017e-02	1.101541977628163749e-01
1.320711268327892412e+03	1.365588631884871729e-01	8.076544228960433336e-02	3.242282451170088176e-01	2.057295673173718253e-01	9.635565827884720602e-02	4.619115400619107359e-02	1.101710698013467771e-01
1.335224578968857941e+03	1.364934120442050092e-01	8.071747911956078658e-02	3.242827261437492559e-01	2.057568879928744487e-01	9.636174784335960197e-02	4.620015232675382666e-02	1.101875945283542491e-01
1.349737889609823924e+03	1.364292623198276322e-01	8.067047104682971426e-02	3.243361663371457926e-01	2.057836486336953041e-01	9.636770476522946161e-02	4.620896741284582360e-02	1.102037794832834566e-01
1.364251200250789907e+03	1.363663881108203857e-01	8.062439897735577954e-02	3.243885841651574231e-01	2.058098612960730101e-01	9.637353232242139300e-02	4.621760310495268143e-02	1.102196320220764636e-01
1.378764510891755890e+03	1.363047640295127483e-01	8.057924420334264259e-02	3.244399978462089718e-01	2.058355377458386259e-01	9.637923369137428586e-02	4.622606315999266968e-02	1.102351593225871645e-01
1.393277821532721646e+03	1.362443651947464196e-01	8.053498839514186547e-02	3.244904253479229395e-01	2.058606894670297338e-01	9.638481195116749278e-02	4.623435125305218329e-02	1.102503683897965020e-01
1.407791132173687402e+03	1.361851672217294085e-01	8.049161359333380228e-02	3.245398843862066229e-01	2.058853276701691770e-01	9.639027008746944847e-02	4.624247097911150794e-02	1.102652660608371554e-01
1.422304442814653157e+03	1.361271462120924869e-01	8.044910220099421583e-02	3.245883924246699692e-01	2.059094633002251651e-01	9.639561099628236873e-02	4.625042585475713786e-02	1.102798590098358067e-01
1.436817753455619140e+03	1.360702787441442907e-01	8.040743697614079200e-02	3.246359666743503514e-01	2.059331070442684819e-01	9.640083748749525561e-02	4.625821931987730840e-02	1.102941537525807120e-01
1.451331064096585123e+03	1.360145418633217917e-01	8.036660102435363995e-02	3.246826240937232266e-01	2.059562693388412025e-01	9.640595228825712959e-02	4.626585473933811365e-02	1.103081566510221018e-01
1.465844374737550879e+03	1.359599130728323113e-01	8.032657779156464339e-02	3.247283813889781379e-01	2.059789603770508237e-01	9.641095804618114717e-02	4.627333540463762773e-02	1.103218739176125424e-01
1.480357685378516862e+03	1.359063703244832444e-01	8.028735105701061137e-02	3.247732550145404073e-01	2.060011901154029934e-01	9.641585733238980382e-02	4.628066453553631582e-02	1.103353116194939060e-01
1.494870996019482618e+03	1.358538920096965252e-01	8.024890492634534356e-02	3.248172611738204263e-01	2.060229682803850493e-01	9.642065264441050665e-02	4.628784528166186851e-02	1.103484756825376389e-01
1.509384306660448374e+03	1.358024569507037260e-01	8.021122382490605829e-02	3.248604158201734982e-01	2.060443043748120262e-01	9.642534640893044018e-02	4.629488072408724508e-02	1.103613718952443229e-01
1.523897617301414357e+03	1.357520443919185138e-01	8.017429249112982548e-02	3.249027346580546372e-01	2.060652076839462055e-01	9.642994098441882989e-02	4.630177387688075297e-02	1.103740059125085660e-01
1.538410927942380113e+03	1.357026339914829127e-01	8.013809597011578578e-02	3.249442331443518350e-01	2.060856872814005036e-01	9.643443866362422234e-02	4.630852768862741414e-02	1.103863832592547195e-01
1.552924238583346096e+03	1.356542058129840411e-01	8.010261960732929787e-02	3.249849264898845846e-01	2.061057520348355543e-01	9.643884167595406787e-02	4.631514504392084119e-02	1.103985093339490270e-01
1.567437549224311852e+03	1.356067403173378816e-01	8.006784904244408640e-02	3.250248296610546150e-01	2.061254106114596973e-01	9.644315218974300330e-02	4.632162876482523450e-02	1.104103894119929791e-01
1.581950859865277607e+03	1.355602183548366979e-01	8.003377020331871317e-02	3.250639573816344052e-01	2.061446714833409521e-01	9.644737231441646852e-02	4.632798161230720912e-02	1.104220286490030650e-01
1.596464170506243590e+03	1.355146211573568515e-01	8.000036930010402669e-02	3.251023241346839843e-01	2.061635429325388014e-01	9.645150410255511064e-02	4.633420628763720156e-02	1.104334320839815420e-01
1.610977481147209119e+03	1.354699303307238256e-01	7.996763281947791291e-02	3.251399441645829169e-01	2.061820330560641956e-01	9.645554955186577684e-02	4.634030543376049111e-02	1.104446046423824268e-01
1.625490791788175102e+03	1.354261278472312369e-01	7.993554751900450173e-02	3.251768314791679826e-01	2.062001497706746622e-01	9.645951060706396685e-02	4.634628163663782191e-02	1.104555511390773459e-01
1.640004102429141085e+03	1.353831960383107547e-01	7.990410042161427695e-02	3.252129998519666665e-01	2.062179008175122896e-01	9.646338916167274125e-02	4.635213742655584085e-02	1.104662762812249760e-01
1.654517413070107068e+03	1.353411175873497629e-01	7.987327881020238329e-02	3.252484628245169151e-01	2.062352937665904995e-01	9.646718705974247077e-02	4.635787527940748998e-02	1.104767846710480450e-01
1.669030723711072824e+03	1.352998755226539895e-01	7.984307022234213291e-02	3.252832337087648851e-01	2.062523360211365175e-01	9.647090609749572887e-02	4.636349761794276297e-02	1.104870808085216538e-01
1.683544034352038352e+03	1.352594532105517999e-01	7.981346244511082488e-02	3.253173255895319138e-01	2.062690348217955383e-01	9.647454802490125492e-02	4.636900681299006843e-02	1.104971690939762913e-01
1.698057344993004335e+03	1.352198343486377130e-01	7.978444351002531021e-02	3.253507513270443852e-01	2.062853972507018019e-01	9.647811454718076274e-02	4.637440518464864408e-02	1.105070538306190953e-01
1.712570655633970318e+03	1.351810029591519469e-01	7.975600168808440193e-02	3.253835235595176623e-01	2.063014302354227725e-01	9.648160732625202241e-02	4.637969500345252849e-02	1.105167392269763293e-01
1.727083966274936301e+03	1.351429433824933024e-01	7.972812548491609030e-02	3.254156547057888704e-01	2.063171405527809421e-01	9.648502798211160136e-02	4.638487849150643022e-02	1.105262293992604061e-01
1.741597276915902057e+03	1.351056402708626925e-01	7.970080363602649598e-02	3.254471569679916465e-01	2.063325348325582564e-01	9.648837809416031808e-02	4.638995782359411207e-02	1.105355283736641353e-01
1.756110587556867813e+03	1.350690785820347350e-01	7.967402510214857680e-02	3.254780423342668039e-01	2.063476195610883801e-01	9.649165920247435024e-02	4.639493512825976218e-02	1.105446400885850972e-01
1.770623898197833569e+03	1.350332435732547465e-01	7.964777906468824276e-02	3.255083225815039727e-01	2.063624010847403267e-01	9.649487280902464825e-02	4.639981248886290016e-02	1.105535683967828475e-01
1.785137208838799552e+03	1.349981207952582474e-01	7.962205492126550599e-02	3.255380092781091639e-01	2.063768856132985330e-01	9.649802037884740169e-02	4.640459194460739428e-02	1.105623170674714245e-01
1.799650519479765535e+03	1.349636960864112889e-01	7.959684228134847328e-02	3.255671137867925946e-01	2.063910792232427072e-01	9.650110334116782096e-02	4.640927549154514470e-02	1.105708897883496272e-01
1.814163830120731291e+03	1.349299555669680739e-01	7.957213096197827962e-02	3.255956472673734448e-01	2.064049878609317545e-01	9.650412309047971815e-02	4.641386508355496709e-02	1.105792901675713841e-01
1.828677140761696819e+03	1.348968856334444855e-01	7.954791098358267309e-02	3.256236206795968258e-01	2.064186173456950546e-01	9.650708098758288556e-02	4.641836263329728735e-02	1.105875217356583895e-01
1.843190451402663257e+03	1.348644729531042752e-01	7.952417256587637762e-02	3.256510447859591317e-01	2.064319733728349204e-01	9.650997836058039514e-02	4.642277001314527862e-02	1.105955879473572573e-01
1.857703762043628785e+03	1.348327044585563572e-01	7.950090612384626276e-02	3.256779301545381644e-01	2.064450615165431824e-01	9.651281650583773408e-02	4.642708905609283648e-02	1.106034921834430501e-01
1.872217072684594768e+03	1.348015673424605154e-01	7.947810226381953058e-02	3.257042871618254232e-01	2.064578872327351988e-01	9.651559668890558052e-02	4.643132155664018296e-02	1.106112377524712809e-01
1.886730383325560297e+03	1.347710490523393034e-01	7.945575177961272662e-02	3.257301259955556194e-01	2.064704558618044583e-01	9.651832014540800975e-02	4.643546927165747434e-02	1.106188278924801066e-01
1.901243693966526507e+03	1.347411372854943057e-01	7.943384564876040943e-02	3.257554566575333044e-01	2.064827726313003264e-01	9.652098808189768508e-02	4.643953392122709967e-02	1.106262657726446025e-01
1.915757004607492036e+03	1.347118199840242336e-01	7.941237502882107779e-02	3.257802889664511703e-01	2.064948426585318519e-01	9.652360167667950464e-02	4.644351718946514163e-02	1.106335544948847671e-01
1.930270315248458019e+03	1.346830853299430530e-01	7.939133125375906486e-02	3.258046325606993032e-01	2.065066709531004352e-01	9.652616208060442460e-02	4.644742072532258292e-02	1.106406970954289110e-01
1.944783625889424002e+03	1.346549217403960608e-01	7.937070583040067850e-02	3.258284969011627230e-01	2.065182624193632743e-01	9.652867041783441682e-02	4.645124614336677837e-02	1.106476965463338707e-01
1.959296936530389530e+03	1.346273178629716905e-01	7.935049043496288090e-02	3.258518912740048235e-01	2.065296218588306143e-01	9.653112778658030912e-02	4.645499502454372709e-02	1.106545557569637711e-01
1.973810247171355968e+03	1.346002625711076317e-01	7.933067690965300844e-02	3.258748247934348807e-01	2.065407539724988251e-01	9.653353525981336891e-02	4.645866891692160272e-02	1.106612775754284989e-01
1.988323557812321269e+03	1.345737449595886259e-01	7.931125725933801940e-02	3.258973064044582424e-01	2.065516633631213905e-01	9.653589388595201770e-02	4.646226933641609685e-02	1.106678647899834445e-01
2.002836868453287707e+03	1.345477543401348008e-01	7.929222364828165948e-02	3.259193448856068653e-01	2.065623545374198899e-01	9.653820468952478695e-02	4.646579776749808210e-02	1.106743201303918150e-01
2.017350179094252780e+03	1.345222802370780735e-01	7.927356839694824076e-02	3.259409488516493703e-01	2.065728319082373032e-01	9.654046867181030611e-02	4.646925566388403900e-02	1.106806462692505461e-01
2.031863489735218764e+03	1.344973123831254835e-01	7.925528397887154908e-02	3.259621267562789471e-01	2.065830997966351945e-01	9.654268681145571074e-02	4.647264444920965604e-02	1.106868458232813657e-01
2.046376800376184747e+03	1.344728407152069316e-01	7.923736301758745049e-02	3.259828868947778346e-01	2.065931624339365780e-01	9.654486006507403961e-02	4.647596551768717887e-02	1.106929213545879420e-01
2.060890111017150957e+03	1.344488553704063782e-01	7.921979828362885057e-02	3.260032374066570982e-01	2.066030239637167976e-01	9.654698936782177277e-02	4.647922023474683473e-02	1.106988753718801954e-01
2.075403421658116713e+03	1.344253466819742560e-01	7.920258269158186870e-02	3.260231862782714818e-01	2.066126884437431976e-01	9.654907563395723202e-02	4.648240993766292184e-02	1.107047103316669834e-01
2.089916732299082469e+03	1.344023051754197617e-01	7.918570929720154805e-02	3.260427413454071721e-01	2.066221598478659160e-01	9.655111975738067676e-02	4.648553593616473745e-02	1.107104286394181569e-01
2.104430042940048224e+03	1.343797215646811982e-01	7.916917129458629632e-02	3.260619102958425830e-01	2.066314420678612984e-01	9.655312261215688585e-02	4.648859951303301735e-02	1.107160326506966969e-01
2.118943353581013525e+03	1.343575867483730868e-01	7.915296201340946136e-02	3.260807006718812184e-01	2.066405389152288219e-01	9.655508505302085043e-02	4.649160192468207442e-02	1.107215246722624141e-01
2.133456664221980191e+03	1.343358918061081375e-01	7.913707491620707024e-02	3.260991198728557250e-01	2.066494541229437765e-01	9.655700791586750709e-02	4.649454440172817726e-02	1.107269069631475339e-01
2.147969974862945492e+03	1.343146279948928823e-01	7.912150359572039937e-02	3.261171751576026345e-01	2.066581913471663978e-01	9.655889201822581702e-02	4.649742814954441195e-02	1.107321817357053706e-01
2.162483285503912157e+03	1.342937867455950562e-01	7.910624177229240439e-02	3.261348736469076304e-01	2.066667541689092003e-01	9.656073815971814855e-02	4.650025434880251940e-02	1.107373511566329266e-01
2.176996596144877003e+03	1.342733596594820333e-01	7.909128329131660806e-02	3.261522223259203379e-01	2.066751460956635922e-01	9.656254712250533778e-02	4.650302415600190975e-02	1.107424173479679835e-01
2.191509906785843214e+03	1.342533385048280681e-01	7.907662212073776620e-02	3.261692280465387506e-01	2.066833705629869400e-01	9.656431967171812125e-02	4.650573870398639481e-02	1.107473823880617547e-01
2.206023217426809424e+03	1.342337152135893719e-01	7.906225234860275730e-02	3.261858975297626251e-01	2.066914309360514124e-01	9.656605655587535697e-02	4.650839910244873587e-02	1.107522483125275847e-01
2.220536528067775180e+03	1.342144818781456639e-01	7.904816818066105755e-02	3.262022373680156795e-01	2.066993305111556045e-01	9.656775850728963051e-02	4.651100643842355498e-02	1.107570171151665978e-01
2.235049838708740936e+03	1.341956307481068089e-01	7.903436393801357984e-02	3.262182540274368159e-01	2.067070725172001910e-01	9.656942624246084295e-02	4.651356177676874842e-02	1.107616907488708780e-01
2.249563149349706237e+03	1.341771542271829876e-01	7.902083405480880840e-02	3.262339538501393132e-01	2.067146601171283016e-01	9.657106046245789166e-02	4.651606616063580502e-02	1.107662711265048339e-01
2.264076459990672902e+03	1.341590448701177052e-01	7.900757307598550716e-02	3.262493430564386010e-01	2.067220964093320346e-01	9.657266185328931829e-02	4.651852061192928572e-02	1.107707601217654825e-01
2.278589770631638203e+03	1.341412953796816965e-01	7.899457565506072532e-02	3.262644277470486132e-01	2.067293844290258586e-01	9.657423108626306263e-02	4.652092613175580482e-02	1.107751595700221386e-01
2.293103081272604413e+03	1.341238986037269487e-01	7.898183655196244768e-02	3.262792139052459461e-01	2.067365271495879286e-01	9.657576881833579430e-02	4.652328370086266512e-02	1.107794712691361344e-01
2.307616391913570169e+03	1.341068475322996223e-01	7.896935063090577966e-02	3.262937073990024306e-01	2.067435274838699266e-01	9.657727569245222465e-02	4.652559428006654285e-02	1.107836969802613175e-01
2.322129702554535925e+03	1.340901352948102587e-01	7.895711285831186199e-02	3.263079139830861175e-01	2.067503882854767883e-01	9.657875233787480140e-02	4.652785881067245111e-02	1.107878384286255374e-01
2.336643013195502135e+03	1.340737551572607766e-01	7.894511830076862691e-02	3.263218393011304008e-01	2.067571123500168417e-01	9.658019937050403569e-02	4.653007821488316237e-02	1.107918973042939376e-01
2.351156323836467891e+03	1.340577005195265625e-01	7.893336212303249388e-02	3.263354888876718873e-01	2.067637024163230530e-01	9.658161739318990580e-02	4.653225339619945777e-02	1.107958752629144283e-01
2.365669634477433647e+03	1.340419649126928237e-01	7.892183958607025540e-02	3.263488681701564031e-01	2.067701611676465434e-01	9.658300699603460104e-02	4.653438523981129338e-02	1.107997739264459103e-01
2.380182945118399402e+03	1.340265419964441207e-01	7.891054604514020909e-02	3.263619824709141359e-01	2.067764912328226845e-01	9.658436875668688359e-02	4.653647461298029975e-02	1.108035948838695661e-01
2.394696255759364703e+03	1.340114255565058032e-01	7.889947694791188404e-02	3.263748370091032469e-01	2.067826951874109920e-01	9.658570324062842882e-02	4.653852236541362875e-02	1.108073396918839715e-01
2.409209566400331823e+03	1.339966095021365711e-01	7.888862783262340361e-02	3.263874369026230071e-01	2.067887755548089845e-01	9.658701100145239415e-02	4.654052932962951528e-02	1.108110098755841072e-01
2.423722877041296670e+03	1.339820878636709955e-01	7.887799432627586038e-02	3.263997871699958475e-01	2.067947348073411185e-01	9.658829258113441063e-02	4.654249632131472053e-02	1.108146069291249813e-01
2.438236187682262880e+03	1.339678547901110017e-01	7.886757214286387041e-02	3.264118927322190999e-01	2.068005753673232694e-01	9.658954851029646904e-02	4.654442413967405795e-02	1.108181323163701659e-01
2.452749498323228636e+03	1.339539045467653122e-01	7.885735708164162694e-02	3.264237584145862625e-01	2.068062996081032889e-01	9.659077930846361737e-02	4.654631356777217538e-02	1.108215874715256372e-01
2.467262808964194392e+03	1.339402315129360754e-01	7.884734502542364853e-02	3.264353889484783444e-01	2.068119098550785795e-01	9.659198548431405240e-02	4.654816537286785016e-02	1.108249737997593493e-01
2.481776119605160602e+03	1.339268301796514016e-01	7.883753193891959721e-02	3.264467889731257344e-01	2.068174083866909652e-01	9.659316753592250837e-02	4.654998030674091514e-02	1.108282926778068334e-01
2.496289430246126358e+03	1.339136951474431680e-01	7.882791386710241710e-02	3.264579630373401486e-01	2.068227974353994969e-01	9.659432595099740060e-02	4.655175910601198203e-02	1.108315454545633350e-01
2.510802740887092114e+03	1.339008211241691504e-01	7.881848693360919700e-02	3.264689156012177129e-01	2.068280791886319969e-01	9.659546120711190453e-02	4.655350249245530231e-02	1.108347334516626842e-01
2.525316051528057415e+03	1.338882029228784243e-01	7.880924733917396563e-02	3.264796510378131233e-01	2.068332557897154533e-01	9.659657377192897021e-02	4.655521117330468223e-02	1.108378579640433015e-01
2.539829362169024080e+03	1.338758354597193723e-01	7.880019136009192016e-02	3.264901736347852745e-01	2.068383293387862087e-01	9.659766410342066068e-02	4.655688584155284054e-02	1.108409202605017130e-01
2.554342672809989381e+03	1.338637137518892684e-01	7.879131534671429682e-02	3.265004875960144104e-01	2.068433018936801371e-01	9.659873265008195320e-02	4.655852717624422293e-02	1.108439215842337566e-01
2.568855983450955591e+03	1.338518329156248299e-01	7.878261572197348128e-02	3.265105970431915750e-01	2.068481754708035303e-01	9.659977985113912813e-02	4.656013584276151585e-02	1.108468631533639781e-01
2.583369294091921347e+03	1.338401881642326541e-01	7.877408897993744274e-02	3.265205060173807516e-01	2.068529520459848892e-01	9.660080613675298133e-02	4.656171249310599169e-02	1.108497461614633695e-01
2.597882604732887103e+03	1.338287748061589011e-01	7.876573168439310324e-02	3.265302184805530805e-01	2.068576335553085621e-01	9.660181192821691576e-02	4.656325776617178253e-02	1.108525717780557418e-01
2.612395915373853313e+03	1.338175882430975294e-01	7.875754046745819803e-02	3.265397383170945966e-01	2.068622218959301484e-01	9.660279763815017573e-02	4.656477228801428336e-02	1.108553411491131069e-01
2.626909226014819069e+03	1.338066239681360570e-01	7.874951202822068341e-02	3.265490693352876006e-01	2.068667189268742213e-01	9.660376367068637671e-02	4.656625667211284486e-02	1.108580553975403032e-01
2.641422536655784825e+03	1.337958775639381814e-01	7.874164313140531724e-02	3.265582152687652173e-01	2.068711264698153418e-01	9.660471042165734434e-02	4.656771151962778993e-02	1.108607156236489921e-01
2.655935847296750580e+03	1.337853447009628438e-01	7.873393060606706517e-02	3.265671797779404195e-01	2.068754463098417817e-01	9.660563827877255427e-02	4.656913741965200415e-02	1.108633229056215780e-01
2.670449157937716336e+03	1.337750211357184860e-01	7.872637134431037520e-02	3.265759664514097937e-01	2.068796801962032861e-01	9.660654762179417265e-02	4.657053494945712080e-02	1.108658782999649706e-01
2.684962468578682547e+03	1.337649027090521969e-01	7.871896230003422312e-02	3.265845788073317713e-01	2.068838298430428491e-01	9.660743882270796112e-02	4.657190467473453638e-02	1.108683828419546602e-01
2.699475779219648302e+03	1.337549853444728321e-01	7.871170048770206873e-02	3.265930202947801009e-01	2.068878969301126969e-01	9.660831224589000454e-02	4.657324714983127056e-02	1.108708375460692036e-01
2.713989089860614058e+03	1.337452650465075499e-01	7.870458298113644502e-02	3.266012942950730635e-01	2.068918831034751438e-01	9.660916824826960847e-02	4.657456291798086484e-02	1.108732434064155226e-01
2.728502400501579814e+03	1.337357378990909895e-01	7.869760691233758376e-02	3.266094041230783174e-01	2.068957899761888763e-01	9.661000717948818595e-02	4.657585251152938921e-02	1.108756013971449184e-01
2.743015711142545115e+03	1.337264000639866723e-01	7.869076947032560554e-02	3.266173530284941506e-01	2.068996191289801945e-01	9.661082938205450832e-02	4.657711645215669577e-02	1.108779124728604265e-01
2.757529021783511780e+03	1.337172477792396008e-01	7.868406790000580242e-02	3.266251441971076974e-01	2.069033721109005408e-01	9.661163519149623680e-02	4.657835525109301628e-02	1.108801775690154007e-01
2.772042332424477081e+03	1.337082773576598327e-01	7.867749950105662471e-02	3.266327807520292836e-01	2.069070504399699584e-01	9.661242493650802621e-02	4.657956940933102169e-02	1.108823976023036034e-01
2.786555643065443292e+03	1.336994851853360033e-01	7.867106162683978887e-02	3.266402657549050126e-01	2.069106556038068923e-01	9.661319893909608991e-02	4.658075941783341306e-02	1.108845734710411507e-01
2.801068953706408593e+03	1.336908677201787687e-01	7.866475168333211809e-02	3.266476022071063690e-01	2.069141890602451961e-01	9.661395751471947568e-02	4.658192575773618255e-02	1.108867060555402545e-01
2.815582264347374803e+03	1.336824214904928365e-01	7.865856712807871298e-02	3.266547930508982844e-01	2.069176522379376493e-01	9.661470097242803867e-02	4.658306890054764865e-02	1.108887962184751663e-01
2.830095574988341014e+03	1.336741430935777797e-01	7.865250546916696672e-02	3.266618411705852765e-01	2.069210465369473173e-01	9.661542961499733351e-02	4.658418930834327953e-02	1.108908448052404183e-01
2.844608885629306769e+03	1.336660291943563006e-01	7.864656426422109159e-02	3.266687493936364373e-01	2.069243733293262277e-01	9.661614373906035613e-02	4.658528743395653343e-02	1.108928526443014317e-01
2.859122196270272525e+03	1.336580765240300839e-01	7.864074111941664336e-02	3.266755204917894950e-01	2.069276339596823056e-01	9.661684363523626029e-02	4.658636372116567448e-02	1.108948205475379506e-01
2.873635506911238281e+03	1.336502818787622948e-01	7.863503368851462727e-02	3.266821571821342807e-01	2.069308297457340962e-01	9.661752958825632620e-02	4.658741860487672359e-02	1.108967493105800783e-01
2.888148817552204036e+03	1.336426421183862789e-01	7.862943967191503292e-02	3.266886621281758218e-01	2.069339619788543583e-01	9.661820187708686225e-02	4.658845251130262072e-02	1.108986397131374452e-01
