0.000000000000000000e+00	1.482099335567488296e-01	9.150557932218761348e-02	3.146912074527349334e-01	2.019851660695017315e-01	9.431384449345826815e-02	4.362914340364405785e-02	1.056651257005146449e-01
1.451331064096584811e+01	1.481457252212467490e-01	9.105487163987960320e-02	3.150174142337379135e-01	2.009949432876834141e-01	9.455030157716395878e-02	4.393271214413979608e-02	1.063040318949386581e-01
2.902662128193169622e+01	1.480454923885001495e-01	9.064548465107773179e-02	3.152384854583354379e-01	2.005475994008442120e-01	9.469644250699582599e-02	4.415621862942649412e-02	1.066702769636102555e-01
4.353993192289755143e+01	1.479158549430392156e-01	9.027119971540600862e-02	3.154087323343999216e-01	2.003842120017998996e-01	9.479532147082163351e-02	4.432929093126745240e-02	1.068953886020560101e-01
5.805324256386339954e+01	1.477624972571479900e-01	8.992680898132855705e-02	3.155561659079514358e-01	2.003686401289759555e-01	9.486928721146918597e-02	4.446891083685654278e-02	1.070476896750605506e-01
7.256655320482924765e+01	1.475902278182534555e-01	8.960795641875267392e-02	3.156950146532741530e-01	2.004292605637211788e-01	9.492988103167970815e-02	4.458516364060807757e-02	1.071624958725010540e-01
8.707986384579510286e+01	1.474030762876266387e-01	8.931100016003636066e-02	3.158322991872802299e-01	2.005283707198286525e-01	9.498302065341673872e-02	4.468430398300980710e-02	1.072579290075918179e-01
1.015931744867609581e+02	1.472043990023801929e-01	8.903289522153534641e-02	3.159712859167567722e-01	2.006461159570033792e-01	9.503171161979835635e-02	4.477040397795715304e-02	1.073431883033591355e-01
1.161064851277267991e+02	1.469969796107357396e-01	8.877109455605650123e-02	3.161133011327885156e-01	2.007720429600546030e-01	9.507746255526736134e-02	4.484624992860629378e-02	1.074228692552813974e-01
1.306197957686926259e+02	1.467831194363512504e-01	8.852346606341562896e-02	3.162586835089424286e-01	2.009006580021134303e-01	9.512102146167805694e-02	4.491383872713400338e-02	1.074992127991557106e-01
1.451331064096584669e+02	1.465647160485782641e-01	8.828822323717550047e-02	3.164072836127727606e-01	2.010290890400042996e-01	9.516275678647709291e-02	4.497465933458093951e-02	1.075732719392017284e-01
1.596464170506243647e+02	1.463433303295525456e-01	8.806386733537770184e-02	3.165587251204406427e-01	2.011558534898604256e-01	9.520285300764180780e-02	4.502985755579827498e-02	1.076455131601191800e-01
1.741597276915902057e+02	1.461202430958800647e-01	8.784913922509303419e-02	3.167125405914487657e-01	2.012802074933736918e-01	9.524140967782074307e-02	4.508033639432475204e-02	1.077161235208496243e-01
1.886730383325560467e+02	1.458965025812926364e-01	8.764297931423276067e-02	3.168682411709622393e-01	2.014018013060197287e-01	9.527849047999270571e-02	4.512682002545592708e-02	1.077851651208347472e-01
2.031863489735219162e+02	1.456729640893408839e-01	8.744449422708053254e-02	3.170253514798155314e-01	2.015204960824823199e-01	9.531414661589628079e-02	4.516989658662130813e-02	1.078526509175539994e-01
2.176996596144877287e+02	1.454503230204905184e-01	8.725292909440955647e-02	3.171834261740986705e-01	2.016362659433989790e-01	9.534842719625814811e-02	4.521004815387490161e-02	1.079185804162601930e-01
2.322129702554535982e+02	1.452291423349377775e-01	8.706764451366008628e-02	3.173420568796633257e-01	2.017491452493649640e-01	9.538138320025617289e-02	4.524767261423894016e-02	1.079829552066697007e-01
2.467262808964194392e+02	1.450098753642519722e-01	8.688809739136270360e-02	3.175008741097542497e-01	2.018591999506004486e-01	9.541306838166818682e-02	4.528310016315299780e-02	1.080457846380004083e-01
2.612395915373852517e+02	1.447928847464702296e-01	8.671382501188017178e-02	3.176595466116121647e-01	2.019665118433065232e-01	9.544353883577438857e-02	4.531660606823405268e-02	1.081070868815134367e-01
2.757529021783511780e+02	1.445784581362205556e-01	8.654443178695456207e-02	3.178177794438513115e-01	2.020711698090662534e-01	9.547285207749088565e-02	4.534842073015087072e-02	1.081668880150565559e-01
2.902662128193169337e+02	1.443668212350732727e-01	8.637957823267913837e-02	3.179753114790584423e-01	2.021732648797371634e-01	9.550106603608117528e-02	4.537873771918297244e-02	1.082252204169789345e-01
3.047795234602828600e+02	1.441581485968155829e-01	8.621897179723833626e-02	3.181319127021258186e-01	2.022728874324453419e-01	9.552823814511232636e-02	4.540772025534787343e-02	1.082821210697058611e-01
3.192928341012487294e+02	1.439525725860782424e-01	8.606235922656745030e-02	3.182873815009978347e-01	2.023701255949465760e-01	9.555442459325555471e-02	4.543550646847635544e-02	1.083376300284691895e-01
3.338061447422145420e+02	1.437501908048527954e-01	8.590952020811053191e-02	3.184415420525037455e-01	2.024650643552468876e-01	9.557967974718041548e-02	4.546221368862916196e-02	1.083917891422676860e-01
3.483194553831804114e+02	1.435510722481165569e-01	8.576026207689992076e-02	3.185942418546437449e-01	2.025577850916338574e-01	9.560405573346576757e-02	4.548794195835551002e-02	1.084446410356759288e-01
3.628327660241463377e+02	1.433552624053787417e-01	8.561441540475520084e-02	3.187453494284182565e-01	2.026483653600034962e-01	9.562760215719980084e-02	4.551277691621616328e-02	1.084962283268195993e-01
3.773460766651120935e+02	1.431627874880475604e-01	8.547183032376469425e-02	3.188947521965666554e-01	2.027368788419587065e-01	9.565036593301645684e-02	4.553679216984182071e-02	1.085465930455954547e-01
3.918593873060780197e+02	1.429736579318500178e-01	8.533237346042249483e-02	3.190423545378012760e-01	2.028233953946414758e-01	9.567239120573792222e-02	4.556005125308387749e-02	1.085957762152543749e-01
4.063726979470438323e+02	1.427878712980825693e-01	8.519592537772177621e-02	3.191880760102504544e-01	2.029079811649340259e-01	9.569371934054925199e-02	4.558260924338389253e-02	1.086438175638695797e-01
4.208860085880095880e+02	1.426054146763460762e-01	8.506237843987966840e-02	3.193318497351951835e-01	2.029906987436014276e-01	9.571438896573196409e-02	4.560451410094983754e-02	1.086907553370874691e-01
4.353993192289755143e+02	1.424262666738955463e-01	8.493163502879355620e-02	3.194736209308738362e-01	2.030716073429650881e-01	9.573443605396604605e-02	4.562580777973929136e-02	1.087366261885583107e-01
4.499126298699413837e+02	1.422503990622009384e-01	8.480360605330576618e-02	3.196133455856100536e-01	2.031507629868545550e-01	9.575389403088105378e-02	4.564652715094688618e-02	1.087814651289924911e-01
4.644259405109071963e+02	1.420777781392604244e-01	8.467820970229823774e-02	3.197509892594798675e-01	2.032282187050353794e-01	9.577279390183700281e-02	4.566670477218776059e-02	1.088253055186930718e-01
4.789392511518730657e+02	1.419083658562127204e-01	8.455537040089819434e-02	3.198865260039932545e-01	2.033040247266900691e-01	9.579116438984772164e-02	4.568636952949210739e-02	1.088681790916577879e-01
4.934525617928388783e+02	1.417421207485051460e-01	8.443501793593451155e-02	3.200199373897000266e-01	2.033782286692178976e-01	9.580903207915773823e-02	4.570554717429348851e-02	1.089101160019830816e-01
5.079658724338048046e+02	1.415789987050013465e-01	8.431708672248332259e-02	3.201512116321765800e-01	2.034508757198385809e-01	9.582642156028781111e-02	4.572426077358283242e-02	1.089511448854214720e-01
5.224791830747705035e+02	1.414189536027134209e-01	8.420151518807381108e-02	3.202803428074459391e-01	2.035220088083762036e-01	9.584335557341902567e-02	4.574253108813347568e-02	1.089912929306301043e-01
5.369924937157364866e+02	1.412619378301173956e-01	8.408824525505925740e-02	3.204073301485109160e-01	2.035916687702551964e-01	9.585985514783096351e-02	4.576037689103901879e-02	1.090305859559792673e-01
5.515058043567023560e+02	1.411079027180922318e-01	8.397722190492616645e-02	3.205321774153044867e-01	2.036598944992213667e-01	9.587593973578079076e-02	4.577781523663135288e-02	1.090690484888356543e-01
5.660191149976681118e+02	1.409567988942740380e-01	8.386839281103178334e-02	3.206548923309749943e-01	2.037267230896519232e-01	9.589162733973893848e-02	4.579486168806929519e-02	1.091067038450512366e-01
5.805324256386339812e+02	1.408085765739224282e-01	8.376170802851803932e-02	3.207754860780138717e-01	2.037921899685715965e-01	9.590693463230921811e-02	4.581153051043478780e-02	1.091435742070223369e-01
5.950457362795999643e+02	1.406631857981615330e-01	8.365711973202881457e-02	3.208939728482964604e-01	2.038563290176697851e-01	9.592187706847887796e-02	4.582783483498323318e-02	1.091796806991735813e-01
6.095590469205657200e+02	1.405205766286060087e-01	8.355458199341875281e-02	3.210103694416323594e-01	2.039191726857352560e-01	9.593646899008534401e-02	4.584378679921875810e-02	1.092150434600957926e-01
6.240723575615315895e+02	1.403806993058459296e-01	8.345405059294112859e-02	3.211246949079168966e-01	2.039807520920040029e-01	9.595072372256656379e-02	4.585939766666455308e-02	1.092496817108532248e-01
6.385856682024975726e+02	1.402435043779897417e-01	8.335548285848386196e-02	3.212369702284327833e-01	2.040410971209619673e-01	9.596465366419378029e-02	4.587467792954031537e-02	1.092836138191899120e-01
6.530989788434633283e+02	1.401089428044081653e-01	8.325883752832211049e-02	3.213472180322743954e-01	2.041002365091664494e-01	9.597827036807798917e-02	4.588963739701763800e-02	1.093168573595256349e-01
6.676122894844290840e+02	1.399769660389457715e-01	8.316407463360511731e-02	3.214554623442548165e-01	2.041581979246550049e-01	9.599158461730472602e-02	4.590428527127834307e-02	1.093494291687487074e-01
6.821256001253949535e+02	1.398475260961387912e-01	8.307115539741895260e-02	3.215617283610121557e-01	2.042150080395017941e-01	9.600460649359067455e-02	4.591863021323290550e-02	1.093813453978972894e-01
6.966389107663608229e+02	1.397205756033765012e-01	8.298004214778639809e-02	3.216660422523573426e-01	2.042706925960636744e-01	9.601734543987711090e-02	4.593268039945230807e-02	1.094126215598792834e-01
7.111522214073266923e+02	1.395960678414415457e-01	8.289069824239793383e-02	3.217684309852005264e-01	2.043252764674351463e-01	9.602981031728254069e-02	4.594644357161525167e-02	1.094432725734197642e-01
7.256655320482924481e+02	1.394739567754510745e-01	8.280308800322923324e-02	3.218689221676616086e-01	2.043787837126030682e-01	9.604200945683398494e-02	4.595992707956438744e-02	1.094733128034493380e-01
7.401788426892584312e+02	1.393541970778750805e-01	8.271717665950131804e-02	3.219675439112161808e-01	2.044312376267622688e-01	9.605395070638673982e-02	4.597313791889216794e-02	1.095027560981590431e-01
7.546921533302243006e+02	1.392367441450236276e-01	8.263293029769044895e-02	3.220643247089446937e-01	2.044826607872217983e-01	9.606564147312607327e-02	4.598608276383320953e-02	1.095316158229529269e-01
7.692054639711900563e+02	1.391215541081572693e-01	8.255031581750468805e-02	3.221592933281567372e-01	2.045330750953010257e-01	9.607708876202586401e-02	4.599876799612005740e-02	1.095599048915271989e-01
7.837187746121558121e+02	1.390085838401780849e-01	8.246930089291877597e-02	3.222524787158363990e-01	2.045825018145830954e-01	9.608829921061758095e-02	4.601119973035930344e-02	1.095876357942996149e-01
7.982320852531219089e+02	1.388977909586960602e-01	8.238985393750535013e-02	3.223439099155216980e-01	2.046309616058645253e-01	9.609927912040047704e-02	4.602338383640121322e-02	1.096148206244035722e-01
8.127453958940876646e+02	1.387891338261296181e-01	8.231194407342212749e-02	3.224336159943725910e-01	2.046784745591110621e-01	9.611003448520062664e-02	4.603532595910594938e-02	1.096414711014509491e-01
8.272587065350534203e+02	1.386825715473869458e-01	8.223554110351743995e-02	3.225216259793152740e-01	2.047250602227032867e-01	9.612057101676388382e-02	4.604703153585035236e-02	1.096675985932557967e-01
8.417720171760191761e+02	1.385780639655813107e-01	8.216061548610140153e-02	3.226079688012676860e-01	2.047707376302297655e-01	9.613089416784496855e-02	4.605850581206974437e-02	1.096932141356981166e-01
8.562853278169851592e+02	1.384755716561561767e-01	8.208713831200176170e-02	3.226926732465562053e-01	2.048155253250633356e-01	9.614100915303382122e-02	4.606975385508726983e-02	1.097183284508945061e-01
8.707986384579510286e+02	1.383750559197316488e-01	8.201508128358304950e-02	3.227757679147282288e-01	2.048594413829333272e-01	9.615092096753929951e-02	4.608078056644783482e-02	1.097429519638298268e-01
8.853119490989170117e+02	1.382764787739301782e-01	8.194441669545821094e-02	3.228572811820510924e-01	2.049025034326868999e-01	9.616063440413144536e-02	4.609159069294365557e-02	1.097670948175917122e-01
8.998252597398827675e+02	1.381798029443954690e-01	8.187511741666372855e-02	3.229372411700629497e-01	2.049447286754149944e-01	9.617015406842513436e-02	4.610218883649292582e-02	1.097907668873380066e-01
9.143385703808486369e+02	1.380849918551811939e-01	8.180715687410435033e-02	3.230156757186091743e-01	2.049861339021001316e-01	9.617948439267104410e-02	4.611257946301133143e-02	1.098139777931160799e-01
9.288518810218145063e+02	1.379920096186560696e-01	8.174050903710368410e-02	3.230926123628595215e-01	2.050267355099294198e-01	9.618862964820441841e-02	4.612276691039757237e-02	1.098367369116425990e-01
9.433651916627801484e+02	1.379008210250462774e-01	8.167514840292149081e-02	3.231680783138559665e-01	2.050665495174011643e-01	9.619759395668778246e-02	4.613275539573816891e-02	1.098590533871424274e-01
9.578785023037459041e+02	1.378113915317151217e-01	8.161104998311927150e-02	3.232421004421880406e-01	2.051055915783412398e-01	9.620638130027014956e-02	4.614254902182316626e-02	1.098809361413363578e-01
9.723918129447120009e+02	1.377236872522619449e-01	8.154818929067400579e-02	3.233147052644384511e-01	2.051438769949334717e-01	9.621499553077385303e-02	4.615215178305267368e-02	1.099023938826589747e-01
9.869051235856777566e+02	1.376376749455085480e-01	8.148654232775406903e-02	3.233859189320795191e-01	2.051814207298585102e-01	9.622344037800860395e-02	4.616156757080398798e-02	1.099234351147801991e-01
1.001418434226643626e+03	1.375533220044286575e-01	8.142608557408427539e-02	3.234557672225353286e-01	2.052182374176251267e-01	9.623171945730252252e-02	4.617080017832055766e-02	1.099440681444970591e-01
1.015931744867609382e+03	1.374705964450659845e-01	8.136679597583751367e-02	3.235242755321565689e-01	2.052543413751705681e-01	9.623983627633096727e-02	4.617985330517607179e-02	1.099643010890558881e-01
1.030445055508575479e+03	1.373894668954787346e-01	8.130865093499933804e-02	3.235914688708819709e-01	2.052897466117981906e-01	9.624779424131560401e-02	4.618873056136088562e-02	1.099841418829590189e-01
1.044958366149541234e+03	1.373099025847401289e-01	8.125162829915928697e-02	3.236573718583856674e-01	2.053244668385130756e-01	9.625559666265860737e-02	4.619743547103204867e-02	1.100035982843049626e-01
1.059471676790506763e+03	1.372318733320208317e-01	8.119570635168947559e-02	3.237220087215313402e-01	2.053585154768123311e-01	9.626324676007054493e-02	4.620597147596324644e-02	1.100226778807059935e-01
1.073984987431472746e+03	1.371553495357722696e-01	8.114086380227607254e-02	3.237854032929736725e-01	2.053919056669779586e-01	9.627074766724408317e-02	4.621434193872678287e-02	1.100413880948229728e-01
1.088498298072438729e+03	1.370803021630269680e-01	8.108707977777386555e-02	3.238475790107661068e-01	2.054246502759179416e-01	9.627810243612035246e-02	4.622255014563581010e-02	1.100597361895528231e-01
1.103011608713404712e+03	1.370067027388292002e-01	8.103433381335850560e-02	3.239085589188482883e-01	2.054567619045949978e-01	9.628531404078990996e-02	4.623059930947194529e-02	1.100777292729009926e-01
1.117524919354370468e+03	1.369345233358052749e-01	8.098260584395369777e-02	3.239683656683019497e-01	2.054882528950794096e-01	9.629238538106583978e-02	4.623849257202019419e-02	1.100953743025675363e-01
1.132038229995336451e+03	1.368637365638813441e-01	8.093187619591385440e-02	3.240270215192749270e-01	2.055191353372573526e-01	9.629931928576260236e-02	4.624623300643088825e-02	1.101126780902729474e-01
1.146551540636302207e+03	1.367943155601549221e-01	8.088212557894522425e-02	3.240845483434857122e-01	2.055494210752247253e-01	9.630611851571052595e-02	4.625382361942596832e-02	1.101296473058469422e-01
1.161064851277267962e+03	1.367262339789239445e-01	8.083333507825009312e-02	3.241409676272294926e-01	2.055791217133915161e-01	9.631278576653290457e-02	4.626126735336494322e-02	1.101462884811011261e-01
1.175578161918233945e+03	1.366594659818767266e-01	8.078548614688099705e-02	3.241963004748164567e-01	2.056082486223212991e-01	9.631932367120978056e-02	4.626856708818428282e-02	1.101626080135044983e-01
1.190091472559199701e+03	1.365939862284447359e-01	8.073856059829302712e-02	3.242505676123802472e-01	2.056368129443256754e-01	9.632573480244965847e-02	4.627572564322227078e-02	1.101786121696785026e-01
1.204604783200165684e+03	1.365297698663190396e-01	8.069254059908378962e-02	3.243037893920018844e-01	2.056648255988333673e-01	9.633202167488860712e-02	4.628274577894028047e-02	1.101943070887271420e-01
1.219118093841131440e+03	1.364667925221314249e-01	8.064740866191154323e-02	3.243559857961010873e-01	2.056922972875511180e-01	9.633818674713355568e-02	4.628963019854992478e-02	1.102096987854154914e-01
1.233631404482097196e+03	1.364050302922991953e-01	8.060314763858326959e-02	3.244071764420510262e-01	2.057192384994312728e-01	9.634423242366547957e-02	4.629638154955479507e-02	1.102247931532091690e-01
1.248144715123063179e+03	1.363444597340335851e-01	8.055974071330505859e-02	3.244573805869796490e-01	2.057456595154599499e-01	9.635016105661591002e-02	4.630300242521436654e-02	1.102395959671857578e-01
1.262658025764028707e+03	1.362850578565105719e-01	8.051717139608782769e-02	3.245066171327230520e-01	2.057715704132788703e-01	9.635597494742904889e-02	4.630949536593688409e-02	1.102541128868280290e-01
1.277171336404994690e+03	1.362268021122025607e-01	8.047542351630243562e-02	3.245549046309016417e-01	2.057969810716516190e-01	9.636167634842064678e-02	4.631586286060734858e-02	1.102683494587080731e-01
1.291684647045960673e+03	1.361696703883694126e-01	8.043448121637818138e-02	3.246022612880929969e-01	2.058219011747843830e-01	9.636726746424302548e-02	4.632210734785607853e-02	1.102823111190703170e-01
1.306197957686926657e+03	1.361136409987070417e-01	8.039432894563990073e-02	3.246487049710777284e-01	2.058463402165108813e-01	9.637275045326541834e-02	4.632823121727266957e-02	1.102960031963208104e-01
1.320711268327892412e+03	1.360586926751514714e-01	8.035495145427852537e-02	3.246942532121387948e-01	2.058703075043495645e-01	9.637812742887712225e-02	4.633423681056974414e-02	1.103094309134292211e-01
1.335224578968857941e+03	1.360048045598362676e-01	8.031633378745096918e-02	3.247389232143959026e-01	2.058938121634407148e-01	9.638340046072067790e-02	4.634012642270040477e-02	1.103225993902495483e-01
1.349737889609823924e+03	1.359519561972010182e-01	8.027846127950508115e-02	3.247827318571591682e-01	2.059168631403700822e-01	9.638857157586122604e-02	4.634590230293296476e-02	1.103355136457649377e-01
1.364251200250789907e+03	1.359001275262489428e-01	8.024131954832593172e-02	3.248256957012888857e-01	2.059394692068857169e-01	9.639364275989771580e-02	4.635156665588595348e-02	1.103481786002613596e-01
1.378764510891755890e+03	1.358492988729507189e-01	8.020489448979992164e-02	3.248678309945485787e-01	2.059616389635134659e-01	9.639861595802086403e-02	4.635712164252644291e-02	1.103605990774345624e-01
1.393277821532721646e+03	1.357994509427924157e-01	8.016917227239339638e-02	3.249091536769418975e-01	2.059833808430759916e-01	9.640349307602248674e-02	4.636256938113407500e-02	1.103727798064343540e-01
1.407791132173687402e+03	1.357505648134653686e-01	8.013413933184238003e-02	3.249496793860227606e-01	2.060047031141208906e-01	9.640827598126028297e-02	4.636791194823319112e-02	1.103847254238497499e-01
1.422304442814653157e+03	1.357026219276951384e-01	8.009978236595097223e-02	3.249894234621725775e-01	2.060256138842612716e-01	9.641296650358149867e-02	4.637315137949508947e-02	1.103964404756381801e-01
1.436817753455619140e+03	1.356556040862072765e-01	8.006608832949504984e-02	3.250284009538359498e-01	2.060461211034333162e-01	9.641756643620880141e-02	4.637828967061232571e-02	1.104079294190020155e-01
1.451331064096585123e+03	1.356094934408277608e-01	8.003304442922908046e-02	3.250666266227104639e-01	2.060662325670745421e-01	9.642207753659134961e-02	4.638332877814672212e-02	1.104191966242148298e-01
1.465844374737550879e+03	1.355642724877151872e-01	8.000063811899321697e-02	3.251041149488843041e-01	2.060859559192256274e-01	9.642650152722369306e-02	4.638827062035263959e-02	1.104302463764000319e-01
1.480357685378516862e+03	1.355199240607229128e-01	7.996885709491836913e-02	3.251408801359185197e-01	2.061052986555593491e-01	9.643084009643458632e-02	4.639311707797690032e-02	1.104410828772641462e-01
1.494870996019482618e+03	1.354764313248880137e-01	7.993768929072699037e-02	3.251769361158689531e-01	2.061242681263392718e-01	9.643509489914824095e-02	4.639786999503661691e-02	1.104517102467867939e-01
1.509384306660448374e+03	1.354337777700457823e-01	7.990712287312726203e-02	3.252122965542461053e-01	2.061428715393108513e-01	9.643926755761955683e-02	4.640253117957613554e-02	1.104621325248692221e-01
1.523897617301414357e+03	1.353919472045663208e-01	7.987714623729863517e-02	3.252469748549097761e-01	2.061611159625274803e-01	9.644335966214541422e-02	4.640710240440405754e-02	1.104723536729432937e-01
1.538410927942380113e+03	1.353509237492118433e-01	7.984774800246663418e-02	3.252809841648960365e-01	2.061790083271135832e-01	9.644737277175313706e-02	4.641158540781134545e-02	1.104823775755424398e-01
1.552924238583346096e+03	1.353106918311117735e-01	7.981891700756497954e-02	3.253143373791758663e-01	2.061965554299670378e-01	9.645130841486800055e-02	4.641598189427145749e-02	1.104922080418359737e-01
1.567437549224311852e+03	1.352712361778540540e-01	7.979064230698303117e-02	3.253470471453428492e-01	2.062137639364028663e-01	9.645516808996075497e-02	4.642029353512313467e-02	1.105018488071284333e-01
1.581950859865277607e+03	1.352325418116898381e-01	7.976291316639690099e-02	3.253791258682302012e-01	2.062306403827400825e-01	9.645895326617637267e-02	4.642452196923681218e-02	1.105113035343249783e-01
1.596464170506243590e+03	1.351945940438497584e-01	7.973571905868226395e-02	3.254105857144556357e-01	2.062471911788332224e-01	9.646266538394512868e-02	4.642866880366512683e-02	1.105205758153640638e-01
1.610977481147209119e+03	1.351573784689699964e-01	7.970904965990717461e-02	3.254414386168935636e-01	2.062634226105504731e-01	9.646630585557700033e-02	4.643273561427831153e-02	1.105296691726186942e-01
1.625490791788175102e+03	1.351208809596251281e-01	7.968289484540333478e-02	3.254716962790747958e-01	2.062793408421999541e-01	9.646987606584005170e-02	4.643672394638492795e-02	1.105385870602670767e-01
1.640004102429141085e+03	1.350850876609666906e-01	7.965724468591400820e-02	3.255013701795132497e-01	2.062949519189052339e-01	9.647337737252383028e-02	4.644063531533858258e-02	1.105473328656336740e-01
1.654517413070107068e+03	1.350499849854649159e-01	7.963208944381715282e-02	3.255304715759602674e-01	2.063102617689318574e-01	9.647681110698831664e-02	4.644447120713104948e-02	1.105559099105017651e-01
1.669030723711072824e+03	1.350155596077518005e-01	7.960741956942203601e-02	3.255590115095859938e-01	2.063252762059660239e-01	9.648017857469924630e-02	4.644823307897225778e-02	1.105643214523980428e-01
1.683544034352038352e+03	1.349817984595634290e-01	7.958322569733811136e-02	3.255870008090888112e-01	2.063400009313466898e-01	9.648348105575028921e-02	4.645192235985773355e-02	1.105725706858503438e-01
1.698057344993004335e+03	1.349486887247800804e-01	7.955949864291435303e-02	3.256144500947333320e-01	2.063544415362522644e-01	9.648671980537266990e-02	4.645554045112361419e-02	1.105806607436191219e-01
1.712570655633970318e+03	1.349162178345616470e-01	7.953622939874799291e-02	3.256413697823167808e-01	2.063686035038430067e-01	9.648989605443275552e-02	4.645908872698992220e-02	1.105885946979034001e-01
1.727083966274936301e+03	1.348843734625770341e-01	7.951340913126088428e-02	3.256677700870651004e-01	2.063824922113602356e-01	9.649301100991813929e-02	4.646256853509223711e-02	1.105963755615219785e-01
1.741597276915902057e+03	1.348531435203254303e-01	7.949102917734243712e-02	3.256936610274591692e-01	2.063961129321836285e-01	9.649606585541251058e-02	4.646598119700218188e-02	1.106040062890703696e-01
1.756110587556867813e+03	1.348225161525478388e-01	7.946908104105762649e-02	3.257190524289922950e-01	2.064094708378468035e-01	9.649906175155986698e-02	4.646932800873709857e-02	1.106114897780542394e-01
1.770623898197833569e+03	1.347924797327271218e-01	7.944755639041892192e-02	3.257439539278589868e-01	2.064225710000134051e-01	9.650199983651842894e-02	4.647261024125909357e-02	1.106188288699998246e-01
1.785137208838799552e+03	1.347630228586747803e-01	7.942644705422059748e-02	3.257683749745769464e-01	2.064354183924131947e-01	9.650488122640442368e-02	4.647582914096383411e-02	1.106260263515421033e-01
1.799650519479765535e+03	1.347341343482028331e-01	7.940574501893461756e-02	3.257923248375416136e-01	2.064480178927404208e-01	9.650770701572637666e-02	4.647898593015926255e-02	1.106330849554908596e-01
1.814163830120731291e+03	1.347058032348792400e-01	7.938544242566641929e-02	3.258158126065160420e-01	2.064603742845141365e-01	9.651047827780991073e-02	4.648208180753466562e-02	1.106400073618756391e-01
1.828677140761696819e+03	1.346780187638650927e-01	7.936553156716978641e-02	3.258388471960557697e-01	2.064724922589020184e-01	9.651319606521358008e-02	4.648511794862014712e-02	1.106467961989696797e-01
1.843190451402663257e+03	1.346507703878322693e-01	7.934600488491935777e-02	3.258614373488700200e-01	2.064843764165082418e-01	9.651586141013585030e-02	4.648809550623681647e-02	1.106534540442935810e-01
1.857703762043628785e+03	1.346240477629596921e-01	7.932685496623990973e-02	3.258835916391200072e-01	2.064960312691261068e-01	9.651847532481350189e-02	4.649101561093798435e-02	1.106599834255989900e-01
1.872217072684594768e+03	1.345978407450068026e-01	7.930807454149108038e-02	3.259053184756556809e-01	2.065074612414564692e-01	9.652103880191187368e-02	4.649387937144147664e-02	1.106663868218328850e-01
1.886730383325560297e+03	1.345721393854627801e-01	7.928965648130650856e-02	3.259266261051918523e-01	2.065186706727923371e-01	9.652355281490684891e-02	4.649668787505329554e-02	1.106726666640827361e-01
1.901243693966526507e+03	1.345469339277702570e-01	7.927159379388645788e-02	3.259475226154239791e-01	2.065296638186705225e-01	9.652601831845911140e-02	4.649944218808289842e-02	1.106788253365031394e-01
1.915757004607492036e+03	1.345222148036216425e-01	7.925387962234271833e-02	3.259680159380859421e-01	2.065404448524910397e-01	9.652843624878068574e-02	4.650214335625018486e-02	1.106848651772241315e-01
1.930270315248458019e+03	1.344979726293269728e-01	7.923650724209482799e-02	3.259881138519493682e-01	2.065510178671048080e-01	9.653080752399412212e-02	4.650479240508448298e-02	1.106907884792417834e-01
1.944783625889424002e+03	1.344741982022518156e-01	7.921947005831656008e-02	3.260078239857663873e-01	2.065613868763707395e-01	9.653313304448415955e-02	4.650739034031559083e-02	1.106965974912911960e-01
1.959296936530389530e+03	1.344508824973239536e-01	7.920276160343181493e-02	3.260271538211565456e-01	2.065715558166819898e-01	9.653541369324261656e-02	4.650993814825710865e-02	1.107022944187025237e-01
1.973810247171355968e+03	1.344280166636073470e-01	7.918637553465890377e-02	3.260461106954388177e-01	2.065815285484627062e-01	9.653765033620617664e-02	4.651243679618231874e-02	1.107078814242402759e-01
1.988323557812321269e+03	1.344055920209424049e-01	7.917030563160219747e-02	3.260647018044100509e-01	2.065913088576359635e-01	9.653984382258733177e-02	4.651488723269257136e-02	1.107133606289260608e-01
2.002836868453287707e+03	1.343836000566508149e-01	7.915454579389032130e-02	3.260829342050698409e-01	2.066009004570626417e-01	9.654199498519897005e-02	4.651729038807851657e-02	1.107187341128455099e-01
2.017350179094252780e+03	1.343620324223041562e-01	7.913909003885999383e-02	3.261008148182938937e-01	2.066103069879527410e-01	9.654410464077226028e-02	4.651964717467423072e-02	1.107240039159393397e-01
2.031863489735218764e+03	1.343408809305547125e-01	7.912393249928453831e-02	3.261183504314562609e-01	2.066195320212492748e-01	9.654617359026840262e-02	4.652195848720444560e-02	1.107291720387790501e-01
2.046376800376184747e+03	1.343201375520275409e-01	7.910906742114633128e-02	3.261355477010011716e-01	2.066285790589850457e-01	9.654820261918413415e-02	4.652422520312497062e-02	1.107342404433274974e-01
2.060890111017150957e+03	1.342997944122723830e-01	7.909448916145218889e-02	3.261524131549661809e-01	2.066374515356135255e-01	9.655019249785121160e-02	4.652644818295648133e-02	1.107392110536847968e-01
2.075403421658116713e+03	1.342798437887745833e-01	7.908019218609094181e-02	3.261689531954564680e-01	2.066461528193134500e-01	9.655214398172999590e-02	4.652862827061182011e-02	1.107440857568195575e-01
2.089916732299082469e+03	1.342602781080234065e-01	7.906617106773243531e-02	3.261851741010721173e-01	2.066546862132686291e-01	9.655405781169727752e-02	4.653076629371690615e-02	1.107488664032861281e-01
2.104430042940048224e+03	1.342410899426371429e-01	7.905242048376696917e-02	3.262010820292885471e-01	2.066630549569226094e-01	9.655593471432845354e-02	4.653286306392538652e-02	1.107535548079277704e-01
2.118943353581013525e+03	1.342222720085435583e-01	7.903893521428467794e-02	3.262166830187918087e-01	2.066712622272093569e-01	9.655777540217411192e-02	4.653491937722721572e-02	1.107581527505662189e-01
2.133456664221980191e+03	1.342038171622148557e-01	7.902571014009374117e-02	3.262319829917681990e-01	2.066793111397597360e-01	9.655958057403138395e-02	4.653693601425120535e-02	1.107626619766779591e-01
2.147969974862945492e+03	1.341857183979558443e-01	7.901274024077700742e-02	3.262469877561505749e-01	2.066872047500849519e-01	9.656135091520967606e-02	4.653891374056168956e-02	1.107670841980573501e-01
2.162483285503912157e+03	1.341679688452445118e-01	7.900002059278599109e-02	3.262617030078215352e-01	2.066949460547370943e-01	9.656308709779160004e-02	4.654085330694950062e-02	1.107714210934668542e-01
2.176996596144877003e+03	1.341505617661239436e-01	7.898754636757172876e-02	3.262761343327739150e-01	2.067025379924470885e-01	9.656478978088847698e-02	4.654275544971719220e-02	1.107756743092747631e-01
2.191509906785843214e+03	1.341334905526445076e-01	7.897531282975173150e-02	3.262902872092298123e-01	2.067099834452406637e-01	9.656645961089105334e-02	4.654462089095886407e-02	1.107798454600805588e-01
2.206023217426809424e+03	1.341167487243553336e-01	7.896331533531224245e-02	3.263041670097189262e-01	2.067172852395328109e-01	9.656809722171533217e-02	4.654645033883444971e-02	1.107839361293281311e-01
2.220536528067775180e+03	1.341003299258443915e-01	7.895154932984525809e-02	3.263177790031170367e-01	2.067244461472012296e-01	9.656970323504347753e-02	4.654824448783873025e-02	1.107879478699071996e-01
2.235049838708740936e+03	1.340842279243257551e-01	7.894001034681950857e-02	3.263311283566449617e-01	2.067314688866386252e-01	9.657127826056025044e-02	4.655000401906519286e-02	1.107918822047430363e-01
2.249563149349706237e+03	1.340684366072736888e-01	7.892869400588491124e-02	3.263442201378294882e-01	2.067383561237850220e-01	9.657282289618467075e-02	4.655172960046471270e-02	1.107957406273748502e-01
2.264076459990672902e+03	1.340529499801021984e-01	7.891759601120962309e-02	3.263570593164260014e-01	2.067451104731401756e-01	9.657433772829725205e-02	4.655342188709923196e-02	1.107995246025228614e-01
2.278589770631638203e+03	1.340377621638894068e-01	7.890671214984924797e-02	3.263696507663045310e-01	2.067517344987561123e-01	9.657582333196286506e-02	4.655508152139060246e-02	1.108032355666446617e-01
2.293103081272604413e+03	1.340228673931458947e-01	7.889603829014749103e-02	3.263819992672991610e-01	2.067582307152106558e-01	9.657728027114922953e-02	4.655670913336450167e-02	1.108068749284805699e-01
2.307616391913570169e+03	1.340082600136260349e-01	7.888557038016770495e-02	3.263941095070219678e-01	2.067646015885623023e-01	9.657870909894120115e-02	4.655830534088976902e-02	1.108104440695885790e-01
2.322129702554535925e+03	1.339939344801814869e-01	7.887530444615468983e-02	3.264059860826422632e-01	2.067708495372864164e-01	9.658011035775082576e-02	4.655987074991298907e-02	1.108139443448689643e-01
2.336643013195502135e+03	1.339798853546563528e-01	7.886523659102619155e-02	3.264176335026308107e-01	2.067769769331935237e-01	9.658148457952345223e-02	4.656140595468861304e-02	1.108173770830787191e-01
2.351156323836467891e+03	1.339661073038226347e-01	7.885536299289343243e-02	3.264290561884715114e-01	2.067829861023297022e-01	9.658283228593980696e-02	4.656291153800461852e-02	1.108207435873360264e-01
2.365669634477433647e+03	1.339525950973557422e-01	7.884567990361029954e-02	3.264402584763388959e-01	2.067888793258598201e-01	9.658415398861408541e-02	4.656438807140379083e-02	1.108240451356150985e-01
2.380182945118399402e+03	1.339393436058490261e-01	7.883618364735049677e-02	3.264512446187443628e-01	2.067946588409334818e-01	9.658545018928831050e-02	4.656583611540074386e-02	1.108272829812313731e-01
2.394696255759364703e+03	1.339263477988665851e-01	7.882687061921204996e-02	3.264620187861498324e-01	2.068003268415344043e-01	9.658672138002290242e-02	4.656725621969477064e-02	1.108304583533173543e-01
2.409209566400331823e+03	1.339136027430335718e-01	7.881773728384888766e-02	3.264725850685509245e-01	2.068058854793133894e-01	9.658796804338348752e-02	4.656864892337853057e-02	1.108335724572892256e-01
2.423722877041296670e+03	1.339011036001634680e-01	7.880878017412876191e-02	3.264829474770291617e-01	2.068113368644050598e-01	9.658919065262423775e-02	4.657001475514276068e-02	1.108366264753046088e-01
2.438236187682262880e+03	1.338888456254214709e-01	7.879999588981702330e-02	3.264931099452746399e-01	2.068166830662291622e-01	9.659038967186753255e-02	4.657135423347698311e-02	1.108396215667112605e-01
2.452749498323228636e+03	1.338768241655233227e-01	7.879138109628590347e-02	3.265030763310789452e-01	2.068219261142760224e-01	9.659156555628023444e-02	4.657266786686636850e-02	1.108425588684872898e-01
2.467262808964194392e+03	1.338650346569687510e-01	7.878293252324858331e-02	3.265128504177995938e-01	2.068270679988771232e-01	9.659271875224649528e-02	4.657395615398479682e-02	1.108454394956727845e-01
2.481776119605160602e+03	1.338534726243092721e-01	7.877464696351774154e-02	3.265224359157959944e-01	2.068321106719606117e-01	9.659384969753730121e-02	4.657521958388419203e-02	1.108482645417931539e-01
2.496289430246126358e+03	1.338421336784490212e-01	7.876652127178808416e-02	3.265318364638377657e-01	2.068370560477924003e-01	9.659495882147663137e-02	4.657645863618015830e-02	1.108510350792742544e-01
2.510802740887092114e+03	1.338310135149788915e-01	7.875855236344232735e-02	3.265410556304861878e-01	2.068419060037028356e-01	9.659604654510453581e-02	4.657767378123410518e-02	1.108537521598495224e-01
2.525316051528057415e+03	1.338201079125422854e-01	7.875073721338021748e-02	3.265500969154485622e-01	2.068466623807992955e-01	9.659711328133697983e-02	4.657886548033182694e-02	1.108564168149592938e-01
2.539829362169024080e+03	1.338094127312327020e-01	7.874307285487015806e-02	3.265589637509068166e-01	2.068513269846653513e-01	9.659815943512260750e-02	4.658003418585858479e-02	1.108590300561422964e-01
2.554342672809989381e+03	1.337989239110222439e-01	7.873555637842305499e-02	3.265676595028202400e-01	2.068559015860460537e-01	9.659918540359645200e-02	4.658118034147087916e-02	1.108615928754197177e-01
2.568855983450955591e+03	1.337886374702202952e-01	7.872818493068770018e-02	3.265761874722030722e-01	2.068603879215201169e-01	9.660019157623082886e-02	4.658230438226487746e-02	1.108641062456718063e-01
2.583369294091921347e+03	1.337785495039620631e-01	7.872095571336774900e-02	3.265845508963778343e-01	2.068647876941592800e-01	9.660117833498307882e-02	4.658340673494159451e-02	1.108665711210072014e-01
2.597882604732887103e+03	1.337686561827262366e-01	7.871386598215934782e-02	3.265927529502038462e-01	2.068691025741747902e-01	9.660214605444067404e-02	4.658448781796886706e-02	1.108689884371251433e-01
2.612395915373853313e+03	1.337589537508812321e-01	7.870691304570937019e-02	3.266007967472826512e-01	2.068733341995514508e-01	9.660309510196338212e-02	4.658554804174024760e-02	1.108713591116706615e-01
2.626909226014819069e+03	1.337494385252595563e-01	7.870009426459380342e-02	3.266086853411399038e-01	2.068774841766693462e-01	9.660402583782275177e-02	4.658658780873077554e-02	1.108736840445829624e-01
2.641422536655784825e+03	1.337401068937595638e-01	7.869340705031570293e-02	3.266164217263843872e-01	2.068815540809138265e-01	9.660493861533887838e-02	4.658760751364977859e-02	1.108759641184370454e-01
2.655935847296750580e+03	1.337309553139743035e-01	7.868684886432263104e-02	3.266240088398447705e-01	2.068855454572734731e-01	9.660583378101457452e-02	4.658860754359071821e-02	1.108782001987787535e-01
2.670449157937716336e+03	1.337219803118467887e-01	7.868041721704295555e-02	3.266314495616846059e-01	2.068894598209265190e-01	9.660671167466684806e-02	4.658958827817814841e-02	1.108803931344534283e-01
2.684962468578682547e+03	1.337131784803511081e-01	7.867410966694075858e-02	3.266387467164955094e-01	2.068932986578161659e-01	9.660757262955599334e-02	4.659055008971180190e-02	1.108825437579280260e-01
2.699475779219648302e+03	1.337045464781992099e-01	7.866792381958903624e-02	3.266459030743694147e-01	2.068970634252146057e-01	9.660841697251204563e-02	4.659149334330794923e-02	1.108846528856071989e-01
2.713989089860614058e+03	1.336960810285723888e-01	7.866185732676070352e-02	3.266529213519500097e-01	2.069007555522762720e-01	9.660924502405890402e-02	4.659241839703800320e-02	1.108867213181432554e-01
2.728502400501579814e+03	1.336877789178774201e-01	7.865590788553721013e-02	3.266598042134641888e-01	2.069043764405803232e-01	9.661005709853594248e-02	4.659332560206444485e-02	1.108887498407400141e-01
2.743015711142545115e+03	1.336796369945266461e-01	7.865007323743430923e-02	3.266665542717333004e-01	2.069079274646627442e-01	9.661085350421742823e-02	4.659421530277414736e-02	1.108907392234509681e-01
2.757529021783511780e+03	1.336716521677415725e-01	7.864435116754467381e-02	3.266731740891650193e-01	2.069114099725381795e-01	9.661163454342951151e-02	4.659508783690907013e-02	1.108926902214715654e-01
2.772042332424477081e+03	1.336638214063796126e-01	7.863873950369716648e-02	3.266796661787260136e-01	2.069148252862114956e-01	9.661240051266498097e-02	4.659594353569451730e-02	1.108946035754259096e-01
2.786555643065443292e+03	1.336561417377833405e-01	7.863323611563215187e-02	3.266860330048958483e-01	2.069181747021798246e-01	9.661315170269582642e-02	4.659678272396487048e-02	1.108964800116479105e-01
2.801068953706408593e+03	1.336486102466520609e-01	7.862783891419293514e-02	3.266922769846026808e-01	2.069214594919246142e-01	9.661388839868367828e-02	4.659760572028686515e-02	1.108983202424570075e-01
2.815582264347374803e+03	1.336412240739351664e-01	7.862254585053256306e-02	3.266984004881406389e-01	2.069246809023943812e-01	9.661461088028797106e-02	4.659841283708058418e-02	1.109001249664285788e-01
2.830095574988341014e+03	1.336339804157468114e-01	7.861735491533616838e-02	3.267044058400696560e-01	2.069278401564779990e-01	9.661531942177217780e-02	4.659920438073800880e-02	1.109018948686591177e-01
2.844608885629306769e+03	1.336268765223014576e-01	7.861226413805816327e-02	3.267102953200977655e-01	2.069309384534690210e-01	9.661601429210789349e-02	4.659998065173935611e-02	1.109036306210263167e-01
2.859122196270272525e+03	1.336199096968700706e-01	7.860727158617419885e-02	3.267160711639466308e-01	2.069339769695208719e-01	9.661669575507694785e-02	4.660074194476712672e-02	1.109053328824441964e-01
2.873635506911238281e+03	1.336130772947564105e-01	7.860237536444751594e-02	3.267217355642002552e-01	2.069369568580932683e-01	9.661736406937156130e-02	4.660148854881797365e-02	1.109070022991130861e-01
2.888148817552204036e+03	1.336063767222930299e-01	7.859757361420953437e-02	3.267272906711373159e-01	2.069398792503902573e-01	9.661801948869251644e-02	4.660222074731244085e-02	1.109086395047650803e-01
