0.000000000000000000e+00	1.471066065012278656e-01	8.867925311531155153e-02	3.178809646827261415e-01	1.986586559480739977e-01	9.411475937718720430e-02	4.580828928146179341e-02	1.077514710927679198e-01
1.451331064096584811e+01	1.468614093554046207e-01	8.845578175969212587e-02	3.176682511621614080e-01	1.992158381620231788e-01	9.424600962912811630e-02	4.572706744092280839e-02	1.078256424894241949e-01
2.902662128193169622e+01	1.466198264771491622e-01	8.824025033540179586e-02	3.175200101422104293e-01	1.996820637408039112e-01	9.438481307901573636e-02	4.566205848978406590e-02	1.078909777343912829e-01
4.353993192289755143e+01	1.463823839561643469e-01	8.803210175366810164e-02	3.174241464643139943e-01	2.000791651146529848e-01	9.452237973895291634e-02	4.561085045400135873e-02	1.079489725170026948e-01
5.805324256386339954e+01	1.461492928251184875e-01	8.783085440898986962e-02	3.173712147054600918e-01	2.004226713093458234e-01	9.465379012744008780e-02	4.557128568467858076e-02	1.080008909377234289e-01
7.256655320482924765e+01	1.459205840802919874e-01	8.763608071886033746e-02	3.173537067058813665e-01	2.007238186506918598e-01	9.477653887809059374e-02	4.554147695643197269e-02	1.080477940085082661e-01
8.707986384579510286e+01	1.456961915898686011e-01	8.744739397444897810e-02	3.173655596971927118e-01	2.009908880326833625e-01	9.488960003304550139e-02	4.551979911037207921e-02	1.080905675611451983e-01
1.015931744867609581e+02	1.454760020040101187e-01	8.726444025888295541e-02	3.174018117270692163e-01	2.012300993091516443e-01	9.499283043246176117e-02	4.550486817620998797e-02	1.081299480909707206e-01
1.161064851277267991e+02	1.452598839491931471e-01	8.708689340454514594e-02	3.174583561683667066e-01	2.014462136765404476e-01	9.508659179119358096e-02	4.549551512884952853e-02	1.081665458800679103e-01
1.306197957686926259e+02	1.450477043674629485e-01	8.691445173486833653e-02	3.175317635056507659e-01	2.016429428821092662e-01	9.517151385364173988e-02	4.549075843396007540e-02	1.082008652210634109e-01
1.451331064096584669e+02	1.448393370048211282e-01	8.674683582630401957e-02	3.176191493299622137e-01	2.018232301007265583e-01	9.524834823434213948e-02	4.548977767426958668e-02	1.082333218283308418e-01
1.596464170506243647e+02	1.446346662123902949e-01	8.658378683409465038e-02	3.177180745118302618e-01	2.019894451039256633e-01	9.531788026661544566e-02	4.549188941027191430e-02	1.082642576596282158e-01
1.741597276915902057e+02	1.444335880418786411e-01	8.642506511690443982e-02	3.178264681465420849e-01	2.021435218080778196e-01	9.538087770617910410e-02	4.549652574940139804e-02	1.082939534297729517e-01
1.886730383325560467e+02	1.442360098608632124e-01	8.627044901268474120e-02	3.179425669114542274e-01	2.022870567676238740e-01	9.543806262921407380e-02	4.550321570547858491e-02	1.083226391114377324e-01
2.031863489735219162e+02	1.440418492326052680e-01	8.611973368867148482e-02	3.180648664886029930e-01	2.024213809347767123e-01	9.549009773135735957e-02	4.551156921600546523e-02	1.083505027067371701e-01
2.176996596144877287e+02	1.438510325015831259e-01	8.597273002964658795e-02	3.181920820432144748e-01	2.025476129040491846e-01	9.553758139183921028e-02	4.552126357910805249e-02	1.083776975493158656e-01
2.322129702554535982e+02	1.436634933361994881e-01	8.582926355172949828e-02	3.183231156424350949e-01	2.026666991577106003e-01	9.558104791253380084e-02	4.553203203063240639e-02	1.084043483675155711e-01
2.467262808964194392e+02	1.434791713631335952e-01	8.568917334109753259e-02	3.184570291005380249e-01	2.027794450432954809e-01	9.562097066395643108e-02	4.554365417758350632e-02	1.084305563091518959e-01
2.612395915373852517e+02	1.432980109570362870e-01	8.555231102263796683e-02	3.185930211462773554e-01	2.028865390307535987e-01	9.565776672250565771e-02	4.555594801975065833e-02	1.084564030997948875e-01
2.757529021783511780e+02	1.431199602076383692e-01	8.541853976540154936e-02	3.187304080899175940e-01	2.029885720083404732e-01	9.569180213042441374e-02	4.556876331666151470e-02	1.084819544803724833e-01
2.902662128193169337e+02	1.429449700628971642e-01	8.528773333156876302e-02	3.188686073643272612e-01	2.030860528479055682e-01	9.572339725936716837e-02	4.558197608583713228e-02	1.085072630468533333e-01
3.047795234602828600e+02	1.427729936345405459e-01	8.515977517449360712e-02	3.190071234543678247e-01	2.031794211134618777e-01	9.575283197992649764e-02	4.559548404720360076e-02	1.085323705947625339e-01
3.192928341012487294e+02	1.426039856468429290e-01	8.503455758985878354e-02	3.191455358300368528e-01	2.032690575438746705e-01	9.578035047837332727e-02	4.560920285559467990e-02	1.085573100541752239e-01
3.338061447422145420e+02	1.424379020078772873e-01	8.491198092240370698e-02	3.192834885736223205e-01	2.033552927731545057e-01	9.580616564767269194e-02	4.562306298768196294e-02	1.085821070863439569e-01
3.483194553831804114e+02	1.422746994830912937e-01	8.479195282924738286e-02	3.194206814475740175e-01	2.034384146351413403e-01	9.583046303166738167e-02	4.563700717109875349e-02	1.086067814009363253e-01
3.628327660241463377e+02	1.421143354527830693e-01	8.467438759960414785e-02	3.195568621933125297e-01	2.035186743168140855e-01	9.585340433155116469e-02	4.565098826201333809e-02	1.086313478426781248e-01
3.773460766651120935e+02	1.419567677372607917e-01	8.455920552970395965e-02	3.196918198854155624e-01	2.035962915651178540e-01	9.587513050037789475e-02	4.566496749316036052e-02	1.086558172877200440e-01
3.918593873060780197e+02	1.418019544757853079e-01	8.444633235097248614e-02	3.198253791930291134e-01	2.036714591087994408e-01	9.589576445952123496e-02	4.567891302763799760e-02	1.086801973830109624e-01
4.063726979470438323e+02	1.416498540476129331e-01	8.433569870897739129e-02	3.199573954226631600e-01	2.037443464244238223e-01	9.591541347401381923e-02	4.569279876492984144e-02	1.087044931561355898e-01
4.208860085880095880e+02	1.415004250254716101e-01	8.422723969027536006e-02	3.200877502349408488e-01	2.038151029512375312e-01	9.593417122365863192e-02	4.570660335491306264e-02	1.087287075182595680e-01
4.353993192289755143e+02	1.413536261535755789e-01	8.412089439406983393e-02	3.202163479432331150e-01	2.038838608406323138e-01	9.595211960505051207e-02	4.572030938334524508e-02	1.087528416788499930e-01
4.499126298699413837e+02	1.412094163438058214e-01	8.401660554548175119e-02	3.203431123150535798e-01	2.039507373111228150e-01	9.596933029700248363e-02	4.573390269872822100e-02	1.087768954875618088e-01
4.644259405109071963e+02	1.410677546849689046e-01	8.391431914722101426e-02	3.204679838080607412e-01	2.040158366679315216e-01	9.598586611885195907e-02	4.574737185574398457e-02	1.088008677159784249e-01
4.789392511518730657e+02	1.409286004611158827e-01	8.381398416650037708e-02	3.205909171818779324e-01	2.040792520367329665e-01	9.600178220803087803e-02	4.576070765482978531e-02	1.088247562896687282e-01
4.934525617928388783e+02	1.407919131757854325e-01	8.371555225413922219e-02	3.207118794349608781e-01	2.041410668533177597e-01	9.601712704029892465e-02	4.577390276106429318e-02	1.088485584791900884e-01
5.079658724338048046e+02	1.406576525797524624e-01	8.361897749294598670e-02	3.208308480226304549e-01	2.042013561445134573e-01	9.603194331325218269e-02	4.578695138850618490e-02	1.088722710571558561e-01
5.224791830747705035e+02	1.405257787004464132e-01	8.352421617263301734e-02	3.209478093183251723e-01	2.042601876303600794e-01	9.604626871117784292e-02	4.579984903857127476e-02	1.088958904272427641e-01
5.369924937157364866e+02	1.403962518716684871e-01	8.343122658869647768e-02	3.210627572852448042e-01	2.043176226730716027e-01	9.606013656704001646e-02	4.581259228304589148e-02	1.089194127299892567e-01
5.515058043567023560e+02	1.402690327626085198e-01	8.333996886287962924e-02	3.211756923299819433e-01	2.043737170945572057e-01	9.607357643534863989e-02	4.582517858398973271e-02	1.089428339293908865e-01
5.660191149976681118e+02	1.401440824054547285e-01	8.325040478302381253e-02	3.212866203135592014e-01	2.044285218811027760e-01	9.608661458786878218e-02	4.583760614414317952e-02	1.089661498836041603e-01
5.805324256386339812e+02	1.400213622211180231e-01	8.316249766029452928e-02	3.213955516985992911e-01	2.044820837911228706e-01	9.609927444255164652e-02	4.584987378257437962e-02	1.089893564024958933e-01
5.950457362795999643e+02	1.399008340427700392e-01	8.307621220194656708e-02	3.215025008142163299e-01	2.045344458796076181e-01	9.611157693468996843e-02	4.586198083122357272e-02	1.090124492943025658e-01
6.095590469205657200e+02	1.397824601370283581e-01	8.299151439796019492e-02	3.216074852226945557e-01	2.045856479509404469e-01	9.612354083809879213e-02	4.587392704876071953e-02	1.090354244032735870e-01
6.240723575615315895e+02	1.396662032227253547e-01	8.290837142003869287e-02	3.217105251741663730e-01	2.046357269501019038e-01	9.613518304307665241e-02	4.588571254879741240e-02	1.090582776398502651e-01
6.385856682024975726e+02	1.395520264872713578e-01	8.282675153160559689e-02	3.218116431373577724e-01	2.046847173008538301e-01	9.614651879699374903e-02	4.589733774000826633e-02	1.090810050046660817e-01
6.530989788434633283e+02	1.394398936006778777e-01	8.274662400757630543e-02	3.219108633960779398e-01	2.047326511982840158e-01	9.615756191256535912e-02	4.590880327614104556e-02	1.091036026074340831e-01
6.676122894844290840e+02	1.393297687273440388e-01	8.266795906280556550e-02	3.220082117025211965e-01	2.047795588620505147e-01	9.616832494818607080e-02	4.592011001424398803e-02	1.091260666816052938e-01
6.821256001253949535e+02	1.392216165357348934e-01	8.259072778822719452e-02	3.221037149796540100e-01	2.048254687557742038e-01	9.617881936410797861e-02	4.593125897972689248e-02	1.091483935955315232e-01
6.966389107663608229e+02	1.391154022060952233e-01	8.251490209380732410e-02	3.221974010660049181e-01	2.048704077772629251e-01	9.618905565773458455e-02	4.594225133711014875e-02	1.091705798607415512e-01
7.111522214073266923e+02	1.390110914363510142e-01	8.244045465752873614e-02	3.222892984970750496e-01	2.049144014235946276e-01	9.619904348085830947e-02	4.595308836551220688e-02	1.091926221378367590e-01
7.256655320482924481e+02	1.389086504463517280e-01	8.236735887970920988e-02	3.223794363183707379e-01	2.049574739345247920e-01	9.620879174128633970e-02	4.596377143808773325e-02	1.092145172404261622e-01
7.401788426892584312e+02	1.388080459806062816e-01	8.229558884203515279e-02	3.224678439257349094e-01	2.049996484171986988e-01	9.621830869096817396e-02	4.597430200476290002e-02	1.092362621374506071e-01
7.546921533302243006e+02	1.387092453096596956e-01	8.222511927076123217e-02	3.225545509292387369e-01	2.050409469547344599e-01	9.622760200245125684e-02	4.598468157772472170e-02	1.092578539541866761e-01
7.692054639711900563e+02	1.386122162302512451e-01	8.215592550358981339e-02	3.226395870374018093e-01	2.050813907008856296e-01	9.623667883524315847e-02	4.599491171921315374e-02	1.092792899721719557e-01
7.837187746121558121e+02	1.385169270643863138e-01	8.208798345979960442e-02	3.227229819589473303e-01	2.051209999626849856e-01	9.624554589344512523e-02	4.600499403124043429e-02	1.093005676282529925e-01
7.982320852531219089e+02	1.384233466574463778e-01	8.202126961324304744e-02	3.228047653196758349e-01	2.051597942727075297e-01	9.625420947583579467e-02	4.601493014692489836e-02	1.093216845129233311e-01
8.127453958940876646e+02	1.383314443754507517e-01	8.195576096787648979e-02	3.228849665923710921e-01	2.051977924523640806e-01	9.626267551942463419e-02	4.602472172317895183e-02	1.093426383680908415e-01
8.272587065350534203e+02	1.382411901015761224e-01	8.189143503552692716e-02	3.229636150379333603e-01	2.052350126674405417e-01	9.627094963735563504e-02	4.603437043453365712e-02	1.093634270843905215e-01
8.417720171760191761e+02	1.381525542320294064e-01	8.182826981563388891e-02	3.230407396561817412e-01	2.052714724769313381e-01	9.627903715192277778e-02	4.604387796791870047e-02	1.093840486981389887e-01
8.562853278169851592e+02	1.380655076713618590e-01	8.176624377673633037e-02	3.231163691449766562e-01	2.053071888760696073e-01	9.628694312335528416e-02	4.605324601824611896e-02	1.094045013880110551e-01
8.707986384579510286e+02	1.379800218273029844e-01	8.170533583950215228e-02	3.231905318665013738e-01	2.053421783343330476e-01	9.629467237494129805e-02	4.606247628467102090e-02	1.094247834715049716e-01
8.853119490989170117e+02	1.378960686051859397e-01	8.164552536112215653e-02	3.232632558196948946e-01	2.053764568290971093e-01	9.630222951498167150e-02	4.607157046742324513e-02	1.094448934012518249e-01
8.998252597398827675e+02	1.378136204020276867e-01	8.158679212091160537e-02	3.233345686179683320e-01	2.054100398755145385e-01	9.630961895599876588e-02	4.608053026512109324e-02	1.094648297612148408e-01
9.143385703808486369e+02	1.377326501003215686e-01	8.152911630698195244e-02	3.234044974714556098e-01	2.054429425531208442e-01	9.631684493156768279e-02	4.608935737249253428e-02	1.094845912628166773e-01
9.288518810218145063e+02	1.376531310615927428e-01	8.147247850386168944e-02	3.234730691731503294e-01	2.054751795295972627e-01	9.632391151108724014e-02	4.609805347844127960e-02	1.095041767410263600e-01
9.433651916627801484e+02	1.375750371197619337e-01	8.141685968096007420e-02	3.235403100883693095e-01	2.055067650820634473e-01	9.633082261276552927e-02	4.610662026440524169e-02	1.095235851504313962e-01
9.578785023037459041e+02	1.374983425743573906e-01	8.136224118178074505e-02	3.236062461470611273e-01	2.055377131162207938e-01	9.633758201505714103e-02	4.611505940296310030e-02	1.095428155613166060e-01
9.723918129447120009e+02	1.374230221836102439e-01	8.130860471380298160e-02	3.236709028385427178e-01	2.055680371836245690e-01	9.634419336675745238e-02	4.612337255665168584e-02	1.095618671557672397e-01
9.869051235856777566e+02	1.373490511574645412e-01	8.125593233895923861e-02	3.237343052083045958e-01	2.055977504973241499e-01	9.635066019593140074e-02	4.613156137696282355e-02	1.095807392238101752e-01
1.001418434226643626e+03	1.372764051505291072e-01	8.120420646464560077e-02	3.237964778565751156e-01	2.056268659460786796e-01	9.635698591783015132e-02	4.613962750349318021e-02	1.095994311596050624e-01
1.015931744867609382e+03	1.372050602549952647e-01	8.115340983520988316e-02	3.238574449383764264e-01	2.056553961073276093e-01	9.636317384192845392e-02	4.614757256322469386e-02	1.096179424576945449e-01
1.030445055508575479e+03	1.371349929935409551e-01	8.110352552386894398e-02	3.239172301648417518e-01	2.056833532590703062e-01	9.636922717819745854e-02	4.615539816991667127e-02	1.096362727093208034e-01
1.044958366149541234e+03	1.370661803122394939e-01	8.105453692501249363e-02	3.239758568055950971e-01	2.057107493907895379e-01	9.637514904271250737e-02	4.616310592359350318e-02	1.096544215988142501e-01
1.059471676790506763e+03	1.369985995734888662e-01	8.100642774685579139e-02	3.240333476920235212e-01	2.057375962135338521e-01	9.638094246268150145e-02	4.617069741011453621e-02	1.096723889000588009e-01
1.073984987431472746e+03	1.369322285489745494e-01	8.095918200440875567e-02	3.240897252212932012e-01	2.057639051692603527e-01	9.638661038096851819e-02	4.617817420081440222e-02	1.096901744730370692e-01
1.088498298072438729e+03	1.368670454126779401e-01	8.091278401273201137e-02	3.241450113609842809e-01	2.057896874395238329e-01	9.639215566017693415e-02	4.618553785220411156e-02	1.097077782604577167e-01
1.103011608713404712e+03	1.368030287339401518e-01	8.086721838045492217e-02	3.241992276542343121e-01	2.058149539535881478e-01	9.639758108634784162e-02	4.619278990572460442e-02	1.097252002844668201e-01
1.117524919354370468e+03	1.367401574705896516e-01	8.082247000353295907e-02	3.242523952252974184e-01	2.058397153960253578e-01	9.640288937232187327e-02	4.619993188754561303e-02	1.097424406434439614e-01
1.132038229995336451e+03	1.366784109621408394e-01	8.077852405922462953e-02	3.243045347854384142e-01	2.058639822138589592e-01	9.640808316080649865e-02	4.620696530840374960e-02	1.097594995088837511e-01
1.146551540636302207e+03	1.366177689230695935e-01	8.073536600027075849e-02	3.243556666390938203e-01	2.058877646233006897e-01	9.641316502718473569e-02	4.621389166347474042e-02	1.097763771223625590e-01
1.161064851277267962e+03	1.365582114361706123e-01	8.069298154926067557e-02	3.244058106902393823e-01	2.059110726161240135e-01	9.641813748209680790e-02	4.622071243227523357e-02	1.097930737925901928e-01
1.175578161918233945e+03	1.364997189460008808e-01	8.065135669317165246e-02	3.244549864489147395e-01	2.059339159657110341e-01	9.642300297382201679e-02	4.622742907859060668e-02	1.098095898925459807e-01
1.190091472559199701e+03	1.364422722524124276e-01	8.061047767806965580e-02	3.245032130378614488e-01	2.059563042328057259e-01	9.642776389048432484e-02	4.623404305042525669e-02	1.098259258566980229e-01
1.204604783200165684e+03	1.363858525041769520e-01	8.057033100396070180e-02	3.245505091992378355e-01	2.059782467710015441e-01	9.643242256210216024e-02	4.624055577997278343e-02	1.098420821783048368e-01
1.219118093841131440e+03	1.363304411927045434e-01	8.053090341978336175e-02	3.245968933013787527e-01	2.059997527319883392e-01	9.643698126250024871e-02	4.624696868360354124e-02	1.098580594067980060e-01
1.233631404482097196e+03	1.362760201458576015e-01	8.049218191853386994e-02	3.246423833455746588e-01	2.060208310705797796e-01	9.644144221109898774e-02	4.625328316186753941e-02	1.098738581452443630e-01
1.248144715123063179e+03	1.362225715218617073e-01	8.045415373251658953e-02	3.246869969728459759e-01	2.060414905495407678e-01	9.644580757459467191e-02	4.625950059951080412e-02	1.098894790478862765e-01
1.262658025764028707e+03	1.361700778033135273e-01	8.041680632871268941e-02	3.247307514706951337e-01	2.060617397442307819e-01	9.645007946854229630e-02	4.626562236550376545e-02	1.099049228177585852e-01
1.277171336404994690e+03	1.361185217912863898e-01	8.038012740426138392e-02	3.247736637798190329e-01	2.060815870470782130e-01	9.645425995885120729e-02	4.627164981308021230e-02	1.099201902043803053e-01
1.291684647045960673e+03	1.360678865995336162e-01	8.034410488204805911e-02	3.248157505007691070e-01	2.061010406718982169e-01	9.645835106320231611e-02	4.627758427978567041e-02	1.099352820015196963e-01
1.306197957686926657e+03	1.360181556487893018e-01	8.030872690639438705e-02	3.248570279005478234e-01	2.061201086580655151e-01	9.646235475239466062e-02	4.628342708753420409e-02	1.099501990450307970e-01
1.320711268327892412e+03	1.359693126611661862e-01	8.027398183884622285e-02	3.248975119191316319e-01	2.061387988745519428e-01	9.646627295162824023e-02	4.628917954267268431e-02	1.099649422107597946e-01
1.335224578968857941e+03	1.359213416546501407e-01	8.023985825405502426e-02	3.249372181759135891e-01	2.061571190238378759e-01	9.647010754172866132e-02	4.629484293605177353e-02	1.099795124125196172e-01
1.349737889609823924e+03	1.358742269376905509e-01	8.020634493574922697e-02	3.249761619760590525e-01	2.061750766457051409e-01	9.647386036031910250e-02	4.630041854310295441e-02	1.099939106001306954e-01
1.364251200250789907e+03	1.358279531038854571e-01	8.017343087279223124e-02	3.250143583167690031e-01	2.061926791209184595e-01	9.647753320294397139e-02	4.630590762392088056e-02	1.100081377575266861e-01
1.378764510891755890e+03	1.357825050267609801e-01	8.014110525532393281e-02	3.250518218934481673e-01	2.062099336748017819e-01	9.648112782414818012e-02	4.631131142335066786e-02	1.100221949009230066e-01
1.393277821532721646e+03	1.357378678546435069e-01	8.010935747098295312e-02	3.250885671057732185e-01	2.062268473807149782e-01	9.648464593851578674e-02	4.631663117107952948e-02	1.100360830770467091e-01
1.407791132173687402e+03	1.356940270056238018e-01	8.007817710120698762e-02	3.251246080636607250e-01	2.062434271634360772e-01	9.648808922167068092e-02	4.632186808173234527e-02	1.100498033614260573e-01
1.422304442814653157e+03	1.356509681626116015e-01	8.004755391760882965e-02	3.251599585931315706e-01	2.062596798024532996e-01	9.649145931124247788e-02	4.632702335497079077e-02	1.100633568567381260e-01
1.436817753455619140e+03	1.356086772684799713e-01	8.001747787842584947e-02	3.251946322420713464e-01	2.062756119351714379e-01	9.649475780779967482e-02	4.633209817559572757e-02	1.100767446912127440e-01
1.451331064096585123e+03	1.355671405212972025e-01	7.998793912504076342e-02	3.252286422858867154e-01	2.062912300600358018e-01	9.649798627575240095e-02	4.633709371365247326e-02	1.100899680170914080e-01
1.465844374737550879e+03	1.355263443696460846e-01	7.995892797857187539e-02	3.252620017330563607e-01	2.063065405395776153e-01	9.650114624422670428e-02	4.634201112453870813e-02	1.101030280091393476e-01
1.480357685378516862e+03	1.354862755080283032e-01	7.993043493653068099e-02	3.252947233305779617e-01	2.063215496033836693e-01	9.650423920791180443e-02	4.634685154911478283e-02	1.101159258632095211e-01
1.494870996019482618e+03	1.354469208723530216e-01	7.990245066954537734e-02	3.253268195693100329e-01	2.063362633509932820e-01	9.650726662788211563e-02	4.635161611381612839e-02	1.101286627948567659e-01
1.509384306660448374e+03	1.354082676355082837e-01	7.987496601814844666e-02	3.253583026892111763e-01	2.063506877547248708e-01	9.651022993239530279e-02	4.635630593076769945e-02	1.101412400380009510e-01
1.523897617301414357e+03	1.353703032030136866e-01	7.984797198962674536e-02	3.253891846844759739e-01	2.063648286624352457e-01	9.651313051766757800e-02	4.636092209790005497e-02	1.101536588436374114e-01
1.538410927942380113e+03	1.353330152087532656e-01	7.982145975493272483e-02	3.254194773085697934e-01	2.063786918002129822e-01	9.651596974862727829e-02	4.636546569906713211e-02	1.101659204785935403e-01
1.552924238583346096e+03	1.352963915107868176e-01	7.979542064565522952e-02	3.254491920791624526e-01	2.063922827750089284e-01	9.651874895964790424e-02	4.636993780416536620e-02	1.101780262243299974e-01
1.567437549224311852e+03	1.352604201872387446e-01	7.976984615104863729e-02	3.254783402829633521e-01	2.064056070772051499e-01	9.652146945526135502e-02	4.637433946925406669e-02	1.101899773757853973e-01
1.581950859865277607e+03	1.352250895322625324e-01	7.974472791511885705e-02	3.255069329804586853e-01	2.064186700831243670e-01	9.652413251085231738e-02	4.637867173667698656e-02	1.102017752402629641e-01
1.596464170506243590e+03	1.351903880520803347e-01	7.972005773376508730e-02	3.255349810105519492e-01	2.064314770574819102e-01	9.652673937333447474e-02	4.638293563518482848e-02	1.102134211363581529e-01
1.610977481147209119e+03	1.351563044610952224e-01	7.969582755197611446e-02	3.255624949951101410e-01	2.064440331557814146e-01	9.652929126180941066e-02	4.638713218005869471e-02	1.102249163929257814e-01
1.625490791788175102e+03	1.351228276780759296e-01	7.967202946107988792e-02	3.255894853434165293e-01	2.064563434266560860e-01	9.653178936820847045e-02	4.639126237323423774e-02	1.102362623480856452e-01
1.640004102429141085e+03	1.350899468224118771e-01	7.964865569604527573e-02	3.256159622565317768e-01	2.064684128141570651e-01	9.653423485791880199e-02	4.639532720342653960e-02	1.102474603482653664e-01
1.654517413070107068e+03	1.350576512104379179e-01	7.962569863283502913e-02	3.256419357315651908e-01	2.064802461599900829e-01	9.653662887039340945e-02	4.639932764625553929e-02	1.102585117472794363e-01
1.669030723711072824e+03	1.350259303518269172e-01	7.960315078580873505e-02	3.256674155658574321e-01	2.064918482057019056e-01	9.653897251974641325e-02	4.640326466437194597e-02	1.102694179054433121e-01
1.683544034352038352e+03	1.349947739460493346e-01	7.958100480517474318e-02	3.256924113610761284e-01	2.065032235948181527e-01	9.654126689533347461e-02	4.640713920758351291e-02	1.102801801887213357e-01
1.698057344993004335e+03	1.349641718788983646e-01	7.955925347449027685e-02	3.257169325272275540e-01	2.065143768749329034e-01	9.654351306231817587e-02	4.641095221298169315e-02	1.102907999679078183e-01
1.712570655633970318e+03	1.349341142190796095e-01	7.953788970820845072e-02	3.257409882865834327e-01	2.065253124997523670e-01	9.654571206222470336e-02	4.641470460506846862e-02	1.103012786178398236e-01
1.727083966274936301e+03	1.349045912148639503e-01	7.951690654927150159e-02	3.257645876775269733e-01	2.065360348310929794e-01	9.654786491347705502e-02	4.641839729588336655e-02	1.103116175166410501e-01
1.741597276915902057e+03	1.348755932908024258e-01	7.949629716674921909e-02	3.257877395583181901e-01	2.065465481408352288e-01	9.654997261192554969e-02	4.642203118513060084e-02	1.103218180449956481e-01
1.756110587556867813e+03	1.348471110445019494e-01	7.947605485352168819e-02	3.258104526107808430e-01	2.065568566128345718e-01	9.655203613136062457e-02	4.642560716030622037e-02	1.103318815854509999e-01
1.770623898197833569e+03	1.348191352434610912e-01	7.945617302400533044e-02	3.258327353439121055e-01	2.065669643447899939e-01	9.655405642401436450e-02	4.642912609682520175e-02	1.103418095217487960e-01
1.785137208838799552e+03	1.347916568219642008e-01	7.943664521192178585e-02	3.258545960974171263e-01	2.065768753500716315e-01	9.655603442105037404e-02	4.643258885814852133e-02	1.103516032381832435e-01
1.799650519479765535e+03	1.347646668780332069e-01	7.941746506810828943e-02	3.258760430451694279e-01	2.065865935595082581e-01	9.655797103304183948e-02	4.643599629591006750e-02	1.103612641189857524e-01
1.814163830120731291e+03	1.347381566704359268e-01	7.939862635836912597e-02	3.258970841985991962e-01	2.065961228231355529e-01	9.655986715043857194e-02	4.643934925004331721e-02	1.103707935477351992e-01
1.828677140761696819e+03	1.347121176157498323e-01	7.938012296136721935e-02	3.259177274100101274e-01	2.066054669119060938e-01	9.656172364402286490e-02	4.644264854890783889e-02	1.103801929067928927e-01
1.843190451402663257e+03	1.346865412854800770e-01	7.936194886655503766e-02	3.259379803758278848e-01	2.066146295193619364e-01	9.656354136535491572e-02	4.644589500941546933e-02	1.103894635767616317e-01
1.857703762043628785e+03	1.346614194032310086e-01	7.934409817214406468e-02	3.259578506397794451e-01	2.066236142632707773e-01	9.656532114720761673e-02	4.644908943715617827e-02	1.103986069359678412e-01
1.872217072684594768e+03	1.346367438419300289e-01	7.932656508311233812e-02	3.259773455960069399e-01	2.066324246872262849e-01	9.656706380399140977e-02	4.645223262652355134e-02	1.104076243599663443e-01
1.886730383325560297e+03	1.346125066211028565e-01	7.930934390924881949e-02	3.259964724921157186e-01	2.066410642622137639e-01	9.656877013216910721e-02	4.645532536083984282e-02	1.104165172210667678e-01
1.901243693966526507e+03	1.345886999041990828e-01	7.929242906323442919e-02	3.260152384321589603e-01	2.066495363881415970e-01	9.657044091066115110e-02	4.645836841248063981e-02	1.104252868878810717e-01
1.915757004607492036e+03	1.345653159959673828e-01	7.927581505875866408e-02	3.260336503795596697e-01	2.066578443953393518e-01	9.657207690124147703e-02	4.646136254299897128e-02	1.104339347248914083e-01
1.930270315248458019e+03	1.345423473398792147e-01	7.925949650867139540e-02	3.260517151599718333e-01	2.066659915460236085e-01	9.657367884892419096e-02	4.646430850324894529e-02	1.104424620920377298e-01
1.944783625889424002e+03	1.345197865156001205e-01	7.924346812316883371e-02	3.260694394640817340e-01	2.066739810357317020e-01	9.657524748234123935e-02	4.646720703350881027e-02	1.104508703443244366e-01
1.959296936530389530e+03	1.344976262365077113e-01	7.922772470801341116e-02	3.260868298503508123e-01	2.066818159947244049e-01	9.657678351411154438e-02	4.647005886360344035e-02	1.104591608314455520e-01
1.973810247171355968e+03	1.344758593472557273e-01	7.921226116278656804e-02	3.261038927477007965e-01	2.066894994893584969e-01	9.657828764120136855e-02	4.647286471302623789e-02	1.104673348974276326e-01
1.988323557812321269e+03	1.344544788213828945e-01	7.919707247917416593e-02	3.261206344581436545e-01	2.066970345234292461e-01	9.657976054527656062e-02	4.647562529106032819e-02	1.104753938802900126e-01
2.002836868453287707e+03	1.344334777589659413e-01	7.918215373928359779e-02	3.261370611593557012e-01	2.067044240394841637e-01	9.658120289304659989e-02	4.647834129689917826e-02	1.104833391117216873e-01
2.017350179094252780e+03	1.344128493843161909e-01	7.916750011399209530e-02	3.261531789071988041e-01	2.067116709201081981e-01	9.658261533660074394e-02	4.648101341976645928e-02	1.104911719167743500e-01
2.031863489735218764e+03	1.343925870437183978e-01	7.915310686132578932e-02	3.261689936381888533e-01	2.067187779891811461e-01	9.658399851373647427e-02	4.648364233903523601e-02	1.104988936135710559e-01
2.046376800376184747e+03	1.343726842032113566e-01	7.913896932486876035e-02	3.261845111719121060e-01	2.067257480131080294e-01	9.658535304828035073e-02	4.648622872434639286e-02	1.105065055130298596e-01
2.060890111017150957e+03	1.343531344464096999e-01	7.912508293220153754e-02	3.261997372133927375e-01	2.067325837020229928e-01	9.658667955040148301e-02	4.648877323572635223e-02	1.105140089186021357e-01
2.075403421658116713e+03	1.343339314723653866e-01	7.911144319336863018e-02	3.262146773554092105e-01	2.067392877109670013e-01	9.658797861691792441e-02	4.649127652370395325e-02	1.105214051260248048e-01
2.089916732299082469e+03	1.343150690934691582e-01	7.909804569937430030e-02	3.262293370807642368e-01	2.067458626410404732e-01	9.658925083159589087e-02	4.649373922942661580e-02	1.105286954230863539e-01
2.104430042940048224e+03	1.342965412333901876e-01	7.908488612070621593e-02	3.262437217645061116e-01	2.067523110405308229e-01	9.659049676544222141e-02	4.649616198477562329e-02	1.105358810894058186e-01
2.118943353581013525e+03	1.342783419250540289e-01	7.907196020588655450e-02	3.262578366761050841e-01	2.067586354060161058e-01	9.659171697699008019e-02	4.649854541248065604e-02	1.105429633962244917e-01
2.133456664221980191e+03	1.342604653086576505e-01	7.905926378004975164e-02	3.262716869815836529e-01	2.067648381834444604e-01	9.659291201257823312e-02	4.650089012623340179e-02	1.105499436062098995e-01
2.147969974862945492e+03	1.342429056297210210e-01	7.904679274354656227e-02	3.262852777456029529e-01	2.067709217691907908e-01	9.659408240662377410e-02	4.650319673080040295e-02	1.105568229732715735e-01
2.162483285503912157e+03	1.342256572371746115e-01	7.903454307057397599e-02	3.262986139335060098e-01	2.067768885110905785e-01	9.659522868188873124e-02	4.650546582213496011e-02	1.105636027423882312e-01
2.176996596144877003e+03	1.342087145814820359e-01	7.902251080783050108e-02	3.263117004133184174e-01	2.067827407094515457e-01	9.659635134974051129e-02	4.650769798748819600e-02	1.105702841494458633e-01
2.191509906785843214e+03	1.341920722127972199e-01	7.901069207319613708e-02	3.263245419577077699e-01	2.067884806180435575e-01	9.659745091040650156e-02	4.650989380551925206e-02	1.105768684210866049e-01
2.206023217426809424e+03	1.341757247791555141e-01	7.899908305443678613e-02	3.263371432459022392e-01	2.067941104450674583e-01	9.659852785322273205e-02	4.651205384640454132e-02	1.105833567745677509e-01
2.220536528067775180e+03	1.341596670246980871e-01	7.898768000793267297e-02	3.263495088655696819e-01	2.067996323541030357e-01	9.659958265687693113e-02	4.651417867194609229e-02	1.105897504176305834e-01
2.235049838708740936e+03	1.341438937879288196e-01	7.897647925743006558e-02	3.263616433146576679e-01	2.068050484650366394e-01	9.660061578964605766e-02	4.651626883567902548e-02	1.105960505483788853e-01
2.249563149349706237e+03	1.341284000000032561e-01	7.896547719281611644e-02	3.263735510031957054e-01	2.068103608549691774e-01	9.660162770962839318e-02	4.651832488297806545e-02	1.106022583551664468e-01
2.264076459990672902e+03	1.341131806830491158e-01	7.895467026891633822e-02	3.263852362550601627e-01	2.068155715591045996e-01	9.660261886497027717e-02	4.652034735116311603e-02	1.106083750164935375e-01
2.278589770631638203e+03	1.340982309485175550e-01	7.894405500431407596e-02	3.263967033097026627e-01	2.068206825716192576e-01	9.660358969408781860e-02	4.652233676960393360e-02	1.106144017009118435e-01
2.293103081272604413e+03	1.340835459955645736e-01	7.893362798019193383e-02	3.264079563238427295e-01	2.068256958465129747e-01	9.660454062588347268e-02	4.652429365982380799e-02	1.106203395669376338e-01
2.307616391913570169e+03	1.340691211094623414e-01	7.892338583919436545e-02	3.264189993731258510e-01	2.068306132984417123e-01	9.660547207995769103e-02	4.652621853560231363e-02	1.106261897629728375e-01
2.322129702554535925e+03	1.340549516600395008e-01	7.891332528431135862e-02	3.264298364537470687e-01	2.068354368035325574e-01	9.660638446681581171e-02	4.652811190307715172e-02	1.106319534272336980e-01
2.336643013195502135e+03	1.340410331001501698e-01	7.890344307778258959e-02	3.264404714840411503e-01	2.068401682001814179e-01	9.660727818807016143e-02	4.652997426084493765e-02	1.106376316876867549e-01
2.351156323836467891e+03	1.340273609641709218e-01	7.889373604002174190e-02	3.264509083060401773e-01	2.068448092898336754e-01	9.660815363663764754e-02	4.653180610006112106e-02	1.106432256619918758e-01
2.365669634477433647e+03	1.340139308665254381e-01	7.888420104856064263e-02	3.264611506869990465e-01	2.068493618377482135e-01	9.660901119693281192e-02	4.653360790453889284e-02	1.106487364574521293e-01
2.380182945118399402e+03	1.340007385002360552e-01	7.887483503701277210e-02	3.264712023208894420e-01	2.068538275737451526e-01	9.660985124505655497e-02	4.653538015084710683e-02	1.106541651709700563e-01
2.394696255759364703e+03	1.339877796355019302e-01	7.886563499405588318e-02	3.264810668298634422e-01	2.068582081929377925e-01	9.661067414898048822e-02	4.653712330840730632e-02	1.106595128890102975e-01
2.409209566400331823e+03	1.339750501183032128e-01	7.885659796243334185e-02	3.264907477656865398e-01	2.068625053564489280e-01	9.661148026872722061e-02	4.653883783958971676e-02	1.106647806875682150e-01
2.423722877041296670e+03	1.339625458690308635e-01	7.884772103797368925e-02	3.265002486111417968e-01	2.068667206921118440e-01	9.661226995654643990e-02	4.654052419980825306e-02	1.106699696321442605e-01
2.438236187682262880e+03	1.339502628811413132e-01	7.883900136862834196e-02	3.265095727814049664e-01	2.068708557951567939e-01	9.661304355708714986e-02	4.654218283761464570e-02	1.106750807777239914e-01
2.452749498323228636e+03	1.339381972198360193e-01	7.883043615352688938e-02	3.265187236253911940e-01	2.068749122288824904e-01	9.661380140756582746e-02	4.654381419479149823e-02	1.106801151687632906e-01
2.467262808964194392e+03	1.339263450207649198e-01	7.882202264204977993e-02	3.265277044270746831e-01	2.068788915253136351e-01	9.661454383793091627e-02	4.654541870644442886e-02	1.106850738391788880e-01
2.481776119605160602e+03	1.339147024887538118e-01	7.881375813291803534e-02	3.265365184067807736e-01	2.068827951858443759e-01	9.661527117102353124e-02	4.654699680109322668e-02	1.106899578123435590e-01
2.496289430246126358e+03	1.339032658965549072e-01	7.880563997329950721e-02	3.265451687224517618e-01	2.068866246818683308e-01	9.661598372273455526e-02	4.654854890076205731e-02	1.106947681010862217e-01
2.510802740887092114e+03	1.338920315836200636e-01	7.879766555793180083e-02	3.265536584708872425e-01	2.068903814553949838e-01	9.661668180215818302e-02	4.655007542106866236e-02	1.106995057076964467e-01
2.525316051528057415e+03	1.338809959548967476e-01	7.878983232826104743e-02	3.265619906889583590e-01	2.068940669196533411e-01	9.661736571174195376e-02	4.655157677131262911e-02	1.107041716239333257e-01
2.539829362169024080e+03	1.338701554796457582e-01	7.878213777159652487e-02	3.265701683547977963e-01	2.068976824596827080e-01	9.661803574743345335e-02	4.655305335456269566e-02	1.107087668310384881e-01
2.554342672809989381e+03	1.338595066902805442e-01	7.877457942028077975e-02	3.265781943889655148e-01	2.069012294329108381e-01	9.661869219882371351e-02	4.655450556774306387e-02	1.107132922997530189e-01
2.568855983450955591e+03	1.338490461812278376e-01	7.876715485087505686e-02	3.265860716555901155e-01	2.069047091697202301e-01	9.661933534928721090e-02	4.655593380171881013e-02	1.107177489903382467e-01
2.583369294091921347e+03	1.338387706078090489e-01	7.875986168335941118e-02	3.265938029634875006e-01	2.069081229740021566e-01	9.661996547611899355e-02	4.655733844138028321e-02	1.107221378526001138e-01
2.597882604732887103e+03	1.338286766851418397e-01	7.875269758034769696e-02	3.266013910672568299e-01	2.069114721236990639e-01	9.662058285066847663e-02	4.655871986572659993e-02	1.107264598259170008e-01
2.612395915373853313e+03	1.338187611870621241e-01	7.874566024631675376e-02	3.266088386683535516e-01	2.069147578713357860e-01	9.662118773847033770e-02	4.656007844794816941e-02	1.107307158392708268e-01
2.626909226014819069e+03	1.338090209450654433e-01	7.873874742684978945e-02	3.266161484161409501e-01	2.069179814445392951e-01	9.662178039937238672e-02	4.656141455550828756e-02	1.107349068112814527e-01
2.641422536655784825e+03	1.337994528472676581e-01	7.873195690789362711e-02	3.266233229089205437e-01	2.069211440465475726e-01	9.662236108766061871e-02	4.656272855022376006e-02	1.107390336502439010e-01
2.655935847296750580e+03	1.337900538373847370e-01	7.872528651502938568e-02	3.266303646949410555e-01	2.069242468567079329e-01	9.662293005218149100e-02	4.656402078834463720e-02	1.107430972541685599e-01
2.670449157937716336e+03	1.337808209137309468e-01	7.871873411275667753e-02	3.266372762733871227e-01	2.069272910309646052e-01	9.662348753646128607e-02	4.656529162063301891e-02	1.107470985108240935e-01
2.684962468578682547e+03	1.337717511282354999e-01	7.871229760379078177e-02	3.266440600953482432e-01	2.069302777023364071e-01	9.662403377882303190e-02	4.656654139244088136e-02	1.107510382977829194e-01
2.699475779219648302e+03	1.337628415854768826e-01	7.870597492837261289e-02	3.266507185647672951e-01	2.069332079813841208e-01	9.662456901250054964e-02	4.656777044378702934e-02	1.107549174824692811e-01
2.713989089860614058e+03	1.337540894417349191e-01	7.869976406359148469e-02	3.266572540393705149e-01	2.069360829566680993e-01	9.662509346575010039e-02	4.656897910943316038e-02	1.107587369222095136e-01
2.728502400501579814e+03	1.337454919040600709e-01	7.869366302272000346e-02	3.266636688315782688e-01	2.069389036951964633e-01	9.662560736195945077e-02	4.657016771895891583e-02	1.107624974642845844e-01
2.743015711142545115e+03	1.337370462293595297e-01	7.868766985456127072e-02	3.266699652093977835e-01	2.069416712428636118e-01	9.662611091975456534e-02	4.657133659683616173e-02	1.107661999459848418e-01
2.757529021783511780e+03	1.337287497235002121e-01	7.868178264280793754e-02	3.266761453972970575e-01	2.069443866248798503e-01	9.662660435310380103e-02	4.657248606250229128e-02	1.107698451946666496e-01
2.772042332424477081e+03	1.337205997404277702e-01	7.867599950541294407e-02	3.266822115770618429e-01	2.069470508461917768e-01	9.662708787141985334e-02	4.657361643043263222e-02	1.107734340278110352e-01
2.786555643065443292e+03	1.337125936813017835e-01	7.867031859397176363e-02	3.266881658886348627e-01	2.069496648918941473e-01	9.662756167965935727e-02	4.657472801021203535e-02	1.107769672530839467e-01
2.801068953706408593e+03	1.337047289936467431e-01	7.866473809311588794e-02	3.266940104309383752e-01	2.069522297276326916e-01	9.662802597842030938e-02	4.657582110660549168e-02	1.107804456683984529e-01
2.815582264347374803e+03	1.336970031705182194e-01	7.865925621991738670e-02	3.266997472626797516e-01	2.069547462999990761e-01	9.662848096403726939e-02	4.657689601962794468e-02	1.107838700619782901e-01
2.830095574988341014e+03	1.336894137496844048e-01	7.865387122330433356e-02	3.267053784031412333e-01	2.069572155369172051e-01	9.662892682867446625e-02	4.657795304461323505e-02	1.107872412124231015e-01
2.844608885629306769e+03	1.336819583128224243e-01	7.864858138348683469e-02	3.267109058329532578e-01	2.069596383480215573e-01	9.662936376041678099e-02	4.657899247228214357e-02	1.107905598887750226e-01
2.859122196270272525e+03	1.336746344847292989e-01	7.864338501139354898e-02	3.267163314948526853e-01	2.069620156250276677e-01	9.662979194335868938e-02	4.658001458880960122e-02	1.107938268505865159e-01
2.873635506911238281e+03	1.336674399325470664e-01	7.863828044811846385e-02	3.267216572944254827e-01	2.069643482420949754e-01	9.663021155769134507e-02	4.658101967589106662e-02	1.107970428479895797e-01
2.888148817552204036e+03	1.336603723650022779e-01	7.863326606437773258e-02	3.267268851008344743e-01	2.069666370561819291e-01	9.663062277978748393e-02	4.658200801080806391e-02	1.108002086217659971e-01
