0.000000000000000000e+00	1.458888871221874772e-01	8.502899402950027385e-02	3.173763044147904222e-01	2.014910201614474317e-01	9.551933778491666915e-02	4.428755401540365039e-02	1.104079024704116424e-01
1.451331064096584811e+01	1.455876486804895398e-01	8.492722778330513700e-02	3.173158187120350138e-01	2.019407963988729127e-01	9.531618903492727890e-02	4.464337799099850346e-02	1.102689413980291744e-01
2.902662128193169622e+01	1.452888082612952825e-01	8.483114795470594882e-02	3.173749478602457263e-01	2.022391274676967332e-01	9.523421608856524889e-02	4.489420788121004785e-02	1.101375444849385793e-01
4.353993192289755143e+01	1.449948700897809584e-01	8.473936507909378413e-02	3.175062968750378967e-01	2.024558749520293799e-01	9.521413169442044522e-02	4.507463433497276017e-02	1.100148269733223355e-01
5.805324256386339954e+01	1.447070280015545218e-01	8.465093916301549837e-02	3.176800799273149511e-01	2.026279443354768173e-01	9.522518194101256550e-02	4.520758196595042744e-02	1.099012446643327784e-01
7.256655320482924765e+01	1.444257995640058356e-01	8.456522893813189778e-02	3.178775133544422538e-01	2.027748326351252184e-01	9.525148573329624002e-02	4.530829315020687420e-02	1.097968466234491708e-01
8.707986384579510286e+01	1.441513560243464498e-01	8.448179233670266575e-02	3.180867505820645924e-01	2.029068422073918854e-01	9.528488912575378000e-02	4.538693434996086962e-02	1.097014353724372476e-01
1.015931744867609581e+02	1.438836933413437102e-01	8.440032058497259904e-02	3.183003514758154795e-01	2.030294207815024621e-01	9.532123647949686251e-02	4.545030853806333870e-02	1.096146687974630385e-01
1.161064851277267991e+02	1.436227204171796057e-01	8.432059444316715446e-02	3.185136903067612990e-01	2.031454549455609104e-01	9.535843057599671657e-02	4.550298428724609823e-02	1.095361250227457200e-01
1.306197957686926259e+02	1.433683043379168076e-01	8.424245508027838891e-02	3.187239450531760276e-01	2.032564821796824517e-01	9.539542733958762677e-02	4.554804241984562740e-02	1.094653435881706438e-01
1.451331064096584669e+02	1.431202933904773267e-01	8.416578464471469179e-02	3.189294508709409892e-01	2.033633312747619160e-01	9.543171746648509979e-02	4.558757096541550535e-02	1.094018513858620589e-01
1.596464170506243647e+02	1.428785286561449486e-01	8.409049327272540009e-02	3.191292840097494921e-01	2.034664605381322211e-01	9.546706080888871238e-02	4.562299395256939893e-02	1.093451787604474562e-01
1.741597276915902057e+02	1.426428497739554990e-01	8.401651037944846134e-02	3.193229928390910466e-01	2.035661361802844072e-01	9.550135135786586016e-02	4.565529021583973612e-02	1.092948692521725912e-01
1.886730383325560467e+02	1.424130977554837196e-01	8.394377880379415291e-02	3.195104234813507249e-01	2.036625261720308444e-01	9.553454930204711981e-02	4.568513924888675803e-02	1.092504852350643096e-01
2.031863489735219162e+02	1.421891163253080348e-01	8.387225085816495118e-02	3.196916066554527092e-01	2.037557493962831034e-01	9.556664726748635708e-02	4.571301858172266419e-02	1.092116109142398095e-01
2.176996596144877287e+02	1.419707525347126686e-01	8.380188565169539860e-02	3.198666843107358382e-01	2.038459011685151978e-01	9.559765379748039194e-02	4.573926889867635515e-02	1.091778536368417513e-01
2.322129702554535982e+02	1.417578570232507218e-01	8.373264726645986145e-02	3.200358622156256327e-01	2.039330662827572582e-01	9.562758540995050516e-02	4.576413766088945762e-02	1.091488441397241160e-01
2.467262808964194392e+02	1.415502841129978040e-01	8.366450350615203813e-02	3.201993795129890463e-01	2.040173254918955237e-01	9.565646284531315047e-02	4.578780838867827635e-02	1.091242361406316724e-01
2.612395915373852517e+02	1.413478918248062821e-01	8.359742502993332269e-02	3.203574893760158249e-01	2.040987585521642222e-01	9.568430931152617502e-02	4.581042036635605413e-02	1.091037055378555887e-01
2.757529021783511780e+02	1.411505418585178584e-01	8.353138474622831544e-02	3.205104469223975516e-01	2.041774454892559543e-01	9.571114964909768763e-02	4.583208194289023485e-02	1.090869493902698328e-01
2.902662128193169337e+02	1.409580995561064698e-01	8.346635738264142346e-02	3.206585018637788109e-01	2.042534669626808186e-01	9.573700990015715506e-02	4.585287954482418493e-02	1.090736847884685584e-01
3.047795234602828600e+02	1.407704338558972701e-01	8.340231917579529752e-02	3.208018942310943977e-01	2.043269041906665140e-01	9.576191704351987022e-02	4.587288381418232891e-02	1.090636476875018052e-01
3.192928341012487294e+02	1.405874172411340772e-01	8.333924764334621482e-02	3.209408520837570555e-01	2.043978386778912970e-01	9.578589879210826219e-02	4.589215381512613129e-02	1.090565917452944872e-01
3.338061447422145420e+02	1.404089256841289379e-01	8.327712141276782942e-02	3.210755904843506370e-01	2.044663518715071904e-01	9.580898341198629264e-02	4.591073994038183392e-02	1.090522871935347832e-01
3.483194553831804114e+02	1.402348385864843894e-01	8.321592008975092769e-02	3.212063112670690557e-01	2.045325248089109038e-01	9.583119955015453884e-02	4.592868593974858138e-02	1.090505197565390938e-01
3.628327660241463377e+02	1.400650387156857357e-01	8.315562415459681889e-02	3.213332032910432012e-01	2.045964377878995710e-01	9.585257606950842169e-02	4.594603035362621046e-02	1.090510896262975454e-01
3.773460766651120935e+02	1.398994121383737854e-01	8.309621487869203738e-02	3.214564429773560938e-01	2.046581700725783881e-01	9.587314189305058687e-02	4.596280754138066388e-02	1.090538104972259004e-01
3.918593873060780197e+02	1.397378481506740266e-01	8.303767425564469173e-02	3.215761949996712166e-01	2.047177996394071164e-01	9.589292585995232154e-02	4.597904843210712245e-02	1.090585086612009813e-01
4.063726979470438323e+02	1.395802392060178088e-01	8.297998494334128672e-02	3.216926130453260368e-01	2.047754029632172235e-01	9.591195659541278118e-02	4.599478108369790125e-02	1.090650221616444038e-01
4.208860085880095880e+02	1.394264808409249046e-01	8.292313021431640951e-02	3.218058405946432332e-01	2.048310548408292242e-01	9.593026239536181499e-02	4.601003110823221470e-02	1.090732000043495992e-01
4.353993192289755143e+02	1.392764715992254598e-01	8.286709391259519664e-02	3.219160116864741572e-01	2.048848282489468819e-01	9.594787112624267311e-02	4.602482200301190318e-02	1.090829014221611493e-01
4.499126298699413837e+02	1.391301129551864302e-01	8.281186041569205125e-02	3.220232516512134824e-01	2.049367942327061376e-01	9.596481013949867411e-02	4.603917541402244989e-02	1.090939951903381888e-01
4.644259405109071963e+02	1.389873092359807383e-01	8.275741460080646150e-02	3.221276778010828679e-01	2.049870218212921091e-01	9.598110619997460291e-02	4.605311135016613294e-02	1.091063589893544877e-01
4.789392511518730657e+02	1.388479675439010241e-01	8.270374181450461382e-02	3.222294000729559738e-01	2.050355779672368983e-01	9.599678542719511376e-02	4.606664836093429805e-02	1.091198788119294300e-01
4.934525617928388783e+02	1.387119976786799214e-01	8.265082784534688587e-02	3.223285216224427430e-01	2.050825275062825581e-01	9.601187324835801229e-02	4.607980368634891077e-02	1.091344484111983482e-01
5.079658724338048046e+02	1.385793120602358264e-01	8.259865889904347003e-02	3.224251393700592883e-01	2.051279331349879498e-01	9.602639436184165489e-02	4.609259338540289130e-02	1.091499687870863267e-01
5.224791830747705035e+02	1.384498256521232706e-01	8.254722157580668407e-02	3.225193445015488991e-01	2.051718554035503739e-01	9.604037271004625675e-02	4.610503244745751961e-02	1.091663477081244032e-01
5.369924937157364866e+02	1.383234558859261221e-01	8.249650284963179481e-02	3.226112229250941432e-01	2.052143527215906094e-01	9.605383146044339793e-02	4.611713488984155174e-02	1.091834992661297882e-01
5.515058043567023560e+02	1.382001225867964256e-01	8.244649004928503166e-02	3.227008556884723989e-01	2.052554813749067897e-01	9.606679299378520498e-02	4.612891384405871931e-02	1.092013434613528233e-01
5.660191149976681118e+02	1.380797479003078865e-01	8.239717084081277232e-02	3.227883193592940847e-01	2.052952955514371902e-01	9.607927889850986780e-02	4.614038163242662610e-02	1.092198058158689311e-01
5.805324256386339812e+02	1.379622562207629966e-01	8.234853321141337446e-02	3.228736863714091743e-01	2.053338473748833048e-01	9.609130997047064804e-02	4.615154983655755938e-02	1.092388170131603081e-01
5.950457362795999643e+02	1.378475741210656025e-01	8.230056545453462435e-02	3.229570253404330793e-01	2.053711869446357419e-01	9.610290621720234128e-02	4.616242935879735082e-02	1.092583125619886464e-01
6.095590469205657200e+02	1.377356302842472069e-01	8.225325615607725904e-02	3.230384013511637953e-01	2.054073623808147231e-01	9.611408686602444795e-02	4.617303047752381595e-02	1.092782324828062146e-01
6.240723575615315895e+02	1.376263554367141428e-01	8.220659418159957654e-02	3.231178762194623633e-01	2.054424198733884876e-01	9.612487037535805134e-02	4.618336289704732395e-02	1.092985210150875658e-01
6.385856682024975726e+02	1.375196822832643884e-01	8.216056866442998652e-02	3.231955087309629771e-01	2.054764037344689320e-01	9.613527444870639815e-02	4.619343579273562511e-02	1.093191263440892180e-01
6.530989788434633283e+02	1.374155454439065782e-01	8.211516899460469254e-02	3.232713548587783370e-01	2.055093564530011685e-01	9.614531605081497179e-02	4.620325785189220713e-02	1.093400003456595493e-01
6.676122894844290840e+02	1.373138813925006418e-01	8.207038480855627371e-02	3.233454679621711181e-01	2.055413187511720974e-01	9.615501142558663394e-02	4.621283731084363522e-02	1.093610983478270487e-01
6.821256001253949535e+02	1.372146283972266179e-01	8.202620597948721837e-02	3.234178989679835636e-01	2.055723296419545432e-01	9.616437611538113106e-02	4.622218198863216332e-02	1.093823789079922532e-01
6.966389107663608229e+02	1.371177264628788139e-01	8.198262260836840232e-02	3.234886965364472400e-01	2.056024264872876040e-01	9.617342498137645967e-02	4.623129931766094963e-02	1.094038036046380558e-01
7.111522214073266923e+02	1.370231172749735438e-01	8.193962501550901278e-02	3.235579072128428324e-01	2.056316450564665832e-01	9.618217222471200922e-02	4.624019637159849233e-02	1.094253368425550238e-01
7.256655320482924481e+02	1.369307441456514840e-01	8.189720373264927633e-02	3.236255755663373090e-01	2.056600195843796275e-01	9.619063140817198099e-02	4.624887989081401946e-02	1.094469456706538002e-01
7.401788426892584312e+02	1.368405519613490606e-01	8.185534949553251172e-02	3.236917443171983266e-01	2.056875828292846486e-01	9.619881547820136047e-02	4.625735630558590328e-02	1.094685996115056931e-01
7.546921533302243006e+02	1.367524871322093327e-01	8.181405323691672005e-02	3.237564544534690669e-01	2.057143661298709847e-01	9.620673678707580834e-02	4.626563175729914851e-02	1.094902705018164224e-01
7.692054639711900563e+02	1.366664975431975682e-01	8.177330607998994916e-02	3.238197453380823321e-01	2.057403994613918319e-01	9.621440711507443788e-02	4.627371211782529969e-02	1.095119323430960162e-01
7.837187746121558121e+02	1.365825325068841245e-01	8.173309933215706924e-02	3.238816548072967483e-01	2.057657114906926432e-01	9.622183769252662389e-02	4.628160300725825405e-02	1.095335611618420135e-01
7.982320852531219089e+02	1.365005427178539732e-01	8.169342447916828898e-02	3.239422192612523843e-01	2.057903296299937734e-01	9.622903922162501233e-02	4.628930981016171620e-02	1.095551348786023560e-01
8.127453958940876646e+02	1.364204802087013446e-01	8.165427317956297504e-02	3.240014737473662088e-01	2.058142800893142943e-01	9.623602189791463646e-02	4.629683769046812059e-02	1.095766331853299524e-01
8.272587065350534203e+02	1.363422983075646966e-01	8.161563725940433611e-02	3.240594520372170884e-01	2.058375879274492726e-01	9.624279543138378190e-02	4.630419160515528848e-02	1.095980374304830057e-01
8.417720171760191761e+02	1.362659515971581803e-01	8.157750870728297521e-02	3.241161866975085237e-01	2.058602771014342026e-01	9.624936906709602447e-02	4.631137631681399303e-02	1.096193305113635497e-01
8.562853278169851592e+02	1.361913958752535014e-01	8.153987966956915967e-02	3.241717091556390873e-01	2.058823705144494087e-01	9.625575160531463226e-02	4.631839640520885731e-02	1.096404967732227675e-01
8.707986384579510286e+02	1.361185881165665468e-01	8.150274244589568451e-02	3.242260497603614011e-01	2.059038900621335544e-01	9.626195142108134872e-02	4.632525627792472012e-02	1.096615219146941655e-01
8.853119490989170117e+02	1.360474864360035063e-01	8.146608948485449531e-02	3.242792378379625862e-01	2.059248566772885480e-01	9.626797648322010792e-02	4.633196018018166662e-02	1.096823928991465247e-01
8.998252597398827675e+02	1.359780500532201397e-01	8.142991337989198553e-02	3.243313017443592017e-01	2.059452903729712958e-01	9.627383437274468492e-02	4.633851220389387238e-02	1.097030978715762689e-01
9.143385703808486369e+02	1.359102392584498886e-01	8.139420686538913208e-02	3.243822689134620574e-01	2.059652102839760190e-01	9.627953230065511292e-02	4.634491629603995633e-02	1.097236260806853103e-01
9.288518810218145063e+02	1.358440153795559269e-01	8.135896281291372933e-02	3.244321659021316417e-01	2.059846347067210981e-01	9.628507712511462369e-02	4.635117626640632843e-02	1.097439678058140661e-01
9.433651916627801484e+02	1.357793407502634053e-01	8.132417422763316139e-02	3.244810184320168767e-01	2.060035811375603987e-01	9.629047536800276752e-02	4.635729579475870998e-02	1.097641142884220739e-01
9.578785023037459041e+02	1.357161786795295089e-01	8.128983424487712384e-02	3.245288514285393222e-01	2.060220663095451987e-01	9.629573323084524017e-02	4.636327843749209893e-02	1.097840576678288937e-01
9.723918129447120009e+02	1.356544934220085818e-01	8.125593612684064992e-02	3.245756890572639164e-01	2.060401062276680795e-01	9.630085661012433018e-02	4.636912763380447028e-02	1.098037909209473861e-01
9.869051235856777566e+02	1.355942501495724373e-01	8.122247325941835128e-02	3.246215547578722993e-01	2.060577162026231979e-01	9.630585111197681458e-02	4.637484671143524140e-02	1.098233078057590933e-01
1.001418434226643626e+03	1.355354149238453543e-01	8.118943914916196269e-02	3.246664712759363414e-01	2.060749108831214926e-01	9.631072206628855936e-02	4.638043889200565983e-02	1.098426028082981065e-01
1.015931744867609382e+03	1.354779546697156001e-01	8.115682742035346120e-02	3.247104606926703441e-01	2.060917042868010696e-01	9.631547454019737109e-02	4.638590729599489926e-02	1.098616710929247176e-01
1.030445055508575479e+03	1.354218371497856455e-01	8.112463181218691755e-02	3.247535444528252824e-01	2.061081098297749548e-01	9.632011335101735294e-02	4.639125494738228356e-02	1.098805084556850054e-01
1.044958366149541234e+03	1.353670309397251303e-01	8.109284617605294621e-02	3.247957433908721381e-01	2.061241403548600137e-01	9.632464307859872621e-02	4.639648477798344328e-02	1.098991112805650511e-01
1.059471676790506763e+03	1.353135054044913854e-01	8.106146447291937007e-02	3.248370777556094380e-01	2.061398081585311126e-01	9.632906807713913222e-02	4.640159963150553013e-02	1.099174764984614111e-01
1.073984987431472746e+03	1.352612306753835092e-01	8.103048077080329814e-02	3.248775672333176212e-01	2.061551250166459570e-01	9.633339248646220765e-02	4.640660226734433236e-02	1.099356015487004401e-01
1.088498298072438729e+03	1.352101776278974987e-01	8.099988924232921772e-02	3.249172309695709804e-01	2.061701022089849067e-01	9.633762024278078040e-02	4.641149536414401755e-02	1.099534843429499920e-01
1.103011608713404712e+03	1.351603178603509037e-01	8.096968416236860477e-02	3.249560875898099277e-01	2.061847505426510629e-01	9.634175508896135331e-02	4.641628152313847372e-02	1.099711232313769910e-01
1.117524919354370468e+03	1.351116236732465281e-01	8.093985990575688905e-02	3.249941552187661231e-01	2.061990803743749545e-01	9.634580058430804173e-02	4.642096327129128369e-02	1.099885169709134830e-01
1.132038229995336451e+03	1.350640680493461754e-01	8.091041094508359677e-02	3.250314514988244530e-01	2.062131016317677312e-01	9.634976011388278472e-02	4.642554306425012572e-02	1.100056646955024503e-01
1.146551540636302207e+03	1.350176246344260700e-01	8.088133184855206270e-02	3.250679936074004628e-01	2.062268238335658865e-01	9.635363689738010717e-02	4.643002328912972793e-02	1.100225658882029584e-01
1.161064851277267962e+03	1.349722677186873943e-01	8.085261727790550579e-02	3.251037982734034659e-01	2.062402561089098918e-01	9.635743399757334959e-02	4.643440626713642161e-02	1.100392203550412534e-01
1.175578161918233945e+03	1.349279722187958219e-01	8.082426198641601278e-02	3.251388817928494435e-01	2.062534072156979592e-01	9.636115432834975458e-02	4.643869425604614520e-02	1.100556282005021452e-01
1.190091472559199701e+03	1.348847136605249020e-01	8.079626081693352946e-02	3.251732600436848530e-01	2.062662855580548737e-01	9.636480066235157682e-02	4.644288945254664708e-02	1.100717898045609072e-01
1.204604783200165684e+03	1.348424681619800058e-01	8.076860869999222259e-02	3.252069484998736937e-01	2.062788992029555568e-01	9.636837563823946740e-02	4.644699399445396254e-02	1.100877058011624221e-01
1.219118093841131440e+03	1.348012124173794679e-01	8.074130065197157591e-02	3.252399622447990080e-01	2.062912558960404708e-01	9.637188176759474423e-02	4.645100996281194272e-02	1.101033770580601701e-01
1.233631404482097196e+03	1.347609236813712419e-01	8.071433177330972208e-02	3.252723159840244516e-01	2.063033630766599180e-01	9.637532144147617497e-02	4.645493938388331467e-02	1.101188046579325563e-01
1.248144715123063179e+03	1.347215797538640625e-01	8.068769724676690125e-02	3.253040240574574526e-01	2.063152278921827620e-01	9.637869693664673221e-02	4.645878423103981525e-02	1.101339898806995982e-01
1.262658025764028707e+03	1.346831589653526284e-01	8.066139233573681178e-02	3.253351004509534294e-01	2.063268572116033761e-01	9.638201042148539233e-02	4.646254642655821970e-02	1.101489341869674454e-01
1.277171336404994690e+03	1.346456401627180166e-01	8.063541238260395205e-02	3.253655588073960381e-01	2.063382576384796274e-01	9.638526396159823040e-02	4.646622784332880146e-02	1.101636392025326233e-01
1.291684647045960673e+03	1.346090026954845642e-01	8.060975280714506586e-02	3.253954124372867018e-01	2.063494355232340094e-01	9.638845952514299431e-02	4.646983030648196844e-02	1.101781067038819645e-01
1.306197957686926657e+03	1.345732264025155112e-01	8.058440910497301213e-02	3.254246743288736199e-01	2.063603969748477596e-01	9.639159898788050851e-02	4.647335559493848828e-02	1.101923386046284176e-01
1.320711268327892412e+03	1.345382915991304995e-01	8.055937684602113014e-02	3.254533571578480111e-01	2.063711478719773840e-01	9.639468413796603574e-02	4.647680544288831234e-02	1.102063369428260137e-01
1.335224578968857941e+03	1.345041790646288038e-01	8.053465167306705919e-02	3.254814732966339053e-01	2.063816938735213991e-01	9.639771668049293418e-02	4.648018154120234224e-02	1.102201038691109775e-01
1.349737889609823924e+03	1.344708700302027771e-01	8.051022930029402835e-02	3.255090348232945741e-01	2.063920404286642973e-01	9.640069824180078073e-02	4.648348553878163536e-02	1.102336416356193283e-01
1.364251200250789907e+03	1.344383461672264968e-01	8.048610551188854767e-02	3.255360535300788061e-01	2.064021927864228556e-01	9.640363037355932641e-02	4.648671904384762965e-02	1.102469525856337312e-01
1.378764510891755890e+03	1.344065895759055940e-01	8.046227616067305743e-02	3.255625409316262320e-01	2.064121560047198489e-01	9.640651455663952485e-02	4.648988362517721129e-02	1.102600391439159250e-01
1.393277821532721646e+03	1.343755827742745268e-01	8.043873716677246710e-02	3.255885082728517954e-01	2.064219349590079577e-01	9.640935220478202838e-02	4.649298081328569893e-02	1.102729038076829121e-01
1.407791132173687402e+03	1.343453086875284475e-01	8.041548451631304328e-02	3.256139665365265778e-01	2.064315343504667111e-01	9.641214466807336569e-02	4.649601210156098507e-02	1.102855491381883185e-01
1.422304442814653157e+03	1.343157506376769506e-01	8.039251426015309177e-02	3.256389264505710757e-01	2.064409587137935320e-01	9.641489323623936292e-02	4.649897894735151999e-02	1.102979777528719091e-01
1.436817753455619140e+03	1.342868923335080733e-01	8.036982251264378208e-02	3.256633984950770277e-01	2.064502124246092030e-01	9.641759914176535606e-02	4.650188277301085804e-02	1.103101923180431349e-01
1.451331064096585123e+03	1.342587178608510012e-01	8.034740545041954562e-02	3.256873929090710051e-01	2.064592997064970681e-01	9.642026356285166022e-02	4.650472496690117447e-02	1.103221955420660011e-01
1.465844374737550879e+03	1.342312116731264326e-01	8.032525931121690943e-02	3.257109196970337517e-01	2.064682246376946806e-01	9.642288762621280263e-02	4.650750688435791036e-02	1.103339901690150171e-01
1.480357685378516862e+03	1.342043585821745266e-01	8.030338039272086337e-02	3.257339886351869884e-01	2.064769911574551031e-01	9.642547240972879075e-02	4.651022984861780812e-02	1.103455789727734171e-01
1.494870996019482618e+03	1.341781437493500262e-01	8.028176505143792829e-02	3.257566092775601718e-01	2.064856030720949864e-01	9.642801894495567350e-02	4.651289515171214833e-02	1.103569647515466323e-01
1.509384306660448374e+03	1.341525526768751475e-01	8.026040970159503685e-02	3.257787909618467537e-01	2.064940640607448308e-01	9.643052821950298670e-02	4.651550405532708932e-02	1.103681503227657290e-01
1.523897617301414357e+03	1.341275711994411313e-01	8.023931081406356081e-02	3.258005428150611560e-01	2.065023776808170841e-01	9.643300117928491066e-02	4.651805779163274701e-02	1.103791385183569423e-01
1.538410927942380113e+03	1.341031854760497133e-01	8.021846491530756906e-02	3.258218737590050096e-01	2.065105473732062047e-01	9.643543873065159311e-02	4.652055756408260412e-02	1.103899321803547412e-01
1.552924238583346096e+03	1.340793819820856048e-01	8.019786858635574722e-02	3.258427925155524818e-01	2.065185764672342328e-01	9.643784174240721541e-02	4.652300454818480979e-02	1.104005341568373016e-01
1.567437549224311852e+03	1.340561475016129600e-01	8.017751846179610453e-02	3.258633076117615213e-01	2.065264681853551942e-01	9.644021104772039499e-02	4.652539989224659805e-02	1.104109472981645718e-01
1.581950859865277607e+03	1.340334691198868111e-01	8.015741122879302405e-02	3.258834273848208452e-01	2.065342256476303817e-01	9.644254744593287743e-02	4.652774471809319190e-02	1.104211744535002204e-01
1.596464170506243590e+03	1.340113342160731413e-01	8.013754362612587889e-02	3.259031599868378870e-01	2.065418518759864208e-01	9.644485170427179177e-02	4.653004012176246984e-02	1.104312184675997482e-01
1.610977481147209119e+03	1.339897304561699920e-01	8.011791244324861783e-02	3.259225133894764759e-01	2.065493497982671678e-01	9.644712455947049290e-02	4.653228717417638716e-02	1.104410821778482599e-01
1.625490791788175102e+03	1.339686457861229418e-01	8.009851451936965405e-02	3.259414953884491317e-01	2.065567222520900137e-01	9.644936671930301464e-02	4.653448692179033147e-02	1.104507684115323546e-01
1.640004102429141085e+03	1.339480684251282416e-01	8.007934674255184904e-02	3.259601136078714156e-01	2.065639719885165038e-01	9.645157886403661618e-02	4.653664038722134938e-02	1.104602799833314386e-01
1.654517413070107068e+03	1.339279868591177758e-01	8.006040604883153666e-02	3.259783755044834419e-01	2.065711016755472917e-01	9.645376164780668227e-02	4.653874856985618091e-02	1.104696196930145535e-01
1.669030723711072824e+03	1.339083898344193835e-01	8.004168942135642117e-02	3.259962883717437698e-01	2.065781139014494783e-01	9.645591569991850134e-02	4.654081244644001775e-02	1.104787903233299812e-01
1.683544034352038352e+03	1.338892663515870995e-01	8.002319388954172441e-02	3.260138593438014487e-01	2.065850111779260478e-01	9.645804162607930776e-02	4.654283297164682476e-02	1.104877946380751208e-01
1.698057344993004335e+03	1.338706056593957361e-01	8.000491652824420763e-02	3.260310953993509342e-01	2.065917959431345097e-01	9.646014000956482093e-02	4.654481107863193967e-02	1.104966353803353840e-01
1.712570655633970318e+03	1.338523972489942537e-01	7.998685445695344343e-02	3.260480033653743170e-01	2.065984705645631803e-01	9.646221141232341756e-02	4.654674767956774178e-02	1.105053152708811853e-01
1.727083966274936301e+03	1.338346308482133984e-01	7.996900483899989365e-02	3.260645899207748610e-01	2.066050373417719632e-01	9.646425637602157321e-02	4.654864366616309757e-02	1.105138370067128006e-01
1.741597276915902057e+03	1.338172964160218581e-01	7.995136488077958514e-02	3.260808615999067905e-01	2.066114985090048428e-01	9.646627542303347347e-02	4.655049991016721456e-02	1.105222032597438092e-01
1.756110587556867813e+03	1.338003841371271097e-01	7.993393183099475885e-02	3.260968247960052135e-01	2.066178562376802530e-01	9.646826905737804214e-02	4.655231726385851421e-02	1.105304166756136824e-01
1.770623898197833569e+03	1.337838844167160424e-01	7.991670297991000649e-02	3.261124857645187336e-01	2.066241126387659832e-01	9.647023776560609276e-02	4.655409656051916895e-02	1.105384798726215118e-01
1.785137208838799552e+03	1.337677878753308347e-01	7.989967565862385324e-02	3.261278506263498023e-01	2.066302697650444498e-01	9.647218201764026779e-02	4.655583861489582392e-02	1.105463954407725630e-01
1.799650519479765535e+03	1.337520853438761981e-01	7.988284723835502310e-02	3.261429253710051990e-01	2.066363296132733840e-01	9.647410226757040241e-02	4.655754422364698913e-02	1.105541659409303851e-01
1.814163830120731291e+03	1.337367678587540187e-01	7.986621512974326209e-02	3.261577158596604686e-01	2.066422941262480717e-01	9.647599895440669981e-02	4.655921416577770561e-02	1.105617939040674097e-01
1.828677140761696819e+03	1.337218266571212621e-01	7.984977678216427510e-02	3.261722278281404819e-01	2.066481651947694176e-01	9.647787250279296623e-02	4.656084920306189506e-02	1.105692818306073383e-01
1.843190451402663257e+03	1.337072531722675595e-01	7.983352968305845732e-02	3.261864668898205033e-01	2.066539446595230256e-01	9.647972332368207060e-02	4.656245008045281630e-02	1.105766321898531968e-01
1.857703762043628785e+03	1.336930390291090898e-01	7.981747135727314257e-02	3.262004385384484895e-01	2.066596343128738189e-01	9.648155181497576616e-02	4.656401752648221815e-02	1.105838474194951321e-01
1.872217072684594768e+03	1.336791760397948725e-01	7.980159936641785523e-02	3.262141481508935570e-01	2.066652359005799189e-01	9.648335836213059458e-02	4.656555225364830686e-02	1.105909299251925937e-01
1.886730383325560297e+03	1.336656561994226666e-01	7.978591130823250999e-02	3.262276009898209539e-01	2.066707511234307237e-01	9.648514333873202398e-02	4.656705495879328444e-02	1.105978820802256124e-01
1.901243693966526507e+03	1.336524716818607850e-01	7.977040481596811561e-02	3.262408022062977531e-01	2.066761816388121287e-01	9.648690710703819451e-02	4.656852632347047161e-02	1.106047062252102781e-01
1.915757004607492036e+03	1.336396148356732705e-01	7.975507755777960783e-02	3.262537568423308221e-01	2.066815290622030510e-01	9.648865001849528389e-02	4.656996701430166086e-02	1.106114046678740997e-01
1.930270315248458019e+03	1.336270781801447982e-01	7.973992723613081146e-02	3.262664698333383462e-01	2.066867949686067019e-01	9.649037241422561695e-02	4.657137768332484523e-02	1.106179796828867384e-01
1.944783625889424002e+03	1.336148544014032769e-01	7.972495158721092101e-02	3.262789460105588457e-01	2.066919808939193803e-01	9.649207462549044823e-02	4.657275896833274614e-02	1.106244335117422123e-01
1.959296936530389530e+03	1.336029363486365418e-01	7.971014838036241668e-02	3.262911901033986872e-01	2.066970883362407030e-01	9.649375697412836128e-02	4.657411149320239696e-02	1.106307683626887445e-01
1.973810247171355968e+03	1.335913170304010578e-01	7.969551541752020740e-02	3.263032067417195314e-01	2.067021187571271290e-01	9.649541977297101947e-02	4.657543586821610154e-02	1.106369864107027284e-01
1.988323557812321269e+03	1.335799896110198559e-01	7.968105053266152926e-02	3.263150004580688268e-01	2.067070735827927219e-01	9.649706332623712857e-02	4.657673269037405916e-02	1.106430897975036326e-01
2.002836868453287707e+03	1.335689474070671234e-01	7.966675159126665462e-02	3.263265756898539038e-01	2.067119542052587300e-01	9.649868792990601296e-02	4.657800254369891257e-02	1.106490806316063474e-01
2.017350179094252780e+03	1.335581838839373370e-01	7.965261648978978759e-02	3.263379367814623899e-01	2.067167619834552328e-01	9.650029387207190168e-02	4.657924599953243427e-02	1.106549609884085600e-01
2.031863489735218764e+03	1.335476926524962749e-01	7.963864315514039560e-02	3.263490879863297778e-01	2.067214982442766580e-01	9.650188143327979862e-02	4.658046361682469799e-02	1.106607329103099641e-01
2.046376800376184747e+03	1.335374674658119099e-01	7.962482954417426928e-02	3.263600334689564231e-01	2.067261642835938884e-01	9.650345088684425532e-02	4.658165594241583940e-02	1.106663984068610024e-01
2.060890111017150957e+03	1.335275022159629621e-01	7.961117364319442169e-02	3.263707773068745266e-01	2.067307613672247635e-01	9.650500249915150430e-02	4.658282351131078775e-02	1.106719594549386287e-01
2.075403421658116713e+03	1.335177909309229471e-01	7.959767346746146610e-02	3.263813234925678763e-01	2.067352907318650290e-01	9.650653652994643783e-02	4.658396684694706552e-02	1.106774179989468282e-01
2.089916732299082469e+03	1.335083277715178873e-01	7.958432706071327800e-02	3.263916759353445163e-01	2.067397535859816227e-01	9.650805323260469581e-02	4.658508646145588517e-02	1.106827759510398412e-01
2.104430042940048224e+03	1.334991070284553272e-01	7.957113249469385807e-02	3.264018384631642844e-01	2.067441511106704044e-01	9.650955285439102860e-02	4.658618285591681341e-02	1.106880351913660104e-01
2.118943353581013525e+03	1.334901231194234317e-01	7.955808786869103533e-02	3.264118148244226636e-01	2.067484844604794703e-01	9.651103563670451746e-02	4.658725652060610734e-02	1.106931975683305147e-01
2.133456664221980191e+03	1.334813705862575306e-01	7.954519130908281610e-02	3.264216086896916114e-01	2.067527547642002139e-01	9.651250181531149941e-02	4.658830793523896507e-02	1.106982648988751039e-01
2.147969974862945492e+03	1.334728440921729709e-01	7.953244096889235115e-02	3.264312236534192557e-01	2.067569631256273854e-01	9.651395162056658483e-02	4.658933756920584368e-02	1.107032389687733903e-01
2.162483285503912157e+03	1.334645384190622786e-01	7.951983502735125720e-02	3.264406632355887350e-01	2.067611106242896735e-01	9.651538527762282271e-02	4.659034588180303166e-02	1.107081215329399904e-01
2.176996596144877003e+03	1.334564484648550486e-01	7.950737168947101530e-02	3.264499308833385682e-01	2.067651983161521156e-01	9.651680300663116607e-02	4.659133332245764952e-02	1.107129143157522116e-01
2.191509906785843214e+03	1.334485692409388413e-01	7.949504918562247391e-02	3.264590299725443900e-01	2.067692272342918636e-01	9.651820502293013970e-02	4.659230033094717560e-02	1.107176190113829395e-01
2.206023217426809424e+03	1.334408958696395586e-01	7.948286577112304019e-02	3.264679638093636038e-01	2.067731983895482739e-01	9.651959153722609874e-02	4.659324733761375376e-02	1.107222372841435154e-01
2.220536528067775180e+03	1.334334235817600245e-01	7.947081972583172615e-02	3.264767356317441194e-01	2.067771127711488244e-01	9.652096275576453610e-02	4.659417476357332472e-02	1.107267707688353031e-01
2.235049838708740936e+03	1.334261477141748531e-01	7.945890935375143904e-02	3.264853486108982294e-01	2.067809713473114375e-01	9.652231888049310482e-02	4.659508302091980997e-02	1.107312210711090539e-01
2.249563149349706237e+03	1.334190637074806618e-01	7.944713298263880730e-02	3.264938058527415143e-01	2.067847750658250161e-01	9.652366010921650807e-02	4.659597251292443842e-02	1.107355897678309192e-01
2.264076459990672902e+03	1.334121671036998524e-01	7.943548896362115364e-02	3.265021103992995499e-01	2.067885248546086352e-01	9.652498663574400617e-02	4.659684363423036157e-02	1.107398784074543341e-01
2.278589770631638203e+03	1.334054535440368505e-01	7.942397567082040699e-02	3.265102652300811981e-01	2.067922216222503606e-01	9.652629865002977649e-02	4.659769677104265428e-02	1.107440885103966322e-01
2.293103081272604413e+03	1.333989187666853038e-01	7.941259150098409214e-02	3.265182732634211993e-01	2.067958662585270835e-01	9.652759633830641783e-02	4.659853230131390939e-02	1.107482215694198524e-01
2.307616391913570169e+03	1.333925586046854350e-01	7.940133487312288352e-02	3.265261373577914017e-01	2.067994596349055914e-01	9.652887988321220969e-02	4.659935059492546772e-02	1.107522790500148624e-01
2.322129702554535925e+03	1.333863689838295508e-01	7.939020422815486200e-02	3.265338603130824024e-01	2.068030026050263204e-01	9.653014946391219597e-02	4.660015201386438072e-02	1.107562623907880905e-01
2.336643013195502135e+03	1.333803459206153452e-01	7.937919802855626650e-02	3.265414448718561569e-01	2.068064960051699264e-01	9.653140525621362045e-02	4.660093691239631380e-02	1.107601730038501736e-01
2.351156323836467891e+03	1.333744855202451951e-01	7.936831475801851832e-02	3.265488937205697217e-01	2.068099406547079244e-01	9.653264743267590819e-02	4.660170563723444598e-02	1.107640122752060474e-01
2.365669634477433647e+03	1.333687839746706960e-01	7.935755292111147663e-02	3.265562094907718538e-01	2.068133373565379518e-01	9.653387616271558169e-02	4.660245852770442121e-02	1.107677815651457731e-01
2.380182945118399402e+03	1.333632375606812748e-01	7.934691104295289732e-02	3.265633947602719633e-01	2.068166868975042094e-01	9.653509161270616701e-02	4.660319591590553201e-02	1.107714822086357243e-01
2.394696255759364703e+03	1.333578426380356285e-01	7.933638766888365113e-02	3.265704520542834222e-01	2.068199900488038034e-01	9.653629394607360359e-02	4.660391812686819762e-02	1.107751155157094686e-01
2.409209566400331823e+03	1.333525956476352414e-01	7.932598136414896473e-02	3.265773838465408363e-01	2.068232475663795145e-01	9.653748332338729643e-02	4.660462547870784095e-02	1.107786827718580946e-01
2.423722877041296670e+03	1.333474931097387017e-01	7.931569071358528233e-02	3.265841925603923945e-01	2.068264601912997713e-01	9.653865990244693551e-02	4.660531828277521965e-02	1.107821852384194977e-01
2.438236187682262880e+03	1.333425316222162371e-01	7.930551432131276168e-02	3.265908805698676254e-01	2.068296286501261350e-01	9.653982383836552661e-02	4.660599684380340585e-02	1.107856241529661112e-01
2.452749498323228636e+03	1.333377078588429132e-01	7.929545081043332111e-02	3.265974502007217284e-01	2.068327536552688195e-01	9.654097528364861958e-02	4.660666146005132404e-02	1.107890007296910423e-01
2.467262808964194392e+03	1.333330185676301349e-01	7.928549882273401572e-02	3.266039037314564797e-01	2.068358359053310835e-01	9.654211438827002556e-02	4.660731242344410413e-02	1.107923161597919870e-01
2.481776119605160602e+03	1.333284605691943125e-01	7.927565701839565937e-02	3.266102433943182670e-01	2.068388760854423247e-01	9.654324129974421742e-02	4.660795001971026336e-02	1.107955716118528278e-01
2.496289430246126358e+03	1.333240307551618598e-01	7.926592407570678955e-02	3.266164713762744198e-01	2.068418748675810437e-01	9.654435616319555213e-02	4.660857452851574489e-02	1.107987682322225109e-01
2.510802740887092114e+03	1.333197260866094691e-01	7.925629869078244794e-02	3.266225898199677791e-01	2.068448329108876216e-01	9.654545912142453723e-02	4.660918622359497276e-02	1.108019071453911347e-01
2.525316051528057415e+03	1.333155435925391930e-01	7.924677957728816502e-02	3.266286008246501726e-01	2.068477508619674943e-01	9.654655031497116902e-02	4.660978537287897155e-02	1.108049894543628316e-01
2.539829362169024080e+03	1.333114803683874694e-01	7.923736546616871879e-02	3.266345064470953519e-01	2.068506293551848896e-01	9.654762988217566178e-02	4.661037223862057183e-02	1.108080162410253616e-01
2.554342672809989381e+03	1.333075335745668721e-01	7.922805510538165341e-02	3.266403087024919993e-01	2.068534690129479048e-01	9.654869795923656794e-02	4.661094707751684690e-02	1.108109885665162359e-01
2.568855983450955591e+03	1.333037004350402788e-01	7.921884725963548868e-02	3.266460095653169193e-01	2.068562704459848967e-01	9.654975468026649743e-02	4.661151014082882960e-02	1.108139074715851768e-01
2.583369294091921347e+03	1.332999782359266250e-01	7.920974071013263396e-02	3.266516109701895210e-01	2.068590342536127114e-01	9.655080017734543607e-02	4.661206167449850890e-02	1.108167739769526927e-01
2.597882604732887103e+03	1.332963643241373841e-01	7.920073425431659042e-02	3.266571148127069835e-01	2.068617610239969484e-01	9.655183458057203794e-02	4.661260191926326624e-02	1.108195890836648628e-01
2.612395915373853313e+03	1.332928561060431893e-01	7.919182670562377457e-02	3.266625229502619909e-01	2.068644513344047864e-01	9.655285801811269719e-02	4.661313111076774429e-02	1.108223537734438907e-01
2.626909226014819069e+03	1.332894510461696824e-01	7.918301689323954673e-02	3.266678372028418154e-01	2.068671057514502587e-01	9.655387061624878808e-02	4.661364947967326644e-02	1.108250690090346602e-01
2.641422536655784825e+03	1.332861466659224225e-01	7.917430366185856938e-02	3.266730593538108018e-01	2.068697248313327020e-01	9.655487249942187877e-02	4.661415725176479979e-02	1.108277357345468922e-01
2.655935847296750580e+03	1.332829405423394675e-01	7.916568587144919011e-02	3.266781911506752012e-01	2.068723091200683206e-01	9.655586379027721045e-02	4.661465464805557984e-02	1.108303548757931245e-01
2.670449157937716336e+03	1.332798303068716828e-01	7.915716239702208501e-02	3.266832343058320154e-01	2.068748591537152015e-01	9.655684460970563598e-02	4.661514188488937588e-02	1.108329273406221810e-01
2.684962468578682547e+03	1.332768136441897511e-01	7.914873212840273231e-02	3.266881904973008566e-01	2.068773754585922220e-01	9.655781507688369902e-02	4.661561917404061922e-02	1.108354540192482141e-01
2.699475779219648302e+03	1.332738882910173561e-01	7.914039397000796616e-02	3.266930613694412067e-01	2.068798585514917132e-01	9.655877530931239461e-02	4.661608672281216531e-02	1.108379357845752783e-01
2.713989089860614058e+03	1.332710520349900118e-01	7.913214684062626347e-02	3.266978485336526905e-01	2.068823089398863502e-01	9.655972542285441718e-02	4.661654473413105737e-02	1.108403734925173523e-01
2.728502400501579814e+03	1.332683027135388720e-01	7.912398967320186105e-02	3.267025535690613047e-01	2.068847271221304629e-01	9.656066553176990974e-02	4.661699340664209046e-02	1.108427679823137807e-01
2.743015711142545115e+03	1.332656382127989647e-01	7.911592141462259198e-02	3.267071780231903810e-01	2.068871135876557132e-01	9.656159574875110285e-02	4.661743293479936323e-02	1.108451200768400952e-01
2.757529021783511780e+03	1.332630564665416018e-01	7.910794102551124696e-02	3.267117234126177827e-01	2.068894688171619145e-01	9.656251618495553801e-02	4.661786350895581049e-02	1.108474305829142970e-01
2.772042332424477081e+03	1.332605554551297700e-01	7.910004748002064101e-02	3.267161912236178911e-01	2.068917932828023554e-01	9.656342695003822252e-02	4.661828531545083448e-02	1.108497002915984908e-01
2.786555643065443292e+03	1.332581332044965594e-01	7.909223976563212188e-02	3.267205829127906580e-01	2.068940874483645442e-01	9.656432815218253529e-02	4.661869853669592390e-02	1.108519299784958556e-01
2.801068953706408593e+03	1.332557877851461015e-01	7.908451688295746462e-02	3.267248999076768357e-01	2.068963517694461240e-01	9.656521989813014739e-02	4.661910335125850346e-02	1.108541204040430495e-01
2.815582264347374803e+03	1.332535173111759341e-01	7.907687784554418009e-02	3.267291436073602173e-01	2.068985866936260964e-01	9.656610229320988781e-02	4.661949993394386843e-02	1.108562723137980349e-01
2.830095574988341014e+03	1.332513199393211278e-01	7.906932167968405700e-02	3.267333153830567771e-01	2.069007926606320213e-01	9.656697544136559619e-02	4.661988845587541203e-02	1.108583864387231721e-01
2.844608885629306769e+03	1.332491938680190058e-01	7.906184742422511791e-02	3.267374165786914864e-01	2.069029701025024148e-01	9.656783944518310125e-02	4.662026908457306273e-02	1.108604634954638984e-01
2.859122196270272525e+03	1.332471373364944589e-01	7.905445413038643399e-02	3.267414485114625844e-01	2.069051194437455388e-01	9.656869440591626941e-02	4.662064198403004928e-02	1.108625041866227734e-01
2.873635506911238281e+03	1.332451486238650229e-01	7.904714086157640929e-02	3.267454124723936926e-01	2.069072411014939161e-01	9.656954042351217904e-02	4.662100731478794474e-02	1.108645092010289435e-01
2.888148817552204036e+03	1.332432260482656339e-01	7.903990669321389606e-02	3.267493097268747704e-01	2.069093354856549050e-01	9.657037759663557319e-02	4.662136523401016336e-02	1.108664792140031941e-01
