0.000000000000000000e+00	1.460033747368946200e-01	8.297425238966132932e-02	3.165240418459114857e-01	2.053502357048000715e-01	9.536366019887727863e-02	4.467549212927096614e-02	1.091089429932100008e-01
1.451331064096584811e+01	1.454244608305377551e-01	8.312618921003085692e-02	3.166571236535915546e-01	2.048921300339344997e-01	9.548024274023188263e-02	4.537774824331025636e-02	1.090421052869890162e-01
2.902662128193169622e+01	1.448948906805620496e-01	8.325119611502559969e-02	3.171196601145475635e-01	2.046121642944596919e-01	9.563346534638310359e-02	4.550579992679668756e-02	1.089828235208512297e-01
4.353993192289755143e+01	1.444096574487944984e-01	8.335235047857673940e-02	3.175829349143876601e-01	2.044106064598105177e-01	9.574969225419938113e-02	4.556249230304057485e-02	1.089322661398164915e-01
5.805324256386339954e+01	1.439633829673127863e-01	8.343237588009151662e-02	3.180116459077594881e-01	2.042635962926606097e-01	9.583255818788297131e-02	4.560667291304892901e-02	1.088897678498696037e-01
7.256655320482924765e+01	1.435514576674618015e-01	8.349367646011759958e-02	3.184045521385040489e-01	2.041587917986852352e-01	9.589116958701403293e-02	4.564583152888503081e-02	1.088545208179581697e-01
8.707986384579510286e+01	1.431699962550696537e-01	8.353838041962363681e-02	3.187643861328018913e-01	2.040872891893930619e-01	9.593278374533964481e-02	4.568139553949682879e-02	1.088257687169011806e-01
1.015931744867609581e+02	1.428157007280472235e-01	8.356837728795407649e-02	3.190942613033550534e-01	2.040421951291239433e-01	9.596265646222329471e-02	4.571398297813780709e-02	1.088028261097844923e-01
1.161064851277267991e+02	1.424857449351287497e-01	8.358534884723990699e-02	3.193971828151610515e-01	2.040180890582200812e-01	9.598452523926503943e-02	4.574403261069953652e-02	1.087850764929114838e-01
1.306197957686926259e+02	1.421776853697170329e-01	8.359079493688643947e-02	3.196759501428051431e-01	2.040106796482141771e-01	9.600102737425399158e-02	4.577189525005869591e-02	1.087719672766903622e-01
1.451331064096584669e+02	1.418893925574818693e-01	8.358605520545520084e-02	3.199331275682442133e-01	2.040165517485736379e-01	9.601401018180791280e-02	4.579785852230841559e-02	1.087630042147546411e-01
1.596464170506243647e+02	1.416189978684131434e-01	8.357232763129787689e-02	3.201710374288915806e-01	2.040329746087323204e-01	9.602475599756593594e-02	4.582216063342846313e-02	1.087577458302966121e-01
1.741597276915902057e+02	1.413648518493598460e-01	8.355068443704569137e-02	3.203917654189391562e-01	2.040577552516004145e-01	9.603414460985526535e-02	4.584500036907551701e-02	1.087557980627500004e-01
1.886730383325560467e+02	1.411254912009220763e-01	8.352208587636066051e-02	3.205971729245226665e-01	2.040891256964763034e-01	9.604277027210728068e-02	4.586654477624999698e-02	1.087568092519868579e-01
2.031863489735219162e+02	1.408996122838007681e-01	8.348739226239881850e-02	3.207889132358008877e-01	2.041256557191234444e-01	9.605102582805502553e-02	4.588693515066481765e-02	1.087604655187820596e-01
2.176996596144877287e+02	1.406860495962076463e-01	8.344737452626942165e-02	3.209684495467418075e-01	2.041661849727464673e-01	9.605916305159423185e-02	4.590629174205461405e-02	1.087664865630117023e-01
2.322129702554535982e+02	1.404837580702436306e-01	8.340272353299338359e-02	3.211370733750685269e-01	2.042097698605676581e-01	9.606733580324101907e-02	4.592471747937759002e-02	1.087746218771341172e-01
2.467262808964194392e+02	1.402917983320285666e-01	8.335405833665712749e-02	3.212959225347201686e-01	2.042556417071697827e-01	9.607563078866401818e-02	4.594230094168358369e-02	1.087846473577026851e-01
2.612395915373852517e+02	1.401093242875743883e-01	8.330193352167467036e-02	3.214459981379811926e-01	2.043031736317896807e-01	9.608408938587380266e-02	4.595911874463324415e-02	1.087963622890989190e-01
2.757529021783511780e+02	1.399355725555976038e-01	8.324684575043032886e-02	3.215881803394619598e-01	2.043518541621033857e-01	9.609272305039269491e-02	4.597523747130846661e-02	1.088095866693315067e-01
2.902662128193169337e+02	1.397698533854118685e-01	8.318923961697120839e-02	3.217232426916432630e-01	2.044012661000174924e-01	9.610152411320764532e-02	4.599071524517466675e-02	1.088241588461997950e-01
3.047795234602828600e+02	1.396115427841863321e-01	8.312951289031270119e-02	3.218518650848270490e-01	2.044510695042353332e-01	9.611047328263276623e-02	4.600560302005703150e-02	1.088399334323746914e-01
3.192928341012487294e+02	1.394600756415262655e-01	8.306802121818317175e-02	3.219746453095647110e-01	2.045009879191696245e-01	9.611954479612555557e-02	4.601994564474067712e-02	1.088567794693160173e-01
3.338061447422145420e+02	1.393149396865929479e-01	8.300508235183860772e-02	3.220921093187302797e-01	2.045507971790674895e-01	9.612870990363744927e-02	4.603378274680842985e-02	1.088745788119507146e-01
3.483194553831804114e+02	1.391756701482381731e-01	8.294097994431216814e-02	3.222047202877080796e-01	2.046003162668692810e-01	9.613793917264353006e-02	4.604714947049247387e-02	1.088932247083622962e-01
3.628327660241463377e+02	1.390418450150907592e-01	8.287596696767941806e-02	3.223128865805585663e-01	2.046493998217442378e-01	9.614720396654476142e-02	4.606007709583258281e-02	1.089126205511757595e-01
3.773460766651120935e+02	1.389130808125427774e-01	8.281026878928195167e-02	3.224169687316578159e-01	2.046979319765972749e-01	9.615647734810721381e-02	4.607259356070825262e-02	1.089326787797307572e-01
3.918593873060780197e+02	1.387890288288353424e-01	8.274408594211193901e-02	3.225172855490318069e-01	2.047458212738823558e-01	9.616573458742475045e-02	4.608472390290685450e-02	1.089533199144329806e-01
4.063726979470438323e+02	1.386693717341862808e-01	8.267759662053127123e-02	3.226141194394240297e-01	2.047929964598038111e-01	9.617495340188811359e-02	4.609649063597838492e-02	1.089744717068141522e-01
4.208860085880095880e+02	1.385538205460371541e-01	8.261095892904163351e-02	3.227077210473812130e-01	2.048394029971640495e-01	9.618411401824278339e-02	4.610791406996904429e-02	1.089960683907901934e-01
4.353993192289755143e+02	1.384421119006890022e-01	8.254431290882692507e-02	3.227983132922163656e-01	2.048850001684960342e-01	9.619319911997938066e-02	4.611901258604023113e-02	1.090180500223780907e-01
4.499126298699413837e+02	1.383340055973295013e-01	8.247778236417810382e-02	3.228860948782004137e-01	2.049297586657779224e-01	9.620219372409190284e-02	4.612980287233177379e-02	1.090403618967164256e-01
4.644259405109071963e+02	1.382292823850832797e-01	8.241147650861578577e-02	3.229712433451039644e-01	2.049736585825252533e-01	9.621108501753636300e-02	4.614030012711804740e-02	1.090629540326432806e-01
4.789392511518730657e+02	1.381277419675067675e-01	8.234549144850011881e-02	3.230539177184832411e-01	2.050166877395628862e-01	9.621986217398764696e-02	4.615051823425636579e-02	1.090857807163289894e-01
4.934525617928388783e+02	1.380292012020888082e-01	8.227991152012036069e-02	3.231342608119852078e-01	2.050588402881859396e-01	9.622851616460947888e-02	4.616046991508157560e-02	1.091088000965546728e-01
5.079658724338048046e+02	1.379334924749555102e-01	8.221481049465551028e-02	3.232124012274938396e-01	2.051001155444019952e-01	9.623703957171841905e-02	4.617016686021437749e-02	1.091319738251863708e-01
5.224791830747705035e+02	1.378404622332151108e-01	8.215025266396809578e-02	3.232884550931455769e-01	2.051405170160217062e-01	9.624542641085311045e-02	4.617961984419138161e-02	1.091552667372311103e-01
5.369924937157364866e+02	1.377499696592997813e-01	8.208629381891209553e-02	3.233625275740905081e-01	2.051800515909297240e-01	9.625367196443726514e-02	4.618883882536495289e-02	1.091786465655917443e-01
5.515058043567023560e+02	1.376618854733257791e-01	8.202298213068748289e-02	3.234347141863229691e-01	2.052187288602324022e-01	9.626177262864382689e-02	4.619783303314142775e-02	1.092020836862722249e-01
5.660191149976681118e+02	1.375760908509449654e-01	8.196035894474086592e-02	3.235051019399016736e-01	2.052565605543770211e-01	9.626972577401311792e-02	4.620661104431167399e-02	1.092255508903368089e-01
5.805324256386339812e+02	1.374924764454394932e-01	8.189845949578240802e-02	3.235737703343776750e-01	2.052935600739626276e-01	9.627752961969220091e-02	4.621518084996536352e-02	1.092490231794063793e-01
5.950457362795999643e+02	1.374109415039409809e-01	8.183731355165259347e-02	3.236407922261889669e-01	2.053297420999581901e-01	9.628518312073414132e-02	4.622354991426062820e-02	1.092724775818906674e-01
6.095590469205657200e+02	1.373313930686608231e-01	8.177694599301701950e-02	3.237062345851225986e-01	2.053651222705283053e-01	9.629268586764545834e-02	4.623172522613645807e-02	1.092958929875155194e-01
6.240723575615315895e+02	1.372537452549139336e-01	8.171737733518788516e-02	3.237701591546340851e-01	2.053997169137328216e-01	9.630003799724098923e-02	4.623971334489897222e-02	1.093192499980176202e-01
6.385856682024975726e+02	1.371779185985212424e-01	8.165862419775604675e-02	3.238326230288114393e-01	2.054335428270902542e-01	9.630724011381609773e-02	4.624752044048163063e-02	1.093425307921496448e-01
6.530989788434633283e+02	1.371038394658971316e-01	8.160069972716385567e-02	3.238936791570390938e-01	2.054666170964340455e-01	9.631429321965125079e-02	4.625515232906692031e-02	1.093657190033740789e-01
6.676122894844290840e+02	1.370314395207750668e-01	8.154361397684828372e-02	3.239533767859157920e-01	2.054989569476961542e-01	9.632119865390066649e-02	4.626261450466269409e-02	1.093887996088277748e-01
6.821256001253949535e+02	1.369606552421082923e-01	8.148737424913270189e-02	3.240117618466875071e-01	2.055305796262631435e-01	9.632795803897419018e-02	4.626991216714449601e-02	1.094117588283161219e-01
6.966389107663608229e+02	1.368914274882099824e-01	8.143198540263735241e-02	3.240688772953362884e-01	2.055615022993989571e-01	9.633457323358821101e-02	4.627705024720654009e-02	1.094345840322492186e-01
7.111522214073266923e+02	1.368237011026703087e-01	8.137745012861043181e-02	3.241247634115009824e-01	2.055917419779418331e-01	9.634104629173320666e-02	4.628403342860411968e-02	1.094572636575656815e-01
7.256655320482924481e+02	1.367574245580188419e-01	8.132376919924970415e-02	3.241794580615726673e-01	2.056213154540836030e-01	9.634737942687647549e-02	4.629086616801959819e-02	1.094797871308057086e-01
7.401788426892584312e+02	1.366925496334873980e-01	8.127094169078344366e-02	3.242329969305876025e-01	2.056502392525449974e-01	9.635357498078735150e-02	4.629755271284034107e-02	1.095021447975954160e-01
7.546921533302243006e+02	1.366290311235790478e-01	8.121896518380916641e-02	3.242854137269218784e-01	2.056785295928873492e-01	9.635963539643743747e-02	4.630409711709902731e-02	1.095243278578926366e-01
7.692054639711900563e+02	1.365668265744666432e-01	8.116783594314366801e-02	3.243367403632538282e-01	2.057062023610597978e-01	9.636556319448769115e-02	4.631050325579463833e-02	1.095463283064203042e-01
7.837187746121558121e+02	1.365058960455299841e-01	8.111754907921675528e-02	3.243870071168016844e-01	2.057332730885844119e-01	9.637136095292939131e-02	4.631677483778420812e-02	1.095681388777802329e-01
7.982320852531219089e+02	1.364462018936005716e-01	8.106809869284185843e-02	3.244362427714417296e-01	2.057597569380372748e-01	9.637703128949559606e-02	4.632291541741119512e-02	1.095897529957984839e-01
8.127453958940876646e+02	1.363877085777170928e-01	8.101947800501665964e-02	3.244844747439699084e-01	2.057856686936994917e-01	9.638257684650404500e-02	4.632892840501555420e-02	1.096111647267039718e-01
8.272587065350534203e+02	1.363303824824066701e-01	8.097167947324428183e-02	3.245317291964714967e-01	2.058110227564332873e-01	9.638800027783239743e-02	4.633481707645210890e-02	1.096323687357864535e-01
8.417720171760191761e+02	1.362741917576986150e-01	8.092469489571910146e-02	3.245780311365064064e-01	2.058358331419924969e-01	9.639330423776237833e-02	4.634058458172847506e-02	1.096533602472192503e-01
8.562853278169851592e+02	1.362191061742511200e-01	8.087851550458882710e-02	3.246234045065950480e-01	2.058601134821057277e-01	9.639849137146055957e-02	4.634623395285986103e-02	1.096741350067656495e-01
8.707986384579510286e+02	1.361650969921276433e-01	8.083313204938513685e-02	3.246678722642980519e-01	2.058838770277800490e-01	9.640356430689146772e-02	4.635176811102616201e-02	1.096946892471183238e-01
8.853119490989170117e+02	1.361121368419012934e-01	8.078853487160758684e-02	3.247114564540162229e-01	2.059071366543641368e-01	9.640852564798355062e-02	4.635718987310669115e-02	1.097150196556473528e-01
8.998252597398827675e+02	1.360601996168938621e-01	8.074471397134806716e-02	3.247541782714931657e-01	2.059299048679880118e-01	9.641337796888976852e-02	4.636250195765852233e-02	1.097351233443554647e-01
9.143385703808486369e+02	1.360092603754722018e-01	8.070165906675563772e-02	3.247960581218768406e-01	2.059521938130613183e-01	9.641812380920408709e-02	4.636770699039699517e-02	1.097549978218596844e-01
9.288518810218145063e+02	1.359592952524280585e-01	8.065935964706257011e-02	3.248371156720909481e-01	2.059740152805669966e-01	9.642276567001191456e-02	4.637280750922959799e-02	1.097746409672367141e-01
9.433651916627801484e+02	1.359102813785631469e-01	8.061780501982070135e-02	3.248773698981691216e-01	2.059953807169328244e-01	9.642730601066708263e-02	4.637780596888885221e-02	1.097940510055850638e-01
9.578785023037459041e+02	1.358621968076862696e-01	8.057698435293349226e-02	3.249168391281269108e-01	2.060163012333027510e-01	9.643174724620133531e-02	4.638270474520443665e-02	1.098132264851715278e-01
9.723918129447120009e+02	1.358150204503058844e-01	8.053688671201079952e-02	3.249555410808729339e-01	2.060367876150617228e-01	9.643609174528355865e-02	4.638750613905005121e-02	1.098321662560417800e-01
9.869051235856777566e+02	1.357687320133719733e-01	8.049750109352107885e-02	3.249934929015999008e-01	2.060568503314947064e-01	9.644034182865596216e-02	4.639221237999689024e-02	1.098508694499861771e-01
1.001418434226643626e+03	1.357233119454831771e-01	8.045881645416876060e-02	3.250307111940435312e-01	2.060764995454844317e-01	9.644449976798356861e-02	4.639682562970153662e-02	1.098693354617616968e-01
1.015931744867609382e+03	1.356787413870326753e-01	8.042082173688203106e-02	3.250672120499478734e-01	2.060957451231697490e-01	9.644856778506082085e-02	4.640134798505349267e-02	1.098875639314801089e-01
1.030445055508575479e+03	1.356350021248173277e-01	8.038350589375761746e-02	3.251030110760378955e-01	2.061145966435034282e-01	9.645254805132610909e-02	4.640578148110447582e-02	1.099055547280799044e-01
1.044958366149541234e+03	1.355920765506803405e-01	8.034685790627521529e-02	3.251381234187623037e-01	2.061330634076612434e-01	9.645644268764128060e-02	4.641012809379935211e-02	1.099233079338070712e-01
1.059471676790506763e+03	1.355499476238005430e-01	8.031086680306240289e-02	3.251725637870392926e-01	2.061511544482645397e-01	9.646025376429782916e-02	4.641438974252657529e-02	1.099408238296356310e-01
1.073984987431472746e+03	1.355085988362784988e-01	8.027552167546335438e-02	3.252063464732112275e-01	2.061688785383878342e-01	9.646398330121695730e-02	4.641856829250376459e-02	1.099581028815651979e-01
1.088498298072438729e+03	1.354680141817035943e-01	8.024081169113905787e-02	3.252394853723890034e-01	2.061862442003308260e-01	9.646763326831413188e-02	4.642266555701286129e-02	1.099751457277373529e-01
1.103011608713404712e+03	1.354281781264173867e-01	8.020672610590409701e-02	3.252719940003481192e-01	2.062032597141393864e-01	9.647120558600268125e-02	4.642668329949749262e-02	1.099919531663176853e-01
1.117524919354370468e+03	1.353890755832161952e-01	8.017325427398445947e-02	3.253038855101179072e-01	2.062199331258660895e-01	9.647470212581404914e-02	4.643062323553407561e-02	1.100085261440940931e-01
1.132038229995336451e+03	1.353506918872607878e-01	8.014038565686242011e-02	3.253351727073909849e-01	2.062362722555640959e-01	9.647812471111538724e-02	4.643448703468688876e-02	1.100248657457463392e-01
1.146551540636302207e+03	1.353130127739834432e-01	8.010810983085771275e-02	3.253658680648654489e-01	2.062522847050122787e-01	9.648147511790698683e-02	4.643827632225645818e-02	1.100409731837445754e-01
1.161064851277267962e+03	1.352760243588039812e-01	8.007641649357929992e-02	3.253959837356196760e-01	2.062679778651710649e-01	9.648475507568504694e-02	4.644199268092971677e-02	1.100568497888381736e-01
1.175578161918233945e+03	1.352397131184831791e-01	8.004529546936854645e-02	3.254255315656086611e-01	2.062833589233719622e-01	9.648796626835653978e-02	4.644563765233927777e-02	1.100724970010987652e-01
1.190091472559199701e+03	1.352040658739604162e-01	8.001473671384246034e-02	3.254545231053619925e-01	2.062984348702440185e-01	9.649111033519489067e-02	4.644921273853903909e-02	1.100879163614841560e-01
1.204604783200165684e+03	1.351690697745357439e-01	7.998473031763424224e-02	3.254829696209536327e-01	2.063132125063826539e-01	9.649418887182678595e-02	4.645271940340198885e-02	1.101031095038919327e-01
1.219118093841131440e+03	1.351347122832714798e-01	7.995526650941940650e-02	3.255108821043080636e-01	2.063276984487669163e-01	9.649720343124125466e-02	4.645615907394607530e-02	1.101180781476738119e-01
1.233631404482097196e+03	1.351009811634990843e-01	7.992633565830559172e-02	3.255382712828989167e-01	2.063418991369322664e-01	9.650015552481404357e-02	4.645953314159319281e-02	1.101328240905839057e-01
1.248144715123063179e+03	1.350678644663302064e-01	7.989792827565764255e-02	3.255651476288913271e-01	2.063558208389057180e-01	9.650304662334055483e-02	4.646284296336600228e-02	1.101473492021355083e-01
1.262658025764028707e+03	1.350353505190781123e-01	7.987003501642081504e-02	3.255915213677743614e-01	2.063694696569117193e-01	9.650587815807204484e-02	4.646608986302679795e-02	1.101616554173431017e-01
1.277171336404994690e+03	1.350034279145071181e-01	7.984264667999964316e-02	3.256174024865239325e-01	2.063828515328560431e-01	9.650865152175046313e-02	4.646927513216232014e-02	1.101757447308275156e-01
1.291684647045960673e+03	1.349720855008338660e-01	7.981575421074343923e-02	3.256428007413339487e-01	2.063959722535962937e-01	9.651136806963762915e-02	4.647240003121815011e-02	1.101896191912637019e-01
1.306197957686926657e+03	1.349413123724129138e-01	7.978934869808464170e-02	3.256677256649495034e-01	2.064088374560067440e-01	9.651402912053569372e-02	4.647546579048582316e-02	1.102032808961517230e-01
1.320711268327892412e+03	1.349110978610447986e-01	7.976342137637099095e-02	3.256921865736311927e-01	2.064214526318455256e-01	9.651663595779570726e-02	4.647847361104581049e-02	1.102167319868930934e-01
1.335224578968857941e+03	1.348814315278508980e-01	7.973796362442851782e-02	3.257161925737794284e-01	2.064338231324320261e-01	9.651918983031211596e-02	4.648142466566890230e-02	1.102299746441552930e-01
1.349737889609823924e+03	1.348523031556651819e-01	7.971296696488866518e-02	3.257397525682424466e-01	2.064459541731424042e-01	9.652169195350107644e-02	4.648432009967873313e-02	1.102430110835087018e-01
1.364251200250789907e+03	1.348237027418971723e-01	7.968842306330906067e-02	3.257628752623313306e-01	2.064578508377302724e-01	9.652414351026085415e-02	4.648716103177773229e-02	1.102558435513208562e-01
1.378764510891755890e+03	1.347956204918250855e-01	7.966432372711439169e-02	3.257855691695615286e-01	2.064695180824805409e-01	9.652654565191322311e-02	4.648994855483846306e-02	1.102684743208939555e-01
1.393277821532721646e+03	1.347680468122822717e-01	7.964066090438153001e-02	3.258078426171410746e-01	2.064809607402026681e-01	9.652889949912464573e-02	4.649268373666264054e-02	1.102809056888323369e-01
1.407791132173687402e+03	1.347409723057029496e-01	7.961742668248969479e-02	3.258297037512205563e-01	2.064921835240707271e-01	9.653120614280631673e-02	4.649536762070939633e-02	1.102931399716275546e-01
1.422304442814653157e+03	1.347143877644973453e-01	7.959461328665505542e-02	3.258511605419215917e-01	2.065031910313168129e-01	9.653346664499277974e-02	4.649800122679462189e-02	1.103051795024490855e-01
1.436817753455619140e+03	1.346882841657283392e-01	7.957221307836645496e-02	3.258722207881579180e-01	2.065139877467836449e-01	9.653568203969831174e-02	4.650058555176302122e-02	1.103170266281296580e-01
1.451331064096585123e+03	1.346626526660648637e-01	7.955021855373770046e-02	3.258928921222618014e-01	2.065245780463429992e-01	9.653785333375110300e-02	4.650312157013411496e-02	1.103286837063347930e-01
1.465844374737550879e+03	1.346374845969899037e-01	7.952862234178960377e-02	3.259131820144270941e-01	2.065349662001854381e-01	9.653998150760492725e-02	4.650561023472388894e-02	1.103401531029064991e-01
1.480357685378516862e+03	1.346127714602418923e-01	7.950741720267404111e-02	3.259330977769811510e-01	2.065451563759870268e-01	9.654206751612830206e-02	4.650805247724303787e-02	1.103514371893719037e-01
1.494870996019482618e+03	1.345885049234718522e-01	7.948659602585068928e-02	3.259526465684942642e-01	2.065551526419581452e-01	9.654411228937131995e-02	4.651044920887319883e-02	1.103625383406078714e-01
1.509384306660448374e+03	1.345646768160988771e-01	7.946615182822593104e-02	3.259718353977368865e-01	2.065649589697799160e-01	9.654611673331009447e-02	4.651280132082215302e-02	1.103734589326534482e-01
1.523897617301414357e+03	1.345412791253492724e-01	7.944607775226235347e-02	3.259906711274927482e-01	2.065745792374325540e-01	9.654808173056925180e-02	4.651510968485918218e-02	1.103842013406620276e-01
1.538410927942380113e+03	1.345183039924649493e-01	7.942636706406647207e-02	3.260091604782353603e-01	2.065840172319207413e-01	9.655000814112277285e-02	4.651737515383130156e-02	1.103947679369858409e-01
1.552924238583346096e+03	1.344957437090693042e-01	7.940701315146127259e-02	3.260273100316760653e-01	2.065932766519002484e-01	9.655189680297325550e-02	4.651959856216155570e-02	1.104051610893858060e-01
1.567437549224311852e+03	1.344735907136785646e-01	7.938800952204927430e-02	3.260451262341895751e-01	2.066023611102099089e-01	9.655374853281041558e-02	4.652178072633000872e-02	1.104153831593598506e-01
1.581950859865277607e+03	1.344518375883486105e-01	7.936934980127163808e-02	3.260626154001236565e-01	2.066112741363131389e-01	9.655556412664870192e-02	4.652392244533834487e-02	1.104254365005835070e-01
1.596464170506243590e+03	1.344304770554477502e-01	7.935102773046748270e-02	3.260797837149989054e-01	2.066200191786528584e-01	9.655734436044503821e-02	4.652602450115875254e-02	1.104353234574568104e-01
1.610977481147209119e+03	1.344095019745470132e-01	7.933303716493782243e-02	3.260966372386031598e-01	2.066285996069234243e-01	9.655908999069674759e-02	4.652808765916792433e-02	1.104450463637515617e-01
1.625490791788175102e+03	1.343889053394199673e-01	7.931537207201724837e-02	3.261131819079867156e-01	2.066370187142628767e-01	9.656080175502029794e-02	4.653011266856657557e-02	1.104546075413539025e-01
1.640004102429141085e+03	1.343686802751452303e-01	7.929802652915680927e-02	3.261294235403627284e-01	2.066452797193691349e-01	9.656248037271139562e-02	4.653210026278545297e-02	1.104640092990968742e-01
1.654517413070107068e+03	1.343488200353050166e-01	7.928099472202039533e-02	3.261453678359160779e-01	2.066533857685430020e-01	9.656412654528678807e-02	4.653405115987820084e-02	1.104732539316781031e-01
1.669030723711072824e+03	1.343293179992739450e-01	7.926427094259719253e-02	3.261610203805268005e-01	2.066613399376615035e-01	9.656574095700848348e-02	4.653596606290158477e-02	1.104823437186581297e-01
1.683544034352038352e+03	1.343101676695924174e-01	7.924784958733213647e-02	3.261763866484099772e-01	2.066691452340835844e-01	9.656732427539072017e-02	4.653784566028381503e-02	1.104912809235350235e-01
1.698057344993004335e+03	1.342913626694202389e-01	7.923172515527594773e-02	3.261914720046769078e-01	2.066768045984919699e-01	9.656887715169031050e-02	4.653969062618135144e-02	1.105000677928909547e-01
1.712570655633970318e+03	1.342728967400653173e-01	7.921589224625656678e-02	3.262062817078205668e-01	2.066843209066727693e-01	9.657040022138073387e-02	4.654150162082458519e-02	1.105087065556071557e-01
1.727083966274936301e+03	1.342547637385836934e-01	7.920034555907271012e-02	3.262208209121283953e-01	2.066916969712362107e-01	9.657189410461065882e-02	4.654327929085301518e-02	1.105171994221430531e-01
1.741597276915902057e+03	1.342369576354469352e-01	7.918507988971104639e-02	3.262350946700255938e-01	2.066989355432801989e-01	9.657335940664722729e-02	4.654502426964016865e-02	1.105255485838765872e-01
1.756110587556867813e+03	1.342194725122735910e-01	7.917009012958758918e-02	3.262491079343516343e-01	2.067060393139994456e-01	9.657479671830473955e-02	4.654673717760883511e-02	1.105337562125019851e-01
1.770623898197833569e+03	1.342023025596213170e-01	7.915537126381405608e-02	3.262628655605727124e-01	2.067130109162421125e-01	9.657620661635897552e-02	4.654841862253680795e-02	1.105418244594818938e-01
1.785137208838799552e+03	1.341854420748369026e-01	7.914091836948974890e-02	3.262763723089325274e-01	2.067198529260160234e-01	9.657758966394799915e-02	4.655006919985371638e-02	1.105497554555509576e-01
1.799650519479765535e+03	1.341688854599611680e-01	7.912672661401955188e-02	3.262896328465441642e-01	2.067265678639466087e-01	9.657894641095947363e-02	4.655168949292904507e-02	1.105575513102678431e-01
1.814163830120731291e+03	1.341526272196868486e-01	7.911279125345802021e-02	3.263026517494244660e-01	2.067331581966883047e-01	9.658027739440522286e-02	4.655328007335195195e-02	1.105652141116130888e-01
1.828677140761696819e+03	1.341366619593661325e-01	7.909910763088007224e-02	3.263154335044739507e-01	2.067396263382911825e-01	9.658158313878353884e-02	4.655484150120287740e-02	1.105727459256301143e-01
1.843190451402663257e+03	1.341209843830670767e-01	7.908567117477838249e-02	3.263279825114038246e-01	2.067459746515246666e-01	9.658286415642933220e-02	4.655637432531754827e-02	1.105801487961070445e-01
1.857703762043628785e+03	1.341055892916755699e-01	7.907247739748732296e-02	3.263403030846119823e-01	2.067522054491599537e-01	9.658412094785281954e-02	4.655787908354341864e-02	1.105874247442968777e-01
1.872217072684594768e+03	1.340904715810417869e-01	7.905952189363378568e-02	3.263523994550097673e-01	2.067583209952126577e-01	9.658535400206705313e-02	4.655935630298900507e-02	1.105945757686739445e-01
1.886730383325560297e+03	1.340756262401694154e-01	7.904680033861445632e-02	3.263642757718016596e-01	2.067643235061471796e-01	9.658656379690472304e-02	4.656080650026619971e-02	1.106016038447244221e-01
1.901243693966526507e+03	1.340610483494454885e-01	7.903430848709978862e-02	3.263759361042189999e-01	2.067702151520443288e-01	9.658775079932457874e-02	4.656223018172597761e-02	1.106085109247689630e-01
1.915757004607492036e+03	1.340467330789099909e-01	7.902204217156418020e-02	3.263873844432094162e-01	2.067759980577334455e-01	9.658891546570777531e-02	4.656362784368762303e-02	1.106152989378156870e-01
1.930270315248458019e+03	1.340326756865636293e-01	7.900999730084234951e-02	3.263986247030838395e-01	2.067816743038904947e-01	9.659005824214467184e-02	4.656499997266169005e-02	1.106219697894414294e-01
1.944783625889424002e+03	1.340188715167119349e-01	7.899816985871170594e-02	3.264096607231221081e-01	2.067872459281032416e-01	9.659117956471223454e-02	4.656634704556703030e-02	1.106285253616998976e-01
1.959296936530389530e+03	1.340053159983455311e-01	7.898655590250022729e-02	3.264204962691383272e-01	2.067927149259047304e-01	9.659227985974258579e-02	4.656766952994194353e-02	1.106349675130548216e-01
1.973810247171355968e+03	1.339920046435545409e-01	7.897515156171980300e-02	3.264311350350082019e-01	2.067980832517764544e-01	9.659335954408268532e-02	4.656896788414977006e-02	1.106412980783367805e-01
1.988323557812321269e+03	1.339789330459761896e-01	7.896395303672471000e-02	3.264415806441582912e-01	2.068033528201219384e-01	9.659441902534596225e-02	4.657024255757902936e-02	1.106475188687221362e-01
2.002836868453287707e+03	1.339660968792750484e-01	7.895295659739465233e-02	3.264518366510197889e-01	2.068085255062120653e-01	9.659545870215563435e-02	4.657149399083831964e-02	1.106536316717327134e-01
2.017350179094252780e+03	1.339534918956545029e-01	7.894215858184235046e-02	3.264619065424466671e-01	2.068136031471031755e-01	9.659647896438045001e-02	4.657272261594622154e-02	1.106596382512549243e-01
2.031863489735218764e+03	1.339411139243986415e-01	7.893155539514505603e-02	3.264717937390998470e-01	2.068185875425286868e-01	9.659748019336282521e-02	4.657392885651619185e-02	1.106655403475771265e-01
2.046376800376184747e+03	1.339289588704438427e-01	7.892114350809982526e-02	3.264815015967986178e-01	2.068234804557653461e-01	9.659846276213995830e-02	4.657511312793678748e-02	1.106713396774439279e-01
2.060890111017150957e+03	1.339170227129790058e-01	7.891091945600219038e-02	3.264910334078404697e-01	2.068282836144750003e-01	9.659942703565782551e-02	4.657627583754728184e-02	1.106770379341265043e-01
2.075403421658116713e+03	1.339053015040739814e-01	7.890087983744753508e-02	3.265003924022890636e-01	2.068329987115226365e-01	9.660037337097848731e-02	4.657741738480887517e-02	1.106826367875076989e-01
2.089916732299082469e+03	1.338937913673350077e-01	7.889102131315535449e-02	3.265095817492326136e-01	2.068376274057717457e-01	9.660130211748113593e-02	4.657853816147154713e-02	1.106881378841809288e-01
2.104430042940048224e+03	1.338824884965870987e-01	7.888134060481537257e-02	3.265186045580131258e-01	2.068421713228573156e-01	9.660221361705666199e-02	4.657963855173675310e-02	1.106935428475620403e-01
2.118943353581013525e+03	1.338713891545818269e-01	7.887183449395573920e-02	3.265274638794272710e-01	2.068466320559378679e-01	9.660310820429640621e-02	4.658071893241613054e-02	1.106988532780131262e-01
2.133456664221980191e+03	1.338604896717308923e-01	7.886249982083246013e-02	3.265361627068995576e-01	2.068510111664266793e-01	9.660398620667501324e-02	4.658177967308628487e-02	1.107040707529774876e-01
2.147969974862945492e+03	1.338497864448638663e-01	7.885333348333999071e-02	3.265447039776289140e-01	2.068553101847032394e-01	9.660484794472784520e-02	4.658282113623971044e-02	1.107091968271248367e-01
2.162483285503912157e+03	1.338392759360102491e-01	7.884433243594242413e-02	3.265530905737091261e-01	2.068595306108054754e-01	9.660569373222280265e-02	4.658384367743213100e-02	1.107142330325061597e-01
2.176996596144877003e+03	1.338289546712048972e-01	7.883549368862498297e-02	3.265613253232244051e-01	2.068636739151033244e-01	9.660652387632720495e-02	4.658484764542625278e-02	1.107191808787173215e-01
2.191509906785843214e+03	1.338188192393163778e-01	7.882681430586542526e-02	3.265694110013198093e-01	2.068677415389545415e-01	9.660733867776946648e-02	4.658583338233200644e-02	1.107240418530708176e-01
2.206023217426809424e+03	1.338088662908978599e-01	7.881829140562497671e-02	3.265773503312480730e-01	2.068717348953429125e-01	9.660813843099602671e-02	4.658680122374352084e-02	1.107288174207750331e-01
2.220536528067775180e+03	1.337990925370597939e-01	7.880992215835844195e-02	3.265851459853935657e-01	2.068756553694998113e-01	9.660892342432368662e-02	4.658775149887274536e-02	1.107335090251203302e-01
2.235049838708740936e+03	1.337894947483639629e-01	7.880170378604310633e-02	3.265928005862729910e-01	2.068795043195095773e-01	9.660969394008728228e-02	4.658868453068000515e-02	1.107381180876714083e-01
2.249563149349706237e+03	1.337800697537385453e-01	7.879363356122615070e-02	3.266003167075145486e-01	2.068832830768989606e-01	9.661045025478327830e-02	4.658960063600141310e-02	1.107426460084654923e-01
2.264076459990672902e+03	1.337708144394136878e-01	7.878570880609006566e-02	3.266076968748153897e-01	2.068869929472113844e-01	9.661119263920883715e-02	4.659050012567336752e-02	1.107470941662155595e-01
2.278589770631638203e+03	1.337617257478772304e-01	7.877792689153587102e-02	3.266149435668787571e-01	2.068906352105667756e-01	9.661192135859719698e-02	4.659138330465410760e-02	1.107514639185183669e-01
2.293103081272604413e+03	1.337528006768496924e-01	7.877028523628369638e-02	3.266220592163299186e-01	2.068942111222067670e-01	9.661263667274895550e-02	4.659225047214248655e-02	1.107557566020667683e-01
2.307616391913570169e+03	1.337440362782789383e-01	7.876278130599054239e-02	3.266290462106133385e-01	2.068977219130261613e-01	9.661333883615960683e-02	4.659310192169399678e-02	1.107599735328657770e-01
2.322129702554535925e+03	1.337354296573532164e-01	7.875541261238459823e-02	3.266359068928698650e-01	2.069011687900911278e-01	9.661402809814348402e-02	4.659393794133410982e-02	1.107641160064519736e-01
2.336643013195502135e+03	1.337269779715329898e-01	7.874817671241612915e-02	3.266426435627953762e-01	2.069045529371444647e-01	9.661470470295421831e-02	4.659475881366913902e-02	1.107681852981160370e-01
2.351156323836467891e+03	1.337186784296005571e-01	7.874107120742433741e-02	3.266492584774814967e-01	2.069078755150980387e-01	9.661536888990170102e-02	4.659556481599446548e-02	1.107721826631277995e-01
2.365669634477433647e+03	1.337105282907274928e-01	7.873409374232004376e-02	3.266557538522377180e-01	2.069111376625132337e-01	9.661602089346586764e-02	4.659635622040041170e-02	1.107761093369635935e-01
2.380182945118399402e+03	1.337025248635593244e-01	7.872724200478388445e-02	3.266621318613970870e-01	2.069143404960695487e-01	9.661666094340735922e-02	4.659713329387570047e-02	1.107799665355355540e-01
2.394696255759364703e+03	1.336946655053171673e-01	7.872051372447946838e-02	3.266683946391039095e-01	2.069174851110218150e-01	9.661728926487496427e-02	4.659789629840861702e-02	1.107837554554225862e-01
2.409209566400331823e+03	1.336869476209160412e-01	7.871390667228170268e-02	3.266745442800857990e-01	2.069205725816461172e-01	9.661790607851027113e-02	4.659864549108590215e-02	1.107874772741026803e-01
2.423722877041296670e+03	1.336793686620995347e-01	7.870741865951938476e-02	3.266805828404094059e-01	2.069236039616751122e-01	9.661851160054935050e-02	4.659938112418950812e-02	1.107911331501862523e-01
2.438236187682262880e+03	1.336719261265903735e-01	7.870104753723226876e-02	3.266865123382198810e-01	2.069265802847227720e-01	9.661910604292178739e-02	4.660010344529118276e-02	1.107947242236503038e-01
2.452749498323228636e+03	1.336646175572565598e-01	7.869479119544206536e-02	3.266923347544659073e-01	2.069295025646989972e-01	9.661968961334695127e-02	4.660081269734495796e-02	1.107982516160731790e-01
2.467262808964194392e+03	1.336574405412930822e-01	7.868864756243715286e-02	3.266980520336087990e-01	2.069323717962144871e-01	9.662026251542769895e-02	4.660150911877771612e-02	1.108017164308696956e-01
2.481776119605160602e+03	1.336503927094186417e-01	7.868261460407074970e-02	3.267036660843177787e-01	2.069351889549758683e-01	9.662082494874160710e-02	4.660219294357764719e-02	1.108051197535263321e-01
2.496289430246126358e+03	1.336434717350868939e-01	7.867669032307240962e-02	3.267091787801504332e-01	2.069379549981716915e-01	9.662137710892981790e-02	4.660286440138094316e-02	1.108084626518363869e-01
2.510802740887092114e+03	1.336366753337125124e-01	7.867087275837215954e-02	3.267145919602198467e-01	2.069406708648492688e-01	9.662191918778348376e-02	4.660352371755650119e-02	1.108117461761348732e-01
2.525316051528057415e+03	1.336300012619112687e-01	7.866515998443757152e-02	3.267199074298472450e-01	2.069433374762827960e-01	9.662245137332789446e-02	4.660417111328889195e-02	1.108149713595329572e-01
2.539829362169024080e+03	1.336234473167541015e-01	7.865955011062321367e-02	3.267251269612023168e-01	2.069459557363329816e-01	9.662297384990468918e-02	4.660480680565949607e-02	1.108181392181518260e-01
2.554342672809989381e+03	1.336170113350348132e-01	7.865404128053220256e-02	3.267302522939299902e-01	2.069485265317984046e-01	9.662348679825155662e-02	4.660543100772593372e-02	1.108212507513558071e-01
2.568855983450955591e+03	1.336106911925512009e-01	7.864863167138973210e-02	3.267352851357644972e-01	2.069510507327587123e-01	9.662399039558018654e-02	4.660604392859987039e-02	1.108243069419845572e-01
2.583369294091921347e+03	1.336044848033993149e-01	7.864331949342842631e-02	3.267402271631315580e-01	2.069535291929100740e-01	9.662448481565211189e-02	4.660664577352306021e-02	1.108273087565842252e-01
2.597882604732887103e+03	1.335983901192806522e-01	7.863810298928503029e-02	3.267450800217379103e-01	2.069559627498931964e-01	9.662497022885262188e-02	4.660723674394187666e-02	1.108302571456375035e-01
2.612395915373853313e+03	1.335924051288220060e-01	7.863298043340841148e-02	3.267498453271494574e-01	2.069583522256135122e-01	9.662544680226284322e-02	4.660781703758026112e-02	1.108331530437923346e-01
2.626909226014819069e+03	1.335865278569076942e-01	7.862795013147862166e-02	3.267545246653574265e-01	2.069606984265546512e-01	9.662591469972997560e-02	4.660838684851114494e-02	1.108359973700893397e-01
2.641422536655784825e+03	1.335807563640239448e-01	7.862301041983682515e-02	3.267591195933338133e-01	2.069630021440845014e-01	9.662637408193583410e-02	4.660894636722635875e-02	1.108387910281876387e-01
2.655935847296750580e+03	1.335750887456154112e-01	7.861815966492576024e-02	3.267636316395750584e-01	2.069652641547547189e-01	9.662682510646360134e-02	4.660949578070516797e-02	1.108415349065892397e-01
2.670449157937716336e+03	1.335695231314531772e-01	7.861339626274059522e-02	3.267680623046357868e-01	2.069674852205934945e-01	9.662726792786302532e-02	4.661003527248125389e-02	1.108442298788616803e-01
2.684962468578682547e+03	1.335640576850144756e-01	7.860871863829013706e-02	3.267724130616511125e-01	2.069696660893919071e-01	9.662770269771395193e-02	4.661056502270846669e-02	1.108468768038589625e-01
2.699475779219648302e+03	1.335586906028736198e-01	7.860412524506790732e-02	3.267766853568495056e-01	2.069718074949839226e-01	9.662812956468833092e-02	4.661108520822514201e-02	1.108494765259406267e-01
2.713989089860614058e+03	1.335534201141039268e-01	7.859961456453308515e-02	3.267808806100547248e-01	2.069739101575203966e-01	9.662854867461077857e-02	4.661159600261709224e-02	1.108520298751891203e-01
2.728502400501579814e+03	1.335482444796907697e-01	7.859518510560110915e-02	3.267850002151784228e-01	2.069759747837368880e-01	9.662896017051753050e-02	4.661209757627939043e-02	1.108545376676250555e-01
2.743015711142545115e+03	1.335431619919549839e-01	7.859083540414366076e-02	3.267890455407032047e-01	2.069780020672158938e-01	9.662936419271411781e-02	4.661259009647675255e-02	1.108570007054205386e-01
2.757529021783511780e+03	1.335381709739871248e-01	7.858656402249795947e-02	3.267930179301556937e-01	2.069799926886433661e-01	9.662976087883166920e-02	4.661307372740287891e-02	1.108594197771104878e-01
2.772042332424477081e+03	1.335332697790916900e-01	7.858236954898510651e-02	3.267969187025707711e-01	2.069819473160596224e-01	9.663015036388172829e-02	4.661354863023843553e-02	1.108617956578018676e-01
2.786555643065443292e+03	1.335284567902415842e-01	7.857825059743737961e-02	3.268007491529466568e-01	2.069838666051049547e-01	9.663053278030994675e-02	4.661401496320797394e-02	1.108641291093807324e-01
2.801068953706408593e+03	1.335237304195424635e-01	7.857420580673422916e-02	3.268045105526912741e-01	2.069857511992599930e-01	9.663090825804843131e-02	4.661447288163563657e-02	1.108664208807172147e-01
2.815582264347374803e+03	1.335190891077068787e-01	7.857023384034675373e-02	3.268082041500597335e-01	2.069876017300809612e-01	9.663127692456691120e-02	4.661492253799975893e-02	1.108686717078682799e-01
2.830095574988341014e+03	1.335145313235378273e-01	7.856633338589087689e-02	3.268118311705834333e-01	2.069894188174299376e-01	9.663163890492261487e-02	4.661536408198643094e-02	1.108708823142781907e-01
2.844608885629306769e+03	1.335100555634217423e-01	7.856250315468842060e-02	3.268153928174910572e-01	2.069912030697002303e-01	9.663199432180916149e-02	4.661579766054191332e-02	1.108730534109767935e-01
2.859122196270272525e+03	1.335056603508307516e-01	7.855874188133643576e-02	3.268188902721211320e-01	2.069929550840371446e-01	9.663234329560417557e-02	4.661622341792406171e-02	1.108751856967756244e-01
2.873635506911238281e+03	1.335013442358338187e-01	7.855504832328454035e-02	3.268223246943269267e-01	2.069946754465539218e-01	9.663268594441590253e-02	4.661664149575269617e-02	1.108772798584615332e-01
2.888148817552204036e+03	1.334971057946168771e-01	7.855142126041986250e-02	3.268256972228732460e-01	2.069963647325434031e-01	9.663302238412871392e-02	4.661705203305901990e-02	1.108793365709881545e-01
