0.000000000000000000e+00	1.431207753429218354e-01	8.483409117402339328e-02	3.175562958638576960e-01	2.042770403436399707e-01	9.600971784271201959e-02	4.476190828545932587e-02	1.094401711459762339e-01
1.451331064096584811e+01	1.428810580113025475e-01	8.473230067742247573e-02	3.180631289557924735e-01	2.040872843460988795e-01	9.601154137749993989e-02	4.486826004395118306e-02	1.093564265865230034e-01
2.902662128193169622e+01	1.426472841927038104e-01	8.463225504329367765e-02	3.185091358056379440e-01	2.039456161434586023e-01	9.601332382936653143e-02	4.496661640375514829e-02	1.092857685803747952e-01
4.353993192289755143e+01	1.424192785589687704e-01	8.453397377060715978e-02	3.189036342764979826e-01	2.038436955475603218e-01	9.601506621346642123e-02	4.505786812247405959e-02	1.092264835090157732e-01
5.805324256386339954e+01	1.421968746355163626e-01	8.443746461185570873e-02	3.192544562099638994e-01	2.037745511903438778e-01	9.601676951538049010e-02	4.514277967387855112e-02	1.091771041616515642e-01
7.256655320482924765e+01	1.419799139155488721e-01	8.434272578384581498e-02	3.195681860846050215e-01	2.037323587692119187e-01	9.601843469256528263e-02	4.522200886366209427e-02	1.091363718891514151e-01
8.707986384579510286e+01	1.417682450981369024e-01	8.424974780898301929e-02	3.198503612786009476e-01	2.037122550799463638e-01	9.602006267566078057e-02	4.529612331399562181e-02	1.091032047432667490e-01
1.015931744867609581e+02	1.415617234310843908e-01	8.415851504715207709e-02	3.201056401175293442e-01	2.037101820690752352e-01	9.602165436967641243e-02	4.536561432030803559e-02	1.090766706437648337e-01
1.161064851277267991e+02	1.413602101425049384e-01	8.406900696858665700e-02	3.203379428930392958e-01	2.037227560668388449e-01	9.602321065507161968e-02	4.543090850264692310e-02	1.090559647699020085e-01
1.306197957686926259e+02	1.411635719475838602e-01	8.398119920998345367e-02	3.205505702031349879e-01	2.037471581414777577e-01	9.602473238874530137e-02	4.549237760596103880e-02	1.090403905017038322e-01
1.451331064096584669e+02	1.409716806191361749e-01	8.389506444928600259e-02	3.207463022642610961e-01	2.037810421695686602e-01	9.602622040494590561e-02	4.555034674658897664e-02	1.090293433448034088e-01
1.596464170506243647e+02	1.407844126123673489e-01	8.381057312883620491e-02	3.209274822576580477e-01	2.038224577657903602e-01	9.602767551611232633e-02	4.560510135437201990e-02	1.090222973634539655e-01
1.741597276915902057e+02	1.406016487357502898e-01	8.372769405178669133e-02	3.210960862793785231e-01	2.038697856757825111e-01	9.602909851365433458e-02	4.565689301965376867e-02	1.090187937225841619e-01
1.886730383325560467e+02	1.404232738612008480e-01	8.364639487263741957e-02	3.212537820496823571e-01	2.039216836218940565e-01	9.603049016867956644e-02	4.570594442074144698e-02	1.090184310037545928e-01
2.031863489735219162e+02	1.402491766677990415e-01	8.356664249937996447e-02	3.214019781904646766e-01	2.039770409155534370e-01	9.603185123267379830e-02	4.575245347914320970e-02	1.090208570135761529e-01
2.176996596144877287e+02	1.400792494141995526e-01	8.348840342189831065e-02	3.215418655882006926e-01	2.040349404217438323e-01	9.603318243813931121e-02	4.579659686618720721e-02	1.090257618482213392e-01
2.322129702554535982e+02	1.399133877356283640e-01	8.341164397889730409e-02	3.216744521156027492e-01	2.040946266890402983e-01	9.603448449919638197e-02	4.583853296473854033e-02	1.090328720154865871e-01
2.467262808964194392e+02	1.397514904619964748e-01	8.333633057363637464e-02	3.218005917802339577e-01	2.041554792499135074e-01	9.603575811215153690e-02	4.587840437304484958e-02	1.090419454476134753e-01
2.612395915373852517e+02	1.395934594541945739e-01	8.326242984707425687e-02	3.219210091963741749e-01	2.042169902564410222e-01	9.603700395603607942e-02	4.591634002374308382e-02	1.090527672647269575e-01
2.757529021783511780e+02	1.394391994560822134e-01	8.318990881562825235e-02	3.220363201321689850e-01	2.042787457511565374e-01	9.603822269311770854e-02	4.595245697931672063e-02	1.090651461711197867e-01
2.902662128193169337e+02	1.392886179600625052e-01	8.311873497957650292e-02	3.221470487630583301e-01	2.043404099856711287e-01	9.603941496938783740e-02	4.598686195544118144e-02	1.090789113853927322e-01
3.047795234602828600e+02	1.391416250844525471e-01	8.304887640714588015e-02	3.222536421609340507e-01	2.044017122944140341e-01	9.604058141502676282e-02	4.601965261538989993e-02	1.090939100212270640e-01
3.192928341012487294e+02	1.389981334611274377e-01	8.298030179850207633e-02	3.223564824632751402e-01	2.044624361102926613e-01	9.604172264484853172e-02	4.605091867173984055e-02	1.091100048488044955e-01
3.338061447422145420e+02	1.388580581321430529e-01	8.291298053316634165e-02	3.224558970950303638e-01	2.045224097757191439e-01	9.604283925872716954e-02	4.608074282579788239e-02	1.091270723780061874e-01
3.483194553831804114e+02	1.387213164542329680e-01	8.284688270380215214e-02	3.225521673560410307e-01	2.045814988583611327e-01	9.604393184200583911e-02	4.610920157028934596e-02	1.091450012138576869e-01
3.628327660241463377e+02	1.385878280102368076e-01	8.278197913882963388e-02	3.226455356364794635e-01	2.046395997278713796e-01	9.604500096589006775e-02	4.613636587675500750e-02	1.091636906425278580e-01
3.773460766651120935e+02	1.384575145266532525e-01	8.271824141591746504e-02	3.227362114805581439e-01	2.046966341891912344e-01	9.604604718782611128e-02	4.616230178566801262e-02	1.091830494127759427e-01
3.918593873060780197e+02	1.383302997966260328e-01	8.265564186806084734e-02	3.228243766833423511e-01	2.047525450010214687e-01	9.604707105186573168e-02	4.618707091439935158e-02	1.092029946832743653e-01
4.063726979470438323e+02	1.382061096077692453e-01	8.259415358366831161e-02	3.229101895757746088e-01	2.048072921357330656e-01	9.604807308901792962e-02	4.621073089574262438e-02	1.092234511108843426e-01
4.208860085880095880e+02	1.380848716743201532e-01	8.253375040184059153e-02	3.229937886280847548e-01	2.048608496602077333e-01	9.604905381758864491e-02	4.623333575767926695e-02	1.092443500588689692e-01
4.353993192289755143e+02	1.379665155731784054e-01	8.247440690382461248e-02	3.230752954808308597e-01	2.049132031365711593e-01	9.605001374350910504e-02	4.625493625336286885e-02	1.092656289073130754e-01
4.499126298699413837e+02	1.378509726834492854e-01	8.241609840145783239e-02	3.231548174952614261e-01	2.049643474581153146e-01	9.605095336065332112e-02	4.627558014887223070e-02	1.092872304507806480e-01
4.644259405109071963e+02	1.377381761291602280e-01	8.235880092327808877e-02	3.232324498999541995e-01	2.050142850494048874e-01	9.605187315114543933e-02	4.629531247508374137e-02	1.093091023705635018e-01
4.789392511518730657e+02	1.376280607248611676e-01	8.230249119885663101e-02	3.233082775983266988e-01	2.050630243710525602e-01	9.605277358565748880e-02	4.631417574900733442e-02	1.093311967708282262e-01
4.934525617928388783e+02	1.375205629238575589e-01	8.224714664181412282e-02	3.233823766912390929e-01	2.051105786792829511e-01	9.605365512369792858e-02	4.633221016908538326e-02	1.093534697696131319e-01
5.079658724338048046e+02	1.374156207688554121e-01	8.219274533189774301e-02	3.234548157602044061e-01	2.051569649984859023e-01	9.605451821389134059e-02	4.634945378824500972e-02	1.093758811370103279e-01
5.224791830747705035e+02	1.373131738448239436e-01	8.213926599642881743e-02	3.235256569494183165e-01	2.052022032717361055e-01	9.605536329424996245e-02	4.636594266789891006e-02	1.093983939740340722e-01
5.369924937157364866e+02	1.372131632339055329e-01	8.208668799137368299e-02	3.235949568786871122e-01	2.052463156599385052e-01	9.605619079243707392e-02	4.638171101558989651e-02	1.094209744266582407e-01
5.515058043567023560e+02	1.371155314722214413e-01	8.203499128224303605e-02	3.236627674141913658e-01	2.052893259650234448e-01	9.605700112602279239e-02	4.639679130855466072e-02	1.094435914303332480e-01
5.660191149976681118e+02	1.370202225084385939e-01	8.198415642498511902e-02	3.237291363197025706e-01	2.053312591566101575e-01	9.605779470273258236e-02	4.641121440512974844e-02	1.094662164809911548e-01
5.805324256386339812e+02	1.369271816639781314e-01	8.193416454700595819e-02	3.237941078072473222e-01	2.053721409849072754e-01	9.605857192068874284e-02	4.642500964562622234e-02	1.094888234291363227e-01
5.950457362795999643e+02	1.368363555947580967e-01	8.188499732842159651e-02	3.238577230031717269e-01	2.054119976654258939e-01	9.605933316864505300e-02	4.643820494405100779e-02	1.095113882941165101e-01
6.095590469205657200e+02	1.367476922543742202e-01	8.183663698362543537e-02	3.239200203430073755e-01	2.054508556234351524e-01	9.606007882621497851e-02	4.645082687184320241e-02	1.095338890960895206e-01
6.240723575615315895e+02	1.366611408586318188e-01	8.178906624323464825e-02	3.239810359063933221e-01	2.054887412880626596e-01	9.606080926409361898e-02	4.646290073461797898e-02	1.095563057035558452e-01
6.385856682024975726e+02	1.365766518513501226e-01	8.174226833646440482e-02	3.240408037015152232e-01	2.055256809275953223e-01	9.606152484427359084e-02	4.647445064276248261e-02	1.095786196946286484e-01
6.530989788434633283e+02	1.364941768713681391e-01	8.169622697396550226e-02	3.240993559070080576e-01	2.055617005189219748e-01	9.606222592025513707e-02	4.648549957660363247e-02	1.096008142304674138e-01
6.676122894844290840e+02	1.364136687206864429e-01	8.165092633115104970e-02	3.241567230780020292e-01	2.055968256452195553e-01	9.606291283725058860e-02	4.649606944676287074e-02	1.096228739395173207e-01
6.821256001253949535e+02	1.363350813336859924e-01	8.160635103202880380e-02	3.242129343219294357e-01	2.056310814169574619e-01	9.606358593238338572e-02	4.650618115022422255e-02	1.096447848113805551e-01
6.966389107663608229e+02	1.362583697473690458e-01	8.156248613354909194e-02	3.242680174488118960e-01	2.056644924121087403e-01	9.606424553488189522e-02	4.651585462256790232e-02	1.096665340993013132e-01
7.111522214073266923e+02	1.361834900725720221e-01	8.151931711047248619e-02	3.243219991000001468e-01	2.056970826321391221e-01	9.606489196626813443e-02	4.652510888675837758e-02	1.096881102303795819e-01
7.256655320482924481e+02	1.361103994661042038e-01	8.147682984075665935e-02	3.243749048587067918e-01	2.057288754709160061e-01	9.606552554054158255e-02	4.653396209882291329e-02	1.097095027227416447e-01
7.401788426892584312e+02	1.360390561037691792e-01	8.143501059145852317e-02	3.244267593451427567e-01	2.057598936941570367e-01	9.606614656435824573e-02	4.654243159071169006e-02	1.097307021089923840e-01
7.546921533302243006e+02	1.359694191542290542e-01	8.139384600514461277e-02	3.244775862986231107e-01	2.057901594274384460e-01	9.606675533720514248e-02	4.655053391059235657e-02	1.097516998653570858e-01
7.692054639711900563e+02	1.359014487536749638e-01	8.135332308680033597e-02	3.245274086486353293e-01	2.058196941511176159e-01	9.606735215157026497e-02	4.655828486079986034e-02	1.097724883459914869e-01
7.837187746121558121e+02	1.358351059812683559e-01	8.131342919122737378e-02	3.245762485765473215e-01	2.058485187008036732e-01	9.606793729310829366e-02	4.656569953363487446e-02	1.097930607219999438e-01
7.982320852531219089e+02	1.357703528353216005e-01	8.127415201091668651e-02	3.246241275693700357e-01	2.058766532722448583e-01	9.606851104080207926e-02	4.657279234518092031e-02	1.098134109247536766e-01
8.127453958940876646e+02	1.357071522101870875e-01	8.123547956438388618e-02	3.246710664667656898e-01	2.059041174296957211e-01	9.606907366712005847e-02	4.657957706729044106e-02	1.098335335931469453e-01
8.272587065350534203e+02	1.356454678738266417e-01	8.119740018495313905e-02	3.247170855023086000e-01	2.059309301169908180e-01	9.606962543816972844e-02	4.658606685787312213e-02	1.098534240244677107e-01
8.417720171760191761e+02	1.355852644460341372e-01	8.115990250997512367e-02	3.247622043398464275e-01	2.059571096706877547e-01	9.607016661384727707e-02	4.659227428960530104e-02	1.098730781285937042e-01
8.562853278169851592e+02	1.355265073772864426e-01	8.112297547046429247e-02	3.248064421056783835e-01	2.059826738347560193e-01	9.607069744798354960e-02	4.659821137716679135e-02	1.098924923852542257e-01
8.707986384579510286e+02	1.354691629281986887e-01	8.108660828114107322e-02	3.248498174171564612e-01	2.060076397763825617e-01	9.607121818848632366e-02	4.660388960310087036e-02	1.099116638041237326e-01
8.853119490989170117e+02	1.354131981495612369e-01	8.105079043086378665e-02	3.248923484082216762e-01	2.060320241025438703e-01	9.607172907747908719e-02	4.660931994238377146e-02	1.099305898875362342e-01
8.998252597398827675e+02	1.353585808629374776e-01	8.101551167343633286e-02	3.249340527523084110e-01	2.060558428770601358e-01	9.607223035143643008e-02	4.661451288578217361e-02	1.099492685956287297e-01
9.143385703808486369e+02	1.353052796418014181e-01	8.098076201877676961e-02	3.249749476829838502e-01	2.060791116379013521e-01	9.607272224131617466e-02	4.661947846207018659e-02	1.099676983137399672e-01
9.288518810218145063e+02	1.352532637931968262e-01	8.094653172443311284e-02	3.250150500126344766e-01	2.061018454145601142e-01	9.607320497268811987e-02	4.662422625917111985e-02	1.099858778219059141e-01
9.433651916627801484e+02	1.352025033398989717e-01	8.091281128743248174e-02	3.250543761494626982e-01	2.061240587453443129e-01	9.607367876585982958e-02	4.662876544428428555e-02	1.100038062663070554e-01
9.578785023037459041e+02	1.351529690030620345e-01	8.087959143645019611e-02	3.250929421130188124e-01	2.061457656944726269e-01	9.607414383599922891e-02	4.663310478305209700e-02	1.100214831325346393e-01
9.723918129447120009e+02	1.351046321853353327e-01	8.084686312428596144e-02	3.251307635484585457e-01	2.061669798688824939e-01	9.607460039325428636e-02	4.663725265781882429e-02	1.100389082205541907e-01
9.869051235856777566e+02	1.350574649544328820e-01	8.081461752063447135e-02	3.251678557396893154e-01	2.061877144346804802e-01	9.607504864286989243e-02	4.664121708502864255e-02	1.100560816212540205e-01
1.001418434226643626e+03	1.350114400271411053e-01	8.078284600513843672e-02	3.252042336215433815e-01	2.062079821331826990e-01	9.607548878530175474e-02	4.664500573180722920e-02	1.100730036944750773e-01
1.015931744867609382e+03	1.349665307537505077e-01	8.075154016071207919e-02	3.252399117910969029e-01	2.062277952965072547e-01	9.607592101632769777e-02	4.664862593176839073e-02	1.100896750484268438e-01
1.030445055508575479e+03	1.349227111028971915e-01	8.072069176712406979e-02	3.252749045182355414e-01	2.062471658626917614e-01	9.607634552715621501e-02	4.665208470008439662e-02	1.101060965204004038e-01
1.044958366149541234e+03	1.348799556468018024e-01	8.069029279482881067e-02	3.253092257555540989e-01	2.062661053903190600e-01	9.607676250453248135e-02	4.665538874785655349e-02	1.101222691586967867e-01
1.059471676790506763e+03	1.348382395468923356e-01	8.066033539903580407e-02	3.253428891476642937e-01	2.062846250726410313e-01	9.607717213084182584e-02	4.665854449582005486e-02	1.101381942056942065e-01
1.073984987431472746e+03	1.347975385397999493e-01	8.063081191400679748e-02	3.253759080399755144e-01	2.063027357511978133e-01	9.607757458421069263e-02	4.666155808741546951e-02	1.101538730819833223e-01
1.088498298072438729e+03	1.347578289237151006e-01	8.060171484757146232e-02	3.254082954870031741e-01	2.063204479289327820e-01	9.607797003860531204e-02	4.666443540125728151e-02	1.101693073715044741e-01
1.103011608713404712e+03	1.347190875450938741e-01	8.057303687585201657e-02	3.254400642602530147e-01	2.063377717828095148e-01	9.607835866392788748e-02	4.666718206302816058e-02	1.101844988076250836e-01
1.117524919354370468e+03	1.346812917857031777e-01	8.054477083818809002e-02	3.254712268557227173e-01	2.063547171759386178e-01	9.607874062611067301e-02	4.666980345682623238e-02	1.101994492601000575e-01
1.132038229995336451e+03	1.346444195499951479e-01	8.051690973225332504e-02	3.255017955010565123e-01	2.063712936692246314e-01	9.607911608720770547e-02	4.667230473599118246e-02	1.102141607228610543e-01
1.146551540636302207e+03	1.346084492528004939e-01	8.048944670935556656e-02	3.255317821623847085e-01	2.063875105325461701e-01	9.607948520548438565e-02	4.667469083343357000e-02	1.102286353025846710e-01
1.161064851277267962e+03	1.345733598073318160e-01	8.046237506991289756e-02	3.255611985508747308e-01	2.064033767554820098e-01	9.607984813550506098e-02	4.667696647149061073e-02	1.102428752079923913e-01
1.175578161918233945e+03	1.345391306134874621e-01	8.043568825909806763e-02	3.255900561290185902e-01	2.064189010575983030e-01	9.608020502821838782e-02	4.667913617133054305e-02	1.102568827398380941e-01
1.190091472559199701e+03	1.345057415464473716e-01	8.040937986264418136e-02	3.256183661166769383e-01	2.064340918983116613e-01	9.608055603104086184e-02	4.668120426192647748e-02	1.102706602815420323e-01
1.204604783200165684e+03	1.344731729455523050e-01	8.038344360280477718e-02	3.256461394968986900e-01	2.064489574863433985e-01	9.608090128793821127e-02	4.668317488861972731e-02	1.102842102904323662e-01
1.219118093841131440e+03	1.344414056034588523e-01	8.035787333446192671e-02	3.256733870215329785e-01	2.064635057887809488e-01	9.608124093950508315e-02	4.668505202129168141e-02	1.102975352895579630e-01
1.233631404482097196e+03	1.344104207555618935e-01	8.033266304137601233e-02	3.257001192166469328e-01	2.064777445397612821e-01	9.608157512304273118e-02	4.668683946216216352e-02	1.103106378600384047e-01
1.248144715123063179e+03	1.343802000696771859e-01	8.030780683257122965e-02	3.257263463877632659e-01	2.064916812487923303e-01	9.608190397263491334e-02	4.668854085323168035e-02	1.103235206339188146e-01
1.262658025764028707e+03	1.343507256359768864e-01	8.028329893885123580e-02	3.257520786249286093e-01	2.065053232087268875e-01	9.608222761922208255e-02	4.669015968338387917e-02	1.103361862874998600e-01
1.277171336404994690e+03	1.343219799571708506e-01	8.025913370943937863e-02	3.257773258076232525e-01	2.065186775034041633e-01	9.608254619067375935e-02	4.669169929516387568e-02	1.103486375351141469e-01
1.291684647045960673e+03	1.342939459389272117e-01	8.023530560873833040e-02	3.258020976095211130e-01	2.065317510149733693e-01	9.608285981185935021e-02	4.669316289124741948e-02	1.103608771233226399e-01
1.306197957686926657e+03	1.342666068805253854e-01	8.021180921320432422e-02	3.258264035031089301e-01	2.065445504309127156e-01	9.608316860471713405e-02	4.669455354061510799e-02	1.103729078255059198e-01
1.320711268327892412e+03	1.342399464657353103e-01	8.018863920833090020e-02	3.258502527641715663e-01	2.065570822507578064e-01	9.608347268832187482e-02	4.669587418444522825e-02	1.103847324368268101e-01
1.335224578968857941e+03	1.342139487539170395e-01	8.016579038573806715e-02	3.258736544761510756e-01	2.065693527925523965e-01	9.608377217895068545e-02	4.669712764173815367e-02	1.103963537695420577e-01
1.349737889609823924e+03	1.341885981713344667e-01	8.014325764036221711e-02	3.258966175343846472e-01	2.065813681990336104e-01	9.608406719014747632e-02	4.669831661468464706e-02	1.104077746486423484e-01
1.364251200250789907e+03	1.341638795026775799e-01	8.012103596774269865e-02	3.259191506502286395e-01	2.065931344435639194e-01	9.608435783278586328e-02	4.669944369378990767e-02	1.104189979078008116e-01
1.378764510891755890e+03	1.341397778827878307e-01	8.009912046140127417e-02	3.259412623550723143e-01	2.066046573358211458e-01	9.608464421513059073e-02	4.670051136276453380e-02	1.104300263856116820e-01
1.393277821532721646e+03	1.341162787885811780e-01	8.007750631031049227e-02	3.259629610042473202e-01	2.066159425272579564e-01	9.608492644289767792e-02	4.670152200319312163e-02	1.104408629221015625e-01
1.407791132173687402e+03	1.340933680311637288e-01	8.005618879644743613e-02	3.259842547808367574e-01	2.066269955163406169e-01	9.608520461931301104e-02	4.670247789899081847e-02	1.104515103554968986e-01
1.422304442814653157e+03	1.340710317481345892e-01	8.003516329242944816e-02	3.260051516993880405e-01	2.066378216535777745e-01	9.608547884516963067e-02	4.670338124065751689e-02	1.104619715192323021e-01
1.436817753455619140e+03	1.340492563960717642e-01	8.001442525922826399e-02	3.260256596095331694e-01	2.066484261463483185e-01	9.608574921888382581e-02	4.670423412933899510e-02	1.104722492391849997e-01
1.451331064096585123e+03	1.340280287431957762e-01	7.999397024395993316e-02	3.260457861995202378e-01	2.066588140635379767e-01	9.608601583654972911e-02	4.670503858070396141e-02	1.104823463311217502e-01
1.465844374737550879e+03	1.340073358622065613e-01	7.997379387774691817e-02	3.260655389996593434e-01	2.066689903399927530e-01	9.608627879199288513e-02	4.670579652864544073e-02	1.104922655983454211e-01
1.480357685378516862e+03	1.339871651232895922e-01	7.995389187364994321e-02	3.260849253856858976e-01	2.066789597807982548e-01	9.608653817682231979e-02	4.670650982881455193e-02	1.105020098295287634e-01
1.494870996019482618e+03	1.339675041872864791e-01	7.993426002466647029e-02	3.261039525820438878e-01	2.066887270653920416e-01	9.608679408048166615e-02	4.670718026199451034e-02	1.105115817967242953e-01
1.509384306660448374e+03	1.339483409990260554e-01	7.991489420179356817e-02	3.261226276650925349e-01	2.066982967515171299e-01	9.608704659029902728e-02	4.670780953732207863e-02	1.105209842535390258e-01
1.523897617301414357e+03	1.339296637808119750e-01	7.989579035215231551e-02	3.261409575662379545e-01	2.067076732790235905e-01	9.608729579153560407e-02	4.670839929536362706e-02	1.105302199334643465e-01
1.538410927942380113e+03	1.339114610260628280e-01	7.987694449717144818e-02	3.261589490749933762e-01	2.067168609735250961e-01	9.608754176743330988e-02	4.670895111105240888e-02	1.105392915483509320e-01
1.552924238583346096e+03	1.338937214931009145e-01	7.985835273082805830e-02	3.261766088419685850e-01	2.067258640499168854e-01	9.608778459926131665e-02	4.670946649649346943e-02	1.105482017870200867e-01
1.567437549224311852e+03	1.338764341990862361e-01	7.984001121794295774e-02	3.261939433817924172e-01	2.067346866157611929e-01	9.608802436636144917e-02	4.670994690364233676e-02	1.105569533140027538e-01
1.581950859865277607e+03	1.338595884140915127e-01	7.982191619252874959e-02	3.262109590759684208e-01	2.067433326745465594e-01	9.608826114619255232e-02	4.671039372686323216e-02	1.105655487683982197e-01
1.596464170506243590e+03	1.338431736553155893e-01	7.980406395618851179e-02	3.262276621756680650e-01	2.067518061288257103e-01	9.608849501437391472e-02	4.671080830537245598e-02	1.105739907628449648e-01
1.610977481147209119e+03	1.338271796814309578e-01	7.978645087656313639e-02	3.262440588044607237e-01	2.067601107832382767e-01	9.608872604472763757e-02	4.671119192557210420e-02	1.105822818825964171e-01
1.625490791788175102e+03	1.338115964870628949e-01	7.976907338582568674e-02	3.262601549609833729e-01	2.067682503474227718e-01	9.608895430932005988e-02	4.671154582327933374e-02	1.105904246846951683e-01
1.640004102429141085e+03	1.337964142973962489e-01	7.975192797922063537e-02	3.262759565215525570e-01	2.067762284388228733e-01	9.608917987850218445e-02	4.671187118585581194e-02	1.105984216972389911e-01
1.654517413070107068e+03	1.337816235629074868e-01	7.973501121364669209e-02	3.262914692427182906e-01	2.067840485853925658e-01	9.608940282094928509e-02	4.671216915424210997e-02	1.106062754187328717e-01
1.669030723711072824e+03	1.337672149542183386e-01	7.971831970628137642e-02	3.263066987637627259e-01	2.067917142282045262e-01	9.608962320369950072e-02	4.671244082490130095e-02	1.106139883175215471e-01
1.683544034352038352e+03	1.337531793570684024e-01	7.970185013324580792e-02	3.263216506091445313e-01	2.067992287239658611e-01	9.608984109219159686e-02	4.671268725167602998e-02	1.106215628312969962e-01
1.698057344993004335e+03	1.337395078674040449e-01	7.968559922830827091e-02	3.263363301908908665e-01	2.068065953474450824e-01	9.609005655030188053e-02	4.671290944756294888e-02	1.106290013666760969e-01
1.712570655633970318e+03	1.337261917865801286e-01	7.966956378162520780e-02	3.263507428109371777e-01	2.068138172938142894e-01	9.609026964038024088e-02	4.671310838640840152e-02	1.106363062988437451e-01
1.727083966274936301e+03	1.337132226166726501e-01	7.965374063851807240e-02	3.263648936634173658e-01	2.068208976809098043e-01	9.609048042328538486e-02	4.671328500452893301e-02	1.106434799712569667e-01
1.741597276915902057e+03	1.337005920558990424e-01	7.963812669828490565e-02	3.263787878369050488e-01	2.068278395514150658e-01	9.609068895841924030e-02	4.671344020226010640e-02	1.106505246954058302e-01
1.756110587556867813e+03	1.336882919941438375e-01	7.962271891304552318e-02	3.263924303166063634e-01	2.068346458749685812e-01	9.609089530376065114e-02	4.671357484543688099e-02	1.106574427506274438e-01
1.770623898197833569e+03	1.336763145085871074e-01	7.960751428661870521e-02	3.264058259865070255e-01	2.068413195502004920e-01	9.609109951589817067e-02	4.671368976680878582e-02	1.106642363839690085e-01
1.785137208838799552e+03	1.336646518594333255e-01	7.959250987343066686e-02	3.264189796314733161e-01	2.068478634067001110e-01	9.609130165006225799e-02	4.671378576739271260e-02	1.106709078100968913e-01
1.799650519479765535e+03	1.336532964857380934e-01	7.957770277745346288e-02	3.264318959393085473e-01	2.068542802069180675e-01	9.609150176015664180e-02	4.671386361776638796e-02	1.106774592112480665e-01
1.814163830120731291e+03	1.336422410013304862e-01	7.956309015117235539e-02	3.264445795027664521e-01	2.068605726480047535e-01	9.609169989878899032e-02	4.671392405930512720e-02	1.106838927372210818e-01
1.828677140761696819e+03	1.336314781908289617e-01	7.954866919458120078e-02	3.264570348215218298e-01	2.068667433635883457e-01	9.609189611730085956e-02	4.671396780536445081e-02	1.106902105054036189e-01
1.843190451402663257e+03	1.336210010057482245e-01	7.953443715420470406e-02	3.264692663040996146e-01	2.068727949254945964e-01	9.609209046579704483e-02	4.671399554241116581e-02	1.106964146008339034e-01
1.857703762043628785e+03	1.336108025606952687e-01	7.952039132214687445e-02	3.264812782697638083e-01	2.068787298454105861e-01	9.609228299317418287e-02	4.671400793110509070e-02	1.107025070762934355e-01
1.872217072684594768e+03	1.336008761296523240e-01	7.950652903516447489e-02	3.264930749503664464e-01	2.068845505764948800e-01	9.609247374714870171e-02	4.671400560733384583e-02	1.107084899524286292e-01
1.886730383325560297e+03	1.335912151423446492e-01	7.949284767376499361e-02	3.265046604921577611e-01	2.068902595149358647e-01	9.609266277428417380e-02	4.671398918320274207e-02	1.107143652178991244e-01
1.901243693966526507e+03	1.335818131806914555e-01	7.947934466132790254e-02	3.265160389575586519e-01	2.068958590014608190e-01	9.609285012001801685e-02	4.671395924798189131e-02	1.107201348295506343e-01
1.915757004607492036e+03	1.335726639753373746e-01	7.946601746324886972e-02	3.265272143268959093e-01	2.069013513227968837e-01	9.609303582868758409e-02	4.671391636901241207e-02	1.107258007126103450e-01
1.930270315248458019e+03	1.335637614022635311e-01	7.945286358610567645e-02	3.265381905001012441e-01	2.069067387130864855e-01	9.609321994355572716e-02	4.671386109257365249e-02	1.107313647609030338e-01
1.944783625889424002e+03	1.335550994794754975e-01	7.943988057684556181e-02	3.265489712983748460e-01	2.069120233552586008e-01	9.609340250683566509e-02	4.671379394471317920e-02	1.107368288370859932e-01
1.959296936530389530e+03	1.335466723637667164e-01	7.942706602199300914e-02	3.265595604658143025e-01	2.069172073823573599e-01	9.609358355971535370e-02	4.671371543204122512e-02	1.107421947729014672e-01
1.973810247171355968e+03	1.335384743475558633e-01	7.941441754687744714e-02	3.265699616710088793e-01	2.069222928788300442e-01	9.609376314238131378e-02	4.671362604249120615e-02	1.107474643694445621e-01
1.988323557812321269e+03	1.335304998557959866e-01	7.940193281488019950e-02	3.265801785086019926e-01	2.069272818817758375e-01	9.609394129404184859e-02	4.671352624604784010e-02	1.107526393974456597e-01
2.002836868453287707e+03	1.335227434429539228e-01	7.938960952669998905e-02	3.265902145008194313e-01	2.069321763821562465e-01	9.609411805294981734e-02	4.671341649544437369e-02	1.107577215975655699e-01
2.017350179094252780e+03	1.335151997900585197e-01	7.937744541963651090e-02	3.266000730989670475e-01	2.069369783259695783e-01	9.609429345642483966e-02	4.671329722683021518e-02	1.107627126807025492e-01
2.031863489735218764e+03	1.335078637018159986e-01	7.936543826689151926e-02	3.266097576848965844e-01	2.069416896153901675e-01	9.609446754087495879e-02	4.671316886041043670e-02	1.107676143283096298e-01
2.046376800376184747e+03	1.335007301037907101e-01	7.935358587688663701e-02	3.266192715724411388e-01	2.069463121098732983e-01	9.609464034181791625e-02	4.671303180105829816e-02	1.107724281927212340e-01
2.060890111017150957e+03	1.334937940396501155e-01	7.934188609259777702e-02	3.266286180088208702e-01	2.069508476272281516e-01	9.609481189390181588e-02	4.671288643890207648e-02	1.107771558974883636e-01
2.075403421658116713e+03	1.334870506684720792e-01	7.933033679090528700e-02	3.266378001760194549e-01	2.069552979446587782e-01	9.609498223092542701e-02	4.671273314988735187e-02	1.107817990377207712e-01
2.089916732299082469e+03	1.334804952621135299e-01	7.931893588195948475e-02	3.266468211921317311e-01	2.069596647997749006e-01	9.609515138585796035e-02	4.671257229631581298e-02	1.107863591804357506e-01
2.104430042940048224e+03	1.334741232026386837e-01	7.930768130856129250e-02	3.266556841126833088e-01	2.069639498915734621e-01	9.609531939085838581e-02	4.671240422736162162e-02	1.107908378649124503e-01
2.118943353581013525e+03	1.334679299798058605e-01	7.929657104555704050e-02	3.266643919319229261e-01	2.069681548813917527e-01	9.609548627729437575e-02	4.671222927956641957e-02	1.107952366030508368e-01
2.133456664221980191e+03	1.334619111886109488e-01	7.928560309924756466e-02	3.266729475840879360e-01	2.069722813938334460e-01	9.609565207576072077e-02	4.671204777731384483e-02	1.107995568797347646e-01
2.147969974862945492e+03	1.334560625268867706e-01	7.927477550681083507e-02	3.266813539446430936e-01	2.069763310176681859e-01	9.609581681609745407e-02	4.671186003328454961e-02	1.108038001531982952e-01
2.162483285503912157e+03	1.334503797929569302e-01	7.926408633573776841e-02	3.266896138314941966e-01	2.069803053067056919e-01	9.609598052740739305e-02	4.671166634889244856e-02	1.108079678553947206e-01
2.176996596144877003e+03	1.334448588833428428e-01	7.925353368328089121e-02	3.266977300061757461e-01	2.069842057806454139e-01	9.609614323807344483e-02	4.671146701470323126e-02	1.108120613923675862e-01
2.191509906785843214e+03	1.334394957905224721e-01	7.924311567591549310e-02	3.267057051750144603e-01	2.069880339259023150e-01	9.609630497577544006e-02	4.671126231083572861e-02	1.108160821446232402e-01
2.206023217426809424e+03	1.334342866007401929e-01	7.923283046881279823e-02	3.267135419902684190e-01	2.069917911964098689e-01	9.609646576750652258e-02	4.671105250734700065e-02	1.108200314675043541e-01
2.220536528067775180e+03	1.334292274918660592e-01	7.922267624532494668e-02	3.267212430512423937e-01	2.069954790144006851e-01	9.609662563958930315e-02	4.671083786460187431e-02	1.108239106915639011e-01
2.235049838708740936e+03	1.334243147313036448e-01	7.921265121648139729e-02	3.267288109053800294e-01	2.069990987711657349e-01	9.609678461769155522e-02	4.671061863362751393e-02	1.108277211229392323e-01
2.249563149349706237e+03	1.334195446739452617e-01	7.920275362049632173e-02	3.267362480493336552e-01	2.070026518277929828e-01	9.609694272684153604e-02	4.671039505645377399e-02	1.108314640437256249e-01
2.264076459990672902e+03	1.334149137601734203e-01	7.919298172228693422e-02	3.267435569300108367e-01	2.070061395158857842e-01	9.609709999144301629e-02	4.671016736643993778e-02	1.108351407123492338e-01
2.278589770631638203e+03	1.334104185139076693e-01	7.918333381300213247e-02	3.267507399456003325e-01	2.070095631382618540e-01	9.609725643528993499e-02	4.670993578858840395e-02	1.108387523639387945e-01
2.293103081272604413e+03	1.334060555406955118e-01	7.917380820956146370e-02	3.267577994465760693e-01	2.070129239696335000e-01	9.609741208158073533e-02	4.670970053984590392e-02	1.108423002106959238e-01
2.307616391913570169e+03	1.334018215258465090e-01	7.916440325420390223e-02	3.267647377366801331e-01	2.070162232572697603e-01	9.609756695293232565e-02	4.670946182939283292e-02	1.108457854422636168e-01
2.322129702554535925e+03	1.333977132326089055e-01	7.915511731404636930e-02	3.267715570738854991e-01	2.070194622216407210e-01	9.609772107139379071e-02	4.670921985892113187e-02	1.108492092260926765e-01
2.336643013195502135e+03	1.333937275003872491e-01	7.914594878065145389e-02	3.267782596713386112e-01	2.070226420570448200e-01	9.609787445845975606e-02	4.670897482290128216e-02	1.108525727078059075e-01
2.351156323836467891e+03	1.333898612430002850e-01	7.913689606960452871e-02	3.267848476982824213e-01	2.070257639322198306e-01	9.609802713508344696e-02	4.670872690883881573e-02	1.108558770115597586e-01
2.365669634477433647e+03	1.333861114469786224e-01	7.912795762009942890e-02	3.267913232809601110e-01	2.070288289909374690e-01	9.609817912168940046e-02	4.670847629752092334e-02	1.108591232404031041e-01
2.380182945118399402e+03	1.333824751699006494e-01	7.911913189453304018e-02	3.267976885034999945e-01	2.070318383525827921e-01	9.609833043818601095e-02	4.670822316325337620e-02	1.108623124766332235e-01
2.394696255759364703e+03	1.333789495387660839e-01	7.911041737810817209e-02	3.268039454087818818e-01	2.070347931127183294e-01	9.609848110397763155e-02	4.670796767408839228e-02	1.108654457821485195e-01
2.409209566400331823e+03	1.333755317484065506e-01	7.910181257844470237e-02	3.268100959992856214e-01	2.070376943436339212e-01	9.609863113797656453e-02	4.670770999204365559e-02	1.108685241987980019e-01
2.423722877041296670e+03	1.333722190599318513e-01	7.909331602519861781e-02	3.268161422379217140e-01	2.070405430948819014e-01	9.609878055861460766e-02	4.670745027331299482e-02	1.108715487487273027e-01
2.438236187682262880e+03	1.333690087992116524e-01	7.908492626968892381e-02	3.268220860488446067e-01	2.070433403937991801e-01	9.609892938385448946e-02	4.670718866846900602e-02	1.108745204347211244e-01
2.452749498323228636e+03	1.333658983553913380e-01	7.907664188453208953e-02	3.268279293182491663e-01	2.070460872460155310e-01	9.609907763120092983e-02	4.670692532265795921e-02	1.108774402405419690e-01
2.467262808964194392e+03	1.333628851794415038e-01	7.906846146328391778e-02	3.268336738951505005e-01	2.070487846359491679e-01	9.609922531771147858e-02	4.670666037578732888e-02	1.108803091312650646e-01
2.481776119605160602e+03	1.333599667827402024e-01	7.906038362008854792e-02	3.268393215921474582e-01	2.070514335272897744e-01	9.609937246000714584e-02	4.670639396270628851e-02	1.108831280536094477e-01
2.496289430246126358e+03	1.333571407356875793e-01	7.905240698933459209e-02	3.268448741861703088e-01	2.070540348634693772e-01	9.609951907428275486e-02	4.670612621337939807e-02	1.108858979362649100e-01
2.510802740887092114e+03	1.333544046663513172e-01	7.904453022531798823e-02	3.268503334192122134e-01	2.070565895681213131e-01	9.609966517631705896e-02	4.670585725305383823e-02	1.108886196902150872e-01
2.525316051528057415e+03	1.333517562591432504e-01	7.903675200191166705e-02	3.268557009990467055e-01	2.070590985455278421e-01	9.609981078148262246e-02	4.670558720242036499e-02	1.108912942090563153e-01
2.539829362169024080e+03	1.333491932535256497e-01	7.902907101224161679e-02	3.268609785999289086e-01	2.070615626810566046e-01	9.609995590475547966e-02	4.670531617776833844e-02	1.108939223693122256e-01
2.554342672809989381e+03	1.333467134427467338e-01	7.902148596836934547e-02	3.268661678632825973e-01	2.070639828415861139e-01	9.610010056072458562e-02	4.670504429113507550e-02	1.108965050307443440e-01
2.568855983450955591e+03	1.333443146726051298e-01	7.901399560098062991e-02	3.268712703983732148e-01	2.070663598759209523e-01	9.610024476360103096e-02	4.670477165044961687e-02	1.108990430366582208e-01
2.583369294091921347e+03	1.333419948402418398e-01	7.900659865908016277e-02	3.268762877829662905e-01	2.070686946151966690e-01	9.610038852722702085e-02	4.670449835967135227e-02	1.109015372142054118e-01
2.597882604732887103e+03	1.333397518929600178e-01	7.899929390969220866e-02	3.268812215639727015e-01	2.070709878732745757e-01	9.610053186508475676e-02	4.670422451892349697e-02	1.109039883746810590e-01
2.612395915373853313e+03	1.333375838270709490e-01	7.899208013756700564e-02	3.268860732580796680e-01	2.070732404471272436e-01	9.610067479030492965e-02	4.670395022462179441e-02	1.109063973138171844e-01
2.626909226014819069e+03	1.333354886867668398e-01	7.898495614489281502e-02	3.268908443523693697e-01	2.070754531172142310e-01	9.610081731567522711e-02	4.670367556959857669e-02	1.109087648120716807e-01
2.641422536655784825e+03	1.333334645630183113e-01	7.897792075101339737e-02	3.268955363049243501e-01	2.070776266478490391e-01	9.610095945364845182e-02	4.670340064322232171e-02	1.109110916349128478e-01
2.655935847296750580e+03	1.333315095924975380e-01	7.897097279215095633e-02	3.269001505454199319e-01	2.070797617875569374e-01	9.610110121635062619e-02	4.670312553151297064e-02	1.109133785330997379e-01
2.670449157937716336e+03	1.333296219565254237e-01	7.896411112113425890e-02	3.269046884757047522e-01	2.070818592694243510e-01	9.610124261558870840e-02	4.670285031725313757e-02	1.109156262429580458e-01
2.684962468578682547e+03	1.333277998800427300e-01	7.895733460713193208e-02	3.269091514703688084e-01	2.070839198114396984e-01	9.610138366285839173e-02	4.670257508009536401e-02	1.109178354866516975e-01
2.699475779219648302e+03	1.333260416306044638e-01	7.895064213539070008e-02	3.269135408773000129e-01	2.070859441168262094e-01	9.610152436935144593e-02	4.670229989666559167e-02	1.109200069724501775e-01
2.713989089860614058e+03	1.333243455173970526e-01	7.894403260697857583e-02	3.269178580182287575e-01	2.070879328743666092e-01	9.610166474596315567e-02	4.670202484066301313e-02	1.109221413949914997e-01
2.728502400501579814e+03	1.333227098902777796e-01	7.893750493853279870e-02	3.269221041892612090e-01	2.070898867587202541e-01	9.610180480329931496e-02	4.670174998295638369e-02	1.109242394355409028e-01
2.743015711142545115e+03	1.333211331388360343e-01	7.893105806201249075e-02	3.269262806614016137e-01	2.070918064307327722e-01	9.610194455168333261e-02	4.670147539167704420e-02	1.109263017622453551e-01
2.757529021783511780e+03	1.333196136914758523e-01	7.892469092445576762e-02	3.269303886810634996e-01	2.070936925377380999e-01	9.610208400116293515e-02	4.670120113230867565e-02	1.109283290303837710e-01
2.772042332424477081e+03	1.333181500145191323e-01	7.891840248774152633e-02	3.269344294705703313e-01	2.070955457138536904e-01	9.610222316151689759e-02	4.670092726777393816e-02	1.109303218826130644e-01
2.786555643065443292e+03	1.333167406113292264e-01	7.891219172835536866e-02	3.269384042286456182e-01	2.070973665802686714e-01	9.610236204226146883e-02	4.670065385851819573e-02	1.109322809492100520e-01
2.801068953706408593e+03	1.333153840214545138e-01	7.890605763715996535e-02	3.269423141308928082e-01	2.070991557455250931e-01	9.610250065265681096e-02	4.670038096259027105e-02	1.109342068483091664e-01
2.815582264347374803e+03	1.333140788197911819e-01	7.889999921916954206e-02	3.269461603302651342e-01	2.071009138057928745e-01	9.610263900171311935e-02	4.670010863572056359e-02	1.109361001861361856e-01
2.830095574988341014e+03	1.333128236157652968e-01	7.889401549332836217e-02	3.269499439575258015e-01	2.071026413451381720e-01	9.610277709819674274e-02	4.669983693139641290e-02	1.109379615572377853e-01
2.844608885629306769e+03	1.333116170525330269e-01	7.888810549229338664e-02	3.269536661216984608e-01	2.071043389357854203e-01	9.610291495063603973e-02	4.669956590093500559e-02	1.109397915447072058e-01
2.859122196270272525e+03	1.333104578061993506e-01	7.888226826222077825e-02	3.269573279105081332e-01	2.071060071383734602e-01	9.610305256732722123e-02	4.669929559355375653e-02	1.109415907204058527e-01
2.873635506911238281e+03	1.333093445850543624e-01	7.887650286255611098e-02	3.269609303908130871e-01	2.071076465022056445e-01	9.610318995633995720e-02	4.669902605643833082e-02	1.109433596451810250e-01
2.888148817552204036e+03	1.333082761288269524e-01	7.887080836582854859e-02	3.269644746090277776e-01	2.071092575654941426e-01	9.610332712552289991e-02	4.669875733480845920e-02	1.109450988690796891e-01
