0.000000000000000000e+00	1.413735243123643570e-01	8.241488984184520972e-02	3.220311193445423159e-01	2.024064520193882277e-01	9.603557077568350420e-02	4.655821191256859226e-02	1.091802317920966131e-01
1.451331064096584811e+01	1.411223579111106907e-01	8.237440992797046002e-02	3.221029122514428855e-01	2.032678451409211384e-01	9.603711128217885806e-02	4.592628733786707079e-02	1.091690761469977511e-01
2.902662128193169622e+01	1.408833895362128774e-01	8.233437828156267568e-02	3.221772761959949549e-01	2.035536134287632415e-01	9.603860876668289526e-02	4.584739057658463596e-02	1.091653432126875878e-01
4.353993192289755143e+01	1.406528960661086181e-01	8.229479323628795251e-02	3.222516975353996727e-01	2.037320794171197935e-01	9.604006495990970171e-02	4.586361162319656237e-02	1.091648571604666162e-01
5.805324256386339954e+01	1.404299953550550151e-01	8.225565090773892529e-02	3.223257084757454316e-01	2.038854435913775021e-01	9.604148125877935704e-02	4.589497874662217675e-02	1.091667416631705301e-01
7.256655320482924765e+01	1.402143113309543276e-01	8.221694700117423982e-02	3.223992011682136338e-01	2.040283904658716785e-01	9.604285896207299944e-02	4.592758528211528246e-02	1.091707057880867415e-01
8.707986384579510286e+01	1.400055654034886576e-01	8.217867713184393019e-02	3.224721328571727996e-01	2.041637862052300412e-01	9.604419931324685578e-02	4.595907001685010929e-02	1.091765690706565650e-01
1.015931744867609581e+02	1.398035046378439117e-01	8.214083688502243907e-02	3.225444742105946783e-01	2.042924161244110692e-01	9.604550350946323978e-02	4.598908657888824136e-02	1.091841780522654209e-01
1.161064851277267991e+02	1.396078888183977795e-01	8.210342183028225549e-02	3.226162001687592484e-01	2.044146876771859023e-01	9.604677270464775929e-02	4.601763752506946026e-02	1.091933912741465951e-01
1.306197957686926259e+02	1.394184878249232762e-01	8.206642752752542347e-02	3.226872882320264702e-01	2.045309288627853161e-01	9.604800801143681399e-02	4.604478327986513686e-02	1.092040762599266190e-01
1.451331064096584669e+02	1.392350808284357200e-01	8.202984953134438706e-02	3.227577180550144087e-01	2.046414410571189557e-01	9.604921050286928386e-02	4.607059140929535557e-02	1.092161086144110005e-01
1.596464170506243647e+02	1.390574558211989942e-01	8.199368339487379809e-02	3.228274712748049335e-01	2.047465088808559375e-01	9.605038121397410644e-02	4.609512790104532132e-02	1.092293715117360342e-01
1.741597276915902057e+02	1.388854092204353519e-01	8.195792467334789277e-02	3.228965313854200714e-01	2.048464025254828069e-01	9.605152114328337210e-02	4.611845578050312311e-02	1.092437552700165210e-01
1.886730383325560467e+02	1.387187454994737168e-01	8.192256892741242580e-02	3.229648836254723765e-01	2.049413787310128410e-01	9.605263125427848658e-02	4.614063500223451048e-02	1.092591569586047057e-01
2.031863489735219162e+02	1.385572768375503694e-01	8.188761172621024376e-02	3.230325148729427664e-01	2.050316814995770676e-01	9.605371247677328694e-02	4.616172255778530631e-02	1.092754800276500293e-01
2.176996596144877287e+02	1.384008227860621665e-01	8.185304865025397336e-02	3.230994135457802563e-01	2.051175427358502001e-01	9.605476570823730242e-02	4.618177261499462755e-02	1.092926339573105504e-01
2.322129702554535982e+02	1.382492099502557192e-01	8.181887529409777315e-02	3.231655695078622936e-01	2.051991828490374870e-01	9.605579181506168629e-02	4.620083665682447882e-02	1.093105339253496872e-01
2.467262808964194392e+02	1.381022716855750399e-01	8.178508726881937585e-02	3.232309739800092174e-01	2.052768113237700143e-01	9.605679163377064955e-02	4.621896361441122508e-02	1.093291004921337073e-01
2.612395915373852517e+02	1.379598478079589741e-01	8.175168020432277416e-02	3.232956194557894958e-01	2.053506272624070483e-01	9.605776597218093626e-02	4.623619999369664446e-02	1.093482593021333771e-01
2.757529021783511780e+02	1.378217843174223411e-01	8.171864975147187515e-02	3.233594996218674966e-01	2.054208199003348667e-01	9.605871561051149143e-02	4.625258999579599795e-02	1.093679408010851534e-01
2.902662128193169337e+02	1.376879331342860113e-01	8.168599158406436578e-02	3.234226092826596455e-01	2.054875690956361189e-01	9.605964130244586119e-02	4.626817563138636846e-02	1.093880799680108373e-01
3.047795234602828600e+02	1.375581518474542908e-01	8.165370140065476845e-02	3.234849442890762039e-01	2.055510457944108582e-01	9.606054377614936524e-02	4.628299682940822252e-02	1.094086160613355480e-01
3.192928341012487294e+02	1.374323034741655458e-01	8.162177492623545749e-02	3.235465014711383369e-01	2.056114124729622461e-01	9.606142373524304001e-02	4.629709154036241309e-02	1.094294923783822177e-01
3.338061447422145420e+02	1.373102562306713070e-01	8.159020791378342186e-02	3.236072785742699076e-01	2.056688235579994251e-01	9.606228185973653133e-02	4.631049583447151979e-02	1.094506560275571860e-01
3.483194553831804114e+02	1.371918833133247417e-01	8.155899614568064282e-02	3.236672741990732627e-01	2.057234258259515725e-01	9.606311880692146310e-02	4.632324399496132172e-02	1.094720577125763011e-01
3.628327660241463377e+02	1.370770626895848887e-01	8.152813543501512272e-02	3.237264877444095967e-01	2.057753587824333041e-01	9.606393521222751641e-02	4.633536860670521562e-02	1.094936515281136197e-01
3.773460766651120935e+02	1.369656768984672535e-01	8.149762162676969790e-02	3.237849193536113113e-01	2.058247550228496370e-01	9.606473169004250967e-02	4.634690064046254748e-02	1.095153947662863558e-01
3.918593873060780197e+02	1.368576128599937602e-01	8.146745059890489471e-02	3.238425698636644978e-01	2.058717405750789542e-01	9.606550883449824219e-02	4.635786953293008494e-02	1.095372477334189132e-01
4.063726979470438323e+02	1.367527616932169565e-01	8.143761826334211529e-02	3.238994407572068912e-01	2.059164352251267593e-01	9.606626722022376663e-02	4.636830326281512343e-02	1.095591735765576724e-01
4.208860085880095880e+02	1.366510185424141821e-01	8.140812056685307885e-02	3.239555341171948544e-01	2.059589528265971525e-01	9.606700740306739483e-02	4.637822842312823435e-02	1.095811381192344225e-01
4.353993192289755143e+02	1.365522824110662892e-01	8.137895349186075045e-02	3.240108525840996734e-01	2.059994015947878565e-01	9.606772992078885243e-02	4.638767028988384500e-02	1.096031097060019971e-01
4.499126298699413837e+02	1.364564560032553164e-01	8.135011305715740548e-02	3.240653993155022672e-01	2.060378843861739862e-01	9.606843529372305346e-02	4.639665288738736848e-02	1.096250590552898391e-01
4.644259405109071963e+02	1.363634455721319250e-01	8.132159531854436796e-02	3.241191779479597468e-01	2.060744989640077296e-01	9.606912402541652185e-02	4.640519905027881697e-02	1.096469591201501281e-01
4.789392511518730657e+02	1.362731607751211382e-01	8.129339636939841851e-02	3.241721925610258626e-01	2.061093382507246941e-01	9.606979660323798631e-02	4.641333048249435267e-02	1.096687849564867562e-01
4.934525617928388783e+02	1.361855145355508612e-01	8.126551234116927147e-02	3.242244476433118194e-01	2.061424905678138908e-01	9.607045349896400910e-02	4.642106781329902176e-02	1.096905135983803348e-01
5.079658724338048046e+02	1.361004229104023633e-01	8.123793940381211776e-02	3.242759480604808231e-01	2.061740398637744720e-01	9.607109516934086990e-02	4.642843065053661733e-02	1.097121239401419451e-01
5.224791830747705035e+02	1.360178049638972320e-01	8.121067376615946631e-02	3.243266990250742721e-01	2.062040659307526058e-01	9.607172205662381503e-02	4.643543763123488682e-02	1.097335966247469791e-01
5.369924937157364866e+02	1.359375826466479864e-01	8.118371167623592011e-02	3.243767060680732839e-01	2.062326446104213173e-01	9.607233458909462953e-02	4.644210646969788858e-02	1.097549139383182104e-01
5.515058043567023560e+02	1.358596806801140311e-01	8.115704942151946710e-02	3.244259750121045172e-01	2.062598479896385895e-01	9.607293318155835093e-02	4.644845400321039042e-02	1.097760597103439872e-01
5.660191149976681118e+02	1.357840264461156465e-01	8.113068332915271408e-02	3.244745119462020821e-01	2.062857445863920391e-01	9.607351823582029049e-02	4.645449623547315277e-02	1.097970192193334776e-01
5.805324256386339812e+02	1.357105498811715660e-01	8.110460976610713024e-02	3.245223232020450488e-01	2.063103995265137824e-01	9.607409014114394463e-02	4.646024837788195749e-02	1.098177791036259732e-01
5.950457362795999643e+02	1.356391833754368448e-01	8.107882513930346480e-02	3.245694153315906161e-01	2.063338747116239547e-01	9.607464927469092086e-02	4.646572488875768542e-02	1.098383272770859093e-01
6.095590469205657200e+02	1.355698616760278308e-01	8.105332589569100299e-02	3.246157950860296681e-01	2.063562289787396475e-01	9.607519600194337761e-02	4.647093951062922917e-02	1.098586528494285980e-01
6.240723575615315895e+02	1.355025217945319271e-01	8.102810852228865823e-02	3.246614693959940512e-01	2.063775182519635987e-01	9.607573067710994952e-02	4.647590530566628186e-02	1.098787460509348668e-01
6.385856682024975726e+02	1.354371029185091058e-01	8.100316954619002363e-02	3.247064453529490691e-01	2.063977956866463459e-01	9.607625364351571329e-02	4.648063468935381692e-02	1.098985981613251756e-01
6.530989788434633283e+02	1.353735463268019024e-01	8.097850553453528333e-02	3.247507301917073597e-01	2.064171118063964083e-01	9.607676523397704060e-02	4.648513946249585582e-02	1.099182014425754139e-01
6.676122894844290840e+02	1.353117953084784497e-01	8.095411309445171844e-02	3.247943312740043664e-01	2.064355146332939039e-01	9.607726577116187938e-02	4.648943084163142947e-02	1.099375490754675860e-01
6.821256001253949535e+02	1.352517950852424322e-01	8.092998887296552757e-02	3.248372560730785619e-01	2.064530498116454171e-01	9.607775556793603233e-02	4.649351948794188533e-02	1.099566350996795117e-01
6.966389107663608229e+02	1.351934927371512551e-01	8.090612955688646080e-02	3.248795121592021884e-01	2.064697607256016920e-01	9.607823492769620999e-02	4.649741553472435535e-02	1.099754543572272064e-01
7.111522214073266923e+02	1.351368371314914940e-01	8.088253187266762623e-02	3.249211071861108913e-01	2.064856886109426304e-01	9.607870414469028841e-02	4.650112861350280680e-02	1.099940024390837212e-01
7.256655320482924481e+02	1.350817788546673781e-01	8.085919258624192640e-02	3.249620488782842265e-01	2.065008726613198065e-01	9.607916350432532671e-02	4.650466787884431630e-02	1.100122756348065334e-01
7.401788426892584312e+02	1.350282701469659175e-01	8.083610850283708127e-02	3.250023450190306362e-01	2.065153501292320837e-01	9.607961328346387164e-02	4.650804203194495307e-02	1.100302708850149913e-01
7.546921533302243006e+02	1.349762648400676945e-01	8.081327646677075038e-02	3.250420034393329272e-01	2.065291564219959297e-01	9.608005375070910459e-02	4.651125934304643078e-02	1.100479857365667391e-01
7.692054639711900563e+02	1.349257182971789482e-01	8.079069336122726708e-02	3.250810320074132842e-01	2.065423251929591475e-01	9.608048516667916372e-02	4.651432767274162744e-02	1.100654183002901382e-01
7.837187746121558121e+02	1.348765873556671269e-01	8.076835610801738619e-02	3.251194386189778518e-01	2.065548884281944719e-01	9.608090778427132161e-02	4.651725449222420677e-02	1.100825672111372527e-01
7.982320852531219089e+02	1.348288302720861143e-01	8.074626166732259969e-02	3.251572311881043564e-01	2.065668765288974640e-01	9.608132184891608751e-02	4.652004690253473684e-02	1.100994315906283078e-01
8.127453958940876646e+02	1.347824066694845724e-01	8.072440703742495005e-02	3.251944176387365215e-01	2.065783183897025033e-01	9.608172759882206704e-02	4.652271165285325888e-02	1.101160110114658003e-01
8.272587065350534203e+02	1.347372774868944023e-01	8.070278925442389562e-02	3.252310058967526896e-01	2.065892414731190230e-01	9.608212526521162089e-02	4.652525515788566435e-02	1.101323054642024124e-01
8.417720171760191761e+02	1.346934049309016501e-01	8.068140539194110228e-02	3.252670038825760668e-01	2.065996718802813881e-01	9.608251507254790547e-02	4.652768351438878874e-02	1.101483153258528414e-01
8.562853278169851592e+02	1.346507524292072933e-01	8.066025256081438277e-02	3.253024195042972244e-01	2.066096344181947708e-01	9.608289723875355903e-02	4.653000251687716693e-02	1.101640413303454219e-01
8.707986384579510286e+02	1.346092845860888121e-01	8.063932790878174106e-02	3.253372606512793253e-01	2.066191526636518838e-01	9.608327197542138043e-02	4.653221767255190378e-02	1.101794845407147588e-01
8.853119490989170117e+02	1.345689671396783360e-01	8.061862862015639619e-02	3.253715351882203732e-01	2.066282490239850778e-01	9.608363948801747212e-02	4.653433421549051791e-02	1.101946463229416667e-01
8.998252597398827675e+02	1.345297669209766234e-01	8.059815191549377089e-02	3.254052509496453416e-01	2.066369447948115390e-01	9.608399997607680598e-02	4.653635712013420855e-02	1.102095283213516130e-01
9.143385703808486369e+02	1.344916518145261863e-01	8.057789505125130536e-02	3.254384157348051421e-01	2.066452602149203288e-01	9.608435363339194735e-02	4.653829111410763553e-02	1.102241324354873847e-01
9.288518810218145063e+02	1.344545907206705082e-01	8.055785531944170685e-02	3.254710373029587323e-01	2.066532145184437619e-01	9.608470064819489564e-02	4.654014069040422058e-02	1.102384607983761533e-01
9.433651916627801484e+02	1.344185535193293257e-01	8.053803004728060655e-02	3.255031233690165449e-01	2.066608259844473217e-01	9.608504120333248577e-02	4.654191011896850749e-02	1.102525157561151936e-01
9.578785023037459041e+02	1.343835110352236406e-01	8.051841659682905383e-02	3.255346815995250886e-01	2.066681119840667047e-01	9.608537547643551668e-02	4.654360345770554297e-02	1.102662998487044660e-01
9.723918129447120009e+02	1.343494350044869001e-01	8.049901236463180565e-02	3.255657196089725147e-01	2.066750890253132578e-01	9.608570364008191256e-02	4.654522456294561683e-02	1.102798157920580335e-01
9.869051235856777566e+02	1.343162980426019504e-01	8.047981478135182720e-02	3.255962449563968852e-01	2.066817727956639650e-01	9.608602586195413853e-02	4.654677709939149255e-02	1.102930664611297684e-01
1.001418434226643626e+03	1.342840736136060031e-01	8.046082131140144811e-02	3.256262651422799359e-01	2.066881782025455916e-01	9.608634230499109308e-02	4.654826454957376736e-02	1.103060548740922020e-01
1.015931744867609382e+03	1.342527360005087433e-01	8.044202945257108994e-02	3.256557876057088463e-01	2.066943194118174842e-01	9.608665312753467136e-02	4.654969022283871050e-02	1.103187841775105371e-01
1.030445055508575479e+03	1.342222602768707307e-01	8.042343673565573170e-02	3.256848197217910301e-01	2.067002098843523927e-01	9.608695848347131863e-02	4.655105726389187348e-02	1.103312576324570332e-01
1.044958366149541234e+03	1.341926222794925516e-01	8.040504072407965441e-02	3.257133687993070126e-01	2.067058624108095155e-01	9.608725852236857379e-02	4.655236866091940623e-02	1.103434786015134450e-01
1.059471676790506763e+03	1.341637985821664825e-01	8.038683901352014494e-02	3.257414420785865183e-01	2.067112891446895584e-01	9.608755338960696391e-02	4.655362725330806917e-02	1.103554505366124983e-01
1.073984987431472746e+03	1.341357664704454500e-01	8.036882923153008951e-02	3.257690467295952241e-01	2.067165016337568495e-01	9.608784322650740228e-02	4.655483573898383520e-02	1.103671769676713710e-01
1.088498298072438729e+03	1.341085039173853244e-01	8.035100903716041465e-02	3.257961898502195752e-01	2.067215108499095289e-01	9.608812817045424282e-02	4.655599668138804548e-02	1.103786614919731041e-01
1.103011608713404712e+03	1.340819895602198553e-01	8.033337612058222277e-02	3.258228784647366205e-01	2.067263272175746680e-01	9.608840835501401834e-02	4.655711251610890333e-02	1.103899077642539334e-01
1.117524919354370468e+03	1.340562026779277272e-01	8.031592820270931632e-02	3.258491195224588188e-01	2.067309606407015388e-01	9.608868391005039034e-02	4.655818555718564677e-02	1.104009194874567418e-01
1.132038229995336451e+03	1.340311231696547090e-01	8.029866303482120771e-02	3.258749198965424920e-01	2.067354205284223645e-01	9.608895496183503249e-02	4.655921800310140746e-02	1.104117004041130362e-01
1.146551540636302207e+03	1.340067315339541487e-01	8.028157839818698960e-02	3.259002863829494334e-01	2.067397158194467510e-01	9.608922163315489207e-02	4.656021194248030626e-02	1.104222542883177699e-01
1.161064851277267962e+03	1.339830088488120075e-01	8.026467210369038485e-02	3.259252256995531227e-01	2.067438550052521917e-01	9.608948404341585703e-02	4.656116935950335017e-02	1.104325849382633423e-01
1.175578161918233945e+03	1.339599367524230977e-01	8.024794199145608709e-02	3.259497444853795556e-01	2.067478461521307931e-01	9.608974230874296751e-02	4.656209213905716793e-02	1.104426961693005943e-01
1.190091472559199701e+03	1.339374974246873296e-01	8.023138593047768330e-02	3.259738492999743054e-01	2.067516969221482592e-01	9.608999654207729668e-02	4.656298207162868491e-02	1.104525918074967111e-01
1.204604783200165684e+03	1.339156735693959044e-01	8.021500181824750553e-02	3.259975466228879348e-01	2.067554145930694809e-01	9.609024685326972293e-02	4.656384085795844258e-02	1.104622756836613484e-01
1.219118093841131440e+03	1.338944483970787303e-01	8.019878758038836986e-02	3.260208428532718750e-01	2.067590060773017713e-01	9.609049334917151020e-02	4.656467011346442086e-02	1.104717516278136968e-01
1.233631404482097196e+03	1.338738056084860517e-01	8.018274117028754977e-02	3.260437443095780541e-01	2.067624779399040436e-01	9.609073613372200173e-02	4.656547137244776424e-02	1.104810234640649647e-01
1.248144715123063179e+03	1.338537293786777882e-01	8.016686056873313648e-02	3.260662572293542838e-01	2.067658364157086148e-01	9.609097530803348275e-02	4.656624609209122911e-02	1.104900950058919085e-01
1.262658025764028707e+03	1.338342043416957117e-01	8.015114378355288338e-02	3.260883877691304611e-01	2.067690874255993516e-01	9.609121097047322591e-02	4.656699565626052500e-02	1.104989700517783474e-01
1.277171336404994690e+03	1.338152155757947881e-01	8.013558884925570114e-02	3.261101420043878152e-01	2.067722365919878458e-01	9.609144321674294165e-02	4.656772137911840970e-02	1.105076523812029560e-01
1.291684647045960673e+03	1.337967485892107844e-01	8.012019382667597001e-02	3.261315259296072022e-01	2.067752892535272835e-01	9.609167213995571666e-02	4.656842450856073928e-02	1.105161457509527823e-01
1.306197957686926657e+03	1.337787893064421585e-01	8.010495680262065543e-02	3.261525454583893979e-01	2.067782504791017828e-01	9.609189783071037105e-02	4.656910622948327860e-02	1.105244538917428410e-01
1.320711268327892412e+03	1.337613240550258320e-01	8.008987588951957393e-02	3.261732064236432249e-01	2.067811250811270596e-01	9.609212037716358124e-02	4.656976766688766117e-02	1.105325805051236010e-01
1.335224578968857941e+03	1.337443395527865009e-01	8.007494922507872592e-02	3.261935145778363521e-01	2.067839176281963121e-01	9.609233986509964354e-02	4.657040988883441590e-02	1.105405292606586043e-01
1.349737889609823924e+03	1.337278228955409431e-01	8.006017497193666788e-02	3.262134755933042696e-01	2.067866324571037695e-01	9.609255637799808680e-02	4.657103390925071418e-02	1.105483037933560619e-01
1.364251200250789907e+03	1.337117615452386166e-01	8.004555131732440931e-02	3.262330950626129988e-01	2.067892736842768531e-01	9.609276999709912004e-02	4.657164069059985256e-02	1.105559077013387043e-01
1.378764510891755890e+03	1.336961433185214765e-01	8.003107647272843239e-02	3.262523784989714848e-01	2.067918452166456200e-01	9.609298080146701226e-02	4.657223114641951406e-02	1.105633445437370216e-01
1.393277821532721646e+03	1.336809563756864438e-01	8.001674867355729193e-02	3.262713313366900625e-01	2.067943507619779964e-01	9.609318886805154336e-02	4.657280614373504601e-02	1.105706178387921984e-01
1.407791132173687402e+03	1.336661892100342586e-01	8.000256617881149057e-02	3.262899589316809457e-01	2.067967938387066384e-01	9.609339427174758141e-02	4.657336650535421479e-02	1.105777310621555015e-01
1.422304442814653157e+03	1.336518306375897580e-01	7.998852727075710101e-02	3.263082665619977951e-01	2.067991777852727364e-01	9.609359708545273104e-02	4.657391301204896750e-02	1.105846876453715905e-01
1.436817753455619140e+03	1.336378697871792309e-01	7.997463025460263553e-02	3.263262594284107587e-01	2.068015057690106850e-01	9.609379738012323313e-02	4.657444640463008489e-02	1.105914909745341068e-01
1.451331064096585123e+03	1.336242960908501642e-01	7.996087345817980141e-02	3.263439426550144851e-01	2.068037807945958817e-01	9.609399522482819922e-02	4.657496738591981877e-02	1.105981443891024679e-01
1.465844374737550879e+03	1.336110992746210036e-01	7.994725523162772574e-02	3.263613212898652804e-01	2.068060057120779394e-01	9.609419068680215281e-02	4.657547662262755128e-02	1.106046511808692484e-01
1.480357685378516862e+03	1.335982693495472995e-01	7.993377394708076067e-02	3.263784003056460770e-01	2.068081832245190488e-01	9.609438383149596086e-02	4.657597474713342373e-02	1.106110145930684213e-01
1.494870996019482618e+03	1.335857966030926935e-01	7.992042799836007738e-02	3.263951846003554369e-01	2.068103158952572240e-01	9.609457472262622479e-02	4.657646235918427857e-02	1.106172378196150635e-01
1.509384306660448374e+03	1.335736715907926420e-01	7.990721580066890983e-02	3.264116789980192057e-01	2.068124061548131110e-01	9.609476342222321443e-02	4.657694002750634860e-02	1.106233240044675881e-01
1.523897617301414357e+03	1.335618851281998032e-01	7.989413579029136514e-02	3.264278882494216494e-01	2.068144563074576225e-01	9.609494999067733079e-02	4.657740829133880101e-02	1.106292762411044406e-01
1.538410927942380113e+03	1.335504282831002643e-01	7.988118642429511973e-02	3.264438170328549660e-01	2.068164685374573875e-01	9.609513448678418113e-02	4.657786766189193906e-02	1.106350975721071134e-01
1.552924238583346096e+03	1.335392923679905586e-01	7.986836618023764045e-02	3.264594699548845069e-01	2.068184449150136106e-01	9.609531696778832177e-02	4.657831862373393306e-02	1.106407909888423580e-01
1.567437549224311852e+03	1.335284689328053997e-01	7.985567355587622207e-02	3.264748515511279314e-01	2.068203874019098332e-01	9.609549748942562697e-02	4.657876163610948084e-02	1.106463594312364629e-01
1.581950859865277607e+03	1.335179497578867780e-01	7.984310706888161913e-02	3.264899662870469066e-01	2.068222978568823867e-01	9.609567610596454756e-02	4.657919713419373525e-02	1.106518057876349909e-01
1.596464170506243590e+03	1.335077268471854539e-01	7.983066525655542478e-02	3.265048185587496321e-01	2.068241780407277797e-01	9.609585287024603739e-02	4.657962553028482250e-02	1.106571328947419247e-01
1.610977481147209119e+03	1.334977924216860512e-01	7.981834667555109952e-02	3.265194126938022467e-01	2.068260296211594240e-01	9.609602783372225843e-02	4.658004721493781003e-02	1.106623435376321990e-01
1.625490791788175102e+03	1.334881389130476437e-01	7.980614990159866362e-02	3.265337529520482840e-01	2.068278541774266621e-01	9.609620104649432837e-02	4.658046255804312169e-02	1.106674404498323577e-01
1.640004102429141085e+03	1.334787589574516209e-01	7.979407352923305330e-02	3.265478435264346779e-01	2.068296532047070035e-01	9.609637255734880534e-02	4.658087190985209930e-02	1.106724263134638564e-01
1.654517413070107068e+03	1.334696453896492274e-01	7.978211617152604351e-02	3.265616885438425432e-01	2.068314281182834224e-01	9.609654241379317341e-02	4.658127560195230582e-02	1.106773037594443870e-01
1.669030723711072824e+03	1.334607912372019756e-01	7.977027645982187609e-02	3.265752920659223957e-01	2.068331802575170131e-01	9.609671066209028722e-02	4.658167394819499874e-02	1.106820753677425773e-01
1.683544034352038352e+03	1.334521897149071323e-01	7.975855304347638508e-02	3.265886580899320379e-01	2.068349108896248567e-01	9.609687734729184527e-02	4.658206724557722306e-02	1.106867436676815947e-01
1.698057344993004335e+03	1.334438342194020077e-01	7.974694458959977195e-02	3.266017905495768314e-01	2.068366212132730642e-01	9.609704251327082225e-02	4.658245577508070279e-02	1.106913111382879095e-01
1.712570655633970318e+03	1.334357183239405220e-01	7.973544978280278084e-02	3.266146933158503574e-01	2.068383123619937369e-01	9.609720620275306879e-02	4.658283980246957778e-02	1.106957802086809828e-01
1.727083966274936301e+03	1.334278357733358900e-01	7.972406732494660697e-02	3.266273701978758548e-01	2.068399854074348398e-01	9.609736845734795363e-02	4.658321957904915100e-02	1.107001532585007719e-01
1.741597276915902057e+03	1.334201804790632606e-01	7.971279593489603854e-02	3.266398249437461043e-01	2.068416413624507844e-01	9.609752931757810368e-02	4.658359534238749877e-02	1.107044326183692501e-01
1.756110587556867813e+03	1.334127465145169278e-01	7.970163434827629012e-02	3.266520612413629232e-01	2.068432811840417718e-01	9.609768882290835312e-02	4.658396731700169269e-02	1.107086205703831233e-01
1.770623898197833569e+03	1.334055281104163659e-01	7.969058131723302796e-02	3.266640827192732743e-01	2.068449057761495014e-01	9.609784701177381816e-02	4.658433571501046505e-02	1.107127193486346084e-01
1.785137208838799552e+03	1.333985196503558457e-01	7.967963561019603125e-02	3.266758929475037654e-01	2.068465159923157382e-01	9.609800392160725013e-02	4.658470073675499701e-02	1.107167311397573850e-01
1.799650519479765535e+03	1.333917156664928549e-01	7.966879601164603142e-02	3.266874954383907625e-01	2.068481126382111235e-01	9.609815958886550047e-02	4.658506257138922413e-02	1.107206580834954740e-01
1.814163830120731291e+03	1.333851108353699133e-01	7.965806132188496536e-02	3.266988936474070626e-01	2.068496964740400568e-01	9.609831404905538887e-02	4.658542139744133170e-02	1.107245022732922662e-01
1.828677140761696819e+03	1.333786999738660328e-01	7.964743035680953154e-02	3.267100909739835135e-01	2.068512682168279770e-01	9.609846733675869723e-02	4.658577738334778590e-02	1.107282657568974260e-01
1.843190451402663257e+03	1.333724780352720518e-01	7.963690194768795194e-02	3.267210907623263605e-01	2.068528285425969837e-01	9.609861948565658063e-02	4.658613068796117057e-02	1.107319505369898788e-01
1.857703762043628785e+03	1.333664401054869830e-01	7.962647494094003686e-02	3.267318963022283196e-01	2.068543780884345984e-01	9.609877052855321511e-02	4.658648146103328697e-02	1.107355585718144547e-01
1.872217072684594768e+03	1.333605813993299360e-01	7.961614819792034448e-02	3.267425108298748770e-01	2.068559174544618573e-01	9.609892049739883479e-02	4.658682984367454316e-02	1.107390917758305088e-01
1.886730383325560297e+03	1.333548972569645885e-01	7.960592059470464332e-02	3.267529375286430393e-01	2.068574472057047031e-01	9.609906942331211677e-02	4.658717596879091011e-02	1.107425520203708935e-01
1.901243693966526507e+03	1.333493831404318763e-01	7.959579102187934463e-02	3.267631795298947539e-01	2.068589678738741167e-01	9.609921733660195531e-02	4.658751996149951280e-02	1.107459411343093419e-01
1.915757004607492036e+03	1.333440346302872948e-01	7.958575838433409877e-02	3.267732399137627253e-01	2.068604799590592069e-01	9.609936426678862553e-02	4.658786193952384191e-02	1.107492609047351362e-01
1.930270315248458019e+03	1.333388474223394238e-01	7.957582160105738933e-02	3.267831217099294028e-01	2.068619839313373676e-01	9.609951024262435026e-02	4.658820201356975166e-02	1.107525130776332439e-01
1.944783625889424002e+03	1.333338173244862646e-01	7.956597960493524968e-02	3.267928278983986412e-01	2.068634802323056354e-01	9.609965529211328406e-02	4.658854028768295852e-02	1.107556993585689237e-01
1.959296936530389530e+03	1.333289402536458612e-01	7.955623134255282447e-02	3.268023614102593122e-01	2.068649692765374415e-01	9.609979944253106698e-02	4.658887685958908176e-02	1.107588214133754384e-01
1.973810247171355968e+03	1.333242122327782941e-01	7.954657577399887325e-02	3.268117251284418101e-01	2.068664514529676701e-01	9.609994272044365682e-02	4.658921182101709996e-02	1.107618808688436707e-01
1.988323557812321269e+03	1.333196293879960193e-01	7.953701187267331330e-02	3.268209218884658984e-01	2.068679271262103270e-01	9.610008515172585586e-02	4.658954525800692442e-02	1.107648793134127646e-01
2.002836868453287707e+03	1.333151879457595834e-01	7.952753862509745475e-02	3.268299544791806177e-01	2.068693966378117310e-01	9.610022676157913002e-02	4.658987725120196377e-02	1.107678182978606291e-01
2.017350179094252780e+03	1.333108842301556907e-01	7.951815503072716396e-02	3.268388256434962558e-01	2.068708603074420616e-01	9.610036757454908096e-02	4.659020787612735970e-02	1.107706993359935527e-01
2.031863489735218764e+03	1.333067146602553710e-01	7.950886010176877461e-02	3.268475380791071028e-01	2.068723184340288956e-01	9.610050761454241863e-02	4.659053720345463639e-02	1.107735239053339732e-01
2.046376800376184747e+03	1.333026757475492263e-01	7.949965286299778833e-02	3.268560944392064904e-01	2.068737712968351516e-01	9.610064690484344807e-02	4.659086529925332565e-02	1.107762934478057210e-01
2.060890111017150957e+03	1.332987640934575058e-01	7.949053235158017039e-02	3.268644973331928383e-01	2.068752191564842691e-01	9.610078546813012601e-02	4.659119222523035869e-02	1.107790093704159595e-01
2.075403421658116713e+03	1.332949763869123450e-01	7.948149761689650428e-02	3.268727493273665963e-01	2.068766622559352064e-01	9.610092332648964564e-02	4.659151803895768273e-02	1.107816730459331850e-01
2.089916732299082469e+03	1.332913094020102274e-01	7.947254772036863035e-02	3.268808529456195822e-01	2.068781008214095329e-01	9.610106050143372991e-02	4.659184279408874751e-02	1.107842858135607150e-01
2.104430042940048224e+03	1.332877599957319747e-01	7.946368173528894907e-02	3.268888106701139940e-01	2.068795350632733898e-01	9.610119701391334202e-02	4.659216654056439616e-02	1.107868489796051126e-01
2.118943353581013525e+03	1.332843251057284073e-01	7.945489874665236096e-02	3.268966249419538728e-01	2.068809651768758473e-01	9.610133288433313214e-02	4.659248932480863914e-02	1.107893638181389334e-01
2.133456664221980191e+03	1.332810017481693976e-01	7.944619785099051035e-02	3.269042981618470178e-01	2.068823913433464334e-01	9.610146813256544018e-02	4.659281118991484560e-02	1.107918315716575342e-01
2.147969974862945492e+03	1.332777870156546529e-01	7.943757815620883234e-02	3.269118326907580752e-01	2.068838137303534719e-01	9.610160277796395145e-02	4.659313217582281008e-02	1.107942534517293853e-01
2.162483285503912157e+03	1.332746780751837279e-01	7.942903878142579255e-02	3.269192308505529110e-01	2.068852324928250885e-01	9.610173683937697775e-02	4.659345231948713167e-02	1.107966306396395428e-01
2.176996596144877003e+03	1.332716721661838799e-01	7.942057885681472196e-02	3.269264949246341034e-01	2.068866477736349130e-01	9.610187033516033595e-02	4.659377165503731516e-02	1.107989642870259445e-01
2.191509906785843214e+03	1.332687665985937964e-01	7.941219752344789995e-02	3.269336271585672749e-01	2.068880597042540570e-01	9.610200328319001839e-02	4.659409021392998951e-02	1.108012555165081847e-01
2.206023217426809424e+03	1.332659587510013621e-01	7.940389393314316313e-02	3.269406297606989864e-01	2.068894684053710631e-01	9.610213570087439150e-02	4.659440802509369484e-02	1.108035054223086013e-01
2.220536528067775180e+03	1.332632460688338849e-01	7.939566724831263744e-02	3.269475049027653624e-01	2.068908739874812941e-01	9.610226760516614453e-02	4.659472511506654313e-02	1.108057150708654098e-01
2.235049838708740936e+03	1.332606260625992800e-01	7.938751664181392664e-02	3.269542547204923877e-01	2.068922765514473738e-01	9.610239901257390527e-02	4.659504150812704415e-02	1.108078855014374420e-01
2.249563149349706237e+03	1.332580963061762436e-01	7.937944129680343797e-02	3.269608813141869907e-01	2.068936761890319831e-01	9.610252993917352271e-02	4.659535722641854061e-02	1.108100177267006825e-01
2.264076459990672902e+03	1.332556544351524153e-01	7.937144040659194211e-02	3.269673867493197994e-01	2.068950729834043989e-01	9.610266040061914150e-02	4.659567229006755795e-02	1.108121127333361738e-01
2.278589770631638203e+03	1.332532981452087539e-01	7.936351317450238141e-02	3.269737730570991263e-01	2.068964670096219149e-01	9.610279041215387397e-02	4.659598671729617281e-02	1.108141714826091778e-01
2.293103081272604413e+03	1.332510251905487109e-01	7.935565881372974584e-02	3.269800422350363500e-01	2.068978583350877531e-01	9.610291998862029172e-02	4.659630052452898991e-02	1.108161949109395528e-01
2.307616391913570169e+03	1.332488333823710347e-01	7.934787654720315553e-02	3.269861962475025807e-01	2.068992470199860767e-01	9.610304914447052871e-02	4.659661372649474831e-02	1.108181839304632765e-01
2.322129702554535925e+03	1.332467205873847371e-01	7.934016560744990010e-02	3.269922370262772215e-01	2.069006331176955205e-01	9.610317789377627318e-02	4.659692633632290387e-02	1.108201394295848657e-01
2.336643013195502135e+03	1.332446847263648315e-01	7.933252523646168453e-02	3.269981664710878699e-01	2.069020166751823209e-01	9.610330625023834339e-02	4.659723836563547938e-02	1.108220622735208438e-01
2.351156323836467891e+03	1.332427237727480951e-01	7.932495468556280405e-02	3.270039864501420590e-01	2.069033977333739616e-01	9.610343422719613837e-02	4.659754982463427952e-02	1.108239533048340636e-01
2.365669634477433647e+03	1.332408357512670782e-01	7.931745321528033132e-02	3.270096988006505612e-01	2.069047763275139173e-01	9.610356183763678339e-02	4.659786072218389391e-02	1.108258133439588705e-01
2.380182945118399402e+03	1.332390187366215284e-01	7.931002009521627427e-02	3.270153053293426981e-01	2.069061524874993285e-01	9.610368909420399786e-02	4.659817106589042579e-02	1.108276431897171760e-01
2.394696255759364703e+03	1.332372708521862570e-01	7.930265460392162125e-02	3.270208078129735463e-01	2.069075262382013003e-01	9.610381600920689382e-02	4.659848086217645985e-02	1.108294436198253990e-01
2.409209566400331823e+03	1.332355902687538118e-01	7.929535602877238465e-02	3.270262079988231485e-01	2.069088975997695479e-01	9.610394259462828881e-02	4.659879011635215118e-02	1.108312153913921655e-01
2.423722877041296670e+03	1.332339752033118163e-01	7.928812366584740701e-02	3.270315076051875658e-01	2.069102665879217207e-01	9.610406886213308797e-02	4.659909883268285868e-02	1.108329592414070558e-01
2.438236187682262880e+03	1.332324239178529490e-01	7.928095681980809606e-02	3.270367083218626014e-01	2.069116332142181824e-01	9.610419482307622219e-02	4.659940701445337841e-02	1.108346758872200827e-01
2.452749498323228636e+03	1.332309347182174530e-01	7.927385480377993621e-02	3.270418118106193095e-01	2.069129974863230803e-01	9.610432048851053066e-02	4.659971466402895030e-02	1.108363660270122869e-01
2.467262808964194392e+03	1.332295059529666481e-01	7.926681693923577632e-02	3.270468197056719539e-01	2.069143594082523685e-01	9.610444586919435206e-02	4.660002178291316327e-02	1.108380303402572431e-01
2.481776119605160602e+03	1.332281360122870573e-01	7.925984255588092164e-02	3.270517336141388620e-01	2.069157189806090091e-01	9.610457097559894912e-02	4.660032837180302923e-02	1.108396694881736699e-01
2.496289430246126358e+03	1.332268233269235658e-01	7.925293099153989107e-02	3.270565551164951179e-01	2.069170762008067654e-01	9.610469581791579452e-02	4.660063443064121902e-02	1.108412841141691724e-01
2.510802740887092114e+03	1.332255663671415846e-01	7.924608159204493685e-02	3.270612857670183171e-01	2.069184310632823931e-01	9.610482040606353749e-02	4.660093995866566863e-02	1.108428748442751161e-01
2.525316051528057415e+03	1.332243636417168309e-01	7.923929371112622966e-02	3.270659270942269936e-01	2.069197835596969792e-01	9.610494474969497047e-02	4.660124495445672199e-02	1.108444422875728558e-01
2.539829362169024080e+03	1.332232136969519198e-01	7.923256671030361187e-02	3.270704806013118859e-01	2.069211336791273448e-01	9.610506885820364886e-02	4.660154941598179668e-02	1.108459870366113043e-01
2.554342672809989381e+03	1.332221151157194639e-01	7.922589995878016877e-02	3.270749477665600979e-01	2.069224814082474273e-01	9.610519274073049678e-02	4.660185334063787765e-02	1.108475096678159522e-01
2.568855983450955591e+03	1.332210665165304564e-01	7.921929283333722926e-02	3.270793300437720985e-01	2.069238267315005597e-01	9.610531640617005211e-02	4.660215672529172126e-02	1.108490107418893950e-01
2.583369294091921347e+03	1.332200665526273031e-01	7.921274471823093466e-02	3.270836288626720045e-01	2.069251696312627287e-01	9.610543986317679477e-02	4.660245956631815095e-02	1.108504908042035608e-01
2.597882604732887103e+03	1.332191139111011668e-01	7.920625500509048678e-02	3.270878456293112579e-01	2.069265100879975894e-01	9.610556312017111413e-02	4.660276185963622975e-02	1.108519503851835980e-01
2.612395915373853313e+03	1.332182073120323773e-01	7.919982309281785315e-02	3.270919817264651974e-01	2.069278480804035425e-01	9.610568618534515162e-02	4.660306360074369103e-02	1.108533900006836853e-01
2.626909226014819069e+03	1.332173455076536839e-01	7.919344838748890170e-02	3.270960385140231352e-01	2.069291835855528450e-01	9.610580906666865708e-02	4.660336478474953747e-02	1.108548101523547241e-01
2.641422536655784825e+03	1.332165272815354906e-01	7.918713030225615901e-02	3.271000173293723279e-01	2.069305165790239209e-01	9.610593177189448444e-02	4.660366540640493993e-02	1.108562113280041617e-01
2.655935847296750580e+03	1.332157514477925742e-01	7.918086825725292877e-02	3.271039194877749523e-01	2.069318470350264560e-01	9.610605430856405951e-02	4.660396546013256813e-02	1.108575940019479456e-01
2.670449157937716336e+03	1.332150168503117293e-01	7.917466167949881173e-02	3.271077462827391424e-01	2.069331749265200804e-01	9.610617668401272295e-02	4.660426494005433240e-02	1.108589586353547207e-01
2.684962468578682547e+03	1.332143223619993710e-01	7.916851000280675232e-02	3.271114989863835865e-01	2.069345002253266674e-01	9.610629890537489284e-02	4.660456384001772367e-02	1.108603056765825184e-01
2.699475779219648302e+03	1.332136668840492033e-01	7.916241266769132034e-02	3.271151788497962953e-01	2.069358229022369156e-01	9.610642097958911612e-02	4.660486215362076579e-02	1.108616355615078958e-01
2.713989089860614058e+03	1.332130493452287345e-01	7.915636912127853309e-02	3.271187871033870431e-01	2.069371429271110174e-01	9.610654291340293975e-02	4.660515987423555218e-02	1.108629487138477338e-01
2.728502400501579814e+03	1.332124687011846387e-01	7.915037881721684321e-02	3.271223249572338121e-01	2.069384602689740837e-01	9.610666471337776795e-02	4.660545699503065853e-02	1.108642455454737913e-01
2.743015711142545115e+03	1.332119239337659355e-01	7.914444121558958378e-02	3.271257936014237422e-01	2.069397748961064321e-01	9.610678638589353895e-02	4.660575350899227171e-02	1.108655264567201398e-01
2.757529021783511780e+03	1.332114140503650457e-01	7.913855578282862069e-02	3.271291942063880298e-01	2.069410867761290185e-01	9.610690793715323532e-02	4.660604940894420845e-02	1.108667918366835481e-01
2.772042332424477081e+03	1.332109380832758871e-01	7.913272199162937892e-02	3.271325279232312200e-01	2.069423958760840399e-01	9.610702937318736649e-02	4.660634468756687243e-02	1.108680420635169972e-01
2.786555643065443292e+03	1.332104950890684592e-01	7.912693932086697912e-02	3.271357958840549474e-01	2.069437021625114281e-01	9.610715069985828474e-02	4.660663933741508724e-02	1.108692775047164930e-01
2.801068953706408593e+03	1.332100841479799680e-01	7.912120725551384515e-02	3.271389992022764037e-01	2.069450056015209038e-01	9.610727192286439013e-02	4.660693335093511747e-02	1.108704985174011337e-01
2.815582264347374803e+03	1.332097043633212186e-01	7.911552528655829697e-02	3.271421389729405882e-01	2.069463061588600883e-01	9.610739304774428005e-02	4.660722672048055876e-02	1.108717054485867243e-01
2.830095574988341014e+03	1.332093548608988265e-01	7.910989291092443421e-02	3.271452162730285607e-01	2.069476037999788132e-01	9.610751407988074591e-02	4.660751943832750627e-02	1.108728986354528961e-01
2.844608885629306769e+03	1.332090347884519743e-01	7.910430963139331029e-02	3.271482321617591449e-01	2.069488984900899053e-01	9.610763502450467288e-02	4.660781149668875856e-02	1.108740784056040374e-01
2.859122196270272525e+03	1.332087433151038502e-01	7.909877495652509194e-02	3.271511876808863017e-01	2.069501901942263355e-01	9.610775588669889791e-02	4.660810288772729987e-02	1.108752450773240056e-01
2.873635506911238281e+03	1.332084796308271313e-01	7.909328840058242605e-02	3.271540838549912844e-01	2.069514788772952862e-01	9.610787667140188728e-02	4.660839360356897054e-02	1.108763989598248040e-01
2.888148817552204036e+03	1.332082429459232331e-01	7.908784948345501387e-02	3.271569216917695755e-01	2.069527645041289721e-01	9.610799738341135878e-02	4.660868363631442968e-02	1.108775403534892345e-01
