0.000000000000000000e+00	4.572380672714841388e-01	2.882980466504236894e-01	1.113231451641886055e-01	6.600043769850058584e-02	3.750794199240087973e-02	1.336725183969013526e-02	2.626510938316803032e-02
1.451331064096584811e+01	4.513383590655583588e-01	2.850391450507329671e-01	1.154190483774086007e-01	6.845393120142037602e-02	3.863782736069676371e-02	1.362134853251679469e-02	2.749034041152219679e-02
2.902662128193169622e+01	4.455571543711813742e-01	2.818222627796744817e-01	1.194293717726316317e-01	7.086167860984013411e-02	3.972859189751194731e-02	1.388676617453077702e-02	2.871417439448569961e-02
4.353993192289755143e+01	4.398915587797821991e-01	2.786472747491235968e-01	1.233557527699361278e-01	7.322495908814831422e-02	4.078317386213813761e-02	1.416225992588966177e-02	2.993502082483800661e-02
5.805324256386339954e+01	4.343387727271359466e-01	2.755140321355384336e-01	1.271998553207173699e-01	7.554497941100242475e-02	4.180421726807168753e-02	1.444669514332900216e-02	3.115144799406114121e-02
7.256655320482924765e+01	4.288960872114663814e-01	2.724223639093732441e-01	1.309633598980537439e-01	7.782287976692220388e-02	4.279410273746694221e-02	1.473903695954723730e-02	3.236216951702628603e-02
8.707986384579510286e+01	4.235608797679787929e-01	2.693720782891697585e-01	1.346479548827475836e-01	8.005973906934771289e-02	4.375497510706449766e-02	1.503834090713966273e-02	3.356603197640802699e-02
1.015931744867609581e+02	4.183306106806099489e-01	2.663629641239099177e-01	1.382553291785371674e-01	8.225657981694418919e-02	4.468876812750980504e-02	1.534374447933676069e-02	3.476200359300828796e-02
1.161064851277267991e+02	4.132028194134625410e-01	2.633947922070208891e-01	1.417871659087691916e-01	8.441437254138633994e-02	4.559722656199872298e-02	1.565445953104940488e-02	3.594916383616897360e-02
1.306197957686926259e+02	4.081751212459126532e-01	2.604673165252470168e-01	1.452451370635479688e-01	8.653403987761087990e-02	4.648192595799353899e-02	1.596976543379098265e-02	3.712669389575295326e-02
1.451331064096584669e+02	4.032452040967531848e-01	2.575802754454359911e-01	1.486308989812619163e-01	8.861646028855929558e-02	4.734429033694765449e-02	1.628900290705827258e-02	3.829386794383971698e-02
1.596464170506243647e+02	3.984108255239814378e-01	2.547333928421319782e-01	1.519460885616295831e-01	9.066247147371978010e-02	4.818560802120264858e-02	1.661156845682007846e-02	3.945004512037054989e-02
1.741597276915902057e+02	3.936698098879662933e-01	2.519263791687250675e-01	1.551923201191846569e-01	9.267287348829619797e-02	4.900704579415919582e-02	1.693690935898405775e-02	4.059466218254052794e-02
1.886730383325560467e+02	3.890200456667520790e-01	2.491589324747686685e-01	1.583711827965923746e-01	9.464843159756149149e-02	4.980966156918759102e-02	1.726451913217714323e-02	4.172722676281661464e-02
2.031863489735219162e+02	3.844594829131820490e-01	2.464307393719508688e-01	1.614842384664982033e-01	9.658987888887694828e-02	5.059441572427947342e-02	1.759393344996255243e-02	4.284731118510591574e-02
2.176996596144877287e+02	3.799861308443658880e-01	2.437414759510846962e-01	1.645330200588848713e-01	9.849791866195813095e-02	5.136218124292069032e-02	1.792472644779804017e-02	4.395454679284365590e-02
2.322129702554535982e+02	3.755980555547788202e-01	2.410908086523713134e-01	1.675190302582625634e-01	1.003732266162297992e-01	5.211375278688237800e-02	1.825650738467922418e-02	4.504861874665184313e-02
2.467262808964194392e+02	3.712933778449723499e-01	2.384783950910824013e-01	1.704437405215460666e-01	1.022164528525208865e-01	5.284985481339954383e-02	1.858891762356543881e-02	4.612926125276921308e-02
2.612395915373852517e+02	3.670702711585095424e-01	2.359038848407085109e-01	1.733085903732687616e-01	1.040282237048940212e-01	5.357114883737076894e-02	1.892162789840491632e-02	4.719625318669926767e-02
2.757529021783511780e+02	3.629269596203095749e-01	2.333669201755257383e-01	1.761149869399280532e-01	1.058091434170709555e-01	5.427823992862224750e-02	1.925433583890630990e-02	4.824941407949291661e-02
2.902662128193169337e+02	3.588617161701104230e-01	2.308671367744427605e-01	1.788643046898194533e-01	1.075597956766948388e-01	5.497168252480296585e-02	1.958676372718585329e-02	4.928860043679951508e-02
3.047795234602828600e+02	3.548728607852352779e-01	2.284041643879059502e-01	1.815578853487657685e-01	1.092807450195528302e-01	5.565198563199908605e-02	1.991865646309013207e-02	5.031370236330671986e-02
3.192928341012487294e+02	3.509587587872814440e-01	2.259776274695596276e-01	1.841970379657351387e-01	1.109725381148593398e-01	5.631961747756845937e-02	2.024977971738631949e-02	5.132464046746537667e-02
3.338061447422145420e+02	3.471178192277494245e-01	2.235871457742816815e-01	1.867830391055202155e-01	1.126357049417636147e-01	5.697500967290750062e-02	2.057991825415387763e-02	5.232136302347934614e-02
3.483194553831804114e+02	3.433484933479913903e-01	2.212323349241427095e-01	1.893171331484674869e-01	1.142707598663871005e-01	5.761856093778841559e-02	2.090887440563050925e-02	5.330384336944797574e-02
3.628327660241463377e+02	3.396492731091901307e-01	2.189128069437676072e-01	1.918005326797379839e-01	1.158782026279105842e-01	5.825064043246942075e-02	2.123646668448398930e-02	5.427207752229585430e-02
3.773460766651120935e+02	3.360186897883837842e-01	2.166281707665124734e-01	1.942344189527844822e-01	1.174585192415116691e-01	5.887159073891723438e-02	2.156252852002109310e-02	5.522608199172484439e-02
3.918593873060780197e+02	3.324553126368303135e-01	2.143780327128073093e-01	1.966199424136814145e-01	1.190121828252933417e-01	5.948173052812943257e-02	2.188690710622442914e-02	5.616589177688924989e-02
4.063726979470438323e+02	3.289577475972598752e-01	2.121619969419558105e-01	1.989582232746654744e-01	1.205396543577416935e-01	6.008135694665060755e-02	2.220946235074376315e-02	5.709155853083830445e-02
4.208860085880095880e+02	3.255246360767985458e-01	2.099796658786252934e-01	2.012503521267659523e-01	1.220413833716969820e-01	6.067074775189188612e-02	2.253006591507605155e-02	5.800314887900070299e-02
4.353993192289755143e+02	3.221546537725633597e-01	2.078306406152073960e-01	2.034973905827473506e-01	1.235178085903160666e-01	6.125016322274621366e-02	2.284860033716073005e-02	5.890074287911440526e-02
4.499126298699413837e+02	3.188465095471234578e-01	2.057145212911760945e-01	2.057003719427685229e-01	1.249693585100401794e-01	6.181984786920203395e-02	2.316495822850643191e-02	5.978443261103876666e-02
4.644259405109071963e+02	3.155989443512102754e-01	2.036309074505224803e-01	2.078603018762068821e-01	1.263964519351568894e-01	6.238003196216219265e-02	2.347904153876245043e-02	6.065432088583432718e-02
4.789392511518730657e+02	3.124107301912212864e-01	2.015793983782964982e-01	2.099781591140131021e-01	1.277994984681552482e-01	6.293093290244150539e-02	2.379076088136309469e-02	6.151052006436477648e-02
4.934525617928388783e+02	3.092806691392233631e-01	1.995595934172412211e-01	2.120548961467688398e-01	1.291788989597170423e-01	6.347275644591808541e-02	2.410003491451382859e-02	6.235315097647313454e-02
5.079658724338048046e+02	3.062075923833012525e-01	1.975710922654627943e-01	2.140914399243284971e-01	1.305350459218595771e-01	6.400569780002551834e-02	2.440678977236266506e-02	6.318234193251513753e-02
5.224791830747705035e+02	3.031903593162307842e-01	1.956134952560368012e-01	2.160886925535488723e-01	1.318683239074463498e-01	6.452994260517296021e-02	2.471095854171565659e-02	6.399822781970393448e-02
5.369924937157364866e+02	3.002278566605797172e-01	1.936864036194122229e-01	2.180475319911543697e-01	1.331791098590073830e-01	6.504566781324883085e-02	2.501248078011740830e-02	6.480094927633542334e-02
5.515058043567023560e+02	2.973189976284514313e-01	1.917894197294374437e-01	2.199688127292631079e-01	1.344677734295597893e-01	6.555304247408280660e-02	2.531130207153227743e-02	6.559065193752848522e-02
5.660191149976681118e+02	2.944627211141944145e-01	1.899221473337953381e-01	2.218533664715156006e-01	1.357346772778890986e-01	6.605222843959461521e-02	2.560737361623389302e-02	6.636748574663235700e-02
5.805324256386339812e+02	2.916579909184959796e-01	1.880841917696003118e-01	2.237020027981111991e-01	1.369801773405406042e-01	6.654338099433300402e-02	2.590065185184457774e-02	6.713160432692949486e-02
5.950457362795999643e+02	2.889037950023725099e-01	1.862751601648771627e-01	2.255155098183738716e-01	1.382046230825772215e-01	6.702664942019020966e-02	2.619109810276583697e-02	6.788316440869826551e-02
6.095590469205657200e+02	2.861991447696504709e-01	1.844946616266091022e-01	2.272946548097443398e-01	1.394083577289828846e-01	6.750217750225671887e-02	2.647867825551023652e-02	6.862232530710135614e-02
6.240723575615315895e+02	2.835430743766139683e-01	1.827423074160129390e-01	2.290401848423331554e-01	1.405917184784290230e-01	6.797010398204623993e-02	2.676336245768652297e-02	6.934924844673322208e-02
6.385856682024975726e+02	2.809346400675667432e-01	1.810177111116696158e-01	2.307528273883767689e-01	1.417550367009729473e-01	6.843056296366385738e-02	2.704512483860693761e-02	7.006409692899817632e-02
6.530989788434633283e+02	2.783729195351254404e-01	1.793204887611100085e-01	2.324332909161153093e-01	1.428986381211208023e-01	6.888368427790195203e-02	2.732394324968056773e-02	7.076703513880097662e-02
6.676122894844290840e+02	2.758570113041255434e-01	1.776502590214303345e-01	2.340822654677640335e-01	1.440228429875637373e-01	6.932959380872269484e-02	2.759979902293188334e-02	7.145822838731685778e-02
6.821256001253949535e+02	2.733860341380807690e-01	1.760066432894850097e-01	2.357004232213820161e-01	1.451279662307818075e-01	6.976841378611478572e-02	2.787267674614105767e-02	7.213784258786958004e-02
6.966389107663608229e+02	2.709591264671942779e-01	1.743892658221805614e-01	2.372884190365520951e-01	1.462143176096054042e-01	7.020026304889140367e-02	2.814256405324436217e-02	7.280604396218687269e-02
7.111522214073266923e+02	2.685754458369700726e-01	1.727977538473706443e-01	2.388468909838822873e-01	1.472822018477291384e-01	7.062525728061896935e-02	2.840945142876031421e-02	7.346299877452341920e-02
7.256655320482924481e+02	2.662341683765255262e-01	1.712317376658301082e-01	2.403764608584176843e-01	1.483319187610852574e-01	7.104350922152972980e-02	2.867333202512192120e-02	7.410887309134456258e-02
7.401788426892584312e+02	2.639344882857490027e-01	1.696908507447642545e-01	2.418777346771197601e-01	1.493637633769035744e-01	7.145512885896909694e-02	2.893420149189851812e-02	7.474383256445057966e-02
7.546921533302243006e+02	2.616756173404928831e-01	1.681747298032886251e-01	2.433513031606254762e-01	1.503780260452121376e-01	7.186022359865920639e-02	2.919205781598370464e-02	7.536804223559269433e-02
7.692054639711900563e+02	2.594567844150315605e-01	1.666830148902954944e-01	2.447977421995448100e-01	1.513749925434652588e-01	7.225889841881841247e-02	2.944690117190953971e-02	7.598166636078963754e-02
7.837187746121558121e+02	2.572772350210517089e-01	1.652153494551038826e-01	2.462176133055924421e-01	1.523549441749250943e-01	7.265125600896064906e-02	2.969873378152265014e-02	7.658486825269834875e-02
7.982320852531219089e+02	2.551362308624806619e-01	1.637713804112720661e-01	2.476114640478795648e-01	1.533181578613656004e-01	7.303739689500553245e-02	2.994755978232592486e-02	7.717781013952543234e-02
8.127453958940876646e+02	2.530330494054909285e-01	1.623507581939342692e-01	2.489798284747153645e-01	1.542649062306180041e-01	7.341741955215670690e-02	3.019338510385088242e-02	7.776065303908859250e-02
8.272587065350534203e+02	2.509669834630511298e-01	1.609531368110062866e-01	2.503232275212856628e-01	1.551954576994290513e-01	7.379142050685201515e-02	3.043621735148113738e-02	7.833355664674940266e-02
8.417720171760191761e+02	2.489373407934249716e-01	1.595781738885896361e-01	2.516421694035894108e-01	1.561100765520605227e-01	7.415949442895018728e-02	3.067606569719747919e-02	7.889667923604254396e-02
8.562853278169851592e+02	2.469434437120474335e-01	1.582255307108877684e-01	2.529371499990225591e-01	1.570090230150199273e-01	7.452173421519535379e-02	3.091294077676025667e-02	7.945017757092141808e-02
8.707986384579510286e+02	2.449846287162351643e-01	1.568948722549344810e-01	2.542086532140055422e-01	1.578925533282761196e-01	7.487823106488993019e-02	3.114685459288565883e-02	7.999420682862781740e-02
8.853119490989170117e+02	2.430602461222131083e-01	1.555858672204192550e-01	2.554571513390515025e-01	1.587609198132808042e-01	7.522907454860740251e-02	3.137782042400942550e-02	8.052892053227320157e-02
8.998252597398827675e+02	2.411696597139637299e-01	1.542981880548827955e-01	2.566831053916736605e-01	1.596143709380877240e-01	7.557435267068803031e-02	3.160585273826503616e-02	8.105447049229368151e-02
9.143385703808486369e+02	2.393122464034282970e-01	1.530315109745415125e-01	2.578869654475280382e-01	1.604531513798332365e-01	7.591415192618140850e-02	3.183096711233374815e-02	8.157100675600839623e-02
9.288518810218145063e+02	2.374873959016108593e-01	1.517855159809888277e-01	2.590691709601833370e-01	1.612775020848180030e-01	7.624855735282888569e-02	3.205318015485133371e-02	8.207867756457340458e-02
9.433651916627801484e+02	2.356945104001567093e-01	1.505598868740088969e-01	2.602301510699047693e-01	1.620876603264062576e-01	7.657765257861547104e-02	3.227250943408133121e-02	8.257762931668122253e-02
9.578785023037459041e+02	2.339330042629960693e-01	1.493543112607274015e-01	2.613703249018320962e-01	1.628838597609389427e-01	7.690151986536448991e-02	3.248897340958725732e-02	8.306800653840834547e-02
9.723918129447120009e+02	2.322023037276624291e-01	1.481684805613134870e-01	2.624901018539245179e-01	1.636663304818375408e-01	7.722024014879733111e-02	3.270259136765685248e-02	8.354995185866233298e-02
9.869051235856777566e+02	2.305018466159124424e-01	1.470020900114365481e-01	2.635898818750362915e-01	1.644352990720591989e-01	7.753389307543551157e-02	3.291338336025013966e-02	8.402360598972434536e-02
1.001418434226643626e+03	2.288310820532906409e-01	1.458548386616719816e-01	2.646700557334784043e-01	1.651909886550472772e-01	7.784255703668167825e-02	3.312137014726008327e-02	8.448910771242446049e-02
1.015931744867609382e+03	2.271894701972988484e-01	1.447264293740405383e-01	2.657310052764121910e-01	1.659336189443076648e-01	7.814630920038018180e-02	3.332657314189022696e-02	8.494659386552474989e-02
1.030445055508575479e+03	2.255764819738442228e-01	1.436165688158575482e-01	2.667731036804110167e-01	1.666634062917283776e-01	7.844522554012541005e-02	3.352901435896782356e-02	8.539619933891993975e-02
1.044958366149541234e+03	2.239915988216542586e-01	1.425249674510587483e-01	2.677967156935150972e-01	1.673805637347477449e-01	7.873938086255681534e-02	3.372871636602391143e-02	8.583805707029772136e-02
1.059471676790506763e+03	2.224343124443614039e-01	1.414513395291626119e-01	2.688021978690960379e-01	1.680853010424663563e-01	7.902884883285453410e-02	3.392570223698363613e-02	8.627229804492975163e-02
1.073984987431472746e+03	2.209041245699719380e-01	1.403954030720201696e-01	2.697898987918359581e-01	1.687778247607877591e-01	7.931370199862548820e-02	3.411999550832083006e-02	8.669905129829214019e-02
1.088498298072438729e+03	2.194005467174468815e-01	1.393568798584967072e-01	2.707601592961167980e-01	1.694583382566646201e-01	7.959401181234984635e-02	3.431162013754099349e-02	8.711844392123845038e-02
1.103011608713404712e+03	2.179230999701329552e-01	1.383354954072221199e-01	2.717133126771046903e-01	1.701270417615182440e-01	7.986984865253904387e-02	3.450060046386559109e-02	8.753060106747169444e-02
1.117524919354370468e+03	2.164713147557950634e-01	1.373309789575400952e-01	2.726496848948038454e-01	1.707841324138934247e-01	8.014128184374010033e-02	3.468696117099921705e-02	8.793564596308255099e-02
1.132038229995336451e+03	2.150447306330097730e-01	1.363430634487801107e-01	2.735695947713464027e-01	1.714298043014023665e-01	8.040837967550622245e-02	3.487072725186860650e-02	8.833369991794075282e-02
1.146551540636302207e+03	2.136428960836914137e-01	1.353714854979695958e-01	2.744733541817719336e-01	1.720642485020070778e-01	8.067120942044073151e-02	3.505192397522967351e-02	8.872488233874387120e-02
1.161064851277267962e+03	2.122653683115306444e-01	1.344159853760978074e-01	2.753612682385430110e-01	1.726876531246833990e-01	8.092983735140941992e-02	3.523057685404524381e-02	8.910931074354483394e-02
1.175578161918233945e+03	2.109117130461357070e-01	1.334763069830379179e-01	2.762336354700339891e-01	1.733002033495048000e-01	8.118432875800590809e-02	3.540671161554195118e-02	8.948710077759407244e-02
1.190091472559199701e+03	2.095815043526741139e-01	1.325521978212274299e-01	2.770907479932197548e-01	1.739020814671806414e-01	8.143474796234553836e-02	3.558035417286063012e-02	8.985836623034620940e-02
1.204604783200165684e+03	2.082743244468217569e-01	1.316434089682028963e-01	2.779328916807826122e-01	1.744934669180789877e-01	8.168115833425473871e-02	3.575153059821925550e-02	9.022321905349411919e-02
1.219118093841131440e+03	2.069897635148342518e-01	1.307496950480790676e-01	2.787603463228484069e-01	1.750745363307600888e-01	8.192362230591526684e-02	3.592026709751263563e-02	9.058176937990457256e-02
1.233631404482097196e+03	2.057274195385624949e-01	1.298708142020592038e-01	2.795733857835533964e-01	1.756454635600447345e-01	8.216220138601645906e-02	3.608658998627702064e-02	9.093412554334093234e-02
1.248144715123063179e+03	2.044868981252419560e-01	1.290065280580571794e-01	2.803722781526349350e-01	1.762064197246378805e-01	8.239695617346226575e-02	3.625052566695224909e-02	9.128039409886767874e-02
1.262658025764028707e+03	2.032678123418924232e-01	1.281566016995092372e-01	2.811572858922332108e-01	1.767575732443253111e-01	8.262794637067497061e-02	3.641210060737757465e-02	9.162067984384139607e-02
1.277171336404994690e+03	2.020697825541709070e-01	1.273208036334482762e-01	2.819286659790815608e-01	1.772990898767595191e-01	8.285523079653245304e-02	3.657134132046096359e-02	9.195508583940043001e-02
1.291684647045960673e+03	2.008924362695271026e-01	1.264989057579103682e-01	2.826866700422579481e-01	1.778311327538482922e-01	8.307886739897177297e-02	3.672827434496483273e-02	9.228371343237383451e-02
1.306197957686926657e+03	1.997354079845171659e-01	1.256906833287386172e-01	2.834315444966609143e-01	1.783538624177579690e-01	8.329891326728820766e-02	3.688292622735441645e-02	9.260666227753684698e-02
1.320711268327892412e+03	1.985983390361365786e-01	1.248959149258469375e-01	2.841635306723691579e-01	1.788674368565417727e-01	8.351542464415552536e-02	3.703532350465760931e-02	9.292403036014659778e-02
1.335224578968857941e+03	1.974808774570389058e-01	1.241143824190021477e-01	2.848828649400348412e-01	1.793720115394017434e-01	8.372845693739022765e-02	3.718549268828797577e-02	9.323591401869837925e-02
1.349737889609823924e+03	1.963826778345121871e-01	1.233458709331802933e-01	2.855897788324572861e-01	1.798677394515923456e-01	8.393806473147981395e-02	3.733346024878496372e-02	9.354240796784729639e-02
1.364251200250789907e+03	1.953034011730905295e-01	1.225901688135495188e-01	2.862844991624757252e-01	1.803547711289715805e-01	8.414430179889301198e-02	3.747925260142783571e-02	9.384360532144596367e-02
1.378764510891755890e+03	1.942427147606817783e-01	1.218470675901290740e-01	2.869672481373148898e-01	1.808332546922057360e-01	8.434722111118764243e-02	3.762289609268192753e-02	9.413959761565315887e-02
1.393277821532721646e+03	1.932002920380984368e-01	1.211163619421713605e-01	2.876382434695120005e-01	1.813033358806317163e-01	8.454687484993005098e-02	3.776441698743795289e-02	9.443047483207270276e-02
1.407791132173687402e+03	1.921758124718822291e-01	1.203978496623113459e-01	2.882976984845484481e-01	1.817651580857813087e-01	8.474331441743816751e-02	3.790384145700700230e-02	9.471632542088569140e-02
1.422304442814653157e+03	1.911689614303175300e-01	1.196913316205248795e-01	2.889458222253037389e-01	1.822188623845703015e-01	8.493659044735919761e-02	3.804119556783570888e-02	9.499723632394280193e-02
1.436817753455619140e+03	1.901794300625323508e-01	1.189966117279352559e-01	2.895828195534455585e-01	1.826645875721550627e-01	8.512675281509141101e-02	3.817650527090779566e-02	9.527329299778672378e-02
1.451331064096585123e+03	1.892069151805901850e-01	1.183134969005052023e-01	2.902088912478644755e-01	1.831024701944589939e-01	8.531385064805810381e-02	3.830979639179971780e-02	9.554457943657751473e-02
1.465844374737550879e+03	1.882511191444790621e-01	1.176417970226488613e-01	2.908242341002577058e-01	1.835326445803701634e-01	8.549793233584151997e-02	3.844109462135986144e-02	9.581117819489701204e-02
1.480357685378516862e+03	1.873117497499079687e-01	1.169813249107969910e-01	2.914290410079623528e-01	1.839552428736117295e-01	8.567904554018278274e-02	3.857042550698201733e-02	9.607317041041027461e-02
1.494870996019482618e+03	1.863885201188242580e-01	1.163318962769459147e-01	2.920235010641336615e-01	1.843703950642864853e-01	8.585723720485376187e-02	3.869781444444529012e-02	9.633063582636477995e-02
1.509384306660448374e+03	1.854811485925685066e-01	1.156933296922191823e-01	2.926077996453610441e-01	1.847782290200956912e-01	8.603255356540565058e-02	3.882328667029386060e-02	9.658365281391018131e-02
1.523897617301414357e+03	1.845893586275870468e-01	1.150654465504694218e-01	2.931821184968107508e-01	1.851788705172336125e-01	8.620504015879877635e-02	3.894686725473130856e-02	9.683229839422313745e-02
1.538410927942380113e+03	1.837128786936248204e-01	1.144480710319456529e-01	2.937466358149793955e-01	1.855724432709576210e-01	8.637474183291732333e-02	3.906858109500531417e-02	9.707664826042390616e-02
1.552924238583346096e+03	1.828514421743240581e-01	1.138410300670499864e-01	2.943015263281406613e-01	1.859590689658347784e-01	8.654170275597236617e-02	3.918845290925963148e-02	9.731677679927255853e-02
1.567437549224311852e+03	1.820047872701575919e-01	1.132441533002061934e-01	2.948469613745635654e-01	1.863388672856648165e-01	8.670596642579608826e-02	3.930650723083132375e-02	9.755275711263451666e-02
1.581950859865277607e+03	1.811726569036273826e-01	1.126572730538609873e-01	2.953831089785775021e-01	1.867119559430799602e-01	8.686757567902983479e-02	3.942276840297223583e-02	9.778466103870621373e-02
1.596464170506243590e+03	1.803547986266621772e-01	1.120802242926376147e-01	2.959101339245565065e-01	1.870784507088216475e-01	8.702657270020817959e-02	3.953726057397462940e-02	9.801255917299331322e-02
1.610977481147209119e+03	1.795509645301498480e-01	1.115128445876598928e-01	2.964281978288924035e-01	1.874384654406947570e-01	8.718299903074093471e-02	3.965000769268170466e-02	9.823652088903449264e-02
1.625490791788175102e+03	1.787609111555430730e-01	1.109549740810638480e-01	2.969374592100234578e-01	1.877921121121988168e-01	8.733689557779486523e-02	3.976103350436472478e-02	9.845661435886522705e-02
1.640004102429141085e+03	1.779843994084783498e-01	1.104064554507125373e-01	2.974380735565829714e-01	1.881395008408372482e-01	8.748830262307666361e-02	3.987036154694924284e-02	9.867290657321697855e-02
1.654517413070107068e+03	1.772211944743512235e-01	1.098671338751289472e-01	2.979301933937295588e-01	1.884807399161045338e-01	8.763725983151844645e-02	3.997801514757356317e-02	9.888546336144771187e-02
1.669030723711072824e+03	1.764710657357922985e-01	1.093368569986604699e-01	2.984139683477183280e-01	1.888159358271514210e-01	8.778380625986702268e-02	4.008401741946355373e-02	9.909434941120083551e-02
1.683544034352038352e+03	1.757337866919903013e-01	1.088154748968875735e-01	2.988895452087706461e-01	1.891451932901291044e-01	8.792798036517784910e-02	4.018839125910839138e-02	9.929962828779011208e-02
1.698057344993004335e+03	1.750091348798109847e-01	1.083028400422883647e-01	2.993570679922961664e-01	1.894686152752123598e-01	8.806982001321476961e-02	4.029115934372259206e-02	9.950136245330873375e-02
1.712570655633970318e+03	1.742968917966618292e-01	1.077988072701696887e-01	2.998166779985216301e-01	1.897863030333025169e-01	8.820936248675630142e-02	4.039234412898042026e-02	9.969961328546156354e-02
1.727083966274936301e+03	1.735968428250544704e-01	1.073032337448747014e-01	3.002685138705758483e-01	1.900983561224107443e-01	8.834664449380912055e-02	4.049196784700918872e-02	9.989444109611983480e-02
1.741597276915902057e+03	1.729087771588185829e-01	1.068159789262760062e-01	3.007127116510805442e-01	1.904048724337222831e-01	8.848170217572970397e-02	4.059005250462861120e-02	1.000859051495981145e-01
1.756110587556867813e+03	1.722324877309222013e-01	1.063369045365625126e-01	3.011494048372941323e-01	1.907059482173425191e-01	8.861457111525437857e-02	4.068661988182407929e-02	1.002740636806540020e-01
1.770623898197833569e+03	1.715677711428554297e-01	1.058658745273276941e-01	3.015787244348530627e-01	1.910016781077258918e-01	8.874528634443872022e-02	4.078169153044201856e-02	1.004589739122109943e-01
1.785137208838799552e+03	1.709144275955352676e-01	1.054027550469659735e-01	3.020007990101555295e-01	1.912921551487884453e-01	8.887388235250663626e-02	4.087528877309618003e-02	1.006406920728057375e-01
1.799650519479765535e+03	1.702722608216915290e-01	1.049474144083836213e-01	3.024157547414285663e-01	1.915774708187052422e-01	8.900039309360968653e-02	4.096743270227412581e-02	1.008192734137609847e-01
1.814163830120731291e+03	1.696410780196946910e-01	1.044997230570293839e-01	3.028237154685195498e-01	1.918577150543935572e-01	8.912485199449717010e-02	4.105814417963359053e-02	1.009947722260857300e-01
1.828677140761696819e+03	1.690206897887875648e-01	1.040595535392502963e-01	3.032248027414509717e-01	1.921329762756835702e-01	8.924729196209756077e-02	4.114744383547902506e-02	1.011672418571046422e-01
1.843190451402663257e+03	1.684109100656845104e-01	1.036267804709767454e-01	3.036191358677759466e-01	1.924033414091775307e-01	8.936774539101140225e-02	4.123535206840880929e-02	1.013367347268186724e-01
1.857703762043628785e+03	1.678115560625027813e-01	1.032012805067407113e-01	3.040068319587710954e-01	1.926688959117988653e-01	8.948624417091659289e-02	4.132188904512425903e-02	1.015033023439993465e-01
1.872217072684594768e+03	1.672224482059918582e-01	1.027829323090308361e-01	3.043880059745009969e-01	1.929297237940330867e-01	8.960281969388617096e-02	4.140707470039169114e-02	1.016669953220189770e-01
1.886730383325560297e+03	1.666434100780275762e-01	1.023716165179869853e-01	3.047627707677889597e-01	1.931859076428617539e-01	8.971750286161916943e-02	4.149092873714952528e-02	1.018278633944196127e-01
1.901243693966526507e+03	1.660742683573389333e-01	1.019672157214369379e-01	3.051312371271252544e-01	1.934375286443913988e-01	8.983032409258508155e-02	4.157347062675242205e-02	1.019859554302235266e-01
1.915757004607492036e+03	1.655148527624367705e-01	1.015696144252772465e-01	3.054935138185453924e-01	1.936846666061791400e-01	8.994131332908217313e-02	4.165471960934492152e-02	1.021413194489878690e-01
1.930270315248458019e+03	1.649649959957141532e-01	1.011786990241999168e-01	3.058497076265077608e-01	1.939273999792569536e-01	9.005050004421037702e-02	4.173469469435755336e-02	1.022940026356068399e-01
1.944783625889424002e+03	1.644245336886893671e-01	1.007943577727662826e-01	3.061999233938000331e-01	1.941658058798563791e-01	9.015791324875907509e-02	4.181341466111834076e-02	1.024440513548640769e-01
1.959296936530389530e+03	1.638933043483636054e-01	1.004164807568289353e-01	3.065442640605028357e-01	1.943999601108358510e-01	9.026358149801030906e-02	4.189089805957330048e-02	1.025915111657387940e-01
1.973810247171355968e+03	1.633711493046653973e-01	1.000449598653025129e-01	3.068828307020372570e-01	1.946299371828125457e-01	9.036753289845783632e-02	4.196716321110954828e-02	1.027364268354684917e-01
1.988323557812321269e+03	1.628579126589562998e-01	9.967968876228343322e-02	3.072157225663229574e-01	1.948558103350012671e-01	9.046979511444273869e-02	4.204222820947505629e-02	1.028788423533718577e-01
2.002836868453287707e+03	1.623534412335712329e-01	9.932056285951888774e-02	3.075430371100715266e-01	1.950776515557619550e-01	9.057039537470580604e-02	4.211611092178923349e-02	1.030188009444349129e-01
2.017350179094252780e+03	1.618575845223693410e-01	9.896747928922455806e-02	3.078648700342403455e-01	1.952955316028588961e-01	9.066936047885747196e-02	4.218882898963901423e-02	1.031563450826639139e-01
2.031863489735218764e+03	1.613701946422707589e-01	9.862033687725083042e-02	3.081813153186698795e-01	1.955095200234332198e-01	9.076671680376573181e-02	4.226039983025500768e-02	1.032915165042081196e-01
2.046376800376184747e+03	1.608911262857561919e-01	9.827903611659660754e-02	3.084924652559275504e-01	1.957196851736915100e-01	9.086249030986259800e-02	4.233084063776283018e-02	1.034243562202561834e-01
2.060890111017150957e+03	1.604202366743066044e-01	9.794347914126981525e-02	3.087984104843802813e-01	1.959260942383130588e-01	9.095670654736967564e-02	4.240016838450480496e-02	1.035549045297092380e-01
2.075403421658116713e+03	1.599573855127607303e-01	9.761356970049345216e-02	3.090992400205168078e-01	1.961288132495775938e-01	9.104939066244338575e-02	4.246839982242740785e-02	1.036832010316341146e-01
2.089916732299082469e+03	1.595024349445694489e-01	9.728921313325582243e-02	3.093950412905404068e-01	1.963279071062169756e-01	9.114056740324048833e-02	4.253555148453015688e-02	1.038092846375001793e-01
2.104430042940048224e+03	1.590552495079259887e-01	9.697031634320335547e-02	3.096859001612522477e-01	1.965234395919924770e-01	9.123026112590447434e-02	4.260163968637172699e-02	1.039331935832031456e-01
2.118943353581013525e+03	1.586156960927519732e-01	9.665678777387441689e-02	3.099719009702441297e-01	1.967154733940010003e-01	9.131849580047339543e-02	4.266668052762932067e-02	1.040549654408791519e-01
2.133456664221980191e+03	1.581836438985195492e-01	9.634853738427202885e-02	3.102531265554196449e-01	1.969040701207122046e-01	9.140529501670979773e-02	4.273068989370755466e-02	1.041746371305125179e-01
2.147969974862945492e+03	1.577589643928908880e-01	9.604547662477369574e-02	3.105296582838617536e-01	1.970892903197400126e-01	9.149068198985338407e-02	4.279368345739308077e-02	1.042922449313404692e-01
2.162483285503912157e+03	1.573415312711562986e-01	9.574751841337614255e-02	3.108015760800637572e-01	1.972711934953503277e-01	9.157467956629693207e-02	4.285567668055163815e-02	1.044078244930582017e-01
2.176996596144877003e+03	1.569312204164532987e-01	9.545457711227250952e-02	3.110689584535413221e-01	1.974498381257081825e-01	9.165731022918635618e-02	4.291668481586418532e-02	1.045214108468274783e-01
2.191509906785843214e+03	1.565279098607490205e-01	9.516656850475985197e-02	3.113318825258410416e-01	1.976252816798672041e-01	9.173859610394524688e-02	4.297672290859892025e-02	1.046330384160920335e-01
2.206023217426809424e+03	1.561314797465691295e-01	9.488340977247425312e-02	3.115904240569620787e-01	1.977975806345035892e-01	9.181855896372488612e-02	4.303580579841621845e-02	1.047427410272031706e-01
2.220536528067775180e+03	1.557418122894565216e-01	9.460501947295092695e-02	3.118446574712058217e-01	1.979667904903980036e-01	9.189722023478004431e-02	4.309394812120365126e-02	1.048505519198583563e-01
2.235049838708740936e+03	1.553587917411441421e-01	9.433131751750691019e-02	3.120946558824683192e-01	1.981329657886676532e-01	9.197460100177157205e-02	4.315116431093830168e-02	1.049565037573564757e-01
2.249563149349706237e+03	1.549823043534260814e-01	9.406222514944315161e-02	3.123404911189899269e-01	1.982961601267517193e-01	9.205072201299624446e-02	4.320746860157383823e-02	1.050606286366723985e-01
2.264076459990672902e+03	1.546122383427118996e-01	9.379766492256338961e-02	3.125822337475764878e-01	1.984564261741528779e-01	9.212560368554469081e-02	4.326287502894981402e-02	1.051629580983541867e-01
2.278589770631638203e+03	1.542484838552491133e-01	9.353756068000683432e-02	3.128199530973049813e-01	1.986138156879375671e-01	9.219926611038790909e-02	4.331739743272090132e-02	1.052635231362460400e-01
2.293103081272604413e+03	1.538909329330001574e-01	9.328183753339173989e-02	3.130537172827265735e-01	1.987683795279980847e-01	9.227172905739332298e-02	4.337104945830377173e-02	1.053623542070396962e-01
2.307616391913570169e+03	1.535394794801590301e-01	9.303042184226659184e-02	3.132835932265807255e-01	1.989201676720790679e-01	9.234301198027082547e-02	4.342384455883945699e-02	1.054594812396576070e-01
2.322129702554535925e+03	1.531940192302945758e-01	9.278324119386609226e-02	3.135096466820314065e-01	1.990692292305715760e-01	9.241313402144971101e-02	4.347579599716929616e-02	1.055549336444705499e-01
2.336643013195502135e+03	1.528544497141068603e-01	9.254022438316868160e-02	3.137319422544384007e-01	1.992156124610771351e-01	9.248211401688710698e-02	4.352691684782235976e-02	1.056487403223526217e-01
2.351156323836467891e+03	1.525206702277839277e-01	9.230130139325232186e-02	3.139505434226740888e-01	1.993593647827450466e-01	9.254997050080859822e-02	4.357721999901265075e-02	1.057409296735765669e-01
2.365669634477433647e+03	1.521925818019460031e-01	9.206640337594546031e-02	3.141655125599981391e-01	1.995005327903854875e-01	9.261672171038176637e-02	4.362671815464429920e-02	1.058315296065520522e-01
2.380182945118399402e+03	1.518700871711654576e-01	9.183546263276988475e-02	3.143769109545000995e-01	1.996391622683612865e-01	9.268238559032351831e-02	4.367542383632309205e-02	1.059205675464098134e-01
2.394696255759364703e+03	1.515530907440498509e-01	9.160841259617218124e-02	3.145847988291211594e-01	1.997752982042612646e-01	9.274697979744164766e-02	4.372334938537275617e-02	1.060080704434342713e-01
2.409209566400331823e+03	1.512414985738771422e-01	9.138518781104056077e-02	3.147892353612640193e-01	1.999089848023579974e-01	9.281052170511153165e-02	4.377050696485456499e-02	1.060940647813473220e-01
2.423722877041296670e+03	1.509352183297710537e-01	9.116572391650354379e-02	3.149902787020024131e-01	2.000402654968526095e-01	9.287302840768871248e-02	4.381690856158875630e-02	1.061785765854459801e-01
2.438236187682262880e+03	1.506341592684061759e-01	9.094995762800750505e-02	3.151879859948992224e-01	2.001691829649094867e-01	9.293451672485780746e-02	4.386256598817653979e-02	1.062616314305964149e-01
2.452749498323228636e+03	1.503382322062311871e-01	9.073782671966940105e-02	3.153824133944415631e-01	2.002957791394838483e-01	9.299500320591887192e-02	4.390749088502134134e-02	1.063432544490868908e-01
2.467262808964194392e+03	1.500473494922005824e-01	9.052927000690161319e-02	3.155736160841042248e-01	2.004200952219447329e-01	9.305450413401164522e-02	4.395169472234811830e-02	1.064234703383421660e-01
2.481776119605160602e+03	1.497614249810040044e-01	9.032422732930536768e-02	3.157616482940476810e-01	2.005421716944961741e-01	9.311303553027838742e-02	4.399518880221964245e-02	1.065023033685018328e-01
2.496289430246126358e+03	1.494803740067832398e-01	9.012263953382945725e-02	3.159465633184611599e-01	2.006620483323993398e-01	9.317061315796627829e-02	4.403798426054859189e-02	1.065797773898649881e-01
2.510802740887092114e+03	1.492041133573273337e-01	8.992444845819087818e-02	3.161284135325584388e-01	2.007797642159985796e-01	9.322725252646972549e-02	4.408009206910455668e-02	1.066559158402035218e-01
2.525316051528057415e+03	1.489325612487359396e-01	8.972959691455414943e-02	3.163072504092342974e-01	2.008953577425535431e-01	9.328296889531367819e-02	4.412152303751489674e-02	1.067307417519465784e-01
2.539829362169024080e+03	1.486656373005419696e-01	8.953802867346578875e-02	3.164831245353893485e-01	2.010088666378805899e-01	9.333777727807833491e-02	4.416228781525863983e-02	1.068042777592383141e-01
2.554342672809989381e+03	1.484032625112841897e-01	8.934968844804071220e-02	3.166560856279320713e-01	2.011203279678061007e-01	9.339169244626614741e-02	4.420239689365247637e-02	1.068765461048712534e-01
2.568855983450955591e+03	1.481453592345207682e-01	8.916452187839739307e-02	3.168261825494637640e-01	2.012297781494337134e-01	9.344472893311174533e-02	4.424186060782817065e-02	1.069475686470974518e-01
2.583369294091921347e+03	1.478918511552753112e-01	8.898247551633807484e-02	3.169934633236547450e-01	2.013372529622290408e-01	9.349690103733551694e-02	4.428068913870053525e-02	1.070173668663197408e-01
2.597882604732887103e+03	1.476426632669070316e-01	8.880349681027116526e-02	3.171579751503190714e-01	2.014427875589238637e-01	9.354822282684147061e-02	4.431889251492530241e-02	1.070859618716650530e-01
2.612395915373853313e+03	1.473977218483962515e-01	8.862753409037221752e-02	3.173197644201933287e-01	2.015464164762424404e-01	9.359870814236026515e-02	4.435648061484626092e-02	1.071533744074421035e-01
2.626909226014819069e+03	1.471569544420378295e-01	8.845453655398047288e-02	3.174788767294276504e-01	2.016481736454528439e-01	9.364837060103775590e-02	4.439346316843099244e-02	1.072196248594852741e-01
2.641422536655784825e+03	1.469202898315338790e-01	8.828445425122753709e-02	3.176353568937943517e-01	2.017480924027452438e-01	9.369722359997018080e-02	4.442984975919463814e-02	1.072847332613869747e-01
2.655935847296750580e+03	1.466876580204787006e-01	8.811723807089506810e-02	3.177892489626208405e-01	2.018462054994403787e-01	9.374528031968627773e-02	4.446564982611115463e-02	1.073487193006203572e-01
2.670449157937716336e+03	1.464589902112278519e-01	8.795283972649825532e-02	3.179405962324533541e-01	2.019425451120302195e-01	9.379255372757724918e-02	4.450087266551162879e-02	1.074116023245542118e-01
2.684962468578682547e+03	1.462342187841444430e-01	8.779121174259191251e-02	3.180894412604565180e-01	2.020371428520533197e-01	9.383905658127515703e-02	4.453552743296902705e-02	1.074734013463623100e-01
2.699475779219648302e+03	1.460132772772149978e-01	8.763230744129597849e-02	3.182358258775557780e-01	2.021300297758076014e-01	9.388480143198046912e-02	4.456962314516905305e-02	1.075341350508287747e-01
2.713989089860614058e+03	1.457961003660281918e-01	8.747608092903738641e-02	3.183797912013269782e-01	2.022212363939026036e-01	9.392980062773932659e-02	4.460316868176675276e-02	1.075938218000514202e-01
2.728502400501579814e+03	1.455826238441090548e-01	8.732248708350509592e-02	3.185213776486398585e-01	2.023107926806539392e-01	9.397406631667132304e-02	4.463617278722833287e-02	1.076524796390449928e-01
2.743015711142545115e+03	1.453727846036027005e-01	8.717148154081531819e-02	3.186606249480601338e-01	2.023987280833221825e-01	9.401761045014836449e-02	4.466864407265796338e-02	1.077101263012459897e-01
2.757529021783511780e+03	1.451665206162999766e-01	8.702302068288378378e-02	3.187975721520153183e-01	2.024850715311982685e-01	9.406044478592527625e-02	4.470059101760927994e-02	1.077667792139208186e-01
2.772042332424477081e+03	1.449637709149995124e-01	8.687706162500209717e-02	3.189322576487297334e-01	2.025698514445383458e-01	9.410258089122278125e-02	4.473202197188114182e-02	1.078224555034790755e-01
2.786555643065443292e+03	1.447644755751991141e-01	8.673356220361509716e-02	3.190647191739339195e-01	2.026530957433496927e-01	9.414403014576364082e-02	4.476294515729753454e-02	1.078771720006936330e-01
2.801068953706408593e+03	1.445685756971107350e-01	8.659248096429646158e-02	3.191949938223521688e-01	2.027348318560305007e-01	9.418480374476224937e-02	4.479336866947129098e-02	1.079309452458291491e-01
2.815582264347374803e+03	1.443760133879928020e-01	8.645377714991928086e-02	3.193231180589741203e-01	2.028150867278653569e-01	9.422491270186877932e-02	4.482330047955141589e-02	1.079837914936807169e-01
2.830095574988341014e+03	1.441867317447940167e-01	8.631741068901900571e-02	3.194491277301143572e-01	2.028938868293790054e-01	9.426436785206807056e-02	4.485274843595384725e-02	1.080357267185241693e-01
2.844608885629306769e+03	1.440006748371027989e-01	8.618334218434584026e-02	3.195730580742643934e-01	2.029712581645501945e-01	9.430317985453415264e-02	4.488172026607545329e-02	1.080867666189796045e-01
2.859122196270272525e+03	1.438177876903967700e-01	8.605153290160344470e-02	3.196949437327421539e-01	2.030472262788881599e-01	9.434135919544089921e-02	4.491022357799111242e-02	1.081369266227898973e-01
2.873635506911238281e+03	1.436380162695865548e-01	8.592194475837162948e-02	3.198148187601421721e-01	2.031218162673736061e-01	9.437891619072941163e-02	4.493826586213370278e-02	1.081862218915153190e-01
2.888148817552204036e+03	1.434613074628486029e-01	8.579454031320980778e-02	3.199327166345914963e-01	2.031950527822663499e-01	9.441586098883290867e-02	4.496585449295697340e-02	1.082346673251462360e-01
