0.000000000000000000e+00	1.378744125556800315e-01	8.261035703829493204e-02	3.238760277417134237e-01	2.054875800890534343e-01	9.524638238409625923e-02	4.575513629876268307e-02	1.091501038907879417e-01
1.451331064096584811e+01	1.377345672233657725e-01	8.252989486368358940e-02	3.237627208077866747e-01	2.055268436356146866e-01	9.543735910630794794e-02	4.584542153502327994e-02	1.091631928266067059e-01
2.902662128193169622e+01	1.376000071544475067e-01	8.245261866672973228e-02	3.236981577728588744e-01	2.055772576267890506e-01	9.556572406641775097e-02	4.592659530796226741e-02	1.091796394031834400e-01
4.353993192289755143e+01	1.374702344444764801e-01	8.237827832015952312e-02	3.236660787210418611e-01	2.056331745007136946e-01	9.565342110138247422e-02	4.599968154018397454e-02	1.091991313704305938e-01
5.805324256386339954e+01	1.373448744814942668e-01	8.230665005220952346e-02	3.236558395991053771e-01	2.056910485634883823e-01	9.571469172562903360e-02	4.606557208867111119e-02	1.092213234877909417e-01
7.256655320482924765e+01	1.372236351879214944e-01	8.223753319429341624e-02	3.236604487380464468e-01	2.057486904075224998e-01	9.575877759496673192e-02	4.612504860384291500e-02	1.092458662717951390e-01
8.707986384579510286e+01	1.371062804159889348e-01	8.217074743302225925e-02	3.236752917320666056e-01	2.058047834434313106e-01	9.579167488478568249e-02	4.617879938099441611e-02	1.092724227080994898e-01
1.015931744867609581e+02	1.369926125406757400e-01	8.210613045863805748e-02	3.236973032203325218e-01	2.058585705556879031e-01	9.581727318466384813e-02	4.622743267053801980e-02	1.093006773678526083e-01
1.161064851277267991e+02	1.368824610321538182e-01	8.204353593226629271e-02	3.237244288203759979e-01	2.059096511658740913e-01	9.583809483037478150e-02	4.627148743075876203e-02	1.093303407865849758e-01
1.306197957686926259e+02	1.367756749180874531e-01	8.198283171491599353e-02	3.237552754505168551e-01	2.059578499388488304e-01	9.585577484638263535e-02	4.631144218995397049e-02	1.093611509396829884e-01
1.451331064096584669e+02	1.366721177786855423e-01	8.192389831520971444e-02	3.237888839766502325e-01	2.060031319684359485e-01	9.587137249733812538e-02	4.634772247604870138e-02	1.093928729860204618e-01
1.596464170506243647e+02	1.365716643929993923e-01	8.186662752260172315e-02	3.238245812934990586e-01	2.060455481088724061e-01	9.588557352358199892e-02	4.638070713348760310e-02	1.094252980233464678e-01
1.741597276915902057e+02	1.364741984637434236e-01	8.181092119976954291e-02	3.238618839952822626e-01	2.060851998502180038e-01	9.589882141133207472e-02	4.641073375497679898e-02	1.094582413230665574e-01
1.886730383325560467e+02	1.363796110484040980e-01	8.175669021287730598e-02	3.239004355577648764e-01	2.061222168569210311e-01	9.591140259425853798e-02	4.643810339359251416e-02	1.094915403345702587e-01
2.031863489735219162e+02	1.362877994545871052e-01	8.170385348212487464e-02	3.239399652943628083e-01	2.061567427042404477e-01	9.592350174900876603e-02	4.646308467854332741e-02	1.095250526355213000e-01
2.176996596144877287e+02	1.361986664420915261e-01	8.165233713781888669e-02	3.239802614653574664e-01	2.061889259152346332e-01	9.593523767714962069e-02	4.648591742872559829e-02	1.095586539320108771e-01
2.322129702554535982e+02	1.361121196291082969e-01	8.160207376939852819e-02	3.240211535916574515e-01	2.062189144188582568e-01	9.594668658504579284e-02	4.650681583774798206e-02	1.095922361665722794e-01
2.467262808964194392e+02	1.360280710356074341e-01	8.155300175660139261e-02	3.240625007594877816e-01	2.062468522103776125e-01	9.595789718356947939e-02	4.652597128944284399e-02	1.096257057633020365e-01
2.612395915373852517e+02	1.359464367201568546e-01	8.150506467338129724e-02	3.241041838287599952e-01	2.062728774241256169e-01	9.596890047822541348e-02	4.654355485214330818e-02	1.096589820215961297e-01
2.757529021783511780e+02	1.358671364814802995e-01	8.145821075637471598e-02	3.241461001891643434e-01	2.062971213069135779e-01	9.597971611318763252e-02	4.655971949194413068e-02	1.096919956593239293e-01
2.902662128193169337e+02	1.357900936058642483e-01	8.141239243071127230e-02	3.241881601828283666e-01	2.063197077610060270e-01	9.599035647895660939e-02	4.657460203896148648e-02	1.097246875000605776e-01
3.047795234602828600e+02	1.357152346479005289e-01	8.136756588681712254e-02	3.242302846206775446e-01	2.063407532427302682e-01	9.600082936891826679e-02	4.658832493571594957e-02	1.097570072956288445e-01
3.192928341012487294e+02	1.356424892362115275e-01	8.132369070259636012e-02	3.242724030198250729e-01	2.063603668787860057e-01	9.601113969455546404e-02	4.660099779281853816e-02	1.097889126735955428e-01
3.338061447422145420e+02	1.355717898985184522e-01	8.128072950601616942e-02	3.243144523193292050e-01	2.063786507115930313e-01	9.602129059019354207e-02	4.661271877389358553e-02	1.098203681988445118e-01
3.483194553831804114e+02	1.355030719021900476e-01	8.123864767368202400e-02	3.243563759161046667e-01	2.063957000169429346e-01	9.603128412204464670e-02	4.662357582895481495e-02	1.098513445384693421e-01
3.628327660241463377e+02	1.354362731075757775e-01	8.119741306148206550e-02	3.243981229176404746e-01	2.064116036578931002e-01	9.604112174093563936e-02	4.663364779314303765e-02	1.098818177197183193e-01
3.773460766651120935e+02	1.353713338321977100e-01	8.115699576381485425e-02	3.244396475438361405e-01	2.064264444522106168e-01	9.605080456917083898e-02	4.664300536575175654e-02	1.099117684714064902e-01
3.918593873060780197e+02	1.353081967243862371e-01	8.111736789829911143e-02	3.244809086334556336e-01	2.064402995393047335e-01	9.606033358021609514e-02	4.665171198274874892e-02	1.099411816399778752e-01
4.063726979470438323e+02	1.352468066452885698e-01	8.107850341320498033e-02	3.245218692257894610e-01	2.064532407381448609e-01	9.606970970927050657e-02	4.665982459450226938e-02	1.099700456721877384e-01
4.208860085880095880e+02	1.351871105584106780e-01	8.104037791514900890e-02	3.245624961979431400e-01	2.064653348912287301e-01	9.607893391940887373e-02	4.666739435910517014e-02	1.099983521571427231e-01
4.353993192289755143e+02	1.351290574260146649e-01	8.100296851486368799e-02	3.246027599445843737e-01	2.064766441919406170e-01	9.608800723928959120e-02	4.667446726053146172e-02	1.100260954211639691e-01
4.499126298699413837e+02	1.350725981118059971e-01	8.096625368909129983e-02	3.246426340911743869e-01	2.064872264940817714e-01	9.609693078278584710e-02	4.668108465983619726e-02	1.100532721696128036e-01
4.644259405109071963e+02	1.350176852894276192e-01	8.093021315686454997e-02	3.246820952344585121e-01	2.064971356032571093e-01	9.610570575723907660e-02	4.668728378670358725e-02	1.100798811704378072e-01
4.789392511518730657e+02	1.349642733563372887e-01	8.089482776862533253e-02	3.247211227058023897e-01	2.065064215503550349e-01	9.611433346465964034e-02	4.669309817784432493e-02	1.101059229747641949e-01
4.934525617928388783e+02	1.349123183526924896e-01	8.086007940680201012e-02	3.247596983541605753e-01	2.065151308476877723e-01	9.612281529866112395e-02	4.669855806802991616e-02	1.101313996703543741e-01
5.079658724338048046e+02	1.348617778849029170e-01	8.082595089661460952e-02	3.247978063462668707e-01	2.065233067285456858e-01	9.613115273891541246e-02	4.670369073891746797e-02	1.101563146642253188e-01
5.224791830747705035e+02	1.348126110535417532e-01	8.079242592601187933e-02	3.248354329821778741e-01	2.065309893710141897e-01	9.613934734427023732e-02	4.670852083025498619e-02	1.101806724911172514e-01
5.369924937157364866e+02	1.347647783853322123e-01	8.075948897376249158e-02	3.248725665246723349e-01	2.065382161069395650e-01	9.614740074525145175e-02	4.671307061755528012e-02	1.102044786448747593e-01
5.515058043567023560e+02	1.347182417689467837e-01	8.072712524482893170e-02	3.249091970412705255e-01	2.065450216169320286e-01	9.615531463640164533e-02	4.671736025988050545e-02	1.102277394301277025e-01
5.660191149976681118e+02	1.346729643943776200e-01	8.069532061224692077e-02	3.249453162578237464e-01	2.065514381122740273e-01	9.616309076873291728e-02	4.672140802098190965e-02	1.102504618319509605e-01
5.805324256386339812e+02	1.346289106956525261e-01	8.066406156481750744e-02	3.249809174227621389e-01	2.065574955045706151e-01	9.617073094245812137e-02	4.672523046668550922e-02	1.102726534014417253e-01
5.950457362795999643e+02	1.345860462966872451e-01	8.063333515999386580e-02	3.250159951811924519e-01	2.065632215639373326e-01	9.617823700009409116e-02	4.672884264109952029e-02	1.102943221553836645e-01
6.095590469205657200e+02	1.345443379600786138e-01	8.060312898141160087e-02	3.250505454581214537e-01	2.065686420664807066e-01	9.618561081998350248e-02	4.673225822393863721e-02	1.103154764883736011e-01
6.240723575615315895e+02	1.345037535386569838e-01	8.057343110057099689e-02	3.250845653501460708e-01	2.065737809317811646e-01	9.619285431025384470e-02	4.673548967101045365e-02	1.103361250959686291e-01
6.385856682024975726e+02	1.344642619296275154e-01	8.054423004223264237e-02	3.251180530250081246e-01	2.065786603510451624e-01	9.619996940321361156e-02	4.673854833968658223e-02	1.103562769075745048e-01
6.530989788434633283e+02	1.344258330311421112e-01	8.051551475313534212e-02	3.251510076284594430e-01	2.065833009065524972e-01	9.620695805017512314e-02	4.674144460098292320e-02	1.103759410279406689e-01
6.676122894844290840e+02	1.343884377011533016e-01	8.048727457368701210e-02	3.251834291979253111e-01	2.065877216829833940e-01	9.621382221668683954e-02	4.674418793969663949e-02	1.103951266862555902e-01
6.821256001253949535e+02	1.343520477184117767e-01	8.045949921231736190e-02	3.252153185824914194e-01	2.065919403711722890e-01	9.622056387815486334e-02	4.674678704389018807e-02	1.104138431919502034e-01
6.966389107663608229e+02	1.343166357454781412e-01	8.043217872221408715e-02	3.252466773687741619e-01	2.065959733647993457e-01	9.622718501583106543e-02	4.674924988487249439e-02	1.104320998964187922e-01
7.111522214073266923e+02	1.342821752936273205e-01	8.040530348019474249e-02	3.252775078122647767e-01	2.065998358504967103e-01	9.623368761314557429e-02	4.675158378870231113e-02	1.104499061599565901e-01
7.256655320482924481e+02	1.342486406895326556e-01	8.037886416749256968e-02	3.253078127737665803e-01	2.066035418918142907e-01	9.624007365236111888e-02	4.675379550012774554e-02	1.104672713232931064e-01
7.401788426892584312e+02	1.342160070436236585e-01	8.035285175225875820e-02	3.253375956605696340e-01	2.066071045074607815e-01	9.624634511152735383e-02	4.675589123977641481e-02	1.104842046831715913e-01
7.546921533302243006e+02	1.341842502200182863e-01	8.032725747360440482e-02	3.253668603720332730e-01	2.066105357442073742e-01	9.625250396171447509e-02	4.675787675532270399e-02	1.105007154714876677e-01
7.692054639711900563e+02	1.341533468079367797e-01	8.030207282702450655e-02	3.253956112492691899e-01	2.066138467448153659e-01	9.625855216450647511e-02	4.675975736727946974e-02	1.105168128375563774e-01
7.837187746121558121e+02	1.341232740945105251e-01	8.027728955106323838e-02	3.254238530286367448e-01	2.066170478113248388e-01	9.626449166973499727e-02	4.676153800999157534e-02	1.105325058331262655e-01
7.982320852531219089e+02	1.340940100389041711e-01	8.025289961509449177e-02	3.254515907987844958e-01	2.066201484640187436e-01	9.627032441343667812e-02	4.676322326834616433e-02	1.105478033998033710e-01
8.127453958940876646e+02	1.340655332476753669e-01	8.022889520810543018e-02	3.254788299609888691e-01	2.066231574963556805e-01	9.627605231601726876e-02	4.676481741065853515e-02	1.105627143585869721e-01
8.272587065350534203e+02	1.340378229513006225e-01	8.020526872838233678e-02	3.255055761925567670e-01	2.066260830261444081e-01	9.628167728060714470e-02	4.676632441814321944e-02	1.105772474012535478e-01
8.417720171760191761e+02	1.340108589818004847e-01	8.018201277400902049e-02	3.255318354130781189e-01	2.066289325432154045e-01	9.628720119159377144e-02	4.676774801133518067e-02	1.105914110833560865e-01
8.562853278169851592e+02	1.339846217514015225e-01	8.015912013409755288e-02	3.255576137533241488e-01	2.066317129538266240e-01	9.629262591331791410e-02	4.676909167378699023e-02	1.106052138186332939e-01
8.707986384579510286e+02	1.339590922321768074e-01	8.013658378067917143e-02	3.255829175266061193e-01	2.066344306220255223e-01	9.629795328892085116e-02	4.677035867333226987e-02	1.106186638746472634e-01
8.853119490989170117e+02	1.339342519366093776e-01	8.011439686119135872e-02	3.256077532024185262e-01	2.066370914081737398e-01	9.630318513933086577e-02	4.677155208117473456e-02	1.106317693694894161e-01
8.998252597398827675e+02	1.339100828990277270e-01	8.009255269150340750e-02	3.256321273822037066e-01	2.066397007048270951e-01	9.630832326237846741e-02	4.677267478903380377e-02	1.106445382694138668e-01
9.143385703808486369e+02	1.338865676578649133e-01	8.007104474942892958e-02	3.256560467770868716e-01	2.066422634701505501e-01	9.631336943202982448e-02	4.677372952455326888e-02	1.106569783872736606e-01
9.288518810218145063e+02	1.338636892386959876e-01	8.004986666867944245e-02	3.256795181874401202e-01	2.066447842590356798e-01	9.631832539772924862e-02	4.677471886515689736e-02	1.106690973816505524e-01
9.433651916627801484e+02	1.338414311380112520e-01	8.002901223321727542e-02	3.257025484841435392e-01	2.066472672520765497e-01	9.632319288384193212e-02	4.677564525051534916e-02	1.106809027565820169e-01
9.578785023037459041e+02	1.338197773076855446e-01	8.000847537197124104e-02	3.257251445914209342e-01	2.066497162825497169e-01	9.632797358918876451e-02	4.677651099377091309e-02	1.106924018618007516e-01
9.723918129447120009e+02	1.337987121401063018e-01	7.998825015388154325e-02	3.257473134711367790e-01	2.066521348615341924e-01	9.633266918666562317e-02	4.677731829165100025e-02	1.107036018934123567e-01
9.869051235856777566e+02	1.337782204539252617e-01	7.996833078324430688e-02	3.257690621084473603e-01	2.066545262012975948e-01	9.633728132294022695e-02	4.677806923358709956e-02	1.107145098949459117e-01
1.001418434226643626e+03	1.337582874804005562e-01	7.994871159532900007e-02	3.257903974987079732e-01	2.066568932370665967e-01	9.634181161821983586e-02	4.677876580994355660e-02	1.107251327587201739e-01
1.015931744867609382e+03	1.337388988502986598e-01	7.992938705224468532e-02	3.258113266355440740e-01	2.066592386472916043e-01	9.634626166608407927e-02	4.677940991944930932e-02	1.107354772274752319e-01
1.030445055508575479e+03	1.337200405813272208e-01	7.991035173903365818e-02	3.258318565000000167e-01	2.066615648725083076e-01	9.635063303337684792e-02	4.678000337591568802e-02	1.107455498962259255e-01
1.044958366149541234e+03	1.337016990660707394e-01	7.989160035997308618e-02	3.258519940506870993e-01	2.066638741328913065e-01	9.635492726015243425e-02	4.678054791431452558e-02	1.107553572142984666e-01
1.059471676790506763e+03	1.336838610604042799e-01	7.987312773506718977e-02	3.258717462148558175e-01	2.066661684445893488e-01	9.635914585967077228e-02	4.678104519628308033e-02	1.107649054875171207e-01
1.073984987431472746e+03	1.336665136723605152e-01	7.985492879671433897e-02	3.258911198803238207e-01	2.066684496349250055e-01	9.636329031843757220e-02	4.678149681511483554e-02	1.107742008805115003e-01
1.088498298072438729e+03	1.336496443514276211e-01	7.983699858653503512e-02	3.259101218881950701e-01	2.066707193565358869e-01	9.636736209628508909e-02	4.678190430028932034e-02	1.107832494191195311e-01
1.103011608713404712e+03	1.336332408782565928e-01	7.981933225234789930e-02	3.259287590263112433e-01	2.066729791005303962e-01	9.637136262648947349e-02	4.678226912158819917e-02	1.107920569928637772e-01
1.117524919354370468e+03	1.336172913547577779e-01	7.980192504528231534e-02	3.259470380233792652e-01	2.066752302087244142e-01	9.637529331592159521e-02	4.678259269283998462e-02	1.108006293574822082e-01
1.132038229995336451e+03	1.336017841945680851e-01	7.978477231701749939e-02	3.259649655437237281e-01	2.066774738850222226e-01	9.637915554522760719e-02	4.678287637533116994e-02	1.108089721374971720e-01
1.146551540636302207e+03	1.335867081138703005e-01	7.976786951713836504e-02	3.259825481826169047e-01	2.066797112059997332e-01	9.638295066903651565e-02	4.678312148091769151e-02	1.108170908288080153e-01
1.161064851277267962e+03	1.335720521225485791e-01	7.975121219059994049e-02	3.259997924621397813e-01	2.066819431307449495e-01	9.638668001619180026e-02	4.678332927486683612e-02	1.108249908012955559e-01
1.175578161918233945e+03	1.335578055156635136e-01	7.973479597529282981e-02	3.260167048275360302e-01	2.066841705100059545e-01	9.639034489000450345e-02	4.678350097845684202e-02	1.108326773014277206e-01
1.190091472559199701e+03	1.335439578652324322e-01	7.971861659970234937e-02	3.260332916440171203e-01	2.066863940946941647e-01	9.639394656852537380e-02	4.678363777135825796e-02	1.108401554548577028e-01
1.204604783200165684e+03	1.335304990123003799e-01	7.970266988065559388e-02	3.260495591939849280e-01	2.066886145437868416e-01	9.639748630483399583e-02	4.678374079381885514e-02	1.108474302690068969e-01
1.219118093841131440e+03	1.335174190592886556e-01	7.968695172115029812e-02	3.260655136746379856e-01	2.066908324316699963e-01	9.640096532734272750e-02	4.678381114867142393e-02	1.108545066356264319e-01
1.233631404482097196e+03	1.335047083626086650e-01	7.967145810826062324e-02	3.260811611959308909e-01	2.066930482549601267e-01	9.640438484011353004e-02	4.678384990318188580e-02	1.108613893333317835e-01
1.248144715123063179e+03	1.334923575255287653e-01	7.965618511111502431e-02	3.260965077788577915e-01	2.066952624388401494e-01	9.640774602318612219e-02	4.678385809075325669e-02	1.108680830301063402e-01
1.262658025764028707e+03	1.334803573912829167e-01	7.964112887894178594e-02	3.261115593540338531e-01	2.066974753429436928e-01	9.641105003291577935e-02	4.678383671249946446e-02	1.108745922857699295e-01
1.277171336404994690e+03	1.334686990364111481e-01	7.962628563917859004e-02	3.261263217605496756e-01	2.066996872668176999e-01	9.641429800231926528e-02	4.678378673870139948e-02	1.108809215544095672e-01
1.291684647045960673e+03	1.334573737643211522e-01	7.961165169564235478e-02	3.261408007450763424e-01	2.067018984549931770e-01	9.641749104142774418e-02	4.678370911015661271e-02	1.108870751867699622e-01
1.306197957686926657e+03	1.334463730990617103e-01	7.959722342675598639e-02	3.261550019611993423e-01	2.067041091016906251e-01	9.642063023764517460e-02	4.678360473943247999e-02	1.108930574326019575e-01
1.320711268327892412e+03	1.334356887792993995e-01	7.958299728382929594e-02	3.261689309689623784e-01	2.067063193551854638e-01	9.642371665611125520e-02	4.678347451203206803e-02	1.108988724429674499e-01
1.335224578968857941e+03	1.334253127524893945e-01	7.956896978939113907e-02	3.261825932346018586e-01	2.067085293218566266e-01	9.642675134006793713e-02	4.678331928748065416e-02	1.109045242724997216e-01
1.349737889609823924e+03	1.334152371692330918e-01	7.955513753557025280e-02	3.261959941304563571e-01	2.067107390699405856e-01	9.642973531122829567e-02	4.678313990034022041e-02	1.109100168816185006e-01
1.364251200250789907e+03	1.334054543778141200e-01	7.954149718252258305e-02	3.262091389350346149e-01	2.067129486330108734e-01	9.643266957014720586e-02	4.678293716115849987e-02	1.109153541386993375e-01
1.378764510891755890e+03	1.333959569189064054e-01	7.952804545690277116e-02	3.262220328332279262e-01	2.067151580132019772e-01	9.643555509659283709e-02	4.678271185735830007e-02	1.109205398221970035e-01
1.393277821532721646e+03	1.333867375204464134e-01	7.951477915037799549e-02	3.262346809166530859e-01	2.067173671841956994e-01	9.643839284991834182e-02	4.678246475407261268e-02	1.109255776227230650e-01
1.407791132173687402e+03	1.333777890926641785e-01	7.950169511818222512e-02	3.262470881841141312e-01	2.067195760939858629e-01	9.644118376943305870e-02	4.678219659493002697e-02	1.109304711450776887e-01
1.422304442814653157e+03	1.333691047232659910e-01	7.948879027770917871e-02	3.262592595421710540e-01	2.067217846674374859e-01	9.644392877477264703e-02	4.678190810279487383e-02	1.109352239102359555e-01
1.436817753455619140e+03	1.333606776727634391e-01	7.947606160714236478e-02	3.262711998058046570e-01	2.067239928086538336e-01	9.644662876626765302e-02	4.678159998046585444e-02	1.109398393572893909e-01
1.451331064096585123e+03	1.333525013699429218e-01	7.946350614412100999e-02	3.262829136991682866e-01	2.067262004031653888e-01	9.644928462530996671e-02	4.678127291133671317e-02	1.109443208453429336e-01
1.465844374737550879e+03	1.333445694074705534e-01	7.945112098443997406e-02	3.262944058564168359e-01	2.067284073199529004e-01	9.645189721471682243e-02	4.678092756002199398e-02	1.109486716553681196e-01
1.480357685378516862e+03	1.333368755376272419e-01	7.943890328078290208e-02	3.263056808226050265e-01	2.067306134133161943e-01	9.645446737909182944e-02	4.678056457295077381e-02	1.109528949920132179e-01
1.494870996019482618e+03	1.333294136681692221e-01	7.942685024148710138e-02	3.263167430546469738e-01	2.067328185245991268e-01	9.645699594518286624e-02	4.678018457893085708e-02	1.109569939853709969e-01
1.509384306660448374e+03	1.333221778583093819e-01	7.941495912933903278e-02	3.263275969223302653e-01	2.067350224837813666e-01	9.645948372223628331e-02	4.677978818968580449e-02	1.109609716927049544e-01
1.523897617301414357e+03	1.333151623148151332e-01	7.940322726039955592e-02	3.263382467093774442e-01	2.067372251109459991e-01	9.646193150234744218e-02	4.677937600036678051e-02	1.109648311001347198e-01
1.538410927942380113e+03	1.333083613882186380e-01	7.939165200285765167e-02	3.263486966145493495e-01	2.067394262176315278e-01	9.646434006080703560e-02	4.677894859004122496e-02	1.109685751242816543e-01
1.552924238583346096e+03	1.333017695691352256e-01	7.938023077591195575e-02	3.263589507527845379e-01	2.067416256080768233e-01	9.646671015644329994e-02	4.677850652215993776e-02	1.109722066138753016e-01
1.567437549224311852e+03	1.332953814846866702e-01	7.936896104867896540e-02	3.263690131563697361e-01	2.067438230803662069e-01	9.646904253195949519e-02	4.677805034500421427e-02	1.109757283513217868e-01
1.581950859865277607e+03	1.332891918950248888e-01	7.935784033912725299e-02	3.263788877761365503e-01	2.067460184274821644e-01	9.647133791426708294e-02	4.677758059211438446e-02	1.109791430542347995e-01
1.596464170506243590e+03	1.332831956899538095e-01	7.934686621303682630e-02	3.263885784826797698e-01	2.067482114382716285e-01	9.647359701481386662e-02	4.677709778270101870e-02	1.109824533769302179e-01
1.610977481147209119e+03	1.332773878856448047e-01	7.933603628298288579e-02	3.263980890675942659e-01	2.067504018983325753e-01	9.647582052990742729e-02	4.677660242203998675e-02	1.109856619118851362e-01
1.625490791788175102e+03	1.332717636214436618e-01	7.932534820734329917e-02	3.264074232447258250e-01	2.067525895908262079e-01	9.647800914103343839e-02	4.677609500185246627e-02	1.109887711911621833e-01
1.640004102429141085e+03	1.332663181567651789e-01	7.931479968932893254e-02	3.264165846514328062e-01	2.067547742972203895e-01	9.648016351516902622e-02	4.677557600067074051e-02	1.109917836877999664e-01
1.654517413070107068e+03	1.332610468680730242e-01	7.930438847603654695e-02	3.264255768498562360e-01	2.067569557979689332e-01	9.648228430509095399e-02	4.677504588419078430e-02	1.109947018171705546e-01
1.669030723711072824e+03	1.332559452459418370e-01	7.929411235752317766e-02	3.264344033281947333e-01	2.067591338731314954e-01	9.648437214967864328e-02	4.677450510561237396e-02	1.109975279383047658e-01
1.683544034352038352e+03	1.332510088921992353e-01	7.928396916590180199e-02	3.264430675019820982e-01	2.067613083029385401e-01	9.648642767421196365e-02	4.677395410596742187e-02	1.110002643551859652e-01
1.698057344993004335e+03	1.332462335171446521e-01	7.927395677445742139e-02	3.264515727153653457e-01	2.067634788683050950e-01	9.648845149066381799e-02	4.677339331443731985e-02	1.110029133180133604e-01
1.712570655633970318e+03	1.332416149368430558e-01	7.926407309678332180e-02	3.264599222423807956e-01	2.067656453512971282e-01	9.649044419798748218e-02	4.677282314865979090e-02	1.110054770244354588e-01
1.727083966274936301e+03	1.332371490704908901e-01	7.925431608593654087e-02	3.264681192882266103e-01	2.067678075355539602e-01	9.649240638239867107e-02	4.677224401502586698e-02	1.110079576207544660e-01
1.741597276915902057e+03	1.332328319378522918e-01	7.924468373361261142e-02	3.264761669905296704e-01	2.067699652066702920e-01	9.649433861765233100e-02	4.677165630896744364e-02	1.110103572031023028e-01
1.756110587556867813e+03	1.332286596567629766e-01	7.923517406933852647e-02	3.264840684206057886e-01	2.067721181525400964e-01	9.649624146531433910e-02	4.677106041523602237e-02	1.110126778185891450e-01
1.770623898197833569e+03	1.332246284407001824e-01	7.922578515968380086e-02	3.264918265847112089e-01	2.067742661636660095e-01	9.649811547502787357e-02	4.677045670817298051e-02	1.110149214664248596e-01
1.785137208838799552e+03	1.332207345964163403e-01	7.921651510748921321e-02	3.264994444252845018e-01	2.067764090334360816e-01	9.649996118477460749e-02	4.676984555197172266e-02	1.110170900990144344e-01
1.799650519479765535e+03	1.332169745216347234e-01	7.920736205111245098e-02	3.265069248221778575e-01	2.067785465583710514e-01	9.650177912113089285e-02	4.676922730093222708e-02	1.110191856230277052e-01
1.814163830120731291e+03	1.332133447028051032e-01	7.919832416369058936e-02	3.265142705938762213e-01	2.067806785383437262e-01	9.650356979951869862e-02	4.676860229970822985e-02	1.110212099004442704e-01
1.828677140761696819e+03	1.332098417129179702e-01	7.918939965241883483e-02	3.265214844987038845e-01	2.067828047767728827e-01	9.650533372445169178e-02	4.676797088354744947e-02	1.110231647495740354e-01
1.843190451402663257e+03	1.332064622093748485e-01	7.918058675784521439e-02	3.265285692360177516e-01	2.067849250807936579e-01	9.650707138977604460e-02	4.676733337852500422e-02	1.110250519460542068e-01
1.857703762043628785e+03	1.332032029319139832e-01	7.917188375318057192e-02	3.265355274473857317e-01	2.067870392614062358e-01	9.650878327890662078e-02	4.676669010177050834e-02	1.110268732238230555e-01
1.872217072684594768e+03	1.332000607005891513e-01	7.916328894362399671e-02	3.265423617177509175e-01	2.067891471336042730e-01	9.651046986505804059e-02	4.676604136168895087e-02	1.110286302760713772e-01
1.886730383325560297e+03	1.331970324138002926e-01	7.915480066570285134e-02	3.265490745765800007e-01	2.067912485164850322e-01	9.651213161147104147e-02	4.676538745817562098e-02	1.110303247561719026e-01
1.901243693966526507e+03	1.331941150463744894e-01	7.914641728662721865e-02	3.265556684989959768e-01	2.067933432333423360e-01	9.651376897163406465e-02	4.676472868282537804e-02	1.110319582785872505e-01
1.915757004607492036e+03	1.331913056476959067e-01	7.913813720365857340e-02	3.265621459068945298e-01	2.067954311117439214e-01	9.651538238950012338e-02	4.676406531913637754e-02	1.110335324197572054e-01
1.930270315248458019e+03	1.331886013398830004e-01	7.912995884349213749e-02	3.265685091700438747e-01	2.067975119835943898e-01	9.651697229969913305e-02	4.676339764270857902e-02	1.110350487189655233e-01
1.944783625889424002e+03	1.331859993160122158e-01	7.912188066165262712e-02	3.265747606071675579e-01	2.067995856851847225e-01	9.651853912774552291e-02	4.676272592143707746e-02	1.110365086791869210e-01
1.959296936530389530e+03	1.331834968383862616e-01	7.911390114190325340e-02	3.265809024870104382e-01	2.068016520572298345e-01	9.652008329024162891e-02	4.676205041570053594e-02	1.110379137679146783e-01
1.973810247171355968e+03	1.331810912368462663e-01	7.910601879566749040e-02	3.265869370293871254e-01	2.068037109448949973e-01	9.652160519507643754e-02	4.676137137854487202e-02	1.110392654179694349e-01
1.988323557812321269e+03	1.331787799071262324e-01	7.909823216146338876e-02	3.265928664062133224e-01	2.068057621978118266e-01	9.652310524162011074e-02	4.676068905586229507e-02	1.110405650282894618e-01
2.002836868453287707e+03	1.331765603092487926e-01	7.909053980435014342e-02	3.265986927425192921e-01	2.068078056700852208e-01	9.652458382091425038e-02	4.676000368656594436e-02	1.110418139647029456e-01
2.017350179094252780e+03	1.331744299659612385e-01	7.908294031538665170e-02	3.266044181174462824e-01	2.068098412202914460e-01	9.652604131585793001e-02	4.675931550276014176e-02	1.110430135606828850e-01
2.031863489735218764e+03	1.331723864612102404e-01	7.907543231110174264e-02	3.266100445652249662e-01	2.068118687114687271e-01	9.652747810138978535e-02	4.675862472990652274e-02	1.110441651180846118e-01
2.046376800376184747e+03	1.331704274386550646e-01	7.906801443297592491e-02	3.266155740761363391e-01	2.068138880111007327e-01	9.652889454466573316e-02	4.675793158698608037e-02	1.110452699078667282e-01
2.060890111017150957e+03	1.331685506002174280e-01	7.906068534693418137e-02	3.266210085974555200e-01	2.068158989910933721e-01	9.653029100523319306e-02	4.675723628665726106e-02	1.110463291707956962e-01
2.075403421658116713e+03	1.331667537046673233e-01	7.905344374284981046e-02	3.266263500343776771e-01	2.068179015277460953e-01	9.653166783520096550e-02	4.675653903541025086e-02	1.110473441181345083e-01
2.089916732299082469e+03	1.331650345662442336e-01	7.904628833405889787e-02	3.266316002509268568e-01	2.068198955017177543e-01	9.653302537940562644e-02	4.675584003371757724e-02	1.110483159323157470e-01
2.104430042940048224e+03	1.331633910533119303e-01	7.903921785688526602e-02	3.266367610708473257e-01	2.068218807979876339e-01	9.653436397557405013e-02	4.675513947618104016e-02	1.110492457675994749e-01
2.118943353581013525e+03	1.331618210870470220e-01	7.903223107017559590e-02	3.266418342784780382e-01	2.068238573058122920e-01	9.653568395448229589e-02	4.675443755167520143e-02	1.110501347507162478e-01
2.133456664221980191e+03	1.331603226401593121e-01	7.902532675484456870e-02	3.266468216196101171e-01	2.068258249186787356e-01	9.653698564011091443e-02	4.675373444348741858e-02	1.110509839814956407e-01
2.147969974862945492e+03	1.331588937356440461e-01	7.901850371342970802e-02	3.266517248023270703e-01	2.068277835342538229e-01	9.653826934979675700e-02	4.675303032945457571e-02	1.110517945334807410e-01
2.162483285503912157e+03	1.331575324455645526e-01	7.901176076965589490e-02	3.266565454978290206e-01	2.068297330543308055e-01	9.653953539438128728e-02	4.675232538209657396e-02	1.110525674545285585e-01
2.176996596144877003e+03	1.331562368898649706e-01	7.900509676800906989e-02	3.266612853412399486e-01	2.068316733847732070e-01	9.654078407835561815e-02	4.675161976874669945e-02	1.110533037673971379e-01
2.191509906785843214e+03	1.331550052352118152e-01	7.899851057331916393e-02	3.266659459323989489e-01	2.068336044354562864e-01	9.654201570000212063e-02	4.675091365167889645e-02	1.110540044703193924e-01
2.206023217426809424e+03	1.331538356938641310e-01	7.899200107035192486e-02	3.266705288366351656e-01	2.068355261202063644e-01	9.654323055153289646e-02	4.675020718823209159e-02	1.110546705375640153e-01
2.220536528067775180e+03	1.331527265225710410e-01	7.898556716340943140e-02	3.266750355855271848e-01	2.068374383567384567e-01	9.654442891922510039e-02	4.674950053093154118e-02	1.110553029199838476e-01
2.235049838708740936e+03	1.331516760214963291e-01	7.897920777593918362e-02	3.266794676776463846e-01	2.068393410665922694e-01	9.654561108355312615e-02	4.674879382760743773e-02	1.110559025455518656e-01
2.249563149349706237e+03	1.331506825331693067e-01	7.897292185015158950e-02	3.266838265792851859e-01	2.068412341750668904e-01	9.654677731931772533e-02	4.674808722151065077e-02	1.110564703198852338e-01
2.264076459990672902e+03	1.331497444414609932e-01	7.896670834664552829e-02	3.266881137251700373e-01	2.068431176111544811e-01	9.654792789577223977e-02	4.674738085142586541e-02	1.110570071267574510e-01
2.278589770631638203e+03	1.331488601705853592e-01	7.896056624404189372e-02	3.266923305191591353e-01	2.068449913074730528e-01	9.654906307674593346e-02	4.674667485178200799e-02	1.110575138285991720e-01
2.293103081272604413e+03	1.331480281841247726e-01	7.895449453862506128e-02	3.266964783349259882e-01	2.068468552001984373e-01	9.655018312076442399e-02	4.674596935276015275e-02	1.110579912669876629e-01
2.307616391913570169e+03	1.331472469840792872e-01	7.894849224399186349e-02	3.267005585166279369e-01	2.068487092289957585e-01	9.655128828116738005e-02	4.674526448039892368e-02	1.110584402631253631e-01
2.322129702554535925e+03	1.331465151099385513e-01	7.894255839070808689e-02	3.267045723795606871e-01	2.068505533369505989e-01	9.655237880622355440e-02	4.674456035669741216e-02	1.110588616183076360e-01
2.336643013195502135e+03	1.331458311377766435e-01	7.893669202597235202e-02	3.267085212107987968e-01	2.068523874704997767e-01	9.655345493924313849e-02	4.674385709971574238e-02	1.110592561143800977e-01
2.351156323836467891e+03	1.331451936793686952e-01	7.893089221328694616e-02	3.267124062698222309e-01	2.068542115793621516e-01	9.655451691868748021e-02	4.674315482367332603e-02	1.110596245141857175e-01
2.365669634477433647e+03	1.331446013813285534e-01	7.892515803213590031e-02	3.267162287891298145e-01	2.068560256164693190e-01	9.655556497827630369e-02	4.674245363904477174e-02	1.110599675620017462e-01
2.380182945118399402e+03	1.331440529242679527e-01	7.891948857766965808e-02	3.267199899748390313e-01	2.068578295378965815e-01	9.655659934709251435e-02	4.674175365265365728e-02	1.110602859839670276e-01
2.394696255759364703e+03	1.331435470219751449e-01	7.891388296039661410e-02	3.267236910072726652e-01	2.068596233027938658e-01	9.655762024968440882e-02	4.674105496776403273e-02	1.110605804884996634e-01
2.409209566400331823e+03	1.331430824206141228e-01	7.890834030588107784e-02	3.267273330415330634e-01	2.068614068733171663e-01	9.655862790616584479e-02	4.674035768416992531e-02	1.110608517667052014e-01
2.423722877041296670e+03	1.331426578979425790e-01	7.890285975444770450e-02	3.267309172080635760e-01	2.068631802145602661e-01	9.655962253231371861e-02	4.673966189828268614e-02	1.110611004927758577e-01
2.438236187682262880e+03	1.331422722625491273e-01	7.889744046089212925e-02	3.267344446131977276e-01	2.068649432944870137e-01	9.656060433966345835e-02	4.673896770321631089e-02	1.110613273243806487e-01
2.452749498323228636e+03	1.331419243531085372e-01	7.889208159419783262e-02	3.267379163396961772e-01	2.068666960838639879e-01	9.656157353560221313e-02	4.673827518887085225e-02	1.110615329030468085e-01
2.467262808964194392e+03	1.331416130376551765e-01	7.888678233725883449e-02	3.267413334472720754e-01	2.068684385561938843e-01	9.656253032345989140e-02	4.673758444201384782e-02	1.110617178545326711e-01
2.481776119605160602e+03	1.331413372128736894e-01	7.888154188660836952e-02	3.267446969731047646e-01	2.068701706876493462e-01	9.656347490259808986e-02	4.673689554635987453e-02	1.110618827891921845e-01
2.496289430246126358e+03	1.331410958034068837e-01	7.887635945215323852e-02	3.267480079323419329e-01	2.068718924570077389e-01	9.656440746849703771e-02	4.673620858264825734e-02	1.110620283023311533e-01
2.510802740887092114e+03	1.331408877611802710e-01	7.887123425691380807e-02	3.267512673185907768e-01	2.068736038455864512e-01	9.656532821284041779e-02	4.673552362871897375e-02	1.110621549745556269e-01
2.525316051528057415e+03	1.331407120647425668e-01	7.886616553676940866e-02	3.267544761043977286e-01	2.068753048371790859e-01	9.656623732359831402e-02	4.673484075958683065e-02	1.110622633721123492e-01
2.539829362169024080e+03	1.331405677186223435e-01	7.886115254020924226e-02	3.267576352417186358e-01	2.068769954179923709e-01	9.656713498510824389e-02	4.673416004751387159e-02	1.110623540472215759e-01
2.554342672809989381e+03	1.331404537526999499e-01	7.885619452808834140e-02	3.267607456623771722e-01	2.068786755765839314e-01	9.656802137815423404e-02	4.673348156208013277e-02	1.110624275384025084e-01
2.568855983450955591e+03	1.331403692215943624e-01	7.885129077338884351e-02	3.267638082785138676e-01	2.068803453038009776e-01	9.656889668004414728e-02	4.673280537025273351e-02	1.110624843707912618e-01
2.583369294091921347e+03	1.331403132040651360e-01	7.884644056098621956e-02	3.267668239830244792e-01	2.068820045927198537e-01	9.656976106468524723e-02	4.673213153645340567e-02	1.110625250564518107e-01
2.597882604732887103e+03	1.331402848024281216e-01	7.884164318742034605e-02	3.267697936499891487e-01	2.068836534385863346e-01	9.657061470265793091e-02	4.673146012262439919e-02	1.110625500946798155e-01
2.612395915373853313e+03	1.331402831419857546e-01	7.883689796067146205e-02	3.267727181350913446e-01	2.068852918387571460e-01	9.657145776128782388e-02	4.673079118829285422e-02	1.110625599722997320e-01
2.626909226014819069e+03	1.331403073704704454e-01	7.883220419994083072e-02	3.267755982760274236e-01	2.068869197926421488e-01	9.657229040471623782e-02	4.673012479063374386e-02	1.110625551639552039e-01
2.641422536655784825e+03	1.331403566575017350e-01	7.882756123543598059e-02	3.267784348929076987e-01	2.068885373016476070e-01	9.657311279396890713e-02	4.672946098453124864e-02	1.110625361323928639e-01
2.655935847296750580e+03	1.331404301940561363e-01	7.882296840816041539e-02	3.267812287886474598e-01	2.068901443691203434e-01	9.657392508702322687e-02	4.672879982263876408e-02	1.110625033287396951e-01
2.670449157937716336e+03	1.331405271919497701e-01	7.881842506970775097e-02	3.267839807493499449e-01	2.068917410002928670e-01	9.657472743887390854e-02	4.672814135543751357e-02	1.110624571927743276e-01
2.684962468578682547e+03	1.331406468833334356e-01	7.881393058206018210e-02	3.267866915446800968e-01	2.068933272022294712e-01	9.657552000159713712e-02	4.672748563129371785e-02	1.110623981531919935e-01
2.699475779219648302e+03	1.331407885201996433e-01	7.880948431739112636e-02	3.267893619282303264e-01	2.068949029837734155e-01	9.657630292441327091e-02	4.672683269651452947e-02	1.110623266278636945e-01
2.713989089860614058e+03	1.331409513739014450e-01	7.880508565787197606e-02	3.267919926378777817e-01	2.068964683554948003e-01	9.657707635374804256e-02	4.672618259540255170e-02	1.110622430240893882e-01
2.728502400501579814e+03	1.331411347346826979e-01	7.880073399548295776e-02	3.267945843961335695e-01	2.068980233296397186e-01	9.657784043329240009e-02	4.672553537030915000e-02	1.110621477388454986e-01
2.743015711142545115e+03	1.331413379112198481e-01	7.879642873182783613e-02	3.267971379104838148e-01	2.068995679200801574e-01	9.657859530406100179e-02	4.672489106168649375e-02	1.110620411590268336e-01
2.757529021783511780e+03	1.331415602301742052e-01	7.879216927795254510e-02	3.267996538737235612e-01	2.069011021422649810e-01	9.657934110444928166e-02	4.672424970813835593e-02	1.110619236616830346e-01
2.772042332424477081e+03	1.331418010357552639e-01	7.878795505416751055e-02	3.268021329642826767e-01	2.069026260131717754e-01	9.658007797028927977e-02	4.672361134646974695e-02	1.110617956142497254e-01
2.786555643065443292e+03	1.331420596892942676e-01	7.878378548987384489e-02	3.268045758465443207e-01	2.069041395512597470e-01	9.658080603490416804e-02	4.672297601173532045e-02	1.110616573747743030e-01
2.801068953706408593e+03	1.331423355688280963e-01	7.877966002339290008e-02	3.268069831711565287e-01	2.069056427764235095e-01	9.658152542916155492e-02	4.672234373728672424e-02	1.110615092921367342e-01
2.815582264347374803e+03	1.331426280686928421e-01	7.877557810179960929e-02	3.268093555753361912e-01	2.069071357099477870e-01	9.658223628152549922e-02	4.672171455481876484e-02	1.110613517062653266e-01
2.830095574988341014e+03	1.331429365991274039e-01	7.877153918075907590e-02	3.268116936831668706e-01	2.069086183744631435e-01	9.658293871810744169e-02	4.672108849441449635e-02	1.110611849483475466e-01
2.844608885629306769e+03	1.331432605858862139e-01	7.876754272436668758e-02	3.268139981058891808e-01	2.069100907939026290e-01	9.658363286271585968e-02	4.672046558458924775e-02	1.110610093410361321e-01
2.859122196270272525e+03	1.331435994698615677e-01	7.876358820499144986e-02	3.268162694421847259e-01	2.069115529934591469e-01	9.658431883690492270e-02	4.671984585233360937e-02	1.110608251986505007e-01
2.873635506911238281e+03	1.331439527067145301e-01	7.875967510312265052e-02	3.268185082784539341e-01	2.069130049995440146e-01	9.658499676002188505e-02	4.671922932315538540e-02	1.110606328273735788e-01
2.888148817552204036e+03	1.331443197665149736e-01	7.875580290721957699e-02	3.268207151890869522e-01	2.069144468397462189e-01	9.658566674925347928e-02	4.671861602112056810e-02	1.110604325254441471e-01
