0.000000000000000000e+00	1.368917741543621558e-01	8.309968846919635332e-02	3.246710956497776968e-01	2.059677890723584370e-01	9.627491824572781409e-02	4.721962422674042675e-02	1.058751101801602007e-01
1.451331064096584811e+01	1.367889086490128581e-01	8.296563041140453398e-02	3.243835708467675549e-01	2.061106436477599668e-01	9.624697326128646424e-02	4.707850014666793009e-02	1.064257730354237208e-01
2.902662128193169622e+01	1.366857939125874777e-01	8.283974370641800089e-02	3.241547196043519929e-01	2.062238143368674281e-01	9.622249860291900991e-02	4.696726812826014508e-02	1.069061617069189951e-01
4.353993192289755143e+01	1.365829782613496024e-01	8.272113555083304703e-02	3.239758923572960692e-01	2.063135648323235760e-01	9.620105382504620661e-02	4.687960264248137998e-02	1.073257725289932241e-01
5.805324256386339954e+01	1.364809133891087545e-01	8.260903020422873111e-02	3.238396480039922865e-01	2.063848340751006372e-01	9.618225773267002898e-02	4.681051640931827712e-02	1.076928001839044108e-01
7.256655320482924765e+01	1.363799692569891142e-01	8.250275303437352992e-02	3.237395869067804521e-01	2.064415165084103332e-01	9.616578027009670127e-02	4.675607730174193705e-02	1.080143167199310444e-01
8.707986384579510286e+01	1.362804466898336342e-01	8.240171675420610020e-02	3.236702069235553036e-01	2.064866830452201929e-01	9.615133552487313551e-02	4.671318513313828941e-02	1.082964259274964425e-01
1.015931744867609581e+02	1.361825880435704461e-01	8.230540954897042072e-02	3.236267792939370169e-01	2.065227552904795316e-01	9.613867569344011765e-02	4.667939566145011543e-02	1.085443964664754291e-01
1.161064851277267991e+02	1.360865862475217625e-01	8.221338483341433800e-02	3.236052416418558342e-01	2.065516429063875559e-01	9.612758587614041172e-02	4.665278182253148470e-02	1.087627766704716975e-01
1.306197957686926259e+02	1.359925924757470483e-01	8.212525241476939519e-02	3.236021057343316798e-01	2.065748519173819520e-01	9.611787958744494320e-02	4.663182431776798087e-02	1.089554935508800088e-01
1.451331064096584669e+02	1.359007226601920415e-01	8.204067086810717946e-02	3.236143779619230498e-01	2.065935701023016713e-01	9.610939488297402800e-02	4.661532534672851308e-02	1.091259381760965042e-01
1.596464170506243647e+02	1.358110630241205485e-01	8.195934095729230651e-02	3.236394907870075999e-01	2.066087343208004301e-01	9.610199101844127401e-02	4.660234058900113163e-02	1.092770393016597175e-01
1.741597276915902057e+02	1.357236747857900883e-01	8.188099995771083717e-02	3.236752436479768957e-01	2.066210835957727754e-01	9.609554556733154729e-02	4.659212557494703949e-02	1.094113268687937623e-01
1.886730383325560467e+02	1.356385981585726819e-01	8.180541675675033486e-02	3.237197520159397213e-01	2.066312009651178894e-01	9.608995193420018233e-02	4.658409340164473833e-02	1.095309867660974462e-01
2.031863489735219162e+02	1.355558557538914244e-01	8.173238762507850641e-02	3.237714034802561258e-01	2.066395464787357805e-01	9.608511720916780574e-02	4.657778139412034613e-02	1.096379080570729636e-01
2.176996596144877287e+02	1.354754554767600427e-01	8.166173256648895373e-02	3.238288198941481899e-01	2.066464832140553209e-01	9.608096031667767711e-02	4.657282481960309251e-02	1.097337237105897173e-01
2.322129702554535982e+02	1.353973929898189821e-01	8.159329216677567442e-02	3.238908247451783295e-01	2.066522977871104172e-01	9.607741041804185311e-02	4.656893616281063131e-02	1.098198457285871343e-01
2.467262808964194392e+02	1.353216538101049138e-01	8.152692487304522007e-02	3.239564150305115353e-01	2.066572165237250958e-01	9.607440553287367735e-02	4.656588878586970931e-02	1.098974954421928774e-01
2.612395915373852517e+02	1.352482150929910365e-01	8.146250464431400995e-02	3.240247370161188356e-01	2.066614182090072138e-01	9.607189134930781138e-02	4.656350404532197396e-02	1.099677296412621685e-01
2.757529021783511780e+02	1.351770471494845305e-01	8.139991892237871673e-02	3.240950653446419416e-01	2.066650441391028603e-01	9.606982019705129217e-02	4.656164113487218370e-02	1.100314631107915386e-01
2.902662128193169337e+02	1.351081147361129497e-01	8.133906687896665100e-02	3.241667850303975307e-01	2.066682060460074133e-01	9.606815016088145198e-02	4.656018907724111811e-02	1.100894880687159072e-01
3.047795234602828600e+02	1.350413781507555921e-01	8.127985790122645160e-02	3.242393759435941991e-01	2.066709923454718434e-01	9.606684431528689228e-02	4.655906041046579263e-02	1.101424909315223549e-01
3.192928341012487294e+02	1.349767941628099432e-01	8.122221028283882482e-02	3.243123994406606481e-01	2.066734730628295158e-01	9.606587006360410574e-02	4.655818621016821757e-02	1.101910667754118500e-01
3.338061447422145420e+02	1.349143168018770156e-01	8.116605009252896019e-02	3.243854868448568518e-01	2.066757037164997923e-01	9.606519856729288376e-02	4.655751216514739804e-02	1.102357318101202105e-01
3.483194553831804114e+02	1.348538980255834241e-01	8.111131019564364608e-02	3.244583295220919705e-01	2.066777283797340825e-01	9.606480425296937131e-02	4.655699548344185285e-02	1.102769341388587648e-01
3.628327660241463377e+02	1.347954882841327362e-01	8.105792940780359723e-02	3.245306703320166020e-01	2.066795820945031836e-01	9.606466438651878326e-02	4.655660245315439150e-02	1.103150630401938254e-01
3.773460766651120935e+02	1.347390369966051105e-01	8.100585176252861341e-02	3.246022962647534538e-01	2.066812927746295991e-01	9.606475870507892589e-02	4.655630651950244669e-02	1.103504569752249420e-01
3.918593873060780197e+02	1.346844929518390133e-01	8.095502587722223919e-02	3.246730320997539554e-01	2.066828827062582030e-01	9.606506909895268231e-02	4.655608676886567598e-02	1.103834104954312528e-01
4.063726979470438323e+02	1.346318046448638783e-01	8.090540440404965505e-02	3.247427349457948087e-01	2.066843697308861638e-01	9.606557933659964910e-02	4.655592673371110324e-02	1.104141802024176527e-01
4.208860085880095880e+02	1.345809205582670365e-01	8.085694355409393796e-02	3.248112895405493306e-01	2.066857681781386902e-01	9.606627482679970520e-02	4.655581345049621123e-02	1.104429898899780271e-01
4.353993192289755143e+02	1.345317893965228551e-01	8.080960268477233033e-02	3.248786042049152667e-01	2.066870896012600878e-01	9.606714241289335265e-02	4.655573671701576655e-02	1.104700349809431825e-01
4.499126298699413837e+02	1.344843602801575888e-01	8.076334394187113797e-02	3.249446073617225927e-01	2.066883433570791961e-01	9.606817019470446917e-02	4.655568850698509065e-02	1.104954863558027939e-01
4.644259405109071963e+02	1.344385829056344850e-01	8.071813194874530306e-02	3.250092445408918063e-01	2.066895370633705931e-01	9.606934737435540717e-02	4.655566250858270833e-02	1.105194936567426012e-01
4.789392511518730657e+02	1.343944076760010264e-01	8.067393353625285091e-02	3.250724758038549544e-01	2.066906769595651672e-01	9.607066412270512390e-02	4.655565376071645056e-02	1.105421881392272820e-01
4.934525617928388783e+02	1.343517858066175241e-01	8.063071750787734193e-02	3.251342735293043518e-01	2.066917681912702753e-01	9.607211146359080634e-02	4.655565836632858528e-02	1.105636851333339638e-01
5.079658724338048046e+02	1.343106694096681542e-01	8.058845443525328167e-02	3.251946205103192211e-01	2.066928150347285831e-01	9.607368117344064484e-02	4.655567326643256926e-02	1.105840861684803528e-01
5.224791830747705035e+02	1.342710115606269572e-01	8.054711647996629087e-02	3.252535083198031529e-01	2.066938210739310278e-01	9.607536569415978112e-02	4.655569606202477478e-02	1.106034808078108084e-01
5.369924937157364866e+02	1.342327663493975420e-01	8.050667723806639864e-02	3.253109359071001960e-01	2.066947893404062764e-01	9.607715805747961413e-02	4.655572487373554197e-02	1.106219482321372932e-01
5.515058043567023560e+02	1.341958889184567683e-01	8.046711160422106990e-02	3.253669083937754669e-01	2.066957224235885238e-01	9.607905181920926851e-02	4.655575823122881651e-02	1.106395586078429139e-01
5.660191149976681118e+02	1.341603354899998657e-01	8.042839565285667125e-02	3.254214360409601881e-01	2.066966225579911220e-01	9.608104100204228892e-02	4.655579498605097455e-02	1.106563742684217588e-01
5.805324256386339812e+02	1.341260633837979832e-01	8.039050653399963664e-02	3.254745333644639138e-01	2.066974916920957805e-01	9.608312004575660092e-02	4.655583424296271672e-02	1.106724507352462028e-01
5.950457362795999643e+02	1.340930310272347714e-01	8.035342238184269015e-02	3.255262183771413520e-01	2.066983315428268519e-01	9.608528376380540137e-02	4.655587530583916306e-02	1.106878375996326602e-01
6.095590469205657200e+02	1.340611979587777169e-01	8.031712223433169762e-02	3.255765119408270403e-01	2.066991436386609315e-01	9.608752730543351772e-02	4.655591763505207564e-02	1.107025792852399382e-01
6.240723575615315895e+02	1.340305248259594795e-01	8.028158596230167143e-02	3.256254372125940710e-01	2.066999293537757076e-01	9.608984612257331914e-02	4.655596081390132868e-02	1.107167157072173475e-01
6.385856682024975726e+02	1.340009733787894675e-01	8.024679420689195819e-02	3.256730191721940448e-01	2.067006899351331861e-01	9.609223594087566711e-02	4.655600452217806273e-02	1.107302828422605800e-01
6.530989788434633283e+02	1.339725064593826898e-01	8.021272832414383380e-02	3.257192842193505911e-01	2.067014265239904280e-01	9.609469273432028058e-02	4.655604851534788508e-02	1.107433132217872790e-01
6.676122894844290840e+02	1.339450879884785672e-01	8.017937033583345807e-02	3.257642598311432658e-01	2.067021401730152474e-01	9.609721270292559403e-02	4.655609260816259698e-02	1.107558363587642647e-01
6.821256001253949535e+02	1.339186829494244391e-01	8.014670288572248169e-02	3.258079742710660587e-01	2.067028318599340997e-01	9.609979225314380091e-02	4.655613666176141446e-02	1.107678791172707761e-01
6.966389107663608229e+02	1.338932573701136219e-01	8.011470920051949607e-02	3.258504563425079770e-01	2.067035024984436864e-01	9.610242798058392377e-02	4.655618057352137185e-02	1.107794660326330005e-01
7.111522214073266923e+02	1.338687783032962431e-01	8.008337305494214742e-02	3.258917351804068718e-01	2.067041529469621775e-01	9.610511665475388043e-02	4.655622426907361083e-02	1.107906195888881812e-01
7.256655320482924481e+02	1.338452138056179519e-01	8.005267874035203179e-02	3.259318400756901490e-01	2.067047840156742977e-01	9.610785520555492623e-02	4.655626769602582565e-02	1.108013604594078882e-01
7.401788426892584312e+02	1.338225329156894350e-01	8.002261103650651353e-02	3.259708003278630750e-01	2.067053964722281589e-01	9.611064071129853115e-02	4.655631081902842500e-02	1.108117077157090152e-01
7.546921533302243006e+02	1.338007056314421406e-01	7.999315518603311581e-02	3.260086451217467096e-01	2.067059910463656947e-01	9.611347038804646248e-02	4.655635361589905569e-02	1.108216790087900444e-01
7.692054639711900563e+02	1.337797028869881777e-01	7.996429687128511765e-02	3.260454034249229416e-01	2.067065684337094089e-01	9.611634158010247397e-02	4.655639607458031404e-02	1.108312907267347963e-01
7.837187746121558121e+02	1.337594965291671045e-01	7.993602219328359293e-02	3.260811039029203329e-01	2.067071292988801323e-01	9.611925175150679013e-02	4.655643819075361983e-02	1.108405581318116229e-01
7.982320852531219089e+02	1.337400592939339550e-01	7.990831765248991581e-02	3.261157748495869813e-01	2.067076742780844800e-01	9.612219847840534903e-02	4.655647996596934401e-02	1.108494954798532189e-01
8.127453958940876646e+02	1.337213647827181495e-01	7.988117013118785359e-02	3.261494441304515490e-01	2.067082039812802863e-01	9.612517944218233745e-02	4.655652140618333351e-02	1.108581161243198110e-01
8.272587065350534203e+02	1.337033874388613153e-01	7.985456687728312297e-02	3.261821391371797496e-01	2.067087189940063630e-01	9.612819242326052505e-02	4.655656252061310396e-02	1.108664326071191197e-01
8.417720171760191761e+02	1.336861025242242762e-01	7.982849548935451456e-02	3.262138867514973728e-01	2.067092198789439728e-01	9.613123529548575630e-02	4.655660332084544245e-02	1.108744567379720686e-01
8.562853278169851592e+02	1.336694860960368214e-01	7.980294390281210404e-02	3.262447133171771929e-01	2.067097071772636685e-01	9.613430602102397693e-02	4.655664382014167157e-02	1.108821996638679613e-01
8.707986384579510286e+02	1.336535149840524794e-01	7.977790037703744175e-02	3.262746446188858340e-01	2.067101814097994095e-01	9.613740264570842797e-02	4.655668403289819207e-02	1.108896719299416467e-01
8.853119490989170117e+02	1.336381667680566210e-01	7.975335348339694652e-02	3.263037058668518120e-01	2.067106430780834558e-01	9.614052329478300907e-02	4.655672397422906672e-02	1.108968835329225411e-01
8.998252597398827675e+02	1.336234197557687742e-01	7.972929209403391282e-02	3.263319216864652983e-01	2.067110926652679925e-01	9.614366616899495954e-02	4.655676365964428465e-02	1.109038439681481469e-01
9.143385703808486369e+02	1.336092529611700441e-01	7.970570537135675260e-02	3.263593161120429964e-01	2.067115306369549654e-01	9.614682954099636192e-02	4.655680310480318773e-02	1.109105622709991162e-01
9.288518810218145063e+02	1.335956460832808945e-01	7.968258275815177927e-02	3.263859125840999909e-01	2.067119574419494787e-01	9.615001175201901007e-02	4.655684232532672495e-02	1.109170470534956571e-01
9.433651916627801484e+02	1.335825794854067217e-01	7.965991396825790327e-02	3.264117339495655745e-01	2.067123735129510198e-01	9.615321120879234684e-02	4.655688133665575323e-02	1.109233065366942161e-01
9.578785023037459041e+02	1.335700341748660425e-01	7.963768897774871347e-02	3.264368024644576094e-01	2.067127792671918929e-01	9.615642638067746495e-02	4.655692015394534422e-02	1.109293485794364681e-01
9.723918129447120009e+02	1.335579917832092067e-01	7.961589801657388554e-02	3.264611397986003083e-01	2.067131751070315215e-01	9.615965579699430055e-02	4.655695879198729764e-02	1.109351807039270221e-01
9.869051235856777566e+02	1.335464345469337955e-01	7.959453156061832568e-02	3.264847670420302217e-01	2.067135614205133087e-01	9.616289804452159140e-02	4.655699726515441506e-02	1.109408101185519746e-01
1.001418434226643626e+03	1.335353452886987591e-01	7.957358032414207916e-02	3.265077047127858956e-01	2.067139385818887454e-01	9.616615176515218300e-02	4.655703558736189879e-02	1.109462437382941480e-01
1.015931744867609382e+03	1.335247073990376288e-01	7.955303525256889052e-02	3.265299727658206863e-01	2.067143069521136522e-01	9.616941565368811173e-02	4.655707377204190700e-02	1.109514882030528116e-01
1.030445055508575479e+03	1.335145048185680250e-01	7.953288751559478564e-02	3.265515906028172433e-01	2.067146668793193309e-01	9.617268845576217029e-02	4.655711183212828813e-02	1.109565498941338102e-01
1.044958366149541234e+03	1.335047220206936058e-01	7.951312850059159831e-02	3.265725770827127561e-01	2.067150186992618988e-01	9.617596896587408961e-02	4.655714978004917709e-02	1.109614349491405277e-01
1.059471676790506763e+03	1.334953439947929310e-01	7.949374980628350074e-02	3.265929505327747617e-01	2.067153627357515011e-01	9.617925602553095699e-02	4.655718762772553809e-02	1.109661492754645401e-01
1.073984987431472746e+03	1.334863562298884143e-01	7.947474323667634566e-02	3.266127287600895657e-01	2.067156993010636767e-01	9.618254852148286349e-02	4.655722538657426635e-02	1.109706985625485559e-01
1.088498298072438729e+03	1.334777446987880922e-01	7.945610079522280600e-02	3.266319290633472594e-01	2.067160286963341254e-01	9.618584538404581497e-02	4.655726306751470367e-02	1.109750882930709559e-01
1.103011608713404712e+03	1.334694958426907163e-01	7.943781467920735251e-02	3.266505682448239689e-01	2.067163512119382651e-01	9.618914558550469007e-02	4.655730068097764518e-02	1.109793237531810639e-01
1.117524919354370468e+03	1.334615965562463979e-01	7.941987727433728883e-02	3.266686626224793999e-01	2.067166671278565238e-01	9.619244813859012533e-02	4.655733823691627499e-02	1.109834100418976843e-01
1.132038229995336451e+03	1.334540341730620361e-01	7.940228114952734007e-02	3.266862280420980702e-01	2.067169767140264180e-01	9.619575209502372048e-02	4.655737574481832314e-02	1.109873520797678703e-01
1.146551540636302207e+03	1.334467964516423133e-01	7.938501905186630403e-02	3.267032798894167200e-01	2.067172802306818935e-01	9.619905654412684581e-02	4.655741321371913849e-02	1.109911546168706464e-01
1.161064851277267962e+03	1.334398715617558517e-01	7.936808390175605077e-02	3.267198331021885505e-01	2.067175779286810067e-01	9.620236061148827733e-02	4.655745065221536527e-02	1.109948222402388496e-01
1.175578161918233945e+03	1.334332480712161206e-01	7.935146878821318361e-02	3.267359021821432674e-01	2.067178700498222277e-01	9.620566345768716277e-02	4.655748806847891108e-02	1.109983593807630370e-01
1.190091472559199701e+03	1.334269149330667703e-01	7.933516696432536819e-02	3.267515012068102354e-01	2.067181568271500014e-01	9.620896427706754350e-02	4.655752547027108140e-02	1.110017703196329447e-01
1.204604783200165684e+03	1.334208614731607623e-01	7.931917184285450229e-02	3.267666438411758745e-01	2.067184384852499557e-01	9.621226229656132389e-02	4.655756286495670027e-02	1.110050591943648884e-01
1.219118093841131440e+03	1.334150773781229704e-01	7.930347699197992650e-02	3.267813433491544295e-01	2.067187152405342287e-01	9.621555677455699562e-02	4.655760025951811293e-02	1.110082300044574061e-01
1.233631404482097196e+03	1.334095526836857337e-01	7.928807613117509756e-02	3.267956126048537357e-01	2.067189873015174706e-01	9.621884699981125832e-02	4.655763766056900121e-02	1.110112866167117240e-01
1.248144715123063179e+03	1.334042777633871191e-01	7.927296312721203442e-02	3.268094641036222714e-01	2.067192548690835741e-01	9.622213229040153804e-02	4.655767507436791436e-02	1.110142327702495907e-01
1.262658025764028707e+03	1.333992433176217907e-01	7.925813199028791667e-02	3.268229099728656717e-01	2.067195181367436907e-01	9.622541199271696100e-02	4.655771250683157086e-02	1.110170720812565098e-01
1.277171336404994690e+03	1.333944403630340503e-01	7.924357687026890862e-02	3.268359619826264884e-01	2.067197772908855868e-01	9.622868548048607584e-02	4.655774996354775097e-02	1.110198080474752436e-01
1.291684647045960673e+03	1.333898602222436947e-01	7.922929205304644895e-02	3.268486315559201438e-01	2.067200325110152004e-01	9.623195215383943679e-02	4.655778744978791850e-02	1.110224440524712197e-01
1.306197957686926657e+03	1.333854945138946702e-01	7.921527195700173163e-02	3.268609297788238055e-01	2.067202839699899264e-01	9.623521143840538250e-02	4.655782497051940555e-02	1.110249833696891480e-01
1.320711268327892412e+03	1.333813351430171990e-01	7.920151112957403428e-02	3.268728674103157927e-01	2.067205318342444920e-01	9.623846278443758118e-02	4.655786253041730577e-02	1.110274291663176510e-01
1.335224578968857941e+03	1.333773742916938010e-01	7.918800424392939685e-02	3.268844548918658499e-01	2.067207762640093094e-01	9.624170566597284315e-02	4.655790013387596515e-02	1.110297845069769113e-01
1.349737889609823924e+03	1.333736044100204410e-01	7.917474609572573707e-02	3.268957023567753417e-01	2.067210174135218348e-01	9.624493958001804905e-02	4.655793778502006347e-02	1.110320523572425472e-01
1.364251200250789907e+03	1.333700182073537799e-01	7.916173159997114128e-02	3.269066196392704793e-01	2.067212554312309603e-01	9.624816404576472251e-02	4.655797548771541811e-02	1.110342355870175129e-01
1.378764510891755890e+03	1.333666086438357601e-01	7.914895578797205566e-02	3.269172162833492434e-01	2.067214904599946335e-01	9.625137860383048416e-02	4.655801324557935078e-02	1.110363369737625561e-01
1.393277821532721646e+03	1.333633689221874474e-01	7.913641380436822748e-02	3.269275015513860017e-01	2.067217226372712324e-01	9.625458281552591588e-02	4.655805106199074894e-02	1.110383592055944335e-01
1.407791132173687402e+03	1.333602924797634981e-01	7.912410090425174569e-02	3.269374844324977047e-01	2.067219520953045286e-01	9.625777626214618299e-02	4.655808894009980103e-02	1.110403048842605600e-01
1.422304442814653157e+03	1.333573729808593678e-01	7.911201245036705854e-02	3.269471736506740500e-01	2.067221789613026273e-01	9.626095854428624865e-02	4.655812688283728074e-02	1.110421765279973744e-01
1.436817753455619140e+03	1.333546043092638522e-01	7.910014391038965031e-02	3.269565776726774953e-01	2.067224033576110231e-01	9.626412928117891732e-02	4.655816489292367855e-02	1.110439765742794183e-01
1.451331064096585123e+03	1.333519805610486886e-01	7.908849085428060199e-02	3.269657047157168428e-01	2.067226254018801612e-01	9.626728811005480502e-02	4.655820297287788928e-02	1.110457073824650670e-01
1.465844374737550879e+03	1.333494960375885552e-01	7.907704895171482895e-02	3.269745627548995559e-01	2.067228452072272238e-01	9.627043468552339001e-02	4.655824112502561507e-02	1.110473712363448384e-01
1.480357685378516862e+03	1.333471452388038936e-01	7.906581396958051178e-02	3.269831595304676375e-01	2.067230628823928940e-01	9.627356867897460257e-02	4.655827935150752550e-02	1.110489703465969979e-01
1.494870996019482618e+03	1.333449228566197520e-01	7.905478176954765235e-02	3.269915025548215670e-01	2.067232785318927901e-01	9.627668977799995476e-02	4.655831765428707775e-02	1.110505068531553313e-01
1.509384306660448374e+03	1.333428237686339335e-01	7.904394830570347918e-02	3.269995991193387352e-01	2.067234922561639598e-01	9.627979768583268261e-02	4.655835603515802446e-02	1.110519828274933035e-01
1.523897617301414357e+03	1.333408430319879823e-01	7.903330962225277312e-02	3.270074563009903179e-01	2.067237041517066276e-01	9.628289212080623494e-02	4.655839449575176203e-02	1.110534002748284760e-01
1.538410927942380113e+03	1.333389758774342626e-01	7.902286185128115648e-02	3.270150809687618620e-01	2.067239143112211963e-01	9.628597281583047007e-02	4.655843303754431117e-02	1.110547611362508874e-01
1.552924238583346096e+03	1.333372177035937189e-01	7.901260121057926411e-02	3.270224797898836355e-01	2.067241228237408912e-01	9.628903951788489457e-02	4.655847166186309616e-02	1.110560672907786595e-01
1.567437549224311852e+03	1.333355640713975165e-01	7.900252400152624199e-02	3.270296592358749588e-01	2.067243297747596575e-01	9.629209198752843035e-02	4.655851036989347436e-02	1.110573205573438943e-01
1.581950859865277607e+03	1.333340106987074281e-01	7.899262660703050554e-02	3.270366255884076256e-01	2.067245352463563668e-01	9.629512999842522458e-02	4.655854916268500898e-02	1.110585226967120420e-01
1.596464170506243590e+03	1.333325534551088043e-01	7.898290548952642542e-02	3.270433849449941310e-01	2.067247393173144987e-01	9.629815333688580836e-02	4.655858804115752675e-02	1.110596754133370140e-01
1.610977481147209119e+03	1.333311883568713552e-01	7.897335718902487312e-02	3.270499432245048133e-01	2.067249420632380208e-01	9.630116180142320181e-02	4.655862700610698124e-02	1.110607803571549701e-01
1.625490791788175102e+03	1.333299115620716901e-01	7.896397832121644644e-02	3.270563061725191289e-01	2.067251435566634932e-01	9.630415520232345206e-02	4.655866605821103871e-02	1.110618391253190007e-01
1.640004102429141085e+03	1.333287193658730940e-01	7.895476557562550179e-02	3.270624793665158347e-01	2.067253438671682875e-01	9.630713336123016000e-02	4.655870519803452512e-02	1.110628532638768540e-01
1.654517413070107068e+03	1.333276081959572923e-01	7.894571571381372999e-02	3.270684682209067384e-01	2.067255430614753919e-01	9.631009611074246857e-02	4.655874442603462338e-02	1.110638242693940403e-01
1.669030723711072824e+03	1.333265746081035152e-01	7.893682556763179092e-02	3.270742779919181276e-01	2.067257412035546915e-01	9.631304329402613773e-02	4.655878374256591790e-02	1.110647535905241179e-01
1.683544034352038352e+03	1.333256152819101426e-01	7.892809203751749436e-02	3.270799137823250935e-01	2.067259383547208063e-01	9.631597476443726213e-02	4.655882314788523796e-02	1.110656426295282967e-01
1.698057344993004335e+03	1.333247270166543763e-01	7.891951209083937491e-02	3.270853805460424146e-01	2.067261345737277378e-01	9.631889038515818735e-02	4.655886264215627901e-02	1.110664927437459287e-01
1.712570655633970318e+03	1.333239067272858347e-01	7.891108276028427349e-02	3.270906830925766617e-01	2.067263299168603796e-01	9.632179002884533325e-02	4.655890222545415458e-02	1.110673052470177308e-01
1.727083966274936301e+03	1.333231514405492646e-01	7.890280114228752362e-02	3.270958260913433002e-01	2.067265244380228628e-01	9.632467357728838331e-02	4.655894189776967063e-02	1.110680814110633768e-01
1.741597276915902057e+03	1.333224582912330147e-01	7.889466439550482657e-02	3.271008140758531746e-01	2.067267181888241823e-01	9.632754092108064548e-02	4.655898165901348196e-02	1.110688224668151119e-01
1.756110587556867813e+03	1.333218245185386619e-01	7.888666973932433046e-02	3.271056514477720945e-01	2.067269112186606306e-01	9.633039195930008514e-02	4.655902150902010289e-02	1.110695296057085668e-01
1.770623898197833569e+03	1.333212474625682376e-01	7.887881445241790024e-02	3.271103424808572413e-01	2.067271035747958730e-01	9.633322659920073860e-02	4.655906144755177223e-02	1.110702039809327163e-01
1.785137208838799552e+03	1.333207245609252245e-01	7.887109587133052380e-02	3.271148913247745593e-01	2.067272953024379134e-01	9.633604475591428518e-02	4.655910147430215168e-02	1.110708467086398699e-01
1.799650519479765535e+03	1.333202533454258820e-01	7.886351138910664693e-02	3.271193020087997949e-01	2.067274864448138127e-01	9.633884635216119485e-02	4.655914158889988552e-02	1.110714588691173177e-01
1.814163830120731291e+03	1.333198314389170969e-01	7.885605845395250724e-02	3.271235784454078477e-01	2.067276770432418254e-01	9.634163131797141011e-02	4.655918179091201453e-02	1.110720415079218121e-01
1.828677140761696819e+03	1.333194565521976238e-01	7.884873456793330126e-02	3.271277244337530976e-01	2.067278671372009546e-01	9.634439959041418700e-02	4.655922207984729971e-02	1.110725956369781192e-01
1.843190451402663257e+03	1.333191264810392740e-01	7.884153728570439390e-02	3.271317436630440390e-01	2.067280567643982603e-01	9.634715111333659598e-02	4.655926245515937256e-02	1.110731222356427239e-01
1.857703762043628785e+03	1.333188391033051090e-01	7.883446421327543197e-02	3.271356397158156071e-01	2.067282459608340006e-01	9.634988583711075194e-02	4.655930291624981593e-02	1.110736222517339639e-01
1.872217072684594768e+03	1.333185923761610048e-01	7.882751300680664042e-02	3.271394160711026955e-01	2.067284347608644712e-01	9.635260371838921811e-02	4.655934346247104366e-02	1.110740966025296067e-01
1.886730383325560297e+03	1.333183843333784757e-01	7.882068137143617703e-02	3.271430761075168059e-01	2.067286231972626787e-01	9.635530471986848700e-02	4.655938409312915249e-02	1.110745461757329106e-01
1.901243693966526507e+03	1.333182130827249845e-01	7.881396706013776843e-02	3.271466231062298280e-01	2.067288113012770712e-01	9.635798881006013561e-02	4.655942480748662127e-02	1.110749718304082506e-01
1.915757004607492036e+03	1.333180768034394059e-01	7.880736787260790577e-02	3.271500602538675029e-01	2.067289991026881879e-01	9.636065596306962744e-02	4.655946560476489915e-02	1.110753743978871722e-01
1.930270315248458019e+03	1.333179737437898693e-01	7.880088165418160095e-02	3.271533906453148455e-01	2.067291866298634206e-01	9.636330615838220592e-02	4.655950648414691750e-02	1.110757546826458692e-01
1.944783625889424002e+03	1.333179022187113982e-01	7.879450629477595391e-02	3.271566172864368016e-01	2.067293739098099714e-01	9.636593938065601828e-02	4.655954744477948382e-02	1.110761134631550739e-01
1.959296936530389530e+03	1.333178606075206274e-01	7.878823972786079544e-02	3.271597430967167486e-01	2.067295609682258117e-01	9.636855561952194227e-02	4.655958848577556458e-02	1.110764514927032182e-01
1.973810247171355968e+03	1.333178473517052931e-01	7.878207992945568394e-02	3.271627709118144489e-01	2.067297478295492263e-01	9.637115486938997722e-02	4.655962960621654045e-02	1.110767695001935451e-01
1.988323557812321269e+03	1.333178609527859992e-01	7.877602491715239574e-02	3.271657034860473434e-01	2.067299345170063585e-01	9.637373712926219915e-02	4.655967080515427403e-02	1.110770681909161589e-01
2.002836868453287707e+03	1.333178999702479550e-01	7.877007274916243695e-02	3.271685434947962934e-01	2.067301210526572841e-01	9.637630240255169733e-02	4.655971208161316377e-02	1.110773482472958706e-01
2.017350179094252780e+03	1.333179630195406862e-01	7.876422152338849458e-02	3.271712935368389363e-01	2.067303074574404764e-01	9.637885069690767248e-02	4.655975343459212851e-02	1.110776103296163692e-01
2.031863489735218764e+03	1.333180487701431938e-01	7.875846937651967417e-02	3.271739561366117655e-01	2.067304937512157159e-01	9.638138202404618327e-02	4.655979486306642545e-02	1.110778550767217709e-01
2.046376800376184747e+03	1.333181559436927011e-01	7.875281448314946919e-02	3.271765337464049295e-01	2.067306799528055850e-01	9.638389639958665212e-02	4.655983636598948899e-02	1.110780831066959240e-01
2.060890111017150957e+03	1.333182833121747124e-01	7.874725505491601829e-02	3.271790287484897530e-01	2.067308660800355191e-01	9.638639384289370005e-02	4.655987794229463073e-02	1.110782950175204092e-01
2.075403421658116713e+03	1.333184296961728299e-01	7.874178933966394234e-02	3.271814434571825858e-01	2.067310521497724707e-01	9.638887437692428284e-02	4.655991959089668397e-02	1.110784913877119473e-01
2.089916732299082469e+03	1.333185939631760519e-01	7.873641562062733135e-02	3.271837801208460350e-01	2.067312381779621566e-01	9.639133802807994811e-02	4.655996131069359278e-02	1.110786727769395993e-01
2.104430042940048224e+03	1.333187750259417492e-01	7.873113221563313169e-02	3.271860409238303014e-01	2.067314241796651131e-01	9.639378482606397736e-02	4.656000310056793157e-02	1.110788397266225802e-01
2.118943353581013525e+03	1.333189718409126812e-01	7.872593747632440631e-02	3.271882279883551736e-01	2.067316101690915009e-01	9.639621480374332974e-02	4.656004495938833448e-02	1.110789927605093930e-01
2.133456664221980191e+03	1.333191834066863868e-01	7.872082978740306547e-02	3.271903433763359570e-01	2.067317961596346898e-01	9.639862799701524876e-02	4.656008688601089712e-02	1.110791323852385742e-01
2.147969974862945492e+03	1.333194087625348412e-01	7.871580756589144356e-02	3.271923890911542787e-01	2.067319821639035937e-01	9.640102444467824050e-02	4.656012887928048793e-02	1.110792590908819266e-01
2.162483285503912157e+03	1.333196469869733225e-01	7.871086926041212517e-02	3.271943670793752146e-01	2.067321681937540068e-01	9.640340418830747882e-02	4.656017093803203888e-02	1.110793733514706394e-01
2.176996596144877003e+03	1.333198971963764634e-01	7.870601335048557634e-02	3.271962792324131231e-01	2.067323542603187736e-01	9.640576727213438779e-02	4.656021306109173197e-02	1.110794756255047977e-01
2.191509906785843214e+03	1.333201585436402381e-01	7.870123834584530353e-02	3.271981273881471308e-01	2.067325403740368495e-01	9.640811374293024871e-02	4.656025524727817194e-02	1.110795663564469321e-01
2.206023217426809424e+03	1.333204302168882471e-01	7.869654278576976303e-02	3.271999133324881015e-01	2.067327265446814999e-01	9.641044364989379001e-02	4.656029749540350343e-02	1.110796459731999974e-01
2.220536528067775180e+03	1.333207114382210789e-01	7.869192523843077103e-02	3.272016388008984200e-01	2.067329127813873624e-01	9.641275704454251028e-02	4.656033980427443791e-02	1.110797148905703080e-01
2.235049838708740936e+03	1.333210014625069439e-01	7.868738430025777608e-02	3.272033054798665352e-01	2.067330990926765644e-01	9.641505398060777610e-02	4.656038217269329454e-02	1.110797735097159844e-01
2.249563149349706237e+03	1.333212995762129149e-01	7.868291859531797994e-02	3.272049150083363722e-01	2.067332854864840641e-01	9.641733451393341703e-02	4.656042459945895773e-02	1.110798222185811757e-01
2.264076459990672902e+03	1.333216050962748311e-01	7.867852677471119660e-02	3.272064689790947223e-01	2.067334719701818813e-01	9.641959870237781782e-02	4.656046708336777917e-02	1.110798613923166672e-01
2.278589770631638203e+03	1.333219173690048387e-01	7.867420751597981043e-02	3.272079689401166114e-01	2.067336585506026336e-01	9.642184660571927191e-02	4.656050962321447301e-02	1.110798913936872911e-01
2.293103081272604413e+03	1.333222357690355409e-01	7.866995952253294511e-02	3.272094163958703117e-01	2.067338452340621302e-01	9.642407828556470717e-02	4.656055221779292069e-02	1.110799125734664300e-01
2.307616391913570169e+03	1.333225596982993699e-01	7.866578152308452421e-02	3.272108128085832179e-01	2.067340320263813536e-01	9.642629380526139549e-02	4.656059486589700369e-02	1.110799252708181695e-01
2.322129702554535925e+03	1.333228885850421264e-01	7.866167227110505700e-02	3.272121595994701426e-01	2.067342189329072766e-01	9.642849322981178473e-02	4.656063756632133205e-02	1.110799298136673219e-01
2.336643013195502135e+03	1.333232218828694082e-01	7.865763054428659418e-02	3.272134581499244188e-01	2.067344059585334293e-01	9.643067662579124510e-02	4.656068031786197992e-02	1.110799265190579588e-01
2.351156323836467891e+03	1.333235590698251538e-01	7.865365514402049285e-02	3.272147098026738643e-01	2.067345931077192445e-01	9.643284406126861885e-02	4.656072311931715169e-02	1.110799156935005222e-01
2.365669634477433647e+03	1.333238996475011040e-01	7.864974489488793519e-02	3.272159158629014963e-01	2.067347803845090704e-01	9.643499560572962870e-02	4.656076596948784813e-02	1.110798976333079863e-01
2.380182945118399402e+03	1.333242431401760741e-01	7.864589864416239584e-02	3.272170775993335501e-01	2.067349677925503226e-01	9.643713133000272886e-02	4.656080886717846312e-02	1.110798726249215135e-01
2.394696255759364703e+03	1.333245890939845080e-01	7.864211526132419694e-02	3.272181962452944126e-01	2.067351553351109705e-01	9.643925130618774544e-02	4.656085181119740818e-02	1.110798409452258412e-01
2.409209566400331823e+03	1.333249370761124541e-01	7.863839363758658163e-02	3.272192729997304150e-01	2.067353430150964677e-01	9.644135560758694548e-02	4.656089480035760508e-02	1.110798028618546346e-01
2.423722877041296670e+03	1.333252866740213538e-01	7.863473268543298700e-02	3.272203090282028715e-01	2.067355308350660725e-01	9.644344430863845130e-02	4.656093783347708265e-02	1.110797586334863613e-01
2.438236187682262880e+03	1.333256374946976131e-01	7.863113133816541922e-02	3.272213054638515861e-01	2.067357187972484189e-01	9.644551748485201415e-02	4.656098090937939998e-02	1.110797085101306869e-01
2.452749498323228636e+03	1.333259891639277106e-01	7.862758854946343134e-02	3.272222634083299941e-01	2.067359069035567265e-01	9.644757521274714696e-02	4.656102402689417386e-02	1.110796527334059480e-01
2.467262808964194392e+03	1.333263413255978136e-01	7.862410329295352329e-02	3.272231839327118808e-01	2.067360951556033721e-01	9.644961756979325562e-02	4.656106718485747420e-02	1.110795915368078257e-01
2.481776119605160602e+03	1.333266936410171521e-01	7.862067456178875591e-02	3.272240680783715105e-01	2.067362835547137401e-01	9.645164463435208779e-02	4.656111038211230291e-02	1.110795251459695682e-01
2.496289430246126358e+03	1.333270457882644588e-01	7.861730136823816273e-02	3.272249168578375000e-01	2.067364721019399887e-01	9.645365648562204131e-02	4.656115361750892689e-02	1.110794537789139974e-01
2.510802740887092114e+03	1.333273974615566959e-01	7.861398274328577906e-02	3.272257312556214326e-01	2.067366607980738180e-01	9.645565320358456818e-02	4.656119688990527361e-02	1.110793776462975502e-01
2.525316051528057415e+03	1.333277483706389599e-01	7.861071773623914960e-02	3.272265122290215489e-01	2.067368496436590708e-01	9.645763486895250760e-02	4.656124019816729187e-02	1.110792969516466305e-01
2.539829362169024080e+03	1.333280982401956194e-01	7.860750541434681493e-02	3.272272607089030116e-01	2.067370386390038062e-01	9.645960156312015366e-02	4.656128354116927104e-02	1.110792118915864962e-01
2.554342672809989381e+03	1.333284468092813813e-01	7.860434486242480479e-02	3.272279776004548002e-01	2.067372277841919015e-01	9.646155336811525205e-02	4.656132691779413246e-02	1.110791226560629702e-01
2.568855983450955591e+03	1.333287938307717579e-01	7.860123518249180485e-02	3.272286637839241230e-01	2.067374170790941545e-01	9.646349036655264830e-02	4.656137032693373479e-02	1.110790294285570051e-01
2.583369294091921347e+03	1.333291390708326862e-01	7.859817549341269194e-02	3.272293201153292919e-01	2.067376065233791083e-01	9.646541264158958739e-02	4.656141376748913763e-02	1.110789323862926559e-01
2.597882604732887103e+03	1.333294823084079650e-01	7.859516493055035413e-02	3.272299474271515574e-01	2.067377961165233480e-01	9.646732027688278976e-02	4.656145723837083750e-02	1.110788317004383630e-01
2.612395915373853313e+03	1.333298233347245676e-01	7.859220264542549073e-02	3.272305465290060167e-01	2.067379858578213270e-01	9.646921335654691509e-02	4.656150073849903148e-02	1.110787275363019216e-01
2.626909226014819069e+03	1.333301619528150239e-01	7.858928780538426695e-02	3.272311182082930925e-01	2.067381757463951364e-01	9.647109196511466367e-02	4.656154426680379765e-02	1.110786200535192614e-01
2.641422536655784825e+03	1.333304979770562337e-01	7.858641959327362925e-02	3.272316632308308604e-01	2.067383657812036091e-01	9.647295618749829327e-02	4.656158782222531711e-02	1.110785094062372858e-01
2.655935847296750580e+03	1.333308312327241840e-01	7.858359720712385088e-02	3.272321823414685582e-01	2.067385559610510903e-01	9.647480610895256548e-02	4.656163140371405440e-02	1.110783957432909252e-01
2.670449157937716336e+03	1.333311615555640706e-01	7.858081985983859930e-02	3.272326762646818876e-01	2.067387462845960144e-01	9.647664181503912140e-02	4.656167501023092403e-02	1.110782792083745835e-01
2.684962468578682547e+03	1.333314887913755742e-01	7.857808677889174809e-02	3.272331457051511072e-01	2.067389367503591202e-01	9.647846339159212026e-02	4.656171864074742928e-02	1.110781599402081293e-01
2.699475779219648302e+03	1.333318127956123200e-01	7.857539720603130828e-02	3.272335913483216951e-01	2.067391273567311949e-01	9.648027092468515475e-02	4.656176229424584256e-02	1.110780380726977129e-01
2.713989089860614058e+03	1.333321334329953256e-01	7.857275039698999319e-02	3.272340138609489690e-01	2.067393181019807069e-01	9.648206450059952644e-02	4.656180596971930263e-02	1.110779137350914325e-01
2.728502400501579814e+03	1.333324505771401325e-01	7.857014562120218093e-02	3.272344138916263856e-01	2.067395089842609668e-01	9.648384420579360354e-02	4.656184966617195331e-02	1.110777870521300753e-01
2.743015711142545115e+03	1.333327641101967054e-01	7.856758216152748275e-02	3.272347920712984637e-01	2.067397000016171771e-01	9.648561012687334459e-02	4.656189338261901289e-02	1.110776581441931254e-01
2.757529021783511780e+03	1.333330739225022377e-01	7.856505931398026499e-02	3.272351490137586638e-01	2.067398911519930660e-01	9.648736235056408483e-02	4.656193711808689906e-02	1.110775271274400816e-01
2.772042332424477081e+03	1.333333799122459751e-01	7.856257638746548533e-02	3.272354853161326682e-01	2.067400824332372988e-01	9.648910096368321088e-02	4.656198087161331212e-02	1.110773941139474030e-01
2.786555643065443292e+03	1.333336819851458632e-01	7.856013270352023292e-02	3.272358015593472280e-01	2.067402738431096954e-01	9.649082605311411209e-02	4.656202464224727666e-02	1.110772592118410007e-01
2.801068953706408593e+03	1.333339800541366305e-01	7.855772759606108324e-02	3.272360983085859099e-01	2.067404653792870861e-01	9.649253770578092304e-02	4.656206842904922483e-02	1.110771225254245653e-01
2.815582264347374803e+03	1.333342740390690007e-01	7.855536041113714285e-02	3.272363761137309091e-01	2.067406570393689469e-01	9.649423600862443162e-02	4.656211223109107955e-02	1.110769841553039122e-01
2.830095574988341014e+03	1.333345638664193977e-01	7.855303050668847875e-02	3.272366355097922619e-01	2.067408488208829220e-01	9.649592104857883379e-02	4.656215604745622683e-02	1.110768441985072325e-01
2.844608885629306769e+03	1.333348494690100305e-01	7.855073725230991843e-02	3.272368770173246233e-01	2.067410407212900703e-01	9.649759291254950133e-02	4.656219987723959897e-02	1.110767027486016523e-01
2.859122196270272525e+03	1.333351307857390255e-01	7.854848002902010962e-02	3.272371011428313325e-01	2.067412327379897496e-01	9.649925168739148518e-02	4.656224371954768848e-02	1.110765598958060318e-01
2.873635506911238281e+03	1.333354077613201349e-01	7.854625822903556209e-02	3.272373083791574877e-01	2.067414248683244193e-01	9.650089745988905954e-02	4.656228757349856889e-02	1.110764157271001973e-01
2.888148817552204036e+03	1.333356803460316597e-01	7.854407125554974112e-02	3.272374992058710297e-01	2.067416171095843302e-01	9.650253031673601545e-02	4.656233143822191556e-02	1.110762703263307449e-01
