0.000000000000000000e+00	1.351196293614932431e-01	8.258945218745786243e-02	3.248087426096721853e-01	2.067831539709009681e-01	9.721768077340690872e-02	4.634769770842375736e-02	1.071336433868678439e-01
1.451331064096584811e+01	1.350704794589096813e-01	8.242358330340288086e-02	3.247439898150494275e-01	2.067882140979669103e-01	9.656143338468411996e-02	4.639644225828173929e-02	1.080158576799280373e-01
2.902662128193169622e+01	1.350079184051470038e-01	8.226929785088731018e-02	3.246294085120816075e-01	2.067858492159031225e-01	9.622351854902044810e-02	4.645353646275997977e-02	1.086304710024232900e-01
4.353993192289755143e+01	1.349394125534483513e-01	8.212523856385026133e-02	3.245211412795425687e-01	2.067797312171564539e-01	9.605445403652723702e-02	4.651349735539786479e-02	1.090665249923000735e-01
5.805324256386339954e+01	1.348689477386631475e-01	8.199030807291908529e-02	3.244397715381223124e-01	2.067718090674591502e-01	9.597483088889657843e-02	4.657294850954243892e-02	1.093813841826201116e-01
7.256655320482924765e+01	1.347986438350017024e-01	8.186359217691351053e-02	3.243895513075661374e-01	2.067631155899248840e-01	9.594248315948934736e-02	4.662986106633992822e-02	1.096127528629873005e-01
8.707986384579510286e+01	1.347296178509841680e-01	8.174431215147213992e-02	3.243679060307268491e-01	2.067541964918996888e-01	9.593503191827329468e-02	4.668307574088785550e-02	1.097858598139787867e-01
1.015931744867609581e+02	1.346624460782637756e-01	8.163179385884489214e-02	3.243699702528659023e-01	2.067453384752548362e-01	9.594060616797384089e-02	4.673199632138279325e-02	1.099178488436367562e-01
1.161064851277267991e+02	1.345974121084380359e-01	8.152544682741176552e-02	3.243906260206416703e-01	2.067366905008917455e-01	9.595291200792435693e-02	4.677639008946136295e-02	1.100205224434538664e-01
1.306197957686926259e+02	1.345346403401670721e-01	8.142474942947643124e-02	3.244253179052358771e-01	2.067283282437276659e-01	9.596861357310393359e-02	4.681625628199805739e-02	1.101020942245137524e-01
1.451331064096584669e+02	1.344741681427971958e-01	8.132923792200776048e-02	3.244702927880246945e-01	2.067202883490358023e-01	9.598594268958964004e-02	4.685173867160476874e-02	1.101683314351629833e-01
1.596464170506243647e+02	1.344159850793814059e-01	8.123849803003366232e-02	3.245225879544620384e-01	2.067125866402426404e-01	9.600396134569103013e-02	4.688306722383531883e-02	1.102233137245767769e-01
1.741597276915902057e+02	1.343600543838491257e-01	8.115215827170413343e-02	3.245799243404185463e-01	2.067052278007066590e-01	9.602217082574579510e-02	4.691051917548570704e-02	1.102699452003128855e-01
1.886730383325560467e+02	1.343063248363383921e-01	8.106988452411018065e-02	3.246405773912361958e-01	2.066982105274733916e-01	9.604030480610321885e-02	4.693439321802331254e-02	1.103103046949381189e-01
2.031863489735219162e+02	1.342547374126974169e-01	8.099137550607310443e-02	3.247032561929137362e-01	2.066915302810378996e-01	9.605821998612769363e-02	4.695499258633473866e-02	1.103458880330382419e-01
2.176996596144877287e+02	1.342052290674699555e-01	8.091635896127792604e-02	3.247670015181077785e-01	2.066851807590304180e-01	9.607583837050856501e-02	4.697261422172277490e-02	1.103777771001053787e-01
2.322129702554535982e+02	1.341577349281488363e-01	8.084458839174774036e-02	3.248311043765223505e-01	2.066791546924360845e-01	9.609311686247370976e-02	4.698754208000330973e-02	1.104067586668907031e-01
2.467262808964194392e+02	1.341121895969057676e-01	8.077584023430083027e-02	3.248950429892780711e-01	2.066734442818286832e-01	9.611003126927929185e-02	4.700004325952848727e-02	1.104334083671016514e-01
2.612395915373852517e+02	1.340685279421544862e-01	8.070991140075912951e-02	3.249584349777427938e-01	2.066680414418707867e-01	9.612656789416929026e-02	4.701036603389359414e-02	1.104581503076326882e-01
2.757529021783511780e+02	1.340266855921248002e-01	8.064661712178643194e-02	3.250210015479719772e-01	2.066629379431796920e-01	9.614271910936353360e-02	4.701873915533008597e-02	1.104812995284662897e-01
2.902662128193169337e+02	1.339865992497721869e-01	8.058578904759573780e-02	3.250825408716788711e-01	2.066581254987172878e-01	9.615848101034163431e-02	4.702537198934637896e-02	1.105030923307707275e-01
3.047795234602828600e+02	1.339482068972710216e-01	8.052727356835910622e-02	3.251429083930782449e-01	2.066535958196633049e-01	9.617385215369787799e-02	4.703045517658269170e-02	1.105237079895706326e-01
3.192928341012487294e+02	1.339114479299475802e-01	8.047093032421830106e-02	3.252020022912381347e-01	2.066493406540015343e-01	9.618883285681312234e-02	4.703416161245748545e-02	1.105432843295467288e-01
3.338061447422145420e+02	1.338762632435145095e-01	8.041663088011551108e-02	3.252597527512127162e-01	2.066453518148596569e-01	9.620342478802026975e-02	4.703664760143613094e-02	1.105619289190641064e-01
3.483194553831804114e+02	1.338425952893104731e-01	8.036425754475660932e-02	3.253161140357685999e-01	2.066416212023845789e-01	9.621763070718709898e-02	4.703805408916859887e-02	1.105797271296469486e-01
3.628327660241463377e+02	1.338103881068967715e-01	8.031370231622862732e-02	3.253710586109739289e-01	2.066381408212218662e-01	9.623145428505938681e-02	4.703850790822493994e-02	1.105967479496174910e-01
3.773460766651120935e+02	1.337795873401636804e-01	8.026486593935348857e-02	3.254245727765053275e-01	2.066349027947682049e-01	9.624489996511775836e-02	4.703812299582182943e-02	1.106130481864927712e-01
3.918593873060780197e+02	1.337501402411333529e-01	8.021765706193526024e-02	3.254766533987287769e-01	2.066318993768915535e-01	9.625797284984807800e-02	4.703700155767197300e-02	1.106286755120140103e-01
4.063726979470438323e+02	1.337219956644040697e-01	8.017199147876473420e-02	3.255273054532031862e-01	2.066291229615638270e-01	9.627067860249895193e-02	4.703523516293734580e-02	1.106436706748508414e-01
4.208860085880095880e+02	1.336951040543716274e-01	8.012779145366628886e-02	3.255765401628443190e-01	2.066265660907147528e-01	9.628302335995050920e-02	4.703290576266897643e-02	1.106580691140064965e-01
4.353993192289755143e+02	1.336694174268193702e-01	8.008498511106910966e-02	3.256243735760500635e-01	2.066242214605412963e-01	9.629501365451763328e-02	4.703008662909093779e-02	1.106719021401345870e-01
4.499126298699413837e+02	1.336448893460925602e-01	8.004350588960358615e-02	3.256708254713227557e-01	2.066220819264628084e-01	9.630665634353188786e-02	4.702684321635849235e-02	1.106851978048508517e-01
4.644259405109071963e+02	1.336214748988048262e-01	8.000329205109783792e-02	3.257159185055913397e-01	2.066201405068831265e-01	9.631795854599539686e-02	4.702323394550386032e-02	1.106979815443466103e-01
4.789392511518730657e+02	1.335991306648290078e-01	7.996428623910507849e-02	3.257596775456776950e-01	2.066183903859014903e-01	9.632892758578080750e-02	4.701931091754223135e-02	1.107102766593867360e-01
4.934525617928388783e+02	1.335778146861784088e-01	7.992643508175042988e-02	3.258021291384895490e-01	2.066168249150986680e-01	9.633957094091384621e-02	4.701512055940300361e-02	1.107221046763891548e-01
5.079658724338048046e+02	1.335574864342725931e-01	7.988968883426081358e-02	3.258433010872262003e-01	2.066154376145109273e-01	9.634989619849387843e-02	4.701070420765918884e-02	1.107334856217994379e-01
5.224791830747705035e+02	1.335381067759951468e-01	7.985400105704720808e-02	3.258832221093886372e-01	2.066142221728941020e-01	9.635991101481289345e-02	4.700609863508007497e-02	1.107444382330049631e-01
5.369924937157364866e+02	1.335196379388813304e-01	7.981932832565431790e-02	3.259219215585756335e-01	2.066131724473686260e-01	9.636962308024002444e-02	4.700133652491783609e-02	1.107549801225852920e-01
5.515058043567023560e+02	1.335020434757185348e-01	7.978562996928688367e-02	3.259594291965605128e-01	2.066122824625283572e-01	9.637904008845010750e-02	4.699644689762131483e-02	1.107651279080573425e-01
5.660191149976681118e+02	1.334852882287970444e-01	7.975286783497177734e-02	3.259957750054474634e-01	2.066115464090859943e-01	9.638816970959265817e-02	4.699145549439247282e-02	1.107748973159356637e-01
5.805324256386339812e+02	1.334693382940105311e-01	7.972100607472552836e-02	3.260309890321317905e-01	2.066109586421216171e-01	9.639701956701848817e-02	4.698638512169259207e-02	1.107843032665225824e-01
5.950457362795999643e+02	1.334541609849755894e-01	7.969001095337359397e-02	3.260651012590796149e-01	2.066105136789923580e-01	9.640559721720683151e-02	4.698125596048674524e-02	1.107933599441084105e-01
6.095590469205657200e+02	1.334397247973124478e-01	7.965985067491404559e-02	3.260981414967710212e-01	2.066102061969562198e-01	9.641391013256100928e-02	4.697608584369866724e-02	1.108020808560097048e-01
6.240723575615315895e+02	1.334259993732067051e-01	7.963049522553877768e-02	3.261301392941432509e-01	2.066100310305557242e-01	9.642196568676833501e-02	4.697089050504291152e-02	1.108104788829674670e-01
6.385856682024975726e+02	1.334129554663535666e-01	7.960191623162100882e-02	3.261611238641167199e-01	2.066099831688032462e-01	9.642977114244526138e-02	4.696568380211185029e-02	1.108185663227715528e-01
6.530989788434633283e+02	1.334005649073686517e-01	7.957408683115407833e-02	3.261911240218567376e-01	2.066100577522039794e-01	9.643733364081455428e-02	4.696047791632460000e-02	1.108263549285006394e-01
6.676122894844290840e+02	1.333888005697358159e-01	7.954698155728319453e-02	3.262201681338547932e-01	2.066102500696491151e-01	9.644466019318517769e-02	4.695528353209434819e-02	1.108338559424208031e-01
6.821256001253949535e+02	1.333776363363507467e-01	7.952057623271230336e-02	3.262482840762533365e-01	2.066105555552072148e-01	9.645175767402736078e-02	4.695010999734031826e-02	1.108410801263319673e-01
6.966389107663608229e+02	1.333670470667070451e-01	7.949484787389396456e-02	3.262754992011004385e-01	2.066109697848390603e-01	9.645863281545656587e-02	4.694496546726015934e-02	1.108480377889660279e-01
7.111522214073266923e+02	1.333570085647636239e-01	7.946977460402289417e-02	3.263018403094302133e-01	2.066114884730576584e-01	9.646529220295890772e-02	4.693985703308667379e-02	1.108547388109033111e-01
7.256655320482924481e+02	1.333474975475238411e-01	7.944533557395407064e-02	3.263273336302331407e-01	2.066121074695526083e-01	9.647174227220764453e-02	4.693479083737925328e-02	1.108611926673726961e-01
7.401788426892584312e+02	1.333384916143492416e-01	7.942151089025735466e-02	3.263520048045169264e-01	2.066128227557956221e-01	9.647798930683625096e-02	4.692977217724281225e-02	1.108674084492250467e-01
7.546921533302243006e+02	1.333299692170253625e-01	7.939828154970091090e-02	3.263758788737697314e-01	2.066136304416414382e-01	9.648403943704834951e-02	4.692480559672504437e-02	1.108733948823124038e-01
7.692054639711900563e+02	1.333219096305918172e-01	7.937562937952832853e-02	3.263989802722317979e-01	2.066145267619371173e-01	9.648989863895676700e-02	4.691989496951471522e-02	1.108791603454627323e-01
7.837187746121558121e+02	1.333142929249435948e-01	7.935353698295957714e-02	3.264213328224585542e-01	2.066155080731503224e-01	9.649557273455650064e-02	4.691504357294830341e-02	1.108847128872063881e-01
7.982320852531219089e+02	1.333070999372073517e-01	7.933198768940380452e-02	3.264429597337261679e-01	2.066165708500259102e-01	9.650106739224634245e-02	4.691025415422866995e-02	1.108900602413850356e-01
8.127453958940876646e+02	1.333003122448924438e-01	7.931096550892445529e-02	3.264638836028840863e-01	2.066177116822789095e-01	9.650638812782347253e-02	4.690552898966595524e-02	1.108952098417539667e-01
8.272587065350534203e+02	1.332939121398139803e-01	7.929045509054387375e-02	3.264841264173113378e-01	2.066189272713307712e-01	9.651154030588379729e-02	4.690086993766730966e-02	1.109001688356722470e-01
8.417720171760191761e+02	1.332878826027820707e-01	7.927044168401649327e-02	3.265037095596725059e-01	2.066202144270944119e-01	9.651652914156830243e-02	4.689627848612681893e-02	1.109049440969626654e-01
8.562853278169851592e+02	1.332822072790502410e-01	7.925091110473746203e-02	3.265226538142079749e-01	2.066215700648126319e-01	9.652135970260258824e-02	4.689175579479933770e-02	1.109095422380130536e-01
8.707986384579510286e+02	1.332768704545125860e-01	7.923184970148716699e-02	3.265409793743231925e-01	2.066229912019544590e-01	9.652603691158270771e-02	4.688730273318153507e-02	1.109139696211817044e-01
8.853119490989170117e+02	1.332718570326395235e-01	7.921324432674253790e-02	3.265587058512720575e-01	2.066244749551719440e-01	9.653056554846572990e-02	4.688291991436907558e-02	1.109182323695624833e-01
8.998252597398827675e+02	1.332671525121393863e-01	7.919508230931296411e-02	3.265758522837522992e-01	2.066260185373202662e-01	9.653495025322889056e-02	4.687860772531021736e-02	1.109223363771593002e-01
9.143385703808486369e+02	1.332627429653323592e-01	7.917735142908326196e-02	3.265924371482534228e-01	2.066276192545432044e-01	9.653919552866446763e-02	4.687436635383222111e-02	1.109262873185143106e-01
9.288518810218145063e+02	1.332586150172230255e-01	7.916003989366764138e-02	3.266084783700170524e-01	2.066292745034251921e-01	9.654330574328262582e-02	4.687019581277811903e-02	1.109300906578296053e-01
9.433651916627801484e+02	1.332547558252556719e-01	7.914313631679849304e-02	3.266239933344863289e-01	2.066309817682113747e-01	9.654728513429675085e-02	4.686609596155603269e-02	1.109337516576185678e-01
9.578785023037459041e+02	1.332511530597378369e-01	7.912662969829148407e-02	3.266389988991368343e-01	2.066327386180957515e-01	9.655113781066973488e-02	4.686206652537197592e-02	1.109372753869195677e-01
9.723918129447120009e+02	1.332477948849154492e-01	7.911050940544379906e-02	3.266535114055934552e-01	2.066345427045782890e-01	9.655486775620195083e-02	4.685810711238868470e-02	1.109406667291015364e-01
9.869051235856777566e+02	1.332446699406834301e-01	7.909476515573703181e-02	3.266675466919509718e-01	2.066363917588909249e-01	9.655847883264434550e-02	4.685421722902800151e-02	1.109439303892884587e-01
1.001418434226643626e+03	1.332417673249159384e-01	7.907938700072858484e-02	3.266811201052263192e-01	2.066382835894917391e-01	9.656197478282176061e-02	4.685039629361140850e-02	1.109470709014274137e-01
1.015931744867609382e+03	1.332390765763987184e-01	7.906436531102704890e-02	3.266942465138790164e-01	2.066402160796277088e-01	9.656535923375442199e-02	4.684664364851331975e-02	1.109500926350229233e-01
1.030445055508575479e+03	1.332365876583479491e-01	7.904969076225737412e-02	3.267069403203456956e-01	2.066421871849646874e-01	9.656863569976623096e-02	4.684295857098329935e-02	1.109529998015580110e-01
1.044958366149541234e+03	1.332342909424983346e-01	7.903535432193035948e-02	3.267192154735411580e-01	2.066441949312842474e-01	9.657180758557064315e-02	4.683934028277727396e-02	1.109557964606212171e-01
1.059471676790506763e+03	1.332321771937446109e-01	7.902134723713999387e-02	3.267310854812860432e-01	2.066462374122463586e-01	9.657487818932625201e-02	4.683578795872313238e-02	1.109584865257568359e-01
1.073984987431472746e+03	1.332302375553196805e-01	7.900766102301896854e-02	3.267425634226249764e-01	2.066483127872168757e-01	9.657785070565502727e-02	4.683230073433300444e-02	1.109610737700547356e-01
1.088498298072438729e+03	1.332284635344934964e-01	7.899428745188978584e-02	3.267536619600064918e-01	2.066504192791586980e-01	9.658072822861760165e-02	4.682887771256283305e-02	1.109635618314943617e-01
1.103011608713404712e+03	1.332268469887768758e-01	7.898121854305455158e-02	3.267643933512994758e-01	2.066525551725854892e-01	9.658351375464060973e-02	4.682551796980938957e-02	1.109659542180568836e-01
1.117524919354370468e+03	1.332253801126145887e-01	7.896844655317222794e-02	3.267747694616239817e-01	2.066547188115766265e-01	9.658621018539226277e-02	4.682222056122538334e-02	1.109682543126181697e-01
1.132038229995336451e+03	1.332240554245519570e-01	7.895596396717677323e-02	3.267848017749801492e-01	2.066569085978522125e-01	9.658882033060273153e-02	4.681898452542500311e-02	1.109704653776343170e-01
1.146551540636302207e+03	1.332228657548606143e-01	7.894376348969418811e-02	3.267945014056596875e-01	2.066591229889066517e-01	9.659134691082676971e-02	4.681580888864451256e-02	1.109725905596307544e-01
1.161064851277267962e+03	1.332218042336080488e-01	7.893183803691990186e-02	3.268038791094282081e-01	2.066613604961992923e-01	9.659379256014655191e-02	4.681269266841602689e-02	1.109746328935051207e-01
1.175578161918233945e+03	1.332208642791568309e-01	7.892018072892233171e-02	3.268129452944699698e-01	2.066636196834013284e-01	9.659615982881299134e-02	4.680963487680621371e-02	1.109765953066534638e-01
1.190091472559199701e+03	1.332200395870792031e-01	7.890878488234055743e-02	3.268217100320868762e-01	2.066658991646969645e-01	9.659845118582455203e-02	4.680663452326647850e-02	1.109784806229284909e-01
1.204604783200165684e+03	1.332193241194736533e-01	7.889764400344791151e-02	3.268301830671466734e-01	2.066681976031376211e-01	9.660066902144280598e-02	4.680369061713623990e-02	1.109802915664382661e-01
1.219118093841131440e+03	1.332187120946695114e-01	7.888675178155525602e-02	3.268383738282768514e-01	2.066705137090478206e-01	9.660281564964420808e-02	4.680080216983652924e-02	1.109820307651929877e-01
1.233631404482097196e+03	1.332181979773071345e-01	7.887610208273011791e-02	3.268462914378019724e-01	2.066728462384814780e-01	9.660489331050800543e-02	4.679796819678729014e-02	1.109837007546071869e-01
1.248144715123063179e+03	1.332177764687802468e-01	7.886568894381018602e-02	3.268539447214230398e-01	2.066751939917270409e-01	9.660690417254036433e-02	4.679518771907819480e-02	1.109853039808641334e-01
1.262658025764028707e+03	1.332174424980288596e-01	7.885550656669149117e-02	3.268613422176395167e-01	2.066775558118599254e-01	9.660885033493507579e-02	4.679245976491974712e-02	1.109868428041486527e-01
1.277171336404994690e+03	1.332171912126703106e-01	7.884554931287289514e-02	3.268684921869139393e-01	2.066799305833415257e-01	9.661073382977142243e-02	4.678978337089856332e-02	1.109883195017546398e-01
1.291684647045960673e+03	1.332170179704566804e-01	7.883581169824074864e-02	3.268754026205826779e-01	2.066823172306626877e-01	9.661255662414963696e-02	4.678715758305820871e-02	1.109897362710726976e-01
1.306197957686926657e+03	1.332169183310475125e-01	7.882628838807846650e-02	3.268820812495133454e-01	2.066847147170308985e-01	9.661432062226506245e-02	4.678458145782481842e-02	1.109910952324632549e-01
1.320711268327892412e+03	1.332168880480870399e-01	7.881697419228710089e-02	3.268885355525131264e-01	2.066871220430996359e-01	9.661602766742165282e-02	4.678205406279455775e-02	1.109923984320202173e-01
1.335224578968857941e+03	1.332169230615746214e-01	7.880786406080426965e-02	3.268947727644915258e-01	2.066895382457386299e-01	9.661767954398609026e-02	4.677957447739829189e-02	1.109936478442299645e-01
1.349737889609823924e+03	1.332170194905188954e-01	7.879895307920975478e-02	3.269007998843804774e-01	2.066919623968438702e-01	9.661927797928335226e-02	4.677714179345716927e-02	1.109948453745299435e-01
1.364251200250789907e+03	1.332171736258649652e-01	7.879023646450697416e-02	3.269066236828175320e-01	2.066943936021861938e-01	9.662082464543506055e-02	4.677475511564140043e-02	1.109959928617713643e-01
1.378764510891755890e+03	1.332173819236854573e-01	7.878170956107045930e-02	3.269122507095956753e-01	2.066968310002971210e-01	9.662232116114181923e-02	4.677241356184314719e-02	1.109970920805898598e-01
1.393277821532721646e+03	1.332176409986259025e-01	7.877336783675013832e-02	3.269176873008850515e-01	2.066992737613906894e-01	9.662376909341055531e-02	4.677011626347336165e-02	1.109981447436879098e-01
1.407791132173687402e+03	1.332179476175952004e-01	7.876520687912398622e-02	3.269229395862309762e-01	2.067017210863207055e-01	9.662516995922845742e-02	4.676786236569137334e-02	1.109991525040328192e-01
1.422304442814653157e+03	1.332182986936928104e-01	7.875722239189128504e-02	3.269280134953350125e-01	2.067041722055714681e-01	9.662652522718465087e-02	4.676565102757496845e-02	1.110001169569733992e-01
1.436817753455619140e+03	1.332186912803637324e-01	7.874941019139918008e-02	3.269329147646212186e-01	2.067066263782816604e-01	9.662783631904078852e-02	4.676348142223801796e-02	1.110010396422789619e-01
1.451331064096585123e+03	1.332191225657736178e-01	7.874176620329577381e-02	3.269376489435967814e-01	2.067090828913000222e-01	9.662910461125212569e-02	4.676135273690189276e-02	1.110019220461034017e-01
1.465844374737550879e+03	1.332195898673957657e-01	7.873428645930354020e-02	3.269422214010086480e-01	2.067115410582715529e-01	9.663033143644024492e-02	4.675926417292625148e-02	1.110027656028776399e-01
1.480357685378516862e+03	1.332200906268022622e-01	7.872696709410739735e-02	3.269466373308042573e-01	2.067140002187539127e-01	9.663151808481870719e-02	4.675721494580415555e-02	1.110035716971329578e-01
1.494870996019482618e+03	1.332206224046521836e-01	7.871980434235169299e-02	3.269509017579002030e-01	2.067164597373623847e-01	9.663266580557303143e-02	4.675520428512595222e-02	1.110043416652582438e-01
1.509384306660448374e+03	1.332211828758694816e-01	7.871279453574128726e-02	3.269550195437643803e-01	2.067189190029429247e-01	9.663377580819629276e-02	4.675323143451597108e-02	1.110050767971933194e-01
1.523897617301414357e+03	1.332217698250039439e-01	7.870593410024194492e-02	3.269589953918174974e-01	2.067213774277721072e-01	9.663484926378146378e-02	4.675129565154546168e-02	1.110057783380612728e-01
1.538410927942380113e+03	1.332223811417681814e-01	7.869921955337556840e-02	3.269628338526578970e-01	2.067238344467832722e-01	9.663588730627203915e-02	4.674939620762499221e-02	1.110064474897417414e-01
1.552924238583346096e+03	1.332230148167446171e-01	7.869264750160616384e-02	3.269665393291164013e-01	2.067262895168179571e-01	9.663689103367184563e-02	4.674753238787904969e-02	1.110070854123876294e-01
1.567437549224311852e+03	1.332236689372560678e-01	7.868621463781259873e-02	3.269701160811449014e-01	2.067287421159018923e-01	9.663786150921549467e-02	4.674570349100545807e-02	1.110076932258872440e-01
1.581950859865277607e+03	1.332243416833937544e-01	7.867991773884452922e-02	3.269735682305444091e-01	2.067311917425444512e-01	9.663879976250065729e-02	4.674390882912171641e-02	1.110082720112741533e-01
1.596464170506243590e+03	1.332250313241975237e-01	7.867375366315798590e-02	3.269768997655371767e-01	2.067336379150611914e-01	9.663970679058314639e-02	4.674214772760029030e-02	1.110088228120864329e-01
1.610977481147209119e+03	1.332257362139820100e-01	7.866771934852746784e-02	3.269801145451876612e-01	2.067360801709183793e-01	9.664058355903620834e-02	4.674041952489461221e-02	1.110093466356773945e-01
1.625490791788175102e+03	1.332264547888041550e-01	7.866181180983138066e-02	3.269832163036770489e-01	2.067385180660992194e-01	9.664143100297491185e-02	4.673872357235731717e-02	1.110098444544795893e-01
1.640004102429141085e+03	1.332271855630661195e-01	7.865602813690793227e-02	3.269862086544363944e-01	2.067409511744904005e-01	9.664225002804692488e-02	4.673705923405217094e-02	1.110103172072237077e-01
1.654517413070107068e+03	1.332279271262489240e-01	7.865036549247876596e-02	3.269890950941414243e-01	2.067433790872889865e-01	9.664304151139058163e-02	4.673542588656082186e-02	1.110107658001141806e-01
1.669030723711072824e+03	1.332286781397722109e-01	7.864482111013779142e-02	3.269918790065753367e-01	2.067458014124285148e-01	9.664380630256133586e-02	4.673382291878554196e-02	1.110111911079629810e-01
1.683544034352038352e+03	1.332294373339752702e-01	7.863939229240257678e-02	3.269945636663620925e-01	2.067482177740239402e-01	9.664454522442772477e-02	4.673224973174888025e-02	1.110115939752832070e-01
1.698057344993004335e+03	1.332302035052145839e-01	7.863407640882615068e-02	3.269971522425758059e-01	2.067506278118346197e-01	9.664525907403759275e-02	4.673070573839102626e-02	1.110119752173439056e-01
1.712570655633970318e+03	1.332309755130741125e-01	7.862887089416684128e-02	3.269996478022287323e-01	2.067530311807448951e-01	9.664594862345576853e-02	4.672919036336575099e-02	1.110123356211875495e-01
1.727083966274936301e+03	1.332317522776837182e-01	7.862377324661415368e-02	3.270020533136431817e-01	2.067554275502614947e-01	9.664661462057397290e-02	4.672770304283548060e-02	1.110126759466115581e-01
1.741597276915902057e+03	1.332325327771419210e-01	7.861878102606854879e-02	3.270043716497104125e-01	2.067578166040274779e-01	9.664725778989391447e-02	4.672624322426611326e-02	1.110129969271151790e-01
1.756110587556867813e+03	1.332333160450388521e-01	7.861389185247331934e-02	3.270066055910401670e-01	2.067601980393518890e-01	9.664787883328444795e-02	4.672481036622206513e-02	1.110132992708128263e-01
1.770623898197833569e+03	1.332341011680760468e-01	7.860910340419663411e-02	3.270087578290049590e-01	2.067625715667548436e-01	9.664847843071366906e-02	4.672340393816203086e-02	1.110135836613153487e-01
1.785137208838799552e+03	1.332348872837794962e-01	7.860441341646209890e-02	3.270108309686818870e-01	2.067649369095272971e-01	9.664905724095676498e-02	4.672202342023580590e-02	1.110138507585802098e-01
1.799650519479765535e+03	1.332356735783016000e-01	7.859981967982596074e-02	3.270128275316961375e-01	2.067672938033053021e-01	9.664961590228028643e-02	4.672066830308250346e-02	1.110141011997317767e-01
1.814163830120731291e+03	1.332364592843100215e-01	7.859532003869962313e-02	3.270147499589688977e-01	2.067696419956580323e-01	9.665015503310386835e-02	4.671933808763049228e-02	1.110143355998526316e-01
1.828677140761696819e+03	1.332372436789592551e-01	7.859091238991573747e-02	3.270166006133730097e-01	2.067719812456890460e-01	9.665067523264000982e-02	4.671803228489925658e-02	1.110145545527473077e-01
1.843190451402663257e+03	1.332380260819419904e-01	7.858659468133652459e-02	3.270183817822993055e-01	2.067743113236508445e-01	9.665117708151255149e-02	4.671675041580341387e-02	1.110147586316789781e-01
1.857703762043628785e+03	1.332388058536177755e-01	7.858236491050275829e-02	3.270200956801371239e-01	2.067766320105717537e-01	9.665166114235472505e-02	4.671549201095909210e-02	1.110149483900804146e-01
1.872217072684594768e+03	1.332395823932150669e-01	7.857822112332227271e-02	3.270217444506713367e-01	2.067789430978947962e-01	9.665212796038741283e-02	4.671425661049274231e-02	1.110151243622400224e-01
1.886730383325560297e+03	1.332403551371051931e-01	7.857416141279646715e-02	3.270233301693988293e-01	2.067812443871285266e-01	9.665257806397822837e-02	4.671304376385265050e-02	1.110152870639637829e-01
1.901243693966526507e+03	1.332411235571442643e-01	7.857018391778382294e-02	3.270248548457673210e-01	2.067835356895090515e-01	9.665301196518204241e-02	4.671185302962312796e-02	1.110154369932140617e-01
1.915757004607492036e+03	1.332418871590815290e-01	7.856628682179887802e-02	3.270263204253389122e-01	2.067858168256730966e-01	9.665343016026368972e-02	4.671068397534151179e-02	1.110155746307260605e-01
1.930270315248458019e+03	1.332426454810309857e-01	7.856246835184602095e-02	3.270277287918811893e-01	2.067880876253414268e-01	9.665383313020334266e-02	4.670953617731805896e-02	1.110157004406026604e-01
1.944783625889424002e+03	1.332433980920040006e-01	7.855872677728638342e-02	3.270290817693878860e-01	2.067903479270129241e-01	9.665422134118518971e-02	4.670840922045875476e-02	1.110158148708885323e-01
1.959296936530389530e+03	1.332441445905008792e-01	7.855506040873724838e-02	3.270303811240322100e-01	2.067925975776681580e-01	9.665459524506994637e-02	4.670730269809111185e-02	1.110159183541241101e-01
1.973810247171355968e+03	1.332448846031589196e-01	7.855146759700283587e-02	3.270316285660540556e-01	2.067948364324827260e-01	9.665495527985176749e-02	4.670621621179297384e-02	1.110160113078803579e-01
1.988323557812321269e+03	1.332456177834549227e-01	7.854794673203521760e-02	3.270328257515844328e-01	2.067970643545499199e-01	9.665530187010010210e-02	4.670514937122432347e-02	1.110160941352747177e-01
2.002836868453287707e+03	1.332463438104599107e-01	7.854449624192480495e-02	3.270339742844085018e-01	2.067992812146122461e-01	9.665563542738686564e-02	4.670410179396209532e-02	1.110161672254692256e-01
2.017350179094252780e+03	1.332470623876443050e-01	7.854111459191913391e-02	3.270350757176698764e-01	2.068014868908015780e-01	9.665595635069967884e-02	4.670307310533808320e-02	1.110162309541510850e-01
2.031863489735218764e+03	1.332477732417314542e-01	7.853780028346937780e-02	3.270361315555171955e-01	2.068036812683878289e-01	9.665626502684143695e-02	4.670206293827978278e-02	1.110162856839966433e-01
2.046376800376184747e+03	1.332484761215980695e-01	7.853455185330346366e-02	3.270371432546964607e-01	2.068058642395357305e-01	9.665656183081661190e-02	4.670107093315428032e-02	1.110163317651191722e-01
2.060890111017150957e+03	1.332491707972189576e-01	7.853136787252514017e-02	3.270381122260893614e-01	2.068080357030691596e-01	9.665684712620500885e-02	4.670009673761513908e-02	1.110163695355010222e-01
2.075403421658116713e+03	1.332498570586553299e-01	7.852824694573815045e-02	3.270390398362008622e-01	2.068101955642434875e-01	9.665712126552314376e-02	4.669914000645219998e-02	1.110163993214107053e-01
2.089916732299082469e+03	1.332505347150842179e-01	7.852518771019469102e-02	3.270399274085961649e-01	2.068123437345249505e-01	9.665738459057376941e-02	4.669820040144435913e-02	1.110164214378056985e-01
2.104430042940048224e+03	1.332512035938681338e-01	7.852218883496750457e-02	3.270407762252908745e-01	2.068144801313771819e-01	9.665763743278391051e-02	4.669727759121522492e-02	1.110164361887209378e-01
2.118943353581013525e+03	1.332518635396627016e-01	7.851924902014487118e-02	3.270415875280937579e-01	2.068166046780547940e-01	9.665788011353190767e-02	4.669637125109166870e-02	1.110164438676440601e-01
2.133456664221980191e+03	1.332525144135613127e-01	7.851636699604769287e-02	3.270423625199052609e-01	2.068187173034033155e-01	9.665811294446360891e-02	4.669548106296516482e-02	1.110164447578774471e-01
2.147969974862945492e+03	1.332531560922754210e-01	7.851354152246818596e-02	3.270431023659724490e-01	2.068208179416656523e-01	9.665833622779829160e-02	4.669460671515594796e-02	1.110164391328878480e-01
2.162483285503912157e+03	1.332537884673485051e-01	7.851077138792939003e-02	3.270438081951027032e-01	2.068229065322949312e-01	9.665855025662453692e-02	4.669374790227993899e-02	1.110164272566437627e-01
2.176996596144877003e+03	1.332544114444032257e-01	7.850805540896492463e-02	3.270444811008364483e-01	2.068249830197731176e-01	9.665875531518655639e-02	4.669290432511837008e-02	1.110164093839411670e-01
2.191509906785843214e+03	1.332550249424198918e-01	7.850539242941842466e-02	3.270451221425808574e-01	2.068270473534356002e-01	9.665895167916099817e-02	4.669207569049002582e-02	1.110163857607179838e-01
2.206023217426809424e+03	1.332556288930451249e-01	7.850278131976197449e-02	3.270457323467066968e-01	2.068290994873013822e-01	9.665913961592481618e-02	4.669126171112621126e-02	1.110163566243575761e-01
2.220536528067775180e+03	1.332562232399299162e-01	7.850022097643306884e-02	3.270463127076075893e-01	2.068311393799086573e-01	9.665931938481449326e-02	4.669046210554819720e-02	1.110163222039818043e-01
2.235049838708740936e+03	1.332568079380953840e-01	7.849771032118954550e-02	3.270468641887252503e-01	2.068331669941556594e-01	9.665949123737663240e-02	4.668967659794730218e-02	1.110162827207339387e-01
2.249563149349706237e+03	1.332573829533256482e-01	7.849524830048180968e-02	3.270473877235399729e-01	2.068351822971466469e-01	9.665965541761056823e-02	4.668890491806733378e-02	1.110162383880517467e-01
2.264076459990672902e+03	1.332579482615863509e-01	7.849283388484212809e-02	3.270478842165285838e-01	2.068371852600428551e-01	9.665981216220305428e-02	4.668814680108961113e-02	1.110161894119311293e-01
2.278589770631638203e+03	1.332585038484683237e-01	7.849046606829022943e-02	3.270483545440907580e-01	2.068391758579181394e-01	9.665996170075533134e-02	4.668740198752027726e-02	1.110161359911806533e-01
2.293103081272604413e+03	1.332590497086547088e-01	7.848814386775482266e-02	3.270487995554446914e-01	2.068411540696192541e-01	9.666010425600281286e-02	4.668667022308004705e-02	1.110160783176673827e-01
2.307616391913570169e+03	1.332595858454114768e-01	7.848586632251063067e-02	3.270492200734930188e-01	2.068431198776307101e-01	9.666024004402767877e-02	4.668595125859620332e-02	1.110160165765540635e-01
2.322129702554535925e+03	1.332601122700995955e-01	7.848363249363037031e-02	3.270496168956603666e-01	2.068450732679437409e-01	9.666036927446464144e-02	4.668524484989688972e-02	1.110159509465282329e-01
2.336643013195502135e+03	1.332606290017087081e-01	7.848144146345144290e-02	3.270499907947031493e-01	2.068470142299296266e-01	9.666049215069999478e-02	4.668455075770760326e-02	1.110158816000233750e-01
2.351156323836467891e+03	1.332611360664107958e-01	7.847929233505661351e-02	3.270503425194929426e-01	2.068489427562170135e-01	9.666060887006422409e-02	4.668386874754989341e-02	1.110158087034324587e-01
2.365669634477433647e+03	1.332616334971337413e-01	7.847718423176854030e-02	3.270506727957736559e-01	2.068508588425732042e-01	9.666071962401856510e-02	4.668319858964212199e-02	1.110157324173141336e-01
2.380182945118399402e+03	1.332621213331534882e-01	7.847511629665762656e-02	3.270509823268940575e-01	2.068527624877891102e-01	9.666082459833541529e-02	4.668254005880240892e-02	1.110156528965918488e-01
2.394696255759364703e+03	1.332625996197042140e-01	7.847308769206291779e-02	3.270512717945163184e-01	2.068546536935680635e-01	9.666092397327294417e-02	4.668189293435354159e-02	1.110155702907459491e-01
2.409209566400331823e+03	1.332630684076057948e-01	7.847109759912536397e-02	3.270515418593012424e-01	2.068565324644179582e-01	9.666101792374418022e-02	4.668125700002992429e-02	1.110154847439994291e-01
2.423722877041296670e+03	1.332635277529080897e-01	7.846914521733368286e-02	3.270517931615709584e-01	2.068583988075470559e-01	9.666110661948063010e-02	4.668063204388649134e-02	1.110153963954970402e-01
2.438236187682262880e+03	1.332639777165509076e-01	7.846722976408176953e-02	3.270520263219497958e-01	2.068602527327628726e-01	9.666119022519065185e-02	4.668001785820954236e-02	1.110153053794784295e-01
2.452749498323228636e+03	1.332644183640395164e-01	7.846535047423786047e-02	3.270522419419845117e-01	2.068620942523747008e-01	9.666126890071276290e-02	4.667941423942942314e-02	1.110152118254451592e-01
2.467262808964194392e+03	1.332648497651347796e-01	7.846350659972486929e-02	3.270524406047441990e-01	2.068639233810986855e-01	9.666134280116411848e-02	4.667882098803510099e-02	1.110151158583221331e-01
2.481776119605160602e+03	1.332652719935575603e-01	7.846169740911157486e-02	3.270526228754002673e-01	2.068657401359664527e-01	9.666141207708414673e-02	4.667823790849050247e-02	1.110150175986134025e-01
2.496289430246126358e+03	1.332656851267063347e-01	7.845992218721453693e-02	3.270527893017878274e-01	2.068675445362362364e-01	9.666147687457365967e-02	4.667766480915264138e-02	1.110149171625526288e-01
2.510802740887092114e+03	1.332660892453882140e-01	7.845818023471018421e-02	3.270529404149488117e-01	2.068693366033071690e-01	9.666153733542955095e-02	4.667710150219146759e-02	1.110148146622484122e-01
2.525316051528057415e+03	1.332664844335622600e-01	7.845647086775699164e-02	3.270530767296572772e-01	2.068711163606360981e-01	9.666159359727521938e-02	4.667654780351138122e-02	1.110147102058246238e-01
2.539829362169024080e+03	1.332668707780948203e-01	7.845479341762728875e-02	3.270531987449274425e-01	2.068728838336571785e-01	9.666164579368677345e-02	4.667600353267446767e-02	1.110146038975558525e-01
2.554342672809989381e+03	1.332672483685263254e-01	7.845314723034872706e-02	3.270533069445057950e-01	2.068746390497039345e-01	9.666169405431537798e-02	4.667546851282526610e-02	1.110144958379983560e-01
2.568855983450955591e+03	1.332676172968492168e-01	7.845153166635472630e-02	3.270534017973467100e-01	2.068763820379339036e-01	9.666173850500556219e-02	4.667494257061720331e-02	1.110143861241164459e-01
2.583369294091921347e+03	1.332679776572962549e-01	7.844994610014392744e-02	3.270534837580729159e-01	2.068781128292556670e-01	9.666177926790990582e-02	4.667442553614050554e-02	1.110142748494045428e-01
2.597882604732887103e+03	1.332683295461393469e-01	7.844838991994851352e-02	3.270535532674209711e-01	2.068798314562581009e-01	9.666181646160010299e-02	4.667391724285168547e-02	1.110141621040050403e-01
2.612395915373853313e+03	1.332686730614975890e-01	7.844686252741062127e-02	3.270536107526724190e-01	2.068815379531420140e-01	9.666185020117445958e-02	4.667341752750453487e-02	1.110140479748221720e-01
2.626909226014819069e+03	1.332690083031551898e-01	7.844536333726735700e-02	3.270536566280706769e-01	2.068832323556540065e-01	9.666188059836203217e-02	4.667292623008244268e-02	1.110139325456320353e-01
2.641422536655784825e+03	1.332693353723879981e-01	7.844389177704354232e-02	3.270536912952254349e-01	2.068849147010222711e-01	9.666190776162353337e-02	4.667244319373231587e-02	1.110138158971887140e-01
2.655935847296750580e+03	1.332696543717985516e-01	7.844244728675234257e-02	3.270537151435026768e-01	2.068865850278946428e-01	9.666193179624898990e-02	4.667196826469974247e-02	1.110136981073269330e-01
2.670449157937716336e+03	1.332699654051597293e-01	7.844102931860341688e-02	3.270537285504031555e-01	2.068882433762783968e-01	9.666195280445247229e-02	4.667150129226559779e-02	1.110135792510610897e-01
2.684962468578682547e+03	1.332702685772659268e-01	7.843963733671846517e-02	3.270537318819284889e-01	2.068898897874823506e-01	9.666197088546367444e-02	4.667104212868396218e-02	1.110134594006810249e-01
2.699475779219648302e+03	1.332705639937919462e-01	7.843827081685383895e-02	3.270537254929353210e-01	2.068915243040603258e-01	9.666198613561680086e-02	4.667059062912134321e-02	1.110133386258443933e-01
2.713989089860614058e+03	1.332708517611591037e-01	7.843692924613018813e-02	3.270537097274780480e-01	2.068931469697568581e-01	9.666199864843663669e-02	4.667014665159716080e-02	1.110132169936659807e-01
2.728502400501579814e+03	1.332711319864082478e-01	7.843561212276889405e-02	3.270536849191411077e-01	2.068947578294544620e-01	9.666200851472178668e-02	4.666971005692550911e-02	1.110130945688039966e-01
2.743015711142545115e+03	1.332714047770794108e-01	7.843431895583496960e-02	3.270536513913600007e-01	2.068963569291225046e-01	9.666201582262562431e-02	4.666928070865813266e-02	1.110129714135433265e-01
2.757529021783511780e+03	1.332716702410979559e-01	7.843304926498650964e-02	3.270536094577325970e-01	2.068979443157679676e-01	9.666202065773438212e-02	4.666885847302856133e-02	1.110128475878760235e-01
2.772042332424477081e+03	1.332719284866665521e-01	7.843180258023024765e-02	3.270535594223199505e-01	2.068995200373875409e-01	9.666202310314309099e-02	4.666844321889747349e-02	1.110127231495791206e-01
2.786555643065443292e+03	1.332721796221633948e-01	7.843057844168326020e-02	3.270535015799380663e-01	2.069010841429213821e-01	9.666202323952906295e-02	4.666803481769915551e-02	1.110125981542896545e-01
2.801068953706408593e+03	1.332724237560454494e-01	7.842937639934054184e-02	3.270534362164402298e-01	2.069026366822083740e-01	9.666202114522302880e-02	4.666763314338912699e-02	1.110124726555772046e-01
2.815582264347374803e+03	1.332726609967575526e-01	7.842819601284833908e-02	3.270533636089901219e-01	2.069041777059428544e-01	9.666201689627820781e-02	4.666723807239281374e-02	1.110123467050140866e-01
2.830095574988341014e+03	1.332728914526463970e-01	7.842703685128302182e-02	3.270532840263264962e-01	2.069057072656325380e-01	9.666201056653718482e-02	4.666684948355531715e-02	1.110122203522429379e-01
2.844608885629306769e+03	1.332731152318794576e-01	7.842589849293551962e-02	3.270531977290195291e-01	2.069072254135581324e-01	9.666200222769673334e-02	4.666646725809226598e-02	1.110120936450422202e-01
2.859122196270272525e+03	1.332733324423684973e-01	7.842478052510092057e-02	3.270531049697189552e-01	2.069087322027339249e-01	9.666199194937062644e-02	4.666609127954161190e-02	1.110119666293893914e-01
2.873635506911238281e+03	1.332735431916976521e-01	7.842368254387324655e-02	3.270530059933940970e-01	2.069102276868699519e-01	9.666197979915058802e-02	4.666572143371650744e-02	1.110118393495219402e-01
2.888148817552204036e+03	1.332737475870559574e-01	7.842260415394533557e-02	3.270529010375667345e-01	2.069117119203350563e-01	9.666196584266527336e-02	4.666535760865915539e-02	1.110117118479964082e-01
