0.000000000000000000e+00	1.387527346831413100e-01	7.869061493426274256e-02	3.229254872199908699e-01	2.093663842894953331e-01	9.301498229815254037e-02	4.649053240872368098e-02	1.107592641643898035e-01
1.451331064096584811e+01	1.374884305812570928e-01	7.944128045256783344e-02	3.231254383294993593e-01	2.085100892041238385e-01	9.368920552031743954e-02	4.662992505776092367e-02	1.111156308526297515e-01
2.902662128193169622e+01	1.367266183250326894e-01	7.978868565899900622e-02	3.233080667750345416e-01	2.079778895728787158e-01	9.420901989737880122e-02	4.673167775259580436e-02	1.112580420162366662e-01
4.353993192289755143e+01	1.362423907023092851e-01	7.992242578592462232e-02	3.234848011635166887e-01	2.076359949145146488e-01	9.461535763671063970e-02	4.680896875685697234e-02	1.112900610383233957e-01
5.805324256386339954e+01	1.359137110299405427e-01	7.994469460203745825e-02	3.236598329487636039e-01	2.074076766118769233e-01	9.493656013723122955e-02	4.686940704680485348e-02	1.112681176215016415e-01
7.256655320482924765e+01	1.356741774346280072e-01	7.991044966529824156e-02	3.238339496281861796e-01	2.072486151270689358e-01	9.519280264968998928e-02	4.691753933132970095e-02	1.112224661619552052e-01
8.707986384579510286e+01	1.354874907408332441e-01	7.984912619142145451e-02	3.240064895017990554e-01	2.071329580226535239e-01	9.539880795073378550e-02	4.695621034872760752e-02	1.111689172419875887e-01
1.015931744867609581e+02	1.353336529669972033e-01	7.977637632724984829e-02	3.241763086194458521e-01	2.070454234878899291e-01	9.556554963615210285e-02	4.698730285815292534e-02	1.111153861022684264e-01
1.161064851277267991e+02	1.352015060722828177e-01	7.970041599832403123e-02	3.243422343000020303e-01	2.069768184720905402e-01	9.570134990601451841e-02	4.701214190074909371e-02	1.110655333486932211e-01
1.306197957686926259e+02	1.350846975133452588e-01	7.962545632482198599e-02	3.245032566499225779e-01	2.069214873318510062e-01	9.581260770344708633e-02	4.703171718438327320e-02	1.110207772903850920e-01
1.451331064096584669e+02	1.349794979406903628e-01	7.955355866004604204e-02	3.246585903515308291e-01	2.068758534419794237e-01	9.590429609279402245e-02	4.704680678724915827e-02	1.109813967238664489e-01
1.596464170506243647e+02	1.348836199634341482e-01	7.948563718362691710e-02	3.248076755167298990e-01	2.068375807968807212e-01	9.598031181057695149e-02	4.705804718135016967e-02	1.109471275455574252e-01
1.741597276915902057e+02	1.347955780097957468e-01	7.942200046150701964e-02	3.249501527516437394e-01	2.068050882675031565e-01	9.604372739491895405e-02	4.706597393006373142e-02	1.109174791827238493e-01
1.886730383325560467e+02	1.347143406925487008e-01	7.936264362396952543e-02	3.250858298672374969e-01	2.067772652162744307e-01	9.609697719677327832e-02	4.707104625185359881e-02	1.108918971494991385e-01
2.031863489735219162e+02	1.346391413342906407e-01	7.930740562767797652e-02	3.252146484524412462e-01	2.067533026885107206e-01	9.614199720849631037e-02	4.707366260673713498e-02	1.108698420800021539e-01
2.176996596144877287e+02	1.345693740517212300e-01	7.925605352089461209e-02	3.253366538107164141e-01	2.067325914210797755e-01	9.618033176516882499e-02	4.707417119778549430e-02	1.108508242307897629e-01
2.322129702554535982e+02	1.345045361664153061e-01	7.920832721600369608e-02	3.254519694164368926e-01	2.067146588549070574e-01	9.621321592269636847e-02	4.707287751354385930e-02	1.108344149081528507e-01
2.467262808964194392e+02	1.344441957415166422e-01	7.916396290503029121e-02	3.255607759380040322e-01	2.066991292082101528e-01	9.624163962466875111e-02	4.707005008063532003e-02	1.108202465000908687e-01
2.612395915373852517e+02	1.343879727872091256e-01	7.912270493960596451e-02	3.256632943978324257e-01	2.066856974103116751e-01	9.626639801787159612e-02	4.706592507699350336e-02	1.108080073683317540e-01
2.757529021783511780e+02	1.343355279419968795e-01	7.908431149726541376e-02	3.257597728778593438e-01	2.066741115388788519e-01	9.628813110227829597e-02	4.706071017410693585e-02	1.107974348657703445e-01
2.902662128193169337e+02	1.342865552805286300e-01	7.904855691963239006e-02	3.258504761675988792e-01	2.066641606036636047e-01	9.630735509127305582e-02	4.705458782268162610e-02	1.107883081127778863e-01
3.047795234602828600e+02	1.342407774345971139e-01	7.901523228798702780e-02	3.259356778051223369e-01	2.066556657874049074e-01	9.632448728323729503e-02	4.704771811149754956e-02	1.107804412883098555e-01
3.192928341012487294e+02	1.341979420433341286e-01	7.898414508579652826e-02	3.260156540373029266e-01	2.066484739910264823e-01	9.633986582779928420e-02	4.704024128219638778e-02	1.107736777307003623e-01
3.338061447422145420e+02	1.341578189964279799e-01	7.895511840905523882e-02	3.260906793039762275e-01	2.066424529629953544e-01	9.635376545973184381e-02	4.703227995612364182e-02	1.107678849098456958e-01
3.483194553831804114e+02	1.341201981759675699e-01	7.892798997386293869e-02	3.261610229224913837e-01	2.066374875507042685e-01	9.636641003899563962e-02	4.702394111387393771e-02	1.107629502222602369e-01
3.628327660241463377e+02	1.340848875331003276e-01	7.890261105545982867e-02	3.262269467112871579e-01	2.066334767684292750e-01	9.637798255580480589e-02	4.701531785882870351e-02	1.107587775152458071e-01
3.773460766651120935e+02	1.340517114062941550e-01	7.887884543000775461e-02	3.262887033432152473e-01	2.066303314737285568e-01	9.638863312054460342e-02	4.700649099000954456e-02	1.107552842343559746e-01
3.918593873060780197e+02	1.340205090262635290e-01	7.885656835594966052e-02	3.263465352621058857e-01	2.066279725061894446e-01	9.639848534988224027e-02	4.699753040552025890e-02	1.107523990922447271e-01
4.063726979470438323e+02	1.339911331734754407e-01	7.883566561287147501e-02	3.264006740307687227e-01	2.066263291831410276e-01	9.640764147526598160e-02	4.698849635491157695e-02	1.107500601677215701e-01
4.208860085880095880e+02	1.339634489656336969e-01	7.881603260540827327e-02	3.264513400065208737e-01	2.066253380744800250e-01	9.641618643289667778e-02	4.697944055653429513e-02	1.107482133566819182e-01
4.353993192289755143e+02	1.339373327589819529e-01	7.879757353405296427e-02	3.264987422626429714e-01	2.066249419979386825e-01	9.642419114119248069e-02	4.697040719410475185e-02	1.107468111092419771e-01
4.499126298699413837e+02	1.339126711509947276e-01	7.878020063164611897e-02	3.265430786919212292e-01	2.066250891898587516e-01	9.643171512971751569e-02	4.696143380515355875e-02	1.107458113988638304e-01
4.644259405109071963e+02	1.338893600742952772e-01	7.876383346270139640e-02	3.265845362425289222e-01	2.066257326166168196e-01	9.643880865016615789e-02	4.695255207268644870e-02	1.107451768791606755e-01
4.789392511518730657e+02	1.338673039731148595e-01	7.874839828191648738e-02	3.266232912476519923e-01	2.066268293993956950e-01	9.644551437346800260e-02	4.694378853020555326e-02	1.107448741924031144e-01
4.934525617928388783e+02	1.338464150546501974e-01	7.873382744787919829e-02	3.266595098190715474e-01	2.066283403307475619e-01	9.645186875597790144e-02	4.693516518919167019e-02	1.107448734006376834e-01
5.079658724338048046e+02	1.338266126084730334e-01	7.872005888790370443e-02	3.266933482818513701e-01	2.066302294658315664e-01	9.645790314092086981e-02	4.692670009721210816e-02	1.107451475159631077e-01
5.224791830747705035e+02	1.338078223878001460e-01	7.870703561000806647e-02	3.267249536327310744e-01	2.066324637746658754e-01	9.646364464788625970e-02	4.691840783397988740e-02	1.107456721110843673e-01
5.369924937157364866e+02	1.337899760469938304e-01	7.869470525820498885e-02	3.267544640090993546e-01	2.066350128444513490e-01	9.646911689251021216e-02	4.691029995193677499e-02	1.107464249949591389e-01
5.515058043567023560e+02	1.337730106301643351e-01	7.868301970748448060e-02	3.267820091587614884e-01	2.066378486231690570e-01	9.647434056999329433e-02	4.690238536725595264e-02	1.107473859413270340e-01
5.660191149976681118e+02	1.337568681061984399e-01	7.867193469509532744e-02	3.268077109033200589e-01	2.066409451973573730e-01	9.647933392933062680e-02	4.689467070655158748e-02	1.107485364603022077e-01
5.805324256386339812e+02	1.337414949459521107e-01	7.866140948496892771e-02	3.268316835900068051e-01	2.066442785983303165e-01	9.648411315973356994e-02	4.688716061403559038e-02	1.107498596051282036e-01
5.950457362795999643e+02	1.337268417377249774e-01	7.865140656236378758e-02	3.268540345283659776e-01	2.066478266321823132e-01	9.648869270641652340e-02	4.687985802337027441e-02	1.107513398077316774e-01
6.095590469205657200e+02	1.337128628374830985e-01	7.864189135603760761e-02	3.268748644093874001e-01	2.066515687297915682e-01	9.649308552948752948e-02	4.687276439802363914e-02	1.107529627379445769e-01
6.240723575615315895e+02	1.336995160506159741e-01	7.863283198547260655e-02	3.268942677056071999e-01	2.066554858137304440e-01	9.649730331693961993e-02	4.686587994353726139e-02	1.107547151822523557e-01
6.385856682024975726e+02	1.336867623423070861e-01	7.862419903088581352e-02	3.269123330513820092e-01	2.066595601795503390e-01	9.650135666055220662e-02	4.685920379476013475e-02	1.107565849387179280e-01
6.530989788434633283e+02	1.336745655738659222e-01	7.861596532395070946e-02	3.269291436030672404e-01	2.066637753893597884e-01	9.650525520176367333e-02	4.685273418078176461e-02	1.107585607253663978e-01
6.676122894844290840e+02	1.336628922626141580e-01	7.860810575733645500e-02	3.269447773792095724e-01	2.066681161759776064e-01	9.650900775318119185e-02	4.684646857001047160e-02	1.107606320998260202e-01
6.821256001253949535e+02	1.336517113631421894e-01	7.860059711133858540e-02	3.269593075811441651e-01	2.066725683562377069e-01	9.651262240027767836e-02	4.684040379758511868e-02	1.107627893884299830e-01
6.966389107663608229e+02	1.336409940679562647e-01	7.859341789602987405e-02	3.269728028945834142e-01	2.066771187522606634e-01	9.651610658693419997e-02	4.683453617707711292e-02	1.107650236233137797e-01
7.111522214073266923e+02	1.336307136257220141e-01	7.858654820750167469e-02	3.269853277729182217e-01	2.066817551197008829e-01	9.651946718777279499e-02	4.682886159823209521e-02	1.107673264863075491e-01
7.256655320482924481e+02	1.336208451754777315e-01	7.857996959689694805e-02	3.269969427030390285e-01	2.066864660821361444e-01	9.652271056965343321e-02	4.682337561231481732e-02	1.107696902586370880e-01
7.401788426892584312e+02	1.336113655953447832e-01	7.857366495105512494e-02	3.270077044545333655e-01	2.066912410708961201e-01	9.652584264425193017e-02	4.681807350645387361e-02	1.107721077756199657e-01
7.546921533302243006e+02	1.336022533644008747e-01	7.856761838369846762e-02	3.270176663131399430e-01	2.066960702697308583e-01	9.652886891326865892e-02	4.681295036823368561e-02	1.107745723856826264e-01
7.692054639711900563e+02	1.335934884365072850e-01	7.856181513618844259e-02	3.270268782993407397e-01	2.067009445638092746e-01	9.653179450752424895e-02	4.680800114164718889e-02	1.107770779131378863e-01
7.837187746121558121e+02	1.335850521249959677e-01	7.855624148697155917e-02	3.270353873729605620e-01	2.067058554926077263e-01	9.653462422096231732e-02	4.680322067540272635e-02	1.107796186242541586e-01
7.982320852531219089e+02	1.335769269972253703e-01	7.855088466891613219e-02	3.270432376246199535e-01	2.067107952063098053e-01	9.653736254038947084e-02	4.679860376447142478e-02	1.107821891962228189e-01
8.127453958940876646e+02	1.335690967781069105e-01	7.854573279381651951e-02	3.270504704548575781e-01	2.067157564253874480e-01	9.654001367163039804e-02	4.679414518566508974e-02	1.107847846886910043e-01
8.272587065350534203e+02	1.335615462617893434e-01	7.854077478340898422e-02	3.270571247417025096e-01	2.067207324030747861e-01	9.654258156265259350e-02	4.678983972794868718e-02	1.107874005175780718e-01
8.417720171760191761e+02	1.335542612307642207e-01	7.853600030630497608e-02	3.270632369974389442e-01	2.067257168904819975e-01	9.654506992411630850e-02	4.678568221811443134e-02	1.107900324309340767e-01
8.562853278169851592e+02	1.335472283817251415e-01	7.853139972030361016e-02	3.270688415152666617e-01	2.067307041041249460e-01	9.654748224772496945e-02	4.678166754237571973e-02	1.107926764866338787e-01
8.707986384579510286e+02	1.335404352575759734e-01	7.852696401959549655e-02	3.270739705065199288e-01	2.067356886956719653e-01	9.654982182268637136e-02	4.677779066437749017e-02	1.107953290317276324e-01
8.853119490989170117e+02	1.335338701850402043e-01	7.852268478641574734e-02	3.270786542290685661e-01	2.067406657237306766e-01	9.655209175054238480e-02	4.677404664006461210e-02	1.107979866832926874e-01
8.998252597398827675e+02	1.335275222173740173e-01	7.851855414674592526e-02	3.270829211074862131e-01	2.067456306275152478e-01	9.655429495858183775e-02	4.677043062980056065e-02	1.108006463106509937e-01
9.143385703808486369e+02	1.335213810817331426e-01	7.851456472970166911e-02	3.270867978455336278e-01	2.067505792022518718e-01	9.655643421201678955e-02	4.676693790808488654e-02	1.108033050188328705e-01
9.288518810218145063e+02	1.335154371307840926e-01	7.851070963027702299e-02	3.270903095314679487e-01	2.067555075761922934e-01	9.655851212507329806e-02	4.676356387117843599e-02	1.108059601331817107e-01
9.433651916627801484e+02	1.335096812981895475e-01	7.850698237514716626e-02	3.270934797366578661e-01	2.067604121891184477e-01	9.656053117112492479e-02	4.676030404291051795e-02	1.108086091850063598e-01
9.578785023037459041e+02	1.335041050576307453e-01	7.850337689125891361e-02	3.270963306079482380e-01	2.067652897722314642e-01	9.656249369197750232e-02	4.675715407891061631e-02	1.108112498981973365e-01
9.723918129447120009e+02	1.334987003850615084e-01	7.849988747696365343e-02	3.270988829541917053e-01	2.067701373293273637e-01	9.656440190639845045e-02	4.675410976947960706e-02	1.108138801767324794e-01
9.869051235856777566e+02	1.334934597239165188e-01	7.849650877546995864e-02	3.271011563273332756e-01	2.067749521191701856e-01	9.656625791797016078e-02	4.675116704129027995e-02	1.108164980930044091e-01
1.001418434226643626e+03	1.334883759530210712e-01	7.849323575041398937e-02	3.271031690984086415e-01	2.067797316389808071e-01	9.656806372233628366e-02	4.674832195808500263e-02	1.108191018769089792e-01
1.015931744867609382e+03	1.334834423569737361e-01	7.849006366336394591e-02	3.271049385287924105e-01	2.067844736089659574e-01	9.656982121390077223e-02	4.674557072051839512e-02	1.108216899056395643e-01
1.030445055508575479e+03	1.334786525987925743e-01	7.848698805309217708e-02	3.271064808370079957e-01	2.067891759578179833e-01	9.657153219203193362e-02	4.674290966527538255e-02	1.108242606941367142e-01
1.044958366149541234e+03	1.334740006946360247e-01	7.848400471646352350e-02	3.271078112613903244e-01	2.067938368091211676e-01	9.657319836681679814e-02	4.674033526357926349e-02	1.108268128861475826e-01
1.059471676790506763e+03	1.334694809904252710e-01	7.848110969080214494e-02	3.271089441188726465e-01	2.067984544686053971e-01	9.657482136440627418e-02	4.673784411919046367e-02	1.108293452458525147e-01
1.073984987431472746e+03	1.334650881402110467e-01	7.847829923761194537e-02	3.271098928601480771e-01	2.068030274121918921e-01	9.657640273198657421e-02	4.673543296598435537e-02	1.108318566500207658e-01
1.088498298072438729e+03	1.334608170861416587e-01	7.847556982753672861e-02	3.271106701214424595e-01	2.068075542747804807e-01	9.657794394240852565e-02	4.673309866518535888e-02	1.108343460806593822e-01
1.103011608713404712e+03	1.334566630399017240e-01	7.847291812645650066e-02	3.271112877731152668e-01	2.068120338397304858e-01	9.657944639850306323e-02	4.673083820232484115e-02	1.108368126181226848e-01
1.117524919354370468e+03	1.334526214655020748e-01	7.847034098262567481e-02	3.271117569652937651e-01	2.068164650289914808e-01	9.658091143710802184e-02	4.672864868398159816e-02	1.108392554346519926e-01
1.132038229995336451e+03	1.334486880633129480e-01	7.846783541476728963e-02	3.271120881707288430e-01	2.068208468938428080e-01	9.658234033282904474e-02	4.672652733435608829e-02	1.108416737883175518e-01
1.146551540636302207e+03	1.334448587552408416e-01	7.846539860104509434e-02	3.271122912250503667e-01	2.068251786062036968e-01	9.658373430155517414e-02	4.672447149172268693e-02	1.108440670173366921e-01
1.161064851277267962e+03	1.334411296709581418e-01	7.846302786884200298e-02	3.271123753645861498e-01	2.068294594504783146e-01	9.658509450374758165e-02	4.672247860479825793e-02	1.108464345347440760e-01
1.175578161918233945e+03	1.334374971351033889e-01	7.846072068527987220e-02	3.271123492618991380e-01	2.068336888159021947e-01	9.658642204751828608e-02	4.672054622905990467e-02	1.108487758233917125e-01
1.190091472559199701e+03	1.334339576553758011e-01	7.845847464842133079e-02	3.271122210591851376e-01	2.068378661893597592e-01	9.658771799151441573e-02	4.671867202304023220e-02	1.108510904312577927e-01
1.204604783200165684e+03	1.334305079114554982e-01	7.845628747909927370e-02	3.271119983996661484e-01	2.068419911486428786e-01	9.658898334762161531e-02	4.671685374462410806e-02	1.108533779670449471e-01
1.219118093841131440e+03	1.334271447446851167e-01	7.845415701332451863e-02	3.271116884571035333e-01	2.068460633561242934e-01	9.659021908349987862e-02	4.671508924736732238e-02	1.108556380960497995e-01
1.233631404482097196e+03	1.334238651484555283e-01	7.845208119522632806e-02	3.271112979635481532e-01	2.068500825528198916e-01	9.659142612496310343e-02	4.671337647685443878e-02	1.108578705362870676e-01
1.248144715123063179e+03	1.334206662592418158e-01	7.845005807048439916e-02	3.271108332354363268e-01	2.068540485528162498e-01	9.659260535821349858e-02	4.671171346711004702e-02	1.108600750548521946e-01
1.262658025764028707e+03	1.334175453482410456e-01	7.844808578021421341e-02	3.271103001981338076e-01	2.068579612380414823e-01	9.659375763194050224e-02	4.671009833707542858e-02	1.108622514645080381e-01
1.277171336404994690e+03	1.334144998135667615e-01	7.844616255527134263e-02	3.271097044090229278e-01	2.068618205533579446e-01	9.659488375929355108e-02	4.670852928716022479e-02	1.108643996204817656e-01
1.291684647045960673e+03	1.334115271729591767e-01	7.844428671094244576e-02	3.271090510792218908e-01	2.068656265019580831e-01	9.659598451973701316e-02	4.670700459587706632e-02	1.108665194174588420e-01
1.306197957686926657e+03	1.334086250569731513e-01	7.844245664199424317e-02	3.271083450940199810e-01	2.068693791410442795e-01	9.659706066079509768e-02	4.670552261656516629e-02	1.108686107867625642e-01
1.320711268327892412e+03	1.334057912026091752e-01	7.844067081805337904e-02	3.271075910321066260e-01	2.068730785777763703e-01	9.659811289969395809e-02	4.670408177420767165e-02	1.108706736937073584e-01
1.335224578968857941e+03	1.334030234473556065e-01	7.843892777929259430e-02	3.271067931836669773e-01	2.068767249654697993e-01	9.659914192490773321e-02	4.670268056234630483e-02	1.108727081351155025e-01
1.349737889609823924e+03	1.334003197236120764e-01	7.843722613240100561e-02	3.271059555674135089e-01	2.068803185000302747e-01	9.660014839761460470e-02	4.670131754009559932e-02	1.108747141369873929e-01
1.364251200250789907e+03	1.333976780534679440e-01	7.843556454681717416e-02	3.271050819466161941e-01	2.068838594166101386e-01	9.660113295306868575e-02	4.669999132925824886e-02	1.108766917523160422e-01
1.378764510891755890e+03	1.333950965438096548e-01	7.843394175120640965e-02	3.271041758441927683e-01	2.068873479864732634e-01	9.660209620189311175e-02	4.669870061154225704e-02	1.108786410590369975e-01
1.393277821532721646e+03	1.333925733817347137e-01	7.843235653016442099e-02	3.271032405569144763e-01	2.068907845140559865e-01	9.660303873129916230e-02	4.669744412587991528e-02	1.108805621581057388e-01
1.407791132173687402e+03	1.333901068302507931e-01	7.843080772113127097e-02	3.271022791687809295e-01	2.068941693342125632e-01	9.660396110623631349e-02	4.669622066584797754e-02	1.108824551716945661e-01
1.422304442814653157e+03	1.333876952242402381e-01	7.842929421150073022e-02	3.271012945636123104e-01	2.068975028096337321e-01	9.660486387047710621e-02	4.669502907718799806e-02	1.108843202415022294e-01
1.436817753455619140e+03	1.333853369666716526e-01	7.842781493591126363e-02	3.271002894369070546e-01	2.069007853284284271e-01	9.660574754764134076e-02	4.669386825542549274e-02	1.108861575271690852e-01
1.451331064096585123e+03	1.333830305250423565e-01	7.842636887370602050e-02	3.270992663070068640e-01	2.069040173018585338e-01	9.660661264216288679e-02	4.669273714358589122e-02	1.108879672047918125e-01
1.465844374737550879e+03	1.333807744280351981e-01	7.842495504655001837e-02	3.270982275256114624e-01	2.069071991622178364e-01	9.660745964020278631e-02	4.669163473000549625e-02	1.108897494655315258e-01
1.480357685378516862e+03	1.333785672623764296e-01	7.842357251619394565e-02	3.270971752876807304e-01	2.069103313608464390e-01	9.660828901051209117e-02	4.669056004623493850e-02	1.108915045143097355e-01
1.494870996019482618e+03	1.333764076698804313e-01	7.842222038237427195e-02	3.270961116407602454e-01	2.069134143662725578e-01	9.660910120524708600e-02	4.668951216503275381e-02	1.108932325685869497e-01
1.509384306660448374e+03	1.333742943446693807e-01	7.842089778084070095e-02	3.270950384937644229e-01	2.069164486624741062e-01	9.660989666074010218e-02	4.668849019844655696e-02	1.108949338572189774e-01
1.523897617301414357e+03	1.333722260305564289e-01	7.841960388150226446e-02	3.270939576252490100e-01	2.069194347472528839e-01	9.661067579822840701e-02	4.668749329597902953e-02	1.108966086193862027e-01
1.538410927942380113e+03	1.333702015185813661e-01	7.841833788668421679e-02	3.270928706912028527e-01	2.069223731307147096e-01	9.661143902454358279e-02	4.668652064283593944e-02	1.108982571035915798e-01
1.552924238583346096e+03	1.333682196446893953e-01	7.841709902948824917e-02	3.270917792323866369e-01	2.069252643338492514e-01	9.661218673276392166e-02	4.668557145825352750e-02	1.108998795667231752e-01
1.567437549224311852e+03	1.333662792875434933e-01	7.841588657224955738e-02	3.270906846812460800e-01	2.069281088872032826e-01	9.661291930283197327e-02	4.668464499390227035e-02	1.109014762731774240e-01
1.581950859865277607e+03	1.333643793664618937e-01	7.841469980508394833e-02	3.270895883684230565e-01	2.069309073296420887e-01	9.661363710213913270e-02	4.668374053236433452e-02	1.109030474940395777e-01
1.596464170506243590e+03	1.333625188394729766e-01	7.841353804451954568e-02	3.270884915288890249e-01	2.069336602071937536e-01	9.661434048607930869e-02	4.668285738568184878e-02	1.109045935063175670e-01
1.610977481147209119e+03	1.333606967014798195e-01	7.841240063220752954e-02	3.270873953077222951e-01	2.069363680719710774e-01	9.661502979857349016e-02	4.668199489397318463e-02	1.109061145922266151e-01
1.625490791788175102e+03	1.333589119825278335e-01	7.841128693370678915e-02	3.270863007655500643e-01	2.069390314811666576e-01	9.661570537256686242e-02	4.668115242411461502e-02	1.109076110385211755e-01
1.640004102429141085e+03	1.333571637461689330e-01	7.841019633733774252e-02	3.270852088836744276e-01	2.069416509961168882e-01	9.661636753049995807e-02	4.668032936848453412e-02	1.109090831358714169e-01
1.654517413070107068e+03	1.333554510879164101e-01	7.840912825310122902e-02	3.270841205689009046e-01	2.069442271814304068e-01	9.661701658475552179e-02	4.667952514376767781e-02	1.109105311782817432e-01
1.669030723711072824e+03	1.333537731337846588e-01	7.840808211165800623e-02	3.270830366580860793e-01	2.069467606041773544e-01	9.661765283808231020e-02	4.667873918981677028e-02	1.109119554625486864e-01
1.683544034352038352e+03	1.333521290389089176e-01	7.840705736336539555e-02	3.270819579224216733e-01	2.069492518331356723e-01	9.661827658399718688e-02	4.667797096856911993e-02	1.109133562877558654e-01
1.698057344993004335e+03	1.333505179862398971e-01	7.840605347736734343e-02	3.270808850714694294e-01	2.069517014380911069e-01	9.661888810716673381e-02	4.667721996301561066e-02	1.109147339548037375e-01
1.712570655633970318e+03	1.333489391853090456e-01	7.840506994073465075e-02	3.270798187569610715e-01	2.069541099891873681e-01	9.661948768376965591e-02	4.667648567621994482e-02	1.109160887659721012e-01
1.727083966274936301e+03	1.333473918710597617e-01	7.840410625765238672e-02	3.270787595763778866e-01	2.069564780563239725e-01	9.662007558184079747e-02	4.667576763038566029e-02	1.109174210245133657e-01
1.741597276915902057e+03	1.333458753027411958e-01	7.840316194865144805e-02	3.270777080763214717e-01	2.069588062085981617e-01	9.662065206159806130e-02	4.667506536596881250e-02	1.109187310342746591e-01
1.756110587556867813e+03	1.333443887628604219e-01	7.840223654988177915e-02	3.270766647556883622e-01	2.069610950137887873e-01	9.662121737575297964e-02	4.667437844083427434e-02	1.109200190993471224e-01
1.770623898197833569e+03	1.333429315561899531e-01	7.840132961242453347e-02	3.270756300686597506e-01	2.069633450378791928e-01	9.662177176980608906e-02	4.667370642945340570e-02	1.109212855237407813e-01
1.785137208838799552e+03	1.333415030088267728e-01	7.840044070164113588e-02	3.270746044275164022e-01	2.069655568446172045e-01	9.662231548232756706e-02	4.667304892214137885e-02	1.109225306110831616e-01
1.799650519479765535e+03	1.333401024673007695e-01	7.839956939655666479e-02	3.270735882052897558e-01	2.069677309951093169e-01	9.662284874522443501e-02	4.667240552433207096e-02	1.109237546643405820e-01
1.814163830120731291e+03	1.333387292977285810e-01	7.839871528927591648e-02	3.270725817382579281e-01	2.069698680474473251e-01	9.662337178399456328e-02	4.667177585588882377e-02	1.109249579855604573e-01
1.828677140761696819e+03	1.333373828850112353e-01	7.839787798442991729e-02	3.270715853282953334e-01	2.069719685563656264e-01	9.662388481796857498e-02	4.667115955044930792e-02	1.109261408756335443e-01
1.843190451402663257e+03	1.333360626320725106e-01	7.839705709865130157e-02	3.270705992450854693e-01	2.069740330729266387e-01	9.662438806054014784e-02	4.667055625480281272e-02	1.109273036340746171e-01
1.857703762043628785e+03	1.333347679591357637e-01	7.839625226007677916e-02	3.270696237282031960e-01	2.069760621442332804e-01	9.662488171938531101e-02	4.666996562829841405e-02	1.109284465588207536e-01
1.872217072684594768e+03	1.333334983030370902e-01	7.839546310787515182e-02	3.270686589890750562e-01	2.069780563131662920e-01	9.662536599667148618e-02	4.666938734228243818e-02	1.109295699460459278e-01
1.886730383325560297e+03	1.333322531165728742e-01	7.839468929179936596e-02	3.270677052128246332e-01	2.069800161181451770e-01	9.662584108925659221e-02	4.666882107956382697e-02	1.109306740899909521e-01
1.901243693966526507e+03	1.333310318678794515e-01	7.839393047176126950e-02	3.270667625600087169e-01	2.069819420929110698e-01	9.662630718887896264e-02	4.666826653390602347e-02	1.109317592828079069e-01
1.915757004607492036e+03	1.333298340398435256e-01	7.839318631742778209e-02	3.270658311682513864e-01	2.069838347663302269e-01	9.662676448233849247e-02	4.666772340954395554e-02	1.109328258144180457e-01
1.930270315248458019e+03	1.333286591295411161e-01	7.839245650783718822e-02	3.270649111537815568e-01	2.069856946622168903e-01	9.662721315166938885e-02	4.666719142072499327e-02	1.109338739723822048e-01
1.944783625889424002e+03	1.333275066477040693e-01	7.839174073103453988e-02	3.270640026128794897e-01	2.069875222991741093e-01	9.662765337430520574e-02	4.666667029127258282e-02	1.109349040417833415e-01
1.959296936530389530e+03	1.333263761182118812e-01	7.839103868372493400e-02	3.270631056232374267e-01	2.069893181904514934e-01	9.662808532323613475e-02	4.666615975417141848e-02	1.109359163051199804e-01
1.973810247171355968e+03	1.333252670776081672e-01	7.839035007094383167e-02	3.270622202452396765e-01	2.069910828438187855e-01	9.662850916715955141e-02	4.666565955117312620e-02	1.109369110422101373e-01
1.988323557812321269e+03	1.333241790746396427e-01	7.838967460574330914e-02	3.270613465231659855e-01	2.069928167614542569e-01	9.662892507062367797e-02	4.666516943242136201e-02	1.109378885301049722e-01
2.002836868453287707e+03	1.333231116698173346e-01	7.838901200889354659e-02	3.270604844863237437e-01	2.069945204398467853e-01	9.662933319416494582e-02	4.666468915609530560e-02	1.109388490430115032e-01
2.017350179094252780e+03	1.333220644349978612e-01	7.838836200859847225e-02	3.270596341501118554e-01	2.069961943697109508e-01	9.662973369443930705e-02	4.666421848807072309e-02	1.109397928522239812e-01
2.031863489735218764e+03	1.333210369529843620e-01	7.838772434022497904e-02	3.270587955170212169e-01	2.069978390359140663e-01	9.663012672434788397e-02	4.666375720159759294e-02	1.109407202260630637e-01
2.046376800376184747e+03	1.333200288171456915e-01	7.838709874604495031e-02	3.270579685775749645e-01	2.069994549174144771e-01	9.663051243315716465e-02	4.666330507699349706e-02	1.109416314298224404e-01
2.060890111017150957e+03	1.333190396310530157e-01	7.838648497498926226e-02	3.270571533112118234e-01	2.070010424872103794e-01	9.663089096661411914e-02	4.666286190135195133e-02	1.109425267257226067e-01
2.075403421658116713e+03	1.333180690081330055e-01	7.838588278241327700e-02	3.270563496871163878e-01	2.070026022122982978e-01	9.663126246705636135e-02	4.666242746826494703e-02	1.109434063728708952e-01
2.089916732299082469e+03	1.333171165713362138e-01	7.838529192987313265e-02	3.270555576649987750e-01	2.070041345536406396e-01	9.663162707351774516e-02	4.666200157755893280e-02	1.109442706272276563e-01
2.104430042940048224e+03	1.333161819528206893e-01	7.838471218491220582e-02	3.270547771958270400e-01	2.070056399661418800e-01	9.663198492182953347e-02	4.666158403504353652e-02	1.109451197415781548e-01
2.118943353581013525e+03	1.333152647936492741e-01	7.838414332085728853e-02	3.270540082225147360e-01	2.070071188986323529e-01	9.663233614471739008e-02	4.666117465227244410e-02	1.109459539655095334e-01
2.133456664221980191e+03	1.333143647435001966e-01	7.838358511662393835e-02	3.270532506805662876e-01	2.070085717938595082e-01	9.663268087189444411e-02	4.666077324631571349e-02	1.109467735453929377e-01
2.147969974862945492e+03	1.333134814603903207e-01	7.838303735653048832e-02	3.270525044986827279e-01	2.070099990884858854e-01	9.663301923015057970e-02	4.666037963954303147e-02	1.109475787243699163e-01
2.162483285503912157e+03	1.333126146104101628e-01	7.838249983012025857e-02	3.270517695993304663e-01	2.070114012130933878e-01	9.663335134343803423e-02	4.665999365941723293e-02	1.109483697423433862e-01
2.176996596144877003e+03	1.333117638674702343e-01	7.838197233199160896e-02	3.270510458992740288e-01	2.070127785921933583e-01	9.663367733295381845e-02	4.665961513829770119e-02	1.109491468359721511e-01
2.191509906785843214e+03	1.333109289130583741e-01	7.838145466163534691e-02	3.270503333100761023e-01	2.070141316442419555e-01	9.663399731721865338e-02	4.665924391325301790e-02	1.109499102386694164e-01
2.206023217426809424e+03	1.333101094360067962e-01	7.838094662327911577e-02	3.270496317385663820e-01	2.070154607816606651e-01	9.663431141215299280e-02	4.665887982588243915e-02	1.109506601806044823e-01
2.220536528067775180e+03	1.333093051322690459e-01	7.838044802573847225e-02	3.270489410872804426e-01	2.070167664108613637e-01	9.663461973115003434e-02	4.665852272214577462e-02	1.109513968887077123e-01
2.235049838708740936e+03	1.333085157047062264e-01	7.837995868227423668e-02	3.270482612548715751e-01	2.070180489322754336e-01	9.663492238514598265e-02	4.665817245220113541e-02	1.109521205866782489e-01
2.249563149349706237e+03	1.333077408628816629e-01	7.837947841045582453e-02	3.270475921364958127e-01	2.070193087403870147e-01	9.663521948268760653e-02	4.665782887025025222e-02	1.109528314949946443e-01
2.264076459990672902e+03	1.333069803228640049e-01	7.837900703203024011e-02	3.270469336241728642e-01	2.070205462237696137e-01	9.663551112999736736e-02	4.665749183439096837e-02	1.109535298309277523e-01
2.278589770631638203e+03	1.333062338070381825e-01	7.837854437279649644e-02	3.270462856071235658e-01	2.070217617651261555e-01	9.663579743103595243e-02	4.665716120647644266e-02	1.109542158085559393e-01
2.293103081272604413e+03	1.333055010439238852e-01	7.837809026248512834e-02	3.270456479720855736e-01	2.070229557413320598e-01	9.663607848756275431e-02	4.665683685198081243e-02	1.109548896387825556e-01
2.307616391913570169e+03	1.333047817680009239e-01	7.837764453464250713e-02	3.270450206036085716e-01	2.070241285234806494e-01	9.663635439919390779e-02	4.665651863987100439e-02	1.109555515293551842e-01
2.322129702554535925e+03	1.333040757195416148e-01	7.837720702651994331e-02	3.270444033843302178e-01	2.070252804769316390e-01	9.663662526345846715e-02	4.665620644248427012e-02	1.109562016848866517e-01
2.336643013195502135e+03	1.333033826444493808e-01	7.837677757896698016e-02	3.270437961952334383e-01	2.070264119613614839e-01	9.663689117585243238e-02	4.665590013541122405e-02	1.109568403068778158e-01
2.351156323836467891e+03	1.333027022941037920e-01	7.837635603632901737e-02	3.270431989158874009e-01	2.070275233308158103e-01	9.663715222989092968e-02	4.665559959738417584e-02	1.109574675937416433e-01
2.365669634477433647e+03	1.333020344252110467e-01	7.837594224634879259e-02	3.270426114246713367e-01	2.070286149337638992e-01	9.663740851715858782e-02	4.665530471017031999e-02	1.109580837408287585e-01
2.380182945118399402e+03	1.333013787996601696e-01	7.837553606007179041e-02	3.270420335989842608e-01	2.070296871131545313e-01	9.663766012735816591e-02	4.665501535846968556e-02	1.109586889404541726e-01
2.394696255759364703e+03	1.333007351843845945e-01	7.837513733175505148e-02	3.270414653154394835e-01	2.070307402064735236e-01	9.663790714835754359e-02	4.665473142981751281e-02	1.109592833819250807e-01
2.409209566400331823e+03	1.333001033512287437e-01	7.837474591877954810e-02	3.270409064500462426e-01	2.070317745458024883e-01	9.663814966623507363e-02	4.665445281449094594e-02	1.109598672515697687e-01
2.423722877041296670e+03	1.332994830768192696e-01	7.837436168156586280e-02	3.270403568783785131e-01	2.070327904578786737e-01	9.663838776532354680e-02	4.665417940541963238e-02	1.109604407327672987e-01
2.438236187682262880e+03	1.332988741424409873e-01	7.837398448349279512e-02	3.270398164757321036e-01	2.070337882641559990e-01	9.663862152825256069e-02	4.665391109810028414e-02	1.109610040059780395e-01
2.452749498323228636e+03	1.332982763339173593e-01	7.837361419081903535e-02	3.270392851172702620e-01	2.070347682808668377e-01	9.663885103598959803e-02	4.665364779051475036e-02	1.109615572487749197e-01
2.467262808964194392e+03	1.332976894414946434e-01	7.837325067260778044e-02	3.270387626781590118e-01	2.070357308190845513e-01	9.663907636787977262e-02	4.665338938305164246e-02	1.109621006358752909e-01
2.481776119605160602e+03	1.332971132597307318e-01	7.837289380065376454e-02	3.270382490336927184e-01	2.070366761847866333e-01	9.663929760168428473e-02	4.665313577843116510e-02	1.109626343391733744e-01
2.496289430246126358e+03	1.332965475873871264e-01	7.837254344941312068e-02	3.270377440594099960e-01	2.070376046789184632e-01	9.663951481361771068e-02	4.665288688163313213e-02	1.109631585277731092e-01
2.510802740887092114e+03	1.332959922273249664e-01	7.837219949593554613e-02	3.270372476312013443e-01	2.070385165974574226e-01	9.663972807838402956e-02	4.665264259982787598e-02	1.109636733680215009e-01
2.525316051528057415e+03	1.332954469864043867e-01	7.837186181979886868e-02	3.270367596254080689e-01	2.070394122314772600e-01	9.663993746921170636e-02	4.665240284231009227e-02	1.109641790235422754e-01
2.539829362169024080e+03	1.332949116753871233e-01	7.837153030304580548e-02	3.270362799189142633e-01	2.070402918672129278e-01	9.664014305788751202e-02	4.665216752043520321e-02	1.109646756552697539e-01
2.554342672809989381e+03	1.332943861088425330e-01	7.837120483012287309e-02	3.270358083892308532e-01	2.070411557861253082e-01	9.664034491478945554e-02	4.665193654755844105e-02	1.109651634214831040e-01
2.568855983450955591e+03	1.332938701050564445e-01	7.837088528782139296e-02	3.270353449145730895e-01	2.070420042649660231e-01	9.664054310891870281e-02	4.665170983897624912e-02	1.109656424778406453e-01
2.583369294091921347e+03	1.332933634859428118e-01	7.837057156522032886e-02	3.270348893739318807e-01	2.070428375758426032e-01	9.664073770793055185e-02	4.665148731187001435e-02	1.109661129774143495e-01
2.597882604732887103e+03	1.332928660769585882e-01	7.837026355363110874e-02	3.270344416471387960e-01	2.070436559862831316e-01	9.664092877816446436e-02	4.665126888525202714e-02	1.109665750707243825e-01
2.612395915373853313e+03	1.332923777070207094e-01	7.836996114654413981e-02	3.270340016149259621e-01	2.070444597593010527e-01	9.664111638467329235e-02	4.665105447991353682e-02	1.109670289057737569e-01
2.626909226014819069e+03	1.332918982084261572e-01	7.836966423957712757e-02	3.270335691589800753e-01	2.070452491534597594e-01	9.664130059125165817e-02	4.665084401837475692e-02	1.109674746280829433e-01
2.641422536655784825e+03	1.332914274167740776e-01	7.836937273042492158e-02	3.270331441619919732e-01	2.070460244229367641e-01	9.664148146046343257e-02	4.665063742483679943e-02	1.109679123807244816e-01
2.655935847296750580e+03	1.332909651708904242e-01	7.836908651881097088e-02	3.270327265077015988e-01	2.070467858175880083e-01	9.664165905366861598e-02	4.665043462513542016e-02	1.109683423043574535e-01
2.670449157937716336e+03	1.332905113127547947e-01	7.836880550644031995e-02	3.270323160809381347e-01	2.070475335830113395e-01	9.664183343104934543e-02	4.665023554669648492e-02	1.109687645372620657e-01
2.684962468578682547e+03	1.332900656874295431e-01	7.836852959695402021e-02	3.270319127676566962e-01	2.070482679606100163e-01	9.664200465163519382e-02	4.665004011849310794e-02	1.109691792153738449e-01
2.699475779219648302e+03	1.332896281429908347e-01	7.836825869588484594e-02	3.270315164549710829e-01	2.070489891876556021e-01	9.664217277332788625e-02	4.664984827100426140e-02	1.109695864723179021e-01
2.713989089860614058e+03	1.332891985304616722e-01	7.836799271061445360e-02	3.270311270311825336e-01	2.070496974973505266e-01	9.664233785292522527e-02	4.664965993617501555e-02	1.109699864394429192e-01
2.728502400501579814e+03	1.332887767037471138e-01	7.836773155033169291e-02	3.270307443858058161e-01	2.070503931188902025e-01	9.664249994614444728e-02	4.664947504737810419e-02	1.109703792458550109e-01
2.743015711142545115e+03	1.332883625195707966e-01	7.836747512599229193e-02	3.270303684095916541e-01	2.070510762775244484e-01	9.664265910764496814e-02	4.664929353937689177e-02	1.109707650184512950e-01
2.757529021783511780e+03	1.332879558374139295e-01	7.836722335027951347e-02	3.270299989945467112e-01	2.070517471946187460e-01	9.664281539105049057e-02	4.664911534828963813e-02	1.109711438819533241e-01
2.772042332424477081e+03	1.332875565194553691e-01	7.836697613756610226e-02	3.270296360339505770e-01	2.070524060877145522e-01	9.664296884897058404e-02	4.664894041155497745e-02	1.109715159589402117e-01
2.786555643065443292e+03	1.332871644305135550e-01	7.836673340387720343e-02	3.270292794223703114e-01	2.070530531705893629e-01	9.664311953302170966e-02	4.664876866789865323e-02	1.109718813698815087e-01
2.801068953706408593e+03	1.332867794379902771e-01	7.836649506685440525e-02	3.270289290556728234e-01	2.070536886533159981e-01	9.664326749384768989e-02	4.664860005730129405e-02	1.109722402331698443e-01
2.815582264347374803e+03	1.332864014118154972e-01	7.836626104572069762e-02	3.270285848310345300e-01	2.070543127423214447e-01	9.664341278113966482e-02	4.664843452096731347e-02	1.109725926651531774e-01
2.830095574988341014e+03	1.332860302243940032e-01	7.836603126124648544e-02	3.270282466469495719e-01	2.070549256404448923e-01	9.664355544365554884e-02	4.664827200129488538e-02	1.109729387801669104e-01
2.844608885629306769e+03	1.332856657505532838e-01	7.836580563571640679e-02	3.270279144032358642e-01	2.070555275469953549e-01	9.664369552923904316e-02	4.664811244184682154e-02	1.109732786905655300e-01
2.859122196270272525e+03	1.332853078674928193e-01	7.836558409289716420e-02	3.270275880010392044e-01	2.070561186578085411e-01	9.664383308483814883e-02	4.664795578732249676e-02	1.109736125067539853e-01
2.873635506911238281e+03	1.332849564547347321e-01	7.836536655800616091e-02	3.270272673428358812e-01	2.070566991653029210e-01	9.664396815652324946e-02	4.664780198353059293e-02	1.109739403372188293e-01
2.888148817552204036e+03	1.332846113940755750e-01	7.836515295768094191e-02	3.270269523324341177e-01	2.070572692585354313e-01	9.664410078950469440e-02	4.664765097736274513e-02	1.109742622885589031e-01
