0.000000000000000000e+00	1.335735435058181819e-01	8.303654542584115728e-02	3.234726634925192967e-01	2.058196939635107969e-01	9.513524105621987137e-02	4.596611197392809489e-02	1.129962005802851166e-01
1.451331064096584811e+01	1.339914974206005693e-01	8.191570633317400707e-02	3.235563093995938444e-01	2.061724998099263850e-01	9.536811937177427922e-02	4.661334696985888759e-02	1.123825206931944876e-01
2.902662128193169622e+01	1.343944260920946487e-01	8.114885169656546604e-02	3.237227811605749017e-01	2.063774557506319884e-01	9.557632294906739934e-02	4.683329236578397115e-02	1.119468699834040709e-01
4.353993192289755143e+01	1.346290768705281082e-01	8.062472096085969431e-02	3.239178718050033656e-01	2.064953644782884512e-01	9.575345382198099942e-02	4.694595079094149304e-02	1.116335612705202651e-01
5.805324256386339954e+01	1.347433156729980486e-01	8.025955365597284286e-02	3.241234534934535616e-01	2.065622037379934717e-01	9.589953802380109249e-02	4.700628473973810645e-02	1.114056506741652047e-01
7.256655320482924765e+01	1.347814820524958213e-01	7.999835891009828004e-02	3.243299017227114778e-01	2.065992310463082016e-01	9.601752956192970145e-02	4.703525646565474144e-02	1.112382402389241326e-01
8.707986384579510286e+01	1.347731282034868305e-01	7.980564797795630660e-02	3.245316205047243940e-01	2.066189825774432942e-01	9.611143929941604047e-02	4.704490757631031583e-02	1.111142738587851814e-01
1.015931744867609581e+02	1.347371546813799503e-01	7.965853980309839377e-02	3.247254278926214877e-01	2.066288321033696584e-01	9.618538160530924752e-02	4.704278441756366835e-02	1.110218794947799015e-01
1.161064851277267991e+02	1.346855349477256991e-01	7.954225158365277326e-02	3.249096433748640544e-01	2.066331013039462150e-01	9.624312959567567216e-02	4.703367087596133089e-02	1.109526683162965210e-01
1.306197957686926259e+02	1.346258031569401714e-01	7.944719965177650389e-02	3.250835176744096278e-01	2.066343103143918059e-01	9.628794434928381052e-02	4.702059417050118151e-02	1.109006306808191233e-01
1.451331064096584669e+02	1.345626572826009448e-01	7.936714012004512930e-02	3.252468714816186823e-01	2.066339181778664436e-01	9.632254523520973610e-02	4.700545932436866331e-02	1.108614083764126179e-01
1.596464170506243647e+02	1.344989866610630525e-01	7.929797664456779416e-02	3.253998667574224402e-01	2.066327607919069276e-01	9.634914743297258444e-02	4.698945465120129422e-02	1.108318070589881521e-01
1.741597276915902057e+02	1.344365299156250748e-01	7.923699582643324579e-02	3.255428625619155025e-01	2.066313095603059813e-01	9.636952658402923866e-02	4.697331136018279701e-02	1.108094641896303217e-01
1.886730383325560467e+02	1.343762959912803423e-01	7.918237671642547326e-02	3.256763247384310000e-01	2.066298238588261116e-01	9.638508973675227742e-02	4.695746976683187052e-02	1.107926191895750173e-01
2.031863489735219162e+02	1.343188334229696856e-01	7.913287602098138807e-02	3.258007698466129920e-01	2.066284406764649084e-01	9.639694248189599468e-02	4.694218567099615186e-02	1.107799518782008746e-01
2.176996596144877287e+02	1.342644023886262472e-01	7.908762594448608130e-02	3.259167308189774848e-01	2.066272271368598812e-01	9.640594802602292512e-02	4.692759840161925960e-02	1.107704672815300329e-01
2.322129702554535982e+02	1.342130845016328011e-01	7.904600424930950664e-02	3.260247363483944616e-01	2.066262111264245138e-01	9.641277702091979873e-02	4.691377430455705849e-02	1.107634124468837439e-01
2.467262808964194392e+02	1.341648527391653689e-01	7.900755062808759166e-02	3.261252989139223901e-01	2.066253990403862373e-01	9.641794847979330563e-02	4.690073450108635245e-02	1.107582156956805758e-01
2.612395915373852517e+02	1.341196158556812179e-01	7.897191278372173162e-02	3.262189082061642820e-01	2.066247859728643499e-01	9.642186277039492548e-02	4.688847257363940729e-02	1.107544418356559285e-01
2.757529021783511780e+02	1.340772464743085757e-01	7.893881157337810650e-02	3.263060278970513206e-01	2.066243614938025608e-01	9.642482788299630569e-02	4.687696580320696582e-02	1.107517588733779867e-01
2.902662128193169337e+02	1.340375987447797457e-01	7.890801839303270004e-02	3.263870944539442043e-01	2.066241128631511603e-01	9.642708015322379311e-02	4.686618228066383174e-02	1.107499131093263450e-01
3.047795234602828600e+02	1.340005193394440408e-01	7.887934042759148223e-02	3.264625171787546298e-01	2.066240267685512944e-01	9.642880050051473584e-02	4.685608537981505312e-02	1.107487104034505371e-01
3.192928341012487294e+02	1.339658542024134424e-01	7.885261096096836397e-02	3.265326789584515610e-01	2.066240902216882891e-01	9.643012708867818028e-02	4.684663654523797682e-02	1.107480020206839111e-01
3.338061447422145420e+02	1.339334525978060908e-01	7.882768294644006135e-02	3.265979374071949493e-01	2.066242909827506191e-01	9.643116515928840116e-02	4.683779700534763946e-02	1.107476738992939636e-01
3.483194553831804114e+02	1.339031694462715916e-01	7.880442468244158727e-02	3.266586262029698151e-01	2.066246177263266204e-01	9.643199464687141065e-02	4.682952880155043934e-02	1.107476384916902534e-01
3.628327660241463377e+02	1.338748665823148998e-01	7.878271685237971111e-02	3.267150564988877126e-01	2.066250600707028318e-01	9.643267606280273019e-02	4.682179538366468968e-02	1.107478285473691287e-01
3.773460766651120935e+02	1.338484133364897244e-01	7.876245045212142137e-02	3.267675183378095927e-01	2.066256085393168018e-01	9.643325503328355197e-02	4.681456193164598018e-02	1.107481923674545760e-01
3.918593873060780197e+02	1.338236867002395580e-01	7.874352529881431528e-02	3.268162820291801718e-01	2.066262544923344324e-01	9.643376579412465954e-02	4.680779550590519200e-02	1.107486901775232846e-01
4.063726979470438323e+02	1.338005712375071599e-01	7.872584892374756560e-02	3.268615994656642321e-01	2.066269900486781275e-01	9.643423387883967579e-02	4.680146509151344308e-02	1.107492913521714306e-01
4.208860085880095880e+02	1.337789588472967917e-01	7.870933572194148409e-02	3.269037053686089100e-01	2.066278080088495839e-01	9.643467818404825864e-02	4.679554157789594937e-02	1.107499722894805666e-01
4.353993192289755143e+02	1.337587484430368123e-01	7.869390627608037481e-02	3.269428184582384711e-01	2.066287017833471629e-01	9.643511255489625733e-02	4.678999770044794948e-02	1.107507147820744747e-01
4.499126298699413837e+02	1.337398455900912775e-01	7.867948680126642114e-02	3.269791425485272240e-01	2.066296653284830365e-01	9.643554700090964382e-02	4.678480796079811238e-02	1.107515047680456971e-01
4.644259405109071963e+02	1.337221621271304506e-01	7.866600867563161570e-02	3.270128675689859543e-01	2.066306930898581806e-01	9.643598862755889400e-02	4.677994853623693161e-02	1.107523313727193925e-01
4.789392511518730657e+02	1.337056157871030493e-01	7.865340803379369805e-02	3.270441705168065094e-01	2.066317799530125732e-01	9.643644234930112691e-02	4.677539718486183051e-02	1.107531861732426598e-01
4.934525617928388783e+02	1.336901298272192840e-01	7.864162540784939981e-02	3.270732163433743844e-01	2.066329212004677784e-01	9.643691143476479377e-02	4.677113315046057401e-02	1.107540626339851841e-01
5.079658724338048046e+02	1.336756326733416211e-01	7.863060540558138023e-02	3.271001587793370691e-01	2.066341124743064916e-01	9.643739792307376435e-02	4.676713706954498811e-02	1.107549556729360285e-01
5.224791830747705035e+02	1.336620575816520606e-01	7.862029641878860720e-02	3.271251411023782252e-01	2.066353497434743336e-01	9.643790294130510921e-02	4.676339088192540266e-02	1.107558613285975352e-01
5.369924937157364866e+02	1.336493423188880592e-01	7.861065035675798840e-02	3.271482968516858936e-01	2.066366292750781430e-01	9.643842694613791178e-02	4.675987774557215787e-02	1.107567765040011198e-01
5.515058043567023560e+02	1.336374288614633199e-01	7.860162240127877009e-02	3.271697504928849920e-01	2.066379476090570433e-01	9.643896990740896680e-02	4.675658195610684492e-02	1.107576987699213089e-01
5.660191149976681118e+02	1.336262631132020262e-01	7.859317078051762662e-02	3.271896180369611162e-01	2.066393015357023966e-01	9.643953144718153681e-02	4.675348887101636597e-02	1.107586262135401567e-01
5.805324256386339812e+02	1.336157946410694020e-01	7.858525655968719159e-02	3.272080076164537998e-01	2.066406880755922715e-01	9.644011094477308865e-02	4.675058483853109653e-02	1.107595573220143959e-01
5.950457362795999643e+02	1.336059764280914663e-01	7.857784344685915523e-02	3.272250200219597449e-01	2.066421044615829872e-01	9.644070761575856965e-02	4.674785713101924783e-02	1.107604908928500886e-01
6.095590469205657200e+02	1.335967646425617328e-01	7.857089761256519367e-02	3.272407492017592734e-01	2.066435481225639414e-01	9.644132057109927603e-02	4.674529388269943464e-02	1.107614259648723593e-01
6.240723575615315895e+02	1.335881184225996277e-01	7.856438752203616371e-02	3.272552827271680842e-01	2.066450166687353318e-01	9.644194886111351339e-02	4.674288403144847420e-02	1.107623617650199399e-01
6.385856682024975726e+02	1.335799996751270702e-01	7.855828377908349869e-02	3.272687022260216683e-01	2.066465078782097897e-01	9.644259150790437940e-02	4.674061726447169968e-02	1.107632976673030289e-01
6.530989788434633283e+02	1.335723728883545236e-01	7.855255898074239851e-02	3.272810837865202660e-01	2.066480196847746420e-01	9.644324752901427267e-02	4.673848396760305057e-02	1.107642331611120162e-01
6.676122894844290840e+02	1.335652049569043265e-01	7.854718758188762584e-02	3.272924983334984939e-01	2.066495501666784085e-01	9.644391595442716736e-02	4.673647517800747636e-02	1.107651678267175949e-01
6.821256001253949535e+02	1.335584650187423006e-01	7.854214576910673040e-02	3.273030119790321102e-01	2.066510975363274605e-01	9.644459583854154971e-02	4.673458254006726542e-02	1.107661013163036556e-01
6.966389107663608229e+02	1.335521243031349559e-01	7.853741134317729355e-02	3.273126863491543914e-01	2.066526601307967226e-01	9.644528626835491281e-02	4.673279826424424355e-02	1.107670333392585527e-01
7.111522214073266923e+02	1.335461559888956873e-01	7.853296360954767352e-02	3.273215788883299671e-01	2.066542364030726220e-01	9.644598636880793996e-02	4.673111508872127007e-02	1.107679636507458432e-01
7.256655320482924481e+02	1.335405350722300988e-01	7.852878327626740262e-02	3.273297431432141691e-01	2.066558249139582581e-01	9.644669530601117369e-02	4.672952624363785334e-02	1.107688920428020890e-01
7.401788426892584312e+02	1.335352382435336382e-01	7.852485235885432735e-02	3.273372290271175378e-01	2.066574243245799247e-01	9.644741228890554852e-02	4.672802541774632307e-02	1.107698183373836825e-01
7.546921533302243006e+02	1.335302437725374713e-01	7.852115409162338522e-02	3.273440830664986478e-01	2.066590333894419984e-01	9.644813656977571648e-02	4.672660672732577292e-02	1.107707423809179831e-01
7.692054639711900563e+02	1.335255314012387950e-01	7.851767284503502475e-02	3.273503486307103305e-01	2.066606509499840094e-01	9.644886744393411926e-02	4.672526468720170079e-02	1.107716640400169678e-01
7.837187746121558121e+02	1.335210822440884848e-01	7.851439404865313831e-02	3.273560661461449306e-01	2.066622759285982880e-01	9.644960424881646177e-02	4.672399418372913393e-02	1.107725831980905101e-01
7.982320852531219089e+02	1.335168786949448572e-01	7.851130411933024411e-02	3.273612732958403049e-01	2.066639073230716606e-01	9.645034636267033057e-02	4.672279044960674782e-02	1.107734997526567677e-01
8.127453958940876646e+02	1.335129043403354976e-01	7.850839039426463217e-02	3.273660052055379910e-01	2.066655442014180000e-01	9.645109320297295952e-02	4.672164904039775163e-02	1.107744136131939700e-01
8.272587065350534203e+02	1.335091438785992735e-01	7.850564106859816982e-02	3.273702946171150319e-01	2.066671856970720977e-01	9.645184422468024155e-02	4.672056581264243114e-02	1.107753246994134938e-01
8.417720171760191761e+02	1.335055830445104619e-01	7.850304513724642996e-02	3.273741720502478247e-01	2.066688310044176857e-01	9.645259891838253719e-02	4.671953690345416466e-02	1.107762329398616075e-01
8.562853278169851592e+02	1.335022085390130397e-01	7.850059234067380265e-02	3.273776659531087985e-01	2.066704793746249880e-01	9.645335680842268000e-02	4.671855871149876993e-02	1.107771382707786328e-01
8.707986384579510286e+02	1.334990079637190241e-01	7.849827311434576238e-02	3.273808028428404904e-01	2.066721301117755982e-01	9.645411745101656331e-02	4.671762787926315996e-02	1.107780406351601271e-01
8.853119490989170117e+02	1.334959697598477324e-01	7.849607854160887965e-02	3.273836074365013005e-01	2.066737825692536168e-01	9.645488043240540987e-02	4.671674127652618996e-02	1.107789399819776033e-01
8.998252597398827675e+02	1.334930831513048421e-01	7.849400030976598497e-02	3.273861027731301832e-01	2.066754361463847833e-01	9.645564536705940328e-02	4.671589598494997608e-02	1.107798362655255525e-01
9.143385703808486369e+02	1.334903380916207249e-01	7.849203066912965876e-02	3.273883103275328499e-01	2.066770902853053149e-01	9.645641189594675313e-02	4.671508928371595482e-02	1.107807294448694135e-01
9.288518810218145063e+02	1.334877252144864579e-01	7.849016239485215318e-02	3.273902501163515333e-01	2.066787444680451280e-01	9.645717968487654836e-02	4.671431863613468433e-02	1.107816194833741025e-01
9.433651916627801484e+02	1.334852357876430695e-01	7.848838875134343807e-02	3.273919407969418938e-01	2.066803982138098461e-01	9.645794842292076954e-02	4.671358167716353066e-02	1.107825063482980599e-01
9.578785023037459041e+02	1.334828616698975901e-01	7.848670345910176149e-02	3.273933997595445122e-01	2.066820510764483254e-01	9.645871782091752777e-02	4.671287620177057981e-02	1.107833900104402414e-01
9.723918129447120009e+02	1.334805952710529375e-01	7.848510066379318917e-02	3.273946432132070483e-01	2.066837026420927648e-01	9.645948761005634919e-02	4.671220015408745346e-02	1.107842704438307263e-01
9.869051235856777566e+02	1.334784295145548527e-01	7.848357490742763343e-02	3.273956862658796707e-01	2.066853525269591596e-01	9.646025754054414481e-02	4.671155161729756422e-02	1.107851476254574363e-01
1.001418434226643626e+03	1.334763578026711695e-01	7.848212110148916620e-02	3.273965429990797205e-01	2.066870003752975804e-01	9.646102738035002011e-02	4.671092880420990578e-02	1.107860215350229272e-01
1.015931744867609382e+03	1.334743739840319188e-01	7.848073450188806921e-02	3.273972265374937018e-01	2.066886458574817842e-01	9.646179691402650969e-02	4.671033004847193609e-02	1.107868921547265489e-01
1.030445055508575479e+03	1.334724723233703114e-01	7.847941068561128941e-02	3.273977491138599927e-01	2.066902886682287499e-01	9.646256594160365627e-02	4.670975379637819225e-02	1.107877594690682838e-01
1.044958366149541234e+03	1.334706474733150794e-01	7.847814552895586437e-02	3.273981221294521293e-01	2.066919285249388394e-01	9.646333427755304779e-02	4.670919859923431533e-02	1.107886234646711238e-01
1.059471676790506763e+03	1.334688944480954820e-01	7.847693518723815320e-02	3.273983562104615386e-01	2.066935651661490625e-01	9.646410174981798202e-02	4.670866310623870976e-02	1.107894841301194366e-01
1.073984987431472746e+03	1.334672085990288304e-01	7.847577607587886972e-02	3.273984612605567168e-01	2.066951983500911472e-01	9.646486819890628950e-02	4.670814605784689988e-02	1.107903414558115973e-01
1.088498298072438729e+03	1.334655855916701550e-01	7.847466485277035386e-02	3.273984465098793706e-01	2.066968278533475589e-01	9.646563347704242841e-02	4.670764627958571419e-02	1.107911954338247490e-01
1.103011608713404712e+03	1.334640213845109391e-01	7.847359840183958102e-02	3.273983205607182700e-01	2.066984534695988085e-01	9.646639744737509070e-02	4.670716267628684942e-02	1.107920460577907357e-01
1.117524919354370468e+03	1.334625122091222804e-01	7.847257381772539120e-02	3.273980914300863021e-01	2.067000750084556637e-01	9.646715998323728003e-02	4.670669422671144128e-02	1.107928933227819018e-01
1.132038229995336451e+03	1.334610545516439206e-01	7.847158839149467879e-02	3.273977665894108879e-01	2.067016922943706869e-01	9.646792096745543388e-02	4.670623997853906584e-02	1.107937372252055241e-01
1.146551540636302207e+03	1.334596451355288260e-01	7.847063959732697436e-02	3.273973530015332201e-01	2.067033051656237408e-01	9.646868029170459213e-02	4.670579904369639990e-02	1.107945777627064171e-01
1.161064851277267962e+03	1.334582809054572494e-01	7.846972508010183200e-02	3.273968571551987283e-01	2.067049134733760229e-01	9.646943785590668397e-02	4.670537059400274582e-02	1.107954149340768246e-01
1.175578161918233945e+03	1.334569590123414751e-01	7.846884264382780749e-02	3.273962850972096383e-01	2.067065170807886321e-01	9.647019356766914355e-02	4.670495385711064679e-02	1.107962487391727091e-01
1.190091472559199701e+03	1.334556767993473059e-01	7.846799024085583663e-02	3.273956424623968298e-01	2.067081158622007808e-01	9.647094734176119013e-02	4.670454811272174711e-02	1.107970791788362996e-01
1.204604783200165684e+03	1.334544317888633758e-01	7.846716596182400083e-02	3.273949345015599866e-01	2.067097097023637975e-01	9.647169909962535761e-02	4.670415268905925288e-02	1.107979062548241772e-01
1.219118093841131440e+03	1.334532216703535890e-01	7.846636802628410845e-02	3.273941661075132625e-01	2.067112984957270583e-01	9.647244876892198395e-02	4.670376695957954849e-02	1.107987299697403422e-01
1.233631404482097196e+03	1.334520442890334557e-01	7.846559477396355953e-02	3.273933418393650818e-01	2.067128821457724919e-01	9.647319628310437045e-02	4.670339033990669048e-02	1.107995503269741805e-01
1.248144715123063179e+03	1.334508976353140086e-01	7.846484465661987540e-02	3.273924659451517005e-01	2.067144605643940758e-01	9.647394158102270967e-02	4.670302228497481833e-02	1.108003673306426351e-01
1.262658025764028707e+03	1.334497798349614239e-01	7.846411623044734218e-02	3.273915423829359406e-01	2.067160336713195767e-01	9.647468460655467259e-02	4.670266228636427153e-02	1.108011809855365126e-01
1.277171336404994690e+03	1.334486891399237485e-01	7.846340814899854799e-02	3.273905748404760119e-01	2.067176013935715650e-01	9.647542530826105911e-02	4.670230986981827731e-02	1.108019912970704957e-01
1.291684647045960673e+03	1.334476239197797398e-01	7.846271915658573071e-02	3.273895667535599574e-01	2.067191636649648168e-01	9.647616363906474923e-02	4.670196459292803859e-02	1.108027982712365689e-01
1.306197957686926657e+03	1.334465826537672706e-01	7.846204808212958737e-02	3.273885213230978142e-01	2.067207204256379938e-01	9.647689955595140088e-02	4.670162604297480730e-02	1.108036019145607620e-01
1.320711268327892412e+03	1.334455639233521340e-01	7.846139383342511098e-02	3.273874415310540353e-01	2.067222716216171041e-01	9.647763301969031202e-02	4.670129383491815334e-02	1.108044022340627793e-01
1.335224578968857941e+03	1.334445664053009184e-01	7.846075539179617198e-02	3.273863301553004979e-01	2.067238172044084665e-01	9.647836399457440648e-02	4.670096760952067300e-02	1.108051992372185018e-01
1.349737889609823924e+03	1.334435888652233115e-01	7.846013180711249035e-02	3.273851897834618163e-01	2.067253571306194304e-01	9.647909244817759467e-02	4.670064703159991504e-02	1.108059929319249876e-01
1.364251200250789907e+03	1.334426301515522773e-01	7.845952219314447640e-02	3.273840228258224627e-01	2.067268913616048531e-01	9.647981835112882931e-02	4.670033178839866350e-02	1.108067833264679281e-01
1.378764510891755890e+03	1.334416891899324609e-01	7.845892572323301395e-02	3.273828315273580314e-01	2.067284198631374470e-01	9.648054167690127414e-02	4.670002158806584036e-02	1.108075704294913394e-01
1.393277821532721646e+03	1.334407649779887628e-01	7.845834162625280050e-02	3.273816179789516001e-01	2.067299426051006916e-01	9.648126240161590539e-02	4.669971615824034666e-02	1.108083542499692931e-01
1.407791132173687402e+03	1.334398565804499892e-01	7.845776918284932955e-02	3.273803841278487559e-01	2.067314595612023409e-01	9.648198050385840829e-02	4.669941524473089633e-02	1.108091347971796037e-01
1.422304442814653157e+03	1.334389631246027108e-01	7.845720772193105763e-02	3.273791317874045204e-01	2.067329707087077750e-01	9.648269596450849417e-02	4.669911861028538946e-02	1.108099120806793625e-01
1.436817753455619140e+03	1.334380837960535693e-01	7.845665661739936736e-02	3.273778626461687491e-01	2.067344760281909777e-01	9.648340876658073606e-02	4.669882603344369804e-02	1.108106861102821500e-01
1.451331064096585123e+03	1.334372178347788540e-01	7.845611528510017252e-02	3.273765782763560228e-01	2.067359755033029156e-01	9.648411889507631234e-02	4.669853730746820197e-02	1.108114568960367058e-01
1.465844374737550879e+03	1.334363645314418090e-01	7.845558317998230224e-02	3.273752801417409430e-01	2.067374691205553228e-01	9.648482633684475618e-02	4.669825223934689212e-02	1.108122244482071805e-01
1.480357685378516862e+03	1.334355232239596012e-01	7.845505979344846725e-02	3.273739696050180226e-01	2.067389568691191948e-01	9.648553108045512805e-02	4.669797064886398869e-02	1.108129887772547478e-01
1.494870996019482618e+03	1.334346932943033248e-01	7.845454465088580465e-02	3.273726479346629192e-01	2.067404387406372723e-01	9.648623311607584796e-02	4.669769236773359256e-02	1.108137498938203402e-01
1.509384306660448374e+03	1.334338741655144434e-01	7.845403730936389985e-02	3.273713163113280977e-01	2.067419147290488757e-01	9.648693243536282660e-02	4.669741723879212991e-02	1.108145078087087870e-01
1.523897617301414357e+03	1.334330652989239585e-01	7.845353735548880880e-02	3.273699758338050048e-01	2.067433848304268962e-01	9.648762903135507663e-02	4.669714511524541978e-02	1.108152625328738261e-01
1.538410927942380113e+03	1.334322661915598729e-01	7.845304440340263030e-02	3.273686275245819566e-01	2.067448490428258068e-01	9.648832289837747100e-02	4.669687585996686041e-02	1.108160140774043512e-01
1.552924238583346096e+03	1.334314763737304010e-01	7.845255809291865057e-02	3.273672723350251057e-01	2.067463073661400252e-01	9.648901403195010718e-02	4.669660934484322345e-02	1.108167624535114221e-01
1.567437549224311852e+03	1.334306954067711604e-01	7.845207808778295600e-02	3.273659111502081331e-01	2.067477598019718255e-01	9.648970242870380520e-02	4.669634545016473903e-02	1.108175076725163022e-01
1.581950859865277607e+03	1.334299228809449622e-01	7.845160407405385450e-02	3.273645447934145358e-01	2.067492063535083524e-01	9.649038808630136521e-02	4.669608406405653667e-02	1.108182497458392590e-01
1.596464170506243590e+03	1.334291584134840447e-01	7.845113575859118116e-02	3.273631740303345472e-01	2.067506470254070472e-01	9.649107100336418164e-02	4.669582508194865950e-02	1.108189886849891975e-01
1.610977481147209119e+03	1.334284016467650602e-01	7.845067286764802195e-02	3.273617995729774521e-01	2.067520818236885383e-01	9.649175117940386737e-02	4.669556840608195952e-02	1.108197245015539317e-01
1.625490791788175102e+03	1.334276522466076031e-01	7.845021514555793052e-02	3.273604220833187251e-01	2.067535107556373319e-01	9.649242861475848532e-02	4.669531394504756322e-02	1.108204572071911920e-01
1.640004102429141085e+03	1.334269099006882564e-01	7.844976235351112936e-02	3.273590421766997549e-01	2.067549338297088035e-01	9.649310331053312373e-02	4.669506161335745809e-02	1.108211868136202566e-01
1.654517413070107068e+03	1.334261743170622183e-01	7.844931426841361688e-02	3.273576604249971989e-01	2.067563510554428496e-01	9.649377526854453768e-02	4.669481133104425724e-02	1.108219133326140970e-01
1.669030723711072824e+03	1.334254452227849053e-01	7.844887068182367085e-02	3.273562773595770636e-01	2.067577624433832584e-01	9.649444449126956536e-02	4.669456302328808817e-02	1.108226367759922171e-01
1.683544034352038352e+03	1.334247223626271184e-01	7.844843139896053030e-02	3.273548934740488359e-01	2.067591680050026026e-01	9.649511098179702762e-02	4.669431662006875289e-02	1.108233571556138386e-01
1.698057344993004335e+03	1.334240054978774459e-01	7.844799623778012099e-02	3.273535092268329283e-01	2.067605677526322405e-01	9.649577474378291664e-02	4.669407205584145959e-02	1.108240744833716290e-01
1.712570655633970318e+03	1.334232944052255176e-01	7.844756502811349452e-02	3.273521250435534324e-01	2.067619616993972009e-01	9.649643578140862377e-02	4.669382926923458521e-02	1.108247887711858448e-01
1.727083966274936301e+03	1.334225888757213652e-01	7.844713761086377635e-02	3.273507413192692783e-01	2.067633498591553431e-01	9.649709409934205395e-02	4.669358820276783839e-02	1.108255000309989746e-01
1.741597276915902057e+03	1.334218887138049758e-01	7.844671383725736191e-02	3.273493584205537932e-01	2.067647322464408743e-01	9.649774970270130758e-02	4.669334880258963622e-02	1.108262082747706323e-01
1.756110587556867813e+03	1.334211937364017664e-01	7.844629356814607213e-02	3.273479766874330954e-01	2.067661088764114752e-01	9.649840259702095746e-02	4.669311101823216126e-02	1.108269135144729634e-01
1.770623898197833569e+03	1.334205037720794795e-01	7.844587667335643777e-02	3.273465964351934265e-01	2.067674797647993390e-01	9.649905278822050458e-02	4.669287480238314136e-02	1.108276157620861485e-01
1.785137208838799552e+03	1.334198186602619518e-01	7.844546303108322627e-02	3.273452179560654707e-01	2.067688449278651808e-01	9.649970028257506827e-02	4.669264011067299908e-02	1.108283150295945180e-01
1.799650519479765535e+03	1.334191382504965329e-01	7.844505252732400513e-02	3.273438415207948204e-01	2.067702043823558267e-01	9.650034508668807465e-02	4.669240690147646866e-02	1.108290113289826656e-01
1.814163830120731291e+03	1.334184624017707710e-01	7.844464505535204968e-02	3.273424673801056395e-01	2.067715581454643847e-01	9.650098720746577707e-02	4.669217513572769540e-02	1.108297046722320489e-01
1.828677140761696819e+03	1.334177909818758112e-01	7.844424051522502772e-02	3.273410957660653486e-01	2.067729062347932467e-01	9.650162665209345569e-02	4.669194477674774163e-02	1.108303950713177555e-01
1.843190451402663257e+03	1.334171238668125647e-01	7.844383881332686603e-02	3.273397268933564419e-01	2.067742486683196712e-01	9.650226342801342116e-02	4.669171579008399298e-02	1.108310825382054637e-01
1.857703762043628785e+03	1.334164609402384016e-01	7.844343986194082796e-02	3.273383609604623157e-01	2.067755854643636149e-01	9.650289754290439226e-02	4.669148814336020886e-02	1.108317670848486536e-01
1.872217072684594768e+03	1.334158020929511745e-01	7.844304357885140133e-02	3.273369981507726068e-01	2.067769166415579507e-01	9.650352900466224737e-02	4.669126180613691890e-02	1.108324487231861083e-01
1.886730383325560297e+03	1.334151472224082979e-01	7.844264988697324803e-02	3.273356386336133683e-01	2.067782422188206015e-01	9.650415782138223320e-02	4.669103674978118679e-02	1.108331274651394305e-01
1.901243693966526507e+03	1.334144962322785510e-01	7.844225871400520300e-02	3.273342825652076904e-01	2.067795622153285606e-01	9.650478400134228363e-02	4.669081294734521437e-02	1.108338033226108632e-01
1.915757004607492036e+03	1.334138490320238291e-01	7.844186999210786548e-02	3.273329300895708172e-01	2.067808766504938001e-01	9.650540755298754603e-02	4.669059037345320989e-02	1.108344763074813333e-01
1.930270315248458019e+03	1.334132055365097047e-01	7.844148365760293673e-02	3.273315813393447571e-01	2.067821855439408163e-01	9.650602848491590668e-02	4.669036900419587521e-02	1.108351464316083834e-01
1.944783625889424002e+03	1.334125656656421910e-01	7.844109965069299972e-02	3.273302364365763273e-01	2.067834889154857025e-01	9.650664680586457100e-02	4.669014881703202613e-02	1.108358137068245486e-01
1.959296936530389530e+03	1.334119293440290122e-01	7.844071791520020043e-02	3.273288954934422401e-01	2.067847867851166643e-01	9.650726252469753186e-02	4.668992979069700594e-02	1.108364781449356906e-01
1.973810247171355968e+03	1.334112965006640783e-01	7.844033839832269261e-02	3.273275586129251180e-01	2.067860791729758674e-01	9.650787565039391225e-02	4.668971190511709418e-02	1.108371397577195411e-01
1.988323557812321269e+03	1.334106670686329432e-01	7.843996105040769440e-02	3.273262258894436005e-01	2.067873660993427010e-01	9.650848619203711287e-02	4.668949514132992445e-02	1.108377985569242719e-01
2.002836868453287707e+03	1.334100409848388291e-01	7.843958582473965768e-02	3.273248974094398189e-01	2.067886475846179017e-01	9.650909415880469522e-02	4.668927948141012030e-02	1.108384545542672323e-01
2.017350179094252780e+03	1.334094181897465259e-01	7.843921267734310643e-02	3.273235732519266250e-01	2.067899236493090653e-01	9.650969955995900018e-02	4.668906490840012830e-02	1.108391077614338111e-01
2.031863489735218764e+03	1.334087986271441650e-01	7.843884156679857556e-02	3.273222534889982382e-01	2.067911943140169906e-01	9.651030240483834954e-02	4.668885140624557534e-02	1.108397581900763401e-01
2.046376800376184747e+03	1.334081822439208143e-01	7.843847245407113700e-02	3.273209381863059209e-01	2.067924595994231340e-01	9.651090270284894135e-02	4.668863895973514311e-02	1.108404058518130814e-01
2.060890111017150957e+03	1.334075689898593930e-01	7.843810530235059697e-02	3.273196274035014564e-01	2.067937195262777306e-01	9.651150046345721711e-02	4.668842755444439774e-02	1.108410507582273524e-01
2.075403421658116713e+03	1.334069588174432996e-01	7.843774007690240690e-02	3.273183211946503191e-01	2.067949741153889964e-01	9.651209569618285355e-02	4.668821717668356075e-02	1.108416929208666385e-01
2.089916732299082469e+03	1.334063516816765271e-01	7.843737674492871903e-02	3.273170196086172545e-01	2.067962233876128320e-01	9.651268841059215675e-02	4.668800781344863149e-02	1.108423323512418984e-01
2.104430042940048224e+03	1.334057475399155757e-01	7.843701527543887886e-02	3.273157226894252703e-01	2.067974673638434957e-01	9.651327861629192817e-02	4.668779945237602064e-02	1.108429690608268153e-01
2.118943353581013525e+03	1.334051463517130498e-01	7.843665563912870231e-02	3.273144304765904233e-01	2.067987060650046671e-01	9.651386632292388579e-02	4.668759208170011193e-02	1.108436030610571721e-01
2.133456664221980191e+03	1.334045480786716087e-01	7.843629780826778808e-02	3.273131430054337931e-01	2.067999395120415362e-01	9.651445154015927952e-02	4.668738569021373130e-02	1.108442343633302823e-01
2.147969974862945492e+03	1.334039526843080747e-01	7.843594175659469869e-02	3.273118603073724708e-01	2.068011677259129211e-01	9.651503427769399235e-02	4.668718026723132908e-02	1.108448629790044354e-01
2.162483285503912157e+03	1.334033601339264241e-01	7.843558745921908049e-02	3.273105824101908423e-01	2.068023907275844397e-01	9.651561454524401618e-02	4.668697580255463941e-02	1.108454889193984244e-01
2.176996596144877003e+03	1.334027703944996313e-01	7.843523489253043102e-02	3.273093093382928864e-01	2.068036085380219602e-01	9.651619235254116358e-02	4.668677228644059485e-02	1.108461121957911300e-01
2.191509906785843214e+03	1.334021834345594792e-01	7.843488403411304211e-02	3.273080411129381528e-01	2.068048211781853551e-01	9.651676770932915428e-02	4.668656970957153068e-02	1.108467328194211177e-01
2.206023217426809424e+03	1.334015992240936144e-01	7.843453486266675767e-02	3.273067777524608646e-01	2.068060286690231453e-01	9.651734062535990977e-02	4.668636806302732534e-02	1.108473508014862635e-01
2.220536528067775180e+03	1.334010177344498449e-01	7.843418735793307450e-02	3.273055192724748652e-01	2.068072310314670315e-01	9.651791111039015325e-02	4.668616733825944887e-02	1.108479661531434901e-01
2.235049838708740936e+03	1.334004389382467681e-01	7.843384150062618354e-02	3.273042656860642996e-01	2.068084282864271206e-01	9.651847917417831491e-02	4.668596752706671849e-02	1.108485788855084614e-01
2.249563149349706237e+03	1.333998628092904482e-01	7.843349727236872959e-02	3.273030170039614162e-01	2.068096204547875960e-01	9.651904482648149264e-02	4.668576862157282348e-02	1.108491890096553190e-01
2.264076459990672902e+03	1.333992893224967835e-01	7.843315465563202582e-02	3.273017732347122122e-01	2.068108075574023319e-01	9.651960807705278755e-02	4.668557061420518239e-02	1.108497965366164462e-01
2.278589770631638203e+03	1.333987184538190651e-01	7.843281363368004300e-02	3.273005343848309212e-01	2.068119896150911741e-01	9.652016893563877820e-02	4.668537349767543088e-02	1.108504014773823571e-01
2.293103081272604413e+03	1.333981501801805303e-01	7.843247419051746494e-02	3.272993004589438426e-01	2.068131666486363318e-01	9.652072741197716133e-02	4.668517726496103359e-02	1.108510038429014743e-01
2.307616391913570169e+03	1.333975844794113019e-01	7.843213631084111626e-02	3.272980714599235119e-01	2.068143386787790194e-01	9.652128351579457310e-02	4.668498190928831865e-02	1.108516036440799629e-01
2.322129702554535925e+03	1.333970213301898522e-01	7.843179997999467912e-02	3.272968473890138785e-01	2.068155057262165697e-01	9.652183725680457682e-02	4.668478742411650423e-02	1.108522008917816742e-01
2.336643013195502135e+03	1.333964607119881296e-01	7.843146518392656030e-02	3.272956282459467681e-01	2.068166678115994639e-01	9.652238864470581714e-02	4.668459380312291185e-02	1.108527955968280215e-01
2.351156323836467891e+03	1.333959026050206553e-01	7.843113190915047828e-02	3.272944140290504622e-01	2.068178249555287507e-01	9.652293768918022987e-02	4.668440104018914405e-02	1.108533877699979103e-01
2.365669634477433647e+03	1.333953469901968114e-01	7.843080014270885358e-02	3.272932047353509510e-01	2.068189771785536868e-01	9.652348439989154316e-02	4.668420912938814338e-02	1.108539774220276275e-01
2.380182945118399402e+03	1.333947938490766261e-01	7.843046987213854460e-02	3.272920003606660244e-01	2.068201245011695721e-01	9.652402878648370932e-02	4.668401806497222278e-02	1.108545645636108551e-01
2.394696255759364703e+03	1.333942431638292792e-01	7.843014108543901186e-02	3.272908008996935902e-01	2.068212669438155571e-01	9.652457085857958641e-02	4.668382784136183850e-02	1.108551492053986148e-01
2.409209566400331823e+03	1.333936949171946607e-01	7.842981377104253637e-02	3.272896063460933869e-01	2.068224045268728661e-01	9.652511062577963374e-02	4.668363845313509147e-02	1.108557313579992959e-01
2.423722877041296670e+03	1.333931490924472607e-01	7.842948791778650564e-02	3.272884166925631444e-01	2.068235372706631048e-01	9.652564809766078779e-02	4.668344989501804765e-02	1.108563110319785994e-01
2.438236187682262880e+03	1.333926056733626964e-01	7.842916351488760096e-02	3.272872319309100275e-01	2.068246651954465665e-01	9.652618328377536583e-02	4.668326216187559941e-02	1.108568882378595521e-01
2.452749498323228636e+03	1.333920646441864588e-01	7.842884055191766401e-02	3.272860520521167493e-01	2.068257883214209003e-01	9.652671619365008060e-02	4.668307524870297237e-02	1.108574629861225763e-01
2.467262808964194392e+03	1.333915259896046868e-01	7.842851901878118703e-02	3.272848770464033552e-01	2.068269066687196678e-01	9.652724683678512441e-02	4.668288915061787753e-02	1.108580352872054892e-01
2.481776119605160602e+03	1.333909896947169660e-01	7.842819890569441288e-02	3.272837069032848989e-01	2.068280202574112048e-01	9.652777522265333643e-02	4.668270386285303802e-02	1.108586051515035448e-01
2.496289430246126358e+03	1.333904557450109607e-01	7.842788020316575348e-02	3.272825416116248998e-01	2.068291291074974558e-01	9.652830136069939782e-02	4.668251938074940294e-02	1.108591725893695035e-01
2.510802740887092114e+03	1.333899241263388213e-01	7.842756290197754054e-02	3.272813811596854139e-01	2.068302332389130305e-01	9.652882526033917943e-02	4.668233569974965247e-02	1.108597376111136873e-01
2.525316051528057415e+03	1.333893948248950079e-01	7.842724699316906689e-02	3.272802255351736633e-01	2.068313326715241762e-01	9.652934693095906182e-02	4.668215281539227907e-02	1.108603002270040494e-01
2.539829362169024080e+03	1.333888678271958061e-01	7.842693246802071028e-02	3.272790747252852239e-01	2.068324274251281125e-01	9.652986638191532465e-02	4.668197072330592529e-02	1.108608604472662157e-01
2.554342672809989381e+03	1.333883431200599823e-01	7.842661931803915354e-02	3.272779287167444928e-01	2.068335175194520870e-01	9.653038362253363314e-02	4.668178941920426289e-02	1.108614182820836375e-01
2.568855983450955591e+03	1.333878206905910746e-01	7.842630753494359008e-02	3.272767874958425471e-01	2.068346029741527647e-01	9.653089866210856629e-02	4.668160889888103848e-02	1.108619737415976469e-01
2.583369294091921347e+03	1.333873005261604905e-01	7.842599711065287305e-02	3.272756510484718939e-01	2.068356838088157290e-01	9.653141150990307562e-02	4.668142915820559791e-02	1.108625268359075128e-01
2.597882604732887103e+03	1.333867826143920465e-01	7.842568803727353877e-02	3.272745193601593883e-01	2.068367600429547315e-01	9.653192217514817985e-02	4.668125019311863272e-02	1.108630775750706066e-01
2.612395915373853313e+03	1.333862669431473968e-01	7.842538030708856578e-02	3.272733924160964869e-01	2.068378316960114149e-01	9.653243066704252084e-02	4.668107199962825277e-02	1.108636259691024722e-01
2.626909226014819069e+03	1.333857535005124884e-01	7.842507391254693871e-02	3.272722702011676699e-01	2.068388987873547025e-01	9.653293699475208600e-02	4.668089457380626695e-02	1.108641720279769233e-01
2.641422536655784825e+03	1.333852422747847932e-01	7.842476884625401712e-02	3.272711526999769194e-01	2.068399613362805478e-01	9.653344116740986136e-02	4.668071791178478314e-02	1.108647157616261952e-01
2.655935847296750580e+03	1.333847332544616515e-01	7.842446510096229284e-02	3.272700398968720337e-01	2.068410193620115467e-01	9.653394319411555402e-02	4.668054200975296081e-02	1.108652571799410153e-01
2.670449157937716336e+03	1.333842264282291690e-01	7.842416266956304949e-02	3.272689317759678862e-01	2.068420728836966038e-01	9.653444308393543949e-02	4.668036686395402729e-02	1.108657962927708102e-01
2.684962468578682547e+03	1.333837217849520307e-01	7.842386154507838270e-02	3.272678283211674088e-01	2.068431219204108218e-01	9.653494084590205637e-02	4.668019247068250221e-02	1.108663331099237065e-01
2.699475779219648302e+03	1.333832193136637034e-01	7.842356172065385878e-02	3.272667295161817425e-01	2.068441664911551958e-01	9.653543648901401208e-02	4.668001882628158156e-02	1.108668676411667525e-01
2.713989089860614058e+03	1.333827190035577204e-01	7.842326318955161746e-02	3.272656353445484445e-01	2.068452066148564472e-01	9.653593002223591346e-02	4.667984592714066044e-02	1.108673998962260293e-01
2.728502400501579814e+03	1.333822208439790769e-01	7.842296594514397423e-02	3.272645457896488641e-01	2.068462423103669123e-01	9.653642145449811696e-02	4.667967376969312659e-02	1.108679298847867617e-01
2.743015711142545115e+03	1.333817248244166254e-01	7.842266998090736962e-02	3.272634608347240182e-01	2.068472735964644038e-01	9.653691079469670089e-02	4.667950235041417456e-02	1.108684576164934710e-01
2.757529021783511780e+03	1.333812309344958036e-01	7.842237529041687361e-02	3.272623804628896349e-01	2.068483004918522661e-01	9.653739805169324339e-02	4.667933166581882121e-02	1.108689831009500859e-01
2.772042332424477081e+03	1.333807391639716122e-01	7.842208186734087039e-02	3.272613046571500317e-01	2.068493230151591256e-01	9.653788323431483631e-02	4.667916171246012935e-02	1.108695063477201370e-01
2.786555643065443292e+03	1.333802495027224533e-01	7.842178970543622896e-02	3.272602334004108271e-01	2.068503411849390017e-01	9.653836635135398803e-02	4.667899248692738978e-02	1.108700273663268399e-01
2.801068953706408593e+03	1.333797619407441903e-01	7.842149879854376504e-02	3.272591666754910977e-01	2.068513550196712791e-01	9.653884741156854021e-02	4.667882398584451836e-02	1.108705461662532754e-01
2.815582264347374803e+03	1.333792764681445420e-01	7.842120914058398062e-02	3.272581044651345916e-01	2.068523645377607079e-01	9.653932642368165395e-02	4.667865620586861275e-02	1.108710627569424872e-01
2.830095574988341014e+03	1.333787930751379192e-01	7.842092072555309490e-02	3.272570467520201642e-01	2.068533697575374863e-01	9.653980339638178199e-02	4.667848914368845359e-02	1.108715771477976619e-01
2.844608885629306769e+03	1.333783117520405959e-01	7.842063354751935278e-02	3.272559935187711599e-01	2.068543706972572893e-01	9.654027833832261318e-02	4.667832279602324164e-02	1.108720893481823233e-01
2.859122196270272525e+03	1.333778324892662404e-01	7.842034760061958321e-02	3.272549447479645157e-01	2.068553673751012956e-01	9.654075125812314195e-02	4.667815715962130019e-02	1.108725993674203603e-01
2.873635506911238281e+03	1.333773552773216964e-01	7.842006287905591011e-02	3.272539004221395320e-01	2.068563598091764377e-01	9.654122216436755721e-02	4.667799223125899954e-02	1.108731072147962904e-01
2.888148817552204036e+03	1.333768801068029031e-01	7.841977937709283808e-02	3.272528605238049226e-01	2.068573480175153467e-01	9.654169106560536728e-02	4.667782800773964680e-02	1.108736128995553155e-01
