0.000000000000000000e+00	1.338922935242408130e-01	7.935965165528713339e-02	3.255669508901687381e-01	2.068363646147570456e-01	9.767210903805932654e-02	4.727878023171275257e-02	1.093938500438286360e-01
1.451331064096584811e+01	1.337375410743752158e-01	7.935966053362332462e-02	3.257228973756483570e-01	2.067968093624941717e-01	9.753990686862124004e-02	4.725478591556782348e-02	1.095883988677242432e-01
2.902662128193169622e+01	1.336064513151225541e-01	7.935966206814179524e-02	3.258612679447254190e-01	2.067630307589619076e-01	9.742401068465471325e-02	4.723208946323608631e-02	1.097534877632119488e-01
4.353993192289755143e+01	1.334954252901996152e-01	7.935965665225487575e-02	3.259841318957097389e-01	2.067341590347481772e-01	9.732245349728738115e-02	4.721058577591336070e-02	1.098935878519412546e-01
5.805324256386339954e+01	1.334014108311216695e-01	7.935964464791399331e-02	3.260933119525873392e-01	2.067094562783860501e-01	9.723350420904609825e-02	4.719018073152383280e-02	1.100124913474754135e-01
7.256655320482924765e+01	1.333218195030489994e-01	7.935962638887709975e-02	3.261904137386396618e-01	2.066882964174503456e-01	9.715563937236060266e-02	4.717078992209352423e-02	1.101134146555842325e-01
8.707986384579510286e+01	1.332544561654878112e-01	7.935960218360067764e-02	3.262768517245619448e-01	2.066701482399020406e-01	9.708751832708815976e-02	4.715233754059157401e-02	1.101990858168222231e-01
1.015931744867609581e+02	1.331974592318346529e-01	7.935957231780108034e-02	3.263538720727861553e-01	2.066545609939297867e-01	9.702796131292706905e-02	4.713475539940788911e-02	1.102718186693677910e-01
1.161064851277267991e+02	1.331492500027657566e-01	7.935953705672423031e-02	3.264225727492825468e-01	2.066411521746698565e-01	9.697593020090151950e-02	4.711798206476684736e-02	1.103335757489436464e-01
1.306197957686926259e+02	1.331084896952857421e-01	7.935949664715792606e-02	3.264839212297139248e-01	2.066295971656652020e-01	9.693051153064323466e-02	4.710196209325352712e-02	1.103860216363348468e-01
1.451331064096584669e+02	1.330740429985758089e-01	7.935945131921735840e-02	3.265387700877199761e-01	2.066196204533702063e-01	9.689090157765253841e-02	4.708664535828075565e-02	1.104305682032377528e-01
1.596464170506243647e+02	1.330449471653132598e-01	7.935940128793035619e-02	3.265878707186915531e-01	2.066109881757917377e-01	9.685639320770284000e-02	4.707198645578024310e-02	1.104684129868443720e-01
1.741597276915902057e+02	1.330203857977025894e-01	7.935934675464602350e-02	3.266318854220894297e-01	2.066035018026426417e-01	9.682636430459148902e-02	4.705794417968147542e-02	1.105005717367007062e-01
1.886730383325560467e+02	1.329996666151567752e-01	7.935928790828733481e-02	3.266713980386813931e-01	2.065969927751589164e-01	9.680026758300756817e-02	4.704448105886983172e-02	1.105279060188925910e-01
2.031863489735219162e+02	1.329822025988709744e-01	7.935922492646617366e-02	3.267069233155821539e-01	2.065913179598317384e-01	9.677762162079898978e-02	4.703156294830790340e-02	1.105511466281964977e-01
2.176996596144877287e+02	1.329674960003847384e-01	7.935915797647666303e-02	3.267389151512987144e-01	2.065863557924425831e-01	9.675800296474100504e-02	4.701915866787826498e-02	1.105709134448323722e-01
2.322129702554535982e+02	1.329551247791309898e-01	7.935908721618122053e-02	3.267677738547765665e-01	2.065820030075632974e-01	9.674103918135905367e-02	4.700723968327522734e-02	1.105877322757680276e-01
2.467262808964194392e+02	1.329447311000405696e-01	7.935901279480148118e-02	3.267938525364115776e-01	2.065781718646057252e-01	9.672640273972271663e-02	4.699577982395083259e-02	1.106020491385215077e-01
2.612395915373852517e+02	1.329360115783065621e-01	7.935893485362553734e-02	3.268174627348804928e-01	2.065747877950106781e-01	9.671380562665454761e-02	4.698475503371662282e-02	1.106142423758599141e-01
2.757529021783511780e+02	1.329287090059367016e-01	7.935885352664083514e-02	3.268388793712175833e-01	2.065717874066181625e-01	9.670299460670693514e-02	4.697414315012809344e-02	1.106246329308060161e-01
2.902662128193169337e+02	1.329226053350284209e-01	7.935876894110140134e-02	3.268583451106253923e-01	2.065691167909756432e-01	9.669374704974537105e-02	4.696392370924096227e-02	1.106334930613371570e-01
3.047795234602828600e+02	1.329175157268850382e-01	7.935868121803703323e-02	3.268760742028798960e-01	2.065667300875786982e-01	9.668586725820765837e-02	4.695407777273551825e-02	1.106410537317304571e-01
3.192928341012487294e+02	1.329132835050843842e-01	7.935859047271089095e-02	3.268922558637101794e-01	2.065645882660263610e-01	9.667918323423579929e-02	4.694458777476382544e-02	1.106475108815228314e-01
3.338061447422145420e+02	1.329097758751990876e-01	7.935849681503157060e-02	3.269070572520691442e-01	2.065626580929985079e-01	9.667354383403269080e-02	4.693543738618989603e-02	1.106530307425333398e-01
3.483194553831804114e+02	1.329068802947221406e-01	7.935840034992469594e-02	3.269206260916417417e-01	2.065609112559895488e-01	9.666881626309471731e-02	4.692661139417105692e-02	1.106577543485102316e-01
3.628327660241463377e+02	1.329045013944381015e-01	7.935830117766859426e-02	3.269330929791517959e-01	2.065593236199944893e-01	9.666488387151746242e-02	4.691809559527315709e-02	1.106618013600105810e-01
3.773460766651120935e+02	1.329025583674800226e-01	7.935819939419813673e-02	3.269445734169347251e-01	2.065578745969588736e-01	9.666164421345403712e-02	4.690987670052772923e-02	1.106652733085005530e-01
3.918593873060780197e+02	1.329009827550349798e-01	7.935809509138026796e-02	3.269551696027634957e-01	2.065565466108703618e-01	9.665900733910401388e-02	4.690194225102880393e-02	1.106682563478722098e-01
4.063726979470438323e+02	1.328997165684498161e-01	7.935798835726427802e-02	3.269649720059625286e-01	2.065553246439697510e-01	9.665689429139492916e-02	4.689428054283410752e-02	1.106708235881787711e-01
4.208860085880095880e+02	1.328987106966403042e-01	7.935787927630982841e-02	3.269740607553758283e-01	2.065541958517652932e-01	9.665523578284992978e-02	4.688688056008238209e-02	1.106730370750306225e-01
4.353993192289755143e+02	1.328979235554676175e-01	7.935776792959471637e-02	3.269825068616921127e-01	2.065531492364039712e-01	9.665397103106791732e-02	4.687973191536792816e-02	1.106749494684599322e-01
4.499126298699413837e+02	1.328973199423281182e-01	7.935765439500512552e-02	3.269903732939384300e-01	2.065521753695403750e-01	9.665304673382449363e-02	4.687282479652756656e-02	1.106766054668900656e-01
4.644259405109071963e+02	1.328968700647852608e-01	7.935753874740981983e-02	3.269977159275837542e-01	2.065512661571888842e-01	9.665241616707501149e-02	4.686614991909553163e-02	1.106780430149159611e-01
4.789392511518730657e+02	1.328965487168065618e-01	7.935742105882005737e-02	3.270045843796051677e-01	2.065504146401865859e-01	9.665203839114215600e-02	4.685969848377017494e-02	1.106792943277234709e-01
4.934525617928388783e+02	1.328963345801845997e-01	7.935730139853688914e-02	3.270110227440347628e-01	2.065496148248612274e-01	9.665187755213199006e-02	4.685346213831415724e-02	1.106803867599905483e-01
5.079658724338048046e+02	1.328962096321257280e-01	7.935717983328700875e-02	3.270170702398845219e-01	2.065488615393202831e-01	9.665190226717335076e-02	4.684743294337846004e-02	1.106813435428848080e-01
5.224791830747705035e+02	1.328961586428795694e-01	7.935705642734831866e-02	3.270227617819259081e-01	2.065481503114727779e-01	9.665208508344058647e-02	4.684160334180072216e-02	1.106821844091862572e-01
5.369924937157364866e+02	1.328961687497307864e-01	7.935693124266630927e-02	3.270281284835452884e-01	2.065474772654862512e-01	9.665240200212141253e-02	4.683596613098173905e-02	1.106829261235222905e-01
5.515058043567023560e+02	1.328962290957533265e-01	7.935680433896219466e-02	3.270331980997938093e-01	2.065468390338817961e-01	9.665283205955001178e-02	4.683051443799057800e-02	1.106835829321223680e-01
5.660191149976681118e+02	1.328963305234884540e-01	7.935667577383345717e-02	3.270379954177784487e-01	2.065462326828948481e-01	9.665335695865640009e-02	4.682524169709017386e-02	1.106841669443122678e-01
5.805324256386339812e+02	1.328964653152025777e-01	7.935654560284777226e-02	3.270425426006867142e-01	2.065456556490898044e-01	9.665396074470364307e-02	4.682014162941144225e-02	1.106846884561120681e-01
5.950457362795999643e+02	1.328966269726485905e-01	7.935641387963067450e-02	3.270468594909832216e-01	2.065451056855219514e-01	9.665462952000554442e-02	4.681520822453601183e-02	1.106851562247280207e-01
6.095590469205657200e+02	1.328968100303284383e-01	7.935628065594778346e-02	3.270509638776554762e-01	2.065445808159989127e-01	9.665535119295359801e-02	4.681043572377579370e-02	1.106855777013939918e-01
6.240723575615315895e+02	1.328970098971676561e-01	7.935614598178190870e-02	3.270548717318009779e-01	2.065440792962143779e-01	9.665611525724079889e-02	4.680581860496244723e-02	1.106859592288858551e-01
6.385856682024975726e+02	1.328972227222840752e-01	7.935600990540561672e-02	3.270585974143356833e-01	2.065435995807124447e-01	9.665691259766252819e-02	4.680135156858166584e-02	1.106863062090720357e-01
6.530989788434633283e+02	1.328974452811903240e-01	7.935587247344964845e-02	3.270621538591506616e-01	2.065431402947994766e-01	9.665773531930824114e-02	4.679702952510651076e-02	1.106866232450492010e-01
6.676122894844290840e+02	1.328976748793245510e-01	7.935573373096731220e-02	3.270655527346468805e-01	2.065427002106542398e-01	9.665857659733907703e-02	4.679284758340088168e-02	1.106869142617210033e-01
6.821256001253949535e+02	1.328979092702762543e-01	7.935559372149561530e-02	3.270688045862264470e-01	2.065422782270011637e-01	9.665943054488258801e-02	4.678880104007925728e-02	1.106871826080925714e-01
6.966389107663608229e+02	1.328981465864736977e-01	7.935545248711300959e-02	3.270719189620108769e-01	2.065418733518070149e-01	9.666029209687140855e-02	4.678488536972206374e-02	1.106874311440558117e-01
7.111522214073266923e+02	1.328983852804389576e-01	7.935531006849419478e-02	3.270749045237859587e-01	2.065414846875444910e-01	9.666115690791284021e-02	4.678109621585745115e-02	1.106876623140199550e-01
7.256655320482924481e+02	1.328986240750042458e-01	7.935516650496222957e-02	3.270777691449324731e-01	2.065411114186345154e-01	9.666202126250583726e-02	4.677742938263076272e-02	1.106878782093837221e-01
7.401788426892584312e+02	1.328988619211269318e-01	7.935502183453803371e-02	3.270805199968928600e-01	2.065407528007383864e-01	9.666288199612299570e-02	4.677388082709180162e-02	1.106880806215427837e-01
7.546921533302243006e+02	1.328990979621482715e-01	7.935487609398764186e-02	3.270831636255375208e-01	2.065404081516204193e-01	9.666373642585324166e-02	4.677044665203806961e-02	1.106882710868686975e-01
7.692054639711900563e+02	1.328993315035156275e-01	7.935472931886712600e-02	3.270857060186325160e-01	2.065400768433445777e-01	9.666458228945709608e-02	4.676712309935907724e-02	1.106884509248777931e-01
7.837187746121558121e+02	1.328995619871374545e-01	7.935458154356567206e-02	3.270881526654665916e-01	2.065397582956043643e-01	9.666541769182340760e-02	4.676390654383318080e-02	1.106886212706232053e-01
7.982320852531219089e+02	1.328997889696660883e-01	7.935443280134658883e-02	3.270905086095672321e-01	2.065394519700149978e-01	9.666624105793862609e-02	4.676079348733364754e-02	1.106887831021866747e-01
8.127453958940876646e+02	1.329000121041110649e-01	7.935428312438665144e-02	3.270927784953281403e-01	2.065391573652238244e-01	9.666705109158515996e-02	4.675778055340565342e-02	1.106889372640133679e-01
8.272587065350534203e+02	1.329002311242755141e-01	7.935413254381380732e-02	3.270949666092680119e-01	2.065388740127160616e-01	9.666784673907996561e-02	4.675486448218010849e-02	1.106890844867203377e-01
8.417720171760191761e+02	1.329004458315865278e-01	7.935398108974318909e-02	3.270970769165579828e-01	2.065386014732119302e-01	9.666862715744686807e-02	4.675204212559390393e-02	1.106892254039134327e-01
8.562853278169851592e+02	1.329006560839542661e-01	7.935382879131175349e-02	3.270991130933766922e-01	2.065383393335664952e-01	9.666939168648872038e-02	4.674931044288954674e-02	1.106893605664664160e-01
8.707986384579510286e+02	1.329008617863513542e-01	7.935367567671156031e-02	3.271010785555866218e-01	2.065380872040976090e-01	9.667013982428973584e-02	4.674666649637016641e-02	1.106894904546468356e-01
8.853119490989170117e+02	1.329010628828498630e-01	7.935352177322173295e-02	3.271029764841661414e-01	2.065378447162782016e-01	9.667087120573447656e-02	4.674410744738819595e-02	1.106896154884153272e-01
8.998252597398827675e+02	1.329012593498939410e-01	7.935336710723908671e-02	3.271048098477787880e-01	2.065376115207388785e-01	9.667158558367951182e-02	4.674163055254868665e-02	1.106897360361750043e-01
9.143385703808486369e+02	1.329014511906195239e-01	7.935321170430775783e-02	3.271065814228178992e-01	2.065373872855350290e-01	9.667228281245790478e-02	4.673923316010992340e-02	1.106898524222058311e-01
9.288518810218145063e+02	1.329016384300611420e-01	7.935305558914756974e-02	3.271082938112221394e-01	2.065371716946395320e-01	9.667296283343432273e-02	4.673691270656592928e-02	1.106899649329831647e-01
9.433651916627801484e+02	1.329018211111104852e-01	7.935289878568145550e-02	3.271099494563243781e-01	2.065369644466278354e-01	9.667362566236305244e-02	4.673466671339709944e-02	1.106900738225494174e-01
9.578785023037459041e+02	1.329019992911116554e-01	7.935274131706177014e-02	3.271115506569634013e-01	2.065367652535275989e-01	9.667427137833062289e-02	4.673249278397645368e-02	1.106901793170822768e-01
9.723918129447120009e+02	1.329021730389957079e-01	7.935258320569578416e-02	3.271130995800611285e-01	2.065365738398088902e-01	9.667490011409102246e-02	4.673038860062030814e-02	1.106902816187808891e-01
9.869051235856777566e+02	1.329023424328719116e-01	7.935242447327013615e-02	3.271145982718454137e-01	2.065363899414947302e-01	9.667551204762475647e-02	4.672835192177342972e-02	1.106903809091732971e-01
1.001418434226643626e+03	1.329025075580055337e-01	7.935226514077452220e-02	3.271160486678742485e-01	2.065362133053747218e-01	9.667610739477271176e-02	4.672638057931931960e-02	1.106904773519325758e-01
1.015931744867609382e+03	1.329026685051229451e-01	7.935210522852445547e-02	3.271174526020009798e-01	2.065360436883071360e-01	9.667668640281451564e-02	4.672447247600763909e-02	1.106905710952759275e-01
1.030445055508575479e+03	1.329028253689935601e-01	7.935194475618330412e-02	3.271188118144029988e-01	2.065358808565971038e-01	9.667724934487592625e-02	4.672262558299109664e-02	1.106906622740095603e-01
1.044958366149541234e+03	1.329029782472460341e-01	7.935178374278353819e-02	3.271201279587813149e-01	2.065357245854401724e-01	9.667779651506437644e-02	4.672083793746513447e-02	1.106907510112729726e-01
1.059471676790506763e+03	1.329031272393823848e-01	7.935162220674722711e-02	3.271214026088261617e-01	2.065355746584223440e-01	9.667832822424335393e-02	4.671910764040422548e-02	1.106908374200278877e-01
1.073984987431472746e+03	1.329032724459595638e-01	7.935146016590588491e-02	3.271226372640324565e-01	2.065354308670687700e-01	9.667884479636752737e-02	4.671743285438911819e-02	1.106909216043301947e-01
1.088498298072438729e+03	1.329034139679125259e-01	7.935129763751960774e-02	3.271238333549392752e-01	2.065352930104348284e-01	9.667934656530959014e-02	4.671581180151987422e-02	1.106910036604177444e-01
1.103011608713404712e+03	1.329035519059963699e-01	7.935113463829558678e-02	3.271249922478579597e-01	2.065351608947337547e-01	9.667983387211834256e-02	4.671424276141005610e-02	1.106910836776413692e-01
1.117524919354370468e+03	1.329036863603294261e-01	7.935097118440591346e-02	3.271261152491466428e-01	2.065350343329961091e-01	9.668030706265465235e-02	4.671272406925767312e-02	1.106911617392630082e-01
1.132038229995336451e+03	1.329038174300211650e-01	7.935080729150495449e-02	3.271272036090820956e-01	2.065349131447571929e-01	9.668076648555859465e-02	4.671125411398891619e-02	1.106912379231404925e-01
1.146551540636302207e+03	1.329039452128715770e-01	7.935064297474599126e-02	3.271282585253734165e-01	2.065347971557688622e-01	9.668121249050642962e-02	4.670983133647100410e-02	1.106913123023161444e-01
1.161064851277267962e+03	1.329040698051308089e-01	7.935047824879735978e-02	3.271292811463569761e-01	2.065346861977326032e-01	9.668164542672130768e-02	4.670845422779085904e-02	1.106913849455234966e-01
1.175578161918233945e+03	1.329041913013092324e-01	7.935031312785811863e-02	3.271302725739079209e-01	2.065345801080516186e-01	9.668206564170590822e-02	4.670712132759625296e-02	1.106914559176243595e-01
1.190091472559199701e+03	1.329043097940300344e-01	7.935014762567309254e-02	3.271312338660986030e-01	2.065344787295995965e-01	9.668247348016902054e-02	4.670583122249670482e-02	1.106915252799863664e-01
1.204604783200165684e+03	1.329044253739173898e-01	7.934998175554751343e-02	3.271321660396313558e-01	2.065343819105042722e-01	9.668286928312139206e-02	4.670458254452137387e-02	1.106915930908101281e-01
1.219118093841131440e+03	1.329045381295142769e-01	7.934981553036112023e-02	3.271330700720698759e-01	2.065342895039442572e-01	9.668325338711951378e-02	4.670337396963129828e-02	1.106916594054131592e-01
1.233631404482097196e+03	1.329046481472251073e-01	7.934964896258181466e-02	3.271339469038900272e-01	2.065342013679575817e-01	9.668362612363812225e-02	4.670220421628382135e-02	1.106917242764770271e-01
1.248144715123063179e+03	1.329047555112791157e-01	7.934948206427887285e-02	3.271347974403694958e-01	2.065341173652611995e-01	9.668398781855493118e-02	4.670107204404676943e-02	1.106917877542631795e-01
1.262658025764028707e+03	1.329048603037107923e-01	7.934931484713576844e-02	3.271356225533320061e-01	2.065340373630798199e-01	9.668433879173286838e-02	4.669997625226051524e-02	1.106918498868018075e-01
1.277171336404994690e+03	1.329049626043543875e-01	7.934914732246249602e-02	3.271364230827623065e-01	2.065339612329836205e-01	9.668467935668711988e-02	4.669891567874578930e-02	1.106919107200578928e-01
1.291684647045960673e+03	1.329050624908502953e-01	7.934897950120756160e-02	3.271371998383031943e-01	2.065338888507338988e-01	9.668500982032564306e-02	4.669788919855555331e-02	1.106919702980774245e-01
1.306197957686926657e+03	1.329051600386607079e-01	7.934881139396955663e-02	3.271379536006479016e-01	2.065338200961358839e-01	9.668533048275329556e-02	4.669689572276908285e-02	1.106920286631170453e-01
1.320711268327892412e+03	1.329052553210932908e-01	7.934864301100837125e-02	3.271386851228369474e-01	2.065337548528984879e-01	9.668564163713078141e-02	4.669593419732671197e-02	1.106920858557588622e-01
1.335224578968857941e+03	1.329053484093307980e-01	7.934847436225597739e-02	3.271393951314686133e-01	2.065336930085000522e-01	9.668594356958121194e-02	4.669500360190362298e-02	1.106921419150131425e-01
1.349737889609823924e+03	1.329054393724659333e-01	7.934830545732701745e-02	3.271400843278320369e-01	2.065336344540598390e-01	9.668623655913723136e-02	4.669410294882121032e-02	1.106921968784101290e-01
1.364251200250789907e+03	1.329055282775400693e-01	7.934813630552892127e-02	3.271407533889691965e-01	2.065335790842149077e-01	9.668652087772303116e-02	4.669323128199469319e-02	1.106922507820826129e-01
1.378764510891755890e+03	1.329056151895848803e-01	7.934796691587168993e-02	3.271414029686726122e-01	2.065335267970019040e-01	9.668679679016624340e-02	4.669238767591554762e-02	1.106923036608406241e-01
1.393277821532721646e+03	1.329057001716663911e-01	7.934779729707742979e-02	3.271420336984242616e-01	2.065334774937435114e-01	9.668706455423520252e-02	4.669157123466757819e-02	1.106923555482391131e-01
1.407791132173687402e+03	1.329057832849307175e-01	7.934762745758958125e-02	3.271426461882813719e-01	2.065334310789392613e-01	9.668732442069763455e-02	4.669078109097532514e-02	1.106924064766395960e-01
1.422304442814653157e+03	1.329058645886508350e-01	7.934745740558181437e-02	3.271432410277124170e-01	2.065333874601605335e-01	9.668757663339740127e-02	4.669001640528378655e-02	1.106924564772666514e-01
1.436817753455619140e+03	1.329059441402740405e-01	7.934728714896664703e-02	3.271438187863889846e-01	2.065333465479494146e-01	9.668782142934642665e-02	4.668927636486820687e-02	1.106925055802597674e-01
1.451331064096585123e+03	1.329060219954699695e-01	7.934711669540377155e-02	3.271443800149352876e-01	2.065333082557211097e-01	9.668805903882909947e-02	4.668856018297301569e-02	1.106925538147211785e-01
1.465844374737550879e+03	1.329060982081785303e-01	7.934694605230815934e-02	3.271449252456407053e-01	2.065332724996701286e-01	9.668828968551691772e-02	4.668786709797876494e-02	1.106926012087602329e-01
1.480357685378516862e+03	1.329061728306575041e-01	7.934677522685784634e-02	3.271454549931362421e-01	2.065332391986794691e-01	9.668851358659145967e-02	4.668719637259625271e-02	1.106926477895345956e-01
1.494870996019482618e+03	1.329062459135301466e-01	7.934660422600159357e-02	3.271459697550387902e-01	2.065332082742332709e-01	9.668873095287405794e-02	4.668654729308675810e-02	1.106926935832887593e-01
1.509384306660448374e+03	1.329063175058319002e-01	7.934643305646607581e-02	3.271464700125649716e-01	2.065331796503322714e-01	9.668894198896049730e-02	4.668591916850759610e-02	1.106927386153900017e-01
1.523897617301414357e+03	1.329063876550565793e-01	7.934626172476307027e-02	3.271469562311172252e-01	2.065331532534124270e-01	9.668914689335962598e-02	4.668531132998213207e-02	1.106927829103622474e-01
1.538410927942380113e+03	1.329064564072016952e-01	7.934609023719627063e-02	3.271474288608433034e-01	2.065331290122660035e-01	9.668934585863474263e-02	4.668472312999333296e-02	1.106928264919179727e-01
1.552924238583346096e+03	1.329065238068130872e-01	7.934591859986797613e-02	3.271478883371715107e-01	2.065331068579654983e-01	9.668953907154681504e-02	4.668415394170020299e-02	1.106928693829882793e-01
1.567437549224311852e+03	1.329065898970284432e-01	7.934574681868548918e-02	3.271483350813230717e-01	2.065330867237900603e-01	9.668972671319867040e-02	4.668360315827624341e-02	1.106929116057514262e-01
1.581950859865277607e+03	1.329066547196199877e-01	7.934557489936733266e-02	3.271487695008030161e-01	2.065330685451544357e-01	9.668990895917944917e-02	4.668307019226926313e-02	1.106929531816599060e-01
1.596464170506243590e+03	1.329067183150360043e-01	7.934540284744931449e-02	3.271491919898709688e-01	2.065330522595402174e-01	9.669008597970887853e-02	4.668255447498174948e-02	1.106929941314661880e-01
1.610977481147209119e+03	1.329067807224415532e-01	7.934523066829032856e-02	3.271496029299928443e-01	2.065330378064294259e-01	9.669025793978064387e-02	4.668205545587125749e-02	1.106930344752472817e-01
1.625490791788175102e+03	1.329068419797580225e-01	7.934505836707798909e-02	3.271500026902745550e-01	2.065330251272400885e-01	9.669042499930453893e-02	4.668157260197001307e-02	1.106930742324281208e-01
1.640004102429141085e+03	1.329069021237015980e-01	7.934488594883419565e-02	3.271503916278791224e-01	2.065330141652641227e-01	9.669058731324708944e-02	4.668110539732320263e-02	1.106931134218040041e-01
1.654517413070107068e+03	1.329069611898207603e-01	7.934471341842026793e-02	3.271507700884275227e-01	2.065330048656073003e-01	9.669074503177019220e-02	4.668065334244526909e-02	1.106931520615620362e-01
1.669030723711072824e+03	1.329070192125327288e-01	7.934454078054219150e-02	3.271511384063843786e-01	2.065329971751309612e-01	9.669089830036768640e-02	4.668021595379368699e-02	1.106931901693016806e-01
1.683544034352038352e+03	1.329070762251589322e-01	7.934436803975554453e-02	3.271514969054293842e-01	2.065329910423957249e-01	9.669104725999953798e-02	4.667979276325961296e-02	1.106932277620545080e-01
1.698057344993004335e+03	1.329071322599592875e-01	7.934419520047028551e-02	3.271518458988151856e-01	2.065329864176070340e-01	9.669119204722349814e-02	4.667938331767480797e-02	1.106932648563031668e-01
1.712570655633970318e+03	1.329071873481656452e-01	7.934402226695540239e-02	3.271521856897114944e-01	2.065329832525624187e-01	9.669133279432418071e-02	4.667898717833449118e-02	1.106933014679995775e-01
1.727083966274936301e+03	1.329072415200141799e-01	7.934384924334342282e-02	3.271525165715378214e-01	2.065329815006006209e-01	9.669146962943929446e-02	4.667860392053532065e-02	1.106933376125825153e-01
1.741597276915902057e+03	1.329072948047768377e-01	7.934367613363475791e-02	3.271528388282834432e-01	2.065329811165521334e-01	9.669160267668309994e-02	4.667823313312828570e-02	1.106933733049944996e-01
1.756110587556867813e+03	1.329073472307918391e-01	7.934350294170192108e-02	3.271531527348168211e-01	2.065329820566915164e-01	9.669173205626703516e-02	4.667787441808585180e-02	1.106934085596980727e-01
1.770623898197833569e+03	1.329073988254932115e-01	7.934332967129363590e-02	3.271534585571832521e-01	2.065329842786911008e-01	9.669185788461735764e-02	4.667752739008301788e-02	1.106934433906914955e-01
1.785137208838799552e+03	1.329074496154394325e-01	7.934315632603872182e-02	3.271537565528931935e-01	2.065329877415763016e-01	9.669198027448985822e-02	4.667719167609168246e-02	1.106934778115239298e-01
1.799650519479765535e+03	1.329074996263412412e-01	7.934298290945000776e-02	3.271540469711997634e-01	2.065329924056822919e-01	9.669209933508171595e-02	4.667686691498806884e-02	1.106935118353099823e-01
1.814163830120731291e+03	1.329075488830885887e-01	7.934280942492795419e-02	3.271543300533674703e-01	2.065329982326121749e-01	9.669221517214027228e-02	4.667655275717270263e-02	1.106935454747438180e-01
1.828677140761696819e+03	1.329075974097767565e-01	7.934263587576430299e-02	3.271546060329310612e-01	2.065330051851964055e-01	9.669232788806911283e-02	4.667624886420247005e-02	1.106935787421128720e-01
1.843190451402663257e+03	1.329076452297315025e-01	7.934246226514549138e-02	3.271548751359461549e-01	2.065330132274534602e-01	9.669243758203099892e-02	4.667595490843449990e-02	1.106936116493109218e-01
1.857703762043628785e+03	1.329076923655336251e-01	7.934228859615605201e-02	3.271551375812311035e-01	2.065330223245518682e-01	9.669254435004817627e-02	4.667567057268140474e-02	1.106936442078508276e-01
1.872217072684594768e+03	1.329077388390427217e-01	7.934211487178183253e-02	3.271553935806008617e-01	2.065330324427734898e-01	9.669264828509976928e-02	4.667539554987754080e-02	1.106936764288767999e-01
1.886730383325560297e+03	1.329077846714201705e-01	7.934194109491317370e-02	3.271556433390931384e-01	2.065330435494779071e-01	9.669274947721628877e-02	4.667512954275596093e-02	1.106937083231763486e-01
1.901243693966526507e+03	1.329078298831512517e-01	7.934176726834796245e-02	3.271558870551868337e-01	2.065330556130679229e-01	9.669284801357171111e-02	4.667487226353561613e-02	1.106937399011916762e-01
1.915757004607492036e+03	1.329078744940669077e-01	7.934159339479456008e-02	3.271561249210132027e-01	2.065330686029561991e-01	9.669294397857258749e-02	4.667462343361863247e-02	1.106937711730308360e-01
1.930270315248458019e+03	1.329079185233643934e-01	7.934141947687466112e-02	3.271563571225604705e-01	2.065330824895330042e-01	9.669303745394468297e-02	4.667438278329720525e-02	1.106938021484785012e-01
1.944783625889424002e+03	1.329079619896277042e-01	7.934124551712604112e-02	3.271565838398709514e-01	2.065330972441349888e-01	9.669312851881707582e-02	4.667415005146988149e-02	1.106938328370062480e-01
1.959296936530389530e+03	1.329080049108469219e-01	7.934107151800529056e-02	3.271568052472325627e-01	2.065331128390148763e-01	9.669321724980366184e-02	4.667392498536686307e-02	1.106938632477827145e-01
1.973810247171355968e+03	1.329080473044373933e-01	7.934089748189038227e-02	3.271570215133632886e-01	2.065331292473121805e-01	9.669330372108224381e-02	4.667370734028414292e-02	1.106938933896832594e-01
1.988323557812321269e+03	1.329080891872579107e-01	7.934072341108311388e-02	3.271572328015902587e-01	2.065331464430248398e-01	9.669338800447126181e-02	4.667349687932608598e-02	1.106939232712993715e-01
2.002836868453287707e+03	1.329081305756285025e-01	7.934054930781163362e-02	3.271574392700225542e-01	2.065331644009818501e-01	9.669347016950424756e-02	4.667329337315622578e-02	1.106939529009477868e-01
2.017350179094252780e+03	1.329081714853477536e-01	7.934037517423274399e-02	3.271576410717184080e-01	2.065331830968167026e-01	9.669355028350183623e-02	4.667309659975605457e-02	1.106939822866793016e-01
2.031863489735218764e+03	1.329082119317093191e-01	7.934020101243420553e-02	3.271578383548472413e-01	2.065332025069415711e-01	9.669362841164176603e-02	4.667290634419146711e-02	1.106940114362872513e-01
2.046376800376184747e+03	1.329082519295180786e-01	7.934002682443688781e-02	3.271580312628462051e-01	2.065332226085224709e-01	9.669370461702662956e-02	4.667272239838671927e-02	1.106940403573158094e-01
2.060890111017150957e+03	1.329082914931058457e-01	7.933985261219694829e-02	3.271582199345718367e-01	2.065332433794551947e-01	9.669377896074951573e-02	4.667254456090552672e-02	1.106940690570678704e-01
2.075403421658116713e+03	1.329083306363463834e-01	7.933967837760787234e-02	3.271584045044466649e-01	2.065332647983419700e-01	9.669385150195769496e-02	4.667237263673922748e-02	1.106940975426128904e-01
2.089916732299082469e+03	1.329083693726700321e-01	7.933950412250248552e-02	3.271585851026010405e-01	2.065332868444688663e-01	9.669392229791430593e-02	4.667220643710164735e-02	1.106941258207942841e-01
2.104430042940048224e+03	1.329084077150778920e-01	7.933932984865493809e-02	3.271587618550106380e-01	2.065333094977838957e-01	9.669399140405803006e-02	4.667204577923054348e-02	1.106941538982366968e-01
2.118943353581013525e+03	1.329084456761555899e-01	7.933915555778248141e-02	3.271589348836291822e-01	2.065333327388759743e-01	9.669405887406108679e-02	4.667189048619539010e-02	1.106941817813529433e-01
2.133456664221980191e+03	1.329084832680865191e-01	7.933898125154732750e-02	3.271591043065170124e-01	2.065333565489543277e-01	9.669412475988524436e-02	4.667174038671128428e-02	1.106942094763508772e-01
2.147969974862945492e+03	1.329085205026646344e-01	7.933880693155843933e-02	3.271592702379659268e-01	2.065333809098287288e-01	9.669418911183616516e-02	4.667159531495877756e-02	1.106942369892398720e-01
2.162483285503912157e+03	1.329085573913069696e-01	7.933863259937315449e-02	3.271594327886194198e-01	2.065334058038902909e-01	9.669425197861607202e-02	4.667145511040948075e-02	1.106942643258371634e-01
2.176996596144877003e+03	1.329085939450656562e-01	7.933845825649893380e-02	3.271595920655891998e-01	2.065334312140927886e-01	9.669431340737461023e-02	4.667131961765726145e-02	1.106942914917740661e-01
2.191509906785843214e+03	1.329086301746395804e-01	7.933828390439486011e-02	3.271597481725683210e-01	2.065334571239348660e-01	9.669437344375836352e-02	4.667118868625474287e-02	1.106943184925018725e-01
2.206023217426809424e+03	1.329086660903857076e-01	7.933810954447322039e-02	3.271599012099399850e-01	2.065334835174424399e-01	9.669443213195852427e-02	4.667106217055510403e-02	1.106943453332975835e-01
2.220536528067775180e+03	1.329087017023299344e-01	7.933793517810100449e-02	3.271600512748839562e-01	2.065335103791520188e-01	9.669448951475731469e-02	4.667093992955888976e-02	1.106943720192695435e-01
2.235049838708740936e+03	1.329087370201776919e-01	7.933776080660132068e-02	3.271601984614782022e-01	2.065335376940941881e-01	9.669454563357272880e-02	4.667082182676572655e-02	1.106943985553627829e-01
2.249563149349706237e+03	1.329087720533242978e-01	7.933758643125483900e-02	3.271603428607984809e-01	2.065335654477779559e-01	9.669460052850205323e-02	4.667070773003075684e-02	1.106944249463642366e-01
2.264076459990672902e+03	1.329088068108646992e-01	7.933741205330113733e-02	3.271604845610139867e-01	2.065335936261754879e-01	9.669465423836384743e-02	4.667059751142565299e-02	1.106944511969078643e-01
2.278589770631638203e+03	1.329088413016031311e-01	7.933723767393999204e-02	3.271606236474801643e-01	2.065336222157071744e-01	9.669470680073870283e-02	4.667049104710408597e-02	1.106944773114794806e-01
2.293103081272604413e+03	1.329088755340624983e-01	7.933706329433262705e-02	3.271607602028286377e-01	2.065336512032274197e-01	9.669475825200865571e-02	4.667038821717144764e-02	1.106945032944214730e-01
2.307616391913570169e+03	1.329089095164932288e-01	7.933688891560301826e-02	3.271608943070541953e-01	2.065336805760106809e-01	9.669480862739539273e-02	4.667028890555878495e-02	1.106945291499374651e-01
2.322129702554535925e+03	1.329089432568820728e-01	7.933671453883897606e-02	3.271610260375989454e-01	2.065337103217381454e-01	9.669485796099720754e-02	4.667019299990072395e-02	1.106945548820967018e-01
2.336643013195502135e+03	1.329089767629604568e-01	7.933654016509343598e-02	3.271611554694338619e-01	2.065337404284846301e-01	9.669490628582476377e-02	4.667010039141727962e-02	1.106945804948382961e-01
2.351156323836467891e+03	1.329090100422127552e-01	7.933636579538543010e-02	3.271612826751376657e-01	2.065337708847060638e-01	9.669495363383584507e-02	4.667001097479946126e-02	1.106946059919755032e-01
2.365669634477433647e+03	1.329090431018841167e-01	7.933619143070125279e-02	3.271614077249730412e-01	2.065338016792273579e-01	9.669500003596882831e-02	4.666992464809852081e-02	1.106946313771996759e-01
2.380182945118399402e+03	1.329090759489880424e-01	7.933601707199551545e-02	3.271615306869607442e-01	2.065338328012304159e-01	9.669504552217519922e-02	4.666984131261872615e-02	1.106946566540841365e-01
2.394696255759364703e+03	1.329091085903139069e-01	7.933584272019209016e-02	3.271616516269512664e-01	2.065338642402429481e-01	9.669509012145105498e-02	4.666976087281356211e-02	1.106946818260880067e-01
2.409209566400331823e+03	1.329091410324340916e-01	7.933566837618515055e-02	3.271617706086937249e-01	2.065338959861272583e-01	9.669513386186752435e-02	4.666968323618524150e-02	1.106947068965598163e-01
2.423722877041296670e+03	1.329091732817108407e-01	7.933549404084010159e-02	3.271618876939033638e-01	2.065339280290696689e-01	9.669517677060024408e-02	4.666960831318745645e-02	1.106947318687410836e-01
2.438236187682262880e+03	1.329092053443030885e-01	7.933531971499448165e-02	3.271620029423262799e-01	2.065339603595701123e-01	9.669521887395796100e-02	4.666953601713116212e-02	1.106947567457696874e-01
2.452749498323228636e+03	1.329092372261728994e-01	7.933514539945885069e-02	3.271621164118022063e-01	2.065339929684320841e-01	9.669526019741014888e-02	4.666946626409342047e-02	1.106947815306831978e-01
2.467262808964194392e+03	1.329092689330917398e-01	7.933497109501770617e-02	3.271622281583254077e-01	2.065340258467529833e-01	9.669530076561376475e-02	4.666939897282912364e-02	1.106948062264220822e-01
2.481776119605160602e+03	1.329093004706466408e-01	7.933479680243024634e-02	3.271623382361036336e-01	2.065340589859147036e-01	9.669534060243918649e-02	4.666933406468559697e-02	1.106948308358328137e-01
2.496289430246126358e+03	1.329093318442460259e-01	7.933462252243118906e-02	3.271624466976150170e-01	2.065340923775745574e-01	9.669537973099527617e-02	4.666927146351983191e-02	1.106948553616708547e-01
2.510802740887092114e+03	1.329093630591254294e-01	7.933444825573159054e-02	3.271625535936636409e-01	2.065341260136563939e-01	9.669541817365367997e-02	4.666921109561841113e-02	1.106948798066036410e-01
2.525316051528057415e+03	1.329093941203530471e-01	7.933427400301956700e-02	3.271626589734322743e-01	2.065341598863421890e-01	9.669545595207235111e-02	4.666915288962000807e-02	1.106949041732132599e-01
2.539829362169024080e+03	1.329094250328350935e-01	7.933409976496107185e-02	3.271627628845348301e-01	2.065341939880637467e-01	9.669549308721828162e-02	4.666909677644032195e-02	1.106949284639993092e-01
2.554342672809989381e+03	1.329094558013209637e-01	7.933392554220053405e-02	3.271628653730659919e-01	2.065342283114947053e-01	9.669552959938959580e-02	4.666904268919943449e-02	1.106949526813814644e-01
2.568855983450955591e+03	1.329094864304081747e-01	7.933375133536156587e-02	3.271629664836498419e-01	2.065342628495428212e-01	9.669556550823679708e-02	4.666899056315143568e-02	1.106949768277020602e-01
2.583369294091921347e+03	1.329095169245473329e-01	7.933357714504768454e-02	3.271630662594867123e-01	2.065342975953425031e-01	9.669560083278354312e-02	4.666894033561638788e-02	1.106950009052285466e-01
2.597882604732887103e+03	1.329095472880467699e-01	7.933340297184286738e-02	3.271631647423988154e-01	2.065343325422475396e-01	9.669563559144653264e-02	4.666889194591435780e-02	1.106950249161558486e-01
2.612395915373853313e+03	1.329095775250771216e-01	7.933322881631225953e-02	3.271632619728738756e-01	2.065343676838240772e-01	9.669566980205498985e-02	4.666884533530162027e-02	1.106950488626087942e-01
2.626909226014819069e+03	1.329096076396756865e-01	7.933305467900271524e-02	3.271633579901080391e-01	2.065344030138439035e-01	9.669570348186924680e-02	4.666880044690886742e-02	1.106950727466442103e-01
2.641422536655784825e+03	1.329096376357507270e-01	7.933288056044339454e-02	3.271634528320471191e-01	2.065344385262777582e-01	9.669573664759903431e-02	4.666875722568141621e-02	1.106950965702532264e-01
2.655935847296750580e+03	1.329096675170855502e-01	7.933270646114631841e-02	3.271635465354260641e-01	2.065344742152891433e-01	9.669576931542099574e-02	4.666871561832130338e-02	1.106951203353632729e-01
2.670449157937716336e+03	1.329096972873425320e-01	7.933253238160696552e-02	3.271636391358080931e-01	2.065345100752279672e-01	9.669580150099565952e-02	4.666867557323120530e-02	1.106951440438402046e-01
2.684962468578682547e+03	1.329097269500670031e-01	7.933235832230474405e-02	3.271637306676217216e-01	2.065345461006246885e-01	9.669583321948398147e-02	4.666863704046021050e-02	1.106951676974901877e-01
2.699475779219648302e+03	1.329097565086909682e-01	7.933218428370351905e-02	3.271638211641972882e-01	2.065345822861845981e-01	9.669586448556319325e-02	4.666859997165127144e-02	1.106951912980616848e-01
2.713989089860614058e+03	1.329097859665366865e-01	7.933201026625212593e-02	3.271639106578017042e-01	2.065346186267821571e-01	9.669589531344230382e-02	4.666856431999033550e-02	1.106952148472472031e-01
2.728502400501579814e+03	1.329098153268202520e-01	7.933183627038484231e-02	3.271639991796725377e-01	2.065346551174555845e-01	9.669592571687701810e-02	4.666853004015713430e-02	1.106952383466851819e-01
2.743015711142545115e+03	1.329098445926548966e-01	7.933166229652184598e-02	3.271640867600508207e-01	2.065346917534016391e-01	9.669595570918419758e-02	4.666849708827749271e-02	1.106952617979616860e-01
2.757529021783511780e+03	1.329098737670544039e-01	7.933148834506968672e-02	3.271641734282128011e-01	2.065347285299705959e-01	9.669598530325586305e-02	4.666846542187720603e-02	1.106952852026120426e-01
2.772042332424477081e+03	1.329099028529361626e-01	7.933131441642167492e-02	3.271642592125009186e-01	2.065347654426612500e-01	9.669601451157271155e-02	4.666843499983737431e-02	1.106953085621224936e-01
2.786555643065443292e+03	1.329099318531243024e-01	7.933114051095829788e-02	3.271643441403535024e-01	2.065348024871162536e-01	9.669604334621732800e-02	4.666840578235113834e-02	1.106953318779317907e-01
2.801068953706408593e+03	1.329099607703527475e-01	7.933096662904774721e-02	3.271644282383333047e-01	2.065348396591175084e-01	9.669607181888680014e-02	4.666837773088183122e-02	1.106953551514326534e-01
2.815582264347374803e+03	1.329099896072679088e-01	7.933079277104615468e-02	3.271645115321560326e-01	2.065348769545816698e-01	9.669609994090508365e-02	4.666835080812244130e-02	1.106953783839732947e-01
2.830095574988341014e+03	1.329100183664317092e-01	7.933061893729810576e-02	3.271645940467169389e-01	2.065349143695558720e-01	9.669612772323482597e-02	4.666832497795636581e-02	1.106954015768588095e-01
2.844608885629306769e+03	1.329100470503240816e-01	7.933044512813691718e-02	3.271646758061170779e-01	2.065349519002135092e-01	9.669615517648900982e-02	4.666830020541945512e-02	1.106954247313525763e-01
2.859122196270272525e+03	1.329100756613457446e-01	7.933027134388502544e-02	3.271647568336887302e-01	2.065349895428502947e-01	9.669618231094198602e-02	4.666827645666322272e-02	1.106954478486775612e-01
2.873635506911238281e+03	1.329101042018206447e-01	7.933009758485437546e-02	3.271648371520199938e-01	2.065350272938802911e-01	9.669620913654038141e-02	4.666825369891924175e-02	1.106954709300176642e-01
2.888148817552204036e+03	1.329101326739983990e-01	7.932992385134667035e-02	3.271649167829783211e-01	2.065350651498321366e-01	9.669623566291350725e-02	4.666823190046468645e-02	1.106954939765188717e-01
