0.000000000000000000e+00	1.333782053471266327e-01	7.993462377858789880e-02	3.241391974833008338e-01	2.070289186332618103e-01	9.773512288634920997e-02	4.877636793806232329e-02	1.090075639313324435e-01
1.451331064096584811e+01	1.330397690522572840e-01	8.027067767790632691e-02	3.246728973136289165e-01	2.064117790104691708e-01	9.743181401521699980e-02	4.817423605489599275e-02	1.099988268736464825e-01
2.902662128193169622e+01	1.328599048807574956e-01	8.035956461580509580e-02	3.250816714275635566e-01	2.062821724897072884e-01	9.719657508931536793e-02	4.787993933768477928e-02	1.103401721571876659e-01
4.353993192289755143e+01	1.327810866838233517e-01	8.034269695564826008e-02	3.254078359451128000e-01	2.062618510167462949e-01	9.701666538801578810e-02	4.772427616417170004e-02	1.104655878445030964e-01
5.805324256386339954e+01	1.327507835749481557e-01	8.028260684359529720e-02	3.256754154107735499e-01	2.062641140857578992e-01	9.688030563679080054e-02	4.763173503830464561e-02	1.105150394078510123e-01
7.256655320482924765e+01	1.327412377026144230e-01	8.020675011195751991e-02	3.258991716875558886e-01	2.062699465143447153e-01	9.677796317295142559e-02	4.756857305587870732e-02	1.105363577527187224e-01
8.707986384579510286e+01	1.327399220322867945e-01	8.012701431621087333e-02	3.260889053388623116e-01	2.062756143424985533e-01	9.670213715125614007e-02	4.751967188387695717e-02	1.105467349330297860e-01
1.015931744867609581e+02	1.327416068917529057e-01	8.004840101725077539e-02	3.262515562676669423e-01	2.062806384978278507e-01	9.664695007245671654e-02	4.747822110822587371e-02	1.105526261428403934e-01
1.161064851277267991e+02	1.327442315503866710e-01	7.997288552741584067e-02	3.263922767248292334e-01	2.062851364611310301e-01	9.660779241942868412e-02	4.744111914234704075e-02	1.105565581724829577e-01
1.306197957686926259e+02	1.327470392197560578e-01	7.990112927083919958e-02	3.265150158211246323e-01	2.062892798038215847e-01	9.658104477576087699e-02	4.740692264988559390e-02	1.105595684568336512e-01
1.451331064096584669e+02	1.327497877456274011e-01	7.983323665798285063e-02	3.266228637375055421e-01	2.062932054050320152e-01	9.656386359548196907e-02	4.737493197456336957e-02	1.105621108818285458e-01
1.596464170506243647e+02	1.327524280134076695e-01	7.976908737098516167e-02	3.267182713245149195e-01	2.062970132445981486e-01	9.655401519478923333e-02	4.734478299319028888e-02	1.105644018565363484e-01
1.741597276915902057e+02	1.327549767626107491e-01	7.970848041674304107e-02	3.268032003883565850e-01	2.063007755497019424e-01	9.654974619837501659e-02	4.731626476614166077e-02	1.105665559160928790e-01
1.886730383325560467e+02	1.327574680370600668e-01	7.965119508372572876e-02	3.268792321999824391e-01	2.063045444863007838e-01	9.654968190018217711e-02	4.728923789459531929e-02	1.105686403961754216e-01
2.031863489735219162e+02	1.327599357698156513e-01	7.959701549703443457e-02	3.269476487727010494e-01	2.063083574946580900e-01	9.655274625788384801e-02	4.726359781876407484e-02	1.105706983871648785e-01
2.176996596144877287e+02	1.327624083953307110e-01	7.954573945325764395e-02	3.270094951864481736e-01	2.063122409870631613e-01	9.655809879403473572e-02	4.723925819192479475e-02	1.105727589899628965e-01
2.322129702554535982e+02	1.327649079204824556e-01	7.949718064982917720e-02	3.270656280683129080e-01	2.063162130079727041e-01	9.656508477821504344e-02	4.721614323944481328e-02	1.105748423337651193e-01
2.467262808964194392e+02	1.327674505080569389e-01	7.945116828968613876e-02	3.271167536303308809e-01	2.063202852160028744e-01	9.657319587371918090e-02	4.719418415290424496e-02	1.105769623273219759e-01
2.612395915373852517e+02	1.327700474568933586e-01	7.940754577078401599e-02	3.271634576696304531e-01	2.063244643957431457e-01	9.658203904384266014e-02	4.717331730774259463e-02	1.105791283533861108e-01
2.757529021783511780e+02	1.327727061791599550e-01	7.936616917113717418e-02	3.272062293066475558e-01	2.063287536263574973e-01	9.659131198365038251e-02	4.715348331439946777e-02	1.105813464166703342e-01
2.902662128193169337e+02	1.327754310502566315e-01	7.932690580545569137e-02	3.272454798098463069e-01	2.063331531908024208e-01	9.660078370983291030e-02	4.713462645821226565e-02	1.105836199736161679e-01
3.047795234602828600e+02	1.327782241086577497e-01	7.928963294414520524e-02	3.272815575487943995e-01	2.063376612849855685e-01	9.661027922883744234e-02	4.711669432705093558e-02	1.105859505555511491e-01
3.192928341012487294e+02	1.327810856177133736e-01	7.925423670949444110e-02	3.273147598888926368e-01	2.063422745709245776e-01	9.661966742985952927e-02	4.709963753483475957e-02	1.105883382463031805e-01
3.338061447422145420e+02	1.327840145107492542e-01	7.922061113529266230e-02	3.273453426664612587e-01	2.063469886075955384e-01	9.662885152790767762e-02	4.708340949816230969e-02	1.105907820518538809e-01
3.483194553831804114e+02	1.327870087410157329e-01	7.918865736754962525e-02	3.273735277475158245e-01	2.063517981856474448e-01	9.663776152326276903e-02	4.706796624550628472e-02	1.105932801875250115e-01
3.628327660241463377e+02	1.327900655553713727e-01	7.915828298347561687e-02	3.273995090676870001e-01	2.063566975864925268e-01	9.664634825520401762e-02	4.705326624860242668e-02	1.105958303011898153e-01
3.773460766651120935e+02	1.327931817073611520e-01	7.912940140826750512e-02	3.274234574675040643e-01	2.063616807819123877e-01	9.665457871608933160e-02	4.703927027041645420e-02	1.105984296464720129e-01
3.918593873060780197e+02	1.327963536223563112e-01	7.910193141238702763e-02	3.274455245716420548e-01	2.063667415869041566e-01	9.666243236165580899e-02	4.702594122636682278e-02	1.106010752167107952e-01
4.063726979470438323e+02	1.327995775248819732e-01	7.907579667506316190e-02	3.274658459089110907e-01	2.063718737758083732e-01	9.666989820860641403e-02	4.701324405664356054e-02	1.106037638481084939e-01
4.208860085880095880e+02	1.328028495361780470e-01	7.905092540241347165e-02	3.274845434288016777e-01	2.063770711696454041e-01	9.667697255421897617e-02	4.700114560809415254e-02	1.106064922986714633e-01
4.353993192289755143e+02	1.328061657483689539e-01	7.902724999080358581e-02	3.275017275380023296e-01	2.063823277009158852e-01	9.668365718726283642e-02	4.698961452451902443e-02	1.106092573081506603e-01
4.499126298699413837e+02	1.328095222802829767e-01	7.900470672787761328e-02	3.275174987546725092e-01	2.063876374608019648e-01	9.668995798684269782e-02	4.697862114445786746e-02	1.106120556430877644e-01
4.644259405109071963e+02	1.328129153189047673e-01	7.898323552515587598e-02	3.275319490579671755e-01	2.063929947326620662e-01	9.669588382741417520e-02	4.696813740571397638e-02	1.106148841302054125e-01
4.789392511518730657e+02	1.328163411496055546e-01	7.896277967726922364e-02	3.275451629942545129e-01	2.063983940148882701e-01	9.670144572532356209e-02	4.695813675598560499e-02	1.106177396806967972e-01
4.934525617928388783e+02	1.328197961776315661e-01	7.894328564383586155e-02	3.275572185887581922e-01	2.064038300355425792e-01	9.670665617575906203e-02	4.694859406906745636e-02	1.106206193074288774e-01
5.079658724338048046e+02	1.328232769428062121e-01	7.892470285073552305e-02	3.275681881012927343e-01	2.064092977606741819e-01	9.671152863970813862e-02	4.693948556615940709e-02	1.106235201366474463e-01
5.224791830747705035e+02	1.328267801289865768e-01	7.890698350813298012e-02	3.275781386567925280e-01	2.064147923978127686e-01	9.671607714898511343e-02	4.693078874187956578e-02	1.106264394154341663e-01
5.369924937157364866e+02	1.328303025694863582e-01	7.889008244308028106e-02	3.275871327750262130e-01	2.064203093958105195e-01	9.672031600409321250e-02	4.692248229462755993e-02	1.106293745158996311e-01
5.515058043567023560e+02	1.328338412494179666e-01	7.887395694490917375e-02	3.275952288188880845e-01	2.064258444419529992e-01	9.672425954498523049e-02	4.691454606098442726e-02	1.106323229368858935e-01
5.660191149976681118e+02	1.328373933057022394e-01	7.885856662193095612e-02	3.276024813767012267e-01	2.064313934570576603e-01	9.672792197897783772e-02	4.690696095386902298e-02	1.106352823037849292e-01
5.805324256386339812e+02	1.328409560253314692e-01	7.884387326820709030e-02	3.276089415908257085e-01	2.064369525891210089e-01	9.673131725339001452e-02	4.689970890419947053e-02	1.106382503669491590e-01
5.950457362795999643e+02	1.328445268423448511e-01	7.882984073935173086e-02	3.276146574423817737e-01	2.064425182059508312e-01	9.673445896309756931e-02	4.689277280583174085e-02	1.106412249990655350e-01
6.095590469205657200e+02	1.328481033338735906e-01	7.881643483648718973e-02	3.276196739999222007e-01	2.064480868871213515e-01	9.673736028526805364e-02	4.688613646356838693e-02	1.106442041917833213e-01
6.240723575615315895e+02	1.328516832155344496e-01	7.880362319760292333e-02	3.276240336383257623e-01	2.064536554155125270e-01	9.674003393517949245e-02	4.687978454404788387e-02	1.106471860518211947e-01
6.385856682024975726e+02	1.328552643363870578e-01	7.879137519567372405e-02	3.276277762329401488e-01	2.064592207686326841e-01	9.674249213832170069e-02	4.687370252934056764e-02	1.106501687967283432e-01
6.530989788434633283e+02	1.328588446736216899e-01	7.877966184297977015e-02	3.276309393330184561e-01	2.064647801098774549e-01	9.674474661500230555e-02	4.686787667309023908e-02	1.106531507504343176e-01
6.676122894844290840e+02	1.328624223271049898e-01	7.876845570114056339e-02	3.276335583177072408e-01	2.064703307798387288e-01	9.674680857448902938e-02	4.686229395905304462e-02	1.106561303386907613e-01
6.821256001253949535e+02	1.328659955138806747e-01	7.875773079643470787e-02	3.276356665372227583e-01	2.064758702877494412e-01	9.674868871635834700e-02	4.685694206189492533e-02	1.106591060844836077e-01
6.966389107663608229e+02	1.328695625626986621e-01	7.874746254002483459e-02	3.276372954413553362e-01	2.064813963031263966e-01	9.675039723722514418e-02	4.685180931011922317e-02	1.106620766034749764e-01
7.111522214073266923e+02	1.328731219086271287e-01	7.873762765274833209e-02	3.276384746970447126e-01	2.064869066476556769e-01	9.675194384142650483e-02	4.684688465100389498e-02	1.106650405995183994e-01
7.256655320482924481e+02	1.328766720877873619e-01	7.872820409416830811e-02	3.276392322964558623e-01	2.064923992873507474e-01	9.675333775454669771e-02	4.684215761743595885e-02	1.106679968602797687e-01
7.401788426892584312e+02	1.328802117322396836e-01	7.871917099560850339e-02	3.276395946567305928e-01	2.064978723250037174e-01	9.675458773891817965e-02	4.683761829653748654e-02	1.106709442529866527e-01
7.546921533302243006e+02	1.328837395650405706e-01	7.871050859692059476e-02	3.276395867123882422e-01	2.065033239929406905e-01	9.675570211042884561e-02	4.683325729998424197e-02	1.106738817203217068e-01
7.692054639711900563e+02	1.328872543954833507e-01	7.870219818675390500e-02	3.276392320011877191e-01	2.065087526460870349e-01	9.675668875611898034e-02	4.682906573592371391e-02	1.106768082764701955e-01
7.837187746121558121e+02	1.328907551145301902e-01	7.869422204611566107e-02	3.276385527441311729e-01	2.065141567553424595e-01	9.675755515217268621e-02	4.682503518240501567e-02	1.106797230033277485e-01
7.982320852531219089e+02	1.328942406904385920e-01	7.868656339502705377e-02	3.276375699201845015e-01	2.065195349012633741e-01	9.675830838200308315e-02	4.682115766223800268e-02	1.106826250468704032e-01
8.127453958940876646e+02	1.328977101645835435e-01	7.867920634209393804e-02	3.276363033362047483e-01	2.065248857680460348e-01	9.675895515420522563e-02	4.681742561920394785e-02	1.106855136136876416e-01
8.272587065350534203e+02	1.329011626474723984e-01	7.867213583682421130e-02	3.276347716924954967e-01	2.065302081378034837e-01	9.675950182020896795e-02	4.681383189554429863e-02	1.106883879676762855e-01
8.417720171760191761e+02	1.329045973149498017e-01	7.866533762453553624e-02	3.276329926443534157e-01	2.065355008851265661e-01	9.675995439150940347e-02	4.681036971065827279e-02	1.106912474268922503e-01
8.562853278169851592e+02	1.329080134045874662e-01	7.865879820370687281e-02	3.276309828599233143e-01	2.065407629719197002e-01	9.676031855638794754e-02	4.680703264094393523e-02	1.106940913605560239e-01
8.707986384579510286e+02	1.329114102122532226e-01	7.865250478563728942e-02	3.276287580746414796e-01	2.065459934425001864e-01	9.676059969606484734e-02	4.680381460072103456e-02	1.106969191862072488e-01
8.853119490989170117e+02	1.329147870888530147e-01	7.864644525628351757e-02	3.276263331425131042e-01	2.065511914189507303e-01	9.676080290024496877e-02	4.680070982417712522e-02	1.106997303670028548e-01
8.998252597398827675e+02	1.329181434372393444e-01	7.864060814015594314e-02	3.276237220844454567e-01	2.065563560967139667e-01	9.676093298203516935e-02	4.679771284828199845e-02	1.107025244091534855e-01
9.143385703808486369e+02	1.329214787092792838e-01	7.863498256615986115e-02	3.276209381338339721e-01	2.065614867404179100e-01	9.676099449222390347e-02	4.679481849661817905e-02	1.107053008594922616e-01
9.288518810218145063e+02	1.329247924030751149e-01	7.862955823527531529e-02	3.276179937795808961e-01	2.065665826799220894e-01	9.676099173292349032e-02	4.679202186407822178e-02	1.107080593031703614e-01
9.433651916627801484e+02	1.329280840603306868e-01	7.862432538997515818e-02	3.276149008067086310e-01	2.065716433065731827e-01	9.676092877058219133e-02	4.678931830238226841e-02	1.107107993614734331e-01
9.578785023037459041e+02	1.329313532638569106e-01	7.861927478528692170e-02	3.276116703347176640e-01	2.065766680696602964e-01	9.676080944837869846e-02	4.678670340637164360e-02	1.107135206897534724e-01
9.723918129447120009e+02	1.329345996352095105e-01	7.861439766140899954e-02	3.276083128538246347e-01	2.065816564730599270e-01	9.676063739801524233e-02	4.678417300103704379e-02	1.107162229754703325e-01
9.869051235856777566e+02	1.329378228324527011e-01	7.860968571779715364e-02	3.276048382592072206e-01	2.065866080720610565e-01	9.676041605092826348e-02	4.678172312924157999e-02	1.107189059363377914e-01
1.001418434226643626e+03	1.329410225480425756e-01	7.860513108864169984e-02	3.276012558833726884e-01	2.065915224703609443e-01	9.676014864893756062e-02	4.677935004010163461e-02	1.107215693185688021e-01
1.015931744867609382e+03	1.329441985068239018e-01	7.860072631966029399e-02	3.275975745267583061e-01	2.065963993172232338e-01	9.675983825435527375e-02	4.677705017799006770e-02	1.107242128952149185e-01
1.030445055508575479e+03	1.329473504641350834e-01	7.859646434613538901e-02	3.275938024866645870e-01	2.066012383047898804e-01	9.675948775957741999e-02	4.677482017212845899e-02	1.107268364645952324e-01
1.044958366149541234e+03	1.329504782040152322e-01	7.859233847212931945e-02	3.275899475846157372e-01	2.066060391655385464e-01	9.675909989618036722e-02	4.677265682673677205e-02	1.107294398488101184e-01
1.059471676790506763e+03	1.329535815375081365e-01	7.858834235081352260e-02	3.275860171922356789e-01	2.066108016698782468e-01	9.675867724354469956e-02	4.677055711171051317e-02	1.107320228923353994e-01
1.073984987431472746e+03	1.329566603010584602e-01	7.858446996585213840e-02	3.275820182557215299e-01	2.066155256238757509e-01	9.675822223702852665e-02	4.676851815379713673e-02	1.107345854606927027e-01
1.088498298072438729e+03	1.329597143549949290e-01	7.858071561378300596e-02	3.275779573189936955e-01	2.066202108671058857e-01	9.675773717571177490e-02	4.676653722824491294e-02	1.107371274391921318e-01
1.103011608713404712e+03	1.329627435820958936e-01	7.857707388734282150e-02	3.275738405455936864e-01	2.066248572706191611e-01	9.675722422973249970e-02	4.676461175089892397e-02	1.107396487317434119e-01
1.117524919354370468e+03	1.329657478862333875e-01	7.857353965968551235e-02	3.275696737393997138e-01	2.066294647350205849e-01	9.675668544723545206e-02	4.676273927072018693e-02	1.107421492597316093e-01
1.132038229995336451e+03	1.329687271910910684e-01	7.857010806944587922e-02	3.275654623642239027e-01	2.066340331886534765e-01	9.675612276095237052e-02	4.676091746270530369e-02	1.107446289609546053e-01
1.146551540636302207e+03	1.329716814389521329e-01	7.856677450660326523e-02	3.275612115623522391e-01	2.066385625858828679e-01	9.675553799443274705e-02	4.675914412118505059e-02	1.107470877886183730e-01
1.161064851277267962e+03	1.329746105895538710e-01	7.856353459910220272e-02	3.275569261720850389e-01	2.066430529054734122e-01	9.675493286794308034e-02	4.675741715348173677e-02	1.107495257103873754e-01
1.175578161918233945e+03	1.329775146190047830e-01	7.856038420018947310e-02	3.275526107443318402e-01	2.066475041490560549e-01	9.675430900405161683e-02	4.675573457390592991e-02	1.107519427074871443e-01
1.190091472559199701e+03	1.329803935187613972e-01	7.855731937642908280e-02	3.275482695583114001e-01	2.066519163396794423e-01	9.675366793291508005e-02	4.675409449807453599e-02	1.107543387738560148e-01
1.204604783200165684e+03	1.329832472946611555e-01	7.855433639635897580e-02	3.275439066364064233e-01	2.066562895204410444e-01	9.675301109728298710e-02	4.675249513753285818e-02	1.107567139153435437e-01
1.219118093841131440e+03	1.329860759660086433e-01	7.855143171975491334e-02	3.275395257582175979e-01	2.066606237531940504e-01	9.675233985723412367e-02	4.675093479466449486e-02	1.107590681489532131e-01
1.233631404482097196e+03	1.329888795647123645e-01	7.854860198746889399e-02	3.275351304738604030e-01	2.066649191173255407e-01	9.675165549465970793e-02	4.674941185787347131e-02	1.107614015021267384e-01
1.248144715123063179e+03	1.329916581344690318e-01	7.854584401181161080e-02	3.275307241165456573e-01	2.066691757086024650e-01	9.675095921750621886e-02	4.674792479702417902e-02	1.107637140120680402e-01
1.262658025764028707e+03	1.329944117299929895e-01	7.854315476744944124e-02	3.275263098144823304e-01	2.066733936380817649e-01	9.675025216379094795e-02	4.674647215912524495e-02	1.107660057251045743e-01
1.277171336404994690e+03	1.329971404162885174e-01	7.854053138278861701e-02	3.275218905021389237e-01	2.066775730310808079e-01	9.674953540540212615e-02	4.674505256424420913e-02	1.107682766960841336e-01
1.291684647045960673e+03	1.329998442679623250e-01	7.853797113182034439e-02	3.275174689308982257e-01	2.066817140262054986e-01	9.674880995169524156e-02	4.674366470164072196e-02	1.107705269878050403e-01
1.306197957686926657e+03	1.330025233685744879e-01	7.853547142640225631e-02	3.275130476791375256e-01	2.066858167744323183e-01	9.674807675289620601e-02	4.674230732610652056e-02	1.107727566704781175e-01
1.320711268327892412e+03	1.330051778100253823e-01	7.853302980895270069e-02	3.275086291617662071e-01	2.066898814382416849e-01	9.674733670332186231e-02	4.674097925450107494e-02	1.107749658212186378e-01
1.335224578968857941e+03	1.330078076919769259e-01	7.853064394553586902e-02	3.275042156392480863e-01	2.066939081908001352e-01	9.674659064442753253e-02	4.673967936247250266e-02	1.107771545235665400e-01
1.349737889609823924e+03	1.330104131213061536e-01	7.852831161931672632e-02	3.274998092261385274e-01	2.066978972151881089e-01	9.674583936769073911e-02	4.673840658135371140e-02	1.107793228670336666e-01
1.364251200250789907e+03	1.330129942115894914e-01	7.852603072436586951e-02	3.274954118991603713e-01	2.067018487036713648e-01	9.674508361733992479e-02	4.673715989522444353e-02	1.107814709466762026e-01
1.378764510891755890e+03	1.330155510826158682e-01	7.852379925979582898e-02	3.274910255048444907e-01	2.067057628570132533e-01	9.674432409293662327e-02	4.673593833813039639e-02	1.107835988626912349e-01
1.393277821532721646e+03	1.330180838599273607e-01	7.852161532421067514e-02	3.274866517667581189e-01	2.067096398838261240e-01	9.674356145181858824e-02	4.673474099145085575e-02	1.107857067200360146e-01
1.407791132173687402e+03	1.330205926743857348e-01	7.851947711045251244e-02	3.274822922923429913e-01	2.067134799999593153e-01	9.674279631141161073e-02	4.673356698140704313e-02	1.107877946280686476e-01
1.422304442814653157e+03	1.330230776617633837e-01	7.851738290062863779e-02	3.274779485793844480e-01	2.067172834279219218e-01	9.674202925141689446e-02	4.673241547670346080e-02	1.107898627002092129e-01
1.436817753455619140e+03	1.330255389623576368e-01	7.851533106140450025e-02	3.274736220221312055e-01	2.067210503963385348e-01	9.674126081588080295e-02	4.673128568629532353e-02	1.107919110536200180e-01
1.451331064096585123e+03	1.330279767206269670e-01	7.851332003954830663e-02	3.274693139170845035e-01	2.067247811394360146e-01	9.674049151515307088e-02	4.673017685727514497e-02	1.107939398089041183e-01
1.465844374737550879e+03	1.330303910848477655e-01	7.851134835771346465e-02	3.274650254684744466e-01	2.067284758965597102e-01	9.673972182773969697e-02	4.672908827287219208e-02	1.107959490898209193e-01
1.480357685378516862e+03	1.330327822067910448e-01	7.850941461044651237e-02	3.274607577934404157e-01	2.067321349117174356e-01	9.673895220205604162e-02	4.672801925055867361e-02	1.107979390230181826e-01
1.494870996019482618e+03	1.330351502414174047e-01	7.850751746040819656e-02	3.274565119269311486e-01	2.067357584331498133e-01	9.673818305808533358e-02	4.672696914025709775e-02	1.107999097377793951e-01
1.509384306660448374e+03	1.330374953465897625e-01	7.850565563479630637e-02	3.274522888263401987e-01	2.067393467129254869e-01	9.673741478894802570e-02	4.672593732264321981e-02	1.108018613657855145e-01
1.523897617301414357e+03	1.330398176828025691e-01	7.850382792195959025e-02	3.274480893758897615e-01	2.067429000065599820e-01	9.673664776238644070e-02	4.672492320753952877e-02	1.108037940408906769e-01
1.538410927942380113e+03	1.330421174129268191e-01	7.850203316819240329e-02	3.274439143907782457e-01	2.067464185726564097e-01	9.673588232216935590e-02	4.672392623239443599e-02	1.108057078989108934e-01
1.552924238583346096e+03	1.330443947019697704e-01	7.850027027470043994e-02	3.274397646211021362e-01	2.067499026725677924e-01	9.673511878942095410e-02	4.672294586084257267e-02	1.108076030774249460e-01
1.567437549224311852e+03	1.330466497168487916e-01	7.849853819472833727e-02	3.274356407555659709e-01	2.067533525700787633e-01	9.673435746387804013e-02	4.672198158134181767e-02	1.108094797155869671e-01
1.581950859865277607e+03	1.330488826261783941e-01	7.849683593084061384e-02	3.274315434249909229e-01	2.067567685311064163e-01	9.673359862507936724e-02	4.672103290588299623e-02	1.108113379539500398e-01
1.596464170506243590e+03	1.330510936000700584e-01	7.849516253234758989e-02	3.274274732056332571e-01	2.067601508234186702e-01	9.673284253349075101e-02	4.672009936876828085e-02	1.108131779343002749e-01
1.610977481147209119e+03	1.330532828099435516e-01	7.849351709286848944e-02	3.274234306223223201e-01	2.067634997163696475e-01	9.673208943156966222e-02	4.671918052545476902e-02	1.108149997995004493e-01
1.625490791788175102e+03	1.330554504283497641e-01	7.849189874802474376e-02	3.274194161514286661e-01	2.067668154806509284e-01	9.673133954477200480e-02	4.671827595145949807e-02	1.108168036933433187e-01
1.640004102429141085e+03	1.330575966288040646e-01	7.849030667325586352e-02	3.274154302236704783e-01	2.067700983880575716e-01	9.673059308250468724e-02	4.671738524132292014e-02	1.108185897604134218e-01
1.654517413070107068e+03	1.330597215856295090e-01	7.848874008175203698e-02	3.274114732267673911e-01	2.067733487112687341e-01	9.672985023902672119e-02	4.671650800762741640e-02	1.108203581459572817e-01
1.669030723711072824e+03	1.330618254738097916e-01	7.848719822249665412e-02	3.274075455079501484e-01	2.067765667236414195e-01	9.672911119430148419e-02	4.671564388006808205e-02	1.108221089957616007e-01
1.683544034352038352e+03	1.330639084688510776e-01	7.848568037841320566e-02	3.274036473763335398e-01	2.067797526990168833e-01	9.672837611480297748e-02	4.671479250457293703e-02	1.108238424560386293e-01
1.698057344993004335e+03	1.330659707466520514e-01	7.848418586461076984e-02	3.273997791051600492e-01	2.067829069115393326e-01	9.672764515427838272e-02	4.671395354246989789e-02	1.108255586733187803e-01
1.712570655633970318e+03	1.330680124833823752e-01	7.848271402672293839e-02	3.273959409339212145e-01	2.067860296354856464e-01	9.672691845446941550e-02	4.671312666969806154e-02	1.108272577943496817e-01
1.727083966274936301e+03	1.330700338553684192e-01	7.848126423933503293e-02	3.273921330703630783e-01	2.067891211451058364e-01	9.672619614579455738e-02	4.671231157606084428e-02	1.108289399660016827e-01
1.741597276915902057e+03	1.330720350389862361e-01	7.847983590449518487e-02	3.273883556923821159e-01	2.067921817144738328e-01	9.672547834799430366e-02	4.671150796451875586e-02	1.108306053351791193e-01
1.756110587556867813e+03	1.330740162105611968e-01	7.847842845030429670e-02	3.273846089498179124e-01	2.067952116173476240e-01	9.672476517074146685e-02	4.671071555051983099e-02	1.108322540487373248e-01
1.770623898197833569e+03	1.330759775462742045e-01	7.847704132958117917e-02	3.273808929661472522e-01	2.067982111270384449e-01	9.672405671421831219e-02	4.670993406136547677e-02	1.108338862534047758e-01
1.785137208838799552e+03	1.330779192220737372e-01	7.847567401859857628e-02	3.273772078400858931e-01	2.068011805162886241e-01	9.672335306966253765e-02	4.670916323561000172e-02	1.108355020957103310e-01
1.799650519479765535e+03	1.330798414135936636e-01	7.847432601588619216e-02	3.273735536471021335e-01	2.068041200571572868e-01	9.672265431988334716e-02	4.670840282249197339e-02	1.108371017219151877e-01
1.814163830120731291e+03	1.330817442960764430e-01	7.847299684109738938e-02	3.273699304408475008e-01	2.068070300209139123e-01	9.672196053974971286e-02	4.670765258139567000e-02	1.108386852779492948e-01
1.828677140761696819e+03	1.330836280443013775e-01	7.847168603393599173e-02	3.273663382545089484e-01	2.068099106779387464e-01	9.672127179665193641e-02	4.670691228134111334e-02	1.108402529093518718e-01
1.843190451402663257e+03	1.330854928325177211e-01	7.847039315314000008e-02	3.273627771020866106e-01	2.068127622976304036e-01	9.672058815093823037e-02	4.670618170050101076e-02	1.108418047612160923e-01
1.857703762043628785e+03	1.330873388343822017e-01	7.846911777551922318e-02	3.273592469796011151e-01	2.068155851483195473e-01	9.671990965632736026e-02	4.670546062574332941e-02	1.108433409781373474e-01
1.872217072684594768e+03	1.330891662229009842e-01	7.846785949504379853e-02	3.273557478662346143e-01	2.068183794971886480e-01	9.671923636029898519e-02	4.670474885219797617e-02	1.108448617041652012e-01
1.886730383325560297e+03	1.330909751703754917e-01	7.846661792198107721e-02	3.273522797254084238e-01	2.068211456101977375e-01	9.671856830446257103e-02	4.670404618284645926e-02	1.108463670827585096e-01
1.901243693966526507e+03	1.330927658483522236e-01	7.846539268207824991e-02	3.273488425058013740e-01	2.068238837520152140e-01	9.671790552490626414e-02	4.670335242813308113e-02	1.108478572567439258e-01
1.915757004607492036e+03	1.330945384275760701e-01	7.846418341578804967e-02	3.273454361423117076e-01	2.068265941859538382e-01	9.671724805252671087e-02	4.670266740559678859e-02	1.108493323682772091e-01
1.930270315248458019e+03	1.330962930779469588e-01	7.846298977753550508e-02	3.273420605569657416e-01	2.068292771739116687e-01	9.671659591334075268e-02	4.670199093952234065e-02	1.108507925588074483e-01
1.944783625889424002e+03	1.330980299684798585e-01	7.846181143502339861e-02	3.273387156597759029e-01	2.068319329763173564e-01	9.671594912878017647e-02	4.670132286060985766e-02	1.108522379690438792e-01
1.959296936530389530e+03	1.330997492672677252e-01	7.846064806857444562e-02	3.273354013495512471e-01	2.068345618520797125e-01	9.671530771597028342e-02	4.670066300566179385e-02	1.108536687389252706e-01
1.973810247171355968e+03	1.331014511414472801e-01	7.845949937050808454e-02	3.273321175146625683e-01	2.068371640585414950e-01	9.671467168799316450e-02	4.670001121728636906e-02	1.108550850075916139e-01
1.988323557812321269e+03	1.331031357571675344e-01	7.845836504455021287e-02	3.273288640337649880e-01	2.068397398514366659e-01	9.671404105413659857e-02	4.669936734361657821e-02	1.108564869133580877e-01
2.002836868453287707e+03	1.331048032795608682e-01	7.845724480527398181e-02	3.273256407764801867e-01	2.068422894848515048e-01	9.671341582012916993e-02	4.669873123804391818e-02	1.108578745936911192e-01
2.017350179094252780e+03	1.331064538727163571e-01	7.845613837757009490e-02	3.273224476040401121e-01	2.068448132111890825e-01	9.671279598836254876e-02	4.669810275896615903e-02	1.108592481851864431e-01
2.031863489735218764e+03	1.331080876996556250e-01	7.845504549614482070e-02	3.273192843698949916e-01	2.068473112811368142e-01	9.671218155810153150e-02	4.669748176954825747e-02	1.108606078235489095e-01
2.046376800376184747e+03	1.331097049223105011e-01	7.845396590504460921e-02	3.273161509202864861e-01	2.068497839436369279e-01	9.671157252568240992e-02	4.669686813749582277e-02	1.108619536435743042e-01
2.060890111017150957e+03	1.331113057015029244e-01	7.845289935720542451e-02	3.273130470947893111e-01	2.068522314458599576e-01	9.671096888470051556e-02	4.669626173484042048e-02	1.108632857791325838e-01
2.075403421658116713e+03	1.331128901969266254e-01	7.845184561402597512e-02	3.273099727268216075e-01	2.068546540331809569e-01	9.671037062618725866e-02	4.669566243773610320e-02	1.108646043631527495e-01
2.089916732299082469e+03	1.331144585671307223e-01	7.845080444496303762e-02	3.273069276441264996e-01	2.068570519491576554e-01	9.670977773877753592e-02	4.669507012626652326e-02	1.108659095276093853e-01
2.104430042940048224e+03	1.331160109695047333e-01	7.844977562714827712e-02	3.273039116692266215e-01	2.068594254355118622e-01	9.670919020886767359e-02	4.669448468426213444e-02	1.108672014035101683e-01
2.118943353581013525e+03	1.331175475602653924e-01	7.844875894502481573e-02	3.273009246198523292e-01	2.068617747321123135e-01	9.670860802076469698e-02	4.669390599912686540e-02	1.108684801208851822e-01
2.133456664221980191e+03	1.331190684944449643e-01	7.844775419000299399e-02	3.272979663093454894e-01	2.068641000769599891e-01	9.670803115682741202e-02	4.669333396167387601e-02	1.108697458087770371e-01
2.147969974862945492e+03	1.331205739258806697e-01	7.844676116013397926e-02	3.272950365470403411e-01	2.068664017061753457e-01	9.670745959759932675e-02	4.669276846596971675e-02	1.108709985952324312e-01
2.162483285503912157e+03	1.331220640072058869e-01	7.844577965980042977e-02	3.272921351386224864e-01	2.068686798539873251e-01	9.670689332193443954e-02	4.669220940918671070e-02	1.108722386072946570e-01
2.176996596144877003e+03	1.331235388898420746e-01	7.844480949942331249e-02	3.272892618864665648e-01	2.068709347527241671e-01	9.670633230711586648e-02	4.669165669146285030e-02	1.108734659709972037e-01
2.191509906785843214e+03	1.331249987239923049e-01	7.844385049518386166e-02	3.272864165899551092e-01	2.068731666328057495e-01	9.670577652896779342e-02	4.669111021576898002e-02	1.108746808113582616e-01
2.206023217426809424e+03	1.331264436586356847e-01	7.844290246876003958e-02	3.272835990457784727e-01	2.068753757227376200e-01	9.670522596196129417e-02	4.669056988778286926e-02	1.108758832523761839e-01
2.220536528067775180e+03	1.331278738415226648e-01	7.844196524707668094e-02	3.272808090482172139e-01	2.068775622491063060e-01	9.670468057931393135e-02	4.669003561576971773e-02	1.108770734170257677e-01
2.235049838708740936e+03	1.331292894191716536e-01	7.844103866206841857e-02	3.272780463894080505e-01	2.068797264365761501e-01	9.670414035308402823e-02	4.668950731046879465e-02	1.108782514272552977e-01
2.249563149349706237e+03	1.331306905368662141e-01	7.844012255045509918e-02	3.272753108595942151e-01	2.068818685078871455e-01	9.670360525425936160e-02	4.668898488498594845e-02	1.108794174039845204e-01
2.264076459990672902e+03	1.331320773386532874e-01	7.843921675352862055e-02	3.272726022473607110e-01	2.068839886838542697e-01	9.670307525284105310e-02	4.668846825469155637e-02	1.108805714671030340e-01
2.278589770631638203e+03	1.331334499673422767e-01	7.843832111695082931e-02	3.272699203398559686e-01	2.068860871833677062e-01	9.670255031792247824e-02	4.668795733712377549e-02	1.108817137354696086e-01
2.293103081272604413e+03	1.331348085645045476e-01	7.843743549056166053e-02	3.272672649229999564e-01	2.068881642233941498e-01	9.670203041776384567e-02	4.668745205189663711e-02	1.108828443269119085e-01
2.307616391913570169e+03	1.331361532704740669e-01	7.843655972819738031e-02	3.272646357816798579e-01	2.068902200189792207e-01	9.670151551986239102e-02	4.668695232061285949e-02	1.108839633582269640e-01
2.322129702554535925e+03	1.331374842243483181e-01	7.843569368751794613e-02	3.272620326999340912e-01	2.068922547832506287e-01	9.670100559101862947e-02	4.668645806678108079e-02	1.108850709451821015e-01
2.336643013195502135e+03	1.331388015639901057e-01	7.843483722984324891e-02	3.272594554611248929e-01	2.068942687274222259e-01	9.670050059739876414e-02	4.668596921573729686e-02	1.108861672025163725e-01
2.351156323836467891e+03	1.331401054260298034e-01	7.843399021999769571e-02	3.272569038481003556e-01	2.068962620607988634e-01	9.670000050459348628e-02	4.668548569457026121e-02	1.108872522439424552e-01
2.365669634477433647e+03	1.331413959458680740e-01	7.843315252616277211e-02	3.272543776433469165e-01	2.068982349907821372e-01	9.669950527767337545e-02	4.668500743205063197e-02	1.108883261821490968e-01
2.380182945118399402e+03	1.331426732576792005e-01	7.843232401973695977e-02	3.272518766291317438e-01	2.069001877228765218e-01	9.669901488124105216e-02	4.668453435856367850e-02	1.108893891288038475e-01
2.394696255759364703e+03	1.331439374944149434e-01	7.843150457520292607e-02	3.272494005876367407e-01	2.069021204606964481e-01	9.669852927948034693e-02	4.668406640604539498e-02	1.108904411945562385e-01
2.409209566400331823e+03	1.331451887878086215e-01	7.843069407000125004e-02	3.272469493010838337e-01	2.069040334059737973e-01	9.669804843620254109e-02	4.668360350792175734e-02	1.108914824890412654e-01
2.423722877041296670e+03	1.331464272683798022e-01	7.842989238441064326e-02	3.272445225518523793e-01	2.069059267585660333e-01	9.669757231488990135e-02	4.668314559905104022e-02	1.108925131208833570e-01
2.438236187682262880e+03	1.331476530654391588e-01	7.842909940143416581e-02	3.272421201225890197e-01	2.069078007164648347e-01	9.669710087873659154e-02	4.668269261566899281e-02	1.108935331977004418e-01
2.452749498323228636e+03	1.331488663070939937e-01	7.842831500669109057e-02	3.272397417963106570e-01	2.069096554758051709e-01	9.669663409068721127e-02	4.668224449533669995e-02	1.108945428261084720e-01
2.467262808964194392e+03	1.331500671202537345e-01	7.842753908831423537e-02	3.272373873565002089e-01	2.069114912308749055e-01	9.669617191347301688e-02	4.668180117689108011e-02	1.108955421117261420e-01
2.481776119605160602e+03	1.331512556306359563e-01	7.842677153685238822e-02	3.272350565871966488e-01	2.069133081741247604e-01	9.669571430964593595e-02	4.668136260039772861e-02	1.108965311591798841e-01
2.496289430246126358e+03	1.331524319627726272e-01	7.842601224517760372e-02	3.272327492730787157e-01	2.069151064961786135e-01	9.669526124161061109e-02	4.668092870710615488e-02	1.108975100721090595e-01
2.510802740887092114e+03	1.331535962400166029e-01	7.842526110839707909e-02	3.272304651995425750e-01	2.069168863858443230e-01	9.669481267165436211e-02	4.668049943940711516e-02	1.108984789531714116e-01
2.525316051528057415e+03	1.331547485845482881e-01	7.842451802376931846e-02	3.272282041527751484e-01	2.069186480301245523e-01	9.669436856197542729e-02	4.668007474079211711e-02	1.108994379040486727e-01
2.539829362169024080e+03	1.331558891173826864e-01	7.842378289062457153e-02	3.272259659198214488e-01	2.069203916142282884e-01	9.669392887470941444e-02	4.667965455581481876e-02	1.109003870254523794e-01
2.554342672809989381e+03	1.331570179583765889e-01	7.842305561028896366e-02	3.272237502886475857e-01	2.069221173215823051e-01	9.669349357195411443e-02	4.667923883005428015e-02	1.109013264171298668e-01
2.568855983450955591e+03	1.331581352262357909e-01	7.842233608601252570e-02	3.272215570481993296e-01	2.069238253338430422e-01	9.669306261579277417e-02	4.667882751008001208e-02	1.109022561778703203e-01
2.583369294091921347e+03	1.331592410385225578e-01	7.842162422290065160e-02	3.272193859884561795e-01	2.069255158309087073e-01	9.669263596831594032e-02	4.667842054341868330e-02	1.109031764055111446e-01
2.597882604732887103e+03	1.331603355116635634e-01	7.842091992784877563e-02	3.272172369004816006e-01	2.069271889909314321e-01	9.669221359164180407e-02	4.667801787852240980e-02	1.109040871969442926e-01
2.612395915373853313e+03	1.331614187609573841e-01	7.842022310948036645e-02	3.272151095764696538e-01	2.069288449903298743e-01	9.669179544793538028e-02	4.667761946473851509e-02	1.109049886481227737e-01
2.626909226014819069e+03	1.331624909005825752e-01	7.841953367808780773e-02	3.272130038097875171e-01	2.069304840038017346e-01	9.669138149942632654e-02	4.667722525228074765e-02	1.109058808540672597e-01
2.641422536655784825e+03	1.331635520436057762e-01	7.841885154557608206e-02	3.272109193950152317e-01	2.069321062043364967e-01	9.669097170842572142e-02	4.667683519220183763e-02	1.109067639088728713e-01
2.655935847296750580e+03	1.331646023019897318e-01	7.841817662540917500e-02	3.272088561279818952e-01	2.069337117632284728e-01	9.669056603734159372e-02	4.667644923636731641e-02	1.109076379057158807e-01
2.670449157937716336e+03	1.331656417866015629e-01	7.841750883255906024e-02	3.272068138057991349e-01	2.069353008500896818e-01	9.669016444869353577e-02	4.667606733743055042e-02	1.109085029368606090e-01
2.684962468578682547e+03	1.331666706072211492e-01	7.841684808345693314e-02	3.272047922268914721e-01	2.069368736328629776e-01	9.668976690512626204e-02	4.667568944880892690e-02	1.109093590936663931e-01
2.699475779219648302e+03	1.331676888725494834e-01	7.841619429594691437e-02	3.272027911910245779e-01	2.069384302778353446e-01	9.668937336942225180e-02	4.667531552466112899e-02	1.109102064665945242e-01
2.713989089860614058e+03	1.331686966902170532e-01	7.841554738924173817e-02	3.272008104993300304e-01	2.069399709496511086e-01	9.668898380451354524e-02	4.667494551986544477e-02	1.109110451452153673e-01
2.728502400501579814e+03	1.331696941667925294e-01	7.841490728388066100e-02	3.271988499543287965e-01	2.069414958113252601e-01	9.668859817349270691e-02	4.667457938999901301e-02	1.109118752182153556e-01
2.743015711142545115e+03	1.331706814077911472e-01	7.841427390168916045e-02	3.271969093599519374e-01	2.069430050242569707e-01	9.668821643962288714e-02	4.667421709131806817e-02	1.109126967734042346e-01
2.757529021783511780e+03	1.331716585176834222e-01	7.841364716574053539e-02	3.271949885215590936e-01	2.069444987482428888e-01	9.668783856634736995e-02	4.667385858073902494e-02	1.109135098977221540e-01
2.772042332424477081e+03	1.331726255999036712e-01	7.841302700031929640e-02	3.271930872459553608e-01	2.069459771414907112e-01	9.668746451729826052e-02	4.667350381582036772e-02	1.109143146772468419e-01
2.786555643065443292e+03	1.331735827568586994e-01	7.841241333088606880e-02	3.271912053414063326e-01	2.069474403606326729e-01	9.668709425630452048e-02	4.667315275474540059e-02	1.109151111972008497e-01
2.801068953706408593e+03	1.331745300899365714e-01	7.841180608404429986e-02	3.271893426176509245e-01	2.069488885607389250e-01	9.668672774739944797e-02	4.667280535630566329e-02	1.109158995419587401e-01
2.815582264347374803e+03	1.331754676995151321e-01	7.841120518750815949e-02	3.271874988859129751e-01	2.069503218953313017e-01	9.668636495482760274e-02	4.667246157988517996e-02	1.109166797950543598e-01
2.830095574988341014e+03	1.331763956849708053e-01	7.841061057007214785e-02	3.271856739589110163e-01	2.069517405163964763e-01	9.668600584305103718e-02	4.667212138544523520e-02	1.109174520391880553e-01
2.844608885629306769e+03	1.331773141446871978e-01	7.841002216158178550e-02	3.271838676508670996e-01	2.069531445743998388e-01	9.668565037675509732e-02	4.667178473350988566e-02	1.109182163562338896e-01
2.859122196270272525e+03	1.331782231760638979e-01	7.840943989290581617e-02	3.271820797775136791e-01	2.069545342182986802e-01	9.668529852085382126e-02	4.667145158515211001e-02	1.109189728272468867e-01
2.873635506911238281e+03	1.331791228755250245e-01	7.840886369590929772e-02	3.271803101560994964e-01	2.069559095955557926e-01	9.668495024049465758e-02	4.667112190198043770e-02	1.109197215324702612e-01
2.888148817552204036e+03	1.331800133385279417e-01	7.840829350342820581e-02	3.271785586053941319e-01	2.069572708521529025e-01	9.668460550106300344e-02	4.667079564612616055e-02	1.109204625513426495e-01
