0.000000000000000000e+00	1.337910024537488918e-01	7.962625720402302654e-02	3.272100551087968601e-01	2.069240144185048036e-01	9.506466211961728252e-02	4.692654733996223793e-02	1.104574613533015198e-01
1.451331064096584811e+01	1.335728349887135014e-01	7.960697730247269510e-02	3.274525486925144446e-01	2.067705993966810762e-01	9.522651270636721399e-02	4.670333292587137974e-02	1.106671939853344083e-01
2.902662128193169622e+01	1.333950959935337188e-01	7.958824158859388598e-02	3.274700114791455619e-01	2.067366207360823160e-01	9.536216503115522991e-02	4.670460535283890019e-02	1.107432598166050580e-01
4.353993192289755143e+01	1.332534276765105774e-01	7.956987678955299015e-02	3.274860800743855105e-01	2.067327948663333359e-01	9.547627064661730334e-02	4.670690108399067064e-02	1.107746488605642482e-01
5.805324256386339954e+01	1.331416289832195454e-01	7.955187480343751949e-02	3.275018262216465859e-01	2.067336709052250143e-01	9.557273104898379723e-02	4.670915645255633436e-02	1.107891115828858603e-01
7.256655320482924765e+01	1.330539331508706624e-01	7.953422845890220638e-02	3.275172612562775032e-01	2.067326764032247355e-01	9.565473509812928710e-02	4.671136728546138733e-02	1.107957983450888473e-01
8.707986384579510286e+01	1.329854928674942260e-01	7.951693072992521705e-02	3.275323913441633983e-01	2.067286796321914921e-01	9.572486711264362180e-02	4.671353443892784646e-02	1.107981038726087997e-01
1.015931744867609581e+02	1.329323672181235427e-01	7.949997472929637432e-02	3.275472225077556976e-01	2.067220017531309351e-01	9.578521680401497207e-02	4.671565877571814268e-02	1.107975582099149092e-01
1.161064851277267991e+02	1.328913909355948220e-01	7.948335370586223636e-02	3.275617606512575275e-01	2.067132565870693772e-01	9.583747427001206021e-02	4.671774114165113539e-02	1.107950227065074567e-01
1.306197957686926259e+02	1.328600337927999531e-01	7.946706104184057817e-02	3.275760115626793478e-01	2.067030317957911922e-01	9.588300811550833080e-02	4.671978236585067057e-02	1.107910713234845218e-01
1.451331064096584669e+02	1.328362773960347354e-01	7.945109025018683158e-02	3.275899809159735221e-01	2.066918166989696048e-01	9.592292860346768313e-02	4.672178326107845336e-02	1.107861228722437918e-01
1.596464170506243647e+02	1.328185134754867047e-01	7.943543497201228931e-02	3.276036742732042484e-01	2.066799993704831195e-01	9.595813839191208450e-02	4.672374462405504136e-02	1.107804948908011622e-01
1.741597276915902057e+02	1.328054616354160666e-01	7.942008897405289369e-02	3.276170970867056664e-01	2.066678807281916441e-01	9.598937321065545425e-02	4.672566723577366299e-02	1.107744311271592758e-01
1.886730383325560467e+02	1.327961033410261227e-01	7.940504614618798529e-02	3.276302547012119870e-01	2.066556906865560927e-01	9.601723445271823087e-02	4.672755186180787418e-02	1.107681188084463503e-01
2.031863489735219162e+02	1.327896290872635499e-01	7.939030049900787367e-02	3.276431523559547587e-01	2.066436025019466605e-01	9.604221528723251577e-02	4.672939925261375416e-02	1.107617010139354680e-01
2.176996596144877287e+02	1.327853961642539160e-01	7.937584616142935590e-02	3.276557951867252738e-01	2.066317446379392631e-01	9.606472158681453322e-02	4.673121014382657784e-02	1.107552861169656677e-01
2.322129702554535982e+02	1.327828949098852351e-01	7.936167737835825298e-02	3.276681882279005587e-01	2.066202103394955136e-01	9.608508870563756132e-02	4.673298525655206898e-02	1.107489551801253830e-01
2.467262808964194392e+02	1.327817217505513625e-01	7.934778850839817321e-02	3.276803364144336150e-01	2.066090652850122722e-01	9.610359493744173587e-02	4.673472529765221317e-02	1.107427678044652503e-01
2.612395915373852517e+02	1.327815576682386534e-01	7.933417402160428122e-02	3.276922445838069131e-01	2.065983536764982031e-01	9.612047231672128655e-02	4.673643096002572106e-02	1.107367667710594944e-01
2.757529021783511780e+02	1.327821510043572795e-01	7.932082849728162854e-02	3.277039174779502462e-01	2.065881030753319580e-01	9.613591529347678688e-02	4.673810292288314849e-02	1.107309817266734497e-01
2.902662128193169337e+02	1.327833037291149543e-01	7.930774662182686618e-02	3.277153597451215594e-01	2.065783282350998618e-01	9.615008770567035068e-02	4.673974185201684034e-02	1.107254321091039745e-01
3.047795234602828600e+02	1.327848604800364318e-01	7.929492318661245098e-02	3.277265759417531954e-01	2.065690341341641645e-01	9.616312838857102308e-02	4.674134840006551744e-02	1.107201294667516239e-01
3.192928341012487294e+02	1.327866998130247944e-01	7.928235308591290165e-02	3.277375705342618906e-01	2.065602183703377503e-01	9.617515569226102456e-02	4.674292320677387452e-02	1.107150792953822543e-01
3.338061447422145420e+02	1.327887272211143721e-01	7.927003131487171672e-02	3.277483479008244660e-01	2.065518730474862064e-01	9.618627112427677317e-02	4.674446689924713350e-02	1.107102824901338850e-01
3.483194553831804114e+02	1.327908695653942373e-01	7.925795296750869079e-02	3.277589123331191567e-01	2.065439862577525543e-01	9.619656229094948607e-02	4.674598009220046896e-02	1.107057364910299380e-01
3.628327660241463377e+02	1.327930706339806033e-01	7.924611323476644931e-02	3.277692680380329682e-01	2.065365432421918113e-01	9.620610527630407693e-02	4.674746338820381930e-02	1.107014361844748246e-01
3.773460766651120935e+02	1.327952876019831141e-01	7.923450740259560532e-02	3.277794191393356149e-01	2.065295272958879713e-01	9.621496656962667815e-02	4.674891737792169488e-02	1.106973746106039297e-01
3.918593873060780197e+02	1.327974882110218302e-01	7.922313085007777478e-02	3.277893696793209855e-01	2.065229204702689614e-01	9.622320463062375429e-02	4.675034264034836490e-02	1.106935435162929998e-01
4.063726979470438323e+02	1.327996485233058910e-01	7.921197904758564556e-02	3.277991236204162995e-01	2.065167041146653004e-01	9.623087116335446445e-02	4.675173974303836744e-02	1.106899337855887372e-01
4.208860085880095880e+02	1.328017511344205537e-01	7.920104755497940630e-02	3.278086848467596792e-01	2.065108592906329810e-01	9.623801215593066893e-02	4.675310924233257170e-02	1.106865357728987892e-01
4.353993192289755143e+02	1.328037837522551001e-01	7.919033201983877168e-02	3.278180571657470788e-01	2.065053670857553980e-01	9.624466873163238512e-02	4.675445168357968834e-02	1.106833395591462765e-01
4.499126298699413837e+02	1.328057380681144928e-01	7.917982817573000764e-02	3.278272443095478494e-01	2.065002088482014164e-01	9.625087784801193702e-02	4.675576760135350535e-02	1.106803351469954622e-01
4.644259405109071963e+02	1.328076088609308480e-01	7.916953184050705417e-02	3.278362499365916061e-01	2.064953663589771116e-01	9.625667287330048894e-02	4.675705751966575258e-02	1.106775126079817678e-01
4.789392511518730657e+02	1.328093932873767868e-01	7.915943891464648219e-02	3.278450776330249505e-01	2.064908219553431845e-01	9.626208406362357639e-02	4.675832195217481668e-02	1.106748621917647973e-01
4.934525617928388783e+02	1.328110903201818183e-01	7.914954537961496617e-02	3.278537309141398293e-01	2.064865586161053479e-01	9.626713895988552039e-02	4.675956140239034137e-02	1.106723744056368058e-01
5.079658724338048046e+02	1.328127003045436738e-01	7.913984729626939718e-02	3.278622132257734134e-01	2.064825600172777720e-01	9.627186271946397422e-02	4.676077636387375447e-02	1.106700400707526233e-01
5.224791830747705035e+02	1.328142246085923239e-01	7.913034080328830433e-02	3.278705279456807786e-01	2.064788105648607264e-01	9.627627839487928885e-02	4.676196732043484683e-02	1.106678503602182284e-01
5.369924937157364866e+02	1.328156653487111150e-01	7.912102211563445953e-02	3.278786783848802178e-01	2.064752954100695093e-01	9.628040716922039999e-02	4.676313474632447231e-02	1.106657968231142958e-01
5.515058043567023560e+02	1.328170251743923391e-01	7.911188752304774974e-02	3.278866677889718528e-01	2.064720004512331231e-01	9.628426855620035585e-02	4.676427910642344532e-02	1.106638713976855759e-01
5.660191149976681118e+02	1.328183071003993521e-01	7.910293338856783096e-02	3.278944993394304341e-01	2.064689123256912562e-01	9.628788057118572996e-02	4.676540085642772598e-02	1.106620664162521195e-01
5.805324256386339812e+02	1.328195143764777930e-01	7.909415614708606435e-02	3.279021761548724379e-01	2.064660183943076710e-01	9.629125987831882449e-02	4.676650044302985837e-02	1.106603746038617581e-01
5.950457362795999643e+02	1.328206503868354926e-01	7.908555230392598501e-02	3.279097012922983501e-01	2.064633067206540773e-01	9.629442191786878602e-02	4.676757830409691147e-02	1.106587890722748463e-01
6.095590469205657200e+02	1.328217185731854766e-01	7.907711843345176239e-02	3.279170777483099708e-01	2.064607660464704564e-01	9.629738101716039944e-02	4.676863486884489524e-02	1.106573033105315296e-01
6.240723575615315895e+02	1.328227223764087417e-01	7.906885117770430516e-02	3.279243084603041258e-01	2.064583857646506426e-01	9.630015048779559661e-02	4.676967055800965861e-02	1.106559111730814615e-01
6.385856682024975726e+02	1.328236651928974277e-01	7.906074724506419182e-02	3.279313963076425087e-01	2.064561558907200833e-01	9.630274271137570508e-02	4.677068578401450544e-02	1.106546068662401378e-01
6.530989788434633283e+02	1.328245503424436702e-01	7.905280340894101088e-02	3.279383441127984300e-01	2.064540670335486550e-01	9.630516921552306764e-02	4.677168095113443114e-02	1.106533849335652464e-01
6.676122894844290840e+02	1.328253810451799910e-01	7.904501650648869393e-02	3.279451546424812514e-01	2.064521103658638612e-01	9.630744074167225943e-02	4.677265645565712587e-02	1.106522402406113215e-01
6.821256001253949535e+02	1.328261604055890333e-01	7.903738343734617589e-02	3.279518306087377266e-01	2.064502775949911551e-01	9.630956730583664638e-02	4.677361268604082745e-02	1.106511679594129327e-01
6.966389107663608229e+02	1.328268914020085678e-01	7.902990116240288243e-02	3.279583746700325819e-01	2.064485609341367156e-01	9.631155825334182519e-02	4.677455002306898230e-02	1.106501635529629490e-01
7.111522214073266923e+02	1.328275768803840740e-01	7.902256670258869797e-02	3.279647894323071133e-01	2.064469530744424131e-01	9.631342230834545604e-02	4.677546884000195054e-02	1.106492227598847855e-01
7.256655320482924481e+02	1.328282195512799635e-01	7.901537713768777560e-02	3.279710774500169679e-01	2.064454471579757200e-01	9.631516761882324973e-02	4.677636950272560934e-02	1.106483415794451697e-01
7.401788426892584312e+02	1.328288219893684063e-01	7.900832960517581438e-02	3.279772412271496629e-01	2.064440367517626218e-01	9.631680179758769778e-02	4.677725236989707658e-02	1.106475162570131482e-01
7.546921533302243006e+02	1.328293866347789731e-01	7.900142129908033217e-02	3.279832832182216218e-01	2.064427158229335257e-01	9.631833195981433227e-02	4.677811779308756190e-02	1.106467432700380393e-01
7.692054639711900563e+02	1.328299157958243160e-01	7.899464946886337879e-02	3.279892058292557810e-01	2.064414787150180841e-01	9.631976475747529298e-02	4.677896611692237971e-02	1.106460193145951537e-01
7.837187746121558121e+02	1.328304116527206369e-01	7.898801141832637041e-02	3.279950114187397681e-01	2.064403201254029763e-01	9.632110641101902793e-02	4.677979767921816578e-02	1.106453412925274826e-01
7.982320852531219089e+02	1.328308762620057926e-01	7.898150450453657323e-02	3.280007022985649279e-01	2.064392350839471535e-01	9.632236273858470199e-02	4.678061281111743630e-02	1.106447062991978009e-01
8.127453958940876646e+02	1.328313115614229711e-01	7.897512613677479254e-02	3.280062807349474197e-01	2.064382189327361450e-01	9.632353918299886575e-02	4.678141183722041296e-02	1.106441116118537099e-01
8.272587065350534203e+02	1.328317193750907788e-01	7.896887377550379505e-02	3.280117489493304395e-01	2.064372673069473085e-01	9.632464083676792188e-02	4.678219507571432234e-02	1.106435546785996538e-01
8.417720171760191761e+02	1.328321014188216798e-01	7.896274493135721495e-02	3.280171091192689570e-01	2.064363761167905265e-01	9.632567246525168547e-02	4.678296283850012088e-02	1.106430331079640839e-01
8.562853278169851592e+02	1.328324593054837077e-01	7.895673716414836063e-02	3.280223633792965776e-01	2.064355415304836294e-01	9.632663852818024175e-02	4.678371543131670113e-02	1.106425446590450223e-01
8.707986384579510286e+02	1.328327945503264551e-01	7.895084808189854753e-02	3.280275138217760844e-01	2.064347599582203319e-01	9.632754319965605716e-02	4.678445315386255826e-02	1.106420872322141508e-01
8.853119490989170117e+02	1.328331085762119446e-01	7.894507533988484593e-02	3.280325624977323828e-01	2.064340280370846603e-01	9.632839038676761778e-02	4.678517629991525012e-02	1.106416588603575391e-01
8.998252597398827675e+02	1.328334027187080824e-01	7.893941663970635569e-02	3.280375114176690143e-01	2.064333426168663832e-01	9.632918374692618635e-02	4.678588515744832449e-02	1.106412577006298387e-01
9.143385703808486369e+02	1.328336782310140241e-01	7.893386972836913262e-02	3.280423625523693487e-01	2.064327007467321451e-01	9.632992670402594493e-02	4.678658000874597045e-02	1.106408820266976123e-01
9.288518810218145063e+02	1.328339362886971076e-01	7.892843239738908667e-02	3.280471178336809568e-01	2.064320996627062033e-01	9.633062246351725699e-02	4.678726113051549090e-02	1.106405302214480968e-01
9.433651916627801484e+02	1.328341779942281420e-01	7.892310248191276856e-02	3.280517791552848283e-01	2.064315367759176900e-01	9.633127402647431725e-02	4.678792879399745058e-02	1.106402007701389745e-01
9.578785023037459041e+02	1.328344043813082520e-01	7.891787785985525383e-02	3.280563483734499353e-01	2.064310096615706580e-01	9.633188420273061658e-02	4.678858326507369381e-02	1.106398922539657964e-01
9.723918129447120009e+02	1.328346164189841971e-01	7.891275645105526315e-02	3.280608273077718628e-01	2.064305160485964963e-01	9.633245562314936283e-02	4.678922480437319037e-02	1.106396033440238680e-01
9.869051235856777566e+02	1.328348150155531648e-01	7.890773621644696367e-02	3.280652177418976190e-01	2.064300538099483884e-01	9.633299075108965603e-02	4.678985366737586221e-02	1.106393327956425865e-01
1.001418434226643626e+03	1.328350010222600075e-01	7.890281515724802130e-02	3.280695214242360658e-01	2.064296209535004811e-01	9.633349189312488681e-02	4.679047010451430760e-02	1.106390794430705121e-01
1.015931744867609382e+03	1.328351752367921135e-01	7.889799131416382061e-02	3.280737400686538074e-01	2.064292156135156542e-01	9.633396120906440041e-02	4.679107436127348529e-02	1.106388421944910633e-01
1.030445055508575479e+03	1.328353384065781573e-01	7.889326276660732495e-02	3.280778753551578109e-01	2.064288360426476121e-01	9.633440072132602727e-02	4.679166667828852516e-02	1.106386200273489218e-01
1.044958366149541234e+03	1.328354912318980841e-01	7.888862763193434102e-02	3.280819289305644260e-01	2.064284806044449083e-01	9.633481232370334768e-02	4.679224729144047801e-02	1.106384119839688152e-01
1.059471676790506763e+03	1.328356343688120722e-01	7.888408406469395173e-02	3.280859024091550280e-01	2.064281477663262032e-01	9.633519778956786683e-02	4.679281643195030288e-02	1.106382171674489268e-01
1.073984987431472746e+03	1.328357684319166343e-01	7.887963025589375676e-02	3.280897973733190032e-01	2.064278360929980016e-01	9.633555877954387558e-02	4.679337432647090456e-02	1.106380347378121964e-01
1.088498298072438729e+03	1.328358939969362940e-01	7.887526443227953210e-02	3.280936153741835226e-01	2.064275442402872252e-01	9.633589684869055259e-02	4.679392119717739468e-02	1.106378639083997750e-01
1.103011608713404712e+03	1.328360116031591653e-01	7.887098485562925310e-02	3.280973579322316036e-01	2.064272709493631397e-01	9.633621345322390672e-02	4.679445726185554877e-02	1.106377039424916719e-01
1.117524919354370468e+03	1.328361217557243457e-01	7.886678982206096755e-02	3.281010265379071256e-01	2.064270150413242688e-01	9.633650995680834161e-02	4.679498273398856323e-02	1.106375541501406212e-01
1.132038229995336451e+03	1.328362249277696694e-01	7.886267766135439394e-02	3.281046226522086329e-01	2.064267754121276999e-01	9.633678763644604182e-02	4.679549782284199433e-02	1.106374138852057876e-01
1.146551540636302207e+03	1.328363215624472071e-01	7.885864673628588395e-02	3.281081477072708696e-01	2.064265510278389670e-01	9.633704768799007667e-02	4.679600273354712903e-02	1.106372825425740447e-01
1.161064851277267962e+03	1.328364120748142807e-01	7.885469544197654113e-02	3.281116031069352124e-01	2.064263409201828881e-01	9.633729123130568839e-02	4.679649766718268350e-02	1.106371595555568355e-01
1.175578161918233945e+03	1.328364968536069335e-01	7.885082220525325980e-02	3.281149902273086116e-01	2.064261441823761478e-01	9.633751931510244060e-02	4.679698282085480859e-02	1.106370443934519415e-01
1.190091472559199701e+03	1.328365762629032942e-01	7.884702548402229560e-02	3.281183104173113207e-01	2.064259599652237265e-01	9.633773292145828004e-02	4.679745838777565198e-02	1.106369365592595744e-01
1.204604783200165684e+03	1.328366506436826910e-01	7.884330376665533990e-02	3.281215649992142991e-01	2.064257874734631570e-01	9.633793297005541212e-02	4.679792455734019946e-02	1.106368355875430448e-01
1.219118093841131440e+03	1.328367203152873155e-01	7.883965557138752911e-02	3.281247552691656244e-01	2.064256259623402368e-01	9.633812032214640608e-02	4.679838151520177708e-02	1.106367410424252684e-01
1.233631404482097196e+03	1.328367855767921824e-01	7.883607944572759707e-02	3.281278824977064690e-01	2.064254747344021479e-01	9.633829578426789109e-02	4.679882944334588790e-02	1.106366525157119612e-01
1.248144715123063179e+03	1.328368467082888804e-01	7.883257396587944887e-02	3.281309479302772503e-01	2.064253331364938049e-01	9.633846011171780244e-02	4.679926852016276506e-02	1.106365696251341846e-01
1.262658025764028707e+03	1.328369039720885825e-01	7.882913773617529485e-02	3.281339527877133455e-01	2.064252005569449933e-01	9.633861401181152695e-02	4.679969892051834279e-02	1.106364920127020368e-01
1.277171336404994690e+03	1.328369576138491992e-01	7.882576938852001169e-02	3.281368982667310918e-01	2.064250764229359492e-01	9.633875814693082518e-02	4.680012081582390210e-02	1.106364193431630671e-01
1.291684647045960673e+03	1.328370078636312845e-01	7.882246758184632829e-02	3.281397855404047381e-01	2.064249601980300275e-01	9.633889313737901972e-02	4.680053437410430089e-02	1.106363513025583750e-01
1.306197957686926657e+03	1.328370549368874387e-01	7.881923100158089168e-02	3.281426157586330716e-01	2.064248513798630780e-01	9.633901956405442613e-02	4.680093976006490658e-02	1.106362875968703308e-01
1.320711268327892412e+03	1.328370990353889558e-01	7.881605835912088021e-02	3.281453900485974406e-01	2.064247494979795372e-01	9.633913797095401688e-02	4.680133713515720328e-02	1.106362279507561580e-01
1.335224578968857941e+03	1.328371403480939905e-01	7.881294839132092778e-02	3.281481095152105620e-01	2.064246541118059386e-01	9.633924886751783767e-02	4.680172665764296969e-02	1.106361721063619519e-01
1.349737889609823924e+03	1.328371790519607132e-01	7.880989985999016512e-02	3.281507752415566692e-01	2.064245648087528195e-01	9.633935273082443185e-02	4.680210848265740214e-02	1.106361198222119702e-01
1.364251200250789907e+03	1.328372153127088673e-01	7.880691155139928072e-02	3.281533882893223897e-01	2.064244812024376152e-01	9.633945000764682076e-02	4.680248276227089166e-02	1.106360708721683406e-01
1.378764510891755890e+03	1.328372492855333098e-01	7.880398227579715753e-02	3.281559496992197400e-01	2.064244029310199069e-01	9.633954111637763051e-02	4.680284964554944083e-02	1.106360250444569787e-01
1.393277821532721646e+03	1.328372811157720879e-01	7.880111086693726563e-02	3.281584604914005165e-01	2.064243296556427798e-01	9.633962644883208026e-02	4.680320927861417873e-02	1.106359821407552485e-01
1.407791132173687402e+03	1.328373109395322438e-01	7.879829618161328375e-02	3.281609216658623596e-01	2.064242610589729354e-01	9.633970637193636777e-02	4.680356180469944644e-02	1.106359419753375761e-01
1.422304442814653157e+03	1.328373388842759850e-01	7.879553709920386617e-02	3.281633342028469347e-01	2.064241968438334518e-01	9.633978122930868249e-02	4.680390736420984854e-02	1.106359043742754095e-01
1.436817753455619140e+03	1.328373650693695784e-01	7.879283252122648573e-02	3.281656990632303983e-01	2.064241367319237797e-01	9.633985134273989615e-02	4.680424609477618070e-02	1.106358691746878592e-01
1.451331064096585123e+03	1.328373896065974669e-01	7.879018137090013085e-02	3.281680171889057585e-01	2.064240804626205905e-01	9.633991701358006476e-02	4.680457813131018441e-02	1.106358362240399684e-01
1.465844374737550879e+03	1.328374126006437450e-01	7.878758259271645414e-02	3.281702895031581857e-01	2.064240277918549527e-01	9.633997852403695938e-02	4.680490360605830957e-02	1.106358053794855995e-01
1.480357685378516862e+03	1.328374341495430488e-01	7.878503515201959462e-02	3.281725169110322748e-01	2.064239784910608944e-01	9.634003613839198232e-02	4.680522264865436682e-02	1.106357765072520510e-01
1.494870996019482618e+03	1.328374543451029399e-01	7.878253803459418780e-02	3.281747002996927565e-01	2.064239323461906361e-01	9.634009010413892293e-02	4.680553538617108350e-02	1.106357494820636722e-01
1.509384306660448374e+03	1.328374732732993668e-01	7.878009024626156376e-02	3.281768405387774923e-01	2.064238891567923839e-01	9.634014065305038232e-02	4.680584194317080615e-02	1.106357241866021551e-01
1.523897617301414357e+03	1.328374910146469245e-01	7.877769081248389704e-02	3.281789384807439758e-01	2.064238487351468809e-01	9.634018800217633571e-02	4.680614244175498179e-02	1.106357005110011338e-01
1.538410927942380113e+03	1.328375076445458824e-01	7.877533877797618378e-02	3.281809949612084498e-01	2.064238109054584713e-01	9.634023235477945368e-02	4.680643700161289666e-02	1.106356783523728265e-01
1.552924238583346096e+03	1.328375232336069800e-01	7.877303320632589312e-02	3.281830107992788625e-01	2.064237755030977617e-01	9.634027390121074896e-02	4.680672574006917996e-02	1.106356576143647519e-01
1.567437549224311852e+03	1.328375378479556002e-01	7.877077317962008496e-02	3.281849867978808843e-01	2.064237423738924659e-01	9.634031281972989247e-02	4.680700877213066907e-02	1.106356382067446020e-01
1.581950859865277607e+03	1.328375515495166526e-01	7.876855779807998004e-02	3.281869237440777076e-01	2.064237113734630480e-01	9.634034927727316844e-02	4.680728621053211608e-02	1.106356200450115401e-01
1.596464170506243590e+03	1.328375643962813879e-01	7.876638617970269096e-02	3.281888224093833517e-01	2.064236823666007470e-01	9.634038343017278794e-02	4.680755816578110323e-02	1.106356030500321164e-01
1.610977481147209119e+03	1.328375764425573646e-01	7.876425745991007255e-02	3.281906835500698616e-01	2.064236552266850433e-01	9.634041542483050280e-02	4.680782474620202166e-02	1.106355871476993186e-01
1.625490791788175102e+03	1.328375877392022342e-01	7.876217079120442777e-02	3.281925079074684004e-01	2.064236298351381782e-01	9.634044539834833720e-02	4.680808605797922434e-02	1.106355722686133275e-01
1.640004102429141085e+03	1.328375983338430655e-01	7.876012534283108324e-02	3.281942962082645687e-01	2.064236060809142570e-01	9.634047347911936510e-02	4.680834220519929784e-02	1.106355583477825061e-01
1.654517413070107068e+03	1.328376082710814310e-01	7.875812030044765377e-02	3.281960491647875067e-01	2.064235838600207706e-01	9.634049978738092046e-02	4.680859328989249446e-02	1.106355453243433873e-01
1.669030723711072824e+03	1.328376175926856140e-01	7.875615486579974622e-02	3.281977674752937224e-01	2.064235630750706485e-01	9.634052443573258573e-02	4.680883941207339416e-02	1.106355331412984533e-01
1.683544034352038352e+03	1.328376263377705757e-01	7.875422825640317204e-02	3.281994518242449810e-01	2.064235436348627051e-01	9.634054752962141477e-02	4.680908066978066440e-02	1.106355217452705819e-01
1.698057344993004335e+03	1.328376345429665428e-01	7.875233970523239091e-02	3.282011028825810306e-01	2.064235254539885656e-01	9.634056916779627777e-02	4.680931715911613306e-02	1.106355110862730917e-01
1.712570655633970318e+03	1.328376422425767978e-01	7.875048846041508843e-02	3.282027213079864447e-01	2.064235084524649322e-01	9.634058944273327096e-02	4.680954897428309808e-02	1.106355011174943587e-01
1.727083966274936301e+03	1.328376494687254494e-01	7.874867378493283221e-02	3.282043077451528013e-01	2.064234925553888045e-01	9.634060844103424504e-02	4.680977620762373503e-02	1.106354917950961581e-01
1.741597276915902057e+03	1.328376562514959058e-01	7.874689495632757053e-02	3.282058628260350330e-01	2.064234776926148485e-01	9.634062624379989559e-02	4.680999894965594960e-02	1.106354830780247739e-01
1.756110587556867813e+03	1.328376626190605481e-01	7.874515126641408458e-02	3.282073871701033374e-01	2.064234637984532217e-01	9.634064292697919196e-02	4.681021728910936958e-02	1.106354749278341404e-01
1.770623898197833569e+03	1.328376685978020222e-01	7.874344202099793633e-02	3.282088813845899233e-01	2.064234508113864663e-01	9.634065856169665709e-02	4.681043131296068471e-02	1.106354673085202106e-01
1.785137208838799552e+03	1.328376742124269816e-01	7.874176653959903682e-02	3.282103460647303184e-01	2.064234386738046101e-01	9.634067321455880295e-02	4.681064110646833420e-02	1.106354601863658582e-01
1.799650519479765535e+03	1.328376794860725574e-01	7.874012415518079344e-02	3.282117817940007343e-01	2.064234273317568646e-01	9.634068694794113707e-02	4.681084675320632688e-02	1.106354535297955494e-01
1.814163830120731291e+03	1.328376844404060564e-01	7.873851421388450289e-02	3.282131891443502147e-01	2.064234167347192839e-01	9.634069982025687817e-02	4.681104833509764501e-02	1.106354473092393959e-01
1.828677140761696819e+03	1.328376890957182477e-01	7.873693607476896228e-02	3.282145686764286197e-01	2.064234068353769935e-01	9.634071188620869919e-02	4.681124593244678084e-02	1.106354414970056738e-01
1.843190451402663257e+03	1.328376934710109314e-01	7.873538910955529824e-02	3.282159209398096689e-01	2.064233975894204376e-01	9.634072319702435827e-02	4.681143962397177338e-02	1.106354360671615855e-01
1.857703762043628785e+03	1.328376975840787066e-01	7.873387270237683366e-02	3.282172464732095452e-01	2.064233889553544199e-01	9.634073380067749437e-02	4.681162948683550290e-02	1.106354309954215159e-01
1.872217072684594768e+03	1.328377014515857713e-01	7.873238624953385334e-02	3.282185458047018889e-01	2.064233808943194137e-01	9.634074374209430913e-02	4.681181559667640935e-02	1.106354262590424076e-01
1.886730383325560297e+03	1.328377050891376143e-01	7.873092915925325452e-02	3.282198194519276302e-01	2.064233733699240292e-01	9.634075306334713429e-02	4.681199802763866269e-02	1.106354218367257558e-01
1.901243693966526507e+03	1.328377085113482681e-01	7.872950085145287435e-02	3.282210679223012684e-01	2.064233663480884162e-01	9.634076180383571719e-02	4.681217685240163240e-02	1.106354177085258489e-01
1.915757004607492036e+03	1.328377117319034240e-01	7.872810075751060510e-02	3.282222917132129880e-01	2.064233597968972433e-01	9.634077000045700168e-02	4.681235214220885038e-02	1.106354138557639061e-01
1.930270315248458019e+03	1.328377147636192745e-01	7.872672832003789478e-02	3.282234913122265008e-01	2.064233536864623630e-01	9.634077768776408424e-02	4.681252396689635636e-02	1.106354102609475448e-01
1.944783625889424002e+03	1.328377176184977748e-01	7.872538299265793849e-02	3.282246671972732788e-01	2.064233479887939704e-01	9.634078489811509494e-02	4.681269239492055756e-02	1.106354069076953966e-01
1.959296936530389530e+03	1.328377203077783786e-01	7.872406423978800527e-02	3.282258198368428470e-01	2.064233426776800329e-01	9.634079166181269693e-02	4.681285749338538749e-02	1.106354037806666218e-01
1.973810247171355968e+03	1.328377228419865275e-01	7.872277153642628922e-02	3.282269496901694117e-01	2.064233377285732973e-01	9.634079800723453768e-02	4.681301932806912480e-02	1.106354008654947541e-01
1.988323557812321269e+03	1.328377252309788925e-01	7.872150436794282669e-02	3.282280572074144365e-01	2.064233331184857911e-01	9.634080396095562326e-02	4.681317796345053905e-02	1.106353981487257915e-01
2.002836868453287707e+03	1.328377274839859234e-01	7.872026222987460464e-02	3.282291428298462765e-01	2.064233288258894572e-01	9.634080954786278239e-02	4.681333346273455071e-02	1.106353956177602987e-01
2.017350179094252780e+03	1.328377296096516502e-01	7.871904462772469357e-02	3.282302069900154828e-01	2.064233248306236446e-01	9.634081479126188619e-02	4.681348588787744014e-02	1.106353932607991170e-01
2.031863489735218764e+03	1.328377316160709032e-01	7.871785107676539106e-02	3.282312501119271642e-01	2.064233211138081781e-01	9.634081971297833724e-02	4.681363529961145298e-02	1.106353910667924600e-01
2.046376800376184747e+03	1.328377335108242019e-01	7.871668110184515399e-02	3.282322726112099631e-01	2.064233176577620066e-01	9.634082433345106389e-02	4.681378175746903764e-02	1.106353890253924110e-01
2.060890111017150957e+03	1.328377353010104234e-01	7.871553423719952758e-02	3.282332748952814239e-01	2.064233144459271252e-01	9.634082867182054699e-02	4.681392531980650695e-02	1.106353871269082773e-01
2.075403421658116713e+03	1.328377369932774166e-01	7.871441002626554384e-02	3.282342573635101401e-01	2.064233114627971322e-01	9.634083274601142055e-02	4.681406604382732511e-02	1.106353853622648320e-01
2.089916732299082469e+03	1.328377385938506461e-01	7.871330802150007522e-02	3.282352204073749058e-01	2.064233086938504214e-01	9.634083657280959057e-02	4.681420398560484641e-02	1.106353837229633180e-01
2.104430042940048224e+03	1.328377401085600318e-01	7.871222778420158828e-02	3.282361644106204235e-01	2.064233061254877599e-01	9.634084016793463545e-02	4.681433920010464461e-02	1.106353822010447407e-01
2.118943353581013525e+03	1.328377415428650399e-01	7.871116888433543624e-02	3.282370897494102380e-01	2.064233037449736408e-01	9.634084354610751577e-02	4.681447174120637045e-02	1.106353807890555901e-01
2.133456664221980191e+03	1.328377429018782752e-01	7.871013090036269033e-02	3.282379967924764497e-01	2.064233015403813543e-01	9.634084672111399572e-02	4.681460166172528997e-02	1.106353794800157830e-01
2.147969974862945492e+03	1.328377441903874634e-01	7.870911341907227410e-02	3.282388859012665971e-01	2.064232995005417237e-01	9.634084970586410945e-02	4.681472901343322612e-02	1.106353782673884928e-01
2.162483285503912157e+03	1.328377454128761015e-01	7.870811603541645607e-02	3.282397574300874310e-01	2.064232976149948384e-01	9.634085251244771386e-02	4.681485384707920194e-02	1.106353771450521439e-01
2.176996596144877003e+03	1.328377465735428309e-01	7.870713835234953437e-02	3.282406117262460787e-01	2.064232958739452284e-01	9.634085515218664131e-02	4.681497621240966744e-02	1.106353761072739056e-01
2.191509906785843214e+03	1.328377476763194509e-01	7.870617998066979648e-02	3.282414491301884341e-01	2.064232942682194261e-01	9.634085763568343841e-02	4.681509615818827547e-02	1.106353751486850584e-01
2.206023217426809424e+03	1.328377487248879329e-01	7.870524053886454596e-02	3.282422699756344930e-01	2.064232927892266367e-01	9.634085997286710723e-02	4.681521373221532445e-02	1.106353742642578741e-01
2.220536528067775180e+03	1.328377497226962967e-01	7.870431965295818233e-02	3.282430745897113034e-01	2.064232914289216014e-01	9.634086217303586275e-02	4.681532898134676407e-02	1.106353734492839247e-01
2.235049838708740936e+03	1.328377506729734037e-01	7.870341695636329238e-02	3.282438632930831934e-01	2.064232901797700137e-01	9.634086424489721190e-02	4.681544195151287474e-02	1.106353726993538206e-01
2.249563149349706237e+03	1.328377515787429464e-01	7.870253208973473913e-02	3.282446364000797812e-01	2.064232890347161009e-01	9.634086619660549300e-02	4.681555268773653078e-02	1.106353720103381982e-01
2.264076459990672902e+03	1.328377524428365208e-01	7.870166470082652632e-02	3.282453942188204854e-01	2.064232879871521487e-01	9.634086803579694491e-02	4.681566123415117908e-02	1.106353713783699566e-01
2.278589770631638203e+03	1.328377532679057005e-01	7.870081444435157725e-02	3.282461370513378163e-01	2.064232870308900514e-01	9.634086976962270843e-02	4.681576763401831126e-02	1.106353707998276314e-01
2.293103081272604413e+03	1.328377540564335269e-01	7.869998098184426139e-02	3.282468651936972792e-01	2.064232861601346947e-01	9.634087140477959332e-02	4.681587192974480394e-02	1.106353702713196718e-01
2.307616391913570169e+03	1.328377548107453066e-01	7.869916398152562720e-02	3.282475789361151142e-01	2.064232853694590308e-01	9.634087294753894415e-02	4.681597416289975250e-02	1.106353697896699656e-01
2.322129702554535925e+03	1.328377555330185200e-01	7.869836311817128560e-02	3.282482785630745359e-01	2.064232846537805699e-01	9.634087440377367417e-02	4.681607437423095791e-02	1.106353693519041143e-01
2.336643013195502135e+03	1.328377562252922583e-01	7.869757807298190244e-02	3.282489643534384771e-01	2.064232840083396470e-01	9.634087577898357846e-02	4.681617260368126088e-02	1.106353689552365821e-01
2.351156323836467891e+03	1.328377568894759941e-01	7.869680853345634164e-02	3.282496365805602778e-01	2.064232834286788554e-01	9.634087707831903713e-02	4.681626889040443190e-02	1.106353685970587614e-01
2.365669634477433647e+03	1.328377575273578526e-01	7.869605419326715368e-02	3.282502955123933752e-01	2.064232829106237843e-01	9.634087830660317819e-02	4.681636327278065196e-02	1.106353682749276895e-01
2.380182945118399402e+03	1.328377581406122998e-01	7.869531475213867311e-02	3.282509414115973856e-01	2.064232824502651720e-01	9.634087946835270810e-02	4.681645578843188910e-02	1.106353679865555439e-01
2.394696255759364703e+03	1.328377587308073593e-01	7.869458991572740592e-02	3.282515745356429648e-01	2.064232820439418914e-01	9.634088056779735454e-02	4.681654647423690030e-02	1.106353677297998023e-01
2.409209566400331823e+03	1.328377592994114120e-01	7.869387939550488709e-02	3.282521951369140600e-01	2.064232816882254351e-01	9.634088160889811570e-02	4.681663536634583789e-02	1.106353675026539723e-01
2.423722877041296670e+03	1.328377598477994137e-01	7.869318290864274479e-02	3.282528034628086067e-01	2.064232813799048993e-01	9.634088259536434384e-02	4.681672250019466852e-02	1.106353673032389878e-01
2.438236187682262880e+03	1.328377603772590010e-01	7.869250017790016538e-02	3.282533997558371164e-01	2.064232811159733005e-01	9.634088353066963539e-02	4.681680791051929386e-02	1.106353671297951313e-01
2.452749498323228636e+03	1.328377608889959038e-01	7.869183093151341235e-02	3.282539842537189889e-01	2.064232808936145858e-01	9.634088441806692993e-02	4.681689163136941445e-02	1.106353669806744017e-01
2.467262808964194392e+03	1.328377613841392191e-01	7.869117490308770446e-02	3.282545571894772696e-01	2.064232807101915035e-01	9.634088526060247126e-02	4.681697369612200510e-02	1.106353668543334362e-01
2.481776119605160602e+03	1.328377618637462121e-01	7.869053183149107844e-02	3.282551187915315194e-01	2.064232805632342516e-01	9.634088606112893582e-02	4.681705413749467914e-02	1.106353667493269188e-01
2.496289430246126358e+03	1.328377623288069798e-01	7.868990146075048597e-02	3.282556692837885759e-01	2.064232804504298469e-01	9.634088682231774226e-02	4.681713298755867808e-02	1.106353666643012518e-01
2.510802740887092114e+03	1.328377627802486416e-01	7.868928353994983360e-02	3.282562088857319260e-01	2.064232803696121332e-01	9.634088754667055610e-02	4.681721027775163219e-02	1.106353665979888379e-01
2.525316051528057415e+03	1.328377632189393642e-01	7.868867782313009041e-02	3.282567378125087476e-01	2.064232803187525389e-01	9.634088823653008671e-02	4.681728603889013379e-02	1.106353665492025434e-01
2.539829362169024080e+03	1.328377636456921085e-01	7.868808406919133858e-02	3.282572562750161183e-01	2.064232802959512503e-01	9.634088889409017642e-02	4.681736030118190117e-02	1.106353665168305911e-01
2.554342672809989381e+03	1.328377640612681543e-01	7.868750204179680852e-02	3.282577644799843930e-01	2.064232802994290517e-01	9.634088952140523743e-02	4.681743309423796323e-02	1.106353664998318415e-01
2.568855983450955591e+03	1.328377644663803203e-01	7.868693150927873192e-02	3.282582626300599715e-01	2.064232803275197481e-01	9.634089012039916133e-02	4.681750444708428910e-02	1.106353664972311995e-01
2.583369294091921347e+03	1.328377648616961004e-01	7.868637224454616552e-02	3.282587509238857337e-01	2.064232803786628656e-01	9.634089069287356255e-02	4.681757438817343159e-02	1.106353665081155346e-01
2.597882604732887103e+03	1.328377652478405779e-01	7.868582402499453565e-02	3.282592295561801432e-01	2.064232804513969899e-01	9.634089124051556374e-02	4.681764294539584453e-02	1.106353665316296558e-01
2.612395915373853313e+03	1.328377656253990624e-01	7.868528663241698695e-02	3.282596987178150183e-01	2.064232805443534935e-01	9.634089176490506778e-02	4.681771014609098502e-02	1.106353665669726899e-01
2.626909226014819069e+03	1.328377659949195877e-01	7.868475985291754904e-02	3.282601585958911938e-01	2.064232806562506239e-01	9.634089226752158563e-02	4.681777601705820746e-02	1.106353666133946118e-01
2.641422536655784825e+03	1.328377663569153544e-01	7.868424347682592690e-02	3.282606093738131281e-01	2.064232807858880081e-01	9.634089274975059236e-02	4.681784058456740782e-02	1.106353666701929694e-01
2.655935847296750580e+03	1.328377667118668948e-01	7.868373729861403987e-02	3.282610512313620665e-01	2.064232809321414619e-01	9.634089321288949459e-02	4.681790387436947365e-02	1.106353667367099280e-01
2.670449157937716336e+03	1.328377670602241822e-01	7.868324111681419819e-02	3.282614843447675956e-01	2.064232810939581331e-01	9.634089365815326489e-02	4.681796591170659522e-02	1.106353668123294387e-01
2.684962468578682547e+03	1.328377674024085742e-01	7.868275473393888941e-02	3.282619088867774204e-01	2.064232812703520048e-01	9.634089408667963206e-02	4.681802672132228532e-02	1.106353668964745185e-01
2.699475779219648302e+03	1.328377677388146161e-01	7.868227795640210520e-02	3.282623250267269199e-01	2.064232814603996768e-01	9.634089449953402162e-02	4.681808632747119087e-02	1.106353669886048496e-01
2.713989089860614058e+03	1.328377680698116792e-01	7.868181059444230574e-02	3.282627329306057051e-01	2.064232816632362855e-01	9.634089489771413550e-02	4.681814475392884894e-02	1.106353670882143647e-01
2.728502400501579814e+03	1.328377683957456812e-01	7.868135246204682742e-02	3.282631327611243988e-01	2.064232818780519230e-01	9.634089528215426801e-02	4.681820202400102660e-02	1.106353671948291789e-01
2.743015711142545115e+03	1.328377687169405297e-01	7.868090337687788649e-02	3.282635246777789728e-01	2.064232821040880572e-01	9.634089565372928876e-02	4.681825816053310219e-02	1.106353673080054251e-01
2.757529021783511780e+03	1.328377690336994543e-01	7.868046316019990105e-02	3.282639088369145863e-01	2.064232823406342565e-01	9.634089601325851460e-02	4.681831318591912067e-02	1.106353674273274357e-01
2.772042332424477081e+03	1.328377693463064779e-01	7.868003163680836742e-02	3.282642853917874803e-01	2.064232825870251642e-01	9.634089636150910962e-02	4.681836712211069618e-02	1.106353675524059388e-01
2.786555643065443292e+03	1.328377696550274156e-01	7.867960863496012425e-02	3.282646544926263177e-01	2.064232828426377508e-01	9.634089669919951304e-02	4.681841999062579668e-02	1.106353676828763233e-01
2.801068953706408593e+03	1.328377699601112349e-01	7.867919398630487948e-02	3.282650162866918575e-01	2.064232831068883722e-01	9.634089702700247837e-02	4.681847181255727186e-02	1.106353678183971678e-01
2.815582264347374803e+03	1.328377702617910272e-01	7.867878752581830559e-02	3.282653709183355195e-01	2.064232833792305211e-01	9.634089734554798778e-02	4.681852260858125614e-02	1.106353679586486866e-01
2.830095574988341014e+03	1.328377705602850345e-01	7.867838909173623108e-02	3.282657185290569490e-01	2.064232836591523290e-01	9.634089765542594441e-02	4.681857239896542594e-02	1.106353681033313968e-01
2.844608885629306769e+03	1.328377708557976211e-01	7.867799852549028916e-02	3.282660592575604719e-01	2.064232839461743463e-01	9.634089795718879523e-02	4.681862120357703494e-02	1.106353682521648285e-01
2.859122196270272525e+03	1.328377711485200785e-01	7.867761567164474612e-02	3.282663932398099949e-01	2.064232842398476264e-01	9.634089825135379315e-02	4.681866904189085216e-02	1.106353684048862612e-01
2.873635506911238281e+03	1.328377714386315689e-01	7.867724037783466184e-02	3.282667206090835177e-01	2.064232845397516447e-01	9.634089853840534234e-02	4.681871593299689882e-02	1.106353685612497112e-01
2.888148817552204036e+03	1.328377717262997915e-01	7.867687249470516064e-02	3.282670414960259797e-01	2.064232848454925495e-01	9.634089881879703832e-02	4.681876189560806728e-02	1.106353687210247516e-01
