0.000000000000000000e+00	1.322627495844468093e-01	8.006177898539619531e-02	3.288250888423046581e-01	2.051578200117431250e-01	9.491244494510528429e-02	4.823530897167307291e-02	1.105448086572502348e-01
1.451331064096584811e+01	1.321580310473375597e-01	7.997002011118319043e-02	3.282413160676944108e-01	2.060169277494223739e-01	9.511776555752990414e-02	4.744937436717204526e-02	1.110465650975799301e-01
2.902662128193169622e+01	1.321449737687112047e-01	7.988654727865990290e-02	3.280117816852543555e-01	2.064107424274150837e-01	9.528473770977330393e-02	4.704149012602427959e-02	1.112197270020813117e-01
4.353993192289755143e+01	1.321746026626695325e-01	7.980954532673528723e-02	3.279114848133433124e-01	2.065793416941404947e-01	9.542535115868312767e-02	4.682568510330850642e-02	1.112739892390393198e-01
5.805324256386339954e+01	1.322227531038178139e-01	7.973800459577906619e-02	3.278573965189305328e-01	2.066411918962573480e-01	9.554647845819001784e-02	4.670844889136081812e-02	1.112857265335840257e-01
7.256655320482924765e+01	1.322776094746476172e-01	7.967126399062651743e-02	3.278192272482243763e-01	2.066545999072795792e-01	9.565232271287335553e-02	4.664251691127688920e-02	1.112824597529913362e-01
8.707986384579510286e+01	1.323335030871689855e-01	7.960882917213682464e-02	3.277861710802981721e-01	2.066480150483135936e-01	9.574565434069776115e-02	4.660385093333958839e-02	1.112739763359647666e-01
1.015931744867609581e+02	1.323878167322379285e-01	7.955029763668799991e-02	3.277545537923917118e-01	2.066350572888103754e-01	9.582844231599726981e-02	4.658012223622177289e-02	1.112637099955726405e-01
1.161064851277267991e+02	1.324394377629043718e-01	7.949532590649276143e-02	3.277232681262080560e-01	2.066220000890160724e-01	9.590218110932578754e-02	4.656492903225782631e-02	1.112528579717148025e-01
1.306197957686926259e+02	1.324879853601464152e-01	7.944361368549726632e-02	3.276921000473611567e-01	2.066115044658712319e-01	9.596806384636147325e-02	4.655488424990769647e-02	1.112418483427744520e-01
1.451331064096584669e+02	1.325334255264504213e-01	7.939489510866426514e-02	3.276611230141868725e-01	2.066044827801599704e-01	9.602707718217709520e-02	4.654814472851516449e-02	1.112308516577659862e-01
1.596464170506243647e+02	1.325758803660729845e-01	7.934893314488833393e-02	3.276304839301245608e-01	2.066010268351853862e-01	9.608005588622951787e-02	4.654366612512089718e-02	1.112199537102981639e-01
1.741597276915902057e+02	1.326155346380444022e-01	7.930551554207176945e-02	3.276003311226596826e-01	2.066008671860071755e-01	9.612771633217023770e-02	4.654082400833110811e-02	1.112092111686355383e-01
1.886730383325560467e+02	1.326525908815739951e-01	7.926445162929281196e-02	3.275707928571825467e-01	2.066035976006173613e-01	9.617067863787255588e-02	4.653922011737157693e-02	1.111986682740090798e-01
2.031863489735219162e+02	1.326872486678521701e-01	7.922556966656020550e-02	3.275419732173917575e-01	2.066087821144215741e-01	9.620948244248056502e-02	4.653858247036275070e-02	1.111883614188509256e-01
2.176996596144877287e+02	1.327196957221310758e-01	7.918871458897598636e-02	3.275139535297351689e-01	2.066160036873570527e-01	9.624459890522495120e-02	4.653871318266556562e-02	1.111783203818301757e-01
2.322129702554535982e+02	1.327501047884822316e-01	7.915374605978277300e-02	3.274867952367497281e-01	2.066248841051636087e-01	9.627644029436589757e-02	4.653946064549761841e-02	1.111685688678781814e-01
2.467262808964194392e+02	1.327786331891623872e-01	7.912053677780858663e-02	3.274605428755292258e-01	2.066350899871699509e-01	9.630536791545493691e-02	4.654070422671657131e-02	1.111591250260784980e-01
2.612395915373852517e+02	1.328054235755522783e-01	7.908897100032245830e-02	3.274352267714695230e-01	2.066463323216608250e-01	9.633169881008461777e-02	4.654234547765079971e-02	1.111500020411796963e-01
2.757529021783511780e+02	1.328306051404902488e-01	7.905894325096957109e-02	3.274108653730967156e-01	2.066583632046440633e-01	9.635571149036484262e-02	4.654430277787008352e-02	1.111412087604847776e-01
2.902662128193169337e+02	1.328542949464726342e-01	7.903035718792808528e-02	3.273874672487754323e-01	2.066709715758347776e-01	9.637765088547416148e-02	4.654650784466306257e-02	1.111327503087722046e-01
3.047795234602828600e+02	1.328765992140371055e-01	7.900312461130799824e-02	3.273650327881732491e-01	2.066839788032028280e-01	9.639773262698531076e-02	4.654890329345713618e-02	1.111246286607567302e-01
3.192928341012487294e+02	1.328976145070510373e-01	7.897716459180464943e-02	3.273435556513312750e-01	2.066972344984957244e-01	9.641614677022058988e-02	4.655144082236027658e-02	1.111168431566568332e-01
3.338061447422145420e+02	1.329174287955492417e-01	7.895240270505869684e-02	3.273230240027474314e-01	2.067106127155569073e-01	9.643306103005434837e-02	4.655407979202762919e-02	1.111093909569261795e-01
3.483194553831804114e+02	1.329361223967618910e-01	7.892877035822885856e-02	3.273034215620243548e-01	2.067240085722849285e-01	9.644862359649862549e-02	4.655678607412135767e-02	1.111022674380004738e-01
3.628327660241463377e+02	1.329537688033232412e-01	7.890620419704313937e-02	3.272847284975949900e-01	2.067373352858249691e-01	9.646296558561452683e-02	4.655953109484375213e-02	1.110954665336758712e-01
3.773460766651120935e+02	1.329704354104580544e-01	7.888464558311518438e-02	3.272669221859209054e-01	2.067505215888669756e-01	9.647620317351821018e-02	4.656229102827216804e-02	1.110889810277690820e-01
3.918593873060780197e+02	1.329861841542121781e-01	7.886404013263355328e-02	3.272499778552051541e-01	2.067635094875714952e-01	9.648843945482366014e-02	4.656504610964154467e-02	1.110828028038329807e-01
4.063726979470438323e+02	1.330010720719922990e-01	7.884433730868029011e-02	3.272338691298998237e-01	2.067762523210609216e-01	9.649976606141900948e-02	4.656778004747980093e-02	1.110769230573884492e-01
4.208860085880095880e+02	1.330151517954986373e-01	7.882549006043590434e-02	3.272185684899779901e-01	2.067887130848267419e-01	9.651026457278956416e-02	4.657047951875450259e-02	1.110713324756373022e-01
4.353993192289755143e+02	1.330284719848953690e-01	7.880745450339822489e-02	3.272040476569934020e-01	2.068008629839647727e-01	9.652000774504405911e-02	4.657313373455117256e-02	1.110660213890736908e-01
4.499126298699413837e+02	1.330410777118981036e-01	7.879018963550174504e-02	3.271902779172874975e-01	2.068126801859743735e-01	9.652906058227128661e-02	4.657573406611107553e-02	1.110609798988766300e-01
4.644259405109071963e+02	1.330530107984170263e-01	7.877365708468303529e-02	3.271772303912789948e-01	2.068241487465423412e-01	9.653748127078133623e-02	4.657827372274561673e-02	1.110561979834723823e-01
4.789392511518730657e+02	1.330643101164846187e-01	7.875782088401285519e-02	3.271648762565478874e-01	2.068352576851089086e-01	9.654532199410663373e-02	4.658074747444967967e-02	1.110516655872101632e-01
4.934525617928388783e+02	1.330750118544132832e-01	7.874264727101450145e-02	3.271531869313674123e-01	2.068460001900316869e-01	9.655262964430524897e-02	4.658315141308551344e-02	1.110473726937030170e-01
5.079658724338048046e+02	1.330851497534534522e-01	7.872810450822270711e-02	3.271421342244268948e-01	2.068563729358247893e-01	9.655944644307627722e-02	4.658548274687556584e-02	1.110433093860410253e-01
5.224791830747705035e+02	1.330947553186463961e-01	7.871416272241542333e-02	3.271316904556974547e-01	2.068663754972763225e-01	9.656581048442863802e-02	4.658773962367201982e-02	1.110394658957844782e-01
5.369924937157364866e+02	1.331038580070694477e-01	7.870079376027867835e-02	3.271218285527149883e-01	2.068760098472773035e-01	9.657175620910582459e-02	4.658992097909087082e-02	1.110358326423837028e-01
5.515058043567023560e+02	1.331124853962470933e-01	7.868797105855131202e-02	3.271125221259607030e-01	2.068852799269545184e-01	9.657731481963093001e-02	4.659202640612986057e-02	1.110324002644464264e-01
5.660191149976681118e+02	1.331206633351351698e-01	7.867566952694403370e-02	3.271037455265133342e-01	2.068941912782308323e-01	9.658251464367310912e-02	4.659405604334654338e-02	1.110291596440778072e-01
5.805324256386339812e+02	1.331284160797704397e-01	7.866386544234395262e-02	3.270954738887038027e-01	2.069027507302610425e-01	9.658738145242612427e-02	4.659601047906712645e-02	1.110261019253483555e-01
5.950457362795999643e+02	1.331357664154069476e-01	7.865253635300299695e-02	3.270876831601232104e-01	2.069109661323408345e-01	9.659193873981125611e-02	4.659789066943730018e-02	1.110232185277983258e-01
6.095590469205657200e+02	1.331427357667249456e-01	7.864166099157289536e-02	3.270803501210041708e-01	2.069188461268831047e-01	9.659620796755445660e-02	4.659969786842087236e-02	1.110205011557604260e-01
6.240723575615315895e+02	1.331493442974960306e-01	7.863121919599079523e-02	3.270734523947121386e-01	2.069263999569168622e-01	9.660020878052537341e-02	4.660143356810697579e-02	1.110179418041727373e-01
6.385856682024975726e+02	1.331556110009123328e-01	7.862119183734403438e-02	3.270669684508348274e-01	2.069336373033134613e-01	9.660395919615054339e-02	4.660309944790722025e-02	1.110155327614585907e-01
6.530989788434633283e+02	1.331615537816348005e-01	7.861156075394999665e-02	3.270608776021466935e-01	2.069405681475913750e-01	9.660747577121414631e-02	4.660469733141529153e-02	1.110132666099687831e-01
6.676122894844290840e+02	1.331671895304842590e-01	7.860230869098089324e-02	3.270551599965417222e-01	2.069472026567116263e-01	9.661077374892587666e-02	4.660622914986705528e-02	1.110111362244097094e-01
6.821256001253949535e+02	1.331725341925835415e-01	7.859341924504507915e-02	3.270497966048673821e-01	2.069535510867622774e-01	9.661386718875941693e-02	4.660769691128241465e-02	1.110091347686210095e-01
6.966389107663608229e+02	1.331776028296595693e-01	7.858487681320767970e-02	3.270447692054579969e-01	2.069596237028512309e-01	9.661676908123827123e-02	4.660910267449443894e-02	1.110072556910119967e-01
7.111522214073266923e+02	1.331824096771275778e-01	7.857666654599537726e-02	3.270400603660448824e-01	2.069654307128907522e-01	9.661949144956183400e-02	4.661044852737871586e-02	1.110054927189220164e-01
7.256655320482924481e+02	1.331869681965041630e-01	7.856877430398455375e-02	3.270356534236224522e-01	2.069709822132729249e-01	9.662204543971852910e-02	4.661173656868905502e-02	1.110038398521295266e-01
7.401788426892584312e+02	1.331912911236297625e-01	7.856118661761898880e-02	3.270315324627572351e-01	2.069762881447085867e-01	9.662444140051905384e-02	4.661296889298627288e-02	1.110022913557013463e-01
7.546921533302243006e+02	1.331953905131245675e-01	7.855389064994476589e-02	3.270276822927558613e-01	2.069813582567386345e-01	9.662668895479674391e-02	4.661414757821670529e-02	1.110008417523439678e-01
7.692054639711900563e+02	1.331992777794513139e-01	7.854687416198595507e-02	3.270240884240387391e-01	2.069862020796323365e-01	9.662879706286128800e-02	4.661527467555746929e-02	1.109994858143941721e-01
7.837187746121558121e+02	1.332029637349148588e-01	7.854012548051644838e-02	3.270207370440138539e-01	2.069908289025627346e-01	9.663077407915160455e-02	4.661635220119793310e-02	1.109982185555638962e-01
7.982320852531219089e+02	1.332064586248907501e-01	7.853363346801031653e-02	3.270176149926947717e-01	2.069952477571046778e-01	9.663262780291222154e-02	4.661738212977222656e-02	1.109970352225363721e-01
8.127453958940876646e+02	1.332097721605413065e-01	7.852738749457800760e-02	3.270147097382668511e-01	2.069994674052327288e-01	9.663436552361177878e-02	4.661836638919661380e-02	1.109959312864940983e-01
8.272587065350534203e+02	1.332129135492486072e-01	7.852137741171615060e-02	3.270120093527697502e-01	2.070034963311105647e-01	9.663599406173033202e-02	4.661930685669993246e-02	1.109949024346460755e-01
8.417720171760191761e+02	1.332158915229686991e-01	7.851559352771771139e-02	3.270095024880349532e-01	2.070073427360641094e-01	9.663751980546260445e-02	4.662020535586430120e-02	1.109939445618091519e-01
8.562853278169851592e+02	1.332187143646882399e-01	7.851002658460547179e-02	3.270071783519900577e-01	2.070110145362151211e-01	9.663894874381462330e-02	4.662106365451888779e-02	1.109930537620892194e-01
8.707986384579510286e+02	1.332213899331460560e-01	7.850466773646587459e-02	3.270050266854209742e-01	2.070145193623272595e-01	9.664028649651107417e-02	4.662188346335154054e-02	1.109922263206989251e-01
8.853119490989170117e+02	1.332239256859643894e-01	7.849950852907332244e-02	3.270030377392627030e-01	2.070178645614798030e-01	9.664153834107819252e-02	4.662266643512202879e-02	1.109914587059412650e-01
8.998252597398827675e+02	1.332263287013192299e-01	7.849454088070580149e-02	3.270012022524751982e-01	2.070210572002406102e-01	9.664270923742143693e-02	4.662341416437708330e-02	1.109907475613823580e-01
9.143385703808486369e+02	1.332286056982662781e-01	7.848975706406241537e-02	3.269995114305458972e-01	2.070241040690567469e-01	9.664380385017742880e-02	4.662412818758175648e-02	1.109900896982312229e-01
9.288518810218145063e+02	1.332307630558274836e-01	7.848514968920253243e-02	3.269979569246497797e-01	2.070270116876229971e-01	9.664482656908501834e-02	4.662480998359365414e-02	1.109894820879403082e-01
9.433651916627801484e+02	1.332328068309321101e-01	7.848071168743336878e-02	3.269965308114882729e-01	2.070297863110241443e-01	9.664578152759041585e-02	4.662546097441741533e-02	1.109889218550361295e-01
9.578785023037459041e+02	1.332347427752973712e-01	7.847643629607989335e-02	3.269952255738197699e-01	2.070324339364773003e-01	9.664667261987504310e-02	4.662608252618589966e-02	1.109884062701866764e-01
9.723918129447120009e+02	1.332365763513261303e-01	7.847231704407703345e-02	3.269940340816880342e-01	2.070349603105270386e-01	9.664750351647184712e-02	4.662667595032231327e-02	1.109879327435095708e-01
9.869051235856777566e+02	1.332383127470911366e-01	7.846834773832910004e-02	3.269929495743496006e-01	2.070373709365692372e-01	9.664827767861601526e-02	4.662724250484458210e-02	1.109874988181222960e-01
1.001418434226643626e+03	1.332399568904695519e-01	7.846452245078672227e-02	3.269919656428953991e-01	2.070396710825986031e-01	9.664899837145851658e-02	4.662778339577876990e-02	1.109871021639344674e-01
1.015931744867609382e+03	1.332415134624854169e-01	7.846083550619521729e-02	3.269910762135593285e-01	2.070418657890918668e-01	9.664966867625604530e-02	4.662829977865384085e-02	1.109867405716803285e-01
1.030445055508575479e+03	1.332429869099130693e-01	7.845728147047253964e-02	3.269902755317032894e-01	2.070439598769535094e-01	9.665029150163720328e-02	4.662879276005398033e-02	1.109864119471885291e-01
1.044958366149541234e+03	1.332443814571896978e-01	7.845385513967821633e-02	3.269895581464641321e-01	2.070459579554624063e-01	9.665086959403383637e-02	4.662926339920879515e-02	1.109861143058850502e-01
1.059471676790506763e+03	1.332457011176813033e-01	7.845055152953758770e-02	3.269889188960489190e-01	2.070478644301695925e-01	9.665140554735558720e-02	4.662971270960464959e-02	1.109858457675245297e-01
1.073984987431472746e+03	1.332469497043429207e-01	7.844736586548869961e-02	3.269883528936600170e-01	2.070496835107049627e-01	9.665190181197763630e-02	4.663014166060335669e-02	1.109856045511445344e-01
1.088498298072438729e+03	1.332481308398102415e-01	7.844429357322132979e-02	3.269878555140333654e-01	2.070514192184603752e-01	9.665236070310319338e-02	4.663055117905669233e-02	1.109853889702369090e-01
1.103011608713404712e+03	1.332492479659574958e-01	7.844133026968019839e-02	3.269874223805702140e-01	2.070530753941212110e-01	9.665278440855598618e-02	4.663094215090728134e-02	1.109851974281297338e-01
1.117524919354370468e+03	1.332503043529535136e-01	7.843847175450610609e-02	3.269870493530434019e-01	2.070546557050257641e-01	9.665317499605186047e-02	4.663131542276810482e-02	1.109850284135734111e-01
1.132038229995336451e+03	1.332513031078451093e-01	7.843571400189099097e-02	3.269867325158586358e-01	2.070561636523356730e-01	9.665353441999313677e-02	4.663167180347443930e-02	1.109848804965241770e-01
1.146551540636302207e+03	1.332522471826957378e-01	7.843305315282389500e-02	3.269864681668508410e-01	2.070576025780051233e-01	9.665386452782535887e-02	4.663201206560313450e-02	1.109847523241180994e-01
1.161064851277267962e+03	1.332531393823047083e-01	7.843048550770714833e-02	3.269862528065951013e-01	2.070589756715396912e-01	9.665416706599130880e-02	4.663233694695544107e-02	1.109846426168287908e-01
1.175578161918233945e+03	1.332539823715303551e-01	7.842800751932285652e-02	3.269860831282136449e-01	2.070602859765389991e-01	9.665444368551426302e-02	4.663264715200027971e-02	1.109845501648018679e-01
1.190091472559199701e+03	1.332547786822398106e-01	7.842561578613133078e-02	3.269859560076581184e-01	2.070615363970191025e-01	9.665469594723874458e-02	4.663294335327582835e-02	1.109844738243594281e-01
1.204604783200165684e+03	1.332555307199055628e-01	7.842330704588409973e-02	3.269858684944493277e-01	2.070627297035133041e-01	9.665492532675465376e-02	4.663322619274776204e-02	1.109844125146677157e-01
1.219118093841131440e+03	1.332562407698684170e-01	7.842107816953539090e-02	3.269858178028542395e-01	2.070638685389515898e-01	9.665513321902814703e-02	4.663349628312316031e-02	1.109843652145614812e-01
1.233631404482097196e+03	1.332569110032845172e-01	7.841892615543680223e-02	3.269858013034833144e-01	2.070649554243196855e-01	9.665532094276006736e-02	4.663375420911951286e-02	1.109843309595185817e-01
1.248144715123063179e+03	1.332575434827737715e-01	7.841684812380086966e-02	3.269858165152888518e-01	2.070659927641005926e-01	9.665548974449143793e-02	4.663400052868865719e-02	1.109843088387782728e-01
1.262658025764028707e+03	1.332581401677853106e-01	7.841484131141997216e-02	3.269858610979486380e-01	2.070669828515022681e-01	9.665564080247320000e-02	4.663423577419570365e-02	1.109842979925974166e-01
1.277171336404994690e+03	1.332587029196949102e-01	7.841290306662804244e-02	3.269859328446161895e-01	2.070679278734753326e-01	9.665577523031632090e-02	4.663446045355344738e-02	1.109842976096383355e-01
1.291684647045960673e+03	1.332592335066485334e-01	7.841103084449280169e-02	3.269860296750231599e-01	2.070688299155259426e-01	9.665589408043673281e-02	4.663467505131283636e-02	1.109843069244826064e-01
1.306197957686926657e+03	1.332597336081649819e-01	7.840922220222755479e-02	3.269861496289170888e-01	2.070696909663290730e-01	9.665599834730835560e-02	4.663488002971019619e-02	1.109843252152653559e-01
1.320711268327892412e+03	1.332602048195103139e-01	7.840747479481162407e-02	3.269862908598195061e-01	2.070705129221477314e-01	9.665608897053663828e-02	4.663507582967223175e-02	1.109843518014245606e-01
1.335224578968857941e+03	1.332606486558556014e-01	7.840578637080929114e-02	3.269864516290899581e-01	2.070712975910641296e-01	9.665616683776374896e-02	4.663526287177979096e-02	1.109843860415600375e-01
1.349737889609823924e+03	1.332610665562292407e-01	7.840415476837780950e-02	3.269866303002821328e-01	2.070720466970288332e-01	9.665623278741580782e-02	4.663544155719150097e-02	1.109844273313972812e-01
1.364251200250789907e+03	1.332614598872740586e-01	7.840257791145535671e-02	3.269868253337778197e-01	2.070727618837337192e-01	9.665628761130184987e-02	4.663561226852844244e-02	1.109844751018513875e-01
1.378764510891755890e+03	1.332618299468192047e-01	7.840105380612039099e-02	3.269870352816869330e-01	2.070734447183156801e-01	9.665633205707327424e-02	4.663577537072100682e-02	1.109845288171861927e-01
1.393277821532721646e+03	1.332621779672763518e-01	7.839958053711418295e-02	3.269872587830000565e-01	2.070740966948964035e-01	9.665636683055200962e-02	4.663593121181933143e-02	1.109845879732644092e-01
1.407791132173687402e+03	1.332625051188685850e-01	7.839815626451879238e-02	3.269874945589825166e-01	2.070747192379648882e-01	9.665639259793518123e-02	4.663608012376840861e-02	1.109846520958844840e-01
1.422304442814653157e+03	1.332628125127007790e-01	7.839677922058341242e-02	3.269877414087977163e-01	2.070753137056086379e-01	9.665640998788316285e-02	4.663622242314920813e-02	1.109847207391999879e-01
1.436817753455619140e+03	1.332631012036792073e-01	7.839544770669180929e-02	3.269879982053497947e-01	2.070758813925995256e-01	9.665641959349788315e-02	4.663635841188702724e-02	1.109847934842177059e-01
1.451331064096585123e+03	1.332633721932878768e-01	7.839416009046437650e-02	3.269882638913342854e-01	2.070764235333400483e-01	9.665642197419722914e-02	4.663648837792835206e-02	1.109848699373707920e-01
1.465844374737550879e+03	1.332636264322286102e-01	7.839291480298862802e-02	3.269885374754875618e-01	2.070769413046758545e-01	9.665641765749168057e-02	4.663661259588744445e-02	1.109849497291631876e-01
1.480357685378516862e+03	1.332638648229318157e-01	7.839171033617203799e-02	3.269888180290249635e-01	2.070774358285799588e-01	9.665640714066835171e-02	4.663673132766379958e-02	1.109850325128820536e-01
1.494870996019482618e+03	1.332640882219442158e-01	7.839054524021150938e-02	3.269891046822587244e-01	2.070779081747142758e-01	9.665639089238743653e-02	4.663684482303172285e-02	1.109851179633750684e-01
1.509384306660448374e+03	1.332642974421996418e-01	7.838941812117439234e-02	3.269893966213873737e-01	2.070783593628733321e-01	9.665636935419601172e-02	4.663695332020316442e-02	1.109852057758891064e-01
1.523897617301414357e+03	1.332644932551786121e-01	7.838832763868545939e-02	3.269896930854473416e-01	2.070787903653155682e-01	9.665634294196344400e-02	4.663705704636489369e-02	1.109852956649677175e-01
1.538410927942380113e+03	1.332646763929621336e-01	7.838727250371539668e-02	3.269899933634204947e-01	2.070792021089870594e-01	9.665631204724267622e-02	4.663715621819110313e-02	1.109853873634042698e-01
1.552924238583346096e+03	1.332648475501850283e-01	7.838625147646581526e-02	3.269902967914877223e-01	2.070795954776422643e-01	9.665627703856136121e-02	4.663725104233253094e-02	1.109854806212483697e-01
1.567437549224311852e+03	1.332650073858936690e-01	7.838526336434663289e-02	3.269906027504242974e-01	2.070799713138664622e-01	9.665623826264645169e-02	4.663734171588308774e-02	1.109855752048625327e-01
1.581950859865277607e+03	1.332651565253127057e-01	7.838430702004142714e-02	3.269909106631269657e-01	2.070803304210041551e-01	9.665619604558574329e-02	4.663742842682498668e-02	1.109856708960271637e-01
1.596464170506243590e+03	1.332652955615253598e-01	7.838338133965687404e-02	3.269912199922691554e-01	2.070806735649978192e-01	9.665615069392971548e-02	4.663751135445326490e-02	1.109857674910909586e-01
1.610977481147209119e+03	1.332654250570714238e-01	7.838248526095238644e-02	3.269915302380759781e-01	2.070810014761408080e-01	9.665610249573679258e-02	4.663759066978070966e-02	1.109858648001650211e-01
1.625490791788175102e+03	1.332655455454670734e-01	7.838161776164632999e-02	3.269918409362143619e-01	2.070813148507486268e-01	9.665605172156475910e-02	4.663766653592398004e-02	1.109859626463580579e-01
1.640004102429141085e+03	1.332656575326502391e-01	7.838077785779533346e-02	3.269921516557913743e-01	2.070816143527519360e-01	9.665599862541146559e-02	4.663773910847178461e-02	1.109860608650510977e-01
1.654517413070107068e+03	1.332657614983551730e-01	7.837996460224354311e-02	3.269924619974571844e-01	2.070819006152149200e-01	9.665594344560704543e-02	4.663780853583600339e-02	1.109861593032093613e-01
1.669030723711072824e+03	1.332658578974196539e-01	7.837917708313828224e-02	3.269927715916059463e-01	2.070821742417829903e-01	9.665588640566034895e-02	4.663787495958632290e-02	1.109862578187297694e-01
1.683544034352038352e+03	1.332659471610281865e-01	7.837841442250965962e-02	3.269930800966699413e-01	2.070824358080620986e-01	9.665582771506188442e-02	4.663793851476943919e-02	1.109863562798221459e-01
1.698057344993004335e+03	1.332660296978942782e-01	7.837767577491079607e-02	3.269933871975033712e-01	2.070826858629336853e-01	9.665576757004552821e-02	4.663799933021323119e-02	1.109864545644225209e-01
1.712570655633970318e+03	1.332661058953845956e-01	7.837696032611624064e-02	3.269936926038501390e-01	2.070829249298077879e-01	9.665570615431094692e-02	4.663805752881680644e-02	1.109865525596369779e-01
1.727083966274936301e+03	1.332661761205881923e-01	7.837626729187581465e-02	3.269939960488920661e-01	2.070831535078172525e-01	9.665564363970893802e-02	4.663811322782694668e-02	1.109866501612143258e-01
1.741597276915902057e+03	1.332662407213330846e-01	7.837559591672146886e-02	3.269942972878734366e-01	2.070833720729559624e-01	9.665558018689142383e-02	4.663816653910163312e-02	1.109867472730464988e-01
1.756110587556867813e+03	1.332663000271530063e-01	7.837494547282479462e-02	3.269945960967981513e-01	2.070835810791633869e-01	9.665551594592794449e-02	4.663821756936127605e-02	1.109868438066949625e-01
1.770623898197833569e+03	1.332663543502066728e-01	7.837431525890287132e-02	3.269948922711952699e-01	2.070837809593582546e-01	9.665545105689031524e-02	4.663826642042812054e-02	1.109869396809420872e-01
1.785137208838799552e+03	1.332664039861518046e-01	7.837370459917045173e-02	3.269951856249502797e-01	2.070839721264234878e-01	9.665538565040708574e-02	4.663831318945446669e-02	1.109870348213660429e-01
1.799650519479765535e+03	1.332664492149762958e-01	7.837311284233618169e-02	3.269954759891986473e-01	2.070841549741448129e-01	9.665531984818928612e-02	4.663835796914021781e-02	1.109871291599381637e-01
1.814163830120731291e+03	1.332664903017883873e-01	7.837253936064124404e-02	3.269957632112778789e-01	2.070843298781053221e-01	9.665525376352901432e-02	4.663840084794021457e-02	1.109872226346415858e-01
1.828677140761696819e+03	1.332665274975679826e-01	7.837198354893815111e-02	3.269960471537357583e-01	2.070844971965376535e-01	9.665518750177204410e-02	4.663844191026181307e-02	1.109873151891102860e-01
1.843190451402663257e+03	1.332665610398809930e-01	7.837144482380824229e-02	3.269963276933918750e-01	2.070846572711362854e-01	9.665512116076599436e-02	4.663848123665327583e-02	1.109874067722869811e-01
1.857703762043628785e+03	1.332665911535584891e-01	7.837092262271604104e-02	3.269966047204497794e-01	2.070848104278315005e-01	9.665505483128504494e-02	4.663851890398323929e-02	1.109874973380996360e-01
1.872217072684594768e+03	1.332666180513421561e-01	7.837041640319881985e-02	3.269968781376563216e-01	2.070849569775267962e-01	9.665498859743268389e-02	4.663855498561184088e-02	1.109875868451551534e-01
1.886730383325560297e+03	1.332666419344983588e-01	7.836992564208997147e-02	3.269971478595073977e-01	2.070850972168016280e-01	9.665492253702322178e-02	4.663858955155377600e-02	1.109876752564494112e-01
1.901243693966526507e+03	1.332666629934013136e-01	7.836944983477447946e-02	3.269974138114964402e-01	2.070852314285812346e-01	9.665485672194348843e-02	4.663862266863370853e-02	1.109877625390930933e-01
1.915757004607492036e+03	1.332666814080878392e-01	7.836898849447529458e-02	3.269976759294037638e-01	2.070853598827745723e-01	9.665479121849554489e-02	4.663865440063441614e-02	1.109878486640523132e-01
1.930270315248458019e+03	1.332666973487846573e-01	7.836854115156921541e-02	3.269979341586249921e-01	2.070854828368825229e-01	9.665472608772128493e-02	4.663868480843795516e-02	1.109879336059031163e-01
1.944783625889424002e+03	1.332667109764093250e-01	7.836810735293082975e-02	3.269981884535363981e-01	2.070856005365772634e-01	9.665466138571009169e-02	4.663871395016026128e-02	1.109880173425995820e-01
1.959296936530389530e+03	1.332667224430467146e-01	7.836768666130351779e-02	3.269984387768951062e-01	2.070857132162543524e-01	9.665459716389020184e-02	4.663874188127935250e-02	1.109880998552545128e-01
1.973810247171355968e+03	1.332667318924015409e-01	7.836727865469625409e-02	3.269986850992726013e-01	2.070858210995590587e-01	9.665453346930460987e-02	4.663876865475760636e-02	1.109881811279321145e-01
1.988323557812321269e+03	1.332667394602287669e-01	7.836688292580498705e-02	3.269989273985199341e-01	2.070859243998874888e-01	9.665447034487235911e-02	4.663879432115825702e-02	1.109882611474520414e-01
2.002836868453287707e+03	1.332667452747423598e-01	7.836649908145773558e-02	3.269991656592621809e-01	2.070860233208646484e-01	9.665440782963601041e-02	4.663881892875644530e-02	1.109883399032044610e-01
2.017350179094252780e+03	1.332667494570038969e-01	7.836612674208218166e-02	3.269993998724221584e-01	2.070861180567995508e-01	9.665434595899589920e-02	4.663884252364505767e-02	1.109884173869751245e-01
2.031863489735218764e+03	1.332667521212918260e-01	7.836576554119492610e-02	3.269996300347701168e-01	2.070862087931191198e-01	9.665428476493180543e-02	4.663886514983565240e-02	1.109884935927804295e-01
2.046376800376184747e+03	1.332667533754522404e-01	7.836541512491133898e-02	3.269998561484996902e-01	2.070862957067817200e-01	9.665422427621277179e-02	4.663888684935456330e-02	1.109885685167115860e-01
2.060890111017150957e+03	1.332667533212323063e-01	7.836507515147535241e-02	3.270000782208272727e-01	2.070863789666710919e-01	9.665416451859573654e-02	4.663890766233462493e-02	1.109886421567875120e-01
2.075403421658116713e+03	1.332667520545970929e-01	7.836474529080804385e-02	3.270002962636149868e-01	2.070864587339718843e-01	9.665410551501327219e-02	4.663892762710249162e-02	1.109887145128161251e-01
2.089916732299082469e+03	1.332667496660303597e-01	7.836442522407442712e-02	3.270005102930148011e-01	2.070865351625275352e-01	9.665404728575138771e-02	4.663894678026196672e-02	1.109887855862634887e-01
2.104430042940048224e+03	1.332667462408204939e-01	7.836411464326757670e-02	3.270007203291335207e-01	2.070866083991811657e-01	9.665398984861751919e-02	4.663896515677334875e-02	1.109888553801303690e-01
2.118943353581013525e+03	1.332667418593321274e-01	7.836381325080939153e-02	3.270009263957172618e-01	2.070866785841006807e-01	9.665393321909943047e-02	4.663898279002913483e-02	1.109889238988359950e-01
2.133456664221980191e+03	1.332667365972641516e-01	7.836352075916724891e-02	3.270011285198542450e-01	2.070867458510884385e-01	9.665387741051544024e-02	4.663899971192616428e-02	1.109889911481083541e-01
2.147969974862945492e+03	1.332667305258946888e-01	7.836323689048591001e-02	3.270013267316952410e-01	2.070868103278765138e-01	9.665382243415637786e-02	4.663901595293437619e-02	1.109890571348810251e-01
2.162483285503912157e+03	1.332667237123138781e-01	7.836296137623396940e-02	3.270015210641902814e-01	2.070868721364079734e-01	9.665376829941982328e-02	4.663903154216234026e-02	1.109891218671958668e-01
2.176996596144877003e+03	1.332667162196449762e-01	7.836269395686436268e-02	3.270017115528418006e-01	2.070869313931049116e-01	9.665371501393676956e-02	4.663904650741981794e-02	1.109891853541115081e-01
2.191509906785843214e+03	1.332667081072541893e-01	7.836243438148812746e-02	3.270018982354716552e-01	2.070869882091242453e-01	9.665366258369138819e-02	4.663906087527729116e-02	1.109892476056173055e-01
2.206023217426809424e+03	1.332666994309500974e-01	7.836218240756112619e-02	3.270020811520028547e-01	2.070870426906009643e-01	9.665361101313411918e-02	4.663907467112277105e-02	1.109893086325522693e-01
2.220536528067775180e+03	1.332666902431729195e-01	7.836193780058298142e-02	3.270022603442545583e-01	2.070870949388805837e-01	9.665356030528834963e-02	4.663908791921597685e-02	1.109893684465289021e-01
2.235049838708740936e+03	1.332666805931742582e-01	7.836170033380775168e-02	3.270024358557493960e-01	2.070871450507401068e-01	9.665351046185118034e-02	4.663910064273993350e-02	1.109894270598616867e-01
2.249563149349706237e+03	1.332666705271877694e-01	7.836146978796595941e-02	3.270026077315328905e-01	2.070871931185991610e-01	9.665346148328840536e-02	4.663911286385021698e-02	1.109894844854998897e-01
2.264076459990672902e+03	1.332666600885911157e-01	7.836124595099731860e-02	3.270027760180044263e-01	2.070872392307209209e-01	9.665341336892425972e-02	4.663912460372188207e-02	1.109895407369643483e-01
2.278589770631638203e+03	1.332666493180597878e-01	7.836102861779389861e-02	3.270029407627583762e-01	2.070872834714037047e-01	9.665336611702590730e-02	4.663913588259420429e-02	1.109895958282883788e-01
2.293103081272604413e+03	1.332666382537130156e-01	7.836081758995323832e-02	3.270031020144356093e-01	2.070873259211636896e-01	9.665331972488315493e-02	4.663914671981336801e-02	1.109896497739622651e-01
2.307616391913570169e+03	1.332666269312523799e-01	7.836061267554082777e-02	3.270032598225844356e-01	2.070873666569089389e-01	9.665327418888357280e-02	4.663915713387312145e-02	1.109897025888810645e-01
2.322129702554535925e+03	1.332666153840932899e-01	7.836041368886186020e-02	3.270034142375309316e-01	2.070874057521054357e-01	9.665322950458325735e-02	4.663916714245358586e-02	1.109897542882960081e-01
2.336643013195502135e+03	1.332666036434897450e-01	7.836022045024167160e-02	3.270035653102573714e-01	2.070874432769352347e-01	9.665318566677341683e-02	4.663917676245826760e-02	1.109898048877688281e-01
2.351156323836467891e+03	1.332665917386526844e-01	7.836003278581459008e-02	3.270037130922884838e-01	2.070874792984473134e-01	9.665314266954315447e-02	4.663918601004930775e-02	1.109898544031290568e-01
2.365669634477433647e+03	1.332665796968624528e-01	7.835985052732072353e-02	3.270038576355863147e-01	2.070875138807013183e-01	9.665310050633849071e-02	4.663919490068112184e-02	1.109899028504341412e-01
2.380182945118399402e+03	1.332665675435752428e-01	7.835967351191061581e-02	3.270039989924514168e-01	2.070875470849047328e-01	9.665305917001788816e-02	4.663920344913250610e-02	1.109899502459322090e-01
2.394696255759364703e+03	1.332665553025242366e-01	7.835950158195717496e-02	3.270041372154308679e-01	2.070875789695434399e-01	9.665301865290445993e-02	4.663921166953721026e-02	1.109899966060272636e-01
2.409209566400331823e+03	1.332665429958155845e-01	7.835933458487474856e-02	3.270042723572332277e-01	2.070876095905062886e-01	9.665297894683505531e-02	4.663921957541312252e-02	1.109900419472466954e-01
2.423722877041296670e+03	1.332665306440191932e-01	7.835917237294497129e-02	3.270044044706490460e-01	2.070876390012039436e-01	9.665294004320629240e-02	4.663922717969010839e-02	1.109900862862112231e-01
2.438236187682262880e+03	1.332665182662551295e-01	7.835901480314923229e-02	3.270045336084771992e-01	2.070876672526821283e-01	9.665290193301794008e-02	4.663923449473653116e-02	1.109901296396066384e-01
2.452749498323228636e+03	1.332665058802753322e-01	7.835886173700726265e-02	3.270046598234568891e-01	2.070876943937296488e-01	9.665286460691341341e-02	4.663924153238458575e-02	1.109901720241577433e-01
2.467262808964194392e+03	1.332664935025411612e-01	7.835871304042187069e-02	3.270047831682043049e-01	2.070877204709811181e-01	9.665282805521799303e-02	4.663924830395445309e-02	1.109902134566040088e-01
2.481776119605160602e+03	1.332664811482969225e-01	7.835856858352935328e-02	3.270049036951542809e-01	2.070877455290154046e-01	9.665279226797449108e-02	4.663925482027729552e-02	1.109902539536771621e-01
2.496289430246126358e+03	1.332664688316395618e-01	7.835842824055558320e-02	3.270050214565066726e-01	2.070877696104490018e-01	9.665275723497661342e-02	4.663926109171727397e-02	1.109902935320802309e-01
2.510802740887092114e+03	1.332664565655846400e-01	7.835829188967716186e-02	3.270051365041764524e-01	2.070877927560254572e-01	9.665272294580040668e-02	4.663926712819246867e-02	1.109903322084683924e-01
2.525316051528057415e+03	1.332664443621290051e-01	7.835815941288797049e-02	3.270052488897482457e-01	2.070878150047003596e-01	9.665268938983351266e-02	4.663927293919491179e-02	1.109903699994309739e-01
2.539829362169024080e+03	1.332664322323101058e-01	7.835803069587046754e-02	3.270053586644344756e-01	2.070878363937225242e-01	9.665265655630256303e-02	4.663927853380962080e-02	1.109904069214752015e-01
2.554342672809989381e+03	1.332664201862620856e-01	7.835790562787167679e-02	3.270054658790371160e-01	2.070878569587114582e-01	9.665262443429878392e-02	4.663928392073281998e-02	1.109904429910109902e-01
2.568855983450955591e+03	1.332664082332691013e-01	7.835778410158374119e-02	3.270055705839127191e-01	2.070878767337311355e-01	9.665259301280186566e-02	4.663928910828929464e-02	1.109904782243370941e-01
2.583369294091921347e+03	1.332663963818156716e-01	7.835766601302887602e-02	3.270056728289404413e-01	2.070878957513603846e-01	9.665256228070227829e-02	4.663929410444894730e-02	1.109905126376283802e-01
2.597882604732887103e+03	1.332663846396344720e-01	7.835755126144837435e-02	3.270057726634933437e-01	2.070879140427599185e-01	9.665253222682200496e-02	4.663929891684263918e-02	1.109905462469242265e-01
2.612395915373853313e+03	1.332663730137514935e-01	7.835743974919567867e-02	3.270058701364122467e-01	2.070879316377365886e-01	9.665250283993394309e-02	4.663930355277721984e-02	1.109905790681178228e-01
2.626909226014819069e+03	1.332663615105288690e-01	7.835733138163337996e-02	3.270059652959821372e-01	2.070879485648042806e-01	9.665247410877976508e-02	4.663930801924993930e-02	1.109906111169466497e-01
2.641422536655784825e+03	1.332663501357053970e-01	7.835722606703378335e-02	3.270060581899110752e-01	2.070879648512422011e-01	9.665244602208671043e-02	4.663931232296218699e-02	1.109906424089837085e-01
2.655935847296750580e+03	1.332663388944348437e-01	7.835712371648310970e-02	3.270061488653114856e-01	2.070879805231504722e-01	9.665241856858307334e-02	4.663931647033260630e-02	1.109906729596295549e-01
2.670449157937716336e+03	1.332663277913222200e-01	7.835702424378911124e-02	3.270062373686833390e-01	2.070879956055032001e-01	9.665239173701249686e-02	4.663932046750955684e-02	1.109907027841053329e-01
2.684962468578682547e+03	1.332663168304581147e-01	7.835692756539194836e-02	3.270063237458996075e-01	2.070880101221987957e-01	9.665236551614733718e-02	4.663932432038309095e-02	1.109907318974463902e-01
2.699475779219648302e+03	1.332663060154512524e-01	7.835683360027827227e-02	3.270064080421934971e-01	2.070880240961084917e-01	9.665233989480087606e-02	4.663932803459631959e-02	1.109907603144965893e-01
2.713989089860614058e+03	1.332662953494589964e-01	7.835674226989831903e-02	3.270064903021474012e-01	2.070880375491221670e-01	9.665231486183867293e-02	4.663933161555633422e-02	1.109907880499034216e-01
2.728502400501579814e+03	1.332662848352165752e-01	7.835665349808584867e-02	3.270065705696835190e-01	2.070880505021923113e-01	9.665229040618897316e-02	4.663933506844449017e-02	1.109908151181136088e-01
2.743015711142545115e+03	1.332662744750643946e-01	7.835656721098106792e-02	3.270066488880559730e-01	2.070880629753758528e-01	9.665226651685233927e-02	4.663933839822641259e-02	1.109908415333693416e-01
2.757529021783511780e+03	1.332662642709740441e-01	7.835648333695612033e-02	3.270067252998443141e-01	2.070880749878741545e-01	9.665224318291033845e-02	4.663934160966140552e-02	1.109908673097049631e-01
2.772042332424477081e+03	1.332662542245727777e-01	7.835640180654321330e-02	3.270067998469487480e-01	2.070880865580711772e-01	9.665222039353371652e-02	4.663934470731145865e-02	1.109908924609442904e-01
2.786555643065443292e+03	1.332662443371667171e-01	7.835632255236520127e-02	3.270068725705858603e-01	2.070880977035697290e-01	9.665219813798960058e-02	4.663934769554992088e-02	1.109909170006983803e-01
2.801068953706408593e+03	1.332662346097626405e-01	7.835624550906872265e-02	3.270069435112862855e-01	2.070881084412262985e-01	9.665217640564822965e-02	4.663935057856968824e-02	1.109909409423636278e-01
2.815582264347374803e+03	1.332662250430886319e-01	7.835617061325948762e-02	3.270070127088928191e-01	2.070881187871840834e-01	9.665215518598904709e-02	4.663935336039105872e-02	1.109909642991203649e-01
2.830095574988341014e+03	1.332662156376136775e-01	7.835609780343986974e-02	3.270070802025600853e-01	2.070881287569046880e-01	9.665213446860612678e-02	4.663935604486926789e-02	1.109909870839318191e-01
2.844608885629306769e+03	1.332662063935659558e-01	7.835602701994866248e-02	3.270071460307545919e-01	2.070881383651981822e-01	9.665211424321307199e-02	4.663935863570162210e-02	1.109910093095434480e-01
2.859122196270272525e+03	1.332661973109502407e-01	7.835595820490282026e-02	3.270072102312561735e-01	2.070881476262519671e-01	9.665209449964747013e-02	4.663936113643434023e-02	1.109910309884825502e-01
2.873635506911238281e+03	1.332661883895642219e-01	7.835589130214130893e-02	3.270072728411597129e-01	2.070881565536582258e-01	9.665207522787479244e-02	4.663936355046911092e-02	1.109910521330582933e-01
2.888148817552204036e+03	1.332661796290140199e-01	7.835582625717076033e-02	3.270073338968778609e-01	2.070881651604400964e-01	9.665205641799187730e-02	4.663936588106929598e-02	1.109910727553617832e-01
