0.000000000000000000e+00	1.329758762052561660e-01	7.871076598716592043e-02	3.279369900210283850e-01	2.073046593355788447e-01	9.444813136857917180e-02	4.665259625441484787e-02	1.119709808258655265e-01
1.451331064096584811e+01	1.326639618768771511e-01	7.874232811950769573e-02	3.279713881477246407e-01	2.069087077391515983e-01	9.535821440949493466e-02	4.656134549747041607e-02	1.117940542076624744e-01
2.902662128193169622e+01	1.325601230997423552e-01	7.875748554403125268e-02	3.279454389232338007e-01	2.067324408505615274e-01	9.580445274266907729e-02	4.653640006079652613e-02	1.116636587768544270e-01
4.353993192289755143e+01	1.325488738460153526e-01	7.876145062041130240e-02	3.278919979645045224e-01	2.066609659066770688e-01	9.603287472549247583e-02	4.653765975378084535e-02	1.115661771810074615e-01
5.805324256386339954e+01	1.325770702485933039e-01	7.875785475702397342e-02	3.278276111202507725e-01	2.066398080761181200e-01	9.615800103179539260e-02	4.654779217552990761e-02	1.114918625885776143e-01
7.256655320482924765e+01	1.326204282085721997e-01	7.874921695049441617e-02	3.277606448013786755e-01	2.066428891469208051e-01	9.623327105896345435e-02	4.655966963500349914e-02	1.114338801965560621e-01
8.707986384579510286e+01	1.326680049862133948e-01	7.873728233821851441e-02	3.276952872105175496e-01	2.066575607297156392e-01	9.628373074844991109e-02	4.657064118171395928e-02	1.113874928030601646e-01
1.015931744867609581e+02	1.327150092444678020e-01	7.872326084670205892e-02	3.276335531613715490e-01	2.066775835003773487e-01	9.632120935074275914e-02	4.657994766816350024e-02	1.113494362260641218e-01
1.161064851277267991e+02	1.327594717114905232e-01	7.870799297804154104e-02	3.275763098047033695e-01	2.066998162874402467e-01	9.635136968862813289e-02	4.658757471218955004e-02	1.113174648153958390e-01
1.306197957686926259e+02	1.328007050548084267e-01	7.869206401927124339e-02	3.275238135663564587e-01	2.067226424843237875e-01	9.637698618353396363e-02	4.659375811160691022e-02	1.112900305779885163e-01
1.451331064096584669e+02	1.328385927438286429e-01	7.867588238897778308e-02	3.274759978102628755e-01	2.067452137064346995e-01	9.639947117396625853e-02	4.659878138985151103e-02	1.112660607845675637e-01
1.596464170506243647e+02	1.328732618508600138e-01	7.865973331696228532e-02	3.274326302443967829e-01	2.067670804176113819e-01	9.641958729116584248e-02	4.660290125748941387e-02	1.112448056194036694e-01
1.741597276915902057e+02	1.329049335535288368e-01	7.864381566518362232e-02	3.273934004599465264e-01	2.067880075452844524e-01	9.643778125257246314e-02	4.660632693775092206e-02	1.112257345836225875e-01
1.886730383325560467e+02	1.329338557868685877e-01	7.862826726429329727e-02	3.273579690029140843e-01	2.068078797438433203e-01	9.645434128445337651e-02	4.660922054111758112e-02	1.112084663743991841e-01
2.031863489735219162e+02	1.329602737852775829e-01	7.861318243465739708e-02	3.273259947509084000e-01	2.068266509390314922e-01	9.646947216407000814e-02	4.661170437548500106e-02	1.111927215484596054e-01
2.176996596144877287e+02	1.329844180195230152e-01	7.859862418424085062e-02	3.272971498104987331e-01	2.068443163145702868e-01	9.648333162086140946e-02	4.661386944379947855e-02	1.111782906043957131e-01
2.322129702554535982e+02	1.330065000435924349e-01	7.858463277203468766e-02	3.272711271388439869e-01	2.068608960555201604e-01	9.649604848959109082e-02	4.661578303747678648e-02	1.111650124608303813e-01
2.467262808964194392e+02	1.330267118663744086e-01	7.857123178010502751e-02	3.272476439015616356e-01	2.068764255020360543e-01	9.650773215185749765e-02	4.661749486826745337e-02	1.111527599276875139e-01
2.612395915373852517e+02	1.330452268259349757e-01	7.855843246836444194e-02	3.272264423461853089e-01	2.068909489587854034e-01	9.651847774669197744e-02	4.661904177640893016e-02	1.111414298755185187e-01
2.757529021783511780e+02	1.330622010389616583e-01	7.854623693716482336e-02	3.272072892582431614e-01	2.069045156876595237e-01	9.652836927134264555e-02	4.662045124510912769e-02	1.111309365594086440e-01
2.902662128193169337e+02	1.330777750053217523e-01	7.853464045492179746e-02	3.271899746453928448e-01	2.069171772624567307e-01	9.653748158814232094e-02	4.662174398028369471e-02	1.111212070613704639e-01
3.047795234602828600e+02	1.330920751827774084e-01	7.852363319476467207e-02	3.271743100406196425e-01	2.069289858057747622e-01	9.654588183283538405e-02	4.662293578459603821e-02	1.111121781565216765e-01
3.192928341012487294e+02	1.331052154556652545e-01	7.851320154778068661e-02	3.271601266597030100e-01	2.069399928147644396e-01	9.655363047247478292e-02	4.662403890996422856e-02	1.111037941375372234e-01
3.338061447422145420e+02	1.331172984714020235e-01	7.850332912873317359e-02	3.271472735518582420e-01	2.069502483887393218e-01	9.656078214199410870e-02	4.662506302965023497e-02	1.110960052855125557e-01
3.483194553831804114e+02	1.331284168413822966e-01	7.849399755507677212e-02	3.271356158226892408e-01	2.069598007351454994e-01	9.656738633015042594e-02	4.662601593516538939e-02	1.110887667782800431e-01
3.628327660241463377e+02	1.331386542127592776e-01	7.848518705622448133e-02	3.271250329715424954e-01	2.069686958700187318e-01	9.657348795604134284e-02	4.662690403519949289e-02	1.110820378961038940e-01
3.773460766651120935e+02	1.331480862215461414e-01	7.847687695368991967e-02	3.271154173625678285e-01	2.069769774547495500e-01	9.657912786191839849e-02	4.662773271264369912e-02	1.110757814307742064e-01
3.918593873060780197e+02	1.331567813386244636e-01	7.846904604148227658e-02	3.271066728350020547e-01	2.069846867281821268e-01	9.658434323947587274e-02	4.662850658015850469e-02	1.110699632349645138e-01
4.063726979470438323e+02	1.331648016201068818e-01	7.846167288832545106e-02	3.270987134500800697e-01	2.069918625048855765e-01	9.658916800179283280e-02	4.662922966334287489e-02	1.110645518693561956e-01
4.208860085880095880e+02	1.331722033727903431e-01	7.845473607780358016e-02	3.270914623674383015e-01	2.069985412187064500e-01	9.659363310999104224e-02	4.662990553231137481e-02	1.110595183188488183e-01
4.353993192289755143e+02	1.331790377445006834e-01	7.844821439865717894e-02	3.270848508415681866e-01	2.070047569965827450e-01	9.659776686160807813e-02	4.663053739654672569e-02	1.110548357584263679e-01
4.499126298699413837e+02	1.331853512481379065e-01	7.844208699466878598e-02	3.270788173279429167e-01	2.070105417518114388e-01	9.660159514624645782e-02	4.663112817363330304e-02	1.110504793554491360e-01
4.644259405109071963e+02	1.331911862272648073e-01	7.843633348154564755e-02	3.270733066883362294e-01	2.070159252890077517e-01	9.660514167301009758e-02	4.663168053942616520e-02	1.110464260992992808e-01
4.789392511518730657e+02	1.331965812701789986e-01	7.843093403670098329e-02	3.270682694852227734e-01	2.070209354152052483e-01	9.660842817344875155e-02	4.663219696503061867e-02	1.110426546521026125e-01
4.934525617928388783e+02	1.332015715785840604e-01	7.842586946669841130e-02	3.270636613557864059e-01	2.070255980531610085e-01	9.661147458311886149e-02	4.663267974441149405e-02	1.110391452161297865e-01
5.079658724338048046e+02	1.332061892962358440e-01	7.842112125625248786e-02	3.270594424568172287e-01	2.070299373541064913e-01	9.661429920438477370e-02	4.663313101534272836e-02	1.110358794147505296e-01
5.224791830747705035e+02	1.332104638022804932e-01	7.841667160199503050e-02	3.270555769725775885e-01	2.070339758080472492e-01	9.661691885269516056e-02	4.663355277561837681e-02	1.110328401846761848e-01
5.369924937157364866e+02	1.332144219734196500e-01	7.841250343367595077e-02	3.270520326785019138e-01	2.070377343503426448e-01	9.661934898825230711e-02	4.663394689588448022e-02	1.110300116778131369e-01
5.515058043567023560e+02	1.332180884185259206e-01	7.840860042502942329e-02	3.270487805543437210e-01	2.070412324637548318e-01	9.662160383472961911e-02	4.663431513005237422e-02	1.110273791714541380e-01
5.660191149976681118e+02	1.332214856888833676e-01	7.840494699617928109e-02	3.270457944410793960e-01	2.070444882754877425e-01	9.662369648647477216e-02	4.663465912397066204e-02	1.110249289858149108e-01
5.805324256386339812e+02	1.332246344668363280e-01	7.840152830916174986e-02	3.270430507365107431e-01	2.070475186489756370e-01	9.662563900545181883e-02	4.663498042283249073e-02	1.110226484081213300e-01
5.950457362795999643e+02	1.332275537352873573e-01	7.839833025789752496e-02	3.270405281250868823e-01	2.070503392703513801e-01	9.662744250902031984e-02	4.663528047765279350e-02	1.110205256225939158e-01
6.095590469205657200e+02	1.332302609301868612e-01	7.839533945373718116e-02	3.270382073379768939e-01	2.070529647296434350e-01	9.662911724951572801e-02	4.663556065104999815e-02	1.110185496457801319e-01
6.240723575615315895e+02	1.332327720778973268e-01	7.839254320752929439e-02	3.270360709398901222e-01	2.070554085968332181e-01	9.663067268648205255e-02	4.663582222249599424e-02	1.110167102667622280e-01
6.385856682024975726e+02	1.332351019190881891e-01	7.838992950901124690e-02	3.270341031395471720e-01	2.070576834929587773e-01	9.663211755230777245e-02	4.663606639314871877e-02	1.110149979918283597e-01
6.530989788434633283e+02	1.332372640206197500e-01	7.838748700419570503e-02	3.270322896210690056e-01	2.070598011564855900e-01	9.663345991193153517e-02	4.663629429034716473e-02	1.110134039932414995e-01
6.676122894844290840e+02	1.332392708767022316e-01	7.838520497131783171e-02	3.270306173938729022e-01	2.070617725051850933e-01	9.663470721720870960e-02	4.663650697182429583e-02	1.110119200617791790e-01
6.821256001253949535e+02	1.332411340004656108e-01	7.838307329581511995e-02	3.270290746589480935e-01	2.070636076937711623e-01	9.663586635646480294e-02	4.663670542967689181e-02	1.110105385627486174e-01
6.966389107663608229e+02	1.332428640069440173e-01	7.838108244473264430e-02	3.270276506896341306e-01	2.070653161675459208e-01	9.663694369970471376e-02	4.663689059411976756e-02	1.110092523952091320e-01
7.111522214073266923e+02	1.332444706883636754e-01	7.837922344087891457e-02	3.270263357252466974e-01	2.070669067123041551e-01	9.663794513989590329e-02	4.663706333704401713e-02	1.110080549541569844e-01
7.256655320482924481e+02	1.332459630825219843e-01	7.837748783699918786e-02	3.270251208760892592e-01	2.070683875007372776e-01	9.663887613070001881e-02	4.663722447539379173e-02	1.110069400954488694e-01
7.401788426892584312e+02	1.332473495349575376e-01	7.837586769018403676e-02	3.270239980385621914e-01	2.070697661355689889e-01	9.663974172098738213e-02	4.663737477437245038e-02	1.110059021032578919e-01
7.546921533302243006e+02	1.332486377555323065e-01	7.837435553668832544e-02	3.270229598192306297e-01	2.070710496896442654e-01	9.664054658643467244e-02	4.663751495048676365e-02	1.110049356598735715e-01
7.692054639711900563e+02	1.332498348699795443e-01	7.837294436730042613e-02	3.270219994668470687e-01	2.070722447431807556e-01	9.664129505847529611e-02	4.663764567443644954e-02	1.110040358176710706e-01
7.837187746121558121e+02	1.332509474669106853e-01	7.837162760337063050e-02	3.270211108114400855e-01	2.070733574183803716e-01	9.664199115084406988e-02	4.663776757385519611e-02	1.110031979730896207e-01
7.982320852531219089e+02	1.332519816407207736e-01	7.837039907358199498e-02	3.270202882096859831e-01	2.070743934115864548e-01	9.664263858393454254e-02	4.663788123590897894e-02	1.110024178424719316e-01
8.127453958940876646e+02	1.332529430307859697e-01	7.836925299152547320e-02	3.270195264958696835e-01	2.070753580231599056e-01	9.664324080716474308e-02	4.663798720975716877e-02	1.110016914396277782e-01
8.272587065350534203e+02	1.332538368573048249e-01	7.836818393412262052e-02	3.270188209378213084e-01	2.070762561852365624e-01	9.664380101952829705e-02	4.663808600888149497e-02	1.110010150549956970e-01
8.417720171760191761e+02	1.332546679540980716e-01	7.836718682092391752e-02	3.270181671972869908e-01	2.070770924875169616e-01	9.664432218849051959e-02	4.663817811328824225e-02	1.110003852362861088e-01
8.562853278169851592e+02	1.332554407986498712e-01	7.836625689429828345e-02	3.270175612942530785e-01	2.070778712012290856e-01	9.664480706737389737e-02	4.663826397158857273e-02	1.109997987704980094e-01
8.707986384579510286e+02	1.332561595396437315e-01	7.836538970051878938e-02	3.270169995747982394e-01	2.070785963013950237e-01	9.664525821136324413e-02	4.663834400296223981e-02	1.109992526672095303e-01
8.853119490989170117e+02	1.332568280222214963e-01	7.836458107174082421e-02	3.270164786820969893e-01	2.070792714875228091e-01	9.664567799224886568e-02	4.663841859900957898e-02	1.109987441430502902e-01
8.998252597398827675e+02	1.332574498111703254e-01	7.836382710886219405e-02	3.270159955302400223e-01	2.070799002028367586e-01	9.664606861201471832e-02	4.663848812549682005e-02	1.109982706072700637e-01
9.143385703808486369e+02	1.332580282122228232e-01	7.836312416524912616e-02	3.270155472805751362e-01	2.070804856521504811e-01	9.664643211536889933e-02	4.663855292399964048e-02	1.109978296483248444e-01
9.288518810218145063e+02	1.332585662916368485e-01	7.836246883130736085e-02	3.270151313203046861e-01	2.070810308184804216e-01	9.664677040130451036e-02	4.663861331344979627e-02	1.109974190214073481e-01
9.433651916627801484e+02	1.332590668942059131e-01	7.836185791987443361e-02	3.270147452431063084e-01	2.070815384784892021e-01	9.664708523377144034e-02	4.663866959158959047e-02	1.109970366368540212e-01
9.578785023037459041e+02	1.332595326598358387e-01	7.836128845240651619e-02	3.270143868315685820e-01	2.070820112168433869e-01	9.664737825153177364e-02	4.663872203633882829e-02	1.109966805493660391e-01
9.723918129447120009e+02	1.332599660388114338e-01	7.836075764593117277e-02	3.270140540412557750e-01	2.070824514395622207e-01	9.664765097726550624e-02	4.663877090707872070e-02	1.109963489479861704e-01
9.869051235856777566e+02	1.332603693058643235e-01	7.836026290073656864e-02	3.270137449862381973e-01	2.070828613864299506e-01	9.664790482598721588e-02	4.663881644585721187e-02	1.109960401467775803e-01
1.001418434226643626e+03	1.332607445731434359e-01	7.835980178876604529e-02	3.270134579259401653e-01	2.070832431425378983e-01	9.664814111282889197e-02	4.663885887851986628e-02	1.109957525761547520e-01
1.015931744867609382e+03	1.332610938021799862e-01	7.835937204268747514e-02	3.270131912531747398e-01	2.070835986490186242e-01	9.664836106023945439e-02	4.663889841577047862e-02	1.109954847748203383e-01
1.030445055508575479e+03	1.332614188149303380e-01	7.835897154560619859e-02	3.270129434832482751e-01	2.070839297130290801e-01	9.664856580464732672e-02	4.663893525416525077e-02	1.109952353822646898e-01
1.044958366149541234e+03	1.332617213039725690e-01	7.835859832139065173e-02	3.270127132440306950e-01	2.070842380170360986e-01	9.664875640262800272e-02	4.663896957704440766e-02	1.109950031317887831e-01
1.059471676790506763e+03	1.332620028419263247e-01	7.835825052558044457e-02	3.270124992668972386e-01	2.070845251274539833e-01	9.664893383661539439e-02	4.663900155540474934e-02	1.109947868440131769e-01
1.073984987431472746e+03	1.332622648901584383e-01	7.835792643684695580e-02	3.270123003784586868e-01	2.070847925026791936e-01	9.664909902019253041e-02	4.663903134871666412e-02	1.109945854208388705e-01
1.088498298072438729e+03	1.332625088068321584e-01	7.835762444897778622e-02	3.270121154930050178e-01	2.070850415005654199e-01	9.664925280299385690e-02	4.663905910568880153e-02	1.109943978398283959e-01
1.103011608713404712e+03	1.332627358543521934e-01	7.835734306335646882e-02	3.270119436055947126e-01	2.070852733853780214e-01	9.664939597524901949e-02	4.663908496498360423e-02	1.109942231489773889e-01
1.117524919354370468e+03	1.332629472062534792e-01	7.835708088191077614e-02	3.270117837857309251e-01	2.070854893342647385e-01	9.664952927199554900e-02	4.663910905588659894e-02	1.109940604618493837e-01
1.132038229995336451e+03	1.332631439535779394e-01	7.835683660050306309e-02	3.270116351715679492e-01	2.070856904432763768e-01	9.664965337698550041e-02	4.663913149893233329e-02	1.109939089530482953e-01
1.146551540636302207e+03	1.332633271107786233e-01	7.835660900273780372e-02	3.270114969646019110e-01	2.070858777329694367e-01	9.664976892630923466e-02	4.663915240648947719e-02	1.109937678540049710e-01
1.161064851277267962e+03	1.332634976211886091e-01	7.835639695416207751e-02	3.270113684248000530e-01	2.070860521536194987e-01	9.664987651175743766e-02	4.663917188330781588e-02	1.109936364490559518e-01
1.175578161918233945e+03	1.332636563620880066e-01	7.835619939683621804e-02	3.270112488661297556e-01	2.070862145900732032e-01	9.664997668394124941e-02	4.663919002702930638e-02	1.109935140717937252e-01
1.190091472559199701e+03	1.332638041493999226e-01	7.835601534425258585e-02	3.270111376524517111e-01	2.070863658662635831e-01	9.665006995518821142e-02	4.663920692866559831e-02	1.109934001016699284e-01
1.204604783200165684e+03	1.332639417420440342e-01	7.835584387658166283e-02	3.270110341937449427e-01	2.070865067494125356e-01	9.665015680223079664e-02	4.663922267304410757e-02	1.109932939608334890e-01
1.219118093841131440e+03	1.332640698459735262e-01	7.835568413622585882e-02	3.270109379426349161e-01	2.070866379539423041e-01	9.665023766870291244e-02	4.663923733922448883e-02	1.109931951111876175e-01
1.233631404482097196e+03	1.332641891179194571e-01	7.835553532366193452e-02	3.270108483911979280e-01	2.070867601451160389e-01	9.665031296745832390e-02	4.663925100088767151e-02	1.109931030516502770e-01
1.248144715123063179e+03	1.332643001688644524e-01	7.835539669355461034e-02	3.270107650680187383e-01	2.070868739424266969e-01	9.665038308272425049e-02	4.663926372669895126e-02	1.109930173156039868e-01
1.262658025764028707e+03	1.332644035672662097e-01	7.835526755112429131e-02	3.270106875354791831e-01	2.070869799227513519e-01	9.665044837210189088e-02	4.663927558064697582e-02	1.109929374685218184e-01
1.277171336404994690e+03	1.332644998420493831e-01	7.835514724875324022e-02	3.270106153872587296e-01	2.070870786232875127e-01	9.665050916842535256e-02	4.663928662236013767e-02	1.109928631057574139e-01
1.291684647045960673e+03	1.332645894853828894e-01	7.835503518281501656e-02	3.270105482460290425e-01	2.070871705442865474e-01	9.665056578148906175e-02	4.663929690740175465e-02	1.109927938504875061e-01
1.306197957686926657e+03	1.332646729552587339e-01	7.835493079071326195e-02	3.270104857613262972e-01	2.070872561515982868e-01	9.665061849965311813e-02	4.663930648754563424e-02	1.109927293517965347e-01
1.320711268327892412e+03	1.332647506778868174e-01	7.835483354811634271e-02	3.270104276075868621e-01	2.070873358790399910e-01	9.665066759133560115e-02	4.663931541103303463e-02	1.109926692828932943e-01
1.335224578968857941e+03	1.332648230499192676e-01	7.835474296637531810e-02	3.270103734823328612e-01	2.070874101306016124e-01	9.665071330639973812e-02	4.663932372281245908e-02	1.109926133394507214e-01
1.349737889609823924e+03	1.332648904405168422e-01	7.835465859011381262e-02	3.270103231044952929e-01	2.070874792824991539e-01	9.665075587744359487e-02	4.663933146476331726e-02	1.109925612380600612e-01
1.364251200250789907e+03	1.332649531932686982e-01	7.835457999497799642e-02	3.270102762128639373e-01	2.070875436850860285e-01	9.665079552099933857e-02	4.663933867590449450e-02	1.109925127147916579e-01
1.378764510891755890e+03	1.332650116279764096e-01	7.835450678553709802e-02	3.270102325646536134e-01	2.070876036646330243e-01	9.665083243864827645e-02	4.663934539258891843e-02	1.109924675238549430e-01
1.393277821532721646e+03	1.332650660423118638e-01	7.835443859332404115e-02	3.270101919341776298e-01	2.070876595249851737e-01	9.665086681805790114e-02	4.663935164868500405e-02	1.109924254363507112e-01
1.407791132173687402e+03	1.332651167133583059e-01	7.835437507500740695e-02	3.270101541116203214e-01	2.070877115491046305e-01	9.665089883394649417e-02	4.663935747574576157e-02	1.109923862391093835e-01
1.422304442814653157e+03	1.332651638990429710e-01	7.835431591068595103e-02	3.270101189019001819e-01	2.070877600005072428e-01	9.665092864898018610e-02	4.663936290316655214e-02	1.109923497336092607e-01
1.436817753455619140e+03	1.332652078394686856e-01	7.835426080229770940e-02	3.270100861236170386e-01	2.070878051245998719e-01	9.665095641460758058e-02	4.663936795833212995e-02	1.109923157349693712e-01
1.451331064096585123e+03	1.332652487581522383e-01	7.835420947213608822e-02	3.270100556080768328e-01	2.070878471499260076e-01	9.665098227183599455e-02	4.663937266675376864e-02	1.109922840710115127e-01
1.465844374737550879e+03	1.332652868631757914e-01	7.835416166146591532e-02	3.270100271983876761e-01	2.070878862893252570e-01	9.665100635195386647e-02	4.663937705219702023e-02	1.109922545813869232e-01
1.480357685378516862e+03	1.332653223482576643e-01	7.835411712923280592e-02	3.270100007486221871e-01	2.070879227410132306e-01	9.665102877720270491e-02	4.663938113680084208e-02	1.109922271167631119e-01
1.494870996019482618e+03	1.332653553937482027e-01	7.835407565085963921e-02	3.270099761230402802e-01	2.070879566895868495e-01	9.665104966140231069e-02	4.663938494118868849e-02	1.109922015380665899e-01
1.509384306660448374e+03	1.332653861675562046e-01	7.835403701712438662e-02	3.270099531953689631e-01	2.070879883069607075e-01	9.665106911053270022e-02	4.663938848457194197e-02	1.109921777157777123e-01
1.523897617301414357e+03	1.332654148260103977e-01	7.835400103311380982e-02	3.270099318481336503e-01	2.070880177532389288e-01	9.665108722327546420e-02	4.663939178484641235e-02	1.109921555292740780e-01
1.538410927942380113e+03	1.332654415146611038e-01	7.835396751724806041e-02	3.270099119720379921e-01	2.070880451775267694e-01	9.665110409151769777e-02	4.663939485868222323e-02	1.109921348662190055e-01
1.552924238583346096e+03	1.332654663690258090e-01	7.835393630037129631e-02	3.270098934653883904e-01	2.070880707186866787e-01	9.665111980082087551e-02	4.663939772160757835e-02	1.109921156219922239e-01
1.567437549224311852e+03	1.332654895152831365e-01	7.835390722490406801e-02	3.270098762335595932e-01	2.070880945060424028e-01	9.665113443085723843e-02	4.663940038808687960e-02	1.109920976991595198e-01
1.581950859865277607e+03	1.332655110709182744e-01	7.835388014405322843e-02	3.270098601884985356e-01	2.070881166600343215e-01	9.665114805581606627e-02	4.663940287159341891e-02	1.109920810069790209e-01
1.596464170506243590e+03	1.332655311453236069e-01	7.835385492107528604e-02	3.270098452482638196e-01	2.070881372928299324e-01	9.665116074478169450e-02	4.663940518467722673e-02	1.109920654609413693e-01
1.610977481147209119e+03	1.332655498403577665e-01	7.835383142859017602e-02	3.270098313365975007e-01	2.070881565088923959e-01	9.665117256208541341e-02	4.663940733902821600e-02	1.109920509823414947e-01
1.625490791788175102e+03	1.332655672508657740e-01	7.835380954794145258e-02	3.270098183825279614e-01	2.070881744055098339e-01	9.665118356763308105e-02	4.663940934553503781e-02	1.109920374978798363e-01
1.640004102429141085e+03	1.332655834651630955e-01	7.835378916860008536e-02	3.270098063200005400e-01	2.070881910732884079e-01	9.665119381721001823e-02	4.663941121433994724e-02	1.109920249392909314e-01
1.654517413070107068e+03	1.332655985654860875e-01	7.835377018760883439e-02	3.270097950875343606e-01	2.070882065966112573e-01	9.665120336276490642e-02	4.663941295488988059e-02	1.109920132429976919e-01
1.669030723711072824e+03	1.332656126284114950e-01	7.835375250906448374e-02	3.270097846279036435e-01	2.070882210540661850e-01	9.665121225267390981e-02	4.663941457598409085e-02	1.109920023497892455e-01
1.683544034352038352e+03	1.332656257252466669e-01	7.835373604363543576e-02	3.270097748878409427e-01	2.070882345188437001e-01	9.665122053198685337e-02	4.663941608581848031e-02	1.109919922045210505e-01
1.698057344993004335e+03	1.332656379223926824e-01	7.835372070811207068e-02	3.270097658177620326e-01	2.070882470591077495e-01	9.665122824265610924e-02	4.663941749202694942e-02	1.109919827558355360e-01
1.712570655633970318e+03	1.332656492816827465e-01	7.835370642498783178e-02	3.270097573715096684e-01	2.070882587383411633e-01	9.665123542374985666e-02	4.663941880171985910e-02	1.109919739559020180e-01
1.727083966274936301e+03	1.332656598606967724e-01	7.835369312206887094e-02	3.270097495061153881e-01	2.070882696156671199e-01	9.665124211165058987e-02	4.663942002151993949e-02	1.109919657601744492e-01
1.741597276915902057e+03	1.332656697130544521e-01	7.835368073211049222e-02	3.270097421815782446e-01	2.070882797461485181e-01	9.665124834023994249e-02	4.663942115759567297e-02	1.109919581271657935e-01
1.756110587556867813e+03	1.332656788886880661e-01	7.835366919247813144e-02	3.270097353606587487e-01	2.070882891810670867e-01	9.665125414107074431e-02	4.663942221569244984e-02	1.109919510182379304e-01
1.770623898197833569e+03	1.332656874340963082e-01	7.835365844483180298e-02	3.270097290086874109e-01	2.070882979681828717e-01	9.665125954352724036e-02	4.663942320116156587e-02	1.109919443974059644e-01
1.785137208838799552e+03	1.332656953925808185e-01	7.835364843483183517e-02	3.270097230933867172e-01	2.070883061519762924e-01	9.665126457497423551e-02	4.663942411898720081e-02	1.109919382311560510e-01
1.799650519479765535e+03	1.332657028044662018e-01	7.835363911186499219e-02	3.270097175847053728e-01	2.070883137738732671e-01	9.665126926089608050e-02	4.663942497381162733e-02	1.109919324882756575e-01
1.814163830120731291e+03	1.332657097073049191e-01	7.835363042878906725e-02	3.270097124546641476e-01	2.070883208724550451e-01	9.665127362502587416e-02	4.663942576995860900e-02	1.109919271396955370e-01
1.828677140761696819e+03	1.332657161360681075e-01	7.835362234169512829e-02	3.270097076772126576e-01	2.070883274836536059e-01	9.665127768946601972e-02	4.663942651145528556e-02	1.109919221583424848e-01
1.843190451402663257e+03	1.332657221233231326e-01	7.835361480968588976e-02	3.270097032280956939e-01	2.070883336409335973e-01	9.665128147480021858e-02	4.663942720205246917e-02	1.109919175190023227e-01
1.857703762043628785e+03	1.332657276993990669e-01	7.835360779466936376e-02	3.270096990847294327e-01	2.070883393754617274e-01	9.665128500019797009e-02	4.663942784524362922e-02	1.109919131981921825e-01
1.872217072684594768e+03	1.332657328925405671e-01	7.835360126116656942e-02	3.270096952260856948e-01	2.070883447162645830e-01	9.665128828351177148e-02	4.663942844428251716e-02	1.109919091740416697e-01
1.886730383325560297e+03	1.332657377290512590e-01	7.835359517613239844e-02	3.270096916325846426e-01	2.070883496903757337e-01	9.665129134136768441e-02	4.663942900219961163e-02	1.109919054261820637e-01
1.901243693966526507e+03	1.332657422334273256e-01	7.835358950878879014e-02	3.270096882859946374e-01	2.070883543229724011e-01	9.665129418924953142e-02	4.663942952181744650e-02	1.109919019356432612e-01
1.915757004607492036e+03	1.332657464284816573e-01	7.835358423046924481e-02	3.270096851693392592e-01	2.070883586375031060e-01	9.665129684157755530e-02	4.663943000576484949e-02	1.109918986847577005e-01
1.930270315248458019e+03	1.332657503354597039e-01	7.835357931447411994e-02	3.270096822668107639e-01	2.070883626558062407e-01	9.665129931178138845e-02	4.663943045649025093e-02	1.109918956570708909e-01
1.944783625889424002e+03	1.332657539741471941e-01	7.835357473593568267e-02	3.270096795636893705e-01	2.070883663982207301e-01	9.665130161236817896e-02	4.663943087627405587e-02	1.109918928372582020e-01
1.959296936530389530e+03	1.332657573629704995e-01	7.835357047169250189e-02	3.270096770462681546e-01	2.070883698836889775e-01	9.665130375498597048e-02	4.663943126724015564e-02	1.109918902110471478e-01
1.973810247171355968e+03	1.332657605190901151e-01	7.835356650017247238e-02	3.270096747017833816e-01	2.070883731298527319e-01	9.665130575048277994e-02	4.663943163136668318e-02	1.109918877651452779e-01
1.988323557812321269e+03	1.332657634584875905e-01	7.835356280128374928e-02	3.270096725183493369e-01	2.070883761531424339e-01	9.665130760896152584e-02	4.663943197049601891e-02	1.109918854871727867e-01
2.002836868453287707e+03	1.332657661960466311e-01	7.835355935631328761e-02	3.270096704848979852e-01	2.070883789688603982e-01	9.665130933983119566e-02	4.663943228634408189e-02	1.109918833655998832e-01
2.017350179094252780e+03	1.332657687456285656e-01	7.835355614783214018e-02	3.270096685911224599e-01	2.070883815912582804e-01	9.665131095185458543e-02	4.663943258050901042e-02	1.109918813896884349e-01
2.031863489735218764e+03	1.332657711201425399e-01	7.835355315960750022e-02	3.270096668274247720e-01	2.070883840336091297e-01	9.665131245319266706e-02	4.663943285447927356e-02	1.109918795494375526e-01
2.046376800376184747e+03	1.332657733316109927e-01	7.835355037652058652e-02	3.270096651848670710e-01	2.070883863082747245e-01	9.665131385144593024e-02	4.663943310964115824e-02	1.109918778355330482e-01
2.060890111017150957e+03	1.332657753912305787e-01	7.835354778449021840e-02	3.270096636551257929e-01	2.070883884267680497e-01	9.665131515369285164e-02	4.663943334728581219e-02	1.109918762393002217e-01
2.075403421658116713e+03	1.332657773094288733e-01	7.835354537040158107e-02	3.270096622304498601e-01	2.070883903998116116e-01	9.665131636652585234e-02	4.663943356861573880e-02	1.109918747526599803e-01
2.089916732299082469e+03	1.332657790959173583e-01	7.835354312204002858e-02	3.270096609036209911e-01	2.070883922373917274e-01	9.665131749608454892e-02	4.663943377475093105e-02	1.109918733680879538e-01
2.104430042940048224e+03	1.332657807597404098e-01	7.835354102802924436e-02	3.270096596679170631e-01	2.070883939488089853e-01	9.665131854808700629e-02	4.663943396673447817e-02	1.109918720785763591e-01
2.118943353581013525e+03	1.332657823093212623e-01	7.835353907777371785e-02	3.270096585170780279e-01	2.070883955427254841e-01	9.665131952785857572e-02	4.663943414553788080e-02	1.109918708775985835e-01
2.133456664221980191e+03	1.332657837525046962e-01	7.835353726140519004e-02	3.270096574452741600e-01	2.070883970272085761e-01	9.665132044035887326e-02	4.663943431206594298e-02	1.109918697590761144e-01
2.147969974862945492e+03	1.332657850965967006e-01	7.835353556973274902e-02	3.270096564470763023e-01	2.070883984097717234e-01	9.665132129020702345e-02	4.663943446716137253e-02	1.109918687173477997e-01
2.162483285503912157e+03	1.332657863484014993e-01	7.835353399419633935e-02	3.270096555174283326e-01	2.070883996974124397e-01	9.665132208170489070e-02	4.663943461160902082e-02	1.109918677471411486e-01
2.176996596144877003e+03	1.332657875142560788e-01	7.835353252682346337e-02	3.270096546516217950e-01	2.070884008966478729e-01	9.665132281885897847e-02	4.663943474613986562e-02	1.109918668435456723e-01
2.191509906785843214e+03	1.332657886000621905e-01	7.835353116018886621e-02	3.270096538452715862e-01	2.070884020135477233e-01	9.665132350540062145e-02	4.663943487143469568e-02	1.109918660019880293e-01
2.206023217426809424e+03	1.332657896113163543e-01	7.835352988737696867e-02	3.270096530942940838e-01	2.070884030537648857e-01	9.665132414480497036e-02	4.663943498812758715e-02	1.109918652182088766e-01
2.220536528067775180e+03	1.332657905531376141e-01	7.835352870194689512e-02	3.270096523948860523e-01	2.070884040225642042e-01	9.665132474030853349e-02	4.663943509680908150e-02	1.109918644882413319e-01
2.235049838708740936e+03	1.332657914302934621e-01	7.835352759789993016e-02	3.270096517435056582e-01	2.070884049248490621e-01	9.665132529492560798e-02	4.663943519802915549e-02	1.109918638083908643e-01
2.249563149349706237e+03	1.332657922472240408e-01	7.835352656964911233e-02	3.270096511368544290e-01	2.070884057651861121e-01	9.665132581146348989e-02	4.663943529230006602e-02	1.109918631752165458e-01
2.264076459990672902e+03	1.332657930080645703e-01	7.835352561199099286e-02	3.270096505718604885e-01	2.070884065478284519e-01	9.665132629253671281e-02	4.663943538009888978e-02	1.109918625855137730e-01
2.278589770631638203e+03	1.332657937166663309e-01	7.835352472007933722e-02	3.270096500456627919e-01	2.070884072767372741e-01	9.665132674058027340e-02	4.663943546186995887e-02	1.109918620362979058e-01
2.293103081272604413e+03	1.332657943766161479e-01	7.835352388940057533e-02	3.270096495555970817e-01	2.070884079556017943e-01	9.665132715786201034e-02	4.663943553802708114e-02	1.109918615247892648e-01
2.307616391913570169e+03	1.332657949912545159e-01	7.835352311575097262e-02	3.270096490991819538e-01	2.070884085878578473e-01	9.665132754649403968e-02	4.663943560895567053e-02	1.109918610483989904e-01
2.322129702554535925e+03	1.332657955636926128e-01	7.835352239521538309e-02	3.270096486741065345e-01	2.070884091767054569e-01	9.665132790844339905e-02	4.663943567501468990e-02	1.109918606047159417e-01
2.336643013195502135e+03	1.332657960968278987e-01	7.835352172414741800e-02	3.270096482782187119e-01	2.070884097251249056e-01	9.665132824554215074e-02	4.663943573653844821e-02	1.109918601914945818e-01
2.351156323836467891e+03	1.332657965933589650e-01	7.835352109915101615e-02	3.270096479095141451e-01	2.070884102358918066e-01	9.665132855949645774e-02	4.663943579383830751e-02	1.109918598066435003e-01
2.365669634477433647e+03	1.332657970557990512e-01	7.835352051706324927e-02	3.270096475661260493e-01	2.070884107115913142e-01	9.665132885189545164e-02	4.663943584720425806e-02	1.109918594482148940e-01
2.380182945118399402e+03	1.332657974864888406e-01	7.835351997493833487e-02	3.270096472463159820e-01	2.070884111546310025e-01	9.665132912421904587e-02	4.663943589690637548e-02	1.109918591143946864e-01
2.394696255759364703e+03	1.332657978876083393e-01	7.835351947003268980e-02	3.270096469484648494e-01	2.070884115672532166e-01	9.665132937784562395e-02	4.663943594319618774e-02	1.109918588034933262e-01
2.409209566400331823e+03	1.332657982611878122e-01	7.835351899979112189e-02	3.270096466710648575e-01	2.070884119515463140e-01	9.665132961405886736e-02	4.663943598630797271e-02	1.109918585139373082e-01
2.423722877041296670e+03	1.332657986091181357e-01	7.835351856183381258e-02	3.270096464127116853e-01	2.070884123094552109e-01	9.665132983405437528e-02	4.663943602645991005e-02	1.109918582442611240e-01
2.438236187682262880e+03	1.332657989331603732e-01	7.835351815394434039e-02	3.270096461720974346e-01	2.070884126427914307e-01	9.665133003894560426e-02	4.663943606385521218e-02	1.109918579930999072e-01
2.452749498323228636e+03	1.332657992349546294e-01	7.835351777405843987e-02	3.270096459480040241e-01	2.070884129532420126e-01	9.665133022976961363e-02	4.663943609868312357e-02	1.109918577591824940e-01
2.467262808964194392e+03	1.332657995160284881e-01	7.835351742025356558e-02	3.270096457392970279e-01	2.070884132423781998e-01	9.665133040749220028e-02	4.663943613111992681e-02	1.109918575413249703e-01
2.481776119605160602e+03	1.332657997778045056e-01	7.835351709073914983e-02	3.270096455449199579e-01	2.070884135116633773e-01	9.665133057301289465e-02	4.663943616132976838e-02	1.109918573384247320e-01
2.496289430246126358e+03	1.332658000216077054e-01	7.835351678384755436e-02	3.270096453638888789e-01	2.070884137624604548e-01	9.665133072716942941e-02	4.663943618946553987e-02	1.109918571494548645e-01
2.510802740887092114e+03	1.332658002486720172e-01	7.835351649802563267e-02	3.270096451952874128e-01	2.070884139960387504e-01	9.665133087074206930e-02	4.663943621566963432e-02	1.109918569734589383e-01
2.525316051528057415e+03	1.332658004601467439e-01	7.835351623182684744e-02	3.270096450382620756e-01	2.070884142135804296e-01	9.665133100445746916e-02	4.663943624007467481e-02	1.109918568095462493e-01
2.539829362169024080e+03	1.332658006571022236e-01	7.835351598390398464e-02	3.270096448920181142e-01	2.070884144161865281e-01	9.665133112899239320e-02	4.663943626280418059e-02	1.109918566568871695e-01
2.554342672809989381e+03	1.332658008405353256e-01	7.835351575300232574e-02	3.270096447558150654e-01	2.070884146048824481e-01	9.665133124497715666e-02	4.663943628397317770e-02	1.109918565147090808e-01
2.568855983450955591e+03	1.332658010113744462e-01	7.835351553795330548e-02	3.270096446289636472e-01	2.070884147806232034e-01	9.665133135299877609e-02	4.663943630368880267e-02	1.109918563822924059e-01
2.583369294091921347e+03	1.332658011704842826e-01	7.835351533766853060e-02	3.270096445108217065e-01	2.070884149442982769e-01	9.665133145360400857e-02	4.663943632205083678e-02	1.109918562589669727e-01
2.597882604732887103e+03	1.332658013186701351e-01	7.835351515113440912e-02	3.270096444007912218e-01	2.070884150967360338e-01	9.665133154730201626e-02	4.663943633915222653e-02	1.109918561441085721e-01
2.612395915373853313e+03	1.332658014566820148e-01	7.835351497740687676e-02	3.270096442983153051e-01	2.070884152387079957e-01	9.665133163456704479e-02	4.663943635507949992e-02	1.109918560371359053e-01
2.626909226014819069e+03	1.332658015852184186e-01	7.835351481560667852e-02	3.270096442028752048e-01	2.070884153709326991e-01	9.665133171584075478e-02	4.663943636991328690e-02	1.109918559375075858e-01
2.641422536655784825e+03	1.332658017049299370e-01	7.835351466491495553e-02	3.270096441139878629e-01	2.070884154940793587e-01	9.665133179153448384e-02	4.663943638372863854e-02	1.109918558447193643e-01
2.655935847296750580e+03	1.332658018164224467e-01	7.835351452456905397e-02	3.270096440312034169e-01	2.070884156087712535e-01	9.665133186203132831e-02	4.663943639659548501e-02	1.109918557583016163e-01
2.670449157937716336e+03	1.332658019202602739e-01	7.835351439385869476e-02	3.270096439541027578e-01	2.070884157155888361e-01	9.665133192768812775e-02	4.663943640857894785e-02	1.109918556778169835e-01
2.684962468578682547e+03	1.332658020169689428e-01	7.835351427212232378e-02	3.270096438822956419e-01	2.070884158150727572e-01	9.665133198883717192e-02	4.663943641973968685e-02	1.109918556028581110e-01
2.699475779219648302e+03	1.332658021070379228e-01	7.835351415874383663e-02	3.270096438154186935e-01	2.070884159077264752e-01	9.665133204578793547e-02	4.663943643013417073e-02	1.109918555330456358e-01
2.713989089860614058e+03	1.332658021909230994e-01	7.835351405314942841e-02	3.270096437531333500e-01	2.070884159940189484e-01	9.665133209882867393e-02	4.663943643981501713e-02	1.109918554680262154e-01
2.728502400501579814e+03	1.332658022690489941e-01	7.835351395480467940e-02	3.270096436951243635e-01	2.070884160743869107e-01	9.665133214822781149e-02	4.663943644883121464e-02	1.109918554074707658e-01
2.743015711142545115e+03	1.332658023418110405e-01	7.835351386321186273e-02	3.270096436410981910e-01	2.070884161492370923e-01	9.665133219423538424e-02	4.663943645722840037e-02	1.109918553510728378e-01
2.757529021783511780e+03	1.332658024095774996e-01	7.835351377790741867e-02	3.270096435907812737e-01	2.070884162189483568e-01	9.665133223708424759e-02	4.663943646504906809e-02	1.109918552985469653e-01
2.772042332424477081e+03	1.332658024726913193e-01	7.835351369845960923e-02	3.270096435439189819e-01	2.070884162838735332e-01	9.665133227699126972e-02	4.663943647233280421e-02	1.109918552496273053e-01
2.786555643065443292e+03	1.332658025314719941e-01	7.835351362446635326e-02	3.270096435002741164e-01	2.070884163443412196e-01	9.665133231415842796e-02	4.663943647911646811e-02	1.109918552040662781e-01
2.801068953706408593e+03	1.332658025862169804e-01	7.835351355555317254e-02	3.270096434596257429e-01	2.070884164006574213e-01	9.665133234877380797e-02	4.663943648543439346e-02	1.109918551616333182e-01
2.815582264347374803e+03	1.332658026372033899e-01	7.835351349137127663e-02	3.270096434217681924e-01	2.070884164531071325e-01	9.665133238101264457e-02	4.663943649131854774e-02	1.109918551221136390e-01
2.830095574988341014e+03	1.332658026846892385e-01	7.835351343159584203e-02	3.270096433865098962e-01	2.070884165019559187e-01	9.665133241103807116e-02	4.663943649679871961e-02	1.109918550853072061e-01
2.844608885629306769e+03	1.332658027289148894e-01	7.835351337592433296e-02	3.270096433536722746e-01	2.070884165474508876e-01	9.665133243900206339e-02	4.663943650190264384e-02	1.109918550510277657e-01
2.859122196270272525e+03	1.332658027701041914e-01	7.835351332407501646e-02	3.270096433230892385e-01	2.070884165898223550e-01	9.665133246504616082e-02	4.663943650665615392e-02	1.109918550191018316e-01
2.873635506911238281e+03	1.332658028084655888e-01	7.835351327578544967e-02	3.270096432946058562e-01	2.070884166292847328e-01	9.665133248930214693e-02	4.663943651108331395e-02	1.109918549893678108e-01
2.888148817552204036e+03	1.332658028441932041e-01	7.835351323081124475e-02	3.270096432680781318e-01	2.070884166660378334e-01	9.665133251189281238e-02	4.663943651520652267e-02	1.109918549616752126e-01
