5.387184898777035436e-01	3.163985254093962807e-01	6.462543634857638442e-02	3.470774970343269011e-02	2.417055640966612670e-02	9.705005406524559730e-03	1.167423684462382330e-02
5.143215231674580501e-01	3.281303319017774833e-01	6.828743996524420934e-02	3.661493484363138873e-02	2.930764278844685475e-02	8.897858137604516132e-03	1.444026919576086622e-02
5.057251548903014537e-01	3.258157731949776204e-01	7.288255548157258901e-02	3.949828229495637444e-02	3.122674289847790496e-02	8.763686221163004275e-03	1.608780501847445130e-02
4.991844787422235474e-01	3.218260699309434814e-01	7.753431052796050382e-02	4.245305513606241476e-02	3.265129119499213250e-02	8.787196452043878614e-03	1.756359801569746387e-02
4.929855911388234535e-01	3.177005767251933621e-01	8.213019778146556094e-02	4.536775488234347925e-02	3.393421750278036858e-02	8.891765625262466194e-03	1.898989634405477689e-02
4.869146165224983447e-01	3.136282817327027961e-01	8.665382729353188207e-02	4.822974313780188649e-02	3.513078075151371271e-02	9.057462403891235192e-03	2.038528815798366922e-02
4.809445216702910031e-01	3.096301079163940595e-01	9.110149514963987449e-02	5.103865328947961716e-02	3.625737884697503161e-02	9.273092066625987853e-03	2.175475106051802388e-02
4.750713979618374494e-01	3.057062982144493346e-01	9.547165486740939733e-02	5.379559512646241853e-02	3.732409521198608998e-02	9.529946776486953805e-03	2.310101184129197127e-02
4.692940780505558962e-01	3.018547527177493639e-01	9.976350072366997612e-02	5.650181120818419112e-02	3.833898686381868870e-02	9.820800360224707024e-03	2.442607007572078492e-02
4.636116212352323074e-01	2.980732800264324633e-01	1.039767047460137123e-01	5.915851200865080567e-02	3.930881244626853455e-02	1.013959373455747444e-02	2.573147580276843871e-02
4.580230225967110158e-01	2.943598483008726396e-01	1.081113120899606789e-01	6.176685810162584056e-02	4.023928590022950169e-02	1.048123715137156201e-02	2.701843585915265911e-02
4.525271956785968941e-01	2.907125915921062731e-01	1.121676682906457279e-01	6.432796066750760822e-02	4.113524538953938769e-02	1.084145271916556359e-02	2.828788566236244487e-02
4.471229861285649365e-01	2.871297896173838349e-01	1.161463606083850408e-01	6.684288422606997349e-02	4.200079012332119666e-02	1.121664348042043270e-02	2.954054581577857108e-02
4.418091865629114601e-01	2.836098475499293503e-01	1.200481695754893469e-01	6.931264955606031286e-02	4.283939504740590098e-02	1.160378383703080003e-02	3.077696787109690524e-02
4.365845493758739870e-01	2.801512786022195556e-01	1.238740288588169869e-01	7.173823652540242679e-02	4.365400751323042505e-02	1.200032774559780559e-02	3.199757137878297270e-02
4.314477974448604480e-01	2.767526893015452294e-01	1.276249920330587984e-01	7.412058678328418970e-02	4.444712884509756379e-02	1.240413178343039748e-02	3.320267380864759532e-02
4.263976330269620973e-01	2.734127670695767898e-01	1.313022051121728595e-01	7.646060629977334544e-02	4.522088319545086027e-02	1.281339066928617598e-02	3.439251462670220305e-02
4.214327451360503352e-01	2.701302697423684784e-01	1.349068838788310964e-01	7.875916774749089355e-02	4.597707568974719605e-02	1.322658321688898429e-02	3.556727458854733875e-02
4.165518156479616763e-01	2.669040167210544046e-01	1.384402952103171158e-01	8.101711272446256162e-02	4.671724154375905824e-02	1.364242702791465360e-02	3.672709112445489421e-02
4.117535243416920454e-01	2.637328814927403786e-01	1.419037417315969773e-01	8.323525382043227283e-02	4.744268756922728758e-02	1.405984050622307267e-02	3.787207053801248946e-02
4.070365530507982776e-01	2.606157853029186233e-01	1.452985492368237819e-01	8.541437653119487994e-02	4.815452725960006619e-02	1.447791100548359404e-02	3.900229761310528703e-02
4.023995890708931267e-01	2.575516917958650676e-01	1.486260564129227579e-01	8.755524102710582346e-02	4.885371045917792643e-02	1.489586811527688834e-02	4.011784311868295955e-02
3.978413279453927864e-01	2.545396024689578485e-01	1.518876064761089939e-01	8.965858378299933207e-02	4.954104846059061845e-02	1.531306125234446237e-02	4.121876961353058283e-02
3.933604757318111544e-01	2.515785528115814240e-01	1.550845403967035796e-01	9.172511907741150161e-02	5.021723524234649599e-02	1.572894085899161076e-02	4.230513588107887718e-02
3.889557508342503245e-01	2.486676090200237721e-01	1.582181914415113078e-01	9.375554036935229707e-02	5.088286544618251389e-02	1.614304262399649664e-02	4.337700026460791780e-02
3.846258854738006661e-01	2.458058651971755937e-01	1.612898808080462654e-01	9.575052156097689504e-02	5.153844959971549955e-02	1.655497423631034984e-02	4.443442312389943305e-02
3.803696268568906302e-01	2.429924409604414248e-01	1.643009141624943714e-01	9.771071815443212183e-02	5.218442701061062200e-02	1.696440426134343885e-02	4.547746859371211425e-02
3.761857380918514071e-01	2.402264793935242060e-01	1.672525789247022721e-01	9.963676831094599173e-02	5.282117669175399183e-02	1.737105279622477155e-02	4.650620579092214907e-02
3.720729988957706680e-01	2.375071452880280487e-01	1.701461421696964516e-01	1.015292938199252870e-01	5.344902662074082350e-02	1.777468361619868875e-02	4.752070958956486346e-02
3.680302061268564962e-01	2.348336236294520651e-01	1.729828490371192740e-01	1.033889009854582486e-01	5.406826158968565388e-02	1.817509757103701745e-02	4.852106106031618682e-02
3.640561741717853184e-01	2.322051182893943855e-01	1.757639215582280923e-01	1.052161814372101489e-01	5.467912986151571980e-02	1.857212702947250507e-02	4.950734765231883799e-02
3.601497352127015494e-01	2.296208508918658187e-01	1.784905578253396241e-01	1.070117128722671562e-01	5.528184881533505096e-02	1.896563120243139472e-02	5.047966317998450747e-02
3.563097393945061642e-01	2.270800598267193604e-01	1.811639314413081292e-01	1.087760597340416968e-01	5.587660973515039264e-02	1.935549220329248893e-02	5.143810766490695963e-02
3.525350549096983310e-01	2.245819993874915432e-01	1.837851911972224750e-01	1.105097738339123198e-01	5.646358187239273324e-02	1.974161172639158149e-02	5.238278707281626700e-02
3.488245680152106121e-01	2.221259390145512991e-01	1.863554609353389457e-01	1.122133949208394404e-01	5.704291589254677219e-02	2.012390824424794417e-02	5.331381297719027523e-02
3.451771829933102387e-01	2.197111626274796670e-01	1.888758395616273178e-01	1.138874512037815617e-01	5.761474679922466008e-02	2.050231464012062035e-02	5.423130217438133782e-02
3.415918220666588900e-01	2.173369680331449783e-01	1.913474011784377371e-01	1.155324598313383910e-01	5.817919641469206093e-02	2.087677620601379250e-02	5.513537626963958826e-02
3.380674252759651166e-01	2.150026663980744157e-01	1.937711953129018227e-01	1.171489273326703079e-01	5.873637548375704176e-02	2.124724894756881144e-02	5.602616124898798095e-02
3.346029503272721084e-01	2.127075817755191001e-01	1.961482472209282457e-01	1.187373500233890461e-01	5.928638545771392626e-02	2.161369814676124615e-02	5.690378704834186951e-02
3.311973724147623810e-01	2.104510506791190394e-01	1.984795582501892863e-01	1.202982143797835801e-01	5.982932000639921283e-02	2.197609714126331354e-02	5.776838712840875328e-02
3.278496840239862875e-01	2.082324216963430119e-01	2.007661062484314418e-01	1.218319973844377568e-01	6.036526629911761338e-02	2.233442628598527463e-02	5.862009806162428449e-02
3.245588947196050289e-01	2.060510551359474307e-01	2.030088460058857569e-01	1.233391668460113999e-01	6.089430608902206277e-02	2.268867206788278273e-02	5.945905913557125028e-02
3.213240309210579904e-01	2.039063227045950222e-01	2.052087097225808732e-01	1.248201816956948096e-01	6.141651663030850417e-02	2.303882634978665286e-02	6.028541197590192580e-02
3.181441356689909128e-01	2.017976072085304051e-01	2.073666074930435310e-01	1.262754922626056486e-01	6.193197145316384905e-02	2.338488572292341319e-02	6.109930019066808771e-02
3.150182683848044007e-01	1.997243022768462051e-01	2.094834278022666973e-01	1.277055405301772140e-01	6.244074101766045742e-02	2.372685095107257211e-02	6.190086903709830779e-02
3.119455046252820885e-01	1.976858121034077431e-01	2.115600380279802906e-01	1.291107603753859911e-01	6.294289326461713352e-02	2.406472649205277509e-02	6.269026511119987766e-02
3.089249358339212770e-01	1.956815512049567829e-01	2.135972849452162370e-01	1.304915777924826881e-01	6.343849407875595814e-02	2.439852008453000445e-02	6.346763606006299019e-02
3.059556690903115217e-01	1.937109441932936271e-01	2.155959952299487392e-01	1.318484111027254102e-01	6.392760767720216675e-02	2.472824239006942218e-02	6.423313031637510606e-02
3.030368268586692282e-01	1.917734255597578763e-01	2.175569759592441144e-01	1.331816711514620388e-01	6.441029693443746373e-02	2.505390668196818757e-02	6.498689685438714669e-02
3.001675467364422478e-01	1.898684394704977518e-01	2.194810151058919079e-01	1.344917614937723160e-01	6.488662365317236780e-02	2.537552857376102269e-02	6.572908496638847631e-02
2.973469812037349835e-01	1.879954395712453985e-01	2.213688820259308299e-01	1.357790785697568225e-01	6.535664878920574572e-02	2.569312578142548403e-02	6.645984405862691291e-02
2.945742973741649617e-01	1.861538888005087322e-01	2.232213279378477411e-01	1.370440118704481236e-01	6.582043263715174619e-02	2.600671791426527324e-02	6.717932346553973089e-02
2.918486767476514698e-01	1.843432592102505485e-01	2.250390863925247897e-01	1.382869440952191886e-01	6.627803498290379958e-02	2.631632629024793085e-02	6.788767228112858876e-02
2.891693149655381601e-01	1.825630317932650237e-01	2.268228737332539380e-01	1.395082513014731795e-01	6.672951522784541234e-02	2.662197377224192335e-02	6.858503920630877604e-02
2.865354215683719730e-01	1.808126963165752887e-01	2.285733895453362918e-01	1.407083030473177954e-01	6.717493248908475156e-02	2.692368462215919203e-02	6.927157241108110319e-02
2.839462197565979507e-01	1.790917511602747036e-01	2.302913170949448252e-01	1.418874625278538915e-01	6.761434567936633333e-02	2.722148437047966496e-02	6.994741941040907851e-02
2.814009461543685586e-01	1.773997031613167852e-01	2.319773237570602609e-01	1.430460867056419227e-01	6.804781356978048534e-02	2.751539969902896260e-02	7.061272695272954869e-02
2.788988505766245574e-01	1.757360674618292373e-01	2.336320614323938727e-01	1.441845264358518619e-01	6.847539483793770032e-02	2.780545833521161705e-02	7.126764092007774332e-02
2.764391957995649407e-01	1.741003673615852954e-01	2.352561669532956534e-01	1.453031265865485644e-01	6.889714810388714028e-02	2.809168895618026005e-02	7.191230623886481210e-02
2.740212573345894298e-01	1.724921341743184955e-01	2.368502624787130195e-01	1.464022261545173398e-01	6.931313195572777475e-02	2.837412110165438150e-02	7.254686680040625668e-02
2.716443232057746959e-01	1.709109070876063674e-01	2.384149558783177636e-01	1.474821583769925226e-01	6.972340496657750131e-02	2.865278509429851350e-02	7.317146539035940256e-02
2.693076937309195618e-01	1.693562330260873494e-01	2.399508411059595725e-01	1.485432508396135332e-01	7.012802570432391525e-02	2.892771196673410081e-02	7.378624362628873057e-02
2.670106813061793871e-01	1.678276665178045357e-01	2.414584985626368752e-01	1.495858255808993620e-01	7.052705273537328290e-02	2.919893339439789959e-02	7.439134190263549384e-02
2.647526101942931920e-01	1.663247695634959555e-01	2.429384954491980719e-01	1.506101991935016871e-01	7.092054462343705401e-02	2.946648163357605543e-02	7.498689934242488975e-02
2.625328163163964112e-01	1.648471115086742322e-01	2.443913861090042106e-01	1.516166829224703805e-01	7.130855992424366130e-02	2.973038946404097521e-02	7.557305375509711098e-02
2.603506470473999079e-01	1.633942689183564556e-01	2.458177123607968584e-01	1.526055827607406545e-01	7.169115717693318179e-02	2.999069013580048931e-02	7.614994159989950384e-02
2.582054610149110419e-01	1.619658254543211440e-01	2.472180038220216924e-01	1.535771995420293079e-01	7.206839489278100974e-02	3.024741731953836665e-02	7.671769795432453742e-02
2.560966279016625990e-01	1.605613717547840769e-01	2.485927782228639082e-01	1.545318290313090759e-01	7.244033154180097578e-02	3.050060506038372241e-02	7.727645648712282156e-02
2.540235282514124449e-01	1.591805053163953265e-01	2.499425417112531578e-01	1.554697620130121583e-01	7.280702553769657914e-02	3.075028773469632229e-02	7.782634943546126727e-02
2.519855532782719898e-01	1.578228303784704745e-01	2.512677891490956994e-01	1.563912843770990657e-01	7.316853522155825074e-02	3.099650000959658716e-02	7.836750758583520271e-02
2.499821046794178658e-01	1.564879578093776036e-01	2.525690043999895273e-01	1.572966772031154092e-01	7.352491884464448790e-02	3.123927680500439980e-02	7.890006025837811854e-02
2.480125944511385183e-01	1.551755049950090115e-01	2.538466606086748900e-01	1.581862168423466830e-01	7.387623455053238253e-02	3.147865325798072239e-02	7.942413529424527385e-02
2.460764447081670026e-01	1.538850957292728916e-01	2.551012204724690813e-01	1.590601749981710444e-01	7.422254035687900209e-02	3.171466468919147130e-02	7.993985904577698143e-02
2.441730875062477768e-01	1.526163601065461117e-01	2.563331365049287269e-01	1.599188188046993808e-01	7.456389413699643365e-02	3.194734657133459221e-02	8.044735636917459132e-02
2.423019646678855055e-01	1.513689344160332739e-01	2.575428512919774038e-01	1.607624109037842364e-01	7.490035360141049370e-02	3.217673449938966701e-02	8.094675061944704708e-02
2.404625276112235255e-01	1.501424610379824554e-01	2.587307977407318216e-01	1.615912095204714571e-01	7.523197627954503197e-02	3.240286416256510371e-02	8.143816364740839864e-02
2.386542371819982411e-01	1.489365883417100300e-01	2.598973993212508882e-01	1.624054685369607509e-01	7.555881950164940186e-02	3.262577131783121059e-02	8.192171579852730590e-02
2.368765634885166838e-01	1.477509705853921051e-01	2.610430703014292586e-01	1.632054375651367240e-01	7.588094038106599215e-02	3.284549176493906097e-02	8.239752591344812194e-02
2.351289857396036687e-01	1.465852678175807722e-01	2.621682159752468100e-01	1.639913620177248510e-01	7.619839579691671527e-02	3.306206132283486671e-02	8.286571133002031131e-02
2.334109920854660347e-01	1.454391457804075360e-01	2.632732328845822645e-01	1.647634831781237819e-01	7.651124237727223443e-02	3.327551580738805082e-02	8.332638788668814134e-02
2.317220794614213986e-01	1.443122758144367024e-01	2.643585090347906896e-01	1.655220382689595593e-01	7.681953648285456959e-02	3.348589101035865517e-02	8.377966992710647598e-02
2.300617534344393533e-01	1.432043347651352494e-01	2.654244241042391095e-01	1.662672605194044917e-01	7.712333419131252310e-02	3.369322267953597100e-02	8.422567030586139425e-02
2.284295280524437366e-01	1.421150048909255170e-01	2.664713496479880761e-01	1.669993792312996217e-01	7.742269128209984530e-02	3.389754649998596298e-02	8.466450039518547133e-02
2.268249256963254801e-01	1.410439737727894882e-01	2.674996492958012229e-01	1.677186198441166787e-01	7.771766322197776189e-02	3.409889807634987335e-02	8.509627009256781616e-02
2.252474769346156092e-01	1.399909342253949363e-01	2.685096789446584920e-01	1.684252039987929606e-01	7.800830515115697583e-02	3.429731291614067368e-02	8.552108782916878482e-02
2.236967203807695426e-01	1.389555842097141836e-01	2.695017869459425675e-01	1.691193496004697316e-01	7.829467187008777584e-02	3.449282641398782046e-02	8.593906057895679684e-02
2.221722025530138700e-01	1.379376267471075779e-01	2.704763142874639925e-01	1.698012708801633075e-01	7.857681782690230377e-02	3.468547383678400459e-02	8.635029386849341071e-02
2.206734777367080347e-01	1.369367698348449014e-01	2.714335947704826779e-01	1.704711784553946952e-01	7.885479710550886978e-02	3.487529030969083177e-02	8.675489178729851869e-02
2.192001078491740418e-01	1.359527263630385119e-01	2.723739551818802340e-01	1.711292793898039344e-01	7.912866341433441586e-02	3.506231080296270258e-02	8.715295699873473745e-02
2.177516623069481183e-01	1.349852140329632633e-01	2.732977154616313409e-01	1.717757772517716774e-01	7.939847007570849380e-02	3.524657011955086711e-02	8.754459075135483104e-02
2.163277178954091384e-01	1.340339552767380871e-01	2.742051888657178749e-01	1.724108721720707393e-01	7.966427001587948753e-02	3.542810288345148856e-02	8.792989289066178993e-02
2.149278586407391278e-01	1.330986771783459754e-01	2.750966821246241811e-01	1.730347609005681853e-01	7.992611575565219950e-02	3.560694352876390967e-02	8.830896187123506158e-02
2.135516756841727148e-01	1.321791113959685793e-01	2.759724955975481064e-01	1.736476368619976896e-01	8.018405940163372825e-02	3.578312628942668244e-02	8.868189476918113268e-02
2.121987671584923407e-01	1.312749940856132447e-01	2.768329234224570778e-01	1.742496902108213452e-01	8.043815263807370386e-02	3.595668518960089960e-02	8.904878729487002154e-02
2.108687380667276789e-01	1.303860658260099226e-01	2.776782536621147379e-01	1.748411078851980771e-01	8.068844671928364354e-02	3.612765403467173286e-02	8.940973380592283359e-02
2.095612001630176580e-01	1.295120715447564408e-01	2.785087684461996504e-01	1.754220736600765607e-01	8.093499246261955105e-02	3.629606640284051278e-02	8.976482732041829449e-02
2.082757718355952026e-01	1.286527604456911555e-01	2.793247441096326500e-01	1.759927681994280790e-01	8.117784024201114834e-02	3.646195563728098915e-02	9.011415953028951986e-02
2.070120779918546705e-01	1.278078859374720266e-01	2.801264513272269108e-01	1.765533691076359712e-01	8.141703998202079462e-02	3.662535483883458398e-02	9.045782081488387694e-02
2.057697499454637369e-01	1.269772055633419661e-01	2.809141552447699253e-01	1.771040509800556606e-01	8.165264115241480103e-02	3.678629685922074621e-02	9.079590025466205416e-02
2.045484253054810353e-01	1.261604809320606702e-01	2.816881156066436964e-01	1.776449854527608063e-01	8.188469276322975221e-02	3.694481429473925327e-02	9.112848564501370430e-02
2.033477478674430849e-01	1.253574776499830623e-01	2.824485868800853949e-01	1.781763412514888179e-01	8.211324336031634863e-02	3.710093948044271978e-02	9.145566351016946871e-02
2.021673675063828945e-01	1.245679652542659582e-01	2.831958183761882908e-01	1.786982842397999427e-01	8.233834102134329758e-02	3.725470448475811519e-02	9.177751911719048139e-02
2.010069400717455212e-01	1.237917171471833444e-01	2.839300543677380495e-01	1.792109774664624455e-01	8.256003335224409989e-02	3.740614110453731322e-02	9.209413649001819968e-02
1.998661272841646686e-01	1.230285105315325478e-01	2.846515342039788732e-01	1.797145812120773400e-01	8.277836748408946843e-02	3.755528086051728581e-02	9.240559842356881048e-02
1.987445966340661285e-01	1.222781263471129504e-01	2.853604924223976935e-01	1.802092530349544697e-01	8.299339007036850291e-02	3.770215499317156049e-02	9.271198649785775125e-02
1.976420212820644839e-01	1.215403492082593878e-01	2.860571588576144575e-01	1.806951478162525937e-01	8.320514728466210652e-02	3.784679445893508742e-02	9.301338109214089822e-02
1.965580799611197915e-01	1.208149673424131210e-01	2.867417587474628271e-01	1.811724178043950806e-01	8.341368481869232410e-02	3.798922992678574473e-02	9.330986139906020937e-02
1.954924568804216056e-01	1.201017725297129357e-01	2.874145128363421176e-01	1.816412126587724218e-01	8.361904788073158679e-02	3.812949177516590515e-02	9.360150543878252571e-02
1.944448416309691452e-01	1.194005600435898151e-01	2.880756374759202987e-01	1.821016794927435845e-01	8.382128119435644509e-02	3.826761008922867358e-02	9.388839007312121954e-02
1.934149290928157683e-01	1.187111285923483778e-01	2.887253447232637771e-01	1.825539629159463884e-01	8.402042899753037197e-02	3.840361465839364080e-02	9.417059101963098922e-02
1.924024193439475283e-01	1.180332802617189702e-01	2.893638424364685657e-01	1.829982050759284828e-01	8.421653504200110607e-02	3.853753497419778323e-02	9.444818286566694643e-02
1.914070175707658361e-01	1.173668204583645375e-01	2.899913343678641731e-01	1.834345456991090251e-01	8.440964259299804651e-02	3.866940022842771385e-02	9.472123908240012713e-02
1.904284339801448345e-01	1.167115578543262838e-01	2.906080202548596003e-01	1.838631221310815800e-01	8.459979442921559956e-02	3.879923931151993410e-02	9.498983203878157144e-02
1.894663837130346196e-01	1.160673043323929010e-01	2.912140959084993375e-01	1.842840693762685389e-01	8.478703284306923771e-02	3.892708081121647179e-02	9.525403301544836665e-02
1.885205867595817764e-01	1.154338749323779861e-01	2.918097532997933619e-01	1.846975201369369379e-01	8.497139964121083744e-02	3.905295301146349818e-02	9.551391221856513070e-02
1.875907678757403052e-01	1.148110877982908562e-01	2.923951806438854217e-01	1.851036048515857235e-01	8.515293614529077793e-02	3.917688389154137807e-02	9.576953879359505206e-02
1.866766565013451562e-01	1.141987641263861181e-01	2.929705624821199450e-01	1.855024517327139022e-01	8.533168319295458826e-02	3.929890112541469666e-02	9.602098083899518466e-02
1.857779866796217816e-01	1.135967281140770613e-01	2.935360797620672479e-01	1.858941868039792333e-01	8.550768113906186130e-02	3.941903208129156344e-02	9.626830541983091849e-02
1.848944969781056991e-01	1.130048069096994678e-01	2.940919099155641092e-01	1.862789339367569297e-01	8.568096985711656788e-02	3.953730382138175015e-02	9.651157858130521294e-02
1.840259304109467808e-01	1.124228305631109343e-01	2.946382269348257754e-01	1.866568148861073029e-01	8.585158874089721115e-02	3.965374310184371920e-02	9.675086536219809630e-02
1.831720343625725389e-01	1.118506319771127439e-01	2.951752014466829110e-01	1.870279493261615689e-01	8.601957670627634334e-02	3.976837637291092548e-02	9.698622980821287876e-02
1.823325605126861482e-01	1.112880468596802869e-01	2.957030007849957842e-01	1.873924548849350280e-01	8.618497219321924474e-02	3.988122977918821810e-02	9.721773498522531809e-02
1.815072647625751712e-01	1.107349136769886916e-01	2.962217890612965920e-01	1.877504471785758910e-01	8.634781316795155093e-02	3.999232916010963396e-02	9.744544299243250440e-02
1.806959071627069480e-01	1.101910736072209684e-01	2.967317272337089418e-01	1.881020398450587994e-01	8.650813712528676591e-02	4.010170005054889547e-02	9.766941497539871619e-02
1.798982518415875309e-01	1.096563704951453722e-01	2.972329731741918390e-01	1.884473445773315048e-01	8.666598109110394688e-02	4.020936768157475777e-02	9.788971113899512522e-02
1.791140669358616822e-01	1.091306508074494086e-01	2.977256817341544237e-01	1.887864711559229802e-01	8.682138162496717826e-02	4.031535698134314921e-02	9.810639076023128236e-02
1.783431245216310634e-01	1.086137635888181907e-01	2.982100048084864174e-01	1.891195274810215654e-01	8.697437482287803667e-02	4.041969257611896515e-02	9.831951220097591426e-02
1.775852005469691075e-01	1.081055604187445840e-01	2.986860913980476373e-01	1.894466196040308359e-01	8.712499632015305306e-02	4.052239879141994461e-02	9.852913292056501848e-02
1.768400747656108385e-01	1.076058953690594150e-01	2.991540876706582086e-01	1.897678517586118552e-01	8.727328129441834503e-02	4.062349965327617662e-02	9.873530948829541132e-02
1.761075306717966305e-01	1.071146249621695995e-01	2.996141370206306109e-01	1.900833263912191096e-01	8.741926446871384204e-02	4.072301888959826976e-02	9.893809759580229901e-02
1.753873554362491149e-01	1.066316081299924640e-01	3.000663801268835251e-01	1.903931441911385081e-01	8.756298011469967890e-02	4.082097993164818944e-02	9.913755206931891550e-02
1.746793398432631150e-01	1.061567061735751299e-01	3.005109550096749516e-01	1.906974041200348857e-01	8.770446205595840150e-02	4.091740591560648344e-02	9.933372688181750509e-02
1.739832782288883994e-01	1.056897827233872073e-01	3.009479970859924580e-01	1.909962034410164766e-01	8.784374367138571282e-02	4.101231968423021956e-02	9.952667516503002632e-02
1.732989684201858560e-01	1.052307037002760959e-01	3.013776392236366952e-01	1.912896377472243503e-01	8.798085789866375017e-02	4.110574378859595951e-02	9.971644922134778599e-02
1.726262116755381826e-01	1.047793372770735171e-01	3.018000117940328741e-01	1.915778009899535284e-01	8.811583723781075961e-02	4.119770048992261319e-02	9.990310053559905978e-02
1.719648126259956111e-01	1.043355538408428790e-01	3.022152427238042893e-01	1.918607855063136913e-01	8.824871375480111690e-02	4.128821176146892091e-02	1.000866797867040053e-01
1.713145792176388182e-01	1.038992259557567632e-01	3.026234575451413611e-01	1.921386820464363321e-01	8.837951908525042144e-02	4.137729929050070615e-02	1.002672368592061602e-01
1.706753226549405644e-01	1.034702283265939576e-01	3.030247794449972831e-01	1.924115798002353217e-01	8.850828443816005642e-02	4.146498448032329837e-02	1.004448208546801502e-01
1.700468573451085208e-01	1.030484377628460846e-01	3.034193293131421387e-01	1.926795664237282435e-01	8.863504059971616389e-02	4.155128845237453933e-02	1.006194801030149827e-01
1.694290008433915751e-01	1.026337331434233752e-01	3.038072257891055172e-01	1.929427280649251564e-01	8.875981793713812185e-02	4.163623204837418185e-02	1.007912621735728015e-01
1.688215737993325194e-01	1.022259953819501244e-01	3.041885853080362190e-01	1.932011493892914766e-01	8.888264640257197147e-02	4.171983583252549671e-02	1.009602138862229215e-01
1.682243999039507720e-01	1.018251073926395994e-01	3.045635221455084696e-01	1.934549136047918061e-01	8.900355553702404832e-02	4.180212009376526455e-02	1.011263813222508245e-01
1.676373058378379244e-01	1.014309540567390894e-01	3.049321484613011224e-01	1.937041024865213956e-01	8.912257447433080682e-02	4.188310484805826683e-02	1.012898098351421999e-01
1.670601212201503483e-01	1.010434221895357143e-01	3.052945743421779379e-01	1.939487964009312393e-01	8.923973194516057750e-02	4.196280984073282733e-02	1.014505440612421538e-01
1.664926785584830982e-01	1.006624005079133494e-01	3.056509078436934201e-01	1.941890743296541821e-01	8.935505628104342679e-02	4.204125454885387914e-02	1.016086279302895329e-01
1.659348131996091213e-01	1.002877795984518927e-01	3.060012550310504675e-01	1.944250138929370930e-01	8.946857541842542783e-02	4.211845818363030985e-02	1.017641046758267082e-01
1.653863632810688156e-01	9.991945188605970418e-02	3.063457200190340957e-01	1.946566913726863191e-01	8.958031690274370629e-02	4.219443969285350399e-02	1.019170168454849174e-01
1.648471696835948352e-01	9.955731160313045780e-02	3.066844050110449915e-01	1.948841817351322503e-01	8.969030789251900004e-02	4.226921776336396708e-02	1.020674063111456503e-01
1.643170759843570472e-01	9.920125475921562352e-02	3.070174103372558250e-01	1.951075586531187400e-01	8.979857516346231860e-02	4.234281082354333231e-02	1.022153142789783142e-01
1.637959284110139524e-01	9.885117911120405720e-02	3.073448344919129105e-01	1.953268945280237923e-01	8.990514511259289909e-02	4.241523704582893239e-02	1.023607812993547195e-01
1.632835757965554191e-01	9.850698413400034437e-02	3.076667741698052572e-01	1.955422605113169843e-01	9.001004376236430848e-02	4.248651434924832770e-02	1.025038472766407194e-01
1.627798695349235159e-01	9.816857099169352951e-02	3.079833243019214906e-01	1.957537265257597303e-01	9.011329676479602757e-02	4.255666040197138289e-02	1.026445514788657809e-01
1.622846635373975943e-01	9.783584250920805692e-02	3.082945780903159627e-01	1.959613612862539100e-01	9.021492940560778273e-02	4.262569262387745639e-02	1.027829325472707223e-01
1.617978141897296607e-01	9.750870314442916520e-02	3.086006270422038122e-01	1.961652323203444126e-01	9.031496660835428014e-02	4.269362818913553098e-02	1.029190285057346305e-01
1.613191803100177124e-01	9.718705896079445072e-02	3.089015610033038484e-01	1.963654059883813419e-01	9.041343293855783059e-02	4.276048402879503718e-02	1.030528767700812920e-01
1.608486231073033568e-01	9.687081760034423061e-02	3.091974681904490208e-01	1.965619475033470731e-01	9.051035260783657499e-02	4.282627683338542657e-02	1.031845141572659136e-01
1.603860061408813875e-01	9.655988825722282287e-02	3.094884352234818503e-01	1.967549209503537955e-01	9.060574947802621515e-02	4.289102305552248973e-02	1.033139768944431325e-01
1.599311952803087467e-01	9.625418165162342998e-02	3.097745471564536390e-01	1.969443893058163975e-01	9.069964706529329290e-02	4.295473891251961468e-02	1.034413006279166075e-01
1.594840586661006032e-01	9.595361000416904873e-02	3.100558875081438903e-01	1.971304144563067184e-01	9.079206854423794992e-02	4.301744038900218170e-02	1.035665204319713983e-01
1.590444666711014199e-01	9.565808701072235631e-02	3.103325382919172593e-01	1.973130572170931907e-01	9.088303675198439180e-02	4.307914323952344998e-02	1.036896708175897575e-01
1.586122918625192668e-01	9.536752781761739794e-02	3.106045800449342420e-01	1.974923773503719227e-01	9.097257419225741881e-02	4.313986299118036105e-02	1.038107857410512369e-01
1.581874089646120585e-01	9.508184899730577622e-02	3.108720918567315916e-01	1.976684335831935535e-01	9.106070303944328870e-02	4.319961494622771847e-02	1.039298986124179563e-01
1.577696948220136952e-01	9.480096852441097233e-02	3.111351513971875038e-01	1.978412836250911244e-01	9.114744514263334318e-02	4.325841418468936300e-02	1.040470423039059900e-01
1.573590283636895903e-01	9.452480575218345782e-02	3.113938349438875042e-01	1.980109841854136299e-01	9.123282202964912158e-02	4.331627556696491382e-02	1.041622491581437882e-01
1.569552905675100918e-01	9.425328138935036570e-02	3.116482174089047485e-01	1.981775909903701061e-01	9.131685491104740704e-02	4.337321373643091699e-02	1.042755509963184113e-01
1.565583644254314732e-01	9.398631747735272657e-02	3.118983723650090578e-01	1.983411587997888914e-01	9.139956468410405377e-02	4.342924312203504805e-02	1.043869791262108104e-01
1.561681349092733373e-01	9.372383736796430220e-02	3.121443720713194536e-01	1.985017414235965560e-01	9.148097193677523498e-02	4.348437794088230030e-02	1.044965643501209185e-01
1.557844889370826325e-01	9.346576570128523054e-02	3.123862874984120741e-01	1.986593917380214402e-01	9.156109695163516804e-02	4.353863220081202745e-02	1.046043369726835925e-01
1.554073153400735707e-01	9.321202838410434788e-02	3.126241883528980692e-01	1.988141617015256601e-01	9.163995970978912331e-02	4.359201970296495282e-02	1.047103268085764621e-01
1.550365048301339255e-01	9.296255256862431815e-02	3.128581431014832437e-01	1.989661023704705489e-01	9.171757989476073125e-02	4.364455404433888186e-02	1.048145631901205577e-01
1.546719499678871901e-01	9.271726663154311598e-02	3.130882189945221050e-01	1.991152639145195857e-01	9.179397689635271362e-02	4.369624862033257701e-02	1.049170749747749959e-01
1.543135451313016882e-01	9.247610015348614598e-02	3.133144820890781945e-01	1.992616956317831423e-01	9.186916981448009500e-02	4.374711662727662209e-02	1.050178905525264578e-01
1.539611864848364764e-01	9.223898389878315562e-02	3.135369972715029707e-01	1.994054459637092658e-01	9.194317746297513139e-02	4.379717106495066570e-02	1.051170378531747079e-01
1.536147719491151864e-01	9.200584979558402987e-02	3.137558282795439579e-01	1.995465625097246343e-01	9.201601837336330358e-02	4.384642473908616916e-02	1.052145443535151409e-01
1.532742011711182573e-01	9.177663091630819392e-02	3.139710377239934291e-01	1.996850920416297082e-01	9.208771079860940401e-02	4.389489026385402781e-02	1.053104370844195059e-01
1.529393754948850659e-01	9.155126145842139296e-02	3.141826871098886698e-01	1.998210805177522142e-01	9.215827271683334210e-02	4.394258006433635066e-02	1.054047426378155045e-01
1.526101979327162961e-01	9.132967672553519989e-02	3.143908368572745360e-01	1.999545730968627921e-01	9.222772183499500231e-02	4.398950637898180888e-02	1.054974871735669811e-01
1.522865731368690245e-01	9.111181310882306150e-02	3.145955463215373005e-01	2.000856141518567444e-01	9.229607559254750238e-02	4.403568126204386590e-02	1.055886964262550687e-01
1.519684073717348372e-01	9.089760806874831733e-02	3.147968738133216093e-01	2.002142472832058595e-01	9.236335116505849097e-02	4.408111658600154942e-02	1.056783957118619804e-01
1.516556084864932874e-01	9.068700011709848741e-02	3.149948766180383775e-01	2.003405153321835552e-01	9.242956546779894367e-02	4.412582404396204333e-02	1.057666099343579913e-01
1.513480858882323143e-01	9.047992879932087451e-02	3.151896110149745578e-01	2.004644603938679492e-01	9.249473515929904077e-02	4.416981515204478070e-02	1.058533635921931337e-01
1.510457505155275992e-01	9.027633467715444338e-02	3.153811322960132779e-01	2.005861238299256333e-01	9.255887664487087718e-02	4.421310125174650330e-02	1.059386807846943862e-01
1.507485148124726448e-01	9.007615931155316114e-02	3.155694947839728370e-01	2.007055462811801472e-01	9.262200608009740765e-02	4.425569351228696852e-02	1.060225852183696027e-01
1.504562927031523056e-01	8.987934524589558105e-02	3.157547518505744444e-01	2.008227676799688721e-01	9.268413937428762739e-02	4.429760293293488055e-02	1.061051002131190857e-01
1.501689995665513866e-01	8.968583598947633961e-02	3.159369559340462486e-01	2.009378272622914241e-01	9.274529219389755774e-02	4.433884034531367091e-02	1.061862487083562040e-01
1.498865522118915661e-01	8.949557600127452939e-02	3.161161585563721510e-01	2.010507635797531834e-01	9.280547996591674564e-02	4.437941641568696888e-02	1.062660532690376941e-01
1.496088688543887602e-01	8.930851067399435406e-02	3.162924103401938414e-01	2.011616145113073739e-01	9.286471788122023507e-02	4.441934164722327605e-02	1.063445360916050741e-01
1.493358690914237397e-01	8.912458631837363865e-02	3.164657610253731046e-01	2.012704172747989406e-01	9.292302089788577468e-02	4.445862638223972707e-02	1.064217190098380728e-01
1.490674738791189224e-01	8.894375014775567079e-02	3.166362594852230039e-01	2.013772084383135264e-01	9.298040374447602563e-02	4.449728080442467981e-02	1.064976235006212107e-01
1.488036055093145682e-01	8.876595026291989043e-02	3.168039537424147123e-01	2.014820239313346861e-01	9.303688092328585291e-02	4.453531494103886434e-02	1.065722706896245348e-01
1.485441875869370765e-01	8.859113563716722317e-02	3.169688909845670977e-01	2.015848990557127240e-01	9.309246671355438096e-02	4.457273866509498667e-02	1.066456813568996270e-01
1.482891450077526985e-01	8.841925610165572713e-02	3.171311175795273885e-01	2.016858684964479009e-01	9.314717517464195240e-02	4.460956169751559980e-02	1.067178759423918627e-01
1.480384039365005289e-01	8.825026233098230699e-02	3.172906790903479712e-01	2.017849663322915099e-01	9.320102014917178157e-02	4.464579360926902024e-02	1.067888745513700804e-01
1.477918917853975611e-01	8.808410582900649821e-02	3.174476202899672028e-01	2.018822260461675400e-01	9.325401526613648351e-02	4.468144382348333138e-02	1.068586969597746239e-01
1.475495371930098665e-01	8.792073891491226922e-02	3.176019851756010093e-01	2.019776805354179250e-01	9.330617394396920061e-02	4.471652161753820326e-02	1.069273626194848087e-01
1.473112700034833467e-01	8.776011470950369209e-02	3.177538169828508230e-01	2.020713621218744316e-01	9.335750939357964628e-02	4.475103612513453566e-02	1.069948906635068836e-01
1.470770212461281201e-01	8.760218712173073463e-02	3.179031581995342970e-01	2.021633025617600443e-01	9.340803462135488511e-02	4.478499633834185506e-02	1.070612999110834296e-01
1.468467231153501584e-01	8.744691083544138543e-02	3.180500505792455690e-01	2.022535330554224853e-01	9.345776243212511325e-02	4.481841110962334757e-02	1.071266088727253346e-01
1.466203089509244550e-01	8.729424129635598995e-02	3.181945351546500156e-01	2.023420842569028655e-01	9.350670543209423091e-02	4.485128915383858328e-02	1.071908357551673019e-01
1.463977132186038976e-01	8.714413469926042544e-02	3.183366522505196583e-01	2.024289862833422160e-01	9.355487603173562317e-02	4.488363905022384887e-02	1.072539984662478213e-01
1.461788714910575715e-01	8.699654797541439555e-02	3.184764414965153279e-01	2.025142687242283690e-01	9.360228644865298264e-02	4.491546924435006749e-02	1.073161146197147836e-01
1.459637204291337476e-01	8.685143878017097252e-02	3.186139418397203604e-01	2.025979606504860753e-01	9.364894871040654878e-02	4.494678805005838940e-02	1.073772015399574870e-01
1.457521977634408938e-01	8.670876548080423685e-02	3.187491915569312662e-01	2.026800906234129396e-01	9.369487465730463871e-02	4.497760365137339067e-02	1.074372762666663123e-01
1.455442422762423527e-01	8.656848714454118410e-02	3.188822282667112540e-01	2.027606867034634497e-01	9.374007594516083064e-02	4.500792410439393570e-02	1.074963555594207198e-01
1.453397937836583831e-01	8.643056352679474863e-02	3.190130889412109427e-01	2.028397764588841523e-01	9.378456404801691071e-02	4.503775733916177276e-02	1.075544559022068303e-01
1.451387931181708779e-01	8.629495505959439150e-02	3.191418099177616430e-01	2.029173869742019742e-01	9.382835026083162500e-02	4.506711116150789037e-02	1.076115935078653940e-01
1.449411821114252041e-01	8.616162284021099127e-02	3.192684269102456507e-01	2.029935448585684921e-01	9.387144570213569461e-02	4.509599325487669702e-02	1.076677843224710801e-01
1.447469035773245039e-01	8.603052861997291523e-02	3.193929750202492701e-01	2.030682762539621211e-01	9.391386131665288572e-02	4.512441118212807273e-02	1.077230440296441105e-01
1.445559012954109324e-01	8.590163479326977380e-02	3.195154887480016193e-01	2.031416068432511934e-01	9.395560787788780066e-02	4.515237238731746594e-02	1.077773880547951424e-01
1.443681199945292537e-01	8.577490438674106876e-02	3.196360020031053795e-01	2.032135618581196457e-01	9.399669599068025128e-02	4.517988419745398027e-02	1.078308315693043140e-01
1.441835053367680197e-01	8.565030104864629346e-02	3.197545481150628199e-01	2.032841660868580924e-01	9.403713609372661708e-02	4.520695382423670777e-02	1.078833894946353844e-01
1.440020039016731701e-01	8.552778903841376512e-02	3.198711598436013714e-01	2.033534438820222556e-01	9.407693846206831301e-02	4.523358836576926723e-02	1.079350765063858270e-01
1.438235631707299178e-01	8.540733321636491404e-02	3.199858693888036898e-01	2.034214191679610262e-01	9.411611320954771376e-02	4.525979480825279011e-02	1.079859070382739455e-01
1.436481315121079239e-01	8.528889903361122626e-02	3.200987084010459838e-01	2.034881154482163224e-01	9.415467029123164577e-02	4.528558002765736834e-02	1.080358952860636101e-01
1.434756581656654317e-01	8.517245252212110596e-02	3.202097079907478272e-01	2.035535558127969935e-01	9.419261950580284926e-02	4.531095079137215792e-02	1.080850552114277913e-01
1.433060932282080313e-01	8.505796028495328509e-02	3.203188987379387842e-01	2.036177629453288229e-01	9.422997049791950741e-02	4.533591375983423571e-02	1.081334005457515179e-01
1.431393876389974174e-01	8.494538948665468492e-02	3.204263107016444567e-01	2.036807591300826836e-01	9.426673276054321760e-02	4.536047548813638974e-02	1.081809447938754110e-01
1.429754931655060068e-01	8.483470784381944019e-02	3.205319734290961731e-01	2.037425662588828179e-01	9.430291563723569581e-02	4.538464242761389156e-02	1.082277012377802911e-01
1.428143623894134739e-01	8.472588361580654648e-02	3.206359159647680923e-01	2.038032058378974332e-01	9.433852832442429781e-02	4.540842092741053521e-02	1.082736829402139445e-01
1.426559486928406784e-01	8.461888559561359102e-02	3.207381668592449442e-01	2.038626989943134737e-01	9.437357987363680090e-02	4.543181723602397748e-02	1.083189027482609618e-01
1.425002062448169904e-01	8.451368310090381919e-02	3.208387541779236796e-01	2.039210664828975117e-01	9.440807919370577950e-02	4.545483750283058066e-02	1.083633732968561358e-01
1.423470899879774321e-01	8.441024596518385825e-02	3.209377055095535836e-01	2.039783286924445882e-01	9.444203505294261614e-02	4.547748777958992433e-02	1.084071070122424874e-01
1.421965556254850271e-01	8.430854452912997510e-02	3.210350479746165719e-01	2.040345056521172262e-01	9.447545608128167516e-02	4.549977402192919435e-02	1.084501161153748477e-01
1.420485596081753066e-01	8.420854963205974542e-02	3.211308082335519454e-01	2.040896170376759466e-01	9.450835077239473636e-02	4.552170209080745600e-02	1.084924126252694021e-01
1.419030591219182791e-01	8.411023260354749675e-02	3.212250124948285435e-01	2.041436821776035915e-01	9.454072748577618812e-02	4.554327775396017908e-02	1.085340083623003438e-01
1.417600120751952297e-01	8.401356525518018092e-02	3.213176865228670742e-01	2.041967200591248977e-01	9.457259444879898003e-02	4.556450668732406339e-02	1.085749149514442236e-01
1.416193770868856561e-01	8.391851987245221856e-02	3.214088556458161716e-01	2.042487493341232918e-01	9.460395975874207053e-02	4.558539447644241460e-02	1.086151438254728402e-01
1.414811134742612886e-01	8.382506920679638762e-02	3.214985447631847904e-01	2.042997883249565994e-01	9.463483138478902268e-02	4.560594661785115356e-02	1.086547062280954629e-01
