1.001418434226643626e+03	2.894738162245838464e-01	1.744924587688556628e-01	2.322144509791073674e-01	1.402900314936887383e-01	6.889620359882298040e-02	2.685624172253450043e-02	6.777679721240895128e-02
1.002869765290740247e+03	2.892197513740826231e-01	1.743360752481332987e-01	2.323901662973705817e-01	1.403963733306905493e-01	6.893960771315328639e-02	2.687734748774588123e-02	6.784067854882587512e-02
1.004321096354836754e+03	2.889661007775681800e-01	1.741799467371492605e-01	2.325655879034979334e-01	1.405025324627444394e-01	6.898293949698214300e-02	2.689842206570263947e-02	6.790447055635746854e-02
1.005772427418933376e+03	2.887128637582231372e-01	1.740240728191771724e-01	2.327407162790385564e-01	1.406085092319977470e-01	6.902619907792174880e-02	2.691946550634067431e-02	6.796817332730296923e-02
1.007223758483029997e+03	2.884600396403403377e-01	1.738684530781747228e-01	2.329155519047541589e-01	1.407143039798640916e-01	6.906938658333688918e-02	2.694047785951459231e-02	6.803178695401713993e-02
1.008675089547126618e+03	2.882076277493211824e-01	1.737130870987823317e-01	2.330900952606204668e-01	1.408199170470251227e-01	6.911250214034556083e-02	2.696145917499782538e-02	6.809531152890938022e-02
1.010126420611223239e+03	2.879556274116736869e-01	1.735579744663222068e-01	2.332643468258282504e-01	1.409253487734325183e-01	6.915554587581945745e-02	2.698240950248278341e-02	6.815874714444285221e-02
1.011577751675319632e+03	2.877040379550108162e-01	1.734031147667970951e-01	2.334383070787849346e-01	1.410305994983097888e-01	6.919851791638460814e-02	2.700332889158097924e-02	6.822209389313357852e-02
1.013029082739416367e+03	2.874528587080482644e-01	1.732485075868891444e-01	2.336119764971155977e-01	1.411356695601541922e-01	6.924141838842186314e-02	2.702421739182315347e-02	6.828535186754958186e-02
1.014480413803512761e+03	2.872020890006030669e-01	1.730941525139588488e-01	2.337853555576643871e-01	1.412405592967385659e-01	6.928424741806747666e-02	2.704507505265942024e-02	6.834852116030998292e-02
1.015931744867609382e+03	2.869517281635914907e-01	1.729400491360439940e-01	2.339584447364958519e-01	1.413452690451132143e-01	6.932700513121364816e-02	2.706590192345938173e-02	6.841160186408418165e-02
1.017383075931706003e+03	2.867017755290274805e-01	1.727861970418582693e-01	2.341312445088960248e-01	1.414497991416076295e-01	6.936969165350907740e-02	2.708669805351227727e-02	6.847459407159091349e-02
1.018834406995802851e+03	2.864522304300205491e-01	1.726325958207904909e-01	2.343037553493739211e-01	1.415541499218326005e-01	6.941230711035953349e-02	2.710746349202711181e-02	6.853749787559744455e-02
1.020285738059899245e+03	2.862030922007741118e-01	1.724792450629031859e-01	2.344759777316627325e-01	1.416583217206817680e-01	6.945485162692834058e-02	2.712819828813277725e-02	6.860031336891873888e-02
1.021737069123995752e+03	2.859543601765837106e-01	1.723261443589316488e-01	2.346479121287209924e-01	1.417623148723336224e-01	6.949732532813697461e-02	2.714890249087819479e-02	6.866304064441654254e-02
1.023188400188092373e+03	2.857060336938350709e-01	1.721732933002827481e-01	2.348195590127340471e-01	1.418661297102532526e-01	6.953972833866560455e-02	2.716957614923243974e-02	6.872567979499856483e-02
1.024639731252188767e+03	2.854581120900024360e-01	1.720206914790338715e-01	2.349909188551151107e-01	1.419697665671942333e-01	6.958206078295359198e-02	2.719021931208487342e-02	6.878823091361763176e-02
1.026091062316285615e+03	2.852105947036466249e-01	1.718683384879317877e-01	2.351619921265066804e-01	1.420732257752004013e-01	6.962432278520010176e-02	2.721083202824527841e-02	6.885069409327085332e-02
1.027542393380382237e+03	2.849634808744134773e-01	1.717162339203915089e-01	2.353327792967817300e-01	1.421765076656076598e-01	6.966651446936457381e-02	2.723141434644397660e-02	6.891306942699879090e-02
1.028993724444478858e+03	2.847167699430318000e-01	1.715643773704952080e-01	2.355032808350450424e-01	1.422796125690458102e-01	6.970863595916729216e-02	2.725196631533197134e-02	6.897535700788459678e-02
1.030445055508575479e+03	2.844704612513116460e-01	1.714127684329911361e-01	2.356734972096343750e-01	1.423825408154403005e-01	6.975068737808991226e-02	2.727248798348107933e-02	6.903755692905325092e-02
1.031896386572671872e+03	2.842245541421426491e-01	1.712614067032925125e-01	2.358434288881217644e-01	1.424852927340141129e-01	6.979266884937600224e-02	2.729297939938404513e-02	6.909966928367067274e-02
1.033347717636768493e+03	2.839790479594920258e-01	1.711102917774763588e-01	2.360130763373147755e-01	1.425878686532894568e-01	6.983458049603157025e-02	2.731344061145468682e-02	6.916169416494293010e-02
1.034799048700865114e+03	2.837339420484029651e-01	1.709594232522824719e-01	2.361824400232577503e-01	1.426902689010896008e-01	6.987642244082559184e-02	2.733387166802801402e-02	6.922363166611543439e-02
1.036250379764961508e+03	2.834892357549928521e-01	1.708088007251122864e-01	2.363515204112330570e-01	1.427924938045405934e-01	6.991819480629056505e-02	2.735427261736037008e-02	6.928548188047213563e-02
1.037701710829058356e+03	2.832449284264512146e-01	1.706584237940278470e-01	2.365203179657623667e-01	1.428945436900731503e-01	6.995989771472301000e-02	2.737464350762953622e-02	6.934724490133468977e-02
1.039153041893154750e+03	2.830010194110383903e-01	1.705082920577505878e-01	2.366888331506079579e-01	1.429964188834242922e-01	7.000153128818398240e-02	2.739498438693489454e-02	6.940892082206166769e-02
1.040604372957251599e+03	2.827575080580834732e-01	1.703584051156603607e-01	2.368570664287736882e-01	1.430981197096392321e-01	7.004309564849965641e-02	2.741529530329752870e-02	6.947050973604780577e-02
1.042055704021347992e+03	2.825143937179824816e-01	1.702087625677942972e-01	2.370250182625066315e-01	1.431996464930730129e-01	7.008459091726181034e-02	2.743557630466035915e-02	6.953201173672313162e-02
1.043507035085444613e+03	2.822716757421968037e-01	1.700593640148456986e-01	2.371926891132979665e-01	1.433009995573923667e-01	7.012601721582832626e-02	2.745582743888827851e-02	6.959342691755225629e-02
1.044958366149541234e+03	2.820293534832513105e-01	1.699102090581629809e-01	2.373600794418844473e-01	1.434021792255773531e-01	7.016737466532375900e-02	2.747604875376827988e-02	6.965475537203351386e-02
1.046409697213637855e+03	2.817874262947326902e-01	1.697612972997485647e-01	2.375271897082495975e-01	1.435031858199231347e-01	7.020866338663983575e-02	2.749624029700956443e-02	6.971599719369823978e-02
1.047861028277734476e+03	2.815458935312875610e-01	1.696126283422578485e-01	2.376940203716248201e-01	1.436040196620417819e-01	7.024988350043599727e-02	2.751640211624369406e-02	6.977715247610997984e-02
1.049312359341831097e+03	2.813047545486207501e-01	1.694642017889979868e-01	2.378605718904907573e-01	1.437046810728639379e-01	7.029103512713984203e-02	2.753653425902470586e-02	6.983822131286371304e-02
1.050763690405927491e+03	2.810640087034936285e-01	1.693160172439270306e-01	2.380268447225784567e-01	1.438051703726405395e-01	7.033211838694775064e-02	2.755663677282924051e-02	6.989920379758507440e-02
1.052215021470024112e+03	2.808236553537222790e-01	1.691680743116526220e-01	2.381928393248706477e-01	1.439054878809445659e-01	7.037313339982530225e-02	2.757670970505667063e-02	6.996010002392963334e-02
1.053666352534120733e+03	2.805836938581758311e-01	1.690203725974311622e-01	2.383585561536029629e-01	1.440056339166727040e-01	7.041408028550785736e-02	2.759675310302922221e-02	7.002091008558206098e-02
1.055117683598217127e+03	2.803441235767746287e-01	1.688729117071664232e-01	2.385239956642650483e-01	1.441056087980471523e-01	7.045495916350101584e-02	2.761676701399211342e-02	7.008163407625546404e-02
1.056569014662313975e+03	2.801049438704885097e-01	1.687256912474087434e-01	2.386891583116020066e-01	1.442054128426172033e-01	7.049577015308115813e-02	2.763675148511365864e-02	7.014227208969055216e-02
1.058020345726410369e+03	2.798661541013351406e-01	1.685787108253538891e-01	2.388540445496154241e-01	1.443050463672610750e-01	7.053651337329595872e-02	2.765670656348542464e-02	7.020282421965493014e-02
1.059471676790506763e+03	2.796277536323782953e-01	1.684319700488418892e-01	2.390186548315646475e-01	1.444045096881874934e-01	7.057718894296488577e-02	2.767663229612233114e-02	7.026329055994234851e-02
1.060923007854603611e+03	2.793897418277259126e-01	1.682854685263561467e-01	2.391829896099680053e-01	1.445038031209374130e-01	7.061779698067968680e-02	2.769652872996278270e-02	7.032367120437198194e-02
1.062374338918700232e+03	2.791521180525285972e-01	1.681392058670221346e-01	2.393470493366040841e-01	1.446029269803857376e-01	7.065833760480492998e-02	2.771639591186880053e-02	7.038396624678767977e-02
1.063825669982796853e+03	2.789148816729778435e-01	1.679931816806065903e-01	2.395108344625128116e-01	1.447018815807429304e-01	7.069881093347846202e-02	2.773623388862614392e-02	7.044417578105720279e-02
1.065277001046893474e+03	2.786780320563042590e-01	1.678473955775162951e-01	2.396743454379967331e-01	1.448006672355567348e-01	7.073921708461197722e-02	2.775604270694442821e-02	7.050429990107155709e-02
1.066728332110990095e+03	2.784415685707758992e-01	1.677018471687969359e-01	2.398375827126222881e-01	1.448992842577139228e-01	7.077955617589144766e-02	2.777582241345726358e-02	7.056433870074420300e-02
1.068179663175086489e+03	2.782054905856965465e-01	1.675565360661323555e-01	2.400005467352209210e-01	1.449977329594417386e-01	7.081982832477766443e-02	2.779557305472236256e-02	7.062429227401040288e-02
1.069630994239183110e+03	2.779697974714039344e-01	1.674114618818431099e-01	2.401632379538902740e-01	1.450960136523098409e-01	7.086003364850672337e-02	2.781529467722167887e-02	7.068416071482643004e-02
1.071082325303279504e+03	2.777344885992680257e-01	1.672666242288857463e-01	2.403256568159955475e-01	1.451941266472316638e-01	7.090017226409052464e-02	2.783498732736152878e-02	7.074394411716894426e-02
1.072533656367376352e+03	2.774995633416895147e-01	1.671220227208515818e-01	2.404878037681704439e-01	1.452920722544663035e-01	7.094024428831727236e-02	2.785465105147270914e-02	7.080364257503421466e-02
1.073984987431472746e+03	2.772650210720978836e-01	1.669776569719655934e-01	2.406496792563185827e-01	1.453898507836199894e-01	7.098024983775194641e-02	2.787428589581062571e-02	7.086325618243742575e-02
1.075436318495569594e+03	2.770308611649497377e-01	1.668335265970855574e-01	2.408112837256146110e-01	1.454874625436478608e-01	7.102018902873682982e-02	2.789389190655540765e-02	7.092278503341198359e-02
1.076887649559666215e+03	2.767970829957273060e-01	1.666896312117008838e-01	2.409726176205053416e-01	1.455849078428555488e-01	7.106006197739198060e-02	2.791346912981204631e-02	7.098222922200884966e-02
1.078338980623762609e+03	2.765636859409365544e-01	1.665459704319315615e-01	2.411336813847111127e-01	1.456821869889007304e-01	7.109986879961573136e-02	2.793301761161050278e-02	7.104158884229579141e-02
1.079790311687859230e+03	2.763306693781054091e-01	1.664025438745271035e-01	2.412944754612268705e-01	1.457793002887948774e-01	7.113960961108514724e-02	2.795253739790584668e-02	7.110086398835674393e-02
1.081241642751955851e+03	2.760980326857823686e-01	1.662593511568656313e-01	2.414550002923232519e-01	1.458762480489047553e-01	7.117928452725653943e-02	2.797202853457836369e-02	7.116005475429106053e-02
1.082692973816052472e+03	2.758657752435345056e-01	1.661163918969527364e-01	2.416152563195479996e-01	1.459730305749541712e-01	7.121889366336596472e-02	2.799149106743368393e-02	7.121916123421294376e-02
1.084144304880149093e+03	2.756338964319460239e-01	1.659736657134203708e-01	2.417752439837269340e-01	1.460696481720254736e-01	7.125843713442971128e-02	2.801092504220291032e-02	7.127818352225061271e-02
1.085595635944245487e+03	2.754023956326163702e-01	1.658311722255259302e-01	2.419349637249653129e-01	1.461661011445611891e-01	7.129791505524472883e-02	2.803033050454272618e-02	7.133712171254576184e-02
1.087046967008342108e+03	2.751712722281587364e-01	1.656889110531512277e-01	2.420944159826489139e-01	1.462623897963656328e-01	7.133732754038915602e-02	2.804970750003553046e-02	7.139597589925279764e-02
1.088498298072438729e+03	2.749405256021983934e-01	1.655468818168013834e-01	2.422536011954451729e-01	1.463585144306065455e-01	7.137667470422280613e-02	2.806905607418955922e-02	7.145474617653822802e-02
1.089949629136535123e+03	2.747101551393706931e-01	1.654050841376037972e-01	2.424125198013044324e-01	1.464544753498165375e-01	7.141595666088763894e-02	2.808837627243899321e-02	7.151343263857999621e-02
1.091400960200631971e+03	2.744801602253198469e-01	1.652635176373071779e-01	2.425711722374611634e-01	1.465502728558948364e-01	7.145517352430821867e-02	2.810766814014409309e-02	7.157203537956675909e-02
1.092852291264728365e+03	2.742505402466969833e-01	1.651221819382804878e-01	2.427295589404350473e-01	1.466459072501088146e-01	7.149432540819221360e-02	2.812693172259132096e-02	7.163055449369730432e-02
1.094303622328825213e+03	2.740212945911584819e-01	1.649810766635118331e-01	2.428876803460321143e-01	1.467413788330955149e-01	7.153341242603089567e-02	2.814616706499344090e-02	7.168899007517988420e-02
1.095754953392921607e+03	2.737924226473644196e-01	1.648402014366076307e-01	2.430455368893460200e-01	1.468366879048633167e-01	7.157243469109952905e-02	2.816537421248966819e-02	7.174734221823150793e-02
1.097206284457018228e+03	2.735639238049769606e-01	1.646995558817914151e-01	2.432031290047592109e-01	1.469318347647933787e-01	7.161139231645795300e-02	2.818455321014576992e-02	7.180561101707733096e-02
1.098657615521114849e+03	2.733357974546585245e-01	1.645591396239028947e-01	2.433604571259439797e-01	1.470268197116413600e-01	7.165028541495097048e-02	2.820370410295420030e-02	7.186379656595007215e-02
1.100108946585211470e+03	2.731080429880702320e-01	1.644189522883968968e-01	2.435175216858636582e-01	1.471216430435388356e-01	7.168911409920887545e-02	2.822282693583419086e-02	7.192189895908926434e-02
1.101560277649308091e+03	2.728806597978702952e-01	1.642789935013423963e-01	2.436743231167739498e-01	1.472163050579948784e-01	7.172787848164786928e-02	2.824192175363191351e-02	7.197991829074067149e-02
1.103011608713404712e+03	2.726536472777122966e-01	1.641392628894213779e-01	2.438308618502238179e-01	1.473108060518976969e-01	7.176657867447056027e-02	2.826098860112056729e-02	7.203785465515570585e-02
1.104462939777501106e+03	2.724270048222434126e-01	1.639997600799280031e-01	2.439871383170568175e-01	1.474051463215160507e-01	7.180521478966646332e-02	2.828002752300051020e-02	7.209570814659070626e-02
1.105914270841597499e+03	2.722007318271031373e-01	1.638604847007675003e-01	2.441431529474122619e-01	1.474993261625009155e-01	7.184378693901238844e-02	2.829903856389937369e-02	7.215347885930636918e-02
1.107365601905694348e+03	2.719748276889213390e-01	1.637214363804551653e-01	2.442989061707262766e-01	1.475933458698868994e-01	7.188229523407298205e-02	2.831802176837219104e-02	7.221116688756709645e-02
1.108816932969790741e+03	2.717492918053167616e-01	1.635826147481153348e-01	2.444543984157329375e-01	1.476872057380938519e-01	7.192073978620112940e-02	2.833697718090150489e-02	7.226877232564044018e-02
1.110268264033887590e+03	2.715241235748952486e-01	1.634440194334803031e-01	2.446096301104656034e-01	1.477809060609283631e-01	7.195912070653848192e-02	2.835590484589748869e-02	7.232629526779640883e-02
1.111719595097984211e+03	2.712993223972482992e-01	1.633056500668896016e-01	2.447646016822578596e-01	1.478744471315852627e-01	7.199743810601584582e-02	2.837480480769806815e-02	7.238373580830688436e-02
1.113170926162080832e+03	2.710748876729512924e-01	1.631675062792886655e-01	2.449193135577448222e-01	1.479678292426492292e-01	7.203569209535369555e-02	2.839367711056904608e-02	7.244109404144502551e-02
1.114622257226177226e+03	2.708508188035619324e-01	1.630295877022280016e-01	2.450737661628641095e-01	1.480610526860961784e-01	7.207388278506260404e-02	2.841252179870420308e-02	7.249837006148467100e-02
1.116073588290273847e+03	2.706271151916187501e-01	1.628918939678621058e-01	2.452279599228571472e-01	1.481541177532948450e-01	7.211201028544371450e-02	2.843133891622543277e-02	7.255556396269968733e-02
1.117524919354370468e+03	2.704037762406391043e-01	1.627544247089486307e-01	2.453818952622702776e-01	1.482470247350082537e-01	7.215007470658919841e-02	2.845012850718284594e-02	7.261267583936342751e-02
1.118976250418467089e+03	2.701808013551179610e-01	1.626171795588471358e-01	2.455355726049557596e-01	1.483397739213952182e-01	7.218807615838271352e-02	2.846889061555489542e-02	7.266970578574809270e-02
1.120427581482563710e+03	2.699581899405259500e-01	1.624801581515183113e-01	2.456889923740730730e-01	1.484323656020118953e-01	7.222601475049983399e-02	2.848762528524849402e-02	7.272665389612417708e-02
1.121878912546660331e+03	2.697359414033081992e-01	1.623433601215228672e-01	2.458421549920899729e-01	1.485248000658132006e-01	7.226389059240852231e-02	2.850633256009912214e-02	7.278352026475985725e-02
1.123330243610756725e+03	2.695140551508822813e-01	1.622067851040205622e-01	2.459950608807836836e-01	1.486170776011542793e-01	7.230170379336957331e-02	2.852501248387096303e-02	7.284030498592042324e-02
1.124781574674853118e+03	2.692925305916367695e-01	1.620704327347692320e-01	2.461477104612418976e-01	1.487091984957920887e-01	7.233945446243707222e-02	2.854366510025700340e-02	7.289700815386765398e-02
1.126232905738949967e+03	2.690713671349297398e-01	1.619343026501238458e-01	2.463001041538640523e-01	1.488011630368868410e-01	7.237714270845886644e-02	2.856229045287915491e-02	7.295362986285928997e-02
1.127684236803046360e+03	2.688505641910868826e-01	1.617983944870353685e-01	2.464522423783624128e-01	1.488929715110033081e-01	7.241476864007695413e-02	2.858088858528836859e-02	7.301017020714842265e-02
1.129135567867143209e+03	2.686301211714002823e-01	1.616627078830499553e-01	2.466041255537632093e-01	1.489846242041125701e-01	7.245233236572798385e-02	2.859945954096475632e-02	7.306662928098296705e-02
1.130586898931239830e+03	2.684100374881265849e-01	1.615272424763078696e-01	2.467557540984076092e-01	1.490761214015932923e-01	7.248983399364365698e-02	2.861800336331769834e-02	7.312300717860502342e-02
1.132038229995336451e+03	2.681903125544854438e-01	1.613919979055424558e-01	2.469071284299530766e-01	1.491674633882331957e-01	7.252727363185122733e-02	2.863652009568597168e-02	7.317930399425037757e-02
1.133489561059432845e+03	2.679709457846579101e-01	1.612569738100792793e-01	2.470582489653742886e-01	1.492586504482306120e-01	7.256465138817390359e-02	2.865500978133785071e-02	7.323551982214789036e-02
1.134940892123529466e+03	2.677519365937849338e-01	1.611221698298350713e-01	2.472091161209644394e-01	1.493496828651957875e-01	7.260196737023130731e-02	2.867347246347123554e-02	7.329165475651897022e-02
1.136392223187626087e+03	2.675332843979656428e-01	1.609875856053168131e-01	2.473597303123362123e-01	1.494405609221524933e-01	7.263922168543988922e-02	2.869190818521375266e-02	7.334770889157697649e-02
1.137843554251722708e+03	2.673149886142558440e-01	1.608532207776206813e-01	2.475100919544229172e-01	1.495312849015393020e-01	7.267641444101341497e-02	2.871031698962289019e-02	7.340368232152671979e-02
1.139294885315819101e+03	2.670970486606665251e-01	1.607190749884310765e-01	2.476602014614796565e-01	1.496218550852111973e-01	7.271354574396335368e-02	2.872869891968609507e-02	7.345957514056387916e-02
1.140746216379915950e+03	2.668794639561621884e-01	1.605851478800196797e-01	2.478100592470844354e-01	1.497122717544408788e-01	7.275061570109936371e-02	2.874705401832089446e-02	7.351538744287444693e-02
1.142197547444012343e+03	2.666622339206591308e-01	1.604514390952445635e-01	2.479596657241391333e-01	1.498025351899201496e-01	7.278762441902969504e-02	2.876538232837501027e-02	7.357111932263422915e-02
1.143648878508108737e+03	2.664453579750241108e-01	1.603179482775490550e-01	2.481090213048708637e-01	1.498926456717615541e-01	7.282457200416163345e-02	2.878368389262647362e-02	7.362677087400823495e-02
1.145100209572205586e+03	2.662288355410726282e-01	1.601846750709609579e-01	2.482581264008328070e-01	1.499826034794995711e-01	7.286145856270193066e-02	2.880195875378373238e-02	7.368234219115020467e-02
1.146551540636302207e+03	2.660126660415676469e-01	1.600516191200914151e-01	2.484069814229055428e-01	1.500724088920921961e-01	7.289828420065726233e-02	2.882020695448577613e-02	7.373783336820201317e-02
1.148002871700398828e+03	2.657968489002174861e-01	1.599187800701340478e-01	2.485555867812980213e-01	1.501620621879222461e-01	7.293504902383461663e-02	2.883842853730224018e-02	7.379324449929321184e-02
1.149454202764495449e+03	2.655813835416747648e-01	1.597861575668639289e-01	2.487039428855486733e-01	1.502515636447988023e-01	7.297175313784177997e-02	2.885662354473352703e-02	7.384857567854041793e-02
1.150905533828591842e+03	2.653662693915345705e-01	1.596537512566366668e-01	2.488520501445265209e-01	1.503409135399586261e-01	7.300839664808771168e-02	2.887479201921091046e-02	7.390382700004687055e-02
1.152356864892688463e+03	2.651515058763329602e-01	1.595215607863874896e-01	2.489999089664323151e-01	1.504301121500675464e-01	7.304497965978298812e-02	2.889293400309666388e-02	7.395899855790183386e-02
1.153808195956785084e+03	2.649370924235456837e-01	1.593895858036301350e-01	2.491475197587995349e-01	1.505191597512218760e-01	7.308150227794028841e-02	2.891104953868415400e-02	7.401409044618012523e-02
1.155259527020881706e+03	2.647230284615860185e-01	1.592578259564561005e-01	2.492948829284956092e-01	1.506080566189497982e-01	7.311796460737471359e-02	2.892913866819796231e-02	7.406910275894157403e-02
1.156710858084978327e+03	2.645093134198038265e-01	1.591262808935334783e-01	2.494419988817229150e-01	1.506968030282127002e-01	7.315436675270432787e-02	2.894720143379400645e-02	7.412403559023050814e-02
1.158162189149074720e+03	2.642959467284837216e-01	1.589949502641062051e-01	2.495888680240198332e-01	1.507853992534066434e-01	7.319070881835049169e-02	2.896523787755963045e-02	7.417888903407528212e-02
1.159613520213171569e+03	2.640829278188434603e-01	1.588638337179929527e-01	2.497354907602619689e-01	1.508738455683636681e-01	7.322699090853831971e-02	2.898324804151374348e-02	7.423366318448769430e-02
1.161064851277267962e+03	2.638702561230325538e-01	1.587329309055862392e-01	2.498818674946631235e-01	1.509621422463532370e-01	7.326321312729709712e-02	2.900123196760691358e-02	7.428835813546257050e-02
1.162516182341364356e+03	2.636579310741309357e-01	1.586022414778514855e-01	2.500279986307764601e-01	1.510502895600835394e-01	7.329937557846072371e-02	2.901918969772148554e-02	7.434297398097718113e-02
1.163967513405461204e+03	2.634459521061467968e-01	1.584717650863260718e-01	2.501738845714954751e-01	1.511382877817028791e-01	7.333547836566813027e-02	2.903712127367169549e-02	7.439751081499078322e-02
1.165418844469557826e+03	2.632343186540156421e-01	1.583415013831183660e-01	2.503195257190551359e-01	1.512261371828011458e-01	7.337152159236363935e-02	2.905502673720377141e-02	7.445196873144412086e-02
1.166870175533654447e+03	2.630230301535985138e-01	1.582114500209068630e-01	2.504649224750329917e-01	1.513138380344109801e-01	7.340750536179746488e-02	2.907290612999605464e-02	7.450634782425892555e-02
1.168321506597751068e+03	2.628120860416806037e-01	1.580816106529390475e-01	2.506100752403502829e-01	1.514013906070092730e-01	7.344342977702607300e-02	2.909075949365911087e-02	7.456064818733743049e-02
1.169772837661847461e+03	2.626014857559695326e-01	1.579519829330306990e-01	2.507549844152728857e-01	1.514887951705184421e-01	7.347929494091259839e-02	2.910858686973583423e-02	7.461486991456187101e-02
1.171224168725944082e+03	2.623912287350938510e-01	1.578225665155648383e-01	2.508996503994123661e-01	1.515760519943078477e-01	7.351510095612730222e-02	2.912638829970156523e-02	7.466901309979401269e-02
1.172675499790040703e+03	2.621813144186017075e-01	1.576933610554907550e-01	2.510440735917273680e-01	1.516631613471951245e-01	7.355084792514797465e-02	2.914416382496419489e-02	7.472307783687466565e-02
1.174126830854137097e+03	2.619717422469592383e-01	1.575643662083230645e-01	2.511882543905242793e-01	1.517501234974474034e-01	7.358653595026029559e-02	2.916191348686427570e-02	7.477706421962318495e-02
1.175578161918233945e+03	2.617625116615489578e-01	1.574355816301409028e-01	2.513321931934586195e-01	1.518369387127828374e-01	7.362216513355830660e-02	2.917963732667513965e-02	7.483097234183702651e-02
1.177029492982330339e+03	2.615536221046683707e-01	1.573070069775868440e-01	2.514758903975357618e-01	1.519236072603717680e-01	7.365773557694478557e-02	2.919733538560300226e-02	7.488480229729126136e-02
1.178480824046426733e+03	2.613450730195283622e-01	1.571786419078660957e-01	2.516193463991123203e-01	1.520101294068381959e-01	7.369324738213166304e-02	2.921500770478707362e-02	7.493855417973808997e-02
1.179932155110523581e+03	2.611368638502518102e-01	1.570504860787454715e-01	2.517625615938970940e-01	1.520965054182609744e-01	7.372870065064045242e-02	2.923265432529965901e-02	7.499222808290637032e-02
1.181383486174620202e+03	2.609289940418719200e-01	1.569225391485525589e-01	2.519055363769520661e-01	1.521827355601752252e-01	7.376409548380262471e-02	2.925027528814628727e-02	7.504582410050121555e-02
1.182834817238716823e+03	2.607214630403308364e-01	1.567948007761746088e-01	2.520482711426935696e-01	1.522688200975735595e-01	7.379943198276005256e-02	2.926787063426579752e-02	7.509934232620342487e-02
1.184286148302813444e+03	2.605142702924782006e-01	1.566672706210578692e-01	2.521907662848932863e-01	1.523547592949075768e-01	7.383471024846535724e-02	2.928544040453047448e-02	7.515278285366908118e-02
1.185737479366910065e+03	2.603074152460695401e-01	1.565399483432064753e-01	2.523330221966793019e-01	1.524405534160888642e-01	7.386993038168238046e-02	2.930298463974613174e-02	7.520614577652912081e-02
1.187188810431006686e+03	2.601008973497647703e-01	1.564128336031816169e-01	2.524750392705371049e-01	1.525262027244906893e-01	7.390509248298653133e-02	2.932050338065223666e-02	7.525943118838884782e-02
1.188640141495103080e+03	2.598947160531268064e-01	1.562859260621005386e-01	2.526168178983108636e-01	1.526117074829489439e-01	7.394019665276523046e-02	2.933799666792200750e-02	7.531263918282744829e-02
1.190091472559199701e+03	2.596888708066198981e-01	1.561592253816357356e-01	2.527583584712042031e-01	1.526970679537636710e-01	7.397524299121825686e-02	2.935546454216253834e-02	7.536576985339761559e-02
1.191542803623296322e+03	2.594833610616083530e-01	1.560327312240138986e-01	2.528996613797812043e-01	1.527822843987002577e-01	7.401023159835823373e-02	2.937290704391488927e-02	7.541882329362503690e-02
1.192994134687392716e+03	2.592781862703548712e-01	1.559064432520151644e-01	2.530407270139678477e-01	1.528673570789907676e-01	7.404516257401094759e-02	2.939032421365420089e-02	7.547179959700797691e-02
1.194445465751489564e+03	2.590733458860193239e-01	1.557803611289720613e-01	2.531815557630527902e-01	1.529522862553351903e-01	7.408003601781579239e-02	2.940771609178980880e-02	7.552469885701683372e-02
1.195896796815585958e+03	2.588688393626568662e-01	1.556544845187685933e-01	2.533221480156884198e-01	1.530370721879027451e-01	7.411485202922613036e-02	2.942508271866534769e-02	7.557752116709370860e-02
1.197348127879682352e+03	2.586646661552168269e-01	1.555288130858394902e-01	2.534625041598917994e-01	1.531217151363331586e-01	7.414961070750972216e-02	2.944242413455884846e-02	7.563026662065193417e-02
1.198799458943779200e+03	2.584608257195410985e-01	1.554033464951690979e-01	2.536026245830459436e-01	1.532062153597379961e-01	7.418431215174908777e-02	2.945974037968285622e-02	7.568293531107569971e-02
1.200250790007875821e+03	2.582573175123625275e-01	1.552780844122906290e-01	2.537425096719007067e-01	1.532905731167018282e-01	7.421895646084195053e-02	2.947703149418454474e-02	7.573552733171956541e-02
1.201702121071972442e+03	2.580541409913037487e-01	1.551530265032851630e-01	2.538821598125738377e-01	1.533747886652835624e-01	7.425354373350157022e-02	2.949429751814579975e-02	7.578804277590805993e-02
1.203153452136069063e+03	2.578512956148754087e-01	1.550281724347807588e-01	2.540215753905519791e-01	1.534588622630177202e-01	7.428807406825717330e-02	2.951153849158335077e-02	7.584048173693523631e-02
1.204604783200165684e+03	2.576487808424750003e-01	1.549035218739515940e-01	2.541607567906919440e-01	1.535427941669156304e-01	7.432254756345434143e-02	2.952875445444886129e-02	7.589284430806426951e-02
1.206056114264262078e+03	2.574465961343850862e-01	1.547790744885170211e-01	2.542997043972212712e-01	1.536265846334667895e-01	7.435696431725538624e-02	2.954594544662903985e-02	7.594513058252704008e-02
1.207507445328358699e+03	2.572447409517721328e-01	1.546548299467407073e-01	2.544384185937397236e-01	1.537102339186399713e-01	7.439132442763973785e-02	2.956311150794575099e-02	7.599734065352366230e-02
1.208958776392455093e+03	2.570432147566847902e-01	1.545307879174296628e-01	2.545768997632200104e-01	1.537937422778846153e-01	7.442562799240436122e-02	2.958025267815611245e-02	7.604947461422215116e-02
1.210410107456551941e+03	2.568420170120526147e-01	1.544069480699334362e-01	2.547151482880090634e-01	1.538771099661319919e-01	7.445987510916410312e-02	2.959736899695260964e-02	7.610153255775793657e-02
1.211861438520648335e+03	2.566411471816846257e-01	1.542833100741431429e-01	2.548531645498286480e-01	1.539603372377965351e-01	7.449406587535210844e-02	2.961446050396319626e-02	7.615351457723346096e-02
1.213312769584745183e+03	2.564406047302676961e-01	1.541598736004906323e-01	2.549909489297770837e-01	1.540434243467769249e-01	7.452820038822019488e-02	2.963152723875139838e-02	7.620542076571783230e-02
1.214764100648841804e+03	2.562403891233651643e-01	1.540366383199475164e-01	2.551285018083295220e-01	1.541263715464574469e-01	7.456227874483925544e-02	2.964856924081642892e-02	7.625725121624636615e-02
1.216215431712937971e+03	2.560404998274156130e-01	1.539136039040243931e-01	2.552658235653393892e-01	1.542091790897092418e-01	7.459630104209957757e-02	2.966558654959327787e-02	7.630900602182016934e-02
1.217666762777034819e+03	2.558409363097310929e-01	1.537907700247698461e-01	2.554029145800393863e-01	1.542918472288914156e-01	7.463026737671128730e-02	2.968257920445283374e-02	7.636068527540576523e-02
1.219118093841131440e+03	2.556416980384959015e-01	1.536681363547696411e-01	2.555397752310422654e-01	1.543743762158524269e-01	7.466417784520473777e-02	2.969954724470197718e-02	7.641228906993469128e-02
1.220569424905228061e+03	2.554427844827650285e-01	1.535457025671457532e-01	2.556764058963421071e-01	1.544567663019311421e-01	7.469803254393084235e-02	2.971649070958368860e-02	7.646381749830312435e-02
1.222020755969324682e+03	2.552441951124627684e-01	1.534234683355555906e-01	2.558128069533152082e-01	1.545390177379581120e-01	7.473183156906149094e-02	2.973340963827715566e-02	7.651527065337142275e-02
1.223472087033421303e+03	2.550459293983812770e-01	1.533014333341909952e-01	2.559489787787210813e-01	1.546211307742568486e-01	7.476557501658989691e-02	2.975030406989787046e-02	7.656664862796379312e-02
1.224923418097517697e+03	2.548479868121792391e-01	1.531795972377774928e-01	2.560849217487035090e-01	1.547031056606449628e-01	7.479926298233098569e-02	2.976717404349774054e-02	7.661795151486788802e-02
1.226374749161614318e+03	2.546503668263802034e-01	1.530579597215732113e-01	2.562206362387915437e-01	1.547849426464354139e-01	7.483289556192181113e-02	2.978401959806519991e-02	7.666917940683441735e-02
1.227826080225710712e+03	2.544530689143714719e-01	1.529365204613682416e-01	2.563561226239005619e-01	1.548666419804376748e-01	7.486647285082184688e-02	2.980084077252528538e-02	7.672033239657675974e-02
1.229277411289807560e+03	2.542560925504024349e-01	1.528152791334836114e-01	2.564913812783330971e-01	1.549482039109590092e-01	7.489999494431344440e-02	2.981763760573976837e-02	7.677141057677054625e-02
1.230728742353903954e+03	2.540594372095830722e-01	1.526942354147704795e-01	2.566264125757800052e-01	1.550296286858054984e-01	7.493346193750217987e-02	2.983441013650725213e-02	7.682241404005334118e-02
1.232180073418000802e+03	2.538631023678829535e-01	1.525733889826091927e-01	2.567612168893214641e-01	1.551109165522835120e-01	7.496687392531720118e-02	2.985115840356326183e-02	7.687334287902425345e-02
1.233631404482097196e+03	2.536670875021294069e-01	1.524527395149083975e-01	2.568957945914279728e-01	1.551920677572005969e-01	7.500023100251160257e-02	2.986788244558035918e-02	7.692419718624353420e-02
1.235082735546193817e+03	2.534713920900062978e-01	1.523322866901042627e-01	2.570301460539611282e-01	1.552730825468668641e-01	7.503353326366284104e-02	2.988458230116825334e-02	7.697497705423220205e-02
1.236534066610290438e+03	2.532760156100524740e-01	1.522120301871596471e-01	2.571642716481749580e-01	1.553539611670961829e-01	7.506678080317304158e-02	2.990125800887388080e-02	7.702568257547171005e-02
1.237985397674387059e+03	2.530809575416604895e-01	1.520919696855629888e-01	2.572981717447167527e-01	1.554347038632071520e-01	7.509997371526942744e-02	2.991790960718153022e-02	7.707631384240351546e-02
1.239436728738483680e+03	2.528862173650753276e-01	1.519721048653277229e-01	2.574318467136279542e-01	1.555153108800244877e-01	7.513311209400465318e-02	2.993453713451292922e-02	7.712687094742880223e-02
1.240888059802580301e+03	2.526917945613926242e-01	1.518524354069912263e-01	2.575652969243453216e-01	1.555957824618801333e-01	7.516619603325717935e-02	2.995114062922735534e-02	7.717735398290803683e-02
1.242339390866676695e+03	2.524976886125575581e-01	1.517329609916140964e-01	2.576985227457018746e-01	1.556761188526143980e-01	7.519922562673163335e-02	2.996772012962173673e-02	7.722776304116063528e-02
1.243790721930773088e+03	2.523038990013633520e-01	1.516136813007790962e-01	2.578315245459277816e-01	1.557563202955771220e-01	7.523220096795915635e-02	2.998427567393074575e-02	7.727809821446464389e-02
1.245242052994869937e+03	2.521104252114498845e-01	1.514945960165904881e-01	2.579643026926514704e-01	1.558363870336289536e-01	7.526512215029783348e-02	3.000080730032692392e-02	7.732835959505628132e-02
1.246693384058966330e+03	2.519172667273023580e-01	1.513757048216730627e-01	2.580968575529006270e-01	1.559163193091423205e-01	7.529798926693298533e-02	3.001731504692075475e-02	7.737854727512970265e-02
1.248144715123063179e+03	2.517244230342498001e-01	1.512570073991713060e-01	2.582291894931030840e-01	1.559961173640027343e-01	7.533080241087755646e-02	3.003379895176077827e-02	7.742866134683656920e-02
1.249596046187159800e+03	2.515318936184636756e-01	1.511385034327485943e-01	2.583612988790878195e-01	1.560757814396098730e-01	7.536356167497251790e-02	3.005025905283369853e-02	7.747870190228571541e-02
1.251047377251256421e+03	2.513396779669565539e-01	1.510201926065861955e-01	2.584931860760858457e-01	1.561553117768787746e-01	7.539626715188711692e-02	3.006669538806448078e-02	7.752866903354280192e-02
1.252498708315352815e+03	2.511477755675808332e-01	1.509020746053826023e-01	2.586248514487315409e-01	1.562347086162409748e-01	7.542891893411936277e-02	3.008310799531643820e-02	7.757856283262999642e-02
1.253950039379449436e+03	2.509561859090271296e-01	1.507841491143526169e-01	2.587562953610631489e-01	1.563139721976455898e-01	7.546151711399631812e-02	3.009949691239134639e-02	7.762838339152559886e-02
1.255401370443546057e+03	2.507649084808230011e-01	1.506664158192263236e-01	2.588875181765241673e-01	1.563931027605605373e-01	7.549406178367447373e-02	3.011586217702955093e-02	7.767813080216369459e-02
1.256852701507642678e+03	2.505739427733315594e-01	1.505488744062485063e-01	2.590185202579639578e-01	1.564721005439736468e-01	7.552655303514009544e-02	3.013220382691005755e-02	7.772780515643384902e-02
1.258304032571739299e+03	2.503832882777501379e-01	1.504315245621776487e-01	2.591493019676391341e-01	1.565509657863937698e-01	7.555899096020959882e-02	3.014852189965062934e-02	7.777740654618074678e-02
1.259755363635835920e+03	2.501929444861089036e-01	1.503143659742851301e-01	2.592798636672140611e-01	1.566296987258519458e-01	7.559137565052985452e-02	3.016481643280789077e-02	7.782693506320384480e-02
1.261206694699932314e+03	2.500029108912694698e-01	1.501973983303543370e-01	2.594102057177621878e-01	1.567082995999024841e-01	7.562370719757863236e-02	3.018108746387742833e-02	7.787639079925706698e-02
1.262658025764028707e+03	2.498131869869234800e-01	1.500806213186798854e-01	2.595403284797669352e-01	1.567867686456241860e-01	7.565598569266486495e-02	3.019733503029389809e-02	7.792577384604847113e-02
1.264109356828125556e+03	2.496237722675912485e-01	1.499640346280666781e-01	2.596702323131224732e-01	1.568651060996213431e-01	7.568821122692903636e-02	3.021355916943110551e-02	7.797508429523986040e-02
1.265560687892221949e+03	2.494346662286205107e-01	1.498476379478292098e-01	2.597999175771348312e-01	1.569433121980248480e-01	7.572038389134357061e-02	3.022975991860212333e-02	7.802432223844658898e-02
1.267012018956318798e+03	2.492458683661849528e-01	1.497314309677905964e-01	2.599293846305230637e-01	1.570213871764934710e-01	7.575250377671310931e-02	3.024593731505938535e-02	7.807348776723710415e-02
1.268463350020415419e+03	2.490573781772829065e-01	1.496154133782818252e-01	2.600586338314197499e-01	1.570993312702148592e-01	7.578457097367490014e-02	3.026209139599478001e-02	7.812258097313266869e-02
1.269914681084511813e+03	2.488691951597358509e-01	1.494995848701408392e-01	2.601876655373723812e-01	1.571771447139066191e-01	7.581658557269917165e-02	3.027822219853976149e-02	7.817160194760706948e-02
1.271366012148608434e+03	2.486813188121872464e-01	1.493839451347117320e-01	2.603164801053440280e-01	1.572548277418174267e-01	7.584854766408943849e-02	3.029432975976543291e-02	7.822055078208628442e-02
1.272817343212705055e+03	2.484937486341011192e-01	1.492684938638439707e-01	2.604450778917145048e-01	1.573323805877282766e-01	7.588045733798287618e-02	3.031041411668265739e-02	7.826942756794813549e-02
1.274268674276801676e+03	2.483064841257606736e-01	1.491532307498915078e-01	2.605734592522811477e-01	1.574098034849533700e-01	7.591231468435064023e-02	3.032647530624214827e-02	7.831823239652201118e-02
1.275720005340898297e+03	2.481195247882669874e-01	1.490381554857118929e-01	2.607016245422599243e-01	1.574870966663413641e-01	7.594411979299824089e-02	3.034251336533457313e-02	7.836696535908854733e-02
1.277171336404994690e+03	2.479328701235375410e-01	1.489232677646655789e-01	2.608295741162863224e-01	1.575642603642763151e-01	7.597587275356587622e-02	3.035852833079065102e-02	7.841562654687929401e-02
1.278622667469091539e+03	2.477465196343051068e-01	1.488085672806149784e-01	2.609573083284161266e-01	1.576412948106789835e-01	7.600757365552873734e-02	3.037452023938124954e-02	7.846421605107642416e-02
1.280073998533187932e+03	2.475604728241161123e-01	1.486940537279236862e-01	2.610848275321266398e-01	1.577182002370077218e-01	7.603922258819743873e-02	3.039048912781748546e-02	7.851273396281245598e-02
1.281525329597284326e+03	2.473747291973295848e-01	1.485797268014556471e-01	2.612121320803175717e-01	1.577949768742596404e-01	7.607081964071829572e-02	3.040643503275081150e-02	7.856118037316990599e-02
1.282976660661381175e+03	2.471892882591156804e-01	1.484655861965743506e-01	2.613392223253119262e-01	1.578716249529717175e-01	7.610236490207367144e-02	3.042235799077312730e-02	7.860955537318099762e-02
1.284427991725477568e+03	2.470041495154543243e-01	1.483516316091419707e-01	2.614660986188568903e-01	1.579481447032217989e-01	7.613385846108232380e-02	3.043825803841687314e-02	7.865785905382736976e-02
1.285879322789574417e+03	2.468193124731338783e-01	1.482378627355185052e-01	2.615927613121247219e-01	1.580245363546297632e-01	7.616530040639975241e-02	3.045413521215512009e-02	7.870609150603977144e-02
1.287330653853671038e+03	2.466347766397498642e-01	1.481242792725611379e-01	2.617192107557139713e-01	1.581008001363584936e-01	7.619669082651853165e-02	3.046998954840167764e-02	7.875425282069778432e-02
1.288781984917767431e+03	2.464505415237036590e-01	1.480108809176231555e-01	2.618454472996502025e-01	1.581769362771150156e-01	7.622802980976868537e-02	3.048582108351118036e-02	7.880234308862951731e-02
1.290233315981864052e+03	2.462666066342009963e-01	1.478976673685533927e-01	2.619714712933870482e-01	1.582529450051515518e-01	7.625931744431792281e-02	3.050162985377919550e-02	7.885036240061127355e-02
