1.001418434226643626e+03	2.891908844531680955e-01	1.741139436835770493e-01	2.324783667771669060e-01	1.404387724467987264e-01	6.895728552336254091e-02	2.688266356703899670e-02	6.793808354888125622e-02
1.002869765290740247e+03	2.889361252690703097e-01	1.739574676869014014e-01	2.326544170423411606e-01	1.405452325503505351e-01	6.900076154800151296e-02	2.690375445929503104e-02	6.800224144403357873e-02
1.004321096354836754e+03	2.886817833580045400e-01	1.738012480083361011e-01	2.328301716923051046e-01	1.406515092456206706e-01	6.904416490980160026e-02	2.692481406897179880e-02	6.806630871695365514e-02
1.005772427418933376e+03	2.884278580351400390e-01	1.736452842271270502e-01	2.330056312139303643e-01	1.407576028776120203e-01	6.908749573735017968e-02	2.694584244638103046e-02	6.813028546245279704e-02
1.007223758483029997e+03	2.881743486167746560e-01	1.734895759232138734e-01	2.331807960932888724e-01	1.408635137905792367e-01	6.913075415898378706e-02	2.696683964175217163e-02	6.819417177540089414e-02
1.008675089547126618e+03	2.879212544203330060e-01	1.733341226772288357e-01	2.333556668156541447e-01	1.409692423280307916e-01	6.917394030278883887e-02	2.698780570523252181e-02	6.825796775072541511e-02
1.010126420611223239e+03	2.876685747643644708e-01	1.731789240704955934e-01	2.335302438655026402e-01	1.410747888327308630e-01	6.921705429660204856e-02	2.700874068688737320e-02	6.832167348341058877e-02
1.011577751675319632e+03	2.874163089685414230e-01	1.730239796850280287e-01	2.337045277265151211e-01	1.411801536467014173e-01	6.926009626801110652e-02	2.702964463670014250e-02	6.838528906849632161e-02
1.013029082739416367e+03	2.871644563536574490e-01	1.728692891035291668e-01	2.338785188815779015e-01	1.412853371112240131e-01	6.930306634435517976e-02	2.705051760457251667e-02	6.844881460107729576e-02
1.014480413803512761e+03	2.869130162416252960e-01	1.727148519093900381e-01	2.340522178127841801e-01	1.413903395668417995e-01	6.934596465272553634e-02	2.707135964032456044e-02	6.851225017630205305e-02
1.015931744867609382e+03	2.866619879554750949e-01	1.725606676866885125e-01	2.342256250014353447e-01	1.414951613533615149e-01	6.938879131996604499e-02	2.709217079369488981e-02	6.857559588937206518e-02
1.017383075931706003e+03	2.864113708193524732e-01	1.724067360201880783e-01	2.343987409280422485e-01	1.415998028098551798e-01	6.943154647267385515e-02	2.711295111434076921e-02	6.863885183554077618e-02
1.018834406995802851e+03	2.861611641585168342e-01	1.722530564953368426e-01	2.345715660723265983e-01	1.417042642746623449e-01	6.947423023719979940e-02	2.713370065183826410e-02	6.870201811011272808e-02
1.020285738059899245e+03	2.859113672993393029e-01	1.720996286982662826e-01	2.347441009132220924e-01	1.418085460853917568e-01	6.951684273964908733e-02	2.715441945568237286e-02	6.876509480844257560e-02
1.021737069123995752e+03	2.856619795693008945e-01	1.719464522157900799e-01	2.349163459288758637e-01	1.419126485789234393e-01	6.955938410588181908e-02	2.717510757528716209e-02	6.882808202593426739e-02
1.023188400188092373e+03	2.854130002969907376e-01	1.717935266354030932e-01	2.350883015966497569e-01	1.420165720914103868e-01	6.960185446151352651e-02	2.719576505998588453e-02	6.889097985804004676e-02
1.024639731252188767e+03	2.851644288121044646e-01	1.716408515452802208e-01	2.352599683931215768e-01	1.421203169582806458e-01	6.964425393191574221e-02	2.721639195903114219e-02	6.895378840025961908e-02
1.026091062316285615e+03	2.849162644454419913e-01	1.714884265342751513e-01	2.354313467940863658e-01	1.422238835142392022e-01	6.968658264221656851e-02	2.723698832159497998e-02	6.901650774813919420e-02
1.027542393380382237e+03	2.846685065289057404e-01	1.713362511919193365e-01	2.356024372745577078e-01	1.423272720932697299e-01	6.972884071730121869e-02	2.725755419676905225e-02	6.907913799727065374e-02
1.028993724444478858e+03	2.844211543954990318e-01	1.711843251084207984e-01	2.357732403087690609e-01	1.424304830286365620e-01	6.977102828181255822e-02	2.727808963356474076e-02	6.914167924329063519e-02
1.030445055508575479e+03	2.841742073793239731e-01	1.710326478746630741e-01	2.359437563701750618e-01	1.425335166528866049e-01	6.981314546015170153e-02	2.729859468091328650e-02	6.920413158187964375e-02
1.031896386572671872e+03	2.839276648155799609e-01	1.708812190822039945e-01	2.361139859314526634e-01	1.426363732978511434e-01	6.985519237647846991e-02	2.731906938766591811e-02	6.926649510876117799e-02
1.033347717636768493e+03	2.836815260405615158e-01	1.707300383232747409e-01	2.362839294645025234e-01	1.427390532946476442e-01	6.989716915471204384e-02	2.733951380259399405e-02	6.932876991970086944e-02
1.034799048700865114e+03	2.834357903916566723e-01	1.705791051907784295e-01	2.364535874404503080e-01	1.428415569736817825e-01	6.993907591853144867e-02	2.735992797438912411e-02	6.939095611050559442e-02
1.036250379764961508e+03	2.831904572073451476e-01	1.704284192782892782e-01	2.366229603296478579e-01	1.429438846646491068e-01	6.998091279137609588e-02	2.738031195166331158e-02	6.945305377702261362e-02
1.037701710829058356e+03	2.829455258271962870e-01	1.702779801800512749e-01	2.367920486016746318e-01	1.430460366965370100e-01	7.002267989644635204e-02	2.740066578294906782e-02	6.951506301513871167e-02
1.039153041893154750e+03	2.827009955918676765e-01	1.701277874909773169e-01	2.369608527253387886e-01	1.431480133976265057e-01	7.006437735670406619e-02	2.742098951669956139e-02	6.957698392077937832e-02
1.040604372957251599e+03	2.824568658431029777e-01	1.699778408066478508e-01	2.371293731686786033e-01	1.432498150954940874e-01	7.010600529487313881e-02	2.744128320128873602e-02	6.963881658990790646e-02
1.042055704021347992e+03	2.822131359237303183e-01	1.698281397233098178e-01	2.372976103989636043e-01	1.433514421170136166e-01	7.014756383343997981e-02	2.746154688501144248e-02	6.970056111852455938e-02
1.043507035085444613e+03	2.819698051776602932e-01	1.696786838378756546e-01	2.374655648826959620e-01	1.434528947883579597e-01	7.018905309465414688e-02	2.748178061608357384e-02	6.976221760266576588e-02
1.044958366149541234e+03	2.817268729498844104e-01	1.695294727479220165e-01	2.376332370856117093e-01	1.435541734350009868e-01	7.023047320052881737e-02	2.750198444264218695e-02	6.982378613840324599e-02
1.046409697213637855e+03	2.814843385864730929e-01	1.693805060516888616e-01	2.378006274726819635e-01	1.436552783817192924e-01	7.027182427284132948e-02	2.752215841274564812e-02	6.988526682184315053e-02
1.047861028277734476e+03	2.812422014345740684e-01	1.692317833480782019e-01	2.379677365081142304e-01	1.437562099525940551e-01	7.031310643313372355e-02	2.754230257437374416e-02	6.994665974912532558e-02
1.049312359341831097e+03	2.810004608424103711e-01	1.690833042366530481e-01	2.381345646553536533e-01	1.438569684710127861e-01	7.035431980271328323e-02	2.756241697542782115e-02	7.000796501642239655e-02
1.050763690405927491e+03	2.807591161592785656e-01	1.689350683176363555e-01	2.383011123770842066e-01	1.439575542596711888e-01	7.039546450265304900e-02	2.758250166373091630e-02	7.006918271993901881e-02
1.052215021470024112e+03	2.805181667355472475e-01	1.687870751919098300e-01	2.384673801352300837e-01	1.440579676405747966e-01	7.043654065379234552e-02	2.760255668702787241e-02	7.013031295591100334e-02
1.053666352534120733e+03	2.802776119226550455e-01	1.686393244610129294e-01	2.386333683909568626e-01	1.441582089350409712e-01	7.047754837673733674e-02	2.762258209298549400e-02	7.019135582060453959e-02
1.055117683598217127e+03	2.800374510731087896e-01	1.684918157271416694e-01	2.387990776046726993e-01	1.442582784637004567e-01	7.051848779186149774e-02	2.764257792919263754e-02	7.025231141031541837e-02
1.056569014662313975e+03	2.797976835404817342e-01	1.683445485931475971e-01	2.389645082360296602e-01	1.443581765464993782e-01	7.055935901930618370e-02	2.766254424316037450e-02	7.031317982136814360e-02
1.058020345726410369e+03	2.795583086794120597e-01	1.681975226625367636e-01	2.391296607439249711e-01	1.444579035027007963e-01	7.060016217898114343e-02	2.768248108232209542e-02	7.037396115011522457e-02
1.059471676790506763e+03	2.793193258456007078e-01	1.680507375394684477e-01	2.392945355865021828e-01	1.445574596508866216e-01	7.064089739056501893e-02	2.770238849403365566e-02	7.043465549293635719e-02
1.060923007854603611e+03	2.790807343958099374e-01	1.679041928287542673e-01	2.394591332211525037e-01	1.446568453089592532e-01	7.068156477350590050e-02	2.772226652557349333e-02	7.049526294623759126e-02
1.062374338918700232e+03	2.788425336878613825e-01	1.677578881358570140e-01	2.396234541045159649e-01	1.447560607941434374e-01	7.072216444702179861e-02	2.774211522414275072e-02	7.055578360645062275e-02
1.063825669982796853e+03	2.786047230806343311e-01	1.676118230668894316e-01	2.397874986924826979e-01	1.448551064229879060e-01	7.076269653010118510e-02	2.776193463686542004e-02	7.061621757003193334e-02
1.065277001046893474e+03	2.783673019340640598e-01	1.674659972286134391e-01	2.399512674401941270e-01	1.449539825113672076e-01	7.080316114150354834e-02	2.778172481078845443e-02	7.067656493346208268e-02
1.066728332110990095e+03	2.781302696091398352e-01	1.673204102284387707e-01	2.401147608020443025e-01	1.450526893744834012e-01	7.084355839975982339e-02	2.780148579288189287e-02	7.073682579324488962e-02
1.068179663175086489e+03	2.778936254679034712e-01	1.671750616744220319e-01	2.402779792316809826e-01	1.451512273268677489e-01	7.088388842317294714e-02	2.782121763003900239e-02	7.079700024590671048e-02
1.069630994239183110e+03	2.776573688734474965e-01	1.670299511752655619e-01	2.404409231820069381e-01	1.452495966823824924e-01	7.092415132981841341e-02	2.784092036907638915e-02	7.085708838799560649e-02
1.071082325303279504e+03	2.774214991899131011e-01	1.668850783403164895e-01	2.406035931051812293e-01	1.453477977542225463e-01	7.096434723754470320e-02	2.786059405673413369e-02	7.091709031608067759e-02
1.072533656367376352e+03	2.771860157824888593e-01	1.667404427795654842e-01	2.407659894526203437e-01	1.454458308549171908e-01	7.100447626397383971e-02	2.788023873967590896e-02	7.097700612675122978e-02
1.073984987431472746e+03	2.769509180174086760e-01	1.665960441036458406e-01	2.409281126749995006e-01	1.455436962963318204e-01	7.104453852650187418e-02	2.789985446448911555e-02	7.103683591661606733e-02
1.075436318495569594e+03	2.767162052619500656e-01	1.664518819238322289e-01	2.410899632222537337e-01	1.456413943896696928e-01	7.108453414229942702e-02	2.791944127768499970e-02	7.109657978230274344e-02
1.076887649559666215e+03	2.764818768844326535e-01	1.663079558520397794e-01	2.412515415435792787e-01	1.457389254454734273e-01	7.112446322831211809e-02	2.793899922569877819e-02	7.115623782045676915e-02
1.078338980623762609e+03	2.762479322542162885e-01	1.661642655008230551e-01	2.414128480874346838e-01	1.458362897736269204e-01	7.116432590126116342e-02	2.795852835488977020e-02	7.121581012774093333e-02
1.079790311687859230e+03	2.760143707416992109e-01	1.660208104833748033e-01	2.415738833015420584e-01	1.459334876833568995e-01	7.120412227764380542e-02	2.797802871154152216e-02	7.127529680083458108e-02
1.081241642751955851e+03	2.757811917183163875e-01	1.658775904135250112e-01	2.417346476328882943e-01	1.460305194832346165e-01	7.124385247373384022e-02	2.799750034186191880e-02	7.133469793643280876e-02
1.082692973816052472e+03	2.755483945565379567e-01	1.657346049057399351e-01	2.418951415277261763e-01	1.461273854811776240e-01	7.128351660558210345e-02	2.801694329198332542e-02	7.139401363124579791e-02
1.084144304880149093e+03	2.753159786298672862e-01	1.655918535751208231e-01	2.420553654315757697e-01	1.462240859844512464e-01	7.132311478901699753e-02	2.803635760796269888e-02	7.145324398199807969e-02
1.085595635944245487e+03	2.750839433128394740e-01	1.654493360374030275e-01	2.422153197892254750e-01	1.463206212996704947e-01	7.136264713964496353e-02	2.805574333578171944e-02	7.151238908542781325e-02
1.087046967008342108e+03	2.748522879810194053e-01	1.653070519089548385e-01	2.423750050447333049e-01	1.464169917328015103e-01	7.140211377285096694e-02	2.807510052134690529e-02	7.157144903828606408e-02
1.088498298072438729e+03	2.746210120110001429e-01	1.651650008067766517e-01	2.425344216414280218e-01	1.465131975891633409e-01	7.144151480379899721e-02	2.809442921048975125e-02	7.163042393733608237e-02
1.089949629136535123e+03	2.743901147804013729e-01	1.650231823484995808e-01	2.426935700219104153e-01	1.466092391734294953e-01	7.148085034743258126e-02	2.811372944896683643e-02	7.168931387935266464e-02
1.091400960200631971e+03	2.741595956678674062e-01	1.648815961523847073e-01	2.428524506280545225e-01	1.467051167896298025e-01	7.152012051847524143e-02	2.813300128245995596e-02	7.174811896112137655e-02
1.092852291264728365e+03	2.739294540530656796e-01	1.647402418373218047e-01	2.430110639010086560e-01	1.468008307411517166e-01	7.155932543143100899e-02	2.815224475657624598e-02	7.180683927943787292e-02
1.094303622328825213e+03	2.736996893166849798e-01	1.645991190228284773e-01	2.431694102811968461e-01	1.468963813307422039e-01	7.159846520058489594e-02	2.817145991684829806e-02	7.186547493110724549e-02
1.095754953392921607e+03	2.734703008404337776e-01	1.644582273290490504e-01	2.433274902083197577e-01	1.469917688605093253e-01	7.163753994000340852e-02	2.819064680873428763e-02	7.192402601294327347e-02
1.097206284457018228e+03	2.732412880070386185e-01	1.643175663767535155e-01	2.434853041213561053e-01	1.470869936319237903e-01	7.167654976353497742e-02	2.820980547761809884e-02	7.198249262176774355e-02
1.098657615521114849e+03	2.730126502002422351e-01	1.641771357873363923e-01	2.436428524585637634e-01	1.471820559458206501e-01	7.171549478481048512e-02	2.822893596880944253e-02	7.204087485440981153e-02
1.100108946585211470e+03	2.727843868048020481e-01	1.640369351828159239e-01	2.438001356574808764e-01	1.472769561024008522e-01	7.175437511724379325e-02	2.824803832754397073e-02	7.209917280770530845e-02
1.101560277649308091e+03	2.725564972064882796e-01	1.638969641858328830e-01	2.439571541549271638e-01	1.473716944012329333e-01	7.179319087403207567e-02	2.826711259898341891e-02	7.215738657849600501e-02
1.103011608713404712e+03	2.723289807920825090e-01	1.637572224196494619e-01	2.441139083870050852e-01	1.474662711412544902e-01	7.183194216815647071e-02	2.828615882821570310e-02	7.221551626362905651e-02
1.104462939777501106e+03	2.721018369493757860e-01	1.636177095081484956e-01	2.442703987891008954e-01	1.475606866207739287e-01	7.187062911238244201e-02	2.830517706025506217e-02	7.227356195995622568e-02
1.105914270841597499e+03	2.718750650671670765e-01	1.634784250758321567e-01	2.444266257958859490e-01	1.476549411374719623e-01	7.190925181926029197e-02	2.832416734004216882e-02	7.233152376433325814e-02
1.107365601905694348e+03	2.716486645352615414e-01	1.633393687478210954e-01	2.445825898413178656e-01	1.477490349884031939e-01	7.194781040112567527e-02	2.834312971244424412e-02	7.238940177361925798e-02
1.108816932969790741e+03	2.714226347444689824e-01	1.632005401498533292e-01	2.447382913586416409e-01	1.478429684699978097e-01	7.198630497010000129e-02	2.836206422225519275e-02	7.244719608467595218e-02
1.110268264033887590e+03	2.711969750866018991e-01	1.630619389082832715e-01	2.448937307803908947e-01	1.479367418780629939e-01	7.202473563809098922e-02	2.838097091419571755e-02	7.250490679436712160e-02
1.111719595097984211e+03	2.709716849544741568e-01	1.629235646500806767e-01	2.450489085383889820e-01	1.480303555077847055e-01	7.206310251679304280e-02	2.839984983291343051e-02	7.256253399955787942e-02
1.113170926162080832e+03	2.707467637418991546e-01	1.627854170028295855e-01	2.452038250637501859e-01	1.481238096537290105e-01	7.210140571768781925e-02	2.841870102298299505e-02	7.262007779711410205e-02
1.114622257226177226e+03	2.705222108436880490e-01	1.626474955947274370e-01	2.453584807868808559e-01	1.482171046098438583e-01	7.213964535204463180e-02	2.843752452890622312e-02	7.267753828390172144e-02
1.116073588290273847e+03	2.702980256556483663e-01	1.625098000545839028e-01	2.455128761374806845e-01	1.483102406694605524e-01	7.217782153092094921e-02	2.845632039511220360e-02	7.273491555678611442e-02
1.117524919354370468e+03	2.700742075745821147e-01	1.623723300118199431e-01	2.456670115445436509e-01	1.484032181252952776e-01	7.221593436516283993e-02	2.847508866595742719e-02	7.279220971263145046e-02
1.118976250418467089e+03	2.698507559982842863e-01	1.622350850964667524e-01	2.458208874363594365e-01	1.484960372694507091e-01	7.225398396540545776e-02	2.849382938572590437e-02	7.284942084830009490e-02
1.120427581482563710e+03	2.696276703255411911e-01	1.620980649391647876e-01	2.459745042405144244e-01	1.485886983934175398e-01	7.229197044207351375e-02	2.851254259862926951e-02	7.290654906065197061e-02
1.121878912546660331e+03	2.694049499561285144e-01	1.619612691711626862e-01	2.461278623838928370e-01	1.486812017880760062e-01	7.232989390538172025e-02	2.853122834880691613e-02	7.296359444654389181e-02
1.123330243610756725e+03	2.691825942908103175e-01	1.618246974243163216e-01	2.462809622926780406e-01	1.487735477436974429e-01	7.236775446533527667e-02	2.854988668032611837e-02	7.302055710282898127e-02
1.124781574674853118e+03	2.689606027313367620e-01	1.616883493310878328e-01	2.464338043923535726e-01	1.488657365499458096e-01	7.240555223173027188e-02	2.856851763718213505e-02	7.307743712635608735e-02
1.126232905738949967e+03	2.687389746804427770e-01	1.615522245245445132e-01	2.465863891077042791e-01	1.489577684958791892e-01	7.244328731415422551e-02	2.858712126329833458e-02	7.313423461396909020e-02
1.127684236803046360e+03	2.685177095418464499e-01	1.614163226383578398e-01	2.467387168628175087e-01	1.490496438699514259e-01	7.248095982198647647e-02	2.860569760252631641e-02	7.319094966250637435e-02
1.129135567867143209e+03	2.682968067202471940e-01	1.612806433068024736e-01	2.468907880810843614e-01	1.491413629600134849e-01	7.251856986439869646e-02	2.862424669864603241e-02	7.324758236880013484e-02
1.130586898931239830e+03	2.680762656213243611e-01	1.611451861647553163e-01	2.470426031852006599e-01	1.492329260533150348e-01	7.255611755035529242e-02	2.864276859536588754e-02	7.330413282967584987e-02
1.132038229995336451e+03	2.678560856517353539e-01	1.610099508476944552e-01	2.471941625971681988e-01	1.493243334365060015e-01	7.259360298861392002e-02	2.866126333632287859e-02	7.336060114195164239e-02
1.133489561059432845e+03	2.676362662191142383e-01	1.608749369916981364e-01	2.473454667382957717e-01	1.494155853956380120e-01	7.263102628772588609e-02	2.867973096508269135e-02	7.341698740243772503e-02
1.134940892123529466e+03	2.674168067320700226e-01	1.607401442334438213e-01	2.474965160292004751e-01	1.495066822161659204e-01	7.266838755603660660e-02	2.869817152513983588e-02	7.347329170793574782e-02
1.136392223187626087e+03	2.671977066001850476e-01	1.606055722102071870e-01	2.476473108898088193e-01	1.495976241829493070e-01	7.270568690168609238e-02	2.871658505991775412e-02	7.352951415523822920e-02
1.137843554251722708e+03	2.669789652340133213e-01	1.604712205598610719e-01	2.477978517393576996e-01	1.496884115802539494e-01	7.274292443260936547e-02	2.873497161276893433e-02	7.358565484112801480e-02
1.139294885315819101e+03	2.667605820450791865e-01	1.603370889208745598e-01	2.479481389963957283e-01	1.497790446917532936e-01	7.278010025653694481e-02	2.875333122697503949e-02	7.364171386237763905e-02
1.140746216379915950e+03	2.665425564458751562e-01	1.602031769323119526e-01	2.480981730787841788e-01	1.498695238005300634e-01	7.281721448099524874e-02	2.877166394574701136e-02	7.369769131574878396e-02
1.142197547444012343e+03	2.663248878498608030e-01	1.600694842338318269e-01	2.482479544036983177e-01	1.499598491890775098e-01	7.285426721330703903e-02	2.878996981222519194e-02	7.375358729799166846e-02
1.143648878508108737e+03	2.661075756714609830e-01	1.599360104656859793e-01	2.483974833876284039e-01	1.500500211393011041e-01	7.289125856059193442e-02	2.880824886947943447e-02	7.380940190584450722e-02
1.145100209572205586e+03	2.658906193260642259e-01	1.598027552687184272e-01	2.485467604463808267e-01	1.501400399325198698e-01	7.292818862976679917e-02	2.882650116050923181e-02	7.386513523603291387e-02
1.146551540636302207e+03	2.656740182300211250e-01	1.596697182843646035e-01	2.486957859950792993e-01	1.502299058494679651e-01	7.296505752754617324e-02	2.884472672824381703e-02	7.392078738526937365e-02
1.148002871700398828e+03	2.654577718006427833e-01	1.595368991546501081e-01	2.488445604481658857e-01	1.503196191702959594e-01	7.300186536044275809e-02	2.886292561554228836e-02	7.397635845025267443e-02
1.149454202764495449e+03	2.652418794561992033e-01	1.594042975221898750e-01	2.489930842194021388e-01	1.504091801745724155e-01	7.303861223476780518e-02	2.888109786519372363e-02	7.403184852766726831e-02
1.150905533828591842e+03	2.650263406159176771e-01	1.592719130301872565e-01	2.491413577218703490e-01	1.504985891412854160e-01	7.307529825663164336e-02	2.889924351991728785e-02	7.408725771418282757e-02
1.152356864892688463e+03	2.648111546999812882e-01	1.591397453224328851e-01	2.492893813679744330e-01	1.505878463488438124e-01	7.311192353194401194e-02	2.891736262236236504e-02	7.414258610645363401e-02
1.153808195956785084e+03	2.645963211295271345e-01	1.590077940433038683e-01	2.494371555694412934e-01	1.506769520750788904e-01	7.314848816641454643e-02	2.893545521510864846e-02	7.419783380111805160e-02
1.155259527020881706e+03	2.643818393266449407e-01	1.588760588377627070e-01	2.495846807373217624e-01	1.507659065972455636e-01	7.318499226555322257e-02	2.895352134066627933e-02	7.425300089479792975e-02
1.156710858084978327e+03	2.641677087143754488e-01	1.587445393513562952e-01	2.497319572819917677e-01	1.508547101920239830e-01	7.322143593467081435e-02	2.897156104147594405e-02	7.430808748409814535e-02
1.158162189149074720e+03	2.639539287167086412e-01	1.586132352302150605e-01	2.498789856131534703e-01	1.509433631355209249e-01	7.325781927887925482e-02	2.898957435990899556e-02	7.436309366560599210e-02
1.159613520213171569e+03	2.637404987585825200e-01	1.584821461210519367e-01	2.500257661398363473e-01	1.510318657032712342e-01	7.329414240309210793e-02	2.900756133826756789e-02	7.441801953589065322e-02
1.161064851277267962e+03	2.635274182658811637e-01	1.583512716711613089e-01	2.501722992703981907e-01	1.511202181702391845e-01	7.333040541202501261e-02	2.902552201878469060e-02	7.447286519150272954e-02
1.162516182341364356e+03	2.633146866654335061e-01	1.582206115284182923e-01	2.503185854125264398e-01	1.512084208108198935e-01	7.336660841019608525e-02	2.904345644362438944e-02	7.452763072897361507e-02
1.163967513405461204e+03	2.631023033850114490e-01	1.580901653412774555e-01	2.504646249732392360e-01	1.512964738988408775e-01	7.340275150192639153e-02	2.906136465488182510e-02	7.458231624481505284e-02
1.165418844469557826e+03	2.628902678533285298e-01	1.579599327587721536e-01	2.506104183588862555e-01	1.513843777075632169e-01	7.343883479134033498e-02	2.907924669458338343e-02	7.463692183551852433e-02
1.166870175533654447e+03	2.626785795000381452e-01	1.578299134305133355e-01	2.507559659751500414e-01	1.514721325096831384e-01	7.347485838236608724e-02	2.909710260468679338e-02	7.469144759755483309e-02
1.168321506597751068e+03	2.624672377557322744e-01	1.577001070066886834e-01	2.509012682270471140e-01	1.515597385773334582e-01	7.351082237873601821e-02	2.911493242708125193e-02	7.474589362737352194e-02
1.169772837661847461e+03	2.622562420519397031e-01	1.575705131380617241e-01	2.510463255189290810e-01	1.516471961820848036e-01	7.354672688398715408e-02	2.913273620358752120e-02	7.480026002140235941e-02
1.171224168725944082e+03	2.620455918211245794e-01	1.574411314759707470e-01	2.511911382544835813e-01	1.517345055949470556e-01	7.358257200146153809e-02	2.915051397595805338e-02	7.485454687604682633e-02
1.172675499790040703e+03	2.618352864966846938e-01	1.573119616723279157e-01	2.513357068367353953e-01	1.518216670863709039e-01	7.361835783430671631e-02	2.916826578587709135e-02	7.490875428768965782e-02
1.174126830854137097e+03	2.616253255129502575e-01	1.571830033796183246e-01	2.514800316680477210e-01	1.519086809262489290e-01	7.365408448547608455e-02	2.918599167496079005e-02	7.496288235269026046e-02
1.175578161918233945e+03	2.614157083051820152e-01	1.570542562508990270e-01	2.516241131501230632e-01	1.519955473839172955e-01	7.368975205772937409e-02	2.920369168475732066e-02	7.501693116738424039e-02
1.177029492982330339e+03	2.612064343095699681e-01	1.569257199397980918e-01	2.517679516840043985e-01	1.520822667281568619e-01	7.372536065363306801e-02	2.922136585674699194e-02	7.507090082808295928e-02
1.178480824046426733e+03	2.609975029632314869e-01	1.567973941005136040e-01	2.519115476700763967e-01	1.521688392271947632e-01	7.376091037556077590e-02	2.923901423234235436e-02	7.512479143107295143e-02
1.179932155110523581e+03	2.607889137042103123e-01	1.566692783878128326e-01	2.520549015080661426e-01	1.522552651487056041e-01	7.379640132569369182e-02	2.925663685288832153e-02	7.517860307261547970e-02
1.181383486174620202e+03	2.605806659714743900e-01	1.565413724570311749e-01	2.521980135970446346e-01	1.523415447598129024e-01	7.383183360602096901e-02	2.927423375966225344e-02	7.523233584894603587e-02
1.182834817238716823e+03	2.603727592049149275e-01	1.564136759640712970e-01	2.523408843354274511e-01	1.524276783270905045e-01	7.386720731834017784e-02	2.929180499387410569e-02	7.528598985627385498e-02
1.184286148302813444e+03	2.601651928453444507e-01	1.562861885654021343e-01	2.524835141209763600e-01	1.525136661165638341e-01	7.390252256425768052e-02	2.930935059666650924e-02	7.533956519078138792e-02
1.185737479366910065e+03	2.599579663344954161e-01	1.561589099180580031e-01	2.526259033507998186e-01	1.525995083937112806e-01	7.393777944518907519e-02	2.932687060911490923e-02	7.539306194862388510e-02
1.187188810431006686e+03	2.597510791150186571e-01	1.560318396796376017e-01	2.527680524213543056e-01	1.526852054234655587e-01	7.397297806235959838e-02	2.934436507222764820e-02	7.544648022592892467e-02
1.188640141495103080e+03	2.595445306304820510e-01	1.559049775083031497e-01	2.529099617284455981e-01	1.527707574702150684e-01	7.400811851680452746e-02	2.936183402694608410e-02	7.549982011879584343e-02
1.190091472559199701e+03	2.593383203253686320e-01	1.557783230627793336e-01	2.530516316672294930e-01	1.528561647978051163e-01	7.404320090936958310e-02	2.937927751414471517e-02	7.555308172329534833e-02
1.191542803623296322e+03	2.591324476450755365e-01	1.556518760023525572e-01	2.531930626322130284e-01	1.529414276695394703e-01	7.407822534071137333e-02	2.939669557463127358e-02	7.560626513546901684e-02
1.192994134687392716e+03	2.589269120359120047e-01	1.555256359868698035e-01	2.533342550172555940e-01	1.530265463481814414e-01	7.411319191129772666e-02	2.941408824914683653e-02	7.565937045132881122e-02
1.194445465751489564e+03	2.587217129450982145e-01	1.553996026767378857e-01	2.534752092155699299e-01	1.531115210959553830e-01	7.414810072140819164e-02	2.943145557836595108e-02	7.571239776685667611e-02
1.195896796815585958e+03	2.585168498207636167e-01	1.552737757329223367e-01	2.536159256197231260e-01	1.531963521745479673e-01	7.418295187113438383e-02	2.944879760289671744e-02	7.576534717800399721e-02
1.197348127879682352e+03	2.583123221119454915e-01	1.551481548169467151e-01	2.537564046216379543e-01	1.532810398451094624e-01	7.421774546038040210e-02	2.946611436328092429e-02	7.581821878069119891e-02
1.198799458943779200e+03	2.581081292685875050e-01	1.550227395908914396e-01	2.538966466125935351e-01	1.533655843682550923e-01	7.425248158886323113e-02	2.948340589999414244e-02	7.587101267080724465e-02
1.200250790007875821e+03	2.579042707415378777e-01	1.548975297173930676e-01	2.540366519832266690e-01	1.534499860040662855e-01	7.428716035611314383e-02	2.950067225344583238e-02	7.592372894420923446e-02
1.201702121071972442e+03	2.577007459825483848e-01	1.547725248596431846e-01	2.541764211235328919e-01	1.535342450120920910e-01	7.432178186147410381e-02	2.951791346397946575e-02	7.597636769672191925e-02
1.203153452136069063e+03	2.574975544442725250e-01	1.546477246813876272e-01	2.543159544228674185e-01	1.536183616513503436e-01	7.435634620410415396e-02	2.953512957187262242e-02	7.602892902413725673e-02
1.204604783200165684e+03	2.572946955802640767e-01	1.545231288469255670e-01	2.544552522699462527e-01	1.537023361803291632e-01	7.439085348297581890e-02	2.955232061733710155e-02	7.608141302221398117e-02
1.206056114264262078e+03	2.570921688449757103e-01	1.543987370211084287e-01	2.545943150528471310e-01	1.537861688569879814e-01	7.442530379687656295e-02	2.956948664051902917e-02	7.613381978667713157e-02
1.207507445328358699e+03	2.568899736937572675e-01	1.542745488693392508e-01	2.547331431590107442e-01	1.538698599387590127e-01	7.445969724440906767e-02	2.958662768149896566e-02	7.618614941321763534e-02
1.208958776392455093e+03	2.566881095828545956e-01	1.541505640575714098e-01	2.548717369752417361e-01	1.539534096825485310e-01	7.449403392399170376e-02	2.960374378029202377e-02	7.623840199749187807e-02
1.210410107456551941e+03	2.564865759694079372e-01	1.540267822523080365e-01	2.550100968877096475e-01	1.540368183447381190e-01	7.452831393385894732e-02	2.962083497684795536e-02	7.629057763512125945e-02
1.211861438520648335e+03	2.562853723114502102e-01	1.539032031206009898e-01	2.551482232819499707e-01	1.541200861811859446e-01	7.456253737206171295e-02	2.963790131105127970e-02	7.634267642169172141e-02
1.213312769584745183e+03	2.560844980679058969e-01	1.537798263300498569e-01	2.552861165428654266e-01	1.542032134472280380e-01	7.459670433646777010e-02	2.965494282272137724e-02	7.639469845275340121e-02
1.214764100648841804e+03	2.558839526985894341e-01	1.536566515488011209e-01	2.554237770547267417e-01	1.542862003976795682e-01	7.463081492476215939e-02	2.967195955161260404e-02	7.644664382382015955e-02
1.216215431712937971e+03	2.556837356642035486e-01	1.535336784455473280e-01	2.555612052011737578e-01	1.543690472868361196e-01	7.466486923444753954e-02	2.968895153741438891e-02	7.649851263036913651e-02
1.217666762777034819e+03	2.554838464263380904e-01	1.534109066895260609e-01	2.556984013652164323e-01	1.544517543684749417e-01	7.469886736284461759e-02	2.970591881975135837e-02	7.655030496784034910e-02
1.219118093841131440e+03	2.552842844474682571e-01	1.532883359505190501e-01	2.558353659292360582e-01	1.545343218958562248e-01	7.473280940709249587e-02	2.972286143818341983e-02	7.660202093163630266e-02
1.220569424905228061e+03	2.550850491909535389e-01	1.531659658988513695e-01	2.559720992749860979e-01	1.546167501217243501e-01	7.476669546414908829e-02	2.973977943220588657e-02	7.665366061712153289e-02
1.222020755969324682e+03	2.548861401210357758e-01	1.530437962053904366e-01	2.561086017835932926e-01	1.546990392983091100e-01	7.480052563079153671e-02	2.975667284124957485e-02	7.670522411962220344e-02
1.223472087033421303e+03	2.546875567028379361e-01	1.529218265415451250e-01	2.562448738355587174e-01	1.547811896773270135e-01	7.483430000361650236e-02	2.977354170468090797e-02	7.675671153442571726e-02
1.224923418097517697e+03	2.544892984023628402e-01	1.528000565792649312e-01	2.563809158107586139e-01	1.548632015099825621e-01	7.486801867904066543e-02	2.979038606180203080e-02	7.680812295678028645e-02
1.226374749161614318e+03	2.542913646864912725e-01	1.526784859910390313e-01	2.565167280884458334e-01	1.549450750469693328e-01	7.490168175330100264e-02	2.980720595185090693e-02	7.685945848189451590e-02
1.227826080225710712e+03	2.540937550229809827e-01	1.525571144498953924e-01	2.566523110472504476e-01	1.550268105384713935e-01	7.493528932245524521e-02	2.982400141400143312e-02	7.691071820493702860e-02
1.229277411289807560e+03	2.538964688804647984e-01	1.524359416293998293e-01	2.567876650651810255e-01	1.551084082341644410e-01	7.496884148238222578e-02	2.984077248736353646e-02	7.696190222103603540e-02
1.230728742353903954e+03	2.536995057284496258e-01	1.523149672036552549e-01	2.569227905196254658e-01	1.551898683832170500e-01	7.500233832878228091e-02	2.985751921098327849e-02	7.701301062527900199e-02
1.232180073418000802e+03	2.535028650373145620e-01	1.521941908473005978e-01	2.570576877873521071e-01	1.552711912342919220e-01	7.503577995717759797e-02	2.987424162384296270e-02	7.706404351271214925e-02
1.233631404482097196e+03	2.533065462783098409e-01	1.520736122355100806e-01	2.571923572445108941e-01	1.553523770355471345e-01	7.506916646291263151e-02	2.989093976486124904e-02	7.711500097834017575e-02
1.235082735546193817e+03	2.531105489235550010e-01	1.519532310439922762e-01	2.573267992666340986e-01	1.554334260346372232e-01	7.510249794115443633e-02	2.990761367289324069e-02	7.716588311712577197e-02
1.236534066610290438e+03	2.529148724460377751e-01	1.518330469489891366e-01	2.574610142286376524e-01	1.555143384787145699e-01	7.513577448689309768e-02	2.992426338673060196e-02	7.721669002398925952e-02
1.237985397674387059e+03	2.527195163196125360e-01	1.517130596272752985e-01	2.575950025048217573e-01	1.555951146144305686e-01	7.516899619494206430e-02	2.994088894510165549e-02	7.726742179380824416e-02
1.239436728738483680e+03	2.525244800189987981e-01	1.515932687561569736e-01	2.577287644688723844e-01	1.556757546879367071e-01	7.520216315993852318e-02	2.995749038667149325e-02	7.731807852141718562e-02
1.240888059802580301e+03	2.523297630197799402e-01	1.514736740134712267e-01	2.578623004938619401e-01	1.557562589448859558e-01	7.523527547634382973e-02	2.997406775004206325e-02	7.736866030160706453e-02
1.242339390866676695e+03	2.521353647984015955e-01	1.513542750775850876e-01	2.579956109522503760e-01	1.558366276304338771e-01	7.526833323844378532e-02	2.999062107375230143e-02	7.741916722912496607e-02
1.243790721930773088e+03	2.519412848321703202e-01	1.512350716273946072e-01	2.581286962158861886e-01	1.559168609892398194e-01	7.530133654034912305e-02	3.000715039627821143e-02	7.746959939867369138e-02
1.245242052994869937e+03	2.517475225992522048e-01	1.511160633423239974e-01	2.582615566560074183e-01	1.559969592654681658e-01	7.533428547599577141e-02	3.002365575603297559e-02	7.751995690491143842e-02
1.246693384058966330e+03	2.515540775786713756e-01	1.509972499023247705e-01	2.583941926432426484e-01	1.560769227027894446e-01	7.536718013914528447e-02	3.004013719136705909e-02	7.757023984245138559e-02
1.248144715123063179e+03	2.513609492503084963e-01	1.508786309878748788e-01	2.585266045476121155e-01	1.561567515443816334e-01	7.540002062338521660e-02	3.005659474056831745e-02	7.762044830586133093e-02
1.249596046187159800e+03	2.511681370948996572e-01	1.507602062799778542e-01	2.586587927385285424e-01	1.562364460329311866e-01	7.543280702212944167e-02	3.007302844186208676e-02	7.767058238966334516e-02
1.251047377251256421e+03	2.509756405940345436e-01	1.506419754601618644e-01	2.587907575847980812e-01	1.563160064106343394e-01	7.546553942861858322e-02	3.008943833341129817e-02	7.772064218833338312e-02
1.252498708315352815e+03	2.507834592301553811e-01	1.505239382104789081e-01	2.589224994546217018e-01	1.563954329191983017e-01	7.549821793592031982e-02	3.010582445331657156e-02	7.777062779630096456e-02
1.253950039379449436e+03	2.505915924865553257e-01	1.504060942135039269e-01	2.590540187155957463e-01	1.564747257998422569e-01	7.553084263692977363e-02	3.012218683961633003e-02	7.782053930794877172e-02
1.255401370443546057e+03	2.504000398473771871e-01	1.502884431523339726e-01	2.591853157347130954e-01	1.565538852932988334e-01	7.556341362436989895e-02	3.013852553028688666e-02	7.787037681761228847e-02
1.256852701507642678e+03	2.502088007976117079e-01	1.501709847105872631e-01	2.593163908783642779e-01	1.566329116398149646e-01	7.559593099079184308e-02	3.015484056324256243e-02	7.792014041957949499e-02
1.258304032571739299e+03	2.500178748230967307e-01	1.500537185724023503e-01	2.594472445123382487e-01	1.567118050791532213e-01	7.562839482857525164e-02	3.017113197633576951e-02	7.796983020809047926e-02
1.259755363635835920e+03	2.498272614105152278e-01	1.499366444224373984e-01	2.595778770018235537e-01	1.567905658505929778e-01	7.566080522992869872e-02	3.018739980735713271e-02	7.801944627733707616e-02
1.261206694699932314e+03	2.496369600473941908e-01	1.498197619458690732e-01	2.597082887114091077e-01	1.568691941929314937e-01	7.569316228689000614e-02	3.020364409403558312e-02	7.806898872146257606e-02
1.262658025764028707e+03	2.494469702221031870e-01	1.497030708283918765e-01	2.598384800050854704e-01	1.569476903444850802e-01	7.572546609132661810e-02	3.021986487403844138e-02	7.811845763456129466e-02
1.264109356828125556e+03	2.492572914238529724e-01	1.495865707562172298e-01	2.599684512462455688e-01	1.570260545430903765e-01	7.575771673493596203e-02	3.023606218497154954e-02	7.816785311067830921e-02
1.265560687892221949e+03	2.490679231426940754e-01	1.494702614160725307e-01	2.600982027976858069e-01	1.571042870261052660e-01	7.578991430924582329e-02	3.025223606437936127e-02	7.821717524380908393e-02
1.267012018956318798e+03	2.488788648695154093e-01	1.493541424952004593e-01	2.602277350216071206e-01	1.571823880304102361e-01	7.582205890561463657e-02	3.026838654974502163e-02	7.826642412789915071e-02
1.268463350020415419e+03	2.486901160960428847e-01	1.492382136813580062e-01	2.603570482796155883e-01	1.572603577924094054e-01	7.585415061523191615e-02	3.028451367849050238e-02	7.831559985684370673e-02
1.269914681084511813e+03	2.485016763148380214e-01	1.491224746628157238e-01	2.604861429327239852e-01	1.573381965480316613e-01	7.588618952911857507e-02	3.030061748797667834e-02	7.836470252448736462e-02
1.271366012148608434e+03	2.483135450192966442e-01	1.490069251283567542e-01	2.606150193413522276e-01	1.574159045327319095e-01	7.591817573812728592e-02	3.031669801550343490e-02	7.841373222462379167e-02
1.272817343212705055e+03	2.481257217036473839e-01	1.488915647672759968e-01	2.607436778653286491e-01	1.574934819814920173e-01	7.595010933294284172e-02	3.033275529830976522e-02	7.846268905099537672e-02
1.274268674276801676e+03	2.479382058629503172e-01	1.487763932693793867e-01	2.608721188638908894e-01	1.575709291288220903e-01	7.598199040408248894e-02	3.034878937357387771e-02	7.851157309729288325e-02
1.275720005340898297e+03	2.477509969930957179e-01	1.486614103249829233e-01	2.610003426956869488e-01	1.576482462087615832e-01	7.601381904189630223e-02	3.036480027841328630e-02	7.856038445715517182e-02
1.277171336404994690e+03	2.475640945908024748e-01	1.485466156249118652e-01	2.611283497187760205e-01	1.577254334548803261e-01	7.604559533656753134e-02	3.038078804988492143e-02	7.860912322416881148e-02
1.278622667469091539e+03	2.473774981536168982e-01	1.484320088604998700e-01	2.612561402906293795e-01	1.578024911002797182e-01	7.607731937811293421e-02	3.039675272498521680e-02	7.865778949186784386e-02
1.280073998533187932e+03	2.471912071799112764e-01	1.483175897235882723e-01	2.613837147681316586e-01	1.578794193775938659e-01	7.610899125638312390e-02	3.041269434065022037e-02	7.870638335373336680e-02
1.281525329597284326e+03	2.470052211688825994e-01	1.482033579065250017e-01	2.615110735075816262e-01	1.579562185189906098e-01	7.614061106106295718e-02	3.042861293375568113e-02	7.875490490319331238e-02
1.282976660661381175e+03	2.468195396205509484e-01	1.480893131021639719e-01	2.616382168646931294e-01	1.580328887561727180e-01	7.617217888167183981e-02	3.044450854111716009e-02	7.880335423362207214e-02
1.284427991725477568e+03	2.466341620357584141e-01	1.479754550038641092e-01	2.617651451945960384e-01	1.581094303203789131e-01	7.620369480756408742e-02	3.046038119949011705e-02	7.885173143834019183e-02
1.285879322789574417e+03	2.464490879161676251e-01	1.478617833054885755e-01	2.618918588518371893e-01	1.581858434423850102e-01	7.623515892792925852e-02	3.047623094557002504e-02	7.890003661061407991e-02
1.287330653853671038e+03	2.462643167642603881e-01	1.477482977014039633e-01	2.620183581903817172e-01	1.582621283525050548e-01	7.626657133179251535e-02	3.049205781599245713e-02	7.894826984365568845e-02
1.288781984917767431e+03	2.460798480833363000e-01	1.476349978864793522e-01	2.621446435636132777e-01	1.583382852805923779e-01	7.629793210801499859e-02	3.050786184733318696e-02	7.899643123062223549e-02
1.290233315981864052e+03	2.458956813775114159e-01	1.475218835560855868e-01	2.622707153243358236e-01	1.584143144560406780e-01	7.632924134529406324e-02	3.052364307610828595e-02	7.904452086461584426e-02
