1.001418434226643626e+03	2.858330726671351463e-01	1.701648438125852036e-01	2.338853736510955461e-01	1.423269712446761370e-01	6.959888137933331609e-02	2.786252620070603717e-02	7.032833104443370065e-02
1.002869765290740247e+03	2.855696730178606813e-01	1.700063327769586463e-01	2.340611408678659189e-01	1.424360936781879083e-01	6.964422551921865823e-02	2.788639191342189363e-02	7.039614222645132480e-02
1.004321096354836754e+03	2.853067285319467739e-01	1.698480956601465253e-01	2.342365989907833346e-01	1.425450246779376706e-01	6.968949082074193946e-02	2.791022140621320785e-02	7.046383991219565268e-02
1.005772427418933376e+03	2.850442384221203440e-01	1.696901319883233616e-01	2.344117485559893965e-01	1.426537646001211357e-01	6.973467742501862632e-02	2.793401473902271809e-02	7.053142426936943876e-02
1.007223758483029997e+03	2.847822019024749962e-01	1.695324412884865461e-01	2.345865900986977837e-01	1.427623138001115344e-01	6.977978547288180011e-02	2.795777197168764633e-02	7.059889546562471419e-02
1.008675089547126618e+03	2.845206181884681329e-01	1.693750230884545904e-01	2.347611241531958881e-01	1.428706726324627807e-01	6.982481510488287857e-02	2.798149316393990296e-02	7.066625366856088553e-02
1.010126420611223239e+03	2.842594864969186785e-01	1.692178769168658226e-01	2.349353512528464250e-01	1.429788414509125249e-01	6.986976646129246238e-02	2.800517837540630189e-02	7.073349904572287516e-02
1.011577751675319632e+03	2.839988060460046926e-01	1.690610023031769160e-01	2.351092719300890144e-01	1.430868206083853456e-01	6.991463968210112623e-02	2.802882766560878952e-02	7.080063176459920615e-02
1.013029082739416367e+03	2.837385760552610381e-01	1.689043987776614186e-01	2.352828867164417914e-01	1.431946104569958300e-01	6.995943490702019596e-02	2.805244109396463209e-02	7.086765199262021198e-02
1.014480413803512761e+03	2.834787957455768281e-01	1.687480658714084203e-01	2.354561961425030159e-01	1.433022113480515447e-01	7.000415227548256736e-02	2.807601871978664121e-02	7.093455989715610754e-02
1.015931744867609382e+03	2.832194643391932609e-01	1.685920031163209154e-01	2.356292007379525988e-01	1.434096236320561712e-01	7.004879192664352494e-02	2.809956060228338548e-02	7.100135564551525447e-02
1.017383075931706003e+03	2.829605810597011217e-01	1.684362100451144983e-01	2.358019010315538511e-01	1.435168476587125042e-01	7.009335399938140809e-02	2.812306680055938479e-02	7.106803940494238470e-02
1.018834406995802851e+03	2.827021451320382850e-01	1.682806861913159202e-01	2.359742975511548990e-01	1.436238837769254761e-01	7.013783863229852700e-02	2.814653737361533931e-02	7.113461134261672703e-02
1.020285738059899245e+03	2.824441557824874938e-01	1.681254310892616455e-01	2.361463908236903497e-01	1.437307323348051002e-01	7.018224596372185653e-02	2.816997238034832027e-02	7.120107162565034176e-02
1.021737069123995752e+03	2.821866122386740283e-01	1.679704442740964088e-01	2.363181813751829563e-01	1.438373936796695229e-01	7.022657613170382729e-02	2.819337187955199553e-02	7.126742042108635822e-02
1.023188400188092373e+03	2.819295137295632636e-01	1.678157252817717993e-01	2.364896697307449780e-01	1.439438681580478552e-01	7.027082927402311663e-02	2.821673592991682730e-02	7.133365789589724004e-02
1.024639731252188767e+03	2.816728594854582823e-01	1.676612736490448730e-01	2.366608564145800120e-01	1.440501561156832255e-01	7.031500552818537031e-02	2.824006459003026645e-02	7.139978421698309208e-02
1.026091062316285615e+03	2.814166487379974324e-01	1.675070889134766539e-01	2.368317419499844090e-01	1.441562578975356113e-01	7.035910503142402128e-02	2.826335791837699188e-02	7.146579955116999505e-02
1.027542393380382237e+03	2.811608807201522731e-01	1.673531706134307462e-01	2.370023268593488830e-01	1.442621738477848359e-01	7.040312792070095582e-02	2.828661597333907707e-02	7.153170406520831248e-02
1.028993724444478858e+03	2.809055546662250213e-01	1.671995182880719744e-01	2.371726116641601212e-01	1.443679043098332893e-01	7.044707433270738783e-02	2.830983881319622600e-02	7.159749792577106697e-02
1.030445055508575479e+03	2.806506698118462761e-01	1.670461314773648842e-01	2.373425968850022549e-01	1.444734496263089807e-01	7.049094440386449723e-02	2.833302649612595703e-02	7.166318129945231652e-02
1.031896386572671872e+03	2.803962253939724092e-01	1.668930097220724384e-01	2.375122830415585251e-01	1.445788101390682034e-01	7.053473827032424870e-02	2.835617908020381453e-02	7.172875435276550304e-02
1.033347717636768493e+03	2.801422206508837331e-01	1.667401525637544901e-01	2.376816706526128642e-01	1.446839861891984769e-01	7.057845606797009952e-02	2.837929662340358400e-02	7.179421725214189809e-02
1.034799048700865114e+03	2.798886548221817816e-01	1.665875595447664781e-01	2.378507602360513395e-01	1.447889781170212942e-01	7.062209793241774891e-02	2.840237918359746552e-02	7.185957016392902075e-02
1.036250379764961508e+03	2.796355271487871996e-01	1.664352302082579282e-01	2.380195523088637632e-01	1.448937862620950368e-01	7.066566399901587359e-02	2.842542681855630277e-02	7.192481325438905559e-02
1.037701710829058356e+03	2.793828368729371903e-01	1.662831640981711767e-01	2.381880473871452464e-01	1.449984109632175278e-01	7.070915440284684939e-02	2.844843958594977032e-02	7.198994668969735389e-02
1.039153041893154750e+03	2.791305832381834606e-01	1.661313607592398434e-01	2.383562459860978089e-01	1.451028525584290296e-01	7.075256927872750068e-02	2.847141754334658187e-02	7.205497063594085150e-02
1.040604372957251599e+03	2.788787654893898349e-01	1.659798197369875550e-01	2.385241486200318783e-01	1.452071113850147421e-01	7.079590876120979426e-02	2.849436074821468795e-02	7.211988525911661174e-02
1.042055704021347992e+03	2.786273828727297563e-01	1.658285405777264743e-01	2.386917558023677610e-01	1.453111877795078000e-01	7.083917298458160261e-02	2.851726925792147371e-02	7.218469072513028495e-02
1.043507035085444613e+03	2.783764346356842334e-01	1.656775228285559121e-01	2.388590680456373072e-01	1.454150820776917430e-01	7.088236208286737006e-02	2.854014312973395320e-02	7.224938719979466517e-02
1.044958366149541234e+03	2.781259200270392862e-01	1.655267660373609950e-01	2.390260858614853823e-01	1.455187946146034028e-01	7.092547618982886215e-02	2.856298242081897754e-02	7.231397484882821913e-02
1.046409697213637855e+03	2.778758382968840035e-01	1.653762697528112779e-01	2.391928097606714765e-01	1.456223257245353730e-01	7.096851543896590120e-02	2.858578718824342918e-02	7.237845383785367070e-02
1.047861028277734476e+03	2.776261886966081005e-01	1.652260335243592448e-01	2.393592402530710928e-01	1.457256757410388126e-01	7.101147996351701852e-02	2.860855748897442319e-02	7.244282433239650210e-02
1.049312359341831097e+03	2.773769704788993651e-01	1.650760569022391155e-01	2.395253778476774398e-01	1.458288449969260547e-01	7.105436989646014834e-02	2.863129337987949455e-02	7.250708649788360771e-02
1.050763690405927491e+03	2.771281828977417705e-01	1.649263394374652913e-01	2.396912230526029308e-01	1.459318338242732438e-01	7.109718537051340492e-02	2.865399491772680635e-02	7.257124049964185086e-02
1.052215021470024112e+03	2.768798252084129774e-01	1.647768806818311615e-01	2.398567763750805437e-01	1.460346425544228888e-01	7.113992651813573487e-02	2.867666215918532671e-02	7.263528650289674538e-02
1.053666352534120733e+03	2.766318966674820023e-01	1.646276801879075491e-01	2.400220383214655973e-01	1.461372715179865556e-01	7.118259347152759708e-02	2.869929516082504739e-02	7.269922467277102618e-02
1.055117683598217127e+03	2.763843965328072194e-01	1.644787375090415171e-01	2.401870093972371112e-01	1.462397210448473928e-01	7.122518636263168446e-02	2.872189397911716416e-02	7.276305517428333092e-02
1.056569014662313975e+03	2.761373240635338622e-01	1.643300521993548702e-01	2.403516901069993328e-01	1.463419914641626574e-01	7.126770532313360385e-02	2.874445867043427458e-02	7.282677817234683992e-02
1.058020345726410369e+03	2.758906785200918588e-01	1.641816238137428496e-01	2.405160809544833467e-01	1.464440831043663516e-01	7.131015048446252835e-02	2.876698929105056882e-02	7.289039383176798559e-02
1.059471676790506763e+03	2.756444591641935005e-01	1.640334519078727182e-01	2.406801824425484349e-01	1.465459962931716931e-01	7.135252197779191896e-02	2.878948589714202741e-02	7.295390231724513397e-02
1.060923007854603611e+03	2.753986652588313877e-01	1.638855360381825110e-01	2.408439950731838253e-01	1.466477313575736408e-01	7.139481993404019067e-02	2.881194854478660861e-02	7.301730379336729415e-02
1.062374338918700232e+03	2.751532960682758766e-01	1.637378757618796477e-01	2.410075193475098854e-01	1.467492886238513927e-01	7.143704448387139250e-02	2.883437728996445307e-02	7.308059842461282762e-02
1.063825669982796853e+03	2.749083508580730806e-01	1.635904706369394335e-01	2.411707557657799539e-01	1.468506684175709398e-01	7.147919575769585976e-02	2.885677218855804346e-02	7.314378637534821315e-02
1.065277001046893474e+03	2.746638288950424833e-01	1.634433202221038661e-01	2.413337048273815899e-01	1.469518710635874525e-01	7.152127388567092181e-02	2.887913329635244386e-02	7.320686780982675612e-02
1.066728332110990095e+03	2.744197294472748849e-01	1.632964240768803588e-01	2.414963670308381549e-01	1.470528968860478070e-01	7.156327899770151268e-02	2.890146066903544544e-02	7.326984289218740898e-02
1.068179663175086489e+03	2.741760517841298483e-01	1.631497817615401025e-01	2.416587428738103949e-01	1.471537462083929992e-01	7.160521122344086498e-02	2.892375436219777815e-02	7.333271178645352217e-02
1.069630994239183110e+03	2.739327951762339231e-01	1.630033928371170393e-01	2.418208328530978279e-01	1.472544193533605605e-01	7.164707069229118985e-02	2.894601443133329802e-02	7.339547465653165070e-02
1.071082325303279504e+03	2.736899588954780360e-01	1.628572568654063080e-01	2.419826374646403266e-01	1.473549166429870272e-01	7.168885753340432931e-02	2.896824093183917453e-02	7.345813166621030510e-02
1.072533656367376352e+03	2.734475422150154378e-01	1.627113734089630781e-01	2.421441572035194501e-01	1.474552383986102722e-01	7.173057187568231130e-02	2.899043391901607800e-02	7.352068297915889672e-02
1.073984987431472746e+03	2.732055444092594265e-01	1.625657420311009960e-01	2.423053925639601369e-01	1.475553849408719753e-01	7.177221384777819624e-02	2.901259344806836685e-02	7.358312875892643323e-02
1.075436318495569594e+03	2.729639647538812941e-01	1.624203622958911020e-01	2.424663440393320379e-01	1.476553565897198994e-01	7.181378357809649338e-02	2.903471957410427504e-02	7.364546916894046391e-02
1.076887649559666215e+03	2.727228025258077726e-01	1.622752337681602763e-01	2.426270121221510423e-01	1.477551536644103602e-01	7.185528119479402120e-02	2.905681235213610630e-02	7.370770437250591389e-02
1.078338980623762609e+03	2.724820570032194245e-01	1.621303560134900734e-01	2.427873973040808320e-01	1.478547764835105027e-01	7.189670682578039318e-02	2.907887183708040418e-02	7.376983453280391845e-02
1.079790311687859230e+03	2.722417274655477559e-01	1.619857285982152784e-01	2.429475000759341863e-01	1.479542253649006045e-01	7.193806059871875325e-02	2.910089808375815323e-02	7.383185981289079602e-02
1.081241642751955851e+03	2.720018131934734407e-01	1.618413510894227136e-01	2.431073209276746749e-01	1.480535006257764907e-01	7.197934264102633095e-02	2.912289114689495598e-02	7.389378037569691027e-02
1.082692973816052472e+03	2.717623134689242104e-01	1.616972230549497958e-01	2.432668603484179071e-01	1.481526025826517545e-01	7.202055307987514920e-02	2.914485108112122372e-02	7.395559638402550429e-02
1.084144304880149093e+03	2.715232275750721902e-01	1.615533440633832862e-01	2.434261188264331965e-01	1.482515315513601717e-01	7.206169204219259328e-02	2.916677794097235696e-02	7.401730800055178472e-02
1.085595635944245487e+03	2.712845547963321780e-01	1.614097136840579594e-01	2.435850968491449220e-01	1.483502878470577269e-01	7.210275965466213244e-02	2.918867178088892927e-02	7.407891538782171437e-02
1.087046967008342108e+03	2.710462944183593681e-01	1.612663314870552700e-01	2.437437949031339701e-01	1.484488717842252226e-01	7.214375604372380568e-02	2.921053265521686773e-02	7.414041870825108238e-02
1.088498298072438729e+03	2.708084457280470758e-01	1.611231970432020488e-01	2.439022134741393177e-01	1.485472836766702220e-01	7.218468133557495725e-02	2.923236061820763676e-02	7.420181812412435240e-02
1.089949629136535123e+03	2.705710080135245166e-01	1.609803099240692537e-01	2.440603530470593086e-01	1.486455238375294918e-01	7.222553565617081950e-02	2.925415572401843245e-02	7.426311379759376052e-02
1.091400960200631971e+03	2.703339805641549187e-01	1.608376697019706092e-01	2.442182141059532907e-01	1.487435925792711111e-01	7.226631913122510964e-02	2.927591802671234908e-02	7.432430589067821891e-02
1.092852291264728365e+03	2.700973626705330255e-01	1.606952759499612471e-01	2.443757971340429214e-01	1.488414902136968032e-01	7.230703188621068200e-02	2.929764758025856300e-02	7.438539456526235827e-02
1.094303622328825213e+03	2.698611536244832076e-01	1.605531282418365402e-01	2.445331026137137487e-01	1.489392170519440173e-01	7.234767404636009702e-02	2.931934443853252345e-02	7.444637998309550087e-02
1.095754953392921607e+03	2.696253527190570765e-01	1.604112261521306593e-01	2.446901310265165719e-01	1.490367734044881765e-01	7.238824573666627349e-02	2.934100865531611563e-02	7.450726230579071685e-02
1.097206284457018228e+03	2.693899592485314298e-01	1.602695692561154628e-01	2.448468828531689678e-01	1.491341595811448706e-01	7.242874708188307142e-02	2.936264028429786191e-02	7.456804169482390832e-02
1.098657615521114849e+03	2.691549725084063094e-01	1.601281571297989981e-01	2.450033585735565678e-01	1.492313758910719657e-01	7.246917820652587494e-02	2.938423937907308492e-02	7.462871831153274071e-02
1.100108946585211470e+03	2.689203917954026135e-01	1.599869893499243356e-01	2.451595586667347504e-01	1.493284226427718242e-01	7.250953923487224451e-02	2.940580599314409141e-02	7.468929231711579630e-02
1.101560277649308091e+03	2.686862164074598214e-01	1.598460654939682368e-01	2.453154836109298076e-01	1.494253001440933870e-01	7.254983029096244429e-02	2.942734017992035267e-02	7.474976387263161659e-02
1.103011608713404712e+03	2.684524456437342721e-01	1.597053851401399049e-01	2.454711338835405821e-01	1.495220087022343380e-01	7.259005149860012218e-02	2.944884199271867800e-02	7.481013313899778638e-02
1.104462939777501106e+03	2.682190788045967778e-01	1.595649478673796251e-01	2.456265099611398828e-01	1.496185486237431306e-01	7.263020298135282327e-02	2.947031148476340207e-02	7.487040027699001787e-02
1.105914270841597499e+03	2.679861151916305140e-01	1.594247532553576263e-01	2.457816123194757896e-01	1.497149202145212910e-01	7.267028486255266984e-02	2.949174870918655142e-02	7.493056544724129020e-02
1.107365601905694348e+03	2.677535541076289105e-01	1.592848008844725549e-01	2.459364414334731797e-01	1.498111237798252782e-01	7.271029726529683324e-02	2.951315371902802145e-02	7.499062881024091964e-02
1.108816932969790741e+03	2.675213948565935418e-01	1.591450903358504754e-01	2.460909977772351709e-01	1.499071596242687598e-01	7.275024031244820000e-02	2.953452656723576722e-02	7.505059052633374084e-02
1.110268264033887590e+03	2.672896367437320730e-01	1.590056211913434547e-01	2.462452818240444541e-01	1.500030280518245274e-01	7.279011412663596858e-02	2.955586730666595260e-02	7.511045075571920471e-02
1.111719595097984211e+03	2.670582790754560953e-01	1.588663930335282859e-01	2.463992940463647918e-01	1.500987293658266331e-01	7.282991883025613511e-02	2.957717599008315851e-02	7.517020965845051805e-02
1.113170926162080832e+03	2.668273211593789052e-01	1.587274054457052386e-01	2.465530349158424339e-01	1.501942638689724441e-01	7.286965454547218723e-02	2.959845267016052855e-02	7.522986739443385251e-02
1.114622257226177226e+03	2.665967623043136725e-01	1.585886580118967826e-01	2.467065049033075053e-01	1.502896318633246409e-01	7.290932139421558988e-02	2.961969739947995992e-02	7.528942412342745638e-02
1.116073588290273847e+03	2.663666018202711094e-01	1.584501503168463665e-01	2.468597044787753658e-01	1.503848336503132432e-01	7.294891949818643750e-02	2.964091023053226984e-02	7.534888000504087746e-02
1.117524919354370468e+03	2.661368390184572497e-01	1.583118819460170856e-01	2.470126341114481650e-01	1.504798695307376089e-01	7.298844897885392591e-02	2.966209121571737606e-02	7.540823519873415814e-02
1.118976250418467089e+03	2.659074732112719497e-01	1.581738524855904604e-01	2.471652942697161737e-01	1.505747398047685426e-01	7.302790995745700453e-02	2.968324040734446334e-02	7.546748986381700275e-02
1.120427581482563710e+03	2.656785037123060578e-01	1.580360615224652432e-01	2.473176854211591169e-01	1.506694447719501562e-01	7.306730255500488991e-02	2.970435785763216041e-02	7.552664415944800036e-02
1.121878912546660331e+03	2.654499298363399151e-01	1.578985086442559471e-01	2.474698080325476723e-01	1.507639847312018666e-01	7.310662689227769018e-02	2.972544361870870649e-02	7.558569824463387543e-02
1.123330243610756725e+03	2.652217508993409134e-01	1.577611934392918469e-01	2.476216625698448859e-01	1.508583599808203668e-01	7.314588308982687692e-02	2.974649774261213173e-02	7.564465227822869675e-02
1.124781574674853118e+03	2.649939662184614964e-01	1.576241154966155911e-01	2.477732494982074762e-01	1.509525708184816795e-01	7.318507126797593743e-02	2.976752028129042021e-02	7.570350641893310029e-02
1.126232905738949967e+03	2.647665751120372168e-01	1.574872744059820084e-01	2.479245692819873059e-01	1.510466175412429890e-01	7.322419154682087428e-02	2.978851128660169045e-02	7.576226082529356753e-02
1.127684236803046360e+03	2.645395768995846830e-01	1.573506697578568314e-01	2.480756223847327413e-01	1.511405004455446399e-01	7.326324404623074660e-02	2.980947081031435145e-02	7.582091565570170388e-02
1.129135567867143209e+03	2.643129709017992268e-01	1.572143011434153637e-01	2.482264092691900959e-01	1.512342198272119687e-01	7.330222888584826679e-02	2.983039890410728312e-02	7.587947106839346145e-02
1.130586898931239830e+03	2.640867564405530721e-01	1.570781681545414532e-01	2.483769303973049902e-01	1.513277759814573575e-01	7.334114618509035566e-02	2.985129561957000285e-02	7.593792722144847296e-02
1.132038229995336451e+03	2.638609328388932251e-01	1.569422703838260491e-01	2.485271862302236567e-01	1.514211692028820389e-01	7.337999606314861423e-02	2.987216100820284242e-02	7.599628427278927456e-02
1.133489561059432845e+03	2.636354994210394209e-01	1.568066074245660357e-01	2.486771772282944382e-01	1.515143997854780100e-01	7.341877863898993439e-02	2.989299512141710413e-02	7.605454238018068136e-02
1.134940892123529466e+03	2.634104555123820135e-01	1.566711788707630948e-01	2.488269038510691755e-01	1.516074680226299765e-01	7.345749403135706790e-02	2.991379801053523427e-02	7.611270170122903800e-02
1.136392223187626087e+03	2.631858004394800332e-01	1.565359843171222898e-01	2.489763665573044571e-01	1.517003742071171279e-01	7.349614235876905655e-02	2.993456972679099312e-02	7.617076239338158028e-02
1.137843554251722708e+03	2.629615335300591328e-01	1.564010233590509835e-01	2.491255658049631450e-01	1.517931186311150538e-01	7.353472373952189833e-02	2.995531032132962498e-02	7.622872461392571353e-02
1.139294885315819101e+03	2.627376541130094223e-01	1.562662955926574504e-01	2.492745020512156517e-01	1.518857015861976023e-01	7.357323829168896379e-02	2.997601984520801080e-02	7.628658851998840196e-02
1.140746216379915950e+03	2.625141615183835819e-01	1.561318006147499049e-01	2.494231757524413562e-01	1.519781233633387130e-01	7.361168613312163433e-02	2.999669834939485552e-02	7.634435426853548867e-02
1.142197547444012343e+03	2.622910550773946969e-01	1.559975380228350028e-01	2.495715873642299354e-01	1.520703842529142202e-01	7.365006738144978804e-02	3.001734588477083382e-02	7.640202201637102952e-02
1.143648878508108737e+03	2.620683341224143703e-01	1.558635074151168143e-01	2.497197373413828358e-01	1.521624845447037133e-01	7.368838215408229919e-02	3.003796250212877397e-02	7.645959192013668249e-02
1.145100209572205586e+03	2.618459979869706689e-01	1.557297083904954915e-01	2.498676261379144392e-01	1.522544245278923958e-01	7.372663056820760730e-02	3.005854825217381746e-02	7.651706413631109704e-02
1.146551540636302207e+03	2.616240460057459583e-01	1.555961405485661309e-01	2.500152542070536166e-01	1.523462044910727509e-01	7.376481274079423056e-02	3.007910318552357506e-02	7.657443882120926193e-02
1.148002871700398828e+03	2.614024775145750712e-01	1.554628034896174682e-01	2.501626220012451163e-01	1.524378247222464844e-01	7.380292878859133487e-02	3.009962735270829692e-02	7.663171613098186674e-02
1.149454202764495449e+03	2.611812918504431424e-01	1.553296968146307411e-01	2.503097299721506741e-01	1.525292855088261901e-01	7.384097882812912239e-02	3.012012080417103901e-02	7.668889622161480235e-02
1.150905533828591842e+03	2.609604883514837770e-01	1.551968201252784396e-01	2.504565785706505121e-01	1.526205871376372092e-01	7.387896297571951154e-02	3.014058359026783318e-02	7.674597924892846701e-02
1.152356864892688463e+03	2.607400663569767740e-01	1.550641730239231408e-01	2.506031682468448651e-01	1.527117298949194069e-01	7.391688134745653949e-02	3.016101576126783979e-02	7.680296536857719736e-02
1.153808195956785084e+03	2.605200252073465728e-01	1.549317551136162319e-01	2.507494994500550356e-01	1.528027140663288375e-01	7.395473405921694499e-02	3.018141736735350730e-02	7.685985473604875495e-02
1.155259527020881706e+03	2.603003642441596988e-01	1.547995659980967997e-01	2.508955726288248367e-01	1.528935399369395487e-01	7.399252122666062637e-02	3.020178845862075273e-02	7.691664750666366013e-02
1.156710858084978327e+03	2.600810828101230987e-01	1.546676052817903546e-01	2.510413882309221467e-01	1.529842077912453302e-01	7.403024296523116887e-02	3.022212908507910037e-02	7.697334383557476178e-02
1.158162189149074720e+03	2.598621802490822530e-01	1.545358725698076086e-01	2.511869467033399639e-01	1.530747179131614344e-01	7.406789939015641366e-02	3.024243929665186223e-02	7.702994387776651575e-02
1.159613520213171569e+03	2.596436559060188998e-01	1.544043674679433653e-01	2.513322484922977385e-01	1.531650705860262418e-01	7.410549061644888802e-02	3.026271914317629763e-02	7.708644778805458231e-02
1.161064851277267962e+03	2.594255091270492586e-01	1.542730895826752713e-01	2.514772940432430937e-01	1.532552660926031207e-01	7.414301675890631882e-02	3.028296867440376239e-02	7.714285572108522948e-02
1.162516182341364356e+03	2.592077392594218099e-01	1.541420385211626221e-01	2.516220838008528249e-01	1.533453047150819537e-01	7.418047793211217378e-02	3.030318793999988228e-02	7.719916783133481952e-02
1.163967513405461204e+03	2.589903456515156299e-01	1.540112138912452244e-01	2.517666182090342319e-01	1.534351867350808862e-01	7.421787425043611941e-02	3.032337698954470223e-02	7.725538427310925382e-02
1.165418844469557826e+03	2.587733276528383364e-01	1.538806153014421196e-01	2.519108977109265624e-01	1.535249124336481030e-01	7.425520582803457614e-02	3.034353587253285633e-02	7.731150520054351494e-02
1.166870175533654447e+03	2.585566846140238129e-01	1.537502423609504454e-01	2.520549227489023991e-01	1.536144820912633546e-01	7.429247277885114853e-02	3.036366463837372395e-02	7.736753076760109760e-02
1.168321506597751068e+03	2.583404158868307099e-01	1.536200946796442424e-01	2.521986937645688265e-01	1.537038959878397892e-01	7.432967521661718036e-02	3.038376333639158239e-02	7.742346112807359237e-02
1.169772837661847461e+03	2.581245208241401690e-01	1.534901718680733718e-01	2.523422111987688732e-01	1.537931544027254793e-01	7.436681325485219873e-02	3.040383201582577341e-02	7.747929643558011670e-02
1.171224168725944082e+03	2.579089987799538242e-01	1.533604735374620720e-01	2.524854754915827892e-01	1.538822576147050869e-01	7.440388700686442758e-02	3.042387072583085592e-02	7.753503684356685688e-02
1.172675499790040703e+03	2.576938491093921924e-01	1.532309992997080983e-01	2.526284870823293782e-01	1.539712059020016122e-01	7.444089658575128721e-02	3.044387951547677246e-02	7.759068250530662403e-02
1.174126830854137097e+03	2.574790711686923972e-01	1.531017487673813071e-01	2.527712464095672185e-01	1.540599995422779200e-01	7.447784210439983843e-02	3.046385843374899843e-02	7.764623357389831282e-02
1.175578161918233945e+03	2.572646643152062818e-01	1.529727215537226015e-01	2.529137539110962174e-01	1.541486388126383222e-01	7.451472367548736542e-02	3.048380752954870168e-02	7.770169020226652679e-02
1.177029492982330339e+03	2.570506279073985767e-01	1.528439172726427098e-01	2.530560100239586663e-01	1.542371239896303536e-01	7.455154141148170877e-02	3.050372685169289513e-02	7.775705254316107873e-02
1.178480824046426733e+03	2.568369613048449018e-01	1.527153355387210754e-01	2.531980151844407390e-01	1.543254553492462711e-01	7.458829542464190387e-02	3.052361644891460335e-02	7.781232074915650498e-02
1.179932155110523581e+03	2.566236638682297122e-01	1.525869759672046355e-01	2.533397698280736576e-01	1.544136331669246631e-01	7.462498582701854177e-02	3.054347636986301517e-02	7.786749497265173237e-02
1.181383486174620202e+03	2.564107349593445773e-01	1.524588381740066834e-01	2.534812743896351361e-01	1.545016577175520878e-01	7.466161273045431035e-02	3.056330666310363292e-02	7.792257536586953692e-02
1.182834817238716823e+03	2.561981739410860159e-01	1.523309217757056744e-01	2.536225293031505457e-01	1.545895292754645711e-01	7.469817624658448008e-02	3.058310737711843197e-02	7.797756208085616925e-02
1.184286148302813444e+03	2.559859801774538868e-01	1.522032263895440329e-01	2.537635350018944136e-01	1.546772481144493006e-01	7.473467648683732034e-02	3.060287856030601342e-02	7.803245526948091038e-02
1.185737479366910065e+03	2.557741530335491120e-01	1.520757516334271808e-01	2.539042919183914782e-01	1.547648145077460680e-01	7.477111356243459905e-02	3.062262026098176715e-02	7.808725508343572486e-02
1.187188810431006686e+03	2.555626918755720123e-01	1.519484971259220663e-01	2.540448004844181873e-01	1.548522287280489074e-01	7.480748758439208224e-02	3.064233252737801408e-02	7.814196167423476114e-02
1.188640141495103080e+03	2.553515960708201415e-01	1.518214624862563311e-01	2.541850611310037533e-01	1.549394910475076770e-01	7.484379866351996424e-02	3.066201540764417269e-02	7.819657519321399075e-02
1.190091472559199701e+03	2.551408649876866219e-01	1.516946473343170065e-01	2.543250742884317628e-01	1.550266017377294747e-01	7.488004691042336736e-02	3.068166894984690127e-02	7.825109579153086137e-02
1.191542803623296322e+03	2.549304979956582562e-01	1.515680512906492361e-01	2.544648403862412867e-01	1.551135610697803591e-01	7.491623243550279976e-02	3.070129320197025058e-02	7.830552362016383883e-02
1.192994134687392716e+03	2.547204944653133074e-01	1.514416739764553876e-01	2.546043598532281571e-01	1.552003693141866814e-01	7.495235534895457186e-02	3.072088821191583038e-02	7.835985882991206020e-02
1.194445465751489564e+03	2.545108537683198890e-01	1.513155150135937488e-01	2.547436331174463553e-01	1.552870267409367511e-01	7.498841576077132365e-02	3.074045402750294823e-02	7.841410157139497294e-02
1.195896796815585958e+03	2.543015752774339111e-01	1.511895740245773889e-01	2.548826606062090661e-01	1.553735336194823069e-01	7.502441378074245493e-02	3.075999069646876902e-02	7.846825199505194637e-02
1.197348127879682352e+03	2.540926583664973593e-01	1.510638506325730490e-01	2.550214427460904543e-01	1.554598902187400156e-01	7.506034951845461101e-02	3.077949826646845730e-02	7.852231025114192464e-02
1.198799458943779200e+03	2.538841024104361854e-01	1.509383444614000314e-01	2.551599799629262200e-01	1.555460968070929428e-01	7.509622308329208518e-02	3.079897678507534722e-02	7.857627648974305212e-02
1.200250790007875821e+03	2.536759067852585314e-01	1.508130551355289506e-01	2.552982726818155412e-01	1.556321536523921356e-01	7.513203458443731830e-02	3.081842629978107442e-02	7.863015086075234028e-02
1.201702121071972442e+03	2.534680708680527861e-01	1.506879822800806790e-01	2.554363213271220179e-01	1.557180610219579819e-01	7.516778413087132904e-02	3.083784685799572864e-02	7.868393351388533463e-02
1.203153452136069063e+03	2.532605940369858644e-01	1.505631255208252917e-01	2.555741263224749482e-01	1.558038191825817931e-01	7.520347183137421343e-02	3.085723850704801680e-02	7.873762459867575392e-02
1.204604783200165684e+03	2.530534756713010425e-01	1.504384844841807622e-01	2.557116880907706613e-01	1.558894284005272191e-01	7.523909779452553348e-02	3.087660129418540525e-02	7.879122426447519867e-02
1.206056114264262078e+03	2.528467151513164035e-01	1.503140587972119913e-01	2.558490070541739048e-01	1.559748889415317474e-01	7.527466212870478901e-02	3.089593526657426550e-02	7.884473266045277651e-02
1.207507445328358699e+03	2.526403118584226726e-01	1.501898480876294739e-01	2.559860836341187884e-01	1.560602010708081466e-01	7.531016494209186174e-02	3.091524047130003380e-02	7.889814993559483847e-02
1.208958776392455093e+03	2.524342651750816624e-01	1.500658519837884397e-01	2.561229182513104496e-01	1.561453650530458537e-01	7.534560634266750101e-02	3.093451695536734991e-02	7.895147623870457654e-02
1.210410107456551941e+03	2.522285744848241085e-01	1.499420701146875201e-01	2.562595113257260526e-01	1.562303811524124730e-01	7.538098643821369849e-02	3.095376476570020630e-02	7.900471171840185713e-02
1.211861438520648335e+03	2.520232391722478371e-01	1.498185021099676939e-01	2.563958632766160095e-01	1.563152496325552754e-01	7.541630533631418776e-02	3.097298394914211120e-02	7.905785652312281864e-02
1.213312769584745183e+03	2.518182586230161557e-01	1.496951475999112602e-01	2.565319745225054793e-01	1.563999707566025021e-01	7.545156314435486067e-02	3.099217455245621353e-02	7.911091080111956608e-02
1.214764100648841804e+03	2.516136322238557987e-01	1.495720062154405061e-01	2.566678454811953114e-01	1.564845447871648365e-01	7.548675996952421141e-02	3.101133662232546592e-02	7.916387470045992136e-02
1.216215431712937971e+03	2.514093593625550405e-01	1.494490775881168187e-01	2.568034765697636557e-01	1.565689719863368468e-01	7.552189591881375286e-02	3.103047020535277048e-02	7.921674836902717343e-02
1.217666762777034819e+03	2.512054394279619740e-01	1.493263613501393805e-01	2.569388682045669614e-01	1.566532526156983740e-01	7.555697109901848840e-02	3.104957534806112099e-02	7.926953195451971745e-02
1.219118093841131440e+03	2.510018718099826796e-01	1.492038571343442255e-01	2.570740208012412542e-01	1.567373869363158922e-01	7.559198561673732830e-02	3.106865209689375559e-02	7.932222560445083281e-02
1.220569424905228061e+03	2.507986558995791704e-01	1.490815645742030182e-01	2.572089347747035792e-01	1.568213752087439239e-01	7.562693957837351988e-02	3.108770049821429210e-02	7.937482946614841939e-02
1.222020755969324682e+03	2.505957910887678386e-01	1.489594833038220267e-01	2.573436105391528894e-01	1.569052176930265385e-01	7.566183309013510550e-02	3.110672059830688410e-02	7.942734368675472001e-02
1.223472087033421303e+03	2.503932767706173457e-01	1.488376129579408735e-01	2.574780485080714887e-01	1.569889146486985465e-01	7.569666625803528337e-02	3.112571244337637016e-02	7.947976841322604291e-02
1.224923418097517697e+03	2.501911123392470127e-01	1.487159531719315919e-01	2.576122490942264753e-01	1.570724663347869698e-01	7.573143918789293494e-02	3.114467607954840567e-02	7.953210379233255356e-02
1.226374749161614318e+03	2.499892971898249050e-01	1.485945035817974602e-01	2.577462127096705191e-01	1.571558730098124301e-01	7.576615198533297180e-02	3.116361155286961546e-02	7.958434997065798322e-02
1.227826080225710712e+03	2.497878307185659452e-01	1.484732638241718639e-01	2.578799397657436376e-01	1.572391349317904530e-01	7.580080475578680754e-02	3.118251890930773956e-02	7.963650709459944854e-02
1.229277411289807560e+03	2.495867123227301920e-01	1.483522335363173239e-01	2.580134306730739180e-01	1.573222523582328836e-01	7.583539760449271860e-02	3.120139819475177198e-02	7.968857531036716013e-02
1.230728742353903954e+03	2.493859414006209252e-01	1.482314123561241648e-01	2.581466858415790711e-01	1.574052255461491912e-01	7.586993063649637159e-02	3.122024945501210985e-02	7.974055476398420050e-02
1.232180073418000802e+03	2.491855173515828969e-01	1.481107999221096816e-01	2.582797056804674862e-01	1.574880547520477736e-01	7.590440395665114248e-02	3.123907273582069571e-02	7.979244560128630204e-02
1.233631404482097196e+03	2.489854395760005557e-01	1.479903958734169189e-01	2.584124905982397302e-01	1.575707402319374006e-01	7.593881766961861624e-02	3.125786808283115975e-02	7.984424796792165269e-02
1.235082735546193817e+03	2.487857074752961029e-01	1.478701998498135051e-01	2.585450410026894352e-01	1.576532822413284629e-01	7.597317187986890596e-02	3.127663554161896203e-02	7.989596200935066006e-02
1.236534066610290438e+03	2.485863204519278280e-01	1.477502114916907916e-01	2.586773573009046312e-01	1.577356810352343319e-01	7.600746669168119418e-02	3.129537515768154171e-02	7.994758787084571550e-02
1.237985397674387059e+03	2.483872779093882210e-01	1.476304304400625489e-01	2.588094398992690781e-01	1.578179368681726369e-01	7.604170220914406586e-02	3.131408697643845579e-02	7.999912569749102753e-02
1.239436728738483680e+03	2.481885792522021406e-01	1.475108563365639669e-01	2.589412892034634872e-01	1.579000499941666247e-01	7.607587853615591089e-02	3.133277104323151097e-02	8.005057563418239985e-02
1.240888059802580301e+03	2.479902238859251484e-01	1.473914888234505449e-01	2.590729056184665202e-01	1.579820206667464366e-01	7.610999577642539593e-02	3.135142740332490935e-02	8.010193782562703702e-02
1.242339390866676695e+03	2.477922112171415669e-01	1.472723275435971479e-01	2.592042895485562881e-01	1.580638491389503852e-01	7.614405403347183909e-02	3.137005610190540805e-02	8.015321241634333627e-02
1.243790721930773088e+03	2.475945406534628690e-01	1.471533721404967021e-01	2.593354413973112393e-01	1.581455356633263143e-01	7.617805341062562630e-02	3.138865718408244410e-02	8.020439955066076265e-02
1.245242052994869937e+03	2.473972116035256796e-01	1.470346222582592510e-01	2.594663615676117696e-01	1.582270804919328200e-01	7.621199401102861370e-02	3.140723069488827318e-02	8.025549937271957146e-02
1.246693384058966330e+03	2.472002234769901385e-01	1.469160775416109010e-01	2.595970504616409991e-01	1.583084838763405555e-01	7.624587593763455795e-02	3.142577667927810847e-02	8.030651202647071107e-02
1.248144715123063179e+03	2.470035756845380126e-01	1.467977376358926833e-01	2.597275084808863821e-01	1.583897460676335356e-01	7.627969929320947695e-02	3.144429518213028713e-02	8.035743765567558705e-02
1.249596046187159800e+03	2.468072676378710861e-01	1.466796021870594990e-01	2.598577360261405955e-01	1.584708673164103576e-01	7.631346418033208012e-02	3.146278624824637438e-02	8.040827640390595110e-02
1.251047377251256421e+03	2.466112987497092179e-01	1.465616708416790648e-01	2.599877334975029819e-01	1.585518478727855063e-01	7.634717070139421247e-02	3.148124992235131620e-02	8.045902841454370680e-02
1.252498708315352815e+03	2.464156684337885928e-01	1.464439432469308300e-01	2.601175012943804932e-01	1.586326879863905748e-01	7.638081895860117376e-02	3.149968624909359888e-02	8.050969383078072916e-02
1.253950039379449436e+03	2.462203761048600836e-01	1.463264190506050055e-01	2.602470398154891895e-01	1.587133879063755137e-01	7.641440905397216266e-02	3.151809527304534619e-02	8.056027279561873977e-02
1.255401370443546057e+03	2.460254211786873646e-01	1.462090979011012870e-01	2.603763494588551275e-01	1.587939478814099359e-01	7.644794108934070687e-02	3.153647703870249980e-02	8.061076545186915410e-02
1.256852701507642678e+03	2.458308030720451065e-01	1.460919794474280220e-01	2.605054306218158033e-01	1.588743681596843094e-01	7.648141516635496850e-02	3.155483159048493719e-02	8.066117194215291497e-02
1.258304032571739299e+03	2.456365212027173395e-01	1.459750633392010721e-01	2.606342837010212077e-01	1.589546489889112069e-01	7.651483138647824367e-02	3.157315897273660354e-02	8.071149240890036769e-02
1.259755363635835920e+03	2.454425749894957598e-01	1.458583492266426196e-01	2.607629090924350468e-01	1.590347906163265546e-01	7.654818985098929551e-02	3.159145922972566439e-02	8.076172699435109348e-02
1.261206694699932314e+03	2.452489638521776760e-01	1.457418367605803622e-01	2.608913071913359638e-01	1.591147932886907979e-01	7.658149066098277058e-02	3.160973240564463049e-02	8.081187584055381234e-02
1.262658025764028707e+03	2.450556872115645934e-01	1.456255255924462366e-01	2.610194783923187045e-01	1.591946572522901782e-01	7.661473391736955962e-02	3.162797854461051050e-02	8.086193908936623043e-02
1.264109356828125556e+03	2.448627444894602156e-01	1.455094153742755303e-01	2.611474230892952275e-01	1.592743827529379264e-01	7.664791972087725558e-02	3.164619769066493588e-02	8.091191688245491509e-02
1.265560687892221949e+03	2.446701351086689180e-01	1.453935057587056601e-01	2.612751416754960920e-01	1.593539700359754563e-01	7.668104817205045887e-02	3.166438988777429964e-02	8.096180936129515615e-02
1.267012018956318798e+03	2.444778584929938325e-01	1.452777963989753118e-01	2.614026345434712906e-01	1.594334193462736138e-01	7.671411937125123537e-02	3.168255517982988129e-02	8.101161666717088261e-02
1.268463350020415419e+03	2.442859140672351825e-01	1.451622869489233025e-01	2.615299020850917477e-01	1.595127309282338146e-01	7.674713341865943561e-02	3.170069361064800639e-02	8.106133894117452388e-02
1.269914681084511813e+03	2.440943012571886173e-01	1.450469770629874422e-01	2.616569446915504304e-01	1.595919050257892657e-01	7.678009041427316661e-02	3.171880522397017149e-02	8.111097632420692649e-02
1.271366012148608434e+03	2.439030194896432691e-01	1.449318663962036735e-01	2.617837627533633471e-01	1.596709418824061866e-01	7.681299045790908331e-02	3.173689006346316899e-02	8.116052895697718761e-02
1.272817343212705055e+03	2.437120681923803100e-01	1.448169546042049616e-01	2.619103566603710465e-01	1.597498417410849192e-01	7.684583364920284654e-02	3.175494817271923981e-02	8.120999698000261335e-02
1.274268674276801676e+03	2.435214467941710093e-01	1.447022413432202115e-01	2.620367268017393392e-01	1.598286048443611496e-01	7.687862008760946997e-02	3.177297959525619830e-02	8.125938053360859392e-02
1.275720005340898297e+03	2.433311547247750672e-01	1.445877262700732135e-01	2.621628735659607967e-01	1.599072314343071288e-01	7.691134987240370868e-02	3.179098437451756409e-02	8.130867975792850644e-02
1.277171336404994690e+03	2.431411914149389786e-01	1.444734090421817552e-01	2.622887973408558615e-01	1.599857217525326725e-01	7.694402310268043388e-02	3.180896255387269389e-02	8.135789479290363169e-02
1.278622667469091539e+03	2.429515562963941999e-01	1.443592893175564273e-01	2.624144985135739572e-01	1.600640760401865204e-01	7.697663987735499369e-02	3.182691417661693417e-02	8.140702577828304309e-02
1.280073998533187932e+03	2.427622488018555125e-01	1.442453667547995977e-01	2.625399774705947098e-01	1.601422945379573637e-01	7.700920029516364340e-02	3.184483928597173913e-02	8.145607285362356509e-02
1.281525329597284326e+03	2.425732683650192734e-01	1.441316410131045223e-01	2.626652345977289471e-01	1.602203774860750385e-01	7.704170445466386463e-02	3.186273792508480251e-02	8.150503615828966208e-02
1.282976660661381175e+03	2.423846144205617781e-01	1.440181117522542076e-01	2.627902702801201418e-01	1.602983251243117468e-01	7.707415245423476780e-02	3.188061013703018948e-02	8.155391583145335521e-02
1.284427991725477568e+03	2.421962864041374286e-01	1.439047786326204115e-01	2.629150849022452441e-01	1.603761376919830006e-01	7.710654439207746680e-02	3.189845596480849615e-02	8.160271201209415293e-02
1.285879322789574417e+03	2.420082837523771513e-01	1.437916413151625883e-01	2.630396788479160697e-01	1.604538154279489537e-01	7.713888036621543987e-02	3.191627545134694682e-02	8.165142483899900938e-02
1.287330653853671038e+03	2.418206059028866761e-01	1.436786994614269175e-01	2.631640525002803543e-01	1.605313585706154844e-01	7.717116047449491811e-02	3.193406863949953267e-02	8.170005445076222728e-02
1.288781984917767431e+03	2.416332522942448158e-01	1.435659527335453045e-01	2.632882062418229197e-01	1.606087673579352504e-01	7.720338481458523250e-02	3.195183557204715752e-02	8.174860098578540235e-02
1.290233315981864052e+03	2.414462223660017726e-01	1.434534007942342426e-01	2.634121404543669498e-01	1.606860420274088264e-01	7.723555348397918852e-02	3.196957629169776272e-02	8.179706458227736787e-02
