1.001418434226643626e+03	2.858476017099220168e-01	1.701100806306659885e-01	2.338480867165800836e-01	1.423367098540988251e-01	6.962097448589897597e-02	2.789222215598987156e-02	7.034432444680267793e-02
1.002869765290740247e+03	2.855841200572024619e-01	1.699516301546209196e-01	2.340237151115832914e-01	1.424458883000634390e-01	6.966632540457869116e-02	2.791614485836686060e-02	7.041217611354282091e-02
1.004321096354836754e+03	2.853210937902582733e-01	1.697934535410060564e-01	2.341990346816510693e-01	1.425548752839538025e-01	6.971159744192713392e-02	2.794003105272835352e-02	7.047991420843387200e-02
1.005772427418933376e+03	2.850585221213006726e-01	1.696355503160158207e-01	2.343740459625218153e-01	1.426636711616716957e-01	6.975679073947260722e-02	2.796388079969385973e-02	7.054753889928207233e-02
1.007223758483029997e+03	2.847964042639086202e-01	1.694779200066673375e-01	2.345487494890066971e-01	1.427722762882992491e-01	6.980190543845726792e-02	2.798769415977624478e-02	7.061505035384312012e-02
1.008675089547126618e+03	2.845347394330259849e-01	1.693205621407992134e-01	2.347231457949910949e-01	1.428806910181020795e-01	6.984694167983794555e-02	2.801147119338195240e-02	7.068244873982025556e-02
1.010126420611223239e+03	2.842735268449594899e-01	1.691634762470698994e-01	2.348972354134361562e-01	1.429889157045323989e-01	6.989189960428694726e-02	2.803521196081120229e-02	7.074973422486244279e-02
1.011577751675319632e+03	2.840127657173759923e-01	1.690066618549562749e-01	2.350710188763806552e-01	1.430969507002320951e-01	6.993677935219293207e-02	2.805891652225821903e-02	7.081690697656235767e-02
1.013029082739416367e+03	2.837524552693003743e-01	1.688501184947522049e-01	2.352444967149423249e-01	1.432047963570357574e-01	6.998158106366172970e-02	2.808258493781142992e-02	7.088396716245465301e-02
1.014480413803512761e+03	2.834925947211129338e-01	1.686938456975672351e-01	2.354176694593196617e-01	1.433124530259737850e-01	7.002630487851715935e-02	2.810621726745368698e-02	7.095091495001409898e-02
1.015931744867609382e+03	2.832331832945470529e-01	1.685378429953249546e-01	2.355905376387932570e-01	1.434199210572753846e-01	7.007095093630183458e-02	2.812981357106247166e-02	7.101775050665368183e-02
1.017383075931706003e+03	2.829742202126869222e-01	1.683821099207616079e-01	2.357631017817276575e-01	1.435272008003714850e-01	7.011551937627799602e-02	2.815337390841010645e-02	7.108447399972288305e-02
1.018834406995802851e+03	2.827157046999649870e-01	1.682266460074247350e-01	2.359353624155728357e-01	1.436342926038978729e-01	7.016001033742830240e-02	2.817689833916396658e-02	7.115108559650590303e-02
1.020285738059899245e+03	2.824576359821597826e-01	1.680714507896717003e-01	2.361073200668658556e-01	1.437411968156981079e-01	7.020442395845667705e-02	2.820038692288668464e-02	7.121758546421987079e-02
1.021737069123995752e+03	2.822000132863932698e-01	1.679165238026682494e-01	2.362789752612322602e-01	1.438479137828264087e-01	7.024876037778901572e-02	2.822383971903635880e-02	7.128397377001313706e-02
1.023188400188092373e+03	2.819428358411287250e-01	1.677618645823871213e-01	2.364503285233878482e-01	1.439544438515506508e-01	7.029301973357413025e-02	2.824725678696677136e-02	7.135025068096348400e-02
1.024639731252188767e+03	2.816861028761682428e-01	1.676074726656065217e-01	2.366213803771402002e-01	1.440607873673552808e-01	7.033720216368441469e-02	2.827063818592757266e-02	7.141641636407650151e-02
1.026091062316285615e+03	2.814298136226505154e-01	1.674533475899088464e-01	2.367921313453902332e-01	1.441669446749440919e-01	7.038130780571670575e-02	2.829398397506450308e-02	7.148247098628382479e-02
1.027542393380382237e+03	2.811739673130482786e-01	1.672994888936791547e-01	2.369625819501337549e-01	1.442729161182433328e-01	7.042533679699301830e-02	2.831729421341960817e-02	7.154841471444153833e-02
1.028993724444478858e+03	2.809185631811662032e-01	1.671458961161037815e-01	2.371327327124631013e-01	1.443787020404043164e-01	7.046928927456137803e-02	2.834056895993142255e-02	7.161424771532848288e-02
1.030445055508575479e+03	2.806636004621382852e-01	1.669925687971689776e-01	2.373025841525686075e-01	1.444843027838064731e-01	7.051316537519652927e-02	2.836380827343519193e-02	7.167997015564461782e-02
1.031896386572671872e+03	2.804090783924257368e-01	1.668395064776593550e-01	2.374721367897402735e-01	1.445897186900599873e-01	7.055696523540079534e-02	2.838701221266306043e-02	7.174558220200941139e-02
1.033347717636768493e+03	2.801549962098144886e-01	1.666867086991567215e-01	2.376413911423692626e-01	1.446949501000087401e-01	7.060068899140480025e-02	2.841018083624429272e-02	7.181108402096028631e-02
1.034799048700865114e+03	2.799013531534129684e-01	1.665341750040384150e-01	2.378103477279494282e-01	1.447999973537331120e-01	7.064433677916824583e-02	2.843331420270546472e-02	7.187647577895095452e-02
1.036250379764961508e+03	2.796481484636497705e-01	1.663819049354760826e-01	2.379790070630790066e-01	1.449048607905525365e-01	7.068790873438063338e-02	2.845641237047066840e-02	7.194175764234994608e-02
1.037701710829058356e+03	2.793953813822710464e-01	1.662298980374342094e-01	2.381473696634619497e-01	1.450095407490285815e-01	7.073140499246211022e-02	2.847947539786171295e-02	7.200692977743898548e-02
1.039153041893154750e+03	2.791430511523387281e-01	1.660781538546686753e-01	2.383154360439097286e-01	1.451140375669674465e-01	7.077482568856413581e-02	2.850250334309832947e-02	7.207199235041150676e-02
1.040604372957251599e+03	2.788911570182278088e-01	1.659266719327254502e-01	2.384832067183427218e-01	1.452183515814227388e-01	7.081817095757030056e-02	2.852549626429836879e-02	7.213694552737115462e-02
1.042055704021347992e+03	2.786396982256241217e-01	1.657754518179392345e-01	2.386506821997917971e-01	1.453224831286982488e-01	7.086144093409701972e-02	2.854845421947800610e-02	7.220178947433021632e-02
1.043507035085444613e+03	2.783886740215219535e-01	1.656244930574318486e-01	2.388178630003998104e-01	1.454264325443505590e-01	7.090463575249429662e-02	2.857137726655192833e-02	7.226652435720820611e-02
1.044958366149541234e+03	2.781380836542221013e-01	1.654737951991111511e-01	2.389847496314232156e-01	1.455302001631917641e-01	7.094775554684649987e-02	2.859426546333354580e-02	7.233115034183039416e-02
1.046409697213637855e+03	2.778879263733290417e-01	1.653233577916694286e-01	2.391513426032336187e-01	1.456337863192921356e-01	7.099080045097304337e-02	2.861711886753518647e-02	7.239566759392633555e-02
1.047861028277734476e+03	2.776382014297490430e-01	1.651731803845820357e-01	2.393176424253191936e-01	1.457371913459826474e-01	7.103377059842914953e-02	2.863993753676829027e-02	7.246007627912844085e-02
1.049312359341831097e+03	2.773889080756877790e-01	1.650232625281061460e-01	2.394836496062863473e-01	1.458404155758577792e-01	7.107666612250655713e-02	2.866272152854361724e-02	7.252437656297060220e-02
1.050763690405927491e+03	2.771400455646479966e-01	1.648736037732792536e-01	2.396493646538611355e-01	1.459434593407780145e-01	7.111948715623427064e-02	2.868547090027143143e-02	7.258856861088670842e-02
1.052215021470024112e+03	2.768916131514271295e-01	1.647242036719179237e-01	2.398147880748908722e-01	1.460463229718724776e-01	7.116223383237929578e-02	2.870818570926170210e-02	7.265265258820936822e-02
1.053666352534120733e+03	2.766436100921153551e-01	1.645750617766162660e-01	2.399799203753456567e-01	1.461490067995414588e-01	7.120490628344730566e-02	2.873086601272430152e-02	7.271662866016846694e-02
1.055117683598217127e+03	2.763960356440929855e-01	1.644261776407445752e-01	2.401447620603198163e-01	1.462515111534590240e-01	7.124750464168340403e-02	2.875351186776919921e-02	7.278049699188980648e-02
1.056569014662313975e+03	2.761488890660283024e-01	1.642775508184482203e-01	2.403093136340334612e-01	1.463538363625755123e-01	7.129002903907283306e-02	2.877612333140665626e-02	7.284425774839381473e-02
1.058020345726410369e+03	2.759021696178754479e-01	1.641291808646459238e-01	2.404735755998340663e-01	1.464559827551201177e-01	7.133247960734165338e-02	2.879870046054741617e-02	7.290791109459418551e-02
1.059471676790506763e+03	2.756558765608719264e-01	1.639810673350286241e-01	2.406375484601978310e-01	1.465579506586034420e-01	7.137485647795745181e-02	2.882124331200290601e-02	7.297145719529660179e-02
1.060923007854603611e+03	2.754100091575364950e-01	1.638332097860581149e-01	2.408012327167313449e-01	1.466597403998199101e-01	7.141715978213006299e-02	2.884375194248542384e-02	7.303489621519738961e-02
1.062374338918700232e+03	2.751645666716669436e-01	1.636856077749655747e-01	2.409646288701730865e-01	1.467613523048502400e-01	7.145938965081230498e-02	2.886622640860832950e-02	7.309822831888229677e-02
1.063825669982796853e+03	2.749195483683376517e-01	1.635382608597502896e-01	2.411277374203947832e-01	1.468627866990640518e-01	7.150154621470057592e-02	2.888866676688624582e-02	7.316145367082518836e-02
1.065277001046893474e+03	2.746749535138976461e-01	1.633911685991782659e-01	2.412905588664031042e-01	1.469640439071221716e-01	7.154362960423563123e-02	2.891107307373522867e-02	7.322457243538681160e-02
1.066728332110990095e+03	2.744307813759679360e-01	1.632443305527809252e-01	2.414530937063409100e-01	1.470651242529791847e-01	7.158563994960323584e-02	2.893344538547299241e-02	7.328758477681356076e-02
1.068179663175086489e+03	2.741870312234399032e-01	1.630977462808538003e-01	2.416153424374890279e-01	1.471660280598857951e-01	7.162757738073485814e-02	2.895578375831907650e-02	7.335049085923622814e-02
1.069630994239183110e+03	2.739437023264725268e-01	1.629514153444550084e-01	2.417773055562676132e-01	1.472667556503912956e-01	7.166944202730833602e-02	2.897808824839503625e-02	7.341329084666885219e-02
1.071082325303279504e+03	2.737007939564902737e-01	1.628053373054041408e-01	2.419389835582376191e-01	1.473673073463459271e-01	7.171123401874859860e-02	2.900035891172463368e-02	7.347598490300745466e-02
1.072533656367376352e+03	2.734583053861810997e-01	1.626595117262807366e-01	2.421003769381022963e-01	1.474676834689032379e-01	7.175295348422827679e-02	2.902259580423403526e-02	7.353857319202891651e-02
1.073984987431472746e+03	2.732162358894940080e-01	1.625139381704230890e-01	2.422614861897087191e-01	1.475678843385225814e-01	7.179460055266845275e-02	2.904479898175198888e-02	7.360105587738977051e-02
1.075436318495569594e+03	2.729745847416368831e-01	1.623686162019268020e-01	2.424223118060492843e-01	1.476679102749713091e-01	7.183617535273927046e-02	2.906696850001002502e-02	7.366343312262509102e-02
1.076887649559666215e+03	2.727333512190742715e-01	1.622235453856435139e-01	2.425828542792630993e-01	1.477677615973272129e-01	7.187767801286060187e-02	2.908910441464263030e-02	7.372570509114731441e-02
1.078338980623762609e+03	2.724925345995253823e-01	1.620787252871796202e-01	2.427431141006375637e-01	1.478674386239808292e-01	7.191910866120275470e-02	2.911120678118744171e-02	7.378787194624510104e-02
1.079790311687859230e+03	2.722521341619615898e-01	1.619341554728948307e-01	2.429030917606097850e-01	1.479669416726378250e-01	7.196046742568708299e-02	2.913327565508543396e-02	7.384993385108226671e-02
1.081241642751955851e+03	2.720121491866042684e-01	1.617898355099008922e-01	2.430627877487680222e-01	1.480662710603211640e-01	7.200175443398668107e-02	2.915531109168110341e-02	7.391189096869665853e-02
1.082692973816052472e+03	2.717725789549228499e-01	1.616457649660603124e-01	2.432222025538532673e-01	1.481654271033735482e-01	7.204296981352702189e-02	2.917731314622265537e-02	7.397374346199905859e-02
1.084144304880149093e+03	2.715334227496326025e-01	1.615019434099850271e-01	2.433813366637606335e-01	1.482644101174595275e-01	7.208411369148662318e-02	2.919928187386218107e-02	7.403549149377211536e-02
1.085595635944245487e+03	2.712946798546920224e-01	1.613583704110350403e-01	2.435401905655408539e-01	1.483632204175678870e-01	7.212518619479769966e-02	2.922121732965585195e-02	7.409713522666931673e-02
1.087046967008342108e+03	2.710563495553011681e-01	1.612150455393171478e-01	2.436987647454016970e-01	1.484618583180139506e-01	7.216618745014673209e-02	2.924311956856410349e-02	7.415867482321387982e-02
1.088498298072438729e+03	2.708184311378991627e-01	1.610719683656836321e-01	2.438570596887094100e-01	1.485603241324416623e-01	7.220711758397521662e-02	2.926498864545181919e-02	7.422011044579771011e-02
1.089949629136535123e+03	2.705809238901623059e-01	1.609291384617309306e-01	2.440150758799903563e-01	1.486586181738258627e-01	7.224797672248023384e-02	2.928682461508850046e-02	7.428144225668047163e-02
1.091400960200631971e+03	2.703438271010015215e-01	1.607865553997983032e-01	2.441728138029322093e-01	1.487567407544745923e-01	7.228876499161512870e-02	2.930862753214846100e-02	7.434267041798846287e-02
1.092852291264728365e+03	2.701071400605604689e-01	1.606442187529666110e-01	2.443302739403856172e-01	1.488546921860312011e-01	7.232948251709010734e-02	2.933039745121101757e-02	7.440379509171365924e-02
1.094303622328825213e+03	2.698708620602134345e-01	1.605021280950569285e-01	2.444874567743655636e-01	1.489524727794765413e-01	7.237012942437287544e-02	2.935213442676065307e-02	7.446481643971276931e-02
1.095754953392921607e+03	2.696349923925628334e-01	1.603602830006293223e-01	2.446443627860528103e-01	1.490500828451311599e-01	7.241070583868929045e-02	2.937383851318720387e-02	7.452573462370616630e-02
1.097206284457018228e+03	2.693995303514374884e-01	1.602186830449814636e-01	2.448009924557953132e-01	1.491475226926574915e-01	7.245121188502397225e-02	2.939550976478604721e-02	7.458654980527701372e-02
1.098657615521114849e+03	2.691644752318901879e-01	1.600773278041474901e-01	2.449573462631097764e-01	1.492447926310619954e-01	7.249164768812087212e-02	2.941714823575827462e-02	7.464726214587022457e-02
1.100108946585211470e+03	2.689298263301956871e-01	1.599362168548965069e-01	2.451134246866829569e-01	1.493418929686971819e-01	7.253201337248403602e-02	2.943875398021087927e-02	7.470787180679158701e-02
1.101560277649308091e+03	2.686955829438484877e-01	1.597953497747313933e-01	2.452692282043732741e-01	1.494388240132639156e-01	7.257230906237806256e-02	2.946032705215692604e-02	7.476837894920684846e-02
1.103011608713404712e+03	2.684617443715606733e-01	1.596547261418875818e-01	2.454247572932120591e-01	1.495355860718134700e-01	7.261253488182881077e-02	2.948186750551573185e-02	7.482878373414068862e-02
1.104462939777501106e+03	2.682283099132597992e-01	1.595143455353317252e-01	2.455800124294050535e-01	1.496321794507495528e-01	7.265269095462394133e-02	2.950337539411304957e-02	7.488908632247592845e-02
1.105914270841597499e+03	2.679952788700868394e-01	1.593742075347603371e-01	2.457349940883339912e-01	1.497286044558304441e-01	7.269277740431359658e-02	2.952485077168124847e-02	7.494928687495258646e-02
1.107365601905694348e+03	2.677626505443941318e-01	1.592343117205985981e-01	2.458897027445577366e-01	1.498248613921711325e-01	7.273279435421098338e-02	2.954629369185947721e-02	7.500938555216697667e-02
1.108816932969790741e+03	2.675304242397430476e-01	1.590946576739991347e-01	2.460441388718139499e-01	1.499209505642452589e-01	7.277274192739295600e-02	2.956770420819385820e-02	7.506938251457090372e-02
1.110268264033887590e+03	2.672985992609018258e-01	1.589552449768406039e-01	2.461983029430203640e-01	1.500168722758873086e-01	7.281262024670064059e-02	2.958908237413765407e-02	7.512927792247066361e-02
1.111719595097984211e+03	2.670671749138438522e-01	1.588160732117264995e-01	2.463521954302763661e-01	1.501126268302946098e-01	7.285242943473999033e-02	2.961042824305144816e-02	7.518907193602634986e-02
1.113170926162080832e+03	2.668361505057451066e-01	1.586771419619838475e-01	2.465058168048641918e-01	1.502082145300292770e-01	7.289216961388245153e-02	2.963174186820331790e-02	7.524876471525088206e-02
1.114622257226177226e+03	2.666055253449823859e-01	1.585384508116620128e-01	2.466591675372505899e-01	1.503036356770203474e-01	7.293184090626547711e-02	2.965302330276900489e-02	7.530835642000928420e-02
1.116073588290273847e+03	2.663752987411309170e-01	1.583999993455313116e-01	2.468122480970880162e-01	1.503988905725657521e-01	7.297144343379319276e-02	2.967427259983210219e-02	7.536784721001775489e-02
1.117524919354370468e+03	2.661454700049625810e-01	1.582617871490818728e-01	2.469650589532162155e-01	1.504939795173342865e-01	7.301097731813692426e-02	2.969548981238421745e-02	7.542723724484295955e-02
1.118976250418467089e+03	2.659160384484434703e-01	1.581238138085222789e-01	2.471176005736635262e-01	1.505889028113676364e-01	7.305044268073580815e-02	2.971667499332515672e-02	7.548652668390115617e-02
1.120427581482563710e+03	2.656870033847322232e-01	1.579860789107783714e-01	2.472698734256482400e-01	1.506836607540823492e-01	7.308983964279737455e-02	2.973782819546309103e-02	7.554571568645743196e-02
1.121878912546660331e+03	2.654583641281774153e-01	1.578485820434920028e-01	2.474218779755801845e-01	1.507782536442717758e-01	7.312916832529813005e-02	2.975894947151473333e-02	7.560480441162492626e-02
1.123330243610756725e+03	2.652301199943158383e-01	1.577113227950197039e-01	2.475736146890619160e-01	1.508726817801080700e-01	7.316842884898411281e-02	2.978003887410550846e-02	7.566379301836405336e-02
1.124781574674853118e+03	2.650022702998704460e-01	1.575743007544314345e-01	2.477250840308903301e-01	1.509669454591440474e-01	7.320762133437147545e-02	2.980109645576971972e-02	7.572268166548175305e-02
1.126232905738949967e+03	2.647748143627480788e-01	1.574375155115095015e-01	2.478762864650578546e-01	1.510610449783151843e-01	7.324674590174710953e-02	2.982212226895073967e-02	7.578147051163075520e-02
1.127684236803046360e+03	2.645477515020375203e-01	1.573009666567470877e-01	2.480272224547540316e-01	1.511549806339416158e-01	7.328580267116911739e-02	2.984311636600115933e-02	7.584015971530876088e-02
1.129135567867143209e+03	2.643210810380072773e-01	1.571646537813471967e-01	2.481778924623666560e-01	1.512487527217299121e-01	7.332479176246746444e-02	2.986407879918297203e-02	7.589874943485783176e-02
1.130586898931239830e+03	2.640948022921038030e-01	1.570285764772212378e-01	2.483282969494834680e-01	1.513423615367750219e-01	7.336371329524447871e-02	2.988500962066774347e-02	7.595723982846355748e-02
1.132038229995336451e+03	2.638689145869491104e-01	1.568927343369878880e-01	2.484784363768933191e-01	1.514358073735622423e-01	7.340256738887550314e-02	2.990590888253677818e-02	7.601563105415444499e-02
1.133489561059432845e+03	2.636434172463390513e-01	1.567571269539718704e-01	2.486283112045876431e-01	1.515290905259689402e-01	7.344135416250936743e-02	2.992677663678128958e-02	7.607392326980111363e-02
1.134940892123529466e+03	2.634183095952409293e-01	1.566217539222027055e-01	2.487779218917618440e-01	1.516222112872665506e-01	7.348007373506894313e-02	2.994761293530257690e-02	7.613211663311568456e-02
1.136392223187626087e+03	2.631935909597917234e-01	1.564866148364133791e-01	2.489272688968166281e-01	1.517151699501224638e-01	7.351872622525178202e-02	2.996841782991217437e-02	7.619021130165107292e-02
1.137843554251722708e+03	2.629692606672958122e-01	1.563517092920392315e-01	2.490763526773594194e-01	1.518079668066018018e-01	7.355731175153061574e-02	2.998919137233204552e-02	7.624820743280028013e-02
1.139294885315819101e+03	2.627453180462230864e-01	1.562170368852167091e-01	2.492251736902056924e-01	1.519006021481692503e-01	7.359583043215389697e-02	3.000993361419473232e-02	7.630610518379579710e-02
1.140746216379915950e+03	2.625217624262069505e-01	1.560825972127820871e-01	2.493737323913803872e-01	1.519930762656909740e-01	7.363428238514638235e-02	3.003064460704353567e-02	7.636390471170886873e-02
1.142197547444012343e+03	2.622985931380421576e-01	1.559483898722702488e-01	2.495220292361192971e-01	1.520853894494363090e-01	7.367266772830961818e-02	3.005132440233266450e-02	7.642160617344891105e-02
1.143648878508108737e+03	2.620758095136828114e-01	1.558144144619135196e-01	2.496700646788703737e-01	1.521775419890797065e-01	7.371098657922257880e-02	3.007197305142743013e-02	7.647920972576284504e-02
1.145100209572205586e+03	2.618534108862403675e-01	1.556806705806404179e-01	2.498178391732950865e-01	1.522695341737025088e-01	7.374923905524212453e-02	3.009259060560438154e-02	7.653671552523445831e-02
1.146551540636302207e+03	2.616313965899816352e-01	1.555471578280743783e-01	2.499653531722698385e-01	1.523613662917945866e-01	7.378742527350355684e-02	3.011317711605149966e-02	7.659412372828380833e-02
1.148002871700398828e+03	2.614097659603267232e-01	1.554138758045326973e-01	2.501126071278872987e-01	1.524530386312564212e-01	7.382554535092121506e-02	3.013373263386834658e-02	7.665143449116659791e-02
1.149454202764495449e+03	2.611885183338470418e-01	1.552808241110250620e-01	2.502596014914578726e-01	1.525445514794006030e-01	7.386359940418892045e-02	3.015425721006623205e-02	7.670864796997356461e-02
1.150905533828591842e+03	2.609676530482633039e-01	1.551480023492526894e-01	2.504063367135107021e-01	1.526359051229537189e-01	7.390158754978058686e-02	3.017475089556837659e-02	7.676576432062989785e-02
1.152356864892688463e+03	2.607471694424434161e-01	1.550154101216067448e-01	2.505528132437955802e-01	1.527270998480581288e-01	7.393950990395072032e-02	3.019521374121009183e-02	7.682278369889465608e-02
1.153808195956785084e+03	2.605270668564005909e-01	1.548830470311673702e-01	2.506990315312837003e-01	1.528181359402736028e-01	7.397736658273490473e-02	3.021564579773892631e-02	7.687970626036018384e-02
1.155259527020881706e+03	2.603073446312913486e-01	1.547509126817024627e-01	2.508449920241695441e-01	1.529090136845792092e-01	7.401515770195042643e-02	3.023604711581483889e-02	7.693653216045151511e-02
1.156710858084978327e+03	2.600880021094134631e-01	1.546190066776663152e-01	2.509906951698717692e-01	1.529997333653748959e-01	7.405288337719670433e-02	3.025641774601035144e-02	7.699326155442585973e-02
1.158162189149074720e+03	2.598690386342039638e-01	1.544873286241986166e-01	2.511361414150347637e-01	1.530902952664833505e-01	7.409054372385587284e-02	3.027675773881073271e-02	7.704989459737199287e-02
1.159613520213171569e+03	2.596504535502371924e-01	1.543558781271231750e-01	2.512813312055302561e-01	1.531806996711515545e-01	7.412813885709326756e-02	3.029706714461413361e-02	7.710643144420975537e-02
1.161064851277267962e+03	2.594322462032227494e-01	1.542246547929467526e-01	2.514262649864580368e-01	1.532709468620526150e-01	7.416566889185793876e-02	3.031734601373176768e-02	7.716287224968952640e-02
1.162516182341364356e+03	2.592144159400036618e-01	1.540936582288576773e-01	2.515709432021477898e-01	1.533610371212874024e-01	7.420313394288320652e-02	3.033759439638808106e-02	7.721921716839162675e-02
1.163967513405461204e+03	2.589969621085541629e-01	1.539628880427248991e-01	2.517153662961602589e-01	1.534509707303862158e-01	7.424053412468713253e-02	3.035781234272088430e-02	7.727546635472586078e-02
1.165418844469557826e+03	2.587798840579779158e-01	1.538323438430967416e-01	2.518595347112886351e-01	1.535407479703105316e-01	7.427786955157306137e-02	3.037799990278153631e-02	7.733161996293096141e-02
1.166870175533654447e+03	2.585631811385060153e-01	1.537020252391996800e-01	2.520034488895597780e-01	1.536303691214545852e-01	7.431514033763013394e-02	3.039815712653510388e-02	7.738767814707411818e-02
1.168321506597751068e+03	2.583468527014949334e-01	1.535719318409371204e-01	2.521471092722356033e-01	1.537198344636470371e-01	7.435234659673374547e-02	3.041828406386051092e-02	7.744364106105044998e-02
1.169772837661847461e+03	2.581308980994246882e-01	1.534420632588882061e-01	2.522905162998144712e-01	1.538091442761527206e-01	7.438948844254610060e-02	3.043838076455070499e-02	7.749950885858251926e-02
1.171224168725944082e+03	2.579153166858966229e-01	1.533124191043067908e-01	2.524336704120324071e-01	1.538982988376741412e-01	7.442656598851669913e-02	3.045844727831281337e-02	7.755528169321986021e-02
1.172675499790040703e+03	2.577001078156317959e-01	1.531829989891201060e-01	2.525765720478646004e-01	1.539872984263532252e-01	7.446357934788283561e-02	3.047848365476832008e-02	7.761095971833847917e-02
1.174126830854137097e+03	2.574852708444688165e-01	1.530538025259276236e-01	2.527192216455263485e-01	1.540761433197728736e-01	7.450052863367012668e-02	3.049848994345318726e-02	7.766654308714042443e-02
1.175578161918233945e+03	2.572708051293619014e-01	1.529248293279999171e-01	2.528616196424747775e-01	1.541648337949585723e-01	7.453741395869292741e-02	3.051846619381805292e-02	7.772203195265327269e-02
1.177029492982330339e+03	2.570567100283789874e-01	1.527960790092774412e-01	2.530037664754098969e-01	1.542533701283800851e-01	7.457423543555494194e-02	3.053841245522836284e-02	7.777742646772969892e-02
1.178480824046426733e+03	2.568429849006997334e-01	1.526675511843693933e-01	2.531456625802760985e-01	1.543417525959529801e-01	7.461099317664962594e-02	3.055832877696454397e-02	7.783272678504704611e-02
1.179932155110523581e+03	2.566296291066136326e-01	1.525392454685525756e-01	2.532873083922633217e-01	1.544299814730401843e-01	7.464768729416071391e-02	3.057821520822214673e-02	7.788793305710683956e-02
1.181383486174620202e+03	2.564166420075180697e-01	1.524111614777701185e-01	2.534287043458083311e-01	1.545180570344537041e-01	7.468431790006273274e-02	3.059807179811201844e-02	7.794304543623439829e-02
1.182834817238716823e+03	2.562040229659163226e-01	1.522832988286304534e-01	2.535698508745962698e-01	1.546059795544560411e-01	7.472088510612143186e-02	3.061789859566044908e-02	7.799806407457841873e-02
1.184286148302813444e+03	2.559917713454157306e-01	1.521556571384060363e-01	2.537107484115616041e-01	1.546937493067618852e-01	7.475738902389432450e-02	3.063769564980932045e-02	7.805298912411046119e-02
1.185737479366910065e+03	2.557798865107257513e-01	1.520282360250322928e-01	2.538513973888897324e-01	1.547813665645395853e-01	7.479382976473113176e-02	3.065746300941628311e-02	7.810782073662464464e-02
1.187188810431006686e+03	2.555683678276557957e-01	1.519010351071063691e-01	2.539917982380181516e-01	1.548688316004127596e-01	7.483020743977425449e-02	3.067720072325489516e-02	7.816255906373716089e-02
1.188640141495103080e+03	2.553572146631138406e-01	1.517740540038860497e-01	2.541319513896376225e-01	1.549561446864618219e-01	7.486652215995934223e-02	3.069690884001478534e-02	7.821720425688592770e-02
1.190091472559199701e+03	2.551464263851039305e-01	1.516472923352885360e-01	2.542718572736937799e-01	1.550433060942254526e-01	7.490277403601566797e-02	3.071658740830179868e-02	7.827175646733020020e-02
1.191542803623296322e+03	2.549360023627247895e-01	1.515207497218893085e-01	2.544115163193881313e-01	1.551303160947022641e-01	7.493896317846665545e-02	3.073623647663815961e-02	7.832621584615014065e-02
1.192994134687392716e+03	2.547259419661673241e-01	1.513944257849210717e-01	2.545509289551795007e-01	1.552171749583522442e-01	7.497508969763032327e-02	3.075585609346262461e-02	7.838058254424641602e-02
1.194445465751489564e+03	2.545162445667133455e-01	1.512683201462725335e-01	2.546900956087851386e-01	1.553038829550981992e-01	7.501115370361979839e-02	3.077544630713063140e-02	7.843485671233990653e-02
1.195896796815585958e+03	2.543069095367331278e-01	1.511424324284871556e-01	2.548290167071823875e-01	1.553904403543273915e-01	7.504715530634377407e-02	3.079500716591446197e-02	7.848903850097130319e-02
1.197348127879682352e+03	2.540979362496839644e-01	1.510167622547622102e-01	2.549676926766094032e-01	1.554768474248929833e-01	7.508309461550696784e-02	3.081453871800338487e-02	7.854312806050071927e-02
1.198799458943779200e+03	2.538893240801078921e-01	1.508913092489475027e-01	2.551061239425669869e-01	1.555631044351154790e-01	7.511897174061059335e-02	3.083404101150380439e-02	7.859712554110734328e-02
1.200250790007875821e+03	2.536810724036300813e-01	1.507660730355443457e-01	2.552443109298195290e-01	1.556492116527842529e-01	7.515478679095283221e-02	3.085351409443943052e-02	7.865103109278913374e-02
1.201702121071972442e+03	2.534731805969567819e-01	1.506410532397042534e-01	2.553822540623963966e-01	1.557351693451590746e-01	7.519053987562929198e-02	3.087295801475141779e-02	7.870484486536241664e-02
1.203153452136069063e+03	2.532656480378734920e-01	1.505162494872279433e-01	2.555199537635931550e-01	1.558209777789714978e-01	7.522623110353343634e-02	3.089237282029851095e-02	7.875856700846159408e-02
1.204604783200165684e+03	2.530584741052430697e-01	1.503916614045642530e-01	2.556574104559728444e-01	1.559066372204263307e-01	7.526186058335714024e-02	3.091175855885722190e-02	7.881219767153878342e-02
1.206056114264262078e+03	2.528516581790039019e-01	1.502672886188088086e-01	2.557946245613673120e-01	1.559921479352031348e-01	7.529742842359103683e-02	3.093111527812194422e-02	7.886573700386351193e-02
1.207507445328358699e+03	2.526451996401679612e-01	1.501431307577030527e-01	2.559315965008784333e-01	1.560775101884576410e-01	7.533293473252505867e-02	3.095044302570513703e-02	7.891918515452238381e-02
1.208958776392455093e+03	2.524390978708189737e-01	1.500191874496330791e-01	2.560683266948792780e-01	1.561627242448232755e-01	7.536837961824884025e-02	3.096974184913745681e-02	7.897254227241877478e-02
1.210410107456551941e+03	2.522333522541105322e-01	1.498954583236285221e-01	2.562048155630155533e-01	1.562477903684123814e-01	7.540376318865218974e-02	3.098901179586791357e-02	7.902580850627254072e-02
1.211861438520648335e+03	2.520279621742642084e-01	1.497719430093614468e-01	2.563410635242068802e-01	1.563327088228178841e-01	7.543908555142553318e-02	3.100825291326401306e-02	7.907898400461965682e-02
1.213312769584745183e+03	2.518229270165678324e-01	1.496486411371450997e-01	2.564770709966477935e-01	1.564174798711146230e-01	7.547434681406042789e-02	3.102746524861191638e-02	7.913206891581202329e-02
1.214764100648841804e+03	2.516182461673733828e-01	1.495255523379329654e-01	2.566128383978092398e-01	1.565021037758606848e-01	7.550954708384988168e-02	3.104664884911657527e-02	7.918506338801704902e-02
1.216215431712937971e+03	2.514139190140953217e-01	1.494026762433175726e-01	2.567483661444396881e-01	1.565865807990988734e-01	7.554468646788893571e-02	3.106580376190190215e-02	7.923796756921749895e-02
1.217666762777034819e+03	2.512099449452087629e-01	1.492800124855293842e-01	2.568836546525664621e-01	1.566709112023582096e-01	7.557976507307503922e-02	3.108493003401089499e-02	7.929078160721110546e-02
1.219118093841131440e+03	2.510063233502475288e-01	1.491575606974356316e-01	2.570187043374969615e-01	1.567550952466551240e-01	7.561478300610849357e-02	3.110402771240580039e-02	7.934350564961037411e-02
1.220569424905228061e+03	2.508030536198023186e-01	1.490353205125393710e-01	2.571535156138198830e-01	1.568391331924949839e-01	7.564974037349288249e-02	3.112309684396825579e-02	7.939613984384222278e-02
1.222020755969324682e+03	2.506001351455188764e-01	1.489132915649781508e-01	2.572880888954065526e-01	1.569230252998734809e-01	7.568463728153558556e-02	3.114213747549942832e-02	7.944868433714782907e-02
1.223472087033421303e+03	2.503975673200961594e-01	1.487914734895230962e-01	2.574224245954120360e-01	1.570067718282779079e-01	7.571947383634813900e-02	3.116114965372018472e-02	7.950113927658232493e-02
1.224923418097517697e+03	2.501953495372846170e-01	1.486698659215776597e-01	2.575565231262765264e-01	1.570903730366886020e-01	7.575425014384669364e-02	3.118013342527121284e-02	7.955350480901450527e-02
1.226374749161614318e+03	2.499934811918841371e-01	1.485484684971766500e-01	2.576903848997265101e-01	1.571738291835802770e-01	7.578896630975248683e-02	3.119908883671318120e-02	7.960578108112661977e-02
1.227826080225710712e+03	2.497919616797423525e-01	1.484272808529849830e-01	2.578240103267759320e-01	1.572571405269234113e-01	7.582362243959223091e-02	3.121801593452689164e-02	7.965796823941416471e-02
1.229277411289807560e+03	2.495907903977527265e-01	1.483063026262967932e-01	2.579573998177274730e-01	1.573403073241854966e-01	7.585821863869855741e-02	3.123691476511339729e-02	7.971006643018554993e-02
1.230728742353903954e+03	2.493899667438529699e-01	1.481855334550340464e-01	2.580905537821738815e-01	1.574233298323325647e-01	7.589275501221044717e-02	3.125578537479417607e-02	7.976207579956197391e-02
1.232180073418000802e+03	2.491894901170229049e-01	1.480649729777457901e-01	2.582234726289990290e-01	1.575062083078302699e-01	7.592723166507370225e-02	3.127462780981127288e-02	7.981399649347714620e-02
1.233631404482097196e+03	2.489893599172828820e-01	1.479446208336067659e-01	2.583561567663792413e-01	1.575889430066454433e-01	7.596164870204132058e-02	3.129344211632741762e-02	7.986582865767706541e-02
1.235082735546193817e+03	2.487895755456918101e-01	1.478244766624164097e-01	2.584886066017846318e-01	1.576715341842473139e-01	7.599600622767392621e-02	3.131222834042620556e-02	7.991757243771978325e-02
1.236534066610290438e+03	2.485901364043455186e-01	1.477045401045978812e-01	2.586208225419800999e-01	1.577539820956088967e-01	7.603030434634022727e-02	3.133098652811221879e-02	7.996922797897522417e-02
1.237985397674387059e+03	2.483910418963747313e-01	1.475848108011968696e-01	2.587528049930267193e-01	1.578362869952081304e-01	7.606454316221740453e-02	3.134971672531117887e-02	8.002079542662500489e-02
1.239436728738483680e+03	2.481922914259435398e-01	1.474652883938805115e-01	2.588845543602827926e-01	1.579184491370293764e-01	7.609872277929158324e-02	3.136841897787007172e-02	8.007227492566215687e-02
1.240888059802580301e+03	2.479938843982473218e-01	1.473459725249362251e-01	2.590160710484053497e-01	1.580004687745646397e-01	7.613284330135819400e-02	3.138709333155732112e-02	8.012366662089098757e-02
1.242339390866676695e+03	2.477958202195111315e-01	1.472268628372709331e-01	2.591473554613509811e-01	1.580823461608148461e-01	7.616690483202240292e-02	3.140573983206291359e-02	8.017497065692687219e-02
1.243790721930773088e+03	2.475980982969879229e-01	1.471079589744095639e-01	2.592784080023773918e-01	1.581640815482910911e-01	7.620090747469958348e-02	3.142435852499854410e-02	8.022618717819605949e-02
1.245242052994869937e+03	2.474007180389565519e-01	1.469892605804943020e-01	2.594092290740442897e-01	1.582456751890160829e-01	7.623485133261566349e-02	3.144294945589774792e-02	8.027731632893549130e-02
1.246693384058966330e+03	2.472036788547202490e-01	1.468707673002833669e-01	2.595398190782149950e-01	1.583271273345252250e-01	7.626873650880759692e-02	3.146151267021606718e-02	8.032835825319263601e-02
1.248144715123063179e+03	2.470069801546046773e-01	1.467524787791499863e-01	2.596701784160572735e-01	1.584084382358680043e-01	7.630256310612371085e-02	3.148004821333116876e-02	8.037931309482530817e-02
1.249596046187159800e+03	2.468106213499561552e-01	1.466343946630813133e-01	2.598003074880447794e-01	1.584896081436092397e-01	7.633633122722420505e-02	3.149855613054298314e-02	8.043018099750146033e-02
1.251047377251256421e+03	2.466146018531399919e-01	1.465165145986773443e-01	2.599302066939581102e-01	1.585706373078302478e-01	7.637004097458147123e-02	3.151703646707387091e-02	8.048096210469908585e-02
1.252498708315352815e+03	2.464189210775385719e-01	1.463988382331498639e-01	2.600598764328860835e-01	1.586515259781302312e-01	7.640369245048057867e-02	3.153548926806874070e-02	8.053165655970603853e-02
1.253950039379449436e+03	2.462235784375497172e-01	1.462813652143213627e-01	2.601893171032269025e-01	1.587322744036274158e-01	7.643728575701963512e-02	3.155391457859520882e-02	8.058226450561981058e-02
1.255401370443546057e+03	2.460285733485848558e-01	1.461640951906240382e-01	2.603185291026894332e-01	1.588128828329603837e-01	7.647082099611020312e-02	3.157231244364370332e-02	8.063278608534747705e-02
1.256852701507642678e+03	2.458339052270671621e-01	1.460470278110986286e-01	2.604475128282942586e-01	1.588933515142892661e-01	7.650429826947768852e-02	3.159068290812764440e-02	8.068322144160548770e-02
1.258304032571739299e+03	2.456395734904300299e-01	1.459301627253934142e-01	2.605762686763748448e-01	1.589736806952969095e-01	7.653771767866179854e-02	3.160902601688356933e-02	8.073357071691952824e-02
1.259755363635835920e+03	2.454455775571151299e-01	1.458134995837632175e-01	2.607047970425789840e-01	1.590538706231901522e-01	7.657107932501687475e-02	3.162734181467125733e-02	8.078383405362442315e-02
1.261206694699932314e+03	2.452519168465706889e-01	1.456970380370682383e-01	2.608330983218697940e-01	1.591339215447011290e-01	7.660438330971236498e-02	3.164563034617389609e-02	8.083401159386394141e-02
1.262658025764028707e+03	2.450585907792497964e-01	1.455807777367729983e-01	2.609611729085268839e-01	1.592138337060883813e-01	7.663762973373315635e-02	3.166389165599817895e-02	8.088410347959068547e-02
1.264109356828125556e+03	2.448655987766085451e-01	1.454647183349453976e-01	2.610890211961476304e-01	1.592936073531380226e-01	7.667081869788001935e-02	3.168212578867449919e-02	8.093410985256602186e-02
1.265560687892221949e+03	2.446729402611043658e-01	1.453488594842556603e-01	2.612166435776482332e-01	1.593732427311650435e-01	7.670395030276995485e-02	3.170033278865702631e-02	8.098403085435985915e-02
1.267012018956318798e+03	2.444806146561943339e-01	1.452332008379751127e-01	2.613440404452651022e-01	1.594527400850145049e-01	7.673702464883666585e-02	3.171851270032389342e-02	8.103386662635059245e-02
1.268463350020415419e+03	2.442886213863333378e-01	1.451177420499752957e-01	2.614712121905556907e-01	1.595320996590626761e-01	7.677004183633086287e-02	3.173666556797731519e-02	8.108361730972499237e-02
1.269914681084511813e+03	2.440969598769724136e-01	1.450024827747269096e-01	2.615981592044001602e-01	1.596113216972182558e-01	7.680300196532072188e-02	3.175479143584371972e-02	8.113328304547803849e-02
1.271366012148608434e+03	2.439056295545569131e-01	1.448874226672987320e-01	2.617248818770020469e-01	1.596904064429234549e-01	7.683590513569225899e-02	3.177289034807388723e-02	8.118286397441287772e-02
1.272817343212705055e+03	2.437146298465249217e-01	1.447725613833565350e-01	2.618513805978898157e-01	1.597693541391554117e-01	7.686875144714970520e-02	3.179096234874309590e-02	8.123236023714069942e-02
1.274268674276801676e+03	2.435239601813053989e-01	1.446578985791621696e-01	2.619776557559177488e-01	1.598481650284271083e-01	7.690154099921590880e-02	3.180900748185124666e-02	8.128177197408059662e-02
1.275720005340898297e+03	2.433336199883165130e-01	1.445434339115724276e-01	2.621037077392673331e-01	1.599268393527886190e-01	7.693427389123271010e-02	3.182702579132300202e-02	8.133109932545953824e-02
1.277171336404994690e+03	2.431436086979639200e-01	1.444291670380380144e-01	2.622295369354483707e-01	1.600053773538283597e-01	7.696695022236135775e-02	3.184501732100793875e-02	8.138034243131223033e-02
1.278622667469091539e+03	2.429539257416390430e-01	1.443150976166025501e-01	2.623551437312999779e-01	1.600837792726741426e-01	7.699957009158284182e-02	3.186298211468064495e-02	8.142950143148103281e-02
1.280073998533187932e+03	2.427645705517172958e-01	1.442012253059015148e-01	2.624805285129919175e-01	1.601620453499943975e-01	7.703213359769832402e-02	3.188092021604090748e-02	8.147857646561587619e-02
1.281525329597284326e+03	2.425755425615565841e-01	1.440875497651612769e-01	2.626056916660256535e-01	1.602401758259992259e-01	7.706464083932952625e-02	3.189883166871378128e-02	8.152756767317421993e-02
1.282976660661381175e+03	2.423868412054952792e-01	1.439740706541979276e-01	2.627306335752356836e-01	1.603181709404416511e-01	7.709709191491903590e-02	3.191671651624979067e-02	8.157647519342088593e-02
1.284427991725477568e+03	2.421984659188507749e-01	1.438607876334164759e-01	2.628553546247905381e-01	1.603960309326186995e-01	7.712948692273079165e-02	3.193457480212500560e-02	8.162529916542810016e-02
1.285879322789574417e+03	2.420104161379176277e-01	1.437477003638095441e-01	2.629798551981938903e-01	1.604737560413724562e-01	7.716182596085037482e-02	3.195240656974122212e-02	8.167403972807529833e-02
1.287330653853671038e+03	2.418226912999659750e-01	1.436348085069565628e-01	2.631041356782858887e-01	1.605513465050913413e-01	7.719410912718541184e-02	3.197021186242606644e-02	8.172269702004918146e-02
1.288781984917767431e+03	2.416352908432397861e-01	1.435221117250227163e-01	2.632281964472441005e-01	1.606288025617111648e-01	7.722633651946601840e-02	3.198799072343314065e-02	8.177127117984357707e-02
1.290233315981864052e+03	2.414482142069551140e-01	1.434096096807578324e-01	2.633520378865848444e-01	1.607061244487161811e-01	7.725850823524506306e-02	3.200574319594215456e-02	8.181976234575935591e-02
