1.301360187473271253e+03	2.402177385724465486e-01	1.427666920498881220e-01	2.619524009572609113e-01	1.627759073858963401e-01	7.711059610012212240e-02	3.222908653210372620e-02	8.294757840224595280e-02
1.306197957686926657e+03	2.396046809692829183e-01	1.423974586673358855e-01	2.623452964107487739e-01	1.630387858683054469e-01	7.721517097802402252e-02	3.228741356439508020e-02	8.311119354187160302e-02
1.311035727900581833e+03	2.389951420031375118e-01	1.420303445424813960e-01	2.627358629014427405e-01	1.633001605262484057e-01	7.731914231183445452e-02	3.234544906502378331e-02	8.327389864979541090e-02
1.315873498114237009e+03	2.383891014609789416e-01	1.416653375006012849e-01	2.631241145839129381e-01	1.635600397760433311e-01	7.742251362071043974e-02	3.240319462426717589e-02	8.343569843344962600e-02
1.320711268327892412e+03	2.377865392460825900e-01	1.413024254370338073e-01	2.635100655208837961e-01	1.638184319881646200e-01	7.752528840320103976e-02	3.246065182344765737e-02	8.359659758115021988e-02
1.325549038541547588e+03	2.371874353773584798e-01	1.409415963167738595e-01	2.638937296838989033e-01	1.640753454875006900e-01	7.762747013737021640e-02	3.251782223498371482e-02	8.375660076207784577e-02
1.330386808755202765e+03	2.365917699886832259e-01	1.405828381740703847e-01	2.642751209539802026e-01	1.643307885536092749e-01	7.772906228091873426e-02	3.257470742244062550e-02	8.391571262626126848e-02
1.335224578968857941e+03	2.359995233282357885e-01	1.402261391120261380e-01	2.646542531222819683e-01	1.645847694209703060e-01	7.783006827130546645e-02	3.263130894058087483e-02	8.407393780456322296e-02
1.340062349182513572e+03	2.354106757578370013e-01	1.398714873021997263e-01	2.650311398907398974e-01	1.648372962792362117e-01	7.793049152586781214e-02	3.268762833541434543e-02	8.423128090866879858e-02
1.344900119396168748e+03	2.348252077522932357e-01	1.395188709842100916e-01	2.654057948727147620e-01	1.650883772734800803e-01	7.803033544194147575e-02	3.274366714424811753e-02	8.438774653107601609e-02
1.349737889609823924e+03	2.342430998987437285e-01	1.391682784653432980e-01	2.657782315936311202e-01	1.653380205044414908e-01	7.812960339697934409e-02	3.279942689573606823e-02	8.454333924508877773e-02
1.354575659823479100e+03	2.336643328960116561e-01	1.388196981201613722e-01	2.661484634916107539e-01	1.655862340287701240e-01	7.822829874866976674e-02	3.285490910992817232e-02	8.469806360481195451e-02
1.359413430037134731e+03	2.330888875539591787e-01	1.384731183901138363e-01	2.665165039181013329e-01	1.658330258592671802e-01	7.832642483505405928e-02	3.291011529831946308e-02	8.485192414514872161e-02
1.364251200250789907e+03	2.325167447928461195e-01	1.381285277831512392e-01	2.668823661384996382e-01	1.660784039651249377e-01	7.842398497464321550e-02	3.296504696389879197e-02	8.500492538179980906e-02
1.369088970464445310e+03	2.319478856426924196e-01	1.377859148733409367e-01	2.672460633327702340e-01	1.663223762721640908e-01	7.852098246653392566e-02	3.301970560119726200e-02	8.515707181126493108e-02
1.373926740678100487e+03	2.313822912426443668e-01	1.374452683004852849e-01	2.676076085960586992e-01	1.665649506630689503e-01	7.861742059052391485e-02	3.307409269633639071e-02	8.530836791084610293e-02
1.378764510891755890e+03	2.308199428403444331e-01	1.371065767697419169e-01	2.679670149393006962e-01	1.668061349776212288e-01	7.871330260722651795e-02	3.312820972707601619e-02	8.545881813865291443e-02
1.383602281105411066e+03	2.302608217913048871e-01	1.367698290512462667e-01	2.683242952898250988e-01	1.670459370129313836e-01	7.880863175818451916e-02	3.318205816286189103e-02	8.560842693360959377e-02
1.388440051319066470e+03	2.297049095582849310e-01	1.364350139797364525e-01	2.686794624919533470e-01	1.672843645236685439e-01	7.890341126598336696e-02	3.323563946487306103e-02	8.575719871546394479e-02
1.393277821532721646e+03	2.291521877106716398e-01	1.361021204541800478e-01	2.690325293075930824e-01	1.675214252222883282e-01	7.899764433436361200e-02	3.328895508606891790e-02	8.590513788479804680e-02
1.398115591746377049e+03	2.286026379238643158e-01	1.357711374374032665e-01	2.693835084168276772e-01	1.677571267792591914e-01	7.909133414833269260e-02	3.334200647123599509e-02	8.605224882304057799e-02
1.402953361960032225e+03	2.280562419786626438e-01	1.354420539557222858e-01	2.697324124185005445e-01	1.679914768232869116e-01	7.918448387427594326e-02	3.339479505703453477e-02	8.619853589248085979e-02
1.407791132173687402e+03	2.275129817606582894e-01	1.351148590985766229e-01	2.700792538307950630e-01	1.682244829415374121e-01	7.927709666006708955e-02	3.344732227204473551e-02	8.634400343628451102e-02
1.412628902387342805e+03	2.269728392596299382e-01	1.347895420181647597e-01	2.704240450918096172e-01	1.684561526798580289e-01	7.936917563517782714e-02	3.349958953681278495e-02	8.648865577851067021e-02
1.417466672600997981e+03	2.264357965689421659e-01	1.344660919290818213e-01	2.707667985601281968e-01	1.686864935429971124e-01	7.946072391078698449e-02	3.355159826389657318e-02	8.663249722413071674e-02
1.422304442814653157e+03	2.259018358849474717e-01	1.341444981079593368e-01	2.711075265153860547e-01	1.689155129948222422e-01	7.955174457988875569e-02	3.360334985791119111e-02	8.677553205904847689e-02
1.427142213028308333e+03	2.253709395063920318e-01	1.338247498931071922e-01	2.714462411588312030e-01	1.691432184585366094e-01	7.964224071740044764e-02	3.365484571557414428e-02	8.691776455012183156e-02
1.431979983241963964e+03	2.248430898338248385e-01	1.335068366841576648e-01	2.717829546138811336e-01	1.693696173168941499e-01	7.973221538026947774e-02	3.370608722575033772e-02	8.705919894518585056e-02
1.436817753455619140e+03	2.243182693690102258e-01	1.331907479417114570e-01	2.721176789266749330e-01	1.695947169124132625e-01	7.982167160757976110e-02	3.375707576949674854e-02	8.719983947307710648e-02
1.441655523669274316e+03	2.237964607143438922e-01	1.328764731869857552e-01	2.724504260666213984e-01	1.698185245475888616e-01	7.991061242065734815e-02	3.380781272010689731e-02	8.733969034365940409e-02
1.446493293882929493e+03	2.232776465722722259e-01	1.325640020014645371e-01	2.727812079269421597e-01	1.700410474851031806e-01	7.999904082317557674e-02	3.385829944315504880e-02	8.747875574785077268e-02
1.451331064096585123e+03	2.227618097447152112e-01	1.322533240265507393e-01	2.731100363252109142e-01	1.702622929480352987e-01	8.008695980125940528e-02	3.390853729654014215e-02	8.761703985765176284e-02
1.456168834310240300e+03	2.222489331324924433e-01	1.319444289632205336e-01	2.734369230038878329e-01	1.704822681200691414e-01	8.017437232358920474e-02	3.395852763052947809e-02	8.775454682617482571e-02
1.461006604523895703e+03	2.217389997347526953e-01	1.316373065716795465e-01	2.737618796308501357e-01	1.707009801457001208e-01	8.026128134150388449e-02	3.400827178780217730e-02	8.789128078767492747e-02
1.465844374737550879e+03	2.212319926484066224e-01	1.313319466710210770e-01	2.740849177999178377e-01	1.709184361304407762e-01	8.034768978910340753e-02	3.405777110349237496e-02	8.802724585758134324e-02
1.470682144951206283e+03	2.207278950675628792e-01	1.310283391388864516e-01	2.744060490313759426e-01	1.711346431410248892e-01	8.043360058335063956e-02	3.410702690523213093e-02	8.816244613253050588e-02
1.475519915164861459e+03	2.202266902829674855e-01	1.307264739111272389e-01	2.747252847724917513e-01	1.713496082056103487e-01	8.051901662417258743e-02	3.415604051319418022e-02	8.829688569039989554e-02
1.480357685378516862e+03	2.197283616814464935e-01	1.304263409814693797e-01	2.750426363980281730e-01	1.715633383139808787e-01	8.060394079456106864e-02	3.420481324013435742e-02	8.843056859034310879e-02
1.485195455592172038e+03	2.192328927453518483e-01	1.301279304011793148e-01	2.753581152107534291e-01	1.717758404177466003e-01	8.068837596067263140e-02	3.425334639143382681e-02	8.856349887282580213e-02
1.490033225805827215e+03	2.187402670520104397e-01	1.298312322787321949e-01	2.756717324419459270e-01	1.719871214305432883e-01	8.077232497192805838e-02	3.430164126514102796e-02	8.869568055966259301e-02
1.494870996019482618e+03	2.182504682731763457e-01	1.295362367794817837e-01	2.759834992518951369e-01	1.721971882282305466e-01	8.085579066111107938e-02	3.434969915201344787e-02	8.882711765405511273e-02
1.499708766233137567e+03	2.177634801744864901e-01	1.292429341253324704e-01	2.762934267303992497e-01	1.724060476490887062e-01	8.093877584446658446e-02	3.439752133555908781e-02	8.895781414063076709e-02
1.504546536446793198e+03	2.172792866149191870e-01	1.289513145944130579e-01	2.766015258972578383e-01	1.726137064940148902e-01	8.102128332179819870e-02	3.444510909207770810e-02	8.908777398548252402e-02
1.509384306660448374e+03	2.167978715462558215e-01	1.286613685207525504e-01	2.769078077027608553e-01	1.728201715267174698e-01	8.110331587656530172e-02	3.449246369070187862e-02	8.921700113620953387e-02
1.514222076874103550e+03	2.163192190125459435e-01	1.283730862939577444e-01	2.772122830281741335e-01	1.730254494739099369e-01	8.118487627597936740e-02	3.453958639343775172e-02	8.934549952195858236e-02
1.519059847087758726e+03	2.158433131495751112e-01	1.280864583588927907e-01	2.775149626862203345e-01	1.732295470255034164e-01	8.126596727109983154e-02	3.458647845520559927e-02	8.947327305346637616e-02
1.523897617301414357e+03	2.153701381843362295e-01	1.278014752153604772e-01	2.778158574215564558e-01	1.734324708347981803e-01	8.134659159692930741e-02	3.463314112388016230e-02	8.960032562310260573e-02
1.528735387515069533e+03	2.148996784345035549e-01	1.275181274177854818e-01	2.781149779112475628e-01	1.736342275186740503e-01	8.142675197250821839e-02	3.467957564033070927e-02	8.972666110491382685e-02
1.533573157728724709e+03	2.144319183079099189e-01	1.272364055748994305e-01	2.784123347652364133e-01	1.738348236577798023e-01	8.150645110100887547e-02	3.472578323846092080e-02	8.985228335466804994e-02
1.538410927942380113e+03	2.139668423020271160e-01	1.269563003494278142e-01	2.787079385268093623e-01	1.740342657967216267e-01	8.158569166982897192e-02	3.477176514524850381e-02	8.997719620990005107e-02
1.543248698156035516e+03	2.135044350034491500e-01	1.266778024577786266e-01	2.790017996730586591e-01	1.742325604442504783e-01	8.166447635068452282e-02	3.481752258078461837e-02	9.010140348995737680e-02
1.548086468369690692e+03	2.130446810873785068e-01	1.264009026697328897e-01	2.792939286153411915e-01	1.744297140734484552e-01	8.174280779970224953e-02	3.486305675831303380e-02	9.022490899604709846e-02
1.552924238583346096e+03	2.125875653171153956e-01	1.261255918081370664e-01	2.795843356997332885e-01	1.746257331219141506e-01	8.182068865751132569e-02	3.490836888426910450e-02	9.034771651128310765e-02
1.557762008797001272e+03	2.121330725435500442e-01	1.258518607485969720e-01	2.798730312074819149e-01	1.748206239919471161e-01	8.189812154933470700e-02	3.495346015831848202e-02	9.046982980073417502e-02
1.562599779010656675e+03	2.116811877046579360e-01	1.255797004191737676e-01	2.801600253554524800e-01	1.750143930507313261e-01	8.197510908507978089e-02	3.499833177339566059e-02	9.059125261147249475e-02
1.567437549224311852e+03	2.112318958249976841e-01	1.253091018000816736e-01	2.804453282965728156e-01	1.752070466305176433e-01	8.205165385942846112e-02	3.504298491574223823e-02	9.071198867262293686e-02
1.572275319437967255e+03	2.107851820152122913e-01	1.250400559233871001e-01	2.807289501202737680e-01	1.753985910288054229e-01	8.212775845192692159e-02	3.508742076494499734e-02	9.083204169541288231e-02
1.577113089651622431e+03	2.103410314715329910e-01	1.247725538727100791e-01	2.810109008529263486e-01	1.755890325085231740e-01	8.220342542707451128e-02	3.513164049397377031e-02	9.095141537322246061e-02
1.581950859865277607e+03	2.098994294752860312e-01	1.245065867829269340e-01	2.812911904582752198e-01	1.757783772982081660e-01	8.227865733441233620e-02	3.517564526921906215e-02	9.107011338163555070e-02
1.586788630078933011e+03	2.094603613924022889e-01	1.242421458398749734e-01	2.815698288378687408e-01	1.759666315921853685e-01	8.235345670861128620e-02	3.521943625052948584e-02	9.118813937849111484e-02
1.591626400292587959e+03	2.090238126729298540e-01	1.239792222800587818e-01	2.818468258314859587e-01	1.761538015507451982e-01	8.242782606955938174e-02	3.526301459124896870e-02	9.130549700393511547e-02
1.596464170506243590e+03	2.085897688505492509e-01	1.237178073903581754e-01	2.821221912175597146e-01	1.763398933003206548e-01	8.250176792244874602e-02	3.530638143825374359e-02	9.142218988047297323e-02
1.601301940719898766e+03	2.081582155420917402e-01	1.234578925077379763e-01	2.823959347135966413e-01	1.765249129336633194e-01	8.257528475786203581e-02	3.534953793198913202e-02	9.153822161302239968e-02
1.606139710933553943e+03	2.077291384470600077e-01	1.231994690189594094e-01	2.826680659765939962e-01	1.767088665100187139e-01	8.264837905185824785e-02	3.539248520650614682e-02	9.165359578896675741e-02
1.610977481147209119e+03	2.073025233471520457e-01	1.229425283602930824e-01	2.829385946034528865e-01	1.768917600553005509e-01	8.272105326605813658e-02	3.543522438949781028e-02	9.176831597820879483e-02
1.615815251360864750e+03	2.068783561057875864e-01	1.226870620172337972e-01	2.832075301313883298e-01	1.770735995622643444e-01	8.279330984772900748e-02	3.547775660233536132e-02	9.188238573322485281e-02
1.620653021574519926e+03	2.064566226676372296e-01	1.224330615242168879e-01	2.834748820383364842e-01	1.772543909906800774e-01	8.286515122986903847e-02	3.552008296010416427e-02	9.199580858911943215e-02
1.625490791788175102e+03	2.060373090581545108e-01	1.221805184643362657e-01	2.837406597433578259e-01	1.774341402675038426e-01	8.293657983129112954e-02	3.556220457163947885e-02	9.210858806368027452e-02
1.630328562001830505e+03	2.056204013831104682e-01	1.219294244690641016e-01	2.840048726070378837e-01	1.776128532870489551e-01	8.300759805670623881e-02	3.560412253956199424e-02	9.222072765743363765e-02
1.635166332215485909e+03	2.052058858281310405e-01	1.216797712179720076e-01	2.842675299318848103e-01	1.777905359111560946e-01	8.307820829680613584e-02	3.564583796031316199e-02	9.233223085370009797e-02
1.640004102429141085e+03	2.047937486582369904e-01	1.214315504384540778e-01	2.845286409627231228e-01	1.779671939693625027e-01	8.314841292834575237e-02	3.568735192419034835e-02	9.244310111865057522e-02
1.644841872642796488e+03	2.043839762173866315e-01	1.211847539054513312e-01	2.847882148870852781e-01	1.781428332590705710e-01	8.321821431422499193e-02	3.572866551538174396e-02	9.255334190136280115e-02
1.649679642856451665e+03	2.039765549280213308e-01	1.209393734411777638e-01	2.850462608355995853e-01	1.783174595457154010e-01	8.328761480357003977e-02	3.576977981200111373e-02	9.266295663387806580e-02
1.654517413070107068e+03	2.035714712906132873e-01	1.206954009148481222e-01	2.853027878823752861e-01	1.784910785629318375e-01	8.335661673181425646e-02	3.581069588612233179e-02	9.277194873125824137e-02
1.659355183283762244e+03	2.031687118832160854e-01	1.204528282424071339e-01	2.855578050453844718e-01	1.786636960127203078e-01	8.342522242077843320e-02	3.585141480381372897e-02	9.288032159164319457e-02
1.664192953497417420e+03	2.027682633610181362e-01	1.202116473862603063e-01	2.858113212868413355e-01	1.788353175656122451e-01	8.349343417875075557e-02	3.589193762517222525e-02	9.298807859630836559e-02
1.669030723711072824e+03	2.023701124558982545e-01	1.199718503550064180e-01	2.860633455135780379e-01	1.790059488608344573e-01	8.356125430056614289e-02	3.593226540435726785e-02	9.309522310972274950e-02
1.673868493924728000e+03	2.019742459759840680e-01	1.197334292031713571e-01	2.863138865774181863e-01	1.791755955064728845e-01	8.362868506768515731e-02	3.597239918962460287e-02	9.320175847960700255e-02
1.678706264138383403e+03	2.015806508052129242e-01	1.194963760309436795e-01	2.865629532755469833e-01	1.793442630796354409e-01	8.369572874827246878e-02	3.601234002335983175e-02	9.330768803699195091e-02
1.683544034352038352e+03	2.011893139028953226e-01	1.192606829839115840e-01	2.868105543508784327e-01	1.795119571266141356e-01	8.376238759727477889e-02	3.605208894211177351e-02	9.341301509627719657e-02
1.688381804565693983e+03	2.008002223032809563e-01	1.190263422528014953e-01	2.870566984924203258e-01	1.796786831630464154e-01	8.382866385649835606e-02	3.609164697662563953e-02	9.351774295529004244e-02
1.693219574779349159e+03	2.004133631151271133e-01	1.187933460732180646e-01	2.873013943356355071e-01	1.798444466740757586e-01	8.389455975468608495e-02	3.613101515187602808e-02	9.362187489534462559e-02
1.698057344993004335e+03	2.000287235212697690e-01	1.185616867253857787e-01	2.875446504628011990e-01	1.800092531145115193e-01	8.396007750759398869e-02	3.617019448709973134e-02	9.372541418130121704e-02
1.702895115206659511e+03	1.996462907781969276e-01	1.183313565338919710e-01	2.877864754033649386e-01	1.801731079089879117e-01	8.402521931806734845e-02	3.620918599582832742e-02	9.382836406162572973e-02
1.707732885420315142e+03	1.992660522156246561e-01	1.181023478674314009e-01	2.880268776342981285e-01	1.803360164521224385e-01	8.408998737611643459e-02	3.624799068592063356e-02	9.393072776844949012e-02
1.712570655633970318e+03	1.988879952360755043e-01	1.178746531385522489e-01	2.882658655804465897e-01	1.804979841086732095e-01	8.415438385899161322e-02	3.628660955959491646e-02	9.403250851762903761e-02
1.717408425847625494e+03	1.985121073144592019e-01	1.176482648034036516e-01	2.885034476148788385e-01	1.806590162136960109e-01	8.421841093125818911e-02	3.632504361346096389e-02	9.413370950880627086e-02
1.722246196061280898e+03	1.981383759976560466e-01	1.174231753614845553e-01	2.887396320592310883e-01	1.808191180727002079e-01	8.428207074487062411e-02	3.636329383855195496e-02	9.423433392546855247e-02
1.727083966274936301e+03	1.977667889041024862e-01	1.171993773553942492e-01	2.889744271840503087e-01	1.809782949618041481e-01	8.434536543924647800e-02	3.640136122035616401e-02	9.433438493500920230e-02
1.731921736488591478e+03	1.973973337233792535e-01	1.169768633705841471e-01	2.892078412091338979e-01	1.811365521278896495e-01	8.440829714133979422e-02	3.643924673884844229e-02	9.443386568878789356e-02
1.736759506702246881e+03	1.970299982158017493e-01	1.167556260351110126e-01	2.894398823038673574e-01	1.812938947887559604e-01	8.447086796571408318e-02	3.647695136852156100e-02	9.453277932219135427e-02
1.741597276915902057e+03	1.966647702120128405e-01	1.165356580193918079e-01	2.896705585875592459e-01	1.814503281332728313e-01	8.453308001461487531e-02	3.651447607841738080e-02	9.463112895469408259e-02
1.746435047129557461e+03	1.963016376125781559e-01	1.163169520359597225e-01	2.898998781297733029e-01	1.816058573215329763e-01	8.459493537804185781e-02	3.655182183215779229e-02	9.472891768991922867e-02
1.751272817343212637e+03	1.959405883875834642e-01	1.160995008392217420e-01	2.901278489506584068e-01	1.817604874850037300e-01	8.465643613382051180e-02	3.658898958797551781e-02	9.482614861569961529e-02
1.756110587556867813e+03	1.955816105762345769e-01	1.158832972252176186e-01	2.903544790212758686e-01	1.819142237266779816e-01	8.471758434767337476e-02	3.662598029874474664e-02	9.492282480413875845e-02
1.760948357770523216e+03	1.952246922864594725e-01	1.156683340313801461e-01	2.905797762639241166e-01	1.820670711212245274e-01	8.477838207329091436e-02	3.666279491201156898e-02	9.501894931167213787e-02
1.765786127984178393e+03	1.948698216945127792e-01	1.154546041362969899e-01	2.908037485524611609e-01	1.822190347151375345e-01	8.483883135240187501e-02	3.669943437002424341e-02	9.511452517912831472e-02
1.770623898197833569e+03	1.945169870445824234e-01	1.152421004594736537e-01	2.910264037126243930e-01	1.823701195268853936e-01	8.489893421484333291e-02	3.673589960976330476e-02	9.520955543179039637e-02
1.775461668411488745e+03	1.941661766483988305e-01	1.150308159610980707e-01	2.912477495223481094e-01	1.825203305470588788e-01	8.495869267863018215e-02	3.677219156297146380e-02	9.530404307945733455e-02
1.780299438625144376e+03	1.938173788848460144e-01	1.148207436418063887e-01	2.914677937120786488e-01	1.826696727385186125e-01	8.501810875002438483e-02	3.680831115618340282e-02	9.539799111650547336e-02
1.785137208838799552e+03	1.934705821995751363e-01	1.146118765424501279e-01	2.916865439650869751e-01	1.828181510365417539e-01	8.507718442360362454e-02	3.684425931075531457e-02	9.549140252194998624e-02
1.789974979052454728e+03	1.931257751046203119e-01	1.144042077438647831e-01	2.919040079177791513e-01	1.829657703489680487e-01	8.513592168232970991e-02	3.688003694289435086e-02	9.558428025950656270e-02
1.794812749266109904e+03	1.927829461780165565e-01	1.141977303666396187e-01	2.921201931600043156e-01	1.831125355563452128e-01	8.519432249761646481e-02	3.691564496368784226e-02	9.567662727765287312e-02
1.799650519479765535e+03	1.924420840634199770e-01	1.139924375708889215e-01	2.923351072353603808e-01	1.832584515120736224e-01	8.525238882939725760e-02	3.695108427913242066e-02	9.576844650969031092e-02
1.804488289693420711e+03	1.921031774697300742e-01	1.137883225560245848e-01	2.925487576414974034e-01	1.834035230425501706e-01	8.531012262619212805e-02	3.698635579016286423e-02	9.585974087380565167e-02
1.809326059907075887e+03	1.917662151707144602e-01	1.135853785605297761e-01	2.927611518304187310e-01	1.835477549473117365e-01	8.536752582517449783e-02	3.702146039268090771e-02	9.595051327313273981e-02
1.814163830120731291e+03	1.914311860046354341e-01	1.133835988617342555e-01	2.929722972087799859e-01	1.836911519991776542e-01	8.542460035223753412e-02	3.705639897758380985e-02	9.604076659581417541e-02
1.819001600334386467e+03	1.910980788738789182e-01	1.131829767755907490e-01	2.931822011381856052e-01	1.838337189443917663e-01	8.548134812205999966e-02	3.709117243079274734e-02	9.613050371506308422e-02
1.823839370548041643e+03	1.907668827445854476e-01	1.129835056564526402e-01	2.933908709354832722e-01	1.839754605027636436e-01	8.553777103817186700e-02	3.712578163328111164e-02	9.621972748922485996e-02
1.828677140761696819e+03	1.904375866462834355e-01	1.127851788968531055e-01	2.935983138730562936e-01	1.841163813678091399e-01	8.559387099301941915e-02	3.716022746110257680e-02	9.630844076183882330e-02
1.833514910975352450e+03	1.901101796715243264e-01	1.125879899272852896e-01	2.938045371791137006e-01	1.842564862068903908e-01	8.564964986803007274e-02	3.719451078541904931e-02	9.639664636170000578e-02
1.838352681189008081e+03	1.897846509755201083e-01	1.123919322159839945e-01	2.940095480379777970e-01	1.843957796613550082e-01	8.570510953367665996e-02	3.722863247252844454e-02	9.648434710292083660e-02
1.843190451402663257e+03	1.894609897757826844e-01	1.121969992687084222e-01	2.942133535903703190e-01	1.845342663466747468e-01	8.576025184954151614e-02	3.726259338389229653e-02	9.657154578499287101e-02
1.848028221616318433e+03	1.891391853517654376e-01	1.120031846285262644e-01	2.944159609336960415e-01	1.846719508525834219e-01	8.581507866438005394e-02	3.729639437616322217e-02	9.665824519284843541e-02
1.852865991829973609e+03	1.888192270445069321e-01	1.118104818755990548e-01	2.946173771223243310e-01	1.848088377432141327e-01	8.586959181618399051e-02	3.733003630121221883e-02	9.674444809692227254e-02
1.857703762043628785e+03	1.885011042562765304e-01	1.116188846269688117e-01	2.948176091678684774e-01	1.849449315572358754e-01	8.592379313224422777e-02	3.736352000615583008e-02	9.683015725321320044e-02
1.862541532257283961e+03	1.881848064502222584e-01	1.114283865363457221e-01	2.950166640394633055e-01	1.850802368079896287e-01	8.597768442921331633e-02	3.739684633338311720e-02	9.691537540334561884e-02
1.867379302470939592e+03	1.878703231500203907e-01	1.112389812938972128e-01	2.952145486640405103e-01	1.852147579836235791e-01	8.603126751316762799e-02	3.743001612058250577e-02	9.700010527463112653e-02
1.872217072684594768e+03	1.875576439395273409e-01	1.110506626260382712e-01	2.954112699266020492e-01	1.853484995472277630e-01	8.608454417966905636e-02	3.746303020076845874e-02	9.708434958013001381e-02
1.877054842898249490e+03	1.872467584624334658e-01	1.108634242952227650e-01	2.956068346704914807e-01	1.854814659369681817e-01	8.613751621382642609e-02	3.749588940230803163e-02	9.716811101871261624e-02
1.881892613111905121e+03	1.869376564219188686e-01	1.106772600997362188e-01	2.958012496976631378e-01	1.856136615662201395e-01	8.619018539035649962e-02	3.752859454894723334e-02	9.725139227512080708e-02
1.886730383325560297e+03	1.866303275803112005e-01	1.104921638734896877e-01	2.959945217689498587e-01	1.857450908237009424e-01	8.624255347364460922e-02	3.756114645983726213e-02	9.733419602002930937e-02
1.891568153539215928e+03	1.863247617587453220e-01	1.103081294858147127e-01	2.961866576043282739e-01	1.858757580736020432e-01	8.629462221780503928e-02	3.759354594956058199e-02	9.741652491010689696e-02
1.896405923752871104e+03	1.860209488368251840e-01	1.101251508412596086e-01	2.963776638831821519e-01	1.860056676557204636e-01	8.634639336674089505e-02	3.762579382815685325e-02	9.749838158807769273e-02
1.901243693966526507e+03	1.857188787522873752e-01	1.099432218793869043e-01	2.965675472445642447e-01	1.861348238855896897e-01	8.639786865420372164e-02	3.765789090114871063e-02	9.757976868278224469e-02
1.906081464180181683e+03	1.854185415006667781e-01	1.097623365745718504e-01	2.967563142874556914e-01	1.862632310546098180e-01	8.644904980385273441e-02	3.768983796956743015e-02	9.766068880923860218e-02
1.910919234393836859e+03	1.851199271349641684e-01	1.095824889358022608e-01	2.969439715710239791e-01	1.863908934301771736e-01	8.649993852931368854e-02	3.772163582997835329e-02	9.774114456870329481e-02
1.915757004607492036e+03	1.848230257653156738e-01	1.094036730064793239e-01	2.971305256148788487e-01	1.865178152558131242e-01	8.655053653423744331e-02	3.775328527450631105e-02	9.782113854873220049e-02
1.920594774821147894e+03	1.845278275586640926e-01	1.092258828642196922e-01	2.973159828993262588e-01	1.866440007512925880e-01	8.660084551235813777e-02	3.778478709086074971e-02	9.790067332324144111e-02
1.925432545034802843e+03	1.842343227384322379e-01	1.090491126206586531e-01	2.975003498656206280e-01	1.867694541127715990e-01	8.665086714755101949e-02	3.781614206236084269e-02	9.797975145256801466e-02
1.930270315248458019e+03	1.839425015841979760e-01	1.088733564212544802e-01	2.976836329162153572e-01	1.868941795129143990e-01	8.670060311388998187e-02	3.784735096796034565e-02	9.805837548353046884e-02
1.935108085462113195e+03	1.836523544313714840e-01	1.086986084450938944e-01	2.978658384150111305e-01	1.870181811010199202e-01	8.675005507570472674e-02	3.787841458227241692e-02	9.813654794948946380e-02
1.939945855675768371e+03	1.833638716708738403e-01	1.085248629046986074e-01	2.980469726876029402e-01	1.871414630031476567e-01	8.679922468763755228e-02	3.790933367559421591e-02	9.821427137040814048e-02
1.944783625889424002e+03	1.830770437488181412e-01	1.083521140458330451e-01	2.982270420215251683e-01	1.872640293222428143e-01	8.684811359469987724e-02	3.794010901393139040e-02	9.829154825291251674e-02
1.949621396103079178e+03	1.827918611661916992e-01	1.081803561473131670e-01	2.984060526664946145e-01	1.873858841382610163e-01	8.689672343232839047e-02	3.797074135902243908e-02	9.836838109035173083e-02
1.954459166316734354e+03	1.825083144785407119e-01	1.080095835208162991e-01	2.985840108346519139e-01	1.875070315082922878e-01	8.694505582644089514e-02	3.800123146836290738e-02	9.844477236285807675e-02
1.959296936530389530e+03	1.822263942956564853e-01	1.078397905106922572e-01	2.987609227008016788e-01	1.876274754666843736e-01	8.699311239349175051e-02	3.803158009522945165e-02	9.852072453740709501e-02
1.964134706744044706e+03	1.819460912812634334e-01	1.076709714937753304e-01	2.989367944026502522e-01	1.877472200251656953e-01	8.704089474052710551e-02	3.806178798870379215e-02	9.859624006787744144e-02
1.968972476957700337e+03	1.816673961527089376e-01	1.075031208791975418e-01	2.991116320410422968e-01	1.878662691729674206e-01	8.708840446523968826e-02	3.809185589369649266e-02	9.867132139511068656e-02
1.973810247171355968e+03	1.813902996806550372e-01	1.073362331082028248e-01	2.992854416801951078e-01	1.879846268769451156e-01	8.713564315602337351e-02	3.812178455097061519e-02	9.874597094697094846e-02
1.978648017385010689e+03	1.811147926887717030e-01	1.071703026539624765e-01	2.994582293479319812e-01	1.881022970816998707e-01	8.718261239202733381e-02	3.815157469716525668e-02	9.882019113840442848e-02
1.983485787598666320e+03	1.808408660534322199e-01	1.070053240213914153e-01	2.996300010359132515e-01	1.882192837096984261e-01	8.722931374320994080e-02	3.818122706481892614e-02	9.889398437149889143e-02
1.988323557812321269e+03	1.805685107034099846e-01	1.068412917469656886e-01	2.998007626998661634e-01	1.883355906613932151e-01	8.727574877039234735e-02	3.821074238239283161e-02	9.896735303554285434e-02
1.993161328025976900e+03	1.802977176195772746e-01	1.066782003985410343e-01	2.999705202598128007e-01	1.884512218153415186e-01	8.732191902531169503e-02	3.824012137429394498e-02	9.904029950708483077e-02
1.997999098239632076e+03	1.800284778346055992e-01	1.065160445751723584e-01	3.001392796002965713e-01	1.885661810283241202e-01	8.736782605067403007e-02	3.826936476089806000e-02	9.911282614999231133e-02
2.002836868453287707e+03	1.797607824326680204e-01	1.063548189069343508e-01	3.003070465706070280e-01	1.886804721354633785e-01	8.741347138020701124e-02	3.829847325857260731e-02	9.918493531551064724e-02
2.007674638666942428e+03	1.794946225491428626e-01	1.061945180547431283e-01	3.004738269850030785e-01	1.887940989503406053e-01	8.745885653871210419e-02	3.832744757969940019e-02	9.925662934232183654e-02
2.012512408880597604e+03	1.792299893703193092e-01	1.060351367101788900e-01	3.006396266229347525e-01	1.889070652651130278e-01	8.750398304211666478e-02	3.835628843269722754e-02	9.932791055660314394e-02
2.017350179094252780e+03	1.789668741331047752e-01	1.058766695953095305e-01	3.008044512292630812e-01	1.890193748506301397e-01	8.754885239752559223e-02	3.838499652204433593e-02	9.939878127208555403e-02
2.022187949307908411e+03	1.787052681247338071e-01	1.057191114625154471e-01	3.009683065144788672e-01	1.891310314565493034e-01	8.759346610327273241e-02	3.841357254830076590e-02	9.946924379011207185e-02
2.027025719521564042e+03	1.784451626824787585e-01	1.055624570943152069e-01	3.011311981549195105e-01	1.892420388114509910e-01	8.763782564897198979e-02	3.844201720813055639e-02	9.953930039969596799e-02
2.031863489735218764e+03	1.781865491933621315e-01	1.054067013031921851e-01	3.012931317929845587e-01	1.893524006229533596e-01	8.768193251556805068e-02	3.847033119432384518e-02	9.960895337757881551e-02
2.036701259948874394e+03	1.779294190938704445e-01	1.052518389314224256e-01	3.014541130373497024e-01	1.894621205778262707e-01	8.772578817538691232e-02	3.849851519581883735e-02	9.967820498828834641e-02
2.041539030162529116e+03	1.776737638696699317e-01	1.050978648509031804e-01	3.016141474631792163e-01	1.895712023421046999e-01	8.776939409218607879e-02	3.852656989772362123e-02	9.974705748419619711e-02
2.046376800376184747e+03	1.774195750553237971e-01	1.049447739629827264e-01	3.017732406123368460e-01	1.896796495612016187e-01	8.781275172120447947e-02	3.855449598133789402e-02	9.981551310557552903e-02
2.051214570589840150e+03	1.771668442340111338e-01	1.047925611982909455e-01	3.019313979935954739e-01	1.897874658600203490e-01	8.785586250921199880e-02	3.858229412417454179e-02	9.988357408065845489e-02
2.056052340803495554e+03	1.769155630372473142e-01	1.046412215165710979e-01	3.020886250828450081e-01	1.898946548430662795e-01	8.789872789455882574e-02	3.860996499998110842e-02	9.995124262569327067e-02
2.060890111017150957e+03	1.766657231446062959e-01	1.044907499065122758e-01	3.022449273232989397e-01	1.900012200945580820e-01	8.794134930722449783e-02	3.863750927876114655e-02	1.000185209450016183e-01
2.065727881230805451e+03	1.764173162834441200e-01	1.043411413855831610e-01	3.024003101256997894e-01	1.901071651785382899e-01	8.798372816886659842e-02	3.866492762679540895e-02	1.000854112310354399e-01
2.070565651444461309e+03	1.761703342286245200e-01	1.041923909998664632e-01	3.025547788685223893e-01	1.902124936389834597e-01	8.802586589286924557e-02	3.869222070666298446e-02	1.001519156644337799e-01
2.075403421658116713e+03	1.759247688022454736e-01	1.040444938238944267e-01	3.027083388981764989e-01	1.903172089999136396e-01	8.806776388439117864e-02	3.871938917726224644e-02	1.002180364140794061e-01
2.080241191871772116e+03	1.756806118733679756e-01	1.038974449604853079e-01	3.028609955292075329e-01	1.904213147655013649e-01	8.810942354041369218e-02	3.874643369383172498e-02	1.002837756371552924e-01
2.085078962085427065e+03	1.754378553577458921e-01	1.037512395405807419e-01	3.030127540444961243e-01	1.905248144201800997e-01	8.815084624978820893e-02	3.877335490797083339e-02	1.003491354792009210e-01
2.089916732299082469e+03	1.751964912175576206e-01	1.036058727230841359e-01	3.031636196954564100e-01	1.906277114287520391e-01	8.819203339328365865e-02	3.880015346766051837e-02	1.004141180741684458e-01
2.094754502512737417e+03	1.749565114611391636e-01	1.034613396946998248e-01	3.033135977022324292e-01	1.907300092364955513e-01	8.823298634363339887e-02	3.882683001728373662e-02	1.004787255444786614e-01
2.099592272726392821e+03	1.747179081427189806e-01	1.033176356697732973e-01	3.034626932538938004e-01	1.908317112692719808e-01	8.827370646558208023e-02	3.885338519764584830e-02	1.005429600010767782e-01
2.104430042940048224e+03	1.744806733621539763e-01	1.031747558901323220e-01	3.036109115086296772e-01	1.909328209336317583e-01	8.831419511593212313e-02	3.887981964599487861e-02	1.006068235434880581e-01
2.109267813153704083e+03	1.742447992646673771e-01	1.030326956249289355e-01	3.037582575939413720e-01	1.910333416169202325e-01	8.835445364358984754e-02	3.890613399604170297e-02	1.006703182598733398e-01
2.114105583367359031e+03	1.740102780405878569e-01	1.028914501704824291e-01	3.039047366068339251e-01	1.911332766873828082e-01	8.839448338961156115e-02	3.893232887798003805e-02	1.007334462270842168e-01
2.118943353581013525e+03	1.737771019250903826e-01	1.027510148501231124e-01	3.040503536140058971e-01	1.912326294942696125e-01	8.843428568724907846e-02	3.895840491850639797e-02	1.007962095107182710e-01
2.123781123794669384e+03	1.735452631979383931e-01	1.026113850140371320e-01	3.041951136520385512e-01	1.913314033679396342e-01	8.847386186199525382e-02	3.898436274083990488e-02	1.008586101651739453e-01
2.128618894008324787e+03	1.733147541832274208e-01	1.024725560391119977e-01	3.043390217275828147e-01	1.914296016199642236e-01	8.851321323162902877e-02	3.901020296474198845e-02	1.009206502337053196e-01
2.133456664221980191e+03	1.730855672491304897e-01	1.023345233287832334e-01	3.044820828175457961e-01	1.915272275432302052e-01	8.855234110626039601e-02	3.903592620653593970e-02	1.009823317484766919e-01
2.138294434435635139e+03	1.728576948076446795e-01	1.021972823128816515e-01	3.046243018692756377e-01	1.916242844120424615e-01	8.859124678837491940e-02	3.906153307912642314e-02	1.010436567306169930e-01
2.143132204649290543e+03	1.726311293143391878e-01	1.020608284474817107e-01	3.047656838007450353e-01	1.917207754822258248e-01	8.862993157287814283e-02	3.908702419201882244e-02	1.011046271902740212e-01
2.147969974862945492e+03	1.724058632681049474e-01	1.019251572147506779e-01	3.049062335007338698e-01	1.918167039912266336e-01	8.866839674713969388e-02	3.911240015133850279e-02	1.011652451266684682e-01
2.152807745076601350e+03	1.721818892109056587e-01	1.017902641227986377e-01	3.050459558290098960e-01	1.919120731582137640e-01	8.870664359103705432e-02	3.913766155984991363e-02	1.012255125281478207e-01
2.157645515290255844e+03	1.719591997275302098e-01	1.016561447055293471e-01	3.051848556165093762e-01	1.920068861841789098e-01	8.874467337699917802e-02	3.916280901697569150e-02	1.012854313722400534e-01
2.162483285503912157e+03	1.717377874453465680e-01	1.015227945224920908e-01	3.053229376655150484e-01	1.921011462520367252e-01	8.878248737004983127e-02	3.918784311881551990e-02	1.013450036257070586e-01
2.167321055717567106e+03	1.715176450340571424e-01	1.013902091587341042e-01	3.054602067498340401e-01	1.921948565267240228e-01	8.882008682785060005e-02	3.921276445816496148e-02	1.014042312445980476e-01
2.172158825931222509e+03	1.712987652054552279e-01	1.012583842246542326e-01	3.055966676149738381e-01	1.922880201552989998e-01	8.885747300074373078e-02	3.923757362453419995e-02	1.014631161743026616e-01
2.176996596144877003e+03	1.710811407131834772e-01	1.011273153558570892e-01	3.057323249783178154e-01	1.923806402670393267e-01	8.889464713179473510e-02	3.926227120416658778e-02	1.015216603496038872e-01
2.181834366358532861e+03	1.708647643524930648e-01	1.009969982130082683e-01	3.058671835292987029e-01	1.924727199735402072e-01	8.893161045683464772e-02	3.928685778005719387e-02	1.015798656947309170e-01
2.186672136572187810e+03	1.706496289600047955e-01	1.008674284816902106e-01	3.060012479295713406e-01	1.925642623688118005e-01	8.896836420450207616e-02	3.931133393197114995e-02	1.016377341234115939e-01
2.191509906785843214e+03	1.704357274134712941e-01	1.007386018722591647e-01	3.061345228131844842e-01	1.926552705293760326e-01	8.900490959628511167e-02	3.933570023646196928e-02	1.016952675389249383e-01
2.196347676999498617e+03	1.702230526315405001e-01	1.006105141197026487e-01	3.062670127867510028e-01	1.927457475143630472e-01	8.904124784656280989e-02	3.935995726688971269e-02	1.017524678341532457e-01
2.201185447213154021e+03	1.700115975735208562e-01	1.004831609834979933e-01	3.063987224296171319e-01	1.928356963656070733e-01	8.907738016264658831e-02	3.938410559343905742e-02	1.018093368916341973e-01
2.206023217426809424e+03	1.698013552391475778e-01	1.003565382474715800e-01	3.065296562940307279e-01	1.929251201077418487e-01	8.911330774482124906e-02	3.940814578313727584e-02	1.018658765836125968e-01
2.210860987640464373e+03	1.695923186683502282e-01	1.002306417196588834e-01	3.066598189053080237e-01	1.930140217482956277e-01	8.914903178638590442e-02	3.943207839987213775e-02	1.019220887720920926e-01
2.215698757854119776e+03	1.693844809410219032e-01	1.001054672321654015e-01	3.067892147619994958e-01	1.931024042777853278e-01	8.918455347369451391e-02	3.945590400440962542e-02	1.019779753088865676e-01
2.220536528067775180e+03	1.691778351767894983e-01	9.998101064102828117e-02	3.069178483360548992e-01	1.931902706698107597e-01	8.921987398619632414e-02	3.947962315441164161e-02	1.020335380356714589e-01
2.225374298281430583e+03	1.689723745347853912e-01	9.985726782607880214e-02	3.070457240729865256e-01	1.932776238811479141e-01	8.925499449647592010e-02	3.950323640445355111e-02	1.020887787840347588e-01
2.230212068495085077e+03	1.687680922134204287e-01	9.973423469080566761e-02	3.071728463920319618e-01	1.933644668518418597e-01	8.928991617029323480e-02	3.952674430604166678e-02	1.021436993755279465e-01
2.235049838708740936e+03	1.685649814501582744e-01	9.961190716221904329e-02	3.072992196863155168e-01	1.934508025052994740e-01	8.932464016662314266e-02	3.955014740763060366e-02	1.021983016217166695e-01
2.239887608922396339e+03	1.683630355212910046e-01	9.949028119071536003e-02	3.074248483230085927e-01	1.935366337483811205e-01	8.935916763769488624e-02	3.957344625464056381e-02	1.022525873242312172e-01
2.244725379136052197e+03	1.681622477417157868e-01	9.936935274994297684e-02	3.075497366434888913e-01	1.936219634714923532e-01	8.939349972903136432e-02	3.959664138947448231e-02	1.023065582748168556e-01
2.249563149349706237e+03	1.679626114647133905e-01	9.924911783666856557e-02	3.076738889634987872e-01	1.937067945486749543e-01	8.942763757948798964e-02	3.961973335153512465e-02	1.023602162553838985e-01
2.254400919563362095e+03	1.677641200817274469e-01	9.912957247064421717e-02	3.077973095733023690e-01	1.937911298376974178e-01	8.946158232129153287e-02	3.964272267724203158e-02	1.024135630380576950e-01
2.259238689777017044e+03	1.675667670221450967e-01	9.901071269447540846e-02	3.079200027378417581e-01	1.938749721801450721e-01	8.949533508007861959e-02	3.966560990004842219e-02	1.024666003852282847e-01
2.264076459990672902e+03	1.673705457530791363e-01	9.889253457348969045e-02	3.080419726968920413e-01	1.939583244015097574e-01	8.952889697493401910e-02	3.968839555045795831e-02	1.025193300495999826e-01
