1.301360187473271253e+03	2.359053021459762978e-01	1.495935973953470277e-01	2.594846391597094293e-01	1.619704074825208118e-01	7.636474006119409186e-02	3.240096693091264884e-02	8.428034682391430388e-02
1.306197957686926657e+03	2.353122820029250606e-01	1.491754863148698484e-01	2.598660843875817972e-01	1.622247867525539733e-01	7.647493023793440481e-02	3.248107336936509326e-02	8.446535693434438496e-02
1.311035727900581833e+03	2.347224676911781327e-01	1.487600342649454677e-01	2.602452508318436886e-01	1.624776736307936287e-01	7.658459425680920474e-02	3.256073206680984433e-02	8.464924725719463749e-02
1.315873498114237009e+03	2.341358561514811920e-01	1.483472119702777536e-01	2.606221535857760618e-01	1.627290772473709290e-01	7.669373179865741907e-02	3.263994519239096781e-02	8.483202405362028076e-02
1.320711268327892412e+03	2.335524433677710066e-01	1.479369911826394490e-01	2.609968076454144970e-01	1.629790066657944014e-01	7.680234265453568521e-02	3.271871491386776909e-02	8.501369356955182366e-02
1.325549038541547588e+03	2.329722244335192538e-01	1.475293446215758530e-01	2.613692279048792089e-01	1.632274708865965318e-01	7.691042672117920365e-02	3.279704339737517238e-02	8.519426203444942225e-02
1.330386808755202765e+03	2.323951936138968499e-01	1.471242459187744878e-01	2.617394291526917716e-01	1.634744788501913404e-01	7.701798399668202677e-02	3.287493280719048366e-02	8.537373566014770654e-02
1.335224578968857941e+03	2.318213444040205795e-01	1.467216695658726811e-01	2.621074260689150170e-01	1.637200394390964098e-01	7.712501457637850610e-02	3.295238530550608641e-02	8.555212063978538672e-02
1.340062349182513572e+03	2.312506695835271908e-01	1.463215908654885988e-01	2.624732332229798293e-01	1.639641614796466529e-01	7.723151864891060481e-02	3.302940305220758432e-02	8.572942314681414322e-02
1.344900119396168748e+03	2.306831612677055221e-01	1.459239858852752481e-01	2.628368650720849242e-01	1.642068537433025999e-01	7.733749649246722535e-02	3.310598820465708580e-02	8.590564933408198489e-02
1.349737889609823924e+03	2.301188109554011818e-01	1.455288314148090456e-01	2.631983359600754691e-01	1.644481249476375528e-01	7.744294847118381175e-02	3.318214291748129013e-02	8.608080533298627379e-02
1.354575659823479100e+03	2.295576095738965372e-01	1.451361049251367052e-01	2.635576601167211042e-01	1.646879837570725535e-01	7.754787503169148499e-02	3.325786934236431291e-02	8.625489725269185060e-02
1.359413430037134731e+03	2.289995475209545550e-01	1.447457845308147972e-01	2.639148516573280867e-01	1.649264387834154522e-01	7.765227669980641345e-02	3.333316962784494547e-02	8.642793117941033332e-02
1.364251200250789907e+03	2.284446147042039077e-01	1.443578489542870491e-01	2.642699245826289345e-01	1.651634985862484029e-01	7.775615407735110562e-02	3.340804591911849392e-02	8.659991317573663416e-02
1.369088970464445310e+03	2.278928005780321842e-01	1.439722774924536708e-01	2.646228927789051055e-01	1.653991716732015615e-01	7.785950783909999229e-02	3.348250035784293421e-02	8.677084928003907238e-02
1.373926740678100487e+03	2.273440941781416369e-01	1.435890499852965074e-01	2.649737700183026901e-01	1.656334665001420181e-01	7.796233872984267843e-02	3.355653508194940404e-02	8.694074550589954431e-02
1.378764510891755890e+03	2.267984841539150975e-01	1.432081467864320112e-01	2.653225699593095843e-01	1.658663914713013610e-01	7.806464756155857831e-02	3.363015222545704536e-02	8.710960784160078074e-02
1.383602281105411066e+03	2.262559587987275911e-01	1.428295487354721560e-01	2.656693061473659467e-01	1.660979549393615251e-01	7.816643521069757683e-02	3.370335391829212129e-02	8.727744224965752751e-02
1.388440051319066470e+03	2.257165060783326849e-01	1.424532371320807456e-01	2.660139920155863424e-01	1.663281652055131898e-01	7.826770261556122155e-02	3.377614228611149072e-02	8.744425466638877653e-02
1.393277821532721646e+03	2.251801136574436146e-01	1.420791937116198944e-01	2.663566408855729262e-01	1.665570305194987999e-01	7.836845077378012947e-02	3.384851945013033631e-02	8.761005100152871594e-02
1.398115591746377049e+03	2.246467689246220700e-01	1.417074006222875104e-01	2.666972659683041202e-01	1.667845590796497857e-01	7.846868073988309822e-02	3.392048752695420860e-02	8.777483713787358199e-02
1.402953361960032225e+03	2.241164590155803604e-01	1.413378404036532976e-01	2.670358803650851320e-01	1.670107590329240888e-01	7.856839362295373053e-02	3.399204862841536529e-02	8.793861893096231730e-02
1.407791132173687402e+03	2.235891708349958262e-01	1.409704959665061819e-01	2.673724970685484870e-01	1.672356384749504321e-01	7.866759058437111651e-02	3.406320486141341947e-02	8.810140220878875938e-02
1.412628902387342805e+03	2.230648910769308380e-01	1.406053505739317533e-01	2.677071289636945850e-01	1.674592054500825267e-01	7.876627283563082671e-02	3.413395832776025540e-02	8.826319277154337506e-02
1.417466672600997981e+03	2.225436062439452300e-01	1.402423878235431465e-01	2.680397888289642316e-01	1.676814679514666284e-01	7.886444163624302395e-02	3.420431112402925328e-02	8.842399639138262546e-02
1.422304442814653157e+03	2.220253026649830208e-01	1.398815916307937779e-01	2.683704893373362044e-01	1.679024339211236394e-01	7.896209829170459937e-02	3.427426534140876752e-02	8.858381881222414378e-02
1.427142213028308333e+03	2.215099665121097461e-01	1.395229462133047160e-01	2.686992430574433599e-01	1.681221112500480563e-01	7.905924415154232110e-02	3.434382306555984476e-02	8.874266574956611586e-02
1.431979983241963964e+03	2.209975838161725437e-01	1.391664360761435681e-01	2.690260624547025636e-01	1.683405077783236559e-01	7.915588060742438647e-02	3.441298637647820929e-02	8.890054289032919832e-02
1.436817753455619140e+03	2.204881404814502954e-01	1.388120459979957921e-01	2.693509598924540005e-01	1.685576312952563605e-01	7.925200909133768568e-02	3.448175734836041173e-02	8.905745589271954477e-02
1.441655523669274316e+03	2.199816222993567494e-01	1.384597610181732275e-01	2.696739476331057039e-01	1.687734895395243684e-01	7.934763107382826475e-02	3.455013804947416889e-02	8.921341038611163565e-02
1.446493293882929493e+03	2.194780149612559905e-01	1.381095664244073595e-01	2.699950378392808048e-01	1.689880901993449924e-01	7.944274806230262886e-02	3.461813054203286000e-02	8.936841197094948230e-02
1.451331064096585123e+03	2.189773040704455498e-01	1.377614477413790783e-01	2.703142425749646693e-01	1.692014409126579300e-01	7.953736159938776251e-02	3.468573688207408218e-02	8.952246621866503939e-02
1.456168834310240300e+03	2.184794751533596646e-01	1.374153907199390789e-01	2.706315738066488175e-01	1.694135492673237986e-01	7.963147326134764614e-02	3.475295911934231374e-02	8.967557867161278506e-02
1.461006604523895703e+03	2.179845136700409580e-01	1.370713813269757997e-01	2.709470434044708442e-01	1.696244228013376043e-01	7.972508465655411825e-02	3.481979929717555350e-02	8.982775484301920577e-02
1.465844374737550879e+03	2.174924050239267215e-01	1.367294057358911519e-01	2.712606631433472915e-01	1.698340690030562539e-01	7.981819742401027873e-02	3.488625945239592907e-02	8.997900021694643646e-02
1.470682144951206283e+03	2.170031345709922954e-01	1.363894503176458772e-01	2.715724447040994693e-01	1.700424953114387516e-01	7.991081323192461561e-02	3.495234161520426042e-02	9.012932024826886268e-02
1.475519915164861459e+03	2.165166876282922370e-01	1.360515016323394777e-01	2.718823996745696192e-01	1.702497091162985254e-01	8.000293377633378722e-02	3.501804780907841891e-02	9.027872036266201827e-02
1.480357685378516862e+03	2.160330494819365510e-01	1.357155464212917440e-01	2.721905395507275283e-01	1.704557177585672156e-01	8.009456077977272770e-02	3.508338005067551668e-02	9.042720595660275196e-02
1.485195455592172038e+03	2.155522053945378158e-01	1.353815715995940472e-01	2.724968757377659312e-01	1.706605285305681508e-01	8.018569598999003567e-02	3.514834034973784993e-02	9.057478239738016301e-02
1.490033225805827215e+03	2.150741406121619848e-01	1.350495642491023607e-01	2.728014195511839213e-01	1.708641486762996486e-01	8.027634117870738328e-02	3.521293070900249900e-02	9.072145502311623755e-02
1.494870996019482618e+03	2.145988403708140035e-01	1.347195116118436453e-01	2.731041822178582046e-01	1.710665853917263945e-01	8.036649814042128026e-02	3.527715312411457832e-02	9.086722914279589391e-02
1.499708766233137567e+03	2.141262899024877764e-01	1.343914010838105910e-01	2.734051748771019197e-01	1.712678458250785352e-01	8.045616869124568027e-02	3.534100958354399746e-02	9.101211003630542418e-02
1.504546536446793198e+03	2.136564744408072647e-01	1.340652202091206224e-01	2.737044085817093020e-01	1.714679370771577116e-01	8.054535466779426389e-02	3.540450206850573323e-02	9.115610295447904021e-02
1.509384306660448374e+03	2.131893792262849197e-01	1.337409566745161316e-01	2.740018942989870809e-01	1.716668662016488656e-01	8.063405792610067735e-02	3.546763255288354344e-02	9.129921311915276116e-02
1.514222076874103550e+03	2.127249895112209854e-01	1.334185983041855650e-01	2.742976429117718884e-01	1.718646402054374578e-01	8.072228034057588042e-02	3.553040300315697675e-02	9.144144572322523978e-02
1.519059847087758726e+03	2.122632905642665713e-01	1.330981330548849928e-01	2.745916652194334007e-01	1.720612660489313495e-01	8.081002380300092436e-02	3.559281537833174081e-02	9.158280593072500031e-02
1.523897617301414357e+03	2.118042676746715036e-01	1.327795490113416466e-01	2.748839719388631586e-01	1.722567506463865694e-01	8.089729022155425775e-02	3.565487162987322073e-02	9.172329887688361605e-02
1.528735387515069533e+03	2.113479061562367201e-01	1.324628343819222454e-01	2.751745737054487329e-01	1.724511008662364120e-01	8.098408151987226966e-02	3.571657370164320333e-02	9.186292966821436867e-02
1.533573157728724709e+03	2.108941913509898292e-01	1.321479774945495123e-01	2.754634810740334561e-01	1.726443235314234492e-01	8.107039963614201539e-02	3.577792352983963364e-02	9.200170338259608394e-02
1.538410927942380113e+03	2.104431086326013223e-01	1.318349667928515878e-01	2.757507045198615003e-01	1.728364254197335692e-01	8.115624652222490354e-02	3.583892304293941761e-02	9.213962506936171359e-02
1.543248698156035516e+03	2.099946434095578129e-01	1.315237908325301852e-01	2.760362544395080775e-01	1.730274132641319573e-01	8.124162414281060896e-02	3.589957416164413218e-02	9.227669974939126107e-02
1.548086468369690692e+03	2.095487811281073198e-01	1.312144382779336371e-01	2.763201411517956507e-01	1.732172937531002155e-01	8.132653447459983753e-02	3.595987879882864974e-02	9.241293241520873170e-02
1.552924238583346096e+03	2.091055072749912758e-01	1.309068978988224830e-01	2.766023748986948250e-01	1.734060735309746748e-01	8.141097950551527684e-02	3.601983885949252423e-02	9.254832803108295480e-02
1.557762008797001272e+03	2.086648073799767800e-01	1.306011585673157172e-01	2.768829658462111376e-01	1.735937591982847361e-01	8.149496123393967784e-02	3.607945624071415280e-02	9.268289153313173656e-02
1.562599779010656675e+03	2.082266670182012780e-01	1.302972092550064298e-01	2.771619240852576382e-01	1.737803573120915157e-01	8.157848166798016554e-02	3.613873283160758815e-02	9.281662782942921852e-02
1.567437549224311852e+03	2.077910718123420764e-01	1.299950390302365144e-01	2.774392596325126470e-01	1.739658743863265189e-01	8.166154282475796000e-02	3.619767051328193208e-02	9.294954180011621991e-02
1.572275319437967255e+03	2.073580074346211555e-01	1.296946370555204786e-01	2.777149824312637461e-01	1.741503168921293421e-01	8.174414672972259155e-02	3.625627115880332429e-02	9.308163829751320284e-02
1.577113089651622431e+03	2.069274596086566609e-01	1.293959925851096704e-01	2.779891023522376714e-01	1.743336912581848475e-01	8.182629541598990253e-02	3.631453663315932501e-02	9.321292214623579098e-02
1.581950859865277607e+03	2.064994141111694270e-01	1.290990949626878992e-01	2.782616291944161602e-01	1.745160038710591999e-01	8.190799092370303069e-02	3.637246879322578175e-02	9.334339814331242546e-02
1.586788630078933011e+03	2.060738567735552196e-01	1.288039336191902084e-01	2.785325726858381423e-01	1.746972610755346267e-01	8.198923529941558319e-02	3.643006948773597209e-02	9.347307105830418572e-02
1.591626400292587959e+03	2.056507734833300516e-01	1.285104980707378608e-01	2.788019424843886096e-01	1.748774691749425958e-01	8.207003059549622392e-02	3.648734055725206399e-02	9.360194563342641438e-02
1.596464170506243590e+03	2.052301501854573440e-01	1.282187779166819863e-01	2.790697481785739953e-01	1.750566344314953560e-01	8.215037886955421642e-02	3.654428383413881043e-02	9.373002658367213247e-02
1.601301940719898766e+03	2.048119728835639808e-01	1.279287628377493158e-01	2.793359992882838982e-01	1.752347630666154787e-01	8.223028218388492294e-02	3.660090114253933963e-02	9.385731859693687007e-02
1.606139710933553943e+03	2.043962276410529466e-01	1.276404425942837817e-01	2.796007052655406500e-01	1.754118612612634576e-01	8.230974260493482964e-02	3.665719429835308241e-02	9.398382633414505138e-02
1.610977481147209119e+03	2.039829005821185703e-01	1.273538070245781584e-01	2.798638754952352814e-01	1.755879351562631696e-01	8.238876220278537610e-02	3.671316510921576043e-02	9.410955442937748994e-02
1.615815251360864750e+03	2.035719778926706469e-01	1.270688460432903288e-01	2.801255192958516105e-01	1.757629908526247564e-01	8.246734305065497872e-02	3.676881537448129650e-02	9.423450749000013282e-02
1.620653021574519926e+03	2.031634458211739880e-01	1.267855496399388215e-01	2.803856459201773399e-01	1.759370344118654783e-01	8.254548722441869268e-02	3.682414688520567470e-02	9.435869009679370700e-02
1.625490791788175102e+03	2.027572906794077590e-01	1.265039078774729542e-01	2.806442645560033866e-01	1.761100718563276268e-01	8.262319680214497142e-02	3.687916142413269482e-02	9.448210680408428153e-02
1.630328562001830505e+03	2.023534988431506254e-01	1.262239108909131158e-01	2.809013843268107768e-01	1.762821091694941333e-01	8.270047386364887121e-02	3.693386076568150322e-02	9.460476213987463467e-02
1.635166332215485909e+03	2.019520567527960664e-01	1.259455488860566075e-01	2.811570142924463833e-01	1.764531522963013188e-01	8.277732049006117365e-02	3.698824667593587218e-02	9.472666060597625948e-02
1.640004102429141085e+03	2.015529509139025177e-01	1.256688121382455725e-01	2.814111634497864500e-01	1.766232071434488682e-01	8.285373876341306509e-02	3.704232091263522098e-02	9.484780667814199373e-02
1.644841872642796488e+03	2.011561678976823697e-01	1.253936909911927966e-01	2.816638407333892369e-01	1.767922795797071678e-01	8.292973076623574857e-02	3.709608522516726070e-02	9.496820480619909410e-02
1.649679642856451665e+03	2.007616943414341215e-01	1.251201758558621313e-01	2.819150550161365065e-01	1.769603754362214787e-01	8.300529858117440540e-02	3.714954135456227657e-02	9.508785941418278209e-02
1.654517413070107068e+03	2.003695169489210781e-01	1.248482572094002235e-01	2.821648151098635204e-01	1.771275005068135289e-01	8.308044429061633984e-02	3.720269103348891604e-02	9.520677490047009528e-02
1.659355183283762244e+03	1.999796224907002262e-01	1.245779255941164704e-01	2.824131297659790985e-01	1.772936605482799133e-01	8.315516997633255747e-02	3.725553598625152424e-02	9.532495563791394677e-02
1.664192953497417420e+03	1.995919978044044807e-01	1.243091716165081601e-01	2.826600076760744096e-01	1.774588612806876631e-01	8.322947771913244419e-02	3.730807792878891582e-02	9.544240597397754544e-02
1.669030723711072824e+03	1.992066297949815212e-01	1.240419859463284258e-01	2.829054574725223259e-01	1.776231083876666783e-01	8.330336959853129608e-02	3.736031856867456230e-02	9.555913023086874680e-02
1.673868493924728000e+03	1.988235054348916342e-01	1.237763593156940012e-01	2.831494877290657852e-01	1.777864075166993574e-01	8.337684769242992289e-02	3.741225960511816023e-02	9.567513270567466754e-02
1.678706264138383403e+03	1.984426117642679455e-01	1.235122825182308204e-01	2.833921069613966615e-01	1.779487642794071456e-01	8.344991407680628359e-02	3.746390272896849005e-02	9.579041767049616130e-02
1.683544034352038352e+03	1.980639358910410153e-01	1.232497464082550065e-01	2.836333236277249759e-01	1.781101842518338918e-01	8.352257082541862665e-02	3.751524962271760716e-02	9.590498937258246093e-02
1.688381804565693983e+03	1.976874649910301540e-01	1.229887418999871113e-01	2.838731461293385050e-01	1.782706729747264296e-01	8.359482000951967695e-02	3.756630196050621956e-02	9.601885203446547390e-02
1.693219574779349159e+03	1.973131863080042070e-01	1.227292599667978573e-01	2.841115828111531183e-01	1.784302359538121052e-01	8.366666369758173072e-02	3.761706140813025900e-02	9.613200985409427191e-02
1.698057344993004335e+03	1.969410871537131680e-01	1.224712916404832874e-01	2.843486419622539563e-01	1.785888786600731692e-01	8.373810395503208936e-02	3.766752962304869418e-02	9.624446700496917806e-02
1.702895115206659511e+03	1.965711549078930087e-01	1.222148280105677526e-01	2.845843318164277269e-01	1.787466065300182816e-01	8.380914284399862413e-02	3.771770825439233615e-02	9.635622763627577081e-02
1.707732885420315142e+03	1.962033770182455283e-01	1.219598602236329349e-01	2.848186605526863979e-01	1.789034249659510190e-01	8.387978242306513843e-02	3.776759894297381653e-02	9.646729587301867970e-02
1.712570655633970318e+03	1.958377410003947772e-01	1.217063794826717255e-01	2.850516362957817296e-01	1.790593393362354957e-01	8.395002474703613937e-02	3.781720332129859946e-02	9.657767581615495089e-02
1.717408425847625494e+03	1.954742344378217755e-01	1.214543770464650424e-01	2.852832671167125356e-01	1.792143549755588761e-01	8.401987186671087959e-02	3.786652301357694428e-02	9.668737154272735723e-02
1.722246196061280898e+03	1.951128449817787214e-01	1.212038442289806728e-01	2.855135610332226737e-01	1.793684771851910831e-01	8.408932582866611438e-02	3.791555963573690208e-02	9.679638710599722251e-02
1.727083966274936301e+03	1.947535603511848512e-01	1.209547723987927231e-01	2.857425260102914866e-01	1.795217112332417320e-01	8.415838867504750465e-02	3.796431479543822124e-02	9.690472653557692662e-02
1.731921736488591478e+03	1.943963683325042047e-01	1.207071529785202907e-01	2.859701699606164715e-01	1.796740623549139271e-01	8.422706244336940207e-02	3.801279009208715504e-02	9.701239383756200818e-02
1.736759506702246881e+03	1.940412567796074850e-01	1.204609774442846892e-01	2.861965007450881782e-01	1.798255357527553944e-01	8.429534916632257235e-02	3.806098711685212965e-02	9.711939299466298969e-02
1.741597276915902057e+03	1.936882136136184318e-01	1.202162373251838001e-01	2.864215261732577233e-01	1.799761365969068383e-01	8.436325087158969005e-02	3.810890745268030733e-02	9.722572796633661973e-02
1.746435047129557461e+03	1.933372268227465662e-01	1.199729242027826881e-01	2.866452540037965346e-01	1.801258700253474121e-01	8.443076958166843837e-02	3.815655267431490583e-02	9.733140268891680991e-02
1.751272817343212637e+03	1.929882844621064464e-01	1.197310297106196769e-01	2.868676919449494878e-01	1.802747411441374681e-01	8.449790731370183938e-02	3.820392434831330897e-02	9.743642107574504441e-02
1.756110587556867813e+03	1.926413746535250715e-01	1.194905455337268857e-01	2.870888476549807167e-01	1.804227550276586434e-01	8.456466607931566182e-02	3.825102403306592652e-02	9.754078701730034551e-02
1.760948357770523216e+03	1.922964855853380450e-01	1.192514634081644487e-01	2.873087287426124847e-01	1.805699167188511700e-01	8.463104788446264293e-02	3.829785327881578966e-02	9.764450438132868393e-02
1.765786127984178393e+03	1.919536055121752183e-01	1.190137751205677524e-01	2.875273427674574500e-01	1.807162312294486595e-01	8.469705472927328838e-02	3.834441362767884026e-02	9.774757701297205614e-02
1.770623898197833569e+03	1.916127227547369249e-01	1.187774725077068577e-01	2.877446972404444914e-01	1.808617035402101392e-01	8.476268860791312532e-02	3.839070661366486559e-02	9.785000873489682616e-02
1.775461668411488745e+03	1.912738256995613062e-01	1.185425474560575093e-01	2.879607996242378731e-01	1.810063386011496189e-01	8.482795150844606169e-02	3.843673376269909903e-02	9.795180334742170647e-02
1.780299438625144376e+03	1.909369027987833645e-01	1.183089919013830815e-01	2.881756573336501925e-01	1.811501413317630760e-01	8.489284541270386564e-02	3.848249659264444539e-02	9.805296462864517004e-02
1.785137208838799552e+03	1.906019425698865788e-01	1.180767978283268488e-01	2.883892777360492210e-01	1.812931166212528311e-01	8.495737229616122377e-02	3.852799661332424047e-02	9.815349633457221001e-02
1.789974979052454728e+03	1.902689335954475536e-01	1.178459572700141372e-01	2.886016681517588611e-01	1.814352693287495932e-01	8.502153412781662811e-02	3.857323532654566983e-02	9.825340219924069696e-02
1.794812749266109904e+03	1.899378645228743112e-01	1.176164623076637467e-01	2.888128358544538310e-01	1.815766042835320615e-01	8.508533287007849499e-02	3.861821422612364552e-02	9.835268593484705613e-02
1.799650519479765535e+03	1.896087240641386729e-01	1.173883050702080599e-01	2.890227880715489639e-01	1.817171262852440017e-01	8.514877047865668236e-02	3.866293479790526566e-02	9.845135123187144510e-02
1.804488289693420711e+03	1.892815009955034766e-01	1.171614777339216595e-01	2.892315319845829014e-01	1.818568401041089355e-01	8.521184890245901700e-02	3.870739851979474594e-02	9.854940175920229306e-02
1.809326059907075887e+03	1.889561841572446055e-01	1.169359725220577573e-01	2.894390747295960686e-01	1.819957504811427484e-01	8.527457008349267897e-02	3.875160686177883673e-02	9.864684116426031268e-02
1.814163830120731291e+03	1.886327624533689074e-01	1.167117817044921457e-01	2.896454233975032655e-01	1.821338621283636883e-01	8.533693595677044330e-02	3.879556128595270520e-02	9.874367307312187370e-02
1.819001600334386467e+03	1.883112248513277853e-01	1.164888975973743246e-01	2.898505850344610946e-01	1.822711797290003100e-01	8.539894845022143188e-02	3.883926324654623369e-02	9.883990109064180740e-02
1.823839370548041643e+03	1.879915603817272629e-01	1.162673125627853854e-01	2.900545666422303936e-01	1.824077079376971444e-01	8.546060948460640350e-02	3.888271418995078998e-02	9.893552880057558674e-02
1.828677140761696819e+03	1.876737581380347464e-01	1.160470190084023079e-01	2.902573751785335054e-01	1.825434513807179804e-01	8.552192097343719324e-02	3.892591555474632370e-02	9.903055976570093732e-02
1.833514910975352450e+03	1.873578072762825952e-01	1.158280093871684180e-01	2.904590175574062183e-01	1.826784146561474531e-01	8.558288482290049570e-02	3.896886877172892061e-02	9.912499752793885177e-02
1.838352681189008081e+03	1.870436970147694167e-01	1.156102761969697440e-01	2.906595006495457656e-01	1.828126023340898854e-01	8.564350293178554785e-02	3.901157526393864844e-02	9.921884560847393786e-02
1.843190451402663257e+03	1.867314166337585013e-01	1.153938119803167711e-01	2.908588312826533850e-01	1.829460189568665740e-01	8.570377719141572537e-02	3.905403644668782592e-02	9.931210750787414221e-02
1.848028221616318433e+03	1.864209554751745934e-01	1.151786093240316777e-01	2.910570162417723816e-01	1.830786690392106897e-01	8.576370948558392771e-02	3.909625372758956940e-02	9.940478670621001600e-02
1.852865991829973609e+03	1.861123029422983854e-01	1.149646608589405539e-01	2.912540622696221937e-01	1.832105570684603169e-01	8.582330169049155744e-02	3.913822850658665170e-02	9.949688666317312025e-02
1.857703762043628785e+03	1.858054484994597910e-01	1.147519592595703658e-01	2.914499760669272965e-01	1.833416875047494121e-01	8.588255567469113561e-02	3.917996217598070791e-02	9.958841081819407026e-02
1.862541532257283961e+03	1.855003816717294973e-01	1.145404972438507085e-01	2.916447642927421646e-01	1.834720647811968752e-01	8.594147329903210897e-02	3.922145612046166324e-02	9.967936259055973358e-02
1.867379302470939592e+03	1.851970920446094626e-01	1.143302675728197770e-01	2.918384335647722927e-01	1.836016933040935661e-01	8.600005641661018219e-02	3.926271171713750091e-02	9.976974537952996991e-02
1.872217072684594768e+03	1.848955692637225812e-01	1.141212630503347369e-01	2.920309904596903317e-01	1.837305774530875180e-01	8.605830687271964763e-02	3.930373033556418955e-02	9.985956256445367718e-02
1.877054842898249490e+03	1.845958030345011269e-01	1.139134765227859947e-01	2.922224415134491715e-01	1.838587215813673459e-01	8.611622650480886543e-02	3.934451333777597148e-02	9.994881750488424088e-02
1.881892613111905121e+03	1.842977831218748086e-01	1.137069008788153118e-01	2.924127932215901393e-01	1.839861300158436019e-01	8.617381714243878277e-02	3.938506207831576206e-02	1.000375135406943172e-01
1.886730383325560297e+03	1.840014993499585194e-01	1.135015290490378609e-01	2.926020520395477553e-01	1.841128070573285758e-01	8.623108060724417323e-02	3.942537790426582645e-02	1.001256539921900890e-01
1.891568153539215928e+03	1.837069416017392820e-01	1.132973540057675282e-01	2.927902243829506590e-01	1.842387569807140968e-01	8.628801871289773495e-02	3.946546215527866469e-02	1.002132421602248136e-01
1.896405923752871104e+03	1.834140998187633043e-01	1.130943687627459365e-01	2.929773166279189267e-01	1.843639840351476988e-01	8.634463326507693659e-02	3.950531616360804937e-02	1.003002813263118576e-01
1.901243693966526507e+03	1.831229640008230075e-01	1.128925663748745062e-01	2.931633351113575592e-01	1.844884924442071195e-01	8.640092606143330578e-02	3.954494125414027145e-02	1.003867747527369125e-01
1.906081464180181683e+03	1.828335242056437770e-01	1.126919399379497921e-01	2.933482861312463608e-01	1.846122864060728841e-01	8.645689889156438213e-02	3.958433874442552486e-02	1.004727256826698639e-01
1.910919234393836859e+03	1.825457705485712678e-01	1.124924825884019292e-01	2.935321759469266545e-01	1.847353700936994469e-01	8.651255353698794615e-02	3.962350994470947158e-02	1.005581373402758272e-01
1.915757004607492036e+03	1.822596932022584881e-01	1.122941875030359360e-01	2.937150107793841114e-01	1.848577476549846388e-01	8.656789177111866296e-02	3.966245615796495233e-02	1.006430129308256705e-01
1.920594774821147894e+03	1.819752823963538269e-01	1.120970478987757535e-01	2.938967968115288043e-01	1.849794232129373661e-01	8.662291535924700192e-02	3.970117867992380839e-02	1.007273556408058851e-01
1.925432545034802843e+03	1.816925284171889421e-01	1.119010570324112802e-01	2.940775401884713203e-01	1.851004008658438948e-01	8.667762605852026569e-02	3.973967879910883516e-02	1.008111686380279287e-01
1.930270315248458019e+03	1.814114216074675656e-01	1.117062082003477813e-01	2.942572470177962085e-01	1.852206846874324409e-01	8.673202561792578424e-02	3.977795779686585376e-02	1.008944550717368049e-01
1.935108085462113195e+03	1.811319523659547792e-01	1.115124947383580173e-01	2.944359233698320977e-01	1.853402787270363450e-01	8.678611577827616275e-02	3.981601694739589359e-02	1.009772180727191715e-01
1.939945855675768371e+03	1.808541111471668461e-01	1.113199100213367737e-01	2.946135752779185935e-01	1.854591870097555828e-01	8.683989827219636137e-02	3.985385751778747210e-02	1.010594607534108097e-01
1.944783625889424002e+03	1.805778884610621249e-01	1.111284474630577779e-01	2.947902087386704006e-01	1.855774135366168864e-01	8.689337482411284286e-02	3.989148076804893001e-02	1.011411862080034418e-01
1.949621396103079178e+03	1.803032748727323997e-01	1.109381005159330025e-01	2.949658297122383366e-01	1.856949622847323678e-01	8.694654715024437153e-02	3.992888795114091227e-02	1.012223975125509795e-01
1.954459166316734354e+03	1.800302610020952654e-01	1.107488626707741758e-01	2.951404441225672914e-01	1.858118372074567259e-01	8.699941695859481072e-02	3.996608031300880742e-02	1.013030977250752307e-01
1.959296936530389530e+03	1.797588375235875113e-01	1.105607274565564152e-01	2.953140578576517461e-01	1.859280422345430117e-01	8.705198594894733577e-02	4.000305909261537424e-02	1.013832898856708714e-01
1.964134706744044706e+03	1.794889951658592553e-01	1.103736884401841228e-01	2.954866767697881258e-01	1.860435812722968929e-01	8.710425581286056207e-02	4.003982552197334760e-02	1.014629770166099454e-01
1.968972476957700337e+03	1.792207247114692426e-01	1.101877392262588656e-01	2.956583066758244893e-01	1.861584582037297542e-01	8.715622823366600547e-02	4.007638082617811376e-02	1.015421621224457394e-01
1.973810247171355968e+03	1.789540169965811722e-01	1.100028734568492678e-01	2.958289533574077756e-01	1.862726768887102147e-01	8.720790488646731897e-02	4.011272622344040639e-02	1.016208481901160338e-01
1.978648017385010689e+03	1.786888629106611615e-01	1.098190848112628598e-01	2.959986225612280530e-01	1.863862411641145078e-01	8.725928743814080624e-02	4.014886292511905125e-02	1.016990381890457845e-01
1.983485787598666320e+03	1.784252533961761533e-01	1.096363670058198153e-01	2.961673199992603811e-01	1.864991548439753344e-01	8.731037754733748935e-02	4.018479213575373854e-02	1.017767350712492497e-01
1.988323557812321269e+03	1.781631794482936848e-01	1.094547137936286996e-01	2.963350513490043969e-01	1.866114217196296055e-01	8.736117686448642561e-02	4.022051505309783698e-02	1.018539417714315054e-01
1.993161328025976900e+03	1.779026321145828204e-01	1.092741189643638006e-01	2.965018222537207926e-01	1.867230455598647976e-01	8.741168703179942601e-02	4.025603286815114534e-02	1.019306612070893514e-01
1.997999098239632076e+03	1.776436024947162517e-01	1.090945763440444305e-01	2.966676383226657943e-01	1.868340301110641422e-01	8.746190968327709203e-02	4.029134676519274122e-02	1.020068962786116751e-01
2.002836868453287707e+03	1.773860817401735623e-01	1.089160797948158788e-01	2.968325051313231988e-01	1.869443790973503716e-01	8.751184644471596275e-02	4.032645792181377420e-02	1.020826498693793022e-01
2.007674638666942428e+03	1.771300610539460196e-01	1.087386232147320719e-01	2.969964282216342455e-01	1.870540962207284941e-01	8.756149893371684145e-02	4.036136750895026604e-02	1.021579248458641120e-01
2.012512408880597604e+03	1.768755316902423103e-01	1.085622005375398852e-01	2.971594131022244345e-01	1.871631851612272357e-01	8.761086875969442689e-02	4.039607669091592468e-02	1.022327240577277502e-01
2.017350179094252780e+03	1.766224849541959685e-01	1.083868057324651607e-01	2.973214652486290688e-01	1.872716495770393452e-01	8.765995752388783258e-02	4.043058662543489584e-02	1.023070503379196888e-01
2.022187949307908411e+03	1.763709122015738595e-01	1.082124328040002109e-01	2.974825901035156872e-01	1.873794931046606216e-01	8.770876681937228581e-02	4.046489846367456317e-02	1.023809065027747045e-01
2.027025719521564042e+03	1.761208048384860225e-01	1.080390757916929595e-01	2.976427930769051655e-01	1.874867193590278591e-01	8.775729823107183969e-02	4.049901335027824428e-02	1.024542953521098976e-01
2.031863489735218764e+03	1.758721543210969851e-01	1.078667287699376365e-01	2.978020795463897086e-01	1.875933319336557104e-01	8.780555333577293176e-02	4.053293242339791463e-02	1.025272196693209903e-01
2.036701259948874394e+03	1.756249521553384929e-01	1.076953858477669168e-01	2.979604548573498435e-01	1.876993344007723830e-01	8.785353370213905277e-02	4.056665681472688273e-02	1.025996822214782500e-01
2.041539030162529116e+03	1.753791898966234053e-01	1.075250411686455992e-01	2.981179243231682485e-01	1.878047303114542266e-01	8.790124089072624824e-02	4.060018764953240294e-02	1.026716857594217186e-01
2.046376800376184747e+03	1.751348591495611451e-01	1.073556889102657147e-01	2.982744932254421388e-01	1.879095231957590983e-01	8.794867645399941092e-02	4.063352604668828832e-02	1.027432330178559977e-01
2.051214570589840150e+03	1.748919515676746195e-01	1.071873232843430779e-01	2.984301668141938202e-01	1.880137165628589235e-01	8.799584193634954477e-02	4.066667311870743318e-02	1.028143267154443680e-01
2.056052340803495554e+03	1.746504588531183066e-01	1.070199385364152544e-01	2.985849503080786338e-01	1.881173139011710627e-01	8.804273887411169508e-02	4.069962997177432179e-02	1.028849695549024640e-01
2.060890111017150957e+03	1.744103727563980355e-01	1.068535289456409437e-01	2.987388488945916243e-01	1.882203186784885407e-01	8.808936879558373900e-02	4.073239770577744695e-02	1.029551642230913944e-01
2.065727881230805451e+03	1.741716850760919311e-01	1.066880888246006104e-01	2.988918677302719873e-01	1.883227343421093047e-01	8.813573322104593932e-02	4.076497741434168681e-02	1.030249133911102788e-01
2.070565651444461309e+03	1.739343876585730531e-01	1.065236125190986566e-01	2.990440119409054076e-01	1.884245643189646491e-01	8.818183366278105340e-02	4.079737018486064709e-02	1.030942197143882438e-01
2.075403421658116713e+03	1.736984723977332279e-01	1.063600944079667876e-01	2.991952866217252871e-01	1.885258120157461970e-01	8.822767162509530248e-02	4.082957709852888528e-02	1.031630858327759886e-01
2.080241191871772116e+03	1.734639312347085183e-01	1.061975289028686958e-01	2.993456968376113081e-01	1.886264808190324938e-01	8.827324860433985454e-02	4.086159923037410019e-02	1.032315143706366845e-01
2.085078962085427065e+03	1.732307561576059418e-01	1.060359104481060771e-01	2.994952476232868865e-01	1.887265740954140736e-01	8.831856608893301486e-02	4.089343764928925901e-02	1.032995079369364300e-01
2.089916732299082469e+03	1.729989392012317162e-01	1.058752335204259792e-01	2.996439439835144047e-01	1.888260951916178321e-01	8.836362555938301333e-02	4.092509341806459949e-02	1.033670691253341656e-01
2.094754502512737417e+03	1.727684724468210864e-01	1.057154926288292329e-01	2.997917908932891118e-01	1.889250474346303998e-01	8.840842848831124978e-02	4.095656759341960440e-02	1.034342005142710463e-01
2.099592272726392821e+03	1.725393480217693731e-01	1.055566823143802985e-01	2.999387932980309146e-01	1.890234341318206279e-01	8.845297634047628865e-02	4.098786122603490650e-02	1.035009046670593430e-01
2.104430042940048224e+03	1.723115580993644647e-01	1.053987971500183196e-01	3.000849561137750587e-01	1.891212585710609073e-01	8.849727057279817288e-02	4.101897536058404098e-02	1.035671841319707742e-01
2.109267813153704083e+03	1.720850948985210294e-01	1.052418317403692877e-01	3.002302842273605332e-01	1.892185240208479891e-01	8.854131263438339006e-02	4.104991103576517003e-02	1.036330414423243251e-01
2.114105583367359031e+03	1.718599506835158663e-01	1.050857807215595102e-01	3.003747824966173097e-01	1.893152337304224997e-01	8.858510396655022712e-02	4.108066928433273118e-02	1.036984791165736081e-01
2.118943353581013525e+03	1.716361177637247548e-01	1.049306387610302177e-01	3.005184557505517495e-01	1.894113909298877074e-01	8.862864600285466632e-02	4.111125113312892598e-02	1.037634996583936958e-01
2.123781123794669384e+03	1.714135884933609966e-01	1.047764005573533913e-01	3.006613087895305680e-01	1.895069988303275943e-01	8.867194016911658649e-02	4.114165760311518094e-02	1.038281055567673861e-01
2.128618894008324787e+03	1.711923552712149854e-01	1.046230608400487289e-01	3.008033463854632439e-01	1.896020606239236239e-01	8.871498788344651942e-02	4.117188970940349746e-02	1.038922992860711048e-01
2.133456664221980191e+03	1.709724105403954975e-01	1.044706143694016931e-01	3.009445732819828190e-01	1.896965794840710928e-01	8.875779055627273928e-02	4.120194846128770461e-02	1.039560833061601436e-01
2.138294434435635139e+03	1.707537467880723414e-01	1.043190559362828229e-01	3.010849941946254216e-01	1.897905585654943439e-01	8.880034959036871289e-02	4.123183486227457312e-02	1.040194600624534949e-01
2.143132204649290543e+03	1.705363565452203689e-01	1.041683803619680992e-01	3.012246138110078464e-01	1.898840010043612581e-01	8.884266638088095247e-02	4.126154991011490858e-02	1.040824319860182284e-01
2.147969974862945492e+03	1.703202323863650669e-01	1.040185824979604351e-01	3.013634367910043022e-01	1.899769099183969134e-01	8.888474231535720138e-02	4.129109459683446420e-02	1.041450014936532720e-01
2.152807745076601350e+03	1.701053669293293713e-01	1.038696572258122480e-01	3.015014677669212162e-01	1.900692884069963284e-01	8.892657877377488362e-02	4.132046990876479808e-02	1.042071709879727748e-01
2.157645515290255844e+03	1.698917528349820627e-01	1.037215994569492261e-01	3.016387113436708733e-01	1.901611395513364278e-01	8.896817712856999738e-02	4.134967682657401944e-02	1.042689428574890137e-01
2.162483285503912157e+03	1.696793828069874388e-01	1.035744041324950654e-01	3.017751720989435005e-01	1.902524664144873978e-01	8.900953874466610571e-02	4.137871632529739607e-02	1.043303194766946884e-01
2.167321055717567106e+03	1.694682495915565135e-01	1.034280662230973175e-01	3.019108545833782409e-01	1.903432720415229040e-01	8.905066497950379911e-02	4.140758937436789244e-02	1.043913032061449253e-01
2.172158825931222509e+03	1.692583459771994370e-01	1.032825807287543612e-01	3.020457633207324633e-01	1.904335594596297809e-01	8.909155718307033844e-02	4.143629693764656896e-02	1.044518963925386429e-01
2.176996596144877003e+03	1.690496647944796094e-01	1.031379426786433601e-01	3.021799028080499050e-01	1.905233316782168063e-01	8.913221669792946444e-02	4.146483997345289108e-02	1.045121013687994871e-01
2.181834366358532861e+03	1.688421989157689318e-01	1.029941471309492873e-01	3.023132775158275942e-01	1.906125916890228367e-01	8.917264485925160966e-02	4.149321943459489959e-02	1.045719204541563502e-01
2.186672136572187810e+03	1.686359412550044456e-01	1.028511891726950067e-01	3.024458918881811620e-01	1.907013424662240553e-01	8.921284299484416591e-02	4.152143626839931156e-02	1.046313559542233901e-01
2.191509906785843214e+03	1.684308847674464982e-01	1.027090639195723520e-01	3.025777503430090443e-01	1.907895869665405530e-01	8.925281242518207092e-02	4.154949141674146168e-02	1.046904101610795085e-01
2.196347676999498617e+03	1.682270224494382682e-01	1.025677665157743446e-01	3.027088572721555182e-01	1.908773281293420776e-01	8.929255446343850600e-02	4.157738581607511863e-02	1.047490853533475236e-01
2.201185447213154021e+03	1.680243473381665686e-01	1.024272921338281878e-01	3.028392170415725171e-01	1.909645688767531713e-01	8.933207041551591288e-02	4.160512039746225299e-02	1.048073837962727184e-01
2.206023217426809424e+03	1.678228525114239533e-01	1.022876359744295527e-01	3.029688339914797246e-01	1.910513121137574766e-01	8.937136158007694120e-02	4.163269608660260385e-02	1.048653077418010282e-01
2.210860987640464373e+03	1.676225310873724061e-01	1.021487932662776266e-01	3.030977124365241138e-01	1.911375607283013200e-01	8.941042924857581231e-02	4.166011380386320379e-02	1.049228594286567284e-01
2.215698757854119776e+03	1.674233762243081125e-01	1.020107592659113133e-01	3.032258566659379317e-01	1.912233175913966299e-01	8.944927470528968305e-02	4.168737446430770960e-02	1.049800410824197339e-01
2.220536528067775180e+03	1.672253811204279239e-01	1.018735292575463081e-01	3.033532709436954633e-01	1.913085855572232152e-01	8.948789922735014835e-02	4.171447897772565666e-02	1.050368549156023706e-01
2.225374298281430583e+03	1.670285390135967662e-01	1.017370985529132132e-01	3.034799595086686286e-01	1.913933674632302129e-01	8.952630408477493806e-02	4.174142824866160228e-02	1.050933031277257040e-01
2.230212068495085077e+03	1.668328431811166856e-01	1.016014624910966391e-01	3.036059265747816927e-01	1.914776661302368121e-01	8.956449054049964165e-02	4.176822317644410254e-02	1.051493879053955055e-01
2.235049838708740936e+03	1.666382869394969490e-01	1.014666164383751790e-01	3.037311763311645318e-01	1.915614843625325081e-01	8.960245985040965477e-02	4.179486465521459887e-02	1.052051114223776923e-01
2.239887608922396339e+03	1.664448636442258378e-01	1.013325557880623840e-01	3.038557129423047898e-01	1.916448249479764943e-01	8.964021326337208440e-02	4.182135357395617981e-02	1.052604758396733509e-01
2.244725379136052197e+03	1.662525666895433574e-01	1.011992759603487640e-01	3.039795405481992008e-01	1.917276906580963891e-01	8.967775202126786194e-02	4.184769081652219003e-02	1.053154833055933298e-01
2.249563149349706237e+03	1.660613895082155012e-01	1.010667724021446223e-01	3.041026632645034145e-01	1.918100842481864909e-01	8.971507735902385650e-02	4.187387726166477003e-02	1.053701359558324030e-01
2.254400919563362095e+03	1.658713255713098189e-01	1.009350405869238188e-01	3.042250851826810987e-01	1.918920084574050888e-01	8.975219050464508519e-02	4.189991378306319458e-02	1.054244359135429882e-01
2.259238689777017044e+03	1.656823683879720677e-01	1.008040760145685888e-01	3.043468103701514882e-01	1.919734660088712741e-01	8.978909267924707616e-02	4.192580124935215563e-02	1.054783852894084356e-01
2.264076459990672902e+03	1.654945115052043891e-01	1.006738742112151530e-01	3.044678428704365447e-01	1.920544596097611689e-01	8.982578509708803727e-02	4.195154052414987872e-02	1.055319861817159005e-01
