1.301360187473271253e+03	2.359145207315094805e-01	1.496216423856216449e-01	2.595100038355268035e-01	1.619807105722946561e-01	7.637702550760824827e-02	3.230357570521030786e-02	8.429252126179961890e-02
1.306197957686926657e+03	2.353224519164444917e-01	1.492040100817626225e-01	2.598917289276493348e-01	1.622350220965504963e-01	7.648797678614288609e-02	3.238126409826647817e-02	8.447754609275440196e-02
1.311035727900581833e+03	2.347335803805104815e-01	1.487890313514570184e-01	2.602711434997255768e-01	1.624878308607851374e-01	7.659838935461202314e-02	3.245857226709859128e-02	8.466145228538186907e-02
1.315873498114237009e+03	2.341479029931093359e-01	1.483766770271581492e-01	2.606482639280223168e-01	1.627391463719820297e-01	7.670826258811781762e-02	3.253550100333893469e-02	8.484424608784209287e-02
1.320711268327892412e+03	2.335654156780027912e-01	1.479669189596354295e-01	2.610231064339979534e-01	1.629889780678209221e-01	7.681759600371142194e-02	3.261205112340243711e-02	8.502593373299971446e-02
1.325549038541547588e+03	2.329861134787427901e-01	1.475597299594318401e-01	2.613956870835607016e-01	1.632373353186091502e-01	7.692638925428844920e-02	3.268822346774476195e-02	8.520652143719302518e-02
1.330386808755202765e+03	2.324099906199945109e-01	1.471550837419279556e-01	2.617660217868919559e-01	1.634842274287681974e-01	7.703464212275464018e-02	3.276401890014116886e-02	8.538601539909229654e-02
1.335224578968857941e+03	2.318370405650080068e-01	1.467529548757890712e-01	2.621341262987264553e-01	1.637296636379768910e-01	7.714235451644448072e-02	3.283943830698415195e-02	8.556442179864173769e-02
1.340062349182513572e+03	2.312672560694789825e-01	1.463533187345847919e-01	2.625000162190017083e-01	1.639736531220500892e-01	7.724952646177730975e-02	3.291448259659822406e-02	8.574174679607970972e-02
1.344900119396168748e+03	2.307006292320233354e-01	1.459561514513849911e-01	2.628637069938050685e-01	1.642162049936172763e-01	7.735615809913708174e-02	3.298915269857054938e-02	8.591799653103249224e-02
1.349737889609823924e+03	2.301371515414766256e-01	1.455614298761470360e-01	2.632252139165594529e-01	1.644573283026509181e-01	7.746224967796358496e-02	3.306344956309645311e-02	8.609317712167674497e-02
1.354575659823479100e+03	2.295768139212160108e-01	1.451691315357211409e-01	2.635845521293997407e-01	1.646970320368847940e-01	7.756780155204374971e-02	3.313737416033900318e-02	8.626729466396634849e-02
1.359413430037134731e+03	2.290196067706904426e-01	1.447792345963115068e-01	2.639417366247007735e-01	1.649353251221535033e-01	7.767281417499284635e-02	3.321092747980194243e-02	8.644035523091973816e-02
1.364251200250789907e+03	2.284655200043325396e-01	1.443917178282408675e-01	2.642967822467242600e-01	1.651722164226774592e-01	7.777728809591649695e-02	3.328411052971553402e-02	8.661236487196354028e-02
1.369088970464445310e+03	2.279145430880154255e-01	1.440065605728758635e-01	2.646497036933576630e-01	1.654077147413129112e-01	7.788122395524461894e-02	3.335692433643483445e-02	8.678332961232937404e-02
1.373926740678100487e+03	2.273666650732072692e-01	1.436237427115785725e-01	2.650005155179241401e-01	1.656418288197809841e-01	7.798462248072954295e-02	3.342936994385008187e-02	8.695325545250008614e-02
1.378764510891755890e+03	2.268218746289669130e-01	1.432432446365594358e-01	2.653492321310446100e-01	1.658745673388874742e-01	7.808748448360085248e-02	3.350144841280889435e-02	8.712214836770250381e-02
1.383602281105411066e+03	2.262801600719149819e-01	1.428650472235128976e-01	2.656958678025376219e-01	1.661059389187414248e-01	7.818981085486999272e-02	3.357316082055008394e-02	8.729001430744361134e-02
1.388440051319066470e+03	2.257415093943064555e-01	1.424891318059259004e-01	2.660404366633447593e-01	1.663359521189789469e-01	7.829160256177837562e-02	3.364450826014881574e-02	8.745685919508740247e-02
1.393277821532721646e+03	2.252059102903228582e-01	1.421154801509548482e-01	2.663829527074710324e-01	1.665646154389963107e-01	7.839286064438270862e-02	3.371549183997296639e-02	8.762268892746992444e-02
1.398115591746377049e+03	2.246733501806950362e-01	1.417440744367744754e-01	2.667234297939327092e-01	1.667919373181959708e-01	7.849358621227192634e-02	3.378611268315055705e-02	8.778750937454996017e-02
1.402953361960032225e+03	2.241438162357605735e-01	1.413748972313071117e-01	2.670618816487046465e-01	1.670179261362469969e-01	7.859378044141032693e-02	3.385637192704801096e-02	8.795132637909298945e-02
1.407791132173687402e+03	2.236172953970527733e-01	1.410079314722466337e-01	2.673983218666622363e-01	1.672425902133614084e-01	7.869344457110177826e-02	3.392627072275924277e-02	8.811414575638655544e-02
1.412628902387342805e+03	2.230937743975133225e-01	1.406431604482971387e-01	2.677327639135133053e-01	1.674659378105866347e-01	7.879257990107012277e-02	3.399581023460530871e-02	8.827597329398471915e-02
1.417466672600997981e+03	2.225732397804138507e-01	1.402805677815512075e-01	2.680652211277151920e-01	1.676879771301146294e-01	7.889118778865110426e-02	3.406499163964457622e-02	8.843681475148001958e-02
1.422304442814653157e+03	2.220556779170671236e-01	1.399201374109365625e-01	2.683957067223744497e-01	1.679087163156067763e-01	7.898926964609156998e-02	3.413381612719325331e-02	8.859667586030084419e-02
1.427142213028308333e+03	2.215410750234031723e-01	1.395618535766657564e-01	2.687242337871266762e-01	1.681281634525343405e-01	7.908682693795160423e-02	3.420228489835615976e-02	8.875556232353282171e-02
1.431979983241963964e+03	2.210294171754808301e-01	1.392057008056262202e-01	2.690508152899940830e-01	1.683463265685335442e-01	7.918386117860563844e-02	3.427039916556764987e-02	8.891347981576255832e-02
1.436817753455619140e+03	2.205206903240014282e-01	1.388516638976525219e-01	2.693754640792186961e-01	1.685632136337743836e-01	7.928037392983867948e-02	3.433816015214244399e-02	8.907043398294232917e-02
1.441655523669274316e+03	2.200148803078865734e-01	1.384997279126263525e-01	2.696981928850705201e-01	1.687788325613421569e-01	7.937636679853415922e-02	3.440556909183638268e-02	8.922643044227430986e-02
1.446493293882929493e+03	2.195119728669783776e-01	1.381498781583533342e-01	2.700190143216286143e-01	1.689931912076306497e-01	7.947184143444957494e-02	3.447262722841688831e-02	8.938147478211300179e-02
1.451331064096585123e+03	2.190119536539168466e-01	1.378021001791674971e-01	2.703379408885352442e-01	1.692062973727460062e-01	7.956679952807699241e-02	3.453933581524301633e-02	8.953557256188483804e-02
1.456168834310240300e+03	2.185148082452459395e-01	1.374563797452197922e-01	2.706549849727213908e-01	1.694181588009199269e-01	7.966124280858472018e-02	3.460569611485495717e-02	8.968872931202367949e-02
1.461006604523895703e+03	2.180205221517960978e-01	1.371127028424073413e-01	2.709701588501037817e-01	1.696287831809315250e-01	7.975517304183751821e-02	3.467170939857287804e-02	8.984095053392118779e-02
1.465844374737550879e+03	2.175290808283886212e-01	1.367710556629040675e-01	2.712834746872528902e-01	1.698381781465365670e-01	7.984859202849207971e-02	3.473737694610493087e-02	8.999224169989115951e-02
1.470682144951206283e+03	2.170404696829039970e-01	1.364314245962558181e-01	2.715949445430312914e-01	1.700463512769029573e-01	7.994150160216506595e-02	3.480270004516430871e-02	9.014260825314679426e-02
1.475519915164861459e+03	2.165546740847542062e-01	1.360937962210046204e-01	2.719045803702031527e-01	1.702533100970520519e-01	8.003390362767097421e-02	3.486767999109517679e-02	9.029205560779006434e-02
1.480357685378516862e+03	2.160716793727958940e-01	1.357581572968096506e-01	2.722123940170134704e-01	1.704590620783041910e-01	8.012579999932724351e-02	3.493231808650740233e-02	9.044058914881233924e-02
1.485195455592172038e+03	2.155914708627194309e-01	1.354244947570343027e-01	2.725183972287385514e-01	1.706636146387283948e-01	8.021719263932397537e-02	3.499661564091985366e-02	9.058821423210568213e-02
1.490033225805827215e+03	2.151140338539468122e-01	1.350927957017702130e-01	2.728226016492066863e-01	1.708669751435945572e-01	8.030808349615597974e-02	3.506057397041217882e-02	9.073493618448380538e-02
1.494870996019482618e+03	2.146393536360689525e-01	1.347630473912715676e-01	2.731250188222896225e-01	1.710691509058282211e-01	8.039847454311474517e-02	3.512419439728491771e-02	9.088076030371219916e-02
1.499708766233137567e+03	2.141674154948508269e-01	1.344352372397744633e-01	2.734256601933654496e-01	1.712701491864666581e-01	8.048836777683815447e-02	3.518747824972776050e-02	9.102569185854680889e-02
1.504546536446793198e+03	2.136982047178322963e-01	1.341093528096772569e-01	2.737245371107524528e-01	1.714699771951158080e-01	8.057776521591583641e-02	3.525042686149586907e-02	9.116973608878067847e-02
1.509384306660448374e+03	2.132317065995490424e-01	1.337853818060594779e-01	2.740216608271144327e-01	1.716686420904076082e-01	8.066666889954793307e-02	3.531304157159402546e-02	9.131289820529778223e-02
1.514222076874103550e+03	2.127679064463979808e-01	1.334633120715193189e-01	2.743170425008381041e-01	1.718661509804568777e-01	8.075508088625549252e-02	3.537532372396857971e-02	9.145518339013392062e-02
1.519059847087758726e+03	2.123067895811693584e-01	1.331431315813089156e-01	2.746106931973830156e-01	1.720625109233175909e-01	8.084300325264053011e-02	3.543727466720692637e-02	9.159659679654387487e-02
1.523897617301414357e+03	2.118483413472662114e-01	1.328248284387499589e-01	2.749026238906033814e-01	1.722577289274378198e-01	8.093043809219382934e-02	3.549889575424450966e-02	9.173714354907443191e-02
1.528735387515069533e+03	2.113925471126306133e-01	1.325083908709119851e-01	2.751928454640438781e-01	1.724518119521128434e-01	8.101738751414874762e-02	3.556018834207902435e-02	9.187682874364298813e-02
1.533573157728724709e+03	2.109393922733959481e-01	1.321938072245370799e-01	2.754813687122079080e-01	1.726447669079365366e-01	8.110385364237951422e-02	3.562115379149186079e-02	9.201565744762120469e-02
1.538410927942380113e+03	2.104888622572813617e-01	1.318810659621960646e-01	2.757682043418007156e-01	1.728366006572499558e-01	8.118983861434211913e-02	3.568179346677653047e-02	9.215363469992328416e-02
1.543248698156035516e+03	2.100409425267453223e-01	1.315701556586619525e-01	2.760533629729459149e-01	1.730273200145875934e-01	8.127534458005640505e-02	3.574210873547398887e-02	9.229076551109879900e-02
1.548086468369690692e+03	2.095956185819131401e-01	1.312610649974871868e-01	2.763368551403775908e-01	1.732169317471202730e-01	8.136037370112776668e-02	3.580210096811468901e-02	9.242705486342935040e-02
1.552924238583346096e+03	2.091528759632925727e-01	1.309537827677720867e-01	2.766186912946071441e-01	1.734054425750948536e-01	8.144492814980704154e-02	3.586177153796719919e-02	9.256250771102907116e-02
1.557762008797001272e+03	2.087127002542912835e-01	1.306482978611129830e-01	2.768988818030659327e-01	1.735928591722707415e-01	8.152901010808719096e-02	3.592112182079336413e-02	9.269712897994848710e-02
1.562599779010656675e+03	2.082750770835480603e-01	1.303445992687187749e-01	2.771774369512242098e-01	1.737791881663522386e-01	8.161262176683539704e-02	3.598015319460973194e-02	9.283092356828163971e-02
1.567437549224311852e+03	2.078399921270899786e-01	1.300426760786859148e-01	2.774543669436863591e-01	1.739644361394173111e-01	8.169576532495927135e-02	3.603886703945521214e-02	9.296389634627601206e-02
1.572275319437967255e+03	2.074074311103264456e-01	1.297425174734217201e-01	2.777296819052637589e-01	1.741486096283421936e-01	8.177844298860595385e-02	3.609726473716477063e-02	9.309605215644520260e-02
1.577113089651622431e+03	2.069773798098900330e-01	1.294441127272072667e-01	2.780033918820247751e-01	1.743317151252219144e-01	8.186065697039296429e-02	3.615534767114909898e-02	9.322739581368401363e-02
1.581950859865277607e+03	2.065498240553344245e-01	1.291474512038911227e-01	2.782755068423228284e-01	1.745137590777863235e-01	8.194240948866945984e-02	3.621311722618007073e-02	9.335793210538584352e-02
1.586788630078933011e+03	2.061247497306979426e-01	1.288525223547059562e-01	2.785460366778033658e-01	1.746947478898119854e-01	8.202370276680695516e-02	3.627057478818188074e-02	9.348766579156200796e-02
1.591626400292587959e+03	2.057021427759416488e-01	1.285593157162006617e-01	2.788149912043892398e-01	1.748746879215293260e-01	8.210453903251839491e-02	3.632772174402778415e-02	9.361660160496305949e-02
1.596464170506243590e+03	2.052819891882695369e-01	1.282678209082808996e-01	2.790823801632458800e-01	1.750535854900254484e-01	8.218492051720444058e-02	3.638455948134219214e-02	9.374474425120170318e-02
1.601301940719898766e+03	2.048642750233387599e-01	1.279780276323511656e-01	2.793482132217263159e-01	1.752314468696421490e-01	8.226484945532613891e-02	3.644108938830820099e-02	9.387209840887739132e-02
1.606139710933553943e+03	2.044489863963663556e-01	1.276899256695527285e-01	2.796124999742964357e-01	1.754082782923694073e-01	8.234432808380282021e-02	3.649731285348022797e-02	9.399866872970207010e-02
1.610977481147209119e+03	2.040361094831397992e-01	1.274035048790911617e-01	2.798752499434413177e-01	1.755840859482340199e-01	8.242335864143458812e-02	3.655323126560179603e-02	9.412445983862742505e-02
1.615815251360864750e+03	2.036256305209367123e-01	1.271187551966483087e-01	2.801364725805519651e-01	1.757588759856837379e-01	8.250194336834811015e-02	3.660884601342821731e-02	9.424947633397307012e-02
1.620653021574519926e+03	2.032175358093600559e-01	1.268356666328732951e-01	2.803961772667949992e-01	1.759326545119664353e-01	8.258008450546522328e-02	3.666415848555424489e-02	9.437372278755584709e-02
1.625490791788175102e+03	2.028118117110941920e-01	1.265542292719481765e-01	2.806543733139633678e-01	1.761054275935047819e-01	8.265778429399328608e-02	3.671917007024640134e-02	9.449720374481991592e-02
1.630328562001830505e+03	2.024084446525867553e-01	1.262744332702232797e-01	2.809110699653099008e-01	1.762772012562658641e-01	8.273504497493665288e-02	3.677388215527997023e-02	9.461992372496767778e-02
1.635166332215485909e+03	2.020074211246609686e-01	1.259962688549184084e-01	2.811662763963642120e-01	1.764479814861264484e-01	8.281186878862825673e-02	3.682829612778052569e-02	9.474188722109133654e-02
1.640004102429141085e+03	2.016087276830632047e-01	1.257197263228857498e-01	2.814200017157320044e-01	1.766177742292332764e-01	8.288825797428092668e-02	3.688241337406991671e-02	9.486309870030507074e-02
1.644841872642796488e+03	2.012123509489499307e-01	1.254447960394306782e-01	2.816722549658792762e-01	1.767865853923586972e-01	8.296421476955734287e-02	3.693623527951655355e-02	9.498356260387769145e-02
1.649679642856451665e+03	2.008182776093176414e-01	1.251714684371872388e-01	2.819230451238995960e-01	1.769544208432518306e-01	8.303974141015821320e-02	3.698976322838997549e-02	9.510328334736566080e-02
1.654517413070107068e+03	2.004264944173797525e-01	1.248997340150448387e-01	2.821723811022668338e-01	1.771212864109849017e-01	8.311484012942785271e-02	3.704299860371947778e-02	9.522226532074655470e-02
1.659355183283762244e+03	2.000369881928940330e-01	1.246295833371232065e-01	2.824202717495717940e-01	1.772871878862949946e-01	8.318951315797665225e-02	3.709594278715688115e-02	9.534051288855265038e-02
1.664192953497417420e+03	1.996497458224434085e-01	1.243610070317925226e-01	2.826667258512451375e-01	1.774521310219214498e-01	8.326376272331968698e-02	3.714859715884318014e-02	9.545803039000486101e-02
1.669030723711072824e+03	1.992647542596734100e-01	1.240939957907363361e-01	2.829117521302653149e-01	1.776161215329384313e-01	8.333759104953100683e-02	3.720096309727907030e-02	9.557482213914667013e-02
1.673868493924728000e+03	1.988820005254893497e-01	1.238285403680544211e-01	2.831553592478525672e-01	1.777791650970835524e-01	8.341100035691287329e-02	3.725304197919923621e-02	9.569089242497823278e-02
1.678706264138383403e+03	1.985014717082153601e-01	1.235646315794035333e-01	2.833975558041494924e-01	1.779412673550814783e-01	8.348399286167955402e-02	3.730483517945032412e-02	9.580624551159047653e-02
1.683544034352038352e+03	1.981231549637183231e-01	1.233022603011734997e-01	2.836383503388879568e-01	1.781024339109636423e-01	8.355657077565513402e-02	3.735634407087248809e-02	9.592088563829910541e-02
1.688381804565693983e+03	1.977470375154985194e-01	1.230414174696966567e-01	2.838777513320435708e-01	1.782626703323835216e-01	8.362873630598463559e-02	3.740757002418450272e-02	9.603481701977867324e-02
1.693219574779349159e+03	1.973731066547498580e-01	1.227820940804889571e-01	2.841157672044768434e-01	1.784219821509275272e-01	8.370049165485821119e-02	3.745851440787222042e-02	9.614804384619642097e-02
1.698057344993004335e+03	1.970013497403910185e-01	1.225242811875203869e-01	2.843524063185625672e-01	1.785803748624219256e-01	8.377183901924774301e-02	3.750917858808042876e-02	9.626057028334597532e-02
1.702895115206659511e+03	1.966317541990700579e-01	1.222679699025134153e-01	2.845876769788067140e-01	1.787378539272355404e-01	8.384278059065547462e-02	3.755956392850794828e-02	9.637240047278092248e-02
1.707732885420315142e+03	1.962643075251438163e-01	1.220131513942676466e-01	2.848215874324518948e-01	1.788944247705784030e-01	8.391331855487428604e-02	3.760967179030595686e-02	9.648353853194804874e-02
1.712570655633970318e+03	1.958989972806342850e-01	1.217598168880091036e-01	2.850541458700716624e-01	1.790500927827962940e-01	8.398345509175898782e-02	3.765950353197933947e-02	9.659398855432035913e-02
1.717408425847625494e+03	1.955358110951630479e-01	1.215079576647629112e-01	2.852853604261528786e-01	1.792048633196616503e-01	8.405319237500848140e-02	3.770906050929120901e-02	9.670375460952984614e-02
1.722246196061280898e+03	1.951747366658656557e-01	1.212575650607479183e-01	2.855152391796679789e-01	1.793587417026601405e-01	8.412253257195817513e-02	3.775834407517025815e-02	9.681284074349987001e-02
1.727083966274936301e+03	1.948157617572871536e-01	1.210086304667918750e-01	2.857437901546364678e-01	1.795117332192738280e-01	8.419147784338244789e-02	3.780735557962111582e-02	9.692125097857717808e-02
1.731921736488591478e+03	1.944588742012600679e-01	1.207611453277662589e-01	2.859710213206757001e-01	1.796638431232602806e-01	8.426003034330657726e-02	3.785609636963744445e-02	9.702898931366366053e-02
1.736759506702246881e+03	1.941040618967662945e-01	1.205151011420394630e-01	2.861969405935424482e-01	1.798150766349282670e-01	8.432819221882802141e-02	3.790456778911785451e-02	9.713605972434759261e-02
1.741597276915902057e+03	1.937513128097838044e-01	1.202704894609473163e-01	2.864215558356637548e-01	1.799654389414095390e-01	8.439596560994655494e-02	3.795277117878448347e-02	9.724246616303448831e-02
1.746435047129557461e+03	1.934006149731192226e-01	1.200273018882799941e-01	2.866448748566587379e-01	1.801149351969272838e-01	8.446335264940293963e-02	3.800070787610421164e-02	9.734821255907755155e-02
1.751272817343212637e+03	1.930519564862273885e-01	1.197855300797844164e-01	2.868669054138512919e-01	1.802635705230609120e-01	8.453035546252585242e-02	3.804837921521244531e-02	9.745330281890760005e-02
1.756110587556867813e+03	1.927053255150190381e-01	1.195451657426812586e-01	2.870876552127733516e-01	1.804113500090074040e-01	8.459697616708682089e-02	3.809578652683939110e-02	9.755774082616265608e-02
1.760948357770523216e+03	1.923607102916572442e-01	1.193062006351957582e-01	2.873071319076592189e-01	1.805582787118394095e-01	8.466321687316262501e-02	3.814293113823878645e-02	9.766153044181689891e-02
1.765786127984178393e+03	1.920180991143432547e-01	1.190686265661014959e-01	2.875253431019318406e-01	1.807043616567598487e-01	8.472907968300531778e-02	3.818981437311899652e-02	9.776467550430918696e-02
1.770623898197833569e+03	1.916774803470931710e-01	1.188324353942766254e-01	2.877422963486801488e-01	1.808496038373534065e-01	8.479456669091905985e-02	3.823643755157644236e-02	9.786717982967105267e-02
1.775461668411488745e+03	1.913388424195054116e-01	1.185976190282717196e-01	2.879579991511285741e-01	1.809940102158347219e-01	8.485967998314392080e-02	3.828280199003131906e-02	9.796904721165419772e-02
1.780299438625144376e+03	1.910021738265203217e-01	1.183641694258885796e-01	2.881724589630983990e-01	1.811375857232934150e-01	8.492442163774620301e-02	3.832890900116549260e-02	9.807028142185744701e-02
1.785137208838799552e+03	1.906674631281720655e-01	1.181320785937696322e-01	2.883856831894612838e-01	1.812803352599360873e-01	8.498879372451510761e-02	3.837475989386258945e-02	9.817088620985306435e-02
1.789974979052454728e+03	1.903346989493336361e-01	1.179013385869970426e-01	2.885976791865855762e-01	1.814222636953252976e-01	8.505279830486539572e-02	3.842035597315015399e-02	9.827086530331267944e-02
1.794812749266109904e+03	1.900038699794555919e-01	1.176719415087013887e-01	2.888084542627747386e-01	1.815633758686155397e-01	8.511643743174598931e-02	3.846569854014392914e-02	9.837022240813253493e-02
1.799650519479765535e+03	1.896749649722989650e-01	1.174438795096791471e-01	2.890180156786990584e-01	1.817036765887862226e-01	8.517971314955412321e-02	3.851078889199403138e-02	9.846896120855815060e-02
1.804488289693420711e+03	1.893479727456627293e-01	1.172171447880185069e-01	2.892263706478199192e-01	1.818431706348719312e-01	8.524262749405490946e-02	3.855562832183321437e-02	9.856708536730850179e-02
1.809326059907075887e+03	1.890228821811065218e-01	1.169917295887334119e-01	2.894335263368074673e-01	1.819818627561897439e-01	8.530518249230617522e-02	3.860021811872696440e-02	9.866459852569953171e-02
1.814163830120731291e+03	1.886996822236687854e-01	1.167676262034048895e-01	2.896394898659515049e-01	1.821197576725639145e-01	8.536738016258821338e-02	3.864455956762542777e-02	9.876150430376709477e-02
1.819001600334386467e+03	1.883783618815810801e-01	1.165448269698298872e-01	2.898442683095661665e-01	1.822568600745476664e-01	8.542922251433841818e-02	3.868865394931725321e-02	9.885780630038937256e-02
1.823839370548041643e+03	1.880589102259784817e-01	1.163233242716768673e-01	2.900478686963877673e-01	1.823931746236426288e-01	8.549071154809052830e-02	3.873250254038509977e-02	9.895350809340855425e-02
1.828677140761696819e+03	1.877413163906068994e-01	1.161031105381478135e-01	2.902502980099666008e-01	1.825287059525153022e-01	8.555184925541831076e-02	3.877610661316296253e-02	9.904861323975204523e-02
1.833514910975352450e+03	1.874255695715273395e-01	1.158841782436465656e-01	2.904515631890531857e-01	1.826634586652112202e-01	8.561263761888347756e-02	3.881946743569512220e-02	9.914312527555303733e-02
1.838352681189008081e+03	1.871116590268174784e-01	1.156665199074530803e-01	2.906516711279778509e-01	1.827974373373665307e-01	8.567307861198782126e-02	3.886258627169675295e-02	9.923704771627039900e-02
1.843190451402663257e+03	1.867995740762708468e-01	1.154501280934032148e-01	2.908506286770252136e-01	1.829306465164171613e-01	8.573317419912927784e-02	3.890546438051616790e-02	9.933038405680806593e-02
1.848028221616318433e+03	1.864893041010939889e-01	1.152349954095740342e-01	2.910484426428025517e-01	1.830630907218054604e-01	8.579292633556168113e-02	3.894810301709854955e-02	9.942313777163371002e-02
1.852865991829973609e+03	1.861808385436017899e-01	1.150211145079740593e-01	2.912451197886031240e-01	1.831947744451845328e-01	8.585233696735830589e-02	3.899050343195129692e-02	9.951531231489688101e-02
1.857703762043628785e+03	1.858741669069110813e-01	1.148084780842386077e-01	2.914406668347638840e-01	1.833257021506203011e-01	8.591140803137885251e-02	3.903266687111078825e-02	9.960691112054650964e-02
1.862541532257283961e+03	1.855692787546329159e-01	1.145970788773296584e-01	2.916350904590180315e-01	1.834558782747911510e-01	8.597014145523984574e-02	3.907459457611062864e-02	9.969793760244775871e-02
1.867379302470939592e+03	1.852661637105637027e-01	1.143869096692402831e-01	2.918283972968426787e-01	1.835853072271855790e-01	8.602853915728818357e-02	3.911628778395129930e-02	9.978839515449826336e-02
1.872217072684594768e+03	1.849648114583753167e-01	1.141779632847032683e-01	2.920205939418012431e-01	1.837139933902972866e-01	8.608660304657791973e-02	3.915774772707120849e-02	9.987828715074380248e-02
1.877054842898249490e+03	1.846652117413043748e-01	1.139702325909039554e-01	2.922116869458810107e-01	1.838419411198184694e-01	8.614433502284991884e-02	3.919897563331899842e-02	9.996761694549330390e-02
1.881892613111905121e+03	1.843673543618409016e-01	1.137637104971969126e-01	2.924016828198264251e-01	1.839691547448307762e-01	8.620173697651445366e-02	3.923997272592730928e-02	1.000563878734332807e-01
1.886730383325560297e+03	1.840712291814165513e-01	1.135583899548264081e-01	2.925905880334670472e-01	1.840956385679942409e-01	8.625881078863653628e-02	3.928074022348767430e-02	1.001446032497415595e-01
1.891568153539215928e+03	1.837768261200924680e-01	1.133542639566504917e-01	2.927784090160416852e-01	1.842213968657342715e-01	8.631555833092387220e-02	3.932127933992676794e-02	1.002322663702004679e-01
1.896405923752871104e+03	1.834841351562468137e-01	1.131513255368686438e-01	2.929651521565176386e-01	1.843464338884264753e-01	8.637198146571735402e-02	3.936159128448376426e-02	1.003193805113094111e-01
1.901243693966526507e+03	1.831931463262625459e-01	1.129495677707525597e-01	2.931508238039056136e-01	1.844707538605795949e-01	8.642808204598405319e-02	3.940167726168899293e-02	1.004059489303967823e-01
1.906081464180181683e+03	1.829038497242148620e-01	1.127489837743803625e-01	2.933354302675709735e-01	1.845943609810166142e-01	8.648386191531240441e-02	3.944153847134365676e-02	1.004919748657312761e-01
1.910919234393836859e+03	1.826162355015591432e-01	1.125495667043737991e-01	2.935189778175403275e-01	1.847172594230537535e-01	8.653932290790979087e-02	3.948117610850072207e-02	1.005774615366326202e-01
1.915757004607492036e+03	1.823302938668190099e-01	1.123513097576385039e-01	2.937014726848041768e-01	1.848394533346778557e-01	8.659446684860212795e-02	3.952059136344684975e-02	1.006624121435816255e-01
1.920594774821147894e+03	1.820460150852745984e-01	1.121542061711070098e-01	2.938829210616160648e-01	1.849609468387216626e-01	8.664929555283559792e-02	3.955978542168549217e-02	1.007468298683296959e-01
1.925432545034802843e+03	1.817633894786515880e-01	1.119582492214846181e-01	2.940633291017872297e-01	1.850817440330376762e-01	8.670381082668035533e-02	3.959875946392090590e-02	1.008307178740077414e-01
1.930270315248458019e+03	1.814824074248105601e-01	1.117634322249980577e-01	2.942427029209780387e-01	1.852018489906697707e-01	8.675801446683607809e-02	3.963751466604326784e-02	1.009140793052343554e-01
1.935108085462113195e+03	1.812030593574370796e-01	1.115697485371465458e-01	2.944210485969854241e-01	1.853212657600235846e-01	8.681190826063929500e-02	3.967605219911474190e-02	1.009969172882235339e-01
1.939945855675768371e+03	1.809253357657322758e-01	1.113771915524554984e-01	2.945983721700268787e-01	1.854399983650347472e-01	8.686549398607257277e-02	3.971437322935653103e-02	1.010792349308916732e-01
1.944783625889424002e+03	1.806492271941045058e-01	1.111857547042326144e-01	2.947746796430210647e-01	1.855580508053359112e-01	8.691877341177520200e-02	3.975247891813681739e-02	1.011610353229641102e-01
1.949621396103079178e+03	1.803747242418613506e-01	1.109954314643263606e-01	2.949499769818647033e-01	1.856754270564216214e-01	8.697174829705564547e-02	3.979037042195967405e-02	1.012423215360808842e-01
1.954459166316734354e+03	1.801018175629030271e-01	1.108062153428867602e-01	2.951242701157062998e-01	1.857921310698120443e-01	8.702442039190527723e-02	3.982804889245481622e-02	1.013230966239020564e-01
1.959296936530389530e+03	1.798304978654163278e-01	1.106180998881283184e-01	2.952975649372164835e-01	1.859081667732147281e-01	8.707679143701382851e-02	3.986551547636827536e-02	1.014033636222123336e-01
1.964134706744044706e+03	1.795607559115696694e-01	1.104310786860952243e-01	2.954698673028552935e-01	1.860235380706851682e-01	8.712886316378601337e-02	3.990277131555383661e-02	1.014831255490250966e-01
1.968972476957700337e+03	1.792925825172091980e-01	1.102451453604285925e-01	2.956411830331360235e-01	1.861382488427854864e-01	8.718063729435962528e-02	3.993981754696537129e-02	1.015623854046859703e-01
1.973810247171355968e+03	1.790259685515559474e-01	1.100602935721357589e-01	2.958115179128862904e-01	1.862523029467418878e-01	8.723211554162478565e-02	3.997665530264993966e-02	1.016411461719756298e-01
1.978648017385010689e+03	1.787609049369039971e-01	1.098765170193615331e-01	2.959808776915059392e-01	1.863657042166004529e-01	8.728329960924451070e-02	4.001328570974167081e-02	1.017194108162121080e-01
1.983485787598666320e+03	1.784973826483199077e-01	1.096938094371615324e-01	2.961492680832219504e-01	1.864784564633815422e-01	8.733419119167631917e-02	4.004970989045639196e-02	1.017971822853525610e-01
1.988323557812321269e+03	1.782353927133431826e-01	1.095121645972772090e-01	2.963166947673405716e-01	1.865905634752328124e-01	8.738479197419507516e-02	4.008592896208701406e-02	1.018744635100943402e-01
1.993161328025976900e+03	1.779749262116880892e-01	1.093315763079128894e-01	2.964831633884965623e-01	1.867020290175806785e-01	8.743510363291677467e-02	4.012194403699965300e-02	1.019512574039755787e-01
1.997999098239632076e+03	1.777159742749465643e-01	1.091520384135145488e-01	2.966486795568996082e-01	1.868128568332806383e-01	8.748512783482337296e-02	4.015775622263039607e-02	1.020275668634751387e-01
2.002836868453287707e+03	1.774585280862925329e-01	1.089735447945504032e-01	2.968132488485780152e-01	1.869230506427658756e-01	8.753486623778855558e-02	4.019336662148279005e-02	1.021033947681120740e-01
2.007674638666942428e+03	1.772025788801873114e-01	1.087960893672931667e-01	2.969768768056199604e-01	1.870326141441949752e-01	8.758432049060445312e-02	4.022877633112598161e-02	1.021787439805444259e-01
2.012512408880597604e+03	1.769481179420863970e-01	1.086196660836040162e-01	2.971395689364118575e-01	1.871415510135978066e-01	8.763349223300918867e-02	4.026398644419351691e-02	1.022536173466674775e-01
2.017350179094252780e+03	1.766951366081477293e-01	1.084442689307182767e-01	2.973013307158741680e-01	1.872498649050206021e-01	8.768238309571527167e-02	4.029899804838274480e-02	1.023280176957114956e-01
2.022187949307908411e+03	1.764436262649409504e-01	1.082698919310326330e-01	2.974621675856949365e-01	1.873575594506693698e-01	8.773099470043874137e-02	4.033381222645484460e-02	1.024019478403388334e-01
2.027025719521564042e+03	1.761935783491584417e-01	1.080965291418940349e-01	2.976220849545606062e-01	1.874646382610521966e-01	8.777932865992907341e-02	4.036843005623545061e-02	1.024754105767405332e-01
2.031863489735218764e+03	1.759449843473271935e-01	1.079241746553900733e-01	2.977810881983846691e-01	1.875711049251204132e-01	8.782738657799980808e-02	4.040285261061583866e-02	1.025484086847323478e-01
2.036701259948874394e+03	1.756978357955226167e-01	1.077528225981409515e-01	2.979391826605336524e-01	1.876769630104083431e-01	8.787517004955983091e-02	4.043708095755468163e-02	1.026209449278502189e-01
2.041539030162529116e+03	1.754521242790834101e-01	1.075824671310929986e-01	2.980963736520509944e-01	1.877822160631720250e-01	8.792268066064529153e-02	4.047111616008038093e-02	1.026930220534451599e-01
2.046376800376184747e+03	1.752078414323278432e-01	1.074131024493134856e-01	2.982526664518787007e-01	1.878868676085266032e-01	8.796991998845210547e-02	4.050495927629388371e-02	1.027646427927776523e-01
2.051214570589840150e+03	1.749649789382715648e-01	1.072447227817871496e-01	2.984080663070764472e-01	1.879909211505825517e-01	8.801688960136905271e-02	4.053861135937203430e-02	1.028358098611115018e-01
2.056052340803495554e+03	1.747235285283467443e-01	1.070773223912139943e-01	2.985625784330387944e-01	1.880943801725809550e-01	8.806359105901140349e-02	4.057207345757143924e-02	1.029065259578070129e-01
2.060890111017150957e+03	1.744834819821226291e-01	1.069108955738084926e-01	2.987162080137101272e-01	1.881972481370273731e-01	8.811002591225505776e-02	4.060534661423283870e-02	1.029767937664138461e-01
2.065727881230805451e+03	1.742448311270276551e-01	1.067454366591002596e-01	2.988689602017974289e-01	1.882995284858248186e-01	8.815619570327111465e-02	4.063843186778588051e-02	1.030466159547631932e-01
2.070565651444461309e+03	1.740075678380728075e-01	1.065809400097360443e-01	2.990208401189812792e-01	1.884012246404054847e-01	8.820210196556101112e-02	4.067133025175442840e-02	1.031159951750593995e-01
2.075403421658116713e+03	1.737716840375765348e-01	1.064174000212830956e-01	2.991718528561240209e-01	1.885023400018613904e-01	8.824774622399192414e-02	4.070404279476229348e-02	1.031849340639711538e-01
2.080241191871772116e+03	1.735371716948911625e-01	1.062548111220338320e-01	2.993220034734770940e-01	1.886028779510741660e-01	8.829312999483268642e-02	4.073657052053938910e-02	1.032534352427220831e-01
2.085078962085427065e+03	1.733040228261304716e-01	1.060931677728117889e-01	2.994712970008854835e-01	1.887028418488434500e-01	8.833825478579004908e-02	4.076891444792833663e-02	1.033215013171808472e-01
2.089916732299082469e+03	1.730722294938991657e-01	1.059324644667790360e-01	2.996197384379902795e-01	1.888022350360145374e-01	8.838312209604527736e-02	4.080107559089145297e-02	1.033891348779506780e-01
2.094754502512737417e+03	1.728417838070233636e-01	1.057726957292446091e-01	2.997673327544299604e-01	1.889010608336047503e-01	8.842773341629109329e-02	4.083305495851816125e-02	1.034563385004584335e-01
2.099592272726392821e+03	1.726126779202827588e-01	1.056138561174743973e-01	2.999140848900393452e-01	1.889993225429290324e-01	8.847209022876892370e-02	4.086485355503275546e-02	1.035231147450431655e-01
2.104430042940048224e+03	1.723849040341442207e-01	1.054559402205021978e-01	3.000599997550465470e-01	1.890970234457244326e-01	8.851619400730634246e-02	4.089647237980258837e-02	1.035894661570440772e-01
2.109267813153704083e+03	1.721584543944967016e-01	1.052989426589420741e-01	3.002050822302684274e-01	1.891941668042735614e-01	8.856004621735498461e-02	4.092791242734659246e-02	1.036553952668880368e-01
2.114105583367359031e+03	1.719333212923878362e-01	1.051428580848018102e-01	3.003493371673044976e-01	1.892907558615271046e-01	8.860364831602844660e-02	4.095917468734415479e-02	1.037209045901765769e-01
2.118943353581013525e+03	1.717094970637616513e-01	1.049876811812976568e-01	3.004927693887282647e-01	1.893867938412254759e-01	8.864700175214063060e-02	4.099026014464435264e-02	1.037859966277723811e-01
2.123781123794669384e+03	1.714869740891980243e-01	1.048334066626702837e-01	3.006353836882778019e-01	1.894822839480193311e-01	8.869010796624415827e-02	4.102116977927550145e-02	1.038506738658852846e-01
2.128618894008324787e+03	1.712657447936535293e-01	1.046800292740018151e-01	3.007771848310438201e-01	1.895772293675894171e-01	8.873296839066900643e-02	4.105190456645505664e-02	1.039149387761577337e-01
2.133456664221980191e+03	1.710458016462034214e-01	1.045275437910341415e-01	3.009181775536566850e-01	1.896716332667651717e-01	8.877558444956137884e-02	4.108246547659979292e-02	1.039787938157497593e-01
2.138294434435635139e+03	1.708271371597853971e-01	1.043759450199882866e-01	3.010583665644715468e-01	1.897654987936426563e-01	8.881795755892263333e-02	4.111285347533630979e-02	1.040422414274235346e-01
2.143132204649290543e+03	1.706097438909446873e-01	1.042252277973849395e-01	3.011977565437516935e-01	1.898588290777014354e-01	8.886008912664844495e-02	4.114306952351181462e-02	1.041052840396273077e-01
2.147969974862945492e+03	1.703936144395806485e-01	1.040753869898662087e-01	3.013363521438505166e-01	1.899516272299207886e-01	8.890198055256798293e-02	4.117311457720523871e-02	1.041679240665789458e-01
2.152807745076601350e+03	1.701787414486944094e-01	1.039264174940183472e-01	3.014741579893919776e-01	1.900438963428947303e-01	8.894363322848333753e-02	4.120298958773853382e-02	1.042301639083489800e-01
2.157645515290255844e+03	1.699651176041383771e-01	1.037783142361957123e-01	3.016111786774493542e-01	1.901356394909464731e-01	8.898504853820894678e-02	4.123269550168836423e-02	1.042920059509430952e-01
2.162483285503912157e+03	1.697527356343670468e-01	1.036310721723456979e-01	3.017474187777224315e-01	1.902268597302417819e-01	8.902622785761114821e-02	4.126223326089793059e-02	1.043534525663842444e-01
2.167321055717567106e+03	1.695415883101890342e-01	1.034846862878348595e-01	3.018828828327136393e-01	1.903175600989016336e-01	8.906717255464778604e-02	4.129160380248914769e-02	1.044145061127942087e-01
2.172158825931222509e+03	1.693316684445206610e-01	1.033391515972761077e-01	3.020175753579019684e-01	1.904077436171140170e-01	8.910788398940787391e-02	4.132080805887498182e-02	1.044751689344746853e-01
2.176996596144877003e+03	1.691229688921409569e-01	1.031944631443569016e-01	3.021515008419162762e-01	1.904974132872448156e-01	8.914836351415134086e-02	4.134984695777208646e-02	1.045354433619880147e-01
2.181834366358532861e+03	1.689154825494479373e-01	1.030506160016685380e-01	3.022846637467061504e-01	1.905865720939480534e-01	8.918861247334877729e-02	4.137872142221364624e-02	1.045953317122372273e-01
2.186672136572187810e+03	1.687092023542163532e-01	1.029076052705365368e-01	3.024170685077127718e-01	1.906752230042751683e-01	8.922863220372126425e-02	4.140743237056241505e-02	1.046548362885458133e-01
2.191509906785843214e+03	1.685041212853569115e-01	1.027654260808519432e-01	3.025487195340368918e-01	1.907633689677835087e-01	8.926842403428014716e-02	4.143598071652399017e-02	1.047139593807369651e-01
2.196347676999498617e+03	1.683002323626765495e-01	1.026240735909038221e-01	3.026796212086063642e-01	1.908510129166441083e-01	8.930798928636683731e-02	4.146436736916029459e-02	1.047727032652123330e-01
2.201185447213154021e+03	1.680975286466405427e-01	1.024835429872126419e-01	3.028097778883421243e-01	1.909381577657486839e-01	8.934732927369265498e-02	4.149259323290323959e-02	1.048310702050303383e-01
2.206023217426809424e+03	1.678960032381355827e-01	1.023438294843647678e-01	3.029391939043227788e-01	1.910248064128157730e-01	8.938644530237864483e-02	4.152065920756858874e-02	1.048890624499840413e-01
2.210860987640464373e+03	1.676956492782344377e-01	1.022049283248478296e-01	3.030678735619478092e-01	1.911109617384962323e-01	8.942533867099534961e-02	4.154856618837001608e-02	1.049466822366785512e-01
2.215698757854119776e+03	1.674964599479617511e-01	1.020668347788872971e-01	3.031958211410996085e-01	1.911966266064777653e-01	8.946401067060252843e-02	4.157631506593330306e-02	1.050039317886079654e-01
2.220536528067775180e+03	1.672984284680614220e-01	1.019295441442838457e-01	3.033230408963042413e-01	1.912818038635890616e-01	8.950246258478895822e-02	4.160390672631077841e-02	1.050608133162319047e-01
2.225374298281430583e+03	1.671015480987652901e-01	1.017930517462518059e-01	3.034495370568908168e-01	1.913664963399028807e-01	8.954069568971205484e-02	4.163134205099582041e-02	1.051173290170515362e-01
2.230212068495085077e+03	1.669058121395629868e-01	1.016573529372585966e-01	3.035753138271499174e-01	1.914507068488383867e-01	8.957871125413753577e-02	4.165862191693762984e-02	1.051734810756852073e-01
2.235049838708740936e+03	1.667112139289731731e-01	1.015224430968650754e-01	3.037003753864901401e-01	1.915344381872632062e-01	8.961651053947894408e-02	4.168574719655605831e-02	1.052292716639436493e-01
2.239887608922396339e+03	1.665177468443162501e-01	1.013883176315668599e-01	3.038247258895944714e-01	1.916176931355940971e-01	8.965409479983722785e-02	4.171271875775666577e-02	1.052847029409046814e-01
2.244725379136052197e+03	1.663254043014882888e-01	1.012549719746366622e-01	3.039483694665742197e-01	1.917004744578975628e-01	8.969146528204013924e-02	4.173953746394586106e-02	1.053397770529875266e-01
2.249563149349706237e+03	1.661341797547360721e-01	1.011224015859674974e-01	3.040713102231229481e-01	1.917827849019892728e-01	8.972862322568161964e-02	4.176620417404618146e-02	1.053944961340266689e-01
2.254400919563362095e+03	1.659440666964337729e-01	1.009906019519168641e-01	3.041935522406684078e-01	1.918646271995330665e-01	8.976556986316105990e-02	4.179271974251176636e-02	1.054488623053453089e-01
2.259238689777017044e+03	1.657550586568607431e-01	1.008595685851518958e-01	3.043150995765236955e-01	1.919460040661391809e-01	8.980230641972251904e-02	4.181908501934385181e-02	1.055028776758283743e-01
2.264076459990672902e+03	1.655671492039805792e-01	1.007292970244953595e-01	3.044359562640371331e-01	1.920269182014618103e-01	8.983883411349380399e-02	4.184530085010650102e-02	1.055565443419950872e-01
