1.001418434226643626e+03	2.858542346121994981e-01	1.700633486195031185e-01	2.338159503678922668e-01	1.423463888289242529e-01	6.964280390363485063e-02	2.791782254149117320e-02	7.035945112630720422e-02
1.002869765290740247e+03	2.855906794354530764e-01	1.699049417277009033e-01	2.339914559069152244e-01	1.424556230645639410e-01	6.968816082684085866e-02	2.794180101937511831e-02	7.042733801910330826e-02
1.004321096354836754e+03	2.853275798641405347e-01	1.697468086784388874e-01	2.341666528474284359e-01	1.425646657810021589e-01	6.973343881396526500e-02	2.796574275935396342e-02	7.049511125562323011e-02
1.005772427418933376e+03	2.850649351099391882e-01	1.695889489978541220e-01	2.343415417248573551e-01	1.426735173339032103e-01	6.977863800697987895e-02	2.798964782256266326e-02	7.056277100385600909e-02
1.007223758483029997e+03	2.848027443858951457e-01	1.694313622129067498e-01	2.345161230737005664e-01	1.427821780781148020e-01	6.982375854756663058e-02	2.801351627002866135e-02	7.063031743173989185e-02
1.008675089547126618e+03	2.845410069064208125e-01	1.692740478513785063e-01	2.346903974275311444e-01	1.428906483676711248e-01	6.986880057711840342e-02	2.803734816267210855e-02	7.069775070716037557e-02
1.010126420611223239e+03	2.842797218872924470e-01	1.691170054418713597e-01	2.348643653189984859e-01	1.429989285557958512e-01	6.991376423673992258e-02	2.806114356130607820e-02	7.076507099794836220e-02
1.011577751675319632e+03	2.840188885456477741e-01	1.689602345138060124e-01	2.350380272798297809e-01	1.431070189949053273e-01	6.995864966724861522e-02	2.808490252663678119e-02	7.083227847187824333e-02
1.013029082739416367e+03	2.837585060999837649e-01	1.688037345974203185e-01	2.352113838408316782e-01	1.432149200366114594e-01	7.000345700917548486e-02	2.810862511926376373e-02	7.089937329666605448e-02
1.014480413803512761e+03	2.834985737701539166e-01	1.686475052237680905e-01	2.353844355318918669e-01	1.433226320317249336e-01	7.004818640276591624e-02	2.813231139968014327e-02	7.096635563996762930e-02
1.015931744867609382e+03	2.832390907773661981e-01	1.684915459247174896e-01	2.355571828819806035e-01	1.434301553302579357e-01	7.009283798798059129e-02	2.815596142827279935e-02	7.103322566937682325e-02
1.017383075931706003e+03	2.829800563441804417e-01	1.683358562329496100e-01	2.357296264191524326e-01	1.435374902814274545e-01	7.013741190449626628e-02	2.817957526532259213e-02	7.109998355242361234e-02
1.018834406995802851e+03	2.827214696945060113e-01	1.681804356819570911e-01	2.359017666705476857e-01	1.436446372336579458e-01	7.018190829170666001e-02	2.820315297100456711e-02	7.116662945657241390e-02
1.020285738059899245e+03	2.824633300535993596e-01	1.680252838060426468e-01	2.360736041623940906e-01	1.437515965345844693e-01	7.022632728872325869e-02	2.822669460538817024e-02	7.123316354922029636e-02
1.021737069123995752e+03	2.822056366480619749e-01	1.678704001403176216e-01	2.362451394200083543e-01	1.438583685310555749e-01	7.027066903437617640e-02	2.825020022843745954e-02	7.129958599769521677e-02
1.023188400188092373e+03	2.819483887058374383e-01	1.677157842207006311e-01	2.364163729677977166e-01	1.439649535691361337e-01	7.031493366721493221e-02	2.827366990001129940e-02	7.136589696925427218e-02
1.024639731252188767e+03	2.816915854562095922e-01	1.675614355839160075e-01	2.365873053292615324e-01	1.440713519941103082e-01	7.035912132550935227e-02	2.829710367986357916e-02	7.143209663108206209e-02
1.026091062316285615e+03	2.814352261297999314e-01	1.674073537674925505e-01	2.367579370269929373e-01	1.441775641504844108e-01	7.040323214725029144e-02	2.832050162764342474e-02	7.149818515028895372e-02
1.027542393380382237e+03	2.811793099585652156e-01	1.672535383097619455e-01	2.369282685826802903e-01	1.442835903819896792e-01	7.044726627015052145e-02	2.834386380289538598e-02	7.156416269390945828e-02
1.028993724444478858e+03	2.809238361757952496e-01	1.670999887498575143e-01	2.370983005171088120e-01	1.443894310315852747e-01	7.049122383164550809e-02	2.836719026505965871e-02	7.163002942890048241e-02
1.030445055508575479e+03	2.806688040161104958e-01	1.669467046277126054e-01	2.372680333501621663e-01	1.444950864414609182e-01	7.053510496889422998e-02	2.839048107347228941e-02	7.169578552213977385e-02
1.031896386572671872e+03	2.804142127154596320e-01	1.667936854840593452e-01	2.374374676008239871e-01	1.446005569530398605e-01	7.057890981877996961e-02	2.841373628736536608e-02	7.176143114042431159e-02
1.033347717636768493e+03	2.801600615111174419e-01	1.666409308604271389e-01	2.376066037871794601e-01	1.447058429069815189e-01	7.062263851791111824e-02	2.843695596586724023e-02	7.182696645046865447e-02
1.034799048700865114e+03	2.799063496416820396e-01	1.664884402991412826e-01	2.377754424264168220e-01	1.448109446431843084e-01	7.066629120262196695e-02	2.846014016800271773e-02	7.189239161890338681e-02
1.036250379764961508e+03	2.796530763470730929e-01	1.663362133433216317e-01	2.379439840348289981e-01	1.449158625007884726e-01	7.070986800897348379e-02	2.848328895269326352e-02	7.195770681227355026e-02
1.037701710829058356e+03	2.794002408685292149e-01	1.661842495368810735e-01	2.381122291278151837e-01	1.450205968181786098e-01	7.075336907275413256e-02	2.850640237875720628e-02	7.202291219703713110e-02
1.039153041893154750e+03	2.791478424486054655e-01	1.660325484245241956e-01	2.382801782198822327e-01	1.451251479329866423e-01	7.079679452948059448e-02	2.852948050490995008e-02	7.208800793956345043e-02
1.040604372957251599e+03	2.788958803311714085e-01	1.658811095517459810e-01	2.384478318246463224e-01	1.452295161820942870e-01	7.084014451439861471e-02	2.855252338976415477e-02	7.215299420613172088e-02
1.042055704021347992e+03	2.786443537614085586e-01	1.657299324648301986e-01	2.386151904548345637e-01	1.453337019016359144e-01	7.088341916248372399e-02	2.857553109182994766e-02	7.221787116292950615e-02
1.043507035085444613e+03	2.783932619858082158e-01	1.655790167108482092e-01	2.387822546222864162e-01	1.454377054270011571e-01	7.092661860844204358e-02	2.859850366951512471e-02	7.228263897605129162e-02
1.044958366149541234e+03	2.781426042521689679e-01	1.654283618376574949e-01	2.389490248379552151e-01	1.455415270928374361e-01	7.096974298671102077e-02	2.862144118112535177e-02	7.234729781149694394e-02
1.046409697213637855e+03	2.778923798095945252e-01	1.652779673939002714e-01	2.391155016119098364e-01	1.456451672330529024e-01	7.101279243146021991e-02	2.864434368486435886e-02	7.241184783517032320e-02
1.047861028277734476e+03	2.776425879084913895e-01	1.651278329290021551e-01	2.392816854533361681e-01	1.457486261808187411e-01	7.105576707659207181e-02	2.866721123883413797e-02	7.247628921287782577e-02
1.049312359341831097e+03	2.773932278005666330e-01	1.649779579931707207e-01	2.394475768705385810e-01	1.458519042685718914e-01	7.109866705574259538e-02	2.869004390103514074e-02	7.254062211032695495e-02
1.050763690405927491e+03	2.771442987388255674e-01	1.648283421373941404e-01	2.396131763709414830e-01	1.459550018280177108e-01	7.114149250228216093e-02	2.871284172936649018e-02	7.260484669312496087e-02
1.052215021470024112e+03	2.768957999775693568e-01	1.646789849134398798e-01	2.397784844610909849e-01	1.460579191901323903e-01	7.118424354931630893e-02	2.873560478162615409e-02	7.266896312677742498e-02
1.053666352534120733e+03	2.766477307723929635e-01	1.645298858738531711e-01	2.399435016466562043e-01	1.461606566851657296e-01	7.122692032968640230e-02	2.875833311551115670e-02	7.273297157668688617e-02
1.055117683598217127e+03	2.764000903801825948e-01	1.643810445719558477e-01	2.401082284324309590e-01	1.462632146426434687e-01	7.126952297597037578e-02	2.878102678861777647e-02	7.279687220815148074e-02
1.056569014662313975e+03	2.761528780591137044e-01	1.642324605618447619e-01	2.402726653223351549e-01	1.463655933913699247e-01	7.131205162048354085e-02	2.880368585844172297e-02	7.286066518636366562e-02
1.058020345726410369e+03	2.759060930686486057e-01	1.640841333983906192e-01	2.404368128194164511e-01	1.464677932594304899e-01	7.135450639527922412e-02	2.882631038237835897e-02	7.292435067640878898e-02
1.059471676790506763e+03	2.756597346695339734e-01	1.639360626372365071e-01	2.406006714258515922e-01	1.465698145741941016e-01	7.139688743214958611e-02	2.884890041772286695e-02	7.298792884326386898e-02
1.060923007854603611e+03	2.754138021237991785e-01	1.637882478347965076e-01	2.407642416429481014e-01	1.466716576623157409e-01	7.143919486262625962e-02	2.887145602167047118e-02	7.305139985179624762e-02
1.062374338918700232e+03	2.751682946947534014e-01	1.636406885482544205e-01	2.409275239711456129e-01	1.467733228497389575e-01	7.148142881798114079e-02	2.889397725131660072e-02	7.311476386676231398e-02
1.063825669982796853e+03	2.749232116469838560e-01	1.634933843355624028e-01	2.410905189100174817e-01	1.468748104616982020e-01	7.152358942922708296e-02	2.891646416365710459e-02	7.317802105280629688e-02
1.065277001046893474e+03	2.746785522463532359e-01	1.633463347554395817e-01	2.412532269582723377e-01	1.469761208227213511e-01	7.156567682711860445e-02	2.893891681558843909e-02	7.324117157445893256e-02
1.066728332110990095e+03	2.744343157599976046e-01	1.631995393673706385e-01	2.414156486137554181e-01	1.470772542566320673e-01	7.160769114215261022e-02	2.896133526390785168e-02	7.330421559613627125e-02
1.068179663175086489e+03	2.741905014563241760e-01	1.630529977316046431e-01	2.415777843734502051e-01	1.471782110865523518e-01	7.164963250456907184e-02	2.898371956531358568e-02	7.336715328213845588e-02
1.069630994239183110e+03	2.739471086050089266e-01	1.629067094091535273e-01	2.417396347334798967e-01	1.472789916349047656e-01	7.169150104435176307e-02	2.900606977640505374e-02	7.342998479664847311e-02
1.071082325303279504e+03	2.737041364769947083e-01	1.627606739617908915e-01	2.419012001891087948e-01	1.473795962234149548e-01	7.173329689122898145e-02	2.902838595368303909e-02	7.349271030373101532e-02
1.072533656367376352e+03	2.734615843444886951e-01	1.626148909520505337e-01	2.420624812347439425e-01	1.474800251731138712e-01	7.177502017467415896e-02	2.905066815354988979e-02	7.355532996733127327e-02
1.073984987431472746e+03	2.732194514809602737e-01	1.624693599432251723e-01	2.422234783639365674e-01	1.475802788043402980e-01	7.181667102390666690e-02	2.907291643230969225e-02	7.361784395127375646e-02
1.075436318495569594e+03	2.729777371611386561e-01	1.623240804993652253e-01	2.423841920693834417e-01	1.476803574367430150e-01	7.185824956789241269e-02	2.909513084616847586e-02	7.368025241926115521e-02
1.076887649559666215e+03	2.727364406610111591e-01	1.621790521852772560e-01	2.425446228429285478e-01	1.477802613892832406e-01	7.189975593534457532e-02	2.911731145123439002e-02	7.374255553487316095e-02
1.078338980623762609e+03	2.724955612578205399e-01	1.620342745665227235e-01	2.427047711755644377e-01	1.478799909802369361e-01	7.194119025472431317e-02	2.913945830351789834e-02	7.380475346156541161e-02
1.079790311687859230e+03	2.722550982300629974e-01	1.618897472094168455e-01	2.428646375574337601e-01	1.479795465271970534e-01	7.198255265424136073e-02	2.916157145893196606e-02	7.386684636266832582e-02
1.081241642751955851e+03	2.720150508574857295e-01	1.617454696810270154e-01	2.430242224778306759e-01	1.480789283470758944e-01	7.202384326185479191e-02	2.918365097329224736e-02	7.392883440138597884e-02
1.082692973816052472e+03	2.717754184210849910e-01	1.616014415491715261e-01	2.431835264252024120e-01	1.481781367561073037e-01	7.206506220527365836e-02	2.920569690231725885e-02	7.399071774079511721e-02
1.084144304880149093e+03	2.715362002031040389e-01	1.614576623824184320e-01	2.433425498871506498e-01	1.482771720698490003e-01	7.210620961195765566e-02	2.922770930162858077e-02	7.405249654384392366e-02
1.085595635944245487e+03	2.712973954870305238e-01	1.613141317500840777e-01	2.435012933504330235e-01	1.483760346031847421e-01	7.214728560911777555e-02	2.924968822675104094e-02	7.411417097335108728e-02
1.087046967008342108e+03	2.710590035575944912e-01	1.611708492222317934e-01	2.436597573009646744e-01	1.484747246703266854e-01	7.218829032371705534e-02	2.927163373311288813e-02	7.417574119200474880e-02
1.088498298072438729e+03	2.708210237007663279e-01	1.610278143696705910e-01	2.438179422238194727e-01	1.485732425848174942e-01	7.222922388247113301e-02	2.929354587604598645e-02	7.423720736236133488e-02
1.089949629136535123e+03	2.705834552037543750e-01	1.608850267639539144e-01	2.439758486032317653e-01	1.486715886595326164e-01	7.227008641184894111e-02	2.931542471078599915e-02	7.429856964684471154e-02
1.091400960200631971e+03	2.703462973550030957e-01	1.607424859773782522e-01	2.441334769225976253e-01	1.487697632066823650e-01	7.231087803807341452e-02	2.933727029247256909e-02	7.435982820774500457e-02
1.092852291264728365e+03	2.701095494441904665e-01	1.606001915829818327e-01	2.442908276644763788e-01	1.488677665378143056e-01	7.235159888712205944e-02	2.935908267614949566e-02	7.442098320721771132e-02
1.094303622328825213e+03	2.698732107622262566e-01	1.604581431545434589e-01	2.444479013105921028e-01	1.489655989638152267e-01	7.239224908472768893e-02	2.938086191676493597e-02	7.448203480728264603e-02
1.095754953392921607e+03	2.696372806012494183e-01	1.603163402665809811e-01	2.446046983418349308e-01	1.490632607949134159e-01	7.243282875637899187e-02	2.940260806917156453e-02	7.454298316982302386e-02
1.097206284457018228e+03	2.694017582546262557e-01	1.601747824943502430e-01	2.447612192382626062e-01	1.491607523406807967e-01	7.247333802732121300e-02	2.942432118812676398e-02	7.460382845658443396e-02
1.098657615521114849e+03	2.691666430169482038e-01	1.600334694138436376e-01	2.449174644791019262e-01	1.492580739100349829e-01	7.251377702255683289e-02	2.944600132829281250e-02	7.466457082917392352e-02
1.100108946585211470e+03	2.689319341840296085e-01	1.598924006017887756e-01	2.450734345427501570e-01	1.493552258112415265e-01	7.255414586684610923e-02	2.946764854423706073e-02	7.472521044905902632e-02
1.101560277649308091e+03	2.686976310529056722e-01	1.597515756356473748e-01	2.452291299067764774e-01	1.494522083519159161e-01	7.259444468470778455e-02	2.948926289043210178e-02	7.478574747756691621e-02
1.103011608713404712e+03	2.684637329218302337e-01	1.596109940936137894e-01	2.453845510479234215e-01	1.495490218390257697e-01	7.263467360041972465e-02	2.951084442125596896e-02	7.484618207588332461e-02
1.104462939777501106e+03	2.682302390902737699e-01	1.594706555546138438e-01	2.455396984421082673e-01	1.496456665788927776e-01	7.267483273801948751e-02	2.953239319099229890e-02	7.490651440505179115e-02
1.105914270841597499e+03	2.679971488589210638e-01	1.593305595983035006e-01	2.456945725644245071e-01	1.497421428771950058e-01	7.271492222130501726e-02	2.955390925383051884e-02	7.496674462597269217e-02
1.107365601905694348e+03	2.677644615296691510e-01	1.591907058050675283e-01	2.458491738891432909e-01	1.498384510389687008e-01	7.275494217383519924e-02	2.957539266386602708e-02	7.502687289940238036e-02
1.108816932969790741e+03	2.675321764056253770e-01	1.590510937560183913e-01	2.460035028897148146e-01	1.499345913686105647e-01	7.279489271893055391e-02	2.959684347510035951e-02	7.508689938595226876e-02
1.110268264033887590e+03	2.673002927911050097e-01	1.589117230329947228e-01	2.461575600387697627e-01	1.500305641698796433e-01	7.283477397967380584e-02	2.961826174144138388e-02	7.514682424608803979e-02
1.111719595097984211e+03	2.670688099916292413e-01	1.587725932185602984e-01	2.463113458081207241e-01	1.501263697458994073e-01	7.287458607891049434e-02	2.963964751670345593e-02	7.520664764012871539e-02
1.113170926162080832e+03	2.668377273139230788e-01	1.586337038960026480e-01	2.464648606687636356e-01	1.502220083991598898e-01	7.291432913924961179e-02	2.966100085460761718e-02	7.526636972824587990e-02
1.114622257226177226e+03	2.666070440659134011e-01	1.584950546493317791e-01	2.466181050908790862e-01	1.503174804315194069e-01	7.295400328306420046e-02	2.968232180878176141e-02	7.532599067046279184e-02
1.116073588290273847e+03	2.663767595567264612e-01	1.583566450632789280e-01	2.467710795438338434e-01	1.504127861442068337e-01	7.299360863249197695e-02	2.970361043276080817e-02	7.538551062665357905e-02
1.117524919354370468e+03	2.661468730966861096e-01	1.582184747232953104e-01	2.469237844961823525e-01	1.505079258378234641e-01	7.303314530943590122e-02	2.972486677998687626e-02	7.544492975654247535e-02
1.118976250418467089e+03	2.659173839973115738e-01	1.580805432155507895e-01	2.470762204156678743e-01	1.506028998123449814e-01	7.307261343556480104e-02	2.974609090380946411e-02	7.550424821970294631e-02
1.120427581482563710e+03	2.656882915713155158e-01	1.579428501269327378e-01	2.472283877692240672e-01	1.506977083671235396e-01	7.311201313231398269e-02	2.976728285748563366e-02	7.556346617555696754e-02
1.121878912546660331e+03	2.654595951326017556e-01	1.578053950450447329e-01	2.473802870229764306e-01	1.507923518008894570e-01	7.315134452088579986e-02	2.978844269418016305e-02	7.562258378337419207e-02
1.123330243610756725e+03	2.652312939962631066e-01	1.576681775582051692e-01	2.475319186422436091e-01	1.508868304117534365e-01	7.319060772225023659e-02	2.980957046696573048e-02	7.568160120227121479e-02
1.124781574674853118e+03	2.650033874785795995e-01	1.575311972554463147e-01	2.476832830915388084e-01	1.509811444972083416e-01	7.322980285714555948e-02	2.983066622882309463e-02	7.574051859121079533e-02
1.126232905738949967e+03	2.647758748970163722e-01	1.573944537265126731e-01	2.478343808345711829e-01	1.510752943541311399e-01	7.326893004607885895e-02	2.985173003264124728e-02	7.579933610900110863e-02
1.127684236803046360e+03	2.645487555702211169e-01	1.572579465618600403e-01	2.479852123342473069e-01	1.511692802787849010e-01	7.330798940932660435e-02	2.987276193121761805e-02	7.585805391429500943e-02
1.129135567867143209e+03	2.643220288180226363e-01	1.571216753526541166e-01	2.481357780526724233e-01	1.512631025668205176e-01	7.334698106693529618e-02	2.989376197725821666e-02	7.591667216558931064e-02
1.130586898931239830e+03	2.640956939614284571e-01	1.569856396907692853e-01	2.482860784511520258e-01	1.513567615132787869e-01	7.338590513872200738e-02	2.991473022337781326e-02	7.597519102122404777e-02
1.132038229995336451e+03	2.638697503226228314e-01	1.568498391687874749e-01	2.484361139901930804e-01	1.514502574125921874e-01	7.342476174427498004e-02	2.993566672210010854e-02	7.603361063938177122e-02
1.133489561059432845e+03	2.636441972249646271e-01	1.567142733799966881e-01	2.485858851295053851e-01	1.515435905585867660e-01	7.346355100295416662e-02	2.995657152585791752e-02	7.609193117808685236e-02
1.134940892123529466e+03	2.634190339929853852e-01	1.565789419183900022e-01	2.487353923280031520e-01	1.516367612444839696e-01	7.350227303389184064e-02	2.997744468699331880e-02	7.615015279520476188e-02
1.136392223187626087e+03	2.631942599523870441e-01	1.564438443786641819e-01	2.488846360438062288e-01	1.517297697629025610e-01	7.354092795599315169e-02	2.999828625775783839e-02	7.620827564844145918e-02
1.137843554251722708e+03	2.629698744300401070e-01	1.563089803562185687e-01	2.490336167342414864e-01	1.518226164058603944e-01	7.357951588793669451e-02	3.001909629031261975e-02	7.626629989534260134e-02
1.139294885315819101e+03	2.627458767539815887e-01	1.561743494471537486e-01	2.491823348558441786e-01	1.519153014647762479e-01	7.361803694817506405e-02	3.003987483672858338e-02	7.632422569329301576e-02
1.140746216379915950e+03	2.625222662534129059e-01	1.560399512482703588e-01	2.493307908643594140e-01	1.520078252304717381e-01	7.365649125493542448e-02	3.006062194898660028e-02	7.638205319951593686e-02
1.142197547444012343e+03	2.622990422586979897e-01	1.559057853570678387e-01	2.494789852147434595e-01	1.521001879931729583e-01	7.369487892622009206e-02	3.008133767897766195e-02	7.643978257107239549e-02
1.143648878508108737e+03	2.620762041013608989e-01	1.557718513717432918e-01	2.496269183611651010e-01	1.521923900425124210e-01	7.373320007980704860e-02	3.010202207850305040e-02	7.649741396486059442e-02
1.145100209572205586e+03	2.618537511140840435e-01	1.556381488911901811e-01	2.497745907570069757e-01	1.522844316675308340e-01	7.377145483325055209e-02	3.012267519927449427e-02	7.655494753761525606e-02
1.146551540636302207e+03	2.616316826307062970e-01	1.555046775149971361e-01	2.499220028548670147e-01	1.523763131566788775e-01	7.380964330388163630e-02	3.014329709291434581e-02	7.661238344590703964e-02
1.148002871700398828e+03	2.614099979862206657e-01	1.553714368434467863e-01	2.500691551065597484e-01	1.524680347978188411e-01	7.384776560880870755e-02	3.016388781095574734e-02	7.666972184614186114e-02
1.149454202764495449e+03	2.611886965167724561e-01	1.552384264775144296e-01	2.502160479631176937e-01	1.525595968782265943e-01	7.388582186491807202e-02	3.018444740484279784e-02	7.672696289456036600e-02
1.150905533828591842e+03	2.609677775596572769e-01	1.551056460188668940e-01	2.503626818747926031e-01	1.526509996845931694e-01	7.392381218887444927e-02	3.020497592593071254e-02	7.678410674723727680e-02
1.152356864892688463e+03	2.607472404533189292e-01	1.549730950698613718e-01	2.505090572910570468e-01	1.527422435030266201e-01	7.396173669712159671e-02	3.022547342548598595e-02	7.684115356008085207e-02
1.153808195956785084e+03	2.605270845373474642e-01	1.548407732335441156e-01	2.506551746606054953e-01	1.528333286190537155e-01	7.399959550588278145e-02	3.024593995468657232e-02	7.689810348883226176e-02
1.155259527020881706e+03	2.603073091524770732e-01	1.547086801136493273e-01	2.508010344313558737e-01	1.529242553176216601e-01	7.403738873116133545e-02	3.026637556462203130e-02	7.695495668906505993e-02
1.156710858084978327e+03	2.600879136405843117e-01	1.545768153145978541e-01	2.509466370504508381e-01	1.530150238830997877e-01	7.407511648874122445e-02	3.028678030629371187e-02	7.701171331618460181e-02
1.158162189149074720e+03	2.598688973446859340e-01	1.544451784414961337e-01	2.510919829642589973e-01	1.531056345992813372e-01	7.411277889418754761e-02	3.030715423061489805e-02	7.706837352542748876e-02
1.159613520213171569e+03	2.596502596089368953e-01	1.543137691001348066e-01	2.512370726183764669e-01	1.531960877493850903e-01	7.415037606284707872e-02	3.032749738841098580e-02	7.712493747186101312e-02
1.161064851277267962e+03	2.594319997786284637e-01	1.541825868969876612e-01	2.513819064576280904e-01	1.532863836160570647e-01	7.418790810984879358e-02	3.034780983041963920e-02	7.718140531038265861e-02
1.162516182341364356e+03	2.592141172001861116e-01	1.540516314392104125e-01	2.515264849260687163e-01	1.533765224813722350e-01	7.422537515010442510e-02	3.036809160729094306e-02	7.723777719571954525e-02
1.163967513405461204e+03	2.589966112211676275e-01	1.539209023346394534e-01	2.516708084669847523e-01	1.534665046268361421e-01	7.426277729830894903e-02	3.038834276958759725e-02	7.729405328242787421e-02
1.165418844469557826e+03	2.587794811902611181e-01	1.537903991917907720e-01	2.518148775228951641e-01	1.535563303333866703e-01	7.430011466894115291e-02	3.040856336778503810e-02	7.735023372489249760e-02
1.166870175533654447e+03	2.585627264572830653e-01	1.536601216198586473e-01	2.519586925355530305e-01	1.536459998813955730e-01	7.433738737626412185e-02	3.042875345227163270e-02	7.740631867732633564e-02
1.168321506597751068e+03	2.583463463731762721e-01	1.535300692287145385e-01	2.521022539459469858e-01	1.537355135506701942e-01	7.437459553432576587e-02	3.044891307334882460e-02	7.746230829376987703e-02
1.169772837661847461e+03	2.581303402900079202e-01	1.534002416289058646e-01	2.522455621943021642e-01	1.538248716204550781e-01	7.441173925695933333e-02	3.046904228123129693e-02	7.751820272809076262e-02
1.171224168725944082e+03	2.579147075609676820e-01	1.532706384316548376e-01	2.523886177200819203e-01	1.539140743694336344e-01	7.444881865778396612e-02	3.048914112604712845e-02	7.757400213398323030e-02
1.172675499790040703e+03	2.576994475403657225e-01	1.531412592488572422e-01	2.525314209619888284e-01	1.540031220757297481e-01	7.448583385020515757e-02	3.050920965783796360e-02	7.762970666496767091e-02
1.174126830854137097e+03	2.574845595836307566e-01	1.530121036930813250e-01	2.526739723579662922e-01	1.540920150169093339e-01	7.452278494741532144e-02	3.052924792655916167e-02	7.768531647439011478e-02
1.175578161918233945e+03	2.572700430473079392e-01	1.528831713775666845e-01	2.528162723451995442e-01	1.541807534699820570e-01	7.455967206239420830e-02	3.054925598207997375e-02	7.774083171542184312e-02
1.177029492982330339e+03	2.570558972890571448e-01	1.527544619162228834e-01	2.529583213601173663e-01	1.542693377114027764e-01	7.459649530790952998e-02	3.056923387418367458e-02	7.779625254105888843e-02
1.178480824046426733e+03	2.568421216676508578e-01	1.526259749236284491e-01	2.531001198383928674e-01	1.543577680170732935e-01	7.463325479651740368e-02	3.058918165256773944e-02	7.785157910412157656e-02
1.179932155110523581e+03	2.566287155429724520e-01	1.524977100150296805e-01	2.532416682149453147e-01	1.544460446623437677e-01	7.466995064056282383e-02	3.060909936684400381e-02	7.790681155725411033e-02
1.181383486174620202e+03	2.564156782760139697e-01	1.523696668063394544e-01	2.533829669239411331e-01	1.545341679220145203e-01	7.470658295218021716e-02	3.062898706653881600e-02	7.796195005292411162e-02
1.182834817238716823e+03	2.562030092288742900e-01	1.522418449141360042e-01	2.535240163987951822e-01	1.546221380703373671e-01	7.474315184329394235e-02	3.064884480109318979e-02	7.801699474342224661e-02
1.184286148302813444e+03	2.559907077647572970e-01	1.521142439556618930e-01	2.536648170721723106e-01	1.547099553810173111e-01	7.477965742561873408e-02	3.066867261986297097e-02	7.807194578086172621e-02
1.185737479366910065e+03	2.557787732479698817e-01	1.519868635488227371e-01	2.538053693759884100e-01	1.547976201272140140e-01	7.481609981066025816e-02	3.068847057211898655e-02	7.812680331717797300e-02
1.187188810431006686e+03	2.555672050439199983e-01	1.518597033121860951e-01	2.539456737414118592e-01	1.548851325815433777e-01	7.485247910971558338e-02	3.070823870704720779e-02	7.818156750412814937e-02
1.188640141495103080e+03	2.553560025191146665e-01	1.517327628649803306e-01	2.540857305988646897e-01	1.549724930160791270e-01	7.488879543387365334e-02	3.072797707374890289e-02	7.823623849329081059e-02
1.190091472559199701e+03	2.551451650411583061e-01	1.516060418270934740e-01	2.542255403780240841e-01	1.550597017023542246e-01	7.492504889401578605e-02	3.074768572124078614e-02	7.829081643606546070e-02
1.191542803623296322e+03	2.549346919787505716e-01	1.514795398190719455e-01	2.543651035078234313e-01	1.551467589113625090e-01	7.496123960081618742e-02	3.076736469845518795e-02	7.834530148367221947e-02
1.192994134687392716e+03	2.547245827016845210e-01	1.513532564621195287e-01	2.545044204164538248e-01	1.552336649135601654e-01	7.499736766474240923e-02	3.078701405424019710e-02	7.839969378715139214e-02
1.194445465751489564e+03	2.545148365808448387e-01	1.512271913780962318e-01	2.546434915313651182e-01	1.553204199788671136e-01	7.503343319605583484e-02	3.080663383735982377e-02	7.845399349736312256e-02
1.195896796815585958e+03	2.543054529882056713e-01	1.511013441895170395e-01	2.547823172792673674e-01	1.554070243766687009e-01	7.506943630481217877e-02	3.082622409649414877e-02	7.850820076498706002e-02
1.197348127879682352e+03	2.540964312968289063e-01	1.509757145195508576e-01	2.549208980861321083e-01	1.554934783758170069e-01	7.510537710086191698e-02	3.084578488023947268e-02	7.856231574052188749e-02
1.198799458943779200e+03	2.538877708808623401e-01	1.508503019920193478e-01	2.550592343771935777e-01	1.555797822446325362e-01	7.514125569385084191e-02	3.086531623710848243e-02	7.861633857428511341e-02
1.200250790007875821e+03	2.536794711155375137e-01	1.507251062313957335e-01	2.551973265769500454e-01	1.556659362509054401e-01	7.517707219322047885e-02	3.088481821553039700e-02	7.867026941641261373e-02
1.201702121071972442e+03	2.534715313771681022e-01	1.506001268628038292e-01	2.553351751091650912e-01	1.557519406618972091e-01	7.521282670820858551e-02	3.090429086385112004e-02	7.872410841685831273e-02
1.203153452136069063e+03	2.532639510431478613e-01	1.504753635120167077e-01	2.554727803968687150e-01	1.558377957443420336e-01	7.524851934784963781e-02	3.092373423033339258e-02	7.877785572539389158e-02
1.204604783200165684e+03	2.530567294919489618e-01	1.503508158054555899e-01	2.556101428623589467e-01	1.559235017644482191e-01	7.528415022097521836e-02	3.094314836315694567e-02	7.883151149160841364e-02
1.206056114264262078e+03	2.528498661031197692e-01	1.502264833701888735e-01	2.557472629272026232e-01	1.560090589878996847e-01	7.531971943621462717e-02	3.096253331041865994e-02	7.888507586490801915e-02
1.207507445328358699e+03	2.526433602572832338e-01	1.501023658339309119e-01	2.558841410122372761e-01	1.560944676798574071e-01	7.535522710199521468e-02	3.098188912013269750e-02	7.893854899451557827e-02
1.208958776392455093e+03	2.524372113361348369e-01	1.499784628250407925e-01	2.560207775375717976e-01	1.561797281049608910e-01	7.539067332654293685e-02	3.100121584023067534e-02	7.899193102947041356e-02
1.210410107456551941e+03	2.522314187224409809e-01	1.498547739725213657e-01	2.561571729225880500e-01	1.562648405273294461e-01	7.542605821788272991e-02	3.102051351856180764e-02	7.904522211862798076e-02
1.211861438520648335e+03	2.520259818000368246e-01	1.497312989060180233e-01	2.562933275859419768e-01	1.563498052105637970e-01	7.546138188383909318e-02	3.103978220289304452e-02	7.909842241065957735e-02
1.213312769584745183e+03	2.518208999538246173e-01	1.496080372558176441e-01	2.564292419455651006e-01	1.564346224177473321e-01	7.549664443203644992e-02	3.105902194090923857e-02	7.915153205405200953e-02
1.214764100648841804e+03	2.516161725697717566e-01	1.494849886528473726e-01	2.565649164186653564e-01	1.565192924114476025e-01	7.553184596989963306e-02	3.107823278021329405e-02	7.920455119710737013e-02
1.216215431712937971e+03	2.514117990349089005e-01	1.493621527286736195e-01	2.567003514217287563e-01	1.566038154537177374e-01	7.556698660465434314e-02	3.109741476832630219e-02	7.925747998794267779e-02
1.217666762777034819e+03	2.512077787373283022e-01	1.492395291155009240e-01	2.568355473705203895e-01	1.566881918060977485e-01	7.560206644332762016e-02	3.111656795268770773e-02	7.931031857448966882e-02
1.219118093841131440e+03	2.510041110661816455e-01	1.491171174461707882e-01	2.569705046800857540e-01	1.567724217296159461e-01	7.563708559274827381e-02	3.113569238065544420e-02	7.936306710449446411e-02
1.220569424905228061e+03	2.508007954116785454e-01	1.489949173541605665e-01	2.571052237647519778e-01	1.568565054847904094e-01	7.567204415954734142e-02	3.115478809950609010e-02	7.941572572551733322e-02
1.222020755969324682e+03	2.505978311650844947e-01	1.488729284735823832e-01	2.572397050381291517e-01	1.569404433316302361e-01	7.570694225015855983e-02	3.117385515643501456e-02	7.946829458493243070e-02
1.223472087033421303e+03	2.503952177187189765e-01	1.487511504391821060e-01	2.573739489131114389e-01	1.570242355296369574e-01	7.574177997081875391e-02	3.119289359855653004e-02	7.952077382992756016e-02
1.224923418097517697e+03	2.501929544659537985e-01	1.486295828863380686e-01	2.575079558018783521e-01	1.571078823378058986e-01	7.577655742756835011e-02	3.121190347290402761e-02	7.957316360750384121e-02
1.226374749161614318e+03	2.499910408012110952e-01	1.485082254510600719e-01	2.576417261158960859e-01	1.571913840146275387e-01	7.581127472625177888e-02	3.123088482643013308e-02	7.962546406447557068e-02
1.227826080225710712e+03	2.497894761199617453e-01	1.483870777699883015e-01	2.577752602659186265e-01	1.572747408180887874e-01	7.584593197251796037e-02	3.124983770600685967e-02	7.967767534746994507e-02
1.229277411289807560e+03	2.495882598187232071e-01	1.482661394803921895e-01	2.579085586619891401e-01	1.573579530056745113e-01	7.588052927182067919e-02	3.126876215842573636e-02	7.972979760292675522e-02
1.230728742353903954e+03	2.493873912950580196e-01	1.481454102201693879e-01	2.580416217134409163e-01	1.574410208343686446e-01	7.591506672941909784e-02	3.128765823039797445e-02	7.978183097709821980e-02
1.232180073418000802e+03	2.491868699475716931e-01	1.480248896278444914e-01	2.581744498288988665e-01	1.575239445606556044e-01	7.594954445037811752e-02	3.130652596855460629e-02	7.983377561604880490e-02
1.233631404482097196e+03	2.489866951759111824e-01	1.479045773425682053e-01	2.583070434162806905e-01	1.576067244405216783e-01	7.598396253956890556e-02	3.132536541944661718e-02	7.988563166565486318e-02
1.235082735546193817e+03	2.487868663807627501e-01	1.477844730041159849e-01	2.584394028827981526e-01	1.576893607294562738e-01	7.601832110166924228e-02	3.134417662954511880e-02	7.993739927160459224e-02
1.236534066610290438e+03	2.485873829638504950e-01	1.476645762528871753e-01	2.585715286349580810e-01	1.577718536824532503e-01	7.605262024116399289e-02	3.136295964524147412e-02	7.998907857939768773e-02
1.237985397674387059e+03	2.483882443279342711e-01	1.475448867299037625e-01	2.587034210785638666e-01	1.578542035540120847e-01	7.608686006234556543e-02	3.138171451284743618e-02	8.004066973434517673e-02
1.239436728738483680e+03	2.481894498768080493e-01	1.474254040768093466e-01	2.588350806187163511e-01	1.579364105981394817e-01	7.612104066931429935e-02	3.140044127859530770e-02	8.009217288156926517e-02
1.240888059802580301e+03	2.479909990152980304e-01	1.473061279358681419e-01	2.589665076598154925e-01	1.580184750683504002e-01	7.615516216597890964e-02	3.141913998863807983e-02	8.014358816600304636e-02
1.242339390866676695e+03	2.477928911492608688e-01	1.471870579499637566e-01	2.590977026055611976e-01	1.581003972176693584e-01	7.618922465605691696e-02	3.143781068904958481e-02	8.019491573239038995e-02
1.243790721930773088e+03	2.475951256855819238e-01	1.470681937625981650e-01	2.592286658589546544e-01	1.581821772986318764e-01	7.622322824307507794e-02	3.145645342582461396e-02	8.024615572528574770e-02
1.245242052994869937e+03	2.473977020321734555e-01	1.469495350178907367e-01	2.593593978222995533e-01	1.582638155632855870e-01	7.625717303036980144e-02	3.147506824487909111e-02	8.029730828905391748e-02
1.246693384058966330e+03	2.472006195979727372e-01	1.468310813605769594e-01	2.594898988972033083e-01	1.583453122631915400e-01	7.629105912108755105e-02	3.149365519205019059e-02	8.034837356786989071e-02
1.248144715123063179e+03	2.470038777929403906e-01	1.467128324360074398e-01	2.596201694845783337e-01	1.584266676494255066e-01	7.632488661818530307e-02	3.151221431309651072e-02	8.039935170571874123e-02
1.249596046187159800e+03	2.468074760280585533e-01	1.465947878901470158e-01	2.597502099846429324e-01	1.585078819725792842e-01	7.635865562443093502e-02	3.153074565369816395e-02	8.045024284639533396e-02
1.251047377251256421e+03	2.466114137153291030e-01	1.464769473695734237e-01	2.598800207969229614e-01	1.585889554827617787e-01	7.639236624240368367e-02	3.154924925945697817e-02	8.050104713350429708e-02
1.252498708315352815e+03	2.464156902677719363e-01	1.463593105214764101e-01	2.600096023202526641e-01	1.586698884296004197e-01	7.642601857449451974e-02	3.156772517589660071e-02	8.055176471045973063e-02
1.253950039379449436e+03	2.462203050994230813e-01	1.462418769936564833e-01	2.601389549527760026e-01	1.587506810622422992e-01	7.645961272290656419e-02	3.158617344846265107e-02	8.060239572048516488e-02
1.255401370443546057e+03	2.460252576253330603e-01	1.461246464345241081e-01	2.602680790919479348e-01	1.588313336293554479e-01	7.649314878965554620e-02	3.160459412252285966e-02	8.065294030661329661e-02
1.256852701507642678e+03	2.458305472615649745e-01	1.460076184930983734e-01	2.603969751345354688e-01	1.589118463791300839e-01	7.652662687657015017e-02	3.162298724336720657e-02	8.070339861168597528e-02
1.258304032571739299e+03	2.456361734251929496e-01	1.458907928190061043e-01	2.605256434766188844e-01	1.589922195592797793e-01	7.656004708529250136e-02	3.164135285620807425e-02	8.075377077835392547e-02
1.259755363635835920e+03	2.454421355343001654e-01	1.457741690624808351e-01	2.606540845135930096e-01	1.590724534170426530e-01	7.659340951727852675e-02	3.165969100618037241e-02	8.080405694907669134e-02
1.261206694699932314e+03	2.452484330079771624e-01	1.456577468743615877e-01	2.607822986401682752e-01	1.591525481991827584e-01	7.662671427379834366e-02	3.167800173834167676e-02	8.085425726612249786e-02
1.262658025764028707e+03	2.450550652663202322e-01	1.455415259060918731e-01	2.609102862503719367e-01	1.592325041519910556e-01	7.665996145593671762e-02	3.169628509767239560e-02	8.090437187156808430e-02
1.264109356828125556e+03	2.448620317304294469e-01	1.454255058097187470e-01	2.610380477375492947e-01	1.593123215212867705e-01	7.669315116459345105e-02	3.171454112907586692e-02	8.095440090729862093e-02
1.265560687892221949e+03	2.446693318224070768e-01	1.453096862378916998e-01	2.611655834943650278e-01	1.593920005524185890e-01	7.672628350048375789e-02	3.173276987737853189e-02	8.100434451500752864e-02
1.267012018956318798e+03	2.444769649653557864e-01	1.451940668438615190e-01	2.612928939128039696e-01	1.594715414902657391e-01	7.675935856413870773e-02	3.175097138733005975e-02	8.105420283619639565e-02
1.268463350020415419e+03	2.442849305833768303e-01	1.450786472814793726e-01	2.614199793841726627e-01	1.595509445792392955e-01	7.679237645590558659e-02	3.176914570360347967e-02	8.110397601217489427e-02
1.269914681084511813e+03	2.440932281015684990e-01	1.449634272051956996e-01	2.615468402991004693e-01	1.596302100632832621e-01	7.682533727594832718e-02	3.178729287079533339e-02	8.115366418406062821e-02
1.271366012148608434e+03	2.439018569460241204e-01	1.448484062700590713e-01	2.616734770475405147e-01	1.597093381858758210e-01	7.685824112424791132e-02	3.180541293342580011e-02	8.120326749277903544e-02
1.272817343212705055e+03	2.437108165438305607e-01	1.447335841317154426e-01	2.617998900187710198e-01	1.597883291900304426e-01	7.689108810060271693e-02	3.182350593593885613e-02	8.125278607906326334e-02
1.274268674276801676e+03	2.435201063230663932e-01	1.446189604464067913e-01	2.619260796013964665e-01	1.598671833182971347e-01	7.692387830462897591e-02	3.184157192270236497e-02	8.130222008345411311e-02
1.275720005340898297e+03	2.433297257128002322e-01	1.445045348709702582e-01	2.620520461833489301e-01	1.599459008127635529e-01	7.695661183576112119e-02	3.185961093800826482e-02	8.135156964629994270e-02
1.277171336404994690e+03	2.431396741430889297e-01	1.443903070628369811e-01	2.621777901518888565e-01	1.600244819150561382e-01	7.698928879325221686e-02	3.187762302607269338e-02	8.140083490775652797e-02
1.278622667469091539e+03	2.429499510449758815e-01	1.442762766800312346e-01	2.623033118936064501e-01	1.601029268663412553e-01	7.702190927617430516e-02	3.189560823103609888e-02	8.145001600778700723e-02
1.280073998533187932e+03	2.427605558504893346e-01	1.441624433811693196e-01	2.624286117944230612e-01	1.601812359073264413e-01	7.705447338341886443e-02	3.191356659696339970e-02	8.149911308616181183e-02
1.281525329597284326e+03	2.425714879926406664e-01	1.440488068254585086e-01	2.625536902395919081e-01	1.602594092782614332e-01	7.708698121369708667e-02	3.193149816784410927e-02	8.154812628245854123e-02
1.282976660661381175e+03	2.423827469054227468e-01	1.439353666726959913e-01	2.626785476136994646e-01	1.603374472189393052e-01	7.711943286554040489e-02	3.194940298759247482e-02	8.159705573606196305e-02
1.284427991725477568e+03	2.421943320238080233e-01	1.438221225832678751e-01	2.628031843006665147e-01	1.604153499686976903e-01	7.715182843730077067e-02	3.196728110004762313e-02	8.164590158616384652e-02
1.285879322789574417e+03	2.420062427837470498e-01	1.437090742181482139e-01	2.629276006837494295e-01	1.604931177664198350e-01	7.718416802715108438e-02	3.198513254897367153e-02	8.169466397176297634e-02
1.287330653853671038e+03	2.418184786221667104e-01	1.435962212388979531e-01	2.630517971455413329e-01	1.605707508505358205e-01	7.721645173308556986e-02	3.200295737805988749e-02	8.174334303166500004e-02
1.288781984917767431e+03	2.416310389769683598e-01	1.434835633076638750e-01	2.631757740679731561e-01	1.606482494590234511e-01	7.724867965292014915e-02	3.202075563092081356e-02	8.179193890448244186e-02
1.290233315981864052e+03	2.414439232870264351e-01	1.433711000871776553e-01	2.632995318323146927e-01	1.607256138294096137e-01	7.728085188429284491e-02	3.203852735109639222e-02	8.184045172863460560e-02
