1.001418434226643626e+03	2.858547159593123888e-01	1.700378029252526957e-01	2.337974496520057732e-01	1.423605695128927762e-01	6.964545052841257522e-02	2.793787317958945290e-02	7.036613824248796889e-02
1.003837319333471214e+03	2.854156381334262971e-01	1.697739746206364808e-01	2.340896671222408021e-01	1.425425461553500028e-01	6.972102331201543435e-02	2.797791789736401094e-02	7.047923275892058192e-02
1.006256204440298802e+03	2.849778248085321763e-01	1.695109061318809118e-01	2.343810287184981689e-01	1.427239912311926984e-01	6.979637694907572798e-02	2.801786043787496752e-02	7.059201172289891746e-02
1.008675089547126618e+03	2.845412723396862908e-01	1.692485952686238471e-01	2.346715369145646601e-01	1.429049063839673561e-01	6.987151209615034830e-02	2.805770108415412203e-02	7.070447591280693000e-02
1.011093974653954206e+03	2.841059770924873051e-01	1.689870398468410195e-01	2.349611941770921308e-01	1.430852932509514008e-01	6.994642940756529148e-02	2.809744011840402053e-02	7.081662610661236534e-02
1.013512859760782021e+03	2.836719354430456419e-01	1.687262376888273296e-01	2.352500029656181824e-01	1.432651534631924350e-01	7.002112953542678764e-02	2.813707782200070701e-02	7.092846308184248827e-02
1.015931744867609382e+03	2.832391437779522847e-01	1.684661866231781935e-01	2.355379657325866738e-01	1.434444886455472079e-01	7.009561312963236146e-02	2.817661447549647119e-02	7.103998761556032382e-02
1.018350629974437197e+03	2.828075984942482468e-01	1.682068844847711686e-01	2.358250849233682334e-01	1.436233004167202509e-01	7.016988083788176789e-02	2.821605035862258248e-02	7.115120048434121769e-02
1.020769515081264785e+03	2.823772959993937626e-01	1.679483291147473023e-01	2.361113629762807420e-01	1.438015903893019032e-01	7.024393330568781679e-02	2.825538575029199959e-02	7.126210246424988237e-02
1.023188400188092373e+03	2.819482327112376452e-01	1.676905183604928129e-01	2.363968023226097337e-01	1.439793601698061698e-01	7.031777117638710051e-02	2.829462092860208361e-02	7.137269433081784575e-02
1.025607285294920075e+03	2.815204050579868666e-01	1.674334500756206878e-01	2.366814053866286016e-01	1.441566113587080811e-01	7.039139509115066584e-02	2.833375617083728690e-02	7.148297685902121890e-02
1.028026170401747549e+03	2.810938094781761931e-01	1.671771221199523094e-01	2.369651745856189706e-01	1.443333455504805518e-01	7.046480568899458896e-02	2.837279175347183838e-02	7.159295082325901893e-02
1.030445055508575479e+03	2.806684424206375428e-01	1.669215323594993305e-01	2.372481123298909311e-01	1.445095643336311297e-01	7.053800360679042536e-02	2.841172795217240116e-02	7.170261699733168625e-02
1.032863940615402726e+03	2.802443003444703429e-01	1.666666786664453559e-01	2.375302210228030508e-01	1.446852692907381888e-01	7.061098947927561820e-02	2.845056504180073359e-02	7.181197615442011517e-02
1.035282825722230655e+03	2.798213797190111096e-01	1.664125589191279286e-01	2.378115030607825531e-01	1.448604619984867337e-01	7.068376393906375399e-02	2.848930329641633299e-02	7.192102906706501764e-02
1.037701710829058356e+03	2.793996770238031946e-01	1.661591710020203783e-01	2.380919608333453841e-01	1.450351440277039272e-01	7.075632761665480441e-02	2.852794298927906202e-02	7.202977650714666169e-02
1.040120595935886058e+03	2.789791887485673083e-01	1.659065128057138072e-01	2.383715967231160027e-01	1.452093169433942843e-01	7.082868114044521546e-02	2.856648439285176463e-02	7.213821924586499845e-02
1.042539481042713533e+03	2.785599113931713777e-01	1.656545822268991330e-01	2.386504131058475864e-01	1.453829823047743108e-01	7.090082513673795495e-02	2.860492777880287857e-02	7.224635805372012221e-02
1.044958366149541234e+03	2.781418414676009587e-01	1.654033771683491583e-01	2.389284123504415991e-01	1.455561416653071427e-01	7.097276022975249066e-02	2.864327341800902357e-02	7.235419370049306353e-02
1.047377251256368709e+03	2.777249754919294267e-01	1.651528955389007791e-01	2.392055968189677473e-01	1.457287965727364354e-01	7.104448704163457418e-02	2.868152158055758960e-02	7.246172695522697105e-02
1.049796136363196410e+03	2.773093099962885000e-01	1.649031352534371109e-01	2.394819688666836033e-01	1.459009485691201147e-01	7.111600619246612187e-02	2.871967253574929380e-02	7.256895858620870943e-02
1.052215021470024112e+03	2.768948415208388747e-01	1.646540942328698631e-01	2.397575308420544782e-01	1.460725991908639609e-01	7.118731830027491547e-02	2.875772655210075135e-02	7.267588936095058239e-02
1.054633906576851814e+03	2.764815666157408036e-01	1.644057704041215484e-01	2.400322850867727953e-01	1.462437499687544995e-01	7.125842398104412223e-02	2.879568389734701861e-02	7.278252004617261073e-02
1.057052791683679516e+03	2.760694818411246199e-01	1.641581617001078575e-01	2.403062339357778521e-01	1.464144024279918910e-01	7.132932384872192610e-02	2.883354483844412924e-02	7.288885140778507410e-02
1.059471676790506763e+03	2.756585837670618711e-01	1.639112660597201732e-01	2.405793797172752768e-01	1.465845580882221555e-01	7.140001851523099241e-02	2.887130964157161306e-02	7.299488421087128864e-02
1.061890561897334692e+03	2.752488689735358984e-01	1.636650814278079735e-01	2.408517247527563743e-01	1.467542184635694247e-01	7.147050859047782145e-02	2.890897857213501135e-02	7.310061921967081489e-02
1.064309447004162394e+03	2.748403340504130821e-01	1.634196057551614012e-01	2.411232713570176656e-01	1.469233850626676663e-01	7.154079468236208827e-02	2.894655189476838530e-02	7.320605719756297092e-02
1.066728332110990095e+03	2.744329755974138085e-01	1.631748369984938329e-01	2.413940218381801228e-01	1.470920593886922145e-01	7.161087739678585751e-02	2.898402987333678973e-02	7.331119890705058151e-02
1.069147217217817570e+03	2.740267902240837161e-01	1.629307731204245324e-01	2.416639784977085703e-01	1.472602429393908285e-01	7.168075733766277047e-02	2.902141277093876412e-02	7.341604510974406028e-02
1.071566102324645271e+03	2.736217745497646625e-01	1.626874120894613862e-01	2.419331436304307248e-01	1.474279372071146121e-01	7.175043510692709348e-02	2.905870084990879940e-02	7.352059656634589435e-02
1.073984987431472746e+03	2.732179252035665251e-01	1.624447518799836121e-01	2.422015195245565689e-01	1.475951436788485727e-01	7.181991130454280781e-02	2.909589437181979779e-02	7.362485403663528161e-02
1.076403872538300675e+03	2.728152388243383353e-01	1.622027904722246061e-01	2.424691084616972803e-01	1.477618638362417913e-01	7.188918652851243596e-02	2.913299359748550144e-02	7.372881827945318434e-02
1.078822757645127922e+03	2.724137120606398010e-01	1.619615258522547341e-01	2.427359127168844666e-01	1.479280991556376212e-01	7.195826137488602059e-02	2.916999878696295220e-02	7.383249005268753551e-02
1.081241642751955851e+03	2.720133415707131630e-01	1.617209560119642620e-01	2.430019345585889556e-01	1.480938511081030251e-01	7.202713643776988139e-02	2.920691019955490297e-02	7.393587011325886138e-02
1.083660527858783553e+03	2.716141240224546616e-01	1.614810789490464527e-01	2.432671762487399469e-01	1.482591211594582459e-01	7.209581230933534424e-02	2.924372809381223237e-02	7.403895921710615391e-02
1.086079412965611255e+03	2.712160560933863374e-01	1.612418926669803854e-01	2.435316400427438022e-01	1.484239107703057836e-01	7.216428957982742864e-02	2.928045272753635256e-02	7.414175811917295134e-02
1.088498298072438729e+03	2.708191344706279979e-01	1.610033951750142189e-01	2.437953281895028912e-01	1.485882213960592613e-01	7.223256883757339653e-02	2.931708435778159968e-02	7.424426757339372407e-02
1.090917183179266431e+03	2.704233558508691293e-01	1.607655844881481222e-01	2.440582429314343826e-01	1.487520544869719574e-01	7.230065066899137027e-02	2.935362324085761393e-02	7.434648833268059365e-02
1.093336068286093905e+03	2.700287169403409737e-01	1.605284586271175373e-01	2.443203865044889511e-01	1.489154114881651170e-01	7.236853565859865944e-02	2.939006963233172301e-02	7.444842114891024598e-02
1.095754953392921607e+03	2.696352144547886631e-01	1.602920156183765821e-01	2.445817611381694012e-01	1.490782938396559010e-01	7.243622438902028171e-02	2.942642378703129100e-02	7.455006677291109440e-02
1.098173838499749309e+03	2.692428451194433525e-01	1.600562534940810078e-01	2.448423690555494303e-01	1.492407029763852810e-01	7.250371744099724791e-02	2.946268595904608101e-02	7.465142595445078966e-02
1.100592723606577010e+03	2.688516056689946865e-01	1.598211702920717958e-01	2.451022124732921137e-01	1.494026403282453785e-01	7.257101539339479157e-02	2.949885640173059015e-02	7.475249944222385479e-02
1.103011608713404712e+03	2.684614928475630435e-01	1.595867640558583933e-01	2.453612936016683621e-01	1.495641073201067484e-01	7.263811882321061231e-02	2.953493536770639138e-02	7.485328798383968085e-02
1.105430493820231959e+03	2.680725034086720027e-01	1.593530328346021152e-01	2.456196146445754347e-01	1.497251053718454128e-01	7.270502830558306373e-02	2.957092310886445113e-02	7.495379232581071693e-02
1.107849378927059888e+03	2.676846341152211428e-01	1.591199746830998796e-01	2.458771777995552854e-01	1.498856358983694514e-01	7.277174441379914704e-02	2.960681987636743298e-02	7.505401321354085442e-02
1.110268264033887590e+03	2.672978817394582873e-01	1.588875876617674432e-01	2.461339852578130205e-01	1.500457003096455910e-01	7.283826771930256017e-02	2.964262592065201873e-02	7.515395139131419988e-02
1.112687149140715292e+03	2.669122430629525811e-01	1.586558698366231923e-01	2.463900392042351062e-01	1.502053000107254621e-01	7.290459879170166357e-02	2.967834149143118438e-02	7.525360760228393120e-02
1.115106034247542766e+03	2.665277148765671233e-01	1.584248192792716281e-01	2.466453418174076317e-01	1.503644364017714119e-01	7.297073819877740453e-02	2.971396683769650382e-02	7.535298258846141739e-02
1.117524919354370468e+03	2.661442939804319341e-01	1.581944340668872129e-01	2.468998952696344340e-01	1.505231108780824556e-01	7.303668650649110250e-02	2.974950220772039702e-02	7.545207709070561597e-02
1.119943804461197942e+03	2.657619771839168088e-01	1.579647122821979943e-01	2.471537017269553327e-01	1.506813248301196451e-01	7.310244427899226238e-02	2.978494784905841644e-02	7.555089184871267849e-02
1.122362689568025871e+03	2.653807613056045067e-01	1.577356520134694517e-01	2.474067633491642271e-01	1.508390796435314096e-01	7.316801207862629053e-02	2.982030400855149518e-02	7.564942760100575037e-02
1.124781574674853118e+03	2.650006431732638834e-01	1.575072513544882591e-01	2.476590822898269706e-01	1.509963766991786471e-01	7.323339046594216917e-02	2.985557093232819870e-02	7.574768508492500663e-02
1.127200459781681047e+03	2.646216196238229679e-01	1.572795084045462977e-01	2.479106606962995230e-01	1.511532173731593987e-01	7.329857999970006144e-02	2.989074886580694521e-02	7.584566503661789583e-02
1.129619344888508749e+03	2.642436875033425947e-01	1.570524212684244192e-01	2.481615007097457692e-01	1.513096030368336342e-01	7.336358123687883315e-02	2.992583805369825045e-02	7.594336819102959213e-02
1.132038229995336451e+03	2.638668436669893147e-01	1.568259880563766251e-01	2.484116044651554223e-01	1.514655350568474279e-01	7.342839473268361616e-02	2.996083874000694119e-02	7.604079528189368331e-02
1.134457115102163925e+03	2.634910849790093046e-01	1.566002068841139683e-01	2.486609740913618694e-01	1.516210147951572995e-01	7.349302104055321916e-02	2.999575116803436178e-02	7.613794704172301142e-02
1.136876000208991627e+03	2.631164083127015552e-01	1.563750758727886769e-01	2.489096117110599082e-01	1.517760436090540010e-01	7.355746071216751059e-02	3.003057558038057032e-02	7.623482420180079100e-02
1.139294885315819101e+03	2.627428105503917810e-01	1.561505931489782784e-01	2.491575194408234550e-01	1.519306228511863588e-01	7.362171429745474616e-02	3.006531221894654868e-02	7.633142749217182443e-02
1.141713770422646803e+03	2.623702885834059417e-01	1.559267568446698060e-01	2.494046993911232246e-01	1.520847538695847267e-01	7.368578234459888243e-02	3.009996132493637094e-02	7.642775764163402263e-02
1.144132655529474505e+03	2.619988393120442072e-01	1.557035650972440066e-01	2.496511536663443831e-01	1.522384380076841903e-01	7.374966540004680715e-02	3.013452313885936831e-02	7.652381537773002285e-02
1.146551540636302207e+03	2.616284596455545897e-01	1.554810160494596027e-01	2.498968843648040339e-01	1.523916766043478810e-01	7.381336400851547241e-02	3.016899790053231833e-02	7.661960142673907015e-02
1.148970425743129908e+03	2.612591465021070203e-01	1.552591078494376664e-01	2.501418935787688147e-01	1.525444709938897081e-01	7.387687871299911113e-02	3.020338584908157861e-02	7.671511651366905160e-02
1.151389310849957155e+03	2.608908968087675362e-01	1.550378386506458817e-01	2.503861833944723281e-01	1.526968225060970352e-01	7.394021005477623143e-02	3.023768722294525174e-02	7.681036136224869693e-02
1.153808195956785084e+03	2.605237075014720238e-01	1.548172066118830847e-01	2.506297558921324886e-01	1.528487324662533287e-01	7.400335857341669432e-02	3.027190225987531555e-02	7.690533669492002899e-02
1.156227081063612786e+03	2.601575755250006283e-01	1.545972098972637765e-01	2.508726131459689257e-01	1.530002021951603342e-01	7.406632480678868036e-02	3.030603119693974640e-02	7.700004323283086982e-02
1.158645966170440488e+03	2.597924978329520518e-01	1.543778466762024126e-01	2.511147572242203863e-01	1.531512330091601704e-01	7.412910929106561464e-02	3.034007427052466330e-02	7.709448169582767962e-02
1.161064851277267962e+03	2.594284713877177406e-01	1.541591151233981660e-01	2.513561901891618877e-01	1.533018262201572834e-01	7.419171256073307796e-02	3.037403171633641999e-02	7.718865280244845140e-02
1.163483736384095664e+03	2.590654931604564060e-01	1.539410134188194668e-01	2.515969140971218709e-01	1.534519831356401520e-01	7.425413514859557917e-02	3.040790376940372824e-02	7.728255726991581365e-02
1.165902621490923138e+03	2.587035601310684330e-01	1.537235397476886811e-01	2.518369309984994642e-01	1.536017050587028809e-01	7.431637758578345243e-02	3.044169066407974300e-02	7.737619581413032743e-02
1.168321506597751068e+03	2.583426692881705677e-01	1.535066923004667627e-01	2.520762429377816360e-01	1.537509932880664343e-01	7.437844040175947691e-02	3.047539263404414750e-02	7.746956914966386665e-02
1.170740391704578315e+03	2.579828176290704933e-01	1.532904692728380425e-01	2.523148519535601819e-01	1.538998491180998962e-01	7.444032412432566304e-02	3.050900991230525577e-02	7.756267798975328975e-02
1.173159276811406244e+03	2.576240021597416274e-01	1.530748688656950185e-01	2.525527600785486548e-01	1.540482738388414541e-01	7.450202927962985833e-02	3.054254273120205268e-02	7.765552304629416702e-02
1.175578161918233945e+03	2.572662198947975876e-01	1.528598892851231739e-01	2.527899693395995184e-01	1.541962687360191320e-01	7.456355639217235320e-02	3.057599132240629639e-02	7.774810502983470206e-02
1.177997047025061647e+03	2.569094678574676549e-01	1.526455287423859053e-01	2.530264817577209113e-01	1.543438350910715517e-01	7.462490598481247295e-02	3.060935591692454105e-02	7.784042464956979213e-02
1.180415932131889122e+03	2.565537430795711837e-01	1.524317854539094241e-01	2.532622993480934670e-01	1.544909741811682780e-01	7.468607857877505862e-02	3.064263674510020463e-02	7.793248261333528271e-02
1.182834817238716823e+03	2.561990426014928990e-01	1.522186576412676851e-01	2.534974241200871892e-01	1.546376872792301349e-01	7.474707469365696189e-02	3.067583403661561237e-02	7.802427962760234703e-02
1.185253702345544298e+03	2.558453634721579717e-01	1.520061435311675369e-01	2.537318580772784937e-01	1.547839756539493572e-01	7.480789484743348428e-02	3.070894802049400907e-02	7.811581639747197658e-02
1.187672587452371999e+03	2.554927027490070945e-01	1.517942413554337067e-01	2.539656032174663625e-01	1.549298405698095737e-01	7.486853955646470549e-02	3.074197892510160957e-02	7.820709362666973530e-02
1.190091472559199701e+03	2.551410574979719459e-01	1.515829493509938675e-01	2.541986615326894960e-01	1.550752832871055142e-01	7.492900933550192266e-02	3.077492697814959363e-02	7.829811201754048600e-02
1.192510357666027403e+03	2.547904247934501543e-01	1.513722657598638999e-01	2.544310350092427453e-01	1.552203050619625768e-01	7.498930469769386764e-02	3.080779240669613561e-02	7.838887227104343602e-02
1.194929242772855105e+03	2.544408017182810400e-01	1.511621888291330429e-01	2.546627256276935425e-01	1.553649071463565345e-01	7.504942615459300748e-02	3.084057543714838895e-02	7.847937508674719675e-02
1.197348127879682352e+03	2.540921853637210237e-01	1.509527168109491557e-01	2.548937353628987768e-01	1.555090907881325479e-01	7.510937421616176168e-02	3.087327629526448805e-02	7.856962116282502351e-02
1.199767012986510281e+03	2.537445728294189795e-01	1.507438479625039518e-01	2.551240661840208368e-01	1.556528572310245107e-01	7.516914939077867785e-02	3.090589520615554323e-02	7.865961119605018037e-02
1.202185898093337983e+03	2.533979612233920875e-01	1.505355805460184271e-01	2.553537200545444863e-01	1.557962077146739510e-01	7.522875218524459340e-02	3.093843239428760439e-02	7.874934588179152706e-02
1.204604783200165684e+03	2.530523476620014089e-01	1.503279128287281774e-01	2.555826989322928511e-01	1.559391434746488503e-01	7.528818310478868625e-02	3.097088808348364211e-02	7.883882591400902251e-02
1.207023668306993159e+03	2.527077292699275723e-01	1.501208430828688545e-01	2.558110047694440725e-01	1.560816657424623499e-01	7.534744265307458111e-02	3.100326249692551134e-02	7.892805198524964483e-02
1.209442553413820860e+03	2.523641031801467927e-01	1.499143695856616221e-01	2.560386395125474057e-01	1.562237757455913201e-01	7.540653133220637239e-02	3.103555585715590814e-02	7.901702478664315854e-02
1.211861438520648335e+03	2.520214665339066684e-01	1.497084906192986120e-01	2.562656051025393733e-01	1.563654747074947338e-01	7.546544964273457778e-02	3.106776838608031610e-02	7.910574500789824270e-02
1.214280323627476264e+03	2.516798164807023119e-01	1.495032044709286023e-01	2.564919034747601412e-01	1.565067638476318468e-01	7.552419808366210574e-02	3.109990030496895264e-02	7.919421333729856349e-02
1.216699208734303511e+03	2.513391501782520909e-01	1.492985094326425288e-01	2.567175365589696723e-01	1.566476443814802666e-01	7.558277715245019512e-02	3.113195183445869804e-02	7.928243046169911046e-02
1.219118093841131440e+03	2.509994647924740363e-01	1.490944038014591355e-01	2.569425062793636028e-01	1.567881175205540212e-01	7.564118734502417452e-02	3.116392319455503490e-02	7.937039706652251891e-02
1.221536978947959142e+03	2.506607574974619723e-01	1.488908858793107082e-01	2.571668145545896178e-01	1.569281844724212116e-01	7.569942915577944353e-02	3.119581460463394934e-02	7.945811383575562825e-02
1.223955864054786844e+03	2.503230254754618134e-01	1.486879539730286692e-01	2.573904632977630502e-01	1.570678464407218866e-01	7.575750307758714885e-02	3.122762628344387045e-02	7.954558145194606800e-02
1.226374749161614318e+03	2.499862659168477219e-01	1.484856063943295335e-01	2.576134544164832563e-01	1.572071046251853066e-01	7.581540960180005451e-02	3.125935844910755768e-02	7.963280059619901041e-02
1.228793634268442020e+03	2.496504760200987938e-01	1.482838414598006416e-01	2.578357898128492698e-01	1.573459602216475683e-01	7.587314921825816239e-02	3.129101131912400552e-02	7.971977194817402024e-02
1.231212519375269494e+03	2.493156529917752995e-01	1.480826574908859217e-01	2.580574713834756229e-01	1.574844144220687026e-01	7.593072241529449928e-02	3.132258511037033094e-02	7.980649618608202933e-02
1.233631404482097196e+03	2.489817940464953971e-01	1.478820528138719004e-01	2.582785010195084441e-01	1.576224684145498822e-01	7.598812967974068189e-02	3.135408003910367808e-02	7.989297398668239458e-02
1.236050289588924898e+03	2.486488964069116236e-01	1.476820257598736585e-01	2.584988806066410016e-01	1.577601233833503536e-01	7.604537149693260667e-02	3.138549632096306746e-02	7.997920602528005296e-02
1.238469174695752372e+03	2.483169573036877464e-01	1.474825746648207314e-01	2.587186120251294685e-01	1.578973805089042837e-01	7.610244835071604264e-02	3.141683417097129727e-02	8.006519297572282923e-02
1.240888059802580301e+03	2.479859739754753656e-01	1.472836978694431198e-01	2.589376971498085211e-01	1.580342409678376359e-01	7.615936072345211305e-02	3.144809380353677519e-02	8.015093551039882691e-02
1.243306944909407548e+03	2.476559436688908766e-01	1.470853937192574956e-01	2.591561378501072155e-01	1.581707059329845455e-01	7.621610909602288819e-02	3.147927543245541276e-02	8.023643430023387479e-02
1.245725830016235477e+03	2.473268636384922392e-01	1.468876605645532130e-01	2.593739359900644192e-01	1.583067765734039734e-01	7.627269394783683931e-02	3.151037927091245722e-02	8.032169001468918157e-02
1.248144715123063179e+03	2.469987311467559676e-01	1.466904967603784582e-01	2.595910934283442439e-01	1.584424540543959981e-01	7.632911575683429262e-02	3.154140553148434417e-02	8.040670332175899049e-02
1.250563600229890881e+03	2.466715434640543159e-01	1.464939006665263721e-01	2.598076120182518656e-01	1.585777395375179977e-01	7.638537499949286935e-02	3.157235442614050869e-02	8.049147488796835892e-02
1.252982485336718355e+03	2.463452978686322126e-01	1.462978706475214496e-01	2.600234936077486791e-01	1.587126341806008034e-01	7.644147215083285651e-02	3.160322616624525877e-02	8.057600537837102117e-02
1.255401370443546057e+03	2.460199916465844738e-01	1.461024050726056622e-01	2.602387400394678973e-01	1.588471391377647146e-01	7.649740768442256367e-02	3.163402096255957252e-02	8.066029545654744559e-02
1.257820255550373531e+03	2.456956220918330713e-01	1.459075023157248574e-01	2.604533531507298161e-01	1.589812555594352639e-01	7.655318207238365202e-02	3.166473902524292311e-02	8.074434578460279455e-02
1.260239140657201460e+03	2.453721865061044838e-01	1.457131607555151032e-01	2.606673347735570800e-01	1.591149845923590933e-01	7.660879578539646351e-02	3.169538056385508978e-02	8.082815702316517581e-02
1.262658025764028707e+03	2.450496821989069374e-01	1.455193787752890044e-01	2.608806867346901148e-01	1.592483273796194698e-01	7.666424929270521105e-02	3.172594578735796200e-02	8.091172983138382457e-02
1.265076910870856636e+03	2.447281064875079515e-01	1.453261547630222417e-01	2.610934108556022815e-01	1.593812850606518838e-01	7.671954306212329378e-02	3.175643490411735048e-02	8.099506486692752139e-02
1.267495795977684338e+03	2.444074566969118567e-01	1.451334871113399982e-01	2.613055089525150865e-01	1.595138587712594258e-01	7.677467756003845956e-02	3.178684812190476355e-02	8.107816278598294069e-02
1.269914681084511813e+03	2.440877301598373406e-01	1.449413742175034991e-01	2.615169828364132254e-01	1.596460496436281074e-01	7.682965325141793977e-02	3.181718564789919740e-02	8.116102424325319364e-02
1.272333566191339514e+03	2.437689242166950487e-01	1.447498144833965217e-01	2.617278343130599594e-01	1.597778588063419047e-01	7.688447059981368126e-02	3.184744768868892628e-02	8.124364989195645426e-02
1.274752451298167216e+03	2.434510362155654084e-01	1.445588063155120173e-01	2.619380651830118256e-01	1.599092873843979967e-01	7.693913006736739779e-02	3.187763445027325115e-02	8.132604038382459932e-02
1.277171336404994690e+03	2.431340635121762850e-01	1.443683481249387612e-01	2.621476772416339029e-01	1.600403364992216693e-01	7.699363211481564939e-02	3.190774613806428989e-02	8.140819636910200108e-02
1.279590221511822392e+03	2.428180034698808332e-01	1.441784383273480297e-01	2.623566722791146333e-01	1.601710072686811093e-01	7.704797720149494933e-02	3.193778295688873281e-02	8.149011849654431983e-02
1.282009106618650094e+03	2.425028534596354868e-01	1.439890753429803050e-01	2.625650520804807542e-01	1.603013008071022538e-01	7.710216578534673237e-02	3.196774511098960520e-02	8.157180741341747698e-02
1.284427991725477568e+03	2.421886108599778376e-01	1.438002575966320362e-01	2.627728184256122868e-01	1.604312182252833618e-01	7.715619832292240632e-02	3.199763280402799503e-02	8.165326376549664200e-02
1.286846876832305497e+03	2.418752730570047915e-01	1.436119835176423998e-01	2.629799730892574128e-01	1.605607606305095580e-01	7.721007526938827858e-02	3.202744623908480859e-02	8.173448819706528867e-02
1.289265761939132744e+03	2.415628374443505311e-01	1.434242515398801709e-01	2.631865178410471295e-01	1.606899291265672658e-01	7.726379707853051060e-02	3.205718561866249816e-02	8.181548135091436247e-02
1.291684647045960673e+03	2.412513014231647823e-01	1.432370601017306233e-01	2.633924544455099603e-01	1.608187248137586400e-01	7.731736420276008603e-02	3.208685114468681071e-02	8.189624386834150338e-02
1.294103532152788375e+03	2.409406624020909715e-01	1.430504076460823448e-01	2.635977846620869425e-01	1.609471487889156394e-01	7.737077709311759866e-02	3.211644301850849481e-02	8.197677638915033815e-02
1.296522417259616077e+03	2.406309177972446034e-01	1.428642926203143038e-01	2.638025102451460047e-01	1.610752021454142924e-01	7.742403619927822056e-02	3.214596144090502150e-02	8.205707955164986966e-02
1.298941302366443551e+03	2.403220650321916119e-01	1.426787134762827203e-01	2.640066329439967330e-01	1.612028859731886310e-01	7.747714196955646226e-02	3.217540661208229819e-02	8.213715399265389405e-02
1.301360187473271253e+03	2.400141015379266829e-01	1.424936686703082156e-01	2.642101545029048593e-01	1.613302013587447070e-01	7.753009485091100217e-02	3.220477873167638255e-02	8.221700034748050112e-02
1.303779072580098727e+03	2.397070247528518272e-01	1.423091566631627669e-01	2.644130766611070826e-01	1.614571493851743866e-01	7.758289528894947440e-02	3.223407799875517565e-02	8.229661924995168576e-02
1.306197957686926657e+03	2.394008321227549252e-01	1.421251759200568843e-01	2.646154011528252248e-01	1.615837311321691450e-01	7.763554372793325664e-02	3.226330461182011500e-02	8.237601133239295936e-02
1.308616842793753904e+03	2.390955211007883274e-01	1.419417249106267320e-01	2.648171297072807184e-01	1.617099476760336663e-01	7.768804061078210532e-02	3.229245876880786070e-02	8.245517722563311391e-02
1.311035727900581833e+03	2.387910891474475661e-01	1.417588021089212780e-01	2.650182640487093177e-01	1.618358000896994719e-01	7.774038637907899896e-02	3.232154066709199552e-02	8.253411755900390279e-02
1.313454613007409534e+03	2.384875337305500664e-01	1.415764059933896091e-01	2.652188058963752537e-01	1.619612894427382987e-01	7.779258147307466231e-02	3.235055050348466937e-02	8.261283296033995749e-02
1.315873498114237009e+03	2.381848523252139138e-01	1.413945350468680529e-01	2.654187569645856115e-01	1.620864168013755602e-01	7.784462633169238199e-02	3.237948847423830628e-02	8.269132405597869051e-02
1.318292383221064711e+03	2.378830424138367872e-01	1.412131877565676041e-01	2.656181189627045969e-01	1.622111832285035860e-01	7.789652139253247509e-02	3.240835477504724199e-02	8.276959147076021206e-02
1.320711268327892412e+03	2.375821014860748925e-01	1.410323626140611020e-01	2.658168935951678025e-01	1.623355897836948614e-01	7.794826709187704927e-02	3.243714960104941009e-02	8.284763582802739945e-02
1.323130153434719887e+03	2.372820270388218689e-01	1.408520581152707674e-01	2.660150825614964187e-01	1.624596375232150447e-01	7.799986386469447142e-02	3.246587314682797265e-02	8.292545774962593874e-02
1.325549038541547588e+03	2.369828165761878602e-01	1.406722727604554912e-01	2.662126875563115003e-01	1.625833275000361511e-01	7.805131214464396117e-02	3.249452560641297866e-02	8.300305785590450514e-02
1.327967923648375290e+03	2.366844676094787825e-01	1.404930050541983444e-01	2.664097102693478436e-01	1.627066607638494034e-01	7.810261236408014285e-02	3.252310717328300849e-02	8.308043676571492953e-02
1.330386808755202765e+03	2.363869776571752845e-01	1.403142535053940043e-01	2.666061523854683646e-01	1.628296383610779718e-01	7.815376495405752799e-02	3.255161804036681150e-02	8.315759509641250380e-02
1.332805693862030694e+03	2.360903442449120981e-01	1.401360166272363206e-01	2.668020155846779207e-01	1.629522613348899085e-01	7.820477034433503949e-02	3.258005840004492976e-02	8.323453346385623064e-02
1.335224578968857941e+03	2.357945649054573600e-01	1.399582929372057694e-01	2.669973015421374662e-01	1.630745307252108034e-01	7.825562896338039698e-02	3.260842844415133557e-02	8.331125248240923986e-02
1.337643464075685870e+03	2.354996371786919063e-01	1.397810809570572688e-01	2.671920119281779304e-01	1.631964475687363580e-01	7.830634123837465488e-02	3.263672836397504134e-02	8.338775276493920474e-02
1.340062349182513572e+03	2.352055586115886776e-01	1.396043792128075500e-01	2.673861484083142059e-01	1.633180128989448199e-01	7.835690759521654614e-02	3.266495835026172329e-02	8.346403492281875836e-02
1.342481234289341273e+03	2.349123267581923191e-01	1.394281862347229728e-01	2.675797126432590267e-01	1.634392277461096110e-01	7.840732845852690924e-02	3.269311859321533120e-02	8.354009956592611807e-02
1.344900119396168748e+03	2.346199391795985856e-01	1.392525005573072017e-01	2.677727062889366239e-01	1.635600931373115408e-01	7.845760425165310137e-02	3.272120928249968447e-02	8.361594730264558517e-02
1.347319004502996449e+03	2.343283934439339966e-01	1.390773207192888550e-01	2.679651309964968808e-01	1.636806100964511290e-01	7.850773539667324497e-02	3.274923060724007490e-02	8.369157873986818319e-02
1.349737889609823924e+03	2.340376871263355751e-01	1.389026452636094311e-01	2.681569884123287673e-01	1.638007796442608188e-01	7.855772231440059927e-02	3.277718275602486270e-02	8.376699448299236572e-02
1.352156774716651853e+03	2.337478178089303915e-01	1.387284727374109849e-01	2.683482801780742721e-01	1.639206027983170777e-01	7.860756542438794570e-02	3.280506591690707935e-02	8.384219513592472417e-02
1.354575659823479100e+03	2.334587830808154962e-01	1.385548016920240544e-01	2.685390079306419486e-01	1.640400805730524991e-01	7.865726514493179278e-02	3.283288027740597498e-02	8.391718130108075102e-02
1.356994544930307029e+03	2.331705805380377416e-01	1.383816306829554754e-01	2.687291733022206808e-01	1.641592139797676819e-01	7.870682189307659504e-02	3.286062602450862818e-02	8.399195357938567252e-02
1.359413430037134731e+03	2.328832077835736314e-01	1.382089582698763919e-01	2.689187779202933393e-01	1.642780040266432207e-01	7.875623608461911063e-02	3.288830334467150729e-02	8.406651257027530910e-02
1.361832315143962205e+03	2.325966624273092531e-01	1.380367830166100984e-01	2.691078234076501041e-01	1.643964517187514740e-01	7.880550813411257849e-02	3.291591242382203159e-02	8.414085887169700517e-02
1.364251200250789907e+03	2.323109420860204055e-01	1.378651034911200501e-01	2.692963113824021759e-01	1.645145580580683886e-01	7.885463845487084011e-02	3.294345344736013259e-02	8.421499308011054508e-02
1.366670085357617609e+03	2.320260443833525865e-01	1.376939182654979832e-01	2.694842434579952095e-01	1.646323240434850732e-01	7.890362745897265551e-02	3.297092660015983612e-02	8.428891579048918004e-02
1.369088970464445310e+03	2.317419669498011481e-01	1.375232259159518966e-01	2.696716212432228033e-01	1.647497506708194281e-01	7.895247555726576938e-02	3.299833206657078882e-02	8.436262759632066899e-02
1.371507855571272785e+03	2.314587074226915064e-01	1.373530250227941174e-01	2.698584463422399327e-01	1.648668389328277750e-01	7.900118315937104674e-02	3.302567003041980559e-02	8.443612908960836105e-02
1.373926740678100487e+03	2.311762634461593802e-01	1.371833141704294490e-01	2.700447203545762176e-01	1.649835898192161809e-01	7.904975067368665009e-02	3.305294067501241689e-02	8.450942086087230576e-02
1.376345625784927961e+03	2.308946326711310837e-01	1.370140919473434304e-01	2.702304448751491894e-01	1.651000043166519771e-01	7.909817850739207790e-02	3.308014418313440924e-02	8.458250349915044652e-02
1.378764510891755890e+03	2.306138127553039041e-01	1.368453569460903463e-01	2.704156214942778913e-01	1.652160834087749719e-01	7.914646706645228624e-02	3.310728073705335173e-02	8.465537759199978640e-02
1.381183395998583137e+03	2.303338013631265890e-01	1.366771077632816522e-01	2.706002517976958677e-01	1.653318280762088033e-01	7.919461675562176894e-02	3.313435051852012259e-02	8.472804372549767871e-02
1.383602281105411066e+03	2.300545961657797234e-01	1.365093429995741237e-01	2.707843373665645426e-01	1.654472392965720962e-01	7.924262797844848494e-02	3.316135370877042188e-02	8.480050248424310377e-02
1.386021166212238768e+03	2.297761948411563282e-01	1.363420612596581705e-01	2.709678797774862091e-01	1.655623180444895370e-01	7.929050113727800775e-02	3.318829048852630498e-02	8.487275445135794572e-02
1.388440051319066470e+03	2.294985950738424041e-01	1.361752611522462075e-01	2.711508806025173524e-01	1.656770652916030040e-01	7.933823663325745290e-02	3.321516103799769526e-02	8.494480020848839408e-02
1.390858936425893944e+03	2.292217945550976688e-01	1.360089412900610251e-01	2.713333414091817497e-01	1.657914820065824746e-01	7.938583486633950248e-02	3.324196553688385514e-02	8.501664033580631774e-02
1.393277821532721646e+03	2.289457909828362392e-01	1.358431002898241313e-01	2.715152637604832386e-01	1.659055691551370171e-01	7.943329623528633254e-02	3.326870416437493344e-02	8.508827541201070821e-02
1.395696706639549120e+03	2.286705820616073137e-01	1.356777367722442618e-01	2.716966492149191503e-01	1.660193277000256984e-01	7.948062113767355441e-02	3.329537709915343646e-02	8.515970601432913678e-02
1.398115591746377049e+03	2.283961655025761595e-01	1.355128493620058328e-01	2.718774993264931883e-01	1.661327586010681867e-01	7.952780996989418372e-02	3.332198451939571981e-02	8.523093271851928110e-02
1.400534476853204296e+03	2.281225390235047945e-01	1.353484366877574230e-01	2.720578156447281404e-01	1.662458628151557427e-01	7.957486312716252619e-02	3.334852660277348724e-02	8.530195609887039621e-02
1.402953361960032225e+03	2.278497003487330863e-01	1.351844973821003659e-01	2.722375997146790905e-01	1.663586412962616279e-01	7.962178100351806342e-02	3.337500352645525470e-02	8.537277672820497987e-02
1.405372247066859927e+03	2.275776472091597114e-01	1.350210300815772313e-01	2.724168530769461305e-01	1.664710949954520125e-01	7.966856399182931092e-02	3.340141546710784920e-02	8.544339517788024363e-02
1.407791132173687402e+03	2.273063773422230316e-01	1.348580334266605285e-01	2.725955772676873501e-01	1.665832248608962174e-01	7.971521248379771774e-02	3.342776260089786594e-02	8.551381201778984753e-02
1.410210017280515103e+03	2.270358884918824705e-01	1.346955060617412714e-01	2.727737738186313821e-01	1.666950318378773999e-01	7.976172686996141348e-02	3.345404510349312549e-02	8.558402781636553769e-02
1.412628902387342805e+03	2.267661784085994170e-01	1.345334466351177372e-01	2.729514442570904476e-01	1.668065168688029343e-01	7.980810753969913574e-02	3.348026315006416564e-02	8.565404314057883939e-02
1.415047787494170507e+03	2.264972448493186297e-01	1.343718537989840589e-01	2.731285901059727905e-01	1.669176808932147371e-01	7.985435488123394931e-02	3.350641691528569166e-02	8.572385855594275017e-02
1.417466672600997981e+03	2.262290855774494180e-01	1.342107262094190678e-01	2.733052128837957784e-01	1.670285248477996476e-01	7.990046928163711815e-02	3.353250657333800566e-02	8.579347462651351619e-02
1.419885557707825683e+03	2.259616983628469633e-01	1.340500625263749968e-01	2.734813141046982810e-01	1.671390496663996417e-01	7.994645112683172739e-02	3.355853229790848463e-02	8.586289191489243633e-02
1.422304442814653157e+03	2.256950809817936943e-01	1.338898614136663778e-01	2.736568952784531605e-01	1.672492562800220184e-01	7.999230080159658307e-02	3.358449426219300288e-02	8.593211098222763855e-02
1.424723327921481086e+03	2.254292312169807466e-01	1.337301215389587461e-01	2.738319579104802060e-01	1.673591456168495306e-01	8.003801868956986199e-02	3.361039263889739614e-02	8.600113238821592565e-02
1.427142213028308333e+03	2.251641468574894223e-01	1.335708415737576482e-01	2.740065035018585116e-01	1.674687186022505159e-01	8.008360517325284478e-02	3.363622760023884939e-02	8.606995669110467650e-02
1.429561098135136262e+03	2.248998256987727040e-01	1.334120201933974015e-01	2.741805335493388007e-01	1.675779761587888606e-01	8.012906063401362133e-02	3.366199931794738864e-02	8.613858444769367795e-02
1.431979983241963964e+03	2.246362655426369370e-01	1.332536560770301581e-01	2.743540495453562489e-01	1.676869192062339919e-01	8.017438545209075451e-02	3.368770796326726186e-02	8.620701621333709541e-02
1.434398868348791666e+03	2.243734641972233712e-01	1.330957479076148586e-01	2.745270529780426960e-01	1.677955486615708147e-01	8.021958000659697163e-02	3.371335370695837524e-02	8.627525254194538806e-02
1.436817753455619140e+03	2.241114194769898982e-01	1.329382943719061017e-01	2.746995453312390811e-01	1.679038654390095087e-01	8.026464467552278659e-02	3.373893671929771576e-02	8.634329398598730720e-02
1.439236638562446842e+03	2.238501292026928990e-01	1.327812941604433750e-01	2.748715280845078768e-01	1.680118704499954652e-01	8.030957983574014969e-02	3.376445717008075276e-02	8.641114109649185304e-02
1.441655523669274316e+03	2.235895912013688425e-01	1.326247459675399532e-01	2.750430027131454125e-01	1.681195646032187796e-01	8.035438586300609753e-02	3.378991522862283964e-02	8.647879442305034248e-02
1.444074408776102018e+03	2.233298033063163823e-01	1.324686484912720452e-01	2.752139706881941428e-01	1.682269488046243266e-01	8.039906313196629184e-02	3.381531106376064327e-02	8.654625451381840751e-02
1.446493293882929493e+03	2.230707633570780946e-01	1.323130004334680254e-01	2.753844334764548596e-01	1.683340239574210306e-01	8.044361201615862766e-02	3.384064484385350402e-02	8.661352191551807689e-02
1.448912178989757422e+03	2.228124691994225470e-01	1.321578004996974420e-01	2.755543925404989047e-01	1.684407909620917465e-01	8.048803288801684164e-02	3.386591673678485820e-02	8.668059717343989945e-02
1.451331064096585123e+03	2.225549186853262584e-01	1.320030473992602482e-01	2.757238493386804379e-01	1.685472507164026135e-01	8.053232611887400916e-02	3.389112690996362587e-02	8.674748083144498412e-02
1.453749949203412370e+03	2.222981096729558237e-01	1.318487398451760884e-01	2.758928053251486490e-01	1.686534041154126584e-01	8.057649207896611099e-02	3.391627553032559167e-02	8.681417343196722036e-02
1.456168834310240300e+03	2.220420400266499839e-01	1.316948765541735566e-01	2.760612619498597486e-01	1.687592520514831496e-01	8.062053113743557209e-02	3.394136276433477178e-02	8.688067551601537375e-02
1.458587719417068001e+03	2.217867076169018070e-01	1.315414562466793724e-01	2.762292206585891807e-01	1.688647954142870333e-01	8.066444366233474494e-02	3.396638877798480866e-02	8.694698762317525087e-02
1.461006604523895703e+03	2.215321103203409248e-01	1.313884776468078053e-01	2.763966828929433905e-01	1.689700350908183712e-01	8.070823002062940676e-02	3.399135373680033795e-02	8.701311029161194754e-02
1.463425489630723177e+03	2.212782460197158518e-01	1.312359394823499614e-01	2.765636500903722039e-01	1.690749719654014993e-01	8.075189057820224281e-02	3.401625780583835551e-02	8.707904405807205539e-02
1.465844374737550879e+03	2.210251126038763059e-01	1.310838404847632366e-01	2.767301236841806511e-01	1.691796069197002983e-01	8.079542569985631584e-02	3.404110114968957740e-02	8.714478945788586839e-02
1.468263259844378354e+03	2.207727079677554716e-01	1.309321793891606578e-01	2.768961051035407350e-01	1.692839408327273809e-01	8.083883574931853555e-02	3.406588393247980684e-02	8.721034702496963109e-02
1.470682144951206283e+03	2.205210300123526534e-01	1.307809549343003086e-01	2.770615957735037549e-01	1.693879745808533066e-01	8.088212108924303090e-02	3.409060631787128037e-02	8.727571729182789784e-02
1.473101030058033530e+03	2.202700766447155123e-01	1.306301658625749207e-01	2.772265971150117414e-01	1.694917090378156577e-01	8.092528208121463340e-02	3.411526846906401400e-02	8.734090078955569769e-02
1.475519915164861459e+03	2.200198457779228844e-01	1.304798109200012435e-01	2.773911105449096692e-01	1.695951450747280598e-01	8.096831908575222170e-02	3.413987054879716321e-02	8.740589804784099082e-02
1.477938800271689161e+03	2.197703353310671015e-01	1.303298888562096358e-01	2.775551374759570034e-01	1.696982835600891748e-01	8.101123246231219099e-02	3.416441271935036911e-02	8.747070959496684728e-02
1.480357685378516862e+03	2.195215432292367264e-01	1.301803984244336299e-01	2.777186793168395229e-01	1.698011253597917491e-01	8.105402256929175597e-02	3.418889514254507683e-02	8.753533595781393117e-02
1.482776570485344337e+03	2.192734674034993170e-01	1.300313383814995227e-01	2.778817374721811451e-01	1.699036713371314122e-01	8.109668976403239249e-02	3.421331797974587474e-02	8.759977766186276271e-02
