1.301360187473271253e+03	2.356840824995905803e-01	1.499445200721336025e-01	2.594669385115234150e-01	1.620194404935492161e-01	7.658026356891559083e-02	3.194021898396552650e-02	8.436453586987976982e-02
1.306197957686926657e+03	2.350951329335206619e-01	1.495300173556473600e-01	2.598516611254787501e-01	1.622747689136901650e-01	7.669484094213152581e-02	3.200316577201157975e-02	8.455041295707765858e-02
1.311035727900581833e+03	2.345095146756213944e-01	1.491179989484536506e-01	2.602340197233023456e-01	1.625285527414889741e-01	7.680871198288061197e-02	3.206603531775251148e-02	8.473516661005825457e-02
1.315873498114237009e+03	2.339272132319847597e-01	1.487084458297699419e-01	2.606140301560648798e-01	1.627808022678139122e-01	7.692188129155562437e-02	3.212882391604212490e-02	8.491880330632653462e-02
1.320711268327892412e+03	2.333482138978384135e-01	1.483013393533741675e-01	2.609917081749414947e-01	1.630315276694211390e-01	7.703435346724504806e-02	3.219152794437023929e-02	8.510132949236723365e-02
1.325549038541547588e+03	2.327725017764991078e-01	1.478966612299145722e-01	2.613670694290010088e-01	1.632807390168358463e-01	7.714613310250408029e-02	3.225414386138562850e-02	8.528275158341751261e-02
1.330386808755202765e+03	2.322000617971527181e-01	1.474943935102418502e-01	2.617401294634556508e-01	1.635284462810089323e-01	7.725722477897156715e-02	3.231666820546168217e-02	8.546307596326536971e-02
1.335224578968857941e+03	2.316308787315324580e-01	1.470945185697028201e-01	2.621109037182994816e-01	1.637746593389467487e-01	7.736763306370311732e-02	3.237909759330081377e-02	8.564230898407229620e-02
1.340062349182513572e+03	2.310649372095616716e-01	1.466970190933389595e-01	2.624794075272749438e-01	1.640193879784797304e-01	7.747736250610968989e-02	3.244142871857406962e-02	8.582045696621869169e-02
1.344900119396168748e+03	2.305022217340242097e-01	1.463018780619354808e-01	2.628456561171171324e-01	1.642626419023088535e-01	7.758641763540861935e-02	3.250365835059310787e-02	8.599752619817033206e-02
1.349737889609823924e+03	2.299427166943208145e-01	1.459090787388712673e-01	2.632096646070334889e-01	1.645044307314475207e-01	7.769480295850765550e-02	3.256578333301194533e-02	8.617352293636501570e-02
1.354575659823479100e+03	2.293864063793670527e-01	1.455186046577217340e-01	2.635714480083826694e-01	1.647447640081565190e-01	7.780252295825558495e-02	3.262780058255647375e-02	8.634845340511768108e-02
1.359413430037134731e+03	2.288332749896840879e-01	1.451304396105700389e-01	2.639310212245232767e-01	1.649836511984551224e-01	7.790958209200241069e-02	3.268970708777976103e-02	8.652232379654301031e-02
1.364251200250789907e+03	2.282833066487315876e-01	1.447445676369850942e-01	2.642883990508060887e-01	1.652211016942770894e-01	7.801598479042153034e-02	3.275149990784179815e-02	8.669514027049451954e-02
1.369088970464445310e+03	2.277364854135277006e-01	1.443609730136265756e-01	2.646435961746886334e-01	1.654571248153304808e-01	7.812173545655340390e-02	3.281317617131211672e-02	8.686690895451884553e-02
1.373926740678100487e+03	2.271927952845996523e-01	1.439796402444398493e-01	2.649966271759540137e-01	1.656917298107092873e-01	7.822683846503633576e-02	3.287473307499429870e-02	8.703763594382435409e-02
1.378764510891755890e+03	2.266522202153044840e-01	1.436005540514062595e-01	2.653475065270183286e-01	1.659249258602984445e-01	7.833129816149564384e-02	3.293616788277129587e-02	8.720732730126323773e-02
1.383602281105411066e+03	2.261147441205589026e-01	1.432236993658156099e-01	2.656962485933133666e-01	1.661567220760065411e-01	7.843511886206652739e-02	3.299747792447068478e-02	8.737598905732606169e-02
1.388440051319066470e+03	2.255803508850124650e-01	1.428490613200301407e-01	2.660428676337333598e-01	1.663871275028545593e-01	7.853830485302995545e-02	3.305866059474914243e-02	8.754362721014810611e-02
1.393277821532721646e+03	2.250490243706985694e-01	1.424766252397111910e-01	2.663873778011363047e-01	1.666161511199454048e-01	7.864086039054429822e-02	3.311971335199539318e-02	8.771024772552657445e-02
1.398115591746377049e+03	2.245207484241942830e-01	1.421063766364807079e-01	2.667297931428920799e-01	1.668438018413339052e-01	7.874278970045753279e-02	3.318063371725116228e-02	8.787585653694812704e-02
1.402953361960032225e+03	2.239955068833183183e-01	1.417383012009925669e-01	2.670701276014693648e-01	1.670700885168144578e-01	7.884409697818764440e-02	3.324141927314943484e-02	8.804045954562593479e-02
1.407791132173687402e+03	2.234732835833954379e-01	1.413723847963892777e-01	2.674083950150564770e-01	1.672950199326404819e-01	7.894478638866071762e-02	3.330206766286971515e-02	8.820406262054560076e-02
1.412628902387342805e+03	2.229540623631126595e-01	1.410086134521211509e-01	2.677446091182100751e-01	1.675186048121870552e-01	7.904486206629754430e-02	3.336257658910975893e-02	8.836667159851946396e-02
1.417466672600997981e+03	2.224378270699925442e-01	1.406469733581068027e-01	2.680787835425278987e-01	1.677408518165671436e-01	7.914432811504121257e-02	3.342294381307343853e-02	8.852829228424867469e-02
1.422304442814653157e+03	2.219245615655060511e-01	1.402874508592151515e-01	2.684109318173413805e-01	1.679617695452091108e-01	7.924318860841927936e-02	3.348316715347433165e-02	8.868893045039240308e-02
1.427142213028308333e+03	2.214142497298468570e-01	1.399300324500495352e-01	2.687410673704249131e-01	1.681813665364026433e-01	7.934144758963504462e-02	3.354324448555481147e-02	8.884859183764391710e-02
1.431979983241963964e+03	2.209068754663874867e-01	1.395747047700162669e-01	2.690692035287192696e-01	1.683996512678184732e-01	7.943910907168315327e-02	3.360317374012020825e-02	8.900728215481283623e-02
1.436817753455619140e+03	2.204024227058365426e-01	1.392214545986612817e-01	2.693953535190660165e-01	1.686166321570068127e-01	7.953617703748590284e-02	3.366295290258788930e-02	8.916500707891325539e-02
1.441655523669274316e+03	2.199008754101145768e-01	1.388702688512586936e-01	2.697195304689514739e-01	1.688323175618781924e-01	7.963265544004660690e-02	3.372258001205087619e-02	8.932177225525725350e-02
1.446493293882929493e+03	2.194022175759663962e-01	1.385211345746366340e-01	2.700417474072578927e-01	1.690467157811701149e-01	7.972854820261736364e-02	3.378205316035581829e-02	8.947758329755346740e-02
1.451331064096585123e+03	2.189064332383247047e-01	1.381740389432266902e-01	2.703620172650202935e-01	1.692598350549017194e-01	7.982385921887887037e-02	3.384137049119510798e-02	8.963244578801031481e-02
1.456168834310240300e+03	2.184135064734409326e-01	1.378289692553232859e-01	2.706803528761879685e-01	1.694716835648190922e-01	7.991859235313002185e-02	3.390053019921282496e-02	8.978636527744354723e-02
1.461006604523895703e+03	2.179234214017966853e-01	1.374859129295413762e-01	2.709967669783888145e-01	1.696822694348327498e-01	8.001275144048583532e-02	3.395953052912435710e-02	8.993934728538786894e-02
1.465844374737550879e+03	2.174361621908096620e-01	1.371448575014601601e-01	2.713112722136957200e-01	1.698916007314485443e-01	8.010634028708206456e-02	3.401836977484946206e-02	9.009139730021210879e-02
1.470682144951206283e+03	2.169517130573457853e-01	1.368057906204427077e-01	2.716238811293939515e-01	1.700996854641934064e-01	8.019936267028521248e-02	3.407704627865860980e-02	9.024252077923802795e-02
1.475519915164861459e+03	2.164700582700499754e-01	1.364687000466204281e-01	2.719346061787489832e-01	1.703065315860368412e-01	8.029182233890698461e-02	3.413555843033233561e-02	9.039272314886206972e-02
1.480357685378516862e+03	2.159911821515061170e-01	1.361335736480333292e-01	2.722434597217736063e-01	1.705121469938085943e-01	8.038372301342226744e-02	3.419390466633347864e-02	9.054200980468021798e-02
1.485195455592172038e+03	2.155150690802365154e-01	1.358003993979166601e-01	2.725504540259938158e-01	1.707165395286135146e-01	8.047506838618972980e-02	3.425208346899204226e-02	9.069038611161535368e-02
1.490033225805827215e+03	2.150417034925510840e-01	1.354691653721256384e-01	2.728556012672130882e-01	1.709197169762435575e-01	8.056586212167449190e-02	3.431009336570263468e-02	9.083785740404716480e-02
1.494870996019482618e+03	2.145710698842548114e-01	1.351398597466900164e-01	2.731589135302742721e-01	1.711216870675877633e-01	8.065610785667229332e-02	3.436793292813412892e-02	9.098442898594431838e-02
1.499708766233137567e+03	2.141031528122226135e-01	1.348124707954911905e-01	2.734604028098189810e-01	1.713224574790401245e-01	8.074580920053457678e-02	3.442560077145147973e-02	9.113010613099863100e-02
1.504546536446793198e+03	2.136379368958492564e-01	1.344869868880542163e-01	2.737600810110435989e-01	1.715220358329055672e-01	8.083496973539423813e-02	3.448309555354955175e-02	9.127489408276109883e-02
1.509384306660448374e+03	2.131754068183824014e-01	1.341633964874489604e-01	2.740579599504519570e-01	1.717204296978043221e-01	8.092359301639154290e-02	3.454041597429866051e-02	9.141879805477970411e-02
1.514222076874103550e+03	2.127155473281454323e-01	1.338416881482929477e-01	2.743540513566040673e-01	1.719176465890746852e-01	8.101168257189990396e-02	3.459756077480179159e-02	9.156182323073870644e-02
1.519059847087758726e+03	2.122583432396571435e-01	1.335218505148510204e-01	2.746483668708613601e-01	1.721136939691740309e-01	8.109924190375138175e-02	3.465452873666326206e-02	9.170397476459933583e-02
1.523897617301414357e+03	2.118037794346547542e-01	1.332038723192255913e-01	2.749409180481265924e-01	1.723085792480785472e-01	8.118627448746161546e-02	3.471131868126865749e-02	9.184525778074174862e-02
1.528735387515069533e+03	2.113518408630256362e-01	1.328877423796325508e-01	2.752317163575802583e-01	1.725023097836810848e-01	8.127278377245392149e-02	3.476792946907594078e-02	9.198567737410810741e-02
1.533573157728724709e+03	2.109025125436539971e-01	1.325734495987578032e-01	2.755207731834115048e-01	1.726948928821875895e-01	8.135877318228247612e-02	3.482435999891751732e-02	9.212523861034660477e-02
1.538410927942380113e+03	2.104557795651872121e-01	1.322609829621895494e-01	2.758080998255449390e-01	1.728863357985117311e-01	8.144424611485454046e-02	3.488060920731312492e-02	9.226394652595641677e-02
1.543248698156035516e+03	2.100116270867272983e-01	1.319503315369227048e-01	2.760937075003612740e-01	1.730766457366681166e-01	8.152920594265128384e-02	3.493667606779339574e-02	9.240180612843341967e-02
1.548086468369690692e+03	2.095700403384517796e-01	1.316414844699303754e-01	2.763776073414139778e-01	1.732658298501633387e-01	8.161365601294753858e-02	3.499255959023390983e-02	9.253882239641653129e-02
1.552924238583346096e+03	2.091310046221683816e-01	1.313344309867992554e-01	2.766598104001399272e-01	1.734538952423855807e-01	8.169759964802997265e-02	3.504825882019967087e-02	9.267500027983467670e-02
1.557762008797001272e+03	2.086945053118079152e-01	1.310291603904248092e-01	2.769403276465647323e-01	1.736408489669920840e-01	8.178104014541395794e-02	3.510377283829971967e-02	9.281034470005422587e-02
1.562599779010656675e+03	2.082605278538589844e-01	1.307256620597633257e-01	2.772191699700027323e-01	1.738266980282948404e-01	8.186398077805878692e-02	3.515910075955191311e-02	9.294486055002676439e-02
1.567437549224311852e+03	2.078290577677482098e-01	1.304239254486372623e-01	2.774963481797515508e-01	1.740114493816440622e-01	8.194642479458143225e-02	3.521424173275752856e-02	9.307855269443729429e-02
1.572275319437967255e+03	2.074000806461693824e-01	1.301239400845908001e-01	2.777718730057804897e-01	1.741951099338097941e-01	8.202837541946857158e-02	3.526919493988572851e-02	9.321142596985257378e-02
1.577113089651622431e+03	2.069735821553647659e-01	1.298256955677931646e-01	2.780457550994138716e-01	1.743776865433611933e-01	8.210983585328701650e-02	3.532395959546763553e-02	9.334348518486967894e-02
1.581950859865277607e+03	2.065495480353617130e-01	1.295291815699865234e-01	2.783180050340083866e-01	1.745591860210436996e-01	8.219080927289237892e-02	3.537853494599990656e-02	9.347473512026471809e-02
1.586788630078933011e+03	2.061279641001672047e-01	1.292343878334763219e-01	2.785886333056245001e-01	1.747396151301539857e-01	8.227129883163615542e-02	3.543292026935770250e-02	9.360518052914147680e-02
1.591626400292587959e+03	2.057088162379231422e-01	1.289413041701615303e-01	2.788576503336922530e-01	1.749189805869124925e-01	8.235130765957088261e-02	3.548711487421683103e-02	9.373482613708018774e-02
1.596464170506243590e+03	2.052920904110247802e-01	1.286499204606025015e-01	2.791250664616714561e-01	1.750972890608336607e-01	8.243083886365361324e-02	3.554111809948504175e-02	9.386367664228620344e-02
1.601301940719898766e+03	2.048777726562049095e-01	1.283602266531245206e-01	2.793908919577057226e-01	1.752745471750936646e-01	8.250989552794765758e-02	3.559492931374226565e-02	9.399173671573848865e-02
1.606139710933553943e+03	2.044658490845855936e-01	1.280722127629549401e-01	2.796551370152706717e-01	1.754507615068958137e-01	8.258848071382246525e-02	3.564854791468968082e-02	9.411901100133807097e-02
1.610977481147209119e+03	2.040563058817000675e-01	1.277858688713919832e-01	2.799178117538164146e-01	1.756259385878333190e-01	8.266659746015177224e-02	3.570197332860745865e-02	9.424550411605622791e-02
1.615815251360864750e+03	2.036491293074862985e-01	1.275011851250035799e-01	2.801789262194043784e-01	1.758000849042495872e-01	8.274424878350984669e-02	3.575520500982114908e-02	9.437122065008243799e-02
1.620653021574519926e+03	2.032443056962543459e-01	1.272181517348545399e-01	2.804384903853378574e-01	1.759732068975959907e-01	8.282143767836606940e-02	3.580824244017643404e-02	9.449616516697208202e-02
1.625490791788175102e+03	2.028418214566290179e-01	1.269367589757605108e-01	2.806965141527870689e-01	1.761453109647869997e-01	8.289816711727758525e-02	3.586108512852228397e-02	9.462034220379382521e-02
1.630328562001830505e+03	2.024416630714697685e-01	1.266569971855673882e-01	2.809530073514083237e-01	1.763164034585526785e-01	8.297444005108024767e-02	3.591373261020227442e-02	9.474375627127666621e-02
1.635166332215485909e+03	2.020438170977690573e-01	1.263788567644543170e-01	2.812079797399572034e-01	1.764864906877884609e-01	8.305025940907767579e-02	3.596618444655396568e-02	9.486641185395659759e-02
1.640004102429141085e+03	2.016482701665308630e-01	1.261023281742597035e-01	2.814614410068965178e-01	1.766555789179024005e-01	8.312562809922860452e-02	3.601844022441631071e-02	9.498831341032287767e-02
1.644841872642796488e+03	2.012550089826303235e-01	1.258274019378285979e-01	2.817134007709976573e-01	1.768236743711596448e-01	8.320054900833233347e-02	3.607049955564484156e-02	9.510946537296391390e-02
1.649679642856451665e+03	2.008640203246563893e-01	1.255540686383801452e-01	2.819638685819368940e-01	1.769907832270241621e-01	8.327502500221253823e-02	3.612236207663462734e-02	9.522987214871259098e-02
1.654517413070107068e+03	2.004752910447380188e-01	1.252823189188944086e-01	2.822128539208857978e-01	1.771569116224979146e-01	8.334905892589913878e-02	3.617402744785080254e-02	9.534953811879126606e-02
1.659355183283762244e+03	2.000888080683555503e-01	1.250121434815174015e-01	2.824603662010958249e-01	1.773220656524572003e-01	8.342265360380851646e-02	3.622549535336667265e-02	9.546846763895616705e-02
1.664192953497417420e+03	1.997045583941379487e-01	1.247435330869832160e-01	2.827064147684775763e-01	1.774862513699861366e-01	8.349581183992196842e-02	3.627676550040909859e-02	9.558666503964133310e-02
1.669030723711072824e+03	1.993225290936471716e-01	1.244764785540526525e-01	2.829510089021740060e-01	1.776494747867077284e-01	8.356853641796238574e-02	3.632783761891127117e-02	9.570413462610199984e-02
1.673868493924728000e+03	1.989427073111505462e-01	1.242109707589670875e-01	2.831941578151286332e-01	1.778117418731118837e-01	8.364083010156908582e-02	3.637871146107259784e-02	9.582088067855742963e-02
1.678706264138383403e+03	1.985650802633816270e-01	1.239470006349172038e-01	2.834358706546475926e-01	1.779730585588808478e-01	8.371269563447114592e-02	3.642938680092563247e-02	9.593690745233322825e-02
1.683544034352038352e+03	1.981896352392911731e-01	1.236845591715255571e-01	2.836761565029566889e-01	1.781334307332119171e-01	8.378413574065884939e-02	3.647986343391002723e-02	9.605221917800302323e-02
1.688381804565693983e+03	1.978163595997882163e-01	1.234236374143423687e-01	2.839150243777529004e-01	1.782928642451372669e-01	8.385515312455350811e-02	3.653014117645327768e-02	9.616682006152962869e-02
1.693219574779349159e+03	1.974452407774724139e-01	1.231642264643538626e-01	2.841524832327502748e-01	1.784513649038413086e-01	8.392575047117553644e-02	3.658021986555828192e-02	9.628071428440553026e-02
1.698057344993004335e+03	1.970762662763580753e-01	1.229063174775024969e-01	2.843885419582204421e-01	1.786089384789750489e-01	8.399593044631090133e-02	3.663009935839745684e-02	9.639390600379277307e-02
1.702895115206659511e+03	1.967094236715908051e-01	1.226499016642184914e-01	2.846232093815282416e-01	1.787655907009678968e-01	8.406569569667586561e-02	3.667977953191350893e-02	9.650639935266236424e-02
1.707732885420315142e+03	1.963447006091571245e-01	1.223949702889622071e-01	2.848564942676616862e-01	1.789213272613366934e-01	8.413504885008014911e-02	3.672926028242657487e-02	9.661819843993280088e-02
1.712570655633970318e+03	1.959820848055877918e-01	1.221415146697766574e-01	2.850884053197564327e-01	1.790761538129920505e-01	8.420399251558841058e-02	3.677854152524777376e-02	9.672930735060814023e-02
1.717408425847625494e+03	1.956215640476550721e-01	1.218895261778497607e-01	2.853189511796158651e-01	1.792300759705420798e-01	8.427252928368003659e-02	3.682762319429896264e-02	9.683973014591544526e-02
1.722246196061280898e+03	1.952631261920648731e-01	1.216389962370859196e-01	2.855481404282253499e-01	1.793830993105933469e-01	8.434066172640754255e-02	3.687650524173873706e-02	9.694947086344142539e-02
1.727083966274936301e+03	1.949067591651439946e-01	1.213899163236864254e-01	2.857759815862615516e-01	1.795352293720491876e-01	8.440839239755307255e-02	3.692518763759438521e-02	9.705853351726850820e-02
1.731921736488591478e+03	1.945524509625226883e-01	1.211422779657381626e-01	2.860024831145968616e-01	1.796864716564054443e-01	8.447572383278366404e-02	3.697367036939994828e-02	9.716692209811032821e-02
1.736759506702246881e+03	1.942001896488134427e-01	1.208960727428104870e-01	2.862276534147986662e-01	1.798368316280433976e-01	8.454265854980459738e-02	3.702195344184008169e-02	9.727464057344638315e-02
1.741597276915902057e+03	1.938499633572859093e-01	1.206512922855596665e-01	2.864515008296237286e-01	1.799863147145203679e-01	8.460919904851153805e-02	3.707003687639973816e-02	9.738169288765612108e-02
1.746435047129557461e+03	1.935017602895387212e-01	1.204079282753405811e-01	2.866740336435075753e-01	1.801349263068573459e-01	8.467534781114088860e-02	3.711792071101960300e-02	9.748808296215233371e-02
1.751272817343212637e+03	1.931555687151681744e-01	1.201659724438255833e-01	2.868952600830491639e-01	1.802826717598244310e-01	8.474110730241876666e-02	3.716560499975708060e-02	9.759381469551385579e-02
1.756110587556867813e+03	1.928113769714344117e-01	1.199254165726297700e-01	2.871151883174904995e-01	1.804295563922234114e-01	8.480647996970841485e-02	3.721308981245289443e-02	9.769889196361765393e-02
1.760948357770523216e+03	1.924691734629251361e-01	1.196862524929428323e-01	2.873338264591919211e-01	1.805755854871678445e-01	8.487146824315611182e-02	3.726037523440309945e-02	9.780331861977006880e-02
1.765786127984178393e+03	1.921289466612174368e-01	1.194484720851669152e-01	2.875511825641021146e-01	1.807207642923607804e-01	8.493607453583577882e-02	3.730746136603648594e-02	9.790709849483755778e-02
1.770623898197833569e+03	1.917906851045375338e-01	1.192120672785603186e-01	2.877672646322237404e-01	1.808650980203697634e-01	8.500030124389182373e-02	3.735434832259725696e-02	9.801023539737663270e-02
1.775461668411488745e+03	1.914543773974193008e-01	1.189770300508868339e-01	2.879820806080746198e-01	1.810085918488994194e-01	8.506415074668081944e-02	3.740103623383295162e-02	9.811273311376313144e-02
1.780299438625144376e+03	1.911200122103612620e-01	1.187433524280703673e-01	2.881956383811439815e-01	1.811512509210616018e-01	8.512762540691165558e-02	3.744752524368744756e-02	9.821459540832080948e-02
1.785137208838799552e+03	1.907875782794823671e-01	1.185110264838547811e-01	2.884079457863443774e-01	1.812930803456430651e-01	8.519072757078420544e-02	3.749381550999906360e-02	9.831582602344926536e-02
1.789974979052454728e+03	1.904570644061771567e-01	1.182800443394686762e-01	2.886190106044589365e-01	1.814340851973707536e-01	8.525345956812674375e-02	3.753990720420363747e-02	9.841642867975115838e-02
1.794812749266109904e+03	1.901284594567699826e-01	1.180503981632948368e-01	2.888288405625847877e-01	1.815742705171743965e-01	8.531582371253186581e-02	3.758580051104244701e-02	9.851640707615869075e-02
1.799650519479765535e+03	1.898017523621687019e-01	1.178220801705443105e-01	2.890374433345711536e-01	1.817136413124472161e-01	8.537782230149106033e-02	3.763149562827504402e-02	9.861576489005946522e-02
1.804488289693420711e+03	1.894769321175180099e-01	1.175950826229349017e-01	2.892448265414537811e-01	1.818522025573038881e-01	8.543945761652801951e-02	3.767699276639677880e-02	9.871450577742162114e-02
1.809326059907075887e+03	1.891539877818526061e-01	1.173693978283737172e-01	2.894509977518848198e-01	1.819899591928361426e-01	8.550073192333045025e-02	3.772229214836100158e-02	9.881263337291827653e-02
1.814163830120731291e+03	1.888329084777502220e-01	1.171450181406440694e-01	2.896559644825585367e-01	1.821269161273662562e-01	8.556164747188074737e-02	3.776739400930591989e-02	9.891015129005130413e-02
1.819001600334386467e+03	1.885136833909845655e-01	1.169219359590959739e-01	2.898597341986328679e-01	1.822630782366981006e-01	8.562220649658515426e-02	3.781229859628594536e-02	9.900706312127441344e-02
1.823839370548041643e+03	1.881963017701787366e-01	1.167001437283407272e-01	2.900623143141468629e-01	1.823984503643658328e-01	8.568241121640181313e-02	3.785700616800753010e-02	9.910337243811551122e-02
1.828677140761696819e+03	1.878807529264586440e-01	1.164796339379488843e-01	2.902637121924335206e-01	1.825330373218805868e-01	8.574226383496749704e-02	3.790151699456940915e-02	9.919908279129843742e-02
1.833514910975352450e+03	1.875670262331070315e-01	1.162603991221519834e-01	2.904639351465292951e-01	1.826668438889745560e-01	8.580176654072295406e-02	3.794583135720714512e-02	9.929419771086399338e-02
1.838352681189008081e+03	1.872551111252178380e-01	1.160424318595474902e-01	2.906629904395791608e-01	1.827998748138431051e-01	8.586092150703709958e-02	3.798994954804198881e-02	9.938872070629027611e-02
1.843190451402663257e+03	1.869449970993512788e-01	1.158257247728072120e-01	2.908608852852376248e-01	1.829321348133846614e-01	8.591973089233000127e-02	3.803387186983386847e-02	9.948265526661231872e-02
1.848028221616318433e+03	1.866366737131895104e-01	1.156102705283887783e-01	2.910576268480661311e-01	1.830636285734382751e-01	8.597819684019455955e-02	3.807759863573859094e-02	9.957600486054112021e-02
1.852865991829973609e+03	1.863301305851931544e-01	1.153960618362502716e-01	2.912532222439262464e-01	1.831943607490192361e-01	8.603632147951706388e-02	3.812113016906904656e-02	9.966877293658192583e-02
1.857703762043628785e+03	1.860253573942587391e-01	1.151830914495679259e-01	2.914476785403692372e-01	1.833243359645522208e-01	8.609410692459643077e-02	3.816446680306048722e-02	9.976096292315188296e-02
1.862541532257283961e+03	1.857223438793768056e-01	1.149713521644565445e-01	2.916410027570217056e-01	1.834535588141027462e-01	8.615155527526238699e-02	3.820760888063969019e-02	9.985257822869704480e-02
1.867379302470939592e+03	1.854210798392911530e-01	1.147608368196929990e-01	2.918332018659675064e-01	1.835820338616062086e-01	8.620866861699236217e-02	3.825055675419805623e-02	9.994362224180859677e-02
1.872217072684594768e+03	1.851215551321591934e-01	1.145515382964422541e-01	2.920242827921260553e-01	1.837097656410949797e-01	8.626544902102738221e-02	3.829331078536848953e-02	1.000340983313385418e-01
1.877054842898249490e+03	1.848237596752132783e-01	1.143434495179862509e-01	2.922142524136265296e-01	1.838367586569233658e-01	8.632189854448663047e-02	3.833587134480610781e-02	1.001240098465146777e-01
1.881892613111905121e+03	1.845276834444232184e-01	1.141365634494552195e-01	2.924031175621792378e-01	1.839630173839905958e-01	8.637801923048103736e-02	3.837823881197260228e-02	1.002133601170549088e-01
1.886730383325560297e+03	1.842333164741601637e-01	1.139308730975616413e-01	2.925908850234424929e-01	1.840885462679617279e-01	8.643381310822569052e-02	3.842041357492426840e-02	1.003021524532808628e-01
1.891568153539215928e+03	1.839406488568613163e-01	1.137263715103366407e-01	2.927775615373864326e-01	1.842133497254866970e-01	8.648928219315105137e-02	3.846239603010365854e-02	1.003903901462309817e-01
1.896405923752871104e+03	1.836496707426965025e-01	1.135230517768688052e-01	2.929631537986533418e-01	1.843374321444172237e-01	8.654442848701329738e-02	3.850418658213471818e-02	1.004780764677728061e-01
1.901243693966526507e+03	1.833603723392356333e-01	1.133209070270452812e-01	2.931476684569143676e-01	1.844607978840219209e-01	8.659925397800333213e-02	3.854578564362146770e-02	1.005652146707146644e-01
1.906081464180181683e+03	1.830727439111176358e-01	1.131199304312952569e-01	2.933311121172227365e-01	1.845834512751992618e-01	8.665376064085489327e-02	3.858719363495009824e-02	1.006518079889167916e-01
1.910919234393836859e+03	1.827867757797208559e-01	1.129201152003356246e-01	2.935134913403637524e-01	1.847053966206888276e-01	8.670795043695159188e-02	3.862841098409440510e-02	1.007378596374017138e-01
1.915757004607492036e+03	1.825024583228349040e-01	1.127214545849187788e-01	2.936948126432010753e-01	1.848266381952805570e-01	8.676182531443282775e-02	3.866943812642460038e-02	1.008233728124640211e-01
1.920594774821147894e+03	1.822197819743338609e-01	1.125239418755827614e-01	2.938750824990203347e-01	1.849471802460222469e-01	8.681538720829870548e-02	3.871027550451939386e-02	1.009083506917794748e-01
1.925432545034802843e+03	1.819387372238510658e-01	1.123275704024031818e-01	2.940543073378687478e-01	1.850670269924249711e-01	8.686863804051403459e-02	3.875092356798123111e-02	1.009927964345135598e-01
1.930270315248458019e+03	1.816593146164551531e-01	1.121323335347474970e-01	2.942324935468919045e-01	1.851861826266668620e-01	8.692157972011112232e-02	3.879138277325480666e-02	1.010767131814293840e-01
1.935108085462113195e+03	1.813815047523280044e-01	1.119382246810310955e-01	2.944096474706673905e-01	1.853046513137949769e-01	8.697421414329177536e-02	3.883165358344863732e-02	1.011601040549948149e-01
1.939945855675768371e+03	1.811052982864439775e-01	1.117452372884754491e-01	2.945857754115347449e-01	1.854224371919254155e-01	8.702654319352812196e-02	3.887173646815972328e-02	1.012429721594892418e-01
1.944783625889424002e+03	1.808306859282507728e-01	1.115533648428681246e-01	2.947608836299228652e-01	1.855395443724415783e-01	8.707856874166267080e-02	3.891163190330122756e-02	1.013253205811094487e-01
1.949621396103079178e+03	1.805576584413517149e-01	1.113626008683247376e-01	2.949349783446740259e-01	1.856559769401908422e-01	8.713029264600713475e-02	3.895134037093315321e-02	1.014071523880751141e-01
1.954459166316734354e+03	1.802862066431899779e-01	1.111729389270527668e-01	2.951080657333646773e-01	1.857717389536791830e-01	8.718171675244067165e-02	3.899086235909596937e-02	1.014884706307334905e-01
1.959296936530389530e+03	1.800163214047340310e-01	1.109843726191172136e-01	2.952801519326236912e-01	1.858868344452642984e-01	8.723284289450676521e-02	3.903019836164707546e-02	1.015692783416635853e-01
1.964134706744044706e+03	1.797479936501648889e-01	1.107968955822079826e-01	2.954512430384471089e-01	1.860012674213471773e-01	8.728367289350955072e-02	3.906934887810014495e-02	1.016495785357797582e-01
1.968972476957700337e+03	1.794812143565650275e-01	1.106105014914090662e-01	2.956213451065102249e-01	1.861150418625615588e-01	8.733420855860891951e-02	3.910831441346728637e-02	1.017293742104345977e-01
1.973810247171355968e+03	1.792159745536086313e-01	1.104251840589694778e-01	2.957904641524762845e-01	1.862281617239620046e-01	8.738445168691495735e-02	3.914709547810391044e-02	1.018086683455213248e-01
1.978648017385010689e+03	1.789522653232539229e-01	1.102409370340759059e-01	2.959586061523032385e-01	1.863406309352102774e-01	8.743440406358131411e-02	3.918569258755633805e-02	1.018874639035755175e-01
1.983485787598666320e+03	1.786900777994367973e-01	1.100577542026270061e-01	2.961257770425465563e-01	1.864524534007600820e-01	8.748406746189774097e-02	3.922410626241207982e-02	1.019657638298762381e-01
1.988323557812321269e+03	1.784294031677661208e-01	1.098756293870093298e-01	2.962919827206597079e-01	1.865636330000401133e-01	8.753344364338178085e-02	3.926233702815275228e-02	1.020435710525466194e-01
1.993161328025976900e+03	1.781702326652209178e-01	1.096945564458749883e-01	2.964572290452920922e-01	1.866741735876355224e-01	8.758253435786955698e-02	3.930038541500952692e-02	1.021208884826538404e-01
1.997999098239632076e+03	1.779125575798488068e-01	1.095145292739208159e-01	2.966215218365835238e-01	1.867840789934679113e-01	8.763134134360568706e-02	3.933825195782122974e-02	1.021977190143084635e-01
2.002836868453287707e+03	1.776563692504664616e-01	1.093355418016691422e-01	2.967848668764566655e-01	1.868933530229736351e-01	8.767986632733242025e-02	3.937593719589482788e-02	1.022740655247633135e-01
2.007674638666942428e+03	1.774016590663616832e-01	1.091575879952501882e-01	2.969472699089060752e-01	1.870019994572805488e-01	8.772811102437781672e-02	3.941344167286846278e-02	1.023499308745116354e-01
2.012512408880597604e+03	1.771484184669967765e-01	1.089806618561858786e-01	2.971087366402854757e-01	1.871100220533833680e-01	8.777607713874320539e-02	3.945076593657689118e-02	1.024253179073847941e-01
2.017350179094252780e+03	1.768966389417140073e-01	1.088047574211753188e-01	2.972692727395914725e-01	1.872174245443172236e-01	8.782376636318975360e-02	3.948791053891930608e-02	1.025002294506493078e-01
2.022187949307908411e+03	1.766463120294425315e-01	1.086298687618816872e-01	2.974288838387448286e-01	1.873242106393300244e-01	8.787118037932432901e-02	3.952487603572954478e-02	1.025746683151033817e-01
2.027025719521564042e+03	1.763974293184069342e-01	1.084559899847205716e-01	2.975875755328699634e-01	1.874303840240531260e-01	8.791832085768433447e-02	3.956166298664855890e-02	1.026486372951728315e-01
2.031863489735218764e+03	1.761499824458374053e-01	1.082831152306498873e-01	2.977453533805705654e-01	1.875359483606706401e-01	8.796518945782208498e-02	3.959827195499921598e-02	1.027221391690064933e-01
2.036701259948874394e+03	1.759039630976817481e-01	1.081112386749611548e-01	2.979022229042039838e-01	1.876409072880871332e-01	8.801178782838800507e-02	3.963470350766328670e-02	1.027951766985710225e-01
2.041539030162529116e+03	1.756593630083187474e-01	1.079403545270721937e-01	2.980581895901519562e-01	1.877452644220940770e-01	8.805811760721345138e-02	3.967095821496073593e-02	1.028677526297451794e-01
2.046376800376184747e+03	1.754161739602735082e-01	1.077704570303212872e-01	2.982132588890897829e-01	1.878490233555348277e-01	8.810418042139248063e-02	3.970703665053106068e-02	1.029398696924134771e-01
2.051214570589840150e+03	1.751743877839340435e-01	1.076015404617627208e-01	2.983674362162524463e-01	1.879521876584679674e-01	8.814997788736292361e-02	3.974293939121689018e-02	1.030115306005594533e-01
2.056052340803495554e+03	1.749339963572698886e-01	1.074335991319636807e-01	2.985207269516986783e-01	1.880547608783295355e-01	8.819551161098684866e-02	3.977866701694958429e-02	1.030827380523581804e-01
2.060890111017150957e+03	1.746949916055521024e-01	1.072666273848025265e-01	2.986731364405725841e-01	1.881567465400937611e-01	8.824078318763005357e-02	3.981422011063699695e-02	1.031534947302683858e-01
2.065727881230805451e+03	1.744573655010749902e-01	1.071006195972684233e-01	2.988246699933623240e-01	1.882581481464324080e-01	8.828579420224107188e-02	3.984959925805322406e-02	1.032238033011239758e-01
2.070565651444461309e+03	1.742211100628792420e-01	1.069355701792623070e-01	2.989753328861574078e-01	1.883589691778727870e-01	8.833054622942920764e-02	3.988480504773035673e-02	1.032936664162250606e-01
2.075403421658116713e+03	1.739862173564770409e-01	1.067714735733991532e-01	2.991251303609031020e-01	1.884592130929543807e-01	8.837504083354205675e-02	3.991983807085224684e-02	1.033630867114283675e-01
2.080241191871772116e+03	1.737526794935784769e-01	1.066083242548116067e-01	2.992740676256523957e-01	1.885588833283842469e-01	8.841927956874225114e-02	3.995469892115018073e-02	1.034320668072371829e-01
2.085078962085427065e+03	1.735204886318196249e-01	1.064461167309548040e-01	2.994221498548161886e-01	1.886579832991910621e-01	8.846326397908343964e-02	3.998938819480048201e-02	1.035006093088907814e-01
2.089916732299082469e+03	1.732896369744924003e-01	1.062848455414126397e-01	2.995693821894107045e-01	1.887565163988776940e-01	8.850699559858564436e-02	4.002390649032401548e-02	1.035687168064532704e-01
2.094754502512737417e+03	1.730601167702757182e-01	1.061245052577050735e-01	2.997157697373032947e-01	1.888544859995728298e-01	8.855047595130993709e-02	4.005825440848748836e-02	1.036363918749019786e-01
2.099592272726392821e+03	1.728319203129684567e-01	1.059650904830969631e-01	2.998613175734555214e-01	1.889518954521810234e-01	8.859370655143239404e-02	4.009243255220663188e-02	1.037036370742153019e-01
2.104430042940048224e+03	1.726050399412239200e-01	1.058065958524079253e-01	3.000060307401642978e-01	1.890487480865316317e-01	8.863668890331741212e-02	4.012644152645115925e-02	1.037704549494599393e-01
2.109267813153704083e+03	1.723794680382857436e-01	1.056490160318235422e-01	3.001499142473008641e-01	1.891450472115264458e-01	8.867942450159035928e-02	4.016028193815149999e-02	1.038368480308778097e-01
2.114105583367359031e+03	1.721551970317256597e-01	1.054923457187077751e-01	3.002929730725475421e-01	1.892407961152861862e-01	8.872191483120954458e-02	4.019395439610721349e-02	1.039028188339723158e-01
2.118943353581013525e+03	1.719322193931824838e-01	1.053365796414165584e-01	3.004352121616327143e-01	1.893359980652956076e-01	8.876416136753760566e-02	4.022745951089719968e-02	1.039683698595941092e-01
2.123781123794669384e+03	1.717105276381029055e-01	1.051817125591125723e-01	3.005766364285631376e-01	1.894306563085475514e-01	8.880616557641214659e-02	4.026079789479154042e-02	1.040335035940264385e-01
2.128618894008324787e+03	1.714901143254835836e-01	1.050277392615813626e-01	3.007172507558549257e-01	1.895247740716857476e-01	8.884792891421584848e-02	4.029397016166501311e-02	1.040982225090698876e-01
2.133456664221980191e+03	1.712709720576149897e-01	1.048746545690484033e-01	3.008570599947618107e-01	1.896183545611463406e-01	8.888945282794590008e-02	4.032697692691222802e-02	1.041625290621266825e-01
2.138294434435635139e+03	1.710530934798267233e-01	1.047224533319975337e-01	3.009960689655019617e-01	1.897114009632983878e-01	8.893073875528281769e-02	4.035981880736434768e-02	1.042264256962845137e-01
2.143132204649290543e+03	1.708364712802342145e-01	1.045711304309904638e-01	3.011342824574825827e-01	1.898039164445831650e-01	8.897178812465864062e-02	4.039249642120743000e-02	1.042899148403998166e-01
2.147969974862945492e+03	1.706210981894870360e-01	1.044206807764873901e-01	3.012717052295221243e-01	1.898959041516522228e-01	8.901260235532457155e-02	4.042501038790231177e-02	1.043529989091806220e-01
2.152807745076601350e+03	1.704069669805187148e-01	1.042710993086688742e-01	3.014083420100714950e-01	1.899873672115043599e-01	8.905318285741792295e-02	4.045736132810598407e-02	1.044156803032688652e-01
2.157645515290255844e+03	1.701940704682980143e-01	1.041223809972587344e-01	3.015441974974325534e-01	1.900783087316215980e-01	8.909353103202855007e-02	4.048954986359449421e-02	1.044779614093222231e-01
2.162483285503912157e+03	1.699824015095817709e-01	1.039745208413481031e-01	3.016792763599748239e-01	1.901687318001038796e-01	8.913364827126470102e-02	4.052157661718736037e-02	1.045398446000955356e-01
2.167321055717567106e+03	1.697719530026690071e-01	1.038275138692206501e-01	3.018135832363507132e-01	1.902586394858025443e-01	8.917353595831821467e-02	4.055344221267337401e-02	1.046013322345216712e-01
2.172158825931222509e+03	1.695627178871567664e-01	1.036813551381788184e-01	3.019471227357084508e-01	1.903480348384531395e-01	8.921319546752920493e-02	4.058514727473789413e-02	1.046624266577918932e-01
2.176996596144877003e+03	1.693546891436972790e-01	1.035360397343712269e-01	3.020798994379033098e-01	1.904369208888067322e-01	8.925262816445014846e-02	4.061669242889149462e-02	1.047231302014359072e-01
2.181834366358532861e+03	1.691478597937564610e-01	1.033915627726211262e-01	3.022119178937072714e-01	1.905253006487603873e-01	8.929183540590943102e-02	4.064807830140007572e-02	1.047834451834012970e-01
2.186672136572187810e+03	1.689422228993741892e-01	1.032479193962558689e-01	3.023431826250164711e-01	1.906131771114864537e-01	8.933081854007433875e-02	4.067930551921626614e-02	1.048433739081325033e-01
2.191509906785843214e+03	1.687377715629256869e-01	1.031051047769376700e-01	3.024736981250569223e-01	1.907005532515608226e-01	8.936957890651345271e-02	4.071037470991217821e-02	1.049029186666494001e-01
2.196347676999498617e+03	1.685344989268844074e-01	1.029631141144951301e-01	3.026034688585888532e-01	1.907874320250902145e-01	8.940811783625857156e-02	4.074128650161352311e-02	1.049620817366254261e-01
2.201185447213154021e+03	1.683323981735865282e-01	1.028219426367560640e-01	3.027324992621089339e-01	1.908738163698384949e-01	8.944643665186605141e-02	4.077204152293498890e-02	1.050208653824651200e-01
2.206023217426809424e+03	1.681314625249965278e-01	1.026815855993812449e-01	3.028607937440506714e-01	1.909597092053517409e-01	8.948453666747761825e-02	4.080264040291692318e-02	1.050792718553814203e-01
2.210860987640464373e+03	1.679316852424745932e-01	1.025420382856991747e-01	3.029883566849836396e-01	1.910451134330825029e-01	8.952241918888065308e-02	4.083308377096323688e-02	1.051373033934722978e-01
2.215698757854119776e+03	1.677330596265449170e-01	1.024032960065419801e-01	3.031151924378105433e-01	1.911300319365130118e-01	8.956008551356796354e-02	4.086337225678057794e-02	1.051949622217970698e-01
2.220536528067775180e+03	1.675355790166658809e-01	1.022653541000822508e-01	3.032413053279626181e-01	1.912144675812773864e-01	8.959753693079702819e-02	4.089350649031869844e-02	1.052522505524522006e-01
2.225374298281430583e+03	1.673392367910011835e-01	1.021282079316709057e-01	3.033666996535936411e-01	1.912984232152827868e-01	8.963477472164878279e-02	4.092348710171202913e-02	1.053091705846467274e-01
2.230212068495085077e+03	1.671440263661926606e-01	1.019918528936761132e-01	3.034913796857719448e-01	1.913819016688298180e-01	8.967180015908579604e-02	4.095331472122244049e-02	1.053657245047771723e-01
2.235049838708740936e+03	1.669499411971342995e-01	1.018562844053231692e-01	3.036153496686714859e-01	1.914649057547317124e-01	8.970861450801007053e-02	4.098298997918314868e-02	1.054219144865020802e-01
2.239887608922396339e+03	1.667569747767476407e-01	1.017214979125353608e-01	3.037386138197601393e-01	1.915474382684327626e-01	8.974521902532021922e-02	4.101251350594377343e-02	1.054777426908160565e-01
2.244725379136052197e+03	1.665651206357585123e-01	1.015874888877758148e-01	3.038611763299877699e-01	1.916295019881257278e-01	8.978161495996829500e-02	4.104188593181647832e-02	1.055332112661233890e-01
2.249563149349706237e+03	1.663743723424751519e-01	1.014542528298904150e-01	3.039830413639716400e-01	1.917110996748682128e-01	8.981780355301599572e-02	4.107110788702326293e-02	1.055883223483113087e-01
2.254400919563362095e+03	1.661847235025676883e-01	1.013217852639515665e-01	3.041042130601806504e-01	1.917922340726984365e-01	8.985378603769055006e-02	4.110018000164432361e-02	1.056430780608226816e-01
2.259238689777017044e+03	1.659961677588487894e-01	1.011900817411029441e-01	3.042246955311186385e-01	1.918729079087496681e-01	8.988956363943992334e-02	4.112910290556746895e-02	1.056974805147284507e-01
2.264076459990672902e+03	1.658086987910556698e-01	1.010591378384053246e-01	3.043444928635049007e-01	1.919531238933640804e-01	8.992513757598777357e-02	4.115787722843858992e-02	1.057515318087994954e-01
