1.301360187473271253e+03	2.356186812958048493e-01	1.499964420546340271e-01	2.594438886824095847e-01	1.619835951803337004e-01	7.658340815669231749e-02	3.195677776231414802e-02	8.441720686736670087e-02
1.306197957686926657e+03	2.350291546680254307e-01	1.495821936095555194e-01	2.598275769877815833e-01	1.622384169413477739e-01	7.669753308239937728e-02	3.202020677690747136e-02	8.460491793353816514e-02
1.311035727900581833e+03	2.344430108766829279e-01	1.491703880576977781e-01	2.602089089656785537e-01	1.624916980426029112e-01	7.681095529120877952e-02	3.208354923415706467e-02	8.479148953152731982e-02
1.315873498114237009e+03	2.338602323264909466e-01	1.487610090571423738e-01	2.605879005291709682e-01	1.627434487539456132e-01	7.692367950442188795e-02	3.214680152235705607e-02	8.497692830602647518e-02
1.320711268327892412e+03	2.332808013965508021e-01	1.483540404791182099e-01	2.609645674858604436e-01	1.629936792391586398e-01	7.703571042082384135e-02	3.220996011216761129e-02	8.516124086587580078e-02
1.325549038541547588e+03	2.327047004482290238e-01	1.479494663999631754e-01	2.613389255354995888e-01	1.632423995622829527e-01	7.714705271434249556e-02	3.227302155514494286e-02	8.534443378409328762e-02
1.330386808755202765e+03	2.321319118325240183e-01	1.475472710935314957e-01	2.617109902681911127e-01	1.634896196929210010e-01	7.725771103216241831e-02	3.233598248231003142e-02	8.552651359791542396e-02
1.335224578968857941e+03	2.315624178969537261e-01	1.471474390240202490e-01	2.620807771630664917e-01	1.637353495106990131e-01	7.736768999321569362e-02	3.239883960275254104e-02	8.570748680884775206e-02
1.340062349182513572e+03	2.309962009919934722e-01	1.467499548391907049e-01	2.624483015873610992e-01	1.639795988090342049e-01	7.747699418698433815e-02	3.246158970226706297e-02	8.588735988272462596e-02
1.344900119396168748e+03	2.304332434770916815e-01	1.463548033639608392e-01	2.628135787958172376e-01	1.642223772983281427e-01	7.758562817256071942e-02	3.252422964201924505e-02	8.606613924977767061e-02
1.349737889609823924e+03	2.298735277262897447e-01	1.459619695943479289e-01	2.631766239303582333e-01	1.644636946086864560e-01	7.769359647792126178e-02	3.258675635723972536e-02	8.624383130471222070e-02
1.354575659823479100e+03	2.293170361334695984e-01	1.455714386917400793e-01	2.635374520199867399e-01	1.647035602922471698e-01	7.780090359937655298e-02	3.264916685594422552e-02	8.642044240679126743e-02
1.359413430037134731e+03	2.287637511172520843e-01	1.451831959774779190e-01	2.638960779808675605e-01	1.649419838251862669e-01	7.790755400116733398e-02	3.271145821767815903e-02	8.659597887992633025e-02
1.364251200250789907e+03	2.282136551255672108e-01	1.447972269277280066e-01	2.642525166165629602e-01	1.651789746094568800e-01	7.801355211518101740e-02	3.277362759228469313e-02	8.677044701277486505e-02
1.369088970464445310e+03	2.276667306399162150e-01	1.444135171686312669e-01	2.646067826183935989e-01	1.654145419743081880e-01	7.811890234076773742e-02	3.283567219869498732e-02	8.694385305884365367e-02
1.373926740678100487e+03	2.271229601793442743e-01	1.440320524717099426e-01	2.649588905659023275e-01	1.656486951776229566e-01	7.822360904463858400e-02	3.289758932373979677e-02	8.711620323659778620e-02
1.378764510891755890e+03	2.265823263041410462e-01	1.436528187495184905e-01	2.653088549274028041e-01	1.658814434071054222e-01	7.832767656083150509e-02	3.295937632098158016e-02	8.728750372957487513e-02
1.383602281105411066e+03	2.260448116192858570e-01	1.432758020515237096e-01	2.656566900605971671e-01	1.661127957813453848e-01	7.843110919073319198e-02	3.302103060956639025e-02	8.745776068650400192e-02
1.388440051319066470e+03	2.255103987776529151e-01	1.429009885602014474e-01	2.660024102132500512e-01	1.663427613507802716e-01	7.853391120314676122e-02	3.308254967309497141e-02	8.762698022142924315e-02
1.393277821532721646e+03	2.249790704829908727e-01	1.425283645873364757e-01	2.663460295239086228e-01	1.665713490985729628e-01	7.863608683439719804e-02	3.314393105851239085e-02	8.779516841383717962e-02
1.398115591746377049e+03	2.244508094926905839e-01	1.421579165705143533e-01	2.666875620226588639e-01	1.667985679414200340e-01	7.873764028846771956e-02	3.320517237501584978e-02	8.796233130878830520e-02
1.402953361960032225e+03	2.239255986203537996e-01	1.417896310697940587e-01	2.670270216319119982e-01	1.670244267303024055e-01	7.883857573716143707e-02	3.326627129298010549e-02	8.812847491705193270e-02
1.407791132173687402e+03	2.234034207381747072e-01	1.414234947645506002e-01	2.673644221672139554e-01	1.672489342511883081e-01	7.893889732028358530e-02	3.332722554290020595e-02	8.829360521524431960e-02
1.412628902387342805e+03	2.228842587791460272e-01	1.410594944504779957e-01	2.676997773380732637e-01	1.674720992256970575e-01	7.903860914584047437e-02	3.338803291435100268e-02	8.845772814596987443e-02
1.417466672600997981e+03	2.223680957390997415e-01	1.406976170367434664e-01	2.680331007488027661e-01	1.676939303117296332e-01	7.913771529025193097e-02	3.344869125496325452e-02	8.862084961796490301e-02
1.422304442814653157e+03	2.218549146785930848e-01	1.403378495432839046e-01	2.683644058993717718e-01	1.679144361040724731e-01	7.923621979857461972e-02	3.350919846941588509e-02	8.878297550624403289e-02
1.427142213028308333e+03	2.213446987246483477e-01	1.399801790982363736e-01	2.686937061862659237e-01	1.681336251349782596e-01	7.933412668473383000e-02	3.356955251844421367e-02	8.894411165224885840e-02
1.431979983241963964e+03	2.208374310723565104e-01	1.396245929354951454e-01	2.690210149033520071e-01	1.683515058747276638e-01	7.943143993176210449e-02	3.362975141786368055e-02	8.910426386399872278e-02
1.436817753455619140e+03	2.203330949863518406e-01	1.392710783923877815e-01	2.693463452427454219e-01	1.685680867321752707e-01	7.952816349204311352e-02	3.368979323760901839e-02	8.926343791624333224e-02
1.441655523669274316e+03	2.198316738021660333e-01	1.389196229074636524e-01	2.696697102956793768e-01	1.687833760552817364e-01	7.962430128755937364e-02	3.374967610078841856e-02	8.942163955061717406e-02
1.446493293882929493e+03	2.193331509274689117e-01	1.385702140183881215e-01	2.699911230533732498e-01	1.689973821316345659e-01	7.971985721014292203e-02	3.380939818275256054e-02	8.957887447579540585e-02
1.451331064096585123e+03	2.188375098432028543e-01	1.382228393599365113e-01	2.703105964079000056e-01	1.692101131889589272e-01	7.981483512172797556e-02	3.386895771017824075e-02	8.973514836765122960e-02
1.456168834310240300e+03	2.183447341046169665e-01	1.378774866620822992e-01	2.706281431530508930e-01	1.694215773956198878e-01	7.990923885460485265e-02	3.392835296016632335e-02	8.989046686941450093e-02
1.461006604523895703e+03	2.178548073422078291e-01	1.375341437481738815e-01	2.709437759851970884e-01	1.696317828611172140e-01	8.000307221167454741e-02	3.398758225935383931e-02	9.004483559183135144e-02
1.465844374737550879e+03	2.173677132625719544e-01	1.371927985331949373e-01	2.712575075041468442e-01	1.698407376365734800e-01	8.009633896670353970e-02	3.404664398304001888e-02	9.019826011332494897e-02
1.470682144951206283e+03	2.168834356491756432e-01	1.368534390221038122e-01	2.715693502139986948e-01	1.700484497152163765e-01	8.018904286457817499e-02	3.410553655432595199e-02	9.035074598015706282e-02
1.475519915164861459e+03	2.164019583630472643e-01	1.365160533082471206e-01	2.718793165239891674e-01	1.702549270328554132e-01	8.028118762155861399e-02	3.416425844326781425e-02	9.050229870659035059e-02
1.480357685378516862e+03	2.159232653433967863e-01	1.361806295718437088e-01	2.721874187493347197e-01	1.704601774683540683e-01	8.037277692553179698e-02	3.422280816604334613e-02	9.065292377505132504e-02
1.485195455592172038e+03	2.154473406081670317e-01	1.358471560785346199e-01	2.724936691120686261e-01	1.706642088440970817e-01	8.046381443626322849e-02	3.428118428413139823e-02	9.080262663629379283e-02
1.490033225805827215e+03	2.149741682545209254e-01	1.355156211779956765e-01	2.727980797418709802e-01	1.708670289264534459e-01	8.055430378564744365e-02	3.433938540350439661e-02	9.095141270956294544e-02
1.494870996019482618e+03	2.145037324592685979e-01	1.351860133026088484e-01	2.731006626768926471e-01	1.710686454262356493e-01	8.064424857795701729e-02	3.439741017383349253e-02	9.109928738275956117e-02
1.499708766233137567e+03	2.140360174792383663e-01	1.348583209661894933e-01	2.734014298645724983e-01	1.712690659991548126e-01	8.073365239008981065e-02	3.445525728770622298e-02	9.124625601260462349e-02
1.504546536446793198e+03	2.135710076515946743e-01	1.345325327627657774e-01	2.737003931624481523e-01	1.714682982462719940e-01	8.082251877181460820e-02	3.451292547985647385e-02	9.139232392480417522e-02
1.509384306660448374e+03	2.131086873941067106e-01	1.342086373654078901e-01	2.739975643389597204e-01	1.716663497144459705e-01	8.091085124601475609e-02	3.457041352640659315e-02	9.153749641421420058e-02
1.514222076874103550e+03	2.126490412053708423e-01	1.338866235251039705e-01	2.742929550742463918e-01	1.718632278967775484e-01	8.099865330892994097e-02	3.462772024412148764e-02	9.168177874500568758e-02
1.519059847087758726e+03	2.121920536649892775e-01	1.335664800696802490e-01	2.745865769609362461e-01	1.720589402330500728e-01	8.108592843039602593e-02	3.468484448967445316e-02	9.182517615082956552e-02
1.523897617301414357e+03	2.117377094337082044e-01	1.332481959027630447e-01	2.748784415049290164e-01	1.722534941101665218e-01	8.117268005408273535e-02	3.474178515892462071e-02	9.196769383498173966e-02
1.528735387515069533e+03	2.112859932535181839e-01	1.329317600027799251e-01	2.751685601261712466e-01	1.724468968625834375e-01	8.125891159772936911e-02	3.479854118620585857e-02	9.210933697056787606e-02
1.533573157728724709e+03	2.108368899477183200e-01	1.326171614219983086e-01	2.754569441594248436e-01	1.726391557727410542e-01	8.134462645337832420e-02	3.485511154362694319e-02	9.225011070066808927e-02
1.538410927942380113e+03	2.103903844209476792e-01	1.323043892855993720e-01	2.757436048550279684e-01	1.728302780714901787e-01	8.142982798760656227e-02	3.491149524038274915e-02	9.239002013850143580e-02
1.543248698156035516e+03	2.099464616591850408e-01	1.319934327907850147e-01	2.760285533796489332e-01	1.730202709385156024e-01	8.151451954175487069e-02	3.496769132207646485e-02	9.252907036759006054e-02
1.548086468369690692e+03	2.095051067297199199e-01	1.316842812059164092e-01	2.763118008170328266e-01	1.732091415027560977e-01	8.159870443215500035e-02	3.502369887005249427e-02	9.266726644192323226e-02
1.552924238583346096e+03	2.090663047810960296e-01	1.313769238696824160e-01	2.765933581687409770e-01	1.733968968428211133e-01	8.168238595035463845e-02	3.507951700074004447e-02	9.280461338612082389e-02
1.557762008797001272e+03	2.086300410430295127e-01	1.310713501902959210e-01	2.768732363548830344e-01	1.735835439874038877e-01	8.176556736334017472e-02	3.513514486500705913e-02	9.294111619559652926e-02
1.562599779010656675e+03	2.081963008263032489e-01	1.307675496447169294e-01	2.771514462148421121e-01	1.737690899156912605e-01	8.184825191375733056e-02	3.519058164752455337e-02	9.307677983672071886e-02
1.567437549224311852e+03	2.077650695226391508e-01	1.304655117779009166e-01	2.774279985079927124e-01	1.739535415577699584e-01	8.193044282012958146e-02	3.524582656614098919e-02	9.321160924698276840e-02
1.572275319437967255e+03	2.073363326045496724e-01	1.301652262020709938e-01	2.777029039144115474e-01	1.741369057950297172e-01	8.201214327707449792e-02	3.530087887126668461e-02	9.334560933515295700e-02
1.577113089651622431e+03	2.069100756251700257e-01	1.298666825960126670e-01	2.779761730355809757e-01	1.743191894605626568e-01	8.209335645551787963e-02	3.535573784526806207e-02	9.347878498144389370e-02
1.581950859865277607e+03	2.064862842180725244e-01	1.295698707043898001e-01	2.782478163950858341e-01	1.745003993395594089e-01	8.217408550290566938e-02	3.541040280187155581e-02	9.361114103767137484e-02
1.586788630078933011e+03	2.060649440970641066e-01	1.292747803370812576e-01	2.785178444393031638e-01	1.746805421697020244e-01	8.225433354341385450e-02	3.546487308557707413e-02	9.374268232741474194e-02
1.591626400292587959e+03	2.056460410559683705e-01	1.289814013685363636e-01	2.787862675380847199e-01	1.748596246415530797e-01	8.233410367815623132e-02	3.551914807108087074e-02	9.387341364617664274e-02
1.596464170506243590e+03	2.052295609683930933e-01	1.286897237371489588e-01	2.790530959854328197e-01	1.750376533989415895e-01	8.241339898538992126e-02	3.557322716270765878e-02	9.400333976154223725e-02
1.601301940719898766e+03	2.048154897874843450e-01	1.283997374446483319e-01	2.793183400001691963e-01	1.752146350393458119e-01	8.249222252071899963e-02	3.562710979385182858e-02	9.413246541333782080e-02
1.606139710933553943e+03	2.044038135456681393e-01	1.281114325555068323e-01	2.795820097265971915e-01	1.753905761142720010e-01	8.257057731729580685e-02	3.568079542642769303e-02	9.426079531378872556e-02
1.610977481147209119e+03	2.039945183543805107e-01	1.278247991963629704e-01	2.798441152351569539e-01	1.755654831296303842e-01	8.264846638602038609e-02	3.573428355032850362e-02	9.438833414767669461e-02
1.615815251360864750e+03	2.035875904037868500e-01	1.275398275554591732e-01	2.801046665230742527e-01	1.757393625461075304e-01	8.272589271573781156e-02	3.578757368289423035e-02	9.451508657249656220e-02
1.620653021574519926e+03	2.031830159624914700e-01	1.272565078820938056e-01	2.803636735150021875e-01	1.759122207795353887e-01	8.280285927343339347e-02	3.584066536838793199e-02	9.464105721861226783e-02
1.625490791788175102e+03	2.027807813772377343e-01	1.269748304860862931e-01	2.806211460636568455e-01	1.760840642012569401e-01	8.287936900442596788e-02	3.589355817748048072e-02	9.476625068941220420e-02
1.630328562001830505e+03	2.023808730726001925e-01	1.266947857372549280e-01	2.808770939504459663e-01	1.762548991384886299e-01	8.295542483255911870e-02	3.594625170674373149e-02	9.489067156146387128e-02
1.635166332215485909e+03	2.019832775506684441e-01	1.264163640649069720e-01	2.811315268860914429e-01	1.764247318746793858e-01	8.303102966039051236e-02	3.599874557815181675e-02	9.501432438466783648e-02
1.640004102429141085e+03	2.015879813907242302e-01	1.261395559573399994e-01	2.813844545112451634e-01	1.765935686498664170e-01	8.310618636937910919e-02	3.605103943859046950e-02	9.513721368241098708e-02
1.644841872642796488e+03	2.011949712489117525e-01	1.258643519613541484e-01	2.816358863970986892e-01	1.767614156610277654e-01	8.318089782007059840e-02	3.610313295937440242e-02	9.525934395171906099e-02
1.649679642856451665e+03	2.008042338579019981e-01	1.255907426817748918e-01	2.818858320459864952e-01	1.769282790624314705e-01	8.325516685228076530e-02	3.615502583577240303e-02	9.538071966340844199e-02
1.654517413070107068e+03	2.004157560265516502e-01	1.253187187809856329e-01	2.821343008919831030e-01	1.770941649659816541e-01	8.332899628527701275e-02	3.620671778654020734e-02	9.550134526223731657e-02
1.659355183283762244e+03	2.000295246395569493e-01	1.250482709784697666e-01	2.823813023014938861e-01	1.772590794415611903e-01	8.340238891795795362e-02	3.625820855346092303e-02	9.562122516705591491e-02
1.664192953497417420e+03	1.996455266571030840e-01	1.247793900503617465e-01	2.826268455738399354e-01	1.774230285173714061e-01	8.347534752903124078e-02	3.630949790089293278e-02	9.574036377095622441e-02
1.669030723711072824e+03	1.992637491145091422e-01	1.245120668290068122e-01	2.828709399418367632e-01	1.775860181802685345e-01	8.354787487718934313e-02	3.636058561532518052e-02	9.585876544142075961e-02
1.673868493924728000e+03	1.988841791218697863e-01	1.242462922025287381e-01	2.831135945723670111e-01	1.777480543760969200e-01	8.361997370128371188e-02	3.641147150493966728e-02	9.597643452047074919e-02
1.678706264138383403e+03	1.985068038636931542e-01	1.239820571144056305e-01	2.833548185669472752e-01	1.779091430100191440e-01	8.369164672049690668e-02	3.646215539918110787e-02	9.609337532481346256e-02
1.683544034352038352e+03	1.981316105985360121e-01	1.237193525630531088e-01	2.835946209622889347e-01	1.780692899468431789e-01	8.376289663451312595e-02	3.651263714833358903e-02	9.620959214598875930e-02
1.688381804565693983e+03	1.977585866586362984e-01	1.234581696014146884e-01	2.838330107308534855e-01	1.782285010113462131e-01	8.383372612368678034e-02	3.656291662310418716e-02	9.632508925051504189e-02
1.693219574779349159e+03	1.973877194495430587e-01	1.231984993365589920e-01	2.840699967814018789e-01	1.783867819885957551e-01	8.390413784920947027e-02	3.661299371421335158e-02	9.643987088003419528e-02
1.698057344993004335e+03	1.970189964497445489e-01	1.229403329292835800e-01	2.843055879595380864e-01	1.785441386242673789e-01	8.397413445327508996e-02	3.666286833199203232e-02	9.655394125145605466e-02
1.702895115206659511e+03	1.966524052102943398e-01	1.226836615937250408e-01	2.845397930482473359e-01	1.787005766249596395e-01	8.404371855924328005e-02	3.671254040598538604e-02	9.666730455710181857e-02
1.707732885420315142e+03	1.962879333544362281e-01	1.224284765969751443e-01	2.847726207684284638e-01	1.788561016585059060e-01	8.411289277180115931e-02	3.676200988456299751e-02	9.677996496484690681e-02
1.712570655633970318e+03	1.959255685772273992e-01	1.221747692587027978e-01	2.850040797794212155e-01	1.790107193542835040e-01	8.418165967712336328e-02	3.681127673453551963e-02	9.689192661826295794e-02
1.717408425847625494e+03	1.955652986451608955e-01	1.219225309507815519e-01	2.852341786795276612e-01	1.791644353035195814e-01	8.425002184303040376e-02	3.686034094077758616e-02	9.700319363675904971e-02
1.722246196061280898e+03	1.952071113957869752e-01	1.216717530969223943e-01	2.854629260065284502e-01	1.793172550595942549e-01	8.431798181914545998e-02	3.690920250585698337e-02	9.711377011572223938e-02
1.727083966274936301e+03	1.948509947373340268e-01	1.214224271723117615e-01	2.856903302381935128e-01	1.794691841383409814e-01	8.438554213704940743e-02	3.695786144966985848e-02	9.722366012665722979e-02
1.731921736488591478e+03	1.944969366483288165e-01	1.211745447032545331e-01	2.859163997927879342e-01	1.796202280183437638e-01	8.445270531043436169e-02	3.700631780908200663e-02	9.733286771732532761e-02
1.736759506702246881e+03	1.941449251772165985e-01	1.209280972668216186e-01	2.861411430295723868e-01	1.797703921412319716e-01	8.451947383525550139e-02	3.705457163757609057e-02	9.744139691188263841e-02
1.741597276915902057e+03	1.937949484419808077e-01	1.206830764905023057e-01	2.863645682492981792e-01	1.799196819119719681e-01	8.458585018988148962e-02	3.710262300490465431e-02	9.754925171101742898e-02
1.746435047129557461e+03	1.934469946297631693e-01	1.204394740518609092e-01	2.865866836946976970e-01	1.800681026991562128e-01	8.465183683524316050e-02	3.715047199674888223e-02	9.765643609208687903e-02
1.751272817343212637e+03	1.931010519964835859e-01	1.201972816781977510e-01	2.868074975509694036e-01	1.802156598352895045e-01	8.471743621498076249e-02	3.719811871438306883e-02	9.776295400925286150e-02
1.756110587556867813e+03	1.927571088664604415e-01	1.199564911462142891e-01	2.870270179462581228e-01	1.803623586170726434e-01	8.478265075558967523e-02	3.724556327434459801e-02	9.786880939361716769e-02
1.760948357770523216e+03	1.924151536320314049e-01	1.197170942816821043e-01	2.872452529521303810e-01	1.805082043056832619e-01	8.484748286656457195e-02	3.729280580810941104e-02	9.797400615335577490e-02
1.765786127984178393e+03	1.920751747531745934e-01	1.194790829591158704e-01	2.874622105840448638e-01	1.806532021270540189e-01	8.491193494054215252e-02	3.733984646177292838e-02	9.807854817385254498e-02
1.770623898197833569e+03	1.917371607571303760e-01	1.192424491014499044e-01	2.876778988018177108e-01	1.807973572721483235e-01	8.497600935344240547e-02	3.738668539573621052e-02	9.818243931783204870e-02
1.775461668411488745e+03	1.914011002380239523e-01	1.190071846797184918e-01	2.878923255100838685e-01	1.809406748972332557e-01	8.503970846460831567e-02	3.743332278439741312e-02	9.828568342549168224e-02
1.780299438625144376e+03	1.910669818564888767e-01	1.187732817127395424e-01	2.881054985587529482e-01	1.810831601241499889e-01	8.510303461694429528e-02	3.747975881584833524e-02	9.838828431463299273e-02
1.785137208838799552e+03	1.907347943392912193e-01	1.185407322668017016e-01	2.883174257434609755e-01	1.812248180405816034e-01	8.516599013705308807e-02	3.752599369157610248e-02	9.849024578079230985e-02
1.789974979052454728e+03	1.904045264789547831e-01	1.183095284553548066e-01	2.885281148060172551e-01	1.813656537003185409e-01	8.522857733537127223e-02	3.757202762616976971e-02	9.859157159737058640e-02
1.794812749266109904e+03	1.900761671333875691e-01	1.180796624387033811e-01	2.887375734348467948e-01	1.815056721235213943e-01	8.529079850630343074e-02	3.761786084703192673e-02	9.869226551576253115e-02
1.799650519479765535e+03	1.897497052255091299e-01	1.178511264237033646e-01	2.889458092654283994e-01	1.816448782969811715e-01	8.535265592835489246e-02	3.766349359409507797e-02	9.879233126548500610e-02
1.804488289693420711e+03	1.894251297428792280e-01	1.176239126634617965e-01	2.891528298807280462e-01	1.817832771743773668e-01	8.541415186426318251e-02	3.770892611954277523e-02	9.889177255430460500e-02
1.809326059907075887e+03	1.891024297373277707e-01	1.173980134570394435e-01	2.893586428116282083e-01	1.819208736765333401e-01	8.547528856112807105e-02	3.775415868753550369e-02	9.899059306836463512e-02
1.814163830120731291e+03	1.887815943245859662e-01	1.171734211491562427e-01	2.895632555373526262e-01	1.820576726916695032e-01	8.553606825054028973e-02	3.779919157394113355e-02	9.908879647231122467e-02
1.819001600334386467e+03	1.884626126839188676e-01	1.169501281298996193e-01	2.897666754858866933e-01	1.821936790756539803e-01	8.559649314870911019e-02	3.784402506606993760e-02	9.918638640941879192e-02
1.823839370548041643e+03	1.881454740577593043e-01	1.167281268344353556e-01	2.899689100343942338e-01	1.823288976522509652e-01	8.565656545658831278e-02	3.788865946241408433e-02	9.928336650171482036e-02
1.828677140761696819e+03	1.878301677513433965e-01	1.165074097427212935e-01	2.901699665096291736e-01	1.824633332133668018e-01	8.571628736000121151e-02	3.793309507239151640e-02	9.937974035010375962e-02
1.833514910975352450e+03	1.875166831323473171e-01	1.162879693792234354e-01	2.903698521883438799e-01	1.825969905192937337e-01	8.577566102976420803e-02	3.797733221609417981e-02	9.947551153449037120e-02
1.838352681189008081e+03	1.872050096305257760e-01	1.160697983126347255e-01	2.905685742976931718e-01	1.827298742989514613e-01	8.583468862180915204e-02	3.802137122404053438e-02	9.957068361390232492e-02
1.843190451402663257e+03	1.868951367373520300e-01	1.158528891555961338e-01	2.907661400156339448e-01	1.828619892501263111e-01	8.589337227730453606e-02	3.806521243693223450e-02	9.966526012661194867e-02
1.848028221616318433e+03	1.865870540056593641e-01	1.156372345644203076e-01	2.909625564713215762e-01	1.829933400397082133e-01	8.595171412277530232e-02	3.810885620541499402e-02	9.975924459025747870e-02
1.852865991829973609e+03	1.862807510492842378e-01	1.154228272388174575e-01	2.911578307455014447e-01	1.831239313039255412e-01	8.600971627022165056e-02	3.815230288984345491e-02	9.985264050196344943e-02
1.857703762043628785e+03	1.859762175427112363e-01	1.152096599216235612e-01	2.913519698708975092e-01	1.832537676485777867e-01	8.606738081723655509e-02	3.819555286005013595e-02	9.994545133846044482e-02
1.862541532257283961e+03	1.856734432207194918e-01	1.149977253985309256e-01	2.915449808325963343e-01	1.833828536492660144e-01	8.612470984712204680e-02	3.823860649511825333e-02	1.000376805562041282e-01
1.867379302470939592e+03	1.853724178780308540e-01	1.147870164978208041e-01	2.917368705684276753e-01	1.835111938516212626e-01	8.618170542900449593e-02	3.828146418315851729e-02	1.001293315914936199e-01
1.872217072684594768e+03	1.850731313689597812e-01	1.145775260900983306e-01	2.919276459693411208e-01	1.836387927715306678e-01	8.623836961794856260e-02	3.832412632108965489e-02	1.002204078605891391e-01
1.877054842898249490e+03	1.847755736070649801e-01	1.143692470880294798e-01	2.921173138797791835e-01	1.837656548953617297e-01	8.629470445507017584e-02	3.836659331442277693e-02	1.003109127598289380e-01
1.881892613111905121e+03	1.844797345648026832e-01	1.141621724460802068e-01	2.923058810980467270e-01	1.838917846801843559e-01	8.635071196764824986e-02	3.840886557704939475e-02	1.004008496657456534e-01
1.886730383325560297e+03	1.841856042731818688e-01	1.139562951602575425e-01	2.924933543766764510e-01	1.840171865539910467e-01	8.640639416923541483e-02	3.845094353103309381e-02	1.004902219351818532e-01
1.891568153539215928e+03	1.838931728214209527e-01	1.137516082678527440e-01	2.926797404227913235e-01	1.841418649159147769e-01	8.646175305976760983e-02	3.849282760640482942e-02	1.005790329054049859e-01
1.896405923752871104e+03	1.836024303566066995e-01	1.135481048471864290e-01	2.928650458984631277e-01	1.842658241364451555e-01	8.651679062567249612e-02	3.853451824096171957e-02	1.006672858942216919e-01
1.901243693966526507e+03	1.833133670833543560e-01	1.133457780173556667e-01	2.930492774210673446e-01	1.843890685576424215e-01	8.657150883997699609e-02	3.857601588006931426e-02	1.007549842000912549e-01
1.906081464180181683e+03	1.830259732634700875e-01	1.131446209379829843e-01	2.932324415636350934e-01	1.845116024933496635e-01	8.662590966241355550e-02	3.861732097646732725e-02	1.008421311022386635e-01
1.910919234393836859e+03	1.827402392156149413e-01	1.129446268089672467e-01	2.934145448552011315e-01	1.846334302294029284e-01	8.667999503952561469e-02	3.865843399007869163e-02	1.009287298607668137e-01
1.915757004607492036e+03	1.824561553149706417e-01	1.127457888702363131e-01	2.935955937811489114e-01	1.847545560238396667e-01	8.673376690477177520e-02	3.869935538782195983e-02	1.010147837167680862e-01
1.920594774821147894e+03	1.821737119929073556e-01	1.125481004015017050e-01	2.937755947835519743e-01	1.848749841071048450e-01	8.678722717862916158e-02	3.874008564342695110e-02	1.011002958924353407e-01
1.925432545034802843e+03	1.818928997366529854e-01	1.123515547220149124e-01	2.939545542615121798e-01	1.849947186822558376e-01	8.684037776869565906e-02	3.878062523725361865e-02	1.011852695911721750e-01
1.930270315248458019e+03	1.816137090889645700e-01	1.121561451903255319e-01	2.941324785714947154e-01	1.851137639251647649e-01	8.689322056979115194e-02	3.882097465611408782e-02	1.012697079977025599e-01
1.935108085462113195e+03	1.813361306478012969e-01	1.119618652040411527e-01	2.943093740276597203e-01	1.852321239847195822e-01	8.694575746405790173e-02	3.886113439309778206e-02	1.013536142781799182e-01
1.939945855675768371e+03	1.810601550659995118e-01	1.117687081995889509e-01	2.944852469021910224e-01	1.853498029830230875e-01	8.699799032105982877e-02	3.890110494739965064e-02	1.014369915802953853e-01
1.944783625889424002e+03	1.807857730509493666e-01	1.115766676519790307e-01	2.946601034256211005e-01	1.854668050155901249e-01	8.704992099788082249e-02	3.894088682415137309e-02	1.015198430333856122e-01
1.949621396103079178e+03	1.805129753642733537e-01	1.113857370745693492e-01	2.948339497871540482e-01	1.855831341515430666e-01	8.710155133922216353e-02	3.898048053425555437e-02	1.016021717485398462e-01
1.954459166316734354e+03	1.802417528215067843e-01	1.111959100188324445e-01	2.950067921349843192e-01	1.856987944338056029e-01	8.715288317749907143e-02	3.901988659422282041e-02	1.016839808187063737e-01
1.959296936530389530e+03	1.799720962917798761e-01	1.110071800741236625e-01	2.951786365766128628e-01	1.858137898792947829e-01	8.720391833293615613e-02	3.905910552601180724e-02	1.017652733187983660e-01
1.964134706744044706e+03	1.797039966975017833e-01	1.108195408674510218e-01	2.953494891791603183e-01	1.859281244791112231e-01	8.725465861366205056e-02	3.909813785687197424e-02	1.018460523057991146e-01
1.968972476957700337e+03	1.794374450140464039e-01	1.106329860632467993e-01	2.955193559696776551e-01	1.860418021987277626e-01	8.730510581580315510e-02	3.913698411918919290e-02	1.019263208188665865e-01
1.973810247171355968e+03	1.791724322694399907e-01	1.104475093631405030e-01	2.956882429354525943e-01	1.861548269781764520e-01	8.735526172357643837e-02	3.917564485033409732e-02	1.020060818794374657e-01
1.978648017385010689e+03	1.789089495440505384e-01	1.102631045057335252e-01	2.958561560243148092e-01	1.862672027322337387e-01	8.740512810938136368e-02	3.921412059251309923e-02	1.020853384913305018e-01
1.983485787598666320e+03	1.786469879702790586e-01	1.100797652663753901e-01	2.960231011449367400e-01	1.863789333506040979e-01	8.745470673389095506e-02	3.925241189262206748e-02	1.021640936408492184e-01
1.988323557812321269e+03	1.783865387322525198e-01	1.098974854569413351e-01	2.961890841671326879e-01	1.864900226981021925e-01	8.750399934614197517e-02	3.929051930210265831e-02	1.022423502968842074e-01
1.993161328025976900e+03	1.781275930655187023e-01	1.097162589256115289e-01	2.963541109221543013e-01	1.866004746148330895e-01	8.755300768362428432e-02	3.932844337680115737e-02	1.023201114110145471e-01
1.997999098239632076e+03	1.778701422567426638e-01	1.095360795566518580e-01	2.965181872029837851e-01	1.867102929163712288e-01	8.760173347236932528e-02	3.936618467682986844e-02	1.023973799176087912e-01
2.002836868453287707e+03	1.776141776434052022e-01	1.093569412701959620e-01	2.966813187646245020e-01	1.868194813939376142e-01	8.765017842703773376e-02	3.940374376643102777e-02	1.024741587339254578e-01
2.007674638666942428e+03	1.773596906135029572e-01	1.091788380220289345e-01	2.968435113243880208e-01	1.869280438145755341e-01	8.769834425100624109e-02	3.944112121384313330e-02	1.025504507602126442e-01
2.012512408880597604e+03	1.771066726052502316e-01	1.090017638033723563e-01	2.970047705621795542e-01	1.870359839213247555e-01	8.774623263645361937e-02	3.947831759116968153e-02	1.026262588798073222e-01
2.017350179094252780e+03	1.768551151067826455e-01	1.088257126406708547e-01	2.971651021207798449e-01	1.871433054333941082e-01	8.779384526444590497e-02	3.951533347425029152e-02	1.027015859592339125e-01
2.022187949307908411e+03	1.766050096558625937e-01	1.086506785953799126e-01	2.973245116061251636e-01	1.872500120463326534e-01	8.784118380502081713e-02	3.955216944253416023e-02	1.027764348483023032e-01
2.027025719521564042e+03	1.763563478395862305e-01	1.084766557637552725e-01	2.974830045875842544e-01	1.873561074321993813e-01	8.788824991727135771e-02	3.958882607895581468e-02	1.028508083802053275e-01
2.031863489735218764e+03	1.761091212940925355e-01	1.083036382766435907e-01	2.976405865982326704e-01	1.874615952397314100e-01	8.793504524942867551e-02	3.962530396981314013e-02	1.029247093716156164e-01
2.036701259948874394e+03	1.758633217042736563e-01	1.081316202992745473e-01	2.977972631351252231e-01	1.875664790945106297e-01	8.798157143894405618e-02	3.966160370464759388e-02	1.029981406227819113e-01
2.041539030162529116e+03	1.756189408034874444e-01	1.079605960310542762e-01	2.979530396595649333e-01	1.876707625991290984e-01	8.802783011257034329e-02	3.969772587612665354e-02	1.030711049176248201e-01
2.046376800376184747e+03	1.753759703732713782e-01	1.077905597053601533e-01	2.981079215973704843e-01	1.877744493333527998e-01	8.807382288644238777e-02	3.973367107992838154e-02	1.031436050238319913e-01
2.051214570589840150e+03	1.751344022430582625e-01	1.076215055893368910e-01	2.982619143391405103e-01	1.878775428542842074e-01	8.811955136615687301e-02	3.976943991462813383e-02	1.032156436929527327e-01
2.056052340803495554e+03	1.748942282898936496e-01	1.074534279836940470e-01	2.984150232405158865e-01	1.879800466965232675e-01	8.816501714685139046e-02	3.980503298158735020e-02	1.032872236604920613e-01
2.060890111017150957e+03	1.746554404381549241e-01	1.072863212225047685e-01	2.985672536224394102e-01	1.880819643723271317e-01	8.821022181328283529e-02	3.984045088484439168e-02	1.033583476460042255e-01
2.065727881230805451e+03	1.744180306592722218e-01	1.071201796730058275e-01	2.987186107714132066e-01	1.881832993717684477e-01	8.825516693990491379e-02	3.987569423100739696e-02	1.034290183531856727e-01
2.070565651444461309e+03	1.741819909714506787e-01	1.069549977353990433e-01	2.988690999397539128e-01	1.882840551628923720e-01	8.829985409094510962e-02	3.991076362914912357e-02	1.034992384699674750e-01
2.075403421658116713e+03	1.739473134393946241e-01	1.067907698426538432e-01	2.990187263458452538e-01	1.883842351918721403e-01	8.834428482048092834e-02	3.994565969070377337e-02	1.035690106686071171e-01
2.080241191871772116e+03	1.737139901740334391e-01	1.066274904603112250e-01	2.991674951743886202e-01	1.884838428831634161e-01	8.838846067251532324e-02	3.998038302936567784e-02	1.036383376057799510e-01
2.085078962085427065e+03	1.734820133322488023e-01	1.064651540862889406e-01	2.993154115766512580e-01	1.885828816396573071e-01	8.843238318105153817e-02	4.001493426098995387e-02	1.037072219226699010e-01
2.089916732299082469e+03	1.732513751166037952e-01	1.063037552506878036e-01	2.994624806707121278e-01	1.886813548428319665e-01	8.847605387016728440e-02	4.004931400349496379e-02	1.037756662450597667e-01
2.094754502512737417e+03	1.730220677750735625e-01	1.061432885155994266e-01	2.996087075417058210e-01	1.887792658529031942e-01	8.851947425408816794e-02	4.008352287676664183e-02	1.038436731834209148e-01
2.099592272726392821e+03	1.727940836007776648e-01	1.059837484749150960e-01	2.997540972420639771e-01	1.888766180089734292e-01	8.856264583726050632e-02	4.011756150256458320e-02	1.039112453330025554e-01
2.104430042940048224e+03	1.725674149317138473e-01	1.058251297541358271e-01	2.998986547917547596e-01	1.889734146291796868e-01	8.860557011442346531e-02	4.015143050442997186e-02	1.039783852739202957e-01
2.109267813153704083e+03	1.723420541504935566e-01	1.056674270101836677e-01	3.000423851785202212e-01	1.890696590108402464e-01	8.864824857068050179e-02	4.018513050759519450e-02	1.040450955712444447e-01
2.114105583367359031e+03	1.721179936840790681e-01	1.055106349312142505e-01	3.001852933581113381e-01	1.891653544306001467e-01	8.869068268157029311e-02	4.021866213889518926e-02	1.041113787750875264e-01
2.118943353581013525e+03	1.718952260035221391e-01	1.053547482364303456e-01	3.003273842545211014e-01	1.892605041445752923e-01	8.873287391313693095e-02	4.025202602668048746e-02	1.041772374206914875e-01
2.123781123794669384e+03	1.716737436237041059e-01	1.051997616758969245e-01	3.004686627602156657e-01	1.893551113884954784e-01	8.877482372199946292e-02	4.028522280073193462e-02	1.042426740285142678e-01
2.128618894008324787e+03	1.714535391030778400e-01	1.050456700303569885e-01	3.006091337363628879e-01	1.894491793778463051e-01	8.881653355542087902e-02	4.031825309217701436e-02	1.043076911043159527e-01
2.133456664221980191e+03	1.712346050434110367e-01	1.048924681110488810e-01	3.007488020130597572e-01	1.895427113080096759e-01	8.885800485137645977e-02	4.035111753340779595e-02	1.043722911392442887e-01
2.138294434435635139e+03	1.710169340895310308e-01	1.047401507595246278e-01	3.008876723895570482e-01	1.896357103544033806e-01	8.889923903862147203e-02	4.038381675800045700e-02	1.044364766099199066e-01
2.143132204649290543e+03	1.708005189290713599e-01	1.045887128474693728e-01	3.010257496344823647e-01	1.897281796726193459e-01	8.894023753675837918e-02	4.041635140063638831e-02	1.045002499785207678e-01
2.147969974862945492e+03	1.705853522922194943e-01	1.044381492765220909e-01	3.011630384860610188e-01	1.898201223985608865e-01	8.898100175630330178e-02	4.044872209702481125e-02	1.045636136928663612e-01
2.152807745076601350e+03	1.703714269514664814e-01	1.042884549780972447e-01	3.012995436523352999e-01	1.899115416485786800e-01	8.902153309875204812e-02	4.048092948382686629e-02	1.046265701865013303e-01
2.157645515290255844e+03	1.701587357213580065e-01	1.041396249132076762e-01	3.014352698113814122e-01	1.900024405196057697e-01	8.906183295664538146e-02	4.051297419858126275e-02	1.046891218787785183e-01
2.162483285503912157e+03	1.699472714582465349e-01	1.039916540722886362e-01	3.015702216115247469e-01	1.900928220892912912e-01	8.910190271363389869e-02	4.054485687963133023e-02	1.047512711749416237e-01
2.167321055717567106e+03	1.697370270600455644e-01	1.038445374750227718e-01	3.017044036715533784e-01	1.901826894161332548e-01	8.914174374454222893e-02	4.057657816605349937e-02	1.048130204662073572e-01
2.172158825931222509e+03	1.695279954659849042e-01	1.036982701701663762e-01	3.018378205809296166e-01	1.902720455396101351e-01	8.918135741543267714e-02	4.060813869758723299e-02	1.048743721298470849e-01
2.176996596144877003e+03	1.693201696563677583e-01	1.035528472353766105e-01	3.019704768999993960e-01	1.903608934803115438e-01	8.922074508366834023e-02	4.063953911456631707e-02	1.049353285292680404e-01
2.181834366358532861e+03	1.691135426523289464e-01	1.034082637770398078e-01	3.021023771602005525e-01	1.904492362400675709e-01	8.925990809797561265e-02	4.067078005785151884e-02	1.049958920140939833e-01
2.186672136572187810e+03	1.689081075155947631e-01	1.032645149301009424e-01	3.022335258642685485e-01	1.905370768020773209e-01	8.929884779850628951e-02	4.070186216876459095e-02	1.050560649202455094e-01
2.191509906785843214e+03	1.687038573482443071e-01	1.031215958578940023e-01	3.023639274864410864e-01	1.906244181310363384e-01	8.933756551689894798e-02	4.073278608902360098e-02	1.051158495700197093e-01
2.196347676999498617e+03	1.685007852924721716e-01	1.029795017519735956e-01	3.024935864726603363e-01	1.907112631732628683e-01	8.937606257633991247e-02	4.076355246067956545e-02	1.051752482721695775e-01
2.201185447213154021e+03	1.682988845303525494e-01	1.028382278319474180e-01	3.026225072407741079e-01	1.907976148568233110e-01	8.941434029162365071e-02	4.079416192605431896e-02	1.052342633219827406e-01
2.206023217426809424e+03	1.680981482836048924e-01	1.026977693453099416e-01	3.027506941807344698e-01	1.908834760916565398e-01	8.945239996921264258e-02	4.082461512767970868e-02	1.052928970013598808e-01
2.210860987640464373e+03	1.678985698133607929e-01	1.025581215672769914e-01	3.028781516547957020e-01	1.909688497696971909e-01	8.949024290729676312e-02	4.085491270823797538e-02	1.053511515788926878e-01
2.215698757854119776e+03	1.677001424199323909e-01	1.024192798006214183e-01	3.030048839977095843e-01	1.910537387649980379e-01	8.952787039585213824e-02	4.088505531050336261e-02	1.054090293099411713e-01
2.220536528067775180e+03	1.675028594425820860e-01	1.022812393755097859e-01	3.031308955169195185e-01	1.911381459338513944e-01	8.956528371669951472e-02	4.091504357728492636e-02	1.054665324367108081e-01
2.225374298281430583e+03	1.673067142592938594e-01	1.021439956493399998e-01	3.032561904927532082e-01	1.912220741149093794e-01	8.960248414356204727e-02	4.094487815137051734e-02	1.055236631883289949e-01
2.230212068495085077e+03	1.671117002865455670e-01	1.020075440065800892e-01	3.033807731786130613e-01	1.913055261293035159e-01	8.963947294212271100e-02	4.097455967547191519e-02	1.055804237809212093e-01
2.235049838708740936e+03	1.669178109790829534e-01	1.018718798586077667e-01	3.035046478011654281e-01	1.913885047807630801e-01	8.967625137008114478e-02	4.100408879217110752e-02	1.056368164176866159e-01
2.239887608922396339e+03	1.667250398296949987e-01	1.017369986435512075e-01	3.036278185605282287e-01	1.914710128557326752e-01	8.971282067720999509e-02	4.103346614386771396e-02	1.056928432889732983e-01
2.244725379136052197e+03	1.665333803689903469e-01	1.016028958261306209e-01	3.037502896304569155e-01	1.915530531234889144e-01	8.974918210541089902e-02	4.106269237272740930e-02	1.057485065723530182e-01
2.249563149349706237e+03	1.663428261651753448e-01	1.014695668975009041e-01	3.038720651585289367e-01	1.916346283362559133e-01	8.978533688876984276e-02	4.109176812063158185e-02	1.058038084326955730e-01
2.254400919563362095e+03	1.661533708238333018e-01	1.013370073750952810e-01	3.039931492663265344e-01	1.917157412293201968e-01	8.982128625361210372e-02	4.112069402912792160e-02	1.058587510222426670e-01
2.259238689777017044e+03	1.659650079877051376e-01	1.012052128024698155e-01	3.041135460496182108e-01	1.917963945211445531e-01	8.985703141855684584e-02	4.114947073938213240e-02	1.059133364806813388e-01
2.264076459990672902e+03	1.657777313364712235e-01	1.010741787491489102e-01	3.042332595785383065e-01	1.918765909134808878e-01	8.989257359457106245e-02	4.117809889213062957e-02	1.059675669352171112e-01
