1.001418434226643626e+03	2.858408597196684386e-01	1.700053218867396687e-01	2.337689917823081442e-01	1.423760448783533417e-01	6.966619936101196842e-02	2.795578924999986281e-02	7.038679312187394455e-02
1.002869765290740247e+03	2.855771963262648261e-01	1.698469365730747305e-01	2.339443048125666724e-01	1.424853694077299615e-01	6.971159088408383775e-02	2.797986582520164620e-02	7.045473617103363562e-02
1.004321096354836754e+03	2.853139889309800892e-01	1.696888251879289378e-01	2.341193095648325118e-01	1.425945022433971754e-01	6.975690333399543752e-02	2.800390535655374394e-02	7.052256538226739369e-02
1.005772427418933376e+03	2.850512367444661965e-01	1.695309872570838761e-01	2.342940065741686562e-01	1.427034437409658574e-01	6.980213685335824592e-02	2.802790790582796593e-02	7.059028092408446697e-02
1.007223758483029997e+03	2.847889389787465197e-01	1.693734223071451106e-01	2.344683963747112299e-01	1.428121942552335599e-01	6.984729158448949038e-02	2.805187353468750755e-02	7.065788296494182608e-02
1.008675089547126618e+03	2.845270948472130024e-01	1.692161298655407986e-01	2.346424794996712915e-01	1.429207541401874837e-01	6.989236766941320234e-02	2.807580230468715438e-02	7.072537167324223495e-02
1.010126420611223239e+03	2.842657035646239394e-01	1.690591094605203293e-01	2.348162564813364162e-01	1.430291237490076139e-01	6.993736524986099434e-02	2.809969427727350769e-02	7.079274721733233577e-02
1.011577751675319632e+03	2.840047643471014793e-01	1.689023606211527140e-01	2.349897278510722221e-01	1.431373034340697181e-01	6.998228446727297603e-02	2.812354951378519957e-02	7.086000976550080321e-02
1.013029082739416367e+03	2.837442764121292371e-01	1.687458828773252262e-01	2.351628941393239525e-01	1.432452935469483990e-01	7.002712546279868389e-02	2.814736807545310110e-02	7.092715948597647091e-02
1.014480413803512761e+03	2.834842389785498518e-01	1.685896757597420137e-01	2.353357558756181411e-01	1.433530944384200367e-01	7.007188837729794173e-02	2.817115002340053742e-02	7.099419654692649961e-02
1.015931744867609382e+03	2.832246512665628213e-01	1.684337387999224334e-01	2.355083135885642220e-01	1.434607064584657032e-01	7.011657335134172109e-02	2.819489541864349594e-02	7.106112111645457308e-02
1.017383075931706003e+03	2.829655124977217828e-01	1.682780715301998853e-01	2.356805678058560838e-01	1.435681299562742430e-01	7.016118052521309878e-02	2.821860432209084488e-02	7.112793336259906618e-02
1.018834406995802851e+03	2.827068218949321809e-01	1.681226734837202308e-01	2.358525190542736238e-01	1.436753652802451320e-01	7.020571003890802020e-02	2.824227679454453799e-02	7.119463345333128246e-02
1.020285738059899245e+03	2.824485786824491584e-01	1.679675441944402936e-01	2.360241678596844139e-01	1.437824127779913641e-01	7.025016203213622912e-02	2.826591289669982271e-02	7.126122155655370549e-02
1.021737069123995752e+03	2.821907820858748916e-01	1.678126831971265553e-01	2.361955147470452265e-01	1.438892727963424489e-01	7.029453664432212812e-02	2.828951268914546568e-02	7.132769784009823644e-02
1.023188400188092373e+03	2.819334313321562591e-01	1.676580900273536567e-01	2.363665602404036448e-01	1.439959456813472427e-01	7.033883401460563900e-02	2.831307623236395052e-02	7.139406247172448705e-02
1.024639731252188767e+03	2.816765256495826208e-01	1.675037642215030653e-01	2.365373048628996444e-01	1.441024317782767239e-01	7.038305428184303547e-02	2.833660358673167901e-02	7.146031561911810048e-02
1.026091062316285615e+03	2.814200642677833764e-01	1.673497053167614657e-01	2.367077491367670650e-01	1.442087314316269631e-01	7.042719758460780355e-02	2.836009481251918624e-02	7.152645744988898879e-02
1.027542393380382237e+03	2.811640464177254106e-01	1.671959128511195658e-01	2.368778935833353860e-01	1.443148449851218984e-01	7.047126406119150199e-02	2.838354996989136264e-02	7.159248813156972313e-02
1.028993724444478858e+03	2.809084713317111515e-01	1.670423863633704598e-01	2.370477387230310873e-01	1.444207727817161391e-01	7.051525384960455334e-02	2.840696911890763787e-02	7.165840783161388228e-02
1.030445055508575479e+03	2.806533382433756274e-01	1.668891253931083229e-01	2.372172850753793416e-01	1.445265151635977963e-01	7.055916708757714595e-02	2.843035231952219591e-02	7.172421671739441507e-02
1.031896386572671872e+03	2.803986463876848023e-01	1.667361294807270522e-01	2.373865331590055694e-01	1.446320724721912310e-01	7.060300391256002506e-02	2.845369963158419363e-02	7.178991495620201668e-02
1.033347717636768493e+03	2.801443950009326889e-01	1.665833981674187392e-01	2.375554834916369651e-01	1.447374450481597463e-01	7.064676446172533930e-02	2.847701111483793776e-02	7.185550271524350496e-02
1.034799048700865114e+03	2.798905833207392946e-01	1.664309309951723104e-01	2.377241365901040238e-01	1.448426332314084464e-01	7.069044887196743177e-02	2.850028682892311732e-02	7.192098016164032159e-02
1.036250379764961508e+03	2.796372105860481239e-01	1.662787275067721116e-01	2.378924929703422064e-01	1.449476373610868452e-01	7.073405727990367264e-02	2.852352683337499792e-02	7.198634746242686677e-02
1.037701710829058356e+03	2.793842760371240685e-01	1.661267872457966033e-01	2.380605531473933834e-01	1.450524577755917810e-01	7.077758982187529191e-02	2.854673118762462297e-02	7.205160478454902817e-02
1.039153041893154750e+03	2.791317789155508544e-01	1.659751097566167510e-01	2.382283176354074716e-01	1.451570948125698590e-01	7.082104663394819810e-02	2.856989995099900800e-02	7.211675229486265437e-02
1.040604372957251599e+03	2.788797184642287097e-01	1.658236945843948318e-01	2.383957869476438785e-01	1.452615488089201989e-01	7.086442785191375549e-02	2.859303318272136962e-02	7.218179016013197280e-02
1.042055704021347992e+03	2.786280939273723112e-01	1.656725412750829074e-01	2.385629615964731665e-01	1.453658201007972384e-01	7.090773361128956120e-02	2.861613094191129553e-02	7.224671854702817420e-02
1.043507035085444613e+03	2.783769045505082862e-01	1.655216493754215201e-01	2.387298420933784970e-01	1.454699090236132308e-01	7.095096404732030571e-02	2.863919328758497695e-02	7.231153762212787217e-02
1.044958366149541234e+03	2.781261495804727146e-01	1.653710184329382493e-01	2.388964289489572124e-01	1.455738159120408548e-01	7.099411929497852214e-02	2.866222027865538563e-02	7.237624755191167381e-02
1.046409697213637855e+03	2.778758282654092970e-01	1.652206479959463237e-01	2.390627226729224175e-01	1.456775411000159337e-01	7.103719948896540515e-02	2.868521197393247846e-02	7.244084850276275023e-02
1.047861028277734476e+03	2.776259398547666346e-01	1.650705376135433167e-01	2.392287237741043682e-01	1.457810849207399617e-01	7.108020476371158802e-02	2.870816843212341263e-02	7.250534064096536557e-02
1.049312359341831097e+03	2.773764835992960087e-01	1.649206868356096201e-01	2.393944327604521916e-01	1.458844477066827128e-01	7.112313525337789211e-02	2.873108971183272256e-02	7.256972413270346145e-02
1.050763690405927491e+03	2.771274587510493825e-01	1.647710952128071671e-01	2.395598501390353019e-01	1.459876297895847663e-01	7.116599109185614558e-02	2.875397587156253501e-02	7.263399914405931079e-02
1.052215021470024112e+03	2.768788645633767365e-01	1.646217622965780170e-01	2.397249764160450103e-01	1.460906315004601164e-01	7.120877241276994674e-02	2.877682696971276682e-02	7.269816584101208845e-02
1.053666352534120733e+03	2.766307002909239587e-01	1.644726876391430781e-01	2.398898120967958014e-01	1.461934531695986694e-01	7.125147934947541339e-02	2.879964306458130882e-02	7.276222438943649728e-02
1.055117683598217127e+03	2.763829651896305140e-01	1.643238707935005538e-01	2.400543576857271932e-01	1.462960951265687426e-01	7.129411203506196004e-02	2.882242421436423396e-02	7.282617495510144978e-02
1.056569014662313975e+03	2.761356585167273892e-01	1.641753113134247211e-01	2.402186136864051247e-01	1.463985577002196170e-01	7.133667060235308888e-02	2.884517047715599858e-02	7.289001770366873578e-02
1.058020345726410369e+03	2.758887795307343738e-01	1.640270087534645149e-01	2.403825806015233713e-01	1.465008412186840081e-01	7.137915518390708369e-02	2.886788191094962971e-02	7.295375280069163471e-02
1.059471676790506763e+03	2.756423274914583388e-01	1.638789626689421963e-01	2.405462589329050993e-01	1.466029460093805359e-01	7.142156591201784255e-02	2.889055857363691596e-02	7.301738041161369430e-02
1.060923007854603611e+03	2.753963016599904612e-01	1.637311726159519087e-01	2.407096491815045036e-01	1.467048723990161674e-01	7.146390291871555778e-02	2.891320052300861213e-02	7.308090070176735675e-02
1.062374338918700232e+03	2.751507012987043921e-01	1.635836381513584015e-01	2.408727518474081675e-01	1.468066207135887147e-01	7.150616633576750703e-02	2.893580781675464050e-02	7.314431383637275130e-02
1.063825669982796853e+03	2.749055256712535367e-01	1.634363588327956140e-01	2.410355674298366724e-01	1.469081912783891941e-01	7.154835629467878877e-02	2.895838051246426778e-02	7.320761998053641750e-02
1.065277001046893474e+03	2.746607740425694999e-01	1.632893342186653718e-01	2.411980964271460137e-01	1.470095844180043243e-01	7.159047292669303009e-02	2.898091866762630628e-02	7.327081929924998682e-02
1.066728332110990095e+03	2.744164456788589224e-01	1.631425638681360535e-01	2.413603393368290995e-01	1.471108004563188298e-01	7.163251636279316381e-02	2.900342233962930477e-02	7.333391195738905854e-02
1.068179663175086489e+03	2.741725398476021480e-01	1.629960473411411481e-01	2.415222966555173878e-01	1.472118397165179393e-01	7.167448673370213630e-02	2.902589158576174624e-02	7.339689811971189526e-02
1.069630994239183110e+03	2.739290558175504486e-01	1.628497841983780059e-01	2.416839688789821916e-01	1.473127025210896612e-01	7.171638416988365683e-02	2.904832646321224218e-02	7.345977795085821549e-02
1.071082325303279504e+03	2.736859928587238033e-01	1.627037740013063949e-01	2.418453565021362883e-01	1.474133891918272266e-01	7.175820880154289150e-02	2.907072702906970951e-02	7.352255161534809735e-02
1.072533656367376352e+03	2.734433502424089002e-01	1.625580163121472521e-01	2.420064600190353632e-01	1.475139000498313924e-01	7.179996075862721261e-02	2.909309334032358224e-02	7.358521927758068792e-02
1.073984987431472746e+03	2.732011272411567493e-01	1.624125106938813790e-01	2.421672799228795636e-01	1.476142354155127456e-01	7.184164017082687870e-02	2.911542545386397798e-02	7.364778110183306525e-02
1.075436318495569594e+03	2.729593231287805732e-01	1.622672567102479702e-01	2.423278167060148591e-01	1.477143956085941179e-01	7.188324716757581168e-02	2.913772342648191307e-02	7.371023725225915590e-02
1.076887649559666215e+03	2.727179371803533647e-01	1.621222539257433093e-01	2.424880708599346513e-01	1.478143809481128057e-01	7.192478187805226297e-02	2.915998731486947257e-02	7.377258789288852758e-02
1.078338980623762609e+03	2.724769686722059991e-01	1.619775019056195475e-01	2.426480428752811613e-01	1.479141917524229022e-01	7.196624443117949355e-02	2.918221717562000800e-02	7.383483318762523728e-02
1.079790311687859230e+03	2.722364168819249031e-01	1.618330002158832603e-01	2.428077332418469014e-01	1.480138283391975451e-01	7.200763495562656491e-02	2.920441306522832473e-02	7.389697330024681821e-02
1.081241642751955851e+03	2.719962810883496673e-01	1.616887484232942263e-01	2.429671424485762565e-01	1.481132910254311930e-01	7.204895357980894977e-02	2.922657504009087276e-02	7.395900839440310015e-02
1.082692973816052472e+03	2.717565605715711041e-01	1.615447460953639836e-01	2.431262709835668445e-01	1.482125801274419563e-01	7.209020043188925364e-02	2.924870315650592717e-02	7.402093863361519643e-02
1.084144304880149093e+03	2.715172546129289155e-01	1.614009928003545535e-01	2.432851193340710982e-01	1.483116959608736796e-01	7.213137563977796429e-02	2.927079747067378585e-02	7.408276418127432428e-02
1.085595635944245487e+03	2.712783624950094175e-01	1.612574881072771638e-01	2.434436879864975423e-01	1.484106388406983279e-01	7.217247933113406233e-02	2.929285803869694643e-02	7.414448520064084724e-02
1.087046967008342108e+03	2.710398835016435415e-01	1.611142315858909158e-01	2.436019774264124305e-01	1.485094090812181244e-01	7.221351163336575674e-02	2.931488491658029022e-02	7.420610185484317889e-02
1.088498298072438729e+03	2.708018169179046142e-01	1.609712228067014805e-01	2.437599881385411893e-01	1.486080069960677430e-01	7.225447267363116488e-02	2.933687816023128683e-02	7.426761430687674193e-02
1.089949629136535123e+03	2.705641620301061367e-01	1.608284613409597108e-01	2.439177206067697778e-01	1.487064328982165284e-01	7.229536257883895090e-02	2.935883782546016077e-02	7.432902271960296903e-02
1.091400960200631971e+03	2.703269181257995646e-01	1.606859467606603920e-01	2.440751753141462144e-01	1.488046870999706339e-01	7.233618147564907508e-02	2.938076396798007528e-02	7.439032725574828975e-02
1.092852291264728365e+03	2.700900844937720313e-01	1.605436786385409376e-01	2.442323527428819918e-01	1.489027699129752969e-01	7.237692949047340452e-02	2.940265664340733359e-02	7.445152807790314520e-02
1.094303622328825213e+03	2.698536604240446835e-01	1.604016565480801126e-01	2.443892533743536044e-01	1.490006816482168928e-01	7.241760674947639309e-02	2.942451590726154545e-02	7.451262534852094721e-02
1.095754953392921607e+03	2.696176452078698493e-01	1.602598800634967013e-01	2.445458776891039077e-01	1.490984226160250170e-01	7.245821337857578925e-02	2.944634181496581793e-02	7.457361922991717629e-02
1.097206284457018228e+03	2.693820381377292628e-01	1.601183487597481470e-01	2.447022261668436172e-01	1.491959931260747052e-01	7.249874950344326052e-02	2.946813442184694279e-02	7.463450988426834076e-02
1.098657615521114849e+03	2.691468385073318981e-01	1.599770622125293584e-01	2.448582992864527241e-01	1.492933934873885982e-01	7.253921524950507349e-02	2.948989378313557341e-02	7.469529747361108862e-02
1.100108946585211470e+03	2.689120456116116942e-01	1.598360199982713226e-01	2.450140975259819665e-01	1.493906240083389403e-01	7.257961074194274609e-02	2.951161995396640175e-02	7.475598215984127770e-02
1.101560277649308091e+03	2.686776587467254451e-01	1.596952216941399383e-01	2.451696213626541887e-01	1.494876849966497168e-01	7.261993610569369983e-02	2.953331298937835608e-02	7.481656410471299035e-02
1.103011608713404712e+03	2.684436772100508573e-01	1.595546668780345734e-01	2.453248712728658687e-01	1.495845767593987352e-01	7.266019146545188434e-02	2.955497294431476060e-02	7.487704346983765913e-02
1.104462939777501106e+03	2.682101003001840511e-01	1.594143551285868432e-01	2.454798477321885330e-01	1.496812996030197074e-01	7.270037694566849895e-02	2.957659987362353318e-02	7.493742041668315090e-02
1.105914270841597499e+03	2.679769273169376742e-01	1.592742860251593895e-01	2.456345512153701449e-01	1.497778538333042753e-01	7.274049267055258949e-02	2.959819383205736232e-02	7.499769510657285088e-02
1.107365601905694348e+03	2.677441575613387359e-01	1.591344591478444925e-01	2.457889821963365751e-01	1.498742397554040651e-01	7.278053876407165890e-02	2.961975487427387713e-02	7.505786770068482994e-02
1.108816932969790741e+03	2.675117903356264426e-01	1.589948740774629332e-01	2.459431411481930174e-01	1.499704576738327411e-01	7.282051534995238884e-02	2.964128305483584164e-02	7.511793836005092873e-02
1.110268264033887590e+03	2.672798249432499218e-01	1.588555303955625220e-01	2.460970285432253213e-01	1.500665078924680318e-01	7.286042255168120874e-02	2.966277842821132132e-02	7.517790724555595272e-02
1.111719595097984211e+03	2.670482606888665011e-01	1.587164276844169608e-01	2.462506448529016012e-01	1.501623907145537007e-01	7.290026049250494800e-02	2.968424104877386352e-02	7.523777451793672855e-02
1.113170926162080832e+03	2.668170968783390995e-01	1.585775655270245388e-01	2.464039905478735137e-01	1.502581064427016000e-01	7.294002929543148828e-02	2.970567097080268476e-02	7.529754033778135458e-02
1.114622257226177226e+03	2.665863328187345616e-01	1.584389435071068553e-01	2.465570660979776729e-01	1.503536553788936414e-01	7.297972908323037411e-02	2.972706824848284080e-02	7.535720486552835440e-02
1.116073588290273847e+03	2.663559678183212709e-01	1.583005612091075431e-01	2.467098719722371492e-01	1.504490378244837390e-01	7.301935997843340964e-02	2.974843293590540005e-02	7.541676826146577473e-02
1.117524919354370468e+03	2.661260011865670960e-01	1.581624182181909644e-01	2.468624086388628291e-01	1.505442540801998352e-01	7.305892210333533865e-02	2.976976508706762753e-02	7.547623068573053318e-02
1.118976250418467089e+03	2.658964322341374475e-01	1.580245141202410997e-01	2.470146765652547205e-01	1.506393044461458164e-01	7.309841557999442740e-02	2.979106475587315478e-02	7.553559229830751620e-02
1.120427581482563710e+03	2.656672602728928911e-01	1.578868485018601608e-01	2.471666762180035892e-01	1.507341892218034829e-01	7.313784053023310305e-02	2.981233199613216381e-02	7.559485325902877417e-02
1.121878912546660331e+03	2.654384846158873157e-01	1.577494209503672584e-01	2.473184080628921255e-01	1.508289087060345202e-01	7.317719707563852261e-02	2.983356686156156054e-02	7.565401372757281362e-02
1.123330243610756725e+03	2.652101045773657684e-01	1.576122310537973192e-01	2.474698725648964981e-01	1.509234631970822749e-01	7.321648533756323907e-02	2.985476940578513788e-02	7.571307386346377843e-02
1.124781574674853118e+03	2.649821194727622897e-01	1.574752784008997541e-01	2.476210701881877418e-01	1.510178529925738922e-01	7.325570543712578431e-02	2.987593968233377001e-02	7.577203382607076987e-02
1.126232905738949967e+03	2.647545286186979152e-01	1.573385625811371813e-01	2.477720013961330625e-01	1.511120783895220365e-01	7.329485749521125193e-02	2.989707774464556850e-02	7.583089377460698610e-02
1.127684236803046360e+03	2.645273313329785103e-01	1.572020831846841771e-01	2.479226666512973354e-01	1.512061396843268901e-01	7.333394163247194952e-02	2.991818364606607314e-02	7.588965386812908387e-02
1.129135567867143209e+03	2.643005269345928276e-01	1.570658398024261104e-01	2.480730664154443543e-01	1.513000371727779847e-01	7.337295796932795378e-02	2.993925743984840113e-02	7.594831426553637355e-02
1.130586898931239830e+03	2.640741147437103420e-01	1.569298320259577550e-01	2.482232011495384139e-01	1.513937711500560890e-01	7.341190662596774885e-02	2.996029917915345175e-02	7.600687512557019465e-02
1.132038229995336451e+03	2.638480940816791964e-01	1.567940594475822069e-01	2.483730713137455581e-01	1.514873419107350683e-01	7.345078772234879538e-02	2.998130891705004866e-02	7.606533660681311093e-02
1.133489561059432845e+03	2.636224642710242039e-01	1.566585216603094965e-01	2.485226773674349410e-01	1.515807497487837996e-01	7.348960137819809946e-02	3.000228670651513413e-02	7.612369886768828586e-02
1.134940892123529466e+03	2.633972246354447377e-01	1.565232182578555065e-01	2.486720197691802969e-01	1.516739949575679203e-01	7.352834771301282324e-02	3.002323260043392172e-02	7.618196206645874713e-02
1.136392223187626087e+03	2.631723744998125669e-01	1.563881488346405280e-01	2.488210989767614123e-01	1.517670778298516876e-01	7.356702684606092335e-02	3.004414665160008713e-02	7.624012636122673436e-02
1.137843554251722708e+03	2.629479131901699684e-01	1.562533129857882619e-01	2.489699154471651521e-01	1.518599986577998384e-01	7.360563889638165047e-02	3.006502891271592079e-02	7.629819190993300526e-02
1.139294885315819101e+03	2.627238400337277291e-01	1.561187103071244586e-01	2.491184696365872364e-01	1.519527577329794210e-01	7.364418398278620159e-02	3.008587943639252221e-02	7.635615887035621108e-02
1.140746216379915950e+03	2.625001543588629249e-01	1.559843403951756413e-01	2.492667620004333506e-01	1.520453553463615715e-01	7.368266222385821962e-02	3.010669827514993527e-02	7.641402740011218886e-02
1.142197547444012343e+03	2.622768554951168674e-01	1.558502028471679679e-01	2.494147929933206442e-01	1.521377917883232067e-01	7.372107373795444563e-02	3.012748548141734942e-02	7.647179765665337858e-02
1.143648878508108737e+03	2.620539427731932713e-01	1.557162972610259821e-01	2.495625630690790075e-01	1.522300673486489397e-01	7.375941864320526009e-02	3.014824110753324890e-02	7.652946979726815702e-02
1.145100209572205586e+03	2.618314155249560349e-01	1.555826232353713645e-01	2.497100726807524873e-01	1.523221823165328837e-01	7.379769705751526576e-02	3.016896520574559662e-02	7.658704397908019934e-02
1.146551540636302207e+03	2.616092730834272961e-01	1.554491803695217944e-01	2.498573222806006744e-01	1.524141369805803448e-01	7.383590909856384277e-02	3.018965782821199373e-02	7.664452035904788241e-02
1.148002871700398828e+03	2.613875147827854351e-01	1.553159682634895900e-01	2.500043123201000084e-01	1.525059316288095157e-01	7.387405488380573149e-02	3.021031902699984617e-02	7.670189909396368799e-02
1.149454202764495449e+03	2.611661399583629639e-01	1.551829865179806534e-01	2.501510432499451930e-01	1.525975665486533628e-01	7.391213453047154602e-02	3.023094885408653468e-02	7.675918034045357830e-02
1.150905533828591842e+03	2.609451479466445289e-01	1.550502347343931386e-01	2.502975155200504731e-01	1.526890420269612914e-01	7.395014815556839871e-02	3.025154736135958825e-02	7.681636425497639920e-02
1.152356864892688463e+03	2.607245380852650229e-01	1.549177125148163137e-01	2.504437295795510221e-01	1.527803583500009221e-01	7.398809587588045522e-02	3.027211460061683679e-02	7.687345099382331126e-02
1.153808195956785084e+03	2.605043097130073648e-01	1.547854194620292834e-01	2.505896858768041913e-01	1.528715158034597010e-01	7.402597780796944804e-02	3.029265062356659502e-02	7.693044071311723464e-02
1.155259527020881706e+03	2.602844621698007233e-01	1.546533551794997408e-01	2.507353848593912304e-01	1.529625146724467311e-01	7.406379406817525934e-02	3.031315548182781511e-02	7.698733356881225232e-02
1.156710858084978327e+03	2.600649947967182407e-01	1.545215192713829955e-01	2.508808269741181762e-01	1.530533552414944654e-01	7.410154477261647610e-02	3.033362922693025668e-02	7.704412971669308274e-02
1.158162189149074720e+03	2.598459069359753126e-01	1.543899113425205305e-01	2.510260126670174619e-01	1.531440377945603171e-01	7.413923003719091742e-02	3.035407191031464988e-02	7.710082931237448312e-02
1.159613520213171569e+03	2.596271979309273670e-01	1.542585309984388919e-01	2.511709423833491939e-01	1.532345626150284079e-01	7.417684997757623133e-02	3.037448358333286885e-02	7.715743251130073588e-02
1.161064851277267962e+03	2.594088671260680323e-01	1.541273778453484955e-01	2.513156165676023734e-01	1.533249299857112613e-01	7.421440470923035271e-02	3.039486429724808439e-02	7.721393946874510750e-02
1.162516182341364356e+03	2.591909138670270840e-01	1.539964514901424331e-01	2.514600356634963951e-01	1.534151401888513844e-01	7.425189434739211392e-02	3.041521410323493393e-02	7.727035033980937662e-02
1.163967513405461204e+03	2.589733375005683902e-01	1.538657515403952236e-01	2.516042001139823236e-01	1.535051935061230166e-01	7.428931900708179992e-02	3.043553305237968812e-02	7.732666527942320955e-02
1.165418844469557826e+03	2.587561373745880799e-01	1.537352776043616476e-01	2.517481103612442817e-01	1.535950902186337952e-01	7.432667880310164787e-02	3.045582119568041035e-02	7.738288444234373009e-02
1.166870175533654447e+03	2.585393128381124894e-01	1.536050292909756365e-01	2.518917668467007265e-01	1.536848306069263370e-01	7.436397385003634675e-02	3.047607858404711989e-02	7.743900798315499212e-02
1.168321506597751068e+03	2.583228632412961079e-01	1.534750062098489687e-01	2.520351700110056714e-01	1.537744149509798486e-01	7.440120426225366179e-02	3.049630526830195143e-02	7.749503605626748004e-02
1.169772837661847461e+03	2.581067879354197458e-01	1.533452079712701865e-01	2.521783202940500734e-01	1.538638435302117913e-01	7.443837015390487866e-02	3.051650129917932511e-02	7.755096881591762303e-02
1.171224168725944082e+03	2.578910862728884812e-01	1.532156341862033200e-01	2.523212181349634431e-01	1.539531166234795190e-01	7.447547163892538624e-02	3.053666672732610263e-02	7.760680641616733710e-02
1.172675499790040703e+03	2.576757576072296607e-01	1.530862844662867761e-01	2.524638639721146771e-01	1.540422345090819156e-01	7.451250883103520406e-02	3.055680160330175033e-02	7.766254901090351159e-02
1.174126830854137097e+03	2.574608012930911793e-01	1.529571584238321180e-01	2.526062582431136683e-01	1.541311974647608940e-01	7.454948184373946796e-02	3.057690597757850223e-02	7.771819675383757897e-02
1.175578161918233945e+03	2.572462166862391486e-01	1.528282556718229268e-01	2.527484013848126931e-01	1.542200057677030611e-01	7.458639079032899910e-02	3.059697990054152314e-02	7.777374979850502912e-02
1.177029492982330339e+03	2.570320031435562314e-01	1.526995758239135526e-01	2.528902938333074113e-01	1.543086596945413003e-01	7.462323578388078971e-02	3.061702342248904737e-02	7.782920829826496523e-02
1.178480824046426733e+03	2.568181600230396433e-01	1.525711184944280319e-01	2.530319360239384752e-01	1.543971595213562975e-01	7.466001693725854427e-02	3.063703659363257656e-02	7.788457240629968747e-02
1.179932155110523581e+03	2.566046866837989882e-01	1.524428832983589222e-01	2.531733283912927512e-01	1.544855055236781793e-01	7.469673436311316528e-02	3.065701946409700451e-02	7.793984227561422118e-02
1.181383486174620202e+03	2.563915824860546477e-01	1.523148698513659971e-01	2.533144713692045413e-01	1.545736979764880392e-01	7.473338817388328059e-02	3.067697208392079419e-02	7.799501805903587270e-02
1.182834817238716823e+03	2.561788467911357281e-01	1.521870777697752475e-01	2.534553653907569148e-01	1.546617371542194919e-01	7.476997848179578465e-02	3.069689450305613729e-02	7.805009990921388252e-02
1.184286148302813444e+03	2.559664789614778946e-01	1.520595066705776044e-01	2.535960108882830411e-01	1.547496233307602276e-01	7.480650539886629646e-02	3.071678677136910340e-02	7.810508797861889785e-02
1.185737479366910065e+03	2.557544783606217620e-01	1.519321561714278568e-01	2.537364082933675213e-01	1.548373567794535943e-01	7.484296903689971470e-02	3.073664893863981007e-02	7.815998241954269510e-02
1.187188810431006686e+03	2.555428443532107852e-01	1.518050258906434302e-01	2.538765580368477770e-01	1.549249377730999855e-01	7.487936950749070342e-02	3.075648105456257192e-02	7.821478338409763864e-02
1.188640141495103080e+03	2.553315763049894271e-01	1.516781154472031934e-01	2.540164605488150484e-01	1.550123665839585052e-01	7.491570692202417781e-02	3.077628316874605682e-02	7.826949102421638937e-02
1.190091472559199701e+03	2.551206735828011052e-01	1.515514244607465144e-01	2.541561162586158940e-01	1.550996434837484672e-01	7.495198139167583151e-02	3.079605533071344547e-02	7.832410549165147451e-02
1.191542803623296322e+03	2.549101355545864145e-01	1.514249525515717620e-01	2.542955255948535220e-01	1.551867687436508658e-01	7.498819302741263626e-02	3.081579758990259446e-02	7.837862693797488511e-02
1.192994134687392716e+03	2.546999615893811852e-01	1.512986993406355007e-01	2.544346889853889015e-01	1.552737426343097915e-01	7.502434193999329981e-02	3.083550999566618891e-02	7.843305551457775693e-02
1.194445465751489564e+03	2.544901510573144843e-01	1.511726644495511029e-01	2.545736068573422051e-01	1.553605654258341240e-01	7.506042823996883495e-02	3.085519259727188823e-02	7.848739137266992627e-02
1.195896796815585958e+03	2.542807033296067831e-01	1.510468475005877498e-01	2.547122796370940301e-01	1.554472373877988645e-01	7.509645203768296196e-02	3.087484544390249955e-02	7.854163466327962473e-02
1.197348127879682352e+03	2.540716177785680707e-01	1.509212481166690989e-01	2.548507077502867868e-01	1.555337587892466622e-01	7.513241344327269144e-02	3.089446858465611651e-02	7.859578553725310446e-02
1.198799458943779200e+03	2.538628937775958549e-01	1.507958659213724240e-01	2.549888916218256418e-01	1.556201298986892856e-01	7.516831256666874073e-02	3.091406206854628580e-02	7.864984414525427736e-02
1.200250790007875821e+03	2.536545307011733308e-01	1.506707005389271992e-01	2.551268316758802390e-01	1.557063509841090931e-01	7.520414951759603339e-02	3.093362594450216330e-02	7.870381063776436814e-02
1.201702121071972442e+03	2.534465279248676040e-01	1.505457515942141833e-01	2.552645283358856432e-01	1.557924223129605046e-01	7.523992440557425443e-02	3.095316026136865281e-02	7.875768516508159511e-02
1.203153452136069063e+03	2.532388848253275815e-01	1.504210187127640597e-01	2.554019820245437833e-01	1.558783441521713331e-01	7.527563733991823880e-02	3.097266506790657611e-02	7.881146787732085102e-02
1.204604783200165684e+03	2.530316007802821954e-01	1.502965015207564925e-01	2.555391931638246739e-01	1.559641167681443952e-01	7.531128842973849880e-02	3.099214041279282558e-02	7.886515892441330056e-02
1.206056114264262078e+03	2.528246751685385152e-01	1.501721996450188501e-01	2.556761621749676916e-01	1.560497404267588706e-01	7.534687778394172364e-02	3.101158634462050298e-02	7.891875845610614448e-02
1.207507445328358699e+03	2.526181073699798607e-01	1.500481127130252612e-01	2.558128894784828522e-01	1.561352153933717735e-01	7.538240551123119582e-02	3.103100291189908946e-02	7.897226662196225877e-02
1.208958776392455093e+03	2.524118967655639145e-01	1.499242403528952550e-01	2.559493754941520871e-01	1.562205419328192568e-01	7.541787172010734619e-02	3.105039016305458435e-02	7.902568357135991706e-02
1.210410107456551941e+03	2.522060427373208902e-01	1.498005821933927895e-01	2.560856206410302427e-01	1.563057203094181391e-01	7.545327651886814257e-02	3.106974814642967167e-02	7.907900945349244370e-02
1.211861438520648335e+03	2.520005446683515893e-01	1.496771378639251138e-01	2.562216253374468011e-01	1.563907507869673197e-01	7.548862001560963098e-02	3.108907691028385892e-02	7.913224441736793624e-02
1.213312769584745183e+03	2.517954019428255696e-01	1.495539069945416022e-01	2.563573900010068241e-01	1.564756336287491112e-01	7.552390231822639355e-02	3.110837650279363667e-02	7.918538861180901556e-02
1.214764100648841804e+03	2.515906139459794244e-01	1.494308892159326441e-01	2.564929150485923404e-01	1.565603690975306550e-01	7.555912353441199270e-02	3.112764697205262776e-02	7.923844218545247897e-02
1.216215431712937971e+03	2.513861800641145616e-01	1.493080841594284780e-01	2.566282008963634564e-01	1.566449574555653368e-01	7.559428377165944291e-02	3.114688836607173994e-02	7.929140528674903654e-02
1.217666762777034819e+03	2.511820996845957610e-01	1.491854914569982204e-01	2.567632479597597994e-01	1.567293989645941743e-01	7.562938313726168260e-02	3.116610073277930812e-02	7.934427806396304739e-02
1.219118093841131440e+03	2.509783721958490643e-01	1.490631107412486167e-01	2.568980566535016274e-01	1.568136938858471219e-01	7.566442173831203211e-02	3.118528412002125397e-02	7.939706066517226990e-02
1.220569424905228061e+03	2.507749969873599438e-01	1.489409416454229584e-01	2.570326273915910509e-01	1.568978424800445415e-01	7.569939968170469324e-02	3.120443857556122816e-02	7.944975323826751479e-02
1.222020755969324682e+03	2.505719734496715811e-01	1.488189838034000012e-01	2.571669605873133646e-01	1.569818450073985072e-01	7.573431707413513791e-02	3.122356414708077690e-02	7.950235593095250630e-02
1.223472087033421303e+03	2.503693009743829245e-01	1.486972368496928543e-01	2.573010566532383248e-01	1.570657017276141376e-01	7.576917402210060770e-02	3.124266088217947032e-02	7.955486889074352141e-02
1.224923418097517697e+03	2.501669789541468569e-01	1.485757004194478148e-01	2.574349160012212590e-01	1.571494128998909834e-01	7.580397063190061346e-02	3.126172882837505856e-02	7.960729226496922328e-02
1.226374749161614318e+03	2.499650067826683919e-01	1.484543741484433133e-01	2.575685390424043986e-01	1.572329787829244152e-01	7.583870700963728229e-02	3.128076803310363141e-02	7.965962620077035594e-02
1.227826080225710712e+03	2.497633838547027585e-01	1.483332576730888863e-01	2.577019261872181000e-01	1.573163996349068727e-01	7.587338326121589871e-02	3.129977854371974316e-02	7.971187084509955001e-02
1.229277411289807560e+03	2.495621095660536803e-01	1.482123506304239557e-01	2.578350778453818992e-01	1.573996757135292246e-01	7.590799949234532107e-02	3.131876040749658613e-02	7.976402634472108677e-02
1.230728742353903954e+03	2.493611833135715439e-01	1.480916526581167458e-01	2.579679944259061775e-01	1.574828072759821285e-01	7.594255580853843945e-02	3.133771367162612592e-02	7.981609284621059286e-02
1.232180073418000802e+03	2.491606044951514831e-01	1.479711633944632010e-01	2.581006763370929380e-01	1.575657945789572800e-01	7.597705231511264756e-02	3.135663838321924024e-02	7.986807049595495700e-02
1.233631404482097196e+03	2.489603725097316311e-01	1.478508824783859310e-01	2.582331239865372496e-01	1.576486378786488562e-01	7.601148911719021739e-02	3.137553458930589928e-02	7.991995944015198305e-02
1.235082735546193817e+03	2.487604867572912326e-01	1.477308095494331563e-01	2.583653377811284124e-01	1.577313374307546257e-01	7.604586631969881272e-02	3.139440233683525594e-02	7.997175982481027900e-02
1.236534066610290438e+03	2.485609466388489230e-01	1.476109442477774036e-01	2.584973181270512899e-01	1.578138934904774748e-01	7.608018402737189156e-02	3.141324167267584011e-02	8.002347179574895164e-02
1.237985397674387059e+03	2.483617515564608691e-01	1.474912862142146730e-01	2.586290654297873637e-01	1.578963063125265187e-01	7.611444234474919190e-02	3.143205264361569745e-02	8.007509549859749554e-02
1.239436728738483680e+03	2.481629009132189922e-01	1.473718350901631891e-01	2.587605800941160661e-01	1.579785761511184328e-01	7.614864137617709250e-02	3.145083529636252123e-02	8.012663107879554325e-02
1.240888059802580301e+03	2.479643941132490537e-01	1.472525905176624295e-01	2.588918625241158344e-01	1.580607032599788686e-01	7.618278122580914025e-02	3.146958967754379111e-02	8.017807868159265716e-02
1.242339390866676695e+03	2.477662305617089888e-01	1.471335521393719314e-01	2.590229131231656656e-01	1.581426878923435364e-01	7.621686199760645264e-02	3.148831583370695353e-02	8.022943845204820457e-02
1.243790721930773088e+03	2.475684096647871035e-01	1.470147195985703481e-01	2.591537322939460042e-01	1.582245303009595927e-01	7.625088379533812022e-02	3.150701381131953277e-02	8.028071053503112176e-02
1.245242052994869937e+03	2.473709308297001863e-01	1.468960925391541439e-01	2.592843204384399636e-01	1.583062307380868339e-01	7.628484672258166455e-02	3.152568365676928358e-02	8.033189507521971973e-02
1.246693384058966330e+03	2.471737934646916768e-01	1.467776706056367342e-01	2.594146779579348250e-01	1.583877894554991117e-01	7.631875088272346841e-02	3.154432541636432996e-02	8.038299221710158704e-02
1.248144715123063179e+03	2.469769969790301389e-01	1.466594534431473751e-01	2.595448052530229810e-01	1.584692067044853880e-01	7.635259637895921991e-02	3.156293913633335252e-02	8.043400210497332614e-02
1.249596046187159800e+03	2.467805407830071518e-01	1.465414406974299977e-01	2.596747027236030458e-01	1.585504827358510671e-01	7.638638331429432882e-02	3.158152486282565785e-02	8.048492488294045621e-02
1.251047377251256421e+03	2.465844242879358106e-01	1.464236320148422088e-01	2.598043707688815207e-01	1.586316177999193000e-01	7.642011179154434286e-02	3.160008264191137978e-02	8.053576069491723277e-02
1.252498708315352815e+03	2.463886469061487283e-01	1.463060270423541531e-01	2.599338097873733489e-01	1.587126121465320949e-01	7.645378191333535023e-02	3.161861251958161118e-02	8.058650968462646724e-02
1.253950039379449436e+03	2.461932080509963428e-01	1.461886254275475416e-01	2.600630201769037475e-01	1.587934660250517327e-01	7.648739378210447915e-02	3.163711454174852195e-02	8.063717199559940207e-02
1.255401370443546057e+03	2.459981071368451677e-01	1.460714268186145415e-01	2.601920023346089295e-01	1.588741796843617660e-01	7.652094750010025870e-02	3.165558875424552554e-02	8.068774777117557195e-02
1.256852701507642678e+03	2.458033435790760446e-01	1.459544308643567212e-01	2.603207566569374909e-01	1.589547533728684070e-01	7.655444316938304905e-02	3.167403520282741775e-02	8.073823715450260952e-02
1.258304032571739299e+03	2.456089167940822826e-01	1.458376372141838850e-01	2.604492835396516326e-01	1.590351873385017212e-01	7.658788089182547165e-02	3.169245393317051546e-02	8.078864028853616208e-02
1.259755363635835920e+03	2.454148261992679658e-01	1.457210455181132402e-01	2.605775833778283812e-01	1.591154818287167649e-01	7.662126076911281169e-02	3.171084499087279546e-02	8.083895731603972512e-02
1.261206694699932314e+03	2.452210712130461767e-01	1.456046554267680926e-01	2.607056565658605329e-01	1.591956370904948348e-01	7.665458290274344832e-02	3.172920842145402626e-02	8.088918837958450347e-02
1.262658025764028707e+03	2.450276512548372754e-01	1.454884665913769581e-01	2.608335034974581523e-01	1.592756533703446609e-01	7.668784739402927098e-02	3.174754427035593463e-02	8.093933362154932809e-02
1.264109356828125556e+03	2.448345657450670676e-01	1.453724786637724808e-01	2.609611245656495160e-01	1.593555309143036280e-01	7.672105434409606795e-02	3.176585258294233050e-02	8.098939318412047561e-02
1.265560687892221949e+03	2.446418141051651396e-01	1.452566912963902668e-01	2.610885201627823893e-01	1.594352699679389973e-01	7.675420385388397049e-02	3.178413340449925267e-02	8.103936720929161286e-02
1.267012018956318798e+03	2.444493957575630538e-01	1.451411041422680237e-01	2.612156906805251366e-01	1.595148707763489049e-01	7.678729602414781363e-02	3.180238678023508681e-02	8.108925583886360255e-02
1.268463350020415419e+03	2.442573101256925727e-01	1.450257168550443398e-01	2.613426365098681092e-01	1.595943335841638056e-01	7.682033095545762191e-02	3.182061275528073885e-02	8.113905921444446168e-02
1.269914681084511813e+03	2.440655566339840210e-01	1.449105290889577125e-01	2.614693580411245888e-01	1.596736586355474163e-01	7.685330874819894242e-02	3.183881137468975997e-02	8.118877747744923656e-02
1.271366012148608434e+03	2.438741347078644817e-01	1.447955404988454930e-01	2.615958556639319532e-01	1.597528461741980488e-01	7.688622950257328892e-02	3.185698268343847839e-02	8.123841076909985026e-02
1.272817343212705055e+03	2.436830437737561028e-01	1.446807507401429160e-01	2.617221297672531199e-01	1.598318964433496636e-01	7.691909331859854426e-02	3.187512672642614509e-02	8.128795923042510252e-02
1.274268674276801676e+03	2.434922832590742658e-01	1.445661594688819052e-01	2.618481807393773786e-01	1.599108096857730643e-01	7.695190029610934901e-02	3.189324354847506565e-02	8.133742300226046162e-02
1.275720005340898297e+03	2.433018525922260311e-01	1.444517663416901576e-01	2.619740089679218342e-01	1.599895861437770905e-01	7.698465053475748998e-02	3.191133319433075294e-02	8.138680222524807828e-02
1.277171336404994690e+03	2.431117512026081673e-01	1.443375710157900893e-01	2.620996148398323511e-01	1.600682260592097561e-01	7.701734413401235824e-02	3.192939570866205889e-02	8.143609703983661907e-02
1.278622667469091539e+03	2.429219785206057358e-01	1.442235731489977801e-01	2.622249987413848293e-01	1.601467296734593038e-01	7.704998119316128213e-02	3.194743113606129947e-02	8.148530758628119708e-02
1.280073998533187932e+03	2.427325339775900925e-01	1.441097723997218916e-01	2.623501610581863708e-01	1.602250972274554819e-01	7.708256181130995754e-02	3.196543952104440728e-02	8.153443400464333024e-02
1.281525329597284326e+03	2.425434170059172778e-01	1.439961684269626951e-01	2.624751021751762781e-01	1.603033289616705437e-01	7.711508608738282256e-02	3.198342090805107035e-02	8.158347643479081646e-02
1.282976660661381175e+03	2.423546270389263790e-01	1.438827608903110455e-01	2.625998224766274980e-01	1.603814251161204962e-01	7.714755412012350155e-02	3.200137534144484319e-02	8.163243501639769195e-02
1.284427991725477568e+03	2.421661635109376987e-01	1.437695494499473536e-01	2.627243223461476207e-01	1.604593859303661552e-01	7.717996600809515217e-02	3.201930286551332022e-02	8.168130988894413413e-02
1.285879322789574417e+03	2.419780258572511444e-01	1.436565337666405595e-01	2.628486021666799344e-01	1.605372116435142271e-01	7.721232184968082612e-02	3.203720352446826070e-02	8.173010119171643384e-02
1.287330653853671038e+03	2.417902135141444808e-01	1.435437135017470500e-01	2.629726623205047020e-01	1.606149024942185310e-01	7.724462174308396878e-02	3.205507736244569972e-02	8.177880906380689818e-02
1.288781984917767431e+03	2.416027259188716081e-01	1.434310883172096873e-01	2.630965031892403827e-01	1.606924587206810806e-01	7.727686578632868286e-02	3.207292442350609396e-02	8.182743364411380893e-02
1.290233315981864052e+03	2.414155625096608693e-01	1.433186578755567542e-01	2.632201251538445752e-01	1.607698805606530557e-01	7.730905407726021417e-02	3.209074475163450207e-02	8.187597507134135311e-02
