1.301360187473271253e+03	2.354573292523387540e-01	1.501617596970636903e-01	2.593896479171067249e-01	1.619296279193322974e-01	7.657345081267956377e-02	3.199180591058296136e-02	8.449637849044977500e-02
1.306197957686926657e+03	2.348640789135355844e-01	1.497509306508525706e-01	2.597708807844824608e-01	1.621831240430281762e-01	7.668678577726414924e-02	3.205678603976586799e-02	8.468741379062498520e-02
1.311035727900581833e+03	2.342742513384391823e-01	1.493425074900241734e-01	2.601497783939619168e-01	1.624350905052240612e-01	7.679942507800616158e-02	3.212164990649146040e-02	8.487729728740678325e-02
1.315873498114237009e+03	2.336878265284726697e-01	1.489364760140309552e-01	2.605263565287859184e-01	1.626855375074403309e-01	7.691137340974149583e-02	3.218639423586511228e-02	8.506603577521723580e-02
1.320711268327892412e+03	2.331047846058771078e-01	1.485328221073285992e-01	2.609006308604338020e-01	1.629344751453001283e-01	7.702263543905196741e-02	3.225101583317997733e-02	8.525363600838212208e-02
1.325549038541547588e+03	2.325251058129485238e-01	1.481315317388600672e-01	2.612726169468485571e-01	1.631819134143308592e-01	7.713321580276916167e-02	3.231551158242636224e-02	8.544010470137010371e-02
1.330386808755202765e+03	2.319487705112756593e-01	1.477325909615412602e-01	2.616423302311909893e-01	1.634278622148677973e-01	7.724311910680764504e-02	3.237987844483990185e-02	8.562544852903034021e-02
1.335224578968857941e+03	2.313757591809794956e-01	1.473359859117477910e-01	2.620097860410281476e-01	1.636723313562153115e-01	7.735234992526868192e-02	3.244411345748537262e-02	8.580967412682884154e-02
1.340062349182513572e+03	2.308060524199548602e-01	1.469417028088038368e-01	2.623749995878763563e-01	1.639153305601958599e-01	7.746091279976607957e-02	3.250821373187338242e-02	8.599278809108322486e-02
1.344900119396168748e+03	2.302396309431150867e-01	1.465497279544733800e-01	2.627379859670347928e-01	1.641568694641920845e-01	7.756881223893438704e-02	3.257217645260770955e-02	8.617479697919615267e-02
1.349737889609823924e+03	2.296764755816400605e-01	1.461600477324533354e-01	2.630987601576546542e-01	1.643969576237704344e-01	7.767605271808650236e-02	3.263599887606135480e-02	8.635570730988725852e-02
1.354575659823479100e+03	2.291165672822278454e-01	1.457726486078696759e-01	2.634573370230010592e-01	1.646356045149580671e-01	7.778263867899364026e-02	3.269967832907954425e-02	8.653552556342374025e-02
1.359413430037134731e+03	2.285598871063504733e-01	1.453875171267760835e-01	2.638137313108706583e-01	1.648728195362329507e-01	7.788857452976545581e-02	3.276321220770844062e-02	8.671425818184949619e-02
1.364251200250789907e+03	2.280064162295142582e-01	1.450046399156552090e-01	2.641679576541351437e-01	1.651086120102760735e-01	7.799386464481178338e-02	3.282659797594820322e-02	8.689191156921288739e-02
1.369088970464445310e+03	2.274561359405241068e-01	1.446240036809231244e-01	2.645200305713863997e-01	1.653429911855263390e-01	7.809851336487118323e-02	3.288983316452937650e-02	8.706849209179304272e-02
1.373926740678100487e+03	2.269090276407529916e-01	1.442455952084363557e-01	2.648699644676625886e-01	1.655759662375715646e-01	7.820252499709341720e-02	3.295291536971175356e-02	8.724400607832488719e-02
1.378764510891755890e+03	2.263650728434158932e-01	1.438694013630021640e-01	2.652177736352388515e-01	1.658075462704032277e-01	7.830590381516601417e-02	3.301584225210479201e-02	8.741845982022268535e-02
1.383602281105411066e+03	2.258242531728485436e-01	1.434954090878916844e-01	2.655634722544685800e-01	1.660377403175573585e-01	7.840865405947616829e-02	3.307861153550898520e-02	8.759185957180232185e-02
1.388440051319066470e+03	2.252865503637913325e-01	1.431236054043560635e-01	2.659070743946646553e-01	1.662665573431607591e-01	7.851077993730122551e-02	3.314122100577743257e-02	8.776421155050216638e-02
1.393277821532721646e+03	2.247519462606779872e-01	1.427539774111458992e-01	2.662485940150104979e-01	1.664940062428975631e-01	7.861228562302201295e-02	3.320366850969710959e-02	8.793552193710253706e-02
1.398115591746377049e+03	2.242204228169291658e-01	1.423865122840334008e-01	2.665880449654943196e-01	1.667200958449092663e-01	7.871317525835413997e-02	3.326595195388935139e-02	8.810579687594395637e-02
1.402953361960032225e+03	2.236919620942512954e-01	1.420211972753378238e-01	2.669254409878592527e-01	1.669448349106386065e-01	7.881345295259371830e-02	3.332806930372891885e-02	8.827504247514394997e-02
1.407791132173687402e+03	2.231665462619400464e-01	1.416580197134539865e-01	2.672607957165656911e-01	1.671682321356258716e-01	7.891312278287396231e-02	3.339001858228141106e-02	8.844326480681259650e-02
1.412628902387342805e+03	2.226441575961891073e-01	1.412969670023835889e-01	2.675941226797601824e-01	1.673902961502650721e-01	7.901218879443040743e-02	3.345179786925848303e-02	8.861046990726671735e-02
1.417466672600997981e+03	2.221247784794037616e-01	1.409380266212699462e-01	2.679254353002484823e-01	1.676110355205257807e-01	7.911065500087234581e-02	3.351340529999048690e-02	8.877666377724273417e-02
1.422304442814653157e+03	2.216083913995195442e-01	1.405811861239354144e-01	2.682547468964695536e-01	1.678304587486454114e-01	7.920852538445886937e-02	3.357483906441633553e-02	8.894185238210836064e-02
1.427142213028308333e+03	2.210949789493256157e-01	1.402264331384221741e-01	2.685820706834685101e-01	1.680485742737962973e-01	7.930580389637804928e-02	3.363609740608999865e-02	8.910604165207286487e-02
1.431979983241963964e+03	2.205845238257933272e-01	1.398737553665356237e-01	2.689074197738662297e-01	1.682653904727306471e-01	7.940249445702803055e-02	3.369717862120359675e-02	8.926923748239605494e-02
1.436817753455619140e+03	2.200770088294093929e-01	1.395231405833911309e-01	2.692308071788248047e-01	1.684809156604064606e-01	7.949860095629912582e-02	3.375808105762651695e-02	8.943144573359607108e-02
1.441655523669274316e+03	2.195724168635141693e-01	1.391745766369635040e-01	2.695522458090069406e-01	1.686951580905963477e-01	7.959412725385617282e-02	3.381880311396049527e-02	8.959267223165587324e-02
1.446493293882929493e+03	2.190707309336444031e-01	1.388280514476395999e-01	2.698717484755289719e-01	1.689081259564814141e-01	7.968907717942039226e-02	3.387934323861020031e-02	8.975292276822846582e-02
1.451331064096585123e+03	2.185719341468812527e-01	1.384835530077738464e-01	2.701893278909062168e-01	1.691198273912317696e-01	7.978345453305034363e-02	3.393969992886920056e-02	8.991220310084085954e-02
1.456168834310240300e+03	2.180760097112025009e-01	1.381410693812463453e-01	2.705049966699903941e-01	1.693302704685750726e-01	7.987726308542150711e-02	3.399987173002089885e-02	9.007051895309679812e-02
1.461006604523895703e+03	2.175829409348397636e-01	1.378005887030244458e-01	2.708187673308984911e-01	1.695394632033540017e-01	7.997050657810415852e-02	3.405985723445433683e-02	9.022787601487826381e-02
1.465844374737550879e+03	2.170927112256405278e-01	1.374620991787267599e-01	2.711306522959330279e-01	1.697474135520735949e-01	8.006318872383930141e-02	3.411965508079448789e-02	9.038427994254578934e-02
1.470682144951206283e+03	2.166053040904342697e-01	1.371255890841902858e-01	2.714406638924925508e-01	1.699541294134396252e-01	8.015531320681237859e-02	3.417926395304688586e-02	9.053973635913749318e-02
1.475519915164861459e+03	2.161207031344038465e-01	1.367910467650400586e-01	2.717488143539735779e-01	1.701596186288881207e-01	8.024688368292468010e-02	3.423868257975631879e-02	9.069425085456686575e-02
1.480357685378516862e+03	2.156388920604608572e-01	1.364584606362620189e-01	2.720551158206623854e-01	1.703638889831070036e-01	8.033790378006230859e-02	3.429790973317934505e-02	9.084782898581951482e-02
1.485195455592172038e+03	2.151598546686258884e-01	1.361278191817784367e-01	2.723595803406177462e-01	1.705669482045499841e-01	8.042837709836238302e-02	3.435694422847044432e-02	9.100047627714855092e-02
1.490033225805827215e+03	2.146835748554130341e-01	1.357991109540260533e-01	2.726622198705436206e-01	1.707688039659434609e-01	8.051830721047678607e-02	3.441578492288156071e-02	9.115219822026887631e-02
1.494870996019482618e+03	2.142100366132189404e-01	1.354723245735372228e-01	2.729630462766525212e-01	1.709694638847864823e-01	8.060769766183312202e-02	3.447443071497483663e-02	9.130300027455023892e-02
1.499708766233137567e+03	2.137392240297161516e-01	1.351474487285235504e-01	2.732620713355192188e-01	1.711689355238441013e-01	8.069655197089289911e-02	3.453288054384823225e-02	9.145288786720916219e-02
1.504546536446793198e+03	2.132711212872510087e-01	1.348244721744623897e-01	2.735593067349246232e-01	1.713672263916345695e-01	8.078487362940697802e-02	3.459113338837404433e-02	9.160186639349970905e-02
1.509384306660448374e+03	2.128057126622455719e-01	1.345033837336859495e-01	2.738547640746903378e-01	1.715643439429102857e-01	8.087266610266818923e-02	3.464918826644986655e-02	9.174994121690302484e-02
1.514222076874103550e+03	2.123429825246042069e-01	1.341841722949732307e-01	2.741484548675037214e-01	1.717602955791331376e-01	8.095993282976120253e-02	3.470704423426193563e-02	9.189711766931583925e-02
1.519059847087758726e+03	2.118829153371239171e-01	1.338668268131444072e-01	2.744403905397331811e-01	1.719550886489437380e-01	8.104667722380960726e-02	3.476470038556066927e-02	9.204340105123774707e-02
1.523897617301414357e+03	2.114254956549095066e-01	1.335513363086579530e-01	2.747305824322347489e-01	1.721487304486254977e-01	8.113290267222016128e-02	3.482215585094811799e-02	9.218879663195730934e-02
1.528735387515069533e+03	2.109707081247922944e-01	1.332376898672104348e-01	2.750190418011489446e-01	1.723412282225630088e-01	8.121861253692430616e-02	3.487940979717721324e-02	9.233330964973714139e-02
1.533573157728724709e+03	2.105185374847533819e-01	1.329258766393388580e-01	2.753057798186884786e-01	1.725325891636951825e-01	8.130381015461694838e-02	3.493646142646259639e-02	9.247694531199787682e-02
1.538410927942380113e+03	2.100689685633508885e-01	1.326158858400255103e-01	2.755908075739172958e-01	1.727228204139633627e-01	8.138849883699250665e-02	3.499330997580286928e-02	9.261970879550086855e-02
1.543248698156035516e+03	2.096219862791511568e-01	1.323077067483055536e-01	2.758741360735201265e-01	1.729119290647541385e-01	8.147268187097826686e-02	3.504995471631405096e-02	9.276160524652997397e-02
1.548086468369690692e+03	2.091775756401642594e-01	1.320013287068769192e-01	2.761557762425637108e-01	1.730999221573372160e-01	8.155636251896498934e-02	3.510639495257405346e-02	9.290263978107210496e-02
1.552924238583346096e+03	2.087357217432830869e-01	1.316967411217129236e-01	2.764357389252488639e-01	1.732868066832985443e-01	8.163954401903497637e-02	3.516263002197805854e-02	9.304281748499672322e-02
1.557762008797001272e+03	2.082964097737267928e-01	1.313939334616773535e-01	2.767140348856541032e-01	1.734725895849684729e-01	8.172222958518747526e-02	3.521865929410460117e-02	9.318214341423430858e-02
1.562599779010656675e+03	2.078596250044880134e-01	1.310928952581419671e-01	2.769906748084706716e-01	1.736572777558451908e-01	8.180442240756144456e-02	3.527448217009211684e-02	9.332062259495368939e-02
1.567437549224311852e+03	2.074253527957838350e-01	1.307936161046064361e-01	2.772656692997293448e-01	1.738408780410134469e-01	8.188612565265580845e-02	3.533009808202592500e-02	9.345826002373826269e-02
1.572275319437967255e+03	2.069935785945107853e-01	1.304960856563209537e-01	2.775390288875185241e-01	1.740233972375589966e-01	8.196734246354719922e-02	3.538550649233533629e-02	9.359506066776125677e-02
1.577113089651622431e+03	2.065642879337036553e-01	1.302002936299109237e-01	2.778107640226944453e-01	1.742048420949781073e-01	8.204807596010513238e-02	3.544070689320084205e-02	9.373102946495989740e-02
1.581950859865277607e+03	2.061374664319981509e-01	1.299062298030044804e-01	2.780808850795831177e-01	1.743852193155829011e-01	8.212832923920478090e-02	3.549569880597115701e-02	9.386617132420843612e-02
1.586788630078933011e+03	2.057130997930970429e-01	1.296138840138619519e-01	2.783494023566744358e-01	1.745645355549021172e-01	8.220810537493726533e-02	3.555048178058996949e-02	9.400049112549022090e-02
1.591626400292587959e+03	2.052911738052403123e-01	1.293232461610082373e-01	2.786163260773081296e-01	1.747427974220776836e-01	8.228740741881758469e-02	3.560505539503226041e-02	9.413399372006879540e-02
1.596464170506243590e+03	2.048716743406790164e-01	1.290343062028668775e-01	2.788816663903521120e-01	1.749200114802570427e-01	8.236623839999010488e-02	3.565941925475005214e-02	9.426668393065776308e-02
1.601301940719898766e+03	2.044545873551525672e-01	1.287470541573972060e-01	2.791454333708731084e-01	1.750961842469811180e-01	8.244460132543174335e-02	3.571357299212737924e-02	9.439856655158984644e-02
1.606139710933553943e+03	2.040398988873697861e-01	1.284614801017332220e-01	2.794076370207996818e-01	1.752713221945681743e-01	8.252249918015290564e-02	3.576751626594441152e-02	9.452964634898475271e-02
1.610977481147209119e+03	2.036275950584936212e-01	1.281775741718250983e-01	2.796682872695778199e-01	1.754454317504937355e-01	8.259993492739595156e-02	3.582124876085052839e-02	9.465992806091616529e-02
1.615815251360864750e+03	2.032176620716294457e-01	1.278953265620828839e-01	2.799273939748188611e-01	1.756185192977662846e-01	8.267691150883160756e-02	3.587477018684618463e-02	9.478941639757765270e-02
1.620653021574519926e+03	2.028100862113166314e-01	1.276147275250225921e-01	2.801849669229405371e-01	1.757905911752990213e-01	8.275343184475304759e-02	3.592808027877353316e-02	9.491811604144756442e-02
1.625490791788175102e+03	2.024048538430240352e-01	1.273357673709143156e-01	2.804410158298005218e-01	1.759616536782777352e-01	8.282949883426779514e-02	3.598117879581554795e-02	9.504603164745298316e-02
1.630328562001830505e+03	2.020019514126487614e-01	1.270584364674328393e-01	2.806955503413229303e-01	1.761317130585246249e-01	8.290511535548744648e-02	3.603406552100355681e-02	9.517316784313269162e-02
1.635166332215485909e+03	2.016013654460182269e-01	1.267827252393103898e-01	2.809485800341180450e-01	1.763007755248587327e-01	8.298028426571529836e-02	3.608674026073307312e-02	9.529952922879911248e-02
1.640004102429141085e+03	2.012030825483959173e-01	1.265086241679914680e-01	2.812001144160946597e-01	1.764688472434519373e-01	8.305500840163183851e-02	3.613920284428776691e-02	9.542512037769931843e-02
1.644841872642796488e+03	2.008070894039905296e-01	1.262361237912900946e-01	2.814501629270660943e-01	1.766359343381816716e-01	8.312929057947814060e-02	3.619145312337143650e-02	9.554994583617504311e-02
1.649679642856451665e+03	2.004133727754681682e-01	1.259652147030491109e-01	2.816987349393489382e-01	1.768020428909799213e-01	8.320313359523720531e-02	3.624349097164788341e-02	9.567401012382173442e-02
1.654517413070107068e+03	2.000219195034683428e-01	1.256958875528017272e-01	2.819458397583559650e-01	1.769671789421783659e-01	8.327654022481331686e-02	3.629531628428857987e-02	9.579731773364669190e-02
1.659355183283762244e+03	1.996327165061228814e-01	1.254281330454350696e-01	2.821914866231814423e-01	1.771313484908502156e-01	8.334951322420934561e-02	3.634692897752787866e-02	9.591987313222617717e-02
1.664192953497417420e+03	1.992457507785783954e-01	1.251619419408560863e-01	2.824356847071807231e-01	1.772945574951480807e-01	8.342205532970212167e-02	3.639832898822584900e-02	9.604168075986170561e-02
1.669030723711072824e+03	1.988610093925218258e-01	1.248973050536593687e-01	2.826784431185433988e-01	1.774568118726388977e-01	8.349416925801579625e-02	3.644951627343847450e-02	9.616274503073522772e-02
1.673868493924728000e+03	1.984784794957092924e-01	1.246342132527971658e-01	2.829197709008595685e-01	1.776181175006348867e-01	8.356585770649338496e-02	3.650049080999510226e-02	9.628307033306356122e-02
1.678706264138383403e+03	1.980981483114982733e-01	1.243726574612515068e-01	2.831596770336806679e-01	1.777784802165214284e-01	8.363712335326627112e-02	3.655125259408308069e-02	9.640266102925171277e-02
1.683544034352038352e+03	1.977200031383826995e-01	1.241126286557084069e-01	2.833981704330736373e-01	1.779379058180813322e-01	8.370796885742197435e-02	3.660180164083944032e-02	9.652152145604543654e-02
1.688381804565693983e+03	1.973440313495314347e-01	1.238541178662340564e-01	2.836352599521690943e-01	1.780964000638160516e-01	8.377839685916997625e-02	3.665213798394952038e-02	9.663965592468280741e-02
1.693219574779349159e+03	1.969702203923297534e-01	1.235971161759531201e-01	2.838709543817037884e-01	1.782539686732632356e-01	8.384840998000578360e-02	3.670226167525240252e-02	9.675706872104487821e-02
1.698057344993004335e+03	1.965985577879239832e-01	1.233416147207290758e-01	2.841052624505567281e-01	1.784106173273114215e-01	8.391801082287315972e-02	3.675217278435308210e-02	9.687376410580547659e-02
1.702895115206659511e+03	1.962290311307692547e-01	1.230876046888465664e-01	2.843381928262800340e-01	1.785663516685112862e-01	8.398720197232455165e-02	3.680187139824122461e-02	9.698974631458004425e-02
1.707732885420315142e+03	1.958616280881801675e-01	1.228350773206956514e-01	2.845697541156234078e-01	1.787211773013838156e-01	8.405598599467983822e-02	3.685135762091645839e-02	9.710501955807360197e-02
1.712570655633970318e+03	1.954963363998847015e-01	1.225840239084582672e-01	2.847999548650534951e-01	1.788750997927252839e-01	8.412436543818330170e-02	3.690063157302003044e-02	9.721958802222789575e-02
1.717408425847625494e+03	1.951331438775808225e-01	1.223344357957964479e-01	2.850288035612672521e-01	1.790281246719092612e-01	8.419234283315887857e-02	3.694969339147280429e-02	9.733345586836755770e-02
1.722246196061280898e+03	1.947720384044964170e-01	1.220863043775426149e-01	2.852563086316998731e-01	1.791802574311854024e-01	8.425992069216375890e-02	3.699854322911941273e-02	9.744662723334547583e-02
1.727083966274936301e+03	1.944130079349519757e-01	1.218396210993918510e-01	2.854824784450276653e-01	1.793315035259754053e-01	8.432710151014027877e-02	3.704718125437848897e-02	9.755910622968724799e-02
1.731921736488591478e+03	1.940560404939262185e-01	1.215943774575959369e-01	2.857073213116648192e-01	1.794818683751659150e-01	8.439388776456624441e-02	3.709560765089900403e-02	9.767089694573474756e-02
1.736759506702246881e+03	1.937011241766246894e-01	1.213505649986595242e-01	2.859308454842554026e-01	1.796313573613984027e-01	8.446028191560353560e-02	3.714382261722239120e-02	9.778200344578892589e-02
1.741597276915902057e+03	1.933482471480512388e-01	1.211081753190381000e-01	2.861530591581597505e-01	1.797799758313564089e-01	8.452628640624523793e-02	3.719182636645051998e-02	9.789242977025164327e-02
1.746435047129557461e+03	1.929973976425821414e-01	1.208672000648378791e-01	2.863739704719361900e-01	1.799277290960494546e-01	8.459190366246102655e-02	3.723961912591940843e-02	9.800217993576675057e-02
1.751272817343212637e+03	1.926485639635436287e-01	1.206276309315175294e-01	2.865935875078169381e-01	1.800746224310947052e-01	8.465713609334118983e-02	3.728720113687852833e-02	9.811125793536026873e-02
1.756110587556867813e+03	1.923017344827915309e-01	1.203894596635918246e-01	2.868119182921797239e-01	1.802206610769953865e-01	8.472198609123890445e-02	3.733457265417567533e-02	9.821966773857969402e-02
1.760948357770523216e+03	1.919568976402941385e-01	1.201526780543371309e-01	2.870289707960136383e-01	1.803658502394167029e-01	8.478645603191120594e-02	3.738173394594723753e-02	9.832741329163263710e-02
1.765786127984178393e+03	1.916140419437178388e-01	1.199172779454987653e-01	2.872447529353807649e-01	1.805101950894587304e-01	8.485054827465826621e-02	3.742868529331389721e-02	9.843449851752439361e-02
1.770623898197833569e+03	1.912731559680153626e-01	1.196832512270000898e-01	2.874592725718724817e-01	1.806537007639270609e-01	8.491426516246131095e-02	3.747542699008149514e-02	9.854092731619487622e-02
1.775461668411488745e+03	1.909342283550166386e-01	1.194505898366535618e-01	2.876725375130610440e-01	1.807963723656003940e-01	8.497760902211907996e-02	3.752195934244718922e-02	9.864670356465468637e-02
1.780299438625144376e+03	1.905972478130228687e-01	1.192192857598734917e-01	2.878845555129468381e-01	1.809382149634956305e-01	8.504058216438273310e-02	3.756828266871067856e-02	9.875183111712033945e-02
1.785137208838799552e+03	1.902622031164026006e-01	1.189893310293906048e-01	2.880953342724003052e-01	1.810792335931304398e-01	8.510318688408947951e-02	3.761439729899040268e-02	9.885631380514867117e-02
1.789974979052454728e+03	1.899290831051911044e-01	1.187607177249684343e-01	2.883048814395997583e-01	1.812194332567832189e-01	8.516542546029469418e-02	3.766030357494473679e-02	9.896015543777049450e-02
1.794812749266109904e+03	1.895978766846918850e-01	1.185334379731214638e-01	2.885132046104644798e-01	1.813588189237504700e-01	8.522730015640267442e-02	3.770600184949805117e-02	9.906335980162345178e-02
1.799650519479765535e+03	1.892685728250811938e-01	1.183074839468349210e-01	2.887203113290831569e-01	1.814973955306016240e-01	8.528881322029605028e-02	3.775149248657152373e-02	9.916593066108400634e-02
1.804488289693420711e+03	1.889411605610148981e-01	1.180828478652865138e-01	2.889262090881381528e-01	1.816351679814316167e-01	8.534996688446386259e-02	3.779677586081865021e-02	9.926787175839874022e-02
1.809326059907075887e+03	1.886156289912380712e-01	1.178595219935697491e-01	2.891309053293253384e-01	1.817721411481108829e-01	8.541076336612818398e-02	3.784185235736542419e-02	9.936918681381480545e-02
1.814163830120731291e+03	1.882919672781970810e-01	1.176374986424190139e-01	2.893344074437693147e-01	1.819083198705327420e-01	8.547120486736958789e-02	3.788672237155504136e-02	9.946987952570963964e-02
1.819001600334386467e+03	1.879701646476542864e-01	1.174167701679363907e-01	2.895367227724347514e-01	1.820437089568588129e-01	8.553129357525118825e-02	3.793138630869710703e-02	9.956995357071983521e-02
1.823839370548041643e+03	1.876502103883052330e-01	1.171973289713201249e-01	2.897378586065331718e-01	1.821783131837617642e-01	8.559103166194149959e-02	3.797584458382123607e-02	9.966941260386932844e-02
1.828677140761696819e+03	1.873320938513982903e-01	1.169791674985948271e-01	2.899378221879257977e-01	1.823121372966657605e-01	8.565042128483588146e-02	3.802009762143497562e-02	9.976826025869676984e-02
1.833514910975352450e+03	1.870158044503568429e-01	1.167622782403433118e-01	2.901366207095222305e-01	1.824451860099847444e-01	8.570946458667691448e-02	3.806414585528605093e-02	9.986650014738218673e-02
1.838352681189008081e+03	1.867013316604039797e-01	1.165466537314401030e-01	2.903342613156748575e-01	1.825774640073583865e-01	8.576816369567334675e-02	3.810798972812876051e-02	9.996413586087279923e-02
1.843190451402663257e+03	1.863886650181895421e-01	1.163322865507866177e-01	2.905307511025697065e-01	1.827089759418857040e-01	8.582652072561799961e-02	3.815162969149452077e-02	1.000611709690081563e-01
1.848028221616318433e+03	1.860777941214196429e-01	1.161191693210480019e-01	2.907260971186126364e-01	1.828397264363565144e-01	8.588453777600435490e-02	3.819506620546645609e-02	1.001576090206445641e-01
1.852865991829973609e+03	1.857687086284887101e-01	1.159072947083915339e-01	2.909203063648124199e-01	1.829697200834808635e-01	8.594221693214193492e-02	3.823829973845803420e-02	1.002534535437786534e-01
1.857703762043628785e+03	1.854613982581136411e-01	1.156966554222266658e-01	2.911133857951593296e-01	1.830989614461159265e-01	8.599956026527061370e-02	3.828133076699558046e-02	1.003487080456703373e-01
1.862541532257283961e+03	1.851558527889706762e-01	1.154872442149467437e-01	2.913053423170002265e-01	1.832274550574912175e-01	8.605656983267365168e-02	3.832415977550471253e-02	1.004433760129649217e-01
1.867379302470939592e+03	1.848520620593343822e-01	1.152790538816722832e-01	2.914961827914095971e-01	1.833552054214311333e-01	8.611324767778970324e-02	3.836678725610052215e-02	1.005374609118145912e-01
1.872217072684594768e+03	1.845500159667189943e-01	1.150720772599957142e-01	2.916859140335573697e-01	1.834822170125759155e-01	8.616959583032351988e-02	3.840921370838156629e-02	1.006309661879991046e-01
1.877054842898249490e+03	1.842497044675223128e-01	1.148663072297279597e-01	2.918745428130725128e-01	1.836084942766003925e-01	8.622561630635570962e-02	3.845143963922751512e-02	1.007238952670458237e-01
1.881892613111905121e+03	1.839511175766715967e-01	1.146617367126463033e-01	2.920620758544032469e-01	1.837340416304304447e-01	8.628131110845133067e-02	3.849346556260039437e-02	1.008162515543489512e-01
1.886730383325560297e+03	1.836542453672719566e-01	1.144583586722439927e-01	2.922485198371735926e-01	1.838588634624578055e-01	8.633668222576731943e-02	3.853529199934946359e-02	1.009080384352881582e-01
1.891568153539215928e+03	1.833590779702569118e-01	1.142561661134813555e-01	2.924338813965365880e-01	1.839829641327525023e-01	8.639173163415893308e-02	3.857691947701954310e-02	1.009992592753464064e-01
1.896405923752871104e+03	1.830656055740411958e-01	1.140551520825383996e-01	2.926181671235237869e-01	1.841063479732737151e-01	8.644646129628510978e-02	3.861834852966282428e-02	1.010899174202271739e-01
1.901243693966526507e+03	1.827738184241759212e-01	1.138553096665689546e-01	2.928013835653911490e-01	1.842290192880784439e-01	8.650087316171274632e-02	3.865957969765403818e-02	1.011800161959708899e-01
1.906081464180181683e+03	1.824837068230058534e-01	1.136566319934563529e-01	2.929835372259620430e-01	1.843509823535281755e-01	8.655496916701997667e-02	3.870061352750900352e-02	1.012695589090707171e-01
1.910919234393836859e+03	1.821952611293289059e-01	1.134591122315706246e-01	2.931646345659661979e-01	1.844722414184938875e-01	8.660875123589839575e-02	3.874145057170647055e-02	1.013585488465876538e-01
1.915757004607492036e+03	1.819084717580577437e-01	1.132627435895270929e-01	2.933446820033760449e-01	1.845928007045589681e-01	8.666222127925422847e-02	3.878209138851313603e-02	1.014469892762649289e-01
1.920594774821147894e+03	1.816233291798838023e-01	1.130675193159465935e-01	2.935236859137389520e-01	1.847126644062204170e-01	8.671538119530863842e-02	3.882253654181188479e-02	1.015348834466417716e-01
1.925432545034802843e+03	1.813398239209432494e-01	1.128734326992170550e-01	2.937016526305071817e-01	1.848318366910881305e-01	8.676823286969688465e-02	3.886278660093316073e-02	1.016222345871664184e-01
1.930270315248458019e+03	1.810579465624850837e-01	1.126804770672566319e-01	2.938785884453634090e-01	1.849503217000824096e-01	8.682077817556661803e-02	3.890284214048938399e-02	1.017090459083085097e-01
1.935108085462113195e+03	1.807776877405414817e-01	1.124886457872782131e-01	2.940544996085444618e-01	1.850681235476294706e-01	8.687301897367513681e-02	3.894270374021242820e-02	1.017953206016708328e-01
1.939945855675768371e+03	1.804990381456001436e-01	1.122979322655554141e-01	2.942293923291607882e-01	1.851852463218556233e-01	8.692495711248571233e-02	3.898237198479403282e-02	1.018810618401003176e-01
1.944783625889424002e+03	1.802219885222788309e-01	1.121083299471899580e-01	2.944032727755132584e-01	1.853016940847792005e-01	8.697659442826305431e-02	3.902184746372919927e-02	1.019662727777984751e-01
1.949621396103079178e+03	1.799465296690018479e-01	1.119198323158806380e-01	2.945761470754071909e-01	1.854174708725011000e-01	8.702793274516769373e-02	3.906113077116240423e-02	1.020509565504311156e-01
1.954459166316734354e+03	1.796726524376787149e-01	1.117324328936934591e-01	2.947480213164626051e-01	1.855325806953934398e-01	8.707897387534957456e-02	3.910022250573671337e-02	1.021351162752374558e-01
1.959296936530389530e+03	1.794003477333848129e-01	1.115461252408334047e-01	2.949189015464224184e-01	1.856470275382865465e-01	8.712971961904064644e-02	3.913912327044561518e-02	1.022187550511384907e-01
1.964134706744044706e+03	1.791296065140441096e-01	1.113609029554174790e-01	2.950887937734569810e-01	1.857608153606542245e-01	8.718017176464666618e-02	3.917783367248763721e-02	1.023018759588448789e-01
1.968972476957700337e+03	1.788604197901138004e-01	1.111767596732491231e-01	2.952577039664657788e-01	1.858739480967974977e-01	8.723033208883801404e-02	3.921635432312364777e-02	1.023844820609640383e-01
1.973810247171355968e+03	1.785927786242711701e-01	1.109936890675941173e-01	2.954256380553767491e-01	1.859864296560267138e-01	8.728020235663967730e-02	3.925468583753682905e-02	1.024665764021066849e-01
1.978648017385010689e+03	1.783266741311021475e-01	1.108116848489577866e-01	2.955926019314419895e-01	1.860982639228417057e-01	8.732978432152035952e-02	3.929282883469521065e-02	1.025481620089926937e-01
1.983485787598666320e+03	1.780620974767920528e-01	1.106307407648635388e-01	2.957586014475314662e-01	1.862094547571108427e-01	8.737907972548075719e-02	3.933078393721679833e-02	1.026292418905564163e-01
1.988323557812321269e+03	1.777990398788182602e-01	1.104508505996328327e-01	2.959236424184233383e-01	1.863200059942479725e-01	8.742809029914096197e-02	3.936855177123725624e-02	1.027098190380512505e-01
1.993161328025976900e+03	1.775374926056446923e-01	1.102720081741664221e-01	2.960877306210916715e-01	1.864299214453883358e-01	8.747681776182704427e-02	3.940613296627998308e-02	1.027898964251536817e-01
1.997999098239632076e+03	1.772774469764184513e-01	1.100942073457270021e-01	2.962508717949915993e-01	1.865392048975624828e-01	8.752526382165683183e-02	3.944352815512874172e-02	1.028694770080667148e-01
2.002836868453287707e+03	1.770188943606682275e-01	1.099174420077230624e-01	2.964130716423415968e-01	1.866478601138689408e-01	8.757343017562478626e-02	3.948073797370259957e-02	1.029485637256225827e-01
2.007674638666942428e+03	1.767618261780045108e-01	1.097417060894942537e-01	2.965743358284033682e-01	1.867558908336450774e-01	8.762131850968622737e-02	3.951776306093327668e-02	1.030271594993849987e-01
2.012512408880597604e+03	1.765062338978219680e-01	1.095669935560978775e-01	2.967346699817588473e-01	1.868633007726368811e-01	8.766893049884061373e-02	3.955460405864479057e-02	1.031052672337507137e-01
2.017350179094252780e+03	1.762521090390035405e-01	1.093932984080967230e-01	2.968940796945847005e-01	1.869700936231668276e-01	8.771626780721411554e-02	3.959126161143540490e-02	1.031828898160504215e-01
2.022187949307908411e+03	1.759994431696262907e-01	1.092206146813482770e-01	2.970525705229241642e-01	1.870762730543005514e-01	8.776333208814142417e-02	3.962773636656182624e-02	1.032600301166491930e-01
2.027025719521564042e+03	1.757482279066692743e-01	1.090489364467951833e-01	2.972101479869566631e-01	1.871818427120120476e-01	8.781012498424670132e-02	3.966402897382557274e-02	1.033366909890462565e-01
2.031863489735218764e+03	1.754984549157232732e-01	1.088782578102569093e-01	2.973668175712646522e-01	1.872868062193472072e-01	8.785664812752390362e-02	3.970014008546154938e-02	1.034128752699741277e-01
2.036701259948874394e+03	1.752501159107022199e-01	1.087085729122227312e-01	2.975225847250980715e-01	1.873911671765862985e-01	8.790290313941621914e-02	3.973607035602877424e-02	1.034885857794972802e-01
2.041539030162529116e+03	1.750032026535564278e-01	1.085398759276459818e-01	2.976774548626363037e-01	1.874949291614047275e-01	8.794889163089486539e-02	3.977182044230317265e-02	1.035638253211100812e-01
2.046376800376184747e+03	1.747577069539877070e-01	1.083721610657395890e-01	2.978314333632477440e-01	1.875980957290326601e-01	8.799461520253712421e-02	3.980739100317241819e-02	1.036385966818342969e-01
2.051214570589840150e+03	1.745136206691663139e-01	1.082054225697727523e-01	2.979845255717471497e-01	1.877006704124128955e-01	8.804007544460364099e-02	3.984278269953288321e-02	1.037129026323159037e-01
2.056052340803495554e+03	1.742709357034494810e-01	1.080396547168689658e-01	2.981367367986502148e-01	1.878026567223579912e-01	8.808527393711500231e-02	3.987799619418851138e-02	1.037867459269213727e-01
2.060890111017150957e+03	1.740296440081019469e-01	1.078748518178051924e-01	2.982880723204263118e-01	1.879040581477053606e-01	8.813021224992761971e-02	3.991303215175167479e-02	1.038601293038333845e-01
2.065727881230805451e+03	1.737897375810179279e-01	1.077110082168122596e-01	2.984385373797487362e-01	1.880048781554715387e-01	8.817489194280894726e-02	3.994789123854600860e-02	1.039330554851460586e-01
2.070565651444461309e+03	1.735512084664451726e-01	1.075481182913765599e-01	2.985881371857422861e-01	1.881051201910049764e-01	8.821931456551193595e-02	3.998257412251107756e-02	1.040055271769593920e-01
2.075403421658116713e+03	1.733140487547104591e-01	1.073861764520428058e-01	2.987368769142294544e-01	1.882047876781374751e-01	8.826348165784886346e-02	4.001708147310895081e-02	1.040775470694733779e-01
2.080241191871772116e+03	1.730782505819470907e-01	1.072251771422181033e-01	2.988847617079732899e-01	1.883038840193343166e-01	8.830739474976447012e-02	4.005141396123262920e-02	1.041491178370814868e-01
2.085078962085427065e+03	1.728438061298236683e-01	1.070651148379771905e-01	2.990317966769190372e-01	1.884024125958433382e-01	8.835105536140844262e-02	4.008557225911620753e-02	1.042202421384634953e-01
2.089916732299082469e+03	1.726107076252750006e-01	1.069059840478687878e-01	2.991779868984330570e-01	1.885003767678424258e-01	8.839446500320716216e-02	4.011955704024690317e-02	1.042909226166779668e-01
2.094754502512737417e+03	1.723789473402344008e-01	1.067477793127231955e-01	2.993233374175399142e-01	1.885977798745861189e-01	8.843762517593492523e-02	4.015336897927878484e-02	1.043611618992539708e-01
2.099592272726392821e+03	1.721485175913677057e-01	1.065904952054610583e-01	2.994678532471568566e-01	1.886946252345506059e-01	8.848053737078445669e-02	4.018700875194820832e-02	1.044309625982824258e-01
2.104430042940048224e+03	1.719194107398090421e-01	1.064341263309031976e-01	2.996115393683266293e-01	1.887909161455778861e-01	8.852320306943675665e-02	4.022047703499096599e-02	1.045003273105067770e-01
2.109267813153704083e+03	1.716916191908982037e-01	1.062786673255817216e-01	2.997544007304482894e-01	1.888866558850183230e-01	8.856562374413032290e-02	4.025377450606109492e-02	1.045692586174132716e-01
2.114105583367359031e+03	1.714651353939194711e-01	1.061241128575521886e-01	2.998964422515054129e-01	1.889818477098724192e-01	8.860780085772983206e-02	4.028690184365130156e-02	1.046377590853205808e-01
2.118943353581013525e+03	1.712399518418423472e-01	1.059704576262069237e-01	3.000376688182927465e-01	1.890764948569310933e-01	8.864973586379409909e-02	4.031985972701499638e-02	1.047058312654688961e-01
2.123781123794669384e+03	1.710160610710637075e-01	1.058176963620895139e-01	3.001780852866408611e-01	1.891706005429148740e-01	8.869143020664350952e-02	4.035264883608993824e-02	1.047734776941086493e-01
2.128618894008324787e+03	1.707934556611515886e-01	1.056658238267103311e-01	3.003176964816384187e-01	1.892641679646120678e-01	8.873288532142677154e-02	4.038526985142337072e-02	1.048407008925884981e-01
2.133456664221980191e+03	1.705721282345905587e-01	1.055148348123632618e-01	3.004565071978527735e-01	1.893572002990155656e-01	8.877410263418716863e-02	4.041772345409873346e-02	1.049075033674429641e-01
2.138294434435635139e+03	1.703520714565286975e-01	1.053647241419434777e-01	3.005945221995486860e-01	1.894497007034587066e-01	8.881508356192813203e-02	4.045001032566385157e-02	1.049738876104794050e-01
2.143132204649290543e+03	1.701332780345260476e-01	1.052154866687663864e-01	3.007317462209049830e-01	1.895416723157500039e-01	8.885582951267827212e-02	4.048213114806063079e-02	1.050398560988646257e-01
2.147969974862945492e+03	1.699157407183048418e-01	1.050671172763875671e-01	3.008681839662291635e-01	1.896331182543065652e-01	8.889634188555585459e-02	4.051408660355613339e-02	1.051054112952108655e-01
2.152807745076601350e+03	1.696994522995008137e-01	1.049196108784238440e-01	3.010038401101705063e-01	1.897240416182866540e-01	8.893662207083266602e-02	4.054587737467515995e-02	1.051705556476613124e-01
2.157645515290255844e+03	1.694844056114167552e-01	1.047729624183755398e-01	3.011387192979310123e-01	1.898144454877210008e-01	8.897667144999733824e-02	4.057750414413417717e-02	1.052352915899751468e-01
2.162483285503912157e+03	1.692705935287767693e-01	1.046271668694496032e-01	3.012728261454745704e-01	1.899043329236432265e-01	8.901649139581813142e-02	4.060896759477665430e-02	1.052996215416119874e-01
2.167321055717567106e+03	1.690580089674827702e-01	1.044822192343839301e-01	3.014061652397344027e-01	1.899937069682189894e-01	8.905608327240514821e-02	4.064026840950971803e-02	1.053635479078159493e-01
2.172158825931222509e+03	1.688466448843719270e-01	1.043381145452727532e-01	3.015387411388187333e-01	1.900825706448741603e-01	8.909544843527196500e-02	4.067140727124220201e-02	1.054270730796991462e-01
2.176996596144877003e+03	1.686364942769759678e-01	1.041948478633930308e-01	3.016705583722144035e-01	1.901709269584220541e-01	8.913458823139679132e-02	4.070238486282391766e-02	1.054901994343247218e-01
2.181834366358532861e+03	1.684275501832818156e-01	1.040524142790319045e-01	3.018016214409888764e-01	1.902587788951894954e-01	8.917350399928310190e-02	4.073320186698630579e-02	1.055529293347893666e-01
2.186672136572187810e+03	1.682198056814936116e-01	1.039108089113151834e-01	3.019319348179908546e-01	1.903461294231419132e-01	8.921219706901967195e-02	4.076385896628426098e-02	1.056152651303053636e-01
2.191509906785843214e+03	1.680132538897963768e-01	1.037700269080368692e-01	3.020615029480486213e-01	1.904329814920074915e-01	8.925066876234011293e-02	4.079435684303928111e-02	1.056772091562821342e-01
2.196347676999498617e+03	1.678078879661210332e-01	1.036300634454897368e-01	3.021903302481669384e-01	1.905193380334001541e-01	8.928892039268197800e-02	4.082469617928377592e-02	1.057387637344073400e-01
2.201185447213154021e+03	1.676037011079107852e-01	1.034909137282968572e-01	3.023184211077221684e-01	1.906052019609418002e-01	8.932695326524522916e-02	4.085487765670661048e-02	1.057999311727274572e-01
2.206023217426809424e+03	1.674006865518891662e-01	1.033525729892442457e-01	3.024457798886561188e-01	1.906905761703832913e-01	8.936476867705027416e-02	4.088490195659982840e-02	1.058607137657279484e-01
2.210860987640464373e+03	1.671988375738292232e-01	1.032150364891144118e-01	3.025724109256675565e-01	1.907754635397247156e-01	8.940236791699555929e-02	4.091476975980651992e-02	1.059211137944128522e-01
2.215698757854119776e+03	1.669981474883242833e-01	1.030782995165209770e-01	3.026983185264027765e-01	1.908598669293344874e-01	8.943975226591449612e-02	4.094448174666981410e-02	1.059811335263839971e-01
2.220536528067775180e+03	1.667986096485601366e-01	1.029423573877441822e-01	3.028235069716439520e-01	1.909437891820676969e-01	8.947692299663206894e-02	4.097403859698307838e-02	1.060407752159197303e-01
2.225374298281430583e+03	1.666002174460885221e-01	1.028072054465675872e-01	3.029479805154962624e-01	1.910272331233832943e-01	8.951388137402094269e-02	4.100344098994108261e-02	1.061000411040531055e-01
2.230212068495085077e+03	1.664029643106020584e-01	1.026728390641155619e-01	3.030717433855735221e-01	1.911102015614605798e-01	8.955062865505693248e-02	4.103268960409237748e-02	1.061589334186497507e-01
2.235049838708740936e+03	1.662068437097104778e-01	1.025392536386918046e-01	3.031947997831819230e-01	1.911926972873145558e-01	8.958716608887420940e-02	4.106178511729265124e-02	1.062174543744851402e-01
2.239887608922396339e+03	1.660118491487182768e-01	1.024064445956188590e-01	3.033171538835023884e-01	1.912747230749105853e-01	8.962349491681997904e-02	4.109072820665916892e-02	1.062756061733215046e-01
2.244725379136052197e+03	1.658179741704038368e-01	1.022744073870786030e-01	3.034388098357714836e-01	1.913562816812778844e-01	8.965961637250854932e-02	4.111951954852621077e-02	1.063333910039842012e-01
2.249563149349706237e+03	1.656252123547996280e-01	1.021431374919536256e-01	3.035597717634606618e-01	1.914373758466223208e-01	8.969553168187514858e-02	4.114815981840157927e-02	1.063908110424377634e-01
2.254400919563362095e+03	1.654335573189739950e-01	1.020126304156696445e-01	3.036800437644541217e-01	1.915180082944383244e-01	8.973124206322917462e-02	4.117664969092402899e-02	1.064478684518613688e-01
2.259238689777017044e+03	1.652430027168140803e-01	1.018828816900388262e-01	3.037996299112252219e-01	1.915981817316198821e-01	8.976674872730706911e-02	4.120498983982171654e-02	1.065045653827238897e-01
2.264076459990672902e+03	1.650535422388102191e-01	1.017538868731040075e-01	3.039185342510111743e-01	1.916778988485704771e-01	8.980205287732463681e-02	4.123318093787159411e-02	1.065609039728585700e-01
