1.301360187473271253e+03	2.353829710229310146e-01	1.502661478517117732e-01	2.594067458710149210e-01	1.618904176702578579e-01	7.634266261817815313e-02	3.208240696671092046e-02	8.462864799874757205e-02
1.306197957686926657e+03	2.347851749120091480e-01	1.498596227000135450e-01	2.597839376728150462e-01	1.621415815984047215e-01	7.645457201637004263e-02	3.215032107255026694e-02	8.482479002738946283e-02
1.311035727900581833e+03	2.341908411291116765e-01	1.494554648047801693e-01	2.601587927906628406e-01	1.623912286993303977e-01	7.656586384453245575e-02	3.221805762025489739e-02	8.501975111087980985e-02
1.315873498114237009e+03	2.335999494512739361e-01	1.490536602427777746e-01	2.605313291610997783e-01	1.626393695209186752e-01	7.667653933857734860e-02	3.228561409956473560e-02	8.521353818533998481e-02
1.320711268327892412e+03	2.330124797761931876e-01	1.486541951750109114e-01	2.609015644842882509e-01	1.628860144899013374e-01	7.678659985273038335e-02	3.235298807531475362e-02	8.540615814611339507e-02
1.325549038541547588e+03	2.324284121215114685e-01	1.482570558461425714e-01	2.612695162286757244e-01	1.631311739166009800e-01	7.689604685274580020e-02	3.242017718586539393e-02	8.559761784801030171e-02
1.330386808755202765e+03	2.318477266240990264e-01	1.478622285839196748e-01	2.616352016358201582e-01	1.633748579991154415e-01	7.700488190947435418e-02	3.248717914157257802e-02	8.578792410555100001e-02
1.335224578968857941e+03	2.312704035393382263e-01	1.474696997986045810e-01	2.619986377253057941e-01	1.636170768270400755e-01	7.711310669276109919e-02	3.255399172329504626e-02	8.597708369320739008e-02
1.340062349182513572e+03	2.306964232404088988e-01	1.470794559824122605e-01	2.623598412996930307e-01	1.638578403848061915e-01	7.722072296565182792e-02	3.262061278093692646e-02	8.616510334564300710e-02
1.344900119396168748e+03	2.301257662175756336e-01	1.466914837089532131e-01	2.627188289494598594e-01	1.640971585546986689e-01	7.732773257888969631e-02	3.268704023202377573e-02	8.635198975795130294e-02
1.349737889609823924e+03	2.295584130774770137e-01	1.463057696326820756e-01	2.630756170579000575e-01	1.643350411196050631e-01	7.743413746568476863e-02	3.275327206031055510e-02	8.653774958589258159e-02
1.354575659823479100e+03	2.289943445424175994e-01	1.459223004883520580e-01	2.634302218059540457e-01	1.645714977655376721e-01	7.753993963674118972e-02	3.281930631442021851e-02	8.672238944612922773e-02
1.359413430037134731e+03	2.284335414496624916e-01	1.455410630904748204e-01	2.637826591769524276e-01	1.648065380839633665e-01	7.764514117552771821e-02	3.288514110651168804e-02	8.690591591645943637e-02
1.364251200250789907e+03	2.278759847507350056e-01	1.451620443327858168e-01	2.641329449612582758e-01	1.650401715739686359e-01	7.774974423377864485e-02	3.295077461097613292e-02	8.708833553604940214e-02
1.369088970464445310e+03	2.273216555107174797e-01	1.447852311877153020e-01	2.644810947607979523e-01	1.652724076442833034e-01	7.785375102721313334e-02	3.301620506316066406e-02	8.726965480566402367e-02
1.373926740678100487e+03	2.267705349075552212e-01	1.444106107058642785e-01	2.648271239934744115e-01	1.655032556151817547e-01	7.795716383146161776e-02	3.308143075811844497e-02	8.744988018789612294e-02
1.378764510891755890e+03	2.262226042313640606e-01	1.440381700154860223e-01	2.651710478974573237e-01	1.657327247202766973e-01	7.805998497818904258e-02	3.314645004938449740e-02	8.762901810739412434e-02
1.383602281105411066e+03	2.256778448837413187e-01	1.436678963219725214e-01	2.655128815353488547e-01	1.659608241082191349e-01	7.816221685140507802e-02	3.321126134777645234e-02	8.780707495108834582e-02
1.388440051319066470e+03	2.251362383770803277e-01	1.432997769073462158e-01	2.658526397982231559e-01	1.661875628443145181e-01	7.826386188395224874e-02	3.327586312021954540e-02	8.798405706841573581e-02
1.393277821532721646e+03	2.245977663338887820e-01	1.429337991297562060e-01	2.661903374095407893e-01	1.664129499120642897e-01	7.836492255416330210e-02	3.334025388859514216e-02	8.815997077154323625e-02
1.398115591746377049e+03	2.240624104861104471e-01	1.425699504229797632e-01	2.665259889289391948e-01	1.666369942146405381e-01	7.846540138267983633e-02	3.340443222861231437e-02	8.833482233558968832e-02
1.402953361960032225e+03	2.235301526744510880e-01	1.422082182959283347e-01	2.668596087559005348e-01	1.668597045762993114e-01	7.856530092942441701e-02	3.346839676870178026e-02	8.850861799884636449e-02
1.407791132173687402e+03	2.230009748477077558e-01	1.418485903321582975e-01	2.671912111333002438e-01	1.670810897437386977e-01	7.866462379071907651e-02	3.353214618893172322e-02	8.868136396299601543e-02
1.412628902387342805e+03	2.224748590621022926e-01	1.414910541893862617e-01	2.675208101508387837e-01	1.673011583874057517e-01	7.876337259654316025e-02	3.359567921994492667e-02	8.885306639333059864e-02
1.417466672600997981e+03	2.219517874806183066e-01	1.411355975990088163e-01	2.678484197483596563e-01	1.675199191027563761e-01	7.886155000792428871e-02	3.365899464191674656e-02	8.902373141896757769e-02
1.422304442814653157e+03	2.214317423723423106e-01	1.407822083656266876e-01	2.681740537190570595e-01	1.677373804114713485e-01	7.895915871445599588e-02	3.372209128353345631e-02	8.919336513306486136e-02
1.427142213028308333e+03	2.209147061118084676e-01	1.404308743665731718e-01	2.684977257125771288e-01	1.679535507626316593e-01	7.905620143193634042e-02	3.378496802099049956e-02	8.936197359303438281e-02
1.431979983241963964e+03	2.204006611783475844e-01	1.400815835514468144e-01	2.688194492380153733e-01	1.681684385338555188e-01	7.915268090012181346e-02	3.384762377701013014e-02	8.952956282075438810e-02
1.436817753455619140e+03	2.198895901554396293e-01	1.397343239416482252e-01	2.691392376668145792e-01	1.683820520323994485e-01	7.924859988059128335e-02	3.391005751987817562e-02	8.969613880278028140e-02
1.441655523669274316e+03	2.193814757300703577e-01	1.393890836299209179e-01	2.694571042355663471e-01	1.685943994962254278e-01	7.934396115471496758e-02	3.397226826249931386e-02	8.986170749055426288e-02
1.446493293882929493e+03	2.188763006920918242e-01	1.390458507798962573e-01	2.697730620487198694e-01	1.688054890950360099e-01	7.943876752172350508e-02	3.403425506147063351e-02	9.002627480061353715e-02
1.451331064096585123e+03	2.183740479335867790e-01	1.387046136256421536e-01	2.700871240812011687e-01	1.690153289312787133e-01	7.953302179687249396e-02	3.409601701617297892e-02	9.018984661479731435e-02
1.456168834310240300e+03	2.178747004482370631e-01	1.383653604712157259e-01	2.703993031809463488e-01	1.692239270411218799e-01	7.962672680969837269e-02	3.415755326787974638e-02	9.035242878045245118e-02
1.461006604523895703e+03	2.173782413306955819e-01	1.380280796902197127e-01	2.707096120713520238e-01	1.694312913954024724e-01	7.971988540236116250e-02	3.421886299888274308e-02	9.051402711063789852e-02
1.465844374737550879e+03	2.168846537759626103e-01	1.376927597253625735e-01	2.710180633536458106e-01	1.696374299005478647e-01	7.981250042807022660e-02	3.427994543163476182e-02	9.067464738432770566e-02
1.470682144951206283e+03	2.163939210787656220e-01	1.373593890880223101e-01	2.713246695091806049e-01	1.698423503994721251e-01	7.990457474958927164e-02	3.434079982790858715e-02	9.083429534661299765e-02
1.475519915164861459e+03	2.159060266329432820e-01	1.370279563578137849e-01	2.716294429016546941e-01	1.700460606724484847e-01	7.999611123781683042e-02	3.440142548797191224e-02	9.099297670890249545e-02
1.480357685378516862e+03	2.154209539308330479e-01	1.366984501821595366e-01	2.719323957792613711e-01	1.702485684379585473e-01	8.008711277043895072e-02	3.446182174977809043e-02	9.115069714912188426e-02
1.485195455592172038e+03	2.149386865626628229e-01	1.363708592758642868e-01	2.722335402767702695e-01	1.704498813535193780e-01	8.017758223065053758e-02	3.452198798817218001e-02	9.130746231191194662e-02
1.490033225805827215e+03	2.144592082159464119e-01	1.360451724206926116e-01	2.725328884175431399e-01	1.706500070164892191e-01	8.026752250594243465e-02	3.458192361411211585e-02	9.146327780882543279e-02
1.494870996019482618e+03	2.139825026748827519e-01	1.357213784649500821e-01	2.728304521154871765e-01	1.708489529648528626e-01	8.035693648695106661e-02	3.464162807390459842e-02	9.161814921852280691e-02
1.499708766233137567e+03	2.135085538197589172e-01	1.353994663230676798e-01	2.731262431769473364e-01	1.710467266779873985e-01	8.044582706636781155e-02	3.470110084845550585e-02	9.177208208696664704e-02
1.504546536446793198e+03	2.130373456263572052e-01	1.350794249751895715e-01	2.734202733025408172e-01	1.712433355774088950e-01	8.053419713790536949e-02	3.476034145253444063e-02	9.192508192761496277e-02
1.509384306660448374e+03	2.125688621653656352e-01	1.347612434667639913e-01	2.737125540889356334e-01	1.714387870275010661e-01	8.062204959531840687e-02	3.481934943405316091e-02	9.207715422161330543e-02
1.514222076874103550e+03	2.121030876017925837e-01	1.344449109081372329e-01	2.740030970305755709e-01	1.716330883362262860e-01	8.070938733147618727e-02	3.487812437335771620e-02	9.222830441798562928e-02
1.519059847087758726e+03	2.116400061943848332e-01	1.341304164741509153e-01	2.742919135213533477e-01	1.718262467558197004e-01	8.079621323748448214e-02	3.493666588253382249e-02	9.237853793382408418e-02
1.523897617301414357e+03	2.111796022950497009e-01	1.338177494037421644e-01	2.745790148562342603e-01	1.720182694834672399e-01	8.088253020185480480e-02	3.499497360472542812e-02	9.252786015447754531e-02
1.528735387515069533e+03	2.107218603482805819e-01	1.335068989995470135e-01	2.748644122328323669e-01	1.722091636619676180e-01	8.096834110971848353e-02	3.505304721346601260e-02	9.267627643373906043e-02
1.533573157728724709e+03	2.102667648905865438e-01	1.331978546275063846e-01	2.751481167529403193e-01	1.723989363803795360e-01	8.105364884208367260e-02	3.511088641202253502e-02	9.282379209403214537e-02
1.538410927942380113e+03	2.098143005499253089e-01	1.328906057164756238e-01	2.754301394240153411e-01	1.725875946746540102e-01	8.113845627513330272e-02	3.516849093275168509e-02	9.297041242659591365e-02
1.543248698156035516e+03	2.093644520451399815e-01	1.325851417578363944e-01	2.757104911606228503e-01	1.727751455282527382e-01	8.122276627956191708e-02	3.522586053646822868e-02	9.311614269166908209e-02
1.548086468369690692e+03	2.089172041853996076e-01	1.322814523051116520e-01	2.759891827858391711e-01	1.729615958727528380e-01	8.130658171994981087e-02	3.528299501182523973e-02	9.326098811867283844e-02
1.552924238583346096e+03	2.084725418696431742e-01	1.319795269735835053e-01	2.762662250326149982e-01	1.731469525884383742e-01	8.138990545417250366e-02	3.533989417470589228e-02	9.340495390639266815e-02
1.557762008797001272e+03	2.080304500860273575e-01	1.316793554399137145e-01	2.765416285451010037e-01	1.733312225048792010e-01	8.147274033284404582e-02	3.539655786762675033e-02	9.354804522315898763e-02
1.562599779010656675e+03	2.075909139113776836e-01	1.313809274417671591e-01	2.768154038799371386e-01	1.735144124014975919e-01	8.155508919879250751e-02	3.545298595915217371e-02	9.369026720702677835e-02
1.567437549224311852e+03	2.071539185106434366e-01	1.310842327774376648e-01	2.770875615075071852e-01	1.736965290081229074e-01	8.163695488656615151e-02	3.550917834331971529e-02	9.383162496595394420e-02
1.572275319437967255e+03	2.067194491363561204e-01	1.307892613054768560e-01	2.773581118131591694e-01	1.738775790055348547e-01	8.171834022196881875e-02	3.556513493907629414e-02	9.397212357797886384e-02
1.577113089651622431e+03	2.062874911280913881e-01	1.304960029443257286e-01	2.776270650983935218e-01	1.740575690259955621e-01	8.179924802162331920e-02	3.562085568972490901e-02	9.411176809139661092e-02
1.581950859865277607e+03	2.058580299119344426e-01	1.302044476719483035e-01	2.778944315820202071e-01	1.742365056537710233e-01	8.187968109256112126e-02	3.567634056238172535e-02	9.425056352493424439e-02
1.586788630078933011e+03	2.054310509999490442e-01	1.299145855254683901e-01	2.781602214012856011e-01	1.744143954256421325e-01	8.195964223183759001e-02	3.573158954744329319e-02	9.438851486792503021e-02
1.591626400292587959e+03	2.050065399896499330e-01	1.296264066008088467e-01	2.784244446129703343e-01	1.745912448314055065e-01	8.203913422617113704e-02	3.578660265806376389e-02	9.452562708048151130e-02
1.596464170506243590e+03	2.045844825634788033e-01	1.293399010523331172e-01	2.786871111944593249e-01	1.747670603143647861e-01	8.211815985160540732e-02	3.584137992964187697e-02	9.466190509366768924e-02
1.601301940719898766e+03	2.041648644882834707e-01	1.290550590924894048e-01	2.789482310447848890e-01	1.749418482718123613e-01	8.219672187319325418e-02	3.589592141931753633e-02	9.479735380967005409e-02
1.606139710933553943e+03	2.037476716148007572e-01	1.287718709914574544e-01	2.792078139856436492e-01	1.751156150555020774e-01	8.227482304470161434e-02	3.595022720547780964e-02	9.493197810196757347e-02
1.610977481147209119e+03	2.033328898771424864e-01	1.284903270767975281e-01	2.794658697623890742e-01	1.752883669721128912e-01	8.235246610833607539e-02	3.600429738727214252e-02	9.506578281550072396e-02
1.615815251360864750e+03	2.029205052922849473e-01	1.282104177331019890e-01	2.797224080449991490e-01	1.754601102837042292e-01	8.242965379448441432e-02	3.605813208413669729e-02	9.519877276683949563e-02
1.620653021574519926e+03	2.025105039595618550e-01	1.279321334016491896e-01	2.799774384290213969e-01	1.756308512081626305e-01	8.250638882147799669e-02	3.611173143532752511e-02	9.533095274435028632e-02
1.625490791788175102e+03	2.021028720601604767e-01	1.276554645800598020e-01	2.802309704364950305e-01	1.758005959196407841e-01	8.258267389537027325e-02	3.616509559946251562e-02	9.546232750836197711e-02
1.630328562001830505e+03	2.016975958566210037e-01	1.273804018219553136e-01	2.804830135168518424e-01	1.759693505489884346e-01	8.265851170973159689e-02	3.621822475407188158e-02	9.559290179133078658e-02
1.635166332215485909e+03	2.012946616923393384e-01	1.271069357366190478e-01	2.807335770477959458e-01	1.761371211841757101e-01	8.273390494545942997e-02	3.627111909515708804e-02	9.572268029800429234e-02
1.640004102429141085e+03	2.008940559910731005e-01	1.268350569886594337e-01	2.809826703361633093e-01	1.763039138707092057e-01	8.280885627060324827e-02	3.632377883675803193e-02	9.585166770558446736e-02
1.644841872642796488e+03	2.004957652564508808e-01	1.265647562976754403e-01	2.812303026187622512e-01	1.764697346120408239e-01	8.288336834020347543e-02	3.637620421052827069e-02	9.597986866388961980e-02
1.649679642856451665e+03	2.000997760714846585e-01	1.262960244379243147e-01	2.814764830631945602e-01	1.766345893699697023e-01	8.295744379614373998e-02	3.642839546531829314e-02	9.610728779551547252e-02
1.654517413070107068e+03	1.997060750980854671e-01	1.260288522379915954e-01	2.817212207686589087e-01	1.767984840650373701e-01	8.303108526701569181e-02	3.648035286676655498e-02	9.623392969599518787e-02
1.659355183283762244e+03	1.993146490765822787e-01	1.257632305804631812e-01	2.819645247667363908e-01	1.769614245769163263e-01	8.310429536799593397e-02	3.653207669689811921e-02	9.635979893395855977e-02
1.664192953497417420e+03	1.989254848252438035e-01	1.254991504015998960e-01	2.822064040221593517e-01	1.771234167447923447e-01	8.317707670073423709e-02	3.658356725373094337e-02	9.648490005129009561e-02
1.669030723711072824e+03	1.985385692398038138e-01	1.252366026910138042e-01	2.824468674335640084e-01	1.772844663677404786e-01	8.324943185325281436e-02	3.663482485088943863e-02	9.660923756328629319e-02
1.673868493924728000e+03	1.981538892929892159e-01	1.249755784913469669e-01	2.826859238342265268e-01	1.774445792050950432e-01	8.332136339985563023e-02	3.668584981722535637e-02	9.673281595881184913e-02
1.678706264138383403e+03	1.977714320340513421e-01	1.247160688979521842e-01	2.829235819927846118e-01	1.776037609768138792e-01	8.339287390104777042e-02	3.673664249644575247e-02	9.685563970045503457e-02
1.683544034352038352e+03	1.973911845883004057e-01	1.244580650585758869e-01	2.831598506139436644e-01	1.777620173638367329e-01	8.346396590346384647e-02	3.678720324674795289e-02	9.697771322468208555e-02
1.688381804565693983e+03	1.970131341566428163e-01	1.242015581730430557e-01	2.833947383391689501e-01	1.779193540084381964e-01	8.353464193980547625e-02	3.683753244046135411e-02	9.709904094199070523e-02
1.693219574779349159e+03	1.966372680151217411e-01	1.239465394929443326e-01	2.836282537473637233e-01	1.780757765145751792e-01	8.360490452878686918e-02	3.688763046369602366e-02	9.721962723706259468e-02
1.698057344993004335e+03	1.962635735144604154e-01	1.236930003213250057e-01	2.838604053555341955e-01	1.782312904482292737e-01	8.367475617508852992e-02	3.693749771599785792e-02	9.733947646891516481e-02
1.702895115206659511e+03	1.958920380796086158e-01	1.234409320123761172e-01	2.840912016194409029e-01	1.783859013377438185e-01	8.374419936931845609e-02	3.698713461001023467e-02	9.745859297105224917e-02
1.707732885420315142e+03	1.955226492092919932e-01	1.231903259711275567e-01	2.843206509342384170e-01	1.785396146741560497e-01	8.381323658798038589e-02	3.703654157114209117e-02	9.757698105161391466e-02
1.712570655633970318e+03	1.951553944755645142e-01	1.229411736531431792e-01	2.845487616351016769e-01	1.786924359115244221e-01	8.388187029344890133e-02	3.708571903724219854e-02	9.769464499352549514e-02
1.717408425847625494e+03	1.947902615233635393e-01	1.226934665642177985e-01	2.847755419978416636e-01	1.788443704672511292e-01	8.395010293395094303e-02	3.713466745827963267e-02	9.781158905464562570e-02
1.722246196061280898e+03	1.944272380700680924e-01	1.224471962600762881e-01	2.850010002395088615e-01	1.789954237224001266e-01	8.401793694355326469e-02	3.718338729603026110e-02	9.792781746791338893e-02
1.727083966274936301e+03	1.940663119050597407e-01	1.222023543460744599e-01	2.852251445189860068e-01	1.791456010220104367e-01	8.408537474215575791e-02	3.723187902376918351e-02	9.804333444149468391e-02
1.731921736488591478e+03	1.937074708892866093e-01	1.219589324769019822e-01	2.854479829375696776e-01	1.792949076754052906e-01	8.415241873549016149e-02	3.728014312596892449e-02	9.815814415892763767e-02
1.736759506702246881e+03	1.933507029548300338e-01	1.217169223562871300e-01	2.856695235395416699e-01	1.794433489564968287e-01	8.421907131512393341e-02	3.732818009800344117e-02	9.827225077926718400e-02
1.741597276915902057e+03	1.929959961044740158e-01	1.214763157367034774e-01	2.858897743127307156e-01	1.795909301040866934e-01	8.428533485846889661e-02	3.737599044585766112e-02	9.838565843722871240e-02
1.746435047129557461e+03	1.926433384112775926e-01	1.212371044190784647e-01	2.861087431890633748e-01	1.797376563221625145e-01	8.435121172879461726e-02	3.742357468584258523e-02	9.849837124333100935e-02
1.751272817343212637e+03	1.922927180181500384e-01	1.209992802525037686e-01	2.863264380451059909e-01	1.798835327801903972e-01	8.441670427524600173e-02	3.747093334431578909e-02	9.861039328403822801e-02
1.756110587556867813e+03	1.919441231374284518e-01	1.207628351339475326e-01	2.865428667025974874e-01	1.800285646134034412e-01	8.448181483286501536e-02	3.751806695740719788e-02	9.872172862190102538e-02
1.760948357770523216e+03	1.915975420504586746e-01	1.205277610079684980e-01	2.867580369289728370e-01	1.801727569230867354e-01	8.454654572261631473e-02	3.756497607075016953e-02	9.883238129569689445e-02
1.765786127984178393e+03	1.912529631071783753e-01	1.202940498664318847e-01	2.869719564378778731e-01	1.803161147768582717e-01	8.461089925141640489e-02	3.761166123921762944e-02	9.894235532056966376e-02
1.770623898197833569e+03	1.909103747257031303e-01	1.200616937482270469e-01	2.871846328896757172e-01	1.804586432089463899e-01	8.467487771216634929e-02	3.765812302666329131e-02	9.905165468816813645e-02
1.775461668411488745e+03	1.905697653919150858e-01	1.198306847389869895e-01	2.873960738919448255e-01	1.806003472204636973e-01	8.473848338378768552e-02	3.770436200566777696e-02	9.916028336678395227e-02
1.780299438625144376e+03	1.902311236590543408e-01	1.196010149708096049e-01	2.876062869999690408e-01	1.807412317796774914e-01	8.480171853126126924e-02	3.775037875728964182e-02	9.926824530148856129e-02
1.785137208838799552e+03	1.898944381473129106e-01	1.193726766219806723e-01	2.878152797172198185e-01	1.808813018222767965e-01	8.486458540566915731e-02	3.779617387082113283e-02	9.937554441426944829e-02
1.789974979052454728e+03	1.895596975434312992e-01	1.191456619166986058e-01	2.880230594958308465e-01	1.810205622516359025e-01	8.492708624423898900e-02	3.784174794354865090e-02	9.948218460416552444e-02
1.794812749266109904e+03	1.892268906002978202e-01	1.189199631248010064e-01	2.882296337370653938e-01	1.811590179390750177e-01	8.498922327039103164e-02	3.788710158051779991e-02	9.958816974740172800e-02
1.799650519479765535e+03	1.888960061365501653e-01	1.186955725614927404e-01	2.884350097917761646e-01	1.812966737241173687e-01	8.505099869378750232e-02	3.793223539430301550e-02	9.969350369752277841e-02
1.804488289693420711e+03	1.885670330361799985e-01	1.184724825870759335e-01	2.886391949608587137e-01	1.814335344147432472e-01	8.511241471038413775e-02	3.797715000478152358e-02	9.979819028552623650e-02
1.809326059907075887e+03	1.882399602481397427e-01	1.182506856066815049e-01	2.888421964956970900e-01	1.815696047876412533e-01	8.517347350248385962e-02	3.802184603891174686e-02	9.990223331999462109e-02
1.814163830120731291e+03	1.879147767859520035e-01	1.180301740700025470e-01	2.890440215986038175e-01	1.817048895884562643e-01	8.523417723879225805e-02	3.806632413051597857e-02	1.000056365872269426e-01
1.819001600334386467e+03	1.875914717273215737e-01	1.178109404710291214e-01	2.892446774232529383e-01	1.818393935320346544e-01	8.529452807447504559e-02	3.811058492006722670e-02	1.001084038513692515e-01
1.823839370548041643e+03	1.872700342137497698e-01	1.175929773477849549e-01	2.894441710751066710e-01	1.819731213026664907e-01	8.535452815121707948e-02	3.815462905448022135e-02	1.002105388545445758e-01
1.828677140761696819e+03	1.869504534501514603e-01	1.173762772820656636e-01	2.896425096118361298e-01	1.821060775543249799e-01	8.541417959728300757e-02	3.819845718690648151e-02	1.003120453169819848e-01
1.833514910975352450e+03	1.866327187044743430e-01	1.171608328991785436e-01	2.898397000437359927e-01	1.822382669109031961e-01	8.547348452757931592e-02	3.824206997653333689e-02	1.004129269371449584e-01
1.838352681189008081e+03	1.863168193073207468e-01	1.169466368676841395e-01	2.900357493341330639e-01	1.823696939664480876e-01	8.553244504371779189e-02	3.828546808838690502e-02	1.005131873918589380e-01
1.843190451402663257e+03	1.860027446515718497e-01	1.167336818991392966e-01	2.902306643997895064e-01	1.825003632853917923e-01	8.559106323408019468e-02	3.832865219313887073e-02	1.006128303364381554e-01
1.848028221616318433e+03	1.856904841920144211e-01	1.165219607478418101e-01	2.904244521113003019e-01	1.826302794027803433e-01	8.564934117388406376e-02	3.837162296691708913e-02	1.007118594048117405e-01
1.852865991829973609e+03	1.853800274449696195e-01	1.163114662105767250e-01	2.906171192934851044e-01	1.827594468244997938e-01	8.570728092524967923e-02	3.841438109111983135e-02	1.008102782096489958e-01
1.857703762043628785e+03	1.850713639879245365e-01	1.161021911263641626e-01	2.908086727257754300e-01	1.828878700274999825e-01	8.576488453726786865e-02	3.845692725223377739e-02	1.009080903424840053e-01
1.862541532257283961e+03	1.847644834591659346e-01	1.158941283762086605e-01	2.909991191425956858e-01	1.830155534600157174e-01	8.582215404606881315e-02	3.849926214165545757e-02	1.010052993738394800e-01
1.867379302470939592e+03	1.844593755574161498e-01	1.156872708828502183e-01	2.911884652337400348e-01	1.831425015417854907e-01	8.587909147489168615e-02	3.854138645551630910e-02	1.011019088533498672e-01
1.872217072684594768e+03	1.841560300414717688e-01	1.154816116105166768e-01	2.913767176447435991e-01	1.832687186642678601e-01	8.593569883415488886e-02	3.858330089451116052e-02	1.011979223098837671e-01
1.877054842898249490e+03	1.838544367298439730e-01	1.152771435646777337e-01	2.915638829772495555e-01	1.833942091908556671e-01	8.599197812152716003e-02	3.862500616373005374e-02	1.012933432516655713e-01
1.881892613111905121e+03	1.835545855004017402e-01	1.150738597918005146e-01	2.917499677893705678e-01	1.835189774570877841e-01	8.604793132199912986e-02	3.866650297249350776e-02	1.013881751663963798e-01
1.886730383325560297e+03	1.832564662900170727e-01	1.148717533791065309e-01	2.919349785960467236e-01	1.836430277708585024e-01	8.610356040795552612e-02	3.870779203419091874e-02	1.014824215213743080e-01
1.891568153539215928e+03	1.829600690942123908e-01	1.146708174543302483e-01	2.921189218693978074e-01	1.837663644126251161e-01	8.615886733924781049e-02	3.874887406612228385e-02	1.015760857636139325e-01
1.896405923752871104e+03	1.826653839668103130e-01	1.144710451854790423e-01	2.923018040390719663e-01	1.838889916356128695e-01	8.621385406326721734e-02	3.878974978934304069e-02	1.016691713199651403e-01
1.901243693966526507e+03	1.823724010195856560e-01	1.142724297805947226e-01	2.924836314925897129e-01	1.840109136660180444e-01	8.626852251501827828e-02	3.883041992851198748e-02	1.017616815972312294e-01
1.906081464180181683e+03	1.820811104219195453e-01	1.140749644875164032e-01	2.926644105756835978e-01	1.841321347032089106e-01	8.632287461719256871e-02	3.887088521174224959e-02	1.018536199822863419e-01
1.910919234393836859e+03	1.817915024004557178e-01	1.138786425936449270e-01	2.928441475926342741e-01	1.842526589199245390e-01	8.637691228024271806e-02	3.891114637045529900e-02	1.019449898421921630e-01
1.915757004607492036e+03	1.815035672387591281e-01	1.136834574257087199e-01	2.930228488066016213e-01	1.843724904624716721e-01	8.643063740245672533e-02	3.895120413923781888e-02	1.020357945243139386e-01
1.920594774821147894e+03	1.812172952769766088e-01	1.134894023495310184e-01	2.932005204399525944e-01	1.844916334509195399e-01	8.648405187003242733e-02	3.899105925570153786e-02	1.021260373564358837e-01
1.925432545034802843e+03	1.809326769114996403e-01	1.132964707697985962e-01	2.933771686745848539e-01	1.846100919792926787e-01	8.653715755715211955e-02	3.903071246034584690e-02	1.022157216468758123e-01
1.930270315248458019e+03	1.806497025946293133e-01	1.131046561298317821e-01	2.935527996522468985e-01	1.847278701157619718e-01	8.658995632605726023e-02	3.907016449642318479e-02	1.023048506845991024e-01
1.935108085462113195e+03	1.803683628342434841e-01	1.129139519113560863e-01	2.937274194748539236e-01	1.848449719028334992e-01	8.664245002712320232e-02	3.910941610980724070e-02	1.023934277393320491e-01
1.939945855675768371e+03	1.800886481934657612e-01	1.127243516342750218e-01	2.939010342048004598e-01	1.849614013575358595e-01	8.669464049893413349e-02	3.914846804886372433e-02	1.024814560616745113e-01
1.944783625889424002e+03	1.798105492903369351e-01	1.125358488564443538e-01	2.940736498652691266e-01	1.850771624716054942e-01	8.674652956835776640e-02	3.918732106432390450e-02	1.025689388832118909e-01
1.949621396103079178e+03	1.795340567974881285e-01	1.123484371734478626e-01	2.942452724405362208e-01	1.851922592116699295e-01	8.679811905062027877e-02	3.922597590916061111e-02	1.026558794166264332e-01
1.954459166316734354e+03	1.792591614418162227e-01	1.121621102183743002e-01	2.944159078762734749e-01	1.853066955194297982e-01	8.684941074938087868e-02	3.926443333846686007e-02	1.027422808558079714e-01
1.959296936530389530e+03	1.789858540041612822e-01	1.119768616615957890e-01	2.945855620798464303e-01	1.854204753118386395e-01	8.690040645680657816e-02	3.930269410933696222e-02	1.028281463759638248e-01
1.964134706744044706e+03	1.787141253189860057e-01	1.117926852105475405e-01	2.947542409206098113e-01	1.855336024812810625e-01	8.695110795364671685e-02	3.934075898075008876e-02	1.029134791337282528e-01
1.968972476957700337e+03	1.784439662740570087e-01	1.116095746095089464e-01	2.949219502301994034e-01	1.856460808957493547e-01	8.700151700930730536e-02	3.937862871345621657e-02	1.029982822672711740e-01
1.973810247171355968e+03	1.781753678101284655e-01	1.114275236393859198e-01	2.950886958028206553e-01	1.857579143990183423e-01	8.705163538192529915e-02	3.941630406986448149e-02	1.030825588964062178e-01
1.978648017385010689e+03	1.779083209206273331e-01	1.112465261174947345e-01	2.952544833955341175e-01	1.858691068108184186e-01	8.710146481844266431e-02	3.945378581393383516e-02	1.031663121226981811e-01
1.983485787598666320e+03	1.776428166513409346e-01	1.110665758973469336e-01	2.954193187285381605e-01	1.859796619270071560e-01	8.715100705468026288e-02	3.949107471106597794e-02	1.032495450295698308e-01
1.988323557812321269e+03	1.773788461001060968e-01	1.108876668684357220e-01	2.955832074854480296e-01	1.860895835197392545e-01	8.720026381541144678e-02	3.952817152800057465e-02	1.033322606824081114e-01
1.993161328025976900e+03	1.771164004165005357e-01	1.107097929560235672e-01	2.957461553135725674e-01	1.861988753376347949e-01	8.724923681443547130e-02	3.956507703271262139e-02	1.034144621286696847e-01
1.997999098239632076e+03	1.768554708015360466e-01	1.105329481209311598e-01	2.959081678241873292e-01	1.863075411059461062e-01	8.729792775465063104e-02	3.960179199431198421e-02	1.034961523979858605e-01
2.002836868453287707e+03	1.765960485073536368e-01	1.103571263593275953e-01	2.960692505928057550e-01	1.864155845267229106e-01	8.734633832812715992e-02	3.963831718294511669e-02	1.035773345022669711e-01
2.007674638666942428e+03	1.763381248369204901e-01	1.101823217025218044e-01	2.962294091594461221e-01	1.865230092789761374e-01	8.739447021617982592e-02	3.967465336969878964e-02	1.036580114358059551e-01
2.012512408880597604e+03	1.760816911437289578e-01	1.100085282167552886e-01	2.963886490288972220e-01	1.866298190188400152e-01	8.744232508944016491e-02	3.971080132650592343e-02	1.037381861753815804e-01
2.017350179094252780e+03	1.758267388314972701e-01	1.098357400029961600e-01	2.965469756709800953e-01	1.867360173797328327e-01	8.748990460792847867e-02	3.974676182605341168e-02	1.038178616803608623e-01
2.022187949307908411e+03	1.755732593538721353e-01	1.096639511967342495e-01	2.967043945208079903e-01	1.868416079725162826e-01	8.753721042112555528e-02	3.978253564169189488e-02	1.038970408928009542e-01
2.027025719521564042e+03	1.753212442141334204e-01	1.094931559677777139e-01	2.968609109790427691e-01	1.869465943856531975e-01	8.758424416804387602e-02	3.981812354734756004e-02	1.039757267375504418e-01
2.031863489735218764e+03	1.750706849649003027e-01	1.093233485200505589e-01	2.970165304121497041e-01	1.870509801853640353e-01	8.763100747729866968e-02	3.985352631743571683e-02	1.040539221223500399e-01
2.036701259948874394e+03	1.748215732078394480e-01	1.091545230913916753e-01	2.971712581526485542e-01	1.871547689157818106e-01	8.767750196717848110e-02	3.988874472677638588e-02	1.041316299379326515e-01
2.041539030162529116e+03	1.745739005933749921e-01	1.089866739533548873e-01	2.973250994993633101e-01	1.872579640991058336e-01	8.772372924571544828e-02	3.992377955051159416e-02	1.042088530581229272e-01
2.046376800376184747e+03	1.743276588204003552e-01	1.088197954110103061e-01	2.974780597176687191e-01	1.873605692357538099e-01	8.776969091075513540e-02	3.995863156402458538e-02	1.042855943399361440e-01
2.051214570589840150e+03	1.740828396359916375e-01	1.086538818027468489e-01	2.976301440397342568e-01	1.874625878045128868e-01	8.781538855002608834e-02	3.999330154286072359e-02	1.043618566236765577e-01
2.056052340803495554e+03	1.738394348351230967e-01	1.084889275000759795e-01	2.977813576647664329e-01	1.875640232626892556e-01	8.786082374120890437e-02	4.002779026265019385e-02	1.044376427330351853e-01
2.060890111017150957e+03	1.735974362603840693e-01	1.083249269074365584e-01	2.979317057592477669e-01	1.876648790462563388e-01	8.790599805200498273e-02	4.006209849903234754e-02	1.045129554751869499e-01
2.065727881230805451e+03	1.733568358016979727e-01	1.081618744620008871e-01	2.980811934571744870e-01	1.877651585700017556e-01	8.795091304020477563e-02	4.009622702758179613e-02	1.045877976408873533e-01
2.070565651444461309e+03	1.731176253960426958e-01	1.079997646334820288e-01	2.982298258602908425e-01	1.878648652276731223e-01	8.799557025375577546e-02	4.013017662373611488e-02	1.046621720045684545e-01
2.075403421658116713e+03	1.728797970271729600e-01	1.078385919239421148e-01	2.983776080383219731e-01	1.879640023921224090e-01	8.803997123082996090e-02	4.016394806272516327e-02	1.047360813244344047e-01
2.080241191871772116e+03	1.726433427253443731e-01	1.076783508676019269e-01	2.985245450292042246e-01	1.880625734154492135e-01	8.808411749989090989e-02	4.019754211950198747e-02	1.048095283425563573e-01
2.085078962085427065e+03	1.724082545670390099e-01	1.075190360306515908e-01	2.986706418393131890e-01	1.881605816291425648e-01	8.812801057976044072e-02	4.023095956867531880e-02	1.048825157849668233e-01
2.089916732299082469e+03	1.721745246746928804e-01	1.073606420110623932e-01	2.988159034436898009e-01	1.882580303442218383e-01	8.817165197968493406e-02	4.026420118444357793e-02	1.049550463617534707e-01
2.094754502512737417e+03	1.719421452164250075e-01	1.072031634383997234e-01	2.989603347862641591e-01	1.883549228513761720e-01	8.821504319940105809e-02	4.029726774053034311e-02	1.050271227671524255e-01
2.099592272726392821e+03	1.717111084057681147e-01	1.070465949736371658e-01	2.991039407800771266e-01	1.884512624211028831e-01	8.825818572920123006e-02	4.033016001012140750e-02	1.050987476796409192e-01
2.104430042940048224e+03	1.714814065014010347e-01	1.068909313089716900e-01	2.992467263075002659e-01	1.885470523038446644e-01	8.830108104999853658e-02	4.036287876580316181e-02	1.051699237620295213e-01
2.109267813153704083e+03	1.712530318068828106e-01	1.067361671676399226e-01	2.993886962204531099e-01	1.886422957301255310e-01	8.834373063339130694e-02	4.039542477950246180e-02	1.052406536615536764e-01
2.114105583367359031e+03	1.710259766703882134e-01	1.065822973037355847e-01	2.995298553406192665e-01	1.887369959106858230e-01	8.838613594172720078e-02	4.042779882242790446e-02	1.053109400099648818e-01
2.118943353581013525e+03	1.708002334844452019e-01	1.064293165020279569e-01	2.996702084596594706e-01	1.888311560366157660e-01	8.842829842816686547e-02	4.046000166501242251e-02	1.053807854236211844e-01
2.123781123794669384e+03	1.705757946856737151e-01	1.062772195777814815e-01	2.998097603394236366e-01	1.889247792794883085e-01	8.847021953674717720e-02	4.049203407685730144e-02	1.054501925035772475e-01
2.128618894008324787e+03	1.703526527545261571e-01	1.061260013765764482e-01	2.999485157121605239e-01	1.890178687914904898e-01	8.851190070244402408e-02	4.052389682667743853e-02	1.055191638356737377e-01
2.133456664221980191e+03	1.701308002150296317e-01	1.059756567741306499e-01	3.000864792807255155e-01	1.891104277055539740e-01	8.855334335123468681e-02	4.055559068224796199e-02	1.055877019906264341e-01
2.138294434435635139e+03	1.699102296345294527e-01	1.058261806761222890e-01	3.002236557187864530e-01	1.892024591354843077e-01	8.859454890015971973e-02	4.058711641035206430e-02	1.056558095241145467e-01
2.143132204649290543e+03	1.696909336234344590e-01	1.056775680180137150e-01	3.003600496710279733e-01	1.892939661760893733e-01	8.863551875738445718e-02	4.061847477673018875e-02	1.057234889768686875e-01
2.147969974862945492e+03	1.694729048349638278e-01	1.055298137648764539e-01	3.004956657533535691e-01	1.893849519033064255e-01	8.867625432226004800e-02	4.064966654603029833e-02	1.057907428747582868e-01
2.152807745076601350e+03	1.692561359648953601e-01	1.053829129112171248e-01	3.006305085530859289e-01	1.894754193743284076e-01	8.871675698538408761e-02	4.068069248175947006e-02	1.058575737288784818e-01
2.157645515290255844e+03	1.690406197513154574e-01	1.052368604808044117e-01	3.007645826291660551e-01	1.895653716277290735e-01	8.875702812866070879e-02	4.071155334623664107e-02	1.059239840356365064e-01
2.162483285503912157e+03	1.688263489743703771e-01	1.050916515264971457e-01	3.008978925123496628e-01	1.896548116835872211e-01	8.879706912536042274e-02	4.074224990054646500e-02	1.059899762768375386e-01
2.167321055717567106e+03	1.686133164560192910e-01	1.049472811300733721e-01	3.010304427054026899e-01	1.897437425436096503e-01	8.883688134017934945e-02	4.077278290449436876e-02	1.060555529197701047e-01
2.172158825931222509e+03	1.684015150597886479e-01	1.048037444020603476e-01	3.011622376832945314e-01	1.898321671912535369e-01	8.887646612929810119e-02	4.080315311656271954e-02	1.061207164172909417e-01
2.176996596144877003e+03	1.681909376905281472e-01	1.046610364815657584e-01	3.012932818933899415e-01	1.899200885918473636e-01	8.891582484044020795e-02	4.083336129386806734e-02	1.061854692079093609e-01
2.181834366358532861e+03	1.679815772941680996e-01	1.045191525361097162e-01	3.014235797556391039e-01	1.900075096927111851e-01	8.895495881293011275e-02	4.086340819211947001e-02	1.062498137158711387e-01
2.186672136572187810e+03	1.677734268574783694e-01	1.043780877614579466e-01	3.015531356627659809e-01	1.900944334232759769e-01	8.899386937775077833e-02	4.089329456557788678e-02	1.063137523512419080e-01
2.191509906785843214e+03	1.675664794078286779e-01	1.042378373814558529e-01	3.016819539804552197e-01	1.901808626952016801e-01	8.903255785760073870e-02	4.092302116701661274e-02	1.063772875099900372e-01
2.196347676999498617e+03	1.673607280129504327e-01	1.040983966478635919e-01	3.018100390475373374e-01	1.902668004024947734e-01	8.907102556695094264e-02	4.095258874768270552e-02	1.064404215740690357e-01
2.201185447213154021e+03	1.671561657806999723e-01	1.039597608401921641e-01	3.019373951761723518e-01	1.903522494216244032e-01	8.910927381210097253e-02	4.098199805725943889e-02	1.065031569114995302e-01
2.206023217426809424e+03	1.669527858588233660e-01	1.038219252655405017e-01	3.020640266520315809e-01	1.904372126116380404e-01	8.914730389123486087e-02	4.101124984382974181e-02	1.065654958764506721e-01
2.210860987640464373e+03	1.667505814347224335e-01	1.036848852584334180e-01	3.021899377344786086e-01	1.905216928142760280e-01	8.918511709447660141e-02	4.104034485384058101e-02	1.066274408093211001e-01
2.215698757854119776e+03	1.665495457352222652e-01	1.035486361806606248e-01	3.023151326567477537e-01	1.906056928540851569e-01	8.922271470394520232e-02	4.106928383206828737e-02	1.066889940368194456e-01
2.220536528067775180e+03	1.663496720263402118e-01	1.034131734211166942e-01	3.024396156261219271e-01	1.906892155385315202e-01	8.926009799380921206e-02	4.109806752158481902e-02	1.067501578720443933e-01
2.225374298281430583e+03	1.661509536130563180e-01	1.032784923956419076e-01	3.025633908241081582e-01	1.907722636581122566e-01	8.929726823034095373e-02	4.112669666372494037e-02	1.068109346145641736e-01
2.230212068495085077e+03	1.659533838390850058e-01	1.031445885468642021e-01	3.026864624066124554e-01	1.908548399864667677e-01	8.933422667197032929e-02	4.115517199805428933e-02	1.068713265504956517e-01
2.235049838708740936e+03	1.657569560866481162e-01	1.030114573440418096e-01	3.028088345041126672e-01	1.909369472804866019e-01	8.937097456933816575e-02	4.118349426233831878e-02	1.069313359525830426e-01
2.239887608922396339e+03	1.655616637762495624e-01	1.028790942829070770e-01	3.029305112218298457e-01	1.910185882804250057e-01	8.940751316534915893e-02	4.121166419251207774e-02	1.069909650802759460e-01
2.244725379136052197e+03	1.653675003664510923e-01	1.027474948855110759e-01	3.030514966398987209e-01	1.910997657100052538e-01	8.944384369522449807e-02	4.123968252265088064e-02	1.070502161798071450e-01
2.249563149349706237e+03	1.651744593536495220e-01	1.026166547000692125e-01	3.031717948135362883e-01	1.911804822765281464e-01	8.947996738655393523e-02	4.126754998494175375e-02	1.071090914842698222e-01
2.254400919563362095e+03	1.649825342718553023e-01	1.024865693008076561e-01	3.032914097732090641e-01	1.912607406709789515e-01	8.951588545934763275e-02	4.129526730965574211e-02	1.071675932136943177e-01
2.259238689777017044e+03	1.647917186924724720e-01	1.023572342878108360e-01	3.034103455247991188e-01	1.913405435681332922e-01	8.955159912608744166e-02	4.132283522512097268e-02	1.072257235751245680e-01
2.264076459990672902e+03	1.646020062240798054e-01	1.022286452868696460e-01	3.035286060497686123e-01	1.914198936266622020e-01	8.958710959177791644e-02	4.135025445769652253e-02	1.072834847626939203e-01
