1.301360187473271253e+03	2.401752940359536403e-01	1.427312786180865156e-01	2.618364754369852387e-01	1.628932035095647657e-01	7.713775352694851595e-02	3.224740973366020669e-02	8.297858513876035791e-02
1.306197957686926657e+03	2.395621072657655448e-01	1.423620248985482950e-01	2.622290512183282907e-01	1.631557743815724160e-01	7.724297790362756599e-02	3.230557036471548571e-02	8.314249396740161502e-02
1.311035727900581833e+03	2.389524416592451739e-01	1.419948916269304362e-01	2.626193053216587248e-01	1.634168363259354273e-01	7.734759918775756249e-02	3.236343622257461389e-02	8.330548965585721222e-02
1.315873498114237009e+03	2.383462769791702962e-01	1.416298666158151698e-01	2.630072518333020914e-01	1.636763978621967042e-01	7.745162086372209265e-02	3.242100893473282008e-02	8.346757691101996945e-02
1.320711268327892412e+03	2.377435931048320628e-01	1.412669377479608135e-01	2.633929047476579188e-01	1.639344674629079068e-01	7.755504639576646375e-02	3.247829011944839556e-02	8.362876042138557564e-02
1.325549038541547588e+03	2.371443700313611569e-01	1.409060929758956249e-01	2.637762779678863301e-01	1.641910535538902705e-01	7.765787922811447086e-02	3.253528138579559609e-02	8.378904485701565985e-02
1.330386808755202765e+03	2.365485878690576083e-01	1.405473203215142630e-01	2.641573853065886657e-01	1.644461645144932593e-01	7.776012278508435960e-02	3.259198433371733594e-02	8.394843486950361033e-02
1.335224578968857941e+03	2.359562268427248255e-01	1.401906078756763319e-01	2.645362404864821659e-01	1.646998086778510562e-01	7.786178047120409507e-02	3.264840055407744468e-02	8.410693509194311357e-02
1.340062349182513572e+03	2.353672672910073205e-01	1.398359437978075603e-01	2.649128571410691024e-01	1.649519943311369419e-01	7.796285567132606176e-02	3.270453162871273661e-02	8.426455013889933010e-02
1.344900119396168748e+03	2.347816896657325958e-01	1.394833163155029809e-01	2.652872488152992481e-01	1.652027297158156494e-01	7.806335175074106958e-02	3.276037913048471251e-02	8.442128460638269327e-02
1.349737889609823924e+03	2.341994745312564741e-01	1.391327137241328560e-01	2.656594289662281283e-01	1.654520230278937742e-01	7.816327205529161049e-02	3.281594462333100454e-02	8.457714307182515046e-02
1.354575659823479100e+03	2.336206025638125350e-01	1.387841243864505469e-01	2.660294109636679449e-01	1.656998824181681318e-01	7.826261991148454611e-02	3.287122966231648125e-02	8.473213009405886065e-02
1.359413430037134731e+03	2.330450545508654381e-01	1.384375367322027983e-01	2.663972080908338924e-01	1.659463159924723374e-01	7.836139862660311539e-02	3.292623579368411657e-02	8.488625021329736231e-02
1.364251200250789907e+03	2.324728113904677429e-01	1.380929392577424086e-01	2.667628335449845900e-01	1.661913318119215277e-01	7.845961148881826219e-02	3.298096455490549805e-02	8.503950795111901717e-02
1.369088970464445310e+03	2.319038540906206702e-01	1.377503205256430385e-01	2.671263004380568518e-01	1.664349378931552770e-01	7.855726176729936616e-02	3.303541747473109219e-02	8.519190781045266059e-02
1.373926740678100487e+03	2.313381637686387216e-01	1.374096691643164059e-01	2.674876217972951831e-01	1.666771422085785437e-01	7.865435271232430747e-02	3.308959607324021140e-02	8.534345427556556951e-02
1.378764510891755890e+03	2.307757216505177122e-01	1.370709738676315070e-01	2.678468105658753928e-01	1.669179526866013119e-01	7.875088755538883767e-02	3.314350186189067571e-02	8.549415181205353986e-02
1.383602281105411066e+03	2.302165090703066908e-01	1.367342233945363639e-01	2.682038796035231543e-01	1.671573772118761236e-01	7.884686950931542315e-02	3.319713634356820375e-02	8.564400486683301783e-02
1.388440051319066470e+03	2.296605074694835491e-01	1.363994065686816581e-01	2.685588416871272921e-01	1.673954236255342787e-01	7.894230176836132540e-02	3.325050101263551244e-02	8.579301786813535446e-02
1.393277821532721646e+03	2.291076983963342140e-01	1.360665122780468361e-01	2.689117095113474076e-01	1.676320997254200917e-01	7.903718750832619544e-02	3.330359735498113899e-02	8.594119522550303092e-02
1.398115591746377049e+03	2.285580635053355292e-01	1.357355294745682672e-01	2.692624956892164523e-01	1.678674132663239837e-01	7.913152988665887733e-02	3.335642684806797154e-02	8.608854132978781271e-02
1.402953361960032225e+03	2.280115845565415245e-01	1.354064471737695952e-01	2.696112127527380276e-01	1.681013719602136025e-01	7.922533204256376749e-02	3.340899096098152304e-02	8.623506055315079133e-02
1.407791132173687402e+03	2.274682434149737642e-01	1.350792544543943097e-01	2.699578731534783005e-01	1.683339834764637777e-01	7.931859709710642470e-02	3.346129115447790681e-02	8.638075724906432717e-02
1.412628902387342805e+03	2.269280220500146383e-01	1.347539404580403166e-01	2.703024892631533671e-01	1.685652554420846438e-01	7.941132815331855554e-02	3.351332888103151358e-02	8.652563575231576876e-02
1.417466672600997981e+03	2.263909025348046500e-01	1.344304943887968395e-01	2.706450733742108428e-01	1.687951954419486533e-01	7.950352829630250029e-02	3.356510558488248058e-02	8.666970037901286505e-02
1.422304442814653157e+03	2.258568670456429506e-01	1.341089055128832919e-01	2.709856377004068451e-01	1.690238110190158405e-01	7.959520059333505260e-02	3.361662270208382042e-02	8.681295542659098197e-02
1.427142213028308333e+03	2.253258978613917052e-01	1.337891631582903140e-01	2.713241943773780362e-01	1.692511096745578925e-01	7.968634809397064089e-02	3.366788166054830028e-02	8.695540517382191470e-02
1.431979983241963964e+03	2.247979773628834554e-01	1.334712567144230033e-01	2.716607554632081145e-01	1.694770988683807489e-01	7.977697383014391297e-02	3.371888388009509213e-02	8.709705388082442101e-02
1.436817753455619140e+03	2.242730880323324794e-01	1.331551756317459756e-01	2.719953329389904750e-01	1.697017860190457861e-01	7.986708081627182099e-02	3.376963077249607592e-02	8.723790578907621163e-02
1.441655523669274316e+03	2.237512124527490098e-01	1.328409094214307584e-01	2.723279387093847648e-01	1.699251785040897800e-01	7.995667204935494321e-02	3.382012374152195550e-02	8.737796512142755045e-02
1.446493293882929493e+03	2.232323333073574501e-01	1.325284476550051271e-01	2.726585846031698845e-01	1.701472836602434813e-01	8.004575050907838940e-02	3.387036418298802753e-02	8.751723608211638139e-02
1.451331064096585123e+03	2.227164333790175588e-01	1.322177799640044948e-01	2.729872823737911069e-01	1.703681087836489416e-01	8.013431915791201232e-02	3.392035348479977008e-02	8.765572285678489839e-02
1.456168834310240300e+03	2.222034955496491326e-01	1.319088960396253285e-01	2.733140436999033085e-01	1.705876611300754242e-01	8.022238094121005025e-02	3.397009302699811190e-02	8.779342961249747557e-02
1.461006604523895703e+03	2.216935027996602137e-01	1.316017856323805357e-01	2.736388801859089837e-01	1.708059479151343152e-01	8.030993878731020053e-02	3.401958418180446586e-02	8.793036049776008223e-02
1.465844374737550879e+03	2.211864382073782942e-01	1.312964385517570998e-01	2.739618033624921511e-01	1.710229763144924808e-01	8.039699560763215180e-02	3.406882831366547792e-02	8.806651964254105791e-02
1.470682144951206283e+03	2.206822849484852411e-01	1.309928446658753798e-01	2.742828246871471531e-01	1.712387534640847919e-01	8.048355429677542250e-02	3.411782677929756785e-02	8.820191115829310868e-02
1.475519915164861459e+03	2.201810262954550235e-01	1.306909939011506039e-01	2.746019555447033467e-01	1.714532864603249829e-01	8.056961773261683835e-02	3.416658092773115774e-02	8.833653913797667734e-02
1.480357685378516862e+03	2.196826456169952424e-01	1.303908762419563327e-01	2.749192072478449100e-01	1.716665823603157059e-01	8.065518877640721895e-02	3.421509210035467152e-02	8.847040765608449320e-02
1.485195455592172038e+03	2.191871263774915202e-01	1.300924817302897829e-01	2.752345910376266525e-01	1.718786481820573087e-01	8.074027027286760638e-02	3.426336163095829862e-02	8.860352076866744031e-02
1.490033225805827215e+03	2.186944521364553307e-01	1.297958004654391206e-01	2.755481180839849387e-01	1.720894909046553345e-01	8.082486505028499413e-02	3.431139084577745912e-02	8.873588251336148036e-02
1.494870996019482618e+03	2.182046065479749108e-01	1.295008226036529209e-01	2.758597994862445058e-01	1.722991174685269689e-01	8.090897592060732058e-02	3.435918106353607476e-02	8.886749690941588009e-02
1.499708766233137567e+03	2.177175733601695862e-01	1.292075383578110692e-01	2.761696462736213387e-01	1.725075347756065136e-01	8.099260567953812939e-02	3.440673359548953453e-02	8.899836795772241016e-02
1.504546536446793198e+03	2.172333364146468992e-01	1.289159379970981623e-01	2.764776694057202722e-01	1.727147496895494738e-01	8.107575710663052215e-02	3.445404974546747295e-02	8.912849964084577914e-02
1.509384306660448374e+03	2.167518796459633468e-01	1.286260118466783786e-01	2.767838797730293732e-01	1.729207690359356453e-01	8.115843296538058360e-02	3.450113080991624309e-02	8.925789592305501119e-02
1.514222076874103550e+03	2.162731870810879475e-01	1.283377502873723763e-01	2.770882881974094381e-01	1.731255996024712862e-01	8.124063600332034896e-02	3.454797807794118131e-02	8.938656075035596171e-02
1.519059847087758726e+03	2.157972428388690023e-01	1.280511437553360776e-01	2.773909054325799928e-01	1.733292481391899287e-01	8.132236895211009120e-02	3.459459283134862922e-02	8.951449805052479058e-02
1.523897617301414357e+03	2.153240311295039622e-01	1.277661827417415075e-01	2.776917421646004080e-01	1.735317213586523577e-01	8.140363452763021979e-02	3.464097634468769199e-02	8.964171173314240681e-02
1.528735387515069533e+03	2.148535362540124893e-01	1.274828577924589923e-01	2.779908090123474063e-01	1.737330259361454798e-01	8.148443543007252710e-02	3.468712988529177449e-02	8.976820568962987079e-02
1.533573157728724709e+03	2.143857426037123204e-01	1.272011595077418844e-01	2.782881165279886826e-01	1.739331685098799984e-01	8.156477434403099080e-02	3.473305471331988165e-02	8.989398379328478184e-02
1.538410927942380113e+03	2.139206346596985442e-01	1.269210785419124798e-01	2.785836751974519743e-01	1.741321556811873672e-01	8.164465393859196563e-02	3.477875208179764116e-02	9.001904989931854006e-02
1.543248698156035516e+03	2.134581969923255440e-01	1.266426056030501845e-01	2.788774954408908546e-01	1.743299940147153837e-01	8.172407686742394484e-02	3.482422323665815972e-02	9.014340784489444092e-02
1.548086468369690692e+03	2.129984142606921871e-01	1.263657314526814013e-01	2.791695876131460863e-01	1.745266900386229780e-01	8.180304576886666956e-02	3.486946941678258777e-02	9.026706144916661623e-02
1.552924238583346096e+03	2.125412712121299563e-01	1.260904469054710264e-01	2.794599620042032551e-01	1.747222502447740022e-01	8.188156326601986335e-02	3.491449185404047612e-02	9.039001451331996062e-02
1.557762008797001272e+03	2.120867526816939963e-01	1.258167428289160006e-01	2.797486288396466292e-01	1.749166810889299373e-01	8.195963196683134222e-02	3.495929177332987581e-02	9.051227082061066853e-02
1.562599779010656675e+03	2.116348435916572124e-01	1.255446101430405803e-01	2.800355982811093547e-01	1.751099889909417118e-01	8.203725446418468070e-02	3.500387039261724370e-02	9.063383413640768715e-02
1.567437549224311852e+03	2.111855289510071176e-01	1.252740398200932193e-01	2.803208804267194321e-01	1.753021803349404661e-01	8.211443333598632266e-02	3.504822892297709130e-02	9.075470820823483553e-02
1.572275319437967255e+03	2.107387938549459272e-01	1.250050228842454481e-01	2.806044853115424176e-01	1.754932614695273729e-01	8.219117114525219259e-02	3.509236856863140464e-02	9.087489676581377018e-02
1.577113089651622431e+03	2.102946234843932616e-01	1.247375504112922390e-01	2.808864229080202946e-01	1.756832387079624302e-01	8.226747044019383504e-02	3.513629052698886979e-02	9.099440352110756136e-02
1.581950859865277607e+03	2.098530031054919032e-01	1.244716135283543967e-01	2.811667031264066807e-01	1.758721183283525613e-01	8.234333375430401281e-02	3.517999598868384870e-02	9.111323216836507422e-02
1.586788630078933011e+03	2.094139180691163837e-01	1.242072034135824621e-01	2.814453358151983720e-01	1.760599065738384927e-01	8.241876360644180555e-02	3.522348613761509817e-02	9.123138638416591895e-02
1.591626400292587959e+03	2.089773538103842365e-01	1.239443112958624749e-01	2.817223307615633332e-01	1.762466096527807169e-01	8.249376250091727814e-02	3.526676215098432932e-02	9.134886982746613648e-02
1.596464170506243590e+03	2.085432958481705512e-01	1.236829284545233193e-01	2.819976976917652478e-01	1.764322337389447604e-01	8.256833292757556619e-02	3.530982519933451719e-02	9.146568613964452255e-02
1.601301940719898766e+03	2.081117297846248049e-01	1.234230462190458871e-01	2.822714462715844586e-01	1.766167849716852589e-01	8.264247736188054527e-02	3.535267644658796754e-02	9.158183894454952068e-02
1.606139710933553943e+03	2.076826413046909403e-01	1.231646559687738646e-01	2.825435861067354670e-01	1.768002694561292554e-01	8.271619826499797268e-02	3.539531705008420320e-02	9.169733184854672592e-02
1.610977481147209119e+03	2.072560161756299146e-01	1.229077491326262123e-01	2.828141267432808803e-01	1.769826932633586092e-01	8.278949808387812970e-02	3.543774816061760757e-02	9.181216844056702686e-02
1.615815251360864750e+03	2.068318402465452732e-01	1.226523171888113106e-01	2.830830776680421934e-01	1.771640624305914069e-01	8.286237925133806137e-02	3.547997092247485301e-02	9.192635229215527504e-02
1.620653021574519926e+03	2.064100994479111661e-01	1.223983516645428121e-01	2.833504483090069637e-01	1.773443829613625122e-01	8.293484418614324727e-02	3.552198647347215577e-02	9.203988695751941229e-02
1.625490791788175102e+03	2.059907797911034455e-01	1.221458441357570618e-01	2.836162480357329319e-01	1.775236608257033666e-01	8.300689529308884207e-02	3.556379594499222557e-02	9.215277597358033368e-02
1.630328562001830505e+03	2.055738673679333439e-01	1.218947862268321969e-01	2.838804861597484797e-01	1.777019019603206240e-01	8.307853496308047203e-02	3.560540046202110426e-02	9.226502286002208342e-02
1.635166332215485909e+03	2.051593483501837345e-01	1.216451696103089120e-01	2.841431719349498120e-01	1.778791122687740367e-01	8.314976557321447637e-02	3.564680114318472676e-02	9.237663111934253657e-02
1.640004102429141085e+03	2.047472089891482216e-01	1.213969860066128198e-01	2.844043145579956411e-01	1.780552976216536742e-01	8.322058948685774615e-02	3.568799910078528786e-02	9.248760423690478849e-02
1.644841872642796488e+03	2.043374356151729798e-01	1.211502271837783529e-01	2.846639231686975413e-01	1.782304638567559218e-01	8.329100905372714692e-02	3.572899544083741469e-02	9.259794568098873857e-02
1.649679642856451665e+03	2.039300146372009792e-01	1.209048849571744133e-01	2.849220068504081382e-01	1.784046167792588677e-01	8.336102660996831670e-02	3.576979126310412399e-02	9.270765890284324295e-02
1.654517413070107068e+03	2.035249325423190980e-01	1.206609511892314801e-01	2.851785746304053570e-01	1.785777621618966637e-01	8.343064447823418661e-02	3.581038766113255750e-02	9.281674733673872524e-02
1.659355183283762244e+03	2.031221758953077883e-01	1.204184177891703678e-01	2.854336354802741171e-01	1.787499057451331641e-01	8.349986496776293232e-02	3.585078572228952293e-02	9.292521440002013411e-02
1.664192953497417420e+03	2.027217313381934061e-01	1.201772767127325114e-01	2.856871983162846407e-01	1.789210532373346207e-01	8.356869037445555093e-02	3.589098652779684068e-02	9.303306349316038670e-02
1.669030723711072824e+03	2.023235855898030400e-01	1.199375199619119592e-01	2.859392719997678189e-01	1.790912103149416290e-01	8.363712298095288267e-02	3.593099115276648242e-02	9.314029799981414504e-02
1.673868493924728000e+03	2.019277254453218096e-01	1.196991395846886824e-01	2.861898653374875812e-01	1.792603826226401298e-01	8.370516505671225793e-02	3.597080066623549455e-02	9.324692128687200876e-02
1.678706264138383403e+03	2.015341377758530783e-01	1.194621276747636074e-01	2.864389870820103212e-01	1.794285757735315789e-01	8.377281885808370021e-02	3.601041613120072038e-02	9.335293670451499937e-02
1.683544034352038352e+03	2.011428095279809702e-01	1.192264763712951176e-01	2.866866459320709937e-01	1.795957953493024228e-01	8.384008662838568493e-02	3.604983860465334200e-02	9.345834758626946071e-02
1.688381804565693983e+03	2.007537277233354955e-01	1.189921778586371243e-01	2.869328505329368784e-01	1.797620469003925747e-01	8.390697059798045421e-02	3.608906913761322777e-02	9.356315724906229259e-02
1.693219574779349159e+03	2.003668794581600077e-01	1.187592243660786501e-01	2.871776094767677923e-01	1.799273359461631694e-01	8.397347298434883200e-02	3.612810877516305086e-02	9.366736899327650356e-02
1.698057344993004335e+03	1.999822519028815193e-01	1.185276081675848692e-01	2.874209313029743029e-01	1.800916679750634575e-01	8.403959599216469234e-02	3.616695855648222047e-02	9.377098610280702740e-02
1.702895115206659511e+03	1.995998323016832388e-01	1.182973215815396745e-01	2.876628244985716676e-01	1.802550484447968671e-01	8.410534181336895565e-02	3.620561951488066033e-02	9.387401184511692809e-02
1.707732885420315142e+03	1.992196079720796875e-01	1.180683569704897851e-01	2.879032974985328286e-01	1.804174827824863714e-01	8.417071262724318270e-02	3.624409267783233052e-02	9.397644947129377146e-02
1.712570655633970318e+03	1.988415663044942050e-01	1.178407067408902692e-01	2.881423586861368569e-01	1.805789763848388296e-01	8.423571060048268277e-02	3.628237906700859661e-02	9.407830221610642696e-02
1.717408425847625494e+03	1.984656947618390344e-01	1.176143633428515800e-01	2.883800163933157301e-01	1.807395346183088281e-01	8.430033788726924715e-02	3.632047969831139062e-02	9.417957329806196654e-02
1.722246196061280898e+03	1.980919808790976844e-01	1.173893192698880483e-01	2.886162789009979468e-01	1.808991628192613832e-01	8.436459662934345238e-02	3.635839558190620546e-02	9.428026591946299384e-02
1.727083966274936301e+03	1.977204122629098171e-01	1.171655670586678466e-01	2.888511544394495867e-01	1.810578662941340899e-01	8.442848895607653337e-02	3.639612772225484655e-02	9.438038326646501497e-02
1.731921736488591478e+03	1.973509765911584390e-01	1.169430992887643406e-01	2.890846511886124848e-01	1.812156503195983814e-01	8.449201698454182619e-02	3.643367711814806537e-02	9.447992850913423946e-02
1.736759506702246881e+03	1.969836616125596740e-01	1.167219085824089675e-01	2.893167772784398517e-01	1.813725201427199285e-01	8.455518281958585014e-02	3.647104476273796414e-02	9.457890480150547841e-02
1.741597276915902057e+03	1.966184551462547281e-01	1.165019876042455022e-01	2.895475407892295072e-01	1.815284809811185396e-01	8.461798855389893181e-02	3.650823164357018535e-02	9.467731528164025079e-02
1.746435047129557461e+03	1.962553450814042144e-01	1.162833290610857800e-01	2.897769497519541715e-01	1.816835380231269503e-01	8.468043626808539892e-02	3.654523874261601107e-02	9.477516307168516729e-02
1.751272817343212637e+03	1.958943193767849755e-01	1.160659257016667251e-01	2.900050121485890364e-01	1.818376964279488639e-01	8.474252803073341334e-02	3.658206703630416390e-02	9.487245127793049460e-02
1.756110587556867813e+03	1.955353660603890986e-01	1.158497703164089176e-01	2.902317359124373941e-01	1.819909613258165471e-01	8.480426589848438779e-02	3.661871749555252464e-02	9.496918299086876125e-02
1.760948357770523216e+03	1.951784732290253177e-01	1.156348557371765229e-01	2.904571289284532121e-01	1.821433378181472051e-01	8.486565191610195846e-02	3.665519108579958635e-02	9.506536128525379381e-02
1.765786127984178393e+03	1.948236290479227473e-01	1.154211748370385510e-01	2.906811990335613216e-01	1.822948309776989684e-01	8.492668811654069394e-02	3.669148876703577644e-02	9.516098922015958639e-02
1.770623898197833569e+03	1.944708217503367809e-01	1.152087205300315609e-01	2.909039540169749971e-01	1.824454458487258235e-01	8.498737652101415185e-02	3.672761149383459156e-02	9.525606983903968372e-02
1.775461668411488745e+03	1.941200396371574599e-01	1.149974857709237380e-01	2.911254016205115924e-01	1.825951874471319902e-01	8.504771913906282454e-02	3.676356021538355889e-02	9.535060616978636994e-02
1.780299438625144376e+03	1.937712710765199797e-01	1.147874635549802763e-01	2.913455495389051797e-01	1.827440607606253820e-01	8.510771796862146021e-02	3.679933587551498242e-02	9.544460122479028752e-02
1.785137208838799552e+03	1.934245045034174715e-01	1.145786469177301897e-01	2.915644054201168012e-01	1.828920707488704001e-01	8.516737499608617590e-02	3.683493941273656425e-02	9.553805800099997303e-02
1.789974979052454728e+03	1.930797284193159769e-01	1.143710289347344561e-01	2.917819768656427226e-01	1.830392223436400345e-01	8.522669219638102922e-02	3.687037176026180391e-02	9.563097947998158710e-02
1.794812749266109904e+03	1.927369313917718097e-01	1.141646027213554793e-01	2.919982714308199112e-01	1.831855204489669653e-01	8.528567153302432646e-02	3.690563384604027275e-02	9.572336862797878321e-02
1.799650519479765535e+03	1.923961020540509714e-01	1.139593614325278975e-01	2.922132966251296815e-01	1.833309699412943305e-01	8.534431495819443103e-02	3.694072659278766629e-02	9.581522839597260421e-02
1.804488289693420711e+03	1.920572291047508151e-01	1.137552982625306824e-01	2.924270599124982328e-01	1.834755756696253015e-01	8.540262441279530825e-02	3.697565091801570392e-02	9.590656171974160094e-02
1.809326059907075887e+03	1.917203013074239848e-01	1.135524064447606396e-01	2.926395687115954658e-01	1.836193424556721854e-01	8.546060182652162607e-02	3.701040773406186202e-02	9.599737151992188133e-02
1.814163830120731291e+03	1.913853074902042983e-01	1.133506792515071304e-01	2.928508303961316894e-01	1.837622750940047511e-01	8.551824911792341166e-02	3.704499794811894064e-02	9.608766070206739562e-02
1.819001600334386467e+03	1.910522365454351001e-01	1.131501099937282234e-01	2.930608522951513306e-01	1.839043783521978059e-01	8.557556819447051377e-02	3.707942246226442196e-02	9.617743215671013812e-02
1.823839370548041643e+03	1.907210774292995570e-01	1.129506920208279280e-01	2.932696416933253114e-01	1.840456569709779666e-01	8.563256095261650991e-02	3.711368217348972459e-02	9.626668875942054338e-02
1.828677140761696819e+03	1.903918191614530908e-01	1.127524187204349410e-01	2.934772058312402065e-01	1.841861156643698205e-01	8.568922927786234989e-02	3.714777797372924295e-02	9.635543337086788229e-02
1.833514910975352450e+03	1.900644508246580322e-01	1.125552835181825584e-01	2.936835519056861243e-01	1.843257591198413092e-01	8.574557504481956915e-02	3.718171074988921299e-02	9.644366883688069991e-02
1.838352681189008081e+03	1.897389615644204386e-01	1.123592798774898233e-01	2.938886870699418674e-01	1.844645919984483351e-01	8.580160011727319680e-02	3.721548138387646698e-02	9.653139798850737807e-02
1.843190451402663257e+03	1.894153405886287445e-01	1.121644012993440881e-01	2.940926184340580951e-01	1.846026189349787294e-01	8.585730634824423335e-02	3.724909075262695241e-02	9.661862364207661480e-02
1.848028221616318433e+03	1.890935771671947985e-01	1.119706413220846603e-01	2.942953530651385430e-01	1.847398445380954712e-01	8.591269558005182327e-02	3.728253972813412587e-02	9.670534859925802862e-02
1.852865991829973609e+03	1.887736606316967880e-01	1.117779935211877934e-01	2.944968979876186888e-01	1.848762733904791566e-01	8.596776964437505275e-02	3.731582917747722217e-02	9.679157564712276285e-02
1.857703762043628785e+03	1.884555803750243286e-01	1.115864515090529002e-01	2.946972601835425865e-01	1.850119100489699131e-01	8.602253036231433114e-02	3.734895996284925274e-02	9.687730755820410378e-02
1.862541532257283961e+03	1.881393258510255795e-01	1.113960089347900972e-01	2.948964465928378131e-01	1.851467590447082867e-01	8.607697954445250876e-02	3.738193294158496244e-02	9.696254709055811272e-02
1.867379302470939592e+03	1.878248865741563578e-01	1.112066594840087491e-01	2.950944641135880286e-01	1.852808248832758242e-01	8.613111899091561996e-02	3.741474896618854351e-02	9.704729698782428582e-02
1.872217072684594768e+03	1.875122521191312508e-01	1.110183968786074699e-01	2.952913196023035924e-01	1.854141120448345170e-01	8.618495049143315434e-02	3.744740888436124543e-02	9.713155997928617225e-02
1.877054842898249490e+03	1.872014121205768655e-01	1.108312148765652067e-01	2.954870198741902931e-01	1.855466249842660231e-01	8.623847582539818923e-02	3.747991353902876965e-02	9.721533877993206174e-02
1.881892613111905121e+03	1.868923562726871046e-01	1.106451072717335726e-01	2.956815717034158575e-01	1.856783681313097234e-01	8.629169676192699479e-02	3.751226376836856724e-02	9.729863609051558893e-02
1.886730383325560297e+03	1.865850743288801628e-01	1.104600678936303731e-01	2.958749818233747386e-01	1.858093458907004447e-01	8.634461505991837538e-02	3.754446040583692829e-02	9.738145459761636535e-02
1.891568153539215928e+03	1.862795561014578549e-01	1.102760906072343394e-01	2.960672569269506837e-01	1.859395626423053227e-01	8.639723246811265023e-02	3.757650428019595340e-02	9.746379697370061157e-02
1.896405923752871104e+03	1.859757914612666374e-01	1.100931693127810002e-01	2.962584036667775256e-01	1.860690227412598596e-01	8.644955072515028704e-02	3.760839621554034479e-02	9.754566587718169202e-02
1.901243693966526507e+03	1.856737703373608217e-01	1.099112979455598160e-01	2.964484286554980308e-01	1.861977305181037046e-01	8.650157155963018873e-02	3.764013703132406546e-02	9.762706395248069158e-02
1.906081464180181683e+03	1.853734827166673982e-01	1.097304704757123966e-01	2.966373384660208057e-01	1.863256902789152403e-01	8.655329669016773031e-02	3.767172754238681809e-02	9.770799383008692274e-02
1.910919234393836859e+03	1.850749186436531912e-01	1.095506809080319804e-01	2.968251396317751478e-01	1.864529063054458369e-01	8.660472782545229620e-02	3.770316855898039193e-02	9.778845812661843273e-02
1.915757004607492036e+03	1.847780682199936797e-01	1.093719232817639275e-01	2.970118386469644545e-01	1.865793828552532729e-01	8.665586666430460938e-02	3.773446088679489191e-02	9.786845944488239968e-02
1.920594774821147894e+03	1.844829216042438991e-01	1.091941916704075033e-01	2.971974419668172440e-01	1.867051241618346291e-01	8.670671489573371360e-02	3.776560532698471084e-02	9.794800037393555647e-02
1.925432545034802843e+03	1.841894690115109812e-01	1.090174801815187861e-01	2.973819560078367341e-01	1.868301344347582382e-01	8.675727419899356696e-02	3.779660267619447400e-02	9.802708348914448977e-02
1.930270315248458019e+03	1.838977007131288866e-01	1.088417829565146572e-01	2.975653871480483104e-01	1.869544178597952744e-01	8.680754624363939964e-02	3.782745372658476851e-02	9.810571135224599448e-02
1.935108085462113195e+03	1.836076070363348023e-01	1.086670941704779292e-01	2.977477417272456628e-01	1.870779785990504263e-01	8.685753268958359974e-02	3.785815926585772706e-02	9.818388651140716461e-02
1.939945855675768371e+03	1.833191783639475381e-01	1.084934080319637090e-01	2.979290260472342577e-01	1.872008207910921262e-01	8.690723518715150198e-02	3.788872007728248670e-02	9.826161150128567834e-02
1.944783625889424002e+03	1.830324051340476987e-01	1.083207187828066631e-01	2.981092463720741437e-01	1.873229485510819470e-01	8.695665537713657967e-02	3.791913693972050192e-02	9.833888884308980560e-02
1.949621396103079178e+03	1.827472778396597441e-01	1.081490206979296015e-01	2.982884089283199258e-01	1.874443659709033316e-01	8.700579489085553953e-02	3.794941062765068429e-02	9.841572104463844339e-02
1.954459166316734354e+03	1.824637870284358532e-01	1.079783080851531019e-01	2.984665199052599638e-01	1.875650771192898802e-01	8.705465535020301404e-02	3.797954191119442408e-02	9.849211060042106780e-02
1.959296936530389530e+03	1.821819233023417028e-01	1.078085752850061890e-01	2.986435854551528490e-01	1.876850860419526645e-01	8.710323836770592076e-02	3.800953155614044537e-02	9.856805999165753340e-02
1.964134706744044706e+03	1.819016773173438573e-01	1.076398166705381521e-01	2.988196116934632163e-01	1.878043967617071264e-01	8.715154554657748853e-02	3.803938032396955715e-02	9.864357168635791429e-02
1.968972476957700337e+03	1.816230397830992105e-01	1.074720266471314439e-01	2.989946046990948347e-01	1.879230132785993379e-01	8.719957848077107554e-02	3.806908897187923080e-02	9.871864813938212302e-02
1.973810247171355968e+03	1.813460014626460670e-01	1.073051996523156082e-01	2.991685705146229779e-01	1.880409395700314290e-01	8.724733875503358493e-02	3.809865825280802504e-02	9.879329179249952964e-02
1.978648017385010689e+03	1.810705531720970540e-01	1.071393301555823990e-01	2.993415151465242396e-01	1.881581795908865151e-01	8.729482794495856124e-02	3.812808891545990675e-02	9.886750507444851122e-02
1.983485787598666320e+03	1.807966857803338101e-01	1.069744126582018312e-01	2.995134445654053512e-01	1.882747372736529312e-01	8.734204761703903697e-02	3.815738170432843301e-02	9.894129040099572392e-02
1.988323557812321269e+03	1.805243902087033392e-01	1.068104416930393957e-01	2.996843647062302218e-01	1.883906165285478829e-01	8.738899932872007392e-02	3.818653735972072499e-02	9.901465017499552768e-02
1.993161328025976900e+03	1.802536574307162798e-01	1.066474118243742886e-01	2.998542814685448143e-01	1.885058212436403480e-01	8.743568462845092981e-02	3.821555661778140711e-02	9.908758678644909168e-02
1.997999098239632076e+03	1.799844784717468116e-01	1.064853176477186386e-01	3.000232007167012993e-01	1.886203552849735066e-01	8.748210505573698892e-02	3.824444021051633114e-02	9.916010261256351377e-02
2.002836868453287707e+03	1.797168444087343386e-01	1.063241537896378736e-01	3.001911282800799885e-01	1.887342224966864490e-01	8.752826214119137360e-02	3.827318886581619617e-02	9.923220001781081490e-02
2.007674638666942428e+03	1.794507463698868932e-01	1.061639149075720989e-01	3.003580699533098808e-01	1.888474267011351349e-01	8.757415740658625047e-02	3.830180330748002987e-02	9.930388135398678096e-02
2.012512408880597604e+03	1.791861755343860385e-01	1.060045956896584485e-01	3.005240314964874315e-01	1.889599716990130462e-01	8.761979236490387291e-02	3.833028425523853089e-02	9.937514896026966582e-02
2.017350179094252780e+03	1.789231231320939641e-01	1.058461908545544894e-01	3.006890186353943784e-01	1.890718612694707867e-01	8.766516852038724883e-02	3.835863242477726559e-02	9.944600516327885276e-02
2.022187949307908411e+03	1.786615804432618027e-01	1.056886951512626960e-01	3.008530370617131244e-01	1.891830991702355691e-01	8.771028736859061425e-02	3.838684852775978845e-02	9.951645227713340480e-02
2.027025719521564042e+03	1.784015387982397782e-01	1.055321033589558810e-01	3.010160924332412891e-01	1.892936891377295650e-01	8.775515039642955983e-02	3.841493327185053347e-02	9.958649260351035148e-02
2.031863489735218764e+03	1.781429895771891037e-01	1.053764102868036540e-01	3.011781903741046484e-01	1.894036348871880604e-01	8.779975908223083825e-02	3.844288736073766394e-02	9.965612843170297552e-02
2.036701259948874394e+03	1.778859242097954874e-01	1.052216107737998785e-01	3.013393364749682446e-01	1.895129401127767232e-01	8.784411489578194954e-02	3.847071149415572794e-02	9.972536203867894689e-02
2.041539030162529116e+03	1.776303341749842224e-01	1.050676996885911013e-01	3.014995362932461620e-01	1.896216084877084262e-01	8.788821929838043501e-02	3.849840636790824444e-02	9.979419568913834582e-02
2.046376800376184747e+03	1.773762110006371073e-01	1.049146719293060082e-01	3.016587953533100275e-01	1.897296436643594042e-01	8.793207374288283806e-02	3.852597267389008817e-02	9.986263163557142220e-02
2.051214570589840150e+03	1.771235462633107272e-01	1.047625224233858371e-01	3.018171191466960113e-01	1.898370492743847171e-01	8.797567967375338749e-02	3.855341110010981898e-02	9.993067211831639651e-02
2.056052340803495554e+03	1.768723315879566493e-01	1.046112461274158051e-01	3.019745131323098852e-01	1.899438289288333248e-01	8.801903852711245868e-02	3.858072233071182383e-02	9.999831936561698331e-02
2.060890111017150957e+03	1.766225586476430354e-01	1.044608380269574921e-01	3.021309827366312484e-01	1.900499862182623290e-01	8.806215173078468794e-02	3.860790704599835477e-02	1.000655755936798730e-01
2.065727881230805451e+03	1.763742191632778900e-01	1.043112931363821133e-01	3.022865333539159760e-01	1.901555247128507986e-01	8.810502070434680921e-02	3.863496592245146272e-02	1.001324430067319637e-01
2.070565651444461309e+03	1.761273049033339755e-01	1.041626064987049155e-01	3.024411703463975587e-01	1.902604479625128464e-01	8.814764685917531040e-02	3.866189963275477870e-02	1.001989237970776075e-01
2.075403421658116713e+03	1.758818076835752253e-01	1.040147731854203506e-01	3.025948990444866649e-01	1.903647594970103163e-01	8.819003159849372886e-02	3.868870884581515623e-02	1.002650201451555090e-01
2.080241191871772116e+03	1.756377193667847669e-01	1.038677882963383731e-01	3.027477247469696486e-01	1.904684628260646384e-01	8.823217631741959999e-02	3.871539422678423048e-02	1.003307342195956381e-01
2.085078962085427065e+03	1.753950318624946936e-01	1.037216469594215013e-01	3.028996527212053924e-01	1.905715614394682955e-01	8.827408240301132247e-02	3.874195643707981779e-02	1.003960681772758795e-01
2.089916732299082469e+03	1.751537371267169740e-01	1.035763443306229603e-01	3.030506882033208726e-01	1.906740588071956233e-01	8.831575123431463503e-02	3.876839613440723892e-02	1.004610241633786122e-01
2.094754502512737417e+03	1.749138271616763052e-01	1.034318755937257278e-01	3.032008363984056154e-01	1.907759583795129443e-01	8.835718418240878780e-02	3.879471397278044104e-02	1.005256043114471226e-01
2.099592272726392821e+03	1.746752940155443523e-01	1.032882359601824535e-01	3.033501024807043756e-01	1.908772635870883416e-01	8.839838261045258883e-02	3.882091060254308501e-02	1.005898107434417682e-01
2.104430042940048224e+03	1.744381297821755994e-01	1.031454206689563086e-01	3.034984915938087058e-01	1.909779778411007101e-01	8.843934787372999262e-02	3.884698667038944536e-02	1.006536455697961130e-01
2.109267813153704083e+03	1.742023266008445037e-01	1.030034249863628765e-01	3.036460088508476374e-01	1.910781045333481420e-01	8.848008131969564705e-02	3.887294281938524776e-02	1.007171108894728273e-01
2.114105583367359031e+03	1.739678766559843992e-01	1.028622442059127229e-01	3.037926593346759740e-01	1.911776470363560076e-01	8.852058428801995449e-02	3.889877968898832611e-02	1.007802087900194071e-01
2.118943353581013525e+03	1.737347721769278708e-01	1.027218736481551875e-01	3.039384480980625303e-01	1.912766087034841467e-01	8.856085811063406366e-02	3.892449791506921025e-02	1.008429413476238101e-01
2.123781123794669384e+03	1.735030054376484887e-01	1.025823086605227447e-01	3.040833801638758715e-01	1.913749928690338109e-01	8.860090411177445890e-02	3.895009812993157489e-02	1.009053106271698558e-01
2.128618894008324787e+03	1.732725687565042638e-01	1.024435446171764741e-01	3.042274605252698882e-01	1.914728028483537736e-01	8.864072360802735528e-02	3.897558096233257746e-02	1.009673186822924729e-01
2.133456664221980191e+03	1.730434544959822407e-01	1.023055769188523367e-01	3.043706941458673709e-01	1.915700419379461061e-01	8.868031790837287154e-02	3.900094703750307118e-02	1.010289675554327943e-01
2.138294434435635139e+03	1.728156550624448673e-01	1.021684009927084219e-01	3.045130859599426421e-01	1.916667134155711494e-01	8.871968831422887003e-02	3.902619697716768615e-02	1.010902592778931131e-01
2.143132204649290543e+03	1.725891629058778076e-01	1.020320122921729578e-01	3.046546408726026889e-01	1.917628205403522079e-01	8.875883611949458851e-02	3.905133139956487587e-02	1.011511958698915886e-01
2.147969974862945492e+03	1.723639705196389760e-01	1.018964062967933071e-01	3.047953637599674637e-01	1.918583665528793836e-01	8.879776261059402209e-02	3.907635091946672079e-02	1.012117793406168420e-01
2.152807745076601350e+03	1.721400704402091808e-01	1.017615785120857125e-01	3.049352594693484630e-01	1.919533546753132147e-01	8.883646906651902764e-02	3.910125614819871809e-02	1.012720116882823568e-01
2.157645515290255844e+03	1.719174552469442951e-01	1.016275244693860824e-01	3.050743328194264747e-01	1.920477881114874275e-01	8.887495675887222002e-02	3.912604769365943952e-02	1.013318949001807273e-01
2.162483285503912157e+03	1.716961175618285651e-01	1.014942397257014017e-01	3.052125886004280475e-01	1.921416700470113259e-01	8.891322695190957692e-02	3.915072616034004360e-02	1.013914309527376850e-01
2.167321055717567106e+03	1.714760500492297501e-01	1.013617198635622524e-01	3.053500315743005178e-01	1.922350036493715997e-01	8.895128090258279385e-02	3.917529214934368370e-02	1.014506218115660136e-01
2.172158825931222509e+03	1.712572454156552904e-01	1.012299604908760003e-01	3.054866664748860927e-01	1.923277920680336039e-01	8.898911986058151424e-02	3.919974625840486060e-02	1.015094694315192003e-01
2.176996596144877003e+03	1.710396964095100558e-01	1.010989572407808845e-01	3.056224980080948228e-01	1.924200384345420567e-01	8.902674506837511548e-02	3.922408908190858079e-02	1.015679757567450325e-01
2.181834366358532861e+03	1.708233958208555114e-01	1.009687057715009662e-01	3.057575308520760204e-01	1.925117458626213196e-01	8.906415776125439776e-02	3.924832121090945924e-02	1.016261427207388601e-01
2.186672136572187810e+03	1.706083364811701586e-01	1.008392017662019108e-01	3.058917696573890121e-01	1.926029174482748740e-01	8.910135916737299544e-02	3.927244323315070423e-02	1.016839722463968448e-01
2.191509906785843214e+03	1.703945112631114756e-01	1.007104409328476030e-01	3.060252190471723366e-01	1.926935562698846305e-01	8.913835050778855240e-02	3.929645573308297030e-02	1.017414662460688624e-01
2.196347676999498617e+03	1.701819130802792457e-01	1.005824190040574828e-01	3.061578836173121099e-01	1.927836653883094331e-01	8.917513299650364766e-02	3.932035929188313489e-02	1.017986266216113489e-01
2.201185447213154021e+03	1.699705348869800514e-01	1.004551317369649227e-01	3.062897679366088921e-01	1.928732478469831479e-01	8.921170784050647118e-02	3.934415448747295707e-02	1.018554552644399397e-01
2.206023217426809424e+03	1.697603696779932947e-01	1.003285749130761878e-01	3.064208765469439988e-01	1.929623066720121405e-01	8.924807623981129145e-02	3.936784189453760435e-02	1.019119540555817882e-01
2.210860987640464373e+03	1.695514104883386053e-01	1.002027443381304089e-01	3.065512139634439803e-01	1.930508448722724757e-01	8.928423938749872890e-02	3.939142208454411015e-02	1.019681248657279826e-01
2.215698757854119776e+03	1.693436503930444148e-01	1.000776358419601803e-01	3.066807846746446575e-01	1.931388654395062299e-01	8.932019846975568222e-02	3.941489562575969247e-02	1.020239695552854625e-01
2.220536528067775180e+03	1.691370825069180295e-01	9.995324527835307282e-02	3.068095931426534362e-01	1.932263713484175804e-01	8.935595466591512992e-02	3.943826308327002400e-02	1.020794899744290052e-01
2.225374298281430583e+03	1.689316999843169520e-01	9.982956852491399469e-02	3.069376438033112886e-01	1.933133655567682574e-01	8.939150914849564034e-02	3.946152501899730103e-02	1.021346879631528232e-01
2.230212068495085077e+03	1.687274960189214523e-01	9.970660148292813385e-02	3.070649410663529588e-01	1.933998510054725228e-01	8.942686308324072908e-02	3.948468199171831922e-02	1.021895653513221341e-01
2.235049838708740936e+03	1.685244638435085818e-01	9.958434007722498371e-02	3.071914893155663906e-01	1.934858306186915955e-01	8.946201762915788336e-02	3.950773455708234128e-02	1.022441239587244394e-01
2.239887608922396339e+03	1.683225967297274361e-01	9.946278025604284034e-02	3.073172929089512673e-01	1.935713073039276033e-01	8.949697393855743366e-02	3.953068326762896462e-02	1.022983655951206911e-01
2.244725379136052197e+03	1.681218879878756955e-01	9.934191799089434061e-02	3.074423561788760528e-01	1.936562839521170087e-01	8.953173315709116176e-02	3.955352867280578083e-02	1.023522920602961545e-01
2.249563149349706237e+03	1.679223309666774966e-01	9.922174927643261089e-02	3.075666834322344778e-01	1.937407634377235899e-01	8.956629642379078382e-02	3.957627131898604211e-02	1.024059051441112284e-01
2.254400919563362095e+03	1.677239190530623869e-01	9.910227013031827625e-02	3.076902789506006375e-01	1.938247486188307833e-01	8.960066487110601718e-02	3.959891174948614034e-02	1.024592066265519602e-01
2.259238689777017044e+03	1.675266456719459729e-01	9.898347659308723290e-02	3.078131469903831463e-01	1.939082423372338049e-01	8.963483962494263324e-02	3.962145050458303064e-02	1.025121982777804225e-01
2.264076459990672902e+03	1.673305042860114278e-01	9.886536472801905895e-02	3.079352917829782932e-01	1.939912474185308544e-01	8.966882180470019115e-02	3.964388812153151614e-02	1.025648818581849087e-01
