1.301360187473271253e+03	2.352907264286409339e-01	1.503403421467232326e-01	2.598556034361231282e-01	1.612030163772184554e-01	7.611725213066294904e-02	3.225247594850052385e-02	8.494058353167810438e-02
1.306197957686926657e+03	2.346870470989224078e-01	1.499373932459669156e-01	2.602479559259320285e-01	1.614323253264546842e-01	7.621932721405966227e-02	3.232524864245577001e-02	8.515070254575582420e-02
1.311035727900581833e+03	2.340868533608181090e-01	1.495368140075412910e-01	2.606380430241495572e-01	1.616603004371938990e-01	7.632080771600052715e-02	3.239764167118096283e-02	8.535953978266293263e-02
1.315873498114237009e+03	2.334901250683088236e-01	1.491385904422419528e-01	2.610258779050831923e-01	1.618869500829214492e-01	7.642169717913638305e-02	3.246965646579669934e-02	8.556710285605875765e-02
1.320711268327892412e+03	2.328968421927218035e-01	1.487427086434214007e-01	2.614114736661619087e-01	1.621122825476015994e-01	7.652199914970790606e-02	3.254129446535376780e-02	8.577339933457882315e-02
1.325549038541547588e+03	2.323069848220631617e-01	1.483491547865023741e-01	2.617948433283862619e-01	1.623363060319217566e-01	7.662171717222812650e-02	3.261255711634491322e-02	8.597843674210063625e-02
1.330386808755202765e+03	2.317205331603475194e-01	1.479579151284935445e-01	2.621759998367761968e-01	1.625590286584986388e-01	7.672085478517505497e-02	3.268344587224825126e-02	8.618222255800801757e-02
1.335224578968857941e+03	2.311374675269262935e-01	1.475689760075086232e-01	2.625549560608161914e-01	1.627804584762333195e-01	7.681941551751103603e-02	3.275396219309795187e-02	8.638476421745382161e-02
1.340062349182513572e+03	2.305577683558158175e-01	1.471823238422877156e-01	2.629317247948976255e-01	1.630006034639681078e-01	7.691740288587814445e-02	3.282410754507863321e-02	8.658606911162113062e-02
1.344900119396168748e+03	2.299814161950259617e-01	1.467979451317221185e-01	2.633063187587588727e-01	1.632194715335705260e-01	7.701482039234630594e-02	3.289388340014053058e-02	8.678614458798289411e-02
1.349737889609823924e+03	2.294083917058899469e-01	1.464158264543813370e-01	2.636787505979222290e-01	1.634370705325472461e-01	7.711167152261355628e-02	3.296329123563290081e-02	8.698499795056004180e-02
1.354575659823479100e+03	2.288386756623959628e-01	1.460359544680432942e-01	2.640490328841290646e-01	1.636534082462715589e-01	7.720795974457575483e-02	3.303233253395368441e-02	8.718263646017801460e-02
1.359413430037134731e+03	2.282722489505211172e-01	1.456583159092270929e-01	2.644171781157716450e-01	1.638684923998936505e-01	7.730368850719815388e-02	3.310100878221371168e-02	8.737906733472189380e-02
1.364251200250789907e+03	2.277090925675680222e-01	1.452828975927286659e-01	2.647831987183231761e-01	1.640823306599898390e-01	7.739886123963349296e-02	3.316932147191404417e-02	8.757429774938997602e-02
1.369088970464445310e+03	2.271491876215043226e-01	1.449096864111591165e-01	2.651471070447643519e-01	1.642949306359969275e-01	7.749348135054144604e-02	3.323727209863520937e-02	8.776833483694580773e-02
1.373926740678100487e+03	2.265925153303051109e-01	1.445386693344857254e-01	2.655089153760084586e-01	1.645062998814695865e-01	7.758755222757217351e-02	3.330486216173741965e-02	8.796118568796876258e-02
1.378764510891755890e+03	2.260390570212991168e-01	1.441698334095756484e-01	2.658686359213228712e-01	1.647164458951916877e-01	7.768107723698379485e-02	3.337209316407088039e-02	8.815285735110320320e-02
1.383602281105411066e+03	2.254887941305179777e-01	1.438031657597425017e-01	2.662262808187491059e-01	1.649253761221669834e-01	7.777405972336898232e-02	3.343896661169547257e-02	8.834335683330607480e-02
1.388440051319066470e+03	2.249417082020495062e-01	1.434386535842954447e-01	2.665818621355196538e-01	1.651330979545100608e-01	7.786650300947019210e-02	3.350548401360920608e-02	8.853269110009304166e-02
1.393277821532721646e+03	2.243977808873940383e-01	1.430762841580908717e-01	2.669353918684726490e-01	1.653396187322543065e-01	7.795841039606696277e-02	3.357164688148493725e-02	8.872086707578331899e-02
1.398115591746377049e+03	2.238569939448252499e-01	1.427160448310869079e-01	2.672868819444640387e-01	1.655449457440912875e-01	7.804978516192190297e-02	3.363745672941486492e-02	8.890789164374283959e-02
1.402953361960032225e+03	2.233193292387542495e-01	1.423579230279004848e-01	2.676363442207772003e-01	1.657490862280527055e-01	7.814063056377383576e-02	3.370291507366247885e-02	8.909377164662612980e-02
1.407791132173687402e+03	2.227847687390975828e-01	1.420019062473669158e-01	2.679837904855303932e-01	1.659520473721444456e-01	7.823094983636939836e-02	3.376802343242153726e-02	8.927851388661678378e-02
1.412628902387342805e+03	2.222532945206494026e-01	1.416479820621021901e-01	2.683292324580817123e-01	1.661538363149401842e-01	7.832074619252536729e-02	3.383278332558181667e-02	8.946212512566636965e-02
1.417466672600997981e+03	2.217248887624569120e-01	1.412961381180679321e-01	2.686726817894312669e-01	1.663544601461416361e-01	7.841002282321579697e-02	3.389719627450139133e-02	8.964461208573208661e-02
1.422304442814653157e+03	2.211995337472003609e-01	1.409463621341385808e-01	2.690141500626216375e-01	1.665539259071095179e-01	7.849878289767894812e-02	3.396126380178509513e-02	8.982598144901292325e-02
1.427142213028308333e+03	2.206772118605762334e-01	1.405986419016714839e-01	2.693536487931355028e-01	1.667522405913704486e-01	7.858702956353984248e-02	3.402498743106908280e-02	9.000623985818442807e-02
1.431979983241963964e+03	2.201579055906848215e-01	1.402529652840793506e-01	2.696911894292911005e-01	1.669494111451030049e-01	7.867476594694530756e-02	3.408836868681121290e-02	9.018539391663218940e-02
1.436817753455619140e+03	2.196415975274214061e-01	1.399093202164052585e-01	2.700267833526351913e-01	1.671454444676055417e-01	7.876199515270873586e-02	3.415140909408707209e-02	9.036345018868377488e-02
1.441655523669274316e+03	2.191282703618711303e-01	1.395676947049002414e-01	2.703604418783338570e-01	1.673403474117485801e-01	7.884872026446224091e-02	3.421411017839148805e-02	9.054041519983943576e-02
1.446493293882929493e+03	2.186179068857079799e-01	1.392280768266031254e-01	2.706921762555610789e-01	1.675341267844134285e-01	7.893494434481451716e-02	3.427647346544539925e-02	9.071629543700143739e-02
1.451331064096585123e+03	2.181104899905974559e-01	1.388904547289231961e-01	2.710219976678845955e-01	1.677267893469188698e-01	7.902067043551298797e-02	3.433850048100788033e-02	9.089109734870191859e-02
1.456168834310240300e+03	2.176060026676027437e-01	1.385548166292250583e-01	2.713499172336500953e-01	1.679183418154372998e-01	7.910590155760886810e-02	3.440019275069321897e-02	9.106482734532958534e-02
1.461006604523895703e+03	2.171044280065951293e-01	1.382211508144159939e-01	2.716759460063626341e-01	1.681087908614009307e-01	7.919064071162437712e-02	3.446155179979292632e-02	9.123749179935493336e-02
1.465844374737550879e+03	2.166057491956676351e-01	1.378894456405357904e-01	2.720000949750659425e-01	1.682981431118997506e-01	7.927489087772109089e-02	3.452257915310250752e-02	9.140909704555416626e-02
1.470682144951206283e+03	2.161099495205528187e-01	1.375596895323490942e-01	2.723223750647196240e-01	1.684864051500714055e-01	7.935865501586915338e-02	3.458327633475292984e-02	9.157964938123185072e-02
1.475519915164861459e+03	2.156170123640438196e-01	1.372318709829398464e-01	2.726427971365740777e-01	1.686735835154839214e-01	7.944193606601628044e-02	3.464364486804664273e-02	9.174915506644219787e-02
1.480357685378516862e+03	2.151269212054193747e-01	1.369059785533085771e-01	2.729613719885431444e-01	1.688596847045117366e-01	7.952473694825677730e-02	3.470368627529805960e-02	9.191762032420904005e-02
1.485195455592172038e+03	2.146396596198723583e-01	1.365820008719715872e-01	2.732781103555745883e-01	1.690447151707055728e-01	7.960706056299970967e-02	3.476340207767834867e-02	9.208505134074457255e-02
1.490033225805827215e+03	2.141552112779417927e-01	1.362599266345628224e-01	2.735930229100181355e-01	1.692286813251564492e-01	7.968890979113625594e-02	3.482279379506450501e-02	9.225145426566670748e-02
1.494870996019482618e+03	2.136735599449486878e-01	1.359397446034379953e-01	2.739061202619920143e-01	1.694115895368540903e-01	7.977028749420599085e-02	3.488186294589256525e-02	9.241683521221523423e-02
1.499708766233137567e+03	2.131946894804352399e-01	1.356214436072810392e-01	2.742174129597467203e-01	1.695934461330402820e-01	7.985119651456179524e-02	3.494061104701482595e-02	9.258120025746667536e-02
1.504546536446793198e+03	2.127185838376075833e-01	1.353050125407128379e-01	2.745269114900266705e-01	1.697742573995571214e-01	7.993163967553344740e-02	3.499903961356107263e-02	9.274455544254782413e-02
1.509384306660448374e+03	2.122452270627821214e-01	1.349904403639023143e-01	2.748346262784301386e-01	1.699540295811905188e-01	8.001161978158967403e-02	3.505715015880363911e-02	9.290690677284808852e-02
1.514222076874103550e+03	2.117746032948352175e-01	1.346777161021798230e-01	2.751405676897668018e-01	1.701327688820091499e-01	8.009113961849863295e-02	3.511494419402631101e-02	9.306826021823057238e-02
1.519059847087758726e+03	2.113066967646564098e-01	1.343668288456528470e-01	2.754447460284128457e-01	1.703104814656989652e-01	8.017020195348671663e-02	3.517242322839677499e-02	9.322862171324189373e-02
1.523897617301414357e+03	2.108414917946051237e-01	1.340577677488238306e-01	2.757471715386647926e-01	1.704871734558933150e-01	8.024880953539571815e-02	3.522958876884286356e-02	9.338799715732074014e-02
1.528735387515069533e+03	2.103789727979705759e-01	1.337505220302104003e-01	2.760478544050905536e-01	1.706628509364991053e-01	8.032696509483830405e-02	3.528644231993218611e-02	9.354639241500525837e-02
1.533573157728724709e+03	2.099191242784351763e-01	1.334450809719676667e-01	2.763468047528786498e-01	1.708375199520186793e-01	8.040467134435171082e-02	3.534298538375527793e-02	9.370381331613915343e-02
1.538410927942380113e+03	2.094619308295413707e-01	1.331414339195130803e-01	2.766440326481853229e-01	1.710111865078680349e-01	8.048193097854974831e-02	3.539921945981209378e-02	9.386026565607666350e-02
1.543248698156035516e+03	2.090073771341616204e-01	1.328395702811530910e-01	2.769395480984797042e-01	1.711838565706908510e-01	8.055874667427308233e-02	3.545514604490181132e-02	9.401575519588617480e-02
1.548086468369690692e+03	2.085554479639717684e-01	1.325394795277122784e-01	2.772333610528868730e-01	1.713555360686690454e-01	8.063512109073771306e-02	3.551076663301584030e-02	9.417028766255279570e-02
1.552924238583346096e+03	2.081061281789277906e-01	1.322411511921645078e-01	2.775254814025289729e-01	1.715262308918295286e-01	8.071105686968187143e-02	3.556608271523400977e-02	9.432386874917962627e-02
1.557762008797001272e+03	2.076594027267455733e-01	1.319445748692664733e-01	2.778159189808641072e-01	1.716959468923473786e-01	8.078655663551104205e-02	3.562109577962378065e-02	9.447650411518787594e-02
1.562599779010656675e+03	2.072152566423840769e-01	1.316497402151931284e-01	2.781046835640237358e-01	1.718646898848455451e-01	8.086162299544141785e-02	3.567580731114252529e-02	9.462819938651585716e-02
1.567437549224311852e+03	2.067736750475316909e-01	1.313566369471754480e-01	2.783917848711472964e-01	1.720324656466908908e-01	8.093625853964159234e-02	3.573021879154271441e-02	9.477896015581667444e-02
1.572275319437967255e+03	2.063346431500957534e-01	1.310652548431403830e-01	2.786772325647154935e-01	1.721992799182871237e-01	8.101046584137266970e-02	3.578433169927999064e-02	9.492879198265487262e-02
1.577113089651622431e+03	2.058981462436952348e-01	1.307755837413527022e-01	2.789610362508816443e-01	1.723651384033641765e-01	8.108424745712666803e-02	3.583814750942403149e-02	9.507770039370185000e-02
1.581950859865277607e+03	2.054641697071565298e-01	1.304876135400591108e-01	2.792432054798004715e-01	1.725300467692644224e-01	8.115760592676338203e-02	3.589166769357219483e-02	9.522569088293014739e-02
1.586788630078933011e+03	2.050326990040123587e-01	1.302013341971344773e-01	2.795237497459558407e-01	1.726940106472256153e-01	8.123054377364549716e-02	3.594489371976581499e-02	9.537276891180664073e-02
1.591626400292587959e+03	2.046037196820038595e-01	1.299167357297300596e-01	2.798026784884857232e-01	1.728570356326606383e-01	8.130306350477232991e-02	3.599782705240914954e-02	9.551893990948444324e-02
1.596464170506243590e+03	2.041772173725856510e-01	1.296338082139239511e-01	2.800800010915056037e-01	1.730191272854343654e-01	8.137516761091188877e-02	3.605046915219086573e-02	9.566420927299384980e-02
1.601301940719898766e+03	2.037531777904339758e-01	1.293525417843733594e-01	2.803557268844303341e-01	1.731802911301370818e-01	8.144685856673138102e-02	3.610282147600804570e-02	9.580858236743201861e-02
1.606139710933553943e+03	2.033315867329578974e-01	1.290729266339691317e-01	2.806298651422933776e-01	1.733405326563551840e-01	8.151813883092631774e-02	3.615488547689266197e-02	9.595206452615163972e-02
1.610977481147209119e+03	2.029124300798134106e-01	1.287949530134921694e-01	2.809024250860648331e-01	1.734998573189388826e-01	8.158901084634809231e-02	3.620666260394039132e-02	9.609466105094841004e-02
1.615815251360864750e+03	2.024956937924206890e-01	1.285186112312721174e-01	2.811734158829671815e-01	1.736582705382669067e-01	8.165947704013001851e-02	3.625815430224181568e-02	9.623637721224745367e-02
1.620653021574519926e+03	2.020813639134841633e-01	1.282438916528477191e-01	2.814428466467893686e-01	1.738157777005083782e-01	8.172953982381205018e-02	3.630936201281591280e-02	9.637721824928860426e-02
1.625490791788175102e+03	2.016694265665155972e-01	1.279707847006294474e-01	2.817107264381989440e-01	1.739723841578819097e-01	8.179920159346394659e-02	3.636028717254573966e-02	9.651718937031063261e-02
1.630328562001830505e+03	2.012598679553600500e-01	1.276992808535639123e-01	2.819770642650524795e-01	1.741280952289118722e-01	8.186846472980721656e-02	3.641093121411631550e-02	9.665629575273433638e-02
1.635166332215485909e+03	2.008526743637248368e-01	1.274293706468005716e-01	2.822418690827040999e-01	1.742829161986819142e-01	8.193733159833550828e-02	3.646129556595466975e-02	9.679454254334461660e-02
1.640004102429141085e+03	2.004478321547112918e-01	1.271610446713599962e-01	2.825051497943119605e-01	1.744368523190858722e-01	8.200580454943377784e-02	3.651138165217193005e-02	9.693193485847141633e-02
1.644841872642796488e+03	2.000453277703493626e-01	1.268942935738043565e-01	2.827669152511435025e-01	1.745899088090759332e-01	8.207388591849601456e-02	3.656119089250745718e-02	9.706847778416961836e-02
1.649679642856451665e+03	1.996451477311351197e-01	1.266291080559098503e-01	2.830271742528784329e-01	1.747420908549082441e-01	8.214157802604180048e-02	3.661072470227497155e-02	9.720417637639790220e-02
1.654517413070107068e+03	1.992472786355710401e-01	1.263654788743408808e-01	2.832859355479098729e-01	1.748934036103859668e-01	8.220888317783138499e-02	3.665998449231066408e-02	9.733903566119650463e-02
1.659355183283762244e+03	1.988517071597092345e-01	1.261033968403263705e-01	2.835432078336441730e-01	1.750438521970997530e-01	8.227580366497969089e-02	3.670897166892310437e-02	9.747306063486393946e-02
1.664192953497417420e+03	1.984584200566970602e-01	1.258428528193378249e-01	2.837989997567988421e-01	1.751934417046657477e-01	8.234234176406887706e-02	3.675768763384510557e-02	9.760625626413271805e-02
1.669030723711072824e+03	1.980674041563261489e-01	1.255838377307694209e-01	2.840533199136981990e-01	1.753421771909611793e-01	8.240849973725980493e-02	3.680613378418735177e-02	9.773862748634397357e-02
1.673868493924728000e+03	1.976786463645834879e-01	1.253263425476198178e-01	2.843061768505680820e-01	1.754900636823574778e-01	8.247427983240228355e-02	3.685431151239379477e-02	9.787017920962111373e-02
1.678706264138383403e+03	1.972921336632056932e-01	1.250703582961760207e-01	2.845575790638282254e-01	1.756371061739509243e-01	8.253968428314403805e-02	3.690222220619878563e-02	9.800091631304239104e-02
1.683544034352038352e+03	1.969078531092358642e-01	1.248158760556990071e-01	2.848075350003830830e-01	1.757833096297911346e-01	8.260471530903853998e-02	3.694986724858589228e-02	9.813084364681246008e-02
1.688381804565693983e+03	1.965257918345830190e-01	1.245628869581112130e-01	2.850560530579114848e-01	1.759286789831072118e-01	8.266937511565171370e-02	3.699724801774838256e-02	9.825996603243300487e-02
1.693219574779349159e+03	1.961459370455843620e-01	1.243113821876859065e-01	2.853031415851534081e-01	1.760732191365314003e-01	8.273366589466744914e-02	3.704436588705126154e-02	9.838828826287222828e-02
1.698057344993004335e+03	1.957682760225701313e-01	1.240613529807383097e-01	2.855488088821963033e-01	1.762169349623208259e-01	8.279758982399201828e-02	3.709122222499496718e-02	9.851581510273345332e-02
1.702895115206659511e+03	1.953927961194310836e-01	1.238127906253186361e-01	2.857930632007589788e-01	1.763598313025767084e-01	8.286114906785739531e-02	3.713781839518050243e-02	9.864255128842266962e-02
1.707732885420315142e+03	1.950194847631885608e-01	1.235656864609068900e-01	2.860359127444742078e-01	1.765019129694615496e-01	8.292434577692349429e-02	3.718415575627615627e-02	9.876850152831510854e-02
1.712570655633970318e+03	1.946483294535671926e-01	1.233200318781094706e-01	2.862773656691693369e-01	1.766431847454141835e-01	8.298718208837926880e-02	3.723023566198561951e-02	9.889367050292087458e-02
1.717408425847625494e+03	1.942793177625702916e-01	1.230758183183575660e-01	2.865174300831455079e-01	1.767836513833627166e-01	8.304966012604281245e-02	3.727605946101756468e-02	9.901806286504946653e-02
1.722246196061280898e+03	1.939124373340575802e-01	1.228330372736072956e-01	2.867561140474552128e-01	1.769233176069352487e-01	8.311178200046043241e-02	3.732162849705661367e-02	9.914168323997350762e-02
1.727083966274936301e+03	1.935476758833256372e-01	1.225916802860417265e-01	2.869934255761781849e-01	1.770621881106686779e-01	8.317354980900458494e-02	3.736694410873564465e-02	9.926453622559139323e-02
1.731921736488591478e+03	1.931850211966908426e-01	1.223517389477744438e-01	2.872293726366955124e-01	1.772002675602155075e-01	8.323496563597101994e-02	3.741200762960946585e-02	9.938662639258899478e-02
1.736759506702246881e+03	1.928244611310748202e-01	1.221132049005551196e-01	2.874639631499625314e-01	1.773375605925484044e-01	8.329603155267469028e-02	3.745682038812977316e-02	9.950795828460044790e-02
1.741597276915902057e+03	1.924659836135923230e-01	1.218760698354766359e-01	2.876972049907796647e-01	1.774740718161630648e-01	8.335674961754482859e-02	3.750138370762134271e-02	9.962853641836789953e-02
1.746435047129557461e+03	1.921095766411417549e-01	1.216403254926839705e-01	2.879291059880620951e-01	1.776098058112789979e-01	8.341712187621898311e-02	3.754569890625948647e-02	9.974836528390050583e-02
1.751272817343212637e+03	1.917552282799979690e-01	1.214059636610848592e-01	2.881596739251073291e-01	1.777447671300384502e-01	8.347715036163617930e-02	3.758976729704872205e-02	9.986744934463223644e-02
1.756110587556867813e+03	1.914029266654077299e-01	1.211729761780621223e-01	2.883889165398619836e-01	1.778789602967033590e-01	8.353683709412905445e-02	3.763359018780258747e-02	9.998579303757892944e-02
1.760948357770523216e+03	1.910526600011872855e-01	1.209413549291876167e-01	2.886168415251861852e-01	1.780123898078504741e-01	8.359618408151514579e-02	3.767716888112464940e-02	1.001034007734943748e-01
1.765786127984178393e+03	1.907044165593226870e-01	1.207110918479380873e-01	2.888434565291168599e-01	1.781450601325647864e-01	8.365519331918719326e-02	3.772050467439057309e-02	1.002202769370254543e-01
1.770623898197833569e+03	1.903581846795724120e-01	1.204821789154124356e-01	2.890687691551295235e-01	1.782769757126308474e-01	8.371386679020262345e-02	3.776359885973134406e-02	1.003364258868663650e-01
1.775461668411488745e+03	1.900139527690722363e-01	1.202546081600507771e-01	2.892927869623982962e-01	1.784081409627226167e-01	8.377220646537210380e-02	3.780645272401748913e-02	1.004518519559119832e-01
1.780299438625144376e+03	1.896717093019426037e-01	1.200283716573552206e-01	2.895155174660544728e-01	1.785385602705913122e-01	8.383021430334719470e-02	3.784906754884440755e-02	1.005665594514102285e-01
1.785137208838799552e+03	1.893314428188982990e-01	1.198034615296121735e-01	2.897369681374438177e-01	1.786682379972516499e-01	8.388789225070722444e-02	3.789144461051867363e-02	1.006805526551136920e-01
1.789974979052454728e+03	1.889931419268604529e-01	1.195798699456163267e-01	2.899571464043817492e-01	1.787971784771662520e-01	8.394524224204522045e-02	3.793358518004532470e-02	1.007938358234300863e-01
1.794812749266109904e+03	1.886567952985710450e-01	1.193575891203963180e-01	2.901760596514080803e-01	1.789253860184285283e-01	8.400226620005313283e-02	3.797549052311615519e-02	1.009064131875721942e-01
1.799650519479765535e+03	1.883223916722093494e-01	1.191366113149419093e-01	2.903937152200388727e-01	1.790528649029437813e-01	8.405896603560607250e-02	3.801716190009888502e-02	1.010182889537065698e-01
1.804488289693420711e+03	1.879899198510110170e-01	1.189169288359328974e-01	2.906101204090180690e-01	1.791796193866086462e-01	8.411534364784589712e-02	3.805860056602729941e-02	1.011294673031015723e-01
1.809326059907075887e+03	1.876593687028892121e-01	1.186985340354695107e-01	2.908252824745671816e-01	1.793056536994889205e-01	8.417140092426383946e-02	3.809980777059229079e-02	1.012399523922744848e-01
1.814163830120731291e+03	1.873307271600582191e-01	1.184814193108044561e-01	2.910392086306329840e-01	1.794309720459958402e-01	8.422713974078251120e-02	3.814078475813370561e-02	1.013497483531377030e-01
1.819001600334386467e+03	1.870039842186590751e-01	1.182655771040765497e-01	2.912519060491347567e-01	1.795555786050608005e-01	8.428256196183696314e-02	3.818153276763310011e-02	1.014588592931441463e-01
1.823839370548041643e+03	1.866791289383875618e-01	1.180509999020458861e-01	2.914633818602094251e-01	1.796794775303082459e-01	8.433766944045519021e-02	3.822205303270731491e-02	1.015672892954317674e-01
1.828677140761696819e+03	1.863561504421243908e-01	1.178376802358305636e-01	2.916736431524552531e-01	1.798026729502275045e-01	8.439246401833759570e-02	3.826234678160281982e-02	1.016750424189672014e-01
1.833514910975352450e+03	1.860350379155676914e-01	1.176256106806449903e-01	2.918826969731745380e-01	1.799251689683426525e-01	8.444694752593596976e-02	3.830241523719093988e-02	1.017821226986885680e-01
1.838352681189008081e+03	1.857157806068674422e-01	1.174147838555397588e-01	2.920905503286143623e-01	1.800469696633810179e-01	8.450112178253157968e-02	3.834225961696369894e-02	1.018885341456474830e-01
1.843190451402663257e+03	1.853983678262622614e-01	1.172051924231430065e-01	2.922972101842063464e-01	1.801680790894403528e-01	8.455498859631262187e-02	3.838188113303055149e-02	1.019942807471501539e-01
1.848028221616318433e+03	1.850827889457184738e-01	1.169968290894032592e-01	2.925026834648048468e-01	1.802885012761543670e-01	8.460854976445086884e-02	3.842128099211575276e-02	1.020993664668976841e-01
1.852865991829973609e+03	1.847690333985710087e-01	1.167896866033339281e-01	2.927069770549236560e-01	1.804082402288567921e-01	8.466180707317769172e-02	3.846046039555649915e-02	1.022037952451255588e-01
1.857703762043628785e+03	1.844570906791666853e-01	1.165837577567591932e-01	2.929100977989716470e-01	1.805272999287442504e-01	8.471476229785934731e-02	3.849942053930168612e-02	1.023075709987422977e-01
1.862541532257283961e+03	1.841469503425094967e-01	1.163790353840613856e-01	2.931120525014864753e-01	1.806456843330374873e-01	8.476741720307157113e-02	3.853816261391142250e-02	1.024106976214672615e-01
1.867379302470939592e+03	1.838386020039080304e-01	1.161755123619299807e-01	2.933128479273675593e-01	1.807633973751412437e-01	8.481977354267350444e-02	3.857668780455714153e-02	1.025131789839676677e-01
1.872217072684594768e+03	1.835320353386251657e-01	1.159731816091118944e-01	2.935124908021070622e-01	1.808804429648028511e-01	8.487183305988098281e-02	3.861499729102236406e-02	1.026150189339948143e-01
1.877054842898249490e+03	1.832272400815293800e-01	1.157720360861634185e-01	2.937109878120201523e-01	1.809968249882694946e-01	8.492359748733904756e-02	3.865309224770408641e-02	1.027162212965194860e-01
1.881892613111905121e+03	1.829242060267487202e-01	1.155720687952035003e-01	2.939083456044735976e-01	1.811125473084438942e-01	8.497506854719401315e-02	3.869097384361477182e-02	1.028167898738665820e-01
1.886730383325560297e+03	1.826229230273263560e-01	1.153732727796685509e-01	2.941045707881126958e-01	1.812276137650390140e-01	8.502624795116467404e-02	3.872864324238492473e-02	1.029167284458488291e-01
1.891568153539215928e+03	1.823233809948783257e-01	1.151756411240686395e-01	2.942996699330876487e-01	1.813420281747311902e-01	8.507713740061301211e-02	3.876610160226624802e-02	1.030160407698999248e-01
1.896405923752871104e+03	1.820255698992535587e-01	1.149791669537452016e-01	2.944936495712778823e-01	1.814557943313120925e-01	8.512773858661419613e-02	3.880335007613534837e-02	1.031147305812066817e-01
1.901243693966526507e+03	1.817294797681953678e-01	1.147838434346300229e-01	2.946865161965155355e-01	1.815689160058394092e-01	8.517805319002608178e-02	3.884038981149798286e-02	1.032128015928405473e-01
1.906081464180181683e+03	1.814351006870054961e-01	1.145896637730059037e-01	2.948782762648072819e-01	1.816813969467862000e-01	8.522808288155796219e-02	3.887722195049383989e-02	1.033102574958882358e-01
1.910919234393836859e+03	1.811424227982098845e-01	1.143966212152684320e-01	2.950689361945552092e-01	1.817932408801891109e-01	8.527782932183877729e-02	3.891384762990181961e-02	1.034071019595816515e-01
1.915757004607492036e+03	1.808514363012264370e-01	1.142047090476894650e-01	2.952585023667760322e-01	1.819044515097953119e-01	8.532729416148475410e-02	3.895026798114582800e-02	1.035033386314270221e-01
1.920594774821147894e+03	1.805621314520347576e-01	1.140139205961816782e-01	2.954469811253194744e-01	1.820150325172081862e-01	8.537647904116642261e-02	3.898648413030104953e-02	1.035989711373332817e-01
1.925432545034802843e+03	1.802744985628478291e-01	1.138242492260648220e-01	2.956343787770848719e-01	1.821249875620318814e-01	8.542538559167507650e-02	3.902249719810068490e-02	1.036940030817397052e-01
1.930270315248458019e+03	1.799885280017856914e-01	1.136356883418330882e-01	2.958207015922368344e-01	1.822343202820146113e-01	8.547401543398863710e-02	3.905830829994316744e-02	1.037884380477427648e-01
1.935108085462113195e+03	1.797042101925510893e-01	1.134482313869241144e-01	2.960059558044196848e-01	1.823430342931909309e-01	8.552237017933697616e-02	3.909391854589978899e-02	1.038822795972222518e-01
1.939945855675768371e+03	1.794215356141067863e-01	1.132618718434890426e-01	2.961901476109704001e-01	1.824511331900226241e-01	8.557045142926662795e-02	3.912932904072279061e-02	1.039755312709666341e-01
1.944783625889424002e+03	1.791404948003550712e-01	1.130766032321642300e-01	2.963732831731303308e-01	1.825586205455386746e-01	8.561826077570504345e-02	3.916454088385386278e-02	1.040681965887976929e-01
1.949621396103079178e+03	1.788610783398190685e-01	1.128924191118440556e-01	2.965553686162560876e-01	1.826654999114739331e-01	8.566579980102426162e-02	3.919955516943304102e-02	1.041602790496944375e-01
1.954459166316734354e+03	1.785832768753258526e-01	1.127093130794553089e-01	2.967364100300287078e-01	1.827717748184068125e-01	8.571307007810394230e-02	3.923437298630802483e-02	1.042517821319162707e-01
1.959296936530389530e+03	1.783070811036914505e-01	1.125272787697326887e-01	2.969164134686617107e-01	1.828774487758958178e-01	8.576007317039401057e-02	3.926899541804387134e-02	1.043427092931253908e-01
1.964134706744044706e+03	1.780324817754078415e-01	1.123463098549957323e-01	2.970953849511080991e-01	1.829825252726149099e-01	8.580681063197677372e-02	3.930342354293302198e-02	1.044330639705085828e-01
1.968972476957700337e+03	1.777594696943314845e-01	1.121664000449270893e-01	2.972733304612661387e-01	1.830870077764879533e-01	8.585328400762835821e-02	3.933765843400577333e-02	1.045228495808981500e-01
1.973810247171355968e+03	1.774880357173742040e-01	1.119875430863520316e-01	2.974502559481836950e-01	1.831908997348219437e-01	8.589949483287984133e-02	3.937170115904102541e-02	1.046120695208922202e-01
1.978648017385010689e+03	1.772181707541953255e-01	1.118097327630192678e-01	2.976261673262616814e-01	1.832942045744392345e-01	8.594544463407771673e-02	3.940555278057739086e-02	1.047007271669743306e-01
1.983485787598666320e+03	1.769498657668959196e-01	1.116329628953831588e-01	2.978010704754560090e-01	1.833969257018089050e-01	8.599113492844397133e-02	3.943921435592468577e-02	1.047888258756322771e-01
1.988323557812321269e+03	1.766831117697149900e-01	1.114572273403870301e-01	2.979749712414787033e-01	1.834990665031766832e-01	8.603656722413559332e-02	3.947268693717563559e-02	1.048763689834762702e-01
1.993161328025976900e+03	1.764178998287269928e-01	1.112825199912479412e-01	2.981478754359975225e-01	1.836006303446942600e-01	8.608174302030364988e-02	3.950597157121802511e-02	1.049633598073564517e-01
1.997999098239632076e+03	1.761542210615416326e-01	1.111088347772426072e-01	2.983197888368346873e-01	1.837016205725473805e-01	8.612666380715182368e-02	3.953906929974702888e-02	1.050498016444796345e-01
2.002836868453287707e+03	1.758920666370051011e-01	1.109361656634946375e-01	2.984907171881641674e-01	1.838020405130830481e-01	8.617133106599453307e-02	3.957198115927788862e-02	1.051356977725254049e-01
2.007674638666942428e+03	1.756314277749031483e-01	1.107645066507630116e-01	2.986606662007080804e-01	1.839018934729356181e-01	8.621574626931453877e-02	3.960470818115891661e-02	1.052210514497615018e-01
2.012512408880597604e+03	1.753722957456660680e-01	1.105938517752318301e-01	2.988296415519315352e-01	1.840011827391520860e-01	8.625991088082007874e-02	3.963725139158466582e-02	1.053058659151585447e-01
2.017350179094252780e+03	1.751146618700751278e-01	1.104241951083012457e-01	2.989976488862370885e-01	1.840999115793161833e-01	8.630382635550160053e-02	3.966961181160946065e-02	1.053901443885040951e-01
2.022187949307908411e+03	1.748585175189708851e-01	1.102555307563796577e-01	2.991646938151572011e-01	1.841980832416718061e-01	8.634749413968802190e-02	3.970179045716113603e-02	1.054738900705160104e-01
2.027025719521564042e+03	1.746038541129632804e-01	1.100878528606772100e-01	2.993307819175463069e-01	1.842957009552452785e-01	8.639091567110250558e-02	3.973378833905505392e-02	1.055571061429551316e-01
2.031863489735218764e+03	1.743506631221433123e-01	1.099211555970003168e-01	2.994959187397710498e-01	1.843927679299667277e-01	8.643409237891777619e-02	3.976560646300832114e-02	1.056397957687373462e-01
2.036701259948874394e+03	1.740989360657963780e-01	1.097554331755476176e-01	2.996601097958999094e-01	1.844892873567906544e-01	8.647702568381106236e-02	3.979724582965427082e-02	1.057219620920449160e-01
2.041539030162529116e+03	1.738486645121174734e-01	1.095906798407069727e-01	2.998233605678918279e-01	1.845852624078154480e-01	8.651971699801860871e-02	3.982870743455716595e-02	1.058036082384372911e-01
2.046376800376184747e+03	1.735998400779279471e-01	1.094268898708537635e-01	2.999856765057832275e-01	1.846806962364020699e-01	8.656216772538963267e-02	3.985999226822709018e-02	1.058847373149610221e-01
2.051214570589840150e+03	1.733524544283938096e-01	1.092640575781502893e-01	3.001470630278742502e-01	1.847755919772918753e-01	8.660437926144007315e-02	3.989110131613510940e-02	1.059653524102593253e-01
2.056052340803495554e+03	1.731064992767459565e-01	1.091021773083464402e-01	3.003075255209139427e-01	1.848699527467234094e-01	8.664635299340572860e-02	3.992203555872854415e-02	1.060454565946807315e-01
2.060890111017150957e+03	1.728619663840017528e-01	1.089412434405814395e-01	3.004670693402841097e-01	1.849637816425485914e-01	8.668809030029503426e-02	3.995279597144652667e-02	1.061250529203873055e-01
2.065727881230805451e+03	1.726188475586885041e-01	1.087812503871868758e-01	3.006256998101824451e-01	1.850570817443477345e-01	8.672959255294146463e-02	3.998338352473569668e-02	1.062041444214620184e-01
2.070565651444461309e+03	1.723771346565683427e-01	1.086221925934907906e-01	3.007834222238043864e-01	1.851498561135438703e-01	8.677086111405554747e-02	4.001379918406605674e-02	1.062827341140157172e-01
2.075403421658116713e+03	1.721368195803648360e-01	1.084640645376229728e-01	3.009402418435238591e-01	1.852421077935162419e-01	8.681189733827637811e-02	4.004404390994708435e-02	1.063608249962932906e-01
2.080241191871772116e+03	1.718978942794910925e-01	1.083068607303214609e-01	3.010961639010730218e-01	1.853338398097129913e-01	8.685270257222285628e-02	4.007411865794392736e-02	1.064384200487792642e-01
2.085078962085427065e+03	1.716603507497797554e-01	1.081505757147400021e-01	3.012511935977210120e-01	1.854250551697628202e-01	8.689327815454446491e-02	4.010402437869379361e-02	1.065155222343027452e-01
2.089916732299082469e+03	1.714241810332140237e-01	1.079952040662568585e-01	3.014053361044515822e-01	1.855157568635860676e-01	8.693362541597161874e-02	4.013376201792251408e-02	1.065921344981418523e-01
2.094754502512737417e+03	1.711893772176609485e-01	1.078407403922845842e-01	3.015585965621399023e-01	1.856059478635047888e-01	8.697374567936574929e-02	4.016333251646122399e-02	1.066682597681273409e-01
2.099592272726392821e+03	1.709559314366055904e-01	1.076871793320810095e-01	3.017109800817278642e-01	1.856956311243521118e-01	8.701364025976889016e-02	4.019273681026317574e-02	1.067439009547458406e-01
2.104430042940048224e+03	1.707238358688873137e-01	1.075345155565613636e-01	3.018624917443988864e-01	1.857848095835809288e-01	8.705331046445298482e-02	4.022197583042076696e-02	1.068190609512422451e-01
2.109267813153704083e+03	1.704930827384371905e-01	1.073827437681113967e-01	3.020131366017512198e-01	1.858734861613715317e-01	8.709275759296877806e-02	4.025105050318260325e-02	1.068937426337217556e-01
2.114105583367359031e+03	1.702636643140172379e-01	1.072318587004016527e-01	3.021629196759708647e-01	1.859616637607386103e-01	8.713198293719427723e-02	4.027996174997074130e-02	1.069679488612510776e-01
2.118943353581013525e+03	1.700355729089611245e-01	1.070818551182029094e-01	3.023118459600026564e-01	1.860493452676375836e-01	8.717098778138297754e-02	4.030871048739804313e-02	1.070416824759591601e-01
2.123781123794669384e+03	1.698088008809161276e-01	1.069327278172025886e-01	3.024599204177211287e-01	1.861365335510699326e-01	8.720977340221164331e-02	4.033729762728565510e-02	1.071149463031373789e-01
2.128618894008324787e+03	1.695833406315869207e-01	1.067844716238223884e-01	3.026071479840998224e-01	1.862232314631879770e-01	8.724834106882775608e-02	4.036572407668056334e-02	1.071877431513389295e-01
2.133456664221980191e+03	1.693591846064808060e-01	1.066370813950368313e-01	3.027535335653800952e-01	1.863094418393987928e-01	8.728669204289657424e-02	4.039399073787331568e-02	1.072600758124778730e-01
2.138294434435635139e+03	1.691363252946543327e-01	1.064905520181929771e-01	3.028990820392383765e-01	1.863951674984674345e-01	8.732482757864794276e-02	4.042209850841575747e-02	1.073319470619274324e-01
2.143132204649290543e+03	1.689147552284613607e-01	1.063448784108312201e-01	3.030437982549529230e-01	1.864804112426194094e-01	8.736274892292263117e-02	4.045004828113896167e-02	1.074033596586177891e-01
2.147969974862945492e+03	1.686944669833026766e-01	1.062000555205070557e-01	3.031876870335692975e-01	1.865651758576424291e-01	8.740045731521842165e-02	4.047784094417117284e-02	1.074743163451332417e-01
2.152807745076601350e+03	1.684754531773771935e-01	1.060560783246139727e-01	3.033307531680651259e-01	1.866494641129873566e-01	8.743795398773585026e-02	4.050547738095587602e-02	1.075448198478088924e-01
2.157645515290255844e+03	1.682577064714343429e-01	1.059129418302073578e-01	3.034730014235138551e-01	1.867332787618686818e-01	8.747524016542351788e-02	4.053295847026993498e-02	1.076148728768265977e-01
2.162483285503912157e+03	1.680412195685281052e-01	1.057706410738294966e-01	3.036144365372471232e-01	1.868166225413639414e-01	8.751231706602323468e-02	4.056028508624180684e-02	1.076844781263105455e-01
2.167321055717567106e+03	1.678259852137723995e-01	1.056291711213354773e-01	3.037550632190170186e-01	1.868994981725128068e-01	8.754918590011466495e-02	4.058745809836984686e-02	1.077536382744220950e-01
2.172158825931222509e+03	1.676119961940979175e-01	1.054885270677202447e-01	3.038948861511563959e-01	1.869819083604150611e-01	8.758584787115981929e-02	4.061447837154066876e-02	1.078223559834541878e-01
2.176996596144877003e+03	1.673992453380103163e-01	1.053487040369466138e-01	3.040339099887391927e-01	1.870638557943284375e-01	8.762230417554703332e-02	4.064134676604756746e-02	1.078906338999251618e-01
2.181834366358532861e+03	1.671877255153500219e-01	1.052096971817743087e-01	3.041721393597390799e-01	1.871453431477651252e-01	8.765855600263483538e-02	4.066806413760902517e-02	1.079584746546719404e-01
2.186672136572187810e+03	1.669774296370530875e-01	1.050715016835900711e-01	3.043095788651877243e-01	1.872263730785881930e-01	8.769460453479530071e-02	4.069463133738722427e-02	1.080258808629427358e-01
2.191509906785843214e+03	1.667683506549137995e-01	1.049341127522386424e-01	3.044462330793316074e-01	1.873069482291070120e-01	8.773045094745726691e-02	4.072104921200669220e-02	1.080928551244892399e-01
2.196347676999498617e+03	1.665604815613485612e-01	1.047975256258548149e-01	3.045821065497886226e-01	1.873870712261720417e-01	8.776609640914910526e-02	4.074731860357293234e-02	1.081594000236582170e-01
2.201185447213154021e+03	1.663538153891609417e-01	1.046617355706965236e-01	3.047172037977028958e-01	1.874667446812690874e-01	8.780154208154128392e-02	4.077344034969111047e-02	1.082255181294825563e-01
2.206023217426809424e+03	1.661483452113083070e-01	1.045267378809788400e-01	3.048515293178993835e-01	1.875459711906127813e-01	8.783678911948852863e-02	4.079941528348484531e-02	1.082912119957717551e-01
2.210860987640464373e+03	1.659440641406698114e-01	1.043925278787089794e-01	3.049850875790373061e-01	1.876247533352394803e-01	8.787183867107183077e-02	4.082524423361492960e-02	1.083564841612020269e-01
2.215698757854119776e+03	1.657409653298157481e-01	1.042591009135222929e-01	3.051178830237628592e-01	1.877030936810995809e-01	8.790669187764001136e-02	4.085092802429819703e-02	1.084213371494056333e-01
2.220536528067775180e+03	1.655390419707780392e-01	1.041264523625191618e-01	3.052499200688606473e-01	1.877809947791491130e-01	8.794134987385103519e-02	4.087646747532636127e-02	1.084857734690599096e-01
2.225374298281430583e+03	1.653382872948223614e-01	1.039945776301029745e-01	3.053812031054046194e-01	1.878584591654406388e-01	8.797581378771311689e-02	4.090186340208490368e-02	1.085497956139755971e-01
2.230212068495085077e+03	1.651386945722213284e-01	1.038634721478189499e-01	3.055117364989079487e-01	1.879354893612137922e-01	8.801008474062538278e-02	4.092711661557198177e-02	1.086134060631847864e-01
2.235049838708740936e+03	1.649402571120291427e-01	1.037331313741939182e-01	3.056415245894720245e-01	1.880120878729849287e-01	8.804416384741844959e-02	4.095222792241734466e-02	1.086766072810282924e-01
2.239887608922396339e+03	1.647429682618575808e-01	1.036035507945771567e-01	3.057705716919347783e-01	1.880882571926363045e-01	8.807805221639448956e-02	4.097719812490134561e-02	1.087394017172424177e-01
2.244725379136052197e+03	1.645468214076532265e-01	1.034747259209820025e-01	3.058988820960177324e-01	1.881639997975046164e-01	8.811175094936719854e-02	4.100202802097386440e-02	1.088017918070454115e-01
2.249563149349706237e+03	1.643518099734759819e-01	1.033466522919285480e-01	3.060264600664726053e-01	1.882393181504689872e-01	8.814526114170137538e-02	4.102671840427332683e-02	1.088637799712231791e-01
2.254400919563362095e+03	1.641579274212788264e-01	1.032193254722871822e-01	3.061533098432270283e-01	1.883142147000382571e-01	8.817858388235234879e-02	4.105127006414570345e-02	1.089253686162146850e-01
2.259238689777017044e+03	1.639651672506890201e-01	1.030927410531230076e-01	3.062794356415289299e-01	1.883886918804378030e-01	8.821172025390495997e-02	4.107568378566352901e-02	1.089865601341967472e-01
2.264076459990672902e+03	1.637735229987904995e-01	1.029668946515413380e-01	3.064048416520907536e-01	1.884627521116956916e-01	8.824467133261246210e-02	4.109996034964493589e-02	1.090473569031683299e-01
