1.301360187473271253e+03	2.352726067897534801e-01	1.503022874788367824e-01	2.598922052573544583e-01	1.609947361453702153e-01	7.602722166457306918e-02	3.241356451339127975e-02	8.509737815026556518e-02
1.306197957686926657e+03	2.346682336680740444e-01	1.498981666227721388e-01	2.602857756718983673e-01	1.612141139569793491e-01	7.612455668834154643e-02	3.249348555824971979e-02	8.531566783322963587e-02
1.311035727900581833e+03	2.340673544460805666e-01	1.494964483957803292e-01	2.606770023346878240e-01	1.614322472234413497e-01	7.622134307112328477e-02	3.257299762875386084e-02	8.553260689967756569e-02
1.315873498114237009e+03	2.334699489070959089e-01	1.490971184215449385e-01	2.610659001020235737e-01	1.616491434696122331e-01	7.631758361120889733e-02	3.265210201830785058e-02	8.574820346975137175e-02
1.320711268327892412e+03	2.328759969519794415e-01	1.487001624102530228e-01	2.614524837199869722e-01	1.618648101162334929e-01	7.641328115187878689e-02	3.273080003427303319e-02	8.596246561494003124e-02
1.325549038541547588e+03	2.322854785985164205e-01	1.483055661580646167e-01	2.618367678255443254e-01	1.620792544908140342e-01	7.650843857077080368e-02	3.280909299746267993e-02	8.617540135837187254e-02
1.330386808755202765e+03	2.316983739807952358e-01	1.479133155465857108e-01	2.622187669476362948e-01	1.622924838367057754e-01	7.660305877106855788e-02	3.288698224164798845e-02	8.638701867510520382e-02
1.335224578968857941e+03	2.311146633485750279e-01	1.475233965423444205e-01	2.625984955082520389e-01	1.625045053206796153e-01	7.669714467420142567e-02	3.296446911307513578e-02	8.659732549241710986e-02
1.340062349182513572e+03	2.305343270666463384e-01	1.471357951962706800e-01	2.629759678234885323e-01	1.627153260392553147e-01	7.679069921380006492e-02	3.304155496999323927e-02	8.680632969009054178e-02
1.344900119396168748e+03	2.299573456141867089e-01	1.467504976431795727e-01	2.633511981045951744e-01	1.629249530239967325e-01	7.688372533069404158e-02	3.311824118219285767e-02	8.701403910069963055e-02
1.349737889609823924e+03	2.293836995841123383e-01	1.463674901012575746e-01	2.637242004590040767e-01	1.631333932459474723e-01	7.697622596877508327e-02	3.319452913055495613e-02	8.722046150989327951e-02
1.354575659823479100e+03	2.288133696824279362e-01	1.459867588715523523e-01	2.640949888913460275e-01	1.633406536193527658e-01	7.706820407157868869e-02	3.327042020661002963e-02	8.742560465667699454e-02
1.359413430037134731e+03	2.282463367275752997e-01	1.456082903374659454e-01	2.644635773044527460e-01	1.635467410047879711e-01	7.715966257946249574e-02	3.334591581210722550e-02	8.762947623369307659e-02
1.364251200250789907e+03	2.276825816497815846e-01	1.452320709642511420e-01	2.648299795003453694e-01	1.637516622117946297e-01	7.725060442727983701e-02	3.342101735859324269e-02	8.783208388749898232e-02
1.369088970464445310e+03	2.271220854904082986e-01	1.448580872985110179e-01	2.651942091812091729e-01	1.639554240011068253e-01	7.734103254246461889e-02	3.349572626700078604e-02	8.803343521884414435e-02
1.373926740678100487e+03	2.265648294013012376e-01	1.444863259677017786e-01	2.655562799503553562e-01	1.641580330865376469e-01	7.743094984345745557e-02	3.357004396724645040e-02	8.823353778294495964e-02
1.378764510891755890e+03	2.260107946441423377e-01	1.441167736796389320e-01	2.659162053131697290e-01	1.643594961365825724e-01	7.752035923841529841e-02	3.364397189783776415e-02	8.843239908975826513e-02
1.383602281105411066e+03	2.254599625898033310e-01	1.437494172220064870e-01	2.662739986780484069e-01	1.645598197757883741e-01	7.760926362415612734e-02	3.371751150548921855e-02	8.863002660425295387e-02
1.388440051319066470e+03	2.249123147177019555e-01	1.433842434618693151e-01	2.666296733573211841e-01	1.647590105859260690e-01	7.769766588529906925e-02	3.379066424474716501e-02	8.882642774668011998e-02
1.393277821532721646e+03	2.243678326151609392e-01	1.430212393451886776e-01	2.669832425681621935e-01	1.649570751070018881e-01	7.778556889356637305e-02	3.386343157762332357e-02	8.902160989284148285e-02
1.398115591746377049e+03	2.238264979767696505e-01	1.426603918963408879e-01	2.673347194334885768e-01	1.651540198381329649e-01	7.787297550721988815e-02	3.393581497323670121e-02	8.921558037435618760e-02
1.402953361960032225e+03	2.232882926037489946e-01	1.423016882176391107e-01	2.676841169828470535e-01	1.653498512383105856e-01	7.795988857060914823e-02	3.400781590746391331e-02	8.940834647892598186e-02
1.407791132173687402e+03	2.227531984033196411e-01	1.419451154888580480e-01	2.680314481532889426e-01	1.655445757270699314e-01	7.804631091381192265e-02	3.407943586259748470e-02	8.959991545059879658e-02
1.412628902387342805e+03	2.222211973880733327e-01	1.415906609667618998e-01	2.683767257902332504e-01	1.657381996850819106e-01	7.813224535235151202e-02	3.415067632701219991e-02	8.979029449003068930e-02
1.417466672600997981e+03	2.216922716753479128e-01	1.412383119846351565e-01	2.687199626483184889e-01	1.659307294546799594e-01	7.821769468697775674e-02	3.422153879483920413e-02	8.997949075474626079e-02
1.422304442814653157e+03	2.211664034866057393e-01	1.408880559518164710e-01	2.690611713922436699e-01	1.661221713403330247e-01	7.830266170350075328e-02	3.429202476564770230e-02	9.016751135939744810e-02
1.427142213028308333e+03	2.206435751468155404e-01	1.405398803532354746e-01	2.694003645975974748e-01	1.663125316090731109e-01	7.838714917266828563e-02	3.436213574413417987e-02	9.035436337602077705e-02
1.431979983241963964e+03	2.201237690838381555e-01	1.401937727489526442e-01	2.697375547516774330e-01	1.665018164908853293e-01	7.847115985007943606e-02	3.443187323981887482e-02	9.054005383429296339e-02
1.436817753455619140e+03	2.196069678278156911e-01	1.398497207737019743e-01	2.700727542542981086e-01	1.666900321790662498e-01	7.855469647612822737e-02	3.450123876674945911e-02	9.072458972178516767e-02
1.441655523669274316e+03	2.190931540105644226e-01	1.395077121364367012e-01	2.704059754185884068e-01	1.668771848305561079e-01	7.863776177597205097e-02	3.457023384321172149e-02	9.090797798421546005e-02
1.446493293882929493e+03	2.185823103649713883e-01	1.391677346198776644e-01	2.707372304717794442e-01	1.670632805662487508e-01	7.872035845952066180e-02	3.463885999144709210e-02	9.109022552569993880e-02
1.451331064096585123e+03	2.180744197243944804e-01	1.388297760800649150e-01	2.710665315559814270e-01	1.672483254712831269e-01	7.880248922144190982e-02	3.470711873737694630e-02	9.127133920900221131e-02
1.456168834310240300e+03	2.175694650220663384e-01	1.384938244459117951e-01	2.713938907289510927e-01	1.674323255953190925e-01	7.888415674118172405e-02	3.477501161033345195e-02	9.145132585578148732e-02
1.461006604523895703e+03	2.170674292905020453e-01	1.381598677187621804e-01	2.717193199648493263e-01	1.676152869528001188e-01	7.896536368299536535e-02	3.484254014279686285e-02	9.163019224683904840e-02
1.465844374737550879e+03	2.165682956609100707e-01	1.378278939719502494e-01	2.720428311549890066e-01	1.677972155232048124e-01	7.904611269598837975e-02	3.490970587013919602e-02	9.180794512236324645e-02
1.470682144951206283e+03	2.160720473626073501e-01	1.374978913503631661e-01	2.723644361085731935e-01	1.679781172512890275e-01	7.912640641416517073e-02	3.497651033037398743e-02	9.198459118217314212e-02
1.475519915164861459e+03	2.155786677224374726e-01	1.371698480700066503e-01	2.726841465534242670e-01	1.681579980473199287e-01	7.920624745648398302e-02	3.504295506391221643e-02	9.216013708596047793e-02
1.480357685378516862e+03	2.150881401641929480e-01	1.368437524175730446e-01	2.730019741367041286e-01	1.683368637873032814e-01	7.928563842691714603e-02	3.510904161332408652e-02	9.233458945353034686e-02
1.485195455592172038e+03	2.146004482080407783e-01	1.365195927500122974e-01	2.733179304256246889e-01	1.685147203132047466e-01	7.936458191451553623e-02	3.517477152310662797e-02	9.250795486504030662e-02
1.490033225805827215e+03	2.141155754699516911e-01	1.361973574941056087e-01	2.736320269081499723e-01	1.686915734331660699e-01	7.944308049347645340e-02	3.524014633945702496e-02	9.268023986123809232e-02
1.494870996019482618e+03	2.136335056611328997e-01	1.358770351460417136e-01	2.739442749936897292e-01	1.688674289217168556e-01	7.952113672321430016e-02	3.530516761005147303e-02	9.285145094369791352e-02
1.499708766233137567e+03	2.131542225874644148e-01	1.355586142709960251e-01	2.742546860137836662e-01	1.690422925199825954e-01	7.959875314843339877e-02	3.536983688382949742e-02	9.302159457505523865e-02
1.504546536446793198e+03	2.126777101489388255e-01	1.352420835027120516e-01	2.745632712227781824e-01	1.692161699358892823e-01	7.967593229920269526e-02	3.543415571078359361e-02	9.319067717924024719e-02
1.509384306660448374e+03	2.122039523391046623e-01	1.349274315430858684e-01	2.748700417984938915e-01	1.693890668443648329e-01	7.975267669103168477e-02	3.549812564175414825e-02	9.335870514170982459e-02
1.514222076874103550e+03	2.117329332445130607e-01	1.346146471617529761e-01	2.751750088428856489e-01	1.695609888875380944e-01	7.982898882494754433e-02	3.556174822822944642e-02	9.352568480967815567e-02
1.519059847087758726e+03	2.112646370441680355e-01	1.343037191956778231e-01	2.754781833826943083e-01	1.697319416749351606e-01	7.990487118757298723e-02	3.562502502215064704e-02	9.369162249234597173e-02
1.523897617301414357e+03	2.107990480089800833e-01	1.339946365487458269e-01	2.757795763700903180e-01	1.699019307836738546e-01	7.998032625120467254e-02	3.568795757572174737e-02	9.385652446112836833e-02
1.528735387515069533e+03	2.103361505012232291e-01	1.336873881913580864e-01	2.760791986833101563e-01	1.700709617586558531e-01	8.005535647389203091e-02	3.575054744122429379e-02	9.402039694988120755e-02
1.533573157728724709e+03	2.098759289739952905e-01	1.333819631600285105e-01	2.763770611272843847e-01	1.702390401127570896e-01	8.012996429951646515e-02	3.581279617083681088e-02	9.418324615512628506e-02
1.538410927942380113e+03	2.094183679706817514e-01	1.330783505569835545e-01	2.766731744342586508e-01	1.704061713270166589e-01	8.020415215787049523e-02	3.587470531645880339e-02	9.434507823627497070e-02
1.543248698156035516e+03	2.089634521244227439e-01	1.327765395497645384e-01	2.769675492644069759e-01	1.705723608508236677e-01	8.027792246473698656e-02	3.593627642953935164e-02	9.450589931585065551e-02
1.548086468369690692e+03	2.085111661575834163e-01	1.324765193708321021e-01	2.772601962064381032e-01	1.707376141021031690e-01	8.035127762196844770e-02	3.599751106091000907e-02	9.466571547970972778e-02
1.552924238583346096e+03	2.080614948812276044e-01	1.321782793171736858e-01	2.775511257781942409e-01	1.709019364675000707e-01	8.042422001756605043e-02	3.605841076062209216e-02	9.482453277726128615e-02
1.557762008797001272e+03	2.076144231945946661e-01	1.318818087499130376e-01	2.778403484272429225e-01	1.710653333025621281e-01	8.049675202575851118e-02	3.611897707778818911e-02	9.498235722168557604e-02
1.562599779010656675e+03	2.071699360845797311e-01	1.315870970939222173e-01	2.781278745314622602e-01	1.712278099319213542e-01	8.056887600708081965e-02	3.617921156042776948e-02	9.513919479015094105e-02
1.567437549224311852e+03	2.067280186252169194e-01	1.312941338374362388e-01	2.784137143996185393e-01	1.713893716494742925e-01	8.064059430845259280e-02	3.623911575531688078e-02	9.529505142402963647e-02
1.572275319437967255e+03	2.062886559771659745e-01	1.310029085316699593e-01	2.786978782719377601e-01	1.715500237185610677e-01	8.071190926325617909e-02	3.629869120784180725e-02	9.544993302911225497e-02
1.577113089651622431e+03	2.058518333872018380e-01	1.307134107904372733e-01	2.789803763206706311e-01	1.717097713721432717e-01	8.078282319141447121e-02	3.635793946185658654e-02	9.560384547582088943e-02
1.581950859865277607e+03	2.054175361877076667e-01	1.304256302897729702e-01	2.792612186506501781e-01	1.718686198129805165e-01	8.085333839946831636e-02	3.641686205954435679e-02	9.575679459942100513e-02
1.586788630078933011e+03	2.049857497961706798e-01	1.301395567675565079e-01	2.795404152998437475e-01	1.720265742138061271e-01	8.092345718065356575e-02	3.647546054128239512e-02	9.590878620023197965e-02
1.591626400292587959e+03	2.045564597146812269e-01	1.298551800231386166e-01	2.798179762398984582e-01	1.721836397175015299e-01	8.099318181497786040e-02	3.653373644551080601e-02	9.605982604383649093e-02
1.596464170506243590e+03	2.041296515294350189e-01	1.295724899169699573e-01	2.800939113766802158e-01	1.723398214372696136e-01	8.106251456929684795e-02	3.659169130860479013e-02	9.620991986128854534e-02
1.601301940719898766e+03	2.037053109102382742e-01	1.292914763702320280e-01	2.803682305508068962e-01	1.724951244568070086e-01	8.113145769739019131e-02	3.664932666475036876e-02	9.635907334932029833e-02
1.606139710933553943e+03	2.032834236100159730e-01	1.290121293644704570e-01	2.806409435381751472e-01	1.726495538304753941e-01	8.120001344003700827e-02	3.670664404582352214e-02	9.650729217054757059e-02
1.610977481147209119e+03	2.028639754643231929e-01	1.287344389412307388e-01	2.809120600504815823e-01	1.728031145834715843e-01	8.126818402509103367e-02	3.676364498127268621e-02	9.665458195367422622e-02
1.615815251360864750e+03	2.024469523908592750e-01	1.284583952016959685e-01	2.811815897357380356e-01	1.729558117119967542e-01	8.133597166755532348e-02	3.682033099800453152e-02	9.680094829369523257e-02
1.620653021574519926e+03	2.020323403889850433e-01	1.281839883063268792e-01	2.814495421787805984e-01	1.731076501834246106e-01	8.140337856965652874e-02	3.687670362027290621e-02	9.694639675209854035e-02
1.625490791788175102e+03	2.016201255392431058e-01	1.279112084745042122e-01	2.817159269017738277e-01	1.732586349364685363e-01	8.147040692091882252e-02	3.693276436957087377e-02	9.709093285706571486e-02
1.630328562001830505e+03	2.012102940028809017e-01	1.276400459841733614e-01	2.819807533647085696e-01	1.734087708813476236e-01	8.153705889823728570e-02	3.698851476452592879e-02	9.723456210367142916e-02
1.635166332215485909e+03	2.008028320213768037e-01	1.273704911714909349e-01	2.822440309658947322e-01	1.735580628999519592e-01	8.160333666595100122e-02	3.704395632079807849e-02	9.737728995408166666e-02
1.640004102429141085e+03	2.003977259159688828e-01	1.271025344304737015e-01	2.825057690424483958e-01	1.737065158460067704e-01	8.166924237591571822e-02	3.709909055098095654e-02	9.751912183775073018e-02
1.644841872642796488e+03	1.999949620871869227e-01	1.268361662126498146e-01	2.827659768707737609e-01	1.738541345452355724e-01	8.173477816757601655e-02	3.715391896450574022e-02	9.766006315161723794e-02
1.649679642856451665e+03	1.995945270143870409e-01	1.265713770267120342e-01	2.830246636670398219e-01	1.740009237955224830e-01	8.179994616803715202e-02	3.720844306754791248e-02	9.780011926029867630e-02
1.654517413070107068e+03	1.991964072552890597e-01	1.263081574381730299e-01	2.832818385876515466e-01	1.741468883670733991e-01	8.186474849213642990e-02	3.726266436293675099e-02	9.793929549628496711e-02
1.659355183283762244e+03	1.988005894455169287e-01	1.260464980690229053e-01	2.835375107297163910e-01	1.742920330025764797e-01	8.192918724251416207e-02	3.731658435006750263e-02	9.807759716013085549e-02
1.664192953497417420e+03	1.984070602981417852e-01	1.257863895973890811e-01	2.837916891315053758e-01	1.744363624173614347e-01	8.199326450968430491e-02	3.737020452481619459e-02	9.821502952064703473e-02
1.669030723711072824e+03	1.980158066032279007e-01	1.255278227571976768e-01	2.840443827729098869e-01	1.745798812995579263e-01	8.205698237210455603e-02	3.742352637945703386e-02	9.835159781509021648e-02
1.673868493924728000e+03	1.976268152273812917e-01	1.252707883378376685e-01	2.842956005758925930e-01	1.747225943102532486e-01	8.212034289624613181e-02	3.747655140258226991e-02	9.848730724935204905e-02
1.678706264138383403e+03	1.972400731133010787e-01	1.250152771838265453e-01	2.845453514049342547e-01	1.748645060836487852e-01	8.218334813666314242e-02	3.752928107902457622e-02	9.862216299814688392e-02
1.683544034352038352e+03	1.968555672793336764e-01	1.247612801944784910e-01	2.847936440674756486e-01	1.750056212272157186e-01	8.224600013606150894e-02	3.758171688978181879e-02	9.875617020519837641e-02
1.688381804565693983e+03	1.964732848190295644e-01	1.245087883235742182e-01	2.850404873143548845e-01	1.751459443218498502e-01	8.230830092536751963e-02	3.763386031194415615e-02	9.888933398342503178e-02
1.693219574779349159e+03	1.960932129007027791e-01	1.242577925790331050e-01	2.852858898402398924e-01	1.752854799220254223e-01	8.237025252379596985e-02	3.768571281862345690e-02	9.902165941512455771e-02
1.698057344993004335e+03	1.957153387669931244e-01	1.240082840225872479e-01	2.855298602840565803e-01	1.754242325559480786e-01	8.243185693891796895e-02	3.773727587888500018e-02	9.915315155215723153e-02
1.702895115206659511e+03	1.953396497344309368e-01	1.237602537694574706e-01	2.857724072294123840e-01	1.755622067257068819e-01	8.249311616672820591e-02	3.778855095768134803e-02	9.928381541612801842e-02
1.707732885420315142e+03	1.949661331930045982e-01	1.235136929880314705e-01	2.860135392050155989e-01	1.756994069074255538e-01	8.255403219171200679e-02	3.783953951578836183e-02	9.941365599856767654e-02
1.712570655633970318e+03	1.945947766057305461e-01	1.232685928995437968e-01	2.862532646850901585e-01	1.758358375514127436e-01	8.261460698691182325e-02	3.789024300974334902e-02	9.954267826111282136e-02
1.717408425847625494e+03	1.942255675082259769e-01	1.230249447777578831e-01	2.864915920897864177e-01	1.759715030823114923e-01	8.267484251399351280e-02	3.794066289178526369e-02	9.967088713568475478e-02
1.722246196061280898e+03	1.938584935082841021e-01	1.227827399486499799e-01	2.867285297855872161e-01	1.761064078992475856e-01	8.273474072331207796e-02	3.799080060979694029e-02	9.979828752466742003e-02
1.727083966274936301e+03	1.934935422854519305e-01	1.225419697900950872e-01	2.869640860857103903e-01	1.762405563759774640e-01	8.279430355397709995e-02	3.804065760724926332e-02	9.992488430108406594e-02
1.731921736488591478e+03	1.931307015906106594e-01	1.223026257315547594e-01	2.871982692505069545e-01	1.763739528610348550e-01	8.285353293391777008e-02	3.809023532314727289e-02	1.000506823087730507e-01
1.736759506702246881e+03	1.927699592455585087e-01	1.220646992537668396e-01	2.874310874878549527e-01	1.765066016778767954e-01	8.291243077994757404e-02	3.813953519197817860e-02	1.001756863625624799e-01
1.741597276915902057e+03	1.924113031425961629e-01	1.218281818884371231e-01	2.876625489535497016e-01	1.766385071250287098e-01	8.297099899782856003e-02	3.818855864366121899e-02	1.002999012484438318e-01
1.746435047129557461e+03	1.920547212441146567e-01	1.215930652179328664e-01	2.878926617516901487e-01	1.767696734762286559e-01	8.302923948233525975e-02	3.823730710349927675e-02	1.004233317237444578e-01
1.751272817343212637e+03	1.917002015821857586e-01	1.213593408749782249e-01	2.881214339350608444e-01	1.769001049805707659e-01	8.308715411731817935e-02	3.828578199213227701e-02	1.005459825172992511e-01
1.756110587556867813e+03	1.913477322581547679e-01	1.211270005423515511e-01	2.883488735055108054e-01	1.770298058626477156e-01	8.314474477576702660e-02	3.833398472549234132e-02	1.006678583296210377e-01
1.760948357770523216e+03	1.909973014422358673e-01	1.208960359525844547e-01	2.885749884143281596e-01	1.771587803226926106e-01	8.320201331987348015e-02	3.838191671476058608e-02	1.007889638330700943e-01
1.765786127984178393e+03	1.906488973731097214e-01	1.206664388876628607e-01	2.887997865626110716e-01	1.772870325367197908e-01	8.325896160109359789e-02	3.842957936632556554e-02	1.009093036720226239e-01
1.770623898197833569e+03	1.903025083575237975e-01	1.204382011787297202e-01	2.890232758016353376e-01	1.774145666566649127e-01	8.331559146020994788e-02	3.847697408174333839e-02	1.010288824630382193e-01
1.775461668411488745e+03	1.899581227698947661e-01	1.202113147057897041e-01	2.892454639332178723e-01	1.775413868105243376e-01	8.337190472739323954e-02	3.852410225769910962e-02	1.011477047950262720e-01
1.780299438625144376e+03	1.896157290519134564e-01	1.199857713974156054e-01	2.894663587100772539e-01	1.776674971024934380e-01	8.342790322226373290e-02	3.857096528597040580e-02	1.012657752294114366e-01
1.785137208838799552e+03	1.892753157121520868e-01	1.197615632304565858e-01	2.896859678361902724e-01	1.777929016131043760e-01	8.348358875395220369e-02	3.861756455339173527e-02	1.013830983002981106e-01
1.789974979052454728e+03	1.889368713256739662e-01	1.195386822297480889e-01	2.899042989671453130e-01	1.779176043993628553e-01	8.353896312116058931e-02	3.866390144182071942e-02	1.014996785146338731e-01
1.794812749266109904e+03	1.886003845336454987e-01	1.193171204678237507e-01	2.901213597104920217e-01	1.780416094948842343e-01	8.359402811222224616e-02	3.870997732810569497e-02	1.016155203523720074e-01
1.799650519479765535e+03	1.882658440429504088e-01	1.190968700646288375e-01	2.903371576260879161e-01	1.781649209100287790e-01	8.364878550516191558e-02	3.875579358405464858e-02	1.017306282666329414e-01
1.804488289693420711e+03	1.879332386258064647e-01	1.188779231872355152e-01	2.905517002264416115e-01	1.782875426320361112e-01	8.370323706775527339e-02	3.880135157640560856e-02	1.018450066838649110e-01
1.809326059907075887e+03	1.876025571193842001e-01	1.186602720495599506e-01	2.907649949770524933e-01	1.784094786251589349e-01	8.375738455758824363e-02	3.884665266679829948e-02	1.019586600040034569e-01
1.814163830120731291e+03	1.872737884254282170e-01	1.184439089120810085e-01	2.909770492967475586e-01	1.785307328307959018e-01	8.381122972211577093e-02	3.889169821174712910e-02	1.020715926006300206e-01
1.819001600334386467e+03	1.869469215098807091e-01	1.182288260815607256e-01	2.911878705580148718e-01	1.786513091676237286e-01	8.386477429872042644e-02	3.893648956261545890e-02	1.021838088211297346e-01
1.823839370548041643e+03	1.866219454025069002e-01	1.180150159107664076e-01	2.913974660873338562e-01	1.787712115317286465e-01	8.391802001477068063e-02	3.898102806559111677e-02	1.022953129868480332e-01
1.828677140761696819e+03	1.862988491965232862e-01	1.178024707981946417e-01	2.916058431655024763e-01	1.788904437967369365e-01	8.397096858767867655e-02	3.902531506166313779e-02	1.024061093932465139e-01
1.833514910975352450e+03	1.859776220482275422e-01	1.175911831877966690e-01	2.918130090279614230e-01	1.790090098139447972e-01	8.402362172495782267e-02	3.906935188659968472e-02	1.025162023100577441e-01
1.838352681189008081e+03	1.856582531766309829e-01	1.173811455687056998e-01	2.920189708651153015e-01	1.791269134124474083e-01	8.407598112427996928e-02	3.911313987092710637e-02	1.026255959814392216e-01
1.843190451402663257e+03	1.853407318630931055e-01	1.171723504749657696e-01	2.922237358226508208e-01	1.792441583992672172e-01	8.412804847353225202e-02	3.915668033991020341e-02	1.027342946261263490e-01
1.848028221616318433e+03	1.850250474509582965e-01	1.169647904852622045e-01	2.924273110018518196e-01	1.793607485594816420e-01	8.417982545087367152e-02	3.919997461353350032e-02	1.028423024375845485e-01
1.852865991829973609e+03	1.847111893451946762e-01	1.167584582226538770e-01	2.926297034599118496e-01	1.794766876563498315e-01	8.423131372479129853e-02	3.924302400648372463e-02	1.029496235841604046e-01
1.857703762043628785e+03	1.843991470120352472e-01	1.165533463543069054e-01	2.928309202102434838e-01	1.795919794314387863e-01	8.428251495415611805e-02	3.928582982813322300e-02	1.030562622092319469e-01
1.862541532257283961e+03	1.840889099786210126e-01	1.163494475912301568e-01	2.930309682227847934e-01	1.797066276047487032e-01	8.433343078827863770e-02	3.932839338252446665e-02	1.031622224313579889e-01
1.867379302470939592e+03	1.837804678326462049e-01	1.161467546880121382e-01	2.932298544243033267e-01	1.798206358748377087e-01	8.438406286696405190e-02	3.937071596835559073e-02	1.032675083444266756e-01
1.872217072684594768e+03	1.834738102220057898e-01	1.159452604425597472e-01	2.934275856986973685e-01	1.799340079189456765e-01	8.443441282056723951e-02	3.941279887896685652e-02	1.033721240178029632e-01
1.877054842898249490e+03	1.831689268544450244e-01	1.157449576958384102e-01	2.936241688872939237e-01	1.800467473931174345e-01	8.448448227004728972e-02	3.945464340232811978e-02	1.034760734964754042e-01
1.881892613111905121e+03	1.828658074972108749e-01	1.155458393316138727e-01	2.938196107891447029e-01	1.801588579323252781e-01	8.453427282702177803e-02	3.949625082102722201e-02	1.035793608012018779e-01
1.886730383325560297e+03	1.825644419767057380e-01	1.153478982761955568e-01	2.940139181613188879e-01	1.802703431505907894e-01	8.458378609382077862e-02	3.953762241225927676e-02	1.036819899286546276e-01
1.891568153539215928e+03	1.822648201781432720e-01	1.151511274981814326e-01	2.942070977191936221e-01	1.803812066411057402e-01	8.463302366354044648e-02	3.957875944781689276e-02	1.037839648515642560e-01
1.896405923752871104e+03	1.819669320452060035e-01	1.149555200082045675e-01	2.943991561367418908e-01	1.804914519763526071e-01	8.468198712009643303e-02	3.961966319408122272e-02	1.038852895188629860e-01
1.901243693966526507e+03	1.816707675797051835e-01	1.147610688586810090e-01	2.945901000468176267e-01	1.806010827082241421e-01	8.473067803827684374e-02	3.966033491201388650e-02	1.039859678558269773e-01
1.906081464180181683e+03	1.813763168412425852e-01	1.145677671435594291e-01	2.947799360414386505e-01	1.807101023681423890e-01	8.477909798379498763e-02	3.970077585714972684e-02	1.040860037642178798e-01
1.910919234393836859e+03	1.810835699468743565e-01	1.143756079980720597e-01	2.949686706720667795e-01	1.808185144671768385e-01	8.482724851334180749e-02	3.974098727959037014e-02	1.041854011224234294e-01
1.915757004607492036e+03	1.807925170707767870e-01	1.141845845984872654e-01	2.951563104498856616e-01	1.809263224961621674e-01	8.487513117463789392e-02	3.978097042399855732e-02	1.042841637855972947e-01
1.920594774821147894e+03	1.805031484439140188e-01	1.139946901618636987e-01	2.953428618460761101e-01	1.810335299258150066e-01	8.492274750648541592e-02	3.982072652959327969e-02	1.043822955857980350e-01
1.925432545034802843e+03	1.802154543537079212e-01	1.138059179458057180e-01	2.955283312920892747e-01	1.811401402068502364e-01	8.497009903881955206e-02	3.986025683014563642e-02	1.044798003321272678e-01
1.930270315248458019e+03	1.799294251437098258e-01	1.136182612482204840e-01	2.957127251799167578e-01	1.812461567700965059e-01	8.501718729275971331e-02	3.989956255397541368e-02	1.045766818108669199e-01
1.935108085462113195e+03	1.796450512132740096e-01	1.134317134070764177e-01	2.958960498623595115e-01	1.813515830266110573e-01	8.506401378066047458e-02	3.993864492394844784e-02	1.046729437856157852e-01
1.939945855675768371e+03	1.793623230172333993e-01	1.132462678001631973e-01	2.960783116532932358e-01	1.814564223677940513e-01	8.511058000616210373e-02	3.997750515747459932e-02	1.047685899974251517e-01
1.944783625889424002e+03	1.790812310655771344e-01	1.130619178448531575e-01	2.962595168279323898e-01	1.815606781655019764e-01	8.515688746424099342e-02	4.001614446650644114e-02	1.048636241649337220e-01
1.949621396103079178e+03	1.788017659231297407e-01	1.128786569978641185e-01	2.964396716230914830e-01	1.816643537721606416e-01	8.520293764125963509e-02	4.005456405753863441e-02	1.049580499845015752e-01
1.954459166316734354e+03	1.785239182092326904e-01	1.126964787550237546e-01	2.966187822374443117e-01	1.817674525208773373e-01	8.524873201501634301e-02	4.009276513160790062e-02	1.050518711303434910e-01
1.959296936530389530e+03	1.782476785974274891e-01	1.125153766510352121e-01	2.967968548317809763e-01	1.818699777255523842e-01	8.529427205479471474e-02	4.013074888429365994e-02	1.051450912546613853e-01
1.964134706744044706e+03	1.779730378151407333e-01	1.123353442592443102e-01	2.969738955292625104e-01	1.819719326809901561e-01	8.533955922141281403e-02	4.016851650571925947e-02	1.052377139877759826e-01
1.968972476957700337e+03	1.776999866433709441e-01	1.121563751914081003e-01	2.971499104156739568e-01	1.820733206630093248e-01	8.538459496727199283e-02	4.020606918055379814e-02	1.053297429382576145e-01
1.973810247171355968e+03	1.774285159163775938e-01	1.119784630974647727e-01	2.973249055396743890e-01	1.821741449285524395e-01	8.542938073640556074e-02	4.024340808801457614e-02	1.054211816930564205e-01
1.978648017385010689e+03	1.771586165213714092e-01	1.118016016653049644e-01	2.974988869130457680e-01	1.822744087157950610e-01	8.547391796452702417e-02	4.028053440187002315e-02	1.055120338176315509e-01
1.983485787598666320e+03	1.768902793982070065e-01	1.116257846205445659e-01	2.976718605109390237e-01	1.823741152442539537e-01	8.551820807907818678e-02	4.031744929044327186e-02	1.056023028560797855e-01
1.988323557812321269e+03	1.766234955390770245e-01	1.114510057262987353e-01	2.978438322721186915e-01	1.824732677148950266e-01	8.556225249927681964e-02	4.035415391661622414e-02	1.056919923312632514e-01
1.993161328025976900e+03	1.763582559882082290e-01	1.112772587829574111e-01	2.980148080992050530e-01	1.825718693102403034e-01	8.560605263616422045e-02	4.039064943783411687e-02	1.057811057449364461e-01
1.997999098239632076e+03	1.760945518415593658e-01	1.111045376279620467e-01	2.981847938589143876e-01	1.826699231944745594e-01	8.564960989265235636e-02	4.042693700611064977e-02	1.058696465778724422e-01
2.002836868453287707e+03	1.758323742465207340e-01	1.109328361355838843e-01	2.983537953822972821e-01	1.827674325135510702e-01	8.569292566357081253e-02	4.046301776803356426e-02	1.059576182899884256e-01
2.007674638666942428e+03	1.755717144016156195e-01	1.107621482167033544e-01	2.985218184649752748e-01	1.828644003952969721e-01	8.573600133571342152e-02	4.049889286477074274e-02	1.060450243204703741e-01
2.012512408880597604e+03	1.753125635562034490e-01	1.105924678185909449e-01	2.986888688673749459e-01	1.829608299495178447e-01	8.577883828788471221e-02	4.053456343207673812e-02	1.061318680878971105e-01
2.017350179094252780e+03	1.750549130101846929e-01	1.104237889246893756e-01	2.988549523149606757e-01	1.830567242681018225e-01	8.582143789094597019e-02	4.057003060029979596e-02	1.062181529903634680e-01
2.022187949307908411e+03	1.747987541137074052e-01	1.102561055543970214e-01	2.990200744984651826e-01	1.831520864251229841e-01	8.586380150786107612e-02	4.060529549438927216e-02	1.063038824056028592e-01
2.027025719521564042e+03	1.745440782668757351e-01	1.100894117628527513e-01	2.991842410741183955e-01	1.832469194769442700e-01	8.590593049374213586e-02	4.064035923390356408e-02	1.063890596911090253e-01
2.031863489735218764e+03	1.742908769194598806e-01	1.099237016407219603e-01	2.993474576638742168e-01	1.833412264623196508e-01	8.594782619589476369e-02	4.067522293301837483e-02	1.064736881842571065e-01
2.036701259948874394e+03	1.740391415706079858e-01	1.097589693139839478e-01	2.995097298556356757e-01	1.834350104024958794e-01	8.598948995386312966e-02	4.070988770053543537e-02	1.065577712024239065e-01
2.041539030162529116e+03	1.737888637685595095e-01	1.095952089437205318e-01	2.996710632034785271e-01	1.835282743013134099e-01	8.603092309947482641e-02	4.074435463989160844e-02	1.066413120431075751e-01
2.046376800376184747e+03	1.735400351103605632e-01	1.094324147259060354e-01	2.998314632278722969e-01	1.836210211453070951e-01	8.607212695688527815e-02	4.077862484916839475e-02	1.067243139840464150e-01
2.051214570589840150e+03	1.732926472415805275e-01	1.092705808911984405e-01	2.999909354159002173e-01	1.837132539038058288e-01	8.611310284262216341e-02	4.081269942110179322e-02	1.068067802833371077e-01
2.056052340803495554e+03	1.730466918560306933e-01	1.091097017047318180e-01	3.001494852214774967e-01	1.838049755290320497e-01	8.615385206562931053e-02	4.084657944309252886e-02	1.068887141795521606e-01
2.060890111017150957e+03	1.728021606954844580e-01	1.089497714659100891e-01	3.003071180655672023e-01	1.838961889562004126e-01	8.619437592731052367e-02	4.088026599721663462e-02	1.069701188918566609e-01
2.065727881230805451e+03	1.725590455493989650e-01	1.087907845082018987e-01	3.004638393363951443e-01	1.839868971036160705e-01	8.623467572157311745e-02	4.091376016023641482e-02	1.070509976201244051e-01
2.070565651444461309e+03	1.723173382546387411e-01	1.086327351989368195e-01	3.006196543896624274e-01	1.840771028727720693e-01	8.627475273487109075e-02	4.094706300361168616e-02	1.071313535450531818e-01
2.075403421658116713e+03	1.720770306952005835e-01	1.084756179391027503e-01	3.007745685487570597e-01	1.841668091484465475e-01	8.631460824624821726e-02	4.098017559351135874e-02	1.072111898282794989e-01
2.080241191871772116e+03	1.718381148019403615e-01	1.083194271631445771e-01	3.009285871049632854e-01	1.842560187987991316e-01	8.635424352738080289e-02	4.101309899082535015e-02	1.072905096124925628e-01
2.085078962085427065e+03	1.716005825523012340e-01	1.081641573387639998e-01	3.010817153176694183e-01	1.843447346754668870e-01	8.639365984262013798e-02	4.104583425117679790e-02	1.073693160215476172e-01
2.089916732299082469e+03	1.713644259700435046e-01	1.080098029667205251e-01	3.012339584145744542e-01	1.844329596136596860e-01	8.643285844903482451e-02	4.107838242493456332e-02	1.074476121605785761e-01
2.094754502512737417e+03	1.711296371249761417e-01	1.078563585806337488e-01	3.013853215918925188e-01	1.845206964322550214e-01	8.647184059645275644e-02	4.111074455722601301e-02	1.075254011161099477e-01
2.099592272726392821e+03	1.708962081326897420e-01	1.077038187467868058e-01	3.015358100145562048e-01	1.846079479338921803e-01	8.651060752750293348e-02	4.114292168795009169e-02	1.076026859561681898e-01
2.104430042940048224e+03	1.706641311542912431e-01	1.075521780639309699e-01	3.016854288164180775e-01	1.846947169050660309e-01	8.654916047765695564e-02	4.117491485179067962e-02	1.076794697303922466e-01
2.109267813153704083e+03	1.704333983961399124e-01	1.074014311630914487e-01	3.018341831004504594e-01	1.847810061162202255e-01	8.658750067527037908e-02	4.120672507823015113e-02	1.077557554701435993e-01
2.114105583367359031e+03	1.702040021095852229e-01	1.072515727073743291e-01	3.019820779389444376e-01	1.848668183218396821e-01	8.662562934162371109e-02	4.123835339156327329e-02	1.078315461886155402e-01
2.118943353581013525e+03	1.699759345907059516e-01	1.071025973917747315e-01	3.021291183737063180e-01	1.849521562605428715e-01	8.666354769096322463e-02	4.126980081091126407e-02	1.079068448809418074e-01
2.123781123794669384e+03	1.697491881800509972e-01	1.069544999429860310e-01	3.022753094162534682e-01	1.850370226551732444e-01	8.670125693054164806e-02	4.130106835023616974e-02	1.079816545243046239e-01
2.128618894008324787e+03	1.695237552623817257e-01	1.068072751192103292e-01	3.024206560480081074e-01	1.851214202128902697e-01	8.673875826065835515e-02	4.133215701835540185e-02	1.080559780780420281e-01
2.133456664221980191e+03	1.692996282664156749e-01	1.066609177099700212e-01	3.025651632204897634e-01	1.852053516252600285e-01	8.677605287469963846e-02	4.136306781895651014e-02	1.081298184837545945e-01
2.138294434435635139e+03	1.690767996645719251e-01	1.065154225359204732e-01	3.027088358555066194e-01	1.852888195683450034e-01	8.681314195917844145e-02	4.139380175061221911e-02	1.082031786654115424e-01
2.143132204649290543e+03	1.688552619727178294e-01	1.063707844486638243e-01	3.028516788453449737e-01	1.853718267027937294e-01	8.685002669377414608e-02	4.142435980679561036e-02	1.082760615294561246e-01
2.147969974862945492e+03	1.686350077499172428e-01	1.062269983305639820e-01	3.029936970529574780e-01	1.854543756739296390e-01	8.688670825137187470e-02	4.145474297589554769e-02	1.083484699649104599e-01
2.152807745076601350e+03	1.684160295981804445e-01	1.060840590945626299e-01	3.031348953121498768e-01	1.855364691118394915e-01	8.692318779810179197e-02	4.148495224123226882e-02	1.084204068434797413e-01
2.157645515290255844e+03	1.681983201622151147e-01	1.059419616839964440e-01	3.032752784277663594e-01	1.856181096314613033e-01	8.695946649337800427e-02	4.151498858107317835e-02	1.084918750196557785e-01
2.162483285503912157e+03	1.679818721291791994e-01	1.058007010724152652e-01	3.034148511758738564e-01	1.856992998326717770e-01	8.699554548993729264e-02	4.154485296864880717e-02	1.085628773308199430e-01
2.167321055717567106e+03	1.677666782284348568e-01	1.056602722634015501e-01	3.035536183039444502e-01	1.857800423003731494e-01	8.703142593387767911e-02	4.157454637216897314e-02	1.086334165973455029e-01
2.172158825931222509e+03	1.675527312313041250e-01	1.055206702903907501e-01	3.036915845310366735e-01	1.858603396045795109e-01	8.706710896469670169e-02	4.160406975483907366e-02	1.087034956226993337e-01
2.176996596144877003e+03	1.673400239508258114e-01	1.053818902164928295e-01	3.038287545479755880e-01	1.859401943005029034e-01	8.710259571532945333e-02	4.163342407487657937e-02	1.087731171935430452e-01
2.181834366358532861e+03	1.671285492415139629e-01	1.052439271343148658e-01	3.039651330175313637e-01	1.860196089286385024e-01	8.713788731218649608e-02	4.166261028552762508e-02	1.088422840798334151e-01
2.186672136572187810e+03	1.669182999991176419e-01	1.051067761657847183e-01	3.041007245745965260e-01	1.860985860148496873e-01	8.717298487519145600e-02	4.169162933508383656e-02	1.089109990349223789e-01
2.191509906785843214e+03	1.667092691603820898e-01	1.049704324619756962e-01	3.042355338263622033e-01	1.861771280704523357e-01	8.720788951781842380e-02	4.172048216689919209e-02	1.089792647956562971e-01
2.196347676999498617e+03	1.665014497028114715e-01	1.048348912029323787e-01	3.043695653524926548e-01	1.862552375922987835e-01	8.724260234712920281e-02	4.174916971940713373e-02	1.090470840824746546e-01
2.201185447213154021e+03	1.662948346444327041e-01	1.047001475974973783e-01	3.045028237052986864e-01	1.863329170628612586e-01	8.727712446381025169e-02	4.177769292613774110e-02	1.091144595995082039e-01
2.206023217426809424e+03	1.660894170435610051e-01	1.045661968831392424e-01	3.046353134099101245e-01	1.864101689503148973e-01	8.731145696220948826e-02	4.180605271573503701e-02	1.091813940346764988e-01
2.210860987640464373e+03	1.658851899985664402e-01	1.044330343257812987e-01	3.047670389644464017e-01	1.864869957086200958e-01	8.734560093037282980e-02	4.183425001197442483e-02	1.092478900597848024e-01
2.215698757854119776e+03	1.656821466476422200e-01	1.043006552196315828e-01	3.048980048401865317e-01	1.865633997776046105e-01	8.737955745008049724e-02	4.186228573378026480e-02	1.093139503306205518e-01
2.220536528067775180e+03	1.654802801685740787e-01	1.041690548870137650e-01	3.050282154817375857e-01	1.866393835830450210e-01	8.741332759688325016e-02	4.189016079524354730e-02	1.093795774870490456e-01
2.225374298281430583e+03	1.652795837785110133e-01	1.040382286781990906e-01	3.051576753072017811e-01	1.867149495367477763e-01	8.744691244013821918e-02	4.191787610563964955e-02	1.094447741531087148e-01
2.230212068495085077e+03	1.650800507337375767e-01	1.039081719712394020e-01	3.052863887083427374e-01	1.867901000366298248e-01	8.748031304304465516e-02	4.194543256944622406e-02	1.095095429371058110e-01
2.235049838708740936e+03	1.648816743294472531e-01	1.037788801718010218e-01	3.054143600507502332e-01	1.868648374667987166e-01	8.751353046267947022e-02	4.197283108636117033e-02	1.095738864317084144e-01
2.239887608922396339e+03	1.646844478995172778e-01	1.036503487129996626e-01	3.055415936740037974e-01	1.869391641976322627e-01	8.754656575003251506e-02	4.200007255132071765e-02	1.096378072140400534e-01
2.244725379136052197e+03	1.644883648162847323e-01	1.035225730552365303e-01	3.056680938918354684e-01	1.870130825858576096e-01	8.757941995004173141e-02	4.202715785451756336e-02	1.097013078457726026e-01
2.249563149349706237e+03	1.642934184903240280e-01	1.033955486860351491e-01	3.057938649922911645e-01	1.870865949746301493e-01	8.761209410162794364e-02	4.205408788141914295e-02	1.097643908732187229e-01
2.254400919563362095e+03	1.640996023702254725e-01	1.032692711198792274e-01	3.059189112378906672e-01	1.871597036936116509e-01	8.764458923772967813e-02	4.208086351278592097e-02	1.098270588274236903e-01
2.259238689777017044e+03	1.639069099423754727e-01	1.031437358980516611e-01	3.060432368657868274e-01	1.872324110590481705e-01	8.767690638533759406e-02	4.210748562468982076e-02	1.098893142242567539e-01
2.264076459990672902e+03	1.637153347307377105e-01	1.030189385884742875e-01	3.061668460879236053e-01	1.873047193738474614e-01	8.770904656552878931e-02	4.213395508853265414e-02	1.099511595645018547e-01
