1.301360187473271253e+03	2.352643552487653500e-01	1.502412133074265965e-01	2.598301669568746641e-01	1.609328123925903575e-01	7.615404500517172770e-02	3.249301207878489001e-02	8.508439500992903692e-02
1.306197957686926657e+03	2.346599170948790170e-01	1.498339539635862583e-01	2.602179489297691273e-01	1.611547786261580406e-01	7.626299736079625302e-02	3.257574362653784666e-02	8.529466039781606612e-02
1.311035727900581833e+03	2.340589850326523502e-01	1.494291022659335333e-01	2.606033263998753235e-01	1.613758671313708370e-01	7.637159319765286780e-02	3.265797030591913175e-02	8.550315566613853058e-02
1.315873498114237009e+03	2.334615394149671952e-01	1.490266431193979779e-01	2.609863193956280525e-01	1.615960851916008745e-01	7.647981971250959743e-02	3.273969536491569410e-02	8.570989780052319651e-02
1.320711268327892412e+03	2.328675606884884342e-01	1.486265615351792524e-01	2.613669475117629259e-01	1.618154395325932804e-01	7.658766518370983822e-02	3.282092202880668164e-02	8.591490351900217537e-02
1.325549038541547588e+03	2.322770293941069653e-01	1.482288426296163308e-01	2.617452299326474829e-01	1.620339363666525867e-01	7.669511889354707623e-02	3.290165350045369530e-02	8.611818928251846472e-02
1.330386808755202765e+03	2.316899261673145971e-01	1.478334716230905455e-01	2.621211854540173580e-01	1.622515814335987183e-01	7.680217105618174223e-02	3.298189296057641579e-02	8.631977130476324589e-02
1.335224578968857941e+03	2.311062317385164100e-01	1.474404338389601055e-01	2.624948325032309682e-01	1.624683800387242694e-01	7.690881275070453327e-02	3.306164356801454679e-02	8.651966556139178977e-02
1.340062349182513572e+03	2.305259269332850247e-01	1.470497147025246754e-01	2.628661891581472454e-01	1.626843370879685058e-01	7.701503585897825910e-02	3.314090845997719192e-02	8.671788779866165808e-02
1.344900119396168748e+03	2.299489926725608591e-01	1.466612997400178198e-01	2.632352731647247257e-01	1.628994571205078512e-01	7.712083300791706952e-02	3.321969075228064366e-02	8.691445354153355674e-02
1.349737889609823924e+03	2.293754099728028684e-01	1.462751745776258994e-01	2.636021019534315335e-01	1.631137443389484021e-01	7.722619751588574721e-02	3.329799353957535457e-02	8.710937810127261649e-02
1.354575659823479100e+03	2.288051599460929619e-01	1.458913249405320578e-01	2.639666926545515824e-01	1.633272026372928620e-01	7.733112334292506496e-02	3.337581989556299977e-02	8.730267658258486496e-02
1.359413430037134731e+03	2.282382238001978148e-01	1.455097366519834123e-01	2.643290621124640416e-01	1.635398356268418230e-01	7.743560504452955129e-02	3.345317287320435234e-02	8.749436389032134997e-02
1.364251200250789907e+03	2.276745828385913772e-01	1.451303956323806155e-01	2.646892268989696206e-01	1.637516466601778020e-01	7.753963772872410343e-02	3.353005550491864467e-02	8.768445473578011240e-02
1.369088970464445310e+03	2.271142184604407199e-01	1.447532878983883997e-01	2.650472033257301741e-01	1.639626388533702017e-01	7.764321701620378879e-02	3.360647080277508192e-02	8.787296364263390280e-02
1.373926740678100487e+03	2.265571121605581828e-01	1.443783995620656624e-01	2.654030074558847430e-01	1.641728151065290076e-01	7.774633900331778813e-02	3.368242175867711824e-02	8.805990495250970440e-02
1.378764510891755890e+03	2.260032455293225495e-01	1.440057168300146184e-01	2.657566551148999312e-01	1.643821781228261558e-01	7.784900022769472572e-02	3.375791134453999531e-02	8.824529283024415416e-02
1.383602281105411066e+03	2.254526002525711337e-01	1.436352260025475225e-01	2.661081619007089616e-01	1.645907304260949555e-01	7.795119763632020471e-02	3.383294251246211914e-02	8.842914126883720527e-02
1.388440051319066470e+03	2.249051581114655807e-01	1.432669134728701277e-01	2.664575431931886507e-01	1.647984743771100102e-01	7.805292855589192336e-02	3.390751819489070534e-02	8.861146409412508362e-02
1.393277821532721646e+03	2.243609009823328282e-01	1.429007657262815756e-01	2.668048141630219861e-01	1.650054121886427860e-01	7.815419066528922487e-02	3.398164130478205369e-02	8.879227496919155083e-02
1.398115591746377049e+03	2.238198108364837791e-01	1.425367693393888024e-01	2.671499897799887169e-01	1.652115459393812824e-01	7.825498197000642364e-02	3.405531473575708346e-02	8.897158739853583409e-02
1.402953361960032225e+03	2.232818697400108243e-01	1.421749109793358223e-01	2.674930848207246470e-01	1.654168775867954355e-01	7.835530077840942298e-02	3.412854136225219881e-02	8.914941473201351552e-02
1.407791132173687402e+03	2.227470598535663260e-01	1.418151774030466106e-01	2.678341138759862683e-01	1.656214089790248589e-01	7.845514567968549235e-02	3.420132403966608114e-02	8.932577016856621532e-02
1.412628902387342805e+03	2.222153634321231142e-01	1.414575554564810045e-01	2.681730913574562059e-01	1.658251418658593379e-01	7.855451552336534249e-02	3.427366560450255395e-02	8.950066675975432151e-02
1.417466672600997981e+03	2.216867628247191080e-01	1.411020320739031497e-01	2.685100315041208940e-01	1.660280779088775249e-01	7.865340940030512984e-02	3.434556887450990886e-02	8.967411741310606088e-02
1.422304442814653157e+03	2.211612404741866988e-01	1.407485942771619092e-01	2.688449483882511259e-01	1.662302186908052870e-01	7.875182662502416830e-02	3.441703664881693575e-02	8.984613489529562347e-02
1.427142213028308333e+03	2.206387789168682279e-01	1.403972291749823464e-01	2.691778559210123434e-01	1.664315657241498270e-01	7.884976671930153669e-02	3.448807170806586497e-02	9.001673183516156751e-02
1.431979983241963964e+03	2.201193607823191678e-01	1.400479239622685612e-01	2.695087678577310908e-01	1.666321204591620364e-01	7.894722939694179265e-02	3.455867681454252716e-02	9.018592072657651004e-02
1.436817753455619140e+03	2.196029687929994811e-01	1.397006659194164335e-01	2.698376978028415585e-01	1.668318842911762356e-01	7.904421454962616556e-02	3.462885471230387618e-02	9.035371393117785921e-02
1.441655523669274316e+03	2.190895857639544031e-01	1.393554424116368040e-01	2.701646592145342529e-01	1.670308585673721258e-01	7.914072223377184578e-02	3.469860812730308358e-02	9.052012368096906680e-02
1.446493293882929493e+03	2.185791946024855381e-01	1.390122408882878413e-01	2.704896654091272779e-01	1.672290445930011971e-01	7.923675265832737236e-02	3.476793976751241244e-02	9.068516208079981100e-02
1.451331064096585123e+03	2.180717783078131300e-01	1.386710488822169851e-01	2.708127295651800437e-01	1.674264436371167009e-01	7.933230617343731139e-02	3.483685232304400275e-02	9.084884111073324164e-02
1.456168834310240300e+03	2.175673199707300609e-01	1.383318540091114934e-01	2.711338647273663915e-01	1.676230569378428792e-01	7.942738325991409443e-02	3.490534846626874854e-02	9.101117262830769883e-02
1.461006604523895703e+03	2.170658027732486339e-01	1.379946439668575942e-01	2.714530838101246735e-01	1.678188857072177020e-01	7.952198451945957647e-02	3.497343085193336393e-02	9.117216837069978819e-02
1.465844374737550879e+03	2.165672099882406942e-01	1.376594065349077967e-01	2.717703996010992773e-01	1.680139311356398379e-01	7.961611066558269001e-02	3.504110211727577001e-02	9.133183995679527989e-02
1.470682144951206283e+03	2.160715249790713943e-01	1.373261295736562249e-01	2.720858247643884731e-01	1.682081943959489734e-01	7.970976251516351252e-02	3.510836488213903844e-02	9.149019888917372945e-02
1.475519915164861459e+03	2.155787311992277688e-01	1.369948010238215830e-01	2.723993718436115152e-01	1.684016766471664595e-01	7.980294098061763153e-02	3.517522174908375987e-02	9.164725655601249632e-02
1.480357685378516862e+03	2.150888121919422025e-01	1.366654089058374488e-01	2.727110532648078789e-01	1.685943790379210716e-01	7.989564706261810534e-02	3.524167530349919808e-02	9.180302423291525349e-02
1.485195455592172038e+03	2.146017515898113182e-01	1.363379413192497558e-01	2.730208813391791778e-01	1.687863027095830859e-01	7.998788184333502360e-02	3.530772811371313963e-02	9.195751308466962315e-02
1.490033225805827215e+03	2.141175331144110072e-01	1.360123864421211859e-01	2.733288682656851987e-01	1.689774487991282381e-01	8.007964648015600262e-02	3.537338273110058467e-02	9.211073416693878191e-02
1.494870996019482618e+03	2.136361405759079068e-01	1.356887325304424186e-01	2.736350261335040446e-01	1.691678184417514386e-01	8.017094219985296255e-02	3.543864169019136923e-02	9.226269842789083797e-02
1.499708766233137567e+03	2.131575578726674081e-01	1.353669679175497353e-01	2.739393669243646023e-01	1.693574127732486445e-01	8.026177029316380884e-02	3.550350750877676737e-02	9.241341670976997713e-02
1.504546536446793198e+03	2.126817689908591102e-01	1.350470810135489252e-01	2.742419025147612155e-01	1.695462329321845707e-01	8.035213210975902798e-02	3.556798268801512203e-02	9.256289975041294416e-02
1.509384306660448374e+03	2.122087580040597499e-01	1.347290603047456292e-01	2.745426446780573349e-01	1.697342800618613090e-01	8.044202905356601097e-02	3.563206971253661537e-02	9.271115818471423187e-02
1.514222076874103550e+03	2.117385090728537977e-01	1.344128943530814024e-01	2.748416050864862514e-01	1.699215553121037614e-01	8.053146257842547229e-02	3.569577105054713012e-02	9.285820254604304491e-02
1.519059847087758726e+03	2.112710064444325020e-01	1.340985717955757162e-01	2.751387953130554065e-01	1.701080598408744871e-01	8.062043418405637207e-02	3.575908915393143095e-02	9.300404326761495255e-02
1.523897617301414357e+03	2.108062344521909603e-01	1.337860813437735386e-01	2.754342268333610511e-01	1.702937948157315917e-01	8.070894541230730357e-02	3.582202645835545762e-02	9.314869068382086725e-02
1.528735387515069533e+03	2.103441775153241100e-01	1.334754117831988274e-01	2.757279110273188616e-01	1.704787614151411224e-01	8.079699784367393167e-02	3.588458538336802145e-02	9.329215503151593036e-02
1.533573157728724709e+03	2.098848201384213019e-01	1.331665519728129354e-01	2.760198591808156743e-01	1.706629608296548195e-01	8.088459309406366426e-02	3.594676833250175230e-02	9.343444645127055304e-02
1.538410927942380113e+03	2.094281469110605143e-01	1.328594908444786227e-01	2.763100824872888328e-01	1.708463942629637744e-01	8.097173281178969562e-02	3.600857769337344194e-02	9.357557498858584677e-02
1.543248698156035516e+03	2.089741425074012338e-01	1.325542174024292308e-01	2.765985920492356476e-01	1.710290629328370116e-01	8.105841867477832363e-02	3.607001583778376985e-02	9.371555059507546970e-02
1.548086468369690692e+03	2.085227916857772812e-01	1.322507207227429094e-01	2.768853988796601273e-01	1.712109680719541283e-01	8.114465238797424762e-02	3.613108512181642529e-02	9.385438312961559559e-02
1.552924238583346096e+03	2.080740792882889989e-01	1.319489899528215604e-01	2.771705139034587040e-01	1.713921109286399291e-01	8.123043568092977451e-02	3.619178788593667428e-02	9.399208235946505952e-02
1.557762008797001272e+03	2.076279902403956046e-01	1.316490143108750011e-01	2.774539479587501134e-01	1.715724927675086331e-01	8.131577030556486063e-02	3.625212645508939235e-02	9.412865796135705398e-02
1.562599779010656675e+03	2.071845095505069900e-01	1.313507830854097058e-01	2.777357117981528734e-01	1.717521148700247302e-01	8.140065803408574885e-02	3.631210313879657675e-02	9.426411952256394389e-02
1.567437549224311852e+03	2.067436223095762415e-01	1.310542856347222396e-01	2.780158160900129127e-01	1.719309785349868724e-01	8.148510065705111272e-02	3.637172023125434528e-02	9.439847654193680992e-02
1.572275319437967255e+03	2.063053136906918550e-01	1.307595113863971592e-01	2.782942714195854594e-01	1.721090850789408211e-01	8.156909998157507724e-02	3.643098001142946324e-02	9.453173843092066431e-02
1.577113089651622431e+03	2.058695689486706726e-01	1.304664498368097170e-01	2.785710882901734076e-01	1.722864358365270299e-01	8.165265782965727692e-02	3.648988474315537078e-02	9.466391451454701789e-02
1.581950859865277607e+03	2.054363734196509583e-01	1.301750905506326161e-01	2.788462771242249949e-01	1.724630321607683314e-01	8.173577603663126356e-02	3.654843667522775230e-02	9.479501403240453428e-02
1.586788630078933011e+03	2.050057125206863340e-01	1.298854231603474296e-01	2.791198482643932333e-01	1.726388754233020295e-01	8.181845644972253473e-02	3.660663804149968947e-02	9.492504613958915871e-02
1.591626400292587959e+03	2.045775717493400481e-01	1.295974373657599876e-01	2.793918119745598116e-01	1.728139670145611428e-01	8.190070092670856394e-02	3.666449106097629390e-02	9.505401990763454045e-02
1.596464170506243590e+03	2.041519366832803828e-01	1.293111229335203172e-01	2.796621784408244715e-01	1.729883083439090197e-01	8.198251133467351903e-02	3.672199793790902750e-02	9.518194432542366468e-02
1.601301940719898766e+03	2.037287929798764219e-01	1.290264696966464675e-01	2.799309577724634068e-01	1.731619008397308757e-01	8.206388954885100728e-02	3.677916086188945388e-02	9.530882830008274853e-02
1.606139710933553943e+03	2.033081263757950119e-01	1.287434675540524154e-01	2.801981600028576325e-01	1.733347459494859744e-01	8.214483745154861627e-02	3.683598200794267752e-02	9.543468065785799814e-02
1.610977481147209119e+03	2.028899226865985006e-01	1.284621064700801896e-01	2.804637950903929311e-01	1.735068451397238920e-01	8.222535693114835231e-02	3.689246353662031103e-02	9.555951014497612861e-02
1.615815251360864750e+03	2.024741678063436412e-01	1.281823764740356586e-01	2.807278729193334321e-01	1.736781998960673923e-01	8.230544988117767524e-02	3.694860759409306084e-02	9.568332542848934086e-02
1.620653021574519926e+03	2.020608477071814679e-01	1.279042676597285100e-01	2.809904033006704882e-01	1.738488117231652696e-01	8.238511819944618897e-02	3.700441631224288958e-02	9.580613509710529663e-02
1.625490791788175102e+03	2.016499484389583374e-01	1.276277701850158652e-01	2.812513959729474045e-01	1.740186821446176035e-01	8.246436378724318617e-02	3.705989180875476907e-02	9.592794766200286871e-02
1.630328562001830505e+03	2.012414561288181081e-01	1.273528742713497808e-01	2.815108606030621852e-01	1.741878127028758383e-01	8.254318854859191146e-02	3.711503618720803088e-02	9.604877155763417995e-02
1.635166332215485909e+03	2.008353569808054295e-01	1.270795702033284680e-01	2.817688067870492419e-01	1.743562049591196594e-01	8.262159438955636592e-02	3.716985153716734908e-02	9.616861514251348608e-02
1.640004102429141085e+03	2.004316372754706421e-01	1.268078483282512048e-01	2.820252440508411174e-01	1.745238604931132198e-01	8.269958321759712794e-02	3.722433993427329280e-02	9.628748669999337428e-02
1.644841872642796488e+03	2.000302833694754534e-01	1.265376990556769388e-01	2.822801818510111693e-01	1.746907809030425474e-01	8.277715694097254051e-02	3.727850344033247637e-02	9.640539443902884642e-02
1.649679642856451665e+03	1.996312816952004743e-01	1.262691128569863874e-01	2.825336295754986571e-01	1.748569678053353560e-01	8.285431746818223975e-02	3.733234410340733472e-02	9.652234649492953678e-02
1.654517413070107068e+03	1.992346187603537822e-01	1.260020802649478855e-01	2.827855965443163422e-01	1.750224228344657573e-01	8.293106670744987419e-02	3.738586395790548939e-02	9.663835093010081367e-02
1.659355183283762244e+03	1.988402811475808163e-01	1.257365918732864796e-01	2.830360920102429345e-01	1.751871476427447338e-01	8.300740656624241987e-02	3.743906502466871206e-02	9.675341573477384827e-02
1.664192953497417420e+03	1.984482555140760496e-01	1.254726383362567421e-01	2.832851251594991071e-01	1.753511439000980943e-01	8.308333895082335718e-02	3.749194931106151346e-02	9.686754882772510844e-02
1.669030723711072824e+03	1.980585285911958260e-01	1.252102103682188605e-01	2.835327051124095776e-01	1.755144132938331047e-01	8.315886576583747525e-02	3.754451881105932282e-02	9.698075805698576357e-02
1.673868493924728000e+03	1.976710871840725026e-01	1.249492987432182511e-01	2.837788409240515897e-01	1.756769575283951557e-01	8.323398891392497223e-02	3.759677550533625096e-02	9.709305120054113891e-02
1.678706264138383403e+03	1.972859181712306453e-01	1.246898942945683514e-01	2.840235415848894607e-01	1.758387783251153802e-01	8.330871029536288108e-02	3.764872136135247183e-02	9.720443596702063593e-02
1.683544034352038352e+03	1.969030085042040301e-01	1.244319879144369506e-01	2.842668160213971951e-01	1.759998774219502793e-01	8.338303180773176670e-02	3.770035833344120846e-02	9.731491999637841006e-02
1.688381804565693983e+03	1.965223452071546972e-01	1.241755705534355880e-01	2.845086730966686073e-01	1.761602565732144909e-01	8.345695534560615414e-02	3.775168836289531649e-02	9.742451086056498621e-02
1.693219574779349159e+03	1.961439153764932553e-01	1.239206332202123229e-01	2.847491216110164536e-01	1.763199175493073700e-01	8.353048280026677264e-02	3.780271337805345133e-02	9.753321606419018686e-02
1.698057344993004335e+03	1.957677061805008500e-01	1.236671669810477381e-01	2.849881703025601287e-01	1.764788621364343502e-01	8.360361605943333885e-02	3.785343529438581905e-02	9.764104304517753907e-02
1.702895115206659511e+03	1.953937048589525771e-01	1.234151629594540250e-01	2.852258278478032594e-01	1.766370921363236424e-01	8.367635700701619994e-02	3.790385601457959414e-02	9.774799917541043826e-02
1.707732885420315142e+03	1.950218987227425871e-01	1.231646123357772599e-01	2.854621028622008616e-01	1.767946093659392148e-01	8.374870752288575415e-02	3.795397742862382379e-02	9.785409176137022103e-02
1.712570655633970318e+03	1.946522751535106621e-01	1.229155063468028303e-01	2.856970039007171169e-01	1.769514156571904973e-01	8.382066948265821937e-02	3.800380141389400612e-02	9.795932804476641109e-02
1.717408425847625494e+03	1.942848216032705688e-01	1.226678362853638599e-01	2.859305394583736559e-01	1.771075128566393653e-01	8.389224475749675058e-02	3.805332983523621732e-02	9.806371520315933232e-02
1.722246196061280898e+03	1.939195255940396045e-01	1.224215934999527966e-01	2.861627179707892932e-01	1.772629028252051819e-01	8.396343521392678200e-02	3.810256454505084323e-02	9.816726035057521393e-02
1.727083966274936301e+03	1.935563747174702254e-01	1.221767693943358879e-01	2.863935478147108249e-01	1.774175874378681184e-01	8.403424271366465026e-02	3.815150738337590858e-02	9.826997053811406535e-02
1.731921736488591478e+03	1.931953566344828954e-01	1.219333554271707920e-01	2.866230373085357219e-01	1.775715685833714474e-01	8.410466911345851337e-02	3.820016017796995511e-02	9.837185275455033462e-02
1.736759506702246881e+03	1.928364590749007956e-01	1.216913431116270206e-01	2.868511947128268846e-01	1.777248481639229494e-01	8.417471626494071879e-02	3.824852474439451727e-02	9.847291392692671119e-02
1.741597276915902057e+03	1.924796698370860315e-01	1.214507240150093786e-01	2.870780282308197373e-01	1.778774280948962061e-01	8.424438601449102393e-02	3.829660288609623014e-02	9.857316092114096207e-02
1.746435047129557461e+03	1.921249767875773951e-01	1.212114897583843193e-01	2.873035460089219395e-01	1.780293103045316183e-01	8.431368020310957279e-02	3.834439639448843085e-02	9.867260054252623147e-02
1.751272817343212637e+03	1.917723678607298476e-01	1.209736320162091427e-01	2.875277561372058255e-01	1.781804967336381440e-01	8.438260066629932332e-02	3.839190704903241297e-02	9.877123953642474863e-02
1.756110587556867813e+03	1.914218310583556681e-01	1.207371425159640688e-01	2.877506666498941823e-01	1.783309893352952313e-01	8.445114923395702355e-02	3.843913661731820919e-02	9.886908458875505457e-02
1.760948357770523216e+03	1.910733544493670444e-01	1.205020130377871257e-01	2.879722855258389225e-01	1.784807900745560005e-01	8.451932773027229229e-02	3.848608685514497835e-02	9.896614232657308108e-02
1.765786127984178393e+03	1.907269261694204410e-01	1.202682354141118154e-01	2.881926206889937059e-01	1.786299009281514250e-01	8.458713797363416609e-02	3.853275950660095539e-02	9.906241931862690142e-02
1.770623898197833569e+03	1.903825344205625214e-01	1.200358015293076369e-01	2.884116800088800669e-01	1.787783238841959277e-01	8.465458177654472394e-02	3.857915630414300578e-02	9.915792207590555518e-02
1.775461668411488745e+03	1.900401674708777355e-01	1.198047033193231775e-01	2.886294713010473245e-01	1.789260609418945880e-01	8.472166094553912341e-02	3.862527896867570115e-02	9.925265705218182244e-02
1.780299438625144376e+03	1.896998136541374336e-01	1.195749327713321319e-01	2.888460023275267741e-01	1.790731141112520131e-01	8.478837728111185412e-02	3.867112920962999939e-02	9.934663064454925252e-02
1.785137208838799552e+03	1.893614613694506732e-01	1.193464819233818752e-01	2.890612807972801068e-01	1.792194854127833192e-01	8.485473257764861166e-02	3.871670872504148070e-02	9.943984919395340571e-02
1.789974979052454728e+03	1.890250990809167198e-01	1.191193428640447971e-01	2.892753143666419446e-01	1.793651768772270838e-01	8.492072862336340344e-02	3.876201920162817421e-02	9.953231898571734959e-02
1.794812749266109904e+03	1.886907153172789620e-01	1.188935077320721900e-01	2.894881106397573789e-01	1.795101905452604618e-01	8.498636720024073388e-02	3.880706231486793362e-02	9.962404625006177072e-02
1.799650519479765535e+03	1.883582986715806873e-01	1.186689687160508710e-01	2.896996771690136807e-01	1.796545284672169396e-01	8.505165008398231363e-02	3.885183972907540334e-02	9.971503716261949368e-02
1.804488289693420711e+03	1.880278378008221341e-01	1.184457180540623156e-01	2.899100214554672927e-01	1.797981927028062810e-01	8.511657904395812657e-02	3.889635309747851988e-02	9.980529784494462930e-02
1.809326059907075887e+03	1.876993214256196807e-01	1.182237480333444002e-01	2.901191509492654919e-01	1.799411853208370826e-01	8.518115584316152122e-02	3.894060406229458982e-02	9.989483436501651881e-02
1.814163830120731291e+03	1.873727383298660065e-01	1.180030509899557267e-01	2.903270730500630559e-01	1.800835083989422158e-01	8.524538223816797988e-02	3.898459425480595153e-02	9.998365273773832107e-02
1.819001600334386467e+03	1.870480773603923619e-01	1.177836193084424304e-01	2.905337951074343783e-01	1.802251640233067387e-01	8.530925997909755143e-02	3.902832529543520668e-02	1.000717589254305345e-01
1.823839370548041643e+03	1.867253274266321705e-01	1.175654454215075556e-01	2.907393244212807537e-01	1.803661542883987778e-01	8.537279080958050381e-02	3.907179879381997983e-02	1.001591588383194120e-01
1.828677140761696819e+03	1.864044775002863530e-01	1.173485218096828320e-01	2.909436682422330556e-01	1.805064812967031584e-01	8.543597646672600188e-02	3.911501634888726875e-02	1.002458583350204768e-01
1.833514910975352450e+03	1.860855166149901763e-01	1.171328410010030602e-01	2.911468337720496402e-01	1.806461471584581979e-01	8.549881868109376892e-02	3.915797954892736438e-02	1.003318632230168761e-01
1.838352681189008081e+03	1.857684338659817413e-01	1.169183955706827732e-01	2.913488281640104760e-01	1.807851539913951922e-01	8.556131917666837117e-02	3.920068997166731295e-02	1.004171792591331963e-01
1.843190451402663257e+03	1.854532184097719416e-01	1.167051781407954930e-01	2.915496585233063320e-01	1.809235039204811490e-01	8.562347967083600020e-02	3.924314918434396171e-02	1.005018121500041994e-01
1.848028221616318433e+03	1.851398594638162531e-01	1.164931813799552351e-01	2.917493319074239144e-01	1.810611990776643254e-01	8.568530187436375345e-02	3.928535874377656750e-02	1.005857675525389794e-01
1.852865991829973609e+03	1.848283463061877741e-01	1.162823980030005255e-01	2.919478553265272280e-01	1.811982416016232056e-01	8.574678749138095468e-02	3.932732019643894739e-02	1.006690510743803724e-01
1.857703762043628785e+03	1.845186682752521512e-01	1.160728207706806653e-01	2.921452357438341640e-01	1.813346336375181722e-01	8.580793821936268106e-02	3.936903507853122680e-02	1.007516682743598568e-01
1.862541532257283961e+03	1.842108147693438946e-01	1.158644424893444658e-01	2.923414800759898680e-01	1.814703773367465633e-01	8.586875574911519149e-02	3.941050491605112976e-02	1.008336246629477628e-01
1.867379302470939592e+03	1.839047752464441909e-01	1.156572560106311903e-01	2.925365951934354447e-01	1.816054748567008936e-01	8.592924176476318676e-02	3.945173122486483192e-02	1.009149257026991375e-01
1.872217072684594768e+03	1.836005392238605205e-01	1.154512542311638412e-01	2.927305879207733330e-01	1.817399283605299620e-01	8.598939794373876289e-02	3.949271551077739029e-02	1.009955768086950451e-01
1.877054842898249490e+03	1.832980962779075795e-01	1.152464300922447643e-01	2.929234650371287940e-01	1.818737400169034291e-01	8.604922595677200192e-02	3.953345926960273593e-02	1.010755833489795363e-01
1.881892613111905121e+03	1.829974360435899228e-01	1.150427765795535157e-01	2.931152332765075696e-01	1.820069119997791973e-01	8.610872746788313103e-02	3.957396398723320857e-02	1.011549506449923308e-01
1.886730383325560297e+03	1.826985482142861050e-01	1.148402867228468516e-01	2.933058993281498217e-01	1.821394464881742892e-01	8.616790413437595830e-02	3.961423113970870963e-02	1.012336839719971127e-01
1.891568153539215928e+03	1.824014225414342660e-01	1.146389535956611749e-01	2.934954698368808512e-01	1.822713456659386388e-01	8.622675760683280732e-02	3.965426219328536950e-02	1.013117885595057194e-01
1.896405923752871104e+03	1.821060488342193806e-01	1.144387703150169799e-01	2.936839514034578213e-01	1.824026117215321874e-01	8.628528952911063143e-02	3.969405860450379159e-02	1.013892695916980696e-01
1.901243693966526507e+03	1.818124169592619799e-01	1.142397300411255451e-01	2.938713505849132046e-01	1.825332468478048642e-01	8.634350153833830754e-02	3.973362182025690081e-02	1.014661322078380112e-01
1.906081464180181683e+03	1.815205168403083991e-01	1.140418259770978882e-01	2.940576738948950664e-01	1.826632532417800381e-01	8.640139526491509570e-02	3.977295327785731333e-02	1.015423815026850196e-01
1.910919234393836859e+03	1.812303384579226351e-01	1.138450513686557058e-01	2.942429278040032403e-01	1.827926331044408270e-01	8.645897233251012559e-02	3.981205440510430377e-02	1.016180225269019549e-01
1.915757004607492036e+03	1.809418718491794531e-01	1.136493995038446725e-01	2.944271187401232837e-01	1.829213886405194611e-01	8.651623435806285456e-02	3.985092662035033539e-02	1.016930602874587669e-01
1.920594774821147894e+03	1.806551071073593528e-01	1.134548637127495985e-01	2.946102530887559356e-01	1.830495220582899762e-01	8.657318295178456635e-02	3.988957133256715304e-02	1.017674997480322308e-01
1.925432545034802843e+03	1.803700343816448115e-01	1.132614373672119340e-01	2.947923371933443559e-01	1.831770355693637109e-01	8.662981971716060547e-02	3.992798994141145974e-02	1.018413458294018803e-01
1.930270315248458019e+03	1.800866438768180533e-01	1.130691138805491880e-01	2.949733773555977545e-01	1.833039313884879951e-01	8.668614625095354131e-02	3.996618383729017010e-02	1.019146034098420417e-01
1.935108085462113195e+03	1.798049258529603178e-01	1.128778867072764425e-01	2.951533798358117466e-01	1.834302117333478643e-01	8.674216414320717883e-02	4.000415440142521262e-02	1.019872773255099674e-01
1.939945855675768371e+03	1.795248706251527382e-01	1.126877493428299903e-01	2.953323508531858210e-01	1.835558788243706330e-01	8.679787497725116596e-02	4.004190300591794344e-02	1.020593723708303341e-01
1.944783625889424002e+03	1.792464685631785515e-01	1.124986953232929160e-01	2.955102965861381437e-01	1.836809348845335754e-01	8.685328032970647538e-02	4.007943101381308826e-02	1.021308932988759105e-01
1.949621396103079178e+03	1.789697100912267247e-01	1.123107182251227715e-01	2.956872231726163092e-01	1.838053821391745224e-01	8.690838177049141355e-02	4.011673977916233036e-02	1.022018448217446307e-01
1.954459166316734354e+03	1.786945856875972738e-01	1.121238116648811678e-01	2.958631367104062604e-01	1.839292228158052600e-01	8.696318086282842086e-02	4.015383064708738514e-02	1.022722316109328927e-01
1.959296936530389530e+03	1.784210858844079983e-01	1.119379692989653785e-01	2.960380432574377108e-01	1.840524591439280655e-01	8.701767916325135743e-02	4.019070495384275549e-02	1.023420582977053739e-01
1.964134706744044706e+03	1.781492012673024372e-01	1.117531848233419695e-01	2.962119488320867355e-01	1.841750933548549629e-01	8.707187822161335800e-02	4.022736402687798751e-02	1.024113294734611546e-01
1.968972476957700337e+03	1.778789224751595732e-01	1.115694519732823020e-01	2.963848594134755876e-01	1.842971276815298376e-01	8.712577958109535281e-02	4.026380918489954469e-02	1.024800496900964142e-01
1.973810247171355968e+03	1.776102401998048141e-01	1.113867645230999792e-01	2.965567809417696266e-01	1.844185643583533263e-01	8.717938477821499110e-02	4.030004173793227951e-02	1.025482234603635745e-01
1.978648017385010689e+03	1.773431451857224728e-01	1.112051162858902903e-01	2.967277193184715833e-01	1.845394056210106493e-01	8.723269534283611959e-02	4.033606298738045409e-02	1.026158552582269734e-01
1.983485787598666320e+03	1.770776282297696624e-01	1.110245011132714038e-01	2.968976804067131603e-01	1.846596537063021071e-01	8.728571279817870510e-02	4.037187422608835841e-02	1.026829495192151664e-01
1.988323557812321269e+03	1.768136801808916359e-01	1.108449128951275731e-01	2.970666700315435782e-01	1.847793108519762140e-01	8.733843866082917351e-02	4.040747673840053289e-02	1.027495106407697867e-01
1.993161328025976900e+03	1.765512919398386227e-01	1.106663455593542011e-01	2.972346939802157917e-01	1.848983792965658013e-01	8.739087444075128996e-02	4.044287180022159561e-02	1.028155429825911016e-01
1.997999098239632076e+03	1.762904544588838884e-01	1.104887930716047517e-01	2.974017580024700957e-01	1.850168612792265077e-01	8.744302164129731658e-02	4.047806067907560451e-02	1.028810508669801976e-01
2.002836868453287707e+03	1.760311587415434031e-01	1.103122494350394361e-01	2.975678678108147346e-01	1.851347590395781839e-01	8.749488175921962818e-02	4.051304463416503798e-02	1.029460385791779176e-01
2.007674638666942428e+03	1.757733958422968978e-01	1.101367086900758019e-01	2.977330290808042901e-01	1.852520748175487120e-01	8.754645628468264718e-02	4.054782491642942160e-02	1.030105103677005779e-01
2.012512408880597604e+03	1.755171568663101145e-01	1.099621649141411250e-01	2.978972474513155166e-01	1.853688108532204615e-01	8.759774670127520868e-02	4.058240276860346218e-02	1.030744704446723975e-01
2.017350179094252780e+03	1.752624329691587768e-01	1.097886122214265514e-01	2.980605285248205116e-01	1.854849693866794103e-01	8.764875448602324481e-02	4.061677942527484875e-02	1.031379229861548313e-01
2.022187949307908411e+03	1.750092153565537545e-01	1.096160447626430973e-01	2.982228778676574987e-01	1.856005526578667075e-01	8.769948110940270491e-02	4.065095611294163025e-02	1.032008721324726708e-01
2.027025719521564042e+03	1.747574952840675599e-01	1.094444567247793570e-01	2.983843010102992244e-01	1.857155629064327906e-01	8.774992803535287822e-02	4.068493405006919084e-02	1.032633219885370768e-01
2.031863489735218764e+03	1.745072640568623989e-01	1.092738423308609458e-01	2.985448034476185231e-01	1.858300023715938609e-01	8.780009672128999410e-02	4.071871444714680877e-02	1.033252766241655185e-01
2.036701259948874394e+03	1.742585130294194429e-01	1.091041958397117734e-01	2.987043906391521619e-01	1.859438732919909965e-01	8.784998861812109983e-02	4.075229850674387533e-02	1.033867400743986725e-01
2.041539030162529116e+03	1.740112336052695718e-01	1.089355115457169287e-01	2.988630680093618541e-01	1.860571779055515129e-01	8.789960517025816045e-02	4.078568742356566967e-02	1.034477163398142413e-01
2.046376800376184747e+03	1.737654172367254501e-01	1.087677837785874374e-01	2.990208409478929963e-01	1.861699184493527670e-01	8.794894781563254715e-02	4.081888238450876588e-02	1.035082093868379127e-01
2.051214570589840150e+03	1.735210554246149617e-01	1.086010069031265179e-01	2.991777148098311301e-01	1.862820971594884023e-01	8.799801798570963673e-02	4.085188456871605145e-02	1.035682231480511695e-01
2.056052340803495554e+03	1.732781397180158944e-01	1.084351753189976425e-01	2.993336949159561833e-01	1.863937162709367601e-01	8.804681710550373019e-02	4.088469514763133639e-02	1.036277615224963089e-01
2.060890111017150957e+03	1.730366617139922347e-01	1.082702834604942904e-01	2.994887865529942683e-01	1.865047780174317049e-01	8.809534659359320730e-02	4.091731528505361537e-02	1.036868283759785486e-01
2.065727881230805451e+03	1.727966130573314052e-01	1.081063257963112700e-01	2.996429949738675380e-01	1.866152846313356983e-01	8.814360786213583376e-02	4.094974613719089274e-02	1.037454275413652038e-01
2.070565651444461309e+03	1.725579854402832791e-01	1.079432968293177197e-01	2.997963253979415987e-01	1.867252383435151486e-01	8.819160231688431828e-02	4.098198885271368136e-02	1.038035628188820336e-01
2.075403421658116713e+03	1.723207706023001939e-01	1.077811910963318576e-01	2.999487830112707587e-01	1.868346413832178698e-01	8.823933135720216092e-02	4.101404457280809213e-02	1.038612379764068394e-01
2.080241191871772116e+03	1.720849603297783803e-01	1.076200031678971047e-01	3.001003729668410558e-01	1.869434959779528727e-01	8.828679637607955710e-02	4.104591443122855565e-02	1.039184567497601630e-01
2.085078962085427065e+03	1.718505464558008344e-01	1.074597276480600411e-01	3.002511003848115645e-01	1.870518043533722086e-01	8.833399876014952357e-02	4.107759955435013460e-02	1.039752228429933617e-01
2.089916732299082469e+03	1.716175208598813007e-01	1.073003591741498591e-01	3.004009703527529274e-01	1.871595687331549518e-01	8.838093988970430193e-02	4.110910106122052377e-02	1.040315399286738107e-01
2.094754502512737417e+03	1.713858754677096974e-01	1.071418924165593589e-01	3.005499879258842211e-01	1.872667913388933736e-01	8.842762113871185936e-02	4.114042006361161297e-02	1.040874116481675243e-01
2.099592272726392821e+03	1.711556022508987918e-01	1.069843220785276217e-01	3.006981581273077686e-01	1.873734743899810873e-01	8.847404387483255583e-02	4.117155766607075162e-02	1.041428416119190431e-01
2.104430042940048224e+03	1.709266932267322348e-01	1.068276428959241131e-01	3.008454859482417865e-01	1.874796201035032472e-01	8.852020945943596397e-02	4.120251496597156921e-02	1.041978333997286149e-01
2.109267813153704083e+03	1.706991404579137339e-01	1.066718496370344660e-01	3.009919763482509780e-01	1.875852306941289960e-01	8.856611924761792487e-02	4.123329305356448343e-02	1.042523905610269475e-01
2.114105583367359031e+03	1.704729360523177251e-01	1.065169371023476225e-01	3.011376342554751839e-01	1.876903083740054379e-01	8.861177458821767328e-02	4.126389301202681992e-02	1.043065166151470879e-01
2.118943353581013525e+03	1.702480721627410432e-01	1.063629001243446698e-01	3.012824645668559231e-01	1.877948553526541386e-01	8.865717682383511544e-02	4.129431591751257791e-02	1.043602150515939714e-01
2.123781123794669384e+03	1.700245409866562862e-01	1.062097335672891052e-01	3.014264721483613796e-01	1.878988738368692069e-01	8.870232729084828738e-02	4.132456283920184908e-02	1.044134893303113182e-01
2.128618894008324787e+03	1.698023347659659288e-01	1.060574323270185165e-01	3.015696618352088354e-01	1.880023660306173738e-01	8.874722731943092413e-02	4.135463483934984780e-02	1.044663428819459783e-01
2.133456664221980191e+03	1.695814457867581559e-01	1.059059913307378864e-01	3.017120384320857163e-01	1.881053341349399610e-01	8.879187823357014009e-02	4.138453297333562209e-02	1.045187791081098605e-01
2.138294434435635139e+03	1.693618663790636414e-01	1.057554055368143120e-01	3.018536067133684719e-01	1.882077803478568734e-01	8.883628135108430357e-02	4.141425828971036227e-02	1.045708013816393778e-01
2.143132204649290543e+03	1.691435889166137407e-01	1.056056699345731542e-01	3.019943714233396803e-01	1.883097068642720917e-01	8.888043798364093917e-02	4.144381183024541809e-02	1.046224130468523528e-01
2.147969974862945492e+03	1.689266058165998508e-01	1.054567795440956024e-01	3.021343372764030422e-01	1.884111158758814131e-01	8.892434943677479664e-02	4.147319462997994116e-02	1.046736174198026614e-01
2.152807745076601350e+03	1.687109095394341007e-01	1.053087294160178627e-01	3.022735089572972100e-01	1.885120095710816068e-01	8.896801700990603079e-02	4.150240771726814576e-02	1.047244177885323230e-01
2.157645515290255844e+03	1.684964925885111819e-01	1.051615146313315541e-01	3.024118911213068417e-01	1.886123901348816245e-01	8.901144199635849241e-02	4.153145211382627128e-02	1.047748174133213417e-01
2.162483285503912157e+03	1.682833475099713982e-01	1.050151303011856024e-01	3.025494883944725433e-01	1.887122597488153919e-01	8.905462568337810247e-02	4.156032883477920464e-02	1.048248195269350785e-01
2.167321055717567106e+03	1.680714668924650768e-01	1.048695715666895650e-01	3.026863053737988141e-01	1.888116205908562661e-01	8.909756935215133733e-02	4.158903888870671417e-02	1.048744273348694578e-01
2.172158825931222509e+03	1.678608433669180611e-01	1.047248335987183004e-01	3.028223466274604370e-01	1.889104748353334917e-01	8.914027427782385271e-02	4.161758327768939197e-02	1.049236440155936756e-01
2.176996596144877003e+03	1.676514696062984811e-01	1.045809115977180681e-01	3.029576166950067040e-01	1.890088246528499605e-01	8.918274172951903833e-02	4.164596299735422863e-02	1.049724727207907576e-01
2.181834366358532861e+03	1.674433383253846053e-01	1.044378007935140018e-01	3.030921200875640875e-01	1.891066722102019149e-01	8.922497297035694719e-02	4.167417903691986864e-02	1.050209165755958407e-01
2.186672136572187810e+03	1.672364422805342199e-01	1.042954964451188044e-01	3.032258612880374127e-01	1.892040196703000110e-01	8.926696925747300282e-02	4.170223237924154669e-02	1.050689786788321922e-01
2.191509906785843214e+03	1.670307742694547848e-01	1.041539938405430660e-01	3.033588447513092534e-01	1.893008691920923525e-01	8.930873184203699799e-02	4.173012400085564927e-02	1.051166621032450371e-01
2.196347676999498617e+03	1.668263271309750051e-01	1.040132882966065819e-01	3.034910749044374412e-01	1.893972229304888011e-01	8.935026196927212117e-02	4.175785487202401253e-02	1.051639698957331504e-01
2.201185447213154021e+03	1.666230937448177352e-01	1.038733751587512938e-01	3.036225561468510747e-01	1.894930830362868412e-01	8.939156087847396903e-02	4.178542595677783161e-02	1.052109050775783261e-01
2.206023217426809424e+03	1.664210670313737150e-01	1.037342498008554104e-01	3.037532928505449203e-01	1.895884516560992772e-01	8.943262980302979503e-02	4.181283821296127856e-02	1.052574706446726682e-01
2.210860987640464373e+03	1.662202399514766948e-01	1.035959076250488053e-01	3.038832893602722018e-01	1.896833309322831229e-01	8.947346997043766070e-02	4.184009259227479405e-02	1.053036695677438267e-01
2.215698757854119776e+03	1.660206055061797525e-01	1.034583440615298305e-01	3.040125499937353926e-01	1.897777230028702689e-01	8.951408260232575353e-02	4.186719004031806690e-02	1.053495047925779859e-01
2.220536528067775180e+03	1.658221567365326943e-01	1.033215545683832809e-01	3.041410790417762855e-01	1.898716300014994252e-01	8.955446891447180202e-02	4.189413149663267361e-02	1.053949792402408409e-01
2.225374298281430583e+03	1.656248867233606203e-01	1.031855346313997751e-01	3.042688807685635100e-01	1.899650540573496194e-01	8.959463011682240741e-02	4.192091789474443331e-02	1.054400958072966021e-01
2.230212068495085077e+03	1.654287885870436847e-01	1.030502797638962464e-01	3.043959594117792156e-01	1.900579972950750263e-01	8.963456741351259749e-02	4.194755016220539506e-02	1.054848573660247535e-01
2.235049838708740936e+03	1.652338554872980481e-01	1.029157855065378907e-01	3.045223191828036469e-01	1.901504618347414077e-01	8.967428200288532492e-02	4.197402922063560998e-02	1.055292667646349769e-01
2.239887608922396339e+03	1.650400806229577189e-01	1.027820474271611273e-01	3.046479642668986076e-01	1.902424497917638013e-01	8.971377507751107649e-02	4.200035598576449397e-02	1.055733268274799408e-01
2.244725379136052197e+03	1.648474572317580045e-01	1.026490611205980591e-01	3.047728988233894265e-01	1.903339632768456524e-01	8.975304782420748251e-02	4.202653136747192680e-02	1.056170403552661730e-01
2.249563149349706237e+03	1.646559785901195172e-01	1.025168222085018760e-01	3.048971269858451461e-01	1.904250043959191396e-01	8.979210142405905093e-02	4.205255626982904588e-02	1.056604101252629213e-01
2.254400919563362095e+03	1.644656380129338735e-01	1.023853263391737572e-01	3.050206528622571578e-01	1.905155752500871658e-01	8.983093705243688776e-02	4.207843159113876935e-02	1.057034388915091133e-01
2.259238689777017044e+03	1.642764288533500316e-01	1.022545691873907731e-01	3.051434805352168378e-01	1.906056779355663200e-01	8.986955587901845899e-02	4.210415822397590990e-02	1.057461293850183309e-01
2.264076459990672902e+03	1.640883445025621556e-01	1.021245464542350906e-01	3.052656140620914060e-01	1.906953145436314223e-01	8.990795906780744973e-02	4.212973705522714968e-02	1.057884843139819536e-01
