1.301360187473271253e+03	2.352657140286359139e-01	1.500071723466151752e-01	2.598896587156222515e-01	1.605613334946983106e-01	7.656137430641540842e-02	3.263198134477354739e-02	8.508276576277212788e-02
1.306197957686926657e+03	2.346628198987679437e-01	1.495864672039128318e-01	2.602816761713254157e-01	1.607708015938062174e-01	7.670371401473109751e-02	3.271583890686600299e-02	8.527868221012319117e-02
1.311035727900581833e+03	2.340634619285682505e-01	1.491682608547067190e-01	2.606711865648780324e-01	1.609797492614414294e-01	7.684570995269850158e-02	3.279882920613973879e-02	8.547280223109994524e-02
1.315873498114237009e+03	2.334676215210967354e-01	1.487525378625645656e-01	2.610582077067035711e-01	1.611881626044681382e-01	7.698731964668048544e-02	3.288096991021639132e-02	8.566518074780274383e-02
1.320711268327892412e+03	2.328752800439389814e-01	1.483392829184911887e-01	2.614427572358026808e-01	1.613960283197644063e-01	7.712850439837433403e-02	3.296227819739996207e-02	8.585586888576107745e-02
1.325549038541547588e+03	2.322864188396688567e-01	1.479284808375689320e-01	2.618248526226827910e-01	1.616033336738630088e-01	7.726922898477789348e-02	3.304277077130909207e-02	8.604491426966198730e-02
1.330386808755202765e+03	2.317010192354775067e-01	1.475201165558185923e-01	2.622045111722057786e-01	1.618100664833576063e-01	7.740946138180092306e-02	3.312246387505771161e-02	8.623236129581444975e-02
1.335224578968857941e+03	2.311190625520330721e-01	1.471141751272643794e-01	2.625817500263564197e-01	1.620162150960394176e-01	7.754917250965942532e-02	3.320137330499883105e-02	8.641825138318105781e-02
1.340062349182513572e+03	2.305405301116311978e-01	1.467106417211869185e-01	2.629565861669353466e-01	1.622217683727313342e-01	7.768833599833781245e-02	3.327951442404541299e-02	8.660262320466462216e-02
1.344900119396168748e+03	2.299654032456908137e-01	1.463095016195499476e-01	2.633290364181786747e-01	1.624267156697885017e-01	7.782692797153860365e-02	3.335690217458210649e-02	8.678551290020397602e-02
1.349737889609823924e+03	2.293936633016461502e-01	1.459107402145875532e-01	2.636991174493071299e-01	1.626310468222363359e-01	7.796492684766362369e-02	3.343355109098084671e-02	8.696695427311101900e-02
1.354575659823479100e+03	2.288252916492815037e-01	1.455143430065391208e-01	2.640668457770071198e-01	1.628347521275177179e-01	7.810231315648562267e-02	3.350947531173303212e-02	8.714697897096852774e-02
1.359413430037134731e+03	2.282602696865518588e-01	1.451202956015213152e-01	2.644322377678464675e-01	1.630378223298236673e-01	7.823906937027472197e-02	3.358468859121046396e-02	8.732561665230413606e-02
1.364251200250789907e+03	2.276985788449291392e-01	1.447285837095260985e-01	2.647953096406269746e-01	1.632402486049823465e-01	7.837517974824113887e-02	3.365920431106689953e-02	8.750289514016007519e-02
1.369088970464445310e+03	2.271402005943105595e-01	1.443391931425356545e-01	2.651560774686753663e-01	1.634420225458833587e-01	7.851063019324569514e-02	3.373303549129158529e-02	8.767884056359044609e-02
1.373926740678100487e+03	2.265851164475229385e-01	1.439521098127450605e-01	2.655145571820760053e-01	1.636431361484144420e-01	7.864540811981193813e-02	3.380619480092571238e-02	8.785347748803654100e-02
1.378764510891755890e+03	2.260333079644539778e-01	1.435673197308845461e-01	2.658707645698463740e-01	1.638435817978901310e-01	7.877950233254971124e-02	3.387869456845251509e-02	8.802682903545537563e-02
1.383602281105411066e+03	2.254847567558392885e-01	1.431848090046338451e-01	2.662247152820574891e-01	1.640433522559520685e-01	7.891290291417028813e-02	3.395054679187123337e-02	8.819891699500845283e-02
1.388440051319066470e+03	2.249394444867316434e-01	1.428045638371218395e-01	2.665764248319011376e-01	1.642424406479219279e-01	7.904560112233768865e-02	3.402176314846480643e-02	8.836976192505359429e-02
1.393277821532721646e+03	2.243973528796767425e-01	1.424265705255049197e-01	2.669259085977061519e-01	1.644408404505890708e-01	7.917758929466008067e-02	3.409235500427099108e-02	8.853938324712466723e-02
1.398115591746377049e+03	2.238584637176182501e-01	1.420508154596180350e-01	2.672731818249045044e-01	1.646385454804155657e-01	7.930886076118037753e-02	3.416233342326609190e-02	8.870779933252978533e-02
1.402953361960032225e+03	2.233227588465524494e-01	1.416772851206936079e-01	2.676182596279495507e-01	1.648355498821426068e-01	7.943940976377514285e-02	3.423170917627026133e-02	8.887502758214897713e-02
1.407791132173687402e+03	2.227902201779521918e-01	1.413059660801422313e-01	2.679611569921878100e-01	1.650318481177825147e-01	7.956923138191784872e-02	3.430049274958311273e-02	8.904108449996685215e-02
1.412628902387342805e+03	2.222608296909772962e-01	1.409368449983918470e-01	2.683018887756858373e-01	1.652274349559814948e-01	7.969832146430505526e-02	3.436869435335789674e-02	8.920598576083318965e-02
1.417466672600997981e+03	2.217345694344882157e-01	1.405699086237798268e-01	2.686404697110130746e-01	1.654223054617393607e-01	7.982667656588379734e-02	3.443632392972245659e-02	8.936974627290591999e-02
1.422304442814653157e+03	2.212114215288774333e-01	1.402051437914951515e-01	2.689769144069832363e-01	1.656164549864724278e-01	7.995429388985461627e-02	3.450339116065476858e-02	8.953238023519499711e-02
1.427142213028308333e+03	2.206913681677330485e-01	1.398425374225662488e-01	2.693112373503542822e-01	1.658098791584072529e-01	8.008117123425841088e-02	3.456990547562059646e-02	8.969390119059283961e-02
1.431979983241963964e+03	2.201743916193468764e-01	1.394820765228916293e-01	2.696434529074889230e-01	1.660025738732922029e-01	8.020730694278585537e-02	3.463587605898068439e-02	8.985432207474654265e-02
1.436817753455619140e+03	2.196604742280790223e-01	1.391237481823098532e-01	2.699735753259771553e-01	1.661945352854161673e-01	8.033269985947691372e-02	3.470131185717454519e-02	9.001365526109907089e-02
1.441655523669274316e+03	2.191495984155901466e-01	1.387675395737066053e-01	2.703016187362210498e-01	1.663857597989223669e-01	8.045734928700375155e-02	3.476622158568770660e-02	9.017191260240112194e-02
1.446493293882929493e+03	2.186417466819509936e-01	1.384134379521554381e-01	2.706275971529839564e-01	1.665762440594069915e-01	8.058125494825507662e-02	3.483061373580907671e-02	9.032910546897124360e-02
1.451331064096585123e+03	2.181369016066387612e-01	1.380614306540903502e-01	2.709515244769046816e-01	1.667659849457924504e-01	8.070441695096128298e-02	3.489449658118492364e-02	9.048524478396030579e-02
1.456168834310240300e+03	2.176350458494287488e-01	1.377115050965079246e-01	2.712734144959776938e-01	1.669549795624654664e-01	8.082683575512140950e-02	3.495787818417558923e-02	9.064034105585590251e-02
1.461006604523895703e+03	2.171361621511894990e-01	1.373636487761965841e-01	2.715932808870006321e-01	1.671432252316703837e-01	8.094851214301060360e-02	3.502076640202109181e-02	9.079440440844394056e-02
1.465844374737550879e+03	2.166402333345882891e-01	1.370178492689916039e-01	2.719111372169897844e-01	1.673307194861489988e-01	8.106944719156507217e-02	3.508316889282139112e-02	9.094744460842761613e-02
1.470682144951206283e+03	2.161472423047139380e-01	1.366740942290535776e-01	2.722269969445647031e-01	1.675174600620183973e-01	8.118964224695705834e-02	3.514509312133702601e-02	9.109947109088806227e-02
1.475519915164861459e+03	2.156571720496233968e-01	1.363323713881692267e-01	2.725408734213028983e-01	1.677034448918780785e-01	8.130909890118728778e-02	3.520654636461553744e-02	9.125049298275628162e-02
1.480357685378516862e+03	2.151700056408174244e-01	1.359926685550727210e-01	2.728527798930654447e-01	1.678886720981389857e-01	8.142781897053580353e-02	3.526753571744908194e-02	9.140051912445326665e-02
1.485195455592172038e+03	2.146857262336510364e-01	1.356549736147862062e-01	2.731627295012939438e-01	1.680731399865664222e-01	8.154580447572473689e-02	3.532806809766827344e-02	9.154955808984206744e-02
1.490033225805827215e+03	2.142043170676834474e-01	1.353192745279783449e-01	2.734707352842805639e-01	1.682568470400300220e-01	8.166305762365821952e-02	3.538815025127736019e-02	9.169761820462472846e-02
1.494870996019482618e+03	2.137257614669720307e-01	1.349855593303397050e-01	2.737768101784109342e-01	1.684397919124532017e-01	8.177958079061481422e-02	3.544778875743545554e-02	9.184470756330651020e-02
1.499708766233137567e+03	2.132500428403147075e-01	1.346538161319738025e-01	2.740809670193816161e-01	1.686219734229557343e-01	8.189537650677831959e-02	3.550699003328848524e-02	9.199083404484000026e-02
1.504546536446793198e+03	2.127771446814444301e-01	1.343240331168027990e-01	2.743832185433917603e-01	1.688033905501830634e-01	8.201044744200103320e-02	3.556576033865659070e-02	9.213600532705301660e-02
1.509384306660448374e+03	2.123070505691793119e-01	1.339961985419870771e-01	2.746835773883111176e-01	1.689840424268157226e-01	8.212479639270262033e-02	3.562410578058104044e-02	9.228022889995582401e-02
1.514222076874103550e+03	2.118397441675319570e-01	1.336703007373578056e-01	2.749820560948236237e-01	1.691639283342531164e-01	8.223842626981492376e-02	3.568203231773523637e-02	9.242351207801610680e-02
1.519059847087758726e+03	2.113752092257808191e-01	1.333463281048613003e-01	2.752786671075483915e-01	1.693430476974660259e-01	8.235134008769001701e-02	3.573954576470370070e-02	9.256586201148249426e-02
1.523897617301414357e+03	2.109134295785065616e-01	1.330242691180154035e-01	2.755734227761379440e-01	1.695214000800119580e-01	8.246354095389599181e-02	3.579665179613319981e-02	9.270728569683170384e-02
1.528735387515069533e+03	2.104543891455958882e-01	1.327041123213759666e-01	2.758663353563547971e-01	1.696989851792082837e-01	8.257503205982989758e-02	3.585335595075971743e-02	9.284778998640820513e-02
1.533573157728724709e+03	2.099980719322155354e-01	1.323858463300138788e-01	2.761574170111267268e-01	1.698758028214579219e-01	8.268581667208382835e-02	3.590966363531521155e-02	9.298738159731971542e-02
1.538410927942380113e+03	2.095444620287583437e-01	1.320694598290014787e-01	2.764466798115814417e-01	1.700518529577223215e-01	8.279589812450446895e-02	3.596558012831763129e-02	9.312606711964714623e-02
1.543248698156035516e+03	2.090935436107637380e-01	1.317549415729079021e-01	2.767341357380613820e-01	1.702271356591375517e-01	8.290527981089139409e-02	3.602111058374783681e-02	9.326385302402299959e-02
1.548086468369690692e+03	2.086453009388144486e-01	1.314422803853032007e-01	2.770197966811188683e-01	1.704016511127682543e-01	8.301396517828379951e-02	3.607626003461674585e-02	9.340074566862753558e-02
1.552924238583346096e+03	2.081997183584111399e-01	1.311314651582701218e-01	2.773036744424920430e-01	1.705753996174954601e-01	8.312195772078918854e-02	3.613103339642610018e-02	9.353675130564875762e-02
1.557762008797001272e+03	2.077567802998268875e-01	1.308224848519239092e-01	2.775857807360629925e-01	1.707483815800337756e-01	8.322926097391111777e-02	3.618543547052599507e-02	9.367187608724818204e-02
1.562599779010656675e+03	2.073164712779425323e-01	1.305153284939391811e-01	2.778661271887969964e-01	1.709205975110738018e-01	8.333587850933667218e-02	3.623947094737235697e-02	9.380612607107124967e-02
1.567437549224311852e+03	2.068787758920651310e-01	1.302099851790836094e-01	2.781447253416652887e-01	1.710920480215457617e-01	8.344181393014749037e-02	3.629314440968729738e-02	9.393950722533819797e-02
1.572275319437967255e+03	2.064436788257297817e-01	1.299064440687583144e-01	2.784215866505500570e-01	1.712627338190005621e-01	8.354707086642050584e-02	3.634646033552537542e-02	9.407202543354818702e-02
1.577113089651622431e+03	2.060111648464869882e-01	1.296046943905443116e-01	2.786967224871331195e-01	1.714326557041045973e-01	8.365165297118799803e-02	3.639942310124848202e-02	9.420368649882725209e-02
1.581950859865277607e+03	2.055812188056760637e-01	1.293047254377550914e-01	2.789701441397686166e-01	1.716018145672444928e-01	8.375556391672830947e-02	3.645203698441224632e-02	9.433449614794787996e-02
1.586788630078933011e+03	2.051538256381859049e-01	1.290065265689947782e-01	2.792418628143398251e-01	1.717702113852384860e-01	8.385880739116123583e-02	3.650430616656644145e-02	9.446446003504595235e-02
1.591626400292587959e+03	2.047289703622040269e-01	1.287100872077217018e-01	2.795118896351008186e-01	1.719378472181510298e-01	8.396138709532381672e-02	3.655623473597217898e-02	9.459358374505902334e-02
1.596464170506243590e+03	2.043066380789547165e-01	1.284153968418172420e-01	2.797802356455030837e-01	1.721047232062073995e-01	8.406330673990447533e-02	3.660782669023823765e-02	9.472187279690749695e-02
1.601301940719898766e+03	2.038868139724273609e-01	1.281224450231595591e-01	2.800469118090077592e-01	1.722708405668048892e-01	8.416457004281513443e-02	3.665908593887902411e-02	9.484933264643902184e-02
1.606139710933553943e+03	2.034694833090952559e-01	1.278312213672021525e-01	2.803119290098837202e-01	1.724362005916182383e-01	8.426518072678217119e-02	3.671001630579656672e-02	9.497596868915467172e-02
1.610977481147209119e+03	2.030546314376262262e-01	1.275417155525571666e-01	2.805752980539918950e-01	1.726008046437955690e-01	8.436514251713922441e-02	3.676062153168870722e-02	9.510178626273398106e-02
1.615815251360864750e+03	2.026422437885852801e-01	1.272539173205828877e-01	2.808370296695562041e-01	1.727646541552424475e-01	8.446445913980557552e-02	3.681090527638580107e-02	9.522679064937454585e-02
1.620653021574519926e+03	2.022323058741298807e-01	1.269678164749756533e-01	2.810971345079215089e-01	1.729277506239912388e-01	8.456313431943567049e-02	3.686087112111809810e-02	9.535098707796071937e-02
1.625490791788175102e+03	2.018248032876989173e-01	1.266834028813659530e-01	2.813556231442984057e-01	1.730900956116530331e-01	8.466117177772589097e-02	3.691052257071575360e-02	9.547438072607487836e-02
1.630328562001830505e+03	2.014197217036953480e-01	1.264006664669181379e-01	2.816125060784963052e-01	1.732516907409496210e-01	8.475857523186643150e-02	3.695986305574366221e-02	9.559697672186341644e-02
1.635166332215485909e+03	2.010170468771632635e-01	1.261195972199345428e-01	2.818677937356437457e-01	1.734125376933231544e-01	8.485534839312640354e-02	3.700889593457291210e-02	9.571878014576894189e-02
1.640004102429141085e+03	2.006167646434598995e-01	1.258401851894629664e-01	2.821214964668972702e-01	1.735726382066208329e-01	8.495149496556197999e-02	3.705762449539089926e-02	9.583979603213908793e-02
1.644841872642796488e+03	2.002188609179229584e-01	1.255624204849077608e-01	2.823736245501390352e-01	1.737319940728523915e-01	8.504701864483744933e-02	3.710605195815183666e-02	9.596002937072156680e-02
1.649679642856451665e+03	1.998233216955335179e-01	1.252862932756446945e-01	2.826241881906623177e-01	1.738906071360182826e-01	8.514192311715040873e-02	3.715418147646951108e-02	9.607948510805433551e-02
1.654517413070107068e+03	1.994301330505750813e-01	1.250117937906389254e-01	2.828731975218470862e-01	1.740484792900061917e-01	8.523621205825269997e-02	3.720201613945397362e-02	9.619816814875913058e-02
1.659355183283762244e+03	1.990392811362890479e-01	1.247389123180664972e-01	2.831206626058244136e-01	1.742056124765538894e-01	8.532988913255956653e-02	3.724955897349392642e-02	9.631608335674576860e-02
1.664192953497417420e+03	1.986507521845270463e-01	1.244676392049390568e-01	2.833665934341304538e-01	1.743620086832761706e-01	8.542295799233982911e-02	3.729681294398629748e-02	9.643323555633424859e-02
1.669030723711072824e+03	1.982645325054001595e-01	1.241979648567315964e-01	2.836109999283504268e-01	1.745176699417542165e-01	8.551542227698084864e-02	3.734378095701475914e-02	9.654962953330105402e-02
1.673868493924728000e+03	1.978806084869255688e-01	1.239298797370134014e-01	2.838538919407525563e-01	1.746725983256852410e-01	8.560728561232205935e-02	3.739046586097855701e-02	9.666527003585559386e-02
1.678706264138383403e+03	1.974989665946708661e-01	1.236633743670819824e-01	2.840952792549125139e-01	1.748267959490907575e-01	8.569855161005175692e-02	3.743687044817321091e-02	9.678016177555193167e-02
1.683544034352038352e+03	1.971195933713960624e-01	1.233984393255999068e-01	2.843351715863279838e-01	1.749802649645810781e-01	8.578922386716204829e-02	3.748299745632460711e-02	9.689430942814131198e-02
1.688381804565693983e+03	1.967424754366938477e-01	1.231350652482345320e-01	2.845735785830247888e-01	1.751330075616754356e-01	8.587930596545717554e-02	3.752884957007771721e-02	9.700771763436952244e-02
1.693219574779349159e+03	1.963675994866281305e-01	1.228732428273005273e-01	2.848105098261531909e-01	1.752850259651748122e-01	8.596880147111114756e-02	3.757442942244140771e-02	9.712039100072379638e-02
1.698057344993004335e+03	1.959949522933709942e-01	1.226129628114052406e-01	2.850459748305759766e-01	1.754363224335866445e-01	8.605771393427051608e-02	3.761973959619068636e-02	9.723233410013297495e-02
1.702895115206659511e+03	1.956245207048383505e-01	1.223542160050966610e-01	2.852799830454476604e-01	1.755868992575995990e-01	8.614604688869881288e-02	3.766478262522752335e-02	9.734355147262445385e-02
1.707732885420315142e+03	1.952562916443246199e-01	1.220969932685141285e-01	2.855125438547854722e-01	1.757367587586066426e-01	8.623380385145916482e-02	3.770956099590162813e-02	9.745404762594139791e-02
1.712570655633970318e+03	1.948902521101362473e-01	1.218412855170415560e-01	2.857436665780321849e-01	1.758859032872754635e-01	8.632098832263210286e-02	3.775407714829232680e-02	9.756382703612320739e-02
1.717408425847625494e+03	1.945263891752245788e-01	1.215870837209633432e-01	2.859733604706105603e-01	1.760343352221641622e-01	8.640760378506562311e-02	3.779833347745267108e-02	9.767289414805209458e-02
1.722246196061280898e+03	1.941646899868179621e-01	1.213343789051227056e-01	2.862016347244707992e-01	1.761820569683813231e-01	8.649365370415504350e-02	3.784233233461694462e-02	9.778125337596826894e-02
1.727083966274936301e+03	1.938051417660532627e-01	1.210831621485825571e-01	2.864284984686293334e-01	1.763290709562889136e-01	8.657914152765000537e-02	3.788607602837269772e-02	9.788890910395625644e-02
1.731921736488591478e+03	1.934477318076072982e-01	1.208334245842887650e-01	2.866539607697010106e-01	1.764753796402465658e-01	8.666407068548660775e-02	3.792956682579828875e-02	9.799586568640449025e-02
1.736759506702246881e+03	1.930924474793275780e-01	1.205851573987358483e-01	2.868780306324235085e-01	1.766209854973962712e-01	8.674844458964255101e-02	3.797280695356700791e-02	9.810212744844024058e-02
1.741597276915902057e+03	1.927392762218630706e-01	1.203383518316350903e-01	2.871007170001748654e-01	1.767658910264860994e-01	8.683226663401338863e-02	3.801579859901881714e-02	9.820769868634164623e-02
1.746435047129557461e+03	1.923882055482950271e-01	1.200929991755849136e-01	2.873220287554838492e-01	1.769100987467316921e-01	8.691554019430818012e-02	3.805854391120060132e-02	9.831258366792879066e-02
1.751272817343212637e+03	1.920392230437676095e-01	1.198490907757435858e-01	2.875419747205335552e-01	1.770536111967143666e-01	8.699826862796287974e-02	3.810104500187593696e-02	9.841678663293515483e-02
1.756110587556867813e+03	1.916923163651186868e-01	1.196066180295042025e-01	2.877605636576586190e-01	1.771964309333149967e-01	8.708045527407015651e-02	3.814330394650524564e-02	9.852031179336112610e-02
1.760948357770523216e+03	1.913474732405111289e-01	1.193655723861719725e-01	2.879778042698357132e-01	1.773385605306820878e-01	8.716210345332413290e-02	3.818532278519724127e-02	9.862316333381083988e-02
1.765786127984178393e+03	1.910046814690640471e-01	1.191259453466436136e-01	2.881937052011671052e-01	1.774800025792335201e-01	8.724321646797877916e-02	3.822710352363253850e-02	9.872534541181351986e-02
1.770623898197833569e+03	1.906639289204845045e-01	1.188877284630890513e-01	2.884082750373591075e-01	1.776207596846906545e-01	8.732379760181903372e-02	3.826864813396019943e-02	9.882686215813057951e-02
1.775461668411488745e+03	1.903252035346996995e-01	1.186509133386351583e-01	2.886215223061937563e-01	1.777608344671435803e-01	8.740385012014327548e-02	3.830995855566812075e-02	9.892771767704956754e-02
1.780299438625144376e+03	1.899884933214898153e-01	1.184154916270517277e-01	2.888334554779943275e-01	1.779002295601472827e-01	8.748337726975644046e-02	3.835103669642792729e-02	9.902791604666569270e-02
1.785137208838799552e+03	1.896537863601211182e-01	1.181814550324395557e-01	2.890440829660854138e-01	1.780389476098468149e-01	8.756238227897282511e-02	3.839188443291524644e-02	9.912746131915216308e-02
1.789974979052454728e+03	1.893210707989800845e-01	1.179487953089206204e-01	2.892534131272472830e-01	1.781769912741315853e-01	8.764086835762761873e-02	3.843250361160603645e-02	9.922635752101990891e-02
1.794812749266109904e+03	1.889903348552078588e-01	1.177175042603302302e-01	2.894614542621642972e-01	1.783143632218169850e-01	8.771883869709654058e-02	3.847289604954966941e-02	9.932460865336760480e-02
1.799650519479765535e+03	1.886615668143356572e-01	1.174875737399113662e-01	2.896682146158681137e-01	1.784510661318531588e-01	8.779629647032283213e-02	3.851306353511951830e-02	9.942221869212258811e-02
1.804488289693420711e+03	1.883347550299209472e-01	1.172589956500109665e-01	2.898737023781755018e-01	1.785871026925597571e-01	8.787324483185107726e-02	3.855300782874165194e-02	9.951919158827335354e-02
1.809326059907075887e+03	1.880098879231844877e-01	1.170317619417782368e-01	2.900779256841208298e-01	1.787224756008859994e-01	8.794968691786700377e-02	3.859273066360238702e-02	9.961553126809435943e-02
1.814163830120731291e+03	1.876869539826482025e-01	1.168058646148649460e-01	2.902808926143833346e-01	1.788571875616952744e-01	8.802562584624298858e-02	3.863223374633521778e-02	9.971124163336338164e-02
1.819001600334386467e+03	1.873659417637740521e-01	1.165812957171276920e-01	2.904826111957094503e-01	1.789912412870734160e-01	8.810106471658860072e-02	3.867151875768781721e-02	9.980632656157233107e-02
1.823839370548041643e+03	1.870468398886036832e-01	1.163580473443321245e-01	2.906830894013302524e-01	1.791246394956601817e-01	8.817600661030582099e-02	3.871058735316964400e-02	9.990078990613161791e-02
1.828677140761696819e+03	1.867296370453994658e-01	1.161361116398591103e-01	2.908823351513739608e-01	1.792573849120027707e-01	8.825045459064838338e-02	3.874944116368084224e-02	9.999463549656877059e-02
1.833514910975352450e+03	1.864143219882862246e-01	1.159154807944127730e-01	2.910803563132735583e-01	1.793894802659312948e-01	8.832441170278503006e-02	3.878808179612284329e-02	1.000878671387215868e-01
1.838352681189008081e+03	1.861008835368942183e-01	1.156961470457304741e-01	2.912771607021699682e-01	1.795209282919550398e-01	8.839788097386618027e-02	3.882651083399132202e-02	1.001804886149261220e-01
1.843190451402663257e+03	1.857893105760030639e-01	1.154781026782945863e-01	2.914727560813106244e-01	1.796517317286792370e-01	8.847086541309372165e-02	3.886472983795200009e-02	1.002725036842000844e-01
1.848028221616318433e+03	1.854795920551871313e-01	1.152613400230463325e-01	2.916671501624433782e-01	1.797818933182413759e-01	8.854336801179361893e-02	3.890274034639979589e-02	1.003639160824216642e-01
1.852865991829973609e+03	1.851717169884617153e-01	1.150458514571012086e-01	2.918603506062064645e-01	1.799114158057667223e-01	8.861539174349108983e-02	3.894054387600187628e-02	1.004547295225042686e-01
1.857703762043628785e+03	1.848656744539305674e-01	1.148316294034664453e-01	2.920523650225134715e-01	1.800403019388424064e-01	8.868693956398808476e-02	3.897814192222496393e-02	1.005449476945674547e-01
1.862541532257283961e+03	1.845614535934347877e-01	1.146186663307601911e-01	2.922432009709346468e-01	1.801685544670094119e-01	8.875801441144276493e-02	3.901553595984752487e-02	1.006345742661040737e-01
1.867379302470939592e+03	1.842590436122025777e-01	1.144069547529324715e-01	2.924328659610740955e-01	1.802961761412719965e-01	8.882861920645092335e-02	3.905272744345717612e-02	1.007236128821441534e-01
1.872217072684594768e+03	1.839584337785007406e-01	1.141964872289880500e-01	2.926213674529423159e-01	1.804231697136240431e-01	8.889875685212886292e-02	3.908971780793380618e-02	1.008120671654155753e-01
1.877054842898249490e+03	1.836596134232869881e-01	1.139872563627109814e-01	2.928087128573253484e-01	1.805495379365917308e-01	8.896843023419792607e-02	3.912650846891881085e-02	1.008999407165016293e-01
1.881892613111905121e+03	1.833625719398639109e-01	1.137792548023909001e-01	2.929949095361497058e-01	1.806752835627920550e-01	8.903764222107021786e-02	3.916310082327081193e-02	1.009872371139958619e-01
1.886730383325560297e+03	1.830672987835339771e-01	1.135724752405510712e-01	2.931799648028435845e-01	1.808004093445067240e-01	8.910639566393546707e-02	3.919949624950844203e-02	1.010739599146542461e-01
1.891568153539215928e+03	1.827737834712560849e-01	1.133669104136782735e-01	2.933638859226942452e-01	1.809249180332709594e-01	8.917469339684883090e-02	3.923569610824030607e-02	1.011601126535448397e-01
1.896405923752871104e+03	1.824820155813033362e-01	1.131625531019542219e-01	2.935466801132016190e-01	1.810488123794769255e-01	8.924253823681967124e-02	3.927170174258275137e-02	1.012456988441950423e-01
1.901243693966526507e+03	1.821919847529222258e-01	1.129593961289888371e-01	2.937283545444284161e-01	1.811720951319907846e-01	8.930993298390102475e-02	3.930751447856563330e-02	1.013307219787366598e-01
1.906081464180181683e+03	1.819036806859932465e-01	1.127574323615551793e-01	2.939089163393465154e-01	1.812947690377836318e-01	8.937688042127964194e-02	3.934313562552658322e-02	1.014151855280488179e-01
1.910919234393836859e+03	1.816170931406926592e-01	1.125566547093259789e-01	2.940883725741799681e-01	1.814168368415755017e-01	8.944338331536667852e-02	3.937856647649394526e-02	1.014990929418989191e-01
1.915757004607492036e+03	1.813322119371560126e-01	1.123570561246119287e-01	2.942667302787443928e-01	1.815383012854920874e-01	8.950944441588869205e-02	3.941380830855891609e-02	1.015824476490816280e-01
1.920594774821147894e+03	1.810490269551427722e-01	1.121586296021016144e-01	2.944439964367831508e-01	1.816591651087338388e-01	8.957506645597912431e-02	3.944886238323701277e-02	1.016652530575561375e-01
1.925432545034802843e+03	1.807675281337025597e-01	1.119613681786030129e-01	2.946201779863000803e-01	1.817794310472570229e-01	8.964025215227001964e-02	3.948372994681936810e-02	1.017475125545816012e-01
1.930270315248458019e+03	1.804877054708426687e-01	1.117652649327867120e-01	2.947952818198889546e-01	1.818991018334664700e-01	8.970500420498382643e-02	3.951841223071401316e-02	1.018292295068510267e-01
1.935108085462113195e+03	1.802095490231971631e-01	1.115703129849307251e-01	2.949693147850597774e-01	1.820181801959193935e-01	8.976932529802558736e-02	3.955291045177750792e-02	1.019104072606235173e-01
1.939945855675768371e+03	1.799330489056973903e-01	1.113765054966668333e-01	2.951422836845618014e-01	1.821366688590403404e-01	8.983321809907499067e-02	3.958722581263721813e-02	1.019910491418551390e-01
1.944783625889424002e+03	1.796581952912438551e-01	1.111838356707286479e-01	2.953141952767034950e-01	1.822545705428464946e-01	8.989668525967856039e-02	3.962135950200448148e-02	1.020711584563281926e-01
1.949621396103079178e+03	1.793849784103796474e-01	1.109922967507011582e-01	2.954850562756696220e-01	1.823718879626833600e-01	8.995972941534177703e-02	3.965531269497895445e-02	1.021507384897792359e-01
1.954459166316734354e+03	1.791133885509653134e-01	1.108018820207719163e-01	2.956548733518348238e-01	1.824886238289702700e-01	9.002235318562124000e-02	3.968908655334439650e-02	1.022297925080258019e-01
1.959296936530389530e+03	1.788434160578551979e-01	1.106125848054837074e-01	2.958236531320747598e-01	1.826047808469555833e-01	9.008455917421655246e-02	3.972268222585616931e-02	1.023083237570917015e-01
1.964134706744044706e+03	1.785750513325752575e-01	1.104243984694888575e-01	2.959914022000742495e-01	1.827203617164812333e-01	9.014634996906219222e-02	3.975610084852060355e-02	1.023863354633312850e-01
1.968972476957700337e+03	1.783082848330024284e-01	1.102373164173049563e-01	2.961581270966320290e-01	1.828353691317561036e-01	9.020772814241918847e-02	3.978934354486660802e-02	1.024638308335524134e-01
1.973810247171355968e+03	1.780431070730452980e-01	1.100513320930723293e-01	2.963238343199632308e-01	1.829498057811383138e-01	9.026869625096652083e-02	3.982241142620968066e-02	1.025408130551383606e-01
1.978648017385010689e+03	1.777795086223265542e-01	1.098664389803127306e-01	2.964885303259989779e-01	1.830636743469260530e-01	9.032925683589236587e-02	3.985530559190852973e-02	1.026172852961685644e-01
1.983485787598666320e+03	1.775174801058665430e-01	1.096826306016898123e-01	2.966522215286830910e-01	1.831769775051564075e-01	9.038941242298496881e-02	3.988802712961454777e-02	1.026932507055383637e-01
1.988323557812321269e+03	1.772570122037687712e-01	1.094999005187708846e-01	2.968149143002662971e-01	1.832897179254123765e-01	9.044916552272340426e-02	3.992057711551438154e-02	1.027687124130776536e-01
1.993161328025976900e+03	1.769980956509065173e-01	1.093182423317902996e-01	2.969766149715974968e-01	1.834018982706372425e-01	9.050851863036782352e-02	3.995295661456571557e-02	1.028436735296686388e-01
1.997999098239632076e+03	1.767407212366112756e-01	1.091376496794142642e-01	2.971373298324125889e-01	1.835135211969569635e-01	9.056747422604953524e-02	3.998516668072658181e-02	1.029181371473625456e-01
2.002836868453287707e+03	1.764848798043623657e-01	1.089581162385070967e-01	2.972970651316208524e-01	1.836245893535091711e-01	9.062603477486062820e-02	4.001720835717828550e-02	1.029921063394953346e-01
2.007674638666942428e+03	1.762305622514783732e-01	1.087796357238989819e-01	2.974558270775884972e-01	1.837351053822797176e-01	9.068420272694333040e-02	4.004908267654221782e-02	1.030655841608026368e-01
2.012512408880597604e+03	1.759777595288097851e-01	1.086022018881551143e-01	2.976136218384199394e-01	1.838450719179456627e-01	9.074198051757893790e-02	4.008079066109066640e-02	1.031385736475337184e-01
2.017350179094252780e+03	1.757264626404333729e-01	1.084258085213462980e-01	2.977704555422365229e-01	1.839544915877249220e-01	9.079937056727627187e-02	4.011233332295183890e-02	1.032110778175645283e-01
2.022187949307908411e+03	1.754766626433481025e-01	1.082504494508211013e-01	2.979263342774529089e-01	1.840633670112323816e-01	9.085637528185998291e-02	4.014371166430929366e-02	1.032830996705100118e-01
2.027025719521564042e+03	1.752283506471722652e-01	1.080761185409791630e-01	2.980812640930508017e-01	1.841717008003420919e-01	9.091299705255816155e-02	4.017492667759587494e-02	1.033546421878354660e-01
2.031863489735218764e+03	1.749815178138424132e-01	1.079028096930461228e-01	2.982352509988506206e-01	1.842794955590554840e-01	9.096923825608971281e-02	4.020597934568237442e-02	1.034257083329671451e-01
2.036701259948874394e+03	1.747361553573136272e-01	1.077305168448498968e-01	2.983883009657806729e-01	1.843867538833752762e-01	9.102510125475125891e-02	4.023687064206106501e-02	1.034963010514020759e-01
2.041539030162529116e+03	1.744922545432613659e-01	1.075592339705983003e-01	2.985404199261442737e-01	1.844934783611850981e-01	9.108058839650357008e-02	4.026760153102421774e-02	1.035664232708170540e-01
2.046376800376184747e+03	1.742498066887848418e-01	1.073889550806580856e-01	2.986916137738841459e-01	1.845996715721344994e-01	9.113570201505759305e-02	4.029817296783780312e-02	1.036360779011768762e-01
2.051214570589840150e+03	1.740088031621118136e-01	1.072196742213353399e-01	2.988418883648450985e-01	1.847053360875292594e-01	9.119044442996003530e-02	4.032858589891048784e-02	1.037052678348418522e-01
2.056052340803495554e+03	1.737692353823049318e-01	1.070513854746572291e-01	2.989912495170339857e-01	1.848104744702266655e-01	9.124481794667851919e-02	4.035884126195806582e-02	1.037739959466744966e-01
2.060890111017150957e+03	1.735310948189696112e-01	1.068840829581551161e-01	2.991397030108780553e-01	1.849150892745358432e-01	9.129882485668619485e-02	4.038893998616348291e-02	1.038422650941455833e-01
2.065727881230805451e+03	1.732943729919633191e-01	1.067177608246490383e-01	2.992872545894807446e-01	1.850191830461228037e-01	9.135246743754599219e-02	4.041888299233253184e-02	1.039100781174394639e-01
2.070565651444461309e+03	1.730590614711064179e-01	1.065524132620334352e-01	2.994339099588754771e-01	1.851227583219201278e-01	9.140574795299437338e-02	4.044867119304542541e-02	1.039774378395585813e-01
2.075403421658116713e+03	1.728251518758945893e-01	1.063880344930643318e-01	2.995796747882774613e-01	1.852258176300411452e-01	9.145866865302459958e-02	4.047830549280430346e-02	1.040443470664274145e-01
2.080241191871772116e+03	1.725926358752124801e-01	1.062246187751477028e-01	2.997245547103332686e-01	1.853283634896983612e-01	9.151123177396960906e-02	4.050778678817679168e-02	1.041108085869956318e-01
2.085078962085427065e+03	1.723615051870491244e-01	1.060621604001292517e-01	2.998685553213685795e-01	1.854303984111261572e-01	9.156343953858432638e-02	4.053711596793577870e-02	1.041768251733406619e-01
2.089916732299082469e+03	1.721317515782146979e-01	1.059006536940854115e-01	3.000116821816336543e-01	1.855319248955075162e-01	9.161529415612761074e-02	4.056629391319547390e-02	1.042423995807695153e-01
2.094754502512737417e+03	1.719033668640587986e-01	1.057400930171157188e-01	3.001539408155471378e-01	1.856329454349047170e-01	9.166679782244362140e-02	4.059532149754391944e-02	1.043075345479199528e-01
2.099592272726392821e+03	1.716763429081901993e-01	1.055804727631363682e-01	3.002953367119377548e-01	1.857334625121937755e-01	9.171795272004282240e-02	4.062419958717193580e-02	1.043722327968610863e-01
2.104430042940048224e+03	1.714506716221980143e-01	1.054217873596751537e-01	3.004358753242838409e-01	1.858334786010024942e-01	9.176876101818247367e-02	4.065292904099875038e-02	1.044364970331931874e-01
2.109267813153704083e+03	1.712263449653744773e-01	1.052640312676675488e-01	3.005755620709515408e-01	1.859329961656524255e-01	9.181922487294662261e-02	4.068151071079432329e-02	1.045003299461469970e-01
2.114105583367359031e+03	1.710033549444391066e-01	1.051071989812541324e-01	3.007144023354305085e-01	1.860320176611037213e-01	9.186934642732567935e-02	4.070994544129848125e-02	1.045637342086823407e-01
2.118943353581013525e+03	1.707816936132642571e-01	1.049512850275793052e-01	3.008524014665681090e-01	1.861305455329037850e-01	9.191912781129553400e-02	4.073823407033695665e-02	1.046267124775860785e-01
2.123781123794669384e+03	1.705613530726022009e-01	1.047962839665911167e-01	3.009895647788017325e-01	1.862285822171389216e-01	9.196857114189611881e-02	4.076637742893441524e-02	1.046892673935695822e-01
2.128618894008324787e+03	1.703423254698138156e-01	1.046421903908423823e-01	3.011258975523891102e-01	1.863261301403891512e-01	9.201767852330960951e-02	4.079437634142459024e-02	1.047514015813653526e-01
2.133456664221980191e+03	1.701246029985984676e-01	1.044889989252931056e-01	3.012614050336372418e-01	1.864231917196861876e-01	9.206645204693812701e-02	4.082223162555756457e-02	1.048131176498233175e-01
2.138294434435635139e+03	1.699081778987254487e-01	1.043367042271140382e-01	3.013960924351289927e-01	1.865197693624740527e-01	9.211489379148091183e-02	4.084994409260430531e-02	1.048744181920063107e-01
2.143132204649290543e+03	1.696930424557669126e-01	1.041853009854914053e-01	3.015299649359483025e-01	1.866158654665727445e-01	9.216300582301115152e-02	4.087751454745854746e-02	1.049353057852850657e-01
2.147969974862945492e+03	1.694791890008321700e-01	1.040347839214329217e-01	3.016630276819036727e-01	1.867114824201445145e-01	9.221079019505225294e-02	4.090494378873606868e-02	1.049957829914325569e-01
2.152807745076601350e+03	1.692666099103034283e-01	1.038851477875750023e-01	3.017952857857497673e-01	1.868066226016629194e-01	9.225824894865373993e-02	4.093223260887143833e-02	1.050558523567178687e-01
2.157645515290255844e+03	1.690552976055731127e-01	1.037363873679910675e-01	3.019267443274074592e-01	1.869012883798842894e-01	9.230538411246660968e-02	4.095938179421237252e-02	1.051155164119993157e-01
2.162483285503912157e+03	1.688452445527822976e-01	1.035884974780010986e-01	3.020574083541820998e-01	1.869954821138216927e-01	9.235219770281830054e-02	4.098639212511164670e-02	1.051747776728171185e-01
2.167321055717567106e+03	1.686364432625608867e-01	1.034414729639824004e-01	3.021872828809801792e-01	1.870892061527214267e-01	9.239869172378714635e-02	4.101326437601676700e-02	1.052336386394854828e-01
2.172158825931222509e+03	1.684288862897689865e-01	1.032953087031814460e-01	3.023163728905243763e-01	1.871824628360415632e-01	9.244486816727645606e-02	4.103999931555737946e-02	1.052921017971840817e-01
2.176996596144877003e+03	1.682225662332397786e-01	1.031499996035268735e-01	3.024446833335670548e-01	1.872752544934330188e-01	9.249072901308807992e-02	4.106659770663053516e-02	1.053501696160489970e-01
2.181834366358532861e+03	1.680174757355238357e-01	1.030055406034437043e-01	3.025722191291018159e-01	1.873675834447225685e-01	9.253627622899560090e-02	4.109306030648376962e-02	1.054078445512631051e-01
2.186672136572187810e+03	1.678136074826347413e-01	1.028619266716686992e-01	3.026989851645738305e-01	1.874594519998979969e-01	9.258151177081695715e-02	4.111938786679623925e-02	1.054651290431459082e-01
2.191509906785843214e+03	1.676109542037961531e-01	1.027191528070667964e-01	3.028249862960886163e-01	1.875508624590953022e-01	9.262643758248681469e-02	4.114558113375781784e-02	1.055220255172428512e-01
2.196347676999498617e+03	1.674095086711903102e-01	1.025772140384486331e-01	3.029502273486189834e-01	1.876418171125878165e-01	9.267105559612828780e-02	4.117164084814625008e-02	1.055785363844140290e-01
2.201185447213154021e+03	1.672092636997077886e-01	1.024361054243893288e-01	3.030747131162107033e-01	1.877323182407772684e-01	9.271536773212436799e-02	4.119756774540245248e-02	1.056346640409223797e-01
2.206023217426809424e+03	1.670102121466988110e-01	1.022958220530482965e-01	3.031984483621864013e-01	1.878223681141864831e-01	9.275937589918890891e-02	4.122336255570398234e-02	1.056904108685213922e-01
2.210860987640464373e+03	1.668123469117257507e-01	1.021563590419901357e-01	3.033214378193481164e-01	1.879119689934541648e-01	9.280308199443709771e-02	4.124902600403676511e-02	1.057457792345422032e-01
2.215698757854119776e+03	1.666156609363170782e-01	1.020177115380066640e-01	3.034436861901786409e-01	1.880011231293309271e-01	9.284648790345556568e-02	4.127455881026507317e-02	1.058007714919802361e-01
2.220536528067775180e+03	1.664201472037228347e-01	1.018798747169400443e-01	3.035651981470406935e-01	1.880898327626774336e-01	9.288959550037208246e-02	4.129996168919985999e-02	1.058553899795812436e-01
2.225374298281430583e+03	1.662257987386711044e-01	1.017428437835069810e-01	3.036859783323753170e-01	1.881781001244637597e-01	9.293240664792472294e-02	4.132523535066544296e-02	1.059096370219268918e-01
2.230212068495085077e+03	1.660326086071261531e-01	1.016066139711239852e-01	3.038060313588984429e-01	1.882659274357703638e-01	9.297492319753079826e-02	4.135038049956464568e-02	1.059635149295197892e-01
2.235049838708740936e+03	1.658405699160478974e-01	1.014711805417337492e-01	3.039253618097961795e-01	1.883533169077907243e-01	9.301714698935512060e-02	4.137539783594241377e-02	1.060170259988680724e-01
2.239887608922396339e+03	1.656496758131523750e-01	1.013365387856325350e-01	3.040439742389187683e-01	1.884402707418351697e-01	9.305907985237811542e-02	4.140028805504791798e-02	1.060701725125693384e-01
2.244725379136052197e+03	1.654599194866739897e-01	1.012026840212986445e-01	3.041618731709727075e-01	1.885267911293361243e-01	9.310072360446332296e-02	4.142505184739523477e-02	1.061229567393942308e-01
2.249563149349706237e+03	1.652712941651288681e-01	1.010696115952219587e-01	3.042790631017121550e-01	1.886128802518547976e-01	9.314208005242452515e-02	4.144968989882261146e-02	1.061753809343694288e-01
2.254400919563362095e+03	1.650837931170794637e-01	1.009373168817345179e-01	3.043955484981283877e-01	1.886985402810888723e-01	9.318315099209259489e-02	4.147420289055039899e-02	1.062274473388601231e-01
2.259238689777017044e+03	1.648974096509007170e-01	1.008057952828420728e-01	3.045113337986382063e-01	1.887837733788819417e-01	9.322393820838172085e-02	4.149859149923764562e-02	1.062791581806520613e-01
2.264076459990672902e+03	1.647121371145472690e-01	1.006750422280567742e-01	3.046264234132711191e-01	1.888685816972334175e-01	9.326444347535543800e-02	4.152285639703739289e-02	1.063305156740330520e-01
