1.001418434226643626e+03	2.856815385297843957e-01	1.701367645647105520e-01	2.337254617950161872e-01	1.423991114529231661e-01	6.969366262007704871e-02	2.795581802432004978e-02	7.040764301312635309e-02
1.002869765290740247e+03	2.854179917304279779e-01	1.699780562696688313e-01	2.339006315980887984e-01	1.425085835680604818e-01	6.973910771101017592e-02	2.797996971661590934e-02	7.047565940608567503e-02
1.004321096354836754e+03	2.851549009927072387e-01	1.698196226221430349e-01	2.340754933070323673e-01	1.426178636267393107e-01	6.978447346917150684e-02	2.800408430798966009e-02	7.054356167417467904e-02
1.005772427418933376e+03	2.848922655267071002e-01	1.696614631463893574e-01	2.342500474568594837e-01	1.427269519846083856e-01	6.982976003834297229e-02	2.802816186022712500e-02	7.061134998682343233e-02
1.007223758483029997e+03	2.846300845438849980e-01	1.695035773674913038e-01	2.344242945816555901e-01	1.428358489965091405e-01	6.987496756200489711e-02	2.805220243500538418e-02	7.067902451340653258e-02
1.008675089547126618e+03	2.843683572570690488e-01	1.693459648113580795e-01	2.345982352145805638e-01	1.429445550164790135e-01	6.992009618333698551e-02	2.807620609389298652e-02	7.074658542324113730e-02
1.010126420611223239e+03	2.841070828804553861e-01	1.691886250047232032e-01	2.347718698878703547e-01	1.430530703977542784e-01	6.996514604521930636e-02	2.810017289835017168e-02	7.081403288558510423e-02
1.011577751675319632e+03	2.838462606296057733e-01	1.690315574751431182e-01	2.349451991328385114e-01	1.431613954927729859e-01	7.001011729023322305e-02	2.812410290972907831e-02	7.088136706963513167e-02
1.013029082739416367e+03	2.835858897214452168e-01	1.688747617509955834e-01	2.351182234798778470e-01	1.432695306531780177e-01	7.005501006066235103e-02	2.814799618927396607e-02	7.094858814452487117e-02
1.014480413803512761e+03	2.833259693742595231e-01	1.687182373614782571e-01	2.352909434584620207e-01	1.433774762298199446e-01	7.009982449849348762e-02	2.817185279812142729e-02	7.101569627932316497e-02
1.015931744867609382e+03	2.830664988076929678e-01	1.685619838366073375e-01	2.354633595971472038e-01	1.434852325727599132e-01	7.014456074541755570e-02	2.819567279730060202e-02	7.108269164303220033e-02
1.017383075931706003e+03	2.828074772427458528e-01	1.684060007072161469e-01	2.356354724235734666e-01	1.435928000312726993e-01	7.018921894283053353e-02	2.821945624773338976e-02	7.114957440458573312e-02
1.018834406995802851e+03	2.825489039017720638e-01	1.682502875049534108e-01	2.358072824644666110e-01	1.437001789538493168e-01	7.023379923183439844e-02	2.824320321023467140e-02	7.121634473284728373e-02
1.020285738059899245e+03	2.822907780084768503e-01	1.680948437622821479e-01	2.359787902456396136e-01	1.438073696882001540e-01	7.027830175323801498e-02	2.826691374551250358e-02	7.128300279660847172e-02
1.021737069123995752e+03	2.820330987879141604e-01	1.679396690124780600e-01	2.361499962919942630e-01	1.439143725812576657e-01	7.032272664755809255e-02	2.829058791416834764e-02	7.134954876458719786e-02
1.023188400188092373e+03	2.817758654664844764e-01	1.677847627896280891e-01	2.363209011275227145e-01	1.440211879791792049e-01	7.036707405502007351e-02	2.831422577669726742e-02	7.141598280542596489e-02
1.024639731252188767e+03	2.815190772719324830e-01	1.676301246286290292e-01	2.364915052753090996e-01	1.441278162273498253e-01	7.041134411555902139e-02	2.833782739348814431e-02	7.148230508769019831e-02
1.026091062316285615e+03	2.812627334333445694e-01	1.674757540651861387e-01	2.366618092575310528e-01	1.442342576703851409e-01	7.045553696882055073e-02	2.836139282482389584e-02	7.154851577986653943e-02
1.027542393380382237e+03	2.810068331811463316e-01	1.673216506358115585e-01	2.368318135954613768e-01	1.443405126521340176e-01	7.049965275416172905e-02	2.838492213088167002e-02	7.161461505036120778e-02
1.028993724444478858e+03	2.807513757471005178e-01	1.671678138778230627e-01	2.370015188094695135e-01	1.444465815156813493e-01	7.054369161065196514e-02	2.840841537173306383e-02	7.168060306749836352e-02
1.030445055508575479e+03	2.804963603643045866e-01	1.670142433293425321e-01	2.371709254190231819e-01	1.445524646033508331e-01	7.058765367707385552e-02	2.843187260734432453e-02	7.174647999951848376e-02
1.031896386572671872e+03	2.802417862671880977e-01	1.668609385292945946e-01	2.373400339426899597e-01	1.446581622567076897e-01	7.063153909192414204e-02	2.845529389757656819e-02	7.181224601457675272e-02
1.033347717636768493e+03	2.799876526915107688e-01	1.667078990174050701e-01	2.375088448981387268e-01	1.447636748165612997e-01	7.067534799341450291e-02	2.847867930218597396e-02	7.187790128074149354e-02
1.034799048700865114e+03	2.797339588743598116e-01	1.665551243341997778e-01	2.376773588021413308e-01	1.448690026229679517e-01	7.071908051947246865e-02	2.850202888082399230e-02	7.194344596599254460e-02
1.036250379764961508e+03	2.794807040541476550e-01	1.664026140210029259e-01	2.378455761705741411e-01	1.449741460152334793e-01	7.076273680774229635e-02	2.852534269303756004e-02	7.200888023821978845e-02
1.037701710829058356e+03	2.792278874706097258e-01	1.662503676199358627e-01	2.380134975184195756e-01	1.450791053319160084e-01	7.080631699558585790e-02	2.854862079826930160e-02	7.207420426522155588e-02
1.039153041893154750e+03	2.789755083648020606e-01	1.660983846739155223e-01	2.381811233597676269e-01	1.451838809108285111e-01	7.084982122008343097e-02	2.857186325585771985e-02	7.213941821470312710e-02
1.040604372957251599e+03	2.787235659790989195e-01	1.659466647266530648e-01	2.383484542078174173e-01	1.452884730890413589e-01	7.089324961803458724e-02	2.859507012503742160e-02	7.220452225427521908e-02
1.042055704021347992e+03	2.784720595571905655e-01	1.657952073226525436e-01	2.385154905748788634e-01	1.453928822028851264e-01	7.093660232595906667e-02	2.861824146493930146e-02	7.226951655145254227e-02
1.043507035085444613e+03	2.782209883440808773e-01	1.656440120072094346e-01	2.386822329723740921e-01	1.454971085879530057e-01	7.097987948009758241e-02	2.864137733459077087e-02	7.233440127365227401e-02
1.044958366149541234e+03	2.779703515860850183e-01	1.654930783264092764e-01	2.388486819108389392e-01	1.456011525791035544e-01	7.102308121641269512e-02	2.866447779291592460e-02	7.239917658819264301e-02
1.046409697213637855e+03	2.777201485308271045e-01	1.653424058271262820e-01	2.390148378999246703e-01	1.457050145104630823e-01	7.106620767058961785e-02	2.868754289873576974e-02	7.246384266229148607e-02
1.047861028277734476e+03	2.774703784272382068e-01	1.651919940570218959e-01	2.391807014483993687e-01	1.458086947154282609e-01	7.110925897803706264e-02	2.871057271076841999e-02	7.252839966306481867e-02
1.049312359341831097e+03	2.772210405255535748e-01	1.650418425645434062e-01	2.393462730641495451e-01	1.459121935266687320e-01	7.115223527388808700e-02	2.873356728762929690e-02	7.259284775752546104e-02
1.050763690405927491e+03	2.769721340773105278e-01	1.648919508989226956e-01	2.395115532541815251e-01	1.460155112761295504e-01	7.119513669300085723e-02	2.875652668783132415e-02	7.265718711258160878e-02
1.052215021470024112e+03	2.767236583353464008e-01	1.647423186101747150e-01	2.396765425246232262e-01	1.461186482950336540e-01	7.123796336995955047e-02	2.877945096978512876e-02	7.272141789503545894e-02
1.053666352534120733e+03	2.764756125537959353e-01	1.645929452490960676e-01	2.398412413807254340e-01	1.462216049138845009e-01	7.128071543907509022e-02	2.880234019179924582e-02	7.278554027158190554e-02
1.055117683598217127e+03	2.762279959880891145e-01	1.644438303672637602e-01	2.400056503268634955e-01	1.463243814624683170e-01	7.132339303438600675e-02	2.882519441208031621e-02	7.284955440880715172e-02
1.056569014662313975e+03	2.759808078949489429e-01	1.642949735170338432e-01	2.401697698665387626e-01	1.464269782698567335e-01	7.136599628965924202e-02	2.884801368873327401e-02	7.291346047318740531e-02
1.058020345726410369e+03	2.757340475323890039e-01	1.641463742515398283e-01	2.403336005023801181e-01	1.465293956644092010e-01	7.140852533839088523e-02	2.887079807976155807e-02	7.297725863108756039e-02
1.059471676790506763e+03	2.754877141597114609e-01	1.639980321246916062e-01	2.404971427361454472e-01	1.466316339737753216e-01	7.145098031380708870e-02	2.889354764306730286e-02	7.304094904875987893e-02
1.060923007854603611e+03	2.752418070375045045e-01	1.638499466911738367e-01	2.406603970687233029e-01	1.467336935248974017e-01	7.149336134886476180e-02	2.891626243645153277e-02	7.310453189234274174e-02
1.062374338918700232e+03	2.749963254276404645e-01	1.637021175064446443e-01	2.408233640001342379e-01	1.468355746440127285e-01	7.153566857625237585e-02	2.893894251761435985e-02	7.316800732785934402e-02
1.063825669982796853e+03	2.747512685932728682e-01	1.635545441267343691e-01	2.409860440295323869e-01	1.469372776566560401e-01	7.157790212839079680e-02	2.896158794415518156e-02	7.323137552121651572e-02
1.065277001046893474e+03	2.745066357988349970e-01	1.634072261090441236e-01	2.411484376552069375e-01	1.470388028876618014e-01	7.162006213743402072e-02	2.898419877357286470e-02	7.329463663820337538e-02
1.066728332110990095e+03	2.742624263100371107e-01	1.632601630111444324e-01	2.413105453745837126e-01	1.471401506611667576e-01	7.166214873526995099e-02	2.900677506326595698e-02	7.335779084449020604e-02
1.068179663175086489e+03	2.740186393938642828e-01	1.631133543915738726e-01	2.414723676842266409e-01	1.472413213006120158e-01	7.170416205352120320e-02	2.902931687053286747e-02	7.342083830562719238e-02
1.069630994239183110e+03	2.737752743185745130e-01	1.629667998096377135e-01	2.416339050798391175e-01	1.473423151287455990e-01	7.174610222354586841e-02	2.905182425257206782e-02	7.348377918704321332e-02
1.071082325303279504e+03	2.735323303536959516e-01	1.628204988254065844e-01	2.417951580562656966e-01	1.474431324676246380e-01	7.178796937643822096e-02	2.907429726648227963e-02	7.354661365404469020e-02
1.072533656367376352e+03	2.732898067700249567e-01	1.626744509997151977e-01	2.419561271074934516e-01	1.475437736386177034e-01	7.182976364302957883e-02	2.909673596926266870e-02	7.360934187181442101e-02
1.073984987431472746e+03	2.730477028396239292e-01	1.625286558941608783e-01	2.421168127266535297e-01	1.476442389624071649e-01	7.187148515388896985e-02	2.911914041781302892e-02	7.367196400541041468e-02
1.075436318495569594e+03	2.728060178358190369e-01	1.623831130711022863e-01	2.422772154060225946e-01	1.477445287589913281e-01	7.191313403932392267e-02	2.914151066893399394e-02	7.373448021976475308e-02
1.076887649559666215e+03	2.725647510331977719e-01	1.622378220936580573e-01	2.424373356370243260e-01	1.478446433476868493e-01	7.195471042938121620e-02	2.916384677932720715e-02	7.379689067968242533e-02
1.078338980623762609e+03	2.723239017076070634e-01	1.620927825257055532e-01	2.425971739102309455e-01	1.479445830471309009e-01	7.199621445384765672e-02	2.918614880559551941e-02	7.385919554984027302e-02
1.079790311687859230e+03	2.720834691361507796e-01	1.619479939318793082e-01	2.427567307153645493e-01	1.480443481752833634e-01	7.203764624225074409e-02	2.920841680424317993e-02	7.392139499478586617e-02
1.081241642751955851e+03	2.718434525971878957e-01	1.618034558775700293e-01	2.429160065412987457e-01	1.481439390494292407e-01	7.207900592385949046e-02	2.923065083167603051e-02	7.398348917893640686e-02
1.082692973816052472e+03	2.716038513703297186e-01	1.616591679289229311e-01	2.430750018760600983e-01	1.482433559861806582e-01	7.212029362768508645e-02	2.925285094420168250e-02	7.404547826657763288e-02
1.084144304880149093e+03	2.713646647364382769e-01	1.615151296528366254e-01	2.432337172068294862e-01	1.483425993014792221e-01	7.216150948248169217e-02	2.927501719802971109e-02	7.410736242186281852e-02
1.085595635944245487e+03	2.711258919776238230e-01	1.613713406169616782e-01	2.433921530199436856e-01	1.484416693105980734e-01	7.220265361674710336e-02	2.929714964927184265e-02	7.416914180881167828e-02
1.087046967008342108e+03	2.708875323772426125e-01	1.612278003896993883e-01	2.435503098008967859e-01	1.485405663281441635e-01	7.224372615872352854e-02	2.931924835394214904e-02	7.423081659130932597e-02
1.088498298072438729e+03	2.706495852198948504e-01	1.610845085402003163e-01	2.437081880343416884e-01	1.486392906680603643e-01	7.228472723639826902e-02	2.934131336795721412e-02	7.429238693310526165e-02
1.089949629136535123e+03	2.704120497914224153e-01	1.609414646383632297e-01	2.438657882040914660e-01	1.487378426436276324e-01	7.232565697750449607e-02	2.936334474713634887e-02	7.435385299781235857e-02
1.091400960200631971e+03	2.701749253789067495e-01	1.607986682548335211e-01	2.440231107931209731e-01	1.488362225674672301e-01	7.236651550952188927e-02	2.938534254720175098e-02	7.441521494890586397e-02
1.092852291264728365e+03	2.699382112706665282e-01	1.606561189610020146e-01	2.441801562835681783e-01	1.489344307515426957e-01	7.240730295967738595e-02	2.940730682377870261e-02	7.447647294972242760e-02
1.094303622328825213e+03	2.697019067562557715e-01	1.605138163290036613e-01	2.443369251567357181e-01	1.490324675071620641e-01	7.244801945494588891e-02	2.942923763239576121e-02	7.453762716345907480e-02
1.095754953392921607e+03	2.694660111264614577e-01	1.603717599317161790e-01	2.444934178930921465e-01	1.491303331449799763e-01	7.248866512205093260e-02	2.945113502848493298e-02	7.459867775317230443e-02
1.097206284457018228e+03	2.692305236733014140e-01	1.602299493427587762e-01	2.446496349722736829e-01	1.492280279749997329e-01	7.252924008746540474e-02	2.947299906738185329e-02	7.465962488177707579e-02
1.098657615521114849e+03	2.689954436900220958e-01	1.600883841364909022e-01	2.448055768730854065e-01	1.493255523065753210e-01	7.256974447741230960e-02	2.949482980432598447e-02	7.472046871204594820e-02
1.100108946585211470e+03	2.687607704710965884e-01	1.599470638880108042e-01	2.449612440735027818e-01	1.494229064484136060e-01	7.261017841786532312e-02	2.951662729446078923e-02	7.478120940660806792e-02
1.101560277649308091e+03	2.685265033122222200e-01	1.598059881731544729e-01	2.451166370506731307e-01	1.495200907085763309e-01	7.265054203454959780e-02	2.953839159283392149e-02	7.484184712794827998e-02
1.103011608713404712e+03	2.682926415103187856e-01	1.596651565684940599e-01	2.452717562809170471e-01	1.496171053944820861e-01	7.269083545294238724e-02	2.956012275439738948e-02	7.490238203840625386e-02
1.104462939777501106e+03	2.680591843635259375e-01	1.595245686513367678e-01	2.454266022397297853e-01	1.497139508129084751e-01	7.273105879827375386e-02	2.958182083400776388e-02	7.496281430017553982e-02
1.105914270841597499e+03	2.678261311712014092e-01	1.593842239997235177e-01	2.455811754017827864e-01	1.498106272699940567e-01	7.277121219552723508e-02	2.960348588642633741e-02	7.502314407530270846e-02
1.107365601905694348e+03	2.675934812339186841e-01	1.592441221924276173e-01	2.457354762409249826e-01	1.499071350712403439e-01	7.281129576944050941e-02	2.962511796631931912e-02	7.508337152568650419e-02
1.108816932969790741e+03	2.673612338534649968e-01	1.591042628089535949e-01	2.458895052301843798e-01	1.500034745215139131e-01	7.285130964450613200e-02	2.964671712825800096e-02	7.514349681307694317e-02
1.110268264033887590e+03	2.671293883328391128e-01	1.589646454295358113e-01	2.460432628417693335e-01	1.500996459250482362e-01	7.289125394497208976e-02	2.966828342671895546e-02	7.520352009907445290e-02
1.111719595097984211e+03	2.668979439762492190e-01	1.588252696351371840e-01	2.461967495470700484e-01	1.501956495854457618e-01	7.293112879484255073e-02	2.968981691608419890e-02	7.526344154512908113e-02
1.113170926162080832e+03	2.666669000891107588e-01	1.586861350074478538e-01	2.463499658166599660e-01	1.502914858056798308e-01	7.297093431787853024e-02	2.971131765064137856e-02	7.532326131253963553e-02
1.114622257226177226e+03	2.664362559780444895e-01	1.585472411288841310e-01	2.465029121202972351e-01	1.503871548880967302e-01	7.301067063759852926e-02	2.973278568458394278e-02	7.538297956245286480e-02
1.116073588290273847e+03	2.662060109508742056e-01	1.584085875825869405e-01	2.466555889269260726e-01	1.504826571344174690e-01	7.305033787727914507e-02	2.975422107201134217e-02	7.544259645586269547e-02
1.117524919354370468e+03	2.659761643166246858e-01	1.582701739524207951e-01	2.468079967046781786e-01	1.505779928457399164e-01	7.308993615995580673e-02	2.977562386692917187e-02	7.550211215360932981e-02
1.118976250418467089e+03	2.657467153855195829e-01	1.581319998229722690e-01	2.469601359208741520e-01	1.506731623225405214e-01	7.312946560842337185e-02	2.979699412324937624e-02	7.556152681637856583e-02
1.120427581482563710e+03	2.655176634689793147e-01	1.579940647795489983e-01	2.471120070420249337e-01	1.507681658646764233e-01	7.316892634523677885e-02	2.981833189479041885e-02	7.562084060470096458e-02
1.121878912546660331e+03	2.652890078796188988e-01	1.578563684081782936e-01	2.472636105338331391e-01	1.508630037713872274e-01	7.320831849271171310e-02	2.983963723527744902e-02	7.568005367895111468e-02
1.123330243610756725e+03	2.650607479312461212e-01	1.577189102956057798e-01	2.474149468611945568e-01	1.509576763412968647e-01	7.324764217292524526e-02	2.986091019834249266e-02	7.573916619934681349e-02
1.124781574674853118e+03	2.648328829388589822e-01	1.575816900292943135e-01	2.475660164881993974e-01	1.510521838724156463e-01	7.328689750771644196e-02	2.988215083752461879e-02	7.579817832594842875e-02
1.126232905738949967e+03	2.646054122186441426e-01	1.574447071974226231e-01	2.477168198781339314e-01	1.511465266621419834e-01	7.332608461868700411e-02	2.990335920627010605e-02	7.585709021865805202e-02
1.127684236803046360e+03	2.643783350879744809e-01	1.573079613888840600e-01	2.478673574934815993e-01	1.512407050072642478e-01	7.336520362720191923e-02	2.992453535793264396e-02	7.591590203721880481e-02
1.129135567867143209e+03	2.641516508654072060e-01	1.571714521932853770e-01	2.480176297959246212e-01	1.513347192039627975e-01	7.340425465439011365e-02	2.994567934577347171e-02	7.597461394121418632e-02
1.130586898931239830e+03	2.639253588706816367e-01	1.570351792009454517e-01	2.481676372463452740e-01	1.514285695478115867e-01	7.344323782114497989e-02	2.996679122296158973e-02	7.603322609006725463e-02
1.132038229995336451e+03	2.636994584247171480e-01	1.568991420028940653e-01	2.483173803048273343e-01	1.515222563337801920e-01	7.348215324812512605e-02	2.998787104257389161e-02	7.609173864304000223e-02
1.133489561059432845e+03	2.634739488496112281e-01	1.567633401908706259e-01	2.484668594306574108e-01	1.516157798562355330e-01	7.352100105575493094e-02	3.000891885759537567e-02	7.615015175923266211e-02
1.134940892123529466e+03	2.632488294686373131e-01	1.566277733573228914e-01	2.486160750823264154e-01	1.517091404089436490e-01	7.355978136422514080e-02	3.002993472091929072e-02	7.620846559758302774e-02
1.136392223187626087e+03	2.630240996062427894e-01	1.564924410954058598e-01	2.487650277175308400e-01	1.518023382850716418e-01	7.359849429349352157e-02	3.005091868534731994e-02	7.626668031686573146e-02
1.137843554251722708e+03	2.627997585880468279e-01	1.563573429989804364e-01	2.489137177931741995e-01	1.518953737771894241e-01	7.363713996328545563e-02	3.007187080358975431e-02	7.632479607569163382e-02
1.139294885315819101e+03	2.625758057408384416e-01	1.562224786626121020e-01	2.490621457653683646e-01	1.519882471772713572e-01	7.367571849309456633e-02	3.009279112826565572e-02	7.638281303250717136e-02
1.140746216379915950e+03	2.623522403925745983e-01	1.560878476815698856e-01	2.492103120894350043e-01	1.520809587766982218e-01	7.371423000218328692e-02	3.011367971190303042e-02	7.644073134559370430e-02
1.142197547444012343e+03	2.621290618723776666e-01	1.559534496518249769e-01	2.493582172199068359e-01	1.521735088662588831e-01	7.375267460958351284e-02	3.013453660693900596e-02	7.649855117306685048e-02
1.143648878508108737e+03	2.619062695105339178e-01	1.558192841700495879e-01	2.495058616105290950e-01	1.522658977361520949e-01	7.379105243409715686e-02	3.015536186571998734e-02	7.655627267287590243e-02
1.145100209572205586e+03	2.616838626384911382e-01	1.556853508336156211e-01	2.496532457142608963e-01	1.523581256759881930e-01	7.382936359429678741e-02	3.017615554050184085e-02	7.661389600280323064e-02
1.146551540636302207e+03	2.614618405888567976e-01	1.555516492405935591e-01	2.498003699832765656e-01	1.524501929747908990e-01	7.386760820852618370e-02	3.019691768345006064e-02	7.667142132046358971e-02
1.148002871700398828e+03	2.612402026953959955e-01	1.554181789897511323e-01	2.499472348689669998e-01	1.525420999209990136e-01	7.390578639490096025e-02	3.021764834663992136e-02	7.672884878330357705e-02
1.149454202764495449e+03	2.610189482930292959e-01	1.552849396805522364e-01	2.500938408219410825e-01	1.526338468024681094e-01	7.394389827130914972e-02	3.023834758205667245e-02	7.678617854860106395e-02
1.150905533828591842e+03	2.607980767178308956e-01	1.551519309131555446e-01	2.502401882920269327e-01	1.527254339064722521e-01	7.398194395541177193e-02	3.025901544159568732e-02	7.684341077346457105e-02
1.152356864892688463e+03	2.605775873070264037e-01	1.550191522884134254e-01	2.503862777282732655e-01	1.528168615197058045e-01	7.401992356464341671e-02	3.027965197706262990e-02	7.690054561483268547e-02
1.153808195956785084e+03	2.603574793989910097e-01	1.548866034078707210e-01	2.505321095789508901e-01	1.529081299282849804e-01	7.405783721621285454e-02	3.030025724017363850e-02	7.695758322947353347e-02
1.155259527020881706e+03	2.601377523332473185e-01	1.547542838737633597e-01	2.506776842915539594e-01	1.529992394177496218e-01	7.409568502710361937e-02	3.032083128255547849e-02	7.701452377398421145e-02
1.156710858084978327e+03	2.599184054504635744e-01	1.546221932890174122e-01	2.508230023128012465e-01	1.530901902730648634e-01	7.413346711407456380e-02	3.034137415574570881e-02	7.707136740479024473e-02
1.158162189149074720e+03	2.596994380924513290e-01	1.544903312572476761e-01	2.509680640886375880e-01	1.531809827786227429e-01	7.417118359366040026e-02	3.036188591119285199e-02	7.712811427814496301e-02
1.159613520213171569e+03	2.594808496021637212e-01	1.543586973827565378e-01	2.511128700642353273e-01	1.532716172182439218e-01	7.420883458217229778e-02	3.038236660025656066e-02	7.718476455012912574e-02
1.161064851277267962e+03	2.592626393236933668e-01	1.542272912705328625e-01	2.512574206839953694e-01	1.533620938751792950e-01	7.424642019569853424e-02	3.040281627420778066e-02	7.724131837665025591e-02
1.162516182341364356e+03	2.590448066022703610e-01	1.540961125262506337e-01	2.514017163915487907e-01	1.534524130321116564e-01	7.428394055010492658e-02	3.042323498422891057e-02	7.729777591344219601e-02
1.163967513405461204e+03	2.588273507842603349e-01	1.539651607562677882e-01	2.515457576297580045e-01	1.535425749711573917e-01	7.432139576103548306e-02	3.044362278141398565e-02	7.735413731606455290e-02
1.165418844469557826e+03	2.586102712171623463e-01	1.538344355676251607e-01	2.516895448407180380e-01	1.536325799738679776e-01	7.435878594391291674e-02	3.046397971676881311e-02	7.741040273990222598e-02
1.166870175533654447e+03	2.583935672496071589e-01	1.537039365680450964e-01	2.518330784657581423e-01	1.537224283212317022e-01	7.439611121393924220e-02	3.048430584121115602e-02	7.746657234016490756e-02
1.168321506597751068e+03	2.581772382313550218e-01	1.535736633659304240e-01	2.519763589454429575e-01	1.538121202936751641e-01	7.443337168609633070e-02	3.050460120557088595e-02	7.752264627188656942e-02
1.169772837661847461e+03	2.579612835132937265e-01	1.534436155703631510e-01	2.521193867195737348e-01	1.539016561710650766e-01	7.447056747514643749e-02	3.052486586059015988e-02	7.757862468992507421e-02
1.171224168725944082e+03	2.577457024474367198e-01	1.533137927911032428e-01	2.522621622271898900e-01	1.539910362327096549e-01	7.450769869563272918e-02	3.054509985692356600e-02	7.763450774896157869e-02
1.172675499790040703e+03	2.575304943869211050e-01	1.531841946385876230e-01	2.524046859065700033e-01	1.540802607573602823e-01	7.454476546187994990e-02	3.056530324513829708e-02	7.769029560350011743e-02
1.174126830854137097e+03	2.573156586860056438e-01	1.530548207239288694e-01	2.525469581952334286e-01	1.541693300232130914e-01	7.458176788799479595e-02	3.058547607571429974e-02	7.774598840786717258e-02
1.175578161918233945e+03	2.571011947000689801e-01	1.529256706589139647e-01	2.526889795299414598e-01	1.542582443079105747e-01	7.461870608786662362e-02	3.060561839904445483e-02	7.780158631621124365e-02
1.177029492982330339e+03	2.568871017856073080e-01	1.527967440560032142e-01	2.528307503466988293e-01	1.543470038885430273e-01	7.465558017516787936e-02	3.062573026543472313e-02	7.785708948250230632e-02
1.178480824046426733e+03	2.566733793002328179e-01	1.526680405283290798e-01	2.529722710807547625e-01	1.544356090416501848e-01	7.469239026335469656e-02	3.064581172510431190e-02	7.791249806053145155e-02
1.179932155110523581e+03	2.564600266026714759e-01	1.525395596896949035e-01	2.531135421666044771e-01	1.545240600432228051e-01	7.472913646566740897e-02	3.066586282818582754e-02	7.796781220391046929e-02
1.181383486174620202e+03	2.562470430527610810e-01	1.524113011545738527e-01	2.532545640379903484e-01	1.546123571687040843e-01	7.476581889513110590e-02	3.068588362472544906e-02	7.802303206607137664e-02
1.182834817238716823e+03	2.560344280114496551e-01	1.522832645381076433e-01	2.533953371279034084e-01	1.547005006929913495e-01	7.480243766455614562e-02	3.070587416468307726e-02	7.807815780026602925e-02
1.184286148302813444e+03	2.558221808407931119e-01	1.521554494561054849e-01	2.535358618685843446e-01	1.547884908904374468e-01	7.483899288653869664e-02	3.072583449793249433e-02	7.813318955956569112e-02
1.185737479366910065e+03	2.556103009039534246e-01	1.520278555250428043e-01	2.536761386915252214e-01	1.548763280348523508e-01	7.487548467346122338e-02	3.074576467426152343e-02	7.818812749686068764e-02
1.187188810431006686e+03	2.553987875651969053e-01	1.519004823620601907e-01	2.538161680274703680e-01	1.549640123995045804e-01	7.491191313749312464e-02	3.076566474337219526e-02	7.824297176485991989e-02
1.188640141495103080e+03	2.551876401898919844e-01	1.517733295849620911e-01	2.539559503064178214e-01	1.550515442571227531e-01	7.494827839059113594e-02	3.078553475488089025e-02	7.829772251609058709e-02
1.190091472559199701e+03	2.549768581445075455e-01	1.516463968122157835e-01	2.540954859576207703e-01	1.551389238798971115e-01	7.498458054449989862e-02	3.080537475831851904e-02	7.835237990289770083e-02
1.191542803623296322e+03	2.547664407966107047e-01	1.515196836629501276e-01	2.542347754095886092e-01	1.552261515394809388e-01	7.502081971075248712e-02	3.082518480313065079e-02	7.840694407744379368e-02
1.192994134687392716e+03	2.545563875148651456e-01	1.513931897569544827e-01	2.543738190900884932e-01	1.553132275069920576e-01	7.505699600067093635e-02	3.084496493867769015e-02	7.846141519170850287e-02
1.194445465751489564e+03	2.543466976690291204e-01	1.512669147146774862e-01	2.545126174261463925e-01	1.554001520530144120e-01	7.509310952536671357e-02	3.086471521423503339e-02	7.851579339748818165e-02
1.195896796815585958e+03	2.541373706299535629e-01	1.511408581572259713e-01	2.546511708440483690e-01	1.554869254475992890e-01	7.512916039574128735e-02	3.088443567899321063e-02	7.857007884639564954e-02
1.197348127879682352e+03	2.539284057695801455e-01	1.510150197063637179e-01	2.547894797693421309e-01	1.555735479602670390e-01	7.516514872248658552e-02	3.090412638205805931e-02	7.862427168985972048e-02
1.198799458943779200e+03	2.537198024609393920e-01	1.508893989845103700e-01	2.549275446268379208e-01	1.556600198600083529e-01	7.520107461608553645e-02	3.092378737245086648e-02	7.867837207912492525e-02
1.200250790007875821e+03	2.535115600781487344e-01	1.507639956147403815e-01	2.550653658406101254e-01	1.557463414152858439e-01	7.523693818681254086e-02	3.094341869910853526e-02	7.873238016525117844e-02
1.201702121071972442e+03	2.533036779964107366e-01	1.506388092207816554e-01	2.552029438339984413e-01	1.558325128940353244e-01	7.527273954473404083e-02	3.096302041088373064e-02	7.878629609911340370e-02
1.203153452136069063e+03	2.530961555920109851e-01	1.505138394270146562e-01	2.553402790296090963e-01	1.559185345636673325e-01	7.530847879970896386e-02	3.098259255654502164e-02	7.884012003140127012e-02
1.204604783200165684e+03	2.528889922423164793e-01	1.503890858584709389e-01	2.554773718493161816e-01	1.560044066910685201e-01	7.534415606138925026e-02	3.100213518477707222e-02	7.889385211261880360e-02
1.206056114264262078e+03	2.526821873257734663e-01	1.502645481408323713e-01	2.556142227142629286e-01	1.560901295426032065e-01	7.537977143922035272e-02	3.102164834418076611e-02	7.894749249308412320e-02
1.207507445328358699e+03	2.524757402219058311e-01	1.501402259004298023e-01	2.557508320448628747e-01	1.561757033841145170e-01	7.541532504244170820e-02	3.104113208327336296e-02	7.900104132292913584e-02
1.208958776392455093e+03	2.522696503113129873e-01	1.500161187642418958e-01	2.558872002608011953e-01	1.562611284809260204e-01	7.545081698008723747e-02	3.106058645048865793e-02	7.905449875209920318e-02
1.210410107456551941e+03	2.520639169756680453e-01	1.498922263598941873e-01	2.560233277810360364e-01	1.563464050978430608e-01	7.548624736098587251e-02	3.108001149417713091e-02	7.910786493035286415e-02
1.211861438520648335e+03	2.518585395977160912e-01	1.497685483156577235e-01	2.561592150237996801e-01	1.564315334991541184e-01	7.552161629376201446e-02	3.109940726260609911e-02	7.916114000726152955e-02
1.213312769584745183e+03	2.516535175612721331e-01	1.496450842604480636e-01	2.562948624065998215e-01	1.565165139486321411e-01	7.555692388683601934e-02	3.111877380395987325e-02	7.921432413220923230e-02
1.214764100648841804e+03	2.514488502512193246e-01	1.495218338238241684e-01	2.564302703462208455e-01	1.566013467095360434e-01	7.559217024842468380e-02	3.113811116633990669e-02	7.926741745439230824e-02
1.216215431712937971e+03	2.512445370535070222e-01	1.493987966359872077e-01	2.565654392587250476e-01	1.566860320446120391e-01	7.562735548654178630e-02	3.115741939776493774e-02	7.932042012281916021e-02
1.217666762777034819e+03	2.510405773551491748e-01	1.492759723277795048e-01	2.567003695594539114e-01	1.567705702160949455e-01	7.566247970899848962e-02	3.117669854617116307e-02	7.937333228630996662e-02
1.219118093841131440e+03	2.508369705442220488e-01	1.491533605306833987e-01	2.568350616630294403e-01	1.568549614857095986e-01	7.569754302340386820e-02	3.119594865941236264e-02	7.942615409349640387e-02
1.220569424905228061e+03	2.506337160098627836e-01	1.490309608768200789e-01	2.569695159833551568e-01	1.569392061146721862e-01	7.573254553716536608e-02	3.121516978526006278e-02	7.947888569282143822e-02
1.222020755969324682e+03	2.504308131422672834e-01	1.489087729989485298e-01	2.571037329336176569e-01	1.570233043636916070e-01	7.576748735748925490e-02	3.123436197140369228e-02	7.953152723253906209e-02
1.223472087033421303e+03	2.502282613326883842e-01	1.487867965304643936e-01	2.572377129262876649e-01	1.571072564929707482e-01	7.580236859138120287e-02	3.125352526545072118e-02	7.958407886071397486e-02
1.224923418097517697e+03	2.500260599734342448e-01	1.486650311053988316e-01	2.573714563731212546e-01	1.571910627622078727e-01	7.583718934564660785e-02	3.127265971492681346e-02	7.963654072522144411e-02
1.226374749161614318e+03	2.498242084578662370e-01	1.485434763584174700e-01	2.575049636851612367e-01	1.572747234305980069e-01	7.587194972689119410e-02	3.129176536727597269e-02	7.968891297374701421e-02
1.227826080225710712e+03	2.496227061803971692e-01	1.484221319248192617e-01	2.576382352727381586e-01	1.573582387568341345e-01	7.590664984152138695e-02	3.131084226986070168e-02	7.974119575378628422e-02
1.229277411289807560e+03	2.494215525364896213e-01	1.483009974405354037e-01	2.577712715454718584e-01	1.574416089991085566e-01	7.594128979574484017e-02	3.132989046996214472e-02	7.979338921264468587e-02
1.230728742353903954e+03	2.492207469226538630e-01	1.481800725421281162e-01	2.579040729122724640e-01	1.575248344151142510e-01	7.597586969557088010e-02	3.134891001478022632e-02	7.984549349743726154e-02
1.232180073418000802e+03	2.490202887364462436e-01	1.480593568667897819e-01	2.580366397813416146e-01	1.576079152620461221e-01	7.601038964681097743e-02	3.136790095143381085e-02	7.989750875508846994e-02
1.233631404482097196e+03	2.488201773764672498e-01	1.479388500523416416e-01	2.581689725601738483e-01	1.576908517966022494e-01	7.604484975507917743e-02	3.138686332696084824e-02	7.994943513233193633e-02
1.235082735546193817e+03	2.486204122423596730e-01	1.478185517372327951e-01	2.583010716555577679e-01	1.577736442749853585e-01	7.607925012579264124e-02	3.140579718831851969e-02	8.000127277571027207e-02
1.236534066610290438e+03	2.484209927348068614e-01	1.476984615605390072e-01	2.584329374735769846e-01	1.578562929529039038e-01	7.611359086417197883e-02	3.142470258238337644e-02	8.005302183157485263e-02
1.237985397674387059e+03	2.482219182555308878e-01	1.475785791619617093e-01	2.585645704196119499e-01	1.579387980855734286e-01	7.614787207524180424e-02	3.144357955595149939e-02	8.010468244608566490e-02
1.239436728738483680e+03	2.480231882072907179e-01	1.474589041818268886e-01	2.586959708983405104e-01	1.580211599277178691e-01	7.618209386383116566e-02	3.146242815573864482e-02	8.015625476521107129e-02
1.240888059802580301e+03	2.478248019938804336e-01	1.473394362610840058e-01	2.588271393137396292e-01	1.581033787335707208e-01	7.621625633457398963e-02	3.148124842838037618e-02	8.020773893472764315e-02
1.242339390866676695e+03	2.476267590201274016e-01	1.472201750413048571e-01	2.589580760690862737e-01	1.581854547568764813e-01	7.625035959190953894e-02	3.150004042043222374e-02	8.025913510022000819e-02
1.243790721930773088e+03	2.474290586918904411e-01	1.471011201646825473e-01	2.590887815669588590e-01	1.582673882508917051e-01	7.628440374008284286e-02	3.151880417836983028e-02	8.031044340708060059e-02
1.245242052994869937e+03	2.472317004160581033e-01	1.469822712740303239e-01	2.592192562092382468e-01	1.583491794683863640e-01	7.631838888314519675e-02	3.153753974858906906e-02	8.036166400050953618e-02
1.246693384058966330e+03	2.470346836005468671e-01	1.468636280127806060e-01	2.593495003971090784e-01	1.584308286616450956e-01	7.635231512495453676e-02	3.155624717740623114e-02	8.041279702551445974e-02
1.248144715123063179e+03	2.468380076542992518e-01	1.467451900249838737e-01	2.594795145310609397e-01	1.585123360824683969e-01	7.638618256917589777e-02	3.157492651105812259e-02	8.046384262691036460e-02
1.249596046187159800e+03	2.466416719872821239e-01	1.466269569553075025e-01	2.596092990108897491e-01	1.585937019821739014e-01	7.641999131928195466e-02	3.159357779570225871e-02	8.051480094931941223e-02
1.251047377251256421e+03	2.464456760104848654e-01	1.465089284490348198e-01	2.597388542356985908e-01	1.586749266115975165e-01	7.645374147855329983e-02	3.161220107741697510e-02	8.056567213717077958e-02
1.252498708315352815e+03	2.462500191359176804e-01	1.463911041520639111e-01	2.598681806038992681e-01	1.587560102210947843e-01	7.648743315007903998e-02	3.163079640220157335e-02	8.061645633470056194e-02
1.253950039379449436e+03	2.460547007766096805e-01	1.462734837109065655e-01	2.599972785132133590e-01	1.588369530605420188e-01	7.652106643675711528e-02	3.164936381597648063e-02	8.066715368595157865e-02
1.255401370443546057e+03	2.458597203466071912e-01	1.461560667726873597e-01	2.601261483606733260e-01	1.589177553793374720e-01	7.655464144129479898e-02	3.166790336458335381e-02	8.071776433477323431e-02
1.256852701507642678e+03	2.456650772609719757e-01	1.460388529851423811e-01	2.602547905426238484e-01	1.589984174264026939e-01	7.658815826620912759e-02	3.168641509378527371e-02	8.076828842482140780e-02
1.258304032571739299e+03	2.454707709357794587e-01	1.459218419966182845e-01	2.603832054547229879e-01	1.590789394501835596e-01	7.662161701382728951e-02	3.170489904926684921e-02	8.081872609955828568e-02
1.259755363635835920e+03	2.452768007881169499e-01	1.458050334560712369e-01	2.605113934919431884e-01	1.591593216986515735e-01	7.665501778628712459e-02	3.172335527663439070e-02	8.086907750225225122e-02
1.261206694699932314e+03	2.450831662360819230e-01	1.456884270130656966e-01	2.606393550485728294e-01	1.592395644193049797e-01	7.668836068553749885e-02	3.174178382141601418e-02	8.091934277597778724e-02
1.262658025764028707e+03	2.448898666987801842e-01	1.455720223177735528e-01	2.607670905182170595e-01	1.593196678591700666e-01	7.672164581333872080e-02	3.176018472906180085e-02	8.096952206361526794e-02
1.264109356828125556e+03	2.446969015963241512e-01	1.454558190209730428e-01	2.608946002937992392e-01	1.593996322648022490e-01	7.675487327126305492e-02	3.177855804494394282e-02	8.101961550785095889e-02
1.265560687892221949e+03	2.445042703498311043e-01	1.453398167740475033e-01	2.610218847675619958e-01	1.594794578822872899e-01	7.678804316069505476e-02	3.179690381435688190e-02	8.106962325117683665e-02
1.267012018956318798e+03	2.443119723814214661e-01	1.452240152289845099e-01	2.611489443310683334e-01	1.595591449572423826e-01	7.682115558283200696e-02	3.181522208251744838e-02	8.111954543589046385e-02
1.268463350020415419e+03	2.441200071142170525e-01	1.451084140383747667e-01	2.612757793752029656e-01	1.596386937348174828e-01	7.685421063868440317e-02	3.183351289456499283e-02	8.116938220409493365e-02
1.269914681084511813e+03	2.439283739723391853e-01	1.449930128554110798e-01	2.614023902901734253e-01	1.597181044596962807e-01	7.688720842907630082e-02	3.185177629556153189e-02	8.121913369769874491e-02
1.271366012148608434e+03	2.437370723809071660e-01	1.448778113338872187e-01	2.615287774655112862e-01	1.597973773760975047e-01	7.692014905464575336e-02	3.187001233049189391e-02	8.126880005841570498e-02
1.272817343212705055e+03	2.435461017660364158e-01	1.447628091281970286e-01	2.616549412900731064e-01	1.598765127277760323e-01	7.695303261584524046e-02	3.188822104426385085e-02	8.131838142776481870e-02
1.274268674276801676e+03	2.433554615548367550e-01	1.446480058933331536e-01	2.617808821520420381e-01	1.599555107580239721e-01	7.698585921294209822e-02	3.190640248170825005e-02	8.136787794707026067e-02
1.275720005340898297e+03	2.431651511754106820e-01	1.445334012848862315e-01	2.619066004389283830e-01	1.600343717096718854e-01	7.701862894601889387e-02	3.192455668757917392e-02	8.141728975746119479e-02
1.277171336404994690e+03	2.429751700568516526e-01	1.444189949590437283e-01	2.620320965375714239e-01	1.601130958250898961e-01	7.705134191497388374e-02	3.194268370655405781e-02	8.146661699987180205e-02
1.278622667469091539e+03	2.427855176292423312e-01	1.443047865725888834e-01	2.621573708341401465e-01	1.601916833461887457e-01	7.708399821952138797e-02	3.196078358323384272e-02	8.151585981504110012e-02
1.280073998533187932e+03	2.425961933236528700e-01	1.441907757828997660e-01	2.622824237141345716e-01	1.602701345144210698e-01	7.711659795919219296e-02	3.197885636214309324e-02	8.156501834351294333e-02
1.281525329597284326e+03	2.424071965721392719e-01	1.440769622479481094e-01	2.624072555623866432e-01	1.603484495707823698e-01	7.714914123333398155e-02	3.199690208773015021e-02	8.161409272563591166e-02
1.282976660661381175e+03	2.422185268077415576e-01	1.439633456262983668e-01	2.625318667630618941e-01	1.604266287558122894e-01	7.718162814111177716e-02	3.201492080436726950e-02	8.166308310156326911e-02
1.284427991725477568e+03	2.420301834644821015e-01	1.438499255771066854e-01	2.626562576996602227e-01	1.605046723095955585e-01	7.721405878150826296e-02	3.203291255635075385e-02	8.171198961125285265e-02
1.285879322789574417e+03	2.418421659773639376e-01	1.437367017601198227e-01	2.627804287550171147e-01	1.605825804717631866e-01	7.724643325332423982e-02	3.205087738790109164e-02	8.176081239446710003e-02
1.287330653853671038e+03	2.416544737823689559e-01	1.436236738356741760e-01	2.629043803113047528e-01	1.606603534814935730e-01	7.727875165517902878e-02	3.206881534316308874e-02	8.180955159077286931e-02
1.288781984917767431e+03	2.414671063164563758e-01	1.435108414646946995e-01	2.630281127500333493e-01	1.607379915775136170e-01	7.731101408551087351e-02	3.208672646620599339e-02	8.185820733954150830e-02
1.290233315981864052e+03	2.412800630175609418e-01	1.433982043086939051e-01	2.631516264520520898e-01	1.608154949980997173e-01	7.734322064257728724e-02	3.210461080102366971e-02	8.190677977994872960e-02
