1.301360187473271253e+03	2.398251928993776760e-01	1.432774841140781741e-01	2.617116895019496736e-01	1.628972327531251763e-01	7.710770523627681616e-02	3.223945682671602864e-02	8.294123866843250426e-02
1.306197957686926657e+03	2.392141749841485421e-01	1.429051904444205157e-01	2.621039482623519490e-01	1.631594397663452822e-01	7.721345315328641268e-02	3.229850264450982722e-02	8.310529074489352019e-02
1.311035727900581833e+03	2.386066647788499528e-01	1.425350341004174293e-01	2.624938874590810878e-01	1.634201329926125157e-01	7.731859944105723415e-02	3.235725486559094116e-02	8.326842636234689510e-02
1.315873498114237009e+03	2.380026421278772786e-01	1.421670027999068775e-01	2.628815211361198445e-01	1.636793210407803401e-01	7.742314757247106827e-02	3.241571508564645987e-02	8.343065023715412476e-02
1.320711268327892412e+03	2.374020869916594612e-01	1.418010843314481406e-01	2.632668632457362823e-01	1.639370124716632571e-01	7.752710100024876039e-02	3.247388489138689632e-02	8.359196706781321651e-02
1.325549038541547588e+03	2.368049794459874124e-01	1.414372665539123108e-01	2.636499276491821031e-01	1.641932157983032048e-01	7.763046315706810530e-02	3.253176586059738223e-02	8.375238153490549564e-02
1.330386808755202765e+03	2.362112996813466315e-01	1.410755373960753400e-01	2.640307281173845944e-01	1.644479394862340405e-01	7.773323745568112841e-02	3.258935956218855790e-02	8.391189830104570091e-02
1.335224578968857941e+03	2.356210280022536796e-01	1.407158848562133080e-01	2.644092783316320805e-01	1.647011919537441915e-01	7.783542728903070085e-02	3.264666755624715672e-02	8.407052201083488330e-02
1.340062349182513572e+03	2.350341448265964583e-01	1.403582970017001330e-01	2.647855918842533240e-01	1.649529815721371417e-01	7.793703603036633565e-02	3.270369139408631221e-02	8.422825729081631629e-02
1.344900119396168748e+03	2.344506306849784005e-01	1.400027619686077529e-01	2.651596822792901542e-01	1.652033166659904462e-01	7.803806703335945671e-02	3.276043261829559433e-02	8.438510874943420947e-02
1.349737889609823924e+03	2.338704662200666029e-01	1.396492679613083598e-01	2.655315629331645444e-01	1.654522055134126923e-01	7.813852363221782116e-02	3.281689276279070588e-02	8.454108097699529478e-02
1.354575659823479100e+03	2.332936321859435946e-01	1.392978032520793552e-01	2.659012471753388618e-01	1.656996563462987127e-01	7.823840914179948369e-02	3.287307335286297760e-02	8.469617854563300796e-02
1.359413430037134731e+03	2.327201094474630472e-01	1.389483561807103584e-01	2.662687482489706770e-01	1.659456773505831595e-01	7.833772685772581734e-02	3.292897590522846779e-02	8.485040600927444554e-02
1.364251200250789907e+03	2.321498789796092865e-01	1.386009151541125195e-01	2.666340793115610786e-01	1.661902766664922759e-01	7.843648005649409005e-02	3.298460192807688846e-02	8.500376790360981982e-02
1.369088970464445310e+03	2.315829218668604972e-01	1.382554686459303572e-01	2.669972534355969929e-01	1.664334623887941400e-01	7.853467199558926415e-02	3.303995292112018450e-02	8.515626874606452290e-02
1.373926740678100487e+03	2.310192193025554785e-01	1.379120051961556515e-01	2.673582836091880632e-01	1.666752425670471605e-01	7.863230591359514354e-02	3.309503037564083539e-02	8.530791303577360540e-02
1.378764510891755890e+03	2.304587525882645371e-01	1.375705134107436944e-01	2.677171827366972012e-01	1.669156252058469070e-01	7.872938503030495194e-02	3.314983577453994162e-02	8.545870525355868386e-02
1.383602281105411066e+03	2.299015031331636816e-01	1.372309819612316517e-01	2.680739636393656422e-01	1.671546182650716639e-01	7.882591254683106452e-02	3.320437059238492972e-02	8.560864986190726278e-02
1.388440051319066470e+03	2.293474524534126480e-01	1.368933995843594764e-01	2.684286390559321722e-01	1.673922296601259574e-01	7.892189164571432325e-02	3.325863629545711131e-02	8.575775130495423559e-02
1.393277821532721646e+03	2.287965821715364501e-01	1.365577550816926833e-01	2.687812216432465262e-01	1.676284672621830563e-01	7.901732549103250569e-02	3.331263434179882604e-02	8.590601400846577251e-02
1.398115591746377049e+03	2.282488740158108154e-01	1.362240373192475651e-01	2.691317239768777347e-01	1.678633388984256680e-01	7.911221722850825255e-02	3.336636618126045950e-02	8.605344237982533173e-02
1.402953361960032225e+03	2.277043098196508686e-01	1.358922352271186018e-01	2.694801585517159204e-01	1.680968523522852476e-01	7.920656998561638462e-02	3.341983325554707257e-02	8.620004080802178004e-02
1.407791132173687402e+03	2.271628715210035898e-01	1.355623377991078682e-01	2.698265377825697087e-01	1.683290153636798347e-01	7.930038687169048417e-02	3.347303699826482265e-02	8.634581366363963673e-02
1.412628902387342805e+03	2.266245411617438532e-01	1.352343340923568005e-01	2.701708740047573665e-01	1.685598356292504207e-01	7.939367097802892126e-02	3.352597883496712117e-02	8.649076529885144082e-02
1.417466672600997981e+03	2.260893008870739629e-01	1.349082132269800727e-01	2.705131794746931106e-01	1.687893208025961211e-01	7.948642537800020003e-02	3.357866018320049273e-02	8.663490004741197792e-02
1.422304442814653157e+03	2.255571329449264917e-01	1.345839643857015544e-01	2.708534663704677548e-01	1.690174784945077113e-01	7.957865312714779149e-02	3.363108245255020529e-02	8.677822222465453317e-02
1.427142213028308333e+03	2.250280196853709780e-01	1.342615768134924059e-01	2.711917467924239711e-01	1.692443162731998851e-01	7.967035726329411982e-02	3.368324704468561581e-02	8.692073612748897615e-02
1.431979983241963964e+03	2.245019435600238700e-01	1.339410398172114491e-01	2.715280327637271118e-01	1.694698416645422090e-01	7.976154080664421553e-02	3.373515535340525229e-02	8.706244603440181640e-02
1.436817753455619140e+03	2.239788871214619115e-01	1.336223427652474260e-01	2.718623362309297575e-01	1.696940621522887438e-01	7.985220675988852213e-02	3.378680876468167366e-02	8.720335620545792421e-02
1.441655523669274316e+03	2.234588330226389696e-01	1.333054750871634497e-01	2.721946690645319356e-01	1.699169851783061957e-01	7.994235810830523092e-02	3.383820865670603140e-02	8.734347088230415279e-02
1.446493293882929493e+03	2.229417640163063874e-01	1.329904262733435649e-01	2.725250430595360651e-01	1.701386181428010402e-01	8.003199781986192196e-02	3.388935639993238130e-02	8.748279428817457015e-02
1.451331064096585123e+03	2.224276629544365003e-01	1.326771858746413346e-01	2.728534699359971283e-01	1.703589684045451469e-01	8.012112884531666368e-02	3.394025335712176628e-02	8.762133062789748128e-02
1.456168834310240300e+03	2.219165127876497612e-01	1.323657435020303974e-01	2.731799613395671789e-01	1.705780432811001834e-01	8.020975411831850199e-02	3.399090088338602850e-02	8.775908408790394910e-02
1.461006604523895703e+03	2.214082965646451406e-01	1.320560888262573285e-01	2.735045288420358545e-01	1.707958500490409093e-01	8.029787655550732484e-02	3.404130032623136487e-02	8.789605883623809179e-02
1.465844374737550879e+03	2.209029974316335798e-01	1.317482115774961660e-01	2.738271839418656151e-01	1.710123959441770813e-01	8.038549905661317163e-02	3.409145302560163265e-02	8.803225902256875401e-02
1.470682144951206283e+03	2.204005986317751631e-01	1.314421015450052965e-01	2.741479380647221520e-01	1.712276881617741664e-01	8.047262450455493210e-02	3.414136031392144000e-02	8.816768877820287120e-02
1.475519915164861459e+03	2.199010835046193713e-01	1.311377485767860895e-01	2.744668025640000231e-01	1.714417338567728599e-01	8.055925576553843448e-02	3.419102351613893809e-02	8.830235221610023555e-02
1.480357685378516862e+03	2.194044354855485823e-01	1.308351425792437239e-01	2.747837887213440689e-01	1.716545401440074670e-01	8.064539568915402024e-02	3.424044394976839822e-02	8.843625343088966362e-02
1.485195455592172038e+03	2.189106381052247918e-01	1.305342735168497914e-01	2.750989077471656108e-01	1.718661140984229507e-01	8.073104710847350818e-02	3.428962292493255293e-02	8.856939649888673216e-02
1.490033225805827215e+03	2.184196749890397471e-01	1.302351314118070646e-01	2.754121707811540976e-01	1.720764627552910930e-01	8.081621284014653406e-02	3.433856174440465953e-02	8.870178547811270742e-02
1.494870996019482618e+03	2.179315298565680514e-01	1.299377063437161250e-01	2.757235888927849765e-01	1.722855931104250449e-01	8.090089568449636281e-02	3.438726170365035556e-02	8.883342440831497322e-02
1.499708766233137567e+03	2.174461865210235711e-01	1.296419884492439056e-01	2.760331730818219031e-01	1.724935121203932942e-01	8.098509842561521510e-02	3.443572409086926439e-02	8.896431731098866647e-02
1.504546536446793198e+03	2.169636288887191178e-01	1.293479679217942879e-01	2.763409342788155643e-01	1.727002267027319404e-01	8.106882383145885829e-02	3.448395018703635101e-02	8.909446818939965873e-02
1.509384306660448374e+03	2.164838409585290169e-01	1.290556350111804473e-01	2.766468833455975607e-01	1.729057437361562199e-01	8.115207465394078112e-02	3.453194126594306274e-02	8.922388102860874526e-02
1.514222076874103550e+03	2.160068068213550352e-01	1.287649800232992525e-01	2.769510310757699045e-01	1.731100700607707821e-01	8.123485362902571616e-02	3.457969859423818543e-02	8.935255979549705518e-02
1.519059847087758726e+03	2.155325106595953333e-01	1.284759933198074688e-01	2.772533881951902979e-01	1.733132124782788830e-01	8.131716347682266255e-02	3.462722343146856091e-02	8.948050843879265526e-02
1.523897617301414357e+03	2.150609367466164712e-01	1.281886653178000712e-01	2.775539653624538028e-01	1.735151777521904137e-01	8.139900690167738151e-02	3.467451703011945746e-02	8.960773088909831929e-02
1.528735387515069533e+03	2.145920694462285505e-01	1.279029864894900281e-01	2.778527731693690161e-01	1.737159726080288735e-01	8.148038659226425340e-02	3.472158063565479458e-02	8.973423105892035234e-02
1.533573157728724709e+03	2.141258932121635206e-01	1.276189473618903059e-01	2.781498221414312466e-01	1.739156037335374272e-01	8.156130522167767682e-02	3.476841548655707631e-02	8.986001284269864997e-02
1.538410927942380113e+03	2.136623925875562047e-01	1.273365385164975661e-01	2.784451227382908622e-01	1.741140777788835470e-01	8.164176544752288489e-02	3.481502281436715807e-02	8.998508011683763186e-02
1.543248698156035516e+03	2.132015522044286293e-01	1.270557505889778060e-01	2.787386853542180853e-01	1.743114013568629050e-01	8.172176991200623408e-02	3.486140384372371503e-02	9.010943673973841050e-02
1.548086468369690692e+03	2.127433567831773231e-01	1.267765742688536645e-01	2.790305203185633465e-01	1.745075810431020724e-01	8.180132124202496580e-02	3.490755979240254409e-02	9.023308655183182037e-02
1.552924238583346096e+03	2.122877911320635302e-01	1.264990002991937257e-01	2.793206378962137526e-01	1.747026233762601910e-01	8.188042204925641276e-02	3.495349187135563668e-02	9.035603337561251558e-02
1.557762008797001272e+03	2.118348401467062547e-01	1.262230194763035440e-01	2.796090482880457806e-01	1.748965348582295076e-01	8.195907493024673363e-02	3.499920128474994646e-02	9.047828101567403913e-02
1.562599779010656675e+03	2.113844888095785246e-01	1.259486226494184458e-01	2.798957616313739738e-01	1.750893219543350754e-01	8.203728246649902300e-02	3.504468923000605279e-02	9.059983325874472471e-02
1.567437549224311852e+03	2.109367221895065148e-01	1.256758007203982452e-01	2.801807880003956419e-01	1.752809910935333171e-01	8.211504722456100525e-02	3.508995689783651895e-02	9.072069387372462546e-02
1.572275319437967255e+03	2.104915254411713899e-01	1.254045446434235156e-01	2.804641374066318971e-01	1.754715486686095616e-01	8.219237175611215918e-02	3.513500547228409071e-02	9.084086661172321997e-02
1.577113089651622431e+03	2.100488838046143392e-01	1.251348454246939135e-01	2.807458197993651372e-01	1.756610010363744423e-01	8.226925859805035712e-02	3.517983613075958277e-02	9.096035520609808966e-02
1.581950859865277607e+03	2.096087826047441649e-01	1.248666941221279747e-01	2.810258450660721441e-01	1.758493545178596851e-01	8.234571027257790721e-02	3.522445004407967484e-02	9.107916337249435945e-02
1.586788630078933011e+03	2.091712072508481179e-01	1.246000818450648528e-01	2.813042230328540172e-01	1.760366153985124527e-01	8.242172928728720704e-02	3.526884837650437476e-02	9.119729480888495721e-02
1.591626400292587959e+03	2.087361432361050928e-01	1.243349997539677509e-01	2.815809634648624993e-01	1.762227899283888566e-01	8.249731813524580071e-02	3.531303228577434283e-02	9.131475319561165038e-02
1.596464170506243590e+03	2.083035761371022365e-01	1.240714390601289907e-01	2.818560760667221943e-01	1.764078843223466087e-01	8.257247929508100548e-02	3.535700292314798016e-02	9.143154219542697081e-02
1.601301940719898766e+03	2.078734916133537225e-01	1.238093910253769414e-01	2.821295704829497875e-01	1.765919047602365899e-01	8.264721523106395573e-02	3.540076143343827419e-02	9.154766545353669460e-02
1.606139710933553943e+03	2.074458754068229382e-01	1.235488469617844892e-01	2.824014562983692134e-01	1.767748573870933371e-01	8.272152839319321660e-02	3.544430895504948470e-02	9.166312659764315474e-02
1.610977481147209119e+03	2.070207133414469769e-01	1.232897982313793939e-01	2.826717430385238816e-01	1.769567483133247798e-01	8.279542121727788417e-02	3.548764662001358677e-02	9.177792923798933078e-02
1.615815251360864750e+03	2.065979913226641818e-01	1.230322362458561025e-01	2.829404401700846838e-01	1.771375836149007843e-01	8.286889612502019997e-02	3.553077555402649884e-02	9.189207696740346598e-02
1.620653021574519926e+03	2.061776953369442722e-01	1.227761524662894232e-01	2.832075571012551141e-01	1.773173693335408363e-01	8.294195552409762418e-02	3.557369687648415796e-02	9.200557336134444764e-02
1.625490791788175102e+03	2.057598114513212451e-01	1.225215384028498500e-01	2.834731031821731695e-01	1.774961114769009751e-01	8.301460180824454804e-02	3.561641170051828981e-02	9.211842197794782583e-02
1.630328562001830505e+03	2.053443258129290516e-01	1.222683856145203724e-01	2.837370877053092544e-01	1.776738160187593396e-01	8.308683735733336795e-02	3.565892113303208849e-02	9.223062635807241505e-02
1.635166332215485909e+03	2.049312246485398836e-01	1.220166857088151452e-01	2.839995199058611974e-01	1.778504888992012145e-01	8.315866453745521247e-02	3.570122627473559102e-02	9.234219002534758969e-02
1.640004102429141085e+03	2.045204942641051515e-01	1.217664303414996568e-01	2.842604089621461050e-01	1.780261360248027447e-01	8.323008570100015602e-02	3.574332822018091299e-02	9.245311648622107914e-02
1.644841872642796488e+03	2.041121210442992107e-01	1.215176112163126182e-01	2.845197639959884395e-01	1.782007632688140941e-01	8.330110318673687730e-02	3.578522805779726229e-02	9.256340923000733190e-02
1.649679642856451665e+03	2.037060914520655852e-01	1.212702200846892953e-01	2.847775940731052113e-01	1.783743764713414115e-01	8.337171931989198481e-02	3.582692686992575148e-02	9.267307172893654577e-02
1.654517413070107068e+03	2.033023920281660513e-01	1.210242487454866595e-01	2.850339082034882843e-01	1.785469814395279076e-01	8.344193641222875935e-02	3.586842573285401597e-02	9.278210743820411444e-02
1.659355183283762244e+03	2.029010093907320511e-01	1.207796890447100369e-01	2.852887153417827948e-01	1.787185839477341276e-01	8.351175676212550802e-02	3.590972571685061010e-02	9.289051979602060138e-02
1.664192953497417420e+03	2.025019302348189387e-01	1.205365328752413118e-01	2.855420243876632402e-01	1.788891897377172246e-01	8.358118265465339092e-02	3.595082788619925751e-02	9.299831222366232442e-02
1.669030723711072824e+03	2.021051413319627232e-01	1.202947721765687678e-01	2.857938441862058476e-01	1.790588045188093169e-01	8.365021636165390073e-02	3.599173329923284481e-02	9.310548812552232878e-02
1.673868493924728000e+03	2.017106295297393659e-01	1.200543989345185247e-01	2.860441835282580558e-01	1.792274339680949291e-01	8.371886014181570412e-02	3.603244300836726949e-02	9.321205088916183212e-02
1.678706264138383403e+03	2.013183817513267415e-01	1.198154051809873083e-01	2.862930511508054998e-01	1.793950837305876289e-01	8.378711624075123321e-02	3.607295806013506578e-02	9.331800388536219681e-02
1.683544034352038352e+03	2.009283849950689316e-01	1.195777829936771758e-01	2.865404557373351091e-01	1.795617594194056921e-01	8.385498689107266646e-02	3.611327949521884323e-02	9.342335046817724920e-02
1.688381804565693983e+03	2.005406263340433204e-01	1.193415244958314081e-01	2.867864059181960412e-01	1.797274666159467404e-01	8.392247431246757650e-02	3.615340834848454477e-02	9.352809397498608457e-02
1.693219574779349159e+03	2.001550929156298009e-01	1.191066218559720669e-01	2.870309102709571181e-01	1.798922108700618527e-01	8.398958071177403673e-02	3.619334564901450363e-02	9.363223772654630239e-02
1.698057344993004335e+03	1.997717719610830334e-01	1.188730672876391892e-01	2.872739773207617087e-01	1.800559977002284262e-01	8.405630828305536706e-02	3.623309242014031289e-02	9.373578502704757454e-02
1.702895115206659511e+03	1.993906507651067306e-01	1.186408530491313285e-01	2.875156155406797254e-01	1.802188325937223445e-01	8.412265920767439398e-02	3.627264967947550073e-02	9.383873916416560212e-02
1.707732885420315142e+03	1.990117166954305239e-01	1.184099714432476497e-01	2.877558333520565115e-01	1.803807210067892020e-01	8.418863565436723873e-02	3.631201843894804604e-02	9.394110340911650259e-02
1.712570655633970318e+03	1.986349571923893276e-01	1.181804148170315372e-01	2.879946391248590087e-01	1.805416683648146947e-01	8.425423977931681407e-02	3.635119970483266516e-02	9.404288101671152977e-02
1.717408425847625494e+03	1.982603597685052566e-01	1.179521755615157291e-01	2.882320411780197600e-01	1.807016800624940689e-01	8.431947372622569659e-02	3.639019447778294586e-02	9.414407522541205775e-02
1.722246196061280898e+03	1.978879120080717091e-01	1.177252461114688259e-01	2.884680477797770815e-01	1.808607614640009298e-01	8.438433962638872132e-02	3.642900375286329401e-02	9.424468925738496705e-02
1.727083966274936301e+03	1.975176015667400309e-01	1.174996189451434081e-01	2.887026671480131812e-01	1.810189179031548024e-01	8.444883959876507695e-02	3.646762851958067903e-02	9.434472631855839175e-02
1.731921736488591478e+03	1.971494161711084547e-01	1.172752865840254594e-01	2.889359074505896130e-01	1.811761546835882197e-01	8.451297575004998452e-02	3.650606976191621278e-02	9.444418959867763308e-02
1.736759506702246881e+03	1.967833436183136775e-01	1.170522415925853293e-01	2.891677768056797326e-01	1.813324770789127571e-01	8.457675017474597379e-02	3.654432845835655502e-02	9.454308227136151710e-02
1.741597276915902057e+03	1.964193717756245183e-01	1.168304765780302096e-01	2.893982832820989337e-01	1.814878903328841497e-01	8.464016495523372929e-02	3.658240558192511760e-02	9.464140749415890508e-02
1.746435047129557461e+03	1.960574885800379641e-01	1.166099841900578304e-01	2.896274348996316639e-01	1.816423996595668555e-01	8.470322216184253405e-02	3.662030210021310211e-02	9.473916840860556465e-02
1.751272817343212637e+03	1.956976820378778237e-01	1.163907571206118235e-01	2.898552396293566091e-01	1.817960102434974246e-01	8.476592385292028298e-02	3.665801897541036414e-02	9.483636814028119366e-02
1.756110587556867813e+03	1.953399402243952698e-01	1.161727881036383608e-01	2.900817053939686030e-01	1.819487272398473132e-01	8.482827207490305221e-02	3.669555716433608311e-02	9.493300979886681867e-02
1.760948357770523216e+03	1.949842512833721564e-01	1.159560699148442231e-01	2.903068400680983152e-01	1.821005557745846992e-01	8.489026886238436320e-02	3.673291761846929349e-02	9.502909647820236005e-02
1.765786127984178393e+03	1.946306034267262786e-01	1.157405953714563535e-01	2.905306514786297201e-01	1.822515009446355194e-01	8.495191623818393323e-02	3.677010128397918687e-02	9.512463125634439132e-02
1.770623898197833569e+03	1.942789849341191033e-01	1.155263573319826181e-01	2.907531474050145670e-01	1.824015678180436195e-01	8.501321621341606516e-02	3.680710910175530315e-02	9.521961719562414828e-02
1.775461668411488745e+03	1.939293841525656648e-01	1.153133486959741910e-01	2.909743355795844644e-01	1.825507614341302653e-01	8.507417078755766249e-02	3.684394200743748571e-02	9.531405734270573249e-02
1.780299438625144376e+03	1.935817894960468466e-01	1.151015624037891039e-01	2.911942236878609092e-01	1.826990868036525439e-01	8.513478194851575864e-02	3.688060093144571172e-02	9.540795472864455062e-02
1.785137208838799552e+03	1.932361894451237738e-01	1.148909914363573370e-01	2.914128193688626522e-01	1.828465489089613205e-01	8.519505167269476875e-02	3.691708679900972817e-02	9.550131236894586484e-02
1.789974979052454728e+03	1.928925725465544805e-01	1.146816288149471591e-01	2.916301302154105102e-01	1.829931527041580019e-01	8.525498192506325568e-02	3.695340053019854909e-02	9.559413326362352359e-02
1.794812749266109904e+03	1.925509274129129644e-01	1.144734676009327573e-01	2.918461637744300674e-01	1.831389031152506897e-01	8.531457465922034911e-02	3.698954303994973075e-02	9.568642039725895609e-02
1.799650519479765535e+03	1.922112427222100461e-01	1.142665008955634776e-01	2.920609275472519917e-01	1.832838050403095553e-01	8.537383181746176219e-02	3.702551523809852196e-02	9.577817673906019458e-02
1.804488289693420711e+03	1.918735072175167811e-01	1.140607218397340916e-01	2.922744289899100179e-01	1.834278633496213007e-01	8.543275533084539186e-02	3.706131802940685477e-02	9.586940524292107690e-02
1.809326059907075887e+03	1.915377097065900647e-01	1.138561236137566463e-01	2.924866755134364338e-01	1.835710828858430066e-01	8.549134711925662766e-02	3.709695231359209228e-02	9.596010884748064351e-02
1.814163830120731291e+03	1.912038390615001249e-01	1.136526994371333671e-01	2.926976744841557343e-01	1.837134684641548443e-01	8.554960909147311943e-02	3.713241898535574875e-02	9.605029047618260374e-02
1.819001600334386467e+03	1.908718842182602626e-01	1.134504425683311724e-01	2.929074332239754996e-01	1.838550248724123981e-01	8.560754314522933672e-02	3.716771893441191132e-02	9.613995303733494091e-02
1.823839370548041643e+03	1.905418341764589796e-01	1.132493463045572551e-01	2.931159590106755530e-01	1.839957568712979052e-01	8.566515116728064261e-02	3.720285304551555761e-02	9.622909942416964235e-02
1.828677140761696819e+03	1.902136779988938819e-01	1.130494039815361368e-01	2.933232590781942872e-01	1.841356691944708857e-01	8.572243503346704818e-02	3.723782219849072761e-02	9.631773251490251264e-02
1.833514910975352450e+03	1.898874048112079715e-01	1.128506089732878581e-01	2.935293406169136587e-01	1.842747665487179110e-01	8.577939660877650918e-02	3.727262726825850830e-02	9.640585517279305627e-02
1.838352681189008081e+03	1.895630038015279351e-01	1.126529546919075170e-01	2.937342107739411290e-01	1.844130536141015131e-01	8.583603774740797276e-02	3.730726912486486552e-02	9.649347024620448521e-02
1.843190451402663257e+03	1.892404642201043485e-01	1.124564345873462073e-01	2.939378766533901621e-01	1.845505350441085657e-01	8.589236029283393858e-02	3.734174863350829543e-02	9.658058056866387908e-02
1.848028221616318433e+03	1.889197753789543244e-01	1.122610421471929437e-01	2.941403453166581139e-01	1.846872154657976384e-01	8.594836607786277005e-02	3.737606665456737892e-02	9.666718895892222052e-02
1.852865991829973609e+03	1.886009266515060456e-01	1.120667708964581399e-01	2.943416237827022885e-01	1.848230994799456572e-01	8.600405692470051988e-02	3.741022404362808612e-02	9.675329822101469412e-02
1.857703762043628785e+03	1.882839074722451878e-01	1.118736143973581565e-01	2.945417190283137199e-01	1.849581916611939270e-01	8.605943464501249196e-02	3.744422165151101850e-02	9.683891114432088831e-02
1.862541532257283961e+03	1.879687073363637273e-01	1.116815662491011385e-01	2.947406379883892868e-01	1.850924965581932369e-01	8.611450103998435912e-02	3.747806032429844281e-02	9.692403050362521921e-02
1.867379302470939592e+03	1.876553157994103604e-01	1.114906200876741443e-01	2.949383875562012203e-01	1.852260186937483011e-01	8.616925790038301725e-02	3.751174090336116540e-02	9.700865905917720189e-02
1.872217072684594768e+03	1.873437224769434473e-01	1.113007695856314261e-01	2.951349745836649441e-01	1.853587625649613380e-01	8.622370700661700915e-02	3.754526422538527475e-02	9.709279955675195750e-02
1.877054842898249490e+03	1.870339170441854548e-01	1.111120084518840007e-01	2.953304058816049182e-01	1.854907326433751225e-01	8.627785012879661541e-02	3.757863112239872433e-02	9.717645472771054005e-02
1.881892613111905121e+03	1.867258892356798428e-01	1.109243304314904005e-01	2.955246882200184833e-01	1.856219333751148726e-01	8.633168902679358436e-02	3.761184242179778370e-02	9.725962728906047128e-02
1.886730383325560297e+03	1.864196288449495031e-01	1.107377293054486178e-01	2.957178283283372622e-01	1.857523691810299415e-01	8.638522545030058453e-02	3.764489894637328832e-02	9.734231994351620620e-02
1.891568153539215928e+03	1.861151257241575596e-01	1.105521988904892700e-01	2.959098328956876189e-01	1.858820444568343166e-01	8.643846113889018523e-02	3.767780151433677838e-02	9.742453537955961251e-02
1.896405923752871104e+03	1.858123697837699984e-01	1.103677330388700278e-01	2.961007085711481190e-01	1.860109635732466460e-01	8.649139782207358740e-02	3.771055093934647801e-02	9.750627627150049159e-02
1.901243693966526507e+03	1.855113509922199644e-01	1.101843256381711544e-01	2.962904619640058801e-01	1.861391308761292662e-01	8.654403721935896576e-02	3.774314803053314266e-02	9.758754527953703017e-02
1.906081464180181683e+03	1.852120593755745004e-01	1.100019706110921675e-01	2.964790996440103132e-01	1.862665506866268417e-01	8.659638104030950578e-02	3.777559359252571219e-02	9.766834504981634912e-02
1.910919234393836859e+03	1.849144850172027843e-01	1.098206619152498065e-01	2.966666281416258100e-01	1.863932273013040319e-01	8.664843098460107973e-02	3.780788842547688072e-02	9.774867821449492733e-02
1.915757004607492036e+03	1.846186180574465874e-01	1.096403935429771243e-01	2.968530539482819308e-01	1.865191649922824935e-01	8.670018874207957582e-02	3.784003332508846518e-02	9.782854739179915049e-02
1.920594774821147894e+03	1.843244486932923420e-01	1.094611595211237437e-01	2.970383835166218178e-01	1.866443680073771594e-01	8.675165599281788043e-02	3.787202908263664208e-02	9.790795518608562398e-02
1.925432545034802843e+03	1.840319671780454303e-01	1.092829539108571696e-01	2.972226232607493301e-01	1.867688405702318533e-01	8.680283440717262433e-02	3.790387648499709411e-02	9.798690418790169387e-02
1.930270315248458019e+03	1.837411638210060816e-01	1.091057708074653909e-01	2.974057795564735152e-01	1.868925868804540702e-01	8.685372564584044330e-02	3.793557631466991376e-02	9.806539697404580147e-02
1.935108085462113195e+03	1.834520289871471588e-01	1.089296043401605379e-01	2.975878587415519139e-01	1.870156111137491750e-01	8.690433135991404434e-02	3.796712934980445153e-02	9.814343610762782388e-02
1.939945855675768371e+03	1.831645530967941360e-01	1.087544486718837744e-01	2.977688671159321454e-01	1.871379174220537678e-01	8.695465319093785561e-02	3.799853636422396985e-02	9.822102413812937305e-02
1.944783625889424002e+03	1.828787266253065202e-01	1.085802979991110917e-01	2.979488109419912711e-01	1.872595099336684665e-01	8.700469277096342657e-02	3.802979812745019977e-02	9.829816360146405307e-02
1.949621396103079178e+03	1.825945401027612158e-01	1.084071465516605604e-01	2.981276964447735489e-01	1.873803927533899683e-01	8.705445172260441178e-02	3.806091540472768958e-02	9.837485702003764820e-02
1.954459166316734354e+03	1.823119841136378594e-01	1.082349885925003169e-01	2.983055298122267440e-01	1.875005699626422495e-01	8.710393165909134650e-02	3.809188895704813255e-02	9.845110690280831078e-02
1.959296936530389530e+03	1.820310492965059312e-01	1.080638184175579941e-01	2.984823171954367749e-01	1.876200456196072952e-01	8.715313418432597825e-02	3.812271954117439632e-02	9.852691574534659658e-02
1.964134706744044706e+03	1.817517263437134767e-01	1.078936303555310394e-01	2.986580647088599161e-01	1.877388237593549947e-01	8.720206089293541796e-02	3.815340790966454537e-02	9.860228602989552782e-02
1.968972476957700337e+03	1.814740060010779366e-01	1.077244187676982407e-01	2.988327784305542800e-01	1.878569083939723716e-01	8.725071337032586083e-02	3.818395481089568305e-02	9.867722022543053140e-02
1.973810247171355968e+03	1.811978790675784767e-01	1.075561780477322510e-01	2.990064644024090224e-01	1.879743035126921480e-01	8.729909319273601587e-02	3.821436098908763401e-02	9.875172078771933537e-02
1.978648017385010689e+03	1.809233363950503160e-01	1.073889026215132658e-01	2.991791286303721598e-01	1.880910130820206139e-01	8.734720192729028554e-02	3.824462718432652258e-02	9.882579015938175448e-02
1.983485787598666320e+03	1.806503688878806357e-01	1.072225869469437542e-01	2.993507770846765559e-01	1.882070410458648591e-01	8.739504113205158464e-02	3.827475413258819154e-02	9.889943076994937854e-02
1.988323557812321269e+03	1.803789675027063222e-01	1.070572255137642870e-01	2.995214157000645194e-01	1.883223913256591719e-01	8.744261235607381222e-02	3.830474256576153758e-02	9.897264503592527463e-02
1.993161328025976900e+03	1.801091232481134563e-01	1.068928128433703217e-01	2.996910503760107924e-01	1.884370678204910499e-01	8.748991713945418469e-02	3.833459321167162481e-02	9.904543536084350897e-02
1.997999098239632076e+03	1.798408271843386919e-01	1.067293434886302100e-01	2.998596869769435402e-01	1.885510744072262102e-01	8.753695701338498614e-02	3.836430679410276351e-02	9.911780413532857159e-02
2.002836868453287707e+03	1.795740704229719931e-01	1.065668120337040919e-01	3.000273313324642865e-01	1.886644149406331572e-01	8.758373350020529080e-02	3.839388403282137374e-02	9.918975373715480104e-02
2.007674638666942428e+03	1.793088441266613986e-01	1.064052130938639984e-01	3.001939892375660723e-01	1.887770932535070278e-01	8.763024811345222764e-02	3.842332564359879354e-02	9.926128653130554536e-02
2.012512408880597604e+03	1.790451395088193398e-01	1.062445413153147861e-01	3.003596664528498938e-01	1.888891131567927151e-01	8.767650235791199509e-02	3.845263233823389276e-02	9.933240487003243413e-02
2.017350179094252780e+03	1.787829478333308186e-01	1.060847913750163352e-01	3.005243687047400303e-01	1.890004784397074089e-01	8.772249772967054271e-02	3.848180482457559670e-02	9.940311109291434521e-02
2.022187949307908411e+03	1.785222604142630010e-01	1.059259579805066076e-01	3.006881016856972622e-01	1.891111928698624711e-01	8.776823571616403086e-02	3.851084380654526407e-02	9.947340752691635757e-02
2.027025719521564042e+03	1.782630686155767252e-01	1.057680358697258016e-01	3.008508710544313680e-01	1.892212601933846161e-01	8.781371779622891560e-02	3.853974998415894693e-02	9.954329648644862083e-02
2.031863489735218764e+03	1.780053638508395653e-01	1.056110198108414777e-01	3.010126824361111786e-01	1.893306841350363978e-01	8.785894544015181162e-02	3.856852405354950497e-02	9.961278027342503061e-02
2.036701259948874394e+03	1.777491375829405584e-01	1.054549046020747533e-01	3.011735414225739649e-01	1.894394683983362526e-01	8.790392010971896652e-02	3.859716670698860874e-02	9.968186117732186213e-02
2.041539030162529116e+03	1.774943813238065993e-01	1.052996850715274407e-01	3.013334535725329388e-01	1.895476166656776262e-01	8.794864325826558249e-02	3.862567863290863185e-02	9.975054147523616799e-02
2.046376800376184747e+03	1.772410866341204427e-01	1.051453560770101575e-01	3.014924244117833108e-01	1.896551325984477399e-01	8.799311633072472161e-02	3.865406051592439746e-02	9.981882343194420359e-02
2.051214570589840150e+03	1.769892451230403729e-01	1.049919125058716152e-01	3.016504594334071809e-01	1.897620198371453293e-01	8.803734076367603079e-02	3.868231303685478600e-02	9.988670929995960290e-02
2.056052340803495554e+03	1.767388484479214261e-01	1.048393492748285749e-01	3.018075640979767105e-01	1.898682820014983008e-01	8.808131798539409196e-02	3.871043687274425271e-02	9.995420131959154020e-02
2.060890111017150957e+03	1.764898883140383623e-01	1.046876613297971215e-01	3.019637438337558488e-01	1.899739226905802214e-01	8.812504941589653640e-02	3.873843269688421326e-02	1.000213017190026005e-01
2.065727881230805451e+03	1.762423564743100246e-01	1.045368436457246308e-01	3.021190040369008956e-01	1.900789454829264757e-01	8.816853646699192304e-02	3.876630117883428372e-02	1.000880127142666082e-01
2.070565651444461309e+03	1.759962447290253917e-01	1.043868912264229315e-01	3.022733500716597299e-01	1.901833539366497294e-01	8.821178054232722832e-02	3.879404298444341648e-02	1.001543365094264143e-01
2.075403421658116713e+03	1.757515449255712681e-01	1.042377991044022290e-01	3.024267872705690974e-01	1.902871515895547261e-01	8.825478303743516939e-02	3.882165877587095970e-02	1.002202752965513505e-01
2.080241191871772116e+03	1.755082489581614724e-01	1.040895623407061404e-01	3.025793209346512302e-01	1.903903419592526125e-01	8.829754533978119435e-02	3.884914921160747409e-02	1.002858312557946552e-01
2.085078962085427065e+03	1.752663487675676368e-01	1.039421760247476179e-01	3.027309563336086362e-01	1.904929285432743480e-01	8.834006882881018097e-02	3.887651494649559114e-02	1.003510065554507752e-01
2.089916732299082469e+03	1.750258363408514484e-01	1.037956352741458144e-01	3.028816987060176102e-01	1.905949148191839471e-01	8.838235487599295503e-02	3.890375663175060783e-02	1.004158033520124171e-01
2.094754502512737417e+03	1.747867037110986121e-01	1.036499352345639086e-01	3.030315532595206918e-01	1.906963042446905843e-01	8.842440484487237851e-02	3.893087491498106734e-02	1.004802237902275575e-01
2.099592272726392821e+03	1.745489429571541184e-01	1.035050710795478307e-01	3.031805251710175120e-01	1.907971002577605324e-01	8.846622009110935436e-02	3.895787044020914552e-02	1.005442700031562858e-01
2.104430042940048224e+03	1.743125462033592865e-01	1.033610380103659881e-01	3.033286195868543644e-01	1.908973062767282680e-01	8.850780196252844290e-02	3.898474384789099578e-02	1.006079441122273710e-01
2.109267813153704083e+03	1.740775056192901682e-01	1.032178312558498373e-01	3.034758416230126654e-01	1.909969257004070498e-01	8.854915179916322820e-02	3.901149577493692039e-02	1.006712482272948822e-01
2.114105583367359031e+03	1.738438134194974505e-01	1.030754460722353855e-01	3.036221963652958045e-01	1.910959619081988581e-01	8.859027093330147651e-02	3.903812685473141697e-02	1.007341844466944497e-01
2.118943353581013525e+03	1.736114618632479678e-01	1.029338777430056917e-01	3.037676888695148847e-01	1.911944182602037245e-01	8.863116068952994753e-02	3.906463771715317640e-02	1.007967548572995115e-01
2.123781123794669384e+03	1.733804432542674911e-01	1.027931215787341868e-01	3.039123241616733528e-01	1.912922980973285059e-01	8.867182238477901157e-02	3.909102898859493497e-02	1.008589615345773516e-01
2.128618894008324787e+03	1.731507499404854045e-01	1.026531729169288948e-01	3.040561072381502417e-01	1.913896047413952139e-01	8.871225732836701683e-02	3.911730129198316697e-02	1.009208065426449169e-01
2.133456664221980191e+03	1.729223743137803526e-01	1.025140271218776128e-01	3.041990430658818578e-01	1.914863414952483189e-01	8.875246682204430970e-02	3.914345524679773564e-02	1.009822919343245917e-01
2.138294434435635139e+03	1.726953088097276656e-01	1.023756795844939504e-01	3.043411365825429704e-01	1.915825116428619967e-01	8.879245216003710250e-02	3.916949146909137758e-02	1.010434197511997090e-01
2.143132204649290543e+03	1.724695459073482262e-01	1.022381257221642303e-01	3.044823926967257788e-01	1.916781184494464330e-01	8.883221462909100807e-02	3.919541057150912472e-02	1.011041920236699088e-01
2.147969974862945492e+03	1.722450781288586696e-01	1.021013609785953180e-01	3.046228162881186030e-01	1.917731651615536825e-01	8.887175550851439398e-02	3.922121316330757362e-02	1.011646107710063996e-01
2.152807745076601350e+03	1.720218980394231101e-01	1.019653808236632986e-01	3.047624122076829090e-01	1.918676550071829745e-01	8.891107607022143144e-02	3.924689985037406459e-02	1.012246780014069009e-01
2.157645515290255844e+03	1.717999982469062548e-01	1.018301807532630415e-01	3.049011852778288900e-01	1.919615911958852950e-01	8.895017757877483888e-02	3.927247123524574279e-02	1.012843957120506122e-01
2.162483285503912157e+03	1.715793714016278781e-01	1.016957562891586259e-01	3.050391402925906048e-01	1.920549769188676092e-01	8.898906129142855614e-02	3.929792791712852229e-02	1.013437658891528509e-01
2.167321055717567106e+03	1.713600101961189615e-01	1.015621029788346258e-01	3.051762820177991165e-01	1.921478153490964458e-01	8.902772845816998848e-02	3.932327049191593898e-02	1.014027905080195774e-01
2.172158825931222509e+03	1.711419073648788869e-01	1.014292163953482706e-01	3.053126151912550768e-01	1.922401096414007027e-01	8.906618032176211175e-02	3.934849955220787177e-02	1.014614715331017547e-01
2.176996596144877003e+03	1.709250556841342417e-01	1.012970921371824096e-01	3.054481445228998115e-01	1.923318629325742046e-01	8.910441811778527232e-02	3.937361568732920120e-02	1.015198109180494856e-01
2.181834366358532861e+03	1.707094479715991209e-01	1.011657258280993787e-01	3.055828746949854069e-01	1.924230783414775658e-01	8.914244307467879269e-02	3.939861948334832248e-02	1.015778106057660807e-01
2.186672136572187810e+03	1.704950770862364018e-01	1.010351131169956729e-01	3.057168103622435185e-01	1.925137589691394702e-01	8.918025641378228563e-02	3.942351152309556822e-02	1.016354725284617649e-01
2.191509906785843214e+03	1.702819359280209333e-01	1.009052496777575053e-01	3.058499561520532373e-01	1.926039078988573960e-01	8.921785934937676021e-02	3.944829238618152017e-02	1.016927986077073437e-01
2.196347676999498617e+03	1.700700174377035856e-01	1.007761312091170897e-01	3.059823166646076786e-01	1.926935281962978419e-01	8.925525308872551966e-02	3.947296264901525159e-02	1.017497907544877012e-01
2.201185447213154021e+03	1.698593145965770213e-01	1.006477534345098929e-01	3.061138964730796830e-01	1.927826229095959409e-01	8.929243883211473998e-02	3.949752288482240303e-02	1.018064508692550080e-01
2.206023217426809424e+03	1.696498204262426590e-01	1.005201121019325822e-01	3.062447001237857958e-01	1.928711950694546873e-01	8.932941777289388208e-02	3.952197366366318881e-02	1.018627808419818731e-01
2.210860987640464373e+03	1.694415279883789149e-01	1.003932029838019296e-01	3.063747321363501364e-01	1.929592476892433017e-01	8.936619109751584022e-02	3.954631555245032015e-02	1.019187825522141627e-01
2.215698757854119776e+03	1.692344303845109699e-01	1.002670218768143828e-01	3.065039970038664352e-01	1.930467837650953755e-01	8.940275998557688231e-02	3.957054911496678262e-02	1.019744578691237497e-01
2.220536528067775180e+03	1.690285207557817304e-01	1.001415646018064959e-01	3.066324991930591271e-01	1.931338062760063479e-01	8.943912560985627092e-02	3.959467491188355809e-02	1.020298086515610686e-01
2.225374298281430583e+03	1.688237922827240667e-01	1.000168270036162349e-01	3.067602431444433897e-01	1.932203181839304285e-01	8.947528913635582892e-02	3.961869350077720786e-02	1.020848367481074492e-01
2.230212068495085077e+03	1.686202381850345211e-01	9.989280495094501888e-02	3.068872332724844054e-01	1.933063224338769648e-01	8.951125172433907484e-02	3.964260543614735177e-02	1.021395439971272412e-01
2.235049838708740936e+03	1.684178517213481552e-01	9.976949433622049612e-02	3.070134739657552903e-01	1.933918219540064209e-01	8.954701452637027492e-02	3.966641126943411255e-02	1.021939322268198280e-01
2.239887608922396339e+03	1.682166261890148395e-01	9.964689107546026436e-02	3.071389695870939129e-01	1.934768196557256348e-01	8.958257868835320381e-02	3.969011154903536592e-02	1.022480032552713497e-01
2.244725379136052197e+03	1.680165549238767098e-01	9.952499110813625705e-02	3.072637244737588258e-01	1.935613184337827419e-01	8.961794534956968317e-02	3.971370682032397681e-02	1.023017588905063557e-01
2.249563149349706237e+03	1.678176313000468989e-01	9.940379039703990671e-02	3.073877429375843628e-01	1.936453211663614338e-01	8.965311564271793987e-02	3.973719762566486902e-02	1.023552009305391530e-01
2.254400919563362095e+03	1.676198487296897688e-01	9.928328492814812722e-02	3.075110292651342947e-01	1.937288307151746602e-01	8.968809069395065892e-02	3.976058450443203940e-02	1.024083311634250149e-01
2.259238689777017044e+03	1.674232006628020297e-01	9.916347071049017026e-02	3.076335877178545397e-01	1.938118499255581106e-01	8.972287162291292528e-02	3.978386799302548182e-02	1.024611513673112512e-01
2.264076459990672902e+03	1.672276805869955529e-01	9.904434377601495365e-02	3.077554225322254311e-01	1.938943816265627784e-01	8.975745954277986050e-02	3.980704862488797929e-02	1.025136633104879735e-01
