1.001418434226643626e+03	2.855860686694578487e-01	1.702737812744332946e-01	2.337135749829141185e-01	1.423947060155090205e-01	6.969048191034854511e-02	2.794207425677647585e-02	7.039931289050897767e-02
1.003837319333471214e+03	2.851473577190319353e-01	1.700090281279376114e-01	2.340053546452613709e-01	1.425770938531736032e-01	6.976620468721177193e-02	2.798233770777969198e-02	7.051262325955223731e-02
1.006256204440298802e+03	2.847099113287768768e-01	1.697450381376060524e-01	2.342962794997398845e-01	1.427589485820913440e-01	6.984170716372416210e-02	2.802249848662853940e-02	7.062561680138139397e-02
1.008675089547126618e+03	2.842737258503847952e-01	1.694818091014785588e-01	2.345863520188953000e-01	1.429402718455432542e-01	6.991699000534265518e-02	2.806255687742911092e-02	7.073829430087456849e-02
1.011093974653954206e+03	2.838387976461094198e-01	1.692193388239727203e-01	2.348755746681360501e-01	1.431210652806209904e-01	6.999205387519717714e-02	2.810251316345428046e-02	7.085065654245760458e-02
1.013512859760782021e+03	2.834051230887349448e-01	1.689576251158648457e-01	2.351639499057538440e-01	1.433013305182649910e-01	7.006689943410301935e-02	2.814236762714648205e-02	7.096270431008007418e-02
1.015931744867609382e+03	2.829726985615452217e-01	1.686966657942713388e-01	2.354514801829442061e-01	1.434810691833021401e-01	7.014152734057318983e-02	2.818212055012050618e-02	7.107443838719164353e-02
1.018350629974437197e+03	2.825415204582926165e-01	1.684364586826299359e-01	2.357381679438270428e-01	1.436602828944830434e-01	7.021593825083050078e-02	2.822177221316623727e-02	7.118585955671886956e-02
1.020769515081264785e+03	2.821115851831675347e-01	1.681770016106810539e-01	2.360240156254671817e-01	1.438389732645190544e-01	7.029013281881964226e-02	2.826132289625142222e-02	7.129696860104235701e-02
1.023188400188092373e+03	2.816828891507675570e-01	1.679182924144493327e-01	2.363090256578946891e-01	1.440171419001187170e-01	7.036411169621913098e-02	2.830077287852440088e-02	7.140776630197440134e-02
1.025607285294920075e+03	2.812554287860668523e-01	1.676603289362250115e-01	2.365932004641253528e-01	1.441947904020239868e-01	7.043787553245317579e-02	2.834012243831683653e-02	7.151825344073699242e-02
1.028026170401747549e+03	2.808292005243857581e-01	1.674031090245455822e-01	2.368765424601807501e-01	1.443719203650460914e-01	7.051142497470334891e-02	2.837937185314641161e-02	7.162843079794022072e-02
1.030445055508575479e+03	2.804042008113604711e-01	1.671466305341773595e-01	2.371590540551086479e-01	1.445485333781008908e-01	7.058476066792022940e-02	2.841852139971953739e-02	7.173829915356107201e-02
1.032863940615402726e+03	2.799804261029124608e-01	1.668908913260970794e-01	2.374407376510031531e-01	1.447246310242440159e-01	7.065788325483493559e-02	2.845757135393403234e-02	7.184785928692252743e-02
1.035282825722230655e+03	2.795578728652186040e-01	1.666358892674737469e-01	2.377215956430247801e-01	1.449002148807055912e-01	7.073079337597050487e-02	2.849652199088179017e-02	7.195711197667324643e-02
1.037701710829058356e+03	2.791365375746809319e-01	1.663816222316503446e-01	2.380016304194204624e-01	1.450752865189245122e-01	7.080349166965319019e-02	2.853537358485145128e-02	7.206605800076733293e-02
1.040120595935886058e+03	2.787164167178966534e-01	1.661280880981257646e-01	2.382808443615437310e-01	1.452498475045827242e-01	7.087597877202371499e-02	2.857412640933103612e-02	7.217469813644476762e-02
1.042539481042713533e+03	2.782975067916280132e-01	1.658752847525364893e-01	2.385592398438743933e-01	1.454238993976386674e-01	7.094825531704830601e-02	2.861278073701058189e-02	7.228303316021195135e-02
1.044958366149541234e+03	2.778798043027728704e-01	1.656232100866388834e-01	2.388368192340385721e-01	1.455974437523607778e-01	7.102032193652976777e-02	2.865133683978476897e-02	7.239106384782276193e-02
1.047377251256368709e+03	2.774633057683346671e-01	1.653718619982909310e-01	2.391135848928285790e-01	1.457704821173605170e-01	7.109217926011834887e-02	2.868979498875552647e-02	7.249879097425986074e-02
1.049796136363196410e+03	2.770480077153930076e-01	1.651212383914343884e-01	2.393895391742224543e-01	1.459430160356249562e-01	7.116382791532252505e-02	2.872815545423462735e-02	7.260621531371645732e-02
1.052215021470024112e+03	2.766339066810738490e-01	1.648713371760769930e-01	2.396646844254038677e-01	1.461150470445493343e-01	7.123526852751980998e-02	2.876641850574628012e-02	7.271333763957828211e-02
1.054633906576851814e+03	2.762209992125203573e-01	1.646221562682745054e-01	2.399390229867817137e-01	1.462865766759689212e-01	7.130650171996727460e-02	2.880458441202968928e-02	7.282015872440598947e-02
1.057052791683679516e+03	2.758092818668632096e-01	1.643736935901131124e-01	2.402125571920097069e-01	1.464576064561908808e-01	7.137752811381210816e-02	2.884265344104163312e-02	7.292667933991785201e-02
1.059471676790506763e+03	2.753987512111915614e-01	1.641259470696916078e-01	2.404852893680057835e-01	1.466281379060257184e-01	7.144834832810205427e-02	2.888062585995899989e-02	7.303290025697280197e-02
1.061890561897334692e+03	2.749894038225239035e-01	1.638789146411036846e-01	2.407572218349717241e-01	1.467981725408183113e-01	7.151896297979577766e-02	2.891850193518133091e-02	7.313882224555377787e-02
1.064309447004162394e+03	2.745812362877788071e-01	1.636325942444205317e-01	2.410283569064125553e-01	1.469677118704788010e-01	7.158937268377307817e-02	2.895628193233334285e-02	7.324444607475134872e-02
1.066728332110990095e+03	2.741742452037460587e-01	1.633869838256731266e-01	2.412986968891558948e-01	1.471367573995130684e-01	7.165957805284509097e-02	2.899396611626745696e-02	7.334977251274775456e-02
1.069147217217817570e+03	2.737684271770575717e-01	1.631420813368348322e-01	2.415682440833712141e-01	1.473053106270530432e-01	7.172957969776436182e-02	2.903155475106627623e-02	7.345480232680112742e-02
1.071566102324645271e+03	2.733637788241588540e-01	1.628978847358040216e-01	2.418370007825891288e-01	1.474733730468864856e-01	7.179937822723476970e-02	2.906904810004509732e-02	7.355953628323012861e-02
1.073984987431472746e+03	2.729602967712799755e-01	1.626543919863865095e-01	2.421049692737205217e-01	1.476409461474867957e-01	7.186897424792153266e-02	2.910644642575439117e-02	7.366397514739878027e-02
1.076403872538300675e+03	2.725579776544071464e-01	1.624116010582784542e-01	2.423721518370757777e-01	1.478080314120422678e-01	7.193836836446095007e-02	2.914374998998226635e-02	7.376811968370164396e-02
1.078822757645127922e+03	2.721568181192541291e-01	1.621695099270489271e-01	2.426385507463837687e-01	1.479746303184852341e-01	7.200756117947020030e-02	2.918095905375692536e-02	7.387197065554933217e-02
1.081241642751955851e+03	2.717568148212336498e-01	1.619281165741227879e-01	2.429041682688110049e-01	1.481407443395207912e-01	7.207655329355695806e-02	2.921807387734912109e-02	7.397552882535420038e-02
1.083660527858783553e+03	2.713579644254291989e-01	1.616874189867635314e-01	2.431690066649804249e-01	1.483063749426553890e-01	7.214534530532897005e-02	2.925509472027458882e-02	7.407879495451644147e-02
1.086079412965611255e+03	2.709602636065666093e-01	1.614474151580561068e-01	2.434330681889904646e-01	1.484715235902250852e-01	7.221393781140357515e-02	2.929202184129646794e-02	7.418176980341026350e-02
1.088498298072438729e+03	2.705637090489859120e-01	1.612081030868899589e-01	2.436963550884337915e-01	1.486361917394234677e-01	7.228233140641708576e-02	2.932885549842772360e-02	7.428445413137059472e-02
1.090917183179266431e+03	2.701682974466133591e-01	1.609694807779419312e-01	2.439588696044162341e-01	1.488003808423295216e-01	7.235052668303411372e-02	2.936559594893355454e-02	7.438684869667987198e-02
1.093336068286093905e+03	2.697740255029330014e-01	1.607315462416593899e-01	2.442206139715754620e-01	1.489640923459349953e-01	7.241852423195689614e-02	2.940224344933378003e-02	7.448895425655513436e-02
1.095754953392921607e+03	2.693808899309591554e-01	1.604942974942432932e-01	2.444815904180996091e-01	1.491273276921715463e-01	7.248632464193438540e-02	2.943879825540522341e-02	7.459077156713543599e-02
1.098173838499749309e+03	2.689888874532084806e-01	1.602577325576313994e-01	2.447418011657460646e-01	1.492900883179378579e-01	7.255392849977143621e-02	2.947526062218409557e-02	7.469230138346941161e-02
1.100592723606577010e+03	2.685980148016718916e-01	1.600218494594814467e-01	2.450012484298599302e-01	1.494523756551262295e-01	7.262133639033775678e-02	2.951163080396834726e-02	7.479354445950318897e-02
1.103011608713404712e+03	2.682082687177873570e-01	1.597866462331543058e-01	2.452599344193925612e-01	1.496141911306490824e-01	7.268854889657694329e-02	2.954790905432003179e-02	7.489450154806850946e-02
1.105430493820231959e+03	2.678196459524120332e-01	1.595521209176974931e-01	2.455178613369201346e-01	1.497755361664651064e-01	7.275556659951533389e-02	2.958409562606763299e-02	7.499517340087108463e-02
1.107849378927059888e+03	2.674321432657946196e-01	1.593182715578284614e-01	2.457750313786619956e-01	1.499364121796053217e-01	7.282239007827077948e-02	2.962019077130842101e-02	7.509556076847923034e-02
1.110268264033887590e+03	2.670457574275482693e-01	1.590850962039178917e-01	2.460314467344990597e-01	1.500968205821988088e-01	7.288901991006141445e-02	2.965619474141075254e-02	7.519566440031268117e-02
1.112687149140715292e+03	2.666604852166228889e-01	1.588525929119733726e-01	2.462871095879920202e-01	1.502567627814981044e-01	7.295545667021437197e-02	2.969210778701639533e-02	7.529548504463168257e-02
1.115106034247542766e+03	2.662763234212782160e-01	1.586207597436227745e-01	2.465420221163998338e-01	1.504162401799045423e-01	7.302170093217429103e-02	2.972793015804283540e-02	7.539502344852634652e-02
1.117524919354370468e+03	2.658932688390563959e-01	1.583895947660977632e-01	2.467961864906977332e-01	1.505752541749933726e-01	7.308775326751194845e-02	2.976366210368555990e-02	7.549428035790610447e-02
1.119943804461197942e+03	2.655113182767549485e-01	1.581590960522176459e-01	2.470496048755953800e-01	1.507338061595383527e-01	7.315361424593264106e-02	2.979930387242034698e-02	7.559325651748954877e-02
1.122362689568025871e+03	2.651304685503998448e-01	1.579292616803728566e-01	2.473022794295550997e-01	1.508918975215365055e-01	7.321928443528459562e-02	2.983485571200553479e-02	7.569195267079438516e-02
1.124781574674853118e+03	2.647507164852185291e-01	1.577000897345086916e-01	2.475542123048098397e-01	1.510495296442324886e-01	7.328476440156736493e-02	2.987031786948429746e-02	7.579036956012763504e-02
1.127200459781681047e+03	2.643720589156129397e-01	1.574715783041091832e-01	2.478054056473812106e-01	1.512067039061426310e-01	7.335005470893997404e-02	2.990569059118688977e-02	7.588850792657605981e-02
1.129619344888508749e+03	2.639944926851328644e-01	1.572437254841807797e-01	2.480558615970973879e-01	1.513634216810789135e-01	7.341515591972924692e-02	2.994097412273289890e-02	7.598636850999676562e-02
1.132038229995336451e+03	2.636180146464494611e-01	1.570165293752363578e-01	2.483055822876110430e-01	1.515196843381727554e-01	7.348006859443782790e-02	2.997616870903347178e-02	7.608395204900803011e-02
1.134457115102163925e+03	2.632426216613282244e-01	1.567899880832789861e-01	2.485545698464170783e-01	1.516754932418983848e-01	7.354479329175236946e-02	3.001127459429355285e-02	7.618125928098040678e-02
1.136876000208991627e+03	2.628683106006026726e-01	1.565640997197860762e-01	2.488028263948706131e-01	1.518308497520962641e-01	7.360933056855141488e-02	3.004629202201409416e-02	7.627829094202785709e-02
1.139294885315819101e+03	2.624950783441480917e-01	1.563388624016932571e-01	2.490503540482045530e-01	1.519857552239960996e-01	7.367368097991343345e-02	3.008122123499427578e-02	7.637504776699925724e-02
1.141713770422646803e+03	2.621229217808549450e-01	1.561142742513784432e-01	2.492971549155473532e-01	1.521402110082398229e-01	7.373784507912468922e-02	3.011606247533369154e-02	7.647153048947004372e-02
1.144132655529474505e+03	2.617518378086025055e-01	1.558903333966460691e-01	2.495432310999406156e-01	1.522942184509041841e-01	7.380182341768705412e-02	3.015081598443454525e-02	7.656773984173399772e-02
1.146551540636302207e+03	2.613818233342330433e-01	1.556670379707111584e-01	2.497885846983566582e-01	1.524477788935232891e-01	7.386561654532577958e-02	3.018548200300383982e-02	7.666367655479525145e-02
1.148970425743129908e+03	2.610128752735252355e-01	1.554443861121835302e-01	2.500332178017161677e-01	1.526008936731108878e-01	7.392922500999721258e-02	3.022006077105553537e-02	7.675934135836051664e-02
1.151389310849957155e+03	2.606449905511685206e-01	1.552223759650520896e-01	2.502771324949054632e-01	1.527535641221825224e-01	7.399264935789640063e-02	3.025455252791272795e-02	7.685473498083145172e-02
1.153808195956785084e+03	2.602781661007368408e-01	1.550010056786691459e-01	2.505203308567940934e-01	1.529057915687773161e-01	7.405589013346472460e-02	3.028895751220980065e-02	7.694985814929726498e-02
1.156227081063612786e+03	2.599123988646629968e-01	1.547802734077347864e-01	2.507628149602521006e-01	1.530575773364798997e-01	7.411894787939746210e-02	3.032327596189455382e-02	7.704471158952735932e-02
1.158645966170440488e+03	2.595476857942126681e-01	1.545601773122811662e-01	2.510045868721675899e-01	1.532089227444418111e-01	7.418182313665119820e-02	3.035750811423037349e-02	7.713929602596433788e-02
1.161064851277267962e+03	2.591840238494587667e-01	1.543407155576571321e-01	2.512456486534637157e-01	1.533598291074028674e-01	7.424451644445127785e-02	3.039165420579834423e-02	7.723361218171709286e-02
1.163483736384095664e+03	2.588214099992557360e-01	1.541218863145125406e-01	2.514860023591160565e-01	1.535102977357122866e-01	7.430702834029916104e-02	3.042571447249935515e-02	7.732766077855403319e-02
1.165902621490923138e+03	2.584598412212140706e-01	1.539036877587829921e-01	2.517256500381697126e-01	1.536603299353498930e-01	7.436935935997976421e-02	3.045968914955625093e-02	7.742144253689652034e-02
1.168321506597751068e+03	2.580993145016747259e-01	1.536861180716742603e-01	2.519645937337565145e-01	1.538099270079466840e-01	7.443151003756869055e-02	3.049357847151589265e-02	7.751495817581245673e-02
1.170740391704578315e+03	2.577398268356837496e-01	1.534691754396470265e-01	2.522028354831120645e-01	1.539590902508056192e-01	7.449348090543943257e-02	3.052738267225128463e-02	7.760820841301002693e-02
1.173159276811406244e+03	2.573813752269669131e-01	1.532528580544015306e-01	2.524403773175928345e-01	1.541078209569220758e-01	7.455527249427057468e-02	3.056110198496365254e-02	7.770119396483170238e-02
1.175578161918233945e+03	2.570239566879045090e-01	1.530371641128623061e-01	2.526772212626928749e-01	1.542561204150041110e-01	7.461688533305281534e-02	3.059473664218451475e-02	7.779391554624819072e-02
1.177997047025061647e+03	2.566675682395060942e-01	1.528220918171628584e-01	2.529133693380612447e-01	1.544039899094925561e-01	7.467831994909605864e-02	3.062828687577776737e-02	7.788637387085271813e-02
1.180415932131889122e+03	2.563122069113853985e-01	1.526076393746308157e-01	2.531488235575183321e-01	1.545514307205811400e-01	7.473957686803642253e-02	3.066175291694172786e-02	7.797856965085545045e-02
1.182834817238716823e+03	2.559578697417352888e-01	1.523938049977723863e-01	2.533835859290731740e-01	1.546984441242361674e-01	7.480065661384319164e-02	3.069513499621121660e-02	7.807050359707792819e-02
1.185253702345544298e+03	2.556045537773027898e-01	1.521805869042575088e-01	2.536176584549398316e-01	1.548450313922161148e-01	7.486155970882565902e-02	3.072843334345957966e-02	7.816217641894786239e-02
1.187672587452371999e+03	2.552522560733643253e-01	1.519679833169048089e-01	2.538510431315543769e-01	1.549911937920911975e-01	7.492228667364005112e-02	3.076164818790074265e-02	7.825358882449388875e-02
1.190091472559199701e+03	2.549009736937006831e-01	1.517559924636666113e-01	2.540837419495914351e-01	1.551369325872626603e-01	7.498283802729627245e-02	3.079477975809122650e-02	7.834474152034053007e-02
1.192510357666027403e+03	2.545507037105724235e-01	1.515446125776138686e-01	2.543157568939810043e-01	1.552822490369819286e-01	7.504321428716469178e-02	3.082782828193219443e-02	7.843563521170333896e-02
1.194929242772855105e+03	2.542014432046952321e-01	1.513338418969213672e-01	2.545470899439248869e-01	1.554271443963696764e-01	7.510341596898283123e-02	3.086079398667143994e-02	7.852627060238412393e-02
1.197348127879682352e+03	2.538531892652152733e-01	1.511236786648528230e-01	2.547777430729132320e-01	1.555716199164345059e-01	7.516344358686199989e-02	3.089367709890541991e-02	7.861664839476634192e-02
1.199767012986510281e+03	2.535059389896846538e-01	1.509141211297461427e-01	2.550077182487410776e-01	1.557156768440918770e-01	7.522329765329399676e-02	3.092647784458123217e-02	7.870676928981065745e-02
1.202185898093337983e+03	2.531596894840371093e-01	1.507051675449986305e-01	2.552370174335247821e-01	1.558593164221824812e-01	7.528297867915753616e-02	3.095919644899862086e-02	7.879663398705051558e-02
1.204604783200165684e+03	2.528144378625635236e-01	1.504968161690521111e-01	2.554656425837184552e-01	1.560025398894907267e-01	7.534248717372490911e-02	3.099183313681195401e-02	7.888624318458802021e-02
1.207023668306993159e+03	2.524701812478876151e-01	1.502890652653784687e-01	2.556935956501302232e-01	1.561453484807630299e-01	7.540182364466836706e-02	3.102438813203220805e-02	7.897559757908977074e-02
1.209442553413820860e+03	2.521269167709418446e-01	1.500819131024649367e-01	2.559208785779387152e-01	1.562877434267258003e-01	7.546098859806656123e-02	3.105686165802893847e-02	7.906469786578293468e-02
1.211861438520648335e+03	2.517846415709431018e-01	1.498753579537994984e-01	2.561474933067089399e-01	1.564297259541035656e-01	7.551998253841098185e-02	3.108925393753222272e-02	7.915354473845140348e-02
1.214280323627476264e+03	2.514433527953687797e-01	1.496693980978563154e-01	2.563734417704089941e-01	1.565712972856366791e-01	7.557880596861227263e-02	3.112156519263464469e-02	7.924213888943211492e-02
1.216699208734303511e+03	2.511030475999326272e-01	1.494640318180812388e-01	2.565987258974257168e-01	1.567124586400990283e-01	7.563745939000650342e-02	3.115379564479321683e-02	7.933048100961141713e-02
1.219118093841131440e+03	2.507637231485610463e-01	1.492592574028774044e-01	2.568233476105812318e-01	1.568532112323156869e-01	7.569594330236144308e-02	3.118594551483132651e-02	7.941857178842161302e-02
1.221536978947959142e+03	2.504253766133688885e-01	1.490550731455907718e-01	2.570473088271487683e-01	1.569935562731802070e-01	7.575425820388283216e-02	3.121801502294068234e-02	7.950641191383762962e-02
1.223955864054786844e+03	2.500880051746360300e-01	1.488514773444956918e-01	2.572706114588687032e-01	1.571334949696719940e-01	7.581240459122046138e-02	3.125000438868322239e-02	7.959400207237371516e-02
1.226374749161614318e+03	2.497516060207833344e-01	1.486484683027806675e-01	2.574932574119646600e-01	1.572730285248733761e-01	7.587038295947438893e-02	3.128191383099303280e-02	7.968134294908037207e-02
1.228793634268442020e+03	2.494161763483492833e-01	1.484460443285340880e-01	2.577152485871592180e-01	1.574121581379866741e-01	7.592819380220096337e-02	3.131374356817827331e-02	7.976843522754131777e-02
1.231212519375269494e+03	2.490817133619661894e-01	1.482442037347298791e-01	2.579365868796901218e-01	1.575508850043510767e-01	7.598583761141895765e-02	3.134549381792307854e-02	7.985527958987059804e-02
1.233631404482097196e+03	2.487482142743368263e-01	1.480429448392133751e-01	2.581572741793256021e-01	1.576892103154594049e-01	7.604331487761549491e-02	3.137716479728942798e-02	7.994187671670976991e-02
1.236050289588924898e+03	2.484156763062109197e-01	1.478422659646871917e-01	2.583773123703807517e-01	1.578271352589747378e-01	7.610062608975208531e-02	3.140875672271907504e-02	8.002822728722518153e-02
1.238469174695752372e+03	2.480840966863617492e-01	1.476421654386970150e-01	2.585967033317329022e-01	1.579646610187469269e-01	7.615777173527049637e-02	3.144026981003540666e-02	8.011433197910548809e-02
1.240888059802580301e+03	2.477534726515629449e-01	1.474426415936175849e-01	2.588154489368373889e-01	1.581017887748289164e-01	7.621475230009874813e-02	3.147170427444531682e-02	8.020019146855905667e-02
1.243306944909407548e+03	2.474238014465652835e-01	1.472436927666386786e-01	2.590335510537432606e-01	1.582385197034930913e-01	7.627156826865688632e-02	3.150306033054108695e-02	8.028580643031166253e-02
1.245725830016235477e+03	2.470950803240733462e-01	1.470453172997510938e-01	2.592510115451088226e-01	1.583748549772474035e-01	7.632822012386281108e-02	3.153433819230225948e-02	8.037117753760414374e-02
1.248144715123063179e+03	2.467673065447226477e-01	1.468475135397327436e-01	2.594678322682171800e-01	1.585107957648513866e-01	7.638470834713809166e-02	3.156553807309746273e-02	8.045630546219029178e-02
1.250563600229890881e+03	2.464404773770564605e-01	1.466502798381346950e-01	2.596840150749920029e-01	1.586463432313319766e-01	7.644103341841368415e-02	3.159666018568626361e-02	8.054119087433471436e-02
1.252982485336718355e+03	2.461145900975029999e-01	1.464536145512672638e-01	2.598995618120125695e-01	1.587814985379994159e-01	7.649719581613567687e-02	3.162770474222104805e-02	8.062583444281085088e-02
1.255401370443546057e+03	2.457896419903523866e-01	1.462575160401863583e-01	2.601144743205294207e-01	1.589162628424628243e-01	7.655319601727089696e-02	3.165867195424879738e-02	8.071023683489911282e-02
1.257820255550373531e+03	2.454656303477339152e-01	1.460619826706795465e-01	2.603287544364798478e-01	1.590506372986458250e-01	7.660903449731261416e-02	3.168956203271297567e-02	8.079439871638503801e-02
1.260239140657201460e+03	2.451425524695933500e-01	1.458670128132523724e-01	2.605424039905031020e-01	1.591846230568019771e-01	7.666471173028611974e-02	3.172037518795530614e-02	8.087832075155754197e-02
1.262658025764028707e+03	2.448204056636702208e-01	1.456726048431146725e-01	2.607554248079556047e-01	1.593182212635300132e-01	7.672022818875426364e-02	3.175111162971761686e-02	8.096200360320740530e-02
1.265076910870856636e+03	2.444991872454750359e-01	1.454787571401668644e-01	2.609678187089264356e-01	1.594514330617891329e-01	7.677558434382307506e-02	3.178177156714362406e-02	8.104544793262564994e-02
1.267495795977684338e+03	2.441788945382671050e-01	1.452854680889863748e-01	2.611795875082522089e-01	1.595842595909141848e-01	7.683078066514711923e-02	3.181235520878075707e-02	8.112865439960210978e-02
1.269914681084511813e+03	2.438595248730316967e-01	1.450927360788140386e-01	2.613907330155325615e-01	1.597167019866305160e-01	7.688581762093506244e-02	3.184286276258193465e-02	8.121162366242405672e-02
1.272333566191339514e+03	2.435410755884578338e-01	1.449005595035405269e-01	2.616012570351450850e-01	1.598487613810689600e-01	7.694069567795509823e-02	3.187329443590737610e-02	8.129435637787495172e-02
1.274752451298167216e+03	2.432235440309159225e-01	1.447089367616929967e-01	2.618111613662604253e-01	1.599804389027806306e-01	7.699541530154031810e-02	3.190365043552636365e-02	8.137685320123319577e-02
1.277171336404994690e+03	2.429069275544354090e-01	1.445178662564214900e-01	2.620204478028573258e-01	1.601117356767515210e-01	7.704997695559408222e-02	3.193393096761903277e-02	8.145911478627104740e-02
1.279590221511822392e+03	2.425912235206826029e-01	1.443273463954855562e-01	2.622291181337375598e-01	1.602426528244171866e-01	7.710438110259530686e-02	3.196413623777812074e-02	8.154114178525358192e-02
1.282009106618650094e+03	2.422764292989385559e-01	1.441373755912409016e-01	2.624371741425409188e-01	1.603731914636771783e-01	7.715862820360389063e-02	3.199426645101077077e-02	8.162293484893770601e-02
1.284427991725477568e+03	2.419625422660769132e-01	1.439479522606259831e-01	2.626446176077603112e-01	1.605033527089094192e-01	7.721271871826580757e-02	3.202432181174024589e-02	8.170449462657131123e-02
1.286846876832305497e+03	2.416495598065420414e-01	1.437590748251487693e-01	2.628514503027561400e-01	1.606331376709844716e-01	7.726665310481847793e-02	3.205430252380771228e-02	8.178582176589241359e-02
1.289265761939132744e+03	2.413374793123268802e-01	1.435707417108735562e-01	2.630576739957714572e-01	1.607625474572797197e-01	7.732043182009593063e-02	3.208420879047397395e-02	8.186691691312850128e-02
1.291684647045960673e+03	2.410262981829512374e-01	1.433829513484076168e-01	2.632632904499467852e-01	1.608915831716934419e-01	7.737405531953393811e-02	3.211404081442120056e-02	8.194778071299577138e-02
1.294103532152788375e+03	2.407160138254398341e-01	1.431957021728880730e-01	2.634683014233346610e-01	1.610202459146589105e-01	7.742752405717520658e-02	3.214379879775468296e-02	8.202841380869861643e-02
1.296522417259616077e+03	2.404066236543006552e-01	1.430089926239687947e-01	2.636727086689142907e-01	1.611485367831580751e-01	7.748083848567451082e-02	3.217348294200454706e-02	8.210881684192911090e-02
1.298941302366443551e+03	2.400981250915032172e-01	1.428228211458071883e-01	2.638765139346063715e-01	1.612764568707355517e-01	7.753399905630367628e-02	3.220309344812745389e-02	8.218899045286649774e-02
1.301360187473271253e+03	2.397905155664568633e-01	1.426371861870512903e-01	2.640797189632876907e-01	1.614040072675121673e-01	7.758700621895672778e-02	3.223263051650835515e-02	8.226893528017688306e-02
1.303779072580098727e+03	2.394837925159893355e-01	1.424520862008266664e-01	2.642823254928053367e-01	1.615311890601986711e-01	7.763986042215488548e-02	3.226209434696218625e-02	8.234865196101287532e-02
1.306197957686926657e+03	2.391779533843252370e-01	1.422675196447233670e-01	2.644843352559917427e-01	1.616580033321091681e-01	7.769256211305153315e-02	3.229148513873555948e-02	8.242814113101336326e-02
1.308616842793753904e+03	2.388729956230645490e-01	1.420834849807830758e-01	2.646857499806787306e-01	1.617844511631746918e-01	7.774511173743718639e-02	3.232080309050846395e-02	8.250740342430332164e-02
1.311035727900581833e+03	2.385689166911612591e-01	1.418999806754861759e-01	2.648865713897120555e-01	1.619105336299563602e-01	7.779750973974448869e-02	3.235004840039596569e-02	8.258643947349372794e-02
1.313454613007409534e+03	2.382657140549021002e-01	1.417170051997388991e-01	2.650868012009659491e-01	1.620362518056588097e-01	7.784975656305304081e-02	3.237922126594987987e-02	8.266524990968146525e-02
1.315873498114237009e+03	2.379633851878852624e-01	1.415345570288604193e-01	2.652864411273572753e-01	1.621616067601430733e-01	7.790185264909432750e-02	3.240832188416047782e-02	8.274383536244935000e-02
1.318292383221064711e+03	2.376619275709992707e-01	1.413526346425701130e-01	2.654854928768598521e-01	1.622865995599400424e-01	7.795379843825653299e-02	3.243735045145811763e-02	8.282219645986622913e-02
1.320711268327892412e+03	2.373613386924017798e-01	1.411712365249748191e-01	2.656839581525189398e-01	1.624112312682631232e-01	7.800559436958942605e-02	3.246630716371495112e-02	8.290033382848704946e-02
1.323130153434719887e+03	2.370616160474986189e-01	1.409903611645561550e-01	2.658818386524652855e-01	1.625355029450213096e-01	7.805724088080910616e-02	3.249519221624656146e-02	8.297824809335312135e-02
1.325549038541547588e+03	2.367627571389226970e-01	1.408100070541577209e-01	2.660791360699291119e-01	1.626594156468319785e-01	7.810873840830277748e-02	3.252400580381363537e-02	8.305593987799228528e-02
1.327967923648375290e+03	2.364647594765131033e-01	1.406301726909725547e-01	2.662758520932546058e-01	1.627829704270335742e-01	7.816008738713350890e-02	3.255274812062360079e-02	8.313340980441928652e-02
1.330386808755202765e+03	2.361676205772942350e-01	1.404508565765305028e-01	2.664719884059138511e-01	1.629061683356982926e-01	7.821128825104496640e-02	3.258141936033228520e-02	8.321065849313612206e-02
1.332805693862030694e+03	2.358713379654550635e-01	1.402720572166855917e-01	2.666675466865209287e-01	1.630290104196447099e-01	7.826234143246606212e-02	3.261001971604553934e-02	8.328768656313238761e-02
1.335224578968857941e+03	2.355759091723282628e-01	1.400937731216036208e-01	2.668625286088459059e-01	1.631514977224501894e-01	7.831324736251567276e-02	3.263854938032088870e-02	8.336449463188584652e-02
1.337643464075685870e+03	2.352813317363695311e-01	1.399160028057496175e-01	2.670569358418287131e-01	1.632736312844633442e-01	7.836400647100719152e-02	3.266700854516914332e-02	8.344108331536287393e-02
1.340062349182513572e+03	2.349876032031370521e-01	1.397387447878752909e-01	2.672507700495934113e-01	1.633954121428163597e-01	7.841461918645326046e-02	3.269539740205603534e-02	8.351745322801908122e-02
1.342481234289341273e+03	2.346947211252708720e-01	1.395619975910067090e-01	2.674440328914616249e-01	1.635168413314372904e-01	7.846508593607023907e-02	3.272371614190383582e-02	8.359360498279992668e-02
1.344900119396168748e+03	2.344026830624724445e-01	1.393857597424319195e-01	2.676367260219668087e-01	1.636379198810621327e-01	7.851540714578289504e-02	3.275196495509295758e-02	8.366953919114135385e-02
1.347319004502996449e+03	2.341114865814840906e-01	1.392100297736885706e-01	2.678288510908678477e-01	1.637586488192470657e-01	7.856558324022883122e-02	3.278014403146356504e-02	8.374525646297056869e-02
1.349737889609823924e+03	2.338211292560686549e-01	1.390348062205516433e-01	2.680204097431628796e-01	1.638790291703803859e-01	7.861561464276307920e-02	3.280825356031717710e-02	8.382075740670678898e-02
1.352156774716651853e+03	2.335316086669892710e-01	1.388600876230210723e-01	2.682114036191029505e-01	1.639990619556944695e-01	7.866550177546252631e-02	3.283629373041825616e-02	8.389604262926207701e-02
1.354575659823479100e+03	2.332429224019889336e-01	1.386858725253096170e-01	2.684018343542059482e-01	1.641187481932777081e-01	7.871524505913043979e-02	3.286426472999581794e-02	8.397111273604217219e-02
1.356994544930307029e+03	2.329550680557704034e-01	1.385121594758306207e-01	2.685917035792699248e-01	1.642380888980862763e-01	7.876484491330087989e-02	3.289216674674499269e-02	8.404596833094747643e-02
1.359413430037134731e+03	2.326680432299760570e-01	1.383389470271858546e-01	2.687810129203870857e-01	1.643570850819558449e-01	7.881430175624311307e-02	3.291999996782861426e-02	8.412061001637398394e-02
1.361832315143962205e+03	2.323818455331677635e-01	1.381662337361533599e-01	2.689697639989571121e-01	1.644757377536132659e-01	7.886361600496602509e-02	3.294776457987879520e-02	8.419503839321422489e-02
1.364251200250789907e+03	2.320964725808068452e-01	1.379940181636754026e-01	2.691579584317007057e-01	1.645940479186882577e-01	7.891278807522249250e-02	3.297546076899849493e-02	8.426925406085840342e-02
1.366670085357617609e+03	2.318119219952341492e-01	1.378222988748463718e-01	2.693455978306731335e-01	1.647120165797247293e-01	7.896181838151372645e-02	3.300308872076308103e-02	8.434325761719542458e-02
1.369088970464445310e+03	2.315281914056501467e-01	1.376510744389007890e-01	2.695326838032777728e-01	1.648296447361923822e-01	7.901070733709360250e-02	3.303064862022189047e-02	8.441704965861408783e-02
1.371507855571272785e+03	2.312452784480950041e-01	1.374803434292012905e-01	2.697192179522793776e-01	1.649469333844980623e-01	7.905945535397293500e-02	3.305814065189978390e-02	8.449063078000421112e-02
1.373926740678100487e+03	2.309631807654288771e-01	1.373101044232266921e-01	2.699052018758176796e-01	1.650638835179970565e-01	7.910806284292384860e-02	3.308556499979870003e-02	8.456400157475786605e-02
1.376345625784927961e+03	2.306818960073121205e-01	1.371403560025601098e-01	2.700906371674204332e-01	1.651804961270043892e-01	7.915653021348395546e-02	3.311292184739917516e-02	8.463716263477062685e-02
1.378764510891755890e+03	2.304014218301856098e-01	1.369710967528769419e-01	2.702755254160169596e-01	1.652967721988058969e-01	7.920485787396057409e-02	3.314021137766191838e-02	8.471011455044288874e-02
1.381183395998583137e+03	2.301217558972512012e-01	1.368023252639332388e-01	2.704598682059513592e-01	1.654127127176694967e-01	7.925304623143507310e-02	3.316743377302929646e-02	8.478285791068115862e-02
1.383602281105411066e+03	2.298428958784519971e-01	1.366340401295537132e-01	2.706436671169957231e-01	1.655283186648561222e-01	7.930109569176690965e-02	3.319458921542690899e-02	8.485539330289948445e-02
1.386021166212238768e+03	2.295648394504530565e-01	1.364662399476200272e-01	2.708269237243632332e-01	1.656435910186306870e-01	7.934900665959791766e-02	3.322167788626507329e-02	8.492772131302082916e-02
1.388440051319066470e+03	2.292875842966217714e-01	1.362989233200590511e-01	2.710096395987215967e-01	1.657585307542731590e-01	7.939677953835638791e-02	3.324869996644037179e-02	8.499984252547850005e-02
1.390858936425893944e+03	2.290111281070085769e-01	1.361320888528311235e-01	2.711918163062058129e-01	1.658731388440893018e-01	7.944441473026128686e-02	3.327565563633715084e-02	8.507175752321764761e-02
1.393277821532721646e+03	2.287354685783275499e-01	1.359657351559184213e-01	2.713734554084313855e-01	1.659874162574214440e-01	7.949191263632628124e-02	3.330254507582901952e-02	8.514346688769680593e-02
1.395696706639549120e+03	2.284606034139372854e-01	1.357998608433133303e-01	2.715545584625074227e-01	1.661013639606592762e-01	7.953927365636384583e-02	3.332936846428037614e-02	8.521497119888939153e-02
1.398115591746377049e+03	2.281865303238213571e-01	1.356344645330067600e-01	2.717351270210496827e-01	1.662149829172505644e-01	7.958649818898938522e-02	3.335612598054787242e-02	8.528627103528534092e-02
1.400534476853204296e+03	2.279132470245695541e-01	1.354695448469767083e-01	2.719151626321932302e-01	1.663282740877116139e-01	7.963358663162523055e-02	3.338281780298194695e-02	8.535736697389269267e-02
1.402953361960032225e+03	2.276407512393584520e-01	1.353051004111765765e-01	2.720946668396057588e-01	1.664412384296380110e-01	7.968053938050466412e-02	3.340944410942828235e-02	8.542825959023925275e-02
1.405372247066859927e+03	2.273690406979324841e-01	1.351411298555237062e-01	2.722736411825003033e-01	1.665538768977149198e-01	7.972735683067599943e-02	3.343600507722929716e-02	8.549894945837427374e-02
1.407791132173687402e+03	2.270981131365850392e-01	1.349776318138879716e-01	2.724520871956480073e-01	1.666661904437277131e-01	7.977403937600649475e-02	3.346250088322561683e-02	8.556943715087017566e-02
1.410210017280515103e+03	2.268279662981393108e-01	1.348146049240803723e-01	2.726300064093910569e-01	1.667781800165721584e-01	7.982058740918637763e-02	3.348893170375757261e-02	8.563972323882425297e-02
1.412628902387342805e+03	2.265585979319295895e-01	1.346520478278414312e-01	2.728074003496553934e-01	1.668898465622648264e-01	7.986700132173274458e-02	3.351529771466665170e-02	8.570980829186050642e-02
1.415047787494170507e+03	2.262900057937823339e-01	1.344899591708300646e-01	2.729842705379634804e-01	1.670011910239533881e-01	7.991328150399355790e-02	3.354159909129694750e-02	8.577969287813139165e-02
1.417466672600997981e+03	2.260221876459974633e-01	1.343283376026120912e-01	2.731606184914470159e-01	1.671122143419267458e-01	7.995942834515148978e-02	3.356783600849665150e-02	8.584937756431970657e-02
1.419885557707825683e+03	2.257551412573295946e-01	1.341671817766490193e-01	2.733364457228597000e-01	1.672229174536251917e-01	8.000544223322787751e-02	3.359400864061946879e-02	8.591886291564040934e-02
1.422304442814653157e+03	2.254888644029693634e-01	1.340064903502867222e-01	2.735117537405895027e-01	1.673333012936504827e-01	8.005132355508656761e-02	3.362011716152610991e-02	8.598814949584251965e-02
1.424723327921481086e+03	2.252233548645248273e-01	1.338462619847442248e-01	2.736865440486717094e-01	1.674433667937759440e-01	8.009707269643775995e-02	3.364616174458571335e-02	8.605723786721104773e-02
1.427142213028308333e+03	2.249586104300030087e-01	1.336864953451024352e-01	2.738608181468012437e-01	1.675531148829564054e-01	8.014269004184189360e-02	3.367214256267727496e-02	8.612612859056893722e-02
1.429561098135136262e+03	2.246946288937912151e-01	1.335271891002931532e-01	2.740345775303452136e-01	1.676625464873380822e-01	8.018817597471343539e-02	3.369805978819110509e-02	8.619482222527900805e-02
1.431979983241963964e+03	2.244314080566386926e-01	1.333683419230877187e-01	2.742078236903553456e-01	1.677716625302685394e-01	8.023353087732468247e-02	3.372391359303025110e-02	8.626331932924598267e-02
1.434398868348791666e+03	2.241689457256382245e-01	1.332099524900860199e-01	2.743805581135806970e-01	1.678804639323063785e-01	8.027875513080953707e-02	3.374970414861191981e-02	8.633162045891849823e-02
1.436817753455619140e+03	2.239072397142078952e-01	1.330520194817054191e-01	2.745527822824794795e-01	1.679889516112311465e-01	8.032384911516733672e-02	3.377543162586890690e-02	8.639972616929111893e-02
1.439236638562446842e+03	2.236462878420724942e-01	1.328945415821697063e-01	2.747244976752321044e-01	1.680971264820529665e-01	8.036881320926650418e-02	3.380109619525101250e-02	8.646763701390650092e-02
1.441655523669274316e+03	2.233860879352456141e-01	1.327375174794980794e-01	2.748957057657532288e-01	1.682049894570221971e-01	8.041364779084834991e-02	3.382669802672644971e-02	8.653535354485733522e-02
1.444074408776102018e+03	2.231266378260113592e-01	1.325809458654941542e-01	2.750664080237040232e-01	1.683125414456391189e-01	8.045835323653077742e-02	3.385223728978324631e-02	8.660287631278860976e-02
1.446493293882929493e+03	2.228679353529061380e-01	1.324248254357350552e-01	2.752366059145044397e-01	1.684197833546633716e-01	8.050292992181197482e-02	3.387771415343067416e-02	8.667020586689969108e-02
1.448912178989757422e+03	2.226099783607006777e-01	1.322691548895604530e-01	2.754063008993455908e-01	1.685267160881235016e-01	8.054737822107406464e-02	3.390312878620063003e-02	8.673734275494644763e-02
1.451331064096585123e+03	2.223527647003819829e-01	1.321139329300617671e-01	2.755754944352016844e-01	1.686333405473265934e-01	8.059169850758682307e-02	3.392848135614901645e-02	8.680428752324349795e-02
1.453749949203412370e+03	2.220962922291353225e-01	1.319591582640712579e-01	2.757441879748425140e-01	1.687396576308673735e-01	8.063589115351130210e-02	3.395377203085717110e-02	8.687104071666638949e-02
1.456168834310240300e+03	2.218405588103264103e-01	1.318048296021511745e-01	2.759123829668454486e-01	1.688456682346378135e-01	8.067995652990345157e-02	3.397900097743321302e-02	8.693760287865379133e-02
1.458587719417068001e+03	2.215855623134835306e-01	1.316509456585830684e-01	2.760800808556074237e-01	1.689513732518363454e-01	8.072389500671772744e-02	3.400416836251344416e-02	8.700397455120979784e-02
1.461006604523895703e+03	2.213313006142795247e-01	1.314975051513570248e-01	2.762472830813570424e-01	1.690567735729771592e-01	8.076770695281071388e-02	3.402927435226373726e-02	8.707015627490619081e-02
1.463425489630723177e+03	2.210777715945143052e-01	1.313445068021608375e-01	2.764139910801667877e-01	1.691618700858993352e-01	8.081139273594466210e-02	3.405431911238086806e-02	8.713614858888467374e-02
1.465844374737550879e+03	2.208249731420970363e-01	1.311919493363694067e-01	2.765802062839645692e-01	1.692666636757761411e-01	8.085495272279111245e-02	3.407930280809391699e-02	8.720195203085920332e-02
1.468263259844378354e+03	2.205729031510284543e-01	1.310398314830341082e-01	2.767459301205464350e-01	1.693711552251240815e-01	8.089838727893440551e-02	3.410422560416565690e-02	8.726756713711834867e-02
1.470682144951206283e+03	2.203215595213832423e-01	1.308881519748720801e-01	2.769111640135875629e-01	1.694753456138119452e-01	8.094169676887522091e-02	3.412908766489384377e-02	8.733299444252759502e-02
1.473101030058033530e+03	2.200709401592925996e-01	1.307369095482556476e-01	2.770759093826548614e-01	1.695792357190699651e-01	8.098488155603411620e-02	3.415388915411262521e-02	8.739823448053168908e-02
1.475519915164861459e+03	2.198210429769265895e-01	1.305861029432018316e-01	2.772401676432185158e-01	1.696828264154985888e-01	8.102794200275498238e-02	3.417863023519389365e-02	8.746328778315708152e-02
1.477938800271689161e+03	2.195718658924767919e-01	1.304357309033617462e-01	2.774039402066638682e-01	1.697861185750776380e-01	8.107087847030858274e-02	3.420331107104858381e-02	8.752815488101427233e-02
1.480357685378516862e+03	2.193234068301389006e-01	1.302857921760100512e-01	2.775672284803031853e-01	1.698891130671751071e-01	8.111369131889598072e-02	3.422793182412808138e-02	8.759283630330021164e-02
1.482776570485344337e+03	2.190756637200952650e-01	1.301362855120346274e-01	2.777300338673873714e-01	1.699918107585559612e-01	8.115638090765200929e-02	3.425249265642550667e-02	8.765733257780077003e-02
