1.301360187473271253e+03	2.352695037966575364e-01	1.498728270248262384e-01	2.599071808789752414e-01	1.605422977172219212e-01	7.662602931156414776e-02	3.274563046919144044e-02	8.503653080109165041e-02
1.306197957686926657e+03	2.346641247134612085e-01	1.494477583537338061e-01	2.603052101967281984e-01	1.607491389540559867e-01	7.677313073441796587e-02	3.283358019416660750e-02	8.522705685296437517e-02
1.311035727900581833e+03	2.340623144335718386e-01	1.490252342822523390e-01	2.607010506216774215e-01	1.609553912528035313e-01	7.691948553158264867e-02	3.292046887760592677e-02	8.541605500003437990e-02
1.315873498114237009e+03	2.334640547418622425e-01	1.486052384354365485e-01	2.610947127538799650e-01	1.611610397159441155e-01	7.706506746663313590e-02	3.300632025157974186e-02	8.560356663419230183e-02
1.320711268327892412e+03	2.328693272743842801e-01	1.481877546420757863e-01	2.614862072909177604e-01	1.613660701176908574e-01	7.720985433118911223e-02	3.309115735643694545e-02	8.578962898683330229e-02
1.325549038541547588e+03	2.322781135437749223e-01	1.477727669244139619e-01	2.618755450086056591e-01	1.615704688812118484e-01	7.735382744159798041e-02	3.317500256232724931e-02	8.597427563759640901e-02
1.330386808755202765e+03	2.316903949619091019e-01	1.473602594887535588e-01	2.622627367441016100e-01	1.617742230566179829e-01	7.749697119790621702e-02	3.325787759004310284e-02	8.615753696019645691e-02
1.335224578968857941e+03	2.311061528601116022e-01	1.469502167168564855e-01	2.626477933811234289e-01	1.619773202996883932e-01	7.763927269741434378e-02	3.333980353120306883e-02	8.633944051313074963e-02
1.340062349182513572e+03	2.305253685072038428e-01	1.465426231580636285e-01	2.630307258370127577e-01	1.621797488513065377e-01	7.778072139606385937e-02	3.342080086779768838e-02	8.652001138207977837e-02
1.344900119396168748e+03	2.299480231256292029e-01	1.461374635220638041e-01	2.634115450514188383e-01	1.623814975175806308e-01	7.792130881173940649e-02	3.350088949111824227e-02	8.669927247997795405e-02
1.349737889609823924e+03	2.293740979058711826e-01	1.457347226722498224e-01	2.637902619764025403e-01	1.625825556506240444e-01	7.806102826430158514e-02	3.358008872008793472e-02	8.687724480999092780e-02
1.354575659823479100e+03	2.288035740193539169e-01	1.453343856196062933e-01	2.641668875677861128e-01	1.627829131299720067e-01	7.819987464780676911e-02	3.365841731901472733e-02	8.705394769598820415e-02
1.359413430037134731e+03	2.282364326299926305e-01	1.449364375170790198e-01	2.645414327775951202e-01	1.629825603446118099e-01	7.833784423093273497e-02	3.373589351478408632e-02	8.722939898453255236e-02
1.364251200250789907e+03	2.276726549045419434e-01	1.445408636543815406e-01	2.649139085474591093e-01	1.631814881756054880e-01	7.847493448212070066e-02	3.381253501350955232e-02	8.740361522190960575e-02
1.369088970464445310e+03	2.271122220218723120e-01	1.441476494531990782e-01	2.652843258028518281e-01	1.633796879792838441e-01	7.861114391637681609e-02	3.388835901665833428e-02	8.757661180928570654e-02
1.373926740678100487e+03	2.265551151812910391e-01	1.437567804627531975e-01	2.656526954480691871e-01	1.635771515709924517e-01	7.874647196105355462e-02	3.396338223666862249e-02	8.774840313869985975e-02
1.378764510891755890e+03	2.260013156100098564e-01	1.433682423556958130e-01	2.660190283618533713e-01	1.637738712093702309e-01	7.888091883826313377e-02	3.403762091207478135e-02	8.791900271226070485e-02
1.383602281105411066e+03	2.254508045698496166e-01	1.429820209243022888e-01	2.663833353935844972e-01	1.639698395811431397e-01	7.901448546186580491e-02	3.411109082215598581e-02	8.808842324662657930e-02
1.388440051319066470e+03	2.249035633632630038e-01	1.425981020769384877e-01	2.667456273599692618e-01	1.641650497864146629e-01	7.914717334722978781e-02	3.418380730112350468e-02	8.825667676458924527e-02
1.393277821532721646e+03	2.243595733387458990e-01	1.422164718347773416e-01	2.671059150421669082e-01	1.643594953244367773e-01	7.927898453218293340e-02	3.425578525186119550e-02	8.842377467535687818e-02
1.398115591746377049e+03	2.238188158957014617e-01	1.418371163287439063e-01	2.674642091832974966e-01	1.645531700798454344e-01	7.940992150777186065e-02	3.432703915923343563e-02	8.858972784493429620e-02
1.402953361960032225e+03	2.232812724888125766e-01	1.414600217966694162e-01	2.678205204862864619e-01	1.647460683093445455e-01	7.953998715761496918e-02	3.439758310297413163e-02	8.875454665782575581e-02
1.407791132173687402e+03	2.227469246319725704e-01	1.410851745806368518e-01	2.681748596120043238e-01	1.649381846288238140e-01	7.966918470478634440e-02	3.446743077017011547e-02	8.891824107113387166e-02
1.412628902387342805e+03	2.222157539018192185e-01	1.407125611245023111e-01	2.685272371776644129e-01	1.651295140008959828e-01	7.979751766529882828e-02	3.453659546735184105e-02	8.908082066199526916e-02
1.417466672600997981e+03	2.216877419409110928e-01	1.403421679715775583e-01	2.688776637554485260e-01	1.653200517228395894e-01	7.992498980736982561e-02	3.460509013220365582e-02	8.924229466917761588e-02
1.422304442814653157e+03	2.211628704605818063e-01	1.399739817624607863e-01	2.692261498713311996e-01	1.655097934149338534e-01	8.005160511575436233e-02	3.467292734490585310e-02	8.940267202956003745e-02
1.427142213028308333e+03	2.206411212435034908e-01	1.396079892330037153e-01	2.695727060040790657e-01	1.656987350091727040e-01	8.017736776051842540e-02	3.474011933912007910e-02	8.956196141013036960e-02
1.431979983241963964e+03	2.201224761459876500e-01	1.392441772124040911e-01	2.699173425844039742e-01	1.658868727383458752e-01	8.030228206970328741e-02	3.480667801262935651e-02	8.972017123605359468e-02
1.436817753455619140e+03	2.196069171000484543e-01	1.388825326214138678e-01	2.702600699942504514e-01	1.660742031254744122e-01	8.042635250539925673e-02	3.487261493764372278e-02	8.987730971529764301e-02
1.441655523669274316e+03	2.190944261152511230e-01	1.385230424706540286e-01	2.706008985662014532e-01	1.662607229735897918e-01	8.054958364280696836e-02	3.493794137078200940e-02	9.003338486024251019e-02
1.446493293882929493e+03	2.185849852803652682e-01	1.381656938590274664e-01	2.709398385829880351e-01	1.664464293558446939e-01	8.067198015191656690e-02	3.500266826273998322e-02	9.018840450664585007e-02
1.451331064096585123e+03	2.180785767648412976e-01	1.378104739722231242e-01	2.712769002770903382e-01	1.666313196059452106e-01	8.079354678148080449e-02	3.506680626765486253e-02	9.034237633029218451e-02
1.456168834310240300e+03	2.175751828201263061e-01	1.374573700813038757e-01	2.716120938304179555e-01	1.668153913088939178e-01	8.091428834499798939e-02	3.513036575217565183e-02	9.049530786161204265e-02
1.461006604523895703e+03	2.170747857808336123e-01	1.371063695413719252e-01	2.719454293740612427e-01	1.669986422920332891e-01	8.103420970845628957e-02	3.519335680424878071e-02	9.064720649852257839e-02
1.465844374737550879e+03	2.165773680657793743e-01	1.367574597903063460e-01	2.722769169881032458e-01	1.671810706163804894e-01	8.115331577962106580e-02	3.525578924162784539e-02	9.079807951770926810e-02
1.470682144951206283e+03	2.160829121788978013e-01	1.364106283475669257e-01	2.726065667014868632e-01	1.673626745682435524e-01	8.127161149867440093e-02	3.531767262011630687e-02	9.094793408454175665e-02
1.475519915164861459e+03	2.155914007100457885e-01	1.360658628130598236e-01	2.729343884919283592e-01	1.675434526511100086e-01	8.138910183003934817e-02	3.537901624155156272e-02	9.109677726179270241e-02
1.480357685378516862e+03	2.151028163357064926e-01	1.357231508660603492e-01	2.732603922858733991e-01	1.677234035777990795e-01	8.150579175524212683e-02	3.543982916153849694e-02	9.124461601730771143e-02
1.485195455592172038e+03	2.146171418196004821e-01	1.353824802641886982e-01	2.735845879584887230e-01	1.679025262628693060e-01	8.162168626668384053e-02	3.550012019694050169e-02	9.139145723075606242e-02
1.490033225805827215e+03	2.141343600132123715e-01	1.350438388424352043e-01	2.739069853336867921e-01	1.680808198152729249e-01	8.173679036220898864e-02	3.555989793313556191e-02	9.153730769957584001e-02
1.494870996019482618e+03	2.136544538562399898e-01	1.347072145122308051e-01	2.742275941841775810e-01	1.682582835312492753e-01	8.185110904037193325e-02	3.561917073104484827e-02	9.168217414421317435e-02
1.499708766233137567e+03	2.131774063769726890e-01	1.343725952605606122e-01	2.745464242315457937e-01	1.684349168874496316e-01	8.196464729631509905e-02	3.567794673394103500e-02	9.182606321274271177e-02
1.504546536446793198e+03	2.127032006926042884e-01	1.340399691491164502e-01	2.748634851463491180e-01	1.686107195342856635e-01	8.207741011818275867e-02	3.573623387404319812e-02	9.196898148494597747e-02
1.509384306660448374e+03	2.122318200094864826e-01	1.337093243134865328e-01	2.751787865482355766e-01	1.687856912894949435e-01	8.218940248400426196e-02	3.579403987890517752e-02	9.211093547591443775e-02
1.514222076874103550e+03	2.117632476233271832e-01	1.333806489623790004e-01	2.754923380060771421e-01	1.689598321319158158e-01	8.230062935898838083e-02	3.585137227760376577e-02	9.225193163923606221e-02
1.519059847087758726e+03	2.112974669193383448e-01	1.330539313768775433e-01	2.758041490381182292e-01	1.691331421954654912e-01	8.241109569317768557e-02	3.590823840673311451e-02	9.239197636981687223e-02
1.523897617301414357e+03	2.108344613723373284e-01	1.327291599097264185e-01	2.761142291121366221e-01	1.693056217633145677e-01	8.252080641941829386e-02	3.596464541621154781e-02	9.253107600638244001e-02
1.528735387515069533e+03	2.103742145468055491e-01	1.324063229846433043e-01	2.764225876456151143e-01	1.694772712622518440e-01	8.262976645160600986e-02	3.602060027490652794e-02	9.266923683369893139e-02
1.533573157728724709e+03	2.099167100969074329e-01	1.320854090956577465e-01	2.767292340059230304e-01	1.696480912572329580e-01	8.273798068317420040e-02	3.607610977608365771e-02	9.280646508454817867e-02
1.538410927942380113e+03	2.094619317664735414e-01	1.317664068064736127e-01	2.770341775105064630e-01	1.698180824461075489e-01	8.284545398579359898e-02	3.613118054268520812e-02	9.294276694148721762e-02
1.543248698156035516e+03	2.090098633889497237e-01	1.314493047498540013e-01	2.773374274270849482e-01	1.699872456545186428e-01	8.295219120825753079e-02	3.618581903244356968e-02	9.307814853841880898e-02
1.548086468369690692e+03	2.085604888873156815e-01	1.311340916270269108e-01	2.776389929738549700e-01	1.701555818309691548e-01	8.305819717552956338e-02	3.624003154283476219e-02	9.321261596199614807e-02
1.552924238583346096e+03	2.081137922739749457e-01	1.308207562071106167e-01	2.779388833196989594e-01	1.703230920420499839e-01	8.316347668793321046e-02	3.629382421587721425e-02	9.334617525288230189e-02
1.557762008797001272e+03	2.076697576506185694e-01	1.305092873265569497e-01	2.782371075843985131e-01	1.704897774678245381e-01	8.326803452046616094e-02	3.634720304278047515e-02	9.347883240688208140e-02
1.562599779010656675e+03	2.072283692080645889e-01	1.301996738886118665e-01	2.785336748388520522e-01	1.706556393973646946e-01	8.337187542222325443e-02	3.640017386844878605e-02	9.361059337596207286e-02
1.567437549224311852e+03	2.067896112260750041e-01	1.298919048627917849e-01	2.788285941052959238e-01	1.708206792244333361e-01	8.347500411591472769e-02	3.645274239584389564e-02	9.374146406917260865e-02
1.572275319437967255e+03	2.063534680731523019e-01	1.295859692843746858e-01	2.791218743575281658e-01	1.709848984433088304e-01	8.357742529746786664e-02	3.650491419021179712e-02	9.387145035348357092e-02
1.577113089651622431e+03	2.059199242063166069e-01	1.292818562539053695e-01	2.794135245211348262e-01	1.711482986447469545e-01	8.367914363570144731e-02	3.655669468317740423e-02	9.400055805454460289e-02
1.581950859865277607e+03	2.054889641708655679e-01	1.289795549367134531e-01	2.797035534737182805e-01	1.713108815120755746e-01	8.378016377206382037e-02	3.660808917671157237e-02	9.412879295737898444e-02
1.586788630078933011e+03	2.050605726001176188e-01	1.286790545624436899e-01	2.799919700451273807e-01	1.714726488174182217e-01	8.388049032042677045e-02	3.665910284697430910e-02	9.425616080701920696e-02
1.591626400292587959e+03	2.046347342151407234e-01	1.283803444245976699e-01	2.802787830176891593e-01	1.716336024180422082e-01	8.398012786692794773e-02	3.670974074803817072e-02	9.438266730909135316e-02
1.596464170506243590e+03	2.042114338244667981e-01	1.280834138800860944e-01	2.805640011264409761e-01	1.717937442528274239e-01	8.407908096985586277e-02	3.676000781549559893e-02	9.450831813035442952e-02
1.601301940719898766e+03	2.037906563237938118e-01	1.277882523487911814e-01	2.808476330593644987e-01	1.719530763388517625e-01	8.417735415957186551e-02	3.680990886995382655e-02	9.463311889920014708e-02
1.606139710933553943e+03	2.033723866956761162e-01	1.274948493131384808e-01	2.811296874576193483e-01	1.721116007680897064e-01	8.427495193846450128e-02	3.685944862042096065e-02	9.475707520611797996e-02
1.610977481147209119e+03	2.029566100092037029e-01	1.272031943176773205e-01	2.814101729157778009e-01	1.722693197042202695e-01	8.437187878093205251e-02	3.690863166758659442e-02	9.488019260412937361e-02
1.615815251360864750e+03	2.025433114196718287e-01	1.269132769686696360e-01	2.816890979820595997e-01	1.724262353795407710e-01	8.446813913338975521e-02	3.695746250700030627e-02	9.500247660919515502e-02
1.620653021574519926e+03	2.021324761682416205e-01	1.266250869336866813e-01	2.819664711585668226e-01	1.725823500919833609e-01	8.456373741429823454e-02	3.700594553215127980e-02	9.512393270059903150e-02
1.625490791788175102e+03	2.017240895815917701e-01	1.263386139412127074e-01	2.822423009015190276e-01	1.727376662022304388e-01	8.465867801421073091e-02	3.705408503745209053e-02	9.524456632131018952e-02
1.630328562001830505e+03	2.013181370715633189e-01	1.260538477802558566e-01	2.825165956214878427e-01	1.728921861309265506e-01	8.475296529583634109e-02	3.710188522112981002e-02	9.536438287832724181e-02
1.635166332215485909e+03	2.009146041347968370e-01	1.257707782999653301e-01	2.827893636836314450e-01	1.730459123559829338e-01	8.484660359411733133e-02	3.714935018802718175e-02	9.548338774300586806e-02
1.640004102429141085e+03	2.005134763523635788e-01	1.254893954092545783e-01	2.830606134079291514e-01	1.731988474099722675e-01	8.493959721631860749e-02	3.719648395231679727e-02	9.560158625137196720e-02
1.644841872642796488e+03	2.001147393893905613e-01	1.252096890764303749e-01	2.833303530694147865e-01	1.733509938776105208e-01	8.503195044212775999e-02	3.724329044013102025e-02	9.571898370442191717e-02
1.649679642856451665e+03	1.997183789946803401e-01	1.249316493288272212e-01	2.835985908984103854e-01	1.735023543933231494e-01	8.512366752376405998e-02	3.728977349211025361e-02	9.583558536841145503e-02
1.654517413070107068e+03	1.993243810003263450e-01	1.246552662524468696e-01	2.838653350807587850e-01	1.736529316388928934e-01	8.521475268609535192e-02	3.733593686587215882e-02	9.595139647513442616e-02
1.659355183283762244e+03	1.989327313213231641e-01	1.243805299916025536e-01	2.841305937580559382e-01	1.738027283411867630e-01	8.530521012676166304e-02	3.738178423840431142e-02	9.606642222219244354e-02
1.664192953497417420e+03	1.985434159551737188e-01	1.241074307485679623e-01	2.843943750278819516e-01	1.739517472699593503e-01	8.539504401630446107e-02	3.742731920838267973e-02	9.618066777325659511e-02
1.669030723711072824e+03	1.981564209814921373e-01	1.238359587832303654e-01	2.846566869440327330e-01	1.740999912357303059e-01	8.548425849830099121e-02	3.747254529841829995e-02	9.629413825832193463e-02
1.673868493924728000e+03	1.977717325616040744e-01	1.235661044127478597e-01	2.849175375167490865e-01	1.742474630877333952e-01	8.557285768950259608e-02	3.751746595723434718e-02	9.640683877395540835e-02
1.678706264138383403e+03	1.973893369381437557e-01	1.232978580112105566e-01	2.851769347129465837e-01	1.743941657119351119e-01	8.566084567997674093e-02	3.756208456177585753e-02	9.651877438353809180e-02
1.683544034352038352e+03	1.970092204346489961e-01	1.230312100093053640e-01	2.854348864564438260e-01	1.745401020291203475e-01	8.574822653325180066e-02	3.760640441925417604e-02	9.662995011750219465e-02
1.688381804565693983e+03	1.966313694551535818e-01	1.227661508939842799e-01	2.856914006281899843e-01	1.746852749930430104e-01	8.583500428646441416e-02	3.765042876912821912e-02	9.674037097356327775e-02
1.693219574779349159e+03	1.962557704837781802e-01	1.225026712081360020e-01	2.859464850664913405e-01	1.748296875886396762e-01	8.592118295050880927e-02	3.769416078502448031e-02	9.685004191694827902e-02
1.698057344993004335e+03	1.958824100843192251e-01	1.222407615502607015e-01	2.862001475672374395e-01	1.749733428303041627e-01	8.600676651018790420e-02	3.773760357659775716e-02	9.695896788061948712e-02
1.702895115206659511e+03	1.955112748998368566e-01	1.219804125741479062e-01	2.864523958841257989e-01	1.751162437602209743e-01	8.609175892436549127e-02	3.778076019133445179e-02	9.706715376549518437e-02
1.707732885420315142e+03	1.951423516522413082e-01	1.217216149885570059e-01	2.867032377288858402e-01	1.752583934467557558e-01	8.617616412611966981e-02	3.782363361630024234e-02	9.717460444066682024e-02
1.712570655633970318e+03	1.947756271418785989e-01	1.214643595569008389e-01	2.869526807715018779e-01	1.753997949829012304e-01	8.625998602289688955e-02	3.786622677983385310e-02	9.728132474361329829e-02
1.717408425847625494e+03	1.944110882471154766e-01	1.212086370969317067e-01	2.872007326404353855e-01	1.755404514847762609e-01	8.634322849666661859e-02	3.790854255318871352e-02	9.738731948041244590e-02
1.722246196061280898e+03	1.940487219239238059e-01	1.209544384804299433e-01	2.874474009228455418e-01	1.756803660901769537e-01	8.642589540407634441e-02	3.795058375212396334e-02	9.749259342594997213e-02
1.727083966274936301e+03	1.936885152054645676e-01	1.207017546328949809e-01	2.876926931648099428e-01	1.758195419571776108e-01	8.650799057660685243e-02	3.799235313844658707e-02	9.759715132412594141e-02
1.731921736488591478e+03	1.933304552016717193e-01	1.204505765332386652e-01	2.879366168715432606e-01	1.759579822627803103e-01	8.658951782072732417e-02	3.803385342150609333e-02	9.770099788805905461e-02
1.736759506702246881e+03	1.929745290988359729e-01	1.202008952134808739e-01	2.881791795076154572e-01	1.760956902016113379e-01	8.667048091805061583e-02	3.807508725964326574e-02	9.780413780028887616e-02
1.741597276915902057e+03	1.926207241591887387e-01	1.199527017584472582e-01	2.884203884971688336e-01	1.762326689846629435e-01	8.675088362548814824e-02	3.811605726159444235e-02	9.790657571297602113e-02
1.746435047129557461e+03	1.922690277204862352e-01	1.197059873054691359e-01	2.886602512241340790e-01	1.763689218380791734e-01	8.683072967540460263e-02	3.815676598785269075e-02	9.800831624810042719e-02
1.751272817343212637e+03	1.919194271955941278e-01	1.194607430440853407e-01	2.888987750324453208e-01	1.765044520019841690e-01	8.691002277577217217e-02	3.819721595198722480e-02	9.810936399765793348e-02
1.756110587556867813e+03	1.915719100720724433e-01	1.192169602157460706e-01	2.891359672262541203e-01	1.766392627293515982e-01	8.698876661032445279e-02	3.823740962192245102e-02	9.820972352385511084e-02
1.760948357770523216e+03	1.912264639117612353e-01	1.189746301135185813e-01	2.893718350701425801e-01	1.767733572849138901e-01	8.706696483870970948e-02	3.827734942117778927e-02	9.830939935930244067e-02
1.765786127984178393e+03	1.908830763503669148e-01	1.187337440817948092e-01	2.896063857893350635e-01	1.769067389441101867e-01	8.714462109664362910e-02	3.831703773006964187e-02	9.840839600720598102e-02
1.770623898197833569e+03	1.905417350970493862e-01	1.184942935160007288e-01	2.898396265699092478e-01	1.770394109920713777e-01	8.722173899606151803e-02	3.835647688687651713e-02	9.850671794155749228e-02
1.775461668411488745e+03	1.902024279340100710e-01	1.182562698623073894e-01	2.900715645590059566e-01	1.771713767226413827e-01	8.729832212526972279e-02	3.839566918896866743e-02	9.860436960732309186e-02
1.780299438625144376e+03	1.898651427160808203e-01	1.180196646173438668e-01	2.903022068650382148e-01	1.773026394374332126e-01	8.737437404909642602e-02	3.843461689390322705e-02	9.870135542063049328e-02
1.785137208838799552e+03	1.895298673703141312e-01	1.177844693279116173e-01	2.905315605578988047e-01	1.774332024449191969e-01	8.744989830904177641e-02	3.847332222048587685e-02	9.879767976895492687e-02
1.789974979052454728e+03	1.891965898955741132e-01	1.175506755907006484e-01	2.907596326691671007e-01	1.775630690595533800e-01	8.752489842342711657e-02	3.851178734980030549e-02	9.889334701130365890e-02
1.794812749266109904e+03	1.888652983621289805e-01	1.173182750520071760e-01	2.909864301923150154e-01	1.776922426009261147e-01	8.759937788754362797e-02	3.855001442620625135e-02	9.898836147839921995e-02
1.799650519479765535e+03	1.885359809112445995e-01	1.170872594074528761e-01	2.912119600829114474e-01	1.778207263929488247e-01	8.767334017380006006e-02	3.858800555830720069e-02	9.908272747286139825e-02
1.804488289693420711e+03	1.882086257547794517e-01	1.168576204017056919e-01	2.914362292588261738e-01	1.779485237630687999e-01	8.774678873186969597e-02	3.862576281988872040e-02	9.917644926938785910e-02
1.809326059907075887e+03	1.878832211747808456e-01	1.166293498282020558e-01	2.916592446004324657e-01	1.780756380415124407e-01	8.781972698883654116e-02	3.866328825082831350e-02	9.926953111493370951e-02
1.814163830120731291e+03	1.875597555230827940e-01	1.164024395288707076e-01	2.918810129508087603e-01	1.782020725605562295e-01	8.789215834934061000e-02	3.870058385797762318e-02	9.936197722888970296e-02
1.819001600334386467e+03	1.872382172209049178e-01	1.161768813938579142e-01	2.921015411159390007e-01	1.783278306538248481e-01	8.796408619572247678e-02	3.873765161601804008e-02	9.945379180325929214e-02
1.823839370548041643e+03	1.869185947584533491e-01	1.159526673612540498e-01	2.923208358649124761e-01	1.784529156556148022e-01	8.803551388816689693e-02	3.877449346829030252e-02	9.954497900283457157e-02
1.828677140761696819e+03	1.866008766945229103e-01	1.157297894168217850e-01	2.925389039301223293e-01	1.785773309002436360e-01	8.810644476484567889e-02	3.881111132759912374e-02	9.963554296537098509e-02
1.833514910975352450e+03	1.862850516561008196e-01	1.155082395937253731e-01	2.927557520074631214e-01	1.787010797214231839e-01	8.817688214205957054e-02	3.884750707699343580e-02	9.972548780176093697e-02
1.838352681189008081e+03	1.859711083379721741e-01	1.152880099722616569e-01	2.929713867565271745e-01	1.788241654516565249e-01	8.824682931437946576e-02	3.888368257052321475e-02	9.981481759620623728e-02
1.843190451402663257e+03	1.856590355023270689e-01	1.150690926795921859e-01	2.931858148008002485e-01	1.789465914216574749e-01	8.831628955478662557e-02	3.891963963397340742e-02	9.990353640638945099e-02
1.848028221616318433e+03	1.853488219783692437e-01	1.148514798894767763e-01	2.933990427278559965e-01	1.790683609597923942e-01	8.838526611481208051e-02	3.895538006557583421e-02	9.999164826364415060e-02
1.852865991829973609e+03	1.850404566619266444e-01	1.146351638220084457e-01	2.936110770895493105e-01	1.791894773915430616e-01	8.845376222467524197e-02	3.899090563669969922e-02	1.000791571731240309e-01
1.857703762043628785e+03	1.847339285150634558e-01	1.144201367433496236e-01	2.938219244022091114e-01	1.793099440389902544e-01	8.852178109342158374e-02	3.902621809252139473e-02	1.001660671139710107e-01
1.862541532257283961e+03	1.844292265656942154e-01	1.142063909654696119e-01	2.940315911468294185e-01	1.794297642203172838e-01	8.858932590905946314e-02	3.906131915267416210e-02	1.002523820394821963e-01
1.867379302470939592e+03	1.841263399071993712e-01	1.139939188458835712e-01	2.942400837692601967e-01	1.795489412493328218e-01	8.865639983869620655e-02	3.909621051187840701e-02	1.003381058772757906e-01
1.872217072684594768e+03	1.838252576980427822e-01	1.137827127873925342e-01	2.944474086803965385e-01	1.796674784350122123e-01	8.872300602867323749e-02	3.913089384055308539e-02	1.004232425294559472e-01
1.877054842898249490e+03	1.835259691613911059e-01	1.135727652378248909e-01	2.946535722563674020e-01	1.797853790810570729e-01	8.878914760470035805e-02	3.916537078540893030e-02	1.005077958727765841e-01
1.881892613111905121e+03	1.832284635847348797e-01	1.133640686897790517e-01	2.948585808387229057e-01	1.799026464854722174e-01	8.885482767198925325e-02	3.919964297002388742e-02	1.005917697588041837e-01
1.886730383325560297e+03	1.829327303195113219e-01	1.131566156803674311e-01	2.950624407346210121e-01	1.800192839401594247e-01	8.892004931538613488e-02	3.923371199540153648e-02	1.006751680140794830e-01
1.891568153539215928e+03	1.826387587807294377e-01	1.129503987909617480e-01	2.952651582170129907e-01	1.801352947305276953e-01	8.898481559950349729e-02	3.926757944051281757e-02	1.007579944402782063e-01
1.896405923752871104e+03	1.823465384465962624e-01	1.127454106469394091e-01	2.954667395248279926e-01	1.802506821351190225e-01	8.904912956885119302e-02	3.930124686282177732e-02	1.008402528143707427e-01
1.901243693966526507e+03	1.820560588581457973e-01	1.125416439174313915e-01	2.956671908631565704e-01	1.803654494252497631e-01	8.911299424796643998e-02	3.933471579879562613e-02	1.009219468887808113e-01
1.906081464180181683e+03	1.817673096188691384e-01	1.123390913150710824e-01	2.958665184034334761e-01	1.804795998646664679e-01	8.917641264154319014e-02	3.936798776439982828e-02	1.010030803915431957e-01
1.910919234393836859e+03	1.814802803943467435e-01	1.121377455957446867e-01	2.960647282836191829e-01	1.805931367092162565e-01	8.923938773456066564e-02	3.940106425557848846e-02	1.010836570264603135e-01
1.915757004607492036e+03	1.811949609118827798e-01	1.119375995583425792e-01	2.962618266083806295e-01	1.807060632065307648e-01	8.930192249241097890e-02	3.943394674872056915e-02	1.011636804732579942e-01
1.920594774821147894e+03	1.809113409601409705e-01	1.117386460445120439e-01	2.964578194492709651e-01	1.808183825957236646e-01	8.936401986102604500e-02	3.946663670111247302e-02	1.012431543877401058e-01
1.925432545034802843e+03	1.806294103887827462e-01	1.115408779384112065e-01	2.966527128449083506e-01	1.809300981071008674e-01	8.942568276700360586e-02	3.949913555137722632e-02	1.013220824019422928e-01
1.930270315248458019e+03	1.803491591081068934e-01	1.113442881664642309e-01	2.968465128011537058e-01	1.810412129618834132e-01	8.948691411773250504e-02	3.953144471990081843e-02	1.014004681242847011e-01
1.935108085462113195e+03	1.800705770886914525e-01	1.111488696971176526e-01	2.970392252912877340e-01	1.811517303719422933e-01	8.954771680151717150e-02	3.956356560924609994e-02	1.014783151397238153e-01
1.939945855675768371e+03	1.797936543610373361e-01	1.109546155405979617e-01	2.972308562561870038e-01	1.812616535395449868e-01	8.960809368770121519e-02	3.959549960455450296e-02	1.015556270099031988e-01
1.944783625889424002e+03	1.795183810152138071e-01	1.107615187486704761e-01	2.974214116044986422e-01	1.813709856571133761e-01	8.966804762679038421e-02	3.962724807393614573e-02	1.016324072733033462e-01
1.949621396103079178e+03	1.792447472005061493e-01	1.105695724143993253e-01	2.976108972128146402e-01	1.814797299069922931e-01	8.972758145057460610e-02	3.965881236884848116e-02	1.017086594453906756e-01
1.954459166316734354e+03	1.789727431250647816e-01	1.103787696719085998e-01	2.977993189258451578e-01	1.815878894612289185e-01	8.978669797224932136e-02	3.969019382446402344e-02	1.017843870187654098e-01
1.959296936530389530e+03	1.787023590555567032e-01	1.101891036961449299e-01	2.979866825565903876e-01	1.816954674813621995e-01	8.984539998653601200e-02	3.972139376002735422e-02	1.018595934633086120e-01
1.964134706744044706e+03	1.784335853168186603e-01	1.100005677026409806e-01	2.981729938865122498e-01	1.818024671182220386e-01	8.990369026980196687e-02	3.975241347920185908e-02	1.019342822263283599e-01
1.968972476957700337e+03	1.781664122915121995e-01	1.098131549472803198e-01	2.983582586657048119e-01	1.819088915117383076e-01	8.996157158017928368e-02	3.978325427040640960e-02	1.020084567327047970e-01
1.973810247171355968e+03	1.779008304197805534e-01	1.096268587260634531e-01	2.985424826130635423e-01	1.820147437907586319e-01	9.001904665768306613e-02	3.981391740714235183e-02	1.020821203850344888e-01
1.978648017385010689e+03	1.776368301989077469e-01	1.094416723748750236e-01	2.987256714164540083e-01	1.821200270728754456e-01	9.007611822432899651e-02	3.984440414831112720e-02	1.021552765637736698e-01
1.983485787598666320e+03	1.773744021829791184e-01	1.092575892692522060e-01	2.989078307328797979e-01	1.822247444642613456e-01	9.013278898424996466e-02	3.987471573852276879e-02	1.022279286273807403e-01
1.988323557812321269e+03	1.771135369825440897e-01	1.090746028241542792e-01	2.990889661886491635e-01	1.823288990595129944e-01	9.018906162381210012e-02	3.990485340839554362e-02	1.023000799124577642e-01
1.993161328025976900e+03	1.768542252642806845e-01	1.088927064937333794e-01	2.992690833795408345e-01	1.824324939415029045e-01	9.024493881173001331e-02	3.993481837484710167e-02	1.023717337338910377e-01
1.997999098239632076e+03	1.765964577506619337e-01	1.087118937711065297e-01	2.994481878709692180e-01	1.825355321812388298e-01	9.030042319918125948e-02	3.996461184137728440e-02	1.024428933849908935e-01
2.002836868453287707e+03	1.763402252196242248e-01	1.085321581881286412e-01	2.996262851981485453e-01	1.826380168377309543e-01	9.035551741992013663e-02	3.999423499834293266e-02	1.025135621376305206e-01
2.007674638666942428e+03	1.760855185042373705e-01	1.083534933151669294e-01	2.998033808662561306e-01	1.827399509578660763e-01	9.041022409039070618e-02	4.002368902322488153e-02	1.025837432423838957e-01
2.012512408880597604e+03	1.758323284923766494e-01	1.081758927608763021e-01	2.999794803505945739e-01	1.828413375762888704e-01	9.046454580983910587e-02	4.005297508088748182e-02	1.026534399286629096e-01
2.017350179094252780e+03	1.755806461263967888e-01	1.079993501719760107e-01	3.001545890967537988e-01	1.829421797152899209e-01	9.051848516042511339e-02	4.008209432383071785e-02	1.027226554048535634e-01
2.022187949307908411e+03	1.753304624028075298e-01	1.078238592330275220e-01	3.003287125207711461e-01	1.830424803847000570e-01	9.057204470733305757e-02	4.011104789243528923e-02	1.027913928584513192e-01
2.027025719521564042e+03	1.750817683719513573e-01	1.076494136662133755e-01	3.005018560092915236e-01	1.831422425817912925e-01	9.062522699888196642e-02	4.013983691520085773e-02	1.028596554561955617e-01
2.031863489735218764e+03	1.748345551376828955e-01	1.074760072311173875e-01	3.006740249197261683e-01	1.832414692911835952e-01	9.067803456663506290e-02	4.016846250897754961e-02	1.029274463442032550e-01
2.036701259948874394e+03	1.745888138570500514e-01	1.073036337245059646e-01	3.008452245804109637e-01	1.833401634847576511e-01	9.073046992550841405e-02	4.019692577919110887e-02	1.029947686481017533e-01
2.041539030162529116e+03	1.743445357399771578e-01	1.071322869801104721e-01	3.010154602907635368e-01	1.834383281215732353e-01	9.078253557387908068e-02	4.022522782006172221e-02	1.030616254731607090e-01
2.046376800376184747e+03	1.741017120489499470e-01	1.069619608684108381e-01	3.011847373214396884e-01	1.835359661477930504e-01	9.083423399369242035e-02	4.025336971481682097e-02	1.031280199044231211e-01
2.051214570589840150e+03	1.738603340987021906e-01	1.067926492964203500e-01	3.013530609144888794e-01	1.836330804966118668e-01	9.088556765056883535e-02	4.028135253589802678e-02	1.031939550068356887e-01
2.056052340803495554e+03	1.736203932559041985e-01	1.066243462074714654e-01	3.015204362835091634e-01	1.837296740881907142e-01	9.093653899390968798e-02	4.030917734516233780e-02	1.032594338253782079e-01
2.060890111017150957e+03	1.733818809388531501e-01	1.064570455810029265e-01	3.016868686138008959e-01	1.838257498295960968e-01	9.098715045700261905e-02	4.033684519407788188e-02	1.033244593851921772e-01
2.065727881230805451e+03	1.731447886171651462e-01	1.062907414323478461e-01	3.018523630625200016e-01	1.839213106147436771e-01	9.103740445712620033e-02	4.036435712391425040e-02	1.033890346917085978e-01
2.070565651444461309e+03	1.729091078114692870e-01	1.061254278125230432e-01	3.020169247588299632e-01	1.840163593243468731e-01	9.108730339565386525e-02	4.039171416592766961e-02	1.034531627307749280e-01
2.075403421658116713e+03	1.726748300931030822e-01	1.059610988080195021e-01	3.021805588040535895e-01	1.841108988258697010e-01	9.113684965815724293e-02	4.041891734154118287e-02	1.035168464687812873e-01
2.080241191871772116e+03	1.724419470838100543e-01	1.057977485405939139e-01	3.023432702718232834e-01	1.842049319734838930e-01	9.118604561450871504e-02	4.044596766251989939e-02	1.035800888527858288e-01
2.085078962085427065e+03	1.722104504554387849e-01	1.056353711670613565e-01	3.025050642082311447e-01	1.842984616080300952e-01	9.123489361898345917e-02	4.047286613114153137e-02	1.036428928106392644e-01
2.089916732299082469e+03	1.719803319296439592e-01	1.054739608790891264e-01	3.026659456319777952e-01	1.843914905569829510e-01	9.128339601036070117e-02	4.049961374036241402e-02	1.037052612511086547e-01
2.094754502512737417e+03	1.717515832775890483e-01	1.053135119029916661e-01	3.028259195345207044e-01	1.844840216344203199e-01	9.133155511202442622e-02	4.052621147397899443e-02	1.037671970640004354e-01
2.099592272726392821e+03	1.715241963196506569e-01	1.051540184995266025e-01	3.029849908802215164e-01	1.845760576409958553e-01	9.137937323206334062e-02	4.055266030678509465e-02	1.038287031202825283e-01
2.104430042940048224e+03	1.712981629251247029e-01	1.049954749636919649e-01	3.031431646064926544e-01	1.846676013639152181e-01	9.142685266337029215e-02	4.057896120472492124e-02	1.038897822722058550e-01
2.109267813153704083e+03	1.710734750119342618e-01	1.048378756245243459e-01	3.033004456239431490e-01	1.847586555769157590e-01	9.147399568374094125e-02	4.060511512504211967e-02	1.039504373534249348e-01
2.114105583367359031e+03	1.708501245463391882e-01	1.046812148448983681e-01	3.034568388165238551e-01	1.848492230402495051e-01	9.152080455597194630e-02	4.063112301642483881e-02	1.040106711791177752e-01
2.118943353581013525e+03	1.706281035426472636e-01	1.045254870213271070e-01	3.036123490416715032e-01	1.849393065006692261e-01	9.156728152795834408e-02	4.065698581914699988e-02	1.040704865461049705e-01
2.123781123794669384e+03	1.704074040629272591e-01	1.043706865837637082e-01	3.037669811304522516e-01	1.850289086914176928e-01	9.161342883279045834e-02	4.068270446520588779e-02	1.041298862329680941e-01
2.128618894008324787e+03	1.701880182167235245e-01	1.042168079954039900e-01	3.039207398877045163e-01	1.851180323322198507e-01	9.165924868885004517e-02	4.070827987845618973e-02	1.041888730001672425e-01
2.133456664221980191e+03	1.699699381607724380e-01	1.040638457524902805e-01	3.040736300921805246e-01	1.852066801292777398e-01	9.170474329990595252e-02	4.073371297474050190e-02	1.042474495901579146e-01
2.138294434435635139e+03	1.697531560987202426e-01	1.039117943841161434e-01	3.042256564966879795e-01	1.852948547752682196e-01	9.174991485520907208e-02	4.075900466201654027e-02	1.043056187275071128e-01
2.143132204649290543e+03	1.695376642808427148e-01	1.037606484520323946e-01	3.043768238282302807e-01	1.853825589493433568e-01	9.179476552958676372e-02	4.078415584048104142e-02	1.043633831190087097e-01
2.147969974862945492e+03	1.693234550037666097e-01	1.036104025504540893e-01	3.045271367881461355e-01	1.854697953171333125e-01	9.183929748353653055e-02	4.080916740269052712e-02	1.044207454537980362e-01
2.152807745076601350e+03	1.691105206101923830e-01	1.034610513058685788e-01	3.046766000522484474e-01	1.855565665307516987e-01	9.188351286331924994e-02	4.083404023367896707e-02	1.044777084034658327e-01
2.157645515290255844e+03	1.688988534886189385e-01	1.033125893768446629e-01	3.048252182709626501e-01	1.856428752288032391e-01	9.192741380105173832e-02	4.085877521107252747e-02	1.045342746221713665e-01
2.162483285503912157e+03	1.686884460730698199e-01	1.031650114538427560e-01	3.049729960694640418e-01	1.857287240363936498e-01	9.197100241479866378e-02	4.088337320520134960e-02	1.045904467467548976e-01
2.167321055717567106e+03	1.684792908428208447e-01	1.030183122590262179e-01	3.051199380478142875e-01	1.858141155651418519e-01	9.201428080866398684e-02	4.090783507920860151e-02	1.046462273968493950e-01
2.172158825931222509e+03	1.682713803221297377e-01	1.028724865460736854e-01	3.052660487810975876e-01	1.858990524131941269e-01	9.205725107288173503e-02	4.093216168915676800e-02	1.047016191749915448e-01
2.176996596144877003e+03	1.680647070799671516e-01	1.027275290999923735e-01	3.054113328195558474e-01	1.859835371652402980e-01	9.209991528390615301e-02	4.095635388413132461e-02	1.047566246667320650e-01
2.181834366358532861e+03	1.678592637297490198e-01	1.025834347369326133e-01	3.055557946887231258e-01	1.860675723925319103e-01	9.214227550450138082e-02	4.098041250634186505e-02	1.048112464407452843e-01
2.186672136572187810e+03	1.676550429290711297e-01	1.024401983040032493e-01	3.056994388895593051e-01	1.861511606529022422e-01	9.218433378383049381e-02	4.100433839122073765e-02	1.048654870489380830e-01
2.191509906785843214e+03	1.674520373794445571e-01	1.022978146790881893e-01	3.058422698985832078e-01	1.862343044907879830e-01	9.222609215754397349e-02	4.102813236751923220e-02	1.049193490265580286e-01
2.196347676999498617e+03	1.672502398260332090e-01	1.021562787706640218e-01	3.059842921680049344e-01	1.863170064372528800e-01	9.226755264786758171e-02	4.105179525740155350e-02	1.049728348923009424e-01
2.201185447213154021e+03	1.670496430573926161e-01	1.020155855176184262e-01	3.061255101258574807e-01	1.863992690100127469e-01	9.230871726368974906e-02	4.107532787653637996e-02	1.050259471484176893e-01
2.206023217426809424e+03	1.668502399052103624e-01	1.018757298890699964e-01	3.062659281761276331e-01	1.864810947134621644e-01	9.234958800064828333e-02	4.109873103418636153e-02	1.050786882808203426e-01
2.210860987640464373e+03	1.666520232440481530e-01	1.017367068841887046e-01	3.064055506988858646e-01	1.865624860387027628e-01	9.239016684121668932e-02	4.112200553329536240e-02	1.051310607591876001e-01
2.215698757854119776e+03	1.664549859910852414e-01	1.015985115320176685e-01	3.065443820504162309e-01	1.866434454635728657e-01	9.243045575478972542e-02	4.114515217057373997e-02	1.051830670370696302e-01
2.220536528067775180e+03	1.662591211058634388e-01	1.014611388912957934e-01	3.066824265633449897e-01	1.867239754526785200e-01	9.247045669776857157e-02	4.116817173658155610e-02	1.052347095519921838e-01
2.225374298281430583e+03	1.660644215900337062e-01	1.013245840502814132e-01	3.068196885467686097e-01	1.868040784574259983e-01	9.251017161364538666e-02	4.119106501580986623e-02	1.052859907255599831e-01
2.230212068495085077e+03	1.658708804871042441e-01	1.011888421265770277e-01	3.069561722863813902e-01	1.868837569160553269e-01	9.254960243308731072e-02	4.121383278676010037e-02	1.053369129635595841e-01
2.235049838708740936e+03	1.656784908821899160e-01	1.010539082669549976e-01	3.070918820446018049e-01	1.869630132536752309e-01	9.258875107401995375e-02	4.123647582202159129e-02	1.053874786560614479e-01
2.239887608922396339e+03	1.654872459017633635e-01	1.009197776471841557e-01	3.072268220606990119e-01	1.870418498822992437e-01	9.262761944171034323e-02	4.125899488834740281e-02	1.054376901775214981e-01
2.244725379136052197e+03	1.652971387134074543e-01	1.007864454718575414e-01	3.073609965509176423e-01	1.871202692008828716e-01	9.266620942884927492e-02	4.128139074672830533e-02	1.054875498868818595e-01
2.249563149349706237e+03	1.651081625255693686e-01	1.006539069742210801e-01	3.074944097086030892e-01	1.871982735953618138e-01	9.270452291563328895e-02	4.130366415246519707e-02	1.055370601276711534e-01
2.254400919563362095e+03	1.649203105873159325e-01	1.005221574160032327e-01	3.076270657043249646e-01	1.872758654386912636e-01	9.274256176984589650e-02	4.132581585523979750e-02	1.055862232281039176e-01
2.259238689777017044e+03	1.647335761880906746e-01	1.003911920872455343e-01	3.077589686860006668e-01	1.873530470908861545e-01	9.278032784693848734e-02	4.134784659918383509e-02	1.056350415011795968e-01
2.264076459990672902e+03	1.645479526574720186e-01	1.002610063061343121e-01	3.078901227790182271e-01	1.874298208990623771e-01	9.281782299011062665e-02	4.136975712294661128e-02	1.056835172447808391e-01
