1.301360187473271253e+03	2.352493354553630289e-01	1.498818189663648215e-01	2.598460344475596595e-01	1.605446530199264310e-01	7.658764374772646100e-02	3.281904033337988691e-02	8.507147402920524348e-02
1.306197957686926657e+03	2.346435903199877160e-01	1.494566260909566680e-01	2.602396667570398558e-01	1.607480640434857944e-01	7.673579664728781558e-02	3.291385187453374495e-02	8.526240426623390989e-02
1.311035727900581833e+03	2.340414527861222893e-01	1.490339711414213342e-01	2.606311327470395844e-01	1.609507345548794877e-01	7.688314824283498661e-02	3.300773873438464512e-02	8.545182179284321888e-02
1.315873498114237009e+03	2.334429026057676104e-01	1.486138388125961551e-01	2.610204432920326112e-01	1.611526623662610791e-01	7.702967130448802602e-02	3.310071725283236094e-02	8.563976436554769645e-02
1.320711268327892412e+03	2.328479194805343488e-01	1.481962139218208629e-01	2.614076093252457600e-01	1.613538454711174186e-01	7.717534297801173504e-02	3.319280320325555117e-02	8.582626561953987654e-02
1.325549038541547588e+03	2.322564830839148331e-01	1.477810814036751297e-01	2.617926418219506668e-01	1.615542820362841636e-01	7.732014420883459582e-02	3.328401183150270920e-02	8.601135561336339941e-02
1.330386808755202765e+03	2.316685730805668475e-01	1.473684263053476884e-01	2.621755517850382633e-01	1.617539703945158336e-01	7.746405924163468626e-02	3.337435789069333886e-02	8.619506130172879810e-02
1.335224578968857941e+03	2.310841691430011724e-01	1.469582337825551810e-01	2.625563502325729548e-01	1.619529090375514957e-01	7.760707518556622664e-02	3.346385567235433955e-02	8.637740694592410673e-02
1.340062349182513572e+03	2.305032509660119577e-01	1.465504890959389850e-01	2.629350481870659784e-01	1.621510966096246231e-01	7.774918163650484937e-02	3.355251903434819383e-02	8.655841447003086164e-02
1.344900119396168748e+03	2.299257982791464427e-01	1.461451776078783460e-01	2.633116566662399016e-01	1.623485319013718842e-01	7.789037034882248522e-02	3.364036142599018814e-02	8.673810377007620809e-02
1.349737889609823924e+03	2.293517908574696229e-01	1.457422847796652765e-01	2.636861866750869754e-01	1.625452138441014771e-01	7.803063495018705553e-02	3.372739591070049447e-02	8.691649298231461651e-02
1.354575659823479100e+03	2.287812085308477683e-01	1.453417961689948690e-01	2.640586491990495333e-01	1.627411415043859000e-01	7.816997069373687879e-02	3.381363518649195543e-02	8.709359871601857206e-02
1.359413430037134731e+03	2.282140311919441111e-01	1.449436974277296952e-01	2.644290551981743898e-01	1.629363140789493736e-01	7.830837424272177327e-02	3.389909160455581438e-02	8.726943625545034722e-02
1.364251200250789907e+03	2.276502388030950674e-01	1.445479742999032091e-01	2.647974156021107306e-01	1.631307308898220509e-01	7.844584348334827928e-02	3.398377718617345139e-02	8.744401973507269499e-02
1.369088970464445310e+03	2.270898114022140146e-01	1.441546126199309275e-01	2.651637413058404169e-01	1.633243913797381153e-01	7.858237736212604629e-02	3.406770363815312536e-02	8.761736229152289335e-02
1.373926740678100487e+03	2.265327291078487182e-01	1.437635983110027993e-01	2.655280431660421159e-01	1.635172951077568104e-01	7.871797574449916624e-02	3.415088236696492419e-02	8.778947619541101199e-02
1.378764510891755890e+03	2.259789721235038462e-01	1.433749173836335322e-01	2.658903319980056579e-01	1.637094417450876416e-01	7.885263929196882626e-02	3.423332449172507286e-02	8.796037296560092755e-02
1.383602281105411066e+03	2.254285207413242731e-01	1.429885559343500867e-01	2.662506185730225128e-01	1.639008310711036753e-01	7.898636935528052794e-02	3.431504085616143146e-02	8.813006346828308746e-02
1.388440051319066470e+03	2.248813553452227165e-01	1.426045001444992411e-01	2.666089136161879924e-01	1.640914629695283677e-01	7.911916788156798941e-02	3.439604203967510515e-02	8.829855800284414080e-02
1.393277821532721646e+03	2.243374564135242055e-01	1.422227362791593230e-01	2.669652278045619442e-01	1.642813374247833191e-01	7.925103733362311165e-02	3.447633836759869674e-02	8.846586637627494587e-02
1.398115591746377049e+03	2.237968045211906620e-01	1.418432506861432574e-01	2.673195717656369208e-01	1.644704545184850208e-01	7.938198061970111463e-02	3.455593992073893728e-02	8.863199796762966098e-02
1.402953361960032225e+03	2.232593803416801082e-01	1.414660297950809664e-01	2.676719560760744132e-01	1.646588144260807962e-01	7.951200103247979545e-02	3.463485654428027916e-02	8.879696178384915983e-02
1.407791132173687402e+03	2.227251646484885439e-01	1.410910601165709932e-01	2.680223912606721215e-01	1.648464174136147486e-01	7.964110219597261842e-02	3.471309785611677995e-02	8.896076650808969200e-02
1.412628902387342805e+03	2.221941383164158235e-01	1.407183282413927705e-01	2.683708877915302882e-01	1.650332638346153069e-01	7.976928801935324886e-02	3.479067325467079946e-02	8.912342054154726023e-02
1.417466672600997981e+03	2.216662823225913348e-01	1.403478208397715143e-01	2.687174560873908380e-01	1.652193541270971788e-01	7.989656265678619917e-02	3.486759192625016324e-02	8.928493203963820679e-02
1.422304442814653157e+03	2.211415777472912902e-01	1.399795246606894972e-01	2.690621065131247880e-01	1.654046888106712188e-01	8.002293047247679980e-02	3.494386285198892300e-02	8.944530894328281412e-02
1.427142213028308333e+03	2.206200057745743015e-01	1.396134265312375111e-01	2.694048493793482768e-01	1.655892684837557971e-01	8.014839601025726401e-02	3.501949481441134909e-02	8.960455900594077594e-02
1.431979983241963964e+03	2.201015476927596359e-01	1.392495133560016918e-01	2.697456949421481731e-01	1.657730938208845650e-01	8.027296396711532112e-02	3.509449640365404355e-02	8.976268981696186589e-02
1.436817753455619140e+03	2.195861848947680550e-01	1.388877721164809842e-01	2.700846534029031076e-01	1.659561655701056460e-01	8.039663917014971961e-02	3.516887602337689239e-02	8.991970882174087076e-02
1.441655523669274316e+03	2.190738988783439423e-01	1.385281898705320591e-01	2.704217349081857180e-01	1.661384845504675634e-01	8.051942655650462521e-02	3.524264189638985634e-02	9.007562333910147656e-02
1.446493293882929493e+03	2.185646712461734864e-01	1.381707537518375439e-01	2.707569495497348933e-01	1.663200516495879910e-01	8.064133115589379452e-02	3.531580207001954602e-02	9.023044057627797876e-02
1.451331064096585123e+03	2.180584837059132697e-01	1.378154509693952090e-01	2.710903073644875816e-01	1.665008678213012738e-01	8.076235807537640587e-02	3.538836442123667603e-02	9.038416764181478325e-02
1.456168834310240300e+03	2.175553180701406686e-01	1.374622688070253618e-01	2.714218183346617241e-01	1.666809340833815545e-01	8.088251248609087951e-02	3.546033666156312575e-02	9.053681155666185032e-02
1.461006604523895703e+03	2.170551562562362258e-01	1.371111946228942835e-01	2.717514923878830424e-01	1.668602515153379540e-01	8.100179961169139131e-02	3.553172634177511474e-02	9.068837926370711122e-02
1.465844374737550879e+03	2.165579802862076519e-01	1.367622158490517104e-01	2.720793393973481855e-01	1.670388212562791408e-01	8.112022471826535464e-02	3.560254085641745975e-02	9.083887763595559217e-02
1.470682144951206283e+03	2.160637722864623411e-01	1.364153199909808045e-01	2.724053691820197409e-01	1.672166445028440973e-01	8.123779310553946864e-02	3.567278744814184055e-02	9.098831348353680903e-02
1.475519915164861459e+03	2.155725144875357269e-01	1.360704946271590887e-01	2.727295915068472798e-01	1.673937225071969459e-01	8.135451009920659227e-02	3.574247321188100263e-02	9.113669355969833408e-02
1.480357685378516862e+03	2.150841892237815578e-01	1.357277274086291230e-01	2.730520160830109955e-01	1.675700565750831983e-01	8.147038104422817117e-02	3.581160509886930493e-02	9.128402456592256409e-02
1.485195455592172038e+03	2.145987789330286999e-01	1.353870060585775914e-01	2.733726525681833275e-01	1.677456480639449299e-01	8.158541129898592981e-02	3.588018992051917461e-02	9.143031315628524780e-02
1.490033225805827215e+03	2.141162661562093505e-01	1.350483183719221880e-01	2.736915105668062953e-01	1.679204983810932694e-01	8.169960623017265278e-02	3.594823435216183694e-02	9.157556594115920379e-02
1.494870996019482618e+03	2.136366335369626612e-01	1.347116522149052198e-01	2.740085996303814886e-01	1.680946089819357891e-01	8.181297120832700664e-02	3.601574493666014065e-02	9.171978949035247686e-02
1.499708766233137567e+03	2.131598638212167662e-01	1.343769955246931769e-01	2.743239292577699939e-01	1.682679813682569081e-01	8.192551160392913534e-02	3.608272808790031344e-02	9.186299033575850981e-02
1.504546536446793198e+03	2.126859398567526316e-01	1.340443363089818263e-01	2.746375088955007593e-01	1.684406170865497265e-01	8.203723278398494800e-02	3.614919009416903833e-02	9.200517497358584595e-02
1.509384306660448374e+03	2.122148445927520000e-01	1.337136626456060240e-01	2.749493479380858418e-01	1.686125177263974595e-01	8.214814010903655206e-02	3.621513712142152702e-02	9.214634986622537161e-02
1.514222076874103550e+03	2.117465610793320130e-01	1.333849626821540235e-01	2.752594557283398746e-01	1.687836849189026378e-01	8.225823893054425018e-02	3.628057521644591915e-02	9.228652144380602995e-02
1.519059847087758726e+03	2.112810724670682316e-01	1.330582246355855036e-01	2.755678415577038631e-01	1.689541203351631604e-01	8.236753458859262522e-02	3.634551030992875381e-02	9.242569610548263814e-02
1.523897617301414357e+03	2.108183620065078312e-01	1.327334367918533153e-01	2.758745146665711467e-01	1.691238256847928390e-01	8.247603240987966267e-02	3.640994821942597492e-02	9.256388022049397146e-02
1.528735387515069533e+03	2.103584130476746639e-01	1.324105875055285875e-01	2.761794842446153586e-01	1.692928027144858238e-01	8.258373770595293928e-02	3.647389465224355060e-02	9.270108012902379679e-02
1.533573157728724709e+03	2.099012090395672714e-01	1.320896651994284132e-01	2.764827594311190517e-01	1.694610532066228858e-01	8.269065577166186121e-02	3.653735520823143956e-02	9.283730214289370730e-02
1.538410927942380113e+03	2.094467335296512078e-01	1.317706583642466733e-01	2.767843493153027135e-01	1.696285789779189146e-01	8.279679188379865384e-02	3.660033538249449214e-02	9.297255254611201669e-02
1.543248698156035516e+03	2.089949701633463663e-01	1.314535555581871351e-01	2.770842629366527254e-01	1.697953818781097746e-01	8.290215129990462228e-02	3.666284056802344982e-02	9.310683759530057058e-02
1.548086468369690692e+03	2.085459026835108365e-01	1.311383454065989385e-01	2.773825092852491014e-01	1.699614637886779078e-01	8.300673925722115709e-02	3.672487605824917289e-02	9.324016352001748831e-02
1.552924238583346096e+03	2.080995149299213198e-01	1.308250166016143023e-01	2.776790973020916153e-01	1.701268266216147962e-01	8.311056097176758306e-02	3.678644704952291344e-02	9.337253652299208617e-02
1.557762008797001272e+03	2.076557908387511309e-01	1.305135579017880354e-01	2.779740358794241528e-01	1.702914723182200052e-01	8.321362163753028007e-02	3.684755864352527027e-02	9.350396278028570707e-02
1.562599779010656675e+03	2.072147144420464770e-01	1.302039581317394334e-01	2.782673338610572311e-01	1.704554028479350614e-01	8.331592642574951746e-02	3.690821584960642804e-02	9.363444844139041934e-02
1.567437549224311852e+03	2.067762698672015176e-01	1.298962061817953706e-01	2.785590000426881874e-01	1.706186202072115521e-01	8.341748048429219187e-02	3.696842358706003279e-02	9.376399962927570164e-02
1.572275319437967255e+03	2.063404413364322287e-01	1.295902910076356662e-01	2.788490431722189800e-01	1.707811264184122824e-01	8.351828893710031010e-02	3.702818668733286883e-02	9.389262244039224548e-02
1.577113089651622431e+03	2.059072131662502136e-01	1.292862016299397843e-01	2.791374719500712698e-01	1.709429235287443505e-01	8.361835688370593267e-02	3.708750989617266153e-02	9.402032294464029993e-02
1.581950859865277607e+03	2.054765697669361790e-01	1.289839271340352256e-01	2.794242950294991701e-01	1.711040136092237263e-01	8.371768939880516736e-02	3.714639787571578228e-02	9.414710718530923395e-02
1.586788630078933011e+03	2.050484956420137728e-01	1.286834566695473636e-01	2.797095210168986656e-01	1.712643987536698054e-01	8.381629153188395465e-02	3.720485520651700684e-02	9.427298117899388097e-02
1.591626400292587959e+03	2.046229753877236990e-01	1.283847794500508899e-01	2.799931584721145339e-01	1.714240810777295787e-01	8.391416830689008011e-02	3.726288638952309634e-02	9.439795091549262052e-02
1.596464170506243590e+03	2.041999936924987769e-01	1.280878847527225362e-01	2.802752159087440464e-01	1.715830627179300849e-01	8.401132472194590417e-02	3.732049584799185249e-02	9.452202235769130434e-02
1.601301940719898766e+03	2.037795353364399709e-01	1.277927619179953789e-01	2.805557017944377840e-01	1.717413458307589791e-01	8.410776574909738235e-02	3.737768792935854123e-02	9.464520144143648284e-02
1.606139710933553943e+03	2.033615851907933092e-01	1.274994003492143646e-01	2.808346245511973982e-01	1.718989325917717470e-01	8.420349633409544843e-02	3.743446690705109353e-02	9.476749407540115133e-02
1.610977481147209119e+03	2.029461282174283288e-01	1.272077895122932789e-01	2.811119925556703758e-01	1.720558251947252038e-01	8.429852139620613860e-02	3.749083698225577632e-02	9.488890614094541709e-02
1.615815251360864750e+03	2.025331494683178524e-01	1.269179189353729642e-01	2.813878141394416943e-01	1.722120258507363888e-01	8.439284582804651436e-02	3.754680228563471445e-02	9.500944349197436301e-02
1.620653021574519926e+03	2.021226340850194869e-01	1.266297782084809809e-01	2.816620975893224244e-01	1.723675367874662190e-01	8.448647449544362253e-02	3.760236687899681102e-02	9.512911195479499538e-02
1.625490791788175102e+03	2.017145672981584537e-01	1.263433569831924341e-01	2.819348511476352792e-01	1.725223602483270391e-01	8.457941223731423042e-02	3.765753475692333596e-02	9.524791732797371901e-02
1.630328562001830505e+03	2.013089344269127501e-01	1.260586449722921887e-01	2.822060830124973330e-01	1.726764984917136259e-01	8.467166386556319868e-02	3.771230984834954975e-02	9.536586538219576914e-02
1.635166332215485909e+03	2.009057208784996162e-01	1.257756319494383324e-01	2.824758013380995747e-01	1.728299537902568128e-01	8.476323416499868812e-02	3.776669601810370147e-02	9.548296186012769637e-02
1.640004102429141085e+03	2.005049121476644158e-01	1.254943077488268888e-01	2.827440142349834096e-01	1.729827284300990420e-01	8.485412789326257643e-02	3.782069706840451850e-02	9.559921247628362651e-02
1.644841872642796488e+03	2.001064938161711548e-01	1.252146622648578622e-01	2.830107297703144398e-01	1.731348247101914262e-01	8.494434978077475273e-02	3.787431674031849216e-02	9.571462291689628032e-02
1.649679642856451665e+03	1.997104515522954982e-01	1.249366854518025455e-01	2.832759559681534145e-01	1.732862449416116279e-01	8.503390453068998545e-02	3.792755871517808353e-02	9.582919883979321152e-02
1.654517413070107068e+03	1.993167711103194517e-01	1.246603673234720627e-01	2.835397008097240712e-01	1.734369914469017782e-01	8.512279681886619764e-02	3.798042661596194580e-02	9.594294587427883159e-02
1.659355183283762244e+03	1.989254383300287365e-01	1.243856979528871753e-01	2.838019722336782569e-01	1.735870665594262396e-01	8.521103129384324792e-02	3.803292400863820394e-02	9.605586962102244386e-02
1.664192953497417420e+03	1.985364391362118841e-01	1.241126674719494616e-01	2.840627781363584403e-01	1.737364726227482725e-01	8.529861257683137021e-02	3.808505440347199900e-02	9.616797565195282782e-02
1.669030723711072824e+03	1.981497595381620236e-01	1.238412660711136204e-01	2.843221263720572267e-01	1.738852119900254345e-01	8.538554526170842596e-02	3.813682125629810210e-02	9.627926951015941537e-02
1.673868493924728000e+03	1.977653856291805845e-01	1.235714839990611769e-01	2.845800247532744853e-01	1.740332870234227447e-01	8.547183391502528871e-02	3.818822796975972211e-02	9.638975670980023946e-02
1.678706264138383403e+03	1.973833035860837748e-01	1.233033115623754089e-01	2.848364810509715350e-01	1.741807000935436112e-01	8.555748307601876435e-02	3.823927789451443682e-02	9.649944273601671063e-02
1.683544034352038352e+03	1.970034996687108630e-01	1.230367391252175507e-01	2.850915029948229984e-01	1.743274535788777724e-01	8.564249725663145019e-02	3.828997433040810111e-02	9.660833304485551276e-02
1.688381804565693983e+03	1.966259602194353473e-01	1.227717571090043286e-01	2.853450982734658803e-01	1.744735498652654759e-01	8.572688094153813054e-02	3.834032052761775222e-02	9.671643306319734068e-02
1.693219574779349159e+03	1.962506716626781500e-01	1.225083559920867454e-01	2.855972745347462594e-01	1.746189913453781717e-01	8.581063858817813972e-02	3.839031968776423359e-02	9.682374818869254884e-02
1.698057344993004335e+03	1.958776205044233665e-01	1.222465263094301424e-01	2.858480393859637592e-01	1.747637804182144705e-01	8.589377462679334552e-02	3.843997496499549499e-02	9.693028378970372505e-02
1.702895115206659511e+03	1.955067933317364559e-01	1.219862586522956344e-01	2.860974003941127997e-01	1.749079194886115352e-01	8.597629346047142018e-02	3.848928946704135989e-02	9.703604520525514754e-02
1.707732885420315142e+03	1.951381768122847360e-01	1.217275436679227663e-01	2.863453650861225164e-01	1.750514109667710705e-01	8.605819946519391306e-02	3.853826625624049568e-02	9.714103774498890342e-02
1.712570655633970318e+03	1.947717576938604589e-01	1.214703720592135716e-01	2.865919409490935155e-01	1.751942572677996912e-01	8.613949698988909720e-02	3.858690835054044699e-02	9.724526668912758520e-02
1.717408425847625494e+03	1.944075228039062742e-01	1.212147345844178103e-01	2.868371354305329635e-01	1.753364608112633616e-01	8.622019035648893770e-02	3.863521872447140543e-02	9.734873728844359309e-02
1.722246196061280898e+03	1.940454590490431619e-01	1.209606220568197055e-01	2.870809559385867349e-01	1.754780240207551856e-01	8.630028385999033436e-02	3.868320031009450655e-02	9.745145476423469622e-02
1.727083966274936301e+03	1.936855534146006697e-01	1.207080253444257623e-01	2.873234098422701721e-01	1.756189493234764920e-01	8.637978176852001422e-02	3.873085599792530642e-02	9.755342430830594991e-02
1.731921736488591478e+03	1.933277929641498971e-01	1.204569353696541972e-01	2.875645044716958476e-01	1.757592391498306317e-01	8.645868832340314336e-02	3.877818863783312475e-02	9.765465108295755259e-02
1.736759506702246881e+03	1.929721648390387290e-01	1.202073431090254357e-01	2.878042471182997719e-01	1.758988959330293755e-01	8.653700773923533873e-02	3.882520103991699695e-02	9.775514022097873956e-02
1.741597276915902057e+03	1.926186562579295658e-01	1.199592395928541499e-01	2.880426450350653811e-01	1.760379221087112200e-01	8.661474420395788576e-02	3.887189597535876950e-02	9.785489682564740832e-02
1.746435047129557461e+03	1.922672545163396918e-01	1.197126159049424765e-01	2.882797054367452483e-01	1.761763201145714330e-01	8.669190187893602295e-02	3.891827617725406030e-02	9.795392597073541985e-02
1.751272817343212637e+03	1.919179469861838072e-01	1.194674631822746913e-01	2.885154355000811299e-01	1.763140923900037293e-01	8.676848489904005757e-02	3.896434434142165282e-02	9.805223270051924289e-02
1.756110587556867813e+03	1.915707211153193368e-01	1.192237726147131749e-01	2.887498423640217360e-01	1.764512413757528542e-01	8.684449737272932623e-02	3.901010312719190021e-02	9.814982202979598280e-02
1.760948357770523216e+03	1.912255644270939303e-01	1.189815354446957657e-01	2.889829331299386128e-01	1.765877695135779635e-01	8.691994338213865356e-02	3.905555515817476370e-02	9.824669894390464231e-02
1.765786127984178393e+03	1.908824645198955727e-01	1.187407429669344316e-01	2.892147148618402497e-01	1.767236792459265793e-01	8.699482698316733653e-02	3.910070302300804740e-02	9.834286839875212849e-02
1.770623898197833569e+03	1.905414090667052474e-01	1.185013865281152740e-01	2.894451945865841869e-01	1.768589730156186757e-01	8.706915220557040480e-02	3.914554927608624585e-02	9.843833532084433902e-02
1.775461668411488745e+03	1.902023858146518198e-01	1.182634575266000299e-01	2.896743792940872919e-01	1.769936532655405625e-01	8.714292305305215702e-02	3.919009643827078143e-02	9.853310460732171705e-02
1.780299438625144376e+03	1.898653825845695031e-01	1.180269474121287548e-01	2.899022759375344260e-01	1.771277224383485394e-01	8.721614350336168164e-02	3.923434699758189537e-02	9.862718112599951070e-02
1.785137208838799552e+03	1.895303872705578208e-01	1.177918476855239482e-01	2.901288914335850011e-01	1.772611829761819580e-01	8.728881750839052878e-02	3.927830340987280983e-02	9.872056971541222359e-02
1.789974979052454728e+03	1.891973878395438735e-01	1.175581498983961776e-01	2.903542326625778713e-01	1.773940373203850840e-01	8.736094899427218619e-02	3.932196809948669547e-02	9.881327518486240913e-02
1.794812749266109904e+03	1.888663723308471321e-01	1.173258456528508270e-01	2.905783064687347816e-01	1.775262879112380898e-01	8.743254186148327611e-02	3.936534345989678441e-02	9.890530231447346166e-02
1.799650519479765535e+03	1.885373288557465610e-01	1.170949266011963863e-01	2.908011196603616511e-01	1.776579371876964575e-01	8.750359998494663949e-02	3.940843185433023227e-02	9.899665585524639044e-02
1.804488289693420711e+03	1.882102455970504074e-01	1.168653844456541274e-01	2.910226790100488015e-01	1.777889875871387082e-01	8.757412721413584955e-02	3.945123561637601389e-02	9.908734052912036849e-02
1.809326059907075887e+03	1.878851108086681543e-01	1.166372109380690303e-01	2.912429912548689659e-01	1.779194415451223754e-01	8.764412737318134916e-02	3.949375705057747016e-02	9.917736102903690343e-02
1.814163830120731291e+03	1.875619128151848058e-01	1.164103978796222488e-01	2.914620630965741310e-01	1.780493014951477215e-01	8.771360426097801755e-02	3.953599843300979744e-02	9.926672201900753334e-02
1.819001600334386467e+03	1.872406400114380032e-01	1.161849371205447706e-01	2.916799012017903259e-01	1.781785698684291708e-01	8.778256165129409705e-02	3.957796201184288210e-02	9.935542813418496433e-02
1.823839370548041643e+03	1.869212808620970556e-01	1.159608205598326447e-01	2.918965122022115777e-01	1.783072490936741805e-01	8.785100329288139664e-02	3.961965000789000740e-02	9.944348398093737218e-02
1.828677140761696819e+03	1.866038239012446642e-01	1.157380401449634721e-01	2.921119026947914810e-01	1.784353415968692180e-01	8.791893290958675833e-02	3.966106461514266879e-02	9.953089413692596532e-02
1.833514910975352450e+03	1.862882577319608379e-01	1.155165878716143263e-01	2.923260792419339338e-01	1.785628498010730369e-01	8.798635420046464761e-02	3.970220800129196231e-02	9.961766315118540660e-02
1.838352681189008081e+03	1.859745710259093354e-01	1.152964557833810189e-01	2.925390483716823198e-01	1.786897761262164486e-01	8.805327083989085424e-02	3.974308230823691418e-02	9.970379554420728818e-02
1.843190451402663257e+03	1.856627525229263553e-01	1.150776359714988095e-01	2.927508165779066363e-01	1.788161229889089210e-01	8.811968647767713658e-02	3.978368965258004958e-02	9.978929580802625710e-02
1.848028221616318433e+03	1.853527910306115856e-01	1.148601205745644199e-01	2.929613903204899561e-01	1.789418928022516453e-01	8.818560473918701792e-02	3.982403212611060339e-02	9.987416840630890247e-02
1.852865991829973609e+03	1.850446754239217506e-01	1.146439017782594910e-01	2.931707760255131689e-01	1.790670879756566802e-01	8.825102922545227657e-02	3.986411179627569190e-02	9.995841777444514076e-02
1.857703762043628785e+03	1.847383946447660741e-01	1.144289718150754281e-01	2.933789800854380569e-01	1.791917109146724529e-01	8.831596351329036587e-02	3.990393070663974390e-02	1.000420483196420712e-01
1.862541532257283961e+03	1.844339377016047110e-01	1.142153229640395645e-01	2.935860088592895378e-01	1.793157640208148662e-01	8.838041115542265291e-02	3.994349087733256587e-02	1.001250644210202462e-01
1.867379302470939592e+03	1.841312936690488178e-01	1.140029475504427819e-01	2.937918686728364093e-01	1.794392496914043733e-01	8.844437568059342059e-02	3.998279430548629804e-02	1.002074704297120783e-01
1.872217072684594768e+03	1.838304516874634809e-01	1.137918379455684775e-01	2.939965658187700948e-01	1.795621703194085761e-01	8.850786059368942471e-02	4.002184296566160121e-02	1.002892706689624963e-01
1.877054842898249490e+03	1.835314009625726162e-01	1.135819865664228490e-01	2.942001065568832785e-01	1.796845282932902077e-01	8.857086937586028386e-02	4.006063881026329654e-02	1.003704694342316128e-01
1.881892613111905121e+03	1.832341307650661999e-01	1.133733858754667340e-01	2.944024971142463198e-01	1.798063259968604444e-01	8.863340548463925772e-02	4.009918376994588141e-02	1.004510709932993628e-01
1.886730383325560297e+03	1.829386304302098865e-01	1.131660283803485878e-01	2.946037436853826130e-01	1.799275658091371854e-01	8.869547235406477492e-02	4.013747975400903945e-02	1.005310795863720991e-01
1.891568153539215928e+03	1.826448893574567633e-01	1.129599066336390428e-01	2.948038524324431697e-01	1.800482501042086070e-01	8.875707339480226610e-02	4.017552865078348467e-02	1.006104994261908386e-01
1.896405923752871104e+03	1.823528970100614655e-01	1.127550132325667309e-01	2.950028294853792588e-01	1.801683812511012950e-01	8.881821199426663538e-02	4.021333232800745894e-02	1.006893346981413417e-01
1.901243693966526507e+03	1.820626429146965097e-01	1.125513408187555076e-01	2.952006809421142131e-01	1.802879616136530971e-01	8.887889151674503718e-02	4.025089263319402144e-02	1.007675895603657862e-01
1.906081464180181683e+03	1.817741166610707948e-01	1.123488820779630915e-01	2.953974128687141820e-01	1.804069935503906652e-01	8.893911530352005546e-02	4.028821139398947038e-02	1.008452681438759962e-01
1.910919234393836859e+03	1.814873079015504043e-01	1.121476297398209115e-01	2.955930312995572740e-01	1.805254794144112440e-01	8.899888667299325762e-02	4.032529041852303542e-02	1.009223745526680593e-01
1.915757004607492036e+03	1.812022063507816028e-01	1.119475765775755777e-01	2.957875422375021435e-01	1.806434215532690679e-01	8.905820892080901219e-02	4.036213149574822967e-02	1.009989128638385109e-01
1.920594774821147894e+03	1.809188017853160246e-01	1.117487154078314615e-01	2.959809516540547469e-01	1.807608223088655597e-01	8.911708531997861171e-02	4.039873639577594433e-02	1.010748871277017402e-01
1.925432545034802843e+03	1.806370840432380553e-01	1.115510390902948318e-01	2.961732654895345429e-01	1.808776840173439149e-01	8.917551912100459000e-02	4.043510687019954281e-02	1.011503013679086044e-01
1.930270315248458019e+03	1.803570430237944333e-01	1.113545405275191691e-01	2.963644896532390827e-01	1.809940090089874609e-01	8.923351355200530299e-02	4.047124465241225266e-02	1.012251595815663874e-01
1.935108085462113195e+03	1.800786686870259889e-01	1.111592126646520212e-01	2.965546300236079347e-01	1.811097996081218464e-01	8.929107181883957911e-02	4.050715145791690397e-02	1.012994657393597869e-01
1.939945855675768371e+03	1.798019510534015208e-01	1.109650484891830796e-01	2.967436924483853877e-01	1.812250581330211441e-01	8.934819710523160541e-02	4.054282898462838874e-02	1.013732237856729140e-01
1.944783625889424002e+03	1.795268802034538924e-01	1.107720410306936437e-01	2.969316827447819329e-01	1.813397868958173120e-01	8.940489257289586933e-02	4.057827891316893171e-02	1.014464376387124583e-01
1.949621396103079178e+03	1.792534462774182102e-01	1.105801833606074452e-01	2.971186066996348019e-01	1.814539882024133188e-01	8.946116136166218369e-02	4.061350290715638051e-02	1.015191111906316723e-01
1.954459166316734354e+03	1.789816394748722228e-01	1.103894685919427909e-01	2.973044700695675058e-01	1.815676643523997380e-01	8.951700658960078105e-02	4.064850261348570970e-02	1.015912483076552020e-01
1.959296936530389530e+03	1.787114500543786899e-01	1.101998898790660791e-01	2.974892785811483198e-01	1.816808176389745344e-01	8.957243135314743587e-02	4.068327966260396056e-02	1.016628528302049028e-01
1.964134706744044706e+03	1.784428683331300003e-01	1.100114404174465793e-01	2.976730379310476571e-01	1.817934503488660980e-01	8.962743872722854499e-02	4.071783566877870686e-02	1.017339285730262943e-01
1.968972476957700337e+03	1.781758846865947876e-01	1.098241134434127242e-01	2.978557537861944993e-01	1.819055647622595528e-01	8.968203176538618038e-02	4.075217223036030345e-02	1.018044793253158192e-01
1.973810247171355968e+03	1.779104895481668225e-01	1.096379022339094012e-01	2.980374317839318832e-01	1.820171631527258138e-01	8.973621349990319740e-02	4.078629093003802164e-02	1.018745088508487273e-01
1.978648017385010689e+03	1.776466734088155974e-01	1.094528001062569783e-01	2.982180775321712773e-01	1.821282477871539462e-01	8.978998694192809327e-02	4.082019333509028652e-02	1.019440208881076115e-01
1.983485787598666320e+03	1.773844268167394655e-01	1.092688004179113159e-01	2.983976966095464034e-01	1.822388209256861069e-01	8.984335508159994876e-02	4.085388099762910646e-02	1.020130191504114991e-01
1.988323557812321269e+03	1.771237403770203889e-01	1.090858965662252350e-01	2.985762945655652811e-01	1.823488848216554270e-01	8.989632088817307853e-02	4.088735545483892370e-02	1.020815073260455397e-01
1.993161328025976900e+03	1.768646047512810460e-01	1.089040819882113320e-01	2.987538769207621625e-01	1.824584417215265597e-01	8.994888731014169525e-02	4.092061822920999709e-02	1.021494890783910675e-01
1.997999098239632076e+03	1.766070106573439380e-01	1.087233501603060287e-01	2.989304491668481334e-01	1.825674938648388923e-01	9.000105727536432398e-02	4.095367082876641418e-02	1.022169680460561780e-01
2.002836868453287707e+03	1.763509488688923543e-01	1.085436945981349405e-01	2.991060167668606051e-01	1.826760434841522285e-01	9.005283369118802228e-02	4.098651474728902400e-02	1.022839478430067478e-01
2.007674638666942428e+03	1.760964102151332533e-01	1.083651088562796183e-01	2.992805851553126395e-01	1.827840928049949409e-01	9.010421944457251697e-02	4.101915146453319339e-02	1.023504320586977184e-01
2.012512408880597604e+03	1.758433855804627244e-01	1.081875865280454568e-01	2.994541597383403864e-01	1.828916440458147052e-01	9.015521740221398017e-02	4.105158244644177556e-02	1.024164242582047968e-01
2.017350179094252780e+03	1.755918659041328656e-01	1.080111212452310038e-01	2.996267458938504102e-01	1.829986994179313708e-01	9.020583041066868035e-02	4.108380914535320755e-02	1.024819279823563495e-01
2.022187949307908411e+03	1.753418421799206317e-01	1.078357066778985462e-01	2.997983489716655181e-01	1.831052611254921636e-01	9.025606129647631426e-02	4.111583300020502790e-02	1.025469467478656582e-01
2.027025719521564042e+03	1.750933054557992086e-01	1.076613365341458906e-01	2.999689742936703651e-01	1.832113313654291364e-01	9.030591286628310288e-02	4.114765543673280096e-02	1.026114840474632861e-01
2.031863489735218764e+03	1.748462468336107190e-01	1.074880045598795020e-01	3.001386271539557837e-01	1.833169123274187573e-01	9.035538790696465150e-02	4.117927786766465564e-02	1.026755433500297354e-01
2.036701259948874394e+03	1.746006574687412605e-01	1.073157045385889768e-01	3.003073128189621133e-01	1.834220061938434954e-01	9.040448918574837955e-02	4.121070169291152219e-02	1.027391281007280777e-01
2.041539030162529116e+03	1.743565285697978029e-01	1.071444302911225416e-01	3.004750365276220858e-01	1.835266151397554335e-01	9.045321945033585331e-02	4.124192829975319857e-02	1.028022417211369166e-01
2.046376800376184747e+03	1.741138513982868896e-01	1.069741756754641615e-01	3.006418034915027127e-01	1.836307413328419347e-01	9.050158142902452185e-02	4.127295906302031608e-02	1.028648876093832959e-01
2.051214570589840150e+03	1.738726172682953930e-01	1.068049345865116212e-01	3.008076188949461716e-01	1.837343869333932234e-01	9.054957783082936973e-02	4.130379534527234969e-02	1.029270691402756899e-01
2.056052340803495554e+03	1.736328175461731294e-01	1.066367009558559648e-01	3.009724878952101945e-01	1.838375540942716047e-01	9.059721134560408395e-02	4.133443849697175654e-02	1.029887896654370638e-01
2.060890111017150957e+03	1.733944436502174447e-01	1.064694687515622407e-01	3.011364156226073452e-01	1.839402449608825707e-01	9.064448464416187401e-02	4.136488985665436047e-02	1.030500525134378925e-01
2.065727881230805451e+03	1.731574870503594654e-01	1.063032319779513846e-01	3.012994071806437968e-01	1.840424616711479056e-01	9.069140037839594493e-02	4.139515075109607284e-02	1.031108609899291789e-01
2.070565651444461309e+03	1.729219392678525147e-01	1.061379846753834066e-01	3.014614676461567777e-01	1.841442063554800668e-01	9.073796118139956790e-02	4.142522249547601204e-02	1.031712183777753755e-01
2.075403421658116713e+03	1.726877918749621377e-01	1.059737209200418279e-01	3.016226020694520726e-01	1.842454811367583989e-01	9.078416966758579010e-02	4.145510639353620908e-02	1.032311279371873336e-01
2.080241191871772116e+03	1.724550364946581815e-01	1.058104348237192682e-01	3.017828154744397473e-01	1.843462881303070122e-01	9.083002843280665872e-02	4.148480373773782981e-02	1.032905929058550026e-01
2.085078962085427065e+03	1.722236648003086790e-01	1.056481205336043672e-01	3.019421128587700953e-01	1.844466294438739939e-01	9.087554005447213978e-02	4.151431580941417759e-02	1.033496164990801852e-01
2.089916732299082469e+03	1.719936685153754530e-01	1.054867722320698004e-01	3.021004991939680862e-01	1.845465071776124233e-01	9.092070709166848175e-02	4.154364387892046234e-02	1.034082019099089589e-01
2.094754502512737417e+03	1.717650394131115810e-01	1.053263841364616149e-01	3.022579794255672025e-01	1.846459234240624414e-01	9.096553208527627388e-02	4.157278920578038467e-02	1.034663523092640980e-01
2.099592272726392821e+03	1.715377693162608019e-01	1.051669504988897441e-01	3.024145584732428893e-01	1.847448802681351254e-01	9.101001755808801885e-02	4.160175303882977099e-02	1.035240708460772180e-01
2.104430042940048224e+03	1.713118500967585889e-01	1.050084656060196742e-01	3.025702412309448364e-01	1.848433797870974449e-01	9.105416601492519191e-02	4.163053661635711389e-02	1.035813606474206838e-01
2.109267813153704083e+03	1.710872736754350532e-01	1.048509237788653459e-01	3.027250325670287623e-01	1.849414240505586338e-01	9.109797994275492528e-02	4.165914116624130914e-02	1.036382248186394212e-01
2.114105583367359031e+03	1.708640320217197361e-01	1.046943193725833332e-01	3.028789373243873650e-01	1.850390151204579781e-01	9.114146181080617914e-02	4.168756790608653395e-02	1.036946664434823528e-01
2.118943353581013525e+03	1.706421171533478998e-01	1.045386467762680349e-01	3.030319603205804957e-01	1.851361550510535470e-01	9.118461407068549629e-02	4.171581804335434962e-02	1.037506885842336551e-01
2.123781123794669384e+03	1.704215211360689264e-01	1.043839004127481568e-01	3.031841063479648324e-01	1.852328458889125340e-01	9.122743915649218771e-02	4.174389277549319516e-02	1.038062942818436946e-01
2.128618894008324787e+03	1.702022360833562731e-01	1.042300747383844012e-01	3.033353801738225552e-01	1.853290896729024029e-01	9.126993948493308806e-02	4.177179329006518171e-02	1.038614865560596734e-01
2.133456664221980191e+03	1.699842541561190912e-01	1.040771642428682531e-01	3.034857865404895771e-01	1.854248884341833936e-01	9.131211745543683922e-02	4.179952076487040286e-02	1.039162684055559838e-01
2.138294434435635139e+03	1.697675675624158165e-01	1.039251634490219733e-01	3.036353301654830528e-01	1.855202441962020554e-01	9.135397545026764654e-02	4.182707636806873297e-02	1.039706428080642148e-01
2.143132204649290543e+03	1.695521685571693415e-01	1.037740669125996884e-01	3.037840157416278886e-01	1.856151589746859176e-01	9.139551583463853546e-02	4.185446125829923869e-02	1.040246127205028681e-01
2.147969974862945492e+03	1.693380494418838811e-01	1.036238692220897845e-01	3.039318479371828086e-01	1.857096347776390488e-01	9.143674095682408076e-02	4.188167658479716865e-02	1.040781810791066714e-01
2.152807745076601350e+03	1.691252025643635859e-01	1.034745649985182314e-01	3.040788313959658651e-01	1.858036736053388094e-01	9.147765314827266403e-02	4.190872348750875054e-02	1.041313507995554610e-01
2.157645515290255844e+03	1.689136203184328222e-01	1.033261488952532808e-01	3.042249707374791723e-01	1.858972774503334646e-01	9.151825472371820369e-02	4.193560309720361506e-02	1.041841247771028572e-01
2.162483285503912157e+03	1.687032951436581441e-01	1.031786155978111491e-01	3.043702705570325295e-01	1.859904482974406859e-01	9.155854798129132999e-02	4.196231653558516600e-02	1.042365058867044114e-01
2.167321055717567106e+03	1.684942195250720420e-01	1.030319598236628664e-01	3.045147354258671002e-01	1.860831881237472174e-01	9.159853520263004645e-02	4.198886491539870203e-02	1.042884969831453790e-01
2.172158825931222509e+03	1.682863859928981909e-01	1.028861763220423053e-01	3.046583698912780913e-01	1.861754988986090986e-01	9.163821865298990565e-02	4.201524934053758181e-02	1.043401009011680897e-01
2.176996596144877003e+03	1.680797871222784179e-01	1.027412598737552779e-01	3.048011784767367116e-01	1.862673825836531072e-01	9.167760058135362988e-02	4.204147090614727966e-02	1.043913204555988739e-01
2.181834366358532861e+03	1.678744155330013366e-01	1.025972052909897292e-01	3.049431656820113523e-01	1.863588411327786742e-01	9.171668322054013500e-02	4.206753069872747053e-02	1.044421584414745724e-01
2.186672136572187810e+03	1.676702638892326735e-01	1.024540074171271242e-01	3.050843359832886570e-01	1.864498764921608542e-01	9.175546878731308253e-02	4.209342979623224151e-02	1.044926176341686164e-01
2.191509906785843214e+03	1.674673248992470664e-01	1.023116611265548481e-01	3.052246938332934811e-01	1.865404906002540164e-01	9.179395948248886272e-02	4.211916926816838824e-02	1.045427007895165378e-01
2.196347676999498617e+03	1.672655913151616380e-01	1.021701613244798135e-01	3.053642436614083522e-01	1.866306853877962579e-01	9.183215749104406411e-02	4.214475017569188631e-02	1.045924106439412166e-01
2.201185447213154021e+03	1.670650559326709861e-01	1.020295029467430670e-01	3.055029898737921523e-01	1.867204627778145942e-01	9.187006498222234641e-02	4.217017357170258635e-02	1.046417499145774616e-01
2.206023217426809424e+03	1.668657115907840605e-01	1.018896809596354924e-01	3.056409368534986903e-01	1.868098246856309264e-01	9.190768410964079982e-02	4.219544050093713972e-02	1.046907212993961889e-01
2.210860987640464373e+03	1.666675511715622338e-01	1.017506903597146933e-01	3.057780889605938301e-01	1.868987730188684249e-01	9.194501701139569383e-02	4.222055200006027964e-02	1.047393274773281147e-01
2.215698757854119776e+03	1.664705675998595091e-01	1.016125261736228053e-01	3.059144505322728413e-01	1.869873096774589960e-01	9.198206581016779571e-02	4.224550909775439539e-02	1.047875711083869205e-01
2.220536528067775180e+03	1.662747538430636718e-01	1.014751834579055156e-01	3.060500258829765285e-01	1.870754365536510533e-01	9.201883261332696740e-02	4.227031281480749664e-02	1.048354548337920161e-01
2.225374298281430583e+03	1.660801029108394389e-01	1.013386572988320827e-01	3.061848193045070832e-01	1.871631555320180385e-01	9.205531951303634608e-02	4.229496416419963739e-02	1.048829812760905811e-01
2.230212068495085077e+03	1.658866078548729417e-01	1.012029428122164371e-01	3.063188350661432691e-01	1.872504684894676086e-01	9.209152858635587247e-02	4.231946415118774396e-02	1.049301530392793141e-01
2.235049838708740936e+03	1.656942617686179009e-01	1.010680351432392821e-01	3.064520774147548310e-01	1.873373772952513228e-01	9.212746189534534724e-02	4.234381377338898578e-02	1.049769727089255034e-01
2.239887608922396339e+03	1.655030577870432729e-01	1.009339294662713465e-01	3.065845505749166255e-01	1.874238838109748562e-01	9.216312148716679364e-02	4.236801402086266127e-02	1.050234428522876517e-01
2.244725379136052197e+03	1.653129890863822837e-01	1.008006209846976503e-01	3.067162587490217529e-01	1.875099898906089357e-01	9.219850939418643143e-02	4.239206587619065436e-02	1.050695660184355062e-01
2.249563149349706237e+03	1.651240488838833231e-01	1.006681049307426995e-01	3.068472061173945775e-01	1.875956973805006089e-01	9.223362763407591536e-02	4.241597031455651007e-02	1.051153447383695733e-01
2.254400919563362095e+03	1.649362304375619481e-01	1.005363765652969033e-01	3.069773968384028051e-01	1.876810081193852620e-01	9.226847820991310178e-02	4.243972830382312239e-02	1.051607815251401346e-01
2.259238689777017044e+03	1.647495270459545802e-01	1.004054311777438646e-01	3.071068350485691156e-01	1.877659239383987766e-01	9.230306311028226018e-02	4.246334080460910376e-02	1.052058788739655970e-01
2.264076459990672902e+03	1.645639320478738121e-01	1.002752640857887817e-01	3.072355248626821300e-01	1.878504466610906032e-01	9.233738430937368791e-02	4.248680877036386389e-02	1.052506392623503984e-01
