1.301360187473271253e+03	2.351294585429897777e-01	1.500274790029601513e-01	2.596929714625579311e-01	1.606571925520034194e-01	7.650125045556552261e-02	3.290407163494503406e-02	8.508757634849992146e-02
1.306197957686926657e+03	2.345211479428912227e-01	1.496058540192903852e-01	2.600732604885417354e-01	1.608644026317156972e-01	7.665072721021934377e-02	3.300625255198792740e-02	8.527835515487539042e-02
1.311035727900581833e+03	2.339165509786056141e-01	1.491866814111223738e-01	2.604513287249028419e-01	1.610704475108101219e-01	7.679949372869587787e-02	3.310767063504341939e-02	8.546782701034146001e-02
1.315873498114237009e+03	2.333156459387189519e-01	1.487699469121067652e-01	2.608271890980269903e-01	1.612753341484219893e-01	7.694752383829928100e-02	3.320833632320330936e-02	8.565602374074439418e-02
1.320711268327892412e+03	2.327184111067001349e-01	1.483556363389259558e-01	2.612008544590950776e-01	1.614790694628030210e-01	7.709479591714728242e-02	3.330825950183804313e-02	8.584297321301213868e-02
1.325549038541547588e+03	2.321248247806950993e-01	1.479437355908107266e-01	2.615723375845208087e-01	1.616816603314064904e-01	7.724129222143247264e-02	3.340744956778071012e-02	8.602869992287537348e-02
1.330386808755202765e+03	2.315348652903006788e-01	1.475342306490595445e-01	2.619416511763856814e-01	1.618831135909951646e-01	7.738699831195224033e-02	3.350591548529474606e-02	8.621322549553352144e-02
1.335224578968857941e+03	2.309485110107642458e-01	1.471271075765611669e-01	2.623088078628718622e-01	1.620834360377683969e-01	7.753190256524750135e-02	3.360366583417499775e-02	8.639656911213343393e-02
1.340062349182513572e+03	2.303657403749890531e-01	1.467223525173193543e-01	2.626738201986920096e-01	1.622826344275053179e-01	7.767599575685613100e-02	3.370070885113287534e-02	8.657874787302693997e-02
1.344900119396168748e+03	2.297865318836701809e-01	1.463199516959807767e-01	2.630367006655167650e-01	1.624807154757217098e-01	7.781927070603182617e-02	3.379705246544659897e-02	8.675977710715378211e-02
1.349737889609823924e+03	2.292108641138365654e-01	1.459198914173655548e-01	2.633974616724003015e-01	1.626776858578381779e-01	7.796172197285279604e-02	3.389270432971306507e-02	8.693967063551522045e-02
1.354575659823479100e+03	2.286387157260349190e-01	1.455221580660004677e-01	2.637561155562022641e-01	1.628735522093578691e-01	7.810334559998453885e-02	3.398767184641449113e-02	8.711844099552709664e-02
1.359413430037134731e+03	2.280700654703563257e-01	1.451267381056547956e-01	2.641126745820084887e-01	1.630683211260521293e-01	7.824413889250411702e-02	3.408196219090794954e-02	8.729609963203778522e-02
1.364251200250789907e+03	2.275048921914762379e-01	1.447336180788791338e-01	2.644671509435484458e-01	1.632619991641527102e-01	7.838410023016664785e-02	3.417558233135650769e-02	8.747265705994193563e-02
1.369088970464445310e+03	2.269431748328539777e-01	1.443427846065464815e-01	2.648195567636104641e-01	1.634545928405493342e-01	7.852322890732486849e-02	3.426853904604421075e-02	8.764812300259221256e-02
1.373926740678100487e+03	2.263848924402160345e-01	1.439542243873965233e-01	2.651699040944546781e-01	1.636461086329918935e-01	7.866152499642012352e-02	3.436083893845213316e-02	8.782250650959011473e-02
1.378764510891755890e+03	2.258300241644288497e-01	1.435679241975819087e-01	2.655182049182235882e-01	1.638365529802958687e-01	7.879898923156564150e-02	3.445248845041727626e-02	8.799581605700834697e-02
1.383602281105411066e+03	2.252785492638516296e-01	1.431838708902177792e-01	2.658644711473497901e-01	1.640259322825510790e-01	7.893562290925695835e-02	3.454349387364888391e-02	8.816805963264531809e-02
1.388440051319066470e+03	2.247304471062460118e-01	1.428020513949335712e-01	2.662087146249619285e-01	1.642142529013322916e-01	7.907142780368245361e-02	3.463386135983630848e-02	8.833924480852883843e-02
1.393277821532721646e+03	2.241856971703082846e-01	1.424224527174274557e-01	2.665509471252879847e-01	1.644015211599118842e-01	7.920640609447975045e-02	3.472359692954830879e-02	8.850937880255774215e-02
1.398115591746377049e+03	2.236442790468801123e-01	1.420450619390235814e-01	2.668911803540560679e-01	1.645877433434735915e-01	7.934056030510217017e-02	3.481270648009442137e-02	8.867846853089150772e-02
1.402953361960032225e+03	2.231061724398852864e-01	1.416698662162315381e-01	2.672294259488932622e-01	1.647729256993273050e-01	7.947389325023056228e-02	3.490119579249392062e-02	8.884652065245958463e-02
1.407791132173687402e+03	2.225713571670334956e-01	1.412968527803086793e-01	2.675656954797218101e-01	1.649570744371245123e-01	7.960640799089667430e-02	3.498907053767674746e-02	8.901354160675954696e-02
1.412628902387342805e+03	2.220398131603252834e-01	1.409260089368249147e-01	2.679000004491532971e-01	1.651401957290739853e-01	7.973810779618115130e-02	3.507633628202256465e-02	8.917953764594030441e-02
1.417466672600997981e+03	2.215115204663882231e-01	1.405573220652300281e-01	2.682323522928801163e-01	1.653222957101576074e-01	7.986899611051753722e-02	3.516299849232870645e-02	8.934451486201930304e-02
1.422304442814653157e+03	2.209864592466692090e-01	1.401907796184233834e-01	2.685627623800650454e-01	1.655033804783462847e-01	7.999907652577620265e-02	3.524906254028441904e-02	8.950847920995702589e-02
1.427142213028308333e+03	2.204646097775042890e-01	1.398263691223264049e-01	2.688912420137284376e-01	1.656834560948152457e-01	8.012835275742423435e-02	3.533453370651776920e-02	8.967143652720518943e-02
1.431979983241963964e+03	2.199459524500848306e-01	1.394640781754573622e-01	2.692178024311330242e-01	1.658625285841593411e-01	8.025682862416129437e-02	3.541941718427183555e-02	8.983339255025389603e-02
1.436817753455619140e+03	2.194304677703348971e-01	1.391038944485085693e-01	2.695424548041667756e-01	1.660406039346075946e-01	8.038450803052003824e-02	3.550371808275864377e-02	8.999435292862512092e-02
1.441655523669274316e+03	2.189181363587137386e-01	1.387458056839262488e-01	2.698652102397230412e-01	1.662176880982371707e-01	8.051139495199510776e-02	3.558744143023241657e-02	9.015432323669383963e-02
1.446493293882929493e+03	2.184089389499546674e-01	1.383897996954926990e-01	2.701860797800791913e-01	1.663937869911868428e-01	8.063749342232888473e-02	3.567059217681765176e-02	9.031330898366167481e-02
1.451331064096585123e+03	2.179028563927495887e-01	1.380358643679109321e-01	2.705050744032721499e-01	1.665689064938693509e-01	8.076280752263755025e-02	3.575317519712246928e-02	9.047131562195954990e-02
1.456168834310240300e+03	2.173998696493882055e-01	1.376839876563917264e-01	2.708222050234727063e-01	1.667430524511832046e-01	8.088734137210697173e-02	3.583519529266342846e-02	9.062834855431539660e-02
1.461006604523895703e+03	2.168999597953580882e-01	1.373341575862430941e-01	2.711374824913567738e-01	1.669162306727234590e-01	8.101109912002862901e-02	3.591665719412421437e-02	9.078441313968731163e-02
1.465844374737550879e+03	2.164031080189122713e-01	1.369863622524621349e-01	2.714509175944752606e-01	1.670884469329917965e-01	8.113408493897900087e-02	3.599756556346751096e-02	9.093951469823360889e-02
1.470682144951206283e+03	2.159092956206092595e-01	1.366405898193292501e-01	2.717625210576211092e-01	1.672597069716051932e-01	8.125630301897514285e-02	3.607792499591654101e-02	9.109365851546508130e-02
1.475519915164861459e+03	2.154185040128297757e-01	1.362968285200047702e-01	2.720723035431946712e-01	1.674300164935041135e-01	8.137775756246393155e-02	3.615774002182070568e-02	9.124684984570358148e-02
1.480357685378516862e+03	2.149307147192741629e-01	1.359550666561278320e-01	2.723802756515667500e-01	1.675993811691593727e-01	8.149845278002319782e-02	3.623701510841755014e-02	9.139909391495271151e-02
1.485195455592172038e+03	2.144459093744434663e-01	1.356152925974177248e-01	2.726864479214395343e-01	1.677678066347779717e-01	8.161839288667106784e-02	3.631575466150169240e-02	9.155039592327016140e-02
1.490033225805827215e+03	2.139640697231069144e-01	1.352774947812774575e-01	2.729908308302054221e-01	1.679352984925081005e-01	8.173758209869505520e-02	3.639396302700994429e-02	9.170076104671870398e-02
1.494870996019482618e+03	2.134851776197583817e-01	1.349416617123996853e-01	2.732934347943040132e-01	1.681018623106427801e-01	8.185602463092558900e-02	3.647164449253057633e-02	9.185019443896057234e-02
1.499708766233137567e+03	2.130092150280634977e-01	1.346077819623748839e-01	2.735942701695765478e-01	1.682675036238227007e-01	8.197372469438944653e-02	3.654880328874369338e-02	9.199870123255080023e-02
1.504546536446793198e+03	2.125361640202992064e-01	1.342758441693019111e-01	2.738933472516186796e-01	1.684322279332378103e-01	8.209068649428846731e-02	3.662544359079866751e-02	9.214628653997684882e-02
1.509384306660448374e+03	2.120660067767874135e-01	1.339458370374005947e-01	2.741906762761310290e-01	1.685960407068277933e-01	8.220691422825650296e-02	3.670156951963397113e-02	9.229295545448425175e-02
1.514222076874103550e+03	2.115987255853237214e-01	1.336177493366269842e-01	2.744862674192676821e-01	1.687589473794815775e-01	8.232241208485487072e-02	3.677718514324392063e-02	9.243871305072277889e-02
1.519059847087758726e+03	2.111343028406022782e-01	1.332915699022903799e-01	2.747801307979828578e-01	1.689209533532357033e-01	8.243718424227210184e-02	3.685229447789641760e-02	9.258356438524172061e-02
1.523897617301414357e+03	2.106727210436381559e-01	1.329672876346729704e-01	2.750722764703751322e-01	1.690820639974715545e-01	8.255123486719906367e-02	3.692690148930523331e-02	9.272751449685927294e-02
1.528735387515069533e+03	2.102139628011871764e-01	1.326448914986514127e-01	2.753627144360301648e-01	1.692422846491114796e-01	8.266456811385447523e-02	3.700101009375990346e-02	9.287056840692670123e-02
1.533573157728724709e+03	2.097580108251646536e-01	1.323243705233208278e-01	2.756514546363612039e-01	1.694016206128138302e-01	8.277718812313963892e-02	3.707462415921609217e-02	9.301273111950508765e-02
1.538410927942380113e+03	2.093048479320632482e-01	1.320057138016208498e-01	2.759385069549472602e-01	1.695600771611668889e-01	8.288909902190454149e-02	3.714774750634879108e-02	9.315400762146974767e-02
1.543248698156035516e+03	2.088544570423703506e-01	1.316889104899639229e-01	2.762238812178701153e-01	1.697176595348817985e-01	8.300030492230950352e-02	3.722038390957060905e-02	9.329440288255505531e-02
1.548086468369690692e+03	2.084068211799857129e-01	1.313739498078657086e-01	2.765075871940484431e-01	1.698743729429842142e-01	8.311080992126951283e-02	3.729253709801713668e-02	9.343392185535062677e-02
1.552924238583346096e+03	2.079619234716393317e-01	1.310608210375776572e-01	2.767896345955709325e-01	1.700302225630049568e-01	8.322061809996970927e-02	3.736421075650104423e-02	9.357256947525774415e-02
1.557762008797001272e+03	2.075197471463102461e-01	1.307495135237218276e-01	2.770700330780264675e-01	1.701852135411696665e-01	8.332973352344254236e-02	3.743540852643665456e-02	9.371035066041398520e-02
1.562599779010656675e+03	2.070802755346461410e-01	1.304400166729276778e-01	2.773487922408333639e-01	1.703393509925871518e-01	8.343816024019823363e-02	3.750613400673630943e-02	9.384727031159252608e-02
1.567437549224311852e+03	2.066434920683844212e-01	1.301323199534709929e-01	2.776259216275659414e-01	1.704926400014368237e-01	8.354590228190161838e-02	3.757639075467991696e-02	9.398333331208166830e-02
1.572275319437967255e+03	2.062093802797746178e-01	1.298264128949149776e-01	2.779014307262795969e-01	1.706450856211550460e-01	8.365296366308910825e-02	3.764618228675888773e-02	9.411854452754908618e-02
1.577113089651622431e+03	2.057779238010023215e-01	1.295222850877535414e-01	2.781753289698338238e-01	1.707966928746202095e-01	8.375934838092091717e-02	3.771551207949549317e-02	9.425290880589497211e-02
1.581950859865277607e+03	2.053491063636149194e-01	1.292199261830563883e-01	2.784476257362133444e-01	1.709474667543371129e-01	8.386506041496372132e-02	3.778438357023877064e-02	9.438643097709699392e-02
1.586788630078933011e+03	2.049229117979492198e-01	1.289193258921164931e-01	2.787183303488476316e-01	1.710974122226197602e-01	8.397010372700026981e-02	3.785280015793780761e-02	9.451911585305015906e-02
1.591626400292587959e+03	2.044993240325611028e-01	1.286204739860992152e-01	2.789874520769279886e-01	1.712465342117735767e-01	8.407448226086251808e-02	3.792076520389336958e-02	9.465096822740358407e-02
1.596464170506243590e+03	2.040783270936571969e-01	1.283233602956939667e-01	2.792550001357234635e-01	1.713948376242763194e-01	8.417819994228553648e-02	3.798828203248864888e-02	9.478199287539623707e-02
1.601301940719898766e+03	2.036599051045286934e-01	1.280279747107675170e-01	2.795209836868946529e-01	1.715423273329579057e-01	8.428126067877964034e-02	3.805535393189986293e-02	9.491219455369315217e-02
1.606139710933553943e+03	2.032440422849874084e-01	1.277343071800194352e-01	2.797854118388052869e-01	1.716890081811793256e-01	8.438366835951889577e-02	3.812198415478754154e-02	9.504157800022348945e-02
1.610977481147209119e+03	2.028307229508041765e-01	1.274423477106396141e-01	2.800482936468328132e-01	1.718348849830104719e-01	8.448542685524396134e-02	3.818817591896900981e-02	9.517014793402132911e-02
1.615815251360864750e+03	2.024199315131495203e-01	1.271520863679677094e-01	2.803096381136763182e-01	1.719799625234067486e-01	8.458654001817790535e-02	3.825393240807284378e-02	9.529790905507021237e-02
1.620653021574519926e+03	2.020116524780368183e-01	1.268635132751545769e-01	2.805694541896634475e-01	1.721242455583849862e-01	8.468701168195347240e-02	3.831925677217585396e-02	9.542486604415209572e-02
1.625490791788175102e+03	2.016058704457676931e-01	1.265766186128256809e-01	2.808277507730547740e-01	1.722677388151979405e-01	8.478684566155084146e-02	3.838415212842312407e-02	9.555102356270119002e-02
1.630328562001830505e+03	2.012025701103801190e-01	1.262913926187464730e-01	2.810845367103468329e-01	1.724104469925080985e-01	8.488604575324468215e-02	3.844862156163176420e-02	9.567638625266322583e-02
1.635166332215485909e+03	2.008017362590988897e-01	1.260078255874897135e-01	2.813398207965736031e-01	1.725523747605602620e-01	8.498461573455966256e-02	3.851266812487878083e-02	9.580095873636031156e-02
1.640004102429141085e+03	2.004033537717885283e-01	1.257259078701047361e-01	2.815936117756056012e-01	1.726935267613531055e-01	8.508255936423379795e-02	3.857629484007363968e-02	9.592474561636180064e-02
1.644841872642796488e+03	2.000074076204088058e-01	1.254456298737886277e-01	2.818459183404478652e-01	1.728339076088100112e-01	8.517988038218871072e-02	3.863950469851595848e-02	9.604775147536122326e-02
1.649679642856451665e+03	1.996138828684729805e-01	1.251669820615593509e-01	2.820967491335357735e-01	1.729735218889484061e-01	8.527658250950645447e-02	3.870230066143882236e-02	9.616998087605943546e-02
1.654517413070107068e+03	1.992227646705084232e-01	1.248899549519307539e-01	2.823461127470291987e-01	1.731123741600485155e-01	8.537266944841219452e-02	3.876468566053809656e-02	9.629143836105404086e-02
1.659355183283762244e+03	1.988340382715196863e-01	1.246145391185894402e-01	2.825940177231053840e-01	1.732504689528209518e-01	8.546814488226239792e-02	3.882666259848827073e-02	9.641212845273508525e-02
1.664192953497417420e+03	1.984476890064546251e-01	1.243407251900735672e-01	2.828404725542494891e-01	1.733878107705733029e-01	8.556301247553815825e-02	3.888823434944509161e-02	9.653205565318698222e-02
1.669030723711072824e+03	1.980637022996726559e-01	1.240685038494535042e-01	2.830854856835438027e-01	1.735244040893757500e-01	8.565727587384310004e-02	3.894940375953552525e-02	9.665122444409680880e-02
1.673868493924728000e+03	1.976820636644160412e-01	1.237978658340143368e-01	2.833290655049552909e-01	1.736602533582258800e-01	8.575093870390575190e-02	3.901017364733529863e-02	9.676963928666858228e-02
1.678706264138383403e+03	1.973027587022834484e-01	1.235288019349402577e-01	2.835712203636211459e-01	1.737953629992121107e-01	8.584400457358604131e-02	3.907054680433447169e-02	9.688730462154368506e-02
1.683544034352038352e+03	1.969257731027063696e-01	1.232613029970007212e-01	2.838119585561332259e-01	1.739297374076765601e-01	8.593647707188559193e-02	3.913052599539136589e-02	9.700422486872736783e-02
1.688381804565693983e+03	1.965510926424280380e-01	1.229953599182384838e-01	2.840512883308202174e-01	1.740633809523768061e-01	8.602835976896161529e-02	3.919011395917516155e-02	9.712040442752087333e-02
1.693219574779349159e+03	1.961787031849851759e-01	1.227309636496595052e-01	2.842892178880287446e-01	1.741962979756465912e-01	8.611965621614421640e-02	3.924931340859751094e-02	9.723584767645949978e-02
1.698057344993004335e+03	1.958085906801921849e-01	1.224681051949245564e-01	2.845257553804022566e-01	1.743284927935555839e-01	8.621036994595693281e-02	3.930812703123352791e-02	9.735055897325620156e-02
1.702895115206659511e+03	1.954407411636280290e-01	1.222067756100426311e-01	2.847609089131589166e-01	1.744599696960684454e-01	8.630050447214025755e-02	3.936655748973237612e-02	9.746454265475065770e-02
1.707732885420315142e+03	1.950751407561258088e-01	1.219469660030662594e-01	2.849946865443672150e-01	1.745907329472026204e-01	8.639006328967799297e-02	3.942460742221778891e-02	9.757780303686362788e-02
1.712570655633970318e+03	1.947117756632650298e-01	1.216886675337884721e-01	2.852270962852205827e-01	1.747207867851853780e-01	8.647904987482638028e-02	3.948227944267888867e-02	9.769034441455656803e-02
1.717408425847625494e+03	1.943506321748663945e-01	1.214318714134415694e-01	2.854581461003100062e-01	1.748501354226098536e-01	8.656746768514581025e-02	3.953957614135143045e-02	9.780217106179625586e-02
1.722246196061280898e+03	1.939916966644892604e-01	1.211765689043976801e-01	2.856878439078951448e-01	1.749787830465902028e-01	8.665532015953487932e-02	3.959650008508987240e-02	9.791328723152425972e-02
1.727083966274936301e+03	1.936349555889318175e-01	1.209227513198709997e-01	2.859161975801741140e-01	1.751067338189157552e-01	8.674261071826691594e-02	3.965305381773045340e-02	9.802369715563127861e-02
1.731921736488591478e+03	1.932803954877338470e-01	1.206704100236218741e-01	2.861432149435511052e-01	1.752339918762043369e-01	8.682934276302860244e-02	3.970923986044558318e-02	9.813340504493596461e-02
1.736759506702246881e+03	1.929280029826821174e-01	1.204195364296623966e-01	2.863689037789032832e-01	1.753605613300546207e-01	8.691551967696076186e-02	3.976506071208980170e-02	9.824241508916829735e-02
1.741597276915902057e+03	1.925777647773184165e-01	1.201701220019639749e-01	2.865932718218454633e-01	1.754864462671976433e-01	8.700114482470111543e-02	3.982051884953743959e-02	9.835073145695724661e-02
1.746435047129557461e+03	1.922296676564502482e-01	1.199221582541664388e-01	2.868163267629932900e-01	1.756116507496472967e-01	8.708622155242903840e-02	3.987561672801232665e-02	9.845835829582266774e-02
1.751272817343212637e+03	1.918836984856640282e-01	1.196756367492888551e-01	2.870380762482253600e-01	1.757361788148499859e-01	8.717075318791207839e-02	3.993035678140977041e-02	9.856529973217112439e-02
1.756110587556867813e+03	1.915398442108411370e-01	1.194305490994421043e-01	2.872585278789435148e-01	1.758600344758334544e-01	8.725474304055420849e-02	3.998474142261093656e-02	9.867155987129584693e-02
1.760948357770523216e+03	1.911980918576762500e-01	1.191868869655430957e-01	2.874776892123313554e-01	1.759832217213545824e-01	8.733819440144575952e-02	4.003877304378989505e-02	9.877714279738022962e-02
1.765786127984178393e+03	1.908584285311986650e-01	1.189446420570305363e-01	2.876955677616117590e-01	1.761057445160464363e-01	8.742111054341503151e-02	4.009245401671356068e-02	9.888205257350515809e-02
1.770623898197833569e+03	1.905208414152959329e-01	1.187038061315825455e-01	2.879121709963025078e-01	1.762276068005643459e-01	8.750349472108127913e-02	4.014578669303468100e-02	9.898629324165980625e-02
1.775461668411488745e+03	1.901853177722401533e-01	1.184643709948358381e-01	2.881275063424707517e-01	1.763488124917311495e-01	8.758535017090923747e-02	4.019877340457809339e-02	9.908986882275586106e-02
1.780299438625144376e+03	1.898518449422170185e-01	1.182263285001064340e-01	2.883415811829856401e-01	1.764693654826815783e-01	8.766668011126502180e-02	4.025141646362040415e-02	9.919278331664500847e-02
1.785137208838799552e+03	1.895204103428572706e-01	1.179896705481121300e-01	2.885544028577696207e-01	1.765892696430057252e-01	8.774748774247333183e-02	4.030371816316335315e-02	9.929504070213963918e-02
1.789974979052454728e+03	1.891910014687706865e-01	1.177543890866966231e-01	2.887659786640486836e-01	1.767085288188917080e-01	8.782777624687593265e-02	4.035568077720090574e-02	9.939664493703657955e-02
1.794812749266109904e+03	1.888636058910829474e-01	1.175204761105550361e-01	2.889763158566002743e-01	1.768271468332674179e-01	8.790754878889131541e-02	4.040730656098038415e-02	9.949759995814379254e-02
1.799650519479765535e+03	1.885382112569746471e-01	1.172879236609612325e-01	2.891854216480006512e-01	1.769451274859415446e-01	8.798680851507550971e-02	4.045859775125771468e-02	9.959790968130990962e-02
1.804488289693420711e+03	1.882148052892232137e-01	1.170567238254966863e-01	2.893933032088702451e-01	1.770624745537435485e-01	8.806555855418403411e-02	4.050955656654699893e-02	9.969757800145648274e-02
1.809326059907075887e+03	1.878933757857472464e-01	1.168268687377808507e-01	2.895999676681177970e-01	1.771791917906630209e-01	8.814380201723480412e-02	4.056018520736451305e-02	9.979660879261297024e-02
1.814163830120731291e+03	1.875739106191532668e-01	1.165983505772031636e-01	2.898054221131831643e-01	1.772952829279879905e-01	8.822154199757212267e-02	4.061048585646735709e-02	9.989500590795413748e-02
1.819001600334386467e+03	1.872563977362852738e-01	1.163711615686566225e-01	2.900096735902782941e-01	1.774107516744426460e-01	8.829878157093157265e-02	4.066046067908682393e-02	9.999277317983995550e-02
1.823839370548041643e+03	1.869408251577765467e-01	1.161452939822728014e-01	2.902127291046274760e-01	1.775256017163239775e-01	8.837552379550574211e-02	4.071011182315673049e-02	1.000899144198578866e-01
1.828677140761696819e+03	1.866271809776041957e-01	1.159207401331586451e-01	2.904145956207054846e-01	1.776398367176377779e-01	8.845177171201093480e-02	4.075944141953673910e-02	1.001864334188673766e-01
1.833514910975352450e+03	1.863154533626460441e-01	1.156974923811345257e-01	2.906152800624748345e-01	1.777534603202337027e-01	8.852752834375460234e-02	4.080845158223089103e-02	1.002823339470465536e-01
1.838352681189008081e+03	1.860056305522401754e-01	1.154755431304739788e-01	2.908147893136214801e-01	1.778664761439396058e-01	8.860279669670349800e-02	4.085714440860141461e-02	1.003776197539409804e-01
1.843190451402663257e+03	1.856977008577467281e-01	1.152548848296449518e-01	2.910131302177891843e-01	1.779788877866950447e-01	8.867757975955276040e-02	4.090552197957803005e-02	1.004722945685144475e-01
1.848028221616318433e+03	1.853916526621125216e-01	1.150355099710524964e-01	2.912103095788123319e-01	1.780906988246839517e-01	8.875188050379538562e-02	4.095358635986274393e-02	1.005663620992017226e-01
1.852865991829973609e+03	1.850874744194378196e-01	1.148174110907829865e-01	2.914063341609476332e-01	1.782019128124666396e-01	8.882570188379264320e-02	4.100133959813039713e-02	1.006598260339630346e-01
1.857703762043628785e+03	1.847851546545457302e-01	1.146005807683499050e-01	2.916012106891043842e-01	1.783125332831107523e-01	8.889904683684489439e-02	4.104878372722495922e-02	1.007526900403404868e-01
1.862541532257283961e+03	1.844846819625541035e-01	1.143850116264409911e-01	2.917949458490733949e-01	1.784225637483216609e-01	8.897191828326315999e-02	4.109592076435174962e-02	1.008449577655160245e-01
1.867379302470939592e+03	1.841860450084496781e-01	1.141706963306668848e-01	2.919875462877547512e-01	1.785320076985719151e-01	8.904431912644104885e-02	4.114275271126569683e-02	1.009366328363711235e-01
1.872217072684594768e+03	1.838892325266648087e-01	1.139576275893112722e-01	2.921790186133837453e-01	1.786408686032301962e-01	8.911625225292735264e-02	4.118928155445569783e-02	1.010277188595480186e-01
1.877054842898249490e+03	1.835942333206567190e-01	1.137457981530825279e-01	2.923693693957559736e-01	1.787491499106890758e-01	8.918772053249909848e-02	4.123550926532523753e-02	1.011182194215124730e-01
1.881892613111905121e+03	1.833010362624889200e-01	1.135352008148666769e-01	2.925586051664511023e-01	1.788568550484922748e-01	8.925872681823497634e-02	4.128143780036933747e-02	1.012081380886178661e-01
1.886730383325560297e+03	1.830096302924151819e-01	1.133258284094819657e-01	2.927467324190550224e-01	1.789639874234611738e-01	8.932927394658926601e-02	4.132706910134789635e-02	1.012974784071706963e-01
1.891568153539215928e+03	1.827200044184658367e-01	1.131176738134346410e-01	2.929337576093810069e-01	1.790705504218204069e-01	8.939936473746611101e-02	4.137240509545563050e-02	1.013862439034975416e-01
1.896405923752871104e+03	1.824321477160367189e-01	1.129107299446763385e-01	2.931196871556894790e-01	1.791765474093228450e-01	8.946900199429420886e-02	4.141744769548856564e-02	1.014744380840130467e-01
1.901243693966526507e+03	1.821460493274799641e-01	1.127049897623628727e-01	2.933045274389063928e-01	1.792819817313737185e-01	8.953818850410182051e-02	4.146219880000725361e-02	1.015620644352891871e-01
1.906081464180181683e+03	1.818616984616977794e-01	1.125004462666142763e-01	2.934882848028404490e-01	1.793868567131540193e-01	8.960692703759202959e-02	4.150666029349683178e-02	1.016491264241257686e-01
1.910919234393836859e+03	1.815790843937380439e-01	1.122970924982764490e-01	2.936709655543991992e-01	1.794911756597432351e-01	8.967522034921840413e-02	4.155083404652390455e-02	1.017356274976218833e-01
1.915757004607492036e+03	1.812981964643926303e-01	1.120949215386839865e-01	2.938525759638035972e-01	1.795949418562412248e-01	8.974307117726082472e-02	4.159472191589038553e-02	1.018215710832484494e-01
1.920594774821147894e+03	1.810190240797978634e-01	1.118939265094245628e-01	2.940331222648013831e-01	1.796981585678894544e-01	8.981048224390164592e-02	4.163832574478442544e-02	1.019069605889217911e-01
1.925432545034802843e+03	1.807415567110372545e-01	1.116941005721045765e-01	2.942126106548795250e-01	1.798008290401913456e-01	8.987745625530198235e-02	4.168164736292843259e-02	1.019917994030780234e-01
1.930270315248458019e+03	1.804657838937469561e-01	1.114954369281162122e-01	2.943910472954747171e-01	1.799029564990321794e-01	8.994399590167825864e-02	4.172468858672430392e-02	1.020760908947484780e-01
1.935108085462113195e+03	1.801916952277227979e-01	1.112979288184058752e-01	2.945684383121836558e-01	1.800045441507980293e-01	9.001010385737895358e-02	4.176745121939588745e-02	1.021598384136358645e-01
1.939945855675768371e+03	1.799192803765304327e-01	1.111015695232438760e-01	2.947447897949711515e-01	1.801055951824940549e-01	9.007578278096139979e-02	4.180993705112882874e-02	1.022430452901912923e-01
1.944783625889424002e+03	1.796485290671170632e-01	1.109063523619955721e-01	2.949201077983776842e-01	1.802061127618620751e-01	9.014103531526881929e-02	4.185214785920780139e-02	1.023257148356920276e-01
1.949621396103079178e+03	1.793794310894259170e-01	1.107122706928937994e-01	2.950943983417252392e-01	1.803061000374974465e-01	9.020586408750745633e-02	4.189408540815119791e-02	1.024078503423199726e-01
1.954459166316734354e+03	1.791119762960127204e-01	1.105193179128126230e-01	2.952676674093224207e-01	1.804055601389652763e-01	9.027027170932380717e-02	4.193575144984340586e-02	1.024894550832408102e-01
1.959296936530389530e+03	1.788461546016645032e-01	1.103274874570423780e-01	2.954399209506680668e-01	1.805044961769157463e-01	9.033426077688189171e-02	4.197714772366463454e-02	1.025705323126838292e-01
1.964134706744044706e+03	1.785819559830207626e-01	1.101367727990660850e-01	2.956111648806537540e-01	1.806029112431990491e-01	9.039783387094062206e-02	4.201827595661843107e-02	1.026510852660223322e-01
1.968972476957700337e+03	1.783193704781966260e-01	1.099471674503371132e-01	2.957814050797651362e-01	1.807008084109793522e-01	9.046099355693131006e-02	4.205913786345695515e-02	1.027311171598545708e-01
1.973810247171355968e+03	1.780583881864084284e-01	1.097586649600581499e-01	2.959506473942820071e-01	1.807981907348482076e-01	9.052374238503499426e-02	4.209973514680395712e-02	1.028106311920852778e-01
1.978648017385010689e+03	1.777989992676013153e-01	1.095712589149615279e-01	2.961188976364775849e-01	1.808950612509372669e-01	9.058608289026001681e-02	4.214006949727564649e-02	1.028896305420076845e-01
1.983485787598666320e+03	1.775411939420792340e-01	1.093849429390906791e-01	2.962861615848160768e-01	1.809914229770302474e-01	9.064801759251946145e-02	4.218014259359947199e-02	1.029681183703859138e-01
1.988323557812321269e+03	1.772849624901369769e-01	1.091997106935830020e-01	2.964524449841494103e-01	1.810872789126742599e-01	9.070954899670860549e-02	4.221995610273079208e-02	1.030460978195379823e-01
1.993161328025976900e+03	1.770302952516945305e-01	1.090155558764539789e-01	2.966177535459128545e-01	1.811826320392905809e-01	9.077067959278242726e-02	4.225951167996758184e-02	1.031235720134190403e-01
1.997999098239632076e+03	1.767771826259333656e-01	1.088324722223824315e-01	2.967820929483194203e-01	1.812774853202845371e-01	9.083141185583293309e-02	4.229881096906316917e-02	1.032005440577050959e-01
2.002836868453287707e+03	1.765256150709351435e-01	1.086504535024971907e-01	2.969454688365530948e-01	1.813718417011548623e-01	9.089174824616660930e-02	4.233785560233709749e-02	1.032770170398770032e-01
2.007674638666942428e+03	1.762755831033222809e-01	1.084694935241648506e-01	2.971078868229609093e-01	1.814657041096023604e-01	9.095169120938161045e-02	4.237664720078408720e-02	1.033529940293048399e-01
2.012512408880597604e+03	1.760270772979009579e-01	1.082895861307789365e-01	2.972693524872442872e-01	1.815590754556379305e-01	9.101124317644504469e-02	4.241518737418123464e-02	1.034284780773325613e-01
2.017350179094252780e+03	1.757800882873060411e-01	1.081107252015500869e-01	2.974298713766485025e-01	1.816519586316898693e-01	9.107040656377013432e-02	4.245347772119339308e-02	1.035034722173628768e-01
2.022187949307908411e+03	1.755346067616481709e-01	1.079329046512976648e-01	2.975894490061518627e-01	1.817443565127107308e-01	9.112918377329319586e-02	4.249151982947689532e-02	1.035779794649424462e-01
2.027025719521564042e+03	1.752906234681628483e-01	1.077561184302424646e-01	2.977480908586531139e-01	1.818362719562832130e-01	9.118757719255062011e-02	4.252931527578154153e-02	1.036520028178471720e-01
2.031863489735218764e+03	1.750481292108618803e-01	1.075803605238006139e-01	2.979058023851584025e-01	1.819277078027256023e-01	9.124558919475567187e-02	4.256686562605096341e-02	1.037255452561678531e-01
2.036701259948874394e+03	1.748071148501865735e-01	1.074056249523787643e-01	2.980625890049665161e-01	1.820186668751966330e-01	9.130322213887519245e-02	4.260417243552141325e-02	1.037986097423958531e-01
2.041539030162529116e+03	1.745675713026632048e-01	1.072319057711703938e-01	2.982184561058536798e-01	1.821091519797995717e-01	9.136047836970614955e-02	4.264123724881897781e-02	1.038711992215090307e-01
2.046376800376184747e+03	1.743294895405604894e-01	1.070591970699533296e-01	2.983734090442564657e-01	1.821991659056857449e-01	9.141736021795202061e-02	4.267806160005525179e-02	1.039433166210577408e-01
2.051214570589840150e+03	1.740928605915490757e-01	1.068874929728884371e-01	2.985274531454544800e-01	1.822887114251574014e-01	9.147387000029909288e-02	4.271464701292156108e-02	1.040149648512509462e-01
2.056052340803495554e+03	1.738576755383631489e-01	1.067167876383195435e-01	2.986805937037514957e-01	1.823777912937700474e-01	9.153001001949255533e-02	4.275099500078168718e-02	1.040861468050424676e-01
2.060890111017150957e+03	1.736239255184639230e-01	1.065470752585744030e-01	2.988328359826555869e-01	1.824664082504340035e-01	9.158578256441241017e-02	4.278710706676325942e-02	1.041568653582172765e-01
2.065727881230805451e+03	1.733916017237052687e-01	1.063783500597669240e-01	2.989841852150585400e-01	1.825545650175155465e-01	9.164118991014916227e-02	4.282298470384764827e-02	1.042271233694777727e-01
2.070565651444461309e+03	1.731606954000012855e-01	1.062106063016005353e-01	2.991346466034135454e-01	1.826422643009371627e-01	9.169623431807950864e-02	4.285862939495862362e-02	1.042969236805302569e-01
2.075403421658116713e+03	1.729311978469958433e-01	1.060438382771726196e-01	2.992842253199125557e-01	1.827295087902774118e-01	9.175091803594159767e-02	4.289404261304961136e-02	1.043662691161712508e-01
2.080241191871772116e+03	1.727031004177341511e-01	1.058780403127801695e-01	2.994329265066622558e-01	1.828163011588703202e-01	9.180524329791026061e-02	4.292922582118972180e-02	1.044351624843739557e-01
2.085078962085427065e+03	1.724763945183363234e-01	1.057132067677266224e-01	2.995807552758591452e-01	1.829026440639036633e-01	9.185921232467192388e-02	4.296418047264850132e-02	1.045036065763745581e-01
2.089916732299082469e+03	1.722510716076728343e-01	1.055493320341296254e-01	2.997277167099634543e-01	1.829885401465172479e-01	9.191282732349942419e-02	4.299890801097941417e-02	1.045716041667587165e-01
2.094754502512737417e+03	1.720271231970418868e-01	1.053864105367301462e-01	2.998738158618721172e-01	1.830739920319001124e-01	9.196609048832647682e-02	4.303340987010219332e-02	1.046391580135477561e-01
2.099592272726392821e+03	1.718045408498488635e-01	1.052244367327025004e-01	3.000190577550908011e-01	1.831590023293874492e-01	9.201900399982204659e-02	4.306768747438400463e-02	1.047062708582849888e-01
2.104430042940048224e+03	1.715833161812875540e-01	1.050634051114656548e-01	3.001634473839048245e-01	1.832435736325568887e-01	9.207157002546437208e-02	4.310174223871941768e-02	1.047729454261218801e-01
2.109267813153704083e+03	1.713634408580234914e-01	1.049033101944955443e-01	3.003069897135491328e-01	1.833277085193240341e-01	9.212379071961487864e-02	4.313557556860930786e-02	1.048391844259041888e-01
2.114105583367359031e+03	1.711449065978788153e-01	1.047441465351383744e-01	3.004496896803774408e-01	1.834114095520376075e-01	9.217566822359173073e-02	4.316918886023866225e-02	1.049049905502579122e-01
2.118943353581013525e+03	1.709277051695195226e-01	1.045859087184253106e-01	3.005915521920301536e-01	1.834946792775738467e-01	9.222720466574318987e-02	4.320258350055327518e-02	1.049703664756752447e-01
2.123781123794669384e+03	1.707118283921442436e-01	1.044285913608879041e-01	3.007325821276012334e-01	1.835775202274305962e-01	9.227840216152079222e-02	4.323576086733545154e-02	1.050353148626003291e-01
2.128618894008324787e+03	1.704972681351750174e-01	1.042721891103748355e-01	3.008727843378044553e-01	1.836599349178205109e-01	9.232926281355213760e-02	4.326872232927866935e-02	1.050998383555149102e-01
2.133456664221980191e+03	1.702840163179500099e-01	1.041166966458696025e-01	3.010121636451384974e-01	1.837419258497638430e-01	9.237978871171352580e-02	4.330146924606122216e-02	1.051639395830238632e-01
2.138294434435635139e+03	1.700720649094178694e-01	1.039621086773093311e-01	3.011507248440509765e-01	1.838234955091807288e-01	9.242998193320230149e-02	4.333400296841890403e-02	1.052276211579404736e-01
2.143132204649290543e+03	1.698614059278341082e-01	1.038084199454045869e-01	3.012884727011016506e-01	1.839046463669828102e-01	9.247984454260887999e-02	4.336632483821677153e-02	1.052908856773717428e-01
2.147969974862945492e+03	1.696520314404593166e-01	1.036556252214602819e-01	3.014254119551246780e-01	1.839853808791644119e-01	9.252937859198864801e-02	4.339843618851987883e-02	1.053537357228032934e-01
2.152807745076601350e+03	1.694439335632590138e-01	1.035037193071976502e-01	3.015615473173899885e-01	1.840657014868929686e-01	9.257858612093339268e-02	4.343033834366322177e-02	1.054161738601842729e-01
2.157645515290255844e+03	1.692371044606056085e-01	1.033526970345771123e-01	3.016968834717633774e-01	1.841456106165991480e-01	9.262746915664260561e-02	4.346203261932066880e-02	1.054782026400119810e-01
2.162483285503912157e+03	1.690315363449818309e-01	1.032025532656224154e-01	3.018314250748661554e-01	1.842251106800662230e-01	9.267602971399449552e-02	4.349352032257311484e-02	1.055398245974163152e-01
2.167321055717567106e+03	1.688272214766862178e-01	1.030532828922455374e-01	3.019651767562335221e-01	1.843042040745190013e-01	9.272426979561662619e-02	4.352480275197570525e-02	1.056010422522439957e-01
2.172158825931222509e+03	1.686241521635402918e-01	1.029048808360728123e-01	3.020981431184720511e-01	1.843828931827122541e-01	9.277219139195630460e-02	4.355588119762426880e-02	1.056618581091425951e-01
2.176996596144877003e+03	1.684223207605974604e-01	1.027573420482719296e-01	3.022303287374165093e-01	1.844611803730185073e-01	9.281979648135081640e-02	4.358675694122091798e-02	1.057222746576443884e-01
2.181834366358532861e+03	1.682217196698536921e-01	1.026106615093800717e-01	3.023617381622856204e-01	1.845390679995153604e-01	9.286708703009716181e-02	4.361743125613881666e-02	1.057822943722498271e-01
2.186672136572187810e+03	1.680223413399599963e-01	1.024648342291328840e-01	3.024923759158366643e-01	1.846165584020722783e-01	9.291406499252158335e-02	4.364790540748621217e-02	1.058419197125109595e-01
2.191509906785843214e+03	1.678241782659366799e-01	1.023198552462946664e-01	3.026222464945194646e-01	1.846936539064367444e-01	9.296073231104889922e-02	4.367818065216966250e-02	1.059011531231144609e-01
2.196347676999498617e+03	1.676272229888891296e-01	1.021757196284893005e-01	3.027513543686295439e-01	1.847703568243201921e-01	9.300709091627137881e-02	4.370825823895651413e-02	1.059599970339644981e-01
2.201185447213154021e+03	1.674314680957256218e-01	1.020324224720323414e-01	3.028797039824601689e-01	1.848466694534829924e-01	9.305314272701743772e-02	4.373813940853663040e-02	1.060184538602653437e-01
2.206023217426809424e+03	1.672369062188765465e-01	1.018899589017640411e-01	3.030072997544536739e-01	1.849225940778192467e-01	9.309888965041994424e-02	4.376782539358343299e-02	1.060765260026036161e-01
2.210860987640464373e+03	1.670435300360155750e-01	1.017483240708833420e-01	3.031341460773516738e-01	1.849981329674409980e-01	9.314433358198428992e-02	4.379731741881421475e-02	1.061342158470303804e-01
2.215698757854119776e+03	1.668513322697822709e-01	1.016075131607827586e-01	3.032602473183447778e-01	1.850732883787617744e-01	9.318947640565614088e-02	4.382661670104971707e-02	1.061915257651429439e-01
2.220536528067775180e+03	1.666603056875066990e-01	1.014675213808843568e-01	3.033856078192211370e-01	1.851480625545798842e-01	9.323431999388888392e-02	4.385572444927308272e-02	1.062484581141663331e-01
2.225374298281430583e+03	1.664704431009353947e-01	1.013283439684766474e-01	3.035102318965141044e-01	1.852224577241609327e-01	9.327886620771069781e-02	4.388464186468812867e-02	1.063050152370344920e-01
2.230212068495085077e+03	1.662817373659591369e-01	1.011899761885523275e-01	3.036341238416491728e-01	1.852964761033200625e-01	9.332311689679144429e-02	4.391337014077694584e-02	1.063611994624712315e-01
2.235049838708740936e+03	1.660941813823424706e-01	1.010524133336470898e-01	3.037572879210902466e-01	1.853701198945035822e-01	9.336707389950918423e-02	4.394191046335686052e-02	1.064170131050709012e-01
2.239887608922396339e+03	1.659077680934546717e-01	1.009156507236793204e-01	3.038797283764844703e-01	1.854433912868701240e-01	9.341073904301629149e-02	4.397026401063677120e-02	1.064724584653786582e-01
2.244725379136052197e+03	1.657224904860025438e-01	1.007796837057907680e-01	3.040014494248068355e-01	1.855162924563712734e-01	9.345411414330545563e-02	4.399843195327287487e-02	1.065275378299705422e-01
2.249563149349706237e+03	1.655383415897646038e-01	1.006445076541880174e-01	3.041224552585037322e-01	1.855888255658317831e-01	9.349720100527518507e-02	4.402641545442376875e-02	1.065822534715332170e-01
2.254400919563362095e+03	1.653553144773271810e-01	1.005101179699850744e-01	3.042427500456353906e-01	1.856609927650292313e-01	9.354000142279508823e-02	4.405421566980499692e-02	1.066366076489433934e-01
2.259238689777017044e+03	1.651734022638217669e-01	1.003765100810467131e-01	3.043623379300178788e-01	1.857327961907732639e-01	9.358251717877089093e-02	4.408183374774295171e-02	1.066906026073469321e-01
2.264076459990672902e+03	1.649925981066643621e-01	1.002436794418327948e-01	3.044812230313642121e-01	1.858042379669841981e-01	9.362475004520896815e-02	4.410927082922824760e-02	1.067442405782376563e-01
