1.001418434226643626e+03	2.845517458537165090e-01	1.722727903537876748e-01	2.335666677291557414e-01	1.421907169331260989e-01	6.953328538769962264e-02	2.768385579058025084e-02	7.020093795188973862e-02
1.003837319333471214e+03	2.841173519043383444e-01	1.720031023764644340e-01	2.338588997635796252e-01	1.423731609195412473e-01	6.960922864216449735e-02	2.772386417688051802e-02	7.031439221698691788e-02
1.006256204440298802e+03	2.836842063449839246e-01	1.717341894941828706e-01	2.341502776363839633e-01	1.425550727309904675e-01	6.968495149685965950e-02	2.776377160899780663e-02	7.042753068755683299e-02
1.008675089547126618e+03	2.832523055846431492e-01	1.714660494768376342e-01	2.344408038113321990e-01	1.427364540079569255e-01	6.976045461657637281e-02	2.780357836482972092e-02	7.054035413777957897e-02
1.011093974653954206e+03	2.828216460426701273e-01	1.711986801007670533e-01	2.347304807450965036e-01	1.429173063847148928e-01	6.983573866377935924e-02	2.784328472146080716e-02	7.065286334146682334e-02
1.013512859760782021e+03	2.823922241487529794e-01	1.709320791487342617e-01	2.350193108872782322e-01	1.430976314893683821e-01	6.991080429861917800e-02	2.788289095516529453e-02	7.076505907203727019e-02
1.015931744867609382e+03	2.819640363428834173e-01	1.706662444099081577e-01	2.353072966804282962e-01	1.432774309438889782e-01	6.998565217894452128e-02	2.792239734140979437e-02	7.087694210249241566e-02
1.018350629974437197e+03	2.815370790753265462e-01	1.704011736798446142e-01	2.355944405600675362e-01	1.434567063641535856e-01	7.006028296031439895e-02	2.796180415485599591e-02	7.098851320539283083e-02
1.020769515081264785e+03	2.811113488065909993e-01	1.701368647604676876e-01	2.358807449547069834e-01	1.436354593599815377e-01	7.013469729601017055e-02	2.800111166936336549e-02	7.109977315283477761e-02
1.023188400188092373e+03	2.806868420073985737e-01	1.698733154600507722e-01	2.361662122858680657e-01	1.438136915351715395e-01	7.020889583704754966e-02	2.804032015799180419e-02	7.121072271642728269e-02
1.025607285294920075e+03	2.802635551586544760e-01	1.696105235931979760e-01	2.364508449681027302e-01	1.439914044875381105e-01	7.028287923218835831e-02	2.807942989300431583e-02	7.132136266726955831e-02
1.028026170401747549e+03	2.798414847514177350e-01	1.693484869808255799e-01	2.367346454090136221e-01	1.441685998089477505e-01	7.035664812795230927e-02	2.811844114586964372e-02	7.143169377592890890e-02
1.030445055508575479e+03	2.794206272868710039e-01	1.690872034501432752e-01	2.370176160092740680e-01	1.443452790853546330e-01	7.043020316862864949e-02	2.815735418726491440e-02	7.154171681241890124e-02
1.032863940615402726e+03	2.790009792762915830e-01	1.688266708346358169e-01	2.372997591626480884e-01	1.445214438968359660e-01	7.050354499628769256e-02	2.819616928707825015e-02	7.165143254617806212e-02
1.035282825722230655e+03	2.785825372410211109e-01	1.685668869740445386e-01	2.375810772560102702e-01	1.446970958176271860e-01	7.057667425079214296e-02	2.823488671441137798e-02	7.176084174604883958e-02
1.037701710829058356e+03	2.781652977124366988e-01	1.683078497143489227e-01	2.378615726693656396e-01	1.448722364161564025e-01	7.064959156980851751e-02	2.827350673758223173e-02	7.186994518025695278e-02
1.040120595935886058e+03	2.777492572319215092e-01	1.680495569077483098e-01	2.381412477758695911e-01	1.450468672550788984e-01	7.072229758881830308e-02	2.831202962412752988e-02	7.197874361639122753e-02
1.042539481042713533e+03	2.773344123508352244e-01	1.677920064126436350e-01	2.384201049418474272e-01	1.452209898913111308e-01	7.079479294112908661e-02	2.835045564080533945e-02	7.208723782138358460e-02
1.044958366149541234e+03	2.769207596304850694e-01	1.675351960936191376e-01	2.386981465268142311e-01	1.453946058760642590e-01	7.086707825788554627e-02	2.838878505359765034e-02	7.219542856148959686e-02
1.047377251256368709e+03	2.765082956420966687e-01	1.672791238214242360e-01	2.389753748834944069e-01	1.455677167548775908e-01	7.093915416808041496e-02	2.842701812771291497e-02	7.230331660226925472e-02
1.049796136363196410e+03	2.760970169667851803e-01	1.670237874729554872e-01	2.392517923578413030e-01	1.457403240676514999e-01	7.101102129856529110e-02	2.846515512758858446e-02	7.241090270856816169e-02
1.052215021470024112e+03	2.756869201955262083e-01	1.667691849312385177e-01	2.395274012890566961e-01	1.459124293486801227e-01	7.108268027406133838e-02	2.850319631689363434e-02	7.251818764449899368e-02
1.054633906576851814e+03	2.752780019291271585e-01	1.665153140854100100e-01	2.398022040096102758e-01	1.460840341266837206e-01	7.115413171716993002e-02	2.854114195853105912e-02	7.262517217342340237e-02
1.057052791683679516e+03	2.748702587781984841e-01	1.662621728306997171e-01	2.400762028452590180e-01	1.462551399248406270e-01	7.122537624838320980e-02	2.857899231464039805e-02	7.273185705793416833e-02
1.059471676790506763e+03	2.744636873631248752e-01	1.660097590684127544e-01	2.403494001150665305e-01	1.464257482608190553e-01	7.129641448609450038e-02	2.861674764660021575e-02	7.283824305983763181e-02
1.061890561897334692e+03	2.740582843140370040e-01	1.657580707059116976e-01	2.406217981314224819e-01	1.465958606468084902e-01	7.136724704660871166e-02	2.865440821503056554e-02	7.294433094013662300e-02
1.064309447004162394e+03	2.736540462707828247e-01	1.655071056565987075e-01	2.408933992000616420e-01	1.467654785895507741e-01	7.143787454415256866e-02	2.869197427979547355e-02	7.305012145901353116e-02
1.066728332110990095e+03	2.732509698828994860e-01	1.652568618398980171e-01	2.411642056200831719e-01	1.469346035903708880e-01	7.150829759088481175e-02	2.872944610000538468e-02	7.315561537581377616e-02
1.069147217217817570e+03	2.728490518095847417e-01	1.650073371812381950e-01	2.414342196839697752e-01	1.471032371452074272e-01	7.157851679690627189e-02	2.876682393401961205e-02	7.326081344902959924e-02
1.071566102324645271e+03	2.724482887196688075e-01	1.647585296120344656e-01	2.417034436776066830e-01	1.472713807446429102e-01	7.164853277026993206e-02	2.880410803944874823e-02	7.336571643628410355e-02
1.073984987431472746e+03	2.720486772915864937e-01	1.645104370696713614e-01	2.419718798803007220e-01	1.474390358739336437e-01	7.171834611699075268e-02	2.884129867315712165e-02	7.347032509431561387e-02
1.076403872538300675e+03	2.716502142133488951e-01	1.642630574974851543e-01	2.422395305647992436e-01	1.476062040130392550e-01	7.178795744105556653e-02	2.887839609126517659e-02	7.357464017896235553e-02
1.078822757645127922e+03	2.712528961825159124e-01	1.640163888447463136e-01	2.425063979973090533e-01	1.477728866366522509e-01	7.185736734443287643e-02	2.891540054915189145e-02	7.367866244514741092e-02
1.081241642751955851e+03	2.708567199061677200e-01	1.637704290666423257e-01	2.427724844375152291e-01	1.479390852142269119e-01	7.192657642708241705e-02	2.895231230145715873e-02	7.378239264686391186e-02
1.083660527858783553e+03	2.704616821008775651e-01	1.635251761242602075e-01	2.430377921386000506e-01	1.481048012100081579e-01	7.199558528696485549e-02	2.898913160208416856e-02	7.388583153716066221e-02
1.086079412965611255e+03	2.700677794926839015e-01	1.632806279845694097e-01	2.433023233472614844e-01	1.482700360830600528e-01	7.206439452005122814e-02	2.902585870420177488e-02	7.398897986812782990e-02
1.088498298072438729e+03	2.696750088170628001e-01	1.630367826204043580e-01	2.435660803037320576e-01	1.484347912872940878e-01	7.213300472033240540e-02	2.906249386024685119e-02	7.409183839088312462e-02
1.090917183179266431e+03	2.692833668189004159e-01	1.627936380104476055e-01	2.438290652417974547e-01	1.485990682714970756e-01	7.220141647982844524e-02	2.909903732192664280e-02	7.419440785555803108e-02
1.093336068286093905e+03	2.688928502524656761e-01	1.625511921392124859e-01	2.440912803888150850e-01	1.487628684793590450e-01	7.226963038859783584e-02	2.913548934022109488e-02	7.429668901128451408e-02
1.095754953392921607e+03	2.685034558813827466e-01	1.623094429970261821e-01	2.443527279657325690e-01	1.489261933495005241e-01	7.233764703474675206e-02	2.917185016538518735e-02	7.439868260618184848e-02
1.098173838499749309e+03	2.681151804786039428e-01	1.620683885800126289e-01	2.446134101871062227e-01	1.490890443154998246e-01	7.240546700443810380e-02	2.920812004695125252e-02	7.450038938734376837e-02
1.100592723606577010e+03	2.677280208263825845e-01	1.618280268900757213e-01	2.448733292611195433e-01	1.492514228059200754e-01	7.247309088190065363e-02	2.924429923373126489e-02	7.460181010082585218e-02
1.103011608713404712e+03	2.673419737162457954e-01	1.615883559348822995e-01	2.451324873896015277e-01	1.494133302443357847e-01	7.254051924943796803e-02	2.928038797381916566e-02	7.470294549163315756e-02
1.105430493820231959e+03	2.669570359489675249e-01	1.613493737278453299e-01	2.453908867680449080e-01	1.495747680493594578e-01	7.260775268743727140e-02	2.931638651459312142e-02	7.480379630370813382e-02
1.107849378927059888e+03	2.665732043345416247e-01	1.611110782881071402e-01	2.456485295856244422e-01	1.497357376346676594e-01	7.267479177437836946e-02	2.935229510271782430e-02	7.490436327991868704e-02
1.110268264033887590e+03	2.661904756921550930e-01	1.608734676405226827e-01	2.459054180252152610e-01	1.498962404090270761e-01	7.274163708684233676e-02	2.938811398414674023e-02	7.500464716204664761e-02
1.112687149140715292e+03	2.658088468501612067e-01	1.606365398156427704e-01	2.461615542634107145e-01	1.500562777763202738e-01	7.280828919952023193e-02	2.942384340412437099e-02	7.510464869077627947e-02
1.115106034247542766e+03	2.654283146460528764e-01	1.604002928496976454e-01	2.464169404705408017e-01	1.502158511355711490e-01	7.287474868522171578e-02	2.945948360718851633e-02	7.520436860568320558e-02
1.117524919354370468e+03	2.650488759264360006e-01	1.601647247845801592e-01	2.466715788106900731e-01	1.503749618809702149e-01	7.294101611488357229e-02	2.949503483717249436e-02	7.530380764522340287e-02
1.119943804461197942e+03	2.646705275470032093e-01	1.599298336678293408e-01	2.469254714417154772e-01	1.505336114018996918e-01	7.300709205757824338e-02	2.953049733720736897e-02	7.540296654672257182e-02
1.122362689568025871e+03	2.642932663725071074e-01	1.596956175526140498e-01	2.471786205152645133e-01	1.506918010829582932e-01	7.307297708052218344e-02	2.956587134972418415e-02	7.550184604636561714e-02
1.124781574674853118e+03	2.639170892767339627e-01	1.594620744977162941e-01	2.474310281767930775e-01	1.508495323039858171e-01	7.313867174908425528e-02	2.960115711645616363e-02	7.560044687918637818e-02
1.127200459781681047e+03	2.635419931424776707e-01	1.592292025675150768e-01	2.476826965655831159e-01	1.510068064400874877e-01	7.320417662679398751e-02	2.963635487844091740e-02	7.569876977905760917e-02
1.129619344888508749e+03	2.631679748615133874e-01	1.589969998319699651e-01	2.479336278147607209e-01	1.511636248616582412e-01	7.326949227534983178e-02	2.967146487602262406e-02	7.579681547868115377e-02
1.132038229995336451e+03	2.627950313345712718e-01	1.587654643666047694e-01	2.481838240513135896e-01	1.513199889344065130e-01	7.333461925462728126e-02	2.970648734885421999e-02	7.589458470957827219e-02
1.134457115102163925e+03	2.624231594713107851e-01	1.585345942524913898e-01	2.484332873961088428e-01	1.514759000193780514e-01	7.339955812268694757e-02	2.974142253589957124e-02	7.599207820208030151e-02
1.136876000208991627e+03	2.620523561902945442e-01	1.583043875762336905e-01	2.486820199639106221e-01	1.516313594729794545e-01	7.346430943578258210e-02	2.977627067543563502e-02	7.608929668531939916e-02
1.139294885315819101e+03	2.616826184189623983e-01	1.580748424299512345e-01	2.489300238633976037e-01	1.517863686470013740e-01	7.352887374836912515e-02	2.981103200505462458e-02	7.618624088721955012e-02
1.141713770422646803e+03	2.613139430936058383e-01	1.578459569112632965e-01	2.491773011971806506e-01	1.519409288886418019e-01	7.359325161311053298e-02	2.984570676166614298e-02	7.628291153448775452e-02
1.144132655529474505e+03	2.609463271593419065e-01	1.576177291232727928e-01	2.494238540618202160e-01	1.520950415405288025e-01	7.365744358088763266e-02	2.988029518149932021e-02	7.637930935260540954e-02
1.146551540636302207e+03	2.605797675700878835e-01	1.573901571745503769e-01	2.496696845478437454e-01	1.522487079407433552e-01	7.372145020080593525e-02	2.991479750010495736e-02	7.647543506581988559e-02
1.148970425743129908e+03	2.602142612885357531e-01	1.571632391791183692e-01	2.499147947397630798e-01	1.524019294228417254e-01	7.378527202020333797e-02	2.994921395235763256e-02	7.657128939713628291e-02
1.151389310849957155e+03	2.598498052861263341e-01	1.569369732564350195e-01	2.501591867160917748e-01	1.525547073158779465e-01	7.384890958465779864e-02	2.998354477245781732e-02	7.666687306830943793e-02
1.153808195956785084e+03	2.594863965430243002e-01	1.567113575313786866e-01	2.504028625493625038e-01	1.527070429444258026e-01	7.391236343799495456e-02	3.001779019393397557e-02	7.676218679983598525e-02
1.156227081063612786e+03	2.591240320480925341e-01	1.564863901342318508e-01	2.506458243061439606e-01	1.528589376286008383e-01	7.397563412229564428e-02	3.005195044964466614e-02	7.685723131094669702e-02
1.158645966170440488e+03	2.587627087988670915e-01	1.562620692006655987e-01	2.508880740470583737e-01	1.530103926840820361e-01	7.403872217790345711e-02	3.008602577178061399e-02	7.695200731959898899e-02
1.161064851277267962e+03	2.584024238015318886e-01	1.560383928717237745e-01	2.511296138267984368e-01	1.531614094221334654e-01	7.410162814343211612e-02	3.012001639186681276e-02	7.704651554246962075e-02
1.163483736384095664e+03	2.580431740708936106e-01	1.558153592938074927e-01	2.513704456941445176e-01	1.533119891496255438e-01	7.416435255577288888e-02	3.015392254076456821e-02	7.714075669494747933e-02
1.165902621490923138e+03	2.576849566303567318e-01	1.555929666186594007e-01	2.516105716919814772e-01	1.534621331690563528e-01	7.422689595010195651e-02	3.018774444867357298e-02	7.723473149112662639e-02
1.168321506597751068e+03	2.573277685118984803e-01	1.553712130033482186e-01	2.518499938573158237e-01	1.536118427785725660e-01	7.428925885988763023e-02	3.022148234513395010e-02	7.732844064379948423e-02
1.170740391704578315e+03	2.569716067560439687e-01	1.551500966102532242e-01	2.520887142212926424e-01	1.537611192719902653e-01	7.435144181689756770e-02	3.025513645902831034e-02	7.742188486445014672e-02
1.173159276811406244e+03	2.566164684118415473e-01	1.549296156070488206e-01	2.523267348092123052e-01	1.539099639388157581e-01	7.441344535120603121e-02	3.028870701858377493e-02	7.751506486324793999e-02
1.175578161918233945e+03	2.562623505368378241e-01	1.547097681666890490e-01	2.525640576405474569e-01	1.540583780642658385e-01	7.447526999120092361e-02	3.032219425137401211e-02	7.760798134904103862e-02
1.177997047025061647e+03	2.559092501970532396e-01	1.544905524673923503e-01	2.528006847289598347e-01	1.542063629292882987e-01	7.453691626359087996e-02	3.035559838432125984e-02	7.770063502935034561e-02
1.180415932131889122e+03	2.555571644669572540e-01	1.542719666926261335e-01	2.530366180823168665e-01	1.543539198105819965e-01	7.459838469341227574e-02	3.038891964369832763e-02	7.779302661036344158e-02
1.182834817238716823e+03	2.552060904294440324e-01	1.540540090310916488e-01	2.532718597027082685e-01	1.545010499806168114e-01	7.465967580403622128e-02	3.042215825513061231e-02	7.788515679692870064e-02
1.185253702345544298e+03	2.548560251758079653e-01	1.538366776767086386e-01	2.535064115864630319e-01	1.546477547076535175e-01	7.472079011717547292e-02	3.045531444359808257e-02	7.797702629254964213e-02
1.187672587452371999e+03	2.545069658057192430e-01	1.536199708286002108e-01	2.537402757241656315e-01	1.547940352557634347e-01	7.478172815289124697e-02	3.048838843343728081e-02	7.806863579937929620e-02
1.190091472559199701e+03	2.541589094271995974e-01	1.534038866910777676e-01	2.539734541006727908e-01	1.549398928848479406e-01	7.484249042960011700e-02	3.052138044834329378e-02	7.815998601821484704e-02
1.192510357666027403e+03	2.538118531565980995e-01	1.531884234736259065e-01	2.542059486951299130e-01	1.550853288506577055e-01	7.490307746408073064e-02	3.055429071137173019e-02	7.825107764849230374e-02
1.194929242772855105e+03	2.534657941185669561e-01	1.529735793908872654e-01	2.544377614809875121e-01	1.552303444048120096e-01	7.496348977148052650e-02	3.058711944494069135e-02	7.834191138828140721e-02
1.197348127879682352e+03	2.531207294460376400e-01	1.527593526626477571e-01	2.546688944260175336e-01	1.553749407948176731e-01	7.502372786532247873e-02	3.061986687083271749e-02	7.843248793428059251e-02
1.199767012986510281e+03	2.527766562801965766e-01	1.525457415138214146e-01	2.548993494923298964e-01	1.555191192640879849e-01	7.508379225751163344e-02	3.065253321019674460e-02	7.852280798181221488e-02
1.202185898093337983e+03	2.524335717704613846e-01	1.523327441744355970e-01	2.551291286363885913e-01	1.556628810519613271e-01	7.514368345834174234e-02	3.068511868355005764e-02	7.861287222481773418e-02
1.204604783200165684e+03	2.520914730744571730e-01	1.521203588796160855e-01	2.553582338090281123e-01	1.558062273937198816e-01	7.520340197650181302e-02	3.071762351078020578e-02	7.870268135585316294e-02
1.207023668306993159e+03	2.517503573579924492e-01	1.519085838695724278e-01	2.555866669554694992e-01	1.559491595206079217e-01	7.526294831908254823e-02	3.075004791114694519e-02	7.879223606608466712e-02
1.209442553413820860e+03	2.514102217950355822e-01	1.516974173895828948e-01	2.558144300153366579e-01	1.560916786598502137e-01	7.532232299158286848e-02	3.078239210328415076e-02	7.888153704528415300e-02
1.211861438520648335e+03	2.510710635676910996e-01	1.514868576899800201e-01	2.560415249226721812e-01	1.562337860346700580e-01	7.538152649791624027e-02	3.081465630520174512e-02	7.897058498182513153e-02
1.214280323627476264e+03	2.507328798661762614e-01	1.512769030261358616e-01	2.562679536059538909e-01	1.563754828643072470e-01	7.544055934041707379e-02	3.084684073428758597e-02	7.905938056267859670e-02
1.216699208734303511e+03	2.503956678887973575e-01	1.510675516584472078e-01	2.564937179881103257e-01	1.565167703640360508e-01	7.549942201984703727e-02	3.087894560730937779e-02	7.914792447340912585e-02
1.219118093841131440e+03	2.500594248419263366e-01	1.508588018523212282e-01	2.567188199865371168e-01	1.566576497451828143e-01	7.555811503540132978e-02	3.091097114041655575e-02	7.923621739817100773e-02
1.221536978947959142e+03	2.497241479399775477e-01	1.506506518781607906e-01	2.569432615131128639e-01	1.567981222151434983e-01	7.561663888471492623e-02	3.094291754914217651e-02	7.932426001970455109e-02
1.223955864054786844e+03	2.493898344053843419e-01	1.504431000113500283e-01	2.571670444742147899e-01	1.569381889774012218e-01	7.567499406386872518e-02	3.097478504840479180e-02	7.941205301933251803e-02
1.226374749161614318e+03	2.490564814685758133e-01	1.502361445322397682e-01	2.573901707707346720e-01	1.570778512315434972e-01	7.573318106739573841e-02	3.100657385251032877e-02	7.949959707695661293e-02
1.228793634268442020e+03	2.487240863679537617e-01	1.500297837261332645e-01	2.576126422980947184e-01	1.572171101732793841e-01	7.579120038828719708e-02	3.103828417515392887e-02	7.958689287105413790e-02
1.231212519375269494e+03	2.483926463498695447e-01	1.498240158832717384e-01	2.578344609462633885e-01	1.573559669944565864e-01	7.584905251799857473e-02	3.106991622942183867e-02	7.967394107867475928e-02
1.233631404482097196e+03	2.480621586686010405e-01	1.496188392988201388e-01	2.580556285997707699e-01	1.574944228830782722e-01	7.590673794645567962e-02	3.110147022779323131e-02	7.976074237543732959e-02
1.236050289588924898e+03	2.477326205863298048e-01	1.494142522728527378e-01	2.582761471377245099e-01	1.576324790233198936e-01	7.596425716206058054e-02	3.113294638214205920e-02	7.984729743552688996e-02
1.238469174695752372e+03	2.474040293731180062e-01	1.492102531103389751e-01	2.584960184338253586e-01	1.577701365955458124e-01	7.602161065169761589e-02	3.116434490373890323e-02	7.993360693169176967e-02
1.240888059802580301e+03	2.470763823068858334e-01	1.490068401211292748e-01	2.587152443563826565e-01	1.579073967763258979e-01	7.607879890073925011e-02	3.119566600325277689e-02	8.001967153524075504e-02
1.243306944909407548e+03	2.467496766733884850e-01	1.488040116199408069e-01	2.589338267683300443e-01	1.580442607384517917e-01	7.613582239305198562e-02	3.122690989075296852e-02	8.010549191604034169e-02
1.245725830016235477e+03	2.464239097661939104e-01	1.486017659263434987e-01	2.591517675272406174e-01	1.581807296509533112e-01	7.619268161100216374e-02	3.125807677571085241e-02	8.019106874251215322e-02
1.248144715123063179e+03	2.460990788866596335e-01	1.484001013647458511e-01	2.593690684853426354e-01	1.583168046791144923e-01	7.624937703546179335e-02	3.128916686700167898e-02	8.027640268163044324e-02
1.250563600229890881e+03	2.457751813439107147e-01	1.481990162643809505e-01	2.595857314895347323e-01	1.584524869844897155e-01	7.630590914581429629e-02	3.132018037290641710e-02	8.036149439891970836e-02
1.252982485336718355e+03	2.454522144548170470e-01	1.479985089592925074e-01	2.598017583814013487e-01	1.585877777249195819e-01	7.636227841996018340e-02	3.135111750111351653e-02	8.044634455845230125e-02
1.255401370443546057e+03	2.451301755439709296e-01	1.477985777883208951e-01	2.600171509972281636e-01	1.587226780545466787e-01	7.641848533432284152e-02	3.138197845872069819e-02	8.053095382284629344e-02
1.257820255550373531e+03	2.448090619436648352e-01	1.475992210950892447e-01	2.602319111680169716e-01	1.588571891238313438e-01	7.647453036385407077e-02	3.141276345223675825e-02	8.061532285326333813e-02
1.260239140657201460e+03	2.444888709938689841e-01	1.474004372279895392e-01	2.604460407195012261e-01	1.589913120795671264e-01	7.653041398203980217e-02	3.144347268758334452e-02	8.069945230940658853e-02
1.262658025764028707e+03	2.441696000422093338e-01	1.472022245401688745e-01	2.606595414721609716e-01	1.591250480648963017e-01	7.658613666090560712e-02	3.147410637009668416e-02	8.078334284951883826e-02
1.265076910870856636e+03	2.438512464439451799e-01	1.470045813895156928e-01	2.608724152412381647e-01	1.592583982193251924e-01	7.664169887102226242e-02	3.150466470452940176e-02	8.086699513038064779e-02
1.267495795977684338e+03	2.435338075619473408e-01	1.468075061386459601e-01	2.610846638367517181e-01	1.593913636787394894e-01	7.669710108151128747e-02	3.153514789505224014e-02	8.095040980730856817e-02
1.269914681084511813e+03	2.432172807666760361e-01	1.466109971548895663e-01	2.612962890635122104e-01	1.595239455754191571e-01	7.675234376005032888e-02	3.156555614525582976e-02	8.103358753415346172e-02
1.272333566191339514e+03	2.429016634361588767e-01	1.464150528102765025e-01	2.615072927211373743e-01	1.596561450380536706e-01	7.680742737287873934e-02	3.159588965815242345e-02	8.111652896329898943e-02
1.274752451298167216e+03	2.425869529559690208e-01	1.462196714815234833e-01	2.617176766040666958e-01	1.597879631917568100e-01	7.686235238480287890e-02	3.162614863617763811e-02	8.119923474566005661e-02
1.277171336404994690e+03	2.422731467192034416e-01	1.460248515500201516e-01	2.619274425015764018e-01	1.599194011580814534e-01	7.691711925920151349e-02	3.165633328119218243e-02	8.128170553068141124e-02
1.279590221511822392e+03	2.419602421264609726e-01	1.458305914018157567e-01	2.621365921977943936e-01	1.600504600550343437e-01	7.697172845803121333e-02	3.168644379448359166e-02	8.136394196633631171e-02
1.282009106618650094e+03	2.416482365858208525e-01	1.456368894276054149e-01	2.623451274717149007e-01	1.601811409970905209e-01	7.702618044183157098e-02	3.171648037676795540e-02	8.144594469912523615e-02
1.284427991725477568e+03	2.413371275128209925e-01	1.454437440227169531e-01	2.625530500972135250e-01	1.603114450952080328e-01	7.708047566973055820e-02	3.174644322819158981e-02	8.152771437407480004e-02
1.286846876832305497e+03	2.410269123304363548e-01	1.452511535870971704e-01	2.627603618430616739e-01	1.604413734568421457e-01	7.713461459944975784e-02	3.177633254833279325e-02	8.160925163473657651e-02
1.289265761939132744e+03	2.407175884690576084e-01	1.450591165252987647e-01	2.629670644729413254e-01	1.605709271859596388e-01	7.718859768730949866e-02	3.180614853620353233e-02	8.169055712318609719e-02
1.291684647045960673e+03	2.404091533664695080e-01	1.448676312464667881e-01	2.631731597454597948e-01	1.607001073830530979e-01	7.724242538823417048e-02	3.183589139025112813e-02	8.177163148002195014e-02
1.294103532152788375e+03	2.401016044678296324e-01	1.446766961643254634e-01	2.633786494141642232e-01	1.608289151451549603e-01	7.729609815575728959e-02	3.186556130835993539e-02	8.185247534436489170e-02
1.296522417259616077e+03	2.397949392256471246e-01	1.444863096971648886e-01	2.635835352275562871e-01	1.609573515658514475e-01	7.734961644202661968e-02	3.189515848785306334e-02	8.193308935385697211e-02
1.298941302366443551e+03	2.394891550997612917e-01	1.442964702678278810e-01	2.637878189291064657e-01	1.610854177352965266e-01	7.740298069780930657e-02	3.192468312549401332e-02	8.201347414466095276e-02
1.301360187473271253e+03	2.391842495573205940e-01	1.441071763036966269e-01	2.639915022572688064e-01	1.612131147402256215e-01	7.745619137249688813e-02	3.195413541748838571e-02	8.209363035145955667e-02
1.303779072580098727e+03	2.388802200727614122e-01	1.439184262366797751e-01	2.641945869454950246e-01	1.613404436639694628e-01	7.750924891411042905e-02	3.198351555948551056e-02	8.217355860745492735e-02
1.306197957686926657e+03	2.385770641277870086e-01	1.437302185031992252e-01	2.643970747222491036e-01	1.614674055864675495e-01	7.756215376930536420e-02	3.201282374658014768e-02	8.225325954436807363e-02
1.308616842793753904e+03	2.382747792113465990e-01	1.435425515441770827e-01	2.645989673110218376e-01	1.615940015842818045e-01	7.761490638337663339e-02	3.204206017331409639e-02	8.233273379243846724e-02
1.311035727900581833e+03	2.379733628196142869e-01	1.433554238050226415e-01	2.648002664303446552e-01	1.617202327306098697e-01	7.766750720026352472e-02	3.207122503367787480e-02	8.241198198042364031e-02
1.313454613007409534e+03	2.376728124559683020e-01	1.431688337356193663e-01	2.650009737938043841e-01	1.618461000952985396e-01	7.771995666255462898e-02	3.210031852111236428e-02	8.249100473559885238e-02
1.315873498114237009e+03	2.373731256309701554e-01	1.429827797903119868e-01	2.652010911100571855e-01	1.619716047448570284e-01	7.777225521149272458e-02	3.212934082851041234e-02	8.256980268375689602e-02
1.318292383221064711e+03	2.370742998623439346e-01	1.427972604278936464e-01	2.654006200828428197e-01	1.620967477424700431e-01	7.782440328697960708e-02	3.215829214821851884e-02	8.264837644920786097e-02
1.320711268327892412e+03	2.367763326749554864e-01	1.426122741115928849e-01	2.655995624109986353e-01	1.622215301480109673e-01	7.787640132758097411e-02	3.218717267203841104e-02	8.272672665477900922e-02
1.323130153434719887e+03	2.364792216007919334e-01	1.424278193090610101e-01	2.657979197884740574e-01	1.623459530180547394e-01	7.792824977053121327e-02	3.221598259122868124e-02	8.280485392181471949e-02
1.325549038541547588e+03	2.361829641789411072e-01	1.422438944923591353e-01	2.659956939043442437e-01	1.624700174058908431e-01	7.797994905173816216e-02	3.224472209650641047e-02	8.288275887017647336e-02
1.327967923648375290e+03	2.358875579555708146e-01	1.420604981379454956e-01	2.661928864428244057e-01	1.625937243615360739e-01	7.803149960578788236e-02	3.227339137804877828e-02	8.296044211824296633e-02
1.330386808755202765e+03	2.355930004839086600e-01	1.418776287266627911e-01	2.663894990832835763e-01	1.627170749317472798e-01	7.808290186594939175e-02	3.230199062549464484e-02	8.303790428291010772e-02
1.332805693862030694e+03	2.352992893242216166e-01	1.416952847437253638e-01	2.665855335002585980e-01	1.628400701600341005e-01	7.813415626417931359e-02	3.233052002794616769e-02	8.311514597959129835e-02
1.335224578968857941e+03	2.350064220437955154e-01	1.415134646787067074e-01	2.667809913634681673e-01	1.629627110866714301e-01	7.818526323112660881e-02	3.235897977397039077e-02	8.319216782221761086e-02
1.337643464075685870e+03	2.347143962169149500e-01	1.413321670255268114e-01	2.669758743378266574e-01	1.630849987487119901e-01	7.823622319613718346e-02	3.238737005160082644e-02	8.326897042323803955e-02
1.340062349182513572e+03	2.344232094248430986e-01	1.411513902824395872e-01	2.671701840834577180e-01	1.632069341799986528e-01	7.828703658725852388e-02	3.241569104833905146e-02	8.334555439361987506e-02
1.342481234289341273e+03	2.341328592558014066e-01	1.409711329520202949e-01	2.673639222557082640e-01	1.633285184111768762e-01	7.833770383124430414e-02	3.244394295115625437e-02	8.342192034284909297e-02
1.344900119396168748e+03	2.338433433049496302e-01	1.407913935411531370e-01	2.675570905051623538e-01	1.634497524697068882e-01	7.838822535355895182e-02	3.247212594649482448e-02	8.349806887893077012e-02
1.347319004502996449e+03	2.335546591743657419e-01	1.406121705610187955e-01	2.677496904776544562e-01	1.635706373798758995e-01	7.843860157838218605e-02	3.250024022026994780e-02	8.357400060838958422e-02
1.349737889609823924e+03	2.332668044730260570e-01	1.404334625270819148e-01	2.679417238142834945e-01	1.636911741628102046e-01	7.848883292861352778e-02	3.252828595787109894e-02	8.364971613627036895e-02
1.352156774716651853e+03	2.329797768167851391e-01	1.402552679590788609e-01	2.681331921514263361e-01	1.638113638364871172e-01	7.853891982587681009e-02	3.255626334416365786e-02	8.372521606613868295e-02
1.354575659823479100e+03	2.326935738283562038e-01	1.400775853810053151e-01	2.683240971207513925e-01	1.639312074157470711e-01	7.858886269052467455e-02	3.258417256349043639e-02	8.380050100008147596e-02
1.356994544930307029e+03	2.324081931372910803e-01	1.399004133211038947e-01	2.685144403492322196e-01	1.640507059123054168e-01	7.863866194164298440e-02	3.261201379967321179e-02	8.387557153870776883e-02
1.359413430037134731e+03	2.321236323799606149e-01	1.397237503118519963e-01	2.687042234591608958e-01	1.641698603347642171e-01	7.868831799705525154e-02	3.263978723601426712e-02	8.395042828114936129e-02
1.361832315143962205e+03	2.318398891995348821e-01	1.395475948899495278e-01	2.688934480681615113e-01	1.642886716886239606e-01	7.873783127332707743e-02	3.266749305529795949e-02	8.402507182506165073e-02
1.364251200250789907e+03	2.315569612459636994e-01	1.393719455963066955e-01	2.690821157892037130e-01	1.644071409762952740e-01	7.878720218577048295e-02	3.269513143979220493e-02	8.409950276662446489e-02
1.366670085357617609e+03	2.312748461759569218e-01	1.391968009760317926e-01	2.692702282306161377e-01	1.645252691971105241e-01	7.883643114844827993e-02	3.272270257125002579e-02	8.417372170054289449e-02
1.369088970464445310e+03	2.309935416529651231e-01	1.390221595784191244e-01	2.694577869960994021e-01	1.646430573473351422e-01	7.888551857417842872e-02	3.275020663091107731e-02	8.424772922004823694e-02
1.371507855571272785e+03	2.307130453471599174e-01	1.388480199569369911e-01	2.696447936847398141e-01	1.647605064201793645e-01	7.893446487453831262e-02	3.277764379950313250e-02	8.432152591689895393e-02
1.373926740678100487e+03	2.304333549354147248e-01	1.386743806692154746e-01	2.698312498910225288e-01	1.648776174058094179e-01	7.898327045986903994e-02	3.280501425724362263e-02	8.439511238138167060e-02
1.376345625784927961e+03	2.301544681012853422e-01	1.385012402770345319e-01	2.700171572048447044e-01	1.649943912913588440e-01	7.903193573927970450e-02	3.283231818384111517e-02	8.446848920231224411e-02
1.378764510891755890e+03	2.298763825349907641e-01	1.383285973463119489e-01	2.702025172115287699e-01	1.651108290609397400e-01	7.908046112065164612e-02	3.285955575849682647e-02	8.454165696703677679e-02
1.381183395998583137e+03	2.295990959333938652e-01	1.381564504470914334e-01	2.703873314918355253e-01	1.652269316956540279e-01	7.912884701064266946e-02	3.288672715990612061e-02	8.461461626143282344e-02
1.383602281105411066e+03	2.293226059999822763e-01	1.379847981535306800e-01	2.705716016219772979e-01	1.653427001736044455e-01	7.917709381469120733e-02	3.291383256625997344e-02	8.468736766991054321e-02
1.386021166212238768e+03	2.290469104448492887e-01	1.378136390438895187e-01	2.707553291736311540e-01	1.654581354699056206e-01	7.922520193702053959e-02	3.294087215524647838e-02	8.475991177541385146e-02
1.388440051319066470e+03	2.287720069846747306e-01	1.376429717005180076e-01	2.709385157139516109e-01	1.655732385566950904e-01	7.927317178064292869e-02	3.296784610405232435e-02	8.483224915942171040e-02
1.390858936425893944e+03	2.284978933427060932e-01	1.374727947098446923e-01	2.711211628055840706e-01	1.656880104031441814e-01	7.932100374736375525e-02	3.299475458936426686e-02	8.490438040194937808e-02
1.393277821532721646e+03	2.282245672487394350e-01	1.373031066623647545e-01	2.713032720066774761e-01	1.658024519754687787e-01	7.936869823778565369e-02	3.302159778737059209e-02	8.497630608154975451e-02
1.395696706639549120e+03	2.279520264391005635e-01	1.371339061526283265e-01	2.714848448708973017e-01	1.659165642369402893e-01	7.941625565131257836e-02	3.304837587376258101e-02	8.504802677531472788e-02
1.398115591746377049e+03	2.276802686566262446e-01	1.369651917792288343e-01	2.716658829474386527e-01	1.660303481478962173e-01	7.946367638615389750e-02	3.307508902373597348e-02	8.511954305887653449e-02
1.400534476853204296e+03	2.274092916506453566e-01	1.367969621447912010e-01	2.718463877810388118e-01	1.661438046657509049e-01	7.951096083932844560e-02	3.310173741199243236e-02	8.519085550640924376e-02
1.402953361960032225e+03	2.271390931769602106e-01	1.366292158559602454e-01	2.720263609119902837e-01	1.662569347450059964e-01	7.955810940666854791e-02	3.312832121274096597e-02	8.526196469063013206e-02
1.405372247066859927e+03	2.268696709978278714e-01	1.364619515233891911e-01	2.722058038761535070e-01	1.663697393372611522e-01	7.960512248282403114e-02	3.315484059969940611e-02	8.533287118280122319e-02
1.407791132173687402e+03	2.266010228819415051e-01	1.362951677617279533e-01	2.723847182049695670e-01	1.664822193912244286e-01	7.965200046126622024e-02	3.318129574609582355e-02	8.540357555273082879e-02
1.410210017280515103e+03	2.263331466044118667e-01	1.361288631896116486e-01	2.725631054254730734e-01	1.665943758527227148e-01	7.969874373429190750e-02	3.320768682466996441e-02	8.547407836877506104e-02
1.412628902387342805e+03	2.260660399467487869e-01	1.359630364296491867e-01	2.727409670603045955e-01	1.667062096647120850e-01	7.974535269302732154e-02	3.323401400767471425e-02	8.554438019783945635e-02
1.415047787494170507e+03	2.257997006968427700e-01	1.357976861084116138e-01	2.729183046277235403e-01	1.668177217672881241e-01	7.979182772743206864e-02	3.326027746687747200e-02	8.561448160538057128e-02
1.417466672600997981e+03	2.255341266489463981e-01	1.356328108564208434e-01	2.730951196416205873e-01	1.669289130976961411e-01	7.983816922630299073e-02	3.328647737356161401e-02	8.568438315540764794e-02
1.419885557707825683e+03	2.252693156036562339e-01	1.354684093081382212e-01	2.732714136115301229e-01	1.670397845903413836e-01	7.988437757727813449e-02	3.331261389852790272e-02	8.575408541048427924e-02
1.422304442814653157e+03	2.250052653678943637e-01	1.353044801019530341e-01	2.734471880426431745e-01	1.671503371767991408e-01	7.993045316684059542e-02	3.333868721209588132e-02	8.582358893173012981e-02
1.424723327921481086e+03	2.247419737548903007e-01	1.351410218801714080e-01	2.736224444358195118e-01	1.672605717858247909e-01	7.997639638032236209e-02	3.336469748410529623e-02	8.589289427882267070e-02
1.427142213028308333e+03	2.244794385841626105e-01	1.349780332890047896e-01	2.737971842876004702e-01	1.673704893433638763e-01	8.002220760190820181e-02	3.339064488391750574e-02	8.596200200999895569e-02
1.429561098135136262e+03	2.242176576815009814e-01	1.348155129785587603e-01	2.739714090902209964e-01	1.674800907725620680e-01	8.006788721463942160e-02	3.341652958041686078e-02	8.603091268205736997e-02
1.431979983241963964e+03	2.239566288789479886e-01	1.346534596028217956e-01	2.741451203316223051e-01	1.675893769937750188e-01	8.011343560041774003e-02	3.344235174201212052e-02	8.609962685035953134e-02
1.434398868348791666e+03	2.236963500147811645e-01	1.344918718196541352e-01	2.743183194954640913e-01	1.676983489245782444e-01	8.015885314000902040e-02	3.346811153663782623e-02	8.616814506883206659e-02
1.436817753455619140e+03	2.234368189334949850e-01	1.343307482907764583e-01	2.744910080611368541e-01	1.678070074797769484e-01	8.020414021304707319e-02	3.349380913175567520e-02	8.623646788996852663e-02
1.439236638562446842e+03	2.231780334857829673e-01	1.341700876817589483e-01	2.746631875037742754e-01	1.679153535714157375e-01	8.024929719803736150e-02	3.351944469435595708e-02	8.630459586483128775e-02
1.441655523669274316e+03	2.229199915285197953e-01	1.340098886620099961e-01	2.748348592942653768e-01	1.680233881087882797e-01	8.029432447236078962e-02	3.354501839095885840e-02	8.637252954305343899e-02
1.444074408776102018e+03	2.226626909247435004e-01	1.338501499047652088e-01	2.750060248992667322e-01	1.681311119984470470e-01	8.033922241227739458e-02	3.357053038761588504e-02	8.644026947284078055e-02
1.446493293882929493e+03	2.224061295436376706e-01	1.336908700870763911e-01	2.751766857812147360e-01	1.682385261442128355e-01	8.038399139293000983e-02	3.359598084991120143e-02	8.650781620097373892e-02
1.448912178989757422e+03	2.221503052605137696e-01	1.335320478898005259e-01	2.753468433983375929e-01	1.683456314471842852e-01	8.042863178834802618e-02	3.362136994296301140e-02	8.657517027280943467e-02
1.451331064096585123e+03	2.218952159567935123e-01	1.333736819975887555e-01	2.755164992046674199e-01	1.684524288057474006e-01	8.047314397145095832e-02	3.364669783142491821e-02	8.664233223228368086e-02
1.453749949203412370e+03	2.216408595199911846e-01	1.332157710988755017e-01	2.756856546500525695e-01	1.685589191155850430e-01	8.051752831405219191e-02	3.367196467948724986e-02	8.670930262191298143e-02
1.456168834310240300e+03	2.213872338436961018e-01	1.330583138858675296e-01	2.758543111801692316e-01	1.686651032696862007e-01	8.056178518686249457e-02	3.369717065087845381e-02	8.677608198279665452e-02
1.458587719417068001e+03	2.211343368275550669e-01	1.329013090545330400e-01	2.760224702365339788e-01	1.687709821583554537e-01	8.060591495949374907e-02	3.372231590886640845e-02	8.684267085461890023e-02
1.461006604523895703e+03	2.208821663772550792e-01	1.327447553045909279e-01	2.761901332565152023e-01	1.688765566692221609e-01	8.064991800046249215e-02	3.374740061625978310e-02	8.690906977565089619e-02
1.463425489630723177e+03	2.206307204045057369e-01	1.325886513394997912e-01	2.763573016733454346e-01	1.689818276872497582e-01	8.069379467719349497e-02	3.377242493540937723e-02	8.697527928275294862e-02
1.465844374737550879e+03	2.203799968270219733e-01	1.324329958664472728e-01	2.765239769161329519e-01	1.690867960947449455e-01	8.073754535602332971e-02	3.379738902820943192e-02	8.704129991137665723e-02
1.468263259844378354e+03	2.201299935685066822e-01	1.322777875963392913e-01	2.766901604098738199e-01	1.691914627713668184e-01	8.078117040220392231e-02	3.382229305609896902e-02	8.710713219556703857e-02
1.470682144951206283e+03	2.198807085586335641e-01	1.321230252437892716e-01	2.768558535754637173e-01	1.692958285941359164e-01	8.082467017990609126e-02	3.384713718006312350e-02	8.717277666796476032e-02
1.473101030058033530e+03	2.196321397330299185e-01	1.319687075271075427e-01	2.770210578297096493e-01	1.693998944374434656e-01	8.086804505222304484e-02	3.387192156063446868e-02	8.723823385980834788e-02
1.475519915164861459e+03	2.193842850332593242e-01	1.318148331682905683e-01	2.771857745853416599e-01	1.695036611730602050e-01	8.091129538117391995e-02	3.389664635789432778e-02	8.730350430093640479e-02
1.477938800271689161e+03	2.191371424068047358e-01	1.316614008930104829e-01	2.773500052510247671e-01	1.696071296701453235e-01	8.095442152770720989e-02	3.392131173147406448e-02	8.736858851978983320e-02
1.480357685378516862e+03	2.188907098070513035e-01	1.315084094306042672e-01	2.775137512313704535e-01	1.697103007952555365e-01	8.099742385170431713e-02	3.394591784055640826e-02	8.743348704341416533e-02
1.482776570485344337e+03	2.186449851932694977e-01	1.313558575140633122e-01	2.776770139269483795e-01	1.698131754123538562e-01	8.104030271198288393e-02	3.397046484387678672e-02	8.749820039746177003e-02
