1.001418434226643626e+03	2.850537397830494868e-01	1.712334762280880718e-01	2.336503926033376144e-01	1.423073836659542735e-01	6.962378401857953480e-02	2.781638157658067323e-02	7.031484212436539538e-02
1.002869765290740247e+03	2.847915996280609430e-01	1.710730655726696581e-01	2.338256876454707367e-01	1.424169274621637504e-01	6.966931722343946976e-02	2.784048497875325073e-02	7.038291748939719261e-02
1.004321096354836754e+03	2.845299125697884901e-01	1.709129321911967148e-01	2.340006746550134520e-01	1.425262791514887439e-01	6.971477094143133102e-02	2.786455172439454217e-02	7.045087876664170301e-02
1.005772427418933376e+03	2.842686778243582180e-01	1.707530756038955766e-01	2.341753541662842386e-01	1.426354390894605251e-01	6.976014531677170172e-02	2.788858187418521636e-02	7.051872612499954229e-02
1.007223758483029997e+03	2.840078946092567946e-01	1.705934953318260783e-01	2.343497267126767591e-01	1.427444076308045096e-01	6.980544049337304713e-02	2.791257548869915950e-02	7.058645973331874324e-02
1.008675089547126618e+03	2.837475621433294681e-01	1.704341908968800834e-01	2.345237928266612759e-01	1.428531851294431720e-01	6.985065661484475552e-02	2.793653262840367288e-02	7.065407976039275728e-02
1.010126420611223239e+03	2.834876796467772908e-01	1.702751618217800134e-01	2.346975530397863718e-01	1.429617719384991270e-01	6.989579382449410960e-02	2.796045335365969844e-02	7.072158637495860878e-02
1.011577751675319632e+03	2.832282463411550655e-01	1.701164076300774597e-01	2.348710078826804493e-01	1.430701684102979876e-01	6.994085226532724409e-02	2.798433772472203040e-02	7.078897974569502149e-02
1.013029082739416367e+03	2.829692614493686253e-01	1.699579278461516019e-01	2.350441578850535063e-01	1.431783748963713632e-01	6.998583208005011713e-02	2.800818580173953382e-02	7.085626004122050348e-02
1.014480413803512761e+03	2.827107241956727246e-01	1.697997219952078196e-01	2.352170035756985522e-01	1.432863917474597459e-01	7.003073341106946792e-02	2.803199764475534581e-02	7.092342743009158457e-02
1.015931744867609382e+03	2.824526338056686514e-01	1.696417896032761663e-01	2.353895454824932454e-01	1.433942193135154253e-01	7.007555640049377421e-02	2.805577331370710456e-02	7.099048208080092903e-02
1.017383075931706003e+03	2.821949895063014524e-01	1.694841301972099812e-01	2.355617841324015582e-01	1.435018579437053743e-01	7.012030119013420992e-02	2.807951286842715055e-02	7.105742416177555920e-02
1.018834406995802851e+03	2.819377905258582118e-01	1.693267433046843906e-01	2.357337200514752484e-01	1.436093079864140531e-01	7.016496792150558881e-02	2.810321636864274164e-02	7.112425384137509299e-02
1.020285738059899245e+03	2.816810360939651092e-01	1.691696284541948370e-01	2.359053537648554966e-01	1.437165697892463789e-01	7.020955673582728040e-02	2.812688387397625778e-02	7.119097128788996753e-02
1.021737069123995752e+03	2.814247254415854216e-01	1.690127851750556354e-01	2.360766857967745436e-01	1.438236436990303901e-01	7.025406777402415370e-02	2.815051544394542651e-02	7.125757666953969061e-02
1.023188400188092373e+03	2.811688578010170247e-01	1.688562129973986969e-01	2.362477166705571341e-01	1.439305300618202443e-01	7.029850117672753473e-02	2.817411113796351729e-02	7.132407015447114751e-02
1.024639731252188767e+03	2.809134324058900622e-01	1.686999114521717247e-01	2.364184469086221818e-01	1.440372292228988549e-01	7.034285708427612249e-02	2.819767101533955656e-02	7.139045191075682473e-02
1.026091062316285615e+03	2.806584484911645583e-01	1.685438800711371032e-01	2.365888770324843515e-01	1.441437415267807776e-01	7.038713563671684936e-02	2.822119513527853590e-02	7.145672210639321398e-02
1.027542393380382237e+03	2.804039052931281417e-01	1.683881183868702891e-01	2.367590075627555302e-01	1.442500673172148751e-01	7.043133697380585256e-02	2.824468355688162721e-02	7.152288090929906361e-02
1.028993724444478858e+03	2.801498020493936592e-01	1.682326259327584506e-01	2.369288390191465477e-01	1.443562069371871759e-01	7.047546123500939008e-02	2.826813633914637691e-02	7.158892848731375491e-02
1.030445055508575479e+03	2.798961379988968989e-01	1.680774022429989967e-01	2.370983719204685924e-01	1.444621607289235110e-01	7.051950855950471497e-02	2.829155354096692110e-02	7.165486500819570614e-02
1.031896386572671872e+03	2.796429123818942597e-01	1.679224468525981340e-01	2.372676067846348769e-01	1.445679290338922340e-01	7.056347908618099130e-02	2.831493522113418676e-02	7.172069063962072111e-02
1.033347717636768493e+03	2.793901244399602524e-01	1.677677592973694509e-01	2.374365441286620804e-01	1.446735121928069412e-01	7.060737295364015453e-02	2.833828143833609994e-02	7.178640554918036543e-02
1.034799048700865114e+03	2.791377734159855017e-01	1.676133391139325579e-01	2.376051844686720704e-01	1.447789105456291914e-01	7.065119030019784141e-02	2.836159225115779392e-02	7.185200990438042612e-02
1.036250379764961508e+03	2.788858585541740820e-01	1.674591858397115329e-01	2.377735283198932625e-01	1.448841244315710597e-01	7.069493126388429194e-02	2.838486771808180348e-02	7.191750387263935729e-02
1.037701710829058356e+03	2.786343791000415182e-01	1.673052990129335893e-01	2.379415761966622855e-01	1.449891541890978575e-01	7.073859598244512659e-02	2.840810789748828349e-02	7.198288762128668417e-02
1.039153041893154750e+03	2.783833343004122884e-01	1.671516781726276879e-01	2.381093286124255914e-01	1.450940001559307690e-01	7.078218459334233159e-02	2.843131284765519975e-02	7.204816131756150432e-02
1.040604372957251599e+03	2.781327234034175477e-01	1.669983228586230106e-01	2.382767860797408155e-01	1.451986626690494053e-01	7.082569723375509163e-02	2.845448262675853365e-02	7.211332512861097499e-02
1.042055704021347992e+03	2.778825456584928522e-01	1.668452326115476558e-01	2.384439491102784137e-01	1.453031420646945238e-01	7.086913404058065025e-02	2.847761729287248689e-02	7.217837922148881424e-02
1.043507035085444613e+03	2.776328003163758273e-01	1.666924069728271951e-01	2.386108182148232726e-01	1.454074386783704431e-01	7.091249515043514251e-02	2.850071690396968616e-02	7.224332376315382998e-02
1.044958366149541234e+03	2.773834866291040036e-01	1.665398454846832021e-01	2.387773939032761528e-01	1.455115528448477635e-01	7.095578069965449708e-02	2.852378151792137398e-02	7.230815892046842108e-02
1.046409697213637855e+03	2.771346038500123732e-01	1.663875476901319761e-01	2.389436766846552429e-01	1.456154848981657812e-01	7.099899082429526886e-02	2.854681119249762380e-02	7.237288486019714806e-02
1.047861028277734476e+03	2.768861512337312258e-01	1.662355131329830427e-01	2.391096670670976310e-01	1.457192351716352086e-01	7.104212566013549945e-02	2.856980598536751695e-02	7.243750174900533134e-02
1.049312359341831097e+03	2.766381280361838169e-01	1.660837413578377664e-01	2.392753655578609973e-01	1.458228039978404500e-01	7.108518534267552202e-02	2.859276595409936464e-02	7.250200975345762189e-02
1.050763690405927491e+03	2.763905335145839803e-01	1.659322319100879628e-01	2.394407726633249189e-01	1.459261917086424054e-01	7.112817000713884952e-02	2.861569115616089884e-02	7.256640904001655790e-02
1.052215021470024112e+03	2.761433669274341307e-01	1.657809843359145385e-01	2.396058888889926186e-01	1.460293986351806350e-01	7.117107978847295180e-02	2.863858164891947000e-02	7.263069977504123254e-02
1.053666352534120733e+03	2.758966275345227648e-01	1.656299981822860201e-01	2.397707147394922966e-01	1.461324251078761627e-01	7.121391482135015771e-02	2.866143748964223095e-02	7.269488212478590616e-02
1.055117683598217127e+03	2.756503145969223523e-01	1.654792729969573328e-01	2.399352507185787964e-01	1.462352714564336964e-01	7.125667524016840448e-02	2.868425873549636240e-02	7.275895625539863243e-02
1.056569014662313975e+03	2.754044273769869489e-01	1.653288083284681353e-01	2.400994973291349643e-01	1.463379380098441818e-01	7.129936117905208426e-02	2.870704544354924295e-02	7.282292233291998151e-02
1.058020345726410369e+03	2.751589651383500312e-01	1.651786037261417373e-01	2.402634550731733432e-01	1.464404250963872167e-01	7.134197277185289066e-02	2.872979767076865379e-02	7.288678052328163848e-02
1.059471676790506763e+03	2.749139271459223322e-01	1.650286587400835725e-01	2.404271244518374484e-01	1.465427330436334385e-01	7.138451015215060980e-02	2.875251547402298685e-02	7.295053099230515425e-02
1.060923007854603611e+03	2.746693126658892870e-01	1.648789729211797839e-01	2.405905059654035449e-01	1.466448621784469941e-01	7.142697345325389746e-02	2.877519891008142178e-02	7.301417390570061339e-02
1.062374338918700232e+03	2.744251209657091461e-01	1.647295458210959462e-01	2.407536001132819237e-01	1.467468128269879546e-01	7.146936280820111176e-02	2.879784803561411671e-02	7.307770942906537115e-02
1.063825669982796853e+03	2.741813513141105885e-01	1.645803769922755677e-01	2.409164073940185113e-01	1.468485853147145637e-01	7.151167834976113191e-02	2.882046290719242690e-02	7.314113772788283230e-02
1.065277001046893474e+03	2.739380029810904449e-01	1.644314659879388407e-01	2.410789283052963972e-01	1.469501799663856800e-01	7.155392021043412154e-02	2.884304358128907120e-02	7.320445896752110493e-02
1.066728332110990095e+03	2.736950752379114782e-01	1.642828123620812819e-01	2.412411633439371927e-01	1.470515971060631921e-01	7.159608852245231969e-02	2.886559011427834373e-02	7.326767331323186250e-02
1.068179663175086489e+03	2.734525673571002180e-01	1.641344156694722334e-01	2.414031130059026697e-01	1.471528370571142663e-01	7.163818341778084575e-02	2.888810256243629429e-02	7.333078093014905319e-02
1.069630994239183110e+03	2.732104786124449625e-01	1.639862754656536137e-01	2.415647777862962864e-01	1.472539001422136784e-01	7.168020502811846273e-02	2.891058098194092263e-02	7.339378198328773417e-02
1.071082325303279504e+03	2.729688082789930026e-01	1.638383913069385855e-01	2.417261581793644087e-01	1.473547866833461173e-01	7.172215348489836828e-02	2.893302542887237622e-02	7.345667663754283649e-02
1.072533656367376352e+03	2.727275556330490125e-01	1.636907627504100571e-01	2.418872546784980315e-01	1.474554970018085442e-01	7.176402891928897188e-02	2.895543595921313065e-02	7.351946505768806872e-02
1.073984987431472746e+03	2.724867199521723293e-01	1.635433893539193773e-01	2.420480677762343047e-01	1.475560314182123578e-01	7.180583146219465807e-02	2.897781262884818743e-02	7.358214740837464019e-02
1.075436318495569594e+03	2.722463005151751214e-01	1.633962706760851424e-01	2.422085979642577547e-01	1.476563902524858640e-01	7.184756124425654977e-02	2.900015549356525085e-02	7.364472385413017852e-02
1.076887649559666215e+03	2.720062966021201123e-01	1.632494062762916420e-01	2.423688457334020330e-01	1.477565738238762749e-01	7.188921839585327156e-02	2.902246460905493278e-02	7.370719455935759168e-02
1.078338980623762609e+03	2.717667074943181382e-01	1.631027957146875818e-01	2.425288115736512484e-01	1.478565824509522342e-01	7.193080304710175454e-02	2.904474003091094339e-02	7.376955968833392996e-02
1.079790311687859230e+03	2.715275324743264829e-01	1.629564385521848624e-01	2.426884959741414105e-01	1.479564164516057601e-01	7.197231532785787478e-02	2.906698181463025429e-02	7.383181940520924802e-02
1.081241642751955851e+03	2.712887708259461017e-01	1.628103343504569700e-01	2.428478994231620114e-01	1.480560761430546879e-01	7.201375536771732755e-02	2.908919001561331361e-02	7.389397387400552242e-02
1.082692973816052472e+03	2.710504218342197902e-01	1.626644826719378378e-01	2.430070224081574415e-01	1.481555618418447795e-01	7.205512329601632127e-02	2.911136468916421596e-02	7.395602325861561077e-02
1.084144304880149093e+03	2.708124847854299078e-01	1.625188830798204864e-01	2.431658654157283772e-01	1.482548738638519159e-01	7.209641924183231299e-02	2.913350589049089681e-02	7.401796772280208603e-02
1.085595635944245487e+03	2.705749589670962130e-01	1.623735351380556913e-01	2.433244289316333631e-01	1.483540125242843177e-01	7.213764333398475781e-02	2.915561367470531282e-02	7.407980743019626502e-02
1.087046967008342108e+03	2.703378436679737540e-01	1.622284384113505673e-01	2.434827134407902827e-01	1.484529781376846824e-01	7.217879570103588605e-02	2.917768809682362921e-02	7.414154254429713986e-02
1.088498298072438729e+03	2.701011381780505927e-01	1.620835924651673199e-01	2.436407194272776910e-01	1.485517710179323769e-01	7.221987647129134158e-02	2.919972921176640715e-02	7.420317322847026775e-02
1.089949629136535123e+03	2.698648417885456952e-01	1.619389968657219125e-01	2.437984473743363134e-01	1.486503914782454638e-01	7.226088577280100067e-02	2.922173707435879106e-02	7.426469964594684114e-02
1.091400960200631971e+03	2.696289537919068224e-01	1.617946511799826792e-01	2.439558977643705995e-01	1.487488398311830051e-01	7.230182373335965196e-02	2.924371173933068210e-02	7.432612195982264691e-02
1.092852291264728365e+03	2.693934734818082544e-01	1.616505549756690752e-01	2.441130710789500002e-01	1.488471163886470605e-01	7.234269048050773199e-02	2.926565326131692554e-02	7.438744033305705328e-02
1.094303622328825213e+03	2.691584001531487913e-01	1.615067078212503171e-01	2.442699677988105500e-01	1.489452214618848525e-01	7.238348614153201910e-02	2.928756169485750849e-02	7.444865492847202448e-02
1.095754953392921607e+03	2.689237331020495336e-01	1.613631092859441063e-01	2.444265884038562542e-01	1.490431553614908755e-01	7.242421084346642446e-02	2.930943709439771949e-02	7.450976590875116323e-02
1.097206284457018228e+03	2.686894716258517168e-01	1.612197589397152686e-01	2.445829333731605881e-01	1.491409183974088948e-01	7.246486471309256105e-02	2.933127951428834285e-02	7.457077343643875311e-02
1.098657615521114849e+03	2.684556150231146021e-01	1.610766563532743945e-01	2.447390031849678294e-01	1.492385108789341108e-01	7.250544787694060411e-02	2.935308900878583899e-02	7.463167767393873164e-02
1.100108946585211470e+03	2.682221625936132559e-01	1.609338010980767009e-01	2.448947983166946119e-01	1.493359331147152136e-01	7.254596046128988784e-02	2.937486563205252144e-02	7.469247878351387149e-02
1.101560277649308091e+03	2.679891136383367178e-01	1.607911927463205604e-01	2.450503192449312584e-01	1.494331854127563530e-01	7.258640259216964097e-02	2.939660943815674762e-02	7.475317692728478125e-02
1.103011608713404712e+03	2.677564674594855032e-01	1.606488308709463075e-01	2.452055664454433070e-01	1.495302680804192208e-01	7.262677439535970836e-02	2.941832048107308542e-02	7.481377226722900342e-02
1.104462939777501106e+03	2.675242233604696040e-01	1.605067150456347680e-01	2.453605403931728435e-01	1.496271814244251597e-01	7.266707599639123105e-02	2.943999881468250049e-02	7.487426496518007069e-02
1.105914270841597499e+03	2.672923806459064910e-01	1.603648448448061203e-01	2.455152415622399997e-01	1.497239257508570509e-01	7.270730752054729851e-02	2.946164449277254016e-02	7.493465518282668714e-02
1.107365601905694348e+03	2.670609386216188930e-01	1.602232198436186472e-01	2.456696704259443698e-01	1.498205013651613682e-01	7.274746909286367025e-02	2.948325756903749997e-02	7.499494308171178458e-02
1.108816932969790741e+03	2.668298965946326318e-01	1.600818396179672087e-01	2.458238274567663695e-01	1.499169085721502592e-01	7.278756083812944200e-02	2.950483809707861102e-02	7.505512882323167601e-02
1.110268264033887590e+03	2.665992538731747352e-01	1.599407037444821600e-01	2.459777131263687633e-01	1.500131476760033777e-01	7.282758288088776732e-02	2.952638613040421689e-02	7.511521256863519513e-02
1.111719595097984211e+03	2.663690097666710499e-01	1.597998118005279633e-01	2.461313279055980241e-01	1.501092189802699373e-01	7.286753534543648214e-02	2.954790172242994714e-02	7.517519447902283602e-02
1.113170926162080832e+03	2.661391635857443538e-01	1.596591633642019115e-01	2.462846722644856656e-01	1.502051227878707096e-01	7.290741835582878472e-02	2.956938492647889424e-02	7.523507471534590652e-02
1.114622257226177226e+03	2.659097146422121916e-01	1.595187580143328787e-01	2.464377466722498244e-01	1.503008594010998844e-01	7.294723203587394345e-02	2.959083579578179399e-02	7.529485343840572331e-02
1.116073588290273847e+03	2.656806622490847647e-01	1.593785953304799885e-01	2.465905515972965367e-01	1.503964291216270399e-01	7.298697650913792134e-02	2.961225438347719896e-02	7.535453080885280708e-02
1.117524919354370468e+03	2.654520057205628780e-01	1.592386748929313089e-01	2.467430875072212093e-01	1.504918322504991413e-01	7.302665189894406994e-02	2.963364074261165548e-02	7.541410698718602201e-02
1.118976250418467089e+03	2.652237443720358301e-01	1.590989962827027426e-01	2.468953548688098965e-01	1.505870690881423724e-01	7.306625832837378154e-02	2.965499492613987709e-02	7.547358213375181257e-02
1.120427581482563710e+03	2.649958775200793593e-01	1.589595590815365278e-01	2.470473541480409374e-01	1.506821399343641343e-01	7.310579592026711371e-02	2.967631698692492145e-02	7.553295640874341244e-02
1.121878912546660331e+03	2.647684044824534233e-01	1.588203628719000726e-01	2.471990858100861499e-01	1.507770450883548219e-01	7.314526479722351093e-02	2.969760697773836736e-02	7.559222997220006734e-02
1.123330243610756725e+03	2.645413245781003675e-01	1.586814072369847339e-01	2.473505503193124400e-01	1.508717848486898216e-01	7.318466508160237360e-02	2.971886495126047079e-02	7.565140298400625796e-02
1.124781574674853118e+03	2.643146371271428152e-01	1.585426917607043740e-01	2.475017481392828567e-01	1.509663595133313718e-01	7.322399689552377966e-02	2.974009096008036271e-02	7.571047560389095044e-02
1.126232905738949967e+03	2.640883414508813920e-01	1.584042160276943056e-01	2.476526797327583129e-01	1.510607693796303108e-01	7.326326036086909521e-02	2.976128505669620519e-02	7.576944799142687481e-02
1.127684236803046360e+03	2.638624368717928936e-01	1.582659796233099325e-01	2.478033455616988068e-01	1.511550147443281589e-01	7.330245559928162680e-02	2.978244729351536835e-02	7.582832030602973394e-02
1.129135567867143209e+03	2.636369227135280657e-01	1.581279821336254721e-01	2.479537460872648647e-01	1.512490959035587557e-01	7.334158273216720425e-02	2.980357772285461421e-02	7.588709270695750964e-02
1.130586898931239830e+03	2.634117983009097164e-01	1.579902231454327066e-01	2.481038817698189014e-01	1.513430131528501754e-01	7.338064188069493010e-02	2.982467639694024591e-02	7.594576535330975486e-02
1.132038229995336451e+03	2.631870629599305511e-01	1.578527022462396789e-01	2.482537530689266636e-01	1.514367667871266421e-01	7.341963316579770693e-02	2.984574336790829160e-02	7.600433840402688601e-02
1.133489561059432845e+03	2.629627160177511191e-01	1.577154190242695542e-01	2.484033604433585340e-01	1.515303571007101946e-01	7.345855670817291738e-02	2.986677868780468134e-02	7.606281201788946122e-02
1.134940892123529466e+03	2.627387568026978704e-01	1.575783730684592598e-01	2.485527043510908918e-01	1.516237843873226021e-01	7.349741262828304866e-02	2.988778240858539631e-02	7.612118635351744489e-02
1.136392223187626087e+03	2.625151846442608794e-01	1.574415639684582924e-01	2.487017852493075831e-01	1.517170489400871403e-01	7.353620104635630317e-02	2.990875458211667004e-02	7.617946156936966640e-02
1.137843554251722708e+03	2.622919988730921248e-01	1.573049913146274403e-01	2.488506035944012262e-01	1.518101510515303398e-01	7.357492208238720910e-02	2.992969526017512025e-02	7.623763782374300135e-02
1.139294885315819101e+03	2.620691988210033241e-01	1.571686546980375632e-01	2.489991598419745988e-01	1.519030910135838464e-01	7.361357585613727272e-02	2.995060449444795353e-02	7.629571527477181647e-02
1.140746216379915950e+03	2.618467838209638798e-01	1.570325537104683422e-01	2.491474544468420260e-01	1.519958691175861409e-01	7.365216248713557512e-02	2.997148233653311802e-02	7.635369408042726180e-02
1.142197547444012343e+03	2.616247532070989368e-01	1.568966879444070039e-01	2.492954878630307125e-01	1.520884856542842611e-01	7.369068209467939667e-02	2.999232883793945953e-02	7.641157439851664623e-02
1.143648878508108737e+03	2.614031063146871059e-01	1.567610569930471265e-01	2.494432605437820749e-01	1.521809409138356328e-01	7.372913479783477220e-02	3.001314405008690886e-02	7.646935638668275748e-02
1.145100209572205586e+03	2.611818424801587990e-01	1.566256604502873906e-01	2.495907729415532128e-01	1.522732351858098188e-01	7.376752071543717093e-02	3.003392802430663797e-02	7.652704020240332083e-02
1.146551540636302207e+03	2.609609610410940084e-01	1.564904979107303029e-01	2.497380255080181854e-01	1.523653687591902117e-01	7.380583996609209330e-02	3.005468081184123341e-02	7.658462600299031919e-02
1.148002871700398828e+03	2.607404613362204193e-01	1.563555689696810580e-01	2.498850186940693718e-01	1.524573419223756721e-01	7.384409266817559825e-02	3.007540246384485944e-02	7.664211394558938240e-02
1.149454202764495449e+03	2.605203427054112453e-01	1.562208732231461783e-01	2.500317529498188862e-01	1.525491549631824428e-01	7.388227893983498329e-02	3.009609303138342795e-02	7.669950418717923213e-02
1.150905533828591842e+03	2.603006044896833404e-01	1.560864102678323762e-01	2.501782287245997716e-01	1.526408081688457041e-01	7.392039889898932570e-02	3.011675256543475468e-02	7.675679688457105743e-02
1.152356864892688463e+03	2.600812460311952568e-01	1.559521797011453603e-01	2.503244464669675540e-01	1.527323018260213772e-01	7.395845266333013479e-02	3.013738111688873608e-02	7.681399219440791792e-02
1.153808195956785084e+03	2.598622666732450792e-01	1.558181811211885315e-01	2.504704066247014915e-01	1.528236362207876786e-01	7.399644035032187928e-02	3.015797873654750202e-02	7.687109027316420262e-02
1.155259527020881706e+03	2.596436657602684828e-01	1.556844141267617887e-01	2.506161096448059067e-01	1.529148116386469525e-01	7.403436207720259787e-02	3.017854547512558924e-02	7.692809127714506090e-02
1.156710858084978327e+03	2.594254426378369005e-01	1.555508783173603082e-01	2.507615559735114630e-01	1.530058283645272244e-01	7.407221796098450994e-02	3.019908138325011135e-02	7.698499536248580577e-02
1.158162189149074720e+03	2.592075966526554698e-01	1.554175732931733500e-01	2.509067460562766638e-01	1.530966866827839223e-01	7.411000811845458447e-02	3.021958651146090108e-02	7.704180268515140040e-02
1.159613520213171569e+03	2.589901271525608117e-01	1.552844986550830364e-01	2.510516803377891848e-01	1.531873868772015979e-01	7.414773266617508130e-02	3.024006091021069417e-02	7.709851340093593075e-02
1.161064851277267962e+03	2.587730334865194215e-01	1.551516540046630754e-01	2.511963592619669838e-01	1.532779292309953689e-01	7.418539172048414787e-02	3.026050462986528550e-02	7.715512766546200885e-02
1.162516182341364356e+03	2.585563150046255032e-01	1.550190389441776506e-01	2.513407832719598001e-01	1.533683140268128353e-01	7.422298539749647150e-02	3.028091772070368864e-02	7.721164563418028703e-02
1.163967513405461204e+03	2.583399710580990272e-01	1.548866530765801719e-01	2.514849528101506526e-01	1.534585415467354108e-01	7.426051381310372346e-02	3.030130023291830593e-02	7.726806746236894452e-02
1.165418844469557826e+03	2.581240009992837314e-01	1.547544960055120267e-01	2.516288683181567842e-01	1.535486120722802383e-01	7.429797708297519732e-02	3.032165221661507412e-02	7.732439330513317388e-02
1.166870175533654447e+03	2.579084041816452344e-01	1.546225673353014696e-01	2.517725302368312157e-01	1.536385258844015778e-01	7.433537532255839186e-02	3.034197372181364483e-02	7.738062331740466759e-02
1.168321506597751068e+03	2.576931799597689254e-01	1.544908666709623180e-01	2.519159390062641890e-01	1.537282832634925545e-01	7.437270864707956619e-02	3.036226479844753370e-02	7.743675765394110455e-02
1.169772837661847461e+03	2.574783276893582995e-01	1.543593936181928139e-01	2.520590950657841667e-01	1.538178844893866859e-01	7.440997717154422542e-02	3.038252549636427657e-02	7.749279646932569210e-02
1.171224168725944082e+03	2.572638467272327367e-01	1.542281477833744585e-01	2.522019988539593860e-01	1.539073298413594915e-01	7.444718101073780070e-02	3.040275586532561330e-02	7.754873991796670807e-02
1.172675499790040703e+03	2.570497364313255595e-01	1.540971287735707074e-01	2.523446508085991913e-01	1.539966195981300467e-01	7.448432027922610721e-02	3.042295595500761618e-02	7.760458815409697342e-02
1.174126830854137097e+03	2.568359961606823116e-01	1.539663361965258881e-01	2.524870513667551997e-01	1.540857540378626211e-01	7.452139509135598250e-02	3.044312581500087378e-02	7.766034133177336651e-02
1.175578161918233945e+03	2.566226252754586490e-01	1.538357696606640068e-01	2.526292009647225778e-01	1.541747334381681767e-01	7.455840556125575835e-02	3.046326549481063323e-02	7.771599960487646230e-02
1.177029492982330339e+03	2.564096231369182854e-01	1.537054287750874160e-01	2.527711000380416517e-01	1.542635580761060055e-01	7.459535180283588529e-02	3.048337504385697366e-02	7.777156312711001884e-02
1.178480824046426733e+03	2.561969891074314942e-01	1.535753131495758705e-01	2.529127490214989615e-01	1.543522282281851177e-01	7.463223392978940440e-02	3.050345451147495196e-02	7.782703205200050545e-02
1.179932155110523581e+03	2.559847225504725543e-01	1.534454223945850848e-01	2.530541483491284827e-01	1.544407441703660455e-01	7.466905205559255798e-02	3.052350394691476926e-02	7.788240653289671411e-02
1.181383486174620202e+03	2.557728228306184737e-01	1.533157561212457054e-01	2.531952984542134022e-01	1.545291061780621200e-01	7.470580629350528912e-02	3.054352339934192015e-02	7.793768672296935707e-02
1.182834817238716823e+03	2.555612893135464914e-01	1.531863139413621455e-01	2.533361997692867296e-01	1.546173145261411919e-01	7.474249675657179681e-02	3.056351291783735574e-02	7.799287277521051165e-02
1.184286148302813444e+03	2.553501213660326341e-01	1.530570954674113360e-01	2.534768527261331839e-01	1.547053694889270192e-01	7.477912355762109109e-02	3.058347255139764326e-02	7.804796484243334276e-02
1.185737479366910065e+03	2.551393183559494404e-01	1.529281003125415317e-01	2.536172577557901930e-01	1.547932713402008498e-01	7.481568680926749260e-02	3.060340234893511868e-02	7.810296307727165876e-02
1.187188810431006686e+03	2.549288796522642397e-01	1.527993280905712570e-01	2.537574152885492818e-01	1.548810203532028917e-01	7.485218662391121547e-02	3.062330235927803596e-02	7.815786763217945354e-02
1.188640141495103080e+03	2.547188046250372095e-01	1.526707784159880288e-01	2.538973257539571815e-01	1.549686168006338405e-01	7.488862311373883918e-02	3.064317263117073351e-02	7.821267865943058728e-02
1.190091472559199701e+03	2.545090926454193769e-01	1.525424509039472187e-01	2.540369895808174960e-01	1.550560609546563773e-01	7.492499639072387752e-02	3.066301321327378343e-02	7.826739631111831463e-02
1.191542803623296322e+03	2.542997430856508978e-01	1.524143451702709151e-01	2.541764071971917005e-01	1.551433530868966126e-01	7.496130656662730596e-02	3.068282415416415110e-02	7.832202073915497942e-02
1.192994134687392716e+03	2.540907553190590029e-01	1.522864608314466739e-01	2.543155790304003072e-01	1.552304934684455573e-01	7.499755375299804738e-02	3.070260550233534433e-02	7.837655209527157052e-02
1.194445465751489564e+03	2.538821287200561105e-01	1.521587975046264085e-01	2.544545055070246975e-01	1.553174823698606488e-01	7.503373806117354106e-02	3.072235730619757299e-02	7.843099053101741658e-02
1.195896796815585958e+03	2.536738626641381056e-01	1.520313548076253629e-01	2.545931870529077878e-01	1.554043200611672504e-01	7.506985960228024224e-02	3.074207961407789819e-02	7.848533619775976966e-02
1.197348127879682352e+03	2.534659565278822302e-01	1.519041323589207237e-01	2.547316240931555842e-01	1.554910068118598720e-01	7.510591848723414954e-02	3.076177247422038838e-02	7.853958924668348607e-02
1.198799458943779200e+03	2.532584096889453074e-01	1.517771297776505379e-01	2.548698170521385142e-01	1.555775428909039471e-01	7.514191482674130451e-02	3.078143593478626858e-02	7.859374982879062388e-02
1.200250790007875821e+03	2.530512215260618536e-01	1.516503466836126579e-01	2.550077663534925376e-01	1.556639285667370254e-01	7.517784873129827738e-02	3.080107004385407993e-02	7.864781809490013764e-02
1.201702121071972442e+03	2.528443914190420805e-01	1.515237826972634649e-01	2.551454724201205893e-01	1.557501641072703280e-01	7.521372031119276380e-02	3.082067484941982891e-02	7.870179419564757306e-02
1.203153452136069063e+03	2.526379187487702849e-01	1.513974374397167866e-01	2.552829356741936340e-01	1.558362497798901347e-01	7.524952967650402891e-02	3.084025039939713303e-02	7.875567828148465066e-02
1.204604783200165684e+03	2.524318028972027395e-01	1.512713105327427865e-01	2.554201565371521099e-01	1.559221858514591996e-01	7.528527693710343471e-02	3.085979674161738393e-02	7.880947050267898824e-02
1.206056114264262078e+03	2.522260432473659719e-01	1.511454015987667709e-01	2.555571354297072051e-01	1.560079725883181390e-01	7.532096220265489805e-02	3.087931392382989651e-02	7.886317100931379553e-02
1.207507445328358699e+03	2.520206391833547110e-01	1.510197102608679121e-01	2.556938727718420790e-01	1.560936102562869576e-01	7.535658558261548734e-02	3.089880199370204777e-02	7.891677995128751344e-02
1.208958776392455093e+03	2.518155900903302769e-01	1.508942361427783874e-01	2.558303689828129168e-01	1.561790991206662704e-01	7.539214718623585276e-02	3.091826099881944331e-02	7.897029747831353641e-02
1.210410107456551941e+03	2.516108953545184712e-01	1.507689788688819921e-01	2.559666244811505398e-01	1.562644394462388842e-01	7.542764712256072590e-02	3.093769098668605610e-02	7.902372373991990717e-02
1.211861438520648335e+03	2.514065543632079680e-01	1.506439380642131676e-01	2.561026396846615150e-01	1.563496314972710743e-01	7.546308550042943319e-02	3.095709200472438957e-02	7.907705888544899753e-02
1.213312769584745183e+03	2.512025665047482592e-01	1.505191133544557525e-01	2.562384150104293212e-01	1.564346755375139730e-01	7.549846242847642330e-02	3.097646410027560943e-02	7.913030306405724468e-02
1.214764100648841804e+03	2.509989311685479341e-01	1.503945043659419001e-01	2.563739508748156259e-01	1.565195718302049011e-01	7.553377801513169731e-02	3.099580732059970672e-02	7.918345642471484591e-02
1.216215431712937971e+03	2.507956477450726251e-01	1.502701107256509960e-01	2.565092476934616172e-01	1.566043206380688668e-01	7.556903236862133610e-02	3.101512171287564359e-02	7.923651911620549493e-02
1.217666762777034819e+03	2.505927156258435096e-01	1.501459320612083814e-01	2.566443058812893363e-01	1.566889222233198153e-01	7.560422559696799993e-02	3.103440732420149895e-02	7.928949128712607652e-02
1.219118093841131440e+03	2.503901342034351996e-01	1.500219680008844092e-01	2.567791258525025655e-01	1.567733768476620160e-01	7.563935780799135866e-02	3.105366420159462112e-02	7.934237308588643067e-02
1.220569424905228061e+03	2.501879028714740771e-01	1.498982181735931674e-01	2.569137080205884383e-01	1.568576847722914225e-01	7.567442910930861910e-02	3.107289239199177017e-02	7.939516466070910272e-02
1.222020755969324682e+03	2.499860210246362957e-01	1.497746822088914243e-01	2.570480527983186048e-01	1.569418462578970330e-01	7.570943960833503850e-02	3.109209194224927045e-02	7.944786615962899645e-02
1.223472087033421303e+03	2.497844880586460037e-01	1.496513597369775184e-01	2.571821605977501757e-01	1.570258615646621669e-01	7.574438941228432698e-02	3.111126289914315640e-02	7.950047773049320754e-02
1.224923418097517697e+03	2.495833033702736792e-01	1.495282503886902481e-01	2.573160318302275540e-01	1.571097309522658525e-01	7.577927862816921656e-02	3.113040530936931477e-02	7.955299952096075988e-02
1.226374749161614318e+03	2.493824663573340206e-01	1.494053537955077060e-01	2.574496669063829346e-01	1.571934546798841037e-01	7.581410736280184970e-02	3.114951921954364419e-02	7.960543167850234192e-02
1.227826080225710712e+03	2.491819764186843922e-01	1.492826695895461686e-01	2.575830662361382473e-01	1.572770330061912525e-01	7.584887572279430668e-02	3.116860467620218358e-02	7.965777435040007071e-02
1.229277411289807560e+03	2.489818329542229092e-01	1.491601974035589862e-01	2.577162302287057671e-01	1.573604661893613088e-01	7.588358381455907742e-02	3.118766172580127866e-02	7.971002768374728376e-02
1.230728742353903954e+03	2.487820353648865224e-01	1.490379368709355556e-01	2.578491592925898357e-01	1.574437544870692096e-01	7.591823174430950560e-02	3.120669041471770683e-02	7.976219182544827535e-02
1.232180073418000802e+03	2.485825830526494085e-01	1.489158876257000996e-01	2.579818538355876933e-01	1.575268981564921511e-01	7.595281961806027438e-02	3.122569078924883682e-02	7.981426692221811614e-02
1.233631404482097196e+03	2.483834754205209716e-01	1.487940493025106115e-01	2.581143142647910893e-01	1.576098974543108655e-01	7.598734754162787819e-02	3.124466289561277088e-02	7.986625312058238946e-02
1.235082735546193817e+03	2.481847118725442614e-01	1.486724215366577173e-01	2.582465409865871142e-01	1.576927526367108978e-01	7.602181562063110853e-02	3.126360677994848014e-02	7.991815056687699703e-02
1.236534066610290438e+03	2.479862918137938355e-01	1.485510039640636493e-01	2.583785344066597545e-01	1.577754639593839103e-01	7.605622396049144252e-02	3.128252248831595722e-02	7.996995940724800633e-02
1.237985397674387059e+03	2.477882146503743443e-01	1.484297962212810518e-01	2.585102949299908914e-01	1.578580316775289594e-01	7.609057266643359796e-02	3.130141006669636544e-02	8.002167978765131751e-02
1.239436728738483680e+03	2.475904797894185050e-01	1.483087979454919270e-01	2.586418229608616337e-01	1.579404560458537721e-01	7.612486184348592200e-02	3.132026956099217413e-02	8.007331185385260786e-02
1.240888059802580301e+03	2.473930866390854078e-01	1.481880087745065244e-01	2.587731189028533718e-01	1.580227373185759676e-01	7.615909159648091842e-02	3.133910101702730433e-02	8.012485575142708205e-02
1.242339390866676695e+03	2.471960346085586013e-01	1.480674283467622865e-01	2.589041831588491660e-01	1.581048757494243895e-01	7.619326203005560849e-02	3.135790448054727453e-02	8.017631162575922232e-02
1.243790721930773088e+03	2.469993231080444551e-01	1.479470563013227380e-01	2.590350161310349120e-01	1.581868715916402435e-01	7.622737324865209996e-02	3.137667999721933249e-02	8.022767962204270520e-02
1.245242052994869937e+03	2.468029515487703274e-01	1.478268922778763483e-01	2.591656182209005621e-01	1.582687250979785409e-01	7.626142535651792009e-02	3.139542761263261483e-02	8.027895988528017945e-02
1.246693384058966330e+03	2.466069193429827888e-01	1.477069359167354490e-01	2.592959898292412912e-01	1.583504365207090980e-01	7.629541845770657083e-02	3.141414737229827198e-02	8.033015256028304407e-02
1.248144715123063179e+03	2.464112259039458186e-01	1.475871868588352620e-01	2.594261313561585514e-01	1.584320061116179790e-01	7.632935265607790343e-02	3.143283932164962075e-02	8.038125779167136498e-02
1.249596046187159800e+03	2.462158706459390833e-01	1.474676447457326234e-01	2.595560432010616259e-01	1.585134341220086063e-01	7.636322805529864588e-02	3.145150350604229011e-02	8.043227572387365298e-02
1.251047377251256421e+03	2.460208529842561054e-01	1.473483092196050948e-01	2.596857257626684623e-01	1.585947208027030375e-01	7.639704475884276369e-02	3.147013997075435304e-02	8.048320650112672503e-02
1.252498708315352815e+03	2.458261723352025974e-01	1.472291799232497422e-01	2.598151794390070601e-01	1.586758664040432143e-01	7.643080286999197337e-02	3.148874876098646525e-02	8.053405026747553763e-02
1.253950039379449436e+03	2.456318281160946027e-01	1.471102565000820817e-01	2.599444046274167475e-01	1.587568711758920725e-01	7.646450249183610326e-02	3.150732992186200399e-02	8.058480716677302036e-02
1.255401370443546057e+03	2.454378197452568022e-01	1.469915385941350516e-01	2.600734017245490692e-01	1.588377353676348747e-01	7.649814372727362088e-02	3.152588349842722765e-02	8.063547734267996481e-02
1.256852701507642678e+03	2.452441466420206828e-01	1.468730258500579033e-01	2.602021711263694526e-01	1.589184592281802921e-01	7.653172667901202153e-02	3.154440953565139372e-02	8.068606093866484419e-02
1.258304032571739299e+03	2.450508082267228716e-01	1.467547179131151736e-01	2.603307132281578173e-01	1.589990430059617377e-01	7.656525144956828621e-02	3.156290807842691837e-02	8.073655809800371619e-02
1.259755363635835920e+03	2.448578039207034152e-01	1.466366144291855189e-01	2.604590284245102971e-01	1.590794869489384755e-01	7.659871814126931189e-02	3.158137917156949442e-02	8.078696896378002867e-02
1.261206694699932314e+03	2.446651331463038093e-01	1.465187150447607445e-01	2.605871171093400163e-01	1.591597913045968149e-01	7.663212685625236942e-02	3.159982285981824401e-02	8.083729367888453643e-02
1.262658025764028707e+03	2.444727953268655829e-01	1.464010194069446380e-01	2.607149796758785332e-01	1.592399563199513313e-01	7.666547769646547827e-02	3.161823918783585735e-02	8.088753238601514850e-02
1.264109356828125556e+03	2.442807898867283278e-01	1.462835271634519985e-01	2.608426165166768396e-01	1.593199822415460043e-01	7.669877076366786450e-02	3.163662820020871763e-02	8.093768522767683105e-02
1.265560687892221949e+03	2.440891162512279777e-01	1.461662379626075259e-01	2.609700280236067482e-01	1.593998693154553836e-01	7.673200615943043257e-02	3.165498994144706063e-02	8.098775234618148244e-02
1.267012018956318798e+03	2.438977738466952538e-01	1.460491514533447388e-01	2.610972145878617812e-01	1.594796177872858378e-01	7.676518398513614005e-02	3.167332445598509266e-02	8.103773388364776675e-02
1.268463350020415419e+03	2.437067621004536666e-01	1.459322672852050029e-01	2.612241765999586685e-01	1.595592279021766369e-01	7.679830434198044176e-02	3.169163178818113630e-02	8.108762998200107208e-02
1.269914681084511813e+03	2.435160804408180169e-01	1.458155851083363375e-01	2.613509144497382364e-01	1.596386999048011179e-01	7.683136733097171989e-02	3.170991198231778302e-02	8.113744078297337181e-02
1.271366012148608434e+03	2.433257282970925361e-01	1.456991045734924717e-01	2.614774285263667952e-01	1.597180340393679343e-01	7.686437305293168654e-02	3.172816508260199730e-02	8.118716642810314132e-02
1.272817343212705055e+03	2.431357050995692493e-01	1.455828253320317345e-01	2.616037192183371385e-01	1.597972305496220824e-01	7.689732160849585552e-02	3.174639113316527622e-02	8.123680705873521923e-02
1.274268674276801676e+03	2.429460102795262255e-01	1.454667470359160275e-01	2.617297869134698751e-01	1.598762896788460397e-01	7.693021309811388930e-02	3.176459017806378821e-02	8.128636281602075186e-02
1.275720005340898297e+03	2.427566432692258303e-01	1.453508693377097705e-01	2.618556319989143732e-01	1.599552116698610416e-01	7.696304762205005701e-02	3.178276226127848408e-02	8.133583384091706836e-02
1.277171336404994690e+03	2.425676035019130317e-01	1.452351918905788741e-01	2.619812548611501479e-01	1.600339967650281081e-01	7.699582528038366458e-02	3.180090742671527054e-02	8.138522027418761129e-02
1.278622667469091539e+03	2.423788904118137355e-01	1.451197143482895191e-01	2.621066558859878604e-01	1.601126452062492100e-01	7.702854617300944340e-02	3.181902571820510034e-02	8.143452225640186726e-02
1.280073998533187932e+03	2.421905034341330087e-01	1.450044363652074342e-01	2.622318354585704836e-01	1.601911572349683510e-01	7.706121039963800823e-02	3.183711717950415965e-02	8.148373992793528364e-02
1.281525329597284326e+03	2.420024420050534975e-01	1.448893575962965918e-01	2.623567939633746349e-01	1.602695330921727057e-01	7.709381805979620417e-02	3.185518185429396520e-02	8.153287342896912981e-02
1.282976660661381175e+03	2.418147055617335672e-01	1.447744776971182645e-01	2.624815317842115747e-01	1.603477730183938132e-01	7.712636925282755074e-02	3.187321978618150309e-02	8.158192289949048326e-02
1.284427991725477568e+03	2.416272935423057211e-01	1.446597963238299700e-01	2.626060493042282618e-01	1.604258772537086042e-01	7.715886407789265822e-02	3.189123101869936749e-02	8.163088847929218794e-02
1.285879322789574417e+03	2.414402053858747954e-01	1.445453131331844165e-01	2.627303469059088514e-01	1.605038460377404552e-01	7.719130263396964398e-02	3.190921559530591339e-02	8.167977030797271554e-02
1.287330653853671038e+03	2.412534405325164333e-01	1.444310277825285316e-01	2.628544249710754177e-01	1.605816796096604382e-01	7.722368501985449329e-02	3.192717355938535367e-02	8.172856852493613766e-02
1.288781984917767431e+03	2.410669984232752805e-01	1.443169399298022959e-01	2.629782838808893963e-01	1.606593782081883193e-01	7.725601133416150346e-02	3.194510495424792568e-02	8.177728326939204262e-02
1.290233315981864052e+03	2.408808785001633479e-01	1.442030492335379110e-01	2.631019240158526395e-01	1.607369420715936692e-01	7.728828167532368620e-02	3.196300982313000222e-02	8.182591468035556315e-02
